Data/DataNotYetUploadedToEDI/Raw_CTD/RawDownloads/081924_bvr50_S7809001.cnv
* Sea-Bird SBE19plus  Data File:
* FileName = C:\R\Reservoirs\Data\DataNotYetUploadedToEDI\Raw_CTD\RawDownloads\081924_fcr50_S7809_0001.hex
* Software version 2.8.0.119
* Temperature SN = 7809
* Conductivity SN = 7809
* System UpLoad Time = Aug 20 2024 14:04:13
* <ApplicationData>
* <Seaterm232>
# nquan = 15
# nvalues = 738                         
# units = specified
# name 0 = depFM: Depth [fresh water, m]
# name 1 = dz/dtM: Descent Rate [m/s]
# name 2 = sbeox0Mg/L: Oxygen, SBE 43 [mg/l]
# name 3 = sbeox0PS: Oxygen, SBE 43 [% saturation]
# name 4 = specc: Specific Conductance [uS/cm]
# name 5 = c0uS/cm: Conductivity [uS/cm]
# name 6 = flECO-AFL: Fluorescence, WET Labs ECO-AFL/FL [mg/m^3]
# name 7 = ph: pH
# name 8 = orp: Oxidation Reduction Potential [mV]
# name 9 = par/sat/log: PAR/Logarithmic, Satlantic
# name 10 = turbWETntu0: Turbidity, WET Labs ECO [NTU]
# name 11 = prdM: Pressure, Strain Gauge [db]
# name 12 = prdE: Pressure, Strain Gauge [psi]
# name 13 = tv290C: Temperature [ITS-90, deg C]
# name 14 = flag:  0.000e+00
# span 0 =     -0.568,      8.595       
# span 1 =     -0.069,      0.220       
# span 2 =    -0.1720,     9.3732       
# span 3 =     -1.700,    113.779       
# span 4 =     26.604,    164.164       
# span 5 =  24.704344, 115.969153       
# span 6 =     2.0811,    55.8840       
# span 7 =      5.947,      7.473       
# span 8 =  -117.1506,   207.4417       
# span 9 = 1.2361e-01, 2.2336e+03       
# span 10 =     3.9244,     7.6605      
# span 11 =     -0.578,      8.435      
# span 12 =     -0.838,     12.235      
# span 13 =    10.3041,    25.4645      
# span 14 = 0.0000e+00, 0.0000e+00      
# interval = seconds: 0.25
# start_time = Aug 19 2024 09:43:36 [Instrument's time stamp, header]
# bad_flag = -9.990e-29
*END*
[from data line 97]
     -0.061      0.099     5.6944     70.000     28.597  28.775177     7.6581      6.762   148.9976 1.0782e+02     6.1216     -0.059     -0.085    25.3359 0.0000e+00
     -0.026      0.098     5.6886     70.540     28.612  28.782485     7.6784      6.771   148.7687 1.0010e+02     6.2389     -0.020     -0.029    25.3269 0.0000e+00
     -0.003      0.096     5.7058     71.428     28.643  28.811331     7.7007      6.778   149.0710 1.0350e+02     6.2991      0.001      0.002    25.3265 0.0000e+00
      0.010      0.096     5.7220     72.588     28.635  28.806811     7.7202      6.781   149.6413 1.1120e+02     6.2681      0.009      0.013    25.3246 0.0000e+00
      0.023      0.096     5.7446     73.770     28.614  28.791266     7.7140      6.783   149.4696 1.1068e+02     6.2407      0.019      0.027    25.3055 0.0000e+00
      0.045      0.096     5.7861     74.831     28.636  28.813666     7.7169      6.788   148.6289 1.0647e+02     6.2411      0.040      0.059    25.2864 0.0000e+00
      0.078      0.094     5.8611     75.854     28.656  28.823943     7.7476      6.798   147.3064 1.1088e+02     6.2046      0.075      0.108    25.2849 0.0000e+00
      0.117      0.089     5.9655     76.977     28.638  28.788650     7.7692      6.808   146.2993 1.1124e+02     6.1409      0.118      0.171    25.2924 0.0000e+00
      0.147      0.081     6.0670     78.253     28.628  28.767483     7.7694      6.816   146.6909 1.0422e+02     6.1197      0.151      0.219    25.3043 0.0000e+00
      0.161      0.072     6.1480     79.567     28.620  28.758275     7.7674      6.820   147.9109 1.0103e+02     6.1192      0.162      0.235    25.3132 0.0000e+00
      0.165      0.065     6.2307     80.723     28.596  28.740738     7.7774      6.824   148.5755 9.8099e+01     6.1008      0.161      0.232    25.2914 0.0000e+00
      0.170      0.063     6.3246     81.578     28.594  28.745735     7.7749      6.828   148.5314 9.5132e+01     6.0688      0.162      0.234    25.2531 0.0000e+00
      0.185      0.066     6.4358     82.047     28.599  28.755287     7.7444      6.833   147.8937 9.3352e+01     6.0733      0.177      0.257    25.2319 0.0000e+00
      0.210      0.073     6.5521     82.208     28.577  28.729377     7.7338      6.838   147.2319 9.0187e+01     6.1544      0.204      0.297    25.2323 0.0000e+00
      0.238      0.079     6.6468     82.117     28.540  28.686160     7.7545      6.843   147.5859 8.6272e+01     6.2302      0.235      0.341    25.2450 0.0000e+00
      0.260      0.082     6.7217     81.726     28.535  28.676725     7.8371      6.846   148.0430 8.1369e+01     6.2384      0.258      0.375    25.2620 0.0000e+00
      0.277      0.077     6.7530     81.065     28.539  28.678727     7.9835      6.849   147.3383 7.8428e+01     6.2191      0.270      0.393    25.2732 0.0000e+00
      0.294      0.067     6.7649     80.173     28.507  28.646932     8.0595      6.854   146.6369 7.7340e+01     6.1683      0.287      0.416    25.2614 0.0000e+00
      0.314      0.060     6.7650     79.107     28.470  28.609422     8.0652      6.860   146.7889 7.4096e+01     6.1365      0.310      0.450    25.2451 0.0000e+00
      0.330      0.058     6.7293     77.959     28.465  28.605759     8.1267      6.864   146.9396 7.0464e+01     6.1762      0.328      0.476    25.2404 0.0000e+00
      0.339      0.059     6.6755     76.763     28.461  28.602643     8.2292      6.868   147.1690 6.9718e+01     6.1696      0.333      0.482    25.2391 0.0000e+00
      0.347      0.062     6.6004     75.517     28.429  28.571749     8.2720      6.872   147.4112 6.9784e+01     6.0902      0.335      0.487    25.2387 0.0000e+00
      0.362      0.066     6.5089     74.292     28.406  28.549352     8.2779      6.877   147.1147 6.7878e+01     6.0702      0.352      0.511    25.2394 0.0000e+00
      0.385      0.073     6.4134     73.198     28.379  28.522132     8.3590      6.882   146.9395 6.6361e+01     6.1327      0.377      0.548    25.2413 0.0000e+00
      0.408      0.080     6.3165     72.241     28.355  28.496335     8.5042      6.883   147.2722 6.5954e+01     6.1973      0.402      0.583    25.2430 0.0000e+00
      0.429      0.085     6.2114     71.360     28.351  28.491140     8.5769      6.883   147.7821 6.5153e+01     6.2025      0.421      0.610    25.2442 0.0000e+00
      0.450      0.086     6.1052     70.524     28.319  28.459320     8.5728      6.884   148.1144 6.4948e+01     6.1618      0.440      0.638    25.2474 0.0000e+00
      0.472      0.084     6.0161     69.745     28.289  28.428731     8.6206      6.887   148.2789 6.4439e+01     6.1832      0.463      0.672    25.2485 0.0000e+00
      0.495      0.081     5.9402     69.026     28.299  28.438418     8.7381      6.890   148.4799 6.2562e+01     6.3248      0.486      0.704    25.2442 0.0000e+00
      0.517      0.077     5.8690     68.364     28.311  28.449583     8.8197      6.893   148.3929 6.1971e+01     6.4729      0.510      0.738    25.2410 0.0000e+00
      0.536      0.072     5.7992     67.778     28.300  28.436874     8.8253      6.898   147.9161 6.2398e+01     6.4709      0.527      0.763    25.2417 0.0000e+00
      0.553      0.066     5.7350     67.249     28.275  28.411605     8.8060      6.903   147.6194 6.0393e+01     6.3691      0.542      0.786    25.2417 0.0000e+00
      0.569      0.061     5.6770     66.739     28.261  28.397765     8.7362      6.907   147.6443 5.8858e+01     6.3010      0.560      0.812    25.2396 0.0000e+00
      0.583      0.059     5.6209     66.253     28.259  28.396393     8.6128      6.910   147.8737 5.9793e+01     6.2276      0.573      0.831    25.2379 0.0000e+00
      0.595      0.061     5.5738     65.818     28.257  28.395010     8.5387      6.913   148.3276 5.9214e+01     6.1655      0.583      0.846    25.2364 0.0000e+00
      0.609      0.064     5.5324     65.443     28.243  28.381048     8.5229      6.916   148.7438 5.7603e+01     6.1648      0.596      0.863    25.2354 0.0000e+00
      0.625      0.065     5.4897     65.113     28.217  28.354431     8.5882      6.920   148.8618 5.7602e+01     6.1851      0.611      0.886    25.2355 0.0000e+00
      0.645      0.064     5.4486     64.804     28.192  28.326878     8.7368      6.923   148.6366 5.7525e+01     6.2060      0.632      0.917    25.2367 0.0000e+00
      0.666      0.059     5.4125     64.530     28.169  28.301611     8.8297      6.928   148.2579 5.6436e+01     6.1779      0.655      0.950    25.2384 0.0000e+00
      0.684      0.050     5.3817     64.311     28.172  28.302631     8.8376      6.934   147.9821 5.6050e+01     6.1192      0.674      0.977    25.2382 0.0000e+00
      0.697      0.040     5.3562     64.107     28.210  28.339200     8.8572      6.941   147.7981 5.6237e+01     6.0759      0.686      0.995    25.2361 0.0000e+00
      0.702      0.031     5.3307     63.909     28.235  28.363206     8.9256      6.947   147.6677 5.5615e+01     6.0985      0.690      1.001    25.2337 0.0000e+00
      0.703      0.026     5.3063     63.772     28.210  28.339186     8.9739      6.952   147.8680 5.5180e+01     6.1880      0.690      1.000    25.2301 0.0000e+00
      0.704      0.027     5.2918     63.708     28.174  28.302483     8.9745      6.956   148.4132 5.5590e+01     6.2015      0.691      1.001    25.2248 0.0000e+00
      0.709      0.032     5.2757     63.662     28.174  28.299988     8.8824      6.959   149.0107 5.5349e+01     6.1255      0.693      1.005    25.2213 0.0000e+00
      0.720      0.037     5.2565     63.586     28.187  28.309006     8.7174      6.961   149.1561 5.4715e+01     6.1234      0.703      1.020    25.2215 0.0000e+00
      0.735      0.042     5.2446     63.477     28.168  28.284666     8.6453      6.964   148.6217 5.4603e+01     6.2095      0.721      1.045    25.2229 0.0000e+00
      0.751      0.043     5.2421     63.335     28.149  28.259390     8.6515      6.969   147.9704 5.4283e+01     6.2785      0.738      1.070    25.2218 0.0000e+00
      0.763      0.040     5.2402     63.134     28.149  28.257083     8.6424      6.974   147.4765 5.3383e+01     6.2751      0.751      1.088    25.2179 0.0000e+00
      0.772      0.035     5.2341     62.898     28.148  28.256769     8.6270      6.979   147.1241 5.3034e+01     6.2023      0.757      1.098    25.2127 0.0000e+00
      0.778      0.030     5.2258     62.707     28.146  28.255595     8.6314      6.984   146.8063 5.3598e+01     6.1840      0.763      1.106    25.2013 0.0000e+00
      0.783      0.028     5.2168     62.564     28.133  28.242898     8.6460      6.990   146.4734 5.3433e+01     6.2252      0.768      1.114    25.1882 0.0000e+00
      0.788      0.029     5.2007     62.413     28.121  28.230099     8.6455      6.996   146.5414 5.2804e+01     6.1873      0.773      1.121    25.1840 0.0000e+00
      0.794      0.033     5.1765     62.233     28.119  28.227688     8.6502      7.001   146.9391 5.3192e+01     6.1022      0.779      1.129    25.1866 0.0000e+00
      0.803      0.037     5.1611     62.023     28.105  28.213745     8.6695      7.005   147.1522 5.3646e+01     6.0837      0.786      1.140    25.1892 0.0000e+00
      0.814      0.039     5.1522     61.783     28.080  28.188365     8.6871      7.009   147.0532 5.3352e+01     6.1347      0.797      1.157    25.1894 0.0000e+00
      0.828      0.041     5.1397     61.544     28.065  28.174516     8.7048      7.013   146.9469 5.3451e+01     6.2069      0.813      1.180    25.1888 0.0000e+00
      0.840      0.043     5.1246     61.327     28.064  28.173148     8.6754      7.016   146.9859 5.3882e+01     6.2046      0.826      1.197    25.1881 0.0000e+00
      0.849      0.045     5.1084     61.134     28.063  28.171828     8.5974      7.018   147.0940 5.3832e+01     6.1410      0.833      1.206    25.1875 0.0000e+00
      0.858      0.047     5.0867     60.998     28.049  28.158551     8.5698      7.021   147.2217 5.3824e+01     6.1553      0.841      1.220    25.1877 0.0000e+00
      0.869      0.050     5.0663     60.915     28.030  28.139470     8.6002      7.023   147.1527 5.4023e+01     6.2065      0.851      1.235    25.1879 0.0000e+00
      0.883      0.053     5.0496     60.834     28.021  28.131398     8.7142      7.024   146.9482 5.4053e+01     6.2482      0.864      1.254    25.1882 0.0000e+00
      0.899      0.055     5.0314     60.739     28.014  28.124374     8.8917      7.025   146.8144 5.3947e+01     6.3176      0.881      1.278    25.1892 0.0000e+00
      0.916      0.055     5.0202     60.659     28.008  28.117973     8.9735      7.030   146.7397 5.3721e+01     6.3966      0.899      1.303    25.1897 0.0000e+00
      0.932      0.050     5.0157     60.585     28.009  28.117433     8.9785      7.036   146.6469 5.3565e+01     6.4516      0.915      1.326    25.1898 0.0000e+00
      0.946      0.044     5.0097     60.472     28.010  28.117836     8.9449      7.043   146.5530 5.3795e+01     6.3677      0.929      1.345    25.1903 0.0000e+00
      0.956      0.039     5.0001     60.368     28.016  28.122848     8.8657      7.049   146.7228 5.3866e+01     6.1677      0.940      1.363    25.1909 0.0000e+00
      0.962      0.034     4.9932     60.348     28.008  28.114605     8.8199      7.053   147.1508 5.3556e+01     6.0491      0.945      1.370    25.1908 0.0000e+00
      0.966      0.034     4.9907     60.390     27.975  28.081597     8.8075      7.057   147.6846 5.3575e+01     6.0607      0.946      1.373    25.1893 0.0000e+00
      0.972      0.038     4.9792     60.432     27.935  28.040869     8.7995      7.058   148.3584 5.3713e+01     6.1372      0.952      1.381    25.1864 0.0000e+00
      0.982      0.044     4.9672     60.449     27.897  28.002709     8.7818      7.057   148.8448 5.3630e+01     6.1890      0.962      1.396    25.1855 0.0000e+00
      0.994      0.051     4.9670     60.434     27.894  28.000761     8.7512      7.057   148.9193 5.3756e+01     6.1745      0.974      1.413    25.1853 0.0000e+00
      1.010      0.056     4.9732     60.372     27.910  28.017315     8.7454      7.059   148.8291 5.3826e+01     6.1668      0.989      1.434    25.1836 0.0000e+00
      1.029      0.057     4.9773     60.267     27.906  28.012580     8.7617      7.062   148.8725 5.3743e+01     6.1637      1.010      1.464    25.1827 0.0000e+00
      1.047      0.054     4.9779     60.130     27.901  28.006945     8.7657      7.065   149.1000 5.4056e+01     6.1373      1.029      1.494    25.1834 0.0000e+00
      1.061      0.049     4.9782     59.979     27.907  28.012603     8.7609      7.070   149.1716 5.4476e+01     6.1207      1.041      1.511    25.1851 0.0000e+00
      1.071      0.044     4.9721     59.854     27.912  28.017572     8.7532      7.076   149.1358 5.4610e+01     6.1001      1.051      1.524    25.1864 0.0000e+00
      1.080      0.039     4.9633     59.766     27.898  28.003592     8.7559      7.081   149.2687 5.4746e+01     6.1267      1.059      1.537    25.1857 0.0000e+00
      1.086      0.038     4.9519     59.721     27.928  28.033852     8.8104      7.085   149.2295 5.5198e+01     6.1702      1.066      1.546    25.1838 0.0000e+00
      1.093      0.039     4.9380     59.842     28.275  28.383435     8.8962      7.089   149.0063 5.5806e+01     6.1814      1.071      1.552    25.1828 0.0000e+00
      1.104      0.041     4.9266     60.457     29.003  29.122488     8.9276      7.095   148.8929 5.5946e+01     6.1942      1.081      1.568    25.1828 0.0000e+00
      1.118      0.044     4.9223     62.743     29.590  29.739017     8.9069      7.101   148.6327 5.5964e+01     6.1534      1.097      1.591    25.1835 0.0000e+00
      1.131      0.046     4.9124     68.537     29.747  29.939062     8.8365      7.106   148.4417 5.6598e+01     6.1322      1.110      1.610    25.1849 0.0000e+00
      1.142      0.048     4.9178     77.828     29.725  29.955542     8.7179      7.111   148.8212 5.6991e+01     6.1767      1.119      1.623    25.1841 0.0000e+00
      1.153      0.050     4.9454     88.262     29.685  29.938331     8.6464      7.112   149.4351 5.6723e+01     6.1792      1.131      1.640    25.1859 0.0000e+00
      1.165      0.052     5.0431     97.642     29.655  29.921293     8.6294      7.112   149.7554 5.6941e+01     6.1964      1.142      1.656    25.2329 0.0000e+00
      1.178      0.053     5.5049    105.056     29.666  29.939853     8.6214      7.113   149.8541 5.7206e+01     6.2475      1.154      1.672    25.3223 0.0000e+00
      1.193      0.053     6.3601    110.238     29.695  29.972450     8.6241      7.117   150.0262 5.6560e+01     6.2514      1.170      1.696    25.3913 0.0000e+00
      1.209      0.052     7.2761    113.101     29.719  29.998279     8.6366      7.122   150.1157 5.6204e+01     6.2438      1.187      1.722    25.4280 0.0000e+00
      1.224      0.049     8.0606    113.779     29.719  29.998424     8.6403      7.126   149.9896 5.6328e+01     6.2241      1.201      1.743    25.4470 0.0000e+00
      1.235      0.046     8.6704    112.711     29.695  29.974206     8.6599      7.131   149.8788 5.6306e+01     6.2186      1.211      1.757    25.4559 0.0000e+00
      1.244      0.043     9.0993    110.673     29.680  29.959183     8.7321      7.136   149.8078 5.6496e+01     6.2791      1.220      1.770    25.4606 0.0000e+00
      1.253      0.041     9.3291    108.553     29.665  29.943639     8.8065      7.141   149.7340 5.6730e+01     6.3064      1.229      1.783    25.4628 0.0000e+00
      1.263      0.041     9.3732    106.871     29.635  29.913129     8.8354      7.145   149.8463 5.6943e+01     6.2417      1.237      1.796    25.4639 0.0000e+00
      1.275      0.042     9.2626    105.675     29.630  29.907442     8.8313      7.150   150.1328 5.7162e+01     6.1801      1.250      1.814    25.4642 0.0000e+00
