Data/DataNotYetUploadedToEDI/Raw_CTD/RawDownloads/081924_fcr50_S7809002.cnv
* Sea-Bird SBE19plus  Data File:
* FileName = C:\R\Reservoirs\Data\DataNotYetUploadedToEDI\Raw_CTD\RawDownloads\081924_fcr50_S7809_0002.hex
* Software version 2.8.0.119
* Temperature SN = 7809
* Conductivity SN = 7809
* System UpLoad Time = Aug 20 2024 14:05:07
* <ApplicationData>
* <Seaterm232>
# nquan = 15
# nvalues = 1943                        
# units = specified
# name 0 = depFM: Depth [fresh water, m]
# name 1 = dz/dtM: Descent Rate [m/s]
# name 2 = sbeox0Mg/L: Oxygen, SBE 43 [mg/l]
# name 3 = sbeox0PS: Oxygen, SBE 43 [% saturation]
# name 4 = specc: Specific Conductance [uS/cm]
# name 5 = c0uS/cm: Conductivity [uS/cm]
# name 6 = flECO-AFL: Fluorescence, WET Labs ECO-AFL/FL [mg/m^3]
# name 7 = ph: pH
# name 8 = orp: Oxidation Reduction Potential [mV]
# name 9 = par/sat/log: PAR/Logarithmic, Satlantic
# name 10 = turbWETntu0: Turbidity, WET Labs ECO [NTU]
# name 11 = prdM: Pressure, Strain Gauge [db]
# name 12 = prdE: Pressure, Strain Gauge [psi]
# name 13 = tv290C: Temperature [ITS-90, deg C]
# name 14 = flag:  0.000e+00
# span 0 =     -0.718,      9.514       
# span 1 =     -0.180,      0.270       
# span 2 =    -1.1723,     8.4726       
# span 3 =    -10.675,    103.389       
# span 4 =      0.651,    586.062       
# span 5 =   0.650715, 441.138137       
# span 6 =    -0.0886,   148.2595       
# span 7 =      5.883,      7.301       
# span 8 = -1240.7455,   196.1021       
# span 9 = 1.2356e-01, 2.0807e+03       
# span 10 =     0.2629,   168.3396      
# span 11 =     -0.704,      9.331      
# span 12 =     -1.022,     13.533      
# span 13 =    12.6280,    25.7677      
# span 14 = 0.0000e+00, 0.0000e+00      
# interval = seconds: 0.25
# start_time = Aug 19 2024 11:31:04 [Instrument's time stamp, header]
# bad_flag = -9.990e-29
*END*
[from data line 1735]
      7.901      0.014     7.0184     66.290     61.039  45.977988     0.5857      7.026   177.7934 1.2374e-01    19.5095      7.748     11.238    12.6547 0.0000e+00
      7.902      0.019     7.0229     66.300     61.029  45.971754     0.5709      7.026   178.1010 1.2375e-01    19.6150      7.748     11.238    12.6561 0.0000e+00
      7.907      0.023     7.0289     66.295     60.999  45.948972     0.5742      7.027   178.6173 1.2375e-01    19.8610      7.751     11.242    12.6571 0.0000e+00
      7.917      0.024     7.0328     66.288     61.007  45.956474     0.5913      7.027   178.8737 1.2377e-01    19.9905      7.763     11.260    12.6582 0.0000e+00
      7.930      0.024     7.0389     66.280     61.060  45.998982     0.6030      7.027   178.4482 1.2373e-01    20.0201      7.779     11.282    12.6605 0.0000e+00
      7.938      0.022     7.0383     66.289     61.083  46.018542     0.5999      7.026   178.1183 1.2369e-01    19.9460      7.787     11.295    12.6610 0.0000e+00
      7.940      0.018     7.0373     66.304     61.060  46.002525     0.5867      7.025   178.2404 1.2371e-01    19.7765      7.788     11.294    12.6599 0.0000e+00
      7.941      0.017     7.0375     66.319     61.050  45.995770     0.5762      7.025   178.7199 1.2374e-01    19.6790      7.787     11.293    12.6619 0.0000e+00
      7.942      0.019     7.0334     66.329     61.053  46.000355     0.5732      7.025   179.3561 1.2377e-01    19.6554      7.789     11.296    12.6640 0.0000e+00
      7.945      0.023     7.0366     66.324     61.044  45.994481     0.5750      7.025   179.5654 1.2379e-01    19.6619      7.790     11.298    12.6658 0.0000e+00
      7.952      0.026     7.0372     66.305     61.035  45.988227     0.5728      7.026   179.2718 1.2377e-01    19.6561      7.795     11.306    12.6667 0.0000e+00
      7.965      0.027     7.0390     66.282     61.033  45.988226     0.5721      7.026   178.9041 1.2372e-01    19.6191      7.811     11.329    12.6672 0.0000e+00
      7.978      0.025     7.0406     66.276     61.038  45.994468     0.5750      7.026   179.5076 1.2373e-01    19.6242      7.827     11.352    12.6702 0.0000e+00
      7.984      0.020     7.0389     66.275     61.045  46.000224     0.5820      7.026   180.8895 1.2375e-01    19.6841      7.831     11.358    12.6708 0.0000e+00
      7.985      0.015     7.0385     66.277     61.037  45.994342     0.5993      7.026   181.5029 1.2372e-01    19.7279      7.830     11.356    12.6698 0.0000e+00
      7.985      0.010     7.0323     66.289     61.026  45.986829     0.6005      7.026   181.1594 1.2368e-01    19.7091      7.831     11.357    12.6720 0.0000e+00
      7.985      0.012     7.0338     66.308     61.006  45.972875     0.5808      7.025   180.6076 1.2366e-01    19.6623      7.832     11.359    12.6744 0.0000e+00
      7.985      0.023     7.0333     66.345     60.979  45.952591     0.5691      7.024   181.0261 1.2368e-01    19.6742      7.830     11.357    12.6741 0.0000e+00
      7.988      0.041     7.0324     66.365     60.957  45.932020     0.5756      7.024   182.3470 1.2376e-01    19.8188      7.832     11.359    12.6731 0.0000e+00
      7.996      0.059     7.0354     66.341     60.947  45.914598     0.5923      7.024   182.8984 1.2381e-01    19.9759      7.838     11.368    12.6751 0.0000e+00
      8.014      0.072     7.0343     66.301     60.987  45.932375     0.5965      7.024   182.7028 1.2381e-01    19.9685      7.854     11.390    12.6769 0.0000e+00
      8.045      0.077     7.0410     66.266     61.030  45.956500     0.5846      7.024   182.7350 1.2381e-01    19.8664      7.887     11.440    12.6764 0.0000e+00
      8.080      0.074     7.0454     66.242     61.027  45.952346     0.5652      7.023   182.8576 1.2380e-01    19.6970      7.928     11.500    12.6743 0.0000e+00
      8.104      0.064     7.0417     66.230     61.016  45.945639     0.5451      7.023   183.0666 1.2380e-01    19.5267      7.954     11.536    12.6649 0.0000e+00
      8.114      0.050     7.0391     66.220     61.002  45.938889     0.5416      7.024   183.5415 1.2376e-01    19.5156      7.959     11.543    12.6527 0.0000e+00
      8.115      0.035     7.0366     66.220     60.991  45.934217     0.5393      7.024   183.8676 1.2371e-01    19.5279      7.957     11.541    12.6456 0.0000e+00
      8.116      0.026     7.0333     66.225     61.011  45.952637     0.5250      7.024   183.4816 1.2371e-01    19.5731      7.958     11.543    12.6450 0.0000e+00
      8.120      0.027     7.0332     66.214     61.032  45.971157     0.5109      7.023   182.7466 1.2372e-01    19.7545      7.963     11.549    12.6480 0.0000e+00
      8.125      0.033     7.0305     66.201     61.030  45.967692     0.5098      7.023   182.6388 1.2369e-01    19.9105      7.967     11.555    12.6506 0.0000e+00
      8.135      0.038     7.0296     66.185     61.045  45.974230     0.5283      7.023   183.1245 1.2371e-01    19.9914      7.976     11.566    12.6532 0.0000e+00
      8.151      0.039     7.0327     66.162     61.065  45.986719     0.5349      7.024   183.7143 1.2377e-01    19.9809      7.992     11.592    12.6572 0.0000e+00
      8.169      0.037     7.0280     66.148     61.071  45.991714     0.5318      7.024   183.2309 1.2373e-01    19.7829      8.014     11.623    12.6602 0.0000e+00
      8.179      0.034     7.0282     66.152     61.039  45.971154     0.5478      7.024   181.7530 1.2367e-01    19.5104      8.025     11.640    12.6578 0.0000e+00
      8.182      0.033     7.0279     66.172     60.978  45.928574     0.5619      7.023   181.1612 1.2366e-01    19.4188      8.024     11.638    12.6521 0.0000e+00
      8.183      0.035     7.0243     66.197     60.968  45.921272     0.5694      7.022   181.7547 1.2374e-01    19.4949      8.025     11.638    12.6494 0.0000e+00
      8.188      0.037     7.0231     66.238     61.004  45.946352     0.5721      7.022   182.7335 1.2380e-01    19.6109      8.027     11.642    12.6506 0.0000e+00
      8.198      0.038     7.0222     66.285     61.049  45.977875     0.5616      7.022   182.7580 1.2375e-01    19.7627      8.035     11.654    12.6540 0.0000e+00
      8.217      0.038     7.0253     66.319     61.058  45.984994     0.5589      7.022   181.7058 1.2372e-01    19.8617      8.057     11.686    12.6581 0.0000e+00
      8.237      0.038     7.0263     66.347     61.031  45.968951     0.5725      7.022   181.1111 1.2372e-01    19.8848      8.083     11.724    12.6583 0.0000e+00
      8.246      0.040     7.0320     66.377     61.031  45.974355     0.5762      7.022   181.2451 1.2372e-01    19.8721      8.093     11.738    12.6545 0.0000e+00
      8.243      0.045     7.0391     66.404     61.044  45.986852     0.5540      7.022   181.5195 1.2372e-01    19.7756      8.083     11.723    12.6525 0.0000e+00
      8.243      0.052     7.0412     66.412     61.052  45.993088     0.5282      7.022   181.9342 1.2373e-01    19.6749      8.077     11.715    12.6524 0.0000e+00
      8.256      0.061     7.0435     66.403     61.045  45.986267     0.5147      7.021   182.3017 1.2378e-01    19.6791      8.091     11.735    12.6569 0.0000e+00
      8.281      0.069     7.0459     66.402     61.026  45.967861     0.5160      7.020   182.0912 1.2383e-01    19.6899      8.119     11.775    12.6629 0.0000e+00
      8.312      0.074     7.0490     66.387     61.019  45.960984     0.5348      7.020   181.7118 1.2383e-01    19.6349      8.153     11.824    12.6637 0.0000e+00
      8.339      0.071     7.0509     66.340     61.022  45.966603     0.5503      7.020   182.4458 1.2378e-01    19.5939      8.183     11.867    12.6648 0.0000e+00
      8.357      0.061     7.0469     66.282     61.023  45.972313     0.5544      7.020   183.8246 1.2373e-01    19.5369      8.199     11.891    12.6640 0.0000e+00
      8.364      0.048     7.0497     66.234     61.010  45.966550     0.5508      7.020   184.1002 1.2373e-01    19.4919      8.203     11.898    12.6587 0.0000e+00
      8.369      0.035     7.0503     66.215     60.997  45.960400     0.5403      7.020   183.7992 1.2371e-01    19.5959      8.206     11.902    12.6561 0.0000e+00
      8.374      0.025     7.0418     66.207     60.995  45.961450     0.5358      7.021   183.5407 1.2367e-01    19.7361      8.211     11.909    12.6605 0.0000e+00
      8.383      0.019     7.0358     66.219     61.015  45.979245     0.5374      7.021   183.9862 1.2368e-01    19.7862      8.221     11.924    12.6655 0.0000e+00
      8.390      0.015     7.0276     66.279     61.018  45.985117     0.5349      7.020   185.5727 1.2372e-01    19.6889      8.231     11.938    12.6676 0.0000e+00
      8.392      0.012     7.0273     66.332     60.990  45.968962     0.5221      7.019   186.4611 1.2375e-01    19.4822      8.231     11.938    12.6713 0.0000e+00
      8.392      0.007     7.0263     66.354     60.992  45.974374     0.5160      7.018   186.0377 1.2379e-01    19.4389      8.229     11.935    12.6741 0.0000e+00
      8.393      0.003     7.0232     66.365     61.006  45.987079     0.5277      7.018   185.2719 1.2380e-01    19.5409      8.231     11.939    12.6746 0.0000e+00
      8.393      0.001     7.0343     66.334     61.013  45.995612     0.5303      7.018   185.5470 1.2377e-01    19.5542      8.232     11.940    12.6779 0.0000e+00
      8.393      0.001     7.0402     66.267     61.032  46.014065     0.5223      7.019   186.8691 1.2381e-01    19.5313      8.230     11.938    12.6830 0.0000e+00
      8.394      0.002     7.0382     66.208     61.034  46.019745     0.5138      7.019   187.6635 1.2383e-01    19.5725      8.231     11.937    12.6862 0.0000e+00
      8.394      0.006     7.0436     66.167     61.005  46.000815     0.5116      7.020   187.6663 1.2375e-01    19.6423      8.232     11.939    12.6873 0.0000e+00
      8.394      0.012     7.0391     66.150     60.970  45.975631     0.5284      7.021   187.4199 1.2365e-01    19.7266      8.231     11.940    12.6893 0.0000e+00
      8.395      0.020     7.0277     66.153     60.962  45.969189     0.5587      7.021   187.0069 1.2363e-01    19.7714      8.231     11.939    12.6941 0.0000e+00
      8.399      0.030     7.0227     66.167     60.991  45.986399     0.5869      7.022   186.7172 1.2366e-01    19.7391      8.235     11.944    12.6974 0.0000e+00
      8.409      0.040     7.0162     66.180     61.014  45.993263     0.5869      7.022   187.1861 1.2369e-01    19.7125      8.246     11.959    12.6993 0.0000e+00
      8.423      0.046     7.0156     66.193     61.026  45.988684     0.5754      7.021   187.9446 1.2374e-01    19.7576      8.260     11.980    12.7012 0.0000e+00
      8.439      0.047     7.0151     66.214     61.050  45.994513     0.5799      7.021   187.3691 1.2377e-01    19.7715      8.276     12.003    12.7015 0.0000e+00
      8.456      0.042     7.0182     66.234     61.065  46.000233     0.5839      7.021   185.8212 1.2375e-01    19.6753      8.294     12.029    12.6979 0.0000e+00
      8.471      0.036     7.0210     66.249     61.057  45.994359     0.5820      7.021   185.3186 1.2373e-01    19.5848      8.311     12.054    12.6890 0.0000e+00
      8.477      0.029     7.0231     66.259     61.046  45.986969     0.5815      7.020   186.0245 1.2377e-01    19.5318      8.316     12.061    12.6764 0.0000e+00
      8.477      0.022     7.0292     66.274     61.030  45.974378     0.5862      7.020   186.9563 1.2379e-01    19.5131      8.311     12.054    12.6647 0.0000e+00
      8.478      0.017     7.0307     66.276     61.024  45.969079     0.5897      7.020   186.6044 1.2371e-01    19.5633      8.312     12.056    12.6602 0.0000e+00
      8.483      0.014     7.0334     66.257     61.046  45.986388     0.5897      7.020   185.1256 1.2368e-01    19.5927      8.319     12.067    12.6620 0.0000e+00
      8.489      0.015     7.0321     66.250     61.053  45.993203     0.5951      7.019   184.5631 1.2374e-01    19.5262      8.327     12.077    12.6629 0.0000e+00
      8.494      0.017     7.0356     66.250     61.043  45.988000     0.5967      7.019   185.2238 1.2374e-01    19.4432      8.330     12.082    12.6623 0.0000e+00
      8.495      0.018     7.0369     66.235     61.040  45.986959     0.5920      7.020   186.2303 1.2371e-01    19.4767      8.331     12.083    12.6615 0.0000e+00
      8.498      0.018     7.0320     66.223     61.031  45.980610     0.5885      7.020   186.2366 1.2371e-01    19.5555      8.332     12.084    12.6617 0.0000e+00
      8.506      0.019     7.0316     66.245     61.023  45.974725     0.5877      7.020   185.1273 1.2364e-01    19.5420      8.341     12.098    12.6640 0.0000e+00
      8.513      0.022     7.0334     66.296     61.031  45.979290     0.5831      7.020   184.4332 1.2359e-01    19.4841      8.351     12.113    12.6660 0.0000e+00
      8.517      0.026     7.0298     66.344     61.026  45.972317     0.5571      7.020   184.6411 1.2364e-01    19.4706      8.353     12.114    12.6670 0.0000e+00
      8.520      0.028     7.0271     66.360     61.006  45.953906     0.5231      7.020   185.4046 1.2366e-01    19.5499      8.352     12.115    12.6672 0.0000e+00
      8.529      0.031     7.0298     66.357     61.000  45.947127     0.5048      7.019   186.0073 1.2366e-01    19.6223      8.363     12.130    12.6674 0.0000e+00
      8.539      0.036     7.0366     66.351     61.012  45.953834     0.5105      7.019   185.9922 1.2372e-01    19.6627      8.376     12.148    12.6664 0.0000e+00
      8.548      0.042     7.0444     66.352     61.040  45.971507     0.5426      7.019   185.7373 1.2380e-01    19.7314      8.383     12.158    12.6632 0.0000e+00
      8.558      0.049     7.0449     66.349     61.044  45.970353     0.5686      7.019   185.5072 1.2380e-01    19.7355      8.391     12.170    12.6601 0.0000e+00
      8.571      0.054     7.0447     66.324     61.008  45.939870     0.5663      7.019   186.2208 1.2372e-01    19.6782      8.405     12.190    12.6582 0.0000e+00
      8.586      0.056     7.0434     66.279     60.988  45.920359     0.5560      7.019   187.6543 1.2368e-01    19.6528      8.420     12.211    12.6570 0.0000e+00
      8.603      0.053     7.0444     66.246     60.998  45.924887     0.5605      7.018   188.1269 1.2369e-01    19.7028      8.436     12.235    12.6541 0.0000e+00
      8.623      0.047     7.0461     66.247     61.006  45.931130     0.5795      7.017   187.7193 1.2369e-01    19.7697      8.458     12.267    12.6503 0.0000e+00
      8.639      0.039     7.0438     66.269     61.005  45.932368     0.5863      7.017   187.2857 1.2373e-01    19.7447      8.477     12.293    12.6477 0.0000e+00
      8.645      0.029     7.0379     66.294     61.011  45.939859     0.5761      7.018   187.8742 1.2376e-01    19.6733      8.480     12.299    12.6438 0.0000e+00
      8.645      0.021     7.0337     66.308     61.033  45.958227     0.5723      7.018   189.2423 1.2373e-01    19.6240      8.476     12.294    12.6403 0.0000e+00
      8.646      0.015     7.0349     66.310     61.038  45.964003     0.5822      7.018   189.5453 1.2369e-01    19.5924      8.478     12.296    12.6409 0.0000e+00
      8.649      0.012     7.0373     66.301     61.011  45.946218     0.5960      7.018   189.0418 1.2363e-01    19.5652      8.482     12.301    12.6437 0.0000e+00
      8.652      0.012     7.0402     66.277     60.989  45.933635     0.5980      7.017   188.9193 1.2361e-01    19.4998      8.484     12.305    12.6461 0.0000e+00
      8.657      0.013     7.0414     66.246     60.993  45.938839     0.5729      7.017   189.2684 1.2364e-01    19.4848      8.489     12.313    12.6474 0.0000e+00
      8.662      0.015     7.0413     66.213     61.001  45.945651     0.5329      7.017   189.8212 1.2369e-01    19.5891      8.497     12.324    12.6483 0.0000e+00
      8.664      0.019     7.0406     66.195     61.011  45.952514     0.5232      7.017   190.1828 1.2376e-01    19.7020      8.498     12.325    12.6510 0.0000e+00
