Data/DataNotYetUploadedToEDI/Raw_CTD/RawDownloads/081922_ccr50_S7809001.cnv
* Sea-Bird SBE19plus  Data File:
* FileName = C:\R\Reservoirs\Data\DataNotYetUploadedToEDI\Raw_CTD\RawDownloads\081922_ccr50_S7809_0001.hex
* Software version 2.8.0.119
* Temperature SN = 7809
* Conductivity SN = 7809
* System UpLoad Time = Aug 21 2022 17:24:26
* <ApplicationData>
* <Seaterm232>
# nquan = 15
# nvalues = 2531                        
# units = specified
# name 0 = depFM: Depth [fresh water, m]
# name 1 = dz/dtM: Descent Rate [m/s]
# name 2 = sbeox0Mg/L: Oxygen, SBE 43 [mg/l]
# name 3 = sbeox0PS: Oxygen, SBE 43 [% saturation]
# name 4 = specc: Specific Conductance [uS/cm]
# name 5 = c0uS/cm: Conductivity [uS/cm]
# name 6 = flECO-AFL: Fluorescence, WET Labs ECO-AFL/FL [mg/m^3]
# name 7 = ph: pH
# name 8 = orp: Oxidation Reduction Potential [mV]
# name 9 = par/sat/log: PAR/Logarithmic, Satlantic
# name 10 = turbWETntu0: Turbidity, WET Labs ECO [NTU]
# name 11 = prdM: Pressure, Strain Gauge [db]
# name 12 = prdE: Pressure, Strain Gauge [psi]
# name 13 = tv290C: Temperature [ITS-90, deg C]
# name 14 = flag:  0.000e+00
# span 0 =     -0.460,     20.857       
# span 1 =     -0.377,      0.310       
# span 2 =     0.0542,     7.5379       
# span 3 =      0.523,     88.204       
# span 4 =     82.252,    139.461       
# span 5 =  73.939214, 100.271650       
# span 6 =    -0.0992,     3.8968       
# span 7 =      4.103,      8.432       
# span 8 =   134.2006,   238.5062       
# span 9 = 1.2364e-01, 5.2647e+02       
# span 10 =     0.0076,    36.1614      
# span 11 =     -0.454,     20.455      
# span 12 =     -0.659,     29.667      
# span 13 =    10.9456,    25.3330      
# span 14 = 0.0000e+00, 0.0000e+00      
# interval = seconds: 0.25
# start_time = Aug 19 2022 06:37:41 [Instrument's time stamp, header]
# bad_flag = -9.990e-29
*END*
[from data line 2217]
      9.915     -0.312     3.0165     27.892    101.307  74.582658     0.9125      7.222   231.4235 2.4593e+00     4.8317      9.719     14.097    11.7837 0.0000e+00
      9.843     -0.306     3.0247     27.922    101.339  74.616107     0.8861      7.221   231.4740 2.6624e+00     4.8147      9.651     13.996    11.7927 0.0000e+00
      9.778     -0.305     3.0141     27.947    101.371  74.661217     0.8465      7.220   231.5094 2.8953e+00     4.7392      9.591     13.910    11.8007 0.0000e+00
      9.707     -0.310     3.0122     27.992    101.361  74.683372     0.8329      7.220   231.4206 3.2131e+00     4.6702      9.526     13.816    11.8048 0.0000e+00
      9.625     -0.320     3.0198     28.060    101.334  74.693408     0.8462      7.220   231.4332 3.5842e+00     4.6643      9.443     13.696    11.8070 0.0000e+00
      9.535     -0.331     3.0218     28.125    101.337  74.719064     0.8655      7.221   231.4893 3.9635e+00     4.5989      9.350     13.561    11.8100 0.0000e+00
      9.445     -0.341     3.0219     28.158    101.340  74.739462     0.8755      7.221   231.4115 4.3483e+00     4.4605      9.263     13.433    11.8210 0.0000e+00
      9.355     -0.345     3.0261     28.173    101.329  74.749457     0.8753      7.221   231.3532 4.7652e+00     4.3575      9.174     13.306    11.8379 0.0000e+00
      9.267     -0.340     3.0331     28.213    101.335  74.776406     0.8801      7.222   231.3002 5.1927e+00     4.3105      9.087     13.180    11.8532 0.0000e+00
      9.180     -0.330     3.0410     28.261    101.346  74.811179     0.8834      7.223   231.2862 5.6209e+00     4.3024      9.004     13.059    11.8648 0.0000e+00
      9.093     -0.319     3.0445     28.303    101.361  74.852244     0.8989      7.222   231.4425 6.0342e+00     4.1564      8.915     12.931    11.8728 0.0000e+00
      9.011     -0.308     3.0411     28.364    101.359  74.891743     0.9343      7.222   231.4695 6.3817e+00     3.8431      8.832     12.811    11.8808 0.0000e+00
      8.938     -0.299     3.0471     28.424    101.309  74.907592     0.9540      7.221   231.3541 6.6938e+00     3.6918      8.764     12.712    11.8915 0.0000e+00
      8.868     -0.292     3.0528     28.482    101.261  74.916870     0.9539      7.221   231.3377 7.0230e+00     3.6930      8.698     12.614    11.9058 0.0000e+00
      8.798     -0.287     3.0527     28.582    101.253  74.940437     0.9659      7.222   231.3577 7.3650e+00     3.6861      8.629     12.515    11.9187 0.0000e+00
      8.724     -0.286     3.0607     28.689    101.302  75.001969     0.9904      7.224   231.3379 7.7086e+00     3.7111      8.558     12.412    11.9372 0.0000e+00
      8.648     -0.289     3.0660     28.766    101.360  75.089041     1.0011      7.225   231.2695 8.0488e+00     3.7230      8.479     12.298    11.9696 0.0000e+00
      8.573     -0.295     3.0656     28.837    101.357  75.167296     1.0124      7.225   231.2197 8.3843e+00     3.6931      8.405     12.191    11.9928 0.0000e+00
      8.503     -0.302     3.0792     28.925    101.311  75.249331     1.0510      7.225   231.1662 8.7256e+00     3.6234      8.339     12.096    12.0046 0.0000e+00
      8.429     -0.308     3.0920     29.013    101.228  75.318611     1.0933      7.225   231.1379 9.0947e+00     3.5287      8.269     11.993    12.0134 0.0000e+00
      8.348     -0.311     3.0969     29.075    101.138  75.369729     1.1080      7.225   231.1362 9.5142e+00     3.4701      8.189     11.876    12.0300 0.0000e+00
      8.262     -0.312     3.1009     29.115    101.058  75.422765     1.1209      7.225   231.0595 9.9605e+00     3.3927      8.102     11.750    12.0715 0.0000e+00
      8.177     -0.311     3.1067     29.141    100.937  75.451684     1.2075      7.226   230.8986 1.0388e+01     3.0714      8.017     11.627    12.1307 0.0000e+00
      8.096     -0.304     3.1133     29.154    100.823  75.465372     1.3476      7.226   230.7395 1.0776e+01     2.5924      7.938     11.513    12.2043 0.0000e+00
      8.021     -0.285     3.1144     29.139    100.896  75.588386     1.4086      7.225   230.5995 1.1163e+01     2.3484      7.865     11.407    12.2602 0.0000e+00
      7.948     -0.251     3.1158     29.086    101.086  75.858946     1.4037      7.223   230.3245 1.1611e+01     2.2740      7.796     11.307    12.3083 0.0000e+00
      7.876     -0.208     3.1132     29.021    100.984  76.068176     1.4635      7.223   229.9945 1.2061e+01     2.0685      7.721     11.198    12.3774 0.0000e+00
      7.815     -0.160     3.1112     28.970    100.619  76.148791     1.5823      7.224   229.7933 1.2333e+01     1.7759      7.651     11.097    12.4316 0.0000e+00
      7.782     -0.114     3.1099     28.935    100.232  76.135122     1.6493      7.226   229.7841 1.2376e+01     1.6391      7.621     11.054    12.4504 0.0000e+00
      7.774     -0.073     3.1002     28.878     99.815  75.966762     1.6664      7.227   229.8831 1.2335e+01     1.6449      7.622     11.054    12.4761 0.0000e+00
      7.776     -0.040     3.0808     28.728     99.600  75.765374     1.7143      7.230   229.8726 1.2319e+01     1.5726      7.627     11.063    12.6462 0.0000e+00
      7.777     -0.018     3.0600     28.463     99.728  75.669825     1.7866      7.231   229.7429 1.2345e+01     1.4136      7.629     11.065    12.8626 0.0000e+00
      7.772     -0.008     3.0487     28.137     99.988  75.637272     1.8252      7.231   229.6910 1.2390e+01     1.3290      7.623     11.056    12.9905 0.0000e+00
      7.766     -0.003     3.0398     27.834    100.239  75.625665     1.8230      7.232   229.7624 1.2413e+01     1.3351      7.614     11.045    13.0914 0.0000e+00
      7.764     -0.000     3.0265     27.607    100.444  75.656335     1.8181      7.232   229.8315 1.2409e+01     1.3512      7.612     11.040    13.0649 0.0000e+00
      7.765      0.003     3.0054     27.474    100.534  75.690261     1.8489      7.233   229.8391 1.2379e+01     1.4217      7.613     11.042    12.9342 0.0000e+00
      7.770      0.005     2.9746     27.452    100.576  75.718140     1.9128      7.235   229.7675 1.2341e+01     1.5717      7.619     11.051    12.8171 0.0000e+00
      7.776      0.005     2.9481     27.547    100.596  75.739264     1.9498      7.237   229.6537 1.2321e+01     1.6618      7.628     11.063    12.7067 0.0000e+00
      7.778      0.005     2.9288     27.734    100.502  75.691519     1.9562      7.239   229.5827 1.2320e+01     1.6232      7.630     11.066    12.6344 0.0000e+00
      7.776      0.004     2.9133     27.975    100.382  75.585664     1.9980      7.239   229.5964 1.2334e+01     1.5147      7.625     11.060    12.6411 0.0000e+00
      7.773      0.004     2.9104     28.215    100.448  75.539517     2.0798      7.240   229.6479 1.2339e+01     1.4079      7.620     11.053    12.6410 0.0000e+00
      7.774      0.004     2.9224     28.394    100.742  75.641750     2.1303      7.242   229.6887 1.2329e+01     1.3914      7.622     11.055    12.6319 0.0000e+00
      7.777      0.006     2.9413     28.511    100.888  75.741457     2.1338      7.243   229.8322 1.2306e+01     1.4521      7.626     11.061    12.6633 0.0000e+00
      7.780      0.009     2.9689     28.608    100.833  75.791982     2.1555      7.243   229.9196 1.2266e+01     1.5267      7.629     11.065    12.6620 0.0000e+00
      7.782      0.009     3.0012     28.700    100.773  75.871507     2.2103      7.243   229.7996 1.2235e+01     1.5763      7.631     11.068    12.6114 0.0000e+00
      7.785      0.003     3.0268     28.757    100.548  75.877113     2.2384      7.242   229.7571 1.2211e+01     1.5733      7.635     11.073    12.5092 0.0000e+00
      7.789     -0.014     3.0370     28.752    100.263  75.796442     2.2209      7.241   229.8365 1.2185e+01     1.5593      7.638     11.078    12.5105 0.0000e+00
      7.791     -0.044     3.0404     28.679    100.187  75.722295     2.1305      7.239   229.8987 1.2169e+01     1.5782      7.640     11.081    12.5914 0.0000e+00
      7.788     -0.084     3.0509     28.539    100.258  75.679509     1.9864      7.239   229.9077 1.2244e+01     1.6299      7.642     11.084    12.6175 0.0000e+00
      7.769     -0.132     3.0499     28.375    100.338  75.660241     1.9102      7.239   229.8593 1.2518e+01     1.6723      7.629     11.065    12.7339 0.0000e+00
      7.727     -0.182     3.0418     28.225    100.423  75.679860     1.8919      7.238   229.7433 1.2965e+01     1.6465      7.585     11.000    12.8384 0.0000e+00
      7.664     -0.229     3.0379     28.104    100.497  75.726054     1.8480      7.237   229.5368 1.3522e+01     1.5232      7.520     10.906    12.7982 0.0000e+00
      7.589     -0.268     3.0251     28.038    100.516  75.773989     1.7884      7.236   229.2562 1.4168e+01     1.3767      7.445     10.798    12.7306 0.0000e+00
      7.508     -0.296     3.0083     28.041    100.543  75.878245     1.7617      7.235   229.0183 1.4825e+01     1.3450      7.362     10.677    12.6947 0.0000e+00
      7.428     -0.311     2.9948     28.106    100.524  76.033610     1.7665      7.235   228.8972 1.5461e+01     1.4130      7.282     10.562    12.6719 0.0000e+00
      7.349     -0.320     2.9805     28.217    100.303  76.127747     1.7885      7.234   228.7374 1.6153e+01     1.4462      7.207     10.454    12.6634 0.0000e+00
      7.268     -0.325     2.9716     28.361    100.114  76.254283     1.8192      7.233   228.4629 1.6952e+01     1.4052      7.130     10.341    12.6841 0.0000e+00
      7.183     -0.330     2.9703     28.520    100.221  76.610742     1.8296      7.233   228.1598 1.7793e+01     1.3619      7.044     10.217    12.7165 0.0000e+00
      7.097     -0.333     2.9726     28.674    100.160  77.006728     1.8393      7.233   227.8259 1.8627e+01     1.3332      6.958     10.093    12.7914 0.0000e+00
      7.012     -0.334     2.9751     28.871     99.555  77.166577     1.9871      7.232   227.2653 1.9518e+01     1.3310      6.878      9.975    12.9473 0.0000e+00
      6.924     -0.333     2.9794     29.150     98.955  77.273371     2.2596      7.231   226.6297 2.0485e+01     1.3693      6.792      9.850    13.0958 0.0000e+00
      6.836     -0.332     2.9942     29.515     98.799  77.599651     2.4121      7.230   226.3362 2.1427e+01     1.3861      6.701      9.719    13.1793 0.0000e+00
      6.753     -0.333     2.9926     30.041     98.804  78.125523     2.4325      7.229   226.3829 2.2320e+01     1.3977      6.620      9.603    13.3852 0.0000e+00
      6.674     -0.336     2.9847     30.789     98.563  78.675703     2.4310      7.229   226.5071 2.3262e+01     1.4074      6.547      9.496    13.7798 0.0000e+00
      6.593     -0.338     2.9971     31.804     97.893  79.041889     2.4612      7.228   226.4609 2.4335e+01     1.3661      6.469      9.382    14.0794 0.0000e+00
      6.504     -0.336     3.0176     33.139     96.985  79.186125     2.5387      7.224   226.2543 2.5560e+01     1.3425      6.381      9.253    14.2477 0.0000e+00
      6.410     -0.329     3.0549     34.840     96.189  79.213313     2.5866      7.220   225.9883 2.6845e+01     1.3612      6.284      9.114    14.4830 0.0000e+00
      6.319     -0.317     3.1033     36.990     95.719  79.244343     2.5990      7.218   225.7400 2.8068e+01     1.3878      6.194      8.983    14.8739 0.0000e+00
      6.235     -0.301     3.1688     39.536     95.676  79.434718     2.6301      7.218   225.4035 2.9168e+01     1.4246      6.111      8.863    15.3751 0.0000e+00
      6.163     -0.282     3.2679     42.218     95.794  79.735984     2.6806      7.219   225.0167 3.0076e+01     1.4308      6.040      8.759    15.8632 0.0000e+00
      6.103     -0.259     3.4055     44.825     95.794  80.090963     2.7011      7.219   224.7628 3.0879e+01     1.3939      5.984      8.678    16.2267 0.0000e+00
      6.043     -0.230     3.6001     47.203     95.986  80.803811     2.6870      7.219   224.0548 3.1736e+01     1.3547      5.929      8.599    16.4262 0.0000e+00
      5.980     -0.196     3.8559     49.238     96.032  81.682476     2.6683      7.222   223.0818 3.2617e+01     1.3666      5.865      8.506    16.5214 0.0000e+00
      5.919     -0.158     4.1199     51.149     95.006  81.945298     2.6575      7.229   222.8066 3.3338e+01     1.4008      5.798      8.410    16.5681 0.0000e+00
      5.876     -0.119     4.3566     53.208     93.477  81.631563     2.6574      7.238   223.0498 3.3675e+01     1.3925      5.752      8.342    16.7745 0.0000e+00
      5.859     -0.080     4.5744     55.443     92.635  81.322543     2.6579      7.244   223.2688 3.3653e+01     1.3687      5.741      8.326    17.0413 0.0000e+00
      5.859     -0.045     4.7196     57.903     92.555  81.133093     2.6552      7.248   223.2175 3.3568e+01     1.3529      5.746      8.334    17.4292 0.0000e+00
      5.860     -0.019     4.8153     60.460     92.816  81.056707     2.6494      7.253   222.9464 3.3562e+01     1.3369      5.748      8.337    18.1575 0.0000e+00
      5.860     -0.004     4.9517     62.630     93.102  81.097632     2.6467      7.258   222.9160 3.3583e+01     1.3123      5.747      8.336    18.7998 0.0000e+00
      5.859      0.001     5.1323     64.132     93.127  81.055651     2.6557      7.264   223.1940 3.3588e+01     1.2947      5.746      8.334    19.0103 0.0000e+00
      5.859      0.001     5.3766     64.985     93.073  80.930381     2.6915      7.272   223.3822 3.3573e+01     1.3972      5.746      8.334    18.8490 0.0000e+00
      5.860     -0.001     5.6653     65.180     93.222  80.854001     2.7463      7.280   223.3849 3.3533e+01     1.5949      5.746      8.334    18.6347 0.0000e+00
      5.862     -0.003     5.8918     64.800     93.447  80.830956     2.7773      7.288   223.3133 3.3494e+01     1.6701      5.748      8.338    18.5084 0.0000e+00
      5.862     -0.004     6.0238     64.018     93.686  80.905671     2.7761      7.296   223.4625 3.3486e+01     1.6230      5.750      8.340    18.5171 0.0000e+00
      5.860     -0.004     6.1091     63.023     93.814  80.994556     2.7233      7.301   223.8979 3.3508e+01     1.5726      5.748      8.336    18.5196 0.0000e+00
      5.855     -0.006     6.1435     62.082     93.729  81.015876     2.6292      7.305   224.1044 3.3546e+01     1.5729      5.742      8.328    18.3548 0.0000e+00
      5.853     -0.008     6.1168     61.356     93.604  81.036475     2.5787      7.310   224.0656 3.3534e+01     1.6261      5.738      8.323    18.2256 0.0000e+00
      5.854     -0.009     6.0483     60.838     93.611  81.116687     2.5872      7.315   224.1176 3.3479e+01     1.6693      5.741      8.326    18.1593 0.0000e+00
      5.854     -0.008     5.9455     60.578     93.705  81.286695     2.6576      7.319   224.3016 3.3507e+01     1.6854      5.743      8.330    18.1328 0.0000e+00
      5.850     -0.005     5.8413     60.628     93.626  81.439686     2.7718      7.324   224.4845 3.3603e+01     1.6845      5.738      8.322    18.2066 0.0000e+00
      5.844     -0.001     5.7662     60.928     93.325  81.505021     2.8288      7.329   224.4362 3.3632e+01     1.6589      5.728      8.309    18.3040 0.0000e+00
      5.841      0.003     5.7115     61.392     92.989  81.505091     2.8213      7.333   224.3197 3.3574e+01     1.6144      5.726      8.306    18.3234 0.0000e+00
      5.845      0.005     5.6825     61.945     92.704  81.377369     2.8145      7.337   224.2802 3.3435e+01     1.5905      5.731      8.312    18.3334 0.0000e+00
      5.852      0.007     5.6762     62.483     92.614  81.168469     2.8293      7.340   224.2168 3.3260e+01     1.6087      5.738      8.323    18.4629 0.0000e+00
      5.858      0.008     5.6826     62.899     92.648  80.885768     2.8591      7.345   224.1558 3.3173e+01     1.6298      5.747      8.334    18.6727 0.0000e+00
      5.859      0.007     5.7075     63.124     92.637  80.500992     2.8836      7.350   224.1447 3.3191e+01     1.6413      5.747      8.336    18.8514 0.0000e+00
