Data/DataNotYetUploadedToEDI/Raw_CTD/RawDownloads/081924_fcr50_S7809002.cnv
* Sea-Bird SBE19plus  Data File:
* FileName = C:\R\Reservoirs\Data\DataNotYetUploadedToEDI\Raw_CTD\RawDownloads\081924_fcr50_S7809_0002.hex
* Software version 2.8.0.119
* Temperature SN = 7809
* Conductivity SN = 7809
* System UpLoad Time = Aug 20 2024 14:05:07
* <ApplicationData>
* <Seaterm232>
# nquan = 15
# nvalues = 1943                        
# units = specified
# name 0 = depFM: Depth [fresh water, m]
# name 1 = dz/dtM: Descent Rate [m/s]
# name 2 = sbeox0Mg/L: Oxygen, SBE 43 [mg/l]
# name 3 = sbeox0PS: Oxygen, SBE 43 [% saturation]
# name 4 = specc: Specific Conductance [uS/cm]
# name 5 = c0uS/cm: Conductivity [uS/cm]
# name 6 = flECO-AFL: Fluorescence, WET Labs ECO-AFL/FL [mg/m^3]
# name 7 = ph: pH
# name 8 = orp: Oxidation Reduction Potential [mV]
# name 9 = par/sat/log: PAR/Logarithmic, Satlantic
# name 10 = turbWETntu0: Turbidity, WET Labs ECO [NTU]
# name 11 = prdM: Pressure, Strain Gauge [db]
# name 12 = prdE: Pressure, Strain Gauge [psi]
# name 13 = tv290C: Temperature [ITS-90, deg C]
# name 14 = flag:  0.000e+00
# span 0 =     -0.718,      9.514       
# span 1 =     -0.180,      0.270       
# span 2 =    -1.1723,     8.4726       
# span 3 =    -10.675,    103.389       
# span 4 =      0.651,    586.062       
# span 5 =   0.650715, 441.138137       
# span 6 =    -0.0886,   148.2595       
# span 7 =      5.883,      7.301       
# span 8 = -1240.7455,   196.1021       
# span 9 = 1.2356e-01, 2.0807e+03       
# span 10 =     0.2629,   168.3396      
# span 11 =     -0.704,      9.331      
# span 12 =     -1.022,     13.533      
# span 13 =    12.6280,    25.7677      
# span 14 = 0.0000e+00, 0.0000e+00      
# interval = seconds: 0.25
# start_time = Aug 19 2024 11:31:04 [Instrument's time stamp, header]
# bad_flag = -9.990e-29
*END*
[from data line 1639]
      6.772      0.052     7.0386     66.197     61.038  45.959713     0.5190      7.041   166.8986 1.2369e-01    19.6553      6.640      9.631    12.6394 0.0000e+00
      6.777      0.057     7.0428     66.181     61.016  45.941412     0.5443      7.040   167.2371 1.2364e-01    19.7628      6.646      9.639    12.6394 0.0000e+00
      6.787      0.062     7.0407     66.186     61.029  45.948168     0.5949      7.040   167.2788 1.2365e-01    19.9213      6.652      9.648    12.6425 0.0000e+00
      6.808      0.064     7.0333     66.216     61.072  45.977912     0.6064      7.040   167.4025 1.2368e-01    20.0001      6.670      9.673    12.6453 0.0000e+00
      6.840      0.062     7.0280     66.249     61.080  45.983621     0.5842      7.039   167.7003 1.2366e-01    19.9634      6.711      9.733    12.6463 0.0000e+00
      6.867      0.059     7.0279     66.279     61.040  45.953715     0.5595      7.038   167.9545 1.2364e-01    19.8538      6.743      9.779    12.6454 0.0000e+00
      6.875      0.054     7.0271     66.323     61.012  45.933734     0.5408      7.037   168.0661 1.2363e-01    19.7673      6.746      9.785    12.6415 0.0000e+00
      6.874      0.051     7.0327     66.359     61.012  45.932486     0.5403      7.037   168.1899 1.2357e-01    19.7719      6.738      9.774    12.6384 0.0000e+00
      6.879      0.052     7.0369     66.355     61.022  45.938617     0.5455      7.037   168.2459 1.2356e-01    19.8077      6.743      9.779    12.6382 0.0000e+00
      6.892      0.057     7.0376     66.319     61.032  45.944383     0.5450      7.037   168.2273 1.2361e-01    19.7893      6.757      9.800    12.6398 0.0000e+00
      6.912      0.062     7.0440     66.278     61.026  45.938719     0.5425      7.037   168.3958 1.2363e-01    19.7202      6.775      9.826    12.6404 0.0000e+00
      6.938      0.066     7.0496     66.262     61.020  45.933620     0.5486      7.037   168.6480 1.2367e-01    19.7233      6.805      9.869    12.6394 0.0000e+00
      6.963      0.065     7.0485     66.264     61.036  45.946212     0.5610      7.037   168.7818 1.2373e-01    19.7928      6.835      9.913    12.6379 0.0000e+00
      6.978      0.061     7.0444     66.261     61.059  45.963999     0.5593      7.037   168.6365 1.2377e-01    19.8787      6.846      9.930    12.6366 0.0000e+00
      6.985      0.055     7.0381     66.275     61.052  45.958224     0.5449      7.037   168.3541 1.2377e-01    19.9422      6.848      9.933    12.6357 0.0000e+00
      6.992      0.048     7.0367     66.311     61.029  45.939875     0.5287      7.037   168.3789 1.2371e-01    19.9111      6.855      9.942    12.6356 0.0000e+00
      7.006      0.042     7.0395     66.328     61.019  45.932591     0.5288      7.037   168.6780 1.2370e-01    19.9124      6.869      9.963    12.6358 0.0000e+00
      7.022      0.040     7.0367     66.290     61.020  45.933631     0.5463      7.037   169.0458 1.2378e-01    19.9584      6.887      9.990    12.6357 0.0000e+00
      7.036      0.040     7.0380     66.225     61.045  45.952459     0.5660      7.037   169.1261 1.2383e-01    19.8516      6.903     10.013    12.6352 0.0000e+00
      7.042      0.043     7.0438     66.190     61.068  45.969780     0.5839      7.037   168.8737 1.2380e-01    19.6120      6.908     10.018    12.6349 0.0000e+00
      7.045      0.045     7.0477     66.165     61.046  45.952613     0.5874      7.037   168.7475 1.2372e-01    19.4523      6.906     10.016    12.6348 0.0000e+00
      7.053      0.048     7.0429     66.121     61.023  45.935337     0.5921      7.037   168.8914 1.2365e-01    19.4578      6.911     10.024    12.6351 0.0000e+00
      7.070      0.053     7.0315     66.092     61.045  45.951353     0.5994      7.037   169.1512 1.2368e-01    19.5760      6.931     10.053    12.6353 0.0000e+00
      7.091      0.059     7.0299     66.106     61.050  45.955815     0.5921      7.037   169.2202 1.2378e-01    19.7198      6.957     10.090    12.6352 0.0000e+00
      7.109      0.063     7.0300     66.143     61.010  45.925805     0.5864      7.037   169.2098 1.2379e-01    19.7623      6.973     10.113    12.6348 0.0000e+00
      7.123      0.061     7.0219     66.186     60.983  45.905920     0.5804      7.037   169.3703 1.2378e-01    19.6801      6.984     10.129    12.6344 0.0000e+00
      7.138      0.054     7.0182     66.222     60.981  45.905835     0.5782      7.037   169.5253 1.2380e-01    19.6480      6.999     10.151    12.6342 0.0000e+00
      7.154      0.045     7.0208     66.233     61.004  45.924765     0.5937      7.036   169.7934 1.2376e-01    19.7161      7.017     10.178    12.6344 0.0000e+00
      7.167      0.040     7.0255     66.233     61.027  45.944362     0.6094      7.036   170.2034 1.2371e-01    19.7517      7.030     10.196    12.6349 0.0000e+00
      7.174      0.039     7.0296     66.234     61.033  45.952330     0.6102      7.036   170.4378 1.2372e-01    19.7363      7.037     10.205    12.6356 0.0000e+00
      7.177      0.043     7.0352     66.236     61.037  45.957629     0.5951      7.036   170.4770 1.2373e-01    19.7698      7.039     10.210    12.6361 0.0000e+00
      7.181      0.049     7.0349     66.244     61.020  45.944952     0.5847      7.036   170.4191 1.2370e-01    19.8828      7.039     10.210    12.6371 0.0000e+00
      7.193      0.055     7.0339     66.249     60.998  45.926015     0.5923      7.035   170.6846 1.2370e-01    19.9750      7.048     10.223    12.6393 0.0000e+00
      7.216      0.060     7.0344     66.250     60.992  45.919105     0.5957      7.034   171.1921 1.2372e-01    20.0312      7.075     10.262    12.6420 0.0000e+00
      7.241      0.061     7.0328     66.252     61.001  45.924890     0.5760      7.034   171.3066 1.2366e-01    19.9820      7.104     10.304    12.6451 0.0000e+00
      7.261      0.058     7.0349     66.244     61.011  45.932478     0.5450      7.034   171.2083 1.2361e-01    19.7900      7.124     10.331    12.6452 0.0000e+00
      7.272      0.050     7.0358     66.225     61.029  45.947359     0.5374      7.034   171.1219 1.2363e-01    19.6904      7.134     10.346    12.6423 0.0000e+00
      7.279      0.040     7.0356     66.219     61.066  45.977852     0.5424      7.034   171.2946 1.2364e-01    19.7339      7.138     10.354    12.6399 0.0000e+00
      7.285      0.030     7.0366     66.215     61.070  45.983747     0.5309      7.034   171.8346 1.2364e-01    19.7358      7.144     10.362    12.6393 0.0000e+00
      7.293      0.023     7.0365     66.210     61.028  45.955152     0.5149      7.034   172.2306 1.2365e-01    19.6104      7.152     10.372    12.6395 0.0000e+00
      7.301      0.019     7.0321     66.237     61.018  45.949532     0.5078      7.034   172.2959 1.2367e-01    19.4470      7.160     10.385    12.6401 0.0000e+00
      7.306      0.015     7.0318     66.274     61.055  45.979296     0.5111      7.033   172.3659 1.2373e-01    19.3658      7.166     10.393    12.6429 0.0000e+00
      7.307      0.014     7.0329     66.294     61.077  45.997607     0.5207      7.033   172.6478 1.2373e-01    19.3806      7.167     10.394    12.6453 0.0000e+00
      7.307      0.014     7.0277     66.313     61.051  45.980481     0.5492      7.034   172.8640 1.2366e-01    19.5241      7.164     10.391    12.6477 0.0000e+00
      7.309      0.016     7.0328     66.323     61.025  45.962683     0.5815      7.034   172.9159 1.2362e-01    19.6999      7.167     10.395    12.6503 0.0000e+00
      7.313      0.021     7.0385     66.308     61.038  45.972862     0.5779      7.034   172.9310 1.2363e-01    19.7300      7.171     10.400    12.6506 0.0000e+00
      7.318      0.028     7.0378     66.276     61.045  45.976590     0.5719      7.034   172.8740 1.2363e-01    19.6833      7.175     10.405    12.6519 0.0000e+00
      7.328      0.035     7.0412     66.253     61.007  45.944269     0.5929      7.034   172.8294 1.2362e-01    19.6821      7.186     10.421    12.6547 0.0000e+00
      7.339      0.042     7.0418     66.253     60.952  45.899486     0.6153      7.034   172.9934 1.2363e-01    19.7149      7.197     10.439    12.6564 0.0000e+00
      7.350      0.047     7.0406     66.255     60.931  45.879505     0.6176      7.035   173.3949 1.2370e-01    19.7035      7.207     10.453    12.6570 0.0000e+00
      7.362      0.053     7.0358     66.245     60.954  45.893129     0.5962      7.035   173.8116 1.2378e-01    19.6475      7.220     10.471    12.6556 0.0000e+00
      7.377      0.060     7.0326     66.226     61.015  45.937235     0.5642      7.034   173.8165 1.2379e-01    19.6183      7.235     10.494    12.6524 0.0000e+00
      7.391      0.065     7.0354     66.233     61.060  45.968394     0.5392      7.033   173.5400 1.2375e-01    19.6582      7.248     10.512    12.6487 0.0000e+00
      7.407      0.066     7.0359     66.267     61.041  45.952457     0.5350      7.032   173.6512 1.2368e-01    19.7533      7.261     10.531    12.6452 0.0000e+00
      7.428      0.063     7.0362     66.269     61.019  45.934984     0.5456      7.032   174.0429 1.2363e-01    19.7773      7.282     10.563    12.6428 0.0000e+00
      7.452      0.058     7.0321     66.226     61.037  45.947588     0.5431      7.032   174.3189 1.2363e-01    19.7102      7.312     10.604    12.6407 0.0000e+00
      7.470      0.053     7.0322     66.191     61.077  45.977873     0.5218      7.032   174.2339 1.2360e-01    19.6932      7.331     10.632    12.6384 0.0000e+00
      7.476      0.046     7.0403     66.182     61.084  45.983739     0.5129      7.031   173.8759 1.2360e-01    19.7431      7.332     10.635    12.6371 0.0000e+00
      7.480      0.038     7.0411     66.180     61.044  45.955029     0.5270      7.031   173.7766 1.2365e-01    19.7666      7.333     10.636    12.6364 0.0000e+00
      7.489      0.033     7.0332     66.176     61.034  45.948161     0.5338      7.032   173.8934 1.2367e-01    19.7041      7.343     10.649    12.6362 0.0000e+00
      7.500      0.032     7.0288     66.184     61.055  45.964189     0.5372      7.032   173.9975 1.2367e-01    19.6370      7.356     10.669    12.6363 0.0000e+00
      7.509      0.035     7.0297     66.226     61.047  45.958366     0.5594      7.032   174.0023 1.2365e-01    19.6388      7.365     10.683    12.6364 0.0000e+00
      7.516      0.036     7.0286     66.279     61.026  45.941241     0.5692      7.032   173.9519 1.2366e-01    19.6578      7.369     10.688    12.6376 0.0000e+00
      7.524      0.036     7.0287     66.306     61.036  45.947588     0.5725      7.032   174.0767 1.2370e-01    19.6949      7.378     10.701    12.6387 0.0000e+00
      7.535      0.035     7.0270     66.320     61.068  45.971619     0.5835      7.032   174.3063 1.2374e-01    19.6771      7.390     10.719    12.6393 0.0000e+00
      7.546      0.035     7.0327     66.339     61.076  45.977864     0.5852      7.032   174.5770 1.2376e-01    19.5454      7.401     10.734    12.6391 0.0000e+00
      7.555      0.035     7.0415     66.349     61.053  45.959610     0.5849      7.032   174.8541 1.2376e-01    19.4354      7.409     10.746    12.6377 0.0000e+00
      7.562      0.037     7.0428     66.329     61.029  45.941355     0.5791      7.032   174.9039 1.2378e-01    19.4398      7.415     10.755    12.6368 0.0000e+00
      7.569      0.042     7.0433     66.280     61.037  45.947598     0.5820      7.033   174.8359 1.2378e-01    19.5644      7.422     10.766    12.6366 0.0000e+00
      7.577      0.047     7.0462     66.224     61.069  45.971609     0.5952      7.033   174.8919 1.2373e-01    19.6777      7.430     10.776    12.6364 0.0000e+00
      7.589      0.052     7.0486     66.194     61.077  45.977738     0.5975      7.032   175.3227 1.2370e-01    19.6824      7.440     10.789    12.6362 0.0000e+00
      7.608      0.058     7.0461     66.191     61.051  45.958215     0.5932      7.031   176.0005 1.2367e-01    19.6903      7.460     10.820    12.6360 0.0000e+00
      7.629      0.064     7.0406     66.191     61.008  45.926016     0.5677      7.030   176.2043 1.2368e-01    19.7386      7.484     10.854    12.6358 0.0000e+00
      7.644      0.070     7.0325     66.184     60.982  45.905836     0.5314      7.030   175.9802 1.2372e-01    19.7884      7.498     10.874    12.6358 0.0000e+00
      7.656      0.075     7.0293     66.177     60.981  45.904663     0.5281      7.030   175.9577 1.2371e-01    19.7790      7.505     10.885    12.6359 0.0000e+00
      7.674      0.075     7.0305     66.180     60.990  45.911842     0.5444      7.030   176.4482 1.2368e-01    19.7283      7.521     10.910    12.6361 0.0000e+00
      7.700      0.072     7.0307     66.201     61.013  45.929155     0.5614      7.030   177.1789 1.2369e-01    19.6532      7.552     10.952    12.6360 0.0000e+00
      7.725      0.067     7.0297     66.235     61.005  45.923540     0.5757      7.029   177.5652 1.2374e-01    19.5539      7.579     10.991    12.6356 0.0000e+00
      7.745      0.057     7.0287     66.246     60.983  45.907428     0.5852      7.029   177.5060 1.2379e-01    19.5530      7.597     11.019    12.6354 0.0000e+00
      7.758      0.044     7.0283     66.219     61.003  45.924799     0.6011      7.030   177.4955 1.2382e-01    19.6082      7.610     11.038    12.6356 0.0000e+00
      7.764      0.031     7.0307     66.199     61.024  45.943120     0.6090      7.030   177.8670 1.2380e-01    19.6403      7.616     11.046    12.6358 0.0000e+00
      7.766      0.021     7.0357     66.209     61.017  45.938504     0.5985      7.029   178.2986 1.2374e-01    19.6677      7.616     11.045    12.6359 0.0000e+00
      7.767      0.021     7.0388     66.219     61.010  45.932468     0.5825      7.029   178.5844 1.2373e-01    19.7008      7.616     11.046    12.6362 0.0000e+00
      7.768      0.030     7.0324     66.218     61.010  45.933623     0.5814      7.028   178.6552 1.2376e-01    19.7326      7.618     11.049    12.6385 0.0000e+00
      7.772      0.045     7.0283     66.213     61.032  45.952469     0.5842      7.028   178.4666 1.2376e-01    19.7103      7.620     11.052    12.6411 0.0000e+00
      7.782      0.061     7.0322     66.223     61.054  45.969883     0.5675      7.028   178.3689 1.2372e-01    19.6371      7.626     11.061    12.6413 0.0000e+00
      7.803      0.071     7.0330     66.241     61.035  45.953719     0.5462      7.027   178.5064 1.2367e-01    19.5311      7.649     11.093    12.6405 0.0000e+00
      7.834      0.075     7.0328     66.225     61.029  45.947486     0.5260      7.026   178.7524 1.2372e-01    19.4189      7.683     11.144    12.6410 0.0000e+00
      7.864      0.070     7.0305     66.168     61.043  45.957998     0.5232      7.026   179.0206 1.2376e-01    19.4071      7.715     11.190    12.6440 0.0000e+00
      7.884      0.058     7.0317     66.123     61.033  45.953853     0.5621      7.026   178.7377 1.2368e-01    19.5253      7.737     11.221    12.6448 0.0000e+00
      7.894      0.043     7.0363     66.117     61.036  45.960859     0.6054      7.026   178.0857 1.2369e-01    19.6189      7.744     11.232    12.6423 0.0000e+00
      7.896      0.027     7.0358     66.117     61.054  45.979226     0.6049      7.026   178.0201 1.2377e-01    19.5824      7.744     11.231    12.6402 0.0000e+00
      7.896      0.014     7.0262     66.122     61.058  45.985480     0.5811      7.026   178.4601 1.2371e-01    19.4931      7.743     11.230    12.6400 0.0000e+00
      7.897      0.007     7.0196     66.156     61.039  45.972992     0.5845      7.026   178.9322 1.2366e-01    19.4956      7.744     11.233    12.6428 0.0000e+00
      7.899      0.005     7.0213     66.205     61.014  45.955204     0.6042      7.026   178.7372 1.2366e-01    19.5789      7.747     11.236    12.6470 0.0000e+00
