Data/DataNotYetUploadedToEDI/Raw_CTD/RawDownloads/081924_bvr50_S7809001.cnv
* Sea-Bird SBE19plus  Data File:
* FileName = C:\R\Reservoirs\Data\DataNotYetUploadedToEDI\Raw_CTD\RawDownloads\081924_fcr50_S7809_0001.hex
* Software version 2.8.0.119
* Temperature SN = 7809
* Conductivity SN = 7809
* System UpLoad Time = Aug 20 2024 14:04:13
* <ApplicationData>
* <Seaterm232>
# nquan = 15
# nvalues = 738                         
# units = specified
# name 0 = depFM: Depth [fresh water, m]
# name 1 = dz/dtM: Descent Rate [m/s]
# name 2 = sbeox0Mg/L: Oxygen, SBE 43 [mg/l]
# name 3 = sbeox0PS: Oxygen, SBE 43 [% saturation]
# name 4 = specc: Specific Conductance [uS/cm]
# name 5 = c0uS/cm: Conductivity [uS/cm]
# name 6 = flECO-AFL: Fluorescence, WET Labs ECO-AFL/FL [mg/m^3]
# name 7 = ph: pH
# name 8 = orp: Oxidation Reduction Potential [mV]
# name 9 = par/sat/log: PAR/Logarithmic, Satlantic
# name 10 = turbWETntu0: Turbidity, WET Labs ECO [NTU]
# name 11 = prdM: Pressure, Strain Gauge [db]
# name 12 = prdE: Pressure, Strain Gauge [psi]
# name 13 = tv290C: Temperature [ITS-90, deg C]
# name 14 = flag:  0.000e+00
# span 0 =     -0.568,      8.595       
# span 1 =     -0.069,      0.220       
# span 2 =    -0.1720,     9.3732       
# span 3 =     -1.700,    113.779       
# span 4 =     26.604,    164.164       
# span 5 =  24.704344, 115.969153       
# span 6 =     2.0811,    55.8840       
# span 7 =      5.947,      7.473       
# span 8 =  -117.1506,   207.4417       
# span 9 = 1.2361e-01, 2.2336e+03       
# span 10 =     3.9244,     7.6605      
# span 11 =     -0.578,      8.435      
# span 12 =     -0.838,     12.235      
# span 13 =    10.3041,    25.4645      
# span 14 = 0.0000e+00, 0.0000e+00      
# interval = seconds: 0.25
# start_time = Aug 19 2024 09:43:36 [Instrument's time stamp, header]
# bad_flag = -9.990e-29
*END*
[from data line 386]
      3.844      0.035     0.1568      1.509     58.641  47.536198    15.0518      7.126   130.4372 1.7672e+00     7.1021      3.770      5.469    15.6303 0.0000e+00
      3.851      0.033     0.1522      1.508     58.547  47.470449    15.3749      7.124   129.2728 1.7584e+00     7.0398      3.776      5.476    15.5762 0.0000e+00
      3.859      0.033     0.1502      1.503     58.158  47.176914    15.3960      7.122   128.2999 1.7384e+00     7.0276      3.785      5.490    15.5452 0.0000e+00
      3.867      0.035     0.1500      1.501     57.791  46.907516    15.4241      7.121   127.3645 1.7237e+00     7.1256      3.793      5.502    15.5291 0.0000e+00
      3.875      0.038     0.1507      1.503     57.799  46.943145    15.4813      7.119   126.4810 1.7043e+00     7.3025      3.799      5.510    15.5224 0.0000e+00
      3.886      0.040     0.1504      1.496     57.973  47.099855    15.5054      7.119   125.7915 1.6766e+00     7.3551      3.809      5.525    15.5330 0.0000e+00
      3.900      0.041     0.1497      1.479     58.120  47.215146    15.5074      7.117   125.3086 1.6521e+00     7.2844      3.824      5.547    15.5539 0.0000e+00
      3.912      0.043     0.1490      1.463     58.333  47.384813    15.7304      7.115   124.9446 1.6284e+00     7.3014      3.837      5.566    15.5787 0.0000e+00
      3.921      0.043     0.1499      1.458     58.630  47.627581    16.1708      7.114   124.6600 1.6064e+00     7.4581      3.846      5.577    15.6086 0.0000e+00
      3.930      0.042     0.1495      1.472     58.946  47.864878    16.4202      7.113   124.3618 1.5815e+00     7.6085      3.852      5.588    15.6289 0.0000e+00
      3.941      0.040     0.1467      1.487     59.302  48.095332    16.4076      7.113   123.9202 1.5557e+00     7.6502      3.865      5.606    15.6134 0.0000e+00
      3.953      0.039     0.1456      1.495     59.713  48.318756    15.9348      7.111   123.3647 1.5317e+00     7.6212      3.878      5.624    15.6062 0.0000e+00
      3.964      0.038     0.1439      1.512     60.064  48.470980    15.0652      7.108   122.8080 1.5085e+00     7.5655      3.887      5.637    15.6232 0.0000e+00
      3.973      0.037     0.1465      1.513     60.262  48.538899    14.5993      7.106   122.0068 1.5000e+00     7.5567      3.896      5.651    15.6060 0.0000e+00
      3.981      0.036     0.1493      1.500     60.504  48.695414    14.5629      7.104   120.9054 1.4897e+00     7.6172      3.904      5.663    15.5664 0.0000e+00
      3.989      0.036     0.1475      1.500     61.034  49.093510    14.5340      7.102   119.8162 1.4739e+00     7.6142      3.912      5.674    15.4689 0.0000e+00
      3.998      0.038     0.1526      1.491     61.602  49.479180    14.3577      7.099   118.9033 1.4646e+00     7.4866      3.921      5.687    15.3274 0.0000e+00
      4.007      0.040     0.1531      1.486     61.968  49.675835    14.0625      7.097   118.1268 1.4442e+00     7.3720      3.928      5.698    15.2504 0.0000e+00
      4.017      0.043     0.1484      1.503     62.320  49.883765    13.9110      7.095   117.2253 1.4134e+00     7.3555      3.938      5.711    15.2339 0.0000e+00
      4.030      0.045     0.1519      1.508     62.737  50.151797    13.8581      7.094   116.1770 1.3831e+00     7.3559      3.953      5.733    15.2332 0.0000e+00
      4.043      0.047     0.1497      1.493     63.141  50.376696    13.3313      7.093   115.1750 1.3489e+00     7.3080      3.965      5.750    15.1709 0.0000e+00
      4.054      0.047     0.1478      1.488     63.528  50.570993    12.3611      7.092   114.4022 1.3167e+00     7.2214      3.975      5.765    15.0624 0.0000e+00
      4.067      0.045     0.1523      1.487     63.839  50.722961    11.8229      7.090   114.1467 1.2971e+00     7.1288      3.989      5.785    15.0145 0.0000e+00
      4.079      0.041     0.1537      1.465     63.959  50.753559    11.7929      7.089   114.4087 1.2791e+00     7.1093      4.000      5.802    14.9832 0.0000e+00
      4.089      0.036     0.1497      1.444     63.910  50.686884    11.9657      7.088   114.8160 1.2563e+00     7.1224      4.011      5.817    14.8933 0.0000e+00
      4.099      0.031     0.1503      1.443     63.975  50.742240    12.2725      7.086   114.8557 1.2373e+00     7.0488      4.022      5.832    14.7918 0.0000e+00
      4.106      0.031     0.1526      1.444     64.336  51.041877    12.4388      7.084   114.2869 1.2278e+00     6.9372      4.029      5.842    14.7154 0.0000e+00
      4.109      0.036     0.1484      1.437     64.799  51.388848    12.3956      7.080   113.6171 1.2238e+00     6.8658      4.030      5.845    14.6625 0.0000e+00
      4.111      0.043     0.1457      1.436     65.199  51.635449    11.8251      7.076   113.2957 1.2151e+00     6.9024      4.029      5.844    14.6414 0.0000e+00
      4.120      0.051     0.1465      1.441     65.525  51.800900    10.8087      7.073   113.0682 1.1929e+00     7.0388      4.035      5.852    14.6493 0.0000e+00
      4.141      0.057     0.1474      1.426     65.786  51.928667    10.2702      7.070   112.6738 1.1584e+00     7.1475      4.059      5.887    14.6750 0.0000e+00
      4.166      0.061     0.1455      1.412     65.988  52.037147    10.1995      7.069   112.1407 1.1188e+00     7.1920      4.089      5.930    14.6675 0.0000e+00
      4.185      0.061     0.1451      1.411     66.187  52.159931     9.8533      7.069   111.5264 1.0820e+00     7.2018      4.106      5.956    14.6008 0.0000e+00
      4.198      0.057     0.1486      1.411     66.368  52.270155     9.2307      7.068   110.8389 1.0538e+00     7.1636      4.118      5.972    14.5188 0.0000e+00
      4.209      0.049     0.1450      1.407     66.360  52.226766     8.8896      7.068   110.0229 1.0303e+00     7.1054      4.128      5.987    14.4566 0.0000e+00
      4.219      0.041     0.1434      1.390     66.136  52.016294     8.8663      7.067   109.3188 1.0087e+00     7.1131      4.136      6.000    14.4208 0.0000e+00
      4.229      0.036     0.1445      1.383     65.758  51.693890     8.8739      7.065   108.7775 9.8834e-01     7.1206      4.147      6.015    14.4011 0.0000e+00
      4.239      0.036     0.1436      1.394     65.462  51.440144     8.8908      7.064   107.9522 9.7344e-01     7.0929      4.158      6.030    14.3774 0.0000e+00
      4.246      0.038     0.1452      1.400     65.557  51.488292     8.9206      7.064   106.9970 9.6839e-01     7.0856      4.165      6.040    14.3480 0.0000e+00
      4.251      0.043     0.1416      1.403     65.853  51.704514     8.9261      7.063   106.3495 9.6183e-01     7.0666      4.167      6.044    14.3178 0.0000e+00
      4.261      0.048     0.1402      1.408     66.088  51.895418     8.9070      7.062   105.9736 9.4369e-01     7.1022      4.176      6.057    14.3004 0.0000e+00
      4.277      0.053     0.1438      1.407     66.398  52.145459     8.6482      7.060   105.6355 9.1408e-01     7.3122      4.194      6.082    14.2914 0.0000e+00
      4.295      0.057     0.1433      1.408     66.881  52.505163     8.1528      7.058   105.2723 8.7534e-01     7.5900      4.212      6.109    14.2631 0.0000e+00
      4.312      0.058     0.1434      1.397     67.335  52.815365     7.8781      7.058   104.9388 8.4655e-01     7.6605      4.229      6.134    14.2441 0.0000e+00
      4.327      0.055     0.1453      1.380     67.605  52.974854     7.8317      7.058   104.5281 8.3649e-01     7.5495      4.244      6.156    14.2594 0.0000e+00
      4.341      0.049     0.1430      1.400     67.741  53.036361     7.7163      7.058   103.9206 8.2543e-01     7.3749      4.258      6.175    14.2729 0.0000e+00
      4.353      0.043     0.1451      1.443     67.716  52.987434     7.5393      7.058   103.1000 8.0377e-01     7.1883      4.269      6.192    14.2577 0.0000e+00
      4.363      0.038     0.1442      1.457     67.503  52.827783     7.4652      7.058   102.2625 7.8344e-01     7.1383      4.280      6.208    14.2159 0.0000e+00
      4.371      0.034     0.1396      1.454     67.334  52.757162     7.4687      7.057   101.6248 7.6856e-01     7.1125      4.287      6.218    14.1742 0.0000e+00
      4.377      0.032     0.1422      1.447     67.398  52.895702     7.5413      7.056   101.0681 7.6237e-01     6.9789      4.292      6.225    14.1401 0.0000e+00
      4.384      0.034     0.1506      1.421     67.677  53.169364     7.7105      7.054   100.4352 7.6007e-01     6.8547      4.300      6.236    14.1133 0.0000e+00
      4.391      0.040     0.1507      1.410     67.985  53.398812     7.8250      7.053    99.8237 7.3344e-01     6.8409      4.305      6.244    14.1079 0.0000e+00
      4.400      0.049     0.1477      1.404     68.374  53.637727     7.8516      7.052    99.4395 6.9933e-01     6.9144      4.314      6.256    14.1626 0.0000e+00
      4.412      0.058     0.1514      1.388     69.228  54.216268     7.7821      7.050    99.3176 6.8693e-01     6.8891      4.325      6.272    14.2499 0.0000e+00
      4.429      0.065     0.1432      1.403     70.303  54.932030     7.6340      7.048    99.2965 6.7931e-01     6.7061      4.341      6.296    14.2972 0.0000e+00
      4.451      0.070     0.1441      1.436     71.076  55.369223     7.5508      7.045    99.1840 6.6249e-01     6.5794      4.365      6.333    14.2870 0.0000e+00
      4.473      0.071     0.1460      1.454     71.536  55.564409     7.5168      7.043    98.9043 6.3798e-01     6.5870      4.389      6.365    14.2205 0.0000e+00
      4.493      0.070     0.1397      1.450     72.207  55.958056     7.1982      7.040    98.6682 6.1904e-01     6.4910      4.407      6.392    14.1631 0.0000e+00
      4.510      0.066     0.1441      1.434     73.377  56.762313     6.6113      7.037    98.6515 6.1030e-01     6.2041      4.424      6.416    14.0825 0.0000e+00
      4.523      0.061     0.1488      1.418     74.426  57.475986     6.2969      7.036    98.7024 5.8453e-01     5.9871      4.436      6.434    13.9436 0.0000e+00
      4.537      0.057     0.1515      1.428     75.934  58.552775     6.2594      7.035    98.6806 5.4494e-01     5.9175      4.448      6.453    13.8214 0.0000e+00
      4.552      0.055     0.1504      1.444     78.303  60.316389     6.2411      7.034    98.6469 5.2534e-01     5.9100      4.466      6.477    13.7398 0.0000e+00
      4.567      0.054     0.1495      1.419     79.667  61.329992     6.3093      7.034    98.5533 5.1846e-01     5.9985      4.480      6.497    13.6768 0.0000e+00
      4.580      0.053     0.1459      1.387     79.870  61.469771     6.4508      7.035    98.3232 5.0506e-01     6.1675      4.490      6.513    13.6076 0.0000e+00
      4.594      0.050     0.1473      1.389     80.084  61.625228     6.5288      7.036    98.0157 4.9693e-01     6.2458      4.504      6.533    13.5445 0.0000e+00
      4.608      0.047     0.1535      1.393     80.101  61.621295     6.5372      7.036    97.7600 4.9406e-01     6.1935      4.519      6.555    13.5068 0.0000e+00
      4.620      0.044     0.1484      1.378     79.549  61.168079     6.5942      7.036    97.8140 4.7489e-01     6.1840      4.531      6.571    13.4836 0.0000e+00
      4.630      0.042     0.1419      1.369     78.439  60.274928     6.7102      7.036    98.1525 4.4771e-01     6.2679      4.541      6.586    13.4747 0.0000e+00
      4.639      0.040     0.1451      1.374     77.201  59.271617     6.7904      7.035    98.4965 4.3714e-01     6.3534      4.550      6.599    13.4760 0.0000e+00
      4.646      0.038     0.1468      1.365     76.187  58.439083     6.8149      7.035    98.6176 4.3560e-01     6.3979      4.556      6.608    13.4634 0.0000e+00
      4.656      0.036     0.1429      1.349     75.297  57.704620     6.7572      7.035    98.3262 4.2187e-01     6.3280      4.565      6.620    13.4458 0.0000e+00
      4.668      0.035     0.1420      1.339     74.604  57.124491     6.6248      7.034    97.6406 4.0213e-01     6.1226      4.579      6.641    13.4227 0.0000e+00
      4.678      0.035     0.1445      1.308     74.429  56.950961     6.5375      7.034    96.8664 3.9694e-01     5.9641      4.590      6.657    13.3843 0.0000e+00
      4.686      0.037     0.1434      1.289     75.029  57.384942     6.5179      7.034    96.2786 4.0192e-01     5.9495      4.596      6.664    13.3469 0.0000e+00
      4.692      0.040     0.1396      1.325     75.919  58.052363     6.4712      7.035    95.7824 3.9755e-01     5.9797      4.601      6.673    13.3152 0.0000e+00
      4.699      0.043     0.1422      1.358     76.368  58.414590     6.3804      7.034    95.3408 3.8467e-01     5.9879      4.607      6.682    13.2792 0.0000e+00
      4.711      0.047     0.1372      1.364     76.516  58.588573     6.3279      7.034    95.0695 3.7468e-01     5.9454      4.617      6.696    13.2501 0.0000e+00
      4.727      0.051     0.1307      1.376     76.654  58.758534     6.3024      7.034    94.5671 3.6577e-01     5.8762      4.635      6.723    13.2391 0.0000e+00
      4.744      0.053     0.1401      1.382     76.767  58.881564     6.1551      7.033    93.3966 3.4644e-01     5.8000      4.654      6.750    13.2224 0.0000e+00
      4.758      0.054     0.1444      1.375     76.996  59.059785     5.9124      7.031    91.7579 3.2706e-01     5.7076      4.667      6.769    13.2272 0.0000e+00
      4.770      0.053     0.1411      1.364     77.297  59.261758     5.7982      7.031    90.0682 3.2311e-01     5.7154      4.678      6.785    13.2828 0.0000e+00
      4.783      0.050     0.1446      1.341     77.303  59.227239     5.7968      7.030    88.5392 3.1698e-01     5.7243      4.690      6.801    13.3319 0.0000e+00
      4.796      0.049     0.1452      1.318     77.160  59.087057     5.7954      7.028    87.2960 3.1085e-01     5.5749      4.704      6.821    13.3547 0.0000e+00
      4.809      0.049     0.1434      1.322     77.312  59.154924     5.7901      7.026    86.4791 3.1166e-01     5.4125      4.717      6.841    13.3577 0.0000e+00
      4.821      0.049     0.1433      1.350     77.716  59.348989     5.7745      7.024    85.9759 3.0238e-01     5.3660      4.728      6.856    13.3341 0.0000e+00
      4.832      0.050     0.1405      1.366     77.898  59.337017     5.7734      7.021    85.7721 2.8675e-01     5.4230      4.738      6.871    13.3000 0.0000e+00
      4.845      0.051     0.1368      1.359     77.533  58.946456     5.7846      7.017    85.9077 2.6599e-01     5.4862      4.751      6.890    13.2860 0.0000e+00
      4.858      0.054     0.1368      1.356     76.949  58.438091     5.8273      7.015    85.8944 2.4914e-01     5.5507      4.764      6.910    13.2758 0.0000e+00
      4.872      0.059     0.1427      1.363     76.545  58.081671     5.9067      7.014    85.3530 2.4614e-01     5.6218      4.776      6.928    13.1940 0.0000e+00
      4.887      0.064     0.1450      1.361     76.097  57.686033     5.9457      7.011    84.4382 2.3673e-01     5.6285      4.791      6.949    13.0675 0.0000e+00
      4.904      0.068     0.1425      1.350     75.567  57.211547     5.9492      7.009    83.4382 2.2242e-01     5.6313      4.809      6.975    12.9972 0.0000e+00
      4.922      0.072     0.1421      1.346     75.291  56.918035     5.9565      7.007    82.2958 2.1837e-01     5.7240      4.826      6.999    12.9690 0.0000e+00
      4.942      0.073     0.1446      1.342     75.157  56.741382     5.9595      7.006    80.4344 2.0757e-01     5.8953      4.845      7.027    12.9369 0.0000e+00
      4.963      0.070     0.1444      1.346     75.048  56.599987     5.9526      7.007    77.5377 1.8994e-01     5.9605      4.869      7.062    12.9047 0.0000e+00
      4.983      0.065     0.1417      1.358     75.028  56.542252     5.9401      7.007    73.4274 1.8405e-01     5.8969      4.888      7.088    12.8556 0.0000e+00
