Data/DataNotYetUploadedToEDI/Raw_CTD/RawDownloads/081924_fcr30_S7809005.cnv
* Sea-Bird SBE19plus  Data File:
* FileName = C:\R\Reservoirs\Data\DataNotYetUploadedToEDI\Raw_CTD\RawDownloads\081924_fcr50_S7809_0006.hex
* Software version 2.8.0.119
* Temperature SN = 7809
* Conductivity SN = 7809
* System UpLoad Time = Aug 20 2024 14:06:45
* <ApplicationData>
* <Seaterm232>
# nquan = 15
# nvalues = 1288                        
# units = specified
# name 0 = depFM: Depth [fresh water, m]
# name 1 = dz/dtM: Descent Rate [m/s]
# name 2 = sbeox0Mg/L: Oxygen, SBE 43 [mg/l]
# name 3 = sbeox0PS: Oxygen, SBE 43 [% saturation]
# name 4 = specc: Specific Conductance [uS/cm]
# name 5 = c0uS/cm: Conductivity [uS/cm]
# name 6 = flECO-AFL: Fluorescence, WET Labs ECO-AFL/FL [mg/m^3]
# name 7 = ph: pH
# name 8 = orp: Oxidation Reduction Potential [mV]
# name 9 = par/sat/log: PAR/Logarithmic, Satlantic
# name 10 = turbWETntu0: Turbidity, WET Labs ECO [NTU]
# name 11 = prdM: Pressure, Strain Gauge [db]
# name 12 = prdE: Pressure, Strain Gauge [psi]
# name 13 = tv290C: Temperature [ITS-90, deg C]
# name 14 = flag:  0.000e+00
# span 0 =     -0.706,      5.371       
# span 1 =     -0.017,      0.180       
# span 2 =     0.1164,     8.4586       
# span 3 =      1.142,    102.562       
# span 4 =      1.109,     88.697       
# span 5 =   1.066129,  74.301300       
# span 6 =    -0.0824,    49.8899       
# span 7 =      7.403,      7.948       
# span 8 =   -72.8551,   281.3578       
# span 9 = 1.2354e-01, 8.1676e+02       
# span 10 =     0.9475,   189.6420      
# span 11 =     -0.693,      5.268      
# span 12 =     -1.006,      7.641      
# span 13 =    12.6249,    25.5085      
# span 14 = 0.0000e+00, 0.0000e+00      
# interval = seconds: 0.25
# start_time = Aug 19 2024 12:26:58 [Instrument's time stamp, header]
# bad_flag = -9.990e-29
*END*
[from data line 290]
      0.602      0.003     7.6038     92.463     41.655  41.934447     5.0840      7.769   182.1147 7.1909e+02     4.1782      0.590      0.856    25.3308 0.0000e+00
      0.602      0.003     7.6037     92.445     41.656  41.934488     5.0872      7.770   182.1161 6.4990e+02     4.2190      0.591      0.857    25.3311 0.0000e+00
      0.602      0.002     7.6021     92.480     41.645  41.921327     5.0984      7.772   182.1749 6.2409e+02     4.2177      0.590      0.856    25.3304 0.0000e+00
      0.603      0.002     7.5993     92.513     41.629  41.902245     5.0953      7.773   182.3098 6.0988e+02     4.1968      0.591      0.857    25.3299 0.0000e+00
      0.603      0.002     7.5913     92.515     41.622  41.894169     5.0912      7.774   182.3696 5.8213e+02     4.1715      0.592      0.858    25.3295 0.0000e+00
      0.604      0.004     7.5894     92.507     41.616  41.887144     5.0819      7.776   182.2958 5.8618e+02     4.1515      0.592      0.858    25.3282 0.0000e+00
      0.605      0.008     7.5958     92.520     41.611  41.880778     5.0654      7.778   182.2786 5.9488e+02     4.1598      0.593      0.860    25.3254 0.0000e+00
      0.605      0.012     7.5994     92.556     41.612  41.880664     5.0426      7.778   182.3335 5.6447e+02     4.0998      0.594      0.861    25.3223 0.0000e+00
      0.607      0.016     7.5993     92.597     41.618  41.885761     5.0223      7.779   182.3579 5.2561e+02     4.0071      0.594      0.861    25.3200 0.0000e+00
      0.613      0.018     7.5970     92.601     41.613  41.878938     5.0202      7.782   182.2282 5.1583e+02     3.9955      0.599      0.869    25.3190 0.0000e+00
      0.622      0.018     7.5990     92.548     41.596  41.861633     5.0337      7.783   182.0559 5.3594e+02     4.0624      0.610      0.885    25.3184 0.0000e+00
      0.629      0.017     7.6020     92.491     41.602  41.866930     5.0685      7.784   182.0818 5.6343e+02     4.2005      0.619      0.897    25.3169 0.0000e+00
      0.633      0.014     7.6072     92.460     41.615  41.879519     5.1000      7.785   182.1963 5.7026e+02     4.2660      0.621      0.900    25.3151 0.0000e+00
      0.635      0.010     7.6096     92.418     41.623  41.886906     5.1075      7.785   182.2361 5.7520e+02     4.2390      0.622      0.903    25.3137 0.0000e+00
      0.635      0.006     7.6019     92.338     41.629  41.892776     5.1001      7.786   182.2196 5.9943e+02     4.2147      0.623      0.904    25.3128 0.0000e+00
      0.635      0.004     7.5965     92.248     41.623  41.887025     5.0688      7.787   182.2549 5.9101e+02     4.1437      0.622      0.903    25.3120 0.0000e+00
      0.636      0.004     7.5958     92.184     41.618  41.880835     5.0369      7.788   182.3188 5.3731e+02     4.0637      0.623      0.904    25.3114 0.0000e+00
      0.637      0.004     7.5940     92.162     41.618  41.881406     5.0311      7.788   182.3033 5.2323e+02     3.9990      0.624      0.905    25.3107 0.0000e+00
      0.638      0.005     7.5854     92.167     41.631  41.893932     5.0317      7.788   182.3257 5.5662e+02     3.9416      0.625      0.907    25.3103 0.0000e+00
      0.640      0.006     7.5775     92.177     41.642  41.905354     5.0110      7.789   182.4181 5.5277e+02     3.9851      0.627      0.910    25.3100 0.0000e+00
      0.641      0.008     7.5715     92.217     41.630  41.892566     4.9716      7.790   182.4736 5.3723e+02     4.1142      0.629      0.912    25.3098 0.0000e+00
      0.643      0.011     7.5702     92.303     41.604  41.866239     4.9632      7.790   182.5663 5.4158e+02     4.2052      0.631      0.915    25.3099 0.0000e+00
      0.644      0.014     7.5722     92.398     41.579  41.840914     4.9851      7.791   182.6789 5.2058e+02     4.1966      0.631      0.916    25.3100 0.0000e+00
      0.647      0.016     7.5712     92.447     41.579  41.840229     4.9696      7.792   182.7171 5.1428e+02     4.1130      0.634      0.919    25.3099 0.0000e+00
      0.654      0.018     7.5740     92.448     41.596  41.857960     4.9178      7.792   182.7690 5.4121e+02     4.0144      0.641      0.930    25.3098 0.0000e+00
      0.662      0.019     7.5821     92.441     41.601  41.864891     4.8917      7.792   182.8761 5.8036e+02     3.9607      0.650      0.943    25.3093 0.0000e+00
      0.667      0.022     7.5927     92.453     41.596  41.860573     4.9028      7.793   182.8940 6.1451e+02     3.9764      0.655      0.950    25.3088 0.0000e+00
      0.670      0.024     7.5964     92.498     41.603  41.869227     4.9275      7.794   182.8135 6.3101e+02     4.0330      0.658      0.954    25.3087 0.0000e+00
      0.674      0.024     7.5944     92.555     41.639  41.906050     4.9403      7.794   182.7632 6.3911e+02     4.0985      0.660      0.957    25.3093 0.0000e+00
      0.680      0.023     7.5937     92.566     41.657  41.924985     4.9409      7.794   182.8017 6.0982e+02     4.1195      0.665      0.965    25.3104 0.0000e+00
      0.690      0.022     7.5936     92.547     41.640  41.907766     4.9512      7.795   182.9357 5.6664e+02     4.1165      0.678      0.983    25.3122 0.0000e+00
      0.698      0.020     7.5969     92.529     41.621  41.888268     4.9651      7.796   183.0058 5.3437e+02     4.1648      0.688      0.997    25.3140 0.0000e+00
      0.702      0.017     7.6052     92.485     41.612  41.879643     4.9764      7.796   182.9613 5.1407e+02     4.1912      0.690      1.000    25.3152 0.0000e+00
      0.704      0.014     7.6044     92.431     41.599  41.866941     4.9798      7.796   183.0853 5.1671e+02     4.1621      0.690      1.000    25.3157 0.0000e+00
      0.705      0.010     7.6007     92.420     41.594  41.861634     4.9645      7.796   183.3871 5.0988e+02     4.1545      0.691      1.002    25.3162 0.0000e+00
      0.708      0.009     7.6021     92.442     41.612  41.878938     4.9500      7.796   183.5986 5.0715e+02     4.1670      0.693      1.005    25.3165 0.0000e+00
      0.711      0.010     7.5975     92.472     41.618  41.885761     4.9618      7.797   183.6640 5.7690e+02     4.1770      0.697      1.011    25.3161 0.0000e+00
      0.713      0.012     7.5905     92.509     41.613  41.880664     4.9828      7.797   183.6615 6.3943e+02     4.1726      0.700      1.015    25.3158 0.0000e+00
      0.715      0.014     7.5904     92.540     41.613  41.880769     4.9793      7.797   183.6550 5.9045e+02     4.1481      0.700      1.016    25.3152 0.0000e+00
      0.718      0.014     7.5938     92.544     41.619  41.887030     4.9603      7.797   183.6712 5.5717e+02     4.1543      0.703      1.020    25.3151 0.0000e+00
      0.724      0.014     7.5952     92.538     41.625  41.892900     4.9538      7.798   183.6856 5.7558e+02     4.2136      0.710      1.030    25.3156 0.0000e+00
      0.729      0.014     7.5989     92.556     41.620  41.888284     4.9672      7.800   183.7425 5.9702e+02     4.2500      0.716      1.038    25.3160 0.0000e+00
      0.733      0.014     7.6024     92.573     41.627  41.894683     4.9886      7.802   183.8428 6.1925e+02     4.2186      0.719      1.043    25.3161 0.0000e+00
      0.735      0.013     7.6025     92.548     41.639  41.906796     4.9881      7.803   183.8663 5.9137e+02     4.1754      0.721      1.046    25.3159 0.0000e+00
      0.738      0.013     7.5997     92.490     41.640  41.907802     4.9786      7.804   183.8548 5.6866e+02     4.1717      0.723      1.048    25.3159 0.0000e+00
      0.741      0.014     7.6024     92.418     41.639  41.906853     4.9978      7.805   183.8756 5.7442e+02     4.2085      0.727      1.054    25.3160 0.0000e+00
      0.744      0.015     7.6061     92.351     41.628  41.895323     5.0283      7.806   183.9452 5.6297e+02     4.2443      0.729      1.058    25.3162 0.0000e+00
      0.748      0.016     7.6025     92.293     41.628  41.895323     5.0490      7.807   184.0951 5.4032e+02     4.2637      0.732      1.062    25.3160 0.0000e+00
      0.753      0.016     7.5981     92.258     41.639  41.906853     5.0643      7.808   184.1386 5.3104e+02     4.3052      0.739      1.071    25.3152 0.0000e+00
      0.758      0.015     7.5910     92.262     41.640  41.907798     5.0720      7.808   184.0415 5.4143e+02     4.3704      0.744      1.079    25.3151 0.0000e+00
      0.763      0.014     7.5858     92.296     41.639  41.906749     5.0750      7.808   184.0392 5.4490e+02     4.4384      0.749      1.086    25.3158 0.0000e+00
      0.766      0.014     7.5806     92.349     41.625  41.894173     5.0832      7.809   184.1107 5.4375e+02     4.5120      0.752      1.091    25.3158 0.0000e+00
      0.768      0.014     7.5766     92.406     41.612  41.882677     5.0469      7.809   184.2172 5.4993e+02     4.4754      0.752      1.091    25.3152 0.0000e+00
      0.770      0.016     7.5783     92.466     41.623  41.894683     4.9526      7.809   184.3803 5.3804e+02     4.3032      0.754      1.094    25.3148 0.0000e+00
      0.773      0.019     7.5805     92.516     41.639  41.912412     4.8996      7.809   184.5349 5.1685e+02     4.2060      0.758      1.098    25.3156 0.0000e+00
      0.778      0.021     7.5857     92.531     41.632  41.906633     4.9059      7.809   184.6238 5.0669e+02     4.2211      0.761      1.104    25.3172 0.0000e+00
      0.787      0.021     7.5897     92.537     41.613  41.888278     4.9211      7.810   184.7665 4.9155e+02     4.2129      0.771      1.119    25.3191 0.0000e+00
      0.796      0.020     7.5944     92.579     41.606  41.880892     4.9246      7.812   184.9695 4.7557e+02     4.1066      0.783      1.135    25.3214 0.0000e+00
      0.802      0.018     7.5999     92.617     41.607  41.880799     4.9066      7.812   185.0130 4.5762e+02     3.9961      0.787      1.141    25.3233 0.0000e+00
      0.804      0.015     7.6001     92.588     41.614  41.887147     4.8950      7.813   185.0355 4.3795e+02     3.9688      0.788      1.143    25.3243 0.0000e+00
      0.805      0.011     7.5979     92.514     41.624  41.894169     4.9094      7.815   185.1554 4.2730e+02     3.9813      0.789      1.144    25.3245 0.0000e+00
      0.807      0.008     7.6030     92.452     41.634  41.902231     4.9465      7.817   185.2582 4.1231e+02     4.0799      0.791      1.147    25.3242 0.0000e+00
      0.809      0.007     7.6100     92.416     41.654  41.921156     4.9863      7.818   185.3314 3.9154e+02     4.2047      0.793      1.150    25.3233 0.0000e+00
      0.811      0.007     7.6057     92.396     41.667  41.932591     4.9912      7.819   185.3526 3.6562e+02     4.1921      0.796      1.153    25.3217 0.0000e+00
      0.813      0.007     7.5981     92.372     41.648  41.913542     4.9725      7.820   185.3422 3.3883e+02     4.1321      0.797      1.156    25.3197 0.0000e+00
      0.814      0.009     7.5928     92.312     41.615  41.881247     4.9680      7.820   185.4637 3.1812e+02     4.1628      0.798      1.158    25.3169 0.0000e+00
      0.815      0.014     7.5917     92.252     41.594  41.859450     4.9786      7.818   185.7036 3.0538e+02     4.2211      0.799      1.159    25.3140 0.0000e+00
      0.816      0.020     7.5892     92.252     41.577  41.840410     4.9846      7.816   185.9187 3.2198e+02     4.2225      0.799      1.159    25.3128 0.0000e+00
      0.819      0.026     7.5901     92.286     41.581  41.841431     4.9739      7.814   186.0852 3.5785e+02     4.1790      0.801      1.162    25.3126 0.0000e+00
      0.829      0.031     7.5839     92.321     41.615  41.871792     4.9572      7.814   186.2543 3.9157e+02     4.1399      0.811      1.177    25.3130 0.0000e+00
      0.843      0.036     7.5742     92.326     41.635  41.890156     4.9580      7.812   186.5012 4.2575e+02     4.1593      0.828      1.201    25.3136 0.0000e+00
      0.855      0.039     7.5786     92.292     41.618  41.873051     4.9754      7.810   186.6622 4.4748e+02     4.2079      0.841      1.219    25.3112 0.0000e+00
      0.863      0.040     7.5812     92.262     41.601  41.855381     4.9835      7.809   186.6518 4.5582e+02     4.2154      0.847      1.228    25.3063 0.0000e+00
      0.872      0.038     7.5862     92.236     41.612  41.866920     4.9068      7.808   186.6338 4.8447e+02     4.1824      0.854      1.237    25.3025 0.0000e+00
      0.882      0.035     7.5882     92.196     41.631  41.885639     4.7629      7.807   186.7024 5.1021e+02     4.1506      0.864      1.253    25.3007 0.0000e+00
      0.892      0.033     7.5819     92.168     41.637  41.891301     4.6928      7.806   186.7929 4.9731e+02     4.1726      0.875      1.271    25.3004 0.0000e+00
      0.902      0.032     7.5806     92.152     41.617  41.871906     4.7003      7.805   186.7810 4.8401e+02     4.2436      0.886      1.284    25.3001 0.0000e+00
      0.908      0.031     7.5800     92.153     41.587  41.841545     4.7277      7.806   186.8169 4.7676e+02     4.2562      0.891      1.291    25.2995 0.0000e+00
      0.914      0.030     7.5742     92.187     41.588  41.841545     4.7662      7.807   186.9684 4.6943e+02     4.1897      0.895      1.298    25.2997 0.0000e+00
      0.920      0.028     7.5730     92.196     41.620  41.871915     4.7915      7.806   187.0651 4.7123e+02     4.1571      0.903      1.309    25.2999 0.0000e+00
      0.928      0.026     7.5720     92.153     41.640  41.891404     4.7929      7.806   187.1258 4.6503e+02     4.1693      0.910      1.319    25.2998 0.0000e+00
      0.937      0.024     7.5693     92.103     41.636  41.886773     4.7910      7.806   187.1853 4.5462e+02     4.1653      0.919      1.333    25.2994 0.0000e+00
      0.944      0.022     7.5763     92.058     41.629  41.879385     4.8186      7.807   187.1824 4.5762e+02     4.1436      0.927      1.345    25.2986 0.0000e+00
      0.948      0.019     7.5781     92.007     41.616  41.865549     4.8688      7.808   187.2634 4.7612e+02     4.1459      0.930      1.349    25.2972 0.0000e+00
      0.951      0.015     7.5719     91.974     41.598  41.846416     4.8983      7.810   187.3899 4.8752e+02     4.1580      0.932      1.352    25.2956 0.0000e+00
      0.955      0.011     7.5680     91.976     41.591  41.838448     4.8998      7.811   187.4204 4.6612e+02     4.1536      0.937      1.359    25.2947 0.0000e+00
      0.958      0.009     7.5656     91.971     41.586  41.832673     4.8789      7.811   187.4604 4.4370e+02     4.1274      0.941      1.364    25.2944 0.0000e+00
      0.960      0.009     7.5601     91.931     41.593  41.840060     4.8371      7.811   187.5304 4.4780e+02     4.0459      0.941      1.365    25.2938 0.0000e+00
      0.961      0.010     7.5562     91.851     41.617  41.864291     4.8021      7.811   187.6639 4.5296e+02     3.9547      0.941      1.365    25.2925 0.0000e+00
      0.962      0.011     7.5591     91.740     41.625  41.871781     4.7884      7.811   187.7842 4.5260e+02     3.9122      0.943      1.368    25.2911 0.0000e+00
      0.965      0.011     7.5594     91.653     41.620  41.867161     4.7885      7.811   187.8664 4.5545e+02     3.9425      0.945      1.371    25.2900 0.0000e+00
      0.969      0.010     7.5560     91.635     41.625  41.871892     4.7952      7.811   187.9699 4.5197e+02     4.0127      0.949      1.377    25.2896 0.0000e+00
      0.974      0.009     7.5497     91.664     41.619  41.865509     4.8027      7.811   188.0020 4.3924e+02     4.0099      0.957      1.388    25.2903 0.0000e+00
      0.977      0.008     7.5385     91.705     41.608  41.853450     4.8037      7.812   187.9974 4.5353e+02     3.9439      0.960      1.391    25.2912 0.0000e+00
      0.976      0.008     7.5290     91.754     41.608  41.853025     4.8073      7.814   188.0004 4.7547e+02     3.9315      0.958      1.388    25.2914 0.0000e+00
