Data/DataNotYetUploadedToEDI/Raw_CTD/RawDownloads/081922_ccr50_S7809001.cnv
* Sea-Bird SBE19plus  Data File:
* FileName = C:\R\Reservoirs\Data\DataNotYetUploadedToEDI\Raw_CTD\RawDownloads\081922_ccr50_S7809_0001.hex
* Software version 2.8.0.119
* Temperature SN = 7809
* Conductivity SN = 7809
* System UpLoad Time = Aug 21 2022 17:24:26
* <ApplicationData>
* <Seaterm232>
# nquan = 15
# nvalues = 2531                        
# units = specified
# name 0 = depFM: Depth [fresh water, m]
# name 1 = dz/dtM: Descent Rate [m/s]
# name 2 = sbeox0Mg/L: Oxygen, SBE 43 [mg/l]
# name 3 = sbeox0PS: Oxygen, SBE 43 [% saturation]
# name 4 = specc: Specific Conductance [uS/cm]
# name 5 = c0uS/cm: Conductivity [uS/cm]
# name 6 = flECO-AFL: Fluorescence, WET Labs ECO-AFL/FL [mg/m^3]
# name 7 = ph: pH
# name 8 = orp: Oxidation Reduction Potential [mV]
# name 9 = par/sat/log: PAR/Logarithmic, Satlantic
# name 10 = turbWETntu0: Turbidity, WET Labs ECO [NTU]
# name 11 = prdM: Pressure, Strain Gauge [db]
# name 12 = prdE: Pressure, Strain Gauge [psi]
# name 13 = tv290C: Temperature [ITS-90, deg C]
# name 14 = flag:  0.000e+00
# span 0 =     -0.460,     20.857       
# span 1 =     -0.377,      0.310       
# span 2 =     0.0542,     7.5379       
# span 3 =      0.523,     88.204       
# span 4 =     82.252,    139.461       
# span 5 =  73.939214, 100.271650       
# span 6 =    -0.0992,     3.8968       
# span 7 =      4.103,      8.432       
# span 8 =   134.2006,   238.5062       
# span 9 = 1.2364e-01, 5.2647e+02       
# span 10 =     0.0076,    36.1614      
# span 11 =     -0.454,     20.455      
# span 12 =     -0.659,     29.667      
# span 13 =    10.9456,    25.3330      
# span 14 = 0.0000e+00, 0.0000e+00      
# interval = seconds: 0.25
# start_time = Aug 19 2022 06:37:41 [Instrument's time stamp, header]
# bad_flag = -9.990e-29
*END*
[from data line 1061]
     10.126      0.054     3.1444     29.183    101.237  74.970530     1.0325      7.427   222.0063 1.6757e+00     3.9626      9.929     14.401    12.0392 0.0000e+00
     10.146      0.058     3.1423     29.196    101.218  74.951726     1.0389      7.427   221.8998 1.6211e+00     4.0075      9.951     14.433    12.0372 0.0000e+00
     10.163      0.060     3.1419     29.223    101.214  74.946367     1.0306      7.427   221.9829 1.5957e+00     4.0000      9.968     14.457    12.0325 0.0000e+00
     10.177      0.059     3.1450     29.243    101.246  74.969267     0.9994      7.426   222.1518 1.5722e+00     3.9751      9.980     14.474    12.0271 0.0000e+00
     10.190      0.057     3.1406     29.290    101.256  74.974465     0.9610      7.424   222.0483 1.5362e+00     3.9449      9.993     14.493    12.0241 0.0000e+00
     10.204      0.055     3.1427     29.319    101.223  74.945670     0.9491      7.423   221.9361 1.5093e+00     3.9428     10.008     14.514    12.0218 0.0000e+00
     10.217      0.053     3.1495     29.289    101.221  74.938792     0.9632      7.422   221.9146 1.4883e+00     3.9838     10.019     14.532    12.0206 0.0000e+00
     10.231      0.051     3.1458     29.245    101.249  74.954827     0.9653      7.421   221.9599 1.4580e+00     3.9967     10.033     14.552    12.0208 0.0000e+00
     10.246      0.048     3.1552     29.210    101.244  74.948938     0.9328      7.418   222.1396 1.4274e+00     3.9621     10.049     14.574    12.0197 0.0000e+00
     10.259      0.045     3.1616     29.192    101.221  74.931118     0.8944      7.415   222.2807 1.4082e+00     3.9070     10.062     14.593    12.0174 0.0000e+00
     10.269      0.040     3.1538     29.200    101.222  74.929975     0.8843      7.413   222.3749 1.3897e+00     3.8774     10.071     14.607    12.0144 0.0000e+00
     10.278      0.034     3.1498     29.215    101.232  74.935125     0.8948      7.413   222.5049 1.3648e+00     3.9110     10.079     14.619    12.0114 0.0000e+00
     10.287      0.027     3.1459     29.228    101.227  74.929845     0.9119      7.412   222.5619 1.3453e+00     3.9718     10.089     14.632    12.0107 0.0000e+00
     10.294      0.021     3.1428     29.217    101.228  74.929669     0.9245      7.411   222.6344 1.3310e+00     3.9973     10.096     14.643    12.0109 0.0000e+00
     10.299      0.017     3.1452     29.168    101.233  74.932991     0.9225      7.411   222.7781 1.3196e+00     3.9813     10.100     14.649    12.0099 0.0000e+00
     10.300      0.017     3.1473     29.148    101.195  74.906473     0.9214      7.411   222.7509 1.3275e+00     3.9488     10.101     14.651    12.0088 0.0000e+00
     10.300      0.020     3.1481     29.154    101.135  74.863191     0.9365      7.410   222.6497 1.3379e+00     3.9448     10.101     14.651    12.0080 0.0000e+00
     10.303      0.027     3.1513     29.119    101.130  74.854427     0.9555      7.408   222.6733 1.3304e+00     3.9676     10.102     14.652    12.0070 0.0000e+00
     10.310      0.037     3.1394     29.082    101.160  74.864038     0.9681      7.407   222.6923 1.3119e+00     3.9861     10.109     14.661    12.0070 0.0000e+00
     10.323      0.049     3.1371     29.077    101.163  74.852312     0.9718      7.406   222.7069 1.2797e+00     3.9972     10.122     14.681    12.0082 0.0000e+00
     10.338      0.061     3.1450     29.073    101.160  74.839706     0.9833      7.405   222.8499 1.2410e+00     3.9652     10.137     14.703    12.0101 0.0000e+00
     10.356      0.071     3.1357     29.062    101.170  74.838679     1.0074      7.405   223.1299 1.2044e+00     3.9071     10.155     14.728    12.0076 0.0000e+00
     10.376      0.075     3.1310     29.050    101.183  74.839876     1.0141      7.404   223.3396 1.1636e+00     3.8752     10.174     14.757    11.9999 0.0000e+00
     10.398      0.072     3.1340     29.018    101.213  74.854179     1.0060      7.403   223.3203 1.1146e+00     3.8865     10.196     14.789    11.9925 0.0000e+00
     10.422      0.063     3.1338     28.979    101.261  74.884531     0.9921      7.401   223.2412 1.0708e+00     3.9078     10.222     14.825    11.9871 0.0000e+00
     10.442      0.051     3.1315     28.954    101.266  74.889161     0.9792      7.400   223.1575 1.0378e+00     3.9278     10.244     14.857    11.9837 0.0000e+00
     10.453      0.038     3.1328     28.923    101.198  74.846627     0.9747      7.400   223.0820 1.0226e+00     3.9569     10.255     14.874    11.9803 0.0000e+00
     10.455      0.028     3.1284     28.880    101.145  74.815025     0.9722      7.399   223.1031 1.0371e+00     3.9522     10.254     14.873    11.9751 0.0000e+00
     10.454      0.022     3.1228     28.848    101.159  74.824754     0.9817      7.398   223.1544 1.0409e+00     3.9052     10.251     14.867    11.9713 0.0000e+00
     10.454      0.021     3.1221     28.837    101.186  74.837182     1.0060      7.398   223.1856 1.0230e+00     3.8327     10.250     14.866    11.9720 0.0000e+00
     10.460      0.024     3.1185     28.824    101.201  74.838209     1.0251      7.396   223.1366 1.0136e+00     3.7583     10.256     14.875    11.9780 0.0000e+00
     10.470      0.030     3.1124     28.807    101.212  74.837159     1.0293      7.395   223.0788 1.0057e+00     3.7237     10.267     14.891    11.9830 0.0000e+00
     10.482      0.035     3.1077     28.809    101.207  74.824478     1.0151      7.394   223.1748 9.9085e-01     3.7903     10.280     14.908    11.9818 0.0000e+00
     10.492      0.039     3.1089     28.825    101.202  74.811939     0.9864      7.393   223.3508 9.7424e-01     3.9152     10.290     14.924    11.9772 0.0000e+00
     10.501      0.041     3.1082     28.849    101.209  74.812623     0.9656      7.392   223.4858 9.6234e-01     3.9695     10.298     14.936    11.9718 0.0000e+00
     10.511      0.043     3.1044     28.886    101.236  74.832734     0.9552      7.391   223.5162 9.4813e-01     3.9684     10.307     14.950    11.9674 0.0000e+00
     10.521      0.045     3.1060     28.911    101.278  74.864492     0.9527      7.390   223.4605 9.2676e-01     4.0037     10.317     14.964    11.9631 0.0000e+00
     10.533      0.045     3.1089     28.919    101.303  74.878931     0.9596      7.389   223.4153 9.0386e-01     4.1231     10.328     14.978    11.9582 0.0000e+00
     10.547      0.043     3.1101     28.929    101.312  74.880230     0.9638      7.388   223.3997 8.7695e-01     4.2508     10.343     15.002    11.9555 0.0000e+00
     10.561      0.040     3.1162     28.934    101.317  74.880193     0.9613      7.388   223.3572 8.5634e-01     4.2499     10.359     15.025    11.9563 0.0000e+00
     10.572      0.037     3.1188     28.925    101.316  74.878480     0.9715      7.388   223.4181 8.4639e-01     4.1461     10.369     15.039    11.9580 0.0000e+00
     10.579      0.037     3.1182     28.912    101.292  74.859515     0.9951      7.387   223.6196 8.4061e-01     4.0892     10.375     15.048    11.9557 0.0000e+00
     10.583      0.040     3.1205     28.916    101.276  74.841495     1.0136      7.386   223.7286 8.3599e-01     4.1428     10.377     15.051    11.9516 0.0000e+00
     10.589      0.047     3.1215     28.932    101.301  74.851215     1.0206      7.384   223.7900 8.2099e-01     4.2138     10.381     15.056    11.9498 0.0000e+00
     10.600      0.057     3.1206     28.954    101.313  74.849947     1.0206      7.384   223.9320 7.9987e-01     4.2293     10.393     15.073    11.9504 0.0000e+00
     10.619      0.067     3.1172     28.985    101.295  74.826152     1.0230      7.383   224.0682 7.7621e-01     4.1939     10.412     15.102    11.9505 0.0000e+00
     10.640      0.074     3.1186     29.027    101.295  74.817644     1.0238      7.382   224.0604 7.3466e-01     4.1609     10.434     15.134    11.9469 0.0000e+00
     10.664      0.075     3.1213     29.068    101.294  74.810602     1.0232      7.380   223.9232 6.9332e-01     4.1723     10.457     15.167    11.9424 0.0000e+00
     10.688      0.072     3.1232     29.084    101.291  74.804545     1.0238      7.378   223.8723 6.7213e-01     4.1950     10.483     15.204    11.9374 0.0000e+00
     10.708      0.066     3.1272     29.064    101.301  74.807934     1.0142      7.378   223.9608 6.5698e-01     4.2300     10.505     15.236    11.9318 0.0000e+00
     10.720      0.061     3.1324     29.027    101.280  74.788043     0.9900      7.377   224.0476 6.4407e-01     4.2548     10.514     15.248    11.9276 0.0000e+00
     10.730      0.057     3.1381     28.980    101.241  74.754638     0.9735      7.377   224.0617 6.3916e-01     4.2556     10.521     15.259    11.9245 0.0000e+00
     10.742      0.058     3.1409     28.920    101.204  74.721716     0.9725      7.377   224.1313 6.3295e-01     4.2059     10.534     15.278    11.9225 0.0000e+00
     10.756      0.063     3.1374     28.845    101.192  74.707650     0.9528      7.377   224.2860 6.1995e-01     4.1315     10.548     15.299    11.9210 0.0000e+00
     10.771      0.068     3.1331     28.760    101.206  74.711627     0.9097      7.376   224.2979 6.0435e-01     4.1420     10.562     15.319    11.9188 0.0000e+00
     10.790      0.071     3.1293     28.687    101.208  74.706265     0.8925      7.374   224.1892 5.7533e-01     4.1958     10.580     15.344    11.9163 0.0000e+00
     10.815      0.069     3.1220     28.640    101.215  74.706350     0.9032      7.373   224.0894 5.4424e-01     4.2350     10.607     15.384    11.9139 0.0000e+00
     10.838      0.064     3.1154     28.618    101.228  74.712646     0.9067      7.372   224.0381 5.2952e-01     4.2752     10.632     15.420    11.9109 0.0000e+00
     10.855      0.057     3.1039     28.585    101.238  74.718847     0.9010      7.371   224.0849 5.2063e-01     4.2722     10.646     15.441    11.9074 0.0000e+00
     10.866      0.049     3.0969     28.526    101.238  74.717792     0.9012      7.369   224.2251 5.1303e-01     4.1986     10.657     15.457    11.9042 0.0000e+00
     10.874      0.043     3.0910     28.478    101.217  74.699886     0.9091      7.368   224.3566 5.1707e-01     4.1365     10.663     15.467    11.9015 0.0000e+00
     10.879      0.041     3.0905     28.444    101.215  74.692956     0.8965      7.368   224.3848 5.2286e-01     4.2040     10.668     15.472    11.9002 0.0000e+00
     10.887      0.041     3.0895     28.423    101.231  74.697526     0.8735      7.368   224.3933 5.0578e-01     4.3656     10.675     15.482    11.8997 0.0000e+00
     10.899      0.042     3.0783     28.396    101.231  74.691593     0.8722      7.367   224.4593 4.8321e-01     4.4510     10.688     15.502    11.8994 0.0000e+00
     10.914      0.043     3.0757     28.366    101.226  74.684756     0.8723      7.367   224.5809 4.7479e-01     4.4511     10.703     15.523    11.8985 0.0000e+00
     10.928      0.044     3.0706     28.355    101.220  74.678393     0.8578      7.367   224.6594 4.7093e-01     4.4354     10.717     15.545    11.8957 0.0000e+00
     10.938      0.046     3.0704     28.349    101.221  74.678189     0.8480      7.364   224.6336 4.6687e-01     4.4319     10.728     15.560    11.8912 0.0000e+00
     10.945      0.048     3.0683     28.348    101.227  74.682289     0.8455      7.362   224.6131 4.6683e-01     4.4425     10.733     15.567    11.8882 0.0000e+00
     10.954      0.049     3.0617     28.349    101.204  74.664421     0.8439      7.362   224.6696 4.6004e-01     4.4614     10.739     15.577    11.8871 0.0000e+00
     10.969      0.050     3.0639     28.344    101.192  74.652760     0.8529      7.361   224.7156 4.3353e-01     4.5581     10.755     15.599    11.8862 0.0000e+00
     10.987      0.050     3.0615     28.334    101.217  74.668364     0.8634      7.360   224.6520 4.0488e-01     4.6900     10.775     15.629    11.8859 0.0000e+00
     11.004      0.051     3.0622     28.335    101.210  74.662484     0.8542      7.359   224.5888 3.8886e-01     4.7233     10.793     15.653    11.8860 0.0000e+00
     11.015      0.051     3.0627     28.356    101.187  74.645189     0.8329      7.358   224.6402 3.7926e-01     4.6873     10.803     15.668    11.8854 0.0000e+00
     11.022      0.051     3.0619     28.387    101.200  74.649861     0.8300      7.358   224.7577 3.7470e-01     4.6652     10.809     15.677    11.8838 0.0000e+00
     11.032      0.052     3.0608     28.414    101.220  74.655429     0.8448      7.358   224.8907 3.7468e-01     4.7291     10.817     15.689    11.8819 0.0000e+00
     11.046      0.055     3.0598     28.429    101.225  74.648955     0.8531      7.358   225.0432 3.6313e-01     4.8799     10.831     15.709    11.8823 0.0000e+00
     11.063      0.058     3.0632     28.444    101.220  74.635117     0.8555      7.357   225.1400 3.4547e-01     4.9509     10.849     15.736    11.8831 0.0000e+00
     11.081      0.063     3.0664     28.456    101.204  74.615168     0.8574      7.357   225.1145 3.3724e-01     4.9047     10.868     15.763    11.8805 0.0000e+00
     11.098      0.067     3.0712     28.465    101.190  74.598352     0.8509      7.357   225.1637 3.2979e-01     4.8335     10.884     15.786    11.8754 0.0000e+00
     11.113      0.068     3.0714     28.464    101.230  74.622397     0.8442      7.355   225.3055 3.2719e-01     4.8073     10.899     15.807    11.8697 0.0000e+00
     11.129      0.068     3.0745     28.438    101.280  74.651751     0.8428      7.353   225.3661 3.2276e-01     4.8606     10.913     15.828    11.8643 0.0000e+00
     11.148      0.066     3.0758     28.408    101.265  74.635579     0.8428      7.352   225.3810 3.0628e-01     4.9314     10.932     15.855    11.8602 0.0000e+00
     11.169      0.061     3.0765     28.383    101.245  74.617463     0.8602      7.352   225.3132 2.9224e-01     4.8779     10.955     15.888    11.8580 0.0000e+00
     11.188      0.055     3.0788     28.351    101.253  74.623310     0.8950      7.351   225.2352 2.7580e-01     4.7261     10.974     15.916    11.8553 0.0000e+00
     11.201      0.047     3.0741     28.326    101.278  74.642741     0.9139      7.349   225.2976 2.5604e-01     4.6677     10.986     15.933    11.8514 0.0000e+00
     11.208      0.041     3.0706     28.321    101.302  74.661792     0.9054      7.349   225.3792 2.5170e-01     4.6493     10.992     15.942    11.8480 0.0000e+00
     11.214      0.038     3.0696     28.311    101.288  74.663056     0.8842      7.348   225.4469 2.5840e-01     4.5385     10.997     15.950    11.8469 0.0000e+00
     11.219      0.040     3.0650     28.296    101.252  74.658027     0.8661      7.348   225.5145 2.6770e-01     4.4203     11.002     15.958    11.8468 0.0000e+00
     11.227      0.046     3.0607     28.300    101.246  74.664552     0.8692      7.347   225.5950 2.7336e-01     4.4158     11.008     15.966    11.8483 0.0000e+00
     11.239      0.052     3.0630     28.317    101.270  74.678425     0.8717      7.346   225.7313 2.6133e-01     4.4508     11.020     15.982    11.8468 0.0000e+00
     11.258      0.055     3.0611     28.325    101.299  74.698678     0.8708      7.344   225.7868 2.3803e-01     4.4334     11.039     16.010    11.8501 0.0000e+00
     11.278      0.055     3.0565     28.326    101.319  74.718826     0.8923      7.344   225.7494 2.2238e-01     4.4099     11.062     16.044    11.8683 0.0000e+00
     11.296      0.051     3.0573     28.326    101.324  74.731433     0.9072      7.343   225.7092 2.1917e-01     4.4067     11.079     16.069    11.8738 0.0000e+00
     11.307      0.045     3.0609     28.322    101.300  74.724048     0.9012      7.343   225.6447 2.2165e-01     4.4281     11.090     16.084    11.8660 0.0000e+00
     11.314      0.040     3.0613     28.330    101.245  74.693076     0.8857      7.342   225.6573 2.2497e-01     4.4634     11.095     16.093    11.8662 0.0000e+00
