Data/DataNotYetUploadedToEDI/Raw_CTD/RawDownloads/081924_fcr20_S7809004.cnv
* Sea-Bird SBE19plus  Data File:
* FileName = C:\R\Reservoirs\Data\DataNotYetUploadedToEDI\Raw_CTD\RawDownloads\081924_fcr50_S7809_0005.hex
* Software version 2.8.0.119
* Temperature SN = 7809
* Conductivity SN = 7809
* System UpLoad Time = Aug 20 2024 14:06:03
* <ApplicationData>
* <Seaterm232>
# nquan = 15
# nvalues = 775                         
# units = specified
# name 0 = depFM: Depth [fresh water, m]
# name 1 = dz/dtM: Descent Rate [m/s]
# name 2 = sbeox0Mg/L: Oxygen, SBE 43 [mg/l]
# name 3 = sbeox0PS: Oxygen, SBE 43 [% saturation]
# name 4 = specc: Specific Conductance [uS/cm]
# name 5 = c0uS/cm: Conductivity [uS/cm]
# name 6 = flECO-AFL: Fluorescence, WET Labs ECO-AFL/FL [mg/m^3]
# name 7 = ph: pH
# name 8 = orp: Oxidation Reduction Potential [mV]
# name 9 = par/sat/log: PAR/Logarithmic, Satlantic
# name 10 = turbWETntu0: Turbidity, WET Labs ECO [NTU]
# name 11 = prdM: Pressure, Strain Gauge [db]
# name 12 = prdE: Pressure, Strain Gauge [psi]
# name 13 = tv290C: Temperature [ITS-90, deg C]
# name 14 = flag:  0.000e+00
# span 0 =     -0.709,      3.221       
# span 1 =     -0.010,      0.123       
# span 2 =     0.1138,     7.8684       
# span 3 =      1.254,     95.733       
# span 4 =      1.620,    108.654       
# span 5 =   1.585550,  93.592346       
# span 6 =    -0.5802,    20.1577       
# span 7 =      7.185,      7.594       
# span 8 =   -34.8298,  1101.5514       
# span 9 = 6.4932e+00, 2.3613e+03       
# span 10 =    -6.3667,    84.9229      
# span 11 =     -0.696,      3.160      
# span 12 =     -1.010,      4.583      
# span 13 =    17.9509,    25.3528      
# span 14 = 0.0000e+00, 0.0000e+00      
# interval = seconds: 0.25
# start_time = Aug 19 2024 12:16:59 [Instrument's time stamp, header]
# bad_flag = -9.990e-29
*END*
[from data line 290]
      1.010      0.025     6.6318     79.621     41.760  41.617662     6.4476      7.561   190.3423 9.3809e+01     5.6091      0.989      1.435    24.8404 0.0000e+00
      1.020      0.027     6.6437     79.076     41.805  41.657167     6.4599      7.562   190.5014 9.3483e+01     5.6821      1.000      1.450    24.8373 0.0000e+00
      1.029      0.028     6.6474     78.494     41.852  41.700432     6.4834      7.563   190.6305 9.3110e+01     5.6918      1.010      1.464    24.8326 0.0000e+00
      1.036      0.028     6.6373     77.944     41.851  41.696499     6.5069      7.563   190.6128 9.2939e+01     5.6585      1.016      1.474    24.8283 0.0000e+00
      1.041      0.027     6.6057     77.462     41.829  41.673071     6.5031      7.564   190.6327 9.2799e+01     5.6546      1.020      1.481    24.8231 0.0000e+00
      1.046      0.024     6.5553     77.077     41.828  41.671032     6.5031      7.566   190.6987 9.2738e+01     5.6786      1.025      1.486    24.8169 0.0000e+00
      1.054      0.020     6.5065     76.769     41.829  41.671841     6.5159      7.568   190.8073 9.2894e+01     5.7101      1.034      1.500    24.8123 0.0000e+00
      1.061      0.017     6.4610     76.554     41.839  41.682851     6.5000      7.569   191.0005 9.3223e+01     5.7273      1.042      1.512    24.8091 0.0000e+00
      1.064      0.014     6.4188     76.471     41.834  41.677222     6.4765      7.570   191.1412 9.3727e+01     5.7159      1.045      1.515    24.8066 0.0000e+00
      1.066      0.012     6.3895     76.511     41.827  41.667253     6.4645      7.572   191.2172 9.4423e+01     5.6759      1.046      1.517    24.8057 0.0000e+00
      1.067      0.010     6.3630     76.640     41.855  41.689246     6.4808      7.573   191.3181 9.5240e+01     5.7213      1.046      1.517    24.8062 0.0000e+00
      1.068      0.010     6.3427     76.795     41.860  41.689260     6.5230      7.573   191.4142 9.6021e+01     5.9234      1.047      1.518    24.8078 0.0000e+00
      1.071      0.010     6.3370     76.886     41.838  41.667410     6.5429      7.572   191.5187 9.6558e+01     6.0351      1.050      1.522    24.8084 0.0000e+00
      1.076      0.011     6.3417     76.889     41.844  41.678939     6.5298      7.572   191.6352 9.6906e+01     5.9448      1.056      1.531    24.8039 0.0000e+00
      1.080      0.011     6.3545     76.847     41.860  41.701726     6.4978      7.572   191.7912 9.7182e+01     5.8565      1.060      1.538    24.7953 0.0000e+00
      1.082      0.011     6.3723     76.827     41.844  41.689071     6.4303      7.572   191.9409 9.7366e+01     5.8559      1.060      1.538    24.7877 0.0000e+00
      1.083      0.011     6.3805     76.906     41.807  41.652865     6.3378      7.571   191.9828 9.7206e+01     5.9033      1.062      1.540    24.7872 0.0000e+00
      1.086      0.011     6.3774     77.106     41.799  41.644763     6.2957      7.572   191.9543 9.6729e+01     5.9509      1.064      1.543    24.7962 0.0000e+00
      1.089      0.011     6.3720     77.376     41.810  41.654577     6.3119      7.573   191.9403 9.6237e+01     5.9538      1.068      1.548    24.8061 0.0000e+00
      1.093      0.012     6.3658     77.621     41.800  41.644594     6.3849      7.574   192.0718 9.5817e+01     5.9041      1.072      1.554    24.8110 0.0000e+00
      1.096      0.014     6.3726     77.801     41.805  41.650994     6.5115      7.576   192.2532 9.5539e+01     5.8971      1.075      1.560    24.8111 0.0000e+00
      1.098      0.017     6.3903     77.940     41.824  41.668494     6.5943      7.577   192.3265 9.5333e+01     5.9716      1.077      1.562    24.8093 0.0000e+00
      1.102      0.020     6.4169     78.016     41.825  41.665776     6.6041      7.577   192.4415 9.5064e+01     6.0186      1.079      1.565    24.8082 0.0000e+00
      1.107      0.023     6.4383     77.992     41.848  41.681589     6.6293      7.577   192.5265 9.4823e+01     5.9873      1.084      1.573    24.8091 0.0000e+00
      1.115      0.028     6.4507     77.873     41.909  41.732751     6.6910      7.578   192.4931 9.4754e+01     5.9003      1.093      1.586    24.8100 0.0000e+00
      1.124      0.032     6.4639     77.679     41.969  41.776615     6.7347      7.578   192.5547 9.4756e+01     5.8547      1.103      1.599    24.8084 0.0000e+00
      1.131      0.036     6.4722     77.392     41.980  41.767641     6.7664      7.579   192.6683 9.4700e+01     5.9138      1.110      1.609    24.8050 0.0000e+00
      1.140      0.038     6.4709     76.963     41.981  41.751146     6.7995      7.579   192.7479 9.4686e+01     6.0347      1.117      1.621    24.7968 0.0000e+00
      1.151      0.039     6.4606     76.324     42.011  41.767557     6.8181      7.579   192.8293 9.4684e+01     6.1205      1.129      1.638    24.7876 0.0000e+00
      1.163      0.041     6.4480     75.466     42.030  41.775652     6.8168      7.579   192.8785 9.4619e+01     6.0971      1.141      1.655    24.7693 0.0000e+00
      1.173      0.041     6.4285     74.467     42.050  41.785541     6.8089      7.580   192.9124 9.4509e+01     6.0939      1.151      1.670    24.7389 0.0000e+00
      1.183      0.040     6.3985     73.410     42.100  41.823634     6.8391      7.582   192.9808 9.4322e+01     6.2181      1.160      1.682    24.7172 0.0000e+00
      1.194      0.038     6.3476     72.363     42.144  41.855399     6.9069      7.582   193.1033 9.4181e+01     6.3693      1.171      1.698    24.7047 0.0000e+00
      1.205      0.034     6.2745     71.395     42.154  41.852249     6.9381      7.583   193.2743 9.4011e+01     6.3848      1.183      1.717    24.6915 0.0000e+00
      1.215      0.032     6.1905     70.506     42.164  41.849005     6.9253      7.583   193.5002 9.3760e+01     6.3028      1.193      1.730    24.6786 0.0000e+00
      1.221      0.030     6.1028     69.654     42.209  41.879617     6.9094      7.583   193.6834 9.3596e+01     6.3340      1.197      1.737    24.6659 0.0000e+00
      1.226      0.029     6.0141     68.876     42.247  41.905018     6.8960      7.583   193.7682 9.3460e+01     6.4554      1.202      1.743    24.6506 0.0000e+00
      1.233      0.029     5.9354     68.202     42.249  41.902231     6.8879      7.583   193.8377 9.3034e+01     6.5068      1.208      1.753    24.6363 0.0000e+00
      1.241      0.029     5.8661     67.552     42.252  41.909378     6.8860      7.583   193.9207 9.2519e+01     6.4437      1.217      1.765    24.6222 0.0000e+00
      1.250      0.029     5.7950     66.918     42.265  41.927974     6.8816      7.583   194.0840 9.2232e+01     6.3411      1.226      1.776    24.6040 0.0000e+00
      1.258      0.029     5.7296     66.438     42.273  41.936684     6.8852      7.583   194.2638 9.1978e+01     6.3251      1.233      1.789    24.5847 0.0000e+00
      1.266      0.027     5.6789     66.115     42.290  41.951219     6.9130      7.583   194.3740 9.1760e+01     6.3861      1.242      1.801    24.5783 0.0000e+00
      1.273      0.024     5.6258     65.824     42.321  41.976783     6.9434      7.583   194.4694 9.1553e+01     6.4301      1.249      1.811    24.5893 0.0000e+00
      1.278      0.022     5.5630     65.496     42.345  41.991897     6.9605      7.584   194.5568 9.1323e+01     6.4127      1.255      1.819    24.5979 0.0000e+00
      1.282      0.023     5.5246     65.136     42.370  42.007005     7.0286      7.584   194.6568 9.1238e+01     6.3470      1.258      1.825    24.5974 0.0000e+00
      1.286      0.028     5.5036     64.766     42.410  42.032510     7.1676      7.584   194.8181 9.1244e+01     6.3181      1.261      1.829    24.5948 0.0000e+00
      1.289      0.036     5.4811     64.366     42.449  42.046371     7.2592      7.584   195.0447 9.1080e+01     6.3713      1.263      1.832    24.5895 0.0000e+00
      1.297      0.044     5.4549     63.829     42.481  42.047625     7.2875      7.585   195.2455 9.0699e+01     6.4444      1.268      1.840    24.5780 0.0000e+00
      1.312      0.049     5.4246     62.970     42.510  42.047630     7.4438      7.585   195.4390 9.0165e+01     6.5184      1.285      1.863    24.5673 0.0000e+00
      1.332      0.051     5.3954     61.606     42.530  42.046385     7.7171      7.586   195.5780 8.9525e+01     6.5822      1.307      1.895    24.5546 0.0000e+00
      1.351      0.051     5.3681     59.652     42.530  42.032542     7.8618      7.587   195.5494 8.8985e+01     6.6010      1.328      1.926    24.5231 0.0000e+00
      1.364      0.048     5.3338     57.256     42.513  42.007167     7.8871      7.587   195.6095 8.8653e+01     6.6096      1.341      1.945    24.4833 0.0000e+00
      1.371      0.042     5.2707     54.724     42.505  41.993434     7.9063      7.588   195.7880 8.8324e+01     6.5838      1.344      1.949    24.4474 0.0000e+00
      1.377      0.037     5.1639     52.315     42.510  41.993426     7.9108      7.590   195.8140 8.7925e+01     6.4603      1.349      1.957    24.4220 0.0000e+00
      1.387      0.032     4.9971     50.183     42.524  42.007065     7.8997      7.590   195.7529 8.7522e+01     6.3116      1.360      1.973    24.4083 0.0000e+00
      1.397      0.030     4.7861     48.390     42.543  42.031400     7.8970      7.591   195.7369 8.7033e+01     6.2885      1.371      1.989    24.3990 0.0000e+00
      1.405      0.029     4.5687     47.020     42.538  42.033800     7.9365      7.592   195.7939 8.6793e+01     6.3180      1.378      1.999    24.3916 0.0000e+00
      1.411      0.028     4.3627     46.232     42.535  42.036087     8.0025      7.594   195.9247 8.6683e+01     6.2571      1.383      2.006    24.3830 0.0000e+00
      1.417      0.025     4.1842     46.102     42.557  42.059062     8.0294      7.594   196.1133 8.6409e+01     6.1672      1.389      2.015    24.3831 0.0000e+00
      1.424      0.023     4.0325     46.513     42.555  42.057718     8.0124      7.594   196.2683 8.6294e+01     6.1196      1.397      2.026    24.3919 0.0000e+00
      1.430      0.022     3.9100     47.243     42.515  42.019838     8.0043      7.594   196.3362 8.6239e+01     6.1259      1.402      2.034    24.4024 0.0000e+00
      1.434      0.022     3.8412     48.128     42.476  41.981870     8.0393      7.593   196.5032 8.6260e+01     6.2088      1.407      2.041    24.4087 0.0000e+00
      1.439      0.022     3.8342     49.055     42.475  41.979468     8.0951      7.592   196.8253 8.6382e+01     6.3711      1.410      2.046    24.4094 0.0000e+00
      1.444      0.022     3.8766     49.836     42.491  41.990791     8.1209      7.590   197.0468 8.6354e+01     6.4824      1.414      2.052    24.4102 0.0000e+00
      1.451      0.021     3.9420     50.247     42.496  41.991828     8.1108      7.590   197.1164 8.6219e+01     6.4618      1.423      2.064    24.4136 0.0000e+00
      1.458      0.019     4.0177     50.209     42.496  41.992005     8.0391      7.589   197.2370 8.6152e+01     6.4639      1.430      2.075    24.4130 0.0000e+00
      1.464      0.016     4.1009     49.900     42.486  41.992937     7.9278      7.588   197.3005 8.6056e+01     6.5754      1.436      2.082    24.4107 0.0000e+00
      1.467      0.013     4.1748     49.663     42.481  42.003111     7.8719      7.587   197.2825 8.5989e+01     6.6822      1.440      2.087    24.4075 0.0000e+00
      1.469      0.012     4.2133     49.829     42.452  41.988098     7.8628      7.587   197.3632 8.5884e+01     6.6972      1.440      2.089    24.3975 0.0000e+00
      1.469      0.013     4.2038     50.540     42.401  41.938377     7.8508      7.588   197.4157 8.5504e+01     6.6203      1.440      2.089    24.3971 0.0000e+00
      1.469      0.014     4.1656     51.678     42.384  41.909687     7.8428      7.588   197.4014 8.4994e+01     6.5717      1.440      2.088    24.4113 0.0000e+00
      1.473      0.014     4.1335     52.912     42.381  41.895059     7.8501      7.588   197.4486 8.4374e+01     6.6224      1.443      2.091    24.4317 0.0000e+00
      1.481      0.012     4.1402     53.735     42.377  41.888432     7.8640      7.588   197.5558 8.3848e+01     6.6521      1.454      2.108    24.4537 0.0000e+00
      1.489      0.009     4.2049     53.815     42.377  41.893027     7.9200      7.588   197.6653 8.3548e+01     6.5554      1.463      2.123    24.4579 0.0000e+00
      1.491      0.004     4.3095     53.319     42.367  41.887154     8.0190      7.588   197.7398 8.3297e+01     6.3759      1.464      2.124    24.4330 0.0000e+00
      1.489      0.002     4.4314     52.590     42.362  41.880903     8.0786      7.587   197.8548 8.2955e+01     6.3249      1.461      2.117    24.4154 0.0000e+00
      1.484      0.004     4.5156     51.835     42.369  41.880904     8.1001      7.586   198.0226 8.2644e+01     6.4522      1.455      2.111    24.4157 0.0000e+00
      1.480      0.010     4.5105     51.079     42.384  41.887158     8.1696      7.585   198.1339 8.2564e+01     6.6167      1.451      2.104    24.4227 0.0000e+00
      1.479      0.018     4.4573     50.286     42.396  41.893039     8.2794      7.585   198.1682 8.2351e+01     6.7431      1.447      2.098    24.4324 0.0000e+00
      1.488      0.026     4.3904     49.506     42.395  41.888528     8.3286      7.585   198.2652 8.1687e+01     6.7847      1.454      2.110    24.4295 0.0000e+00
      1.505      0.031     4.3282     48.862     42.408  41.896082     8.3233      7.585   198.4460 8.0956e+01     6.8123      1.477      2.143    24.4196 0.0000e+00
      1.519      0.031     4.2687     48.434     42.443  41.920901     8.3231      7.586   198.6340 8.0543e+01     6.8379      1.492      2.165    24.4069 0.0000e+00
      1.526      0.029     4.2014     48.099     42.467  41.934719     8.3513      7.586   198.9037 8.0519e+01     6.7521      1.498      2.172    24.3977 0.0000e+00
      1.530      0.024     4.1317     47.555     42.480  41.936204     8.4059      7.586   199.1251 8.0626e+01     6.5949      1.501      2.177    24.3978 0.0000e+00
      1.531      0.020     4.0747     46.669     42.500  41.938839     8.4428      7.586   199.1591 8.0604e+01     6.5093      1.501      2.178    24.3941 0.0000e+00
      1.533      0.020     4.0431     45.629     42.550  41.966558     8.4482      7.586   199.1432 8.0689e+01     6.5362      1.502      2.179    24.3780 0.0000e+00
      1.538      0.024     4.0277     44.556     42.627  42.017452     8.4377      7.587   199.1055 8.0856e+01     6.5445      1.507      2.186    24.3672 0.0000e+00
      1.546      0.029     3.9905     43.395     42.690  42.046412     8.4163      7.589   199.1339 8.0874e+01     6.4382      1.516      2.198    24.3585 0.0000e+00
      1.555      0.033     3.9057     42.046     42.744  42.062773     8.3968      7.589   199.3139 8.0752e+01     6.3106      1.524      2.212    24.3345 0.0000e+00
      1.565      0.035     3.8182     40.474     42.796  42.088279     8.3939      7.588   199.4750 8.0537e+01     6.2652      1.534      2.225    24.3085 0.0000e+00
      1.576      0.035     3.7327     38.738     42.824  42.100892     8.4232      7.587   199.7054 8.0299e+01     6.3682      1.545      2.241    24.2852 0.0000e+00
      1.586      0.033     3.6415     36.938     42.828  42.088317     8.4766      7.588   200.0342 8.0132e+01     6.5652      1.556      2.258    24.2436 0.0000e+00
      1.594      0.029     3.5342     35.229     42.818  42.063152     8.5059      7.589   200.2675 8.0102e+01     6.6314      1.565      2.268    24.1901 0.0000e+00
      1.601      0.025     3.4004     33.744     42.816  42.050470     8.5193      7.589   200.4607 8.0012e+01     6.5879      1.571      2.277    24.1613 0.0000e+00
      1.606      0.021     3.2545     32.581     42.835  42.061906     8.6143      7.588   200.6497 7.9796e+01     6.6204      1.576      2.285    24.1517 0.0000e+00
