Data/DataNotYetUploadedToEDI/Raw_CTD/RawDownloads/081924_fcr40_S7809006.cnv
* Sea-Bird SBE19plus  Data File:
* FileName = C:\R\Reservoirs\Data\DataNotYetUploadedToEDI\Raw_CTD\RawDownloads\081924_fcr50_S7809_0007.hex
* Software version 2.8.0.119
* Temperature SN = 7809
* Conductivity SN = 7809
* System UpLoad Time = Aug 20 2024 14:07:28
* <ApplicationData>
* <Seaterm232>
# nquan = 15
# nvalues = 1177                        
# units = specified
# name 0 = depFM: Depth [fresh water, m]
# name 1 = dz/dtM: Descent Rate [m/s]
# name 2 = sbeox0Mg/L: Oxygen, SBE 43 [mg/l]
# name 3 = sbeox0PS: Oxygen, SBE 43 [% saturation]
# name 4 = specc: Specific Conductance [uS/cm]
# name 5 = c0uS/cm: Conductivity [uS/cm]
# name 6 = flECO-AFL: Fluorescence, WET Labs ECO-AFL/FL [mg/m^3]
# name 7 = ph: pH
# name 8 = orp: Oxidation Reduction Potential [mV]
# name 9 = par/sat/log: PAR/Logarithmic, Satlantic
# name 10 = turbWETntu0: Turbidity, WET Labs ECO [NTU]
# name 11 = prdM: Pressure, Strain Gauge [db]
# name 12 = prdE: Pressure, Strain Gauge [psi]
# name 13 = tv290C: Temperature [ITS-90, deg C]
# name 14 = flag:  0.000e+00
# span 0 =     -0.702,      5.889       
# span 1 =     -0.020,      0.156       
# span 2 =     0.1271,     8.5618       
# span 3 =      1.245,    104.058       
# span 4 =      1.240,     88.404       
# span 5 =   1.180241,  73.651333       
# span 6 =    -0.3612,    37.9326       
# span 7 =      7.427,      8.037       
# span 8 =    39.6621,   208.4354       
# span 9 = 1.2358e-01, 2.7889e+03       
# span 10 =    -0.2780,   291.4055      
# span 11 =     -0.690,      5.775      
# span 12 =     -1.001,      8.377      
# span 13 =    12.6058,    25.5633      
# span 14 = 0.0000e+00, 0.0000e+00      
# interval = seconds: 0.25
# start_time = Aug 19 2024 12:36:11 [Instrument's time stamp, header]
# bad_flag = -9.990e-29
*END*
[from data line 1061]
      5.351      0.016     6.8146     64.060     60.766  45.748615     0.3756      7.497   150.8801 1.2369e-01    15.3647      5.248      7.611    12.6370 0.0000e+00
      5.354      0.017     6.8102     64.030     60.781  45.761407     0.3672      7.496   151.1081 1.2376e-01    15.3514      5.251      7.615    12.6373 0.0000e+00
      5.357      0.016     6.8079     63.980     60.765  45.749978     0.3391      7.495   151.1944 1.2381e-01    15.3204      5.253      7.618    12.6385 0.0000e+00
      5.362      0.015     6.8062     63.929     60.746  45.737397     0.3358      7.495   151.2353 1.2379e-01    15.2959      5.257      7.624    12.6392 0.0000e+00
      5.369      0.014     6.8031     63.896     60.741  45.736262     0.3607      7.494   151.3451 1.2371e-01    15.3287      5.266      7.637    12.6408 0.0000e+00
      5.374      0.012     6.8014     63.876     60.738  45.736253     0.3732      7.493   151.4889 1.2366e-01    15.3760      5.272      7.647    12.6415 0.0000e+00
      5.376      0.009     6.7947     63.884     60.736  45.737283     0.3618      7.492   151.5979 1.2368e-01    15.3547      5.273      7.648    12.6414 0.0000e+00
      5.376      0.006     6.7875     63.937     60.748  45.748718     0.3393      7.491   151.7157 1.2370e-01    15.3106      5.271      7.645    12.6434 0.0000e+00
      5.377      0.006     6.7852     64.017     60.745  45.747553     0.3349      7.490   151.8804 1.2367e-01    15.3561      5.272      7.647    12.6459 0.0000e+00
      5.377      0.010     6.7815     64.074     60.715  45.723210     0.3583      7.490   152.0405 1.2360e-01    15.4601      5.274      7.649    12.6470 0.0000e+00
      5.376      0.015     6.7816     64.095     60.702  45.708310     0.3720      7.490   152.1892 1.2359e-01    15.5774      5.271      7.645    12.6487 0.0000e+00
      5.379      0.020     6.7867     64.080     60.691  45.694365     0.3599      7.489   152.2161 1.2367e-01    15.6126      5.272      7.645    12.6519 0.0000e+00
      5.389      0.025     6.7985     64.022     60.679  45.681556     0.3454      7.489   152.1932 1.2375e-01    15.5445      5.286      7.666    12.6536 0.0000e+00
      5.401      0.030     6.8045     63.967     60.680  45.680391     0.3464      7.489   152.3424 1.2380e-01    15.5391      5.300      7.686    12.6523 0.0000e+00
      5.408      0.036     6.8069     63.940     60.685  45.680286     0.3633      7.488   152.5580 1.2379e-01    15.6165      5.303      7.693    12.6467 0.0000e+00
      5.414      0.043     6.8082     63.898     60.690  45.680276     0.3829      7.487   152.6492 1.2371e-01    15.6595      5.309      7.700    12.6403 0.0000e+00
      5.422      0.048     6.7993     63.848     60.693  45.680275     0.3836      7.486   152.6698 1.2365e-01    15.6154      5.316      7.711    12.6391 0.0000e+00
      5.434      0.050     6.7913     63.842     60.694  45.680266     0.3633      7.485   152.8082 1.2363e-01    15.5276      5.326      7.725    12.6381 0.0000e+00
      5.454      0.050     6.7931     63.853     60.693  45.680161     0.3534      7.484   152.9460 1.2363e-01    15.4512      5.346      7.754    12.6334 0.0000e+00
      5.476      0.047     6.7893     63.852     60.687  45.679006     0.3648      7.483   152.9589 1.2364e-01    15.4101      5.374      7.795    12.6299 0.0000e+00
      5.489      0.040     6.7790     63.853     60.665  45.666309     0.3679      7.483   153.0499 1.2368e-01    15.4057      5.388      7.814    12.6290 0.0000e+00
      5.494      0.031     6.7818     63.853     60.647  45.653612     0.3578      7.482   153.2720 1.2371e-01    15.3978      5.387      7.813    12.6282 0.0000e+00
      5.496      0.023     6.7847     63.848     60.647  45.652449     0.3505      7.482   153.4932 1.2366e-01    15.3496      5.389      7.817    12.6283 0.0000e+00
      5.498      0.018     6.7814     63.842     60.651  45.652250     0.3461      7.482   153.6592 1.2364e-01    15.3013      5.392      7.821    12.6319 0.0000e+00
      5.501      0.016     6.7824     63.832     60.654  45.651201     0.3546      7.482   153.8177 1.2370e-01    15.3259      5.393      7.821    12.6360 0.0000e+00
      5.506      0.017     6.7820     63.814     60.642  45.639763     0.3705      7.481   153.9465 1.2371e-01    15.3732      5.398      7.829    12.6367 0.0000e+00
      5.513      0.020     6.7816     63.802     60.646  45.640917     0.3633      7.480   154.0119 1.2367e-01    15.3612      5.408      7.843    12.6350 0.0000e+00
      5.518      0.024     6.7815     63.806     60.681  45.665156     0.3421      7.480   154.1776 1.2371e-01    15.3176      5.412      7.849    12.6325 0.0000e+00
      5.521      0.027     6.7812     63.813     60.701  45.678892     0.3308      7.480   154.4020 1.2376e-01    15.2899      5.413      7.850    12.6298 0.0000e+00
      5.527      0.027     6.7791     63.826     60.703  45.680028     0.3348      7.479   154.4882 1.2368e-01    15.3004      5.417      7.857    12.6274 0.0000e+00
      5.538      0.026     6.7770     63.851     60.701  45.678892     0.3492      7.478   154.5316 1.2362e-01    15.3413      5.430      7.876    12.6259 0.0000e+00
      5.549      0.025     6.7792     63.879     60.683  45.665166     0.3552      7.477   154.6676 1.2367e-01    15.3404      5.444      7.897    12.6247 0.0000e+00
      5.554      0.024     6.7793     63.894     60.650  45.641034     0.3487      7.477   154.8422 1.2370e-01    15.2898      5.447      7.901    12.6230 0.0000e+00
      5.556      0.024     6.7809     63.912     60.650  45.641034     0.3462      7.477   154.9225 1.2367e-01    15.2761      5.448      7.901    12.6225 0.0000e+00
      5.561      0.024     6.7831     63.932     60.681  45.665168     0.3569      7.476   154.9499 1.2370e-01    15.3107      5.455      7.912    12.6231 0.0000e+00
      5.566      0.025     6.7880     63.909     60.699  45.678903     0.3709      7.474   155.0879 1.2374e-01    15.3669      5.458      7.916    12.6231 0.0000e+00
      5.571      0.025     6.7883     63.872     60.700  45.680141     0.3656      7.473   155.3001 1.2372e-01    15.3747      5.460      7.919    12.6232 0.0000e+00
      5.581      0.024     6.7884     63.859     60.699  45.680140     0.3429      7.473   155.4505 1.2371e-01    15.3028      5.472      7.937    12.6236 0.0000e+00
      5.593      0.021     6.7957     63.840     60.694  45.678892     0.3290      7.472   155.5299 1.2376e-01    15.2485      5.488      7.959    12.6245 0.0000e+00
      5.599      0.018     6.7904     63.805     60.672  45.665053     0.3397      7.472   155.6578 1.2377e-01    15.2995      5.493      7.966    12.6247 0.0000e+00
      5.599      0.016     6.7834     63.767     60.635  45.639774     0.3632      7.471   155.8779 1.2373e-01    15.4070      5.491      7.964    12.6242 0.0000e+00
      5.599      0.015     6.7854     63.737     60.616  45.627181     0.3713      7.471   156.0404 1.2373e-01    15.4214      5.491      7.964    12.6252 0.0000e+00
      5.600      0.016     6.7830     63.729     60.631  45.639762     0.3629      7.470   156.1599 1.2374e-01    15.3708      5.490      7.963    12.6269 0.0000e+00
      5.604      0.018     6.7778     63.750     60.666  45.664937     0.3530      7.469   156.2902 1.2376e-01    15.3414      5.494      7.968    12.6295 0.0000e+00
      5.612      0.020     6.7735     63.789     60.684  45.677633     0.3523      7.468   156.4120 1.2379e-01    15.3392      5.502      7.980    12.6322 0.0000e+00
      5.622      0.020     6.7689     63.826     60.669  45.666299     0.3626      7.467   156.5140 1.2378e-01    15.3784      5.514      7.998    12.6341 0.0000e+00
      5.629      0.018     6.7679     63.868     60.654  45.654872     0.3616      7.466   156.6634 1.2373e-01    15.3719      5.524      8.010    12.6347 0.0000e+00
      5.632      0.015     6.7704     63.903     60.669  45.666425     0.3569      7.466   156.9273 1.2369e-01    15.2597      5.523      8.011    12.6334 0.0000e+00
      5.633      0.013     6.7766     63.908     60.684  45.679017     0.3721      7.466   157.1231 1.2363e-01    15.1148      5.524      8.010    12.6325 0.0000e+00
      5.634      0.012     6.7790     63.886     60.686  45.680162     0.3953      7.466   157.2251 1.2361e-01    15.0551      5.526      8.013    12.6324 0.0000e+00
      5.635      0.013     6.7840     63.850     60.689  45.680266     0.4130      7.465   157.2994 1.2364e-01    15.0840      5.526      8.015    12.6323 0.0000e+00
      5.639      0.013     6.7900     63.813     60.692  45.680276     0.4110      7.463   157.4189 1.2368e-01    15.0893      5.529      8.018    12.6326 0.0000e+00
      5.645      0.012     6.7886     63.783     60.692  45.680277     0.3960      7.462   157.6376 1.2374e-01    15.0504      5.535      8.027    12.6339 0.0000e+00
      5.650      0.011     6.7867     63.764     60.692  45.680277     0.3906      7.462   157.7928 1.2379e-01    15.0242      5.542      8.038    12.6339 0.0000e+00
      5.654      0.010     6.7822     63.770     60.692  45.680276     0.3867      7.462   157.8331 1.2376e-01    15.0794      5.547      8.044    12.6318 0.0000e+00
      5.654      0.008     6.7784     63.790     60.693  45.680266     0.3738      7.461   157.8667 1.2373e-01    15.2047      5.546      8.043    12.6291 0.0000e+00
      5.654      0.006     6.7756     63.802     60.692  45.680151     0.3516      7.460   157.9409 1.2375e-01    15.2753      5.544      8.040    12.6292 0.0000e+00
      5.654      0.006     6.7720     63.807     60.690  45.678893     0.3425      7.459   158.1282 1.2380e-01    15.2851      5.544      8.041    12.6307 0.0000e+00
      5.656      0.008     6.7734     63.803     60.671  45.665052     0.3475      7.459   158.4104 1.2382e-01    15.2890      5.547      8.045    12.6299 0.0000e+00
      5.660      0.013     6.7775     63.800     60.639  45.639764     0.3448      7.459   158.5992 1.2381e-01    15.2535      5.550      8.050    12.6287 0.0000e+00
      5.662      0.017     6.7776     63.803     60.626  45.627068     0.3518      7.458   158.6900 1.2381e-01    15.1976      5.552      8.053    12.6292 0.0000e+00
      5.666      0.018     6.7785     63.792     60.644  45.638504     0.3650      7.457   158.8204 1.2376e-01    15.1592      5.556      8.057    12.6303 0.0000e+00
      5.673      0.018     6.7775     63.758     60.664  45.651079     0.3719      7.456   158.9719 1.2369e-01    15.1317      5.563      8.068    12.6308 0.0000e+00
      5.680      0.017     6.7764     63.723     60.666  45.652137     0.3676      7.456   159.1443 1.2370e-01    15.1035      5.572      8.081    12.6294 0.0000e+00
      5.686      0.014     6.7791     63.704     60.666  45.651295     0.3546      7.455   159.2704 1.2376e-01    15.1602      5.577      8.089    12.6267 0.0000e+00
      5.689      0.011     6.7782     63.676     60.652  45.640897     0.3570      7.454   159.2917 1.2376e-01    15.3052      5.579      8.092    12.6245 0.0000e+00
      5.689      0.007     6.7740     63.631     60.668  45.653385     0.3713      7.453   159.4025 1.2373e-01    15.3882      5.579      8.092    12.6231 0.0000e+00
      5.689      0.003     6.7690     63.608     60.696  45.675316     0.3774      7.453   159.4909 1.2370e-01    15.3773      5.578      8.090    12.6225 0.0000e+00
      5.689      0.001     6.7688     63.600     60.663  45.652137     0.3654      7.453   159.5863 1.2368e-01    15.3105      5.577      8.089    12.6224 0.0000e+00
      5.690      0.000     6.7672     63.561     60.627  45.627058     0.3503      7.452   159.8681 1.2370e-01    15.2972      5.581      8.095    12.6220 0.0000e+00
      5.690      0.001     6.7586     63.501     60.622  45.626026     0.3538      7.451   160.0576 1.2375e-01    15.3538      5.581      8.095    12.6224 0.0000e+00
      5.689      0.002     6.7570     63.458     60.637  45.639656     0.3654      7.450   160.1572 1.2376e-01    15.3797      5.578      8.091    12.6231 0.0000e+00
      5.688      0.006     6.7591     63.452     60.670  45.664906     0.3659      7.450   160.2992 1.2375e-01    15.3707      5.577      8.089    12.6240 0.0000e+00
      5.688      0.011     6.7536     63.482     60.686  45.677391     0.3518      7.451   160.3969 1.2376e-01    15.3139      5.577      8.088    12.6261 0.0000e+00
      5.691      0.017     6.7446     63.522     60.670  45.663646     0.3443      7.451   160.5640 1.2378e-01    15.2730      5.580      8.093    12.6287 0.0000e+00
      5.697      0.024     6.7397     63.552     60.627  45.625672     0.3585      7.451   160.8579 1.2379e-01    15.3206      5.587      8.103    12.6310 0.0000e+00
      5.705      0.031     6.7381     63.584     60.600  45.599145     0.3734      7.451   161.0249 1.2376e-01    15.4805      5.593      8.112    12.6313 0.0000e+00
      5.715      0.039     6.7429     63.615     60.603  45.596829     0.3748      7.451   160.9480 1.2372e-01    15.7033      5.604      8.127    12.6318 0.0000e+00
      5.725      0.047     6.7491     63.636     60.609  45.597660     0.3676      7.451   160.7031 1.2368e-01    15.8277      5.615      8.143    12.6311 0.0000e+00
      5.736      0.057     6.7505     63.622     60.629  45.609192     0.3780      7.451   160.4725 1.2360e-01    16.1991      5.622      8.155    12.6254 0.0000e+00
      5.750      0.067     6.7567     63.537     60.632  45.609296     0.6250      7.451   160.5692 1.2359e-01    20.2276      5.638      8.177    12.6195 0.0000e+00
      5.769      0.073     6.7595     63.378     60.621  45.598909     1.0820      7.450   160.8398 1.2364e-01    27.5410      5.657      8.205    12.6157 0.0000e+00
      5.792      0.073     6.7639     63.161     60.638  45.610566     1.3255      7.448   160.9903 1.2368e-01    31.4899      5.677      8.234    12.6126 0.0000e+00
      5.819      0.067     6.7644     62.915     60.654  45.623271     1.3388      7.446   161.0986 1.2370e-01    32.0372      5.707      8.277    12.6105 0.0000e+00
      5.842      0.057     6.7553     62.691     60.654  45.625561     1.3756      7.445   161.2030 1.2368e-01    34.7057      5.733      8.316    12.6084 0.0000e+00
      5.854      0.046     6.7384     62.520     60.668  45.638256     1.8867      7.446   161.3063 1.2367e-01    63.8904      5.743      8.329    12.6066 0.0000e+00
      5.858      0.034     6.7143     62.397     60.682  45.649811     2.8245      7.446   161.4010 1.2362e-01   117.4393      5.744      8.331    12.6058 0.0000e+00
      5.859      0.023     6.6861     62.331     60.664  45.638300     3.3426      7.445   161.4877 1.2360e-01   146.8486      5.746      8.332    12.6064 0.0000e+00
      5.862      0.017     6.6597     62.293     60.646  45.626041     3.4408      7.444   161.5796 1.2370e-01   151.5293      5.747      8.337    12.6085 0.0000e+00
      5.867      0.014     6.6440     62.277     60.649  45.628558     4.0785      7.443   161.6520 1.2377e-01   174.2040      5.753      8.344    12.6100 0.0000e+00
      5.872      0.014     6.6273     62.285     60.704  45.668738     5.2676      7.443   161.7611 1.2370e-01   215.3664      5.760      8.354    12.6107 0.0000e+00
      5.876      0.013     6.6238     62.279     60.791  45.730953     5.9331      7.442   161.9521 1.2369e-01   237.8726      5.763      8.359    12.6122 0.0000e+00
      5.879      0.011     6.6189     62.234     60.814  45.745968     5.9911      7.441   162.1541 1.2379e-01   241.0945      5.765      8.363    12.6144 0.0000e+00
      5.881      0.008     6.6156     62.142     60.784  45.723304     5.7353      7.439   162.3112 1.2381e-01   254.0837      5.768      8.366    12.6148 0.0000e+00
      5.883      0.006     6.6208     62.022     60.765  45.710854     5.2456      7.438   162.4743 1.2375e-01   277.5176      5.770      8.368    12.6126 0.0000e+00
