Data/DataNotYetUploadedToEDI/Raw_CTD/RawDownloads/081922_ccr50_S7809001.cnv
* Sea-Bird SBE19plus  Data File:
* FileName = C:\R\Reservoirs\Data\DataNotYetUploadedToEDI\Raw_CTD\RawDownloads\081922_ccr50_S7809_0001.hex
* Software version 2.8.0.119
* Temperature SN = 7809
* Conductivity SN = 7809
* System UpLoad Time = Aug 21 2022 17:24:26
* <ApplicationData>
* <Seaterm232>
# nquan = 15
# nvalues = 2531                        
# units = specified
# name 0 = depFM: Depth [fresh water, m]
# name 1 = dz/dtM: Descent Rate [m/s]
# name 2 = sbeox0Mg/L: Oxygen, SBE 43 [mg/l]
# name 3 = sbeox0PS: Oxygen, SBE 43 [% saturation]
# name 4 = specc: Specific Conductance [uS/cm]
# name 5 = c0uS/cm: Conductivity [uS/cm]
# name 6 = flECO-AFL: Fluorescence, WET Labs ECO-AFL/FL [mg/m^3]
# name 7 = ph: pH
# name 8 = orp: Oxidation Reduction Potential [mV]
# name 9 = par/sat/log: PAR/Logarithmic, Satlantic
# name 10 = turbWETntu0: Turbidity, WET Labs ECO [NTU]
# name 11 = prdM: Pressure, Strain Gauge [db]
# name 12 = prdE: Pressure, Strain Gauge [psi]
# name 13 = tv290C: Temperature [ITS-90, deg C]
# name 14 = flag:  0.000e+00
# span 0 =     -0.460,     20.857       
# span 1 =     -0.377,      0.310       
# span 2 =     0.0542,     7.5379       
# span 3 =      0.523,     88.204       
# span 4 =     82.252,    139.461       
# span 5 =  73.939214, 100.271650       
# span 6 =    -0.0992,     3.8968       
# span 7 =      4.103,      8.432       
# span 8 =   134.2006,   238.5062       
# span 9 = 1.2364e-01, 5.2647e+02       
# span 10 =     0.0076,    36.1614      
# span 11 =     -0.454,     20.455      
# span 12 =     -0.659,     29.667      
# span 13 =    10.9456,    25.3330      
# span 14 = 0.0000e+00, 0.0000e+00      
# interval = seconds: 0.25
# start_time = Aug 19 2022 06:37:41 [Instrument's time stamp, header]
# bad_flag = -9.990e-29
*END*
[from data line 675]
      5.465      0.051     6.5921     80.191     84.958  84.949583     2.0596      8.415   181.9409 3.3271e+01     1.1322      5.360      7.774    25.0122 0.0000e+00
      5.476      0.045     6.5927     80.408     84.907  84.898199     2.0691      8.415   182.0598 3.3132e+01     1.1898      5.371      7.789    25.0054 0.0000e+00
      5.484      0.037     6.5938     80.577     84.882  84.880970     2.0668      8.415   181.9816 3.3024e+01     1.2342      5.379      7.802    25.0002 0.0000e+00
      5.491      0.031     6.6060     80.656     84.861  84.868416     2.0561      8.415   181.9421 3.2953e+01     1.1557      5.385      7.810    24.9937 0.0000e+00
      5.498      0.027     6.6261     80.676     84.799  84.809980     2.0399      8.415   181.9256 3.2869e+01     0.9932      5.392      7.821    24.9870 0.0000e+00
      5.505      0.024     6.6455     80.689     84.730  84.746517     2.0297      8.415   181.7828 3.2758e+01     0.9090      5.399      7.831    24.9856 0.0000e+00
      5.510      0.024     6.6607     80.704     84.709  84.736748     2.0238      8.415   181.5921 3.2673e+01     0.9228      5.405      7.838    24.9930 0.0000e+00
      5.515      0.026     6.6650     80.708     84.716  84.755447     2.0432      8.415   181.6849 3.2623e+01     0.9898      5.408      7.843    25.0004 0.0000e+00
      5.520      0.030     6.6642     80.698     84.736  84.781917     2.0979      8.415   181.9586 3.2575e+01     1.1034      5.413      7.850    25.0002 0.0000e+00
      5.526      0.036     6.6656     80.663     84.754  84.802546     2.1358      8.416   182.0614 3.2485e+01     1.2036      5.419      7.860    25.0015 0.0000e+00
      5.535      0.042     6.6665     80.580     84.769  84.814173     2.1513      8.417   182.1537 3.2348e+01     1.2449      5.427      7.872    25.0104 0.0000e+00
      5.548      0.050     6.6652     80.473     84.828  84.858938     2.2030      8.418   182.3010 3.2178e+01     1.2276      5.440      7.889    25.0184 0.0000e+00
      5.563      0.059     6.6643     80.392     84.835  84.835248     2.2777      8.417   182.4654 3.1971e+01     1.1987      5.455      7.911    25.0214 0.0000e+00
      5.580      0.068     6.6627     80.346     84.512  84.464136     2.3057      8.416   182.6791 3.1749e+01     1.1686      5.473      7.937    25.0234 0.0000e+00
      5.597      0.075     6.6551     80.311     84.050  83.931313     2.2999      8.415   182.9061 3.1499e+01     1.1366      5.488      7.960    25.0228 0.0000e+00
      5.617      0.080     6.6445     80.231     83.955  83.732119     2.3164      8.414   183.1448 3.1196e+01     1.1538      5.506      7.986    25.0174 0.0000e+00
      5.640      0.082     6.6405     80.017     84.112  83.771764     2.3546      8.412   183.2415 3.0871e+01     1.2061      5.531      8.022    24.9972 0.0000e+00
      5.665      0.081     6.6407     79.578     84.280  83.838430     2.3791      8.412   183.2157 3.0576e+01     1.2224      5.557      8.060    24.9692 0.0000e+00
      5.688      0.077     6.6439     78.908     84.409  83.902395     2.3875      8.412   183.2628 3.0326e+01     1.2134      5.579      8.092    24.9323 0.0000e+00
      5.708      0.070     6.6485     78.179     84.440  83.909447     2.3892      8.411   183.3804 3.0122e+01     1.2005      5.599      8.120    24.8644 0.0000e+00
      5.725      0.061     6.6425     77.555     84.461  83.923662     2.3926      8.410   183.6049 2.9986e+01     1.2028      5.616      8.145    24.7879 0.0000e+00
      5.737      0.055     6.6168     77.135     84.501  83.947141     2.4118      8.409   183.9127 2.9875e+01     1.2763      5.627      8.162    24.7247 0.0000e+00
      5.747      0.051     6.5577     76.974     84.520  83.939061     2.4293      8.408   184.0908 2.9736e+01     1.3712      5.637      8.176    24.6834 0.0000e+00
      5.757      0.047     6.4929     76.968     84.554  83.953045     2.4378      8.405   184.1242 2.9585e+01     1.3938      5.645      8.188    24.6766 0.0000e+00
      5.770      0.044     6.4403     77.070     84.593  83.989056     2.5066      8.402   184.2299 2.9424e+01     1.3103      5.657      8.205    24.6806 0.0000e+00
      5.785      0.042     6.4004     77.318     84.585  83.993101     2.6445      8.402   184.4229 2.9267e+01     1.2155      5.674      8.230    24.6686 0.0000e+00
      5.797      0.041     6.3976     77.636     84.585  84.001964     2.7236      8.402   184.4775 2.9157e+01     1.2045      5.687      8.248    24.6483 0.0000e+00
      5.805      0.041     6.3998     77.892     84.630  84.032671     2.7228      8.401   184.4608 2.9085e+01     1.2114      5.693      8.257    24.6345 0.0000e+00
      5.812      0.042     6.4035     78.007     84.685  84.046545     2.6853      8.400   184.5650 2.8987e+01     1.1956      5.698      8.264    24.6334 0.0000e+00
      5.822      0.046     6.4279     78.042     84.808  84.106088     2.6276      8.400   184.7041 2.8862e+01     1.1850      5.708      8.279    24.6444 0.0000e+00
      5.833      0.051     6.4561     78.082     85.025  84.244010     2.6074      8.399   184.8525 2.8714e+01     1.1858      5.720      8.296    24.6547 0.0000e+00
      5.847      0.055     6.4829     78.140     85.180  84.315645     2.6243      8.396   184.9829 2.8503e+01     1.2049      5.733      8.315    24.6469 0.0000e+00
      5.864      0.057     6.4917     78.230     85.201  84.272900     2.6574      8.394   184.9901 2.8276e+01     1.2112      5.750      8.341    24.6214 0.0000e+00
      5.883      0.055     6.4959     78.424     85.191  84.235599     2.6989      8.394   184.9396 2.8072e+01     1.1941      5.770      8.369    24.5834 0.0000e+00
      5.900      0.050     6.5056     78.793     85.205  84.245972     2.7186      8.393   185.0613 2.7912e+01     1.1677      5.788      8.395    24.5365 0.0000e+00
      5.911      0.046     6.5167     79.277     85.241  84.271195     2.7210      8.393   185.5147 2.7830e+01     1.1315      5.799      8.410    24.4840 0.0000e+00
      5.917      0.041     6.5275     79.727     85.282  84.286300     2.7448      8.392   185.8614 2.7766e+01     1.2005      5.803      8.416    24.4387 0.0000e+00
      5.925      0.037     6.5412     80.065     85.331  84.301445     2.7903      8.389   185.8115 2.7656e+01     1.3880      5.808      8.425    24.4263 0.0000e+00
      5.935      0.035     6.5737     80.366     85.410  84.327140     2.8048      8.386   185.7710 2.7514e+01     1.4851      5.819      8.440    24.4346 0.0000e+00
      5.945      0.034     6.6195     80.664     85.512  84.342652     2.7953      8.384   185.8023 2.7381e+01     1.4870      5.831      8.458    24.4300 0.0000e+00
      5.955      0.034     6.6643     80.922     85.621  84.361737     2.7413      8.383   185.8467 2.7268e+01     1.5130      5.841      8.472    24.4102 0.0000e+00
      5.964      0.033     6.6889     81.198     85.747  84.430641     2.6183      8.383   186.2217 2.7187e+01     1.5601      5.848      8.482    24.3939 0.0000e+00
      5.971      0.032     6.7153     81.506     85.901  84.540037     2.5402      8.382   186.7223 2.7128e+01     1.6116      5.855      8.492    24.3713 0.0000e+00
      5.978      0.030     6.7529     81.768     86.027  84.603792     2.5460      8.379   186.9955 2.7060e+01     1.6585      5.862      8.502    24.3119 0.0000e+00
      5.986      0.028     6.7775     82.034     86.056  84.565769     2.5640      8.376   187.2013 2.6980e+01     1.7168      5.870      8.514    24.2471 0.0000e+00
      5.994      0.026     6.8027     82.430     85.992  84.461591     2.5658      8.376   187.3186 2.6909e+01     1.7367      5.878      8.526    24.2229 0.0000e+00
      6.001      0.025     6.8357     82.939     85.901  84.361143     2.5593      8.375   187.2956 2.6855e+01     1.6595      5.884      8.535    24.2105 0.0000e+00
      6.006      0.022     6.8608     83.463     85.826  84.304705     2.5521      8.373   187.2668 2.6790e+01     1.6033      5.890      8.542    24.1686 0.0000e+00
      6.011      0.020     6.8821     83.893     85.770  84.287744     2.5544      8.372   187.3139 2.6725e+01     1.6023      5.895      8.550    24.1211 0.0000e+00
      6.016      0.019     6.9211     84.147     85.717  84.283249     2.5698      8.371   187.4356 2.6685e+01     1.6140      5.900      8.558    24.0984 0.0000e+00
      6.019      0.020     6.9676     84.208     85.779  84.377549     2.5889      8.371   187.5336 2.6639e+01     1.6427      5.904      8.562    24.0928 0.0000e+00
      6.022      0.023     7.0128     84.073     86.074  84.665207     2.6026      8.371   187.5521 2.6580e+01     1.6426      5.905      8.565    24.1033 0.0000e+00
      6.027      0.030     7.0501     83.761     86.437  84.964467     2.6106      8.371   187.7446 2.6520e+01     1.6461      5.910      8.572    24.1275 0.0000e+00
      6.034      0.038     7.0653     83.367     86.665  85.071811     2.6024      8.369   188.0554 2.6434e+01     1.6854      5.917      8.582    24.1607 0.0000e+00
      6.044      0.045     7.0686     83.089     86.757  85.009440     2.5696      8.366   188.1257 2.6296e+01     1.7079      5.926      8.595    24.1851 0.0000e+00
      6.058      0.051     7.0562     83.119     86.746  84.845772     2.5386      8.364   188.0791 2.6096e+01     1.6790      5.939      8.614    24.1862 0.0000e+00
      6.077      0.055     7.0321     83.489     86.730  84.681827     2.5361      8.364   188.1798 2.5894e+01     1.6428      5.959      8.643    24.1568 0.0000e+00
      6.095      0.058     7.0017     84.034     86.851  84.616104     2.5640      8.363   188.5692 2.5751e+01     1.6460      5.979      8.671    24.0831 0.0000e+00
      6.109      0.059     6.9841     84.522     87.099  84.622948     2.6014      8.361   188.9152 2.5629e+01     1.6835      5.991      8.690    23.9854 0.0000e+00
      6.120      0.059     6.9976     84.808     87.481  84.700667     2.6216      8.360   188.9219 2.5465e+01     1.7206      6.001      8.704    23.8933 0.0000e+00
      6.133      0.058     7.0437     84.803     87.966  84.792606     2.6251      8.357   188.9083 2.5252e+01     1.7184      6.013      8.720    23.8236 0.0000e+00
      6.150      0.058     7.1125     84.492     88.376  84.780558     2.6346      8.355   189.0091 2.5032e+01     1.6238      6.031      8.747    23.7202 0.0000e+00
      6.168      0.058     7.1752     83.996     88.687  84.745096     2.6545      8.353   189.2802 2.4847e+01     1.4653      6.050      8.775    23.5776 0.0000e+00
      6.183      0.057     7.2234     83.539     88.934  84.744755     2.6569      8.350   189.7769 2.4701e+01     1.3730      6.065      8.796    23.4311 0.0000e+00
      6.197      0.053     7.2549     83.269     89.091  84.712539     2.6557      8.348   190.0248 2.4558e+01     1.3955      6.077      8.815    23.1997 0.0000e+00
      6.211      0.048     7.2607     83.137     89.222  84.673148     2.6981      8.346   189.9540 2.4414e+01     1.4637      6.090      8.833    22.9400 0.0000e+00
      6.223      0.043     7.2357     83.010     89.342  84.649645     2.7619      8.343   190.0395 2.4298e+01     1.4807      6.103      8.852    22.7515 0.0000e+00
      6.233      0.039     7.2070     82.849     89.432  84.618874     2.7864      8.341   190.1975 2.4202e+01     1.4306      6.113      8.866    22.6278 0.0000e+00
      6.241      0.037     7.1992     82.748     89.573  84.618760     2.7775      8.340   190.3158 2.4108e+01     1.3694      6.122      8.879    22.5398 0.0000e+00
      6.248      0.037     7.2068     82.749     89.757  84.648077     2.7452      8.339   190.6102 2.4018e+01     1.3564      6.127      8.887    22.4385 0.0000e+00
      6.256      0.037     7.2089     82.792     89.888  84.655312     2.6964      8.336   190.9174 2.3911e+01     1.3749      6.134      8.897    22.3594 0.0000e+00
      6.266      0.039     7.1963     82.884     89.946  84.642504     2.6699      8.334   191.1045 2.3769e+01     1.3893      6.145      8.912    22.3134 0.0000e+00
      6.277      0.044     7.1960     83.073     89.951  84.620260     2.6662      8.332   191.4106 2.3624e+01     1.3938      6.155      8.927    22.2325 0.0000e+00
      6.288      0.051     7.2139     83.337     89.967  84.577024     2.6927      8.329   191.7786 2.3488e+01     1.3946      6.166      8.943    22.1410 0.0000e+00
      6.299      0.057     7.2252     83.599     90.039  84.501057     2.7410      8.326   192.0257 2.3347e+01     1.3995      6.176      8.958    22.0754 0.0000e+00
      6.314      0.061     7.2367     83.833     90.153  84.400752     2.7677      8.323   192.2487 2.3156e+01     1.3842      6.190      8.977    22.0337 0.0000e+00
      6.333      0.064     7.2535     84.071     90.301  84.317414     2.7734      8.321   192.4952 2.2911e+01     1.3468      6.210      9.005    22.0385 0.0000e+00
      6.354      0.065     7.2816     84.253     90.444  84.255888     2.7689      8.317   192.6842 2.2691e+01     1.3233      6.233      9.040    22.0222 0.0000e+00
      6.372      0.064     7.3201     84.379     90.505  84.165079     2.7638      8.313   192.8984 2.2513e+01     1.3388      6.250      9.067    21.9315 0.0000e+00
      6.387      0.061     7.3526     84.540     90.518  84.045580     2.7773      8.311   193.1057 2.2365e+01     1.3979      6.264      9.086    21.8069 0.0000e+00
      6.400      0.058     7.3973     84.688     90.605  83.954995     2.7912      8.309   193.2973 2.2249e+01     1.4564      6.276      9.103    21.6773 0.0000e+00
      6.412      0.053     7.4313     84.743     90.771  83.895914     2.7903      8.305   193.4951 2.2118e+01     1.4663      6.288      9.119    21.5610 0.0000e+00
      6.426      0.049     7.4448     84.661     90.917  83.839439     2.7751      8.301   193.4314 2.1946e+01     1.4144      6.302      9.140    21.4865 0.0000e+00
      6.441      0.046     7.4732     84.424     90.994  83.780403     2.7399      8.299   193.3877 2.1784e+01     1.3411      6.317      9.162    21.4314 0.0000e+00
      6.453      0.045     7.5007     84.032     91.002  83.690430     2.7139      8.297   193.6560 2.1679e+01     1.3307      6.330      9.181    21.3376 0.0000e+00
      6.463      0.045     7.5272     83.482     90.991  83.577769     2.7198      8.295   193.9216 2.1619e+01     1.3915      6.339      9.194    21.2028 0.0000e+00
      6.470      0.049     7.5379     82.819     90.976  83.435079     2.7446      8.294   194.1899 2.1536e+01     1.4285      6.345      9.202    21.0857 0.0000e+00
      6.480      0.056     7.5242     82.057     90.955  83.236229     2.7721      8.292   194.4905 2.1396e+01     1.4019      6.353      9.215    21.0261 0.0000e+00
      6.493      0.065     7.4989     81.153     91.045  83.080086     2.7856      8.290   194.5460 2.1238e+01     1.3777      6.367      9.235    20.9794 0.0000e+00
      6.512      0.071     7.4533     80.051     91.255  83.008733     2.7830      8.286   194.5163 2.1016e+01     1.3743      6.384      9.259    20.9259 0.0000e+00
      6.537      0.076     7.4043     78.768     91.430  82.945187     2.8079      8.282   194.6472 2.0718e+01     1.3618      6.409      9.296    20.8610 0.0000e+00
      6.563      0.076     7.3512     77.412     91.524  82.883487     2.8697      8.278   195.0109 2.0474e+01     1.3625      6.440      9.340    20.7646 0.0000e+00
      6.583      0.074     7.2918     76.022     91.566  82.834563     2.9067      8.273   195.4716 2.0315e+01     1.3820      6.458      9.366    20.6297 0.0000e+00
      6.598      0.070     7.2171     74.646     91.557  82.734898     2.9139      8.270   195.5711 2.0166e+01     1.3926      6.470      9.384    20.4671 0.0000e+00
      6.613      0.068     7.1124     73.430     91.547  82.568173     2.9820      8.267   195.4401 2.0044e+01     1.3888      6.486      9.406    20.3386 0.0000e+00
      6.627      0.069     7.0013     72.411     91.614  82.407460     3.1142      8.264   195.4363 1.9935e+01     1.3700      6.498      9.425    20.2605 0.0000e+00
