Data/DataNotYetUploadedToEDI/Raw_CTD/RawDownloads/081924_fcr40_S7809006.cnv
* Sea-Bird SBE19plus  Data File:
* FileName = C:\R\Reservoirs\Data\DataNotYetUploadedToEDI\Raw_CTD\RawDownloads\081924_fcr50_S7809_0007.hex
* Software version 2.8.0.119
* Temperature SN = 7809
* Conductivity SN = 7809
* System UpLoad Time = Aug 20 2024 14:07:28
* <ApplicationData>
* <Seaterm232>
# nquan = 15
# nvalues = 1177                        
# units = specified
# name 0 = depFM: Depth [fresh water, m]
# name 1 = dz/dtM: Descent Rate [m/s]
# name 2 = sbeox0Mg/L: Oxygen, SBE 43 [mg/l]
# name 3 = sbeox0PS: Oxygen, SBE 43 [% saturation]
# name 4 = specc: Specific Conductance [uS/cm]
# name 5 = c0uS/cm: Conductivity [uS/cm]
# name 6 = flECO-AFL: Fluorescence, WET Labs ECO-AFL/FL [mg/m^3]
# name 7 = ph: pH
# name 8 = orp: Oxidation Reduction Potential [mV]
# name 9 = par/sat/log: PAR/Logarithmic, Satlantic
# name 10 = turbWETntu0: Turbidity, WET Labs ECO [NTU]
# name 11 = prdM: Pressure, Strain Gauge [db]
# name 12 = prdE: Pressure, Strain Gauge [psi]
# name 13 = tv290C: Temperature [ITS-90, deg C]
# name 14 = flag:  0.000e+00
# span 0 =     -0.702,      5.889       
# span 1 =     -0.020,      0.156       
# span 2 =     0.1271,     8.5618       
# span 3 =      1.245,    104.058       
# span 4 =      1.240,     88.404       
# span 5 =   1.180241,  73.651333       
# span 6 =    -0.3612,    37.9326       
# span 7 =      7.427,      8.037       
# span 8 =    39.6621,   208.4354       
# span 9 = 1.2358e-01, 2.7889e+03       
# span 10 =    -0.2780,   291.4055      
# span 11 =     -0.690,      5.775      
# span 12 =     -1.001,      8.377      
# span 13 =    12.6058,    25.5633      
# span 14 = 0.0000e+00, 0.0000e+00      
# interval = seconds: 0.25
# start_time = Aug 19 2024 12:36:11 [Instrument's time stamp, header]
# bad_flag = -9.990e-29
*END*
[from data line 868]
      4.496      0.015     4.7011     42.775     60.073  45.709424     0.4679      7.655   112.3218 9.4588e-01    16.4746      4.409      6.394    13.0477 0.0000e+00
      4.499      0.015     4.7286     41.812     60.084  45.708376     0.4602      7.654   112.4487 9.4067e-01    16.2770      4.412      6.399    13.0540 0.0000e+00
      4.503      0.015     4.6894     41.014     60.097  45.709427     0.4626      7.652   112.6269 9.4571e-01    15.9704      4.416      6.405    13.0563 0.0000e+00
      4.508      0.014     4.6082     40.485     60.122  45.722123     0.4711      7.650   113.0137 9.4823e-01    15.8411      4.420      6.411    13.0506 0.0000e+00
      4.513      0.013     4.5033     40.248     60.141  45.734912     0.4887      7.649   113.3406 9.4882e-01    15.8406      4.426      6.419    13.0419 0.0000e+00
      4.517      0.011     4.3944     40.288     60.138  45.737097     0.4925      7.649   113.4826 9.5138e-01    15.7933      4.430      6.425    13.0333 0.0000e+00
      4.519      0.010     4.3076     40.536     60.145  45.748547     0.4759      7.648   113.6116 9.5253e-01    15.7478      4.431      6.427    13.0264 0.0000e+00
      4.519      0.010     4.2528     40.881     60.134  45.746386     0.4620      7.647   113.7818 9.4683e-01    15.7349      4.432      6.427    13.0190 0.0000e+00
      4.519      0.012     4.2277     41.200     60.081  45.710980     0.4665      7.645   113.9911 9.4251e-01    15.7744      4.432      6.428    13.0177 0.0000e+00
      4.520      0.014     4.2340     41.405     60.071  45.701354     0.4883      7.645   114.1627 9.4759e-01    15.8485      4.433      6.429    13.0231 0.0000e+00
      4.525      0.015     4.2643     41.490     60.155  45.756967     0.4928      7.644   114.3078 9.4636e-01    15.8799      4.437      6.433    13.0288 0.0000e+00
      4.533      0.014     4.3047     41.495     60.229  45.812037     0.4707      7.643   114.5418 9.3316e-01    15.8805      4.444      6.445    13.0335 0.0000e+00
      4.541      0.012     4.3417     41.481     60.193  45.795849     0.4544      7.642   114.7549 9.2313e-01    15.8563      4.455      6.462    13.0397 0.0000e+00
      4.545      0.010     4.3627     41.516     60.123  45.751700     0.4624      7.642   114.9919 9.2354e-01    15.8259      4.461      6.470    13.0405 0.0000e+00
      4.543      0.009     4.3713     41.609     60.090  45.722635     0.4758      7.641   115.2563 9.2526e-01    15.9570      4.457      6.464    13.0264 0.0000e+00
      4.539      0.009     4.3703     41.698     60.080  45.698348     0.4745      7.639   115.3706 9.1869e-01    16.1438      4.451      6.454    13.0228 0.0000e+00
      4.539      0.010     4.3636     41.728     60.130  45.711960     0.4638      7.639   115.5135 9.1360e-01    16.2061      4.450      6.454    13.0391 0.0000e+00
      4.544      0.011     4.3657     41.708     60.223  45.760220     0.4538      7.639   115.7787 9.1059e-01    16.2314      4.456      6.462    13.0508 0.0000e+00
      4.552      0.012     4.3796     41.688     60.251  45.773965     0.4615      7.638   115.9957 9.0119e-01    16.1424      4.464      6.474    13.0449 0.0000e+00
      4.560      0.012     4.3928     41.762     60.208  45.751184     0.4825      7.637   116.1591 8.9629e-01    15.9159      4.474      6.489    13.0297 0.0000e+00
      4.562      0.011     4.3972     41.996     60.178  45.738714     0.4835      7.636   116.2911 8.9441e-01    15.7466      4.476      6.492    13.0077 0.0000e+00
      4.560      0.009     4.3964     42.346     60.195  45.750175     0.4646      7.635   116.3880 8.9128e-01    15.7008      4.471      6.485    12.9835 0.0000e+00
      4.559      0.009     4.3905     42.691     60.224  45.762788     0.4714      7.633   116.5565 8.9385e-01    15.7732      4.470      6.483    12.9766 0.0000e+00
      4.561      0.010     4.3934     42.978     60.234  45.764233     0.5064      7.632   116.8653 8.8531e-01    15.8706      4.472      6.486    12.9910 0.0000e+00
      4.566      0.011     4.4187     43.251     60.235  45.767640     0.5306      7.632   117.1965 8.6816e-01    15.8867      4.477      6.493    13.0049 0.0000e+00
      4.571      0.014     4.4617     43.521     60.270  45.803992     0.5306      7.631   117.3775 8.6096e-01    15.8317      4.484      6.503    13.0009 0.0000e+00
      4.576      0.016     4.5026     43.767     60.366  45.886355     0.5228      7.630   117.5047 8.6644e-01    15.7527      4.488      6.509    12.9897 0.0000e+00
      4.579      0.016     4.5288     43.976     60.426  45.938207     0.5201      7.629   117.7020 8.7526e-01    15.7504      4.490      6.512    12.9832 0.0000e+00
      4.581      0.015     4.5578     44.132     60.400  45.923073     0.5223      7.629   117.8707 8.6286e-01    15.8382      4.491      6.514    12.9849 0.0000e+00
      4.586      0.014     4.5865     44.199     60.351  45.893835     0.5331      7.628   118.0810 8.3795e-01    15.8586      4.496      6.522    12.9965 0.0000e+00
      4.592      0.013     4.6114     44.088     60.350  45.902112     0.5342      7.626   118.3530 8.2726e-01    15.7919      4.505      6.533    13.0055 0.0000e+00
      4.595      0.012     4.6341     43.729     60.415  45.959680     0.5104      7.625   118.5775 8.3745e-01    15.7493      4.507      6.537    13.0084 0.0000e+00
      4.596      0.011     4.6503     43.158     60.473  46.018540     0.4788      7.624   118.8168 8.4832e-01    15.7538      4.506      6.536    13.0121 0.0000e+00
      4.599      0.009     4.6613     42.492     60.473  46.042450     0.4676      7.622   119.0087 8.4217e-01    15.8113      4.510      6.541    13.0189 0.0000e+00
      4.601      0.007     4.6520     41.824     60.467  46.058349     0.4749      7.620   119.0917 8.3508e-01    15.8635      4.512      6.544    13.0280 0.0000e+00
      4.602      0.007     4.6122     41.152     60.487  46.083824     0.4754      7.620   119.3032 8.3171e-01    15.9069      4.512      6.546    13.0308 0.0000e+00
      4.604      0.008     4.5457     40.415     60.496  46.096546     0.4656      7.619   119.6742 8.2681e-01    15.9601      4.516      6.551    13.0402 0.0000e+00
      4.605      0.008     4.4689     39.601     60.480  46.085213     0.4563      7.618   119.9630 8.1825e-01    15.9947      4.517      6.552    13.0670 0.0000e+00
      4.606      0.008     4.3970     38.737     60.480  46.073776     0.4625      7.617   120.1283 7.9942e-01    16.0521      4.516      6.551    13.0869 0.0000e+00
      4.609      0.009     4.3298     37.827     60.518  46.085214     0.4740      7.616   120.2094 7.9217e-01    16.1411      4.521      6.557    13.0902 0.0000e+00
      4.613      0.010     4.2521     36.927     60.551  46.096519     0.4798      7.614   120.3424 8.0312e-01    16.2516      4.524      6.561    13.0956 0.0000e+00
      4.615      0.013     4.1633     36.182     60.546  46.083472     0.4825      7.614   120.6169 8.1043e-01    16.2952      4.525      6.564    13.1020 0.0000e+00
      4.618      0.016     4.0753     35.709     60.516  46.054418     0.4727      7.614   120.8612 8.0433e-01    16.2233      4.529      6.569    13.0881 0.0000e+00
      4.621      0.020     3.9799     35.531     60.446  45.999163     0.4621      7.613   121.0594 7.8548e-01    16.0316      4.532      6.572    13.0702 0.0000e+00
      4.626      0.023     3.8788     35.633     60.357  45.923250     0.4546      7.612   121.2929 7.6087e-01    15.7535      4.536      6.578    13.0611 0.0000e+00
      4.633      0.025     3.7964     35.981     60.351  45.898357     0.4400      7.612   121.5329 7.2341e-01    15.6275      4.543      6.589    13.0519 0.0000e+00
      4.643      0.029     3.7470     36.487     60.371  45.888611     0.4183      7.612   121.7239 6.8793e-01    15.6361      4.554      6.604    13.0470 0.0000e+00
      4.652      0.035     3.7292     37.092     60.297  45.805383     0.3917      7.611   121.8820 6.7205e-01    15.5499      4.564      6.618    13.0478 0.0000e+00
      4.658      0.043     3.7403     37.837     60.246  45.717313     0.3850      7.610   122.0683 6.5801e-01    15.4394      4.568      6.625    13.0449 0.0000e+00
      4.663      0.049     3.7827     38.769     60.333  45.712453     0.4032      7.610   122.2563 6.3391e-01    15.3926      4.571      6.630    13.0256 0.0000e+00
      4.676      0.051     3.8419     39.936     60.451  45.746539     0.4215      7.609   122.4341 5.9572e-01    15.3946      4.581      6.643    12.9994 0.0000e+00
      4.698      0.050     3.9034     41.501     60.488  45.748487     0.4234      7.609   122.6682 5.6112e-01    15.3957      4.608      6.682    12.9891 0.0000e+00
      4.721      0.047     3.9829     43.597     60.480  45.735978     0.4094      7.609   123.0221 5.4908e-01    15.3372      4.635      6.723    12.9504 0.0000e+00
      4.733      0.041     4.0894     46.155     60.464  45.722248     0.4090      7.607   123.3578 5.4241e-01    15.3360      4.644      6.736    12.8718 0.0000e+00
      4.737      0.033     4.2097     49.039     60.456  45.709458     0.4273      7.606   123.5437 5.3156e-01    15.3817      4.645      6.737    12.8244 0.0000e+00
      4.739      0.025     4.3673     51.957     60.467  45.708288     0.4314      7.606   123.7209 5.2451e-01    15.3775      4.647      6.740    12.8076 0.0000e+00
      4.742      0.021     4.5977     54.512     60.481  45.708089     0.4159      7.606   124.0375 5.1159e-01    15.3528      4.649      6.744    12.8061 0.0000e+00
      4.747      0.021     4.8695     56.557     60.494  45.707040     0.3987      7.605   124.3600 4.8745e-01    15.3228      4.654      6.750    12.8094 0.0000e+00
      4.755      0.024     5.1846     58.099     60.494  45.695593     0.3987      7.604   124.5225 4.7238e-01    15.3553      4.662      6.762    12.8020 0.0000e+00
      4.764      0.026     5.5181     59.159     60.508  45.696634     0.4148      7.603   124.7125 4.6301e-01    15.4388      4.672      6.777    12.7926 0.0000e+00
      4.770      0.027     5.7893     59.793     60.549  45.719614     0.4268      7.603   125.0227 4.4999e-01    15.4785      4.677      6.784    12.7848 0.0000e+00
      4.776      0.027     6.0063     60.105     60.561  45.719510     0.4195      7.602   125.2609 4.3876e-01    15.4262      4.682      6.790    12.7761 0.0000e+00
      4.783      0.025     6.1719     60.274     60.541  45.695368     0.4020      7.601   125.4423 4.2234e-01    15.3180      4.690      6.803    12.7642 0.0000e+00
      4.791      0.023     6.2815     60.422     60.532  45.681631     0.3982      7.600   125.6678 4.0298e-01    15.2977      4.699      6.815    12.7575 0.0000e+00
      4.797      0.022     6.3479     60.571     60.537  45.680374     0.4065      7.599   125.9213 3.8679e-01    15.3507      4.705      6.823    12.7522 0.0000e+00
      4.801      0.021     6.3726     60.724     60.543  45.680167     0.4190      7.598   126.1848 3.8151e-01    15.3785      4.710      6.831    12.7434 0.0000e+00
      4.804      0.019     6.3867     60.865     60.550  45.679117     0.4242      7.597   126.4446 3.8786e-01    15.3611      4.712      6.834    12.7358 0.0000e+00
      4.809      0.017     6.4044     60.980     60.544  45.667670     0.4112      7.596   126.6538 3.8952e-01    15.3109      4.715      6.837    12.7303 0.0000e+00
      4.815      0.017     6.4198     61.079     60.554  45.668721     0.3961      7.595   126.7345 3.8649e-01    15.2837      4.723      6.850    12.7261 0.0000e+00
      4.820      0.018     6.4376     61.179     60.592  45.691815     0.3993      7.593   126.8185 3.9173e-01    15.3055      4.729      6.859    12.7223 0.0000e+00
      4.823      0.018     6.4543     61.289     60.597  45.692969     0.4171      7.592   127.0680 3.9487e-01    15.3698      4.729      6.858    12.7171 0.0000e+00
      4.826      0.017     6.4664     61.410     60.586  45.682667     0.4194      7.592   127.4278 3.8499e-01    15.3774      4.732      6.863    12.7114 0.0000e+00
      4.832      0.016     6.4771     61.551     60.601  45.694218     0.4019      7.591   127.7265 3.7011e-01    15.2956      4.739      6.874    12.7054 0.0000e+00
      4.838      0.016     6.4880     61.718     60.617  45.705665     0.3965      7.590   127.8402 3.6529e-01    15.2010      4.745      6.883    12.7007 0.0000e+00
      4.842      0.017     6.5003     61.882     60.607  45.694106     0.4133      7.589   128.0290 3.7930e-01    15.1211      4.748      6.886    12.6984 0.0000e+00
      4.844      0.017     6.5131     62.002     60.600  45.681420     0.4295      7.588   128.4601 3.8790e-01    15.1155      4.750      6.889    12.6973 0.0000e+00
      4.847      0.016     6.5268     62.067     60.609  45.679237     0.4269      7.587   128.8362 3.7107e-01    15.1325      4.752      6.893    12.6984 0.0000e+00
      4.852      0.016     6.5460     62.085     60.601  45.667697     0.4230      7.585   129.0491 3.5312e-01    15.1560      4.757      6.900    12.6989 0.0000e+00
      4.858      0.016     6.5660     62.087     60.599  45.668851     0.4406      7.584   129.3996 3.4854e-01    15.2292      4.765      6.911    12.6954 0.0000e+00
      4.863      0.016     6.5795     62.126     60.613  45.693193     0.4648      7.582   129.8905 3.4833e-01    15.3005      4.770      6.919    12.6878 0.0000e+00
      4.866      0.015     6.5877     62.225     60.611  45.708100     0.4745      7.580   130.2521 3.5049e-01    15.3686      4.772      6.921    12.6804 0.0000e+00
      4.868      0.014     6.5895     62.356     60.612  45.722149     0.4490      7.580   130.5883 3.5275e-01    15.3352      4.773      6.923    12.6739 0.0000e+00
      4.871      0.014     6.5871     62.454     60.617  45.736102     0.3980      7.579   130.9436 3.5431e-01    15.1698      4.777      6.928    12.6733 0.0000e+00
      4.875      0.014     6.5882     62.452     60.622  45.749847     0.3747      7.579   131.2796 3.5001e-01    15.0770      4.780      6.933    12.6889 0.0000e+00
      4.880      0.014     6.5970     62.335     60.626  45.761391     0.3918      7.579   131.6394 3.4336e-01    15.1354      4.785      6.940    12.7059 0.0000e+00
      4.885      0.013     6.6122     62.116     60.602  45.748712     0.4296      7.578   131.9393 3.4684e-01    15.2614      4.790      6.948    12.7141 0.0000e+00
      4.889      0.012     6.6254     61.799     60.565  45.723519     0.4566      7.577   132.1517 3.5314e-01    15.3369      4.794      6.954    12.7219 0.0000e+00
      4.891      0.012     6.6233     61.399     60.549  45.710727     0.4532      7.577   132.3149 3.4774e-01    15.3302      4.796      6.957    12.7315 0.0000e+00
      4.892      0.011     6.6090     60.967     60.569  45.721012     0.4466      7.576   132.5353 3.4381e-01    15.3175      4.796      6.957    12.7392 0.0000e+00
      4.894      0.011     6.5854     60.591     60.577  45.720899     0.4431      7.575   132.7509 3.4181e-01    15.3190      4.799      6.960    12.7425 0.0000e+00
      4.897      0.011     6.5513     60.337     60.571  45.709357     0.4354      7.573   132.9437 3.3281e-01    15.3488      4.802      6.965    12.7452 0.0000e+00
      4.901      0.012     6.5071     60.218     60.578  45.708412     0.4284      7.572   133.2319 3.3201e-01    15.3360      4.806      6.971    12.7446 0.0000e+00
      4.904      0.012     6.4580     60.215     60.586  45.709461     0.4174      7.572   133.4822 3.3424e-01    15.2670      4.809      6.975    12.7398 0.0000e+00
      4.908      0.011     6.4162     60.326     60.603  45.722035     0.4102      7.572   133.6466 3.2763e-01    15.2325      4.813      6.980    12.7347 0.0000e+00
      4.911      0.011     6.3897     60.547     60.618  45.733482     0.4166      7.572   133.7573 3.2268e-01    15.2602      4.816      6.985    12.7292 0.0000e+00
