Data/DataNotYetUploadedToEDI/Raw_CTD/RawDownloads/081924_fcr20_S7809004.cnv
* Sea-Bird SBE19plus  Data File:
* FileName = C:\R\Reservoirs\Data\DataNotYetUploadedToEDI\Raw_CTD\RawDownloads\081924_fcr50_S7809_0005.hex
* Software version 2.8.0.119
* Temperature SN = 7809
* Conductivity SN = 7809
* System UpLoad Time = Aug 20 2024 14:06:03
* <ApplicationData>
* <Seaterm232>
# nquan = 15
# nvalues = 775                         
# units = specified
# name 0 = depFM: Depth [fresh water, m]
# name 1 = dz/dtM: Descent Rate [m/s]
# name 2 = sbeox0Mg/L: Oxygen, SBE 43 [mg/l]
# name 3 = sbeox0PS: Oxygen, SBE 43 [% saturation]
# name 4 = specc: Specific Conductance [uS/cm]
# name 5 = c0uS/cm: Conductivity [uS/cm]
# name 6 = flECO-AFL: Fluorescence, WET Labs ECO-AFL/FL [mg/m^3]
# name 7 = ph: pH
# name 8 = orp: Oxidation Reduction Potential [mV]
# name 9 = par/sat/log: PAR/Logarithmic, Satlantic
# name 10 = turbWETntu0: Turbidity, WET Labs ECO [NTU]
# name 11 = prdM: Pressure, Strain Gauge [db]
# name 12 = prdE: Pressure, Strain Gauge [psi]
# name 13 = tv290C: Temperature [ITS-90, deg C]
# name 14 = flag:  0.000e+00
# span 0 =     -0.709,      3.221       
# span 1 =     -0.010,      0.123       
# span 2 =     0.1138,     7.8684       
# span 3 =      1.254,     95.733       
# span 4 =      1.620,    108.654       
# span 5 =   1.585550,  93.592346       
# span 6 =    -0.5802,    20.1577       
# span 7 =      7.185,      7.594       
# span 8 =   -34.8298,  1101.5514       
# span 9 = 6.4932e+00, 2.3613e+03       
# span 10 =    -6.3667,    84.9229      
# span 11 =     -0.696,      3.160      
# span 12 =     -1.010,      4.583      
# span 13 =    17.9509,    25.3528      
# span 14 = 0.0000e+00, 0.0000e+00      
# interval = seconds: 0.25
# start_time = Aug 19 2024 12:16:59 [Instrument's time stamp, header]
# bad_flag = -9.990e-29
*END*
     -0.709 -5.159e-13     7.7575     92.192      2.365   2.315587    -0.1170      7.411   238.5378 5.3659e+02     3.0802     -0.696     -1.009    23.9554 0.0000e+00
     -0.709 -2.814e-13     7.7566     92.254      2.263   2.215795    -0.1139      7.411   217.1356 4.2967e+02     2.9816     -0.695     -1.009    23.9546 0.0000e+00
     -0.709 -2.558e-14     7.7585     92.285      2.034   1.991766    -0.1010      7.425   127.0592 3.5585e+02     2.2160     -0.696     -1.009    23.9534 0.0000e+00
     -0.709 -2.325e-15     7.7623     92.250      1.862   1.823869    -0.0693      7.460   -34.8298 3.2420e+02     0.7570     -0.695     -1.009    23.9524 0.0000e+00
     -0.709 -2.114e-16     7.7666     92.175      1.807   1.769334    -0.0470      7.439    26.5661 2.8924e+02    -0.1066     -0.696     -1.010    23.9511 0.0000e+00
     -0.709 -1.922e-17     7.7734     92.099      1.813   1.775788    -0.0563      7.310   473.1799 2.4498e+02    -0.2668     -0.696     -1.009    23.9501 0.0000e+00
     -0.709 -1.747e-18     7.7781     92.034      1.813   1.775217    -0.0566      7.195   929.8162 2.1228e+02    -0.3261     -0.695     -1.009    23.9489 0.0000e+00
     -0.709 -1.588e-19     7.7739     91.996      1.800   1.762427    -0.0596      7.185  1101.5514 2.2196e+02    -0.7887     -0.695     -1.009    23.9482 0.0000e+00
     -0.709 -1.443e-20     7.7657     91.972      1.785   1.747833    -0.0922      7.274   966.1497 2.6597e+02    -1.6932     -0.695     -1.009    23.9486 0.0000e+00
     -0.709 -1.192e-21     7.7598     91.947      1.762   1.725452    -0.1098      7.384   698.6537 3.0783e+02    -2.1420     -0.695     -1.008    23.9493 0.0000e+00
     -0.709 1.2086e-21     7.7530     91.953      1.782   1.745192    -0.1063      7.431   527.5275 3.3922e+02    -2.0140     -0.696     -1.009    23.9502 0.0000e+00
     -0.709 1.4597e-20     7.7499     91.971      1.899   1.859818    -0.1325      7.436   416.4443 3.6537e+02    -1.1011     -0.695     -1.008    23.9508 0.0000e+00
     -0.709 1.6068e-19     7.7502     91.977      2.079   2.034566    -0.1767      7.433   312.5715 3.8410e+02     0.4922     -0.696     -1.009    23.9506 0.0000e+00
     -0.709 1.7675e-18     7.7449     92.001      2.259   2.211152    -0.1836      7.417   266.7400 4.0061e+02     1.4003     -0.695     -1.009    23.9491 0.0000e+00
     -0.709 1.9443e-17     7.7475     92.030      2.399   2.347980    -0.1655      7.389   280.6225 4.1607e+02     1.3732     -0.695     -1.008    23.9464 0.0000e+00
     -0.709 2.1387e-16     7.7514     92.038      2.410   2.358735    -0.1580      7.362   313.4220 4.2935e+02    -0.6213     -0.696     -1.009    23.9435 0.0000e+00
     -0.709 2.3526e-15     7.7488     92.047      2.327   2.277837    -0.1674      7.348   330.4294 4.5759e+02    -4.3374     -0.696     -1.009    23.9414 0.0000e+00
     -0.709 2.5878e-14     7.7527     92.067      2.241   2.193325    -0.1793      7.344   332.3338 5.0694e+02    -6.3241     -0.696     -1.009    23.9399 0.0000e+00
     -0.709 2.8466e-13     7.7568     92.075      2.143   2.097020    -0.1849      7.342   333.2633 5.7376e+02    -6.3667     -0.696     -1.009    23.9384 0.0000e+00
     -0.709 3.1313e-12     7.7561     92.075      2.044   2.000228    -0.2854      7.341   333.4083 6.5723e+02    -5.6381     -0.695     -1.009    23.9373 0.0000e+00
     -0.709 3.4444e-11     7.7562     92.073      1.951   1.909822    -0.4784      7.340   330.7313 7.1950e+02    -4.3465     -0.696     -1.009    23.9363 0.0000e+00
     -0.709 3.7889e-10     7.7602     92.064      1.867   1.827383    -0.5802      7.338   326.9655 7.5010e+02    -3.5939     -0.696     -1.009    23.9352 0.0000e+00
     -0.709 4.1678e-09     7.7599     92.060      1.802   1.763570    -0.5750      7.336   323.0674 7.8801e+02    -3.5077     -0.696     -1.009    23.9345 0.0000e+00
     -0.709 4.5845e-08     7.7599     92.059      1.745   1.708353    -0.4985      7.336   318.8759 8.4214e+02    -3.4404     -0.696     -1.009    23.9335 0.0000e+00
     -0.709 5.0430e-07     7.7608     92.045      1.703   1.666483     0.3525      7.336   314.1425 9.0327e+02    -1.8921     -0.696     -1.010    23.9320 0.0000e+00
     -0.709      0.000     7.7589     92.033      1.673   1.637370     1.9241      7.335   308.5990 9.6495e+02     1.0373     -0.696     -1.009    23.9305 0.0000e+00
     -0.709      0.000     7.7593     92.047      1.645   1.609721     2.7729      7.333   303.1291 1.0314e+03     2.6009     -0.696     -1.009    23.9288 0.0000e+00
     -0.709      0.001     7.7599     92.066      1.620   1.585550     2.8411      7.331   298.2536 1.1009e+03     2.7006     -0.696     -1.009    23.9280 0.0000e+00
     -0.709      0.002     7.7590     92.083      1.633   1.598491     2.8990      7.329   284.5810 1.1499e+03     3.3356     -0.696     -1.009    23.9258 0.0000e+00
     -0.709      0.006     7.7557     92.122      1.737   1.702845     3.0146      7.326   261.1095 1.1913e+03     4.6426     -0.696     -1.010    23.9261 0.0000e+00
     -0.709      0.013     7.7597     92.205      2.440   2.403900     3.0903      7.322   249.4345 1.2350e+03     5.3861     -0.696     -1.009    23.9224 0.0000e+00
     -0.707      0.022     7.7610     92.324      4.032   3.993729     3.0989      7.312   291.7524 1.2506e+03     5.4249     -0.694     -1.006    23.9244 0.0000e+00
     -0.702      0.031     7.7626     92.399      8.426   8.382868     3.1932      7.283   315.3868 1.2583e+03     5.3507     -0.691     -1.002    23.9134 0.0000e+00
     -0.691      0.040     7.7638     92.400     16.232  16.184671     3.4064      7.262   235.7787 1.3035e+03     5.2744     -0.680     -0.986    23.9293 0.0000e+00
     -0.675      0.050     7.7391     92.363     25.861  25.823047     3.5382      7.288   168.6166 1.3659e+03     5.2195     -0.660     -0.958    24.1338 0.0000e+00
     -0.661      0.062     7.7098     92.317     35.402  35.389793     3.5460      7.337   163.0845 1.4011e+03     5.2001     -0.646     -0.938    24.4442 0.0000e+00
     -0.649      0.073     7.6831     92.273     40.172  40.196398     3.4930      7.368   163.6420 1.4256e+03     5.3126     -0.638     -0.926    24.6753 0.0000e+00
     -0.633      0.082     7.6605     92.221     40.734  40.802952     3.4128      7.377   163.7427 1.5045e+03     5.5553     -0.625     -0.906    24.8206 0.0000e+00
     -0.608      0.087     7.6445     92.181     40.835  40.946639     3.3843      7.373   163.6130 1.6394e+03     5.7095     -0.600     -0.870    24.9100 0.0000e+00
     -0.576      0.087     7.6309     92.178     40.704  40.854870     3.3986      7.362   163.9674 1.7583e+03     5.7084     -0.564     -0.818    24.9687 0.0000e+00
     -0.547      0.082     7.6216     92.223     40.334  40.518474     3.3939      7.349   163.6395 1.8258e+03     5.6440     -0.534     -0.774    25.0217 0.0000e+00
     -0.524      0.072     7.6077     92.307     40.029  40.242947     3.3594      7.335   162.5743 1.8363e+03     5.5800     -0.512     -0.743    25.0797 0.0000e+00
     -0.509      0.061     7.5963     92.416     39.951  40.189013     3.3235      7.318   161.8429 1.7929e+03     5.5828     -0.496     -0.719    25.1321 0.0000e+00
     -0.501      0.053     7.5895     92.546     40.004  40.247186     3.3099      7.300   161.6792 1.7427e+03     5.6441     -0.490     -0.711    25.1790 0.0000e+00
     -0.496      0.050     7.5866     92.695     40.209  40.438619     3.3189      7.284   161.7132 1.7300e+03     5.6727     -0.487     -0.707    25.2245 0.0000e+00
     -0.487      0.054     7.5897     92.890     40.507  40.726617     3.3665      7.271   161.7372 1.7680e+03     5.5869     -0.480     -0.696    25.2605 0.0000e+00
     -0.473      0.063     7.5920     93.094     40.776  41.000373     3.4436      7.259   161.5392 1.8561e+03     5.4599     -0.465     -0.675    25.3003 0.0000e+00
     -0.453      0.075     7.6029     93.234     40.972  41.209988     3.4852      7.247   161.2989 1.9627e+03     5.4010     -0.444     -0.644    25.3118 0.0000e+00
     -0.430      0.089     7.6180     93.371     40.981  41.230175     3.4948      7.234   161.5842 2.0528e+03     5.3876     -0.423     -0.612    25.2741 0.0000e+00
     -0.406      0.100     7.6367     93.560     40.861  41.117532     3.5433      7.221   162.3218 2.1255e+03     5.4348     -0.399     -0.579    25.2560 0.0000e+00
     -0.380      0.109     7.6584     93.800     40.853  41.117359     3.6147      7.210   162.9907 2.1755e+03     5.5281     -0.374     -0.543    25.2671 0.0000e+00
     -0.350      0.117     7.6617     94.083     40.953  41.228102     3.6503      7.203   163.4767 2.1970e+03     5.6273     -0.346     -0.500    25.2836 0.0000e+00
     -0.316      0.122     7.6700     94.370     41.028  41.314149     3.6658      7.200   163.8102 2.2335e+03     5.6776     -0.308     -0.448    25.3008 0.0000e+00
     -0.283      0.123     7.6855     94.650     41.043  41.332699     3.7350      7.200   164.0967 2.3083e+03     5.6572     -0.278     -0.405    25.3075 0.0000e+00
     -0.251      0.118     7.7028     94.928     41.039  41.325465     3.8463      7.202   164.5326 2.3613e+03     5.6198     -0.247     -0.358    25.3161 0.0000e+00
     -0.217      0.106     7.7266     95.177     41.073  41.353616     3.8883      7.204   165.0362 2.3447e+03     5.5335     -0.210     -0.305    25.3304 0.0000e+00
     -0.187      0.089     7.7481     95.380     41.142  41.419194     3.8772      7.205   165.2821 2.1952e+03     5.5362     -0.180     -0.262    25.3447 0.0000e+00
     -0.165      0.070     7.7690     95.553     41.210  41.483692     3.9116      7.208   165.2681 1.8726e+03     5.6182     -0.159     -0.231    25.3528 0.0000e+00
     -0.151      0.050     7.7943     95.679     41.233  41.498781     3.9877      7.212   165.2980 1.6246e+03     5.5686     -0.146     -0.212    25.3439 0.0000e+00
     -0.144      0.034     7.8179     95.733     41.220  41.474685     4.0318      7.216   165.5575 1.6608e+03     5.4826     -0.139     -0.202    25.3322 0.0000e+00
     -0.142      0.023     7.8323     95.704     41.204  41.446203     4.0281      7.217   165.9964 1.8028e+03     5.4321     -0.139     -0.200    25.3306 0.0000e+00
     -0.142      0.016     7.8491     95.640     41.178  41.408253     4.0762      7.217   166.3880 1.8468e+03     5.4374     -0.141     -0.204    25.3276 0.0000e+00
     -0.140      0.011     7.8606     95.586     41.175  41.396613     4.1894      7.217   166.5927 1.8293e+03     5.5120     -0.139     -0.203    25.3178 0.0000e+00
     -0.133      0.006     7.8684     95.506     41.216  41.432387     4.2558      7.218   166.6648 1.7911e+03     5.5135     -0.132     -0.191    25.3034 0.0000e+00
     -0.126      0.002     7.8668     95.397     41.247  41.459987     4.2718      7.220   166.7436 1.6949e+03     5.4561     -0.121     -0.175    25.2873 0.0000e+00
     -0.126     -0.001     7.8604     95.289     41.264  41.476454     4.2665      7.225   166.8571 1.6590e+03     5.4326     -0.120     -0.174    25.2717 0.0000e+00
     -0.133     -0.004     7.8614     95.174     41.290  41.504556     4.2585      7.230   166.9188 1.6853e+03     5.4688     -0.132     -0.190    25.2616 0.0000e+00
     -0.139     -0.008     7.8546     95.032     41.326  41.545899     4.2745      7.234   166.8863 1.6748e+03     5.6213     -0.140     -0.202    25.2562 0.0000e+00
     -0.140     -0.010     7.8446     94.837     41.370  41.595530     4.2939      7.239   166.8952 1.7142e+03     5.7723     -0.138     -0.200    25.2510 0.0000e+00
     -0.139     -0.007     7.8375     94.539     41.366  41.596912     4.3093      7.244   167.0272 1.7485e+03     5.7579     -0.135     -0.196    25.2489 0.0000e+00
     -0.141     -0.002     7.8271     93.913     41.327  41.562616     4.2525      7.248   167.1055 1.7109e+03     5.6188     -0.138     -0.200    25.2529 0.0000e+00
     -0.144      0.001     7.8164     92.649     41.320  41.561675     4.1325      7.252   167.0665 1.7051e+03     5.4901     -0.143     -0.207    25.2600 0.0000e+00
     -0.144      0.001     7.7981     90.724     41.339  41.585549     4.0811      7.254   166.9864 1.7251e+03     5.4316     -0.144     -0.207    25.2673 0.0000e+00
     -0.141      0.001     7.7792     88.412     41.348  41.597411     4.0896      7.257   166.9107 1.7523e+03     5.4235     -0.138     -0.200    25.2737 0.0000e+00
     -0.137      0.001     7.7410     86.016     41.327  41.578163     4.1008      7.260   166.9261 1.7757e+03     5.4265     -0.133     -0.192    25.2792 0.0000e+00
     -0.136      0.004     7.6354     83.755     41.229  41.479766     4.1084      7.259   167.0864 1.7832e+03     5.4002     -0.133     -0.193    25.2862 0.0000e+00
     -0.140      0.009     7.4668     81.907     41.049  41.296227     4.1157      7.256   167.2995 1.8372e+03     5.4127     -0.138     -0.199    25.2924 0.0000e+00
     -0.144      0.013     7.2652     80.701     40.956  41.199527     4.1227      7.255   167.4382 1.8425e+03     5.4412     -0.144     -0.208    25.2967 0.0000e+00
     -0.141      0.016     7.0657     80.098     41.020  41.262564     4.0342      7.258   167.4733 1.7133e+03     5.4372     -0.143     -0.208    25.2990 0.0000e+00
     -0.129      0.018     6.8702     79.897     41.118  41.360276     3.8538      7.261   167.4660 1.5705e+03     5.4323     -0.127     -0.183    25.2990 0.0000e+00
     -0.117      0.019     6.7091     79.854     41.186  41.428964     3.7472      7.264   167.4356 1.4560e+03     5.3821     -0.109     -0.159    25.2945 0.0000e+00
     -0.112      0.019     6.6147     79.781     41.215  41.458403     3.7278      7.267   167.4500 1.4162e+03     5.3763     -0.107     -0.156    25.2894 0.0000e+00
     -0.112      0.016     6.5703     79.511     41.219  41.462347     3.7859      7.271   167.5537 1.4349e+03     5.4645     -0.110     -0.159    25.2895 0.0000e+00
     -0.113      0.011     6.5626     78.894     41.235  41.476656     3.9244      7.276   167.5712 1.4109e+03     5.5265     -0.112     -0.163    25.2895 0.0000e+00
     -0.110      0.009     6.5635     77.958     41.264  41.504479     4.0129      7.280   167.4892 1.6220e+03     5.5114     -0.110     -0.160    25.2889 0.0000e+00
     -0.105      0.011     6.5612     76.856     41.304  41.544880     4.0229      7.281   167.5084 1.8990e+03     5.4533     -0.101     -0.147    25.2900 0.0000e+00
     -0.101      0.016     6.5465     75.801     41.343  41.584338     4.0128      7.281   167.6315 1.8095e+03     5.4046     -0.097     -0.140    25.2896 0.0000e+00
     -0.100      0.023     6.4934     74.999     41.360  41.600764     4.0573      7.282   167.6872 1.6494e+03     5.4686     -0.099     -0.144    25.2868 0.0000e+00
     -0.098      0.030     6.4121     74.463     41.378  41.616550     4.1781      7.284   167.6665 1.5489e+03     5.6459     -0.100     -0.145    25.2849 0.0000e+00
     -0.089      0.040     6.3162     74.063     41.412  41.648260     4.2582      7.285   167.7253 1.7164e+03     5.7036     -0.090     -0.130    25.2856 0.0000e+00
     -0.075      0.055     6.2202     73.720     41.435  41.666829     4.2595      7.285   167.7951 1.9276e+03     5.6202     -0.073     -0.106    25.2864 0.0000e+00
     -0.060      0.070     6.1553     73.494     41.428  41.650657     4.2110      7.286   167.8221 1.6863e+03     5.5602     -0.059     -0.086    25.2855 0.0000e+00
     -0.043      0.080     6.1174     73.662     41.429  41.643116     4.1294      7.288   167.9653 1.5478e+03     5.5241     -0.046     -0.067    25.2826 0.0000e+00
     -0.018      0.085     6.0863     74.446     41.431  41.639103     4.0799      7.291   168.2363 1.4995e+03     5.4908     -0.022     -0.032    25.2798 0.0000e+00
      0.014      0.083     6.0591     75.641     41.403  41.602126     4.0781      7.293   169.2056 1.1840e+03     5.4652      0.016      0.024    25.2755 0.0000e+00
      0.040      0.076     6.0320     76.855     41.391  41.576823     4.0492      7.293   177.6202 9.6402e+02     5.4199      0.044      0.063    25.2626 0.0000e+00
