Data/DataNotYetUploadedToEDI/Raw_CTD/RawDownloads/081924_bvr50_S7809001.cnv
* Sea-Bird SBE19plus  Data File:
* FileName = C:\R\Reservoirs\Data\DataNotYetUploadedToEDI\Raw_CTD\RawDownloads\081924_fcr50_S7809_0001.hex
* Software version 2.8.0.119
* Temperature SN = 7809
* Conductivity SN = 7809
* System UpLoad Time = Aug 20 2024 14:04:13
* <ApplicationData>
* <Seaterm232>
# nquan = 15
# nvalues = 738                         
# units = specified
# name 0 = depFM: Depth [fresh water, m]
# name 1 = dz/dtM: Descent Rate [m/s]
# name 2 = sbeox0Mg/L: Oxygen, SBE 43 [mg/l]
# name 3 = sbeox0PS: Oxygen, SBE 43 [% saturation]
# name 4 = specc: Specific Conductance [uS/cm]
# name 5 = c0uS/cm: Conductivity [uS/cm]
# name 6 = flECO-AFL: Fluorescence, WET Labs ECO-AFL/FL [mg/m^3]
# name 7 = ph: pH
# name 8 = orp: Oxidation Reduction Potential [mV]
# name 9 = par/sat/log: PAR/Logarithmic, Satlantic
# name 10 = turbWETntu0: Turbidity, WET Labs ECO [NTU]
# name 11 = prdM: Pressure, Strain Gauge [db]
# name 12 = prdE: Pressure, Strain Gauge [psi]
# name 13 = tv290C: Temperature [ITS-90, deg C]
# name 14 = flag:  0.000e+00
# span 0 =     -0.568,      8.595       
# span 1 =     -0.069,      0.220       
# span 2 =    -0.1720,     9.3732       
# span 3 =     -1.700,    113.779       
# span 4 =     26.604,    164.164       
# span 5 =  24.704344, 115.969153       
# span 6 =     2.0811,    55.8840       
# span 7 =      5.947,      7.473       
# span 8 =  -117.1506,   207.4417       
# span 9 = 1.2361e-01, 2.2336e+03       
# span 10 =     3.9244,     7.6605      
# span 11 =     -0.578,      8.435      
# span 12 =     -0.838,     12.235      
# span 13 =    10.3041,    25.4645      
# span 14 = 0.0000e+00, 0.0000e+00      
# interval = seconds: 0.25
# start_time = Aug 19 2024 09:43:36 [Instrument's time stamp, header]
# bad_flag = -9.990e-29
*END*
[from data line 482]
      5.014      0.051     0.1419      1.331     74.974  56.450582     5.9456      7.006    63.0435 1.5697e-01     5.7274      4.920      7.135    12.7410 0.0000e+00
      5.023      0.046     0.1416      1.332     75.032  56.472458     5.9725      7.006    58.4767 1.6170e-01     5.7547      4.927      7.146    12.7029 0.0000e+00
      5.030      0.045     0.1456      1.326     75.094  56.498283     5.9825      7.006    54.4187 1.7209e-01     5.8318      4.931      7.152    12.6745 0.0000e+00
      5.039      0.049     0.1441      1.300     75.124  56.508743     5.9420      7.005    50.7185 1.6879e-01     5.8742      4.940      7.165    12.6575 0.0000e+00
      5.050      0.056     0.1393      1.284     75.161  56.535396     5.8660      7.003    47.4647 1.5763e-01     5.8921      4.951      7.181    12.6438 0.0000e+00
      5.065      0.064     0.1422      1.288     75.292  56.629986     5.8376      7.003    44.6738 1.4988e-01     5.9110      4.965      7.201    12.6303 0.0000e+00
      5.085      0.072     0.1427      1.296     75.566  56.826697     5.8398      7.002    42.1841 1.4405e-01     5.9667      4.986      7.231    12.6125 0.0000e+00
      5.108      0.077     0.1368      1.295     75.823  57.008271     5.7753      7.001    39.9047 1.4009e-01     5.9501      5.010      7.266    12.6019 0.0000e+00
      5.130      0.078     0.1359      1.295     75.820  56.983353     5.6663      7.000    37.8488 1.4178e-01     5.8129      5.031      7.298    12.6099 0.0000e+00
      5.151      0.076     0.1366      1.311     75.680  56.842978     5.6033      7.001    35.9965 1.3885e-01     5.6747      5.052      7.328    12.6048 0.0000e+00
      5.170      0.072     0.1385      1.329     75.645  56.771893     5.5881      7.002    34.2003 1.3076e-01     5.6117      5.071      7.355    12.5971 0.0000e+00
      5.188      0.067     0.1377      1.337     75.699  56.758993     5.5074      7.000    32.3062 1.2691e-01     5.6315      5.088      7.379    12.5939 0.0000e+00
      5.203      0.063     0.1364      1.327     75.763  56.750471     5.3438      6.999    30.4751 1.2519e-01     5.7091      5.103      7.402    12.5775 0.0000e+00
      5.218      0.058     0.1397      1.305     75.808  56.732304     5.2414      7.000    28.9248 1.2392e-01     5.7303      5.117      7.421    12.5548 0.0000e+00
      5.233      0.054     0.1420      1.289     75.859  56.729831     5.2257      7.001    27.4997 1.2380e-01     5.6825      5.131      7.442    12.5240 0.0000e+00
      5.247      0.051     0.1429      1.283     75.971  56.784044     5.2202      7.003    25.9778 1.2380e-01     5.6430      5.147      7.465    12.4878 0.0000e+00
      5.260      0.048     0.1426      1.278     76.127  56.879610     5.1923      7.003    24.5478 1.2382e-01     5.6291      5.159      7.481    12.4481 0.0000e+00
      5.270      0.046     0.1386      1.272     76.217  56.932524     5.1633      7.002    23.4604 1.2384e-01     5.6856      5.168      7.495    12.4130 0.0000e+00
      5.281      0.043     0.1373      1.273     76.199  56.915662     5.1608      7.002    22.5535 1.2384e-01     5.7446      5.179      7.512    12.3857 0.0000e+00
      5.292      0.041     0.1371      1.280     76.210  56.929802     5.1620      7.002    21.6693 1.2386e-01     5.7619      5.190      7.528    12.3673 0.0000e+00
      5.303      0.040     0.1367      1.281     76.265  56.976462     5.1190      7.002    20.7718 1.2387e-01     5.6897      5.201      7.544    12.3559 0.0000e+00
      5.313      0.038     0.1358      1.284     76.261  56.971681     5.0324      7.003    19.7030 1.2385e-01     5.5207      5.210      7.557    12.3420 0.0000e+00
      5.323      0.037     0.1354      1.291     76.307  56.999036     4.9812      7.004    18.5552 1.2380e-01     5.4267      5.220      7.571    12.3412 0.0000e+00
      5.332      0.037     0.1378      1.280     76.468  57.116642     4.9822      7.006    17.3909 1.2373e-01     5.4076      5.230      7.585    12.3479 0.0000e+00
      5.340      0.037     0.1367      1.259     76.566  57.186790     4.9852      7.006    16.1224 1.2371e-01     5.3571      5.237      7.595    12.3537 0.0000e+00
      5.348      0.039     0.1366      1.257     76.539  57.148472     4.9595      7.005    14.9188 1.2374e-01     5.2601      5.244      7.606    12.3522 0.0000e+00
      5.357      0.044     0.1393      1.265     76.508  57.097953     4.9224      7.005    13.8515 1.2375e-01     5.1913      5.254      7.620    12.3430 0.0000e+00
      5.368      0.050     0.1376      1.256     76.533  57.084088     4.9034      7.005    12.9402 1.2377e-01     5.1746      5.264      7.635    12.3419 0.0000e+00
      5.382      0.056     0.1331      1.255     76.643  57.107842     4.8865      7.005    12.1605 1.2379e-01     5.1953      5.276      7.654    12.3473 0.0000e+00
      5.398      0.061     0.1337      1.274     76.781  57.131027     4.8597      7.004    11.4791 1.2374e-01     5.2359      5.294      7.678    12.3326 0.0000e+00
      5.415      0.063     0.1371      1.280     76.828  57.110245     4.8456      7.004    10.8096 1.2369e-01     5.2559      5.310      7.701    12.3081 0.0000e+00
      5.434      0.061     0.1339      1.277     76.761  57.047055     4.8497      7.005     9.9169 1.2372e-01     5.2317      5.328      7.727    12.3003 0.0000e+00
      5.453      0.057     0.1326      1.274     76.630  56.938662     4.9174      7.005     8.9454 1.2379e-01     5.1825      5.351      7.761    12.2614 0.0000e+00
      5.468      0.051     0.1381      1.260     76.528  56.815957     5.0645      7.005     8.0973 1.2379e-01     5.2079      5.367      7.782    12.1932 0.0000e+00
      5.477      0.045     0.1376      1.245     76.561  56.770225     5.1551      7.005     7.3200 1.2376e-01     5.2661      5.371      7.791    12.1504 0.0000e+00
      5.484      0.040     0.1366      1.245     76.815  56.893785     5.1558      7.005     6.6887 1.2377e-01     5.2716      5.377      7.800    12.1551 0.0000e+00
      5.494      0.036     0.1377      1.246     77.251  57.166507     5.1394      7.006     6.1427 1.2377e-01     5.2392      5.388      7.815    12.1628 0.0000e+00
      5.504      0.035     0.1353      1.249     77.791  57.526881     4.9820      7.008     5.5368 1.2373e-01     5.0802      5.397      7.828    12.1234 0.0000e+00
      5.513      0.036     0.1330      1.266     78.317  57.884453     4.6929      7.009     4.9550 1.2375e-01     4.8175      5.406      7.841    12.0687 0.0000e+00
      5.522      0.037     0.1340      1.273     78.677  58.123261     4.5398      7.010     4.3566 1.2379e-01     4.6591      5.417      7.856    12.0271 0.0000e+00
      5.530      0.038     0.1348      1.262     78.879  58.254540     4.5291      7.010     3.7221 1.2379e-01     4.6677      5.424      7.865    11.9948 0.0000e+00
      5.539      0.039     0.1330      1.258     78.988  58.328321     4.5218      7.011     3.1341 1.2382e-01     4.7162      5.430      7.876    11.9708 0.0000e+00
      5.549      0.040     0.1373      1.251     79.152  58.443644     4.5022      7.012     2.4949 1.2381e-01     4.7341      5.442      7.893    11.9520 0.0000e+00
      5.561      0.041     0.1387      1.222     79.515  58.696040     4.4840      7.013     1.6729 1.2373e-01     4.7470      5.454      7.910    11.9330 0.0000e+00
      5.572      0.044     0.1351      1.190     79.922  58.966106     4.4674      7.015     0.7668 1.2368e-01     4.7016      5.465      7.926    11.9201 0.0000e+00
      5.582      0.046     0.1359      1.176     80.164  59.104478     4.4431      7.016    -0.0293 1.2371e-01     4.6973      5.475      7.940    11.9191 0.0000e+00
      5.593      0.047     0.1364      1.174     80.377  59.225597     4.4142      7.016    -0.7253 1.2379e-01     4.7979      5.483      7.953    11.9186 0.0000e+00
      5.606      0.048     0.1321      1.186     80.754  59.477620     4.4012      7.017    -1.3675 1.2385e-01     4.8240      5.497      7.972    11.9094 0.0000e+00
      5.620      0.049     0.1272      1.200     81.229  59.801185     4.3939      7.018    -1.9435 1.2384e-01     4.7743      5.513      7.995    11.8900 0.0000e+00
      5.632      0.050     0.1273      1.206     81.660  60.088482     4.3597      7.018    -2.4415 1.2376e-01     4.8802      5.524      8.011    11.8604 0.0000e+00
      5.644      0.050     0.1259      1.219     81.875  60.219573     4.3211      7.018    -2.9149 1.2371e-01     5.1475      5.534      8.028    11.8361 0.0000e+00
      5.658      0.048     0.1284      1.233     81.747  60.115609     4.3184      7.019    -3.3645 1.2370e-01     5.3428      5.548      8.047    11.8239 0.0000e+00
      5.672      0.046     0.1309      1.225     81.527  59.974958     4.3267      7.019    -3.6619 1.2372e-01     5.4307      5.563      8.068    11.8094 0.0000e+00
      5.685      0.044     0.1298      1.220     81.659  60.107193     4.2884      7.019    -3.9291 1.2377e-01     5.2195      5.576      8.088    11.7886 0.0000e+00
      5.694      0.043     0.1318      1.236     82.184  60.507455     4.2205      7.019    -4.3582 1.2380e-01     4.7366      5.585      8.100    11.7704 0.0000e+00
      5.701      0.042     0.1349      1.241     82.869  61.002764     4.1880      7.020    -4.8068 1.2380e-01     4.4769      5.590      8.106    11.7568 0.0000e+00
      5.712      0.042     0.1329      1.231     83.416  61.394675     4.1875      7.020    -5.1370 1.2377e-01     4.4705      5.601      8.123    11.7742 0.0000e+00
      5.724      0.043     0.1298      1.218     83.472  61.434130     4.1810      7.021    -5.5105 1.2375e-01     4.5224      5.615      8.145    11.8102 0.0000e+00
      5.735      0.047     0.1352      1.201     83.193  61.225685     4.1686      7.021    -6.2257 1.2377e-01     4.5914      5.624      8.158    11.8140 0.0000e+00
      5.747      0.052     0.1349      1.208     82.957  61.034466     4.1619      7.020    -7.2462 1.2384e-01     4.5883      5.635      8.173    11.8035 0.0000e+00
      5.760      0.056     0.1325      1.220     82.982  61.028051     4.1503      7.019    -8.2130 1.2386e-01     4.4853      5.649      8.192    11.7948 0.0000e+00
      5.774      0.060     0.1333      1.205     83.439  61.338668     4.1201      7.019    -8.8801 1.2381e-01     4.4041      5.661      8.211    11.7956 0.0000e+00
      5.790      0.063     0.1281      1.195     84.373  61.994684     3.9546      7.019    -9.2904 1.2377e-01     4.4259      5.675      8.232    11.7992 0.0000e+00
      5.810      0.065     0.1299      1.205     86.138  63.241837     3.6722      7.021    -9.7314 1.2380e-01     4.5101      5.699      8.265    11.7853 0.0000e+00
      5.829      0.065     0.1351      1.206     88.628  64.981115     3.5271      7.022   -10.3404 1.2382e-01     4.5684      5.720      8.295    11.7684 0.0000e+00
      5.844      0.064     0.1297      1.194     91.223  66.757580     3.4991      7.022   -10.9754 1.2378e-01     4.5154      5.730      8.311    11.7550 0.0000e+00
      5.858      0.061     0.1283      1.194     94.327  68.897855     3.3661      7.021   -11.6450 1.2374e-01     4.3824      5.743      8.330    11.7394 0.0000e+00
      5.873      0.060     0.1314      1.209     97.822  71.347747     3.1510      7.021   -12.4991 1.2372e-01     4.2582      5.761      8.355    11.7160 0.0000e+00
      5.888      0.061     0.1319      1.230    100.248  73.052541     3.0461      7.021   -13.3007 1.2368e-01     4.2089      5.775      8.376    11.6665 0.0000e+00
      5.903      0.062     0.1290      1.251    101.698  74.064271     3.0378      7.020   -13.8520 1.2369e-01     4.2653      5.788      8.394    11.5882 0.0000e+00
      5.918      0.064     0.1293      1.241    103.399  75.252705     2.9677      7.020   -14.3466 1.2374e-01     4.3257      5.803      8.416    11.5128 0.0000e+00
      5.936      0.064     0.1322      1.220    105.000  76.359710     2.8310      7.021   -14.8932 1.2370e-01     4.2902      5.822      8.445    11.4586 0.0000e+00
      5.953      0.064     0.1334      1.229    105.635  76.767992     2.7496      7.021   -15.3843 1.2363e-01     4.2109      5.839      8.468    11.4290 0.0000e+00
      5.971      0.063     0.1384      1.219    105.681  76.755932     2.7414      7.021   -15.8108 1.2369e-01     4.1868      5.854      8.492    11.4139 0.0000e+00
      5.987      0.062     0.1372      1.173    105.606  76.658911     2.7079      7.020   -16.3502 1.2376e-01     4.2037      5.873      8.519    11.3892 0.0000e+00
      6.001      0.061     0.1298      1.149    105.430  76.484994     2.6354      7.020   -16.9149 1.2376e-01     4.1760      5.887      8.537    11.3574 0.0000e+00
      6.015      0.059     0.1360      1.136    105.249  76.306146     2.5882      7.021   -17.3045 1.2374e-01     4.1253      5.896      8.551    11.3321 0.0000e+00
      6.031      0.058     0.1369      1.128    105.008  76.085911     2.5786      7.022   -17.7919 1.2375e-01     4.0697      5.913      8.576    11.3118 0.0000e+00
      6.047      0.058     0.1249      1.140    104.663  75.793044     2.5780      7.024   -18.5911 1.2383e-01     4.0493      5.933      8.604    11.2928 0.0000e+00
      6.061      0.057     0.1267      1.147    104.315  75.498926     2.5715      7.026   -19.3970 1.2385e-01     4.1179      5.945      8.621    11.2710 0.0000e+00
      6.074      0.056     0.1246      1.147    104.135  75.327096     2.5586      7.027   -20.0504 1.2378e-01     4.1821      5.956      8.637    11.2467 0.0000e+00
      6.089      0.053     0.1218      1.155    104.153  75.304851     2.5555      7.028   -20.6407 1.2376e-01     4.2447      5.972      8.661    11.2254 0.0000e+00
      6.104      0.049     0.1260      1.151    104.265  75.357073     2.5343      7.027   -21.2857 1.2382e-01     4.2606      5.988      8.684    11.2057 0.0000e+00
      6.117      0.046     0.1266      1.126    104.599  75.577015     2.4678      7.027   -21.9982 1.2387e-01     4.1690      5.999      8.701    11.1848 0.0000e+00
      6.127      0.044     0.1248      1.112    105.372  76.120399     2.4095      7.026   -22.6312 1.2381e-01     4.0935      6.009      8.715    11.1643 0.0000e+00
      6.137      0.044     0.1273      1.120    106.390  76.840794     2.3869      7.026   -23.2604 1.2367e-01     4.0311      6.019      8.730    11.1469 0.0000e+00
      6.145      0.045     0.1285      1.127    107.138  77.357038     2.3696      7.027   -23.9277 1.2362e-01     3.9949      6.026      8.740    11.1337 0.0000e+00
      6.155      0.048     0.1225      1.135    107.408  77.530064     2.3257      7.027   -24.5038 1.2366e-01     4.0314      6.035      8.752    11.1227 0.0000e+00
      6.170      0.051     0.1209      1.145    107.416  77.534003     2.2635      7.027   -25.0636 1.2374e-01     4.0624      6.050      8.775    11.1173 0.0000e+00
      6.185      0.055     0.1238      1.145    107.384  77.531828     2.2245      7.028   -25.7061 1.2382e-01     4.0631      6.066      8.799    11.1125 0.0000e+00
      6.200      0.056     0.1239      1.142    107.305  77.503783     2.2214      7.029   -26.3356 1.2384e-01     4.0391      6.080      8.818    11.0995 0.0000e+00
      6.215      0.055     0.1241      1.142    107.278  77.512858     2.2338      7.031   -26.8231 1.2387e-01     3.9771      6.094      8.839    11.0846 0.0000e+00
      6.230      0.055     0.1271      1.135    107.858  77.959497     2.2498      7.033   -27.2996 1.2391e-01     3.9287      6.110      8.862    11.0829 0.0000e+00
      6.244      0.056     0.1260      1.120    109.238  78.961825     2.2652      7.034   -27.9676 1.2391e-01     3.9662      6.124      8.883    11.0974 0.0000e+00
      6.256      0.057     0.1250      1.108    110.698  79.966778     2.2780      7.034   -28.6183 1.2388e-01     4.0552      6.135      8.900    11.1118 0.0000e+00
      6.267      0.059     0.1259      1.107    111.683  80.571957     2.2799      7.034   -28.9718 1.2386e-01     4.1503      6.145      8.913    11.1237 0.0000e+00
