Data/DataNotYetUploadedToEDI/Raw_CTD/RawDownloads/081924_fcr20_S7809004.cnv
* Sea-Bird SBE19plus  Data File:
* FileName = C:\R\Reservoirs\Data\DataNotYetUploadedToEDI\Raw_CTD\RawDownloads\081924_fcr50_S7809_0005.hex
* Software version 2.8.0.119
* Temperature SN = 7809
* Conductivity SN = 7809
* System UpLoad Time = Aug 20 2024 14:06:03
* <ApplicationData>
* <Seaterm232>
# nquan = 15
# nvalues = 775                         
# units = specified
# name 0 = depFM: Depth [fresh water, m]
# name 1 = dz/dtM: Descent Rate [m/s]
# name 2 = sbeox0Mg/L: Oxygen, SBE 43 [mg/l]
# name 3 = sbeox0PS: Oxygen, SBE 43 [% saturation]
# name 4 = specc: Specific Conductance [uS/cm]
# name 5 = c0uS/cm: Conductivity [uS/cm]
# name 6 = flECO-AFL: Fluorescence, WET Labs ECO-AFL/FL [mg/m^3]
# name 7 = ph: pH
# name 8 = orp: Oxidation Reduction Potential [mV]
# name 9 = par/sat/log: PAR/Logarithmic, Satlantic
# name 10 = turbWETntu0: Turbidity, WET Labs ECO [NTU]
# name 11 = prdM: Pressure, Strain Gauge [db]
# name 12 = prdE: Pressure, Strain Gauge [psi]
# name 13 = tv290C: Temperature [ITS-90, deg C]
# name 14 = flag:  0.000e+00
# span 0 =     -0.709,      3.221       
# span 1 =     -0.010,      0.123       
# span 2 =     0.1138,     7.8684       
# span 3 =      1.254,     95.733       
# span 4 =      1.620,    108.654       
# span 5 =   1.585550,  93.592346       
# span 6 =    -0.5802,    20.1577       
# span 7 =      7.185,      7.594       
# span 8 =   -34.8298,  1101.5514       
# span 9 = 6.4932e+00, 2.3613e+03       
# span 10 =    -6.3667,    84.9229      
# span 11 =     -0.696,      3.160      
# span 12 =     -1.010,      4.583      
# span 13 =    17.9509,    25.3528      
# span 14 = 0.0000e+00, 0.0000e+00      
# interval = seconds: 0.25
# start_time = Aug 19 2024 12:16:59 [Instrument's time stamp, header]
# bad_flag = -9.990e-29
*END*
[from data line 193]
      0.451      0.055     7.3781     87.273     41.742  41.689037     5.9441      7.471   182.0513 1.5868e+02     5.7059      0.441      0.639    24.9533 0.0000e+00
      0.470      0.058     7.3232     86.895     41.747  41.689038     5.9392      7.472   182.2739 1.5718e+02     5.6855      0.462      0.669    24.9498 0.0000e+00
      0.488      0.058     7.2812     86.461     41.727  41.665346     5.9317      7.474   182.4391 1.5538e+02     5.6673      0.480      0.696    24.9449 0.0000e+00
      0.504      0.055     7.2467     85.966     41.722  41.656448     5.9783      7.475   182.4997 1.5266e+02     5.6560      0.494      0.716    24.9366 0.0000e+00
      0.517      0.050     7.2207     85.429     41.712  41.644918     6.0702      7.475   182.5764 1.5011e+02     5.6513      0.508      0.737    24.9298 0.0000e+00
      0.527      0.045     7.1911     84.906     41.722  41.652863     6.1179      7.476   182.7645 1.4820e+02     5.6112      0.518      0.751    24.9247 0.0000e+00
      0.536      0.041     7.1558     84.458     41.760  41.689040     6.1144      7.477   182.9669 1.4675e+02     5.5807      0.525      0.762    24.9193 0.0000e+00
      0.545      0.039     7.1149     84.089     41.775  41.701524     6.1444      7.480   183.1314 1.4542e+02     5.5898      0.534      0.775    24.9158 0.0000e+00
      0.555      0.037     7.0695     83.797     41.751  41.676863     6.2304      7.482   183.2904 1.4372e+02     5.6186      0.544      0.789    24.9129 0.0000e+00
      0.565      0.036     7.0233     83.586     41.721  41.644733     6.2888      7.484   183.3410 1.4225e+02     5.6905      0.555      0.805    24.9105 0.0000e+00
      0.575      0.035     6.9874     83.428     41.710  41.630376     6.3003      7.486   183.3132 1.4084e+02     5.7071      0.565      0.820    24.9086 0.0000e+00
      0.583      0.033     6.9578     83.337     41.713  41.630206     6.3116      7.489   183.3846 1.3959e+02     5.6138      0.572      0.830    24.9062 0.0000e+00
      0.591      0.032     6.9318     83.287     41.729  41.642676     6.3261      7.493   183.5148 1.3902e+02     5.5535      0.580      0.841    24.9047 0.0000e+00
      0.599      0.032     6.9181     83.192     41.744  41.654207     6.3338      7.495   183.6830 1.3904e+02     5.5931      0.588      0.853    24.9028 0.0000e+00
      0.606      0.032     6.9032     83.021     41.736  41.642686     6.3382      7.495   183.8704 1.3930e+02     5.6822      0.594      0.862    24.8988 0.0000e+00
      0.614      0.032     6.8966     82.799     41.727  41.630307     6.3461      7.495   183.8878 1.3934e+02     5.6745      0.600      0.871    24.8942 0.0000e+00
      0.624      0.031     6.8975     82.559     41.731  41.631466     6.3377      7.498   183.8070 1.3881e+02     5.5004      0.611      0.886    24.8902 0.0000e+00
      0.634      0.029     6.8902     82.313     41.758  41.656696     6.3193      7.500   183.7538 1.3776e+02     5.3532      0.622      0.903    24.8859 0.0000e+00
      0.642      0.028     6.8757     82.082     41.784  41.681483     6.3242      7.501   183.7603 1.3607e+02     5.3635      0.629      0.913    24.8817 0.0000e+00
      0.647      0.026     6.8566     81.902     41.780  41.677296     6.3469      7.504   183.8861 1.3327e+02     5.4541      0.634      0.920    24.8781 0.0000e+00
      0.651      0.025     6.8369     81.772     41.772  41.669532     6.3519      7.507   183.8986 1.2967e+02     5.4580      0.639      0.927    24.8751 0.0000e+00
      0.656      0.026     6.8167     81.675     41.753  41.651078     6.3358      7.509   183.8253 1.2580e+02     5.3760      0.642      0.932    24.8735 0.0000e+00
      0.662      0.030     6.7956     81.609     41.748  41.644576     6.3350      7.511   183.9461 1.2192e+02     5.3511      0.649      0.942    24.8721 0.0000e+00
      0.669      0.033     6.7812     81.584     41.759  41.654381     6.3752      7.512   184.0691 1.1805e+02     5.3964      0.657      0.952    24.8711 0.0000e+00
      0.679      0.033     6.7713     81.622     41.749  41.642694     6.4306      7.513   184.1071 1.1416e+02     5.4799      0.664      0.963    24.8713 0.0000e+00
      0.692      0.031     6.7630     81.709     41.737  41.630195     6.4552      7.512   184.3203 1.1070e+02     5.5073      0.678      0.983    24.8714 0.0000e+00
      0.704      0.026     6.7579     81.816     41.737  41.630195     6.4563      7.512   184.6676 1.0840e+02     5.4202      0.692      1.004    24.8713 0.0000e+00
      0.710      0.020     6.7544     81.920     41.750  41.642694     6.4528      7.513   184.8654 1.0724e+02     5.3481      0.698      1.013    24.8698 0.0000e+00
      0.711      0.013     6.7586     81.995     41.763  41.654382     6.4883      7.513   184.9899 1.0652e+02     5.4553      0.698      1.012    24.8674 0.0000e+00
      0.710      0.007     6.7671     82.003     41.753  41.644577     6.5607      7.513   185.1404 1.0595e+02     5.6579      0.696      1.010    24.8660 0.0000e+00
      0.710      0.004     6.7763     81.930     41.759  41.651080     6.5950      7.513   185.2233 1.0541e+02     5.7136      0.696      1.010    24.8653 0.0000e+00
      0.710      0.006     6.7860     81.823     41.777  41.669548     6.5868      7.514   185.3032 1.0489e+02     5.6506      0.696      1.010    24.8648 0.0000e+00
      0.710      0.009     6.7933     81.727     41.785  41.677470     6.5449      7.515   185.3320 1.0440e+02     5.6137      0.696      1.009    24.8646 0.0000e+00
      0.713      0.013     6.7952     81.662     41.790  41.683388     6.4881      7.516   185.3137 1.0345e+02     5.6440      0.697      1.011    24.8646 0.0000e+00
      0.718      0.017     6.7866     81.647     41.784  41.677641     6.4663      7.518   185.4261 1.0211e+02     5.7086      0.703      1.020    24.8648 0.0000e+00
      0.725      0.020     6.7766     81.697     41.777  41.671452     6.4733      7.520   185.6591 1.0086e+02     5.7123      0.712      1.031    24.8650 0.0000e+00
      0.730      0.021     6.7682     81.787     41.777  41.672023     6.4727      7.520   185.8072 9.9757e+01     5.5854      0.715      1.038    24.8655 0.0000e+00
      0.736      0.020     6.7620     81.847     41.791  41.684546     6.4585      7.519   185.8406 9.8745e+01     5.4036      0.721      1.045    24.8664 0.0000e+00
      0.743      0.017     6.7604     81.875     41.803  41.695924     6.4506      7.518   185.9770 9.7762e+01     5.3594      0.730      1.058    24.8671 0.0000e+00
      0.748      0.017     6.7640     81.893     41.790  41.682663     6.4609      7.517   186.2511 9.6936e+01     5.4276      0.735      1.066    24.8674 0.0000e+00
      0.749      0.020     6.7760     81.884     41.759  41.651138     6.4579      7.516   186.4879 9.6442e+01     5.4756      0.735      1.067    24.8673 0.0000e+00
      0.749      0.025     6.7798     81.865     41.741  41.632098     6.4237      7.515   186.6032 9.6370e+01     5.5299      0.734      1.065    24.8667 0.0000e+00
      0.753      0.030     6.7807     81.851     41.752  41.642851     6.3965      7.514   186.6131 9.6737e+01     5.6060      0.735      1.067    24.8660 0.0000e+00
      0.763      0.034     6.7846     81.834     41.764  41.654214     6.3868      7.514   186.6068 9.7300e+01     5.6787      0.745      1.081    24.8656 0.0000e+00
      0.780      0.035     6.7820     81.809     41.753  41.642557     6.3896      7.516   186.6994 9.7482e+01     5.7256      0.765      1.110    24.8650 0.0000e+00
      0.796      0.033     6.7806     81.813     41.740  41.628832     6.3975      7.518   186.7012 9.6930e+01     5.6950      0.784      1.136    24.8639 0.0000e+00
      0.805      0.028     6.7795     81.848     41.726  41.615203     6.3899      7.519   186.5420 9.5686e+01     5.6170      0.792      1.149    24.8624 0.0000e+00
      0.806      0.022     6.7794     81.843     41.716  41.604703     6.3891      7.521   186.5809 9.4229e+01     5.6012      0.792      1.148    24.8619 0.0000e+00
      0.806      0.016     6.7752     81.801     41.740  41.628822     6.3964      7.522   186.8275 9.3174e+01     5.6402      0.789      1.144    24.8617 0.0000e+00
      0.808      0.011     6.7743     81.765     41.764  41.652949     6.4122      7.524   187.0295 9.2753e+01     5.6789      0.792      1.149    24.8614 0.0000e+00
      0.812      0.010     6.7821     81.741     41.754  41.642554     6.4464      7.526   187.1299 9.2902e+01     5.6937      0.796      1.155    24.8611 0.0000e+00
      0.816      0.010     6.7805     81.713     41.742  41.630070     6.4607      7.527   187.1809 9.3332e+01     5.6487      0.800      1.161    24.8606 0.0000e+00
      0.819      0.010     6.7750     81.654     41.741  41.628935     6.4599      7.528   187.2157 9.3727e+01     5.6468      0.804      1.166    24.8604 0.0000e+00
      0.821      0.010     6.7728     81.571     41.742  41.628832     6.4792      7.529   187.2066 9.3902e+01     5.7054      0.805      1.168    24.8601 0.0000e+00
      0.822      0.012     6.7705     81.501     41.742  41.628823     6.5107      7.531   187.2425 9.3929e+01     5.7075      0.806      1.168    24.8601 0.0000e+00
      0.823      0.016     6.7697     81.451     41.743  41.628821     6.5245      7.533   187.3053 9.3726e+01     5.6724      0.807      1.171    24.8599 0.0000e+00
      0.826      0.021     6.7650     81.422     41.744  41.628811     6.5129      7.535   187.3639 9.3064e+01     5.6220      0.809      1.173    24.8592 0.0000e+00
      0.831      0.027     6.7560     81.422     41.747  41.628698     6.5042      7.536   187.5206 9.2075e+01     5.6107      0.812      1.178    24.8586 0.0000e+00
      0.841      0.032     6.7507     81.407     41.748  41.627450     6.5184      7.536   187.6517 9.1072e+01     5.6726      0.823      1.195    24.8581 0.0000e+00
      0.854      0.035     6.7470     81.322     41.737  41.613718     6.5352      7.537   187.6586 9.0428e+01     5.7211      0.839      1.216    24.8579 0.0000e+00
      0.864      0.036     6.7432     81.163     41.716  41.589599     6.5398      7.538   187.6897 9.0115e+01     5.6861      0.847      1.230    24.8565 0.0000e+00
      0.872      0.034     6.7458     80.938     41.718  41.589694     6.5496      7.538   187.7702 8.9826e+01     5.6240      0.854      1.239    24.8527 0.0000e+00
      0.881      0.030     6.7474     80.641     41.745  41.614863     6.5706      7.538   187.8569 8.9689e+01     5.6536      0.864      1.254    24.8496 0.0000e+00
      0.889      0.026     6.7396     80.277     41.772  41.640041     6.5846      7.538   187.9642 8.9749e+01     5.7362      0.873      1.266    24.8465 0.0000e+00
      0.894      0.022     6.7271     79.917     41.774  41.640241     6.5870      7.540   188.1211 8.9923e+01     5.7691      0.876      1.272    24.8425 0.0000e+00
      0.898      0.019     6.7085     79.637     41.752  41.617284     6.5827      7.543   188.2911 9.0202e+01     5.7100      0.881      1.278    24.8400 0.0000e+00
      0.902      0.017     6.6853     79.437     41.752  41.616339     6.5747      7.543   188.2995 9.0408e+01     5.6020      0.884      1.284    24.8380 0.0000e+00
      0.906      0.016     6.6524     79.273     41.766  41.628815     6.5807      7.543   188.2226 9.0541e+01     5.5906      0.888      1.288    24.8360 0.0000e+00
      0.910      0.016     6.6197     79.104     41.779  41.641186     6.5889      7.544   188.2217 9.0526e+01     5.6751      0.892      1.294    24.8341 0.0000e+00
      0.914      0.017     6.5977     78.947     41.778  41.638983     6.5823      7.545   188.2883 9.0351e+01     5.7002      0.897      1.301    24.8321 0.0000e+00
      0.918      0.018     6.5823     78.845     41.742  41.602178     6.5597      7.545   188.3393 9.0211e+01     5.6555      0.901      1.307    24.8313 0.0000e+00
      0.922      0.019     6.5710     78.790     41.717  41.576993     6.5241      7.545   188.4080 9.0127e+01     5.6127      0.905      1.313    24.8301 0.0000e+00
      0.927      0.020     6.5563     78.760     41.730  41.588333     6.5093      7.545   188.5165 9.0096e+01     5.6273      0.909      1.318    24.8285 0.0000e+00
      0.933      0.020     6.5410     78.721     41.756  41.612358     6.5139      7.547   188.5334 8.9960e+01     5.6952      0.914      1.325    24.8280 0.0000e+00
      0.939      0.019     6.5334     78.604     41.759  41.613598     6.4630      7.548   188.5261 8.9862e+01     5.6820      0.921      1.336    24.8273 0.0000e+00
      0.945      0.016     6.5303     78.423     41.748  41.603325     6.3513      7.547   188.5996 9.0063e+01     5.5706      0.928      1.346    24.8263 0.0000e+00
      0.949      0.012     6.5272     78.243     41.757  41.615082     6.2784      7.547   188.7339 9.0299e+01     5.4754      0.932      1.351    24.8243 0.0000e+00
      0.952      0.007     6.5293     78.106     41.767  41.628824     6.2731      7.548   188.8599 9.0418e+01     5.4527      0.934      1.354    24.8210 0.0000e+00
      0.953      0.002     6.5183     78.079     41.777  41.642548     6.2623      7.548   188.9183 9.0514e+01     5.4678      0.936      1.357    24.8179 0.0000e+00
      0.953      0.000     6.5003     78.207     41.787  41.654088     6.2220      7.549   188.9235 9.0579e+01     5.4535      0.936      1.357    24.8191 0.0000e+00
      0.950      0.000     6.4847     78.467     41.772  41.641423     6.1938      7.551   188.9220 9.0620e+01     5.4158      0.932      1.352    24.8245 0.0000e+00
      0.946      0.001     6.4704     78.850     41.745  41.616351     6.1803      7.553   188.9012 9.0647e+01     5.3874      0.928      1.345    24.8294 0.0000e+00
      0.945      0.003     6.4649     79.256     41.734  41.604811     6.2171      7.555   188.8444 9.0600e+01     5.4518      0.925      1.340    24.8332 0.0000e+00
      0.949      0.004     6.4785     79.548     41.759  41.628836     6.3053      7.556   188.9234 9.0535e+01     5.6133      0.930      1.349    24.8361 0.0000e+00
      0.955      0.006     6.4979     79.761     41.785  41.652956     6.3559      7.557   189.1677 9.0621e+01     5.7007      0.939      1.362    24.8385 0.0000e+00
      0.957      0.008     6.5310     79.876     41.776  41.642579     6.3631      7.558   189.3028 9.0884e+01     5.6542      0.941      1.365    24.8406 0.0000e+00
      0.956      0.009     6.5749     79.861     41.765  41.630303     6.3424      7.558   189.3530 9.1117e+01     5.5977      0.938      1.360    24.8401 0.0000e+00
      0.956      0.011     6.5917     79.771     41.765  41.631458     6.3053      7.557   189.5165 9.1237e+01     5.6333      0.937      1.359    24.8378 0.0000e+00
      0.958      0.014     6.6128     79.664     41.786  41.656545     6.2890      7.556   189.6451 9.1525e+01     5.7085      0.939      1.362    24.8357 0.0000e+00
      0.963      0.019     6.6250     79.592     41.806  41.679761     6.2871      7.555   189.7036 9.2029e+01     5.7213      0.943      1.368    24.8334 0.0000e+00
      0.969      0.022     6.6196     79.588     41.784  41.658293     6.2910      7.555   189.7935 9.2307e+01     5.6514      0.950      1.378    24.8317 0.0000e+00
      0.978      0.023     6.6121     79.676     41.777  41.650853     6.3027      7.556   189.8714 9.2394e+01     5.5807      0.959      1.391    24.8335 0.0000e+00
      0.988      0.023     6.5997     79.840     41.781  41.653276     6.3286      7.557   189.9578 9.2669e+01     5.6182      0.970      1.407    24.8390 0.0000e+00
      0.994      0.022     6.5933     80.015     41.753  41.624116     6.3537      7.557   190.0626 9.3033e+01     5.6949      0.976      1.416    24.8436 0.0000e+00
      0.996      0.022     6.5913     80.137     41.747  41.615611     6.3567      7.557   190.1924 9.3501e+01     5.6883      0.977      1.417    24.8445 0.0000e+00
      0.998      0.022     6.5992     80.152     41.748  41.613913     6.3821      7.558   190.3222 9.3899e+01     5.6404      0.978      1.418    24.8438 0.0000e+00
