Data/DataNotYetUploadedToEDI/Raw_CTD/RawDownloads/081924_fcr30_S7809005.cnv
* Sea-Bird SBE19plus  Data File:
* FileName = C:\R\Reservoirs\Data\DataNotYetUploadedToEDI\Raw_CTD\RawDownloads\081924_fcr50_S7809_0006.hex
* Software version 2.8.0.119
* Temperature SN = 7809
* Conductivity SN = 7809
* System UpLoad Time = Aug 20 2024 14:06:45
* <ApplicationData>
* <Seaterm232>
# nquan = 15
# nvalues = 1288                        
# units = specified
# name 0 = depFM: Depth [fresh water, m]
# name 1 = dz/dtM: Descent Rate [m/s]
# name 2 = sbeox0Mg/L: Oxygen, SBE 43 [mg/l]
# name 3 = sbeox0PS: Oxygen, SBE 43 [% saturation]
# name 4 = specc: Specific Conductance [uS/cm]
# name 5 = c0uS/cm: Conductivity [uS/cm]
# name 6 = flECO-AFL: Fluorescence, WET Labs ECO-AFL/FL [mg/m^3]
# name 7 = ph: pH
# name 8 = orp: Oxidation Reduction Potential [mV]
# name 9 = par/sat/log: PAR/Logarithmic, Satlantic
# name 10 = turbWETntu0: Turbidity, WET Labs ECO [NTU]
# name 11 = prdM: Pressure, Strain Gauge [db]
# name 12 = prdE: Pressure, Strain Gauge [psi]
# name 13 = tv290C: Temperature [ITS-90, deg C]
# name 14 = flag:  0.000e+00
# span 0 =     -0.706,      5.371       
# span 1 =     -0.017,      0.180       
# span 2 =     0.1164,     8.4586       
# span 3 =      1.142,    102.562       
# span 4 =      1.109,     88.697       
# span 5 =   1.066129,  74.301300       
# span 6 =    -0.0824,    49.8899       
# span 7 =      7.403,      7.948       
# span 8 =   -72.8551,   281.3578       
# span 9 = 1.2354e-01, 8.1676e+02       
# span 10 =     0.9475,   189.6420      
# span 11 =     -0.693,      5.268      
# span 12 =     -1.006,      7.641      
# span 13 =    12.6249,    25.5085      
# span 14 = 0.0000e+00, 0.0000e+00      
# interval = seconds: 0.25
# start_time = Aug 19 2024 12:26:58 [Instrument's time stamp, header]
# bad_flag = -9.990e-29
*END*
[from data line 579]
      1.423      0.005     7.3726     87.814     41.611  41.734701     5.4299      7.934   194.7901 2.4115e+02     3.9727      1.396      2.024    25.1620 0.0000e+00
      1.423      0.005     7.3487     87.450     41.616  41.738631     5.4374      7.934   194.8553 2.4075e+02     4.0115      1.396      2.024    25.1577 0.0000e+00
      1.423      0.009     7.3097     87.193     41.604  41.725677     5.4498      7.935   194.8933 2.4034e+02     4.0352      1.397      2.026    25.1538 0.0000e+00
      1.423      0.015     7.2698     87.059     41.588  41.705016     5.4624      7.937   194.9063 2.3966e+02     3.9852      1.395      2.024    25.1456 0.0000e+00
      1.424      0.022     7.2351     87.056     41.568  41.679215     5.4650      7.938   194.9263 2.3874e+02     3.9204      1.392      2.020    25.1404 0.0000e+00
      1.432      0.028     7.2024     87.116     41.563  41.667571     5.4733      7.938   195.0486 2.3747e+02     3.9340      1.401      2.033    25.1420 0.0000e+00
      1.445      0.036     7.1822     87.135     41.592  41.691161     5.4961      7.937   195.2660 2.3174e+02     3.9793      1.419      2.059    25.1427 0.0000e+00
      1.457      0.044     7.1698     87.068     41.617  41.710550     5.5069      7.935   195.4900 2.2739e+02     3.9208      1.430      2.074    25.1364 0.0000e+00
      1.467      0.051     7.1735     86.879     41.626  41.711590     5.4969      7.934   195.6930 2.2798e+02     3.8759      1.438      2.086    25.1275 0.0000e+00
      1.477      0.056     7.1840     86.534     41.629  41.703726     5.4919      7.933   195.9140 2.2660e+02     3.9150      1.446      2.098    25.1193 0.0000e+00
      1.493      0.059     7.1862     86.024     41.614  41.678918     5.5788      7.932   196.1821 2.2390e+02     3.9839      1.460      2.119    25.1129 0.0000e+00
      1.513      0.059     7.1830     85.377     41.609  41.665503     5.7491      7.932   196.4392 2.1979e+02     4.0596      1.486      2.155    25.1077 0.0000e+00
      1.532      0.057     7.1695     84.650     41.618  41.668441     5.8357      7.932   196.6132 2.1424e+02     4.0452      1.505      2.182    25.0985 0.0000e+00
      1.547      0.053     7.1437     83.921     41.607  41.650961     5.8267      7.932   196.7382 2.1060e+02     3.9801      1.518      2.202    25.0840 0.0000e+00
      1.559      0.046     7.1019     83.256     41.606  41.644549     5.8238      7.932   196.8314 2.0887e+02     3.9560      1.530      2.220    25.0703 0.0000e+00
      1.568      0.038     7.0487     82.686     41.621  41.654377     5.8920      7.932   196.9664 2.0639e+02     4.0270      1.538      2.230    25.0618 0.0000e+00
      1.576      0.031     6.9865     82.221     41.618  41.642847     6.0107      7.931   197.2514 2.0314e+02     4.1545      1.545      2.242    25.0545 0.0000e+00
      1.583      0.026     6.9254     81.868     41.615  41.632066     6.0606      7.930   197.5243 2.0162e+02     4.2000      1.554      2.253    25.0466 0.0000e+00
      1.589      0.022     6.8708     81.638     41.637  41.650948     6.0459      7.930   197.6852 1.9897e+02     4.2021      1.558      2.260    25.0412 0.0000e+00
      1.594      0.020     6.8236     81.507     41.666  41.680742     6.0412      7.930   197.8206 1.9982e+02     4.2141      1.563      2.267    25.0349 0.0000e+00
      1.598      0.018     6.7877     81.478     41.661  41.674964     6.0538      7.929   197.8701 2.0382e+02     4.2415      1.567      2.274    25.0241 0.0000e+00
      1.602      0.017     6.7580     81.545     41.636  41.644553     6.0727      7.929   197.7677 2.0159e+02     4.2941      1.570      2.279    25.0129 0.0000e+00
      1.607      0.016     6.7417     81.598     41.629  41.630369     6.0788      7.929   197.7002 2.0014e+02     4.2697      1.576      2.286    25.0078 0.0000e+00
      1.611      0.015     6.7302     81.518     41.632  41.630385     6.0695      7.929   197.8297 2.0079e+02     4.2202      1.580      2.292    25.0120 0.0000e+00
      1.614      0.013     6.7253     81.250     41.648  41.644742     6.0598      7.930   198.0425 1.9689e+02     4.2423      1.583      2.296    25.0139 0.0000e+00
      1.618      0.011     6.7380     80.854     41.682  41.677027     6.0609      7.930   198.2074 1.9625e+02     4.2636      1.587      2.302    25.0040 0.0000e+00
      1.620      0.010     6.7461     80.428     41.709  41.703406     6.0752      7.931   198.3608 1.9878e+02     4.2733      1.589      2.305    24.9934 0.0000e+00
      1.622      0.009     6.7425     80.018     41.714  41.709818     6.0999      7.932   198.5204 1.9698e+02     4.2904      1.591      2.308    24.9914 0.0000e+00
      1.624      0.009     6.7185     79.692     41.694  41.691092     6.1342      7.932   198.5888 1.9549e+02     4.3683      1.592      2.310    24.9899 0.0000e+00
      1.625      0.009     6.6810     79.504     41.670  41.667384     6.1574      7.931   198.6716 1.9575e+02     4.4971      1.593      2.311    24.9879 0.0000e+00
      1.628      0.010     6.6471     79.464     41.683  41.677042     6.1720      7.930   198.9195 1.9520e+02     4.5499      1.596      2.315    24.9878 0.0000e+00
      1.631      0.010     6.6097     79.554     41.695  41.680926     6.2034      7.930   199.0908 1.9443e+02     4.4600      1.599      2.320    24.9884 0.0000e+00
      1.635      0.010     6.5810     79.645     41.672  41.650857     6.2285      7.930   199.1077 1.9403e+02     4.2650      1.602      2.325    24.9901 0.0000e+00
      1.638      0.009     6.5656     79.543     41.655  41.630815     6.2252      7.930   199.2096 1.9350e+02     4.1725      1.605      2.330    24.9928 0.0000e+00
      1.640      0.008     6.5620     79.219     41.653  41.628992     6.2140      7.931   199.3764 1.9255e+02     4.1956      1.608      2.333    24.9894 0.0000e+00
      1.642      0.007     6.5742     78.792     41.653  41.628827     6.2098      7.931   199.4907 1.9167e+02     4.1692      1.610      2.335    24.9764 0.0000e+00
      1.642      0.005     6.5919     78.371     41.652  41.628822     6.1820      7.931   199.5594 1.9080e+02     4.1609      1.610      2.336    24.9656 0.0000e+00
      1.643      0.005     6.5842     78.053     41.649  41.628925     6.1197      7.930   199.6043 1.9042e+02     4.1968      1.611      2.337    24.9623 0.0000e+00
      1.644      0.006     6.5510     77.867     41.645  41.630068     6.0719      7.930   199.6037 1.8981e+02     4.2279      1.612      2.339    24.9645 0.0000e+00
      1.645      0.007     6.5149     77.856     41.651  41.642655     6.0534      7.930   199.6375 1.8979e+02     4.2295      1.613      2.340    24.9654 0.0000e+00
      1.647      0.008     6.4750     78.142     41.657  41.654194     6.0302      7.930   199.7552 1.8956e+02     4.2164      1.614      2.342    24.9640 0.0000e+00
      1.650      0.010     6.4486     78.677     41.641  41.642663     5.9911      7.930   199.9085 1.8864e+02     4.2394      1.618      2.346    24.9685 0.0000e+00
      1.653      0.011     6.4333     79.280     41.624  41.630178     5.9546      7.931   200.0286 1.8845e+02     4.2347      1.620      2.350    24.9765 0.0000e+00
      1.656      0.011     6.4230     79.864     41.619  41.630178     5.9306      7.931   200.0883 1.8781e+02     4.1943      1.624      2.356    24.9853 0.0000e+00
      1.659      0.012     6.4487     80.414     41.629  41.642662     5.9337      7.931   200.1144 1.8646e+02     4.2287      1.627      2.360    24.9916 0.0000e+00
      1.662      0.013     6.5007     80.912     41.640  41.654193     5.9675      7.932   200.0859 1.8606e+02     4.3775      1.630      2.364    24.9951 0.0000e+00
      1.664      0.014     6.5505     81.297     41.628  41.642664     6.0063      7.933   200.0883 1.8578e+02     4.5250      1.632      2.367    25.0021 0.0000e+00
      1.667      0.014     6.5985     81.522     41.616  41.630195     6.0197      7.933   200.1433 1.8446e+02     4.5434      1.635      2.371    25.0082 0.0000e+00
      1.672      0.013     6.6434     81.620     41.617  41.630365     6.0208      7.932   200.2351 1.8383e+02     4.4964      1.641      2.379    25.0101 0.0000e+00
      1.677      0.013     6.6866     81.641     41.633  41.644724     6.0367      7.932   200.3366 1.8225e+02     4.5038      1.645      2.386    25.0112 0.0000e+00
      1.681      0.012     6.7209     81.607     41.667  41.676869     6.0534      7.932   200.3388 1.8050e+02     4.5313      1.648      2.391    25.0119 0.0000e+00
      1.683      0.012     6.7376     81.500     41.695  41.701687     6.0726      7.933   200.3480 1.7994e+02     4.5212      1.650      2.393    25.0112 0.0000e+00
      1.684      0.012     6.7439     81.259     41.690  41.690920     6.1035      7.934   200.4471 1.7817e+02     4.4836      1.651      2.394    25.0102 0.0000e+00
      1.686      0.012     6.7459     80.901     41.679  41.673612     6.1432      7.935   200.5056 1.7714e+02     4.4528      1.653      2.397    25.0084 0.0000e+00
      1.690      0.012     6.7427     80.504     41.693  41.682808     6.1699      7.937   200.4529 1.7666e+02     4.4220      1.656      2.403    25.0052 0.0000e+00
      1.695      0.012     6.7381     80.062     41.689  41.675171     6.1772      7.937   200.3253 1.7578e+02     4.4187      1.662      2.411    25.0021 0.0000e+00
      1.698      0.011     6.7186     79.591     41.660  41.644744     6.1809      7.938   200.2531 1.7563e+02     4.4466      1.666      2.417    24.9954 0.0000e+00
      1.700      0.010     6.6850     79.151     41.648  41.632244     6.1986      7.939   200.2691 1.7486e+02     4.3840      1.667      2.418    24.9864 0.0000e+00
      1.702      0.010     6.6556     78.744     41.668  41.650971     6.2406      7.939   200.3466 1.7592e+02     4.2762      1.668      2.421    24.9812 0.0000e+00
      1.704      0.010     6.6191     78.380     41.700  41.680766     6.2727      7.940   200.4154 1.7647e+02     4.2366      1.671      2.423    24.9770 0.0000e+00
      1.706      0.011     6.5767     78.118     41.700  41.675141     6.2875      7.941   200.4126 1.7327e+02     4.2473      1.673      2.425    24.9743 0.0000e+00
      1.709      0.012     6.5418     77.942     41.676  41.646425     6.2861      7.941   200.4847 1.7251e+02     4.2346      1.675      2.430    24.9746 0.0000e+00
      1.712      0.014     6.5086     77.752     41.686  41.650899     6.2557      7.942   200.5983 1.7257e+02     4.1509      1.679      2.436    24.9750 0.0000e+00
      1.716      0.016     6.4751     77.472     41.706  41.665764     6.2282      7.943   200.6680 1.7181e+02     4.0894      1.683      2.440    24.9715 0.0000e+00
      1.720      0.018     6.4552     77.107     41.681  41.635749     6.2278      7.944   200.7251 1.7198e+02     4.1406      1.685      2.444    24.9643 0.0000e+00
      1.726      0.018     6.4453     76.695     41.656  41.605317     6.2427      7.945   200.7730 1.7068e+02     4.2913      1.692      2.454    24.9570 0.0000e+00
      1.731      0.017     6.4329     76.220     41.671  41.615141     6.2501      7.945   200.8165 1.6988e+02     4.4428      1.698      2.463    24.9519 0.0000e+00
      1.735      0.016     6.4101     75.666     41.689  41.627583     6.2416      7.945   200.8212 1.7026e+02     4.4693      1.703      2.470    24.9467 0.0000e+00
      1.739      0.015     6.3779     75.046     41.694  41.628807     6.2321      7.945   200.8294 1.6969e+02     4.4071      1.706      2.474    24.9394 0.0000e+00
      1.742      0.014     6.3465     74.408     41.699  41.629942     6.2271      7.945   200.9168 1.6972e+02     4.4078      1.710      2.478    24.9327 0.0000e+00
      1.745      0.014     6.3081     73.810     41.712  41.641292     6.2149      7.945   201.0163 1.7027e+02     4.4770      1.712      2.482    24.9276 0.0000e+00
      1.748      0.015     6.2625     73.302     41.712  41.639100     6.2002      7.945   201.0861 1.6951e+02     4.5270      1.714      2.487    24.9209 0.0000e+00
      1.752      0.016     6.2112     72.953     41.678  41.603431     6.1912      7.945   201.0729 1.6937e+02     4.5342      1.719      2.493    24.9145 0.0000e+00
      1.757      0.017     6.1557     72.725     41.666  41.590834     6.1895      7.946   201.0283 1.6908e+02     4.5637      1.722      2.498    24.9104 0.0000e+00
      1.762      0.019     6.1073     72.544     41.689  41.613728     6.2125      7.947   201.1497 1.6884e+02     4.6445      1.729      2.508    24.9081 0.0000e+00
      1.767      0.021     6.0604     72.436     41.704  41.626369     6.2448      7.947   201.2497 1.6893e+02     4.6911      1.735      2.516    24.9072 0.0000e+00
      1.772      0.021     6.0339     72.414     41.699  41.616739     6.2558      7.948   201.2908 1.6624e+02     4.7179      1.736      2.518    24.9042 0.0000e+00
      1.777      0.021     6.0200     72.448     41.713  41.624205     6.2539      7.948   201.3890 1.6460e+02     4.7287      1.741      2.527    24.9026 0.0000e+00
      1.784      0.021     6.0012     72.499     41.746  41.653168     6.2553      7.948   201.4045 1.6439e+02     4.7196      1.750      2.538    24.9037 0.0000e+00
      1.791      0.020     5.9930     72.500     41.743  41.649593     6.2723      7.948   201.3924 1.6423e+02     4.7446      1.756      2.547    24.9026 0.0000e+00
      1.796      0.020     5.9929     72.424     41.738  41.644444     6.3017      7.948   201.4140 1.6621e+02     4.7581      1.760      2.554    24.8949 0.0000e+00
      1.800      0.020     5.9975     72.325     41.748  41.654372     6.3192      7.948   201.4085 1.6620e+02     4.7455      1.766      2.562    24.8847 0.0000e+00
      1.803      0.020     6.0044     72.248     41.737  41.642697     6.3091      7.948   201.4118 1.6475e+02     4.7635      1.769      2.565    24.8819 0.0000e+00
      1.807      0.020     6.0066     72.201     41.736  41.630214     6.2871      7.948   201.5395 1.6487e+02     4.8043      1.772      2.568    24.8820 0.0000e+00
      1.814      0.021     5.9969     72.160     41.763  41.630374     6.2873      7.948   201.6622 1.6463e+02     4.8641      1.779      2.580    24.8798 0.0000e+00
      1.821      0.021     5.9879     71.980     41.805  41.644580     6.3032      7.948   201.6908 1.6391e+02     4.9392      1.787      2.592    24.8805 0.0000e+00
      1.827      0.021     5.9811     71.414     41.847  41.674995     6.2800      7.948   201.7995 1.6350e+02     4.9610      1.791      2.598    24.8852 0.0000e+00
      1.831      0.021     5.9774     70.303     41.857  41.680775     6.2137      7.947   201.9432 1.6275e+02     4.9226      1.796      2.604    24.8766 0.0000e+00
      1.836      0.021     5.9829     68.860     41.846  41.651000     6.1671      7.946   202.0518 1.6212e+02     4.9196      1.800      2.612    24.8373 0.0000e+00
      1.841      0.021     5.9813     67.434     41.853  41.632293     6.1744      7.946   202.0804 1.6310e+02     4.9928      1.805      2.617    24.7900 0.0000e+00
      1.847      0.021     5.9428     65.913     41.886  41.644953     6.2441      7.946   202.0305 1.6303e+02     5.0900      1.811      2.627    24.7826 0.0000e+00
      1.853      0.021     5.8431     64.085     41.936  41.677102     6.3277      7.946   202.0515 1.6108e+02     5.1726      1.818      2.637    24.7949 0.0000e+00
      1.858      0.021     5.7070     62.165     41.975  41.703633     6.3529      7.946   202.0755 1.6067e+02     5.1716      1.822      2.643    24.7633 0.0000e+00
      1.863      0.020     5.6009     60.357     41.984  41.711850     6.3487      7.946   202.0625 1.5987e+02     5.1117      1.827      2.649    24.7244 0.0000e+00
      1.868      0.018     5.4915     58.797     41.974  41.712994     6.3942      7.947   202.1528 1.5784e+02     5.1320      1.832      2.657    24.7081 0.0000e+00
