Data/DataNotYetUploadedToEDI/Raw_CTD/RawDownloads/081924_fcr50_S7809002.cnv
* Sea-Bird SBE19plus  Data File:
* FileName = C:\R\Reservoirs\Data\DataNotYetUploadedToEDI\Raw_CTD\RawDownloads\081924_fcr50_S7809_0002.hex
* Software version 2.8.0.119
* Temperature SN = 7809
* Conductivity SN = 7809
* System UpLoad Time = Aug 20 2024 14:05:07
* <ApplicationData>
* <Seaterm232>
# nquan = 15
# nvalues = 1943                        
# units = specified
# name 0 = depFM: Depth [fresh water, m]
# name 1 = dz/dtM: Descent Rate [m/s]
# name 2 = sbeox0Mg/L: Oxygen, SBE 43 [mg/l]
# name 3 = sbeox0PS: Oxygen, SBE 43 [% saturation]
# name 4 = specc: Specific Conductance [uS/cm]
# name 5 = c0uS/cm: Conductivity [uS/cm]
# name 6 = flECO-AFL: Fluorescence, WET Labs ECO-AFL/FL [mg/m^3]
# name 7 = ph: pH
# name 8 = orp: Oxidation Reduction Potential [mV]
# name 9 = par/sat/log: PAR/Logarithmic, Satlantic
# name 10 = turbWETntu0: Turbidity, WET Labs ECO [NTU]
# name 11 = prdM: Pressure, Strain Gauge [db]
# name 12 = prdE: Pressure, Strain Gauge [psi]
# name 13 = tv290C: Temperature [ITS-90, deg C]
# name 14 = flag:  0.000e+00
# span 0 =     -0.718,      9.514       
# span 1 =     -0.180,      0.270       
# span 2 =    -1.1723,     8.4726       
# span 3 =    -10.675,    103.389       
# span 4 =      0.651,    586.062       
# span 5 =   0.650715, 441.138137       
# span 6 =    -0.0886,   148.2595       
# span 7 =      5.883,      7.301       
# span 8 = -1240.7455,   196.1021       
# span 9 = 1.2356e-01, 2.0807e+03       
# span 10 =     0.2629,   168.3396      
# span 11 =     -0.704,      9.331      
# span 12 =     -1.022,     13.533      
# span 13 =    12.6280,    25.7677      
# span 14 = 0.0000e+00, 0.0000e+00      
# interval = seconds: 0.25
# start_time = Aug 19 2024 11:31:04 [Instrument's time stamp, header]
# bad_flag = -9.990e-29
*END*
[from data line 1254]
      4.742      0.011     7.0255     61.726     61.080  46.332368     0.5834      7.160    49.6388 1.7781e-01    18.9771      4.652      6.746    12.8416 0.0000e+00
      4.744      0.015     6.8901     60.719     60.941  46.251050     0.5899      7.159    50.8162 1.9411e-01    19.0351      4.653      6.748    12.8534 0.0000e+00
      4.745      0.027     6.7577     59.717     60.747  46.089908     0.6289      7.157    51.9509 1.9791e-01    19.0867      4.654      6.749    12.8645 0.0000e+00
      4.747      0.047     6.6291     58.629     60.669  45.971102     0.6711      7.157    52.6897 1.8896e-01    19.0547      4.655      6.751    12.8907 0.0000e+00
      4.756      0.067     6.5102     57.428     60.755  45.957217     0.6837      7.157    53.2105 1.8253e-01    19.0234      4.659      6.757    12.9280 0.0000e+00
      4.776      0.082     6.4025     56.273     60.875  45.985419     0.6574      7.157    53.8591 1.6886e-01    19.1521      4.679      6.785    12.9568 0.0000e+00
      4.811      0.088     6.3016     55.529     60.936  45.994595     0.6110      7.157    54.4229 1.4663e-01    19.3819      4.716      6.840    12.9496 0.0000e+00
      4.849      0.086     6.1976     55.512     60.975  46.004635     0.5880      7.158    54.6938 1.3080e-01    19.5474      4.758      6.901    12.8910 0.0000e+00
      4.878      0.075     6.0766     56.247     61.032  46.043307     0.5965      7.158    54.8974 1.2622e-01    19.5815      4.791      6.947    12.8110 0.0000e+00
      4.892      0.057     5.9452     57.573     61.068  46.081268     0.6054      7.157    55.2489 1.2688e-01    19.5211      4.802      6.965    12.7594 0.0000e+00
      4.895      0.037     5.8543     59.258     61.043  46.082738     0.6043      7.157    55.8469 1.2765e-01    19.4654      4.800      6.962    12.7337 0.0000e+00
      4.896      0.020     5.8567     61.025     60.993  46.061108     0.5993      7.157    56.5354 1.3254e-01    19.4892      4.802      6.964    12.7167 0.0000e+00
      4.898      0.010     5.9418     62.620     61.001  46.073689     0.5958      7.157    57.1205 1.3633e-01    19.5694      4.805      6.968    12.7131 0.0000e+00
      4.900      0.007     6.0888     63.802     61.038  46.107899     0.5950      7.157    57.5873 1.3058e-01    19.5810      4.806      6.970    12.7237 0.0000e+00
      4.903      0.011     6.2767     64.432     61.002  46.093838     0.5975      7.156    57.7913 1.2513e-01    19.4929      4.808      6.973    12.7449 0.0000e+00
      4.904      0.022     6.4693     64.547     60.913  46.030660     0.5931      7.155    57.8662 1.2898e-01    19.4265      4.810      6.976    12.7599 0.0000e+00
      4.903      0.036     6.6481     64.265     60.878  45.978867     0.5750      7.154    58.3210 1.3485e-01    19.4277      4.807      6.973    12.7626 0.0000e+00
      4.906      0.047     6.7800     63.712     60.929  45.975451     0.5696      7.153    59.0735 1.3224e-01    19.4391      4.805      6.969    12.7621 0.0000e+00
      4.926      0.054     6.8409     63.036     60.984  45.989297     0.5786      7.153    59.6518 1.2607e-01    19.4279      4.824      6.997    12.7786 0.0000e+00
      4.957      0.057     6.8457     62.470     61.026  46.019279     0.5913      7.153    59.8924 1.2393e-01    19.4284      4.866      7.057    12.7950 0.0000e+00
      4.981      0.055     6.8158     62.227     61.095  46.084028     0.5983      7.153    60.0904 1.2372e-01    19.4457      4.892      7.094    12.7660 0.0000e+00
      4.989      0.048     6.7600     62.297     61.141  46.137358     0.5807      7.153    60.5823 1.2365e-01    19.4320      4.894      7.097    12.7194 0.0000e+00
      4.993      0.035     6.6833     62.536     61.136  46.156232     0.5706      7.153    61.1946 1.2364e-01    19.3987      4.893      7.098    12.6942 0.0000e+00
      4.999      0.021     6.6109     62.859     61.140  46.185284     0.5924      7.153    61.7284 1.2371e-01    19.3849      4.902      7.110    12.6973 0.0000e+00
      5.004      0.013     6.5849     63.173     61.162  46.234715     0.6101      7.153    62.1319 1.2376e-01    19.3676      4.909      7.120    12.7120 0.0000e+00
      5.006      0.013     6.5995     63.362     61.118  46.246066     0.6017      7.153    62.5464 1.2376e-01    19.2922      4.909      7.121    12.7245 0.0000e+00
      5.006      0.019     6.6218     63.359     60.998  46.195610     0.5988      7.152    63.2129 1.2376e-01    19.2246      4.909      7.120    12.7461 0.0000e+00
      5.006      0.032     6.6568     63.111     60.899  46.132571     0.6256      7.151    64.0805 1.2371e-01    19.2683      4.909      7.121    12.7650 0.0000e+00
      5.009      0.045     6.6928     62.625     60.914  46.118725     0.6516      7.150    64.9489 1.2364e-01    19.3419      4.910      7.120    12.7890 0.0000e+00
      5.020      0.054     6.7067     61.990     61.011  46.155125     0.6546      7.150    65.5390 1.2362e-01    19.3626      4.914      7.128    12.8308 0.0000e+00
      5.046      0.058     6.7036     61.325     61.081  46.191738     0.6371      7.150    65.8815 1.2365e-01    19.3822      4.945      7.172    12.8716 0.0000e+00
      5.079      0.056     6.6755     60.823     61.058  46.180498     0.6061      7.150    66.3361 1.2372e-01    19.4085      4.989      7.236    12.8885 0.0000e+00
      5.096      0.048     6.6233     60.619     61.000  46.146193     0.5970      7.150    66.9058 1.2372e-01    19.4407      5.004      7.259    12.8560 0.0000e+00
      5.099      0.035     6.5613     60.694     61.010  46.157869     0.6100      7.149    67.6077 1.2366e-01    19.5326      4.999      7.250    12.8117 0.0000e+00
      5.100      0.020     6.4826     60.900     61.053  46.194712     0.6129      7.148    68.4562 1.2373e-01    19.5968      5.001      7.253    12.8015 0.0000e+00
      5.101      0.010     6.4215     61.087     61.063  46.210757     0.5992      7.148    69.0769 1.2379e-01    19.5344      5.004      7.258    12.8144 0.0000e+00
      5.101      0.006     6.4006     61.244     61.068  46.224916     0.5772      7.148    69.4337 1.2373e-01    19.4617      5.001      7.253    12.8254 0.0000e+00
      5.102      0.007     6.4132     61.386     61.075  46.238943     0.5803      7.148    69.9304 1.2371e-01    19.4690      5.003      7.256    12.8240 0.0000e+00
      5.105      0.008     6.4446     61.460     61.081  46.253396     0.6194      7.147    70.7811 1.2371e-01    19.4520      5.007      7.262    12.8264 0.0000e+00
      5.108      0.009     6.4599     61.435     61.094  46.272713     0.6588      7.146    71.7173 1.2370e-01    19.3587      5.009      7.265    12.8355 0.0000e+00
      5.111      0.013     6.4738     61.330     61.016  46.218578     0.6659      7.146    72.3028 1.2370e-01    19.2635      5.012      7.269    12.8445 0.0000e+00
      5.113      0.021     6.4920     61.179     60.878  46.106724     0.6467      7.146    72.6974 1.2370e-01    19.1890      5.014      7.272    12.8505 0.0000e+00
      5.116      0.034     6.4992     61.011     60.862  46.063000     0.6345      7.146    73.4779 1.2370e-01    19.1749      5.016      7.274    12.8592 0.0000e+00
      5.121      0.052     6.4940     60.824     60.935  46.070791     0.6433      7.144    74.5110 1.2372e-01    19.2980      5.020      7.280    12.8692 0.0000e+00
      5.132      0.071     6.4813     60.641     60.988  46.073896     0.6619      7.143    75.3808 1.2367e-01    19.4821      5.029      7.294    12.8731 0.0000e+00
      5.153      0.082     6.4634     60.575     61.041  46.100499     0.6688      7.143    76.0785 1.2366e-01    19.5224      5.048      7.322    12.8742 0.0000e+00
      5.188      0.084     6.4502     60.719     61.083  46.138490     0.6593      7.143    76.5804 1.2373e-01    19.4431      5.083      7.373    12.8465 0.0000e+00
      5.227      0.079     6.4388     61.074     61.080  46.152348     0.6389      7.143    76.9751 1.2376e-01    19.4114      5.132      7.444    12.7948 0.0000e+00
      5.252      0.067     6.4179     61.576     61.049  46.141118     0.6130      7.143    77.4092 1.2375e-01    19.4470      5.159      7.482    12.7628 0.0000e+00
      5.258      0.049     6.4080     62.080     61.031  46.129687     0.6042      7.143    77.7857 1.2374e-01    19.5325      5.156      7.478    12.7529 0.0000e+00
      5.259      0.030     6.4233     62.449     61.050  46.141107     0.6000      7.142    78.0855 1.2373e-01    19.5902      5.155      7.477    12.7611 0.0000e+00
      5.262      0.018     6.4599     62.691     61.060  46.152222     0.5870      7.141    78.4535 1.2372e-01    19.6667      5.161      7.486    12.7786 0.0000e+00
      5.264      0.018     6.5165     62.833     61.023  46.137122     0.5879      7.140    78.7923 1.2372e-01    19.8078      5.162      7.486    12.7913 0.0000e+00
      5.265      0.031     6.5789     62.878     60.941  46.085513     0.6025      7.139    78.9983 1.2374e-01    19.8958      5.162      7.488    12.7904 0.0000e+00
      5.268      0.047     6.6147     62.847     60.901  46.036100     0.6144      7.139    79.3960 1.2379e-01    19.9454      5.165      7.492    12.7845 0.0000e+00
      5.278      0.057     6.6395     62.749     60.971  46.047525     0.6069      7.139    80.0740 1.2384e-01    19.8610      5.168      7.496    12.7850 0.0000e+00
      5.303      0.061     6.6538     62.635     61.071  46.096628     0.5866      7.138    80.6561 1.2386e-01    19.6260      5.194      7.533    12.7983 0.0000e+00
      5.337      0.061     6.6527     62.608     61.099  46.121908     0.5774      7.138    80.7556 1.2382e-01    19.4959      5.239      7.599    12.8203 0.0000e+00
      5.359      0.054     6.6534     62.733     61.049  46.099248     0.5865      7.139    80.5888 1.2372e-01    19.5176      5.263      7.634    12.8036 0.0000e+00
      5.365      0.041     6.6485     62.962     61.009  46.076599     0.6057      7.139    80.7898 1.2366e-01    19.5130      5.260      7.629    12.7509 0.0000e+00
      5.365      0.025     6.6362     63.201     61.040  46.102004     0.6088      7.138    81.2934 1.2369e-01    19.4060      5.260      7.628    12.7251 0.0000e+00
      5.367      0.011     6.6271     63.383     61.100  46.152488     0.5916      7.138    81.6880 1.2371e-01    19.2828      5.265      7.636    12.7381 0.0000e+00
      5.368      0.004     6.6413     63.523     61.118  46.179131     0.5803      7.137    81.8611 1.2368e-01    19.2190      5.264      7.635    12.7569 0.0000e+00
      5.368      0.003     6.6680     63.652     61.085  46.170218     0.5812      7.136    82.0096 1.2368e-01    19.2145      5.264      7.634    12.7616 0.0000e+00
      5.369      0.003     6.6976     63.735     61.069  46.171704     0.6022      7.136    82.2789 1.2377e-01    19.2626      5.266      7.637    12.7584 0.0000e+00
      5.369      0.003     6.7151     63.741     61.085  46.197120     0.6340      7.135    82.7075 1.2383e-01    19.2889      5.265      7.637    12.7614 0.0000e+00
      5.369      0.003     6.7247     63.652     61.101  46.223600     0.6410      7.135    83.3201 1.2375e-01    19.2248      5.265      7.636    12.7751 0.0000e+00
      5.370      0.003     6.7399     63.493     61.101  46.237947     0.6367      7.136    83.9220 1.2365e-01    19.1708      5.266      7.638    12.7904 0.0000e+00
      5.371      0.004     6.7467     63.296     61.089  46.243634     0.6489      7.136    84.3925 1.2373e-01    19.2169      5.267      7.639    12.7998 0.0000e+00
      5.373      0.005     6.7482     63.069     61.130  46.292373     0.6636      7.136    84.7062 1.2381e-01    19.3379      5.269      7.641    12.8106 0.0000e+00
      5.373      0.005     6.7345     62.808     61.219  46.382881     0.6562      7.135    84.9627 1.2372e-01    19.3700      5.269      7.642    12.8230 0.0000e+00
      5.374      0.006     6.7150     62.502     61.270  46.449195     0.6434      7.135    85.5998 1.2364e-01    19.2639      5.271      7.644    12.8339 0.0000e+00
      5.376      0.007     6.6927     62.160     61.245  46.459356     0.6416      7.135    86.5591 1.2369e-01    19.1818      5.273      7.647    12.8460 0.0000e+00
      5.378      0.008     6.6656     61.765     61.191  46.442283     0.6501      7.135    87.2698 1.2370e-01    19.1972      5.274      7.649    12.8590 0.0000e+00
      5.380      0.008     6.6378     61.281     61.161  46.433257     0.6716      7.134    87.6535 1.2362e-01    19.2787      5.276      7.651    12.8787 0.0000e+00
      5.383      0.008     6.5992     60.651     61.132  46.413714     0.6853      7.133    88.1866 1.2363e-01    19.3476      5.279      7.657    12.9024 0.0000e+00
      5.385      0.008     6.5613     59.872     61.115  46.396457     0.6747      7.133    89.0692 1.2377e-01    19.3127      5.282      7.661    12.9269 0.0000e+00
      5.387      0.007     6.5171     59.058     61.149  46.415052     0.6517      7.133    89.7215 1.2384e-01    19.1987      5.283      7.662    12.9499 0.0000e+00
      5.389      0.006     6.4668     58.315     61.193  46.448071     0.6483      7.132    89.9642 1.2381e-01    19.1652      5.285      7.664    12.9600 0.0000e+00
      5.391      0.006     6.4032     57.710     61.215  46.478270     0.6584      7.131    90.1974 1.2377e-01    19.2484      5.287      7.667    12.9610 0.0000e+00
      5.391      0.006     6.3135     57.287     61.258  46.526254     0.6655      7.131    90.6474 1.2372e-01    19.3853      5.287      7.668    12.9562 0.0000e+00
      5.392      0.006     6.2265     57.019     61.324  46.583869     0.6671      7.130    91.2758 1.2368e-01    19.4888      5.287      7.668    12.9474 0.0000e+00
      5.393      0.006     6.1461     56.844     61.338  46.603525     0.6456      7.130    91.9445 1.2370e-01    19.4753      5.288      7.670    12.9441 0.0000e+00
      5.396      0.006     6.0777     56.699     61.270  46.573461     0.6302      7.130    92.5381 1.2371e-01    19.4606      5.292      7.675    12.9576 0.0000e+00
      5.398      0.006     6.0324     56.512     61.191  46.537830     0.6389      7.129    93.0329 1.2366e-01    19.4819      5.295      7.679    12.9782 0.0000e+00
      5.400      0.006     6.0063     56.164     61.195  46.553645     0.6507      7.128    93.1945 1.2362e-01    19.4258      5.296      7.681    12.9785 0.0000e+00
      5.400      0.007     5.9908     55.609     61.216  46.574245     0.6647      7.128    93.2007 1.2367e-01    19.2943      5.295      7.680    12.9789 0.0000e+00
      5.401      0.013     5.9729     54.965     61.076  46.469478     0.6671      7.128    93.7969 1.2377e-01    19.1900      5.296      7.681    13.0041 0.0000e+00
      5.402      0.022     5.9562     54.362     60.885  46.302679     0.6539      7.127    94.7240 1.2377e-01    19.2230      5.298      7.684    13.0279 0.0000e+00
      5.404      0.032     5.9221     53.851     60.927  46.271560     0.6636      7.125    95.4620 1.2372e-01    19.3177      5.297      7.682    13.0376 0.0000e+00
      5.413      0.039     5.8565     53.468     61.116  46.347090     0.7011      7.125    95.5798 1.2375e-01    19.3444      5.302      7.689    13.0355 0.0000e+00
      5.433      0.041     5.7825     53.321     61.206  46.390517     0.7246      7.124    95.2015 1.2380e-01    19.3069      5.328      7.726    13.0432 0.0000e+00
      5.455      0.038     5.7183     53.586     61.228  46.415704     0.7222      7.123    95.2760 1.2380e-01    19.2396      5.355      7.766    13.0419 0.0000e+00
      5.465      0.033     5.6727     54.333     61.261  46.461180     0.7057      7.123    95.7916 1.2380e-01    19.2482      5.362      7.776    12.9717 0.0000e+00
      5.466      0.023     5.6389     55.427     61.268  46.495992     0.6762      7.123    96.0155 1.2374e-01    19.3435      5.359      7.773    12.8954 0.0000e+00
