Data/DataNotYetUploadedToEDI/Raw_CTD/RawDownloads/082222_bvr50_S7809001.cnv
* Sea-Bird SBE19plus  Data File:
* FileName = C:\R\Reservoirs\Data\DataNotYetUploadedToEDI\Raw_CTD\RawDownloads\082222_bvr50_S7809_0001.hex
* Software version 2.8.0.119
* Temperature SN = 7809
* Conductivity SN = 7809
* System UpLoad Time = Aug 23 2022 11:22:20
* <ApplicationData>
* <Seaterm232>
# nquan = 15
# nvalues = 1311                        
# units = specified
# name 0 = depFM: Depth [fresh water, m]
# name 1 = dz/dtM: Descent Rate [m/s]
# name 2 = sbeox0Mg/L: Oxygen, SBE 43 [mg/l]
# name 3 = sbeox0PS: Oxygen, SBE 43 [% saturation]
# name 4 = specc: Specific Conductance [uS/cm]
# name 5 = c0uS/cm: Conductivity [uS/cm]
# name 6 = flECO-AFL: Fluorescence, WET Labs ECO-AFL/FL [mg/m^3]
# name 7 = ph: pH
# name 8 = orp: Oxidation Reduction Potential [mV]
# name 9 = par/sat/log: PAR/Logarithmic, Satlantic
# name 10 = turbWETntu0: Turbidity, WET Labs ECO [NTU]
# name 11 = prdM: Pressure, Strain Gauge [db]
# name 12 = prdE: Pressure, Strain Gauge [psi]
# name 13 = tv290C: Temperature [ITS-90, deg C]
# name 14 = flag:  0.000e+00
# span 0 =     -0.765,      7.506       
# span 1 =     -4.252,      0.254       
# span 2 =     0.0268,     6.9841       
# span 3 =      0.275,     83.200       
# span 4 =      0.667,    304.783       
# span 5 =   0.615242, 215.361306       
# span 6 =    -0.2573,   107.6128       
# span 7 =      5.984,      7.842       
# span 8 = -1240.7440,   574.1692       
# span 9 = 1.2360e-01, 8.8202e+02       
# span 10 =    -1.2377,    39.0631      
# span 11 =     -0.751,      7.361      
# span 12 =     -1.089,     10.676      
# span 13 =     9.9890,    24.2041      
# span 14 = 0.0000e+00, 0.0000e+00      
# interval = seconds: 0.25
# start_time = Aug 22 2022 07:27:40 [Instrument's time stamp, header]
# bad_flag = -9.990e-29
*END*
[from data line 675]
      6.577      0.027     0.0957      0.865    153.210 108.114785     3.2835      7.425   -32.7119 1.2385e-01     5.2980      6.450      9.355    10.2920 0.0000e+00
      6.584      0.025     0.0973      0.845    153.296 108.162284     3.2825      7.426   -33.0251 1.2380e-01     4.8805      6.455      9.364    10.2905 0.0000e+00
      6.589      0.022     0.0979      0.823    153.470 108.276794     3.2882      7.428   -33.3528 1.2379e-01     4.6623      6.461      9.371    10.2889 0.0000e+00
      6.594      0.020     0.0980      0.814    153.677 108.417403     3.2952      7.428   -33.8351 1.2385e-01     4.6408      6.467      9.380    10.2861 0.0000e+00
      6.598      0.018     0.0978      0.801    153.747 108.462256     3.2920      7.429   -34.2956 1.2384e-01     4.5866      6.470      9.385    10.2805 0.0000e+00
      6.602      0.017     0.0951      0.781    153.717 108.437246     3.2739      7.430   -34.6189 1.2381e-01     4.4849      6.473      9.389    10.2755 0.0000e+00
      6.607      0.016     0.0910      0.780    153.803 108.496864     3.2604      7.430   -35.1637 1.2377e-01     4.4018      6.479      9.397    10.2736 0.0000e+00
      6.612      0.015     0.0916      0.788    153.959 108.610305     3.2618      7.431   -35.7204 1.2373e-01     4.3669      6.485      9.405    10.2720 0.0000e+00
      6.615      0.015     0.0911      0.789    154.021 108.663291     3.2485      7.433   -36.0155 1.2373e-01     4.4047      6.487      9.409    10.2701 0.0000e+00
      6.618      0.014     0.0857      0.802    154.038 108.692017     3.2079      7.435   -36.4088 1.2375e-01     4.4148      6.490      9.412    10.2689 0.0000e+00
      6.621      0.013     0.0872      0.819    154.209 108.830366     3.1780      7.435   -37.0342 1.2376e-01     4.3875      6.493      9.417    10.2687 0.0000e+00
      6.626      0.013     0.0893      0.817    154.440 108.999562     3.1783      7.435   -37.6400 1.2371e-01     4.4163      6.498      9.425    10.2694 0.0000e+00
      6.629      0.014     0.0875      0.811    154.473 109.019374     3.1784      7.437   -38.0547 1.2371e-01     4.5231      6.501      9.430    10.2722 0.0000e+00
      6.631      0.016     0.0894      0.801    154.438 109.006266     3.1631      7.439   -38.4356 1.2372e-01     4.6532      6.502      9.431    10.2777 0.0000e+00
      6.633      0.020     0.0934      0.772    154.589 109.159301     3.1516      7.441   -38.9751 1.2373e-01     4.6921      6.505      9.434    10.2861 0.0000e+00
      6.638      0.027     0.0914      0.767    154.759 109.342292     3.1552      7.443   -39.5869 1.2377e-01     4.6858      6.509      9.440    10.2877 0.0000e+00
      6.644      0.037     0.0904      0.789    154.929 109.500452     3.2405      7.445   -40.0693 1.2380e-01     4.7825      6.514      9.448    10.2837 0.0000e+00
      6.654      0.047     0.0922      0.794    155.355 109.798723     3.4001      7.446   -40.3331 1.2381e-01     4.9729      6.524      9.464    10.2840 0.0000e+00
      6.667      0.054     0.0845      0.784    155.615 109.957297     3.4863      7.445   -40.5392 1.2382e-01     5.0746      6.536      9.481    10.3001 0.0000e+00
      6.686      0.058     0.0840      0.782    155.627 109.953879     3.4923      7.443   -40.8409 1.2387e-01     5.0561      6.555      9.507    10.3291 0.0000e+00
      6.708      0.058     0.0899      0.780    155.958 110.202913     3.5156      7.443   -41.3133 1.2390e-01     5.0563      6.580      9.544    10.3417 0.0000e+00
      6.726      0.056     0.0897      0.777    156.597 110.677035     3.5599      7.445   -41.8637 1.2384e-01     5.1110      6.598      9.570    10.3383 0.0000e+00
      6.736      0.053     0.0870      0.788    157.095 111.040135     3.5869      7.447   -42.3327 1.2377e-01     5.1719      6.607      9.582    10.3255 0.0000e+00
      6.744      0.048     0.0876      0.782    157.279 111.156073     3.5995      7.447   -42.7692 1.2375e-01     5.2113      6.613      9.591    10.3189 0.0000e+00
      6.754      0.043     0.0881      0.756    157.386 111.187716     3.5627      7.446   -43.1831 1.2373e-01     5.2113      6.623      9.606    10.3286 0.0000e+00
      6.767      0.040     0.0851      0.757    157.433 111.168085     3.4752      7.446   -43.5513 1.2372e-01     5.1724      6.638      9.626    10.3367 0.0000e+00
      6.780      0.038     0.0894      0.780    157.580 111.236903     3.4318      7.447   -43.8655 1.2374e-01     5.1513      6.650      9.644    10.3417 0.0000e+00
      6.790      0.037     0.0896      0.794    158.190 111.637818     3.4301      7.448   -44.2286 1.2379e-01     5.1609      6.660      9.659    10.3395 0.0000e+00
      6.796      0.034     0.0824      0.800    158.776 112.005424     3.4208      7.448   -44.6722 1.2381e-01     5.1518      6.664      9.665    10.3219 0.0000e+00
      6.802      0.033     0.0837      0.783    158.812 111.989714     3.4191      7.448   -44.9274 1.2386e-01     5.1431      6.670      9.673    10.3003 0.0000e+00
      6.811      0.033     0.0889      0.753    158.591 111.829750     3.4265      7.449   -45.0770 1.2388e-01     5.1585      6.680      9.688    10.2914 0.0000e+00
      6.820      0.034     0.0884      0.749    158.688 111.917253     3.4183      7.451   -45.4475 1.2379e-01     5.1675      6.688      9.701    10.2877 0.0000e+00
      6.828      0.036     0.0911      0.755    159.189 112.283873     3.4119      7.451   -45.8800 1.2375e-01     5.1833      6.696      9.713    10.2692 0.0000e+00
      6.838      0.036     0.0891      0.741    159.589 112.570622     3.4406      7.450   -46.1766 1.2382e-01     5.2473      6.706      9.726    10.2496 0.0000e+00
      6.848      0.035     0.0822      0.720    159.607 112.583537     3.4731      7.450   -46.5386 1.2385e-01     5.3261      6.715      9.740    10.2520 0.0000e+00
      6.859      0.035     0.0834      0.703    159.498 112.503672     3.4814      7.451   -46.9875 1.2384e-01     5.3496      6.727      9.756    10.2627 0.0000e+00
      6.869      0.036     0.0864      0.704    159.573 112.559798     3.4823      7.452   -47.3018 1.2381e-01     5.3616      6.738      9.772    10.2657 0.0000e+00
      6.875      0.038     0.0829      0.724    159.744 112.689267     3.4753      7.454   -47.4999 1.2374e-01     5.5401      6.742      9.778    10.2664 0.0000e+00
      6.880      0.043     0.0808      0.741    159.813 112.732322     3.4726      7.456   -47.6624 1.2373e-01     5.8332      6.745      9.782    10.2679 0.0000e+00
      6.891      0.048     0.0782      0.750    159.964 112.825737     3.4829      7.457   -47.8029 1.2378e-01     6.0021      6.756      9.798    10.2645 0.0000e+00
      6.906      0.054     0.0773      0.750    160.926 113.500430     3.4834      7.458   -47.9954 1.2375e-01     6.0454      6.772      9.822    10.2645 0.0000e+00
      6.924      0.060     0.0823      0.739    162.585 114.651410     3.4781      7.458   -48.2688 1.2367e-01     5.8094      6.790      9.849    10.2722 0.0000e+00
      6.942      0.062     0.0830      0.734    163.846 115.474340     3.4775      7.458   -48.6135 1.2371e-01     5.3353      6.808      9.873    10.2692 0.0000e+00
      6.958      0.060     0.0845      0.744    164.995 116.192942     3.4751      7.458   -48.9794 1.2376e-01     5.1291      6.823      9.896    10.2603 0.0000e+00
      6.974      0.056     0.0847      0.743    166.566 117.227875     3.4740      7.458   -49.2509 1.2379e-01     5.1953      6.840      9.921    10.2632 0.0000e+00
      6.989      0.052     0.0827      0.722    167.810 118.055285     3.4808      7.459   -49.4024 1.2385e-01     5.3507      6.854      9.943    10.2644 0.0000e+00
      6.999      0.048     0.0812      0.720    168.489 118.492964     3.4918      7.460   -49.5203 1.2385e-01     5.5727      6.864      9.956    10.2393 0.0000e+00
      7.009      0.046     0.0839      0.728    169.106 118.890423     3.4979      7.461   -49.7291 1.2378e-01     5.6927      6.873      9.968    10.2046 0.0000e+00
      7.020      0.045     0.0858      0.723    169.818 119.358792     3.5054      7.463   -50.0345 1.2375e-01     5.6748      6.884      9.985    10.1845 0.0000e+00
      7.032      0.048     0.0791      0.720    170.613 119.889653     3.5491      7.466   -50.4594 1.2380e-01     5.6306      6.896     10.002    10.1725 0.0000e+00
      7.042      0.055     0.0804      0.706    171.743 120.660543     3.6185      7.467   -50.9085 1.2381e-01     5.6018      6.906     10.016    10.1605 0.0000e+00
      7.055      0.062     0.0834      0.677    173.033 121.547365     3.6536      7.466   -51.1627 1.2379e-01     5.5656      6.917     10.031    10.1496 0.0000e+00
      7.071      0.067     0.0801      0.657    173.817 122.078765     3.6483      7.466   -51.3816 1.2380e-01     5.5342      6.932     10.054    10.1407 0.0000e+00
      7.092      0.069     0.0818      0.662    174.440 122.500460     3.6213      7.466   -51.6623 1.2376e-01     5.4612      6.953     10.085    10.1319 0.0000e+00
      7.116      0.069     0.0802      0.683    176.006 123.589074     3.5932      7.466   -51.8039 1.2374e-01     5.3660      6.979     10.122    10.1254 0.0000e+00
      7.137      0.067     0.0756      0.692    178.731 125.496579     3.5922      7.466   -51.8034 1.2375e-01     5.3741      7.002     10.156    10.1203 0.0000e+00
      7.152      0.063     0.0728      0.692    181.101 127.156423     3.6087      7.466   -51.9138 1.2371e-01     5.4224      7.015     10.174    10.1142 0.0000e+00
      7.162      0.059     0.0735      0.702    181.565 127.479042     3.6431      7.466   -52.2792 1.2369e-01     5.5063      7.024     10.187    10.1093 0.0000e+00
      7.174      0.056     0.0779      0.704    181.212 127.231680     3.6917      7.467   -52.8657 1.2379e-01     5.6364      7.035     10.203    10.1066 0.0000e+00
      7.188      0.056     0.0789      0.692    181.658 127.541789     3.7130      7.469   -53.5833 1.2384e-01     5.6629      7.049     10.223    10.1047 0.0000e+00
      7.204      0.061     0.0764      0.689    182.858 128.361955     3.7100      7.471   -54.2451 1.2374e-01     5.6225      7.065     10.246    10.1041 0.0000e+00
      7.220      0.066     0.0797      0.691    184.097 129.185225     3.7051      7.472   -54.6722 1.2367e-01     5.5916      7.080     10.269    10.1029 0.0000e+00
      7.236      0.068     0.0804      0.688    184.575 129.468891     3.7707      7.472   -54.8758 1.2370e-01     5.5974      7.096     10.293    10.1030 0.0000e+00
      7.255      0.068     0.0767      0.689    184.305 129.243446     3.9119      7.472   -55.0722 1.2373e-01     5.6919      7.112     10.316    10.1048 0.0000e+00
      7.276      0.064     0.0773      0.689    183.981 129.007648     3.9968      7.473   -55.4124 1.2373e-01     5.7781      7.135     10.348    10.0995 0.0000e+00
      7.296      0.058     0.0784      0.674    183.927 128.975046     4.0153      7.473   -55.7192 1.2370e-01     5.7857      7.159     10.384    10.0844 0.0000e+00
      7.311      0.050     0.0769      0.653    184.026 129.040392     4.0028      7.474   -55.9427 1.2370e-01     5.6812      7.173     10.403    10.0679 0.0000e+00
      7.319      0.040     0.0773      0.641    184.129 129.096963     3.9618      7.474   -56.3072 1.2376e-01     5.5051      7.176     10.409    10.0568 0.0000e+00
      7.326      0.031     0.0789      0.654    184.320 129.213078     3.9356      7.474   -56.7711 1.2383e-01     5.3986      7.184     10.420    10.0557 0.0000e+00
      7.332      0.024     0.0756      0.672    184.827 129.552405     3.9353      7.475   -57.1639 1.2388e-01     5.3498      7.191     10.430    10.0612 0.0000e+00
      7.336      0.020     0.0737      0.678    185.597 130.078006     3.9335      7.476   -57.5291 1.2384e-01     5.3596      7.194     10.435    10.0590 0.0000e+00
      7.340      0.018     0.0703      0.677    186.376 130.598721     3.9144      7.476   -57.9171 1.2378e-01     5.4149      7.197     10.440    10.0537 0.0000e+00
      7.344      0.017     0.0738      0.673    187.099 131.070001     3.8962      7.477   -58.2416 1.2374e-01     5.4377      7.202     10.446    10.0491 0.0000e+00
      7.348      0.016     0.0767      0.674    187.770 131.507432     3.8967      7.478   -58.6136 1.2373e-01     5.4306      7.206     10.452    10.0436 0.0000e+00
      7.353      0.016     0.0764      0.673    188.330 131.873649     3.8783      7.480   -59.1450 1.2374e-01     5.4655      7.211     10.459    10.0423 0.0000e+00
      7.357      0.016     0.0768      0.673    188.809 132.184695     3.8238      7.481   -59.6765 1.2374e-01     5.5514      7.215     10.465    10.0355 0.0000e+00
      7.361      0.015     0.0750      0.667    189.243 132.464718     3.7873      7.482   -60.2219 1.2372e-01     5.5811      7.219     10.470    10.0236 0.0000e+00
      7.365      0.014     0.0769      0.649    189.710 132.774380     3.7694      7.483   -60.9214 1.2374e-01     5.5517      7.222     10.475    10.0152 0.0000e+00
      7.368      0.014     0.0752      0.631    190.578 133.380050     3.6904      7.484   -61.6805 1.2375e-01     5.3673      7.226     10.480    10.0091 0.0000e+00
      7.371      0.014     0.0763      0.623    191.881 134.307864     3.5567      7.486   -62.2588 1.2373e-01     5.0250      7.228     10.484    10.0026 0.0000e+00
      7.374      0.014     0.0761      0.637    193.305 135.326319     3.4757      7.486   -62.6656 1.2373e-01     4.8282      7.232     10.489     9.9958 0.0000e+00
      7.379      0.015     0.0729      0.658    194.165 135.944158     3.4600      7.487   -63.0721 1.2372e-01     4.7990      7.236     10.495     9.9902 0.0000e+00
      7.383      0.015     0.0712      0.663    193.553 135.532854     3.4508      7.488   -63.4738 1.2365e-01     4.8077      7.240     10.501     9.9890 0.0000e+00
      7.386      0.014     0.0689      0.645    192.113 134.559284     3.4387      7.489   -63.9098 1.2360e-01     4.8656      7.245     10.506     9.9948 0.0000e+00
      7.390      0.013     0.0714      0.623    191.110 133.922926     3.4303      7.490   -64.3852 1.2365e-01     4.9187      7.247     10.511    10.0019 0.0000e+00
      7.394      0.012     0.0753      0.616    190.771 133.765119     3.4240      7.492   -64.7467 1.2374e-01     4.9366      7.251     10.517    10.0050 0.0000e+00
      7.397      0.010     0.0756      0.616    190.926 133.925786     3.4294      7.492   -65.0974 1.2379e-01     4.9457      7.255     10.522    10.0084 0.0000e+00
      7.399      0.009     0.0733      0.621    191.304 134.208816     3.4371      7.493   -65.5281 1.2377e-01     4.9610      7.256     10.524    10.0146 0.0000e+00
      7.401      0.007     0.0689      0.617    191.559 134.383431     3.4344      7.493   -65.8249 1.2375e-01     4.9846      7.258     10.526    10.0335 0.0000e+00
      7.402      0.005     0.0694      0.592    191.402 134.252782     3.4295      7.494   -66.0193 1.2378e-01     4.9576      7.259     10.528    10.0608 0.0000e+00
      7.403      0.004     0.0691      0.587    190.767 133.776147     3.4030      7.495   -66.2428 1.2380e-01     4.8058      7.260     10.530    10.0733 0.0000e+00
      7.404      0.004     0.0695      0.611    189.910 133.144713     3.3551      7.497   -66.4625 1.2382e-01     4.5836      7.261     10.531    10.0765 0.0000e+00
      7.405      0.004     0.0717      0.630    189.785 133.053905     3.3246      7.498   -66.7825 1.2386e-01     4.4570      7.261     10.532    10.0754 0.0000e+00
      7.406      0.004     0.0649      0.626    192.741 135.163244     3.3172      7.499   -67.2733 1.2387e-01     4.4366      7.263     10.533    10.0693 0.0000e+00
      7.407      0.005     0.0646      0.613    205.432 144.119024     3.3413      7.499   -67.7507 1.2385e-01     4.5426      7.264     10.535    10.0609 0.0000e+00
      7.407      0.006     0.0693      0.613    224.358 157.426078     3.3913      7.498   -68.1664 1.2382e-01     4.7472      7.264     10.535    10.0494 0.0000e+00
