Data/DataNotYetUploadedToEDI/Raw_CTD/RawDownloads/082223_bvr50_S7809003.cnv
* Sea-Bird SBE19plus  Data File:
* FileName = C:\R\Reservoirs\Data\DataNotYetUploadedToEDI\Raw_CTD\RawDownloads\081423_fcr50_S7809_0003.hex
* Software version 2.8.0.119
* Temperature SN = 7809
* Conductivity SN = 7809
* System UpLoad Time = Aug 30 2023 10:54:39
* <ApplicationData>
* <Seaterm232>
# nquan = 15
# nvalues = 1299                        
# units = specified
# name 0 = depFM: Depth [fresh water, m]
# name 1 = dz/dtM: Descent Rate [m/s]
# name 2 = sbeox0Mg/L: Oxygen, SBE 43 [mg/l]
# name 3 = sbeox0PS: Oxygen, SBE 43 [% saturation]
# name 4 = specc: Specific Conductance [uS/cm]
# name 5 = c0uS/cm: Conductivity [uS/cm]
# name 6 = flECO-AFL: Fluorescence, WET Labs ECO-AFL/FL [mg/m^3]
# name 7 = ph: pH
# name 8 = orp: Oxidation Reduction Potential [mV]
# name 9 = par/sat/log: PAR/Logarithmic, Satlantic
# name 10 = turbWETntu0: Turbidity, WET Labs ECO [NTU]
# name 11 = prdM: Pressure, Strain Gauge [db]
# name 12 = prdE: Pressure, Strain Gauge [psi]
# name 13 = tv290C: Temperature [ITS-90, deg C]
# name 14 = flag:  0.000e+00
# span 0 =     -0.710,      9.377       
# span 1 =     -0.462,      0.101       
# span 2 =     0.0741,     8.9463       
# span 3 =      0.772,    110.272       
# span 4 =      0.813,    199.516       
# span 5 =   0.857134, 136.955426       
# span 6 =    -0.2544,    57.4106       
# span 7 =     -1.995,      9.233       
# span 8 = -1240.7455,   898.5002       
# span 9 = 1.2352e-01, 1.1517e+03       
# span 10 =     0.1474,    20.1876      
# span 11 =     -0.697,      9.199      
# span 12 =     -1.011,     13.340      
# span 13 =     9.3144,    27.7140      
# span 14 = 0.0000e+00, 0.0000e+00      
# interval = seconds: 0.25
# start_time = Aug 22 2023 10:31:30 [Instrument's time stamp, header]
# bad_flag = -9.990e-29
*END*
[from data line 1157]
      9.328      0.022     0.1215      1.048    199.516 136.955426     1.5310      6.704   -88.2903 1.2370e-01     3.2225      9.147     13.268     9.3352 0.0000e+00
      9.333      0.022     0.1190      1.057    198.706 136.387176     1.5425      6.705   -88.8111 1.2367e-01     3.1604      9.152     13.274     9.3345 0.0000e+00
      9.339      0.022     0.1182      1.073    198.371 136.152284     1.5480      6.706   -89.2051 1.2367e-01     3.1674      9.157     13.281     9.3287 0.0000e+00
      9.345      0.022     0.1211      1.068    199.117 136.666056     1.5476      6.707   -89.6988 1.2367e-01     3.2396      9.164     13.292     9.3234 0.0000e+00
      9.353      0.020     0.1196      1.050    198.744 136.413630     1.5457      6.708   -90.2203 1.2372e-01     3.3157      9.173     13.304     9.3196 0.0000e+00
      9.361      0.016     0.1200      1.037    196.982 135.204422     1.5511      6.708   -90.6058 1.2374e-01     3.3013      9.181     13.315     9.3161 0.0000e+00
      9.365      0.012     0.1251      1.043    196.576 134.926404     1.5546      6.708   -90.8328 1.2372e-01     3.2711      9.185     13.322     9.3144 0.0000e+00
      9.365      0.010     0.1225      1.046    197.831 135.794155     1.5454      6.709   -90.8992 1.2367e-01     3.2576      9.184     13.320     9.3157 0.0000e+00
      9.363      0.009     0.1206      1.041    198.495 136.259103     1.5319      6.710   -90.9787 1.2362e-01     3.2758      9.181     13.316     9.3173 0.0000e+00
      9.363      0.008     0.1173      1.067    197.478 135.574380     1.5169      6.710   -91.4501 1.2367e-01     3.3197      9.181     13.316     9.3167 0.0000e+00
      9.368      0.004     0.1196      1.081    193.874 133.126630     1.5138      6.710   -92.4684 1.2367e-01     3.3444      9.186     13.322     9.3162 0.0000e+00
      9.373     -0.005     0.1222      1.046    188.039 129.169917     1.5110      6.710   -93.5694 1.2360e-01     3.3352      9.193     13.333     9.3185 0.0000e+00
      9.377     -0.024     0.1156      1.013    181.799 124.964967     1.4996      6.711   -94.3506 1.2360e-01     3.2431      9.199     13.340     9.3205 0.0000e+00
      9.374     -0.058     0.1230      1.001    175.008 120.401336     1.5010      6.713   -94.6006 1.2361e-01     3.1187      9.196     13.337     9.3230 0.0000e+00
      9.362     -0.108     0.1279      0.980    168.709 116.176447     1.4935      6.715   -94.3558 1.2366e-01     3.0597      9.184     13.320     9.3296 0.0000e+00
      9.337     -0.169     0.1185      0.954    164.667 113.512197     1.4763      6.717   -94.1438 1.2373e-01     3.0431      9.164     13.290     9.3410 0.0000e+00
      9.292     -0.231     0.1148      0.953    162.023 111.822164     1.5003      6.720   -94.1878 1.2372e-01     3.0543      9.123     13.232     9.3642 0.0000e+00
      9.220     -0.277     0.1154      0.977    160.056 110.583202     1.5515      6.724   -94.3720 1.2365e-01     3.0924      9.051     13.127     9.3982 0.0000e+00
      9.122     -0.294     0.1129      0.996    158.809 109.805239     1.5706      6.728   -94.5645 1.2360e-01     3.0954      8.951     12.983     9.4283 0.0000e+00
      9.012     -0.282     0.1074      0.986    158.009 109.294127     1.5731      6.731   -94.5355 1.2359e-01     3.0904      8.834     12.814     9.4622 0.0000e+00
      8.914     -0.253     0.1076      0.967    157.283 108.797638     1.5650      6.734   -94.4523 1.2358e-01     3.0991      8.725     12.654     9.5085 0.0000e+00
      8.856     -0.225     0.1115      0.967    156.316 108.132619     1.5308      6.737   -94.5045 1.2360e-01     3.0646      8.667     12.569     9.5471 0.0000e+00
      8.840     -0.210     0.1154      0.979    155.611 107.685136     1.5096      6.740   -94.3925 1.2366e-01     3.0138      8.665     12.568     9.5736 0.0000e+00
      8.832     -0.216     0.1130      1.003    155.456 107.653732     1.5078      6.742   -94.3021 1.2370e-01     2.9973      8.674     12.581     9.5876 0.0000e+00
      8.794     -0.242     0.1080      1.026    155.109 107.498304     1.5097      6.743   -94.3581 1.2371e-01     3.0026      8.642     12.534     9.5845 0.0000e+00
      8.714     -0.282     0.1110      1.047    154.393 107.079526     1.5245      6.744   -94.2101 1.2369e-01     3.0099      8.556     12.409     9.5801 0.0000e+00
      8.608     -0.323     0.1099      1.064    153.418 106.474706     1.5365      6.746   -94.1468 1.2372e-01     3.0178      8.442     12.244     9.5935 0.0000e+00
      8.498     -0.355     0.1149      1.061    151.499 105.215881     1.5469      6.747   -94.3664 1.2379e-01     3.0291      8.328     12.079     9.6224 0.0000e+00
      8.402     -0.371     0.1169      1.045    148.802 103.447231     1.5909      6.750   -94.5432 1.2377e-01     3.0098      8.233     11.941     9.6515 0.0000e+00
      8.320     -0.376     0.1183      1.025    147.081 102.407771     1.6527      6.752   -94.5637 1.2369e-01     2.9556      8.160     11.834     9.6760 0.0000e+00
      8.238     -0.376     0.1229      1.019    146.538 102.197914     1.6786      6.754   -94.6139 1.2366e-01     2.9203      8.086     11.728     9.6990 0.0000e+00
      8.141     -0.382     0.1201      1.002    145.520 101.610352     1.6795      6.755   -94.8059 1.2371e-01     2.9238      7.988     11.586     9.7198 0.0000e+00
      8.034     -0.398     0.1199      0.968    143.644 100.396375     1.6974      6.757   -94.9926 1.2376e-01     2.9633      7.876     11.423     9.7488 0.0000e+00
      7.929     -0.420     0.1143      0.953    142.258  99.551034     1.7195      6.759   -95.0645 1.2376e-01     2.9886      7.774     11.275     9.8087 0.0000e+00
      7.827     -0.437     0.1161      0.962    141.858  99.410122     1.7225      6.761   -95.0725 1.2367e-01     2.9908      7.680     11.139     9.8775 0.0000e+00
      7.716     -0.443     0.1150      0.974    141.590  99.329333     1.7252      6.763   -95.1755 1.2359e-01     3.0245      7.575     10.987     9.9152 0.0000e+00
      7.590     -0.445     0.1076      0.971    141.140  99.083560     1.7519      6.765   -95.2773 1.2361e-01     3.0203      7.444     10.797     9.9374 0.0000e+00
      7.465     -0.447     0.1068      0.958    140.015  98.348129     1.7868      6.766   -95.2711 1.2365e-01     2.9392      7.313     10.608     9.9837 0.0000e+00
      7.353     -0.450     0.1079      0.949    138.148  97.120365     1.8055      6.767   -95.4441 1.2364e-01     2.8974      7.207     10.453    10.0430 0.0000e+00
      7.250     -0.447     0.1110      0.961    136.476  96.077168     1.8127      6.768   -95.6488 1.2362e-01     2.9252      7.112     10.315    10.0788 0.0000e+00
      7.143     -0.439     0.1096      0.981    135.792  95.727173     1.8412      6.770   -95.9388 1.2360e-01     2.9341      7.010     10.167    10.1012 0.0000e+00
      7.025     -0.434     0.1077      0.978    135.985  95.943449     1.8830      6.771   -96.6279 1.2360e-01     2.9027      6.890      9.993    10.1154 0.0000e+00
      6.905     -0.435     0.1058      0.968    134.850  95.192023     1.9019      6.773   -97.0116 1.2366e-01     2.8869      6.764      9.812    10.1378 0.0000e+00
      6.795     -0.440     0.1067      0.967    132.263  93.450875     1.9116      6.777   -96.8787 1.2424e-01     2.9140      6.658      9.657    10.1984 0.0000e+00
      6.694     -0.442     0.1124      0.962    131.000  92.709601     1.9167      6.779   -96.9994 1.3041e-01     2.9227      6.568      9.526    10.2544 0.0000e+00
      6.587     -0.441     0.1093      0.957    130.989  92.847671     1.9551      6.781   -97.5247 1.6262e-01     2.8896      6.466      9.379    10.2804 0.0000e+00
      6.467     -0.444     0.1075      0.956    129.226  91.684359     2.0436      6.784   -97.8094 2.3818e-01     2.8559      6.343      9.200    10.2879 0.0000e+00
      6.344     -0.452     0.1094      0.951    125.507  89.142125     2.0885      6.788   -97.5167 3.2825e-01     2.8220      6.215      9.014    10.3114 0.0000e+00
      6.232     -0.458     0.1070      0.934    123.279  87.750068     2.0900      6.791   -96.9969 4.1113e-01     2.8222      6.109      8.860    10.3840 0.0000e+00
      6.123     -0.456     0.1069      0.913    123.265  87.959540     2.2279      6.796   -96.6005 5.0000e-01     2.8580      6.014      8.722    10.4522 0.0000e+00
      6.002     -0.450     0.1066      0.900    122.937  87.858166     2.5070      6.799   -96.5101 5.8720e-01     2.9134      5.888      8.541    10.4732 0.0000e+00
      5.876     -0.446     0.1069      0.896    119.188  85.252222     2.6756      6.802   -96.6779 6.7001e-01     2.9456      5.755      8.347    10.4890 0.0000e+00
      5.763     -0.448     0.1040      0.896    112.496  80.620637     2.7102      6.807   -96.7371 7.5242e-01     2.9399      5.647      8.189    10.5810 0.0000e+00
      5.661     -0.448     0.1008      0.907    108.335  77.968002     2.8505      6.815   -96.7086 8.4241e-01     2.9122      5.554      8.055    10.6964 0.0000e+00
      5.556     -0.444     0.0995      0.926    107.738  77.919092     3.1067      6.824   -97.7107 9.7518e-01     2.8500      5.455      7.911    10.7424 0.0000e+00
      5.436     -0.441     0.0993      0.926    106.695  77.422840     3.2456      6.833   -99.6467 1.1427e+00     2.8364      5.333      7.735    10.7499 0.0000e+00
      5.313     -0.446     0.0990      0.917    102.115  74.257037     3.2806      6.841  -100.5002 1.3028e+00     2.8849      5.204      7.549    10.7932 0.0000e+00
      5.199     -0.456     0.0989      0.911     94.073  68.630442     3.4811      6.850   -99.9432 1.4584e+00     2.9580      5.094      7.389    10.9712 0.0000e+00
      5.094     -0.462     0.1032      0.902     85.897  63.102565     3.8298      6.857   -99.1059 1.6357e+00     3.0372      4.998      7.250    11.1898 0.0000e+00
      4.981     -0.460     0.1016      0.904     81.062  60.229370     4.0168      6.862   -98.4640 1.8708e+00     3.0574      4.890      7.093    11.3009 0.0000e+00
      4.855     -0.455     0.0994      0.894     80.155  60.259415     4.0446      6.869   -97.8610 2.1870e+00     3.0310      4.763      6.909    11.3466 0.0000e+00
      4.725     -0.454     0.1007      0.866     78.150  59.210687     4.2415      6.878   -97.3215 2.5859e+00     3.0253      4.631      6.715    11.4325 0.0000e+00
      4.605     -0.456     0.0963      0.850     71.790  54.726617     4.6158      6.886   -97.0171 3.0342e+00     3.0568      4.507      6.537    11.6819 0.0000e+00
      4.502     -0.453     0.0981      0.845     65.832  50.694295     4.8336      6.892   -96.7614 3.5324e+00     3.1047      4.414      6.402    12.1409 0.0000e+00
      4.402     -0.443     0.0962      0.824     64.249  50.150372     4.8853      6.897   -97.4998 4.2521e+00     3.0925      4.326      6.274    12.6580 0.0000e+00
      4.284     -0.433     0.0904      0.783     64.746  51.072566     5.0580      6.902   -99.0615 5.3752e+00     3.0111      4.206      6.100    12.9278 0.0000e+00
      4.157     -0.430     0.0888      0.772     62.993  49.971103     5.3401      6.907   -99.2967 6.8754e+00     2.9737      4.070      5.901    13.0530 0.0000e+00
      4.045     -0.433     0.0887      0.815     58.568  46.737377     5.4836      6.912   -98.1931 8.5499e+00     3.0168      3.958      5.741    13.4491 0.0000e+00
      3.950     -0.433     0.0868      0.866     54.681  44.163622     5.5188      6.917   -96.8170 1.0375e+01     3.0541      3.877      5.624    14.0722 0.0000e+00
      3.849     -0.423     0.0779      0.859     52.709  43.294579     5.6165      6.919   -95.8223 1.2602e+01     3.0489      3.785      5.488    14.5315 0.0000e+00
      3.733     -0.411     0.0760      0.818     52.071  43.403711     6.5559      6.919   -96.0603 1.5175e+01     3.1247      3.662      5.311    14.6690 0.0000e+00
      3.613     -0.408     0.0815      0.811     50.873  42.754502     8.2960      6.919   -96.7698 1.7653e+01     3.2869      3.536      5.128    14.7942 0.0000e+00
      3.509     -0.415     0.0900      0.820     48.209  40.776522     9.2437      6.922   -96.3984 1.9745e+01     3.4053      3.432      4.979    15.3148 0.0000e+00
      3.423     -0.422     0.0866      0.816     45.691  39.100397     9.3757      6.926   -95.1839 2.1840e+01     3.4968      3.358      4.869    16.1104 0.0000e+00
      3.333     -0.423     0.0764      0.813     44.018  38.292342     9.9502      6.927   -94.1314 2.4952e+01     3.5736      3.281      4.758    16.8045 0.0000e+00
      3.218     -0.419     0.0781      0.848     43.361  38.305080    10.9795      6.926   -93.4805 2.9207e+01     3.6163      3.164      4.589    17.0674 0.0000e+00
      3.087     -0.415     0.0799      1.053     43.537  38.811072    11.5327      6.923   -92.8208 3.3669e+01     3.6373      3.023      4.384    17.1681 0.0000e+00
      2.964     -0.414     0.0775      1.642     43.236  38.635960    11.5702      6.923   -91.4891 3.7541e+01     3.6570      2.896      4.200    17.7211 0.0000e+00
      2.865     -0.411     0.0757      2.685     41.577  37.203090    11.4417      6.928   -89.3382 4.0575e+01     3.7176      2.801      4.062    18.5291 0.0000e+00
      2.785     -0.404     0.0741      4.001     39.397  35.510038    11.1865      6.932   -87.1207 4.3732e+01     3.7553      2.735      3.968    19.2671 0.0000e+00
      2.698     -0.396     0.0827      5.401     37.931  34.663522    11.0387      6.931   -86.7022 4.8271e+01     3.7037      2.656      3.853    19.7016 0.0000e+00
      2.589     -0.393     0.1330      7.103     37.392  34.645972    10.9789      6.930   -86.7740 5.4238e+01     3.6398      2.542      3.686    19.7005 0.0000e+00
      2.471     -0.401     0.2370      9.782     36.827  34.410266    10.5301      6.933   -83.6009 6.0627e+01     3.6649      2.418      3.507    19.6101 0.0000e+00
      2.363     -0.415     0.3647     13.927     35.489  33.336519     9.7233      6.938   -78.8811 6.6222e+01     3.7686      2.309      3.350    19.9496 0.0000e+00
      2.269     -0.425     0.4803     19.248     34.198  32.385502     9.2727      6.945   -75.3933 7.1572e+01     3.8006      2.224      3.225    20.7028 0.0000e+00
      2.174     -0.429     0.5964     25.017     33.447  32.047644     9.1603      6.950   -72.6624 7.8625e+01     3.7111      2.141      3.105    21.4426 0.0000e+00
      2.061     -0.426     0.8062     31.097     33.067  32.043351     8.5471      6.946   -70.2117 8.8055e+01     3.6771      2.027      2.940    21.7939 0.0000e+00
      1.936     -0.421     1.1805     38.266     32.997  32.207254     7.4441      6.935   -68.5617 9.9175e+01     3.7644      1.898      2.753    21.8832 0.0000e+00
      1.812     -0.416     1.6646     46.859     33.016  32.316907     6.8434      6.926   -68.1145 1.1135e+02     3.8442      1.772      2.570    22.2738 0.0000e+00
      1.705     -0.412     2.1514     55.784     32.891  32.227396     6.7772      6.928   -67.6434 1.2097e+02     3.8221      1.661      2.409    22.9218 0.0000e+00
      1.620     -0.408     2.6049     63.546     32.587  32.013134     6.7275      6.936   -65.6188 1.2689e+02     3.7359      1.588      2.303    23.5272 0.0000e+00
      1.538     -0.405     3.1697     69.405     32.277  31.883284     6.5088      6.941   -62.4774 1.3692e+02     3.7247      1.518      2.201    23.8850 0.0000e+00
      1.436     -0.404     3.9357     73.645     32.070  31.862971     6.1387      6.936   -61.2379 1.5170e+02     3.7897      1.416      2.052    23.9693 0.0000e+00
      1.316     -0.409     4.7402     77.225     31.995  31.894688     5.9400      6.926   -62.8504 1.6660e+02     3.8040      1.291      1.873    23.9550 0.0000e+00
      1.194     -0.421     5.4071     80.685     31.950  31.886311     5.8950      6.928   -63.9051 1.8151e+02     3.7274      1.164      1.689    24.0373 0.0000e+00
      1.088     -0.434     5.8540     83.623     31.854  31.825170     5.6622      6.943   -62.6330 1.9254e+02     3.6146      1.058      1.535    24.3823 0.0000e+00
