Data/DataNotYetUploadedToEDI/Raw_CTD/RawDownloads/082223_fcr50_S7809004.cnv
* Sea-Bird SBE19plus  Data File:
* FileName = C:\R\Reservoirs\Data\DataNotYetUploadedToEDI\Raw_CTD\RawDownloads\081423_fcr50_S7809_0004.hex
* Software version 2.8.0.119
* Temperature SN = 7809
* Conductivity SN = 7809
* System UpLoad Time = Aug 30 2023 10:55:02
* <ApplicationData>
* <Seaterm232>
# nquan = 15
# nvalues = 842                         
# units = specified
# name 0 = depFM: Depth [fresh water, m]
# name 1 = dz/dtM: Descent Rate [m/s]
# name 2 = sbeox0Mg/L: Oxygen, SBE 43 [mg/l]
# name 3 = sbeox0PS: Oxygen, SBE 43 [% saturation]
# name 4 = specc: Specific Conductance [uS/cm]
# name 5 = c0uS/cm: Conductivity [uS/cm]
# name 6 = flECO-AFL: Fluorescence, WET Labs ECO-AFL/FL [mg/m^3]
# name 7 = ph: pH
# name 8 = orp: Oxidation Reduction Potential [mV]
# name 9 = par/sat/log: PAR/Logarithmic, Satlantic
# name 10 = turbWETntu0: Turbidity, WET Labs ECO [NTU]
# name 11 = prdM: Pressure, Strain Gauge [db]
# name 12 = prdE: Pressure, Strain Gauge [psi]
# name 13 = tv290C: Temperature [ITS-90, deg C]
# name 14 = flag:  0.000e+00
# span 0 =     -0.640,      9.489       
# span 1 =     -0.566,      0.207       
# span 2 =    -0.1046,    10.9661       
# span 3 =     -0.731,    136.327       
# span 4 =      0.712,    362.397       
# span 5 =   0.819041, 264.064249       
# span 6 =    -0.1469,    31.1095       
# span 7 =     -1.859,      9.366       
# span 8 = -1240.7455,   486.7431       
# span 9 = 1.2338e-01, 4.1161e+02       
# span 10 =     1.0168,   319.8263      
# span 11 =     -0.628,      9.306      
# span 12 =     -0.911,     13.496      
# span 13 =    11.4294,    32.5893      
# span 14 = 0.0000e+00, 0.0000e+00      
# interval = seconds: 0.25
# start_time = Aug 22 2023 13:10:39 [Instrument's time stamp, header]
# bad_flag = -9.990e-29
*END*
[from data line 193]
      0.284      0.075    10.3772    126.579     43.582  45.175795     5.3649      8.796   176.0428 1.3956e+02     6.5297      0.278      0.403    26.8471 0.0000e+00
      0.300      0.072    10.2712    126.123     43.576  45.159065     5.3676      8.794   175.6437 1.3641e+02     6.5258      0.294      0.426    26.8514 0.0000e+00
      0.318      0.070    10.2084    125.790     43.551  45.120823     5.3557      8.792   176.1727 1.3201e+02     6.4425      0.311      0.452    26.8401 0.0000e+00
      0.338      0.069    10.1568    125.612     43.544  45.094258     5.3465      8.789   177.4483 1.2786e+02     6.3090      0.333      0.482    26.8308 0.0000e+00
      0.356      0.068    10.1140    125.534     43.568  45.091752     5.3474      8.785   178.0756 1.2464e+02     6.2432      0.350      0.508    26.8239 0.0000e+00
      0.372      0.068    10.0800    125.460     43.591  45.090487     5.3585      8.780   178.0785 1.2120e+02     6.2616      0.364      0.529    26.8096 0.0000e+00
      0.389      0.068    10.0527    125.371     43.595  45.078918     5.3644      8.772   178.0860 1.1820e+02     6.2577      0.381      0.553    26.7983 0.0000e+00
      0.405      0.071    10.0443    125.305     43.602  45.078802     5.3523      8.764   178.1661 1.1560e+02     6.2654      0.398      0.577    26.7792 0.0000e+00
      0.421      0.076    10.0489    125.283     43.616  45.089077     5.3448      8.756   178.1872 1.1255e+02     6.3545      0.412      0.598    26.7408 0.0000e+00
      0.440      0.081    10.0487    125.286     43.607  45.076179     5.3565      8.748   178.0830 1.0881e+02     6.4806      0.431      0.624    26.7094 0.0000e+00
      0.461      0.085    10.0429    125.257     43.587  45.049805     5.3776      8.743   177.8520 1.0472e+02     6.5609      0.451      0.655    26.6924 0.0000e+00
      0.487      0.085    10.0383    125.123     43.569  45.024090     5.4093      8.739   177.5452 1.0051e+02     6.4711      0.477      0.692    26.6851 0.0000e+00
      0.514      0.082    10.0375    124.923     43.570  45.019168     5.4477      8.736   177.6430 9.6725e+01     6.2829      0.506      0.734    26.6838 0.0000e+00
      0.537      0.075    10.0396    124.778     43.547  44.990286     5.4669      8.736   178.0875 9.4006e+01     6.1984      0.529      0.767    26.6794 0.0000e+00
      0.555      0.067    10.0425    124.718     43.433  44.865304     5.4750      8.737   178.1020 9.2028e+01     6.2348      0.546      0.792    26.6718 0.0000e+00
      0.568      0.060    10.0323    124.655     43.249  44.650600     5.4969      8.738   177.6458 9.0588e+01     6.2796      0.560      0.812    26.6611 0.0000e+00
      0.578      0.054    10.0117    124.470     43.090  44.425536     5.5146      8.736   177.0454 8.9430e+01     6.1926      0.567      0.822    26.6560 0.0000e+00
      0.588      0.051    10.0008    124.130     43.067  44.302176     5.5228      8.731   177.7262 8.7714e+01     6.0371      0.575      0.833    26.6507 0.0000e+00
      0.602      0.049     9.9985    123.675     43.175  44.301472     5.5295      8.729   179.6831 8.5716e+01     5.9713      0.590      0.856    26.6502 0.0000e+00
      0.618      0.047    10.0023    123.208     43.300  44.353367     5.5455      8.729   180.5725 8.3875e+01     6.0116      0.606      0.879    26.6294 0.0000e+00
      0.633      0.045    10.0000    122.929     43.322  44.358242     5.5826      8.731   179.9611 8.2526e+01     6.0805      0.622      0.902    26.5603 0.0000e+00
      0.644      0.044     9.9933    122.913     43.239  44.296910     5.6040      8.733   179.0027 8.1919e+01     6.0528      0.633      0.919    26.4375 0.0000e+00
      0.650      0.044     9.9837    122.988     43.182  44.246609     5.6045      8.733   179.3954 8.1189e+01     5.9496      0.637      0.924    26.2810 0.0000e+00
      0.657      0.046     9.9555    123.038     43.185  44.194404     5.6553      8.732   181.0954 7.9944e+01     5.9261      0.643      0.932    26.1828 0.0000e+00
      0.667      0.051     9.9313    123.114     43.206  44.109941     5.7611      8.728   182.2624 7.8370e+01     6.0086      0.653      0.948    26.1693 0.0000e+00
      0.682      0.057     9.9294    123.247     43.253  44.050377     5.8266      8.723   182.5792 7.6487e+01     6.0923      0.668      0.969    26.2222 0.0000e+00
      0.700      0.062     9.9329    123.440     43.329  44.045334     5.8226      8.719   182.5171 7.4582e+01     6.0843      0.686      0.995    26.2607 0.0000e+00
      0.719      0.065     9.9453    123.689     43.387  44.048845     5.8050      8.715   181.5970 7.2721e+01     6.0144      0.704      1.021    26.1860 0.0000e+00
      0.738      0.066     9.9795    123.967     43.398  44.029269     5.7883      8.712   180.3165 7.0848e+01     5.9644      0.724      1.050    26.0355 0.0000e+00
      0.755      0.066    10.0138    124.250     43.382  43.999023     5.7694      8.707   180.7150 6.9298e+01     5.9919      0.742      1.076    25.9037 0.0000e+00
      0.770      0.067    10.0464    124.513     43.328  43.937017     5.7686      8.701   182.1139 6.8136e+01     6.0749      0.755      1.095    25.8101 0.0000e+00
      0.784      0.068    10.0797    124.728     43.258  43.850827     5.7784      8.695   180.8828 6.6844e+01     6.1132      0.768      1.113    25.7469 0.0000e+00
      0.800      0.070    10.1084    124.827     43.220  43.782041     5.7879      8.690   177.4444 6.5129e+01     6.1125      0.783      1.136    25.7138 0.0000e+00
      0.820      0.070    10.1356    124.749     43.210  43.740028     5.8000      8.689   175.9036 6.3296e+01     6.1352      0.803      1.164    25.7005 0.0000e+00
      0.841      0.070    10.1559    124.502     43.216  43.723639     5.8090      8.689   176.8797 6.1576e+01     6.1828      0.826      1.197    25.7031 0.0000e+00
      0.862      0.070    10.1793    124.155     43.217  43.710800     5.8220      8.688   178.4917 6.0170e+01     6.2444      0.847      1.228    25.6876 0.0000e+00
      0.879      0.070    10.1979    123.790     43.226  43.711714     5.8654      8.684   178.1853 5.9103e+01     6.2989      0.863      1.251    25.6437 0.0000e+00
      0.893      0.071    10.1982    123.431     43.255  43.734680     5.9256      8.677   175.9285 5.8091e+01     6.2956      0.875      1.269    25.6034 0.0000e+00
      0.908      0.071    10.1813    123.128     43.262  43.734583     5.9496      8.670   174.6075 5.6975e+01     6.2722      0.889      1.289    25.5781 0.0000e+00
      0.926      0.071    10.1515    122.953     43.248  43.710529     5.9561      8.664   174.5177 5.5483e+01     6.2893      0.906      1.315    25.5626 0.0000e+00
      0.949      0.070    10.1244    122.911     43.248  43.697720     6.1384      8.660   175.1007 5.3723e+01     6.3657      0.929      1.349    25.5541 0.0000e+00
      0.972      0.069    10.0948    123.008     43.266  43.706634     6.4882      8.659   176.0642 5.2251e+01     6.4792      0.955      1.385    25.5486 0.0000e+00
      0.990      0.067    10.0672    123.258     43.253  43.691348     6.6817      8.658   176.1858 5.1375e+01     6.4995      0.974      1.412    25.5417 0.0000e+00
      1.002      0.065    10.0567    123.595     43.208  43.639840     6.7057      8.656   175.7977 5.0811e+01     6.4405      0.983      1.426    25.5290 0.0000e+00
      1.013      0.063    10.0564    123.895     43.173  43.591645     6.8700      8.654   175.6734 5.0011e+01     6.5183      0.991      1.438    25.5115 0.0000e+00
      1.028      0.062    10.0648    124.085     43.152  43.552917     7.1867      8.652   175.6286 4.8930e+01     6.7223      1.007      1.460    25.4999 0.0000e+00
      1.047      0.064    10.0874    124.235     43.167  43.552395     7.3646      8.650   176.9769 4.7874e+01     6.8236      1.026      1.488    25.5018 0.0000e+00
      1.066      0.068    10.1194    124.449     43.212  43.585300     7.3881      8.648   179.3280 4.7069e+01     6.7858      1.045      1.518    25.4995 0.0000e+00
      1.084      0.071    10.1508    124.678     43.210  43.569915     7.3881      8.646   180.1367 4.6472e+01     6.7093      1.063      1.542    25.4795 0.0000e+00
      1.100      0.073    10.1683    124.835     43.149  43.493302     7.3813      8.644   179.4418 4.5910e+01     6.6843      1.078      1.563    25.4565 0.0000e+00
      1.119      0.075    10.1776    124.910     43.097  43.420637     7.3808      8.640   178.4973 4.5411e+01     6.7568      1.097      1.591    25.4400 0.0000e+00
      1.139      0.075    10.2013    124.901     43.096  43.389498     7.3813      8.638   179.0414 4.5004e+01     6.8344      1.117      1.619    25.4263 0.0000e+00
      1.159      0.075    10.2264    124.850     43.109  43.370648     7.3881      8.638   180.9438 4.4576e+01     6.8024      1.135      1.647    25.4114 0.0000e+00
      1.180      0.072    10.2411    124.875     43.081  43.319628     7.4122      8.638   181.7099 4.4121e+01     6.6098      1.157      1.678    25.3948 0.0000e+00
      1.201      0.066    10.2517    125.013     43.054  43.280357     7.4491      8.640   181.0773 4.3788e+01     6.3839      1.179      1.711    25.3747 0.0000e+00
      1.218      0.060    10.2582    125.145     43.055  43.276644     7.4764      8.642   180.2645 4.3628e+01     6.3259      1.196      1.735    25.3368 0.0000e+00
      1.231      0.054    10.2566    125.128     43.065  43.274726     7.4844      8.644   179.9701 4.3569e+01     6.3184      1.209      1.752    25.2926 0.0000e+00
      1.242      0.048    10.2622    124.947     43.072  43.257153     7.4708      8.646   180.1846 4.3532e+01     6.2250      1.219      1.767    25.2658 0.0000e+00
      1.251      0.047    10.2810    124.730     43.038  43.191081     7.4363      8.648   180.4493 4.3416e+01     6.1529      1.226      1.778    25.2517 0.0000e+00
      1.261      0.050    10.2964    124.537     42.995  43.110522     7.4163      8.648   180.5032 4.3171e+01     6.1980      1.236      1.793    25.2536 0.0000e+00
      1.272      0.055    10.2979    124.354     42.971  43.044738     7.4380      8.649   180.3193 4.2735e+01     6.3261      1.248      1.809    25.2467 0.0000e+00
      1.286      0.060    10.2833    124.236     42.932  42.966872     7.5324      8.650   179.7753 4.1949e+01     6.5414      1.260      1.827    25.2084 0.0000e+00
      1.304      0.064    10.2705    124.251     42.864  42.867183     7.6662      8.650   179.2597 4.0825e+01     6.8190      1.278      1.854    25.1740 0.0000e+00
      1.325      0.068    10.2652    124.378     42.752  42.727958     7.7164      8.650   179.2482 3.9668e+01     6.9507      1.300      1.885    25.1316 0.0000e+00
      1.344      0.073    10.2577    124.522     42.616  42.552895     7.7062      8.648   179.2917 3.8641e+01     6.9725      1.320      1.914    25.0778 0.0000e+00
      1.360      0.077    10.2533    124.523     42.456  42.337213     7.7840      8.644   179.1827 3.7654e+01     7.0138      1.334      1.934    25.0323 0.0000e+00
      1.376      0.078    10.2632    124.143     42.338  42.151111     7.9332      8.643   179.3937 3.6494e+01     7.0394      1.346      1.953    24.9930 0.0000e+00
      1.398      0.077    10.2810    123.179     42.342  42.079789     8.0041      8.643   179.8642 3.5106e+01     7.0093      1.369      1.986    24.9722 0.0000e+00
      1.423      0.074    10.3042    121.422     42.374  42.045970     7.9924      8.644   179.9674 3.3830e+01     6.9232      1.397      2.026    24.9287 0.0000e+00
      1.446      0.069    10.3267    118.590     42.374  41.995986     7.9324      8.644   179.5231 3.2915e+01     6.8868      1.421      2.061    24.8569 0.0000e+00
      1.463      0.064    10.3166    114.692     42.399  41.983124     7.8373      8.644   178.9657 3.2293e+01     6.8763      1.437      2.084    24.7778 0.0000e+00
      1.474      0.059    10.2572    110.114     42.461  42.017334     7.7825      8.641   179.5085 3.1743e+01     6.8305      1.445      2.096    24.6797 0.0000e+00
      1.484      0.057    10.1414    105.345     42.484  42.028772     7.7771      8.635   181.2679 3.1057e+01     6.7772      1.454      2.109    24.5961 0.0000e+00
      1.496      0.060     9.9147    100.840     42.474  41.994462     7.7891      8.627   182.6869 3.0248e+01     6.7107      1.466      2.126    24.5459 0.0000e+00
      1.510      0.067     9.5825     96.910     42.535  41.983282     7.8852      8.618   183.1566 2.9320e+01     6.8120      1.480      2.146    24.5014 0.0000e+00
      1.528      0.074     9.1955     93.500     42.677  42.020417     8.0660      8.607   183.1619 2.8171e+01     7.1134      1.496      2.170    24.4594 0.0000e+00
      1.551      0.079     8.7806     89.792     42.820  42.062493     8.1684      8.593   183.2671 2.6920e+01     7.2795      1.521      2.206    24.4606 0.0000e+00
      1.576      0.082     8.3991     84.992     42.963  42.111060     8.1832      8.577   183.9116 2.5754e+01     7.2835      1.547      2.244    24.4600 0.0000e+00
      1.598      0.084     8.0774     79.127     43.114  42.163226     8.2608      8.559   185.9655 2.4733e+01     7.3665      1.569      2.276    24.3607 0.0000e+00
      1.618      0.085     7.8452     72.359     43.244  42.185331     8.4078      8.539   189.2578 2.3842e+01     7.5655      1.588      2.303    24.2163 0.0000e+00
      1.637      0.085     7.5875     64.664     43.362  42.187768     8.4962      8.519   191.4544 2.2970e+01     7.7089      1.605      2.328    24.1071 0.0000e+00
      1.657      0.085     7.1789     55.887     43.497  42.192534     8.5138      8.501   190.9279 2.2050e+01     7.7348      1.625      2.356    24.0069 0.0000e+00
      1.680      0.083     6.7001     46.311     43.622  42.179300     8.5378      8.486   189.9479 2.1094e+01     7.8788      1.647      2.388    23.8948 0.0000e+00
      1.705      0.078     6.1406     36.935     43.717  42.154506     8.5776      8.472   191.1339 2.0154e+01     8.1511      1.672      2.425    23.7727 0.0000e+00
      1.730      0.068     5.5117     28.472     43.784  42.146459     8.6044      8.460   192.9635 1.9418e+01     8.3289      1.699      2.465    23.6469 0.0000e+00
      1.749      0.057     4.7838     21.180     43.806  42.145366     8.6116      8.451   194.7756 1.8990e+01     8.3888      1.718      2.492    23.5013 0.0000e+00
      1.759      0.045     3.9327     15.274     43.777  42.141266     8.5900      8.443   195.3202 1.8760e+01     8.3628      1.727      2.505    23.3341 0.0000e+00
      1.764      0.037     3.1272     11.121     43.708  42.096924     8.5433      8.434   193.2663 1.8603e+01     8.2873      1.731      2.512    23.1868 0.0000e+00
      1.768      0.034     2.4025      9.062     43.728  42.053554     8.5048      8.425   191.9691 1.8458e+01     8.1935      1.734      2.514    23.1037 0.0000e+00
      1.772      0.037     1.7736      8.798     43.872  42.061075     8.4911      8.417   192.1972 1.8245e+01     8.1516      1.736      2.518    23.0799 0.0000e+00
      1.780      0.044     1.2580      9.367     44.012  42.060729     8.5266      8.407   193.0996 1.7841e+01     8.2584      1.742      2.528    23.1127 0.0000e+00
      1.795      0.050     0.8805      9.761     44.158  42.049179     8.5939      8.397   193.8449 1.7264e+01     8.3916      1.758      2.550    23.2052 0.0000e+00
      1.814      0.055     0.7183      9.704     44.348  42.048156     8.6300      8.389   192.9490 1.6672e+01     8.3960      1.780      2.582    23.1154 0.0000e+00
      1.832      0.057     0.7285      9.398     44.548  42.048100     8.6295      8.380   192.4207 1.6201e+01     8.3116      1.799      2.609    22.9105 0.0000e+00
      1.847      0.057     0.8204      8.838     44.734  42.048232     8.6217      8.370   193.3932 1.5843e+01     8.2591      1.812      2.628    22.7925 0.0000e+00
      1.860      0.058     0.8615      7.980     44.916  42.049517     8.6104      8.361   194.6412 1.5529e+01     8.3757      1.824      2.645    22.6219 0.0000e+00
