Data/DataNotYetUploadedToEDI/Raw_CTD/RawDownloads/082223_fcr50_S7809004.cnv
* Sea-Bird SBE19plus  Data File:
* FileName = C:\R\Reservoirs\Data\DataNotYetUploadedToEDI\Raw_CTD\RawDownloads\081423_fcr50_S7809_0004.hex
* Software version 2.8.0.119
* Temperature SN = 7809
* Conductivity SN = 7809
* System UpLoad Time = Aug 30 2023 10:55:02
* <ApplicationData>
* <Seaterm232>
# nquan = 15
# nvalues = 842                         
# units = specified
# name 0 = depFM: Depth [fresh water, m]
# name 1 = dz/dtM: Descent Rate [m/s]
# name 2 = sbeox0Mg/L: Oxygen, SBE 43 [mg/l]
# name 3 = sbeox0PS: Oxygen, SBE 43 [% saturation]
# name 4 = specc: Specific Conductance [uS/cm]
# name 5 = c0uS/cm: Conductivity [uS/cm]
# name 6 = flECO-AFL: Fluorescence, WET Labs ECO-AFL/FL [mg/m^3]
# name 7 = ph: pH
# name 8 = orp: Oxidation Reduction Potential [mV]
# name 9 = par/sat/log: PAR/Logarithmic, Satlantic
# name 10 = turbWETntu0: Turbidity, WET Labs ECO [NTU]
# name 11 = prdM: Pressure, Strain Gauge [db]
# name 12 = prdE: Pressure, Strain Gauge [psi]
# name 13 = tv290C: Temperature [ITS-90, deg C]
# name 14 = flag:  0.000e+00
# span 0 =     -0.640,      9.489       
# span 1 =     -0.566,      0.207       
# span 2 =    -0.1046,    10.9661       
# span 3 =     -0.731,    136.327       
# span 4 =      0.712,    362.397       
# span 5 =   0.819041, 264.064249       
# span 6 =    -0.1469,    31.1095       
# span 7 =     -1.859,      9.366       
# span 8 = -1240.7455,   486.7431       
# span 9 = 1.2338e-01, 4.1161e+02       
# span 10 =     1.0168,   319.8263      
# span 11 =     -0.628,      9.306      
# span 12 =     -0.911,     13.496      
# span 13 =    11.4294,    32.5893      
# span 14 = 0.0000e+00, 0.0000e+00      
# interval = seconds: 0.25
# start_time = Aug 22 2023 13:10:39 [Instrument's time stamp, header]
# bad_flag = -9.990e-29
*END*
[from data line 675]
      9.360      0.046     3.7032     25.093    159.276 116.185670     0.4382      7.008   243.3873 1.2355e-01    15.2466      9.178     13.310    11.5274 0.0000e+00
      9.374      0.046     3.6175     21.393    175.062 127.651749     0.4452      7.005   243.6207 1.2350e-01    15.2296      9.193     13.333    11.5285 0.0000e+00
      9.389      0.047     3.3926     17.135    184.214 134.301315     0.4663      7.003   243.9609 1.2351e-01    15.2131      9.207     13.355    11.5132 0.0000e+00
      9.403      0.047     3.0928     12.477    201.874 147.177764     0.4694      7.002   244.4034 1.2355e-01    15.0817      9.221     13.374    11.4923 0.0000e+00
      9.414      0.047     2.7595      7.969    249.114 181.616497     0.4663      7.001   244.7552 1.2355e-01    14.9400      9.233     13.392    11.4714 0.0000e+00
      9.424      0.046     2.3532      4.275    298.476 217.572418     0.4619      6.998   244.7723 1.2350e-01    14.9676      9.243     13.405    11.4522 0.0000e+00
      9.434      0.044     1.8902      1.636    317.484 231.374671     0.4416      6.995   244.2655 1.2347e-01    14.9720      9.250     13.416    11.4474 0.0000e+00
      9.446      0.041     1.3579      0.015    332.611 242.364200     0.4371      6.992   243.2745 1.2344e-01    14.9242      9.262     13.434    11.4499 0.0000e+00
      9.460      0.038     0.8305     -0.709    351.042 255.788304     0.4488      6.990   242.4264 1.2341e-01    14.9371      9.279     13.458    11.4525 0.0000e+00
      9.471      0.033     0.4253     -0.731    362.397 264.064249     0.4584      6.987   242.0999 1.2344e-01    14.9912      9.289     13.473    11.4472 0.0000e+00
      9.478      0.027     0.1395     -0.320    360.665 262.814480     0.4702      6.984   242.3379 1.2350e-01    15.0317      9.295     13.481    11.4332 0.0000e+00
      9.483      0.019    -0.0328      0.247    329.627 240.217743     0.4749      6.982   243.0666 1.2351e-01    15.0502      9.300     13.489    11.4294 0.0000e+00
      9.487      0.012    -0.1046      0.745    283.297 206.478699     0.4737      6.981   243.8549 1.2348e-01    15.0784      9.305     13.494    11.4301 0.0000e+00
      9.489      0.005    -0.0963      1.044    248.762 181.333574     0.4720      6.979   244.4695 1.2346e-01    15.1002      9.306     13.496    11.4294 0.0000e+00
      9.489      0.000    -0.0399      1.134    219.084 159.726531     0.4714      6.977   245.1639 1.2342e-01    15.1762      9.305     13.496    11.4314 0.0000e+00
      9.488     -0.005     0.0298      1.038    187.018 136.376576     0.4743      6.976   245.6258 1.2342e-01    15.2802      9.305     13.496    11.4353 0.0000e+00
      9.487     -0.010     0.0906      0.787    159.150 116.082774     0.4728      6.975   245.8383 1.2345e-01    15.2646      9.303     13.493    11.4397 0.0000e+00
      9.483     -0.014     0.1218      0.490    141.999 103.599784     0.4707      6.974   245.8398 1.2348e-01    15.2274      9.300     13.489    11.4444 0.0000e+00
      9.478     -0.016     0.1301      0.266    134.646  98.261544     0.4652      6.972   245.3863 1.2348e-01    15.2395      9.295     13.482    11.4508 0.0000e+00
      9.472     -0.016     0.1206      0.141    128.773  94.001136     0.4569      6.971   245.4315 1.2346e-01    15.2064      9.288     13.472    11.4586 0.0000e+00
      9.466     -0.017     0.0878      0.151    122.673  89.571067     0.4537      6.970   245.8703 1.2347e-01    15.1685      9.282     13.463    11.4677 0.0000e+00
      9.463     -0.023     0.0489      0.413    110.863  80.968198     0.4514      6.969   245.7883 1.2350e-01    15.1917      9.279     13.458    11.4767 0.0000e+00
      9.461     -0.034     0.0256      1.030     90.910  66.414373     0.4539      6.968   245.6439 1.2356e-01    15.2140      9.278     13.457    11.4863 0.0000e+00
      9.459     -0.045     0.0119      2.026     74.964  54.786433     0.4674      6.968   245.7583 1.2356e-01    15.1308      9.278     13.457    11.4966 0.0000e+00
      9.449     -0.052     0.0067      3.380     70.110  51.263128     0.4809      6.968   245.9672 1.2353e-01    15.0051      9.274     13.450    11.5061 0.0000e+00
      9.424     -0.053     0.0304      5.015     73.185  53.537776     0.4844      6.967   246.0192 1.2351e-01    14.9576      9.247     13.411    11.5150 0.0000e+00
      9.394     -0.053     0.0979      6.830     76.688  56.125014     0.4926      6.965   246.0430 1.2346e-01    15.0013      9.207     13.353    11.5256 0.0000e+00
      9.376     -0.058     0.2065      8.797     74.756  54.729583     0.5053      6.964   246.6849 1.2344e-01    15.0552      9.188     13.326    11.5396 0.0000e+00
      9.375     -0.078     0.3565     10.957     68.021  49.811528     0.5051      6.964   247.5857 1.2351e-01    14.9941      9.193     13.334    11.5557 0.0000e+00
      9.378     -0.118     0.5405     13.367     61.935  45.365893     0.4978      6.962   248.1588 1.2357e-01    14.9116      9.201     13.343    11.5736 0.0000e+00
      9.368     -0.179     0.7371     15.952     59.915  43.899267     0.4928      6.961   248.4513 1.2351e-01    14.9458      9.197     13.338    11.5914 0.0000e+00
      9.326     -0.252     0.9502     18.472     59.099  43.316132     0.4868      6.961   248.4548 1.2340e-01    15.0664      9.164     13.291    11.6045 0.0000e+00
      9.240     -0.326     1.1805     20.760     57.885  42.441214     0.4744      6.960   248.2873 1.2339e-01    15.2083      9.075     13.163    11.6128 0.0000e+00
      9.118     -0.390     1.4432     22.787     57.120  41.889789     0.4598      6.960   248.0604 1.2341e-01    15.2601      8.943     12.971    11.6208 0.0000e+00
      8.987     -0.438     1.7378     24.604     56.721  41.599754     0.4607      6.961   247.9484 1.2341e-01    15.2152      8.809     12.776    11.6307 0.0000e+00
      8.866     -0.471     2.0166     26.257     56.381  41.346311     0.4684      6.961   248.1385 1.2346e-01    15.1100      8.690     12.604    11.6438 0.0000e+00
      8.754     -0.488     2.2648     27.714     56.157  41.173808     0.4772      6.962   248.3805 1.2352e-01    15.0130      8.584     12.450    11.6586 0.0000e+00
      8.640     -0.497     2.4823     29.000     56.072  41.100761     0.5005      6.963   248.4645 1.2353e-01    15.0320      8.480     12.299    11.6684 0.0000e+00
      8.512     -0.504     2.6754     30.230     55.993  41.034320     0.5089      6.963   248.4662 1.2351e-01    15.0323      8.354     12.118    11.6689 0.0000e+00
      8.369     -0.514     2.8593     31.466     55.963  41.005154     0.4957      6.963   248.5731 1.2350e-01    14.9487      8.206     11.902    11.6654 0.0000e+00
      8.228     -0.527     3.0175     32.627     55.967  41.001985     0.4898      6.964   248.8962 1.2352e-01    14.9084      8.065     11.698    11.6583 0.0000e+00
      8.096     -0.542     3.1512     33.580     55.792  40.869058     0.4958      6.966   249.1894 1.2354e-01    14.9555      7.938     11.513    11.6467 0.0000e+00
      7.968     -0.551     3.2831     34.303     55.610  40.730760     0.5104      6.967   249.3657 1.2351e-01    15.0402      7.817     11.338    11.6385 0.0000e+00
      7.833     -0.554     3.4203     34.804     55.696  40.789597     0.5164      6.967   249.4788 1.2348e-01    15.0436      7.689     11.153    11.6329 0.0000e+00
      7.681     -0.555     3.5562     35.106     55.825  40.882313     0.5025      6.965   249.1793 1.2349e-01    14.9282      7.534     10.929    11.6272 0.0000e+00
      7.524     -0.558     3.6577     35.276     55.846  40.899776     0.4917      6.964   248.7559 1.2350e-01    14.8069      7.372     10.692    11.6243 0.0000e+00
      7.378     -0.563     3.7362     35.315     55.808  40.873812     0.5024      6.964   248.9199 1.2350e-01    14.7724      7.229     10.485    11.6192 0.0000e+00
      7.246     -0.563     3.7930     35.213     55.739  40.822266     0.5157      6.964   249.5269 1.2350e-01    14.8192      7.105     10.304    11.6135 0.0000e+00
      7.115     -0.556     3.8190     35.031     55.692  40.784286     0.5110      6.963   250.1594 1.2351e-01    14.8259      6.985     10.131    11.6131 0.0000e+00
      6.970     -0.548     3.8399     34.851     55.711  40.795396     0.5040      6.961   249.5115 1.2350e-01    14.7506      6.841      9.922    11.6157 0.0000e+00
      6.815     -0.548     3.8447     34.691     55.760  40.829666     0.5057      6.959   247.9740 1.2350e-01    14.6943      6.675      9.682    11.6181 0.0000e+00
      6.672     -0.555     3.8310     34.515     55.742  40.817844     0.5057      6.959   247.6594 1.2349e-01    14.6915      6.535      9.479    11.6170 0.0000e+00
      6.544     -0.563     3.8075     34.350     55.687  40.779399     0.5044      6.958   248.0304 1.2349e-01    14.6494      6.420      9.311    11.6127 0.0000e+00
      6.414     -0.566     3.7866     34.256     55.642  40.745635     0.4979      6.957   248.5875 1.2352e-01    14.4580      6.297      9.132    11.6098 0.0000e+00
      6.267     -0.565     3.7739     34.234     55.621  40.726948     0.4942      6.956   248.3730 1.2354e-01    14.2569      6.152      8.925    11.6086 0.0000e+00
      6.106     -0.564     3.7523     34.255     55.647  40.743856     0.5021      6.955   246.7273 1.2355e-01    14.1982      5.987      8.683    11.6102 0.0000e+00
      5.947     -0.562     3.7301     34.298     55.669  40.759673     0.5096      6.954   245.8121 1.2350e-01    14.1242      5.824      8.447    11.6135 0.0000e+00
      5.806     -0.556     3.7215     34.344     55.625  40.727795     0.5181      6.953   245.8247 1.2346e-01    13.9776      5.690      8.253    11.6120 0.0000e+00
      5.676     -0.546     3.7204     34.382     55.552  40.675763     0.5218      6.951   246.2776 1.2351e-01    13.8937      5.566      8.073    11.6082 0.0000e+00
      5.549     -0.532     3.7236     34.412     55.500  40.638297     0.5205      6.946   246.9002 1.2357e-01    13.8273      5.443      7.894    11.6062 0.0000e+00
      5.414     -0.523     3.7291     34.455     55.176  40.401745     0.5447      6.941   246.4691 1.2357e-01    13.6533      5.315      7.709    11.6059 0.0000e+00
      5.272     -0.520     3.7345     34.542     54.849  40.163846     0.5983      6.938   245.6257 1.2352e-01    13.4632      5.166      7.493    11.6067 0.0000e+00
      5.136     -0.520     3.7385     34.655     55.119  40.363980     0.6362      6.937   245.3062 1.2348e-01    13.4085      5.031      7.295    11.6075 0.0000e+00
      5.010     -0.523     3.7411     34.736     55.438  40.600272     0.6366      6.938   245.3594 1.2349e-01    13.3672      4.917      7.131    11.6079 0.0000e+00
      4.883     -0.523     3.7440     34.806     55.446  40.609151     0.6271      6.938   245.7534 1.2348e-01    13.1687      4.789      6.947    11.6086 0.0000e+00
      4.751     -0.523     3.7529     34.920     55.426  40.598271     0.6380      6.938   247.3165 1.2344e-01    12.8540      4.661      6.761    11.6099 0.0000e+00
      4.614     -0.525     3.7703     35.070     55.328  40.532205     0.6687      6.938   249.2870 1.2347e-01    12.6355      4.529      6.570    11.6125 0.0000e+00
      4.472     -0.530     3.7767     35.232     55.111  40.381556     0.6902      6.937   249.0155 1.2361e-01    12.6106      4.380      6.352    11.6151 0.0000e+00
      4.337     -0.534     3.7803     35.385     54.724  40.109601     0.6907      6.935   247.3898 1.2448e-01    12.6211      4.250      6.165    11.6174 0.0000e+00
      4.209     -0.536     3.7947     35.537     54.522  39.973039     0.6993      6.934   246.9247 1.3415e-01    12.4891      4.133      5.995    11.6206 0.0000e+00
      4.074     -0.536     3.8104     35.725     54.886  40.253550     0.7353      6.934   248.7260 1.7387e-01    12.2451      3.996      5.796    11.6251 0.0000e+00
      3.933     -0.536     3.8291     35.933     55.219  40.518395     0.7776      6.933   251.1880 2.5526e-01    12.1294      3.857      5.594    11.6329 0.0000e+00
      3.793     -0.536     3.8445     36.088     55.260  40.573216     0.8114      6.931   250.4496 3.7144e-01    12.1489      3.719      5.394    11.6447 0.0000e+00
      3.654     -0.535     3.8575     36.151     55.263  40.599086     0.9359      6.928   247.4554 5.1901e-01    12.0722      3.580      5.193    11.6545 0.0000e+00
      3.519     -0.530     3.8773     36.111     55.289  40.640807     1.1579      6.924   245.5294 8.0629e-01    11.9187      3.452      5.007    11.6637 0.0000e+00
      3.384     -0.525     3.9028     35.970     55.388  40.760360     1.2906      6.918   245.4891 1.2752e+00    11.8652      3.317      4.812    11.6848 0.0000e+00
      3.252     -0.520     3.9178     35.737     55.431  40.902230     1.4161      6.913   246.2800 1.7662e+00    11.9377      3.185      4.619    11.7087 0.0000e+00
      3.124     -0.516     3.9235     35.413     55.386  41.023454     2.6428      6.909   246.0583 2.2675e+00    12.3508      3.069      4.451    11.7313 0.0000e+00
      2.991     -0.513     3.9176     35.013     55.436  41.210761     4.8783      6.905   245.1312 2.8139e+00    13.0002      2.935      4.257    11.7478 0.0000e+00
      2.857     -0.512     3.8997     34.540     55.517  41.453464     6.0970      6.900   243.8465 3.3503e+00    13.2992      2.795      4.053    11.7650 0.0000e+00
      2.729     -0.517     3.8663     33.963     55.622  41.800205     6.3172      6.895   241.9675 3.9627e+00    13.1992      2.678      3.884    11.8703 0.0000e+00
      2.602     -0.524     3.8141     33.241     55.645  42.229955     7.5655      6.891   240.3951 4.7629e+00    12.0644      2.554      3.704    12.0497 0.0000e+00
      2.471     -0.527     3.7625     32.403     55.141  42.397437     9.8214      6.886   238.8591 5.7930e+00    10.0307      2.423      3.515    12.1533 0.0000e+00
      2.336     -0.525     3.6994     31.487     54.501  42.366048    11.0453      6.881   237.9359 7.2255e+00     8.9349      2.299      3.334    12.3019 0.0000e+00
      2.191     -0.521     3.6220     30.374     54.247  42.422228    11.2025      6.877   238.0953 9.1571e+00     8.7893      2.149      3.117    12.5381 0.0000e+00
      2.047     -0.516     3.5179     28.840     54.158  42.569208    11.8133      6.874   236.3133 1.1378e+01     8.3728      1.996      2.896    12.8551 0.0000e+00
      1.921     -0.512     3.3777     26.831     53.908  42.747013    12.9372      6.874   233.5116 1.3894e+01     7.6565      1.883      2.731    13.4914 0.0000e+00
      1.803     -0.508     3.2515     24.570     53.123  42.858713    13.5716      6.874   232.9565 1.6867e+01     7.3019      1.769      2.566    13.9765 0.0000e+00
      1.683     -0.499     3.1412     22.374     51.931  42.905095    13.6249      6.872   232.8714 2.0476e+01     7.2619      1.652      2.395    14.0811 0.0000e+00
      1.556     -0.488     2.9744     20.387     50.879  42.864805    13.5809      6.869   228.4387 2.5369e+01     7.1737      1.536      2.229    14.2713 0.0000e+00
      1.416     -0.479     2.7436     18.486     50.146  42.753441    13.2561      6.869   218.8533 3.1194e+01     6.9869      1.387      2.011    14.5045 0.0000e+00
      1.282     -0.472     2.4644     16.601     49.642  42.701719    12.6696      6.871   210.4141 3.6586e+01     6.7113      1.244      1.804    15.1856 0.0000e+00
      1.171     -0.470     2.1769     14.909     49.175  42.620746    12.3482      6.873   204.8687 4.1955e+01     6.5396      1.146      1.664    16.4383 0.0000e+00
      1.070     -0.473     1.9567     13.669     48.547  42.472989    12.2668      6.877   200.1573 4.8578e+01     6.4826      1.053      1.528    17.2784 0.0000e+00
      0.963     -0.473     1.7663     13.146     47.733  42.439023    11.6691      6.881   193.8025 5.7081e+01     6.4316      0.947      1.373    17.6260 0.0000e+00
      0.842     -0.464     1.5634     13.551     46.925  42.528345    10.5894      6.884   181.8083 6.9246e+01     6.4026      0.835      1.211    18.0429 0.0000e+00
