Data/DataNotYetUploadedToEDI/Raw_CTD/RawDownloads/082223_fcr50_S7809004.cnv
* Sea-Bird SBE19plus  Data File:
* FileName = C:\R\Reservoirs\Data\DataNotYetUploadedToEDI\Raw_CTD\RawDownloads\081423_fcr50_S7809_0004.hex
* Software version 2.8.0.119
* Temperature SN = 7809
* Conductivity SN = 7809
* System UpLoad Time = Aug 30 2023 10:55:02
* <ApplicationData>
* <Seaterm232>
# nquan = 15
# nvalues = 842                         
# units = specified
# name 0 = depFM: Depth [fresh water, m]
# name 1 = dz/dtM: Descent Rate [m/s]
# name 2 = sbeox0Mg/L: Oxygen, SBE 43 [mg/l]
# name 3 = sbeox0PS: Oxygen, SBE 43 [% saturation]
# name 4 = specc: Specific Conductance [uS/cm]
# name 5 = c0uS/cm: Conductivity [uS/cm]
# name 6 = flECO-AFL: Fluorescence, WET Labs ECO-AFL/FL [mg/m^3]
# name 7 = ph: pH
# name 8 = orp: Oxidation Reduction Potential [mV]
# name 9 = par/sat/log: PAR/Logarithmic, Satlantic
# name 10 = turbWETntu0: Turbidity, WET Labs ECO [NTU]
# name 11 = prdM: Pressure, Strain Gauge [db]
# name 12 = prdE: Pressure, Strain Gauge [psi]
# name 13 = tv290C: Temperature [ITS-90, deg C]
# name 14 = flag:  0.000e+00
# span 0 =     -0.640,      9.489       
# span 1 =     -0.566,      0.207       
# span 2 =    -0.1046,    10.9661       
# span 3 =     -0.731,    136.327       
# span 4 =      0.712,    362.397       
# span 5 =   0.819041, 264.064249       
# span 6 =    -0.1469,    31.1095       
# span 7 =     -1.859,      9.366       
# span 8 = -1240.7455,   486.7431       
# span 9 = 1.2338e-01, 4.1161e+02       
# span 10 =     1.0168,   319.8263      
# span 11 =     -0.628,      9.306      
# span 12 =     -0.911,     13.496      
# span 13 =    11.4294,    32.5893      
# span 14 = 0.0000e+00, 0.0000e+00      
# interval = seconds: 0.25
# start_time = Aug 22 2023 13:10:39 [Instrument's time stamp, header]
# bad_flag = -9.990e-29
*END*
[from data line 386]
      3.734      0.074     0.2298      2.092     55.184  41.641563     4.8046      7.715   165.9661 5.1143e-01    14.0251      3.661      5.311    12.9451 0.0000e+00
      3.753      0.078     0.2220      2.082     55.005  41.370816     4.7253      7.709   165.9439 4.8985e-01    13.9995      3.680      5.337    12.9352 0.0000e+00
      3.775      0.076     0.2210      2.060     55.196  41.405077     4.6687      7.702   164.6224 4.6053e-01    13.9620      3.700      5.366    12.9116 0.0000e+00
      3.801      0.068     0.2238      2.033     55.381  41.484481     4.6028      7.696   161.6042 4.3800e-01    13.9824      3.727      5.405    12.8535 0.0000e+00
      3.826      0.058     0.2205      2.024     55.423  41.505716     4.5860      7.690   159.1346 4.2052e-01    14.0412      3.757      5.450    12.7327 0.0000e+00
      3.839      0.047     0.2223      2.004     55.266  41.407938     4.5821      7.685   157.9073 4.1822e-01    14.0587      3.770      5.467    12.5914 0.0000e+00
      3.842      0.036     0.2205      1.980     54.873  41.127376     4.5054      7.680   157.0028 4.4565e-01    14.1252      3.767      5.464    12.4888 0.0000e+00
      3.844      0.026     0.2144      1.978     54.771  41.033035     4.3996      7.675   156.6304 4.6011e-01    14.3322      3.769      5.466    12.4338 0.0000e+00
      3.848      0.019     0.2177      1.984     54.974  41.155797     4.3520      7.671   156.2439 4.4421e-01    14.4784      3.772      5.471    12.4300 0.0000e+00
      3.854      0.018     0.2140      1.987     54.815  41.024947     4.3460      7.668   154.7394 4.2376e-01    14.5269      3.778      5.480    12.4620 0.0000e+00
      3.861      0.021     0.2090      1.977     54.427  40.720292     4.3432      7.665   153.3247 4.1707e-01    14.5426      3.789      5.496    12.4865 0.0000e+00
      3.866      0.029     0.2115      1.979     54.285  40.582141     4.3273      7.662   152.6462 4.2312e-01    14.6339      3.793      5.501    12.4623 0.0000e+00
      3.867      0.040     0.2111      2.012     54.278  40.560419     4.2953      7.657   153.5050 4.1768e-01    14.8448      3.791      5.498    12.4151 0.0000e+00
      3.873      0.055     0.2133      2.040     54.039  40.394160     4.2726      7.653   155.6215 3.9430e-01    14.9744      3.795      5.505    12.4194 0.0000e+00
      3.888      0.072     0.2109      2.086     53.664  40.095112     4.2601      7.650   156.2097 3.6865e-01    15.0401      3.808      5.525    12.4185 0.0000e+00
      3.912      0.088     0.2085      2.217     53.562  39.927525     4.0456      7.648   155.7122 3.3633e-01    15.4336      3.834      5.560    12.3690 0.0000e+00
      3.943      0.099     0.2171      2.498     53.675  39.890943     3.6173      7.646   154.8548 2.8954e-01    16.1458      3.866      5.606    12.3414 0.0000e+00
      3.976      0.103     0.2174      3.125     53.829  39.906514     3.3853      7.644   153.8454 2.4716e-01    16.6147      3.899      5.655    12.3840 0.0000e+00
      4.007      0.101     0.2191      4.497     54.039  39.988764     3.3623      7.641   155.8972 2.1766e-01    16.7305      3.931      5.702    12.3906 0.0000e+00
      4.031      0.096     0.2328      6.923     54.221  40.060294     3.2565      7.637   160.4757 1.9184e-01    16.7261      3.955      5.736    12.2760 0.0000e+00
      4.050      0.088     0.2583     10.343     54.316  40.073197     3.0712      7.634   163.0875 1.6817e-01    16.6981      3.972      5.762    12.1450 0.0000e+00
      4.069      0.078     0.3084     14.484     54.384  40.081245     2.9692      7.631   162.9542 1.5214e-01    16.6653      3.988      5.786    12.0565 0.0000e+00
      4.090      0.069     0.4396     19.054     54.436  40.094087     2.9552      7.628   162.0476 1.4464e-01    16.6368      4.011      5.818    11.9949 0.0000e+00
      4.111      0.062     0.7094     23.834     54.475  40.101508     2.9194      7.626   162.7951 1.3746e-01    16.5938      4.034      5.851    11.9390 0.0000e+00
      4.126      0.059     1.0896     28.486     54.512  40.107487     2.8610      7.624   165.2810 1.3686e-01    16.5202      4.049      5.872    11.8799 0.0000e+00
      4.136      0.060     1.5527     32.506     54.529  40.102888     2.8394      7.622   167.3255 1.3839e-01    16.4305      4.056      5.883    11.8408 0.0000e+00
      4.145      0.065     2.0524     35.590     54.553  40.109352     2.8165      7.619   168.4141 1.3032e-01    16.2945      4.063      5.893    11.8240 0.0000e+00
      4.157      0.075     2.5800     37.720     54.584  40.122164     2.5337      7.615   168.8925 1.2406e-01    15.8322      4.075      5.910    11.8055 0.0000e+00
      4.177      0.085     3.1131     39.087     54.613  40.130845     2.0252      7.613   168.3776 1.2357e-01    15.0764      4.093      5.937    11.7824 0.0000e+00
      4.204      0.093     3.5576     39.864     54.659  40.150840     1.7542      7.611   167.6954 1.2357e-01    14.6705      4.121      5.978    11.7669 0.0000e+00
      4.237      0.099     3.8949     40.134     54.707  40.173508     1.7376      7.608   168.4725 1.2352e-01    14.5804      4.156      6.027    11.7586 0.0000e+00
      4.268      0.100     4.1157     40.076     54.777  40.214513     1.7243      7.604   170.4606 1.2345e-01    14.4314      4.190      6.075    11.7508 0.0000e+00
      4.291      0.096     4.2563     39.887     54.861  40.265827     1.6360      7.600   172.6324 1.2342e-01    13.7231      4.210      6.107    11.7386 0.0000e+00
      4.311      0.088     4.3448     39.687     54.900  40.286201     1.4936      7.596   172.3616 1.2347e-01    12.4716      4.224      6.128    11.7243 0.0000e+00
      4.333      0.078     4.3644     39.510     54.882  40.270449     1.4259      7.594   170.5417 1.2355e-01    11.8024      4.248      6.161    11.7132 0.0000e+00
      4.356      0.071     4.3516     39.321     54.876  40.265754     1.4330      7.592   171.1920 1.2353e-01    11.7459      4.275      6.200    11.7045 0.0000e+00
      4.372      0.069     4.3278     39.097     54.920  40.292912     1.4373      7.590   173.0834 1.2347e-01    11.5846      4.290      6.221    11.6954 0.0000e+00
      4.384      0.069     4.3052     38.848     54.917  40.281480     1.4533      7.587   175.0836 1.2344e-01    11.3551      4.297      6.233    11.6853 0.0000e+00
      4.398      0.072     4.2891     38.594     54.894  40.254444     1.4765      7.583   176.0175 1.2342e-01    11.2928      4.311      6.252    11.6834 0.0000e+00
      4.416      0.080     4.2690     38.356     54.946  40.283338     1.4854      7.579   174.7388 1.2344e-01    11.2754      4.331      6.281    11.6878 0.0000e+00
      4.436      0.089     4.2444     38.156     54.996  40.313501     1.5188      7.575   174.2505 1.2346e-01    11.0429      4.350      6.309    11.6823 0.0000e+00
      4.461      0.095     4.2176     38.008     54.986  40.301798     1.5724      7.573   175.2751 1.2343e-01    10.6684      4.371      6.340    11.6715 0.0000e+00
      4.491      0.097     4.1904     37.956     54.944  40.268765     1.6015      7.571   176.9756 1.2345e-01    10.5045      4.403      6.387    11.6626 0.0000e+00
      4.523      0.095     4.1638     38.051     54.896  40.231430     1.6115      7.567   179.0655 1.2347e-01    10.5640      4.439      6.437    11.6538 0.0000e+00
      4.549      0.091     4.1432     38.257     54.897  40.231171     1.6018      7.564   179.9795 1.2347e-01    10.5339      4.464      6.474    11.6472 0.0000e+00
      4.567      0.084     4.1261     38.516     54.946  40.265636     1.5675      7.561   179.7665 1.2353e-01    10.3802      4.479      6.497    11.6439 0.0000e+00
      4.583      0.074     4.1162     38.790     54.951  40.267351     1.5388      7.557   180.1049 1.2358e-01    10.2759      4.493      6.517    11.6420 0.0000e+00
      4.601      0.067     4.1299     39.003     54.933  40.251901     1.5380      7.554   181.2316 1.2359e-01    10.2989      4.512      6.544    11.6406 0.0000e+00
      4.621      0.064     4.1551     39.118     54.959  40.269224     1.5235      7.551   182.4621 1.2359e-01    10.3851      4.533      6.575    11.6397 0.0000e+00
      4.636      0.065     4.1829     39.182     54.984  40.286406     1.4722      7.548   183.9697 1.2358e-01    10.4632      4.548      6.597    11.6384 0.0000e+00
      4.647      0.068     4.2174     39.196     54.962  40.269242     1.4257      7.545   185.5213 1.2355e-01    10.4921      4.557      6.608    11.6366 0.0000e+00
      4.661      0.071     4.2434     39.137     54.940  40.252094     1.4021      7.542   186.4242 1.2353e-01    10.4611      4.568      6.625    11.6343 0.0000e+00
      4.681      0.072     4.2515     39.053     54.965  40.269469     1.3861      7.539   186.8851 1.2358e-01    10.3607      4.588      6.655    11.6320 0.0000e+00
      4.705      0.075     4.2589     38.989     54.994  40.288925     1.3578      7.536   187.3937 1.2362e-01    10.2011      4.615      6.693    11.6316 0.0000e+00
      4.729      0.077     4.2636     38.969     55.009  40.296937     1.3353      7.532   188.6163 1.2359e-01    10.1026      4.641      6.731    11.6306 0.0000e+00
      4.747      0.077     4.2533     39.017     55.022  40.302864     1.3215      7.530   190.1385 1.2354e-01    10.0585      4.657      6.754    11.6293 0.0000e+00
      4.763      0.075     4.2428     39.129     55.018  40.297114     1.2994      7.528   190.9135 1.2353e-01    10.0095      4.670      6.773    11.6296 0.0000e+00
      4.781      0.072     4.2356     39.269     55.013  40.290883     1.2586      7.526   191.3615 1.2356e-01    10.0563      4.688      6.800    11.6287 0.0000e+00
      4.801      0.070     4.2323     39.429     55.015  40.290989     1.1941      7.523   191.9407 1.2356e-01    10.2141      4.708      6.830    11.6253 0.0000e+00
      4.820      0.068     4.2376     39.602     55.027  40.298395     1.1527      7.520   192.4971 1.2350e-01    10.3460      4.726      6.855    11.6214 0.0000e+00
      4.838      0.067     4.2529     39.748     55.054  40.316958     1.1403      7.517   192.9268 1.2349e-01    10.3532      4.744      6.881    11.6184 0.0000e+00
      4.854      0.067     4.2679     39.838     55.066  40.325032     1.0948      7.514   193.2640 1.2352e-01    10.4726      4.763      6.907    11.6167 0.0000e+00
      4.869      0.067     4.2848     39.861     55.077  40.332551     1.0350      7.512   193.7344 1.2356e-01    10.8329      4.775      6.925    11.6152 0.0000e+00
      4.883      0.068     4.3067     39.840     55.095  40.344406     1.0257      7.509   194.5704 1.2356e-01    11.0541      4.786      6.943    11.6137 0.0000e+00
      4.902      0.070     4.3231     39.805     55.091  40.341426     1.0327      7.505   195.2852 1.2350e-01    11.0635      4.807      6.971    11.6131 0.0000e+00
      4.922      0.073     4.3337     39.725     55.117  40.359989     0.9945      7.502   195.4071 1.2348e-01    11.0836      4.828      7.002    11.6130 0.0000e+00
      4.941      0.074     4.3354     39.588     55.144  40.378451     0.9298      7.499   195.5283 1.2354e-01    11.1611      4.846      7.029    11.6122 0.0000e+00
      4.961      0.074     4.3307     39.451     55.139  40.374251     0.8993      7.497   195.8908 1.2357e-01    11.2486      4.864      7.054    11.6112 0.0000e+00
      4.981      0.073     4.3289     39.310     55.137  40.372674     0.9013      7.495   196.1759 1.2354e-01    11.2528      4.885      7.085    11.6105 0.0000e+00
      5.001      0.073     4.3231     39.130     55.119  40.359375     0.8953      7.492   196.4798 1.2356e-01    11.1783      4.906      7.116    11.6102 0.0000e+00
      5.017      0.072     4.3022     38.932     55.094  40.340385     0.8845      7.488   197.5008 1.2361e-01    11.1337      4.919      7.135    11.6094 0.0000e+00
      5.033      0.070     4.2890     38.728     55.085  40.333471     0.8867      7.484   198.8842 1.2361e-01    11.1914      4.934      7.156    11.6082 0.0000e+00
      5.052      0.067     4.2770     38.520     55.092  40.339245     0.8970      7.482   199.4407 1.2354e-01    11.2951      4.955      7.187    11.6081 0.0000e+00
      5.072      0.066     4.2539     38.334     55.098  40.346726     0.8850      7.480   199.2377 1.2349e-01    11.3628      4.975      7.215    11.6079 0.0000e+00
      5.088      0.066     4.2333     38.190     55.114  40.360459     0.8500      7.477   198.9257 1.2348e-01    11.3957      4.990      7.238    11.6076 0.0000e+00
      5.102      0.067     4.2111     38.090     55.140  40.378354     0.8401      7.474   200.6590 1.2349e-01    11.4190      5.004      7.258    11.6066 0.0000e+00
      5.117      0.069     4.1871     38.027     55.136  40.372704     0.8482      7.472   204.1048 1.2351e-01    11.4730      5.018      7.276    11.6072 0.0000e+00
      5.133      0.073     4.1658     37.992     55.114  40.355601     0.8392      7.469   205.0542 1.2351e-01    11.5365      5.032      7.298    11.6117 0.0000e+00
      5.153      0.078     4.1496     37.972     55.124  40.361958     0.8148      7.466   203.7928 1.2347e-01    11.6067      5.052      7.328    11.6145 0.0000e+00
      5.176      0.080     4.1397     37.953     55.159  40.386097     0.7862      7.464   203.3073 1.2346e-01    11.7411      5.076      7.361    11.6122 0.0000e+00
      5.199      0.079     4.1332     37.938     55.170  40.393597     0.7772      7.461   205.1218 1.2353e-01    11.8635      5.099      7.394    11.6087 0.0000e+00
      5.222      0.074     4.1298     37.913     55.165  40.389185     0.7882      7.459   208.4378 1.2352e-01    11.8917      5.121      7.428    11.6074 0.0000e+00
      5.242      0.069     4.1291     37.854     55.176  40.396209     0.8116      7.455   210.2751 1.2344e-01    11.9452      5.144      7.460    11.6068 0.0000e+00
      5.257      0.064     4.1258     37.746     55.202  40.415050     0.8343      7.451   210.6445 1.2346e-01    12.0648      5.159      7.483    11.6062 0.0000e+00
      5.267      0.060     4.1253     37.606     55.219  40.426590     0.8306      7.449   210.3234 1.2350e-01    12.1089      5.164      7.490    11.6058 0.0000e+00
      5.278      0.056     4.1235     37.455     55.194  40.408809     0.8167      7.446   210.0059 1.2349e-01    12.1034      5.173      7.503    11.6048 0.0000e+00
      5.295      0.054     4.1182     37.312     55.169  40.390456     0.7992      7.443   211.1079 1.2352e-01    12.1342      5.192      7.530    11.6041 0.0000e+00
      5.313      0.058     4.1057     37.205     55.174  40.395086     0.7684      7.441   212.4620 1.2358e-01    12.2081      5.213      7.560    11.6040 0.0000e+00
      5.328      0.065     4.0888     37.133     55.179  40.401329     0.7439      7.438   213.1282 1.2355e-01    12.2455      5.228      7.582    11.6031 0.0000e+00
      5.338      0.072     4.0733     37.086     55.179  40.402474     0.7286      7.435   213.4845 1.2350e-01    12.2106      5.232      7.589    11.6028 0.0000e+00
      5.353      0.077     4.0548     37.077     55.188  40.408933     0.7170      7.431   212.8122 1.2350e-01    12.3336      5.244      7.606    11.6026 0.0000e+00
      5.378      0.082     4.0440     37.104     55.198  40.415957     0.7120      7.429   211.6244 1.2354e-01    12.6387      5.273      7.648    11.6041 0.0000e+00
      5.406      0.087     4.0368     37.137     55.212  40.423932     0.7171      7.427   211.7710 1.2360e-01    12.8249      5.303      7.691    11.6074 0.0000e+00
      5.430      0.092     4.0303     37.165     55.240  40.441884     0.7207      7.424   212.6064 1.2355e-01    12.8429      5.325      7.724    11.6081 0.0000e+00
      5.452      0.093     4.0293     37.193     55.240  40.442613     0.7141      7.421   213.7229 1.2342e-01    12.7535      5.346      7.754    11.6085 0.0000e+00
