Data/DataNotYetUploadedToEDI/Raw_CTD/RawDownloads/082222_fcr50_S7809003.cnv
* Sea-Bird SBE19plus  Data File:
* FileName = C:\R\Reservoirs\Data\DataNotYetUploadedToEDI\Raw_CTD\RawDownloads\082222_bvr50_S7809_0003.hex
* Software version 2.8.0.119
* Temperature SN = 7809
* Conductivity SN = 7809
* System UpLoad Time = Aug 23 2022 11:23:32
* <ApplicationData>
* <Seaterm232>
# nquan = 15
# nvalues = 1111                        
# units = specified
# name 0 = depFM: Depth [fresh water, m]
# name 1 = dz/dtM: Descent Rate [m/s]
# name 2 = sbeox0Mg/L: Oxygen, SBE 43 [mg/l]
# name 3 = sbeox0PS: Oxygen, SBE 43 [% saturation]
# name 4 = specc: Specific Conductance [uS/cm]
# name 5 = c0uS/cm: Conductivity [uS/cm]
# name 6 = flECO-AFL: Fluorescence, WET Labs ECO-AFL/FL [mg/m^3]
# name 7 = ph: pH
# name 8 = orp: Oxidation Reduction Potential [mV]
# name 9 = par/sat/log: PAR/Logarithmic, Satlantic
# name 10 = turbWETntu0: Turbidity, WET Labs ECO [NTU]
# name 11 = prdM: Pressure, Strain Gauge [db]
# name 12 = prdE: Pressure, Strain Gauge [psi]
# name 13 = tv290C: Temperature [ITS-90, deg C]
# name 14 = flag:  0.000e+00
# span 0 =     -0.676,      9.626       
# span 1 =     -0.424,      0.193       
# span 2 =     0.0282,     7.2834       
# span 3 =      0.318,     85.405       
# span 4 =      1.213,    462.910       
# span 5 =   1.086574, 341.384413       
# span 6 =    -0.7424,   227.6060       
# span 7 =      6.665,      8.811       
# span 8 =  -270.7585,   235.9784       
# span 9 = 1.2359e-01, 2.6881e+03       
# span 10 =    -9.3664,   932.4889      
# span 11 =     -0.663,      9.440      
# span 12 =     -0.962,     13.692      
# span 13 =    11.4912,    24.3691      
# span 14 = 0.0000e+00, 0.0000e+00      
# interval = seconds: 0.25
# start_time = Aug 22 2022 10:44:39 [Instrument's time stamp, header]
# bad_flag = -9.990e-29
*END*
[from data line 290]
      2.149      0.064     3.9665     43.860     39.767  37.309696     8.9413      7.827   166.3304 1.8197e+02     3.1438      2.109      3.058    21.9790 0.0000e+00
      2.163      0.063     3.9377     43.461     39.918  37.438767     8.9647      7.820   166.6665 1.7934e+02     3.2009      2.121      3.075    21.9438 0.0000e+00
      2.178      0.061     3.9057     43.068     40.149  37.629396     9.1978      7.813   166.7665 1.7599e+02     3.3202      2.136      3.098    21.9287 0.0000e+00
      2.194      0.061     3.8740     42.666     40.356  37.775466     9.6286      7.805   166.5070 1.7256e+02     3.4242      2.152      3.120    21.9197 0.0000e+00
      2.209      0.061     3.8423     42.228     40.605  37.936486     9.8541      7.796   166.3676 1.6902e+02     3.4341      2.166      3.142    21.9054 0.0000e+00
      2.225      0.060     3.8066     41.759     40.965  38.180978     9.8684      7.789   166.5451 1.6548e+02     3.4391      2.181      3.165    21.8950 0.0000e+00
      2.243      0.059     3.7744     41.219     41.290  38.384996     9.8854      7.782   167.0178 1.6269e+02     3.4860      2.200      3.191    21.8681 0.0000e+00
      2.259      0.057     3.7461     40.507     41.509  38.500541    10.0007      7.776   167.5228 1.6043e+02     3.5561      2.216      3.214    21.8084 0.0000e+00
      2.273      0.055     3.7115     39.481     41.654  38.563199    10.1897      7.770   167.6609 1.5821e+02     3.6382      2.229      3.232    21.7181 0.0000e+00
      2.285      0.052     3.6810     38.052     41.734  38.571709    10.2805      7.764   167.5692 1.5638e+02     3.6928      2.241      3.250    21.6028 0.0000e+00
      2.296      0.049     3.6453     36.317     41.833  38.603348    10.2918      7.756   167.6191 1.5462e+02     3.7047      2.250      3.264    21.4706 0.0000e+00
      2.309      0.046     3.5947     34.435     41.978  38.691973    10.3518      7.749   167.8328 1.5249e+02     3.6452      2.263      3.282    21.3611 0.0000e+00
      2.323      0.044     3.5149     32.536     42.083  38.755333    10.4398      7.742   168.1747 1.5053e+02     3.5207      2.280      3.306    21.2843 0.0000e+00
      2.334      0.043     3.3871     30.712     42.088  38.735171    10.4816      7.732   168.5689 1.4883e+02     3.4286      2.290      3.322    21.2040 0.0000e+00
      2.342      0.042     3.2337     29.077     42.066  38.701842    10.4822      7.722   168.8134 1.4705e+02     3.4191      2.296      3.330    21.1288 0.0000e+00
      2.351      0.039     3.0647     27.768     42.103  38.732853    10.4557      7.714   168.9796 1.4524e+02     3.5089      2.304      3.342    21.0756 0.0000e+00
      2.362      0.034     2.8958     26.804     42.107  38.729605    10.4111      7.708   169.2022 1.4343e+02     3.6608      2.316      3.359    21.0398 0.0000e+00
      2.373      0.030     2.7325     26.151     42.042  38.662564    10.3753      7.700   169.4396 1.4195e+02     3.7176      2.329      3.377    21.0063 0.0000e+00
      2.381      0.029     2.5801     25.771     42.060  38.683298    10.3638      7.691   169.8716 1.4091e+02     3.6832      2.337      3.390    20.9886 0.0000e+00
      2.386      0.030     2.4649     25.601     42.172  38.790039    10.4220      7.684   170.4677 1.4016e+02     3.6548      2.341      3.395    20.9977 0.0000e+00
      2.389      0.031     2.3803     25.575     42.290  38.875024    10.5295      7.679   170.7963 1.3941e+02     3.6475      2.343      3.398    20.9863 0.0000e+00
      2.394      0.034     2.3235     25.655     42.436  38.949754    10.5899      7.674   170.8330 1.3813e+02     3.6976      2.345      3.402    20.9673 0.0000e+00
      2.404      0.038     2.2919     25.804     42.584  38.995889    10.5953      7.669   170.8257 1.3609e+02     3.7144      2.356      3.417    20.9788 0.0000e+00
      2.419      0.041     2.2775     25.920     42.698  38.988759    10.5939      7.663   170.7934 1.3360e+02     3.6795      2.373      3.442    20.9989 0.0000e+00
      2.434      0.044     2.2779     25.900     42.825  38.990238    10.6571      7.657   170.8735 1.3132e+02     3.6850      2.387      3.464    20.9754 0.0000e+00
      2.445      0.048     2.2883     25.739     42.974  39.013617    10.7856      7.649   171.2777 1.2952e+02     3.7132      2.398      3.478    20.8976 0.0000e+00
      2.454      0.053     2.3101     25.483     43.113  39.017601    10.8656      7.640   171.7231 1.2813e+02     3.7471      2.406      3.490    20.7942 0.0000e+00
      2.463      0.059     2.3319     25.188     43.278  39.038246    10.8914      7.630   171.9562 1.2681e+02     3.7186      2.413      3.500    20.6509 0.0000e+00
      2.477      0.066     2.3352     24.923     43.529  39.136215    10.9730      7.621   172.1177 1.2476e+02     3.6421      2.426      3.520    20.5115 0.0000e+00
      2.497      0.073     2.3246     24.755     43.599  39.060363    11.1021      7.612   172.2996 1.2155e+02     3.6420      2.448      3.551    20.3973 0.0000e+00
      2.522      0.079     2.3067     24.709     43.357  38.691725    11.1628      7.604   172.5207 1.1791e+02     3.6835      2.474      3.588    20.2466 0.0000e+00
      2.546      0.080     2.2847     24.711     43.238  38.420682    11.1741      7.596   172.8120 1.1479e+02     3.6998      2.498      3.624    20.0949 0.0000e+00
      2.567      0.077     2.2644     24.592     43.383  38.383247    11.2222      7.589   173.2403 1.1207e+02     3.7371      2.517      3.651    19.9556 0.0000e+00
      2.587      0.072     2.2549     24.188     43.609  38.429155    11.2869      7.582   173.7415 1.0954e+02     3.7928      2.537      3.680    19.7954 0.0000e+00
      2.605      0.067     2.2607     23.407     43.881  38.531607    11.3154      7.574   173.9672 1.0759e+02     3.8263      2.557      3.708    19.6204 0.0000e+00
      2.619      0.065     2.2765     22.280     44.189  38.670504    11.3259      7.565   173.9905 1.0635e+02     3.8680      2.570      3.727    19.4270 0.0000e+00
      2.630      0.065     2.2799     20.950     44.527  38.839974    11.4218      7.557   174.2815 1.0502e+02     3.9217      2.578      3.739    19.2283 0.0000e+00
      2.644      0.067     2.2543     19.554     45.195  39.312065    11.5918      7.549   174.8183 1.0277e+02     3.9296      2.591      3.758    19.0473 0.0000e+00
      2.664      0.070     2.1882     18.193     46.190  40.065583    11.6837      7.541   175.4048 1.0005e+02     3.8946      2.613      3.789    18.8989 0.0000e+00
      2.686      0.072     2.0824     16.918     46.888  40.529943    11.7014      7.533   175.9515 9.7664e+01     3.8741      2.635      3.821    18.7539 0.0000e+00
      2.706      0.073     1.9613     15.752     47.663  41.057530    11.7478      7.525   176.3520 9.5519e+01     3.8873      2.653      3.848    18.5976 0.0000e+00
      2.726      0.073     1.8309     14.740     48.965  42.067742    11.8194      7.517   176.6344 9.3378e+01     3.9176      2.673      3.877    18.4859 0.0000e+00
      2.745      0.074     1.7052     13.899     49.994  42.849066    11.8764      7.508   176.8712 9.1558e+01     3.9321      2.694      3.907    18.3884 0.0000e+00
      2.760      0.077     1.5914     13.181     51.149  43.717191    12.1799      7.500   177.1494 8.9931e+01     3.9615      2.707      3.926    18.2161 0.0000e+00
      2.775      0.082     1.4844     12.527     53.355  45.458989    15.6303      7.490   177.4172 8.7876e+01     4.3753      2.719      3.944    18.0462 0.0000e+00
      2.796      0.088     1.3900     11.870     55.715  47.287337    21.9751      7.477   177.3564 8.5264e+01     5.1423      2.739      3.973    17.9538 0.0000e+00
      2.821      0.094     1.3157     11.158     57.106  48.249318    25.4467      7.463   177.1018 8.2434e+01     5.5848      2.766      4.012    17.8596 0.0000e+00
      2.849      0.097     1.2521     10.387     57.522  48.397533    25.7778      7.449   177.0923 7.9576e+01     5.6258      2.793      4.051    17.7355 0.0000e+00
      2.878      0.097     1.1950      9.521     57.754  48.444648    25.9614      7.435   177.2421 7.6785e+01     5.6044      2.822      4.094    17.6141 0.0000e+00
      2.906      0.096     1.1392      8.514     58.553  49.009130    27.8747      7.418   177.3637 7.4618e+01     5.9748      2.852      4.138    17.4551 0.0000e+00
      2.928      0.093     1.0742      7.419     59.670  49.828939    31.4087      7.401   177.3591 7.3089e+01     6.7569      2.872      4.167    17.2352 0.0000e+00
      2.946      0.088     1.0055      6.346     60.581  50.424904    33.3341      7.384   177.2716 7.1277e+01     7.2380      2.886      4.187    17.0426 0.0000e+00
      2.967      0.083     0.9278      5.371     61.276  50.820869    33.4679      7.367   177.5100 6.9083e+01     7.2829      2.909      4.219    16.9208 0.0000e+00
      2.992      0.077     0.8290      4.539     61.755  51.062594    33.0265      7.350   178.4354 6.7083e+01     7.2306      2.935      4.256    16.8494 0.0000e+00
      3.014      0.069     0.7185      3.838     61.988  51.126301    32.1835      7.336   180.0283 6.5365e+01     7.2209      2.957      4.288    16.7748 0.0000e+00
      3.032      0.060     0.6154      3.256     62.119  51.146762    31.7146      7.326   181.7989 6.4010e+01     7.2345      2.976      4.316    16.6194 0.0000e+00
      3.047      0.050     0.5190      2.797     62.384  51.309878    31.5846      7.315   183.1521 6.3175e+01     7.2578      2.990      4.337    16.4492 0.0000e+00
      3.056      0.043     0.4407      2.432     62.882  51.638853    30.5622      7.303   183.8276 6.2663e+01     7.3313      2.998      4.348    16.3376 0.0000e+00
      3.061      0.038     0.3734      2.112     63.491  52.014649    28.6838      7.293   184.2886 6.2193e+01     7.4067      3.001      4.354    16.2225 0.0000e+00
      3.067      0.037     0.3151      1.821     64.094  52.362985    27.6495      7.284   184.9392 6.1558e+01     7.4178      3.007      4.361    16.1468 0.0000e+00
      3.076      0.040     0.2726      1.602     64.503  52.550253    27.4948      7.276   185.4137 6.0584e+01     7.4660      3.016      4.374    16.1345 0.0000e+00
      3.088      0.049     0.2375      1.473     64.748  52.628641    26.8543      7.266   185.3790 5.9276e+01     7.9890      3.028      4.391    16.0711 0.0000e+00
      3.101      0.064     0.2093      1.393     66.377  53.881806    25.6903      7.255   185.0356 5.7791e+01     8.8900      3.041      4.411    15.9626 0.0000e+00
      3.116      0.080     0.1770      1.321     71.193  57.736869    25.0492      7.243   185.1343 5.6222e+01     9.3766      3.055      4.430    15.8476 0.0000e+00
      3.133      0.092     0.1552      1.262     76.113  61.596006    25.0203      7.229   185.6263 5.3999e+01     9.4312      3.069      4.451    15.7238 0.0000e+00
      3.161      0.096     0.1450      1.229     76.645  61.816464    25.4571      7.215   185.7352 5.0393e+01     9.6530      3.093      4.488    15.6201 0.0000e+00
      3.199      0.092     0.1389      1.213     74.245  59.704971    26.2858      7.203   185.2462 4.6293e+01    10.0775      3.138      4.552    15.5706 0.0000e+00
      3.235      0.080     0.1313      1.206     71.529  57.462608    26.7501      7.193   184.4472 4.3609e+01    10.3281      3.180      4.611    15.5740 0.0000e+00
      3.256      0.062     0.1243      1.204     69.050  55.527007    26.7934      7.184   183.8181 4.2780e+01    10.3941      3.198      4.638    15.4931 0.0000e+00
      3.262      0.042     0.1230      1.200     68.035  54.837446    26.7419      7.175   183.2315 4.2802e+01    10.3626      3.200      4.642    15.3051 0.0000e+00
      3.262      0.024     0.1214      1.183     68.516  55.346028    26.2108      7.167   182.0010 4.3166e+01    10.1181      3.200      4.641    15.1703 0.0000e+00
      3.259      0.014     0.1213      1.162     69.187  55.963794    25.2490      7.162   180.4698 4.3596e+01     9.7610      3.196      4.635    15.1345 0.0000e+00
      3.257      0.017     0.1205      1.158     70.616  57.165522    24.7346      7.156   179.5166 4.3424e+01     9.5980      3.192      4.629    15.1844 0.0000e+00
      3.261      0.027     0.1211      1.165     73.446  59.465200    24.7185      7.149   179.1656 4.2755e+01     9.6161      3.197      4.637    15.3008 0.0000e+00
      3.269      0.040     0.1185      1.165     76.260  61.676493    24.9305      7.142   178.7212 4.1763e+01     9.3986      3.205      4.648    15.4035 0.0000e+00
      3.281      0.051     0.1150      1.161     78.096  63.014172    25.3162      7.133   177.4131 3.9964e+01     8.9151      3.215      4.662    15.4442 0.0000e+00
      3.301      0.061     0.1152      1.164     79.574  64.019229    25.5197      7.121   175.7383 3.7674e+01     8.6213      3.237      4.694    15.4775 0.0000e+00
      3.323      0.067     0.1168      1.179     81.184  65.128778    25.5355      7.108   174.3026 3.5929e+01     8.6129      3.261      4.730    15.4996 0.0000e+00
      3.339      0.068     0.1164      1.207     82.691  66.141893    25.5645      7.096   171.5841 3.4459e+01     8.6768      3.274      4.748    15.4556 0.0000e+00
      3.356      0.064     0.1158      1.219     84.051  66.996620    25.6217      7.084   166.1856 3.2263e+01     8.7108      3.289      4.769    15.3521 0.0000e+00
      3.375      0.059     0.1165      1.204     85.071  67.587740    25.6608      7.072   159.7927 3.0144e+01     8.6826      3.313      4.807    15.2173 0.0000e+00
      3.390      0.060     0.1176      1.175     86.128  68.271450    25.6457      7.058   154.6014 2.9030e+01     8.7116      3.328      4.827    15.1100 0.0000e+00
      3.397      0.069     0.1225      1.152     88.072  69.673752    25.4067      7.043   150.9976 2.8082e+01     9.3686      3.331      4.832    15.0056 0.0000e+00
      3.407      0.081     0.1247      1.132     89.946  70.949793    24.9760      7.029   148.2261 2.6199e+01    10.5461      3.338      4.842    14.8520 0.0000e+00
      3.426      0.092     0.1225      1.098     90.594  71.186285    24.7419      7.017   145.0112 2.3039e+01    11.1981      3.355      4.866    14.6988 0.0000e+00
      3.458      0.102     0.1191      1.048     90.740  71.008367    24.6572      7.009   141.1215 1.9380e+01    11.3078      3.388      4.914    14.6227 0.0000e+00
      3.498      0.107     0.1166      1.005     91.096  71.021603    23.8270      7.003   137.0749 1.6415e+01    11.4625      3.432      4.978    14.5751 0.0000e+00
      3.534      0.106     0.1163      0.979     91.131  70.837826    22.2851      6.998   132.9082 1.4574e+01    11.6677      3.471      5.034    14.4521 0.0000e+00
      3.560      0.099     0.1132      0.956     90.663  70.310620    21.4292      6.993   129.2014 1.3512e+01    11.7395      3.494      5.068    14.2868 0.0000e+00
      3.578      0.086     0.1074      0.922     90.330  69.919356    21.2862      6.989   126.2420 1.2700e+01    11.7845      3.509      5.090    14.1192 0.0000e+00
      3.596      0.073     0.1025      0.897     90.381  69.854708    20.6052      6.986   123.2820 1.1936e+01    12.2462      3.526      5.114    13.9666 0.0000e+00
      3.614      0.064     0.1011      0.895     90.624  69.973487    19.3715      6.984   119.9992 1.1307e+01    13.0171      3.544      5.140    13.8529 0.0000e+00
      3.629      0.061     0.0997      0.899     90.729  70.021495    18.7042      6.983   116.5775 1.0874e+01    13.4194      3.561      5.164    13.7681 0.0000e+00
      3.641      0.064     0.0956      0.892     90.370  69.736417    18.6464      6.983   113.5727 1.0498e+01    13.4563      3.571      5.180    13.6935 0.0000e+00
      3.653      0.071     0.0916      0.869     89.535  69.067411    18.5641      6.983   111.2016 1.0002e+01    13.4284      3.582      5.194    13.6338 0.0000e+00
