Data/DataNotYetUploadedToEDI/Raw_CTD/RawDownloads/082222_fcr50_S7809003.cnv
* Sea-Bird SBE19plus  Data File:
* FileName = C:\R\Reservoirs\Data\DataNotYetUploadedToEDI\Raw_CTD\RawDownloads\082222_bvr50_S7809_0003.hex
* Software version 2.8.0.119
* Temperature SN = 7809
* Conductivity SN = 7809
* System UpLoad Time = Aug 23 2022 11:23:32
* <ApplicationData>
* <Seaterm232>
# nquan = 15
# nvalues = 1111                        
# units = specified
# name 0 = depFM: Depth [fresh water, m]
# name 1 = dz/dtM: Descent Rate [m/s]
# name 2 = sbeox0Mg/L: Oxygen, SBE 43 [mg/l]
# name 3 = sbeox0PS: Oxygen, SBE 43 [% saturation]
# name 4 = specc: Specific Conductance [uS/cm]
# name 5 = c0uS/cm: Conductivity [uS/cm]
# name 6 = flECO-AFL: Fluorescence, WET Labs ECO-AFL/FL [mg/m^3]
# name 7 = ph: pH
# name 8 = orp: Oxidation Reduction Potential [mV]
# name 9 = par/sat/log: PAR/Logarithmic, Satlantic
# name 10 = turbWETntu0: Turbidity, WET Labs ECO [NTU]
# name 11 = prdM: Pressure, Strain Gauge [db]
# name 12 = prdE: Pressure, Strain Gauge [psi]
# name 13 = tv290C: Temperature [ITS-90, deg C]
# name 14 = flag:  0.000e+00
# span 0 =     -0.676,      9.626       
# span 1 =     -0.424,      0.193       
# span 2 =     0.0282,     7.2834       
# span 3 =      0.318,     85.405       
# span 4 =      1.213,    462.910       
# span 5 =   1.086574, 341.384413       
# span 6 =    -0.7424,   227.6060       
# span 7 =      6.665,      8.811       
# span 8 =  -270.7585,   235.9784       
# span 9 = 1.2359e-01, 2.6881e+03       
# span 10 =    -9.3664,   932.4889      
# span 11 =     -0.663,      9.440      
# span 12 =     -0.962,     13.692      
# span 13 =    11.4912,    24.3691      
# span 14 = 0.0000e+00, 0.0000e+00      
# interval = seconds: 0.25
# start_time = Aug 22 2022 10:44:39 [Instrument's time stamp, header]
# bad_flag = -9.990e-29
*END*
[from data line 579]
      6.618      0.038     0.0518      0.475     58.783  42.958858     1.2922      6.778    69.2336 1.2360e-01    21.9962      6.491      9.414    11.5130 0.0000e+00
      6.625      0.034     0.0564      0.478     58.801  42.976173     1.3052      6.777    68.4796 1.2362e-01    22.0230      6.497      9.423    11.5172 0.0000e+00
      6.633      0.034     0.0545      0.484     58.779  42.958993     1.3270      6.776    68.3124 1.2367e-01    22.0154      6.505      9.434    11.5237 0.0000e+00
      6.640      0.036     0.0496      0.485     58.757  42.941431     1.3483      6.774    68.9328 1.2372e-01    21.9724      6.512      9.444    11.5309 0.0000e+00
      6.648      0.038     0.0528      0.469     58.775  42.954138     1.3551      6.772    69.6148 1.2376e-01    21.9808      6.518      9.453    11.5387 0.0000e+00
      6.659      0.040     0.0511      0.454     58.817  42.985760     1.3593      6.772    69.2439 1.2379e-01    22.0148      6.529      9.470    11.5422 0.0000e+00
      6.673      0.041     0.0529      0.458     58.845  43.006591     1.3567      6.771    68.1480 1.2379e-01    22.0083      6.545      9.493    11.5400 0.0000e+00
      6.685      0.042     0.0543      0.475     58.862  43.015698     1.3412      6.770    68.1516 1.2378e-01    22.0385      6.558      9.512    11.5381 0.0000e+00
      6.694      0.042     0.0508      0.489     58.897  43.032432     1.3216      6.769    69.0293 1.2375e-01    22.0721      6.565      9.521    11.5381 0.0000e+00
      6.703      0.041     0.0487      0.504     58.889  43.018603     1.3020      6.769    69.4680 1.2369e-01    22.0392      6.572      9.531    11.5385 0.0000e+00
      6.713      0.040     0.0486      0.499     58.838  42.975353     1.2960      6.768    69.2407 1.2368e-01    22.0502      6.583      9.547    11.5415 0.0000e+00
      6.724      0.040     0.0531      0.483     58.813  42.953550     1.3160      6.766    68.7761 1.2372e-01    22.1367      6.594      9.564    11.5385 0.0000e+00
      6.736      0.040     0.0520      0.491     58.804  42.945280     1.3528      6.764    68.7537 1.2377e-01    22.1971      6.606      9.581    11.5287 0.0000e+00
      6.746      0.040     0.0564      0.505     58.797  42.938803     1.3663      6.764    69.2286 1.2380e-01    22.2339      6.617      9.596    11.5216 0.0000e+00
      6.755      0.039     0.0559      0.510     58.799  42.938669     1.3541      6.764    69.6997 1.2376e-01    22.2408      6.623      9.606    11.5169 0.0000e+00
      6.764      0.038     0.0496      0.491     58.808  42.943659     1.3378      6.764    69.7181 1.2374e-01    22.1437      6.633      9.620    11.5139 0.0000e+00
      6.774      0.039     0.0548      0.476     58.797  42.935695     1.3190      6.764    69.3651 1.2379e-01    22.0503      6.645      9.638    11.5129 0.0000e+00
      6.784      0.042     0.0542      0.493     58.757  42.905806     1.3108      6.764    69.1311 1.2380e-01    22.0684      6.654      9.651    11.5116 0.0000e+00
      6.792      0.046     0.0576      0.506     58.749  42.899453     1.3133      6.763    69.2122 1.2376e-01    22.0893      6.659      9.658    11.5097 0.0000e+00
      6.804      0.050     0.0533      0.500     58.781  42.922320     1.3241      6.762    69.4850 1.2376e-01    22.0628      6.670      9.674    11.5086 0.0000e+00
      6.820      0.054     0.0490      0.487     58.790  42.928549     1.3421      6.762    69.8488 1.2378e-01    22.0221      6.688      9.700    11.5084 0.0000e+00
      6.836      0.059     0.0552      0.493     58.768  42.911328     1.3551      6.762    70.1684 1.2379e-01    22.0062      6.705      9.725    11.5084 0.0000e+00
      6.851      0.064     0.0553      0.513     58.759  42.904410     1.3647      6.762    70.2523 1.2378e-01    22.0418      6.718      9.744    11.5082 0.0000e+00
      6.865      0.067     0.0556      0.511     58.765  42.908344     1.3664      6.761    70.2605 1.2376e-01    22.1798      6.731      9.763    11.5076 0.0000e+00
      6.883      0.068     0.0516      0.481     58.747  42.895449     1.3597      6.761    70.3548 1.2371e-01    22.4100      6.748      9.787    11.5072 0.0000e+00
      6.903      0.068     0.0530      0.461     58.719  42.875369     1.3579      6.761    70.6183 1.2369e-01    22.5029      6.769      9.818    11.5067 0.0000e+00
      6.924      0.067     0.0571      0.464     58.693  42.855873     1.3617      6.760    71.0364 1.2373e-01    22.4825      6.792      9.850    11.5063 0.0000e+00
      6.941      0.065     0.0574      0.460     58.685  42.850028     1.3566      6.759    71.2805 1.2374e-01    22.4374      6.808      9.874    11.5058 0.0000e+00
      6.955      0.061     0.0519      0.459     58.710  42.868124     1.3373      6.759    71.2457 1.2370e-01    22.2990      6.820      9.892    11.5058 0.0000e+00
      6.970      0.057     0.0483      0.459     58.733  42.884367     1.3193      6.758    71.2178 1.2370e-01    22.2098      6.835      9.913    11.5060 0.0000e+00
      6.985      0.055     0.0521      0.445     58.781  42.919544     1.3055      6.758    71.4598 1.2375e-01    22.2136      6.851      9.936    11.5058 0.0000e+00
      6.998      0.055     0.0497      0.456     58.859  42.976273     1.3198      6.757    71.7638 1.2380e-01    22.2763      6.863      9.953    11.5058 0.0000e+00
      7.009      0.059     0.0494      0.493     58.891  42.999345     1.3601      6.756    71.8809 1.2382e-01    22.3873      6.873      9.968    11.5056 0.0000e+00
      7.021      0.064     0.0522      0.502     58.904  43.008195     1.3682      6.756    71.9296 1.2378e-01    22.4617      6.884      9.985    11.5054 0.0000e+00
      7.038      0.069     0.0468      0.483     58.921  43.019842     1.3589      6.755    72.0082 1.2375e-01    22.4931      6.899     10.006    11.5053 0.0000e+00
      7.059      0.074     0.0474      0.466     58.913  43.013301     1.3642      6.754    72.1431 1.2375e-01    22.4932      6.922     10.040    11.5049 0.0000e+00
      7.083      0.077     0.0563      0.458     58.884  42.992538     1.3741      6.754    72.3562 1.2375e-01    22.4981      6.947     10.075    11.5043 0.0000e+00
      7.104      0.077     0.0557      0.456     58.838  42.959114     1.3871      6.754    72.5192 1.2378e-01    22.5180      6.967     10.105    11.5040 0.0000e+00
      7.123      0.074     0.0522      0.451     58.793  42.926347     1.3891      6.754    72.5659 1.2381e-01    22.4945      6.986     10.132    11.5038 0.0000e+00
      7.141      0.068     0.0506      0.451     58.775  42.913536     1.3730      6.754    72.6622 1.2377e-01    22.4535      7.003     10.157    11.5035 0.0000e+00
      7.159      0.062     0.0495      0.472     58.798  42.931080     1.3757      6.754    72.6520 1.2370e-01    22.3295      7.021     10.183    11.5033 0.0000e+00
      7.174      0.058     0.0499      0.494     58.822  42.948166     1.4133      6.753    72.5286 1.2366e-01    22.1222      7.037     10.206    11.5034 0.0000e+00
      7.186      0.054     0.0494      0.508     58.797  42.929821     1.4446      6.752    72.6322 1.2364e-01    22.0315      7.047     10.221    11.5036 0.0000e+00
      7.197      0.052     0.0475      0.515     58.755  42.899581     1.4371      6.752    72.7863 1.2367e-01    22.0170      7.057     10.235    11.5038 0.0000e+00
      7.209      0.051     0.0517      0.498     58.755  42.899706     1.3978      6.752    72.7568 1.2375e-01    22.0494      7.069     10.253    11.5040 0.0000e+00
      7.223      0.051     0.0549      0.486     58.799  42.931332     1.3688      6.751    72.7917 1.2378e-01    22.1495      7.084     10.275    11.5041 0.0000e+00
      7.237      0.052     0.0544      0.496     58.845  42.964790     1.3696      6.751    72.9505 1.2375e-01    22.2033      7.098     10.294    11.5044 0.0000e+00
      7.250      0.053     0.0584      0.486     58.875  42.987062     1.3745      6.752    72.9556 1.2374e-01    22.2559      7.110     10.311    11.5045 0.0000e+00
      7.263      0.054     0.0539      0.466     58.907  43.010322     1.3690      6.752    72.8540 1.2379e-01    22.5123      7.123     10.331    11.5041 0.0000e+00
      7.277      0.055     0.0506      0.463     58.969  43.055715     1.3545      6.751    72.8401 1.2383e-01    22.9467      7.137     10.351    11.5039 0.0000e+00
      7.290      0.055     0.0562      0.463     59.018  43.091849     1.3484      6.750    73.2185 1.2380e-01    23.2043      7.149     10.369    11.5042 0.0000e+00
      7.305      0.055     0.0535      0.457     58.983  43.066595     1.3618      6.750    73.9011 1.2376e-01    23.2011      7.162     10.388    11.5044 0.0000e+00
      7.321      0.054     0.0492      0.451     58.898  43.004118     1.3753      6.750    74.0384 1.2372e-01    23.0104      7.178     10.411    11.5040 0.0000e+00
      7.336      0.053     0.0508      0.446     58.853  42.970800     1.3697      6.749    73.6744 1.2372e-01    22.6751      7.195     10.436    11.5039 0.0000e+00
      7.349      0.053     0.0507      0.444     58.868  42.980930     1.3522      6.748    73.5429 1.2379e-01    22.4597      7.207     10.454    11.5045 0.0000e+00
      7.360      0.054     0.0497      0.446     58.895  42.999727     1.3388      6.748    73.9970 1.2379e-01    22.4217      7.218     10.468    11.5045 0.0000e+00
      7.371      0.056     0.0490      0.440     58.906  43.007766     1.3403      6.748    74.7773 1.2370e-01    22.4216      7.228     10.483    11.5044 0.0000e+00
      7.385      0.060     0.0487      0.434     58.915  43.014689     1.3454      6.748    75.1474 1.2373e-01    22.3894      7.242     10.503    11.5041 0.0000e+00
      7.400      0.063     0.0477      0.440     58.920  43.020003     1.3264      6.748    74.9453 1.2380e-01    22.2718      7.257     10.525    11.5031 0.0000e+00
      7.420      0.065     0.0493      0.449     58.903  43.008575     1.3019      6.748    74.6567 1.2381e-01    22.1949      7.275     10.552    11.5021 0.0000e+00
      7.440      0.065     0.0483      0.465     58.895  43.003385     1.2986      6.747    74.9273 1.2384e-01    22.2109      7.297     10.583    11.5020 0.0000e+00
      7.458      0.064     0.0460      0.488     58.920  43.020700     1.3201      6.745    75.6354 1.2384e-01    22.3284      7.316     10.611    11.5035 0.0000e+00
      7.472      0.062     0.0485      0.498     58.931  43.027618     1.3529      6.745    76.0769 1.2383e-01    22.5909      7.328     10.629    11.5045 0.0000e+00
      7.485      0.060     0.0484      0.495     58.927  43.023587     1.3619      6.745    76.0495 1.2382e-01    22.7207      7.340     10.645    11.5051 0.0000e+00
      7.499      0.059     0.0499      0.490     58.945  43.035391     1.3548      6.745    75.8209 1.2379e-01    22.6344      7.354     10.666    11.5056 0.0000e+00
      7.514      0.061     0.0542      0.478     58.956  43.043461     1.3421      6.745    75.7217 1.2374e-01    22.5375      7.370     10.689    11.5051 0.0000e+00
      7.529      0.064     0.0551      0.459     58.975  43.057732     1.3252      6.744    75.9677 1.2367e-01    22.5058      7.383     10.709    11.5043 0.0000e+00
      7.545      0.067     0.0534      0.448     59.005  43.081066     1.3252      6.744    76.4736 1.2367e-01    22.5244      7.398     10.729    11.5032 0.0000e+00
      7.564      0.067     0.0539      0.443     58.991  43.071850     1.3252      6.744    76.8485 1.2379e-01    22.4894      7.417     10.758    11.5020 0.0000e+00
      7.584      0.065     0.0529      0.441     58.994  43.073165     1.3245      6.744    76.9723 1.2389e-01    22.5262      7.437     10.787    11.5012 0.0000e+00
      7.603      0.061     0.0490      0.441     59.028  43.096965     1.3425      6.744    76.5068 1.2383e-01    22.7305      7.457     10.815    11.5023 0.0000e+00
      7.619      0.056     0.0492      0.444     59.041  43.105870     1.3592      6.743    75.7814 1.2370e-01    22.8753      7.474     10.839    11.5045 0.0000e+00
      7.630      0.050     0.0482      0.453     59.058  43.117403     1.3691      6.743    75.7729 1.2373e-01    22.9451      7.484     10.854    11.5044 0.0000e+00
      7.640      0.045     0.0478      0.477     59.048  43.109542     1.3789      6.742    76.3174 1.2382e-01    22.9260      7.491     10.866    11.5034 0.0000e+00
      7.650      0.041     0.0481      0.504     59.001  43.074252     1.3774      6.741    76.8585 1.2381e-01    22.8142      7.502     10.880    11.5026 0.0000e+00
      7.660      0.039     0.0482      0.509     58.997  43.071326     1.3671      6.740    76.3785 1.2374e-01    22.7548      7.513     10.896    11.5017 0.0000e+00
      7.669      0.039     0.0487      0.492     59.001  43.074166     1.3633      6.741    75.1604 1.2370e-01    22.7208      7.521     10.909    11.5012 0.0000e+00
      7.679      0.041     0.0513      0.473     58.962  43.045156     1.3638      6.741    75.1232 1.2372e-01    22.6765      7.529     10.921    11.5009 0.0000e+00
      7.689      0.044     0.0565      0.464     58.952  43.037739     1.3571      6.740    75.9290 1.2377e-01    22.5947      7.540     10.936    11.5007 0.0000e+00
      7.699      0.046     0.0563      0.476     58.967  43.047927     1.3486      6.740    76.2985 1.2380e-01    22.5173      7.549     10.949    11.5003 0.0000e+00
      7.712      0.048     0.0534      0.482     58.958  43.041469     1.3528      6.741    75.8045 1.2375e-01    22.4919      7.561     10.966    11.5000 0.0000e+00
      7.727      0.051     0.0514      0.461     58.933  43.023097     1.3663      6.742    74.7749 1.2371e-01    22.4927      7.579     10.992    11.4995 0.0000e+00
      7.740      0.056     0.0491      0.451     58.924  43.016096     1.3868      6.742    74.3464 1.2375e-01    22.6293      7.593     11.012    11.4990 0.0000e+00
      7.752      0.062     0.0517      0.454     58.929  43.020247     1.4102      6.741    74.7535 1.2378e-01    22.8451      7.601     11.024    11.4987 0.0000e+00
      7.766      0.068     0.0555      0.451     58.914  43.009856     1.4156      6.740    75.4811 1.2378e-01    22.9508      7.614     11.043    11.4986 0.0000e+00
      7.784      0.072     0.0486      0.457     58.925  43.017333     1.4102      6.740    75.6578 1.2370e-01    22.9513      7.633     11.071    11.4989 0.0000e+00
      7.806      0.073     0.0482      0.460     58.967  43.047210     1.4033      6.740    75.0832 1.2365e-01    22.8167      7.655     11.103    11.4991 0.0000e+00
      7.831      0.069     0.0510      0.441     58.977  43.053916     1.3903      6.739    74.6431 1.2365e-01    22.6210      7.679     11.138    11.4992 0.0000e+00
      7.853      0.061     0.0479      0.431     58.951  43.034981     1.3780      6.739    74.6380 1.2366e-01    22.5329      7.704     11.173    11.4994 0.0000e+00
      7.869      0.051     0.0499      0.442     58.915  43.008577     1.3629      6.739    74.8493 1.2366e-01    22.5019      7.720     11.197    11.4991 0.0000e+00
      7.876      0.042     0.0521      0.452     58.888  42.988415     1.3408      6.739    75.3058 1.2362e-01    22.4169      7.726     11.205    11.4987 0.0000e+00
      7.879      0.039     0.0474      0.455     58.878  42.981501     1.3192      6.740    75.7688 1.2359e-01    22.2913      7.726     11.205    11.4982 0.0000e+00
      7.882      0.042     0.0451      0.448     58.887  42.988416     1.3091      6.740    75.8015 1.2361e-01    22.2469      7.729     11.209    11.4976 0.0000e+00
      7.891      0.049     0.0494      0.438     58.915  43.008588     1.3106      6.739    75.5294 1.2362e-01    22.2563      7.736     11.220    11.4974 0.0000e+00
      7.907      0.057     0.0490      0.438     58.951  43.035095     1.3128      6.738    75.2315 1.2364e-01    22.3712      7.751     11.242    11.4976 0.0000e+00
