Data/DataNotYetUploadedToEDI/Raw_CTD/RawDownloads/082222_bvr50_S7809001.cnv
* Sea-Bird SBE19plus  Data File:
* FileName = C:\R\Reservoirs\Data\DataNotYetUploadedToEDI\Raw_CTD\RawDownloads\082222_bvr50_S7809_0001.hex
* Software version 2.8.0.119
* Temperature SN = 7809
* Conductivity SN = 7809
* System UpLoad Time = Aug 23 2022 11:22:20
* <ApplicationData>
* <Seaterm232>
# nquan = 15
# nvalues = 1311                        
# units = specified
# name 0 = depFM: Depth [fresh water, m]
# name 1 = dz/dtM: Descent Rate [m/s]
# name 2 = sbeox0Mg/L: Oxygen, SBE 43 [mg/l]
# name 3 = sbeox0PS: Oxygen, SBE 43 [% saturation]
# name 4 = specc: Specific Conductance [uS/cm]
# name 5 = c0uS/cm: Conductivity [uS/cm]
# name 6 = flECO-AFL: Fluorescence, WET Labs ECO-AFL/FL [mg/m^3]
# name 7 = ph: pH
# name 8 = orp: Oxidation Reduction Potential [mV]
# name 9 = par/sat/log: PAR/Logarithmic, Satlantic
# name 10 = turbWETntu0: Turbidity, WET Labs ECO [NTU]
# name 11 = prdM: Pressure, Strain Gauge [db]
# name 12 = prdE: Pressure, Strain Gauge [psi]
# name 13 = tv290C: Temperature [ITS-90, deg C]
# name 14 = flag:  0.000e+00
# span 0 =     -0.765,      7.506       
# span 1 =     -4.252,      0.254       
# span 2 =     0.0268,     6.9841       
# span 3 =      0.275,     83.200       
# span 4 =      0.667,    304.783       
# span 5 =   0.615242, 215.361306       
# span 6 =    -0.2573,   107.6128       
# span 7 =      5.984,      7.842       
# span 8 = -1240.7440,   574.1692       
# span 9 = 1.2360e-01, 8.8202e+02       
# span 10 =    -1.2377,    39.0631      
# span 11 =     -0.751,      7.361      
# span 12 =     -1.089,     10.676      
# span 13 =     9.9890,    24.2041      
# span 14 = 0.0000e+00, 0.0000e+00      
# interval = seconds: 0.25
# start_time = Aug 22 2022 07:27:40 [Instrument's time stamp, header]
# bad_flag = -9.990e-29
*END*
[from data line 964]
      3.281      0.004     0.0415      0.402    135.334  97.524452     3.4233      7.729  -120.5922 2.9133e+00     8.5191      3.216      4.664    10.9756 0.0000e+00
      3.285     -0.006     0.0421      0.400    134.927  97.229604     3.4137      7.726  -121.1855 2.8732e+00     8.4401      3.223      4.673    10.9903 0.0000e+00
      3.289     -0.027     0.0411      0.408    134.160  96.678883     3.3807      7.723  -121.3658 2.8736e+00     8.1606      3.228      4.682    11.0126 0.0000e+00
      3.288     -0.063     0.0448      0.408    132.324  95.381748     3.3241      7.721  -120.7928 2.9416e+00     7.7011      3.226      4.680    11.0260 0.0000e+00
      3.278     -0.111     0.0450      0.397    129.428  93.375703     3.2953      7.718  -120.2809 3.1606e+00     7.4625      3.219      4.669    11.0311 0.0000e+00
      3.251     -0.165     0.0426      0.382    126.867  91.694156     3.3065      7.716  -120.0812 3.7441e+00     7.4962      3.199      4.639    11.0266 0.0000e+00
      3.198     -0.216     0.0464      0.376    122.976  89.104897     3.4426      7.716  -119.7547 5.0495e+00     7.5277      3.146      4.562    11.0256 0.0000e+00
      3.122     -0.254     0.0448      0.371    116.593  84.767238     3.6843      7.716  -119.4307 7.5562e+00     7.5018      3.064      4.444    11.0323 0.0000e+00
      3.036     -0.268     0.0445      0.355    113.706  83.113127     3.8152      7.718  -119.7777 1.1343e+01     7.4900      2.975      4.316    11.0552 0.0000e+00
      2.951     -0.254     0.0411      0.338    115.700  85.061244     3.8264      7.723  -120.5077 1.5572e+01     7.4876      2.893      4.195    11.1268 0.0000e+00
      2.872     -0.215     0.0408      0.316    114.799  84.676160     3.8539      7.728  -120.1694 1.8884e+01     7.4740      2.810      4.076    11.2258 0.0000e+00
      2.814     -0.164     0.0421      0.306    108.539  80.174722     4.2388      7.733  -118.9574 2.0400e+01     7.5295      2.745      3.982    11.3245 0.0000e+00
      2.788     -0.111     0.0375      0.311    100.735  74.616217     4.9523      7.735  -118.1574 2.0485e+01     7.6810      2.727      3.955    11.5196 0.0000e+00
      2.784     -0.065     0.0379      0.300     97.363  72.561600     5.3313      7.735  -117.8953 2.0137e+01     7.8022      2.729      3.959    11.8017 0.0000e+00
      2.785     -0.030     0.0334      0.275    100.929  75.791495     5.3334      7.735  -118.1979 1.9861e+01     7.7995      2.732      3.962    11.9147 0.0000e+00
      2.786     -0.009     0.0315      0.277    105.367  79.486734     5.1021      7.735  -119.3206 1.9678e+01     7.6826      2.733      3.963    11.9045 0.0000e+00
      2.785     -0.000     0.0350      0.311    107.128  80.833021     4.6826      7.734  -120.7151 1.9548e+01     7.5163      2.731      3.961    11.9958 0.0000e+00
      2.784      0.002     0.0331      0.344    108.321  81.583748     4.4556      7.732  -121.2924 1.9424e+01     7.4287      2.730      3.960    12.2204 0.0000e+00
      2.784      0.004     0.0279      0.365    108.854  81.826474     4.4457      7.730  -120.6222 1.9315e+01     7.4774      2.730      3.959    12.5744 0.0000e+00
      2.784      0.009     0.0274      0.381    108.165  81.161696     4.4387      7.730  -119.4942 1.9260e+01     7.6609      2.731      3.961    12.7958 0.0000e+00
      2.785      0.012     0.0339      0.403    107.636  80.664195     4.3959      7.731  -118.6673 1.9016e+01     7.9051      2.730      3.960    12.7426 0.0000e+00
      2.790      0.010     0.0364      0.418    106.891  80.069511     4.3608      7.732  -118.0240 1.8420e+01     8.0047      2.734      3.967    12.6494 0.0000e+00
      2.799      0.000     0.0396      0.408    102.643  76.894783     4.3554      7.731  -117.3947 1.7737e+01     7.9427      2.744      3.982    12.5857 0.0000e+00
      2.806     -0.024     0.0398      0.398     94.057  70.553578     4.3558      7.730  -117.0813 1.7313e+01     7.6683      2.753      3.993    12.5043 0.0000e+00
      2.806     -0.064     0.0428      0.393     87.793  66.165475     4.3498      7.728  -117.0743 1.7468e+01     7.2485      2.755      3.996    12.4552 0.0000e+00
      2.795     -0.115     0.0467      0.373     89.009  67.606197     4.3657      7.725  -116.7935 1.8676e+01     7.0685      2.747      3.985    12.4463 0.0000e+00
      2.764     -0.169     0.0428      0.325     92.758  70.888761     4.5981      7.723  -116.3537 2.1502e+01     7.0971      2.721      3.947    12.4469 0.0000e+00
      2.705     -0.219     0.0423      0.287     93.911  71.937998     7.1180      7.722  -116.7472 2.5489e+01     7.3212      2.660      3.859    12.4613 0.0000e+00
      2.625     -0.256     0.0420      0.293     93.620  71.717941    11.7200      7.720  -118.0237 2.9346e+01     7.7288      2.576      3.736    12.6206 0.0000e+00
      2.540     -0.276     0.0411      0.315     92.987  71.213858    14.2303      7.718  -118.7955 3.2526e+01     7.9606      2.490      3.610    12.9857 0.0000e+00
      2.460     -0.277     0.0338      0.338     91.685  70.226330    14.5725      7.716  -118.4208 3.5171e+01     8.0055      2.409      3.494    13.2758 0.0000e+00
      2.389     -0.258     0.0268      0.344     89.668  68.734510    15.8005      7.712  -117.7958 3.7556e+01     8.0331      2.340      3.394    13.3263 0.0000e+00
      2.326     -0.227     0.0314      0.340     86.719  66.578781    17.9993      7.707  -118.2930 3.9872e+01     8.0547      2.279      3.306    13.2966 0.0000e+00
      2.268     -0.193     0.0321      0.363     83.355  64.168007    19.1928      7.705  -119.7005 4.1948e+01     8.0621      2.221      3.221    13.2846 0.0000e+00
      2.221     -0.161     0.0363      0.400     80.157  61.940537    19.2943      7.706  -120.4452 4.3288e+01     8.0534      2.171      3.148    13.2841 0.0000e+00
      2.191     -0.129     0.0371      0.402     76.114  59.077688    19.3517      7.709  -120.8447 4.4009e+01     8.0187      2.145      3.112    13.3161 0.0000e+00
      2.169     -0.099     0.0334      0.378     72.284  56.408994    20.0950      7.712  -121.9497 4.4879e+01     7.8818      2.130      3.090    13.3714 0.0000e+00
      2.145     -0.071     0.0372      0.369     70.689  55.511676    21.4822      7.717  -123.4806 4.5720e+01     7.6618      2.101      3.047    13.4716 0.0000e+00
      2.126     -0.048     0.0433      0.372     69.992  55.275470    22.2406      7.723  -124.7288 4.5960e+01     7.5448      2.079      3.016    13.6341 0.0000e+00
      2.119     -0.032     0.0436      0.389     70.588  55.965515    22.2899      7.726  -124.8238 4.5811e+01     7.5268      2.076      3.011    13.8038 0.0000e+00
      2.119     -0.018     0.0368      0.429     72.878  57.887980    22.0703      7.722  -124.1127 4.5571e+01     7.4428      2.078      3.014    13.9995 0.0000e+00
      2.120     -0.007     0.0382      0.490     74.490  59.158811    21.6497      7.717  -123.5297 4.5380e+01     7.3153      2.079      3.016    14.2711 0.0000e+00
      2.120     -0.000     0.0374      0.574     75.058  59.523623    21.4075      7.715  -121.5612 4.5247e+01     7.2832      2.079      3.016    14.5181 0.0000e+00
      2.120      0.002     0.0385      0.678     74.904  59.314907    21.2724      7.714  -118.4662 4.4985e+01     7.2938      2.079      3.016    14.6591 0.0000e+00
      2.121      0.001     0.0432      0.778     73.989  58.539671    19.9239      7.713  -116.9954 4.4610e+01     7.1021      2.079      3.016    14.7427 0.0000e+00
      2.122      0.001     0.0484      0.827     73.177  57.895431    17.4382      7.710  -115.9966 4.4345e+01     6.7754      2.081      3.018    14.7281 0.0000e+00
      2.122      0.001     0.0581      0.828     72.688  57.556481    16.0630      7.706  -114.2191 4.4239e+01     6.5884      2.081      3.019    14.6424 0.0000e+00
      2.122      0.002     0.0679      0.819     72.118  57.171225    15.7635      7.702  -113.2281 4.4207e+01     6.4814      2.081      3.018    14.5832 0.0000e+00
      2.121      0.003     0.0822      0.803     71.325  56.601871    13.9099      7.698  -113.1344 4.4172e+01     6.0628      2.080      3.017    14.5438 0.0000e+00
      2.121      0.003     0.0864      0.765     70.100  55.687363    10.5383      7.695  -113.2574 4.4028e+01     5.3523      2.080      3.017    14.5395 0.0000e+00
      2.123      0.005     0.0836      0.704     68.578  54.556347     8.6987      7.693  -113.4249 4.3794e+01     4.9621      2.081      3.020    14.5859 0.0000e+00
      2.125      0.009     0.0839      0.648     67.296  53.653970     8.5965      7.690  -113.3536 4.3572e+01     4.8966      2.084      3.023    14.6375 0.0000e+00
      2.127      0.014     0.0819      0.608     66.416  53.091627     9.4434      7.685  -113.1692 4.3362e+01     4.8690      2.086      3.026    14.6768 0.0000e+00
      2.128      0.016     0.0794      0.591     65.770  52.707801    11.0402      7.679  -113.3458 4.3078e+01     4.9010      2.086      3.026    14.7121 0.0000e+00
      2.133      0.013     0.0704      0.591     65.924  52.948226    11.9225      7.673  -114.0266 4.2565e+01     4.9423      2.089      3.029    14.7600 0.0000e+00
      2.143     -0.002     0.0650      0.596     67.406  54.221522    12.0138      7.667  -114.8621 4.2056e+01     4.9585      2.101      3.048    14.8540 0.0000e+00
      2.152     -0.031     0.0606      0.622     68.949  55.472772    11.9605      7.662  -115.1016 4.2024e+01     4.9255      2.113      3.065    14.9713 0.0000e+00
      2.153     -0.074     0.0582      0.667     69.220  55.636671    11.3273      7.657  -114.4276 4.2835e+01     4.8857      2.116      3.069    15.0692 0.0000e+00
      2.137     -0.126     0.0604      0.703     67.704  54.362447    10.2013      7.652  -113.4239 4.4937e+01     4.8862      2.105      3.053    15.1605 0.0000e+00
      2.096     -0.180     0.0583      0.724     64.324  51.681181     9.5980      7.647  -112.6017 4.8482e+01     4.8979      2.065      2.995    15.2375 0.0000e+00
      2.030     -0.224     0.0615      0.747     60.720  48.984602     9.5515      7.644  -112.0590 5.3018e+01     4.9252      1.995      2.895    15.2449 0.0000e+00
      1.949     -0.251     0.0672      0.755     58.556  47.586782     9.5490      7.642  -111.8530 5.7943e+01     4.9432      1.913      2.773    15.1850 0.0000e+00
      1.868     -0.260     0.0720      0.753     57.416  47.027394     9.5417      7.640  -111.8315 6.2603e+01     4.9100      1.828      2.652    15.1227 0.0000e+00
      1.795     -0.251     0.0718      0.834     56.230  46.345727     9.5382      7.637  -111.6260 6.6452e+01     4.8650      1.756      2.546    15.1180 0.0000e+00
      1.735     -0.229     0.0753      1.092     55.019  45.562846     9.5483      7.635  -111.1753 6.9982e+01     4.8438      1.700      2.465    15.2834 0.0000e+00
      1.684     -0.204     0.0773      1.591     54.341  45.175244     9.6803      7.632  -110.9424 7.3824e+01     4.8583      1.651      2.394    15.6317 0.0000e+00
      1.637     -0.179     0.0706      2.319     53.904  44.958534     9.9269      7.630  -110.8747 7.7795e+01     4.9033      1.603      2.325    15.9837 0.0000e+00
      1.597     -0.157     0.0761      3.165     53.154  44.465383    10.0581      7.628  -110.2704 8.1564e+01     4.9098      1.564      2.269    16.2349 0.0000e+00
      1.561     -0.135     0.0983      4.049     52.097  43.716996    10.0020      7.624  -109.6592 8.5513e+01     4.8342      1.532      2.223    16.4127 0.0000e+00
      1.525     -0.117     0.1457      4.906     50.942  42.888203     9.2985      7.619  -109.5073 8.9467e+01     4.6384      1.494      2.167    16.5726 0.0000e+00
      1.494     -0.110     0.2227      5.655     49.854  42.120413     8.0196      7.616  -108.6055 9.2368e+01     4.3871      1.459      2.114    16.7043 0.0000e+00
      1.477     -0.115     0.3060      6.281     48.590  41.221292     7.3230      7.615  -106.4998 9.4107e+01     4.2558      1.443      2.094    16.8199 0.0000e+00
      1.467     -0.128     0.3914      6.838     46.923  40.009379     7.2518      7.616  -103.8367 9.6160e+01     4.2126      1.444      2.095    16.9546 0.0000e+00
      1.443     -0.140     0.4783      7.393     45.539  39.074612     7.1666      7.622  -101.2709 1.0121e+02     4.1034      1.426      2.068    17.0893 0.0000e+00
      1.395     -0.145     0.5480      8.015     45.212  39.052575     7.0336      7.632   -99.1381 1.0905e+02     3.9942      1.374      1.993    17.2334 0.0000e+00
      1.331     -0.141     0.6045      8.800     45.334  39.362764     6.9752      7.641   -97.1495 1.1780e+02     3.9853      1.303      1.889    17.4041 0.0000e+00
      1.274     -0.126     0.6523      9.844     45.150  39.337108     6.9763      7.647   -95.1233 1.2561e+02     3.9622      1.238      1.795    17.6132 0.0000e+00
      1.244     -0.099     0.6997     11.216     44.715  39.059679     7.0060      7.650   -92.8796 1.3068e+02     3.9193      1.211      1.756    17.8905 0.0000e+00
      1.236     -0.069     0.7500     12.859     43.945  38.481982     7.0764      7.650   -90.8425 1.3327e+02     3.9107      1.210      1.756    18.2073 0.0000e+00
      1.238     -0.051     0.8169     14.534     42.991  37.743104     7.1284      7.646   -89.2498 1.3575e+02     3.9267      1.214      1.761    18.4462 0.0000e+00
      1.239     -0.058     0.9101     16.064     42.131  37.102205     7.1436      7.639   -87.0438 1.3971e+02     3.9757      1.217      1.765    18.5670 0.0000e+00
      1.236     -0.089     1.0352     17.400     41.568  36.757680     7.0937      7.632   -84.2181 1.4423e+02     3.9576      1.216      1.764    18.6695 0.0000e+00
      1.220     -0.130     1.1988     18.616     41.439  36.811888     6.5666      7.629   -81.4120 1.5130e+02     3.7755      1.206      1.749    18.7862 0.0000e+00
      1.179     -0.165     1.3564     19.863     41.071  36.616392     5.6225      7.633   -78.6693 1.6419e+02     3.5498      1.167      1.692    18.8842 0.0000e+00
      1.111     -0.182     1.4965     21.211     39.975  35.725750     5.1086      7.640   -76.1798 1.8171e+02     3.4835      1.093      1.586    19.0097 0.0000e+00
      1.033     -0.177     1.6128     22.679     38.887  34.857602     5.0388      7.650   -74.0259 1.9754e+02     3.5210      1.007      1.461    19.1977 0.0000e+00
      0.971     -0.154     1.7087     24.239     38.307  34.490081     4.7120      7.660   -72.0712 2.0429e+02     3.4563      0.939      1.362    19.4304 0.0000e+00
      0.939     -0.116     1.8171     25.787     37.943  34.325904     4.1126      7.668   -70.0116 2.0183e+02     3.2827      0.911      1.322    19.6051 0.0000e+00
      0.931     -0.072     1.9373     27.331     37.790  34.331137     3.7924      7.674   -67.7941 1.9628e+02     3.1641      0.911      1.321    19.6685 0.0000e+00
      0.931     -0.035     2.0663     28.978     37.768  34.426727     3.7869      7.677   -65.7368 1.9173e+02     3.1828      0.913      1.324    19.7803 0.0000e+00
      0.931     -0.010     2.2048     30.720     37.305  34.086879     4.0049      7.677   -63.7220 1.8935e+02     3.2701      0.913      1.325    20.0139 0.0000e+00
      0.932      0.001     2.3348     32.458     36.259  33.202219     4.3969      7.675   -61.5876 1.8844e+02     3.2971      0.914      1.325    20.2434 0.0000e+00
      0.933      0.004     2.4584     34.081     35.145  32.290024     4.5979      7.673   -59.5468 1.8785e+02     3.2359      0.914      1.326    20.4278 0.0000e+00
      0.934      0.004     2.6002     35.494     34.440  31.807241     4.6210      7.670   -57.6318 1.8667e+02     3.2138      0.916      1.329    20.5909 0.0000e+00
      0.936      0.004     2.7553     36.756     34.369  31.929971     4.7760      7.669   -55.8997 1.8360e+02     3.3363      0.919      1.333    20.6936 0.0000e+00
      0.938      0.003     2.9096     38.071     34.896  32.569615     5.0490      7.667   -54.3482 1.7934e+02     3.4888      0.920      1.335    20.7589 0.0000e+00
