Data/DataNotYetUploadedToEDI/Raw_CTD/RawDownloads/082223_bvr50_S7809003.cnv
* Sea-Bird SBE19plus  Data File:
* FileName = C:\R\Reservoirs\Data\DataNotYetUploadedToEDI\Raw_CTD\RawDownloads\081423_fcr50_S7809_0003.hex
* Software version 2.8.0.119
* Temperature SN = 7809
* Conductivity SN = 7809
* System UpLoad Time = Aug 30 2023 10:54:39
* <ApplicationData>
* <Seaterm232>
# nquan = 15
# nvalues = 1299                        
# units = specified
# name 0 = depFM: Depth [fresh water, m]
# name 1 = dz/dtM: Descent Rate [m/s]
# name 2 = sbeox0Mg/L: Oxygen, SBE 43 [mg/l]
# name 3 = sbeox0PS: Oxygen, SBE 43 [% saturation]
# name 4 = specc: Specific Conductance [uS/cm]
# name 5 = c0uS/cm: Conductivity [uS/cm]
# name 6 = flECO-AFL: Fluorescence, WET Labs ECO-AFL/FL [mg/m^3]
# name 7 = ph: pH
# name 8 = orp: Oxidation Reduction Potential [mV]
# name 9 = par/sat/log: PAR/Logarithmic, Satlantic
# name 10 = turbWETntu0: Turbidity, WET Labs ECO [NTU]
# name 11 = prdM: Pressure, Strain Gauge [db]
# name 12 = prdE: Pressure, Strain Gauge [psi]
# name 13 = tv290C: Temperature [ITS-90, deg C]
# name 14 = flag:  0.000e+00
# span 0 =     -0.710,      9.377       
# span 1 =     -0.462,      0.101       
# span 2 =     0.0741,     8.9463       
# span 3 =      0.772,    110.272       
# span 4 =      0.813,    199.516       
# span 5 =   0.857134, 136.955426       
# span 6 =    -0.2544,    57.4106       
# span 7 =     -1.995,      9.233       
# span 8 = -1240.7455,   898.5002       
# span 9 = 1.2352e-01, 1.1517e+03       
# span 10 =     0.1474,    20.1876      
# span 11 =     -0.697,      9.199      
# span 12 =     -1.011,     13.340      
# span 13 =     9.3144,    27.7140      
# span 14 = 0.0000e+00, 0.0000e+00      
# interval = seconds: 0.25
# start_time = Aug 22 2023 10:31:30 [Instrument's time stamp, header]
# bad_flag = -9.990e-29
*END*
[from data line 772]
      5.198      0.061     0.2058      2.061     53.514  42.337294     6.5824      7.164    49.4080 1.2247e+00     3.5567      5.097      7.392    15.0408 0.0000e+00
      5.217      0.055     0.2093      2.057     53.614  42.345373     6.5324      7.162    49.1381 1.2047e+00     3.5207      5.117      7.422    14.9384 0.0000e+00
      5.234      0.050     0.2099      2.060     53.704  42.380648     6.5116      7.160    48.7133 1.1821e+00     3.4487      5.134      7.446    14.7994 0.0000e+00
      5.245      0.046     0.2102      2.059     53.820  42.446389     6.4478      7.160    48.1429 1.1686e+00     3.4035      5.145      7.462    14.6438 0.0000e+00
      5.251      0.045     0.2101      2.056     54.026  42.568975     6.3353      7.159    47.5760 1.1632e+00     3.4183      5.150      7.470    14.5398 0.0000e+00
      5.256      0.045     0.2089      2.053     54.287  42.720279     6.2665      7.158    47.0217 1.1456e+00     3.3887      5.152      7.473    14.4751 0.0000e+00
      5.266      0.049     0.2111      2.053     54.482  42.815845     6.2489      7.157    46.3457 1.1173e+00     3.2838      5.160      7.484    14.4496 0.0000e+00
      5.281      0.055     0.2097      2.055     54.658  42.899244     6.1976      7.156    45.7687 1.0901e+00     3.2093      5.179      7.511    14.4385 0.0000e+00
      5.300      0.061     0.2101      2.051     54.890  43.030371     6.1201      7.155    45.3795 1.0646e+00     3.2053      5.199      7.540    14.3997 0.0000e+00
      5.317      0.064     0.2102      2.046     55.079  43.131760     6.0936      7.153    44.9097 1.0425e+00     3.2355      5.214      7.562    14.3437 0.0000e+00
      5.335      0.061     0.2093      2.041     55.181  43.172955     6.0946      7.151    44.3046 1.0268e+00     3.2324      5.232      7.588    14.2889 0.0000e+00
      5.353      0.055     0.2117      2.038     55.346  43.274525     6.0813      7.151    43.6561 1.0169e+00     3.2023      5.252      7.617    14.2393 0.0000e+00
      5.368      0.050     0.2099      2.033     55.796  43.598103     6.0828      7.150    43.1773 1.0049e+00     3.1450      5.267      7.639    14.1930 0.0000e+00
      5.377      0.047     0.2106      2.022     56.498  44.101921     6.1048      7.147    42.9033 9.8145e-01     3.0518      5.274      7.649    14.1480 0.0000e+00
      5.384      0.045     0.2095      2.030     57.160  44.541874     6.1225      7.144    42.5799 9.6309e-01     3.0321      5.279      7.657    14.1122 0.0000e+00
      5.392      0.045     0.2093      2.049     57.436  44.664434     6.1304      7.142    42.1073 9.5345e-01     3.0429      5.286      7.667    14.0900 0.0000e+00
      5.405      0.047     0.2106      2.063     57.321  44.504531     6.1594      7.140    41.5758 9.3997e-01     3.1147      5.298      7.685    14.0709 0.0000e+00
      5.420      0.052     0.2063      2.070     57.142  44.322346     6.2060      7.137    41.0579 9.2417e-01     3.3188      5.316      7.710    14.0381 0.0000e+00
      5.435      0.057     0.2092      2.073     57.228  44.365959     6.2279      7.134    40.4067 9.0529e-01     3.4619      5.331      7.733    13.9696 0.0000e+00
      5.448      0.060     0.2123      2.079     57.761  44.777894     6.2240      7.132    39.6388 8.8480e-01     3.5128      5.342      7.747    13.8667 0.0000e+00
      5.463      0.060     0.2134      2.075     58.290  45.176864     6.0434      7.129    38.9143 8.7330e-01     3.5238      5.356      7.768    13.8073 0.0000e+00
      5.480      0.055     0.2149      2.069     58.432  45.254124     5.6922      7.126    37.9273 8.6759e-01     3.4928      5.374      7.795    13.7781 0.0000e+00
      5.498      0.049     0.2139      2.061     58.487  45.267638     5.5064      7.124    36.7391 8.5135e-01     3.4788      5.391      7.819    13.7448 0.0000e+00
      5.513      0.041     0.2162      2.042     58.778  45.467202     5.4860      7.122    35.9052 8.2957e-01     3.4917      5.410      7.845    13.7636 0.0000e+00
      5.523      0.032     0.2150      2.031     59.615  46.079956     5.4452      7.120    35.4157 8.1401e-01     3.4093      5.419      7.859    13.7613 0.0000e+00
      5.525      0.026     0.2140      2.034     61.705  47.661173     5.3802      7.119    34.9504 8.1014e-01     3.1994      5.418      7.858    13.7136 0.0000e+00
      5.526      0.021     0.2152      2.038     64.265  49.602108     5.3407      7.117    34.4959 8.1524e-01     3.0384      5.418      7.858    13.6944 0.0000e+00
      5.529      0.018     0.2107      2.026     64.921  50.055771     5.3338      7.115    34.1360 8.1355e-01     2.9657      5.420      7.862    13.6798 0.0000e+00
      5.534      0.017     0.2106      1.998     63.964  49.273562     5.3054      7.114    33.7823 8.1262e-01     2.9687      5.426      7.870    13.6429 0.0000e+00
      5.542      0.017     0.2111      1.970     63.316  48.779767     5.2550      7.113    33.3170 8.1634e-01     3.0408      5.436      7.884    13.6156 0.0000e+00
      5.549      0.016     0.2126      1.945     63.249  48.783933     5.2323      7.111    32.5537 8.1019e-01     3.0860      5.443      7.896    13.5994 0.0000e+00
      5.551      0.014     0.2118      1.931     63.534  49.070036     5.2384      7.111    31.5228 8.0199e-01     3.0705      5.444      7.897    13.5470 0.0000e+00
      5.551      0.012     0.2075      1.932     63.987  49.445396     5.2790      7.110    30.4888 8.0239e-01     3.0245      5.443      7.894    13.4952 0.0000e+00
      5.553      0.010     0.2054      1.926     64.027  49.449287     5.3495      7.108    29.4301 8.0833e-01     3.0088      5.445      7.897    13.5007 0.0000e+00
      5.556      0.010     0.2018      1.912     63.886  49.307533     5.3909      7.107    28.2718 8.0150e-01     3.0505      5.448      7.901    13.5583 0.0000e+00
      5.560      0.010     0.1996      1.923     64.311  49.636236     5.3964      7.106    27.0668 7.8680e-01     3.0853      5.452      7.907    13.6264 0.0000e+00
      5.564      0.011     0.2010      1.946     65.191  50.312376     5.3830      7.104    25.7882 7.9195e-01     3.0537      5.456      7.915    13.6548 0.0000e+00
      5.565      0.011     0.2014      1.960     65.978  50.879095     5.2965      7.102    24.5132 8.0156e-01     3.0451      5.458      7.917    13.6146 0.0000e+00
      5.566      0.011     0.1969      1.969     66.345  51.091047     5.1571      7.100    23.3526 7.9299e-01     3.1516      5.458      7.916    13.5672 0.0000e+00
      5.569      0.011     0.1996      1.973     66.626  51.224041     5.0873      7.099    22.0802 7.7809e-01     3.2484      5.461      7.921    13.5908 0.0000e+00
      5.574      0.011     0.2032      1.965     67.126  51.534504     5.0936      7.098    20.6581 7.6459e-01     3.2579      5.466      7.928    13.5994 0.0000e+00
      5.578      0.012     0.2039      1.956     67.443  51.733217     5.1663      7.096    19.4076 7.6189e-01     3.1983      5.470      7.935    13.5612 0.0000e+00
      5.580      0.013     0.2053      1.943     67.584  51.848591     5.2760      7.094    18.4039 7.7402e-01     3.0741      5.472      7.937    13.5057 0.0000e+00
      5.582      0.015     0.2068      1.916     68.108  52.294461     5.3208      7.091    17.7285 7.8331e-01     3.0206      5.473      7.938    13.4346 0.0000e+00
      5.585      0.019     0.2051      1.899     68.811  52.869531     5.3169      7.088    17.4365 7.8472e-01     3.0640      5.478      7.944    13.3784 0.0000e+00
      5.589      0.025     0.2042      1.908     69.054  53.086402     5.3372      7.086    17.1100 7.7695e-01     3.1555      5.481      7.949    13.3339 0.0000e+00
      5.593      0.033     0.2047      1.914     68.676  52.821013     5.3837      7.083    16.5352 7.6399e-01     3.2722      5.483      7.953    13.3400 0.0000e+00
      5.603      0.040     0.1992      1.890     68.139  52.391466     5.3966      7.078    15.9928 7.5052e-01     3.2800      5.493      7.967    13.3983 0.0000e+00
      5.617      0.045     0.1970      1.868     68.046  52.274562     5.3593      7.074    15.6273 7.3547e-01     3.2152      5.507      7.988    13.4137 0.0000e+00
      5.633      0.047     0.1987      1.872     68.286  52.423568     5.2320      7.071    15.3866 7.1670e-01     3.2061      5.522      8.010    13.4284 0.0000e+00
      5.648      0.047     0.2019      1.875     68.717  52.732473     5.0391      7.068    15.1469 6.9657e-01     3.2721      5.540      8.036    13.4729 0.0000e+00
      5.661      0.045     0.1970      1.867     69.563  53.342283     4.9503      7.064    14.8808 6.9196e-01     3.3638      5.554      8.056    13.4495 0.0000e+00
      5.669      0.041     0.1930      1.861     70.970  54.335174     4.9576      7.059    14.5781 6.9741e-01     3.3933      5.560      8.065    13.4016 0.0000e+00
      5.676      0.038     0.1963      1.867     72.451  55.338007     5.0187      7.054    13.9818 6.9156e-01     3.3888      5.566      8.072    13.3771 0.0000e+00
      5.685      0.038     0.1963      1.881     73.361  55.877170     5.1316      7.048    13.0051 6.7470e-01     3.4129      5.574      8.085    13.3693 0.0000e+00
      5.694      0.041     0.1951      1.894     74.010  56.217561     5.1992      7.042    11.9755 6.6766e-01     3.4800      5.584      8.100    13.3537 0.0000e+00
      5.704      0.047     0.1943      1.907     74.688  56.595275     5.2034      7.035    11.1695 6.6875e-01     3.5501      5.593      8.113    13.2892 0.0000e+00
      5.715      0.054     0.1952      1.919     75.236  56.887016     5.1079      7.029    10.4008 6.5726e-01     3.5768      5.603      8.127    13.1945 0.0000e+00
      5.730      0.063     0.1983      1.927     75.717  57.140632     4.9256      7.021     9.3926 6.4696e-01     3.5640      5.617      8.147    13.0785 0.0000e+00
      5.747      0.070     0.1995      1.932     76.327  57.501979     4.8148      7.015     8.2714 6.4098e-01     3.5326      5.635      8.173    12.9716 0.0000e+00
      5.767      0.076     0.2012      1.924     76.958  57.889391     4.7920      7.009     7.3405 6.2738e-01     3.5045      5.654      8.200    12.8826 0.0000e+00
      5.789      0.077     0.2037      1.911     77.477  58.204040     4.7912      7.003     6.7419 6.1468e-01     3.4636      5.677      8.233    12.7988 0.0000e+00
      5.813      0.074     0.2037      1.899     77.965  58.511343     4.7961      6.997     6.2827 6.0613e-01     3.4135      5.702      8.270    12.7277 0.0000e+00
      5.834      0.067     0.2062      1.884     78.335  58.746388     4.7847      6.992     5.5730 5.9806e-01     3.3434      5.723      8.301    12.6630 0.0000e+00
      5.851      0.058     0.2046      1.868     78.643  58.949643     4.7697      6.987     4.4425 5.8354e-01     3.2641      5.739      8.324    12.6050 0.0000e+00
      5.863      0.050     0.2030      1.839     79.161  59.317219     4.7571      6.983     3.1099 5.7273e-01     3.2401      5.751      8.341    12.5549 0.0000e+00
      5.871      0.043     0.2028      1.816     79.702  59.696796     4.6740      6.979     1.8509 5.6964e-01     3.2594      5.758      8.352    12.5168 0.0000e+00
      5.878      0.038     0.2001      1.815     79.872  59.791018     4.5386      6.975     0.7493 5.6159e-01     3.2927      5.764      8.360    12.4910 0.0000e+00
      5.888      0.034     0.2004      1.830     79.687  59.630572     4.4769      6.971    -0.3157 5.5764e-01     3.3344      5.773      8.372    12.4740 0.0000e+00
      5.899      0.029     0.1956      1.835     79.300  59.345003     4.4776      6.968    -1.4751 5.5435e-01     3.3535      5.786      8.392    12.4649 0.0000e+00
      5.909      0.025     0.1927      1.815     78.725  58.942803     4.4386      6.965    -2.6858 5.4463e-01     3.2170      5.797      8.408    12.4500 0.0000e+00
      5.914      0.020     0.1931      1.791     77.844  58.325024     4.3554      6.962    -3.9409 5.3587e-01     2.9475      5.801      8.414    12.4241 0.0000e+00
      5.917      0.017     0.1953      1.777     77.451  58.100740     4.3035      6.958    -5.2072 5.3282e-01     2.7930      5.803      8.416    12.4050 0.0000e+00
      5.917      0.016     0.1978      1.778     78.562  59.025971     4.3025      6.955    -6.4671 5.3544e-01     2.8180      5.803      8.416    12.4086 0.0000e+00
      5.918      0.018     0.1929      1.775     80.150  60.237516     4.3093      6.952    -7.6451 5.3348e-01     2.9423      5.803      8.416    12.4323 0.0000e+00
      5.922      0.021     0.1911      1.772     81.133  60.870225     4.2947      6.949    -8.6097 5.2878e-01     2.9978      5.806      8.421    12.4552 0.0000e+00
      5.930      0.025     0.1879      1.777     81.786  61.212424     4.2750      6.946    -9.6117 5.2400e-01     2.9431      5.816      8.433    12.4907 0.0000e+00
      5.940      0.029     0.1898      1.779     82.338  61.515946     4.2625      6.943   -10.7266 5.2045e-01     2.9306      5.827      8.451    12.5805 0.0000e+00
      5.950      0.030     0.1891      1.789     82.986  61.935157     4.2102      6.940   -11.6790 5.2398e-01     2.9485      5.835      8.463    12.6160 0.0000e+00
      5.957      0.030     0.1872      1.782     83.841  62.532506     4.1339      6.937   -12.5229 5.2779e-01     2.9540      5.842      8.473    12.5138 0.0000e+00
      5.964      0.030     0.1914      1.767     84.809  63.210875     4.1061      6.934   -13.2724 5.2905e-01     2.9626      5.849      8.483    12.4069 0.0000e+00
      5.970      0.031     0.1882      1.772     85.994  64.037678     4.1074      6.930   -13.9447 5.2978e-01     2.9162      5.854      8.492    12.3443 0.0000e+00
      5.976      0.034     0.1931      1.770     87.242  64.904503     4.1070      6.926   -14.7149 5.2755e-01     2.8381      5.860      8.500    12.3073 0.0000e+00
      5.985      0.037     0.1913      1.757     88.290  65.621733     4.1765      6.922   -15.4429 5.2303e-01     2.8719      5.868      8.511    12.2925 0.0000e+00
      5.996      0.041     0.1872      1.739     90.038  66.863542     4.3068      6.918   -16.0362 5.1266e-01     3.0173      5.880      8.528    12.2667 0.0000e+00
      6.008      0.046     0.1911      1.718     93.396  69.306233     4.3756      6.914   -16.8123 4.9731e-01     3.1276      5.892      8.546    12.2323 0.0000e+00
      6.020      0.050     0.1903      1.722     97.198  72.085636     4.3843      6.910   -17.9432 4.8971e-01     3.1465      5.903      8.562    12.1947 0.0000e+00
      6.033      0.052     0.1884      1.760    100.204  74.282137     4.3207      6.906   -19.2141 4.9436e-01     3.1095      5.916      8.580    12.1582 0.0000e+00
      6.047      0.052     0.1874      1.781    102.598  76.030609     4.1811      6.900   -20.3045 5.0294e-01     3.0550      5.930      8.601    12.1273 0.0000e+00
      6.063      0.049     0.1837      1.760    104.209  77.205239     4.0950      6.895   -20.9744 4.9155e-01     3.0008      5.946      8.624    12.0996 0.0000e+00
      6.079      0.043     0.1826      1.724    104.522  77.421739     4.0784      6.892   -21.4634 4.6931e-01     2.9664      5.963      8.648    12.0778 0.0000e+00
      6.090      0.036     0.1907      1.698    104.048  77.058765     4.0629      6.889   -22.1731 4.6624e-01     2.9800      5.974      8.664    12.0618 0.0000e+00
      6.097      0.028     0.1940      1.697    103.741  76.822207     4.0414      6.887   -23.0156 4.6885e-01     2.9944      5.980      8.673    12.0489 0.0000e+00
      6.101      0.022     0.1897      1.698    104.046  77.041212     4.0347      6.885   -23.8211 4.6600e-01     2.9697      5.985      8.680    12.0396 0.0000e+00
      6.104      0.019     0.1852      1.669    105.001  77.735671     4.0396      6.884   -24.7711 4.5462e-01     2.9212      5.987      8.683    12.0329 0.0000e+00
