Data/DataNotYetUploadedToEDI/Raw_CTD/RawDownloads/082222_fcr50_S7809003.cnv
* Sea-Bird SBE19plus  Data File:
* FileName = C:\R\Reservoirs\Data\DataNotYetUploadedToEDI\Raw_CTD\RawDownloads\082222_bvr50_S7809_0003.hex
* Software version 2.8.0.119
* Temperature SN = 7809
* Conductivity SN = 7809
* System UpLoad Time = Aug 23 2022 11:23:32
* <ApplicationData>
* <Seaterm232>
# nquan = 15
# nvalues = 1111                        
# units = specified
# name 0 = depFM: Depth [fresh water, m]
# name 1 = dz/dtM: Descent Rate [m/s]
# name 2 = sbeox0Mg/L: Oxygen, SBE 43 [mg/l]
# name 3 = sbeox0PS: Oxygen, SBE 43 [% saturation]
# name 4 = specc: Specific Conductance [uS/cm]
# name 5 = c0uS/cm: Conductivity [uS/cm]
# name 6 = flECO-AFL: Fluorescence, WET Labs ECO-AFL/FL [mg/m^3]
# name 7 = ph: pH
# name 8 = orp: Oxidation Reduction Potential [mV]
# name 9 = par/sat/log: PAR/Logarithmic, Satlantic
# name 10 = turbWETntu0: Turbidity, WET Labs ECO [NTU]
# name 11 = prdM: Pressure, Strain Gauge [db]
# name 12 = prdE: Pressure, Strain Gauge [psi]
# name 13 = tv290C: Temperature [ITS-90, deg C]
# name 14 = flag:  0.000e+00
# span 0 =     -0.676,      9.626       
# span 1 =     -0.424,      0.193       
# span 2 =     0.0282,     7.2834       
# span 3 =      0.318,     85.405       
# span 4 =      1.213,    462.910       
# span 5 =   1.086574, 341.384413       
# span 6 =    -0.7424,   227.6060       
# span 7 =      6.665,      8.811       
# span 8 =  -270.7585,   235.9784       
# span 9 = 1.2359e-01, 2.6881e+03       
# span 10 =    -9.3664,   932.4889      
# span 11 =     -0.663,      9.440      
# span 12 =     -0.962,     13.692      
# span 13 =    11.4912,    24.3691      
# span 14 = 0.0000e+00, 0.0000e+00      
# interval = seconds: 0.25
# start_time = Aug 22 2022 10:44:39 [Instrument's time stamp, header]
# bad_flag = -9.990e-29
*END*
[from data line 675]
      7.952      0.065     0.0494      0.436     58.988  43.061051     1.3075      6.737    77.3304 1.2374e-01    22.7294      7.800     11.313    11.4977 0.0000e+00
      7.970      0.063     0.0466      0.447     58.963  43.042708     1.3109      6.737    77.3839 1.2374e-01    22.7444      7.818     11.338    11.4978 0.0000e+00
      7.982      0.059     0.0481      0.460     58.937  43.023695     1.3084      6.737    76.3750 1.2374e-01    22.7248      7.829     11.354    11.4979 0.0000e+00
      7.992      0.054     0.0482      0.463     58.932  43.021484     1.3033      6.737    76.0587 1.2371e-01    22.5601      7.837     11.367    11.4977 0.0000e+00
      8.004      0.051     0.0465      0.459     58.922  43.015972     1.3077      6.737    77.2596 1.2371e-01    22.3239      7.850     11.385    11.4973 0.0000e+00
      8.018      0.050     0.0485      0.453     58.927  43.020486     1.3116      6.736    79.1941 1.2375e-01    22.2262      7.864     11.406    11.4967 0.0000e+00
      8.032      0.049     0.0511      0.462     58.914  43.012624     1.3166      6.736    79.6581 1.2374e-01    22.2678      7.876     11.424    11.4973 0.0000e+00
      8.045      0.047     0.0501      0.482     58.874  42.984357     1.3268      6.737    78.9130 1.2367e-01    22.2805      7.888     11.441    11.4985 0.0000e+00
      8.059      0.044     0.0506      0.470     58.889  42.995882     1.3344      6.737    78.6170 1.2364e-01    22.2431      7.903     11.462    11.4995 0.0000e+00
      8.071      0.043     0.0489      0.446     58.929  43.025102     1.3423      6.738    79.2628 1.2374e-01    22.2250      7.917     11.483    11.5005 0.0000e+00
      8.078      0.044     0.0486      0.445     58.923  43.020474     1.3555      6.738    80.3540 1.2384e-01    22.2326      7.922     11.489    11.5016 0.0000e+00
      8.084      0.048     0.0553      0.450     58.900  43.003367     1.3858      6.737    80.8831 1.2381e-01    22.3686      7.924     11.492    11.5032 0.0000e+00
      8.095      0.053     0.0518      0.449     58.907  43.008566     1.4174      6.737    80.6699 1.2372e-01    22.6053      7.936     11.511    11.5033 0.0000e+00
      8.112      0.062     0.0462      0.443     58.922  43.019891     1.4217      6.737    80.1857 1.2370e-01    22.7035      7.955     11.538    11.5027 0.0000e+00
      8.129      0.072     0.0491      0.439     58.914  43.013434     1.4130      6.737    79.9329 1.2372e-01    22.6688      7.972     11.563    11.5034 0.0000e+00
      8.148      0.079     0.0490      0.448     58.889  42.993929     1.3864      6.737    80.1940 1.2373e-01    22.6296      7.989     11.587    11.5029 0.0000e+00
      8.171      0.081     0.0494      0.460     58.865  42.974354     1.3417      6.737    80.7615 1.2372e-01    22.5710      8.012     11.620    11.5020 0.0000e+00
      8.196      0.079     0.0482      0.455     58.858  42.967068     1.3140      6.738    81.2029 1.2374e-01    22.4720      8.038     11.658    11.5028 0.0000e+00
      8.220      0.074     0.0472      0.442     58.863  42.969261     1.3010      6.738    81.4007 1.2376e-01    22.4225      8.063     11.694    11.5032 0.0000e+00
      8.239      0.069     0.0484      0.435     58.908  43.000873     1.3093      6.737    80.7438 1.2376e-01    22.5883      8.083     11.724    11.5016 0.0000e+00
      8.252      0.064     0.0514      0.428     58.952  43.032103     1.3480      6.737    79.6281 1.2379e-01    22.9389      8.094     11.739    11.4993 0.0000e+00
      8.263      0.062     0.0500      0.425     58.950  43.029686     1.3770      6.737    79.8701 1.2384e-01    23.1775      8.102     11.751    11.4974 0.0000e+00
      8.276      0.062     0.0471      0.430     58.957  43.035086     1.3767      6.737    81.0018 1.2375e-01    23.1852      8.114     11.770    11.4960 0.0000e+00
      8.293      0.064     0.0483      0.440     58.956  43.033952     1.3615      6.737    81.5244 1.2361e-01    22.9292      8.132     11.794    11.4951 0.0000e+00
      8.311      0.067     0.0459      0.447     58.931  43.015972     1.3520      6.736    80.4243 1.2361e-01    22.5077      8.151     11.822    11.4945 0.0000e+00
      8.331      0.067     0.0464      0.443     58.921  43.007998     1.3613      6.736    78.4549 1.2367e-01    22.2907      8.169     11.849    11.4941 0.0000e+00
      8.351      0.065     0.0466      0.440     58.911  43.000978     1.3744      6.736    78.3632 1.2369e-01    22.2861      8.190     11.879    11.4941 0.0000e+00
      8.368      0.061     0.0479      0.440     58.902  42.994521     1.3684      6.737    79.7452 1.2370e-01    22.2810      8.208     11.904    11.4940 0.0000e+00
      8.383      0.059     0.0497      0.433     58.900  42.993367     1.3385      6.737    80.7095 1.2380e-01    22.4005      8.221     11.924    11.4938 0.0000e+00
      8.394      0.059     0.0479      0.416     58.892  42.987024     1.3044      6.736    80.1282 1.2389e-01    22.6722      8.231     11.938    11.4938 0.0000e+00
      8.404      0.060     0.0479      0.411     58.884  42.981256     1.2970      6.735    78.0516 1.2380e-01    22.8675      8.240     11.951    11.4938 0.0000e+00
      8.419      0.063     0.0482      0.421     58.892  42.987075     1.3159      6.736    77.1113 1.2370e-01    22.9520      8.255     11.973    11.4942 0.0000e+00
      8.438      0.068     0.0481      0.436     58.901  42.993938     1.3339      6.737    77.7070 1.2372e-01    22.8392      8.274     12.002    11.4944 0.0000e+00
      8.457      0.073     0.0443      0.442     58.911  43.000802     1.3399      6.737    78.1121 1.2375e-01    22.5630      8.294     12.030    11.4942 0.0000e+00
      8.477      0.075     0.0441      0.437     58.919  43.006631     1.3385      6.737    77.8799 1.2374e-01    22.4135      8.313     12.056    11.4940 0.0000e+00
      8.498      0.075     0.0458      0.443     58.911  43.000978     1.3418      6.738    77.3090 1.2372e-01    22.4657      8.334     12.086    11.4938 0.0000e+00
      8.518      0.075     0.0476      0.456     58.904  42.995883     1.3551      6.738    76.9735 1.2372e-01    22.7163      8.355     12.117    11.4937 0.0000e+00
      8.536      0.076     0.0495      0.455     58.921  43.008466     1.3655      6.738    77.1787 1.2375e-01    23.0181      8.373     12.145    11.4936 0.0000e+00
      8.552      0.078     0.0467      0.453     58.945  43.026249     1.3591      6.738    77.8970 1.2379e-01    23.1424      8.386     12.163    11.4932 0.0000e+00
      8.570      0.078     0.0476      0.453     58.937  43.020582     1.3450      6.738    78.4315 1.2378e-01    23.1262      8.403     12.186    11.4934 0.0000e+00
      8.593      0.077     0.0514      0.453     58.914  43.003382     1.3355      6.738    78.3073 1.2372e-01    23.0269      8.427     12.222    11.4939 0.0000e+00
      8.618      0.075     0.0491      0.452     58.921  43.008593     1.3277      6.737    78.1160 1.2370e-01    22.8986      8.453     12.259    11.4940 0.0000e+00
      8.638      0.072     0.0491      0.448     58.937  43.020152     1.3174      6.737    78.0115 1.2373e-01    22.8048      8.473     12.288    11.4940 0.0000e+00
      8.654      0.069     0.0498      0.451     58.932  43.016264     1.3033      6.737    78.7640 1.2376e-01    22.7466      8.488     12.310    11.4942 0.0000e+00
      8.669      0.067     0.0488      0.445     58.944  43.025014     1.3064      6.737    80.3319 1.2379e-01    22.7419      8.502     12.332    11.4941 0.0000e+00
      8.683      0.067     0.0503      0.431     58.996  43.062523     1.3380      6.737    80.7938 1.2383e-01    22.7474      8.515     12.350    11.4940 0.0000e+00
      8.698      0.068     0.0476      0.429     59.032  43.089158     1.3693      6.737    80.0464 1.2378e-01    22.7446      8.529     12.370    11.4940 0.0000e+00
      8.716      0.070     0.0500      0.437     59.037  43.093304     1.3772      6.737    79.2102 1.2372e-01    22.7426      8.547     12.396    11.4939 0.0000e+00
      8.738      0.070     0.0491      0.440     59.064  43.112658     1.3663      6.737    79.9753 1.2372e-01    22.7575      8.569     12.428    11.4937 0.0000e+00
      8.759      0.069     0.0456      0.434     59.092  43.132853     1.3540      6.736    82.0708 1.2372e-01    23.0280      8.590     12.459    11.4936 0.0000e+00
      8.777      0.067     0.0466      0.433     59.112  43.147178     1.3531      6.736    82.9500 1.2376e-01    23.5532      8.608     12.485    11.4939 0.0000e+00
      8.792      0.064     0.0477      0.435     59.128  43.158982     1.3648      6.737    82.3468 1.2377e-01    23.8814      8.623     12.506    11.4939 0.0000e+00
      8.805      0.061     0.0490      0.435     59.114  43.148711     1.3704      6.737    81.4022 1.2376e-01    23.9220      8.635     12.524    11.4936 0.0000e+00
      8.819      0.059     0.0465      0.432     59.116  43.149856     1.3619      6.737    81.5955 1.2381e-01    23.7707      8.648     12.543    11.4931 0.0000e+00
      8.835      0.057     0.0474      0.436     59.149  43.172829     1.3544      6.737    82.9634 1.2381e-01    23.5201      8.664     12.566    11.4929 0.0000e+00
      8.851      0.054     0.0476      0.451     59.149  43.172726     1.3543      6.737    83.8314 1.2374e-01    23.4198      8.681     12.590    11.4930 0.0000e+00
      8.866      0.051     0.0475      0.465     59.117  43.148601     1.3599      6.737    84.0020 1.2373e-01    23.4811      8.696     12.611    11.4935 0.0000e+00
      8.879      0.049     0.0472      0.466     59.098  43.134884     1.3720      6.736    83.6492 1.2375e-01    23.5441      8.708     12.630    11.4935 0.0000e+00
      8.889      0.048     0.0466      0.463     59.097  43.133750     1.3934      6.735    83.1799 1.2373e-01    23.4976      8.718     12.644    11.4928 0.0000e+00
      8.898      0.048     0.0493      0.462     59.098  43.134885     1.4185      6.736    83.5754 1.2370e-01    23.3975      8.725     12.656    11.4921 0.0000e+00
      8.908      0.047     0.0516      0.458     59.116  43.148610     1.4340      6.737    84.3019 1.2373e-01    23.3584      8.734     12.669    11.4918 0.0000e+00
      8.923      0.047     0.0508      0.460     59.149  43.172830     1.4055      6.737    84.5649 1.2375e-01    23.2639      8.749     12.689    11.4912 0.0000e+00
      8.939      0.046     0.0501      0.461     59.150  43.173972     1.3407      6.736    84.5181 1.2376e-01    23.0407      8.767     12.717    11.4913 0.0000e+00
      8.951      0.043     0.0509      0.451     59.134  43.162425     1.3006      6.736    83.9080 1.2376e-01    22.8794      8.780     12.734    11.4918 0.0000e+00
      8.961      0.039     0.0493      0.437     59.130  43.160086     1.2945      6.736    83.0394 1.2373e-01    22.8513      8.787     12.745    11.4920 0.0000e+00
      8.970      0.034     0.0500      0.440     59.110  43.145694     1.3003      6.736    83.0493 1.2370e-01    22.9063      8.796     12.758    11.4924 0.0000e+00
      8.977      0.031     0.0511      0.446     59.069  43.115279     1.3124      6.735    83.7699 1.2368e-01    22.9974      8.803     12.768    11.4927 0.0000e+00
      8.984      0.032     0.0496      0.434     59.061  43.109534     1.3167      6.735    84.3522 1.2368e-01    22.9968      8.810     12.778    11.4928 0.0000e+00
      8.990      0.037     0.0462      0.414     59.103  43.139656     1.3018      6.736    83.3784 1.2372e-01    22.9338      8.817     12.787    11.4929 0.0000e+00
      8.997      0.047     0.0478      0.393     59.134  43.162303     1.2899      6.736    81.2888 1.2373e-01    22.9178      8.822     12.795    11.4928 0.0000e+00
      9.007      0.059     0.0499      0.382     59.176  43.193053     1.3152      6.736    80.6832 1.2375e-01    22.9739      8.830     12.807    11.4928 0.0000e+00
      9.023      0.071     0.0473      0.393     59.264  43.257702     1.3580      6.736    81.5617 1.2375e-01    23.0999      8.846     12.830    11.4929 0.0000e+00
      9.046      0.080     0.0449      0.409     59.334  43.309599     1.3662      6.737    82.5332 1.2367e-01    23.1771      8.869     12.864    11.4930 0.0000e+00
      9.074      0.083     0.0430      0.424     59.339  43.313041     1.3556      6.737    81.9320 1.2361e-01    23.1559      8.898     12.906    11.4929 0.0000e+00
      9.101      0.081     0.0398      0.442     59.320  43.299316     1.3464      6.736    79.9715 1.2363e-01    23.0147      8.927     12.947    11.4929 0.0000e+00
      9.124      0.075     0.0429      0.437     59.280  43.270525     1.3306      6.736    79.1342 1.2368e-01    22.8027      8.950     12.981    11.4929 0.0000e+00
      9.141      0.067     0.0452      0.423     59.209  43.218675     1.3223      6.736    79.6383 1.2376e-01    22.7439      8.966     13.004    11.4931 0.0000e+00
      9.152      0.061     0.0449      0.431     59.155  43.179909     1.3126      6.735    80.3882 1.2383e-01    22.7474      8.976     13.018    11.4936 0.0000e+00
      9.162      0.057     0.0503      0.436     59.159  43.182419     1.2962      6.735    80.4568 1.2385e-01    22.6410      8.983     13.029    11.4939 0.0000e+00
      9.175      0.057     0.0481      0.436     59.250  43.249024     1.2904      6.735    79.6082 1.2380e-01    22.5161      8.996     13.048    11.4941 0.0000e+00
      9.190      0.059     0.0441      0.450     59.389  43.350855     1.3005      6.736    78.8182 1.2373e-01    22.4662      9.013     13.072    11.4942 0.0000e+00
      9.206      0.061     0.0474      0.459     59.453  43.398656     1.3101      6.736    78.5618 1.2371e-01    22.5163      9.027     13.093    11.4943 0.0000e+00
      9.225      0.062     0.0486      0.454     59.517  43.446367     1.3156      6.736    78.7451 1.2374e-01    22.6443      9.045     13.119    11.4944 0.0000e+00
      9.243      0.063     0.0459      0.449     60.347  44.054599     1.3334      6.734    79.2278 1.2371e-01    22.7835      9.066     13.148    11.4942 0.0000e+00
      9.257      0.063     0.0497      0.437     61.957  45.233389     1.3503      6.733    79.4080 1.2370e-01    22.8671      9.080     13.168    11.4940 0.0000e+00
      9.270      0.063     0.0510      0.417     64.084  46.787177     1.3613      6.733    79.2030 1.2378e-01    22.9037      9.090     13.182    11.4951 0.0000e+00
      9.286      0.063     0.0490      0.408     67.912  49.581022     1.3834      6.734    79.0717 1.2382e-01    22.8852      9.105     13.205    11.4960 0.0000e+00
      9.305      0.063     0.0492      0.413     75.197  54.900937     1.4105      6.734    79.0250 1.2378e-01    22.7793      9.126     13.236    11.4979 0.0000e+00
      9.322      0.063     0.0483      0.419     85.852  62.681802     1.4148      6.734    79.4980 1.2374e-01    22.6825      9.144     13.261    11.5016 0.0000e+00
      9.337      0.063     0.0446      0.419    101.631  74.205025     1.4016      6.733    80.0597 1.2373e-01    22.6705      9.156     13.279    11.5021 0.0000e+00
      9.352      0.060     0.0438      0.424    136.031  99.325937     1.3839      6.731    80.4814 1.2373e-01    22.7718      9.170     13.300    11.5014 0.0000e+00
      9.368      0.055     0.0449      0.435    182.326 133.138075     1.3593      6.730    81.2409 1.2372e-01    22.9848      9.187     13.324    11.5017 0.0000e+00
      9.384      0.049     0.0462      0.439    214.041 156.317960     1.3453      6.729    81.6717 1.2368e-01    23.1274      9.205     13.350    11.5026 0.0000e+00
      9.399      0.043     0.0455      0.450    243.580 177.942124     1.3473      6.726    81.9907 1.2368e-01    23.1297      9.219     13.370    11.5042 0.0000e+00
      9.409      0.036     0.0452      0.453    291.335 212.923777     1.3583      6.725    82.1726 1.2373e-01    23.0810      9.228     13.383    11.5050 0.0000e+00
      9.414      0.030     0.0490      0.437    347.520 254.128552     1.3620      6.723    81.9776 1.2376e-01    22.8802      9.233     13.392    11.5070 0.0000e+00
