Data/DataNotYetUploadedToEDI/Raw_CTD/RawDownloads/082222_bvr50_S7809001.cnv
* Sea-Bird SBE19plus  Data File:
* FileName = C:\R\Reservoirs\Data\DataNotYetUploadedToEDI\Raw_CTD\RawDownloads\082222_bvr50_S7809_0001.hex
* Software version 2.8.0.119
* Temperature SN = 7809
* Conductivity SN = 7809
* System UpLoad Time = Aug 23 2022 11:22:20
* <ApplicationData>
* <Seaterm232>
# nquan = 15
# nvalues = 1311                        
# units = specified
# name 0 = depFM: Depth [fresh water, m]
# name 1 = dz/dtM: Descent Rate [m/s]
# name 2 = sbeox0Mg/L: Oxygen, SBE 43 [mg/l]
# name 3 = sbeox0PS: Oxygen, SBE 43 [% saturation]
# name 4 = specc: Specific Conductance [uS/cm]
# name 5 = c0uS/cm: Conductivity [uS/cm]
# name 6 = flECO-AFL: Fluorescence, WET Labs ECO-AFL/FL [mg/m^3]
# name 7 = ph: pH
# name 8 = orp: Oxidation Reduction Potential [mV]
# name 9 = par/sat/log: PAR/Logarithmic, Satlantic
# name 10 = turbWETntu0: Turbidity, WET Labs ECO [NTU]
# name 11 = prdM: Pressure, Strain Gauge [db]
# name 12 = prdE: Pressure, Strain Gauge [psi]
# name 13 = tv290C: Temperature [ITS-90, deg C]
# name 14 = flag:  0.000e+00
# span 0 =     -0.765,      7.506       
# span 1 =     -4.252,      0.254       
# span 2 =     0.0268,     6.9841       
# span 3 =      0.275,     83.200       
# span 4 =      0.667,    304.783       
# span 5 =   0.615242, 215.361306       
# span 6 =    -0.2573,   107.6128       
# span 7 =      5.984,      7.842       
# span 8 = -1240.7440,   574.1692       
# span 9 = 1.2360e-01, 8.8202e+02       
# span 10 =    -1.2377,    39.0631      
# span 11 =     -0.751,      7.361      
# span 12 =     -1.089,     10.676      
# span 13 =     9.9890,    24.2041      
# span 14 = 0.0000e+00, 0.0000e+00      
# interval = seconds: 0.25
# start_time = Aug 22 2022 07:27:40 [Instrument's time stamp, header]
# bad_flag = -9.990e-29
*END*
[from data line 386]
      3.376      0.046     0.0687      0.731     54.866  44.765949     7.0979      7.007   195.6650 1.0994e+00     8.8035      3.312      4.804    15.9968 0.0000e+00
      3.384      0.041     0.0729      0.716     55.447  45.220359     7.0850      7.006   195.6692 1.0250e+00     8.8955      3.319      4.813    15.7741 0.0000e+00
      3.391      0.037     0.0723      0.700     56.149  45.683685     7.0738      7.005   195.7328 9.5704e-01     8.9307      3.325      4.822    15.7090 0.0000e+00
      3.400      0.036     0.0724      0.692     56.883  46.117182     6.9875      7.006   196.0033 8.8146e-01     8.8197      3.333      4.835    15.7524 0.0000e+00
      3.410      0.039     0.0734      0.685     57.597  46.527992     6.8481      7.013   196.4440 8.0366e-01     8.5779      3.344      4.850    15.8112 0.0000e+00
      3.420      0.044     0.0709      0.684     58.333  46.970716     6.7777      7.022   196.6738 7.3590e-01     8.4661      3.353      4.864    15.8101 0.0000e+00
      3.430      0.050     0.0687      0.684     59.048  47.409324     6.8282      7.026   196.5441 6.8177e-01     8.5276      3.363      4.879    15.6950 0.0000e+00
      3.441      0.056     0.0695      0.689     59.568  47.706869     7.2918      7.023   196.2528 6.3763e-01     8.6034      3.373      4.893    15.5308 0.0000e+00
      3.456      0.060     0.0679      0.694     59.939  47.903294     8.1137      7.019   196.0779 5.9273e-01     8.6304      3.386      4.912    15.3829 0.0000e+00
      3.476      0.062     0.0688      0.689     60.329  48.134459     8.5673      7.016   196.0636 5.4947e-01     8.6501      3.408      4.943    15.2528 0.0000e+00
      3.497      0.064     0.0684      0.684     60.830  48.471334     8.6389      7.016   195.9940 5.2840e-01     8.7055      3.432      4.977    15.1369 0.0000e+00
      3.513      0.064     0.0692      0.686     61.556  48.994085     8.9379      7.022   195.5810 5.1722e-01     8.7192      3.447      4.999    15.0354 0.0000e+00
      3.526      0.064     0.0710      0.684     62.352  49.568990     9.4702      7.028   194.6826 5.0006e-01     8.6784      3.457      5.014    14.9494 0.0000e+00
      3.540      0.064     0.0695      0.683     62.846  49.901823     9.7472      7.023   193.6498 4.8634e-01     8.6563      3.471      5.034    14.8848 0.0000e+00
      3.555      0.062     0.0687      0.693     62.997  49.972398     9.7567      7.008   192.8162 4.7228e-01     8.6571      3.485      5.055    14.8364 0.0000e+00
      3.574      0.057     0.0696      0.689     62.969  49.914582     9.5853      6.991   192.0026 4.5358e-01     8.8598      3.503      5.081    14.7944 0.0000e+00
      3.595      0.050     0.0702      0.682     62.899  49.837314     9.2402      6.979   191.1257 4.4278e-01     9.2625      3.527      5.116    14.7477 0.0000e+00
      3.611      0.041     0.0673      0.684     62.865  49.799612     9.0460      6.972   190.4740 4.4694e-01     9.4946      3.545      5.143    14.6941 0.0000e+00
      3.618      0.031     0.0721      0.667     62.923  49.839459     9.0348      6.968   189.8872 4.4864e-01     9.4799      3.551      5.150    14.6545 0.0000e+00
      3.618      0.021     0.0700      0.641     63.224  50.065264     9.0055      6.964   189.1073 4.4544e-01     9.3581      3.548      5.146    14.6276 0.0000e+00
      3.617      0.015     0.0678      0.617     63.890  50.562599     8.6496      6.964   188.4438 4.4547e-01     9.0117      3.546      5.143    14.6103 0.0000e+00
      3.619      0.014     0.0717      0.614     64.698  51.156717     8.0032      6.967   187.8877 4.3578e-01     8.5028      3.548      5.147    14.6041 0.0000e+00
      3.624      0.019     0.0673      0.630     65.248  51.537244     7.6479      6.972   187.1165 4.1768e-01     8.2612      3.554      5.155    14.6008 0.0000e+00
      3.629      0.027     0.0657      0.641     65.583  51.736561     7.5924      6.975   186.3463 4.0196e-01     8.2427      3.558      5.161    14.5973 0.0000e+00
      3.635      0.034     0.0619      0.655     66.055  52.043460     7.4068      6.975   185.8018 3.9417e-01     8.2456      3.563      5.168    14.5709 0.0000e+00
      3.645      0.039     0.0611      0.660     66.723  52.518907     7.0935      6.974   185.2655 3.9439e-01     8.3296      3.573      5.184    14.5332 0.0000e+00
      3.658      0.042     0.0655      0.646     67.251  52.915631     6.9252      6.974   184.5937 3.8829e-01     8.4049      3.587      5.203    14.4946 0.0000e+00
      3.673      0.042     0.0648      0.646     67.534  53.159193     6.8707      6.973   183.8739 3.7311e-01     8.4379      3.602      5.224    14.4402 0.0000e+00
      3.685      0.041     0.0665      0.636     67.917  53.496344     6.4593      6.973   183.2744 3.6862e-01     8.3881      3.615      5.244    14.3861 0.0000e+00
      3.694      0.038     0.0697      0.591     68.632  54.072606     5.7048      6.974   182.8509 3.7164e-01     8.2457      3.623      5.255    14.3443 0.0000e+00
      3.701      0.034     0.0640      0.584     69.577  54.795301     5.2801      6.974   182.7984 3.6931e-01     8.1848      3.629      5.264    14.3257 0.0000e+00
      3.708      0.031     0.0662      0.612     70.621  55.569853     5.2187      6.974   183.0690 3.6608e-01     8.1983      3.637      5.275    14.3483 0.0000e+00
      3.715      0.031     0.0686      0.604     71.749  56.392007     5.0461      6.978   183.0246 3.5313e-01     8.1704      3.644      5.285    14.3893 0.0000e+00
      3.723      0.035     0.0572      0.583     72.610  56.991684     4.7245      6.987   182.3481 3.3573e-01     8.0866      3.651      5.296    14.4001 0.0000e+00
      3.731      0.040     0.0573      0.588     72.937  57.170877     4.5346      6.994   181.2570 3.3748e-01     8.0055      3.658      5.306    14.3785 0.0000e+00
      3.740      0.044     0.0660      0.599     72.842  57.035036     4.5071      6.995   180.0703 3.4408e-01     7.9752      3.666      5.318    14.3459 0.0000e+00
      3.753      0.047     0.0621      0.615     72.351  56.618736     4.5162      6.994   179.0989 3.3071e-01     8.0964      3.678      5.334    14.2971 0.0000e+00
      3.769      0.050     0.0575      0.625     72.539  56.771321     4.5528      6.992   178.4600 3.1108e-01     8.3428      3.695      5.359    14.2435 0.0000e+00
      3.785      0.051     0.0611      0.609     74.054  57.991046     4.5840      6.989   177.8515 3.0560e-01     8.4609      3.714      5.386    14.1843 0.0000e+00
      3.797      0.051     0.0611      0.601     75.648  59.241469     4.5933      6.987   177.0763 2.9822e-01     8.4652      3.723      5.400    14.1384 0.0000e+00
      3.807      0.049     0.0627      0.620     76.891  60.145727     4.5907      6.985   176.3151 2.8392e-01     8.4635      3.732      5.413    14.1177 0.0000e+00
      3.821      0.045     0.0666      0.631     78.116  60.988252     4.5357      6.984   175.6171 2.7772e-01     8.4397      3.748      5.435    14.1136 0.0000e+00
      3.833      0.041     0.0617      0.616     78.843  61.428394     4.4442      6.982   174.7447 2.7021e-01     8.4172      3.761      5.454    14.1592 0.0000e+00
      3.843      0.038     0.0601      0.597     78.925  61.403809     4.4083      6.980   173.7687 2.6435e-01     8.4301      3.769      5.466    14.1771 0.0000e+00
      3.852      0.033     0.0643      0.603     79.090  61.516314     4.4014      6.980   173.0231 2.6031e-01     8.4598      3.777      5.478    14.1143 0.0000e+00
      3.861      0.029     0.0664      0.607     79.678  61.963248     4.2526      6.982   172.4412 2.5307e-01     8.1610      3.787      5.493    14.0397 0.0000e+00
      3.866      0.029     0.0639      0.592     80.346  62.426504     3.9826      6.986   171.9805 2.5100e-01     7.5492      3.793      5.501    13.9476 0.0000e+00
      3.871      0.031     0.0596      0.583     80.967  62.863225     3.8339      6.994   171.7548 2.4195e-01     7.2465      3.795      5.505    13.8683 0.0000e+00
      3.876      0.036     0.0627      0.593     82.230  63.814705     3.8195      7.006   171.5200 2.2735e-01     7.3016      3.800      5.512    13.8878 0.0000e+00
      3.884      0.044     0.0641      0.609     84.264  65.294557     3.8418      7.016   170.8621 2.2427e-01     7.5327      3.807      5.523    13.9031 0.0000e+00
      3.897      0.054     0.0604      0.616     86.034  66.467600     3.8791      7.021   169.9944 2.2644e-01     7.8547      3.821      5.542    13.8368 0.0000e+00
      3.913      0.063     0.0596      0.607     87.284  67.201592     3.8956      7.027   169.4610 2.1871e-01     7.9841      3.835      5.564    13.8053 0.0000e+00
      3.933      0.071     0.0614      0.612     88.348  67.817871     3.8993      7.031   169.4029 2.0418e-01     7.9692      3.855      5.592    13.8196 0.0000e+00
      3.954      0.076     0.0629      0.636     89.241  68.329624     3.9653      7.029   169.7217 1.9413e-01     7.9135      3.880      5.627    13.7685 0.0000e+00
      3.974      0.077     0.0657      0.639     89.661  68.498339     4.0944      7.026   169.6164 1.8268e-01     7.7893      3.896      5.651    13.6317 0.0000e+00
      3.995      0.077     0.0624      0.622     89.525  68.269721     4.1699      7.023   168.3877 1.6585e-01     7.7315      3.916      5.680    13.4828 0.0000e+00
      4.016      0.075     0.0622      0.616     89.337  68.042389     4.1875      7.017   166.6536 1.5372e-01     7.7620      3.941      5.716    13.3733 0.0000e+00
      4.033      0.070     0.0683      0.615     89.207  67.909123     4.2570      7.009   164.9104 1.5008e-01     7.8157      3.955      5.736    13.2785 0.0000e+00
      4.051      0.065     0.0682      0.614     89.120  67.865138     4.3788      7.001   163.0564 1.4876e-01     7.9029      3.971      5.759    13.1896 0.0000e+00
      4.069      0.059     0.0641      0.624     89.171  67.955210     4.4450      6.995   161.0995 1.4542e-01     7.9624      3.992      5.790    13.1176 0.0000e+00
      4.084      0.052     0.0648      0.628     89.256  68.045535     4.4495      6.991   158.9743 1.3903e-01     7.9874      4.006      5.810    13.0698 0.0000e+00
      4.096      0.045     0.0654      0.613     89.395  68.131592     4.4415      6.988   156.8058 1.3482e-01     7.9326      4.017      5.825    13.0470 0.0000e+00
      4.106      0.038     0.0631      0.590     89.675  68.297025     4.4310      6.985   154.8418 1.3471e-01     7.7436      4.028      5.842    13.0632 0.0000e+00
      4.114      0.031     0.0663      0.576     90.062  68.521354     4.4231      6.983   152.9510 1.3389e-01     7.5806      4.036      5.854    13.1101 0.0000e+00
      4.120      0.024     0.0668      0.577     90.423  68.684316     4.4125      6.981   150.8944 1.3631e-01     7.4997      4.041      5.861    13.1253 0.0000e+00
      4.125      0.019     0.0647      0.582     90.668  68.742874     4.4028      6.979   148.7320 1.3685e-01     7.4484      4.046      5.867    13.1090 0.0000e+00
      4.130      0.015     0.0617      0.595     90.808  68.784607     4.3723      6.979   146.6815 1.3064e-01     7.3358      4.051      5.875    13.0779 0.0000e+00
      4.133      0.013     0.0596      0.611     90.988  68.934771     4.3263      6.981   144.8585 1.2823e-01     7.1633      4.054      5.880    13.0497 0.0000e+00
      4.134      0.013     0.0611      0.612     91.186  69.097619     4.3043      6.983   143.2094 1.3282e-01     7.0710      4.054      5.880    12.9847 0.0000e+00
      4.135      0.014     0.0612      0.615     91.312  69.165672     4.2981      6.983   141.7995 1.3437e-01     7.0743      4.054      5.880    12.8890 0.0000e+00
      4.139      0.015     0.0620      0.631     91.619  69.376447     4.2936      6.984   140.8025 1.3109e-01     7.1002      4.058      5.885    12.8494 0.0000e+00
      4.144      0.017     0.0662      0.631     92.108  69.740480     4.2907      6.986   140.0171 1.3040e-01     7.0771      4.064      5.893    12.8800 0.0000e+00
      4.150      0.019     0.0642      0.603     92.498  70.010089     4.2877      6.989   139.1869 1.2905e-01     7.0334      4.071      5.903    12.9018 0.0000e+00
      4.156      0.020     0.0639      0.577     92.919  70.286001     4.2914      6.993   138.4222 1.2570e-01     7.0499      4.076      5.911    12.8634 0.0000e+00
      4.161      0.023     0.0676      0.575     93.646  70.789688     4.3184      6.998   137.6541 1.2412e-01     7.1406      4.080      5.918    12.8527 0.0000e+00
      4.165      0.028     0.0682      0.581     94.712  71.526429     4.3563      7.003   136.6109 1.2378e-01     7.2416      4.084      5.924    12.8627 0.0000e+00
      4.169      0.034     0.0638      0.586     96.044  72.396664     4.3672      7.008   135.3596 1.2374e-01     7.2802      4.087      5.927    12.8446 0.0000e+00
      4.177      0.040     0.0595      0.591     97.508  73.307080     4.3582      7.011   134.1404 1.2375e-01     7.2662      4.095      5.938    12.8181 0.0000e+00
      4.190      0.046     0.0607      0.591     98.875  74.148040     4.3469      7.012   132.9682 1.2379e-01     7.3113      4.109      5.960    12.7942 0.0000e+00
      4.206      0.050     0.0617      0.598    100.041  74.877024     4.3397      7.012   131.8552 1.2385e-01     7.4503      4.124      5.981    12.7736 0.0000e+00
      4.222      0.052     0.0618      0.613    101.033  75.513373     4.3539      7.013   131.0091 1.2389e-01     7.5455      4.141      6.007    12.7012 0.0000e+00
      4.237      0.052     0.0634      0.615    101.960  76.123634     4.3776      7.017   129.9652 1.2389e-01     7.5408      4.157      6.030    12.5833 0.0000e+00
      4.248      0.051     0.0627      0.607    102.870  76.727641     4.4175      7.022   128.2673 1.2382e-01     7.4950      4.166      6.042    12.4847 0.0000e+00
      4.258      0.051     0.0626      0.590    103.560  77.161136     4.4702      7.024   126.4825 1.2378e-01     7.4703      4.176      6.057    12.4137 0.0000e+00
      4.269      0.051     0.0671      0.573    104.118  77.488828     4.4906      7.027   124.7328 1.2377e-01     7.4808      4.187      6.073    12.3638 0.0000e+00
      4.283      0.054     0.0657      0.570    105.216  78.211423     4.4890      7.035   123.0295 1.2376e-01     7.4863      4.199      6.089    12.3265 0.0000e+00
      4.299      0.060     0.0655      0.581    107.153  79.543176     4.4932      7.043   121.6325 1.2382e-01     7.5021      4.216      6.115    12.2919 0.0000e+00
      4.314      0.066     0.0633      0.599    109.215  80.944476     4.5072      7.048   120.1458 1.2382e-01     7.5347      4.232      6.138    12.2533 0.0000e+00
      4.329      0.070     0.0605      0.604    110.580  81.808248     4.5168      7.046   118.7342 1.2376e-01     7.5388      4.244      6.155    12.2098 0.0000e+00
      4.348      0.070     0.0610      0.600    111.005  81.978788     4.5184      7.040   117.9875 1.2376e-01     7.4842      4.263      6.183    12.1661 0.0000e+00
      4.372      0.066     0.0616      0.612    111.084  81.925823     4.5102      7.036   117.4835 1.2379e-01     7.2505      4.288      6.219    12.1185 0.0000e+00
      4.394      0.061     0.0657      0.627    111.529  82.184661     4.4758      7.036   116.7706 1.2379e-01     6.8995      4.311      6.253    12.0583 0.0000e+00
      4.410      0.056     0.0659      0.627    112.188  82.629500     4.4435      7.038   116.0788 1.2377e-01     6.7250      4.328      6.278    11.9884 0.0000e+00
      4.418      0.050     0.0633      0.613    112.791  83.045786     4.4437      7.038   115.3138 1.2372e-01     6.7458      4.333      6.285    11.9165 0.0000e+00
      4.424      0.045     0.0660      0.587    113.559  83.594916     4.4540      7.040   114.2329 1.2370e-01     6.7746      4.335      6.286    11.8647 0.0000e+00
