Data/DataNotYetUploadedToEDI/Raw_CTD/RawDownloads/082223_bvr50_S7809003.cnv
* Sea-Bird SBE19plus  Data File:
* FileName = C:\R\Reservoirs\Data\DataNotYetUploadedToEDI\Raw_CTD\RawDownloads\081423_fcr50_S7809_0003.hex
* Software version 2.8.0.119
* Temperature SN = 7809
* Conductivity SN = 7809
* System UpLoad Time = Aug 30 2023 10:54:39
* <ApplicationData>
* <Seaterm232>
# nquan = 15
# nvalues = 1299                        
# units = specified
# name 0 = depFM: Depth [fresh water, m]
# name 1 = dz/dtM: Descent Rate [m/s]
# name 2 = sbeox0Mg/L: Oxygen, SBE 43 [mg/l]
# name 3 = sbeox0PS: Oxygen, SBE 43 [% saturation]
# name 4 = specc: Specific Conductance [uS/cm]
# name 5 = c0uS/cm: Conductivity [uS/cm]
# name 6 = flECO-AFL: Fluorescence, WET Labs ECO-AFL/FL [mg/m^3]
# name 7 = ph: pH
# name 8 = orp: Oxidation Reduction Potential [mV]
# name 9 = par/sat/log: PAR/Logarithmic, Satlantic
# name 10 = turbWETntu0: Turbidity, WET Labs ECO [NTU]
# name 11 = prdM: Pressure, Strain Gauge [db]
# name 12 = prdE: Pressure, Strain Gauge [psi]
# name 13 = tv290C: Temperature [ITS-90, deg C]
# name 14 = flag:  0.000e+00
# span 0 =     -0.710,      9.377       
# span 1 =     -0.462,      0.101       
# span 2 =     0.0741,     8.9463       
# span 3 =      0.772,    110.272       
# span 4 =      0.813,    199.516       
# span 5 =   0.857134, 136.955426       
# span 6 =    -0.2544,    57.4106       
# span 7 =     -1.995,      9.233       
# span 8 = -1240.7455,   898.5002       
# span 9 = 1.2352e-01, 1.1517e+03       
# span 10 =     0.1474,    20.1876      
# span 11 =     -0.697,      9.199      
# span 12 =     -1.011,     13.340      
# span 13 =     9.3144,    27.7140      
# span 14 = 0.0000e+00, 0.0000e+00      
# interval = seconds: 0.25
# start_time = Aug 22 2023 10:31:30 [Instrument's time stamp, header]
# bad_flag = -9.990e-29
*END*
[from data line 1061]
      8.165      0.048     0.1293      1.105    143.705 100.311855     1.6313      6.685   -72.9068 1.2366e-01     2.8337      8.008     11.615     9.9475 0.0000e+00
      8.177      0.045     0.1277      1.091    143.965 100.467635     1.6302      6.686   -73.1611 1.2368e-01     2.8042      8.018     11.630     9.9241 0.0000e+00
      8.188      0.043     0.1304      1.091    144.323 100.685099     1.6477      6.686   -73.3241 1.2366e-01     2.8509      8.030     11.646     9.9120 0.0000e+00
      8.199      0.042     0.1289      1.096    144.692 100.904172     1.6674      6.686   -73.5871 1.2366e-01     2.9207      8.041     11.662     9.9065 0.0000e+00
      8.208      0.042     0.1239      1.106    144.910 101.015726     1.6778      6.686   -73.8461 1.2376e-01     2.9307      8.049     11.673     9.9004 0.0000e+00
      8.217      0.043     0.1230      1.127    145.055 101.078999     1.6808      6.687   -74.1326 1.2380e-01     2.9720      8.057     11.686     9.8915 0.0000e+00
      8.228      0.044     0.1231      1.147    145.217 101.159892     1.6793      6.687   -74.3843 1.2372e-01     3.0100      8.067     11.702     9.8801 0.0000e+00
      8.240      0.046     0.1243      1.139    145.355 101.229876     1.6839      6.687   -74.4800 1.2367e-01     3.0136      8.081     11.720     9.8669 0.0000e+00
      8.253      0.049     0.1245      1.120    145.471 101.288562     1.6860      6.688   -74.5155 1.2364e-01     3.0499      8.093     11.738     9.8519 0.0000e+00
      8.266      0.051     0.1274      1.112    145.602 101.360173     1.6802      6.690   -74.5553 1.2361e-01     3.0733      8.106     11.756     9.8383 0.0000e+00
      8.279      0.052     0.1319      1.105    145.864 101.522774     1.6806      6.690   -74.6174 1.2366e-01     3.0579      8.120     11.775     9.8276 0.0000e+00
      8.292      0.055     0.1295      1.099    146.371 101.854039     1.6905      6.691   -74.7499 1.2366e-01     3.0691      8.131     11.793     9.8187 0.0000e+00
      8.305      0.058     0.1258      1.099    146.976 102.246140     1.6999      6.692   -74.9525 1.2361e-01     3.1064      8.144     11.812     9.8113 0.0000e+00
      8.320      0.063     0.1264      1.097    147.405 102.507642     1.6691      6.692   -75.0022 1.2360e-01     3.0640      8.159     11.833     9.8049 0.0000e+00
      8.336      0.069     0.1255      1.087    147.684 102.660340     1.6012      6.693   -74.8346 1.2362e-01     2.9328      8.174     11.856     9.7985 0.0000e+00
      8.355      0.074     0.1238      1.084    147.969 102.819118     1.5624      6.693   -74.7328 1.2366e-01     2.8521      8.193     11.883     9.7914 0.0000e+00
      8.375      0.076     0.1248      1.094    148.226 102.963130     1.5569      6.692   -74.7188 1.2366e-01     2.8392      8.213     11.910     9.7823 0.0000e+00
      8.397      0.075     0.1250      1.099    148.414 103.064615     1.5439      6.692   -74.7505 1.2359e-01     2.8461      8.234     11.941     9.7690 0.0000e+00
      8.420      0.070     0.1231      1.104    148.575 103.154849     1.5132      6.693   -74.8577 1.2354e-01     2.9006      8.258     11.979     9.7542 0.0000e+00
      8.440      0.062     0.1221      1.112    148.700 103.226480     1.4941      6.694   -74.8109 1.2355e-01     2.9854      8.280     12.009     9.7408 0.0000e+00
      8.454      0.053     0.1250      1.121    148.814 103.294049     1.4963      6.694   -74.7867 1.2360e-01     3.0522      8.292     12.027     9.7286 0.0000e+00
      8.463      0.046     0.1247      1.133    149.069 103.462494     1.5144      6.694   -74.9957 1.2365e-01     3.0937      8.300     12.038     9.7188 0.0000e+00
      8.470      0.043     0.1254      1.147    149.476 103.735166     1.5546      6.694   -75.1007 1.2365e-01     3.1117      8.307     12.048     9.7117 0.0000e+00
      8.477      0.045     0.1262      1.148    149.949 104.044277     1.5825      6.694   -75.1095 1.2364e-01     3.0990      8.313     12.057     9.7067 0.0000e+00
      8.485      0.050     0.1273      1.124    150.414 104.334934     1.5766      6.694   -75.1020 1.2370e-01     3.0415      8.319     12.067     9.7027 0.0000e+00
      8.500      0.054     0.1285      1.107    150.726 104.511759     1.5591      6.694   -75.0968 1.2371e-01     2.9638      8.333     12.088     9.7003 0.0000e+00
      8.520      0.057     0.1307      1.117    150.895 104.590528     1.5453      6.694   -75.3043 1.2366e-01     2.9453      8.356     12.119     9.6986 0.0000e+00
      8.540      0.057     0.1324      1.123    151.028 104.650601     1.5427      6.695   -75.5453 1.2369e-01     2.9874      8.377     12.149     9.6926 0.0000e+00
      8.556      0.054     0.1272      1.110    151.181 104.728702     1.5443      6.695   -75.6874 1.2376e-01     3.0297      8.392     12.172     9.6812 0.0000e+00
      8.567      0.049     0.1239      1.094    151.462 104.898135     1.5320      6.695   -75.9045 1.2377e-01     3.0466      8.402     12.186     9.6670 0.0000e+00
      8.577      0.044     0.1276      1.085    151.980 105.234775     1.5190      6.696   -76.1059 1.2376e-01     3.0207      8.410     12.198     9.6532 0.0000e+00
      8.587      0.040     0.1292      1.098    152.560 105.615465     1.5201      6.696   -76.1427 1.2371e-01     2.9901      8.421     12.213     9.6434 0.0000e+00
      8.596      0.037     0.1256      1.110    152.964 105.871764     1.5202      6.697   -76.0921 1.2366e-01     2.9837      8.430     12.226     9.6346 0.0000e+00
      8.605      0.037     0.1253      1.104    153.243 106.041454     1.5120      6.697   -76.1820 1.2367e-01     2.9432      8.437     12.237     9.6256 0.0000e+00
      8.615      0.036     0.1216      1.107    153.507 106.202675     1.5121      6.697   -76.4553 1.2368e-01     2.9106      8.448     12.252     9.6188 0.0000e+00
      8.625      0.034     0.1250      1.116    153.847 106.420243     1.5297      6.696   -76.6429 1.2371e-01     2.9656      8.459     12.269     9.6124 0.0000e+00
      8.634      0.032     0.1286      1.104    154.274 106.698134     1.5414      6.696   -76.7293 1.2377e-01     3.0273      8.468     12.281     9.6046 0.0000e+00
      8.641      0.029     0.1241      1.078    154.577 106.888276     1.5457      6.697   -76.8125 1.2378e-01     3.0415      8.473     12.290     9.5963 0.0000e+00
      8.647      0.025     0.1258      1.058    154.673 106.936311     1.5480      6.698   -76.8750 1.2378e-01     3.0007      8.479     12.298     9.5894 0.0000e+00
      8.653      0.021     0.1285      1.063    154.633 106.896851     1.5283      6.699   -77.0537 1.2382e-01     2.9101      8.486     12.308     9.5841 0.0000e+00
      8.659      0.019     0.1265      1.082    154.388 106.729536     1.5075      6.700   -77.3388 1.2382e-01     2.8688      8.493     12.318     9.5787 0.0000e+00
      8.663      0.018     0.1228      1.088    154.299 106.696218     1.5127      6.699   -77.5693 1.2376e-01     2.8764      8.497     12.324     9.5724 0.0000e+00
      8.666      0.021     0.1193      1.072    154.866 107.130771     1.5087      6.699   -77.6897 1.2372e-01     2.8663      8.499     12.326     9.5654 0.0000e+00
      8.669      0.027     0.1204      1.058    155.699 107.717436     1.4752      6.699   -77.6753 1.2371e-01     2.8824      8.500     12.329     9.5613 0.0000e+00
      8.673      0.034     0.1241      1.070    156.435 108.185971     1.4477      6.700   -77.6535 1.2371e-01     2.9345      8.504     12.334     9.5598 0.0000e+00
      8.683      0.043     0.1255      1.082    157.200 108.656626     1.4436      6.700   -77.7703 1.2371e-01     2.9846      8.512     12.345     9.5681 0.0000e+00
      8.699      0.049     0.1224      1.076    157.880 109.077743     1.4662      6.700   -77.9694 1.2370e-01     3.0777      8.530     12.371     9.5910 0.0000e+00
      8.716      0.054     0.1183      1.075    158.295 109.329350     1.5053      6.701   -78.0816 1.2365e-01     3.2405      8.549     12.399     9.5972 0.0000e+00
      8.732      0.055     0.1222      1.093    158.440 109.406165     1.5255      6.701   -78.0939 1.2361e-01     3.3478      8.564     12.421     9.5774 0.0000e+00
      8.747      0.053     0.1248      1.102    158.502 109.433343     1.5273      6.701   -78.2051 1.2360e-01     3.3495      8.578     12.441     9.5560 0.0000e+00
      8.760      0.048     0.1227      1.093    158.658 109.530567     1.5265      6.702   -78.3934 1.2360e-01     3.2608      8.591     12.461     9.5408 0.0000e+00
      8.770      0.043     0.1208      1.085    158.807 109.626430     1.5168      6.704   -78.3919 1.2362e-01     3.0608      8.601     12.475     9.5302 0.0000e+00
      8.779      0.039     0.1260      1.090    158.816 109.637141     1.5018      6.704   -78.4448 1.2362e-01     2.9138      8.609     12.486     9.5228 0.0000e+00
      8.788      0.037     0.1267      1.097    158.825 109.660080     1.4942      6.704   -78.7749 1.2360e-01     2.9175      8.618     12.500     9.5186 0.0000e+00
      8.798      0.036     0.1245      1.080    158.975 109.776439     1.4748      6.704   -79.0278 1.2365e-01     2.9687      8.628     12.514     9.5151 0.0000e+00
      8.806      0.037     0.1236      1.064    159.071 109.834024     1.4502      6.704   -79.2650 1.2367e-01     3.0210      8.637     12.526     9.5122 0.0000e+00
      8.814      0.039     0.1232      1.070    159.033 109.783165     1.4472      6.704   -79.5780 1.2361e-01     3.0378      8.643     12.536     9.5128 0.0000e+00
      8.824      0.043     0.1278      1.090    159.090 109.798326     1.4538      6.703   -79.8012 1.2359e-01     3.0353      8.652     12.549     9.5198 0.0000e+00
      8.835      0.048     0.1228      1.098    159.343 109.953622     1.4886      6.703   -80.0706 1.2361e-01     3.1273      8.665     12.566     9.5277 0.0000e+00
      8.848      0.054     0.1201      1.078    159.719 110.196063     1.5441      6.703   -80.3404 1.2366e-01     3.2614      8.676     12.583     9.5234 0.0000e+00
      8.862      0.059     0.1217      1.059    160.094 110.436956     1.5665      6.702   -80.4820 1.2371e-01     3.2907      8.690     12.603     9.5127 0.0000e+00
      8.879      0.063     0.1242      1.044    160.412 110.637198     1.5690      6.701   -80.5782 1.2369e-01     3.2424      8.707     12.629     9.5052 0.0000e+00
      8.897      0.065     0.1280      1.026    160.728 110.833908     1.5656      6.700   -80.5577 1.2362e-01     3.2242      8.724     12.653     9.4998 0.0000e+00
      8.915      0.064     0.1221      1.026    161.048 111.032087     1.5497      6.700   -80.4920 1.2362e-01     3.2755      8.743     12.679     9.4946 0.0000e+00
      8.934      0.061     0.1205      1.038    161.303 111.186381     1.5518      6.701   -80.5577 1.2362e-01     3.3151      8.761     12.707     9.4890 0.0000e+00
      8.950      0.056     0.1208      1.053    161.205 111.107221     1.5746      6.701   -80.8357 1.2362e-01     3.2941      8.779     12.732     9.4834 0.0000e+00
      8.963      0.052     0.1150      1.066    160.721 110.775516     1.6251      6.701   -81.3583 1.2367e-01     3.3629      8.791     12.750     9.4767 0.0000e+00
      8.973      0.048     0.1173      1.063    160.558 110.678611     1.7048      6.701   -81.7998 1.2368e-01     3.4983      8.800     12.763     9.4694 0.0000e+00
      8.983      0.047     0.1183      1.055    161.295 111.209333     1.7564      6.700   -81.9579 1.2363e-01     3.5308      8.808     12.776     9.4615 0.0000e+00
      8.994      0.048     0.1200      1.059    162.653 112.160992     1.7742      6.700   -82.0656 1.2360e-01     3.5167      8.819     12.791     9.4575 0.0000e+00
      9.006      0.050     0.1233      1.084    163.987 113.077275     1.7619      6.700   -82.3274 1.2355e-01     3.4984      8.831     12.809     9.4585 0.0000e+00
      9.020      0.053     0.1214      1.104    165.008 113.753145     1.7245      6.701   -82.6284 1.2352e-01     3.4463      8.845     12.829     9.4633 0.0000e+00
      9.035      0.054     0.1202      1.108    165.385 113.963256     1.7131      6.702   -82.7801 1.2354e-01     3.4328      8.860     12.850     9.4728 0.0000e+00
      9.050      0.052     0.1195      1.111    165.074 113.706736     1.7239      6.703   -82.8704 1.2357e-01     3.4374      8.875     12.872     9.4781 0.0000e+00
      9.065      0.049     0.1242      1.101    165.098 113.709013     1.7218      6.703   -83.0319 1.2358e-01     3.3997      8.891     12.895     9.4778 0.0000e+00
      9.078      0.048     0.1274      1.073    165.976 114.309255     1.6709      6.703   -83.2707 1.2358e-01     3.3522      8.904     12.915     9.4707 0.0000e+00
      9.088      0.049     0.1261      1.056    167.336 115.231363     1.5913      6.703   -83.5205 1.2362e-01     3.3076      8.914     12.928     9.4505 0.0000e+00
      9.096      0.053     0.1274      1.061    168.872 116.258538     1.5592      6.702   -83.8146 1.2371e-01     3.3049      8.919     12.935     9.4339 0.0000e+00
      9.106      0.058     0.1276      1.069    170.175 117.109480     1.5653      6.702   -84.1598 1.2372e-01     3.3539      8.928     12.947     9.4339 0.0000e+00
      9.122      0.063     0.1217      1.075    171.271 117.811598     1.5658      6.702   -84.3388 1.2367e-01     3.3869      8.944     12.972     9.4347 0.0000e+00
      9.144      0.067     0.1194      1.080    172.536 118.631669     1.5643      6.703   -84.3444 1.2367e-01     3.3966      8.966     13.004     9.4304 0.0000e+00
      9.166      0.069     0.1219      1.090    173.879 119.506887     1.5648      6.702   -84.3997 1.2371e-01     3.4025      8.990     13.039     9.4219 0.0000e+00
      9.186      0.067     0.1219      1.092    175.284 120.429522     1.5540      6.701   -84.6627 1.2373e-01     3.3901      9.010     13.068     9.4068 0.0000e+00
      9.201      0.064     0.1235      1.077    177.085 121.631359     1.5253      6.701   -85.0290 1.2372e-01     3.3833      9.025     13.089     9.3907 0.0000e+00
      9.214      0.061     0.1232      1.069    180.343 123.842934     1.4924      6.702   -85.2154 1.2375e-01     3.3889      9.036     13.104     9.3766 0.0000e+00
      9.226      0.058     0.1246      1.069    185.098 127.094931     1.4810      6.702   -85.2819 1.2382e-01     3.4235      9.046     13.120     9.3624 0.0000e+00
      9.241      0.054     0.1271      1.056    189.018 129.784807     1.4870      6.703   -85.4025 1.2380e-01     3.4610      9.061     13.142     9.3495 0.0000e+00
      9.258      0.050     0.1221      1.044    191.889 131.762307     1.5066      6.703   -85.5550 1.2369e-01     3.4316      9.079     13.168     9.3395 0.0000e+00
      9.274      0.047     0.1221      1.055    194.841 133.791865     1.5440      6.703   -85.7492 1.2361e-01     3.4096      9.097     13.194     9.3321 0.0000e+00
      9.285      0.042     0.1238      1.076    196.617 135.005624     1.5727      6.703   -86.0300 1.2361e-01     3.4005      9.107     13.209     9.3284 0.0000e+00
      9.291      0.037     0.1210      1.083    196.650 135.024823     1.5787      6.703   -86.4554 1.2362e-01     3.3547      9.111     13.214     9.3282 0.0000e+00
      9.297      0.032     0.1184      1.074    196.388 134.852956     1.5662      6.703   -86.8480 1.2365e-01     3.3341      9.117     13.221     9.3312 0.0000e+00
      9.306      0.027     0.1201      1.059    196.820 135.159355     1.5470      6.704   -87.0783 1.2370e-01     3.3565      9.125     13.236     9.3327 0.0000e+00
      9.315      0.024     0.1245      1.043    197.565 135.668776     1.5298      6.704   -87.2603 1.2372e-01     3.3533      9.135     13.250     9.3296 0.0000e+00
      9.321      0.023     0.1247      1.040    198.314 136.166193     1.5164      6.704   -87.4135 1.2370e-01     3.3292      9.141     13.259     9.3275 0.0000e+00
