Data/DataNotYetUploadedToEDI/Raw_CTD/RawDownloads/082525_fcr50_S7809001.cnv
* Sea-Bird SBE19plus  Data File:
* FileName = C:\R\Reservoirs\Data\DataNotYetUploadedToEDI\Raw_CTD\RawDownloads\082525_fcr50_S7809_0001.hex
* Software version 2.8.0.119
* Temperature SN = 7809
* Conductivity SN = 7809
* System UpLoad Time = Aug 26 2025 10:27:57
* <ApplicationData>
* <Seaterm232>
# nquan = 15
# nvalues = 1545                        
# units = specified
# name 0 = depFM: Depth [fresh water, m]
# name 1 = dz/dtM: Descent Rate [m/s]
# name 2 = sbeox0Mg/L: Oxygen, SBE 43 [mg/l]
# name 3 = sbeox0PS: Oxygen, SBE 43 [% saturation]
# name 4 = specc: Specific Conductance [uS/cm]
# name 5 = c0uS/cm: Conductivity [uS/cm]
# name 6 = flECO-AFL: Fluorescence, WET Labs ECO-AFL/FL [mg/m^3]
# name 7 = ph: pH
# name 8 = orp: Oxidation Reduction Potential [mV]
# name 9 = par/sat/log: PAR/Logarithmic, Satlantic
# name 10 = turbWETntu0: Turbidity, WET Labs ECO [NTU]
# name 11 = prdM: Pressure, Strain Gauge [db]
# name 12 = prdE: Pressure, Strain Gauge [psi]
# name 13 = tv290C: Temperature [ITS-90, deg C]
# name 14 = flag:  0.000e+00
# span 0 =     -0.657,      6.473       
# span 1 =     -0.229,      0.287       
# span 2 =     0.0411,    10.9650       
# span 3 =      0.411,    127.671       
# span 4 =      0.896,     56.721       
# span 5 =   0.863422,  45.526714       
# span 6 =    -2.0042,   227.5557       
# span 7 =     -2.133,     10.738       
# span 8 = -1240.7455,   686.6992       
# span 9 = 1.2359e-01, 1.4053e+03       
# span 10 =    -4.7121,    26.6801      
# span 11 =     -0.645,      6.352      
# span 12 =     -0.936,      9.213      
# span 13 =    12.1445,    25.3672      
# span 14 = 0.0000e+00, 0.0000e+00      
# interval = seconds: 0.25
# start_time = Aug 25 2025 11:37:22 [Instrument's time stamp, header]
# bad_flag = -9.990e-29
*END*
[from data line 1061]
      6.314      0.015     4.8600     45.298     56.593  42.088932     0.6798      8.186   212.0153 1.2380e-01    24.0634      6.190      8.980    12.1698 0.0000e+00
      6.320      0.017     4.8558     45.314     56.562  42.065986     0.6885      8.185   211.6318 1.2375e-01    24.1289      6.197      8.989    12.1699 0.0000e+00
      6.328      0.017     4.8563     45.344     56.567  42.066299     0.7016      8.183   211.7898 1.2372e-01    24.2430      6.207      9.003    12.1709 0.0000e+00
      6.335      0.016     4.8594     45.382     56.605  42.092720     0.6971      8.183   212.1183 1.2372e-01    24.2127      6.215      9.013    12.1772 0.0000e+00
      6.337      0.015     4.8612     45.403     56.657  42.131545     0.6913      8.182   212.4202 1.2374e-01    24.1046      6.216      9.015    12.1848 0.0000e+00
      6.337      0.015     4.8613     45.416     56.683  42.154900     0.6908      8.180   212.3427 1.2376e-01    24.0632      6.214      9.013    12.1845 0.0000e+00
      6.338      0.015     4.8653     45.425     56.627  42.121215     0.6825      8.180   212.2151 1.2374e-01    24.1897      6.215      9.015    12.1792 0.0000e+00
      6.343      0.015     4.8718     45.415     56.593  42.105105     0.6651      8.179   212.2541 1.2374e-01    24.3707      6.220      9.021    12.1772 0.0000e+00
      6.351      0.016     4.8725     45.398     56.644  42.150541     0.6388      8.179   212.2979 1.2377e-01    24.3736      6.228      9.033    12.1776 0.0000e+00
      6.358      0.016     4.8737     45.382     56.654  42.162817     0.6229      8.179   212.6580 1.2374e-01    24.3268      6.237      9.046    12.1804 0.0000e+00
      6.361      0.015     4.8749     45.356     56.600  42.126595     0.6308      8.179   213.3378 1.2367e-01    24.3513      6.239      9.049    12.1884 0.0000e+00
      6.363      0.013     4.8720     45.328     56.550  42.093417     0.6682      8.178   213.6346 1.2365e-01    24.4311      6.239      9.048    12.1982 0.0000e+00
      6.365      0.011     4.8687     45.323     56.530  42.079025     0.7170      8.177   213.4074 1.2370e-01    24.5397      6.242      9.054    12.2048 0.0000e+00
      6.369      0.010     4.8679     45.338     56.534  42.079524     0.7216      8.176   213.0856 1.2376e-01    24.5033      6.247      9.061    12.2082 0.0000e+00
      6.372      0.010     4.8640     45.366     56.563  42.099441     0.6904      8.175   213.0134 1.2374e-01    24.4008      6.249      9.063    12.2114 0.0000e+00
      6.373      0.011     4.8592     45.401     56.602  42.129435     0.6641      8.175   213.6537 1.2372e-01    24.4618      6.249      9.064    12.2155 0.0000e+00
      6.374      0.011     4.8588     45.417     56.592  42.124818     0.6614      8.175   214.8042 1.2373e-01    24.5919      6.251      9.066    12.2167 0.0000e+00
      6.377      0.011     4.8617     45.402     56.563  42.107096     0.6913      8.176   215.1361 1.2376e-01    24.6078      6.253      9.069    12.2132 0.0000e+00
      6.381      0.012     4.8640     45.372     56.559  42.105579     0.6926      8.176   214.7412 1.2377e-01    24.5168      6.258      9.076    12.2107 0.0000e+00
      6.385      0.013     4.8696     45.338     56.561  42.106473     0.6773      8.175   214.6762 1.2374e-01    24.4487      6.263      9.084    12.2119 0.0000e+00
      6.389      0.013     4.8716     45.313     56.579  42.117904     0.6976      8.174   215.1243 1.2375e-01    24.4327      6.266      9.087    12.2152 0.0000e+00
      6.391      0.012     4.8682     45.311     56.580  42.116844     0.7134      8.173   215.8563 1.2377e-01    24.3919      6.267      9.090    12.2190 0.0000e+00
      6.394      0.012     4.8645     45.318     56.551  42.093659     0.7264      8.172   216.3865 1.2374e-01    24.3313      6.270      9.094    12.2208 0.0000e+00
      6.397      0.012     4.8610     45.323     56.552  42.091456     0.7228      8.171   216.5441 1.2374e-01    24.2469      6.274      9.099    12.2196 0.0000e+00
      6.400      0.012     4.8572     45.344     56.555  42.090208     0.6946      8.170   216.4720 1.2374e-01    24.2250      6.276      9.102    12.2177 0.0000e+00
      6.403      0.012     4.8579     45.374     56.544  42.078564     0.6853      8.168   216.3745 1.2374e-01    24.2716      6.278      9.107    12.2163 0.0000e+00
      6.408      0.012     4.8606     45.405     56.548  42.077610     0.7018      8.168   216.4845 1.2373e-01    24.2646      6.284      9.115    12.2146 0.0000e+00
      6.411      0.011     4.8586     45.434     56.551  42.078669     0.7192      8.167   216.6827 1.2372e-01    24.2416      6.288      9.119    12.2125 0.0000e+00
      6.413      0.010     4.8629     45.445     56.566  42.091369     0.7047      8.167   216.8784 1.2377e-01    24.1993      6.289      9.121    12.2093 0.0000e+00
      6.414      0.010     4.8664     45.441     56.577  42.104218     0.6926      8.167   217.1294 1.2377e-01    24.2317      6.290      9.122    12.2055 0.0000e+00
      6.417      0.009     4.8699     45.426     56.574  42.107088     0.7066      8.167   216.8786 1.2370e-01    24.2908      6.293      9.127    12.2019 0.0000e+00
      6.419      0.009     4.8745     45.402     56.596  42.126077     0.7070      8.167   216.2559 1.2368e-01    24.2309      6.295      9.131    12.2000 0.0000e+00
      6.422      0.009     4.8750     45.367     56.618  42.143397     0.6974      8.166   216.1390 1.2373e-01    24.2250      6.298      9.135    12.2022 0.0000e+00
      6.424      0.009     4.8737     45.323     56.596  42.126088     0.6897      8.165   216.4979 1.2379e-01    24.3219      6.301      9.138    12.2068 0.0000e+00
      6.426      0.008     4.8718     45.288     56.571  42.107203     0.6809      8.163   216.8955 1.2381e-01    24.4459      6.301      9.138    12.2116 0.0000e+00
      6.428      0.008     4.8688     45.264     56.571  42.105488     0.6823      8.163   216.7304 1.2382e-01    24.5287      6.304      9.141    12.2150 0.0000e+00
      6.431      0.008     4.8653     45.247     56.572  42.105347     0.6985      8.163   216.0494 1.2377e-01    24.5374      6.307      9.149    12.2148 0.0000e+00
      6.432      0.007     4.8598     45.265     56.572  42.105499     0.7274      8.163   215.8903 1.2370e-01    24.5507      6.308      9.149    12.2137 0.0000e+00
      6.434      0.007     4.8554     45.317     56.575  42.107319     0.7317      8.163   216.3543 1.2371e-01    24.5183      6.309      9.150    12.2132 0.0000e+00
      6.436      0.007     4.8547     45.363     56.604  42.127362     0.7004      8.163   216.6696 1.2373e-01    24.4883      6.312      9.155    12.2118 0.0000e+00
      6.437      0.007     4.8504     45.395     56.646  42.157420     0.6814      8.163   216.6051 1.2375e-01    24.5289      6.313      9.156    12.2108 0.0000e+00
      6.438      0.007     4.8522     45.425     56.645  42.153382     0.6941      8.162   216.4355 1.2379e-01    24.4972      6.314      9.158    12.2108 0.0000e+00
      6.441      0.007     4.8605     45.447     56.634  42.142010     0.7208      8.161   216.3392 1.2381e-01    24.4132      6.316      9.161    12.2105 0.0000e+00
      6.443      0.006     4.8658     45.464     56.644  42.146850     0.7203      8.161   216.3021 1.2379e-01    24.2983      6.318      9.164    12.2098 0.0000e+00
      6.445      0.006     4.8677     45.460     56.647  42.148439     0.7054      8.160   216.3298 1.2372e-01    24.1671      6.321      9.167    12.2084 0.0000e+00
      6.446      0.007     4.8728     45.419     56.662  42.161224     0.7079      8.159   216.6751 1.2366e-01    24.1248      6.322      9.169    12.2054 0.0000e+00
      6.447      0.010     4.8747     45.398     56.675  42.174484     0.7162      8.159   217.1212 1.2365e-01    24.1288      6.322      9.170    12.2015 0.0000e+00
      6.447      0.013     4.8769     45.425     56.677  42.181824     0.7303      8.159   217.0781 1.2365e-01    24.1468      6.322      9.170    12.1996 0.0000e+00
      6.450      0.015     4.8793     45.445     56.672  42.186508     0.6960      8.159   216.8421 1.2363e-01    24.2398      6.324      9.172    12.2000 0.0000e+00
      6.457      0.014     4.8703     45.432     56.635  42.167657     0.6180      8.159   216.8477 1.2359e-01    24.4334      6.331      9.181    12.2007 0.0000e+00
      6.466      0.007     4.8661     45.412     56.593  42.144324     0.5780      8.158   217.5763 1.2360e-01    24.5401      6.342      9.196    12.2031 0.0000e+00
      6.473     -0.007     4.8722     45.389     56.607  42.158283     0.5787      8.157   218.7689 1.2368e-01    24.5400      6.352      9.213    12.2092 0.0000e+00
      6.473     -0.025     4.8751     45.359     56.671  42.209493     0.5842      8.157   219.3076 1.2372e-01    24.5344      6.351      9.211    12.2168 0.0000e+00
      6.463     -0.046     4.8699     45.324     56.720  42.255733     0.5616      8.156   219.1002 1.2371e-01    24.3698      6.341      9.197    12.2252 0.0000e+00
      6.445     -0.065     4.8677     45.282     56.721  42.273073     0.5217      8.155   218.5834 1.2374e-01    24.2239      6.324      9.173    12.2331 0.0000e+00
      6.420     -0.080     4.8655     45.264     56.718  42.292231     0.5015      8.155   218.6514 1.2374e-01    24.2387      6.296      9.131    12.2351 0.0000e+00
      6.394     -0.088     4.8607     45.274     56.691  42.296984     0.5251      8.155   219.4073 1.2372e-01    24.2765      6.270      9.092    12.2352 0.0000e+00
      6.369     -0.093     4.8585     45.299     56.624  42.267087     0.5740      8.155   219.7206 1.2372e-01    24.3050      6.246      9.057    12.2440 0.0000e+00
      6.345     -0.098     4.8488     45.335     56.588  42.248131     0.5939      8.155   219.3416 1.2371e-01    24.2412      6.222      9.023    12.2599 0.0000e+00
      6.323     -0.106     4.8454     45.353     56.603  42.258222     0.5819      8.153   218.9547 1.2369e-01    24.2230      6.202      8.995    12.2785 0.0000e+00
      6.300     -0.121     4.8454     45.366     56.613  42.262147     0.5704      8.150   218.9146 1.2370e-01    24.2894      6.180      8.964    12.3035 0.0000e+00
      6.273     -0.141     4.8434     45.386     56.575  42.232117     0.5637      8.148   219.0283 1.2378e-01    24.2921      6.154      8.926    12.3247 0.0000e+00
      6.238     -0.163     4.8506     45.395     56.555  42.212491     0.5667      8.148   219.2969 1.2385e-01    24.2564      6.122      8.880    12.3299 0.0000e+00
      6.192     -0.182     4.8508     45.382     56.570  42.215268     0.5662      8.147   219.7537 1.2383e-01    24.1993      6.076      8.814    12.3257 0.0000e+00
      6.133     -0.193     4.8517     45.359     56.565  42.202209     0.5399      8.147   220.1641 1.2369e-01    24.2163      6.016      8.725    12.3217 0.0000e+00
      6.070     -0.194     4.8560     45.340     56.548  42.181536     0.5239      8.146   219.6981 1.2360e-01    24.3256      5.950      8.630    12.3215 0.0000e+00
      6.015     -0.187     4.8567     45.311     56.522  42.155717     0.5559      8.146   218.7652 1.2366e-01    24.4278      5.894      8.550    12.3191 0.0000e+00
      5.970     -0.173     4.8565     45.266     56.515  42.143910     0.6102      8.146   218.6938 1.2370e-01    24.4609      5.853      8.489    12.3103 0.0000e+00
      5.933     -0.154     4.8536     45.230     56.555  42.165712     0.6232      8.145   219.0069 1.2366e-01    24.3843      5.817      8.437    12.3005 0.0000e+00
      5.899     -0.136     4.8536     45.204     56.565  42.165436     0.6137      8.145   219.4538 1.2368e-01    24.2533      5.784      8.389    12.2935 0.0000e+00
      5.867     -0.121     4.8517     45.181     56.540  42.140569     0.6277      8.145   219.5366 1.2369e-01    24.1061      5.753      8.344    12.2888 0.0000e+00
      5.837     -0.109     4.8453     45.160     56.516  42.118923     0.6518      8.145   218.6313 1.2364e-01    24.0400      5.723      8.300    12.2831 0.0000e+00
      5.810     -0.100     4.8432     45.145     56.487  42.094125     0.6794      8.145   218.1446 1.2369e-01    24.1035      5.696      8.262    12.2752 0.0000e+00
      5.788     -0.095     4.8411     45.137     56.494  42.094623     0.6786      8.144   218.8143 1.2377e-01    24.0878      5.675      8.231    12.2679 0.0000e+00
      5.768     -0.094     4.8392     45.118     56.541  42.124937     0.6346      8.144   219.8455 1.2376e-01    24.0883      5.656      8.204    12.2625 0.0000e+00
      5.748     -0.095     4.8380     45.093     56.571  42.143288     0.5877      8.144   220.2019 1.2371e-01    24.2125      5.635      8.175    12.2596 0.0000e+00
      5.726     -0.096     4.8348     45.071     56.551  42.126089     0.5785      8.144   219.8543 1.2365e-01    24.2572      5.617      8.146    12.2574 0.0000e+00
      5.698     -0.097     4.8372     45.040     56.530  42.107389     0.6057      8.145   219.7718 1.2363e-01    24.2872      5.591      8.109    12.2530 0.0000e+00
      5.665     -0.101     4.8344     45.001     56.536  42.107613     0.6087      8.146   220.0649 1.2368e-01    24.4045      5.552      8.053    12.2484 0.0000e+00
      5.639     -0.107     4.8311     44.968     56.570  42.128787     0.5807      8.146   220.5596 1.2374e-01    24.5817      5.525      8.014    12.2454 0.0000e+00
      5.619     -0.114     4.8308     44.946     56.631  42.172978     0.5677      8.145   222.3116 1.2372e-01    24.6886      5.513      7.996    12.2434 0.0000e+00
      5.596     -0.120     4.8265     44.916     56.660  42.197631     0.5766      8.144   224.9006 1.2366e-01    24.6716      5.492      7.966    12.2411 0.0000e+00
      5.562     -0.125     4.8233     44.895     56.615  42.172985     0.5970      8.144   226.4808 1.2369e-01    24.5476      5.456      7.914    12.2369 0.0000e+00
      5.522     -0.132     4.8184     44.915     56.543  42.128881     0.6050      8.145   226.7057 1.2377e-01    24.2823      5.414      7.853    12.2319 0.0000e+00
      5.483     -0.139     4.8193     44.948     56.506  42.108695     0.5913      8.145   226.1565 1.2376e-01    24.1632      5.374      7.795    12.2300 0.0000e+00
      5.448     -0.144     4.8143     44.972     56.512  42.119334     0.5812      8.145   227.4125 1.2371e-01    24.1996      5.341      7.746    12.2338 0.0000e+00
      5.417     -0.145     4.8080     44.996     56.523  42.130584     0.5988      8.145   230.5335 1.2372e-01    24.2104      5.313      7.705    12.2426 0.0000e+00
      5.382     -0.141     4.8120     44.991     56.508  42.117779     0.6296      8.144   231.7140 1.2374e-01    24.2595      5.281      7.658    12.2518 0.0000e+00
      5.340     -0.136     4.8160     44.930     56.481  42.091446     0.6206      8.143   230.0709 1.2377e-01    24.2124      5.238      7.597    12.2579 0.0000e+00
      5.298     -0.132     4.8163     44.875     56.456  42.066067     0.5737      8.144   227.2721 1.2382e-01    24.1533      5.192      7.530    12.2631 0.0000e+00
      5.263     -0.127     4.8195     44.841     56.461  42.064809     0.5613      8.144   225.1494 1.2379e-01    24.2619      5.157      7.478    12.2673 0.0000e+00
      5.239     -0.121     4.8235     44.784     56.482  42.076237     0.6038      8.144   224.1946 1.2373e-01    24.3644      5.138      7.451    12.2654 0.0000e+00
      5.217     -0.115     4.8111     44.728     56.487  42.077285     0.6550      8.143   223.6425 1.2376e-01    24.3339      5.120      7.426    12.2587 0.0000e+00
      5.187     -0.110     4.8061     44.720     56.492  42.077485     0.6647      8.142   223.1199 1.2381e-01    24.2341      5.087      7.379    12.2525 0.0000e+00
      5.154     -0.108     4.8069     44.743     56.497  42.078647     0.6380      8.142   222.5223 1.2381e-01    24.2177      5.052      7.327    12.2477 0.0000e+00
