Data/DataNotYetUploadedToEDI/Raw_CTD/RawDownloads/082525_fcr30_S7809004.cnv
* Sea-Bird SBE19plus  Data File:
* FileName = C:\R\Reservoirs\Data\DataNotYetUploadedToEDI\Raw_CTD\RawDownloads\082525_fcr50_S7809_0004.hex
* Software version 2.8.0.119
* Temperature SN = 7809
* Conductivity SN = 7809
* System UpLoad Time = Aug 26 2025 10:29:40
* <ApplicationData>
* <Seaterm232>
# nquan = 15
# nvalues = 2148                        
# units = specified
# name 0 = depFM: Depth [fresh water, m]
# name 1 = dz/dtM: Descent Rate [m/s]
# name 2 = sbeox0Mg/L: Oxygen, SBE 43 [mg/l]
# name 3 = sbeox0PS: Oxygen, SBE 43 [% saturation]
# name 4 = specc: Specific Conductance [uS/cm]
# name 5 = c0uS/cm: Conductivity [uS/cm]
# name 6 = flECO-AFL: Fluorescence, WET Labs ECO-AFL/FL [mg/m^3]
# name 7 = ph: pH
# name 8 = orp: Oxidation Reduction Potential [mV]
# name 9 = par/sat/log: PAR/Logarithmic, Satlantic
# name 10 = turbWETntu0: Turbidity, WET Labs ECO [NTU]
# name 11 = prdM: Pressure, Strain Gauge [db]
# name 12 = prdE: Pressure, Strain Gauge [psi]
# name 13 = tv290C: Temperature [ITS-90, deg C]
# name 14 = flag:  0.000e+00
# span 0 =     -0.653,      5.117       
# span 1 =     -0.341,      0.178       
# span 2 =     0.0019,    11.4232       
# span 3 =      0.046,    133.136       
# span 4 =      1.903,     79.947       
# span 5 =   1.780282,  62.228349       
# span 6 =    -0.1759,    48.4904       
# span 7 =      8.209,     10.976       
# span 8 =   110.0637,   740.3693       
# span 9 = 1.8984e-01, 2.5021e+03       
# span 10 =     0.1356,   316.9551      
# span 11 =     -0.640,      5.018      
# span 12 =     -0.928,      7.278      
# span 13 =    12.1673,    25.6809      
# span 14 = 0.0000e+00, 0.0000e+00      
# interval = seconds: 0.25
# start_time = Aug 25 2025 13:31:26 [Instrument's time stamp, header]
# bad_flag = -9.990e-29
*END*
[from data line 675]
      1.269      0.012     9.5574    116.129     37.917  37.909797     1.9023     10.966   127.6500 7.6689e+01     2.8178      1.244      1.805    24.9867 0.0000e+00
      1.273      0.011     9.5655    116.176     37.918  37.909791     1.9314     10.966   127.7155 7.6602e+01     2.9644      1.249      1.812    24.9867 0.0000e+00
      1.275      0.009     9.5768    116.162     37.934  37.925484     1.9534     10.966   127.6682 7.6386e+01     2.9703      1.250      1.814    24.9865 0.0000e+00
      1.275      0.007     9.5907    116.050     37.919  37.909167     1.9524     10.965   127.5949 7.6188e+01     2.8212      1.251      1.814    24.9860 0.0000e+00
      1.276      0.007     9.5990    115.884     37.913  37.902875     1.9521     10.965   127.6030 7.6018e+01     2.7327      1.251      1.815    24.9848 0.0000e+00
      1.277      0.008     9.6018    115.731     37.924  37.912865     1.9660     10.966   127.6807 7.5798e+01     2.7539      1.252      1.816    24.9835 0.0000e+00
      1.279      0.009     9.6052    115.603     37.914  37.903045     1.9874     10.967   127.6742 7.5730e+01     2.8739      1.254      1.818    24.9821 0.0000e+00
      1.281      0.011     9.5927    115.485     37.923  37.911050     1.9861     10.966   127.6099 7.5683e+01     2.9188      1.256      1.822    24.9814 0.0000e+00
      1.284      0.012     9.5769    115.405     37.959  37.946194     1.9664     10.965   127.5904 7.5623e+01     2.8178      1.259      1.827    24.9810 0.0000e+00
      1.289      0.012     9.5645    115.410     37.961  37.947234     1.9744     10.965   127.6111 7.5661e+01     2.8143      1.264      1.834    24.9795 0.0000e+00
      1.293      0.011     9.5552    115.471     37.938  37.923626     1.9829     10.964   127.7742 7.5617e+01     2.8768      1.268      1.839    24.9784 0.0000e+00
      1.296      0.010     9.5448    115.529     37.929  37.914567     1.9608     10.964   127.9278 7.5577e+01     2.8903      1.272      1.843    24.9778 0.0000e+00
      1.298      0.008     9.5352    115.571     37.916  37.901157     1.9317     10.964   127.9207 7.5521e+01     2.9092      1.274      1.847    24.9768 0.0000e+00
      1.300      0.007     9.5379    115.644     37.904  37.888401     1.9054     10.964   127.9455 7.5543e+01     2.8662      1.275      1.849    24.9764 0.0000e+00
      1.301      0.007     9.5448    115.769     37.904  37.887232     1.9096     10.964   127.9694 7.5508e+01     2.8826      1.276      1.850    24.9761 0.0000e+00
      1.302      0.008     9.5504    115.874     37.905  37.887022     1.9421     10.964   127.9514 7.5404e+01     3.0051      1.276      1.850    24.9762 0.0000e+00
      1.303      0.009     9.5519    115.880     37.905  37.885867     1.9569     10.964   127.8996 7.5405e+01     3.0486      1.278      1.853    24.9748 0.0000e+00
      1.306      0.011     9.5570    115.794     37.895  37.873270     1.9382     10.964   127.8606 7.5371e+01     2.9647      1.281      1.858    24.9721 0.0000e+00
      1.310      0.012     9.5706    115.660     37.885  37.861619     1.9072     10.963   127.9960 7.5251e+01     2.8447      1.284      1.862    24.9713 0.0000e+00
      1.314      0.012     9.5826    115.560     37.898  37.871909     1.9232     10.961   128.0739 7.5003e+01     2.8622      1.289      1.869    24.9713 0.0000e+00
      1.318      0.011     9.5820    115.532     37.899  37.870765     1.9738     10.961   127.9424 7.4561e+01     2.9029      1.293      1.875    24.9693 0.0000e+00
      1.320      0.010     9.5747    115.498     37.877  37.847776     1.9938     10.962   127.9543 7.3871e+01     2.8249      1.295      1.878    24.9659 0.0000e+00
      1.322      0.009     9.5618    115.428     37.877  37.847776     1.9826     10.962   128.1316 7.3163e+01     2.7727      1.296      1.880    24.9629 0.0000e+00
      1.323      0.009     9.5504    115.368     37.899  37.870764     1.9791     10.962   128.1935 7.2645e+01     2.8177      1.298      1.882    24.9597 0.0000e+00
      1.325      0.010     9.5543    115.333     37.899  37.871899     2.0018     10.962   128.1861 7.2210e+01     2.9253      1.299      1.884    24.9560 0.0000e+00
      1.328      0.011     9.5526    115.313     37.888  37.861505     1.9990     10.962   128.2140 7.1942e+01     2.9471      1.302      1.888    24.9537 0.0000e+00
      1.331      0.011     9.5435    115.327     37.898  37.872002     1.9787     10.961   128.1869 7.1822e+01     2.8415      1.305      1.893    24.9550 0.0000e+00
      1.334      0.012     9.5385    115.381     37.898  37.871909     1.9815     10.960   128.1159 7.1708e+01     2.7765      1.309      1.898    24.9571 0.0000e+00
      1.338      0.013     9.5362    115.425     37.887  37.860381     1.9914     10.960   128.1308 7.1706e+01     2.8442      1.312      1.903    24.9583 0.0000e+00
      1.341      0.013     9.5335    115.437     37.887  37.859530     2.0065     10.959   128.1086 7.1660e+01     2.9769      1.315      1.908    24.9598 0.0000e+00
      1.344      0.013     9.5333    115.432     37.890  37.861619     1.9982     10.959   128.0194 7.1644e+01     2.9806      1.318      1.911    24.9606 0.0000e+00
      1.347      0.013     9.5408    115.387     37.915  37.885629     1.9654     10.960   128.0859 7.1793e+01     2.8547      1.321      1.915    24.9598 0.0000e+00
      1.351      0.013     9.5452    115.327     37.927  37.896013     1.9504     10.960   128.1384 7.1943e+01     2.7871      1.325      1.921    24.9592 0.0000e+00
      1.354      0.014     9.5445    115.322     37.892  37.860259     1.9672     10.959   128.0509 7.2107e+01     2.8461      1.328      1.926    24.9584 0.0000e+00
      1.358      0.014     9.5462    115.354     37.867  37.834057     1.9941     10.957   128.0609 7.2285e+01     2.9533      1.332      1.931    24.9563 0.0000e+00
      1.361      0.014     9.5430    115.374     37.867  37.833026     1.9926     10.957   128.1729 7.2493e+01     2.9561      1.335      1.936    24.9547 0.0000e+00
      1.365      0.014     9.5332    115.394     37.883  37.847786     1.9651     10.956   128.2861 7.2770e+01     2.9143      1.339      1.942    24.9536 0.0000e+00
      1.368      0.014     9.5354    115.415     37.922  37.885621     1.9458     10.955   128.3121 7.3019e+01     2.9263      1.342      1.946    24.9519 0.0000e+00
      1.371      0.014     9.5406    115.418     37.947  37.909743     1.9584     10.954   128.2283 7.3207e+01     2.9288      1.344      1.950    24.9504 0.0000e+00
      1.374      0.015     9.5410    115.430     37.925  37.885619     1.9931     10.954   128.2192 7.3340e+01     2.9790      1.348      1.955    24.9488 0.0000e+00
      1.379      0.015     9.5425    115.486     37.890  37.847766     1.9984     10.954   128.2879 7.3480e+01     2.9875      1.352      1.961    24.9476 0.0000e+00
      1.383      0.015     9.5464    115.563     37.878  37.832788     1.9639     10.953   128.2852 7.3697e+01     2.8942      1.357      1.968    24.9471 0.0000e+00
      1.387      0.015     9.5452    115.599     37.878  37.831437     1.9429     10.953   128.2727 7.3788e+01     2.8412      1.360      1.973    24.9461 0.0000e+00
      1.391      0.015     9.5448    115.533     37.879  37.831427     1.9605     10.952   128.3084 7.3789e+01     2.8592      1.364      1.978    24.9429 0.0000e+00
      1.395      0.014     9.5522    115.423     37.883  37.832655     1.9943     10.951   128.3732 7.3815e+01     2.8734      1.368      1.985    24.9382 0.0000e+00
      1.398      0.014     9.5595    115.374     37.898  37.846290     1.9928     10.951   128.4540 7.3784e+01     2.7744      1.371      1.989    24.9345 0.0000e+00
      1.402      0.014     9.5677    115.404     37.922  37.869374     1.9595     10.951   128.5105 7.3735e+01     2.7554      1.374      1.993    24.9323 0.0000e+00
      1.405      0.014     9.5593    115.486     37.911  37.857932     1.9659     10.950   128.5404 7.3734e+01     2.9160      1.378      1.998    24.9305 0.0000e+00
      1.408      0.013     9.5460    115.597     37.888  37.834857     2.0035     10.949   128.5573 7.3730e+01     3.0086      1.381      2.003    24.9278 0.0000e+00
      1.412      0.013     9.5432    115.734     37.898  37.844201     2.0149     10.947   128.5424 7.3658e+01     2.9521      1.385      2.008    24.9256 0.0000e+00
      1.415      0.013     9.5463    115.879     37.899  37.844001     1.9952     10.946   128.5326 7.3663e+01     2.8480      1.388      2.013    24.9245 0.0000e+00
      1.419      0.013     9.5546    116.012     37.889  37.832436     1.9653     10.945   128.6111 7.3711e+01     2.8431      1.391      2.018    24.9239 0.0000e+00
      1.422      0.013     9.5630    116.122     37.890  37.831273     1.9446     10.945   128.6312 7.3666e+01     2.8932      1.395      2.022    24.9237 0.0000e+00
      1.425      0.013     9.5754    116.164     37.890  37.829939     1.9530     10.945   128.5176 7.3656e+01     2.9076      1.397      2.027    24.9230 0.0000e+00
      1.429      0.012     9.5885    116.106     37.878  37.816305     1.9838     10.944   128.4425 7.3667e+01     2.9140      1.401      2.031    24.9213 0.0000e+00
      1.432      0.012     9.5993    115.997     37.856  37.793334     1.9840     10.943   128.4967 7.3572e+01     2.8676      1.405      2.037    24.9195 0.0000e+00
      1.435      0.011     9.6103    115.864     37.870  37.806015     1.9563     10.943   128.6571 7.3378e+01     2.8933      1.408      2.041    24.9173 0.0000e+00
      1.438      0.010     9.6168    115.693     37.907  37.842716     1.9731     10.942   128.7471 7.3094e+01     3.0204      1.410      2.045    24.9147 0.0000e+00
      1.440      0.008     9.6090    115.483     37.920  37.856351     2.0287     10.941   128.7242 7.2779e+01     3.0718      1.412      2.048    24.9125 0.0000e+00
      1.442      0.007     9.5998    115.255     37.908  37.843963     2.0539     10.941   128.7252 7.2552e+01     3.0022      1.415      2.051    24.9102 0.0000e+00
      1.443      0.007     9.5905    115.111     37.884  37.819848     2.0367     10.940   128.7587 7.2430e+01     2.8617      1.416      2.053    24.9093 0.0000e+00
      1.444      0.006     9.5750    115.156     37.882  37.818600     2.0283     10.939   128.7846 7.2300e+01     2.8423      1.417      2.054    24.9104 0.0000e+00
      1.446      0.006     9.5586    115.348     37.891  37.828880     2.0530     10.938   128.7811 7.2270e+01     2.9719      1.419      2.057    24.9110 0.0000e+00
      1.448      0.007     9.5362    115.538     37.879  37.817229     2.0529     10.937   128.8015 7.2392e+01     2.9948      1.420      2.059    24.9100 0.0000e+00
      1.449      0.008     9.5195    115.655     37.867  37.804632     2.0178     10.937   128.8591 7.2587e+01     2.8464      1.421      2.061    24.9094 0.0000e+00
      1.450      0.010     9.5250    115.730     37.866  37.803479     2.0037     10.936   128.8755 7.2947e+01     2.7487      1.422      2.063    24.9101 0.0000e+00
      1.453      0.011     9.5466    115.786     37.866  37.803290     2.0237     10.935   128.9140 7.3408e+01     2.8386      1.425      2.067    24.9112 0.0000e+00
      1.457      0.012     9.5647    115.835     37.866  37.802355     2.0596     10.935   128.9810 7.3841e+01     2.9765      1.429      2.073    24.9124 0.0000e+00
      1.462      0.013     9.5714    115.874     37.855  37.792169     2.0639     10.935   128.9109 7.4154e+01     2.9466      1.434      2.080    24.9125 0.0000e+00
      1.466      0.013     9.5780    115.868     37.868  37.807043     2.0341     10.934   128.8407 7.4306e+01     2.8187      1.437      2.085    24.9114 0.0000e+00
      1.468      0.013     9.5824    115.825     37.916  37.855291     2.0236     10.934   128.9931 7.4327e+01     2.7624      1.439      2.087    24.9101 0.0000e+00
      1.470      0.013     9.5856    115.764     37.929  37.867887     2.0451     10.935   129.1186 7.4269e+01     2.8131      1.443      2.091    24.9104 0.0000e+00
      1.473      0.013     9.5913    115.674     37.894  37.832427     2.0775     10.935   129.0673 7.4229e+01     2.9196      1.445      2.096    24.9118 0.0000e+00
      1.478      0.013     9.5894    115.604     37.870  37.807272     2.0741     10.935   129.0612 7.4235e+01     2.9222      1.449      2.102    24.9140 0.0000e+00
      1.482      0.013     9.5843    115.638     37.880  37.817572     2.0463     10.935   129.1312 7.4343e+01     2.8786      1.453      2.108    24.9150 0.0000e+00
      1.486      0.013     9.5812    115.741     37.892  37.830045     2.0315     10.934   129.1383 7.4584e+01     2.9052      1.457      2.113    24.9138 0.0000e+00
      1.488      0.013     9.5727    115.810     37.892  37.831179     2.0285     10.933   129.1474 7.4832e+01     2.9367      1.459      2.116    24.9123 0.0000e+00
      1.490      0.013     9.5626    115.815     37.893  37.831276     2.0525     10.933   129.1559 7.5058e+01     2.9511      1.461      2.119    24.9107 0.0000e+00
      1.493      0.013     9.5672    115.784     37.894  37.831224     2.0626     10.933   128.9829 7.5283e+01     2.9082      1.464      2.124    24.9106 0.0000e+00
      1.497      0.013     9.5802    115.746     37.894  37.830539     2.0514     10.933   128.7758 7.5554e+01     2.8628      1.468      2.129    24.9124 0.0000e+00
      1.501      0.014     9.5858    115.700     37.887  37.822997     2.0504     10.932   128.7166 7.5922e+01     2.9148      1.472      2.135    24.9131 0.0000e+00
      1.504      0.015     9.5852    115.640     37.868  37.803489     2.0495     10.931   128.7839 7.6294e+01     2.9899      1.475      2.140    24.9123 0.0000e+00
      1.508      0.017     9.5818    115.589     37.851  37.785029     2.0571     10.931   128.9010 7.6678e+01     2.9513      1.479      2.145    24.9111 0.0000e+00
      1.511      0.018     9.5791    115.587     37.858  37.790173     2.0597     10.930   128.9280 7.7057e+01     2.8245      1.482      2.149    24.9099 0.0000e+00
      1.515      0.019     9.5758    115.643     37.873  37.802220     2.0731     10.930   128.9378 7.7393e+01     2.8226      1.486      2.153    24.9100 0.0000e+00
      1.522      0.019     9.5698    115.675     37.877  37.803780     2.1110     10.930   129.0205 7.7696e+01     2.9281      1.493      2.165    24.9095 0.0000e+00
      1.528      0.018     9.5655    115.625     37.883  37.809029     2.1264     10.929   129.0666 7.7850e+01     2.9726      1.501      2.177    24.9065 0.0000e+00
      1.533      0.017     9.5637    115.510     37.876  37.802220     2.1016     10.928   129.0649 7.7918e+01     2.9176      1.505      2.182    24.9034 0.0000e+00
      1.536      0.014     9.5731    115.348     37.860  37.784910     2.0686     10.927   129.0867 7.8053e+01     2.8431      1.507      2.185    24.9002 0.0000e+00
      1.539      0.012     9.5789    115.174     37.866  37.790102     2.0766     10.927   129.1577 7.8181e+01     2.8919      1.509      2.189    24.8975 0.0000e+00
      1.542      0.012     9.5721    115.036     37.879  37.801534     2.1148     10.927   129.2354 7.8268e+01     2.9604      1.512      2.193    24.8971 0.0000e+00
      1.544      0.013     9.5638    114.976     37.875  37.796229     2.1310     10.928   129.2514 7.8418e+01     2.9542      1.514      2.196    24.8965 0.0000e+00
      1.547      0.014     9.5489    115.037     37.869  37.789406     2.1152     10.928   129.2651 7.8594e+01     2.9195      1.516      2.200    24.8950 0.0000e+00
      1.551      0.015     9.5331    115.172     37.863  37.782488     2.0902     10.927   129.3146 7.8767e+01     2.8484      1.521      2.206    24.8940 0.0000e+00
      1.556      0.015     9.5217    115.280     37.858  37.776038     2.1193     10.926   129.3340 7.8997e+01     2.9139      1.526      2.213    24.8919 0.0000e+00
      1.561      0.015     9.5140    115.310     37.858  37.774884     2.2009     10.926   129.3278 7.9285e+01     3.0974      1.531      2.221    24.8897 0.0000e+00
