Data/DataNotYetUploadedToEDI/Raw_CTD/RawDownloads/082525_fcr20_S7809003.cnv
* Sea-Bird SBE19plus  Data File:
* FileName = C:\R\Reservoirs\Data\DataNotYetUploadedToEDI\Raw_CTD\RawDownloads\082525_fcr50_S7809_0003.hex
* Software version 2.8.0.119
* Temperature SN = 7809
* Conductivity SN = 7809
* System UpLoad Time = Aug 26 2025 10:28:45
* <ApplicationData>
* <Seaterm232>
# nquan = 15
# nvalues = 984                         
# units = specified
# name 0 = depFM: Depth [fresh water, m]
# name 1 = dz/dtM: Descent Rate [m/s]
# name 2 = sbeox0Mg/L: Oxygen, SBE 43 [mg/l]
# name 3 = sbeox0PS: Oxygen, SBE 43 [% saturation]
# name 4 = specc: Specific Conductance [uS/cm]
# name 5 = c0uS/cm: Conductivity [uS/cm]
# name 6 = flECO-AFL: Fluorescence, WET Labs ECO-AFL/FL [mg/m^3]
# name 7 = ph: pH
# name 8 = orp: Oxidation Reduction Potential [mV]
# name 9 = par/sat/log: PAR/Logarithmic, Satlantic
# name 10 = turbWETntu0: Turbidity, WET Labs ECO [NTU]
# name 11 = prdM: Pressure, Strain Gauge [db]
# name 12 = prdE: Pressure, Strain Gauge [psi]
# name 13 = tv290C: Temperature [ITS-90, deg C]
# name 14 = flag:  0.000e+00
# span 0 =     -0.654,      3.268       
# span 1 =     -0.293,      0.317       
# span 2 =    -0.1477,    10.3229       
# span 3 =     -1.185,    124.314       
# span 4 =      2.093,     85.622       
# span 5 =   1.990750,  72.722870       
# span 6 =    -0.1226,    27.5254       
# span 7 =      8.363,     10.881       
# span 8 = -1231.1487,   182.8003       
# span 9 = 1.0635e+01, 2.1057e+03       
# span 10 =     1.3281,    89.5032      
# span 11 =     -0.643,      3.207      
# span 12 =     -0.932,      4.651      
# span 13 =    17.4523,    25.3610      
# span 14 = 0.0000e+00, 0.0000e+00      
# interval = seconds: 0.25
# start_time = Aug 25 2025 13:18:44 [Instrument's time stamp, header]
# bad_flag = -9.990e-29
*END*
[from data line 290]
      0.464     -0.025     9.4422    114.000     37.851  37.790557     1.8801     10.806   114.3307 5.5413e+01     2.8802      0.453      0.657    24.9178 0.0000e+00
      0.452     -0.017     9.4300    114.086     37.876  37.814678     1.8793     10.807   114.1602 5.5956e+01     2.8052      0.439      0.636    24.9166 0.0000e+00
      0.453     -0.022     9.4280    114.199     37.878  37.814698     1.8803     10.808   113.8561 5.7406e+01     2.8501      0.439      0.637    24.9155 0.0000e+00
      0.466     -0.044     9.4303    114.307     37.856  37.790803     1.8925     10.810   113.4064 5.9047e+01     3.0140      0.454      0.660    24.9151 0.0000e+00
      0.479     -0.075     9.4311    114.391     37.842  37.779579     1.8853     10.811   113.1103 6.0062e+01     3.0442      0.478      0.694    24.9146 0.0000e+00
      0.468     -0.104     9.4404    114.473     37.862  37.805904     1.8511     10.812   113.1158 5.9571e+01     2.8735      0.479      0.695    24.9141 0.0000e+00
      0.414     -0.121     9.4505    114.605     37.901  37.855295     1.8371     10.814   113.3011 5.8260e+01     2.7272      0.416      0.603    24.9113 0.0000e+00
      0.338     -0.122     9.4616    114.770     37.901  37.869129     1.8571     10.815   113.4576 5.7034e+01     2.7433      0.321      0.465    24.9067 0.0000e+00
      0.282     -0.106     9.4675    114.881     37.868  37.846281     1.8931     10.815   113.3730 5.6038e+01     2.8976      0.261      0.379    24.9088 0.0000e+00
      0.263     -0.078     9.4697    114.882     37.849  37.832883     1.8901     10.816   113.0535 5.5887e+01     2.9535      0.249      0.361    24.9189 0.0000e+00
      0.272     -0.050     9.4790    114.805     37.848  37.834047     1.8450     10.816   112.6911 5.6261e+01     2.9060      0.263      0.381    24.9325 0.0000e+00
      0.289     -0.036     9.4923    114.720     37.873  37.860357     1.8227     10.816   112.4337 5.6919e+01     2.9044      0.287      0.416    24.9535 0.0000e+00
      0.298     -0.046     9.5008    114.672     37.908  37.897178     1.8452     10.816   112.1782 5.7612e+01     2.9341      0.300      0.437    24.9695 0.0000e+00
      0.284     -0.075     9.4990    114.663     37.903  37.898515     1.8837     10.817   111.9242 5.7927e+01     3.0256      0.286      0.416    24.9724 0.0000e+00
      0.250     -0.110     9.4892    114.637     37.874  37.876540     1.8888     10.819   111.7721 5.7821e+01     3.0207      0.247      0.359    24.9756 0.0000e+00
      0.207     -0.136     9.4810    114.531     37.877  37.885312     1.8569     10.819   111.6296 5.7123e+01     2.9089      0.203      0.295    24.9767 0.0000e+00
      0.160     -0.145     9.4765    114.427     37.927  37.941131     1.8311     10.820   111.4922 5.6668e+01     2.8695      0.159      0.232    24.9782 0.0000e+00
      0.112     -0.133     9.4753    114.445     37.955  37.980347     1.8436     10.823   111.4012 5.7708e+01     2.8856      0.108      0.156    24.9879 0.0000e+00
      0.071     -0.104     9.4759    114.542     37.939  37.978752     1.8668     10.825   111.3036 6.0860e+01     2.8981      0.064      0.091    24.9982 0.0000e+00
      0.046     -0.067     9.4624    114.613     37.936  37.985324     1.8531     10.825   111.1723 6.4099e+01     2.8157      0.040      0.058    25.0036 0.0000e+00
      0.036     -0.030     9.4468    114.642     37.943  37.996365     1.8363     10.825   111.1048 6.5753e+01     2.7779      0.030      0.044    25.0097 0.0000e+00
      0.041      0.002     9.4484    114.676     37.926  37.985348     1.8548     10.825   111.0894 6.5113e+01     2.8851      0.036      0.053    25.0247 0.0000e+00
      0.056      0.024     9.4572    114.757     37.914  37.979034     1.8852     10.825   110.9859 6.2989e+01     2.9848      0.056      0.080    25.0489 0.0000e+00
      0.072      0.034     9.4598    114.866     37.917  37.983487     1.8962     10.825   110.9719 6.1619e+01     2.9587      0.073      0.104    25.0628 0.0000e+00
      0.084      0.034     9.4608    114.911     37.912  37.975736     1.8798     10.826   111.0915 6.0138e+01     2.8087      0.084      0.122    25.0625 0.0000e+00
      0.092      0.028     9.4604    114.872     37.889  37.948770     1.8524     10.826   111.0558 5.8328e+01     2.7758      0.092      0.133    25.0719 0.0000e+00
      0.096      0.021     9.4648    114.783     37.857  37.911268     1.8568     10.828   111.0571 5.7163e+01     2.9369      0.095      0.137    25.0827 0.0000e+00
      0.098      0.015     9.4790    114.662     37.856  37.903027     1.8908     10.829   111.2792 5.7304e+01     3.0491      0.096      0.139    25.0822 0.0000e+00
      0.099      0.011     9.4832    114.556     37.875  37.912571     1.9056     10.829   111.3326 5.8606e+01     2.9710      0.096      0.139    25.0777 0.0000e+00
      0.101      0.008     9.4788    114.505     37.870  37.899735     1.8784     10.829   111.1857 5.9588e+01     2.8130      0.098      0.143    25.0732 0.0000e+00
      0.104      0.006     9.4734    114.488     37.851  37.874725     1.8365     10.830   111.0520 6.0824e+01     2.8112      0.103      0.150    25.0675 0.0000e+00
      0.107      0.005     9.4633    114.508     37.847  37.863993     1.8400     10.830   110.9201 6.2267e+01     2.9155      0.106      0.153    25.0561 0.0000e+00
      0.107      0.004     9.4547    114.569     37.882  37.896880     1.8622     10.830   110.8817 6.2843e+01     2.8781      0.105      0.153    25.0425 0.0000e+00
      0.107      0.002     9.4546    114.665     37.934  37.955070     1.8472     10.830   110.9320 6.2965e+01     2.7692      0.105      0.152    25.0325 0.0000e+00
      0.107      0.000     9.4536    114.809     37.959  37.996478     1.8332     10.830   110.9265 6.2672e+01     2.7611      0.105      0.153    25.0252 0.0000e+00
      0.108 7.8204e-08     9.4560    114.954     37.962  38.016828     1.8672     10.830   110.9000 6.1894e+01     2.8479      0.106      0.153    25.0171 0.0000e+00
      0.108 8.6025e-07     9.4642    115.047     37.945  38.010777     1.9259     10.830   110.9564 6.1449e+01     2.9645      0.106      0.153    25.0090 0.0000e+00
      0.107      0.000     9.4681    115.097     37.916  37.986782     1.9359     10.831   111.0914 6.1948e+01     2.9746      0.105      0.152    25.0174 0.0000e+00
      0.107      0.000     9.4776    115.132     37.909  37.980552     1.9044     10.831   111.1566 6.2252e+01     2.8682      0.105      0.153    25.0451 0.0000e+00
      0.107      0.001     9.4879    115.167     37.929  37.998905     1.8869     10.831   111.0571 6.1925e+01     2.7711      0.105      0.152    25.0693 0.0000e+00
      0.108      0.001     9.4917    115.148     37.949  38.018305     1.8899     10.831   111.0069 6.1563e+01     2.8256      0.106      0.153    25.0829 0.0000e+00
      0.108      0.001     9.4945    115.032     37.953  38.024755     1.9072     10.831   111.1510 6.2406e+01     3.0144      0.106      0.154    25.0898 0.0000e+00
      0.109      0.001     9.4954    114.894     37.938  38.013436     1.8966     10.831   111.3365 6.3738e+01     3.0048      0.107      0.156    25.0901 0.0000e+00
      0.109      0.001     9.5017    114.823     37.927  38.008369     1.8616     10.831   111.3575 6.4043e+01     2.8119      0.107      0.155    25.0850 0.0000e+00
      0.109      0.001     9.5035    114.823     37.936  38.026948     1.8496     10.831   111.3183 6.4424e+01     2.7661      0.106      0.154    25.0833 0.0000e+00
      0.109      0.001     9.4891    114.866     37.944  38.047721     1.8607     10.831   111.3784 6.4221e+01     2.8949      0.107      0.155    25.0879 0.0000e+00
      0.109      0.001     9.4738    114.916     37.954  38.069196     1.8876     10.832   111.3959 6.3709e+01     3.0027      0.106      0.154    25.0923 0.0000e+00
      0.109      0.002     9.4671    114.945     37.971  38.096251     1.8911     10.832   111.3581 6.4104e+01     2.9418      0.107      0.155    25.0992 0.0000e+00
      0.109      0.002     9.4661    114.994     37.988  38.121018     1.8702     10.832   111.3526 6.4189e+01     2.8767      0.107      0.155    25.1127 0.0000e+00
      0.110      0.001     9.4667    115.079     37.974  38.114834     1.8597     10.833   111.4150 6.4073e+01     2.9326      0.108      0.156    25.1311 0.0000e+00
      0.112      0.001     9.4707    115.159     37.937  38.084950     1.8559     10.834   111.5097 6.4137e+01     2.9683      0.110      0.159    25.1465 0.0000e+00
      0.112      0.000     9.4684    115.239     37.925  38.076993     1.8734     10.834   111.5514 6.4602e+01     2.9674      0.110      0.160    25.1581 0.0000e+00
      0.111      0.000     9.4687    115.319     37.929  38.082091     1.8802     10.834   111.5747 6.5617e+01     2.9212      0.109      0.158    25.1706 0.0000e+00
      0.110      0.001     9.4781    115.353     37.930  38.083131     1.8721     10.835   111.6201 6.6940e+01     2.8880      0.108      0.156    25.1799 0.0000e+00
      0.109      0.002     9.4812    115.306     37.936  38.089570     1.8756     10.836   111.7566 6.8444e+01     2.9418      0.106      0.154    25.1891 0.0000e+00
      0.110      0.006     9.4864    115.209     37.941  38.096488     1.8723     10.836   113.2243 6.9269e+01     2.9903      0.108      0.156    25.1952 0.0000e+00
      0.112      0.009     9.4952    115.114     37.943  38.103315     1.8565     10.838   129.3663 6.9533e+01     2.9627      0.110      0.159    25.1954 0.0000e+00
      0.114      0.004     9.4991    115.021     37.945  38.108667     1.8183     10.843   159.0259 6.9150e+01     2.8466      0.111      0.161    25.1958 0.0000e+00
      0.118     -0.009     9.4944    114.965     37.932  38.097753     1.8089     10.849   175.4312 6.8794e+01     2.8164      0.115      0.166    25.1953 0.0000e+00
      0.125     -0.027     9.4830    114.993     37.931  38.098273     1.8434     10.856   177.4964 6.8485e+01     2.9400      0.123      0.178    25.1979 0.0000e+00
      0.125     -0.044     9.4753    115.050     37.945  38.114954     1.8442     10.861   178.5757 6.9705e+01     3.0435      0.133      0.193    25.2052 0.0000e+00
      0.105     -0.059     9.4661    115.115     37.937  38.109081     1.8018     10.866   176.0913 7.3967e+01     3.0080      0.110      0.160    25.2109 0.0000e+00
      0.070     -0.069     9.4568    115.234     37.919  38.090722     1.7563     10.867   160.7074 7.9654e+01     2.8865      0.062      0.090    25.2138 0.0000e+00
      0.043     -0.069     9.4634    115.372     37.914  38.083347     1.7430     10.862   137.7198 8.1998e+01     2.8725      0.040      0.056    25.2140 0.0000e+00
      0.027     -0.060     9.4686    115.450     37.920  38.083357     1.7659     10.857   125.1208 7.6686e+01     2.9759      0.029      0.041    25.2166 0.0000e+00
      0.013     -0.045     9.4691    115.445     37.935  38.090839     1.7669     10.853   122.3768 7.2193e+01     3.0435      0.011      0.016    25.2224 0.0000e+00
      0.006     -0.032     9.4811    115.389     37.960  38.110344     1.7130     10.850   121.0616 7.3366e+01     2.9720      0.001      0.002    25.2233 0.0000e+00
      0.007     -0.027     9.4960    115.319     37.980  38.128813     1.6639     10.848   120.0594 7.4530e+01     2.8291      0.006      0.009    25.2193 0.0000e+00
      0.009     -0.031     9.5047    115.264     37.970  38.123783     1.6724     10.847   119.2077 7.5103e+01     2.8523      0.011      0.017    25.2093 0.0000e+00
      0.004     -0.038     9.5051    115.246     37.952  38.112984     1.6740     10.846   118.5075 7.8673e+01     2.9797      0.006      0.010    25.1971 0.0000e+00
     -0.010     -0.045     9.5004    115.254     37.959  38.125166     1.6170     10.844   117.8738 8.7093e+01     2.9352     -0.005     -0.008    25.1894 0.0000e+00
     -0.030     -0.048     9.4945    115.307     37.974  38.144175     1.5665     10.844   117.3102 9.5962e+01     2.7921     -0.030     -0.042    25.1877 0.0000e+00
     -0.051     -0.046     9.4875    115.460     37.979  38.152451     1.5624     10.844   117.8026 1.0011e+02     2.7521     -0.052     -0.075    25.1960 0.0000e+00
     -0.066     -0.038     9.4848    115.634     37.985  38.161779     1.6346     10.844   129.7639 1.0140e+02     2.8276     -0.067     -0.097    25.2070 0.0000e+00
     -0.073     -0.025     9.4850    115.688     38.012  38.193505     1.7649     10.846   142.1654 1.0177e+02     2.9199     -0.075     -0.108    25.2142 0.0000e+00
     -0.073     -0.010     9.4837    115.632     38.029  38.218774     1.8233     10.850   135.2480 9.7887e+01     2.8777     -0.071     -0.104    25.2182 0.0000e+00
     -0.070      0.001     9.4992    115.580     38.012  38.213484     1.7989     10.852   126.2299 8.8819e+01     2.7610     -0.067     -0.098    25.2216 0.0000e+00
     -0.068      0.005     9.5196    115.552     37.981  38.193023     1.7770     10.851   123.2966 7.8761e+01     2.8067     -0.067     -0.098    25.2261 0.0000e+00
     -0.065     -0.000     9.5215    115.463     37.943  38.161772     1.7921     10.851   121.1199 7.3531e+01     2.9863     -0.064     -0.093    25.2310 0.0000e+00
     -0.059     -0.011     9.5103    115.278     37.934  38.152920     1.8236     10.851   120.3885 7.4183e+01     3.0531     -0.057     -0.082    25.2416 0.0000e+00
     -0.058     -0.023     9.5016    115.006     37.933  38.149459     1.8157     10.851   119.3571 7.7791e+01     2.9314     -0.052     -0.075    25.2592 0.0000e+00
     -0.067     -0.034     9.5018    114.745     37.906  38.119914     1.7470     10.850   118.6310 8.3285e+01     2.7799     -0.062     -0.090    25.2766 0.0000e+00
     -0.084     -0.040     9.4920    114.637     37.906  38.112979     1.6595     10.849   119.2663 8.7651e+01     2.7921     -0.081     -0.119    25.2851 0.0000e+00
     -0.104     -0.040     9.4780    114.629     37.932  38.129045     1.6306     10.850   134.0082 8.9382e+01     2.9422     -0.104     -0.151    25.2829 0.0000e+00
     -0.119     -0.033     9.4544    114.593     37.938  38.123789     1.6480     10.854   161.7919 9.1226e+01     2.9894     -0.121     -0.175    25.2790 0.0000e+00
     -0.126     -0.022     9.4249    114.576     37.935  38.112868     1.6459     10.861   177.2038 9.2819e+01     2.8835     -0.126     -0.183    25.2778 0.0000e+00
     -0.126     -0.011     9.4202    114.643     37.950  38.123895     1.6804     10.867   179.2468 9.2883e+01     2.8573     -0.124     -0.181    25.2717 0.0000e+00
     -0.121     -0.002     9.4303    114.767     37.956  38.130193     1.7729     10.872   179.9558 9.2175e+01     2.9800     -0.118     -0.171    25.2542 0.0000e+00
     -0.116      0.003     9.4258    114.951     37.951  38.125559     1.8328     10.876   178.9791 9.1639e+01     3.0690     -0.113     -0.164    25.2356 0.0000e+00
     -0.116      0.003     9.4232    115.194     37.958  38.131332     1.8541     10.876   166.9212 9.1722e+01     3.0120     -0.113     -0.164    25.2250 0.0000e+00
     -0.117     -0.000     9.4327    115.364     37.965  38.136532     1.8644     10.874   155.9963 9.1517e+01     2.8714     -0.116     -0.168    25.2219 0.0000e+00
     -0.119     -0.005     9.4414    115.356     37.955  38.124987     1.8743     10.872   165.6217 9.0488e+01     2.8721     -0.117     -0.170    25.2235 0.0000e+00
     -0.120     -0.009     9.4554    115.314     37.951  38.118652     1.8819     10.874   164.6522 8.9577e+01     3.0196     -0.117     -0.170    25.2244 0.0000e+00
     -0.121     -0.010     9.4792    115.254     37.957  38.123377     1.8809     10.876   144.7907 8.9595e+01     3.0843     -0.118     -0.171    25.2233 0.0000e+00
     -0.124     -0.009     9.5025    115.048     37.953  38.118658     1.8792     10.876   145.6518 9.0261e+01     3.0056     -0.122     -0.175    25.2211 0.0000e+00
