Data/DataNotYetUploadedToEDI/Raw_CTD/RawDownloads/082525_fcr40_S7809005.cnv
* Sea-Bird SBE19plus  Data File:
* FileName = C:\R\Reservoirs\Data\DataNotYetUploadedToEDI\Raw_CTD\RawDownloads\082525_fcr50_S7809_0005.hex
* Software version 2.8.0.119
* Temperature SN = 7809
* Conductivity SN = 7809
* System UpLoad Time = Aug 26 2025 10:30:26
* <ApplicationData>
* <Seaterm232>
# nquan = 15
# nvalues = 1753                        
# units = specified
# name 0 = depFM: Depth [fresh water, m]
# name 1 = dz/dtM: Descent Rate [m/s]
# name 2 = sbeox0Mg/L: Oxygen, SBE 43 [mg/l]
# name 3 = sbeox0PS: Oxygen, SBE 43 [% saturation]
# name 4 = specc: Specific Conductance [uS/cm]
# name 5 = c0uS/cm: Conductivity [uS/cm]
# name 6 = flECO-AFL: Fluorescence, WET Labs ECO-AFL/FL [mg/m^3]
# name 7 = ph: pH
# name 8 = orp: Oxidation Reduction Potential [mV]
# name 9 = par/sat/log: PAR/Logarithmic, Satlantic
# name 10 = turbWETntu0: Turbidity, WET Labs ECO [NTU]
# name 11 = prdM: Pressure, Strain Gauge [db]
# name 12 = prdE: Pressure, Strain Gauge [psi]
# name 13 = tv290C: Temperature [ITS-90, deg C]
# name 14 = flag:  0.000e+00
# span 0 =     -0.652,      5.530       
# span 1 =     -0.308,      0.291       
# span 2 =     0.0054,    11.5921       
# span 3 =      0.085,    133.415       
# span 4 =      6.872,     61.382       
# span 5 =   6.941927,  47.319163       
# span 6 =    -0.1115,    45.3851       
# span 7 =      8.227,     11.007       
# span 8 =   109.2081,   219.1221       
# span 9 = 1.3271e-01, 6.4037e+02       
# span 10 =     2.5025,   344.5294      
# span 11 =     -0.641,      5.425      
# span 12 =     -0.929,      7.868      
# span 13 =    12.1307,    25.7259      
# span 14 = 0.0000e+00, 0.0000e+00      
# interval = seconds: 0.25
# start_time = Aug 25 2025 13:42:47 [Instrument's time stamp, header]
# bad_flag = -9.990e-29
*END*
[from data line 1061]
      4.118      0.038     0.0151      0.127     58.781  45.053118     1.1148      8.549   184.7309 1.6143e+00    15.9076      4.038      5.857    13.3857 0.0000e+00
      4.128      0.038     0.0131      0.115     58.108  44.515736     1.1111      8.549   184.4630 1.6481e+00    15.9114      4.049      5.872    13.3636 0.0000e+00
      4.138      0.039     0.0142      0.115     57.302  43.866849     1.0835      8.548   184.2503 1.6926e+00    16.0006      4.059      5.887    13.3463 0.0000e+00
      4.148      0.040     0.0155      0.133     56.616  43.301284     1.0722      8.546   184.1379 1.7334e+00    16.3712      4.067      5.899    13.3334 0.0000e+00
      4.159      0.040     0.0133      0.155     56.370  43.072974     1.0914      8.545   184.0501 1.7651e+00    16.6689      4.077      5.914    13.3209 0.0000e+00
      4.170      0.039     0.0115      0.160     56.327  43.010588     1.1248      8.545   183.9634 1.8014e+00    16.7983      4.089      5.931    13.3047 0.0000e+00
      4.180      0.038     0.0113      0.154     56.078  42.800843     1.0919      8.545   183.9490 1.8329e+00    16.7405      4.100      5.946    13.2767 0.0000e+00
      4.190      0.037     0.0135      0.162     55.798  42.568092     1.0017      8.546   183.8774 1.8459e+00    16.5168      4.109      5.960    13.2378 0.0000e+00
      4.199      0.036     0.0172      0.177     55.713  42.481431     0.9500      8.546   183.5278 1.8729e+00    16.4164      4.118      5.973    13.1989 0.0000e+00
      4.207      0.036     0.0177      0.181     55.620  42.387743     0.9577      8.546   183.0772 1.9233e+00    16.4830      4.126      5.984    13.1726 0.0000e+00
      4.215      0.037     0.0151      0.180     55.477  42.260425     0.9783      8.547   182.7305 1.9577e+00    16.5028      4.133      5.994    13.1583 0.0000e+00
      4.225      0.039     0.0166      0.201     55.348  42.147991     0.9583      8.548   182.4332 1.9690e+00    16.3475      4.143      6.009    13.1446 0.0000e+00
      4.236      0.042     0.0192      0.251     55.145  41.980364     0.9152      8.548   182.2367 1.9923e+00    16.1761      4.154      6.025    13.1222 0.0000e+00
      4.247      0.044     0.0196      0.305     54.955  41.820427     0.8898      8.548   182.1608 2.0138e+00    16.1388      4.164      6.040    13.0998 0.0000e+00
      4.259      0.045     0.0178      0.360     54.866  41.737484     0.8759      8.548   182.1180 2.0065e+00    16.1694      4.176      6.057    13.0843 0.0000e+00
      4.272      0.045     0.0194      0.435     54.803  41.675656     0.8557      8.547   181.9775 2.0091e+00    16.1365      4.189      6.076    13.0719 0.0000e+00
      4.284      0.044     0.0270      0.549     54.697  41.580620     0.8285      8.545   181.7534 2.0378e+00    16.0144      4.202      6.094    13.0614 0.0000e+00
      4.295      0.043     0.0323      0.740     54.585  41.476978     0.7967      8.543   181.6451 2.0665e+00    15.9239      4.213      6.111    13.0470 0.0000e+00
      4.305      0.041     0.0366      1.011     54.480  41.374544     0.7710      8.540   181.6132 2.0937e+00    15.9303      4.222      6.124    13.0315 0.0000e+00
      4.314      0.041     0.0452      1.341     54.323  41.230643     0.7836      8.538   181.6263 2.1258e+00    16.0908      4.230      6.136    13.0201 0.0000e+00
      4.324      0.043     0.0543      1.751     54.142  41.069894     0.8245      8.536   181.7182 2.1631e+00    16.2939      4.241      6.150    13.0081 0.0000e+00
      4.334      0.047     0.0745      2.269     54.019  40.954163     0.8247      8.535   181.7780 2.1910e+00    16.3020      4.251      6.165    12.9917 0.0000e+00
      4.345      0.050     0.1056      2.860     54.000  40.910275     0.7863      8.532   181.8326 2.1902e+00    16.2228      4.259      6.178    12.9702 0.0000e+00
      4.360      0.052     0.1385      3.456     54.061  40.920023     0.7594      8.530   181.9480 2.1748e+00    16.2579      4.274      6.199    12.9444 0.0000e+00
      4.378      0.053     0.1801      4.032     54.138  40.945051     0.7575      8.528   182.0544 2.1680e+00    16.4197      4.295      6.230    12.9241 0.0000e+00
      4.393      0.052     0.2363      4.579     54.191  40.958974     0.7798      8.527   182.1732 2.1701e+00    16.5741      4.310      6.251    12.9079 0.0000e+00
      4.403      0.049     0.3028      5.105     54.226  40.961398     0.7802      8.524   182.3517 2.1565e+00    16.5533      4.317      6.260    12.8798 0.0000e+00
      4.416      0.045     0.3661      5.675     54.272  40.974334     0.7362      8.521   182.4920 2.1339e+00    16.4745      4.330      6.281    12.8413 0.0000e+00
      4.427      0.041     0.4273      6.325     54.309  40.988423     0.6975      8.518   182.5790 2.1196e+00    16.5105      4.344      6.300    12.8081 0.0000e+00
      4.436      0.037     0.4866      7.076     54.342  41.004794     0.7034      8.516   182.6294 2.0954e+00    16.6460      4.350      6.308    12.7887 0.0000e+00
      4.445      0.034     0.5386      8.012     54.403  41.045333     0.7320      8.512   182.6709 2.0701e+00    16.8157      4.359      6.321    12.7668 0.0000e+00
      4.453      0.031     0.5973      9.176     54.470  41.097750     0.7277      8.508   182.7367 2.0583e+00    16.7180      4.368      6.335    12.7420 0.0000e+00
      4.460      0.029     0.6686     10.549     54.498  41.130823     0.6927      8.506   182.8225 2.0487e+00    16.3525      4.374      6.344    12.7312 0.0000e+00
      4.467      0.029     0.7418     12.055     54.471  41.127897     0.6749      8.504   182.9342 2.0260e+00    16.1533      4.381      6.354    12.7249 0.0000e+00
      4.474      0.029     0.8405     13.516     54.451  41.125853     0.6884      8.501   183.0548 1.9984e+00    16.2237      4.387      6.363    12.7185 0.0000e+00
      4.480      0.028     0.9656     14.783     54.504  41.169597     0.6969      8.499   183.1627 1.9704e+00    16.4522      4.393      6.372    12.7177 0.0000e+00
      4.488      0.028     1.1108     15.794     54.646  41.275992     0.6538      8.496   183.2923 1.9258e+00    16.6605      4.401      6.383    12.7301 0.0000e+00
      4.497      0.027     1.2797     16.479     54.801  41.396764     0.5909      8.493   183.5031 1.8745e+00    16.7617      4.411      6.397    12.7522 0.0000e+00
      4.505      0.027     1.4398     16.736     54.822  41.423939     0.5611      8.489   183.6468 1.8326e+00    16.7874      4.419      6.409    12.7647 0.0000e+00
      4.511      0.028     1.5747     16.569     54.713  41.350706     0.5600      8.487   183.7384 1.8094e+00    16.7662      4.424      6.415    12.7656 0.0000e+00
      4.516      0.028     1.6835     16.100     54.626  41.272951     0.5688      8.485   183.9225 1.7936e+00    16.7444      4.427      6.421    12.7626 0.0000e+00
      4.522      0.029     1.7625     15.477     54.631  41.245417     0.5509      8.483   184.1525 1.7671e+00    16.6944      4.433      6.430    12.7632 0.0000e+00
      4.531      0.030     1.7891     14.820     54.708  41.271633     0.5106      8.481   184.3682 1.7470e+00    16.7087      4.443      6.444    12.7767 0.0000e+00
      4.540      0.030     1.7641     14.183     54.819  41.336009     0.4971      8.479   184.5509 1.7376e+00    16.7803      4.452      6.457    12.7941 0.0000e+00
      4.548      0.029     1.7105     13.609     54.899  41.389069     0.5370      8.476   184.7272 1.7099e+00    16.9796      4.460      6.469    12.7843 0.0000e+00
      4.557      0.027     1.6398     13.222     54.919  41.405422     0.6019      8.473   184.9508 1.6799e+00    17.3073      4.470      6.483    12.7449 0.0000e+00
      4.564      0.023     1.5707     13.199     54.912  41.406796     0.6165      8.471   185.1895 1.6706e+00    17.3955      4.477      6.493    12.7116 0.0000e+00
      4.568      0.021     1.5028     13.594     54.907  41.405682     0.5808      8.469   185.2901 1.6571e+00    17.3629      4.480      6.497    12.6959 0.0000e+00
      4.571      0.019     1.4382     14.335     54.897  41.391961     0.5445      8.467   185.3076 1.6351e+00    17.5272      4.482      6.502    12.6898 0.0000e+00
      4.575      0.019     1.3875     15.322     54.887  41.367836     0.5355      8.464   185.4002 1.6283e+00    17.8112      4.487      6.508    12.6916 0.0000e+00
      4.579      0.020     1.3826     16.367     54.920  41.367841     0.5548      8.462   185.5492 1.6278e+00    17.9958      4.489      6.510    12.7000 0.0000e+00
      4.584      0.020     1.4305     17.324     54.992  41.391995     0.5540      8.460   185.7328 1.6072e+00    17.9833      4.494      6.518    12.7068 0.0000e+00
      4.592      0.019     1.5088     18.153     55.043  41.405969     0.5173      8.458   185.9850 1.5864e+00    18.1039      4.504      6.533    12.6994 0.0000e+00
      4.599      0.017     1.6245     18.798     55.065  41.409832     0.4768      8.456   186.1899 1.5717e+00    18.4289      4.512      6.544    12.6843 0.0000e+00
      4.604      0.016     1.7428     19.268     55.109  41.438686     0.4724      8.455   186.2310 1.5493e+00    18.5648      4.515      6.548    12.6624 0.0000e+00
      4.606      0.016     1.8433     19.665     55.194  41.500967     0.4979      8.452   186.2237 1.5335e+00    18.5859      4.517      6.551    12.6296 0.0000e+00
      4.606      0.020     1.9377     20.089     55.229  41.528172     0.4931      8.449   186.1875 1.5160e+00    18.6498      4.517      6.552    12.6034 0.0000e+00
      4.607      0.027     2.0059     20.593     55.214  41.513734     0.4721      8.449   186.1377 1.5010e+00    18.7226      4.516      6.551    12.5951 0.0000e+00
      4.613      0.036     2.0508     21.219     55.325  41.580277     0.4691      8.448   186.2245 1.4926e+00    18.7831      4.521      6.557    12.5951 0.0000e+00
      4.626      0.043     2.0893     21.964     55.530  41.698021     0.4732      8.446   186.3767 1.4492e+00    18.8005      4.535      6.577    12.5915 0.0000e+00
      4.644      0.046     2.1328     22.718     55.640  41.731386     0.4804      8.446   186.5148 1.3897e+00    18.6936      4.555      6.607    12.5928 0.0000e+00
      4.662      0.045     2.1850     23.358     55.697  41.729765     0.4733      8.445   186.6897 1.3599e+00    18.4127      4.573      6.633    12.5958 0.0000e+00
      4.676      0.040     2.2501     23.822     55.745  41.741840     0.4539      8.444   186.8563 1.3508e+00    18.2741      4.588      6.655    12.5819 0.0000e+00
      4.684      0.034     2.3378     24.153     55.769  41.750421     0.4456      8.442   186.9804 1.3479e+00    18.3165      4.596      6.666    12.5487 0.0000e+00
      4.686      0.028     2.4254     24.526     55.806  41.770031     0.4476      8.441   187.1581 1.3410e+00    18.2753      4.595      6.665    12.4960 0.0000e+00
      4.689      0.024     2.4984     25.098     55.848  41.788530     0.4611      8.439   187.3710 1.3296e+00    18.2541      4.597      6.667    12.4492 0.0000e+00
      4.695      0.022     2.5491     25.968     55.863  41.783665     0.4766      8.437   187.4893 1.3210e+00    18.3342      4.603      6.676    12.4312 0.0000e+00
      4.703      0.024     2.5747     27.179     55.880  41.774655     0.4593      8.437   187.5560 1.3080e+00    18.4583      4.612      6.690    12.4296 0.0000e+00
      4.711      0.029     2.6098     28.689     55.955  41.806508     0.4353      8.436   187.6612 1.2881e+00    18.5930      4.621      6.702    12.4232 0.0000e+00
      4.716      0.034     2.6684     30.379     56.040  41.851416     0.4604      8.435   187.8150 1.2721e+00    18.7326      4.625      6.708    12.4102 0.0000e+00
      4.722      0.039     2.7591     32.074     56.095  41.873331     0.5057      8.434   188.0389 1.2562e+00    18.8484      4.629      6.714    12.3987 0.0000e+00
      4.732      0.043     2.8923     33.598     56.139  41.881044     0.4996      8.433   188.3026 1.2257e+00    18.7971      4.638      6.727    12.3769 0.0000e+00
      4.747      0.047     3.0595     34.836     56.169  41.881172     0.4535      8.433   188.5090 1.1882e+00    18.7276      4.656      6.753    12.3509 0.0000e+00
      4.762      0.051     3.2485     35.783     56.181  41.874849     0.4318      8.433   188.7266 1.1596e+00    18.7938      4.672      6.776    12.3385 0.0000e+00
      4.776      0.051     3.4372     36.483     56.191  41.868047     0.4534      8.432   189.0410 1.1353e+00    18.8806      4.683      6.792    12.3237 0.0000e+00
      4.790      0.048     3.6083     36.991     56.204  41.862379     0.4901      8.432   189.3848 1.1060e+00    18.8882      4.698      6.814    12.2957 0.0000e+00
      4.803      0.042     3.7412     37.417     56.230  41.869776     0.4930      8.431   189.7000 1.0629e+00    18.7847      4.711      6.831    12.2753 0.0000e+00
      4.813      0.034     3.8413     37.888     56.272  41.894002     0.4716      8.430   189.9275 1.0209e+00    18.7219      4.720      6.846    12.2664 0.0000e+00
      4.822      0.025     3.9169     38.465     56.287  41.901398     0.4637      8.428   190.0697 1.0026e+00    18.7776      4.730      6.862    12.2524 0.0000e+00
      4.827      0.017     3.9676     39.098     56.282  41.895728     0.4724      8.426   190.3007 9.9163e-01    18.8435      4.735      6.868    12.2368 0.0000e+00
      4.828      0.012     4.0092     39.703     56.272  41.888922     0.4934      8.425   190.6564 9.7715e-01    18.8690      4.735      6.868    12.2265 0.0000e+00
      4.828      0.011     4.0565     40.260     56.259  41.882576     0.4932      8.424   190.9289 9.6707e-01    18.8126      4.735      6.868    12.2204 0.0000e+00
      4.828      0.013     4.1221     40.773     56.254  41.882463     0.4785      8.424   191.1001 9.6311e-01    18.7766      4.734      6.866    12.2177 0.0000e+00
      4.829      0.018     4.1943     41.219     56.260  41.887560     0.4739      8.423   191.2637 9.5723e-01    18.8094      4.733      6.865    12.2160 0.0000e+00
      4.835      0.022     4.2590     41.568     56.256  41.880737     0.4709      8.422   191.4447 9.3735e-01    18.8336      4.737      6.872    12.2165 0.0000e+00
      4.846      0.023     4.3177     41.782     56.237  41.863437     0.4670      8.421   191.6539 9.1180e-01    18.8303      4.753      6.895    12.2192 0.0000e+00
      4.857      0.023     4.3736     41.841     56.244  41.868787     0.4524      8.420   191.8137 8.9153e-01    18.7351      4.765      6.913    12.2247 0.0000e+00
      4.862      0.021     4.4223     41.778     56.262  41.881958     0.4438      8.419   191.9997 8.7093e-01    18.7074      4.768      6.916    12.2265 0.0000e+00
      4.866      0.016     4.4616     41.649     56.282  41.895744     0.4460      8.417   192.2683 8.5668e-01    18.7680      4.772      6.921    12.2193 0.0000e+00
      4.867      0.013     4.4870     41.497     56.298  41.908537     0.4626      8.415   192.4806 8.5250e-01    18.7848      4.774      6.924    12.2160 0.0000e+00
      4.867      0.012     4.4906     41.348     56.293  41.909700     0.4950      8.414   192.6741 8.4520e-01    18.7741      4.772      6.922    12.2185 0.0000e+00
      4.869      0.013     4.4818     41.211     56.284  41.909800     0.4953      8.413   192.8867 8.3161e-01    18.7066      4.774      6.924    12.2180 0.0000e+00
      4.873      0.015     4.4669     41.109     56.272  41.909755     0.4666      8.411   193.0727 8.1795e-01    18.7215      4.778      6.931    12.2157 0.0000e+00
      4.879      0.016     4.4487     41.063     56.258  41.909163     0.4644      8.411   193.2019 8.0172e-01    18.8514      4.784      6.939    12.2166 0.0000e+00
      4.885      0.016     4.4328     41.044     56.239  41.902659     0.4931      8.410   193.3309 7.9434e-01    18.9101      4.791      6.948    12.2217 0.0000e+00
