Data/DataNotYetUploadedToEDI/Raw_CTD/RawDownloads/082525_fcr50_S7809001.cnv
* Sea-Bird SBE19plus  Data File:
* FileName = C:\R\Reservoirs\Data\DataNotYetUploadedToEDI\Raw_CTD\RawDownloads\082525_fcr50_S7809_0001.hex
* Software version 2.8.0.119
* Temperature SN = 7809
* Conductivity SN = 7809
* System UpLoad Time = Aug 26 2025 10:27:57
* <ApplicationData>
* <Seaterm232>
# nquan = 15
# nvalues = 1545                        
# units = specified
# name 0 = depFM: Depth [fresh water, m]
# name 1 = dz/dtM: Descent Rate [m/s]
# name 2 = sbeox0Mg/L: Oxygen, SBE 43 [mg/l]
# name 3 = sbeox0PS: Oxygen, SBE 43 [% saturation]
# name 4 = specc: Specific Conductance [uS/cm]
# name 5 = c0uS/cm: Conductivity [uS/cm]
# name 6 = flECO-AFL: Fluorescence, WET Labs ECO-AFL/FL [mg/m^3]
# name 7 = ph: pH
# name 8 = orp: Oxidation Reduction Potential [mV]
# name 9 = par/sat/log: PAR/Logarithmic, Satlantic
# name 10 = turbWETntu0: Turbidity, WET Labs ECO [NTU]
# name 11 = prdM: Pressure, Strain Gauge [db]
# name 12 = prdE: Pressure, Strain Gauge [psi]
# name 13 = tv290C: Temperature [ITS-90, deg C]
# name 14 = flag:  0.000e+00
# span 0 =     -0.657,      6.473       
# span 1 =     -0.229,      0.287       
# span 2 =     0.0411,    10.9650       
# span 3 =      0.411,    127.671       
# span 4 =      0.896,     56.721       
# span 5 =   0.863422,  45.526714       
# span 6 =    -2.0042,   227.5557       
# span 7 =     -2.133,     10.738       
# span 8 = -1240.7455,   686.6992       
# span 9 = 1.2359e-01, 1.4053e+03       
# span 10 =    -4.7121,    26.6801      
# span 11 =     -0.645,      6.352      
# span 12 =     -0.936,      9.213      
# span 13 =    12.1445,    25.3672      
# span 14 = 0.0000e+00, 0.0000e+00      
# interval = seconds: 0.25
# start_time = Aug 25 2025 11:37:22 [Instrument's time stamp, header]
# bad_flag = -9.990e-29
*END*
[from data line 1350]
     -0.495      0.001     9.2112    112.139     37.244  37.374894     1.8482     10.485   136.4991 1.9767e+02     7.5429     -0.542     -0.787    25.1672 0.0000e+00
     -0.318      0.011     9.2249    111.795     35.120  35.244246     1.8341     10.496   137.6399 1.9283e+02     7.6479     -0.295     -0.428    25.1705 0.0000e+00
     -0.162      0.005     9.2425    111.450     32.762  32.879713     1.8189     10.504   136.2257 1.7888e+02     9.3002     -0.109     -0.158    25.1708 0.0000e+00
     -0.143     -0.009     9.2551    111.335     33.787  33.909296     1.7977     10.511   134.9736 1.9695e+02    12.2857     -0.070     -0.101    25.1681 0.0000e+00
     -0.291     -0.022     9.2442    111.525     36.520  36.654233     1.7683     10.519   135.4920 2.0555e+02    13.8227     -0.256     -0.370    25.1684 0.0000e+00
     -0.490     -0.020     9.2074    111.849     37.568  37.708593     1.7302     10.527   135.5247 1.9339e+02    13.8439     -0.548     -0.794    25.1715 0.0000e+00
     -0.546     -0.003     9.1712    112.012     36.493  36.632564     1.7114     10.536   134.8522 1.9869e+02    13.7711     -0.622     -0.903    25.1726 0.0000e+00
     -0.413      0.009     9.1585    111.903     34.611  34.747543     1.7406     10.546   135.4489 1.9109e+02    13.4893     -0.413     -0.600    25.1740 0.0000e+00
     -0.230      0.011     9.1790    111.652     32.109  32.238616     1.8091     10.553   135.4264 1.5700e+02    12.9992     -0.187     -0.273    25.1767 0.0000e+00
     -0.142      0.005     9.2172    111.447     31.099  31.226782     1.8321     10.558   133.0322 1.5714e+02    12.6618     -0.076     -0.110    25.1805 0.0000e+00
     -0.222     -0.015     9.2327    111.425     34.483  34.625907     1.7944     10.563   132.2265 1.8018e+02    12.4503     -0.158     -0.229    25.1858 0.0000e+00
     -0.416     -0.036     9.2169    111.570     37.464  37.621513     1.7527     10.568   132.3951 1.7940e+02    11.8415     -0.441     -0.641    25.1918 0.0000e+00
     -0.537     -0.024     9.1902    111.710     37.786  37.948952     1.7358     10.573   131.5430 1.8130e+02    10.9380     -0.613     -0.887    25.1963 0.0000e+00
     -0.479      0.034     9.1681    111.764     37.846  38.013843     1.7638     10.577   130.9578 1.9966e+02    10.5442     -0.503     -0.729    25.1989 0.0000e+00
     -0.331      0.118     9.1652    111.816     37.854  38.025369     1.7754     10.580   130.8265 2.1432e+02    10.5307     -0.296     -0.429    25.2017 0.0000e+00
     -0.226      0.180     9.1847    111.950     37.851  38.024869     1.7349     10.583   130.7304 2.1979e+02    10.7744     -0.193     -0.281    25.2037 0.0000e+00
     -0.189      0.177     9.1985    112.155     37.832  38.007802     1.7154     10.586   130.5694 2.2094e+02    11.3728     -0.178     -0.259    25.2085 0.0000e+00
     -0.184      0.119     9.1971    112.352     37.769  37.945928     1.7312     10.588   130.9453 2.2125e+02    11.7188     -0.180     -0.261    25.2158 0.0000e+00
     -0.182      0.056     9.1976    112.441     37.734  37.911317     1.7343     10.589   131.6608 2.2255e+02    11.6448     -0.181     -0.262    25.2209 0.0000e+00
     -0.177      0.022     9.2090    112.399     37.793  37.970048     1.7106     10.591   131.8211 2.2382e+02    10.7165     -0.175     -0.252    25.2245 0.0000e+00
     -0.172      0.012     9.2275    112.333     37.844  38.021485     1.6858     10.591   131.4212 2.2455e+02     9.1717     -0.168     -0.242    25.2271 0.0000e+00
     -0.169      0.011     9.2471    112.325     37.848  38.025594     1.6935     10.592   130.8692 2.2520e+02     8.4411     -0.165     -0.239    25.2283 0.0000e+00
     -0.169      0.010     9.2568    112.358     37.841  38.019727     1.7206     10.592   131.3417 2.2581e+02     8.3737     -0.167     -0.242    25.2282 0.0000e+00
     -0.167      0.009     9.2474    112.348     37.834  38.014005     1.7390     10.593   132.7463 2.2645e+02     7.9461     -0.164     -0.238    25.2281 0.0000e+00
     -0.164      0.008     9.2402    112.274     37.838  38.019871     1.7405     10.594   133.3987 2.2682e+02     7.1991     -0.160     -0.233    25.2276 0.0000e+00
     -0.162      0.009     9.2397    112.238     37.843  38.027199     1.7390     10.595   133.2066 2.2697e+02     6.8575     -0.158     -0.230    25.2270 0.0000e+00
     -0.160      0.010     9.2455    112.273     37.852  38.039151     1.7536     10.596   132.7464 2.2691e+02     6.9250     -0.156     -0.227    25.2292 0.0000e+00
     -0.158      0.011     9.2466    112.283     37.847  38.037476     1.7510     10.597   132.3947 2.2657e+02     6.9223     -0.155     -0.225    25.2325 0.0000e+00
     -0.156      0.014     9.2338    112.150     37.813  38.006958     1.7076     10.597   132.5673 2.2616e+02     6.8248     -0.153     -0.223    25.2344 0.0000e+00
     -0.152      0.019     9.2300    111.855     37.791  37.987440     1.6699     10.598   133.1989 2.2572e+02     6.7698     -0.148     -0.216    25.2367 0.0000e+00
     -0.147      0.026     9.2359    111.500     37.795  37.991861     1.6776     10.599   133.7501 2.2536e+02     6.8385     -0.143     -0.207    25.2402 0.0000e+00
     -0.142      0.034     9.2396    111.111     37.800  37.996948     1.7094     10.600   133.8112 2.2529e+02     6.9383     -0.141     -0.204    25.2449 0.0000e+00
     -0.134      0.042     9.2299    110.724     37.787  37.985495     1.7218     10.602   133.5942 2.2481e+02     6.8491     -0.134     -0.195    25.2510 0.0000e+00
     -0.120      0.048     9.1983    110.478     37.780  37.980292     1.7191     10.605   133.0189 2.1371e+02     6.6136     -0.119     -0.172    25.2549 0.0000e+00
     -0.103      0.049     9.1699    110.366     37.794  37.997497     1.7189     10.606   132.1900 1.9482e+02     6.5166     -0.101     -0.146    25.2545 0.0000e+00
     -0.086      0.043     9.1397    110.285     37.799  38.003154     1.7264     10.606   131.7453 1.8852e+02     6.5983     -0.085     -0.123    25.2540 0.0000e+00
     -0.071      0.028     9.0987    110.211     37.781  37.985248     1.7524     10.608   131.6861 1.9304e+02     6.7128     -0.069     -0.100    25.2553 0.0000e+00
     -0.061      0.006     9.0799    110.149     37.770  37.971361     1.7592     10.612   131.6470 1.9515e+02     6.7059     -0.056     -0.081    25.2586 0.0000e+00
     -0.060     -0.017     9.0749    110.095     37.764  37.962156     1.7332     10.614   130.6700 1.9614e+02     6.5836     -0.055     -0.078    25.2635 0.0000e+00
     -0.070     -0.037     9.0670    110.062     37.744  37.937399     1.7203     10.615   128.9937 2.0334e+02     6.5323     -0.065     -0.094    25.2664 0.0000e+00
     -0.090     -0.048     9.0607    110.012     37.737  37.925838     1.7373     10.618   128.2417 2.0929e+02     6.5977     -0.085     -0.124    25.2655 0.0000e+00
     -0.116     -0.052     9.0571    109.847     37.762  37.949277     1.7639     10.620   127.9447 2.1285e+02     6.6227     -0.116     -0.168    25.2616 0.0000e+00
     -0.136     -0.049     9.0527    109.605     37.782  37.966970     1.7588     10.622   127.8114 2.2077e+02     6.5268     -0.138     -0.201    25.2556 0.0000e+00
     -0.144     -0.037     9.0510    109.519     37.767  37.949402     1.7254     10.625   128.3514 2.2236e+02     6.4970     -0.145     -0.211    25.2490 0.0000e+00
     -0.144     -0.014     9.0532    109.733     37.749  37.927223     1.7256     10.627   128.2792 2.1818e+02     6.6727     -0.141     -0.204    25.2435 0.0000e+00
     -0.147      0.014     9.0400    110.072     37.779  37.952621     1.7785     10.629   127.3681 2.1723e+02     6.9082     -0.136     -0.199    25.2408 0.0000e+00
     -0.155      0.037     9.0106    110.216     37.832  38.002658     1.8320     10.631   126.7143 2.1760e+02     6.9534     -0.159     -0.231    25.2387 0.0000e+00
     -0.145      0.054     8.9983    110.159     37.853  38.024564     1.8313     10.633   126.4823 2.2061e+02     6.8440     -0.156     -0.227    25.2366 0.0000e+00
     -0.112      0.064     9.0219    110.170     37.853  38.027122     1.7957     10.635   126.4559 2.1695e+02     6.7807     -0.104     -0.151    25.2312 0.0000e+00
     -0.080      0.069     9.0665    110.328     37.856  38.033586     1.7592     10.637   126.8254 1.9971e+02     6.7695     -0.072     -0.105    25.2222 0.0000e+00
     -0.060      0.067     9.0783    110.425     37.859  38.039265     1.7399     10.639   127.3354 1.8856e+02     6.7760     -0.059     -0.085    25.2191 0.0000e+00
     -0.048      0.055     9.0598    110.268     37.848  38.032343     1.7615     10.641   127.3742 1.8832e+02     6.7233     -0.046     -0.067    25.2198 0.0000e+00
     -0.039      0.040     9.0588    109.999     37.825  38.013354     1.7709     10.643   127.1231 1.8954e+02     6.6106     -0.038     -0.055    25.2236 0.0000e+00
     -0.032      0.030     9.0779    109.788     37.810  38.000037     1.7449     10.644   126.6226 1.9022e+02     6.6771     -0.031     -0.043    25.2284 0.0000e+00
     -0.028      0.024     9.0961    109.502     37.807  37.998250     1.7384     10.647   126.3125 1.8918e+02     6.9124     -0.028     -0.040    25.2319 0.0000e+00
     -0.024      0.020     9.0740    109.029     37.801  37.991743     1.7434     10.649   127.2459 1.8898e+02     7.0300     -0.026     -0.037    25.2381 0.0000e+00
     -0.017      0.016     9.0415    108.536     37.793  37.984821     1.7383     10.650   128.7883 1.8922e+02     6.9722     -0.017     -0.025    25.2436 0.0000e+00
     -0.011      0.012     9.0330    108.294     37.786  37.978006     1.7357     10.652   129.3882 1.8891e+02     6.7944     -0.008     -0.012    25.2460 0.0000e+00
     -0.009      0.009     9.0144    108.378     37.781  37.972803     1.7446     10.654   128.9924 1.9159e+02     6.6565     -0.007     -0.011    25.2454 0.0000e+00
     -0.009      0.005     8.9688    108.642     37.795  37.985367     1.7631     10.655   128.3906 1.9494e+02     6.7048     -0.009     -0.013    25.2453 0.0000e+00
     -0.009      0.001     8.9179    108.960     37.814  38.002998     1.7756     10.657   128.7371 1.9376e+02     6.7640     -0.009     -0.013    25.2476 0.0000e+00
     -0.010 4.0978e-07     8.8945    109.239     37.807  37.995612     1.7540     10.659   129.8270 1.9212e+02     6.6887     -0.009     -0.014    25.2487 0.0000e+00
     -0.010      0.000     8.9097    109.395     37.771  37.959527     1.7019     10.661   130.3833 1.9227e+02     6.5807     -0.010     -0.014    25.2471 0.0000e+00
     -0.010      0.000     8.9348    109.518     37.760  37.947422     1.6865     10.664   130.4723 1.9086e+02     6.6194     -0.010     -0.015    25.2451 0.0000e+00
     -0.010      0.001     8.9615    109.694     37.790  37.976172     1.7177     10.666   130.3008 1.8907e+02     6.7468     -0.010     -0.015    25.2435 0.0000e+00
     -0.009      0.001     8.9920    109.901     37.805  37.989860     1.7472     10.668   129.8584 1.8848e+02     6.7885     -0.009     -0.013    25.2429 0.0000e+00
     -0.009      0.001     8.9979    110.087     37.804  37.986011     1.7510     10.668   129.4250 1.8898e+02     6.7137     -0.008     -0.012    25.2437 0.0000e+00
     -0.009      0.001     9.0054    110.168     37.814  37.993090     1.7304     10.669   129.2769 1.8964e+02     6.5942     -0.009     -0.013    25.2425 0.0000e+00
     -0.008      0.000     9.0232    110.187     37.834  38.011980     1.7389     10.671   129.2717 1.9041e+02     6.6073     -0.008     -0.012    25.2399 0.0000e+00
     -0.008 1.8626e-08     9.0395    110.263     37.847  38.024038     1.7625     10.672   129.4485 1.9028e+02     6.6673     -0.008     -0.012    25.2379 0.0000e+00
     -0.009 2.0489e-07     9.0609    110.346     37.834  38.011971     1.7411     10.672   129.7791 1.8757e+02     6.6028     -0.008     -0.012    25.2348 0.0000e+00
     -0.009 2.0489e-07     9.0667    110.310     37.813  37.992991     1.7133     10.672   129.3122 1.8534e+02     6.5452     -0.009     -0.013    25.2311 0.0000e+00
     -0.008 1.8626e-08     9.0612    110.167     37.802  37.984924     1.7091     10.673   128.2772 1.8639e+02     6.5511     -0.008     -0.011    25.2286 0.0000e+00
     -0.008 1.6933e-09     9.0713    110.033     37.792  37.977894     1.7327     10.675   127.9335 1.8845e+02     6.6057     -0.007     -0.011    25.2272 0.0000e+00
     -0.008 1.5394e-10     9.0837    109.963     37.783  37.971444     1.7733     10.676   128.1688 1.8960e+02     6.6582     -0.008     -0.012    25.2281 0.0000e+00
     -0.008 1.3994e-11     9.0787    109.843     37.782  37.970403     1.7668     10.676   128.4546 1.8886e+02     6.6056     -0.008     -0.011    25.2307 0.0000e+00
     -0.008 1.2722e-12     9.0627    109.621     37.777  37.965306     1.7209     10.676   128.2913 1.8681e+02     6.5499     -0.008     -0.012    25.2352 0.0000e+00
     -0.008 1.1565e-13     9.0465    109.457     37.785  37.973273     1.7009     10.677   127.5711 1.8709e+02     6.5654     -0.009     -0.013    25.2405 0.0000e+00
     -0.008 1.0514e-14     9.0466    109.507     37.814  38.003279     1.7247     10.678   127.1466 1.8858e+02     6.6911     -0.008     -0.011    25.2445 0.0000e+00
     -0.008 9.5585e-16     9.0401    109.792     37.819  38.010826     1.7593     10.678   127.2021 1.8775e+02     6.8401     -0.008     -0.011    25.2455 0.0000e+00
     -0.008 8.6895e-17     9.0139    110.195     37.806  38.001066     1.7530     10.679   127.3821 1.8438e+02     6.8291     -0.008     -0.012    25.2439 0.0000e+00
     -0.008 7.8995e-18     8.9961    110.552     37.814  38.012187     1.7238     10.680   127.6880 1.8030e+02     6.8325     -0.008     -0.011    25.2425 0.0000e+00
     -0.008 7.1815e-19     8.9994    110.787     37.819  38.018391     1.7223     10.680   128.0615 1.8050e+02     6.8806     -0.008     -0.012    25.2430 0.0000e+00
     -0.008 6.5285e-20     9.0259    110.884     37.812  38.012623     1.7517     10.681   128.3700 1.8172e+02     6.8303     -0.008     -0.011    25.2475 0.0000e+00
     -0.008 5.9350e-21     9.0648    110.842     37.806  38.005904     1.7717     10.681   128.5799 1.7875e+02     6.7358     -0.009     -0.012    25.2525 0.0000e+00
     -0.008 5.3955e-22     9.0947    110.708     37.801  38.000608     1.7553     10.681   128.6204 1.7818e+02     6.6271     -0.008     -0.011    25.2558 0.0000e+00
     -0.008 4.9038e-23     9.1137    110.607     37.812  38.012042     1.7452     10.681   128.5151 1.8064e+02     6.6087     -0.009     -0.012    25.2581 0.0000e+00
     -0.008 4.3410e-24     9.1223    110.640     37.816  38.017242     1.7587     10.682   128.6830 1.8371e+02     6.7191     -0.008     -0.011    25.2592 0.0000e+00
     -0.008 -8.926e-25     9.1174    110.738     37.798  38.000027     1.7684     10.683   129.1022 1.8644e+02     6.8000     -0.008     -0.011    25.2590 0.0000e+00
     -0.008 -1.424e-23     9.1031    110.792     37.793  37.994258     1.7704     10.683   129.2818 1.8658e+02     6.7317     -0.008     -0.011    25.2579 0.0000e+00
     -0.008 -1.570e-22     9.0891    110.852     37.811  38.010949     1.7584     10.683   129.2197 1.8626e+02     6.5768     -0.008     -0.012    25.2585 0.0000e+00
     -0.008 -1.728e-21     9.0951    110.982     37.812  38.011469     1.7564     10.684   129.0392 1.8502e+02     6.5673     -0.008     -0.011    25.2601 0.0000e+00
     -0.008 -1.900e-20     9.1093    111.127     37.801  38.000546     1.7793     10.686   128.9052 1.8513e+02     6.6851     -0.008     -0.012    25.2603 0.0000e+00
     -0.008 -2.090e-19     9.1094    111.182     37.806  38.005795     1.7933     10.686   129.0629 1.8814e+02     6.7372     -0.007     -0.011    25.2597 0.0000e+00
     -0.008 -2.299e-18     9.1122    111.126     37.811  38.011478     1.7924     10.685   129.3977 1.8824e+02     6.6856     -0.008     -0.010    25.2584 0.0000e+00
