Data/DataNotYetUploadedToEDI/Raw_CTD/RawDownloads/082525_fcr10_S7809002.cnv
* Sea-Bird SBE19plus  Data File:
* FileName = C:\R\Reservoirs\Data\DataNotYetUploadedToEDI\Raw_CTD\RawDownloads\082525_fcr50_S7809_0002.hex
* Software version 2.8.0.119
* Temperature SN = 7809
* Conductivity SN = 7809
* System UpLoad Time = Aug 26 2025 10:28:18
* <ApplicationData>
* <Seaterm232>
# nquan = 15
# nvalues = 718                         
# units = specified
# name 0 = depFM: Depth [fresh water, m]
# name 1 = dz/dtM: Descent Rate [m/s]
# name 2 = sbeox0Mg/L: Oxygen, SBE 43 [mg/l]
# name 3 = sbeox0PS: Oxygen, SBE 43 [% saturation]
# name 4 = specc: Specific Conductance [uS/cm]
# name 5 = c0uS/cm: Conductivity [uS/cm]
# name 6 = flECO-AFL: Fluorescence, WET Labs ECO-AFL/FL [mg/m^3]
# name 7 = ph: pH
# name 8 = orp: Oxidation Reduction Potential [mV]
# name 9 = par/sat/log: PAR/Logarithmic, Satlantic
# name 10 = turbWETntu0: Turbidity, WET Labs ECO [NTU]
# name 11 = prdM: Pressure, Strain Gauge [db]
# name 12 = prdE: Pressure, Strain Gauge [psi]
# name 13 = tv290C: Temperature [ITS-90, deg C]
# name 14 = flag:  0.000e+00
# span 0 =     -0.658,      2.037       
# span 1 =     -0.341,      0.281       
# span 2 =     4.1144,    10.4248       
# span 3 =     48.489,    125.474       
# span 4 =     37.217,     50.612       
# span 5 =  36.952454,  48.838392       
# span 6 =    -2.0482,     6.0715       
# span 7 =      7.850,     10.609       
# span 8 =    39.8186,   153.3231       
# span 9 = 4.8192e+01, 2.7089e+03       
# span 10 =     3.2608,   113.8999      
# span 11 =     -0.645,      1.997      
# span 12 =     -0.937,      2.897      
# span 13 =    23.1847,    27.1494      
# span 14 = 0.0000e+00, 0.0000e+00      
# interval = seconds: 0.25
# start_time = Aug 25 2025 13:08:56 [Instrument's time stamp, header]
# bad_flag = -9.990e-29
*END*
[from data line 290]
      0.238      0.000     9.4372    114.361     37.860  37.832666     1.9774     10.282   113.4156 9.0069e+01     3.4480      0.233      0.339    24.9732 0.0000e+00
      0.238 5.5865e-08     9.4336    114.494     37.875  37.845139     1.9982     10.282   113.4933 8.9560e+01     3.5250      0.234      0.339    24.9687 0.0000e+00
      0.238 6.1451e-07     9.4326    114.557     37.888  37.856666     1.9946     10.284   113.5693 8.9585e+01     3.6045      0.233      0.339    24.9643 0.0000e+00
      0.237      0.000     9.4388    114.568     37.878  37.845129     1.9922     10.287   113.5595 8.9804e+01     3.7261      0.232      0.337    24.9611 0.0000e+00
      0.237      0.000     9.4577    114.544     37.868  37.832544     1.9772     10.289   113.4601 8.9797e+01     3.7315      0.232      0.336    24.9577 0.0000e+00
      0.237      0.001     9.4701    114.511     37.868  37.831409     1.9722     10.292   113.4003 8.9719e+01     3.7042      0.232      0.336    24.9552 0.0000e+00
      0.238      0.001     9.4738    114.485     37.869  37.831409     2.0066     10.293   113.4395 9.0009e+01     3.7025      0.233      0.338    24.9534 0.0000e+00
      0.238      0.001     9.4761    114.480     37.872  37.832544     2.0346     10.294   113.5891 9.0450e+01     3.6426      0.234      0.339    24.9502 0.0000e+00
      0.238      0.001     9.4726    114.499     37.887  37.845130     2.0193     10.296   113.7462 9.0120e+01     3.5954      0.234      0.339    24.9474 0.0000e+00
      0.238      0.000     9.4705    114.513     37.900  37.856666     1.9799     10.299   113.7902 8.9349e+01     3.5073      0.234      0.340    24.9458 0.0000e+00
      0.238     -0.001     9.4679    114.515     37.889  37.845119     1.9833     10.301   113.8636 8.8965e+01     3.4998      0.233      0.339    24.9440 0.0000e+00
      0.238     -0.001     9.4671    114.495     37.876  37.832428     2.0265     10.304   114.0311 8.8665e+01     3.5732      0.233      0.338    24.9421 0.0000e+00
      0.238     -0.001     9.4714    114.461     37.874  37.830131     2.0440     10.306   114.1812 8.8068e+01     3.5752      0.232      0.337    24.9394 0.0000e+00
      0.238     -0.001     9.4720    114.447     37.861  37.817336     2.0210     10.308   114.3019 8.7880e+01     3.5579      0.233      0.338    24.9368 0.0000e+00
      0.237     -0.001     9.4733    114.452     37.849  37.804646     1.9729     10.310   114.3716 8.8053e+01     3.5690      0.232      0.337    24.9360 0.0000e+00
      0.237      0.000     9.4717    114.446     37.848  37.803596     1.9453     10.313   114.4215 8.8115e+01     3.6410      0.233      0.338    24.9365 0.0000e+00
      0.237 -1.863e-08     9.4668    114.418     37.849  37.804645     1.9618     10.315   114.4754 8.8148e+01     3.6429      0.233      0.338    24.9364 0.0000e+00
      0.237 -2.049e-07     9.4662    114.378     37.862  37.817327     1.9639     10.316   114.5071 8.7842e+01     3.5237      0.232      0.337    24.9354 0.0000e+00
      0.237 -2.049e-07     9.4679    114.314     37.876  37.830017     1.9462     10.317   114.5471 8.7023e+01     3.4287      0.232      0.337    24.9348 0.0000e+00
      0.238 -1.863e-08     9.4680    114.237     37.877  37.831170     1.9560     10.318   114.5277 8.5767e+01     3.4507      0.233      0.338    24.9357 0.0000e+00
      0.238 -1.693e-09     9.4642    114.181     37.877  37.831275     1.9902     10.319   114.5309 8.4382e+01     3.5856      0.233      0.339    24.9352 0.0000e+00
      0.238 -1.539e-10     9.4627    114.147     37.878  37.831284     2.0277     10.320   114.6720 8.3022e+01     3.5908      0.233      0.339    24.9334 0.0000e+00
      0.237 -1.400e-11     9.4571    114.128     37.878  37.831276     2.0256     10.320   114.9440 8.1635e+01     3.4456      0.233      0.338    24.9336 0.0000e+00
      0.237 -1.274e-12     9.4482    114.112     37.877  37.831171     1.9735     10.321   115.2372 8.0204e+01     3.4014      0.232      0.337    24.9340 0.0000e+00
      0.238 -1.369e-13     9.4452    114.117     37.874  37.830016     1.9306     10.322   115.2927 7.8704e+01     3.4997      0.233      0.338    24.9333 0.0000e+00
      0.238 -2.438e-13     9.4417    114.159     37.861  37.817326     1.9406     10.323   115.1848 7.7408e+01     3.6435      0.233      0.338    24.9320 0.0000e+00
      0.238 -2.567e-12     9.4418    114.216     37.850  37.804645     1.9767     10.325   115.2232 7.6484e+01     3.6372      0.233      0.338    24.9313 0.0000e+00
      0.238 -2.822e-11     9.4390    114.298     37.851  37.803596     1.9848     10.327   115.4121 7.6224e+01     3.4925      0.233      0.338    24.9334 0.0000e+00
      0.238 -3.104e-10     9.4374    114.417     37.854  37.804645     1.9721     10.327   115.5765 7.6761e+01     3.4309      0.233      0.338    24.9367 0.0000e+00
      0.238 -3.415e-09     9.4433    114.493     37.869  37.817317     1.9890     10.328   115.7484 7.7534e+01     3.5069      0.233      0.338    24.9369 0.0000e+00
      0.238 -3.756e-08     9.4475    114.459     37.884  37.829903     2.0314     10.330   115.9418 7.8054e+01     3.6258      0.233      0.338    24.9337 0.0000e+00
      0.238 -4.132e-07     9.4533    114.388     37.885  37.829913     2.0511     10.331   116.0215 7.8338e+01     3.6051      0.233      0.338    24.9309 0.0000e+00
      0.238     -0.000     9.4665    114.361     37.872  37.817432     2.0443     10.331   116.0244 7.8774e+01     3.4956      0.234      0.339    24.9290 0.0000e+00
      0.238     -0.000     9.4775    114.354     37.860  37.805903     2.0490     10.332   116.0616 7.9637e+01     3.5312      0.234      0.339    24.9258 0.0000e+00
      0.238     -0.001     9.4709    114.338     37.871  37.817431     2.0753     10.332   116.1278 8.0427e+01     3.6599      0.233      0.339    24.9224 0.0000e+00
      0.238     -0.001     9.4622    114.359     37.885  37.829904     2.0792     10.331   116.1371 8.0786e+01     3.7192      0.233      0.339    24.9212 0.0000e+00
      0.237     -0.002     9.4616    114.434     37.885  37.829799     2.0378     10.331   116.0878 8.1279e+01     3.6336      0.233      0.338    24.9221 0.0000e+00
      0.237     -0.002     9.4628    114.508     37.872  37.816173     1.9915     10.331   116.0483 8.2381e+01     3.4791      0.232      0.337    24.9234 0.0000e+00
      0.236     -0.002     9.4588    114.538     37.849  37.792060     1.9855     10.331   116.0896 8.4071e+01     3.4904      0.232      0.336    24.9233 0.0000e+00
      0.235     -0.001     9.4591    114.505     37.850  37.792061     1.9984     10.331   116.1575 8.6085e+01     3.6329      0.230      0.334    24.9222 0.0000e+00
      0.235      0.000     9.4693    114.427     37.875  37.816184     1.9970     10.331   116.0946 8.7815e+01     3.7001      0.229      0.333    24.9212 0.0000e+00
      0.235      0.001     9.4754    114.369     37.890  37.829904     1.9767     10.331   116.0175 8.8972e+01     3.6540      0.229      0.333    24.9204 0.0000e+00
      0.236      0.002     9.4793    114.361     37.891  37.831048     1.9364     10.331   116.0855 8.9732e+01     3.5537      0.231      0.335    24.9196 0.0000e+00
      0.237      0.003     9.4767    114.392     37.890  37.830017     1.9099     10.331   116.2285 9.0132e+01     3.4774      0.232      0.337    24.9184 0.0000e+00
      0.237      0.005     9.4672    114.429     37.878  37.817431     1.9138     10.332   116.3697 9.0003e+01     3.4834      0.233      0.338    24.9168 0.0000e+00
      0.237      0.007     9.4623    114.442     37.867  37.805781     1.9421     10.332   116.5021 8.9449e+01     3.5921      0.232      0.337    24.9157 0.0000e+00
      0.238      0.007     9.4622    114.446     37.877  37.816070     1.9606     10.333   116.6250 8.9136e+01     3.6984      0.232      0.337    24.9147 0.0000e+00
      0.241      0.007     9.4657    114.430     37.876  37.814921     1.9379     10.333   116.6500 8.9138e+01     3.7094      0.236      0.342    24.9133 0.0000e+00
      0.246      0.006     9.4711    114.376     37.854  37.791890     1.9424     10.334   116.4606 8.8817e+01     3.6913      0.242      0.352    24.9125 0.0000e+00
      0.249      0.004     9.4701    114.323     37.854  37.791422     1.9820     10.335   116.2280 8.7964e+01     3.6163      0.245      0.356    24.9125 0.0000e+00
      0.249      0.002     9.4713    114.309     37.872  37.809262     2.0005     10.336   116.1605 8.6994e+01     3.4853      0.244      0.354    24.9131 0.0000e+00
      0.248     -0.001     9.4711    114.321     37.881  37.817223     2.0066     10.337   116.0742 8.6412e+01     3.4393      0.243      0.352    24.9136 0.0000e+00
      0.245     -0.003     9.4648    114.338     37.889  37.824231     1.9986     10.338   115.9590 8.6461e+01     3.5044      0.240      0.348    24.9126 0.0000e+00
      0.243     -0.004     9.4595    114.382     37.895  37.830533     1.9871     10.339   115.8860 8.7028e+01     3.6237      0.238      0.346    24.9113 0.0000e+00
      0.243     -0.003     9.4586    114.435     37.895  37.829961     1.9674     10.340   115.7950 8.7785e+01     3.6181      0.238      0.345    24.9111 0.0000e+00
      0.242     -0.003     9.4619    114.452     37.882  37.817313     1.9267     10.340   115.8914 8.8593e+01     3.4716      0.237      0.344    24.9097 0.0000e+00
      0.242     -0.002     9.4613    114.442     37.868  37.804524     1.9026     10.341   116.1048 8.9315e+01     3.4574      0.238      0.345    24.9081 0.0000e+00
      0.242     -0.001     9.4655    114.417     37.866  37.802236     1.9174     10.342   116.2243 8.9863e+01     3.6508      0.237      0.344    24.9079 0.0000e+00
      0.241     -0.001     9.4729    114.375     37.853  37.789658     1.9558     10.342   116.3034 9.0323e+01     3.8629      0.237      0.343    24.9084 0.0000e+00
      0.241     -0.000     9.4723    114.313     37.843  37.779351     1.9673     10.343   116.3726 9.0471e+01     3.8700      0.236      0.342    24.9092 0.0000e+00
      0.242 -2.685e-11     9.4714    114.222     37.868  37.804523     1.9393     10.344   116.4593 9.0003e+01     3.6686      0.237      0.343    24.9101 0.0000e+00
      0.242 -2.953e-10     9.4695    114.136     37.904  37.840193     1.9177     10.344   116.4916 8.9365e+01     3.4771      0.237      0.344    24.9104 0.0000e+00
      0.242 -3.248e-09     9.4653    114.092     37.894  37.829904     1.9305     10.344   116.4187 8.9311e+01     3.4680      0.237      0.343    24.9102 0.0000e+00
      0.242 -3.573e-08     9.4620    114.069     37.871  37.807034     1.9607     10.344   116.3525 8.9614e+01     3.5921      0.237      0.344    24.9102 0.0000e+00
      0.242 -3.930e-07     9.4526    114.025     37.881  37.817489     1.9587     10.345   116.3792 8.9728e+01     3.6111      0.237      0.344    24.9101 0.0000e+00
      0.242     -0.000     9.4438    113.950     37.893  37.829409     1.9232     10.345   116.4836 8.9890e+01     3.4935      0.238      0.345    24.9101 0.0000e+00
      0.242     -0.000     9.4413    113.885     37.888  37.824242     1.9059     10.346   116.5826 9.0469e+01     3.4339      0.237      0.344    24.9097 0.0000e+00
      0.242     -0.001     9.4412    113.909     37.882  37.818463     1.9323     10.347   116.6295 9.1519e+01     3.5050      0.237      0.344    24.9097 0.0000e+00
      0.241     -0.001     9.4375    114.036     37.887  37.822993     1.9676     10.348   116.7056 9.2559e+01     3.6357      0.237      0.343    24.9100 0.0000e+00
      0.241     -0.001     9.4309    114.173     37.880  37.815566     1.9585     10.348   116.8153 9.3044e+01     3.6478      0.236      0.343    24.9098 0.0000e+00
      0.241     -0.001     9.4218    114.238     37.857  37.792119     1.9225     10.348   116.8368 9.2819e+01     3.5147      0.237      0.343    24.9097 0.0000e+00
      0.241     -0.002     9.4227    114.246     37.858  37.793315     1.9227     10.349   116.8803 9.2155e+01     3.4953      0.237      0.343    24.9102 0.0000e+00
      0.241     -0.002     9.4375    114.256     37.893  37.830029     1.9617     10.351   116.9965 9.1405e+01     3.6188      0.236      0.343    24.9104 0.0000e+00
      0.240     -0.003     9.4513    114.240     37.918  37.855287     1.9853     10.352   117.0375 9.0847e+01     3.6067      0.235      0.341    24.9100 0.0000e+00
      0.239     -0.003     9.4570    114.181     37.907  37.844894     1.9762     10.353   117.1170 9.0577e+01     3.4522      0.234      0.340    24.9094 0.0000e+00
      0.237     -0.002     9.4527    114.124     37.892  37.831277     1.9502     10.354   117.2703 9.0193e+01     3.4239      0.233      0.338    24.9090 0.0000e+00
      0.237     -0.001     9.4572    114.137     37.877  37.817555     1.9460     10.355   117.3414 8.9901e+01     3.5723      0.232      0.337    24.9096 0.0000e+00
      0.237      0.002     9.4558    114.231     37.865  37.805905     1.9757     10.357   117.3754 9.0045e+01     3.7781      0.232      0.336    24.9106 0.0000e+00
      0.237      0.004     9.4489    114.328     37.876  37.817329     1.9932     10.358   117.3365 9.0737e+01     3.8961      0.231      0.336    24.9117 0.0000e+00
      0.238      0.005     9.4424    114.416     37.888  37.828760     1.9746     10.360   117.2154 9.1826e+01     3.8038      0.234      0.339    24.9133 0.0000e+00
      0.241      0.005     9.4405    114.495     37.877  37.817213     1.9338     10.360   117.1164 9.2546e+01     3.6869      0.237      0.343    24.9150 0.0000e+00
      0.244      0.006     9.4541    114.530     37.865  37.804627     1.9241     10.361   117.0846 9.2606e+01     3.6782      0.240      0.348    24.9167 0.0000e+00
      0.245      0.007     9.4601    114.499     37.864  37.803484     1.9404     10.362   117.1758 9.2279e+01     3.5961      0.240      0.349    24.9169 0.0000e+00
      0.245      0.007     9.4679    114.436     37.864  37.803389     1.9316     10.363   117.3585 9.1689e+01     3.4456      0.239      0.347    24.9153 0.0000e+00
      0.246      0.007     9.4763    114.421     37.864  37.803484     1.9171     10.364   117.4871 9.1039e+01     3.3951      0.241      0.349    24.9142 0.0000e+00
      0.249      0.006     9.4796    114.465     37.865  37.804632     1.9234     10.365   117.4405 9.0554e+01     3.5326      0.245      0.355    24.9140 0.0000e+00
      0.253      0.005     9.4770    114.520     37.878  37.817270     1.9494     10.368   117.3107 9.0080e+01     3.7761      0.249      0.361    24.9136 0.0000e+00
      0.255      0.006     9.4674    114.558     37.890  37.829379     1.9572     10.370   117.2948 8.9576e+01     3.8449      0.252      0.365    24.9132 0.0000e+00
      0.254      0.010     9.4663    114.568     37.885  37.824136     1.9429     10.374   117.4205 8.9426e+01     3.7157      0.250      0.362    24.9133 0.0000e+00
      0.252      0.016     9.4727    114.558     37.880  37.817328     1.9348     10.380   117.5399 9.0339e+01     3.6157      0.247      0.357    24.9134 0.0000e+00
      0.253      0.022     9.4771    114.554     37.879  37.810520     1.9420     10.386   117.6191 9.2153e+01     3.6946      0.246      0.356    24.9133 0.0000e+00
      0.262      0.027     9.4809    114.565     37.879  37.805268     1.9715     10.391   117.6902 9.3622e+01     3.8838      0.254      0.367    24.9145 0.0000e+00
      0.277      0.027     9.4812    114.583     37.894  37.817273     1.9755     10.395   117.6257 9.2628e+01     3.8876      0.270      0.393    24.9157 0.0000e+00
      0.292      0.024     9.4796    114.598     37.905  37.828757     1.9566     10.399   117.5271 8.7781e+01     3.7065      0.289      0.420    24.9127 0.0000e+00
      0.299      0.018     9.4807    114.575     37.892  37.817206     1.9513     10.403   117.5304 8.1432e+01     3.5729      0.297      0.431    24.9049 0.0000e+00
