Data/DataNotYetUploadedToEDI/Raw_CTD/RawDownloads/082525_fcr50_S7809001.cnv
* Sea-Bird SBE19plus  Data File:
* FileName = C:\R\Reservoirs\Data\DataNotYetUploadedToEDI\Raw_CTD\RawDownloads\082525_fcr50_S7809_0001.hex
* Software version 2.8.0.119
* Temperature SN = 7809
* Conductivity SN = 7809
* System UpLoad Time = Aug 26 2025 10:27:57
* <ApplicationData>
* <Seaterm232>
# nquan = 15
# nvalues = 1545                        
# units = specified
# name 0 = depFM: Depth [fresh water, m]
# name 1 = dz/dtM: Descent Rate [m/s]
# name 2 = sbeox0Mg/L: Oxygen, SBE 43 [mg/l]
# name 3 = sbeox0PS: Oxygen, SBE 43 [% saturation]
# name 4 = specc: Specific Conductance [uS/cm]
# name 5 = c0uS/cm: Conductivity [uS/cm]
# name 6 = flECO-AFL: Fluorescence, WET Labs ECO-AFL/FL [mg/m^3]
# name 7 = ph: pH
# name 8 = orp: Oxidation Reduction Potential [mV]
# name 9 = par/sat/log: PAR/Logarithmic, Satlantic
# name 10 = turbWETntu0: Turbidity, WET Labs ECO [NTU]
# name 11 = prdM: Pressure, Strain Gauge [db]
# name 12 = prdE: Pressure, Strain Gauge [psi]
# name 13 = tv290C: Temperature [ITS-90, deg C]
# name 14 = flag:  0.000e+00
# span 0 =     -0.657,      6.473       
# span 1 =     -0.229,      0.287       
# span 2 =     0.0411,    10.9650       
# span 3 =      0.411,    127.671       
# span 4 =      0.896,     56.721       
# span 5 =   0.863422,  45.526714       
# span 6 =    -2.0042,   227.5557       
# span 7 =     -2.133,     10.738       
# span 8 = -1240.7455,   686.6992       
# span 9 = 1.2359e-01, 1.4053e+03       
# span 10 =    -4.7121,    26.6801      
# span 11 =     -0.645,      6.352      
# span 12 =     -0.936,      9.213      
# span 13 =    12.1445,    25.3672      
# span 14 = 0.0000e+00, 0.0000e+00      
# interval = seconds: 0.25
# start_time = Aug 25 2025 11:37:22 [Instrument's time stamp, header]
# bad_flag = -9.990e-29
*END*
[from data line 1254]
      2.119     -0.138     0.5451     11.640     45.486  40.234893     6.6402      8.262   191.8195 2.2413e+01     7.8963      2.077      3.011    18.6114 0.0000e+00
      2.096     -0.126     0.5938     14.339     45.277  40.174856     6.6491      8.271   192.2915 2.3143e+01     7.7858      2.063      2.991    18.8030 0.0000e+00
      2.065     -0.111     0.6824     17.210     45.031  40.091096     7.0665      8.278   193.1764 2.4027e+01     7.7094      2.025      2.937    18.9692 0.0000e+00
      2.031     -0.101     0.8449     20.234     44.746  39.983909     7.8747      8.286   194.4310 2.4708e+01     7.6562      1.988      2.883    19.0972 0.0000e+00
      2.005     -0.097     1.0615     23.624     44.466  39.894469     8.3396      8.293   194.4689 2.5226e+01     7.6209      1.964      2.848    19.2175 0.0000e+00
      1.986     -0.097     1.3165     27.436     44.217  39.834928     8.5006      8.300   193.3761 2.5695e+01     7.6234      1.947      2.824    19.3567 0.0000e+00
      1.969     -0.100     1.5792     31.566     43.981  39.771930     9.8710      8.308   193.0921 2.6203e+01     7.5506      1.932      2.802    19.5068 0.0000e+00
      1.948     -0.106     1.8370     36.049     43.768  39.704120    12.4328      8.316   193.7021 2.6947e+01     7.4576      1.913      2.775    19.6686 0.0000e+00
      1.920     -0.115     2.1381     40.915     43.598  39.649843    13.8573      8.324   194.4711 2.8020e+01     7.4219      1.886      2.736    19.8536 0.0000e+00
      1.885     -0.121     2.4850     45.985     43.486  39.623494    14.0102      8.333   195.4199 2.9250e+01     7.4258      1.849      2.681    20.0470 0.0000e+00
      1.846     -0.122     2.8454     50.844     43.435  39.639488    14.2225      8.342   196.1402 3.0503e+01     7.4027      1.810      2.625    20.2209 0.0000e+00
      1.810     -0.120     3.2396     54.976     43.315  39.589465    14.6100      8.350   196.1247 3.1709e+01     7.3136      1.775      2.574    20.3624 0.0000e+00
      1.778     -0.118     3.6768     58.189     43.044  39.399521    14.8509      8.359   195.7494 3.2594e+01     7.3383      1.739      2.521    20.4793 0.0000e+00
      1.756     -0.116     4.1383     60.574     42.729  39.183348    14.9039      8.366   195.4735 3.3183e+01     7.4622      1.717      2.491    20.5594 0.0000e+00
      1.738     -0.115     4.5924     62.290     42.417  39.006575    14.8937      8.374   195.4565 3.4041e+01     7.4447      1.710      2.481    20.6241 0.0000e+00
      1.709     -0.115     4.9604     63.724     42.081  38.848832    14.7685      8.382   195.1130 3.5280e+01     7.2980      1.680      2.436    20.6995 0.0000e+00
      1.670     -0.118     5.2356     65.585     41.768  38.735865    14.5809      8.390   193.7304 3.6483e+01     7.2263      1.635      2.371    20.7567 0.0000e+00
      1.635     -0.125     5.4412     68.622     41.488  38.656299    14.5063      8.400   191.3864 3.7534e+01     7.2947      1.602      2.323    20.8266 0.0000e+00
      1.605     -0.131     5.5680     73.114     41.230  38.585112    14.4741      8.415   187.7663 3.8513e+01     7.4076      1.574      2.283    20.9560 0.0000e+00
      1.575     -0.133     5.6535     78.852     40.995  38.509962    13.8498      8.432   183.8590 3.9540e+01     7.4299      1.545      2.242    21.1435 0.0000e+00
      1.542     -0.136     5.7621     85.219     40.733  38.382454    12.6840      8.452   182.0014 4.0792e+01     7.2917      1.514      2.197    21.3660 0.0000e+00
      1.505     -0.145     6.0000     91.339     40.482  38.249291    12.0397      8.475   181.9116 4.2169e+01     7.1029      1.477      2.142    21.5864 0.0000e+00
      1.468     -0.155     6.3770     96.619     40.291  38.169187    11.9933      8.501   181.7403 4.3515e+01     7.0943      1.440      2.087    21.7967 0.0000e+00
      1.431     -0.161     6.8722    100.808     40.127  38.112092    12.0320      8.531   181.0486 4.5139e+01     7.2209      1.406      2.039    21.9789 0.0000e+00
      1.387     -0.161     7.4464    103.860     39.982  38.066755    12.0504      8.566   180.0015 4.7246e+01     7.1998      1.363      1.977    22.1144 0.0000e+00
      1.337     -0.153     7.9759    105.966     39.817  38.001899    12.0234      8.605   178.8881 4.9403e+01     7.0433      1.309      1.900    22.2374 0.0000e+00
      1.290     -0.137     8.4214    107.379     39.607  37.899156    11.9386      8.643   178.2553 5.1170e+01     6.9354      1.262      1.830    22.3640 0.0000e+00
      1.254     -0.116     8.7677    108.274     39.433  37.839926    11.2000      8.678   177.7715 5.2465e+01     6.9536      1.226      1.778    22.4850 0.0000e+00
      1.229     -0.096     9.0049    108.882     39.341  37.857026     9.8515      8.710   176.4810 5.3246e+01     7.0241      1.201      1.742    22.6012 0.0000e+00
      1.215     -0.085     9.1560    109.350     39.250  37.852243     9.0933      8.738   174.6113 5.3552e+01     6.9682      1.188      1.723    22.7140 0.0000e+00
      1.209     -0.087     9.2565    109.653     39.124  37.782210     8.9482      8.766   172.0273 5.3785e+01     6.8240      1.185      1.719    22.8338 0.0000e+00
      1.200     -0.102     9.2989    109.768     39.014  37.708351     8.5386      8.794   168.4692 5.4816e+01     6.7841      1.183      1.716    22.9726 0.0000e+00
      1.175     -0.125     9.3185    109.669     38.931  37.657278     7.8603      8.823   165.5757 5.7114e+01     6.8615      1.160      1.683    23.1204 0.0000e+00
      1.131     -0.154     9.3446    109.426     38.847  37.608909     7.5139      8.856   163.9728 6.0006e+01     6.9738      1.111      1.611    23.2317 0.0000e+00
      1.080     -0.182     9.3577    109.225     38.750  37.567761     7.4720      8.895   163.0278 6.2955e+01     6.9805      1.058      1.534    23.2860 0.0000e+00
      1.028     -0.202     9.3654    109.204     38.635  37.540565     7.3874      8.938   161.8063 6.6193e+01     6.8393      1.009      1.463    23.3210 0.0000e+00
      0.973     -0.212     9.3473    109.380     38.525  37.534040     6.8987      8.982   159.3564 7.0041e+01     6.7700      0.957      1.389    23.3607 0.0000e+00
      0.913     -0.214     9.3148    109.752     38.449  37.552466     6.0572      9.026   156.6372 7.4126e+01     6.8602      0.894      1.297    23.3898 0.0000e+00
      0.854     -0.213     9.2821    110.298     38.389  37.573128     5.6198      9.069   155.0851 7.7656e+01     6.9390      0.832      1.207    23.4482 0.0000e+00
      0.803     -0.206     9.2604    110.918     38.334  37.593609     5.5636      9.112   154.6139 8.1074e+01     6.9036      0.789      1.144    23.5701 0.0000e+00
      0.753     -0.193     9.2505    111.522     38.279  37.609845     5.4023      9.152   154.3820 8.5215e+01     6.8764      0.742      1.076    23.7148 0.0000e+00
      0.699     -0.175     9.2589    112.010     38.254  37.642632     5.1521      9.190   154.2598 8.9453e+01     6.8830      0.682      0.991    23.8383 0.0000e+00
      0.650     -0.156     9.2947    112.306     38.234  37.672837     5.0351      9.226   154.2548 9.2725e+01     6.8806      0.632      0.918    23.9294 0.0000e+00
      0.613     -0.141     9.3311    112.441     38.172  37.657853     5.0523      9.261   153.8056 9.5160e+01     6.9497      0.598      0.867    24.0275 0.0000e+00
      0.587     -0.133     9.3669    112.414     38.127  37.651894     4.9768      9.293   153.0448 9.7258e+01     6.9671      0.573      0.832    24.1292 0.0000e+00
      0.566     -0.132     9.4002    112.256     38.107  37.664298     4.7973      9.323   151.9386 9.9384e+01     6.9202      0.555      0.805    24.2006 0.0000e+00
      0.541     -0.138     9.4103    112.117     38.090  37.680966     4.7128      9.349   150.3261 1.0285e+02     6.9634      0.536      0.778    24.2587 0.0000e+00
      0.504     -0.149     9.4111    112.060     38.097  37.726571     4.7127      9.372   149.7227 1.0801e+02     7.0115      0.499      0.724    24.3257 0.0000e+00
      0.456     -0.162     9.4021    112.087     38.097  37.771578     4.5129      9.394   150.3213 1.1379e+02     6.9553      0.447      0.648    24.3755 0.0000e+00
      0.406     -0.172     9.3735    112.184     38.056  37.781018     4.1115      9.416   150.4227 1.1959e+02     6.8307      0.398      0.577    24.4097 0.0000e+00
      0.360     -0.175     9.3548    112.302     38.001  37.777338     3.8715      9.438   149.3137 1.2499e+02     6.8036      0.352      0.512    24.4559 0.0000e+00
      0.316     -0.173     9.3414    112.427     37.970  37.790605     3.8334      9.461   147.4961 1.3050e+02     6.9002      0.309      0.449    24.5050 0.0000e+00
      0.271     -0.173     9.3328    112.535     37.961  37.814589     3.6178      9.486   147.1170 1.3587e+02     6.9395      0.265      0.386    24.5624 0.0000e+00
      0.230     -0.182     9.3323    112.605     37.938  37.813553     3.1786      9.514   148.2576 1.4065e+02     6.8013      0.223      0.323    24.6340 0.0000e+00
      0.193     -0.197     9.3282    112.681     37.886  37.778108     2.9168      9.544   148.4663 1.4700e+02     6.5951      0.191      0.276    24.7035 0.0000e+00
      0.151     -0.211     9.3299    112.812     37.861  37.766787     2.8658      9.577   147.3168 1.5688e+02     6.5631      0.155      0.224    24.7642 0.0000e+00
      0.092     -0.216     9.3325    112.966     37.887  37.803611     2.8289      9.613   145.9753 1.7066e+02     6.6201      0.099      0.143    24.8085 0.0000e+00
      0.016     -0.211     9.3323    113.082     37.915  37.842618     2.6958      9.649   145.2376 1.8831e+02     6.6353      0.017      0.025    24.8312 0.0000e+00
     -0.061     -0.200     9.3331    113.208     37.912  37.857699     2.4628      9.682   144.9368 2.0677e+02     6.6445     -0.070     -0.101    24.8514 0.0000e+00
     -0.113     -0.188     9.3410    113.359     37.891  37.859076     2.3173      9.711   144.6613 2.1867e+02     6.5949     -0.123     -0.178    24.8730 0.0000e+00
     -0.138     -0.172     9.3562    113.449     37.874  37.859311     2.2767      9.737   144.2301 2.2120e+02     6.6169     -0.137     -0.199    24.8838 0.0000e+00
     -0.158     -0.152     9.3607    113.468     37.866  37.860570     2.1717      9.762   143.8521 2.2024e+02     6.7394     -0.146     -0.214    24.8935 0.0000e+00
     -0.195     -0.131     9.3646    113.461     37.874  37.874301     1.9628      9.788   143.6189 2.1975e+02     6.7094     -0.185     -0.268    24.9190 0.0000e+00
     -0.245     -0.114     9.3773    113.448     37.892  37.898432     1.8241      9.814   142.4435 2.1935e+02     6.5618     -0.244     -0.353    24.9542 0.0000e+00
     -0.289     -0.100     9.3790    113.440     37.884  37.898527     1.8010      9.842   139.9650 2.1914e+02     6.5258     -0.292     -0.424    24.9788 0.0000e+00
     -0.312     -0.090     9.3771    113.417     37.854  37.875452     1.8169      9.867   137.7424 2.1877e+02     6.6165     -0.311     -0.451    24.9880 0.0000e+00
     -0.317     -0.086     9.3760    113.351     37.847  37.873267     1.8668      9.891   137.0800 2.1832e+02     6.7357     -0.312     -0.452    24.9940 0.0000e+00
     -0.317     -0.091     9.3719    113.230     37.846  37.872125     1.8881      9.914   137.8063 2.1752e+02     6.7368     -0.308     -0.447    25.0020 0.0000e+00
     -0.327     -0.099     9.3711    113.064     37.837  37.861642     1.8663      9.938   137.9198 2.1617e+02     6.6293     -0.311     -0.451    25.0120 0.0000e+00
     -0.359     -0.099     9.3677    112.858     37.851  37.873429     1.8520      9.967   136.9037 2.0905e+02     6.5639     -0.341     -0.494    25.0240 0.0000e+00
     -0.416     -0.083     9.3616    112.571     37.864  37.887732     1.8573      9.997   136.4484 1.9739e+02     6.6290     -0.409     -0.591    25.0295 0.0000e+00
     -0.471     -0.048     9.3520    112.257     37.876  37.907662     1.8808     10.026   136.5450 1.9411e+02     6.7671     -0.481     -0.697    25.0284 0.0000e+00
     -0.486      0.008     9.3367    112.047     37.881  37.924044     1.8867     10.054   136.9528 2.0003e+02     6.7650     -0.493     -0.716    25.0266 0.0000e+00
     -0.461      0.079     9.3238    111.924     37.841  37.895458     1.9284     10.081   137.7654 2.0853e+02     6.7749     -0.455     -0.659    25.0227 0.0000e+00
     -0.418      0.153     9.2991    111.789     37.821  37.879324     2.0436     10.107   138.0235 2.1626e+02     6.8863     -0.412     -0.598    25.0226 0.0000e+00
     -0.365      0.206     9.2639    111.679     37.867  37.919337     2.1303     10.130   137.1487 2.2183e+02     6.9162     -0.364     -0.529    25.0328 0.0000e+00
     -0.297      0.210     9.2454    111.675     37.887  37.935050     2.1700     10.150   135.8784 2.2328e+02     6.9662     -0.296     -0.428    25.0507 0.0000e+00
     -0.217      0.148     9.2373    111.676     37.826  37.878931     2.1741     10.171   135.6569 2.0025e+02     6.9788     -0.212     -0.306    25.0706 0.0000e+00
     -0.141      0.046     9.2228    111.496     37.752  37.811928     2.1218     10.193   135.7613 1.7136e+02     6.9309     -0.134     -0.194    25.0784 0.0000e+00
     -0.094     -0.040     9.2113    111.178     37.762  37.822951     2.0535     10.217   135.7633 1.8481e+02     6.9342     -0.063     -0.093    25.0616 0.0000e+00
     -0.134     -0.072     9.2171    110.974     37.828  37.885295     2.0304     10.242   136.8000 2.0664e+02     6.9503     -0.077     -0.111    25.0481 0.0000e+00
     -0.280     -0.055     9.2236    111.043     37.873  37.931154     2.0593     10.264   137.1969 2.0084e+02     6.9886     -0.271     -0.393    25.0631 0.0000e+00
     -0.417     -0.023     9.2046    111.312     37.868  37.933235     2.1118     10.283   135.9160 1.9388e+02     6.9541     -0.484     -0.703    25.0799 0.0000e+00
     -0.398     -0.010     9.1678    111.551     37.643  37.720109     2.1659     10.299   135.4226 2.0106e+02     6.9079     -0.445     -0.646    25.0772 0.0000e+00
     -0.252     -0.024     9.1478    111.612     36.914  37.004104     2.2049     10.313   136.2216 1.9443e+02     6.9766     -0.232     -0.337    25.0685 0.0000e+00
     -0.123     -0.040     9.1559    111.553     35.400  35.494499     2.2263     10.326   136.6288 1.7921e+02     7.0329     -0.073     -0.107    25.0678 0.0000e+00
     -0.120     -0.044     9.1849    111.455     34.855  34.948918     2.1663     10.341   137.2488 1.9097e+02     6.9741     -0.058     -0.082    25.0771 0.0000e+00
     -0.263     -0.038     9.2079    111.408     36.465  36.561315     2.0284     10.358   137.8666 1.9821e+02     6.8475     -0.229     -0.332    25.0969 0.0000e+00
     -0.453     -0.020     9.2038    111.538     37.695  37.795267     1.9579     10.377   137.2157 1.8739e+02     6.8336     -0.505     -0.732    25.1195 0.0000e+00
     -0.506      0.004     9.1953    111.740     37.329  37.432891     1.9717     10.395   135.7458 1.9019e+02     6.9774     -0.587     -0.851    25.1310 0.0000e+00
     -0.369      0.014     9.1868    111.808     36.258  36.367757     1.9700     10.411   135.0657 1.8471e+02     7.3903     -0.371     -0.539    25.1306 0.0000e+00
     -0.183      0.002     9.1755    111.798     32.868  32.975369     1.9122     10.425   135.4451 1.5651e+02     7.9662     -0.137     -0.199    25.1254 0.0000e+00
     -0.100     -0.019     9.1908    111.861     30.374  30.478686     1.8471     10.436   136.0310 1.6073e+02     8.2013     -0.035     -0.051    25.1232 0.0000e+00
     -0.183     -0.040     9.2176    112.015     33.779  33.898161     1.8410     10.448   136.9873 1.8895e+02     8.2175     -0.122     -0.176    25.1302 0.0000e+00
     -0.385     -0.047     9.2155    112.193     37.334  37.465211     1.8714     10.460   137.3712 1.8810e+02     8.1271     -0.396     -0.574    25.1457 0.0000e+00
