Data/DataNotYetUploadedToEDI/Raw_CTD/RawDownloads/082525_fcr20_S7809003.cnv
* Sea-Bird SBE19plus  Data File:
* FileName = C:\R\Reservoirs\Data\DataNotYetUploadedToEDI\Raw_CTD\RawDownloads\082525_fcr50_S7809_0003.hex
* Software version 2.8.0.119
* Temperature SN = 7809
* Conductivity SN = 7809
* System UpLoad Time = Aug 26 2025 10:28:45
* <ApplicationData>
* <Seaterm232>
# nquan = 15
# nvalues = 984                         
# units = specified
# name 0 = depFM: Depth [fresh water, m]
# name 1 = dz/dtM: Descent Rate [m/s]
# name 2 = sbeox0Mg/L: Oxygen, SBE 43 [mg/l]
# name 3 = sbeox0PS: Oxygen, SBE 43 [% saturation]
# name 4 = specc: Specific Conductance [uS/cm]
# name 5 = c0uS/cm: Conductivity [uS/cm]
# name 6 = flECO-AFL: Fluorescence, WET Labs ECO-AFL/FL [mg/m^3]
# name 7 = ph: pH
# name 8 = orp: Oxidation Reduction Potential [mV]
# name 9 = par/sat/log: PAR/Logarithmic, Satlantic
# name 10 = turbWETntu0: Turbidity, WET Labs ECO [NTU]
# name 11 = prdM: Pressure, Strain Gauge [db]
# name 12 = prdE: Pressure, Strain Gauge [psi]
# name 13 = tv290C: Temperature [ITS-90, deg C]
# name 14 = flag:  0.000e+00
# span 0 =     -0.654,      3.268       
# span 1 =     -0.293,      0.317       
# span 2 =    -0.1477,    10.3229       
# span 3 =     -1.185,    124.314       
# span 4 =      2.093,     85.622       
# span 5 =   1.990750,  72.722870       
# span 6 =    -0.1226,    27.5254       
# span 7 =      8.363,     10.881       
# span 8 = -1231.1487,   182.8003       
# span 9 = 1.0635e+01, 2.1057e+03       
# span 10 =     1.3281,    89.5032      
# span 11 =     -0.643,      3.207      
# span 12 =     -0.932,      4.651      
# span 13 =    17.4523,    25.3610      
# span 14 = 0.0000e+00, 0.0000e+00      
# interval = seconds: 0.25
# start_time = Aug 25 2025 13:18:44 [Instrument's time stamp, header]
# bad_flag = -9.990e-29
*END*
[from data line 868]
      0.921     -0.135     8.6762    106.417     38.185  37.768827     2.4136      9.126   135.0855 2.2632e+02     2.9914      0.906      1.314    24.4779 0.0000e+00
      0.871     -0.144     8.8420    105.960     38.119  37.725125     2.3940      9.142   133.5921 2.2162e+02     2.8317      0.855      1.240    24.4090 0.0000e+00
      0.819     -0.135     8.9336    105.761     38.038  37.667620     2.3022      9.162   132.6677 2.1714e+02     2.7593      0.801      1.162    24.3733 0.0000e+00
      0.774     -0.110     8.9393    105.877     37.981  37.644666     2.1446      9.179   132.1689 2.1577e+02     2.8335      0.753      1.091    24.4081 0.0000e+00
      0.746     -0.076     8.8819    106.333     37.935  37.638001     2.0778      9.189   131.7768 2.1959e+02     2.9771      0.723      1.049    24.4574 0.0000e+00
      0.738     -0.044     8.8289    107.193     37.912  37.650552     2.0692      9.197   130.9379 2.2679e+02     2.9926      0.719      1.042    24.4770 0.0000e+00
      0.743     -0.026     8.8109    108.410     37.910  37.669572     2.0162      9.204   129.5975 2.3556e+02     2.8499      0.726      1.053    24.5000 0.0000e+00
      0.755     -0.031     8.8118    109.724     37.918  37.677632     1.9688      9.211   128.5624 2.4093e+02     2.7897      0.740      1.073    24.5480 0.0000e+00
      0.764     -0.058     8.8370    110.765     37.943  37.684551     1.9711      9.219   127.6282 2.3723e+02     2.8800      0.754      1.095    24.6052 0.0000e+00
      0.757     -0.096     8.9012    111.313     37.968  37.689755     2.0018      9.228   125.9595 2.2457e+02     3.0190      0.753      1.092    24.6545 0.0000e+00
      0.720     -0.130     9.0046    111.329     37.967  37.677068     2.0071      9.240   123.9594 2.0831e+02     3.0355      0.716      1.039    24.6875 0.0000e+00
      0.659     -0.150     9.1275    110.895     37.945  37.658042     1.9775      9.258   122.8901 1.9255e+02     2.9085      0.648      0.940    24.6882 0.0000e+00
      0.591     -0.151     9.2263    110.261     37.916  37.650081     1.9521      9.279   122.8395 1.7959e+02     2.8158      0.573      0.831    24.6524 0.0000e+00
      0.540     -0.134     9.2761    109.714     37.881  37.644298     1.9583      9.300   122.9180 1.7065e+02     2.8716      0.517      0.751    24.6226 0.0000e+00
      0.516     -0.101     9.2805    109.449     37.869  37.651632     1.9193      9.322   122.8061 1.6620e+02     2.9339      0.501      0.727    24.6070 0.0000e+00
      0.509     -0.061     9.2349    109.572     37.887  37.675329     1.7953      9.344   122.7767 1.6732e+02     2.8520      0.500      0.726    24.6055 0.0000e+00
      0.503     -0.028     9.1666    110.013     37.894  37.677003     1.7410      9.362   122.8208 1.7423e+02     2.8379      0.493      0.715    24.6406 0.0000e+00
      0.501     -0.013     9.1095    110.566     37.894  37.671860     1.7626      9.377   122.4792 1.8210e+02     2.9680      0.487      0.707    24.6871 0.0000e+00
      0.506     -0.018     9.0776    111.038     37.900  37.676591     1.7397      9.389   121.5721 1.8639e+02     2.9910      0.493      0.716    24.7146 0.0000e+00
      0.515     -0.038     9.0891    111.291     37.897  37.670743     1.7060      9.401   120.4571 1.8798e+02     2.8756      0.509      0.738    24.7219 0.0000e+00
      0.514     -0.063     9.1359    111.291     37.897  37.664608     1.7047      9.411   119.8387 1.8475e+02     2.8025      0.512      0.743    24.7077 0.0000e+00
      0.492     -0.084     9.1888    111.130     37.904  37.665868     1.7324      9.423   119.7730 1.7497e+02     2.8587      0.490      0.711    24.6966 0.0000e+00
      0.451     -0.096     9.2316    110.916     37.929  37.685965     1.7585      9.439   119.9213 1.6254e+02     2.9751      0.445      0.646    24.7008 0.0000e+00
      0.405     -0.095     9.2553    110.704     37.962  37.717225     1.8287      9.457   120.1688 1.5265e+02     3.0486      0.393      0.569    24.6962 0.0000e+00
      0.369     -0.079     9.2529    110.489     37.965  37.726558     1.9653      9.475   120.3560 1.4871e+02     3.0643      0.354      0.514    24.6860 0.0000e+00
      0.353     -0.051     9.2373    110.308     37.961  37.735361     2.0278      9.492   120.7227 1.4877e+02     3.0277      0.341      0.495    24.6799 0.0000e+00
      0.353     -0.019     9.2188    110.258     37.970  37.760220     2.0272      9.507   121.3331 1.5044e+02     3.0498      0.345      0.500    24.6722 0.0000e+00
      0.361      0.008     9.2035    110.411     37.964  37.773334     1.9331      9.521   121.9708 1.5489e+02     3.0590      0.353      0.513    24.6671 0.0000e+00
      0.372      0.023     9.1829    110.746     37.939  37.767034     1.7058      9.534   122.4966 1.6093e+02     2.9675      0.364      0.528    24.6777 0.0000e+00
      0.383      0.024     9.1605    111.199     37.905  37.747532     1.5505      9.545   122.4427 1.6497e+02     2.9002      0.376      0.545    24.6974 0.0000e+00
      0.394      0.017     9.1512    111.756     37.885  37.727923     1.5126      9.556   121.6627 1.6481e+02     2.8255      0.388      0.563    24.7158 0.0000e+00
      0.399      0.008     9.1596    112.378     37.899  37.720312     1.5882      9.566   120.8954 1.6116e+02     2.8496      0.395      0.573    24.7422 0.0000e+00
      0.398     -0.000     9.1865    112.858     37.934  37.718936     1.7576      9.577   120.6513 1.5638e+02     2.9194      0.393      0.569    24.7703 0.0000e+00
      0.390     -0.007     9.2198    112.948     37.959  37.711223     1.8463      9.591   120.6040 1.5267e+02     2.9183      0.384      0.556    24.7918 0.0000e+00
      0.382     -0.017     9.2639    112.589     37.955  37.690463     1.8284      9.607   119.7209 1.5218e+02     2.9380      0.372      0.539    24.7989 0.0000e+00
      0.379     -0.032     9.3281    111.933     37.926  37.658264     1.7413      9.626   117.9751 1.5455e+02     2.9527      0.369      0.534    24.7682 0.0000e+00
      0.382     -0.047     9.3884    111.173     37.901  37.639179     1.6330      9.649   116.9626 1.5670e+02     3.0281      0.378      0.547    24.7055 0.0000e+00
      0.378     -0.060     9.4057    110.462     37.901  37.650090     1.6005      9.675   116.7711 1.5712e+02     3.0296      0.379      0.549    24.6574 0.0000e+00
      0.354     -0.065     9.3725    109.937     37.902  37.663299     1.5980      9.705   116.6054 1.5769e+02     2.8684      0.353      0.513    24.6417 0.0000e+00
      0.317     -0.062     9.3125    109.683     37.903  37.671998     1.5698      9.739   116.5077 1.5904e+02     2.7866      0.308      0.446    24.6372 0.0000e+00
      0.286     -0.052     9.2445    109.674     37.919  37.691818     1.5596      9.770   116.7085 1.6145e+02     2.8605      0.272      0.395    24.6448 0.0000e+00
      0.273     -0.032     9.1776    109.845     37.934  37.712588     1.5822      9.795   117.3132 1.6526e+02     2.9760      0.261      0.379    24.6642 0.0000e+00
      0.277     -0.008     9.1278    110.145     37.945  37.732767     1.6104      9.818   117.8817 1.6951e+02     2.9532      0.268      0.389    24.6811 0.0000e+00
      0.290      0.011     9.1064    110.507     37.954  37.745449     1.6096      9.840   117.9039 1.7498e+02     2.8246      0.284      0.412    24.6925 0.0000e+00
      0.302      0.014     9.1081    110.864     37.954  37.739019     1.6056      9.863   117.4101 1.7869e+02     2.7873      0.298      0.432    24.6934 0.0000e+00
      0.311     -0.002     9.1219    111.145     37.944  37.718469     1.6452      9.888   116.8153 1.7758e+02     2.8780      0.306      0.444    24.6981 0.0000e+00
      0.316     -0.033     9.1458    111.224     37.922  37.687327     1.6967      9.914   115.9600 1.7727e+02     2.9987      0.313      0.454    24.7186 0.0000e+00
      0.311     -0.071     9.1776    111.051     37.918  37.679744     1.7206      9.940   114.8123 1.7966e+02     2.9823      0.312      0.452    24.7243 0.0000e+00
      0.287     -0.105     9.2091    110.697     37.925  37.690242     1.7093      9.967   114.2963 1.8041e+02     2.8509      0.289      0.419    24.7109 0.0000e+00
      0.244     -0.128     9.2416    110.330     37.914  37.687347     1.6764      9.994   115.5717 1.7877e+02     2.7764      0.241      0.350    24.6981 0.0000e+00
      0.193     -0.138     9.2510    110.106     37.927  37.708213     1.6727     10.019   129.0278 1.7678e+02     2.8334      0.189      0.274    24.6826 0.0000e+00
      0.143     -0.134     9.2364    110.046     37.967  37.752188     1.7067     10.044   142.8581 1.7603e+02     2.9932      0.136      0.198    24.6755 0.0000e+00
      0.106     -0.119     9.2007    110.109     37.979  37.774850     1.7137     10.069   134.7195 1.7630e+02     3.0350      0.096      0.139    24.6805 0.0000e+00
      0.085     -0.101     9.1607    110.238     37.977  37.791875     1.6812     10.093   125.4399 1.7753e+02     2.8949      0.080      0.116    24.6954 0.0000e+00
      0.074     -0.084     9.1419    110.414     37.992  37.831160     1.6798     10.116   137.8642 1.7882e+02     2.8709      0.073      0.106    24.7084 0.0000e+00
      0.063     -0.072     9.1370    110.637     37.997  37.869139     1.7061     10.142   162.5067 1.7875e+02     2.9836      0.065      0.093    24.7061 0.0000e+00
      0.044     -0.062     9.1438    110.950     37.959  37.870392     1.6326     10.172   176.8873 1.7652e+02     3.0278      0.046      0.066    24.7207 0.0000e+00
      0.020     -0.055     9.1476    111.369     37.901  37.846372     1.4574     10.200   178.8941 1.7656e+02     2.9613      0.016      0.024    24.7505 0.0000e+00
      0.000     -0.045     9.1598    111.849     37.867  37.832587     1.3431     10.225   179.3720 1.7746e+02     2.8621     -0.003     -0.005    24.7776 0.0000e+00
     -0.010     -0.031     9.1681    112.349     37.858  37.830663     1.3415     10.245   179.5675 1.7109e+02     2.8884     -0.012     -0.017    24.8217 0.0000e+00
     -0.013     -0.014     9.1828    112.783     37.853  37.823113     1.4294     10.262   179.5379 1.6603e+02     3.0063     -0.016     -0.022    24.8800 0.0000e+00
     -0.011      0.001     9.2130    113.092     37.838  37.804751     1.5569     10.278   178.5839 1.6912e+02     3.0914     -0.012     -0.017    24.9283 0.0000e+00
     -0.005      0.012     9.2466    113.300     37.836  37.799010     1.6012     10.293   167.5168 1.6791e+02     3.0294     -0.005     -0.007    24.9550 0.0000e+00
      0.000      0.016     9.2917    113.459     37.857  37.817141     1.5665     10.305   146.2195 1.5737e+02     2.8714      0.000     -0.000    24.9615 0.0000e+00
      0.005      0.010     9.3298    113.528     37.875  37.833611     1.5611     10.312   137.3825 1.4581e+02     2.8880      0.005      0.007    24.9557 0.0000e+00
      0.012     -0.005     9.3559    113.423     37.913  37.871241     1.5524     10.319   149.9785 1.3949e+02     2.9573      0.011      0.016    24.9490 0.0000e+00
      0.017     -0.029     9.3710    113.262     37.988  37.954839     1.4954     10.332   166.5326 1.4015e+02     2.8899      0.019      0.027    24.9446 0.0000e+00
      0.014     -0.057     9.3854    113.193     38.031  38.019475     1.4539     10.349   172.3409 1.5155e+02     2.8242      0.019      0.029    24.9417 0.0000e+00
     -0.006     -0.087     9.3979    113.244     37.997  38.018227     1.4336     10.370   173.0573 1.7895e+02     2.8460      0.002      0.003    24.9387 0.0000e+00
     -0.042     -0.122     9.3848    113.480     37.952  38.003249     1.3841     10.396   177.0011 2.1437e+02     2.9492     -0.039     -0.056    24.9360 0.0000e+00
     -0.082     -0.158     9.3610    113.686     37.955  38.028789     1.2951     10.423   181.3081 2.9504e+02     2.9783     -0.086     -0.123    24.9438 0.0000e+00
     -0.120     -0.188     9.3575    113.673     37.980  38.073246     1.2411     10.445   182.8003 7.2214e+02     2.8905     -0.115     -0.166    24.9732 0.0000e+00
     -0.167     -0.211     9.3424    113.700     37.982  38.096619     1.2384     10.462   181.1048 1.2009e+03     2.8446     -0.154     -0.224    25.0234 0.0000e+00
     -0.232     -0.228     9.3630    113.698     37.987  38.121054     1.2129     10.476   172.8539 1.0666e+03     2.9014     -0.227     -0.330    25.0669 0.0000e+00
     -0.302     -0.241     9.3935    113.408     38.024  38.178352     1.1738     10.489   161.0771 1.0095e+03     2.9960     -0.300     -0.434    25.0902 0.0000e+00
     -0.367     -0.243     9.3630    112.891     38.043  38.218322     1.1399     10.499   158.0488 1.5731e+03     2.9637     -0.360     -0.523    25.1156 0.0000e+00
     -0.431     -0.227     9.3676    112.201     38.025  38.223631     1.1024     10.510   161.3628 2.0526e+03     2.8182     -0.422     -0.613    25.1455 0.0000e+00
     -0.497     -0.194     9.3793    111.352     38.021  38.242577     1.1204     10.520   160.0191 2.1057e+03     2.6719     -0.486     -0.704    25.1711 0.0000e+00
     -0.557     -0.157     9.3387    110.228     38.015  38.257060     1.2151     10.523   145.5882 2.0103e+03     2.6292     -0.555     -0.806    25.1960 0.0000e+00
     -0.595     -0.124     9.2955    108.793     37.951  38.208405     1.2995     10.522   122.5639 1.9644e+03     2.7463     -0.599     -0.868    25.2242 0.0000e+00
     -0.603     -0.094     9.2299    107.378     37.453  37.717775     1.3084     10.523   111.0145 1.9490e+03     2.7892     -0.594     -0.861    25.2548 0.0000e+00
     -0.603     -0.066     9.1571    105.984     32.155  32.388373     1.2811     10.526   110.5696 1.9267e+03     3.1144     -0.583     -0.845    25.2857 0.0000e+00
     -0.617     -0.045     9.0727    104.476     20.240  20.387907     1.3443     10.528   110.3876 1.8835e+03     4.4918     -0.600     -0.872    25.3149 0.0000e+00
     -0.639     -0.034     8.9245    103.157     10.117  10.190879     1.4902     10.531   110.1906 1.7575e+03     6.1547     -0.632     -0.917    25.3353 0.0000e+00
     -0.652     -0.029     8.8142    102.694      6.306   6.349944     1.5631     10.534   110.5967 1.5192e+03     6.8931     -0.643     -0.932    25.3495 0.0000e+00
     -0.654     -0.023     8.7069    103.469      5.029   5.062559     1.5182     10.536   112.0275 1.2822e+03     6.8613     -0.641     -0.931    25.3597 0.0000e+00
     -0.654     -0.014     8.5714    104.830      4.166   4.191614     1.1550     10.536   113.3801 9.5598e+02     5.9402     -0.642     -0.930    25.3610 0.0000e+00
     -0.654     -0.005     8.4453    105.880      3.907   3.928333     0.5520     10.535   113.1844 4.9383e+02     4.3977     -0.641     -0.931    25.3559 0.0000e+00
     -0.654     -0.001     8.3829    106.353      4.266   4.286515     0.2363     10.534   112.7599 2.4790e+02     3.5151     -0.642     -0.932    25.3445 0.0000e+00
     -0.654 -4.777e-10     8.4816    106.411      4.511   4.531356     0.1837     10.534   113.2377 2.1743e+02     3.2622     -0.642     -0.931    25.3236 0.0000e+00
     -0.654 -5.255e-09     8.6306    106.257      5.031   5.051575     0.1074     10.534   113.7990 1.8379e+02     3.0133     -0.641     -0.929    25.2977 0.0000e+00
     -0.654 -5.780e-08     8.7233    105.897     10.919  10.956497     0.0049     10.531   114.0403 1.6100e+02     2.7267     -0.641     -0.930    25.2707 0.0000e+00
     -0.654 -5.780e-08     8.7604    105.102     23.691  23.762499    -0.0659     10.527   114.0894 1.5738e+02     2.5292     -0.642     -0.931    25.2452 0.0000e+00
     -0.654 -5.255e-09     8.7603    103.580     34.147  34.237414    -0.0995     10.524   114.2212 1.5495e+02     2.4021     -0.641     -0.930    25.2245 0.0000e+00
     -0.654 -4.778e-10     8.7504    101.239     37.458  37.542851    -0.1011     10.522   114.6011 1.4876e+02     2.2834     -0.641     -0.930    25.2039 0.0000e+00
