Data/DataNotYetUploadedToEDI/Raw_CTD/RawDownloads/082525_fcr20_S7809003.cnv
* Sea-Bird SBE19plus  Data File:
* FileName = C:\R\Reservoirs\Data\DataNotYetUploadedToEDI\Raw_CTD\RawDownloads\082525_fcr50_S7809_0003.hex
* Software version 2.8.0.119
* Temperature SN = 7809
* Conductivity SN = 7809
* System UpLoad Time = Aug 26 2025 10:28:45
* <ApplicationData>
* <Seaterm232>
# nquan = 15
# nvalues = 984                         
# units = specified
# name 0 = depFM: Depth [fresh water, m]
# name 1 = dz/dtM: Descent Rate [m/s]
# name 2 = sbeox0Mg/L: Oxygen, SBE 43 [mg/l]
# name 3 = sbeox0PS: Oxygen, SBE 43 [% saturation]
# name 4 = specc: Specific Conductance [uS/cm]
# name 5 = c0uS/cm: Conductivity [uS/cm]
# name 6 = flECO-AFL: Fluorescence, WET Labs ECO-AFL/FL [mg/m^3]
# name 7 = ph: pH
# name 8 = orp: Oxidation Reduction Potential [mV]
# name 9 = par/sat/log: PAR/Logarithmic, Satlantic
# name 10 = turbWETntu0: Turbidity, WET Labs ECO [NTU]
# name 11 = prdM: Pressure, Strain Gauge [db]
# name 12 = prdE: Pressure, Strain Gauge [psi]
# name 13 = tv290C: Temperature [ITS-90, deg C]
# name 14 = flag:  0.000e+00
# span 0 =     -0.654,      3.268       
# span 1 =     -0.293,      0.317       
# span 2 =    -0.1477,    10.3229       
# span 3 =     -1.185,    124.314       
# span 4 =      2.093,     85.622       
# span 5 =   1.990750,  72.722870       
# span 6 =    -0.1226,    27.5254       
# span 7 =      8.363,     10.881       
# span 8 = -1231.1487,   182.8003       
# span 9 = 1.0635e+01, 2.1057e+03       
# span 10 =     1.3281,    89.5032      
# span 11 =     -0.643,      3.207      
# span 12 =     -0.932,      4.651      
# span 13 =    17.4523,    25.3610      
# span 14 = 0.0000e+00, 0.0000e+00      
# interval = seconds: 0.25
# start_time = Aug 25 2025 13:18:44 [Instrument's time stamp, header]
# bad_flag = -9.990e-29
*END*
     -0.653      0.000     7.8710     91.128      2.093   1.990750     0.0282      8.431 -1231.1487 2.0656e+02     1.4917     -0.641     -0.929    22.5386 0.0000e+00
     -0.653      0.001     7.8713     91.166      2.190   2.082856     0.0023      8.395 -1135.1809 2.4395e+02     1.3631     -0.641     -0.930    22.5416 0.0000e+00
     -0.653      0.007     7.8753     91.157      2.680   2.552381    -0.0063      8.363  -732.0568 2.7243e+02     1.3281     -0.641     -0.929    22.5438 0.0000e+00
     -0.653      0.023     7.8777     91.133      6.489   6.210821     0.1491      8.440  -162.0950 2.8329e+02     1.6487     -0.641     -0.929    22.5481 0.0000e+00
     -0.653      0.049     7.8851     91.125     17.953  17.297119     0.4249      8.596   112.2611 3.1131e+02     2.1661     -0.640     -0.928    22.5477 0.0000e+00
     -0.649      0.085     7.8877     91.091     31.698  30.735935     0.5560      8.746   116.2631 3.6072e+02     2.3221     -0.642     -0.931    22.5543 0.0000e+00
     -0.629      0.127     7.8879     91.156     37.945  37.065934     0.5773      8.875    88.6572 3.8598e+02     2.2721     -0.628     -0.911    22.5498 0.0000e+00
     -0.585      0.176     7.8781     91.417     38.483  37.896407     0.7825      8.993    72.7349 3.7645e+02     2.5513     -0.577     -0.837    22.5692 0.0000e+00
     -0.527      0.231     7.8403     91.661     38.300  37.985557     1.1478      9.105    61.7549 3.8216e+02     3.0338     -0.520     -0.753    22.8566 0.0000e+00
     -0.462      0.281     7.7579     91.933     37.992  37.890412     1.3240      9.215    54.3275 4.1968e+02     3.1861     -0.453     -0.656    23.3666 0.0000e+00
     -0.390      0.311     7.6821     92.464     37.722  37.761613     1.3151      9.320    54.5151 4.3192e+02     3.0261     -0.389     -0.565    23.8391 0.0000e+00
     -0.297      0.317     7.6655     93.226     37.577  37.697572     1.4141      9.412    55.5920 3.7914e+02     3.0133     -0.305     -0.443    24.2486 0.0000e+00
     -0.183      0.305     7.6281     94.056     37.525  37.687314     1.6299      9.489    56.7649 3.1005e+02     3.1682     -0.170     -0.246    24.6125 0.0000e+00
     -0.088      0.281     7.5987     94.841     37.519  37.701097     1.7609      9.551    57.9419 2.6494e+02     3.1906     -0.069     -0.101    24.8961 0.0000e+00
     -0.027      0.248     7.6223     95.537     37.484  37.673882     1.7666      9.603    59.0681 1.9906e+02     3.0790     -0.022     -0.033    25.0738 0.0000e+00
      0.014      0.208     7.6762     96.152     37.428  37.612087     1.7652      9.647    60.1436 1.2726e+02     3.0136      0.015      0.022    25.1732 0.0000e+00
      0.050      0.167     7.7421     96.713     37.419  37.588484     1.7935      9.689    61.1369 9.5684e+01     3.0158      0.049      0.070    25.2180 0.0000e+00
      0.088      0.133     7.8036     97.156     37.427  37.578838     1.8088      9.730    61.9578 8.8449e+01     3.0368      0.084      0.122    25.2392 0.0000e+00
      0.127      0.107     7.8598     97.404     37.423  37.558878     1.8256      9.770    62.7562 9.3100e+01     2.9601      0.129      0.187    25.2561 0.0000e+00
      0.158      0.086     7.9081     97.459     37.415  37.537492     1.8219      9.805    63.7346 1.0464e+02     2.8056      0.161      0.234    25.2444 0.0000e+00
      0.175      0.067     7.9621     97.373     37.399  37.510602     1.7808      9.836    64.5815 1.1584e+02     2.8095      0.174      0.253    25.2187 0.0000e+00
      0.180      0.050     8.0044     97.236     37.384  37.487555     1.7531      9.867    65.0800 1.2241e+02     2.9728      0.178      0.259    25.1977 0.0000e+00
      0.182      0.037     8.0272     97.093     37.349  37.449194     1.7444      9.897    65.6325 1.2894e+02     3.0718      0.176      0.256    25.1741 0.0000e+00
      0.188      0.027     8.0342     96.976     37.328  37.427502     1.7428      9.927    66.4426 1.3716e+02     2.9822      0.182      0.264    25.1552 0.0000e+00
      0.200      0.019     8.0243     96.889     37.378  37.479087     1.7420      9.953    67.3038 1.4488e+02     2.8114      0.196      0.285    25.1418 0.0000e+00
      0.210      0.014     8.0149     96.779     37.459  37.565276     1.7765      9.976    68.0440 1.5884e+02     2.8175      0.208      0.301    25.1308 0.0000e+00
      0.214      0.009     8.0027     96.729     37.530  37.644705     1.8277      9.996    68.6806 1.6544e+02     2.9867      0.213      0.308    25.1268 0.0000e+00
      0.211      0.005     7.9914     96.907     37.555  37.678016     1.8363     10.015    69.3225 1.5339e+02     3.0815      0.209      0.303    25.1249 0.0000e+00
      0.203      0.003     7.9886     97.254     37.519  37.650778     1.7967     10.035    69.8687 1.4109e+02     3.0073      0.199      0.288    25.1269 0.0000e+00
      0.199      0.003     7.9759     97.600     37.490  37.632658     1.7404     10.054    70.2945 1.3724e+02     2.8753      0.192      0.279    25.1356 0.0000e+00
      0.204      0.004     7.9608     97.882     37.495  37.649313     1.7303     10.070    70.7713 1.4012e+02     2.8856      0.198      0.287    25.1464 0.0000e+00
      0.213      0.005     7.9772     97.920     37.498  37.661794     1.7657     10.084    71.2449 1.5852e+02     3.0297      0.210      0.305    25.1566 0.0000e+00
      0.218      0.005     8.0134     97.517     37.485  37.656675     1.7856     10.098    71.7187 1.8944e+02     3.1145      0.216      0.314    25.1695 0.0000e+00
      0.218      0.002     8.0354     96.734     37.473  37.650888     1.7618     10.111    72.2839 2.1442e+02     3.0222      0.215      0.311    25.1851 0.0000e+00
      0.214     -0.003     8.0639     95.728     37.471  37.655282     1.7206     10.123    72.9161 2.3041e+02     2.8364      0.209      0.302    25.2007 0.0000e+00
      0.211     -0.007     8.0742     94.593     37.458  37.646361     1.7203     10.133    73.5125 2.2800e+02     2.8154      0.207      0.300    25.2141 0.0000e+00
      0.208     -0.008     8.0352     93.509     37.418  37.606483     1.7579     10.142    73.9880 2.2245e+02     2.9044      0.204      0.296    25.2234 0.0000e+00
      0.206     -0.006     7.9633     92.723     37.367  37.553844     1.7596     10.152    74.4500 2.2923e+02     2.8533      0.201      0.292    25.2317 0.0000e+00
      0.204     -0.003     7.8787     92.250     37.334  37.517551     1.7244     10.163    74.9677 2.2078e+02     2.7789      0.200      0.290    25.2401 0.0000e+00
      0.204      0.002     7.7807     91.985     37.306  37.484926     1.7069     10.173    75.4301 2.1615e+02     2.7909      0.200      0.290    25.2456 0.0000e+00
      0.204      0.007     7.6788     91.887     37.239  37.413189     1.7386     10.185    75.8251 2.1580e+02     2.8948      0.200      0.290    25.2472 0.0000e+00
      0.205      0.010     7.6168     91.880     37.182  37.348177     1.7919     10.197    76.1296 1.9970e+02     3.0447      0.200      0.290    25.2445 0.0000e+00
      0.210      0.010     7.5840     91.816     37.176  37.333398     1.8012     10.209    76.3580 1.8223e+02     3.0661      0.204      0.296    25.2393 0.0000e+00
      0.217      0.009     7.5615     91.618     37.211  37.361397     1.7851     10.219    76.8664 1.5647e+02     3.0173      0.213      0.308    25.2344 0.0000e+00
      0.222      0.007     7.5565     91.317     37.284  37.432887     1.7964     10.229    77.6308 1.3344e+02     3.0350      0.219      0.318    25.2298 0.0000e+00
      0.222      0.005     7.5625     90.955     37.350  37.499778     1.8461     10.238    78.2873 1.2214e+02     3.0753      0.219      0.318    25.2196 0.0000e+00
      0.218      0.003     7.5630     90.560     37.386  37.535630     1.8785     10.247    78.8668 1.1061e+02     2.9931      0.214      0.311    25.2029 0.0000e+00
      0.215      0.001     7.5451     90.059     37.403  37.549103     1.8551     10.255    79.3885 1.0049e+02     2.8270      0.209      0.303    25.1930 0.0000e+00
      0.216      0.000     7.5200     89.317     37.397  37.535758     1.8386     10.263    79.6912 9.6300e+01     2.8425      0.211      0.305    25.1932 0.0000e+00
      0.220      0.000     7.4881     88.389     37.370  37.501177     1.8441     10.270    79.8598 9.6746e+01     3.0097      0.216      0.313    25.1957 0.0000e+00
      0.223     -0.002     7.4565     87.529     37.324  37.448239     1.8390     10.277    80.0502 9.8835e+01     3.0722      0.219      0.318    25.1957 0.0000e+00
      0.223     -0.007     7.4243     86.997     37.284  37.403316     1.8195     10.285    80.2725 1.0179e+02     2.9497      0.220      0.318    25.1902 0.0000e+00
      0.219     -0.012     7.3615     86.920     37.287  37.402190     1.7989     10.293    80.5689 1.0302e+02     2.7915      0.216      0.314    25.1801 0.0000e+00
      0.214     -0.017     7.2782     87.320     37.322  37.434617     1.8141     10.300    80.9669 1.0385e+02     2.8333      0.210      0.306    25.1695 0.0000e+00
      0.207     -0.019     7.1998     88.172     37.368  37.478119     1.8457     10.307    81.2989 1.0464e+02     3.0120      0.203      0.294    25.1605 0.0000e+00
      0.198     -0.017     7.1538     89.356     37.377  37.483980     1.8558     10.314    81.4852 1.0384e+02     3.1071      0.194      0.281    25.1529 0.0000e+00
      0.192     -0.013     7.1484     90.714     37.338  37.442025     1.8453     10.320    81.6702 1.0369e+02     3.0262      0.187      0.272    25.1480 0.0000e+00
      0.190     -0.007     7.1813     92.119     37.313  37.415023     1.8112     10.327    81.8160 1.0497e+02     2.8540      0.185      0.269    25.1448 0.0000e+00
      0.191     -0.000     7.2562     93.439     37.312  37.411310     1.7927     10.333    82.0437 1.0606e+02     2.8359      0.187      0.271    25.1415 0.0000e+00
      0.194      0.006     7.3597     94.533     37.301  37.397131     1.8124     10.340    82.5307 1.0535e+02     2.9439      0.189      0.274    25.1378 0.0000e+00
      0.197      0.011     7.4746     95.318     37.278  37.370481     1.8330     10.347    82.9714 1.0295e+02     2.9975      0.193      0.280    25.1343 0.0000e+00
      0.199      0.014     7.5948     95.740     37.255  37.342906     1.8419     10.352    83.2414 1.0007e+02     2.9721      0.196      0.284    25.1310 0.0000e+00
      0.203      0.015     7.7094     95.776     37.234  37.317536     1.8455     10.356    83.5591 9.9094e+01     2.8761      0.199      0.287    25.1271 0.0000e+00
      0.208      0.015     7.8012     95.467     37.237  37.317536     1.8593     10.360    83.9733 1.0118e+02     2.8618      0.204      0.295    25.1237 0.0000e+00
      0.214      0.014     7.8685     94.921     37.265  37.342897     1.8924     10.364    84.3780 1.0363e+02     2.9696      0.210      0.305    25.1194 0.0000e+00
      0.219      0.013     7.9055     94.310     37.295  37.370355     1.9132     10.370    84.5804 1.0573e+02     3.0183      0.216      0.313    25.1117 0.0000e+00
      0.221      0.012     7.9077     93.764     37.325  37.395719     1.8938     10.375    84.6135 1.1227e+02     3.0062      0.218      0.316    25.1050 0.0000e+00
      0.221      0.011     7.8807     93.283     37.331  37.395739     1.8579     10.381    84.7787 1.2268e+02     3.0632      0.216      0.314    25.1009 0.0000e+00
      0.223      0.009     7.8299     92.815     37.311  37.370596     1.8623     10.386    85.1142 1.3196e+02     3.1945      0.217      0.316    25.0983 0.0000e+00
      0.226      0.006     7.7751     92.355     37.292  37.345519     1.8964     10.390    85.4013 1.4942e+02     3.2963      0.222      0.321    25.0953 0.0000e+00
      0.230      0.004     7.7322     91.994     37.297  37.346339     1.8882     10.395    85.5820 1.8355e+02     3.2687      0.227      0.328    25.0893 0.0000e+00
      0.231      0.004     7.6953     91.860     37.336  37.380513     1.8462     10.400    85.8370 2.2098e+02     3.1345      0.229      0.332    25.0818 0.0000e+00
      0.231      0.005     7.6588     91.979     37.339  37.377987     1.8299     10.405    86.1613 2.5642e+02     3.0743      0.227      0.331    25.0740 0.0000e+00
      0.229      0.007     7.6187     92.200     37.285  37.315784     1.8490     10.411    86.4915 2.8923e+02     3.1208      0.224      0.325    25.0662 0.0000e+00
      0.229      0.007     7.5850     92.314     37.242  37.262944     1.8525     10.416    86.9043 2.9741e+02     3.0475      0.222      0.321    25.0595 0.0000e+00
      0.233      0.007     7.5734     92.255     37.232  37.246719     1.8065     10.420    87.2807 2.8684e+02     2.8370      0.227      0.330    25.0539 0.0000e+00
      0.239      0.006     7.5890     92.122     37.236  37.246502     1.7662     10.425    87.5156 2.8064e+02     2.7280      0.236      0.343    25.0483 0.0000e+00
      0.243      0.003     7.6170     92.041     37.251  37.260323     1.7651     10.430    87.7650 2.5652e+02     2.7880      0.241      0.349    25.0377 0.0000e+00
      0.243     -0.002     7.6305     92.054     37.279  37.286916     1.8015     10.435    88.1460 2.1828e+02     2.9142      0.239      0.347    25.0214 0.0000e+00
      0.241     -0.005     7.6226     92.105     37.309  37.314224     1.8401     10.439    88.5085 2.1222e+02     2.9215      0.236      0.342    25.0110 0.0000e+00
      0.236     -0.004     7.6081     92.119     37.335  37.336676     1.8407     10.444    88.8773 2.2311e+02     2.8429      0.232      0.337    25.0080 0.0000e+00
      0.231      0.007     7.5997     91.984     37.307  37.304563     1.8507     10.451    89.4221 2.2257e+02     2.9195      0.225      0.327    25.0070 0.0000e+00
      0.227      0.026     7.6041     91.659     37.187  37.179757     1.8692     10.459    90.0190 2.2289e+02     3.0969      0.220      0.319    25.0053 0.0000e+00
      0.230      0.047     7.6105     91.355     37.042  37.033259     1.8561     10.467    90.5016 2.2554e+02     3.2111      0.222      0.323    25.0012 0.0000e+00
      0.245      0.063     7.6150     91.184     36.937  36.929238     1.8253     10.473    90.8695 2.1924e+02     3.1730      0.233      0.338    24.9956 0.0000e+00
      0.276      0.071     7.6108     90.940     36.886  36.873832     1.7967     10.480    91.1984 2.0174e+02     3.0115      0.268      0.388    24.9902 0.0000e+00
      0.311      0.070     7.5733     90.520     36.897  36.870970     1.8098     10.488    91.5520 1.8627e+02     2.9668      0.311      0.452    24.9836 0.0000e+00
      0.335      0.059     7.5426     90.080     36.937  36.894606     1.8663     10.494    91.9616 1.7750e+02     3.0764      0.332      0.482    24.9781 0.0000e+00
      0.345      0.041     7.5401     89.811     36.957  36.905776     1.9056     10.499    92.3646 1.7017e+02     3.1071      0.341      0.494    24.9853 0.0000e+00
      0.347      0.021     7.5231     89.805     36.932  36.879116     1.8941     10.504    92.7258 1.6700e+02     2.9619      0.342      0.496    24.9847 0.0000e+00
      0.342      0.006     7.4845     89.982     36.878  36.826066     1.8518     10.510    93.0598 1.6848e+02     2.7900      0.336      0.487    24.9587 0.0000e+00
      0.337     -0.001     7.4464     90.114     36.825  36.771977     1.8438     10.516    93.3917 1.7370e+02     2.8046      0.330      0.478    24.9326 0.0000e+00
      0.335     -0.003     7.4222     90.033     36.789  36.732752     1.8722     10.521    93.7269 1.8202e+02     2.8991      0.328      0.475    24.9214 0.0000e+00
      0.336     -0.002     7.4234     89.714     36.792  36.732503     1.8880     10.525    94.0153 1.8847e+02     2.9423      0.329      0.477    24.9222 0.0000e+00
      0.339      0.000     7.4467     89.196     36.831  36.768960     1.8769     10.528    94.2978 1.9029e+02     2.9513      0.333      0.483    24.9260 0.0000e+00
      0.340      0.000     7.4632     88.521     36.855  36.792830     1.8543     10.533    94.5603 1.9529e+02     2.9058      0.335      0.486    24.9237 0.0000e+00
