Data/DataNotYetUploadedToEDI/Raw_CTD/RawDownloads/082525_fcr40_S7809005.cnv
* Sea-Bird SBE19plus  Data File:
* FileName = C:\R\Reservoirs\Data\DataNotYetUploadedToEDI\Raw_CTD\RawDownloads\082525_fcr50_S7809_0005.hex
* Software version 2.8.0.119
* Temperature SN = 7809
* Conductivity SN = 7809
* System UpLoad Time = Aug 26 2025 10:30:26
* <ApplicationData>
* <Seaterm232>
# nquan = 15
# nvalues = 1753                        
# units = specified
# name 0 = depFM: Depth [fresh water, m]
# name 1 = dz/dtM: Descent Rate [m/s]
# name 2 = sbeox0Mg/L: Oxygen, SBE 43 [mg/l]
# name 3 = sbeox0PS: Oxygen, SBE 43 [% saturation]
# name 4 = specc: Specific Conductance [uS/cm]
# name 5 = c0uS/cm: Conductivity [uS/cm]
# name 6 = flECO-AFL: Fluorescence, WET Labs ECO-AFL/FL [mg/m^3]
# name 7 = ph: pH
# name 8 = orp: Oxidation Reduction Potential [mV]
# name 9 = par/sat/log: PAR/Logarithmic, Satlantic
# name 10 = turbWETntu0: Turbidity, WET Labs ECO [NTU]
# name 11 = prdM: Pressure, Strain Gauge [db]
# name 12 = prdE: Pressure, Strain Gauge [psi]
# name 13 = tv290C: Temperature [ITS-90, deg C]
# name 14 = flag:  0.000e+00
# span 0 =     -0.652,      5.530       
# span 1 =     -0.308,      0.291       
# span 2 =     0.0054,    11.5921       
# span 3 =      0.085,    133.415       
# span 4 =      6.872,     61.382       
# span 5 =   6.941927,  47.319163       
# span 6 =    -0.1115,    45.3851       
# span 7 =      8.227,     11.007       
# span 8 =   109.2081,   219.1221       
# span 9 = 1.3271e-01, 6.4037e+02       
# span 10 =     2.5025,   344.5294      
# span 11 =     -0.641,      5.425      
# span 12 =     -0.929,      7.868      
# span 13 =    12.1307,    25.7259      
# span 14 = 0.0000e+00, 0.0000e+00      
# interval = seconds: 0.25
# start_time = Aug 25 2025 13:42:47 [Instrument's time stamp, header]
# bad_flag = -9.990e-29
*END*
[from data line 1639]
      1.162     -0.002     9.4148    114.487     37.881  37.688224     3.7004     10.247   149.3342 4.8163e+01     2.8030      1.139      1.652    24.6686 0.0000e+00
      1.163     -0.011     9.4344    114.497     37.879  37.690409     3.6901     10.255   149.0131 4.8267e+01     2.8536      1.141      1.654    24.7017 0.0000e+00
      1.160     -0.021     9.4712    114.432     37.872  37.680762     3.5976     10.263   148.5191 4.8558e+01     2.9860      1.140      1.653    24.7192 0.0000e+00
      1.154     -0.032     9.4975    114.429     37.847  37.635032     3.3968     10.272   148.2662 4.9029e+01     3.0029      1.133      1.643    24.7330 0.0000e+00
      1.144     -0.042     9.5082    114.483     37.836  37.581646     3.2688     10.281   148.2783 4.9701e+01     2.8875      1.123      1.628    24.7418 0.0000e+00
      1.130     -0.049     9.5082    114.461     37.849  37.542852     3.2653     10.290   148.3208 5.0584e+01     2.8889      1.109      1.607    24.7452 0.0000e+00
      1.113     -0.053     9.4946    114.352     37.903  37.546622     3.2709     10.298   148.3508 5.1573e+01     2.9512      1.091      1.583    24.7492 0.0000e+00
      1.097     -0.054     9.4987    114.204     37.960  37.563706     3.2281     10.306   148.2963 5.2570e+01     2.8894      1.074      1.557    24.7268 0.0000e+00
      1.082     -0.054     9.5221    113.973     37.984  37.558986     3.1721     10.314   148.1778 5.3554e+01     2.7229      1.061      1.538    24.6622 0.0000e+00
      1.070     -0.054     9.5324    113.659     37.995  37.552966     3.1348     10.320   147.9510 5.4578e+01     2.5769      1.049      1.522    24.5870 0.0000e+00
      1.059     -0.055     9.5314    113.323     38.005  37.554360     3.1522     10.327   147.5334 5.5663e+01     2.6621      1.038      1.507    24.5199 0.0000e+00
      1.047     -0.057     9.5321    112.983     38.028  37.575832     3.2159     10.335   147.1716 5.6877e+01     2.9328      1.028      1.492    24.4677 0.0000e+00
      1.032     -0.059     9.5199    112.695     38.067  37.622215     3.2476     10.344   146.9324 5.8221e+01     3.0828      1.013      1.470    24.4307 0.0000e+00
      1.015     -0.059     9.4930    112.530     38.091  37.671000     3.2360     10.353   146.7918 5.9595e+01     3.0417      0.995      1.443    24.4074 0.0000e+00
      0.996     -0.054     9.4692    112.502     38.097  37.721537     3.2002     10.363   146.7621 6.0985e+01     2.9142      0.977      1.417    24.3990 0.0000e+00
      0.977     -0.042     9.4374    112.535     38.110  37.789141     3.1555     10.375   146.7451 6.2235e+01     2.8731      0.959      1.390    24.3985 0.0000e+00
      0.962     -0.027     9.4105    112.500     38.113  37.853918     3.1288     10.387   146.7589 6.2889e+01     2.9206      0.939      1.362    24.4016 0.0000e+00
      0.958     -0.012     9.3916    112.478     38.061  37.870285     3.1271     10.398   146.7570 6.2690e+01     2.9415      0.934      1.356    24.4326 0.0000e+00
      0.964      0.003     9.3774    112.653     37.990  37.860224     3.1099     10.407   146.6356 6.2223e+01     2.9208      0.945      1.371    24.4988 0.0000e+00
      0.973      0.014     9.3769    113.059     37.949  37.859278     2.9954     10.416   146.5818 6.1991e+01     2.9102      0.955      1.384    24.5714 0.0000e+00
      0.980      0.017     9.3556    113.640     37.924  37.858899     2.8325     10.424   146.6236 6.1824e+01     3.0178      0.962      1.394    24.6496 0.0000e+00
      0.985      0.012     9.3289    114.325     37.904  37.855674     2.7641     10.431   146.4521 6.1666e+01     3.0600      0.967      1.403    24.7454 0.0000e+00
      0.990     -0.000     9.3292    115.005     37.859  37.820317     2.7672     10.439   146.2301 6.1664e+01     2.9765      0.972      1.409    24.8346 0.0000e+00
      0.991     -0.015     9.3556    115.510     37.795  37.748683     2.7536     10.446   146.2620 6.2160e+01     2.9313      0.975      1.414    24.8849 0.0000e+00
      0.986     -0.029     9.4018    115.684     37.761  37.687553     2.7245     10.454   146.3215 6.3348e+01     2.9233      0.971      1.407    24.9083 0.0000e+00
      0.973     -0.042     9.4569    115.524     37.761  37.652256     2.7315     10.460   146.1748 6.4855e+01     2.9817      0.956      1.386    24.9314 0.0000e+00
      0.957     -0.052     9.5152    115.223     37.777  37.639133     2.7635     10.466   145.8652 6.6591e+01     2.9888      0.938      1.361    24.9528 0.0000e+00
      0.940     -0.059     9.5637    114.957     37.816  37.655750     2.7616     10.471   145.5032 6.8544e+01     2.8722      0.921      1.336    24.9445 0.0000e+00
      0.923     -0.064     9.5874    114.775     37.841  37.662784     2.7336     10.476   145.2388 7.0396e+01     2.8015      0.904      1.311    24.8996 0.0000e+00
      0.908     -0.067     9.5754    114.703     37.856  37.660698     2.7168     10.481   145.1641 7.2318e+01     2.8850      0.890      1.291    24.8465 0.0000e+00
      0.893     -0.071     9.5515    114.764     37.901  37.693946     2.7253     10.486   145.2880 7.4578e+01     3.0283      0.877      1.272    24.8068 0.0000e+00
      0.875     -0.076     9.5338    114.910     37.953  37.747493     2.6856     10.491   145.4465 7.7093e+01     2.9623      0.859      1.245    24.7824 0.0000e+00
      0.855     -0.084     9.5219    115.065     37.989  37.800490     2.5869     10.495   145.3597 7.9571e+01     2.7022      0.838      1.216    24.7604 0.0000e+00
      0.833     -0.094     9.5185    115.168     37.989  37.827123     2.5391     10.500   145.0991 8.2009e+01     2.5487      0.818      1.187    24.7353 0.0000e+00
      0.809     -0.103     9.5294    115.131     37.947  37.815727     2.5396     10.508   144.8765 8.4856e+01     2.5744      0.795      1.153    24.7143 0.0000e+00
      0.781     -0.106     9.5445    114.902     37.896  37.789659     2.5268     10.518   144.7329 8.8085e+01     2.6033      0.768      1.113    24.7141 0.0000e+00
      0.749     -0.099     9.5530    114.525     37.860  37.765790     2.4098     10.528   144.6539 9.1885e+01     2.5903      0.737      1.068    24.7401 0.0000e+00
      0.713     -0.083     9.5589    114.200     37.874  37.780971     2.2143     10.538   144.6092 9.5672e+01     2.6571      0.696      1.011    24.7795 0.0000e+00
      0.685     -0.062     9.5490    114.159     37.940  37.846305     2.1190     10.547   144.6236 9.7404e+01     2.7268      0.664      0.964    24.8238 0.0000e+00
      0.675     -0.038     9.5233    114.412     38.012  37.921183     2.1238     10.555   144.6561 9.7199e+01     2.7842      0.658      0.954    24.8611 0.0000e+00
      0.676     -0.015     9.4834    114.776     38.067  37.988307     2.1222     10.562   144.6576 9.6745e+01     2.9074      0.661      0.960    24.8751 0.0000e+00
      0.683      0.002     9.4471    115.137     38.077  38.023347     2.0743     10.567   144.7272 9.6283e+01     2.9181      0.670      0.972    24.8718 0.0000e+00
      0.690      0.012     9.4444    115.477     38.047  38.027608     2.0195     10.571   144.8089 9.5928e+01     2.8111      0.677      0.983    24.8681 0.0000e+00
      0.695      0.013     9.4737    115.753     38.024  38.039878     2.0174     10.576   144.7856 9.6059e+01     2.8441      0.682      0.990    24.8696 0.0000e+00
      0.699      0.007     9.5044    115.964     38.001  38.044847     2.0408     10.581   144.7893 9.6168e+01     3.0096      0.685      0.994    24.8834 0.0000e+00
      0.700     -0.001     9.5266    116.112     37.961  38.024280     2.0362     10.585   144.7673 9.6155e+01     3.1036      0.687      0.998    24.9175 0.0000e+00
      0.699     -0.011     9.5490    116.164     37.910  37.981600     2.0029     10.588   144.5199 9.6421e+01     3.0240      0.686      0.996    24.9698 0.0000e+00
      0.696     -0.021     9.5616    116.110     37.843  37.909555     1.9712     10.591   144.1223 9.7102e+01     2.8675      0.683      0.991    25.0200 0.0000e+00
      0.689     -0.032     9.5722    115.918     37.803  37.851185     1.9945     10.595   143.7454 9.8223e+01     2.8510      0.676      0.981    25.0564 0.0000e+00
      0.679     -0.044     9.5822    115.588     37.824  37.846930     2.0516     10.599   143.4901 9.9909e+01     2.9611      0.665      0.965    25.0833 0.0000e+00
      0.667     -0.056     9.5833    115.282     37.857  37.858074     2.0704     10.604   143.4455 1.0225e+02     3.0370      0.655      0.950    25.0950 0.0000e+00
      0.652     -0.068     9.5809    115.132     37.868  37.858984     2.0549     10.608   143.5496 1.0484e+02     2.9826      0.641      0.929    25.0890 0.0000e+00
      0.632     -0.078     9.5726    115.102     37.870  37.857922     2.0981     10.612   143.6305 1.0762e+02     2.8849      0.622      0.901    25.0620 0.0000e+00
      0.609     -0.086     9.5450    115.105     37.856  37.845230     2.2258     10.615   143.6487 1.1077e+02     2.9487      0.599      0.869    25.0209 0.0000e+00
      0.584     -0.092     9.5200    115.076     37.841  37.832436     2.2933     10.618   143.5977 1.1450e+02     3.0027      0.573      0.831    24.9901 0.0000e+00
      0.557     -0.094     9.5130    115.025     37.841  37.830138     2.2818     10.622   143.4443 1.1869e+02     2.9222      0.546      0.792    24.9785 0.0000e+00
      0.532     -0.093     9.5125    115.014     37.833  37.817448     2.2683     10.626   143.2560 1.2237e+02     2.8637      0.521      0.756    24.9772 0.0000e+00
      0.509     -0.086     9.5153    115.072     37.828  37.805913     2.2550     10.630   143.2138 1.2587e+02     2.8764      0.499      0.723    24.9802 0.0000e+00
      0.486     -0.073     9.5116    115.118     37.848  37.817564     2.2548     10.635   143.2789 1.2997e+02     2.9732      0.477      0.692    24.9831 0.0000e+00
      0.463     -0.055     9.5055    115.043     37.868  37.831399     2.2404     10.639   143.2687 1.3342e+02     2.9751      0.454      0.657    24.9816 0.0000e+00
      0.446     -0.035     9.5035    114.824     37.884  37.846274     2.2230     10.644   143.2618 1.3481e+02     2.8654      0.433      0.627    24.9760 0.0000e+00
      0.442     -0.015     9.5134    114.539     37.909  37.870502     2.2351     10.648   143.3678 1.3396e+02     2.8425      0.428      0.621    24.9659 0.0000e+00
      0.447      0.003     9.5237    114.322     37.905  37.870522     2.2542     10.653   143.4324 1.3240e+02     2.9021      0.439      0.635    24.9528 0.0000e+00
      0.456      0.017     9.5193    114.207     37.874  37.846512     2.2792     10.657   143.4403 1.3093e+02     3.0063      0.449      0.650    24.9440 0.0000e+00
      0.465      0.024     9.4996    114.131     37.857  37.834029     2.2879     10.661   143.4636 1.2926e+02     3.0094      0.456      0.661    24.9436 0.0000e+00
      0.473      0.023     9.4702    114.093     37.872  37.846511     2.2840     10.664   143.2837 1.2821e+02     2.8704      0.464      0.674    24.9426 0.0000e+00
      0.479      0.014     9.4513    114.212     37.900  37.870521     2.2987     10.668   142.9000 1.2737e+02     2.7606      0.470      0.681    24.9443 0.0000e+00
      0.483     -0.001     9.4424    114.562     37.901  37.870501     2.3238     10.671   142.6096 1.2665e+02     2.7752      0.474      0.687    24.9592 0.0000e+00
      0.485     -0.018     9.4356    115.046     37.878  37.846267     2.3470     10.674   142.4397 1.2694e+02     2.9105      0.478      0.693    24.9680 0.0000e+00
      0.480     -0.036     9.4285    115.496     37.865  37.831331     2.2955     10.677   142.3090 1.2858e+02     2.9625      0.475      0.689    24.9595 0.0000e+00
      0.467     -0.052     9.4362    115.790     37.855  37.816824     2.1761     10.679   142.2335 1.3197e+02     2.8567      0.461      0.667    24.9527 0.0000e+00
      0.447     -0.066     9.4690    115.886     37.840  37.797763     2.1182     10.681   142.2148 1.3638e+02     2.7928      0.439      0.636    24.9546 0.0000e+00
      0.424     -0.073     9.5147    115.822     37.836  37.791233     2.1357     10.683   142.3418 1.4051e+02     2.8732      0.415      0.603    24.9541 0.0000e+00
      0.401     -0.073     9.5565    115.695     37.848  37.801316     2.1548     10.687   142.4776 1.4483e+02     2.9737      0.393      0.570    24.9490 0.0000e+00
      0.379     -0.064     9.5830    115.591     37.902  37.856212     2.1244     10.690   142.4804 1.4943e+02     2.9493      0.371      0.539    24.9426 0.0000e+00
      0.360     -0.050     9.5907    115.557     37.985  37.947332     2.0680     10.692   142.4622 1.5226e+02     2.8859      0.350      0.509    24.9386 0.0000e+00
      0.349     -0.033     9.5820    115.579     38.033  38.014681     2.0477     10.695   142.4293 1.5311e+02     2.8568      0.339      0.492    24.9356 0.0000e+00
      0.346     -0.017     9.5704    115.640     38.029  38.035993     2.0612     10.699   142.2543 1.5308e+02     2.9041      0.337      0.489    24.9313 0.0000e+00
      0.346     -0.008     9.5595    115.685     37.982  38.014692     2.0742     10.702   141.5514 1.5183e+02     2.9798      0.339      0.492    24.9300 0.0000e+00
      0.350     -0.016     9.5568    115.560     37.895  37.947532     2.0543     10.706   140.4697 1.4990e+02     2.9184      0.342      0.497    24.9387 0.0000e+00
      0.356     -0.046     9.5543    115.277     37.799  37.858553     2.0123     10.711   139.8444 1.4881e+02     2.8446      0.349      0.507    24.9667 0.0000e+00
      0.359     -0.093     9.5519    115.028     37.774  37.827256     2.0154     10.716   139.7546 1.5026e+02     2.9072      0.358      0.519    25.0041 0.0000e+00
      0.343     -0.146     9.5577    114.873     37.847  37.886385     2.0420     10.722   139.6416 1.5824e+02     2.9929      0.349      0.507    25.0401 0.0000e+00
      0.293     -0.194     9.5422    114.708     37.905  37.938897     2.0260     10.728   139.2531 1.7659e+02     2.9584      0.298      0.432    25.0696 0.0000e+00
      0.213     -0.232     9.5070    114.533     37.912  37.954529     1.9881     10.734   138.9303 1.9817e+02     2.8653      0.211      0.305    25.0815 0.0000e+00
      0.124     -0.254     9.4875    114.448     37.950  38.011948     1.9510     10.740   139.0074 2.1758e+02     2.8575      0.117      0.169    25.0683 0.0000e+00
      0.048     -0.254     9.4851    114.511     38.036  38.125530     1.9185     10.745   140.2711 2.4373e+02     3.0013      0.039      0.056    25.0407 0.0000e+00
     -0.011     -0.235     9.4740    114.769     38.121  38.249129     1.9025     10.754   156.0171 2.9351e+02     3.2028     -0.012     -0.018    25.0310 0.0000e+00
     -0.065     -0.214     9.4498    115.063     38.122  38.300754     1.8997     10.764   170.6484 3.5468e+02     3.2110     -0.061     -0.090    25.0458 0.0000e+00
     -0.116     -0.205     9.4408    115.198     38.077  38.305605     1.8759     10.768   155.5946 3.9031e+02     3.0659     -0.122     -0.177    25.0725 0.0000e+00
     -0.151     -0.206     9.4344    115.293     38.101  38.371316     1.8232     10.772   139.5431 4.0940e+02     3.0534     -0.152     -0.220    25.1071 0.0000e+00
     -0.186     -0.213     9.4517    115.402     38.151  38.460763     1.7865     10.779   143.9161 4.2575e+02     3.1978     -0.168     -0.244    25.1546 0.0000e+00
     -0.248     -0.222     9.4786    115.497     38.145  38.498761     1.7650     10.785   150.4781 4.3026e+02     3.2393     -0.235     -0.341    25.2274 0.0000e+00
     -0.327     -0.234     9.4615    115.405     38.118  38.513529     1.7300     10.785   145.3208 4.2514e+02     3.1114     -0.328     -0.476    25.3017 0.0000e+00
     -0.394     -0.242     9.4656    114.853     38.084  38.512465     1.6546     10.783   135.8496 4.1220e+02     2.9839     -0.394     -0.571    25.3495 0.0000e+00
