Data/DataNotYetUploadedToEDI/Raw_CTD/RawDownloads/082525_fcr30_S7809004.cnv
* Sea-Bird SBE19plus  Data File:
* FileName = C:\R\Reservoirs\Data\DataNotYetUploadedToEDI\Raw_CTD\RawDownloads\082525_fcr50_S7809_0004.hex
* Software version 2.8.0.119
* Temperature SN = 7809
* Conductivity SN = 7809
* System UpLoad Time = Aug 26 2025 10:29:40
* <ApplicationData>
* <Seaterm232>
# nquan = 15
# nvalues = 2148                        
# units = specified
# name 0 = depFM: Depth [fresh water, m]
# name 1 = dz/dtM: Descent Rate [m/s]
# name 2 = sbeox0Mg/L: Oxygen, SBE 43 [mg/l]
# name 3 = sbeox0PS: Oxygen, SBE 43 [% saturation]
# name 4 = specc: Specific Conductance [uS/cm]
# name 5 = c0uS/cm: Conductivity [uS/cm]
# name 6 = flECO-AFL: Fluorescence, WET Labs ECO-AFL/FL [mg/m^3]
# name 7 = ph: pH
# name 8 = orp: Oxidation Reduction Potential [mV]
# name 9 = par/sat/log: PAR/Logarithmic, Satlantic
# name 10 = turbWETntu0: Turbidity, WET Labs ECO [NTU]
# name 11 = prdM: Pressure, Strain Gauge [db]
# name 12 = prdE: Pressure, Strain Gauge [psi]
# name 13 = tv290C: Temperature [ITS-90, deg C]
# name 14 = flag:  0.000e+00
# span 0 =     -0.653,      5.117       
# span 1 =     -0.341,      0.178       
# span 2 =     0.0019,    11.4232       
# span 3 =      0.046,    133.136       
# span 4 =      1.903,     79.947       
# span 5 =   1.780282,  62.228349       
# span 6 =    -0.1759,    48.4904       
# span 7 =      8.209,     10.976       
# span 8 =   110.0637,   740.3693       
# span 9 = 1.8984e-01, 2.5021e+03       
# span 10 =     0.1356,   316.9551      
# span 11 =     -0.640,      5.018      
# span 12 =     -0.928,      7.278      
# span 13 =    12.1673,    25.6809      
# span 14 = 0.0000e+00, 0.0000e+00      
# interval = seconds: 0.25
# start_time = Aug 25 2025 13:31:26 [Instrument's time stamp, header]
# bad_flag = -9.990e-29
*END*
[from data line 97]
      0.277      0.002     7.0530     84.223     37.136  37.344934     1.3120     10.763   113.5870 9.7381e+02     2.9163      0.272      0.394    25.2965 0.0000e+00
      0.277      0.002     7.0249     83.758     37.122  37.327429     1.3205     10.766   113.6713 9.5873e+02     2.9333      0.272      0.394    25.2917 0.0000e+00
      0.278      0.002     6.9937     83.241     37.097  37.298501     1.3280     10.769   113.7364 1.0378e+03     2.8348      0.272      0.395    25.2867 0.0000e+00
      0.279      0.002     6.9581     82.674     37.052  37.248985     1.3600     10.770   113.7718 1.1007e+03     2.8181      0.273      0.396    25.2815 0.0000e+00
      0.279      0.002     6.9242     82.065     37.044  37.236354     1.4010     10.771   113.8413 9.0461e+02     2.9362      0.274      0.397    25.2763 0.0000e+00
      0.280      0.003     6.8873     81.446     37.084  37.272683     1.4238     10.774   113.8883 7.8731e+02     3.0334      0.275      0.398    25.2713 0.0000e+00
      0.280      0.008     6.8453     80.906     37.121  37.307513     1.4357     10.776   113.9955 8.0138e+02     2.9683      0.275      0.399    25.2660 0.0000e+00
      0.280      0.016     6.7989     80.484     37.091  37.276751     1.4529     10.778   114.2777 7.4914e+02     2.7973      0.274      0.397    25.2606 0.0000e+00
      0.282      0.027     6.7500     80.203     36.969  37.154553     1.4826     10.779   114.5474 7.7730e+02     2.7772      0.275      0.399    25.2549 0.0000e+00
      0.287      0.037     6.6952     80.083     36.847  37.035638     1.5201     10.780   114.6757 8.8082e+02     2.9297      0.279      0.405    25.2489 0.0000e+00
      0.301      0.043     6.6510     79.990     36.792  36.981120     1.5486     10.782   114.7097 8.6938e+02     3.0019      0.291      0.422    25.2442 0.0000e+00
      0.321      0.043     6.6171     79.759     36.764  36.939553     1.5604     10.784   114.7865 7.6777e+02     2.9323      0.316      0.458    25.2438 0.0000e+00
      0.341      0.038     6.5900     79.397     36.764  36.913753     1.5462     10.786   114.9160 7.1272e+02     2.8400      0.339      0.492    25.2424 0.0000e+00
      0.351      0.029     6.5854     79.022     36.799  36.922945     1.5435     10.787   114.9855 7.8727e+02     2.8423      0.347      0.503    25.2485 0.0000e+00
      0.352      0.019     6.5833     78.791     36.818  36.923745     1.5611     10.789   115.1105 9.6298e+02     2.8574      0.347      0.503    25.2604 0.0000e+00
      0.349      0.012     6.5648     78.867     36.826  36.923402     1.5764     10.791   115.3079 1.0177e+03     2.7835      0.343      0.497    25.2419 0.0000e+00
      0.346      0.010     6.5363     79.296     36.823  36.918777     1.6029     10.793   115.4791 9.6101e+02     2.7353      0.339      0.491    25.1968 0.0000e+00
      0.346      0.012     6.5067     79.966     36.777  36.867825     1.6067     10.794   115.6317 9.2811e+02     2.7868      0.339      0.491    25.1574 0.0000e+00
      0.351      0.016     6.4838     80.660     36.734  36.814958     1.6063     10.797   115.6910 8.7854e+02     2.8938      0.343      0.496    25.1318 0.0000e+00
      0.361      0.019     6.4902     81.167     36.719  36.787165     1.6312     10.799   115.7654 7.9904e+02     2.9009      0.353      0.513    25.1227 0.0000e+00
      0.371      0.019     6.5287     81.391     36.730  36.785576     1.6570     10.799   116.0149 7.3222e+02     2.8051      0.366      0.532    25.1259 0.0000e+00
      0.377      0.017     6.5913     81.320     36.756  36.795722     1.6688     10.800   116.2133 8.7122e+02     2.7606      0.371      0.538    25.1217 0.0000e+00
      0.378      0.014     6.6582     80.980     36.759  36.782917     1.6576     10.801   116.2709 9.7988e+02     2.8062      0.370      0.537    25.1037 0.0000e+00
      0.378      0.011     6.7036     80.438     36.744  36.757623     1.6631     10.803   116.3679 7.5062e+02     2.9132      0.370      0.537    25.0868 0.0000e+00
      0.379      0.010     6.7245     79.782     36.738  36.743693     1.6777     10.805   116.5244 4.9989e+02     2.9265      0.371      0.538    25.0717 0.0000e+00
      0.381      0.010     6.7206     79.080     36.742  36.741386     1.6590     10.805   116.7006 4.0261e+02     2.8299      0.373      0.542    25.0478 0.0000e+00
      0.386      0.010     6.6937     78.360     36.735  36.729726     1.6453     10.807   116.7782 3.7308e+02     2.7697      0.379      0.549    25.0241 0.0000e+00
      0.390      0.009     6.6475     77.638     36.739  36.729611     1.6789     10.809   116.7747 3.4300e+02     2.8140      0.384      0.557    25.0107 0.0000e+00
      0.393      0.007     6.5925     76.954     36.753  36.739984     1.7400     10.809   116.9156 2.9060e+02     2.9563      0.386      0.559    25.0017 0.0000e+00
      0.394      0.003     6.5347     76.315     36.745  36.728239     1.7602     10.811   117.1051 2.6579e+02     2.9858      0.387      0.560    24.9933 0.0000e+00
      0.394      0.001     6.4765     75.704     36.734  36.714499     1.7317     10.812   117.1738 2.6029e+02     2.8634      0.388      0.562    24.9864 0.0000e+00
      0.393      0.000     6.4153     75.134     36.721  36.700749     1.7113     10.813   117.2307 2.7937e+02     2.8091      0.385      0.560    24.9809 0.0000e+00
      0.391      0.000     6.3592     74.609     36.709  36.688890     1.7222     10.815   117.3626 3.0801e+02     2.8758      0.382      0.555    24.9755 0.0000e+00
      0.390      0.001     6.3088     74.137     36.719  36.698015     1.7544     10.817   117.4776 2.8302e+02     2.9865      0.382      0.554    24.9702 0.0000e+00
      0.392      0.004     6.2569     73.725     36.706  36.684180     1.7589     10.818   117.5024 2.7092e+02     2.9866      0.385      0.558    24.9665 0.0000e+00
      0.394      0.005     6.2104     73.362     36.671  36.648510     1.7269     10.820   117.4900 2.8718e+02     2.8774      0.387      0.561    24.9663 0.0000e+00
      0.395      0.002     6.1667     73.041     36.671  36.647441     1.7261     10.822   117.4135 2.7374e+02     2.8615      0.387      0.562    24.9673 0.0000e+00
      0.399     -0.002     6.1272     72.793     36.699  36.671259     1.7576     10.825   117.3526 2.5212e+02     2.9312      0.390      0.567    24.9661 0.0000e+00
      0.402     -0.003     6.0937     72.623     36.716  36.682682     1.7660     10.827   117.4421 2.2956e+02     2.9692      0.397      0.576    24.9647 0.0000e+00
      0.398     -0.002     6.0648     72.530     36.698  36.658643     1.7442     10.828   117.5493 2.1011e+02     2.9103      0.395      0.571    24.9644 0.0000e+00
      0.388      0.000     6.0362     72.528     36.679  36.634400     1.7194     10.830   117.5300 2.0504e+02     2.8333      0.378      0.548    24.9626 0.0000e+00
      0.384      0.001     6.0165     72.557     36.691  36.643364     1.7246     10.832   117.4668 2.0460e+02     2.8923      0.370      0.537    24.9581 0.0000e+00
      0.392      0.001     6.0043     72.539     36.696  36.640117     1.7486     10.833   117.4736 2.1192e+02     2.9749      0.384      0.558    24.9501 0.0000e+00
      0.402      0.002     5.9953     72.444     36.666  36.595122     1.7599     10.833   117.5256 2.1936e+02     2.9774      0.398      0.577    24.9393 0.0000e+00
      0.403      0.003     5.9993     72.299     36.627  36.543484     1.7527     10.834   117.5800 2.0551e+02     2.9232      0.397      0.576    24.9311 0.0000e+00
      0.398      0.001     6.0041     72.144     36.614  36.523357     1.7281     10.835   117.6149 1.8923e+02     2.9012      0.390      0.566    24.9309 0.0000e+00
      0.393     -0.003     6.0045     71.982     36.639  36.542107     1.7211     10.837   117.6895 1.8834e+02     2.9833      0.385      0.557    24.9222 0.0000e+00
      0.391     -0.004     5.9986     71.811     36.683  36.579825     1.7424     10.838   117.8798 1.8889e+02     2.9603      0.383      0.555    24.8959 0.0000e+00
      0.392     -0.002     5.9867     71.661     36.708  36.598688     1.7447     10.839   118.0226 1.8361e+02     2.7939      0.384      0.557    24.8762 0.0000e+00
      0.393      0.000     5.9750     71.537     36.693  36.579809     1.7230     10.840   117.9536 1.8020e+02     2.7135      0.386      0.559    24.8691 0.0000e+00
      0.395      0.002     5.9631     71.414     36.657  36.541915     1.7125     10.841   117.9058 1.8119e+02     2.8070      0.387      0.561    24.8629 0.0000e+00
      0.395      0.002     5.9482     71.290     36.638  36.521216     1.7265     10.841   118.1333 1.7840e+02     2.9680      0.388      0.563    24.8544 0.0000e+00
      0.395      0.002     5.9361     71.177     36.638  36.519892     1.7511     10.841   118.3818 1.7025e+02     2.9526      0.387      0.562    24.8456 0.0000e+00
      0.395      0.002     5.9286     71.068     36.646  36.525909     1.7776     10.842   118.4140 1.6644e+02     2.7908      0.386      0.561    24.8392 0.0000e+00
      0.395      0.002     5.9181     70.958     36.653  36.530508     1.7961     10.843   118.3510 1.6961e+02     2.7201      0.387      0.561    24.8359 0.0000e+00
      0.396      0.001     5.9076     70.850     36.636  36.512039     1.7927     10.844   118.3086 1.7011e+02     2.7811      0.388      0.563    24.8339 0.0000e+00
      0.398      0.000     5.8988     70.750     36.618  36.492956     1.7863     10.845   118.3319 1.7225e+02     2.8797      0.390      0.565    24.8319 0.0000e+00
      0.398     -0.001     5.8904     70.669     36.618  36.490129     1.7681     10.846   118.3744 1.7827e+02     2.8536      0.391      0.566    24.8298 0.0000e+00
      0.397     -0.001     5.8809     70.613     36.608  36.477853     1.7309     10.847   118.3923 1.7555e+02     2.7381      0.390      0.565    24.8277 0.0000e+00
      0.394     -0.001     5.8727     70.584     36.604  36.471433     1.7029     10.847   118.3758 1.7200e+02     2.7132      0.386      0.561    24.8255 0.0000e+00
      0.393      0.000     5.8638     70.589     36.611  36.475943     1.6964     10.848   118.3470 1.7374e+02     2.7572      0.384      0.558    24.8229 0.0000e+00
      0.394      0.000     5.8572     70.587     36.606  36.468930     1.7183     10.848   118.3020 1.7659e+02     2.8263      0.385      0.560    24.8200 0.0000e+00
      0.396      0.001     5.8537     70.529     36.588  36.450095     1.7349     10.849   118.3480 1.7921e+02     2.8663      0.389      0.564    24.8162 0.0000e+00
      0.397      0.001     5.8501     70.409     36.578  36.438558     1.7219     10.849   118.5594 1.8041e+02     2.7962      0.391      0.566    24.8128 0.0000e+00
      0.397      0.001     5.8530     70.246     36.598  36.456334     1.7204     10.850   118.7066 1.7981e+02     2.7297      0.390      0.565    24.8099 0.0000e+00
      0.396      0.001     5.8544     70.046     36.619  36.474673     1.7661     10.851   118.7518 1.7870e+02     2.8144      0.389      0.563    24.8071 0.0000e+00
      0.395      0.000     5.8504     69.833     36.616  36.469935     1.8256     10.852   118.7618 1.7970e+02     2.9323      0.387      0.562    24.8051 0.0000e+00
      0.395      0.000     5.8392     69.617     36.611  36.462493     1.8228     10.852   118.7408 1.8157e+02     2.8912      0.387      0.562    24.8030 0.0000e+00
      0.396      0.001     5.8265     69.374     36.599  36.448138     1.7822     10.853   118.7566 1.8382e+02     2.7955      0.389      0.564    24.8000 0.0000e+00
      0.398      0.001     5.8096     69.134     36.576  36.423268     1.7673     10.855   118.7807 1.8577e+02     2.8344      0.390      0.566    24.7967 0.0000e+00
      0.398      0.001     5.7905     68.904     36.571  36.415599     1.7675     10.855   118.8600 1.9313e+02     2.9510      0.390      0.565    24.7934 0.0000e+00
      0.398      0.001     5.7765     68.683     36.576  36.418860     1.7774     10.855   119.0276 1.9867e+02     2.9755      0.390      0.565    24.7905 0.0000e+00
      0.398      0.001     5.7531     68.498     36.558  36.399250     1.7701     10.855   119.0856 1.9963e+02     2.8917      0.390      0.565    24.7882 0.0000e+00
      0.398      0.001     5.7341     68.328     36.530  36.368831     1.7448     10.856   118.9596 2.0368e+02     2.8607      0.390      0.565    24.7858 0.0000e+00
      0.398      0.002     5.7164     68.147     36.531  36.368321     1.7543     10.857   118.8800 2.0577e+02     2.9418      0.390      0.566    24.7832 0.0000e+00
      0.399      0.002     5.6957     67.947     36.557  36.393086     1.7611     10.857   118.9840 2.0941e+02     2.9160      0.391      0.567    24.7805 0.0000e+00
      0.400      0.001     5.6826     67.724     36.579  36.414447     1.7435     10.856   119.0980 2.1348e+02     2.7531      0.392      0.568    24.7776 0.0000e+00
      0.401      0.000     5.6694     67.488     36.602  36.436257     1.7493     10.856   119.1403 2.1463e+02     2.7486      0.393      0.570    24.7749 0.0000e+00
      0.401     -0.002     5.6545     67.264     36.634  36.466430     1.7814     10.857   119.1519 2.1473e+02     2.9988      0.394      0.572    24.7722 0.0000e+00
      0.400     -0.002     5.6386     67.089     36.885  36.715812     1.8155     10.858   119.2382 2.1275e+02     3.2500      0.393      0.570    24.7699 0.0000e+00
      0.399     -0.002     5.6196     67.351     37.517  37.357572     1.8123     10.858   119.4083 2.1310e+02     3.2245      0.391      0.567    24.7681 0.0000e+00
      0.396     -0.001     5.6002     69.742     38.113  38.007482     1.7761     10.858   119.4885 2.1732e+02     3.0319      0.387      0.563    24.7678 0.0000e+00
      0.395      0.000     5.5791     76.409     38.288  38.291917     1.7432     10.858   119.5197 2.2201e+02     2.9025      0.386      0.561    24.7658 0.0000e+00
      0.396      0.001     5.5661     87.019     38.196  38.322056     1.7315     10.858   119.5274 2.3202e+02     2.8898      0.388      0.563    24.7647 0.0000e+00
      0.399      0.002     5.5411     98.818     38.090  38.308626     1.7507     10.857   119.4954 2.4818e+02     2.9800      0.392      0.568    24.7596 0.0000e+00
      0.401      0.002     5.6317    109.378     38.042  38.320035     1.7595     10.856   119.4770 2.5376e+02     2.9685      0.394      0.571    24.8193 0.0000e+00
      0.401      0.002     6.1778    117.732     38.019  38.333173     1.7375     10.856   119.4766 2.5313e+02     2.8532      0.393      0.571    24.9977 0.0000e+00
      0.400      0.002     7.1411    123.767     38.006  38.340615     1.7190     10.855   119.4897 2.5586e+02     2.8164      0.392      0.568    25.1784 0.0000e+00
      0.399      0.003     8.1668    127.363     38.001  38.346591     1.7269     10.855   119.5500 2.5701e+02     2.8314      0.390      0.566    25.2953 0.0000e+00
      0.399      0.005     9.0448    128.404     37.991  38.341989     1.7494     10.855   119.6895 2.5862e+02     2.8979      0.390      0.566    25.3700 0.0000e+00
      0.401      0.006     9.7168    127.315     37.996  38.348439     1.7413     10.855   119.7140 2.4776e+02     2.9019      0.393      0.570    25.4134 0.0000e+00
      0.404      0.006    10.2116    125.085     38.008  38.361121     1.7118     10.855   119.5879 2.4119e+02     2.8457      0.396      0.575    25.4382 0.0000e+00
      0.408      0.005    10.5137    122.708     38.015  38.368412     1.7094     10.855   119.4559 2.4601e+02     2.8675      0.401      0.581    25.4514 0.0000e+00
      0.410      0.004    10.5849    120.707     38.020  38.373136     1.7368     10.856   119.3222 2.5168e+02     2.8927      0.403      0.585    25.4580 0.0000e+00
      0.409      0.003    10.4631    119.178     38.002  38.354785     1.7764     10.857   119.2619 2.6439e+02     2.8766      0.400      0.581    25.4587 0.0000e+00
