Data/DataNotYetUploadedToEDI/Raw_CTD/RawDownloads/082525_fcr10_S7809002.cnv
* Sea-Bird SBE19plus  Data File:
* FileName = C:\R\Reservoirs\Data\DataNotYetUploadedToEDI\Raw_CTD\RawDownloads\082525_fcr50_S7809_0002.hex
* Software version 2.8.0.119
* Temperature SN = 7809
* Conductivity SN = 7809
* System UpLoad Time = Aug 26 2025 10:28:18
* <ApplicationData>
* <Seaterm232>
# nquan = 15
# nvalues = 718                         
# units = specified
# name 0 = depFM: Depth [fresh water, m]
# name 1 = dz/dtM: Descent Rate [m/s]
# name 2 = sbeox0Mg/L: Oxygen, SBE 43 [mg/l]
# name 3 = sbeox0PS: Oxygen, SBE 43 [% saturation]
# name 4 = specc: Specific Conductance [uS/cm]
# name 5 = c0uS/cm: Conductivity [uS/cm]
# name 6 = flECO-AFL: Fluorescence, WET Labs ECO-AFL/FL [mg/m^3]
# name 7 = ph: pH
# name 8 = orp: Oxidation Reduction Potential [mV]
# name 9 = par/sat/log: PAR/Logarithmic, Satlantic
# name 10 = turbWETntu0: Turbidity, WET Labs ECO [NTU]
# name 11 = prdM: Pressure, Strain Gauge [db]
# name 12 = prdE: Pressure, Strain Gauge [psi]
# name 13 = tv290C: Temperature [ITS-90, deg C]
# name 14 = flag:  0.000e+00
# span 0 =     -0.658,      2.037       
# span 1 =     -0.341,      0.281       
# span 2 =     4.1144,    10.4248       
# span 3 =     48.489,    125.474       
# span 4 =     37.217,     50.612       
# span 5 =  36.952454,  48.838392       
# span 6 =    -2.0482,     6.0715       
# span 7 =      7.850,     10.609       
# span 8 =    39.8186,   153.3231       
# span 9 = 4.8192e+01, 2.7089e+03       
# span 10 =     3.2608,   113.8999      
# span 11 =     -0.645,      1.997      
# span 12 =     -0.937,      2.897      
# span 13 =    23.1847,    27.1494      
# span 14 = 0.0000e+00, 0.0000e+00      
# interval = seconds: 0.25
# start_time = Aug 25 2025 13:08:56 [Instrument's time stamp, header]
# bad_flag = -9.990e-29
*END*
     -0.400      0.143     6.9431     89.745     37.742  38.503429     1.3217      7.850    39.8186 2.4847e+03     4.2615     -0.404     -0.587    27.1494 0.0000e+00
     -0.359      0.198     7.0089     90.720     37.921  38.543562     1.3105      8.032    40.3850 2.3617e+03     4.1629     -0.360     -0.522    26.8456 0.0000e+00
     -0.290      0.246     7.1048     91.823     38.061  38.587377     1.2815      8.176    41.8417 2.0631e+03     3.9567     -0.294     -0.427    26.5034 0.0000e+00
     -0.200      0.276     7.1824     92.938     38.188  38.652301     1.3215      8.287    44.3529 1.5022e+03     3.8172     -0.196     -0.285    26.2334 0.0000e+00
     -0.108      0.281     7.2754     93.947     38.272  38.693883     1.4352      8.368    46.8288 9.7969e+02     3.7407     -0.100     -0.145    25.9822 0.0000e+00
     -0.025      0.260     7.3835     94.774     38.247  38.645877     1.4992      8.424    48.4615 6.0059e+02     3.7149     -0.024     -0.035    25.7960 0.0000e+00
      0.045      0.219     7.4936     95.432     38.126  38.516026     1.4964      8.462    49.8118 2.9733e+02     3.6414      0.054      0.077    25.6672 0.0000e+00
      0.095      0.169     7.5980     95.878     38.010  38.393010     1.5189      8.492    50.6784 1.5352e+02     3.4670      0.103      0.149    25.5957 0.0000e+00
      0.122      0.121     7.6924     96.007     37.995  38.364182     1.6049      8.523    50.6801 1.3347e+02     3.4506      0.122      0.177    25.5367 0.0000e+00
      0.138      0.079     7.7625     95.866     38.075  38.421277     1.6695      8.560    51.2085 1.6416e+02     3.6142      0.136      0.198    25.5039 0.0000e+00
      0.148      0.044     7.8160     95.608     38.134  38.448735     1.6675      8.605    52.4220 2.6555e+02     3.7025      0.145      0.212    25.5061 0.0000e+00
      0.154      0.019     7.8603     95.312     38.094  38.378846     1.6315      8.653    53.5654 5.0487e+02     3.6994      0.151      0.219    25.5020 0.0000e+00
      0.157      0.003     7.8702     94.997     38.011  38.274239     1.5830      8.694    54.8797 7.3802e+02     3.7131      0.157      0.228    25.4852 0.0000e+00
      0.154     -0.007     7.8572     94.708     37.948  38.199219     1.5726      8.726    56.0949 9.1121e+02     3.8001      0.154      0.224    25.4535 0.0000e+00
      0.146     -0.012     7.8413     94.466     37.923  38.169787     1.6056      8.750    56.9011 1.1289e+03     3.8975      0.143      0.207    25.4051 0.0000e+00
      0.138     -0.012     7.8231     94.196     37.924  38.172199     1.6411      8.766    57.8309 1.3857e+03     3.8658      0.133      0.193    25.3636 0.0000e+00
      0.133     -0.010     7.8001     93.531     37.917  38.164925     1.6515      8.778    58.9055 1.7192e+03     3.7583      0.128      0.187    25.3366 0.0000e+00
      0.133     -0.005     7.7754     91.820     37.902  38.145293     1.6317      8.790    59.9125 1.9338e+03     3.7588      0.130      0.188    25.3205 0.0000e+00
      0.136      0.004     7.7618     89.847     37.888  38.125196     1.6349      8.805    60.8869 1.8492e+03     3.8719      0.135      0.194    25.3178 0.0000e+00
      0.138      0.014     7.7383     89.818     37.882  38.112296     1.6904      8.825    61.5664 1.5463e+03     3.8966      0.136      0.198    25.3226 0.0000e+00
      0.138      0.024     7.7231     92.028     37.892  38.116221     1.7703      8.850    62.1061 1.2998e+03     3.7831      0.134      0.194    25.3228 0.0000e+00
      0.142      0.029     7.5745     94.611     37.892  38.109189     1.8178      8.872    62.7656 1.2932e+03     3.6616      0.136      0.196    25.3149 0.0000e+00
      0.155      0.032     7.3001     96.086     37.882  38.090713     1.8079      8.891    63.3462 1.3592e+03     3.6567      0.151      0.218    25.3054 0.0000e+00
      0.171      0.032     7.2969     96.276     37.882  38.083188     1.8245      8.909    63.7050 1.4206e+03     3.7238      0.170      0.247    25.2987 0.0000e+00
      0.183      0.029     7.5616     95.630     37.886  38.081638     1.8688      8.926    63.9201 1.4240e+03     3.6534      0.182      0.265    25.2904 0.0000e+00
      0.188      0.024     7.8180     94.318     37.881  38.071966     1.8694      8.941    64.1410 1.2864e+03     3.5232      0.186      0.269    25.2805 0.0000e+00
      0.189      0.018     7.9413     92.292     37.906  38.093156     1.8559      8.955    64.3971 1.1455e+03     3.4815      0.185      0.268    25.2690 0.0000e+00
      0.190      0.011     7.9365     90.006     37.962  38.147466     1.8483      8.969    64.8661 1.1190e+03     3.4568      0.186      0.270    25.2587 0.0000e+00
      0.193      0.006     7.8791     88.051     37.973  38.157511     1.8522      8.981    65.7676 1.0886e+03     3.4974      0.189      0.275    25.2520 0.0000e+00
      0.196      0.000     7.7853     86.565     37.969  38.151156     1.8532      8.996    66.5204 9.7321e+02     3.5632      0.193      0.281    25.2442 0.0000e+00
      0.198     -0.008     7.6009     85.540     37.953  38.134087     1.8271      9.017    66.7405 1.0527e+03     3.5004      0.196      0.284    25.2394 0.0000e+00
      0.198     -0.019     7.3865     84.920     37.896  38.078046     1.8106      9.046    67.2243 1.3227e+03     3.4214      0.194      0.281    25.2398 0.0000e+00
      0.193     -0.028     7.2325     84.764     37.857  38.044669     1.8285      9.074    68.1541 1.3869e+03     3.4620      0.192      0.279    25.2373 0.0000e+00
      0.182     -0.033     7.1060     85.154     37.854  38.047824     1.8610      9.098    69.1206 1.2583e+03     3.5818      0.183      0.266    25.2335 0.0000e+00
      0.163     -0.033     7.0272     85.751     37.859  38.052740     1.8625      9.119    70.1348 1.1198e+03     3.6058      0.157      0.228    25.2308 0.0000e+00
      0.148     -0.028     6.9758     86.094     37.852  38.040654     1.8292      9.137    71.0377 1.0684e+03     3.5133      0.141      0.204    25.2309 0.0000e+00
      0.143     -0.019     6.9504     86.172     37.847  38.028585     1.8331      9.152    71.6914 1.0929e+03     3.5904      0.140      0.203    25.2413 0.0000e+00
      0.144     -0.009     6.9961     86.341     37.858  38.033730     1.8929      9.166    72.2743 1.2134e+03     3.8545      0.140      0.204    25.2540 0.0000e+00
      0.147      0.000     7.0638     86.855     37.868  38.039393     1.9360      9.180    72.7516 1.3629e+03     4.0081      0.144      0.209    25.2523 0.0000e+00
      0.151      0.006     7.0927     87.687     37.864  38.033601     1.9218      9.193    72.9876 1.3268e+03     3.9450      0.150      0.216    25.2425 0.0000e+00
      0.153      0.008     7.0842     88.566     37.856  38.027151     1.8801      9.205    73.3214 1.2970e+03     3.8083      0.151      0.219    25.2341 0.0000e+00
      0.153      0.007     7.0925     89.178     37.849  38.024861     1.8725      9.217    73.7768 1.3780e+03     3.8240      0.150      0.218    25.2261 0.0000e+00
      0.155      0.004     7.1364     89.430     37.826  38.005920     1.9047      9.227    74.1918 1.4457e+03     3.9643      0.151      0.219    25.2190 0.0000e+00
      0.157      0.002     7.2136     89.416     37.806  37.988505     1.9202      9.236    74.7246 1.4584e+03     4.0023      0.155      0.224    25.2159 0.0000e+00
      0.158      0.002     7.2988     89.331     37.822  38.004671     1.9022      9.244    75.4009 1.3482e+03     3.8386      0.156      0.226    25.2186 0.0000e+00
      0.157      0.002     7.3480     89.361     37.829  38.011015     1.8865      9.250    76.1740 1.2510e+03     3.6590      0.154      0.223    25.2261 0.0000e+00
      0.156      0.001     7.3657     89.585     37.819  38.001755     1.8957      9.255    76.9312 1.3196e+03     3.6410      0.153      0.221    25.2334 0.0000e+00
      0.156      0.001     7.3576     90.039     37.836  38.019628     1.9058      9.259    77.5012 1.3910e+03     3.6560      0.152      0.221    25.2358 0.0000e+00
      0.157      0.001     7.3440     90.698     37.852  38.036749     1.8918      9.263    77.7304 1.3945e+03     3.6001      0.153      0.223    25.2357 0.0000e+00
      0.158      0.002     7.3461     91.470     37.832  38.018395     1.8769      9.267    77.8094 1.3460e+03     3.5122      0.156      0.226    25.2346 0.0000e+00
      0.159      0.002     7.3627     92.259     37.800  37.988076     1.9007      9.271    78.1991 1.2792e+03     3.5501      0.157      0.228    25.2347 0.0000e+00
      0.159      0.002     7.4000     92.928     37.796  37.987451     1.9463      9.277    78.9144 1.2490e+03     3.6819      0.156      0.227    25.2373 0.0000e+00
      0.159      0.001     7.4579     93.332     37.816  38.010846     1.9706      9.283    79.6607 1.1763e+03     3.6373      0.156      0.226    25.2393 0.0000e+00
      0.159      0.000     7.5234     93.448     37.820  38.017122     1.9614      9.289    80.3401 1.2161e+03     3.4542      0.156      0.226    25.2394 0.0000e+00
      0.159 -8.326e-07     7.5913     93.344     37.800  37.999886     1.9347      9.297    80.8480 1.3307e+03     3.3809      0.156      0.226    25.2418 0.0000e+00
      0.159      0.000     7.6524     93.119     37.792  37.992820     1.9301      9.306    81.0699 1.2953e+03     3.4693      0.156      0.227    25.2472 0.0000e+00
      0.159      0.000     7.6840     92.909     37.794  37.995137     1.9559      9.315    81.2162 1.2113e+03     3.6000      0.157      0.227    25.2517 0.0000e+00
      0.159     -0.001     7.6908     92.789     37.764  37.964451     1.9647      9.322    81.4116 1.2177e+03     3.5950      0.156      0.226    25.2554 0.0000e+00
      0.159     -0.002     7.6799     92.756     37.739  37.939074     1.9362      9.327    81.6258 1.2508e+03     3.4784      0.157      0.227    25.2583 0.0000e+00
      0.159     -0.002     7.6557     92.834     37.741  37.942119     1.9111      9.332    81.9998 1.2158e+03     3.4191      0.156      0.227    25.2594 0.0000e+00
      0.158     -0.001     7.6364     93.072     37.736  37.937818     1.9272      9.337    82.4915 1.2576e+03     3.4932      0.155      0.225    25.2595 0.0000e+00
      0.155      0.002     7.6277     93.393     37.746  37.950533     1.9637      9.344    82.9248 1.3678e+03     3.7252      0.152      0.221    25.2598 0.0000e+00
      0.154      0.005     7.6247     93.641     37.758  37.968940     1.9540      9.353    83.1947 1.3086e+03     3.8665      0.150      0.218    25.2600 0.0000e+00
      0.157      0.009     7.6274     93.770     37.750  37.970030     1.9098      9.363    83.2605 1.1977e+03     3.7680      0.152      0.222    25.2594 0.0000e+00
      0.162      0.011     7.6497     93.825     37.736  37.963717     1.9033      9.374    83.2898 1.1705e+03     3.6615      0.158      0.230    25.2603 0.0000e+00
      0.167      0.011     7.6824     93.846     37.725  37.956076     1.9413      9.385    83.2911 1.1306e+03     3.6367      0.165      0.239    25.2640 0.0000e+00
      0.171      0.008     7.7023     93.818     37.710  37.941100     1.9781      9.398    83.0172 1.1008e+03     3.6395      0.169      0.246    25.2722 0.0000e+00
      0.174      0.001     7.7082     93.631     37.675  37.909552     1.9653      9.412    82.6454 1.0639e+03     3.5921      0.171      0.248    25.2867 0.0000e+00
      0.174     -0.006     7.7105     93.181     37.650  37.891920     1.9202      9.428    82.7534 1.0499e+03     3.4743      0.171      0.248    25.2986 0.0000e+00
      0.172     -0.011     7.7110     92.513     37.668  37.918297     1.8991      9.443    83.3778 1.1344e+03     3.4448      0.170      0.247    25.3016 0.0000e+00
      0.166     -0.014     7.7130     91.687     37.716  37.974662     1.9354      9.457    84.0000 1.1769e+03     3.6113      0.164      0.238    25.2992 0.0000e+00
      0.157     -0.015     7.7026     90.674     37.738  38.002337     2.0008      9.468    84.4245 1.1765e+03     3.8138      0.152      0.220    25.3028 0.0000e+00
      0.152     -0.015     7.6596     89.429     37.735  37.999099     2.0158      9.477    84.8115 1.1692e+03     3.8097      0.147      0.214    25.3168 0.0000e+00
      0.152     -0.013     7.6016     87.998     37.740  37.998960     1.9834      9.485    85.1515 1.1169e+03     3.6981      0.150      0.217    25.3250 0.0000e+00
      0.150     -0.009     7.5338     86.528     37.747  38.000660     1.9835      9.495    85.4380 1.1189e+03     3.7284      0.148      0.215    25.3360 0.0000e+00
      0.146     -0.005     7.4506     85.128     37.770  38.019642     2.0250      9.506    85.8665 1.2144e+03     3.8683      0.143      0.208    25.3500 0.0000e+00
      0.143     -0.002     7.3486     83.832     37.792  38.038094     2.0440      9.517    86.3743 1.3031e+03     3.9211      0.139      0.201    25.3452 0.0000e+00
      0.143      0.000     7.2263     82.655     37.790  38.033380     2.0224      9.528    86.7589 1.3043e+03     3.8197      0.138      0.202    25.3353 0.0000e+00
      0.146      0.003     7.1029     81.613     37.784  38.026100     2.0214      9.538    86.9896 1.2909e+03     3.7352      0.144      0.209    25.3301 0.0000e+00
      0.149      0.005     6.9890     80.752     37.770  38.013523     2.0655      9.549    87.1855 1.2550e+03     3.7540      0.147      0.213    25.3243 0.0000e+00
      0.151      0.006     6.8821     80.074     37.762  38.008227     2.0977      9.560    87.4923 1.1758e+03     3.7395      0.147      0.213    25.3183 0.0000e+00
      0.152      0.006     6.7866     79.525     37.777  38.025527     2.1022      9.571    87.8598 1.2729e+03     3.6621      0.149      0.217    25.3133 0.0000e+00
      0.152      0.006     6.6987     79.073     37.780  38.032339     2.0710      9.580    88.1877 1.4616e+03     3.6046      0.149      0.218    25.3127 0.0000e+00
      0.152      0.006     6.6270     78.636     37.772  38.027137     2.0197      9.590    88.4462 1.3900e+03     3.6590      0.149      0.216    25.3153 0.0000e+00
      0.154      0.006     6.5746     78.123     37.768  38.026097     2.0222      9.600    88.6609 1.2282e+03     3.8075      0.150      0.218    25.3193 0.0000e+00
      0.158      0.005     6.5276     77.516     37.760  38.019761     2.0519      9.610    88.8913 1.1913e+03     3.8963      0.155      0.224    25.3234 0.0000e+00
      0.162      0.003     6.4934     76.826     37.751  38.013987     2.0381      9.620    89.1663 1.1609e+03     3.7762      0.159      0.231    25.3274 0.0000e+00
      0.163      0.001     6.4607     76.117     37.752  38.019755     1.9962      9.628    89.4914 1.1054e+03     3.5174      0.161      0.234    25.3321 0.0000e+00
      0.161     -0.001     6.4172     75.434     37.754  38.026051     1.9944      9.634    89.8099 1.1003e+03     3.4656      0.157      0.228    25.3359 0.0000e+00
      0.157     -0.002     6.3679     74.769     37.751  38.026666     2.0337      9.640    90.0927 1.1828e+03     3.6277      0.153      0.222    25.3378 0.0000e+00
      0.155     -0.002     6.3081     74.143     37.749  38.027187     2.0386      9.646    90.3291 1.2756e+03     3.6669      0.151      0.220    25.3420 0.0000e+00
      0.156     -0.001     6.2469     73.581     37.752  38.032350     2.0040      9.651    90.5169 1.3016e+03     3.5294      0.152      0.222    25.3488 0.0000e+00
      0.158      0.000     6.1923     73.081     37.741  38.025646     1.9810      9.657    90.7291 1.2692e+03     3.3998      0.155      0.225    25.3544 0.0000e+00
      0.158      0.002     6.1355     72.627     37.720  38.009593     1.9931      9.663    90.9161 1.1807e+03     3.4322      0.156      0.226    25.3593 0.0000e+00
      0.158      0.002     6.0829     72.196     37.734  38.028628     2.0258      9.670    91.1436 1.0935e+03     3.5800      0.155      0.225    25.3630 0.0000e+00
      0.158      0.001     6.0370     71.781     37.765  38.065442     2.0269      9.676    91.4997 1.1208e+03     3.6496      0.154      0.224    25.3649 0.0000e+00
