Data/DataNotYetUploadedToEDI/Raw_CTD/RawDownloads/082525_bvr50_S8188001.cnv
* Sea-Bird SBE19plus  Data File:
* FileName = C:\R\Reservoirs\Data\DataNotYetUploadedToEDI\Raw_CTD\RawDownloads\082525_bvr50_S8188_0001.hex
* Software version 2.8.0.119
* Temperature SN = 8188
* Conductivity SN = 8188
* System UpLoad Time = Aug 26 2025 10:19:56
* <ApplicationData>
* <Seaterm232>
# nquan = 16
# nvalues = 1612                        
# units = specified
# name 0 = depFM: Depth [fresh water, m]
# name 1 = dz/dtM: Descent Rate [m/s]
# name 2 = sbeox0Mg/L: Oxygen, SBE 43 [mg/l]
# name 3 = sbeox0PS: Oxygen, SBE 43 [% saturation]
# name 4 = specc: Specific Conductance [uS/cm]
# name 5 = c0uS/cm: Conductivity [uS/cm]
# name 6 = wetCDOM: Fluorescence, WET Labs CDOM [mg/m^3]
# name 7 = flECO-AFL: Fluorescence, WET Labs ECO-AFL/FL [mg/m^3]
# name 8 = flECO-AFL1: Fluorescence, WET Labs ECO-AFL/FL, 2 [mg/m^3]
# name 9 = flECO-AFL2: Fluorescence, WET Labs ECO-AFL/FL, 3 [mg/m^3]
# name 10 = par/sat/log: PAR/Logarithmic, Satlantic
# name 11 = turbWETntu0: Turbidity, WET Labs ECO [NTU]
# name 12 = prdM: Pressure, Strain Gauge [db]
# name 13 = prdE: Pressure, Strain Gauge [psi]
# name 14 = tv290C: Temperature [ITS-90, deg C]
# name 15 = flag:  0.000e+00
# span 0 =     -0.660,      5.178       
# span 1 =     -0.197,      0.100       
# span 2 =    -2.4690,     9.2512       
# span 3 =    -27.433,    110.652       
# span 4 =   -561.390,    283.756       
# span 5 =-430.156398, 211.036134       
# span 6 =    -4.5000,    48.1500       
# span 7 =    -0.2846,    12.1630       
# span 8 =    -2.1300,     0.2130       
# span 9 =    -4.3146,     4.9491       
# span 10 = 1.1590e-01, 1.7229e+03      
# span 11 =    -0.3549,    70.2979      
# span 12 =     -0.648,      5.078      
# span 13 =     -0.939,      7.365      
# span 14 =    12.1327,    24.3707      
# span 15 = 0.0000e+00, 0.0000e+00      
# interval = seconds: 0.25
# start_time = Aug 25 2025 09:54:51 [Instrument's time stamp, header]
# bad_flag = -9.990e-29
*END*
[from data line 1537]
      0.690     -0.042     7.6596     91.793     34.092  33.466926    22.5000     9.4583     0.1704     4.7799 1.1284e+02     7.2890      0.677      0.982    24.0835 0.0000e+00
      0.678     -0.047     7.6754     91.830     34.078  33.448086    22.5000     9.4392     0.1704     4.6107 1.1061e+02     7.2739      0.665      0.965    24.0904 0.0000e+00
      0.665     -0.052     7.6914     91.821     34.055  33.421151    22.5000     9.4469     0.1704     4.6107 1.2524e+02     7.3041      0.652      0.946    24.0904 0.0000e+00
      0.651     -0.055     7.7054     91.783     34.011  33.374952    22.5000     9.1913     0.1704     4.6107 1.2373e+02     7.5458      0.638      0.925    24.0852 0.0000e+00
      0.636     -0.058     7.7150     91.732     33.947  33.313105    22.5000     9.1646     0.1704     4.6107 1.3450e+02     7.6062      0.624      0.904    24.0773 0.0000e+00
      0.621     -0.060     7.7193     91.689     33.863  33.235052    22.5000     9.2104     0.1704     4.6107 1.3998e+02     7.6818      0.609      0.883    24.0694 0.0000e+00
      0.605     -0.061     7.7194     91.669     33.757  33.137905    22.5000     9.1951     0.1704     4.7376 1.4210e+02     7.5760      0.593      0.861    24.0629 0.0000e+00
      0.590     -0.061     7.7168     91.682     33.665  33.055514    22.5000     9.0196     0.1704     4.7376 1.4668e+02     7.5911      0.578      0.839    24.0594 0.0000e+00
      0.573     -0.061     7.7123     91.737     33.603  33.003753    22.5000     9.0272     0.1704     4.7376 1.4687e+02     7.5609      0.562      0.816    24.0607 0.0000e+00
      0.557     -0.060     7.7077     91.834     33.562  32.972805    22.5000     9.0196     0.1704     4.7376 1.5889e+02     7.5911      0.546      0.793    24.0667 0.0000e+00
      0.542     -0.057     7.7046     91.970     33.537  32.954415    22.5900     8.9967     0.1704     4.9068 1.5062e+02     7.5609      0.531      0.770    24.0767 0.0000e+00
      0.527     -0.052     7.7039     92.147     33.508  32.931730    22.5900     9.1150     0.1704     4.9068 1.7230e+02     7.5307      0.516      0.749    24.0895 0.0000e+00
      0.513     -0.046     7.7066     92.356     33.481  32.910651    22.5900     9.1379     0.1704     4.9068 1.5872e+02     7.5911      0.503      0.730    24.1033 0.0000e+00
      0.502     -0.040     7.7129     92.579     33.464  32.901492    22.5900     9.1455     0.1704     4.9068 1.6638e+02     7.5760      0.492      0.714    24.1159 0.0000e+00
      0.493     -0.033     7.7229     92.794     33.450  32.897828    22.5000     9.1646     0.1704     4.7376 1.4987e+02     7.5911      0.483      0.701    24.1258 0.0000e+00
      0.486     -0.027     7.7366     92.988     33.437  32.894697    22.5000     9.3286     0.1704     4.7376 1.5000e+02     7.8177      0.476      0.691    24.1336 0.0000e+00
      0.481     -0.022     7.7529     93.153     33.416  32.883298    22.5000     9.3210     0.1704     4.7376 1.5446e+02     7.8026      0.471      0.684    24.1422 0.0000e+00
      0.477     -0.020     7.7699     93.283     33.387  32.862585    22.5000     9.3134     0.1704     4.7376 1.5000e+02     7.8479      0.467      0.678    24.1539 0.0000e+00
      0.473     -0.020     7.7859     93.379     33.371  32.852927    22.5000     9.3019     0.1704     4.7376 1.5170e+02     7.7875      0.463      0.672    24.1683 0.0000e+00
      0.469     -0.023     7.8000     93.452     33.377  32.861708    22.5000     9.6529     0.1704     4.9491 1.7078e+02     7.8177      0.459      0.667    24.1830 0.0000e+00
      0.464     -0.027     7.8118     93.512     33.408  32.891270    22.5000     9.6681     0.1704     4.9491 1.5554e+02     7.8479      0.454      0.660    24.1969 0.0000e+00
      0.457     -0.033     7.8209     93.563     33.456  32.935553    22.5000     9.6262     0.1704     4.9491 1.4854e+02     7.6818      0.448      0.650    24.2090 0.0000e+00
      0.448     -0.041     7.8278     93.605     33.480  32.954579    22.5000     9.6071     0.1704     4.9491 1.6249e+02     7.8933      0.439      0.637    24.2176 0.0000e+00
      0.436     -0.048     7.8334     93.636     33.460  32.929519    22.5900     8.9166     0.1704     4.7376 1.6834e+02     7.7120      0.428      0.621    24.2213 0.0000e+00
      0.423     -0.056     7.8385     93.649     33.426  32.891535    22.5900     8.9395     0.1704     4.7376 1.5693e+02     7.4854      0.415      0.601    24.2204 0.0000e+00
      0.407     -0.063     7.8434     93.642     33.406  32.868342    22.5900     8.9700     0.1704     4.7376 1.6097e+02     7.4703      0.399      0.579    24.2159 0.0000e+00
      0.390     -0.068     7.8480     93.610     33.390  32.849772    22.5900     8.9586     0.1704     4.7376 1.5769e+02     7.5307      0.382      0.554    24.2091 0.0000e+00
      0.371     -0.072     7.8517     93.555     33.349  32.806971    22.4100     8.8747     0.2130     4.6107 1.6519e+02     7.6213      0.364      0.528    24.2015 0.0000e+00
      0.351     -0.074     7.8538     93.486     33.280  32.738484    22.4100     8.9166     0.2130     4.6107 1.5108e+02     7.4703      0.344      0.499    24.1947 0.0000e+00
      0.331     -0.073     7.8539     93.410     33.224  32.685801    22.4100     8.9014     0.2130     4.6107 1.5180e+02     7.4854      0.324      0.470    24.1894 0.0000e+00
      0.311     -0.069     7.8519     93.339     33.204  32.672718    22.4100     8.9128     0.2130     4.6107 1.3235e+02     7.6516      0.305      0.442    24.1848 0.0000e+00
      0.292     -0.065     7.8479     93.287     33.202  32.679811    22.4100     8.8403     0.1704     4.6953 1.2446e+02     7.5005      0.287      0.416    24.1810 0.0000e+00
      0.277     -0.059     7.8422     93.282     33.211  32.697022    22.4100     8.8632     0.1704     4.6953 1.2023e+02     7.6062      0.272      0.394    24.1800 0.0000e+00
      0.263     -0.054     7.8353     93.342     33.237  32.726951    22.4100     8.8441     0.1704     4.6953 1.0358e+02     7.6818      0.259      0.375    24.1841 0.0000e+00
      0.252     -0.051     7.8278     93.453     33.264  32.753676    22.4100     8.8060     0.1704     4.6953 9.5247e+01     7.5307      0.247      0.359    24.1945 0.0000e+00
      0.241     -0.049     7.8214     93.592     33.288  32.776358    22.4100     8.9319     0.1704     4.6953 9.3301e+01     7.5760      0.236      0.343    24.2081 0.0000e+00
      0.229     -0.050     7.8193     93.737     33.327  32.811003    22.5900     8.9433     0.2130     4.5261 9.0584e+01     7.6062      0.225      0.326    24.2197 0.0000e+00
      0.217     -0.052     7.8234     93.863     33.356  32.836973    22.5900     8.9815     0.2130     4.5261 9.1832e+01     7.4703      0.213      0.309    24.2261 0.0000e+00
      0.203     -0.056     7.8325     93.941     33.360  32.837291    22.5900     8.9700     0.2130     4.5261 9.1513e+01     7.5458      0.199      0.289    24.2275 0.0000e+00
      0.189     -0.060     7.8445     93.965     33.356  32.829969    22.5900     8.7755     0.2130     4.5261 9.5578e+01     7.3192      0.185      0.268    24.2250 0.0000e+00
      0.173     -0.063     7.8574     93.931     33.354  32.825005    22.5000     8.7564     0.1704     4.6107 9.6854e+01     7.4099      0.169      0.246    24.2207 0.0000e+00
      0.156     -0.067     7.8685     93.847     33.358  32.825057    22.5000     8.7717     0.1704     4.6107 1.1037e+02     7.3494      0.153      0.222    24.2162 0.0000e+00
      0.138     -0.069     7.8758     93.735     33.361  32.824166    22.5000     8.7717     0.1704     4.6107 1.0868e+02     7.3494      0.135      0.197    24.2117 0.0000e+00
      0.120     -0.071     7.8785     93.626     33.350  32.812133    22.5000     8.3024     0.1704     4.6107 1.0569e+02     7.5156      0.117      0.170    24.2065 0.0000e+00
      0.101     -0.072     7.8765     93.541     33.332  32.793718    22.4100     8.2948     0.1704     4.6107 1.1834e+02     7.5458      0.099      0.144    24.2006 0.0000e+00
      0.082     -0.071     7.8703     93.494     33.314  32.777951    22.4100     8.3139     0.1704     4.6107 1.2295e+02     7.5760      0.081      0.117    24.1947 0.0000e+00
      0.063     -0.069     7.8616     93.493     33.291  32.758637    22.4100     8.2872     0.1704     4.6107 1.6548e+02     7.5005      0.062      0.091    24.1900 0.0000e+00
      0.045     -0.067     7.8529     93.534     33.258  32.730625    22.4100     7.9667     0.1704     4.6107 2.5434e+02     7.5609      0.045      0.065    24.1871 0.0000e+00
      0.029     -0.065     7.8458     93.611     33.226  32.704371    22.5000     8.0011     0.1704     4.6530 2.5595e+02     7.4099      0.028      0.041    24.1866 0.0000e+00
      0.013     -0.063     7.8415     93.719     33.211  32.694786    22.5000     7.9896     0.1704     4.6530 3.0322e+02     7.5760      0.013      0.019    24.1893 0.0000e+00
     -0.001     -0.063     7.8406     93.848     33.222  32.709271    22.5000     7.9706     0.1704     4.6530 3.2259e+02     7.4703     -0.001     -0.001    24.1945 0.0000e+00
     -0.016     -0.064     7.8431     93.982     33.232  32.723806    22.5000     8.3978     0.1704     4.6530 2.6357e+02     7.5307     -0.015     -0.022    24.2015 0.0000e+00
     -0.031     -0.067     7.8484     94.105     33.223  32.718364    22.5000     8.3940     0.1704     4.6530 1.8515e+02     7.5156     -0.031     -0.044    24.2093 0.0000e+00
     -0.048     -0.072     7.8564     94.206     33.190  32.689502    22.5900     8.4093     0.1704     4.7799 1.6465e+02     7.5156     -0.047     -0.068    24.2166 0.0000e+00
     -0.066     -0.080     7.8663     94.281     33.138  32.641476    22.5900     8.4321     0.1704     4.7799 2.5357e+02     7.5760     -0.064     -0.093    24.2231 0.0000e+00
     -0.086     -0.089     7.8766     94.326     33.091  32.599322    22.5900     8.5275     0.1704     4.7799 2.2247e+02     7.5156     -0.084     -0.122    24.2292 0.0000e+00
     -0.108     -0.100     7.8861     94.337     33.050  32.561758    22.5900     8.5084     0.1704     4.7799 6.3024e+02     7.5458     -0.106     -0.154    24.2348 0.0000e+00
     -0.134     -0.112     7.8938     94.299     32.983  32.498849    22.4100     8.5390     0.2130     4.4415 2.8514e+02     7.5609     -0.131     -0.190    24.2399 0.0000e+00
     -0.162     -0.127     7.8993     94.202     32.889  32.409754    22.4100     8.5580     0.2130     4.4415 2.2160e+02     7.6667     -0.159     -0.231    24.2452 0.0000e+00
     -0.195     -0.143     7.9022     94.036     32.780  32.306567    22.4100     8.3101     0.2130     4.4415 2.3648e+02     7.5458     -0.191     -0.277    24.2510 0.0000e+00
     -0.231     -0.160     7.9023     93.793     32.611  32.145836    22.4100     8.3024     0.2130     4.4415 2.6836e+02     7.5609     -0.226     -0.329    24.2563 0.0000e+00
     -0.272     -0.175     7.8985     93.455     32.361  31.902627    22.4100     8.3253     0.1704     4.4415 3.0263e+02     7.5458     -0.267     -0.388    24.2608 0.0000e+00
     -0.319     -0.187     7.8896     92.975     32.022  31.569844    22.4100     8.2872     0.1704     4.4415 3.0814e+02     7.6213     -0.313     -0.454    24.2658 0.0000e+00
     -0.369     -0.195     7.8747     92.284     31.511  31.066711    22.4100     6.8147     0.1704     4.4415 2.8831e+02     7.4703     -0.361     -0.524    24.2727 0.0000e+00
     -0.419     -0.197     7.8532     91.322     30.721  30.288936    22.4100     6.8452     0.1704     4.4415 2.7521e+02     7.5609     -0.411     -0.596    24.2807 0.0000e+00
     -0.468     -0.194     7.8241     90.079     29.417  29.005213    20.8800     6.8299     0.1704     3.5532 2.6094e+02     7.5760     -0.459     -0.666    24.2864 0.0000e+00
     -0.513     -0.186     7.7836     88.633     27.143  26.763669    20.8800     6.8452     0.1704     3.5532 1.8415e+02     7.5911     -0.503     -0.729    24.2886 0.0000e+00
     -0.552     -0.176     7.7256     87.166     23.908  23.573893    20.8800     1.7449     0.1704     3.5532 1.8641e+02    -0.3246     -0.541     -0.785    24.2896 0.0000e+00
     -0.584     -0.166     7.6449     85.930     21.275  20.976152    20.8800     1.7373     0.1704     3.5532 1.6816e+02    -0.3246     -0.572     -0.830    24.2911 0.0000e+00
     -0.609     -0.158     7.5406     85.145     20.619  20.327961    20.8800     1.7449     0.1704     3.5532 1.5349e+02    -0.3549     -0.598     -0.867    24.2933 0.0000e+00
     -0.629     -0.155     7.4193     84.888     20.809  20.515182     6.1200     1.7487    -1.4484    -4.3146 1.3013e+02    -0.3397     -0.617     -0.895    24.2952 0.0000e+00
     -0.644 -9.990e-29     7.2966 -9.990e-29 -9.990e-29 -9.990e-29     6.1200 -9.990e-29    -1.4484    -4.3146 1.1534e+02 -9.990e-29     -0.632     -0.916    24.2951 0.0000e+00
     -0.653 -9.990e-29     7.1935 -9.990e-29 -9.990e-29 -9.990e-29     6.1200 -9.990e-29    -1.4484    -4.3146 1.1482e+02 -9.990e-29     -0.641     -0.929    24.2923 0.0000e+00
     -0.658 -9.990e-29     7.1282 -9.990e-29 -9.990e-29 -9.990e-29     6.1200 -9.990e-29    -1.4484    -4.3146 1.0648e+02 -9.990e-29     -0.646     -0.937    24.2894 0.0000e+00
     -0.660 -9.990e-29     7.1068 -9.990e-29 -9.990e-29 -9.990e-29     0.2700 -9.990e-29     0.1278    -0.6345 8.9371e+01 -9.990e-29     -0.648     -0.939    24.2884 0.0000e+00
