Data/DataNotYetUploadedToEDI/Raw_CTD/RawDownloads/082525_bvr50_S8188001.cnv
* Sea-Bird SBE19plus  Data File:
* FileName = C:\R\Reservoirs\Data\DataNotYetUploadedToEDI\Raw_CTD\RawDownloads\082525_bvr50_S8188_0001.hex
* Software version 2.8.0.119
* Temperature SN = 8188
* Conductivity SN = 8188
* System UpLoad Time = Aug 26 2025 10:19:56
* <ApplicationData>
* <Seaterm232>
# nquan = 16
# nvalues = 1612                        
# units = specified
# name 0 = depFM: Depth [fresh water, m]
# name 1 = dz/dtM: Descent Rate [m/s]
# name 2 = sbeox0Mg/L: Oxygen, SBE 43 [mg/l]
# name 3 = sbeox0PS: Oxygen, SBE 43 [% saturation]
# name 4 = specc: Specific Conductance [uS/cm]
# name 5 = c0uS/cm: Conductivity [uS/cm]
# name 6 = wetCDOM: Fluorescence, WET Labs CDOM [mg/m^3]
# name 7 = flECO-AFL: Fluorescence, WET Labs ECO-AFL/FL [mg/m^3]
# name 8 = flECO-AFL1: Fluorescence, WET Labs ECO-AFL/FL, 2 [mg/m^3]
# name 9 = flECO-AFL2: Fluorescence, WET Labs ECO-AFL/FL, 3 [mg/m^3]
# name 10 = par/sat/log: PAR/Logarithmic, Satlantic
# name 11 = turbWETntu0: Turbidity, WET Labs ECO [NTU]
# name 12 = prdM: Pressure, Strain Gauge [db]
# name 13 = prdE: Pressure, Strain Gauge [psi]
# name 14 = tv290C: Temperature [ITS-90, deg C]
# name 15 = flag:  0.000e+00
# span 0 =     -0.660,      5.178       
# span 1 =     -0.197,      0.100       
# span 2 =    -2.4690,     9.2512       
# span 3 =    -27.433,    110.652       
# span 4 =   -561.390,    283.756       
# span 5 =-430.156398, 211.036134       
# span 6 =    -4.5000,    48.1500       
# span 7 =    -0.2846,    12.1630       
# span 8 =    -2.1300,     0.2130       
# span 9 =    -4.3146,     4.9491       
# span 10 = 1.1590e-01, 1.7229e+03      
# span 11 =    -0.3549,    70.2979      
# span 12 =     -0.648,      5.078      
# span 13 =     -0.939,      7.365      
# span 14 =    12.1327,    24.3707      
# span 15 = 0.0000e+00, 0.0000e+00      
# interval = seconds: 0.25
# start_time = Aug 25 2025 09:54:51 [Instrument's time stamp, header]
# bad_flag = -9.990e-29
*END*
[from data line 814]
      1.009      0.019     7.8208     93.414     33.144  32.676003    22.4100    11.3619     0.1704     4.8222 1.3343e+01     8.0594      0.990      1.436    24.2875 0.0000e+00
      1.014      0.018     7.8229     93.367     33.151  32.683295    22.4100    11.3390     0.1704     4.8222 1.3162e+01     7.9990      0.995      1.442    24.2875 0.0000e+00
      1.019      0.018     7.8237     93.314     33.166  32.697652    22.4100    11.3390     0.1704     4.8222 1.3005e+01     8.0896      0.999      1.449    24.2877 0.0000e+00
      1.023      0.018     7.8230     93.264     33.180  32.710952    22.4100    11.3810     0.1704     4.8222 1.2957e+01     8.0745      1.004      1.456    24.2881 0.0000e+00
      1.028      0.018     7.8204     93.218     33.188  32.718775    22.4100    11.4115     0.1704     4.8222 1.2784e+01     8.4522      1.008      1.462    24.2882 0.0000e+00
      1.032      0.017     7.8165     93.162     33.197  32.727190    22.5000    11.4153     0.2130     4.5684 1.2610e+01     8.2256      1.012      1.468    24.2881 0.0000e+00
      1.036      0.017     7.8121     93.097     33.203  32.732466    22.5000    11.4000     0.2130     4.5684 1.2621e+01     8.1954      1.017      1.475    24.2878 0.0000e+00
      1.041      0.016     7.8080     93.049     33.194  32.724060    22.5000    11.4382     0.2130     4.5684 1.2439e+01     8.3465      1.021      1.481    24.2874 0.0000e+00
      1.045      0.015     7.8042     93.035     33.177  32.707696    22.5000    11.1597     0.2130     4.5684 1.2339e+01     7.8479      1.025      1.486    24.2870 0.0000e+00
      1.049      0.015     7.7995     93.053     33.168  32.698929    22.5900    11.1597     0.1704     4.6530 1.2360e+01     7.8026      1.028      1.492    24.2866 0.0000e+00
      1.052      0.015     7.7941     93.095     33.163  32.693430    22.5900    11.1788     0.1704     4.6530 1.2318e+01     7.7422      1.032      1.497    24.2864 0.0000e+00
      1.056      0.015     7.7901     93.132     33.163  32.693715    22.5900    11.1902     0.1704     4.6530 1.2283e+01     7.7573      1.035      1.502    24.2864 0.0000e+00
      1.059      0.015     7.7889     93.131     33.172  32.701853    22.5900    11.0681     0.1704     4.6530 1.2216e+01     8.2105      1.039      1.507    24.2865 0.0000e+00
      1.063      0.016     7.7904     93.088     33.177  32.706070    22.5000    11.0376     0.1704     4.5261 1.2116e+01     8.2256      1.043      1.512    24.2865 0.0000e+00
      1.068      0.016     7.7939     93.015     33.185  32.713467    22.5000    11.0567     0.1704     4.5261 1.1861e+01     8.4069      1.047      1.518    24.2864 0.0000e+00
      1.072      0.016     7.7972     92.906     33.193  32.722033    22.5000    11.0300     0.1704     4.5261 1.1661e+01     8.2558      1.051      1.525    24.2860 0.0000e+00
      1.076      0.016     7.7972     92.766     33.195  32.724092    22.5000    10.7439     0.1704     4.5261 1.1418e+01     8.2558      1.055      1.531    24.2853 0.0000e+00
      1.080      0.015     7.7937     92.633     33.206  32.734137    22.5000    10.7553     0.1704     4.5261 1.1445e+01     8.2860      1.059      1.537    24.2846 0.0000e+00
      1.084      0.015     7.7876     92.547     33.214  32.742895    22.5000    10.7515     0.2130     4.6530 1.1327e+01     8.2407      1.063      1.542    24.2842 0.0000e+00
      1.088      0.014     7.7785     92.524     33.192  32.720834    22.5000    10.7324     0.2130     4.6530 1.1277e+01     8.3313      1.067      1.547    24.2841 0.0000e+00
      1.091      0.014     7.7668     92.551     33.152  32.681988    22.5000    10.7591     0.2130     4.6530 1.1211e+01     8.0594      1.070      1.552    24.2843 0.0000e+00
      1.094      0.014     7.7556     92.602     33.133  32.663801    22.5000    10.7324     0.2130     4.6530 1.1160e+01     8.0141      1.073      1.557    24.2845 0.0000e+00
      1.098      0.014     7.7483     92.653     33.141  32.671383    22.4100    10.7248     0.1704     4.4838 1.1016e+01     8.1048      1.076      1.561    24.2848 0.0000e+00
      1.101      0.015     7.7464     92.701     33.155  32.684845    22.4100    10.7515     0.1704     4.4838 1.0902e+01     8.0594      1.080      1.566    24.2851 0.0000e+00
      1.105      0.017     7.7486     92.755     33.164  32.693835    22.4100    11.1215     0.1704     4.4838 1.0842e+01     8.3162      1.084      1.572    24.2853 0.0000e+00
      1.109      0.019     7.7528     92.816     33.174  32.702741    22.4100    11.1101     0.1704     4.4838 1.0847e+01     8.3767      1.088      1.578    24.2855 0.0000e+00
      1.114      0.021     7.7571     92.883     33.184  32.711949    22.4100    11.1025     0.1704     4.5684 1.0786e+01     8.2860      1.092      1.584    24.2855 0.0000e+00
      1.119      0.023     7.7611     92.950     33.200  32.727895    22.4100    11.0872     0.1704     4.5684 1.0600e+01     8.2407      1.098      1.592    24.2852 0.0000e+00
      1.126      0.025     7.7657     93.011     33.213  32.740890    22.4100    11.3161     0.1704     4.5684 1.0108e+01     8.4824      1.104      1.601    24.2847 0.0000e+00
      1.133      0.026     7.7710     93.060     33.204  32.732489    22.4100    11.3848     0.1704     4.5684 9.7686e+00     8.5731      1.111      1.612    24.2841 0.0000e+00
      1.140      0.026     7.7766     93.105     33.196  32.726346    22.6800    11.3428     0.2130     4.6953 9.5919e+00     8.4975      1.118      1.622    24.2835 0.0000e+00
      1.147      0.026     7.7823     93.147     33.212  32.742732    22.6800    11.3771     0.2130     4.6953 9.4286e+00     8.5428      1.125      1.632    24.2832 0.0000e+00
      1.154      0.025     7.7873     93.187     33.236  32.768090    22.6800    11.0605     0.2130     4.6953 9.3125e+00     8.3162      1.131      1.641    24.2836 0.0000e+00
      1.160      0.024     7.7913     93.222     33.249  32.781299    22.6800    11.0453     0.2130     4.6953 9.2019e+00     8.2860      1.137      1.649    24.2845 0.0000e+00
      1.165      0.022     7.7949     93.239     33.254  32.785880    22.6800    11.0529     0.2130     4.6953 9.0355e+00     8.3162      1.143      1.658    24.2860 0.0000e+00
      1.171      0.021     7.7982     93.230     33.258  32.789030    22.5900    11.0605     0.2130     4.6530 8.9320e+00     8.2407      1.148      1.666    24.2878 0.0000e+00
      1.176      0.020     7.8013     93.206     33.242  32.773663    22.5900    11.5259     0.2130     4.6530 8.7002e+00     8.4673      1.154      1.673    24.2893 0.0000e+00
      1.181      0.019     7.8040     93.193     33.224  32.755600    22.5900    11.5221     0.2130     4.6530 8.6305e+00     8.6335      1.159      1.680    24.2903 0.0000e+00
      1.186      0.017     7.8055     93.196     33.221  32.751932    22.5900    11.5526     0.2130     4.6530 8.5336e+00     8.5126      1.163      1.687    24.2906 0.0000e+00
      1.190      0.016     7.8047     93.200     33.210  32.741764    22.5000    11.5450     0.1704     4.7799 8.4708e+00     8.5277      1.167      1.693    24.2903 0.0000e+00
      1.194      0.014     7.8027     93.190     33.187  32.718400    22.5000    11.5183     0.1704     4.7799 8.3374e+00     8.0594      1.171      1.698    24.2897 0.0000e+00
      1.197      0.013     7.8018     93.160     33.160  32.691545    22.5000    11.2017     0.1704     4.7799 8.3248e+00     8.1350      1.174      1.703    24.2892 0.0000e+00
      1.200      0.013     7.8021     93.113     33.132  32.663997    22.5000    11.2322     0.1704     4.7799 8.2833e+00     8.0896      1.177      1.707    24.2889 0.0000e+00
      1.203      0.012     7.8024     93.065     33.102  32.634384    22.6800    11.2398     0.1704     4.6953 8.1973e+00     8.0594      1.180      1.711    24.2887 0.0000e+00
      1.206      0.012     7.8016     93.014     33.094  32.626678    22.6800    11.2513     0.1704     4.6953 8.1689e+00     8.0443      1.183      1.715    24.2886 0.0000e+00
      1.209      0.012     7.7991     92.936     33.123  32.654759    22.6800    11.2055     0.1704     4.6953 8.1176e+00     8.1048      1.186      1.720    24.2886 0.0000e+00
      1.212      0.012     7.7952     92.839     33.153  32.684287    22.6800    11.2398     0.1704     4.6953 8.0841e+00     8.1199      1.188      1.724    24.2885 0.0000e+00
      1.215      0.013     7.7912     92.749     33.162  32.693260    22.5900    11.2322     0.1704     4.6107 7.9673e+00     8.0141      1.191      1.728    24.2883 0.0000e+00
      1.219      0.014     7.7870     92.682     33.167  32.698012    22.5900    11.2169     0.1704     4.6107 7.9224e+00     8.0745      1.195      1.733    24.2881 0.0000e+00
      1.222      0.015     7.7805     92.651     33.183  32.713755    22.5900    11.2474     0.1704     4.6107 7.8538e+00     8.2105      1.198      1.738    24.2876 0.0000e+00
      1.226      0.015     7.7724     92.665     33.202  32.732734    22.5900    11.2551     0.1704     4.6107 7.6800e+00     8.3011      1.202      1.744    24.2872 0.0000e+00
      1.230      0.016     7.7649     92.721     33.207  32.738102    22.5900    11.2398     0.1704     4.6107 7.6317e+00     8.2407      1.206      1.750    24.2869 0.0000e+00
      1.234      0.016     7.7593     92.813     33.190  32.721332    22.6800    11.2207     0.2130     4.7799 7.5805e+00     8.2860      1.210      1.755    24.2869 0.0000e+00
      1.238      0.016     7.7567     92.930     33.175  32.707827    22.6800    11.0605     0.2130     4.7799 7.4807e+00     8.3616      1.214      1.761    24.2871 0.0000e+00
      1.242      0.016     7.7579     93.047     33.181  32.713905    22.6800    11.0681     0.2130     4.7799 7.4176e+00     8.2256      1.218      1.767    24.2875 0.0000e+00
      1.247      0.017     7.7625     93.143     33.182  32.715292    22.6800    11.0567     0.2130     4.7799 7.2976e+00     8.1803      1.222      1.773    24.2880 0.0000e+00
      1.251      0.017     7.7701     93.209     33.171  32.704393    22.6800    11.0376     0.1704     4.7799 7.2109e+00     8.2407      1.227      1.779    24.2887 0.0000e+00
      1.255      0.018     7.7797     93.225     33.153  32.686267    22.6800    11.1826     0.1704     4.7799 7.2125e+00     8.2860      1.231      1.785    24.2895 0.0000e+00
      1.259      0.018     7.7894     93.184     33.149  32.681975    22.6800    11.1711     0.1704     4.7799 7.1222e+00     8.2105      1.235      1.791    24.2903 0.0000e+00
      1.264      0.019     7.7973     93.107     33.163  32.694354    22.6800    11.1788     0.1704     4.7799 7.0101e+00     8.3162      1.240      1.798    24.2908 0.0000e+00
      1.269      0.020     7.8029     93.012     33.167  32.696830    22.5900    11.1483     0.1704     4.6107 6.9449e+00     8.2860      1.245      1.805    24.2908 0.0000e+00
      1.275      0.022     7.8042     92.921     33.171  32.700021    22.5900    11.3123     0.1704     4.6107 6.8134e+00     8.3767      1.250      1.813    24.2903 0.0000e+00
      1.281      0.023     7.8010     92.851     33.184  32.710753    22.5900    11.2894     0.1704     4.6107 6.7149e+00     8.3011      1.256      1.821    24.2892 0.0000e+00
      1.287      0.023     7.7948     92.810     33.192  32.717947    22.5900    11.3008     0.1704     4.6107 6.6279e+00     8.2860      1.261      1.830    24.2877 0.0000e+00
      1.293      0.024     7.7871     92.806     33.197  32.721528    22.6800    11.2780     0.1704     4.7376 6.5024e+00     8.3011      1.267      1.839    24.2861 0.0000e+00
      1.299      0.024     7.7797     92.840     33.200  32.722452    22.6800    11.6899     0.1704     4.7376 6.3584e+00     7.9839      1.274      1.848    24.2844 0.0000e+00
      1.305      0.025     7.7741     92.894     33.203  32.724949    22.6800    11.7319     0.1704     4.7376 6.2911e+00     8.0896      1.280      1.857    24.2824 0.0000e+00
      1.312      0.025     7.7710     92.949     33.215  32.735659    22.6800    11.7167     0.1704     4.7376 6.2096e+00     8.1199      1.286      1.866    24.2801 0.0000e+00
      1.318      0.025     7.7710     92.997     33.217  32.737520    22.6800    11.7395     0.1704     4.7376 6.1559e+00     8.1199      1.292      1.875    24.2777 0.0000e+00
      1.324      0.025     7.7741     93.031     33.209  32.729037    22.7700    11.6022     0.2130     4.8645 6.0472e+00     8.1803      1.299      1.884    24.2756 0.0000e+00
      1.331      0.025     7.7789     93.047     33.223  32.741808    22.7700    11.6022     0.2130     4.8645 5.8660e+00     8.2709      1.305      1.893    24.2740 0.0000e+00
      1.338      0.024     7.7837     93.031     33.249  32.767289    22.7700    11.6060     0.2130     4.8645 5.7975e+00     8.4069      1.311      1.902    24.2729 0.0000e+00
      1.344      0.023     7.7878     92.973     33.267  32.784388    22.7700    11.5984     0.2130     4.8645 5.6927e+00     8.2105      1.317      1.911    24.2720 0.0000e+00
      1.349      0.022     7.7909     92.888     33.270  32.787707    22.6800    11.5450     0.1704     4.7376 5.6569e+00     8.5731      1.323      1.919    24.2713 0.0000e+00
      1.355      0.022     7.7923     92.804     33.248  32.766181    22.6800    11.5412     0.1704     4.7376 5.5788e+00     8.4824      1.329      1.927    24.2706 0.0000e+00
      1.360      0.021     7.7910     92.737     33.229  32.747929    22.6800    11.5526     0.1704     4.7376 5.5365e+00     8.5277      1.334      1.935    24.2700 0.0000e+00
      1.366      0.020     7.7862     92.689     33.239  32.757960    22.6800    11.5374     0.1704     4.7376 5.4352e+00     8.5277      1.339      1.942    24.2696 0.0000e+00
      1.371      0.019     7.7791     92.649     33.246  32.765089    22.6800    11.9608     0.2130     4.6953 5.3404e+00     8.4371      1.344      1.949    24.2695 0.0000e+00
      1.376      0.019     7.7720     92.615     33.240  32.759268    22.6800    11.9494     0.2130     4.6953 5.3218e+00     8.5882      1.349      1.956    24.2696 0.0000e+00
      1.380      0.018     7.7663     92.594     33.234  32.752885    22.6800    11.9455     0.2130     4.6953 5.2460e+00     8.4673      1.354      1.963    24.2700 0.0000e+00
      1.385      0.017     7.7622     92.593     33.225  32.744240    22.6800    11.9684     0.2130     4.6953 5.1489e+00     8.6033      1.358      1.969    24.2704 0.0000e+00
      1.389      0.016     7.7589     92.603     33.219  32.737002    22.6800    12.1553     0.2130     4.6953 5.1344e+00     8.7996      1.362      1.975    24.2708 0.0000e+00
      1.392      0.015     7.7559     92.613     33.216  32.733224    22.6800    12.1401     0.1704     4.7799 5.0999e+00     8.8601      1.366      1.981    24.2710 0.0000e+00
      1.396      0.014     7.7543     92.606     33.219  32.733891    22.6800    12.1401     0.1704     4.7799 5.0547e+00     8.7543      1.369      1.986    24.2707 0.0000e+00
      1.399      0.014     7.7543     92.578     33.237  32.749140    22.6800    12.1515     0.1704     4.7799 5.0657e+00     8.6788      1.373      1.991    24.2700 0.0000e+00
      1.403      0.014     7.7554     92.532     33.280  32.789011    22.6800    12.1515     0.1704     4.7799 4.9849e+00     8.5428      1.376      1.996    24.2687 0.0000e+00
      1.406      0.015     7.7565     92.468     33.325  32.830278    22.6800    12.1630     0.1704     4.8222 5.0088e+00     8.4975      1.379      2.001    24.2669 0.0000e+00
      1.410      0.016     7.7563     92.383     33.345  32.846098    22.6800    12.1401     0.1704     4.8222 5.0635e+00     8.4975      1.383      2.006    24.2643 0.0000e+00
      1.414      0.017     7.7544     92.276     33.355  32.852643    22.6800    12.1058     0.1704     4.8222 4.9043e+00     8.4371      1.387      2.012    24.2608 0.0000e+00
