Data/DataNotYetUploadedToEDI/Raw_CTD/RawDownloads/082525_fcr40_S7809005.cnv
* Sea-Bird SBE19plus  Data File:
* FileName = C:\R\Reservoirs\Data\DataNotYetUploadedToEDI\Raw_CTD\RawDownloads\082525_fcr50_S7809_0005.hex
* Software version 2.8.0.119
* Temperature SN = 7809
* Conductivity SN = 7809
* System UpLoad Time = Aug 26 2025 10:30:26
* <ApplicationData>
* <Seaterm232>
# nquan = 15
# nvalues = 1753                        
# units = specified
# name 0 = depFM: Depth [fresh water, m]
# name 1 = dz/dtM: Descent Rate [m/s]
# name 2 = sbeox0Mg/L: Oxygen, SBE 43 [mg/l]
# name 3 = sbeox0PS: Oxygen, SBE 43 [% saturation]
# name 4 = specc: Specific Conductance [uS/cm]
# name 5 = c0uS/cm: Conductivity [uS/cm]
# name 6 = flECO-AFL: Fluorescence, WET Labs ECO-AFL/FL [mg/m^3]
# name 7 = ph: pH
# name 8 = orp: Oxidation Reduction Potential [mV]
# name 9 = par/sat/log: PAR/Logarithmic, Satlantic
# name 10 = turbWETntu0: Turbidity, WET Labs ECO [NTU]
# name 11 = prdM: Pressure, Strain Gauge [db]
# name 12 = prdE: Pressure, Strain Gauge [psi]
# name 13 = tv290C: Temperature [ITS-90, deg C]
# name 14 = flag:  0.000e+00
# span 0 =     -0.652,      5.530       
# span 1 =     -0.308,      0.291       
# span 2 =     0.0054,    11.5921       
# span 3 =      0.085,    133.415       
# span 4 =      6.872,     61.382       
# span 5 =   6.941927,  47.319163       
# span 6 =    -0.1115,    45.3851       
# span 7 =      8.227,     11.007       
# span 8 =   109.2081,   219.1221       
# span 9 = 1.3271e-01, 6.4037e+02       
# span 10 =     2.5025,   344.5294      
# span 11 =     -0.641,      5.425      
# span 12 =     -0.929,      7.868      
# span 13 =    12.1307,    25.7259      
# span 14 = 0.0000e+00, 0.0000e+00      
# interval = seconds: 0.25
# start_time = Aug 25 2025 13:42:47 [Instrument's time stamp, header]
# bad_flag = -9.990e-29
*END*
[from data line 1254]
      5.498      0.007     4.3440     40.352     56.236  41.801459     2.3690      8.318   205.6264 1.7604e-01    51.6555      5.391      7.819    12.1452 0.0000e+00
      5.499      0.009     4.3466     40.296     56.251  41.814143     2.4810      8.318   205.7456 1.7267e-01    56.5293      5.392      7.820    12.1473 0.0000e+00
      5.501      0.010     4.3414     40.270     56.289  41.845565     3.7365      8.318   205.8094 1.6099e-01   109.7461      5.394      7.824    12.1542 0.0000e+00
      5.506      0.011     4.3401     40.275     56.306  41.864025     6.0796      8.317   205.8823 1.6399e-01   207.5379      5.400      7.831    12.1615 0.0000e+00
      5.510      0.011     4.3321     40.327     56.274  41.846936     7.3407      8.316   206.0243 1.7407e-01   261.1428      5.404      7.837    12.1642 0.0000e+00
      5.512      0.011     4.3236     40.417     56.243  41.829361     7.3903      8.316   206.1496 1.7465e-01   267.9290      5.406      7.841    12.1640 0.0000e+00
      5.514      0.010     4.3228     40.529     56.255  41.841950     6.6709      8.315   206.2792 1.7209e-01   288.4275      5.408      7.843    12.1658 0.0000e+00
      5.516      0.009     4.3200     40.642     56.295  41.872208     5.2929      8.314   206.3857 1.6736e-01   325.1085      5.410      7.846    12.1725 0.0000e+00
      5.519      0.009     4.3267     40.731     56.304  41.877861     4.5111      8.313   206.4056 1.6771e-01   344.5294      5.412      7.850    12.1798 0.0000e+00
      5.522      0.009     4.3359     40.786     56.267  41.846821     4.3101      8.312   206.4337 1.6692e-01   339.5009      5.415      7.854    12.1841 0.0000e+00
      5.524      0.008     4.3483     40.785     56.228  41.814256     3.2206      8.312   206.5532 1.5756e-01   264.8210      5.417      7.857    12.1866 0.0000e+00
      5.525      0.005     4.3624     40.751     56.215  41.801467     1.2752      8.312   206.8175 1.4809e-01   127.6736      5.419      7.859    12.1880 0.0000e+00
      5.528      0.000     4.3706     40.715     56.242  41.819127     0.2149      8.311   207.1343 1.4399e-01    53.0028      5.421      7.862    12.1867 0.0000e+00
      5.530     -0.007     4.3795     40.648     56.270  41.837368     0.1138      8.311   207.2007 1.4373e-01    48.3146      5.424      7.867    12.1831 0.0000e+00
      5.529     -0.016     4.3785     40.545     56.266  41.831611     0.2532      8.310   207.1033 1.5299e-01    71.0907      5.425      7.868    12.1794 0.0000e+00
      5.524     -0.027     4.3721     40.441     56.241  41.812986     0.5843      8.309   207.2480 1.7629e-01   113.9685      5.419      7.859    12.1768 0.0000e+00
      5.514     -0.043     4.3715     40.349     56.225  41.802589     0.7960      8.309   207.5731 1.9617e-01   137.2262      5.407      7.842    12.1750 0.0000e+00
      5.503     -0.067     4.3650     40.284     56.260  41.832846     0.8329      8.308   207.7647 2.0037e-01   137.4343      5.396      7.826    12.1726 0.0000e+00
      5.491     -0.092     4.3510     40.263     56.289  41.861471     0.8228      8.306   207.9297 1.9818e-01   116.4848      5.387      7.814    12.1701 0.0000e+00
      5.471     -0.110     4.3408     40.293     56.238  41.831347     0.7901      8.305   208.1052 2.1376e-01    77.7147      5.371      7.790    12.1693 0.0000e+00
      5.434     -0.115     4.3301     40.369     56.167  41.785982     0.7876      8.305   208.1661 2.5265e-01    56.5827      5.336      7.739    12.1709 0.0000e+00
      5.381     -0.107     4.3213     40.460     56.123  41.757265     0.8247      8.305   208.2356 2.9092e-01    54.4235      5.276      7.653    12.1746 0.0000e+00
      5.333     -0.089     4.3196     40.565     56.102  41.738017     0.8484      8.304   208.3432 3.0429e-01    51.0615      5.216      7.566    12.1802 0.0000e+00
      5.313     -0.064     4.3202     40.682     56.122  41.743669     0.8327      8.303   208.4353 3.0356e-01    45.1047      5.201      7.544    12.1885 0.0000e+00
      5.317     -0.040     4.3310     40.774     56.159  41.762127     0.8012      8.303   208.5750 3.0458e-01    41.8036      5.215      7.563    12.1964 0.0000e+00
      5.326     -0.028     4.3393     40.847     56.178  41.770762     0.8004      8.303   208.7419 2.9573e-01    41.5159      5.222      7.575    12.2018 0.0000e+00
      5.333     -0.035     4.3497     40.910     56.199  41.784612     0.8232      8.302   208.8180 2.8261e-01    41.2167      5.231      7.587    12.1980 0.0000e+00
      5.333     -0.058     4.3677     40.954     56.224  41.802633     0.7690      8.300   208.8935 2.8575e-01    37.0931      5.238      7.598    12.1864 0.0000e+00
      5.314     -0.086     4.3759     41.002     56.215  41.798250     0.6275      8.298   208.9662 3.1976e-01    29.4045      5.221      7.572    12.1781 0.0000e+00
      5.274     -0.109     4.3841     41.083     56.204  41.795092     0.5269      8.296   208.9224 3.7504e-01    25.1474      5.174      7.505    12.1738 0.0000e+00
      5.229     -0.121     4.3927     41.203     56.239  41.827925     0.5183      8.296   208.9666 4.1449e-01    24.9384      5.124      7.432    12.1715 0.0000e+00
      5.189     -0.117     4.3954     41.343     56.296  41.877878     0.5733      8.295   209.1563 4.4045e-01    27.1162      5.085      7.375    12.1715 0.0000e+00
      5.158     -0.099     4.3991     41.497     56.306  41.891315     0.6263      8.294   209.3228 4.7150e-01    31.1202      5.055      7.331    12.1735 0.0000e+00
      5.135     -0.072     4.4075     41.667     56.262  41.863455     0.6262      8.294   209.4309 4.9437e-01    33.4172      5.033      7.299    12.1783 0.0000e+00
      5.122     -0.043     4.4201     41.795     56.254  41.858388     0.6224      8.295   209.4314 5.0467e-01    34.4278      5.019      7.281    12.1849 0.0000e+00
      5.118     -0.019     4.4360     41.866     56.304  41.893518     0.7048      8.296   209.4144 5.0968e-01    42.9636      5.017      7.277    12.1917 0.0000e+00
      5.120     -0.003     4.4495     41.924     56.413  41.970856     0.8565      8.295   209.4841 5.0146e-01    58.5005      5.019      7.279    12.1977 0.0000e+00
      5.127      0.006     4.4710     41.936     56.586  42.095289     0.9260      8.295   209.5847 4.8343e-01    66.7889      5.027      7.291    12.2021 0.0000e+00
      5.135      0.007     4.4872     41.920     56.723  42.192069     0.8950      8.295   209.7705 4.7973e-01    66.8661      5.039      7.309    12.2028 0.0000e+00
      5.137     -0.002     4.4881     41.922     56.725  42.188936     0.7990      8.295   210.0109 4.8804e-01    60.1856      5.040      7.310    12.2001 0.0000e+00
      5.136     -0.019     4.5006     41.895     56.639  42.120877     0.6719      8.294   210.1682 4.9908e-01    47.8093      5.035      7.304    12.1970 0.0000e+00
      5.134     -0.040     4.5012     41.846     56.571  42.067356     0.6233      8.292   210.2092 5.1060e-01    41.0201      5.036      7.304    12.1932 0.0000e+00
      5.125     -0.061     4.4940     41.815     56.549  42.049588     0.6104      8.290   210.2489 5.1814e-01    40.1311      5.031      7.297    12.1883 0.0000e+00
      5.104     -0.080     4.5017     41.775     56.524  42.032990     0.5751      8.288   210.3894 5.3541e-01    37.5040      5.009      7.265    12.1843 0.0000e+00
      5.074     -0.095     4.4967     41.702     56.466  41.993607     0.5546      8.288   210.5314 5.7159e-01    32.8600      4.975      7.216    12.1809 0.0000e+00
      5.042     -0.100     4.4888     41.616     56.407  41.954247     0.5701      8.288   210.6762 6.0572e-01    30.4040      4.944      7.170    12.1779 0.0000e+00
      5.011     -0.095     4.4888     41.552     56.380  41.937931     0.6039      8.288   210.8496 6.2120e-01    30.2517      4.913      7.126    12.1765 0.0000e+00
      4.982     -0.080     4.4842     41.497     56.357  41.923272     0.5965      8.288   210.9066 6.3143e-01    30.0966      4.883      7.082    12.1782 0.0000e+00
      4.960     -0.057     4.4766     41.464     56.330  41.903949     0.5484      8.287   210.9356 6.3773e-01    29.0059      4.860      7.049    12.1818 0.0000e+00
      4.949     -0.033     4.4628     41.454     56.320  41.894716     0.5125      8.287   211.1141 6.2245e-01    27.2435      4.850      7.035    12.1859 0.0000e+00
      4.948     -0.011     4.4584     41.386     56.297  41.875101     0.5130      8.287   211.3438 5.8427e-01    26.4143      4.851      7.036    12.1892 0.0000e+00
      4.953      0.004     4.4521     41.281     56.277  41.857204     0.5373      8.286   211.4753 5.3966e-01    26.3251      4.856      7.042    12.1920 0.0000e+00
      4.961      0.012     4.4441     41.178     56.297  41.868724     0.5230      8.285   211.5862 5.1350e-01    24.7297      4.866      7.057    12.1925 0.0000e+00
      4.968      0.007     4.4532     41.055     56.325  41.887452     0.4653      8.284   211.8241 4.9766e-01    21.6762      4.874      7.069    12.1908 0.0000e+00
      4.973     -0.013     4.4409     40.947     56.335  41.893217     0.4385      8.284   212.1143 4.6242e-01    19.9783      4.878      7.075    12.1887 0.0000e+00
      4.973     -0.047     4.4279     40.897     56.310  41.874965     0.4572      8.284   212.3421 4.2233e-01    19.9140      4.879      7.076    12.1855 0.0000e+00
      4.968     -0.084     4.4210     40.887     56.285  41.857182     0.4842      8.283   212.5132 4.0872e-01    20.2836      4.877      7.073    12.1823 0.0000e+00
      4.947     -0.113     4.4051     40.927     56.296  41.868617     0.4810      8.281   212.5489 4.3618e-01    20.7589      4.863      7.054    12.1799 0.0000e+00
      4.898     -0.128     4.3911     41.057     56.314  41.886284     0.4596      8.281   212.4294 4.9486e-01    20.9811      4.811      6.979    12.1788 0.0000e+00
      4.834     -0.128     4.3879     41.244     56.300  41.880384     0.4506      8.282   212.4448 5.3144e-01    21.2626      4.733      6.864    12.1790 0.0000e+00
      4.784     -0.112     4.3869     41.437     56.271  41.860768     0.4896      8.282   212.6493 5.1035e-01    24.1618      4.680      6.787    12.1799 0.0000e+00
      4.763     -0.083     4.3866     41.628     56.243  41.839523     0.5807      8.282   212.8370 4.5826e-01    29.3907      4.665      6.766    12.1823 0.0000e+00
      4.760     -0.048     4.4034     41.793     56.212  41.813916     0.6120      8.281   212.9935 4.1241e-01    32.1519      4.667      6.769    12.1869 0.0000e+00
      4.763     -0.017     4.4253     41.889     56.205  41.805045     0.5694      8.281   213.0788 3.8132e-01    32.2010      4.671      6.775    12.1917 0.0000e+00
      4.766      0.002     4.4452     41.940     56.197  41.795723     0.5398      8.281   213.0938 3.5850e-01    30.5658      4.674      6.779    12.1937 0.0000e+00
      4.769      0.007     4.4659     41.959     56.160  41.764675     0.5445      8.280   213.1744 3.2907e-01    27.5811      4.677      6.783    12.1929 0.0000e+00
      4.771      0.002     4.4883     41.944     56.140  41.746987     0.5685      8.280   213.3659 2.9232e-01    25.9343      4.679      6.787    12.1900 0.0000e+00
      4.774     -0.013     4.4951     41.927     56.177  41.772269     0.5628      8.280   213.6024 2.7218e-01    25.6505      4.683      6.790    12.1868 0.0000e+00
      4.777     -0.033     4.5013     41.932     56.238  41.816480     0.5262      8.278   213.7962 2.6998e-01    25.4477      4.686      6.796    12.1839 0.0000e+00
      4.772     -0.056     4.5051     41.963     56.266  41.837237     0.4918      8.276   213.9030 2.7409e-01    24.9507      4.685      6.796    12.1804 0.0000e+00
      4.753     -0.079     4.5007     42.006     56.259  41.832834     0.4799      8.276   213.9466 2.8259e-01    24.1512      4.667      6.769    12.1776 0.0000e+00
      4.721     -0.098     4.4994     42.032     56.249  41.826714     0.4992      8.277   214.0657 3.0056e-01    23.7399      4.630      6.716    12.1758 0.0000e+00
      4.685     -0.108     4.4990     42.039     56.248  41.826723     0.5010      8.277   214.3111 3.2674e-01    23.7699      4.592      6.661    12.1746 0.0000e+00
      4.650     -0.106     4.5031     42.049     56.255  41.832946     0.4850      8.276   214.5041 3.5427e-01    25.2650      4.560      6.614    12.1748 0.0000e+00
      4.620     -0.092     4.5092     42.072     56.262  41.838484     0.4960      8.276   214.5924 3.7517e-01    28.2213      4.528      6.569    12.1755 0.0000e+00
      4.595     -0.071     4.5119     42.107     56.252  41.830211     0.5259      8.276   214.6035 3.9199e-01    29.9319      4.502      6.530    12.1763 0.0000e+00
      4.580     -0.047     4.5113     42.133     56.210  41.796387     0.5556      8.276   214.6394 4.0330e-01    29.9964      4.487      6.507    12.1776 0.0000e+00
      4.575     -0.025     4.5121     42.123     56.146  41.746870     0.5386      8.276   214.7681 3.9521e-01    27.6340      4.485      6.505    12.1788 0.0000e+00
      4.576     -0.006     4.5143     42.084     56.136  41.739255     0.4697      8.275   214.8688 3.8322e-01    23.1964      4.487      6.507    12.1796 0.0000e+00
      4.581      0.007     4.5189     42.053     56.175  41.767786     0.4305      8.274   214.9963 3.7584e-01    20.8172      4.491      6.514    12.1784 0.0000e+00
      4.586      0.013     4.5238     42.033     56.185  41.774495     0.4479      8.274   215.1913 3.6938e-01    20.6615      4.499      6.525    12.1757 0.0000e+00
      4.591      0.013     4.5226     42.012     56.161  41.756901     0.4719      8.274   215.3339 3.6778e-01    20.2201      4.503      6.531    12.1741 0.0000e+00
      4.594      0.006     4.5159     41.987     56.145  41.745464     0.4622      8.274   215.4298 3.6378e-01    19.2371      4.504      6.534    12.1733 0.0000e+00
      4.598     -0.008     4.5131     41.972     56.167  41.763153     0.4388      8.274   215.4906 3.5536e-01    18.6496      4.509      6.540    12.1730 0.0000e+00
      4.600     -0.025     4.5117     41.976     56.187  41.780363     0.4303      8.274   215.5520 3.5463e-01    18.6160      4.515      6.549    12.1731 0.0000e+00
      4.595     -0.040     4.5094     41.982     56.157  41.763151     0.4596      8.273   215.7426 3.6312e-01    18.6602      4.512      6.544    12.1732 0.0000e+00
      4.577     -0.052     4.5065     41.966     56.125  41.745460     0.5099      8.273   215.9888 3.6684e-01    18.6023      4.490      6.512    12.1735 0.0000e+00
      4.552     -0.059     4.5034     41.911     56.135  41.756876     0.5221      8.273   216.1189 3.7001e-01    18.4631      4.463      6.473    12.1741 0.0000e+00
      4.530     -0.062     4.5051     41.835     56.155  41.774247     0.5080      8.272   216.1110 3.8261e-01    18.4120      4.440      6.440    12.1762 0.0000e+00
      4.515     -0.059     4.5057     41.756     56.141  41.765091     0.4973      8.270   216.1516 3.9242e-01    18.5303      4.425      6.418    12.1813 0.0000e+00
      4.504     -0.056     4.5049     41.656     56.063  41.709632     0.5088      8.269   216.3517 3.9812e-01    18.7667      4.417      6.406    12.1874 0.0000e+00
      4.495     -0.058     4.4973     41.541     55.923  41.611463     0.5395      8.268   216.5522 4.0956e-01    18.8452      4.408      6.394    12.1916 0.0000e+00
      4.486     -0.061     4.4871     41.448     55.800  41.530205     0.5432      8.268   216.5963 4.2031e-01    18.6937      4.401      6.382    12.1932 0.0000e+00
      4.473     -0.060     4.4814     41.400     55.813  41.552267     0.5203      8.268   216.5408 4.3905e-01    18.5745      4.390      6.367    12.1935 0.0000e+00
      4.449     -0.053     4.4691     41.394     55.896  41.624351     0.5048      8.268   216.4835 4.7740e-01    18.5998      4.368      6.336    12.1945 0.0000e+00
