Data/DataNotYetUploadedToEDI/Raw_CTD/RawDownloads/082525_fcr50_S7809001.cnv
* Sea-Bird SBE19plus  Data File:
* FileName = C:\R\Reservoirs\Data\DataNotYetUploadedToEDI\Raw_CTD\RawDownloads\082525_fcr50_S7809_0001.hex
* Software version 2.8.0.119
* Temperature SN = 7809
* Conductivity SN = 7809
* System UpLoad Time = Aug 26 2025 10:27:57
* <ApplicationData>
* <Seaterm232>
# nquan = 15
# nvalues = 1545                        
# units = specified
# name 0 = depFM: Depth [fresh water, m]
# name 1 = dz/dtM: Descent Rate [m/s]
# name 2 = sbeox0Mg/L: Oxygen, SBE 43 [mg/l]
# name 3 = sbeox0PS: Oxygen, SBE 43 [% saturation]
# name 4 = specc: Specific Conductance [uS/cm]
# name 5 = c0uS/cm: Conductivity [uS/cm]
# name 6 = flECO-AFL: Fluorescence, WET Labs ECO-AFL/FL [mg/m^3]
# name 7 = ph: pH
# name 8 = orp: Oxidation Reduction Potential [mV]
# name 9 = par/sat/log: PAR/Logarithmic, Satlantic
# name 10 = turbWETntu0: Turbidity, WET Labs ECO [NTU]
# name 11 = prdM: Pressure, Strain Gauge [db]
# name 12 = prdE: Pressure, Strain Gauge [psi]
# name 13 = tv290C: Temperature [ITS-90, deg C]
# name 14 = flag:  0.000e+00
# span 0 =     -0.657,      6.473       
# span 1 =     -0.229,      0.287       
# span 2 =     0.0411,    10.9650       
# span 3 =      0.411,    127.671       
# span 4 =      0.896,     56.721       
# span 5 =   0.863422,  45.526714       
# span 6 =    -2.0042,   227.5557       
# span 7 =     -2.133,     10.738       
# span 8 = -1240.7455,   686.6992       
# span 9 = 1.2359e-01, 1.4053e+03       
# span 10 =    -4.7121,    26.6801      
# span 11 =     -0.645,      6.352      
# span 12 =     -0.936,      9.213      
# span 13 =    12.1445,    25.3672      
# span 14 = 0.0000e+00, 0.0000e+00      
# interval = seconds: 0.25
# start_time = Aug 25 2025 11:37:22 [Instrument's time stamp, header]
# bad_flag = -9.990e-29
*END*
[from data line 482]
      0.733      0.040     9.4307    114.950     37.949  38.216246     1.7934     10.345   121.9619 1.5175e+02     6.9804      0.718      1.041    25.3469 0.0000e+00
      0.745      0.039     9.4263    115.075     37.965  38.232395     1.7735     10.347   120.3359 1.5081e+02     6.9411      0.731      1.060    25.3470 0.0000e+00
      0.756      0.037     9.4245    115.158     37.949  38.214993     1.7423     10.349   119.3949 1.4991e+02     6.8747      0.742      1.076    25.3469 0.0000e+00
      0.765      0.035     9.4267    115.165     37.931  38.196214     1.7412     10.352   119.3603 1.4960e+02     6.8602      0.751      1.090    25.3469 0.0000e+00
      0.772      0.034     9.4356    115.085     37.931  38.195703     1.7683     10.355   119.8309 1.4938e+02     6.9371      0.759      1.100    25.3466 0.0000e+00
      0.778      0.033     9.4490    114.930     37.946  38.208810     1.7613     10.357   120.5258 1.4890e+02     6.9160      0.762      1.106    25.3458 0.0000e+00
      0.787      0.033     9.4567    114.771     37.966  38.227771     1.7241     10.358   120.6206 1.4852e+02     6.8104      0.771      1.118    25.3445 0.0000e+00
      0.797      0.033     9.4572    114.643     37.973  38.234587     1.7095     10.359   120.1162 1.4826e+02     6.8209      0.783      1.135    25.3432 0.0000e+00
      0.806      0.033     9.4522    114.526     37.967  38.227774     1.7267     10.362   119.7617 1.4782e+02     6.9419      0.791      1.148    25.3418 0.0000e+00
      0.815      0.033     9.4357    114.440     37.948  38.208851     1.7573     10.366   119.6903 1.4744e+02     7.0089      0.798      1.158    25.3403 0.0000e+00
      0.823      0.032     9.4221    114.438     37.935  38.196161     1.7546     10.369   119.7698 1.4709e+02     6.9136      0.807      1.170    25.3388 0.0000e+00
      0.831      0.029     9.4136    114.538     37.940  38.201248     1.7192     10.370   120.5506 1.4660e+02     6.7803      0.815      1.182    25.3378 0.0000e+00
      0.838      0.027     9.4028    114.670     37.946  38.206907     1.7036     10.371   121.4732 1.4638e+02     6.7979      0.822      1.192    25.3377 0.0000e+00
      0.845      0.024     9.3942    114.803     37.940  38.201130     1.7236     10.372   121.3745 1.4627e+02     6.9211      0.829      1.202    25.3382 0.0000e+00
      0.851      0.020     9.3921    114.969     37.934  38.194850     1.7612     10.373   120.9063 1.4545e+02     6.9716      0.835      1.211    25.3382 0.0000e+00
      0.856      0.018     9.4041    115.137     37.934  38.194434     1.7667     10.374   120.6295 1.4445e+02     6.8965      0.840      1.218    25.3380 0.0000e+00
      0.859      0.018     9.4167    115.257     37.936  38.196089     1.7662     10.375   120.6092 1.4381e+02     6.8669      0.843      1.222    25.3379 0.0000e+00
      0.861      0.019     9.4241    115.332     37.955  38.214860     1.7967     10.377   121.5212 1.4322e+02     6.9553      0.844      1.224    25.3376 0.0000e+00
      0.865      0.021     9.4400    115.367     37.971  38.231022     1.8105     10.380   123.1391 1.4275e+02     7.0438      0.847      1.228    25.3374 0.0000e+00
      0.870      0.024     9.4562    115.342     37.941  38.201133     1.8169     10.382   124.0812 1.4215e+02     7.0141      0.853      1.238    25.3374 0.0000e+00
      0.878      0.026     9.4646    115.247     37.912  38.170768     1.8065     10.385   123.7057 1.4140e+02     6.8701      0.860      1.248    25.3374 0.0000e+00
      0.887      0.028     9.4708    115.105     37.923  38.181161     1.7761     10.389   122.7287 1.4110e+02     6.8389      0.869      1.261    25.3376 0.0000e+00
      0.896      0.031     9.4744    114.964     37.942  38.199874     1.7663     10.393   122.9385 1.4110e+02     6.9452      0.880      1.278    25.3377 0.0000e+00
      0.902      0.035     9.4732    114.870     37.949  38.206659     1.7630     10.398   124.4355 1.4107e+02     6.9941      0.886      1.285    25.3370 0.0000e+00
      0.906      0.038     9.4646    114.828     37.943  38.199738     1.7525     10.403   125.2551 1.4046e+02     6.9174      0.887      1.286    25.3359 0.0000e+00
      0.915      0.042     9.4519    114.838     37.924  38.179651     1.7307     10.407   125.0184 1.3911e+02     6.8029      0.894      1.296    25.3346 0.0000e+00
      0.931      0.048     9.4386    114.931     37.901  38.154155     1.7331     10.411   124.5854 1.3796e+02     6.8397      0.913      1.325    25.3334 0.0000e+00
      0.947      0.053     9.4310    115.056     37.896  38.145293     1.7566     10.416   124.2345 1.3721e+02     6.9523      0.932      1.352    25.3327 0.0000e+00
      0.959      0.058     9.4288    115.111     37.894  38.135944     1.7656     10.421   123.9598 1.3646e+02     6.9688      0.939      1.361    25.3326 0.0000e+00
      0.972      0.061     9.4266    115.105     37.874  38.104565     1.7671     10.425   123.9318 1.3531e+02     6.9366      0.951      1.378    25.3320 0.0000e+00
      0.990      0.061     9.4367    115.114     37.865  38.083155     1.7496     10.428   124.2393 1.3420e+02     6.8701      0.973      1.410    25.3301 0.0000e+00
      1.007      0.061     9.4529    115.133     37.860  38.067428     1.7446     10.432   124.6670 1.3342e+02     6.8487      0.989      1.434    25.3244 0.0000e+00
      1.023      0.060     9.4582    115.101     37.844  38.041309     1.7816     10.436   124.8014 1.3206e+02     6.8825      1.002      1.453    25.3131 0.0000e+00
      1.040      0.058     9.4566    115.032     37.834  38.021157     1.8227     10.439   123.9714 1.3052e+02     6.8686      1.021      1.480    25.2987 0.0000e+00
      1.054      0.054     9.4604    114.952     37.838  38.014130     1.8252     10.442   122.6323 1.2969e+02     6.8520      1.036      1.502    25.2822 0.0000e+00
      1.066      0.050     9.4687    114.864     37.856  38.019781     1.7949     10.444   122.6352 1.2883e+02     6.8179      1.044      1.516    25.2668 0.0000e+00
      1.078      0.045     9.4661    114.798     37.872  38.026002     1.7894     10.446   123.5758 1.2758e+02     6.8328      1.058      1.534    25.2547 0.0000e+00
      1.091      0.041     9.4612    114.740     37.879  38.025887     1.8179     10.447   123.9397 1.2642e+02     6.8610      1.071      1.554    25.2423 0.0000e+00
      1.101      0.040     9.4595    114.655     37.878  38.018371     1.8394     10.448   123.2489 1.2554e+02     6.8511      1.081      1.569    25.2260 0.0000e+00
      1.109      0.040     9.4518    114.550     37.863  37.998571     1.8320     10.451   121.9351 1.2481e+02     6.8839      1.087      1.578    25.2100 0.0000e+00
      1.116      0.041     9.4500    114.448     37.845  37.976851     1.8045     10.455   121.3899 1.2376e+02     6.8476      1.093      1.585    25.1974 0.0000e+00
      1.126      0.044     9.4488    114.348     37.816  37.946130     1.8145     10.456   121.5607 1.2266e+02     6.8558      1.103      1.599    25.1875 0.0000e+00
      1.138      0.048     9.4417    114.230     37.753  37.880939     1.8704     10.458   122.0212 1.2169e+02     6.9154      1.116      1.618    25.1794 0.0000e+00
      1.153      0.052     9.4345    114.117     37.703  37.823181     1.8884     10.461   122.7427 1.2057e+02     6.8167      1.131      1.641    25.1724 0.0000e+00
      1.167      0.054     9.4254    113.979     37.711  37.818867     1.8656     10.464   122.7989 1.1944e+02     6.7222      1.144      1.659    25.1679 0.0000e+00
      1.181      0.054     9.4204    113.748     37.735  37.828757     1.9107     10.465   122.0979 1.1834e+02     6.7972      1.157      1.677    25.1670 0.0000e+00
      1.198      0.053     9.4084    113.494     37.734  37.815829     2.0346     10.468   121.6671 1.1720e+02     6.9372      1.175      1.704    25.1653 0.0000e+00
      1.213      0.050     9.4006    113.242     37.716  37.789446     2.1157     10.470   121.7200 1.1618e+02     6.9468      1.192      1.728    25.1557 0.0000e+00
      1.223      0.047     9.3991    112.946     37.697  37.763576     2.1087     10.472   121.8769 1.1543e+02     6.8109      1.200      1.741    25.1369 0.0000e+00
      1.233      0.043     9.3771    112.697     37.695  37.756846     2.0917     10.472   122.3598 1.1463e+02     6.7288      1.207      1.752    25.1161 0.0000e+00
      1.244      0.039     9.3583    112.592     37.715  37.771520     2.1174     10.473   122.9985 1.1370e+02     6.8082      1.221      1.771    25.1004 0.0000e+00
      1.254      0.037     9.3446    112.578     37.703  37.750635     2.1530     10.475   123.0601 1.1301e+02     6.9504      1.232      1.786    25.0896 0.0000e+00
      1.262      0.039     9.3160    112.556     37.661  37.694671     2.1732     10.477   122.6743 1.1228e+02     6.9449      1.238      1.795    25.0820 0.0000e+00
      1.269      0.041     9.2922    112.501     37.649  37.665943     2.1699     10.478   122.3770 1.1121e+02     6.8109      1.244      1.804    25.0759 0.0000e+00
      1.279      0.041     9.2876    112.429     37.656  37.657083     2.1472     10.479   122.9939 1.1016e+02     6.7643      1.252      1.816    25.0703 0.0000e+00
      1.292      0.042     9.2919    112.348     37.665  37.650971     2.1478     10.480   124.2827 1.0933e+02     6.8597      1.266      1.836    25.0611 0.0000e+00
      1.306      0.044     9.2934    112.271     37.685  37.655473     2.1783     10.481   124.8811 1.0850e+02     7.0075      1.283      1.860    25.0419 0.0000e+00
      1.318      0.044     9.2923    112.219     37.696  37.648042     2.1826     10.481   124.8955 1.0771e+02     7.0142      1.294      1.876    25.0168 0.0000e+00
      1.327      0.043     9.2902    112.192     37.691  37.624545     2.1488     10.482   124.6289 1.0695e+02     6.8728      1.300      1.886    24.9950 0.0000e+00
      1.336      0.042     9.2863    112.170     37.709  37.625161     2.1451     10.483   124.1524 1.0600e+02     6.8692      1.310      1.899    24.9768 0.0000e+00
      1.347      0.042     9.2825    112.172     37.754  37.655471     2.1796     10.484   124.2971 1.0495e+02     7.0046      1.321      1.916    24.9560 0.0000e+00
      1.357      0.043     9.2822    112.216     37.784  37.673724     2.1826     10.487   125.0879 1.0403e+02     6.9723      1.330      1.930    24.9308 0.0000e+00
      1.368      0.043     9.2862    112.282     37.774  37.655469     2.1722     10.488   125.6252 1.0313e+02     6.7873      1.341      1.945    24.9049 0.0000e+00
      1.380      0.042     9.2870    112.362     37.749  37.625114     2.2041     10.488   125.7173 1.0220e+02     6.7140      1.353      1.962    24.8815 0.0000e+00
      1.392      0.040     9.2896    112.466     37.750  37.623970     2.2518     10.488   125.6859 1.0134e+02     6.8035      1.366      1.980    24.8621 0.0000e+00
      1.403      0.038     9.2970    112.571     37.768  37.641636     2.2915     10.488   125.5032 1.0050e+02     6.9467      1.377      1.997    24.8468 0.0000e+00
      1.411      0.035     9.3048    112.596     37.773  37.648345     2.3262     10.488   125.2291 9.9714e+01     7.0111      1.385      2.009    24.8358 0.0000e+00
      1.418      0.033     9.3117    112.509     37.761  37.641631     2.3391     10.488   125.2973 9.8925e+01     6.9337      1.390      2.017    24.8297 0.0000e+00
      1.425      0.033     9.3208    112.379     37.738  37.623918     2.3219     10.487   125.6398 9.8110e+01     6.8302      1.396      2.025    24.8272 0.0000e+00
      1.434      0.034     9.3332    112.266     37.736  37.624551     2.3260     10.487   125.8433 9.7286e+01     6.8527      1.406      2.040    24.8262 0.0000e+00
      1.443      0.035     9.3368    112.181     37.761  37.649289     2.3474     10.486   125.9501 9.6472e+01     6.8989      1.415      2.052    24.8278 0.0000e+00
      1.452      0.036     9.3250    112.148     37.784  37.669213     2.3476     10.484   125.8131 9.5591e+01     6.8760      1.423      2.064    24.8347 0.0000e+00
      1.463      0.037     9.3101    112.183     37.794  37.675078     2.3369     10.483   125.3915 9.4713e+01     6.8490      1.436      2.082    24.8445 0.0000e+00
      1.473      0.037     9.3010    112.291     37.779  37.656738     2.3099     10.482   125.2405 9.3935e+01     6.8114      1.446      2.097    24.8494 0.0000e+00
      1.481      0.037     9.2929    112.465     37.764  37.637827     2.3209     10.481   125.4490 9.3246e+01     6.8660      1.452      2.106    24.8467 0.0000e+00
      1.490      0.037     9.2909    112.642     37.768  37.636780     2.3699     10.479   125.6759 9.2609e+01     6.9284      1.460      2.117    24.8412 0.0000e+00
      1.500      0.036     9.2946    112.802     37.778  37.644070     2.3935     10.477   125.5753 9.1768e+01     6.8819      1.470      2.132    24.8375 0.0000e+00
      1.510      0.036     9.3033    112.972     37.802  37.662515     2.3991     10.475   125.2649 9.0937e+01     6.8507      1.481      2.148    24.8328 0.0000e+00
      1.520      0.036     9.3223    113.108     37.817  37.669428     2.4039     10.474   125.1919 9.0238e+01     6.8583      1.491      2.163    24.8259 0.0000e+00
      1.528      0.036     9.3388    113.143     37.826  37.664182     2.4268     10.473   125.2951 8.9565e+01     6.9394      1.499      2.175    24.8210 0.0000e+00
      1.536      0.035     9.3499    113.065     37.842  37.662522     2.4271     10.472   125.4811 8.8835e+01     6.9443      1.506      2.184    24.8164 0.0000e+00
      1.545      0.034     9.3673    112.937     37.845  37.649324     2.3907     10.470   125.7190 8.7947e+01     6.8145      1.514      2.196    24.8114 0.0000e+00
      1.555      0.033     9.3822    112.880     37.837  37.631490     2.3693     10.468   125.8480 8.7055e+01     6.7707      1.525      2.213    24.8032 0.0000e+00
      1.564      0.033     9.3891    112.950     37.847  37.637250     2.4014     10.465   125.8370 8.6246e+01     6.8589      1.535      2.226    24.7837 0.0000e+00
      1.572      0.032     9.3859    113.069     37.869  37.655506     2.4876     10.463   125.8441 8.5568e+01     6.9924      1.542      2.237    24.7556 0.0000e+00
      1.579      0.032     9.3749    113.152     37.882  37.661852     2.5295     10.461   125.8481 8.4960e+01     6.9847      1.549      2.246    24.7314 0.0000e+00
      1.586      0.033     9.3692    113.180     37.878  37.650516     2.5087     10.458   125.7985 8.4357e+01     6.8340      1.556      2.256    24.7198 0.0000e+00
      1.594      0.034     9.3797    113.167     37.878  37.645334     2.5527     10.456   125.8472 8.3791e+01     6.7764      1.563      2.267    24.7171 0.0000e+00
      1.603      0.036     9.3933    113.150     37.898  37.662645     2.6779     10.454   125.9209 8.3252e+01     6.8687      1.571      2.278    24.7142 0.0000e+00
      1.613      0.038     9.4007    113.055     37.906  37.669463     2.7649     10.453   126.0014 8.2741e+01     6.9922      1.581      2.292    24.7051 0.0000e+00
      1.625      0.038     9.4066    112.825     37.902  37.664310     2.7730     10.450   126.0449 8.2366e+01     6.9721      1.593      2.311    24.6933 0.0000e+00
      1.635      0.038     9.4026    112.636     37.905  37.663790     2.8420     10.446   126.0172 8.2134e+01     6.8306      1.604      2.326    24.6860 0.0000e+00
      1.644      0.037     9.4051    112.630     37.910  37.663167     3.0343     10.444   126.0111 8.1967e+01     6.8536      1.613      2.339    24.6835 0.0000e+00
      1.653      0.036     9.4029    112.701     37.912  37.656768     3.1743     10.443   125.8848 8.1922e+01     7.0103      1.621      2.351    24.6825 0.0000e+00
      1.661      0.034     9.3752    112.762     37.914  37.649867     3.2114     10.441   125.7812 8.1871e+01     7.0514      1.628      2.362    24.6808 0.0000e+00
      1.671      0.032     9.3528    112.849     37.914  37.643170     3.3497     10.440   125.8765 8.1751e+01     6.9406      1.638      2.377    24.6781 0.0000e+00
