Data/DataNotYetUploadedToEDI/Raw_CTD/RawDownloads/082525_fcr10_S7809002.cnv
* Sea-Bird SBE19plus  Data File:
* FileName = C:\R\Reservoirs\Data\DataNotYetUploadedToEDI\Raw_CTD\RawDownloads\082525_fcr50_S7809_0002.hex
* Software version 2.8.0.119
* Temperature SN = 7809
* Conductivity SN = 7809
* System UpLoad Time = Aug 26 2025 10:28:18
* <ApplicationData>
* <Seaterm232>
# nquan = 15
# nvalues = 718                         
# units = specified
# name 0 = depFM: Depth [fresh water, m]
# name 1 = dz/dtM: Descent Rate [m/s]
# name 2 = sbeox0Mg/L: Oxygen, SBE 43 [mg/l]
# name 3 = sbeox0PS: Oxygen, SBE 43 [% saturation]
# name 4 = specc: Specific Conductance [uS/cm]
# name 5 = c0uS/cm: Conductivity [uS/cm]
# name 6 = flECO-AFL: Fluorescence, WET Labs ECO-AFL/FL [mg/m^3]
# name 7 = ph: pH
# name 8 = orp: Oxidation Reduction Potential [mV]
# name 9 = par/sat/log: PAR/Logarithmic, Satlantic
# name 10 = turbWETntu0: Turbidity, WET Labs ECO [NTU]
# name 11 = prdM: Pressure, Strain Gauge [db]
# name 12 = prdE: Pressure, Strain Gauge [psi]
# name 13 = tv290C: Temperature [ITS-90, deg C]
# name 14 = flag:  0.000e+00
# span 0 =     -0.658,      2.037       
# span 1 =     -0.341,      0.281       
# span 2 =     4.1144,    10.4248       
# span 3 =     48.489,    125.474       
# span 4 =     37.217,     50.612       
# span 5 =  36.952454,  48.838392       
# span 6 =    -2.0482,     6.0715       
# span 7 =      7.850,     10.609       
# span 8 =    39.8186,   153.3231       
# span 9 = 4.8192e+01, 2.7089e+03       
# span 10 =     3.2608,   113.8999      
# span 11 =     -0.645,      1.997      
# span 12 =     -0.937,      2.897      
# span 13 =    23.1847,    27.1494      
# span 14 = 0.0000e+00, 0.0000e+00      
# interval = seconds: 0.25
# start_time = Aug 25 2025 13:08:56 [Instrument's time stamp, header]
# bad_flag = -9.990e-29
*END*
[from data line 675]
      0.807     -0.252     8.5756    105.724     37.704  37.355312     2.3132     10.165   143.8192 1.9600e+02     4.5387      0.786      1.139    24.4634 0.0000e+00
      0.724     -0.253     8.6366    106.231     37.690  37.356578     2.3351     10.174   143.4233 2.0189e+02     4.6269      0.694      1.006    24.4858 0.0000e+00
      0.673     -0.249     8.6998    106.591     37.680  37.356796     2.3330     10.183   143.1465 2.0666e+02     4.5204      0.654      0.949    24.4988 0.0000e+00
      0.636     -0.237     8.7624    106.866     37.675  37.357971     2.3039     10.193   142.8813 2.2021e+02     4.2767      0.631      0.914    24.5108 0.0000e+00
      0.587     -0.218     8.8153    107.104     37.682  37.370789     2.2913     10.204   142.1951 2.4734e+02     4.2079      0.584      0.847    24.5322 0.0000e+00
      0.518     -0.201     8.8544    107.289     37.689  37.384885     2.3139     10.216   140.8721 2.9592e+02     4.3038      0.511      0.741    24.5543 0.0000e+00
      0.445     -0.190     8.8799    107.413     37.698  37.401510     2.3356     10.226   139.2750 3.4471e+02     4.3432      0.429      0.622    24.5662 0.0000e+00
      0.391     -0.180     8.8997    107.543     37.733  37.444905     2.3209     10.236   138.1142 3.6748e+02     4.3422      0.371      0.539    24.5729 0.0000e+00
      0.364     -0.160     8.9192    107.725     37.748  37.465391     2.2854     10.246   137.3334 4.2212e+02     4.3600      0.356      0.517    24.5805 0.0000e+00
      0.341     -0.131     8.9351    107.982     37.736  37.458852     2.2896     10.259   136.8038 5.2439e+02     4.4557      0.343      0.498    24.5898 0.0000e+00
      0.306     -0.101     8.9387    108.245     37.761  37.492762     2.3300     10.274   136.3573 5.9786e+02     4.6455      0.300      0.435    24.6022 0.0000e+00
      0.268     -0.078     8.9478    108.411     37.815  37.558138     2.3324     10.291   135.6334 6.7438e+02     5.4248      0.256      0.371    24.6135 0.0000e+00
      0.246     -0.069     8.9604    108.581     37.857  37.614778     2.2776     10.309   134.7629 7.2951e+02     6.7053      0.234      0.339    24.6202 0.0000e+00
      0.242     -0.074     8.9811    108.845     37.833  37.606524     2.2253     10.326   134.1777 6.6679e+02     7.4212      0.233      0.339    24.6264 0.0000e+00
      0.248     -0.090     9.0106    109.198     37.739  37.521825     2.2240     10.344   133.9786 6.2737e+02     7.6240      0.247      0.358    24.6367 0.0000e+00
      0.243     -0.115     9.0128    109.608     37.695  37.479068     2.2370     10.362   134.0768 7.9936e+02     7.7905      0.250      0.364    24.6522 0.0000e+00
      0.209     -0.139     9.0218    109.973     37.753  37.533728     2.2161     10.377   134.3327 9.7990e+02     7.8972      0.216      0.315    24.6746 0.0000e+00
      0.145     -0.153     9.0413    110.203     37.829  37.611624     2.1959     10.392   134.3195 1.0005e+03     7.9245      0.146      0.212    24.6979 0.0000e+00
      0.072     -0.153     9.0671    110.261     37.867  37.659458     2.1925     10.406   133.8301 1.0013e+03     7.8806      0.064      0.093    24.7109 0.0000e+00
      0.016     -0.139     9.1067    110.191     37.860  37.667918     2.1666     10.419   133.1478 9.3088e+02     6.9570      0.002      0.003    24.7107 0.0000e+00
     -0.005     -0.115     9.1399    110.102     37.829  37.650478     2.1074     10.431   132.6091 8.1354e+02     5.0240     -0.015     -0.020    24.7024 0.0000e+00
     -0.005     -0.090     9.1613    110.152     37.810  37.638977     2.0504     10.443   132.2211 8.0760e+02     3.8085      0.000     -0.000    24.7010 0.0000e+00
     -0.010     -0.083     9.1611    110.384     37.820  37.655781     2.0279     10.455   131.8116 8.1885e+02     3.6353     -0.002     -0.002    24.7174 0.0000e+00
     -0.030     -0.110     9.1489    110.645     37.817  37.663303     2.0097     10.468   130.9281 9.7501e+02     3.7840     -0.030     -0.043    24.7408 0.0000e+00
     -0.054     -0.168     9.1325    110.856     37.812  37.666484     1.9800     10.483   130.3139 1.4012e+03     4.0690     -0.054     -0.079    24.7609 0.0000e+00
     -0.082     -0.237     9.1311    111.082     37.898  37.757719     1.9514     10.497   129.3761 1.7776e+03     4.1432     -0.069     -0.101    24.7696 0.0000e+00
     -0.142     -0.297     9.1595    111.349     38.002  37.878055     1.8966     10.507   125.8704 2.0525e+03     3.9638     -0.116     -0.168    24.7734 0.0000e+00
     -0.252     -0.335     9.1789    111.432     38.005  37.915833     1.6594     10.514   120.2771 2.2688e+03     3.7455     -0.237     -0.344    24.7926 0.0000e+00
     -0.384     -0.341     9.1915    110.971     37.950  37.897267     1.2889     10.519   115.0921 2.3096e+03     3.6216     -0.387     -0.559    24.8048 0.0000e+00
     -0.500     -0.315     9.2078    109.940     37.882  37.844004     1.1122     10.523   113.3403 1.9315e+03     3.6269     -0.497     -0.720    24.8035 0.0000e+00
     -0.589     -0.259     9.2328    108.660     37.830  37.779489     1.0793     10.527   114.3243 1.3998e+03     3.5704     -0.591     -0.857    24.8203 0.0000e+00
     -0.640     -0.185     9.2479    107.437     37.828  37.751759     0.9663     10.531   115.1170 1.3643e+03     3.4173     -0.643     -0.934    24.8722 0.0000e+00
     -0.656     -0.113     9.1983    106.357     37.865  37.762507     0.1705     10.533   115.7835 1.5344e+03     3.3126     -0.645     -0.937    24.9384 0.0000e+00
     -0.658     -0.057     9.0960    105.327     37.905  37.782493    -1.2510     10.526   116.7900 1.5113e+03     3.2608     -0.644     -0.934    24.9599 0.0000e+00
     -0.658     -0.022     8.9866    104.383     37.941  37.803009    -2.0217     10.523   117.4785 1.1679e+03     3.2699     -0.645     -0.936    24.9321 0.0000e+00
     -0.658     -0.005     8.8865    103.498     37.969  37.820179    -2.0482     10.534   117.8265 7.5946e+02     3.4226     -0.645     -0.936    24.8918 0.0000e+00
     -0.658     -0.000     8.8130    102.033     37.956  37.799709    -1.4134     10.542   118.2446 6.8206e+02     5.6186     -0.645     -0.935    24.8561 0.0000e+00
     -0.658     -0.000     8.7255     99.508     37.652  37.492046    -0.1892     10.539   118.7481 6.4261e+02     9.8387     -0.645     -0.935    24.8304 0.0000e+00
     -0.658     -0.000     8.6498     97.988     37.370  37.209448     0.4345     10.537   119.0104 5.6699e+02    11.9874     -0.645     -0.936    24.8117 0.0000e+00
     -0.658 -9.990e-29     8.5895 -9.990e-29 -9.990e-29 -9.990e-29 -9.990e-29 -9.990e-29 -9.990e-29 5.7139e+02 -9.990e-29     -0.645     -0.936    24.7975 0.0000e+00
     -0.658 -9.990e-29     8.5236 -9.990e-29 -9.990e-29 -9.990e-29 -9.990e-29 -9.990e-29 -9.990e-29 5.6534e+02 -9.990e-29     -0.645     -0.936    24.7881 0.0000e+00
     -0.658 -9.990e-29     8.2414 -9.990e-29 -9.990e-29 -9.990e-29 -9.990e-29 -9.990e-29 -9.990e-29 5.4336e+02 -9.990e-29     -0.645     -0.936    24.7805 0.0000e+00
     -0.658 -9.990e-29     7.9765 -9.990e-29 -9.990e-29 -9.990e-29 -9.990e-29 -9.990e-29 -9.990e-29 5.3033e+02 -9.990e-29     -0.645     -0.935    24.7763 0.0000e+00
