Data/DataNotYetUploadedToEDI/Raw_CTD/RawDownloads/082525_fcr10_S7809002.cnv
* Sea-Bird SBE19plus  Data File:
* FileName = C:\R\Reservoirs\Data\DataNotYetUploadedToEDI\Raw_CTD\RawDownloads\082525_fcr50_S7809_0002.hex
* Software version 2.8.0.119
* Temperature SN = 7809
* Conductivity SN = 7809
* System UpLoad Time = Aug 26 2025 10:28:18
* <ApplicationData>
* <Seaterm232>
# nquan = 15
# nvalues = 718                         
# units = specified
# name 0 = depFM: Depth [fresh water, m]
# name 1 = dz/dtM: Descent Rate [m/s]
# name 2 = sbeox0Mg/L: Oxygen, SBE 43 [mg/l]
# name 3 = sbeox0PS: Oxygen, SBE 43 [% saturation]
# name 4 = specc: Specific Conductance [uS/cm]
# name 5 = c0uS/cm: Conductivity [uS/cm]
# name 6 = flECO-AFL: Fluorescence, WET Labs ECO-AFL/FL [mg/m^3]
# name 7 = ph: pH
# name 8 = orp: Oxidation Reduction Potential [mV]
# name 9 = par/sat/log: PAR/Logarithmic, Satlantic
# name 10 = turbWETntu0: Turbidity, WET Labs ECO [NTU]
# name 11 = prdM: Pressure, Strain Gauge [db]
# name 12 = prdE: Pressure, Strain Gauge [psi]
# name 13 = tv290C: Temperature [ITS-90, deg C]
# name 14 = flag:  0.000e+00
# span 0 =     -0.658,      2.037       
# span 1 =     -0.341,      0.281       
# span 2 =     4.1144,    10.4248       
# span 3 =     48.489,    125.474       
# span 4 =     37.217,     50.612       
# span 5 =  36.952454,  48.838392       
# span 6 =    -2.0482,     6.0715       
# span 7 =      7.850,     10.609       
# span 8 =    39.8186,   153.3231       
# span 9 = 4.8192e+01, 2.7089e+03       
# span 10 =     3.2608,   113.8999      
# span 11 =     -0.645,      1.997      
# span 12 =     -0.937,      2.897      
# span 13 =    23.1847,    27.1494      
# span 14 = 0.0000e+00, 0.0000e+00      
# interval = seconds: 0.25
# start_time = Aug 25 2025 13:08:56 [Instrument's time stamp, header]
# bad_flag = -9.990e-29
*END*
[from data line 97]
      0.159      0.001     5.9589     71.061     37.758  38.068311     1.9704      9.688    92.2304 1.2814e+03     3.6260      0.156      0.226    25.3769 0.0000e+00
      0.160      0.001     5.9223     70.831     37.746  38.060462     1.9900      9.693    92.5359 1.3124e+03     3.7274      0.157      0.227    25.3842 0.0000e+00
      0.160      0.001     5.8878     70.688     37.723  38.042532     2.0107      9.698    92.8076 1.3399e+03     3.7583      0.157      0.228    25.3910 0.0000e+00
      0.161      0.001     5.8537     70.598     37.717  38.041897     2.0038      9.700    93.1924 1.3854e+03     3.5897      0.158      0.229    25.3979 0.0000e+00
      0.161      0.000     5.8243     70.536     37.722  38.052800     1.9899      9.702    93.6619 1.3795e+03     3.4993      0.158      0.229    25.4045 0.0000e+00
      0.161 4.6906e-07     5.8057     70.499     37.712  38.047455     1.9846      9.702    94.0095 1.3020e+03     3.5189      0.157      0.228    25.4107 0.0000e+00
      0.160      0.000     5.7943     70.491     37.700  38.040731     1.9980      9.703    94.1261 1.1599e+03     3.5885      0.156      0.227    25.4171 0.0000e+00
      0.160      0.000     5.7871     70.496     37.690  38.034966     2.0189      9.706    94.2111 1.1124e+03     3.7259      0.157      0.228    25.4242 0.0000e+00
      0.161      0.001     5.7810     70.484     37.691  38.041206     2.0044      9.709    94.4347 1.1957e+03     3.7119      0.158      0.229    25.4315 0.0000e+00
      0.161      0.002     5.7769     70.439     37.697  38.052733     1.9718      9.713    94.5931 1.1947e+03     3.6912      0.158      0.229    25.4387 0.0000e+00
      0.161      0.003     5.7760     70.381     37.687  38.047435     1.9662      9.718    94.4913 1.1263e+03     3.7834      0.157      0.228    25.4457 0.0000e+00
      0.162      0.003     5.7767     70.320     37.676  38.040612     1.9863      9.723    94.2361 1.1203e+03     3.7675      0.157      0.228    25.4521 0.0000e+00
      0.163      0.003     5.7761     70.280     37.666  38.033704     2.0072      9.727    94.0890 1.1530e+03     3.6015      0.159      0.231    25.4585 0.0000e+00
      0.165      0.002     5.7703     70.300     37.656  38.027367     2.0020      9.732    94.1752 1.1861e+03     3.4169      0.162      0.236    25.4654 0.0000e+00
      0.165      0.002     5.7648     70.320     37.652  38.027460     1.9990      9.736    94.3319 1.1949e+03     3.4818      0.163      0.237    25.4716 0.0000e+00
      0.165      0.001     5.7595     70.276     37.655  38.034835     2.0200      9.740    94.6070 1.1721e+03     3.7375      0.162      0.235    25.4771 0.0000e+00
      0.165      0.000     5.7522     70.198     37.669  38.053081     2.0313      9.744    95.0057 1.1709e+03     3.8785      0.161      0.234    25.4819 0.0000e+00
      0.164      0.000     5.7562     70.113     37.669  38.057705     2.0364      9.745    95.2810 1.1387e+03     3.8538      0.161      0.233    25.4869 0.0000e+00
      0.164      0.000     5.7610     70.046     37.635  38.027293     2.0230      9.746    95.4409 1.1050e+03     3.7466      0.161      0.233    25.4929 0.0000e+00
      0.164      0.001     5.7532     70.018     37.607  38.002658     2.0105      9.749    95.5623 1.1799e+03     3.6759      0.160      0.233    25.4988 0.0000e+00
      0.164      0.001     5.7469     70.009     37.614  38.013674     2.0350      9.751    95.6301 1.2705e+03     3.6478      0.160      0.233    25.5045 0.0000e+00
      0.165      0.002     5.7386     70.009     37.631  38.033589     2.0536      9.755    95.7451 1.2460e+03     3.6451      0.161      0.234    25.5101 0.0000e+00
      0.166      0.002     5.7307     70.016     37.646  38.053087     2.0516      9.760    96.0059 1.1384e+03     3.6096      0.162      0.235    25.5149 0.0000e+00
      0.167      0.002     5.7302     70.015     37.648  38.059058     2.0284      9.764    96.2884 1.0507e+03     3.5254      0.163      0.237    25.5195 0.0000e+00
      0.167      0.001     5.7283     69.989     37.628  38.042329     2.0064      9.768    96.4935 1.0971e+03     3.6185      0.164      0.238    25.5242 0.0000e+00
      0.167      0.000     5.7280     69.940     37.623  38.041195     2.0183      9.771    96.6795 1.1661e+03     3.8465      0.164      0.238    25.5290 0.0000e+00
      0.167      0.000     5.7284     69.863     37.623  38.045346     2.0381      9.774    96.8157 1.1729e+03     3.9254      0.163      0.237    25.5342 0.0000e+00
      0.166     -0.001     5.7288     69.749     37.603  38.029075     2.0296      9.776    96.8504 1.2147e+03     3.7527      0.163      0.236    25.5395 0.0000e+00
      0.166     -0.001     5.7255     69.635     37.605  38.034833     1.9906      9.778    96.8409 1.2226e+03     3.5003      0.163      0.236    25.5449 0.0000e+00
      0.166     -0.001     5.7209     69.547     37.619  38.051522     1.9826      9.780    96.8723 1.1781e+03     3.4703      0.162      0.235    25.5501 0.0000e+00
      0.166     -0.001     5.7156     69.466     37.604  38.040494     2.0175      9.782    97.0578 1.0986e+03     3.6291      0.163      0.236    25.5551 0.0000e+00
      0.165      0.000     5.7036     69.387     37.589  38.028418     2.0214      9.785    97.3639 1.0117e+03     3.7121      0.162      0.235    25.5601 0.0000e+00
      0.165      0.000     5.6923     69.305     37.589  38.032427     1.9874      9.790    97.6481 1.0235e+03     3.6888      0.162      0.235    25.5649 0.0000e+00
      0.165      0.000     5.6867     69.205     37.579  38.025504     1.9639      9.794    97.9116 1.1304e+03     3.6881      0.162      0.235    25.5694 0.0000e+00
      0.165     -0.001     5.6789     69.093     37.559  38.008183     1.9780      9.799    98.1408 1.1847e+03     3.7720      0.162      0.236    25.5739 0.0000e+00
      0.165     -0.001     5.6722     68.975     37.561  38.013374     2.0093      9.803    98.1829 1.1492e+03     3.8151      0.162      0.235    25.5783 0.0000e+00
      0.165     -0.001     5.6659     68.842     37.569  38.024816     2.0088      9.806    98.0760 1.1133e+03     3.7304      0.161      0.234    25.5828 0.0000e+00
      0.165     -0.001     5.6566     68.688     37.561  38.019614     1.9808      9.810    98.0533 1.1209e+03     3.6707      0.162      0.234    25.5873 0.0000e+00
      0.164     -0.001     5.6469     68.537     37.552  38.013944     1.9610      9.813    98.0805 1.1593e+03     3.6743      0.161      0.234    25.5918 0.0000e+00
      0.164      0.000     5.6367     68.384     37.554  38.019717     1.9620      9.815    98.0606 1.1974e+03     3.6723      0.161      0.233    25.5963 0.0000e+00
      0.164      0.000     5.6271     68.248     37.558  38.025957     1.9761      9.819    98.0715 1.2441e+03     3.5776      0.161      0.233    25.6006 0.0000e+00
      0.164     -0.001     5.6112     68.169     37.556  38.025945     1.9821      9.822    98.1263 1.3218e+03     3.4172      0.161      0.233    25.6050 0.0000e+00
      0.164     -0.001     5.6002     68.122     37.547  38.019575     1.9675      9.827    98.1200 1.3539e+03     3.3729      0.162      0.235    25.6094 0.0000e+00
      0.164     -0.001     5.5869     68.059     37.537  38.012396     1.9573      9.832    98.0822 1.2481e+03     3.4519      0.162      0.234    25.6133 0.0000e+00
      0.163     -0.002     5.5723     67.948     37.525  38.002604     1.9836      9.834    98.0992 1.1178e+03     3.5864      0.160      0.232    25.6167 0.0000e+00
      0.162     -0.003     5.5680     67.793     37.485  37.964639     2.0026      9.836    98.1534 1.0827e+03     3.6333      0.159      0.231    25.6200 0.0000e+00
      0.162     -0.003     5.5646     67.638     37.453  37.934112     1.9790      9.840    98.3079 1.1328e+03     3.5402      0.158      0.229    25.6230 0.0000e+00
      0.162     -0.002     5.5605     67.489     37.468  37.950782     1.9811      9.845    98.4187 1.1838e+03     3.5190      0.159      0.230    25.6269 0.0000e+00
      0.161      0.001     5.5511     67.331     37.490  37.975830     2.0196      9.851    98.2881 1.2122e+03     3.6162      0.157      0.228    25.6314 0.0000e+00
      0.160      0.004     5.5358     67.179     37.495  37.983149     2.0363      9.858    98.1910 1.3171e+03     3.6908      0.155      0.225    25.6342 0.0000e+00
      0.160      0.006     5.5231     67.064     37.487  37.975814     2.0166      9.865    98.4492 1.4506e+03     3.6357      0.156      0.226    25.6357 0.0000e+00
      0.163      0.007     5.5120     67.024     37.462  37.950603     1.9817      9.871    98.9152 1.4361e+03     3.4970      0.159      0.232    25.6382 0.0000e+00
      0.168      0.007     5.4973     67.045     37.442  37.932152     1.9724      9.878    99.2647 1.2125e+03     3.5160      0.165      0.240    25.6419 0.0000e+00
      0.171      0.007     5.4846     67.029     37.450  37.943097     1.9868      9.884    99.4056 9.6585e+02     3.6605      0.169      0.244    25.6450 0.0000e+00
      0.173      0.006     5.4731     66.924     37.460  37.956031     1.9898      9.890    99.4144 8.5504e+02     3.7070      0.169      0.245    25.6461 0.0000e+00
      0.173      0.003     5.4694     66.753     37.463  37.961628     1.9668      9.896    99.3714 8.0783e+02     3.6348      0.170      0.246    25.6457 0.0000e+00
      0.173      0.001     5.4759     66.557     37.447  37.947321     1.9423      9.901    99.4021 8.3730e+02     3.5728      0.170      0.246    25.6470 0.0000e+00
      0.173     -0.001     5.4755     66.377     37.409  37.909952     1.9678      9.905    99.5271 8.8452e+02     3.6062      0.170      0.246    25.6511 0.0000e+00
      0.173     -0.001     5.4650     66.229     37.389  37.890538     2.0254      9.910    99.5917 8.8011e+02     3.5948      0.170      0.246    25.6556 0.0000e+00
      0.172     -0.001     5.4497     66.120     37.399  37.902957     2.0561      9.915    99.7537 9.1616e+02     3.5715      0.168      0.244    25.6590 0.0000e+00
      0.172      0.000     5.4319     66.039     37.426  37.933203     2.0315      9.920   100.0236 9.2065e+02     3.5626      0.168      0.244    25.6618 0.0000e+00
      0.171      0.001     5.4169     65.959     37.429  37.938964     1.9685      9.925   100.1867 8.2462e+02     3.5216      0.168      0.243    25.6640 0.0000e+00
      0.171      0.002     5.4043     65.896     37.397  37.909174     1.9359      9.929   100.4348 6.8149e+02     3.5889      0.167      0.242    25.6658 0.0000e+00
      0.172      0.002     5.3951     65.858     37.375  37.890285     1.9529      9.932   100.7006 6.3338e+02     3.6252      0.169      0.245    25.6676 0.0000e+00
      0.174      0.001     5.3903     65.802     37.383  37.900945     1.9744      9.936   100.8201 7.3201e+02     3.5844      0.171      0.248    25.6710 0.0000e+00
      0.174      0.000     5.3821     65.718     37.390  37.911162     1.9634      9.941   100.9331 7.7788e+02     3.5734      0.172      0.249    25.6755 0.0000e+00
      0.174     -0.001     5.3751     65.604     37.363  37.886910     1.9274      9.946   101.0338 6.9563e+02     3.5617      0.171      0.248    25.6794 0.0000e+00
      0.173     -0.002     5.3748     65.416     37.337  37.861535     1.9231      9.951   101.0916 6.3023e+02     3.6474      0.169      0.245    25.6827 0.0000e+00
      0.171     -0.002     5.3697     65.204     37.332  37.858188     1.9525      9.954   101.1146 6.9614e+02     3.6870      0.167      0.242    25.6863 0.0000e+00
      0.170     -0.001     5.3609     65.057     37.319  37.846441     1.9491      9.957   101.0549 7.9754e+02     3.5280      0.166      0.241    25.6907 0.0000e+00
      0.171      0.000     5.3553     64.980     37.319  37.846421     1.9154      9.962   100.9724 7.9959e+02     3.3993      0.168      0.243    25.6948 0.0000e+00
      0.172      0.004     5.3371     64.950     37.329  37.857947     1.9035      9.969   100.9767 8.1168e+02     3.4628      0.168      0.244    25.6977 0.0000e+00
      0.172      0.010     5.3151     64.867     37.328  37.858890     1.9216      9.978   101.1073 8.5658e+02     3.6127      0.168      0.244    25.6998 0.0000e+00
      0.172      0.018     5.3057     64.687     37.327  37.857820     1.9356      9.989   101.3468 7.8708e+02     3.6055      0.168      0.243    25.7002 0.0000e+00
      0.175      0.026     5.2972     64.522     37.315  37.845014     1.9223     10.000   101.5495 6.5219e+02     3.4780      0.171      0.247    25.6999 0.0000e+00
      0.184      0.032     5.2995     64.480     37.304  37.830960     1.9108     10.009   101.7516 6.1489e+02     3.4384      0.180      0.259    25.7017 0.0000e+00
      0.198      0.035     5.2958     64.638     37.293  37.814800     1.9128     10.017   101.8976 6.1763e+02     3.5019      0.194      0.282    25.7050 0.0000e+00
      0.212      0.033     5.2742     64.998     37.258  37.776530     1.9379     10.023   101.6796 5.4791e+02     3.6656      0.209      0.303    25.7061 0.0000e+00
      0.224      0.027     5.2587     65.384     37.231  37.748965     1.9733     10.029   101.3522 4.6088e+02     3.7782      0.220      0.320    25.7048 0.0000e+00
      0.231      0.019     5.2546     65.632     37.217  37.735329     1.9741     10.036   101.2088 3.9340e+02     3.7355      0.228      0.331    25.7005 0.0000e+00
      0.231      0.010     5.2638     65.985     37.237  37.738575     1.9644     10.042   101.1504 3.2830e+02     3.6958      0.229      0.331    25.6931 0.0000e+00
      0.227      0.001     5.3040     68.186     37.348  37.788186     1.9724     10.049   101.1631 2.7199e+02     3.7085      0.223      0.323    25.6874 0.0000e+00
      0.225     -0.005     5.3377     74.712     37.493  37.827437     1.9873     10.056   101.2756 2.6054e+02     3.7187      0.219      0.317    25.6897 0.0000e+00
      0.225     -0.007     5.3618     85.272     37.606  37.832270     1.9784     10.063   101.4790 3.0847e+02     3.6479      0.222      0.321    25.6949 0.0000e+00
      0.224     -0.007     5.3493     96.880     37.699  37.846450     1.9403     10.070   101.6429 3.9839e+02     3.5018      0.222      0.322    25.6935 0.0000e+00
      0.220     -0.007     5.4167    107.144     37.775  37.871860     1.9257     10.078   101.7953 5.6099e+02     3.4896      0.215      0.312    25.6129 0.0000e+00
      0.217     -0.007     5.9840    115.284     37.822  37.885608     1.9514     10.085   102.1166 7.1948e+02     3.6361      0.212      0.308    25.4343 0.0000e+00
      0.217     -0.007     6.9928    121.139     37.843  37.885717     1.9762     10.092   102.5159 7.6925e+02     3.7017      0.214      0.310    25.2769 0.0000e+00
      0.215     -0.006     8.0295    124.526     37.843  37.873143     1.9681     10.098   102.7514 8.4784e+02     3.5997      0.212      0.307    25.1777 0.0000e+00
      0.213     -0.003     8.8979    125.474     37.840  37.860473     1.9365     10.103   102.8130 9.8265e+02     3.4612      0.208      0.302    25.1130 0.0000e+00
      0.212     -0.001     9.5735    124.429     37.846  37.859427     1.9361     10.108   102.9175 8.9330e+02     3.4972      0.207      0.300    25.0746 0.0000e+00
      0.212     -0.000    10.0736    122.356     37.852  37.860477     1.9635     10.112   103.0677 5.6104e+02     3.6588      0.207      0.301    25.0486 0.0000e+00
      0.213      0.001    10.3534    120.260     37.870  37.873159     1.9764     10.115   103.0804 3.3095e+02     3.7071      0.209      0.304    25.0320 0.0000e+00
      0.215      0.002    10.4248    118.574     37.885  37.885850     1.9665     10.119   103.0711 2.6890e+02     3.6373      0.211      0.306    25.0205 0.0000e+00
      0.215      0.002    10.3093    117.335     37.886  37.887014     1.9609     10.123   103.2135 2.4824e+02     3.6003      0.211      0.306    25.0111 0.0000e+00
