Data/DataNotYetUploadedToEDI/Raw_CTD/RawDownloads/082525_fcr30_S7809004.cnv
* Sea-Bird SBE19plus  Data File:
* FileName = C:\R\Reservoirs\Data\DataNotYetUploadedToEDI\Raw_CTD\RawDownloads\082525_fcr50_S7809_0004.hex
* Software version 2.8.0.119
* Temperature SN = 7809
* Conductivity SN = 7809
* System UpLoad Time = Aug 26 2025 10:29:40
* <ApplicationData>
* <Seaterm232>
# nquan = 15
# nvalues = 2148                        
# units = specified
# name 0 = depFM: Depth [fresh water, m]
# name 1 = dz/dtM: Descent Rate [m/s]
# name 2 = sbeox0Mg/L: Oxygen, SBE 43 [mg/l]
# name 3 = sbeox0PS: Oxygen, SBE 43 [% saturation]
# name 4 = specc: Specific Conductance [uS/cm]
# name 5 = c0uS/cm: Conductivity [uS/cm]
# name 6 = flECO-AFL: Fluorescence, WET Labs ECO-AFL/FL [mg/m^3]
# name 7 = ph: pH
# name 8 = orp: Oxidation Reduction Potential [mV]
# name 9 = par/sat/log: PAR/Logarithmic, Satlantic
# name 10 = turbWETntu0: Turbidity, WET Labs ECO [NTU]
# name 11 = prdM: Pressure, Strain Gauge [db]
# name 12 = prdE: Pressure, Strain Gauge [psi]
# name 13 = tv290C: Temperature [ITS-90, deg C]
# name 14 = flag:  0.000e+00
# span 0 =     -0.653,      5.117       
# span 1 =     -0.341,      0.178       
# span 2 =     0.0019,    11.4232       
# span 3 =      0.046,    133.136       
# span 4 =      1.903,     79.947       
# span 5 =   1.780282,  62.228349       
# span 6 =    -0.1759,    48.4904       
# span 7 =      8.209,     10.976       
# span 8 =   110.0637,   740.3693       
# span 9 = 1.8984e-01, 2.5021e+03       
# span 10 =     0.1356,   316.9551      
# span 11 =     -0.640,      5.018      
# span 12 =     -0.928,      7.278      
# span 13 =    12.1673,    25.6809      
# span 14 = 0.0000e+00, 0.0000e+00      
# interval = seconds: 0.25
# start_time = Aug 25 2025 13:31:26 [Instrument's time stamp, header]
# bad_flag = -9.990e-29
*END*
[from data line 1735]
      4.463      0.003     3.5535     31.681     56.325  42.072652     0.8284      8.231   177.4914 1.3956e+00    40.2287      4.376      6.348    12.3466 0.0000e+00
      4.467      0.011     3.5089     31.407     56.406  42.135870     0.8359      8.230   177.5056 1.3606e+00    40.1524      4.379      6.352    12.3478 0.0000e+00
      4.473      0.012     3.4617     31.146     56.349  42.096267     0.8560      8.230   177.6502 1.3327e+00    42.2562      4.387      6.363    12.3472 0.0000e+00
      4.479      0.009     3.4194     30.881     56.267  42.038117     0.9217      8.229   177.8633 1.3061e+00    46.1941      4.394      6.372    12.3448 0.0000e+00
      4.482      0.000     3.3848     30.607     56.217  42.004029     0.9648      8.228   178.0165 1.2925e+00    48.3108      4.396      6.376    12.3445 0.0000e+00
      4.482     -0.014     3.3576     30.293     56.123  41.938001     0.9863      8.226   178.2128 1.2894e+00    48.4811      4.395      6.375    12.3472 0.0000e+00
      4.480     -0.031     3.3299     29.935     56.032  41.874496     0.9652      8.224   178.4301 1.2869e+00    47.6383      4.394      6.373    12.3508 0.0000e+00
      4.472     -0.046     3.3007     29.586     56.022  41.870906     0.8846      8.223   178.4922 1.3225e+00    45.9771      4.391      6.368    12.3534 0.0000e+00
      4.455     -0.058     3.2732     29.266     56.048  41.894603     0.8354      8.222   178.4483 1.3983e+00    45.1001      4.373      6.342    12.3558 0.0000e+00
      4.430     -0.065     3.2405     28.950     56.058  41.907143     0.8445      8.222   178.5010 1.4825e+00    44.9246      4.342      6.298    12.3589 0.0000e+00
      4.406     -0.069     3.1981     28.659     56.037  41.895584     0.8619      8.223   178.6991 1.5576e+00    43.8216      4.318      6.262    12.3630 0.0000e+00
      4.390     -0.070     3.1595     28.404     56.012  41.881796     0.8374      8.223   178.8650 1.6032e+00    41.7718      4.303      6.242    12.3675 0.0000e+00
      4.377     -0.068     3.1281     28.172     55.987  41.867376     0.7897      8.223   178.8725 1.6475e+00    40.6364      4.293      6.226    12.3713 0.0000e+00
      4.364     -0.063     3.0919     27.962     55.955  41.848176     0.7684      8.224   178.7891 1.7159e+00    40.4440      4.281      6.209    12.3750 0.0000e+00
      4.347     -0.057     3.0596     27.771     55.939  41.840078     0.7873      8.224   178.7165 1.7965e+00    39.1370      4.264      6.185    12.3796 0.0000e+00
      4.327     -0.048     3.0340     27.605     55.924  41.832938     0.8271      8.224   178.7685 1.8742e+00    36.7564      4.242      6.153    12.3835 0.0000e+00
      4.310     -0.038     3.0080     27.466     55.912  41.825323     0.8329      8.224   178.8167 1.9152e+00    35.4011      4.221      6.124    12.3872 0.0000e+00
      4.302     -0.024     2.9858     27.322     55.895  41.811464     0.7992      8.225   178.6976 1.9267e+00    35.3210      4.217      6.116    12.3917 0.0000e+00
      4.300     -0.009     2.9651     27.149     55.876  41.792319     0.7786      8.227   178.6188 1.9386e+00    36.6076      4.216      6.115    12.3955 0.0000e+00
      4.303      0.003     2.9458     26.927     55.872  41.784248     0.8083      8.227   178.6381 1.9294e+00    39.6848      4.217      6.117    12.3991 0.0000e+00
      4.310      0.010     2.9333     26.652     55.866  41.777338     0.8658      8.226   178.6717 1.8857e+00    42.3981      4.225      6.128    12.4013 0.0000e+00
      4.316      0.012     2.9188     26.406     55.860  41.772240     0.8836      8.225   178.7675 1.8500e+00    43.2477      4.234      6.142    12.4001 0.0000e+00
      4.320      0.011     2.9006     26.254     55.878  41.786077     0.8573      8.225   178.8501 1.8509e+00    43.0921      4.239      6.148    12.3953 0.0000e+00
      4.320      0.009     2.8797     26.153     55.918  41.817706     0.8386      8.225   178.8963 1.8566e+00    41.2685      4.237      6.146    12.3887 0.0000e+00
      4.319      0.006     2.8456     26.034     55.939  41.837321     0.8573      8.225   178.8958 1.8392e+00    37.9363      4.235      6.143    12.3862 0.0000e+00
      4.319      0.004     2.8152     25.865     55.929  41.832823     0.8920      8.225   178.8444 1.8178e+00    36.0737      4.235      6.142    12.3872 0.0000e+00
      4.321     -0.000     2.8024     25.586     55.919  41.826800     0.8835      8.224   178.8766 1.8065e+00    35.8278      4.238      6.146    12.3879 0.0000e+00
      4.325     -0.007     2.7947     25.127     55.922  41.827965     0.8378      8.224   178.9415 1.7985e+00    35.9543      4.243      6.154    12.3887 0.0000e+00
      4.327     -0.018     2.7818     24.525     55.949  41.846913     0.8053      8.224   178.9410 1.8046e+00    36.3045      4.245      6.157    12.3922 0.0000e+00
      4.323     -0.033     2.7655     23.915     55.970  41.865478     0.7988      8.224   178.8701 1.8350e+00    36.4762      4.241      6.153    12.3962 0.0000e+00
      4.313     -0.046     2.7405     23.450     55.957  41.862025     0.8173      8.223   178.6864 1.8882e+00    36.5614      4.233      6.139    12.3975 0.0000e+00
      4.295     -0.056     2.6895     23.205     55.957  41.868643     0.8382      8.222   178.4414 1.9649e+00    36.8898      4.214      6.111    12.3957 0.0000e+00
      4.272     -0.062     2.6196     23.108     55.970  41.882034     0.8437      8.221   178.2308 2.0438e+00    37.4745      4.189      6.074    12.3926 0.0000e+00
      4.252     -0.066     2.5481     23.069     55.986  41.897000     0.8417      8.221   178.1188 2.0954e+00    37.8589      4.167      6.043    12.3954 0.0000e+00
      4.238     -0.068     2.4934     23.075     56.015  41.922658     0.8473      8.221   178.0334 2.1385e+00    37.9169      4.156      6.027    12.4035 0.0000e+00
      4.226     -0.070     2.4720     23.136     56.028  41.938379     0.8533      8.222   177.8862 2.1963e+00    37.7310      4.147      6.015    12.4099 0.0000e+00
      4.211     -0.070     2.4660     23.230     56.047  41.960150     0.8307      8.222   177.7159 2.2658e+00    37.3192      4.132      5.993    12.4122 0.0000e+00
      4.191     -0.070     2.4607     23.281     56.168  42.058955     0.7996      8.221   177.5224 2.3490e+00    37.1741      4.111      5.963    12.4132 0.0000e+00
      4.167     -0.067     2.4608     23.241     56.319  42.180966     0.7844      8.220   177.3542 2.4359e+00    37.1712      4.086      5.927    12.4169 0.0000e+00
      4.144     -0.058     2.4672     23.166     56.369  42.229430     0.7966      8.219   177.2310 2.5195e+00    36.3284      4.062      5.892    12.4228 0.0000e+00
      4.126     -0.044     2.4805     23.156     56.573  42.391056     0.8306      8.218   177.0660 2.5671e+00    34.8405      4.043      5.863    12.4305 0.0000e+00
      4.119     -0.028     2.4889     23.196     57.027  42.738777     0.8289      8.217   176.8213 2.5532e+00    33.9717      4.036      5.854    12.4372 0.0000e+00
      4.119     -0.012     2.4810     23.178     57.367  43.006169     0.7929      8.216   176.6812 2.5308e+00    33.8173      4.039      5.859    12.4443 0.0000e+00
      4.122     -0.002     2.4666     23.018     57.369  43.021674     0.7790      8.216   176.7482 2.5238e+00    33.8610      4.041      5.861    12.4564 0.0000e+00
      4.126      0.002     2.4660     22.633     57.146  42.862788     0.8105      8.215   176.7712 2.5130e+00    34.4318      4.046      5.867    12.4634 0.0000e+00
      4.129     -0.002     2.4762     21.925     57.059  42.798895     0.8652      8.213   176.6148 2.5014e+00    35.4586      4.050      5.874    12.4673 0.0000e+00
      4.130     -0.010     2.4757     20.840     57.175  42.883882     0.8744      8.212   176.3199 2.5072e+00    35.9258      4.051      5.876    12.4798 0.0000e+00
      4.128     -0.021     2.4601     19.403     57.248  42.938255     0.8387      8.210   175.7869 2.5533e+00    35.8452      4.050      5.874    12.4943 0.0000e+00
      4.120     -0.033     2.4243     17.779     57.260  42.948533     0.8244      8.210   174.9891 2.6236e+00    35.6796      4.041      5.861    12.5020 0.0000e+00
      4.108     -0.044     2.3497     16.263     57.252  42.944675     0.8432      8.209   174.1592 2.6774e+00    35.4616      4.030      5.844    12.5027 0.0000e+00
      4.094     -0.051     2.2346     15.060     57.262  42.955095     0.8749      8.209   173.4101 2.7216e+00    35.3956      4.015      5.823    12.4988 0.0000e+00
      4.079     -0.056     2.0766     14.248     57.332  43.011042     0.8833      8.209   172.8148 2.7979e+00    35.3247      4.000      5.802    12.4976 0.0000e+00
      4.062     -0.057     1.8881     13.863     57.462  43.113334     0.8616      8.209   172.4687 2.9015e+00    34.8438      3.984      5.777    12.5006 0.0000e+00
      4.046     -0.056     1.7197     13.867     57.538  43.176311     0.8454      8.210   172.1499 2.9901e+00    34.0898      3.965      5.751    12.5028 0.0000e+00
      4.033     -0.051     1.5903     14.181     57.567  43.201228     0.8531      8.210   171.7137 3.0643e+00    33.6888      3.954      5.735    12.5031 0.0000e+00
      4.020     -0.042     1.5012     14.707     57.847  43.414603     0.8798      8.211   171.3243 3.1548e+00    33.6852      3.944      5.720    12.5058 0.0000e+00
      4.007     -0.031     1.4616     15.278     58.170  43.661518     0.8691      8.212   170.9693 3.2313e+00    33.3635      3.927      5.696    12.5122 0.0000e+00
      3.997     -0.020     1.4660     15.769     58.143  43.647637     0.8152      8.212   170.5191 3.2553e+00    32.7019      3.916      5.679    12.5172 0.0000e+00
      3.995     -0.009     1.5008     16.160     57.937  43.500690     0.7856      8.212   170.0969 3.2466e+00    32.3466      3.917      5.681    12.5201 0.0000e+00
      3.998     -0.000     1.5649     16.404     57.799  43.408233     0.7943      8.212   169.8222 3.2177e+00    32.2791      3.920      5.685    12.5220 0.0000e+00
      4.003      0.006     1.6318     16.413     57.884  43.481892     0.8376      8.214   169.6067 3.1937e+00    32.2279      3.925      5.693    12.5258 0.0000e+00
      4.008      0.008     1.6812     16.146     57.988  43.566112     0.8682      8.215   169.3844 3.1902e+00    32.1031      3.931      5.702    12.5311 0.0000e+00
      4.010      0.008     1.7255     15.668     57.865  43.474397     0.8392      8.215   169.1995 3.1845e+00    32.0333      3.933      5.704    12.5375 0.0000e+00
      4.010      0.004     1.7547     15.098     57.840  43.452065     0.8115      8.215   169.0054 3.1705e+00    32.0678      3.932      5.703    12.5475 0.0000e+00
      4.010     -0.005     1.7578     14.517     57.975  43.549996     0.8156      8.215   168.8448 3.1579e+00    32.0414      3.932      5.702    12.5579 0.0000e+00
      4.010     -0.018     1.7261     13.957     58.185  43.706343     0.8235      8.216   168.7201 3.1603e+00    32.3298      3.933      5.704    12.5635 0.0000e+00
      4.010     -0.034     1.6699     13.456     58.585  44.009428     0.8153      8.217   168.4438 3.1887e+00    32.9583      3.935      5.707    12.5645 0.0000e+00
      4.004     -0.051     1.6060     13.080     58.701  44.104198     0.7903      8.217   168.0850 3.2831e+00    33.2871      3.932      5.703    12.5592 0.0000e+00
      3.985     -0.067     1.5442     12.872     58.414  43.900051     0.7803      8.218   167.7382 3.4594e+00    33.2986      3.911      5.673    12.5544 0.0000e+00
      3.958     -0.079     1.4835     12.857     58.304  43.826303     0.8021      8.219   167.4342 3.6583e+00    33.1996      3.881      5.628    12.5552 0.0000e+00
      3.931     -0.085     1.4264     13.007     58.409  43.910794     0.8369      8.220   167.2480 3.8388e+00    32.9784      3.854      5.589    12.5551 0.0000e+00
      3.906     -0.084     1.3857     13.268     58.482  43.969473     0.8349      8.219   167.1211 4.0069e+00    32.7762      3.829      5.555    12.5626 0.0000e+00
      3.885     -0.077     1.3612     13.658     58.469  43.964500     0.7954      8.218   166.9334 4.1694e+00    32.6678      3.809      5.524    12.5759 0.0000e+00
      3.868     -0.066     1.3606     14.199     58.565  44.041095     0.7749      8.216   166.5276 4.3216e+00    32.4203      3.792      5.501    12.5828 0.0000e+00
      3.853     -0.053     1.3802     14.820     58.687  44.133845     0.7944      8.214   166.0863 4.4982e+00    32.0380      3.779      5.482    12.5861 0.0000e+00
      3.838     -0.040     1.4061     15.409     58.350  43.879863     0.8234      8.211   165.8991 4.6604e+00    31.8713      3.763      5.456    12.5891 0.0000e+00
      3.828     -0.027     1.4450     15.887     57.863  43.509292     0.8181      8.210   165.7264 4.7208e+00    31.8730      3.751      5.440    12.5936 0.0000e+00
      3.825     -0.016     1.5063     16.228     57.723  43.398426     0.8060      8.211   165.4616 4.7301e+00    32.0926      3.750      5.439    12.5983 0.0000e+00
      3.825     -0.006     1.5770     16.420     57.684  43.364578     0.8179      8.213   165.2776 4.7288e+00    32.5108      3.751      5.440    12.5983 0.0000e+00
      3.827     -0.001     1.6428     16.475     57.677  43.353930     0.8379      8.216   165.1375 4.6988e+00    32.7283      3.752      5.442    12.5978 0.0000e+00
      3.830     -0.001     1.6939     16.477     57.913  43.523578     0.8728      8.219   164.9723 4.6524e+00    32.7751      3.756      5.447    12.5955 0.0000e+00
      3.832     -0.007     1.7307     16.511     58.497  43.955831     0.8903      8.220   164.9146 4.6393e+00    32.4960      3.759      5.452    12.5880 0.0000e+00
      3.832     -0.017     1.7528     16.635     59.408  44.644681     0.8657      8.221   164.9558 4.7023e+00    31.8815      3.760      5.453    12.5844 0.0000e+00
      3.828     -0.029     1.7531     16.865     60.104  45.187157     0.8412      8.223   164.8683 4.8295e+00    31.5282      3.755      5.445    12.5824 0.0000e+00
      3.818     -0.039     1.7513     17.129     60.144  45.246068     0.8444      8.224   164.7173 5.0186e+00    31.5376      3.746      5.432    12.5733 0.0000e+00
      3.803     -0.047     1.7534     17.319     59.918  45.103098     0.8552      8.225   164.5924 5.2721e+00    31.5176      3.731      5.412    12.5644 0.0000e+00
      3.785     -0.051     1.7641     17.334     59.821  45.045586     0.8467      8.227   164.4765 5.5046e+00    30.6706      3.709      5.381    12.5666 0.0000e+00
      3.769     -0.049     1.7923     17.079     59.830  45.058561     0.8332      8.228   164.3490 5.6588e+00    29.1881      3.694      5.357    12.5837 0.0000e+00
      3.757     -0.042     1.8230     16.532     59.927  45.133024     0.8252      8.229   164.1687 5.8124e+00    28.4180      3.685      5.344    12.6130 0.0000e+00
      3.746     -0.031     1.8457     15.797     60.161  45.311103     0.8411      8.231   164.0182 5.9698e+00    28.3965      3.673      5.327    12.6385 0.0000e+00
      3.737     -0.018     1.8510     15.010     60.571  45.624667     0.8843      8.233   163.9048 6.0479e+00    28.2442      3.662      5.312    12.6502 0.0000e+00
      3.734     -0.006     1.8257     14.249     60.979  45.940635     0.8895      8.235   163.8309 6.0569e+00    27.7718      3.660      5.308    12.6536 0.0000e+00
      3.736      0.003     1.7625     13.592     61.069  46.020805     0.8539      8.238   163.8127 6.0109e+00    27.4679      3.662      5.311    12.6537 0.0000e+00
      3.741      0.006     1.6776     13.094     60.804  45.832211     0.8366      8.240   163.7705 5.9062e+00    27.4390      3.668      5.320    12.6543 0.0000e+00
      3.749      0.000     1.5933     12.717     60.693  45.755315     0.8635      8.240   163.6648 5.8083e+00    27.2850      3.678      5.334    12.6578 0.0000e+00
      3.755     -0.016     1.5084     12.402     61.235  46.170264     0.9220      8.240   163.4814 5.7903e+00    26.9727      3.685      5.345    12.6644 0.0000e+00
