Data/DataNotYetUploadedToEDI/Raw_CTD/RawDownloads/082525_bvr50_S8188001.cnv
* Sea-Bird SBE19plus  Data File:
* FileName = C:\R\Reservoirs\Data\DataNotYetUploadedToEDI\Raw_CTD\RawDownloads\082525_bvr50_S8188_0001.hex
* Software version 2.8.0.119
* Temperature SN = 8188
* Conductivity SN = 8188
* System UpLoad Time = Aug 26 2025 10:19:56
* <ApplicationData>
* <Seaterm232>
# nquan = 16
# nvalues = 1612                        
# units = specified
# name 0 = depFM: Depth [fresh water, m]
# name 1 = dz/dtM: Descent Rate [m/s]
# name 2 = sbeox0Mg/L: Oxygen, SBE 43 [mg/l]
# name 3 = sbeox0PS: Oxygen, SBE 43 [% saturation]
# name 4 = specc: Specific Conductance [uS/cm]
# name 5 = c0uS/cm: Conductivity [uS/cm]
# name 6 = wetCDOM: Fluorescence, WET Labs CDOM [mg/m^3]
# name 7 = flECO-AFL: Fluorescence, WET Labs ECO-AFL/FL [mg/m^3]
# name 8 = flECO-AFL1: Fluorescence, WET Labs ECO-AFL/FL, 2 [mg/m^3]
# name 9 = flECO-AFL2: Fluorescence, WET Labs ECO-AFL/FL, 3 [mg/m^3]
# name 10 = par/sat/log: PAR/Logarithmic, Satlantic
# name 11 = turbWETntu0: Turbidity, WET Labs ECO [NTU]
# name 12 = prdM: Pressure, Strain Gauge [db]
# name 13 = prdE: Pressure, Strain Gauge [psi]
# name 14 = tv290C: Temperature [ITS-90, deg C]
# name 15 = flag:  0.000e+00
# span 0 =     -0.660,      5.178       
# span 1 =     -0.197,      0.100       
# span 2 =    -2.4690,     9.2512       
# span 3 =    -27.433,    110.652       
# span 4 =   -561.390,    283.756       
# span 5 =-430.156398, 211.036134       
# span 6 =    -4.5000,    48.1500       
# span 7 =    -0.2846,    12.1630       
# span 8 =    -2.1300,     0.2130       
# span 9 =    -4.3146,     4.9491       
# span 10 = 1.1590e-01, 1.7229e+03      
# span 11 =    -0.3549,    70.2979      
# span 12 =     -0.648,      5.078      
# span 13 =     -0.939,      7.365      
# span 14 =    12.1327,    24.3707      
# span 15 = 0.0000e+00, 0.0000e+00      
# interval = seconds: 0.25
# start_time = Aug 25 2025 09:54:51 [Instrument's time stamp, header]
# bad_flag = -9.990e-29
*END*
[from data line 1356]
      3.309     -0.099     0.0448      0.405    199.865 153.951904    45.9000     1.1307     0.1278     0.6345 1.4716e-01     3.6937      3.245      4.706    13.4967 0.0000e+00
      3.284     -0.096     0.0440      0.406    199.799 153.895058    45.9000     1.1383     0.1278     0.6345 1.3932e-01     3.7088      3.220      4.670    13.5034 0.0000e+00
      3.261     -0.093     0.0430      0.412    199.661 153.792217    45.9000     1.1383     0.1278     0.6345 1.1612e-01     3.7390      3.198      4.638    13.5088 0.0000e+00
      3.239     -0.092     0.0424      0.423    199.464 153.662040    45.8100     1.1231     0.1278     0.6345 1.2349e-01     3.8598      3.177      4.607    13.5113 0.0000e+00
      3.218     -0.093     0.0422      0.432    199.280 153.557976    45.8100     1.1421     0.1278     0.6345 1.4170e-01     3.9354      3.155      4.576    13.5107 0.0000e+00
      3.194     -0.095     0.0423      0.436    199.142 153.494353    45.8100     1.1269     0.1278     0.6345 1.5924e-01     4.0411      3.133      4.544    13.5092 0.0000e+00
      3.169     -0.097     0.0429      0.438    199.031 153.446194    45.8100     1.1421     0.1278     0.6345 1.7033e-01     4.0562      3.108      4.508    13.5102 0.0000e+00
      3.143     -0.097     0.0440      0.437    198.950 153.408673    45.9900     1.0697     0.1278     0.6345 1.8141e-01     3.7843      3.082      4.470    13.5156 0.0000e+00
      3.116     -0.096     0.0450      0.432    198.909 153.387816    45.9900     1.0735     0.1278     0.6345 1.8808e-01     3.7390      3.056      4.432    13.5249 0.0000e+00
      3.090     -0.093     0.0454      0.426    198.883 153.366038    45.9900     1.0544     0.1278     0.6345 2.1670e-01     3.7692      3.031      4.395    13.5356 0.0000e+00
      3.067     -0.088     0.0456      0.419    198.840 153.325509    45.9900     1.0964     0.1278     0.6345 2.1988e-01     3.7390      3.007      4.362    13.5451 0.0000e+00
      3.045     -0.084     0.0454      0.411    198.767 153.263435    45.9000     1.1498     0.1278     0.5076 2.1062e-01     3.9505      2.987      4.332    13.5514 0.0000e+00
      3.026     -0.081     0.0450      0.405    198.650 153.175284    45.9000     1.1345     0.1278     0.5076 2.0807e-01     4.0109      2.968      4.304    13.5540 0.0000e+00
      3.008     -0.079     0.0443      0.401    198.498 153.071610    45.9000     1.1421     0.1278     0.5076 1.9338e-01     3.9656      2.949      4.278    13.5537 0.0000e+00
      2.988     -0.079     0.0435      0.398    198.357 152.984875    45.9000     1.1154     0.1278     0.5076 2.2349e-01     3.9203      2.931      4.251    13.5518 0.0000e+00
      2.968     -0.079     0.0427      0.396    198.274 152.946049    45.9000     1.1307     0.1278     0.5076 2.6237e-01     3.7390      2.911      4.222    13.5503 0.0000e+00
      2.947     -0.079     0.0421      0.392    198.229 152.932759    46.0800     1.1498     0.1278     0.6345 2.6529e-01     3.7692      2.890      4.192    13.5509 0.0000e+00
      2.926     -0.079     0.0418      0.389    198.171 152.901390    46.0800     1.1460     0.1278     0.6345 2.9696e-01     3.7390      2.869      4.162    13.5542 0.0000e+00
      2.905     -0.078     0.0414      0.390    198.112 152.859607    46.0800     1.1116     0.1278     0.6345 2.8607e-01     3.6635      2.849      4.132    13.5598 0.0000e+00
      2.885     -0.076     0.0411      0.395    198.063 152.820310    46.0800     1.1383     0.1278     0.6345 3.1890e-01     4.1469      2.830      4.104    13.5661 0.0000e+00
      2.866     -0.074     0.0408      0.398    198.003 152.773018    45.9000     1.1078     0.1278     0.6345 3.2450e-01     4.0260      2.811      4.077    13.5716 0.0000e+00
      2.848     -0.073     0.0404      0.398    197.917 152.713135    45.9000     1.1078     0.1278     0.6345 3.7178e-01     3.8750      2.793      4.051    13.5749 0.0000e+00
      2.830     -0.073     0.0405      0.397    197.809 152.644728    45.9000     1.1498     0.1278     0.6345 3.3707e-01     3.9807      2.776      4.026    13.5758 0.0000e+00
      2.813     -0.074     0.0410      0.396    197.694 152.579608    45.9000     1.1498     0.1278     0.6345 3.3162e-01     4.0411      2.758      4.001    13.5754 0.0000e+00
      2.794     -0.077     0.0414      0.395    197.572 152.514437    45.9900     1.1498     0.1704     0.5922 3.4298e-01     3.9203      2.740      3.975    13.5752 0.0000e+00
      2.775     -0.081     0.0413      0.394    197.415 152.427829    45.9900     1.1498     0.1704     0.5922 3.4650e-01     3.9958      2.721      3.947    13.5768 0.0000e+00
      2.754     -0.085     0.0412      0.391    197.199 152.304703    45.9900     1.1421     0.1704     0.5922 4.0873e-01     3.9656      2.700      3.917    13.5807 0.0000e+00
      2.731     -0.089     0.0411      0.390    196.933 152.152299    45.9900     1.1154     0.1704     0.5922 4.0846e-01     3.7692      2.678      3.884    13.5866 0.0000e+00
      2.707     -0.092     0.0411      0.389    196.668 152.000103    46.2600     1.1269     0.1278     0.5922 4.5386e-01     3.7843      2.654      3.850    13.5940 0.0000e+00
      2.682     -0.092     0.0409      0.387    196.430 151.859622    46.2600     1.1345     0.1278     0.5922 4.5583e-01     3.8296      2.630      3.814    13.6028 0.0000e+00
      2.657     -0.090     0.0406      0.382    196.219 151.729459    46.2600     1.1498     0.1278     0.5922 5.5731e-01     3.6332      2.605      3.779    13.6139 0.0000e+00
      2.633     -0.086     0.0405      0.380    196.036 151.612971    46.2600     1.1803     0.1278     0.5922 5.6610e-01     3.9958      2.582      3.745    13.6273 0.0000e+00
      2.611     -0.081     0.0404      0.382    195.874 151.511150    46.2600     1.1956     0.1278     0.5922 5.7753e-01     3.9656      2.561      3.714    13.6407 0.0000e+00
      2.592     -0.077     0.0401      0.383    195.732 151.428899    46.0800     1.2070     0.1278     0.5499 5.7791e-01     3.9807      2.542      3.686    13.6518 0.0000e+00
      2.574     -0.073     0.0397      0.381    195.559 151.332264    46.0800     1.2184     0.1278     0.5499 5.7841e-01     4.0562      2.524      3.661    13.6600 0.0000e+00
      2.557     -0.071     0.0395      0.378    195.289 151.175442    46.0800     1.2108     0.1278     0.5499 5.6096e-01     3.7692      2.508      3.638    13.6664 0.0000e+00
      2.541     -0.071     0.0396      0.375    194.975 151.002761    46.0800     1.1994     0.1278     0.5499 5.7540e-01     3.6937      2.491      3.614    13.6724 0.0000e+00
      2.523     -0.073     0.0397      0.371    194.724 150.890385    45.9900     1.1956     0.1278     0.5499 5.6255e-01     3.7088      2.474      3.589    13.6795 0.0000e+00
      2.504     -0.075     0.0395      0.365    194.568 150.848419    45.9900     1.1879     0.1278     0.5499 5.9667e-01     3.7994      2.456      3.562    13.6891 0.0000e+00
      2.485     -0.078     0.0391      0.358    194.476 150.843639    45.9900     1.1269     0.1278     0.5499 6.0292e-01     3.6937      2.437      3.534    13.7024 0.0000e+00
      2.464     -0.081     0.0388      0.355    194.362 150.810663    45.9900     1.1421     0.1278     0.5499 6.2616e-01     3.6181      2.416      3.505    13.7205 0.0000e+00
      2.442     -0.082     0.0384      0.357    194.148 150.690616    46.0800     1.1498     0.1278     0.5499 6.5454e-01     3.8296      2.395      3.474    13.7415 0.0000e+00
      2.420     -0.082     0.0378      0.360    193.820 150.481537    46.0800     1.1307     0.1278     0.5499 6.9757e-01     3.7541      2.374      3.443    13.7617 0.0000e+00
      2.399     -0.081     0.0371      0.361    193.376 150.191779    46.0800     1.1879     0.1278     0.5499 7.7224e-01     3.9807      2.352      3.412    13.7789 0.0000e+00
      2.378     -0.080     0.0368      0.365    192.827 149.838233    46.0800     1.2070     0.1278     0.5499 7.7915e-01     4.0109      2.332      3.383    13.7931 0.0000e+00
      2.358     -0.078     0.0370      0.375    192.218 149.456837    46.0800     1.1956     0.1278     0.5499 7.8801e-01     3.9505      2.313      3.355    13.8051 0.0000e+00
      2.339     -0.077     0.0372      0.386    191.603 149.082111    46.1700     1.2223     0.1278     0.5076 8.2803e-01     4.1167      2.294      3.327    13.8169 0.0000e+00
      2.320     -0.076     0.0373      0.392    190.993 148.718302    46.1700     1.1841     0.1278     0.5076 8.7787e-01     3.7692      2.275      3.300    13.8312 0.0000e+00
      2.301     -0.075     0.0378      0.391    190.324 148.316474    46.1700     1.1841     0.1278     0.5076 8.9560e-01     3.7843      2.256      3.273    13.8503 0.0000e+00
      2.282     -0.073     0.0388      0.391    189.546 147.843594    46.1700     1.2032     0.1278     0.5076 9.0244e-01     3.8145      2.237      3.245    13.8742 0.0000e+00
      2.263     -0.071     0.0399      0.392    188.669 147.311779    45.9000     1.1917     0.1278     0.5499 9.7460e-01     3.7994      2.219      3.218    13.9014 0.0000e+00
      2.244     -0.068     0.0404      0.392    187.682 146.715428    45.9000     1.1879     0.1278     0.5499 1.0054e+00     4.0109      2.201      3.192    13.9306 0.0000e+00
      2.227     -0.066     0.0404      0.393    186.673 146.119852    45.9000     1.1917     0.1278     0.5499 1.0461e+00     3.9656      2.184      3.167    13.9621 0.0000e+00
      2.211     -0.063     0.0403      0.394    185.859 145.670686    45.9000     1.1994     0.1278     0.5499 1.0587e+00     4.0260      2.168      3.145    13.9976 0.0000e+00
      2.196     -0.062     0.0404      0.391    185.167 145.284217    45.9900     1.2451     0.0852     0.4653 9.8868e-01     3.9656      2.154      3.124    14.0383 0.0000e+00
      2.182     -0.063     0.0404      0.384    184.197 144.659103    45.9900     1.1917     0.0852     0.4653 1.0093e+00     3.7994      2.140      3.103    14.0852 0.0000e+00
      2.167     -0.066     0.0404      0.374    182.708 143.658688    45.9900     1.1803     0.0852     0.4653 1.0484e+00     3.6937      2.125      3.082    14.1375 0.0000e+00
      2.150     -0.070     0.0404      0.360    180.705 142.326636    45.9900     1.1879     0.0852     0.4653 1.1144e+00     3.8145      2.109      3.058    14.1886 0.0000e+00
      2.132     -0.075     0.0400      0.345    178.184 140.664229    45.3600     1.1803     0.1278     0.6768 1.1494e+00     3.6484      2.091      3.032    14.2319 0.0000e+00
      2.111     -0.080     0.0393      0.332    175.040 138.582630    45.3600     1.3024     0.1278     0.6768 1.2329e+00     3.7994      2.071      3.003    14.2711 0.0000e+00
      2.090     -0.084     0.0383      0.321    171.052 135.923244    45.3600     1.3024     0.1278     0.6768 1.3214e+00     3.6635      2.049      2.972    14.3206 0.0000e+00
      2.067     -0.086     0.0368      0.317    165.957 132.507514    45.3600     1.2986     0.1278     0.6768 1.4696e+00     3.7692      2.027      2.940    14.3926 0.0000e+00
      2.043     -0.085     0.0352      0.320    159.981 128.537590    45.3600     1.3138     0.1278     0.6768 1.5692e+00     3.7088      2.004      2.906    14.4898 0.0000e+00
      2.020     -0.082     0.0338      0.324    154.275 124.892147    44.5500     1.5427     0.1278     0.5922 1.7103e+00     3.7390      1.981      2.873    14.6127 0.0000e+00
      1.999     -0.077     0.0325      0.321    149.973 122.343938    44.5500     1.4778     0.1278     0.5922 1.8538e+00     3.7843      1.960      2.843    14.7686 0.0000e+00
      1.979     -0.072     0.0319      0.310    147.068 120.759661    44.5500     1.4931     0.1278     0.5922 1.8851e+00     3.8296      1.941      2.815    14.9705 0.0000e+00
      1.962     -0.066     0.0321      0.293    145.044 119.686868    44.5500     1.5007     0.1278     0.5922 1.9484e+00     3.6786      1.925      2.791    15.2290 0.0000e+00
      1.947     -0.061     0.0323      0.271    143.744 119.027520    42.5700     1.5427     0.1704     0.6768 1.9316e+00     3.8145      1.910      2.770    15.5329 0.0000e+00
      1.933     -0.057     0.0319      0.251    143.311 118.935819    42.5700     1.5580     0.1704     0.6768 2.0518e+00     3.6937      1.896      2.750    15.8359 0.0000e+00
      1.920     -0.055     0.0306      0.238    143.695 119.387295    42.5700     1.5618     0.1704     0.6768 2.1977e+00     3.6937      1.883      2.731    16.0913 0.0000e+00
      1.906     -0.054     0.0287      0.237    144.292 119.902286    42.5700     1.5732     0.1704     0.6768 2.4035e+00     3.7692      1.869      2.711    16.2834 0.0000e+00
      1.892     -0.053     0.0265      0.251    144.675 120.176077    41.1300     1.6304     0.1278     0.8883 2.6269e+00     3.7390      1.856      2.692    16.4179 0.0000e+00
      1.879     -0.052     0.0245      0.281    144.891 120.289673    41.1300     1.6304     0.1278     0.8883 2.9908e+00     3.7541      1.842      2.672    16.5042 0.0000e+00
      1.865     -0.051     0.0232      0.326    144.798 120.151331    41.1300     1.6381     0.1278     0.8883 3.4423e+00     3.7843      1.829      2.653    16.5460 0.0000e+00
      1.852     -0.049     0.0231      0.383    144.017 119.490092    41.1300     1.6381     0.1278     0.8883 3.9430e+00     3.6937      1.816      2.634    16.5498 0.0000e+00
      1.839     -0.046     0.0245      0.447    142.311 118.163624    41.1300     1.8021     0.1278     0.8883 4.5649e+00     3.7692      1.804      2.616    16.5332 0.0000e+00
      1.828     -0.042     0.0273      0.510    139.947 116.420295    39.9600     1.8021     0.1278     0.9729 5.1927e+00     3.7239      1.792      2.600    16.5106 0.0000e+00
      1.817     -0.038     0.0317      0.563    137.542 114.747301    39.9600     1.7983     0.1278     0.9729 5.8278e+00     3.7088      1.782      2.585    16.4903 0.0000e+00
      1.808     -0.035     0.0373      0.599    135.329 113.276541    39.9600     1.8364     0.1278     0.9729 6.2475e+00     3.7541      1.774      2.572    16.4875 0.0000e+00
      1.800     -0.032     0.0435      0.615    133.253 111.911782    39.9600     1.8364     0.1278     0.9729 6.6035e+00     4.0260      1.766      2.561    16.5214 0.0000e+00
      1.793     -0.030     0.0496      0.615    131.523 110.794991    32.5800     1.8135     0.1704     2.1996 7.0177e+00     3.9656      1.759      2.551    16.6024 0.0000e+00
      1.787     -0.029     0.0546      0.608    130.251 109.996280    32.5800     1.8021     0.1704     2.1996 7.5427e+00     4.0260      1.752      2.541    16.7229 0.0000e+00
      1.780     -0.029     0.0580      0.595    129.281 109.382644    32.5800     1.8326     0.1704     2.1996 7.8113e+00     3.9958      1.746      2.532    16.8620 0.0000e+00
      1.773     -0.030     0.0594      0.576    128.457 108.838436    32.5800     1.7411     0.1704     2.1996 7.9379e+00     3.4973      1.739      2.522    17.0011 0.0000e+00
      1.765     -0.032     0.0592      0.561    127.576 108.212538    24.0300     1.7296     0.1704     4.2300 8.3013e+00     3.5426      1.731      2.511    17.1269 0.0000e+00
      1.757     -0.033     0.0585      0.555    126.436 107.364036    24.0300     1.7640     0.1704     4.2300 8.7533e+00     3.4822      1.723      2.499    17.2294 0.0000e+00
      1.748     -0.034     0.0571      0.563    124.971 106.266585    24.0300     1.7449     0.1704     4.2300 9.3004e+00     3.5124      1.714      2.486    17.3072 0.0000e+00
      1.738     -0.035     0.0553      0.588    123.053 104.821456    24.0300     1.8975     0.1704     4.2300 9.6127e+00     3.6937      1.705      2.473    17.3656 0.0000e+00
      1.729     -0.036     0.0537      0.626    120.822 103.148983    25.0200     1.8784     0.1704     3.7647 9.8346e+00     3.7692      1.696      2.460    17.4127 0.0000e+00
      1.720     -0.036     0.0531      0.675    118.897 101.756600    25.0200     1.8708     0.1704     3.7647 9.9897e+00     3.7239      1.687      2.447    17.4606 0.0000e+00
