Data/DataNotYetUploadedToEDI/Raw_CTD/RawDownloads/082624_fcr20_S7809003.cnv
* Sea-Bird SBE19plus  Data File:
* FileName = C:\R\Reservoirs\Data\DataNotYetUploadedToEDI\Raw_CTD\RawDownloads\082624_fcr50_S7809_0003.hex
* Software version 2.8.0.119
* Temperature SN = 7809
* Conductivity SN = 7809
* System UpLoad Time = Aug 27 2024 14:09:38
* <ApplicationData>
* <Seaterm232>
# nquan = 15
# nvalues = 466                         
# units = specified
# name 0 = depFM: Depth [fresh water, m]
# name 1 = dz/dtM: Descent Rate [m/s]
# name 2 = sbeox0Mg/L: Oxygen, SBE 43 [mg/l]
# name 3 = sbeox0PS: Oxygen, SBE 43 [% saturation]
# name 4 = specc: Specific Conductance [uS/cm]
# name 5 = c0uS/cm: Conductivity [uS/cm]
# name 6 = flECO-AFL: Fluorescence, WET Labs ECO-AFL/FL [mg/m^3]
# name 7 = ph: pH
# name 8 = orp: Oxidation Reduction Potential [mV]
# name 9 = par/sat/log: PAR/Logarithmic, Satlantic
# name 10 = turbWETntu0: Turbidity, WET Labs ECO [NTU]
# name 11 = prdM: Pressure, Strain Gauge [db]
# name 12 = prdE: Pressure, Strain Gauge [psi]
# name 13 = tv290C: Temperature [ITS-90, deg C]
# name 14 = flag:  0.000e+00
# span 0 =     -0.576,      3.452       
# span 1 =     -0.088,      0.229       
# span 2 =     0.1305,     8.7577       
# span 3 =      1.491,    104.795       
# span 4 =      1.128,    197.472       
# span 5 =   1.138078, 166.233588       
# span 6 =    -0.0807,    28.1553       
# span 7 =      6.942,      7.631       
# span 8 =   101.1943,   529.1090       
# span 9 = 1.5144e+01, 2.2696e+03       
# span 10 =    -0.4554,   957.7604      
# span 11 =     -0.565,      3.385      
# span 12 =     -0.820,      4.910      
# span 13 =    17.0318,    25.4970      
# span 14 = 0.0000e+00, 0.0000e+00      
# interval = seconds: 0.25
# start_time = Aug 26 2024 12:20:31 [Instrument's time stamp, header]
# bad_flag = -9.990e-29
*END*
[from data line 193]
      0.148      0.015     8.5630    100.828     42.266  41.775678     3.8780      7.326   149.7059 1.0016e+03     5.5337      0.149      0.217    24.4404 0.0000e+00
      0.148      0.010     8.5160    100.626     42.286  41.797703     3.8978      7.329   150.1969 1.0142e+03     5.5814      0.146      0.212    24.4162 0.0000e+00
      0.144      0.005     8.4709    100.427     42.308  41.831275     3.9168      7.331   150.6946 9.9402e+02     5.6419      0.139      0.201    24.4020 0.0000e+00
      0.143      0.001     8.4351    100.313     42.319  41.864263     3.9163      7.334   151.1635 1.0203e+03     5.6498      0.140      0.203    24.4108 0.0000e+00
      0.144      0.001     8.4212    100.308     42.311  41.879250     3.8422      7.338   151.7360 1.0660e+03     5.6076      0.142      0.207    24.4161 0.0000e+00
      0.145      0.004     8.4061    100.380     42.303  41.885586     3.7279      7.342   152.1966 1.0450e+03     5.5761      0.142      0.207    24.4114 0.0000e+00
      0.146      0.007     8.3822    100.489     42.291  41.877421     3.6752      7.346   152.5170 9.8210e+02     5.6107      0.142      0.206    24.4254 0.0000e+00
      0.148      0.009     8.3680    100.587     42.259  41.843999     3.6782      7.350   152.9424 9.4199e+02     5.6843      0.145      0.210    24.4577 0.0000e+00
      0.152      0.009     8.3640    100.667     42.219  41.798828     3.7150      7.354   153.3826 9.5835e+02     5.6806      0.149      0.216    24.4888 0.0000e+00
      0.155      0.008     8.3682    100.731     42.205  41.775521     3.7795      7.358   153.6231 9.9493e+02     5.6004      0.152      0.221    24.5045 0.0000e+00
      0.157      0.005     8.3791    100.727     42.255  41.816058     3.8166      7.361   153.7855 1.0167e+03     5.5685      0.154      0.224    24.5068 0.0000e+00
      0.160      0.001     8.3879    100.635     42.287  41.844673     3.8227      7.365   154.0554 1.0602e+03     5.6028      0.158      0.228    24.5044 0.0000e+00
      0.160     -0.001     8.3938    100.504     42.245  41.804155     3.8196      7.369   154.3913 1.0986e+03     5.6389      0.159      0.230    24.4984 0.0000e+00
      0.157     -0.001     8.4046    100.360     42.212  41.770426     3.8046      7.372   154.7488 1.0527e+03     5.6291      0.154      0.223    24.4853 0.0000e+00
      0.153     -0.001     8.4071    100.193     42.202  41.754197     3.7912      7.375   155.1947 9.1431e+02     5.5870      0.148      0.215    24.4716 0.0000e+00
      0.152     -0.001     8.3972    100.009     42.201  41.734870     3.7825      7.375   155.7386 7.5063e+02     5.5739      0.147      0.214    24.4689 0.0000e+00
      0.154     -0.001     8.3848     99.825     42.225  41.727115     3.7410      7.376   156.2494 6.7848e+02     5.6070      0.152      0.220    24.4741 0.0000e+00
      0.157     -0.001     8.3737     99.651     42.256  41.723859     3.6715      7.378   156.6386 7.2277e+02     5.6452      0.155      0.225    24.4736 0.0000e+00
      0.158     -0.005     8.3610     99.540     42.309  41.758912     3.6245      7.380   156.8306 8.1865e+02     5.6258      0.156      0.226    24.4658 0.0000e+00
      0.157     -0.014     8.3463     99.520     42.372  41.833582     3.6051      7.382   156.8498 9.3233e+02     5.5782      0.155      0.224    24.4501 0.0000e+00
      0.155     -0.023     8.3398     99.594     42.363  41.865084     3.6131      7.384   156.8715 1.0360e+03     5.5478      0.153      0.222    24.4052 0.0000e+00
      0.148     -0.029     8.3294     99.793     42.283  41.822529     3.6538      7.387   157.0068 1.0832e+03     5.5649      0.149      0.217    24.3562 0.0000e+00
      0.133     -0.031     8.3227    100.054     42.220  41.763387     3.6894      7.391   157.2807 1.0714e+03     5.6488      0.133      0.191    24.3339 0.0000e+00
      0.118     -0.028     8.3216    100.245     42.199  41.721213     3.6854      7.395   157.6021 9.7368e+02     5.6741      0.112      0.163    24.3420 0.0000e+00
      0.109     -0.025     8.3142    100.340     42.198  41.693379     3.6637      7.398   157.8813 8.3962e+02     5.5977      0.105      0.153    24.4071 0.0000e+00
      0.107     -0.026     8.3231    100.349     42.271  41.744146     3.6769      7.400   157.9894 8.5015e+02     5.5452      0.105      0.152    24.4715 0.0000e+00
      0.109     -0.036     8.3526    100.256     42.353  41.827252     3.7370      7.402   158.3927 9.8806e+02     5.5853      0.106      0.154    24.4635 0.0000e+00
      0.110     -0.054     8.3735    100.138     42.303  41.809669     3.7919      7.403   158.8865 1.0864e+03     5.6723      0.109      0.160    24.4262 0.0000e+00
      0.104     -0.072     8.3847    100.088     42.186  41.722004     3.7988      7.408   158.4531 1.0897e+03     5.6758      0.110      0.159    24.3951 0.0000e+00
      0.076     -0.084     8.3937    100.081     42.130  41.655901     3.6710      7.415   157.8841 1.2503e+03     5.5926      0.084      0.122    24.3633 0.0000e+00
      0.031     -0.088     8.3837    100.085     42.155  41.645072     3.4456      7.422   157.8582 1.5889e+03     5.5546      0.027      0.039    24.3541 0.0000e+00
     -0.009     -0.082     8.3603    100.123     42.197  41.654488     3.3375      7.430   157.9674 1.7148e+03     5.5918     -0.019     -0.027    24.4111 0.0000e+00
     -0.028     -0.067     8.3500    100.191     42.209  41.642768     3.3368      7.439   158.0864 1.6728e+03     5.6330     -0.031     -0.045    24.4687 0.0000e+00
     -0.033     -0.043     8.3549    100.257     42.214  41.630268     3.2620      7.446   158.1784 1.6578e+03     5.6088     -0.033     -0.048    24.4427 0.0000e+00
     -0.034     -0.019     8.3621    100.292     42.222  41.630268     3.1077      7.452   158.3049 1.6536e+03     5.5384     -0.035     -0.050    24.3849 0.0000e+00
     -0.032     -0.004     8.3717    100.267     42.235  41.642752     3.0196      7.458   158.4979 1.6610e+03     5.4991     -0.032     -0.047    24.3473 0.0000e+00
     -0.030      0.002     8.3828    100.168     42.242  41.654282     3.0116      7.463   158.7905 1.6733e+03     5.5428     -0.028     -0.042    24.3208 0.0000e+00
     -0.028      0.004     8.3921    100.030     42.226  41.642750     3.0366      7.468   159.1764 1.6833e+03     5.6231     -0.027     -0.040    24.2991 0.0000e+00
     -0.028      0.004     8.3975     99.922     42.213  41.630255     3.0810      7.472   159.4636 1.6867e+03     5.6501     -0.028     -0.040    24.2894 0.0000e+00
     -0.028      0.005     8.3961     99.866     42.216  41.630142     3.0980      7.476   159.5958 1.6878e+03     5.5959     -0.028     -0.041    24.2918 0.0000e+00
     -0.027      0.008     8.3856     99.820     42.235  41.641379     3.0925      7.479   159.8285 1.7162e+03     5.5140     -0.028     -0.040    24.2991 0.0000e+00
     -0.026      0.013     8.3702     99.771     42.244  41.639168     3.0977      7.481   160.2985 1.8087e+03     5.5491     -0.026     -0.037    24.3042 0.0000e+00
     -0.024      0.021     8.3601     99.742     42.218  41.603396     3.1110      7.483   160.8044 1.8980e+03     5.6791     -0.024     -0.035    24.3057 0.0000e+00
     -0.020      0.030     8.3585     99.740     42.211  41.589644     3.1032      7.483   161.2993 1.8374e+03     5.6848     -0.021     -0.030    24.3012 0.0000e+00
     -0.011      0.039     8.3565     99.776     42.225  41.599821     3.0876      7.482   161.8081 1.6711e+03     5.5842     -0.013     -0.020    24.2932 0.0000e+00
      0.002      0.047     8.3522     99.822     42.229  41.599508     3.1466      7.482   162.2235 1.5737e+03     5.5550      0.001      0.002    24.2791 0.0000e+00
      0.018      0.053     8.3541     99.845     42.217  41.585851     3.2754      7.482   162.7945 1.3234e+03     5.6050      0.019      0.028    24.2626 0.0000e+00
      0.035      0.061     8.3529     99.842     42.193  41.561628     3.3472      7.481   163.5505 9.0138e+02     5.6422      0.034      0.050    24.2567 0.0000e+00
      0.050      0.067     8.3580     99.793     42.194  41.560493     3.3316      7.479   164.0506 7.9808e+02     5.6294      0.050      0.073    24.2534 0.0000e+00
      0.063      0.070     8.3645     99.704     42.213  41.572137     3.3113      7.478   164.2801 9.6173e+02     5.5864      0.060      0.088    24.2482 0.0000e+00
      0.081      0.071     8.3652     99.625     42.225  41.575467     3.3760      7.479   164.5193 1.0430e+03     5.6345      0.074      0.107    24.2447 0.0000e+00
      0.106      0.070     8.3670     99.598     42.255  41.600739     3.4989      7.481   164.8774 9.9922e+02     5.8012      0.105      0.152    24.2462 0.0000e+00
      0.129      0.069     8.3618     99.584     42.278  41.623828     3.5649      7.481   165.2544 1.0130e+03     5.9286      0.131      0.189    24.2465 0.0000e+00
      0.144      0.068     8.3552     99.549     42.252  41.600759     3.5754      7.480   165.5496 1.2286e+03     5.9446      0.142      0.206    24.2356 0.0000e+00
      0.156      0.065     8.3473     99.522     42.225  41.575686     3.5922      7.479   165.9517 1.3594e+03     5.8591      0.153      0.222    24.2238 0.0000e+00
      0.170      0.061     8.3489     99.536     42.228  41.574542     3.6352      7.480   166.5028 1.1684e+03     5.8169      0.166      0.241    24.2180 0.0000e+00
      0.186      0.058     8.3490     99.583     42.249  41.586923     3.6792      7.480   166.9643 9.4337e+02     5.9121      0.182      0.265    24.2183 0.0000e+00
      0.203      0.054     8.3432     99.612     42.269  41.598437     3.6999      7.481   167.2295 8.8122e+02     5.9847      0.200      0.289    24.2240 0.0000e+00
      0.219      0.049     8.3401     99.616     42.263  41.586803     3.6935      7.484   167.3870 9.0551e+02     5.9092      0.215      0.312    24.2275 0.0000e+00
      0.233      0.039     8.3406     99.580     42.251  41.573183     3.6772      7.487   167.5776 9.6219e+02     5.8202      0.230      0.333    24.2230 0.0000e+00
      0.243      0.028     8.3507     99.456     42.237  41.560698     3.6847      7.492   167.8137 9.6039e+02     5.8649      0.241      0.349    24.2103 0.0000e+00
      0.248      0.017     8.3537     99.285     42.234  41.562787     3.7022      7.496   168.0903 8.6349e+02     5.9372      0.246      0.356    24.1976 0.0000e+00
      0.248      0.007     8.3543     99.137     42.263  41.598444     3.7553      7.499   168.4269 7.4218e+02     5.9087      0.244      0.354    24.1926 0.0000e+00
      0.245      0.000     8.3559     99.055     42.266  41.611030     3.8523      7.502   168.6997 6.3900e+02     5.7597      0.240      0.349    24.1918 0.0000e+00
      0.243     -0.003     8.3421     99.090     42.235  41.588045     3.9010      7.504   168.9806 5.8700e+02     5.6040      0.238      0.346    24.1921 0.0000e+00
      0.242     -0.001     8.3248     99.240     42.215  41.574414     3.9119      7.507   169.4999 6.1705e+02     5.5980      0.237      0.344    24.1972 0.0000e+00
      0.240      0.007     8.3101     99.434     42.212  41.573165     3.9255      7.508   170.1596 6.8810e+02     5.6859      0.235      0.341    24.2082 0.0000e+00
      0.240      0.018     8.2992     99.585     42.216  41.572938     3.9240      7.508   170.8487 7.0256e+02     5.7105      0.236      0.342    24.2200 0.0000e+00
      0.243      0.028     8.3002     99.628     42.223  41.571669     3.9103      7.505   171.5507 6.5931e+02     5.6571      0.237      0.343    24.2298 0.0000e+00
      0.253      0.038     8.3151     99.558     42.220  41.557812     3.8931      7.504   172.1942 6.6389e+02     5.5869      0.244      0.354    24.2367 0.0000e+00
      0.269      0.046     8.3327     99.426     42.209  41.532302     3.8908      7.504   172.8652 6.8042e+02     5.5448      0.264      0.383    24.2404 0.0000e+00
      0.286      0.052     8.3488     99.257     42.210  41.517085     3.9327      7.505   173.6405 6.4282e+02     5.6262      0.280      0.408    24.2344 0.0000e+00
      0.301      0.056     8.3546     99.017     42.209  41.500734     4.0084      7.507   174.4269 6.1487e+02     5.8199      0.295      0.429    24.2228 0.0000e+00
      0.313      0.057     8.3479     98.728     42.185  41.461512     4.0476      7.508   175.0603 6.1267e+02     5.9051      0.308      0.447    24.2117 0.0000e+00
      0.325      0.056     8.3385     98.473     42.166  41.423633     4.0408      7.511   175.5343 6.1673e+02     5.8363      0.316      0.460    24.1937 0.0000e+00
      0.340      0.054     8.3297     98.217     42.184  41.423521     4.0680      7.514   176.0282 6.2073e+02     5.7741      0.333      0.483    24.1727 0.0000e+00
      0.357      0.051     8.3132     97.951     42.233  41.460126     4.1522      7.516   176.5576 6.3072e+02     5.7335      0.351      0.509    24.1558 0.0000e+00
      0.372      0.048     8.2841     97.705     42.259  41.485399     4.2183      7.520   177.0321 6.5013e+02     5.6871      0.366      0.531    24.1392 0.0000e+00
      0.383      0.045     8.2722     97.504     42.241  41.475230     4.2267      7.524   177.4631 6.5063e+02     5.6570      0.377      0.546    24.1144 0.0000e+00
      0.392      0.040     8.2534     97.404     42.220  41.464115     4.2192      7.527   177.8962 6.6093e+02     5.6428      0.385      0.557    24.0897 0.0000e+00
      0.400      0.036     8.2312     97.389     42.227  41.477960     4.2361      7.530   178.3114 6.9375e+02     5.6860      0.392      0.568    24.0746 0.0000e+00
      0.409      0.034     8.2125     97.416     42.263  41.515708     4.2651      7.533   178.7837 7.2250e+02     5.8041      0.401      0.582    24.0744 0.0000e+00
      0.417      0.036     8.1885     97.476     42.289  41.539722     4.2791      7.535   179.4765 7.2907e+02     5.9087      0.410      0.595    24.0878 0.0000e+00
      0.424      0.042     8.1808     97.579     42.268  41.514439     4.2546      7.536   180.2346 7.2272e+02     5.8586      0.416      0.603    24.1012 0.0000e+00
      0.432      0.050     8.1791     97.729     42.220  41.463876     4.2026      7.536   180.8091 7.1635e+02     5.6765      0.422      0.613    24.1089 0.0000e+00
      0.443      0.057     8.1813     97.857     42.195  41.436097     4.1912      7.536   181.1737 6.9305e+02     5.5850      0.431      0.626    24.1120 0.0000e+00
      0.461      0.065     8.1865     97.874     42.198  41.432428     4.2165      7.536   181.6317 6.6676e+02     5.6409      0.449      0.651    24.1096 0.0000e+00
      0.485      0.074     8.1949     97.781     42.193  41.419508     4.2339      7.535   182.3891 6.4333e+02     5.7378      0.477      0.692    24.1027 0.0000e+00
      0.507      0.084     8.2105     97.631     42.191  41.406797     4.2516      7.533   183.0179 6.2011e+02     5.7997      0.501      0.726    24.0994 0.0000e+00
      0.524      0.092     8.2260     97.464     42.206  41.405652     4.2642      7.533   183.3842 6.0863e+02     5.8086      0.513      0.744    24.0971 0.0000e+00
      0.543      0.096     8.2276     97.305     42.224  41.405644     4.2776      7.534   183.7212 5.9759e+02     5.8459      0.527      0.764    24.0882 0.0000e+00
      0.572      0.094     8.2192     97.130     42.238  41.406678     4.3390      7.535   183.9946 5.8303e+02     5.8744      0.558      0.809    24.0785 0.0000e+00
      0.606      0.089     8.2078     96.933     42.256  41.418132     4.4324      7.537   184.2806 5.6822e+02     5.8114      0.596      0.865    24.0677 0.0000e+00
      0.634      0.079     8.1949     96.782     42.258  41.417187     4.4753      7.538   184.6839 5.4722e+02     5.7332      0.625      0.907    24.0468 0.0000e+00
      0.654      0.066     8.1872     96.727     42.236  41.395251     4.4662      7.540   185.0855 5.3199e+02     5.6465      0.645      0.936    24.0222 0.0000e+00
      0.665      0.051     8.1758     96.752     42.248  41.406781     4.4632      7.543   185.3503 5.2804e+02     5.5832      0.655      0.950    24.0080 0.0000e+00
