Data/DataNotYetUploadedToEDI/Raw_CTD/RawDownloads/082624_fcr10_S7809002.cnv
* Sea-Bird SBE19plus  Data File:
* FileName = C:\R\Reservoirs\Data\DataNotYetUploadedToEDI\Raw_CTD\RawDownloads\082624_fcr50_S7809_0002.hex
* Software version 2.8.0.119
* Temperature SN = 7809
* Conductivity SN = 7809
* System UpLoad Time = Aug 27 2024 14:09:19
* <ApplicationData>
* <Seaterm232>
# nquan = 15
# nvalues = 694                         
# units = specified
# name 0 = depFM: Depth [fresh water, m]
# name 1 = dz/dtM: Descent Rate [m/s]
# name 2 = sbeox0Mg/L: Oxygen, SBE 43 [mg/l]
# name 3 = sbeox0PS: Oxygen, SBE 43 [% saturation]
# name 4 = specc: Specific Conductance [uS/cm]
# name 5 = c0uS/cm: Conductivity [uS/cm]
# name 6 = flECO-AFL: Fluorescence, WET Labs ECO-AFL/FL [mg/m^3]
# name 7 = ph: pH
# name 8 = orp: Oxidation Reduction Potential [mV]
# name 9 = par/sat/log: PAR/Logarithmic, Satlantic
# name 10 = turbWETntu0: Turbidity, WET Labs ECO [NTU]
# name 11 = prdM: Pressure, Strain Gauge [db]
# name 12 = prdE: Pressure, Strain Gauge [psi]
# name 13 = tv290C: Temperature [ITS-90, deg C]
# name 14 = flag:  0.000e+00
# span 0 =     -0.584,      2.129       
# span 1 =     -0.130,      3.244       
# span 2 =     4.6619,     8.2657       
# span 3 =     56.785,     99.835       
# span 4 =      1.344,     44.070       
# span 5 =   1.458703,  44.514305       
# span 6 =    -0.1611,   119.9468       
# span 7 =      5.888,      7.391       
# span 8 = -1240.7455,   238.9379       
# span 9 = 4.0897e+01, 2.3739e+03       
# span 10 =    -0.4348,    72.7919      
# span 11 =     -0.573,      2.088      
# span 12 =     -0.831,      3.029      
# span 13 =    23.0165,    31.2493      
# span 14 = 0.0000e+00, 0.0000e+00      
# interval = seconds: 0.25
# start_time = Aug 26 2024 12:10:12 [Instrument's time stamp, header]
# bad_flag = -9.990e-29
*END*
[from data line 675]
      2.072      0.013     5.9413     65.732     43.671  41.999239     8.9858      7.383   238.0407 4.2698e+01     9.6360      2.032      2.947    23.0654 0.0000e+00
      2.077      0.013     5.8348     65.739     43.673  41.989173    10.1222      7.384   238.0419 4.2530e+01     9.5988      2.036      2.954    23.0778 0.0000e+00
      2.081      0.013     5.7385     66.162     43.643  41.952425    10.7713      7.384   238.1112 4.2418e+01     9.6123      2.040      2.958    23.0853 0.0000e+00
      2.084      0.012     5.6563     66.827     43.626  41.935727    11.0909      7.385   238.1036 4.2385e+01     9.8005      2.044      2.964    23.0919 0.0000e+00
      2.086      0.012     5.6127     67.442     43.598  41.914222    13.9455      7.386   238.0359 4.2365e+01    10.7473      2.046      2.968    23.0835 0.0000e+00
      2.088      0.012     5.6191     67.718     43.556  41.882827    19.1762      7.389   238.0672 4.2315e+01    12.3145      2.047      2.969    23.0644 0.0000e+00
      2.090      0.013     5.6603     67.629     43.533  41.873481    22.1987      7.389   238.2245 4.2246e+01    13.2069      2.049      2.972    23.0534 0.0000e+00
      2.093      0.015     5.7263     67.361     43.513  41.864710    24.6467      7.389   238.3887 4.2106e+01    14.3296      2.051      2.975    23.0555 0.0000e+00
      2.098      0.016     5.7905     67.095     43.482  41.840259    48.9915      7.389   238.5036 4.1920e+01    25.9906      2.055      2.981    23.0619 0.0000e+00
      2.104      0.016     5.8126     66.913     43.470  41.831726    93.5900      7.390   238.6680 4.1800e+01    47.3144      2.064      2.993    23.0728 0.0000e+00
      2.110      0.016     5.7954     66.849     43.458  41.825016   117.8988      7.391   238.8273 4.1765e+01    58.9314      2.070      3.003    23.0889 0.0000e+00
      2.113      0.015     5.7653     66.941     43.451  41.822593   119.9468      7.391   238.8811 4.1730e+01    59.9756      2.073      3.006    23.1034 0.0000e+00
      2.115      0.014     5.7397     67.191     43.496  41.865906   118.4855      7.391   238.8884 4.1641e+01    60.5543      2.074      3.008    23.1067 0.0000e+00
      2.118      0.012     5.7246     67.533     43.543  41.904435   100.2805      7.391   238.9144 4.1552e+01    66.9201      2.077      3.012    23.1090 0.0000e+00
      2.121      0.011     5.7150     67.715     43.550  41.907622    83.5734      7.391   238.9379 4.1457e+01    72.7919      2.081      3.018    23.1160 0.0000e+00
      2.125 -9.990e-29     5.7240 -9.990e-29 -9.990e-29 -9.990e-29 -9.990e-29 -9.990e-29 -9.990e-29 4.1246e+01 -9.990e-29      2.084      3.023    23.1234 0.0000e+00
      2.127 -9.990e-29     5.7442 -9.990e-29 -9.990e-29 -9.990e-29 -9.990e-29 -9.990e-29 -9.990e-29 4.1031e+01 -9.990e-29      2.086      3.026    23.1248 0.0000e+00
      2.129 -9.990e-29     5.7831 -9.990e-29 -9.990e-29 -9.990e-29 -9.990e-29 -9.990e-29 -9.990e-29 4.0930e+01 -9.990e-29      2.088      3.028    23.1126 0.0000e+00
      2.129 -9.990e-29     5.8136 -9.990e-29 -9.990e-29 -9.990e-29 -9.990e-29 -9.990e-29 -9.990e-29 4.0897e+01 -9.990e-29      2.088      3.029    23.1037 0.0000e+00
