Data/DataNotYetUploadedToEDI/Raw_CTD/RawDownloads/082624_bvr50_S8188001.cnv
* Sea-Bird SBE19plus  Data File:
* FileName = C:\R\Reservoirs\Data\DataNotYetUploadedToEDI\Raw_CTD\RawDownloads\082624_bvr50_S8188_0001.hex
* Software version 2.8.0.119
* Temperature SN = 8188
* Conductivity SN = 8188
* System UpLoad Time = Aug 27 2024 14:26:46
* <ApplicationData>
* <Seaterm232>
# nquan = 16
# nvalues = 2304                        
# units = specified
# name 0 = depFM: Depth [fresh water, m]
# name 1 = dz/dtM: Descent Rate [m/s]
# name 2 = sbeox0Mg/L: Oxygen, SBE 43 [mg/l]
# name 3 = sbeox0PS: Oxygen, SBE 43 [% saturation]
# name 4 = specc: Specific Conductance [uS/cm]
# name 5 = c0uS/cm: Conductivity [uS/cm]
# name 6 = wetCDOM: Fluorescence, WET Labs CDOM [mg/m^3]
# name 7 = flECO-AFL: Fluorescence, WET Labs ECO-AFL/FL [mg/m^3]
# name 8 = flECO-AFL1: Fluorescence, WET Labs ECO-AFL/FL, 2 [mg/m^3]
# name 9 = flECO-AFL2: Fluorescence, WET Labs ECO-AFL/FL, 3 [mg/m^3]
# name 10 = par/sat/log: PAR/Logarithmic, Satlantic
# name 11 = turbWETntu0: Turbidity, WET Labs ECO [NTU]
# name 12 = prdM: Pressure, Strain Gauge [db]
# name 13 = prdE: Pressure, Strain Gauge [psi]
# name 14 = tv290C: Temperature [ITS-90, deg C]
# name 15 = flag:  0.000e+00
# span 0 =     -0.631,      9.363       
# span 1 =     -0.206,      0.142       
# span 2 =     0.0337,    11.9323       
# span 3 =      0.335,    144.490       
# span 4 =   -676.824,    209.404       
# span 5 =-482.904866, 147.400332       
# span 6 =    -4.5000,    69.5700       
# span 7 =    -0.2808,   245.1606       
# span 8 =    -6.3474,     4.4304       
# span 9 =   -12.8169,    21.2769       
# span 10 = 1.1580e-01, 1.3795e+03      
# span 11 =    -9.1317,    74.8903      
# span 12 =     -0.619,      9.182      
# span 13 =     -0.898,     13.317      
# span 14 =    10.1907,    25.1165      
# span 15 = 0.0000e+00, 0.0000e+00      
# interval = seconds: 0.25
# start_time = Aug 26 2024 09:32:49 [Instrument's time stamp, header]
# bad_flag = -9.990e-29
*END*
[from data line 452]
      1.548      0.030     5.8696     67.925     29.484  29.456894    23.3100     8.6725     0.0852     1.2267 8.5515e+01     3.5879      1.519      2.203    24.9483 0.0000e+00
      1.556      0.029     5.7949     67.036     29.450  29.418524    23.3100     8.6458     0.0852     1.2267 8.3713e+01     3.5577      1.526      2.214    24.9411 0.0000e+00
      1.565      0.029     5.6806     65.693     29.410  29.373026    23.3100     8.6534     0.0852     1.2267 8.2934e+01     3.4067      1.535      2.226    24.9306 0.0000e+00
      1.574      0.030     5.5361     64.005     29.365  29.320217    23.3100     8.6610     0.0852     1.3113 8.1896e+01     3.5124      1.544      2.239    24.9169 0.0000e+00
      1.583      0.031     5.3761     62.140     29.305  29.249995    23.3100     8.6954     0.0852     1.3113 8.0958e+01     3.4218      1.553      2.252    24.9003 0.0000e+00
      1.593      0.032     5.2161     60.278     29.225  29.157575    23.3100     8.6610     0.0852     1.3113 8.0747e+01     3.5124      1.562      2.266    24.8790 0.0000e+00
      1.603      0.034     5.0692     58.571     29.147  29.062124    23.3100     8.6191     0.0852     1.3113 7.9944e+01     3.5275      1.572      2.280    24.8487 0.0000e+00
      1.613      0.035     4.9444     57.121     29.086  28.976024    23.3100     8.6725     0.0852     1.3113 7.7971e+01     3.4218      1.582      2.295    24.8041 0.0000e+00
      1.624      0.037     4.8460     55.974     29.052  28.904194    23.3100     8.6343     0.0852     1.3959 7.6994e+01     3.5124      1.592      2.310    24.7395 0.0000e+00
      1.634      0.038     4.7738     55.127     29.046  28.849385    23.3100     8.9395     0.0852     1.3959 7.6129e+01     3.7692      1.603      2.324    24.6556 0.0000e+00
      1.644      0.039     4.7228     54.526     29.054  28.806933    23.3100     8.9624     0.0852     1.3959 7.5356e+01     3.6030      1.613      2.339    24.5681 0.0000e+00
      1.654      0.040     4.6838     54.065     29.058  28.769497    23.3100     8.9700     0.0852     1.3959 7.4138e+01     3.7692      1.622      2.353    24.4978 0.0000e+00
      1.663      0.040     4.6468     53.628     29.046  28.733065    23.3100     8.9548     0.0852     1.3113 7.4412e+01     3.7088      1.631      2.366    24.4548 0.0000e+00
      1.672      0.039     4.6064     53.151     29.020  28.697878    23.3100     9.0807     0.0852     1.3113 7.3161e+01     3.6937      1.640      2.378    24.4385 0.0000e+00
      1.680      0.038     4.5617     52.615     28.992  28.670484    23.3100     9.0654     0.0852     1.3113 7.3003e+01     3.6786      1.648      2.390    24.4397 0.0000e+00
      1.689      0.037     4.5115     52.006     28.968  28.649553    23.3100     9.0654     0.0852     1.3113 7.2214e+01     3.7088      1.656      2.402    24.4452 0.0000e+00
      1.697      0.036     4.4503     51.265     28.942  28.623532    23.3100     9.0883     0.1278     1.2690 7.1449e+01     3.6937      1.664      2.413    24.4437 0.0000e+00
      1.705      0.035     4.3687     50.287     28.922  28.595438    23.3100     9.3324     0.1278     1.2690 7.1589e+01     3.7541      1.672      2.425    24.4290 0.0000e+00
      1.713      0.034     4.2579     48.976     28.913  28.571719    23.3100     9.3248     0.1278     1.2690 7.0569e+01     3.7994      1.680      2.437    24.4040 0.0000e+00
      1.722      0.033     4.1144     47.292     28.916  28.557997    23.3100     9.3362     0.1278     1.2690 6.9610e+01     3.7994      1.689      2.450    24.3756 0.0000e+00
      1.731      0.033     3.9397     45.253     28.915  28.540655    23.3100     9.3095     0.1278     1.2690 6.7966e+01     3.6937      1.698      2.463    24.3474 0.0000e+00
      1.740      0.033     3.7384     42.911     28.882  28.493162    23.4000     9.3057     0.1278     1.4382 6.7553e+01     3.6786      1.707      2.475    24.3202 0.0000e+00
      1.749      0.034     3.5172     40.341     28.833  28.428740    23.4000     9.3172     0.1278     1.4382 6.7642e+01     3.6937      1.715      2.488    24.2926 0.0000e+00
      1.758      0.034     3.2836     37.631     28.799  28.376012    23.4000     9.3286     0.1278     1.4382 6.6736e+01     3.7088      1.723      2.500    24.2604 0.0000e+00
      1.766      0.034     3.0454     34.874     28.781  28.336847    23.4000     9.3095     0.1278     1.4382 6.6389e+01     3.7390      1.732      2.512    24.2227 0.0000e+00
      1.774      0.034     2.8098     32.153     28.763  28.296817    23.4000     9.4736     0.1278     1.3113 6.5757e+01     3.6786      1.740      2.524    24.1832 0.0000e+00
      1.783      0.034     2.5827     29.538     28.733  28.245246    23.4000     9.4469     0.1278     1.3113 6.5005e+01     3.6484      1.749      2.536    24.1459 0.0000e+00
      1.792      0.034     2.3706     27.100     28.700  28.194268    23.4000     9.4469     0.1278     1.3113 6.5005e+01     3.6332      1.757      2.548    24.1125 0.0000e+00
      1.800      0.034     2.1816     24.932     28.694  28.170115    23.4000     9.4469     0.1278     1.3113 6.4849e+01     3.7843      1.765      2.560    24.0817 0.0000e+00
      1.808      0.033     2.0244     23.129     28.718  28.176303    23.3100     9.4965     0.1278     1.2267 6.4568e+01     3.7088      1.773      2.572    24.0508 0.0000e+00
      1.817      0.033     1.9062     21.773     28.751  28.190586    23.3100     9.5155     0.1278     1.2267 6.3304e+01     3.8296      1.782      2.584    24.0194 0.0000e+00
      1.826      0.033     1.8305     20.899     28.774  28.196856    23.3100     9.4888     0.1278     1.2267 6.2797e+01     3.7692      1.790      2.596    23.9905 0.0000e+00
      1.834      0.033     1.7937     20.468     28.783  28.192802    23.3100     9.5155     0.1278     1.2267 6.2525e+01     3.7239      1.798      2.608    23.9684 0.0000e+00
      1.841      0.033     1.7841     20.344     28.780  28.181326    23.5800     9.4583     0.0852     1.3959 6.2281e+01     3.6937      1.805      2.618    23.9546 0.0000e+00
      1.848      0.032     1.7841     20.331     28.786  28.183263    23.5800     9.4621     0.0852     1.3959 6.2064e+01     3.7541      1.812      2.628    23.9477 0.0000e+00
      1.854      0.031     1.7764     20.232     28.805  28.201121    23.5800     9.4240     0.0852     1.3959 6.2105e+01     3.6181      1.818      2.638    23.9457 0.0000e+00
      1.861      0.030     1.7509     19.933     28.810  28.205808    23.5800     9.4392     0.0852     1.3959 6.2430e+01     3.7088      1.825      2.647    23.9462 0.0000e+00
      1.867      0.029     1.7074     19.430     28.782  28.178663    23.5800     9.4011     0.0852     1.3959 6.1943e+01     3.7994      1.831      2.656    23.9460 0.0000e+00
      1.874      0.028     1.6508     18.775     28.732  28.128376    23.6700     9.3668     0.1278     1.3959 6.2064e+01     3.6937      1.838      2.666    23.9432 0.0000e+00
      1.882      0.027     1.5858     18.022     28.698  28.091322    23.6700     9.3935     0.1278     1.3959 6.1809e+01     3.7541      1.845      2.676    23.9371 0.0000e+00
      1.890      0.027     1.5155     17.207     28.688  28.075542    23.6700     9.4049     0.1278     1.3959 6.0730e+01     3.7994      1.853      2.687    23.9275 0.0000e+00
      1.899      0.028     1.4414     16.346     28.665  28.046957    23.6700     9.5651     0.1278     1.3959 6.0388e+01     3.7541      1.862      2.700    23.9155 0.0000e+00
      1.908      0.029     1.3619     15.423     28.612  27.987988    23.6700     9.5499     0.0852     1.4382 5.8072e+01     3.6937      1.871      2.714    23.9036 0.0000e+00
      1.918      0.031     1.2702     14.367     28.553  27.924726    23.6700     9.5728     0.0852     1.4382 5.7444e+01     3.7088      1.881      2.728    23.8944 0.0000e+00
      1.928      0.033     1.1547     13.049     28.527  27.896059    23.6700     9.5842     0.0852     1.4382 5.7344e+01     3.7692      1.891      2.742    23.8879 0.0000e+00
      1.937      0.035     1.0073     11.376     28.535  27.900316    23.6700     9.6300     0.0852     1.4382 5.6712e+01     3.6937      1.900      2.755    23.8828 0.0000e+00
      1.947      0.036     0.8337      9.411     28.526  27.888848    23.9400     9.5995     0.0852     1.3113 5.6258e+01     3.7239      1.909      2.768    23.8769 0.0000e+00
      1.956      0.037     0.6527      7.365     28.488  27.846651    23.9400     9.6338     0.0852     1.3113 5.5990e+01     3.6635      1.918      2.781    23.8688 0.0000e+00
      1.965      0.037     0.4853      5.473     28.451  27.804289    23.9400     9.6185     0.0852     1.3113 5.5373e+01     3.6635      1.927      2.795    23.8571 0.0000e+00
      1.975      0.037     0.3448      3.887     28.422  27.766396    23.9400     9.9428     0.0852     1.3113 5.4822e+01     3.9505      1.936      2.809    23.8407 0.0000e+00
      1.985      0.037     0.2364      2.663     28.388  27.720876    25.2000     9.9390     0.0852     1.3959 5.3866e+01     3.9656      1.946      2.823    23.8183 0.0000e+00
      1.996      0.037     0.1610      1.813     28.353  27.669529    25.2000     9.9390     0.0852     1.3959 5.2491e+01     3.9203      1.957      2.838    23.7894 0.0000e+00
      2.007      0.038     0.1167      1.314     28.324  27.622557    25.2000     9.9428     0.0852     1.3959 5.1195e+01     3.9958      1.968      2.854    23.7559 0.0000e+00
      2.017      0.039     0.0972      1.092     28.301  27.579381    25.2000     9.9123     0.0852     1.3959 5.0896e+01     3.9958      1.978      2.869    23.7193 0.0000e+00
      2.028      0.040     0.0906      1.017     28.277  27.532468    25.2000     9.9619     0.0852     1.3959 5.0269e+01     3.9958      1.988      2.884    23.6779 0.0000e+00
      2.037      0.040     0.0850      0.953     28.239  27.469308    26.3700     9.9504     0.0426     1.3959 4.9802e+01     3.9656      1.998      2.897    23.6314 0.0000e+00
      2.047      0.040     0.0747      0.837     28.181  27.386995    26.3700     9.9542     0.0426     1.3959 4.9274e+01     3.9505      2.007      2.911    23.5848 0.0000e+00
      2.056      0.040     0.0616      0.690     28.135  27.319333    26.3700     9.8627     0.0426     1.3959 4.8467e+01     3.9052      2.017      2.925    23.5441 0.0000e+00
      2.066      0.039     0.0499      0.559     28.119  27.286112    26.3700     9.8741     0.0426     1.3959 4.8006e+01     3.9807      2.026      2.938    23.5123 0.0000e+00
      2.076      0.039     0.0425      0.476     28.103  27.256568    26.3700     9.8818     0.1278     1.2690 4.7333e+01     3.9807      2.036      2.952    23.4882 0.0000e+00
      2.086      0.038     0.0405      0.453     28.066  27.208884    26.3700     9.8741     0.1278     1.2690 4.6608e+01     3.8901      2.046      2.967    23.4683 0.0000e+00
      2.096      0.038     0.0440      0.492     28.012  27.146273    26.3700     9.6376     0.1278     1.2690 4.5349e+01     3.9505      2.056      2.982    23.4494 0.0000e+00
      2.107      0.038     0.0519      0.579     27.954  27.079917    26.3700     9.6300     0.1278     1.2690 4.4519e+01     3.9958      2.066      2.996    23.4301 0.0000e+00
      2.116      0.039     0.0619      0.690     27.913  27.029953    26.5500     9.6185     0.1278     1.3959 4.3895e+01     3.8901      2.076      3.010    23.4119 0.0000e+00
      2.126      0.039     0.0710      0.792     27.892  27.000979    26.5500     9.6109     0.1278     1.3959 4.3468e+01     3.9656      2.085      3.024    23.3977 0.0000e+00
      2.134      0.039     0.0769      0.857     27.888  26.993233    26.5500     9.3248     0.1278     1.3959 4.3242e+01     3.7239      2.093      3.036    23.3894 0.0000e+00
      2.143      0.038     0.0789      0.879     27.898  27.000666    26.5500     9.3095     0.1278     1.3959 4.2719e+01     3.7692      2.101      3.047    23.3861 0.0000e+00
      2.150      0.036     0.0782      0.870     27.904  27.005349    26.6400     9.3095     0.0852     1.3959 4.2395e+01     3.7239      2.109      3.058    23.3848 0.0000e+00
      2.158      0.035     0.0763      0.849     27.900  27.000564    26.6400     9.3362     0.0852     1.3959 4.2147e+01     3.7390      2.116      3.069    23.3824 0.0000e+00
      2.166      0.034     0.0751      0.834     27.888  26.985037    26.6400     9.2180     0.0852     1.3959 4.1982e+01     3.6937      2.124      3.080    23.3765 0.0000e+00
      2.174      0.032     0.0758      0.841     27.870  26.962592    26.6400     9.1875     0.0852     1.3959 4.1511e+01     3.6181      2.132      3.092    23.3668 0.0000e+00
      2.183      0.032     0.0787      0.873     27.856  26.943173    26.6400     9.2180     0.0852     1.3959 4.0760e+01     3.6937      2.141      3.104    23.3561 0.0000e+00
      2.192      0.032     0.0833      0.923     27.852  26.933549    26.8200     9.1989     0.1278     1.3959 3.9866e+01     3.7088      2.150      3.118    23.3452 0.0000e+00
      2.201      0.032     0.0885      0.980     27.861  26.935135    26.8200     9.0807     0.1278     1.3959 3.9137e+01     3.9203      2.159      3.131    23.3335 0.0000e+00
      2.210      0.033     0.0930      1.029     27.880  26.948353    26.8200     9.0654     0.1278     1.3959 3.8967e+01     3.8598      2.167      3.144    23.3236 0.0000e+00
      2.219      0.034     0.0964      1.067     27.909  26.972746    26.8200     9.0807     0.1278     1.3959 3.8773e+01     4.0260      2.176      3.156    23.3171 0.0000e+00
      2.227      0.034     0.0992      1.098     27.935  26.994907    26.8200     9.0997     0.1278     1.3536 3.8823e+01     3.8296      2.183      3.167    23.3126 0.0000e+00
      2.234      0.034     0.1020      1.129     27.942  27.000832    26.8200    10.6333     0.1278     1.3536 3.8387e+01     4.1469      2.191      3.178    23.3097 0.0000e+00
      2.242      0.033     0.1057      1.171     27.930  26.988118    26.8200    10.5951     0.1278     1.3536 3.8271e+01     4.1771      2.198      3.188    23.3091 0.0000e+00
      2.249      0.032     0.1107      1.226     27.898  26.957358    26.8200    10.6027     0.1278     1.3536 3.8237e+01     4.2828      2.206      3.199    23.3090 0.0000e+00
      2.257      0.031     0.1169      1.294     27.857  26.916280    26.8200    10.5989     0.0852     1.3959 3.7989e+01     4.2677      2.213      3.210    23.3055 0.0000e+00
      2.265      0.031     0.1241      1.374     27.825  26.879815    26.8200    11.3428     0.0852     1.3959 3.7972e+01     4.1318      2.221      3.222    23.2959 0.0000e+00
      2.274      0.031     0.1321      1.462     27.806  26.852179    26.8200    11.3314     0.0852     1.3959 3.7554e+01     4.2375      2.230      3.235    23.2807 0.0000e+00
      2.284      0.032     0.1400      1.550     27.787  26.824008    26.8200    11.3657     0.0852     1.3959 3.6129e+01     4.2224      2.240      3.249    23.2628 0.0000e+00
      2.295      0.033     0.1477      1.634     27.777  26.803721    26.8200    11.3390     0.0852     1.5228 3.5840e+01     4.2224      2.250      3.264    23.2427 0.0000e+00
      2.305      0.035     0.1551      1.715     27.797  26.809801    26.8200    12.1935     0.0852     1.5228 3.5499e+01     4.3433      2.260      3.278    23.2192 0.0000e+00
      2.314      0.036     0.1625      1.796     27.826  26.823957    26.8200    12.2202     0.0852     1.5228 3.5207e+01     4.5094      2.269      3.291    23.1945 0.0000e+00
      2.323      0.037     0.1699      1.877     27.838  26.824078    26.8200    12.2126     0.0852     1.5228 3.5184e+01     4.5094      2.278      3.303    23.1735 0.0000e+00
      2.331      0.037     0.1767      1.950     27.836  26.814176    26.8200    12.2011     0.0852     1.5228 3.4963e+01     4.4490      2.286      3.315    23.1594 0.0000e+00
      2.339      0.036     0.1817      2.004     27.809  26.785637    26.9100    12.5445     0.1278     1.3536 3.4638e+01     4.2224      2.294      3.327    23.1540 0.0000e+00
