Data/DataNotYetUploadedToEDI/Raw_CTD/RawDownloads/082624_bvr50_S8188001.cnv
* Sea-Bird SBE19plus  Data File:
* FileName = C:\R\Reservoirs\Data\DataNotYetUploadedToEDI\Raw_CTD\RawDownloads\082624_bvr50_S8188_0001.hex
* Software version 2.8.0.119
* Temperature SN = 8188
* Conductivity SN = 8188
* System UpLoad Time = Aug 27 2024 14:26:46
* <ApplicationData>
* <Seaterm232>
# nquan = 16
# nvalues = 2304                        
# units = specified
# name 0 = depFM: Depth [fresh water, m]
# name 1 = dz/dtM: Descent Rate [m/s]
# name 2 = sbeox0Mg/L: Oxygen, SBE 43 [mg/l]
# name 3 = sbeox0PS: Oxygen, SBE 43 [% saturation]
# name 4 = specc: Specific Conductance [uS/cm]
# name 5 = c0uS/cm: Conductivity [uS/cm]
# name 6 = wetCDOM: Fluorescence, WET Labs CDOM [mg/m^3]
# name 7 = flECO-AFL: Fluorescence, WET Labs ECO-AFL/FL [mg/m^3]
# name 8 = flECO-AFL1: Fluorescence, WET Labs ECO-AFL/FL, 2 [mg/m^3]
# name 9 = flECO-AFL2: Fluorescence, WET Labs ECO-AFL/FL, 3 [mg/m^3]
# name 10 = par/sat/log: PAR/Logarithmic, Satlantic
# name 11 = turbWETntu0: Turbidity, WET Labs ECO [NTU]
# name 12 = prdM: Pressure, Strain Gauge [db]
# name 13 = prdE: Pressure, Strain Gauge [psi]
# name 14 = tv290C: Temperature [ITS-90, deg C]
# name 15 = flag:  0.000e+00
# span 0 =     -0.631,      9.363       
# span 1 =     -0.206,      0.142       
# span 2 =     0.0337,    11.9323       
# span 3 =      0.335,    144.490       
# span 4 =   -676.824,    209.404       
# span 5 =-482.904866, 147.400332       
# span 6 =    -4.5000,    69.5700       
# span 7 =    -0.2808,   245.1606       
# span 8 =    -6.3474,     4.4304       
# span 9 =   -12.8169,    21.2769       
# span 10 = 1.1580e-01, 1.3795e+03      
# span 11 =    -9.1317,    74.8903      
# span 12 =     -0.619,      9.182      
# span 13 =     -0.898,     13.317      
# span 14 =    10.1907,    25.1165      
# span 15 = 0.0000e+00, 0.0000e+00      
# interval = seconds: 0.25
# start_time = Aug 26 2024 09:32:49 [Instrument's time stamp, header]
# bad_flag = -9.990e-29
*END*
[from data line 1537]
      8.104     -0.013     0.0474      0.425    167.034 118.323233    52.3800     1.6228     0.0852     0.9306 1.1617e-01     3.1498      7.948     11.527    10.4165 0.0000e+00
      8.103     -0.010     0.0484      0.434    166.434 117.906664    52.3800     1.6075     0.0852     0.9306 1.1610e-01     3.0894      7.946     11.525    10.4191 0.0000e+00
      8.102     -0.009     0.0490      0.439    165.464 117.232159    52.3800     1.6075     0.0852     0.9306 1.1623e-01     2.9535      7.945     11.523    10.4230 0.0000e+00
      8.100     -0.007     0.0489      0.439    164.314 116.437876    52.3800     1.5313     0.0852     0.9306 1.1600e-01     3.1649      7.943     11.521    10.4293 0.0000e+00
      8.098     -0.007     0.0483      0.433    163.337 115.772030    52.3800     1.5427     0.0852     0.9306 1.1617e-01     3.2556      7.941     11.517    10.4375 0.0000e+00
      8.095     -0.007     0.0475      0.426    162.695 115.343066    52.8300     1.5580     0.1278     0.9306 1.1612e-01     3.1649      7.938     11.513    10.4454 0.0000e+00
      8.091     -0.008     0.0468      0.420    162.446 115.184586    52.8300     1.5351     0.1278     0.9306 1.1620e-01     3.2405      7.934     11.508    10.4510 0.0000e+00
      8.086     -0.009     0.0456      0.409    162.674 115.354321    52.8300     1.6152     0.1278     0.9306 1.1612e-01     2.7118      7.929     11.501    10.4534 0.0000e+00
      8.080     -0.012     0.0443      0.398    163.378 115.853536    52.8300     1.6075     0.1278     0.9306 1.1628e-01     2.7571      7.923     11.492    10.4533 0.0000e+00
      8.072     -0.015     0.0441      0.395    164.334 116.525367    53.4600     1.6228     0.0852     0.9306 1.1600e-01     2.7420      7.915     11.480    10.4514 0.0000e+00
      8.062     -0.019     0.0446      0.400    165.141 117.086961    53.4600     1.6037     0.0852     0.9306 1.1607e-01     2.6966      7.905     11.466    10.4481 0.0000e+00
      8.050     -0.024     0.0452      0.405    165.500 117.330054    53.4600     1.4397     0.0852     0.9306 1.1623e-01     2.7269      7.894     11.450    10.4447 0.0000e+00
      8.038     -0.029     0.0456      0.409    165.333 117.205459    53.4600     1.4359     0.0852     0.9306 1.1612e-01     2.8326      7.882     11.433    10.4427 0.0000e+00
      8.026     -0.034     0.0457      0.410    164.728 116.775960    52.0200     1.4435     0.0852     0.8037 1.1617e-01     2.8628      7.871     11.416    10.4427 0.0000e+00
      8.016     -0.038     0.0459      0.412    163.969 116.243046    52.0200     1.4130     0.0852     0.8037 1.1615e-01     2.7571      7.861     11.402    10.4442 0.0000e+00
      8.008     -0.040     0.0462      0.415    163.395 115.844621    52.0200     1.5084     0.0852     0.8037 1.1625e-01     3.4822      7.853     11.389    10.4468 0.0000e+00
      7.999     -0.041     0.0458      0.411    163.154 115.684438    52.0200     1.4931     0.0852     0.8037 1.1592e-01     3.3764      7.844     11.378    10.4499 0.0000e+00
      7.991     -0.040     0.0452      0.405    163.285 115.787778    51.1200     1.5007     0.1278     0.8460 1.1612e-01     3.4973      7.836     11.366    10.4532 0.0000e+00
      7.981     -0.039     0.0451      0.405    163.749 116.124201    51.1200     1.4893     0.1278     0.8460 1.1605e-01     3.4671      7.827     11.352    10.4554 0.0000e+00
      7.971     -0.037     0.0455      0.409    164.254 116.483420    51.1200     1.5046     0.1278     0.8460 1.1597e-01     4.0411      7.816     11.337    10.4558 0.0000e+00
      7.959     -0.037     0.0461      0.414    164.448 116.619216    51.1200     1.4931     0.1278     0.8460 1.1595e-01     3.9354      7.804     11.320    10.4552 0.0000e+00
      7.946     -0.038     0.0463      0.416    164.275 116.495800    51.1200     1.4855     0.1278     0.8460 1.1615e-01     3.9807      7.792     11.301    10.4551 0.0000e+00
      7.934     -0.040     0.0461      0.414    163.869 116.210270    51.4800     1.5007     0.0852     0.8883 1.1612e-01     3.9656      7.780     11.284    10.4557 0.0000e+00
      7.925     -0.042     0.0459      0.412    163.514 115.960489    51.4800     1.5007     0.0852     0.8883 1.1617e-01     3.9807      7.771     11.271    10.4564 0.0000e+00
      7.918     -0.042     0.0457      0.410    163.423 115.895850    51.4800     1.5236     0.0852     0.8883 1.1623e-01     3.8447      7.765     11.262    10.4563 0.0000e+00
      7.913     -0.041     0.0452      0.406    163.502 115.949119    51.4800     1.4931     0.0852     0.8883 1.1605e-01     3.9052      7.760     11.255    10.4555 0.0000e+00
      7.909     -0.037     0.0445      0.400    163.684 116.074503    50.9400     1.4969     0.0852     0.8883 1.1590e-01     3.8598      7.756     11.249    10.4545 0.0000e+00
      7.906     -0.032     0.0442      0.397    163.930 116.245437    50.9400     1.5427     0.0852     0.8883 1.1617e-01     3.7088      7.753     11.245    10.4533 0.0000e+00
      7.903     -0.027     0.0443      0.398    164.074 116.343500    50.9400     1.5580     0.0852     0.8883 1.1607e-01     3.7390      7.750     11.240    10.4521 0.0000e+00
      7.900     -0.021     0.0450      0.404    163.997 116.286839    50.9400     1.5541     0.0852     0.8883 1.1617e-01     3.6786      7.747     11.237    10.4516 0.0000e+00
      7.897     -0.017     0.0458      0.411    163.699 116.078345    52.2900     1.5427     0.0852     0.8883 1.1585e-01     3.6937      7.744     11.233    10.4524 0.0000e+00
      7.894     -0.014     0.0462      0.415    163.251 115.768424    52.2900     1.5503     0.0852     0.8883 1.1590e-01     3.4369      7.741     11.228    10.4548 0.0000e+00
      7.891     -0.013     0.0464      0.417    162.713 115.396431    52.2900     1.5351     0.0852     0.8883 1.1615e-01     3.5124      7.738     11.223    10.4577 0.0000e+00
      7.886     -0.012     0.0467      0.420    162.119 114.983170    52.2900     1.5541     0.0852     0.8883 1.1597e-01     3.5124      7.734     11.217    10.4600 0.0000e+00
      7.881     -0.013     0.0469      0.421    161.483 114.536435    52.2900     1.5732     0.0852     0.8883 1.1620e-01     3.5879      7.729     11.210    10.4614 0.0000e+00
      7.875     -0.015     0.0467      0.419    160.661 113.955095    52.2900     1.4244     0.1278     0.8460 1.1612e-01     2.9837      7.723     11.201    10.4619 0.0000e+00
      7.867     -0.017     0.0463      0.416    159.263 112.962129    52.2900     1.4206     0.1278     0.8460 1.1615e-01     3.0894      7.715     11.190    10.4616 0.0000e+00
      7.858     -0.020     0.0459      0.413    156.738 111.168749    52.2900     1.3939     0.1278     0.8460 1.1600e-01     2.9535      7.706     11.176    10.4608 0.0000e+00
      7.847     -0.024     0.0456      0.410    152.322 108.034720    52.2900     1.4435     0.1278     0.8460 1.1617e-01     2.9837      7.695     11.160    10.4603 0.0000e+00
      7.835     -0.029     0.0455      0.409    144.788 102.692299    51.5700     1.5503     0.0852     0.8037 1.1605e-01     3.1045      7.684     11.144    10.4606 0.0000e+00
      7.825     -0.033     0.0456      0.410    132.167  93.744841    51.5700     1.5427     0.0852     0.8037 1.1630e-01     3.0139      7.673     11.130    10.4619 0.0000e+00
      7.817     -0.036     0.0456      0.410    111.242  78.908359    51.5700     1.5503     0.0852     0.8037 1.1612e-01     2.9535      7.665     11.118    10.4635 0.0000e+00
      7.810     -0.037     0.0457      0.411     76.646  54.374453    51.5700     1.5580     0.0852     0.8037 1.1612e-01     2.9837      7.659     11.109    10.4649 0.0000e+00
      7.805     -0.036     0.0463      0.416     19.398  13.772742    50.4000     1.4855     0.1278     0.9729 1.1592e-01     3.9958      7.654     11.102    10.4658 0.0000e+00
      7.802     -0.033     0.0475      0.426    -75.560 -53.577908    50.4000     1.4931     0.1278     0.9729 1.1620e-01     3.8901      7.651     11.097    10.4662 0.0000e+00
      7.799     -0.029     0.0491      0.441   -233.545-165.633671    50.4000     1.4664     0.1278     0.9729 1.1615e-01     3.9052      7.648     11.093    10.4661 0.0000e+00
      7.797     -0.024     0.0508      0.457   -496.833-352.380074    50.4000     1.4740     0.1278     0.9729 1.1600e-01     3.9656      7.647     11.091    10.4656 0.0000e+00
      7.797     -0.018     0.0517      0.464   -661.389-469.098908    51.8400     1.5274     0.0852     0.8460 1.1602e-01     2.3341      7.646     11.089    10.4648 0.0000e+00
      7.796     -0.013     0.0516      0.463   -496.764-352.335946    51.8400     1.5465     0.0852     0.8460 1.1612e-01     2.3039      7.645     11.089    10.4642 0.0000e+00
      7.796     -0.010     0.0509      0.458   -233.371-165.517647    51.8400     1.5580     0.0852     0.8460 1.1623e-01     2.2435      7.645     11.088    10.4639 0.0000e+00
      7.796     -0.007     0.0499      0.448    -75.277 -53.385047    51.8400     1.5389     0.0852     0.8460 1.1600e-01     2.3190      7.645     11.088    10.4638 0.0000e+00
      7.795     -0.004     0.0482      0.434     19.672  13.959881    51.8400     1.6114     0.0852     0.8460 1.1625e-01     2.2737      7.644     11.088    10.4636 0.0000e+00
      7.795     -0.003     0.0464      0.417     76.719  54.421786    53.3700     1.5923     0.0852     0.8037 1.1617e-01     2.2435      7.644     11.087    10.4634 0.0000e+00
      7.794     -0.002     0.0453      0.407    110.956  78.704514    53.3700     1.6343     0.0852     0.8037 1.1605e-01     2.3039      7.643     11.086    10.4633 0.0000e+00
      7.794     -0.002     0.0453      0.407    131.450  93.239462    53.3700     1.6266     0.0852     0.8037 1.1615e-01     2.3341      7.643     11.085    10.4630 0.0000e+00
      7.792     -0.002     0.0456      0.410    143.704 101.928614    53.3700     1.5427     0.0852     0.8037 1.1600e-01     2.2132      7.642     11.083    10.4622 0.0000e+00
      7.791     -0.003     0.0461      0.415    150.975 107.083078    53.3700     1.5656     0.1278     0.8037 1.1600e-01     2.3945      7.640     11.081    10.4614 0.0000e+00
      7.788     -0.004     0.0470      0.422    155.211 110.087376    53.3700     1.5465     0.1278     0.8037 1.1602e-01     2.2586      7.638     11.078    10.4613 0.0000e+00
      7.785     -0.005     0.0479      0.430    157.744 111.886646    53.3700     1.5580     0.1278     0.8037 1.1623e-01     2.2132      7.635     11.073    10.4622 0.0000e+00
      7.781     -0.007     0.0485      0.436    159.383 113.054687    53.3700     1.4969     0.1278     0.8037 1.1597e-01     3.1045      7.631     11.068    10.4638 0.0000e+00
      7.776     -0.009     0.0487      0.437    160.471 113.830983    53.0100     1.5007     0.0852     0.8460 1.1620e-01     3.0139      7.625     11.060    10.4652 0.0000e+00
      7.768     -0.012     0.0483      0.434    161.142 114.310553    53.0100     1.4969     0.0852     0.8460 1.1612e-01     2.9384      7.618     11.049    10.4663 0.0000e+00
      7.759     -0.016     0.0480      0.431    161.453 114.535286    53.0100     1.4969     0.0852     0.8460 1.1615e-01     3.0592      7.609     11.036    10.4677 0.0000e+00
      7.750     -0.021     0.0477      0.428    161.480 114.561111    53.0100     1.4778     0.0852     0.8460 1.1605e-01     2.8024      7.600     11.023    10.4697 0.0000e+00
      7.741     -0.025     0.0470      0.422    161.331 114.462913    53.0100     1.4855     0.0852     0.8460 1.1600e-01     2.7722      7.591     11.010    10.4720 0.0000e+00
      7.734     -0.028     0.0461      0.414    161.112 114.312501    51.4800     1.4931     0.0852     0.7614 1.1605e-01     2.8175      7.584     11.000    10.4737 0.0000e+00
      7.728     -0.030     0.0452      0.406    160.905 114.167758    51.4800     1.4702     0.0852     0.7614 1.1605e-01     2.6815      7.578     10.991    10.4743 0.0000e+00
      7.723     -0.031     0.0449      0.403    160.780 114.078079    51.4800     1.5732     0.0852     0.7614 1.1628e-01     2.7571      7.573     10.984    10.4741 0.0000e+00
      7.718     -0.029     0.0448      0.403    160.794 114.085543    51.4800     1.6266     0.0852     0.7614 1.1615e-01     2.7420      7.569     10.977    10.4732 0.0000e+00
      7.713     -0.027     0.0449      0.404    160.882 114.144143    50.9400     1.6152     0.1278     0.8037 1.1607e-01     2.7873      7.564     10.970    10.4721 0.0000e+00
      7.707     -0.024     0.0450      0.404    160.927 114.173517    50.9400     1.6228     0.1278     0.8037 1.1610e-01     2.6664      7.558     10.962    10.4711 0.0000e+00
      7.701     -0.023     0.0451      0.405    160.931 114.175497    50.9400     1.5503     0.1278     0.8037 1.1628e-01     2.6815      7.552     10.953    10.4709 0.0000e+00
      7.693     -0.022     0.0451      0.405    160.940 114.184608    50.9400     1.5503     0.1278     0.8037 1.1612e-01     2.7571      7.544     10.942    10.4718 0.0000e+00
      7.684     -0.023     0.0451      0.405    160.938 114.189282    52.2000     1.5503     0.0852     0.8883 1.1633e-01     2.7571      7.535     10.929    10.4737 0.0000e+00
      7.673     -0.026     0.0453      0.407    160.877 114.154768    52.2000     1.5580     0.0852     0.8883 1.1605e-01     2.6664      7.524     10.913    10.4765 0.0000e+00
      7.661     -0.030     0.0453      0.408    160.719 114.053864    52.2000     1.5541     0.0852     0.8883 1.1600e-01     2.7722      7.513     10.896    10.4799 0.0000e+00
      7.650     -0.034     0.0451      0.405    160.485 113.899659    52.2000     1.5351     0.0852     0.8883 1.1600e-01     2.7420      7.502     10.880    10.4835 0.0000e+00
      7.640     -0.037     0.0449      0.404    160.263 113.751023    50.8500     1.5580     0.1278     0.9729 1.1610e-01     2.7873      7.492     10.867    10.4863 0.0000e+00
      7.633     -0.038     0.0449      0.404    160.113 113.648313    50.8500     1.5427     0.1278     0.9729 1.1615e-01     2.8175      7.485     10.857    10.4876 0.0000e+00
      7.628     -0.038     0.0451      0.406    160.071 113.618134    50.8500     1.5580     0.1278     0.9729 1.1600e-01     2.7571      7.480     10.849    10.4874 0.0000e+00
      7.623     -0.036     0.0454      0.408    160.124 113.652438    50.8500     1.5465     0.1278     0.9729 1.1600e-01     2.6664      7.476     10.843    10.4864 0.0000e+00
      7.620     -0.031     0.0457      0.411    160.181 113.688379    50.8500     1.5465     0.1278     0.9729 1.1612e-01     2.7873      7.473     10.839    10.4850 0.0000e+00
      7.618     -0.026     0.0462      0.415    160.246 113.731542    51.2100     1.5580     0.0852     0.8883 1.1615e-01     2.7722      7.471     10.836    10.4840 0.0000e+00
      7.617     -0.021     0.0464      0.417    160.365 113.813435    51.2100     1.5808     0.0852     0.8883 1.1617e-01     2.8175      7.470     10.835    10.4832 0.0000e+00
      7.617     -0.015     0.0465      0.418    160.495 113.901902    51.2100     1.6075     0.0852     0.8883 1.1600e-01     2.6966      7.470     10.834    10.4821 0.0000e+00
      7.617     -0.011     0.0467      0.420    160.596 113.968539    51.2100     1.6381     0.0852     0.8883 1.1617e-01     2.8779      7.470     10.834    10.4805 0.0000e+00
      7.618     -0.007     0.0474      0.426    160.661 114.009119    52.1100     1.6495     0.1278     0.8460 1.1607e-01     2.7420      7.470     10.835    10.4787 0.0000e+00
      7.618     -0.004     0.0481      0.432    160.695 114.028462    52.1100     1.6190     0.1278     0.8460 1.1605e-01     2.5305      7.471     10.836    10.4771 0.0000e+00
      7.618     -0.002     0.0485      0.436    160.693 114.023727    52.1100     1.6381     0.1278     0.8460 1.1623e-01     2.5154      7.471     10.836    10.4761 0.0000e+00
      7.618     -0.000     0.0484      0.435    160.676 114.009650    52.1100     1.6037     0.1278     0.8460 1.1610e-01     2.4852      7.470     10.835    10.4756 0.0000e+00
