Data/DataNotYetUploadedToEDI/Raw_CTD/RawDownloads/082624_fcr50_S7809001.cnv
* Sea-Bird SBE19plus  Data File:
* FileName = C:\R\Reservoirs\Data\DataNotYetUploadedToEDI\Raw_CTD\RawDownloads\082624_fcr50_S7809_0001.hex
* Software version 2.8.0.119
* Temperature SN = 7809
* Conductivity SN = 7809
* System UpLoad Time = Aug 27 2024 14:08:53
* <ApplicationData>
* <Seaterm232>
# nquan = 15
# nvalues = 1056                        
# units = specified
# name 0 = depFM: Depth [fresh water, m]
# name 1 = dz/dtM: Descent Rate [m/s]
# name 2 = sbeox0Mg/L: Oxygen, SBE 43 [mg/l]
# name 3 = sbeox0PS: Oxygen, SBE 43 [% saturation]
# name 4 = specc: Specific Conductance [uS/cm]
# name 5 = c0uS/cm: Conductivity [uS/cm]
# name 6 = flECO-AFL: Fluorescence, WET Labs ECO-AFL/FL [mg/m^3]
# name 7 = ph: pH
# name 8 = orp: Oxidation Reduction Potential [mV]
# name 9 = par/sat/log: PAR/Logarithmic, Satlantic
# name 10 = turbWETntu0: Turbidity, WET Labs ECO [NTU]
# name 11 = prdM: Pressure, Strain Gauge [db]
# name 12 = prdE: Pressure, Strain Gauge [psi]
# name 13 = tv290C: Temperature [ITS-90, deg C]
# name 14 = flag:  0.000e+00
# span 0 =     -0.581,      9.519       
# span 1 =     -0.191,      0.158       
# span 2 =     0.0802,     8.0213       
# span 3 =      0.928,     95.712       
# span 4 =      3.484,    422.986       
# span 5 =   3.339253, 319.513418       
# span 6 =    -2.1101,    96.2369       
# span 7 =     -2.141,      7.124       
# span 8 = -1240.7455,   871.3062       
# span 9 = 1.2358e-01, 1.2724e+03       
# span 10 =    -0.1156,   328.3385      
# span 11 =     -0.570,      9.335      
# span 12 =     -0.827,     13.539      
# span 13 =    12.7559,    24.4383      
# span 14 = 0.0000e+00, 0.0000e+00      
# interval = seconds: 0.25
# start_time = Aug 26 2024 09:38:31 [Instrument's time stamp, header]
# bad_flag = -9.990e-29
*END*
[from data line 193]
     -0.102     -0.149     7.7401     90.427     42.292  41.811070     2.5134      6.540   247.3073 9.2646e+02     4.4948     -0.084     -0.122    24.4089 0.0000e+00
     -0.175     -0.176     7.6737     90.097     42.317  41.838755     2.4905      6.545   243.0310 9.2191e+02     4.4488     -0.175     -0.254    24.4083 0.0000e+00
     -0.242     -0.191     7.6163     89.821     42.346  41.870408     2.4741      6.550   241.6744 9.2880e+02     4.4688     -0.252     -0.366    24.4140 0.0000e+00
     -0.282     -0.185     7.5783     89.508     42.350  41.876453     2.3825      6.551   244.1540 9.4527e+02     4.4290     -0.276     -0.401    24.4204 0.0000e+00
     -0.319     -0.158     7.5531     89.053     42.320  41.848368     2.2150      6.551   242.1244 9.6591e+02     4.3440     -0.302     -0.438    24.4245 0.0000e+00
     -0.372     -0.132     7.5179     88.400     42.320  41.848192     2.1127      6.554   236.2357 9.8017e+02     4.2604     -0.371     -0.538    24.4287 0.0000e+00
     -0.412     -0.124     7.5015     87.499     42.410  41.937795     2.0870      6.559   233.1821 9.6564e+02     4.2036     -0.423     -0.614    24.4320 0.0000e+00
     -0.417     -0.126     7.4771     86.326     42.902  42.423997     2.0198      6.566   231.1012 9.3780e+02     3.9650     -0.415     -0.600    24.4351 0.0000e+00
     -0.417     -0.122     7.4405     85.041     44.867  44.362905     1.8915      6.576   228.7993 9.2619e+02     3.4595     -0.388     -0.563    24.4366 0.0000e+00
     -0.458     -0.112     7.3871     84.037     47.512  46.972414     1.8092      6.585   223.7622 9.1345e+02     3.1120     -0.432     -0.628    24.4365 0.0000e+00
     -0.525     -0.102     7.3133     83.586     48.572  48.012274     1.7487      6.591   207.3671 8.8424e+02     2.9747     -0.533     -0.773    24.4377 0.0000e+00
     -0.567     -0.091     7.2136     83.725     48.617  48.048837     1.2188      6.598   179.7600 8.7056e+02     2.3467     -0.569     -0.826    24.4383 0.0000e+00
     -0.576     -0.072     7.0895     84.305     48.753  48.176370     0.2625      6.607   151.4401 8.9024e+02     1.2563     -0.565     -0.818    24.4342 0.0000e+00
     -0.576     -0.042     6.9993     84.948     49.126  48.538453    -0.2502      6.618   132.9662 9.1613e+02     0.8598     -0.566     -0.820    24.4268 0.0000e+00
     -0.576     -0.015     6.9629     85.250     49.855  49.252228    -0.3279      6.631   127.9558 9.3329e+02     2.9837     -0.565     -0.820    24.4189 0.0000e+00
     -0.575     -0.002     6.9780     85.059     46.065  45.504877    -0.8010      6.643   129.1474 9.4280e+02    27.3119     -0.565     -0.818    24.4100 0.0000e+00
     -0.575      0.000     7.0403     84.414     31.601  31.215204    -1.6595      6.654   127.9289 9.4351e+02    72.0511     -0.563     -0.817    24.4023 0.0000e+00
     -0.575      0.000     7.1099     83.419     14.636  14.456508    -2.1101      6.664   124.6660 9.3516e+02    96.3302     -0.564     -0.818    24.3957 0.0000e+00
     -0.575      0.003     7.1389     82.321      7.409   7.317940    -2.0542      6.679   160.5926 9.2037e+02    96.4075     -0.564     -0.817    24.3900 0.0000e+00
     -0.575      0.013     7.1204     81.396      7.828   7.731438    -1.0752      6.701   250.5077 9.0850e+02    73.2591     -0.564     -0.818    24.3853 0.0000e+00
     -0.575      0.028     7.0664     80.743     11.551  11.409238     0.7123      6.707   324.3272 9.1308e+02    30.5570     -0.563     -0.817    24.3807 0.0000e+00
     -0.573      0.045     6.9764     80.393     18.293  18.071913     1.6879      6.689   354.4988 9.3723e+02     7.2969     -0.565     -0.819    24.3764 0.0000e+00
     -0.561      0.062     6.8735     80.350     28.348  28.010737     1.7905      6.663   372.7653 9.5791e+02     5.2468     -0.558     -0.809    24.3736 0.0000e+00
     -0.536      0.078     6.7967     80.548     39.069  38.608368     1.8122      6.640   403.3928 9.4684e+02     5.0521     -0.526     -0.762    24.3715 0.0000e+00
     -0.507      0.090     6.7401     80.849     44.144  43.626333     1.8501      6.626   393.5627 9.1160e+02     4.9082     -0.495     -0.718    24.3754 0.0000e+00
     -0.480      0.097     6.7086     81.127     44.343  43.826339     1.9236      6.620   311.5565 8.1300e+02     4.7358     -0.471     -0.684    24.3873 0.0000e+00
     -0.454      0.098     6.7061     81.406     43.818  43.311690     1.9776      6.621   255.7356 7.3966e+02     4.6759     -0.443     -0.643    24.3971 0.0000e+00
     -0.430      0.093     6.7248     81.681     43.360  42.862503     2.0036      6.626   250.0154 8.2481e+02     4.7314     -0.421     -0.611    24.4029 0.0000e+00
     -0.408      0.086     6.7567     81.868     43.076  42.584434     2.0797      6.631   248.9334 7.7429e+02     4.6892     -0.401     -0.582    24.4076 0.0000e+00
     -0.385      0.077     6.7751     81.991     42.913  42.424950     2.2062      6.635   248.9340 6.3787e+02     4.5071     -0.377     -0.547    24.4121 0.0000e+00
     -0.364      0.067     6.7971     82.108     42.817  42.330548     2.2681      6.640   249.5067 7.7553e+02     4.4084     -0.355     -0.515    24.4172 0.0000e+00
     -0.346      0.059     6.8259     82.253     42.752  42.268141     2.2710      6.642   250.0069 9.4214e+02     4.4523     -0.338     -0.490    24.4210 0.0000e+00
     -0.333      0.056     6.8381     82.460     42.852  42.368557     2.2500      6.637   250.2498 9.6457e+02     4.4916     -0.325     -0.471    24.4232 0.0000e+00
     -0.326      0.061     6.8461     82.643     43.270  42.783026     2.1884      6.622   249.6912 9.6038e+02     4.4739     -0.320     -0.464    24.4251 0.0000e+00
     -0.320      0.073     6.8563     82.736     43.772  43.280778     2.1418      6.601   248.5003 9.5994e+02     4.4772     -0.317     -0.459    24.4267 0.0000e+00
     -0.308      0.088     6.8643     82.856     43.928  43.436050     2.1355      6.591   247.6379 9.7070e+02     4.5317     -0.309     -0.448    24.4275 0.0000e+00
     -0.279      0.104     6.8857     83.106     43.627  43.137083     2.1714      6.596   247.2665 9.8123e+02     4.5858     -0.279     -0.406    24.4296 0.0000e+00
     -0.239      0.116     6.9055     83.443     43.137  42.649171     2.2344      6.603   247.0212 9.8400e+02     4.5854     -0.234     -0.338    24.4310 0.0000e+00
     -0.198      0.124     6.9060     83.768     42.783  42.297101     2.2645      6.608   246.9084 9.5792e+02     4.5259     -0.193     -0.279    24.4323 0.0000e+00
     -0.163      0.130     6.9124     84.056     42.602  42.117231     2.2695      6.608   246.6772 7.9279e+02     4.4815     -0.157     -0.228    24.4355 0.0000e+00
     -0.137      0.136     6.9355     84.331     42.482  41.997637     2.3609      6.610   245.6885 5.1245e+02     4.5616     -0.131     -0.191    24.4338 0.0000e+00
     -0.114      0.145     6.9687     84.617     42.415  41.930064     2.5369      6.613   244.5040 4.2843e+02     4.7082     -0.115     -0.167    24.4276 0.0000e+00
     -0.083      0.155     6.9965     84.964     42.425  41.934897     2.6256      6.617   244.0575 5.4528e+02     4.7514     -0.088     -0.128    24.4245 0.0000e+00
     -0.036      0.158     7.0189     85.337     42.426  41.929125     2.6259      6.624   244.1609 5.8203e+02     4.7415     -0.038     -0.055    24.4247 0.0000e+00
      0.020      0.151     7.0422     85.484     42.363  41.860265     2.6396      6.634   244.1199 5.0757e+02     4.7253      0.021      0.029    24.4250 0.0000e+00
      0.076      0.136     7.0641     85.223     42.310  41.800455     2.7332      6.641   243.9060 4.9624e+02     4.6575      0.078      0.113    24.4235 0.0000e+00
      0.117      0.121     7.0924     84.774     42.295  41.777180     2.9006      6.645   243.9834 6.0726e+02     4.6056      0.128      0.185    24.4179 0.0000e+00
      0.129      0.107     7.1341     84.403     42.295  41.769232     2.9911      6.649   244.1953 6.1941e+02     4.5758      0.135      0.195    24.4094 0.0000e+00
      0.128      0.095     7.1586     84.068     42.299  41.767816     2.9862      6.655   244.5752 6.2550e+02     4.5373      0.118      0.170    24.4017 0.0000e+00
      0.143      0.086     7.1260     83.623     42.296  41.760043     3.0007      6.661   244.7909 7.4105e+02     4.4814      0.131      0.189    24.3920 0.0000e+00
      0.180      0.084     7.0787     83.011     42.281  41.738715     3.0491      6.666   244.3940 6.8678e+02     4.4467      0.178      0.258    24.3809 0.0000e+00
      0.218      0.088     7.0535     82.216     42.247  41.700333     3.0808      6.671   244.4234 5.2280e+02     4.4934      0.220      0.320    24.3723 0.0000e+00
      0.241      0.094     7.0324     81.294     42.226  41.676772     3.0920      6.675   245.5766 4.4433e+02     4.5330      0.242      0.350    24.3668 0.0000e+00
      0.254      0.099     6.9955     80.369     42.261  41.707710     3.0766      6.677   247.1519 4.3227e+02     4.5503      0.249      0.361    24.3606 0.0000e+00
      0.268      0.099     6.9472     79.571     42.314  41.757058     3.0358      6.679   247.6385 4.6010e+02     4.6001      0.258      0.374    24.3525 0.0000e+00
      0.291      0.094     6.8799     79.052     42.324  41.765683     3.0150      6.684   246.6420 4.8641e+02     4.6561      0.283      0.411    24.3469 0.0000e+00
      0.326      0.079     6.7979     78.947     42.309  41.748524     3.0322      6.692   245.5138 4.6973e+02     4.7159      0.315      0.457    24.3430 0.0000e+00
      0.366      0.052     6.7189     79.259     42.303  41.739984     3.1030      6.700   245.1824 4.4093e+02     4.7420      0.361      0.523    24.3399 0.0000e+00
      0.396      0.015     6.6466     79.735     42.289  41.725897     3.1966      6.709   245.3892 4.4859e+02     4.6976      0.404      0.586    24.3364 0.0000e+00
      0.392     -0.026     6.6004     80.051     42.269  41.705131     3.2409      6.716   245.6050 4.8059e+02     4.6582      0.397      0.575    24.3335 0.0000e+00
      0.357     -0.064     6.5888     80.108     42.243  41.679306     3.2385      6.722   245.8122 4.7994e+02     4.7100      0.350      0.508    24.3317 0.0000e+00
      0.317     -0.088     6.6246     79.970     42.233  41.667517     3.1760      6.726   246.0024 4.4207e+02     4.7424      0.306      0.446    24.3287 0.0000e+00
      0.283     -0.088     6.6779     79.664     42.257  41.689537     3.0594      6.731   246.0118 4.2384e+02     4.6407      0.276      0.401    24.3269 0.0000e+00
      0.256     -0.067     6.7051     79.118     42.260  41.691669     2.9856      6.735   246.0114 4.7106e+02     4.5050      0.250      0.362    24.3266 0.0000e+00
      0.238     -0.034     6.7067     78.307     42.260  41.693293     2.9742      6.740   246.6002 5.2435e+02     4.4344      0.224      0.325    24.3262 0.0000e+00
      0.237     -0.002     6.6940     77.414     42.275  41.709175     3.0383      6.745   247.5378 4.8755e+02     4.5029      0.226      0.328    24.3246 0.0000e+00
      0.251      0.025     6.6720     76.651     42.258  41.693298     3.1619      6.750   248.0566 4.3939e+02     4.6850      0.248      0.360    24.3219 0.0000e+00
      0.267      0.045     6.6292     76.013     42.255  41.691721     3.2205      6.754   248.3986 4.4001e+02     4.7571      0.261      0.378    24.3225 0.0000e+00
      0.283      0.055     6.5542     75.365     42.252  41.690109     3.2057      6.756   248.7473 4.5993e+02     4.6913      0.277      0.401    24.3238 0.0000e+00
      0.301      0.055     6.4699     74.625     42.236  41.673811     3.1992      6.756   249.1755 4.8202e+02     4.6752      0.296      0.428    24.3242 0.0000e+00
      0.318      0.048     6.4081     73.825     42.247  41.685074     3.2249      6.756   250.0472 4.7111e+02     4.7337      0.312      0.453    24.3265 0.0000e+00
      0.331      0.039     6.3597     73.095     42.262  41.699344     3.2583      6.757   251.0276 4.5497e+02     4.7834      0.327      0.475    24.3279 0.0000e+00
      0.338      0.029     6.3079     72.501     42.282  41.719417     3.2701      6.760   251.4798 4.6811e+02     4.7635      0.332      0.483    24.3287 0.0000e+00
      0.341      0.019     6.2455     71.969     42.300  41.737364     3.2599      6.764   251.3851 4.7178e+02     4.6992      0.334      0.486    24.3295 0.0000e+00
      0.343      0.011     6.1730     71.424     42.289  41.725940     3.2349      6.768   251.0008 4.6062e+02     4.6547      0.337      0.489    24.3289 0.0000e+00
      0.344      0.005     6.1088     70.843     42.271  41.708230     3.2000      6.775   250.9629 4.6263e+02     4.6007      0.338      0.490    24.3283 0.0000e+00
      0.345      0.002     6.0639     70.242     42.277  41.713634     3.1719      6.782   251.5284 4.8423e+02     4.5588      0.338      0.490    24.3286 0.0000e+00
      0.345      0.001     6.0210     69.685     42.292  41.727819     3.1613      6.789   251.9888 5.1136e+02     4.5240      0.338      0.491    24.3288 0.0000e+00
      0.345      0.000     5.9761     69.216     42.254  41.689325     3.1543      6.795   252.0558 5.1528e+02     4.4535      0.339      0.491    24.3287 0.0000e+00
      0.345 4.8804e-07     5.9276     68.833     42.194  41.629012     3.1467      6.799   251.9932 5.1225e+02     4.4571      0.338      0.490    24.3285 0.0000e+00
      0.345      0.000     5.8746     68.565     42.199  41.633253     3.1434      6.802   252.0925 5.2269e+02     4.5332      0.338      0.490    24.3280 0.0000e+00
      0.344      0.000     5.8263     68.462     42.244  41.677142     3.1391      6.806   252.3962 5.2659e+02     4.5547      0.338      0.490    24.3271 0.0000e+00
      0.344      0.001     5.7884     68.455     42.283  41.715394     3.0949      6.808   252.8259 5.1912e+02     4.5116      0.337      0.489    24.3264 0.0000e+00
      0.345      0.002     5.7557     68.382     42.282  41.714953     3.0079      6.810   253.3296 5.1227e+02     4.4568      0.338      0.490    24.3254 0.0000e+00
      0.345      0.005     5.7301     68.206     42.239  41.671810     2.9704      6.812   253.9269 5.0332e+02     4.4726      0.338      0.491    24.3237 0.0000e+00
      0.346      0.013     5.7237     68.034     42.270  41.701497     2.9819      6.812   254.3689 4.9547e+02     4.5666      0.339      0.491    24.3225 0.0000e+00
      0.348      0.025     5.7305     67.939     42.327  41.756549     2.9977      6.812   254.3717 4.9371e+02     4.6362      0.341      0.494    24.3227 0.0000e+00
      0.350      0.039     5.7254     67.972     42.275  41.702759     3.0200      6.813   254.6492 4.8983e+02     4.5962      0.341      0.495    24.3232 0.0000e+00
      0.360      0.054     5.7052     68.309     42.260  41.685800     3.0264      6.816   255.3156 4.7828e+02     4.4929      0.346      0.502    24.3232 0.0000e+00
      0.381      0.067     5.6892     69.252     42.318  41.741899     3.0330      6.819   255.6319 4.6018e+02     4.4801      0.374      0.544    24.3218 0.0000e+00
      0.406      0.075     5.6818     71.027     42.322  41.746363     3.0425      6.823   255.3761 4.4017e+02     4.5096      0.401      0.581    24.3203 0.0000e+00
      0.429      0.076     5.6797     73.538     42.317  41.739783     3.0822      6.828   254.9755 4.2349e+02     4.5429      0.416      0.604    24.3178 0.0000e+00
      0.454      0.073     5.6977     76.292     42.303  41.725802     3.1637      6.835   255.0906 4.1500e+02     4.6439      0.448      0.650    24.3134 0.0000e+00
      0.473      0.069     5.7686     78.761     42.279  41.704252     3.2051      6.840   255.7355 4.1997e+02     4.7055      0.470      0.681    24.3133 0.0000e+00
      0.482      0.068     5.9177     80.665     42.307  41.733095     3.2157      6.841   256.4065 4.3038e+02     4.7406      0.472      0.684    24.3143 0.0000e+00
      0.491      0.068     6.1469     81.868     42.330  41.757198     3.2347      6.842   256.3190 4.2315e+02     4.7959      0.478      0.693    24.3113 0.0000e+00
