Data/DataNotYetUploadedToEDI/Raw_CTD/RawDownloads/082624_fcr30_S7809004.cnv
* Sea-Bird SBE19plus  Data File:
* FileName = C:\R\Reservoirs\Data\DataNotYetUploadedToEDI\Raw_CTD\RawDownloads\082624_fcr50_S7809_0004.hex
* Software version 2.8.0.119
* Temperature SN = 7809
* Conductivity SN = 7809
* System UpLoad Time = Aug 27 2024 14:09:59
* <ApplicationData>
* <Seaterm232>
# nquan = 15
# nvalues = 490                         
# units = specified
# name 0 = depFM: Depth [fresh water, m]
# name 1 = dz/dtM: Descent Rate [m/s]
# name 2 = sbeox0Mg/L: Oxygen, SBE 43 [mg/l]
# name 3 = sbeox0PS: Oxygen, SBE 43 [% saturation]
# name 4 = specc: Specific Conductance [uS/cm]
# name 5 = c0uS/cm: Conductivity [uS/cm]
# name 6 = flECO-AFL: Fluorescence, WET Labs ECO-AFL/FL [mg/m^3]
# name 7 = ph: pH
# name 8 = orp: Oxidation Reduction Potential [mV]
# name 9 = par/sat/log: PAR/Logarithmic, Satlantic
# name 10 = turbWETntu0: Turbidity, WET Labs ECO [NTU]
# name 11 = prdM: Pressure, Strain Gauge [db]
# name 12 = prdE: Pressure, Strain Gauge [psi]
# name 13 = tv290C: Temperature [ITS-90, deg C]
# name 14 = flag:  0.000e+00
# span 0 =     -0.577,      5.424       
# span 1 =     -0.184,      0.196       
# span 2 =     0.1264,     8.7178       
# span 3 =      1.361,    104.647       
# span 4 =      1.059,     89.871       
# span 5 =   1.041809,  76.368716       
# span 6 =    -0.1332,    39.7080       
# span 7 =      6.072,      7.794       
# span 8 =  -291.0052,   208.9239       
# span 9 = 1.2363e-01, 2.3490e+03       
# span 10 =    -0.3330,   186.7988      
# span 11 =     -0.567,      5.320      
# span 12 =     -0.822,      7.716      
# span 13 =    12.7543,    25.1215      
# span 14 = 0.0000e+00, 0.0000e+00      
# interval = seconds: 0.25
# start_time = Aug 26 2024 12:31:33 [Instrument's time stamp, header]
# bad_flag = -9.990e-29
*END*
[from data line 386]
      3.108      0.037     0.3816      5.982     52.675  47.528522    34.9758      7.683   205.3375 2.6068e+01    12.4431      3.047      4.419    20.4076 0.0000e+00
      3.117      0.048     0.3975      6.417     53.673  48.156024    34.8171      7.682   205.2020 2.5737e+01    12.4512      3.053      4.428    20.4428 0.0000e+00
      3.132      0.059     0.4351      6.588     54.525  48.699498    34.3219      7.680   205.1460 2.5152e+01    12.6507      3.069      4.451    20.4387 0.0000e+00
      3.154      0.068     0.4892      6.414     56.196  50.035938    29.0791      7.678   205.2625 2.4542e+01    13.2167      3.094      4.487    20.3751 0.0000e+00
      3.176      0.077     0.5460      5.922     59.945  53.203122    19.4757      7.675   205.3207 2.4051e+01    13.7948      3.116      4.520    20.1358 0.0000e+00
      3.196      0.085     0.5939      5.187     66.333  58.607268    14.2327      7.671   205.3332 2.3623e+01    14.0044      3.135      4.547    19.8275 0.0000e+00
      3.215      0.093     0.6158      4.337     72.481  63.674050    13.5438      7.667   205.4132 2.3145e+01    14.0420      3.152      4.572    19.6262 0.0000e+00
      3.235      0.099     0.5985      3.517     75.541  65.930468    11.1633      7.662   205.5994 2.2564e+01    14.7962      3.171      4.599    19.5200 0.0000e+00
      3.261      0.103     0.5530      2.785     76.696  66.510800     6.9163      7.656   205.9500 2.1813e+01    16.3264      3.195      4.635    19.4094 0.0000e+00
      3.294      0.103     0.4832      2.163     77.443  66.813913     4.6159      7.650   206.7265 2.0921e+01    17.2403      3.229      4.684    19.2116 0.0000e+00
      3.329      0.098     0.4002      1.719     78.891  67.815641     4.3907      7.644   207.8468 2.0129e+01    17.3063      3.268      4.739    18.9487 0.0000e+00
      3.358      0.093     0.3254      1.480     82.197  70.487595     4.1937      7.639   208.6547 1.9591e+01    16.9533      3.296      4.781    18.6335 0.0000e+00
      3.376      0.088     0.2593      1.377     86.474  74.014661     3.8728      7.633   208.9239 1.9245e+01    16.3531      3.312      4.804    18.3341 0.0000e+00
      3.389      0.086     0.1981      1.361     89.219  76.199331     3.6989      7.626   208.7782 1.8935e+01    16.0271      3.323      4.820    18.1102 0.0000e+00
      3.403      0.089     0.1546      1.417     89.664  76.368716     3.6556      7.617   208.3558 1.8449e+01    15.9500      3.335      4.836    17.9571 0.0000e+00
      3.425      0.096     0.1368      1.509     89.599  76.062648     3.4739      7.606   207.3441 1.7614e+01    15.6937      3.355      4.865    17.8694 0.0000e+00
      3.455      0.102     0.1283      1.609     89.822  75.995230     3.1745      7.591   204.8063 1.6464e+01    15.2513      3.386      4.910    17.8006 0.0000e+00
      3.490      0.107     0.1264      1.700     89.871  75.807546     3.0150      7.573   201.2463 1.5318e+01    14.9730      3.424      4.966    17.7109 0.0000e+00
      3.524      0.109     0.1346      1.779     89.758  75.509661     2.9780      7.557   197.5965 1.4486e+01    14.7886      3.459      5.017    17.5891 0.0000e+00
      3.549      0.109     0.1441      1.863     89.483  75.063476     2.8351      7.542   193.6303 1.3898e+01    13.3971      3.482      5.051    17.4446 0.0000e+00
      3.569      0.107     0.1546      1.928     88.775  74.226954     2.6101      7.528   189.9445 1.3197e+01    10.8911      3.498      5.075    17.2911 0.0000e+00
      3.594      0.104     0.1651      1.958     87.853  73.214402     2.5056      7.517   186.9310 1.2243e+01     9.5276      3.523      5.110    17.1641 0.0000e+00
      3.623      0.105     0.1705      1.968     87.046  72.356022     2.4954      7.508   183.6941 1.1174e+01     9.3444      3.553      5.154    17.0632 0.0000e+00
      3.652      0.111     0.1809      1.966     86.151  71.476210     2.3789      7.501   179.7168 1.0044e+01     8.6420      3.583      5.195    16.9457 0.0000e+00
      3.680      0.122     0.1890      1.976     84.671  70.077074     2.1695      7.496   175.5812 8.9416e+00     7.3546      3.610      5.235    16.8040 0.0000e+00
      3.707      0.135     0.1904      1.997     82.766  68.214375     2.0446      7.492   171.1175 7.9545e+00     6.6231      3.634      5.271    16.6491 0.0000e+00
      3.737      0.146     0.1934      2.026     81.650  66.876760     2.0093      7.490   165.5825 6.9074e+00     6.5257      3.661      5.310    16.5418 0.0000e+00
      3.777      0.151     0.1907      2.059     81.759  66.486974     1.9010      7.489   158.9047 5.6999e+00     6.4843      3.700      5.366    16.4892 0.0000e+00
      3.827      0.149     0.1931      2.078     82.100  66.360633     1.7087      7.487   150.8628 4.5914e+00     6.4311      3.752      5.442    16.4033 0.0000e+00
      3.878      0.142     0.1964      2.084     81.543  65.666417     1.5980      7.485   142.6003 3.8409e+00     6.3950      3.807      5.522    16.2333 0.0000e+00
      3.918      0.134     0.1990      2.074     79.661  64.002625     1.5786      7.484   135.6641 3.4519e+00     6.4228      3.850      5.584    15.9670 0.0000e+00
      3.943      0.126     0.2063      2.060     77.220  61.874728     1.5580      7.485   129.9784 3.2688e+00     6.4943      3.870      5.612    15.6407 0.0000e+00
      3.959      0.122     0.2074      2.056     75.584  60.333215     1.4901      7.488   124.4467 3.0841e+00     7.3275      3.878      5.626    15.3657 0.0000e+00
      3.981      0.127     0.2104      2.054     74.267  59.023566     1.3813      7.493   118.3396 2.7947e+00     8.9139      3.899      5.655    15.2383 0.0000e+00
      4.016      0.139     0.2082      2.059     72.309  57.219842     1.3248      7.500   112.5799 2.4574e+00     9.7904      3.935      5.709    15.1768 0.0000e+00
      4.057      0.151     0.2065      2.084     70.969  55.928928     1.3232      7.507   107.9790 2.1393e+00    10.2730      3.978      5.770    15.0764 0.0000e+00
      4.104      0.155     0.2078      2.117     70.888  55.674137     1.2370      7.512   104.6112 1.8319e+00    14.3405      4.021      5.832    14.9149 0.0000e+00
      4.155      0.149     0.2081      2.144     71.023  55.663346     1.0652      7.517   102.4038 1.5679e+00    21.6679      4.075      5.910    14.7259 0.0000e+00
      4.201      0.134     0.2088      2.183     70.611  55.290216     0.9768      7.520   100.4764 1.4097e+00    25.6646      4.128      5.986    14.5560 0.0000e+00
      4.232      0.118     0.2121      2.198     69.614  54.465234     0.9754      7.520    98.3434 1.3437e+00    26.1136      4.156      6.027    14.3924 0.0000e+00
      4.248      0.106     0.2189      2.169     68.476  53.500339     0.9568      7.521    96.4028 1.3052e+00    26.9941      4.167      6.043    14.2444 0.0000e+00
      4.262      0.101     0.2179      2.131     66.911  52.197349     0.9018      7.525    94.8227 1.2413e+00    28.4881      4.177      6.058    14.1626 0.0000e+00
      4.282      0.103     0.2259      2.106     64.781  50.458866     0.8508      7.531    93.5207 1.1486e+00    29.2841      4.195      6.085    14.1488 0.0000e+00
      4.311      0.111     0.2280      2.086     63.345  49.244379     0.8319      7.537    92.4476 1.0434e+00    29.4451      4.225      6.128    14.1291 0.0000e+00
      4.347      0.121     0.2230      2.063     62.932  48.815580     0.8146      7.542    91.4844 9.5704e-01    30.2976      4.261      6.181    14.0620 0.0000e+00
      4.385      0.128     0.2192      2.075     62.820  48.639318     0.7835      7.546    90.6518 8.9615e-01    31.8375      4.301      6.239    13.9952 0.0000e+00
      4.421      0.128     0.2164      2.212     62.747  48.509925     0.7635      7.549    90.2096 8.3616e-01    32.6918      4.338      6.291    13.9511 0.0000e+00
      4.451      0.120     0.2168      2.558     62.776  48.457364     0.7473      7.551    90.4399 7.8271e-01    32.7014      4.365      6.330    13.8720 0.0000e+00
      4.481      0.106     0.2125      3.127     62.928  48.511640     0.7042      7.551    91.2851 7.3979e-01    32.0562      4.393      6.371    13.7713 0.0000e+00
      4.511      0.089     0.2113      3.890     63.068  48.594681     0.6666      7.551    92.1691 7.0871e-01    30.9721      4.427      6.419    13.7044 0.0000e+00
      4.536      0.072     0.2204      4.781     63.195  48.699481     0.6674      7.551    92.8688 7.0637e-01    30.4562      4.453      6.458    13.6561 0.0000e+00
      4.550      0.057     0.2585      5.725     63.258  48.762914     0.6727      7.551    93.6367 7.1614e-01    30.4640      4.466      6.477    13.5906 0.0000e+00
      4.557      0.044     0.3180      6.645     63.198  48.726734     0.6641      7.550    94.3985 7.1170e-01    30.4512      4.468      6.480    13.5283 0.0000e+00
      4.562      0.036     0.4005      7.430     63.162  48.706494     0.6633      7.548    95.0236 7.0923e-01    30.4723      4.473      6.488    13.5115 0.0000e+00
      4.567      0.034     0.4965      7.995     63.147  48.708666     0.6878      7.548    95.5168 7.2210e-01    30.6844      4.479      6.496    13.5278 0.0000e+00
      4.574      0.034     0.5952      8.321     63.112  48.689524     0.7183      7.547    95.5436 7.2916e-01    30.8985      4.482      6.501    13.5414 0.0000e+00
      4.585      0.037     0.6976      8.488     63.017  48.602043     0.7245      7.546    95.0890 7.2144e-01    30.9090      4.494      6.519    13.5497 0.0000e+00
      4.599      0.045     0.7812      8.616     62.831  48.412827     0.7046      7.545    94.5807 7.1734e-01    30.7769      4.512      6.543    13.5506 0.0000e+00
      4.609      0.056     0.8416      8.786     62.716  48.242928     0.6862      7.546    94.1295 7.2177e-01    30.5999      4.522      6.558    13.5638 0.0000e+00
      4.616      0.071     0.8715      9.073     62.721  48.134988     0.6934      7.549    93.9357 7.1909e-01    30.5450      4.525      6.563    13.5801 0.0000e+00
      4.630      0.086     0.8836      9.575     62.790  48.059948     0.7003      7.551    94.0439 7.0888e-01    30.5225      4.535      6.577    13.5664 0.0000e+00
      4.656      0.097     0.8957     10.439     62.913  48.033878     0.6691      7.552    94.2339 6.8950e-01    29.3722      4.561      6.615    13.5337 0.0000e+00
      4.693      0.102     0.9116     11.843     63.077  48.073594     0.6158      7.553    94.5115 6.4882e-01    27.1579      4.602      6.674    13.4674 0.0000e+00
      4.733      0.101     0.9410     13.963     63.145  48.095625     0.5809      7.553    94.9060 6.0395e-01    25.9193      4.646      6.737    13.3740 0.0000e+00
      4.763      0.094     0.9895     16.893     62.974  47.982765     0.5804      7.553    95.3903 5.8870e-01    25.7718      4.677      6.783    13.2646 0.0000e+00
      4.781      0.084     1.0768     20.564     62.699  47.788361     0.6002      7.554    95.9793 5.9786e-01    25.1687      4.691      6.803    13.1620 0.0000e+00
      4.791      0.076     1.2179     24.593     62.549  47.649810     0.6118      7.554    96.7778 5.9269e-01    23.9904      4.696      6.813    13.0884 0.0000e+00
      4.803      0.075     1.4390     28.417     62.513  47.577310     0.6044      7.554    97.8183 5.6285e-01    23.3099      4.707      6.827    13.0610 0.0000e+00
      4.819      0.080     1.7455     31.749     62.439  47.483111     0.5861      7.554    99.0102 5.2815e-01    23.1236      4.724      6.851    13.0973 0.0000e+00
      4.841      0.090     2.1440     34.606     62.372  47.399653     0.5490      7.554   100.2614 4.9626e-01    22.2165      4.744      6.880    13.1223 0.0000e+00
      4.869      0.098     2.5977     37.020     62.331  47.330040     0.4972      7.554   101.5888 4.5665e-01    20.6425      4.773      6.923    13.0918 0.0000e+00
      4.901      0.105     3.0114     38.990     62.231  47.212783     0.4753      7.554   102.9283 4.1263e-01    19.8065      4.808      6.973    13.0466 0.0000e+00
      4.931      0.111     3.3603     40.655     62.164  47.124635     0.4839      7.554   104.2400 3.8351e-01    19.6914      4.838      7.017    13.0183 0.0000e+00
      4.956      0.117     3.6605     42.296     62.156  47.089537     0.4762      7.554   105.5755 3.6205e-01    19.5918      4.861      7.050    12.9974 0.0000e+00
      4.980      0.121     3.9221     44.230     62.124  47.042338     0.4406      7.555   106.8567 3.2992e-01    19.1489      4.881      7.079    12.9640 0.0000e+00
      5.010      0.123     4.1261     46.593     62.101  46.998330     0.4114      7.555   108.2016 2.8895e-01    18.3682      4.910      7.122    12.9286 0.0000e+00
      5.048      0.124     4.2940     49.213     62.145  47.001817     0.4150      7.553   109.6192 2.5201e-01    17.9744      4.949      7.178    12.8987 0.0000e+00
      5.087      0.126     4.4570     51.875     62.195  47.020980     0.4335      7.552   110.8333 2.1755e-01    17.9057      4.990      7.238    12.8742 0.0000e+00
      5.121      0.126     4.6534     54.508     62.228  47.039549     0.4443      7.552   111.9538 1.8116e-01    17.8110      5.024      7.288    12.8602 0.0000e+00
      5.148      0.124     4.9181     57.148     62.313  47.099352     0.4450      7.553   113.1870 1.5564e-01    17.7853      5.048      7.323    12.8398 0.0000e+00
      5.174      0.121     5.2059     59.648     62.425  47.172660     0.4430      7.552   114.3860 1.3894e-01    17.8348      5.071      7.355    12.8094 0.0000e+00
      5.204      0.119     5.4940     61.673     62.515  47.227525     0.4606      7.550   115.3526 1.2738e-01    17.9648      5.101      7.399    12.7926 0.0000e+00
      5.238      0.117     5.7665     63.078     62.566  47.254812     0.5086      7.548   116.1845 1.2401e-01    18.6404      5.136      7.450    12.7939 0.0000e+00
      5.271      0.115     6.0493     63.869     62.566  47.248624     0.5568      7.546   117.3020 1.2367e-01    19.8540      5.170      7.499    12.7924 0.0000e+00
      5.301      0.109     6.3374     64.043     62.606  47.279672     0.5867      7.544   118.7119 1.2368e-01    20.6491      5.201      7.543    12.7809 0.0000e+00
      5.328      0.099     6.5536     63.602     62.645  47.312773     0.6777      7.542   120.0678 1.2375e-01    22.0030      5.225      7.579    12.7692 0.0000e+00
      5.352      0.086     6.7036     62.639     62.584  47.267924     1.6825      7.540   121.3053 1.2374e-01    36.2917      5.248      7.612    12.7601 0.0000e+00
      5.374      0.071     6.7879     61.333     62.556  47.245310     3.5386      7.538   122.4897 1.2369e-01    62.4447      5.272      7.646    12.7543 0.0000e+00
      5.392      0.057     6.8074     59.889     62.622  47.293300     4.5582      7.537   123.7198 1.2365e-01    76.8637      5.290      7.673    12.7552 0.0000e+00
      5.403      0.043     6.7571     58.560     62.685  47.340260     4.6308      7.535   125.0789 1.2363e-01    80.3804      5.300      7.687    12.7606 0.0000e+00
      5.409      0.031     6.6453     57.473     62.722  47.368682     4.5075      7.533   126.3613 1.2363e-01   105.0678      5.306      7.695    12.7624 0.0000e+00
      5.414      0.020     6.5039     56.618     62.738  47.383006     4.3082      7.531   127.3512 1.2368e-01   150.1770      5.310      7.702    12.7589 0.0000e+00
      5.417      0.013     6.3370     55.977     62.734  47.386474     4.2101      7.528   128.3582 1.2374e-01   174.7862      5.313      7.705    12.7574 0.0000e+00
      5.419      0.009     6.1923     55.482     62.750  47.410621     4.1622      7.526   129.6747 1.2371e-01   177.1982      5.314      7.707    12.7575 0.0000e+00
      5.420      0.006     6.0806     55.082     62.743  47.421019     3.6047      7.524   131.0513 1.2366e-01   179.7492      5.315      7.709    12.7570 0.0000e+00
