Data/DataNotYetUploadedToEDI/Raw_CTD/RawDownloads/082624_fcr30_S7809004.cnv
* Sea-Bird SBE19plus  Data File:
* FileName = C:\R\Reservoirs\Data\DataNotYetUploadedToEDI\Raw_CTD\RawDownloads\082624_fcr50_S7809_0004.hex
* Software version 2.8.0.119
* Temperature SN = 7809
* Conductivity SN = 7809
* System UpLoad Time = Aug 27 2024 14:09:59
* <ApplicationData>
* <Seaterm232>
# nquan = 15
# nvalues = 490                         
# units = specified
# name 0 = depFM: Depth [fresh water, m]
# name 1 = dz/dtM: Descent Rate [m/s]
# name 2 = sbeox0Mg/L: Oxygen, SBE 43 [mg/l]
# name 3 = sbeox0PS: Oxygen, SBE 43 [% saturation]
# name 4 = specc: Specific Conductance [uS/cm]
# name 5 = c0uS/cm: Conductivity [uS/cm]
# name 6 = flECO-AFL: Fluorescence, WET Labs ECO-AFL/FL [mg/m^3]
# name 7 = ph: pH
# name 8 = orp: Oxidation Reduction Potential [mV]
# name 9 = par/sat/log: PAR/Logarithmic, Satlantic
# name 10 = turbWETntu0: Turbidity, WET Labs ECO [NTU]
# name 11 = prdM: Pressure, Strain Gauge [db]
# name 12 = prdE: Pressure, Strain Gauge [psi]
# name 13 = tv290C: Temperature [ITS-90, deg C]
# name 14 = flag:  0.000e+00
# span 0 =     -0.577,      5.424       
# span 1 =     -0.184,      0.196       
# span 2 =     0.1264,     8.7178       
# span 3 =      1.361,    104.647       
# span 4 =      1.059,     89.871       
# span 5 =   1.041809,  76.368716       
# span 6 =    -0.1332,    39.7080       
# span 7 =      6.072,      7.794       
# span 8 =  -291.0052,   208.9239       
# span 9 = 1.2363e-01, 2.3490e+03       
# span 10 =    -0.3330,   186.7988      
# span 11 =     -0.567,      5.320      
# span 12 =     -0.822,      7.716      
# span 13 =    12.7543,    25.1215      
# span 14 = 0.0000e+00, 0.0000e+00      
# interval = seconds: 0.25
# start_time = Aug 26 2024 12:31:33 [Instrument's time stamp, header]
# bad_flag = -9.990e-29
*END*
     -0.576 -4.264e-20     7.7970     92.946      1.380   1.356876    -0.0536      6.874  -165.3148 1.6141e+03    -0.1444     -0.565     -0.820    24.1649 0.0000e+00
     -0.576 1.4747e-21     7.7990     92.963      1.422   1.398015    -0.0488      6.888  -168.0557 1.6694e+03    -0.1671     -0.565     -0.820    24.1657 0.0000e+00
     -0.576 5.8997e-20     7.8002     92.969      1.442   1.418266    -0.0586      6.898  -170.7548 1.7904e+03    -0.2411     -0.565     -0.819    24.1664 0.0000e+00
     -0.576 6.5285e-19     7.7981     92.958      1.371   1.348370    -0.0640      6.905  -172.8254 1.8784e+03    -0.2200     -0.565     -0.820    24.1668 0.0000e+00
     -0.576 7.1817e-18     7.7988     92.946      1.270   1.249654    -0.0558      6.900  -174.0770 1.8949e+03    -0.1849     -0.565     -0.820    24.1676 0.0000e+00
     -0.576 7.8999e-17     7.8010     92.942      1.259   1.238148    -0.0601      6.885  -175.3054 1.8976e+03    -0.2265     -0.565     -0.820    24.1681 0.0000e+00
     -0.576 8.6899e-16     7.8021     92.950      1.294   1.272593    -0.0738      6.872  -176.7512 1.8818e+03    -0.2780     -0.565     -0.819    24.1687 0.0000e+00
     -0.577 9.5589e-15     7.7998     92.965      1.307   1.286089    -0.0632      6.871  -178.2210 1.8139e+03    -0.2619     -0.565     -0.820    24.1693 0.0000e+00
     -0.577 1.0515e-13     7.7986     92.967      1.296   1.274640    -0.0479      6.881  -180.1713 1.6733e+03    -0.2359     -0.565     -0.820    24.1700 0.0000e+00
     -0.577 1.1566e-12     7.7985     92.963      1.282   1.260846    -0.0557      6.894  -183.0384 1.4360e+03    -0.2722     -0.565     -0.820    24.1704 0.0000e+00
     -0.576 1.2723e-11     7.7981     92.962      1.267   1.245991    -0.0657      6.904  -186.3866 1.1415e+03    -0.2908     -0.565     -0.819    24.1709 0.0000e+00
     -0.576 1.3995e-10     7.8015     92.961      1.242   1.221702    -0.0602      6.910  -188.9906 1.1166e+03    -0.2555     -0.565     -0.820    24.1718 0.0000e+00
     -0.576 1.5395e-09     7.8000     92.963      1.241   1.220541    -0.0478      6.912  -189.7441 1.4016e+03    -0.1875     -0.565     -0.819    24.1721 0.0000e+00
     -0.576 1.6934e-08     7.7999     92.983      1.253   1.231952    -0.0583      6.907  -189.7335 1.3206e+03    -0.1859     -0.565     -0.819    24.1727 0.0000e+00
     -0.576 1.8627e-07     7.7998     92.995      1.254   1.232988    -0.0787      6.897  -190.4966 8.1285e+02    -0.2701     -0.565     -0.820    24.1734 0.0000e+00
     -0.576 1.8627e-07     7.7996     92.974      1.254   1.233072    -0.0693      6.885  -190.7966 4.8268e+02    -0.2828     -0.564     -0.818    24.1740 0.0000e+00
     -0.576 1.6934e-08     7.7989     92.970      1.254   1.232967    -0.0534      6.872  -189.5754 4.7986e+02    -0.2710     -0.565     -0.819    24.1746 0.0000e+00
     -0.577 1.5395e-09     7.8006     92.988      1.253   1.231722    -0.0606      6.866  -188.9812 6.4906e+02    -0.3330     -0.565     -0.820    24.1750 0.0000e+00
     -0.577 1.3995e-10     7.8051     92.998      1.239   1.218016    -0.0656      6.862  -189.4625 7.5116e+02    -0.3152     -0.565     -0.820    24.1754 0.0000e+00
     -0.577 1.2723e-11     7.7987     93.004      1.214   1.193927    -0.0547      6.857  -189.4584 8.8604e+02    -0.2273     -0.565     -0.820    24.1760 0.0000e+00
     -0.577 1.1566e-12     7.7990     93.001      1.214   1.193822    -0.0540      6.861  -190.2225 1.2427e+03    -0.2267     -0.565     -0.820    24.1764 0.0000e+00
     -0.577 1.0515e-13     7.8025     92.976      1.237   1.216750    -0.0656      6.871  -191.9902 1.2678e+03    -0.2387     -0.565     -0.819    24.1768 0.0000e+00
     -0.577 9.5590e-15     7.8018     92.956      1.238   1.217788    -0.0621      6.877  -193.2792 1.1440e+03    -0.2024     -0.565     -0.820    24.1775 0.0000e+00
     -0.577 8.6900e-16     7.8027     92.975      1.226   1.206364    -0.0438      6.880  -194.2786 1.4828e+03    -0.1976     -0.566     -0.821    24.1781 0.0000e+00
     -0.577 7.9000e-17     7.8032     92.995      1.225   1.205306    -0.0448      6.872  -195.4703 1.4728e+03    -0.2490     -0.565     -0.820    24.1785 0.0000e+00
     -0.577 7.1820e-18     7.8004     92.989      1.225   1.205003    -0.0658      6.849  -196.5882 1.1634e+03    -0.2768     -0.566     -0.821    24.1792 0.0000e+00
     -0.577 6.5290e-19     7.7961     92.991      1.222   1.202701    -0.0731      6.824  -197.5557 1.4072e+03    -0.2255     -0.566     -0.821    24.1798 0.0000e+00
     -0.577 5.9355e-20     7.7998     93.003      1.197   1.177468    -0.0578      6.814  -198.9953 1.6879e+03    -0.1758     -0.566     -0.821    24.1803 0.0000e+00
     -0.577 5.3960e-21     7.8034     93.003      1.173   1.153272    -0.0477      6.819  -200.9166 1.6715e+03    -0.2224     -0.565     -0.820    24.1809 0.0000e+00
     -0.577 4.9052e-22     7.7997     92.997      1.183   1.163512    -0.0590      6.831  -202.2873 1.6099e+03    -0.2767     -0.566     -0.821    24.1813 0.0000e+00
     -0.577 4.4593e-23     7.8007     92.991      1.194   1.174600    -0.0609      6.836  -202.2321 1.5278e+03    -0.2174     -0.566     -0.821    24.1818 0.0000e+00
     -0.577 4.0539e-24     7.8027     92.986      1.180   1.160658    -0.0454      6.823  -197.9271 1.3967e+03    -0.1541     -0.565     -0.820    24.1827 0.0000e+00
     -0.577 3.6803e-25     7.8016     92.983      1.140   1.121615    -0.0467      6.787  -190.6741 1.1019e+03    -0.2282     -0.565     -0.820    24.1833 0.0000e+00
     -0.577 2.7879e-26     7.8012     92.980      1.100   1.082574    -0.0515      6.722  -185.9485 6.6749e+02    -0.2944     -0.565     -0.820    24.1839 0.0000e+00
     -0.577 -5.882e-26     7.8004     92.987      1.086   1.068650    -0.0369      6.637  -182.0890 3.8232e+02    -0.2370     -0.565     -0.820    24.1845 0.0000e+00
     -0.577 -6.803e-25     7.8000     93.008      1.097   1.079948    -0.0364      6.530  -176.9625 4.9235e+02    -0.2184     -0.565     -0.820    24.1850 0.0000e+00
     -0.576 -7.486e-24     7.7998     93.024      1.110   1.092492    -0.0792      6.386  -172.4050 6.5189e+02    -0.1376     -0.565     -0.819    24.1855 0.0000e+00
     -0.576 -8.234e-23     7.7993     93.026      1.111   1.093642    -0.1220      6.238  -166.9066 4.6296e+02     0.1253     -0.565     -0.820    24.1858 0.0000e+00
     -0.577 -9.058e-22     7.7988     93.013      1.111   1.093850    -0.1293      6.135  -162.1048 3.8705e+02     0.2620     -0.565     -0.820    24.1862 0.0000e+00
     -0.577 -9.964e-21     7.8021     92.994      1.112   1.095001    -0.1254      6.082  -165.2824 5.7050e+02     0.2174     -0.565     -0.820    24.1867 0.0000e+00
     -0.577 -1.096e-19     7.8033     92.984      1.125   1.107565    -0.1251      6.072  -174.0088 6.3416e+02     0.2009     -0.565     -0.820    24.1873 0.0000e+00
     -0.577 -1.206e-18     7.8034     92.980      1.137   1.119080    -0.1167      6.092  -176.5852 6.5619e+02     0.3354     -0.565     -0.820    24.1876 0.0000e+00
     -0.577 -1.326e-17     7.8023     92.985      1.126   1.107555    -0.0823      6.127  -170.7081 7.4904e+02     0.5798     -0.565     -0.820    24.1878 0.0000e+00
     -0.577 -1.459e-16     7.7997     92.997      1.113   1.094888    -0.0592      6.170  -167.9091 7.2245e+02     0.6964     -0.565     -0.820    24.1880 0.0000e+00
     -0.577 -1.605e-15     7.7994     93.005      1.111   1.092603    -0.0701      6.220  -173.1142 6.6641e+02     0.6864     -0.565     -0.820    24.1883 0.0000e+00
     -0.576 -1.765e-14     7.7988     93.007      1.098   1.079934    -0.0730      6.264  -180.8144 9.2614e+02     0.6982     -0.565     -0.819    24.1882 0.0000e+00
     -0.576 -1.942e-13     7.7992     93.002      1.086   1.068389    -0.0612      6.298  -187.2764 1.3171e+03     0.7021     -0.565     -0.820    24.1883 0.0000e+00
     -0.576 -2.136e-12     7.8007     92.989      1.097   1.079696    -0.0605      6.343  -188.6947 1.5084e+03     0.6651     -0.564     -0.819    24.1886 0.0000e+00
     -0.576 -2.349e-11     7.8015     92.985      1.108   1.089966    -0.0644      6.410  -186.0026 1.5485e+03     0.6611     -0.565     -0.820    24.1888 0.0000e+00
     -0.576 -2.584e-10     7.8011     92.994      1.083   1.065878    -0.0582      6.477  -183.3771 1.5577e+03     0.6877     -0.566     -0.820    24.1894 0.0000e+00
     -0.576 -2.843e-09     7.8013     92.987      1.059   1.041809    -0.0605      6.523  -181.0424 1.5807e+03     0.6801     -0.565     -0.819    24.1897 0.0000e+00
     -0.576 -3.127e-08     7.7993     92.972      1.069   1.052307    -0.0756      6.543  -179.1978 1.6229e+03     0.6709     -0.565     -0.820    24.1898 0.0000e+00
     -0.576 -3.440e-07     7.7982     92.977      1.083   1.066134    -0.0746      6.540  -176.9903 1.6843e+03     0.7133     -0.565     -0.819    24.1903 0.0000e+00
     -0.576     -0.000     7.8011     93.002      1.100   1.082311    -0.0807      6.521  -173.1091 1.7581e+03     0.6801     -0.565     -0.820    24.1903 0.0000e+00
     -0.577     -0.000     7.7999     93.014      1.140   1.121223    -0.1157      6.494  -169.8705 1.7300e+03     0.5084     -0.566     -0.821    24.1906 0.0000e+00
     -0.577     -0.000     7.7969     92.997      1.175   1.156570    -0.1332      6.485  -169.5807 1.3507e+03     0.3796     -0.566     -0.820    24.1909 0.0000e+00
     -0.577     -0.000     7.7976     92.988      1.405   1.383014    -0.1010      6.513  -176.8320 8.4458e+02     0.3865     -0.565     -0.820    24.1915 0.0000e+00
     -0.577      0.005     7.8007     93.021      3.596   3.542424     0.3079      6.597  -223.3015 9.7400e+02     0.6940     -0.566     -0.821    24.1912 0.0000e+00
     -0.577      0.016     7.8032     93.089      9.331   9.210620     1.0564      6.763  -291.0052 1.2336e+03     1.1603     -0.566     -0.820    24.1923 0.0000e+00
     -0.577      0.032     7.7995     93.175     18.403  18.214928     1.4586      6.975  -228.3914 8.1448e+02     1.3447     -0.566     -0.821    24.1911 0.0000e+00
     -0.574      0.051     7.7974     93.251     29.615  29.379628     1.5008      7.149   -38.9205 5.0808e+02     1.3861     -0.567     -0.822    24.1936 0.0000e+00
     -0.560      0.072     7.8010     93.310     38.356  38.110809     1.5331      7.257    73.9689 7.6180e+02     1.5587     -0.556     -0.806    24.1903 0.0000e+00
     -0.532      0.093     7.7994     93.476     41.474  41.255106     1.7567      7.315    86.4356 1.3054e+03     2.6469     -0.522     -0.756    24.2477 0.0000e+00
     -0.499      0.111     7.7805     93.798     41.829  41.636551     2.1493      7.339    84.0223 1.9154e+03     4.5340     -0.489     -0.709    24.4224 0.0000e+00
     -0.467      0.124     7.7671     94.210     41.955  41.770865     2.3510      7.346    82.3030 2.2655e+03     5.4854     -0.460     -0.667    24.5830 0.0000e+00
     -0.433      0.132     7.7518     94.706     42.049  41.863603     2.3735      7.350    81.0484 2.3490e+03     5.5419     -0.425     -0.616    24.6752 0.0000e+00
     -0.398      0.136     7.7532     95.138     42.118  41.932749     2.4215      7.354    80.6413 2.3393e+03     5.5926     -0.391     -0.567    24.7381 0.0000e+00
     -0.363      0.142     7.7831     95.400     42.150  41.972214     2.4812      7.349    81.5958 2.2781e+03     5.6210     -0.356     -0.515    24.7748 0.0000e+00
     -0.328      0.153     7.8093     95.614     42.122  41.959975     2.4961      7.333    82.8671 2.2016e+03     5.6120     -0.322     -0.467    24.7791 0.0000e+00
     -0.293      0.169     7.8601     95.866     42.058  41.911734     2.4848      7.313    83.2783 2.1321e+03     5.5857     -0.288     -0.418    24.7718 0.0000e+00
     -0.253      0.185     7.9018     96.148     42.037  41.896700     2.5288      7.303    83.4702 1.6281e+03     5.6445     -0.249     -0.362    24.7716 0.0000e+00
     -0.206      0.195     7.9139     96.442     42.050  41.905142     2.6202      7.300    84.2408 7.0077e+02     5.7763     -0.209     -0.303    24.7775 0.0000e+00
     -0.145      0.196     7.9270     96.771     42.045  41.886865     2.6741      7.303    85.2819 1.8709e+02     5.8465     -0.146     -0.211    24.8028 0.0000e+00
     -0.076      0.188     7.9449     97.136     42.038  41.866098     2.6808      7.310    86.4225 1.3775e+02     5.8447     -0.066     -0.097    24.8254 0.0000e+00
     -0.021      0.173     7.9685     97.464     42.026  41.844434     2.7094      7.317    87.7065 1.2897e+02     5.7889     -0.013     -0.019    24.8328 0.0000e+00
      0.016      0.151     7.9925     97.721     42.003  41.815313     2.7697      7.319    89.1059 1.1442e+02     5.7184      0.019      0.027    24.8260 0.0000e+00
      0.042      0.124     8.0218     97.928     42.018  41.831333     2.7937      7.320    90.5219 1.0341e+02     5.6756      0.042      0.061    24.8052 0.0000e+00
      0.065      0.097     8.0587     98.086     42.078  41.911186     2.7925      7.323    91.5777 9.0891e+01     5.6476      0.062      0.090    24.7878 0.0000e+00
      0.088      0.076     8.0880     98.146     42.145  42.019217     2.8211      7.327    92.3208 8.0529e+01     5.6191      0.088      0.128    24.7783 0.0000e+00
      0.108      0.061     8.1093     98.000     42.194  42.122106     2.8654      7.333    93.2259 7.6846e+01     5.6036      0.109      0.157    24.7694 0.0000e+00
      0.123      0.048     8.1270     97.420     42.220  42.203251     2.8959      7.339    94.1752 7.5678e+01     5.6314      0.122      0.177    24.7646 0.0000e+00
      0.131      0.038     8.1388     96.192     42.207  42.238789     2.9154      7.345    94.9368 7.4371e+01     5.6135      0.131      0.190    24.7847 0.0000e+00
      0.134      0.028     8.1377     94.286     42.167  42.234524     2.9168      7.351    95.7224 7.2018e+01     5.5238      0.132      0.192    24.8390 0.0000e+00
      0.138      0.021     8.1222     91.830     42.125  42.215200     2.8963      7.359    96.4475 6.9172e+01     5.5029      0.134      0.195    24.9093 0.0000e+00
      0.144      0.018     8.0731     89.070     42.093  42.195591     2.8846      7.368    97.0790 6.7046e+01     5.5662      0.141      0.204    24.9781 0.0000e+00
      0.149      0.017     7.9615     86.264     42.083  42.187858     2.9000      7.376    97.9380 6.5725e+01     5.6394      0.146      0.212    25.0376 0.0000e+00
      0.153      0.019     7.7957     83.626     42.083  42.185169     2.9246      7.382    99.0032 6.4910e+01     5.6706      0.151      0.219    25.0795 0.0000e+00
      0.156      0.023     7.5808     81.374     42.067  42.163078     2.9157      7.388   100.0642 6.4309e+01     5.6363      0.153      0.223    25.1045 0.0000e+00
      0.160      0.029     7.3436     79.706     42.023  42.111156     2.8748      7.394   101.1293 6.4126e+01     5.5667      0.156      0.226    25.1184 0.0000e+00
      0.165      0.034     7.1067     78.690     41.986  42.065112     2.8460      7.399   102.2452 6.4270e+01     5.5467      0.160      0.232    25.1215 0.0000e+00
      0.176      0.039     6.8831     78.133     41.977  42.050636     2.8426      7.404   103.3182 6.4630e+01     5.6328      0.170      0.248    25.1164 0.0000e+00
      0.192      0.041     6.6928     77.746     41.993  42.063054     2.8505      7.410   104.2082 6.5122e+01     5.6854      0.188      0.272    25.1089 0.0000e+00
      0.208      0.038     6.5519     77.364     42.022  42.088312     2.8584      7.415   105.0042 6.5467e+01     5.6360      0.205      0.297    25.0991 0.0000e+00
      0.219      0.032     6.4773     77.024     42.039  42.102149     2.8553      7.421   105.8012 6.5772e+01     5.6163      0.217      0.314    25.0874 0.0000e+00
      0.225      0.024     6.4420     76.793     42.043  42.103415     2.8373      7.426   106.5316 6.6348e+01     5.6532      0.222      0.322    25.0799 0.0000e+00
      0.227      0.015     6.4159     76.569     42.042  42.103624     2.8571      7.430   107.2969 6.7343e+01     5.6713      0.224      0.325    25.0768 0.0000e+00
