Data/DataNotYetUploadedToEDI/Raw_CTD/RawDownloads/082624_fcr20_S7809003.cnv
* Sea-Bird SBE19plus  Data File:
* FileName = C:\R\Reservoirs\Data\DataNotYetUploadedToEDI\Raw_CTD\RawDownloads\082624_fcr50_S7809_0003.hex
* Software version 2.8.0.119
* Temperature SN = 7809
* Conductivity SN = 7809
* System UpLoad Time = Aug 27 2024 14:09:38
* <ApplicationData>
* <Seaterm232>
# nquan = 15
# nvalues = 466                         
# units = specified
# name 0 = depFM: Depth [fresh water, m]
# name 1 = dz/dtM: Descent Rate [m/s]
# name 2 = sbeox0Mg/L: Oxygen, SBE 43 [mg/l]
# name 3 = sbeox0PS: Oxygen, SBE 43 [% saturation]
# name 4 = specc: Specific Conductance [uS/cm]
# name 5 = c0uS/cm: Conductivity [uS/cm]
# name 6 = flECO-AFL: Fluorescence, WET Labs ECO-AFL/FL [mg/m^3]
# name 7 = ph: pH
# name 8 = orp: Oxidation Reduction Potential [mV]
# name 9 = par/sat/log: PAR/Logarithmic, Satlantic
# name 10 = turbWETntu0: Turbidity, WET Labs ECO [NTU]
# name 11 = prdM: Pressure, Strain Gauge [db]
# name 12 = prdE: Pressure, Strain Gauge [psi]
# name 13 = tv290C: Temperature [ITS-90, deg C]
# name 14 = flag:  0.000e+00
# span 0 =     -0.576,      3.452       
# span 1 =     -0.088,      0.229       
# span 2 =     0.1305,     8.7577       
# span 3 =      1.491,    104.795       
# span 4 =      1.128,    197.472       
# span 5 =   1.138078, 166.233588       
# span 6 =    -0.0807,    28.1553       
# span 7 =      6.942,      7.631       
# span 8 =   101.1943,   529.1090       
# span 9 = 1.5144e+01, 2.2696e+03       
# span 10 =    -0.4554,   957.7604      
# span 11 =     -0.565,      3.385      
# span 12 =     -0.820,      4.910      
# span 13 =    17.0318,    25.4970      
# span 14 = 0.0000e+00, 0.0000e+00      
# interval = seconds: 0.25
# start_time = Aug 26 2024 12:20:31 [Instrument's time stamp, header]
# bad_flag = -9.990e-29
*END*
[from data line 290]
      0.672      0.034     8.1428     96.844     42.258  41.418017     4.5284      7.550   185.8476 5.3140e+02     5.8772      0.657      0.953    23.9982 0.0000e+00
      0.679      0.036     8.1387     96.907     42.235  41.392924     4.5398      7.550   186.2124 5.2490e+02     5.9357      0.665      0.965    23.9978 0.0000e+00
      0.689      0.043     8.1434     96.998     42.226  41.380135     4.5271      7.551   186.5321 5.2550e+02     5.8801      0.676      0.981    23.9985 0.0000e+00
      0.700      0.051     8.1478     97.096     42.242  41.390313     4.5254      7.552   186.7872 5.3105e+02     5.8537      0.686      0.995    24.0003 0.0000e+00
      0.715      0.057     8.1502     97.164     42.247  41.389046     4.5355      7.552   187.1465 5.2172e+02     5.8562      0.699      1.015    24.0004 0.0000e+00
      0.733      0.061     8.1556     97.164     42.228  41.364804     4.5414      7.552   187.5205 5.0439e+02     5.8759      0.720      1.044    23.9981 0.0000e+00
      0.751      0.065     8.1644     97.070     42.220  41.351062     4.5380      7.553   187.7823 4.9203e+02     5.8866      0.737      1.070    23.9947 0.0000e+00
      0.768      0.068     8.1755     96.950     42.225  41.349813     4.5524      7.554   187.9884 4.8543e+02     5.8490      0.752      1.091    23.9867 0.0000e+00
      0.784      0.070     8.1829     96.873     42.229  41.349691     4.6078      7.555   188.2058 4.7726e+02     5.8654      0.770      1.116    23.9789 0.0000e+00
      0.800      0.071     8.1862     96.817     42.233  41.349576     4.6580      7.557   188.4322 4.6071e+02     5.9476      0.784      1.137    23.9724 0.0000e+00
      0.818      0.071     8.1766     96.780     42.236  41.348422     4.6760      7.559   188.6602 4.4345e+02     5.9547      0.801      1.162    23.9640 0.0000e+00
      0.839      0.069     8.1637     96.799     42.226  41.335731     4.6930      7.562   188.8979 4.3188e+02     5.9511      0.824      1.195    23.9573 0.0000e+00
      0.860      0.064     8.1609     96.833     42.216  41.323056     4.7137      7.564   189.0691 4.2421e+02     6.0061      0.844      1.224    23.9522 0.0000e+00
      0.877      0.056     8.1570     96.833     42.216  41.322111     4.7344      7.566   189.1822 4.1799e+02     6.0732      0.862      1.250    23.9481 0.0000e+00
      0.891      0.046     8.1515     96.840     42.217  41.324304     4.7607      7.569   189.3190 4.1281e+02     6.1473      0.875      1.269    23.9440 0.0000e+00
      0.901      0.035     8.1557     96.840     42.241  41.349565     4.7747      7.571   189.5175 4.0939e+02     6.0824      0.884      1.283    23.9391 0.0000e+00
      0.908      0.027     8.1628     96.795     42.261  41.373683     4.7622      7.573   189.7755 4.0854e+02     5.8009      0.892      1.294    23.9359 0.0000e+00
      0.911      0.024     8.1585     96.744     42.246  41.362048     4.7424      7.574   190.1163 4.0991e+02     5.5798      0.895      1.298    23.9351 0.0000e+00
      0.911      0.028     8.1601     96.715     42.217  41.335821     4.7517      7.574   190.5397 4.1061e+02     5.5955      0.893      1.293    23.9358 0.0000e+00
      0.913      0.037     8.1631     96.726     42.192  41.310444     4.7831      7.574   190.9367 4.0820e+02     5.6835      0.892      1.294    23.9390 0.0000e+00
      0.922      0.048     8.1546     96.780     42.196  41.309083     4.8225      7.573   191.3032 4.0292e+02     5.7550      0.901      1.308    23.9444 0.0000e+00
      0.939      0.060     8.1501     96.841     42.216  41.319356     4.8613      7.573   191.5299 3.9510e+02     5.8108      0.919      1.334    23.9492 0.0000e+00
      0.961      0.071     8.1463     96.895     42.213  41.307702     4.8696      7.574   191.6982 3.8435e+02     5.8115      0.941      1.365    23.9520 0.0000e+00
      0.985      0.078     8.1464     96.927     42.208  41.295093     4.8724      7.575   191.9612 3.7425e+02     5.8324      0.966      1.402    23.9514 0.0000e+00
      1.006      0.080     8.1548     96.925     42.214  41.293833     4.9209      7.576   192.1293 3.6560e+02     5.8586      0.988      1.433    23.9442 0.0000e+00
      1.024      0.079     8.1611     96.903     42.218  41.292455     4.9891      7.578   192.3546 3.5632e+02     5.8547      1.003      1.455    23.9318 0.0000e+00
      1.044      0.079     8.1678     96.853     42.207  41.278430     4.9983      7.579   192.6206 3.4584e+02     5.8542      1.023      1.483    23.9212 0.0000e+00
      1.064      0.079     8.1734     96.769     42.183  41.251171     4.9663      7.579   192.7631 3.3664e+02     5.8187      1.044      1.514    23.9120 0.0000e+00
      1.083      0.081     8.1723     96.660     42.156  41.216736     4.9508      7.580   192.9594 3.3047e+02     5.7664      1.063      1.541    23.9030 0.0000e+00
      1.102      0.082     8.1728     96.516     42.127  41.179401     4.9436      7.581   193.1875 3.2322e+02     5.6998      1.079      1.565    23.8974 0.0000e+00
      1.123      0.082     8.1692     96.339     42.137  41.180536     4.9457      7.582   193.3704 3.1402e+02     5.6622      1.100      1.596    23.8947 0.0000e+00
      1.148      0.081     8.1615     96.131     42.193  41.230451     4.9518      7.584   193.4491 3.0502e+02     5.6536      1.126      1.633    23.8910 0.0000e+00
      1.172      0.079     8.1551     95.915     42.239  41.275176     4.9511      7.586   193.5368 2.9723e+02     5.6305      1.151      1.669    23.8815 0.0000e+00
      1.192      0.076     8.1440     95.780     42.238  41.277032     4.9703      7.588   193.7429 2.9109e+02     5.6565      1.171      1.698    23.8695 0.0000e+00
      1.207      0.071     8.1311     95.779     42.211  41.252892     5.0007      7.590   193.8758 2.8596e+02     5.6940      1.183      1.717    23.8585 0.0000e+00
      1.222      0.066     8.1148     95.866     42.197  41.237172     5.0107      7.591   194.1121 2.8100e+02     5.7089      1.198      1.737    23.8508 0.0000e+00
      1.240      0.064     8.0926     95.989     42.180  41.213896     5.0667      7.590   194.6210 2.7547e+02     5.6997      1.216      1.764    23.8526 0.0000e+00
      1.258      0.066     8.0776     96.123     42.139  41.161849     5.1864      7.589   195.0376 2.7031e+02     5.6517      1.235      1.791    23.8580 0.0000e+00
      1.272      0.071     8.0806     96.250     42.114  41.115589     5.2599      7.589   195.1924 2.6731e+02     5.6399      1.249      1.811    23.8600 0.0000e+00
      1.284      0.076     8.0893     96.366     42.126  41.098808     5.2720      7.590   195.2872 2.6344e+02     5.6596      1.255      1.822    23.8582 0.0000e+00
      1.303      0.077     8.1015     96.420     42.141  41.085834     5.2750      7.591   195.4095 2.5495e+02     5.6504      1.273      1.846    23.8494 0.0000e+00
      1.333      0.077     8.1158     96.360     42.161  41.085612     5.3792      7.591   195.4671 2.4605e+02     5.6651      1.309      1.897    23.8379 0.0000e+00
      1.360      0.077     8.1286     96.206     42.183  41.096097     5.5911      7.593   195.5528 2.4078e+02     5.7348      1.338      1.941    23.8146 0.0000e+00
      1.376      0.077     8.1473     96.019     42.177  41.085659     5.7147      7.595   195.7579 2.3727e+02     5.8112      1.351      1.959    23.7727 0.0000e+00
      1.389      0.072     8.1599     95.842     42.177  41.086325     5.7419      7.597   195.9678 2.3335e+02     5.8713      1.360      1.973    23.7366 0.0000e+00
      1.405      0.067     8.1563     95.674     42.192  41.104156     5.7781      7.598   196.1974 2.2840e+02     5.9143      1.377      1.997    23.7168 0.0000e+00
      1.425      0.065     8.1435     95.521     42.198  41.110861     5.8196      7.599   196.3837 2.2310e+02     5.9223      1.398      2.027    23.7032 0.0000e+00
      1.443      0.065     8.1268     95.409     42.198  41.103930     5.8354      7.599   196.4995 2.1903e+02     5.8640      1.416      2.053    23.6967 0.0000e+00
      1.458      0.063     8.1121     95.330     42.191  41.083810     5.8362      7.599   196.6514 2.1529e+02     5.8241      1.429      2.073    23.6989 0.0000e+00
      1.475      0.058     8.0972     95.242     42.181  41.057968     5.8298      7.600   196.8431 2.1080e+02     5.8507      1.446      2.096    23.7055 0.0000e+00
      1.491      0.052     8.0819     95.092     42.182  41.045318     5.7994      7.601   197.0970 2.0746e+02     5.8435      1.464      2.123    23.7093 0.0000e+00
      1.503      0.046     8.0742     94.845     42.204  41.057768     5.7684      7.604   197.3118 2.0519e+02     5.8054      1.475      2.140    23.7016 0.0000e+00
      1.513      0.041     8.0716     94.500     42.235  41.081553     5.7629      7.606   197.4613 2.0289e+02     5.8005      1.484      2.152    23.6829 0.0000e+00
      1.522      0.036     8.0693     94.085     42.237  41.079034     5.8169      7.608   197.6999 2.0104e+02     5.8525      1.494      2.166    23.6616 0.0000e+00
      1.529      0.035     8.0599     93.661     42.189  41.027307     5.9129      7.608   198.0463 1.9967e+02     5.9214      1.501      2.176    23.6463 0.0000e+00
      1.535      0.038     8.0406     93.273     42.133  40.963844     5.9494      7.608   198.3793 1.9827e+02     5.9169      1.504      2.182    23.6361 0.0000e+00
      1.543      0.043     8.0118     92.900     42.132  40.946347     5.9335      7.609   198.6286 1.9611e+02     5.8656      1.511      2.192    23.6275 0.0000e+00
      1.554      0.049     7.9753     92.532     42.150  40.942660     5.9373      7.609   198.9099 1.9283e+02     5.9162      1.521      2.207    23.6223 0.0000e+00
      1.569      0.054     7.9376     92.175     42.145  40.919232     5.9535      7.610   199.2856 1.8860e+02     6.0850      1.536      2.228    23.6199 0.0000e+00
      1.588      0.058     7.9077     91.788     42.158  40.916914     5.9632      7.610   199.6440 1.8431e+02     6.1644      1.558      2.259    23.6115 0.0000e+00
      1.605      0.062     7.8803     91.352     42.166  40.914614     5.9633      7.610   199.9733 1.8105e+02     6.0909      1.576      2.285    23.5896 0.0000e+00
      1.618      0.064     7.8506     90.857     42.153  40.891405     5.9543      7.611   200.3418 1.7848e+02     6.0152      1.587      2.302    23.5612 0.0000e+00
      1.632      0.066     7.8278     90.349     42.167  40.890140     5.9464      7.612   200.7442 1.7542e+02     6.0015      1.598      2.318    23.5374 0.0000e+00
      1.647      0.069     7.7965     89.930     42.195  40.899295     5.9504      7.613   201.0528 1.7158e+02     6.0612      1.614      2.341    23.5202 0.0000e+00
      1.667      0.073     7.7617     89.574     42.189  40.875141     5.9704      7.614   201.3197 1.6750e+02     6.1564      1.634      2.370    23.5096 0.0000e+00
      1.687      0.077     7.7217     89.189     42.185  40.851934     5.9883      7.615   201.6486 1.6375e+02     6.1624      1.655      2.400    23.4995 0.0000e+00
      1.707      0.079     7.6734     88.718     42.230  40.872526     6.0501      7.616   201.8453 1.6005e+02     6.0644      1.674      2.428    23.4812 0.0000e+00
      1.729      0.079     7.6448     88.165     42.248  40.870222     6.1687      7.617   202.0637 1.5586e+02     5.9968      1.695      2.458    23.4586 0.0000e+00
      1.751      0.079     7.6203     87.583     42.213  40.824048     6.2394      7.617   202.4827 1.5203e+02     6.0275      1.718      2.492    23.4387 0.0000e+00
      1.771      0.080     7.5921     87.013     42.216  40.821948     6.2643      7.617   202.8676 1.4904e+02     6.0949      1.738      2.521    23.4163 0.0000e+00
      1.789      0.082     7.5571     86.474     42.244  40.844827     6.3198      7.617   203.1898 1.4610e+02     6.0940      1.755      2.545    23.3861 0.0000e+00
      1.806      0.084     7.5104     85.967     42.251  40.846803     6.4033      7.617   203.4526 1.4256e+02     6.0512      1.768      2.566    23.3591 0.0000e+00
      1.828      0.086     7.4631     85.552     42.256  40.845839     6.4583      7.617   203.6359 1.3845e+02     6.0560      1.791      2.597    23.3456 0.0000e+00
      1.854      0.088     7.4126     85.285     42.247  40.833163     6.4771      7.617   203.8569 1.3462e+02     6.0831      1.820      2.640    23.3435 0.0000e+00
      1.879      0.088     7.3692     85.099     42.238  40.820463     6.4896      7.618   204.0607 1.3105e+02     6.0712      1.842      2.673    23.3394 0.0000e+00
      1.903      0.086     7.3246     84.933     42.242  40.819206     6.4924      7.619   204.2933 1.2766e+02     6.0143      1.865      2.706    23.3316 0.0000e+00
      1.924      0.081     7.2862     84.829     42.245  40.817956     6.4857      7.619   204.6902 1.2464e+02     5.9767      1.887      2.737    23.3256 0.0000e+00
      1.944      0.075     7.2684     84.846     42.236  40.805349     6.4833      7.620   205.0742 1.2177e+02     5.9915      1.906      2.765    23.3211 0.0000e+00
      1.963      0.069     7.2555     84.943     42.230  40.793696     6.5048      7.621   205.3215 1.1930e+02     6.1257      1.926      2.794    23.3168 0.0000e+00
      1.979      0.062     7.2406     85.039     42.250  40.803986     6.5384      7.622   205.5301 1.1705e+02     6.3009      1.941      2.815    23.3099 0.0000e+00
      1.994      0.056     7.2283     85.065     42.260  40.802819     6.5395      7.623   205.7032 1.1500e+02     6.3335      1.956      2.837    23.3054 0.0000e+00
      2.007      0.051     7.2336     84.983     42.250  40.779568     6.5190      7.624   205.8657 1.1345e+02     6.3145      1.970      2.857    23.3015 0.0000e+00
      2.018      0.048     7.2447     84.802     42.262  40.776699     6.5224      7.624   206.1186 1.1201e+02     6.3110      1.978      2.869    23.2942 0.0000e+00
      2.028      0.048     7.2568     84.567     42.265  40.768108     6.5722      7.624   206.4376 1.1033e+02     6.2230      1.987      2.882    23.2844 0.0000e+00
      2.040      0.049     7.2621     84.296     42.242  40.739148     6.6397      7.624   206.7115 1.0868e+02     6.0697      2.001      2.902    23.2708 0.0000e+00
      2.051      0.051     7.2568     83.933     42.253  40.743859     6.6635      7.624   206.9350 1.0723e+02     5.9611      2.012      2.918    23.2546 0.0000e+00
      2.064      0.052     7.2425     83.499     42.281  40.761597     6.6520      7.624   207.1611 1.0523e+02     5.9683      2.021      2.932    23.2358 0.0000e+00
      2.081      0.052     7.2222     83.084     42.292  40.763212     6.6840      7.624   207.3807 1.0275e+02     6.0557      2.040      2.958    23.2212 0.0000e+00
      2.098      0.052     7.2046     82.767     42.300  40.763371     6.7680      7.625   207.6112 1.0110e+02     6.1295      2.061      2.989    23.2164 0.0000e+00
      2.110      0.055     7.1723     82.560     42.305  40.763500     6.8257      7.626   207.7960 1.0038e+02     6.1430      2.071      3.004    23.2102 0.0000e+00
      2.117      0.059     7.1339     82.395     42.311  40.764760     6.8413      7.626   207.9808 9.9331e+01     6.0820      2.074      3.009    23.1983 0.0000e+00
      2.128      0.061     7.0977     82.236     42.336  40.778608     6.9238      7.626   208.2975 9.7179e+01     6.0404      2.084      3.023    23.1874 0.0000e+00
      2.148      0.063     7.0701     82.101     42.381  40.803986     7.0736      7.627   208.6994 9.4416e+01     6.0838      2.106      3.055    23.1774 0.0000e+00
      2.170      0.066     7.0577     81.975     42.417  40.817722     7.1545      7.627   209.0548 9.2031e+01     6.1288      2.129      3.090    23.1716 0.0000e+00
      2.189      0.067     7.0445     81.771     42.437  40.817725     7.1690      7.628   209.2391 9.0131e+01     6.1411      2.148      3.116    23.1694 0.0000e+00
