Data/DataNotYetUploadedToEDI/Raw_CTD/RawDownloads/082624_fcr40_S7809005.cnv
* Sea-Bird SBE19plus  Data File:
* FileName = C:\R\Reservoirs\Data\DataNotYetUploadedToEDI\Raw_CTD\RawDownloads\082624_fcr50_S7809_0005.hex
* Software version 2.8.0.119
* Temperature SN = 7809
* Conductivity SN = 7809
* System UpLoad Time = Aug 27 2024 14:10:27
* <ApplicationData>
* <Seaterm232>
# nquan = 15
# nvalues = 560                         
# units = specified
# name 0 = depFM: Depth [fresh water, m]
# name 1 = dz/dtM: Descent Rate [m/s]
# name 2 = sbeox0Mg/L: Oxygen, SBE 43 [mg/l]
# name 3 = sbeox0PS: Oxygen, SBE 43 [% saturation]
# name 4 = specc: Specific Conductance [uS/cm]
# name 5 = c0uS/cm: Conductivity [uS/cm]
# name 6 = flECO-AFL: Fluorescence, WET Labs ECO-AFL/FL [mg/m^3]
# name 7 = ph: pH
# name 8 = orp: Oxidation Reduction Potential [mV]
# name 9 = par/sat/log: PAR/Logarithmic, Satlantic
# name 10 = turbWETntu0: Turbidity, WET Labs ECO [NTU]
# name 11 = prdM: Pressure, Strain Gauge [db]
# name 12 = prdE: Pressure, Strain Gauge [psi]
# name 13 = tv290C: Temperature [ITS-90, deg C]
# name 14 = flag:  0.000e+00
# span 0 =     -0.572,      5.980       
# span 1 =     -0.094,      0.173       
# span 2 =     0.1258,     8.8494       
# span 3 =      1.357,    105.533       
# span 4 =      1.323,     89.384       
# span 5 =   1.266848,  75.028010       
# span 6 =    -0.0821,    49.0816       
# span 7 =      7.410,      7.999       
# span 8 =    86.0236,   293.4254       
# span 9 = 1.2358e-01, 2.4756e+03       
# span 10 =     0.6401,   399.6534      
# span 11 =     -0.561,      5.864      
# span 12 =     -0.814,      8.506      
# span 13 =    12.7513,    26.1149      
# span 14 = 0.0000e+00, 0.0000e+00      
# interval = seconds: 0.25
# start_time = Aug 26 2024 12:38:41 [Instrument's time stamp, header]
# bad_flag = -9.990e-29
*END*
[from data line 193]
      0.570      0.044     8.3318     96.474     42.222  41.769065     3.4478      7.933   149.3805 6.2986e+01     6.5985      0.559      0.811    24.4433 0.0000e+00
      0.579      0.043     8.2093     96.193     42.222  41.769065     3.4518      7.933   149.5556 6.2171e+01     6.6085      0.567      0.823    24.4395 0.0000e+00
      0.591      0.044     8.1277     96.005     42.226  41.774173     3.4284      7.933   149.7583 6.1273e+01     6.5405      0.580      0.840    24.4464 0.0000e+00
      0.604      0.046     8.0757     95.915     42.218  41.767350     3.4152      7.934   150.0241 6.0382e+01     6.4932      0.592      0.859    24.4562 0.0000e+00
      0.617      0.047     8.0500     95.856     42.202  41.750040     3.4254      7.936   150.3602 5.9461e+01     6.5485      0.605      0.877    24.4580 0.0000e+00
      0.630      0.045     8.0248     95.770     42.211  41.755281     3.4349      7.937   150.7249 5.8606e+01     6.6286      0.618      0.896    24.4568 0.0000e+00
      0.643      0.040     8.0079     95.690     42.230  41.767245     3.4302      7.938   150.9929 5.7974e+01     6.6077      0.631      0.916    24.4595 0.0000e+00
      0.654      0.034     8.0028     95.670     42.238  41.767756     3.4353      7.939   151.1904 5.7431e+01     6.5002      0.642      0.931    24.4621 0.0000e+00
      0.662      0.026     8.0009     95.696     42.237  41.761448     3.4544      7.940   151.4780 5.6818e+01     6.4567      0.650      0.942    24.4602 0.0000e+00
      0.667      0.020     7.9926     95.742     42.232  41.754429     3.4699      7.941   151.8034 5.6127e+01     6.5257      0.655      0.950    24.4549 0.0000e+00
      0.669      0.019     7.9841     95.772     42.223  41.746356     3.4898      7.942   152.0266 5.5427e+01     6.6169      0.656      0.952    24.4475 0.0000e+00
      0.669      0.023     7.9861     95.772     42.204  41.727301     3.5113      7.943   152.1124 5.4819e+01     6.6715      0.656      0.952    24.4373 0.0000e+00
      0.670      0.030     7.9891     95.757     42.197  41.714441     3.5221      7.945   152.2384 5.4348e+01     6.7079      0.656      0.952    24.4288 0.0000e+00
      0.677      0.039     7.9955     95.757     42.212  41.717798     3.5216      7.946   152.5182 5.4066e+01     6.7497      0.659      0.957    24.4273 0.0000e+00
      0.692      0.047     7.9974     95.820     42.211  41.704405     3.5295      7.948   152.7422 5.3980e+01     6.8011      0.677      0.983    24.4309 0.0000e+00
      0.712      0.052     7.9965     95.935     42.196  41.679429     3.5507      7.950   152.9676 5.3977e+01     6.7822      0.699      1.016    24.4320 0.0000e+00
      0.730      0.057     7.9962     96.026     42.194  41.669662     3.5541      7.951   153.3501 5.3887e+01     6.6582      0.718      1.042    24.4249 0.0000e+00
      0.742      0.060     7.9957     96.039     42.183  41.649769     3.5366      7.951   153.7543 5.3609e+01     6.5659      0.730      1.058    24.4092 0.0000e+00
      0.753      0.061     8.0043     96.009     42.176  41.629291     3.5302      7.951   154.0678 5.3136e+01     6.5542      0.737      1.069    24.3923 0.0000e+00
      0.767      0.062     8.0181     96.007     42.176  41.612451     3.5189      7.950   154.2158 5.2556e+01     6.6190      0.750      1.088    24.3815 0.0000e+00
      0.785      0.063     8.0293     96.027     42.157  41.573063     3.4829      7.950   154.3398 5.2036e+01     6.7689      0.769      1.115    24.3733 0.0000e+00
      0.805      0.065     8.0306     96.053     42.138  41.533826     3.4439      7.951   154.5338 5.1706e+01     6.8299      0.790      1.146    24.3632 0.0000e+00
      0.823      0.066     8.0262     96.072     42.144  41.518816     3.4142      7.953   154.6688 5.1534e+01     6.7409      0.808      1.173    24.3494 0.0000e+00
      0.840      0.063     8.0312     96.056     42.164  41.518486     3.4319      7.955   154.7674 5.1405e+01     6.6495      0.823      1.195    24.3271 0.0000e+00
      0.855      0.058     8.0372     96.041     42.190  41.529797     3.5004      7.956   154.8664 5.1319e+01     6.6130      0.839      1.217    24.3018 0.0000e+00
      0.870      0.053     8.0420     96.036     42.197  41.528622     3.5504      7.958   155.0048 5.1319e+01     6.6412      0.854      1.238    24.2777 0.0000e+00
      0.883      0.051     8.0507     96.004     42.175  41.504273     3.5547      7.959   155.2365 5.1360e+01     6.6487      0.867      1.257    24.2509 0.0000e+00
      0.894      0.051     8.0500     95.977     42.162  41.489263     3.5442      7.959   155.5169 5.1469e+01     6.5673      0.877      1.273    24.2276 0.0000e+00
      0.904      0.054     8.0507     95.988     42.155  41.474062     3.6066      7.960   155.7277 5.1662e+01     6.5109      0.885      1.284    24.2098 0.0000e+00
      0.915      0.059     8.0553     96.027     42.140  41.447399     3.7515      7.961   155.8061 5.1837e+01     6.5482      0.894      1.297    24.1993 0.0000e+00
      0.930      0.065     8.0498     96.059     42.126  41.420735     3.8471      7.962   155.8631 5.2035e+01     6.6077      0.910      1.321    24.1994 0.0000e+00
      0.950      0.070     8.0464     96.045     42.122  41.405525     3.8720      7.963   155.9858 5.2287e+01     6.5814      0.931      1.351    24.1991 0.0000e+00
      0.972      0.074     8.0502     96.020     42.117  41.390412     3.9618      7.964   156.1718 5.2520e+01     6.5028      0.953      1.382    24.1886 0.0000e+00
      0.993      0.075     8.0559     96.045     42.099  41.364912     4.1254      7.965   156.3043 5.2713e+01     6.4779      0.976      1.415    24.1720 0.0000e+00
      1.013      0.074     8.0638     96.125     42.090  41.351064     4.2268      7.966   156.3842 5.2833e+01     6.5193      0.994      1.442    24.1571 0.0000e+00
      1.030      0.071     8.0628     96.244     42.096  41.349909     4.2628      7.967   156.6219 5.2924e+01     6.5931      1.009      1.464    24.1440 0.0000e+00
      1.047      0.066     8.0597     96.356     42.110  41.350931     4.2708      7.969   156.9414 5.3060e+01     6.5846      1.026      1.489    24.1304 0.0000e+00
      1.064      0.061     8.0641     96.419     42.137  41.363407     4.2488      7.969   157.1490 5.3225e+01     6.4856      1.044      1.515    24.1210 0.0000e+00
      1.080      0.056     8.0714     96.455     42.159  41.373803     4.2297      7.969   157.3249 5.3370e+01     6.4201      1.060      1.538    24.1177 0.0000e+00
      1.095      0.049     8.0840     96.502     42.143  41.349676     4.2306      7.971   157.4330 5.3498e+01     6.4422      1.073      1.557    24.1095 0.0000e+00
      1.108      0.041     8.0981     96.517     42.123  41.325537     4.2765      7.974   157.3379 5.3621e+01     6.5816      1.087      1.577    24.0927 0.0000e+00
      1.118      0.032     8.1054     96.482     42.136  41.335808     4.3356      7.976   157.2937 5.3668e+01     6.7393      1.099      1.593    24.0747 0.0000e+00
      1.124      0.026     8.1074     96.473     42.149  41.346919     4.3538      7.976   157.5011 5.3695e+01     6.7780      1.104      1.600    24.0609 0.0000e+00
      1.126      0.024     8.1156     96.518     42.136  41.332948     4.3549      7.977   157.7804 5.3816e+01     6.7758      1.104      1.601    24.0520 0.0000e+00
      1.129      0.027     8.1194     96.593     42.101  41.293818     4.3826      7.977   158.0035 5.3958e+01     6.8149      1.107      1.605    24.0472 0.0000e+00
      1.133      0.033     8.1121     96.664     42.074  41.254596     4.4383      7.978   158.2203 5.4079e+01     6.8408      1.111      1.610    24.0444 0.0000e+00
      1.141      0.039     8.1113     96.667     42.077  41.239493     4.4629      7.980   158.3370 5.4320e+01     6.8163      1.115      1.617    24.0418 0.0000e+00
      1.156      0.045     8.1169     96.577     42.091  41.238108     4.4466      7.981   158.3817 5.4659e+01     6.7576      1.133      1.643    24.0430 0.0000e+00
      1.174      0.048     8.1228     96.421     42.102  41.237829     4.4416      7.982   158.5028 5.4895e+01     6.7111      1.153      1.672    24.0410 0.0000e+00
      1.188      0.048     8.1349     96.223     42.111  41.236103     4.4688      7.982   158.5971 5.5053e+01     6.7336      1.166      1.691    24.0233 0.0000e+00
      1.200      0.045     8.1401     96.011     42.096  41.217218     4.5096      7.983   158.6606 5.5186e+01     6.8243      1.177      1.707    23.9967 0.0000e+00
      1.210      0.040     8.1333     95.833     42.077  41.199893     4.5269      7.985   158.7544 5.5247e+01     6.8512      1.187      1.722    23.9791 0.0000e+00
      1.218      0.037     8.1218     95.730     42.095  41.217020     4.5194      7.986   158.7846 5.5308e+01     6.7514      1.195      1.733    23.9675 0.0000e+00
      1.225      0.036     8.1064     95.688     42.115  41.233909     4.5106      7.987   158.8546 5.5408e+01     6.6764      1.201      1.741    23.9535 0.0000e+00
      1.233      0.038     8.0883     95.661     42.099  41.213692     4.5123      7.987   159.0837 5.5524e+01     6.7303      1.209      1.753    23.9475 0.0000e+00
      1.243      0.041     8.0700     95.599     42.054  41.162962     4.5233      7.987   159.3182 5.5615e+01     6.8220      1.218      1.767    23.9531 0.0000e+00
      1.253      0.046     8.0626     95.494     42.029  41.128263     4.5268      7.988   159.5386 5.5662e+01     6.8288      1.227      1.780    23.9542 0.0000e+00
      1.265      0.050     8.0611     95.368     42.028  41.111460     4.5301      7.988   159.6835 5.5739e+01     6.7785      1.240      1.798    23.9475 0.0000e+00
      1.280      0.054     8.0614     95.220     42.021  41.086716     4.5547      7.987   159.6937 5.5851e+01     6.7950      1.255      1.821    23.9434 0.0000e+00
      1.295      0.059     8.0575     95.011     42.040  41.082918     4.5745      7.987   159.7478 5.6002e+01     6.8572      1.270      1.842    23.9378 0.0000e+00
      1.310      0.065     8.0490     94.711     42.051  41.065506     4.5856      7.987   159.9935 5.6233e+01     6.8816      1.285      1.864    23.9243 0.0000e+00
      1.325      0.070     8.0419     94.346     42.020  41.003085     4.6972      7.987   160.3405 5.6491e+01     6.9186      1.299      1.884    23.9041 0.0000e+00
      1.342      0.074     8.0333     93.946     42.011  40.962797     4.9009      7.988   160.6741 5.6728e+01     6.9630      1.314      1.906    23.8840 0.0000e+00
      1.363      0.074     8.0215     93.554     42.036  40.959127     5.0179      7.989   161.0162 5.7018e+01     7.0085      1.335      1.936    23.8603 0.0000e+00
      1.388      0.070     7.9990     93.222     42.055  40.958682     5.0462      7.989   161.2928 5.7358e+01     7.0931      1.360      1.973    23.8246 0.0000e+00
      1.412      0.065     7.9744     92.965     42.063  40.957385     5.1267      7.989   161.5235 5.7615e+01     7.0974      1.387      2.012    23.7846 0.0000e+00
      1.428      0.060     7.9449     92.784     42.053  40.943431     5.2501      7.990   161.7411 5.7723e+01     6.9575      1.405      2.037    23.7463 0.0000e+00
      1.435      0.055     7.9143     92.654     42.036  40.916890     5.3062      7.990   161.9449 5.7706e+01     6.8371      1.408      2.040    23.7099 0.0000e+00
      1.442      0.053     7.8911     92.569     42.030  40.890332     5.3219      7.990   162.1806 5.7713e+01     6.8368      1.411      2.045    23.6851 0.0000e+00
      1.455      0.055     7.8687     92.499     42.048  40.876142     5.3900      7.990   162.3541 5.7840e+01     6.9201      1.426      2.069    23.6792 0.0000e+00
      1.470      0.060     7.8559     92.357     42.080  40.872204     5.4885      7.991   162.4941 5.7965e+01     7.0582      1.442      2.092    23.6790 0.0000e+00
      1.486      0.065     7.8455     92.097     42.079  40.842662     5.5399      7.992   162.7543 5.8080e+01     7.1062      1.455      2.109    23.6676 0.0000e+00
      1.507      0.070     7.8420     91.745     42.033  40.772777     5.5379      7.993   163.0053 5.8248e+01     7.0227      1.478      2.144    23.6436 0.0000e+00
      1.528      0.073     7.8462     91.346     42.018  40.725309     5.5385      7.993   163.1196 5.8370e+01     7.0050      1.501      2.178    23.6045 0.0000e+00
      1.545      0.076     7.8425     90.856     42.046  40.712937     5.6632      7.993   163.1898 5.8402e+01     7.0627      1.516      2.198    23.5540 0.0000e+00
      1.562      0.078     7.8250     90.217     42.059  40.686594     5.8888      7.994   163.2526 5.8463e+01     7.1053      1.531      2.221    23.5212 0.0000e+00
      1.581      0.080     7.7945     89.431     42.064  40.660595     6.0027      7.994   163.3628 5.8623e+01     7.1107      1.549      2.247    23.5005 0.0000e+00
      1.603      0.081     7.7695     88.536     42.071  40.652401     6.0082      7.995   163.5762 5.8774e+01     7.0593      1.571      2.278    23.4599 0.0000e+00
      1.627      0.081     7.7376     87.611     42.075  40.650976     6.1555      7.996   163.8531 5.8809e+01     7.0992      1.596      2.314    23.4091 0.0000e+00
      1.651      0.080     7.6896     86.723     42.075  40.643357     6.4596      7.996   164.0438 5.8793e+01     7.2519      1.620      2.349    23.3585 0.0000e+00
      1.671      0.077     7.6282     85.914     42.076  40.623728     6.6301      7.997   164.0751 5.8782e+01     7.3334      1.640      2.378    23.3167 0.0000e+00
      1.688      0.074     7.5502     85.184     42.091  40.604005     6.6366      7.998   164.2307 5.8796e+01     7.3336      1.656      2.401    23.3053 0.0000e+00
      1.704      0.073     7.4700     84.501     42.127  40.595233     6.6959      7.999   164.6350 5.8811e+01     7.2877      1.670      2.423    23.3044 0.0000e+00
      1.721      0.075     7.3933     83.809     42.163  40.581071     6.8398      7.999   165.0917 5.8786e+01     7.2569      1.687      2.447    23.2976 0.0000e+00
      1.740      0.078     7.3277     82.999     42.189  40.559626     6.9280      7.999   165.4497 5.8757e+01     7.3033      1.706      2.474    23.2761 0.0000e+00
      1.760      0.082     7.2727     81.973     42.195  40.526267     6.9384      7.999   165.6088 5.8696e+01     7.3360      1.725      2.501    23.2305 0.0000e+00
      1.783      0.085     7.2226     80.737     42.196  40.495002     7.0074      7.998   165.7248 5.8571e+01     7.3105      1.747      2.535    23.1786 0.0000e+00
      1.807      0.085     7.1752     79.358     42.231  40.498873     7.1464      7.998   165.9925 5.8452e+01     7.2689      1.773      2.571    23.1194 0.0000e+00
      1.831      0.086     7.1181     77.883     42.270  40.509572     7.2286      7.998   166.3503 5.8353e+01     7.2765      1.796      2.603    23.0582 0.0000e+00
      1.852      0.088     7.0359     76.401     42.284  40.497394     7.2612      7.999   166.6950 5.8239e+01     7.3341      1.818      2.637    23.0128 0.0000e+00
      1.871      0.093     6.9304     75.001     42.295  40.478520     7.3662      7.999   166.9773 5.8139e+01     7.3511      1.837      2.664    22.9782 0.0000e+00
      1.890      0.102     6.8179     73.711     42.327  40.471717     7.5236      7.997   167.2682 5.7969e+01     7.3106      1.851      2.684    22.9423 0.0000e+00
      1.914      0.113     6.6909     72.501     42.379  40.478548     7.5997      7.995   167.6312 5.7649e+01     7.2547      1.874      2.719    22.9105 0.0000e+00
      1.946      0.124     6.5641     71.297     42.448  40.497586     7.6112      7.994   167.9242 5.7254e+01     7.2557      1.907      2.766    22.8842 0.0000e+00
      1.984      0.130     6.4476     70.027     42.509  40.511451     7.6385      7.993   168.0579 5.6707e+01     7.3565      1.944      2.819    22.8510 0.0000e+00
      2.025      0.130     6.3415     68.526     42.556  40.519196     7.8460      7.993   168.2152 5.5998e+01     7.4832      1.987      2.882    22.8059 0.0000e+00
