Data/DataNotYetUploadedToEDI/Raw_CTD/RawDownloads/082624_fcr50_S7809001.cnv
* Sea-Bird SBE19plus  Data File:
* FileName = C:\R\Reservoirs\Data\DataNotYetUploadedToEDI\Raw_CTD\RawDownloads\082624_fcr50_S7809_0001.hex
* Software version 2.8.0.119
* Temperature SN = 7809
* Conductivity SN = 7809
* System UpLoad Time = Aug 27 2024 14:08:53
* <ApplicationData>
* <Seaterm232>
# nquan = 15
# nvalues = 1056                        
# units = specified
# name 0 = depFM: Depth [fresh water, m]
# name 1 = dz/dtM: Descent Rate [m/s]
# name 2 = sbeox0Mg/L: Oxygen, SBE 43 [mg/l]
# name 3 = sbeox0PS: Oxygen, SBE 43 [% saturation]
# name 4 = specc: Specific Conductance [uS/cm]
# name 5 = c0uS/cm: Conductivity [uS/cm]
# name 6 = flECO-AFL: Fluorescence, WET Labs ECO-AFL/FL [mg/m^3]
# name 7 = ph: pH
# name 8 = orp: Oxidation Reduction Potential [mV]
# name 9 = par/sat/log: PAR/Logarithmic, Satlantic
# name 10 = turbWETntu0: Turbidity, WET Labs ECO [NTU]
# name 11 = prdM: Pressure, Strain Gauge [db]
# name 12 = prdE: Pressure, Strain Gauge [psi]
# name 13 = tv290C: Temperature [ITS-90, deg C]
# name 14 = flag:  0.000e+00
# span 0 =     -0.581,      9.519       
# span 1 =     -0.191,      0.158       
# span 2 =     0.0802,     8.0213       
# span 3 =      0.928,     95.712       
# span 4 =      3.484,    422.986       
# span 5 =   3.339253, 319.513418       
# span 6 =    -2.1101,    96.2369       
# span 7 =     -2.141,      7.124       
# span 8 = -1240.7455,   871.3062       
# span 9 = 1.2358e-01, 1.2724e+03       
# span 10 =    -0.1156,   328.3385      
# span 11 =     -0.570,      9.335      
# span 12 =     -0.827,     13.539      
# span 13 =    12.7559,    24.4383      
# span 14 = 0.0000e+00, 0.0000e+00      
# interval = seconds: 0.25
# start_time = Aug 26 2024 09:38:31 [Instrument's time stamp, header]
# bad_flag = -9.990e-29
*END*
[from data line 964]
      8.637      0.049     6.8184     64.241     62.273  47.046119     0.7159      6.981   275.5717 1.2391e-01    17.9249      8.472     12.287    12.7823 0.0000e+00
      8.649      0.047     6.8169     64.226     62.270  47.043013     0.7130      6.981   275.6873 1.2401e-01    17.8752      8.482     12.302    12.7788 0.0000e+00
      8.659      0.044     6.8154     64.234     62.279  47.048974     0.6955      6.980   275.8382 1.2396e-01    17.9326      8.492     12.317    12.7752 0.0000e+00
      8.668      0.041     6.8049     64.270     62.288  47.054702     0.6718      6.980   276.0191 1.2386e-01    18.0717      8.500     12.329    12.7727 0.0000e+00
      8.678      0.038     6.8018     64.335     62.281  47.048780     0.6682      6.980   276.2401 1.2378e-01    18.1228      8.508     12.341    12.7710 0.0000e+00
      8.689      0.036     6.8003     64.405     62.271  47.040862     0.6683      6.981   276.4447 1.2374e-01    18.1068      8.522     12.361    12.7698 0.0000e+00
      8.699      0.035     6.8009     64.473     62.247  47.022456     0.6556      6.981   276.5137 1.2369e-01    18.1858      8.533     12.376    12.7692 0.0000e+00
      8.707      0.033     6.8046     64.551     62.239  47.016686     0.6474      6.981   276.5586 1.2364e-01    18.2918      8.538     12.385    12.7692 0.0000e+00
      8.714      0.030     6.8126     64.611     62.263  47.034576     0.6608      6.982   276.6429 1.2369e-01    18.3636      8.545     12.394    12.7687 0.0000e+00
      8.721      0.027     6.8212     64.644     62.280  47.048313     0.6686      6.982   276.7586 1.2376e-01    18.3711      8.553     12.405    12.7683 0.0000e+00
      8.729      0.025     6.8259     64.687     62.290  47.055806     0.6669      6.981   277.0111 1.2377e-01    18.1426      8.560     12.415    12.7681 0.0000e+00
      8.735      0.026     6.8370     64.730     62.298  47.061686     0.6644      6.981   277.2008 1.2381e-01    17.7871      8.568     12.426    12.7681 0.0000e+00
      8.740      0.028     6.8442     64.737     62.291  47.055920     0.6556      6.982   277.1598 1.2383e-01    17.6592      8.572     12.433    12.7681 0.0000e+00
      8.745      0.029     6.8442     64.720     62.282  47.049572     0.6608      6.982   277.1182 1.2387e-01    17.7245      8.573     12.435    12.7682 0.0000e+00
      8.752      0.032     6.8498     64.682     62.280  47.048427     0.6685      6.982   277.2134 1.2388e-01    17.7563      8.581     12.444    12.7683 0.0000e+00
      8.765      0.039     6.8573     64.628     62.272  47.042070     0.6646      6.981   277.3644 1.2386e-01    17.7022      8.596     12.467    12.7682 0.0000e+00
      8.775      0.049     6.8560     64.585     62.265  47.036195     0.6558      6.980   277.3949 1.2384e-01    17.6170      8.607     12.485    12.7681 0.0000e+00
      8.782      0.060     6.8539     64.535     62.271  47.040874     0.6458      6.980   277.2382 1.2378e-01    17.6139      8.610     12.488    12.7683 0.0000e+00
      8.794      0.066     6.8515     64.494     62.263  47.035150     0.6515      6.979   277.1911 1.2373e-01    17.6994      8.618     12.499    12.7682 0.0000e+00
      8.818      0.069     6.8418     64.490     62.257  47.030475     0.6670      6.979   277.5998 1.2377e-01    17.7955      8.645     12.539    12.7679 0.0000e+00
      8.848      0.069     6.8407     64.485     62.280  47.047842     0.6753      6.979   278.2220 1.2383e-01    17.8890      8.681     12.590    12.7678 0.0000e+00
      8.869      0.066     6.8347     64.472     62.289  47.054671     0.6682      6.979   278.6054 1.2384e-01    17.9418      8.701     12.620    12.7679 0.0000e+00
      8.880      0.058     6.8261     64.472     62.280  47.049563     0.6478      6.978   278.7075 1.2380e-01    17.9210      8.709     12.632    12.7679 0.0000e+00
      8.890      0.047     6.8310     64.482     62.278  47.049563     0.6536      6.978   278.6819 1.2386e-01    17.9113      8.717     12.644    12.7679 0.0000e+00
      8.900      0.038     6.8291     64.511     62.283  47.054672     0.6966      6.979   278.8974 1.2393e-01    17.9610      8.728     12.659    12.7679 0.0000e+00
      8.909      0.035     6.8265     64.565     62.272  47.047847     0.7263      6.979   279.4213 1.2381e-01    18.0092      8.738     12.673    12.7685 0.0000e+00
      8.915      0.037     6.8272     64.621     62.250  47.030537     0.7217      6.980   279.7673 1.2368e-01    18.0160      8.742     12.679    12.7691 0.0000e+00
      8.921      0.041     6.8276     64.664     62.259  47.035837     0.7158      6.980   279.8121 1.2371e-01    18.0092      8.747     12.686    12.7702 0.0000e+00
      8.931      0.043     6.8295     64.695     62.279  47.048439     0.7211      6.980   279.8768 1.2372e-01    18.0291      8.757     12.701    12.7721 0.0000e+00
      8.946      0.046     6.8365     64.714     62.290  47.055932     0.7197      6.980   280.0329 1.2369e-01    18.0521      8.772     12.723    12.7735 0.0000e+00
      8.961      0.050     6.8431     64.689     62.300  47.062949     0.7240      6.981   280.1510 1.2371e-01    18.0476      8.790     12.748    12.7732 0.0000e+00
      8.975      0.054     6.8479     64.605     62.309  47.069793     0.7308      6.981   280.2721 1.2373e-01    18.0776      8.803     12.768    12.7712 0.0000e+00
      8.986      0.056     6.8508     64.526     62.316  47.075198     0.7184      6.980   280.4654 1.2372e-01    18.2095      8.811     12.780    12.7694 0.0000e+00
      8.998      0.058     6.8543     64.488     62.302  47.064800     0.7163      6.980   280.6808 1.2376e-01    18.3444      8.821     12.794    12.7687 0.0000e+00
      9.014      0.061     6.8544     64.508     62.311  47.071045     0.7306      6.980   280.4668 1.2384e-01    18.4109      8.839     12.819    12.7682 0.0000e+00
      9.032      0.063     6.8398     64.569     62.332  47.087215     0.7334      6.979   279.9436 1.2385e-01    18.5691      8.858     12.848    12.7683 0.0000e+00
      9.050      0.064     6.8319     64.638     62.307  47.069859     0.7246      6.979   280.0333 1.2380e-01    18.8223      8.874     12.871    12.7685 0.0000e+00
      9.068      0.062     6.8269     64.720     62.282  47.051649     0.7070      6.979   280.5188 1.2376e-01    18.9786      8.892     12.898    12.7684 0.0000e+00
      9.085      0.059     6.8286     64.801     62.290  47.057497     0.6955      6.978   280.3934 1.2375e-01    19.0249      8.911     12.925    12.7680 0.0000e+00
      9.099      0.056     6.8391     64.841     62.316  47.077077     0.7020      6.978   279.8074 1.2376e-01    19.0401      8.924     12.943    12.7680 0.0000e+00
      9.109      0.053     6.8432     64.809     62.346  47.097939     0.7350      6.978   279.6285 1.2374e-01    19.4011      8.932     12.953    12.7694 0.0000e+00
      9.120      0.051     6.8534     64.715     62.376  47.119273     0.7868      6.978   279.9507 1.2370e-01    20.1447      8.943     12.970    12.7705 0.0000e+00
      9.135      0.051     6.8633     64.609     62.411  47.144553     0.8040      6.978   280.3481 1.2375e-01    20.5852      8.959     12.994    12.7706 0.0000e+00
      9.149      0.053     6.8693     64.520     62.420  47.149656     0.7930      6.979   280.4753 1.2382e-01    20.6277      8.973     13.014    12.7700 0.0000e+00
      9.162      0.056     6.8662     64.460     62.378  47.117479     0.7871      6.980   280.2846 1.2380e-01    20.5895      8.984     13.030    12.7685 0.0000e+00
      9.175      0.060     6.8529     64.420     62.318  47.072940     0.7756      6.980   279.9354 1.2371e-01    20.5337      8.997     13.049    12.7673 0.0000e+00
      9.189      0.064     6.8419     64.394     62.294  47.055551     0.7615      6.980   279.5220 1.2370e-01    20.4996      9.011     13.068    12.7664 0.0000e+00
      9.207      0.067     6.8312     64.372     62.349  47.097693     0.7585      6.979   279.2442 1.2378e-01    20.5868      9.027     13.093    12.7650 0.0000e+00
      9.227      0.068     6.8264     64.333     62.654  47.328522     0.8390      6.979   279.4157 1.2386e-01    22.1004      9.049     13.124    12.7643 0.0000e+00
      9.247      0.067     6.8220     64.289     63.129  47.687897     1.0022      6.979   279.9605 1.2384e-01    25.0345      9.068     13.152    12.7651 0.0000e+00
      9.266      0.064     6.8187     64.256     63.394  47.887522     1.1087      6.979   280.3253 1.2374e-01    26.9249      9.088     13.179    12.7663 0.0000e+00
      9.282      0.058     6.8186     64.251     63.329  47.837512     1.2274      6.979   280.2997 1.2371e-01    29.1752      9.105     13.205    12.7667 0.0000e+00
      9.295      0.050     6.8125     64.270     63.089  47.654619     2.4634      6.978   280.5967 1.2376e-01    51.9700      9.115     13.221    12.7672 0.0000e+00
      9.306      0.042     6.8079     64.259     62.992  47.580840     4.7493      6.976   281.4209 1.2381e-01    93.9231      9.125     13.235    12.7670 0.0000e+00
      9.316      0.036     6.8039     64.144     63.076  47.643847     6.0105      6.976   281.8342 1.2384e-01   117.2900      9.137     13.253    12.7662 0.0000e+00
      9.325      0.031     6.8025     63.875     63.091  47.654567     6.1687      6.976   281.6358 1.2384e-01   124.2461      9.146     13.266    12.7656 0.0000e+00
      9.330      0.029     6.8077     63.451     63.334  47.837434     6.5454      6.976   281.3445 1.2384e-01   177.7897      9.149     13.271    12.7646 0.0000e+00
      9.335      0.030     6.8095     62.925     64.659  48.839024     7.2104      6.976   281.4958 1.2384e-01   275.5526      9.154     13.277    12.7640 0.0000e+00
      9.340      0.031     6.7996     62.379     68.364  51.637691     7.5678      6.976   282.0019 1.2381e-01   328.3385      9.159     13.284    12.7639 0.0000e+00
      9.348      0.035     6.7710     61.875     89.047  67.262551     7.5798      6.976   282.0446 1.2380e-01   327.5053      9.166     13.294    12.7633 0.0000e+00
      9.359      0.040     6.7243     61.439    170.780 129.003121     7.4050      6.975   281.6673 1.2381e-01   265.2732      9.177     13.311    12.7628 0.0000e+00
      9.371      0.044     6.6647     61.070    297.790 224.936540     5.5043      6.975   281.3122 1.2382e-01   132.7627      9.191     13.330    12.7630 0.0000e+00
      9.383      0.046     6.6043     60.725    380.591 287.458287     2.0270      6.975   280.6756 1.2386e-01    33.3648      9.202     13.346    12.7637 0.0000e+00
      9.396      0.047     6.5507     60.309    405.400 306.169661     0.1359      6.975   279.6489 1.2388e-01     6.8083      9.213     13.362    12.7644 0.0000e+00
      9.409      0.046     6.5020     59.715    412.829 311.767678    -0.0250      6.975   278.5350 1.2384e-01     3.8522      9.227     13.382    12.7662 0.0000e+00
      9.421      0.043     6.4613     58.895    415.775 313.989233    -0.0341      6.975   277.7043 1.2384e-01     2.5070      9.239     13.400    12.7665 0.0000e+00
      9.431      0.041     6.4272     57.852    417.142 315.021903    -0.0408      6.974   277.6930 1.2384e-01     1.8157      9.250     13.415    12.7620 0.0000e+00
      9.441      0.038     6.3890     56.631    418.113 315.762994    -0.0562      6.974   278.2259 1.2382e-01     1.6766      9.259     13.429    12.7573 0.0000e+00
      9.450      0.035     6.3277     55.360    418.838 316.324152    -0.0627      6.974   278.3827 1.2379e-01     1.5771      9.267     13.441    12.7566 0.0000e+00
      9.459      0.032     6.2395     54.148    419.437 316.789277    -0.0523      6.974   278.1271 1.2377e-01     1.4331      9.276     13.454    12.7565 0.0000e+00
      9.466      0.029     6.1302     53.071    420.054 317.269707    -0.0472      6.974   278.0604 1.2375e-01     1.2676      9.283     13.464    12.7559 0.0000e+00
      9.474      0.025     5.9932     52.177    420.511 317.629832    -0.0507      6.974   278.2641 1.2375e-01     1.2147      9.291     13.475    12.7572 0.0000e+00
      9.480      0.020     5.8550     51.479    420.721 317.798284    -0.0443      6.974   278.4388 1.2374e-01     1.0328      9.297     13.485    12.7592 0.0000e+00
      9.485      0.016     5.7246     51.004    420.843 317.891142    -0.0278      6.974   278.2799 1.2375e-01     0.6060      9.302     13.492    12.7604 0.0000e+00
      9.488      0.012     5.6067     50.694    420.968 317.980572    -0.0187      6.974   277.9777 1.2382e-01     0.3584      9.305     13.496    12.7621 0.0000e+00
      9.490      0.010     5.5145     50.449    421.144 318.107550    -0.0250      6.974   277.9686 1.2387e-01     0.3277      9.306     13.497    12.7644 0.0000e+00
      9.490      0.008     5.4363     50.239    421.362 318.268394    -0.0457      6.973   278.0837 1.2382e-01     0.2682      9.306     13.498    12.7657 0.0000e+00
      9.491      0.008     5.3891     50.054    421.517 318.381290    -0.0693      6.972   278.1647 1.2376e-01     0.1182      9.307     13.498    12.7655 0.0000e+00
      9.493      0.008     5.3620     49.864    421.606 318.443216    -0.0781      6.968   278.0884 1.2380e-01    -0.0520      9.309     13.502    12.7648 0.0000e+00
      9.497      0.009     5.3362     49.655    421.776 318.566782    -0.0770      6.957   277.9354 1.2385e-01    -0.1156      9.313     13.508    12.7639 0.0000e+00
      9.499      0.010     5.3136     49.420    422.063 318.781594    -0.0804      6.929   278.0342 1.2382e-01    -0.1044      9.316     13.512    12.7635 0.0000e+00
      9.501      0.011     5.2964     49.124    422.328 318.981731    -0.0784      6.880   277.7346 1.2372e-01    -0.0529      9.317     13.514    12.7632 0.0000e+00
      9.503      0.011     5.2765     48.775    422.508 319.120869    -0.0606      6.820   276.6371 1.2367e-01     0.0291      9.319     13.516    12.7624 0.0000e+00
      9.506      0.011     5.2534     48.420    422.662 319.241497    -0.0392      6.768   275.4326 1.2368e-01     0.0661      9.322     13.519    12.7617 0.0000e+00
      9.509      0.010     5.2320     48.063    422.793 319.346496    -0.0369      6.731   274.3566 1.2372e-01     0.0535      9.326     13.525    12.7615 0.0000e+00
      9.513      0.009     5.1998     47.700    422.887 319.425336    -0.0491      6.708   273.1776 1.2380e-01     0.0821      9.329     13.532    12.7616 0.0000e+00
      9.516      0.008     5.1595     47.359    422.957 319.487031    -0.0621      6.696   271.7591 1.2385e-01     0.1723      9.332     13.536    12.7619 0.0000e+00
      9.518      0.007     5.1235     47.199    422.986 319.513418    -0.0694      6.693   270.9729 1.2381e-01     0.2222      9.334     13.538    12.7624 0.0000e+00
      9.518 -9.990e-29     5.0847 -9.990e-29 -9.990e-29 -9.990e-29 -9.990e-29 -9.990e-29 -9.990e-29 1.2380e-01 -9.990e-29      9.334     13.538    12.7632 0.0000e+00
      9.518 -9.990e-29     5.0474 -9.990e-29 -9.990e-29 -9.990e-29 -9.990e-29 -9.990e-29 -9.990e-29 1.2384e-01 -9.990e-29      9.334     13.538    12.7639 0.0000e+00
      9.519 -9.990e-29     5.0049 -9.990e-29 -9.990e-29 -9.990e-29 -9.990e-29 -9.990e-29 -9.990e-29 1.2384e-01 -9.990e-29      9.335     13.539    12.7652 0.0000e+00
      9.519 -9.990e-29     4.9757 -9.990e-29 -9.990e-29 -9.990e-29 -9.990e-29 -9.990e-29 -9.990e-29 1.2381e-01 -9.990e-29      9.335     13.539    12.7664 0.0000e+00
