Data/DataNotYetUploadedToEDI/Raw_CTD/RawDownloads/082624_fcr40_S7809005.cnv
* Sea-Bird SBE19plus  Data File:
* FileName = C:\R\Reservoirs\Data\DataNotYetUploadedToEDI\Raw_CTD\RawDownloads\082624_fcr50_S7809_0005.hex
* Software version 2.8.0.119
* Temperature SN = 7809
* Conductivity SN = 7809
* System UpLoad Time = Aug 27 2024 14:10:27
* <ApplicationData>
* <Seaterm232>
# nquan = 15
# nvalues = 560                         
# units = specified
# name 0 = depFM: Depth [fresh water, m]
# name 1 = dz/dtM: Descent Rate [m/s]
# name 2 = sbeox0Mg/L: Oxygen, SBE 43 [mg/l]
# name 3 = sbeox0PS: Oxygen, SBE 43 [% saturation]
# name 4 = specc: Specific Conductance [uS/cm]
# name 5 = c0uS/cm: Conductivity [uS/cm]
# name 6 = flECO-AFL: Fluorescence, WET Labs ECO-AFL/FL [mg/m^3]
# name 7 = ph: pH
# name 8 = orp: Oxidation Reduction Potential [mV]
# name 9 = par/sat/log: PAR/Logarithmic, Satlantic
# name 10 = turbWETntu0: Turbidity, WET Labs ECO [NTU]
# name 11 = prdM: Pressure, Strain Gauge [db]
# name 12 = prdE: Pressure, Strain Gauge [psi]
# name 13 = tv290C: Temperature [ITS-90, deg C]
# name 14 = flag:  0.000e+00
# span 0 =     -0.572,      5.980       
# span 1 =     -0.094,      0.173       
# span 2 =     0.1258,     8.8494       
# span 3 =      1.357,    105.533       
# span 4 =      1.323,     89.384       
# span 5 =   1.266848,  75.028010       
# span 6 =    -0.0821,    49.0816       
# span 7 =      7.410,      7.999       
# span 8 =    86.0236,   293.4254       
# span 9 = 1.2358e-01, 2.4756e+03       
# span 10 =     0.6401,   399.6534      
# span 11 =     -0.561,      5.864      
# span 12 =     -0.814,      8.506      
# span 13 =    12.7513,    26.1149      
# span 14 = 0.0000e+00, 0.0000e+00      
# interval = seconds: 0.25
# start_time = Aug 26 2024 12:38:41 [Instrument's time stamp, header]
# bad_flag = -9.990e-29
*END*
     -0.572 7.4581e-20     7.9877     92.867      1.330   1.273963    -0.0630      7.428   256.5154 1.9759e+03     0.7154     -0.561     -0.813    22.8729 0.0000e+00
     -0.571 3.4979e-19     7.9854     92.847      1.323   1.266848    -0.0682      7.412   281.7835 1.9516e+03     0.6829     -0.560     -0.812    22.8705 0.0000e+00
     -0.571 3.8049e-18     7.9873     92.837      1.371   1.313183    -0.0821      7.410   288.0827 1.9295e+03     0.6401     -0.560     -0.812    22.8681 0.0000e+00
     -0.571 4.1850e-17     7.9882     92.832      1.452   1.390811    -0.0716      7.419   284.3241 1.8913e+03     0.6413     -0.560     -0.812    22.8700 0.0000e+00
     -0.572 4.6035e-16     7.9841     92.837      1.509   1.445360    -0.0501      7.431   283.0576 1.4759e+03     0.6983     -0.561     -0.813    22.8762 0.0000e+00
     -0.572 5.0639e-15     7.9812     92.838      1.530   1.465994    -0.0554      7.440   285.8476 7.0108e+02     0.7146     -0.561     -0.813    22.8820 0.0000e+00
     -0.572 5.5703e-14     7.9809     92.817      1.514   1.450271    -0.0779      7.444   287.4285 2.6861e+02     0.6675     -0.561     -0.813    22.8844 0.0000e+00
     -0.571 6.1273e-13     7.9794     92.795      1.509   1.445274    -0.0801      7.440   287.9749 2.1788e+02     0.6756     -0.560     -0.812    22.8857 0.0000e+00
     -0.571 6.7400e-12     7.9799     92.773      1.533   1.468920    -0.0652      7.432   290.8192 2.0338e+02     0.7092     -0.560     -0.812    22.8869 0.0000e+00
     -0.572 7.4140e-11     7.9818     92.721      1.548   1.482815    -0.0641      7.427   293.4254 1.9219e+02     0.6644     -0.561     -0.813    22.8874 0.0000e+00
     -0.572 8.1554e-10     7.9779     92.645      1.552   1.486591    -0.0751      7.427   292.1261 1.8373e+02     0.6801     -0.561     -0.814    22.8871 0.0000e+00
     -0.572 8.9710e-09     7.9761     92.572      1.581   1.514572    -0.0581      7.430   288.8759 1.8307e+02     1.0021     -0.561     -0.813    22.8864 0.0000e+00
     -0.572 9.8680e-08     7.9765     92.514      1.637   1.567775    -0.0242      7.430   287.6831 1.9210e+02     1.4835     -0.561     -0.813    22.8853 0.0000e+00
     -0.572      0.000     7.9717     92.471      1.695   1.623129    -0.0145      7.429   288.7176 2.1004e+02     1.6839     -0.561     -0.814    22.8839 0.0000e+00
     -0.572      0.000     7.9637     92.374      1.751   1.677113     0.0262      7.432   286.1541 2.3761e+02     1.7850     -0.561     -0.813    22.8819 0.0000e+00
     -0.572      0.000     7.9587     92.245      1.790   1.713758     0.4345      7.440   279.3172 2.9016e+02     3.0143     -0.561     -0.814    22.8803 0.0000e+00
     -0.572      0.001     7.9516     92.210      1.892   1.812847     1.1600      7.450   273.9377 4.6958e+02     5.2058     -0.561     -0.813    22.8781 0.0000e+00
     -0.572      0.006     7.9526     92.228      2.389   2.305101     1.5657      7.462   267.5719 6.5434e+02     6.4196     -0.561     -0.814    22.8766 0.0000e+00
     -0.572      0.015     7.9462     92.264      6.525   6.398713     1.6188      7.459   228.6775 7.5719e+02     6.5882     -0.561     -0.814    22.8735 0.0000e+00
     -0.572      0.028     7.9246     92.344     14.915  14.745703     1.6525      7.454   159.8715 1.2032e+03     6.6302     -0.561     -0.814    22.8730 0.0000e+00
     -0.568      0.043     7.9288     92.417     22.588  22.493443     1.6990      7.490   123.6992 1.5246e+03     6.6201     -0.561     -0.812    22.8688 0.0000e+00
     -0.554      0.058     7.9295     92.456     30.340  30.414588     1.7142      7.555   122.5730 1.5143e+03     6.5682     -0.547     -0.793    22.8797 0.0000e+00
     -0.530      0.073     7.8609     92.491     38.275  38.529408     1.7197      7.607   122.7658 1.9720e+03     6.5839     -0.520     -0.755    23.3326 0.0000e+00
     -0.505      0.083     7.7457     92.521     41.730  42.131994     1.7409      7.641   121.4698 2.4195e+03     6.6733     -0.493     -0.716    24.1965 0.0000e+00
     -0.481      0.089     7.6685     92.560     42.056  42.566520     1.7784      7.657   117.6591 2.4685e+03     6.6923     -0.473     -0.686    24.7772 0.0000e+00
     -0.457      0.094     7.6270     92.824     42.176  42.767865     1.8237      7.654   112.8266 2.4756e+03     6.6430     -0.448     -0.650    25.0851 0.0000e+00
     -0.435      0.104     7.5946     93.419     42.203  42.852855     1.8401      7.638   110.1041 2.4747e+03     6.5900     -0.424     -0.615    25.3285 0.0000e+00
     -0.416      0.118     7.5791     93.915     42.124  42.832558     1.8604      7.623   109.0054 2.4708e+03     6.5971     -0.407     -0.591    25.4831 0.0000e+00
     -0.394      0.132     7.5568     94.051     42.060  42.839895     2.0356      7.613   108.8342 2.4708e+03     6.6262     -0.392     -0.569    25.6099 0.0000e+00
     -0.355      0.145     7.5526     94.195     41.974  42.814731     2.3347      7.600   108.6369 2.4733e+03     6.6008     -0.356     -0.517    25.7114 0.0000e+00
     -0.300      0.156     7.6159     94.547     41.777  42.655331     2.4889      7.584   108.0823 2.4708e+03     6.5633     -0.290     -0.420    25.7605 0.0000e+00
     -0.251      0.167     7.6622     94.933     41.595  42.499425     2.5016      7.569   108.1515 2.4695e+03     6.5145     -0.239     -0.347    25.8227 0.0000e+00
     -0.213      0.173     7.6354     95.293     41.533  42.453014     2.6376      7.559   108.6120 2.4702e+03     6.4884     -0.212     -0.306    25.9295 0.0000e+00
     -0.176      0.172     7.6299     95.631     41.625  42.538496     2.9096      7.555   108.8323 2.4502e+03     6.5216     -0.175     -0.253    26.0068 0.0000e+00
     -0.132      0.168     7.6661     95.950     41.824  42.707863     3.0692      7.556   108.8372 2.3830e+03     6.5751     -0.132     -0.191    26.0473 0.0000e+00
     -0.083      0.164     7.6892     96.305     41.966  42.787068     3.0868      7.557   108.7565 2.1390e+03     6.5882     -0.080     -0.116    26.0851 0.0000e+00
     -0.037      0.156     7.7148     96.695     42.006  42.734408     3.0888      7.561   108.9752 1.6801e+03     6.6117     -0.032     -0.046    26.1149 0.0000e+00
      0.003      0.138     7.7456     97.025     42.006  42.642248     3.1100      7.566   109.5023 1.4350e+03     6.7223      0.003      0.003    26.0983 0.0000e+00
      0.040      0.113     7.7726     97.230     42.003  42.561223     3.1346      7.569   109.8814 1.2330e+03     6.7986      0.040      0.058    26.0639 0.0000e+00
      0.071      0.084     7.8121     97.362     42.028  42.516268     3.1448      7.572   110.0315 6.3742e+02     6.8159      0.076      0.111    25.9901 0.0000e+00
      0.088      0.055     7.8659     97.435     42.052  42.479404     3.1586      7.576   110.1129 2.2088e+02     6.7610      0.091      0.132    25.8571 0.0000e+00
      0.092      0.028     7.9135     97.411     42.041  42.432760     3.1845      7.579   110.2625 1.7660e+02     6.6139      0.091      0.132    25.7430 0.0000e+00
      0.091      0.008     7.9374     97.295     42.011  42.396537     3.2082      7.583   110.6364 1.7360e+02     6.5734      0.090      0.131    25.6580 0.0000e+00
      0.087     -0.004     7.9612     97.122     41.967  42.358785     3.2202      7.587   111.1055 1.7465e+02     6.6470      0.086      0.126    25.5738 0.0000e+00
      0.080     -0.009     7.9813     96.944     41.958  42.357125     3.2138      7.591   111.4601 1.8155e+02     6.6170      0.077      0.113    25.4897 0.0000e+00
      0.075     -0.010     7.9857     96.790     42.031  42.439955     3.1804      7.596   111.5693 1.9463e+02     6.5173      0.070      0.101    25.4426 0.0000e+00
      0.075     -0.009     7.9743     96.654     42.118  42.535175     3.1409      7.601   111.5657 2.0154e+02     6.5000      0.073      0.106    25.4493 0.0000e+00
      0.077     -0.006     7.9564     96.519     42.144  42.556390     3.1284      7.606   111.8472 2.0109e+02     6.5448      0.078      0.113    25.4625 0.0000e+00
      0.075     -0.002     7.9400     96.357     42.115  42.506046     3.1371      7.610   112.3052 1.9976e+02     6.5806      0.074      0.108    25.4674 0.0000e+00
      0.071      0.000     7.9260     96.217     42.078  42.434196     3.1299      7.614   112.6297 1.9844e+02     6.5907      0.068      0.098    25.4809 0.0000e+00
      0.070      0.000     7.9131     96.122     42.068  42.385773     3.0990      7.620   112.9306 1.9939e+02     6.5988      0.067      0.098    25.4946 0.0000e+00
      0.073      0.001     7.9034     95.725     42.082  42.364794     3.0720      7.625   113.2758 2.0033e+02     6.5773      0.072      0.105    25.4918 0.0000e+00
      0.076      0.002     7.8950     94.705     42.112  42.370905     3.0698      7.628   113.7059 1.9987e+02     6.5696      0.076      0.110    25.4638 0.0000e+00
      0.076      0.003     7.8817     93.153     42.149  42.396159     3.0965      7.631   115.1202 1.9979e+02     6.6077      0.075      0.109    25.4191 0.0000e+00
      0.075      0.004     7.8961     91.176     42.170  42.416236     3.1289      7.636   128.9983 1.9890e+02     6.6278      0.074      0.107    25.3693 0.0000e+00
      0.075      0.006     7.8864     89.056     42.173  42.423248     3.1286      7.644   154.3391 1.9707e+02     6.6078      0.073      0.106    25.3248 0.0000e+00
      0.075      0.006     7.7936     87.241     42.159  42.417471     3.1092      7.654   167.8707 1.9251e+02     6.5369      0.072      0.105    25.2959 0.0000e+00
      0.078      0.005     7.6699     85.740     42.139  42.409874     3.1190      7.663   168.6252 1.8398e+02     6.5219      0.075      0.108    25.2836 0.0000e+00
      0.083      0.004     7.5025     84.416     42.108  42.394880     3.1478      7.669   168.0209 1.7637e+02     6.5971      0.082      0.119    25.2840 0.0000e+00
      0.088      0.002     7.3023     83.416     42.063  42.363145     3.1573      7.675   166.4157 1.7387e+02     6.6269      0.089      0.130    25.2897 0.0000e+00
      0.086      0.001     7.1595     83.001     42.035  42.343532     3.1510      7.680   156.3578 1.7522e+02     6.6085      0.087      0.126    25.2991 0.0000e+00
      0.080      0.000     7.0413     83.171     42.034  42.348161     3.1298      7.681   138.2158 1.7686e+02     6.6137      0.077      0.111    25.3137 0.0000e+00
      0.077     -0.001     6.9230     83.566     42.033  42.355651     3.1092      7.681   127.3998 1.7469e+02     6.6558      0.073      0.106    25.3344 0.0000e+00
      0.080     -0.001     6.8295     83.884     42.038  42.370638     3.1104      7.681   125.2172 1.6889e+02     6.7083      0.078      0.113    25.3543 0.0000e+00
      0.084      0.000     6.7901     83.992     42.059  42.402453     3.1105      7.683   124.0434 1.6281e+02     6.7012      0.082      0.120    25.3620 0.0000e+00
      0.085      0.002     6.8219     83.814     42.071  42.422980     3.1014      7.683   123.0161 1.5873e+02     6.6387      0.084      0.122    25.3662 0.0000e+00
      0.085      0.007     6.8599     83.345     42.072  42.428432     3.1005      7.683   122.3462 1.5838e+02     6.5665      0.084      0.122    25.3757 0.0000e+00
      0.083      0.017     6.8865     82.606     42.053  42.404913     3.1171      7.681   122.1378 1.6057e+02     6.5451      0.081      0.119    25.3903 0.0000e+00
      0.080      0.030     6.8977     81.683     41.990  42.329011     3.1361      7.681   121.9593 1.5977e+02     6.5855      0.075      0.110    25.4029 0.0000e+00
      0.085      0.040     6.8796     80.698     41.948  42.272330     3.1468      7.682   121.4788 1.5184e+02     6.5780      0.077      0.112    25.4142 0.0000e+00
      0.103      0.046     6.8417     79.793     41.976  42.290781     3.1627      7.685   121.1471 1.3811e+02     6.5225      0.097      0.140    25.4215 0.0000e+00
      0.130      0.050     6.7780     79.195     42.049  42.361686     3.1788      7.689   121.3046 1.2278e+02     6.4942      0.130      0.189    25.4162 0.0000e+00
      0.152      0.051     6.7009     79.098     42.123  42.431471     3.1914      7.693   121.6612 1.1039e+02     6.5433      0.157      0.227    25.4001 0.0000e+00
      0.158      0.048     6.6203     79.448     42.140  42.436371     3.2064      7.697   121.9312 1.0221e+02     6.6383      0.157      0.228    25.3760 0.0000e+00
      0.158      0.041     6.5391     79.907     42.145  42.420910     3.2020      7.702   122.0744 9.7232e+01     6.6518      0.150      0.218    25.3664 0.0000e+00
      0.165      0.033     6.4834     80.154     42.179  42.434901     3.1717      7.706   122.1022 9.4899e+01     6.5707      0.158      0.231    25.3668 0.0000e+00
      0.180      0.029     6.4757     80.103     42.174  42.415102     3.1392      7.709   122.0947 9.5132e+01     6.5110      0.178      0.258    25.3633 0.0000e+00
      0.192      0.030     6.5194     79.856     42.142  42.371916     3.1348      7.713   122.2413 9.6766e+01     6.5452      0.193      0.280    25.3493 0.0000e+00
      0.197      0.029     6.5716     79.566     42.139  42.357019     3.1348      7.717   122.4978 9.7644e+01     6.6082      0.195      0.283    25.3191 0.0000e+00
      0.199      0.022     6.5961     79.213     42.156  42.361899     3.1059      7.721   122.6150 9.7315e+01     6.6242      0.192      0.279    25.2927 0.0000e+00
      0.205      0.012     6.5914     78.720     42.171  42.367428     3.0766      7.724   122.7123 9.6782e+01     6.6013      0.199      0.289    25.2775 0.0000e+00
      0.214      0.006     6.5639     78.180     42.168  42.360384     3.0637      7.726   122.9858 9.6288e+01     6.5718      0.214      0.310    25.2671 0.0000e+00
      0.216      0.003     6.5442     77.798     42.150  42.340198     3.0747      7.728   123.2551 9.5520e+01     6.5743      0.217      0.315    25.2558 0.0000e+00
      0.209      0.001     6.5222     77.677     42.128  42.313771     3.1015      7.731   123.3868 9.5191e+01     6.5976      0.205      0.297    25.2364 0.0000e+00
      0.203     -0.002     6.4791     77.626     42.114  42.294722     3.1134      7.735   123.3741 9.5660e+01     6.6139      0.195      0.284    25.2234 0.0000e+00
      0.204     -0.003     6.4282     77.392     42.121  42.300278     3.0939      7.739   123.2735 9.6350e+01     6.6013      0.198      0.287    25.2221 0.0000e+00
      0.208     -0.001     6.3909     76.997     42.136  42.317477     3.0656      7.742   123.2885 9.7048e+01     6.5474      0.206      0.298    25.2207 0.0000e+00
      0.209      0.003     6.3894     76.651     42.126  42.312273     3.0703      7.746   123.4695 9.7662e+01     6.5426      0.207      0.300    25.2158 0.0000e+00
      0.208      0.004     6.3975     76.520     42.111  42.300835     3.0913      7.748   123.6558 9.7728e+01     6.6113      0.204      0.294    25.2066 0.0000e+00
      0.208      0.003     6.3759     76.570     42.114  42.306120     3.0949      7.751   123.8199 9.7119e+01     6.6605      0.202      0.293    25.2034 0.0000e+00
      0.211      0.003     6.3355     76.648     42.117  42.312705     3.0898      7.754   124.0772 9.6204e+01     6.6259      0.207      0.300    25.2078 0.0000e+00
      0.213      0.008     6.3003     76.732     42.118  42.316993     3.0957      7.755   124.5293 9.5242e+01     6.5336      0.211      0.306    25.2151 0.0000e+00
      0.211      0.016     6.2895     76.842     42.096  42.294500     3.1171      7.755   124.9844 9.4494e+01     6.5011      0.206      0.299    25.2204 0.0000e+00
      0.210      0.023     6.3020     76.875     42.039  42.231156     3.1403      7.756   125.1919 9.3957e+01     6.5748      0.203      0.294    25.2205 0.0000e+00
      0.217      0.027     6.3066     76.709     41.999  42.185782     3.1509      7.759   125.3174 9.3202e+01     6.6393      0.210      0.304    25.2260 0.0000e+00
      0.232      0.028     6.3099     76.353     42.003  42.190167     3.1464      7.761   125.4699 9.2313e+01     6.5982      0.227      0.329    25.2328 0.0000e+00
