Data/DataNotYetUploadedToEDI/Raw_CTD/RawDownloads/082624_fcr30_S7809004.cnv
* Sea-Bird SBE19plus  Data File:
* FileName = C:\R\Reservoirs\Data\DataNotYetUploadedToEDI\Raw_CTD\RawDownloads\082624_fcr50_S7809_0004.hex
* Software version 2.8.0.119
* Temperature SN = 7809
* Conductivity SN = 7809
* System UpLoad Time = Aug 27 2024 14:09:59
* <ApplicationData>
* <Seaterm232>
# nquan = 15
# nvalues = 490                         
# units = specified
# name 0 = depFM: Depth [fresh water, m]
# name 1 = dz/dtM: Descent Rate [m/s]
# name 2 = sbeox0Mg/L: Oxygen, SBE 43 [mg/l]
# name 3 = sbeox0PS: Oxygen, SBE 43 [% saturation]
# name 4 = specc: Specific Conductance [uS/cm]
# name 5 = c0uS/cm: Conductivity [uS/cm]
# name 6 = flECO-AFL: Fluorescence, WET Labs ECO-AFL/FL [mg/m^3]
# name 7 = ph: pH
# name 8 = orp: Oxidation Reduction Potential [mV]
# name 9 = par/sat/log: PAR/Logarithmic, Satlantic
# name 10 = turbWETntu0: Turbidity, WET Labs ECO [NTU]
# name 11 = prdM: Pressure, Strain Gauge [db]
# name 12 = prdE: Pressure, Strain Gauge [psi]
# name 13 = tv290C: Temperature [ITS-90, deg C]
# name 14 = flag:  0.000e+00
# span 0 =     -0.577,      5.424       
# span 1 =     -0.184,      0.196       
# span 2 =     0.1264,     8.7178       
# span 3 =      1.361,    104.647       
# span 4 =      1.059,     89.871       
# span 5 =   1.041809,  76.368716       
# span 6 =    -0.1332,    39.7080       
# span 7 =      6.072,      7.794       
# span 8 =  -291.0052,   208.9239       
# span 9 = 1.2363e-01, 2.3490e+03       
# span 10 =    -0.3330,   186.7988      
# span 11 =     -0.567,      5.320      
# span 12 =     -0.822,      7.716      
# span 13 =    12.7543,    25.1215      
# span 14 = 0.0000e+00, 0.0000e+00      
# interval = seconds: 0.25
# start_time = Aug 26 2024 12:31:33 [Instrument's time stamp, header]
# bad_flag = -9.990e-29
*END*
[from data line 97]
      0.227      0.006     6.3498     75.753     42.043  42.116119     2.9578      7.439   109.0076 6.8769e+01     5.6016      0.222      0.322    25.0689 0.0000e+00
      0.228      0.006     6.3373     75.238     42.036  42.115069     2.9642      7.444   109.7596 6.9678e+01     5.6315      0.224      0.324    25.0651 0.0000e+00
      0.229      0.009     6.3228     74.827     42.008  42.091998     2.9552      7.448   110.5516 7.0753e+01     5.6501      0.225      0.326    25.0653 0.0000e+00
      0.231      0.013     6.2938     74.634     42.005  42.091053     2.9409      7.452   111.3563 7.1480e+01     5.6556      0.226      0.328    25.0722 0.0000e+00
      0.235      0.017     6.2514     74.754     42.016  42.103641     2.9320      7.456   112.0908 7.1744e+01     5.6301      0.230      0.333    25.0813 0.0000e+00
      0.241      0.021     6.2023     75.305     42.029  42.117261     2.9228      7.460   112.7209 7.1988e+01     5.5813      0.236      0.342    25.0895 0.0000e+00
      0.247      0.025     6.1650     76.314     42.040  42.128791     2.9138      7.462   113.2960 7.2398e+01     5.5780      0.243      0.352    25.0947 0.0000e+00
      0.254      0.027     6.1469     77.598     42.028  42.116115     2.9061      7.464   113.9680 7.2536e+01     5.6238      0.249      0.361    25.0973 0.0000e+00
      0.261      0.027     6.1523     78.932     42.004  42.090939     2.9045      7.465   114.7373 7.2272e+01     5.6911      0.256      0.371    25.0991 0.0000e+00
      0.269      0.024     6.1946     80.157     41.993  42.078255     2.9108      7.467   115.4562 7.1629e+01     5.6751      0.263      0.382    25.0999 0.0000e+00
      0.278      0.018     6.2858     81.157     42.008  42.089691     2.9158      7.470   115.7770 7.0909e+01     5.6349      0.272      0.395    25.1004 0.0000e+00
      0.284      0.009     6.3988     81.860     42.023  42.102271     2.9399      7.473   115.8625 7.0195e+01     5.6494      0.280      0.406    25.0996 0.0000e+00
      0.288      0.000     6.5127     82.245     42.025  42.103414     2.9860      7.477   116.4037 6.9179e+01     5.6457      0.284      0.413    25.0977 0.0000e+00
      0.285     -0.006     6.6180     82.384     42.025  42.103519     3.0158      7.479   117.3303 6.8746e+01     5.6580      0.282      0.410    25.0959 0.0000e+00
      0.276     -0.007     6.7020     82.324     42.025  42.103529     3.0329      7.481   118.2046 7.0022e+01     5.6610      0.272      0.395    25.0922 0.0000e+00
      0.266     -0.006     6.7629     81.955     42.027  42.103544     3.0434      7.483   119.0592 7.2405e+01     5.6145      0.258      0.374    25.0874 0.0000e+00
      0.263     -0.003     6.7912     81.161     42.030  42.103691     3.0345      7.484   119.9200 7.4392e+01     5.5736      0.254      0.368    25.0858 0.0000e+00
      0.271      0.002     6.7994     80.044     42.034  42.105304     3.0174      7.486   120.6097 7.5106e+01     5.5768      0.265      0.385    25.0870 0.0000e+00
      0.279      0.007     6.7991     78.843     42.054  42.123045     3.0198      7.489   121.2035 7.4932e+01     5.6187      0.276      0.402    25.0882 0.0000e+00
      0.281      0.010     6.7751     77.803     42.060  42.127780     3.0465      7.491   121.7659 7.4093e+01     5.6363      0.277      0.402    25.0861 0.0000e+00
      0.279      0.010     6.7056     77.098     42.034  42.099086     3.0657      7.494   122.2467 7.2324e+01     5.6182      0.273      0.396    25.0808 0.0000e+00
      0.279      0.009     6.6058     76.671     42.031  42.093451     3.0697      7.498   122.7149 7.0033e+01     5.6044      0.271      0.394    25.0774 0.0000e+00
      0.282      0.008     6.5005     76.343     42.065  42.123102     3.0772      7.503   123.1250 6.7829e+01     5.6404      0.275      0.399    25.0761 0.0000e+00
      0.287      0.008     6.4073     76.063     42.087  42.140255     3.0907      7.508   123.5065 6.6386e+01     5.7126      0.281      0.408    25.0746 0.0000e+00
      0.291      0.008     6.3522     75.930     42.062  42.110435     3.0912      7.513   123.8846 6.5893e+01     5.6918      0.286      0.414    25.0722 0.0000e+00
      0.292      0.007     6.3254     76.042     42.038  42.079885     3.0741      7.517   124.2555 6.5963e+01     5.5938      0.288      0.417    25.0681 0.0000e+00
      0.292      0.005     6.2999     76.340     42.053  42.088213     3.0588      7.521   124.8079 6.6420e+01     5.5520      0.287      0.416    25.0633 0.0000e+00
      0.292      0.006     6.2735     76.656     42.058  42.084178     3.0562      7.525   125.8312 6.7040e+01     5.6314      0.285      0.414    25.0584 0.0000e+00
      0.293      0.012     6.2587     76.942     42.015  42.031082     3.0597      7.526   127.1640 6.7735e+01     5.8018      0.286      0.415    25.0516 0.0000e+00
      0.293      0.022     6.2710     77.349     41.951  41.953964     3.0512      7.526   128.1885 6.8365e+01     5.8705      0.288      0.418    25.0435 0.0000e+00
      0.294      0.033     6.3036     78.004     41.923  41.913357     3.0278      7.526   128.8400 6.8361e+01     5.8125      0.286      0.416    25.0359 0.0000e+00
      0.303      0.043     6.3331     78.762     41.941  41.920894     3.0101      7.528   129.3620 6.6878e+01     5.7830      0.291      0.422    25.0263 0.0000e+00
      0.323      0.050     6.3521     79.302     41.946  41.918149     3.0365      7.531   129.8554 6.4617e+01     5.7534      0.317      0.459    25.0143 0.0000e+00
      0.346      0.052     6.3806     79.413     41.913  41.880146     3.1063      7.535   130.3318 6.2958e+01     5.6937      0.344      0.499    24.9983 0.0000e+00
      0.361      0.050     6.4429     79.155     41.879  41.842209     3.1548      7.538   130.6477 6.1760e+01     5.6425      0.356      0.516    24.9808 0.0000e+00
      0.371      0.044     6.5179     78.731     41.879  41.840263     3.1571      7.542   130.9210 6.1007e+01     5.5780      0.364      0.528    24.9684 0.0000e+00
      0.379      0.035     6.5716     78.307     41.897  41.856611     3.1501      7.546   131.4004 6.0481e+01     5.5283      0.373      0.540    24.9600 0.0000e+00
      0.385      0.028     6.5784     77.961     41.891  41.849459     3.1614      7.549   131.9695 6.0082e+01     5.5545      0.379      0.548    24.9542 0.0000e+00
      0.390      0.025     6.5497     77.640     41.861  41.817255     3.1856      7.553   132.4670 6.0392e+01     5.6213      0.382      0.554    24.9499 0.0000e+00
      0.396      0.024     6.5111     77.280     41.830  41.784575     3.2095      7.555   132.9418 6.1326e+01     5.6531      0.387      0.561    24.9466 0.0000e+00
      0.402      0.025     6.4724     76.880     41.818  41.771665     3.2092      7.558   133.4939 6.2567e+01     5.6316      0.394      0.572    24.9448 0.0000e+00
      0.409      0.025     6.4473     76.437     41.836  41.788094     3.1907      7.561   134.1515 6.3993e+01     5.5998      0.401      0.582    24.9437 0.0000e+00
      0.415      0.024     6.4234     75.925     41.842  41.792809     3.1850      7.564   134.7842 6.5334e+01     5.6452      0.407      0.589    24.9420 0.0000e+00
      0.422      0.021     6.3928     75.309     41.815  41.765201     3.1987      7.569   135.2932 6.6410e+01     5.7356      0.414      0.601    24.9399 0.0000e+00
      0.430      0.016     6.3602     74.614     41.822  41.771632     3.2233      7.573   135.7463 6.7249e+01     5.7022      0.423      0.613    24.9381 0.0000e+00
      0.435      0.011     6.3241     73.908     41.858  41.807100     3.2328      7.576   136.2183 6.8015e+01     5.5837      0.427      0.620    24.9371 0.0000e+00
      0.435      0.007     6.2838     73.244     41.864  41.813228     3.2308      7.580   136.6998 6.8624e+01     5.5665      0.429      0.622    24.9363 0.0000e+00
      0.433      0.004     6.2323     72.694     41.833  41.782256     3.2394      7.584   137.1795 6.9034e+01     5.6305      0.425      0.617    24.9352 0.0000e+00
      0.430      0.002     6.1716     72.255     41.802  41.749958     3.2539      7.586   137.5440 6.9637e+01     5.6741      0.420      0.611    24.9341 0.0000e+00
      0.430     -0.001     6.1132     71.791     41.794  41.740057     3.2566      7.588   137.7515 7.0402e+01     5.6498      0.420      0.610    24.9335 0.0000e+00
      0.434     -0.007     6.0556     71.247     41.787  41.726003     3.2469      7.589   137.8809 7.1432e+01     5.5755      0.425      0.616    24.9331 0.0000e+00
      0.438     -0.019     6.0074     70.613     41.782  41.706964     3.2448      7.591   137.7322 7.3253e+01     5.5279      0.431      0.624    24.9332 0.0000e+00
      0.437     -0.043     5.9801     69.911     41.792  41.700245     3.2477      7.591   137.3303 7.5923e+01     5.5181      0.433      0.628    24.9320 0.0000e+00
      0.427     -0.080     5.9410     69.265     41.812  41.708205     3.2407      7.592   136.9793 7.9195e+01     5.5594      0.420      0.610    24.9316 0.0000e+00
      0.409     -0.120     5.8965     68.723     41.850  41.739730     3.2189      7.596   136.6714 8.3592e+01     5.6174      0.404      0.586    24.9238 0.0000e+00
      0.377     -0.154     5.8492     68.403     41.873  41.764057     3.1916      7.601   136.3616 9.1092e+01     5.6043      0.381      0.553    24.9044 0.0000e+00
      0.319     -0.176     5.7841     68.523     41.852  41.748468     3.1770      7.608   136.0722 1.0122e+02     5.5721      0.318      0.462    24.8842 0.0000e+00
      0.248     -0.184     5.7348     69.050     41.838  41.741663     3.1670      7.616   135.7536 1.1051e+02     5.6717      0.237      0.344    24.8670 0.0000e+00
      0.187     -0.179     5.6887     69.749     41.838  41.745263     3.1544      7.624   135.2624 1.1641e+02     5.8530      0.177      0.257    24.8592 0.0000e+00
      0.145     -0.164     5.6500     70.529     41.824  41.728531     3.1497      7.630   134.5218 1.1961e+02     5.8854      0.138      0.199    24.8612 0.0000e+00
      0.115     -0.143     5.6613     71.428     41.836  41.729763     3.1433      7.636   133.9402 1.2353e+02     5.7904      0.111      0.160    24.8694 0.0000e+00
      0.091     -0.122     5.7151     72.427     41.876  41.760133     3.1184      7.644   133.9085 1.3176e+02     5.6939      0.091      0.131    24.8796 0.0000e+00
      0.066     -0.103     5.7730     73.395     41.899  41.778383     3.0824      7.652   134.1390 1.4836e+02     5.6415      0.066      0.096    24.8885 0.0000e+00
      0.036     -0.086     5.8354     74.179     41.879  41.760018     3.0741      7.658   134.3184 1.7050e+02     5.6687      0.035      0.051    24.8837 0.0000e+00
      0.007     -0.068     5.9123     74.712     41.844  41.728488     3.0925      7.663   134.6143 1.8598e+02     5.6815      0.002      0.003    24.8657 0.0000e+00
     -0.012     -0.049     6.0001     74.972     41.828  41.714494     3.0882      7.669   135.5661 1.8467e+02     5.6255     -0.018     -0.025    24.8531 0.0000e+00
     -0.018     -0.033     6.0881     74.998     41.833  41.717762     3.0647      7.675   136.7057 1.7424e+02     5.5725     -0.020     -0.029    24.8482 0.0000e+00
     -0.015     -0.019     6.1521     74.809     41.825  41.704530     3.0493      7.680   136.8650 1.7073e+02     5.5866     -0.015     -0.022    24.8501 0.0000e+00
     -0.010     -0.011     6.1980     74.403     41.806  41.681436     3.0528      7.685   136.4600 1.7314e+02     5.6592     -0.008     -0.012    24.8558 0.0000e+00
     -0.010     -0.009     6.2168     73.922     41.819  41.692397     3.0560      7.688   136.2825 1.7762e+02     5.7328     -0.007     -0.010    24.8607 0.0000e+00
     -0.015     -0.011     6.2173     73.535     41.838  41.710120     3.0379      7.690   136.3533 1.8738e+02     5.7946     -0.013     -0.020    24.8584 0.0000e+00
     -0.023     -0.015     6.2066     73.261     41.833  41.705318     3.0253      7.693   136.5414 1.9705e+02     5.8259     -0.023     -0.035    24.8497 0.0000e+00
     -0.030     -0.017     6.1667     72.999     41.826  41.697802     3.0200      7.696   136.7497 2.0055e+02     5.8379     -0.030     -0.044    24.8444 0.0000e+00
     -0.033     -0.016     6.1214     72.662     41.811  41.682709     3.0157      7.700   136.9788 2.0098e+02     5.8369     -0.032     -0.047    24.8418 0.0000e+00
     -0.036     -0.013     6.0888     72.230     41.777  41.649770     3.0321      7.703   137.1606 2.0153e+02     5.7450     -0.035     -0.051    24.8417 0.0000e+00
     -0.039     -0.008     6.0706     71.706     41.744  41.616884     3.0520      7.705   137.3139 2.0230e+02     5.6154     -0.038     -0.055    24.8420 0.0000e+00
     -0.041     -0.002     6.0516     71.080     41.730  41.602423     3.0565      7.706   137.8850 2.0305e+02     5.5679     -0.041     -0.060    24.8404 0.0000e+00
     -0.042      0.004     6.0239     70.363     41.730  41.601859     3.0612      7.708   138.8174 2.0302e+02     5.5805     -0.042     -0.062    24.8406 0.0000e+00
     -0.041      0.012     5.9874     69.618     41.739  41.610055     3.0755      7.709   139.4676 2.0077e+02     5.6312     -0.042     -0.061    24.8419 0.0000e+00
     -0.036      0.021     5.9447     68.905     41.832  41.701522     3.0871      7.709   139.8959 1.9809e+02     5.6682     -0.037     -0.053    24.8422 0.0000e+00
     -0.030      0.031     5.8932     68.470     42.017  41.882695     3.0768      7.705   140.3824 1.9564e+02     5.6179     -0.029     -0.042    24.8419 0.0000e+00
     -0.021      0.041     5.8311     69.347     42.164  42.023490     3.0589      7.699   141.1331 1.9063e+02     5.5700     -0.021     -0.030    24.8408 0.0000e+00
     -0.010      0.052     5.7677     72.883     42.219  42.071028     3.0619      7.691   142.1758 1.8407e+02     5.6699     -0.011     -0.015    24.8394 0.0000e+00
      0.005      0.062     5.7083     78.937     42.231  42.076649     3.0802      7.685   143.0093 1.7364e+02     5.8679      0.003      0.005    24.8375 0.0000e+00
      0.022      0.072     5.6453     85.892     42.248  42.091442     3.0894      7.681   143.3808 1.5750e+02     5.9144      0.021      0.032    24.8357 0.0000e+00
      0.041      0.077     5.6546     92.324     42.282  42.122950     3.0815      7.679   143.6571 1.4175e+02     5.8230      0.039      0.058    24.8303 0.0000e+00
      0.065      0.079     5.9556     97.595     42.303  42.140264     3.0765      7.679   144.1128 1.2859e+02     5.7536      0.062      0.090    24.8186 0.0000e+00
      0.091      0.078     6.5251    101.488     42.277  42.110367     3.0787      7.680   144.5027 1.1779e+02     5.6898      0.090      0.132    24.8089 0.0000e+00
      0.113      0.074     7.1423    103.842     42.248  42.078810     3.0828      7.683   144.6710 1.1144e+02     5.6665      0.113      0.164    24.8080 0.0000e+00
      0.128      0.069     7.6916    104.647     42.252  42.076046     3.0843      7.685   144.8568 1.0719e+02     5.6425      0.126      0.182    24.8077 0.0000e+00
      0.142      0.063     8.1309    104.183     42.263  42.076941     3.0638      7.687   145.1155 1.0199e+02     5.5711      0.138      0.200    24.8013 0.0000e+00
      0.157      0.057     8.4623    102.968     42.285  42.089611     3.0432      7.688   145.3895 9.7062e+01     5.5885      0.154      0.223    24.7970 0.0000e+00
      0.172      0.054     8.6588    101.579     42.305  42.102294     3.0437      7.690   145.7602 9.3884e+01     5.6825      0.170      0.247    24.7944 0.0000e+00
      0.186      0.052     8.7178    100.367     42.309  42.103335     3.0367      7.692   146.1562 9.2339e+01     5.7166      0.183      0.268    24.7870 0.0000e+00
      0.197      0.050     8.6664     99.414     42.309  42.102191     3.0243      7.693   146.4774 9.1151e+01     5.6591      0.193      0.281    24.7737 0.0000e+00
