Data/DataNotYetUploadedToEDI/Raw_CTD/RawDownloads/082624_bvr50_S8188001.cnv
* Sea-Bird SBE19plus  Data File:
* FileName = C:\R\Reservoirs\Data\DataNotYetUploadedToEDI\Raw_CTD\RawDownloads\082624_bvr50_S8188_0001.hex
* Software version 2.8.0.119
* Temperature SN = 8188
* Conductivity SN = 8188
* System UpLoad Time = Aug 27 2024 14:26:46
* <ApplicationData>
* <Seaterm232>
# nquan = 16
# nvalues = 2304                        
# units = specified
# name 0 = depFM: Depth [fresh water, m]
# name 1 = dz/dtM: Descent Rate [m/s]
# name 2 = sbeox0Mg/L: Oxygen, SBE 43 [mg/l]
# name 3 = sbeox0PS: Oxygen, SBE 43 [% saturation]
# name 4 = specc: Specific Conductance [uS/cm]
# name 5 = c0uS/cm: Conductivity [uS/cm]
# name 6 = wetCDOM: Fluorescence, WET Labs CDOM [mg/m^3]
# name 7 = flECO-AFL: Fluorescence, WET Labs ECO-AFL/FL [mg/m^3]
# name 8 = flECO-AFL1: Fluorescence, WET Labs ECO-AFL/FL, 2 [mg/m^3]
# name 9 = flECO-AFL2: Fluorescence, WET Labs ECO-AFL/FL, 3 [mg/m^3]
# name 10 = par/sat/log: PAR/Logarithmic, Satlantic
# name 11 = turbWETntu0: Turbidity, WET Labs ECO [NTU]
# name 12 = prdM: Pressure, Strain Gauge [db]
# name 13 = prdE: Pressure, Strain Gauge [psi]
# name 14 = tv290C: Temperature [ITS-90, deg C]
# name 15 = flag:  0.000e+00
# span 0 =     -0.631,      9.363       
# span 1 =     -0.206,      0.142       
# span 2 =     0.0337,    11.9323       
# span 3 =      0.335,    144.490       
# span 4 =   -676.824,    209.404       
# span 5 =-482.904866, 147.400332       
# span 6 =    -4.5000,    69.5700       
# span 7 =    -0.2808,   245.1606       
# span 8 =    -6.3474,     4.4304       
# span 9 =   -12.8169,    21.2769       
# span 10 = 1.1580e-01, 1.3795e+03      
# span 11 =    -9.1317,    74.8903      
# span 12 =     -0.619,      9.182      
# span 13 =     -0.898,     13.317      
# span 14 =    10.1907,    25.1165      
# span 15 = 0.0000e+00, 0.0000e+00      
# interval = seconds: 0.25
# start_time = Aug 26 2024 09:32:49 [Instrument's time stamp, header]
# bad_flag = -9.990e-29
*END*
[from data line 272]
      0.242      0.033    10.0079    121.172     29.737  29.801607    22.9500     7.3182     0.0852     1.3536 5.9369e+02     3.2405      0.237      0.344    25.1031 0.0000e+00
      0.251      0.033    10.0041    121.123     29.731  29.795545    22.9500     7.3106     0.0852     1.3536 4.2641e+02     3.2707      0.246      0.356    25.1022 0.0000e+00
      0.259      0.033     9.9994    121.064     29.730  29.793283    22.9500     7.3297     0.0852     1.3536 4.9046e+02     3.3764      0.254      0.369    25.1015 0.0000e+00
      0.268      0.033     9.9938    120.995     29.729  29.792227    22.9500     7.3259     0.0852     1.3536 3.9924e+02     3.3160      0.262      0.380    25.1008 0.0000e+00
      0.275      0.033     9.9897    120.944     29.729  29.792093    23.0400     7.3411     0.0852     1.2690 6.6905e+02     3.2405      0.270      0.391    25.1001 0.0000e+00
      0.282      0.032     9.9898    120.943     29.730  29.792848    23.0400     7.3221     0.0852     1.2690 4.6091e+02     3.2254      0.277      0.401    25.0995 0.0000e+00
      0.289      0.031     9.9942    120.995     29.732  29.794692    23.0400     7.3411     0.0852     1.2690 4.4506e+02     3.3160      0.283      0.410    25.0989 0.0000e+00
      0.295      0.030    10.0012    121.080     29.732  29.794133    23.0400     7.3068     0.0852     1.2690 4.0739e+02     3.2103      0.289      0.419    25.0983 0.0000e+00
      0.300      0.029    10.0091    121.176     29.725  29.787041    23.0400     7.4098     0.0852     1.2690 4.8264e+02     3.1196      0.294      0.427    25.0979 0.0000e+00
      0.305      0.027    10.0164    121.265     29.716  29.777498    23.0400     7.4098     0.1278     1.2690 4.6483e+02     3.2405      0.300      0.434    25.0975 0.0000e+00
      0.311      0.025    10.0218    121.331     29.710  29.770924    23.0400     7.3983     0.1278     1.2690 4.7370e+02     3.2556      0.305      0.442    25.0972 0.0000e+00
      0.316      0.023    10.0248    121.368     29.705  29.765568    23.0400     7.3945     0.1278     1.2690 4.2939e+02     3.1952      0.310      0.450    25.0968 0.0000e+00
      0.322      0.022    10.0265    121.389     29.691  29.752035    23.0400     7.4479     0.1278     1.2690 4.5041e+02     3.1952      0.316      0.458    25.0964 0.0000e+00
      0.329      0.022    10.0286    121.415     29.666  29.726716    23.0400     7.4327     0.1278     1.3959 4.2613e+02     3.2405      0.323      0.468    25.0960 0.0000e+00
      0.336      0.023    10.0312    121.447     29.639  29.698792    23.0400     7.4441     0.1278     1.3959 3.9450e+02     3.2556      0.330      0.478    25.0955 0.0000e+00
      0.344      0.024    10.0340    121.480     29.619  29.678738    23.0400     7.4670     0.1278     1.3959 4.0518e+02     3.3764      0.337      0.489    25.0948 0.0000e+00
      0.352      0.025    10.0362    121.507     29.614  29.673157    23.0400     7.5433     0.1278     1.3959 3.6457e+02     3.4218      0.345      0.501    25.0940 0.0000e+00
      0.360      0.027    10.0368    121.515     29.618  29.676577    23.0400     7.5815     0.0852     1.3113 4.2623e+02     3.2707      0.353      0.512    25.0930 0.0000e+00
      0.368      0.028    10.0355    121.502     29.620  29.677961    23.0400     7.5662     0.0852     1.3113 3.6960e+02     3.3160      0.361      0.523    25.0920 0.0000e+00
      0.375      0.029    10.0332    121.475     29.620  29.677678    23.0400     7.5662     0.0852     1.3113 2.8421e+02     3.1498      0.368      0.534    25.0910 0.0000e+00
      0.383      0.030    10.0302    121.441     29.623  29.679636    23.0400     7.5357     0.0852     1.3113 2.8762e+02     3.2556      0.376      0.544    25.0900 0.0000e+00
      0.390      0.030    10.0274    121.408     29.624  29.680374    23.0400     7.5090     0.1278     1.3113 2.6128e+02     3.2858      0.383      0.555    25.0891 0.0000e+00
      0.398      0.030    10.0257    121.388     29.620  29.676105    23.0400     7.5013     0.1278     1.3113 2.9574e+02     3.2707      0.391      0.566    25.0882 0.0000e+00
      0.407      0.030    10.0249    121.376     29.614  29.669675    23.0400     7.5242     0.1278     1.3113 3.2078e+02     3.2254      0.399      0.578    25.0871 0.0000e+00
      0.416      0.030    10.0236    121.359     29.609  29.663350    23.0400     7.4594     0.1278     1.3113 3.1340e+02     3.2556      0.408      0.591    25.0859 0.0000e+00
      0.425      0.031    10.0220    121.338     29.602  29.655445    23.0400     7.4556     0.1278     1.3113 4.4111e+02     3.2707      0.417      0.605    25.0845 0.0000e+00
      0.435      0.032    10.0212    121.324     29.595  29.647835    23.1300     7.4365     0.1278     1.3959 3.7953e+02     3.2707      0.426      0.618    25.0829 0.0000e+00
      0.445      0.034    10.0210    121.318     29.591  29.642473    23.1300     7.4327     0.1278     1.3959 3.3839e+02     3.2405      0.436      0.632    25.0811 0.0000e+00
      0.455      0.035    10.0208    121.313     29.587  29.637929    23.1300     7.4670     0.1278     1.3959 3.5396e+02     3.2103      0.446      0.647    25.0792 0.0000e+00
      0.465      0.037    10.0201    121.300     29.580  29.629008    23.1300     7.4479     0.1278     1.3959 3.3699e+02     3.2858      0.456      0.661    25.0774 0.0000e+00
      0.475      0.038    10.0190    121.283     29.565  29.613332    23.0400     7.4518     0.0852     1.2690 3.7755e+02     3.3462      0.466      0.676    25.0757 0.0000e+00
      0.485      0.039    10.0183    121.270     29.551  29.598669    23.0400     7.4212     0.0852     1.2690 3.1566e+02     3.1498      0.476      0.690    25.0742 0.0000e+00
      0.495      0.039    10.0183    121.266     29.547  29.593057    23.0400     7.6501     0.0852     1.2690 3.7065e+02     3.4369      0.485      0.704    25.0728 0.0000e+00
      0.505      0.039    10.0174    121.251     29.549  29.595000    23.0400     7.6272     0.0852     1.2690 3.0693e+02     3.4671      0.495      0.718    25.0714 0.0000e+00
      0.515      0.040    10.0128    121.191     29.552  29.597051    23.0400     7.6082     0.0852     1.2690 3.7218e+02     3.4822      0.505      0.733    25.0699 0.0000e+00
      0.526      0.040    10.0037    121.077     29.560  29.603738    23.0400     7.6234     0.0852     1.2690 3.3736e+02     3.5426      0.516      0.748    25.0683 0.0000e+00
      0.537      0.040     9.9920    120.930     29.574  29.616846    23.0400     7.6539     0.0852     1.2690 3.1313e+02     3.2405      0.527      0.764    25.0668 0.0000e+00
      0.548      0.041     9.9797    120.774     29.582  29.623938    23.0400     7.6310     0.0852     1.2690 3.8981e+02     3.1801      0.538      0.780    25.0652 0.0000e+00
      0.559      0.041     9.9677    120.622     29.582  29.622922    23.1300     7.6501     0.0852     1.3113 2.8445e+02     3.2405      0.548      0.795    25.0636 0.0000e+00
      0.570      0.042     9.9565    120.479     29.577  29.617510    23.1300     7.6272     0.0852     1.3113 2.7135e+02     3.1952      0.559      0.810    25.0620 0.0000e+00
      0.580      0.042     9.9464    120.351     29.571  29.610241    23.1300     7.6310     0.0852     1.3113 3.1883e+02     3.1498      0.569      0.825    25.0605 0.0000e+00
      0.589      0.042     9.9386    120.252     29.564  29.603161    23.1300     7.6082     0.0852     1.3113 2.6111e+02     3.1801      0.578      0.838    25.0593 0.0000e+00
      0.598      0.041     9.9349    120.203     29.556  29.594381    23.1300     7.6082     0.0852     1.3113 3.0760e+02     3.2707      0.587      0.851    25.0584 0.0000e+00
      0.606      0.040     9.9359    120.213     29.548  29.585543    23.1300     7.6387     0.1278     1.2690 2.5263e+02     3.2405      0.594      0.862    25.0576 0.0000e+00
      0.613      0.038     9.9410    120.273     29.541  29.578274    23.1300     7.7417     0.1278     1.2690 2.4838e+02     3.2103      0.602      0.872    25.0569 0.0000e+00
      0.620      0.035     9.9485    120.365     29.538  29.574616    23.1300     7.7607     0.1278     1.2690 2.5351e+02     3.2405      0.608      0.882    25.0564 0.0000e+00
      0.626      0.033     9.9561    120.457     29.541  29.577578    23.1300     7.7722     0.1278     1.2690 2.2647e+02     3.3311      0.615      0.891    25.0560 0.0000e+00
      0.632      0.030     9.9621    120.529     29.543  29.579984    23.1300     7.7455     0.1278     1.2690 2.7023e+02     3.2103      0.620      0.899    25.0558 0.0000e+00
      0.638      0.028     9.9666    120.581     29.538  29.574509    23.1300     7.8637     0.1278     1.2690 2.4084e+02     3.1196      0.626      0.907    25.0558 0.0000e+00
      0.643      0.026     9.9697    120.615     29.531  29.567660    23.1300     7.8599     0.1278     1.2690 2.7774e+02     3.2707      0.631      0.915    25.0558 0.0000e+00
      0.648      0.024     9.9707    120.623     29.533  29.569558    23.1300     7.8943     0.1278     1.2690 2.4941e+02     3.4520      0.636      0.922    25.0557 0.0000e+00
      0.654      0.023     9.9693    120.601     29.544  29.580710    23.0400     7.8561     0.0852     1.2690 2.5796e+02     3.2103      0.642      0.930    25.0557 0.0000e+00
      0.659      0.022     9.9655    120.552     29.556  29.592141    23.0400     7.9515     0.0852     1.2690 2.5684e+02     3.2254      0.647      0.938    25.0557 0.0000e+00
      0.664      0.022     9.9599    120.480     29.554  29.590968    23.0400     7.9324     0.0852     1.2690 2.5639e+02     3.1801      0.652      0.945    25.0557 0.0000e+00
      0.670      0.021     9.9532    120.395     29.540  29.576877    23.0400     7.8943     0.0852     1.2690 2.2989e+02     3.2254      0.657      0.953    25.0557 0.0000e+00
      0.675      0.021     9.9456    120.298     29.529  29.566025    23.0400     7.9133     0.0852     1.2690 2.7106e+02     3.2707      0.663      0.961    25.0556 0.0000e+00
      0.681      0.021     9.9362    120.179     29.523  29.559503    23.1300     7.9896     0.1278     1.3113 2.3423e+02     3.2103      0.668      0.969    25.0555 0.0000e+00
      0.687      0.022     9.9248    120.034     29.511  29.547604    23.1300     7.9896     0.1278     1.3113 2.8725e+02     3.3160      0.674      0.977    25.0554 0.0000e+00
      0.693      0.022     9.9122    119.875     29.499  29.535122    23.1300     8.0125     0.1278     1.3113 2.2677e+02     3.2707      0.680      0.986    25.0551 0.0000e+00
      0.700      0.023     9.9003    119.722     29.491  29.526693    23.1300     7.9935     0.1278     1.3113 2.4469e+02     3.3009      0.686      0.995    25.0547 0.0000e+00
      0.707      0.023     9.8918    119.609     29.485  29.520071    23.1300     7.9477     0.1278     1.1844 2.7599e+02     3.3009      0.693      1.005    25.0543 0.0000e+00
      0.713      0.024     9.8884    119.552     29.482  29.517472    23.1300     7.9362     0.1278     1.1844 2.3246e+02     3.3160      0.700      1.015    25.0538 0.0000e+00
      0.720      0.025     9.8897    119.545     29.487  29.522186    23.1300     7.9133     0.1278     1.1844 2.3220e+02     3.1498      0.706      1.024    25.0532 0.0000e+00
      0.727      0.025     9.8932    119.557     29.493  29.527504    23.1300     7.9629     0.1278     1.1844 2.2731e+02     3.2707      0.713      1.034    25.0527 0.0000e+00
      0.734      0.026     9.8941    119.532     29.493  29.526878    23.1300     8.2681     0.0852     1.2267 2.3891e+02     3.4973      0.719      1.043    25.0520 0.0000e+00
      0.741      0.026     9.8886    119.418     29.491  29.524126    23.1300     8.2643     0.0852     1.2267 2.1306e+02     3.4067      0.727      1.054    25.0513 0.0000e+00
      0.749      0.027     9.8747    119.184     29.486  29.518511    23.1300     8.2262     0.0852     1.2267 2.4941e+02     3.4369      0.735      1.065    25.0505 0.0000e+00
      0.757      0.028     9.8527    118.822     29.476  29.508539    23.1300     8.2262     0.0852     1.2267 1.9258e+02     3.4067      0.743      1.077    25.0498 0.0000e+00
      0.765      0.029     9.8240    118.336     29.471  29.503496    23.2200     8.2490     0.0852     1.3536 2.4016e+02     3.3764      0.750      1.088    25.0493 0.0000e+00
      0.772      0.029     9.7889    117.731     29.474  29.506023    23.2200     8.2300     0.0852     1.3536 2.0316e+02     3.2405      0.757      1.099    25.0488 0.0000e+00
      0.779      0.029     9.7464    117.031     29.477  29.508826    23.2200     8.2605     0.0852     1.3536 2.1539e+02     3.3160      0.764      1.108    25.0484 0.0000e+00
      0.786      0.029     9.6985    116.303     29.477  29.508671    23.2200     8.2376     0.0852     1.3536 2.0798e+02     3.2858      0.771      1.118    25.0480 0.0000e+00
      0.793      0.029     9.6512    115.642     29.470  29.501532    23.2200     8.2262     0.0852     1.3536 2.1264e+02     3.2254      0.777      1.128    25.0478 0.0000e+00
      0.800      0.029     9.6120    115.136     29.458  29.489490    23.1300     8.2033     0.1278     1.4805 2.3004e+02     3.3009      0.784      1.137    25.0476 0.0000e+00
      0.807      0.028     9.5863    114.831     29.450  29.481282    23.1300     8.2605     0.1278     1.4805 1.9507e+02     3.2254      0.791      1.148    25.0474 0.0000e+00
      0.815      0.028     9.5751    114.707     29.443  29.474718    23.1300     8.2109     0.1278     1.4805 2.2940e+02     3.3311      0.799      1.159    25.0472 0.0000e+00
      0.822      0.028     9.5748    114.699     29.441  29.472032    23.1300     8.1155     0.1278     1.4805 1.9570e+02     3.5124      0.806      1.170    25.0470 0.0000e+00
      0.830      0.028     9.5810    114.743     29.445  29.476490    23.1300     8.1232     0.1278     1.4805 2.1595e+02     3.5275      0.814      1.181    25.0468 0.0000e+00
      0.838      0.029     9.5902    114.800     29.450  29.481316    23.1300     8.1193     0.1278     1.4805 1.9388e+02     3.4369      0.821      1.192    25.0466 0.0000e+00
      0.845      0.029     9.5993    114.848     29.453  29.483813    23.1300     8.1193     0.1278     1.4805 2.0223e+02     3.5275      0.829      1.202    25.0464 0.0000e+00
      0.853      0.029     9.6063    114.872     29.454  29.484647    23.1300     8.0392     0.1278     1.4805 1.8951e+02     3.5728      0.836      1.213    25.0461 0.0000e+00
      0.860      0.030     9.6099    114.857     29.458  29.488024    23.1300     8.0659     0.1278     1.3113 1.9643e+02     3.4369      0.844      1.224    25.0458 0.0000e+00
      0.868      0.030     9.6098    114.796     29.465  29.494844    23.1300     8.0392     0.1278     1.3113 1.8371e+02     3.4369      0.851      1.235    25.0454 0.0000e+00
      0.876      0.030     9.6074    114.699     29.465  29.494976    23.1300     8.0392     0.1278     1.3113 1.8624e+02     3.4369      0.860      1.247    25.0449 0.0000e+00
      0.885      0.030     9.6054    114.595     29.459  29.488456    23.1300     8.2300     0.1278     1.3113 1.8248e+02     3.2707      0.868      1.259    25.0441 0.0000e+00
      0.894      0.031     9.6060    114.517     29.461  29.489477    23.2200     8.2338     0.1278     1.3113 1.8355e+02     3.2103      0.877      1.271    25.0430 0.0000e+00
      0.902      0.032     9.6081    114.463     29.504  29.532166    23.2200     8.2452     0.1278     1.3113 1.7582e+02     3.1952      0.885      1.283    25.0414 0.0000e+00
      0.910      0.032     9.6096    114.410     29.590  29.615956    23.2200     8.2414     0.1278     1.3113 1.9447e+02     3.3160      0.893      1.295    25.0390 0.0000e+00
      0.918      0.033     9.6113    114.363     29.649  29.673576    23.2200     8.3139     0.1278     1.3113 1.7782e+02     3.4671      0.900      1.305    25.0360 0.0000e+00
