Data/DataNotYetUploadedToEDI/Raw_CTD/RawDownloads/082624_fcr20_S7809003.cnv
* Sea-Bird SBE19plus  Data File:
* FileName = C:\R\Reservoirs\Data\DataNotYetUploadedToEDI\Raw_CTD\RawDownloads\082624_fcr50_S7809_0003.hex
* Software version 2.8.0.119
* Temperature SN = 7809
* Conductivity SN = 7809
* System UpLoad Time = Aug 27 2024 14:09:38
* <ApplicationData>
* <Seaterm232>
# nquan = 15
# nvalues = 466                         
# units = specified
# name 0 = depFM: Depth [fresh water, m]
# name 1 = dz/dtM: Descent Rate [m/s]
# name 2 = sbeox0Mg/L: Oxygen, SBE 43 [mg/l]
# name 3 = sbeox0PS: Oxygen, SBE 43 [% saturation]
# name 4 = specc: Specific Conductance [uS/cm]
# name 5 = c0uS/cm: Conductivity [uS/cm]
# name 6 = flECO-AFL: Fluorescence, WET Labs ECO-AFL/FL [mg/m^3]
# name 7 = ph: pH
# name 8 = orp: Oxidation Reduction Potential [mV]
# name 9 = par/sat/log: PAR/Logarithmic, Satlantic
# name 10 = turbWETntu0: Turbidity, WET Labs ECO [NTU]
# name 11 = prdM: Pressure, Strain Gauge [db]
# name 12 = prdE: Pressure, Strain Gauge [psi]
# name 13 = tv290C: Temperature [ITS-90, deg C]
# name 14 = flag:  0.000e+00
# span 0 =     -0.576,      3.452       
# span 1 =     -0.088,      0.229       
# span 2 =     0.1305,     8.7577       
# span 3 =      1.491,    104.795       
# span 4 =      1.128,    197.472       
# span 5 =   1.138078, 166.233588       
# span 6 =    -0.0807,    28.1553       
# span 7 =      6.942,      7.631       
# span 8 =   101.1943,   529.1090       
# span 9 = 1.5144e+01, 2.2696e+03       
# span 10 =    -0.4554,   957.7604      
# span 11 =     -0.565,      3.385      
# span 12 =     -0.820,      4.910      
# span 13 =    17.0318,    25.4970      
# span 14 = 0.0000e+00, 0.0000e+00      
# interval = seconds: 0.25
# start_time = Aug 26 2024 12:20:31 [Instrument's time stamp, header]
# bad_flag = -9.990e-29
*END*
[from data line 386]
      2.220      0.066     7.0228     80.813     42.416  40.778634     7.1103      7.628   209.6296 8.6565e+01     6.2594      2.177      3.158    23.1358 0.0000e+00
      2.235      0.069     7.0181     80.121     42.413  40.764924     7.0951      7.628   209.8586 8.4803e+01     6.3482      2.192      3.179    23.1074 0.0000e+00
      2.250      0.074     7.0088     79.388     42.440  40.765147     7.1056      7.627   209.9959 8.3018e+01     6.3496      2.208      3.201    23.0822 0.0000e+00
      2.268      0.079     6.9780     78.687     42.497  40.781288     7.1871      7.626   210.1714 8.0637e+01     6.4467      2.222      3.223    23.0672 0.0000e+00
      2.291      0.081     6.9253     78.004     42.590  40.833094     7.3146      7.626   210.4315 7.7793e+01     6.6332      2.245      3.255    23.0667 0.0000e+00
      2.319      0.078     6.8658     77.196     42.672  40.883756     7.3751      7.627   210.7324 7.5131e+01     6.7605      2.274      3.299    23.0602 0.0000e+00
      2.344      0.072     6.8034     76.108     42.692  40.886075     7.3696      7.628   211.0563 7.3171e+01     6.8250      2.302      3.339    23.0274 0.0000e+00
      2.362      0.062     6.7505     74.736     42.675  40.861120     7.3052      7.630   211.2501 7.2099e+01     6.8323      2.319      3.364    22.9748 0.0000e+00
      2.372      0.052     6.7028     73.185     42.653  40.835869     7.1878      7.630   211.3549 7.1309e+01     6.8142      2.326      3.374    22.9263 0.0000e+00
      2.381      0.045     6.6440     71.567     42.654  40.834621     7.1066      7.630   211.5494 7.0524e+01     6.7767      2.335      3.386    22.8952 0.0000e+00
      2.388      0.043     6.5526     70.054     42.673  40.846029     7.0813      7.631   211.7080 6.9932e+01     6.7890      2.343      3.398    22.8756 0.0000e+00
      2.396      0.045     6.4303     68.845     42.686  40.846860     7.0988      7.631   211.8109 6.9044e+01     6.8265      2.348      3.405    22.8678 0.0000e+00
      2.408      0.051     6.2965     68.061     42.693  40.844659     7.3428      7.630   212.0193 6.7553e+01     6.8199      2.359      3.422    22.8638 0.0000e+00
      2.425      0.060     6.1510     67.624     42.675  40.819398     7.7838      7.629   212.4206 6.6129e+01     6.8120      2.380      3.450    22.8631 0.0000e+00
      2.441      0.070     6.0150     67.309     42.668  40.795283     8.0199      7.629   212.8770 6.5005e+01     6.7650      2.394      3.472    22.8583 0.0000e+00
      2.456      0.080     5.9087     66.987     42.719  40.806925     8.0427      7.628   213.2358 6.3566e+01     6.7640      2.406      3.490    22.8392 0.0000e+00
      2.477      0.086     5.8440     66.542     42.809  40.833173     8.1504      7.628   213.5752 6.1556e+01     7.1077      2.426      3.520    22.8280 0.0000e+00
      2.505      0.087     5.8174     65.679     42.911  40.858701     8.3560      7.628   213.9693 5.9201e+01     7.7094      2.455      3.561    22.8253 0.0000e+00
      2.535      0.083     5.7948     64.100     42.969  40.861607     8.4732      7.627   214.4725 5.7060e+01     8.0269      2.488      3.608    22.8071 0.0000e+00
      2.560      0.080     5.7720     61.740     42.994  40.868238     8.4856      7.625   215.0130 5.5633e+01     8.0084      2.514      3.645    22.7665 0.0000e+00
      2.576      0.081     5.7527     58.762     43.076  40.938856     8.5057      7.624   215.4291 5.4803e+01     7.8284      2.529      3.668    22.6949 0.0000e+00
      2.586      0.087     5.7006     55.575     43.268  41.080785     8.5580      7.622   215.6318 5.4151e+01     7.5236      2.536      3.680    22.5957 0.0000e+00
      2.597      0.096     5.5721     52.670     43.543  41.251446     8.5860      7.619   215.8283 5.2908e+01     7.3293      2.542      3.686    22.5221 0.0000e+00
      2.622      0.104     5.3647     50.168     43.779  41.352052     8.5688      7.619   216.2571 5.0423e+01     7.2900      2.563      3.718    22.5161 0.0000e+00
      2.662      0.108     5.0934     47.674     43.891  41.345017     8.4580      7.619   216.7724 4.7379e+01     7.1509      2.610      3.785    22.5312 0.0000e+00
      2.706      0.103     4.8004     44.608     43.913  41.293167     8.2708      7.618   217.2400 4.5000e+01     6.9104      2.659      3.855    22.4905 0.0000e+00
      2.740      0.089     4.5552     40.684     43.876  41.232760     8.1861      7.616   217.5230 4.3661e+01     6.8422      2.693      3.906    22.3794 0.0000e+00
      2.760      0.069     4.3647     36.075     43.808  41.185809     8.2000      7.614   217.6996 4.3134e+01     6.8734      2.711      3.931    22.2181 0.0000e+00
      2.765      0.049     4.1827     31.407     43.749  41.169775     8.2968      7.612   217.9125 4.3067e+01     6.8772      2.714      3.936    22.0753 0.0000e+00
      2.765      0.035     3.9293     27.559     43.702  41.165895     8.4748      7.611   218.0320 4.3038e+01     6.9222      2.711      3.931    21.9939 0.0000e+00
      2.767      0.031     3.5828     25.116     43.713  41.202412     8.5703      7.610   218.1120 4.2728e+01     7.0073      2.710      3.932    21.9627 0.0000e+00
      2.773      0.036     3.1600     24.266     43.893  41.357479     8.5865      7.608   218.2778 4.2140e+01     7.0864      2.717      3.942    21.9927 0.0000e+00
      2.783      0.048     2.7138     24.909     44.313  41.644509     8.7117      7.607   218.5738 4.1401e+01     7.0925      2.728      3.957    22.0486 0.0000e+00
      2.798      0.061     2.3596     26.601     44.785  41.880134    10.1015      7.606   218.9377 4.0535e+01     7.2523      2.742      3.977    22.0988 0.0000e+00
      2.817      0.070     2.1405     28.475     45.057  41.921256    12.6392      7.605   219.2349 3.9519e+01     7.6524      2.761      4.005    22.1352 0.0000e+00
      2.839      0.075     2.0676     29.329     45.220  41.950996    14.0343      7.603   219.5000 3.8312e+01     7.9343      2.783      4.036    22.1439 0.0000e+00
      2.862      0.075     2.1415     28.175     45.449  42.112612    14.4353      7.601   219.7353 3.7084e+01     8.0633      2.806      4.070    22.0413 0.0000e+00
      2.884      0.072     2.3271     24.898     45.692  42.288550    17.3963      7.599   219.8432 3.6127e+01     8.6663      2.830      4.104    21.7544 0.0000e+00
      2.901      0.070     2.5480     20.419     45.977  42.491438    22.7765      7.597   219.8578 3.5442e+01     9.7248      2.848      4.129    21.4630 0.0000e+00
      2.915      0.071     2.6651     15.953     46.714  43.105803    25.6695      7.596   219.9114 3.4885e+01    10.2720      2.859      4.148    21.3464 0.0000e+00
      2.927      0.077     2.5693     12.075     49.814  45.844905    25.5414      7.593   220.0609 3.4270e+01    10.3645      2.869      4.162    21.3349 0.0000e+00
      2.942      0.085     2.2480      8.862     55.287  50.659834    21.4190      7.590   220.3753 3.3329e+01    11.1165      2.882      4.180    21.2789 0.0000e+00
      2.964      0.090     1.8034      6.333     58.613  53.387555    13.8380      7.588   220.8728 3.1943e+01    12.4634      2.903      4.211    21.1926 0.0000e+00
      2.996      0.091     1.3968      4.575     59.376  53.745757     9.6959      7.585   221.1726 3.0307e+01    13.1912      2.937      4.259    21.1580 0.0000e+00
      3.032      0.091     1.0552      3.607     62.896  56.705011     9.2152      7.581   221.0744 2.8903e+01    13.2204      2.977      4.318    21.0500 0.0000e+00
      3.058      0.091     0.7708      3.083     72.804  65.411382     8.1252      7.573   220.8895 2.8179e+01    12.7481      3.005      4.359    20.8664 0.0000e+00
      3.070      0.091     0.5470      2.594     85.798  76.602199     6.2212      7.563   220.9169 2.7864e+01    11.9214      3.012      4.368    20.5559 0.0000e+00
      3.079      0.089     0.3840      2.085     93.729  82.943691     5.1962      7.552   221.1474 2.7143e+01    11.5263      3.014      4.371    20.1839 0.0000e+00
      3.101      0.086     0.3130      1.685     94.424  82.833706     5.0704      7.539   221.2676 2.5788e+01    11.4892      3.036      4.403    20.0614 0.0000e+00
      3.135      0.084     0.2839      1.491     92.624  80.804651     4.6254      7.527   221.2514 2.4339e+01    10.8237      3.076      4.462    20.0106 0.0000e+00
      3.167      0.082     0.2384      1.519     92.363  80.414245     3.8276      7.515   221.2103 2.3325e+01     9.4926      3.111      4.512    19.7362 0.0000e+00
      3.187      0.077     0.1882      1.659     93.641  81.483903     3.3814      7.502   221.0283 2.2702e+01     8.6824      3.127      4.536    19.2447 0.0000e+00
      3.200      0.071     0.1502      1.808     95.380  82.927104     3.3245      7.489   220.6843 2.2257e+01     8.5769      3.139      4.553    18.7846 0.0000e+00
      3.211      0.066     0.1305      1.946     98.481  85.462478     3.3232      7.476   219.9778 2.1903e+01     8.6951      3.149      4.567    18.5506 0.0000e+00
      3.223      0.068     0.1390      2.069    102.396  88.540960     3.3414      7.462   218.5947 2.1399e+01     8.8816      3.158      4.579    18.5086 0.0000e+00
      3.239      0.077     0.1562      2.168    105.005  90.315072     3.3690      7.448   212.9097 2.0766e+01     8.9532      3.176      4.606    18.5159 0.0000e+00
      3.259      0.086     0.1696      2.266    106.127  90.754235     3.3997      7.434   195.2924 2.0131e+01     9.1166      3.194      4.633    18.4792 0.0000e+00
      3.284      0.091     0.1827      2.350    106.542  90.669050     3.4712      7.419   169.8348 1.9283e+01    10.8921      3.216      4.664    18.4182 0.0000e+00
      3.318      0.089     0.1965      2.406    106.589  90.429761     4.2251      7.404   151.2625 1.8315e+01    30.4890      3.253      4.719    18.2698 0.0000e+00
      3.349      0.082     0.2043      2.475    107.117  90.787285     5.6153      7.394   142.1263 1.7657e+01    66.4850      3.290      4.771    18.0087 0.0000e+00
      3.368      0.073     0.2157      2.546    109.281  92.637470     6.3551      7.385   136.5466 1.7382e+01    85.9385      3.308      4.797    17.7354 0.0000e+00
      3.378      0.061     0.2271      2.596    112.551  95.366027     6.2788      7.379   132.4975 1.7193e+01    85.7144      3.312      4.804    17.5215 0.0000e+00
      3.386      0.049     0.2288      2.622    115.607  97.815643     4.6927      7.374   129.4766 1.6933e+01    64.1845      3.319      4.814    17.3800 0.0000e+00
      3.397      0.039     0.2378      2.644    125.932 106.409532     1.7514      7.372   126.8657 1.6632e+01    24.4305      3.331      4.830    17.3485 0.0000e+00
      3.410      0.034     0.2449      2.682    148.657 125.518032     0.1298      7.371   124.4188 1.6342e+01     2.7024      3.345      4.851    17.3986 0.0000e+00
      3.420      0.030     0.2498      2.718    172.300 145.367711    -0.0237      7.370   122.0030 1.6165e+01     0.6889      3.356      4.867    17.3855 0.0000e+00
      3.425      0.026     0.2521      2.739    188.570 158.920714    -0.0298      7.368   119.3390 1.6076e+01     0.3936      3.359      4.873    17.2947 0.0000e+00
      3.429      0.022     0.2526      2.710    197.472 166.233588    -0.0274      7.368   116.2987 1.5969e+01     0.1568      3.362      4.877    17.2332 0.0000e+00
      3.433      0.018     0.2589      2.643    193.238 162.539566    -0.0284      7.367   113.3778 1.5823e+01     0.0123      3.366      4.883    17.2198 0.0000e+00
      3.437      0.014     0.2610      2.572    176.273 148.263526    -0.0257      7.366   111.2109 1.5633e+01    -0.0220      3.370      4.889    17.1908 0.0000e+00
      3.442      0.012     0.2662      2.482    165.858 139.643479    -0.0273      7.366   109.5444 1.5457e+01    -0.0188      3.375      4.895    17.1373 0.0000e+00
      3.446      0.010     0.2635      2.387    161.694 136.302176    -0.0483      7.367   107.9408 1.5386e+01    -0.0176      3.379      4.902    17.0825 0.0000e+00
      3.447      0.008     0.2535      2.304    145.069 122.385787    -0.0623      7.367   106.5344 1.5383e+01    -0.0408      3.381      4.904    17.0410 0.0000e+00
      3.447      0.006     0.2501      2.208    126.382 106.742934    -0.0548      7.366   105.2736 1.5368e+01    -0.0602      3.380      4.903    17.0318 0.0000e+00
      3.448      0.004     0.2392      2.090    120.028 101.549912    -0.0587      7.365   103.9682 1.5327e+01    -0.0816      3.381      4.905    17.0885 0.0000e+00
      3.450      0.004     0.2289      2.028    119.722 101.378371    -0.0673      7.365   103.3123 1.5267e+01    -0.0947      3.383      4.906    17.1597 0.0000e+00
      3.450 -9.990e-29     0.2224 -9.990e-29 -9.990e-29 -9.990e-29 -9.990e-29 -9.990e-29 -9.990e-29 1.5192e+01 -9.990e-29      3.383      4.906    17.1737 0.0000e+00
      3.451 -9.990e-29     0.2143 -9.990e-29 -9.990e-29 -9.990e-29 -9.990e-29 -9.990e-29 -9.990e-29 1.5145e+01 -9.990e-29      3.384      4.908    17.2130 0.0000e+00
      3.452 -9.990e-29     0.1995 -9.990e-29 -9.990e-29 -9.990e-29 -9.990e-29 -9.990e-29 -9.990e-29 1.5144e+01 -9.990e-29      3.385      4.909    17.3125 0.0000e+00
      3.452 -9.990e-29     0.1878 -9.990e-29 -9.990e-29 -9.990e-29 -9.990e-29 -9.990e-29 -9.990e-29 1.5153e+01 -9.990e-29      3.385      4.910    17.3698 0.0000e+00
