Data/DataNotYetUploadedToEDI/Raw_CTD/RawDownloads/082624_fcr10_S7809002.cnv
* Sea-Bird SBE19plus  Data File:
* FileName = C:\R\Reservoirs\Data\DataNotYetUploadedToEDI\Raw_CTD\RawDownloads\082624_fcr50_S7809_0002.hex
* Software version 2.8.0.119
* Temperature SN = 7809
* Conductivity SN = 7809
* System UpLoad Time = Aug 27 2024 14:09:19
* <ApplicationData>
* <Seaterm232>
# nquan = 15
# nvalues = 694                         
# units = specified
# name 0 = depFM: Depth [fresh water, m]
# name 1 = dz/dtM: Descent Rate [m/s]
# name 2 = sbeox0Mg/L: Oxygen, SBE 43 [mg/l]
# name 3 = sbeox0PS: Oxygen, SBE 43 [% saturation]
# name 4 = specc: Specific Conductance [uS/cm]
# name 5 = c0uS/cm: Conductivity [uS/cm]
# name 6 = flECO-AFL: Fluorescence, WET Labs ECO-AFL/FL [mg/m^3]
# name 7 = ph: pH
# name 8 = orp: Oxidation Reduction Potential [mV]
# name 9 = par/sat/log: PAR/Logarithmic, Satlantic
# name 10 = turbWETntu0: Turbidity, WET Labs ECO [NTU]
# name 11 = prdM: Pressure, Strain Gauge [db]
# name 12 = prdE: Pressure, Strain Gauge [psi]
# name 13 = tv290C: Temperature [ITS-90, deg C]
# name 14 = flag:  0.000e+00
# span 0 =     -0.584,      2.129       
# span 1 =     -0.130,      3.244       
# span 2 =     4.6619,     8.2657       
# span 3 =     56.785,     99.835       
# span 4 =      1.344,     44.070       
# span 5 =   1.458703,  44.514305       
# span 6 =    -0.1611,   119.9468       
# span 7 =      5.888,      7.391       
# span 8 = -1240.7455,   238.9379       
# span 9 = 4.0897e+01, 2.3739e+03       
# span 10 =    -0.4348,    72.7919      
# span 11 =     -0.573,      2.088      
# span 12 =     -0.831,      3.029      
# span 13 =    23.0165,    31.2493      
# span 14 = 0.0000e+00, 0.0000e+00      
# interval = seconds: 0.25
# start_time = Aug 26 2024 12:10:12 [Instrument's time stamp, header]
# bad_flag = -9.990e-29
*END*
[from data line 579]
      1.124      0.019     7.2086     85.676     42.492  41.475032     5.7778      7.290   229.5561 6.2946e+01     6.0729      1.100      1.596    23.7911 0.0000e+00
      1.132      0.023     7.2207     85.560     42.472  41.446424     5.6871      7.291   229.4912 6.3293e+01     6.0960      1.110      1.609    23.8039 0.0000e+00
      1.142      0.027     7.2254     85.360     42.446  41.408470     5.6319      7.294   229.5397 6.3365e+01     6.0608      1.122      1.627    23.8101 0.0000e+00
      1.151      0.029     7.2336     85.221     42.447  41.396923     5.6172      7.297   229.6264 6.3473e+01     6.0234      1.128      1.638    23.8061 0.0000e+00
      1.158      0.031     7.2462     85.183     42.490  41.433723     5.6101      7.299   229.7648 6.3417e+01     6.0533      1.134      1.645    23.7977 0.0000e+00
      1.164      0.032     7.2324     85.202     42.526  41.472612     5.6208      7.300   230.0084 6.3092e+01     6.1149      1.141      1.655    23.7889 0.0000e+00
      1.171      0.035     7.2122     85.213     42.533  41.486323     5.6472      7.303   230.1630 6.2648e+01     6.1195      1.148      1.666    23.7727 0.0000e+00
      1.180      0.039     7.2026     85.208     42.513  41.472586     5.6458      7.306   230.1720 6.2140e+01     6.0755      1.156      1.677    23.7537 0.0000e+00
      1.191      0.044     7.2018     85.224     42.473  41.433457     5.6459      7.308   230.1168 6.1624e+01     6.0945      1.167      1.692    23.7469 0.0000e+00
      1.204      0.050     7.2048     85.269     42.441  41.394015     5.6896      7.309   230.0977 6.1195e+01     6.2120      1.181      1.713    23.7543 0.0000e+00
      1.218      0.055     7.2049     85.357     42.437  41.376489     5.7339      7.310   230.1992 6.0681e+01     6.3351      1.195      1.733    23.7666 0.0000e+00
      1.231      0.059     7.2006     85.508     42.427  41.348464     5.7573      7.311   230.3980 6.0061e+01     6.3541      1.206      1.750    23.7734 0.0000e+00
      1.246      0.061     7.2032     85.725     42.406  41.309002     5.7805      7.312   230.6078 5.9334e+01     6.3381      1.219      1.767    23.7725 0.0000e+00
      1.266      0.060     7.2078     86.020     42.396  41.280128     5.8147      7.312   230.6715 5.8547e+01     6.4157      1.241      1.800    23.7639 0.0000e+00
      1.285      0.058     7.2159     86.362     42.387  41.253198     5.8380      7.312   230.5651 5.8069e+01     6.5065      1.263      1.832    23.7458 0.0000e+00
      1.299      0.054     7.2332     86.676     42.386  41.237232     5.8545      7.313   230.5263 5.7788e+01     6.5476      1.274      1.847    23.7239 0.0000e+00
      1.310      0.051     7.2527     86.877     42.373  41.213987     5.9384      7.315   230.7193 5.7445e+01     6.5036      1.285      1.863    23.6998 0.0000e+00
      1.320      0.048     7.2823     86.884     42.328  41.162530     6.0701      7.316   231.0915 5.7248e+01     6.3493      1.296      1.879    23.6784 0.0000e+00
      1.330      0.048     7.3167     86.665     42.300  41.122788     6.1318      7.315   231.4981 5.7185e+01     6.2538      1.303      1.890    23.6573 0.0000e+00
      1.341      0.051     7.3483     86.290     42.309  41.114240     6.1272      7.314   231.8503 5.7056e+01     6.2703      1.314      1.904    23.6356 0.0000e+00
      1.356      0.055     7.3697     85.845     42.333  41.122621     6.1140      7.312   232.1670 5.6983e+01     6.2764      1.329      1.927    23.6255 0.0000e+00
      1.371      0.057     7.3727     85.342     42.377  41.160636     6.0219      7.309   232.4874 5.6974e+01     6.1913      1.344      1.950    23.6197 0.0000e+00
      1.388      0.058     7.3537     84.825     42.407  41.193080     5.8460      7.307   232.7988 5.6891e+01     6.0951      1.360      1.972    23.6044 0.0000e+00
      1.405      0.056     7.3204     84.312     42.405  41.197575     5.7441      7.307   233.0923 5.6742e+01     6.0686      1.379      1.999    23.5802 0.0000e+00
      1.420      0.052     7.2881     83.755     42.415  41.214992     5.7302      7.307   233.3699 5.6458e+01     6.0417      1.395      2.021    23.5601 0.0000e+00
      1.432      0.050     7.2435     83.239     42.408  41.213277     5.7192      7.306   233.5738 5.6052e+01     6.0441      1.406      2.039    23.5541 0.0000e+00
      1.441      0.049     7.1967     82.935     42.373  41.176843     5.7026      7.305   233.6645 5.5602e+01     6.0635      1.414      2.051    23.5613 0.0000e+00
      1.450      0.049     7.1567     82.866     42.363  41.155269     5.6873      7.305   233.6922 5.5088e+01     6.0367      1.421      2.061    23.5715 0.0000e+00
      1.463      0.052     7.1053     82.938     42.366  41.142801     5.6844      7.306   233.7365 5.4581e+01     6.0612      1.433      2.079    23.5791 0.0000e+00
      1.478      0.056     7.0522     83.070     42.390  41.153007     5.7171      7.308   233.7708 5.4151e+01     6.1208      1.449      2.102    23.5878 0.0000e+00
      1.493      0.059     7.0263     83.192     42.464  41.215187     5.7751      7.309   233.8485 5.3692e+01     6.1426      1.463      2.123    23.5889 0.0000e+00
      1.510      0.060     7.0279     83.344     42.523  41.259930     5.8115      7.311   233.9867 5.3119e+01     6.1200      1.480      2.145    23.5714 0.0000e+00
      1.529      0.057     7.0377     83.658     42.527  41.249719     5.8156      7.313   234.0659 5.2622e+01     6.0523      1.502      2.177    23.5472 0.0000e+00
      1.545      0.050     7.0545     84.098     42.504  41.218630     5.8664      7.316   234.1177 5.2353e+01     6.0073      1.517      2.200    23.5334 0.0000e+00
      1.556      0.040     7.0656     84.498     42.489  41.201356     5.9766      7.319   234.1820 5.2103e+01     5.9853      1.526      2.214    23.5256 0.0000e+00
      1.566      0.030     7.0724     84.753     42.517  41.231256     6.0324      7.321   234.2415 5.1884e+01     5.9574      1.537      2.230    23.5098 0.0000e+00
      1.572      0.021     7.1039     84.781     42.547  41.262812     6.0339      7.321   234.3220 5.1908e+01     5.9098      1.543      2.237    23.4908 0.0000e+00
      1.573      0.016     7.1504     84.571     42.551  41.265577     6.0203      7.322   234.4662 5.2016e+01     5.8869      1.543      2.238    23.4790 0.0000e+00
      1.573      0.013     7.1859     84.235     42.552  41.264683     5.9920      7.324   234.6941 5.2059e+01     5.9880      1.543      2.237    23.4767 0.0000e+00
      1.575      0.013     7.2099     83.858     42.540  41.251999     5.9746      7.325   234.8405 5.2094e+01     6.1079      1.544      2.239    23.4823 0.0000e+00
      1.580      0.015     7.2139     83.473     42.522  41.239151     5.9762      7.325   234.8600 5.2030e+01     6.1409      1.548      2.246    23.4872 0.0000e+00
      1.585      0.019     7.1897     83.074     42.509  41.236279     5.9786      7.325   235.0161 5.1901e+01     6.1144      1.555      2.256    23.4860 0.0000e+00
      1.589      0.025     7.1600     82.643     42.479  41.217290     5.9111      7.326   235.3506 5.1813e+01     6.0608      1.560      2.262    23.4811 0.0000e+00
      1.594      0.031     7.1282     82.297     42.456  41.199968     5.8013      7.326   235.6358 5.1704e+01     6.0732      1.563      2.266    23.4774 0.0000e+00
      1.602      0.038     7.0933     82.152     42.474  41.217253     5.7502      7.325   235.7107 5.1580e+01     6.1276      1.570      2.277    23.4825 0.0000e+00
      1.612      0.043     7.0615     82.195     42.498  41.235875     5.7506      7.325   235.6541 5.1460e+01     6.1379      1.578      2.290    23.4982 0.0000e+00
      1.627      0.047     7.0171     82.410     42.503  41.234711     5.8480      7.325   235.6405 5.1369e+01     6.1295      1.594      2.312    23.5125 0.0000e+00
      1.643      0.050     6.9817     82.779     42.476  41.203173     6.0295      7.327   235.7179 5.1269e+01     6.0941      1.612      2.338    23.5188 0.0000e+00
      1.658      0.052     6.9728     83.221     42.451  41.171879     6.1390      7.328   235.9014 5.1154e+01     6.0858      1.627      2.360    23.5168 0.0000e+00
      1.669      0.055     6.9771     83.642     42.461  41.173664     6.1636      7.327   236.1377 5.1096e+01     6.1313      1.638      2.376    23.5092 0.0000e+00
      1.679      0.058     6.9960     83.977     42.458  41.161279     6.2270      7.327   236.2523 5.1048e+01     6.2004      1.647      2.389    23.5018 0.0000e+00
      1.691      0.059     7.0315     84.188     42.459  41.149041     6.3482      7.328   236.2552 5.0822e+01     6.2724      1.657      2.403    23.4957 0.0000e+00
      1.708      0.059     7.0727     84.244     42.484  41.152609     6.4145      7.328   236.3446 5.0322e+01     6.2514      1.674      2.427    23.4882 0.0000e+00
      1.730      0.058     7.1120     84.176     42.495  41.140916     6.4207      7.329   236.4727 4.9729e+01     6.2532      1.698      2.463    23.4786 0.0000e+00
      1.751      0.055     7.1424     84.095     42.508  41.134567     6.3980      7.330   236.4275 4.9294e+01     6.2934      1.720      2.494    23.4697 0.0000e+00
      1.764      0.052     7.1633     84.030     42.523  41.139284     6.3480      7.333   236.3152 4.9013e+01     6.2250      1.732      2.512    23.4547 0.0000e+00
      1.770      0.049     7.1723     83.905     42.523  41.134465     6.3243      7.335   236.3191 4.8708e+01     6.1437      1.734      2.517    23.4295 0.0000e+00
      1.777      0.048     7.1641     83.691     42.543  41.139765     6.3282      7.335   236.3880 4.8343e+01     6.1310      1.739      2.523    23.4001 0.0000e+00
      1.789      0.048     7.1600     83.391     42.568  41.139877     6.3943      7.337   236.4604 4.7856e+01     6.4472      1.753      2.543    23.3742 0.0000e+00
      1.804      0.050     7.1604     82.994     42.591  41.135785     6.5239      7.339   236.5056 4.7310e+01     7.0628      1.771      2.568    23.3635 0.0000e+00
      1.819      0.052     7.1494     82.546     42.631  41.153713     6.5977      7.341   236.5038 4.6882e+01     7.3917      1.784      2.587    23.3662 0.0000e+00
      1.834      0.051     7.1323     82.107     42.657  41.166217     6.6131      7.343   236.5256 4.6546e+01     7.3829      1.798      2.608    23.3519 0.0000e+00
      1.848      0.048     7.1128     81.629     42.724  41.223486     6.6096      7.344   236.6836 4.6293e+01     7.2988      1.813      2.630    23.3168 0.0000e+00
      1.860      0.045     7.0825     81.072     42.854  41.338401     6.5056      7.345   236.8648 4.6181e+01     7.2278      1.825      2.646    23.2831 0.0000e+00
      1.868      0.043     7.0428     80.457     42.944  41.413242     6.3202      7.346   236.9099 4.6215e+01     7.2078      1.834      2.659    23.2570 0.0000e+00
      1.875      0.041     7.0114     79.821     42.971  41.430226     6.2167      7.347   236.8849 4.6221e+01     7.1942      1.838      2.665    23.2452 0.0000e+00
      1.885      0.039     6.9724     79.187     42.959  41.416800     6.2187      7.347   236.9060 4.6070e+01     7.1318      1.847      2.678    23.2403 0.0000e+00
      1.900      0.036     6.9244     78.524     42.914  41.377843     6.2864      7.349   236.9930 4.5917e+01     6.9659      1.864      2.704    23.2293 0.0000e+00
      1.912      0.033     6.8744     77.784     42.869  41.340006     6.4024      7.351   237.0772 4.5847e+01     6.8283      1.876      2.722    23.2118 0.0000e+00
      1.919      0.030     6.8189     76.959     42.864  41.340132     6.4812      7.353   237.1488 4.5836e+01     6.8347      1.883      2.731    23.1984 0.0000e+00
      1.924      0.027     6.7677     76.163     42.901  41.379368     6.5064      7.355   237.2573 4.5878e+01     6.8718      1.889      2.739    23.1982 0.0000e+00
      1.928      0.025     6.7107     75.553     42.958  41.433610     6.5667      7.356   237.3565 4.5853e+01     7.0035      1.890      2.741    23.2042 0.0000e+00
      1.932      0.025     6.6487     75.147     43.020  41.488231     6.6776      7.358   237.3155 4.5685e+01     7.2661      1.893      2.746    23.2110 0.0000e+00
      1.939      0.026     6.5732     74.908     43.074  41.532041     6.7560      7.360   237.2774 4.5431e+01     7.4849      1.901      2.757    23.2166 0.0000e+00
      1.947      0.029     6.4975     74.870     43.139  41.582494     6.7905      7.360   237.4122 4.5144e+01     7.5986      1.909      2.770    23.2224 0.0000e+00
      1.956      0.032     6.4462     75.015     43.230  41.653967     6.8211      7.361   237.5684 4.4936e+01     7.7872      1.919      2.784    23.2225 0.0000e+00
      1.964      0.036     6.4152     75.210     43.290  41.698040     6.8345      7.362   237.7032 4.4829e+01     8.0921      1.926      2.794    23.2145 0.0000e+00
      1.971      0.037     6.3930     75.334     43.338  41.734552     6.8195      7.363   237.8382 4.4629e+01     8.2103      1.932      2.802    23.2072 0.0000e+00
      1.981      0.037     6.3907     75.279     43.396  41.778079     6.8143      7.364   237.9099 4.4294e+01     8.2257      1.941      2.816    23.1936 0.0000e+00
      1.994      0.036     6.4124     74.993     43.419  41.780038     6.8539      7.365   237.9675 4.3977e+01     8.4835      1.956      2.837    23.1716 0.0000e+00
      2.006      0.033     6.4335     74.501     43.410  41.758198     6.9166      7.365   238.0186 4.3737e+01     8.8340      1.969      2.856    23.1522 0.0000e+00
      2.013      0.028     6.4493     73.857     43.350  41.704402     6.9476      7.366   238.0125 4.3568e+01     8.9441      1.976      2.866    23.1458 0.0000e+00
      2.018      0.023     6.4474     73.112     43.266  41.637342     6.9454      7.367   237.9795 4.3486e+01     8.8930      1.980      2.872    23.1365 0.0000e+00
      2.022      0.018     6.4252     72.286     43.262  41.645552     6.9573      7.368   237.9627 4.3464e+01     8.8990      1.983      2.877    23.1040 0.0000e+00
      2.025      0.015     6.3846     71.461     43.357  41.740212     6.9911      7.369   237.9813 4.3429e+01     8.9824      1.986      2.880    23.0826 0.0000e+00
      2.027      0.015     6.3255     70.769     43.524  41.893332     7.0126      7.371   238.0332 4.3401e+01     9.0471      1.988      2.883    23.0922 0.0000e+00
      2.031      0.016     6.2603     70.320     43.696  42.037118     7.0178      7.373   238.0734 4.3410e+01     8.9989      1.991      2.888    23.1139 0.0000e+00
      2.036      0.018     6.1852     70.210     43.775  42.082376     7.0207      7.373   238.1237 4.3362e+01     8.9112      1.996      2.895    23.1305 0.0000e+00
      2.041      0.019     6.1087     70.402     43.777  42.059682     7.0970      7.374   238.2973 4.3250e+01     9.0117      2.002      2.903    23.1328 0.0000e+00
      2.046      0.019     6.0486     70.678     43.742  42.016573     7.2587      7.375   238.4518 4.3170e+01     9.2580      2.006      2.911    23.1290 0.0000e+00
      2.052      0.018     6.0079     70.713     43.660  41.941945     7.3612      7.375   238.4429 4.3140e+01     9.3959      2.012      2.918    23.1022 0.0000e+00
      2.057      0.016     6.0047     70.242     43.556  41.855525     7.3961      7.376   238.3610 4.3130e+01     9.4152      2.018      2.927    23.0573 0.0000e+00
      2.062      0.014     6.0319     69.300     43.477  41.796795     7.6132      7.378   238.2362 4.3139e+01     9.4218      2.023      2.934    23.0272 0.0000e+00
      2.065      0.013     6.0667     68.163     43.471  41.803075     8.0306      7.380   238.1379 4.3142e+01     9.5098      2.025      2.937    23.0165 0.0000e+00
      2.066      0.013     6.0804     67.079     43.531  41.868008     8.2816      7.381   238.1192 4.3064e+01     9.6248      2.025      2.938    23.0223 0.0000e+00
