Data/DataNotYetUploadedToEDI/Raw_CTD/RawDownloads/082624_fcr10_S7809002.cnv
* Sea-Bird SBE19plus  Data File:
* FileName = C:\R\Reservoirs\Data\DataNotYetUploadedToEDI\Raw_CTD\RawDownloads\082624_fcr50_S7809_0002.hex
* Software version 2.8.0.119
* Temperature SN = 7809
* Conductivity SN = 7809
* System UpLoad Time = Aug 27 2024 14:09:19
* <ApplicationData>
* <Seaterm232>
# nquan = 15
# nvalues = 694                         
# units = specified
# name 0 = depFM: Depth [fresh water, m]
# name 1 = dz/dtM: Descent Rate [m/s]
# name 2 = sbeox0Mg/L: Oxygen, SBE 43 [mg/l]
# name 3 = sbeox0PS: Oxygen, SBE 43 [% saturation]
# name 4 = specc: Specific Conductance [uS/cm]
# name 5 = c0uS/cm: Conductivity [uS/cm]
# name 6 = flECO-AFL: Fluorescence, WET Labs ECO-AFL/FL [mg/m^3]
# name 7 = ph: pH
# name 8 = orp: Oxidation Reduction Potential [mV]
# name 9 = par/sat/log: PAR/Logarithmic, Satlantic
# name 10 = turbWETntu0: Turbidity, WET Labs ECO [NTU]
# name 11 = prdM: Pressure, Strain Gauge [db]
# name 12 = prdE: Pressure, Strain Gauge [psi]
# name 13 = tv290C: Temperature [ITS-90, deg C]
# name 14 = flag:  0.000e+00
# span 0 =     -0.584,      2.129       
# span 1 =     -0.130,      3.244       
# span 2 =     4.6619,     8.2657       
# span 3 =     56.785,     99.835       
# span 4 =      1.344,     44.070       
# span 5 =   1.458703,  44.514305       
# span 6 =    -0.1611,   119.9468       
# span 7 =      5.888,      7.391       
# span 8 = -1240.7455,   238.9379       
# span 9 = 4.0897e+01, 2.3739e+03       
# span 10 =    -0.4348,    72.7919      
# span 11 =     -0.573,      2.088      
# span 12 =     -0.831,      3.029      
# span 13 =    23.0165,    31.2493      
# span 14 = 0.0000e+00, 0.0000e+00      
# interval = seconds: 0.25
# start_time = Aug 26 2024 12:10:12 [Instrument's time stamp, header]
# bad_flag = -9.990e-29
*END*
[from data line 386]
      0.368     -0.003     4.6828     56.785     43.878  44.163233     4.7606      6.987   216.6324 9.0333e+01     5.6319      0.362      0.525    25.3381 0.0000e+00
      0.368     -0.005     4.6762     56.810     43.928  44.206301     4.7091      6.987   216.7115 9.0079e+01     5.5291      0.361      0.524    25.3321 0.0000e+00
      0.366     -0.005     4.6696     56.864     43.983  44.260683     4.6836      6.988   216.7918 9.0062e+01     5.5432      0.359      0.520    25.3321 0.0000e+00
      0.362     -0.006     4.6647     56.940     43.966  44.249487     4.6936      6.989   216.9154 9.0300e+01     5.6324      0.355      0.514    25.3264 0.0000e+00
      0.359     -0.007     4.6619     57.035     43.843  44.134404     4.6551      6.990   217.0015 9.0779e+01     5.6174      0.352      0.510    25.3191 0.0000e+00
      0.359     -0.007     4.6666     57.087     43.772  44.075266     4.5425      6.990   216.9723 9.1523e+01     5.4631      0.352      0.511    25.3083 0.0000e+00
      0.358     -0.008     4.6713     57.073     43.725  44.042280     4.4723      6.991   216.8208 9.2593e+01     5.3378      0.352      0.510    25.3071 0.0000e+00
      0.357     -0.010     4.6756     57.032     43.726  44.052976     4.4643      6.995   216.7176 9.4038e+01     5.3320      0.350      0.508    25.3170 0.0000e+00
      0.355     -0.014     4.6859     56.985     43.934  44.268066     4.4704      6.998   216.4998 9.5858e+01     5.3935      0.349      0.507    25.3216 0.0000e+00
      0.351     -0.022     4.6904     57.144     43.979  44.357798     4.4799      6.999   215.9937 9.7711e+01     5.4326      0.345      0.501    25.3397 0.0000e+00
      0.345     -0.034     4.6834     57.948     43.564  44.058883     4.4705      6.997   215.5017 9.9296e+01     5.3946      0.338      0.489    25.3601 0.0000e+00
      0.338     -0.046     4.6817     59.589     43.167  43.764389     4.4569      6.993   215.5418 1.0173e+02     5.3439      0.331      0.479    25.3724 0.0000e+00
      0.328     -0.051     4.6742     61.839     43.127  43.717125     4.4563      6.986   216.4785 1.0670e+02     5.3665      0.326      0.473    25.3655 0.0000e+00
      0.308     -0.046     4.6678     64.265     43.361  43.868252     4.4631      6.976   217.4494 1.1153e+02     5.4285      0.307      0.445    25.3738 0.0000e+00
      0.282     -0.035     4.7110     66.448     43.571  44.004652     4.4649      6.970   217.6443 1.1313e+02     5.4441      0.273      0.396    25.5622 0.0000e+00
      0.264     -0.020     4.8374     68.292     43.492  43.906295     4.4528      6.968   217.4586 1.1191e+02     5.4189      0.250      0.363    25.7605 0.0000e+00
      0.265     -0.006     5.0376     70.000     43.327  43.758061     4.4423      6.967   217.1833 1.0828e+02     5.3976      0.253      0.368    25.7075 0.0000e+00
      0.281      0.005     5.2637     71.601     43.370  43.799269     4.4378      6.967   216.9823 1.0517e+02     5.3916      0.278      0.403    25.5694 0.0000e+00
      0.297      0.008     5.4570     72.948     43.557  43.960215     4.4393      6.969   216.9210 1.0315e+02     5.4141      0.296      0.428    25.4653 0.0000e+00
      0.302      0.003     5.5970     73.970     43.539  43.926711     4.4519      6.970   217.0455 1.0111e+02     5.3970      0.299      0.434    25.4435 0.0000e+00
      0.297     -0.007     5.7306     74.701     43.304  43.711513     4.4486      6.968   217.5402 1.0071e+02     5.3214      0.293      0.426    25.5123 0.0000e+00
      0.287     -0.012     5.8705     75.487     43.303  43.706855     4.3828      6.964   217.9985 1.0200e+02     5.3532      0.280      0.407    25.5012 0.0000e+00
      0.275     -0.009     5.9856     77.109     43.411  43.743455     4.2890      6.960   218.0263 1.0529e+02     5.5078      0.270      0.390    25.4528 0.0000e+00
      0.265     -0.002     6.0755     80.054     43.260  43.519180     4.2548      6.959   217.8772 1.0906e+02     5.6203      0.255      0.370    25.4129 0.0000e+00
      0.267      0.007     6.1218     83.576     43.207  43.407037     4.2696      6.961   217.8303 1.1097e+02     5.6197      0.254      0.369    25.4681 0.0000e+00
      0.282      0.014     6.1540     86.419     43.426  43.529996     4.2766      6.965   217.7170 1.1286e+02     5.5687      0.278      0.403    25.5202 0.0000e+00
      0.296      0.016     6.2779     88.113     43.545  43.545832     4.2638      6.970   217.6261 1.1671e+02     5.5498      0.296      0.429    25.3581 0.0000e+00
      0.301      0.014     6.5591     88.846     43.596  43.534888     4.2567      6.976   217.8493 1.2094e+02     5.5970      0.295      0.429    25.2749 0.0000e+00
      0.300      0.009     6.9017     88.911     43.752  43.651471     4.2740      6.981   218.1788 1.2324e+02     5.6605      0.293      0.425    25.2619 0.0000e+00
      0.296      0.001     7.1609     88.498     43.817  43.685905     4.3066      6.983   218.3410 1.2265e+02     5.5674      0.291      0.422    25.1170 0.0000e+00
      0.293     -0.006     7.3120     87.719     43.703  43.570336     4.3431      6.986   218.1752 1.1805e+02     5.3592      0.285      0.413    24.9661 0.0000e+00
      0.293     -0.010     7.3692     86.683     43.642  43.523614     4.3653      6.991   217.8949 1.1188e+02     5.2946      0.286      0.416    24.9204 0.0000e+00
      0.295     -0.014     7.3751     85.540     43.737  43.628811     4.3665      6.996   217.7910 1.0808e+02     5.3326      0.292      0.424    24.8805 0.0000e+00
      0.292     -0.016     7.3457     84.410     43.808  43.699752     4.3584      7.004   217.6941 1.0686e+02     5.4092      0.289      0.420    24.8268 0.0000e+00
      0.284     -0.017     7.2771     83.268     43.794  43.683138     4.3416      7.012   217.4970 1.0764e+02     5.5379      0.278      0.403    24.8361 0.0000e+00
      0.274     -0.018     7.1832     81.995     43.790  43.681830     4.3218      7.019   217.2149 1.1007e+02     5.5559      0.267      0.388    24.8624 0.0000e+00
      0.268     -0.018     7.0813     80.527     43.781  43.683942     4.3102      7.024   216.8644 1.1361e+02     5.4909      0.262      0.381    24.8760 0.0000e+00
      0.267     -0.016     6.9902     78.961     43.786  43.708686     4.3097      7.029   216.6139 1.1801e+02     5.4684      0.263      0.380    24.8734 0.0000e+00
      0.267     -0.011     6.9008     77.466     43.783  43.727144     4.3747      7.034   216.5096 1.2351e+02     5.4555      0.264      0.382    24.8635 0.0000e+00
      0.263     -0.007     6.7983     76.132     43.691  43.653247     4.4963      7.039   216.5500 1.2748e+02     5.4031      0.258      0.374    24.8667 0.0000e+00
      0.259     -0.003     6.6713     74.960     43.666  43.640389     4.5487      7.041   216.8441 1.2624e+02     5.3475      0.252      0.366    24.8794 0.0000e+00
      0.258      0.002     6.5323     73.895     43.779  43.762124     4.5253      7.041   217.1399 1.2097e+02     5.3299      0.252      0.365    24.9035 0.0000e+00
      0.259      0.009     6.4030     72.947     43.796  43.792196     4.4626      7.039   217.2019 1.1526e+02     5.3954      0.254      0.369    24.9334 0.0000e+00
      0.261      0.015     6.2903     72.203     43.669  43.686636     4.3735      7.037   217.2492 1.1064e+02     5.5242      0.255      0.370    24.9526 0.0000e+00
      0.267      0.019     6.1943     71.697     43.587  43.628369     4.3302      7.037   217.3682 1.0654e+02     5.5550      0.259      0.376    24.9669 0.0000e+00
      0.277      0.021     6.1061     71.411     43.543  43.595520     4.3305      7.039   217.6074 1.0369e+02     5.4936      0.272      0.395    24.9739 0.0000e+00
      0.286      0.022     6.0214     71.251     43.559  43.606849     4.3765      7.042   217.9053 1.0224e+02     5.5001      0.282      0.411    24.9847 0.0000e+00
      0.290      0.023     5.9576     71.119     43.665  43.701864     4.4700      7.047   217.9581 1.0148e+02     5.5995      0.285      0.414    25.0114 0.0000e+00
      0.290      0.020     5.9112     71.019     43.633  43.665258     4.5294      7.052   217.8152 1.0158e+02     5.6704      0.285      0.413    25.0487 0.0000e+00
      0.294      0.013     5.8890     71.027     43.502  43.545081     4.5446      7.057   217.7270 1.0144e+02     5.6397      0.286      0.415    25.0618 0.0000e+00
      0.302      0.006     5.8822     71.252     43.460  43.518312     4.5461      7.061   217.7525 1.0041e+02     5.5695      0.297      0.431    25.0513 0.0000e+00
      0.309      0.000     5.8707     71.761     43.595  43.658987     4.5392      7.064   217.6931 9.9704e+01     5.5391      0.307      0.446    25.0352 0.0000e+00
      0.308     -0.010     5.8631     72.451     43.822  43.913021     4.5281      7.065   217.1805 9.9850e+01     5.5799      0.304      0.440    25.0218 0.0000e+00
      0.299     -0.030     5.8569     73.300     43.653  43.860460     4.5206      7.066   216.2873 9.9811e+01     5.6534      0.292      0.423    25.0419 0.0000e+00
      0.291     -0.058     5.8705     74.845     43.211  43.594907     4.4726      7.069   215.4106 9.9493e+01     5.6072      0.284      0.410    25.0673 0.0000e+00
      0.286     -0.088     5.9142     77.630     43.154  43.622338     4.3726      7.074   214.5823 1.0223e+02     5.4321      0.286      0.414    25.0693 0.0000e+00
      0.266     -0.111     5.9828     81.372     43.238  43.684492     4.3176      7.081   213.7576 1.1296e+02     5.3126      0.274      0.397    25.0541 0.0000e+00
      0.221     -0.126     6.0179     85.264     43.154  43.584668     4.3162      7.089   213.1834 1.2863e+02     5.2897      0.219      0.318    25.1765 0.0000e+00
      0.167     -0.130     6.0809     88.526     43.216  43.621343     4.3143      7.096   212.9737 1.4220e+02     5.2916      0.158      0.229    25.5059 0.0000e+00
      0.122     -0.123     6.3144     90.810     43.337  43.683587     4.2773      7.102   212.7709 1.4959e+02     5.3020      0.117      0.169    25.6065 0.0000e+00
      0.091     -0.104     6.6600     92.058     43.390  43.702420     4.2102      7.109   212.2804 1.4588e+02     5.3464      0.083      0.121    25.4685 0.0000e+00
      0.074     -0.082     7.0018     92.123     43.465  43.785524     4.1682      7.116   211.6888 1.3703e+02     5.3847      0.068      0.099    25.5057 0.0000e+00
      0.067     -0.068     7.2780     91.028     43.373  43.736290     4.1524      7.122   211.2107 1.3248e+02     5.3544      0.064      0.095    25.4979 0.0000e+00
      0.061     -0.064     7.4789     89.269     43.190  43.615003     4.1609      7.128   210.8022 1.3497e+02     5.3559      0.061      0.089    25.3649 0.0000e+00
      0.051     -0.065     7.5933     87.481     43.184  43.652103     4.1971      7.133   210.4477 1.4965e+02     5.4031      0.055      0.082    25.3388 0.0000e+00
      0.029     -0.065     7.6005     86.081     43.261  43.740620     4.2239      7.136   210.4527 1.7314e+02     5.4128      0.032      0.047    25.3491 0.0000e+00
     -0.002     -0.062     7.4858     85.203     43.248  43.733164     4.2272      7.136   210.8629 1.9305e+02     5.4043     -0.006     -0.007    25.3972 0.0000e+00
     -0.027     -0.053     7.3057     84.628     43.188  43.688903     4.2197      7.136   211.0200 2.0726e+02     5.4378     -0.032     -0.046    25.5009 0.0000e+00
     -0.038     -0.039     7.1434     84.152     43.197  43.713272     4.2248      7.139   210.7174 2.1578e+02     5.5784     -0.040     -0.058    25.5542 0.0000e+00
     -0.039     -0.023     7.0214     83.726     43.247  43.773943     4.2387      7.144   210.3010 2.1619e+02     5.6691     -0.040     -0.056    25.5471 0.0000e+00
     -0.037     -0.010     6.9617     83.226     43.250  43.787741     4.2378      7.150   209.7715 2.1775e+02     5.6461     -0.037     -0.053    25.5456 0.0000e+00
     -0.034     -0.004     6.9183     82.576     43.203  43.753170     4.2387      7.156   209.2191 2.1660e+02     5.5744     -0.032     -0.047    25.5759 0.0000e+00
     -0.032     -0.005     6.8730     81.830     43.178  43.736817     4.2502      7.164   208.9563 2.0929e+02     5.4505     -0.029     -0.042    25.5954 0.0000e+00
     -0.033     -0.009     6.8450     81.032     43.156  43.716986     4.2605      7.172   208.9171 2.1437e+02     5.4126     -0.031     -0.043    25.6014 0.0000e+00
     -0.039     -0.012     6.8045     80.183     43.084  43.640338     4.2716      7.178   209.0040 2.2795e+02     5.4236     -0.037     -0.054    25.6145 0.0000e+00
     -0.046     -0.012     6.7463     79.328     43.086  43.635226     4.2923      7.182   209.4042 2.3506e+02     5.3780     -0.047     -0.068    25.6311 0.0000e+00
     -0.051     -0.009     6.6821     78.522     43.179  43.718632     4.3111      7.181   209.9697 2.3720e+02     5.3400     -0.051     -0.074    25.6439 0.0000e+00
     -0.053     -0.002     6.6182     77.725     43.169  43.696678     4.3076      7.177   210.3362 2.3726e+02     5.3738     -0.052     -0.077    25.6453 0.0000e+00
     -0.053      0.007     6.5481     76.900     43.106  43.623658     4.3091      7.175   210.4791 2.3498e+02     5.4457     -0.053     -0.078    25.6400 0.0000e+00
     -0.049      0.014     6.4757     76.095     43.150  43.660903     4.3196      7.176   210.4926 2.2958e+02     5.4573     -0.049     -0.072    25.6334 0.0000e+00
     -0.042      0.019     6.4139     75.315     43.197  43.702674     4.3269      7.178   210.5006 2.2049e+02     5.4798     -0.042     -0.060    25.6206 0.0000e+00
     -0.033      0.021     6.3532     74.510     43.182  43.684382     4.3303      7.180   210.5747 2.0671e+02     5.5466     -0.033     -0.047    25.6034 0.0000e+00
     -0.027      0.020     6.2832     73.692     43.191  43.693630     4.3195      7.182   210.7010 1.9297e+02     5.5822     -0.026     -0.037    25.5941 0.0000e+00
     -0.022      0.020     6.2183     72.876     43.185  43.687538     4.3213      7.182   210.9950 1.8657e+02     5.6369     -0.021     -0.030    25.5854 0.0000e+00
     -0.019      0.020     6.1588     72.053     43.110  43.610727     4.3099      7.183   211.3757 1.8574e+02     5.6273     -0.018     -0.025    25.5774 0.0000e+00
     -0.017      0.025     6.0917     71.256     43.092  43.590064     4.2656      7.184   211.7767 1.8546e+02     5.4994     -0.016     -0.023    25.5734 0.0000e+00
     -0.013      0.033     6.0241     70.557     43.134  43.628121     4.2350      7.184   212.2300 1.8324e+02     5.3892     -0.014     -0.020    25.5743 0.0000e+00
     -0.006      0.043     5.9581     70.007     43.072  43.563080     4.2144      7.182   212.6401 1.7767e+02     5.3205     -0.008     -0.012    25.5780 0.0000e+00
      0.007      0.052     5.8900     69.611     43.011  43.501851     4.2171      7.179   212.9492 1.6773e+02     5.4196      0.004      0.006    25.5761 0.0000e+00
      0.026      0.059     5.8227     69.343     43.030  43.522537     4.2505      7.179   213.1287 1.5406e+02     5.6303      0.024      0.034    25.5725 0.0000e+00
      0.047      0.062     5.7642     69.146     43.005  43.495832     4.2766      7.179   213.3476 1.4136e+02     5.6828      0.047      0.068    25.5668 0.0000e+00
      0.066      0.063     5.7204     68.958     43.009  43.496334     4.2837      7.179   213.7026 1.3201e+02     5.6447      0.066      0.096    25.5607 0.0000e+00
      0.080      0.061     5.6881     68.753     43.049  43.528609     4.2867      7.180   213.9790 1.2494e+02     5.5790      0.079      0.114    25.5640 0.0000e+00
      0.092      0.060     5.6677     68.534     42.975  43.441729     4.3125      7.180   214.2812 1.1889e+02     5.5035      0.089      0.129    25.5670 0.0000e+00
      0.104      0.060     5.6543     68.358     42.945  43.397957     4.3371      7.179   214.8616 1.1260e+02     5.4495      0.101      0.147    25.5651 0.0000e+00
