Data/DataNotYetUploadedToEDI/Raw_CTD/RawDownloads/082624_fcr50_S7809001.cnv
* Sea-Bird SBE19plus  Data File:
* FileName = C:\R\Reservoirs\Data\DataNotYetUploadedToEDI\Raw_CTD\RawDownloads\082624_fcr50_S7809_0001.hex
* Software version 2.8.0.119
* Temperature SN = 7809
* Conductivity SN = 7809
* System UpLoad Time = Aug 27 2024 14:08:53
* <ApplicationData>
* <Seaterm232>
# nquan = 15
# nvalues = 1056                        
# units = specified
# name 0 = depFM: Depth [fresh water, m]
# name 1 = dz/dtM: Descent Rate [m/s]
# name 2 = sbeox0Mg/L: Oxygen, SBE 43 [mg/l]
# name 3 = sbeox0PS: Oxygen, SBE 43 [% saturation]
# name 4 = specc: Specific Conductance [uS/cm]
# name 5 = c0uS/cm: Conductivity [uS/cm]
# name 6 = flECO-AFL: Fluorescence, WET Labs ECO-AFL/FL [mg/m^3]
# name 7 = ph: pH
# name 8 = orp: Oxidation Reduction Potential [mV]
# name 9 = par/sat/log: PAR/Logarithmic, Satlantic
# name 10 = turbWETntu0: Turbidity, WET Labs ECO [NTU]
# name 11 = prdM: Pressure, Strain Gauge [db]
# name 12 = prdE: Pressure, Strain Gauge [psi]
# name 13 = tv290C: Temperature [ITS-90, deg C]
# name 14 = flag:  0.000e+00
# span 0 =     -0.581,      9.519       
# span 1 =     -0.191,      0.158       
# span 2 =     0.0802,     8.0213       
# span 3 =      0.928,     95.712       
# span 4 =      3.484,    422.986       
# span 5 =   3.339253, 319.513418       
# span 6 =    -2.1101,    96.2369       
# span 7 =     -2.141,      7.124       
# span 8 = -1240.7455,   871.3062       
# span 9 = 1.2358e-01, 1.2724e+03       
# span 10 =    -0.1156,   328.3385      
# span 11 =     -0.570,      9.335      
# span 12 =     -0.827,     13.539      
# span 13 =    12.7559,    24.4383      
# span 14 = 0.0000e+00, 0.0000e+00      
# interval = seconds: 0.25
# start_time = Aug 26 2024 09:38:31 [Instrument's time stamp, header]
# bad_flag = -9.990e-29
*END*
[from data line 772]
      5.791      0.067     6.7536     63.701     62.226  47.053563     0.6649      6.995   232.0322 1.2382e-01    17.7310      5.677      8.234    12.8112 0.0000e+00
      5.806      0.060     6.7442     63.727     62.251  47.070015     0.6598      6.996   232.3217 1.2381e-01    17.6398      5.692      8.256    12.8086 0.0000e+00
      5.826      0.056     6.7407     63.786     62.277  47.087212     0.6728      6.997   232.9035 1.2381e-01    17.4963      5.715      8.288    12.8083 0.0000e+00
      5.842      0.053     6.7413     63.839     62.257  47.071027     0.6970      6.997   233.4735 1.2384e-01    17.4651      5.731      8.312    12.8078 0.0000e+00
      5.853      0.048     6.7385     63.891     62.249  47.064781     0.7199      6.996   233.9645 1.2386e-01    17.5361      5.739      8.325    12.8054 0.0000e+00
      5.865      0.041     6.7408     63.927     62.262  47.075179     0.7248      6.996   234.6245 1.2382e-01    17.5341      5.751      8.342    12.8035 0.0000e+00
      5.876      0.034     6.7516     63.923     62.251  47.069777     0.6979      6.996   235.5168 1.2381e-01    17.4413      5.764      8.360    12.8019 0.0000e+00
      5.883      0.030     6.7545     63.882     62.237  47.062957     0.6612      6.995   236.4075 1.2384e-01    17.4049      5.770      8.370    12.8008 0.0000e+00
      5.886      0.030     6.7617     63.827     62.228  47.056205     0.6476      6.995   237.0480 1.2384e-01    17.4350      5.772      8.372    12.8004 0.0000e+00
      5.890      0.034     6.7666     63.775     62.225  47.051626     0.6586      6.996   237.4970 1.2380e-01    17.4985      5.775      8.376    12.7998 0.0000e+00
      5.896      0.042     6.7656     63.704     62.254  47.071079     0.6852      6.996   237.7062 1.2375e-01    17.5580      5.780      8.383    12.8027 0.0000e+00
      5.908      0.052     6.7598     63.623     62.295  47.100942     0.7112      6.996   237.6851 1.2375e-01    17.5392      5.791      8.399    12.8081 0.0000e+00
      5.924      0.062     6.7519     63.562     62.290  47.095266     0.7068      6.996   237.9301 1.2380e-01    17.4762      5.809      8.425    12.8076 0.0000e+00
      5.944      0.071     6.7497     63.515     62.252  47.065936     0.6900      6.995   238.5162 1.2383e-01    17.4450      5.830      8.455    12.8040 0.0000e+00
      5.965      0.074     6.7416     63.499     62.250  47.063751     0.6830      6.995   239.0081 1.2376e-01    17.5030      5.849      8.483    12.8027 0.0000e+00
      5.987      0.072     6.7308     63.553     62.259  47.068843     0.6715      6.995   239.0595 1.2365e-01    17.6661      5.871      8.515    12.8011 0.0000e+00
      6.009      0.067     6.7264     63.664     62.254  47.064004     0.6603      6.996   238.9658 1.2365e-01    17.7426      5.895      8.549    12.8001 0.0000e+00
      6.027      0.062     6.7208     63.800     62.260  47.068730     0.6553      6.996   239.3373 1.2376e-01    17.6772      5.913      8.576    12.7997 0.0000e+00
      6.039      0.058     6.7163     63.946     62.250  47.062503     0.6778      6.995   240.0237 1.2385e-01    17.6605      5.924      8.592    12.7988 0.0000e+00
      6.048      0.055     6.7235     64.089     62.235  47.052201     0.7324      6.994   240.7253 1.2381e-01    17.7118      5.929      8.599    12.7981 0.0000e+00
      6.059      0.054     6.7372     64.218     62.260  47.071142     0.7662      6.994   241.2821 1.2377e-01    17.7504      5.938      8.613    12.7966 0.0000e+00
      6.075      0.057     6.7512     64.314     62.300  47.101058     0.7707      6.994   241.5070 1.2379e-01    17.7516      5.957      8.641    12.7966 0.0000e+00
      6.092      0.063     6.7677     64.368     62.294  47.096474     0.7533      6.995   241.5515 1.2373e-01    17.7258      5.976      8.668    12.7981 0.0000e+00
      6.107      0.069     6.7823     64.393     62.271  47.079207     0.7218      6.996   241.6491 1.2369e-01    17.7125      5.989      8.686    12.7988 0.0000e+00
      6.123      0.071     6.7972     64.384     62.276  47.082747     0.7067      6.995   241.9982 1.2372e-01    17.7277      6.002      8.705    12.7990 0.0000e+00
      6.143      0.070     6.8082     64.339     62.267  47.075779     0.7045      6.993   242.4172 1.2372e-01    17.7381      6.024      8.736    12.7985 0.0000e+00
      6.166      0.066     6.8123     64.279     62.244  47.058445     0.7033      6.993   242.6713 1.2372e-01    17.7361      6.050      8.775    12.7985 0.0000e+00
      6.186      0.059     6.8157     64.214     62.250  47.063639     0.7079      6.993   243.0048 1.2369e-01    17.7033      6.069      8.802    12.7990 0.0000e+00
      6.201      0.049     6.8150     64.125     62.265  47.075088     0.7273      6.993   243.3531 1.2367e-01    17.6831      6.081      8.820    12.7990 0.0000e+00
      6.212      0.037     6.8094     64.018     62.260  47.069893     0.7454      6.993   244.1290 1.2364e-01    17.6972      6.094      8.839    12.7987 0.0000e+00
      6.217      0.026     6.8014     63.915     62.254  47.064317     0.7522      6.994   245.5887 1.2362e-01    17.7027      6.099      8.846    12.7986 0.0000e+00
      6.219      0.020     6.7970     63.826     62.264  47.071152     0.7429      6.994   246.7202 1.2364e-01    17.6468      6.098      8.845    12.7996 0.0000e+00
      6.222      0.020     6.7866     63.747     62.289  47.089044     0.7170      6.995   247.0541 1.2370e-01    17.5002      6.102      8.850    12.7995 0.0000e+00
      6.224      0.029     6.7743     63.665     62.290  47.090179     0.7055      6.995   246.7874 1.2375e-01    17.4674      6.104      8.853    12.7981 0.0000e+00
      6.227      0.046     6.7636     63.593     62.282  47.084879     0.7031      6.993   246.6788 1.2374e-01    17.5225      6.104      8.854    12.7970 0.0000e+00
      6.235      0.065     6.7538     63.559     62.286  47.088451     0.6877      6.991   247.2039 1.2371e-01    17.5530      6.111      8.863    12.7961 0.0000e+00
      6.254      0.081     6.7474     63.578     62.262  47.069882     0.6694      6.990   247.8020 1.2374e-01    17.6303      6.128      8.887    12.7956 0.0000e+00
      6.286      0.091     6.7374     63.637     62.237  47.050828     0.6579      6.990   248.3174 1.2380e-01    17.6713      6.162      8.939    12.7959 0.0000e+00
      6.324      0.096     6.7287     63.715     62.235  47.048528     0.6482      6.990   248.7032 1.2380e-01    17.7069      6.205      9.000    12.7969 0.0000e+00
      6.354      0.094     6.7240     63.792     62.228  47.042066     0.6687      6.990   248.7675 1.2379e-01    17.7877      6.236      9.044    12.7974 0.0000e+00
      6.372      0.086     6.7269     63.868     62.222  47.036181     0.7307      6.991   248.9224 1.2381e-01    17.8282      6.250      9.065    12.7971 0.0000e+00
      6.386      0.075     6.7341     63.953     62.230  47.040859     0.7742      6.991   249.5441 1.2381e-01    17.7876      6.261      9.080    12.7969 0.0000e+00
      6.403      0.065     6.7431     64.011     62.225  47.035135     0.7688      6.991   250.1760 1.2380e-01    17.7061      6.279      9.107    12.7959 0.0000e+00
      6.420      0.057     6.7522     64.013     62.220  47.030460     0.7398      6.991   249.9372 1.2381e-01    17.6625      6.298      9.133    12.7949 0.0000e+00
      6.434      0.051     6.7579     63.992     62.244  47.047828     0.7156      6.991   249.2377 1.2381e-01    17.6702      6.310      9.151    12.7945 0.0000e+00
      6.448      0.045     6.7701     63.985     62.254  47.054658     0.7087      6.991   249.2038 1.2376e-01    17.7311      6.324      9.172    12.7930 0.0000e+00
      6.461      0.039     6.7782     63.990     62.245  47.049559     0.7154      6.990   249.6141 1.2376e-01    17.7502      6.338      9.192    12.7912 0.0000e+00
      6.469      0.035     6.7759     63.996     62.243  47.049664     0.7130      6.989   250.2404 1.2383e-01    17.6622      6.345      9.204    12.7904 0.0000e+00
      6.472      0.037     6.7727     64.035     62.251  47.055918     0.6963      6.990   250.4952 1.2388e-01    17.6239      6.346      9.205    12.7895 0.0000e+00
      6.477      0.043     6.7716     64.113     62.259  47.061696     0.6885      6.990   249.7691 1.2383e-01    17.6285      6.350      9.210    12.7888 0.0000e+00
      6.485      0.052     6.7742     64.182     62.251  47.056032     0.7017      6.991   249.1187 1.2375e-01    17.6153      6.359      9.222    12.7904 0.0000e+00
      6.500      0.062     6.7716     64.229     62.244  47.050922     0.7231      6.991   249.1700 1.2375e-01    17.6686      6.371      9.241    12.7929 0.0000e+00
      6.522      0.068     6.7748     64.254     62.260  47.063412     0.7223      6.990   249.5293 1.2374e-01    17.6919      6.395      9.275    12.7922 0.0000e+00
      6.547      0.070     6.7874     64.217     62.282  47.080065     0.7003      6.990   249.7637 1.2373e-01    17.6581      6.423      9.315    12.7915 0.0000e+00
      6.570      0.069     6.7937     64.123     62.259  47.061805     0.6904      6.990   249.8533 1.2381e-01    17.6706      6.446      9.349    12.7927 0.0000e+00
      6.585      0.067     6.7978     64.036     62.220  47.033095     0.7023      6.990   250.0097 1.2383e-01    17.7064      6.460      9.369    12.7930 0.0000e+00
      6.596      0.065     6.8037     63.987     62.243  47.050371     0.7025      6.990   250.1921 1.2373e-01    17.7832      6.468      9.380    12.7929 0.0000e+00
      6.607      0.063     6.7995     63.969     62.283  47.080221     0.6763      6.990   250.5962 1.2369e-01    17.8821      6.477      9.394    12.7927 0.0000e+00
      6.624      0.062     6.7859     63.972     62.279  47.076574     0.6437      6.990   251.1952 1.2369e-01    17.9116      6.494      9.419    12.7923 0.0000e+00
      6.645      0.062     6.7754     63.978     62.272  47.069761     0.6242      6.990   251.5843 1.2372e-01    17.8670      6.517      9.451    12.7926 0.0000e+00
      6.665      0.063     6.7715     63.987     62.262  47.061331     0.6322      6.989   251.6874 1.2375e-01    17.8207      6.537      9.482    12.7934 0.0000e+00
      6.682      0.063     6.7693     63.997     62.232  47.038133     0.6496      6.989   251.5814 1.2379e-01    17.7613      6.555      9.507    12.7929 0.0000e+00
      6.693      0.062     6.7711     63.992     62.239  47.043225     0.6595      6.989   251.7664 1.2380e-01    17.6608      6.564      9.521    12.7919 0.0000e+00
      6.704      0.060     6.7718     63.974     62.261  47.059408     0.6599      6.990   252.2893 1.2373e-01    17.6304      6.570      9.530    12.7911 0.0000e+00
      6.720      0.059     6.7718     63.938     62.242  47.043338     0.6468      6.990   252.4823 1.2367e-01    17.7350      6.589      9.556    12.7901 0.0000e+00
      6.740      0.061     6.7756     63.899     62.238  47.039383     0.6418      6.990   252.5517 1.2367e-01    17.9354      6.611      9.589    12.7895 0.0000e+00
      6.756      0.063     6.7730     63.894     62.286  47.075079     0.6582      6.989   252.8697 1.2369e-01    18.0721      6.626      9.611    12.7898 0.0000e+00
      6.770      0.064     6.7728     63.932     62.311  47.094012     0.6694      6.989   253.4021 1.2378e-01    18.0900      6.638      9.627    12.7890 0.0000e+00
      6.785      0.062     6.7684     63.994     62.291  47.077833     0.6615      6.989   253.9982 1.2388e-01    18.0485      6.653      9.649    12.7875 0.0000e+00
      6.803      0.061     6.7622     64.038     62.281  47.069928     0.6544      6.990   254.4845 1.2384e-01    17.9469      6.671      9.676    12.7867 0.0000e+00
      6.819      0.061     6.7618     64.023     62.271  47.061915     0.6582      6.990   254.8941 1.2376e-01    17.9205      6.689      9.701    12.7864 0.0000e+00
      6.833      0.061     6.7664     63.984     62.248  47.044431     0.6581      6.990   254.9933 1.2376e-01    17.9681      6.701      9.719    12.7860 0.0000e+00
      6.847      0.060     6.7747     63.979     62.254  47.048987     0.6451      6.990   254.9089 1.2380e-01    17.9416      6.713      9.737    12.7854 0.0000e+00
      6.863      0.057     6.7819     63.990     62.259  47.053517     0.6339      6.990   255.1642 1.2382e-01    17.8396      6.730      9.761    12.7852 0.0000e+00
      6.879      0.055     6.7792     64.001     62.235  47.035720     0.6386      6.990   255.6720 1.2382e-01    17.7249      6.747      9.786    12.7851 0.0000e+00
      6.894      0.055     6.7697     64.022     62.220  47.024262     0.6517      6.990   256.0582 1.2381e-01    17.6825      6.762      9.807    12.7855 0.0000e+00
      6.907      0.054     6.7728     64.067     62.243  47.041954     0.6682      6.989   256.0479 1.2377e-01    17.7030      6.774      9.824    12.7851 0.0000e+00
      6.918      0.052     6.7740     64.148     62.265  47.059170     0.6793      6.989   255.8060 1.2373e-01    17.6990      6.783      9.838    12.7852 0.0000e+00
      6.931      0.047     6.7742     64.262     62.243  47.041955     0.6693      6.989   255.8869 1.2370e-01    17.6687      6.796      9.856    12.7860 0.0000e+00
      6.946      0.042     6.7764     64.366     62.220  47.024271     0.6478      6.990   256.3366 1.2368e-01    17.6447      6.813      9.881    12.7858 0.0000e+00
      6.959      0.038     6.7803     64.434     62.237  47.035824     0.6437      6.990   256.8556 1.2369e-01    17.6821      6.827      9.902    12.7862 0.0000e+00
      6.966      0.036     6.7886     64.466     62.262  47.054662     0.6780      6.990   257.2576 1.2377e-01    17.7784      6.832      9.910    12.7868 0.0000e+00
      6.971      0.036     6.8029     64.444     62.270  47.061578     0.7294      6.989   257.4985 1.2387e-01    17.8187      6.836      9.915    12.7859 0.0000e+00
      6.977      0.037     6.8160     64.385     62.263  47.055963     0.7499      6.989   257.7028 1.2388e-01    17.7594      6.840      9.921    12.7853 0.0000e+00
      6.985      0.039     6.8208     64.330     62.257  47.050249     0.7424      6.990   257.9213 1.2383e-01    17.6767      6.848      9.933    12.7850 0.0000e+00
      6.998      0.043     6.8275     64.282     62.265  47.055983     0.7303      6.990   258.1609 1.2381e-01    17.7071      6.862      9.952    12.7845 0.0000e+00
      7.013      0.049     6.8232     64.238     62.274  47.061808     0.7203      6.991   258.4490 1.2378e-01    17.8541      6.878      9.975    12.7852 0.0000e+00
      7.026      0.057     6.8149     64.208     62.269  47.057181     0.7211      6.991   258.5660 1.2375e-01    17.9506      6.892      9.995    12.7855 0.0000e+00
      7.036      0.063     6.8094     64.184     62.278  47.063529     0.7155      6.991   258.3706 1.2377e-01    17.9163      6.900     10.006    12.7846 0.0000e+00
      7.050      0.067     6.8052     64.156     62.294  47.075073     0.6858      6.990   258.1512 1.2378e-01    17.8156      6.910     10.022    12.7836 0.0000e+00
      7.071      0.068     6.7995     64.146     62.287  47.069773     0.6526      6.989   258.0646 1.2375e-01    17.7246      6.932     10.054    12.7830 0.0000e+00
      7.096      0.067     6.7966     64.142     62.278  47.062938     0.6466      6.989   258.0967 1.2378e-01    17.7041      6.960     10.095    12.7825 0.0000e+00
      7.117      0.064     6.7963     64.145     62.268  47.055922     0.6636      6.989   258.2817 1.2384e-01    17.7383      6.982     10.127    12.7819 0.0000e+00
      7.131      0.060     6.7897     64.154     62.258  47.048429     0.6673      6.988   258.6674 1.2381e-01    17.7282      6.996     10.146    12.7816 0.0000e+00
      7.141      0.057     6.7916     64.181     62.241  47.035827     0.6494      6.988   259.1469 1.2379e-01    17.6842      7.003     10.157    12.7816 0.0000e+00
