Data/DataNotYetUploadedToEDI/Raw_CTD/RawDownloads/082624_fcr10_S7809002.cnv
* Sea-Bird SBE19plus  Data File:
* FileName = C:\R\Reservoirs\Data\DataNotYetUploadedToEDI\Raw_CTD\RawDownloads\082624_fcr50_S7809_0002.hex
* Software version 2.8.0.119
* Temperature SN = 7809
* Conductivity SN = 7809
* System UpLoad Time = Aug 27 2024 14:09:19
* <ApplicationData>
* <Seaterm232>
# nquan = 15
# nvalues = 694                         
# units = specified
# name 0 = depFM: Depth [fresh water, m]
# name 1 = dz/dtM: Descent Rate [m/s]
# name 2 = sbeox0Mg/L: Oxygen, SBE 43 [mg/l]
# name 3 = sbeox0PS: Oxygen, SBE 43 [% saturation]
# name 4 = specc: Specific Conductance [uS/cm]
# name 5 = c0uS/cm: Conductivity [uS/cm]
# name 6 = flECO-AFL: Fluorescence, WET Labs ECO-AFL/FL [mg/m^3]
# name 7 = ph: pH
# name 8 = orp: Oxidation Reduction Potential [mV]
# name 9 = par/sat/log: PAR/Logarithmic, Satlantic
# name 10 = turbWETntu0: Turbidity, WET Labs ECO [NTU]
# name 11 = prdM: Pressure, Strain Gauge [db]
# name 12 = prdE: Pressure, Strain Gauge [psi]
# name 13 = tv290C: Temperature [ITS-90, deg C]
# name 14 = flag:  0.000e+00
# span 0 =     -0.584,      2.129       
# span 1 =     -0.130,      3.244       
# span 2 =     4.6619,     8.2657       
# span 3 =     56.785,     99.835       
# span 4 =      1.344,     44.070       
# span 5 =   1.458703,  44.514305       
# span 6 =    -0.1611,   119.9468       
# span 7 =      5.888,      7.391       
# span 8 = -1240.7455,   238.9379       
# span 9 = 4.0897e+01, 2.3739e+03       
# span 10 =    -0.4348,    72.7919      
# span 11 =     -0.573,      2.088      
# span 12 =     -0.831,      3.029      
# span 13 =    23.0165,    31.2493      
# span 14 = 0.0000e+00, 0.0000e+00      
# interval = seconds: 0.25
# start_time = Aug 26 2024 12:10:12 [Instrument's time stamp, header]
# bad_flag = -9.990e-29
*END*
[from data line 290]
      0.262     -0.001     7.1258     80.288     43.514  43.258531     4.0573      6.469   195.6406 9.2966e+01     5.4033      0.258      0.374    24.7048 0.0000e+00
      0.260      0.000     6.9865     79.223     43.684  43.424148     4.0228      6.476   196.7073 9.3120e+01     5.4276      0.255      0.371    24.7020 0.0000e+00
      0.258      0.002     6.8704     78.219     43.728  43.471957     4.0176      6.482   197.4621 9.2101e+01     5.5002      0.252      0.366    24.7171 0.0000e+00
      0.257      0.002     6.7700     77.228     43.631  43.392280     4.0352      6.489   197.8837 9.0188e+01     5.5986      0.251      0.364    24.7112 0.0000e+00
      0.260      0.002     6.6629     76.383     43.624  43.412895     4.0274      6.497   198.1057 8.7532e+01     5.6261      0.254      0.369    24.6974 0.0000e+00
      0.264      0.002     6.5817     75.778     43.655  43.467370     3.9981      6.504   198.0809 8.4562e+01     5.5259      0.260      0.377    24.6934 0.0000e+00
      0.266      0.001     6.5007     75.384     43.661  43.479722     3.9806      6.511   198.1854 8.2113e+01     5.4119      0.262      0.380    24.6968 0.0000e+00
      0.265      0.000     6.4088     75.106     43.746  43.562243     3.9741      6.518   198.5954 8.0593e+01     5.3748      0.260      0.378    24.7137 0.0000e+00
      0.261     -0.000     6.3319     74.835     43.821  43.639961     3.9956      6.528   199.0800 7.9806e+01     5.3847      0.256      0.372    24.7548 0.0000e+00
      0.258      0.003     6.2779     74.440     43.768  43.594259     4.0406      6.536   200.0002 7.9841e+01     5.3948      0.251      0.365    24.7910 0.0000e+00
      0.258      0.012     6.2499     73.952     43.741  43.580926     4.0518      6.536   201.2900 8.0385e+01     5.3944      0.252      0.366    24.7882 0.0000e+00
      0.261      0.023     6.2294     73.607     43.812  43.669189     4.0311      6.532   202.1996 8.0857e+01     5.3795      0.257      0.372    24.7811 0.0000e+00
      0.266      0.034     6.2114     73.452     43.708  43.582414     4.0561      6.528   202.7377 8.1110e+01     5.4546      0.259      0.375    24.7879 0.0000e+00
      0.278      0.040     6.1801     73.397     43.527  43.420393     4.1292      6.525   203.1499 8.0086e+01     5.6528      0.268      0.389    24.7922 0.0000e+00
      0.297      0.042     6.1242     73.522     43.579  43.487490     4.1659      6.525   203.3118 7.7974e+01     5.7608      0.293      0.425    24.8084 0.0000e+00
      0.315      0.039     6.0929     73.836     43.722  43.632022     4.1670      6.529   203.4054 7.6509e+01     5.7017      0.313      0.456    24.8329 0.0000e+00
      0.324      0.031     6.0862     74.234     43.743  43.644568     4.1598      6.534   203.5934 7.5689e+01     5.5530      0.319      0.463    24.8489 0.0000e+00
      0.327      0.021     6.0717     74.761     43.745  43.639168     4.1446      6.540   203.6917 7.6035e+01     5.4320      0.321      0.466    24.8712 0.0000e+00
      0.329      0.011     6.0786     75.473     43.867  43.757137     4.1500      6.549   203.7337 7.7866e+01     5.4337      0.323      0.468    24.8957 0.0000e+00
      0.329      0.004     6.1124     76.243     43.977  43.864916     4.1667      6.558   203.9287 8.0398e+01     5.4702      0.323      0.469    24.8971 0.0000e+00
      0.329      0.001     6.1433     76.866     43.973  43.863254     4.1638      6.565   204.2425 8.3850e+01     5.4292      0.324      0.470    24.8782 0.0000e+00
      0.327      0.001     6.1838     77.206     43.966  43.863987     4.1477      6.574   204.6031 8.7681e+01     5.3482      0.321      0.466    24.8709 0.0000e+00
      0.326      0.002     6.2490     77.246     43.964  43.873795     4.1465      6.583   204.9334 9.1206e+01     5.3460      0.319      0.463    24.8693 0.0000e+00
      0.328      0.003     6.3192     77.001     43.933  43.854905     4.1581      6.593   205.0519 9.4275e+01     5.4367      0.321      0.466    24.8657 0.0000e+00
      0.331      0.003     6.3758     76.482     43.952  43.889506     4.1630      6.604   204.9170 9.6449e+01     5.4885      0.325      0.471    24.8669 0.0000e+00
      0.333      0.002     6.4015     75.722     43.953  43.911336     4.1644      6.615   204.6787 9.7723e+01     5.4253      0.328      0.475    24.8767 0.0000e+00
      0.334     -0.001     6.4028     74.769     43.759  43.738031     4.1748      6.626   204.5801 9.8224e+01     5.3548      0.328      0.476    24.8917 0.0000e+00
      0.333     -0.005     6.3815     73.765     43.514  43.507909     4.1981      6.638   204.6715 9.8321e+01     5.3538      0.327      0.474    24.9029 0.0000e+00
      0.330     -0.005     6.3347     72.997     43.541  43.540966     4.2210      6.648   204.9234 9.8559e+01     5.3794      0.324      0.470    24.9207 0.0000e+00
      0.326     -0.002     6.2681     72.582     43.772  43.756899     4.2096      6.655   205.3892 9.9212e+01     5.4249      0.320      0.464    24.9459 0.0000e+00
      0.322      0.003     6.1842     72.337     43.887  43.833669     4.1612      6.659   206.0013 1.0062e+02     5.4594      0.315      0.458    24.9725 0.0000e+00
      0.322      0.007     6.0878     72.154     43.853  43.770908     4.1262      6.661   206.6453 1.0277e+02     5.4219      0.313      0.454    24.9882 0.0000e+00
      0.327      0.010     6.0160     71.972     43.848  43.759712     4.1358      6.660   207.2393 1.0513e+02     5.3814      0.319      0.462    25.0026 0.0000e+00
      0.337      0.012     5.9959     71.691     43.907  43.825245     4.1768      6.659   207.6768 1.0708e+02     5.4819      0.331      0.481    24.9920 0.0000e+00
      0.343      0.012     5.9824     71.298     44.001  43.928527     4.2146      6.661   207.8912 1.0792e+02     5.6462      0.339      0.492    24.9257 0.0000e+00
      0.343      0.010     5.9728     70.832     44.058  43.992902     4.2190      6.666   208.0251 1.0735e+02     5.6599      0.337      0.489    24.8861 0.0000e+00
      0.341      0.007     5.9629     70.362     44.028  43.968865     4.2047      6.673   208.0914 1.0583e+02     5.5787      0.333      0.483    24.8908 0.0000e+00
      0.341      0.004     5.9369     69.994     43.941  43.891808     4.2337      6.682   208.0044 1.0397e+02     5.5874      0.333      0.482    24.8985 0.0000e+00
      0.343      0.003     5.9029     69.856     43.857  43.822923     4.3028      6.692   207.9187 1.0226e+02     5.6623      0.337      0.489    24.9125 0.0000e+00
      0.346      0.003     5.8608     70.036     43.915  43.897693     4.3416      6.703   207.9166 1.0108e+02     5.6993      0.340      0.494    24.9209 0.0000e+00
      0.347      0.003     5.8191     70.472     44.035  44.034168     4.3442      6.713   208.0653 1.0053e+02     5.6583      0.341      0.494    24.9228 0.0000e+00
      0.346      0.002     5.7823     70.926     44.005  44.013147     4.3343      6.722   208.3401 1.0056e+02     5.5766      0.340      0.493    24.9378 0.0000e+00
      0.346      0.001     5.7669     71.226     43.943  43.960917     4.3298      6.731   208.6576 1.0100e+02     5.5654      0.339      0.492    24.9531 0.0000e+00
      0.346      0.001     5.7793     71.388     44.008  44.037419     4.3397      6.736   209.0652 1.0160e+02     5.6259      0.339      0.492    24.9742 0.0000e+00
      0.346      0.002     5.8230     71.417     44.070  44.112964     4.3378      6.739   209.5687 1.0199e+02     5.6587      0.339      0.492    24.9981 0.0000e+00
      0.347      0.003     5.8662     71.233     44.054  44.112653     4.3322      6.741   210.0983 1.0179e+02     5.6212      0.340      0.493    25.0016 0.0000e+00
      0.348      0.003     5.8865     70.810     44.021  44.097155     4.3470      6.743   210.3923 1.0109e+02     5.5472      0.341      0.495    25.0139 0.0000e+00
      0.349      0.004     5.8979     70.232     44.023  44.116036     4.3748      6.747   210.4558 1.0007e+02     5.5497      0.342      0.497    25.0273 0.0000e+00
      0.350      0.004     5.9027     69.591     44.040  44.150541     4.4014      6.752   210.6086 9.8812e+01     5.6517      0.344      0.498    25.0399 0.0000e+00
      0.352      0.004     5.8867     68.927     44.004  44.133528     4.4109      6.759   210.7768 9.7433e+01     5.7208      0.345      0.500    25.0612 0.0000e+00
      0.352      0.004     5.8455     68.245     43.951  44.100793     4.4144      6.769   210.7698 9.6313e+01     5.6686      0.345      0.500    25.0813 0.0000e+00
      0.353      0.004     5.7936     67.586     43.904  44.072141     4.4277      6.779   210.7811 9.5569e+01     5.5669      0.346      0.501    25.0995 0.0000e+00
      0.354      0.004     5.7366     66.992     43.856  44.041025     4.4392      6.788   210.9998 9.5067e+01     5.5500      0.347      0.503    25.1184 0.0000e+00
      0.355      0.004     5.6818     66.466     43.902  44.105445     4.4362      6.794   211.3483 9.4937e+01     5.6006      0.348      0.504    25.1410 0.0000e+00
      0.357      0.004     5.6200     65.963     43.994  44.216318     4.4166      6.799   211.6393 9.5225e+01     5.5647      0.350      0.508    25.1647 0.0000e+00
      0.359      0.004     5.5628     65.452     44.001  44.239061     4.3933      6.803   211.8513 9.5730e+01     5.4236      0.352      0.511    25.1869 0.0000e+00
      0.359      0.003     5.5116     64.950     43.941  44.190026     4.3797      6.807   212.1051 9.6098e+01     5.3291      0.352      0.511    25.2049 0.0000e+00
      0.359      0.001     5.4680     64.454     43.937  44.194736     4.3845      6.811   212.3854 9.6087e+01     5.3437      0.352      0.511    25.2240 0.0000e+00
      0.359     -0.001     5.4264     63.990     44.033  44.296018     4.4189      6.814   212.5727 9.5695e+01     5.4641      0.352      0.511    25.2488 0.0000e+00
      0.359     -0.002     5.3793     63.569     44.070  44.335537     4.4543      6.818   212.6485 9.5088e+01     5.6231      0.353      0.512    25.2670 0.0000e+00
      0.358     -0.002     5.3400     63.165     43.957  44.228233     4.4538      6.823   212.7005 9.4486e+01     5.6266      0.352      0.510    25.2775 0.0000e+00
      0.357     -0.001     5.2953     62.780     43.796  44.077712     4.4377      6.830   212.7711 9.3928e+01     5.5062      0.350      0.507    25.2897 0.0000e+00
      0.356      0.000     5.2565     62.421     43.749  44.039025     4.4267      6.838   212.8132 9.3452e+01     5.4660      0.349      0.507    25.2952 0.0000e+00
      0.356      0.000     5.2242     62.114     43.782  44.077851     4.4210      6.847   212.7795 9.3118e+01     5.4818      0.349      0.507    25.2925 0.0000e+00
      0.357      0.001     5.1886     61.833     43.739  44.039366     4.4182      6.854   212.7939 9.2930e+01     5.4585      0.350      0.508    25.2987 0.0000e+00
      0.359      0.002     5.1570     61.531     43.719  44.018038     4.4094      6.862   212.9010 9.2880e+01     5.3893      0.352      0.511    25.3176 0.0000e+00
      0.359      0.002     5.1238     61.215     43.780  44.073882     4.3982      6.868   213.0423 9.3014e+01     5.3280      0.353      0.512    25.3261 0.0000e+00
      0.359      0.002     5.0999     60.894     43.788  44.079806     4.4157      6.873   213.2976 9.3215e+01     5.4001      0.352      0.511    25.3299 0.0000e+00
      0.359      0.002     5.0783     60.582     43.736  44.026189     4.4622      6.877   213.5787 9.3160e+01     5.5779      0.352      0.511    25.3419 0.0000e+00
      0.359      0.002     5.0516     60.264     43.712  43.996875     4.4871      6.881   213.7741 9.2846e+01     5.7019      0.352      0.511    25.3393 0.0000e+00
      0.360      0.002     5.0281     59.924     43.766  44.042741     4.4838      6.885   213.9392 9.2444e+01     5.7040      0.353      0.513    25.3264 0.0000e+00
      0.362      0.002     5.0002     59.619     43.864  44.136415     4.4473      6.887   214.0263 9.2008e+01     5.6035      0.355      0.515    25.3269 0.0000e+00
      0.362      0.002     4.9749     59.382     43.900  44.177335     4.4028      6.891   214.0527 9.1613e+01     5.5452      0.356      0.516    25.3284 0.0000e+00
      0.362      0.002     4.9518     59.176     43.870  44.156665     4.3958      6.896   214.0864 9.1248e+01     5.5793      0.355      0.515    25.3205 0.0000e+00
      0.362      0.002     4.9214     58.986     43.911  44.203886     4.3957      6.902   214.1758 9.0924e+01     5.6063      0.355      0.515    25.3088 0.0000e+00
      0.363      0.001     4.8958     58.840     44.009  44.303965     4.4095      6.909   214.2733 9.0753e+01     5.5979      0.356      0.516    25.2997 0.0000e+00
      0.364      0.001     4.8782     58.782     43.990  44.287632     4.4468      6.915   214.2327 9.0798e+01     5.5467      0.357      0.517    25.3069 0.0000e+00
      0.364      0.001     4.8597     58.809     43.893  44.196831     4.4805      6.920   214.2015 9.1022e+01     5.5335      0.357      0.518    25.3239 0.0000e+00
      0.364      0.001     4.8431     58.860     43.911  44.221706     4.4919      6.926   214.3260 9.1305e+01     5.6092      0.358      0.519    25.3303 0.0000e+00
      0.364      0.000     4.8293     58.873     43.954  44.271040     4.4854      6.931   214.5338 9.1527e+01     5.6077      0.357      0.517    25.3266 0.0000e+00
      0.364 4.2828e-07     4.8242     58.845     43.899  44.222051     4.4853      6.935   214.7353 9.1591e+01     5.4813      0.356      0.516    25.3294 0.0000e+00
      0.364      0.000     4.8278     58.805     43.870  44.200678     4.4823      6.937   214.8692 9.1540e+01     5.3796      0.357      0.518    25.3407 0.0000e+00
      0.364      0.000     4.8335     58.742     43.864  44.203055     4.4824      6.940   215.0335 9.1396e+01     5.3683      0.357      0.518    25.3494 0.0000e+00
      0.364      0.001     4.8342     58.633     43.776  44.123857     4.5269      6.944   215.2595 9.1111e+01     5.4811      0.357      0.517    25.3541 0.0000e+00
      0.364      0.001     4.8290     58.461     43.711  44.068296     4.5967      6.948   215.3648 9.0803e+01     5.6167      0.357      0.518    25.3620 0.0000e+00
      0.365      0.001     4.8263     58.254     43.742  44.102561     4.6182      6.952   215.3606 9.0543e+01     5.6073      0.358      0.519    25.3714 0.0000e+00
      0.365      0.001     4.8208     58.096     43.738  44.093828     4.5962      6.956   215.3799 9.0330e+01     5.5374      0.358      0.520    25.3781 0.0000e+00
      0.365      0.001     4.8115     57.988     43.680  44.026168     4.5794      6.961   215.4265 9.0232e+01     5.5230      0.358      0.519    25.3916 0.0000e+00
      0.366      0.001     4.7962     57.840     43.646  43.982707     4.5657      6.967   215.5805 9.0251e+01     5.5357      0.358      0.519    25.4058 0.0000e+00
      0.366      0.001     4.7746     57.633     43.621  43.949173     4.5478      6.972   215.7792 9.0382e+01     5.5202      0.359      0.521    25.4102 0.0000e+00
      0.366      0.001     4.7616     57.397     43.617  43.938068     4.5381      6.976   215.8492 9.0568e+01     5.4385      0.358      0.520    25.4024 0.0000e+00
      0.366      0.001     4.7594     57.181     43.726  44.038855     4.5399      6.980   215.8252 9.0753e+01     5.3672      0.359      0.520    25.3904 0.0000e+00
      0.366      0.001     4.7471     57.041     43.848  44.152171     4.6018      6.982   215.9185 9.0931e+01     5.4442      0.359      0.521    25.3787 0.0000e+00
      0.367      0.001     4.7302     56.949     43.804  44.102127     4.7116      6.984   216.1175 9.1017e+01     5.6182      0.360      0.522    25.3688 0.0000e+00
      0.367      0.000     4.7110     56.870     43.711  44.005037     4.7691      6.985   216.2530 9.0941e+01     5.7292      0.360      0.522    25.3644 0.0000e+00
