Data/DataNotYetUploadedToEDI/Raw_CTD/RawDownloads/082624_fcr40_S7809005.cnv
* Sea-Bird SBE19plus  Data File:
* FileName = C:\R\Reservoirs\Data\DataNotYetUploadedToEDI\Raw_CTD\RawDownloads\082624_fcr50_S7809_0005.hex
* Software version 2.8.0.119
* Temperature SN = 7809
* Conductivity SN = 7809
* System UpLoad Time = Aug 27 2024 14:10:27
* <ApplicationData>
* <Seaterm232>
# nquan = 15
# nvalues = 560                         
# units = specified
# name 0 = depFM: Depth [fresh water, m]
# name 1 = dz/dtM: Descent Rate [m/s]
# name 2 = sbeox0Mg/L: Oxygen, SBE 43 [mg/l]
# name 3 = sbeox0PS: Oxygen, SBE 43 [% saturation]
# name 4 = specc: Specific Conductance [uS/cm]
# name 5 = c0uS/cm: Conductivity [uS/cm]
# name 6 = flECO-AFL: Fluorescence, WET Labs ECO-AFL/FL [mg/m^3]
# name 7 = ph: pH
# name 8 = orp: Oxidation Reduction Potential [mV]
# name 9 = par/sat/log: PAR/Logarithmic, Satlantic
# name 10 = turbWETntu0: Turbidity, WET Labs ECO [NTU]
# name 11 = prdM: Pressure, Strain Gauge [db]
# name 12 = prdE: Pressure, Strain Gauge [psi]
# name 13 = tv290C: Temperature [ITS-90, deg C]
# name 14 = flag:  0.000e+00
# span 0 =     -0.572,      5.980       
# span 1 =     -0.094,      0.173       
# span 2 =     0.1258,     8.8494       
# span 3 =      1.357,    105.533       
# span 4 =      1.323,     89.384       
# span 5 =   1.266848,  75.028010       
# span 6 =    -0.0821,    49.0816       
# span 7 =      7.410,      7.999       
# span 8 =    86.0236,   293.4254       
# span 9 = 1.2358e-01, 2.4756e+03       
# span 10 =     0.6401,   399.6534      
# span 11 =     -0.561,      5.864      
# span 12 =     -0.814,      8.506      
# span 13 =    12.7513,    26.1149      
# span 14 = 0.0000e+00, 0.0000e+00      
# interval = seconds: 0.25
# start_time = Aug 26 2024 12:38:41 [Instrument's time stamp, header]
# bad_flag = -9.990e-29
*END*
[from data line 482]
      5.165      0.067     6.4245     61.709     62.065  46.950394     0.3967      7.649   133.8707 2.3787e-01    17.1483      5.066      7.348    12.8328 0.0000e+00
      5.180      0.069     6.4464     61.869     62.091  46.961949     0.3999      7.648   134.6012 2.3651e-01    17.2257      5.079      7.367    12.8306 0.0000e+00
      5.198      0.069     6.4800     61.997     62.078  46.944174     0.4226      7.647   135.3525 2.4114e-01    17.3124      5.097      7.393    12.8300 0.0000e+00
      5.220      0.065     6.5061     62.098     62.062  46.925924     0.4371      7.645   136.0700 2.3539e-01    17.3768      5.119      7.425    12.8271 0.0000e+00
      5.242      0.059     6.5292     62.163     62.073  46.931748     0.4257      7.643   136.6519 2.2493e-01    17.3897      5.143      7.459    12.8215 0.0000e+00
      5.258      0.052     6.5457     62.188     62.099  46.951105     0.4102      7.642   137.0548 2.1717e-01    17.4332      5.160      7.484    12.8137 0.0000e+00
      5.267      0.046     6.5609     62.213     62.124  46.969508     0.4084      7.641   137.5854 2.1482e-01    17.5613      5.167      7.494    12.8061 0.0000e+00
      5.272      0.041     6.5721     62.264     62.115  46.963788     0.4203      7.640   138.3350 2.0972e-01    17.6754      5.169      7.497    12.8017 0.0000e+00
      5.278      0.036     6.5803     62.312     62.089  46.945433     0.4290      7.639   138.9767 1.9804e-01    17.6854      5.174      7.506    12.8008 0.0000e+00
      5.289      0.034     6.5808     62.332     62.080  46.938046     0.4219      7.638   139.4941 1.9687e-01    17.6143      5.186      7.522    12.8002 0.0000e+00
      5.301      0.033     6.5817     62.346     62.080  46.937951     0.4092      7.637   140.0297 1.9613e-01    17.5662      5.200      7.541    12.7991 0.0000e+00
      5.312      0.030     6.5891     62.370     62.084  46.944290     0.4002      7.636   140.6343 1.8716e-01    17.5817      5.210      7.557    12.8015 0.0000e+00
      5.319      0.027     6.5952     62.379     62.087  46.951210     0.4055      7.634   141.2121 1.8753e-01    17.6324      5.218      7.568    12.8028 0.0000e+00
      5.324      0.023     6.5961     62.338     62.094  46.958139     0.4149      7.631   141.6818 1.8205e-01    17.6666      5.222      7.574    12.8009 0.0000e+00
      5.327      0.022     6.5962     62.242     62.105  46.964584     0.4058      7.629   142.1829 1.6575e-01    17.6539      5.224      7.577    12.8003 0.0000e+00
      5.331      0.022     6.6006     62.133     62.110  46.965644     0.4024      7.629   142.7109 1.6145e-01    17.6491      5.227      7.581    12.8027 0.0000e+00
      5.336      0.024     6.6012     62.033     62.116  46.970953     0.4074      7.628   143.2481 1.7269e-01    17.6763      5.231      7.587    12.8093 0.0000e+00
      5.343      0.027     6.5984     61.967     62.105  46.965286     0.4000      7.628   143.7733 1.8145e-01    17.7100      5.239      7.599    12.8108 0.0000e+00
      5.352      0.029     6.5854     61.983     62.097  46.960616     0.4046      7.627   144.3293 1.7792e-01    17.7485      5.249      7.613    12.8066 0.0000e+00
      5.360      0.031     6.5736     62.054     62.127  46.977980     0.4134      7.626   144.8941 1.7321e-01    17.7326      5.256      7.623    12.8046 0.0000e+00
      5.368      0.031     6.5639     62.118     62.147  46.984755     0.3979      7.625   145.3538 1.7077e-01    17.6539      5.264      7.635    12.8053 0.0000e+00
      5.377      0.032     6.5515     62.188     62.148  46.979036     0.3830      7.623   145.8434 1.7114e-01    17.6164      5.273      7.648    12.8089 0.0000e+00
      5.384      0.033     6.5548     62.288     62.144  46.972319     0.3924      7.622   146.3407 1.6977e-01    17.6553      5.281      7.659    12.8110 0.0000e+00
      5.390      0.037     6.5677     62.387     62.143  46.967021     0.4113      7.621   146.8063 1.6799e-01    17.6806      5.286      7.665    12.8059 0.0000e+00
      5.398      0.042     6.5735     62.458     62.163  46.978451     0.4117      7.621   147.2564 1.6396e-01    17.6487      5.292      7.675    12.7972 0.0000e+00
      5.410      0.048     6.5800     62.491     62.174  46.983551     0.3977      7.621   147.5674 1.4599e-01    17.6107      5.304      7.694    12.7924 0.0000e+00
      5.424      0.056     6.5933     62.477     62.153  46.965193     0.3915      7.620   147.8994 1.3565e-01    17.5978      5.319      7.714    12.7906 0.0000e+00
      5.439      0.062     6.6051     62.452     62.131  46.946939     0.3940      7.618   148.4312 1.3901e-01    17.6971      5.333      7.734    12.7864 0.0000e+00
      5.456      0.065     6.6127     62.432     62.140  46.953296     0.4032      7.618   148.9215 1.3789e-01    17.8553      5.349      7.758    12.7828 0.0000e+00
      5.475      0.065     6.6187     62.398     62.173  46.978567     0.4034      7.618   149.1811 1.3702e-01    17.9048      5.370      7.788    12.7812 0.0000e+00
      5.495      0.063     6.6148     62.360     62.199  46.998548     0.3967      7.616   149.4190 1.3592e-01    17.8864      5.391      7.818    12.7790 0.0000e+00
      5.510      0.059     6.6108     62.322     62.206  47.004424     0.3967      7.613   149.9042 1.2896e-01    17.8714      5.405      7.838    12.7773 0.0000e+00
      5.522      0.053     6.6119     62.291     62.179  46.986120     0.4042      7.613   150.4879 1.2441e-01    17.8942      5.414      7.852    12.7771 0.0000e+00
      5.536      0.048     6.6058     62.283     62.151  46.967709     0.4206      7.613   150.9701 1.2512e-01    17.9577      5.429      7.874    12.7777 0.0000e+00
      5.549      0.046     6.6025     62.292     62.157  46.972270     0.4284      7.613   151.4327 1.2580e-01    17.9898      5.444      7.897    12.7780 0.0000e+00
      5.557      0.048     6.5985     62.310     62.169  46.977780     0.4233      7.612   151.7796 1.2476e-01    17.9412      5.450      7.905    12.7772 0.0000e+00
      5.565      0.051     6.5935     62.343     62.167  46.970835     0.4088      7.610   152.0665 1.2416e-01    17.8147      5.454      7.911    12.7798 0.0000e+00
      5.578      0.054     6.5926     62.371     62.149  46.951788     0.4030      7.610   152.4928 1.2446e-01    17.7242      5.468      7.930    12.7840 0.0000e+00
      5.595      0.056     6.5944     62.383     62.136  46.937936     0.4201      7.610   152.8898 1.2415e-01    17.7345      5.487      7.958    12.7833 0.0000e+00
      5.614      0.058     6.5958     62.416     62.130  46.930321     0.4324      7.609   153.1670 1.2369e-01    17.7336      5.506      7.986    12.7799 0.0000e+00
      5.631      0.060     6.6011     62.501     62.123  46.923190     0.4098      7.607   153.4364 1.2361e-01    17.6454      5.523      8.009    12.7748 0.0000e+00
      5.644      0.060     6.6062     62.605     62.114  46.915209     0.3632      7.606   153.8232 1.2369e-01    17.4875      5.535      8.028    12.7701 0.0000e+00
      5.656      0.060     6.6055     62.695     62.092  46.897307     0.3514      7.606   154.3163 1.2375e-01    17.3961      5.546      8.045    12.7667 0.0000e+00
      5.669      0.060     6.6073     62.786     62.093  46.897192     0.3756      7.605   154.6664 1.2380e-01    17.4622      5.557      8.060    12.7641 0.0000e+00
      5.685      0.062     6.6189     62.876     62.116  46.913824     0.3812      7.604   154.8734 1.2380e-01    17.6034      5.573      8.084    12.7631 0.0000e+00
      5.705      0.065     6.6322     62.977     62.109  46.907944     0.3616      7.603   155.1837 1.2374e-01    17.6693      5.595      8.115    12.7623 0.0000e+00
      5.723      0.069     6.6391     63.087     62.085  46.889579     0.3464      7.602   155.5790 1.2366e-01    17.6106      5.614      8.143    12.7615 0.0000e+00
      5.739      0.072     6.6510     63.162     62.075  46.882233     0.3547      7.601   155.8668 1.2367e-01    17.6109      5.627      8.161    12.7606 0.0000e+00
      5.755      0.074     6.6593     63.192     62.076  46.882607     0.3712      7.601   155.9960 1.2371e-01    17.8088      5.641      8.181    12.7598 0.0000e+00
      5.776      0.075     6.6688     63.209     62.091  46.894097     0.3714      7.601   156.1092 1.2368e-01    18.0564      5.664      8.215    12.7596 0.0000e+00
      5.797      0.075     6.6844     63.215     62.092  46.894192     0.3568      7.600   156.4609 1.2363e-01    18.1110      5.686      8.247    12.7596 0.0000e+00
      5.817      0.073     6.6921     63.191     62.078  46.883750     0.3441      7.599   156.8933 1.2366e-01    18.0588      5.703      8.271    12.7596 0.0000e+00
      5.838      0.068     6.6932     63.154     62.092  46.894816     0.3593      7.597   156.9483 1.2370e-01    18.4158      5.725      8.303    12.7596 0.0000e+00
      5.857      0.062     6.6946     63.122     62.100  46.901017     0.3988      7.596   156.7818 1.2371e-01    19.1491      5.747      8.335    12.7593 0.0000e+00
      5.871      0.055     6.6981     63.127     62.091  46.895238     0.4231      7.594   156.8600 1.2370e-01    19.5466      5.759      8.352    12.7589 0.0000e+00
      5.881      0.050     6.6927     63.167     62.082  46.888432     0.4191      7.592   157.2045 1.2367e-01    19.5665      5.766      8.363    12.7588 0.0000e+00
      5.891      0.046     6.6896     63.191     62.075  46.882206     0.4340      7.592   157.6780 1.2367e-01    19.8678      5.777      8.377    12.7586 0.0000e+00
      5.902      0.043     6.6844     63.212     62.078  46.883447     0.7943      7.592   158.1971 1.2366e-01    24.0096      5.788      8.394    12.7594 0.0000e+00
      5.913      0.041     6.6829     63.256     62.104  46.903427     1.4629      7.590   158.5762 1.2362e-01    31.6933      5.798      8.409    12.7606 0.0000e+00
      5.925      0.038     6.6931     63.288     62.140  46.933334     1.8272      7.588   158.8211 1.2363e-01    36.1163      5.811      8.428    12.7604 0.0000e+00
      5.937      0.034     6.6927     63.284     62.129  46.927625     1.9273      7.587   159.0929 1.2363e-01    39.2975      5.825      8.448    12.7596 0.0000e+00
      5.945      0.030     6.6938     63.273     62.091  46.897881     2.7407      7.586   159.3674 1.2362e-01    70.4302      5.832      8.459    12.7582 0.0000e+00
      5.949      0.026     6.7006     63.247     62.087  46.891139     4.2369      7.585   159.7312 1.2366e-01   127.5137      5.834      8.461    12.7581 0.0000e+00
      5.953      0.021     6.7058     63.192     62.117  46.909593     5.0450      7.583   160.2222 1.2369e-01   159.1641      5.837      8.465    12.7614 0.0000e+00
      5.958      0.017     6.7011     63.121     62.148  46.930542     5.0957      7.582   160.5712 1.2369e-01   167.5390      5.842      8.473    12.7642 0.0000e+00
      5.965      0.015     6.7020     63.051     62.181  46.953965     4.7998      7.581   160.7678 1.2367e-01   228.0901      5.850      8.485    12.7635 0.0000e+00
      5.970      0.014     6.7009     62.996     62.246  47.002331     4.2053      7.579   160.9638 1.2362e-01   338.5827      5.856      8.493    12.7594 0.0000e+00
      5.972      0.011     6.6936     62.932     62.419  47.134421     3.8591      7.576   161.1352 1.2364e-01   398.4728      5.857      8.494    12.7556 0.0000e+00
      5.973      0.008     6.6874     62.856     62.693  47.344794     3.7597      7.574   161.2915 1.2365e-01   399.6534      5.858      8.496    12.7542 0.0000e+00
      5.975      0.006     6.6771     62.772     62.910  47.514337     3.1113      7.573   161.5622 1.2362e-01   352.8575      5.859      8.498    12.7527 0.0000e+00
      5.976      0.004     6.6749     62.666     63.010  47.597158     1.9293      7.572   161.9989 1.2358e-01   266.1500      5.860      8.499    12.7513 0.0000e+00
      5.977      0.003     6.6672     62.514     62.984  47.584321     1.2778      7.572   162.4429 1.2359e-01   218.7940      5.861      8.501    12.7520 0.0000e+00
      5.977      0.003     6.6577     62.293     62.847  47.486106     1.2108      7.571   162.8004 1.2366e-01   214.4802      5.862      8.502    12.7558 0.0000e+00
      5.978      0.003     6.6505     62.166     62.763  47.425474     1.2018      7.571   162.9652 1.2365e-01   214.1291      5.862      8.503    12.7595 0.0000e+00
      5.979 -9.990e-29     6.6363 -9.990e-29 -9.990e-29 -9.990e-29 -9.990e-29 -9.990e-29 -9.990e-29 1.2363e-01 -9.990e-29      5.863      8.504    12.7670 0.0000e+00
      5.979 -9.990e-29     6.6251 -9.990e-29 -9.990e-29 -9.990e-29 -9.990e-29 -9.990e-29 -9.990e-29 1.2364e-01 -9.990e-29      5.863      8.504    12.7719 0.0000e+00
      5.980 -9.990e-29     6.5938 -9.990e-29 -9.990e-29 -9.990e-29 -9.990e-29 -9.990e-29 -9.990e-29 1.2365e-01 -9.990e-29      5.864      8.505    12.7760 0.0000e+00
      5.980 -9.990e-29     6.5650 -9.990e-29 -9.990e-29 -9.990e-29 -9.990e-29 -9.990e-29 -9.990e-29 1.2365e-01 -9.990e-29      5.864      8.506    12.7818 0.0000e+00
