Data/DataNotYetUploadedToEDI/Raw_CTD/RawDownloads/082923_fcr50_S8188001.cnv
* Sea-Bird SBE19plus  Data File:
* FileName = C:\R\Reservoirs\Data\DataNotYetUploadedToEDI\Raw_CTD\RawDownloads\082923_bvr50_S8188_0001.hex
* Software version 2.8.0.119
* Temperature SN = 8188
* Conductivity SN = 8188
* System UpLoad Time = Aug 30 2023 15:12:49
* <ApplicationData>
* <Seaterm232>
# nquan = 16
# nvalues = 1039                        
# units = specified
# name 0 = depFM: Depth [fresh water, m]
# name 1 = dz/dtM: Descent Rate [m/s]
# name 2 = sbeox0Mg/L: Oxygen, SBE 43 [mg/l]
# name 3 = sbeox0PS: Oxygen, SBE 43 [% saturation]
# name 4 = specc: Specific Conductance [uS/cm]
# name 5 = c0uS/cm: Conductivity [uS/cm]
# name 6 = wetCDOM: Fluorescence, WET Labs CDOM [mg/m^3]
# name 7 = flECO-AFL: Fluorescence, WET Labs ECO-AFL/FL [mg/m^3]
# name 8 = flECO-AFL1: Fluorescence, WET Labs ECO-AFL/FL, 2 [mg/m^3]
# name 9 = flECO-AFL2: Fluorescence, WET Labs ECO-AFL/FL, 3 [mg/m^3]
# name 10 = par/sat/log: PAR/Logarithmic, Satlantic
# name 11 = turbWETntu0: Turbidity, WET Labs ECO [NTU]
# name 12 = prdM: Pressure, Strain Gauge [db]
# name 13 = prdE: Pressure, Strain Gauge [psi]
# name 14 = tv290C: Temperature [ITS-90, deg C]
# name 15 = flag:  0.000e+00
# span 0 =     -0.678,      9.394       
# span 1 =     -0.314,      0.166       
# span 2 =     0.4451,     8.1514       
# span 3 =      4.390,     99.021       
# span 4 =     -0.056,    283.392       
# span 5 =  -0.058727, 207.390209       
# span 6 =    -4.5000,     4.7700       
# span 7 =    -0.1651,    25.1687       
# span 8 =    -2.1300,     0.5964       
# span 9 =    -2.0304,     8.5446       
# span 10 = 1.1577e-01, 1.0569e+03      
# span 11 =    -0.6338,    66.0098      
# span 12 =     -0.665,      9.212      
# span 13 =     -0.964,     13.361      
# span 14 =    11.5678,    27.3778      
# span 15 = 0.0000e+00, 0.0000e+00      
# interval = seconds: 0.25
# start_time = Aug 29 2023 13:41:59 [Instrument's time stamp, header]
# bad_flag = -9.990e-29
*END*
[from data line 272]
      0.068      0.064     8.1380     98.544     42.868  43.034596     4.4100     4.1494     0.0852     6.1335 2.1731e+02     7.5426      0.066      0.096    25.1952 0.0000e+00
      0.083      0.057     8.1303     98.497     42.862  43.026909     4.4100     4.1608     0.0852     6.1335 1.7856e+02     7.5877      0.081      0.118    25.1938 0.0000e+00
      0.096      0.049     8.1236     98.475     42.857  43.021176     4.4100     4.1647     0.0852     6.1335 1.5803e+02     7.5726      0.094      0.136    25.1923 0.0000e+00
      0.107      0.042     8.1181     98.478     42.863  43.027758     4.4100     4.1608     0.0852     6.1335 1.4506e+02     7.5276      0.104      0.151    25.1905 0.0000e+00
      0.116      0.036     8.1135     98.492     42.874  43.040482     4.4100     4.0846     0.1704     6.1335 1.3227e+02     7.5426      0.113      0.164    25.1885 0.0000e+00
      0.124      0.032     8.1099     98.504     42.878  43.046895     4.4100     4.0846     0.1704     6.1335 1.2664e+02     7.6027      0.121      0.176    25.1867 0.0000e+00
      0.131      0.028     8.1082     98.500     42.878  43.048705     4.4100     4.0998     0.1704     6.1335 1.3252e+02     7.5276      0.129      0.187    25.1855 0.0000e+00
      0.138      0.026     8.1084     98.478     42.874  43.046396     4.4100     4.0846     0.1704     6.1335 1.3668e+02     7.6779      0.135      0.196    25.1856 0.0000e+00
      0.144      0.024     8.1094     98.444     42.862  43.035389     4.4100     4.2257     0.1704     6.1335 1.4114e+02     7.5726      0.141      0.204    25.1872 0.0000e+00
      0.149      0.023     8.1099     98.408     42.845  43.016712     4.4100     4.2143     0.1278     5.9643 1.4343e+02     7.5726      0.146      0.212    25.1901 0.0000e+00
      0.154      0.023     8.1092     98.380     42.828  42.997272     4.4100     4.2333     0.1278     5.9643 1.4201e+02     7.5576      0.151      0.219    25.1932 0.0000e+00
      0.160      0.024     8.1070     98.365     42.817  42.983772     4.4100     4.1952     0.1278     5.9643 1.3977e+02     7.5426      0.157      0.227    25.1953 0.0000e+00
      0.166      0.024     8.1041     98.360     42.813  42.976574     4.4100     4.2791     0.1278     5.9643 1.3635e+02     7.5426      0.163      0.236    25.1957 0.0000e+00
      0.173      0.024     8.1014     98.358     42.812  42.973758     4.4100     4.2791     0.1704     6.1335 1.2917e+02     7.5726      0.169      0.245    25.1944 0.0000e+00
      0.179      0.023     8.0995     98.353     42.814  42.974572     4.4100     4.2944     0.1704     6.1335 1.2694e+02     7.5877      0.176      0.255    25.1918 0.0000e+00
      0.185      0.022     8.0987     98.338     42.819  42.979235     4.4100     4.3096     0.1704     6.1335 1.2389e+02     7.5426      0.182      0.264    25.1888 0.0000e+00
      0.191      0.021     8.0987     98.301     42.824  42.985028     4.4100     4.2791     0.1704     6.1335 1.2489e+02     7.1969      0.187      0.272    25.1858 0.0000e+00
      0.196      0.019     8.0989     98.233     42.828  42.989531     4.4100     4.2791     0.1704     6.1758 1.2811e+02     7.2871      0.192      0.279    25.1833 0.0000e+00
      0.200      0.017     8.0987     98.141     42.832  42.993947     4.4100     4.2905     0.1704     6.1758 1.2979e+02     7.3773      0.197      0.285    25.1815 0.0000e+00
      0.204      0.015     8.0976     98.040     42.832  42.995491     4.4100     4.2867     0.1704     6.1758 1.3118e+02     7.2420      0.200      0.290    25.1809 0.0000e+00
      0.208      0.013     8.0945     97.946     42.827  42.990612     4.4100     4.5156     0.1704     6.1758 1.3161e+02     7.3472      0.204      0.295    25.1813 0.0000e+00
      0.211      0.011     8.0888     97.865     42.822  42.985935     4.4100     4.5500     0.1278     6.0489 1.3172e+02     7.3322      0.207      0.300    25.1823 0.0000e+00
      0.213      0.009     8.0810     97.800     42.824  42.988135     4.4100     4.5194     0.1278     6.0489 1.3189e+02     7.3773      0.209      0.303    25.1835 0.0000e+00
      0.215      0.007     8.0726     97.755     42.829  42.993838     4.4100     4.5271     0.1278     6.0489 1.3075e+02     7.2119      0.211      0.306    25.1844 0.0000e+00
      0.216      0.006     8.0648     97.737     42.835  43.000602     4.4100     4.5118     0.1278     6.0489 1.2953e+02     7.3472      0.212      0.308    25.1850 0.0000e+00
      0.218      0.004     8.0581     97.751     42.840  43.006269     4.4100     4.5194     0.1278     6.0489 1.2772e+02     7.2720      0.214      0.310    25.1853 0.0000e+00
      0.219      0.003     8.0527     97.795     42.838  43.004424     4.4100     4.5118     0.1704     6.2604 1.2716e+02     7.3773      0.215      0.311    25.1856 0.0000e+00
      0.219      0.003     8.0489     97.863     42.831  42.998539     4.4100     4.5309     0.1704     6.2604 1.2725e+02     7.2420      0.215      0.312    25.1859 0.0000e+00
      0.220      0.002     8.0474     97.947     42.830  42.998931     4.4100     4.3096     0.1704     6.2604 1.2777e+02     7.3923      0.216      0.313    25.1866 0.0000e+00
      0.220      0.002     8.0484     98.037     42.832  43.001743     4.4100     4.3249     0.1704     6.2604 1.2869e+02     7.3021      0.216      0.313    25.1875 0.0000e+00
      0.221      0.002     8.0518     98.126     42.834  43.003761     4.4100     4.3287     0.1278     6.2181 1.2990e+02     7.2119      0.216      0.314    25.1886 0.0000e+00
      0.221      0.002     8.0572     98.200     42.839  43.009486     4.4100     4.3325     0.1278     6.2181 1.3135e+02     7.2871      0.217      0.314    25.1898 0.0000e+00
      0.221      0.001     8.0639     98.241     42.841  43.012521     4.4100     4.5652     0.1278     6.2181 1.3241e+02     7.3021      0.217      0.315    25.1909 0.0000e+00
      0.221      0.001     8.0713     98.245     42.839  43.009713     4.4100     4.5652     0.1278     6.2181 1.3204e+02     7.3773      0.217      0.315    25.1918 0.0000e+00
      0.222      0.002     8.0785     98.223     42.837  43.008237     4.4100     4.5957     0.1704     6.1758 1.3149e+02     7.3171      0.218      0.315    25.1927 0.0000e+00
      0.222      0.002     8.0844     98.198     42.837  43.007701     4.4100     4.5805     0.1704     6.1758 1.3086e+02     7.2420      0.218      0.316    25.1934 0.0000e+00
      0.222      0.002     8.0878     98.183     42.834  43.003997     4.4100     4.4050     0.1704     6.1758 1.2928e+02     7.2720      0.218      0.316    25.1938 0.0000e+00
      0.223      0.002     8.0880     98.180     42.831  43.000101     4.4100     4.4012     0.1704     6.1758 1.2844e+02     7.3622      0.219      0.317    25.1940 0.0000e+00
      0.223      0.002     8.0862     98.200     42.830  42.998937     4.4100     4.3935     0.1704     6.1758 1.2777e+02     7.3923      0.219      0.318    25.1938 0.0000e+00
      0.224      0.003     8.0842     98.250     42.828  42.996232     4.4100     4.4088     0.1704     5.7951 1.2833e+02     7.3472      0.220      0.319    25.1934 0.0000e+00
      0.225      0.003     8.0830     98.324     42.820  42.987302     4.4100     4.3707     0.1704     5.7951 1.2802e+02     7.3021      0.220      0.320    25.1928 0.0000e+00
      0.226      0.004     8.0830     98.406     42.811  42.977691     4.4100     4.3630     0.1704     5.7951 1.2839e+02     7.2720      0.221      0.321    25.1923 0.0000e+00
      0.227      0.004     8.0847     98.478     42.806  42.972759     4.4100     4.3668     0.1704     5.7951 1.2864e+02     7.2119      0.223      0.323    25.1917 0.0000e+00
      0.228      0.005     8.0889     98.522     42.802  42.967231     4.4100     4.3287     0.1704     5.8797 1.3018e+02     7.3472      0.224      0.324    25.1910 0.0000e+00
      0.229      0.005     8.0951     98.532     42.791  42.955668     4.4100     4.4508     0.1704     5.8797 1.3027e+02     7.3322      0.225      0.326    25.1902 0.0000e+00
      0.231      0.006     8.1020     98.514     42.772  42.934988     4.4100     4.4508     0.1704     5.8797 1.2990e+02     7.2720      0.226      0.328    25.1893 0.0000e+00
      0.232      0.008     8.1080     98.477     42.746  42.907600     4.4100     4.4508     0.1704     5.8797 1.2897e+02     7.3171      0.228      0.330    25.1885 0.0000e+00
      0.234      0.009     8.1119     98.430     42.723  42.882051     4.4100     4.4355     0.1278     6.0066 1.2800e+02     7.3472      0.230      0.333    25.1876 0.0000e+00
      0.237      0.011     8.1128     98.381     42.703  42.859452     4.4100     4.3173     0.1278     6.0066 1.2769e+02     7.2720      0.232      0.337    25.1866 0.0000e+00
      0.240      0.014     8.1115     98.334     42.681  42.833777     4.4100     4.3325     0.1278     6.0066 1.2648e+02     7.4073      0.235      0.341    25.1851 0.0000e+00
      0.243      0.016     8.1088     98.284     42.652  42.802142     4.4100     4.3516     0.1278     6.0066 1.2505e+02     7.3472      0.239      0.346    25.1829 0.0000e+00
      0.248      0.019     8.1053     98.220     42.620  42.767996     4.4100     4.3363     0.1278     6.0066 1.2530e+02     7.3622      0.243      0.352    25.1801 0.0000e+00
      0.253      0.023     8.1018     98.126     42.591  42.736103     4.4100     4.3935     0.1278     6.0066 1.2617e+02     7.6027      0.248      0.359    25.1768 0.0000e+00
      0.259      0.027     8.0985     97.994     42.567  42.709846     4.4100     4.3935     0.1278     6.0066 1.2626e+02     7.5726      0.254      0.368    25.1735 0.0000e+00
      0.266      0.033     8.0948     97.821     42.549  42.688166     4.4100     4.4012     0.1278     6.0066 1.2678e+02     7.5726      0.261      0.378    25.1704 0.0000e+00
      0.274      0.040     8.0899     97.617     42.524  42.659338     4.4100     4.4012     0.1278     6.0066 1.2797e+02     7.5576      0.269      0.390    25.1677 0.0000e+00
      0.285      0.048     8.0826     97.392     42.482  42.613693     4.5000     4.4241     0.1704     5.9643 1.2741e+02     7.7530      0.279      0.405    25.1648 0.0000e+00
      0.297      0.056     8.0722     97.150     42.419  42.545002     4.5000     4.3897     0.1704     5.9643 1.2800e+02     7.7981      0.292      0.423    25.1616 0.0000e+00
      0.313      0.065     8.0585     96.881     42.341  42.460703     4.5000     4.3974     0.1704     5.9643 1.2659e+02     7.7079      0.307      0.445    25.1578 0.0000e+00
      0.331      0.073     8.0423     96.567     42.277  42.389825     4.5000     4.3859     0.1704     5.9643 1.1615e+02     7.8733      0.325      0.471    25.1536 0.0000e+00
      0.352      0.080     8.0245     96.188     42.241  42.345168     4.5000     4.5728     0.1278     6.1335 1.1138e+02     6.8061      0.345      0.500    25.1487 0.0000e+00
      0.374      0.086     8.0054     95.730     42.227  42.322745     4.5000     4.5614     0.1278     6.1335 1.0419e+02     6.8813      0.367      0.532    25.1428 0.0000e+00
      0.397      0.091     7.9843     95.167     42.233  42.320539     4.5000     4.5957     0.1278     6.1335 1.0127e+02     6.8211      0.389      0.564    25.1355 0.0000e+00
      0.420      0.095     7.9597     94.461     42.250  42.330037     4.5000     4.5843     0.1278     6.1335 1.0050e+02     6.8813      0.412      0.598    25.1267 0.0000e+00
      0.444      0.099     7.9299     93.574     42.274  42.345847     4.4100     4.3935     0.1278     5.3721 9.6896e+01     5.8442      0.436      0.632    25.1172 0.0000e+00
      0.470      0.102     7.8935     92.486     42.315  42.376148     4.4100     4.3935     0.1278     5.3721 9.2654e+01     5.8292      0.461      0.669    25.1077 0.0000e+00
      0.497      0.104     7.8483     91.205     42.379  42.429017     4.4100     4.4202     0.1278     5.3721 8.3913e+01     5.9043      0.487      0.707    25.0984 0.0000e+00
      0.525      0.105     7.7914     89.767     42.475  42.510631     4.4100     4.3935     0.1278     5.3721 7.7582e+01     5.8893      0.515      0.747    25.0890 0.0000e+00
      0.553      0.106     7.7197     88.230     42.611  42.626902     4.3200     4.3363     0.1278     4.6530 7.5487e+01     3.5746      0.542      0.787    25.0788 0.0000e+00
      0.580      0.107     7.6315     86.652     42.786  42.773174     4.3200     4.3401     0.1278     4.6530 7.6345e+01     3.4995      0.568      0.825    25.0670 0.0000e+00
      0.606      0.106     7.5276     85.093     42.977  42.927037     4.3200     4.3249     0.1278     4.6530 7.3945e+01     3.4995      0.594      0.862    25.0533 0.0000e+00
      0.633      0.106     7.4112     83.590     43.149  43.056212     4.3200     4.3211     0.1278     4.6530 6.8977e+01     3.5446      0.621      0.900    25.0362 0.0000e+00
      0.661      0.104     7.2873     82.117     43.280  43.145615     4.3200     4.3363     0.1278     4.6530 6.4765e+01     3.3642      0.648      0.940    25.0128 0.0000e+00
      0.689      0.102     7.1612     80.563     43.372  43.201251     4.1400     4.0311     0.0852     3.8493 5.9619e+01     2.7179      0.675      0.979    24.9796 0.0000e+00
      0.716      0.097     7.0379     78.749     43.431  43.230031     4.1400     4.0464     0.0852     3.8493 5.6503e+01     2.8081      0.701      1.017    24.9365 0.0000e+00
      0.741      0.092     6.9198     76.484     43.466  43.241609     4.1400     4.0273     0.0852     3.8493 5.3295e+01     2.7780      0.726      1.053    24.8879 0.0000e+00
      0.763      0.086     6.8038     73.663     43.490  43.248978     4.1400     4.0197     0.0852     3.8493 5.2025e+01     2.8532      0.748      1.085    24.8400 0.0000e+00
      0.783      0.080     6.6803     70.329     43.510  43.256083     4.0500     3.9816     0.0852     1.9881 5.2206e+01     2.7029      0.768      1.114    24.7976 0.0000e+00
      0.802      0.075     6.5341     66.633     43.531  43.264821     4.0500     3.9930     0.0852     1.9881 5.1732e+01     2.6879      0.786      1.140    24.7630 0.0000e+00
      0.819      0.072     6.3493     62.793     43.559  43.279501     4.0500     3.9510     0.0852     1.9881 5.1084e+01     2.5676      0.803      1.165    24.7367 0.0000e+00
      0.836      0.070     6.1173     59.084     43.589  43.294131     4.0500     3.9663     0.0852     1.9881 5.0565e+01     2.6127      0.820      1.189    24.7173 0.0000e+00
      0.854      0.070     5.8420     55.786     43.611  43.298743     4.0500     3.9091     0.0426     1.6497 4.9221e+01     2.3121      0.837      1.214    24.7022 0.0000e+00
      0.872      0.070     5.5363     53.090     43.628  43.298528     4.0500     3.8862     0.0426     1.6497 4.7353e+01     2.3722      0.855      1.240    24.6885 0.0000e+00
      0.890      0.069     5.2187     51.057     43.646  43.301355     4.0500     3.9091     0.0426     1.6497 4.5448e+01     2.3271      0.873      1.266    24.6734 0.0000e+00
      0.909      0.067     4.9120     49.628     43.661  43.304012     4.0500     3.9091     0.0426     1.6497 4.3505e+01     2.4173      0.891      1.292    24.6558 0.0000e+00
      0.926      0.064     4.6395     48.665     43.674  43.307208     4.0500     3.6077     0.0852     1.3536 4.1169e+01     2.2069      0.908      1.317    24.6365 0.0000e+00
      0.942      0.059     4.4169     48.009     43.685  43.311794     4.0500     3.5963     0.0852     1.3536 4.1116e+01     2.1017      0.924      1.340    24.6169 0.0000e+00
      0.957      0.055     4.2493     47.516     43.692  43.315031     4.0500     3.6001     0.0852     1.3536 4.0223e+01     2.1618      0.938      1.361    24.5993 0.0000e+00
      0.970      0.050     4.1315     47.074     43.702  43.321745     4.0500     3.5963     0.0852     1.3536 3.9780e+01     2.0716      0.951      1.379    24.5849 0.0000e+00
