Data/DataNotYetUploadedToEDI/Raw_CTD/RawDownloads/082922_fcr50_S7809001.cnv
* Sea-Bird SBE19plus  Data File:
* FileName = C:\R\Reservoirs\Data\DataNotYetUploadedToEDI\Raw_CTD\RawDownloads\082922_fcr50_S7809_0001.hex
* Software version 2.8.0.119
* Temperature SN = 7809
* Conductivity SN = 7809
* System UpLoad Time = Aug 29 2022 13:00:09
* <ApplicationData>
* <Seaterm232>
# nquan = 15
# nvalues = 2325                        
# units = specified
# name 0 = depFM: Depth [fresh water, m]
# name 1 = dz/dtM: Descent Rate [m/s]
# name 2 = sbeox0Mg/L: Oxygen, SBE 43 [mg/l]
# name 3 = sbeox0PS: Oxygen, SBE 43 [% saturation]
# name 4 = specc: Specific Conductance [uS/cm]
# name 5 = c0uS/cm: Conductivity [uS/cm]
# name 6 = flECO-AFL: Fluorescence, WET Labs ECO-AFL/FL [mg/m^3]
# name 7 = ph: pH
# name 8 = orp: Oxidation Reduction Potential [mV]
# name 9 = par/sat/log: PAR/Logarithmic, Satlantic
# name 10 = turbWETntu0: Turbidity, WET Labs ECO [NTU]
# name 11 = prdM: Pressure, Strain Gauge [db]
# name 12 = prdE: Pressure, Strain Gauge [psi]
# name 13 = tv290C: Temperature [ITS-90, deg C]
# name 14 = flag:  0.000e+00
# span 0 =     -0.622,      9.546       
# span 1 =     -0.286,      0.212       
# span 2 =     0.0089,     6.7331       
# span 3 =      0.124,     82.218       
# span 4 =      0.876,    500.210       
# span 5 =   0.893275, 367.117711       
# span 6 =    -1.2948,   232.6634       
# span 7 =      5.895,      8.507       
# span 8 = -1240.7455,   236.2933       
# span 9 = 1.2355e-01, 1.6039e+03       
# span 10 =    -0.3996,   377.3740      
# span 11 =     -0.610,      9.362      
# span 12 =     -0.885,     13.579      
# span 13 =    11.3233,    26.0252      
# span 14 = 0.0000e+00, 0.0000e+00      
# interval = seconds: 0.25
# start_time = Aug 29 2022 06:33:34 [Instrument's time stamp, header]
# bad_flag = -9.990e-29
*END*
[from data line 2121]
      2.449     -0.107     0.2411      5.237     55.747  46.557110    17.1810      8.216  -110.7750 5.1540e+01     6.7855      2.399      3.481    15.9165 0.0000e+00
      2.419     -0.103     0.3090      5.936     55.092  46.166450    17.1286      8.214  -109.2780 5.3604e+01     6.6504      2.371      3.438    16.2166 0.0000e+00
      2.395     -0.098     0.3719      6.644     54.472  45.822217    16.8536      8.212  -107.7870 5.5439e+01     6.4759      2.348      3.405    16.3965 0.0000e+00
      2.374     -0.092     0.4390      7.376     53.469  45.186732    16.3613      8.208  -106.5134 5.7227e+01     6.3496      2.327      3.375    16.6279 0.0000e+00
      2.353     -0.086     0.5109      8.116     52.510  44.637027    16.0955      8.203  -105.6659 5.9256e+01     6.3190      2.309      3.348    16.7562 0.0000e+00
      2.330     -0.084     0.5739      8.853     51.919  44.378371    16.0947      8.200  -105.1971 6.1308e+01     6.3107      2.285      3.313    16.8840 0.0000e+00
      2.309     -0.085     0.6403      9.594     51.602  44.280027    16.4014      8.198  -104.9761 6.3030e+01     6.3175      2.263      3.282    17.0567 0.0000e+00
      2.290     -0.088     0.7094     10.374     51.372  44.209447    16.9829      8.195  -104.6276 6.4872e+01     6.4010      2.247      3.259    17.2172 0.0000e+00
      2.269     -0.091     0.7761     11.235     50.967  43.969209    17.3066      8.190  -103.9096 6.7337e+01     6.5006      2.227      3.230    17.5111 0.0000e+00
      2.243     -0.094     0.8421     12.167     50.481  43.659239    17.3357      8.185  -103.0048 7.0128e+01     6.5303      2.201      3.192    17.7735 0.0000e+00
      2.216     -0.097     0.9087     13.072     50.199  43.506752    17.3017      8.181  -102.2918 7.2701e+01     6.4538      2.172      3.151    17.9077 0.0000e+00
      2.191     -0.097     0.9787     13.898     50.369  43.711527    17.2367      8.176  -101.7422 7.5136e+01     6.3277      2.148      3.117    18.0356 0.0000e+00
      2.166     -0.092     1.0565     14.650     50.778  44.105246    17.1991      8.171  -101.0057 7.7943e+01     6.3037      2.127      3.084    18.1222 0.0000e+00
      2.140     -0.086     1.1481     15.328     50.942  44.270674    17.0967      8.168  -100.2705 8.0734e+01     6.3676      2.097      3.042    18.2460 0.0000e+00
      2.116     -0.081     1.2315     15.918     50.681  44.062349    15.8986      8.165   -99.5634 8.2549e+01     6.3482      2.071      3.003    18.3513 0.0000e+00
      2.100     -0.080     1.3072     16.354     50.111  43.616441    13.6826      8.161   -98.7371 8.3622e+01     6.2058      2.057      2.984    18.3839 0.0000e+00
      2.088     -0.080     1.3774     16.586     49.455  43.129583    12.4596      8.158   -97.8508 8.5150e+01     6.0810      2.050      2.973    18.4334 0.0000e+00
      2.071     -0.080     1.4391     16.649     48.750  42.616411    12.3561      8.155   -96.7637 8.7716e+01     6.0687      2.034      2.950    18.4531 0.0000e+00
      2.047     -0.082     1.4986     16.637     48.020  42.105951    12.4071      8.153   -95.4874 9.0937e+01     6.1592      2.008      2.912    18.4492 0.0000e+00
      2.020     -0.086     1.5394     16.657     47.379  41.715255    12.4846      8.150   -94.3786 9.3997e+01     6.2535      1.980      2.870    18.5011 0.0000e+00
      1.995     -0.090     1.5572     16.804     46.713  41.318060    12.5103      8.147   -93.5951 9.6379e+01     6.2530      1.954      2.834    18.5972 0.0000e+00
      1.975     -0.093     1.5557     17.108     46.135  40.982657    12.4848      8.145   -92.8982 9.8488e+01     6.2211      1.936      2.809    18.7019 0.0000e+00
      1.956     -0.094     1.5481     17.575     45.801  40.831611    12.2844      8.141   -92.2330 1.0100e+02     6.2431      1.920      2.783    18.8138 0.0000e+00
      1.932     -0.093     1.5395     18.237     45.617  40.760530    11.9187      8.136   -91.4893 1.0403e+02     6.3137      1.896      2.749    19.0127 0.0000e+00
      1.905     -0.091     1.5459     19.047     45.628  40.821045    11.7169      8.131   -90.5307 1.0736e+02     6.3578      1.868      2.710    19.2352 0.0000e+00
      1.876     -0.089     1.5694     19.916     45.779  40.992504    11.6926      8.127   -89.5912 1.1074e+02     6.3321      1.839      2.668    19.4153 0.0000e+00
      1.850     -0.089     1.6032     20.804     45.686  40.930844    11.6659      8.125   -88.6468 1.1319e+02     6.2765      1.811      2.626    19.5991 0.0000e+00
      1.833     -0.091     1.6627     21.654     45.114  40.456088    11.4527      8.124   -87.4578 1.1436e+02     6.1642      1.794      2.603    19.6931 0.0000e+00
      1.821     -0.095     1.7405     22.397     44.492  40.009308    11.0627      8.122   -85.8843 1.1639e+02     5.9984      1.789      2.595    19.7240 0.0000e+00
      1.801     -0.099     1.8174     23.010     44.108  39.841996    10.8460      8.117   -84.0773 1.2043e+02     5.9116      1.771      2.567    19.7795 0.0000e+00
      1.769     -0.104     1.8999     23.568     43.901  39.828724    10.7798      8.113   -82.3867 1.2541e+02     5.8662      1.737      2.518    19.7912 0.0000e+00
      1.733     -0.111     1.9810     24.230     43.865  39.912495    10.3034      8.110   -81.0166 1.3041e+02     5.6204      1.698      2.463    19.7943 0.0000e+00
      1.699     -0.117     2.0433     25.035     43.725  39.840243     9.4565      8.106   -80.0734 1.3451e+02     5.2624      1.662      2.410    19.9242 0.0000e+00
      1.674     -0.118     2.0886     25.898     43.396  39.589426     9.0124      8.101   -79.1562 1.3771e+02     5.1248      1.641      2.378    20.1686 0.0000e+00
      1.650     -0.113     2.1213     26.726     43.167  39.480312     8.9543      8.096   -77.8424 1.4186e+02     5.1182      1.622      2.353    20.3805 0.0000e+00
      1.619     -0.106     2.1744     27.454     43.103  39.535878     8.5870      8.092   -76.4054 1.4725e+02     4.8412      1.588      2.305    20.5227 0.0000e+00
      1.586     -0.100     2.2501     28.129     43.056  39.563783     7.9172      8.088   -75.1174 1.5207e+02     4.3712      1.552      2.251    20.5582 0.0000e+00
      1.558     -0.095     2.3281     28.838     42.951  39.500696     7.5567      8.084   -73.9708 1.5507e+02     4.1841      1.523      2.211    20.5717 0.0000e+00
      1.539     -0.089     2.4004     29.598     42.872  39.470783     7.5326      8.079   -72.7804 1.5762e+02     4.2191      1.508      2.187    20.7181 0.0000e+00
      1.521     -0.081     2.4546     30.348     42.863  39.519288     7.5334      8.074   -71.3940 1.6190e+02     4.2129      1.494      2.167    20.8827 0.0000e+00
      1.500     -0.074     2.5074     31.026     42.817  39.516437     7.5246      8.069   -70.1996 1.6653e+02     4.1777      1.471      2.134    20.9600 0.0000e+00
      1.480     -0.072     2.5701     31.647     42.775  39.499792     7.5186      8.064   -69.3517 1.6995e+02     4.1348      1.449      2.102    20.9692 0.0000e+00
      1.463     -0.071     2.6371     32.209     42.838  39.571760     7.5356      8.059   -68.2835 1.7311e+02     4.1385      1.435      2.082    21.0149 0.0000e+00
      1.448     -0.069     2.7032     32.646     42.889  39.625540     7.6376      8.053   -66.8348 1.7671e+02     4.1200      1.422      2.063    21.1103 0.0000e+00
      1.430     -0.067     2.7584     32.917     42.759  39.515811     7.7957      8.048   -65.5158 1.8085e+02     4.0125      1.403      2.035    21.1479 0.0000e+00
      1.410     -0.067     2.8127     33.046     42.515  39.323236     7.8657      8.044   -64.6398 1.8469e+02     3.9328      1.381      2.003    21.1671 0.0000e+00
      1.393     -0.068     2.8647     33.104     42.318  39.199853     7.8592      8.040   -63.9008 1.8737e+02     3.8742      1.363      1.977    21.1889 0.0000e+00
      1.380     -0.071     2.9049     33.194     42.148  39.102272     7.8504      8.036   -63.0323 1.9007e+02     3.8162      1.354      1.965    21.1884 0.0000e+00
      1.364     -0.073     2.9277     33.430     41.873  38.904534     7.7433      8.032   -61.9689 1.9403e+02     3.8122      1.340      1.944    21.1945 0.0000e+00
      1.343     -0.074     2.9349     33.891     41.502  38.648304     7.5379      8.028   -60.5936 1.9849e+02     3.8600      1.317      1.910    21.2242 0.0000e+00
      1.321     -0.074     2.9323     34.596     41.239  38.541150     7.4224      8.023   -59.0517 2.0313e+02     3.9156      1.296      1.879    21.3144 0.0000e+00
      1.300     -0.074     2.9312     35.533     41.099  38.560445     7.3954      8.018   -57.5225 2.0817e+02     3.9033      1.276      1.851    21.3903 0.0000e+00
      1.280     -0.073     2.9480     36.757     40.919  38.501299     7.2374      8.014   -56.1281 2.1242e+02     3.8823      1.253      1.817    21.4344 0.0000e+00
      1.263     -0.072     2.9812     38.281     40.726  38.396950     6.9509      8.011   -54.7544 2.1541e+02     3.9013      1.236      1.793    21.5301 0.0000e+00
      1.250     -0.070     3.0356     39.920     40.563  38.313582     6.7953      8.006   -53.2161 2.1940e+02     3.8936      1.228      1.782    21.7135 0.0000e+00
      1.233     -0.070     3.1016     41.444     40.419  38.254439     6.7786      8.002   -51.7259 2.2484e+02     3.8914      1.211      1.757    21.9361 0.0000e+00
      1.212     -0.072     3.1985     42.780     40.329  38.252739     6.7993      7.999   -50.4161 2.2981e+02     3.8405      1.187      1.722    22.0537 0.0000e+00
      1.192     -0.076     3.3344     43.988     40.231  38.229719     6.8540      7.996   -49.0806 2.3318e+02     3.7228      1.167      1.693    22.1350 0.0000e+00
      1.175     -0.081     3.4801     45.107     40.116  38.166468     6.8903      7.992   -47.7106 2.3556e+02     3.6983      1.153      1.672    22.2219 0.0000e+00
      1.156     -0.085     3.6091     46.139     40.045  38.122230     6.8882      7.988   -46.4996 2.4036e+02     3.7151      1.136      1.647    22.3044 0.0000e+00
      1.133     -0.089     3.7118     47.109     39.988  38.075375     6.8375      7.984   -45.1927 2.4770e+02     3.6186      1.112      1.612    22.4335 0.0000e+00
      1.108     -0.091     3.8104     48.051     39.923  38.043886     6.7606      7.980   -43.6963 2.5482e+02     3.4872      1.086      1.576    22.5154 0.0000e+00
      1.082     -0.090     3.9031     48.948     39.864  38.058630     6.7240      7.976   -42.2585 2.6365e+02     3.4589      1.063      1.542    22.5723 0.0000e+00
      1.056     -0.085     3.9892     49.793     39.789  38.063491     6.7115      7.973   -40.8865 2.7386e+02     3.4813      1.034      1.500    22.6090 0.0000e+00
      1.032     -0.078     4.0718     50.587     39.697  38.039360     6.5929      7.971   -39.5838 2.7961e+02     3.4166      1.007      1.461    22.5906 0.0000e+00
      1.015     -0.071     4.1535     51.316     39.584  38.020621     6.3793      7.970   -38.1232 2.8134e+02     3.2566      0.994      1.443    22.6121 0.0000e+00
      1.003     -0.066     4.2215     52.028     39.467  38.027300     6.2677      7.967   -36.6492 2.8516e+02     3.1536      0.985      1.429    22.7323 0.0000e+00
      0.989     -0.064     4.2841     52.803     39.389  38.056874     6.2680      7.963   -35.6995 2.9014e+02     3.1613      0.970      1.407    22.8447 0.0000e+00
      0.973     -0.065     4.3511     53.691     39.330  38.061254     6.2417      7.960   -34.9870 2.9253e+02     3.1784      0.954      1.384    22.8863 0.0000e+00
      0.957     -0.066     4.4019     54.675     39.249  38.016935     5.8744      7.955   -34.1429 2.9501e+02     3.1564      0.940      1.362    23.0001 0.0000e+00
      0.938     -0.067     4.4449     55.653     39.165  37.964981     5.2145      7.950   -33.2374 3.0148e+02     3.1681      0.922      1.336    23.1791 0.0000e+00
      0.918     -0.070     4.4967     56.523     39.112  37.940473     4.8625      7.945   -31.9544 3.0948e+02     3.1836      0.899      1.304    23.3319 0.0000e+00
      0.900     -0.073     4.5671     57.248     39.035  37.910898     4.8230      7.941   -30.1585 3.1539e+02     3.1382      0.880      1.277    23.3930 0.0000e+00
      0.885     -0.076     4.6524     57.838     38.897  37.861122     4.6958      7.938   -28.4730 3.2241e+02     3.0629      0.870      1.260    23.4185 0.0000e+00
      0.868     -0.079     4.7352     58.373     38.772  37.846098     4.4639      7.934   -27.2346 3.2966e+02     2.9566      0.855      1.240    23.4710 0.0000e+00
      0.844     -0.084     4.8075     58.958     38.686  37.856240     4.3336      7.932   -26.2845 3.3326e+02     2.9119      0.830      1.204    23.4864 0.0000e+00
      0.819     -0.090     4.8656     59.669     38.633  37.857051     4.3107      7.930   -25.3300 3.3837e+02     2.9329      0.802      1.161    23.5326 0.0000e+00
      0.797     -0.096     4.9017     60.497     38.608  37.855990     4.1211      7.927   -24.1267 3.5326e+02     2.7994      0.781      1.133    23.6520 0.0000e+00
      0.775     -0.099     4.9293     61.318     38.568  37.843435     3.7555      7.924   -22.9200 3.6558e+02     2.5284      0.765      1.108    23.8056 0.0000e+00
      0.747     -0.101     4.9629     62.016     38.517  37.832119     3.5439      7.921   -21.9254 3.6635e+02     2.3546      0.734      1.065    23.9490 0.0000e+00
      0.717     -0.101     5.0171     62.604     38.483  37.846067     3.5181      7.919   -20.9631 3.6551e+02     2.3039      0.701      1.017    24.0050 0.0000e+00
      0.691     -0.100     5.0907     63.148     38.472  37.885314     3.5518      7.917   -19.9745 3.5919e+02     2.3929      0.677      0.981    24.0134 0.0000e+00
      0.666     -0.095     5.1614     63.676     38.469  37.926217     3.6100      7.915   -19.0066 3.5547e+02     2.5770      0.654      0.949    24.0497 0.0000e+00
      0.641     -0.089     5.2132     64.180     38.457  37.960186     3.6393      7.912   -18.0368 3.5969e+02     2.6512      0.626      0.910    24.1029 0.0000e+00
      0.618     -0.084     5.2539     64.639     38.408  37.979009     3.6482      7.909   -17.0243 3.5443e+02     2.6073      0.603      0.875    24.1636 0.0000e+00
      0.600     -0.082     5.2921     65.045     38.308  37.963646     3.6929      7.906   -15.8856 3.4343e+02     2.5242      0.589      0.854    24.2363 0.0000e+00
      0.584     -0.082     5.3308     65.397     38.235  37.964806     3.7795      7.904   -14.6786 3.4450e+02     2.4321      0.572      0.831    24.2908 0.0000e+00
      0.565     -0.081     5.3705     65.720     38.213  37.993148     3.8304      7.902   -13.5305 3.5847e+02     2.3814      0.554      0.804    24.3330 0.0000e+00
      0.542     -0.081     5.3985     66.073     38.175  37.989315     3.8333      7.901   -12.4141 3.7827e+02     2.3559      0.533      0.772    24.4282 0.0000e+00
      0.517     -0.082     5.4208     66.478     38.135  37.981933     3.8231      7.898   -11.4199 4.0549e+02     2.3287      0.505      0.733    24.5491 0.0000e+00
      0.494     -0.084     5.4391     66.887     38.149  38.030772     3.7822      7.895   -10.6292 4.3228e+02     2.3256      0.482      0.699    24.6546 0.0000e+00
      0.477     -0.084     5.4573     67.244     38.164  38.072540     3.7304      7.895    -9.6515 4.4396e+02     2.3526      0.468      0.678    24.7147 0.0000e+00
      0.459     -0.082     5.4821     67.550     38.122  38.043070     3.7123      7.894    -8.4606 4.6224e+02     2.3824      0.453      0.657    24.7485 0.0000e+00
      0.437     -0.079     5.5135     67.845     38.063  37.991552     3.7132      7.892    -7.5868 5.2482e+02     2.3778      0.430      0.623    24.7907 0.0000e+00
      0.412     -0.078     5.5446     68.141     38.020  37.956993     3.7333      7.890    -7.0020 5.7167e+02     2.3993      0.402      0.583    24.8419 0.0000e+00
