Data/DataNotYetUploadedToEDI/Raw_CTD/RawDownloads/082923_fcr50_S8188001.cnv
* Sea-Bird SBE19plus  Data File:
* FileName = C:\R\Reservoirs\Data\DataNotYetUploadedToEDI\Raw_CTD\RawDownloads\082923_bvr50_S8188_0001.hex
* Software version 2.8.0.119
* Temperature SN = 8188
* Conductivity SN = 8188
* System UpLoad Time = Aug 30 2023 15:12:49
* <ApplicationData>
* <Seaterm232>
# nquan = 16
# nvalues = 1039                        
# units = specified
# name 0 = depFM: Depth [fresh water, m]
# name 1 = dz/dtM: Descent Rate [m/s]
# name 2 = sbeox0Mg/L: Oxygen, SBE 43 [mg/l]
# name 3 = sbeox0PS: Oxygen, SBE 43 [% saturation]
# name 4 = specc: Specific Conductance [uS/cm]
# name 5 = c0uS/cm: Conductivity [uS/cm]
# name 6 = wetCDOM: Fluorescence, WET Labs CDOM [mg/m^3]
# name 7 = flECO-AFL: Fluorescence, WET Labs ECO-AFL/FL [mg/m^3]
# name 8 = flECO-AFL1: Fluorescence, WET Labs ECO-AFL/FL, 2 [mg/m^3]
# name 9 = flECO-AFL2: Fluorescence, WET Labs ECO-AFL/FL, 3 [mg/m^3]
# name 10 = par/sat/log: PAR/Logarithmic, Satlantic
# name 11 = turbWETntu0: Turbidity, WET Labs ECO [NTU]
# name 12 = prdM: Pressure, Strain Gauge [db]
# name 13 = prdE: Pressure, Strain Gauge [psi]
# name 14 = tv290C: Temperature [ITS-90, deg C]
# name 15 = flag:  0.000e+00
# span 0 =     -0.678,      9.394       
# span 1 =     -0.314,      0.166       
# span 2 =     0.4451,     8.1514       
# span 3 =      4.390,     99.021       
# span 4 =     -0.056,    283.392       
# span 5 =  -0.058727, 207.390209       
# span 6 =    -4.5000,     4.7700       
# span 7 =    -0.1651,    25.1687       
# span 8 =    -2.1300,     0.5964       
# span 9 =    -2.0304,     8.5446       
# span 10 = 1.1577e-01, 1.0569e+03      
# span 11 =    -0.6338,    66.0098      
# span 12 =     -0.665,      9.212      
# span 13 =     -0.964,     13.361      
# span 14 =    11.5678,    27.3778      
# span 15 = 0.0000e+00, 0.0000e+00      
# interval = seconds: 0.25
# start_time = Aug 29 2023 13:41:59 [Instrument's time stamp, header]
# bad_flag = -9.990e-29
*END*
[from data line 543]
      3.573      0.069     0.6150      6.324     55.249  42.132902     4.4100     0.6551     0.2556     0.5076 1.1908e+00    12.5927      3.504      5.081    13.3342 0.0000e+00
      3.590      0.069     0.6186      6.568     55.250  42.073431     4.4100     0.6551     0.2556     0.5076 1.1774e+00    12.3973      3.521      5.106    13.2803 0.0000e+00
      3.608      0.069     0.6275      6.833     55.215  41.985079     4.2300     0.6551     0.2556     0.4653 1.1364e+00    12.5176      3.538      5.132    13.2294 0.0000e+00
      3.626      0.070     0.6429      7.098     55.145  41.870042     4.2300     0.6665     0.2556     0.4653 1.1441e+00    12.5476      3.556      5.158    13.1788 0.0000e+00
      3.644      0.070     0.6646      7.336     55.053  41.739243     4.2300     0.6818     0.2556     0.4653 1.1069e+00    12.4875      3.573      5.183    13.1264 0.0000e+00
      3.662      0.071     0.6910      7.517     54.975  41.621200     4.2300     0.6780     0.2556     0.4653 1.0940e+00    12.4875      3.591      5.208    13.0720 0.0000e+00
      3.679      0.071     0.7198      7.614     54.916  41.518113     4.2300     0.6017     0.2556     0.3384 1.0728e+00    11.1198      3.608      5.234    13.0162 0.0000e+00
      3.698      0.071     0.7486      7.619     54.854  41.414376     4.2300     0.6017     0.2556     0.3384 1.0622e+00    11.0596      3.626      5.259    12.9601 0.0000e+00
      3.716      0.070     0.7746      7.541     54.796  41.314023     4.2300     0.5940     0.2556     0.3384 1.0348e+00    10.9695      3.644      5.286    12.9049 0.0000e+00
      3.735      0.069     0.7946      7.402     54.741  41.218026     4.2300     0.6093     0.2556     0.3384 1.0086e+00    11.1799      3.662      5.312    12.8510 0.0000e+00
      3.752      0.068     0.8058      7.231     54.689  41.126538     4.2300     0.7009     0.2556     0.3384 9.7778e-01     7.0466      3.680      5.337    12.7981 0.0000e+00
      3.769      0.066     0.8072      7.053     54.654  41.054784     4.1400     0.7238     0.2982     0.2961 9.9687e-01     7.0917      3.696      5.361    12.7460 0.0000e+00
      3.786      0.064     0.7998      6.898     54.645  41.009382     4.1400     0.7123     0.2982     0.2961 9.3274e-01     7.0466      3.712      5.384    12.6947 0.0000e+00
      3.802      0.063     0.7860      6.788     54.649  40.978224     4.1400     0.7161     0.2982     0.2961 9.2327e-01     7.1217      3.728      5.407    12.6448 0.0000e+00
      3.817      0.062     0.7686      6.735     54.666  40.953000     4.1400     0.5445     0.2982     0.2961 9.2809e-01     6.3552      3.743      5.430    12.5977 0.0000e+00
      3.833      0.062     0.7504      6.744     54.713  40.938871     3.7800     0.5483     0.1704     0.3384 8.8978e-01     6.4003      3.759      5.452    12.5558 0.0000e+00
      3.848      0.062     0.7345      6.805     54.811  40.947915     3.7800     0.5368     0.1704     0.3384 8.9075e-01     6.3402      3.774      5.473    12.5207 0.0000e+00
      3.864      0.062     0.7233      6.906     54.955  40.982543     3.7800     0.5368     0.1704     0.3384 8.6031e-01     6.4003      3.789      5.495    12.4895 0.0000e+00
      3.880      0.063     0.7183      7.047     55.111  41.024248     3.7800     0.4300     0.1704     0.3384 8.4935e-01     8.7300      3.804      5.518    12.4551 0.0000e+00
      3.896      0.064     0.7201      7.234     55.254  41.060378     3.5100     0.4453     0.1278     0.2538 8.4604e-01     8.6097      3.820      5.541    12.4099 0.0000e+00
      3.912      0.065     0.7276      7.480     55.387  41.092639     3.5100     0.4491     0.1278     0.2538 7.9922e-01     8.7300      3.836      5.564    12.3516 0.0000e+00
      3.928      0.066     0.7395      7.802     55.510  41.121709     3.5100     0.4148     0.1278     0.2538 7.8051e-01     8.6999      3.853      5.588    12.2854 0.0000e+00
      3.946      0.068     0.7558      8.225     55.623  41.147412     3.5100     0.3919     0.1278     0.2538 7.5122e-01     9.3612      3.869      5.612    12.2183 0.0000e+00
      3.963      0.069     0.7770      8.775     55.714  41.164714     3.7800     0.2393     0.2130     0.1692 6.7564e-01    10.8342      3.887      5.637    12.1543 0.0000e+00
      3.981      0.070     0.8045      9.467     55.780  41.170302     3.7800     0.2316     0.2130     0.1692 6.4424e-01    10.8492      3.904      5.663    12.0942 0.0000e+00
      3.999      0.071     0.8403     10.305     55.826  41.169628     3.7800     0.2355     0.2130     0.1692 6.2602e-01    10.8342      3.922      5.689    12.0377 0.0000e+00
      4.017      0.072     0.8869     11.280     55.866  41.170435     3.7800     0.2431     0.2130     0.1692 6.2548e-01    10.7741      3.940      5.715    11.9858 0.0000e+00
      4.035      0.072     0.9472     12.358     55.906  41.176900     3.7800     0.2431     0.2130     0.1692 5.9888e-01    11.2851      3.958      5.740    11.9402 0.0000e+00
      4.054      0.073     1.0228     13.481     55.944  41.186784     4.0500     0.2507     0.2556     0.2115 6.1084e-01    11.3302      3.975      5.766    11.9019 0.0000e+00
      4.073      0.073     1.1141     14.601     55.974  41.194798     4.0500     0.2202     0.2556     0.2115 5.1819e-01    11.2851      3.994      5.793    11.8704 0.0000e+00
      4.092      0.072     1.2202     15.675     55.992  41.199115     4.0500     0.2202     0.2556     0.2115 4.7805e-01    11.3452      4.013      5.821    11.8447 0.0000e+00
      4.111      0.071     1.3373     16.672     56.004  41.200887     4.0500     0.1592     0.2556     0.2115 4.7402e-01    11.5556      4.032      5.848    11.8240 0.0000e+00
      4.129      0.070     1.4594     17.568     56.010  41.200587     4.2300     0.1668     0.2556     0.1692 4.6777e-01    11.6308      4.049      5.873    11.8078 0.0000e+00
      4.146      0.069     1.5810     18.347     56.013  41.198134     4.2300     0.1477     0.2556     0.1692 4.4497e-01    11.5256      4.066      5.898    11.7958 0.0000e+00
      4.163      0.068     1.6975     19.003     56.019  41.196837     4.2300     0.1706     0.2556     0.1692 4.6262e-01    11.6007      4.083      5.921    11.7874 0.0000e+00
      4.180      0.069     1.8056     19.551     56.033  41.200311     4.2300     0.2240     0.2556     0.1692 4.4487e-01    11.6007      4.099      5.945    11.7816 0.0000e+00
      4.197      0.070     1.9028     20.004     56.042  41.199577     4.3200     0.2088     0.2556     0.0846 4.2309e-01    11.5556      4.116      5.969    11.7770 0.0000e+00
      4.215      0.072     1.9873     20.365     56.036  41.188497     4.3200     0.2355     0.2556     0.0846 3.7584e-01    11.5256      4.134      5.995    11.7725 0.0000e+00
      4.234      0.074     2.0586     20.642     56.035  41.181944     4.3200     0.2355     0.2556     0.0846 3.6087e-01    11.5105      4.152      6.023    11.7673 0.0000e+00
      4.254      0.076     2.1182     20.852     56.050  41.188077     4.3200     0.2545     0.2556     0.0846 3.3920e-01    11.5707      4.172      6.050    11.7611 0.0000e+00
      4.273      0.077     2.1676     21.010     56.068  41.196644     4.3200     0.2278     0.2556     0.0846 3.3678e-01    11.5707      4.191      6.078    11.7548 0.0000e+00
      4.293      0.079     2.2070     21.122     56.078  41.200024     4.3200     0.2507     0.2556     0.1269 3.3700e-01    11.5406      4.210      6.106    11.7489 0.0000e+00
      4.313      0.080     2.2373     21.194     56.078  41.197137     4.3200     0.2355     0.2556     0.1269 2.7986e-01    11.4955      4.230      6.135    11.7437 0.0000e+00
      4.334      0.081     2.2602     21.247     56.076  41.193158     4.3200     0.1897     0.2556     0.1269 3.2854e-01    11.5406      4.250      6.164    11.7392 0.0000e+00
      4.355      0.083     2.2776     21.304     56.079  41.192966     4.3200     0.1821     0.2556     0.1269 2.9793e-01    11.6007      4.271      6.194    11.7353 0.0000e+00
      4.376      0.084     2.2899     21.376     56.081  41.192551     4.3200     0.1630     0.2556     0.1692 2.7780e-01    11.5256      4.292      6.225    11.7319 0.0000e+00
      4.398      0.085     2.2978     21.461     56.082  41.191799     4.3200     0.1515     0.2556     0.1692 2.6529e-01    11.5406      4.313      6.255    11.7291 0.0000e+00
      4.420      0.086     2.3038     21.534     56.087  41.194474     4.3200     0.2011     0.2556     0.1692 2.5628e-01    11.6308      4.334      6.286    11.7268 0.0000e+00
      4.442      0.086     2.3100     21.575     56.092  41.197326     4.3200     0.1668     0.2556     0.1692 2.4736e-01    11.5256      4.356      6.318    11.7249 0.0000e+00
      4.465      0.086     2.3180     21.570     56.093  41.197154     4.2300     0.1630     0.2130     0.1269 2.1959e-01    11.5256      4.378      6.350    11.7233 0.0000e+00
      4.487      0.085     2.3272     21.511     56.089  41.193911     4.2300     0.1821     0.2130     0.1269 2.0215e-01    11.5105      4.400      6.382    11.7219 0.0000e+00
      4.509      0.083     2.3353     21.401     56.086  41.190695     4.2300     0.2278     0.2130     0.1269 2.2910e-01    11.4504      4.422      6.413    11.7207 0.0000e+00
      4.530      0.081     2.3397     21.253     56.084  41.188629     4.2300     0.2431     0.2130     0.1269 2.1126e-01    11.5707      4.443      6.443    11.7199 0.0000e+00
      4.551      0.078     2.3391     21.085     56.080  41.185183     4.3200     0.2316     0.2130     0.1269 1.9858e-01    11.6158      4.463      6.472    11.7194 0.0000e+00
      4.570      0.076     2.3328     20.921     56.075  41.181416     4.3200     0.2355     0.2130     0.1269 1.9511e-01    11.4805      4.482      6.500    11.7189 0.0000e+00
      4.589      0.074     2.3209     20.780     56.066  41.174345     4.3200     0.2278     0.2130     0.1269 2.2613e-01    11.4955      4.500      6.526    11.7184 0.0000e+00
      4.607      0.073     2.3048     20.671     56.054  41.166044     4.3200     0.2431     0.2130     0.1269 1.9242e-01    11.5707      4.518      6.552    11.7178 0.0000e+00
      4.624      0.072     2.2867     20.589     56.054  41.166189     4.3200     0.2584     0.2130     0.1269 2.0232e-01    11.5406      4.535      6.577    11.7174 0.0000e+00
      4.642      0.073     2.2689     20.525     56.061  41.170854     4.3200     0.2278     0.2982     0.2115 2.0215e-01    11.5707      4.553      6.602    11.7172 0.0000e+00
      4.661      0.074     2.2537     20.484     56.064  41.173360     4.3200     0.1744     0.2982     0.2115 2.1099e-01    11.9013      4.570      6.628    11.7171 0.0000e+00
      4.679      0.076     2.2418     20.477     56.065  41.174375     4.3200     0.2164     0.2982     0.2115 1.9309e-01    11.7360      4.589      6.655    11.7170 0.0000e+00
      4.699      0.079     2.2328     20.510     56.065  41.174169     4.3200     0.1821     0.2982     0.2115 1.9334e-01    11.7811      4.608      6.683    11.7170 0.0000e+00
      4.719      0.082     2.2259     20.587     56.063  41.172687     4.2300     0.1821     0.2556     0.0846 1.8984e-01    11.7961      4.628      6.712    11.7170 0.0000e+00
      4.740      0.086     2.2215     20.699     56.060  41.169535     4.2300     0.1515     0.2556     0.0846 1.6736e-01    11.5406      4.648      6.742    11.7172 0.0000e+00
      4.762      0.090     2.2207     20.827     56.059  41.167834     4.2300     0.1706     0.2556     0.0846 1.7279e-01    11.6007      4.670      6.773    11.7173 0.0000e+00
      4.786      0.093     2.2243     20.951     56.065  41.171093     4.2300     0.1668     0.2556     0.0846 1.7571e-01    11.5256      4.694      6.807    11.7173 0.0000e+00
      4.811      0.095     2.2327     21.051     56.073  41.176218     4.3200     0.1782     0.2982     0.2115 1.3974e-01    11.5857      4.718      6.843    11.7170 0.0000e+00
      4.837      0.096     2.2448     21.116     56.075  41.176651     4.3200     0.1935     0.2982     0.2115 1.6136e-01    11.5857      4.743      6.879    11.7163 0.0000e+00
      4.862      0.097     2.2588     21.145     56.071  41.172507     4.3200     0.1592     0.2982     0.2115 1.4387e-01    11.5707      4.768      6.915    11.7155 0.0000e+00
      4.887      0.098     2.2722     21.156     56.069  41.170607     4.3200     0.1706     0.2982     0.2115 1.5827e-01    11.5707      4.792      6.950    11.7146 0.0000e+00
      4.911      0.099     2.2832     21.169     56.075  41.174406     4.3200     0.1592     0.2556     0.1692 1.6689e-01    11.6007      4.816      6.984    11.7136 0.0000e+00
      4.935      0.100     2.2902     21.202     56.085  41.180955     4.3200     0.1592     0.2556     0.1692 1.5893e-01    11.5105      4.839      7.019    11.7128 0.0000e+00
      4.960      0.102     2.2934     21.260     56.089  41.184075     4.3200     0.1706     0.2556     0.1692 1.5270e-01    11.6158      4.864      7.055    11.7120 0.0000e+00
      4.987      0.105     2.2947     21.339     56.090  41.184598     4.3200     0.1630     0.2556     0.1692 1.3754e-01    11.5707      4.891      7.093    11.7113 0.0000e+00
      5.015      0.106     2.2961     21.429     56.093  41.186626     4.3200     0.1821     0.2556     0.1692 1.3302e-01    11.5857      4.918      7.133    11.7107 0.0000e+00
      5.043      0.106     2.2997     21.513     56.099  41.190699     4.3200     0.1592     0.2556     0.0846 1.4393e-01    11.8562      4.946      7.173    11.7102 0.0000e+00
      5.071      0.105     2.3060     21.573     56.107  41.195923     4.3200     0.1935     0.2556     0.0846 1.1597e-01    11.7811      4.973      7.213    11.7099 0.0000e+00
      5.098      0.102     2.3146     21.598     56.110  41.197748     4.3200     0.1592     0.2556     0.0846 1.4328e-01    11.7360      5.000      7.251    11.7097 0.0000e+00
      5.124      0.099     2.3243     21.587     56.107  41.194679     4.3200     0.1706     0.2556     0.0846 1.4315e-01    11.9013      5.025      7.288    11.7096 0.0000e+00
      5.148      0.095     2.3335     21.548     56.099  41.187878     4.4100     0.1668     0.2982     0.0846 1.3204e-01    11.7961      5.049      7.323    11.7095 0.0000e+00
      5.172      0.092     2.3401     21.489     56.088  41.179494     4.4100     0.1668     0.2982     0.0846 1.1595e-01    11.7961      5.072      7.356    11.7091 0.0000e+00
      5.194      0.091     2.3427     21.423     56.083  41.175216     4.4100     0.1782     0.2982     0.0846 1.1701e-01    11.8111      5.094      7.388    11.7085 0.0000e+00
      5.216      0.091     2.3417     21.364     56.081  41.173903     4.4100     0.1325     0.2982     0.0846 1.1602e-01    11.6909      5.115      7.419    11.7079 0.0000e+00
      5.239      0.092     2.3375     21.325     56.078  41.171243     4.4100     0.2278     0.2556     0.0846 1.1605e-01    11.7811      5.137      7.451    11.7073 0.0000e+00
      5.262      0.095     2.3311     21.313     56.077  41.170488     4.4100     0.2355     0.2556     0.0846 1.1585e-01    11.8412      5.160      7.484    11.7069 0.0000e+00
      5.286      0.099     2.3239     21.325     56.084  41.175400     4.4100     0.2278     0.2556     0.0846 1.1597e-01    11.7661      5.184      7.518    11.7067 0.0000e+00
      5.312      0.103     2.3175     21.349     56.092  41.181345     4.4100     0.2355     0.2556     0.0846 1.1585e-01    11.7961      5.209      7.555    11.7065 0.0000e+00
      5.340      0.106     2.3133     21.381     56.091  41.180003     4.3200     0.1668     0.2982     0.0846 1.1610e-01    12.2170      5.236      7.594    11.7064 0.0000e+00
      5.368      0.108     2.3120     21.413     56.081  41.172996     4.3200     0.1935     0.2982     0.0846 1.1615e-01    12.1719      5.264      7.635    11.7063 0.0000e+00
