Data/DataNotYetUploadedToEDI/Raw_CTD/RawDownloads/082923_bvr50_S7809005.cnv
* Sea-Bird SBE19plus  Data File:
* FileName = C:\R\Reservoirs\Data\DataNotYetUploadedToEDI\Raw_CTD\RawDownloads\081423_fcr50_S7809_0005.hex
* Software version 2.8.0.119
* Temperature SN = 7809
* Conductivity SN = 7809
* System UpLoad Time = Aug 30 2023 10:55:50
* <ApplicationData>
* <Seaterm232>
# nquan = 15
# nvalues = 1837                        
# units = specified
# name 0 = depFM: Depth [fresh water, m]
# name 1 = dz/dtM: Descent Rate [m/s]
# name 2 = sbeox0Mg/L: Oxygen, SBE 43 [mg/l]
# name 3 = sbeox0PS: Oxygen, SBE 43 [% saturation]
# name 4 = specc: Specific Conductance [uS/cm]
# name 5 = c0uS/cm: Conductivity [uS/cm]
# name 6 = flECO-AFL: Fluorescence, WET Labs ECO-AFL/FL [mg/m^3]
# name 7 = ph: pH
# name 8 = orp: Oxidation Reduction Potential [mV]
# name 9 = par/sat/log: PAR/Logarithmic, Satlantic
# name 10 = turbWETntu0: Turbidity, WET Labs ECO [NTU]
# name 11 = prdM: Pressure, Strain Gauge [db]
# name 12 = prdE: Pressure, Strain Gauge [psi]
# name 13 = tv290C: Temperature [ITS-90, deg C]
# name 14 = flag:  0.000e+00
# span 0 =     -0.761,      9.403       
# span 1 =     -0.306,      0.169       
# span 2 =     0.0868,     8.2895       
# span 3 =      0.973,     99.819       
# span 4 =      0.300,    232.409       
# span 5 =   0.285549, 160.313643       
# span 6 =    -0.0933,    47.2437       
# span 7 =     -2.152,      8.904       
# span 8 = -1240.7455,   370.1265       
# span 9 = 1.2359e-01, 5.1698e+02       
# span 10 =     1.3540,    12.4587      
# span 11 =     -0.746,      9.221      
# span 12 =     -1.082,     13.374      
# span 13 =     9.4610,    25.1018      
# span 14 = 0.0000e+00, 0.0000e+00      
# interval = seconds: 0.25
# start_time = Aug 29 2023 10:51:24 [Instrument's time stamp, header]
# bad_flag = -9.990e-29
*END*
[from data line 482]
      1.435      0.027     6.7244     81.012     31.334  31.391230     4.7447      7.170   208.9654 4.3964e+01     2.8685      1.406      2.041    25.0851 0.0000e+00
      1.441      0.024     6.7081     80.937     31.354  31.411762     4.7886      7.170   209.1528 4.3910e+01     2.8965      1.412      2.048    25.0850 0.0000e+00
      1.447      0.020     6.6916     80.915     31.385  31.442684     4.8061      7.170   209.2851 4.3821e+01     2.8839      1.420      2.059    25.0852 0.0000e+00
      1.453      0.016     6.6850     80.968     31.390  31.447932     4.7985      7.170   209.2745 4.3776e+01     2.8184      1.427      2.068    25.0852 0.0000e+00
      1.457      0.013     6.6862     80.950     31.355  31.411773     4.8303      7.170   209.1112 4.3756e+01     2.8554      1.429      2.073    25.0853 0.0000e+00
      1.459      0.011     6.6744     80.804     31.330  31.386100     4.9159      7.171   209.1177 4.3682e+01     2.8875      1.430      2.075    25.0852 0.0000e+00
      1.459      0.010     6.6703     80.629     31.336  31.391262     4.9669      7.171   209.2669 4.3574e+01     2.8312      1.431      2.075    25.0851 0.0000e+00
      1.460      0.010     6.6828     80.531     31.356  31.410755     4.9646      7.171   209.3663 4.3442e+01     2.8239      1.432      2.077    25.0852 0.0000e+00
      1.462      0.012     6.6827     80.520     31.377  31.431476     4.9473      7.172   209.3733 4.3284e+01     2.8680      1.433      2.079    25.0853 0.0000e+00
      1.466      0.016     6.6663     80.516     31.397  31.451496     4.9322      7.174   209.3503 4.3169e+01     2.9205      1.438      2.086    25.0850 0.0000e+00
      1.471      0.020     6.6489     80.547     31.407  31.462510     4.9236      7.174   209.4336 4.3094e+01     2.9459      1.443      2.092    25.0834 0.0000e+00
      1.477      0.024     6.6396     80.722     31.382  31.437780     4.9010      7.173   209.6052 4.3029e+01     2.9019      1.447      2.099    25.0817 0.0000e+00
      1.483      0.027     6.6440     80.984     31.351  31.406225     4.8839      7.173   209.7043 4.3009e+01     2.8321      1.454      2.109    25.0813 0.0000e+00
      1.491      0.029     6.6427     81.163     31.343  31.398152     4.8999      7.174   209.6861 4.2958e+01     2.8190      1.462      2.120    25.0816 0.0000e+00
      1.501      0.029     6.6388     81.206     31.348  31.403605     4.9274      7.175   209.6434 4.2868e+01     2.8808      1.472      2.135    25.0819 0.0000e+00
      1.509      0.029     6.6557     81.183     31.353  31.408729     4.9253      7.176   209.6184 4.2848e+01     2.8955      1.481      2.148    25.0819 0.0000e+00
      1.516      0.029     6.6846     81.119     31.341  31.396665     4.8993      7.177   209.6421 4.2856e+01     2.8256      1.487      2.156    25.0821 0.0000e+00
      1.521      0.030     6.7011     81.031     31.329  31.384613     4.8971      7.177   209.7575 4.2848e+01     2.8219      1.492      2.163    25.0826 0.0000e+00
      1.526      0.033     6.6998     80.953     31.334  31.389869     4.9150      7.176   209.8947 4.2789e+01     2.9189      1.496      2.170    25.0830 0.0000e+00
      1.534      0.037     6.6986     80.864     31.341  31.396780     4.9249      7.174   209.9251 4.2619e+01     2.9736      1.503      2.180    25.0829 0.0000e+00
      1.545      0.042     6.6932     80.756     31.349  31.404739     4.9244      7.170   209.9524 4.2407e+01     2.9366      1.515      2.197    25.0830 0.0000e+00
      1.558      0.045     6.6832     80.673     31.367  31.422672     4.9418      7.168   210.0525 4.2177e+01     2.8825      1.527      2.216    25.0829 0.0000e+00
      1.571      0.046     6.6791     80.646     31.367  31.423306     4.9935      7.166   210.1033 4.1903e+01     2.8997      1.541      2.234    25.0826 0.0000e+00
      1.585      0.043     6.6722     80.678     31.356  31.412396     5.0344      7.163   210.0500 4.1608e+01     2.9737      1.554      2.254    25.0823 0.0000e+00
      1.597      0.038     6.6609     80.762     31.361  31.417635     5.0367      7.161   209.8385 4.1301e+01     2.9919      1.567      2.272    25.0823 0.0000e+00
      1.608      0.032     6.6535     80.856     31.366  31.423212     4.9055      7.159   209.6115 4.1089e+01     2.9141      1.578      2.288    25.0831 0.0000e+00
      1.615      0.025     6.6509     80.882     31.359  31.416397     4.6543      7.159   209.5423 4.1018e+01     2.8193      1.585      2.299    25.0839 0.0000e+00
      1.618      0.019     6.6542     80.892     31.342  31.398672     4.5217      7.160   209.5180 4.0990e+01     2.8363      1.588      2.303    25.0845 0.0000e+00
      1.620      0.014     6.6603     80.946     31.343  31.399201     4.5170      7.161   209.5750 4.0946e+01     2.9139      1.589      2.304    25.0850 0.0000e+00
      1.622      0.013     6.6742     81.008     31.367  31.422788     4.5225      7.162   209.7164 4.0856e+01     2.9044      1.590      2.306    25.0852 0.0000e+00
      1.625      0.015     6.6727     81.092     31.374  31.430113     4.5382      7.163   209.8506 4.0745e+01     2.8574      1.593      2.310    25.0852 0.0000e+00
      1.628      0.018     6.6694     81.148     31.369  31.424336     4.5571      7.163   209.9070 4.0610e+01     2.8583      1.596      2.314    25.0849 0.0000e+00
      1.632      0.022     6.6798     81.138     31.362  31.416377     4.5676      7.163   209.7960 4.0384e+01     2.8810      1.600      2.320    25.0844 0.0000e+00
      1.639      0.024     6.6799     81.107     31.343  31.397310     4.5490      7.161   209.7128 4.0051e+01     2.8929      1.606      2.329    25.0838 0.0000e+00
      1.648      0.024     6.6909     81.031     31.329  31.384103     4.4983      7.159   209.7618 3.9674e+01     2.8652      1.616      2.344    25.0829 0.0000e+00
      1.657      0.022     6.6982     80.928     31.329  31.383573     4.4628      7.158   209.6999 3.9359e+01     2.8532      1.627      2.360    25.0818 0.0000e+00
      1.664      0.018     6.6925     80.905     31.336  31.390899     4.4611      7.158   209.5668 3.9175e+01     2.8849      1.633      2.369    25.0809 0.0000e+00
      1.667      0.013     6.6932     80.957     31.354  31.409248     4.4944      7.157   209.6150 3.9105e+01     2.9077      1.635      2.371    25.0808 0.0000e+00
      1.667      0.008     6.6873     80.998     31.361  31.415118     4.5489      7.157   209.6810 3.9059e+01     2.9234      1.635      2.371    25.0814 0.0000e+00
      1.667      0.004     6.6724     81.016     31.345  31.398448     4.5705      7.156   209.6750 3.9004e+01     2.9039      1.635      2.371    25.0818 0.0000e+00
      1.668      0.003     6.6714     81.013     31.345  31.397985     4.5644      7.156   209.6285 3.8942e+01     2.8764      1.634      2.370    25.0820 0.0000e+00
      1.669      0.003     6.6806     81.026     31.356  31.409529     4.5667      7.157   209.5495 3.8870e+01     2.8644      1.635      2.372    25.0815 0.0000e+00
      1.669      0.005     6.6825     81.107     31.358  31.411145     4.6067      7.158   209.5804 3.8797e+01     2.8277      1.636      2.373    25.0802 0.0000e+00
      1.669      0.008     6.6849     81.227     31.363  31.417522     4.6906      7.159   209.6585 3.8689e+01     2.8087      1.636      2.373    25.0788 0.0000e+00
      1.670      0.012     6.6839     81.317     31.368  31.423202     4.7408      7.160   209.8050 3.8534e+01     2.8050      1.637      2.375    25.0787 0.0000e+00
      1.674      0.015     6.6813     81.354     31.361  31.416387     4.7392      7.160   209.9751 3.8304e+01     2.8166      1.639      2.378    25.0797 0.0000e+00
      1.679      0.017     6.6905     81.393     31.343  31.398558     4.7538      7.160   209.9086 3.7967e+01     2.8812      1.645      2.387    25.0801 0.0000e+00
      1.687      0.017     6.7022     81.424     31.343  31.397943     4.7833      7.160   209.7746 3.7636e+01     2.9032      1.654      2.399    25.0804 0.0000e+00
      1.693      0.018     6.7112     81.374     31.354  31.408947     4.7893      7.163   209.8184 3.7420e+01     2.8436      1.662      2.409    25.0811 0.0000e+00
      1.696      0.018     6.7109     81.289     31.349  31.404740     4.7841      7.165   210.0077 3.7276e+01     2.8096      1.664      2.413    25.0822 0.0000e+00
      1.697      0.019     6.7130     81.242     31.355  31.410507     4.8202      7.166   210.3432 3.7115e+01     2.8674      1.664      2.413    25.0832 0.0000e+00
      1.700      0.020     6.7220     81.219     31.360  31.415243     4.8931      7.166   210.6043 3.6888e+01     2.9279      1.666      2.416    25.0831 0.0000e+00
      1.706      0.021     6.7138     81.183     31.343  31.398568     4.9250      7.166   210.6702 3.6600e+01     2.8923      1.672      2.425    25.0821 0.0000e+00
      1.714      0.022     6.7040     81.115     31.343  31.399192     4.9141      7.166   210.7088 3.6293e+01     2.8461      1.681      2.438    25.0822 0.0000e+00
      1.722      0.023     6.7015     81.042     31.366  31.422787     4.9195      7.166   210.7278 3.6017e+01     2.8813      1.691      2.451    25.0832 0.0000e+00
      1.727      0.024     6.7006     81.028     31.373  31.430114     4.9579      7.168   210.7285 3.5762e+01     2.9767      1.695      2.458    25.0828 0.0000e+00
      1.731      0.025     6.6985     81.067     31.367  31.424347     4.9947      7.170   210.7169 3.5471e+01     3.0095      1.697      2.462    25.0822 0.0000e+00
      1.736      0.027     6.6924     81.047     31.359  31.416492     4.9897      7.170   210.7592 3.5170e+01     2.9013      1.700      2.466    25.0829 0.0000e+00
      1.741      0.031     6.6834     80.956     31.342  31.398578     4.9150      7.171   210.8959 3.4821e+01     2.7963      1.706      2.475    25.0841 0.0000e+00
      1.751      0.036     6.6809     80.873     31.342  31.398048     4.8063      7.171   211.0792 3.4367e+01     2.8325      1.717      2.490    25.0850 0.0000e+00
      1.763      0.041     6.6906     80.766     31.356  31.410091     4.7573      7.171   211.3407 3.3927e+01     2.9300      1.729      2.507    25.0852 0.0000e+00
      1.774      0.045     6.6893     80.606     31.365  31.417322     4.7636      7.170   211.6490 3.3510e+01     2.9839      1.739      2.523    25.0849 0.0000e+00
      1.787      0.046     6.6760     80.456     31.370  31.422041     4.7578      7.169   211.9674 3.3059e+01     2.9727      1.751      2.540    25.0842 0.0000e+00
      1.800      0.044     6.6725     80.343     31.351  31.403710     4.6623      7.166   212.2652 3.2649e+01     2.8962      1.766      2.560    25.0829 0.0000e+00
      1.812      0.040     6.6664     80.287     31.333  31.385986     4.5160      7.162   212.4105 3.2296e+01     2.8787      1.778      2.578    25.0809 0.0000e+00
      1.823      0.034     6.6482     80.270     31.345  31.398049     4.4618      7.158   212.4332 3.1973e+01     2.9324      1.789      2.594    25.0789 0.0000e+00
      1.832      0.028     6.6377     80.280     31.370  31.422684     4.4649      7.155   212.5397 3.1709e+01     2.9297      1.798      2.608    25.0780 0.0000e+00
      1.838      0.022     6.6262     80.315     31.377  31.430113     4.4627      7.154   212.6651 3.1533e+01     2.8797      1.803      2.616    25.0778 0.0000e+00
      1.841      0.018     6.6227     80.283     31.371  31.424434     4.4852      7.156   212.6595 3.1427e+01     2.8414      1.805      2.618    25.0777 0.0000e+00
      1.842      0.017     6.6233     80.126     31.363  31.417464     4.5120      7.158   212.6435 3.1310e+01     2.8767      1.805      2.618    25.0775 0.0000e+00
      1.844      0.019     6.6200     79.806     31.354  31.409264     4.5281      7.160   212.8157 3.1144e+01     2.9298      1.808      2.622    25.0781 0.0000e+00
      1.849      0.023     6.6299     79.395     31.334  31.388718     4.5307      7.161   213.2790 3.0935e+01     2.9028      1.813      2.628    25.0792 0.0000e+00
      1.855      0.028     6.6264     79.148     31.305  31.359352     4.5177      7.161   213.7715 3.0700e+01     2.8923      1.819      2.638    25.0802 0.0000e+00
      1.864      0.032     6.6150     79.168     31.317  31.371382     4.5129      7.160   213.9524 3.0457e+01     2.9063      1.827      2.651    25.0807 0.0000e+00
      1.875      0.033     6.5901     79.340     31.352  31.407305     4.5227      7.158   213.9174 3.0214e+01     2.8658      1.838      2.666    25.0810 0.0000e+00
      1.885      0.031     6.5425     79.544     31.357  31.413081     4.5949      7.157   213.9500 3.0003e+01     2.8472      1.850      2.683    25.0811 0.0000e+00
      1.895      0.028     6.5203     79.785     31.322  31.377783     4.7204      7.157   214.0893 2.9853e+01     2.8526      1.860      2.698    25.0814 0.0000e+00
      1.901      0.024     6.5270     80.120     31.306  31.361130     4.7904      7.158   214.1391 2.9769e+01     2.8631      1.866      2.706    25.0818 0.0000e+00
      1.904      0.020     6.5456     80.472     31.347  31.402037     4.8095      7.160   214.1220 2.9753e+01     2.9394      1.868      2.709    25.0819 0.0000e+00
      1.906      0.019     6.5619     80.700     31.373  31.428341     4.8098      7.161   214.2263 2.9746e+01     3.0241      1.869      2.711    25.0820 0.0000e+00
      1.910      0.019     6.5777     80.822     31.370  31.425433     4.7855      7.162   214.4541 2.9700e+01     2.9985      1.872      2.716    25.0824 0.0000e+00
      1.916      0.021     6.6080     80.905     31.375  31.430316     4.7572      7.162   214.6383 2.9626e+01     2.9028      1.878      2.724    25.0826 0.0000e+00
      1.922      0.025     6.6444     80.874     31.368  31.423941     4.7421      7.162   214.7337 2.9537e+01     2.8920      1.885      2.733    25.0826 0.0000e+00
      1.928      0.028     6.6614     80.731     31.356  31.411786     4.7444      7.163   214.8322 2.9456e+01     2.9360      1.890      2.743    25.0829 0.0000e+00
      1.936      0.031     6.6656     80.611     31.355  31.410217     4.7269      7.164   214.8832 2.9367e+01     2.9225      1.899      2.753    25.0830 0.0000e+00
      1.944      0.034     6.6793     80.614     31.350  31.404970     4.6968      7.165   214.9199 2.9271e+01     2.8999      1.908      2.767    25.0831 0.0000e+00
      1.953      0.037     6.6760     80.701     31.357  31.411775     4.6882      7.166   215.1036 2.9196e+01     2.8672      1.915      2.778    25.0830 0.0000e+00
      1.963      0.041     6.6588     80.748     31.376  31.429074     4.6897      7.166   215.2980 2.9088e+01     2.8349      1.924      2.790    25.0829 0.0000e+00
      1.973      0.043     6.6453     80.692     31.372  31.423823     4.7237      7.165   215.3774 2.8926e+01     2.8852      1.934      2.806    25.0830 0.0000e+00
      1.984      0.045     6.6473     80.586     31.361  31.411714     4.7747      7.165   215.5477 2.8731e+01     2.9283      1.945      2.821    25.0824 0.0000e+00
      1.998      0.045     6.6592     80.425     31.359  31.409530     4.7897      7.163   215.8939 2.8525e+01     2.8778      1.959      2.842    25.0808 0.0000e+00
      2.012      0.044     6.6667     80.180     31.347  31.397420     4.7969      7.161   216.1216 2.8348e+01     2.8554      1.974      2.863    25.0786 0.0000e+00
      2.023      0.040     6.6581     79.961     31.342  31.392160     4.7868      7.159   216.0636 2.8188e+01     2.9311      1.984      2.878    25.0766 0.0000e+00
      2.033      0.034     6.6488     79.796     31.360  31.409364     4.7339      7.158   216.0535 2.8035e+01     2.9730      1.995      2.893    25.0751 0.0000e+00
      2.042      0.027     6.6422     79.667     31.365  31.415130     4.6908      7.157   216.1724 2.7940e+01     2.9187      2.004      2.906    25.0741 0.0000e+00
      2.048      0.021     6.6117     79.566     31.349  31.398445     4.6738      7.157   216.2102 2.7900e+01     2.8556      2.009      2.914    25.0738 0.0000e+00
