Data/DataNotYetUploadedToEDI/Raw_CTD/RawDownloads/082923_fcr50_S7809006.cnv
* Sea-Bird SBE19plus  Data File:
* FileName = C:\R\Reservoirs\Data\DataNotYetUploadedToEDI\Raw_CTD\RawDownloads\081423_fcr50_S7809_0006.hex
* Software version 2.8.0.119
* Temperature SN = 7809
* Conductivity SN = 7809
* System UpLoad Time = Aug 30 2023 10:56:22
* <ApplicationData>
* <Seaterm232>
# nquan = 15
# nvalues = 1204                        
# units = specified
# name 0 = depFM: Depth [fresh water, m]
# name 1 = dz/dtM: Descent Rate [m/s]
# name 2 = sbeox0Mg/L: Oxygen, SBE 43 [mg/l]
# name 3 = sbeox0PS: Oxygen, SBE 43 [% saturation]
# name 4 = specc: Specific Conductance [uS/cm]
# name 5 = c0uS/cm: Conductivity [uS/cm]
# name 6 = flECO-AFL: Fluorescence, WET Labs ECO-AFL/FL [mg/m^3]
# name 7 = ph: pH
# name 8 = orp: Oxidation Reduction Potential [mV]
# name 9 = par/sat/log: PAR/Logarithmic, Satlantic
# name 10 = turbWETntu0: Turbidity, WET Labs ECO [NTU]
# name 11 = prdM: Pressure, Strain Gauge [db]
# name 12 = prdE: Pressure, Strain Gauge [psi]
# name 13 = tv290C: Temperature [ITS-90, deg C]
# name 14 = flag:  0.000e+00
# span 0 =     -0.680,      9.267       
# span 1 =     -0.349,      0.181       
# span 2 =     0.1338,     9.9846       
# span 3 =      1.623,    120.670       
# span 4 =      0.568,     58.011       
# span 5 =   0.540303,  47.575953       
# span 6 =    -0.1003,    31.6382       
# span 7 =      6.439,      9.107       
# span 8 = -1240.7455,   368.9814       
# span 9 = 1.2362e-01, 6.2234e+02       
# span 10 =     0.8187,    16.3347      
# span 11 =     -0.668,      9.092      
# span 12 =     -0.969,     13.187      
# span 13 =    11.6606,    25.1468      
# span 14 = 0.0000e+00, 0.0000e+00      
# interval = seconds: 0.25
# start_time = Aug 29 2023 13:30:23 [Instrument's time stamp, header]
# bad_flag = -9.990e-29
*END*
[from data line 193]
     -0.227      0.002     9.5796    112.727     43.125  43.251171     5.4859      8.639    99.9048 6.1500e+02     9.9197     -0.223     -0.323    25.1399 0.0000e+00
     -0.226      0.001     9.4770    112.384     43.136  43.262616     5.4742      8.639   100.9349 6.1459e+02     9.8822     -0.221     -0.321    25.1403 0.0000e+00
     -0.225      0.001     9.3922    112.165     43.148  43.275188     5.4682      8.640   109.3686 6.1460e+02     9.8084     -0.221     -0.320    25.1410 0.0000e+00
     -0.225      0.000     9.3300    112.013     43.149  43.276236     5.4636      8.642   117.2129 6.1450e+02     9.6761     -0.221     -0.320    25.1409 0.0000e+00
     -0.225     -0.001     9.2816    111.978     43.148  43.275291     5.4511      8.644   110.5154 6.1423e+02     9.5463     -0.221     -0.320    25.1409 0.0000e+00
     -0.226     -0.002     9.2577    112.051     43.137  43.263751     5.4341      8.645   102.1259 6.1416e+02     9.4688     -0.221     -0.321    25.1413 0.0000e+00
     -0.226     -0.002     9.2428    112.139     43.137  43.263657     5.4168      8.644   101.3848 6.1423e+02     9.4221     -0.221     -0.321    25.1420 0.0000e+00
     -0.227     -0.001     9.2256    112.174     43.148  43.274147     5.4075      8.644   102.3290 6.1446e+02     9.4604     -0.222     -0.323    25.1421 0.0000e+00
     -0.228     -0.001     9.2238    112.164     43.137  43.263647     5.4135      8.645   102.1851 6.1484e+02     9.5894     -0.224     -0.325    25.1417 0.0000e+00
     -0.228      0.000     9.2335    112.157     43.136  43.263648     5.4305      8.645   101.1939 6.1486e+02     9.6839     -0.224     -0.324    25.1412 0.0000e+00
     -0.227      0.000     9.2431    112.159     43.146  43.274156     5.4391      8.645   100.7547 6.1443e+02     9.6811     -0.223     -0.323    25.1399 0.0000e+00
     -0.227      0.001     9.2457    112.165     43.135  43.263760     5.4345      8.646   101.4351 6.1414e+02     9.6241     -0.221     -0.321    25.1397 0.0000e+00
     -0.227      0.001     9.2421    112.169     43.136  43.264895     5.4420      8.647   102.6239 6.1374e+02     9.6094     -0.222     -0.322    25.1403 0.0000e+00
     -0.227      0.001     9.2422    112.175     43.160  43.287890     5.4630      8.647   102.7388 6.1325e+02     9.6743     -0.223     -0.323    25.1413 0.0000e+00
     -0.226      0.001     9.2419    112.185     43.161  43.287891     5.4801      8.648   102.1352 6.1307e+02     9.7602     -0.222     -0.322    25.1427 0.0000e+00
     -0.226      0.001     9.2429    112.175     43.138  43.264906     5.4826      8.649   101.9512 6.1345e+02     9.7602     -0.222     -0.321    25.1436 0.0000e+00
     -0.225      0.001     9.2431    112.165     43.137  43.263875     5.4763      8.650   102.3204 6.1411e+02     9.6740     -0.221     -0.320    25.1438 0.0000e+00
     -0.225      0.000     9.2423    112.174     43.148  43.275415     5.4707      8.650   103.0716 6.1437e+02     9.6392     -0.221     -0.320    25.1430 0.0000e+00
     -0.225 4.2828e-07     9.2462    112.186     43.150  43.277505     5.4731      8.649   103.6346 6.1427e+02     9.6810     -0.221     -0.321    25.1419 0.0000e+00
     -0.225      0.000     9.2439    112.225     43.161  43.289139     5.4711      8.649   103.5348 6.1381e+02     9.7705     -0.221     -0.320    25.1409 0.0000e+00
     -0.226      0.000     9.2415    112.300     43.161  43.289138     5.4471      8.648   102.8979 6.1330e+02     9.8666     -0.222     -0.321    25.1407 0.0000e+00
     -0.226      0.001     9.2448    112.386     43.150  43.277495     5.4238      8.648   102.4732 6.1295e+02     9.8872     -0.221     -0.321    25.1414 0.0000e+00
     -0.225      0.001     9.2434    112.494     43.148  43.275301     5.4140      8.649   102.7018 6.1264e+02     9.8832     -0.221     -0.320    25.1417 0.0000e+00
     -0.225      0.001     9.2463    112.597     43.135  43.262616     5.4039      8.649   103.0811 6.1264e+02     9.8519     -0.220     -0.319    25.1416 0.0000e+00
     -0.225      0.001     9.2546    112.635     43.123  43.251058     5.3932      8.649   103.3589 6.1286e+02     9.7478     -0.221     -0.320    25.1415 0.0000e+00
     -0.224      0.001     9.2599    112.622     43.134  43.262503     5.3842      8.649   103.0491 6.1299e+02     9.6828     -0.220     -0.319    25.1418 0.0000e+00
     -0.224      0.001     9.2692    112.582     43.146  43.274053     5.3701      8.648   102.1745 6.1292e+02     9.6811     -0.220     -0.319    25.1424 0.0000e+00
     -0.224      0.001     9.2816    112.503     43.136  43.263762     5.3558      8.648   101.9902 6.1294e+02     9.6598     -0.220     -0.319    25.1424 0.0000e+00
     -0.224      0.001     9.2828    112.397     43.137  43.265019     5.3444      8.648   102.6285 6.1285e+02     9.6638     -0.220     -0.319    25.1425 0.0000e+00
     -0.224      0.001     9.2804    112.275     43.161  43.289253     5.3413      8.648   103.3530 6.1219e+02     9.7296     -0.220     -0.319    25.1427 0.0000e+00
     -0.224      0.001     9.2790    112.186     43.175  43.302883     5.3433      8.649   102.9206 6.1156e+02     9.7721     -0.220     -0.319    25.1424 0.0000e+00
     -0.224      0.001     9.2707    112.166     43.175  43.302874     5.3267      8.650   101.5294 6.1154e+02     9.7671     -0.219     -0.318    25.1421 0.0000e+00
     -0.223      0.000     9.2633    112.175     43.161  43.289149     5.2905      8.651   101.0724 6.1168e+02     9.7377     -0.219     -0.318    25.1419 0.0000e+00
     -0.223 1.8628e-08     9.2510    112.149     43.136  43.263875     5.2625      8.651   101.6976 6.1145e+02     9.6907     -0.219     -0.317    25.1421 0.0000e+00
     -0.223 2.0491e-07     9.2414    112.052     43.123  43.251182     5.2638      8.651   102.4626 6.1152e+02     9.6763     -0.219     -0.317    25.1425 0.0000e+00
     -0.223 2.0491e-07     9.2423    111.966     43.134  43.262627     5.2730      8.651   102.2350 6.1184e+02     9.7000     -0.219     -0.318    25.1430 0.0000e+00
     -0.223 1.8655e-08     9.2440    111.995     43.146  43.275302     5.2737      8.651   101.1834 6.1142e+02     9.7389     -0.219     -0.318    25.1429 0.0000e+00
     -0.223 2.0013e-09     9.2450    112.116     43.148  43.277495     5.2802      8.651   100.7610 6.1126e+02     9.8051     -0.218     -0.317    25.1428 0.0000e+00
     -0.223 3.5408e-09     9.2332    112.236     43.160  43.289149     5.2932      8.651   101.0854 6.1169e+02     9.8858     -0.218     -0.317    25.1432 0.0000e+00
     -0.223 3.7269e-08     9.2213    112.295     43.161  43.289264     5.3070      8.651   101.6641 6.1152e+02     9.9624     -0.219     -0.317    25.1438 0.0000e+00
     -0.223 4.0981e-07     9.2255    112.295     43.151  43.278878     5.3465      8.651   102.0796 6.1098e+02     9.9801     -0.219     -0.318    25.1441 0.0000e+00
     -0.223      0.000     9.2387    112.276     43.164  43.290514     5.4047      8.650   101.8929 6.1089e+02     9.9288     -0.219     -0.317    25.1443 0.0000e+00
     -0.223      0.000     9.2506    112.257     43.177  43.303010     5.4283      8.650   101.4711 6.1112e+02     9.8541     -0.219     -0.317    25.1440 0.0000e+00
     -0.223      0.001     9.2556    112.233     43.177  43.303010     5.4239      8.651   101.3683 6.1107e+02     9.8283     -0.218     -0.317    25.1424 0.0000e+00
     -0.223      0.001     9.2538    112.233     43.162  43.290523     5.4265      8.651   101.5968 6.1092e+02     9.9929     -0.218     -0.317    25.1418 0.0000e+00
     -0.223      0.001     9.2516    112.270     43.149  43.278983     5.4348      8.651   102.2546 6.1102e+02    10.2738     -0.218     -0.317    25.1409 0.0000e+00
     -0.222      0.001     9.2518    112.307     43.160  43.290420     5.4333      8.652   102.8687 6.1145e+02    10.3891     -0.217     -0.315    25.1387 0.0000e+00
     -0.222      0.001     9.2477    112.312     43.171  43.301865     5.4238      8.652   102.8271 6.1190e+02    10.3277     -0.218     -0.316    25.1401 0.0000e+00
     -0.222      0.000     9.2465    112.251     43.159  43.290420     5.4202      8.651   102.5260 6.1165e+02    10.2841     -0.218     -0.316    25.1436 0.0000e+00
     -0.222 1.8628e-08     9.2512    112.154     43.148  43.278984     5.4398      8.651   102.3254 6.1113e+02    10.2030     -0.217     -0.315    25.1453 0.0000e+00
     -0.222 2.0490e-07     9.2544    112.139     43.160  43.290534     5.4774      8.651   102.9833 6.1094e+02    10.0297     -0.218     -0.316    25.1462 0.0000e+00
     -0.222 2.0490e-07     9.2564    112.254     43.172  43.303125     5.4922      8.651   104.3710 6.1093e+02     9.9305     -0.217     -0.315    25.1461 0.0000e+00
     -0.222 1.8627e-08     9.2520    112.436     43.174  43.304279     5.4859      8.651   104.9931 6.1070e+02     9.9258     -0.217     -0.315    25.1453 0.0000e+00
     -0.222 1.6934e-09     9.2380    112.641     43.175  43.304487     5.5011      8.650   104.6546 6.1025e+02     9.9393     -0.217     -0.315    25.1454 0.0000e+00
     -0.221 1.5418e-10     9.2349    112.816     43.176  43.305641     5.5339      8.650   104.0637 6.1000e+02     9.9575     -0.217     -0.315    25.1464 0.0000e+00
     -0.221 1.6538e-11     9.2484    112.903     43.189  43.318231     5.5496      8.650   104.5605 6.0983e+02     9.9402     -0.217     -0.314    25.1467 0.0000e+00
     -0.221 2.9242e-11     9.2637    112.911     43.201  43.329771     5.5418      8.651   106.1014 6.0989e+02     9.8674     -0.217     -0.315    25.1452 0.0000e+00
     -0.221 3.0778e-10     9.2820    112.879     43.191  43.318221     5.5134      8.652   106.8627 6.1042e+02     9.7607     -0.217     -0.314    25.1440 0.0000e+00
     -0.221 3.3843e-09     9.2997    112.822     43.180  43.305517     5.4890      8.652   106.5383 6.1087e+02     9.6747     -0.217     -0.314    25.1442 0.0000e+00
     -0.222 3.7228e-08     9.3055    112.760     43.176  43.303114     5.4895      8.652   105.8785 6.1107e+02     9.6811     -0.217     -0.315    25.1443 0.0000e+00
     -0.222 4.0950e-07     9.3049    112.708     43.161  43.289171     5.4940      8.652   106.0265 6.1135e+02     9.7358     -0.218     -0.316    25.1430 0.0000e+00
     -0.222      0.000     9.3029    112.650     43.134  43.263877     5.4764      8.653   107.0382 6.1155e+02     9.8916     -0.218     -0.316    25.1406 0.0000e+00
     -0.222      0.000     9.2977    112.600     43.120  43.251181     5.4429      8.655   107.6141 6.1167e+02    10.1647     -0.217     -0.315    25.1391 0.0000e+00
     -0.222      0.001     9.2911    112.567     43.132  43.262616     5.4309      8.656   107.7407 6.1160e+02    10.3390     -0.217     -0.314    25.1403 0.0000e+00
     -0.222      0.001     9.2885    112.555     43.147  43.275188     5.4389      8.656   107.5362 6.1132e+02    10.3940     -0.217     -0.315    25.1429 0.0000e+00
     -0.221      0.001     9.2818    112.603     43.149  43.276236     5.4565      8.657   107.1207 6.1135e+02    10.3167     -0.217     -0.314    25.1454 0.0000e+00
     -0.221      0.000     9.2767    112.687     43.148  43.275291     5.4780      8.659   107.2771 6.1169e+02    10.0874     -0.217     -0.314    25.1468 0.0000e+00
     -0.221      0.000     9.2760    112.739     43.138  43.263761     5.4824      8.659   107.7067 6.1201e+02     9.9106     -0.217     -0.314    25.1461 0.0000e+00
     -0.221      0.001     9.2718    112.729     43.139  43.263761     5.4840      8.660   107.9267 6.1221e+02     9.8866     -0.216     -0.314    25.1430 0.0000e+00
     -0.221      0.001     9.2777    112.656     43.151  43.275291     5.4900      8.661   108.0442 6.1208e+02     9.9342     -0.216     -0.313    25.1410 0.0000e+00
     -0.221      0.001     9.2876    112.546     43.152  43.276236     5.5123      8.662   107.7503 6.1161e+02    10.1447     -0.217     -0.314    25.1416 0.0000e+00
     -0.220      0.001     9.2922    112.417     43.151  43.275178     5.5618      8.663   107.2125 6.1136e+02    10.4855     -0.216     -0.313    25.1400 0.0000e+00
     -0.220      0.001     9.2923    112.286     43.138  43.262502     5.5898      8.663   107.3060 6.1167e+02    10.6035     -0.216     -0.313    25.1376 0.0000e+00
     -0.220      0.001     9.2850    112.185     43.127  43.249913     5.5924      8.663   109.0534 6.1209e+02    10.5472     -0.215     -0.312    25.1381 0.0000e+00
     -0.220      0.001     9.2747    112.034     43.128  43.249913     5.6356      8.663   123.2641 6.1195e+02    10.4541     -0.215     -0.312    25.1386 0.0000e+00
     -0.220      0.002     9.2656    111.778     43.143  43.262503     5.7039      8.665   147.5726 6.1175e+02    10.2971     -0.216     -0.313    25.1381 0.0000e+00
     -0.219      0.003     9.2508    111.580     43.155  43.275178     5.7190      8.665   159.0430 6.1179e+02    10.1865     -0.215     -0.312    25.1383 0.0000e+00
     -0.219      0.007     9.2462    111.551     43.154  43.276227     5.7025      8.664   153.1986 6.1151e+02    10.1075     -0.215     -0.311    25.1372 0.0000e+00
     -0.218      0.012     9.2402    111.662     43.151  43.275187     5.7110      8.662   137.9105 6.1173e+02    10.0927     -0.214     -0.310    25.1347 0.0000e+00
     -0.215      0.019     9.2089    111.769     43.137  43.262606     5.7308      8.658   123.5593 6.1350e+02    10.1788     -0.211     -0.306    25.1318 0.0000e+00
     -0.211      0.026     9.1906    111.632     43.125  43.251057     5.7340      8.656   116.7399 6.1416e+02    10.2261     -0.208     -0.301    25.1322 0.0000e+00
     -0.203      0.031     9.1893    111.224     43.137  43.262492     5.7084      8.660   113.4480 6.1155e+02    10.2199     -0.202     -0.292    25.1359 0.0000e+00
     -0.192      0.037     9.1996    110.774     43.147  43.273928     5.6120      8.665   112.1510 6.0794e+02    10.3092     -0.189     -0.274    25.1386 0.0000e+00
     -0.179      0.046     9.2203    110.483     43.134  43.262388     5.4840      8.668   112.3286 5.6555e+02    10.5206     -0.173     -0.251    25.1405 0.0000e+00
     -0.169      0.056     9.2092    110.432     43.120  43.249902     5.4343      8.666   112.1541 4.8901e+02    10.6926     -0.164     -0.238    25.1410 0.0000e+00
     -0.159      0.064     9.1658    110.616     43.120  43.249902     5.4360      8.666   110.9886 4.4845e+02    10.7483     -0.159     -0.232    25.1395 0.0000e+00
     -0.143      0.067     9.1231    110.933     43.133  43.262388     5.4295      8.671   109.2495 4.3114e+02    10.5448     -0.144     -0.210    25.1400 0.0000e+00
     -0.117      0.066     9.0970    111.234     43.146  43.273928     5.4225      8.680   107.9036 4.1306e+02    10.1463     -0.116     -0.169    25.1430 0.0000e+00
     -0.090      0.065     9.0920    111.386     43.135  43.262491     5.4261      8.688   107.7075 4.0799e+02     9.9600     -0.084     -0.122    25.1446 0.0000e+00
     -0.071      0.067     9.1107    111.326     43.124  43.251046     5.4397      8.693   108.8570 4.0942e+02     9.9662     -0.065     -0.095    25.1448 0.0000e+00
     -0.065      0.077     9.1416    111.076     43.136  43.262482     5.4872      8.694   109.8420 4.0368e+02     9.9822     -0.062     -0.090    25.1440 0.0000e+00
     -0.061      0.094     9.1705    110.616     43.147  43.273815     5.5595      8.694   109.1210 3.8468e+02     9.9831     -0.064     -0.091    25.1422 0.0000e+00
     -0.047      0.114     9.1863    109.953     43.134  43.261130     5.5893      8.695   107.9689 3.5658e+02     9.9424     -0.056     -0.079    25.1412 0.0000e+00
     -0.012      0.131     9.1784    109.290     43.109  43.236054     5.5895      8.699   107.2689 3.1766e+02     9.9340     -0.020     -0.030    25.1407 0.0000e+00
      0.046      0.138     9.1589    108.865     43.098  43.224514     5.5954      8.707   106.7670 2.7269e+02     9.9836      0.043      0.063    25.1405 0.0000e+00
      0.106      0.130     9.1238    108.764     43.123  43.248542     5.6271      8.715   106.9768 2.3920e+02     9.9623      0.113      0.164    25.1406 0.0000e+00
