Data/DataNotYetUploadedToEDI/Raw_CTD/RawDownloads/082923_fcr50_S8188001.cnv
* Sea-Bird SBE19plus  Data File:
* FileName = C:\R\Reservoirs\Data\DataNotYetUploadedToEDI\Raw_CTD\RawDownloads\082923_bvr50_S8188_0001.hex
* Software version 2.8.0.119
* Temperature SN = 8188
* Conductivity SN = 8188
* System UpLoad Time = Aug 30 2023 15:12:49
* <ApplicationData>
* <Seaterm232>
# nquan = 16
# nvalues = 1039                        
# units = specified
# name 0 = depFM: Depth [fresh water, m]
# name 1 = dz/dtM: Descent Rate [m/s]
# name 2 = sbeox0Mg/L: Oxygen, SBE 43 [mg/l]
# name 3 = sbeox0PS: Oxygen, SBE 43 [% saturation]
# name 4 = specc: Specific Conductance [uS/cm]
# name 5 = c0uS/cm: Conductivity [uS/cm]
# name 6 = wetCDOM: Fluorescence, WET Labs CDOM [mg/m^3]
# name 7 = flECO-AFL: Fluorescence, WET Labs ECO-AFL/FL [mg/m^3]
# name 8 = flECO-AFL1: Fluorescence, WET Labs ECO-AFL/FL, 2 [mg/m^3]
# name 9 = flECO-AFL2: Fluorescence, WET Labs ECO-AFL/FL, 3 [mg/m^3]
# name 10 = par/sat/log: PAR/Logarithmic, Satlantic
# name 11 = turbWETntu0: Turbidity, WET Labs ECO [NTU]
# name 12 = prdM: Pressure, Strain Gauge [db]
# name 13 = prdE: Pressure, Strain Gauge [psi]
# name 14 = tv290C: Temperature [ITS-90, deg C]
# name 15 = flag:  0.000e+00
# span 0 =     -0.678,      9.394       
# span 1 =     -0.314,      0.166       
# span 2 =     0.4451,     8.1514       
# span 3 =      4.390,     99.021       
# span 4 =     -0.056,    283.392       
# span 5 =  -0.058727, 207.390209       
# span 6 =    -4.5000,     4.7700       
# span 7 =    -0.1651,    25.1687       
# span 8 =    -2.1300,     0.5964       
# span 9 =    -2.0304,     8.5446       
# span 10 = 1.1577e-01, 1.0569e+03      
# span 11 =    -0.6338,    66.0098      
# span 12 =     -0.665,      9.212      
# span 13 =     -0.964,     13.361      
# span 14 =    11.5678,    27.3778      
# span 15 = 0.0000e+00, 0.0000e+00      
# interval = seconds: 0.25
# start_time = Aug 29 2023 13:41:59 [Instrument's time stamp, header]
# bad_flag = -9.990e-29
*END*
[from data line 724]
      7.663      0.089     2.1824     19.956     56.155  41.206186     4.3200     0.1630     0.2556     0.0846 1.1612e-01    12.0216      7.515     10.900    11.6870 0.0000e+00
      7.686      0.089     2.1778     19.914     56.160  41.209820     4.3200     0.1782     0.2556     0.0846 1.1590e-01    12.0516      7.538     10.932    11.6870 0.0000e+00
      7.709      0.090     2.1739     19.878     56.160  41.209793     4.3200     0.2164     0.2556     0.0846 1.1605e-01    12.1719      7.560     10.965    11.6869 0.0000e+00
      7.732      0.090     2.1700     19.846     56.158  41.208081     4.3200     0.2278     0.2556     0.0846 1.1595e-01    12.2621      7.583     10.998    11.6869 0.0000e+00
      7.755      0.090     2.1657     19.814     56.156  41.206209     4.3200     0.2316     0.2556     0.0846 1.1607e-01    12.2621      7.605     11.030    11.6868 0.0000e+00
      7.778      0.090     2.1612     19.778     56.153  41.203676     4.5000     0.2355     0.2982     0.0846 1.1600e-01    12.3522      7.628     11.063    11.6867 0.0000e+00
      7.801      0.089     2.1572     19.741     56.148  41.199806     4.5000     0.1668     0.2982     0.0846 1.1595e-01    12.2621      7.650     11.095    11.6866 0.0000e+00
      7.824      0.089     2.1538     19.707     56.145  41.197532     4.5000     0.1782     0.2982     0.0846 1.1600e-01    12.2019      7.673     11.128    11.6865 0.0000e+00
      7.847      0.088     2.1504     19.677     56.149  41.200207     4.5000     0.1744     0.2982     0.0846 1.1597e-01    12.2921      7.695     11.161    11.6864 0.0000e+00
      7.870      0.087     2.1465     19.655     56.155  41.204584     4.5000     0.1630     0.2556     0.1269 1.1605e-01    12.2470      7.717     11.193    11.6862 0.0000e+00
      7.891      0.086     2.1425     19.635     56.160  41.207866     4.5000     0.1782     0.2556     0.1269 1.1595e-01    12.1869      7.739     11.224    11.6859 0.0000e+00
      7.913      0.085     2.1388     19.613     56.162  41.208949     4.5000     0.1859     0.2556     0.1269 1.1610e-01    12.2019      7.760     11.254    11.6857 0.0000e+00
      7.933      0.085     2.1356     19.589     56.159  41.206140     4.5000     0.1859     0.2556     0.1269 1.1587e-01    12.3222      7.780     11.284    11.6854 0.0000e+00
      7.954      0.085     2.1331     19.563     56.157  41.204633     4.4100     0.1935     0.2556     0.0846 1.1582e-01    12.2170      7.801     11.314    11.6852 0.0000e+00
      7.976      0.087     2.1310     19.535     56.165  41.209969     4.4100     0.1782     0.2556     0.0846 1.1628e-01    12.4725      7.822     11.345    11.6849 0.0000e+00
      7.998      0.090     2.1287     19.508     56.175  41.217629     4.4100     0.1706     0.2556     0.0846 1.1590e-01    12.5176      7.844     11.376    11.6846 0.0000e+00
      8.021      0.093     2.1261     19.481     56.181  41.221730     4.4100     0.1782     0.2556     0.0846 1.1617e-01    12.4875      7.866     11.409    11.6843 0.0000e+00
      8.045      0.096     2.1232     19.458     56.181  41.221384     4.3200     0.1821     0.2556     0.1692 1.1600e-01    12.4274      7.890     11.443    11.6841 0.0000e+00
      8.070      0.098     2.1202     19.445     56.177  41.218481     4.3200     0.1706     0.2556     0.1692 1.1585e-01    12.2470      7.914     11.479    11.6838 0.0000e+00
      8.096      0.099     2.1173     19.438     56.171  41.214228     4.3200     0.1744     0.2556     0.1692 1.1600e-01    12.2470      7.940     11.516    11.6836 0.0000e+00
      8.123      0.099     2.1143     19.432     56.162  41.207490     4.3200     0.1706     0.2556     0.1692 1.1607e-01    12.1268      7.966     11.553    11.6834 0.0000e+00
      8.148      0.099     2.1118     19.429     56.150  41.198451     4.3200     0.1554     0.2556     0.1692 1.1600e-01    12.2771      7.991     11.590    11.6833 0.0000e+00
      8.173      0.098     2.1105     19.422     56.135  41.186683     4.3200     0.1592     0.2556     0.0846 1.1617e-01    12.2921      8.015     11.625    11.6833 0.0000e+00
      8.197      0.097     2.1097     19.410     56.116  41.173010     4.3200     0.1325     0.2556     0.0846 1.1585e-01    12.2921      8.039     11.659    11.6832 0.0000e+00
      8.221      0.096     2.1091     19.394     56.106  41.165671     4.3200     0.1706     0.2556     0.0846 1.1602e-01    12.3071      8.062     11.694    11.6832 0.0000e+00
      8.246      0.095     2.1087     19.374     56.108  41.166673     4.3200     0.1782     0.2556     0.0846 1.1595e-01    12.2621      8.086     11.728    11.6831 0.0000e+00
      8.270      0.095     2.1080     19.353     56.115  41.172320     4.4100     0.1973     0.2556     0.0846 1.1590e-01    12.0967      8.110     11.763    11.6830 0.0000e+00
      8.294      0.095     2.1067     19.334     56.132  41.184119     4.4100     0.1592     0.2556     0.0846 1.1600e-01    12.0216      8.134     11.797    11.6828 0.0000e+00
      8.319      0.096     2.1050     19.317     56.150  41.197289     4.4100     0.1630     0.2556     0.0846 1.1592e-01    12.0216      8.157     11.832    11.6827 0.0000e+00
      8.343      0.097     2.1028     19.300     56.164  41.207420     4.4100     0.1782     0.2556     0.0846 1.1595e-01    12.0967      8.181     11.866    11.6826 0.0000e+00
      8.368      0.098     2.1005     19.282     56.175  41.215233     4.4100     0.1897     0.2556     0.0846 1.1602e-01    12.0065      8.206     11.901    11.6825 0.0000e+00
      8.393      0.098     2.0984     19.263     56.180  41.218847     4.4100     0.1668     0.2556     0.0846 1.1617e-01    12.0216      8.230     11.938    11.6824 0.0000e+00
      8.419      0.099     2.0966     19.241     56.178  41.217245     4.4100     0.1706     0.2556     0.0846 1.1585e-01    12.0667      8.256     11.974    11.6823 0.0000e+00
      8.444      0.099     2.0948     19.217     56.171  41.211982     4.4100     0.1859     0.2556     0.0846 1.1605e-01    12.0967      8.280     12.010    11.6822 0.0000e+00
      8.469      0.099     2.0928     19.194     56.162  41.205616     4.4100     0.1744     0.2982     0.0846 1.1600e-01    12.5176      8.305     12.045    11.6820 0.0000e+00
      8.494      0.100     2.0907     19.171     56.149  41.196450     4.4100     0.1630     0.2982     0.0846 1.1605e-01    12.5025      8.329     12.081    11.6819 0.0000e+00
      8.519      0.100     2.0883     19.153     56.138  41.187982     4.4100     0.1859     0.2982     0.0846 1.1600e-01    12.4574      8.354     12.117    11.6819 0.0000e+00
      8.545      0.100     2.0858     19.140     56.135  41.185879     4.4100     0.1554     0.2982     0.0846 1.1595e-01    12.4875      8.379     12.153    11.6818 0.0000e+00
      8.571      0.100     2.0832     19.126     56.135  41.185617     4.4100     0.1477     0.2982     0.0846 1.1612e-01    12.0216      8.405     12.190    11.6818 0.0000e+00
      8.597      0.099     2.0808     19.109     56.135  41.185147     4.5000     0.1821     0.2982     0.2538 1.1600e-01    12.1117      8.430     12.227    11.6817 0.0000e+00
      8.622      0.098     2.0789     19.092     56.137  41.186323     4.5000     0.1592     0.2982     0.2538 1.1580e-01    12.1268      8.455     12.263    11.6817 0.0000e+00
      8.646      0.097     2.0774     19.073     56.147  41.193422     4.5000     0.1439     0.2982     0.2538 1.1615e-01    11.9464      8.479     12.298    11.6816 0.0000e+00
      8.670      0.096     2.0758     19.050     56.164  41.206354     4.5000     0.1706     0.2982     0.2538 1.1600e-01    12.8332      8.503     12.332    11.6815 0.0000e+00
      8.695      0.094     2.0740     19.027     56.179  41.216683     4.4100     0.1821     0.2556     0.1269 1.1602e-01    12.7580      8.527     12.367    11.6814 0.0000e+00
      8.719      0.093     2.0722     19.002     56.185  41.221219     4.4100     0.1706     0.2556     0.1269 1.1595e-01    12.7731      8.551     12.402    11.6813 0.0000e+00
      8.743      0.090     2.0702     18.979     56.186  41.221172     4.4100     0.1706     0.2556     0.1269 1.1602e-01    12.8332      8.574     12.436    11.6812 0.0000e+00
      8.766      0.088     2.0677     18.960     56.182  41.218510     4.4100     0.2393     0.2556     0.1269 1.1612e-01    12.2170      8.597     12.468    11.6810 0.0000e+00
      8.788      0.085     2.0652     18.943     56.180  41.216485     4.5000     0.2164     0.2982     0.0846 1.1600e-01    12.1869      8.618     12.500    11.6809 0.0000e+00
      8.809      0.082     2.0624     18.926     56.177  41.214557     4.5000     0.2584     0.2982     0.0846 1.1600e-01    12.1869      8.639     12.529    11.6807 0.0000e+00
      8.829      0.079     2.0599     18.910     56.177  41.214195     4.5000     0.2011     0.2982     0.0846 1.1610e-01    12.2921      8.658     12.558    11.6805 0.0000e+00
      8.849      0.076     2.0579     18.896     56.184  41.219262     4.5000     0.2507     0.2982     0.0846 1.1605e-01    12.4875      8.678     12.586    11.6803 0.0000e+00
      8.868      0.074     2.0561     18.885     56.193  41.225167     4.5000     0.2316     0.2982     0.1692 1.1602e-01    12.5777      8.697     12.613    11.6801 0.0000e+00
      8.887      0.071     2.0542     18.881     56.200  41.229523     4.5000     0.2164     0.2982     0.1692 1.1597e-01    12.4875      8.715     12.640    11.6799 0.0000e+00
      8.905      0.069     2.0526     18.877     56.211  41.237453     4.5000     0.2393     0.2982     0.1692 1.1623e-01    12.5326      8.733     12.666    11.6796 0.0000e+00
      8.922      0.065     2.0510     18.850     56.226  41.247110     4.5000     0.2393     0.2982     0.1692 1.1617e-01    13.7801      8.750     12.690    11.6793 0.0000e+00
      8.939      0.062     2.0498     18.798     56.235  41.253144     4.5000     0.2088     0.2982     0.1692 1.1585e-01    13.7049      8.766     12.714    11.6789 0.0000e+00
      8.954      0.058     2.0495     18.731     56.238  41.255183     4.4100     0.2278     0.2982     0.1269 1.1592e-01    13.6448      8.781     12.736    11.6783 0.0000e+00
      8.969      0.054     2.0490     18.656     56.236  41.253771     4.4100     0.2355     0.2982     0.1269 1.1615e-01    13.6749      8.795     12.757    11.6777 0.0000e+00
      8.982      0.050     2.0461     18.582     56.233  41.252493     4.4100     0.2736     0.2982     0.1269 1.1600e-01    14.1258      8.808     12.775    11.6771 0.0000e+00
      8.993      0.047     2.0405     18.524     56.234  41.254971     4.4100     0.3041     0.2982     0.1269 1.1587e-01    14.1558      8.820     12.792    11.6765 0.0000e+00
      9.004      0.045     2.0334     18.500     56.241  41.261866     4.5000     0.2774     0.2556     0.1692 1.1605e-01    14.1108      8.830     12.808    11.6762 0.0000e+00
      9.015      0.043     2.0252     18.514     56.250  41.271054     4.5000     0.2889     0.2556     0.1692 1.1607e-01    14.2310      8.841     12.822    11.6764 0.0000e+00
      9.025      0.043     2.0170     18.557     56.260  41.281023     4.5000     0.2965     0.2556     0.1692 1.1623e-01    14.2009      8.851     12.837    11.6772 0.0000e+00
      9.036      0.045     2.0107     18.617     56.274  41.294432     4.5000     0.2164     0.2556     0.1692 1.1595e-01    14.6518      8.861     12.852    11.6785 0.0000e+00
      9.047      0.047     2.0080     18.697     56.292  41.310895     4.5000     0.2393     0.2556     0.0846 1.1595e-01    14.5617      8.872     12.868    11.6802 0.0000e+00
      9.059      0.049     2.0094     18.813     56.316  41.330839     4.5000     0.2164     0.2556     0.0846 1.1602e-01    14.5917      8.884     12.885    11.6823 0.0000e+00
      9.072      0.052     2.0140     18.988     56.349  41.355621     4.5000     0.2240     0.2556     0.0846 1.1590e-01    14.5767      8.896     12.903    11.6849 0.0000e+00
      9.086      0.054     2.0204     19.266     56.389  41.383924     4.5000     0.2316     0.2556     0.0846 1.1610e-01    14.6819      8.910     12.923    11.6879 0.0000e+00
      9.100      0.056     2.0289     19.647     56.430  41.411409     4.5000     0.2431     0.2982     0.1269 1.1595e-01    14.6518      8.924     12.944    11.6908 0.0000e+00
      9.116      0.056     2.0414     20.031     56.464  41.433518     4.5000     0.2393     0.2982     0.1269 1.1612e-01    14.6068      8.939     12.966    11.6928 0.0000e+00
      9.131      0.055     2.0604     20.298     56.499  41.456148     4.5000     0.2278     0.2982     0.1269 1.1607e-01    14.5767      8.954     12.987    11.6935 0.0000e+00
      9.146      0.052     2.0906     20.368     56.542  41.485332     4.5000     0.2507     0.2982     0.1269 1.1605e-01    14.4565      8.969     13.008    11.6925 0.0000e+00
      9.159      0.048     2.1320     20.209     56.587  41.516966     4.5000     0.2202     0.2982     0.1269 1.1612e-01    14.3813      8.982     13.027    11.6902 0.0000e+00
      9.171      0.044     2.1739     19.824     56.646  41.559486     4.6800     0.2393     0.2982     0.0846 1.1600e-01    14.2911      8.994     13.044    11.6874 0.0000e+00
      9.181      0.040     2.2029     19.231     56.750  41.636116     4.6800     0.2431     0.2982     0.0846 1.1600e-01    14.4414      9.004     13.058    11.6849 0.0000e+00
      9.190      0.036     2.2106     18.492     56.912  41.755406     4.6800     0.2355     0.2982     0.0846 1.1585e-01    14.4414      9.012     13.071    11.6830 0.0000e+00
      9.197      0.033     2.1935     17.743     57.155  41.933316     4.6800     0.2355     0.2982     0.0846 1.1605e-01    14.3663      9.020     13.082    11.6817 0.0000e+00
      9.205      0.031     2.1518     17.140     57.552  42.225214     4.7700     0.2202     0.2982     0.1692 1.1617e-01    14.4865      9.027     13.093    11.6810 0.0000e+00
      9.213      0.031     2.0874     16.761     58.221  42.716864     4.7700     0.2431     0.2982     0.1692 1.1602e-01    14.2911      9.035     13.103    11.6810 0.0000e+00
      9.220      0.031     2.0071     16.609     59.347  43.543334     4.7700     0.3003     0.2982     0.1692 1.1597e-01    14.8923      9.042     13.114    11.6812 0.0000e+00
      9.228      0.032     1.9258     16.651     61.241  44.932942     4.7700     0.2812     0.2982     0.1692 1.1597e-01    14.8472      9.050     13.125    11.6816 0.0000e+00
      9.236      0.033     1.8603     16.846     64.415  47.260212     4.2300     0.2965     0.4686     1.8189 1.1590e-01    14.8773      9.058     13.137    11.6822 0.0000e+00
      9.244      0.036     1.8191     17.143     69.710  51.141786     4.2300     0.3118     0.4686     1.8189 1.1600e-01    14.8021      9.066     13.148    11.6831 0.0000e+00
      9.253      0.040     1.8025     17.481     78.504  57.586998     4.2300     0.2774     0.4686     1.8189 1.1610e-01    14.6068      9.074     13.161    11.6841 0.0000e+00
      9.263      0.044     1.8071     17.795     93.107  68.288814     4.2300     0.2927     0.4686     1.8189 1.1602e-01    14.6218      9.084     13.175    11.6851 0.0000e+00
      9.274      0.049     1.8282     18.054    117.420  86.106995     4.2300     0.3041     0.4686     1.8189 1.1610e-01    14.6819      9.095     13.191    11.6857 0.0000e+00
      9.288      0.055     1.8605     18.258    152.883 112.091136     3.3300     0.3118     0.5964     4.9491 1.1605e-01    14.5617      9.108     13.210    11.6856 0.0000e+00
      9.303      0.059     1.8972     18.417    190.890 139.919475     3.3300     0.8267     0.5964     4.9491 1.1592e-01    30.8994      9.123     13.231    11.6843 0.0000e+00
      9.319      0.060     1.9313     18.534    220.222 161.359353     3.3300     0.8077     0.5964     4.9491 1.1600e-01    30.9445      9.139     13.255    11.6815 0.0000e+00
