Data/DataNotYetUploadedToEDI/Raw_CTD/RawDownloads/082922_fcr50_S7809001.cnv
* Sea-Bird SBE19plus  Data File:
* FileName = C:\R\Reservoirs\Data\DataNotYetUploadedToEDI\Raw_CTD\RawDownloads\082922_fcr50_S7809_0001.hex
* Software version 2.8.0.119
* Temperature SN = 7809
* Conductivity SN = 7809
* System UpLoad Time = Aug 29 2022 13:00:09
* <ApplicationData>
* <Seaterm232>
# nquan = 15
# nvalues = 2325                        
# units = specified
# name 0 = depFM: Depth [fresh water, m]
# name 1 = dz/dtM: Descent Rate [m/s]
# name 2 = sbeox0Mg/L: Oxygen, SBE 43 [mg/l]
# name 3 = sbeox0PS: Oxygen, SBE 43 [% saturation]
# name 4 = specc: Specific Conductance [uS/cm]
# name 5 = c0uS/cm: Conductivity [uS/cm]
# name 6 = flECO-AFL: Fluorescence, WET Labs ECO-AFL/FL [mg/m^3]
# name 7 = ph: pH
# name 8 = orp: Oxidation Reduction Potential [mV]
# name 9 = par/sat/log: PAR/Logarithmic, Satlantic
# name 10 = turbWETntu0: Turbidity, WET Labs ECO [NTU]
# name 11 = prdM: Pressure, Strain Gauge [db]
# name 12 = prdE: Pressure, Strain Gauge [psi]
# name 13 = tv290C: Temperature [ITS-90, deg C]
# name 14 = flag:  0.000e+00
# span 0 =     -0.622,      9.546       
# span 1 =     -0.286,      0.212       
# span 2 =     0.0089,     6.7331       
# span 3 =      0.124,     82.218       
# span 4 =      0.876,    500.210       
# span 5 =   0.893275, 367.117711       
# span 6 =    -1.2948,   232.6634       
# span 7 =      5.895,      8.507       
# span 8 = -1240.7455,   236.2933       
# span 9 = 1.2355e-01, 1.6039e+03       
# span 10 =    -0.3996,   377.3740      
# span 11 =     -0.610,      9.362      
# span 12 =     -0.885,     13.579      
# span 13 =    11.3233,    26.0252      
# span 14 = 0.0000e+00, 0.0000e+00      
# interval = seconds: 0.25
# start_time = Aug 29 2022 06:33:34 [Instrument's time stamp, header]
# bad_flag = -9.990e-29
*END*
[from data line 675]
      2.603      0.028     2.6616     27.873     43.266  39.085659    14.0303      7.311   226.4744 3.3445e+01     6.0738      2.552      3.702    20.3023 0.0000e+00
      2.609      0.029     2.6415     27.558     43.267  39.085440    14.0928      7.309   226.8193 3.3018e+01     6.1291      2.558      3.711    20.2569 0.0000e+00
      2.616      0.032     2.6050     27.381     43.225  39.084271    14.1171      7.307   227.0787 3.2531e+01     6.1200      2.565      3.720    20.2187 0.0000e+00
      2.625      0.034     2.5602     27.426     43.150  39.071578    14.3655      7.304   226.9437 3.1953e+01     6.1681      2.574      3.733    20.1871 0.0000e+00
      2.636      0.035     2.5221     27.729     43.103  39.058889    14.8323      7.300   226.8222 3.1352e+01     6.2676      2.585      3.749    20.1578 0.0000e+00
      2.647      0.036     2.4952     28.236     43.108  39.057736    15.0922      7.298   226.9000 3.0797e+01     6.3312      2.596      3.766    20.1428 0.0000e+00
      2.657      0.036     2.4721     28.871     43.136  39.057633    15.1190      7.297   227.1099 3.0365e+01     6.3572      2.607      3.781    20.1920 0.0000e+00
      2.664      0.035     2.4698     29.486     43.192  39.057611    15.1564      7.295   227.4668 3.0064e+01     6.3761      2.613      3.790    20.2873 0.0000e+00
      2.670      0.033     2.4991     29.914     43.275  39.057403    15.2278      7.294   227.6877 2.9678e+01     6.3550      2.618      3.797    20.3208 0.0000e+00
      2.680      0.032     2.5467     30.124     43.360  39.055013    15.2746      7.291   227.7165 2.9156e+01     6.3415      2.627      3.811    20.3000 0.0000e+00
      2.690      0.031     2.6104     30.176     43.405  39.028606    15.2817      7.287   227.5565 2.8716e+01     6.3500      2.639      3.827    20.2793 0.0000e+00
      2.698      0.030     2.6764     30.116     43.422  38.991714    15.2637      7.284   227.3883 2.8348e+01     6.3210      2.646      3.838    20.2215 0.0000e+00
      2.705      0.029     2.7206     30.030     43.467  38.989413    15.1069      7.281   227.6613 2.7979e+01     6.2294      2.652      3.848    20.1224 0.0000e+00
      2.712      0.026     2.7413     30.005     43.519  39.000731    14.8257      7.278   228.2763 2.7679e+01     6.1305      2.660      3.858    20.0252 0.0000e+00
      2.719      0.024     2.7505     30.071     43.554  39.001669    14.6769      7.276   228.6288 2.7419e+01     6.1162      2.666      3.866    19.9486 0.0000e+00
      2.724      0.023     2.7448     30.210     43.579  39.000717    14.6721      7.275   228.4813 2.7199e+01     6.1592      2.672      3.875    19.8895 0.0000e+00
      2.728      0.023     2.7359     30.349     43.590  38.989187    14.6935      7.272   228.2998 2.7021e+01     6.1037      2.677      3.882    19.8419 0.0000e+00
      2.733      0.024     2.7357     30.393     43.614  38.989072    14.7360      7.270   228.5003 2.6780e+01     5.9242      2.680      3.886    19.8013 0.0000e+00
      2.739      0.025     2.7434     30.299     43.653  38.999297    14.7698      7.269   228.8403 2.6455e+01     5.7990      2.686      3.896    19.7677 0.0000e+00
      2.747      0.028     2.7604     30.082     43.668  38.985950    14.7947      7.268   228.9691 2.6120e+01     5.8190      2.694      3.908    19.7420 0.0000e+00
      2.754      0.030     2.7779     29.783     43.664  38.954496    14.9616      7.266   228.9386 2.5811e+01     5.8933      2.702      3.918    19.7192 0.0000e+00
      2.762      0.030     2.7850     29.433     43.676  38.936060    15.2570      7.264   228.9017 2.5446e+01     5.9108      2.708      3.928    19.6942 0.0000e+00
      2.771      0.029     2.7765     29.019     43.727  38.953266    15.4110      7.262   228.8679 2.5016e+01     5.8600      2.718      3.942    19.6658 0.0000e+00
      2.780      0.027     2.7580     28.567     43.777  38.972235    15.4337      7.259   228.9594 2.4726e+01     5.7925      2.729      3.958    19.6351 0.0000e+00
      2.787      0.025     2.7294     28.117     43.806  38.975106    15.5729      7.257   229.1483 2.4604e+01     5.8454      2.734      3.965    19.6036 0.0000e+00
      2.791      0.024     2.7016     27.637     43.845  38.987948    15.8201      7.256   229.3453 2.4475e+01     6.0213      2.736      3.969    19.5699 0.0000e+00
      2.795      0.024     2.6644     27.117     43.884  39.000641    15.9510      7.254   229.6207 2.4280e+01     6.0747      2.741      3.976    19.5361 0.0000e+00
      2.801      0.024     2.6207     26.545     43.910  39.001704    15.9820      7.252   229.7241 2.4026e+01     6.0468      2.747      3.983    19.5068 0.0000e+00
      2.808      0.024     2.5851     25.912     43.935  39.000774    16.2525      7.250   229.4773 2.3717e+01     6.1288      2.753      3.993    19.4803 0.0000e+00
      2.816      0.024     2.5405     25.265     43.950  38.989360    16.7580      7.247   229.2175 2.3399e+01     6.2459      2.761      4.005    19.4558 0.0000e+00
      2.824      0.024     2.4950     24.658     43.976  38.990518    17.0421      7.245   229.2505 2.3145e+01     6.3009      2.770      4.018    19.4324 0.0000e+00
      2.830      0.025     2.4446     24.096     44.024  39.014746    17.0659      7.244   229.4458 2.3014e+01     6.3162      2.776      4.027    19.4075 0.0000e+00
      2.833      0.028     2.3853     23.550     44.060  39.028586    17.0627      7.244   229.5993 2.2947e+01     6.3277      2.778      4.029    19.3806 0.0000e+00
      2.836      0.030     2.3251     22.963     44.089  39.030981    17.1033      7.242   229.4727 2.2748e+01     6.3368      2.780      4.032    19.3508 0.0000e+00
      2.844      0.031     2.2703     22.315     44.136  39.043679    17.1820      7.239   229.2052 2.2306e+01     6.3248      2.787      4.042    19.3252 0.0000e+00
      2.857      0.031     2.2205     21.687     44.181  39.055236    17.2315      7.236   229.1178 2.1779e+01     6.3192      2.802      4.065    19.3064 0.0000e+00
      2.871      0.030     2.1725     21.102     44.195  39.043823    17.2367      7.233   229.1904 2.1495e+01     6.3378      2.820      4.089    19.2876 0.0000e+00
      2.878      0.029     2.1228     20.515     44.202  39.032506    17.1782      7.230   229.3946 2.1451e+01     6.3438      2.824      4.096    19.2630 0.0000e+00
      2.880      0.027     2.0580     19.894     44.234  39.045226    17.0732      7.227   229.4362 2.1375e+01     6.3248      2.823      4.095    19.2276 0.0000e+00
      2.883      0.026     2.0017     19.232     44.285  39.070752    17.0160      7.224   229.1776 2.1211e+01     6.3132      2.826      4.099    19.1908 0.0000e+00
      2.889      0.027     1.9516     18.570     44.334  39.087431    17.0363      7.223   229.0203 2.0956e+01     6.3395      2.832      4.107    19.1654 0.0000e+00
      2.898      0.031     1.8977     17.955     44.406  39.120007    17.2933      7.222   229.2550 2.0625e+01     6.4037      2.842      4.122    19.1477 0.0000e+00
      2.908      0.035     1.8427     17.376     44.549  39.210889    17.7516      7.221   229.6070 2.0339e+01     6.5084      2.852      4.138    19.1319 0.0000e+00
      2.917      0.039     1.7796     16.780     44.838  39.425170    17.9998      7.219   229.7491 2.0052e+01     6.5469      2.860      4.149    19.1109 0.0000e+00
      2.927      0.040     1.7177     16.136     45.255  39.744687    18.0628      7.216   229.7681 1.9690e+01     6.5277      2.871      4.162    19.0809 0.0000e+00
      2.938      0.039     1.6617     15.418     45.566  39.966323    18.4553      7.212   229.7503 1.9339e+01     6.6172      2.882      4.180    19.0457 0.0000e+00
      2.950      0.038     1.6128     14.573     45.679  40.011895    19.1422      7.210   229.7058 1.9032e+01     6.7075      2.894      4.197    19.0069 0.0000e+00
      2.960      0.036     1.5590     13.582     45.698  39.978497    19.5003      7.207   229.7471 1.8762e+01     6.7312      2.904      4.211    18.9624 0.0000e+00
      2.969      0.033     1.5012     12.465     45.699  39.942988    19.5311      7.204   229.9047 1.8568e+01     6.8016      2.912      4.224    18.9102 0.0000e+00
      2.977      0.030     1.4387     11.170     45.741  39.963059    19.6237      7.201   230.1491 1.8404e+01     6.8070      2.919      4.234    18.8512 0.0000e+00
      2.983      0.027     1.3630      9.663     45.831  40.030884    19.7880      7.198   230.3791 1.8184e+01     6.6943      2.925      4.241    18.7906 0.0000e+00
      2.989      0.025     1.2695      8.082     45.898  40.065364    19.8695      7.195   230.4478 1.7962e+01     6.5990      2.931      4.251    18.7334 0.0000e+00
      2.996      0.023     1.1685      6.611     45.938  40.062799    19.8596      7.192   230.4634 1.7822e+01     6.5772      2.939      4.263    18.6877 0.0000e+00
      3.002      0.023     1.0527      5.368     45.988  40.063254    19.8508      7.188   230.4819 1.7722e+01     6.5679      2.944      4.270    18.6758 0.0000e+00
      3.007      0.023     0.9042      4.403     46.050  40.070806    19.9550      7.185   230.5863 1.7585e+01     6.5897      2.948      4.276    18.6762 0.0000e+00
      3.012      0.022     0.7510      3.706     46.127  40.090627    20.1625      7.182   230.8649 1.7384e+01     6.7377      2.953      4.283    18.6477 0.0000e+00
      3.018      0.021     0.6105      3.236     46.202  40.112562    20.2700      7.178   231.0112 1.7165e+01     6.8544      2.959      4.292    18.6029 0.0000e+00
      3.025      0.021     0.4925      2.934     46.282  40.145692    20.2649      7.176   230.8928 1.6993e+01     6.8388      2.967      4.303    18.5551 0.0000e+00
      3.030      0.020     0.4041      2.741     46.351  40.174030    20.2677      7.174   230.7239 1.6880e+01     6.8225      2.973      4.312    18.5041 0.0000e+00
      3.034      0.020     0.3395      2.587     46.417  40.201454    20.2865      7.172   230.7757 1.6768e+01     6.8275      2.975      4.315    18.4513 0.0000e+00
      3.038      0.020     0.2989      2.406     46.549  40.286956    20.2925      7.170   231.0037 1.6638e+01     6.8314      2.979      4.321    18.4027 0.0000e+00
      3.042      0.022     0.2717      2.195     46.771  40.446676    20.2989      7.168   231.0708 1.6543e+01     6.8357      2.984      4.328    18.3649 0.0000e+00
      3.047      0.026     0.2562      1.974     47.081  40.673771    20.4882      7.165   230.9854 1.6413e+01     6.7778      2.987      4.332    18.3318 0.0000e+00
      3.054      0.030     0.2454      1.756     47.447  40.939601    20.8592      7.162   231.0025 1.6185e+01     6.6778      2.993      4.341    18.3002 0.0000e+00
      3.064      0.034     0.2273      1.556     47.878  41.250486    21.0804      7.157   231.1914 1.5928e+01     6.6170      3.004      4.356    18.2703 0.0000e+00
      3.074      0.037     0.2070      1.394     48.414  41.641717    21.1818      7.152   231.3769 1.5660e+01     6.5886      3.015      4.373    18.2377 0.0000e+00
      3.084      0.038     0.1859      1.281     48.985  42.054348    22.0526      7.148   231.4390 1.5382e+01     6.6757      3.025      4.387    18.1958 0.0000e+00
      3.095      0.037     0.1654      1.210     49.522  42.433624    23.6517      7.143   231.4262 1.5111e+01     6.8850      3.034      4.401    18.1419 0.0000e+00
      3.105      0.036     0.1456      1.164     50.193  42.928936    24.5357      7.138   231.3946 1.4871e+01     7.0356      3.046      4.417    18.0783 0.0000e+00
      3.115      0.033     0.1302      1.143     50.995  43.539197    24.7012      7.133   231.3150 1.4698e+01     7.0951      3.057      4.432    18.0050 0.0000e+00
      3.122      0.032     0.1198      1.129     51.820  44.166411    25.4274      7.129   231.2378 1.4528e+01     7.2631      3.061      4.440    17.9234 0.0000e+00
      3.129      0.033     0.1146      1.104     53.105  45.183698    26.7074      7.126   231.2355 1.4338e+01     7.5640      3.068      4.450    17.8379 0.0000e+00
      3.136      0.036     0.1098      1.081     54.991  46.703507    27.3941      7.123   231.2013 1.4193e+01     7.7280      3.077      4.462    17.7585 0.0000e+00
      3.143      0.039     0.1080      1.055     56.731  48.076860    27.5131      7.119   231.1678 1.3981e+01     7.7772      3.080      4.467    17.6865 0.0000e+00
      3.154      0.042     0.1094      1.034     58.158  49.162607    28.2373      7.114   231.1746 1.3624e+01     7.9190      3.089      4.481    17.6107 0.0000e+00
      3.169      0.046     0.1044      1.034     59.750  50.376599    29.5420      7.110   231.1113 1.3317e+01     8.1103      3.110      4.511    17.5394 0.0000e+00
      3.182      0.049     0.1040      1.029     61.199  51.459699    30.2457      7.105   231.0912 1.3110e+01     8.2108      3.122      4.528    17.4697 0.0000e+00
      3.193      0.050     0.1015      1.010     62.142  52.104686    30.3121      7.100   231.1895 1.2821e+01     8.2127      3.129      4.538    17.3757 0.0000e+00
      3.207      0.047     0.0974      1.001     62.750  52.463320    30.4283      7.096   231.3536 1.2479e+01     8.2012      3.145      4.560    17.2636 0.0000e+00
      3.221      0.041     0.1006      1.006     62.948  52.495600    31.6920      7.093   231.6988 1.2227e+01     8.2769      3.160      4.583    17.1552 0.0000e+00
      3.232      0.036     0.0999      1.001     62.642  52.177483    34.0057      7.089   232.1793 1.2038e+01     8.4455      3.170      4.597    17.0438 0.0000e+00
      3.241      0.030     0.0974      0.989     62.075  51.790117    35.2644      7.085   232.6035 1.1886e+01     8.5313      3.179      4.611    16.9211 0.0000e+00
      3.247      0.024     0.0963      0.983     61.440  51.492967    35.3837      7.082   233.0419 1.1821e+01     8.4946      3.185      4.619    16.7978 0.0000e+00
      3.250      0.018     0.0986      0.967     60.860  51.250384    35.5724      7.079   233.5216 1.1796e+01     8.5146      3.187      4.622    16.6782 0.0000e+00
      3.253      0.015     0.0982      0.939     60.433  51.015078    35.9235      7.076   233.8443 1.1744e+01     8.6366      3.190      4.626    16.5974 0.0000e+00
      3.255      0.014     0.0951      0.911     60.143  50.805690    36.1330      7.073   234.1046 1.1694e+01     8.7055      3.193      4.631    16.6558 0.0000e+00
      3.257      0.015     0.0961      0.894     60.191  50.876355    36.2488      7.069   234.3447 1.1646e+01     8.6983      3.194      4.633    16.8982 0.0000e+00
      3.261      0.017     0.0935      0.892     60.743  51.361830    37.2247      7.065   234.3391 1.1551e+01     8.8915      3.197      4.637    17.1557 0.0000e+00
      3.267      0.020     0.0904      0.896     61.498  51.979462    39.0019      7.062   234.1225 1.1429e+01     9.2987      3.204      4.647    17.2341 0.0000e+00
      3.272      0.023     0.0873      0.904     62.348  52.632502    39.9660      7.059   233.9627 1.1304e+01     9.5572      3.209      4.654    17.2215 0.0000e+00
      3.278      0.025     0.0853      0.930     63.162  53.165012    39.9847      7.055   233.9559 1.1175e+01     9.6252      3.215      4.663    17.2615 0.0000e+00
      3.286      0.025     0.0856      0.980     63.981  53.594417    39.1277      7.050   233.9541 1.1031e+01     9.5406      3.223      4.674    17.2912 0.0000e+00
      3.295      0.026     0.0862      1.025     66.152  55.158418    37.5279      7.043   233.8547 1.0884e+01     9.2856      3.231      4.687    17.2626 0.0000e+00
      3.301      0.026     0.0864      1.041     69.784  58.047069    36.6385      7.037   233.7010 1.0807e+01     9.1042      3.240      4.698    17.2300 0.0000e+00
      3.306      0.025     0.0882      1.049     72.140  59.955292    36.4065      7.033   233.6438 1.0744e+01     9.0894      3.242      4.702    17.1272 0.0000e+00
      3.312      0.023     0.0951      1.084     72.164  59.947673    34.7801      7.028   233.5929 1.0593e+01     8.9699      3.245      4.706    16.8743 0.0000e+00
