Data/DataNotYetUploadedToEDI/Raw_CTD/RawDownloads/082923_fcr50_S7809006.cnv
* Sea-Bird SBE19plus  Data File:
* FileName = C:\R\Reservoirs\Data\DataNotYetUploadedToEDI\Raw_CTD\RawDownloads\081423_fcr50_S7809_0006.hex
* Software version 2.8.0.119
* Temperature SN = 7809
* Conductivity SN = 7809
* System UpLoad Time = Aug 30 2023 10:56:22
* <ApplicationData>
* <Seaterm232>
# nquan = 15
# nvalues = 1204                        
# units = specified
# name 0 = depFM: Depth [fresh water, m]
# name 1 = dz/dtM: Descent Rate [m/s]
# name 2 = sbeox0Mg/L: Oxygen, SBE 43 [mg/l]
# name 3 = sbeox0PS: Oxygen, SBE 43 [% saturation]
# name 4 = specc: Specific Conductance [uS/cm]
# name 5 = c0uS/cm: Conductivity [uS/cm]
# name 6 = flECO-AFL: Fluorescence, WET Labs ECO-AFL/FL [mg/m^3]
# name 7 = ph: pH
# name 8 = orp: Oxidation Reduction Potential [mV]
# name 9 = par/sat/log: PAR/Logarithmic, Satlantic
# name 10 = turbWETntu0: Turbidity, WET Labs ECO [NTU]
# name 11 = prdM: Pressure, Strain Gauge [db]
# name 12 = prdE: Pressure, Strain Gauge [psi]
# name 13 = tv290C: Temperature [ITS-90, deg C]
# name 14 = flag:  0.000e+00
# span 0 =     -0.680,      9.267       
# span 1 =     -0.349,      0.181       
# span 2 =     0.1338,     9.9846       
# span 3 =      1.623,    120.670       
# span 4 =      0.568,     58.011       
# span 5 =   0.540303,  47.575953       
# span 6 =    -0.1003,    31.6382       
# span 7 =      6.439,      9.107       
# span 8 = -1240.7455,   368.9814       
# span 9 = 1.2362e-01, 6.2234e+02       
# span 10 =     0.8187,    16.3347      
# span 11 =     -0.668,      9.092      
# span 12 =     -0.969,     13.187      
# span 13 =    11.6606,    25.1468      
# span 14 = 0.0000e+00, 0.0000e+00      
# interval = seconds: 0.25
# start_time = Aug 29 2023 13:30:23 [Instrument's time stamp, header]
# bad_flag = -9.990e-29
*END*
[from data line 964]
      9.208      0.034     3.7018     32.112     57.666  42.320396     0.4155      6.845   182.1827 1.2380e-01    15.5943      9.028     13.094    11.6866 0.0000e+00
      9.218      0.039     3.6355     31.949     58.011  42.580275     0.3987      6.843   182.0127 1.2383e-01    15.5402      9.040     13.111    11.6908 0.0000e+00
      9.231      0.040     3.5718     31.925     57.930  42.523730     0.4074      6.841   181.7342 1.2385e-01    15.7145      9.052     13.130    11.6909 0.0000e+00
      9.246      0.034     3.5162     31.980     57.589  42.271451     0.4457      6.837   181.7409 1.2383e-01    16.1305      9.066     13.150    11.6865 0.0000e+00
      9.259      0.021     3.4769     32.040     57.317  42.068904     0.4708      6.834   182.0077 1.2377e-01    16.3347      9.082     13.172    11.6896 0.0000e+00
      9.267      0.002     3.4612     31.978     57.108  41.915431     0.4771      6.832   182.4648 1.2372e-01    16.2709      9.092     13.187    11.6994 0.0000e+00
      9.266     -0.021     3.4609     31.725     56.961  41.812195     0.4726      6.830   182.8798 1.2374e-01    16.2128      9.091     13.186    11.7019 0.0000e+00
      9.256     -0.042     3.4685     31.392     56.898  41.772746     0.4575      6.828   183.0670 1.2376e-01    16.0079      9.080     13.169    11.6981 0.0000e+00
      9.238     -0.060     3.4813     31.122     56.865  41.755824     0.4356      6.826   183.1795 1.2372e-01    15.6043      9.061     13.142    11.6948 0.0000e+00
      9.214     -0.070     3.4801     31.027     56.827  41.734541     0.4243      6.824   183.4663 1.2368e-01    15.3632      9.036     13.106    11.6942 0.0000e+00
      9.190     -0.075     3.4447     31.233     56.780  41.705835     0.4215      6.823   183.8671 1.2368e-01    15.3128      9.011     13.069    11.6982 0.0000e+00
      9.170     -0.075     3.4020     31.776     56.714  41.662621     0.4105      6.823   184.1539 1.2372e-01    15.2688      8.992     13.041    11.7058 0.0000e+00
      9.154     -0.071     3.3706     32.603     56.699  41.656346     0.4075      6.823   184.3533 1.2373e-01    15.2758      8.977     13.020    11.7131 0.0000e+00
      9.138     -0.064     3.3513     33.593     56.745  41.693450     0.4176      6.824   184.5571 1.2376e-01    15.3284      8.962     12.999    11.7179 0.0000e+00
      9.121     -0.058     3.3739     34.597     56.791  41.730410     0.4089      6.825   184.8116 1.2381e-01    15.3241      8.944     12.973    11.7225 0.0000e+00
      9.105     -0.056     3.4342     35.525     56.860  41.785888     0.3933      6.826   185.1923 1.2383e-01    15.2926      8.927     12.949    11.7283 0.0000e+00
      9.093     -0.060     3.5273     36.310     56.860  41.793008     0.3953      6.826   185.6333 1.2379e-01    15.2885      8.915     12.931    11.7323 0.0000e+00
      9.084     -0.073     3.6430     36.888     56.716  41.689559     0.4000      6.826   185.7558 1.2376e-01    15.3091      8.908     12.920    11.7343 0.0000e+00
      9.073     -0.091     3.7526     37.223     56.621  41.614097     0.4080      6.824   185.5542 1.2380e-01    15.3368      8.901     12.910    11.7371 0.0000e+00
      9.052     -0.113     3.8563     37.356     56.672  41.642242     0.4095      6.824   185.5194 1.2381e-01    15.2471      8.884     12.886    11.7413 0.0000e+00
      9.017     -0.138     3.9423     37.344     56.774  41.712501     0.3933      6.824   185.9372 1.2377e-01    15.0782      8.847     12.831    11.7493 0.0000e+00
      8.969     -0.161     4.0077     37.224     56.839  41.765412     0.3778      6.824   186.5617 1.2377e-01    15.0037      8.795     12.757    11.7534 0.0000e+00
      8.919     -0.178     4.0416     37.059     56.836  41.774222     0.3800      6.824   186.9615 1.2377e-01    15.0296      8.746     12.685    11.7462 0.0000e+00
      8.871     -0.188     4.0543     36.911     56.801  41.755567     0.3957      6.823   186.9860 1.2372e-01    15.1516      8.701     12.618    11.7353 0.0000e+00
      8.823     -0.188     4.0538     36.786     56.766  41.730284     0.4010      6.822   186.7708 1.2372e-01    15.2834      8.653     12.551    11.7287 0.0000e+00
      8.771     -0.184     4.0368     36.689     56.764  41.722415     0.3940      6.822   186.9411 1.2377e-01    15.2908      8.601     12.475    11.7355 0.0000e+00
      8.721     -0.181     4.0150     36.647     56.777  41.723880     0.3942      6.822   187.5826 1.2385e-01    15.2412      8.550     12.400    11.7491 0.0000e+00
      8.677     -0.181     3.9981     36.622     56.732  41.684530     0.4041      6.822   188.0745 1.2390e-01    15.1960      8.506     12.337    11.7560 0.0000e+00
      8.639     -0.181     3.9863     36.562     56.661  41.627449     0.4131      6.822   188.3286 1.2382e-01    15.1550      8.473     12.289    11.7555 0.0000e+00
      8.599     -0.180     3.9724     36.490     56.637  41.604941     0.4119      6.822   188.4173 1.2369e-01    15.1209      8.438     12.238    11.7481 0.0000e+00
      8.549     -0.180     3.9714     36.423     56.641  41.602792     0.3976      6.822   188.0286 1.2368e-01    15.0564      8.387     12.164    11.7391 0.0000e+00
      8.494     -0.182     3.9730     36.359     56.644  41.601462     0.3816      6.821   187.5006 1.2373e-01    15.0246      8.327     12.078    11.7346 0.0000e+00
      8.444     -0.186     3.9637     36.320     56.630  41.588864     0.3766      6.819   187.6259 1.2372e-01    15.1463      8.276     12.005    11.7316 0.0000e+00
      8.403     -0.185     3.9559     36.306     56.619  41.577408     0.3868      6.818   188.2529 1.2368e-01    15.3323      8.241     11.951    11.7267 0.0000e+00
      8.362     -0.176     3.9505     36.313     56.639  41.589883     0.3964      6.817   188.8004 1.2378e-01    15.3605      8.205     11.899    11.7216 0.0000e+00
      8.312     -0.163     3.9414     36.358     56.672  41.612763     0.3939      6.817   188.3099 1.2385e-01    15.2823      8.152     11.825    11.7186 0.0000e+00
      8.260     -0.152     3.9381     36.432     56.655  41.600164     0.3894      6.817   186.9672 1.2383e-01    15.2069      8.093     11.739    11.7170 0.0000e+00
      8.221     -0.144     3.9375     36.513     56.607  41.564493     0.3920      6.816   186.4191 1.2382e-01    15.1323      8.054     11.682    11.7146 0.0000e+00
      8.197     -0.135     3.9364     36.594     56.603  41.562289     0.3997      6.816   187.0169 1.2378e-01    15.1313      8.039     11.660    11.7114 0.0000e+00
      8.174     -0.119     3.9425     36.677     56.618  41.573515     0.3993      6.815   187.9148 1.2369e-01    15.1601      8.022     11.634    11.7105 0.0000e+00
      8.140     -0.097     3.9514     36.749     56.618  41.573289     0.3961      6.813   187.8111 1.2369e-01    15.1727      7.986     11.581    11.7112 0.0000e+00
      8.101     -0.073     3.9606     36.798     56.607  41.559545     0.3942      6.811   186.7953 1.2380e-01    15.2161      7.941     11.517    11.7109 0.0000e+00
      8.074     -0.050     3.9689     36.818     56.584  41.534280     0.3935      6.809   186.3878 1.2387e-01    15.2741      7.908     11.469    11.7105 0.0000e+00
      8.069     -0.030     3.9785     36.803     56.576  41.521682     0.4043      6.807   186.7548 1.2387e-01    15.3280      7.906     11.466    11.7114 0.0000e+00
      8.083     -0.013     3.9870     36.788     56.595  41.534158     0.4085      6.806   187.1043 1.2386e-01    15.3212      7.928     11.498    11.7121 0.0000e+00
      8.097     -0.000     3.9924     36.800     56.625  41.558181     0.3938      6.805   187.3436 1.2381e-01    15.2610      7.946     11.525    11.7074 0.0000e+00
      8.098      0.005     3.9966     36.810     56.625  41.558266     0.3844      6.803   187.4970 1.2373e-01    15.2489      7.946     11.525    11.6981 0.0000e+00
      8.089      0.003     3.9940     36.815     56.598  41.535187     0.3952      6.801   187.2384 1.2372e-01    15.2770      7.932     11.504    11.6908 0.0000e+00
      8.081     -0.001     3.9899     36.825     56.600  41.533012     0.4160      6.799   186.9698 1.2374e-01    15.2939      7.920     11.488    11.6899 0.0000e+00
      8.081     -0.001     3.9939     36.825     56.602  41.531964     0.4197      6.798   187.0889 1.2374e-01    15.2824      7.922     11.490    11.6938 0.0000e+00
      8.087      0.006     3.9948     36.828     56.590  41.522505     0.4069      6.796   187.9903 1.2375e-01    15.2744      7.931     11.503    11.6947 0.0000e+00
      8.092      0.023     3.9939     36.835     56.621  41.545585     0.4031      6.793   189.2641 1.2373e-01    15.2653      7.938     11.513    11.6908 0.0000e+00
      8.093      0.043     3.9979     36.840     56.637  41.557143     0.3989      6.791   189.5846 1.2375e-01    15.2399      7.937     11.511    11.6867 0.0000e+00
      8.094      0.059     3.9961     36.849     56.609  41.535312     0.3966      6.790   189.1125 1.2378e-01    15.3095      7.931     11.504    11.6843 0.0000e+00
      8.110      0.064     3.9966     36.851     56.610  41.535511     0.4001      6.787   188.6325 1.2370e-01    15.4576      7.944     11.520    11.6841 0.0000e+00
      8.147      0.059     3.9985     36.865     56.641  41.559545     0.3913      6.784   189.3725 1.2369e-01    15.5279      7.989     11.587    11.6848 0.0000e+00
      8.185      0.050     3.9971     36.896     56.656  41.572023     0.3819      6.782   191.1765 1.2377e-01    15.5444      8.038     11.658    11.6849 0.0000e+00
      8.199      0.039     4.0008     36.929     56.635  41.559443     0.3867      6.782   191.9461 1.2377e-01    15.5554      8.051     11.677    11.6836 0.0000e+00
      8.189      0.028     3.9987     36.979     56.598  41.534387     0.4070      6.781   191.4511 1.2372e-01    15.5236      8.033     11.651    11.6825 0.0000e+00
      8.174      0.016     3.9997     37.025     56.581  41.522953     0.4191      6.780   190.8702 1.2376e-01    15.4333      8.010     11.618    11.6833 0.0000e+00
      8.171      0.006     4.0055     37.033     56.614  41.548132     0.4081      6.779   191.2893 1.2380e-01    15.3180      8.005     11.611    11.6854 0.0000e+00
      8.184     -0.009     4.0057     37.004     56.663  41.584945     0.4001      6.778   192.5610 1.2374e-01    15.2904      8.024     11.638    11.6882 0.0000e+00
      8.202     -0.036     4.0130     36.957     56.664  41.587242     0.4052      6.776   193.3404 1.2371e-01    15.3388      8.047     11.672    11.6898 0.0000e+00
      8.209     -0.079     4.0198     36.914     56.642  41.575910     0.4117      6.775   193.3131 1.2376e-01    15.3560      8.058     11.689    11.6905 0.0000e+00
      8.189     -0.135     4.0197     36.901     56.627  41.574878     0.4035      6.774   193.0052 1.2379e-01    15.3278      8.043     11.666    11.6913 0.0000e+00
      8.138     -0.195     4.0163     36.922     56.612  41.574783     0.3724      6.774   192.5427 1.2378e-01    15.2375      7.989     11.587    11.6916 0.0000e+00
      8.064     -0.245     4.0101     36.944     56.603  41.574773     0.3359      6.774   192.0234 1.2375e-01    15.1181      7.911     11.473    11.6924 0.0000e+00
      7.979     -0.275     4.0040     36.954     56.602  41.574772     0.3284      6.775   192.1474 1.2372e-01    15.0793      7.823     11.348    11.6962 0.0000e+00
      7.895     -0.277     4.0011     36.971     56.605  41.574771     0.3478      6.775   192.8369 1.2375e-01    15.1098      7.740     11.226    11.7061 0.0000e+00
      7.816     -0.251     4.0042     36.990     56.609  41.574762     0.3704      6.775   193.3905 1.2381e-01    15.1456      7.662     11.113    11.7179 0.0000e+00
      7.746     -0.203     4.0074     36.990     56.614  41.574658     0.3857      6.774   193.7648 1.2384e-01    15.2047      7.589     11.007    11.7236 0.0000e+00
      7.693     -0.144     4.0060     36.981     56.619  41.573514     0.3911      6.772   193.3185 1.2386e-01    15.2778      7.535     10.929    11.7235 0.0000e+00
      7.664     -0.086     4.0090     36.968     56.609  41.560916     0.4022      6.770   192.2108 1.2385e-01    15.3124      7.508     10.889    11.7212 0.0000e+00
      7.659     -0.036     4.0127     36.944     56.600  41.549272     0.4116      6.768   191.9000 1.2375e-01    15.3157      7.504     10.883    11.7186 0.0000e+00
      7.673      0.002     4.0118     36.907     56.619  41.559657     0.4051      6.767   192.4866 1.2367e-01    15.3176      7.523     10.911    11.7156 0.0000e+00
      7.693      0.026     4.0112     36.875     56.623  41.559543     0.3988      6.766   193.1947 1.2372e-01    15.3015      7.550     10.950    11.7111 0.0000e+00
      7.703      0.035     4.0107     36.858     56.611  41.547890     0.4017      6.765   192.7179 1.2383e-01    15.2571      7.557     10.961    11.7057 0.0000e+00
      7.708      0.032     4.0090     36.850     56.610  41.545697     0.4149      6.764   191.1954 1.2385e-01    15.2589      7.555     10.957    11.7009 0.0000e+00
      7.715      0.022     4.0041     36.850     56.591  41.533032     0.4263      6.762   190.5322 1.2379e-01    15.2552      7.566     10.973    11.6980 0.0000e+00
      7.723      0.012     4.0004     36.864     56.574  41.521692     0.4141      6.761   190.9805 1.2374e-01    15.1437      7.578     10.991    11.6953 0.0000e+00
      7.725      0.002     3.9992     36.893     56.594  41.535531     0.3924      6.761   191.7105 1.2368e-01    15.0389      7.576     10.989    11.6921 0.0000e+00
      7.723     -0.009     3.9989     36.920     56.644  41.573412     0.3879      6.759   191.7871 1.2362e-01    15.0119      7.573     10.984    11.6910 0.0000e+00
      7.720     -0.028     3.9980     36.933     56.677  41.598894     0.4014      6.757   191.2186 1.2365e-01    15.0571      7.573     10.983    11.6929 0.0000e+00
      7.715     -0.055     3.9993     36.929     56.662  41.589756     0.4147      6.756   190.8597 1.2376e-01    15.1074      7.567     10.975    11.6942 0.0000e+00
      7.705     -0.090     4.0036     36.926     56.659  41.589871     0.4073      6.756   190.8032 1.2379e-01    15.0731      7.557     10.960    11.6931 0.0000e+00
      7.686     -0.130     4.0064     36.924     56.669  41.600276     0.3869      6.756   190.9662 1.2374e-01    15.0181      7.545     10.942    11.6940 0.0000e+00
      7.648     -0.169     4.0083     36.914     56.644  41.588631     0.3673      6.756   191.3673 1.2372e-01    15.0581      7.509     10.890    11.6963 0.0000e+00
      7.591     -0.198     4.0065     36.911     56.618  41.576032     0.3540      6.756   191.7813 1.2372e-01    15.2144      7.447     10.800    11.6975 0.0000e+00
      7.522     -0.211     4.0059     36.925     56.611  41.574885     0.3594      6.755   191.8423 1.2369e-01    15.3355      7.378     10.699    11.6984 0.0000e+00
      7.451     -0.207     4.0068     36.957     56.608  41.574770     0.3652      6.754   191.6748 1.2367e-01    15.3279      7.305     10.594    11.7011 0.0000e+00
      7.388     -0.191     4.0038     37.002     56.607  41.574647     0.3666      6.754   191.6485 1.2371e-01    15.2594      7.236     10.496    11.7075 0.0000e+00
      7.344     -0.174     4.0022     37.029     56.607  41.573397     0.3760      6.753   192.1263 1.2376e-01    15.1564      7.194     10.434    11.7140 0.0000e+00
      7.319     -0.165     4.0044     37.030     56.592  41.559655     0.3870      6.751   192.8053 1.2376e-01    15.0732      7.178     10.410    11.7174 0.0000e+00
      7.298     -0.166     4.0063     37.032     56.564  41.535431     0.3996      6.751   192.9753 1.2369e-01    15.0729      7.162     10.388    11.7190 0.0000e+00
      7.263     -0.176     4.0139     37.019     56.566  41.534391     0.3959      6.752   192.9782 1.2365e-01    15.0843      7.129     10.341    11.7200 0.0000e+00
      7.211     -0.189     4.0175     36.982     56.583  41.547066     0.3836      6.752   193.0114 1.2366e-01    15.1084      7.077     10.265    11.7187 0.0000e+00
