Data/DataNotYetUploadedToEDI/Raw_CTD/RawDownloads/082922_fcr50_S7809001.cnv
* Sea-Bird SBE19plus  Data File:
* FileName = C:\R\Reservoirs\Data\DataNotYetUploadedToEDI\Raw_CTD\RawDownloads\082922_fcr50_S7809_0001.hex
* Software version 2.8.0.119
* Temperature SN = 7809
* Conductivity SN = 7809
* System UpLoad Time = Aug 29 2022 13:00:09
* <ApplicationData>
* <Seaterm232>
# nquan = 15
# nvalues = 2325                        
# units = specified
# name 0 = depFM: Depth [fresh water, m]
# name 1 = dz/dtM: Descent Rate [m/s]
# name 2 = sbeox0Mg/L: Oxygen, SBE 43 [mg/l]
# name 3 = sbeox0PS: Oxygen, SBE 43 [% saturation]
# name 4 = specc: Specific Conductance [uS/cm]
# name 5 = c0uS/cm: Conductivity [uS/cm]
# name 6 = flECO-AFL: Fluorescence, WET Labs ECO-AFL/FL [mg/m^3]
# name 7 = ph: pH
# name 8 = orp: Oxidation Reduction Potential [mV]
# name 9 = par/sat/log: PAR/Logarithmic, Satlantic
# name 10 = turbWETntu0: Turbidity, WET Labs ECO [NTU]
# name 11 = prdM: Pressure, Strain Gauge [db]
# name 12 = prdE: Pressure, Strain Gauge [psi]
# name 13 = tv290C: Temperature [ITS-90, deg C]
# name 14 = flag:  0.000e+00
# span 0 =     -0.622,      9.546       
# span 1 =     -0.286,      0.212       
# span 2 =     0.0089,     6.7331       
# span 3 =      0.124,     82.218       
# span 4 =      0.876,    500.210       
# span 5 =   0.893275, 367.117711       
# span 6 =    -1.2948,   232.6634       
# span 7 =      5.895,      8.507       
# span 8 = -1240.7455,   236.2933       
# span 9 = 1.2355e-01, 1.6039e+03       
# span 10 =    -0.3996,   377.3740      
# span 11 =     -0.610,      9.362      
# span 12 =     -0.885,     13.579      
# span 13 =    11.3233,    26.0252      
# span 14 = 0.0000e+00, 0.0000e+00      
# interval = seconds: 0.25
# start_time = Aug 29 2022 06:33:34 [Instrument's time stamp, header]
# bad_flag = -9.990e-29
*END*
[from data line 868]
      4.074      0.045     0.0620      0.507     75.776  56.259602     4.9271      6.953   104.4855 5.7871e-01     3.7156      3.995      5.794    12.2185 0.0000e+00
      4.088      0.049     0.0583      0.526     75.927  56.336309     4.9398      6.953   102.7473 5.3201e-01     3.7810      4.011      5.817    12.2084 0.0000e+00
      4.101      0.049     0.0558      0.547     76.028  56.378865     5.1103      6.953   101.2284 5.0516e-01     3.7846      4.021      5.832    12.1785 0.0000e+00
      4.114      0.045     0.0547      0.550     76.083  56.393237     5.4155      6.953   100.3165 5.0296e-01     3.7261      4.032      5.847    12.1454 0.0000e+00
      4.130      0.038     0.0530      0.548     76.094  56.383099     5.5757      6.952    99.4663 5.0054e-01     3.6883      4.052      5.876    12.1179 0.0000e+00
      4.142      0.030     0.0566      0.554     76.109  56.383224     5.5827      6.951    98.3473 4.9234e-01     3.6695      4.066      5.898    12.0956 0.0000e+00
      4.146      0.021     0.0599      0.565     76.129  56.394737     5.5669      6.950    97.2834 4.8287e-01     3.6350      4.067      5.897    12.0740 0.0000e+00
      4.147      0.013     0.0592      0.572     76.129  56.395340     5.4179      6.949    96.3253 4.6922e-01     3.5104      4.066      5.897    12.0550 0.0000e+00
      4.147      0.008     0.0586      0.579     76.124  56.390524     5.1457      6.948    95.4532 4.7478e-01     3.2900      4.067      5.899    12.0442 0.0000e+00
      4.147      0.006     0.0591      0.580     76.055  56.336507     4.9888      6.946    94.7412 4.9459e-01     3.1555      4.067      5.899    12.0367 0.0000e+00
      4.148      0.008     0.0618      0.577     75.946  56.250041     4.9697      6.946    93.7384 5.0359e-01     3.1147      4.067      5.899    12.0341 0.0000e+00
      4.150      0.012     0.0609      0.569     75.852  56.170266     4.9730      6.947    92.4495 5.0179e-01     3.1040      4.069      5.901    12.0376 0.0000e+00
      4.154      0.017     0.0629      0.563     75.563  55.943242     4.9781      6.948    91.6334 4.8680e-01     3.1634      4.073      5.907    12.0365 0.0000e+00
      4.160      0.022     0.0623      0.565     75.119  55.599819     4.9812      6.948    91.1833 4.7352e-01     3.2171      4.079      5.915    12.0344 0.0000e+00
      4.165      0.025     0.0622      0.570     74.849  55.382186     4.9853      6.946    90.2767 4.6216e-01     3.2069      4.084      5.924    12.0315 0.0000e+00
      4.172      0.027     0.0616      0.587     74.648  55.216112     5.1109      6.944    88.9318 4.4627e-01     3.2113      4.090      5.933    12.0242 0.0000e+00
      4.181      0.028     0.0596      0.604     74.275  54.924777     5.3687      6.944    87.9995 4.4478e-01     3.2703      4.101      5.947    12.0154 0.0000e+00
      4.190      0.030     0.0618      0.599     73.838  54.589025     5.5306      6.944    87.5222 4.4934e-01     3.3398      4.112      5.964    12.0054 0.0000e+00
      4.195      0.030     0.0600      0.586     73.593  54.393668     5.5536      6.944    86.8608 4.4854e-01     3.3674      4.113      5.967    11.9934 0.0000e+00
      4.201      0.030     0.0632      0.583     73.542  54.339948     5.5390      6.944    85.9402 4.4852e-01     3.4339      4.116      5.971    11.9803 0.0000e+00
      4.211      0.030     0.0665      0.585     73.620  54.383783     5.5207      6.943    85.0806 4.4146e-01     3.5635      4.130      5.990    11.9699 0.0000e+00
      4.221      0.029     0.0646      0.570     73.758  54.479358     5.5237      6.942    84.5554 4.2280e-01     3.6700      4.140      6.006    11.9629 0.0000e+00
      4.227      0.028     0.0628      0.556     73.838  54.543447     5.5331      6.942    84.1499 4.0619e-01     3.7307      4.145      6.012    11.9529 0.0000e+00
      4.234      0.027     0.0619      0.566     73.966  54.650905     5.4770      6.941    83.4473 3.9706e-01     3.6832      4.152      6.022    11.9415 0.0000e+00
      4.242      0.025     0.0647      0.591     74.180  54.826557     5.3688      6.941    82.6855 3.8739e-01     3.5402      4.161      6.036    11.9317 0.0000e+00
      4.247      0.023     0.0614      0.620     74.394  55.016963     5.3076      6.941    82.0796 3.8183e-01     3.4361      4.166      6.042    11.9249 0.0000e+00
      4.251      0.023     0.0583      0.640     74.540  55.175859     5.2944      6.941    81.7136 3.8304e-01     3.4150      4.167      6.045    11.9302 0.0000e+00
      4.256      0.022     0.0612      0.636     74.534  55.224449     5.2349      6.940    81.5305 3.7736e-01     3.4553      4.172      6.052    11.9405 0.0000e+00
      4.263      0.022     0.0633      0.619     74.403  55.160197     5.0542      6.939    81.1566 3.6673e-01     3.5136      4.180      6.063    11.9482 0.0000e+00
      4.270      0.023     0.0672      0.620     74.321  55.097244     4.8490      6.938    80.6336 3.6510e-01     3.5054      4.187      6.073    11.9681 0.0000e+00
      4.275      0.024     0.0699      0.628     74.457  55.161502     4.7592      6.939    80.3699 3.7679e-01     3.4580      4.192      6.081    12.0067 0.0000e+00
      4.280      0.026     0.0698      0.623     74.636  55.238883     4.7341      6.939    80.3775 3.8734e-01     3.4189      4.197      6.088    12.0491 0.0000e+00
      4.285      0.029     0.0648      0.606     74.660  55.207620     4.6036      6.939    80.1226 3.8036e-01     3.3739      4.202      6.096    12.0744 0.0000e+00
      4.292      0.032     0.0667      0.599     74.649  55.164297     4.3800      6.940    79.5256 3.6952e-01     3.3234      4.208      6.102    12.0735 0.0000e+00
      4.302      0.035     0.0684      0.628     74.592  55.095878     4.2697      6.941    78.8378 3.6529e-01     3.2875      4.218      6.117    12.0447 0.0000e+00
      4.313      0.038     0.0674      0.668     74.431  54.951612     4.2521      6.941    78.6034 3.5930e-01     3.2811      4.231      6.136    12.0001 0.0000e+00
      4.324      0.040     0.0659      0.710     74.198  54.752907     4.0924      6.941    78.8429 3.5292e-01     3.2465      4.241      6.150    11.9653 0.0000e+00
      4.334      0.040     0.0616      0.739     73.937  54.534035     3.8116      6.941    78.6357 3.3763e-01     3.2103      4.249      6.164    11.9445 0.0000e+00
      4.344      0.038     0.0686      0.744     73.784  54.399815     3.6709      6.941    78.0768 3.1030e-01     3.2539      4.260      6.179    11.9281 0.0000e+00
      4.354      0.035     0.0714      0.742     73.794  54.399482     3.6649      6.941    77.7641 2.9651e-01     3.2948      4.270      6.194    11.9124 0.0000e+00
      4.364      0.033     0.0772      0.737     73.874  54.466531     3.6224      6.941    77.6083 2.9889e-01     3.2953      4.281      6.209    11.8933 0.0000e+00
      4.372      0.030     0.0815      0.726     73.919  54.512323     3.5384      6.941    77.3981 3.0552e-01     3.2942      4.288      6.220    11.8744 0.0000e+00
      4.378      0.026     0.0800      0.710     73.910  54.508854     3.4823      6.941    77.1148 3.1603e-01     3.2472      4.293      6.226    11.8589 0.0000e+00
      4.384      0.024     0.0807      0.707     73.892  54.488059     3.4597      6.941    76.8507 3.2408e-01     3.2048      4.299      6.235    11.8512 0.0000e+00
      4.390      0.022     0.0796      0.715     73.859  54.451303     3.3819      6.940    76.6993 3.3063e-01     3.2944      4.305      6.245    11.8604 0.0000e+00
      4.395      0.020     0.0796      0.723     73.786  54.381790     3.2409      6.939    76.6608 3.2183e-01     3.4426      4.310      6.252    11.8734 0.0000e+00
      4.400      0.020     0.0754      0.733     73.760  54.345757     3.1539      6.938    76.6437 2.9933e-01     3.4590      4.314      6.258    11.8746 0.0000e+00
      4.405      0.022     0.0761      0.748     73.763  54.332972     3.1444      6.938    76.4068 2.9926e-01     3.3897      4.320      6.266    11.8683 0.0000e+00
      4.410      0.027     0.0778      0.758     73.381  54.036768     3.1600      6.940    76.0329 3.0584e-01     3.4933      4.325      6.272    11.8595 0.0000e+00
      4.415      0.032     0.0780      0.772     72.578  53.430107     3.1839      6.941    75.8233 3.0037e-01     3.7899      4.329      6.278    11.8481 0.0000e+00
      4.422      0.035     0.0790      0.799     72.053  53.027472     3.2092      6.940    75.7645 2.9096e-01     3.9699      4.335      6.286    11.8363 0.0000e+00
      4.434      0.036     0.0814      0.803     72.005  52.976669     3.2165      6.938    75.5802 2.6997e-01     3.9610      4.346      6.303    11.8262 0.0000e+00
      4.450      0.035     0.0822      0.791     72.061  53.006249     3.2055      6.937    75.2300 2.5181e-01     3.9561      4.365      6.331    11.8166 0.0000e+00
      4.461      0.035     0.0818      0.806     71.982  52.940839     3.2167      6.937    75.1445 2.5729e-01     4.0806      4.380      6.352    11.8063 0.0000e+00
      4.466      0.035     0.0883      0.842     71.649  52.693523     3.2603      6.936    75.3201 2.7003e-01     4.3059      4.379      6.352    11.7948 0.0000e+00
      4.468      0.036     0.0884      0.874     71.280  52.427694     3.3007      6.935    75.4609 2.7432e-01     4.4598      4.380      6.352    11.7830 0.0000e+00
      4.474      0.039     0.0835      0.887     71.048  52.265376     3.3219      6.935    75.2122 2.7629e-01     4.5067      4.386      6.361    11.7750 0.0000e+00
      4.486      0.044     0.0866      0.890     70.687  52.000269     3.3012      6.935    74.6357 2.6687e-01     4.6334      4.398      6.379    11.7706 0.0000e+00
      4.502      0.050     0.0915      0.908     70.204  51.633948     3.2414      6.935    74.3408 2.4874e-01     4.8976      4.416      6.404    11.7663 0.0000e+00
      4.517      0.052     0.0956      0.924     69.897  51.390173     3.1974      6.934    74.3998 2.3595e-01     5.0720      4.430      6.425    11.7708 0.0000e+00
      4.533      0.050     0.0970      0.920     69.765  51.273997     3.1771      6.932    74.3168 2.3304e-01     5.1021      4.444      6.445    11.7822 0.0000e+00
      4.548      0.045     0.0951      0.934     69.575  51.117726     3.0964      6.931    73.8528 2.4264e-01     5.3302      4.463      6.472    11.7823 0.0000e+00
      4.559      0.040     0.0980      0.964     69.292  50.896848     2.9463      6.931    73.4369 2.5018e-01     5.7807      4.473      6.489    11.7727 0.0000e+00
      4.564      0.036     0.1025      0.968     69.037  50.697589     2.8594      6.931    73.3323 2.4675e-01     6.0397      4.475      6.490    11.7588 0.0000e+00
      4.570      0.032     0.0979      0.953     68.849  50.548837     2.8371      6.930    73.4483 2.3698e-01     6.1051      4.480      6.497    11.7437 0.0000e+00
      4.579      0.030     0.0999      0.951     68.787  50.494410     2.7678      6.929    73.5484 2.2967e-01     6.2973      4.491      6.513    11.7318 0.0000e+00
      4.587      0.030     0.1069      0.968     68.782  50.483730     2.6705      6.927    73.4248 2.3165e-01     6.6220      4.499      6.525    11.7229 0.0000e+00
      4.595      0.032     0.1055      0.994     68.699  50.419697     2.6269      6.926    73.2440 2.3334e-01     6.7863      4.505      6.534    11.7149 0.0000e+00
      4.603      0.033     0.1026      1.008     68.613  50.354786     2.6151      6.925    73.2556 2.3252e-01     6.7808      4.514      6.548    11.7068 0.0000e+00
      4.611      0.032     0.1025      1.010     68.591  50.333481     2.6030      6.924    73.4783 2.1902e-01     6.8277      4.521      6.559    11.6997 0.0000e+00
      4.619      0.032     0.1044      1.030     68.542  50.289008     2.6045      6.923    73.7000 1.9894e-01     6.9440      4.528      6.566    11.6943 0.0000e+00
      4.628      0.032     0.1084      1.062     68.427  50.197812     2.6166      6.923    73.6988 2.0712e-01     7.0595      4.540      6.584    11.6931 0.0000e+00
      4.638      0.032     0.1108      1.085     68.326  50.119252     2.6250      6.922    73.4645 2.2735e-01     7.0969      4.550      6.600    11.6930 0.0000e+00
      4.644      0.032     0.1076      1.090     68.304  50.100645     2.6136      6.921    73.2762 2.2884e-01     7.0211      4.554      6.604    11.6888 0.0000e+00
      4.650      0.032     0.1116      1.086     68.305  50.099748     2.5792      6.921    73.4872 2.1086e-01     6.9631      4.558      6.611    11.6817 0.0000e+00
      4.659      0.032     0.1157      1.093     68.232  50.044958     2.5414      6.921    73.8639 1.9826e-01     7.0092      4.570      6.627    11.6762 0.0000e+00
      4.669      0.032     0.1184      1.102     68.100  49.945834     2.5313      6.920    73.8731 2.0491e-01     7.0663      4.580      6.642    11.6737 0.0000e+00
      4.676      0.032     0.1193      1.110     67.979  49.853119     2.5488      6.918    73.6849 2.0897e-01     7.0391      4.586      6.651    11.6717 0.0000e+00
      4.684      0.031     0.1165      1.119     67.929  49.812345     2.6034      6.917    73.8250 2.0399e-01     7.0219      4.593      6.661    11.6704 0.0000e+00
      4.694      0.030     0.1191      1.129     67.960  49.833584     2.6759      6.917    74.1907 1.9722e-01     7.1313      4.604      6.677    11.6699 0.0000e+00
      4.702      0.029     0.1196      1.149     67.991  49.856085     2.7010      6.916    74.2347 1.9148e-01     7.2689      4.612      6.691    11.6689 0.0000e+00
      4.707      0.028     0.1202      1.159     67.961  49.830576     2.6986      6.915    73.9271 1.9066e-01     7.3529      4.614      6.693    11.6664 0.0000e+00
      4.713      0.025     0.1224      1.157     67.898  49.778977     2.6634      6.913    73.6541 1.8815e-01     7.4640      4.621      6.702    11.6615 0.0000e+00
      4.722      0.023     0.1211      1.168     67.849  49.739865     2.5837      6.912    73.7739 1.7744e-01     7.6218      4.632      6.720    11.6598 0.0000e+00
      4.728      0.023     0.1253      1.169     67.848  49.738412     2.5420      6.910    74.1706 1.7686e-01     7.6890      4.638      6.727    11.6624 0.0000e+00
      4.732      0.023     0.1273      1.154     67.878  49.761414     2.5417      6.908    74.2348 1.8666e-01     7.6955      4.639      6.729    11.6597 0.0000e+00
      4.737      0.023     0.1235      1.150     67.880  49.764146     2.5726      6.907    73.9483 1.8407e-01     7.7353      4.644      6.736    11.6536 0.0000e+00
      4.743      0.024     0.1280      1.156     67.891  49.771443     2.6407      6.907    73.8035 1.7591e-01     7.7606      4.651      6.746    11.6513 0.0000e+00
      4.750      0.025     0.1281      1.170     67.997  49.849639     2.6826      6.907    73.8603 1.7263e-01     7.7276      4.658      6.756    11.6508 0.0000e+00
      4.756      0.025     0.1241      1.192     68.116  49.948116     2.6880      6.906    74.0330 1.6713e-01     7.6786      4.664      6.765    11.6519 0.0000e+00
      4.764      0.026     0.1250      1.211     68.085  49.946808     2.7224      6.904    74.1706 1.5897e-01     7.6451      4.671      6.775    11.6538 0.0000e+00
      4.771      0.027     0.1251      1.218     67.905  49.833850     2.7908      6.903    73.9760 1.5610e-01     7.5617      4.680      6.787    11.6533 0.0000e+00
      4.777      0.028     0.1266      1.222     67.747  49.724605     2.8327      6.903    73.6580 1.5801e-01     7.4902      4.684      6.794    11.6499 0.0000e+00
      4.782      0.030     0.1295      1.233     67.634  49.641266     2.8379      6.903    73.5965 1.5524e-01     7.4988      4.687      6.798    11.6561 0.0000e+00
      4.790      0.033     0.1324      1.241     67.481  49.524240     2.7535      6.902    73.7480 1.4516e-01     7.5630      4.696      6.812    11.6781 0.0000e+00
