Data/DataNotYetUploadedToEDI/Raw_CTD/RawDownloads/082922_fcr50_S7809001.cnv
* Sea-Bird SBE19plus  Data File:
* FileName = C:\R\Reservoirs\Data\DataNotYetUploadedToEDI\Raw_CTD\RawDownloads\082922_fcr50_S7809_0001.hex
* Software version 2.8.0.119
* Temperature SN = 7809
* Conductivity SN = 7809
* System UpLoad Time = Aug 29 2022 13:00:09
* <ApplicationData>
* <Seaterm232>
# nquan = 15
# nvalues = 2325                        
# units = specified
# name 0 = depFM: Depth [fresh water, m]
# name 1 = dz/dtM: Descent Rate [m/s]
# name 2 = sbeox0Mg/L: Oxygen, SBE 43 [mg/l]
# name 3 = sbeox0PS: Oxygen, SBE 43 [% saturation]
# name 4 = specc: Specific Conductance [uS/cm]
# name 5 = c0uS/cm: Conductivity [uS/cm]
# name 6 = flECO-AFL: Fluorescence, WET Labs ECO-AFL/FL [mg/m^3]
# name 7 = ph: pH
# name 8 = orp: Oxidation Reduction Potential [mV]
# name 9 = par/sat/log: PAR/Logarithmic, Satlantic
# name 10 = turbWETntu0: Turbidity, WET Labs ECO [NTU]
# name 11 = prdM: Pressure, Strain Gauge [db]
# name 12 = prdE: Pressure, Strain Gauge [psi]
# name 13 = tv290C: Temperature [ITS-90, deg C]
# name 14 = flag:  0.000e+00
# span 0 =     -0.622,      9.546       
# span 1 =     -0.286,      0.212       
# span 2 =     0.0089,     6.7331       
# span 3 =      0.124,     82.218       
# span 4 =      0.876,    500.210       
# span 5 =   0.893275, 367.117711       
# span 6 =    -1.2948,   232.6634       
# span 7 =      5.895,      8.507       
# span 8 = -1240.7455,   236.2933       
# span 9 = 1.2355e-01, 1.6039e+03       
# span 10 =    -0.3996,   377.3740      
# span 11 =     -0.610,      9.362      
# span 12 =     -0.885,     13.579      
# span 13 =    11.3233,    26.0252      
# span 14 = 0.0000e+00, 0.0000e+00      
# interval = seconds: 0.25
# start_time = Aug 29 2022 06:33:34 [Instrument's time stamp, header]
# bad_flag = -9.990e-29
*END*
[from data line 2217]
      0.375     -0.081     5.5926     68.586     38.004  37.940986     3.7974      7.889    -5.4052 5.2697e+02     2.6075      0.368      0.534    24.8902 0.0000e+00
      0.359     -0.083     5.6151     68.715     38.008  37.940856     3.7921      7.890    -4.4162 4.8317e+02     2.6027      0.356      0.515    24.8967 0.0000e+00
      0.337     -0.084     5.6400     68.758     38.017  37.940745     3.6078      7.891    -3.2857 5.6059e+02     2.4818      0.333      0.481    24.9173 0.0000e+00
      0.312     -0.085     5.6620     68.753     38.024  37.939629     3.2670      7.891    -2.2322 6.8825e+02     2.3420      0.307      0.445    24.9171 0.0000e+00
      0.286     -0.090     5.6765     68.760     38.004  37.927354     3.0830      7.888    -1.4872 6.7513e+02     2.2789      0.280      0.406    24.9112 0.0000e+00
      0.262     -0.100     5.6908     68.787     37.971  37.919172     3.0650      7.883    -0.9032 6.5378e+02     2.2990      0.255      0.368    24.9079 0.0000e+00
      0.243     -0.119     5.6932     68.813     37.997  37.967575     3.0081      7.880    -0.2469 7.2769e+02     2.3124      0.237      0.344    24.8948 0.0000e+00
      0.225     -0.141     5.6923     68.814     38.091  38.068709     2.8936      7.880     0.6828 8.1243e+02     2.2699      0.223      0.324    24.8760 0.0000e+00
      0.195     -0.160     5.6934     68.827     38.206  38.190714     2.8217      7.878     1.7338 9.7130e+02     2.2633      0.202      0.292    24.8804 0.0000e+00
      0.140     -0.175     5.6901     68.922     38.303  38.301227     2.8126      7.873     2.6515 1.1558e+03     2.3008      0.146      0.212    24.9280 0.0000e+00
      0.069     -0.186     5.6906     69.121     38.315  38.326825     2.8497      7.869     3.6054 1.1217e+03     2.2800      0.060      0.088    24.9673 0.0000e+00
      0.010     -0.190     5.6890     69.362     38.290  38.309983     2.9550      7.864     4.6631 1.0133e+03     2.1824      0.001      0.001    24.9639 0.0000e+00
     -0.028     -0.194     5.6870     69.545     38.320  38.351278     3.4611      7.855     6.1486 1.0018e+03     2.2479     -0.027     -0.039    24.9674 0.0000e+00
     -0.065     -0.200     5.6914     69.615     38.397  38.445624     8.6610      7.847     8.9178 1.0153e+03     3.8230     -0.059     -0.086    24.9936 0.0000e+00
     -0.106     -0.191     5.7077     69.595     38.556  38.626305    65.8591      7.846    11.5597 1.0193e+03    21.2606     -0.108     -0.158    25.0139 0.0000e+00
     -0.151     -0.159     5.7310     69.495     38.608  38.696741   170.7417      7.848    12.1074 1.0168e+03    53.2873     -0.136     -0.198    25.0182 0.0000e+00
     -0.224     -0.125     5.7464     69.245     38.383  38.472827   227.9267      7.847    11.8408 1.0509e+03    70.7760     -0.201     -0.293    25.0319 0.0000e+00
     -0.305     -0.109     5.7485     68.767     38.062  38.138654   232.6634      7.839    11.9493 1.0839e+03    72.4045     -0.339     -0.491    25.0546 0.0000e+00
     -0.307     -0.092     5.7422     68.046     37.453  37.510101   228.0214      7.829    11.9566 1.0576e+03    73.4900     -0.342     -0.496    25.0825 0.0000e+00
     -0.241     -0.051     5.7337     67.175     37.120  37.151140   171.8340      7.821    11.4986 1.0216e+03    84.1401     -0.201     -0.292    25.1199 0.0000e+00
     -0.237      0.001     5.7155     66.372     37.539  37.539855    68.7650      7.817    10.8863 1.0313e+03   103.6150     -0.180     -0.260    25.1180 0.0000e+00
     -0.317      0.016     5.6793     65.776     38.373  38.341687    12.9723      7.817    10.7482 1.0621e+03   114.2165     -0.342     -0.496    25.0933 0.0000e+00
     -0.344     -0.018     5.6201     65.307     40.567  40.504185    12.9650      7.815    11.3768 1.0574e+03   114.8982     -0.394     -0.572    25.0753 0.0000e+00
     -0.269     -0.044     5.5433     64.873     42.452  42.375283    68.7523      7.806    12.1200 1.0321e+03   111.7894     -0.254     -0.369    25.0394 0.0000e+00
     -0.212     -0.020     5.4759     64.575     41.363  41.302668   171.8003      7.797    11.9905 1.0440e+03   105.9724     -0.146     -0.212    24.9946 0.0000e+00
     -0.275      0.022     5.4352     64.505     39.701  39.650417   227.5772      7.797    11.4459 1.0918e+03   102.6700     -0.244     -0.353    24.9531 0.0000e+00
     -0.374      0.039     5.4063     64.539     39.723  39.650598   227.4705      7.801    11.3001 1.1166e+03   100.4513     -0.435     -0.631    24.9106 0.0000e+00
     -0.360      0.038     5.3665     64.520     40.058  39.973061   170.4191      7.805    11.4327 1.0973e+03    79.0093     -0.390     -0.565    24.8881 0.0000e+00
     -0.264      0.052     5.3335     64.430     39.800  39.743929    65.0002      7.809    11.5859 1.0783e+03    39.7649     -0.228     -0.330    24.9254 0.0000e+00
     -0.205      0.081     5.3301     64.175     39.697  39.670860     7.4730      7.811    11.7762 1.0742e+03    18.3404     -0.183     -0.265    24.9558 0.0000e+00
     -0.197      0.089     5.3468     63.659     39.882  39.850742     2.2391      7.812    12.0993 1.0682e+03    16.1793     -0.193     -0.281    24.8961 0.0000e+00
     -0.199      0.061     5.3452     62.981     39.807  39.762482     1.7757      7.813    12.3950 1.0590e+03    13.8405     -0.196     -0.286    24.8559 0.0000e+00
     -0.198      0.019     5.3341     62.208     39.411  39.364775     1.7535      7.811    12.5122 1.0501e+03     9.8739     -0.195     -0.283    24.9277 0.0000e+00
     -0.196     -0.020     5.3148     61.393     39.039  38.974259     1.7634      7.805    13.0858 1.0451e+03     7.8786     -0.194     -0.281    24.9866 0.0000e+00
     -0.192     -0.052     5.2661     60.729     39.098  38.972881     1.7621      7.797    14.3396 1.0465e+03     9.6647     -0.188     -0.273    24.9579 0.0000e+00
     -0.187     -0.061     5.2135     60.464     39.209  39.030930     1.6788      7.788    15.1969 1.0486e+03    31.5040     -0.181     -0.263    24.9258 0.0000e+00
     -0.208     -0.049     5.1483     60.709     38.904  38.724707     1.5143      7.784    15.1919 1.0619e+03    71.5905     -0.172     -0.249    24.9390 0.0000e+00
     -0.282     -0.047     5.0734     61.347     38.627  38.441374     1.4126      7.787    15.3107 1.0821e+03    93.4521     -0.279     -0.405    24.9454 0.0000e+00
     -0.332     -0.058     5.0205     62.075     38.690  38.459077     1.4057      7.789    16.2036 1.0795e+03    95.3155     -0.386     -0.559    24.8337 0.0000e+00
     -0.284     -0.051     5.0045     62.590     38.822  38.558160     1.4566      7.786    17.0392 1.0706e+03    94.0850     -0.283     -0.409    24.7240 0.0000e+00
     -0.228     -0.012     5.0246     62.901     38.734  38.497781     1.8860      7.786    17.0687 1.0626e+03    78.5401     -0.169     -0.245    24.7730 0.0000e+00
     -0.269      0.023     5.0850     63.210     38.560  38.363274     2.6609      7.791    16.9899 1.0551e+03    50.0138     -0.244     -0.354    24.7847 0.0000e+00
     -0.340      0.013     5.1678     63.483     38.542  38.327132     3.0779      7.798    17.8072 1.0625e+03    34.4760     -0.389     -0.563    24.6891 0.0000e+00
     -0.315     -0.020     5.2167     63.523     38.634  38.377848     3.0906      7.800    19.0353 1.0631e+03    33.3575     -0.341     -0.494    24.6126 0.0000e+00
     -0.232     -0.017     5.2244     63.318     38.647  38.405644     2.8140      7.799    19.6215 1.0568e+03    36.3192     -0.185     -0.268    24.6779 0.0000e+00
     -0.228      0.027     5.2430     63.069     38.517  38.346139     2.2808      7.801    19.7330 1.0709e+03    41.8992     -0.175     -0.254    24.7844 0.0000e+00
     -0.312      0.065     5.2796     62.908     38.431  38.292680     1.9783      7.808    19.9525 1.0873e+03    44.8380     -0.334     -0.485    24.7319 0.0000e+00
     -0.345      0.074     5.2937     62.768     38.433  38.266672     1.9455      7.817    20.3820 1.0669e+03    44.2505     -0.398     -0.577    24.6272 0.0000e+00
     -0.270      0.079     5.2667     62.574     38.396  38.221887     1.9585      7.824    20.8824 1.0458e+03    35.1033     -0.259     -0.375    24.6395 0.0000e+00
     -0.182      0.100     5.2251     62.313     38.340  38.195090     1.9936      7.831    21.3566 1.0513e+03    18.3065     -0.153     -0.222    24.8017 0.0000e+00
     -0.144      0.116     5.2104     61.959     38.338  38.196396     2.0123      7.837    21.8996 1.0525e+03     9.1589     -0.134     -0.195    24.8639 0.0000e+00
     -0.134      0.097     5.2122     61.531     38.350  38.174268     2.0102      7.842    22.6297 1.0522e+03     8.3955     -0.132     -0.191    24.7520 0.0000e+00
     -0.128      0.057     5.1963     61.051     38.324  38.117748     2.0345      7.845    23.3870 1.0597e+03     9.1443     -0.126     -0.182    24.7357 0.0000e+00
     -0.123      0.027     5.1678     60.440     38.300  38.083723     2.0891      7.847    24.0001 1.0671e+03    10.7315     -0.120     -0.174    24.8307 0.0000e+00
     -0.121      0.015     5.1375     59.678     38.301  38.079949     2.1216      7.849    24.6226 1.0724e+03    11.6335     -0.118     -0.172    24.8350 0.0000e+00
     -0.118      0.012     5.1061     58.813     38.304  38.072108     2.1276      7.851    25.4931 1.0755e+03    11.7159     -0.116     -0.169    24.7548 0.0000e+00
     -0.115      0.010     5.0762     57.894     38.294  38.052326     2.1122      7.851    26.5231 1.0774e+03    11.5576     -0.112     -0.163    24.7123 0.0000e+00
     -0.111      0.009     5.0254     57.058     38.284  38.031009     2.0772      7.852    27.3545 1.0791e+03    11.2224     -0.108     -0.158    24.7101 0.0000e+00
     -0.109      0.008     4.9591     56.418     38.279  38.004603     2.0622      7.853    27.9738 1.0813e+03    11.0446     -0.107     -0.156    24.7122 0.0000e+00
     -0.108      0.006     4.8901     55.894     38.281  37.986681     2.0629      7.854    28.5046 1.0829e+03    11.0481     -0.106     -0.154    24.6892 0.0000e+00
     -0.106     -0.004     4.8096     55.323     38.307  38.004538     2.0189      7.852    28.7827 1.0823e+03    10.9912     -0.104     -0.151    24.6771 0.0000e+00
     -0.105     -0.036     4.7349     54.673     38.356  38.030258     1.5984      7.849    29.0988 1.0800e+03    10.3217     -0.103     -0.150    24.6724 0.0000e+00
     -0.104     -0.091     4.6890     54.194     38.432  38.043959     0.8400      7.845    29.5733 1.0772e+03     9.1361     -0.101     -0.147    24.6342 0.0000e+00
     -0.107     -0.156     4.6545     54.248     38.571  38.106693     0.4231      7.843    29.8743 1.0738e+03     8.6460     -0.100     -0.146    24.6000 0.0000e+00
     -0.137     -0.218     4.6088     54.838     38.735  38.217895     0.3944      7.841    29.8986 1.0573e+03     9.8613     -0.106     -0.155    24.6035 0.0000e+00
     -0.228     -0.265     4.5483     55.638     38.274  37.739545     0.4425      7.836    28.8344 1.0287e+03    23.2156     -0.205     -0.297    24.5986 0.0000e+00
     -0.352     -0.286     4.4992     56.142     30.988  30.547253     0.5222      7.832    27.1598 9.0680e+02    47.7185     -0.369     -0.536    24.4960 0.0000e+00
     -0.450     -0.276     4.5169     56.014     16.644  16.403833     0.5678      7.830    27.8055 6.6114e+02    61.1323     -0.447     -0.649    24.3736 0.0000e+00
     -0.524     -0.234     4.5817     55.652      7.334   7.224634     0.5612      7.826    30.1028 5.9429e+02    62.8031     -0.514     -0.747    24.3156 0.0000e+00
     -0.578     -0.170     4.6647     55.613      5.309   5.227084     0.4256      7.821    31.1031 7.6835e+02    68.1244     -0.587     -0.851    24.2897 0.0000e+00
     -0.598     -0.105     4.7281     55.751      4.995   4.915488     0.1764      7.818    31.8120 6.9743e+02    77.6481     -0.590     -0.856    24.2802 0.0000e+00
     -0.600     -0.057     4.7006     55.718      4.932   4.850081     0.0459      7.816    33.0810 3.2980e+02    82.7171     -0.588     -0.853    24.2656 0.0000e+00
     -0.600     -0.024     4.6442     55.648      5.094   5.006064     0.0785      7.816    33.8853 1.1474e+02    81.5905     -0.590     -0.855    24.2454 0.0000e+00
     -0.600     -0.006     4.6555     55.883      5.573   5.471848     0.5048      7.816    34.0512 8.9259e+01    63.4802     -0.588     -0.852    24.2224 0.0000e+00
     -0.600     -0.000     4.6869     56.559      5.585   5.480000     1.2888      7.817    34.3985 8.1448e+01    30.2393     -0.590     -0.855    24.1961 0.0000e+00
     -0.600 -2.172e-14     4.6776     57.562      5.012   4.914663     1.7258      7.818    34.6440 7.8414e+01    12.1519     -0.589     -0.854    24.1654 0.0000e+00
     -0.600 -2.389e-13     4.6620     58.673      4.618   4.524608     1.7675      7.816    34.6961 8.4548e+01    10.4945     -0.587     -0.852    24.1270 0.0000e+00
     -0.601 -2.628e-12     4.6812     59.719      4.337   4.246132     1.7682      7.811    35.9743 1.0387e+02    10.2000     -0.588     -0.853    24.0901 0.0000e+00
     -0.601 -2.891e-11     4.7455     60.620      4.041   3.953435     1.8515      7.807    37.8818 2.0432e+02     9.0348     -0.590     -0.855    24.0565 0.0000e+00
     -0.601 -3.180e-10     4.8409     61.377      4.052   3.961224     2.0170      7.808    39.7767 5.6225e+02     7.0299     -0.589     -0.855    24.0205 0.0000e+00
     -0.601 -3.498e-09     4.9428     62.012      4.184   4.087089     2.1048      7.814    41.6777 1.0886e+03     6.0104     -0.589     -0.854    23.9821 0.0000e+00
     -0.601 -3.848e-08     5.0368     62.511      4.247   4.145740     2.0636      7.819    43.1422 1.3947e+03     5.9654     -0.590     -0.855    23.9448 0.0000e+00
     -0.601 -4.232e-07     5.1159     62.868      4.269   4.163882     1.4853      7.822    44.2344 1.4381e+03     6.4520     -0.588     -0.854    23.9089 0.0000e+00
     -0.602     -0.000     5.1815     63.101      4.288   4.179819     0.4306      7.824    44.8167 1.2736e+03     7.4872     -0.590     -0.855    23.8727 0.0000e+00
     -0.602     -0.000     5.2401     63.222      4.194   4.085177    -0.1352      7.826    45.7085 8.5250e+02     8.0969     -0.590     -0.857    23.8368 0.0000e+00
     -0.601     -0.001     5.2860     63.275      3.818   3.715980    -0.1947      7.826    47.8761 7.4283e+02     7.9824     -0.589     -0.855    23.8020 0.0000e+00
     -0.601     -0.001     5.3180     63.317      3.548   3.451157    -0.2638      7.819    48.9124 1.1742e+03     6.0354     -0.590     -0.855    23.7675 0.0000e+00
     -0.601     -0.000     5.3420     63.347      3.644   3.542219    -0.3631      7.804    47.5704 1.1978e+03     2.5233     -0.589     -0.855    23.7327 0.0000e+00
     -0.602 -1.847e-08     5.3539     63.327      3.721   3.614136    -0.4213      7.792    46.7928 9.0152e+02     0.6002     -0.590     -0.856    23.6980 0.0000e+00
     -0.602 -2.032e-07     5.3595     63.240      3.604   3.497684    -0.4350      7.786    47.4253 8.2106e+02     0.3743     -0.591     -0.857    23.6634 0.0000e+00
     -0.602 -2.030e-07     5.3669     63.125      3.441   3.337070    -0.3372      7.783    48.2488 4.9465e+02     0.2022     -0.590     -0.856    23.6288 0.0000e+00
     -0.602 -1.678e-08     5.3747     63.036      3.293   3.191576    -0.1377      7.783    49.0067 1.9710e+02    -0.1138     -0.591     -0.857    23.5942 0.0000e+00
     -0.601 1.3741e-10     5.3771     62.995      3.167   3.068000    -0.0372      7.784    49.7908 4.7419e+02    -0.3390     -0.590     -0.855    23.5593 0.0000e+00
     -0.601 1.5115e-09     5.3718     62.981      3.081   2.982455    -0.0454      7.784    50.6748 1.0311e+03    -0.3688     -0.589     -0.855    23.5242 0.0000e+00
     -0.601 1.6626e-08     5.3635     62.985      3.016   2.916943    -0.0873      7.785    51.5217 1.1260e+03    -0.3366     -0.590     -0.856    23.4898 0.0000e+00
     -0.601 1.8289e-07     5.3585     63.012      2.944   2.845668    -0.1532      7.786    52.2003 6.5903e+02    -0.2913     -0.589     -0.854    23.4561 0.0000e+00
