Data/DataNotYetUploadedToEDI/Raw_CTD/RawDownloads/082923_bvr50_S7809005.cnv
* Sea-Bird SBE19plus  Data File:
* FileName = C:\R\Reservoirs\Data\DataNotYetUploadedToEDI\Raw_CTD\RawDownloads\081423_fcr50_S7809_0005.hex
* Software version 2.8.0.119
* Temperature SN = 7809
* Conductivity SN = 7809
* System UpLoad Time = Aug 30 2023 10:55:50
* <ApplicationData>
* <Seaterm232>
# nquan = 15
# nvalues = 1837                        
# units = specified
# name 0 = depFM: Depth [fresh water, m]
# name 1 = dz/dtM: Descent Rate [m/s]
# name 2 = sbeox0Mg/L: Oxygen, SBE 43 [mg/l]
# name 3 = sbeox0PS: Oxygen, SBE 43 [% saturation]
# name 4 = specc: Specific Conductance [uS/cm]
# name 5 = c0uS/cm: Conductivity [uS/cm]
# name 6 = flECO-AFL: Fluorescence, WET Labs ECO-AFL/FL [mg/m^3]
# name 7 = ph: pH
# name 8 = orp: Oxidation Reduction Potential [mV]
# name 9 = par/sat/log: PAR/Logarithmic, Satlantic
# name 10 = turbWETntu0: Turbidity, WET Labs ECO [NTU]
# name 11 = prdM: Pressure, Strain Gauge [db]
# name 12 = prdE: Pressure, Strain Gauge [psi]
# name 13 = tv290C: Temperature [ITS-90, deg C]
# name 14 = flag:  0.000e+00
# span 0 =     -0.761,      9.403       
# span 1 =     -0.306,      0.169       
# span 2 =     0.0868,     8.2895       
# span 3 =      0.973,     99.819       
# span 4 =      0.300,    232.409       
# span 5 =   0.285549, 160.313643       
# span 6 =    -0.0933,    47.2437       
# span 7 =     -2.152,      8.904       
# span 8 = -1240.7455,   370.1265       
# span 9 = 1.2359e-01, 5.1698e+02       
# span 10 =     1.3540,    12.4587      
# span 11 =     -0.746,      9.221      
# span 12 =     -1.082,     13.374      
# span 13 =     9.4610,    25.1018      
# span 14 = 0.0000e+00, 0.0000e+00      
# interval = seconds: 0.25
# start_time = Aug 29 2023 10:51:24 [Instrument's time stamp, header]
# bad_flag = -9.990e-29
*END*
[from data line 1639]
      5.532     -0.127     0.1361      1.166    132.321  93.956352     2.6888      6.706   -77.6077 8.2310e-01     3.2683      5.436      7.885    10.4371 0.0000e+00
      5.487     -0.158     0.1364      1.168    129.592  92.258723     2.7312      6.708   -77.7793 8.9711e-01     3.2041      5.391      7.820    10.4348 0.0000e+00
      5.417     -0.168     0.1343      1.183    127.936  91.350793     2.7381      6.709   -77.8567 9.7054e-01     3.1969      5.316      7.710    10.4286 0.0000e+00
      5.342     -0.158     0.1324      1.197    126.664  90.678003     2.7976      6.709   -77.5117 1.0301e+00     3.2504      5.229      7.584    10.4346 0.0000e+00
      5.289     -0.130     0.1287      1.195    125.879  90.295980     2.9259      6.711   -77.3070 1.0548e+00     3.2698      5.171      7.499    10.4842 0.0000e+00
      5.272     -0.090     0.1293      1.182    126.074  90.549459     3.0071      6.713   -77.3603 1.0499e+00     3.2602      5.166      7.491    10.5904 0.0000e+00
      5.274     -0.054     0.1317      1.187    126.739  91.070654     3.0221      6.714   -77.4687 1.0430e+00     3.3393      5.173      7.503    10.7076 0.0000e+00
      5.278     -0.035     0.1327      1.195    126.567  90.935142     3.0239      6.717   -77.7567 1.0391e+00     3.3725      5.175      7.507    10.7987 0.0000e+00
      5.282     -0.039     0.1335      1.193    125.632  90.247107     2.9865      6.721   -77.9171 1.0371e+00     3.2508      5.181      7.514    10.8738 0.0000e+00
      5.279     -0.056     0.1284      1.195    125.158  89.941193     2.9284      6.723   -77.4295 1.0471e+00     3.0976      5.184      7.518    10.9180 0.0000e+00
      5.260     -0.069     0.1314      1.200    125.368  90.163108     2.9045      6.724   -76.5068 1.0766e+00     3.0237      5.166      7.494    10.9343 0.0000e+00
      5.223     -0.072     0.1327      1.211    125.062  90.003688     2.9056      6.726   -75.7088 1.1212e+00     3.0065      5.123      7.430    10.9241 0.0000e+00
      5.183     -0.068     0.1312      1.230    123.555  88.967947     2.9328      6.728   -75.3530 1.1564e+00     3.0256      5.074      7.358    10.9028 0.0000e+00
      5.162     -0.062     0.1321      1.240    121.512  87.564842     2.9924      6.730   -75.3021 1.1612e+00     3.1190      5.052      7.328    10.9227 0.0000e+00
      5.164     -0.057     0.1322      1.234    119.640  86.334863     3.0345      6.734   -75.2646 1.1639e+00     3.2472      5.063      7.343    10.9604 0.0000e+00
      5.171     -0.056     0.1332      1.235    118.248  85.483243     3.0340      6.736   -75.0726 1.1779e+00     3.3115      5.076      7.361    10.9829 0.0000e+00
      5.166     -0.065     0.1354      1.223    117.341  84.964983     2.9866      6.738   -74.7011 1.1909e+00     3.2135      5.074      7.359    10.9987 0.0000e+00
      5.143     -0.085     0.1388      1.189    117.191  84.966525     2.9198      6.739   -74.3863 1.2101e+00     3.0188      5.049      7.323    11.0198 0.0000e+00
      5.108     -0.110     0.1341      1.175    117.043  84.929576     2.8922      6.739   -74.2778 1.2494e+00     2.9044      5.009      7.264    11.0711 0.0000e+00
      5.072     -0.125     0.1363      1.183    116.178  84.327435     2.8935      6.739   -74.1640 1.3108e+00     2.9231      4.972      7.212    11.1499 0.0000e+00
      5.035     -0.124     0.1363      1.199    115.396  83.792220     2.9112      6.738   -73.9570 1.3667e+00     3.0742      4.940      7.164    11.2051 0.0000e+00
      4.994     -0.109     0.1282      1.218    114.700  83.355949     2.9472      6.737   -73.8397 1.4017e+00     3.2628      4.900      7.105    11.2527 0.0000e+00
      4.957     -0.090     0.1280      1.223    113.394  82.487089     2.9635      6.737   -74.0358 1.4183e+00     3.3585      4.853      7.039    11.2904 0.0000e+00
      4.939     -0.075     0.1296      1.213    110.769  80.664496     2.9496      6.737   -74.4357 1.4158e+00     3.3088      4.835      7.013    11.2867 0.0000e+00
      4.938     -0.073     0.1306      1.198    106.883  77.980752     2.8966      6.738   -74.4585 1.4078e+00     3.1068      4.845      7.028    11.2945 0.0000e+00
      4.938     -0.086     0.1341      1.188    103.620  75.855024     2.8126      6.741   -74.0533 1.4019e+00     2.8973      4.846      7.029    11.3338 0.0000e+00
      4.928     -0.107     0.1342      1.187    101.855  74.864369     2.7755      6.743   -73.6663 1.4214e+00     2.8246      4.838      7.017    11.3709 0.0000e+00
      4.898     -0.127     0.1327      1.184     99.773  73.568978     2.7889      6.745   -73.4791 1.4849e+00     2.8770      4.815      6.983    11.3999 0.0000e+00
      4.843     -0.138     0.1305      1.172     97.163  71.826068     2.8087      6.745   -73.4247 1.5775e+00     2.9843      4.757      6.898    11.4549 0.0000e+00
      4.777     -0.140     0.1286      1.168     94.954  70.382536     2.8307      6.747   -73.3534 1.6560e+00     3.0298      4.676      6.783    11.5882 0.0000e+00
      4.728     -0.143     0.1287      1.169     92.050  68.446876     2.8396      6.751   -73.3050 1.6796e+00     2.9828      4.622      6.703    11.7677 0.0000e+00
      4.712     -0.150     0.1288      1.149     88.147  65.836692     2.8326      6.755   -73.2694 1.6811e+00     2.9614      4.616      6.695    11.8804 0.0000e+00
      4.710     -0.161     0.1259      1.143     84.057  63.163053     2.7621      6.758   -73.1815 1.7031e+00     3.0108      4.628      6.714    11.9495 0.0000e+00
      4.686     -0.173     0.1242      1.150     80.575  60.965414     2.6368      6.760   -73.1030 1.7548e+00     3.0677      4.610      6.687    12.0610 0.0000e+00
      4.624     -0.182     0.1281      1.136     77.925  59.342919     2.5667      6.761   -73.0071 1.8483e+00     3.0347      4.543      6.590    12.1603 0.0000e+00
      4.539     -0.183     0.1214      1.132     75.862  58.094015     2.5544      6.763   -72.9690 1.9624e+00     2.9873      4.448      6.451    12.3222 0.0000e+00
      4.464     -0.169     0.1200      1.148     74.168  57.109124     2.5469      6.766   -72.8996 2.0398e+00     3.0078      4.363      6.329    12.5672 0.0000e+00
      4.421     -0.144     0.1243      1.160     72.713  56.327814     2.4839      6.769   -72.5988 2.0618e+00     3.0429      4.325      6.272    12.8394 0.0000e+00
      4.410     -0.123     0.1180      1.164     71.488  55.698059     2.3835      6.772   -72.2579 2.0540e+00     3.1042      4.320      6.265    13.0992 0.0000e+00
      4.411     -0.119     0.1175      1.158     70.414  55.147968     2.3404      6.776   -72.0474 2.0472e+00     3.1347      4.326      6.275    13.2881 0.0000e+00
      4.406     -0.134     0.1202      1.141     69.979  55.075623     2.3290      6.778   -71.8600 2.0669e+00     3.1040      4.331      6.282    13.4835 0.0000e+00
      4.374     -0.163     0.1205      1.136     69.364  54.760318     2.2706      6.780   -71.5403 2.1400e+00     3.0056      4.305      6.243    13.7403 0.0000e+00
      4.309     -0.189     0.1203      1.171     67.066  53.050635     2.1758      6.782   -71.1940 2.2771e+00     2.9020      4.231      6.137    13.9700 0.0000e+00
      4.227     -0.204     0.1195      1.189     64.170  51.042416     2.1232      6.782   -71.0285 2.4338e+00     2.8757      4.142      6.007    14.1455 0.0000e+00
      4.154     -0.205     0.1170      1.166     62.738  50.419395     2.1252      6.782   -71.0022 2.5533e+00     2.8587      4.065      5.895    14.3778 0.0000e+00
      4.105     -0.192     0.1125      1.143     62.235  50.471832     2.1506      6.781   -70.9617 2.6276e+00     2.8337      4.016      5.824    14.5129 0.0000e+00
      4.076     -0.167     0.1207      1.136     61.217  49.899115     2.1797      6.781   -70.6249 2.6875e+00     2.8121      3.998      5.798    14.4878 0.0000e+00
      4.050     -0.136     0.1235      1.145     59.362  48.574604     2.1947      6.782   -70.1129 2.7765e+00     2.8369      3.978      5.768    14.6658 0.0000e+00
      4.011     -0.107     0.1158      1.141     57.269  47.155892     2.1986      6.784   -69.6756 2.8992e+00     2.8609      3.936      5.708    15.2187 0.0000e+00
      3.971     -0.084     0.1138      1.114     56.044  46.586644     2.2433      6.787   -69.1231 2.9917e+00     2.8286      3.887      5.638    15.6309 0.0000e+00
      3.948     -0.068     0.1111      1.084     55.847  46.834945     2.3368      6.791   -68.7673 3.0294e+00     2.8216      3.862      5.603    15.7652 0.0000e+00
      3.946     -0.059     0.1142      1.066     56.093  47.238286     2.3803      6.794   -68.7298 3.0479e+00     2.8102      3.869      5.612    15.8771 0.0000e+00
      3.948     -0.066     0.1137      1.076     56.597  47.654513     2.3688      6.795   -68.5833 3.0522e+00     2.7932      3.873      5.618    16.1027 0.0000e+00
      3.947     -0.093     0.1078      1.099     57.422  48.248686     2.3398      6.797   -68.2870 3.0785e+00     2.7869      3.872      5.617    16.5692 0.0000e+00
      3.933     -0.132     0.1051      1.130     58.154  48.708237     2.2963      6.797   -67.8997 3.2096e+00     2.7342      3.868      5.610    17.0161 0.0000e+00
      3.893     -0.166     0.1005      1.183     58.379  48.702938     2.2757      6.796   -67.4278 3.5095e+00     2.6691      3.832      5.558    17.1766 0.0000e+00
      3.822     -0.181     0.1038      1.228     58.194  48.374836     2.2652      6.796   -66.8843 4.0233e+00     2.6136      3.754      5.444    17.1078 0.0000e+00
      3.738     -0.176     0.1064      1.246     57.917  48.042473     2.2605      6.796   -66.3185 4.5783e+00     2.5756      3.656      5.302    17.0276 0.0000e+00
      3.675     -0.159     0.1075      1.251     57.627  47.795252     2.4015      6.795   -66.0925 4.8788e+00     2.5520      3.589      5.205    16.8929 0.0000e+00
      3.650     -0.140     0.1159      1.234     57.092  47.417347     2.6728      6.796   -66.3032 4.9332e+00     2.4985      3.573      5.181    16.6985 0.0000e+00
      3.648     -0.127     0.1210      1.189     56.467  47.028635     2.8350      6.798   -66.4565 4.9292e+00     2.4411      3.577      5.187    16.5400 0.0000e+00
      3.646     -0.122     0.1220      1.156     56.105  46.904755     2.8900      6.799   -66.4837 5.1127e+00     2.4042      3.584      5.199    16.4321 0.0000e+00
      3.621     -0.124     0.1227      1.152     55.975  46.935547     3.2535      6.799   -66.8911 5.7361e+00     2.3605      3.566      5.173    16.4500 0.0000e+00
      3.562     -0.129     0.1224      1.154     56.011  47.020199     3.9342      6.798   -67.5096 6.6846e+00     2.3563      3.497      5.071    16.5057 0.0000e+00
      3.496     -0.126     0.1149      1.163     56.114  47.103025     4.3289      6.796   -67.5954 7.4346e+00     2.4218      3.417      4.955    16.6113 0.0000e+00
      3.456     -0.112     0.1105      1.179     56.135  47.111655     4.4879      6.795   -67.4124 7.7005e+00     2.4699      3.379      4.900    16.8181 0.0000e+00
      3.442     -0.092     0.1119      1.188     56.065  47.061051     5.7904      6.795   -67.2760 7.7563e+00     2.4938      3.375      4.894    16.9540 0.0000e+00
      3.439     -0.082     0.1113      1.190     55.682  46.745131     8.1757      6.797   -66.8926 7.7959e+00     2.5391      3.371      4.890    16.9882 0.0000e+00
      3.439     -0.092     0.1118      1.170     54.766  46.021724     9.4750      6.801   -66.5625 7.8656e+00     2.5741      3.373      4.892    16.9681 0.0000e+00
      3.431     -0.121     0.1151      1.140     53.922  45.488075     9.6311      6.803   -66.4680 8.2556e+00     2.6098      3.373      4.893    16.9448 0.0000e+00
      3.399     -0.151     0.1146      1.134     53.651  45.498660    10.0131      6.804   -66.3520 9.2561e+00     2.6291      3.346      4.853    16.9745 0.0000e+00
      3.337     -0.170     0.1159      1.129     53.572  45.578710    10.6722      6.804   -66.0209 1.0849e+01     2.6020      3.278      4.756    16.9703 0.0000e+00
      3.259     -0.172     0.1145      1.110     53.284  45.376965    11.0338      6.804   -65.4750 1.2462e+01     2.5898      3.189      4.626    16.9512 0.0000e+00
      3.196     -0.157     0.1074      1.085     52.741  44.963830    11.1474      6.802   -65.0862 1.3297e+01     2.5842      3.120      4.525    17.1419 0.0000e+00
      3.162     -0.133     0.1095      1.070     52.221  44.646303    12.1044      6.801   -65.1062 1.3338e+01     2.6362      3.093      4.486    17.4504 0.0000e+00
      3.152     -0.114     0.1081      1.072     51.661  44.331031    13.8568      6.802   -65.3724 1.3144e+01     2.7411      3.089      4.479    17.5770 0.0000e+00
      3.148     -0.111     0.1063      1.072     50.878  43.818145    14.8075      6.805   -65.5521 1.3077e+01     2.7932      3.088      4.480    17.5703 0.0000e+00
      3.137     -0.121     0.1035      1.064     50.242  43.459867    14.8849      6.808   -65.5571 1.3447e+01     2.8225      3.085      4.475    17.5851 0.0000e+00
      3.105     -0.132     0.1005      1.055     49.835  43.300127    14.9834      6.809   -65.6917 1.4447e+01     2.8560      3.056      4.433    17.7281 0.0000e+00
      3.047     -0.136     0.1023      1.062     49.501  43.156478    15.3997      6.809   -65.8891 1.5837e+01     2.9588      2.993      4.342    17.9226 0.0000e+00
      2.980     -0.128     0.1012      1.067     49.251  43.056150    15.9646      6.809   -65.8783 1.6835e+01     3.0404      2.912      4.224    18.0329 0.0000e+00
      2.935     -0.107     0.1011      1.062     48.900  42.848895    16.2287      6.807   -65.9056 1.6888e+01     3.0229      2.862      4.151    18.2405 0.0000e+00
      2.925     -0.080     0.0974      1.065     48.388  42.491410    16.2374      6.805   -66.3058 1.6483e+01     3.0213      2.863      4.153    18.4738 0.0000e+00
      2.930     -0.061     0.0999      1.068     47.814  42.097951    16.1698      6.806   -66.7590 1.6202e+01     2.9862      2.876      4.171    18.5858 0.0000e+00
      2.933     -0.067     0.1003      1.035     47.144  41.646119    16.0687      6.812   -66.9109 1.6026e+01     2.9401      2.878      4.174    18.7151 0.0000e+00
      2.931     -0.097     0.0981      0.985     46.466  41.217493    16.0475      6.819   -66.8520 1.6008e+01     2.9418      2.879      4.175    18.8155 0.0000e+00
      2.913     -0.137     0.0986      0.985     45.987  40.977654    16.2128      6.823   -66.6489 1.6644e+01     2.9383      2.869      4.161    18.8901 0.0000e+00
      2.864     -0.167     0.1005      1.018     45.452  40.650514    17.9510      6.823   -66.6066 1.8284e+01     3.0352      2.821      4.092    19.0101 0.0000e+00
      2.785     -0.178     0.0977      1.036     44.855  40.245116    21.1415      6.823   -66.7704 2.0261e+01     3.2591      2.732      3.962    19.1541 0.0000e+00
      2.705     -0.172     0.0870      1.024     44.575  40.137931    22.8952      6.822   -67.0811 2.1426e+01     3.4250      2.639      3.827    19.3322 0.0000e+00
      2.657     -0.157     0.0896      0.993     44.280  39.989425    23.0992      6.822   -67.6097 2.1551e+01     3.5049      2.592      3.759    19.5731 0.0000e+00
      2.642     -0.142     0.0939      0.973     43.675  39.528568    23.4671      6.826   -68.0856 2.1302e+01     3.6102      2.589      3.754    19.7301 0.0000e+00
      2.637     -0.136     0.0954      0.983     43.110  39.135127    24.1136      6.831   -68.2753 2.1296e+01     3.7073      2.591      3.758    19.8306 0.0000e+00
      2.622     -0.141     0.0941      1.011     42.918  39.103664    24.4656      6.833   -68.0963 2.1888e+01     3.6873      2.580      3.742    20.0392 0.0000e+00
      2.582     -0.152     0.0894      1.037     42.939  39.211839    24.4694      6.833   -67.9003 2.3140e+01     3.6421      2.541      3.686    20.1762 0.0000e+00
