Data/DataNotYetUploadedToEDI/Raw_CTD/RawDownloads/082923_fcr50_S7809006.cnv
* Sea-Bird SBE19plus  Data File:
* FileName = C:\R\Reservoirs\Data\DataNotYetUploadedToEDI\Raw_CTD\RawDownloads\081423_fcr50_S7809_0006.hex
* Software version 2.8.0.119
* Temperature SN = 7809
* Conductivity SN = 7809
* System UpLoad Time = Aug 30 2023 10:56:22
* <ApplicationData>
* <Seaterm232>
# nquan = 15
# nvalues = 1204                        
# units = specified
# name 0 = depFM: Depth [fresh water, m]
# name 1 = dz/dtM: Descent Rate [m/s]
# name 2 = sbeox0Mg/L: Oxygen, SBE 43 [mg/l]
# name 3 = sbeox0PS: Oxygen, SBE 43 [% saturation]
# name 4 = specc: Specific Conductance [uS/cm]
# name 5 = c0uS/cm: Conductivity [uS/cm]
# name 6 = flECO-AFL: Fluorescence, WET Labs ECO-AFL/FL [mg/m^3]
# name 7 = ph: pH
# name 8 = orp: Oxidation Reduction Potential [mV]
# name 9 = par/sat/log: PAR/Logarithmic, Satlantic
# name 10 = turbWETntu0: Turbidity, WET Labs ECO [NTU]
# name 11 = prdM: Pressure, Strain Gauge [db]
# name 12 = prdE: Pressure, Strain Gauge [psi]
# name 13 = tv290C: Temperature [ITS-90, deg C]
# name 14 = flag:  0.000e+00
# span 0 =     -0.680,      9.267       
# span 1 =     -0.349,      0.181       
# span 2 =     0.1338,     9.9846       
# span 3 =      1.623,    120.670       
# span 4 =      0.568,     58.011       
# span 5 =   0.540303,  47.575953       
# span 6 =    -0.1003,    31.6382       
# span 7 =      6.439,      9.107       
# span 8 = -1240.7455,   368.9814       
# span 9 = 1.2362e-01, 6.2234e+02       
# span 10 =     0.8187,    16.3347      
# span 11 =     -0.668,      9.092      
# span 12 =     -0.969,     13.187      
# span 13 =    11.6606,    25.1468      
# span 14 = 0.0000e+00, 0.0000e+00      
# interval = seconds: 0.25
# start_time = Aug 29 2023 13:30:23 [Instrument's time stamp, header]
# bad_flag = -9.990e-29
*END*
[from data line 675]
      4.450      0.060     3.8641     36.653     56.515  41.531388     0.9213      7.406   129.4874 1.2557e-01     9.7441      4.364      6.329    11.7266 0.0000e+00
      4.465      0.056     3.8988     36.778     56.482  41.506419     0.9117      7.403   130.2568 1.2391e-01     9.7631      4.379      6.352    11.7295 0.0000e+00
      4.480      0.051     3.9264     36.836     56.470  41.494889     0.8543      7.400   130.7862 1.2376e-01     9.9261      4.395      6.374    11.7364 0.0000e+00
      4.494      0.045     3.9562     36.837     56.507  41.518915     0.7520      7.398   130.9838 1.2386e-01    10.1781      4.408      6.394    11.7424 0.0000e+00
      4.505      0.040     3.9746     36.811     56.541  41.543036     0.6995      7.395   131.0106 1.2395e-01    10.3165      4.419      6.410    11.7403 0.0000e+00
      4.513      0.035     3.9891     36.776     56.521  41.532648     0.7102      7.393   131.5415 1.2389e-01    10.4040      4.427      6.421    11.7405 0.0000e+00
      4.519      0.032     3.9958     36.756     56.492  41.520266     0.7059      7.390   132.4125 1.2382e-01    10.7572      4.431      6.427    11.7391 0.0000e+00
      4.525      0.031     3.9932     36.737     56.480  41.520275     0.6645      7.388   133.2815 1.2377e-01    11.3425      4.437      6.434    11.7338 0.0000e+00
      4.532      0.035     3.9926     36.725     56.494  41.532760     0.6335      7.386   133.4451 1.2373e-01    11.6735      4.445      6.447    11.7326 0.0000e+00
      4.541      0.043     3.9842     36.743     56.519  41.544293     0.6309      7.384   132.8411 1.2376e-01    11.7533      4.454      6.461    11.7367 0.0000e+00
      4.550      0.053     3.9845     36.765     56.522  41.532762     0.6331      7.382   132.9484 1.2396e-01    11.8297      4.461      6.471    11.7460 0.0000e+00
      4.562      0.061     3.9807     36.764     56.522  41.520269     0.6021      7.379   133.9678 1.2410e-01    12.2202      4.472      6.484    11.7558 0.0000e+00
      4.582      0.067     3.9764     36.742     56.533  41.520165     0.5397      7.377   135.1000 1.2388e-01    12.9229      4.492      6.514    11.7598 0.0000e+00
      4.606      0.072     3.9824     36.728     56.555  41.531497     0.5024      7.374   135.1080 1.2372e-01    13.3234      4.518      6.553    11.7514 0.0000e+00
      4.628      0.076     3.9860     36.711     56.556  41.530335     0.5008      7.371   133.9795 1.2378e-01    13.4084      4.540      6.585    11.7362 0.0000e+00
      4.645      0.078     3.9882     36.680     56.525  41.506110     0.5038      7.368   133.5004 1.2380e-01    13.5739      4.556      6.609    11.7252 0.0000e+00
      4.661      0.077     3.9832     36.666     56.508  41.492471     0.4885      7.364   134.2198 1.2384e-01    13.7882      4.570      6.628    11.7184 0.0000e+00
      4.680      0.074     3.9835     36.666     56.509  41.492366     0.4662      7.362   135.3638 1.2388e-01    13.8474      4.589      6.654    11.7148 0.0000e+00
      4.702      0.071     3.9834     36.674     56.527  41.504842     0.4591      7.359   135.7178 1.2386e-01    13.8455      4.613      6.690    11.7132 0.0000e+00
      4.722      0.067     3.9765     36.690     56.543  41.516372     0.4603      7.357   135.2307 1.2386e-01    13.9696      4.632      6.718    11.7118 0.0000e+00
      4.740      0.061     3.9767     36.694     56.528  41.504841     0.4633      7.355   134.9804 1.2387e-01    14.1522      4.649      6.742    11.7107 0.0000e+00
      4.755      0.053     3.9773     36.692     56.511  41.492366     0.4632      7.351   135.1868 1.2386e-01    14.2084      4.665      6.765    11.7100 0.0000e+00
      4.767      0.044     3.9768     36.716     56.512  41.492470     0.4590      7.349   135.7464 1.2386e-01    14.1714      4.676      6.782    11.7094 0.0000e+00
      4.775      0.038     3.9808     36.741     56.532  41.506100     0.4623      7.346   136.3267 1.2388e-01    14.1485      4.684      6.794    11.7089 0.0000e+00
      4.782      0.033     3.9811     36.747     56.564  41.530221     0.4695      7.343   136.4382 1.2384e-01    14.1364      4.690      6.802    11.7090 0.0000e+00
      4.790      0.032     3.9778     36.768     56.562  41.530229     0.4712      7.341   136.4922 1.2378e-01    14.1617      4.697      6.813    11.7090 0.0000e+00
      4.797      0.035     3.9825     36.793     56.529  41.506205     0.4659      7.339   136.8939 1.2374e-01    14.1812      4.705      6.824    11.7081 0.0000e+00
      4.804      0.042     3.9877     36.811     56.513  41.493626     0.4721      7.336   137.4234 1.2372e-01    14.1685      4.711      6.832    11.7072 0.0000e+00
      4.813      0.052     3.9840     36.850     56.531  41.505072     0.4970      7.334   138.4197 1.2375e-01    14.1437      4.719      6.845    11.7079 0.0000e+00
      4.826      0.065     3.9878     36.873     56.551  41.517652     0.5170      7.332   139.7337 1.2382e-01    14.1203      4.731      6.863    11.7097 0.0000e+00
      4.843      0.079     3.9929     36.872     56.554  41.518796     0.5302      7.329   140.4052 1.2390e-01    14.1592      4.746      6.883    11.7100 0.0000e+00
      4.867      0.091     3.9899     36.882     56.556  41.518900     0.5322      7.326   140.6879 1.2389e-01    14.2041      4.771      6.920    11.7091 0.0000e+00
      4.897      0.100     3.9986     36.868     56.557  41.518910     0.5002      7.324   140.7426 1.2379e-01    14.2193      4.803      6.966    11.7074 0.0000e+00
      4.927      0.104     4.0023     36.831     56.557  41.518911     0.4669      7.323   140.5515 1.2372e-01    14.3086      4.833      7.009    11.7052 0.0000e+00
      4.957      0.102     3.9972     36.812     56.556  41.518911     0.4719      7.321   141.4743 1.2369e-01    14.4301      4.861      7.052    11.7040 0.0000e+00
      4.983      0.094     4.0034     36.788     56.554  41.518911     0.4849      7.317   143.2103 1.2373e-01    14.4917      4.887      7.089    11.7034 0.0000e+00
      5.007      0.084     4.0014     36.740     56.551  41.518912     0.4660      7.313   143.6451 1.2380e-01    14.5414      4.911      7.123    11.7026 0.0000e+00
      5.028      0.071     3.9935     36.684     56.549  41.518921     0.4267      7.311   143.0320 1.2383e-01    14.5874      4.933      7.154    11.7020 0.0000e+00
      5.043      0.057     3.9942     36.643     56.549  41.519025     0.4093      7.308   142.8529 1.2382e-01    14.6032      4.947      7.175    11.7024 0.0000e+00
      5.056      0.046     3.9920     36.644     56.551  41.520170     0.4134      7.305   143.8019 1.2385e-01    14.6307      4.959      7.193    11.7043 0.0000e+00
      5.066      0.036     3.9856     36.688     56.566  41.532769     0.4178      7.303   145.3857 1.2385e-01    14.6123      4.970      7.208    11.7065 0.0000e+00
      5.071      0.029     3.9788     36.727     56.576  41.544421     0.4124      7.301   146.0001 1.2386e-01    14.4831      4.974      7.214    11.7077 0.0000e+00
      5.075      0.026     3.9732     36.760     56.552  41.534119     0.3978      7.299   145.7241 1.2390e-01    14.3662      4.976      7.217    11.7083 0.0000e+00
      5.080      0.025     3.9720     36.802     56.544  41.535159     0.4000      7.297   145.7479 1.2389e-01    14.3611      4.981      7.224    11.7080 0.0000e+00
      5.086      0.028     3.9810     36.809     56.566  41.556998     0.4226      7.295   146.3730 1.2383e-01    14.4547      4.988      7.234    11.7078 0.0000e+00
      5.094      0.036     3.9845     36.801     56.544  41.544295     0.4385      7.294   147.2598 1.2379e-01    14.5760      4.995      7.245    11.7112 0.0000e+00
      5.103      0.047     3.9839     36.795     56.497  41.508512     0.4344      7.292   147.8663 1.2377e-01    14.6322      5.004      7.258    11.7197 0.0000e+00
      5.112      0.058     3.9937     36.757     56.500  41.505164     0.4147      7.290   147.9415 1.2376e-01    14.6212      5.012      7.269    11.7266 0.0000e+00
      5.126      0.068     3.9912     36.726     56.507  41.503812     0.4076      7.288   147.6531 1.2376e-01    14.6143      5.023      7.285    11.7306 0.0000e+00
      5.150      0.076     3.9874     36.726     56.501  41.492159     0.4156      7.286   147.5634 1.2379e-01    14.6175      5.049      7.324    11.7347 0.0000e+00
      5.176      0.081     3.9927     36.728     56.509  41.491195     0.4113      7.283   147.9753 1.2381e-01    14.6255      5.079      7.367    11.7340 0.0000e+00
      5.200      0.084     3.9841     36.731     56.517  41.492150     0.4056      7.280   148.5884 1.2380e-01    14.6430      5.101      7.399    11.7279 0.0000e+00
      5.220      0.084     3.9806     36.737     56.536  41.503690     0.4041      7.277   149.1265 1.2380e-01    14.6238      5.120      7.426    11.7212 0.0000e+00
      5.239      0.081     3.9843     36.751     56.536  41.503794     0.4111      7.275   149.4906 1.2380e-01    14.6327      5.136      7.450    11.7151 0.0000e+00
      5.258      0.079     3.9832     36.762     56.520  41.493409     0.4234      7.274   149.3776 1.2375e-01    14.6817      5.155      7.477    11.7085 0.0000e+00
      5.279      0.077     3.9851     36.758     56.533  41.505054     0.4278      7.272   149.1366 1.2373e-01    14.6705      5.177      7.509    11.7038 0.0000e+00
      5.300      0.074     3.9848     36.760     56.547  41.517662     0.4222      7.269   149.2440 1.2380e-01    14.6335      5.198      7.538    11.7020 0.0000e+00
      5.321      0.069     3.9869     36.766     56.545  41.518910     0.4051      7.266   149.4707 1.2383e-01    14.6439      5.218      7.569    11.7020 0.0000e+00
      5.338      0.062     3.9898     36.766     56.540  41.520149     0.4050      7.263   149.8133 1.2379e-01    14.7278      5.236      7.594    11.7042 0.0000e+00
      5.353      0.053     3.9860     36.772     56.551  41.532643     0.4201      7.261   149.7723 1.2380e-01    14.8288      5.250      7.614    11.7065 0.0000e+00
      5.366      0.043     3.9874     36.785     56.564  41.543039     0.4218      7.259   149.2329 1.2384e-01    14.8748      5.264      7.634    11.7074 0.0000e+00
      5.376      0.034     3.9886     36.783     56.533  41.518909     0.4085      7.258   149.0565 1.2386e-01    14.8056      5.273      7.648    11.7094 0.0000e+00
      5.382      0.028     3.9872     36.764     56.503  41.494770     0.3934      7.255   149.3603 1.2385e-01    14.6403      5.279      7.656    11.7145 0.0000e+00
      5.386      0.024     3.9869     36.749     56.519  41.505053     0.3972      7.253   149.8943 1.2380e-01    14.5848      5.283      7.662    11.7202 0.0000e+00
      5.390      0.026     3.9898     36.728     56.531  41.516288     0.4127      7.250   150.3510 1.2376e-01    14.6471      5.285      7.665    11.7202 0.0000e+00
      5.394      0.036     3.9907     36.716     56.511  41.503680     0.4219      7.248   150.5802 1.2376e-01    14.7443      5.288      7.670    11.7176 0.0000e+00
      5.399      0.051     3.9856     36.716     56.483  41.479550     0.4172      7.246   150.9458 1.2379e-01    14.8383      5.293      7.676    11.7169 0.0000e+00
      5.409      0.068     3.9873     36.702     56.490  41.478415     0.3977      7.245   151.4159 1.2380e-01    14.8271      5.300      7.688    11.7132 0.0000e+00
      5.431      0.083     3.9825     36.687     56.511  41.489946     0.3947      7.244   151.7031 1.2380e-01    14.8135      5.322      7.718    11.7156 0.0000e+00
      5.463      0.094     3.9802     36.694     56.519  41.492026     0.4142      7.241   151.8371 1.2380e-01    14.8442      5.357      7.769    11.7220 0.0000e+00
      5.495      0.098     3.9836     36.718     56.539  41.503557     0.4250      7.238   152.0034 1.2383e-01    14.8566      5.391      7.818    11.7168 0.0000e+00
      5.523      0.096     3.9809     36.746     56.541  41.502422     0.4173      7.236   152.2517 1.2384e-01    14.8608      5.418      7.859    11.7092 0.0000e+00
      5.546      0.087     3.9785     36.761     56.507  41.478304     0.3962      7.235   152.4307 1.2379e-01    14.8276      5.440      7.892    11.7067 0.0000e+00
      5.566      0.073     3.9801     36.764     56.488  41.465819     0.3857      7.232   152.6188 1.2378e-01    14.8308      5.459      7.917    11.7041 0.0000e+00
      5.582      0.059     3.9833     36.753     56.502  41.478416     0.3988      7.229   152.9773 1.2375e-01    14.8990      5.475      7.941    11.7004 0.0000e+00
      5.596      0.048     3.9876     36.724     56.532  41.503681     0.4129      7.228   153.4101 1.2369e-01    14.9358      5.489      7.960    11.6977 0.0000e+00
      5.607      0.039     3.9889     36.691     56.547  41.517414     0.4149      7.226   153.7209 1.2372e-01    14.9334      5.499      7.976    11.6992 0.0000e+00
      5.614      0.032     3.9888     36.670     56.545  41.517527     0.4065      7.224   153.8959 1.2381e-01    14.9047      5.507      7.987    11.7005 0.0000e+00
      5.619      0.028     3.9886     36.653     56.528  41.505052     0.4028      7.222   154.2349 1.2382e-01    14.8958      5.511      7.992    11.7007 0.0000e+00
      5.623      0.027     3.9838     36.648     56.515  41.493512     0.4114      7.221   154.3786 1.2382e-01    14.9282      5.514      7.996    11.7048 0.0000e+00
      5.629      0.029     3.9793     36.669     56.536  41.504940     0.4187      7.219   154.1715 1.2385e-01    14.9206      5.519      8.005    11.7083 0.0000e+00
      5.636      0.034     3.9774     36.689     56.556  41.516271     0.4166      7.216   154.3117 1.2382e-01    14.8719      5.526      8.015    11.7094 0.0000e+00
      5.646      0.041     3.9758     36.704     56.540  41.503578     0.4029      7.213   154.7832 1.2379e-01    14.8521      5.535      8.028    11.7104 0.0000e+00
      5.658      0.051     3.9730     36.721     56.505  41.478408     0.3936      7.211   155.3980 1.2380e-01    14.8862      5.548      8.046    11.7085 0.0000e+00
      5.670      0.062     3.9788     36.729     56.489  41.465820     0.4046      7.210   156.0661 1.2380e-01    14.9091      5.560      8.064    11.7034 0.0000e+00
      5.684      0.072     3.9810     36.719     56.508  41.478305     0.4200      7.209   155.8929 1.2382e-01    14.8890      5.572      8.080    11.6994 0.0000e+00
      5.705      0.081     3.9814     36.707     56.543  41.502434     0.4293      7.206   155.0242 1.2383e-01    14.8821      5.592      8.111    11.6996 0.0000e+00
      5.732      0.089     3.9847     36.704     56.548  41.503683     0.4420      7.203   155.1127 1.2383e-01    14.8602      5.622      8.154    11.7006 0.0000e+00
      5.758      0.093     3.9854     36.712     56.536  41.493402     0.4573      7.201   156.0168 1.2385e-01    14.8641      5.647      8.191    11.6994 0.0000e+00
      5.782      0.092     3.9844     36.736     56.554  41.505056     0.4728      7.198   156.4914 1.2383e-01    14.9287      5.669      8.222    11.6991 0.0000e+00
      5.807      0.087     3.9816     36.743     56.571  41.517656     0.4873      7.196   156.1188 1.2375e-01    14.9233      5.695      8.259    11.6974 0.0000e+00
      5.831      0.079     3.9831     36.731     56.571  41.518802     0.4831      7.194   155.3828 1.2374e-01    14.8331      5.721      8.297    11.6950 0.0000e+00
      5.850      0.069     3.9817     36.742     56.568  41.518916     0.4639      7.191   155.3373 1.2377e-01    14.7603      5.739      8.323    11.6937 0.0000e+00
      5.865      0.059     3.9874     36.777     56.566  41.519038     0.4633      7.189   155.7402 1.2382e-01    14.7954      5.753      8.342    11.6923 0.0000e+00
      5.878      0.050     3.9891     36.817     56.567  41.520278     0.4593      7.188   155.9527 1.2384e-01    14.8816      5.766      8.362    11.6917 0.0000e+00
      5.889      0.044     3.9834     36.836     56.586  41.533907     0.4318      7.187   156.0127 1.2379e-01    14.8800      5.776      8.377    11.6931 0.0000e+00
