Data/DataNotYetUploadedToEDI/Raw_CTD/RawDownloads/082923_bvr50_S7809005.cnv
* Sea-Bird SBE19plus  Data File:
* FileName = C:\R\Reservoirs\Data\DataNotYetUploadedToEDI\Raw_CTD\RawDownloads\081423_fcr50_S7809_0005.hex
* Software version 2.8.0.119
* Temperature SN = 7809
* Conductivity SN = 7809
* System UpLoad Time = Aug 30 2023 10:55:50
* <ApplicationData>
* <Seaterm232>
# nquan = 15
# nvalues = 1837                        
# units = specified
# name 0 = depFM: Depth [fresh water, m]
# name 1 = dz/dtM: Descent Rate [m/s]
# name 2 = sbeox0Mg/L: Oxygen, SBE 43 [mg/l]
# name 3 = sbeox0PS: Oxygen, SBE 43 [% saturation]
# name 4 = specc: Specific Conductance [uS/cm]
# name 5 = c0uS/cm: Conductivity [uS/cm]
# name 6 = flECO-AFL: Fluorescence, WET Labs ECO-AFL/FL [mg/m^3]
# name 7 = ph: pH
# name 8 = orp: Oxidation Reduction Potential [mV]
# name 9 = par/sat/log: PAR/Logarithmic, Satlantic
# name 10 = turbWETntu0: Turbidity, WET Labs ECO [NTU]
# name 11 = prdM: Pressure, Strain Gauge [db]
# name 12 = prdE: Pressure, Strain Gauge [psi]
# name 13 = tv290C: Temperature [ITS-90, deg C]
# name 14 = flag:  0.000e+00
# span 0 =     -0.761,      9.403       
# span 1 =     -0.306,      0.169       
# span 2 =     0.0868,     8.2895       
# span 3 =      0.973,     99.819       
# span 4 =      0.300,    232.409       
# span 5 =   0.285549, 160.313643       
# span 6 =    -0.0933,    47.2437       
# span 7 =     -2.152,      8.904       
# span 8 = -1240.7455,   370.1265       
# span 9 = 1.2359e-01, 5.1698e+02       
# span 10 =     1.3540,    12.4587      
# span 11 =     -0.746,      9.221      
# span 12 =     -1.082,     13.374      
# span 13 =     9.4610,    25.1018      
# span 14 = 0.0000e+00, 0.0000e+00      
# interval = seconds: 0.25
# start_time = Aug 29 2023 10:51:24 [Instrument's time stamp, header]
# bad_flag = -9.990e-29
*END*
[from data line 1350]
      8.240      0.021     0.1528      1.292    155.520 108.184989     1.3557      6.486   -43.7961 1.2378e-01     2.9889      8.080     11.719     9.7780 0.0000e+00
      8.244      0.022     0.1503      1.282    155.517 108.182536     1.4204      6.486   -43.8837 1.2373e-01     2.9483      8.083     11.724     9.7784 0.0000e+00
      8.250      0.027     0.1520      1.294    155.575 108.215356     1.4521      6.487   -44.0994 1.2378e-01     2.9277      8.090     11.733     9.7805 0.0000e+00
      8.256      0.035     0.1486      1.315    155.669 108.263412     1.4468      6.487   -44.2533 1.2383e-01     2.9108      8.096     11.744     9.7800 0.0000e+00
      8.264      0.044     0.1463      1.315    155.779 108.317795     1.4070      6.487   -44.2820 1.2381e-01     2.9150      8.102     11.752     9.7790 0.0000e+00
      8.276      0.050     0.1445      1.305    155.874 108.363433     1.3374      6.487   -44.2743 1.2372e-01     2.9437      8.114     11.769     9.7799 0.0000e+00
      8.294      0.055     0.1455      1.298    155.999 108.433120     1.3043      6.488   -44.3319 1.2367e-01     2.9511      8.133     11.797     9.7781 0.0000e+00
      8.312      0.057     0.1513      1.293    156.151 108.523541     1.3055      6.489   -44.3769 1.2370e-01     2.9704      8.152     11.824     9.7716 0.0000e+00
      8.328      0.055     0.1489      1.299    156.231 108.565163     1.3103      6.489   -44.3885 1.2372e-01     3.0068      8.168     11.846     9.7639 0.0000e+00
      8.342      0.050     0.1479      1.312    156.230 108.554277     1.3290      6.490   -44.5575 1.2373e-01     3.0153      8.182     11.867     9.7573 0.0000e+00
      8.355      0.041     0.1473      1.321    156.186 108.519267     1.3409      6.492   -44.8715 1.2369e-01     3.0036      8.194     11.885     9.7520 0.0000e+00
      8.365      0.034     0.1462      1.334    156.187 108.523940     1.3372      6.494   -45.1739 1.2364e-01     3.0031      8.204     11.899     9.7471 0.0000e+00
      8.372      0.030     0.1468      1.346    156.301 108.610777     1.3347      6.494   -45.3747 1.2368e-01     2.9750      8.211     11.910     9.7424 0.0000e+00
      8.375      0.032     0.1496      1.341    156.472 108.741367     1.3359      6.494   -45.4917 1.2372e-01     2.9361      8.213     11.913     9.7390 0.0000e+00
      8.377      0.039     0.1495      1.337    156.753 108.956637     1.3344      6.493   -45.5569 1.2374e-01     2.9776      8.213     11.913     9.7370 0.0000e+00
      8.383      0.051     0.1508      1.337    157.235 109.303150     1.3249      6.493   -45.6464 1.2380e-01     2.9987      8.218     11.919     9.7390 0.0000e+00
      8.398      0.065     0.1548      1.323    157.810 109.683216     1.3213      6.494   -45.7996 1.2385e-01     2.9527      8.233     11.941     9.7417 0.0000e+00
      8.420      0.078     0.1512      1.294    158.309 109.985683     1.3404      6.496   -45.7750 1.2388e-01     2.9677      8.256     11.974     9.7436 0.0000e+00
      8.447      0.087     0.1516      1.268    158.716 110.221764     1.3650      6.497   -45.6068 1.2384e-01     3.0428      8.283     12.013     9.7525 0.0000e+00
      8.474      0.091     0.1527      1.259    159.075 110.435971     1.3779      6.497   -45.6578 1.2376e-01     3.0750      8.312     12.055     9.7600 0.0000e+00
      8.499      0.090     0.1509      1.277    159.349 110.601328     1.3962      6.497   -45.8761 1.2375e-01     3.0841      8.336     12.090     9.7526 0.0000e+00
      8.521      0.085     0.1469      1.309    159.504 110.692560     1.4362      6.498   -45.9239 1.2376e-01     3.1862      8.356     12.121     9.7350 0.0000e+00
      8.541      0.078     0.1433      1.326    159.544 110.711104     1.4864      6.500   -45.8910 1.2373e-01     3.3533      8.376     12.149     9.7191 0.0000e+00
      8.560      0.070     0.1416      1.321    159.525 110.698151     1.5119      6.501   -45.9942 1.2373e-01     3.4317      8.395     12.176     9.7085 0.0000e+00
      8.578      0.063     0.1444      1.311    159.560 110.727008     1.5114      6.501   -46.1394 1.2378e-01     3.4166      8.412     12.201     9.7011 0.0000e+00
      8.593      0.056     0.1498      1.300    159.670 110.805271     1.5143      6.502   -46.2704 1.2382e-01     3.3409      8.428     12.224     9.6955 0.0000e+00
      8.606      0.051     0.1520      1.290    159.791 110.880175     1.5297      6.504   -46.4585 1.2377e-01     3.2338      8.440     12.242     9.6927 0.0000e+00
      8.617      0.046     0.1500      1.290    159.892 110.932080     1.5481      6.504   -46.6075 1.2367e-01     3.2152      8.450     12.256     9.6931 0.0000e+00
      8.626      0.043     0.1490      1.279    159.999 110.987014     1.5626      6.504   -46.7816 1.2367e-01     3.2859      8.460     12.270     9.6955 0.0000e+00
      8.636      0.043     0.1485      1.270    160.093 111.034846     1.5297      6.504   -47.1863 1.2376e-01     3.3038      8.469     12.284     9.6975 0.0000e+00
      8.647      0.045     0.1450      1.274    160.156 111.064581     1.4506      6.504   -47.5428 1.2382e-01     3.2258      8.480     12.299     9.6942 0.0000e+00
      8.658      0.047     0.1482      1.272    160.212 111.091764     1.4051      6.504   -47.7365 1.2379e-01     3.1290      8.489     12.313     9.6874 0.0000e+00
      8.671      0.049     0.1452      1.267    160.251 111.108740     1.3953      6.506   -47.8940 1.2373e-01     3.0552      8.501     12.330     9.6809 0.0000e+00
      8.686      0.049     0.1430      1.257    160.313 111.142454     1.3658      6.506   -48.0704 1.2373e-01     3.0177      8.517     12.353     9.6753 0.0000e+00
      8.701      0.048     0.1464      1.252    160.380 111.180941     1.3228      6.506   -48.4064 1.2373e-01     3.0162      8.534     12.378     9.6713 0.0000e+00
      8.713      0.047     0.1437      1.262    160.405 111.191938     1.3077      6.508   -48.7739 1.2371e-01     3.0379      8.546     12.394     9.6678 0.0000e+00
      8.722      0.043     0.1453      1.277    160.438 111.211721     1.3167      6.510   -49.0718 1.2372e-01     3.0751      8.554     12.405     9.6645 0.0000e+00
      8.732      0.038     0.1423      1.295    160.461 111.229064     1.3400      6.510   -49.2556 1.2376e-01     3.0899      8.563     12.419     9.6617 0.0000e+00
      8.742      0.033     0.1416      1.301    160.427 111.210567     1.3729      6.510   -49.2752 1.2375e-01     3.0114      8.574     12.435     9.6594 0.0000e+00
      8.752      0.028     0.1438      1.302    160.377 111.179147     1.3987      6.511   -49.3944 1.2375e-01     2.9118      8.584     12.450     9.6572 0.0000e+00
      8.759      0.024     0.1444      1.300    160.357 111.167620     1.4099      6.512   -49.6646 1.2384e-01     2.9104      8.590     12.459     9.6556 0.0000e+00
      8.763      0.023     0.1487      1.306    160.399 111.198567     1.4251      6.514   -49.8753 1.2386e-01     2.9606      8.595     12.465     9.6566 0.0000e+00
      8.766      0.026     0.1473      1.302    160.550 111.298573     1.4584      6.515   -50.0487 1.2381e-01     3.0064      8.597     12.468     9.6588 0.0000e+00
      8.769      0.031     0.1491      1.266    160.750 111.421439     1.4789      6.515   -50.2983 1.2377e-01     3.0203      8.597     12.469     9.6599 0.0000e+00
      8.776      0.036     0.1469      1.244    160.858 111.474015     1.4815      6.515   -50.5702 1.2379e-01     2.9920      8.603     12.478     9.6603 0.0000e+00
      8.788      0.038     0.1479      1.242    160.814 111.424721     1.4817      6.515   -50.7551 1.2378e-01     3.0065      8.616     12.497     9.6612 0.0000e+00
      8.805      0.038     0.1517      1.249    160.699 111.334925     1.4648      6.515   -50.9854 1.2376e-01     3.0244      8.634     12.525     9.6611 0.0000e+00
      8.820      0.033     0.1415      1.262    160.620 111.279950     1.4428      6.516   -51.3759 1.2378e-01     3.0026      8.652     12.549     9.6555 0.0000e+00
      8.829      0.026     0.1412      1.259    160.593 111.269542     1.4417      6.518   -51.7768 1.2378e-01     3.0501      8.660     12.561     9.6470 0.0000e+00
      8.830      0.018     0.1412      1.248    160.669 111.336466     1.4427      6.518   -52.0469 1.2381e-01     3.0875      8.661     12.561     9.6407 0.0000e+00
      8.829      0.012     0.1410      1.268    160.821 111.452231     1.4131      6.519   -52.1474 1.2385e-01     3.0095      8.658     12.557     9.6375 0.0000e+00
      8.828      0.010     0.1450      1.304    160.927 111.522847     1.3670      6.520   -52.2172 1.2382e-01     2.9272      8.657     12.556     9.6376 0.0000e+00
      8.830      0.012     0.1440      1.301    160.991 111.553381     1.3355      6.520   -52.3740 1.2379e-01     2.8783      8.658     12.558     9.6400 0.0000e+00
      8.835      0.016     0.1404      1.282    161.033 111.566638     1.3147      6.521   -52.4946 1.2383e-01     2.8287      8.663     12.565     9.6456 0.0000e+00
      8.842      0.019     0.1418      1.269    161.037 111.555738     1.3231      6.522   -52.6421 1.2384e-01     2.8051      8.670     12.575     9.6510 0.0000e+00
      8.849      0.020     0.1524      1.259    161.040 111.548952     1.3618      6.522   -52.9539 1.2382e-01     2.8326      8.678     12.587     9.6489 0.0000e+00
      8.855      0.020     0.1477      1.265    161.133 111.611963     1.3836      6.522   -53.3387 1.2383e-01     2.8874      8.685     12.597     9.6433 0.0000e+00
      8.860      0.020     0.1453      1.274    161.324 111.744384     1.3868      6.522   -53.5957 1.2381e-01     2.9204      8.689     12.602     9.6384 0.0000e+00
      8.861      0.022     0.1453      1.272    161.524 111.876228     1.4090      6.523   -53.6512 1.2373e-01     2.9939      8.690     12.603     9.6338 0.0000e+00
      8.864      0.027     0.1412      1.253    161.714 111.995941     1.4438      6.525   -53.6663 1.2368e-01     3.0920      8.691     12.605     9.6306 0.0000e+00
      8.870      0.034     0.1449      1.239    161.894 112.109059     1.4502      6.526   -53.6920 1.2369e-01     3.0824      8.696     12.614     9.6312 0.0000e+00
      8.880      0.042     0.1446      1.242    162.077 112.224847     1.4446      6.529   -53.7032 1.2375e-01     3.0147      8.707     12.629     9.6323 0.0000e+00
      8.894      0.050     0.1463      1.243    162.310 112.376832     1.4337      6.530   -53.6297 1.2375e-01     2.9907      8.722     12.650     9.6296 0.0000e+00
      8.910      0.056     0.1423      1.243    162.566 112.545449     1.3934      6.529   -53.5786 1.2370e-01     2.9630      8.738     12.673     9.6255 0.0000e+00
      8.925      0.060     0.1395      1.242    162.760 112.671240     1.3659      6.529   -53.6873 1.2372e-01     2.9187      8.753     12.695     9.6217 0.0000e+00
      8.941      0.061     0.1425      1.240    162.889 112.751280     1.3668      6.530   -53.7388 1.2379e-01     2.9332      8.768     12.717     9.6185 0.0000e+00
      8.958      0.061     0.1411      1.246    162.992 112.812558     1.3792      6.530   -53.7717 1.2377e-01     3.0347      8.784     12.741     9.6158 0.0000e+00
      8.974      0.060     0.1419      1.259    163.046 112.838889     1.4000      6.530   -53.9137 1.2372e-01     3.1223      8.800     12.763     9.6130 0.0000e+00
      8.990      0.057     0.1415      1.261    163.118 112.878544     1.4102      6.530   -54.0788 1.2373e-01     3.1038      8.816     12.786     9.6104 0.0000e+00
      9.005      0.054     0.1410      1.257    163.363 113.037241     1.4103      6.531   -54.3058 1.2378e-01     3.0509      8.831     12.808     9.6079 0.0000e+00
      9.018      0.053     0.1409      1.255    163.747 113.292676     1.4269      6.532   -54.6793 1.2383e-01     3.0293      8.844     12.826     9.6047 0.0000e+00
      9.028      0.054     0.1444      1.241    164.126 113.546561     1.4521      6.534   -55.0668 1.2382e-01     3.0817      8.854     12.841     9.6013 0.0000e+00
      9.039      0.056     0.1440      1.233    164.429 113.750179     1.4487      6.534   -55.2908 1.2379e-01     3.1719      8.863     12.855     9.5979 0.0000e+00
      9.053      0.058     0.1422      1.237    164.570 113.843694     1.4352      6.534   -55.4081 1.2377e-01     3.1978      8.877     12.874     9.5945 0.0000e+00
      9.070      0.059     0.1446      1.229    164.585 113.849170     1.4479      6.535   -55.3668 1.2375e-01     3.2239      8.894     12.900     9.5914 0.0000e+00
      9.089      0.059     0.1406      1.221    164.639 113.880088     1.4778      6.536   -55.2224 1.2373e-01     3.2828      8.913     12.928     9.5887 0.0000e+00
      9.107      0.058     0.1394      1.230    164.767 113.962720     1.5051      6.536   -55.2970 1.2372e-01     3.2945      8.932     12.955     9.5868 0.0000e+00
      9.121      0.055     0.1420      1.233    165.044 114.147594     1.5199      6.536   -55.5800 1.2375e-01     3.2975      8.946     12.976     9.5858 0.0000e+00
      9.132      0.051     0.1404      1.229    165.691 114.586604     1.5152      6.537   -55.8900 1.2379e-01     3.3191      8.955     12.989     9.5845 0.0000e+00
      9.142      0.047     0.1372      1.238    166.675 115.257671     1.5062      6.538   -56.1203 1.2381e-01     3.3165      8.965     13.002     9.5826 0.0000e+00
      9.154      0.044     0.1413      1.239    167.699 115.955007     1.5034      6.538   -56.2139 1.2384e-01     3.2653      8.976     13.019     9.5808 0.0000e+00
      9.167      0.042     0.1412      1.233    168.624 116.584033     1.4976      6.538   -56.3339 1.2387e-01     3.2127      8.990     13.039     9.5790 0.0000e+00
      9.178      0.040     0.1384      1.223    169.433 117.129715     1.4863      6.539   -56.5389 1.2387e-01     3.2268      9.003     13.057     9.5763 0.0000e+00
      9.188      0.037     0.1423      1.202    170.114 117.583665     1.4913      6.540   -56.7134 1.2379e-01     3.2663      9.011     13.070     9.5731 0.0000e+00
      9.196      0.034     0.1416      1.195    170.645 117.931642     1.5245      6.541   -56.8088 1.2372e-01     3.2793      9.019     13.080     9.5702 0.0000e+00
      9.204      0.029     0.1401      1.214    170.806 118.024166     1.5466      6.543   -56.8319 1.2375e-01     3.2814      9.026     13.090     9.5671 0.0000e+00
      9.212      0.024     0.1409      1.241    170.607 117.874102     1.5421      6.543   -56.9927 1.2377e-01     3.2923      9.034     13.102     9.5632 0.0000e+00
      9.218      0.019     0.1361      1.270    170.466 117.773687     1.5036      6.544   -57.2903 1.2377e-01     3.3083      9.041     13.113     9.5584 0.0000e+00
      9.223      0.015     0.1347      1.283    170.450 117.765707     1.4396      6.545   -57.5914 1.2379e-01     3.3383      9.046     13.120     9.5524 0.0000e+00
      9.226      0.013     0.1389      1.285    170.463 117.777622     1.3999      6.546   -57.9663 1.2380e-01     3.3471      9.048     13.122     9.5463 0.0000e+00
      9.226      0.012     0.1407      1.285    171.032 118.172594     1.3897      6.546   -58.2085 1.2376e-01     3.3466      9.048     13.122     9.5419 0.0000e+00
      9.227      0.015     0.1466      1.281    172.567 119.228269     1.3914      6.546   -58.2835 1.2368e-01     3.2984      9.048     13.122     9.5416 0.0000e+00
      9.229      0.020     0.1464      1.265    174.670 120.666119     1.4036      6.546   -58.4421 1.2365e-01     3.1396      9.050     13.125     9.5435 0.0000e+00
      9.234      0.028     0.1466      1.240    177.170 122.368164     1.4204      6.547   -58.6632 1.2372e-01     2.9982      9.053     13.131     9.5441 0.0000e+00
      9.242      0.034     0.1467      1.238    179.491 123.940673     1.4279      6.547   -58.8921 1.2378e-01     2.9546      9.061     13.144     9.5451 0.0000e+00
