Data/DataNotYetUploadedToEDI/Raw_CTD/RawDownloads/090125_fcr50_S7809001.cnv
* Sea-Bird SBE19plus  Data File:
* FileName = C:\R\Reservoirs\Data\DataNotYetUploadedToEDI\Raw_CTD\RawDownloads\090125_fcr50_S7809_0001.hex
* Software version 2.8.0.119
* Temperature SN = 7809
* Conductivity SN = 7809
* System UpLoad Time = Sep 02 2025 15:29:18
* <ApplicationData>
* <Seaterm232>
# nquan = 15
# nvalues = 2327                        
# units = specified
# name 0 = depFM: Depth [fresh water, m]
# name 1 = dz/dtM: Descent Rate [m/s]
# name 2 = sbeox0Mg/L: Oxygen, SBE 43 [mg/l]
# name 3 = sbeox0PS: Oxygen, SBE 43 [% saturation]
# name 4 = specc: Specific Conductance [uS/cm]
# name 5 = c0uS/cm: Conductivity [uS/cm]
# name 6 = flECO-AFL: Fluorescence, WET Labs ECO-AFL/FL [mg/m^3]
# name 7 = ph: pH
# name 8 = orp: Oxidation Reduction Potential [mV]
# name 9 = par/sat/log: PAR/Logarithmic, Satlantic
# name 10 = turbWETntu0: Turbidity, WET Labs ECO [NTU]
# name 11 = prdM: Pressure, Strain Gauge [db]
# name 12 = prdE: Pressure, Strain Gauge [psi]
# name 13 = tv290C: Temperature [ITS-90, deg C]
# name 14 = flag:  0.000e+00
# span 0 =     -0.586,      9.639       
# span 1 =     -0.528,      4.663       
# span 2 =    -0.2827,    10.3612       
# span 3 =     -2.504,    119.977       
# span 4 =      0.564,    467.302       
# span 5 =   0.559451, 348.781699       
# span 6 =    -1.1645,    60.5405       
# span 7 =     -2.090,     10.743       
# span 8 = -1240.7455,   233.9405       
# span 9 = 1.2350e-01, 2.5071e+03       
# span 10 =    -0.1962,   296.0070      
# span 11 =     -0.575,      9.454      
# span 12 =     -0.834,     13.711      
# span 13 =    12.2140,    24.6038      
# span 14 = 0.0000e+00, 0.0000e+00      
# interval = seconds: 0.25
# start_time = Sep 01 2025 12:52:04 [Instrument's time stamp, header]
# bad_flag = -9.990e-29
*END*
[from data line 1254]
      2.243      0.031     6.2712     69.983     39.753  36.865813     5.8820     10.454   145.2554 1.3795e+01     3.9335      2.200      3.190    21.4125 0.0000e+00
      2.251      0.030     6.2568     69.590     39.785  36.882189     5.9021     10.448   145.6078 1.3660e+01     4.0360      2.207      3.200    21.4052 0.0000e+00
      2.259      0.030     6.2379     68.919     39.810  36.896161     5.8146     10.443   145.4604 1.3505e+01     4.0724      2.215      3.211    21.3939 0.0000e+00
      2.267      0.029     6.2168     67.959     39.829  36.907826     5.6241     10.438   145.1945 1.3371e+01     3.9637      2.224      3.225    21.3810 0.0000e+00
      2.274      0.029     6.1952     66.744     39.819  36.896314     5.5206     10.432   145.5761 1.3267e+01     3.8826      2.231      3.236    21.3637 0.0000e+00
      2.281      0.028     6.1731     65.321     39.805  36.883881     5.5289     10.425   146.6329 1.3184e+01     3.9120      2.236      3.243    21.3460 0.0000e+00
      2.287      0.027     6.1116     63.838     39.804  36.884406     5.5415     10.419   147.3028 1.3084e+01     3.9781      2.242      3.252    21.3329 0.0000e+00
      2.295      0.027     6.0264     62.433     39.824  36.902654     5.4314     10.411   147.3949 1.2970e+01     3.8619      2.250      3.265    21.3265 0.0000e+00
      2.302      0.027     5.9202     61.248     39.908  36.977613     5.2295     10.404   147.3160 1.2877e+01     3.7034      2.258      3.275    21.3250 0.0000e+00
      2.308      0.028     5.7859     60.362     40.038  37.092740     5.1398     10.397   147.3818 1.2790e+01     3.7349      2.264      3.283    21.3254 0.0000e+00
      2.314      0.028     5.6529     59.733     40.113  37.152474     5.1626     10.391   147.7606 1.2691e+01     3.8329      2.270      3.292    21.3265 0.0000e+00
      2.322      0.028     5.5223     59.347     40.095  37.128753     5.1302     10.384   148.3686 1.2571e+01     3.8284      2.276      3.302    21.3269 0.0000e+00
      2.330      0.028     5.4140     59.242     40.021  37.059731     5.0146     10.378   148.9677 1.2442e+01     3.7495      2.285      3.314    21.3259 0.0000e+00
      2.338      0.028     5.3398     59.323     39.970  37.015923     4.9297     10.372   149.4119 1.2352e+01     3.6991      2.293      3.326    21.3187 0.0000e+00
      2.344      0.027     5.2866     59.320     39.997  37.043261     4.9201     10.365   149.6949 1.2277e+01     3.7312      2.298      3.333    21.3033 0.0000e+00
      2.350      0.027     5.2500     59.065     40.028  37.073000     4.9067     10.357   149.4654 1.2183e+01     3.8303      2.305      3.342    21.2914 0.0000e+00
      2.357      0.027     5.2425     58.615     40.010  37.058227     4.8502     10.349   148.9589 1.2095e+01     3.8719      2.312      3.353    21.2938 0.0000e+00
      2.364      0.027     5.2603     58.110     40.003  37.055013     4.7948     10.343   148.9927 1.2020e+01     3.7907      2.318      3.363    21.3012 0.0000e+00
      2.370      0.026     5.2667     57.686     40.048  37.097600     4.7537     10.337   149.5301 1.1938e+01     3.6683      2.323      3.371    21.3036 0.0000e+00
      2.377      0.025     5.2395     57.436     40.083  37.128964     4.7106     10.330   150.1215 1.1827e+01     3.6894      2.330      3.380    21.3029 0.0000e+00
      2.385      0.023     5.1957     57.347     40.072  37.116962     4.6482     10.325   150.3783 1.1722e+01     3.7730      2.340      3.392    21.3051 0.0000e+00
      2.391      0.021     5.1456     57.343     40.030  37.079389     4.5991     10.319   149.9677 1.1662e+01     3.7222      2.346      3.402    21.3108 0.0000e+00
      2.396      0.020     5.1040     57.398     40.004  37.055398     4.5831     10.313   149.2862 1.1621e+01     3.6558      2.350      3.408    21.3138 0.0000e+00
      2.400      0.020     5.0831     57.499     40.035  37.080700     4.5371     10.307   149.1073 1.1562e+01     3.6874      2.353      3.413    21.3099 0.0000e+00
      2.403      0.020     5.0792     57.536     40.096  37.131494     4.4843     10.300   149.3538 1.1492e+01     3.7976      2.357      3.418    21.3061 0.0000e+00
      2.408      0.021     5.0797     57.438     40.137  37.161911     4.4779     10.293   149.8587 1.1411e+01     3.8263      2.361      3.424    21.3093 0.0000e+00
      2.414      0.022     5.0817     57.262     40.182  37.194645     4.4764     10.288   150.3068 1.1313e+01     3.7956      2.367      3.432    21.3110 0.0000e+00
      2.422      0.024     5.0975     57.075     40.278  37.273450     4.4491     10.281   150.2123 1.1222e+01     3.8020      2.375      3.445    21.3066 0.0000e+00
      2.428      0.025     5.1044     56.910     40.375  37.353263     4.3977     10.274   150.0920 1.1151e+01     3.8020      2.382      3.454    21.2995 0.0000e+00
      2.433      0.025     5.0930     56.776     40.431  37.398192     4.3543     10.268   150.3146 1.1079e+01     3.8625      2.386      3.461    21.2888 0.0000e+00
      2.439      0.025     5.0762     56.613     40.477  37.435937     4.3489     10.261   150.6676 1.0976e+01     3.8175      2.392      3.470    21.2781 0.0000e+00
      2.446      0.025     5.0609     56.343     40.542  37.492358     4.3328     10.254   151.0903 1.0882e+01     3.6331      2.400      3.480    21.2650 0.0000e+00
      2.453      0.025     5.0458     55.897     40.632  37.572730     4.2422     10.249   151.7256 1.0825e+01     3.5115      2.406      3.490    21.2503 0.0000e+00
      2.459      0.026     5.0377     55.202     40.714  37.646246     4.1276     10.243   152.4122 1.0765e+01     3.5089      2.411      3.497    21.2427 0.0000e+00
      2.464      0.026     5.0266     54.263     40.758  37.683219     4.0961     10.237   152.7675 1.0669e+01     3.6364      2.416      3.505    21.2381 0.0000e+00
      2.471      0.026     5.0036     53.147     40.785  37.702491     4.1183     10.230   152.8378 1.0546e+01     3.6859      2.423      3.514    21.2332 0.0000e+00
      2.479      0.027     4.9695     51.917     40.775  37.688878     4.0972     10.224   152.8318 1.0457e+01     3.5610      2.432      3.527    21.2298 0.0000e+00
      2.486      0.029     4.9059     50.557     40.731  37.645532     4.0317     10.218   153.4690 1.0402e+01     3.4583      2.438      3.536    21.2288 0.0000e+00
      2.492      0.030     4.8217     49.067     40.709  37.622582     3.9925     10.211   154.7778 1.0312e+01     3.5034      2.443      3.543    21.2237 0.0000e+00
      2.499      0.030     4.7199     47.585     40.689  37.601757     4.0061     10.206   155.5784 1.0182e+01     3.6283      2.451      3.555    21.2148 0.0000e+00
      2.509      0.031     4.6122     46.239     40.674  37.584103     3.9966     10.200   155.4923 1.0047e+01     3.6358      2.461      3.569    21.2101 0.0000e+00
      2.518      0.031     4.4950     45.111     40.693  37.599489     3.9275     10.193   155.0269 9.9526e+00     3.5263      2.471      3.584    21.2069 0.0000e+00
      2.525      0.031     4.3549     44.290     40.761  37.660870     3.8950     10.186   154.9413 9.8871e+00     3.4994      2.477      3.592    21.2050 0.0000e+00
      2.532      0.030     4.2201     43.826     40.940  37.818615     3.9029     10.180   155.5756 9.7814e+00     3.5835      2.481      3.600    21.2021 0.0000e+00
      2.541      0.029     4.0995     43.713     41.278  38.110723     3.8978     10.172   156.5015 9.6565e+00     3.6558      2.491      3.615    21.1966 0.0000e+00
      2.549      0.029     3.9959     43.887     41.635  38.400596     3.9001     10.166   157.1029 9.5759e+00     3.6221      2.501      3.627    21.1936 0.0000e+00
      2.555      0.030     3.9214     44.184     41.831  38.531270     3.8978     10.161   157.2538 9.5149e+00     3.5168      2.505      3.634    21.1935 0.0000e+00
      2.562      0.031     3.8814     44.374     41.896  38.548381     3.9114     10.155   157.2931 9.4174e+00     3.5107      2.511      3.642    21.1887 0.0000e+00
      2.570      0.032     3.8734     44.129     41.849  38.480502     4.0069     10.147   157.1486 9.3137e+00     3.6166      2.520      3.656    21.1687 0.0000e+00
      2.578      0.035     3.8990     43.069     41.706  38.345104     4.1285     10.140   156.9691 9.2285e+00     3.6706      2.529      3.667    21.1171 0.0000e+00
      2.587      0.039     3.9375     41.069     41.722  38.370819     4.1578     10.133   157.2743 9.1097e+00     3.5823      2.535      3.677    21.0477 0.0000e+00
      2.598      0.040     3.9676     38.387     41.963  38.601050     4.1284     10.126   157.6552 8.9627e+00     3.4364      2.547      3.695    20.9921 0.0000e+00
      2.610      0.040     3.9644     35.492     42.171  38.780880     4.1554     10.119   157.8744 8.8196e+00     3.4440      2.560      3.712    20.9622 0.0000e+00
      2.621      0.039     3.8747     32.861     42.327  38.895186     4.4928     10.112   157.6877 8.6636e+00     3.6405      2.569      3.727    20.9561 0.0000e+00
      2.632      0.036     3.6849     30.848     42.449  38.967721     5.0787     10.104   156.9462 8.5343e+00     3.8310      2.583      3.745    20.9792 0.0000e+00
      2.641      0.033     3.4276     29.455     42.480  38.959786     5.3802     10.095   156.5662 8.4513e+00     3.8343      2.591      3.758    21.0020 0.0000e+00
      2.647      0.029     3.1563     28.331     42.464  38.926114     5.4159     10.087   156.7077 8.3687e+00     3.7145      2.595      3.764    20.9809 0.0000e+00
      2.653      0.026     2.9103     27.186     42.410  38.877864     5.8103     10.080   157.1944 8.2980e+00     3.7822      2.603      3.774    20.9457 0.0000e+00
      2.659      0.024     2.7317     25.928     42.404  38.884079     6.5616     10.073   157.8050 8.2440e+00     4.0378      2.610      3.784    20.8954 0.0000e+00
      2.664      0.024     2.6273     24.542     42.515  39.001280     6.9835     10.065   157.6370 8.1876e+00     4.1753      2.613      3.790    20.8403 0.0000e+00
      2.670      0.025     2.5368     23.151     42.659  39.152677     7.0413     10.056   156.9701 8.1235e+00     4.1126      2.618      3.797    20.8206 0.0000e+00
      2.677      0.025     2.4346     21.971     42.754  39.255055     7.3101     10.047   156.8821 8.0311e+00     3.9631      2.625      3.807    20.8262 0.0000e+00
      2.684      0.025     2.3236     21.122     42.863  39.350699     7.8454     10.040   157.2617 7.9270e+00     3.9384      2.633      3.819    20.8441 0.0000e+00
      2.691      0.026     2.1949     20.556     43.050  39.484100     8.1622     10.033   157.6881 7.8565e+00     4.0527      2.640      3.829    20.8604 0.0000e+00
      2.698      0.026     2.0602     20.074     43.274  39.598723     8.2270     10.025   157.9946 7.8079e+00     4.1156      2.646      3.837    20.8851 0.0000e+00
      2.704      0.025     1.9507     19.487     43.487  39.657626     8.5206     10.018   158.1279 7.7481e+00     4.1182      2.651      3.846    20.9115 0.0000e+00
      2.710      0.023     1.8754     18.666     43.669  39.688405     9.0483     10.012   158.2664 7.6807e+00     4.1184      2.657      3.854    20.9092 0.0000e+00
      2.717      0.022     1.8345     17.498     43.816  39.716832     9.3553     10.006   158.3796 7.6242e+00     4.1868      2.665      3.866    20.8761 0.0000e+00
      2.723      0.022     1.8016     15.948     43.941  39.747344     9.4452     10.000   158.3780 7.5794e+00     4.2954      2.672      3.875    20.7745 0.0000e+00
      2.727      0.021     1.7575     14.088     44.082  39.803364     9.8184      9.993   158.6777 7.5324e+00     4.2712      2.674      3.878    20.5892 0.0000e+00
      2.732      0.021     1.6951     12.138     44.243  39.886378    10.4634      9.986   159.2500 7.4764e+00     4.0988      2.678      3.884    20.4195 0.0000e+00
      2.737      0.020     1.5930     10.364     44.342  39.925955    10.8010      9.980   159.4466 7.3980e+00     3.9190      2.684      3.892    20.3101 0.0000e+00
      2.743      0.019     1.4549      8.892     44.336  39.901043    10.8464      9.973   159.5926 7.3162e+00     3.9074      2.690      3.901    20.2197 0.0000e+00
      2.749      0.018     1.2810      7.734     44.316  39.902455    10.9211      9.964   159.8105 7.2639e+00     4.0608      2.696      3.910    20.1384 0.0000e+00
      2.754      0.017     1.0942      6.880     44.329  39.943058    11.3556      9.956   160.1875 7.2132e+00     4.2033      2.701      3.917    20.0693 0.0000e+00
      2.758      0.015     0.9319      6.326     44.318  39.947776    12.1125      9.949   161.0534 7.1725e+00     4.2289      2.706      3.924    20.0037 0.0000e+00
      2.761      0.015     0.7989      6.060     44.251  39.896057    12.5146      9.943   161.6766 7.1564e+00     4.1661      2.708      3.927    19.9712 0.0000e+00
      2.762      0.016     0.6935      6.033     44.153  39.825444    12.6141      9.935   161.7861 7.1131e+00     4.1954      2.708      3.927    20.0121 0.0000e+00
      2.766      0.016     0.6154      6.184     44.099  39.792113    13.2646      9.928   161.7743 7.0391e+00     4.3783      2.710      3.933    20.0594 0.0000e+00
      2.772      0.018     0.5646      6.420     44.124  39.810383    14.4050      9.922   161.7927 6.9670e+00     4.4644      2.717      3.941    20.0660 0.0000e+00
      2.778      0.021     0.5430      6.665     44.184  39.855952    15.0076      9.916   162.0081 6.9314e+00     4.3482      2.726      3.953    20.0691 0.0000e+00
      2.783      0.024     0.5418      6.962     44.230  39.898827    15.0907      9.909   162.3999 6.9104e+00     4.2710      2.730      3.960    20.0928 0.0000e+00
      2.787      0.026     0.5573      7.351     44.293  39.948005    15.5353      9.902   162.7439 6.8319e+00     4.4194      2.731      3.962    20.1256 0.0000e+00
      2.793      0.027     0.5845      7.782     44.390  40.006315    16.3460      9.894   162.9847 6.7302e+00     4.6739      2.738      3.971    20.1094 0.0000e+00
      2.803      0.028     0.6026      8.206     44.470  40.032645    16.7693      9.887   163.1606 6.6628e+00     4.7516      2.749      3.988    20.0858 0.0000e+00
      2.812      0.030     0.6275      8.566     44.502  40.012444    16.7838      9.880   163.2359 6.5939e+00     4.6762      2.758      4.000    20.1064 0.0000e+00
      2.819      0.030     0.6665      8.789     44.463  39.952380    16.8783      9.874   163.2920 6.5026e+00     4.6845      2.765      4.010    20.1003 0.0000e+00
      2.827      0.030     0.7063      8.835     44.354  39.877557    17.0802      9.866   163.4951 6.4236e+00     4.8524      2.773      4.021    20.0642 0.0000e+00
      2.834      0.029     0.7479      8.722     44.266  39.869350    17.2025      9.858   163.7991 6.3606e+00     5.0314      2.779      4.030    20.0084 0.0000e+00
      2.841      0.029     0.7839      8.504     44.307  39.980169    17.2253      9.851   164.0420 6.3039e+00     5.0050      2.786      4.041    19.9414 0.0000e+00
      2.849      0.029     0.8071      8.299     44.480  40.138703    17.3892      9.845   164.0226 6.2504e+00     4.8740      2.794      4.052    19.9029 0.0000e+00
      2.856      0.030     0.8089      8.233     44.724  40.263053    17.7187      9.839   163.9089 6.1813e+00     4.8480      2.801      4.062    19.9257 0.0000e+00
      2.863      0.032     0.7968      8.351     44.966  40.341189    17.9214      9.832   164.0442 6.0981e+00     4.9307      2.807      4.071    20.0241 0.0000e+00
      2.871      0.034     0.7708      8.613     45.159  40.385153    17.9678      9.827   164.2808 6.0186e+00     5.0201      2.816      4.084    20.1446 0.0000e+00
      2.880      0.035     0.7464      8.886     45.311  40.413651    17.9708      9.820   164.4467 5.9474e+00     4.9722      2.825      4.097    20.1657 0.0000e+00
