Data/DataNotYetUploadedToEDI/Raw_CTD/RawDownloads/090125_fcr50_S7809001.cnv
* Sea-Bird SBE19plus  Data File:
* FileName = C:\R\Reservoirs\Data\DataNotYetUploadedToEDI\Raw_CTD\RawDownloads\090125_fcr50_S7809_0001.hex
* Software version 2.8.0.119
* Temperature SN = 7809
* Conductivity SN = 7809
* System UpLoad Time = Sep 02 2025 15:29:18
* <ApplicationData>
* <Seaterm232>
# nquan = 15
# nvalues = 2327                        
# units = specified
# name 0 = depFM: Depth [fresh water, m]
# name 1 = dz/dtM: Descent Rate [m/s]
# name 2 = sbeox0Mg/L: Oxygen, SBE 43 [mg/l]
# name 3 = sbeox0PS: Oxygen, SBE 43 [% saturation]
# name 4 = specc: Specific Conductance [uS/cm]
# name 5 = c0uS/cm: Conductivity [uS/cm]
# name 6 = flECO-AFL: Fluorescence, WET Labs ECO-AFL/FL [mg/m^3]
# name 7 = ph: pH
# name 8 = orp: Oxidation Reduction Potential [mV]
# name 9 = par/sat/log: PAR/Logarithmic, Satlantic
# name 10 = turbWETntu0: Turbidity, WET Labs ECO [NTU]
# name 11 = prdM: Pressure, Strain Gauge [db]
# name 12 = prdE: Pressure, Strain Gauge [psi]
# name 13 = tv290C: Temperature [ITS-90, deg C]
# name 14 = flag:  0.000e+00
# span 0 =     -0.586,      9.639       
# span 1 =     -0.528,      4.663       
# span 2 =    -0.2827,    10.3612       
# span 3 =     -2.504,    119.977       
# span 4 =      0.564,    467.302       
# span 5 =   0.559451, 348.781699       
# span 6 =    -1.1645,    60.5405       
# span 7 =     -2.090,     10.743       
# span 8 = -1240.7455,   233.9405       
# span 9 = 1.2350e-01, 2.5071e+03       
# span 10 =    -0.1962,   296.0070      
# span 11 =     -0.575,      9.454      
# span 12 =     -0.834,     13.711      
# span 13 =    12.2140,    24.6038      
# span 14 = 0.0000e+00, 0.0000e+00      
# interval = seconds: 0.25
# start_time = Sep 01 2025 12:52:04 [Instrument's time stamp, header]
# bad_flag = -9.990e-29
*END*
[from data line 2217]
      0.311     -0.432     3.7917     66.024     40.023  36.502841     3.7841      8.888   156.4601 1.9831e+02     6.1575      0.295      0.429    19.9223 0.0000e+00
      0.235     -0.421     4.3892     71.135     39.871  36.466553     3.7786      8.943   152.2869 2.1234e+02     6.3500      0.240      0.349    20.1518 0.0000e+00
      0.142     -0.406     4.9458     75.428     39.762  36.455905     3.8207      8.998   149.3100 2.4119e+02     6.9151      0.149      0.217    20.3323 0.0000e+00
      0.031     -0.386     5.4524     78.844     39.665  36.437672     3.8692      9.056   148.6882 2.6804e+02     7.3191      0.026      0.039    20.4676 0.0000e+00
     -0.084     -0.357     5.9421     81.602     39.599  36.436553     3.8737      9.116   148.8977 2.7839e+02     7.3409     -0.079     -0.116    20.5956 0.0000e+00
     -0.199     -0.312     6.4040     83.789     39.556  36.442454     3.8411      9.171   148.9182 2.7319e+02     6.9730     -0.199     -0.290    20.7345 0.0000e+00
     -0.292     -0.248     6.7733     85.292     39.597  36.509087     3.8583      9.219   148.6784 2.6325e+02     6.3213     -0.310     -0.449    20.8459 0.0000e+00
     -0.338     -0.176     7.0559     86.026     39.757  36.671180     3.9486      9.258   148.5793 2.5631e+02     5.9181     -0.341     -0.495    20.9296 0.0000e+00
     -0.349     -0.108     7.2878     86.130     40.118  37.006368     4.0261      9.286   148.7522 2.5941e+02     5.9236     -0.343     -0.499    21.0096 0.0000e+00
     -0.351     -0.051     7.4807     85.958     40.623  37.452601     4.0459      9.306   149.3921 3.3992e+02     5.9433     -0.345     -0.501    21.0672 0.0000e+00
     -0.351     -0.013     7.6127     85.732     40.863  37.624724     4.0877      9.320   150.2083 4.4234e+02     5.8497     -0.343     -0.499    21.1016 0.0000e+00
     -0.350      0.002     7.6722     85.394     40.179  36.929963     4.1994      9.327   149.9304 4.3995e+02     5.8158     -0.344     -0.498    21.1196 0.0000e+00
     -0.349     -0.006     7.6658     84.843     38.152  35.016692     4.2890      9.332   149.5594 4.5663e+02     6.0120     -0.343     -0.498    21.1245 0.0000e+00
     -0.344     -0.036     7.6432     83.964     37.317  34.223741     4.3390      9.339   148.5621 5.1619e+02     7.5729     -0.341     -0.493    21.1096 0.0000e+00
     -0.338     -0.078     7.6405     82.737     39.239  35.970679     4.4962      9.346   145.2712 4.8895e+02    23.4251     -0.327     -0.473    21.0435 0.0000e+00
     -0.345     -0.110     7.6256     81.280     40.786  37.358300     4.7501      9.351   144.0989 6.0725e+02    52.3996     -0.326     -0.474    20.9420 0.0000e+00
     -0.387     -0.107     7.5931     79.605     40.846  37.360407     4.9032      9.354   148.3271 1.0053e+03    68.2635     -0.358     -0.519    20.8672 0.0000e+00
     -0.468     -0.052     7.5207     77.705     40.734  37.201725     4.9402      9.353   154.5786 1.1807e+03    69.5099     -0.462     -0.671    20.8436 0.0000e+00
     -0.541      0.044     7.4028     75.758     40.718  37.152870     4.8644      9.352   157.9942 1.1581e+03    66.1021     -0.556     -0.806    20.8394 0.0000e+00
     -0.551      0.159     7.2787     74.068     40.710  37.150377     4.6857      9.354   158.3074 1.1287e+03    59.4095     -0.572     -0.829    20.8067 0.0000e+00
     -0.467      0.264     7.1431     73.027     40.553  37.044680     4.5696      9.361   157.3328 9.5662e+02    55.5431     -0.499     -0.725    20.7299 0.0000e+00
     -0.303      0.317     6.9755     72.842     40.261  36.826752     4.5338      9.373   154.9866 8.0131e+02    54.2985     -0.289     -0.419    20.6497 0.0000e+00
     -0.138      0.272     6.7995     73.187     40.037  36.672918     4.1948      9.393   154.2027 5.1693e+02    44.3613     -0.111     -0.162    20.5972 0.0000e+00
     -0.024      0.131     6.6335     73.595     39.674  36.390376     3.5341      9.417   156.6303 2.4685e+02    25.9507     -0.010     -0.015    20.6051 0.0000e+00
      0.027     -0.054     6.5181     73.963     38.867  35.694865     3.1541      9.435   155.3435 2.5245e+02    15.9862      0.062      0.089    20.6691 0.0000e+00
     -0.027     -0.218     6.5097     74.273     38.054  34.989322     3.1119      9.445   148.7965 6.4825e+02    17.4100      0.032      0.048    20.7303 0.0000e+00
     -0.211     -0.311     6.5534     74.305     37.299  34.331577     3.3485      9.455   145.5280 1.0699e+03    44.7027     -0.188     -0.272    20.7929 0.0000e+00
     -0.426     -0.305     6.5796     73.938     36.593  33.706021     3.8264      9.470   147.4879 9.8041e+02    95.0106     -0.472     -0.684    20.8602 0.0000e+00
     -0.546     -0.195     6.6018     73.271     35.074  32.311001     4.0960      9.495   149.9506 9.9976e+02   122.4084     -0.568     -0.824    20.9146 0.0000e+00
     -0.570     -0.009     6.6345     72.448     30.884  28.438796     4.1034      9.529   151.6432 1.3587e+03   124.5884     -0.567     -0.823    20.9690 0.0000e+00
     -0.534      0.195     6.6360     71.687     28.279  26.022151     4.0484      9.562   152.7243 1.5025e+03   122.0178     -0.560     -0.812    21.0230 0.0000e+00
     -0.415      0.336     6.5898     71.058     31.707  29.158987     3.7879      9.593   152.3538 1.1414e+03    92.5225     -0.434     -0.631    21.0617 0.0000e+00
     -0.230      0.353     6.5303     70.430     33.429  30.719699     3.3345      9.624   150.3458 5.4665e+02    38.5741     -0.218     -0.317    21.0668 0.0000e+00
     -0.055      0.245     6.4496     69.800     32.061  29.414129     3.0777      9.657   149.3540 2.2444e+02     9.1440     -0.030     -0.046    21.0345 0.0000e+00
      0.059      0.071     6.3832     69.362     32.666  29.925599     3.0212      9.690   149.1384 1.7215e+02     6.7505      0.085      0.123    20.9986 0.0000e+00
      0.071     -0.091     6.3386     69.305     33.511  30.689094     2.8767      9.721   147.3949 2.0606e+02    10.8640      0.131      0.191    20.9816 0.0000e+00
     -0.066     -0.182     6.2847     69.599     36.258  33.192196     2.6708      9.755   146.7713 2.6944e+02    18.9473     -0.014     -0.020    20.9560 0.0000e+00
     -0.301     -0.194     6.2328     70.056     38.351  35.070944     2.5963      9.791   146.2446 2.9520e+02    23.3914     -0.332     -0.480    20.8664 0.0000e+00
     -0.461     -0.164     6.1951     70.531     33.816  30.886774     2.5910      9.826   144.3826 2.8453e+02    23.6396     -0.533     -0.772    20.7788 0.0000e+00
     -0.436     -0.124     6.1916     70.935     26.045  23.764974     2.5238      9.858   142.4981 2.8563e+02    22.0513     -0.480     -0.695    20.7867 0.0000e+00
     -0.290     -0.086     6.2245     71.126     26.160  23.864090     2.4671      9.885   139.3766 2.9893e+02    19.2858     -0.264     -0.382    20.7918 0.0000e+00
     -0.186     -0.069     6.2801     71.028     33.987  31.005785     2.4628      9.907   135.2059 3.3294e+02    17.8708     -0.116     -0.168    20.7161 0.0000e+00
     -0.231     -0.098     6.3305     70.747     38.647  35.212372     2.4549      9.926   132.1649 3.6036e+02    18.1622     -0.181     -0.261    20.6525 0.0000e+00
     -0.383     -0.161     6.3812     70.521     39.583  35.974039     2.2711      9.940   131.0859 3.4053e+02    23.1165     -0.393     -0.571    20.5927 0.0000e+00
     -0.514     -0.209     6.4036     70.554     39.460  35.773402     1.9212      9.950   131.8827 3.2076e+02    32.3415     -0.540     -0.784    20.5786 0.0000e+00
     -0.567     -0.200     6.3823     70.821     32.298  29.233149     1.7367      9.958   134.2279 3.0298e+02    37.5035     -0.566     -0.822    20.6408 0.0000e+00
     -0.577     -0.137     6.3574     71.225     18.112  16.374883     1.7477      9.963   136.0387 3.0657e+02    37.9461     -0.567     -0.824    20.5801 0.0000e+00
     -0.577     -0.064     6.3448     71.779      9.291   8.388681     1.8125      9.966   137.6021 3.5740e+02    37.4538     -0.563     -0.817    20.4312 0.0000e+00
     -0.577     -0.019     6.3672     72.536      7.949   7.169689     2.5115      9.969   140.6543 4.0905e+02    33.1569     -0.565     -0.820    20.3123 0.0000e+00
     -0.577     -0.003     6.4073     73.440      7.789   7.022201     3.8241      9.970   143.9474 7.2684e+02    25.4799     -0.566     -0.822    20.2217 0.0000e+00
     -0.577     -0.000     6.4502     74.320      7.469   6.732133     4.5494      9.970   146.3584 9.8711e+02    21.3886     -0.565     -0.820    20.1634 0.0000e+00
     -0.577 -1.971e-08     6.5035     75.105      7.017   6.323575     4.5397      9.970   148.2968 6.1420e+02    20.7527     -0.566     -0.822    20.1198 0.0000e+00
     -0.577 -2.168e-07     6.5758     75.795      6.321   5.693734     3.5228      9.971   150.1763 2.2944e+02    17.5515     -0.567     -0.821    20.0920 0.0000e+00
     -0.577 -2.168e-07     6.6697     76.371      5.563   5.008856     1.6514      9.971   152.0476 1.6695e+02    11.9917     -0.565     -0.820    20.0771 0.0000e+00
     -0.577 -1.971e-08     6.7517     76.862      4.936   4.441558     0.6479      9.971   153.8007 1.5351e+02     9.0394     -0.565     -0.820    20.0659 0.0000e+00
     -0.577 -1.795e-09     6.8231     77.267      4.552   4.092796     0.5371      9.970   155.6276 1.7461e+02     8.6359     -0.565     -0.821    20.0524 0.0000e+00
     -0.577 -1.909e-10     6.8914     77.566      4.688   4.212946     0.3864      9.969   157.7030 2.0011e+02     7.6605     -0.566     -0.822    20.0363 0.0000e+00
     -0.577 -3.227e-10     6.9431     77.809      4.940   4.437219     0.1661      9.969   159.8794 2.3133e+02     6.0595     -0.566     -0.821    20.0148 0.0000e+00
     -0.577 -3.388e-09     6.9923     78.030      4.898   4.397136     0.0376      9.969   162.0664 2.5065e+02     5.1275     -0.567     -0.822    19.9860 0.0000e+00
     -0.577 -3.726e-08     7.0359     78.242      5.002   4.488517     0.0137      9.968   164.2714 2.0281e+02     4.9310     -0.566     -0.821    19.9570 0.0000e+00
     -0.577 -4.098e-07     7.0631     78.459      5.191   4.655169     0.1777      9.966   166.4924 1.6489e+02     5.2891     -0.566     -0.820    19.9288 0.0000e+00
     -0.577     -0.000     7.0887     78.674      5.033   4.511566     0.4969      9.965   168.5295 2.2169e+02     6.0760     -0.566     -0.821    19.9008 0.0000e+00
     -0.577     -0.000     7.1122     78.889      4.910   4.399367     0.6604      9.965   170.1445 7.1644e+02     6.4870     -0.566     -0.821    19.8776 0.0000e+00
     -0.577     -0.001     7.1330     79.098      4.956   4.438917     0.6319      9.965   171.5653 1.5966e+03     6.7392     -0.565     -0.820    19.8571 0.0000e+00
     -0.577     -0.001     7.1569     79.288      4.866   4.356238     0.3347      9.964   173.1471 2.0589e+03     9.9454     -0.566     -0.822    19.8385 0.0000e+00
     -0.577     -0.001     7.1781     79.468      4.861   4.349971    -0.1606      9.961   173.7825 1.6795e+03    15.9774     -0.567     -0.821    19.8199 0.0000e+00
     -0.578     -0.001     7.2017     79.651      5.020   4.489850    -0.4214      9.959   174.5164 8.4580e+02    19.2449     -0.566     -0.822    19.7978 0.0000e+00
     -0.578     -0.001     7.2242     79.818      5.063   4.527075    -0.4725      9.958   177.6315 3.5505e+02    19.4257     -0.568     -0.824    19.7761 0.0000e+00
     -0.578     -0.000     7.2441     79.965      5.016   4.483299    -0.5120      9.957   180.7306 2.7952e+02    19.2907     -0.567     -0.822    19.7575 0.0000e+00
     -0.578 -1.879e-08     7.2620     80.136      5.000   4.467360    -0.6654      9.956   181.6158 3.0843e+02    18.2621     -0.566     -0.821    19.7398 0.0000e+00
     -0.578 -2.067e-07     7.2823     80.316      4.853   4.334361    -0.9714      9.953   171.9013 7.6004e+02    16.3486     -0.568     -0.824    19.7209 0.0000e+00
     -0.578 -2.406e-07     7.3022     80.476      4.711   4.205574    -1.1645      9.947   151.8076 1.5913e+03    15.2152     -0.567     -0.823    19.7024 0.0000e+00
     -0.578 -4.280e-07     7.3138     80.634      4.752   4.240557    -1.1438      9.943   139.1364 2.0893e+03    14.8059     -0.566     -0.821    19.6840 0.0000e+00
     -0.578     -0.000     7.3343     80.789      4.622   4.123836    -0.8297      9.942   135.0191 2.1624e+03    11.0928     -0.567     -0.822    19.6651 0.0000e+00
     -0.578     -0.000     7.3552     80.930      4.340   3.871275    -0.2973      9.939   131.5376 2.1842e+03     4.1043     -0.567     -0.823    19.6477 0.0000e+00
     -0.579     -0.001     7.3700     81.055      4.173   3.720862    -0.0088      9.933   127.1554 2.2907e+03     0.2671     -0.568     -0.823    19.6321 0.0000e+00
     -0.579     -0.001     7.3873     81.141      4.149   3.698891     0.0038      9.925   124.8814 2.3728e+03     0.0181     -0.568     -0.824    19.6173 0.0000e+00
     -0.579     -0.001     7.4041     81.186      4.258   3.795661     0.0052      9.910   135.2754 1.9028e+03     0.1371     -0.568     -0.823    19.6042 0.0000e+00
     -0.580     -0.000     7.4178     81.259      4.279   3.813975     0.0171      9.891   153.7123 1.2265e+03     0.1343     -0.569     -0.824    19.5939 0.0000e+00
     -0.580 -1.861e-08     7.4316     81.367      4.186   3.730262     0.0055      9.882   163.7623 1.4692e+03     0.0189     -0.569     -0.825    19.5849 0.0000e+00
     -0.579 -2.048e-07     7.4426     81.462      4.261   3.797079     0.0068      9.881   166.2755 2.1747e+03     0.0400     -0.568     -0.824    19.5766 0.0000e+00
     -0.579 -2.048e-07     7.4428     81.564      4.406   3.925022     0.0248      9.878   168.1813 2.4547e+03     0.1158     -0.568     -0.823    19.5690 0.0000e+00
     -0.579 -1.861e-08     7.4508     81.695      4.431   3.946877     0.0141      9.875   169.6828 2.4672e+03     0.0477     -0.568     -0.824    19.5614 0.0000e+00
     -0.579 -1.692e-09     7.4656     81.823      4.418   3.934622     0.0023      9.870   170.6639 2.4315e+03     0.0362     -0.569     -0.825    19.5540 0.0000e+00
     -0.579 -1.538e-10     7.4731     81.936      4.384   3.903543     0.0246      9.866   171.6120 2.4059e+03     0.1477     -0.568     -0.824    19.5461 0.0000e+00
     -0.579 -1.399e-11     7.4826     82.056      4.368   3.887850     0.0253      9.863   172.8871 2.4079e+03     0.1314     -0.568     -0.824    19.5382 0.0000e+00
     -0.579 -1.272e-12     7.4979     82.166      4.421   3.934929    -0.0057      9.860   174.2080 2.4094e+03     0.0446     -0.568     -0.824    19.5302 0.0000e+00
     -0.579 -1.156e-13     7.5118     82.253      4.386   3.902629    -0.0171      9.855   174.9343 2.4133e+03     0.0198     -0.568     -0.824    19.5217 0.0000e+00
     -0.580 -1.051e-14     7.5207     82.335      4.216   3.750714     0.0036      9.851   174.9575 2.4325e+03     0.0365     -0.569     -0.825    19.5128 0.0000e+00
     -0.580 -9.550e-16     7.5355     82.420      4.068   3.618511     0.0371      9.848   175.1768 2.4575e+03     0.1099     -0.569     -0.825    19.5036 0.0000e+00
     -0.579 -8.685e-17     7.5474     82.505      4.088   3.634506     0.0380      9.845   176.1235 2.4837e+03     0.0871     -0.568     -0.824    19.4941 0.0000e+00
     -0.579 -7.895e-18     7.5551     82.585      4.223   3.754055     0.0146      9.840   177.5423 2.5053e+03     0.0008     -0.568     -0.824    19.4844 0.0000e+00
     -0.580 -7.175e-19     7.5649     82.666      4.201   3.733639     0.0113      9.836   179.0809 2.5071e+03     0.0571     -0.569     -0.825    19.4744 0.0000e+00
     -0.580 -6.525e-20     7.5735     82.741      4.027   3.577703     0.0229      9.833   180.5306 2.4950e+03     0.0842     -0.569     -0.825    19.4639 0.0000e+00
     -0.580 -5.930e-21     7.5845     82.811      3.887   3.452373     0.0223      9.831   181.7342 2.4849e+03    -0.0124     -0.568     -0.824    19.4536 0.0000e+00
     -0.580 -5.390e-22     7.5917     82.883      3.782   3.358555     0.0208      9.828   182.3623 2.4784e+03    -0.0186     -0.569     -0.825    19.4433 0.0000e+00
