Data/DataNotYetUploadedToEDI/Raw_CTD/RawDownloads/090125_bvr50_S8188001.cnv
* Sea-Bird SBE19plus  Data File:
* FileName = C:\R\Reservoirs\Data\DataNotYetUploadedToEDI\Raw_CTD\RawDownloads\090125_bvr50_S8188_0001.hex
* Software version 2.8.0.119
* Temperature SN = 8188
* Conductivity SN = 8188
* System UpLoad Time = Sep 02 2025 15:38:54
* <ApplicationData>
* <Seaterm232>
# nquan = 16
# nvalues = 2844                        
# units = specified
# name 0 = depFM: Depth [fresh water, m]
# name 1 = dz/dtM: Descent Rate [m/s]
# name 2 = sbeox0Mg/L: Oxygen, SBE 43 [mg/l]
# name 3 = sbeox0PS: Oxygen, SBE 43 [% saturation]
# name 4 = specc: Specific Conductance [uS/cm]
# name 5 = c0uS/cm: Conductivity [uS/cm]
# name 6 = wetCDOM: Fluorescence, WET Labs CDOM [mg/m^3]
# name 7 = flECO-AFL: Fluorescence, WET Labs ECO-AFL/FL [mg/m^3]
# name 8 = flECO-AFL1: Fluorescence, WET Labs ECO-AFL/FL, 2 [mg/m^3]
# name 9 = flECO-AFL2: Fluorescence, WET Labs ECO-AFL/FL, 3 [mg/m^3]
# name 10 = par/sat/log: PAR/Logarithmic, Satlantic
# name 11 = turbWETntu0: Turbidity, WET Labs ECO [NTU]
# name 12 = prdM: Pressure, Strain Gauge [db]
# name 13 = prdE: Pressure, Strain Gauge [psi]
# name 14 = tv290C: Temperature [ITS-90, deg C]
# name 15 = flag:  0.000e+00
# span 0 =     -0.669,      5.624       
# span 1 =     -0.183,      0.184       
# span 2 =    -0.7495,     9.6948       
# span 3 =     -8.218,    109.947       
# span 4 =      1.294,    441.525       
# span 5 =   1.144038, 326.069362       
# span 6 =    -4.5000,    63.0000       
# span 7 =    -0.2846,    14.7265       
# span 8 =    -2.1300,     0.7242       
# span 9 =    -2.0304,    72.3330       
# span 10 = 1.1585e-01, 2.2680e+03      
# span 11 =    -1.1404,   183.5357      
# span 12 =     -0.656,      5.515      
# span 13 =     -0.952,      7.999      
# span 14 =    11.9150,    21.6393      
# span 15 = 0.0000e+00, 0.0000e+00      
# interval = seconds: 0.25
# start_time = Sep 01 2025 10:26:15 [Instrument's time stamp, header]
# bad_flag = -9.990e-29
*END*
[from data line 181]
      0.288      0.001     5.0512     56.264     34.488  32.000006    21.5100    11.2436     0.2130     4.3569 2.4269e+01     8.0896      0.282      0.409    21.3969 0.0000e+00
      0.288      0.001     5.0318     56.061     34.484  31.994959    21.5100    11.2474     0.2130     4.3569 2.4133e+01     7.9537      0.282      0.410    21.3946 0.0000e+00
      0.288      0.001     5.0133     55.860     34.483  31.992597    21.4200    11.2398     0.1704     4.4415 2.4312e+01     8.1803      0.283      0.410    21.3922 0.0000e+00
      0.289      0.001     4.9954     55.662     34.485  31.992293    21.4200    11.5946     0.1704     4.4415 2.4117e+01     8.3465      0.283      0.410    21.3899 0.0000e+00
      0.289      0.001     4.9775     55.464     34.480  31.985996    21.4200    11.5602     0.1704     4.4415 2.4154e+01     8.2860      0.283      0.411    21.3876 0.0000e+00
      0.289      0.001     4.9597     55.268     34.466  31.972028    21.4200    11.5946     0.1704     4.4415 2.3908e+01     8.2558      0.283      0.411    21.3854 0.0000e+00
      0.289      0.001     4.9421     55.076     34.449  31.954632    21.3300    11.6175     0.1704     4.3146 2.3707e+01     8.2558      0.284      0.411    21.3832 0.0000e+00
      0.290      0.001     4.9248     54.889     34.436  31.941117    21.3300    11.7395     0.1704     4.3146 2.3820e+01     8.3313      0.284      0.412    21.3810 0.0000e+00
      0.290      0.001     4.9075     54.705     34.431  31.935848    21.3300    11.7205     0.1704     4.3146 2.3147e+01     8.2709      0.284      0.412    21.3789 0.0000e+00
      0.290      0.001     4.8903     54.524     34.430  31.933436    21.3300    11.7090     0.1704     4.3146 2.3359e+01     8.3767      0.285      0.413    21.3769 0.0000e+00
      0.291      0.001     4.8735     54.348     34.427  31.929254    21.4200    11.7243     0.1704     4.1031 2.2916e+01     8.2860      0.285      0.413    21.3749 0.0000e+00
      0.291      0.001     4.8572     54.175     34.421  31.922186    21.4200    11.5412     0.1704     4.1031 2.2986e+01     8.4975      0.285      0.414    21.3730 0.0000e+00
      0.291      0.001     4.8410     54.005     34.413  31.914331    21.4200    11.5374     0.1704     4.1031 2.2610e+01     8.5731      0.285      0.414    21.3711 0.0000e+00
      0.291      0.001     4.8252     53.837     34.412  31.911563    21.4200    11.5335     0.1704     4.1031 2.2837e+01     8.5731      0.286      0.414    21.3693 0.0000e+00
      0.292      0.001     4.8098     53.673     34.415  31.913141    21.4200    11.5183     0.2130     4.1031 2.2283e+01     8.5882      0.286      0.415    21.3675 0.0000e+00
      0.292      0.001     4.7946     53.516     34.418  31.915504    21.4200    11.6594     0.2130     4.1031 2.2521e+01     8.6184      0.286      0.415    21.3658 0.0000e+00
      0.292      0.001     4.7797     53.370     34.423  31.919282    21.4200    11.6671     0.2130     4.1031 2.2085e+01     8.5277      0.286      0.415    21.3642 0.0000e+00
      0.292      0.000     4.7650     53.227     34.427  31.921499    21.4200    11.6327     0.2130     4.1031 2.2531e+01     8.5579      0.286      0.415    21.3625 0.0000e+00
      0.292      0.000     4.7507     53.086     34.433  31.926729    21.4200    11.6594     0.2130     4.1031 2.1568e+01     8.6184      0.286      0.415    21.3608 0.0000e+00
      0.292      0.000     4.7370     52.951     34.444  31.936367    21.4200    12.0943     0.2130     4.2300 2.2341e+01     8.2860      0.287      0.416    21.3593 0.0000e+00
      0.292      0.000     4.7241     52.824     34.445  31.937049    21.4200    12.1096     0.2130     4.2300 2.1451e+01     8.3616      0.287      0.416    21.3578 0.0000e+00
      0.292      0.000     4.7116     52.708     34.437  31.928957    21.4200    12.0791     0.2130     4.2300 2.1866e+01     8.4371      0.286      0.415    21.3564 0.0000e+00
      0.292      0.000     4.6993     52.602     34.425  31.917901    21.4200    12.0752     0.2130     4.2300 2.0995e+01     8.2256      0.286      0.415    21.3552 0.0000e+00
      0.292      0.001     4.6873     52.502     34.416  31.908898    21.4200    11.2245     0.2130     4.1877 2.1164e+01     8.2256      0.286      0.415    21.3543 0.0000e+00
      0.292      0.001     4.6762     52.403     34.415  31.907515    21.4200    11.2093     0.2130     4.1877 2.0809e+01     8.4069      0.286      0.415    21.3537 0.0000e+00
      0.293      0.002     4.6660     52.303     34.418  31.909400    21.4200    11.2474     0.2130     4.1877 2.0840e+01     8.3162      0.287      0.416    21.3533 0.0000e+00
      0.293      0.003     4.6566     52.200     34.425  31.915055    21.4200    11.2245     0.2130     4.1877 2.1082e+01     8.3011      0.288      0.417    21.3529 0.0000e+00
      0.294      0.003     4.6477     52.095     34.433  31.922005    21.5100    11.6137     0.1704     4.4415 2.1114e+01     8.4220      0.289      0.418    21.3525 0.0000e+00
      0.295      0.003     4.6391     51.989     34.436  31.924135    21.5100    11.5984     0.1704     4.4415 2.1132e+01     8.3011      0.290      0.420    21.3519 0.0000e+00
      0.296      0.003     4.6303     51.879     34.435  31.922014    21.5100    11.6022     0.1704     4.4415 2.0927e+01     8.2407      0.290      0.421    21.3511 0.0000e+00
      0.297      0.003     4.6213     51.766     34.428  31.915077    21.5100    11.6137     0.1704     4.4415 2.1009e+01     8.3767      0.291      0.422    21.3501 0.0000e+00
      0.297      0.003     4.6121     51.654     34.423  31.909440    21.6900    11.3428     0.2130     4.3992 2.0629e+01     8.2558      0.292      0.423    21.3489 0.0000e+00
      0.298      0.003     4.6028     51.547     34.422  31.907584    21.6900    11.3466     0.2130     4.3992 2.0557e+01     8.3465      0.292      0.424    21.3475 0.0000e+00
      0.298      0.004     4.5932     51.443     34.420  31.905030    21.6900    11.3504     0.2130     4.3992 2.0437e+01     8.3313      0.293      0.425    21.3462 0.0000e+00
      0.299      0.004     4.5833     51.342     34.417  31.901098    21.6900    11.3657     0.2130     4.3992 2.0530e+01     8.4824      0.294      0.426    21.3450 0.0000e+00
      0.300      0.005     4.5735     51.244     34.407  31.890755    21.6900    11.9875     0.2130     4.3992 2.0415e+01     8.5579      0.295      0.427    21.3438 0.0000e+00
      0.302      0.006     4.5641     51.152     34.391  31.875226    21.5100    11.9684     0.2130     4.2300 2.0800e+01     8.4371      0.296      0.430    21.3426 0.0000e+00
      0.304      0.006     4.5551     51.067     34.382  31.866304    21.5100    11.9608     0.2130     4.2300 2.0611e+01     8.5126      0.298      0.433    21.3414 0.0000e+00
      0.306      0.006     4.5462     50.990     34.382  31.865593    21.5100    11.9875     0.2130     4.2300 2.0773e+01     8.5277      0.300      0.435    21.3401 0.0000e+00
      0.308      0.005     4.5377     50.918     34.386  31.868920    21.5100    11.8731     0.2130     4.2300 2.0499e+01     8.3011      0.302      0.438    21.3388 0.0000e+00
      0.309      0.004     4.5296     50.842     34.391  31.873189    21.6000    11.8998     0.2130     4.4838 2.0691e+01     8.3918      0.303      0.439    21.3376 0.0000e+00
      0.310      0.004     4.5222     50.758     34.391  31.871571    21.6000    11.9379     0.2130     4.4838 2.0168e+01     8.3465      0.304      0.440    21.3366 0.0000e+00
      0.310      0.003     4.5154     50.665     34.383  31.863635    21.6000    11.8959     0.2130     4.4838 2.0849e+01     8.3011      0.304      0.442    21.3357 0.0000e+00
      0.311      0.002     4.5091     50.572     34.375  31.855232    21.6000    11.0605     0.2130     4.4838 2.0669e+01     8.1048      0.305      0.443    21.3346 0.0000e+00
      0.311      0.002     4.5026     50.485     34.377  31.856071    21.5100    11.0529     0.1704     4.4415 2.0963e+01     8.0745      0.305      0.444    21.3333 0.0000e+00
      0.312      0.002     4.4952     50.403     34.389  31.866375    21.5100    11.0529     0.1704     4.4415 2.0904e+01     8.1048      0.306      0.444    21.3319 0.0000e+00
      0.312      0.002     4.4872     50.325     34.393  31.868976    21.5100    11.0376     0.1704     4.4415 2.0548e+01     8.0141      0.306      0.445    21.3305 0.0000e+00
      0.313      0.002     4.4790     50.253     34.385  31.860583    21.5100    11.5030     0.1704     4.4415 2.0890e+01     7.9839      0.307      0.445    21.3291 0.0000e+00
      0.313      0.002     4.4714     50.190     34.375  31.850909    21.4200    11.5679     0.2556     4.3569 2.0278e+01     7.9990      0.307      0.446    21.3278 0.0000e+00
      0.314      0.001     4.4643     50.135     34.361  31.837373    21.4200    11.5335     0.2556     4.3569 2.0691e+01     8.0443      0.308      0.447    21.3266 0.0000e+00
      0.314      0.001     4.4575     50.081     34.344  31.820349    21.4200    11.5107     0.2556     4.3569 2.0120e+01     8.0594      0.308      0.447    21.3254 0.0000e+00
      0.315      0.001     4.4512     50.025     34.330  31.807248    21.4200    11.6175     0.2556     4.3569 2.0063e+01     8.2860      0.309      0.448    21.3242 0.0000e+00
      0.315      0.001     4.4457     49.964     34.321  31.798560    21.4200    11.6060     0.2556     4.3569 1.9589e+01     8.2860      0.309      0.448    21.3232 0.0000e+00
      0.315      0.001     4.4408     49.900     34.319  31.795952    21.6000    11.6175     0.2130     4.3569 1.9898e+01     8.2558      0.309      0.448    21.3224 0.0000e+00
      0.315      0.001     4.4362     49.836     34.323  31.798727    21.6000    11.5984     0.2130     4.3569 1.9585e+01     8.2860      0.309      0.448    21.3215 0.0000e+00
      0.315      0.001     4.4313     49.769     34.330  31.803643    21.6000    11.6861     0.2130     4.3569 1.9700e+01     8.3313      0.309      0.448    21.3205 0.0000e+00
      0.315      0.001     4.4260     49.699     34.340  31.812011    21.6000    11.6861     0.2130     4.3569 1.9538e+01     8.2709      0.309      0.448    21.3194 0.0000e+00
      0.316      0.001     4.4204     49.627     34.347  31.818094    21.7800    11.6556     0.2130     4.2723 1.9683e+01     8.2558      0.310      0.449    21.3182 0.0000e+00
      0.316      0.000     4.4148     49.552     34.345  31.815549    21.7800    11.6327     0.2130     4.2723 1.9538e+01     8.2105      0.310      0.449    21.3169 0.0000e+00
      0.316      0.000     4.4090     49.483     34.337  31.807680    21.7800    12.0180     0.2130     4.2723 1.9747e+01     8.2860      0.310      0.449    21.3155 0.0000e+00
      0.316      0.000     4.4030     49.422     34.330  31.800356    21.7800    12.0295     0.2130     4.2723 1.9495e+01     8.2709      0.310      0.449    21.3142 0.0000e+00
      0.316      0.000     4.3966     49.371     34.330  31.799589    21.6900    12.0485     0.2130     4.3569 1.9837e+01     8.3918      0.310      0.449    21.3131 0.0000e+00
      0.316      0.000     4.3901     49.330     34.332  31.801192    21.6900    12.0180     0.2130     4.3569 1.9517e+01     8.3162      0.309      0.449    21.3121 0.0000e+00
      0.316      0.001     4.3840     49.298     34.330  31.799618    21.6900    11.9150     0.2130     4.3569 1.9691e+01     8.0896      0.309      0.449    21.3113 0.0000e+00
      0.316      0.001     4.3787     49.274     34.327  31.796439    21.6900    11.9074     0.2130     4.3569 1.9260e+01     8.0443      0.310      0.449    21.3106 0.0000e+00
      0.316      0.001     4.3743     49.256     34.320  31.788814    21.6900    11.8769     0.2130     4.3569 1.9424e+01     7.9537      0.310      0.449    21.3100 0.0000e+00
      0.316      0.001     4.3706     49.240     34.312  31.780687    21.7800    11.8959     0.2130     4.4838 1.9081e+01     7.9839      0.310      0.450    21.3095 0.0000e+00
      0.316      0.001     4.3679     49.218     34.309  31.777855    21.7800    12.3079     0.2130     4.4838 1.9018e+01     8.0594      0.310      0.450    21.3089 0.0000e+00
      0.317      0.001     4.3658     49.187     34.312  31.779565    21.7800    12.3003     0.2130     4.4838 1.8850e+01     8.0896      0.311      0.451    21.3083 0.0000e+00
      0.317      0.002     4.3642     49.150     34.319  31.786271    21.7800    12.3232     0.2130     4.4838 1.8801e+01     8.1501      0.311      0.451    21.3076 0.0000e+00
      0.318      0.002     4.3629     49.106     34.326  31.791796    21.7800    12.3346     0.2130     4.3992 1.9056e+01     8.1501      0.311      0.452    21.3069 0.0000e+00
      0.318      0.002     4.3610     49.056     34.324  31.789646    21.7800    11.8464     0.2130     4.3992 1.8911e+01     8.6033      0.312      0.452    21.3061 0.0000e+00
      0.318      0.002     4.3584     49.004     34.322  31.787215    21.7800    11.8311     0.2130     4.3992 1.9047e+01     8.5579      0.312      0.453    21.3053 0.0000e+00
      0.319      0.002     4.3551     48.949     34.327  31.791820    21.7800    11.8464     0.2130     4.3992 1.8990e+01     8.5882      0.313      0.453    21.3045 0.0000e+00
      0.319      0.002     4.3513     48.896     34.337  31.800707    21.6000    11.8502     0.2130     4.1877 1.8899e+01     8.5428      0.313      0.454    21.3036 0.0000e+00
      0.320      0.002     4.3470     48.851     34.346  31.808279    21.6000    12.2850     0.2130     4.1877 1.9085e+01     8.1199      0.313      0.454    21.3028 0.0000e+00
      0.320      0.001     4.3424     48.815     34.351  31.812570    21.6000    12.2774     0.2130     4.1877 1.8784e+01     8.0594      0.314      0.455    21.3021 0.0000e+00
      0.320      0.001     4.3376     48.789     34.353  31.814727    21.6000    12.2660     0.2130     4.1877 1.8505e+01     8.1652      0.314      0.455    21.3015 0.0000e+00
      0.321      0.001     4.3330     48.774     34.350  31.811340    21.6000    12.2660     0.1704     4.4415 1.8618e+01     8.1199      0.314      0.456    21.3010 0.0000e+00
      0.321      0.001     4.3290     48.766     34.340  31.801506    21.6000    11.8959     0.1704     4.4415 1.8533e+01     8.1501      0.315      0.456    21.3006 0.0000e+00
      0.321      0.001     4.3258     48.758     34.333  31.794553    21.6000    11.9036     0.1704     4.4415 1.8577e+01     8.1199      0.315      0.456    21.3002 0.0000e+00
      0.321      0.001     4.3235     48.746     34.327  31.788628    21.6000    11.9036     0.1704     4.4415 1.8505e+01     8.0896      0.315      0.457    21.2999 0.0000e+00
      0.322      0.001     4.3222     48.729     34.314  31.776173    21.6000    11.8769     0.1704     4.4415 1.8393e+01     8.0594      0.315      0.457    21.2994 0.0000e+00
      0.322      0.001     4.3216     48.705     34.303  31.765820    21.4200    11.8235     0.1704     4.4415 1.8377e+01     8.5882      0.315      0.458    21.2989 0.0000e+00
      0.322      0.001     4.3209     48.674     34.300  31.762773    21.4200    11.8349     0.1704     4.4415 1.8501e+01     8.5277      0.316      0.458    21.2983 0.0000e+00
      0.323      0.001     4.3199     48.639     34.300  31.762236    21.4200    11.8387     0.1704     4.4415 1.8449e+01     8.6033      0.316      0.458    21.2976 0.0000e+00
      0.323      0.001     4.3184     48.602     34.302  31.764067    21.4200    11.8311     0.1704     4.4415 1.8598e+01     8.5428      0.316      0.459    21.2969 0.0000e+00
      0.323      0.001     4.3164     48.568     34.305  31.766762    21.6000    12.1973     0.2130     4.1031 1.8493e+01     8.3767      0.316      0.459    21.2963 0.0000e+00
      0.323      0.001     4.3137     48.543     34.306  31.767057    21.6000    12.1973     0.2130     4.1031 1.8505e+01     8.3465      0.317      0.459    21.2958 0.0000e+00
      0.323      0.002     4.3106     48.519     34.304  31.765029    21.6000    12.2126     0.2130     4.1031 1.8297e+01     8.4371      0.317      0.460    21.2954 0.0000e+00
