Data/DataNotYetUploadedToEDI/Raw_CTD/RawDownloads/090125_bvr50_S8188001.cnv
* Sea-Bird SBE19plus  Data File:
* FileName = C:\R\Reservoirs\Data\DataNotYetUploadedToEDI\Raw_CTD\RawDownloads\090125_bvr50_S8188_0001.hex
* Software version 2.8.0.119
* Temperature SN = 8188
* Conductivity SN = 8188
* System UpLoad Time = Sep 02 2025 15:38:54
* <ApplicationData>
* <Seaterm232>
# nquan = 16
# nvalues = 2844                        
# units = specified
# name 0 = depFM: Depth [fresh water, m]
# name 1 = dz/dtM: Descent Rate [m/s]
# name 2 = sbeox0Mg/L: Oxygen, SBE 43 [mg/l]
# name 3 = sbeox0PS: Oxygen, SBE 43 [% saturation]
# name 4 = specc: Specific Conductance [uS/cm]
# name 5 = c0uS/cm: Conductivity [uS/cm]
# name 6 = wetCDOM: Fluorescence, WET Labs CDOM [mg/m^3]
# name 7 = flECO-AFL: Fluorescence, WET Labs ECO-AFL/FL [mg/m^3]
# name 8 = flECO-AFL1: Fluorescence, WET Labs ECO-AFL/FL, 2 [mg/m^3]
# name 9 = flECO-AFL2: Fluorescence, WET Labs ECO-AFL/FL, 3 [mg/m^3]
# name 10 = par/sat/log: PAR/Logarithmic, Satlantic
# name 11 = turbWETntu0: Turbidity, WET Labs ECO [NTU]
# name 12 = prdM: Pressure, Strain Gauge [db]
# name 13 = prdE: Pressure, Strain Gauge [psi]
# name 14 = tv290C: Temperature [ITS-90, deg C]
# name 15 = flag:  0.000e+00
# span 0 =     -0.669,      5.624       
# span 1 =     -0.183,      0.184       
# span 2 =    -0.7495,     9.6948       
# span 3 =     -8.218,    109.947       
# span 4 =      1.294,    441.525       
# span 5 =   1.144038, 326.069362       
# span 6 =    -4.5000,    63.0000       
# span 7 =    -0.2846,    14.7265       
# span 8 =    -2.1300,     0.7242       
# span 9 =    -2.0304,    72.3330       
# span 10 = 1.1585e-01, 2.2680e+03      
# span 11 =    -1.1404,   183.5357      
# span 12 =     -0.656,      5.515      
# span 13 =     -0.952,      7.999      
# span 14 =    11.9150,    21.6393      
# span 15 = 0.0000e+00, 0.0000e+00      
# interval = seconds: 0.25
# start_time = Sep 01 2025 10:26:15 [Instrument's time stamp, header]
# bad_flag = -9.990e-29
*END*
[from data line 2712]
      2.936     -0.138     0.0438      0.420    405.359 300.444542    49.2300     1.8135     0.2130     1.3959 2.6146e-01     9.7514      2.879      4.176    12.0523 0.0000e+00
      2.901     -0.136     0.0439      0.428    404.840 300.068185    49.2300     1.8021     0.2130     1.3959 2.7083e-01     9.7362      2.844      4.126    12.0533 0.0000e+00
      2.867     -0.132     0.0438      0.431    404.415 299.760891    49.2300     1.8135     0.2130     1.3959 2.5612e-01     9.6456      2.812      4.078    12.0543 0.0000e+00
      2.835     -0.128     0.0442      0.434    404.107 299.539590    48.6900     1.8097     0.2130     1.0998 2.5628e-01     9.7665      2.780      4.032    12.0552 0.0000e+00
      2.803     -0.123     0.0452      0.434    403.894 299.389660    48.6900     1.7411     0.2130     1.0998 3.3365e-01    13.6035      2.749      3.986    12.0562 0.0000e+00
      2.770     -0.117     0.0460      0.429    403.732 299.277175    48.6900     1.7296     0.2130     1.0998 3.5166e-01    13.5129      2.717      3.940    12.0571 0.0000e+00
      2.740     -0.110     0.0463      0.423    403.580 299.172137    48.6900     1.7449     0.2130     1.0998 4.0519e-01    13.5280      2.686      3.897    12.0581 0.0000e+00
      2.712     -0.104     0.0466      0.417    403.433 299.070750    48.7800     1.7640     0.1704     0.9729 4.0846e-01    13.4977      2.659      3.858    12.0590 0.0000e+00
      2.688     -0.098     0.0466      0.414    403.310 298.986334    48.7800     1.5084     0.1704     0.9729 3.9416e-01    27.2295      2.636      3.823    12.0600 0.0000e+00
      2.666     -0.095     0.0461      0.412    403.195 298.908485    48.7800     1.5236     0.1704     0.9729 4.2632e-01    27.1086      2.614      3.791    12.0609 0.0000e+00
      2.644     -0.094     0.0454      0.411    403.105 298.848727    48.7800     1.5007     0.1704     0.9729 3.8527e-01    27.1842      2.593      3.761    12.0619 0.0000e+00
      2.622     -0.094     0.0448      0.414    403.077 298.835517    48.7800     1.5160     0.1704     0.9729 4.0299e-01    27.1842      2.571      3.729    12.0628 0.0000e+00
      2.597     -0.094     0.0444      0.420    403.080 298.845154    49.1400     1.5046     0.2130     1.0575 4.5683e-01    22.9997      2.547      3.693    12.0637 0.0000e+00
      2.570     -0.094     0.0443      0.425    403.069 298.843889    49.1400     1.5160     0.2130     1.0575 5.5550e-01    22.9242      2.521      3.656    12.0646 0.0000e+00
      2.544     -0.093     0.0442      0.424    403.026 298.819278    49.1400     1.4931     0.2130     1.0575 6.2277e-01    22.8335      2.495      3.619    12.0655 0.0000e+00
      2.521     -0.091     0.0445      0.419    402.932 298.756688    49.1400     1.4817     0.2130     1.0575 5.9862e-01    22.8033      2.472      3.585    12.0664 0.0000e+00
      2.499     -0.089     0.0452      0.410    402.791 298.659607    48.8700     1.6381     0.2130     1.0575 5.8283e-01    13.3316      2.451      3.555    12.0673 0.0000e+00
      2.479     -0.088     0.0456      0.403    402.634 298.550572    48.8700     1.6228     0.2130     1.0575 5.9693e-01    13.1805      2.431      3.526    12.0682 0.0000e+00
      2.458     -0.088     0.0456      0.403    402.490 298.450951    48.8700     1.6343     0.2130     1.0575 5.7291e-01    13.2863      2.410      3.496    12.0690 0.0000e+00
      2.435     -0.089     0.0451      0.405    402.382 298.378568    48.8700     1.6381     0.2130     1.0575 6.1430e-01    13.2258      2.388      3.464    12.0699 0.0000e+00
      2.411     -0.090     0.0441      0.412    402.285 298.314121    49.3200     1.6495     0.1704     1.3113 7.4959e-01    13.2560      2.364      3.429    12.0708 0.0000e+00
      2.386     -0.090     0.0434      0.419    402.157 298.226301    49.3200     1.5999     0.1704     1.3113 8.8246e-01    16.2320      2.340      3.393    12.0718 0.0000e+00
      2.362     -0.091     0.0433      0.425    401.960 298.087655    49.3200     1.6228     0.1704     1.3113 8.7998e-01    16.0809      2.317      3.360    12.0727 0.0000e+00
      2.340     -0.093     0.0436      0.429    401.655 297.869280    49.3200     1.6381     0.1704     1.3113 8.4954e-01    16.1263      2.295      3.329    12.0736 0.0000e+00
      2.319     -0.097     0.0443      0.431    401.271 297.591633    48.8700     1.6266     0.1704     1.0575 7.8493e-01    16.1414      2.275      3.299    12.0745 0.0000e+00
      2.297     -0.103     0.0450      0.431    400.865 297.297700    48.8700     1.4778     0.1704     1.0575 7.8391e-01    14.7214      2.253      3.267    12.0755 0.0000e+00
      2.271     -0.112     0.0456      0.429    400.468 297.009982    48.8700     1.4893     0.1704     1.0575 8.5844e-01    14.6912      2.227      3.230    12.0764 0.0000e+00
      2.241     -0.121     0.0460      0.426    400.086 296.734473    48.8700     1.4893     0.1704     1.0575 1.0014e+00    14.7667      2.198      3.187    12.0773 0.0000e+00
      2.206     -0.130     0.0463      0.422    399.699 296.454198    48.8700     1.4893     0.1704     1.0575 1.1561e+00    14.7063      2.164      3.138    12.0783 0.0000e+00
      2.170     -0.137     0.0463      0.421    399.272 296.144856    48.9600     1.5770     0.2130     1.0152 1.3226e+00    12.9539      2.128      3.086    12.0792 0.0000e+00
      2.133     -0.143     0.0461      0.418    398.809 295.808691    48.9600     1.5274     0.2130     1.0152 1.3335e+00    13.0748      2.092      3.034    12.0800 0.0000e+00
      2.097     -0.148     0.0458      0.410    398.352 295.477107    48.9600     1.5313     0.2130     1.0152 1.3275e+00    12.9992      2.056      2.983    12.0809 0.0000e+00
      2.060     -0.150     0.0454      0.399    397.945 295.182729    48.9600     1.5808     0.2130     1.0152 1.3828e+00    13.0597      2.020      2.930    12.0818 0.0000e+00
      2.021     -0.151     0.0452      0.387    397.591 294.927753    48.8700     1.5656     0.1704     0.9729 1.6662e+00     9.7665      1.982      2.874    12.0827 0.0000e+00
      1.980     -0.150     0.0449      0.381    397.245 294.678481    48.8700     1.5732     0.1704     0.9729 2.0447e+00     9.7060      1.942      2.816    12.0836 0.0000e+00
      1.940     -0.148     0.0440      0.385    396.877 294.412824    48.8700     1.5694     0.1704     0.9729 2.1777e+00     9.7665      1.902      2.759    12.0845 0.0000e+00
      1.902     -0.145     0.0428      0.398    396.539 294.168874    48.8700     1.5885     0.1704     0.9729 2.1669e+00     9.7060      1.865      2.705    12.0854 0.0000e+00
      1.867     -0.140     0.0416      0.412    396.285 293.988498    47.7900     1.9051     0.1704     1.0998 2.2212e+00     6.8358      1.830      2.655    12.0863 0.0000e+00
      1.832     -0.135     0.0409      0.421    396.085 293.847801    47.7900     1.9318     0.1704     1.0998 2.3611e+00     6.8962      1.797      2.606    12.0873 0.0000e+00
      1.798     -0.129     0.0414      0.424    395.885 293.707249    47.7900     1.9280     0.1704     1.0998 2.7436e+00     6.8509      1.763      2.557    12.0882 0.0000e+00
      1.765     -0.125     0.0427      0.424    395.654 293.543480    47.7900     1.9280     0.1704     1.0998 2.9798e+00     6.8358      1.731      2.510    12.0892 0.0000e+00
      1.734     -0.122     0.0442      0.421    395.373 293.343084    47.7900     3.4730     0.1704     1.0998 2.9540e+00     5.9143      1.700      2.466    12.0901 0.0000e+00
      1.705     -0.120     0.0452      0.416    395.088 293.139362    41.8500     3.4730     0.2130     1.3959 2.9720e+00     5.9143      1.672      2.424    12.0911 0.0000e+00
      1.676     -0.118     0.0456      0.411    394.851 292.970780    41.8500     3.4539     0.2130     1.3959 2.9675e+00     5.8539      1.644      2.384    12.0921 0.0000e+00
      1.647     -0.117     0.0456      0.406    394.673 292.846848    41.8500     3.4730     0.2130     1.3959 3.1715e+00     5.8841      1.615      2.342    12.0931 0.0000e+00
      1.616     -0.115     0.0452      0.405    394.566 292.774861    41.8500     4.8043     0.2130     1.3959 3.6163e+00     6.3071      1.585      2.298    12.0941 0.0000e+00
      1.585     -0.112     0.0448      0.409    394.513 292.743691    37.1700     4.7891     0.2130     1.8612 4.1532e+00     6.2013      1.554      2.254    12.0950 0.0000e+00
      1.555     -0.109     0.0442      0.412    394.471 292.720821    37.1700     4.8043     0.2130     1.8612 4.4291e+00     6.0805      1.525      2.211    12.0960 0.0000e+00
      1.528     -0.104     0.0436      0.411    394.405 292.679981    37.1700     4.7738     0.2130     1.8612 4.3048e+00     6.1409      1.498      2.173    12.0970 0.0000e+00
      1.503     -0.100     0.0435      0.409    394.311 292.618350    37.1700     6.3188     0.2130     1.8612 4.3367e+00     6.5941      1.474      2.138    12.0980 0.0000e+00
      1.480     -0.098     0.0439      0.411    394.215 292.555800    35.1000     6.3417     0.2130     2.2842 4.2908e+00     6.6243      1.451      2.105    12.0990 0.0000e+00
      1.457     -0.098     0.0443      0.417    394.149 292.515997    35.1000     6.3531     0.2130     2.2842 4.2159e+00     6.7301      1.429      2.072    12.1001 0.0000e+00
      1.433     -0.099     0.0441      0.422    394.121 292.504463    35.1000     6.3226     0.2130     2.2842 4.3528e+00     6.5941      1.405      2.038    12.1011 0.0000e+00
      1.407     -0.101     0.0439      0.422    394.117 292.510055    35.1000     6.3073     0.2130     2.2842 4.9096e+00     7.8479      1.380      2.001    12.1022 0.0000e+00
      1.379     -0.102     0.0442      0.417    394.115 292.518127    35.1000     6.2768     0.2130     2.2842 5.8114e+00     7.7875      1.352      1.961    12.1033 0.0000e+00
      1.351     -0.103     0.0447      0.412    394.103 292.518730    33.7500     6.2768     0.2130     2.6649 5.8889e+00     7.8630      1.325      1.921    12.1045 0.0000e+00
      1.325     -0.105     0.0453      0.406    394.082 292.512024    33.7500     6.2883     0.2130     2.6649 5.7937e+00     7.8328      1.299      1.884    12.1056 0.0000e+00
      1.300     -0.107     0.0453      0.404    394.064 292.508324    33.7500     7.1389     0.2130     2.6649 5.6939e+00     7.1530      1.275      1.849    12.1067 0.0000e+00
      1.274     -0.108     0.0448      0.406    394.064 292.518749    33.7500     7.1389     0.2130     2.6649 5.7824e+00     7.1379      1.250      1.812    12.1079 0.0000e+00
      1.247     -0.110     0.0442      0.411    394.093 292.550112    31.0500     7.1504     0.2130     2.7072 6.2339e+00     7.1077      1.223      1.773    12.1091 0.0000e+00
      1.216     -0.110     0.0436      0.416    394.133 292.590606    31.0500     7.1504     0.2130     2.7072 6.8758e+00     7.0171      1.193      1.730    12.1103 0.0000e+00
      1.185     -0.109     0.0433      0.418    394.167 292.626824    31.0500     8.4741     0.2130     2.7072 7.5854e+00     7.5609      1.163      1.686    12.1115 0.0000e+00
      1.156     -0.107     0.0436      0.414    394.202 292.664390    31.0500     8.4627     0.2130     2.7072 7.6367e+00     7.5307      1.134      1.644    12.1127 0.0000e+00
      1.129     -0.103     0.0441      0.405    394.226 292.693152    30.6900     8.4779     0.2130     3.0456 7.5821e+00     7.6213      1.107      1.606    12.1140 0.0000e+00
      1.105     -0.099     0.0446      0.396    394.214 292.696572    30.6900     8.5084     0.2130     3.0456 7.5018e+00     7.6516      1.084      1.572    12.1154 0.0000e+00
      1.082     -0.095     0.0449      0.388    394.197 292.695737    30.6900     9.1531     0.2130     3.0456 7.4726e+00     7.5458      1.061      1.540    12.1167 0.0000e+00
      1.059     -0.092     0.0445      0.381    394.211 292.718664    30.6900     9.1608     0.2130     3.0456 7.6616e+00     7.5609      1.039      1.507    12.1182 0.0000e+00
      1.036     -0.089     0.0435      0.377    394.231 292.747261    30.6900     9.1226     0.2130     3.0456 8.2905e+00     7.5307      1.016      1.474    12.1196 0.0000e+00
      1.012     -0.085     0.0425      0.376    394.253 292.777052    28.0800     9.1150     0.2130     3.7224 8.9437e+00     7.5911      0.992      1.439    12.1211 0.0000e+00
      0.989     -0.081     0.0417      0.377    394.319 292.840188    28.0800     9.4469     0.2130     3.7224 9.5109e+00     8.0594      0.970      1.407    12.1226 0.0000e+00
      0.969     -0.076     0.0409      0.378    394.401 292.915178    28.0800     9.4469     0.2130     3.7224 9.4430e+00     8.0745      0.950      1.378    12.1242 0.0000e+00
      0.951     -0.072     0.0404      0.376    394.446 292.963524    28.0800     9.4469     0.2130     3.7224 9.2621e+00     8.0896      0.933      1.353    12.1259 0.0000e+00
      0.935     -0.070     0.0404      0.372    394.450 292.981979    25.5600     9.4354     0.2130     4.1031 9.0610e+00     7.9990      0.917      1.330    12.1277 0.0000e+00
      0.920     -0.072     0.0405      0.366    394.400 292.961346    25.5600     8.9967     0.2130     4.1031 8.9456e+00     9.7967      0.902      1.308    12.1295 0.0000e+00
      0.903     -0.078     0.0406      0.363    394.282 292.890073    25.5600     9.0158     0.2130     4.1031 8.8201e+00     9.6305      0.885      1.284    12.1313 0.0000e+00
      0.884     -0.087     0.0404      0.363    394.100 292.771341    25.5600     9.0005     0.2130     4.1031 8.6927e+00     9.7211      0.867      1.258    12.1332 0.0000e+00
      0.862     -0.099     0.0399      0.367    393.886 292.629971    23.6700     9.0234     0.2130     4.1877 8.6625e+00     9.7514      0.845      1.226    12.1352 0.0000e+00
      0.836     -0.112     0.0393      0.375    393.663 292.482730    23.6700     8.5008     0.2130     4.1877 8.8393e+00     9.0414      0.819      1.188    12.1372 0.0000e+00
      0.804     -0.123     0.0389      0.383    393.433 292.330697    23.6700     8.4741     0.2130     4.1877 9.6693e+00     8.9809      0.788      1.143    12.1393 0.0000e+00
      0.768     -0.131     0.0390      0.385    393.201 292.177708    23.6700     8.4817     0.2130     4.1877 1.0531e+01     8.9507      0.753      1.092    12.1414 0.0000e+00
      0.730     -0.137     0.0394      0.379    392.923 291.991034    23.6700     8.4589     0.2130     4.1877 1.1312e+01     8.9507      0.716      1.039    12.1437 0.0000e+00
      0.693     -0.139     0.0402      0.369    392.556 291.739051    27.3600     8.4589     0.1704     3.8070 1.1470e+01     8.9658      0.680      0.986    12.1460 0.0000e+00
      0.658     -0.139     0.0410      0.358    392.157 291.463486    27.3600     9.7025     0.1704     3.8070 1.1740e+01     7.9084      0.646      0.936    12.1484 0.0000e+00
      0.624     -0.138     0.0413      0.343    391.805 291.223982    27.3600     9.6872     0.1704     3.8070 1.2259e+01     7.7724      0.612      0.888    12.1508 0.0000e+00
      0.590     -0.135     0.0406      0.329    391.491 291.013148    27.3600     9.6910     0.1704     3.8070 1.3311e+01     7.9084      0.578      0.839    12.1534 0.0000e+00
      0.554     -0.132     0.0395      0.324    391.126 290.764679    24.3900     9.7177     0.2130     4.1877 1.4695e+01     7.7573      0.544      0.788    12.1560 0.0000e+00
      0.520     -0.129     0.0383      0.326    390.669 290.448621    24.3900     9.3668     0.2130     4.1877 1.5165e+01     7.9990      0.509      0.739    12.1587 0.0000e+00
      0.487     -0.126     0.0368      0.333    390.189 290.115831    24.3900     9.3553     0.2130     4.1877 1.5165e+01     8.1652      0.477      0.692    12.1615 0.0000e+00
      0.456     -0.123     0.0353      0.342    389.766 289.826817    24.3900     9.4011     0.2130     4.1877 1.4609e+01     8.1199      0.447      0.649    12.1644 0.0000e+00
      0.426     -0.118     0.0347      0.348    389.428 289.601321    23.5800     9.3629     0.1704     4.3146 1.4791e+01     8.0896      0.418      0.606    12.1673 0.0000e+00
