Data/DataNotYetUploadedToEDI/Raw_CTD/RawDownloads/090125_fcr50_S7809001.cnv
* Sea-Bird SBE19plus  Data File:
* FileName = C:\R\Reservoirs\Data\DataNotYetUploadedToEDI\Raw_CTD\RawDownloads\090125_fcr50_S7809_0001.hex
* Software version 2.8.0.119
* Temperature SN = 7809
* Conductivity SN = 7809
* System UpLoad Time = Sep 02 2025 15:29:18
* <ApplicationData>
* <Seaterm232>
# nquan = 15
# nvalues = 2327                        
# units = specified
# name 0 = depFM: Depth [fresh water, m]
# name 1 = dz/dtM: Descent Rate [m/s]
# name 2 = sbeox0Mg/L: Oxygen, SBE 43 [mg/l]
# name 3 = sbeox0PS: Oxygen, SBE 43 [% saturation]
# name 4 = specc: Specific Conductance [uS/cm]
# name 5 = c0uS/cm: Conductivity [uS/cm]
# name 6 = flECO-AFL: Fluorescence, WET Labs ECO-AFL/FL [mg/m^3]
# name 7 = ph: pH
# name 8 = orp: Oxidation Reduction Potential [mV]
# name 9 = par/sat/log: PAR/Logarithmic, Satlantic
# name 10 = turbWETntu0: Turbidity, WET Labs ECO [NTU]
# name 11 = prdM: Pressure, Strain Gauge [db]
# name 12 = prdE: Pressure, Strain Gauge [psi]
# name 13 = tv290C: Temperature [ITS-90, deg C]
# name 14 = flag:  0.000e+00
# span 0 =     -0.586,      9.639       
# span 1 =     -0.528,      4.663       
# span 2 =    -0.2827,    10.3612       
# span 3 =     -2.504,    119.977       
# span 4 =      0.564,    467.302       
# span 5 =   0.559451, 348.781699       
# span 6 =    -1.1645,    60.5405       
# span 7 =     -2.090,     10.743       
# span 8 = -1240.7455,   233.9405       
# span 9 = 1.2350e-01, 2.5071e+03       
# span 10 =    -0.1962,   296.0070      
# span 11 =     -0.575,      9.454      
# span 12 =     -0.834,     13.711      
# span 13 =    12.2140,    24.6038      
# span 14 = 0.0000e+00, 0.0000e+00      
# interval = seconds: 0.25
# start_time = Sep 01 2025 12:52:04 [Instrument's time stamp, header]
# bad_flag = -9.990e-29
*END*
[from data line 1928]
      7.978      0.044     4.6189     43.133     58.009  43.211144     0.5752      8.159   231.2118 1.2367e-01    22.9731      7.824     11.348    12.2411 0.0000e+00
      7.989      0.044     4.6203     43.141     58.011  43.211239     0.5910      8.159   231.6024 1.2367e-01    22.9625      7.835     11.362    12.2414 0.0000e+00
      8.000      0.044     4.6213     43.143     58.046  43.236410     0.6156      8.159   231.7683 1.2372e-01    23.0895      7.844     11.377    12.2419 0.0000e+00
      8.011      0.044     4.6207     43.130     58.081  43.261581     0.6060      8.159   231.4108 1.2370e-01    23.0395      7.855     11.394    12.2429 0.0000e+00
      8.021      0.045     4.6225     43.108     58.082  43.261676     0.5667      8.160   230.8076 1.2368e-01    22.7679      7.865     11.408    12.2427 0.0000e+00
      8.032      0.046     4.6233     43.099     58.050  43.237564     0.5320      8.160   230.7560 1.2373e-01    22.5040      7.875     11.422    12.2415 0.0000e+00
      8.045      0.047     4.6240     43.109     58.032  43.223934     0.5024      8.159   231.1314 1.2375e-01    22.4788      7.890     11.443    12.2404 0.0000e+00
      8.058      0.047     4.6232     43.125     58.032  43.223829     0.5088      8.158   231.5608 1.2375e-01    22.6685      7.903     11.463    12.2394 0.0000e+00
      8.070      0.046     4.6188     43.137     58.049  43.236296     0.5510      8.157   231.2156 1.2371e-01    22.7815      7.913     11.478    12.2390 0.0000e+00
      8.081      0.045     4.6183     43.159     58.065  43.247722     0.5720      8.156   230.1405 1.2359e-01    22.7184      7.924     11.494    12.2387 0.0000e+00
      8.093      0.045     4.6193     43.174     58.049  43.235036     0.5542      8.156   229.7467 1.2350e-01    22.5890      7.936     11.511    12.2385 0.0000e+00
      8.103      0.045     4.6232     43.174     58.014  43.209856     0.5522      8.157   230.2399 1.2351e-01    22.5480      7.947     11.527    12.2384 0.0000e+00
      8.113      0.046     4.6216     43.179     57.996  43.197172     0.5970      8.157   230.8561 1.2356e-01    22.6329      7.956     11.539    12.2380 0.0000e+00
      8.124      0.048     4.6259     43.186     58.010  43.208617     0.6302      8.157   230.6584 1.2361e-01    22.6940      7.966     11.554    12.2376 0.0000e+00
      8.138      0.051     4.6289     43.185     58.026  43.221293     0.6299      8.157   229.8283 1.2371e-01    22.6379      7.980     11.575    12.2374 0.0000e+00
      8.152      0.053     4.6256     43.177     58.029  43.223486     0.6007      8.157   229.5086 1.2384e-01    22.5349      7.995     11.595    12.2379 0.0000e+00
      8.166      0.054     4.6282     43.177     58.044  43.235141     0.5602      8.157   229.7191 1.2380e-01    22.5752      8.008     11.615    12.2387 0.0000e+00
      8.180      0.054     4.6283     43.170     58.044  43.235254     0.5557      8.157   230.0503 1.2363e-01    22.7161      8.022     11.635    12.2394 0.0000e+00
      8.194      0.053     4.6289     43.154     58.030  43.224858     0.5633      8.156   230.2436 1.2356e-01    22.7355      8.037     11.656    12.2399 0.0000e+00
      8.208      0.052     4.6261     43.155     58.046  43.236391     0.5524      8.155   230.0773 1.2364e-01    22.6384      8.050     11.675    12.2402 0.0000e+00
      8.221      0.052     4.6275     43.162     58.061  43.247742     0.5405      8.155   229.7602 1.2370e-01    22.5679      8.061     11.692    12.2405 0.0000e+00
      8.234      0.053     4.6277     43.170     58.045  43.235152     0.5530      8.156   229.6793 1.2365e-01    22.6688      8.075     11.712    12.2406 0.0000e+00
      8.247      0.055     4.6227     43.193     58.013  43.211116     0.5867      8.156   229.7872 1.2360e-01    22.8674      8.088     11.731    12.2405 0.0000e+00
      8.259      0.059     4.6250     43.199     58.013  43.211022     0.6151      8.156   230.0322 1.2363e-01    22.9540      8.099     11.747    12.2405 0.0000e+00
      8.273      0.061     4.6263     43.190     58.044  43.234009     0.6218      8.156   230.3192 1.2365e-01    22.8279      8.112     11.765    12.2401 0.0000e+00
      8.291      0.061     4.6244     43.207     58.045  43.235152     0.6011      8.157   230.2452 1.2364e-01    22.5718      8.128     11.789    12.2399 0.0000e+00
      8.311      0.059     4.6301     43.238     58.031  43.224850     0.5726      8.157   230.0837 1.2364e-01    22.4882      8.151     11.822    12.2399 0.0000e+00
      8.330      0.057     4.6311     43.253     58.046  43.236390     0.5855      8.156   230.0885 1.2367e-01    22.6359      8.172     11.853    12.2397 0.0000e+00
      8.342      0.057     4.6263     43.256     58.061  43.247731     0.6318      8.155   230.3022 1.2372e-01    22.8554      8.183     11.869    12.2397 0.0000e+00
      8.351      0.057     4.6301     43.268     58.044  43.235028     0.6415      8.155   230.6882 1.2371e-01    22.9898      8.188     11.876    12.2399 0.0000e+00
      8.361      0.057     4.6344     43.296     58.010  43.209753     0.6111      8.155   230.8843 1.2366e-01    22.9630      8.198     11.890    12.2400 0.0000e+00
      8.376      0.058     4.6362     43.337     57.992  43.196027     0.5810      8.155   230.8665 1.2363e-01    22.9758      8.213     11.912    12.2400 0.0000e+00
      8.396      0.059     4.6346     43.387     57.992  43.196019     0.5850      8.155   230.7311 1.2367e-01    22.9734      8.233     11.941    12.2405 0.0000e+00
      8.416      0.059     4.6365     43.427     58.010  43.209649     0.6176      8.155   230.9686 1.2368e-01    22.7979      8.255     11.973    12.2407 0.0000e+00
      8.431      0.058     4.6394     43.460     58.043  43.233883     0.6265      8.154   231.5867 1.2365e-01    22.5956      8.270     11.994    12.2405 0.0000e+00
      8.442      0.058     4.6435     43.508     58.045  43.235132     0.6000      8.154   231.8374 1.2365e-01    22.4740      8.279     12.008    12.2405 0.0000e+00
      8.452      0.059     4.6505     43.554     58.031  43.224746     0.5893      8.154   231.6767 1.2370e-01    22.6262      8.288     12.022    12.2403 0.0000e+00
      8.465      0.062     4.6547     43.572     58.045  43.235246     0.6129      8.154   231.4502 1.2375e-01    23.0012      8.300     12.037    12.2402 0.0000e+00
      8.482      0.064     4.6562     43.574     58.045  43.235143     0.6279      8.154   231.5948 1.2375e-01    23.2157      8.317     12.062    12.2402 0.0000e+00
      8.504      0.065     4.6623     43.569     58.029  43.223499     0.6299      8.154   232.0477 1.2374e-01    23.1704      8.340     12.095    12.2400 0.0000e+00
      8.526      0.065     4.6699     43.572     58.025  43.221409     0.6116      8.152   232.1084 1.2369e-01    23.0004      8.363     12.130    12.2399 0.0000e+00
      8.543      0.062     4.6691     43.561     58.010  43.209878     0.5887      8.151   231.8119 1.2365e-01    22.8680      8.379     12.154    12.2398 0.0000e+00
      8.555      0.057     4.6709     43.519     58.011  43.211023     0.6032      8.152   231.6474 1.2373e-01    22.7991      8.389     12.168    12.2400 0.0000e+00
      8.566      0.052     4.6681     43.475     58.044  43.235257     0.6211      8.152   231.6676 1.2381e-01    22.7486      8.400     12.183    12.2402 0.0000e+00
      8.578      0.048     4.6698     43.444     58.063  43.248992     0.6218      8.152   231.7978 1.2376e-01    22.6673      8.412     12.201    12.2405 0.0000e+00
      8.589      0.048     4.6709     43.434     58.065  43.250137     0.6025      8.152   231.9310 1.2373e-01    22.5669      8.423     12.217    12.2409 0.0000e+00
      8.602      0.051     4.6626     43.427     58.063  43.249106     0.5798      8.152   231.9013 1.2375e-01    22.6282      8.436     12.236    12.2410 0.0000e+00
      8.614      0.054     4.6591     43.387     58.046  43.236517     0.5968      8.151   231.7836 1.2374e-01    22.8273      8.449     12.254    12.2407 0.0000e+00
      8.627      0.056     4.6546     43.326     58.031  43.224873     0.6256      8.151   231.7978 1.2374e-01    22.9587      8.459     12.269    12.2404 0.0000e+00
      8.642      0.058     4.6541     43.284     58.045  43.235268     0.6202      8.151   231.9016 1.2377e-01    23.0567      8.474     12.291    12.2401 0.0000e+00
      8.660      0.059     4.6561     43.264     58.045  43.235258     0.5901      8.150   231.9195 1.2376e-01    23.2265      8.493     12.319    12.2400 0.0000e+00
      8.676      0.059     4.6509     43.240     58.031  43.224758     0.5688      8.150   231.8418 1.2370e-01    23.4398      8.509     12.342    12.2401 0.0000e+00
      8.691      0.059     4.6418     43.218     58.045  43.235259     0.5796      8.151   231.7373 1.2372e-01    23.6202      8.524     12.362    12.2399 0.0000e+00
      8.705      0.056     4.6375     43.223     58.045  43.235269     0.6205      8.151   231.7743 1.2381e-01    23.6660      8.536     12.381    12.2398 0.0000e+00
      8.719      0.053     4.6371     43.249     58.031  43.224882     0.6550      8.149   231.9446 1.2380e-01    23.5500      8.550     12.401    12.2399 0.0000e+00
      8.734      0.051     4.6341     43.264     58.047  43.236622     0.6556      8.149   231.9892 1.2370e-01    23.4121      8.566     12.424    12.2398 0.0000e+00
      8.747      0.051     4.6299     43.258     58.066  43.250252     0.6361      8.149   231.8846 1.2368e-01    23.4681      8.579     12.444    12.2399 0.0000e+00
      8.757      0.052     4.6309     43.227     58.083  43.262739     0.6107      8.149   231.9700 1.2370e-01    23.6791      8.586     12.454    12.2398 0.0000e+00
      8.767      0.052     4.6361     43.184     58.080  43.260649     0.5985      8.149   232.3331 1.2367e-01    23.8123      8.596     12.468    12.2397 0.0000e+00
      8.782      0.052     4.6370     43.165     58.032  43.224986     0.6051      8.149   232.5759 1.2367e-01    23.7809      8.612     12.491    12.2398 0.0000e+00
      8.798      0.052     4.6371     43.154     58.014  43.212388     0.5985      8.149   232.4955 1.2371e-01    23.6750      8.629     12.516    12.2397 0.0000e+00
      8.813      0.051     4.6337     43.123     58.044  43.235270     0.5858      8.148   232.3084 1.2372e-01    23.8306      8.644     12.537    12.2397 0.0000e+00
      8.826      0.049     4.6258     43.098     58.059  43.247756     0.5843      8.147   232.5509 1.2375e-01    24.2615      8.656     12.554    12.2397 0.0000e+00
      8.837      0.046     4.6256     43.100     58.041  43.236405     0.5883      8.147   233.1037 1.2378e-01    24.5116      8.666     12.569    12.2397 0.0000e+00
      8.847      0.044     4.6265     43.118     58.025  43.224977     0.6093      8.148   233.4005 1.2373e-01    24.4979      8.676     12.583    12.2398 0.0000e+00
      8.858      0.044     4.6210     43.129     58.040  43.236538     0.6060      8.149   233.3850 1.2368e-01    24.3688      8.686     12.598    12.2401 0.0000e+00
      8.869      0.044     4.6170     43.137     58.059  43.249233     0.5810      8.148   233.1744 1.2370e-01    24.1123      8.699     12.616    12.2412 0.0000e+00
      8.881      0.044     4.6180     43.155     58.064  43.251522     0.5821      8.147   233.0916 1.2373e-01    23.8225      8.709     12.632    12.2434 0.0000e+00
      8.892      0.045     4.6207     43.176     58.082  43.264216     0.5946      8.147   233.3305 1.2370e-01    23.6998      8.720     12.647    12.2445 0.0000e+00
      8.903      0.046     4.6220     43.187     58.098  43.275766     0.6146      8.147   233.6530 1.2370e-01    23.6541      8.731     12.664    12.2438 0.0000e+00
      8.915      0.048     4.6218     43.197     58.083  43.264217     0.6085      8.146   233.8077 1.2366e-01    23.4739      8.742     12.680    12.2425 0.0000e+00
      8.926      0.049     4.6245     43.207     58.066  43.251523     0.5787      8.145   233.7391 1.2361e-01    23.2973      8.752     12.694    12.2414 0.0000e+00
      8.938      0.049     4.6277     43.212     58.063  43.249235     0.5701      8.144   233.5119 1.2361e-01    23.2954      8.764     12.712    12.2407 0.0000e+00
      8.953      0.050     4.6282     43.209     58.045  43.236552     0.5795      8.145   233.4699 1.2364e-01    23.3828      8.781     12.735    12.2402 0.0000e+00
      8.968      0.051     4.6290     43.211     58.028  43.225125     0.6019      8.147   233.6613 1.2370e-01    23.6365      8.796     12.757    12.2399 0.0000e+00
      8.979      0.051     4.6306     43.227     58.045  43.238020     0.6160      8.147   233.7604 1.2372e-01    23.9712      8.806     12.772    12.2401 0.0000e+00
      8.990      0.051     4.6313     43.247     58.082  43.265515     0.6164      8.147   233.8940 1.2367e-01    24.1507      8.815     12.786    12.2405 0.0000e+00
      9.004      0.050     4.6304     43.242     58.132  43.303670     0.6149      8.145   233.7290 1.2364e-01    24.2009      8.830     12.807    12.2414 0.0000e+00
      9.018      0.049     4.6298     43.212     58.151  43.318493     0.6316      8.144   233.1416 1.2366e-01    24.2371      8.845     12.827    12.2423 0.0000e+00
      9.032      0.048     4.6317     43.192     58.151  43.317786     0.6593      8.144   232.9864 1.2369e-01    24.3495      8.858     12.846    12.2426 0.0000e+00
      9.044      0.047     4.6356     43.178     58.292  43.422075     0.6503      8.145   233.4011 1.2370e-01    24.3977      8.869     12.864    12.2424 0.0000e+00
      9.054      0.047     4.6356     43.145     58.569  43.627306     0.6231      8.145   233.9405 1.2371e-01    24.4098      8.879     12.879    12.2427 0.0000e+00
      9.064      0.048     4.6293     43.097     58.760  43.767976     0.6052      8.145   233.6569 1.2375e-01    24.5988      8.889     12.893    12.2437 0.0000e+00
      9.075      0.050     4.6279     43.037     58.791  43.789904     0.6084      8.144   232.5536 1.2377e-01    24.9068      8.900     12.907    12.2433 0.0000e+00
      9.088      0.053     4.6284     42.967     58.761  43.765487     0.6208      8.144   232.0440 1.2374e-01    25.0249      8.913     12.927    12.2424 0.0000e+00
      9.103      0.058     4.6238     42.871     58.711  43.726653     0.5972      8.145   232.3995 1.2368e-01    24.8999      8.927     12.948    12.2415 0.0000e+00
      9.118      0.062     4.6191     42.722     58.677  43.701215     0.5636      8.145   232.9795 1.2360e-01    24.7619      8.942     12.968    12.2401 0.0000e+00
      9.134      0.063     4.6124     42.502     58.692  43.711833     0.5566      8.144   232.9478 1.2357e-01    24.4494      8.957     12.991    12.2386 0.0000e+00
      9.153      0.062     4.6058     42.224     58.714  43.728075     0.5783      8.144   232.2751 1.2358e-01    23.9573      8.975     13.017    12.2373 0.0000e+00
      9.173      0.059     4.5969     41.940     58.771  43.770643     0.6100      8.143   231.8147 1.2361e-01    23.6279      8.996     13.048    12.2360 0.0000e+00
      9.189      0.055     4.5816     41.690     58.872  43.845659     0.6079      8.143   231.8553 1.2369e-01    23.4728      9.014     13.073    12.2353 0.0000e+00
      9.199      0.052     4.5579     41.473     58.911  43.873360     0.6106      8.142   232.1636 1.2374e-01    23.6875      9.022     13.086    12.2352 0.0000e+00
      9.208      0.048     4.5258     41.285     58.884  43.851672     0.6423      8.141   232.3594 1.2369e-01    24.2422      9.028     13.094    12.2354 0.0000e+00
      9.219      0.047     4.4928     41.139     58.868  43.837342     0.6579      8.139   232.2438 1.2362e-01    24.5780      9.040     13.111    12.2355 0.0000e+00
      9.232      0.047     4.4674     41.053     58.856  43.827041     0.6826      8.139   231.8840 1.2358e-01    24.7420      9.053     13.131    12.2351 0.0000e+00
      9.245      0.049     4.4442     41.019     58.894  43.854073     0.7659      8.139   231.6224 1.2359e-01    26.2237      9.066     13.149    12.2340 0.0000e+00
