Data/DataNotYetUploadedToEDI/Raw_CTD/RawDownloads/090125_bvr50_S8188001.cnv
* Sea-Bird SBE19plus  Data File:
* FileName = C:\R\Reservoirs\Data\DataNotYetUploadedToEDI\Raw_CTD\RawDownloads\090125_bvr50_S8188_0001.hex
* Software version 2.8.0.119
* Temperature SN = 8188
* Conductivity SN = 8188
* System UpLoad Time = Sep 02 2025 15:38:54
* <ApplicationData>
* <Seaterm232>
# nquan = 16
# nvalues = 2844                        
# units = specified
# name 0 = depFM: Depth [fresh water, m]
# name 1 = dz/dtM: Descent Rate [m/s]
# name 2 = sbeox0Mg/L: Oxygen, SBE 43 [mg/l]
# name 3 = sbeox0PS: Oxygen, SBE 43 [% saturation]
# name 4 = specc: Specific Conductance [uS/cm]
# name 5 = c0uS/cm: Conductivity [uS/cm]
# name 6 = wetCDOM: Fluorescence, WET Labs CDOM [mg/m^3]
# name 7 = flECO-AFL: Fluorescence, WET Labs ECO-AFL/FL [mg/m^3]
# name 8 = flECO-AFL1: Fluorescence, WET Labs ECO-AFL/FL, 2 [mg/m^3]
# name 9 = flECO-AFL2: Fluorescence, WET Labs ECO-AFL/FL, 3 [mg/m^3]
# name 10 = par/sat/log: PAR/Logarithmic, Satlantic
# name 11 = turbWETntu0: Turbidity, WET Labs ECO [NTU]
# name 12 = prdM: Pressure, Strain Gauge [db]
# name 13 = prdE: Pressure, Strain Gauge [psi]
# name 14 = tv290C: Temperature [ITS-90, deg C]
# name 15 = flag:  0.000e+00
# span 0 =     -0.669,      5.624       
# span 1 =     -0.183,      0.184       
# span 2 =    -0.7495,     9.6948       
# span 3 =     -8.218,    109.947       
# span 4 =      1.294,    441.525       
# span 5 =   1.144038, 326.069362       
# span 6 =    -4.5000,    63.0000       
# span 7 =    -0.2846,    14.7265       
# span 8 =    -2.1300,     0.7242       
# span 9 =    -2.0304,    72.3330       
# span 10 = 1.1585e-01, 2.2680e+03      
# span 11 =    -1.1404,   183.5357      
# span 12 =     -0.656,      5.515      
# span 13 =     -0.952,      7.999      
# span 14 =    11.9150,    21.6393      
# span 15 = 0.0000e+00, 0.0000e+00      
# interval = seconds: 0.25
# start_time = Sep 01 2025 10:26:15 [Instrument's time stamp, header]
# bad_flag = -9.990e-29
*END*
[from data line 2441]
      5.014      0.038     0.0428      0.431    253.020 189.809210    48.5100     1.3787     0.1704     0.8037 1.1617e-01     5.6424      4.917      7.132    12.5693 0.0000e+00
      5.025      0.038     0.0435      0.432    253.280 189.913709    48.5100     1.3710     0.1704     0.8037 1.1607e-01     5.5820      4.927      7.147    12.5596 0.0000e+00
      5.036      0.036     0.0444      0.428    253.025 189.673819    48.6900     1.3787     0.1704     0.7191 1.1602e-01     5.6273      4.938      7.163    12.5460 0.0000e+00
      5.046      0.033     0.0453      0.421    252.772 189.475191    48.6900     1.5084     0.1704     0.7191 1.1605e-01     4.9777      4.949      7.177    12.5275 0.0000e+00
      5.055      0.029     0.0458      0.414    252.823 189.519770    48.6900     1.5084     0.1704     0.7191 1.1623e-01     5.0684      4.957      7.190    12.5062 0.0000e+00
      5.061      0.024     0.0460      0.407    253.154 189.769268    48.6900     1.4931     0.1704     0.7191 1.1617e-01     5.0079      4.963      7.199    12.4882 0.0000e+00
      5.066      0.019     0.0456      0.401    253.567 190.067427    48.6000     1.4893     0.1704     0.7614 1.1597e-01     4.9928      4.968      7.205    12.4784 0.0000e+00
      5.070      0.014     0.0449      0.398    253.948 190.333185    48.6000     1.5847     0.1704     0.7614 1.1600e-01     5.1590      4.971      7.211    12.4765 0.0000e+00
      5.073      0.010     0.0441      0.400    254.196 190.498905    48.6000     1.5541     0.1704     0.7614 1.1605e-01     5.2647      4.974      7.215    12.4779 0.0000e+00
      5.075      0.006     0.0434      0.405    254.216 190.500385    48.6000     1.5580     0.1704     0.7614 1.1605e-01     5.1590      4.976      7.218    12.4781 0.0000e+00
      5.076      0.003     0.0427      0.407    254.124 190.426341    48.2400     1.5694     0.1278     0.8460 1.1615e-01     5.1892      4.977      7.219    12.4758 0.0000e+00
      5.076      0.001     0.0424      0.404    254.052 190.373450    48.2400     1.5503     0.1278     0.8460 1.1623e-01     4.9173      4.977      7.219    12.4719 0.0000e+00
      5.075      0.000     0.0426      0.399    254.029 190.359723    48.2400     1.5732     0.1278     0.8460 1.1600e-01     4.9173      4.976      7.218    12.4680 0.0000e+00
      5.074      0.000     0.0432      0.393    254.067 190.393545    48.2400     1.5389     0.1278     0.8460 1.1595e-01     4.8418      4.975      7.216    12.4653 0.0000e+00
      5.073      0.001     0.0434      0.388    254.256 190.538129    48.2400     1.5961     0.1278     0.8460 1.1605e-01     4.9022      4.975      7.216    12.4642 0.0000e+00
      5.073      0.004     0.0431      0.384    254.707 190.870168    48.1500     1.5656     0.1278     0.6768 1.1600e-01     5.0381      4.975      7.216    12.4644 0.0000e+00
      5.074      0.007     0.0425      0.380    255.303 191.295545    48.1500     1.5656     0.1278     0.6768 1.1612e-01     4.8720      4.976      7.217    12.4652 0.0000e+00
      5.077      0.011     0.0418      0.379    255.883 191.696857    48.1500     1.5503     0.1278     0.6768 1.1595e-01     4.9324      4.978      7.220    12.4661 0.0000e+00
      5.080      0.015     0.0414      0.382    256.499 192.120901    48.1500     1.5923     0.1278     0.6768 1.1610e-01     4.8871      4.982      7.226    12.4668 0.0000e+00
      5.085      0.018     0.0409      0.385    257.255 192.648636    47.9700     1.6304     0.1278     0.8037 1.1612e-01     4.9173      4.986      7.232    12.4657 0.0000e+00
      5.090      0.020     0.0405      0.386    258.243 193.342503    47.9700     1.6114     0.1278     0.8037 1.1612e-01     4.8569      4.992      7.240    12.4614 0.0000e+00
      5.096      0.022     0.0404      0.384    259.452 194.188790    47.9700     1.6304     0.1278     0.8037 1.1617e-01     4.9928      4.997      7.248    12.4550 0.0000e+00
      5.102      0.024     0.0407      0.379    260.649 195.013666    47.9700     1.6571     0.1278     0.8037 1.1602e-01     4.9022      5.003      7.256    12.4478 0.0000e+00
      5.108      0.025     0.0410      0.375    261.637 195.681743    48.4200     1.8517     0.1278     0.9729 1.1617e-01     5.8690      5.009      7.266    12.4403 0.0000e+00
      5.115      0.026     0.0411      0.375    262.487 196.258740    48.4200     1.8670     0.1278     0.9729 1.1623e-01     5.9445      5.016      7.275    12.4316 0.0000e+00
      5.122      0.027     0.0410      0.380    263.355 196.864386    48.4200     1.8593     0.1278     0.9729 1.1612e-01     5.8690      5.023      7.285    12.4203 0.0000e+00
      5.129      0.027     0.0405      0.387    264.388 197.599954    48.4200     1.8364     0.1278     0.9729 1.1605e-01     5.8388      5.030      7.295    12.4067 0.0000e+00
      5.136      0.027     0.0401      0.393    265.775 198.597343    48.4200     2.1683     0.1278     0.9729 1.1623e-01     5.7784      5.037      7.305    12.3930 0.0000e+00
      5.143      0.027     0.0401      0.398    267.441 199.795216    48.4200     2.1798     0.1278     0.8037 1.1615e-01     5.8992      5.043      7.315    12.3819 0.0000e+00
      5.150      0.027     0.0406      0.399    269.038 200.934683    48.4200     2.1798     0.1278     0.8037 1.1615e-01     5.9294      5.050      7.325    12.3735 0.0000e+00
      5.157      0.026     0.0414      0.399    270.538 202.004323    48.4200     2.1836     0.1278     0.8037 1.1612e-01     5.9294      5.057      7.334    12.3666 0.0000e+00
      5.163      0.026     0.0420      0.401    272.112 203.132719    48.4200     2.4468     0.1278     0.8037 1.1600e-01     5.7784      5.063      7.344    12.3594 0.0000e+00
      5.170      0.025     0.0425      0.405    273.749 204.305456    48.4200     2.4544     0.1278     0.8883 1.1628e-01     5.7028      5.070      7.353    12.3506 0.0000e+00
      5.176      0.025     0.0426      0.408    275.482 205.546040    48.4200     2.4392     0.1278     0.8883 1.1620e-01     5.5669      5.076      7.362    12.3407 0.0000e+00
      5.182      0.025     0.0426      0.412    277.417 206.934215    48.4200     2.4544     0.1278     0.8883 1.1602e-01     5.7481      5.082      7.371    12.3314 0.0000e+00
      5.189      0.025     0.0428      0.418    279.635 208.526799    48.4200     2.5994     0.1278     0.8883 1.1617e-01     6.1107      5.088      7.380    12.3228 0.0000e+00
      5.195      0.024     0.0433      0.420    282.292 210.439120    48.1500     2.6223     0.1278     0.8460 1.1615e-01     6.2164      5.094      7.389    12.3139 0.0000e+00
      5.201      0.024     0.0436      0.415    285.723 212.915952    48.1500     2.5956     0.1278     0.8460 1.1600e-01     6.1107      5.100      7.397    12.3045 0.0000e+00
      5.207      0.024     0.0441      0.405    290.257 216.193854    48.1500     2.6108     0.1278     0.8460 1.1600e-01     6.1258      5.106      7.406    12.2945 0.0000e+00
      5.213      0.023     0.0447      0.396    295.680 220.108025    48.1500     2.5956     0.1278     0.8460 1.1602e-01     6.3222      5.112      7.414    12.2838 0.0000e+00
      5.219      0.023     0.0449      0.392    301.271 224.130553    48.1500     2.5956     0.1278     0.8460 1.1615e-01     6.3977      5.118      7.423    12.2720 0.0000e+00
      5.224      0.024     0.0444      0.393    306.463 227.854539    48.1500     2.6261     0.1704     0.8883 1.1615e-01     6.4279      5.123      7.431    12.2582 0.0000e+00
      5.230      0.024     0.0434      0.395    311.035 231.124882    48.1500     2.6299     0.1704     0.8883 1.1600e-01     6.3675      5.129      7.439    12.2412 0.0000e+00
      5.237      0.025     0.0425      0.393    315.049 233.989112    48.1500     2.5574     0.1704     0.8883 1.1605e-01     6.0956      5.135      7.448    12.2204 0.0000e+00
      5.243      0.026     0.0421      0.394    318.694 236.587469    48.1500     2.5498     0.1704     0.8883 1.1625e-01     6.1409      5.141      7.457    12.1973 0.0000e+00
      5.250      0.027     0.0422      0.398    322.072 238.995259    48.7800     2.5727     0.1704     0.8883 1.1602e-01     6.0503      5.148      7.466    12.1745 0.0000e+00
      5.256      0.027     0.0423      0.402    325.176 241.208731    48.7800     2.5612     0.1704     0.8883 1.1612e-01     6.1409      5.154      7.476    12.1534 0.0000e+00
      5.263      0.028     0.0422      0.408    327.909 243.154132    48.7800     3.0457     0.1704     0.8883 1.1605e-01     7.2890      5.161      7.486    12.1343 0.0000e+00
      5.271      0.028     0.0422      0.416    330.171 244.756591    48.7800     3.0572     0.1704     0.8883 1.1605e-01     7.2890      5.168      7.496    12.1169 0.0000e+00
      5.278      0.028     0.0427      0.425    331.924 245.990604    48.9600     3.0419     0.1278     0.7614 1.1617e-01     7.3796      5.176      7.507    12.1012 0.0000e+00
      5.285      0.028     0.0432      0.433    333.248 246.917557    48.9600     3.0457     0.1278     0.7614 1.1605e-01     7.3192      5.183      7.518    12.0871 0.0000e+00
      5.293      0.027     0.0439      0.435    334.469 247.778597    48.9600     2.9694     0.1278     0.7614 1.1605e-01     7.8328      5.190      7.528    12.0744 0.0000e+00
      5.300      0.026     0.0448      0.428    335.953 248.841576    48.9600     2.9885     0.1278     0.7614 1.1623e-01     7.8177      5.197      7.538    12.0629 0.0000e+00
      5.306      0.025     0.0457      0.416    337.736 250.128283    49.4100     2.9580     0.1704     0.9729 1.1612e-01     7.7573      5.204      7.547    12.0529 0.0000e+00
      5.312      0.024     0.0465      0.401    339.549 251.436329    49.4100     2.9923     0.1704     0.9729 1.1605e-01     7.8026      5.209      7.555    12.0446 0.0000e+00
      5.317      0.023     0.0468      0.387    341.006 252.482397    49.4100     2.9809     0.1704     0.9729 1.1617e-01     7.8630      5.215      7.563    12.0381 0.0000e+00
      5.323      0.022     0.0461      0.375    341.943 253.148825    49.4100     3.1067     0.1704     0.9729 1.1617e-01     7.6062      5.220      7.571    12.0326 0.0000e+00
      5.329      0.022     0.0448      0.367    342.608 253.623395    49.4100     3.1106     0.1704     0.9729 1.1623e-01     7.6365      5.226      7.579    12.0275 0.0000e+00
      5.335      0.021     0.0432      0.365    343.382 254.191715    50.4900     3.0991     0.1278     1.0575 1.1617e-01     7.5911      5.232      7.587    12.0224 0.0000e+00
      5.340      0.021     0.0416      0.369    344.769 255.218745    50.4900     3.0800     0.1278     1.0575 1.1623e-01     7.5156      5.237      7.595    12.0175 0.0000e+00
      5.345      0.021     0.0403      0.374    347.296 257.083049    50.4900     3.0495     0.1278     1.0575 1.1617e-01     7.8479      5.242      7.603    12.0135 0.0000e+00
      5.350      0.021     0.0395      0.376    350.932 259.754243    50.4900     3.0610     0.1278     1.0575 1.1602e-01     7.8479      5.247      7.610    12.0110 0.0000e+00
      5.356      0.021     0.0393      0.375    354.906 262.669939    50.9400     3.0266     0.1704     1.1844 1.1612e-01     7.8933      5.252      7.618    12.0102 0.0000e+00
      5.361      0.021     0.0397      0.372    358.460 265.278385    50.9400     3.0495     0.1704     1.1844 1.1615e-01     7.7271      5.258      7.625    12.0104 0.0000e+00
      5.367      0.021     0.0403      0.368    361.451 267.475457    50.9400     3.7667     0.1704     1.1844 1.1615e-01     9.6456      5.263      7.633    12.0094 0.0000e+00
      5.372      0.020     0.0405      0.366    363.901 269.276858    50.9400     3.7858     0.1704     1.1844 1.1600e-01     9.7967      5.268      7.641    12.0066 0.0000e+00
      5.377      0.019     0.0404      0.367    365.545 270.485922    51.9300     3.7820     0.1704     1.2690 1.1617e-01     9.7665      5.273      7.648    12.0030 0.0000e+00
      5.382      0.018     0.0401      0.374    366.197 270.967632    51.9300     3.7553     0.1704     1.2690 1.1615e-01     9.8118      5.278      7.655    11.9998 0.0000e+00
      5.387      0.018     0.0397      0.383    366.247 271.009645    51.9300     3.8430     0.1704     1.2690 1.1612e-01    12.0777      5.283      7.662    11.9975 0.0000e+00
      5.391      0.017     0.0394      0.390    366.315 271.068514    51.9300     3.8392     0.1704     1.2690 1.1612e-01    12.1684      5.287      7.668    11.9959 0.0000e+00
      5.395      0.016     0.0395      0.394    366.760 271.401746    51.9300     3.8277     0.1704     1.2690 1.1617e-01    12.1080      5.291      7.674    11.9949 0.0000e+00
      5.399      0.015     0.0402      0.397    367.732 272.114325    52.1100     3.8392     0.1704     1.2690 1.1605e-01    12.1231      5.295      7.679    11.9947 0.0000e+00
      5.403      0.015     0.0412      0.399    369.236 273.206857    52.1100     4.0910     0.1704     1.2690 1.1605e-01    12.5611      5.299      7.685    11.9954 0.0000e+00
      5.407      0.014     0.0420      0.401    371.132 274.577734    52.1100     4.1024     0.1704     1.2690 1.1612e-01    12.5460      5.302      7.690    11.9965 0.0000e+00
      5.410      0.014     0.0424      0.396    373.296 276.143123    52.1100     4.0643     0.1704     1.2690 1.1605e-01    12.6065      5.306      7.695    11.9971 0.0000e+00
      5.414      0.014     0.0427      0.384    375.885 278.026217    52.2900     4.1024     0.1704     1.3113 1.1615e-01    12.5611      5.309      7.700    11.9963 0.0000e+00
      5.417      0.015     0.0430      0.372    379.141 280.408698    52.2900     4.6670     0.1704     1.3113 1.1607e-01    14.4797      5.313      7.705    11.9935 0.0000e+00
      5.421      0.015     0.0431      0.368    382.901 283.165942    52.2900     4.6746     0.1704     1.3113 1.1605e-01    14.4797      5.317      7.711    11.9892 0.0000e+00
      5.425      0.016     0.0427      0.366    386.714 285.962699    52.2900     4.6899     0.1704     1.3113 1.1600e-01    14.4797      5.320      7.716    11.9845 0.0000e+00
      5.429      0.016     0.0414      0.364    390.104 288.443806    52.8300     4.6708     0.1704     1.4805 1.1602e-01    14.5250      5.324      7.722    11.9803 0.0000e+00
      5.433      0.017     0.0401      0.365    392.591 290.254435    52.8300     6.4561     0.1704     1.4805 1.1605e-01    26.1720      5.328      7.728    11.9768 0.0000e+00
      5.438      0.017     0.0396      0.372    393.963 291.238029    52.8300     6.4904     0.1704     1.4805 1.1610e-01    26.2929      5.333      7.734    11.9737 0.0000e+00
      5.442      0.017     0.0394      0.386    394.468 291.582248    52.8300     6.4599     0.1704     1.4805 1.1605e-01    26.2023      5.337      7.741    11.9707 0.0000e+00
      5.447      0.016     0.0391      0.404    394.602 291.655235    52.8300     6.4599     0.1704     1.4805 1.1607e-01    26.2476      5.342      7.747    11.9674 0.0000e+00
      5.451      0.016     0.0393      0.419    394.774 291.760865    52.7400     8.0163     0.2556     1.3536 1.1623e-01    46.9736      5.346      7.753    11.9637 0.0000e+00
      5.455      0.015     0.0401      0.431    395.134 292.007988    52.7400     8.0163     0.2556     1.3536 1.1620e-01    46.8679      5.349      7.758    11.9598 0.0000e+00
      5.458      0.015     0.0416      0.440    395.630 292.349551    52.7400     7.9858     0.2556     1.3536 1.1595e-01    46.8981      5.353      7.763    11.9560 0.0000e+00
      5.462      0.014     0.0435      0.445    396.147 292.695097    52.7400     8.0087     0.2556     1.3536 1.1585e-01    46.8074      5.356      7.768    11.9527 0.0000e+00
      5.465      0.014     0.0452      0.442    396.537 292.937073    53.1900     9.6376     0.2130     1.3959 1.1605e-01    64.0892      5.360      7.773    11.9501 0.0000e+00
      5.469      0.015     0.0465      0.433    396.731 293.037126    53.1900     9.6109     0.2130     1.3959 1.1617e-01    64.0439      5.363      7.778    11.9477 0.0000e+00
