Data/DataNotYetUploadedToEDI/Raw_CTD/RawDownloads/090224_fcr10_S7809002.cnv
* Sea-Bird SBE19plus  Data File:
* FileName = C:\R\Reservoirs\Data\DataNotYetUploadedToEDI\Raw_CTD\RawDownloads\090224_fcr50_S7809_0002.hex
* Software version 2.8.0.119
* Temperature SN = 7809
* Conductivity SN = 7809
* System UpLoad Time = Sep 02 2024 17:17:08
* <ApplicationData>
* <Seaterm232>
# nquan = 15
# nvalues = 885                         
# units = specified
# name 0 = depFM: Depth [fresh water, m]
# name 1 = dz/dtM: Descent Rate [m/s]
# name 2 = sbeox0Mg/L: Oxygen, SBE 43 [mg/l]
# name 3 = sbeox0PS: Oxygen, SBE 43 [% saturation]
# name 4 = specc: Specific Conductance [uS/cm]
# name 5 = c0uS/cm: Conductivity [uS/cm]
# name 6 = flECO-AFL: Fluorescence, WET Labs ECO-AFL/FL [mg/m^3]
# name 7 = ph: pH
# name 8 = orp: Oxidation Reduction Potential [mV]
# name 9 = par/sat/log: PAR/Logarithmic, Satlantic
# name 10 = turbWETntu0: Turbidity, WET Labs ECO [NTU]
# name 11 = prdM: Pressure, Strain Gauge [db]
# name 12 = prdE: Pressure, Strain Gauge [psi]
# name 13 = tv290C: Temperature [ITS-90, deg C]
# name 14 = flag:  0.000e+00
# span 0 =     -0.638,      2.694       
# span 1 =     -0.318,      0.278       
# span 2 =    -0.0782,     8.3458       
# span 3 =     -0.748,    102.422       
# span 4 =      0.656,     56.000       
# span 5 =   0.718808,  53.747769       
# span 6 =    -0.1082,    18.8875       
# span 7 =      5.970,      7.854       
# span 8 = -1240.7455,   390.9622       
# span 9 = 8.4089e+00, 1.6958e+03       
# span 10 =    -0.2648,    97.4342      
# span 11 =     -0.626,      2.644      
# span 12 =     -0.908,      3.835      
# span 13 =    22.9054,    29.8920      
# span 14 = 0.0000e+00, 0.0000e+00      
# interval = seconds: 0.25
# start_time = Sep 02 2024 12:27:45 [Instrument's time stamp, header]
# bad_flag = -9.990e-29
*END*
[from data line 290]
      0.503     -0.006     6.7001     81.671     42.602  42.783327     3.5105      7.603   211.8153 5.9856e+02     5.5747      0.492      0.714    25.2271 0.0000e+00
      0.508     -0.003     6.7110     81.586     42.622  42.800549     3.5130      7.604   211.9217 5.6948e+02     5.5656      0.499      0.723    25.2249 0.0000e+00
      0.509     -0.001     6.7220     81.489     42.631  42.807478     3.5450      7.605   212.0220 5.1156e+02     5.6646      0.501      0.727    25.2204 0.0000e+00
      0.505     -0.001     6.7264     81.400     42.629  42.803628     3.5985      7.606   212.1677 4.9125e+02     5.8151      0.496      0.720    25.2133 0.0000e+00
      0.501     -0.002     6.7237     81.302     42.644  42.817466     3.6189      7.608   212.3060 4.8137e+02     5.8475      0.490      0.710    25.2063 0.0000e+00
      0.500     -0.002     6.7161     81.187     42.674  42.847847     3.6166      7.611   212.3174 4.5745e+02     5.8519      0.488      0.709    25.2020 0.0000e+00
      0.502     -0.001     6.7071     81.085     42.679  42.853604     3.6041      7.613   212.3051 4.5018e+02     5.9014      0.492      0.714    25.2004 0.0000e+00
      0.504     -0.000     6.7012     81.029     42.646  42.823603     3.5841      7.614   212.4152 4.6117e+02     5.9689      0.495      0.717    25.1988 0.0000e+00
      0.504      0.000     6.6936     81.029     42.621  42.802473     3.5826      7.614   212.7022 4.7032e+02     5.9841      0.495      0.718    25.1971 0.0000e+00
      0.503      0.000     6.6830     81.068     42.604  42.788530     3.5778      7.615   212.9369 4.6821e+02     5.9151      0.494      0.716    25.1962 0.0000e+00
      0.501     -0.001     6.6737     81.148     42.597  42.781975     3.5516      7.617   212.9298 4.7261e+02     5.8513      0.492      0.713    25.1968 0.0000e+00
      0.501     -0.001     6.6676     81.265     42.602  42.786690     3.5317      7.619   212.7888 4.9907e+02     5.8615      0.491      0.713    25.2009 0.0000e+00
      0.502     -0.001     6.6686     81.389     42.598  42.782067     3.5370      7.621   212.7806 5.1478e+02     5.9024      0.492      0.714    25.2072 0.0000e+00
      0.502     -0.001     6.6706     81.498     42.606  42.789550     3.5499      7.624   213.0031 5.0450e+02     5.8674      0.493      0.715    25.2113 0.0000e+00
      0.502     -0.000     6.6767     81.585     42.631  42.813688     3.5369      7.626   213.2412 5.0776e+02     5.7802      0.492      0.713    25.2123 0.0000e+00
      0.501      0.001     6.6882     81.633     42.638  42.820035     3.5057      7.626   213.4232 5.1415e+02     5.7706      0.491      0.712    25.2112 0.0000e+00
      0.501      0.001     6.6990     81.635     42.623  42.802815     3.4968      7.625   213.5691 4.7697e+02     5.8532      0.491      0.713    25.2095 0.0000e+00
      0.502      0.002     6.7080     81.628     42.616  42.795895     3.5128      7.625   213.6282 4.4895e+02     5.9251      0.492      0.713    25.2090 0.0000e+00
      0.503      0.002     6.7158     81.636     42.619  42.799840     3.5235      7.625   213.7076 4.6990e+02     5.9225      0.493      0.715    25.2088 0.0000e+00
      0.505      0.002     6.7210     81.636     42.603  42.787042     3.5262      7.625   213.9263 4.9076e+02     5.8563      0.495      0.718    25.2064 0.0000e+00
      0.505      0.001     6.7194     81.618     42.581  42.768105     3.5368      7.626   214.1217 4.9872e+02     5.8079      0.495      0.718    25.2039 0.0000e+00
      0.505     -0.002     6.7180     81.616     42.573  42.761289     3.5527      7.627   214.1776 5.1074e+02     5.8497      0.494      0.717    25.2033 0.0000e+00
      0.505     -0.004     6.7198     81.647     42.580  42.768104     3.5685      7.627   214.1717 5.2523e+02     5.9174      0.495      0.718    25.2050 0.0000e+00
      0.504     -0.005     6.7199     81.690     42.598  42.787031     3.5697      7.627   214.2228 5.2068e+02     5.9089      0.495      0.718    25.2098 0.0000e+00
      0.501     -0.005     6.7159     81.725     42.608  42.799723     3.5509      7.628   214.4512 4.9376e+02     5.8496      0.492      0.713    25.2145 0.0000e+00
      0.497     -0.005     6.7151     81.763     42.602  42.794633     3.5406      7.630   214.7824 4.8347e+02     5.8158      0.488      0.706    25.2152 0.0000e+00
      0.496     -0.004     6.7187     81.806     42.596  42.788953     3.5456      7.631   214.9579 5.3254e+02     5.8076      0.486      0.704    25.2145 0.0000e+00
      0.497     -0.002     6.7230     81.835     42.603  42.794519     3.5610      7.631   214.9386 5.7654e+02     5.8525      0.487      0.707    25.2163 0.0000e+00
      0.497      0.001     6.7250     81.878     42.609  42.798465     3.5770      7.632   214.8928 5.4407e+02     5.9141      0.488      0.708    25.2186 0.0000e+00
      0.497      0.004     6.7268     81.953     42.586  42.773193     3.5725      7.634   214.9204 5.2506e+02     5.9037      0.488      0.707    25.2206 0.0000e+00
      0.498      0.006     6.7329     82.013     42.559  42.742830     3.5650      7.635   215.0140 5.6456e+02     5.8637      0.488      0.708    25.2213 0.0000e+00
      0.500      0.007     6.7331     82.008     42.568  42.748701     3.5695      7.636   215.0783 5.9301e+02     5.8752      0.489      0.709    25.2193 0.0000e+00
      0.503      0.008     6.7365     81.966     42.603  42.780696     3.5760      7.637   215.1814 5.8970e+02     5.9394      0.493      0.715    25.2165 0.0000e+00
      0.506      0.011     6.7448     81.942     42.636  42.812316     3.5778      7.639   215.3148 5.8660e+02     5.9224      0.497      0.721    25.2139 0.0000e+00
      0.508      0.012     6.7522     81.906     42.638  42.813658     3.5747      7.641   215.3138 5.9226e+02     5.8063      0.497      0.721    25.2103 0.0000e+00
      0.510      0.011     6.7518     81.845     42.622  42.796926     3.5719      7.642   215.2556 6.1194e+02     5.7653      0.498      0.724    25.2056 0.0000e+00
      0.515      0.010     6.7442     81.784     42.624  42.800423     3.5690      7.644   215.3000 6.2544e+02     5.8365      0.504      0.732    25.2024 0.0000e+00
      0.520      0.008     6.7465     81.747     42.615  42.792473     3.5723      7.646   215.5060 6.1945e+02     5.9164      0.511      0.741    25.1998 0.0000e+00
      0.522      0.008     6.7431     81.724     42.585  42.764275     3.5873      7.646   215.8533 6.1719e+02     5.9107      0.513      0.744    25.1985 0.0000e+00
      0.520      0.008     6.7375     81.681     42.597  42.776845     3.5919      7.646   216.0568 6.1909e+02     5.8357      0.510      0.740    25.1992 0.0000e+00
      0.519      0.007     6.7313     81.635     42.637  42.817517     3.5783      7.646   215.9893 6.3776e+02     5.7279      0.508      0.737    25.2006 0.0000e+00
      0.522      0.005     6.7274     81.600     42.633  42.811735     3.5724      7.647   215.9837 6.5157e+02     5.6314      0.511      0.742    25.2029 0.0000e+00
      0.527      0.004     6.7286     81.584     42.593  42.770405     3.5791      7.648   216.0743 6.2512e+02     5.6596      0.517      0.750    25.2047 0.0000e+00
      0.531      0.003     6.7220     81.573     42.584  42.762092     3.5753      7.650   216.1376 6.0909e+02     5.6926      0.522      0.757    25.2066 0.0000e+00
      0.530      0.002     6.7193     81.540     42.595  42.774691     3.5434      7.651   216.3188 6.1908e+02     5.6209      0.520      0.755    25.2072 0.0000e+00
      0.527      0.001     6.7155     81.482     42.615  42.795803     3.5103      7.651   216.5446 5.9503e+02     5.5789      0.516      0.748    25.2043 0.0000e+00
      0.525      0.000     6.7152     81.423     42.646  42.826946     3.5073      7.651   216.5447 5.6218e+02     5.5944      0.514      0.746    25.2019 0.0000e+00
      0.526      0.000     6.7154     81.390     42.655  42.833883     3.5246      7.651   216.4070 5.5798e+02     5.6372      0.514      0.746    25.2027 0.0000e+00
      0.528      0.000     6.7122     81.356     42.640  42.816208     3.5450      7.653   216.4279 5.6666e+02     5.7212      0.517      0.750    25.2047 0.0000e+00
      0.530      0.001     6.7070     81.311     42.629  42.803639     3.5541      7.655   216.5397 5.6965e+02     5.7901      0.520      0.754    25.2064 0.0000e+00
      0.530      0.001     6.6998     81.272     42.634  42.808852     3.5509      7.656   216.6400 5.5614e+02     5.8207      0.520      0.755    25.2067 0.0000e+00
      0.528      0.000     6.6997     81.235     42.640  42.815771     3.5476      7.657   216.8663 5.2451e+02     5.8521      0.518      0.751    25.2043 0.0000e+00
      0.526 -1.273e-11     6.6974     81.206     42.648  42.823825     3.5723      7.657   217.0392 4.8148e+02     5.8968      0.515      0.748    25.2005 0.0000e+00
      0.526 -1.401e-10     6.6925     81.186     42.667  42.842760     3.6171      7.658   217.0947 4.6996e+02     5.9169      0.515      0.747    25.1992 0.0000e+00
      0.527 -1.541e-09     6.6903     81.135     42.679  42.854300     3.6314      7.659   217.2793 4.8742e+02     5.8914      0.517      0.750    25.1997 0.0000e+00
      0.529 -1.695e-08     6.6870     81.049     42.660  42.836413     3.6201      7.660   217.3792 5.0717e+02     5.8612      0.519      0.753    25.1997 0.0000e+00
      0.529 -1.864e-07     6.6834     80.978     42.639  42.816904     3.6057      7.661   217.3560 5.1761e+02     5.8592      0.519      0.753    25.2004 0.0000e+00
      0.528 -1.895e-07     6.6843     80.950     42.629  42.808831     3.5988      7.663   217.4289 4.8771e+02     5.9007      0.517      0.751    25.2008 0.0000e+00
      0.527 -5.414e-08     6.6803     80.974     42.621  42.802284     3.6032      7.664   217.4860 4.5125e+02     5.9192      0.516      0.749    25.1998 0.0000e+00
      0.527 -4.110e-07     6.6707     81.015     42.620  42.801216     3.5919      7.666   217.5295 4.6715e+02     5.8779      0.516      0.748    25.1998 0.0000e+00
      0.528     -0.000     6.6645     81.020     42.614  42.795917     3.5702      7.667   217.6110 5.0534e+02     5.8451      0.517      0.750    25.2020 0.0000e+00
      0.529     -0.000     6.6609     80.999     42.618  42.801691     3.5660      7.669   217.6978 5.1123e+02     5.8648      0.518      0.752    25.2056 0.0000e+00
      0.529     -0.001     6.6638     81.006     42.623  42.807560     3.5826      7.670   217.8050 4.8189e+02     5.9109      0.518      0.752    25.2068 0.0000e+00
      0.528     -0.001     6.6700     81.057     42.619  42.803408     3.6055      7.670   217.8743 4.4083e+02     5.8895      0.518      0.751    25.2059 0.0000e+00
      0.527     -0.001     6.6697     81.114     42.633  42.814948     3.6009      7.669   217.9326 4.1123e+02     5.8114      0.517      0.749    25.2067 0.0000e+00
      0.526     -0.000     6.6649     81.133     42.640  42.820150     3.5844      7.669   218.0801 3.9826e+02     5.7868      0.515      0.747    25.2094 0.0000e+00
      0.526      0.001     6.6652     81.129     42.623  42.802826     3.5970      7.669   218.2815 3.9846e+02     5.8645      0.515      0.747    25.2120 0.0000e+00
      0.527      0.003     6.6703     81.125     42.618  42.795896     3.6200      7.669   218.4750 3.9661e+02     5.9651      0.516      0.750    25.2113 0.0000e+00
      0.529      0.004     6.6780     81.084     42.623  42.799841     3.6385      7.670   218.6120 3.7197e+02     5.9449      0.518      0.752    25.2077 0.0000e+00
      0.530      0.004     6.6790     81.000     42.612  42.787042     3.6457      7.671   218.7342 3.6062e+02     5.8246      0.519      0.752    25.2045 0.0000e+00
      0.531      0.004     6.6765     80.917     42.592  42.768097     3.6327      7.671   218.8335 4.0617e+02     5.7404      0.521      0.756    25.2045 0.0000e+00
      0.533      0.003     6.6792     80.873     42.583  42.761186     3.6230      7.672   218.8665 4.3621e+02     5.7468      0.523      0.759    25.2041 0.0000e+00
      0.533      0.001     6.6761     80.868     42.586  42.766960     3.6283      7.673   218.9615 3.9961e+02     5.8348      0.523      0.759    25.2002 0.0000e+00
      0.532      0.001     6.6677     80.887     42.591  42.774442     3.6302      7.674   219.1211 3.7125e+02     5.8469      0.522      0.757    25.1984 0.0000e+00
      0.532      0.000     6.6593     80.933     42.603  42.788175     3.6199      7.674   219.2478 3.6414e+02     5.6880      0.522      0.757    25.1997 0.0000e+00
      0.532      0.000     6.6555     81.026     42.621  42.806061     3.6122      7.674   219.3750 3.4863e+02     5.5535      0.522      0.756    25.2028 0.0000e+00
      0.532      0.000     6.6556     81.152     42.616  42.800296     3.6129      7.674   219.5396 3.5186e+02     5.5526      0.521      0.755    25.2060 0.0000e+00
      0.533      0.001     6.6566     81.276     42.598  42.781943     3.6124      7.674   219.6898 3.8311e+02     5.6775      0.523      0.757    25.2093 0.0000e+00
      0.533      0.001     6.6591     81.406     42.589  42.774566     3.6058      7.674   219.8146 4.0326e+02     5.8337      0.523      0.758    25.2113 0.0000e+00
      0.533      0.001     6.6670     81.538     42.589  42.774576     3.5906      7.674   220.0158 3.9103e+02     5.8704      0.523      0.759    25.2103 0.0000e+00
      0.534      0.001     6.6801     81.641     42.595  42.782058     3.5709      7.675   220.1437 3.8601e+02     5.8477      0.523      0.759    25.2090 0.0000e+00
      0.534      0.000     6.6886     81.729     42.613  42.801565     3.5667      7.676   220.0697 4.0471e+02     5.8672      0.523      0.759    25.2095 0.0000e+00
      0.534      0.000     6.6989     81.805     42.630  42.820033     3.5807      7.677   220.0682 4.1912e+02     5.9010      0.523      0.759    25.2117 0.0000e+00
      0.534      0.001     6.7123     81.877     42.623  42.814935     3.5904      7.678   220.1257 4.4767e+02     5.8810      0.523      0.759    25.2124 0.0000e+00
      0.534      0.001     6.7185     81.965     42.611  42.803405     3.5841      7.678   220.0762 4.9391e+02     5.8296      0.523      0.759    25.2130 0.0000e+00
      0.534      0.001     6.7263     82.036     42.615  42.807558     3.5719      7.679   220.0721 4.9486e+02     5.8265      0.523      0.759    25.2150 0.0000e+00
      0.534      0.001     6.7324     82.061     42.609  42.801680     3.5676      7.682   220.1626 4.3922e+02     5.8777      0.524      0.760    25.2172 0.0000e+00
      0.535      0.001     6.7360     82.055     42.603  42.795801     3.5735      7.684   220.2235 3.8928e+02     5.9362      0.525      0.761    25.2187 0.0000e+00
      0.535      0.001     6.7455     82.034     42.607  42.799943     3.5857      7.686   220.2923 3.8114e+02     5.9187      0.525      0.761    25.2197 0.0000e+00
      0.535      0.001     6.7522     81.995     42.596  42.788298     3.5812      7.687   220.4787 3.8536e+02     5.8370      0.524      0.760    25.2197 0.0000e+00
      0.535      0.000     6.7532     81.934     42.591  42.781942     3.5691      7.688   220.5838 3.6026e+02     5.7347      0.524      0.761    25.2187 0.0000e+00
      0.535     -0.001     6.7525     81.860     42.598  42.786563     3.5890      7.690   220.4447 3.1434e+02     5.6372      0.524      0.761    25.2196 0.0000e+00
      0.535     -0.002     6.7504     81.802     42.593  42.780694     3.6218      7.692   220.3467 2.8184e+02     5.6492      0.525      0.762    25.2210 0.0000e+00
      0.534     -0.002     6.7479     81.790     42.585  42.774451     3.6416      7.693   220.4311 2.6635e+02     5.7091      0.525      0.761    25.2200 0.0000e+00
      0.533     -0.001     6.7427     81.813     42.583  42.774554     3.6449      7.694   220.5183 2.5683e+02     5.7455      0.522      0.758    25.2174 0.0000e+00
