Data/DataNotYetUploadedToEDI/Raw_CTD/RawDownloads/090225_ccr50_S8188002.cnv
* Sea-Bird SBE19plus  Data File:
* FileName = C:\R\Reservoirs\Data\DataNotYetUploadedToEDI\Raw_CTD\RawDownloads\090125_bvr50_S8188_0002.hex
* Software version 2.8.0.119
* Temperature SN = 8188
* Conductivity SN = 8188
* System UpLoad Time = Sep 02 2025 15:39:39
* <ApplicationData>
* <Seaterm232>
# nquan = 16
# nvalues = 3163                        
# units = specified
# name 0 = depFM: Depth [fresh water, m]
# name 1 = dz/dtM: Descent Rate [m/s]
# name 2 = sbeox0Mg/L: Oxygen, SBE 43 [mg/l]
# name 3 = sbeox0PS: Oxygen, SBE 43 [% saturation]
# name 4 = specc: Specific Conductance [uS/cm]
# name 5 = c0uS/cm: Conductivity [uS/cm]
# name 6 = wetCDOM: Fluorescence, WET Labs CDOM [mg/m^3]
# name 7 = flECO-AFL: Fluorescence, WET Labs ECO-AFL/FL [mg/m^3]
# name 8 = flECO-AFL1: Fluorescence, WET Labs ECO-AFL/FL, 2 [mg/m^3]
# name 9 = flECO-AFL2: Fluorescence, WET Labs ECO-AFL/FL, 3 [mg/m^3]
# name 10 = par/sat/log: PAR/Logarithmic, Satlantic
# name 11 = turbWETntu0: Turbidity, WET Labs ECO [NTU]
# name 12 = prdM: Pressure, Strain Gauge [db]
# name 13 = prdE: Pressure, Strain Gauge [psi]
# name 14 = tv290C: Temperature [ITS-90, deg C]
# name 15 = flag:  0.000e+00
# span 0 =     -0.433,     21.593       
# span 1 =     -0.245,      0.149       
# span 2 =    -0.4617,     8.2251       
# span 3 =     -4.207,     94.228       
# span 4 =   -652.984,    329.673       
# span 5 =-489.504035, 230.533583       
# span 6 =    -4.5000,    55.6200       
# span 7 =    -0.2655,     8.0697       
# span 8 =    -2.1300,     5.1120       
# span 9 =   -13.0284,     6.5142       
# span 10 = 1.1590e-01, 3.1474e+03      
# span 11 =    -6.4730,   181.8287      
# span 12 =     -0.424,     21.175      
# span 13 =     -0.616,     30.712      
# span 14 =     9.9559,    24.6520      
# span 15 = 0.0000e+00, 0.0000e+00      
# interval = seconds: 0.25
# start_time = Sep 02 2025 10:35:40 [Instrument's time stamp, header]
# bad_flag = -9.990e-29
*END*
     -0.433      0.004     8.2251     90.194      1.750   1.580630    -4.5000    -0.2273    -2.1300    -2.0304 1.8779e+02    -0.8383     -0.424     -0.616    19.8788 0.0000e+00
     -0.432      0.006     8.2230     90.201      1.764   1.599711    -4.5000    -0.2426    -2.1300    -2.0304 1.6273e+02    -0.6872     -0.423     -0.614    19.8786 0.0000e+00
     -0.431      0.007     8.2209     90.211      1.909   1.741647    -4.5000    -0.2541    -2.1300    -2.0304 1.5105e+02    -0.6117     -0.422     -0.612    19.8783 0.0000e+00
     -0.429      0.009     8.2200     90.226      2.232   2.050254     0.0000    -0.2426    -1.6188     0.5922 1.7624e+02    -0.9138     -0.420     -0.609    19.8777 0.0000e+00
     -0.426      0.012     8.2204     90.240      2.810   2.599872     0.0000    -0.2350    -1.6188     0.5922 2.0263e+02    -0.9742     -0.418     -0.606    19.8770 0.0000e+00
     -0.423      0.016     8.2211     90.251      3.791   3.533088     0.0000    -0.2426    -1.6188     0.5922 2.0175e+02    -1.0497     -0.415     -0.602    19.8768 0.0000e+00
     -0.419      0.020     8.2218     90.256      5.442   5.102736     0.0000    -0.2502    -1.6188     0.5922 2.0289e+02    -0.9138     -0.411     -0.596    19.8787 0.0000e+00
     -0.414      0.026     8.2222     90.257      8.204   7.727391     0.0000    -0.2655    -1.6188     0.5922 2.0307e+02    -1.5029     -0.406     -0.589    19.8847 0.0000e+00
     -0.408      0.034     8.2215     90.262     12.804  12.099005     0.0000    -0.2579     0.0000     2.2419 1.9754e+02    -1.4274     -0.399     -0.579    19.8980 0.0000e+00
     -0.399      0.043     8.2185     90.278     20.468  19.383342     0.0000    -0.2350     0.0000     2.2419 2.0070e+02    -1.3972     -0.391     -0.567    19.9234 0.0000e+00
     -0.388      0.055     8.2118     90.309     32.971  31.280246     0.0000    -0.2312     0.0000     2.2419 2.0708e+02    -1.3821     -0.380     -0.551    19.9691 0.0000e+00
     -0.373      0.070     8.1996     90.354     50.104  47.717287     0.0000     1.0849     0.0000     2.2419 1.9892e+02    -2.0468     -0.366     -0.531    20.0484 0.0000e+00
     -0.355      0.087     8.1789     90.416     67.385  64.590379     0.0000     1.0773     1.7040     0.8037 2.0440e+02    -1.9863     -0.348     -0.505    20.1836 0.0000e+00
     -0.331      0.103     8.1446     90.501     80.215  77.455615     0.0000     1.0849     1.7040     0.8037 2.7360e+02    -1.9259     -0.325     -0.471    20.4117 0.0000e+00
     -0.302      0.118     8.0878     90.615     88.036  85.564195     0.0000     1.0849     1.7040     0.8037 7.4925e+02    -1.9712     -0.296     -0.429    20.7929 0.0000e+00
     -0.266      0.128     8.0035     90.772     92.490  90.345314     0.0000     1.8250     1.7040     0.8037 1.0479e+03     4.9324     -0.261     -0.379    21.3593 0.0000e+00
     -0.228      0.134     7.9054     90.987     94.951  93.073967     0.9000     1.8402     5.1120     5.2452 1.1820e+03     4.9022     -0.224     -0.324    22.0308 0.0000e+00
     -0.190      0.134     7.8157     91.257     96.232  94.539752     0.9000     1.8326     5.1120     5.2452 1.2356e+03     5.0533     -0.186     -0.270    22.6693 0.0000e+00
     -0.154      0.130     7.7470     91.566     96.874  95.289402     0.9000     1.8288     5.1120     5.2452 1.3628e+03     5.0230     -0.151     -0.219    23.1915 0.0000e+00
     -0.122      0.123     7.7025     91.896     97.231  95.692661     0.9000     0.4440     5.1120     5.2452 1.4833e+03    -0.0678     -0.119     -0.173    23.5795 0.0000e+00
     -0.093      0.116     7.6810     92.229     97.484  95.940982    10.8000     0.4326     0.0000     6.5142 1.5815e+03    -0.1283     -0.091     -0.132    23.8465 0.0000e+00
     -0.066      0.110     7.6785     92.551     97.728  96.142540    10.8000     0.4135     0.0000     6.5142 1.6170e+03     0.0379     -0.065     -0.094    24.0172 0.0000e+00
     -0.040      0.106     7.6897     92.856     98.015  96.381046    10.8000     0.4402     0.0000     6.5142 1.6145e+03    -0.0074     -0.039     -0.057    24.1171 0.0000e+00
     -0.013      0.103     7.7098     93.138     98.308  96.660154    10.8000     0.5089     0.0000     6.5142 1.4153e+03     0.4458     -0.013     -0.019    24.1675 0.0000e+00
      0.013      0.099     7.7356     93.395     98.555  96.944398    10.8000     0.4898     0.0000     6.5142 1.3134e+03     0.4911      0.013      0.019    24.1816 0.0000e+00
      0.039      0.095     7.7641     93.629     98.771  97.233657    12.1500     0.5089     0.0852     0.4653 1.4613e+03     0.4005      0.039      0.056    24.1706 0.0000e+00
      0.064      0.089     7.7921     93.836     98.968  97.517156    12.1500     0.5165     0.0852     0.4653 2.4145e+03     0.5062      0.063      0.091    24.1533 0.0000e+00
      0.087      0.080     7.8160     94.005     99.113  97.750614    12.1500     0.5013     0.0852     0.4653 1.3020e+03     0.1890      0.085      0.123    24.1516 0.0000e+00
      0.107      0.071     7.8342     94.122     99.174  97.892390    12.1500     0.4936     0.0852     0.4653 6.2997e+02     0.1890      0.105      0.152    24.1741 0.0000e+00
      0.124      0.061     7.8480     94.187     99.135  97.916352    12.1500     0.5051     0.0852     0.4653 7.2114e+02     0.1286      0.121      0.176    24.2137 0.0000e+00
      0.137      0.052     7.8586     94.221     98.988  97.806915    12.1500     0.4784     0.0852     0.4653 1.1444e+03     0.1890      0.135      0.195    24.2600 0.0000e+00
      0.148      0.043     7.8660     94.228     98.778  97.602835    12.1500     0.5013     0.0852     0.4653 1.3332e+03     0.2041      0.146      0.211    24.3062 0.0000e+00
      0.157      0.035     7.8697     94.201     98.600  97.391562    12.1500     0.4860     0.0852     0.4653 1.4715e+03     0.2192      0.155      0.224    24.3474 0.0000e+00
      0.165      0.029     7.8705     94.149     98.490  97.208668    12.2400     0.5013     0.0852     0.2115 8.4713e+02     0.2192      0.162      0.234    24.3792 0.0000e+00
      0.171      0.023     7.8707     94.090     98.433  97.045339    12.2400     0.5013     0.0852     0.2115 1.5570e+03     0.1739      0.168      0.243    24.3976 0.0000e+00
      0.176      0.019     7.8711     94.039     98.410  96.903968    12.2400     0.4212     0.0852     0.2115 4.2080e+02     0.1890      0.173      0.250    24.3992 0.0000e+00
      0.180      0.016     7.8714     94.000     98.403  96.786809    12.2400     0.4097     0.0852     0.2115 1.1446e+03     0.2192      0.177      0.256    24.3815 0.0000e+00
      0.184      0.013     7.8726     93.965     98.393  96.686590    12.2400     0.4288     0.0852     0.2115 2.0345e+03     0.2494      0.180      0.261    24.3435 0.0000e+00
      0.187      0.011     7.8756     93.927     98.350  96.576582    12.5100     0.4440     0.0426     0.0846 1.0150e+03     0.2192      0.183      0.265    24.2894 0.0000e+00
      0.189      0.010     7.8802     93.894     98.270  96.441434    12.5100     0.4822     0.0426     0.0846 2.4478e+03     0.3098      0.185      0.268    24.2291 0.0000e+00
      0.190      0.008     7.8851     93.875     98.192  96.309043    12.5100     0.4975     0.0426     0.0846 1.5743e+03     0.1437      0.187      0.271    24.1730 0.0000e+00
      0.192      0.008     7.8889     93.864     98.150  96.206040    12.5100     0.4784     0.0426     0.0846 7.7762e+02     0.2947      0.189      0.273    24.1272 0.0000e+00
      0.194      0.007     7.8908     93.854     98.139  96.128932    12.3300     0.4860     0.0426     0.2115 1.0752e+03     0.3552      0.191      0.277    24.0925 0.0000e+00
      0.196      0.007     7.8923     93.846     98.125  96.053156    12.3300     0.5509     0.0426     0.2115 8.3706e+02     0.2192      0.193      0.280    24.0640 0.0000e+00
      0.198      0.006     7.8949     93.839     98.092  95.964497    12.3300     0.5318     0.0426     0.2115 1.3240e+03     0.2494      0.194      0.282    24.0354 0.0000e+00
      0.199      0.006     7.8986     93.831     98.070  95.879271    12.3300     0.5623     0.0426     0.2115 8.6555e+02     0.2796      0.195      0.284    24.0037 0.0000e+00
      0.200      0.006     7.9028     93.829     98.077  95.800724    12.6900     0.5470     0.0852     0.5499 1.3658e+03     0.1890      0.197      0.285    23.9701 0.0000e+00
      0.202      0.005     7.9068     93.833     98.101  95.723890    12.6900     0.5432     0.0852     0.5499 1.5041e+03     0.1890      0.198      0.288    23.9386 0.0000e+00
      0.204      0.005     7.9104     93.840     98.118  95.652245    12.6900     0.5509     0.0852     0.5499 5.8067e+02     0.2343      0.200      0.290    23.9097 0.0000e+00
      0.205      0.004     7.9146     93.847     98.100  95.574671    12.6900     0.5928     0.0852     0.5499 7.7139e+02     0.1739      0.201      0.292    23.8772 0.0000e+00
      0.206      0.004     7.9208     93.852     98.049  95.486462    12.4200     0.5470     0.0852     0.3384 2.3401e+03     0.1286      0.202      0.293    23.8341 0.0000e+00
      0.206      0.003     7.9287     93.861     97.989  95.394066    12.4200     0.5432     0.0852     0.3384 8.9054e+02     0.2041      0.202      0.293    23.7830 0.0000e+00
      0.207      0.002     7.9361     93.874     97.941  95.308807    12.4200     0.5432     0.0852     0.3384 1.1166e+03     0.1890      0.203      0.294    23.7376 0.0000e+00
      0.208      0.002     7.9412     93.881     97.898  95.229925    12.4200     0.5585     0.0852     0.3384 6.7872e+02     0.2494      0.204      0.296    23.7071 0.0000e+00
      0.209      0.002     7.9445     93.877     97.837  95.140376    12.4200     0.5852     0.0852     0.3384 3.8293e+02     0.1739      0.205      0.297    23.6878 0.0000e+00
      0.209      0.002     7.9479     93.866     97.775  95.048247    12.5100     0.4936     0.0426     0.3384 8.3652e+02     0.2494      0.205      0.297    23.6705 0.0000e+00
      0.209      0.001     7.9519     93.859     97.732  94.968928    12.5100     0.5127     0.0426     0.3384 7.4261e+02     0.2796      0.205      0.297    23.6507 0.0000e+00
      0.209      0.001     7.9554     93.857     97.702  94.895251    12.5100     0.4860     0.0426     0.3384 3.6624e+02     0.2796      0.205      0.297    23.6318 0.0000e+00
      0.210      0.001     7.9573     93.854     97.666  94.815556    12.5100     0.4898     0.0426     0.3384 4.0686e+02     0.2041      0.206      0.298    23.6162 0.0000e+00
      0.210      0.000     7.9588     93.850     97.622  94.734562    12.3300     0.5547     0.0426     0.2538 2.8359e+02     0.2192      0.206      0.299    23.6000 0.0000e+00
      0.210      0.000     7.9612     93.847     97.582  94.666630    12.3300     0.5394     0.0426     0.2538 1.7839e+03     0.1588      0.206      0.299    23.5805 0.0000e+00
      0.210      0.000     7.9644     93.846     97.546  94.609625    12.3300     0.5432     0.0426     0.2538 1.0608e+03     0.2041      0.206      0.298    23.5579 0.0000e+00
      0.210      0.000     7.9676     93.845     97.509  94.556338    12.3300     0.5432     0.0426     0.2538 8.4364e+02     0.2192      0.206      0.298    23.5350 0.0000e+00
      0.210      0.000     7.9702     93.837     97.476  94.508540    12.4200     0.5966     0.0426     0.4230 1.3182e+03     0.1890      0.206      0.298    23.5156 0.0000e+00
      0.210      0.000     7.9721     93.822     97.459  94.469470    12.4200     0.6005     0.0426     0.4230 6.1750e+02     0.1890      0.206      0.298    23.5005 0.0000e+00
      0.209      0.000     7.9737     93.811     97.462  94.436699    12.4200     0.5852     0.0426     0.4230 1.5358e+03     0.2947      0.205      0.298    23.4891 0.0000e+00
      0.209      0.000     7.9749     93.805     97.478  94.403485    12.4200     0.5966     0.0426     0.4230 1.3080e+03     0.2343      0.205      0.298    23.4805 0.0000e+00
      0.210      0.000     7.9755     93.799     97.499  94.370957    12.5100     0.6348     0.0426     0.2538 1.1526e+03     0.2494      0.206      0.298    23.4722 0.0000e+00
      0.210      0.000     7.9760     93.795     97.514  94.338427    12.5100     0.5699     0.0426     0.2538 1.0139e+03     0.2343      0.206      0.298    23.4606 0.0000e+00
      0.210      0.000     7.9778     93.794     97.512  94.299218    12.5100     0.6005     0.0426     0.2538 1.5795e+03     0.2796      0.206      0.298    23.4425 0.0000e+00
      0.209      0.000     7.9810     93.799     97.490  94.244869    12.5100     0.5928     0.0426     0.2538 1.1624e+03     0.1739      0.205      0.298    23.4173 0.0000e+00
      0.210      0.000     7.9847     93.807     97.457  94.180865    12.5100     0.5852     0.0426     0.2538 9.4477e+02     0.1588      0.206      0.298    23.3901 0.0000e+00
      0.210      0.000     7.9879     93.814     97.437  94.130093    12.5100     0.5661     0.0426     0.3384 1.3419e+03     0.2192      0.206      0.299    23.3664 0.0000e+00
      0.210      0.001     7.9907     93.819     97.433  94.094994    12.5100     0.6157     0.0426     0.3384 1.0869e+03     0.1588      0.206      0.299    23.3469 0.0000e+00
      0.210      0.001     7.9937     93.825     97.430  94.062213    12.5100     0.5928     0.0426     0.3384 1.0509e+03     0.2041      0.206      0.299    23.3299 0.0000e+00
      0.210      0.000     7.9968     93.832     97.421  94.023007    12.5100     0.6615     0.0426     0.3384 1.1556e+03     0.1588      0.206      0.299    23.3137 0.0000e+00
      0.210      0.000     7.9999     93.835     97.409  93.978906    12.5100     0.6577     0.0852     0.3807 1.6775e+03     0.1890      0.206      0.299    23.2973 0.0000e+00
      0.211      0.000     8.0027     93.833     97.400  93.938126    12.5100     0.6348     0.0852     0.3807 1.8406e+03     0.1890      0.207      0.299    23.2813 0.0000e+00
      0.211      0.000     8.0056     93.827     97.388  93.897782    12.5100     0.6729     0.0852     0.3807 2.0652e+03     0.2343      0.207      0.300    23.2661 0.0000e+00
      0.210      0.000     8.0085     93.821     97.370  93.855105    12.5100     0.6577     0.0852     0.3807 1.3711e+03     0.2645      0.206      0.299    23.2505 0.0000e+00
      0.210      0.000     8.0113     93.817     97.351  93.812698    12.4200     0.6424     0.0426     0.4230 1.4914e+03     0.1588      0.206      0.299    23.2338 0.0000e+00
      0.211      0.000     8.0137     93.812     97.333  93.771239    12.4200     0.6500     0.0426     0.4230 1.4973e+03     0.2947      0.207      0.300    23.2171 0.0000e+00
      0.211      0.000     8.0154     93.804     97.312  93.725664    12.4200     0.6462     0.0426     0.4230 6.7783e+02     0.1739      0.207      0.300    23.2022 0.0000e+00
      0.211      0.000     8.0168     93.798     97.285  93.675804    12.4200     0.6424     0.0426     0.4230 1.0038e+03     0.1588      0.207      0.300    23.1892 0.0000e+00
      0.211      0.000     8.0184     93.795     97.261  93.632337    12.4200     0.6348     0.0426     0.4230 1.1810e+03     0.3098      0.207      0.300    23.1771 0.0000e+00
      0.211      0.000     8.0198     93.795     97.244  93.599651    12.4200     0.6424     0.0852     0.4653 1.2146e+03     0.1890      0.207      0.300    23.1648 0.0000e+00
      0.211      0.000     8.0210     93.795     97.227  93.573025    12.4200     0.6386     0.0852     0.4653 9.9275e+02     0.2343      0.207      0.300    23.1521 0.0000e+00
      0.211      0.000     8.0224     93.790     97.207  93.545359    12.4200     0.5852     0.0852     0.4653 1.4489e+03     0.2645      0.207      0.300    23.1397 0.0000e+00
      0.211      0.000     8.0238     93.786     97.185  93.517265    12.4200     0.5585     0.0852     0.4653 8.5174e+02     0.0681      0.207      0.300    23.1290 0.0000e+00
      0.211      0.000     8.0250     93.787     97.162  93.489244    12.5100     0.5966     0.0426     0.2961 9.3985e+02     0.2796      0.207      0.300    23.1210 0.0000e+00
