Data/DataNotYetUploadedToEDI/Raw_CTD/RawDownloads/090224_fcr20_S7809003.cnv
* Sea-Bird SBE19plus  Data File:
* FileName = C:\R\Reservoirs\Data\DataNotYetUploadedToEDI\Raw_CTD\RawDownloads\090224_fcr50_S7809_0003.hex
* Software version 2.8.0.119
* Temperature SN = 7809
* Conductivity SN = 7809
* System UpLoad Time = Sep 02 2024 17:17:29
* <ApplicationData>
* <Seaterm232>
# nquan = 15
# nvalues = 714                         
# units = specified
# name 0 = depFM: Depth [fresh water, m]
# name 1 = dz/dtM: Descent Rate [m/s]
# name 2 = sbeox0Mg/L: Oxygen, SBE 43 [mg/l]
# name 3 = sbeox0PS: Oxygen, SBE 43 [% saturation]
# name 4 = specc: Specific Conductance [uS/cm]
# name 5 = c0uS/cm: Conductivity [uS/cm]
# name 6 = flECO-AFL: Fluorescence, WET Labs ECO-AFL/FL [mg/m^3]
# name 7 = ph: pH
# name 8 = orp: Oxidation Reduction Potential [mV]
# name 9 = par/sat/log: PAR/Logarithmic, Satlantic
# name 10 = turbWETntu0: Turbidity, WET Labs ECO [NTU]
# name 11 = prdM: Pressure, Strain Gauge [db]
# name 12 = prdE: Pressure, Strain Gauge [psi]
# name 13 = tv290C: Temperature [ITS-90, deg C]
# name 14 = flag:  0.000e+00
# span 0 =     -0.633,      3.020       
# span 1 =     -0.384,      0.227       
# span 2 =     0.0049,     8.5046       
# span 3 =      0.148,    103.170       
# span 4 =      4.959,     63.307       
# span 5 =   4.960780,  56.907884       
# span 6 =    -0.8912,    18.3356       
# span 7 =      7.897,      8.259       
# span 8 =   195.6814,   273.3806       
# span 9 = 4.5343e+01, 2.3466e+03       
# span 10 =    -5.8046,    77.4658      
# span 11 =     -0.623,      2.962      
# span 12 =     -0.902,      4.296      
# span 13 =    19.9060,    25.7903      
# span 14 = 0.0000e+00, 0.0000e+00      
# interval = seconds: 0.25
# start_time = Sep 02 2024 12:38:33 [Instrument's time stamp, header]
# bad_flag = -9.990e-29
*END*
[from data line 482]
      2.606      0.132     3.0893     13.453     44.887  42.525111    10.2230      8.174   245.0723 8.3399e+01     6.8816      2.553      3.704    22.6176 0.0000e+00
      2.643      0.137     2.5186     10.410     45.479  42.976565    10.4377      8.171   245.4552 7.9173e+01     6.9392      2.592      3.759    22.5637 0.0000e+00
      2.681      0.141     1.9742      8.296     46.938  44.188832    12.2016      8.167   246.1886 7.5342e+01     8.0109      2.631      3.816    22.5187 0.0000e+00
      2.717      0.145     1.4912      6.798     49.240  46.074140    15.4282      8.162   247.0561 7.1851e+01    10.0024      2.664      3.864    22.4690 0.0000e+00
      2.753      0.146     1.1314      5.698     52.188  48.441417    17.1894      8.159   247.4262 6.8393e+01    11.0349      2.699      3.915    22.3730 0.0000e+00
      2.790      0.146     0.8769      4.858     55.626  51.225457    17.3581      8.157   247.3084 6.5091e+01    11.1003      2.736      3.969    22.2554 0.0000e+00
      2.828      0.143     0.7059      4.029     58.638  53.638906    17.3262      8.153   247.2676 6.1792e+01    11.2378      2.772      4.021    22.1203 0.0000e+00
      2.867      0.136     0.5858      3.004     59.999  54.570923    16.7537      8.148   247.3626 5.8312e+01    13.0388      2.810      4.076    21.8356 0.0000e+00
      2.906      0.124     0.4934      1.889     60.069  54.365402    15.7051      8.140   247.5963 5.5117e+01    16.4453      2.852      4.137    21.4112 0.0000e+00
      2.940      0.109     0.4328      0.985     60.673  54.710096    15.1342      8.132   248.0283 5.2526e+01    18.4710      2.886      4.187    21.0309 0.0000e+00
      2.966      0.092     0.3700      0.416     62.311  56.070773    15.1612      8.125   248.4560 5.0387e+01    20.0415      2.911      4.222    20.7269 0.0000e+00
      2.984      0.072     0.2761      0.148     63.307  56.907884    16.0075      8.118   248.8101 4.8644e+01    35.0594      2.929      4.249    20.4605 0.0000e+00
      2.998      0.053     0.1611      0.148     62.815  56.447727    17.5429      8.111   249.0399 4.7230e+01    62.4909      2.941      4.266    20.2263 0.0000e+00
      3.008      0.037     0.0778      0.382     62.035  55.778807    18.3356      8.104   249.1699 4.6135e+01    77.3104      2.950      4.279    20.0514 0.0000e+00
      3.015      0.024     0.0289      0.767     61.718  55.552676    18.0347      8.098   249.2632 4.5497e+01    77.4658      2.958      4.291    19.9761 0.0000e+00
      3.019      0.009     0.0049      1.217     60.314  54.348820    13.8884      8.093   249.5656 4.5343e+01    64.0286      2.961      4.295    19.9338 0.0000e+00
      3.020     -0.011     0.0055      1.671     55.929  50.494835     6.2470      8.088   249.9872 4.5625e+01    39.0468      2.961      4.295    19.9060 0.0000e+00
      3.020     -0.040     0.0300      2.077     50.562  45.910218     2.0748      8.082   249.9726 4.6276e+01    25.3566      2.962      4.296    19.9472 0.0000e+00
      3.016     -0.070     0.0682      2.438     47.557  43.678168     1.8703      8.076   249.6475 4.7449e+01    24.0034      2.960      4.294    20.0028 0.0000e+00
      3.001     -0.093     0.1099      2.867     46.683  43.442187     4.0494      8.068   249.1530 5.0275e+01    23.4029      2.953      4.283    20.0494 0.0000e+00
      2.961     -0.102     0.1540      3.796     46.700  43.882980     8.1301      8.062   248.5542 5.5268e+01    22.5712      2.914      4.226    20.0896 0.0000e+00
      2.906     -0.097     0.1889      5.843     47.276  44.628580    10.3603      8.057   248.1712 5.9900e+01    22.1458      2.842      4.122    20.2961 0.0000e+00
      2.864     -0.082     0.2186      9.182     47.747  45.094187    10.5568      8.053   247.9652 6.1801e+01    22.1187      2.796      4.055    20.8958 0.0000e+00
      2.851     -0.057     0.2407     13.212     47.858  45.132682    10.5548      8.049   247.7837 6.1625e+01    22.0044      2.790      4.046    21.5992 0.0000e+00
      2.857     -0.028     0.2931     16.926     48.160  45.347838    10.5529      8.045   247.6117 6.0830e+01    21.8573      2.801      4.062    22.0673 0.0000e+00
      2.867     -0.002     0.4628     19.578     48.840  45.918085    10.5679      8.041   247.6062 6.0302e+01    21.8089      2.813      4.080    22.2669 0.0000e+00
      2.872      0.011     0.7744     20.976     49.582  46.504585    10.5862      8.038   247.8023 6.0204e+01    21.6238      2.818      4.087    22.2474 0.0000e+00
      2.873      0.011     1.1642     21.236     49.974  46.725604    10.7662      8.035   248.1767 6.0150e+01    19.0731      2.816      4.085    22.1381 0.0000e+00
      2.873     -0.003     1.5152     20.506     49.580  46.241319    11.1046      8.032   248.6055 5.9853e+01    14.3333      2.815      4.083    22.0694 0.0000e+00
      2.876     -0.026     1.7504     18.904     48.578  45.283149    11.2985      8.028   248.7705 5.9443e+01    11.7971      2.820      4.090    22.0252 0.0000e+00
      2.879     -0.055     1.8713     16.674     47.767  44.599071    11.3207      8.024   248.7096 5.9634e+01    11.6369      2.827      4.100    21.9115 0.0000e+00
      2.869     -0.086     1.8955     14.358     47.410  44.381727    11.3640      8.020   248.5568 6.1472e+01    11.5764      2.822      4.095    21.7334 0.0000e+00
      2.839     -0.115     1.8340     12.567     47.072  44.178892    12.0055      8.016   248.4728 6.4916e+01    11.3720      2.790      4.047    21.5881 0.0000e+00
      2.792     -0.136     1.6889     11.601     46.619  43.860619    13.1930      8.014   248.5542 6.8824e+01    11.1476      2.737      3.971    21.5639 0.0000e+00
      2.742     -0.141     1.4711     11.452     46.207  43.580496    13.8360      8.012   248.5938 7.2692e+01    11.1179      2.688      3.899    21.6635 0.0000e+00
      2.695     -0.127     1.2403     12.037     45.833  43.331085    13.8373      8.010   248.4357 7.6272e+01    11.6279      2.641      3.831    21.8087 0.0000e+00
      2.657     -0.099     1.0727     13.260     45.518  43.130210    13.1592      8.008   248.1911 7.8477e+01    16.7326      2.599      3.769    21.9244 0.0000e+00
      2.635     -0.066     0.9888     14.995     45.340  43.056053    11.9119      8.008   247.9592 7.8393e+01    26.0066      2.577      3.737    22.0335 0.0000e+00
      2.632     -0.035     0.9761     17.104     45.213  43.005857    11.2245      8.008   247.6975 7.6722e+01    31.0499      2.578      3.739    22.1567 0.0000e+00
      2.639     -0.010     1.0271     19.464     45.070  42.904225    11.1244      8.007   247.5225 7.4896e+01    31.5616      2.589      3.754    22.2692 0.0000e+00
      2.644      0.001     1.1359     21.970     45.058  42.906292    10.8425      8.007   247.4774 7.3515e+01    31.7832      2.595      3.763    22.3692 0.0000e+00
      2.648     -0.008     1.2872     24.352     45.186  43.030870    10.3455      8.008   247.4967 7.2285e+01    32.0221      2.596      3.765    22.4844 0.0000e+00
      2.651     -0.036     1.4723     26.204     45.312  43.141052    10.0762      8.010   247.4969 7.1101e+01    32.0925      2.600      3.771    22.5755 0.0000e+00
      2.651     -0.073     1.6764     27.336     45.345  43.159443    10.0261      8.011   247.3942 7.1169e+01    31.7124      2.605      3.779    22.5952 0.0000e+00
      2.635     -0.110     1.8992     27.790     45.319  43.126280     9.7978      8.013   247.2877 7.4206e+01    28.2114      2.595      3.764    22.6108 0.0000e+00
      2.593     -0.139     2.1230     27.676     45.308  43.120907     9.3964      8.016   247.2412 7.9860e+01    21.8719      2.549      3.696    22.6166 0.0000e+00
      2.534     -0.153     2.2879     27.141     45.263  43.094477     9.1758      8.018   247.2626 8.6378e+01    18.3935      2.483      3.602    22.5992 0.0000e+00
      2.474     -0.148     2.3830     26.351     45.135  42.997168     9.1703      8.019   247.3746 9.2912e+01    17.9918      2.423      3.515    22.5842 0.0000e+00
      2.426     -0.125     2.4210     25.525     44.932  42.833002     9.2715      8.020   247.3903 9.7669e+01    16.7414      2.370      3.438    22.5692 0.0000e+00
      2.398     -0.090     2.4051     24.925     44.672  42.632908     9.4500      8.020   247.1085 9.9271e+01    14.5130      2.343      3.399    22.5751 0.0000e+00
      2.391     -0.054     2.3538     24.734     44.424  42.482049     9.5474      8.020   246.7202 9.9220e+01    13.3546      2.343      3.398    22.5971 0.0000e+00
      2.393     -0.026     2.2780     25.047     44.226  42.405463     9.5584      8.020   246.4817 9.8713e+01    13.2568      2.346      3.403    22.6251 0.0000e+00
      2.397     -0.008     2.1958     26.051     44.116  42.405254     9.5420      8.020   246.2042 9.8202e+01    13.1938      2.351      3.410    22.6560 0.0000e+00
      2.399     -0.004     2.1372     27.986     44.063  42.416211     9.2664      8.021   245.8602 9.8440e+01    12.7288      2.354      3.415    22.6920 0.0000e+00
      2.397     -0.015     2.1151     30.769     43.970  42.347617     8.7560      8.023   245.6774 9.9100e+01    11.9398      2.351      3.410    22.7960 0.0000e+00
      2.395     -0.040     2.1327     34.048     43.926  42.337554     8.4735      8.024   245.5421 9.9417e+01    11.5444      2.347      3.404    22.9413 0.0000e+00
      2.393     -0.071     2.1987     37.339     44.031  42.485002     8.4140      8.026   245.4296 1.0091e+02    11.4319      2.350      3.409    23.0722 0.0000e+00
      2.379     -0.102     2.3667     40.195     44.155  42.607178     7.9448      8.028   245.6066 1.0606e+02    10.3753      2.344      3.399    23.1545 0.0000e+00
      2.344     -0.124     2.6176     42.515     44.126  42.545381     7.0538      8.030   245.9623 1.1434e+02     8.4025      2.303      3.341    23.1357 0.0000e+00
      2.291     -0.132     2.9078     44.105     43.951  42.372458     6.5539      8.032   246.1172 1.2383e+02     7.3229      2.248      3.261    23.1694 0.0000e+00
      2.236     -0.125     3.2058     44.572     43.713  42.230062     6.4869      8.034   246.1881 1.3252e+02     7.1935      2.189      3.174    23.2692 0.0000e+00
      2.193     -0.104     3.4439     44.099     43.461  42.156674     6.2608      8.035   246.3034 1.3763e+02     6.6330      2.139      3.104    23.2605 0.0000e+00
      2.174     -0.074     3.6509     43.742     43.241  42.120086     5.8596      8.036   246.4791 1.3893e+02     5.6352      2.126      3.084    23.1901 0.0000e+00
      2.173     -0.042     3.8106     44.753     43.098  42.105286     5.6393      8.036   246.7634 1.3875e+02     5.0694      2.131      3.090    23.1580 0.0000e+00
      2.177     -0.016     3.8399     47.633     43.027  42.104849     5.5941      8.036   246.9013 1.3859e+02     4.9167      2.136      3.098    23.2523 0.0000e+00
      2.179      0.000     3.7463     51.977     43.006  42.114896     5.4798      8.037   246.9422 1.3874e+02     4.6429      2.138      3.101    23.4985 0.0000e+00
      2.179      0.008     3.6524     56.848     42.981  42.099873     5.3061      8.039   247.1722 1.3890e+02     4.2865      2.137      3.099    23.7275 0.0000e+00
      2.179      0.012     3.7149     61.310     42.934  42.050155     5.2248      8.040   247.4442 1.3860e+02     4.0922      2.136      3.098    23.8641 0.0000e+00
      2.181      0.014     3.9680     64.901     42.919  42.021507     5.2214      8.040   247.5638 1.3771e+02     4.0016      2.138      3.100    23.9383 0.0000e+00
      2.186      0.017     4.3608     67.409     42.924  42.007351     5.2653      8.040   247.5861 1.3620e+02     3.9764      2.143      3.106    23.9645 0.0000e+00
      2.194      0.019     4.8053     68.657     42.944  42.005897     5.3638      8.039   247.6286 1.3464e+02     4.0266      2.152      3.120    23.9750 0.0000e+00
      2.201      0.019     5.1892     68.679     42.959  42.003904     5.4299      8.038   247.8195 1.3383e+02     4.0621      2.161      3.134    23.9702 0.0000e+00
      2.205      0.014     5.4983     67.749     42.953  41.983229     5.4491      8.038   248.0866 1.3335e+02     4.0979      2.163      3.138    23.9498 0.0000e+00
      2.208      0.001     5.7206     66.306     42.992  42.009765     5.4458      8.038   248.2768 1.3271e+02     4.0833      2.164      3.139    23.9271 0.0000e+00
      2.211     -0.020     5.8264     64.849     43.058  42.070856     5.4322      8.038   248.3122 1.3209e+02     4.0565      2.167      3.145    23.9017 0.0000e+00
      2.213     -0.048     5.8226     63.734     43.071  42.087177     5.4256      8.039   248.2572 1.3253e+02     4.0480      2.173      3.152    23.8806 0.0000e+00
      2.204     -0.078     5.7319     63.011     43.057  42.080178     5.4329      8.041   248.2137 1.3611e+02     4.0140      2.169      3.147    23.8666 0.0000e+00
      2.177     -0.107     5.5967     62.584     43.085  42.113191     5.4531      8.043   248.1306 1.4286e+02     4.0213      2.140      3.104    23.8480 0.0000e+00
      2.135     -0.129     5.4607     62.359     43.132  42.168991     5.5032      8.043   248.1127 1.5079e+02     4.0001      2.094      3.037    23.8422 0.0000e+00
      2.088     -0.140     5.3674     62.295     43.197  42.247109     5.5819      8.044   248.1694 1.5878e+02     3.9620      2.048      2.970    23.8529 0.0000e+00
      2.044     -0.137     5.3089     62.387     43.291  42.359567     5.6306      8.045   248.2136 1.6578e+02     3.9713      2.001      2.902    23.8602 0.0000e+00
      2.007     -0.120     5.2750     62.577     43.355  42.449757     5.6508      8.045   248.3030 1.7132e+02     3.9755      1.965      2.849    23.8649 0.0000e+00
      1.977     -0.094     5.2569     62.777     43.391  42.512517     5.6183      8.045   248.3897 1.7600e+02     3.9793      1.938      2.810    23.8773 0.0000e+00
      1.955     -0.066     5.2482     62.962     43.403  42.547215     5.5122      8.045   248.4872 1.7898e+02     3.9480      1.914      2.776    23.8914 0.0000e+00
      1.944     -0.039     5.2565     63.129     43.389  42.551967     5.4331      8.044   248.6222 1.7953e+02     3.9047      1.903      2.760    23.9137 0.0000e+00
      1.943     -0.018     5.2718     63.253     43.396  42.569990     5.4022      8.044   248.7316 1.7896e+02     3.9002      1.904      2.762    23.9526 0.0000e+00
      1.946     -0.003     5.2861     63.320     43.394  42.574736     5.2975      8.044   248.7775 1.7811e+02     3.9621      1.909      2.769    23.9847 0.0000e+00
      1.951      0.005     5.2983     63.345     43.359  42.545890     5.1161      8.044   248.7469 1.7698e+02     4.0722      1.914      2.776    24.0095 0.0000e+00
      1.955      0.009     5.3117     63.353     43.346  42.538575     5.0071      8.043   248.7064 1.7620e+02     4.0695      1.919      2.783    24.0333 0.0000e+00
      1.958      0.009     5.3212     63.358     43.352  42.549770     4.9779      8.041   248.7175 1.7588e+02     3.9976      1.921      2.786    24.0449 0.0000e+00
      1.958      0.005     5.3256     63.371     43.353  42.554315     4.9954      8.041   248.7946 1.7538e+02     3.9887      1.919      2.783    24.0502 0.0000e+00
      1.958     -0.006     5.3262     63.396     43.324  42.530065     5.0600      8.041   248.8641 1.7451e+02     3.9971      1.918      2.782    24.0565 0.0000e+00
      1.961     -0.026     5.3257     63.428     43.229  42.446979     5.1105      8.042   248.7836 1.7341e+02     4.0301      1.923      2.789    24.0635 0.0000e+00
      1.964     -0.051     5.3258     63.482     43.133  42.374861     5.1148      8.044   248.5959 1.7341e+02     4.0451      1.929      2.798    24.0694 0.0000e+00
      1.956     -0.076     5.3256     63.609     43.081  42.356295     5.0876      8.046   248.5739 1.7736e+02     4.0767      1.926      2.793    24.0733 0.0000e+00
      1.926     -0.093     5.3284     63.886     43.037  42.349495     5.0563      8.046   248.6901 1.8570e+02     4.1730      1.896      2.750    24.0764 0.0000e+00
