Data/DataNotYetUploadedToEDI/Raw_CTD/RawDownloads/090224_bvr50_S8188001.cnv
* Sea-Bird SBE19plus  Data File:
* FileName = C:\R\Reservoirs\Data\DataNotYetUploadedToEDI\Raw_CTD\RawDownloads\090224_bvr50_S8188_0001.hex
* Software version 2.8.0.119
* Temperature SN = 8188
* Conductivity SN = 8188
* System UpLoad Time = Sep 02 2024 17:33:23
* <ApplicationData>
* <Seaterm232>
# nquan = 16
# nvalues = 3913                        
# units = specified
# name 0 = depFM: Depth [fresh water, m]
# name 1 = dz/dtM: Descent Rate [m/s]
# name 2 = sbeox0Mg/L: Oxygen, SBE 43 [mg/l]
# name 3 = sbeox0PS: Oxygen, SBE 43 [% saturation]
# name 4 = specc: Specific Conductance [uS/cm]
# name 5 = c0uS/cm: Conductivity [uS/cm]
# name 6 = wetCDOM: Fluorescence, WET Labs CDOM [mg/m^3]
# name 7 = flECO-AFL: Fluorescence, WET Labs ECO-AFL/FL [mg/m^3]
# name 8 = flECO-AFL1: Fluorescence, WET Labs ECO-AFL/FL, 2 [mg/m^3]
# name 9 = flECO-AFL2: Fluorescence, WET Labs ECO-AFL/FL, 3 [mg/m^3]
# name 10 = par/sat/log: PAR/Logarithmic, Satlantic
# name 11 = turbWETntu0: Turbidity, WET Labs ECO [NTU]
# name 12 = prdM: Pressure, Strain Gauge [db]
# name 13 = prdE: Pressure, Strain Gauge [psi]
# name 14 = tv290C: Temperature [ITS-90, deg C]
# name 15 = flag:  0.000e+00
# span 0 =     -0.701,      9.236       
# span 1 =     -0.262,      0.201       
# span 2 =    -0.0175,    10.0232       
# span 3 =     -0.195,    122.970       
# span 4 =   -681.016,    189.154       
# span 5 =-495.345998, 133.452105       
# span 6 =    -4.5000,   109.8900       
# span 7 =    -1.7037,    33.7774       
# span 8 =    -8.0514,     3.1098       
# span 9 =    -2.0304,     6.0489       
# span 10 = 1.1580e-01, 2.1024e+03      
# span 11 =    -6.7751,    95.3293      
# span 12 =     -0.687,      9.057      
# span 13 =     -0.997,     13.136      
# span 14 =    10.2705,    26.1875      
# span 15 = 0.0000e+00, 0.0000e+00      
# interval = seconds: 0.25
# start_time = Sep 02 2024 10:17:44 [Instrument's time stamp, header]
# bad_flag = -9.990e-29
*END*
[from data line 272]
      0.117     -0.000     5.0759     62.807     28.035  28.426832    22.7700     3.7171     0.1278     0.9306 1.2833e+02     2.9081      0.115      0.166    25.6881 0.0000e+00
      0.117     -0.000     5.0992     62.662     28.037  28.428976    22.7700     3.7171     0.1278     0.9306 1.2290e+02     3.0139      0.114      0.166    25.6896 0.0000e+00
      0.117     -0.000     5.1167     62.412     28.039  28.430965    22.7700     3.6904     0.1278     0.9306 1.2495e+02     3.0139      0.114      0.166    25.6905 0.0000e+00
      0.117     -0.000     5.1254     62.093     28.037  28.429345    22.7700     3.7171     0.1278     0.9306 1.2942e+02     2.9535      0.114      0.166    25.6912 0.0000e+00
      0.117     -0.000     5.1239     61.747     28.035  28.427668    22.7700     3.8392     0.1278     1.1421 1.3166e+02     2.9535      0.114      0.166    25.6916 0.0000e+00
      0.117     -0.000     5.1120     61.406     28.037  28.429467    22.7700     3.8163     0.1278     1.1421 1.2631e+02     2.9384      0.114      0.166    25.6919 0.0000e+00
      0.117     -0.000     5.0916     61.090     28.038  28.431242    22.7700     3.8506     0.1278     1.1421 1.3757e+02     2.9686      0.114      0.166    25.6922 0.0000e+00
      0.116      0.000     5.0655     60.810     28.035  28.429482    22.7700     3.8316     0.1278     1.1421 1.2979e+02     2.9837      0.114      0.166    25.6926 0.0000e+00
      0.116      0.000     5.0373     60.561     28.033  28.427701    22.8600     3.5302     0.0852     1.0152 1.2808e+02     3.3009      0.114      0.166    25.6933 0.0000e+00
      0.116      0.000     5.0094     60.326     28.034  28.429406    22.8600     3.5073     0.0852     1.0152 1.3004e+02     3.1952      0.114      0.165    25.6942 0.0000e+00
      0.116      0.000     4.9835     60.089     28.039  28.435052    22.8600     3.5226     0.0852     1.0152 1.2552e+02     3.1498      0.114      0.165    25.6953 0.0000e+00
      0.116      0.000     4.9605     59.839     28.050  28.446145    22.8600     3.5378     0.0852     1.0152 1.2648e+02     3.2707      0.114      0.166    25.6965 0.0000e+00
      0.116      0.000     4.9401     59.579     28.061  28.457678    22.8600     3.7667     0.0852     1.0152 1.2481e+02     3.2405      0.114      0.166    25.6976 0.0000e+00
      0.116      0.000     4.9209     59.310     28.063  28.460778    22.8600     3.7591     0.1278     1.0575 1.2378e+02     3.1498      0.114      0.166    25.6987 0.0000e+00
      0.117      0.000     4.9014     59.045     28.058  28.456271    22.8600     3.7858     0.1278     1.0575 1.2446e+02     3.2707      0.114      0.166    25.6997 0.0000e+00
      0.117      0.000     4.8810     58.796     28.053  28.450921    22.8600     3.7781     0.1278     1.0575 1.2892e+02     3.2405      0.114      0.166    25.7005 0.0000e+00
      0.116      0.000     4.8597     58.577     28.049  28.447285    22.8600     3.6484     0.1278     1.0575 1.2563e+02     2.9988      0.114      0.165    25.7013 0.0000e+00
      0.116      0.000     4.8377     58.391     28.046  28.444393    22.8600     3.6370     0.1278     1.0152 1.2993e+02     2.9988      0.114      0.165    25.7021 0.0000e+00
      0.116      0.000     4.8160     58.227     28.043  28.441473    22.8600     3.6446     0.1278     1.0152 1.2917e+02     3.0894      0.114      0.165    25.7028 0.0000e+00
      0.116      0.000     4.7956     58.067     28.039  28.437748    22.8600     3.6523     0.1278     1.0152 1.2301e+02     3.0290      0.114      0.166    25.7034 0.0000e+00
      0.117      0.000     4.7777     57.895     28.033  28.432222    22.8600     3.3967     0.1278     1.0152 1.2541e+02     2.8628      0.114      0.166    25.7040 0.0000e+00
      0.117      0.001     4.7625     57.704     28.024  28.423424    22.7700     3.4234     0.1278     0.9729 1.2584e+02     2.9535      0.114      0.166    25.7046 0.0000e+00
      0.117      0.001     4.7491     57.495     28.013  28.412989    22.7700     3.3967     0.1278     0.9729 1.1968e+02     2.9232      0.114      0.166    25.7052 0.0000e+00
      0.117      0.002     4.7359     57.270     28.006  28.406101    22.7700     3.4234     0.1278     0.9729 1.2604e+02     2.9535      0.114      0.166    25.7058 0.0000e+00
      0.117      0.002     4.7219     57.034     28.004  28.404906    22.7700     3.5569     0.1278     0.9729 1.2298e+02     3.2405      0.114      0.166    25.7065 0.0000e+00
      0.118      0.003     4.7063     56.794     28.008  28.409084    22.7700     3.5912     0.1278     1.1421 1.2078e+02     3.3462      0.115      0.167    25.7072 0.0000e+00
      0.119      0.003     4.6892     56.568     28.011  28.411784    22.7700     3.5912     0.1278     1.1421 1.2648e+02     3.2707      0.116      0.169    25.7079 0.0000e+00
      0.120      0.003     4.6707     56.372     28.005  28.405760    22.7700     3.5645     0.1278     1.1421 1.1454e+02     3.2707      0.117      0.170    25.7085 0.0000e+00
      0.121      0.003     4.6515     56.210     27.997  28.397373    22.7700     3.5302     0.1278     1.1421 1.2015e+02     2.9384      0.118      0.171    25.7090 0.0000e+00
      0.121      0.004     4.6319     56.077     27.992  28.392350    22.7700     3.5264     0.1278     1.1421 1.2727e+02     3.0139      0.118      0.172    25.7094 0.0000e+00
      0.122      0.005     4.6134     55.973     27.993  28.393335    22.7700     3.5302     0.1704     1.0575 1.1328e+02     3.0592      0.119      0.173    25.7096 0.0000e+00
      0.123      0.006     4.5975     55.900     28.000  28.400591    22.7700     3.5454     0.1704     1.0575 1.1395e+02     2.9535      0.120      0.174    25.7095 0.0000e+00
      0.125      0.007     4.5842     55.854     28.007  28.408088    22.7700     3.4119     0.1704     1.0575 1.2247e+02     3.0139      0.122      0.177    25.7093 0.0000e+00
      0.127      0.009     4.5734     55.824     28.013  28.413840    22.7700     3.4157     0.1704     1.0575 1.1073e+02     3.0139      0.124      0.180    25.7092 0.0000e+00
      0.129      0.010     4.5649     55.818     28.015  28.415401    22.8600     3.4272     0.1278     1.0575 1.1922e+02     2.9988      0.127      0.184    25.7092 0.0000e+00
      0.132      0.012     4.5590     55.867     28.009  28.409203    22.8600     3.4310     0.1278     1.0575 1.2508e+02     2.9837      0.129      0.188    25.7091 0.0000e+00
      0.135      0.014     4.5552     56.003     27.998  28.397577    22.8600     3.3509     0.1278     1.0575 1.1179e+02     3.2556      0.132      0.192    25.7091 0.0000e+00
      0.139      0.015     4.5528     56.229     27.987  28.385386    22.8600     3.3662     0.1278     1.0575 1.2667e+02     3.2103      0.136      0.197    25.7089 0.0000e+00
      0.143      0.016     4.5523     56.489     27.979  28.377346    22.7700     3.3738     0.0426     1.0152 1.1772e+02     3.1196      0.140      0.204    25.7085 0.0000e+00
      0.148      0.016     4.5563     56.701     27.978  28.375296    22.7700     3.3700     0.0426     1.0152 1.1211e+02     3.1801      0.145      0.211    25.7080 0.0000e+00
      0.153      0.015     4.5675     56.810     27.979  28.374706    22.7700     3.5836     0.0426     1.0152 1.2476e+02     3.1801      0.150      0.218    25.7072 0.0000e+00
      0.157      0.013     4.5860     56.791     27.981  28.375418    22.7700     3.6027     0.0426     1.0152 1.1092e+02     3.2707      0.154      0.223    25.7063 0.0000e+00
      0.160      0.010     4.6073     56.636     27.990  28.381606    22.8600     3.6027     0.1278     0.9306 1.2293e+02     3.1801      0.156      0.227    25.7052 0.0000e+00
      0.162      0.007     4.6247     56.356     27.997  28.386954    22.8600     3.5950     0.1278     0.9306 1.2293e+02     3.1952      0.159      0.230    25.7034 0.0000e+00
      0.163      0.004     4.6339     55.988     27.997  28.384921    22.8600     3.6484     0.1278     0.9306 1.1487e+02     2.9535      0.160      0.232    25.7008 0.0000e+00
      0.164      0.002     4.6326     55.595     27.996  28.382932    22.8600     3.6408     0.1278     0.9306 1.1749e+02     2.9837      0.161      0.233    25.6972 0.0000e+00
      0.164      0.001     4.6203     55.246     28.003  28.388421    22.8600     3.6408     0.1278     0.9306 1.1747e+02     2.9686      0.161      0.233    25.6932 0.0000e+00
      0.164      0.000     4.5978     54.993     28.010  28.394888    22.8600     3.6408     0.0852     0.8460 1.0905e+02     3.0139      0.160      0.232    25.6895 0.0000e+00
      0.163      0.000     4.5680     54.860     28.012  28.396090    22.8600     3.6370     0.0852     0.8460 1.1027e+02     3.2103      0.160      0.232    25.6867 0.0000e+00
      0.163      0.000     4.5361     54.854     28.012  28.396332    22.8600     3.6713     0.0852     0.8460 1.0806e+02     3.1196      0.160      0.232    25.6846 0.0000e+00
      0.163      0.001     4.5078     54.974     28.016  28.399661    22.8600     3.6637     0.0852     0.8460 9.8574e+01     3.2707      0.160      0.232    25.6830 0.0000e+00
      0.164      0.002     4.4872     55.207     28.019  28.402980    22.8600     3.6637     0.0852     0.9306 1.0531e+02     3.2556      0.160      0.233    25.6814 0.0000e+00
      0.164      0.002     4.4765     55.519     28.019  28.403194    22.8600     3.6599     0.0852     0.9306 1.0206e+02     2.9686      0.161      0.234    25.6798 0.0000e+00
      0.165      0.003     4.4761     55.862     28.020  28.404341    22.8600     3.6446     0.0852     0.9306 1.0041e+02     2.9837      0.162      0.235    25.6788 0.0000e+00
      0.166      0.003     4.4859     56.192     28.022  28.406727    22.8600     3.6523     0.0852     0.9306 1.0790e+02     2.9837      0.163      0.236    25.6785 0.0000e+00
      0.167      0.004     4.5049     56.479     28.019  28.403024    22.8600     3.6370     0.0852     0.9729 1.0166e+02     3.0441      0.163      0.238    25.6787 0.0000e+00
      0.168      0.004     4.5304     56.702     28.012  28.396227    22.8600     3.6523     0.0852     0.9729 1.0347e+02     3.3009      0.164      0.239    25.6791 0.0000e+00
      0.169      0.004     4.5584     56.838     28.012  28.396470    22.8600     3.6484     0.0852     0.9729 1.0922e+02     3.1801      0.165      0.240    25.6794 0.0000e+00
      0.170      0.003     4.5853     56.868     28.016  28.399836    22.8600     3.6675     0.0852     0.9729 9.9283e+01     3.2254      0.166      0.241    25.6795 0.0000e+00
      0.171      0.003     4.6087     56.787     28.015  28.399258    22.8600     3.6294     0.0852     0.8883 1.0476e+02     3.1801      0.167      0.243    25.6797 0.0000e+00
      0.172      0.002     4.6268     56.615     28.015  28.398564    22.8600     3.7667     0.0852     0.8883 1.0078e+02     2.9837      0.168      0.244    25.6799 0.0000e+00
      0.172      0.001     4.6379     56.381     28.018  28.401552    22.8600     3.8010     0.0852     0.8883 9.8360e+01     3.0894      0.169      0.245    25.6800 0.0000e+00
      0.172      0.001     4.6403     56.114     28.021  28.405035    22.8600     3.7667     0.0852     0.8883 1.0383e+02     3.0139      0.169      0.245    25.6798 0.0000e+00
      0.172      0.000     4.6338     55.831     28.018  28.401978    22.8600     3.7591     0.0852     0.8883 9.7827e+01     2.9384      0.169      0.245    25.6795 0.0000e+00
      0.172      0.000     4.6198     55.547     28.015  28.399530    22.8600     3.7324     0.0852     1.0575 9.8681e+01     3.0592      0.169      0.245    25.6793 0.0000e+00
      0.172      0.000     4.6007     55.280     28.025  28.408986    22.8600     3.7019     0.0852     1.0575 1.0024e+02     2.9837      0.169      0.245    25.6793 0.0000e+00
      0.172      0.000     4.5789     55.041     28.033  28.416937    22.8600     3.7057     0.0852     1.0575 9.9911e+01     3.0290      0.169      0.245    25.6794 0.0000e+00
      0.172      0.000     4.5558     54.826     28.025  28.409573    22.8600     3.7095     0.0852     1.0575 1.0206e+02     2.9535      0.169      0.245    25.6795 0.0000e+00
      0.172      0.000     4.5326     54.631     28.013  28.396879    22.8600     3.6561     0.1278     1.0152 9.8917e+01     3.0441      0.169      0.245    25.6796 0.0000e+00
      0.172      0.000     4.5108     54.460     28.007  28.391399    22.8600     3.6332     0.1278     1.0152 1.0226e+02     3.0290      0.169      0.244    25.6797 0.0000e+00
      0.172      0.001     4.4913     54.319     28.007  28.391673    22.8600     3.6446     0.1278     1.0152 1.0006e+02     2.9384      0.169      0.244    25.6797 0.0000e+00
      0.172      0.001     4.4738     54.209     28.009  28.393791    22.8600     3.6599     0.1278     1.0152 1.0164e+02     3.0290      0.169      0.244    25.6796 0.0000e+00
      0.172      0.002     4.4579     54.127     28.009  28.394336    22.7700     3.7133     0.1278     1.0575 1.0383e+02     2.9837      0.169      0.245    25.6795 0.0000e+00
      0.173      0.003     4.4439     54.069     28.004  28.389469    22.7700     3.7019     0.1278     1.0575 1.0268e+02     2.9535      0.170      0.246    25.6796 0.0000e+00
      0.174      0.004     4.4324     54.033     28.000  28.385858    22.7700     3.6866     0.1278     1.0575 9.8809e+01     2.9535      0.171      0.247    25.6800 0.0000e+00
      0.175      0.004     4.4234     54.020     28.004  28.390506    22.7700     3.7362     0.1278     1.0575 1.0268e+02     3.0139      0.172      0.249    25.6807 0.0000e+00
      0.176      0.005     4.4166     54.027     28.014  28.400669    22.7700     3.7286     0.1278     1.0575 9.8895e+01     3.2405      0.173      0.251    25.6814 0.0000e+00
      0.178      0.004     4.4118     54.047     28.024  28.411093    22.7700     3.7171     0.1278     1.0575 1.0078e+02     3.1498      0.174      0.253    25.6822 0.0000e+00
      0.179      0.004     4.4088     54.084     28.034  28.420574    22.7700     3.7133     0.1278     1.0575 9.6896e+01     3.1498      0.175      0.254    25.6829 0.0000e+00
      0.180      0.003     4.4076     54.163     28.049  28.435623    22.7700     3.7171     0.1278     1.0575 9.6706e+01     3.2707      0.176      0.256    25.6836 0.0000e+00
      0.180      0.002     4.4081     54.337     28.073  28.460254    22.7700     3.6942     0.1278     1.0575 9.4916e+01     3.0441      0.177      0.257    25.6841 0.0000e+00
      0.180      0.001     4.4098     54.700     28.097  28.485103    22.8600     3.7171     0.1278     1.0152 9.9715e+01     2.9232      0.177      0.257    25.6844 0.0000e+00
      0.180      0.000     4.4128     55.396     28.120  28.508832    22.8600     3.7019     0.1278     1.0152 9.9650e+01     2.9837      0.177      0.256    25.6843 0.0000e+00
      0.180     -0.001     4.4192     56.663     28.164  28.553699    22.8600     3.7019     0.1278     1.0152 1.0157e+02     3.0139      0.176      0.256    25.6842 0.0000e+00
      0.180     -0.002     4.4334     58.893     28.255  28.647600    22.8600     3.7705     0.1278     1.0152 1.0769e+02     3.0894      0.176      0.255    25.6841 0.0000e+00
      0.179     -0.002     4.4630     62.720     28.371  28.769772    22.8600     3.7667     0.1278     0.9729 1.0731e+02     3.0139      0.175      0.255    25.6842 0.0000e+00
      0.179     -0.002     4.5197     68.874     28.460  28.865176    22.8600     3.7743     0.1278     0.9729 1.0877e+02     2.9535      0.175      0.254    25.6847 0.0000e+00
      0.178     -0.002     4.6228     77.542     28.517  28.929381    22.8600     3.7743     0.1278     0.9729 1.0844e+02     2.9988      0.174      0.253    25.6860 0.0000e+00
      0.177     -0.002     4.8044     87.880     28.554  28.971544    22.8600     3.8125     0.1278     0.9729 1.0515e+02     3.2103      0.174      0.252    25.6894 0.0000e+00
