Data/DataNotYetUploadedToEDI/Raw_CTD/RawDownloads/090224_fcr40_S7809005.cnv
* Sea-Bird SBE19plus  Data File:
* FileName = C:\R\Reservoirs\Data\DataNotYetUploadedToEDI\Raw_CTD\RawDownloads\090224_fcr50_S7809_0005.hex
* Software version 2.8.0.119
* Temperature SN = 7809
* Conductivity SN = 7809
* System UpLoad Time = Sep 02 2024 17:18:40
* <ApplicationData>
* <Seaterm232>
# nquan = 15
# nvalues = 1264                        
# units = specified
# name 0 = depFM: Depth [fresh water, m]
# name 1 = dz/dtM: Descent Rate [m/s]
# name 2 = sbeox0Mg/L: Oxygen, SBE 43 [mg/l]
# name 3 = sbeox0PS: Oxygen, SBE 43 [% saturation]
# name 4 = specc: Specific Conductance [uS/cm]
# name 5 = c0uS/cm: Conductivity [uS/cm]
# name 6 = flECO-AFL: Fluorescence, WET Labs ECO-AFL/FL [mg/m^3]
# name 7 = ph: pH
# name 8 = orp: Oxidation Reduction Potential [mV]
# name 9 = par/sat/log: PAR/Logarithmic, Satlantic
# name 10 = turbWETntu0: Turbidity, WET Labs ECO [NTU]
# name 11 = prdM: Pressure, Strain Gauge [db]
# name 12 = prdE: Pressure, Strain Gauge [psi]
# name 13 = tv290C: Temperature [ITS-90, deg C]
# name 14 = flag:  0.000e+00
# span 0 =     -0.633,      6.055       
# span 1 =     -0.362,      0.217       
# span 2 =     0.1070,     8.3105       
# span 3 =      1.116,    101.351       
# span 4 =      5.882,     86.002       
# span 5 =   5.942656,  71.850428       
# span 6 =    -0.0750,    33.1408       
# span 7 =      6.510,      8.446       
# span 8 =   135.0681,   327.3312       
# span 9 = 1.3475e-01, 2.0546e+03       
# span 10 =    -0.4749,   203.1034      
# span 11 =     -0.623,      5.939      
# span 12 =     -0.903,      8.613      
# span 13 =    12.9109,    25.8367      
# span 14 = 0.0000e+00, 0.0000e+00      
# interval = seconds: 0.25
# start_time = Sep 02 2024 12:54:50 [Instrument's time stamp, header]
# bad_flag = -9.990e-29
*END*
[from data line 675]
      0.522      0.001     7.4601     91.404     42.330  42.914583     2.9827      8.445   214.1315 4.5885e+02     5.4183      0.512      0.742    25.7071 0.0000e+00
      0.526      0.001     7.4421     91.467     42.338  42.931698     2.9793      8.445   214.2064 4.6662e+02     5.3827      0.518      0.751    25.7031 0.0000e+00
      0.526      0.002     7.4417     91.570     42.325  42.925455     2.9572      8.445   214.3955 4.8003e+02     5.3967      0.517      0.750    25.6848 0.0000e+00
      0.521      0.002     7.4555     91.674     42.302  42.902574     2.9392      8.445   214.5253 4.8639e+02     5.4171      0.511      0.740    25.6737 0.0000e+00
      0.517      0.001     7.4584     91.742     42.307  42.908929     2.9285      8.444   214.4848 4.7542e+02     5.4244      0.504      0.731    25.6822 0.0000e+00
      0.518      0.000     7.4584     91.788     42.331  42.938833     2.9199      8.443   214.5078 4.6424e+02     5.4517      0.506      0.734    25.6975 0.0000e+00
      0.524     -0.001     7.4684     91.829     42.334  42.946791     2.9015      8.442   214.6317 4.6674e+02     5.4055      0.515      0.747    25.7065 0.0000e+00
      0.529      0.000     7.4788     91.872     42.325  42.941682     2.8721      8.441   214.7779 4.6219e+02     5.3785      0.522      0.757    25.7026 0.0000e+00
      0.527      0.005     7.4830     91.904     42.320  42.940533     2.8650      8.439   215.0718 4.5449e+02     5.4664      0.520      0.754    25.7024 0.0000e+00
      0.519      0.014     7.4853     91.914     42.312  42.932918     2.8735      8.435   215.4317 4.7220e+02     5.5123      0.507      0.736    25.7127 0.0000e+00
      0.515      0.025     7.4876     91.922     42.298  42.913078     2.8830      8.430   215.6014 4.9545e+02     5.4547      0.500      0.725    25.7164 0.0000e+00
      0.522      0.037     7.4908     91.930     42.291  42.891044     2.8964      8.428   215.5754 4.9316e+02     5.3843      0.508      0.737    25.7220 0.0000e+00
      0.541      0.048     7.4934     91.920     42.279  42.856900     2.9110      8.428   215.6338 4.8275e+02     5.3785      0.529      0.768    25.7289 0.0000e+00
      0.565      0.058     7.4928     91.889     42.261  42.817571     2.9259      8.427   215.8763 4.9554e+02     5.4184      0.557      0.807    25.7302 0.0000e+00
      0.585      0.065     7.4937     91.825     42.258  42.796308     2.9272      8.426   216.1845 5.0812e+02     5.4576      0.578      0.838    25.7260 0.0000e+00
      0.596      0.070     7.4990     91.718     42.266  42.790201     2.9104      8.423   216.5219 4.9804e+02     5.4423      0.584      0.848    25.7055 0.0000e+00
      0.607      0.077     7.5008     91.536     42.293  42.807172     2.8972      8.420   216.8576 4.9319e+02     5.3706      0.592      0.858    25.6763 0.0000e+00
      0.623      0.087     7.5031     91.269     42.304  42.811087     2.9002      8.416   217.1457 4.8682e+02     5.3753      0.609      0.883    25.6511 0.0000e+00
      0.648      0.100     7.5001     90.969     42.279  42.774045     2.9391      8.415   217.2529 4.6996e+02     5.4650      0.632      0.917    25.6297 0.0000e+00
      0.679      0.112     7.4953     90.691     42.269  42.740109     3.0008      8.415   217.2069 4.6504e+02     5.4988      0.664      0.962    25.6119 0.0000e+00
      0.715      0.119     7.4833     90.481     42.276  42.718089     3.0312      8.415   217.1921 5.0940e+02     5.4418      0.700      1.015    25.6010 0.0000e+00
      0.752      0.118     7.4586     90.332     42.278  42.698166     3.0320      8.416   217.1603 5.5321e+02     5.3918      0.738      1.071    25.5956 0.0000e+00
      0.785      0.111     7.4358     90.208     42.282  42.689598     3.0274      8.417   217.1662 5.1694e+02     5.4068      0.772      1.120    25.5853 0.0000e+00
      0.811      0.100     7.4140     90.064     42.279  42.677943     3.0575      8.417   217.2638 4.6587e+02     5.4521      0.796      1.154    25.5544 0.0000e+00
      0.834      0.089     7.4041     89.910     42.292  42.684176     3.1218      8.417   217.3068 4.5666e+02     5.4951      0.819      1.188    25.5117 0.0000e+00
      0.853      0.083     7.3958     89.814     42.314  42.701472     3.1558      8.416   217.4283 4.6401e+02     5.4827      0.838      1.216    25.4852 0.0000e+00
      0.868      0.083     7.3892     89.785     42.313  42.696655     3.1524      8.415   217.7009 4.5265e+02     5.4051      0.850      1.234    25.4751 0.0000e+00
      0.884      0.088     7.3792     89.790     42.309  42.689408     3.1471      8.415   217.8494 4.3029e+02     5.3766      0.865      1.254    25.4655 0.0000e+00
      0.906      0.094     7.3632     89.777     42.300  42.677305     3.1581      8.414   217.8469 4.2499e+02     5.4456      0.886      1.284    25.4562 0.0000e+00
      0.934      0.098     7.3578     89.737     42.302  42.677253     3.1690      8.414   217.8425 4.1639e+02     5.4872      0.914      1.326    25.4504 0.0000e+00
      0.967      0.098     7.3557     89.723     42.315  42.688779     3.1700      8.415   217.7973 4.0405e+02     5.4355      0.948      1.375    25.4470 0.0000e+00
      0.999      0.092     7.3589     89.729     42.316  42.689722     3.1868      8.417   217.7304 3.9931e+02     5.3676      0.983      1.425    25.4437 0.0000e+00
      1.024      0.084     7.3598     89.727     42.316  42.688647     3.2313      8.417   217.8077 3.9182e+02     5.3837      1.008      1.462    25.4398 0.0000e+00
      1.039      0.079     7.3527     89.697     42.305  42.675781     3.2753      8.416   218.0432 3.9327e+02     5.4591      1.021      1.481    25.4368 0.0000e+00
      1.049      0.081     7.3535     89.600     42.294  42.661096     3.2941      8.414   218.2554 4.0007e+02     5.4933      1.029      1.492    25.4353 0.0000e+00
      1.060      0.091     7.3550     89.435     42.283  42.638028     3.3003      8.413   218.3947 4.0388e+02     5.5245      1.037      1.505    25.4344 0.0000e+00
      1.080      0.108     7.3543     89.234     42.253  42.587260     3.3006      8.413   218.5219 4.0448e+02     5.5629      1.054      1.528    25.4332 0.0000e+00
      1.113      0.123     7.3549     88.989     42.250  42.554994     3.2971      8.413   218.5891 4.0479e+02     5.5814      1.086      1.577    25.4324 0.0000e+00
      1.157      0.132     7.3462     88.649     42.295  42.565212     3.3171      8.414   218.6908 3.9515e+02     5.6463      1.134      1.645    25.4318 0.0000e+00
      1.204      0.130     7.3337     88.195     42.342  42.583813     3.3844      8.414   218.8058 3.6216e+02     5.6976      1.183      1.715    25.4171 0.0000e+00
      1.244      0.120     7.3199     87.649     42.359  42.589444     3.4696      8.414   218.7751 3.3983e+02     5.6558      1.225      1.776    25.3913 0.0000e+00
      1.273      0.107     7.3072     87.061     42.335  42.569809     3.4977      8.413   218.8346 3.3744e+02     5.5851      1.253      1.817    25.3597 0.0000e+00
      1.290      0.098     7.2862     86.563     42.296  42.536814     3.4827      8.413   219.0955 3.3873e+02     5.5606      1.268      1.839    25.3100 0.0000e+00
      1.300      0.097     7.2523     86.227     42.276  42.507871     3.4805      8.413   219.3490 3.3811e+02     5.5641      1.273      1.846    25.2714 0.0000e+00
      1.316      0.104     7.2099     86.011     42.269  42.473728     3.4789      8.412   219.4897 3.3222e+02     5.5935      1.283      1.861    25.2596 0.0000e+00
      1.345      0.117     7.1539     85.835     42.276  42.441305     3.4719      8.412   219.5932 3.2119e+02     5.6426      1.314      1.906    25.2686 0.0000e+00
      1.385      0.128     7.1085     85.599     42.309  42.433131     3.4548      8.413   219.8249 3.0442e+02     5.6110      1.359      1.971    25.2871 0.0000e+00
      1.428      0.132     7.0847     85.206     42.345  42.438309     3.4295      8.414   220.0539 2.9057e+02     5.5870      1.402      2.033    25.2760 0.0000e+00
      1.469      0.126     7.0734     84.608     42.366  42.440390     3.4327      8.414   220.0398 2.8151e+02     5.6602      1.442      2.091    25.2405 0.0000e+00
      1.505      0.111     7.0683     83.807     42.394  42.458267     3.4603      8.414   219.9986 2.7603e+02     5.7098      1.480      2.146    25.1924 0.0000e+00
      1.530      0.096     7.0594     82.904     42.404  42.464033     3.4713      8.413   220.1576 2.7492e+02     5.6740      1.506      2.184    25.1355 0.0000e+00
      1.545      0.089     7.0329     82.073     42.385  42.446623     3.4578      8.412   220.3277 2.7558e+02     5.6031      1.517      2.201    25.0993 0.0000e+00
      1.554      0.090     6.9864     81.396     42.376  42.438178     3.4389      8.411   220.4202 2.7733e+02     5.6049      1.522      2.208    25.0783 0.0000e+00
      1.569      0.097     6.9203     80.913     42.368  42.425399     3.4261      8.411   220.5885 2.7384e+02     5.6958      1.532      2.222    25.0657 0.0000e+00
      1.597      0.109     6.8377     80.661     42.368  42.419054     3.4110      8.411   220.8136 2.6252e+02     5.7454      1.562      2.265    25.0632 0.0000e+00
      1.635      0.119     6.7680     80.608     42.380  42.424916     3.3977      8.410   220.9048 2.5231e+02     5.6927      1.605      2.327    25.0673 0.0000e+00
      1.675      0.123     6.7113     80.729     42.394  42.432790     3.3903      8.409   220.8313 2.4618e+02     5.6056      1.643      2.383    25.0705 0.0000e+00
      1.712      0.116     6.6693     80.984     42.418  42.450770     3.3789      8.409   220.8705 2.4062e+02     5.5799      1.680      2.437    25.0627 0.0000e+00
      1.744      0.103     6.6528     81.263     42.424  42.451901     3.3773      8.409   221.1210 2.3396e+02     5.6199      1.713      2.486    25.0537 0.0000e+00
      1.767      0.091     6.6487     81.484     42.422  42.446458     3.3876      8.409   221.2795 2.3054e+02     5.6461      1.736      2.518    25.0472 0.0000e+00
      1.781      0.084     6.6602     81.638     42.428  42.448413     3.4447      8.408   221.3244 2.2922e+02     5.6233      1.749      2.535    25.0395 0.0000e+00
      1.792      0.084     6.6865     81.706     42.403  42.412068     3.5431      8.407   221.4909 2.2662e+02     5.5830      1.756      2.545    25.0323 0.0000e+00
      1.808      0.092     6.7134     81.678     42.337  42.324349     3.5952      8.406   221.6582 2.2299e+02     5.6032      1.769      2.565    25.0261 0.0000e+00
      1.834      0.105     6.7308     81.565     42.276  42.212888     3.6669      8.407   221.6262 2.1644e+02     5.6969      1.799      2.608    25.0224 0.0000e+00
      1.866      0.116     6.7445     81.288     42.300  42.143304     4.3100      8.407   221.6211 2.1039e+02     5.9985      1.830      2.653    25.0215 0.0000e+00
      1.901      0.121     6.7535     80.729     42.373  42.117562     5.4538      8.407   221.7674 2.0324e+02     6.4830      1.860      2.698    25.0072 0.0000e+00
      1.942      0.117     6.7506     79.799     42.410  42.091891     6.0693      8.406   221.8468 1.9568e+02     6.7380      1.906      2.763    24.9860 0.0000e+00
      1.978      0.106     6.7503     78.461     42.447  42.086701     6.1167      8.406   221.8927 1.9128e+02     6.7935      1.946      2.823    24.9468 0.0000e+00
      2.003      0.093     6.7476     76.872     42.450  42.054757     6.1271      8.407   221.9788 1.8832e+02     6.8807      1.967      2.852    24.8133 0.0000e+00
      2.019      0.082     6.7211     75.226     42.404  41.959489     6.1620      8.408   222.1129 1.8641e+02     6.8702      1.981      2.872    24.6655 0.0000e+00
      2.031      0.074     6.6546     73.557     42.484  41.886793     6.1890      8.408   222.3099 1.8441e+02     6.7347      1.992      2.888    24.6131 0.0000e+00
      2.043      0.072     6.5412     71.697     42.733  41.873724     6.1789      8.409   222.4682 1.8234e+02     6.6094      2.001      2.903    24.5726 0.0000e+00
      2.060      0.077     6.4076     69.032     42.953  41.864543     6.1639      8.411   222.6495 1.7926e+02     6.5849      2.018      2.927    24.5171 0.0000e+00
      2.084      0.086     6.2712     64.638     43.087  41.838919     6.2498      8.413   222.9537 1.7426e+02     6.7105      2.045      2.965    24.5190 0.0000e+00
      2.109      0.097     6.1503     58.277     43.242  41.817574     6.4259      8.413   223.3926 1.7066e+02     6.8647      2.069      3.002    24.3709 0.0000e+00
      2.134      0.108     6.0589     51.019     43.411  41.796616     6.5284      8.413   223.8264 1.6799e+02     6.8774      2.091      3.033    23.9511 0.0000e+00
      2.160      0.121     5.9003     44.010     43.543  41.775654     6.5495      8.412   224.3269 1.6364e+02     6.7960      2.117      3.070    23.6780 0.0000e+00
      2.191      0.132     5.5561     37.468     43.638  41.754322     6.6729      8.409   225.1421 1.5843e+02     6.8040      2.147      3.113    23.5778 0.0000e+00
      2.226      0.141     4.9918     31.508     43.707  41.728938     6.9130      8.405   226.0258 1.5263e+02     6.9045      2.181      3.163    23.3540 0.0000e+00
      2.268      0.144     4.3446     26.463     43.783  41.722479     7.0465      8.401   226.7518 1.4658e+02     6.9525      2.221      3.223    23.1130 0.0000e+00
      2.313      0.139     3.7683     22.623     43.870  41.739594     7.0565      8.398   227.4678 1.4082e+02     6.9411      2.269      3.292    22.9508 0.0000e+00
      2.356      0.127     3.2087     20.099     43.926  41.745366     7.1170      8.395   228.2290 1.3640e+02     6.9026      2.316      3.359    22.8294 0.0000e+00
      2.386      0.112     2.6868     18.582     43.943  41.728734     7.2447      8.391   228.9001 1.3354e+02     6.8634      2.343      3.399    22.7283 0.0000e+00
      2.407      0.097     2.2509     17.592     43.975  41.728853     7.3274      8.387   229.4732 1.3139e+02     6.8761      2.360      3.424    22.6369 0.0000e+00
      2.425      0.089     1.9109     16.829     44.030  41.746765     7.3507      8.383   230.0826 1.2984e+02     6.8853      2.379      3.451    22.5602 0.0000e+00
      2.440      0.093     1.7101     16.237     44.085  41.754855     7.4518      8.380   230.7608 1.2819e+02     6.7702      2.393      3.470    22.5056 0.0000e+00
      2.456      0.105     1.5953     15.814     44.155  41.763137     7.6345      8.376   231.3073 1.2613e+02     6.5773      2.406      3.490    22.4740 0.0000e+00
      2.480      0.120     1.5205     15.446     44.262  41.783353     7.7201      8.372   231.6994 1.2238e+02     6.5343      2.428      3.521    22.4439 0.0000e+00
      2.518      0.129     1.4555     15.005     44.398  41.808767     7.7209      8.368   232.1467 1.1683e+02     6.6267      2.464      3.575    22.4040 0.0000e+00
      2.567      0.130     1.4023     14.341     44.517  41.816390     7.7769      8.363   232.6717 1.1115e+02     6.6349      2.519      3.654    22.3580 0.0000e+00
      2.613      0.120     1.3746     13.396     44.590  41.811906     8.2971      8.358   233.1423 1.0668e+02     6.6333      2.568      3.725    22.2951 0.0000e+00
      2.646      0.103     1.3457     12.263     44.628  41.817921     9.2335      8.354   233.4484 1.0400e+02     6.7438      2.599      3.770    22.2069 0.0000e+00
      2.665      0.083     1.3177     11.093     44.635  41.825610     9.7364      8.351   233.7063 1.0285e+02     6.8441      2.617      3.796    22.0793 0.0000e+00
      2.675      0.069     1.2648     10.044     44.646  41.841401     9.7749      8.346   234.0232 1.0250e+02     6.8891      2.625      3.807    21.9483 0.0000e+00
      2.678      0.067     1.1799      9.218     44.710  41.881930     9.6649      8.342   234.3549 1.0205e+02     6.9126      2.625      3.807    21.8602 0.0000e+00
      2.685      0.074     1.0774      8.694     44.847  41.934803     9.4300      8.338   234.6197 1.0052e+02     6.8891      2.628      3.813    21.8318 0.0000e+00
