Data/DataNotYetUploadedToEDI/Raw_CTD/RawDownloads/090224_fcr30_S7809004.cnv
* Sea-Bird SBE19plus  Data File:
* FileName = C:\R\Reservoirs\Data\DataNotYetUploadedToEDI\Raw_CTD\RawDownloads\090224_fcr50_S7809_0004.hex
* Software version 2.8.0.119
* Temperature SN = 7809
* Conductivity SN = 7809
* System UpLoad Time = Sep 02 2024 17:18:06
* <ApplicationData>
* <Seaterm232>
# nquan = 15
# nvalues = 1391                        
# units = specified
# name 0 = depFM: Depth [fresh water, m]
# name 1 = dz/dtM: Descent Rate [m/s]
# name 2 = sbeox0Mg/L: Oxygen, SBE 43 [mg/l]
# name 3 = sbeox0PS: Oxygen, SBE 43 [% saturation]
# name 4 = specc: Specific Conductance [uS/cm]
# name 5 = c0uS/cm: Conductivity [uS/cm]
# name 6 = flECO-AFL: Fluorescence, WET Labs ECO-AFL/FL [mg/m^3]
# name 7 = ph: pH
# name 8 = orp: Oxidation Reduction Potential [mV]
# name 9 = par/sat/log: PAR/Logarithmic, Satlantic
# name 10 = turbWETntu0: Turbidity, WET Labs ECO [NTU]
# name 11 = prdM: Pressure, Strain Gauge [db]
# name 12 = prdE: Pressure, Strain Gauge [psi]
# name 13 = tv290C: Temperature [ITS-90, deg C]
# name 14 = flag:  0.000e+00
# span 0 =     -0.633,      5.486       
# span 1 =     -0.358,      0.261       
# span 2 =     0.1577,     8.4477       
# span 3 =      1.636,    103.171       
# span 4 =      4.793,     94.868       
# span 5 =   4.867457,  79.612652       
# span 6 =    -0.9278,    52.3825       
# span 7 =      7.411,      8.425       
# span 8 =   -94.5450,  1066.6701       
# span 9 = 2.7972e-01, 2.2229e+03       
# span 10 =    -0.9570,   139.4860      
# span 11 =     -0.623,      5.380      
# span 12 =     -0.904,      7.803      
# span 13 =    12.8991,    25.8915      
# span 14 = 0.0000e+00, 0.0000e+00      
# interval = seconds: 0.25
# start_time = Sep 02 2024 12:46:06 [Instrument's time stamp, header]
# bad_flag = -9.990e-29
*END*
[from data line 1061]
      4.975     -0.031     5.3776     51.208     64.346  49.355029     1.4714      7.710   241.2401 8.2479e-01    32.9981      4.875      7.069    13.4500 0.0000e+00
      4.982     -0.009     5.4156     50.672     64.379  49.337522     1.4533      7.709   241.2695 8.0526e-01    34.9209      4.886      7.085    13.4851 0.0000e+00
      4.993     -0.002     5.4302     50.325     64.441  49.364326     1.4432      7.706   241.4560 7.7326e-01    38.6723      4.895      7.100    13.4582 0.0000e+00
      5.003     -0.012     5.4112     50.234     64.606  49.488614     1.4488      7.704   241.7732 7.4828e-01    40.8146      4.909      7.120    13.3969 0.0000e+00
      5.008     -0.040     5.3554     50.439     64.777  49.633880     1.4538      7.704   242.0073 7.6664e-01    40.9077      4.916      7.130    13.3415 0.0000e+00
      4.998     -0.079     5.2914     50.924     64.858  49.723859     1.4133      7.703   242.1354 8.2736e-01    39.1841      4.908      7.118    13.3079 0.0000e+00
      4.971     -0.120     5.2593     51.575     64.849  49.751148     1.3246      7.701   242.2036 9.2050e-01    35.9607      4.881      7.079    13.2952 0.0000e+00
      4.927     -0.156     5.2457     52.250     64.747  49.709885     1.2646      7.698   242.2303 1.0557e+00    34.2150      4.834      7.011    13.2934 0.0000e+00
      4.873     -0.186     5.2662     52.767     64.571  49.605976     1.2527      7.696   242.3717 1.2267e+00    33.9606      4.779      6.932    13.3040 0.0000e+00
      4.817     -0.205     5.3205     53.012     64.427  49.510750     1.2226      7.695   242.5368 1.4141e+00    32.4076      4.723      6.850    13.3282 0.0000e+00
      4.761     -0.207     5.3881     52.990     64.430  49.510953     1.1666      7.695   242.6781 1.6198e+00    29.5455      4.669      6.771    13.3550 0.0000e+00
      4.705     -0.189     5.4644     52.746     64.645  49.671928     1.1257      7.695   242.7895 1.8712e+00    27.9121      4.616      6.695    13.3857 0.0000e+00
      4.646     -0.157     5.5190     52.358     64.966  49.933186     1.0938      7.695   242.7641 2.1373e+00    27.5857      4.555      6.606    13.4142 0.0000e+00
      4.595     -0.117     5.5416     51.952     65.091  50.066502     1.0469      7.695   242.7153 2.2942e+00    26.1795      4.496      6.520    13.4267 0.0000e+00
      4.570     -0.077     5.5385     51.620     64.977  50.013972     0.9997      7.695   242.7168 2.2878e+00    23.6177      4.469      6.482    13.4193 0.0000e+00
      4.571     -0.041     5.5125     51.361     64.867  49.933061     0.9888      7.694   242.7821 2.2136e+00    22.1967      4.481      6.498    13.4099 0.0000e+00
      4.582     -0.013     5.4649     51.058     64.872  49.913664     0.9984      7.694   242.9885 2.1557e+00    22.0811      4.496      6.521    13.4184 0.0000e+00
      4.589      0.005     5.4144     50.560     64.898  49.906406     1.0249      7.693   243.2332 2.1220e+00    22.5959      4.502      6.528    13.4553 0.0000e+00
      4.591      0.013     5.3747     49.869     64.843  49.845274     1.0678      7.693   243.3322 2.1261e+00    23.5708      4.504      6.532    13.4954 0.0000e+00
      4.589      0.016     5.3521     49.134     64.823  49.809456     1.0923      7.693   243.3250 2.1426e+00    24.1323      4.500      6.527    13.4946 0.0000e+00
      4.587      0.016     5.3322     48.472     64.908  49.854281     1.1054      7.693   243.4040 2.1256e+00    24.2606      4.496      6.521    13.4669 0.0000e+00
      4.591      0.011     5.2833     47.951     64.952  49.879263     1.1018      7.692   243.6847 2.0776e+00    24.3026      4.500      6.526    13.4431 0.0000e+00
      4.602     -0.006     5.2035     47.625     64.922  49.857518     1.0563      7.689   243.8799 2.0093e+00    24.7086      4.511      6.543    13.4328 0.0000e+00
      4.615     -0.035     5.1253     47.514     64.902  49.845355     0.9972      7.687   243.6993 1.9666e+00    25.5491      4.529      6.569    13.4183 0.0000e+00
      4.617     -0.072     5.0568     47.612     64.907  49.859194     0.9774      7.685   243.4801 2.0410e+00    26.0270      4.539      6.582    13.3952 0.0000e+00
      4.594     -0.112     4.9998     47.862     64.934  49.897865     0.9838      7.683   243.4664 2.2819e+00    26.0468      4.515      6.548    13.3922 0.0000e+00
      4.544     -0.146     4.9660     48.192     64.948  49.931974     0.9573      7.681   243.4484 2.6438e+00    25.2755      4.459      6.467    13.3951 0.0000e+00
      4.483     -0.165     4.9530     48.536     64.867  49.890663     0.8988      7.679   243.4338 3.0388e+00    23.7385      4.394      6.373    13.3945 0.0000e+00
      4.426     -0.160     4.9658     48.831     64.712  49.779377     0.8579      7.678   243.5481 3.4149e+00    22.8349      4.337      6.292    13.4029 0.0000e+00
      4.378     -0.133     4.9927     49.044     64.659  49.729342     0.8548      7.678   243.6256 3.7380e+00    22.7536      4.291      6.223    13.4171 0.0000e+00
      4.343     -0.094     5.0272     49.180     64.760  49.793652     0.8783      7.678   243.5968 3.9269e+00    22.8575      4.251      6.166    13.4370 0.0000e+00
      4.328     -0.056     5.0637     49.255     64.930  49.921964     0.9083      7.678   243.6298 3.9294e+00    22.9979      4.237      6.144    13.4559 0.0000e+00
      4.331     -0.032     5.0946     49.300     65.040  50.010838     0.9184      7.677   243.6804 3.8123e+00    23.0505      4.244      6.156    13.4663 0.0000e+00
      4.341     -0.028     5.1175     49.340     64.991  49.979284     0.9089      7.676   243.6065 3.6784e+00    23.0145      4.258      6.176    13.4534 0.0000e+00
      4.351     -0.045     5.1330     49.289     64.910  49.921446     0.9108      7.675   243.4247 3.6267e+00    23.2472      4.271      6.194    13.4354 0.0000e+00
      4.347     -0.079     5.1405     49.008     64.937  49.946495     0.9327      7.673   243.2027 3.7860e+00    23.7798      4.272      6.197    13.4381 0.0000e+00
      4.321     -0.120     5.1412     48.473     65.031  50.028164     0.9482      7.671   242.9873 4.2247e+00    24.0568      4.245      6.158    13.4426 0.0000e+00
      4.273     -0.160     5.1490     47.818     65.081  50.083468     0.9411      7.670   242.7997 4.8754e+00    23.9669      4.193      6.082    13.4482 0.0000e+00
      4.215     -0.190     5.1500     47.207     65.088  50.107213     0.9217      7.669   242.6552 5.6335e+00    23.4097      4.134      5.997    13.4520 0.0000e+00
      4.154     -0.209     5.1223     46.736     65.087  50.124808     0.9124      7.668   242.5298 6.4140e+00    22.5464      4.072      5.906    13.4521 0.0000e+00
      4.097     -0.210     5.0590     46.421     65.122  50.169231     0.9201      7.667   242.2305 7.1925e+00    22.1713      4.014      5.822    13.4593 0.0000e+00
      4.045     -0.193     4.9822     46.232     65.389  50.390363     0.9323      7.667   241.7035 8.1236e+00    22.1528      3.967      5.754    13.4743 0.0000e+00
      3.992     -0.161     4.9136     46.155     65.767  50.703098     0.9594      7.666   241.3195 9.3450e+00    21.7081      3.917      5.681    13.4898 0.0000e+00
      3.940     -0.118     4.8627     46.148     66.138  51.029618     0.9980      7.663   241.2019 1.0420e+01    20.9623      3.857      5.594    13.5017 0.0000e+00
      3.905     -0.073     4.8305     46.109     66.805  51.607871     1.0170      7.660   241.0561 1.0777e+01    20.6158      3.818      5.538    13.5180 0.0000e+00
      3.899     -0.031     4.8091     45.873     67.412  52.170213     1.0225      7.658   240.8473 1.0540e+01    20.6275      3.818      5.537    13.5270 0.0000e+00
      3.912      0.003     4.8017     45.221     67.440  52.304334     1.0310      7.656   240.7428 1.0043e+01    20.6586      3.833      5.560    13.5377 0.0000e+00
      3.933      0.025     4.8006     43.775     67.206  52.213627     1.1196      7.655   240.5667 9.4900e+00    20.8216      3.857      5.594    13.5709 0.0000e+00
      3.953      0.034     4.7985     40.991     67.071  52.153152     1.2949      7.654   240.1809 9.1875e+00    21.1300      3.881      5.629    13.6141 0.0000e+00
      3.961      0.033     4.7742     36.683     67.036  52.144706     1.3949      7.652   239.7782 9.2360e+00    21.3131      3.890      5.642    13.6825 0.0000e+00
      3.958      0.023     4.7061     31.322     66.967  52.111513     1.3964      7.650   239.3970 9.3527e+00    21.3961      3.881      5.629    13.7836 0.0000e+00
      3.956      0.003     4.5761     25.666     66.806  52.005851     1.3957      7.648   238.9272 9.2468e+00    21.9961      3.874      5.619    13.8584 0.0000e+00
      3.963     -0.024     4.2977     20.386     66.661  51.883224     1.4027      7.647   238.3133 8.9503e+00    23.0680      3.883      5.632    13.8830 0.0000e+00
      3.973     -0.054     3.8270     15.759     66.653  51.835380     1.3981      7.646   237.6535 8.9003e+00    23.6310      3.902      5.659    13.8872 0.0000e+00
      3.965     -0.084     3.2460     11.888     66.753  51.871831     1.3818      7.645   237.0579 9.5868e+00    23.6448      3.902      5.658    13.9010 0.0000e+00
      3.930     -0.112     2.6298      9.139     66.875  51.942890     1.3223      7.644   236.4461 1.0975e+01    23.3375      3.861      5.599    13.9308 0.0000e+00
      3.878     -0.135     2.0776      7.857     67.198  52.186507     1.2357      7.643   235.9356 1.2782e+01    22.7507      3.801      5.513    13.9247 0.0000e+00
      3.827     -0.143     1.6075      8.054     67.955  52.785296     1.1930      7.642   235.6174 1.4773e+01    22.4256      3.750      5.438    13.8795 0.0000e+00
      3.786     -0.130     1.1874      9.477     69.285  53.848445     1.1887      7.641   235.1796 1.6625e+01    22.3783      3.710      5.381    13.8440 0.0000e+00
      3.752     -0.101     0.8891     11.762     70.703  55.006820     1.1920      7.639   234.6859 1.8208e+01    22.3838      3.677      5.334    13.8287 0.0000e+00
      3.728     -0.066     0.7577     14.550     71.368  55.613507     1.1998      7.637   234.2944 1.9084e+01    22.4921      3.650      5.293    13.8229 0.0000e+00
      3.718     -0.036     0.7882     17.435     71.457  55.785508     1.2076      7.634   233.3712 1.8924e+01    22.5941      3.640      5.279    13.8296 0.0000e+00
      3.721     -0.023     0.9492     19.868     71.469  55.879835     1.2200      7.631   231.6974 1.8285e+01    22.6269      3.648      5.291    13.8512 0.0000e+00
      3.731     -0.028     1.1970     21.308     71.703  56.118965     1.2670      7.627   230.1461 1.7606e+01    22.8881      3.659      5.306    13.8850 0.0000e+00
      3.739     -0.051     1.4952     21.493     71.909  56.326780     1.3343      7.623   229.1561 1.7529e+01    23.3618      3.672      5.326    13.9556 0.0000e+00
      3.734     -0.084     1.8107     20.500     71.484  56.042467     1.3680      7.618   228.3301 1.9298e+01    23.6400      3.673      5.328    14.0373 0.0000e+00
      3.702     -0.120     2.0814     18.708     70.964  55.666658     1.3755      7.613   227.3865 2.2859e+01    23.6898      3.638      5.277    14.0990 0.0000e+00
      3.649     -0.152     2.2365     16.697     70.786  55.530349     1.3906      7.609   226.3507 2.6698e+01    23.3837      3.578      5.190    14.1335 0.0000e+00
      3.592     -0.174     2.2513     14.961     70.880  55.601124     1.4092      7.607   225.0992 3.0083e+01    22.7732      3.521      5.107    14.1557 0.0000e+00
      3.542     -0.183     2.1340     13.788     71.233  55.887238     1.4008      7.607   223.7842 3.3072e+01    22.3888      3.472      5.035    14.2031 0.0000e+00
      3.498     -0.173     1.9242     13.331     71.505  56.131604     1.3803      7.607   222.7552 3.5764e+01    22.2551      3.429      4.974    14.2287 0.0000e+00
      3.456     -0.148     1.7001     13.593     72.989  57.349017     1.3858      7.606   221.6908 3.8593e+01    22.1816      3.392      4.920    14.2200 0.0000e+00
      3.412     -0.116     1.5135     14.398     76.832  60.506855     1.4267      7.606   220.5513 4.1349e+01    22.0124      3.345      4.852    14.2161 0.0000e+00
      3.376     -0.084     1.3875     15.498     79.727  63.184916     1.4829      7.606   219.3888 4.2795e+01    21.6776      3.300      4.788    14.2169 0.0000e+00
      3.361     -0.061     1.3387     16.644     78.388  62.793016     1.5074      7.607   218.3032 4.2665e+01    21.4473      3.289      4.770    14.2434 0.0000e+00
      3.363     -0.051     1.3725     17.540     74.643  60.343980     1.5069      7.608   217.9220 4.1931e+01    21.3794      3.297      4.781    14.2768 0.0000e+00
      3.373     -0.057     1.4639     17.843     72.031  58.288280     1.5024      7.609   217.8778 4.1422e+01    21.3355      3.308      4.799    14.3058 0.0000e+00
      3.374     -0.076     1.5760     17.228     71.663  57.694658     1.4941      7.612   217.5970 4.2275e+01    21.2929      3.318      4.812    14.5202 0.0000e+00
      3.352     -0.101     1.6840     15.743     72.148  57.803423     1.4891      7.615   217.0219 4.5145e+01    21.3082      3.298      4.783    15.0848 0.0000e+00
      3.305     -0.119     1.7648     13.949     72.589  58.015013     1.5004      7.616   216.2583 4.9033e+01    21.3501      3.244      4.706    15.5959 0.0000e+00
      3.250     -0.123     1.8130     12.436     73.764  58.918871     1.5815      7.616   215.8500 5.2618e+01    20.7745      3.184      4.617    15.5495 0.0000e+00
      3.202     -0.108     1.7654     11.483     75.323  60.219563     1.7207      7.616   215.7849 5.4909e+01    19.6429      3.133      4.543    15.2222 0.0000e+00
      3.175     -0.077     1.5965     11.115     75.754  60.718913     1.8016      7.615   215.8149 5.5551e+01    19.0423      3.106      4.504    15.0159 0.0000e+00
      3.167     -0.039     1.3950     11.241     75.506  60.700473     1.8184      7.615   215.8692 5.5265e+01    18.9107      3.104      4.501    14.9335 0.0000e+00
      3.172     -0.008     1.2344     11.721     75.324  60.695632     2.0238      7.619   215.1512 5.4586e+01    18.3601      3.109      4.509    14.9197 0.0000e+00
      3.182      0.002     1.1380     12.333     74.644  60.279348     2.4125      7.623   214.1023 5.3569e+01    17.4401      3.119      4.524    14.9366 0.0000e+00
      3.196     -0.013     1.1018     12.808     73.463  59.415564     2.6143      7.625   214.0283 5.2541e+01    16.9411      3.135      4.548    15.0655 0.0000e+00
      3.206     -0.045     1.1149     12.988     72.451  58.637248     2.6241      7.627   214.2565 5.2361e+01    16.8698      3.149      4.568    15.2192 0.0000e+00
      3.200     -0.083     1.1692     12.889     72.043  58.364707     2.6728      7.628   214.1938 5.4180e+01    17.0228      3.148      4.566    15.2720 0.0000e+00
      3.165     -0.113     1.2391     12.599     71.850  58.280202     2.7789      7.630   214.3890 5.8180e+01    17.3906      3.113      4.516    15.3881 0.0000e+00
      3.109     -0.127     1.2907     12.227     71.383  57.996728     2.8502      7.634   214.5516 6.2975e+01    17.6277      3.049      4.422    15.4611 0.0000e+00
      3.049     -0.122     1.3071     11.917     70.599  57.541703     2.8767      7.639   213.9231 6.6887e+01    17.7026      2.984      4.328    15.4421 0.0000e+00
      3.007     -0.097     1.2916     11.737     69.511  56.971060     2.8917      7.644   212.9836 6.8800e+01    17.6814      2.939      4.263    15.5063 0.0000e+00
      2.991     -0.062     1.2591     11.652     68.247  56.369535     3.0482      7.647   212.3126 6.8555e+01    17.5084      2.925      4.243    15.5524 0.0000e+00
      2.994     -0.028     1.2141     11.591     67.244  55.985745     3.3620      7.649   211.4026 6.7296e+01    17.3181      2.934      4.256    15.5958 0.0000e+00
