Data/DataNotYetUploadedToEDI/Raw_CTD/RawDownloads/090224_bvr50_S8188001.cnv
* Sea-Bird SBE19plus  Data File:
* FileName = C:\R\Reservoirs\Data\DataNotYetUploadedToEDI\Raw_CTD\RawDownloads\090224_bvr50_S8188_0001.hex
* Software version 2.8.0.119
* Temperature SN = 8188
* Conductivity SN = 8188
* System UpLoad Time = Sep 02 2024 17:33:23
* <ApplicationData>
* <Seaterm232>
# nquan = 16
# nvalues = 3913                        
# units = specified
# name 0 = depFM: Depth [fresh water, m]
# name 1 = dz/dtM: Descent Rate [m/s]
# name 2 = sbeox0Mg/L: Oxygen, SBE 43 [mg/l]
# name 3 = sbeox0PS: Oxygen, SBE 43 [% saturation]
# name 4 = specc: Specific Conductance [uS/cm]
# name 5 = c0uS/cm: Conductivity [uS/cm]
# name 6 = wetCDOM: Fluorescence, WET Labs CDOM [mg/m^3]
# name 7 = flECO-AFL: Fluorescence, WET Labs ECO-AFL/FL [mg/m^3]
# name 8 = flECO-AFL1: Fluorescence, WET Labs ECO-AFL/FL, 2 [mg/m^3]
# name 9 = flECO-AFL2: Fluorescence, WET Labs ECO-AFL/FL, 3 [mg/m^3]
# name 10 = par/sat/log: PAR/Logarithmic, Satlantic
# name 11 = turbWETntu0: Turbidity, WET Labs ECO [NTU]
# name 12 = prdM: Pressure, Strain Gauge [db]
# name 13 = prdE: Pressure, Strain Gauge [psi]
# name 14 = tv290C: Temperature [ITS-90, deg C]
# name 15 = flag:  0.000e+00
# span 0 =     -0.701,      9.236       
# span 1 =     -0.262,      0.201       
# span 2 =    -0.0175,    10.0232       
# span 3 =     -0.195,    122.970       
# span 4 =   -681.016,    189.154       
# span 5 =-495.345998, 133.452105       
# span 6 =    -4.5000,   109.8900       
# span 7 =    -1.7037,    33.7774       
# span 8 =    -8.0514,     3.1098       
# span 9 =    -2.0304,     6.0489       
# span 10 = 1.1580e-01, 2.1024e+03      
# span 11 =    -6.7751,    95.3293      
# span 12 =     -0.687,      9.057      
# span 13 =     -0.997,     13.136      
# span 14 =    10.2705,    26.1875      
# span 15 = 0.0000e+00, 0.0000e+00      
# interval = seconds: 0.25
# start_time = Sep 02 2024 10:17:44 [Instrument's time stamp, header]
# bad_flag = -9.990e-29
*END*
[from data line 1356]
     -0.136      0.001     8.3547    102.457     28.553  28.983434    23.0400     3.8277     0.1278     1.2690 7.5007e+02     3.2103     -0.134     -0.194    25.7463 0.0000e+00
     -0.136      0.001     8.3581    102.415     28.560  28.990291    23.0400     3.8316     0.1278     1.2690 7.4844e+02     3.1952     -0.133     -0.193    25.7466 0.0000e+00
     -0.135      0.001     8.3581    102.403     28.565  28.995332    23.0400     3.8316     0.1278     1.2690 7.4293e+02     3.3160     -0.133     -0.193    25.7469 0.0000e+00
     -0.135      0.001     8.3548    102.434     28.577  29.007868    22.9500     3.8544     0.1278     1.0575 7.4552e+02     3.1498     -0.133     -0.192    25.7471 0.0000e+00
     -0.135      0.001     8.3502    102.516     28.585  29.015309    22.9500     3.8010     0.1278     1.0575 7.3907e+02     3.0139     -0.132     -0.192    25.7472 0.0000e+00
     -0.135      0.001     8.3467    102.639     28.573  29.003709    22.9500     3.8430     0.1278     1.0575 7.4196e+02     2.9384     -0.132     -0.192    25.7472 0.0000e+00
     -0.135      0.001     8.3457    102.780     28.559  28.989888    22.9500     3.8239     0.1278     1.0575 7.4084e+02     2.9686     -0.132     -0.191    25.7472 0.0000e+00
     -0.134      0.001     8.3483    102.907     28.555  28.986092    22.9500     3.8506     0.1278     1.1421 7.3634e+02     2.9232     -0.132     -0.191    25.7471 0.0000e+00
     -0.134      0.001     8.3550    102.988     28.557  28.987327    22.9500     3.7591     0.1278     1.1421 7.3843e+02     3.1801     -0.132     -0.191    25.7472 0.0000e+00
     -0.134      0.001     8.3649    103.008     28.567  28.997905    22.9500     3.7858     0.1278     1.1421 7.3907e+02     3.1801     -0.131     -0.191    25.7473 0.0000e+00
     -0.134      0.001     8.3764    102.959     28.593  29.024628    22.9500     3.7438     0.1278     1.1421 7.3778e+02     3.1196     -0.131     -0.190    25.7475 0.0000e+00
     -0.134      0.001     8.3868    102.848     28.611  29.042761    23.0400     3.7743     0.1278     1.2267 7.3810e+02     3.1196     -0.131     -0.190    25.7476 0.0000e+00
     -0.133      0.002     8.3934    102.705     28.602  29.033242    23.0400     3.7896     0.1278     1.2267 7.3778e+02     3.2405     -0.131     -0.189    25.7478 0.0000e+00
     -0.133      0.002     8.3950    102.575     28.582  29.013447    23.0400     3.7591     0.1278     1.2267 7.3730e+02     3.1649     -0.130     -0.189    25.7479 0.0000e+00
     -0.132      0.002     8.3910    102.489     28.571  29.001995    23.0400     3.7781     0.1278     1.2267 7.3859e+02     3.1498     -0.130     -0.188    25.7480 0.0000e+00
     -0.132      0.002     8.3818    102.443     28.577  29.007778    23.0400     3.7629     0.1278     1.2267 7.3618e+02     3.1498     -0.129     -0.187    25.7481 0.0000e+00
     -0.131      0.003     8.3701    102.424     28.581  29.012426    22.9500     3.8735     0.1278     1.1421 7.3923e+02     3.1952     -0.128     -0.186    25.7482 0.0000e+00
     -0.130      0.003     8.3596    102.431     28.566  28.997264    22.9500     3.9002     0.1278     1.1421 7.4325e+02     3.1952     -0.128     -0.185    25.7483 0.0000e+00
     -0.129      0.004     8.3525    102.478     28.555  28.986129    22.9500     3.8964     0.1278     1.1421 7.4148e+02     3.1347     -0.127     -0.184    25.7485 0.0000e+00
     -0.128      0.004     8.3487    102.560     28.560  28.991983    22.9500     3.8773     0.1278     1.1421 7.4439e+02     3.3160     -0.126     -0.182    25.7486 0.0000e+00
     -0.127      0.004     8.3472    102.652     28.565  28.996472    23.0400     4.0643     0.1278     1.1844 7.4229e+02     3.1801     -0.125     -0.181    25.7488 0.0000e+00
     -0.126      0.004     8.3477    102.741     28.565  28.996811    23.0400     4.0681     0.1278     1.1844 7.4601e+02     3.2405     -0.124     -0.179    25.7489 0.0000e+00
     -0.125      0.005     8.3515    102.829     28.577  29.009021    23.0400     4.0604     0.1278     1.1844 7.4682e+02     3.1801     -0.122     -0.177    25.7491 0.0000e+00
     -0.124      0.005     8.3581    102.915     28.600  29.032376    23.0400     4.0566     0.1278     1.1844 7.4747e+02     3.1498     -0.121     -0.176    25.7493 0.0000e+00
     -0.122      0.005     8.3656    102.981     28.609  29.041240    23.0400     4.0681     0.1278     1.0998 7.4682e+02     3.2405     -0.120     -0.174    25.7494 0.0000e+00
     -0.121      0.005     8.3728    103.009     28.590  29.022048    23.0400     4.0719     0.1278     1.0998 7.4747e+02     3.1801     -0.119     -0.172    25.7494 0.0000e+00
     -0.120      0.006     8.3800    102.984     28.565  28.997559    23.0400     4.0719     0.1278     1.0998 7.5056e+02     3.2103     -0.118     -0.170    25.7495 0.0000e+00
     -0.118      0.006     8.3870    102.907     28.565  28.997090    23.0400     4.0871     0.1278     1.0998 6.9938e+02     3.2405     -0.116     -0.168    25.7497 0.0000e+00
     -0.117      0.006     8.3924    102.800     28.588  29.020515    23.0400     3.8316     0.1278     1.1421 7.6206e+02     3.2405     -0.115     -0.166    25.7498 0.0000e+00
     -0.115      0.005     8.3947    102.685     28.609  29.042218    23.0400     3.8316     0.1278     1.1421 9.4909e+02     3.1801     -0.113     -0.164    25.7500 0.0000e+00
     -0.114      0.004     8.3926    102.573     28.618  29.052055    23.0400     3.8239     0.1278     1.1421 6.9182e+02     3.3009     -0.111     -0.162    25.7502 0.0000e+00
     -0.113      0.003     8.3863    102.465     28.619  29.052651    23.0400     3.8163     0.1278     1.1421 6.9984e+02     3.2103     -0.110     -0.160    25.7504 0.0000e+00
     -0.112      0.001     8.3775    102.354     28.602  29.036197    23.0400     3.8430     0.1278     1.1421 7.0258e+02     3.2405     -0.110     -0.159    25.7507 0.0000e+00
     -0.112     -0.001     8.3680    102.264     28.577  29.010255    23.0400     3.8430     0.1278     1.1421 7.5695e+02     3.2103     -0.110     -0.159    25.7510 0.0000e+00
     -0.113     -0.004     8.3589    102.230     28.563  28.995788    23.0400     3.8163     0.1278     1.1421 6.9122e+02     3.2254     -0.110     -0.160    25.7513 0.0000e+00
     -0.114     -0.006     8.3501    102.266     28.556  28.988936    23.0400     3.8354     0.1278     1.1421 7.0503e+02     3.2556     -0.112     -0.162    25.7515 0.0000e+00
     -0.116     -0.007     8.3410    102.366     28.539  28.971941    23.0400     3.6256     0.1278     1.1421 7.1661e+02     2.9535     -0.114     -0.165    25.7516 0.0000e+00
     -0.119     -0.008     8.3337    102.509     28.530  28.962178    22.9500     3.6446     0.1278     1.1421 7.3971e+02     3.0139     -0.116     -0.169    25.7516 0.0000e+00
     -0.121     -0.008     8.3309    102.655     28.546  28.978947    22.9500     3.6217     0.1278     1.1421 7.8033e+02     3.0139     -0.119     -0.172    25.7515 0.0000e+00
     -0.124     -0.007     8.3339    102.758     28.567  29.000832    22.9500     3.6599     0.1278     1.1421 7.8203e+02     2.9988     -0.122     -0.176    25.7515 0.0000e+00
     -0.126     -0.006     8.3420    102.787     28.582  29.015747    22.9500     3.7057     0.1278     1.1421 7.8339e+02     3.2405     -0.123     -0.179    25.7517 0.0000e+00
     -0.127     -0.004     8.3536    102.743     28.594  29.027669    22.9500     3.6790     0.1704     1.1844 7.9799e+02     3.2405     -0.124     -0.180    25.7519 0.0000e+00
     -0.127     -0.002     8.3655    102.644     28.590  29.023846    22.9500     3.7362     0.1704     1.1844 8.0269e+02     3.1801     -0.125     -0.181    25.7523 0.0000e+00
     -0.127     -0.000     8.3738    102.516     28.570  29.003258    22.9500     3.7171     0.1704     1.1844 8.0251e+02     3.3462     -0.125     -0.181    25.7526 0.0000e+00
     -0.127      0.001     8.3762    102.381     28.551  28.984313    22.9500     3.7362     0.1704     1.1844 8.0583e+02     3.2405     -0.125     -0.181    25.7528 0.0000e+00
     -0.127      0.003     8.3725    102.258     28.541  28.973906    22.9500     3.6942     0.1278     1.0575 8.1605e+02     3.1952     -0.124     -0.181    25.7529 0.0000e+00
     -0.126      0.005     8.3644    102.183     28.540  28.973245    22.9500     3.7057     0.1278     1.0575 8.2068e+02     3.2858     -0.124     -0.180    25.7529 0.0000e+00
     -0.125      0.007     8.3540    102.189     28.556  28.990119    22.9500     3.7438     0.1278     1.0575 8.0251e+02     3.3311     -0.122     -0.177    25.7529 0.0000e+00
     -0.123      0.008     8.3430    102.283     28.587  29.021064    22.9500     3.7781     0.1278     1.0575 7.6588e+02     3.3160     -0.120     -0.174    25.7529 0.0000e+00
     -0.120      0.009     8.3330    102.422     28.604  29.038484    22.9500     3.7705     0.1278     1.0575 7.7559e+02     3.2707     -0.118     -0.170    25.7530 0.0000e+00
     -0.118      0.010     8.3268    102.549     28.597  29.031096    22.9500     3.7743     0.0852     1.0575 7.8988e+02     3.1801     -0.115     -0.167    25.7532 0.0000e+00
     -0.115      0.011     8.3273    102.647     28.587  29.020824    22.9500     3.7705     0.0852     1.0575 8.0321e+02     3.2254     -0.113     -0.163    25.7533 0.0000e+00
     -0.113      0.011     8.3349    102.725     28.583  29.016880    22.9500     3.8506     0.0852     1.0575 8.1304e+02     3.2103     -0.110     -0.160    25.7534 0.0000e+00
     -0.110      0.012     8.3462    102.790     28.584  29.018209    22.9500     3.8201     0.0852     1.0575 8.2874e+02     3.2103     -0.107     -0.156    25.7536 0.0000e+00
     -0.107      0.014     8.3567    102.844     28.594  29.029151    22.9500     3.8392     0.1278     1.0998 8.3597e+02     3.1649     -0.104     -0.152    25.7537 0.0000e+00
     -0.103      0.016     8.3646    102.881     28.606  29.040675    22.9500     3.8087     0.1278     1.0998 8.3943e+02     3.1801     -0.101     -0.147    25.7538 0.0000e+00
     -0.099      0.020     8.3709    102.905     28.605  29.039921    22.9500     3.6904     0.1278     1.0998 8.0881e+02     3.2405     -0.097     -0.141    25.7538 0.0000e+00
     -0.094      0.024     8.3763    102.922     28.592  29.026690    22.9500     3.7247     0.1278     1.0998 9.3639e+02     3.2556     -0.092     -0.134    25.7538 0.0000e+00
     -0.088      0.030     8.3806    102.936     28.575  29.009402    22.9500     3.6980     0.1278     1.0152 8.5657e+02     3.3311     -0.086     -0.125    25.7538 0.0000e+00
     -0.080      0.038     8.3836    102.933     28.573  29.007342    22.9500     3.7171     0.1278     1.0152 8.1145e+02     3.2556     -0.079     -0.114    25.7538 0.0000e+00
     -0.070      0.046     8.3856    102.906     28.590  29.023946    22.9500     3.7057     0.1278     1.0152 7.4261e+02     3.2254     -0.069     -0.100    25.7538 0.0000e+00
     -0.058      0.054     8.3870    102.858     28.602  29.035760    22.9500     3.7286     0.1278     1.0152 8.9656e+02     3.2103     -0.057     -0.082    25.7538 0.0000e+00
     -0.043      0.062     8.3881    102.798     28.601  29.033986    22.9500     3.7019     0.1278     1.0152 5.4580e+02     3.2254     -0.042     -0.061    25.7537 0.0000e+00
     -0.025      0.068     8.3879    102.733     28.590  29.022134    23.0400     3.7019     0.0852     1.0152 5.3164e+02     3.2858     -0.024     -0.036    25.7535 0.0000e+00
     -0.005      0.073     8.3857    102.663     28.581  29.012975    23.0400     3.8506     0.0852     1.0152 3.6016e+02     3.2556     -0.005     -0.008    25.7531 0.0000e+00
      0.015      0.076     8.3819    102.583     28.577  29.008049    23.0400     3.8430     0.0852     1.0152 6.3409e+02     3.2405      0.015      0.021    25.7525 0.0000e+00
      0.036      0.077     8.3772    102.487     28.564  28.994094    23.0400     3.8163     0.0852     1.0152 4.2976e+02     3.1801      0.035      0.050    25.7516 0.0000e+00
      0.056      0.075     8.3721    102.375     28.566  28.995269    23.0400     3.8277     0.0852     1.1844 2.9452e+02     3.1801      0.055      0.080    25.7505 0.0000e+00
      0.076      0.070     8.3666    102.257     28.590  29.019852    23.0400     3.9117     0.0852     1.1844 3.7633e+02     3.1952      0.075      0.109    25.7492 0.0000e+00
      0.095      0.063     8.3603    102.166     28.605  29.034571    23.0400     3.8926     0.0852     1.1844 3.0847e+02     3.2707      0.093      0.135    25.7479 0.0000e+00
      0.111      0.055     8.3526    102.133     28.598  29.027419    23.0400     3.8773     0.0852     1.1844 3.1897e+02     3.2254      0.108      0.157    25.7467 0.0000e+00
      0.123      0.047     8.3436    102.168     28.587  29.016403    23.0400     3.9193     0.1278     1.1844 3.4380e+02     3.1649      0.121      0.175    25.7458 0.0000e+00
      0.133      0.039     8.3342    102.256     28.589  29.018500    23.0400     3.8163     0.1278     1.1844 3.8576e+02     3.0441      0.130      0.189    25.7451 0.0000e+00
      0.141      0.031     8.3268    102.366     28.593  29.022321    23.0400     3.8354     0.1278     1.1844 4.3930e+02     2.9384      0.138      0.200    25.7447 0.0000e+00
      0.147      0.026     8.3241    102.473     28.592  29.020918    23.0400     3.8087     0.1278     1.1844 4.9453e+02     2.9686      0.145      0.210    25.7444 0.0000e+00
      0.153      0.022     8.3270    102.568     28.601  29.029850    22.9500     3.8659     0.0852     1.1421 4.5169e+02     2.9837      0.150      0.218    25.7442 0.0000e+00
      0.158      0.019     8.3342    102.633     28.610  29.039548    22.9500     4.0070     0.0852     1.1421 4.9302e+02     3.1649      0.155      0.224    25.7442 0.0000e+00
      0.162      0.018     8.3431    102.646     28.599  29.028704    22.9500     4.0223     0.0852     1.1421 3.8981e+02     3.3311      0.159      0.230    25.7442 0.0000e+00
      0.166      0.017     8.3519    102.607     28.584  29.014338    22.9500     4.0185     0.0852     1.1421 3.5288e+02     3.2556      0.163      0.236    25.7443 0.0000e+00
      0.170      0.017     8.3595    102.553     28.590  29.020500    22.9500     4.0147     0.0852     1.1421 4.9335e+02     3.1952      0.167      0.241    25.7446 0.0000e+00
      0.174      0.017     8.3648    102.515     28.606  29.036885    22.9500     4.0147     0.1278     0.9729 4.1888e+02     2.9686      0.171      0.247    25.7449 0.0000e+00
      0.178      0.017     8.3658    102.501     28.617  29.047947    22.9500     3.9155     0.1278     0.9729 5.5405e+02     2.8930      0.175      0.254    25.7454 0.0000e+00
      0.183      0.017     8.3626    102.515     28.626  29.056637    22.9500     3.9651     0.1278     0.9729 4.3749e+02     3.0290      0.179      0.260    25.7459 0.0000e+00
      0.187      0.017     8.3581    102.558     28.626  29.057306    22.9500     3.9536     0.1278     0.9729 4.4390e+02     2.9535      0.184      0.266    25.7464 0.0000e+00
      0.191      0.018     8.3549    102.621     28.615  29.046150    22.9500     3.9689     0.0852     1.1421 4.7680e+02     2.9686      0.188      0.272    25.7469 0.0000e+00
      0.196      0.018     8.3537    102.686     28.617  29.048073    22.9500     3.8125     0.0852     1.1421 4.5454e+02     3.1801      0.192      0.279    25.7471 0.0000e+00
      0.200      0.018     8.3548    102.744     28.632  29.063590    22.9500     3.8430     0.0852     1.1421 4.6231e+02     3.2405      0.197      0.285    25.7471 0.0000e+00
      0.205      0.019     8.3584    102.789     28.634  29.064974    22.9500     3.8316     0.0852     1.1421 4.7360e+02     3.2254      0.201      0.292    25.7470 0.0000e+00
      0.210      0.019     8.3635    102.801     28.617  29.048612    22.9500     3.8506     0.0852     1.1844 4.0571e+02     3.2707      0.206      0.299    25.7468 0.0000e+00
      0.215      0.018     8.3688    102.755     28.603  29.034038    22.9500     3.9689     0.0852     1.1844 4.8600e+02     3.1498      0.211      0.306    25.7468 0.0000e+00
