Data/DataNotYetUploadedToEDI/Raw_CTD/RawDownloads/090224_fcr50_S7809001.cnv
* Sea-Bird SBE19plus  Data File:
* FileName = C:\R\Reservoirs\Data\DataNotYetUploadedToEDI\Raw_CTD\RawDownloads\090224_fcr50_S7809_0001.hex
* Software version 2.8.0.119
* Temperature SN = 7809
* Conductivity SN = 7809
* System UpLoad Time = Sep 02 2024 17:16:44
* <ApplicationData>
* <Seaterm232>
# nquan = 15
# nvalues = 1643                        
# units = specified
# name 0 = depFM: Depth [fresh water, m]
# name 1 = dz/dtM: Descent Rate [m/s]
# name 2 = sbeox0Mg/L: Oxygen, SBE 43 [mg/l]
# name 3 = sbeox0PS: Oxygen, SBE 43 [% saturation]
# name 4 = specc: Specific Conductance [uS/cm]
# name 5 = c0uS/cm: Conductivity [uS/cm]
# name 6 = flECO-AFL: Fluorescence, WET Labs ECO-AFL/FL [mg/m^3]
# name 7 = ph: pH
# name 8 = orp: Oxidation Reduction Potential [mV]
# name 9 = par/sat/log: PAR/Logarithmic, Satlantic
# name 10 = turbWETntu0: Turbidity, WET Labs ECO [NTU]
# name 11 = prdM: Pressure, Strain Gauge [db]
# name 12 = prdE: Pressure, Strain Gauge [psi]
# name 13 = tv290C: Temperature [ITS-90, deg C]
# name 14 = flag:  0.000e+00
# span 0 =     -0.637,      9.528       
# span 1 =     -2.803,      4.507       
# span 2 =    -0.1318,     8.2470       
# span 3 =     -0.931,    100.523       
# span 4 =      1.879,    488.996       
# span 5 =   1.891169, 372.531178       
# span 6 =    -2.0852,   108.3139       
# span 7 =      5.873,      7.612       
# span 8 =  -372.3473,   394.8989       
# span 9 = 1.2355e-01, 1.1681e+03       
# span 10 =    -5.7669,   957.5452      
# span 11 =     -0.625,      9.344      
# span 12 =     -0.907,     13.553      
# span 13 =    12.9326,    25.4559      
# span 14 = 0.0000e+00, 0.0000e+00      
# interval = seconds: 0.25
# start_time = Sep 02 2024 10:25:12 [Instrument's time stamp, header]
# bad_flag = -9.990e-29
*END*
[from data line 964]
      7.041      0.045     6.7890     64.444     63.566  48.286315     0.7837      7.251   252.5557 1.2371e-01    18.2490      6.904     10.013    12.9657 0.0000e+00
      7.050      0.044     6.7877     64.491     63.553  48.280269     0.7623      7.250   253.1955 1.2372e-01    18.1801      6.913     10.025    12.9683 0.0000e+00
      7.064      0.041     6.7885     64.519     63.572  48.293921     0.7512      7.249   254.0003 1.2375e-01    18.1546      6.928     10.048    12.9692 0.0000e+00
      7.077      0.039     6.7872     64.545     63.617  48.324399     0.7654      7.249   253.7683 1.2378e-01    18.1792      6.942     10.069    12.9727 0.0000e+00
      7.088      0.036     6.7916     64.561     63.635  48.331316     0.7759      7.250   252.5421 1.2374e-01    18.2047      6.951     10.082    12.9791 0.0000e+00
      7.097      0.033     6.7986     64.544     63.618  48.314054     0.7698      7.251   252.3383 1.2366e-01    18.1893      6.960     10.095    12.9824 0.0000e+00
      7.103      0.032     6.7992     64.499     63.608  48.306144     0.7580      7.251   253.1109 1.2366e-01    18.1297      6.967     10.105    12.9815 0.0000e+00
      7.108      0.034     6.8033     64.429     63.593  48.299170     0.7498      7.251   253.4509 1.2372e-01    18.0993      6.969     10.108    12.9779 0.0000e+00
      7.113      0.039     6.8079     64.359     63.579  48.293234     0.7538      7.250   253.1795 1.2378e-01    18.1288      6.973     10.114    12.9714 0.0000e+00
      7.123      0.044     6.8049     64.315     63.587  48.297869     0.7651      7.250   252.8410 1.2383e-01    18.1791      6.983     10.128    12.9672 0.0000e+00
      7.139      0.049     6.8013     64.292     63.590  48.291719     0.7610      7.250   252.8006 1.2383e-01    18.1606      6.999     10.151    12.9667 0.0000e+00
      7.157      0.049     6.7921     64.281     63.587  48.282353     0.7468      7.250   252.9491 1.2375e-01    18.0765      7.020     10.181    12.9715 0.0000e+00
      7.173      0.045     6.7817     64.275     63.626  48.311588     0.7430      7.250   253.6893 1.2368e-01    18.0501      7.035     10.204    12.9787 0.0000e+00
      7.185      0.039     6.7785     64.274     63.638  48.327753     0.7481      7.250   254.6090 1.2367e-01    18.1150      7.048     10.223    12.9771 0.0000e+00
      7.193      0.033     6.7777     64.294     63.575  48.287335     0.7581      7.250   254.5195 1.2370e-01    18.1776      7.056     10.234    12.9680 0.0000e+00
      7.195      0.028     6.7775     64.331     63.545  48.267342     0.7724      7.249   253.9843 1.2373e-01    18.1577      7.056     10.232    12.9596 0.0000e+00
      7.196      0.028     6.7777     64.345     63.563  48.276493     0.7887      7.248   253.7301 1.2373e-01    18.0799      7.055     10.232    12.9595 0.0000e+00
      7.203      0.033     6.7750     64.328     63.569  48.270988     0.7968      7.248   254.5429 1.2370e-01    18.0224      7.062     10.243    12.9678 0.0000e+00
      7.213      0.042     6.7758     64.304     63.575  48.264263     0.7963      7.248   256.1540 1.2369e-01    18.0773      7.073     10.259    12.9754 0.0000e+00
      7.225      0.054     6.7820     64.285     63.580  48.258655     0.7907      7.247   256.7775 1.2368e-01    18.2999      7.084     10.274    12.9778 0.0000e+00
      7.240      0.066     6.7843     64.268     63.598  48.266670     0.7707      7.247   256.3170 1.2368e-01    18.5273      7.099     10.296    12.9745 0.0000e+00
      7.258      0.073     6.7817     64.232     63.642  48.297668     0.7534      7.247   256.5230 1.2365e-01    18.5726      7.117     10.323    12.9654 0.0000e+00
      7.280      0.074     6.7813     64.180     63.667  48.315990     0.7488      7.247   257.9770 1.2365e-01    18.5400      7.137     10.351    12.9545 0.0000e+00
      7.305      0.071     6.7798     64.137     63.641  48.297729     0.7396      7.246   258.8402 1.2370e-01    18.5434      7.165     10.391    12.9470 0.0000e+00
      7.329      0.066     6.7803     64.127     63.595  48.267347     0.7421      7.246   258.4420 1.2375e-01    18.5453      7.192     10.432    12.9432 0.0000e+00
      7.344      0.059     6.7764     64.140     63.584  48.266108     0.7537      7.246   257.8090 1.2371e-01    18.4602      7.205     10.449    12.9414 0.0000e+00
      7.351      0.050     6.7698     64.149     63.597  48.282751     0.7548      7.245   258.1558 1.2369e-01    18.3345      7.208     10.454    12.9405 0.0000e+00
      7.360      0.044     6.7644     64.154     63.586  48.278113     0.7563      7.244   259.2796 1.2377e-01    18.2888      7.215     10.465    12.9411 0.0000e+00
      7.371      0.042     6.7624     64.145     63.576  48.273528     0.7543      7.244   259.7816 1.2381e-01    18.3867      7.229     10.484    12.9452 0.0000e+00
      7.381      0.042     6.7656     64.115     63.594  48.290804     0.7557      7.245   259.6655 1.2376e-01    18.5614      7.239     10.499    12.9520 0.0000e+00
      7.391      0.042     6.7641     64.093     63.599  48.296539     0.7742      7.245   259.2517 1.2372e-01    18.6239      7.246     10.510    12.9575 0.0000e+00
      7.404      0.040     6.7650     64.089     63.580  48.279373     0.7860      7.245   258.9077 1.2372e-01    18.6311      7.260     10.529    12.9592 0.0000e+00
      7.417      0.037     6.7652     64.084     63.580  48.273717     0.7653      7.245   259.2061 1.2372e-01    18.5804      7.274     10.551    12.9612 0.0000e+00
      7.426      0.033     6.7586     64.088     63.608  48.291629     0.7315      7.245   259.8481 1.2371e-01    18.4545      7.284     10.564    12.9662 0.0000e+00
      7.432      0.030     6.7557     64.108     63.625  48.305472     0.7275      7.244   260.3904 1.2375e-01    18.4415      7.289     10.571    12.9682 0.0000e+00
      7.437      0.025     6.7578     64.131     63.634  48.314110     0.7419      7.244   259.8263 1.2378e-01    18.4570      7.294     10.577    12.9645 0.0000e+00
      7.443      0.022     6.7572     64.145     63.656  48.332584     0.7382      7.244   258.6195 1.2375e-01    18.3349      7.299     10.586    12.9585 0.0000e+00
      7.449      0.022     6.7573     64.158     63.659  48.338369     0.7166      7.245   258.7053 1.2371e-01    18.1608      7.305     10.595    12.9557 0.0000e+00
      7.454      0.024     6.7600     64.181     63.628  48.320571     0.7047      7.245   259.6579 1.2366e-01    18.0937      7.311     10.603    12.9580 0.0000e+00
      7.459      0.027     6.7627     64.207     63.600  48.307873     0.7194      7.244   260.4150 1.2364e-01    18.1391      7.314     10.608    12.9596 0.0000e+00
      7.464      0.031     6.7639     64.241     63.594  48.311826     0.7362      7.244   259.8590 1.2366e-01    18.2646      7.318     10.614    12.9607 0.0000e+00
      7.473      0.035     6.7637     64.285     63.574  48.304890     0.7414      7.245   258.2694 1.2374e-01    18.3812      7.327     10.626    12.9623 0.0000e+00
      7.485      0.038     6.7667     64.325     63.545  48.287501     0.7324      7.245   258.1452 1.2380e-01    18.3537      7.340     10.645    12.9672 0.0000e+00
      7.497      0.042     6.7679     64.355     63.552  48.292062     0.7111      7.245   259.2177 1.2374e-01    18.3077      7.353     10.664    12.9753 0.0000e+00
      7.507      0.046     6.7695     64.356     63.567  48.296537     0.7083      7.244   258.9325 1.2372e-01    18.3377      7.363     10.678    12.9811 0.0000e+00
      7.517      0.049     6.7750     64.321     63.560  48.278113     0.7324      7.244   257.4507 1.2378e-01    18.3743      7.371     10.690    12.9889 0.0000e+00
      7.529      0.049     6.7774     64.282     63.552  48.259748     0.7609      7.244   256.7885 1.2377e-01    18.3745      7.382     10.706    12.9935 0.0000e+00
      7.544      0.048     6.7820     64.248     63.569  48.264952     0.7690      7.244   257.2065 1.2369e-01    18.3400      7.398     10.730    12.9923 0.0000e+00
      7.560      0.047     6.7839     64.207     63.590  48.277527     0.7569      7.244   257.8587 1.2365e-01    18.3335      7.416     10.756    12.9872 0.0000e+00
      7.573      0.046     6.7795     64.166     63.603  48.284812     0.7479      7.244   258.2214 1.2368e-01    18.3641      7.429     10.775    12.9748 0.0000e+00
      7.581      0.044     6.7771     64.136     63.615  48.289534     0.7504      7.243   258.1500 1.2373e-01    18.4028      7.435     10.784    12.9636 0.0000e+00
      7.589      0.043     6.7755     64.125     63.598  48.271125     0.7624      7.243   257.7700 1.2377e-01    18.4254      7.441     10.792    12.9581 0.0000e+00
      7.599      0.043     6.7703     64.130     63.580  48.252705     0.7601      7.243   257.4982 1.2377e-01    18.3984      7.451     10.807    12.9568 0.0000e+00
      7.611      0.044     6.7660     64.125     63.590  48.257275     0.7391      7.243   258.2193 1.2370e-01    18.3157      7.464     10.825    12.9563 0.0000e+00
      7.624      0.045     6.7633     64.103     63.599  48.262891     0.7338      7.243   259.3475 1.2365e-01    18.2452      7.477     10.844    12.9520 0.0000e+00
      7.638      0.044     6.7624     64.072     63.589  48.257119     0.7539      7.242   259.2659 1.2369e-01    18.2637      7.489     10.863    12.9465 0.0000e+00
      7.651      0.042     6.7657     64.062     63.578  48.250977     0.7736      7.242   258.6092 1.2373e-01    18.3340      7.503     10.882    12.9426 0.0000e+00
      7.661      0.037     6.7650     64.092     63.576  48.252122     0.7639      7.242   258.4623 1.2376e-01    18.3436      7.515     10.900    12.9402 0.0000e+00
      7.668      0.033     6.7629     64.129     63.597  48.270969     0.7457      7.242   259.3833 1.2375e-01    18.2767      7.521     10.908    12.9393 0.0000e+00
      7.674      0.032     6.7584     64.155     63.618  48.288389     0.7452      7.241   261.0552 1.2372e-01    18.2427      7.525     10.914    12.9406 0.0000e+00
      7.681      0.035     6.7547     64.182     63.597  48.272270     0.7577      7.241   261.8129 1.2374e-01    18.3083      7.533     10.925    12.9428 0.0000e+00
      7.688      0.041     6.7607     64.220     63.590  48.266546     0.7713      7.240   261.4028 1.2379e-01    18.3872      7.540     10.935    12.9454 0.0000e+00
      7.697      0.046     6.7641     64.274     63.614  48.282670     0.7762      7.240   261.5171 1.2372e-01    18.4108      7.546     10.944    12.9484 0.0000e+00
      7.710      0.049     6.7663     64.318     63.610  48.276743     0.7668      7.240   262.8516 1.2362e-01    18.3890      7.558     10.962    12.9486 0.0000e+00
      7.730      0.051     6.7693     64.323     63.585  48.258368     0.7415      7.240   263.7718 1.2360e-01    18.3289      7.581     10.996    12.9479 0.0000e+00
      7.749      0.053     6.7719     64.304     63.568  48.250977     0.7370      7.240   263.4366 1.2363e-01    18.3327      7.603     11.028    12.9492 0.0000e+00
      7.760      0.053     6.7798     64.291     63.564  48.250872     0.7625      7.240   262.6701 1.2365e-01    18.4007      7.611     11.040    12.9471 0.0000e+00
      7.767      0.051     6.7862     64.272     63.575  48.257109     0.7741      7.240   262.6786 1.2369e-01    18.4341      7.613     11.043    12.9423 0.0000e+00
      7.778      0.047     6.7862     64.225     63.589  48.262887     0.7611      7.238   263.4527 1.2369e-01    18.3947      7.626     11.060    12.9427 0.0000e+00
      7.794      0.045     6.7810     64.185     63.584  48.257232     0.7470      7.237   264.0287 1.2362e-01    18.2999      7.646     11.088    12.9503 0.0000e+00
      7.807      0.044     6.7798     64.176     63.579  48.252236     0.7538      7.237   264.3081 1.2363e-01    18.2783      7.659     11.109    12.9541 0.0000e+00
      7.817      0.041     6.7809     64.193     63.598  48.265976     0.7764      7.238   264.5083 1.2375e-01    18.3384      7.666     11.118    12.9497 0.0000e+00
      7.827      0.035     6.7735     64.233     63.637  48.296368     0.7868      7.238   264.1255 1.2379e-01    18.3779      7.675     11.131    12.9456 0.0000e+00
      7.837      0.029     6.7686     64.292     63.643  48.302244     0.7709      7.238   263.3800 1.2377e-01    18.3454      7.687     11.150    12.9444 0.0000e+00
      7.843      0.025     6.7687     64.331     63.604  48.273541     0.7424      7.238   263.6683 1.2376e-01    18.2529      7.693     11.158    12.9438 0.0000e+00
      7.846      0.024     6.7705     64.334     63.595  48.266776     0.7264      7.238   264.5141 1.2369e-01    18.2505      7.694     11.159    12.9429 0.0000e+00
      7.850      0.025     6.7741     64.319     63.615  48.283940     0.7268      7.238   263.8840 1.2364e-01    18.3507      7.698     11.165    12.9435 0.0000e+00
      7.855      0.030     6.7824     64.272     63.617  48.290596     0.7310      7.238   262.4159 1.2369e-01    18.4052      7.703     11.172    12.9451 0.0000e+00
      7.861      0.037     6.7877     64.204     63.602  48.283774     0.7269      7.238   262.2499 1.2377e-01    18.3625      7.708     11.179    12.9453 0.0000e+00
      7.870      0.046     6.7853     64.151     63.578  48.264954     0.7097      7.237   262.7384 1.2381e-01    18.2790      7.717     11.191    12.9455 0.0000e+00
      7.885      0.053     6.7861     64.118     63.568  48.253507     0.7062      7.237   263.2456 1.2382e-01    18.2832      7.732     11.214    12.9458 0.0000e+00
      7.903      0.058     6.7799     64.106     63.598  48.272345     0.7187      7.237   263.1341 1.2377e-01    18.3455      7.750     11.241    12.9503 0.0000e+00
      7.921      0.059     6.7688     64.118     63.639  48.302254     0.7272      7.237   261.7346 1.2370e-01    18.4512      7.769     11.268    12.9567 0.0000e+00
      7.937      0.057     6.7645     64.133     63.632  48.297669     0.7267      7.237   260.9516 1.2367e-01    18.6057      7.785     11.291    12.9560 0.0000e+00
      7.952      0.054     6.7615     64.156     63.607  48.280400     0.7127      7.237   261.4964 1.2371e-01    18.6082      7.800     11.312    12.9511 0.0000e+00
      7.964      0.051     6.7602     64.209     63.614  48.283940     0.7067      7.237   261.8688 1.2372e-01    18.5148      7.811     11.328    12.9473 0.0000e+00
      7.973      0.047     6.7631     64.273     63.609  48.276973     0.7047      7.237   261.3233 1.2372e-01    18.4327      7.818     11.339    12.9466 0.0000e+00
      7.984      0.043     6.7641     64.313     63.591  48.259640     0.6878      7.237   260.8383 1.2379e-01    18.2985      7.828     11.354    12.9480 0.0000e+00
      7.998      0.040     6.7647     64.327     63.598  48.264843     0.6689      7.237   260.9089 1.2379e-01    18.1900      7.843     11.376    12.9495 0.0000e+00
      8.010      0.038     6.7714     64.320     63.608  48.276397     0.6509      7.237   261.0583 1.2372e-01    18.1465      7.858     11.397    12.9485 0.0000e+00
      8.019      0.036     6.7810     64.302     63.597  48.272347     0.6451      7.237   261.6119 1.2374e-01    18.1136      7.865     11.407    12.9447 0.0000e+00
      8.024      0.033     6.7849     64.290     63.603  48.279372     0.6814      7.236   262.4404 1.2377e-01    18.0999      7.868     11.412    12.9418 0.0000e+00
      8.031      0.029     6.7864     64.277     63.621  48.297856     0.7407      7.236   262.6444 1.2371e-01    18.1518      7.875     11.421    12.9407 0.0000e+00
      8.040      0.027     6.7854     64.263     63.618  48.305358     0.7712      7.237   262.1850 1.2362e-01    18.1599      7.885     11.436    12.9444 0.0000e+00
      8.048      0.027     6.7807     64.266     63.607  48.306607     0.7676      7.237   261.7897 1.2361e-01    18.0618      7.893     11.448    12.9500 0.0000e+00
      8.054      0.027     6.7809     64.276     63.609  48.312965     0.7556      7.237   262.7694 1.2367e-01    18.0583      7.898     11.455    12.9500 0.0000e+00
