Data/DataNotYetUploadedToEDI/Raw_CTD/RawDownloads/090224_bvr50_S8188001.cnv
* Sea-Bird SBE19plus  Data File:
* FileName = C:\R\Reservoirs\Data\DataNotYetUploadedToEDI\Raw_CTD\RawDownloads\090224_bvr50_S8188_0001.hex
* Software version 2.8.0.119
* Temperature SN = 8188
* Conductivity SN = 8188
* System UpLoad Time = Sep 02 2024 17:33:23
* <ApplicationData>
* <Seaterm232>
# nquan = 16
# nvalues = 3913                        
# units = specified
# name 0 = depFM: Depth [fresh water, m]
# name 1 = dz/dtM: Descent Rate [m/s]
# name 2 = sbeox0Mg/L: Oxygen, SBE 43 [mg/l]
# name 3 = sbeox0PS: Oxygen, SBE 43 [% saturation]
# name 4 = specc: Specific Conductance [uS/cm]
# name 5 = c0uS/cm: Conductivity [uS/cm]
# name 6 = wetCDOM: Fluorescence, WET Labs CDOM [mg/m^3]
# name 7 = flECO-AFL: Fluorescence, WET Labs ECO-AFL/FL [mg/m^3]
# name 8 = flECO-AFL1: Fluorescence, WET Labs ECO-AFL/FL, 2 [mg/m^3]
# name 9 = flECO-AFL2: Fluorescence, WET Labs ECO-AFL/FL, 3 [mg/m^3]
# name 10 = par/sat/log: PAR/Logarithmic, Satlantic
# name 11 = turbWETntu0: Turbidity, WET Labs ECO [NTU]
# name 12 = prdM: Pressure, Strain Gauge [db]
# name 13 = prdE: Pressure, Strain Gauge [psi]
# name 14 = tv290C: Temperature [ITS-90, deg C]
# name 15 = flag:  0.000e+00
# span 0 =     -0.701,      9.236       
# span 1 =     -0.262,      0.201       
# span 2 =    -0.0175,    10.0232       
# span 3 =     -0.195,    122.970       
# span 4 =   -681.016,    189.154       
# span 5 =-495.345998, 133.452105       
# span 6 =    -4.5000,   109.8900       
# span 7 =    -1.7037,    33.7774       
# span 8 =    -8.0514,     3.1098       
# span 9 =    -2.0304,     6.0489       
# span 10 = 1.1580e-01, 2.1024e+03      
# span 11 =    -6.7751,    95.3293      
# span 12 =     -0.687,      9.057      
# span 13 =     -0.997,     13.136      
# span 14 =    10.2705,    26.1875      
# span 15 = 0.0000e+00, 0.0000e+00      
# interval = seconds: 0.25
# start_time = Sep 02 2024 10:17:44 [Instrument's time stamp, header]
# bad_flag = -9.990e-29
*END*
[from data line 2984]
      6.687      0.011     0.0373      0.378    131.468  94.673727    50.7600     1.5084     0.0852     0.5076 1.1612e-01     1.5486      6.557      9.511    11.0259 0.0000e+00
      6.690      0.012     0.0382      0.378    131.413  94.621053    51.7500     1.4740     0.0852     0.5922 1.1612e-01     1.6543      6.560      9.515    11.0236 0.0000e+00
      6.693      0.012     0.0395      0.374    131.315  94.542137    51.7500     1.4702     0.0852     0.5922 1.1600e-01     1.7147      6.564      9.520    11.0181 0.0000e+00
      6.697      0.013     0.0408      0.372    131.268  94.505841    51.7500     1.5046     0.0852     0.5922 1.1612e-01     1.7147      6.567      9.524    11.0107 0.0000e+00
      6.700      0.013     0.0416      0.369    131.248  94.494494    51.7500     1.4893     0.0852     0.5922 1.1607e-01     1.6543      6.570      9.529    11.0038 0.0000e+00
      6.703      0.014     0.0416      0.364    131.167  94.445133    51.8400     1.4817     0.0852     0.5922 1.1605e-01     1.6090      6.573      9.534    10.9987 0.0000e+00
      6.706      0.014     0.0413      0.358    131.003  94.342597    51.8400     1.4893     0.0852     0.5922 1.1600e-01     1.5939      6.577      9.539    10.9956 0.0000e+00
      6.710      0.015     0.0411      0.353    130.827  94.233468    51.8400     1.4931     0.0852     0.5922 1.1607e-01     1.6694      6.581      9.544    10.9946 0.0000e+00
      6.714      0.015     0.0407      0.350    130.708  94.164565    51.8400     1.4969     0.0852     0.5922 1.1623e-01     1.8809      6.585      9.550    10.9957 0.0000e+00
      6.718      0.016     0.0401      0.349    130.652  94.135495    52.3800     1.4855     0.0852     0.5922 1.1615e-01     1.8658      6.588      9.555    10.9993 0.0000e+00
      6.722      0.017     0.0395      0.347    130.618  94.114532    52.3800     1.5122     0.0852     0.5922 1.1605e-01     1.8205      6.592      9.561    11.0050 0.0000e+00
      6.726      0.018     0.0390      0.344    130.603  94.100084    52.3800     1.5007     0.0852     0.5922 1.1595e-01     1.8960      6.596      9.567    11.0119 0.0000e+00
      6.731      0.019     0.0386      0.342    130.625  94.108274    52.3800     1.4931     0.0852     0.5922 1.1595e-01     1.8960      6.601      9.573    11.0183 0.0000e+00
      6.736      0.020     0.0384      0.345    130.700  94.153274    52.3800     1.4664     0.0852     0.5922 1.1597e-01     1.8205      6.606      9.581    11.0227 0.0000e+00
      6.741      0.022     0.0382      0.351    130.871  94.267061    54.0000     1.4778     0.0852     0.4653 1.1595e-01     1.8809      6.611      9.589    11.0241 0.0000e+00
      6.747      0.023     0.0379      0.360    131.131  94.442019    54.0000     1.4855     0.0852     0.4653 1.1615e-01     1.8809      6.617      9.597    11.0228 0.0000e+00
      6.753      0.023     0.0377      0.369    131.386  94.612920    54.0000     1.4397     0.0852     0.4653 1.1605e-01     1.8658      6.623      9.605    11.0197 0.0000e+00
      6.759      0.024     0.0380      0.377    131.577  94.739429    54.0000     1.4359     0.0852     0.4653 1.1590e-01     1.8658      6.629      9.614    11.0163 0.0000e+00
      6.765      0.024     0.0387      0.382    131.708  94.823313    55.8900     1.4435     0.1278     0.5076 1.1605e-01     1.8809      6.635      9.623    11.0126 0.0000e+00
      6.772      0.024     0.0397      0.385    131.819  94.886943    55.8900     1.4092     0.1278     0.5076 1.1590e-01     1.8960      6.641      9.632    11.0080 0.0000e+00
      6.778      0.024     0.0407      0.385    131.929  94.941291    55.8900     1.4473     0.1278     0.5076 1.1612e-01     1.9111      6.647      9.641    11.0030 0.0000e+00
      6.784      0.023     0.0416      0.383    132.003  94.964886    55.8900     1.4206     0.1278     0.5076 1.1597e-01     1.8356      6.653      9.649    10.9990 0.0000e+00
      6.789      0.023     0.0422      0.377    132.038  94.964019    53.5500     1.4397     0.0852     0.5076 1.1615e-01     2.0169      6.658      9.657    10.9949 0.0000e+00
      6.795      0.022     0.0424      0.369    132.080  94.978415    53.5500     1.4130     0.0852     0.5076 1.1597e-01     1.8507      6.664      9.665    10.9888 0.0000e+00
      6.801      0.022     0.0425      0.366    132.122  95.003921    53.5500     1.4969     0.0852     0.5076 1.1597e-01     1.9111      6.670      9.673    10.9794 0.0000e+00
      6.807      0.022     0.0423      0.367    132.138  95.017370    53.5500     1.5160     0.0852     0.5076 1.1607e-01     1.8658      6.675      9.681    10.9683 0.0000e+00
      6.812      0.021     0.0416      0.367    132.157  95.034336    53.5500     1.5007     0.0852     0.5076 1.1595e-01     1.8658      6.681      9.689    10.9584 0.0000e+00
      6.818      0.021     0.0407      0.365    132.234  95.087317    54.8100     1.4931     0.0852     0.5922 1.1607e-01     1.9413      6.686      9.697    10.9522 0.0000e+00
      6.823      0.020     0.0404      0.364    132.395  95.194436    54.8100     1.4778     0.0852     0.5922 1.1605e-01     1.5788      6.691      9.704    10.9504 0.0000e+00
      6.828      0.018     0.0404      0.363    132.591  95.320323    54.8100     1.4778     0.0852     0.5922 1.1615e-01     1.6845      6.696      9.712    10.9513 0.0000e+00
      6.833      0.017     0.0404      0.364    132.741  95.408637    54.8100     1.4778     0.0852     0.5922 1.1600e-01     1.6543      6.701      9.718    10.9525 0.0000e+00
      6.837      0.016     0.0403      0.366    132.842  95.462949    54.0900     1.5122     0.1278     0.6345 1.1592e-01     1.6241      6.705      9.725    10.9517 0.0000e+00
      6.841      0.014     0.0402      0.369    132.893  95.487750    54.0900     1.4206     0.1278     0.6345 1.1620e-01     1.6694      6.709      9.730    10.9482 0.0000e+00
      6.844      0.012     0.0401      0.373    132.862  95.465676    54.0900     1.3901     0.1278     0.6345 1.1612e-01     1.6241      6.712      9.735    10.9425 0.0000e+00
      6.847      0.011     0.0401      0.372    132.802  95.436795    54.0900     1.4092     0.1278     0.6345 1.1612e-01     1.6392      6.714      9.739    10.9354 0.0000e+00
      6.849      0.011     0.0404      0.366    132.754  95.425374    52.9200     1.4092     0.0852     0.7191 1.1595e-01     1.5486      6.717      9.742    10.9284 0.0000e+00
      6.852      0.010     0.0408      0.359    132.682  95.402396    52.9200     1.4702     0.0852     0.7191 1.1607e-01     1.8960      6.719      9.746    10.9239 0.0000e+00
      6.854      0.010     0.0411      0.354    132.607  95.375720    52.9200     1.4778     0.0852     0.7191 1.1585e-01     1.7903      6.722      9.749    10.9241 0.0000e+00
      6.857      0.010     0.0411      0.349    132.631  95.410163    52.9200     1.5007     0.0852     0.7191 1.1615e-01     1.7903      6.724      9.753    10.9293 0.0000e+00
      6.860      0.011     0.0404      0.343    132.813  95.538884    54.1800     1.4855     0.0852     0.5499 1.1595e-01     1.9111      6.727      9.756    10.9381 0.0000e+00
      6.862      0.012     0.0396      0.339    133.062  95.698309    54.1800     1.5313     0.0852     0.5499 1.1600e-01     1.8507      6.729      9.760    10.9489 0.0000e+00
      6.865      0.013     0.0390      0.343    133.246  95.801079    54.1800     1.5541     0.0852     0.5499 1.1605e-01     1.9413      6.732      9.764    10.9594 0.0000e+00
      6.868      0.014     0.0385      0.355    133.320  95.824645    54.1800     1.5732     0.0852     0.5499 1.1600e-01     1.8960      6.735      9.769    10.9658 0.0000e+00
      6.872      0.015     0.0379      0.367    133.329  95.809257    54.1800     1.5503     0.0852     0.5499 1.1600e-01     1.8507      6.739      9.774    10.9649 0.0000e+00
      6.876      0.016     0.0374      0.376    133.308  95.780781    53.4600     1.5084     0.0852     0.5076 1.1612e-01     2.1679      6.743      9.780    10.9575 0.0000e+00
      6.880      0.018     0.0379      0.382    133.288  95.761594    53.4600     1.4969     0.0852     0.5076 1.1607e-01     2.1377      6.747      9.786    10.9465 0.0000e+00
      6.885      0.019     0.0393      0.385    133.357  95.810517    53.4600     1.4778     0.0852     0.5076 1.1600e-01     2.0924      6.752      9.792    10.9353 0.0000e+00
      6.890      0.020     0.0406      0.382    133.531  95.932603    53.4600     1.4893     0.0852     0.5076 1.1597e-01     2.1679      6.757      9.799    10.9269 0.0000e+00
      6.895      0.021     0.0415      0.372    133.762  96.088481    52.5600     1.4359     0.0852     0.5499 1.1612e-01     1.8507      6.762      9.807    10.9221 0.0000e+00
      6.901      0.023     0.0422      0.359    134.078  96.297739    52.5600     1.4054     0.0852     0.5499 1.1595e-01     1.8960      6.767      9.815    10.9203 0.0000e+00
      6.907      0.023     0.0426      0.347    134.480  96.566227    52.5600     1.4130     0.0852     0.5499 1.1585e-01     1.8658      6.773      9.824    10.9200 0.0000e+00
      6.913      0.024     0.0422      0.343    134.907  96.855646    52.5600     1.4359     0.0852     0.5499 1.1605e-01     1.8960      6.779      9.833    10.9189 0.0000e+00
      6.920      0.024     0.0411      0.348    135.364  97.173241    52.4700     1.4206     0.0852     0.5499 1.1590e-01     2.2132      6.786      9.842    10.9152 0.0000e+00
      6.926      0.023     0.0397      0.353    135.862  97.523775    52.4700     1.4092     0.0852     0.5499 1.1600e-01     2.3643      6.792      9.851    10.9087 0.0000e+00
      6.932      0.023     0.0384      0.357    136.372  97.884831    52.4700     1.4702     0.0852     0.5499 1.1610e-01     2.2737      6.798      9.860    10.9011 0.0000e+00
      6.937      0.022     0.0379      0.363    136.891  98.252780    52.4700     1.4206     0.0852     0.5499 1.1600e-01     2.3039      6.803      9.867    10.8948 0.0000e+00
      6.943      0.021     0.0384      0.371    137.388  98.603847    52.7400     1.4244     0.1278     0.5076 1.1610e-01     2.1830      6.808      9.874    10.8908 0.0000e+00
      6.948      0.021     0.0390      0.377    137.822  98.907756    52.7400     1.4283     0.1278     0.5076 1.1602e-01     2.2132      6.814      9.882    10.8883 0.0000e+00
      6.953      0.020     0.0395      0.374    138.226  99.187597    52.7400     1.4511     0.1278     0.5076 1.1617e-01     2.3643      6.819      9.890    10.8865 0.0000e+00
      6.958      0.021     0.0401      0.363    138.738  99.541975    52.7400     1.4206     0.1278     0.5076 1.1600e-01     2.3039      6.824      9.897    10.8848 0.0000e+00
      6.964      0.021     0.0410      0.352    139.460 100.041408    52.7400     1.4550     0.1278     0.5076 1.1607e-01     1.7903      6.829      9.905    10.8828 0.0000e+00
      6.969      0.022     0.0417      0.344    140.287 100.609245    51.4800     1.5007     0.0852     0.5922 1.1612e-01     1.7903      6.834      9.912    10.8800 0.0000e+00
      6.974      0.023     0.0413      0.336    141.076 101.143104    51.4800     1.4740     0.0852     0.5922 1.1592e-01     2.0018      6.840      9.920    10.8764 0.0000e+00
      6.980      0.024     0.0401      0.328    141.826 101.645451    51.4800     1.4778     0.0852     0.5922 1.1610e-01     1.9413      6.845      9.928    10.8717 0.0000e+00
      6.987      0.026     0.0389      0.322    142.615 102.178293    51.4800     1.5618     0.0852     0.5922 1.1612e-01     2.0773      6.852      9.937    10.8651 0.0000e+00
      6.994      0.027     0.0380      0.324    143.574 102.837753    52.2900     1.5580     0.0852     0.3807 1.1595e-01     2.1075      6.859      9.947    10.8560 0.0000e+00
      7.001      0.029     0.0372      0.334    144.940 103.795689    52.2900     1.5427     0.0852     0.3807 1.1610e-01     2.1226      6.866      9.958    10.8446 0.0000e+00
      7.009      0.030     0.0363      0.344    146.718 105.057699    52.2900     1.5427     0.0852     0.3807 1.1602e-01     2.1679      6.873      9.968    10.8324 0.0000e+00
      7.016      0.030     0.0357      0.352    148.371 106.238718    52.2900     1.4283     0.0852     0.3807 1.1610e-01     1.8054      6.881      9.979    10.8208 0.0000e+00
      7.024      0.030     0.0359      0.362    149.467 107.025999    52.2000     1.4321     0.1278     0.4230 1.1600e-01     1.8507      6.888      9.991    10.8112 0.0000e+00
      7.032      0.030     0.0370      0.373    150.147 107.517537    52.2000     1.4283     0.1278     0.4230 1.1610e-01     1.8205      6.896     10.002    10.8042 0.0000e+00
      7.040      0.029     0.0380      0.378    150.689 107.908388    52.2000     1.4435     0.1278     0.4230 1.1602e-01     1.8809      6.904     10.013    10.8004 0.0000e+00
      7.048      0.028     0.0389      0.374    151.111 108.212808    52.2000     1.4321     0.1278     0.4230 1.1592e-01     1.7903      6.912     10.024    10.7994 0.0000e+00
      7.055      0.027     0.0401      0.364    151.249 108.312049    52.2000     1.4092     0.1278     0.4230 1.1610e-01     1.9262      6.918     10.034    10.8002 0.0000e+00
      7.061      0.026     0.0413      0.358    151.072 108.184593    52.8300     1.4359     0.0852     0.5076 1.1607e-01     1.8205      6.925     10.043    10.8016 0.0000e+00
      7.067      0.026     0.0419      0.358    150.712 107.926407    52.8300     1.4244     0.0852     0.5076 1.1628e-01     1.8054      6.931     10.052    10.8026 0.0000e+00
      7.074      0.026     0.0415      0.359    150.301 107.632580    52.8300     1.4778     0.0852     0.5076 1.1612e-01     1.8809      6.937     10.061    10.8031 0.0000e+00
      7.080      0.027     0.0404      0.358    149.916 107.356708    52.8300     1.4931     0.0852     0.5076 1.1607e-01     1.9413      6.944     10.071    10.8032 0.0000e+00
      7.087      0.028     0.0397      0.359    149.582 107.117185    52.8300     1.4588     0.0852     0.5076 1.1612e-01     1.8809      6.950     10.080    10.8031 0.0000e+00
      7.094      0.029     0.0396      0.362    149.368 106.962091    52.8300     1.5007     0.0852     0.5076 1.1605e-01     1.7752      6.957     10.090    10.8030 0.0000e+00
      7.102      0.031     0.0397      0.361    149.375 106.964015    52.8300     1.4817     0.0852     0.5076 1.1600e-01     1.7449      6.965     10.101    10.8030 0.0000e+00
      7.110      0.033     0.0397      0.355    149.649 107.155456    52.8300     1.4702     0.0852     0.5076 1.1612e-01     1.9715      6.973     10.113    10.8030 0.0000e+00
      7.119      0.034     0.0398      0.347    150.026 107.417537    53.8200     1.5007     0.0852     0.4653 1.1600e-01     1.9866      6.981     10.125    10.8028 0.0000e+00
      7.128      0.036     0.0400      0.342    150.242 107.562253    53.8200     1.4778     0.0852     0.4653 1.1612e-01     1.7903      6.990     10.138    10.8023 0.0000e+00
      7.137      0.037     0.0400      0.342    150.300 107.592215    53.8200     1.4893     0.0852     0.4653 1.1605e-01     2.1830      6.999     10.152    10.8013 0.0000e+00
      7.147      0.038     0.0394      0.343    150.348 107.611373    53.8200     1.4855     0.0852     0.4653 1.1615e-01     2.0773      7.009     10.166    10.7996 0.0000e+00
      7.157      0.038     0.0385      0.345    150.391 107.620837    55.8000     1.4588     0.0852     0.5499 1.1600e-01     2.1830      7.019     10.180    10.7970 0.0000e+00
      7.167      0.038     0.0379      0.347    150.343 107.561157    55.8000     1.5046     0.0852     0.5499 1.1605e-01     2.0773      7.029     10.194    10.7938 0.0000e+00
      7.177      0.038     0.0378      0.348    150.123 107.380428    55.8000     1.5007     0.0852     0.5499 1.1605e-01     2.0924      7.039     10.209    10.7900 0.0000e+00
