Data/DataNotYetUploadedToEDI/Raw_CTD/RawDownloads/090225_ccr50_S8188002.cnv
* Sea-Bird SBE19plus  Data File:
* FileName = C:\R\Reservoirs\Data\DataNotYetUploadedToEDI\Raw_CTD\RawDownloads\090125_bvr50_S8188_0002.hex
* Software version 2.8.0.119
* Temperature SN = 8188
* Conductivity SN = 8188
* System UpLoad Time = Sep 02 2025 15:39:39
* <ApplicationData>
* <Seaterm232>
# nquan = 16
# nvalues = 3163                        
# units = specified
# name 0 = depFM: Depth [fresh water, m]
# name 1 = dz/dtM: Descent Rate [m/s]
# name 2 = sbeox0Mg/L: Oxygen, SBE 43 [mg/l]
# name 3 = sbeox0PS: Oxygen, SBE 43 [% saturation]
# name 4 = specc: Specific Conductance [uS/cm]
# name 5 = c0uS/cm: Conductivity [uS/cm]
# name 6 = wetCDOM: Fluorescence, WET Labs CDOM [mg/m^3]
# name 7 = flECO-AFL: Fluorescence, WET Labs ECO-AFL/FL [mg/m^3]
# name 8 = flECO-AFL1: Fluorescence, WET Labs ECO-AFL/FL, 2 [mg/m^3]
# name 9 = flECO-AFL2: Fluorescence, WET Labs ECO-AFL/FL, 3 [mg/m^3]
# name 10 = par/sat/log: PAR/Logarithmic, Satlantic
# name 11 = turbWETntu0: Turbidity, WET Labs ECO [NTU]
# name 12 = prdM: Pressure, Strain Gauge [db]
# name 13 = prdE: Pressure, Strain Gauge [psi]
# name 14 = tv290C: Temperature [ITS-90, deg C]
# name 15 = flag:  0.000e+00
# span 0 =     -0.433,     21.593       
# span 1 =     -0.245,      0.149       
# span 2 =    -0.4617,     8.2251       
# span 3 =     -4.207,     94.228       
# span 4 =   -652.984,    329.673       
# span 5 =-489.504035, 230.533583       
# span 6 =    -4.5000,    55.6200       
# span 7 =    -0.2655,     8.0697       
# span 8 =    -2.1300,     5.1120       
# span 9 =   -13.0284,     6.5142       
# span 10 = 1.1590e-01, 3.1474e+03      
# span 11 =    -6.4730,   181.8287      
# span 12 =     -0.424,     21.175      
# span 13 =     -0.616,     30.712      
# span 14 =     9.9559,    24.6520      
# span 15 = 0.0000e+00, 0.0000e+00      
# interval = seconds: 0.25
# start_time = Sep 02 2025 10:35:40 [Instrument's time stamp, header]
# bad_flag = -9.990e-29
*END*
[from data line 2984]
      6.632     -0.134     3.8443     38.000    115.389  98.395578    28.2600     1.6724     0.1704     1.1844 4.6255e+01     1.4579      6.504      9.433    17.4246 0.0000e+00
      6.594     -0.144     3.7841     37.693    115.216  98.371506    28.2600     1.6953     0.1704     1.1844 4.7642e+01     1.3673      6.467      9.379    17.4740 0.0000e+00
      6.553     -0.150     3.7227     37.492    114.894  98.344793    28.3500     1.6915     0.1704     1.3113 4.9317e+01     1.3069      6.426      9.320    17.5383 0.0000e+00
      6.511     -0.153     3.6674     37.390    114.422  98.334300    28.3500     1.6762     0.1704     1.3113 5.0840e+01     1.3522      6.385      9.260    17.5951 0.0000e+00
      6.471     -0.153     3.6237     37.401    113.879  98.333255    28.3500     1.8097     0.1704     1.3113 5.1251e+01     1.3824      6.346      9.203    17.6348 0.0000e+00
      6.433     -0.153     3.5905     37.540    113.360  98.341409    28.3500     1.8135     0.1704     1.3113 5.0862e+01     1.3673      6.309      9.150    17.6895 0.0000e+00
      6.397     -0.154     3.5632     37.798    112.876  98.354962    28.3500     1.8059     0.1704     1.3113 5.0631e+01     1.4277      6.273      9.098    17.7987 0.0000e+00
      6.359     -0.154     3.5409     38.146    112.407  98.367550    26.7300     1.8021     0.2130     1.0575 5.1496e+01     1.3673      6.236      9.045    17.9715 0.0000e+00
      6.319     -0.155     3.5269     38.557    111.958  98.388541    26.7300     1.5007     0.2130     1.0575 5.3145e+01     0.9141      6.197      8.988    18.1763 0.0000e+00
      6.277     -0.155     3.5252     39.024    111.539  98.429544    26.7300     1.5160     0.2130     1.0575 5.5217e+01     1.0047      6.156      8.929    18.3775 0.0000e+00
      6.235     -0.153     3.5354     39.561    111.188  98.491520    26.7300     1.4969     0.2130     1.0575 5.7407e+01     0.9141      6.114      8.868    18.5692 0.0000e+00
      6.195     -0.151     3.5542     40.188    110.940  98.563042    25.3800     1.4817     0.1704     0.9306 5.7807e+01     0.9443      6.075      8.811    18.7563 0.0000e+00
      6.158     -0.150     3.5789     40.906    110.751  98.629221    25.3800     1.3062     0.1704     0.9306 5.7482e+01     0.3854      6.039      8.759    18.9409 0.0000e+00
      6.124     -0.152     3.6088     41.692    110.498  98.665737    25.3800     1.3176     0.1704     0.9306 5.7108e+01     0.4911      6.005      8.710    19.1238 0.0000e+00
      6.089     -0.157     3.6462     42.508    110.103  98.660349    25.3800     1.3024     0.1704     0.9306 5.7133e+01     0.4760      5.971      8.660    19.2904 0.0000e+00
      6.050     -0.166     3.6942     43.316    109.608  98.629621    21.5100     1.3138     0.1278     0.7614 5.8198e+01     0.3703      5.933      8.605    19.4212 0.0000e+00
      6.007     -0.178     3.7521     44.098    109.072  98.591357    21.5100     1.2642     0.1278     0.7614 6.0231e+01     0.6271      5.891      8.544    19.5272 0.0000e+00
      5.958     -0.189     3.8148     44.865    108.506  98.573337    21.5100     1.2375     0.1278     0.7614 6.2375e+01     0.6875      5.843      8.475    19.6468 0.0000e+00
      5.906     -0.197     3.8769     45.677    107.883  98.592747    21.5100     1.2642     0.1278     0.7614 6.5615e+01     0.7630      5.791      8.400    19.8056 0.0000e+00
      5.851     -0.201     3.9356     46.653    107.165  98.614824    21.9600     1.2375     0.1704     0.7614 6.9052e+01     0.7479      5.738      8.323    19.9953 0.0000e+00
      5.797     -0.202     3.9901     47.933    106.394  98.613518    21.9600     1.1231     0.1704     0.7614 7.1077e+01     0.3703      5.685      8.246    20.2002 0.0000e+00
      5.746     -0.201     4.0408     49.615    105.696  98.622492    21.9600     1.1269     0.1704     0.7614 7.1885e+01     0.4156      5.634      8.172    20.4291 0.0000e+00
      5.696     -0.199     4.0913     51.762    105.151  98.658164    21.9600     1.1231     0.1704     0.7614 7.2987e+01     0.3854      5.586      8.101    20.7024 0.0000e+00
      5.648     -0.197     4.1523     54.393    104.730  98.686107    21.9600     1.1231     0.1704     0.7614 7.4477e+01     0.4911      5.538      8.032    21.0199 0.0000e+00
      5.599     -0.195     4.2380     57.457    104.356  98.693799    17.0100     1.0735     0.1278     0.5076 7.6511e+01     0.3552      5.490      7.962    21.3524 0.0000e+00
      5.548     -0.193     4.3601     60.820    103.983  98.707274    17.0100     1.0811     0.1278     0.5076 7.8960e+01     0.3703      5.441      7.891    21.6609 0.0000e+00
      5.498     -0.190     4.5261     64.289    103.628  98.746127    17.0100     1.0659     0.1278     0.5076 8.2252e+01     0.4156      5.391      7.819    21.9173 0.0000e+00
      5.448     -0.185     4.7378     67.660    103.333  98.802757    17.0100     1.0506     0.1278     0.5076 8.6374e+01     0.3854      5.342      7.748    22.1174 0.0000e+00
      5.400     -0.181     4.9883     70.776    103.097  98.848322    15.1200     1.0620     0.0852     0.5922 8.8175e+01     0.2796      5.295      7.680    22.2882 0.0000e+00
      5.356     -0.177     5.2628     73.537    102.901  98.869007    15.1200     1.0735     0.0852     0.5922 8.6939e+01     0.2192      5.252      7.617    22.4634 0.0000e+00
      5.314     -0.177     5.5444     75.903    102.743  98.878326    15.1200     1.0506     0.0852     0.5922 8.7793e+01     0.1890      5.211      7.558    22.6440 0.0000e+00
      5.273     -0.179     5.8182     77.854    102.606  98.886760    15.1200     1.0468     0.0852     0.5922 8.7831e+01     0.1739      5.170      7.499    22.8063 0.0000e+00
      5.228     -0.184     6.0722     79.367    102.471  98.898559    13.9500     1.0392     0.1278     0.5499 9.0623e+01     0.4156      5.127      7.436    22.9368 0.0000e+00
      5.180     -0.190     6.2983     80.446    102.333  98.924867    13.9500     1.0544     0.1278     0.5499 9.5620e+01     0.4609      5.080      7.368    23.0373 0.0000e+00
      5.128     -0.194     6.4922     81.146    102.196  98.982695    13.9500     1.0773     0.1278     0.5499 9.9110e+01     0.4156      5.029      7.294    23.1154 0.0000e+00
      5.075     -0.195     6.6512     81.566    102.054  99.065490    13.9500     1.0582     0.1278     0.5499 1.0442e+02     0.4458      4.976      7.218    23.1834 0.0000e+00
      5.022     -0.194     6.7722     81.818    101.888  99.127405    13.9500     1.0582     0.1278     0.5499 1.0951e+02     0.1890      4.925      7.143    23.2523 0.0000e+00
      4.973     -0.191     6.8546     82.020    101.707  99.135008    13.9500     1.0659     0.0852     0.4230 1.0901e+02     0.2041      4.877      7.073    23.3301 0.0000e+00
      4.927     -0.187     6.9024     82.282    101.529  99.094335    13.9500     1.0544     0.0852     0.4230 1.0903e+02     0.2494      4.831      7.007    23.4232 0.0000e+00
      4.881     -0.183     6.9243     82.675    101.371  99.034507    13.9500     1.0506     0.0852     0.4230 1.0970e+02     0.1739      4.787      6.943    23.5312 0.0000e+00
      4.836     -0.178     6.9317     83.215    101.250  98.991526    13.9500     1.0659     0.0852     0.4230 1.1529e+02     0.1890      4.742      6.878    23.6404 0.0000e+00
      4.789     -0.174     6.9370     83.865    101.179  98.991901    13.5900     1.0659     0.0426     0.3384 1.1953e+02     0.1286      4.697      6.812    23.7309 0.0000e+00
      4.744     -0.168     6.9507     84.529    101.140  99.033731    13.5900     1.0697     0.0426     0.3384 1.2282e+02     0.1588      4.652      6.747    23.7958 0.0000e+00
      4.700     -0.161     6.9778     85.099    101.104  99.090209    13.5900     1.0620     0.0426     0.3384 1.2648e+02     0.2343      4.609      6.684    23.8425 0.0000e+00
      4.660     -0.155     7.0186     85.507    101.064  99.142431    13.5900     1.0659     0.0426     0.3384 1.2861e+02     0.4458      4.569      6.627    23.8794 0.0000e+00
      4.623     -0.150     7.0688     85.739    101.010  99.168359    13.5000     1.0735     0.0852     0.3384 1.2716e+02     0.3249      4.534      6.576    23.9137 0.0000e+00
      4.589     -0.150     7.1196     85.817    100.935  99.154929    13.5000     1.0887     0.0852     0.3384 1.2448e+02     0.4156      4.500      6.527    23.9530 0.0000e+00
      4.554     -0.153     7.1616     85.780    100.871  99.126540    13.5000     1.0392     0.0852     0.3384 1.2467e+02     0.5213      4.466      6.478    23.9985 0.0000e+00
      4.517     -0.160     7.1898     85.673    100.852  99.111593    13.5000     0.9934     0.0852     0.3384 1.2897e+02     0.2192      4.429      6.424    24.0437 0.0000e+00
      4.475     -0.169     7.2041     85.527    100.866  99.106101    13.4100     0.9743     0.0852     0.3384 1.3632e+02     0.2494      4.388      6.365    24.0827 0.0000e+00
      4.429     -0.177     7.2067     85.355    100.879  99.096605    13.4100     0.9857     0.0852     0.3384 1.3412e+02     0.1588      4.343      6.299    24.1127 0.0000e+00
      4.380     -0.182     7.2013     85.162    100.884  99.092560    13.4100     1.0010     0.0852     0.3384 1.4038e+02     0.2796      4.296      6.230    24.1298 0.0000e+00
      4.330     -0.183     7.1921     84.935    100.876  99.092887    13.4100     0.9934     0.0852     0.3384 1.5151e+02     0.3854      4.247      6.159    24.1315 0.0000e+00
      4.281     -0.181     7.1811     84.670    100.846  99.085683    13.4100     0.9934     0.0852     0.3384 1.5013e+02     0.5817      4.198      6.089    24.1221 0.0000e+00
      4.234     -0.174     7.1682     84.386    100.817  99.089013    13.4100     0.9896     0.0426     0.4230 1.5263e+02     0.4156      4.152      6.022    24.1108 0.0000e+00
      4.191     -0.166     7.1526     84.120    100.804  99.115755    13.4100     1.0010     0.0426     0.4230 1.5595e+02     0.4156      4.110      5.961    24.1060 0.0000e+00
      4.150     -0.156     7.1331     83.905    100.800  99.157057    13.4100     1.0582     0.0426     0.4230 1.6024e+02     0.1286      4.070      5.903    24.1102 0.0000e+00
      4.112     -0.145     7.1093     83.759    100.789  99.195958    13.4100     1.0544     0.0426     0.4230 1.5769e+02     0.3098      4.032      5.849    24.1215 0.0000e+00
      4.076     -0.134     7.0833     83.685    100.765  99.226849    13.3200     1.0620     0.0852     0.3807 1.6355e+02     0.1890      3.997      5.797    24.1375 0.0000e+00
      4.042     -0.123     7.0585     83.661    100.746  99.269958    13.3200     1.0735     0.0852     0.3807 1.6642e+02     0.1588      3.964      5.749    24.1569 0.0000e+00
      4.012     -0.113     7.0376     83.660    100.731  99.320798    13.3200     1.0849     0.0852     0.3807 1.6721e+02     1.2615      3.934      5.706    24.1789 0.0000e+00
      3.985     -0.103     7.0221     83.663    100.711  99.368951    13.3200     1.0964     0.0852     0.3807 1.6476e+02     1.0198      3.908      5.668    24.2037 0.0000e+00
      3.962     -0.096     7.0122     83.663    100.687  99.409276    13.3200     1.0620     0.0426     0.3384 1.6505e+02     1.2464      3.885      5.635    24.2312 0.0000e+00
      3.940     -0.093     7.0063     83.661    100.644  99.420557    13.3200     1.0659     0.0426     0.3384 1.6834e+02     1.1558      3.864      5.605    24.2615 0.0000e+00
      3.919     -0.094     7.0019     83.676    100.592  99.409803    13.3200     1.0353     0.0426     0.3384 1.6516e+02     1.2313      3.844      5.575    24.2942 0.0000e+00
      3.898     -0.099     6.9978     83.748    100.565  99.402124    13.3200     1.1841     0.0426     0.3384 1.7074e+02     3.4218      3.823      5.544    24.3278 0.0000e+00
      3.873     -0.109     6.9937     83.902    100.570  99.401470    13.3200     1.1841     0.0852     0.3384 1.6842e+02     3.6030      3.799      5.510    24.3594 0.0000e+00
      3.846     -0.122     6.9900     84.136    100.585  99.389681    13.3200     1.1765     0.0852     0.3384 1.7004e+02     3.5426      3.772      5.470    24.3865 0.0000e+00
      3.813     -0.136     6.9887     84.426    100.586  99.349623    13.3200     1.1727     0.0852     0.3384 1.7422e+02     3.4671      3.739      5.423    24.4064 0.0000e+00
      3.775     -0.149     6.9935     84.727    100.573  99.288595    13.3200     1.1231     0.0852     0.3384 1.8303e+02     1.9111      3.703      5.370    24.4158 0.0000e+00
      3.734     -0.159     7.0066     84.984    100.566  99.240277    13.3200     1.1307     0.0852     0.3384 1.9233e+02     1.9413      3.662      5.311    24.4134 0.0000e+00
      3.689     -0.166     7.0279     85.151    100.583  99.231746    13.3200     1.1345     0.0852     0.4653 1.9321e+02     1.9715      3.618      5.247    24.4002 0.0000e+00
      3.643     -0.169     7.0548     85.201    100.606  99.248736    13.3200     1.1002     0.0852     0.4653 2.0654e+02     1.8809      3.573      5.182    24.3794 0.0000e+00
      3.598     -0.168     7.0831     85.135    100.615  99.267802    13.3200     1.0811     0.0852     0.4653 2.1315e+02     1.1256      3.529      5.118    24.3557 0.0000e+00
      3.556     -0.165     7.1074     84.977    100.619  99.290034    13.3200     1.0582     0.0852     0.4653 2.0578e+02     1.1709      3.487      5.058    24.3350 0.0000e+00
      3.515     -0.160     7.1230     84.767    100.630  99.321362    13.3200     1.0659     0.0426     0.2961 2.1440e+02     1.2313      3.447      5.000    24.3225 0.0000e+00
      3.475     -0.154     7.1275     84.557    100.642  99.354156    13.3200     1.0659     0.0426     0.2961 2.2344e+02     1.0652      3.408      4.943    24.3200 0.0000e+00
      3.436     -0.147     7.1213     84.403    100.646  99.381174    13.3200     1.0582     0.0426     0.2961 2.2442e+02     1.1407      3.369      4.887    24.3250 0.0000e+00
      3.398     -0.139     7.1069     84.340    100.649  99.409623    13.3200     1.0964     0.0426     0.2961 2.2795e+02     1.0652      3.332      4.833    24.3337 0.0000e+00
      3.362     -0.131     7.0880     84.362    100.648  99.437098    13.3200     1.0735     0.0852     0.3807 2.2915e+02     1.2313      3.297      4.782    24.3437 0.0000e+00
      3.330     -0.122     7.0691     84.428    100.630  99.448946    13.3200     1.0697     0.0852     0.3807 2.2845e+02     1.2011      3.265      4.736    24.3544 0.0000e+00
      3.302     -0.116     7.0547     84.505    100.604  99.448329    13.3200     1.1154     0.0852     0.3807 2.2017e+02     1.3673      3.238      4.696    24.3658 0.0000e+00
      3.276     -0.113     7.0477     84.571    100.590  99.451071    13.3200     1.1421     0.0852     0.3807 2.2349e+02     1.4277      3.212      4.659    24.3785 0.0000e+00
      3.250     -0.114     7.0476     84.615    100.589  99.457903    13.3200     1.1231     0.0852     0.3807 2.3110e+02     1.5486      3.187      4.623    24.3928 0.0000e+00
      3.223     -0.120     7.0513     84.633    100.586  99.452663    13.3200     1.1078     0.0000     0.4230 2.3039e+02     1.2615      3.161      4.585    24.4072 0.0000e+00
      3.193     -0.130     7.0561     84.639    100.580  99.435952    13.3200     1.1154     0.0000     0.4230 2.2746e+02     1.2011      3.132      4.542    24.4196 0.0000e+00
      3.159     -0.142     7.0605     84.660    100.588  99.425295    13.3200     1.1421     0.0000     0.4230 2.4241e+02     1.2766      3.098      4.494    24.4283 0.0000e+00
      3.121     -0.154     7.0637     84.705    100.616  99.429838    13.3200     1.1078     0.0000     0.4230 2.4941e+02     1.1407      3.060      4.439    24.4322 0.0000e+00
      3.078     -0.164     7.0653     84.762    100.652  99.444797    13.5000     1.1269     0.0852     0.3807 2.6778e+02     1.1407      3.019      4.378    24.4310 0.0000e+00
