Data/DataNotYetUploadedToEDI/Raw_CTD/RawDownloads/090224_fcr50_S7809001.cnv
* Sea-Bird SBE19plus  Data File:
* FileName = C:\R\Reservoirs\Data\DataNotYetUploadedToEDI\Raw_CTD\RawDownloads\090224_fcr50_S7809_0001.hex
* Software version 2.8.0.119
* Temperature SN = 7809
* Conductivity SN = 7809
* System UpLoad Time = Sep 02 2024 17:16:44
* <ApplicationData>
* <Seaterm232>
# nquan = 15
# nvalues = 1643                        
# units = specified
# name 0 = depFM: Depth [fresh water, m]
# name 1 = dz/dtM: Descent Rate [m/s]
# name 2 = sbeox0Mg/L: Oxygen, SBE 43 [mg/l]
# name 3 = sbeox0PS: Oxygen, SBE 43 [% saturation]
# name 4 = specc: Specific Conductance [uS/cm]
# name 5 = c0uS/cm: Conductivity [uS/cm]
# name 6 = flECO-AFL: Fluorescence, WET Labs ECO-AFL/FL [mg/m^3]
# name 7 = ph: pH
# name 8 = orp: Oxidation Reduction Potential [mV]
# name 9 = par/sat/log: PAR/Logarithmic, Satlantic
# name 10 = turbWETntu0: Turbidity, WET Labs ECO [NTU]
# name 11 = prdM: Pressure, Strain Gauge [db]
# name 12 = prdE: Pressure, Strain Gauge [psi]
# name 13 = tv290C: Temperature [ITS-90, deg C]
# name 14 = flag:  0.000e+00
# span 0 =     -0.637,      9.528       
# span 1 =     -2.803,      4.507       
# span 2 =    -0.1318,     8.2470       
# span 3 =     -0.931,    100.523       
# span 4 =      1.879,    488.996       
# span 5 =   1.891169, 372.531178       
# span 6 =    -2.0852,   108.3139       
# span 7 =      5.873,      7.612       
# span 8 =  -372.3473,   394.8989       
# span 9 = 1.2355e-01, 1.1681e+03       
# span 10 =    -5.7669,   957.5452      
# span 11 =     -0.625,      9.344      
# span 12 =     -0.907,     13.553      
# span 13 =    12.9326,    25.4559      
# span 14 = 0.0000e+00, 0.0000e+00      
# interval = seconds: 0.25
# start_time = Sep 02 2024 10:25:12 [Instrument's time stamp, header]
# bad_flag = -9.990e-29
*END*
     -0.636 -4.313e-20     7.3017     88.880      2.252   2.267176    -0.0495      5.877   -23.0945 4.6506e+02     3.7868     -0.624     -0.905    25.3176 0.0000e+00
     -0.636 -3.921e-21     7.3024     88.888      2.266   2.280287    -0.0521      5.879   -38.6796 4.6621e+02     3.8020     -0.624     -0.905    25.3178 0.0000e+00
     -0.636 -3.565e-22     7.3018     88.897      2.297   2.312151    -0.0492      5.879   -50.7054 4.7047e+02     3.8441     -0.624     -0.905    25.3179 0.0000e+00
     -0.636 -3.241e-23     7.2992     88.907      2.320   2.335723    -0.0641      5.882   -55.8712 4.7755e+02     3.8181     -0.624     -0.905    25.3182 0.0000e+00
     -0.636 -2.946e-24     7.3015     88.905      2.359   2.375260    -0.0661      5.884   -63.3685 4.8261e+02     3.8283     -0.624     -0.905    25.3187 0.0000e+00
     -0.636 -2.678e-25     7.3017     88.900      2.394   2.410134    -0.0401      5.883   -72.0071 4.8409e+02     3.8994     -0.623     -0.904    25.3189 0.0000e+00
     -0.636 -2.435e-26     7.3017     88.900      2.362   2.377310    -0.0243      5.883   -80.3894 4.8405e+02     3.9273     -0.623     -0.904    25.3189 0.0000e+00
     -0.636 -2.213e-27     7.3042     88.896      2.343   2.358451    -0.0334      5.883   -89.8633 4.8328e+02     3.8581     -0.624     -0.905    25.3190 0.0000e+00
     -0.636 -2.012e-28     7.3028     88.889      2.357   2.372144    -0.0499      5.883   -98.8809 4.8243e+02     3.7798     -0.624     -0.905    25.3189 0.0000e+00
     -0.636 -1.829e-29     7.3022     88.897      2.337   2.352845    -0.0497      5.883  -106.8229 4.8187e+02     3.8013     -0.624     -0.905    25.3189 0.0000e+00
     -0.636 -1.663e-30     7.3028     88.922      2.300   2.315139    -0.0305      5.883  -114.0465 4.8112e+02     3.8437     -0.623     -0.904    25.3191 0.0000e+00
     -0.636 -1.512e-31     7.3026     88.936      2.281   2.296303    -0.0261      5.884  -120.1435 4.8024e+02     3.8139     -0.623     -0.904    25.3191 0.0000e+00
     -0.636 -1.374e-32     7.3011     88.932      2.300   2.315128    -0.0384      5.885  -125.8195 4.8048e+02     3.7834     -0.624     -0.905    25.3193 0.0000e+00
     -0.636 -1.250e-33     7.3014     88.935      2.337   2.352722    -0.0367      5.885  -132.7710 4.8199e+02     3.8154     -0.624     -0.905    25.3192 0.0000e+00
     -0.636 -1.136e-34     7.3049     88.936      2.355   2.370787    -0.0391      5.885  -140.9554 4.8379e+02     3.8250     -0.624     -0.905    25.3194 0.0000e+00
     -0.636 -1.032e-35     7.3064     88.919      2.328   2.343532    -0.0520      5.885  -148.2881 4.8594e+02     3.8318     -0.624     -0.905    25.3195 0.0000e+00
     -0.636 -9.385e-37     7.3044     88.900      2.325   2.339893    -0.0509      5.886  -153.7162 4.8812e+02     3.8973     -0.624     -0.905    25.3192 0.0000e+00
     -0.636 -8.535e-38     7.3053     88.891      2.375   2.390129    -0.0419      5.887  -158.6632 4.8952e+02     3.9337     -0.624     -0.905    25.3190 0.0000e+00
     -0.636 -7.760e-39     7.3067     88.890      2.365   2.380840    -0.0431      5.887  -164.3937 4.8982e+02     3.8967     -0.624     -0.905    25.3184 0.0000e+00
     -0.636 -7.050e-40     7.3040     88.895      2.339   2.354270    -0.0487      5.886  -170.5179 4.8923e+02     3.8593     -0.624     -0.905    25.3178 0.0000e+00
     -0.636 -6.410e-41     7.3021     88.892      2.370   2.385595    -0.0430      5.886  -176.7849 4.8846e+02     3.8914     -0.624     -0.905    25.3176 0.0000e+00
     -0.636 -5.830e-42     7.3021     88.902      2.364   2.379527    -0.0325      5.887  -182.6083 4.8796e+02     3.9090     -0.624     -0.906    25.3178 0.0000e+00
     -0.636 -5.300e-43     7.3012     88.936      2.329   2.344243    -0.0304      5.888  -187.1537 4.8776e+02     3.8338     -0.624     -0.905    25.3179 0.0000e+00
     -0.636 -4.817e-44     7.3032     88.956      2.324   2.339042    -0.0419      5.891  -190.5296 4.8754e+02     3.7337     -0.624     -0.905    25.3180 0.0000e+00
     -0.636 -4.379e-45     7.3017     88.948      2.364   2.379981    -0.0466      5.895  -193.3990 4.8746e+02     3.7222     -0.624     -0.905    25.3180 0.0000e+00
     -0.636 -3.981e-46     7.3013     88.928      2.443   2.459170    -0.0378      5.900  -194.8313 4.8802e+02     3.7985     -0.623     -0.904    25.3175 0.0000e+00
     -0.636 -3.619e-47     7.3069     88.933      2.205   2.219669    -0.0433      5.901  -197.8664 4.8901e+02     3.8361     -0.624     -0.905    25.3170 0.0000e+00
     -0.636 -3.293e-48     7.3080     88.951      1.879   1.891169    -0.0550      5.896  -206.5208 4.8839e+02     3.8341     -0.624     -0.905    25.3166 0.0000e+00
     -0.636 -3.280e-49     7.3078     88.939      2.084   2.097799    -0.0460      5.895  -206.8927 4.7953e+02     3.8772     -0.624     -0.905    25.3165 0.0000e+00
     -0.636 -3.449e-49     7.3038     88.923      2.359   2.374398    -0.0342      5.896  -205.0303 4.5689e+02     3.8794     -0.624     -0.905    25.3167 0.0000e+00
     -0.636 -3.498e-48     7.3045     88.935      2.369   2.385126    -0.0377      5.891  -218.5048 4.2739e+02     3.7925     -0.624     -0.905    25.3171 0.0000e+00
     -0.637 -3.845e-47     7.3090     88.955      2.338   2.354195    -0.0387      5.886  -232.9233 4.0340e+02     3.7834     -0.624     -0.906    25.3178 0.0000e+00
     -0.637 -4.229e-46     7.3058     88.965      2.302   2.317129    -0.0379      5.890  -237.9146 3.8219e+02     3.8378     -0.625     -0.906    25.3184 0.0000e+00
     -0.637 -4.652e-45     7.3031     88.953      2.302   2.317028    -0.0444      5.901  -236.0064 3.5714e+02     3.8007     -0.624     -0.906    25.3189 0.0000e+00
     -0.637 -5.117e-44     7.3054     88.928      2.337   2.352970    -0.0504      5.903  -242.6323 3.2391e+02     3.7451     -0.624     -0.905    25.3194 0.0000e+00
     -0.637 -5.629e-43     7.3074     88.928      2.356   2.371645    -0.0533      5.887  -263.8233 2.7441e+02     3.7455     -0.624     -0.906    25.3199 0.0000e+00
     -0.637 -6.192e-42     7.3082     88.953      2.337   2.352798    -0.0539      5.877  -279.1916 2.2920e+02     3.7373     -0.624     -0.906    25.3202 0.0000e+00
     -0.637 -6.811e-41     7.3079     88.961      2.300   2.315119    -0.0573      5.879  -286.1396 2.0793e+02     3.6460     -0.624     -0.906    25.3205 0.0000e+00
     -0.637 -7.492e-40     7.3035     88.953      2.281   2.296134    -0.0615      5.884  -300.1666 1.9493e+02     3.5306     -0.624     -0.905    25.3210 0.0000e+00
     -0.637 -8.242e-39     7.3032     88.957      2.298   2.313276    -0.0540      5.892  -308.0301 1.8423e+02     3.5376     -0.625     -0.906    25.3216 0.0000e+00
     -0.637 -9.066e-38     7.3075     88.961      2.317   2.332355    -0.0507      5.894  -301.3713 1.8398e+02     3.5933     -0.625     -0.906    25.3223 0.0000e+00
     -0.637 -9.972e-37     7.3078     88.971      2.321   2.336780    -0.0627      5.889  -303.8020 2.0420e+02     3.6228     -0.624     -0.906    25.3233 0.0000e+00
     -0.637 -1.097e-35     7.3049     88.997      2.351   2.366790    -0.0655      5.886  -311.9516 2.5643e+02     3.7239     -0.624     -0.906    25.3242 0.0000e+00
     -0.637 -1.207e-34     7.3070     89.012      2.362   2.378478    -0.0515      5.893  -316.2776 3.1903e+02     3.8603     -0.624     -0.906    25.3252 0.0000e+00
     -0.637 -1.327e-33     7.3066     89.002      2.335   2.351414    -0.0360      5.901  -321.7779 3.4252e+02     3.9050     -0.624     -0.906    25.3259 0.0000e+00
     -0.637 -1.460e-32     7.3063     88.991      2.340   2.356283    -0.0345      5.901  -326.9180 3.0760e+02     3.8538     -0.625     -0.906    25.3269 0.0000e+00
     -0.637 -1.606e-31     7.3100     88.977      2.358   2.374002    -0.0415      5.894  -335.4927 2.4948e+02     3.8227     -0.624     -0.906    25.3278 0.0000e+00
     -0.637 -1.767e-30     7.3116     88.968      2.360   2.375623    -0.0377      5.889  -340.1019 2.1360e+02     3.8365     -0.625     -0.906    25.3283 0.0000e+00
     -0.637 -1.943e-29     7.3093     89.000      2.360   2.375873    -0.0302      5.896  -335.5845 2.0220e+02     3.8154     -0.624     -0.906    25.3288 0.0000e+00
     -0.637 -2.138e-28     7.3084     89.018      2.361   2.377038    -0.0343      5.900  -341.8749 1.9284e+02     3.6016     -0.625     -0.906    25.3293 0.0000e+00
     -0.637 -2.351e-27     7.3089     88.997      2.374   2.389706    -0.0467      5.900  -357.1356 1.7496e+02     3.3011     -0.624     -0.906    25.3296 0.0000e+00
     -0.637 -2.587e-26     7.3032     88.977      2.386   2.402351    -0.0469      5.907  -361.5307 1.5443e+02     3.2220     -0.625     -0.906    25.3298 0.0000e+00
     -0.637 -2.845e-25     7.3109     88.978      2.387   2.403241    -0.0367      5.905  -357.7612 1.3806e+02     3.1579     -0.624     -0.906    25.3300 0.0000e+00
     -0.637 -3.130e-24     7.3125     88.992      2.384   2.400467    -0.0388      5.898  -353.8035 1.2445e+02     2.6285     -0.624     -0.906    25.3302 0.0000e+00
     -0.637 -3.443e-23     7.3081     88.990      2.353   2.368808    -0.0388      5.903  -347.1479 1.1445e+02     1.8420     -0.624     -0.906    25.3306 0.0000e+00
     -0.637 -3.787e-22     7.3073     89.006      2.322   2.337172    -0.0288      5.914  -336.9143 1.1273e+02     1.5391     -0.624     -0.906    25.3312 0.0000e+00
     -0.637 -4.166e-21     7.3056     89.032      2.319   2.334675    -0.0423      5.914  -325.0564 1.1904e+02     1.5626     -0.625     -0.906    25.3314 0.0000e+00
     -0.637 -4.582e-20     7.3106     89.029      2.324   2.338620    -0.0610      5.910  -317.1759 1.2871e+02     1.4440     -0.625     -0.906    25.3317 0.0000e+00
     -0.637 -5.041e-19     7.3066     89.039      2.369   2.384865    -0.0472      5.906  -322.9384 1.3800e+02     1.3338     -0.625     -0.906    25.3320 0.0000e+00
     -0.637 -5.545e-18     7.3085     89.063      2.434   2.450425    -0.0340      5.896  -338.5459 1.5084e+02     1.2888     -0.624     -0.905    25.3324 0.0000e+00
     -0.637 -6.099e-17     7.3142     89.058      2.418   2.434510    -0.0431      5.880  -350.9280 1.8402e+02     1.2425     -0.625     -0.906    25.3327 0.0000e+00
     -0.637 -6.709e-16     7.3099     89.034      2.366   2.382480    -0.0491      5.873  -352.8833 2.5135e+02     1.2520     -0.625     -0.906    25.3326 0.0000e+00
     -0.637 -7.380e-15     7.3114     89.017      2.375   2.391424    -0.0561      5.888  -336.6336 3.0420e+02     1.2666     -0.624     -0.906    25.3326 0.0000e+00
     -0.637 -8.118e-14     7.3161     89.007      2.400   2.415966    -0.0766      5.903  -242.6447 2.9321e+02     1.1798     -0.624     -0.905    25.3322 0.0000e+00
     -0.637 -8.930e-13     7.3140     88.990      2.410   2.425837    -0.0986      5.907   -86.7586 2.6368e+02     1.0571     -0.625     -0.906    25.3315 0.0000e+00
     -0.637 -9.823e-12     7.3121     88.986      2.431   2.447436    -0.1140      5.909    -4.4061 2.5282e+02     0.9790     -0.625     -0.906    25.3304 0.0000e+00
     -0.637 -1.080e-10     7.3101     89.004      2.470   2.487083    -0.0964      5.908    -0.4598 2.5483e+02     0.9864     -0.625     -0.906    25.3293 0.0000e+00
     -0.637 -1.189e-09     7.3109     89.008      2.508   2.525133    -0.0602      5.897     1.8237 2.6471e+02     1.0104     -0.625     -0.906    25.3283 0.0000e+00
     -0.637 -1.307e-08     7.3086     89.007      2.511   2.527433    -0.0506      5.886     5.9963 2.6918e+02     0.9618     -0.625     -0.906    25.3276 0.0000e+00
     -0.637 -1.438e-07     7.3065     88.996      2.499   2.514898    -0.0465      5.886     9.5514 2.6431e+02     0.9792     -0.625     -0.906    25.3273 0.0000e+00
     -0.637     -0.000     7.3120     88.961      2.484   2.500260    -0.0361      5.891    20.1149 2.5769e+02     1.1529     -0.625     -0.906    25.3271 0.0000e+00
     -0.637     -0.000     7.3099     88.935      2.461   2.477132    -0.0409      5.889    23.4174 2.5254e+02     1.3193     -0.624     -0.905    25.3269 0.0000e+00
     -0.637     -0.000     7.3104     88.937      2.472   2.488641    -0.0543      5.885    20.1414 2.5172e+02     1.3168     -0.625     -0.906    25.3263 0.0000e+00
     -0.637     -0.002     7.3113     88.962      2.496   2.512728    -0.0490      5.884    20.2552 2.7561e+02     1.2596     -0.625     -0.906    25.3256 0.0000e+00
     -0.636     -0.023     7.3057     88.975      2.498   2.514978    -0.0348      5.883    18.4262 4.2182e+02     1.1403     -0.624     -0.905    25.3258 0.0000e+00
     -0.636     -0.255     7.3040     88.980      2.499   2.515852    -0.0408      5.883    13.2571 6.4999e+02     0.8650     -0.624     -0.905    25.3259 0.0000e+00
     -0.636     -2.803     7.3033     89.011      2.506   2.523295    -0.0557      5.883     7.4001 6.6907e+02     0.6630     -0.624     -0.905    25.3257 0.0000e+00
     -0.636     -2.803     7.3076     89.033      2.525   2.541620    -0.0572      5.884     2.3305 5.0184e+02     0.6459     -0.624     -0.905    25.3256 0.0000e+00
     -0.636     -0.255     7.3091     89.037      2.530   2.547388    -0.0498      5.885    -3.4701 5.2120e+02     0.6923     -0.624     -0.905    25.3254 0.0000e+00
     -0.636     -0.023     7.3058     89.031      2.513   2.529693    -0.0499      5.887    -9.9928 7.3943e+02     0.7457     -0.624     -0.905    25.3251 0.0000e+00
     -0.636     -0.002     7.3123     89.020      2.502   2.517699    -0.0498      5.887   -16.4793 8.9907e+02     0.8468     -0.624     -0.905    25.3248 0.0000e+00
     -0.636     -0.000     7.3131     89.017      2.513   2.529069    -0.0410      5.887   -23.9071 9.6469e+02     0.9591     -0.624     -0.905    25.3246 0.0000e+00
     -0.636     -0.000     7.3133     89.007      2.525   2.540478    -0.0340      5.886   -30.3679 9.8255e+02     1.0102     -0.624     -0.905    25.3231 0.0000e+00
     -0.637     -0.000     7.3139     88.984      2.514   2.528952    -0.0404      5.885   -34.1968 9.5238e+02     0.9863     -0.624     -0.906    25.3201 0.0000e+00
     -0.637 -1.438e-07     7.3118     88.972      2.502   2.516397    -0.0434      5.886   -38.5393 8.9183e+02     0.9436     -0.624     -0.905    25.3160 0.0000e+00
     -0.637 -1.307e-08     7.3141     88.985      2.501   2.515359    -0.0288      5.887   -43.5527 8.3831e+02     0.9722     -0.624     -0.905    25.3089 0.0000e+00
     -0.636 -1.189e-09     7.3142     89.005      2.502   2.516407    -0.0302      5.887   -46.4596 8.2654e+02     0.9902     -0.624     -0.905    25.3004 0.0000e+00
     -0.636 -1.081e-10     7.3129     89.024      2.515   2.529071    -0.0520      5.887   -48.9934 8.0242e+02     0.9563     -0.624     -0.905    25.2932 0.0000e+00
     -0.636 -9.825e-12     7.3113     89.038      2.528   2.541792    -0.0506      5.887   -53.4533 6.6876e+02     1.0062     -0.624     -0.905    25.2873 0.0000e+00
     -0.636 -8.930e-13     7.3144     89.039      2.530   2.543524    -0.0303      5.888   -59.4290 4.8803e+02     1.0810     -0.624     -0.905    25.2829 0.0000e+00
     -0.636 -8.120e-14     7.3164     89.056      2.536   2.550004    -0.0223      5.888   -65.5778 3.9705e+02     1.0755     -0.624     -0.905    25.2802 0.0000e+00
     -0.636 -7.380e-15     7.3180     89.091      2.543   2.556800    -0.0717      5.888   -70.9255 3.8477e+02     1.0415     -0.624     -0.905    25.2786 0.0000e+00
     -0.636 -6.710e-16     7.3206     89.108      2.548   2.562360    -0.1611      5.889   -75.9925 3.8823e+02     1.0122     -0.624     -0.905    25.2767 0.0000e+00
     -0.636 -6.100e-17     7.3192     89.112      2.539   2.553880    -0.1963      5.890   -81.3272 3.9333e+02     1.0284     -0.623     -0.904    25.2747 0.0000e+00
     -0.636 -5.545e-18     7.3202     89.117      2.503   2.517605    -0.2058      5.890   -86.4706 4.1284e+02     1.0324     -0.624     -0.905    25.2733 0.0000e+00
     -0.636 -5.040e-19     7.3258     89.129      2.490   2.503836    -0.2255      5.890   -90.8586 5.5762e+02     1.0269     -0.623     -0.904    25.2728 0.0000e+00
