Data/DataNotYetUploadedToEDI/Raw_CTD/RawDownloads/090225_ccr50_S8188002.cnv
* Sea-Bird SBE19plus  Data File:
* FileName = C:\R\Reservoirs\Data\DataNotYetUploadedToEDI\Raw_CTD\RawDownloads\090125_bvr50_S8188_0002.hex
* Software version 2.8.0.119
* Temperature SN = 8188
* Conductivity SN = 8188
* System UpLoad Time = Sep 02 2025 15:39:39
* <ApplicationData>
* <Seaterm232>
# nquan = 16
# nvalues = 3163                        
# units = specified
# name 0 = depFM: Depth [fresh water, m]
# name 1 = dz/dtM: Descent Rate [m/s]
# name 2 = sbeox0Mg/L: Oxygen, SBE 43 [mg/l]
# name 3 = sbeox0PS: Oxygen, SBE 43 [% saturation]
# name 4 = specc: Specific Conductance [uS/cm]
# name 5 = c0uS/cm: Conductivity [uS/cm]
# name 6 = wetCDOM: Fluorescence, WET Labs CDOM [mg/m^3]
# name 7 = flECO-AFL: Fluorescence, WET Labs ECO-AFL/FL [mg/m^3]
# name 8 = flECO-AFL1: Fluorescence, WET Labs ECO-AFL/FL, 2 [mg/m^3]
# name 9 = flECO-AFL2: Fluorescence, WET Labs ECO-AFL/FL, 3 [mg/m^3]
# name 10 = par/sat/log: PAR/Logarithmic, Satlantic
# name 11 = turbWETntu0: Turbidity, WET Labs ECO [NTU]
# name 12 = prdM: Pressure, Strain Gauge [db]
# name 13 = prdE: Pressure, Strain Gauge [psi]
# name 14 = tv290C: Temperature [ITS-90, deg C]
# name 15 = flag:  0.000e+00
# span 0 =     -0.433,     21.593       
# span 1 =     -0.245,      0.149       
# span 2 =    -0.4617,     8.2251       
# span 3 =     -4.207,     94.228       
# span 4 =   -652.984,    329.673       
# span 5 =-489.504035, 230.533583       
# span 6 =    -4.5000,    55.6200       
# span 7 =    -0.2655,     8.0697       
# span 8 =    -2.1300,     5.1120       
# span 9 =   -13.0284,     6.5142       
# span 10 = 1.1590e-01, 3.1474e+03      
# span 11 =    -6.4730,   181.8287      
# span 12 =     -0.424,     21.175      
# span 13 =     -0.616,     30.712      
# span 14 =     9.9559,    24.6520      
# span 15 = 0.0000e+00, 0.0000e+00      
# interval = seconds: 0.25
# start_time = Sep 02 2025 10:35:40 [Instrument's time stamp, header]
# bad_flag = -9.990e-29
*END*
[from data line 2803]
     12.957     -0.129     5.0828     47.393    128.072  95.639272    25.5600     0.5356     0.1278     0.2538 2.5667e-01     2.7873     12.707     18.430    12.3330 0.0000e+00
     12.927     -0.128     5.0787     47.376    128.086  95.651237    25.5600     0.5280     0.1278     0.2538 2.2717e-01     2.7571     12.678     18.387    12.3338 0.0000e+00
     12.898     -0.131     5.0742     47.371    128.100  95.664023    25.5600     0.5318     0.1278     0.2538 2.4474e-01     2.7722     12.649     18.346    12.3343 0.0000e+00
     12.867     -0.138     5.0701     47.367    128.099  95.665058    25.5600     0.5013     0.1278     0.2538 2.5236e-01     2.7420     12.618     18.301    12.3348 0.0000e+00
     12.832     -0.147     5.0670     47.356    128.055  95.634636    25.5600     0.4822     0.1278     0.2961 2.9768e-01     2.3945     12.584     18.252    12.3353 0.0000e+00
     12.793     -0.157     5.0652     47.335    127.998  95.594617    25.5600     0.4822     0.1278     0.2961 3.2513e-01     2.3039     12.546     18.196    12.3359 0.0000e+00
     12.750     -0.164     5.0645     47.300    127.967  95.574288    25.5600     0.4784     0.1278     0.2961 3.0184e-01     2.3039     12.503     18.134    12.3366 0.0000e+00
     12.703     -0.168     5.0640     47.243    127.972  95.582215    25.5600     0.4631     0.1278     0.2961 3.3928e-01     2.2737     12.458     18.069    12.3375 0.0000e+00
     12.657     -0.168     5.0627     47.166    127.993  95.602531    25.4700     0.4097     0.1278     0.3384 3.4590e-01     2.1377     12.412     18.002    12.3384 0.0000e+00
     12.612     -0.165     5.0604     47.085    128.014  95.622670    25.4700     0.3906     0.1278     0.3384 3.6103e-01     2.0924     12.369     17.939    12.3393 0.0000e+00
     12.571     -0.159     5.0565     47.014    128.032  95.640010    25.4700     0.3945     0.1278     0.3384 3.6458e-01     2.1377     12.329     17.881    12.3405 0.0000e+00
     12.533     -0.151     5.0503     46.963    128.018  95.633203    25.4700     0.4364     0.1278     0.3384 3.6111e-01     2.1981     12.291     17.827    12.3420 0.0000e+00
     12.497     -0.144     5.0418     46.944    127.973  95.602431    25.4700     0.4250     0.1278     0.2115 3.7356e-01     2.1679     12.255     17.774    12.3439 0.0000e+00
     12.461     -0.137     5.0329     46.959    127.934  95.575453    25.4700     0.4021     0.1278     0.2115 4.2181e-01     2.0773     12.220     17.724    12.3457 0.0000e+00
     12.426     -0.130     5.0252     47.004    127.915  95.563058    25.4700     0.4021     0.1278     0.2115 4.4915e-01     2.0773     12.186     17.674    12.3472 0.0000e+00
     12.393     -0.124     5.0196     47.067    127.922  95.569930    25.4700     0.4021     0.1278     0.2115 4.2660e-01     2.1528     12.153     17.627    12.3485 0.0000e+00
     12.362     -0.118     5.0174     47.127    127.952  95.593908    25.4700     0.4479     0.1278     0.2538 4.4934e-01     2.3039     12.123     17.583    12.3496 0.0000e+00
     12.334     -0.116     5.0190     47.166    127.987  95.621405    25.4700     0.4669     0.1278     0.2538 4.6595e-01     2.3039     12.095     17.543    12.3505 0.0000e+00
     12.308     -0.116     5.0237     47.180    128.017  95.645769    25.4700     0.4593     0.1278     0.2538 4.5376e-01     2.3039     12.070     17.506    12.3512 0.0000e+00
     12.281     -0.121     5.0303     47.169    128.018  95.649519    25.4700     0.4708     0.1278     0.2538 4.2291e-01     2.2737     12.044     17.468    12.3518 0.0000e+00
     12.252     -0.130     5.0366     47.126    127.991  95.631658    25.4700     0.3945     0.1278     0.2538 4.2995e-01     2.5607     12.015     17.426    12.3524 0.0000e+00
     12.219     -0.141     5.0407     47.059    127.988  95.631379    25.5600     0.4097     0.1278     0.2961 4.3664e-01     2.5607     11.982     17.379    12.3530 0.0000e+00
     12.180     -0.152     5.0422     46.988    128.015  95.652605    25.5600     0.3906     0.1278     0.2961 4.9507e-01     2.3945     11.945     17.324    12.3538 0.0000e+00
     12.137     -0.161     5.0408     46.930    128.036  95.669028    25.5600     0.3906     0.1278     0.2961 5.1976e-01     2.5607     11.902     17.263    12.3548 0.0000e+00
     12.092     -0.166     5.0362     46.887    128.052  95.683030    25.5600     0.4288     0.1278     0.2961 5.9344e-01     2.3341     11.858     17.198    12.3557 0.0000e+00
     12.046     -0.166     5.0290     46.856    128.074  95.702340    25.5600     0.4173     0.1278     0.2961 5.8779e-01     2.3190     11.813     17.133    12.3565 0.0000e+00
     12.002     -0.163     5.0213     46.833    128.092  95.720119    25.5600     0.4440     0.1278     0.2961 6.2616e-01     2.2435     11.770     17.071    12.3569 0.0000e+00
     11.961     -0.157     5.0150     46.812    128.093  95.725126    25.5600     0.4059     0.1278     0.2961 6.5142e-01     2.3341     11.729     17.012    12.3574 0.0000e+00
     11.922     -0.150     5.0104     46.792    128.052  95.698715    25.5600     0.4326     0.1278     0.2961 6.3149e-01     2.3039     11.691     16.957    12.3580 0.0000e+00
     11.886     -0.142     5.0070     46.770    127.996  95.659818    25.5600     0.4173     0.1278     0.2115 6.4005e-01     2.2283     11.656     16.906    12.3591 0.0000e+00
     11.852     -0.136     5.0043     46.751    127.965  95.640020    25.5600     0.4097     0.1278     0.2115 6.5611e-01     2.2435     11.622     16.857    12.3606 0.0000e+00
     11.818     -0.130     5.0019     46.747    127.928  95.616060    25.5600     0.4059     0.1278     0.2115 6.6414e-01     2.3341     11.589     16.809    12.3623 0.0000e+00
     11.785     -0.126     4.9996     46.762    127.892  95.593536    25.5600     0.4097     0.1278     0.2115 7.1011e-01     2.2435     11.557     16.762    12.3639 0.0000e+00
     11.753     -0.124     4.9971     46.802    127.908  95.610400    25.5600     0.4021     0.1278     0.2115 7.8170e-01     2.3039     11.526     16.717    12.3653 0.0000e+00
     11.723     -0.125     4.9949     46.864    127.950  95.647171    25.4700     0.4135     0.0852     0.2961 7.6091e-01     2.3945     11.496     16.674    12.3666 0.0000e+00
     11.693     -0.129     4.9942     46.935    127.974  95.669701    25.4700     0.4021     0.0852     0.2961 7.8221e-01     2.3794     11.467     16.632    12.3680 0.0000e+00
     11.663     -0.137     4.9957     47.001    127.979  95.678002    25.4700     0.4021     0.0852     0.2961 6.8450e-01     2.3945     11.438     16.589    12.3696 0.0000e+00
     11.629     -0.149     4.9997     47.047    127.953  95.662302    25.4700     0.3945     0.0852     0.2961 7.1974e-01     2.3341     11.404     16.541    12.3716 0.0000e+00
     11.590     -0.162     5.0061     47.067    127.903  95.628403    25.5600     0.4173     0.1278     0.2961 8.1624e-01     2.3643     11.366     16.486    12.3736 0.0000e+00
     11.546     -0.175     5.0135     47.064    127.866  95.605229    25.5600     0.4212     0.1278     0.2961 8.8573e-01     2.3945     11.323     16.422    12.3756 0.0000e+00
     11.497     -0.186     5.0204     47.052    127.855  95.602584    25.5600     0.3830     0.1278     0.2961 9.1687e-01     2.0924     11.275     16.353    12.3774 0.0000e+00
     11.445     -0.192     5.0252     47.042    127.884  95.631750    25.5600     0.4135     0.1278     0.2961 9.9169e-01     2.1377     11.224     16.279    12.3789 0.0000e+00
     11.393     -0.193     5.0271     47.043    127.920  95.666540    25.5600     0.4212     0.1278     0.2115 1.0986e+00     2.1075     11.172     16.204    12.3803 0.0000e+00
     11.341     -0.191     5.0266     47.060    127.915  95.670277    25.5600     0.3945     0.1278     0.2115 1.1784e+00     2.0924     11.122     16.131    12.3819 0.0000e+00
     11.293     -0.186     5.0251     47.094    127.902  95.667934    25.5600     0.4097     0.1278     0.2115 1.1554e+00     2.1830     11.074     16.062    12.3842 0.0000e+00
     11.247     -0.179     5.0237     47.139    127.903  95.674872    25.5600     0.4021     0.1278     0.2115 1.1800e+00     2.2132     11.030     15.997    12.3870 0.0000e+00
     11.204     -0.171     5.0234     47.185    127.911  95.686945    25.5600     0.4212     0.1278     0.2538 1.2286e+00     2.1226     10.987     15.935    12.3901 0.0000e+00
     11.161     -0.162     5.0249     47.226    127.950  95.721361    25.5600     0.3792     0.1278     0.2538 1.2849e+00     2.1679     10.945     15.874    12.3931 0.0000e+00
     11.119     -0.153     5.0282     47.252    127.993  95.757328    25.5600     0.4059     0.1278     0.2538 1.4129e+00     2.0773     10.904     15.815    12.3959 0.0000e+00
     11.080     -0.144     5.0327     47.259    127.990  95.758480    25.5600     0.4250     0.1278     0.2538 1.4543e+00     2.1528     10.866     15.760    12.3985 0.0000e+00
     11.045     -0.136     5.0373     47.254    127.964  95.741111    25.5600     0.4135     0.1278     0.2538 1.4676e+00     2.1528     10.831     15.709    12.4009 0.0000e+00
     11.013     -0.131     5.0414     47.246    127.932  95.720569    25.5600     0.4021     0.1278     0.2961 1.4496e+00     2.2586     10.800     15.664    12.4029 0.0000e+00
     10.983     -0.129     5.0441     47.238    127.898  95.699367    25.5600     0.3945     0.1278     0.2961 1.4258e+00     2.1377     10.771     15.622    12.4045 0.0000e+00
     10.954     -0.132     5.0446     47.237    127.878  95.691833    25.5600     0.4288     0.1278     0.2961 1.4433e+00     2.1528     10.742     15.580    12.4057 0.0000e+00
     10.922     -0.140     5.0440     47.251    127.867  95.691962    25.5600     0.3945     0.1278     0.2961 1.4486e+00     2.2132     10.711     15.535    12.4066 0.0000e+00
     10.887     -0.151     5.0431     47.276    127.856  95.691797    25.6500     0.4135     0.1278     0.4230 1.4840e+00     2.0773     10.677     15.485    12.4077 0.0000e+00
     10.846     -0.161     5.0420     47.312    127.850  95.695291    25.6500     0.4021     0.1278     0.4230 1.5716e+00     2.1377     10.637     15.428    12.4096 0.0000e+00
     10.801     -0.169     5.0415     47.355    127.843  95.699379    25.6500     0.4059     0.1278     0.4230 1.7166e+00     2.1075     10.593     15.363    12.4124 0.0000e+00
     10.753     -0.173     5.0426     47.392    127.820  95.693164    25.6500     0.4250     0.1278     0.4230 1.8823e+00     2.1981     10.545     15.294    12.4156 0.0000e+00
     10.705     -0.171     5.0450     47.410    127.769  95.666996    25.5600     0.4135     0.1278     0.3384 2.0563e+00     2.0773     10.498     15.226    12.4188 0.0000e+00
     10.659     -0.165     5.0484     47.417    127.711  95.633879    25.5600     0.4212     0.1278     0.3384 2.1120e+00     2.3341     10.453     15.161    12.4219 0.0000e+00
     10.619     -0.158     5.0527     47.411    127.638  95.588978    25.5600     0.3830     0.1278     0.3384 2.0919e+00     2.3794     10.413     15.103    12.4254 0.0000e+00
     10.582     -0.150     5.0561     47.375    127.503  95.496343    25.5600     0.3983     0.1278     0.3384 2.0978e+00     2.2888     10.377     15.051    12.4298 0.0000e+00
     10.547     -0.144     5.0575     47.313    127.282  95.339264    25.5600     0.4097     0.1278     0.3384 2.1235e+00     2.3039     10.343     15.001    12.4345 0.0000e+00
     10.512     -0.140     5.0578     47.233    126.932  95.083847    25.5600     0.4746     0.1278     0.2538 2.1720e+00     2.2283     10.309     14.952    12.4387 0.0000e+00
     10.477     -0.136     5.0567     47.150    126.369  94.665975    25.5600     0.4898     0.1278     0.2538 2.2943e+00     2.2737     10.274     14.901    12.4424 0.0000e+00
     10.441     -0.133     5.0525     47.089    125.483  94.004188    25.5600     0.4746     0.1278     0.2538 2.4745e+00     2.3945     10.239     14.850    12.4459 0.0000e+00
     10.405     -0.130     5.0454     47.046    124.015  92.904025    25.5600     0.4669     0.1278     0.2538 2.6338e+00     2.3643     10.204     14.800    12.4491 0.0000e+00
     10.373     -0.128     5.0366     47.015    121.519  91.034148    25.5600     0.4631     0.1278     0.2961 2.5918e+00     2.7873     10.172     14.753    12.4518 0.0000e+00
     10.342     -0.127     5.0277     47.013    117.337  87.901916    25.5600     0.4593     0.1278     0.2961 2.5543e+00     2.6664     10.142     14.710    12.4535 0.0000e+00
     10.313     -0.129     5.0211     47.051    110.377  82.690050    25.5600     0.4593     0.1278     0.2961 2.5294e+00     2.6966     10.114     14.669    12.4542 0.0000e+00
     10.283     -0.133     5.0165     47.111     98.799  74.018710    25.5600     0.4860     0.1278     0.2961 2.5755e+00     2.8628     10.084     14.626    12.4542 0.0000e+00
     10.249     -0.138     5.0132     47.183     79.491  59.553560    25.6500     0.4784     0.1278     0.2961 2.6701e+00     3.0441     10.051     14.578    12.4543 0.0000e+00
     10.211     -0.143     5.0129     47.260     47.281  35.419246    25.6500     0.4708     0.1278     0.2961 2.9087e+00     3.0894     10.014     14.524    12.4548 0.0000e+00
     10.171     -0.145     5.0168     47.329     -6.414  -4.816053    25.6500     0.5089     0.1278     0.2961 3.1475e+00     3.0139      9.975     14.467    12.4562 0.0000e+00
     10.131     -0.144     5.0230     47.390    -95.931 -71.893738    25.6500     0.4936     0.1278     0.2961 3.3697e+00     3.0441      9.935     14.409    12.4580 0.0000e+00
     10.092     -0.140     5.0305     47.440   -245.163-183.717178    25.6500     0.4555     0.1278     0.2961 3.4935e+00     2.5305      9.897     14.355    12.4593 0.0000e+00
     10.057     -0.135     5.0386     47.478   -493.872-370.081978    25.6500     0.4746     0.1278     0.2961 3.5095e+00     2.5607      9.863     14.305    12.4600 0.0000e+00
     10.026     -0.129     5.0460     47.497   -649.294-486.539583    25.6500     0.4822     0.1278     0.2961 3.5164e+00     2.5305      9.831     14.259    12.4603 0.0000e+00
      9.996     -0.125     5.0525     47.490   -493.884-370.073443    25.6500     0.4440     0.1278     0.2961 3.5049e+00     2.5607      9.802     14.217    12.4608 0.0000e+00
      9.966     -0.123     5.0578     47.457   -245.267-183.759770    25.6500     0.4173     0.1278     0.2961 3.5447e+00     2.6664      9.773     14.175    12.4617 0.0000e+00
      9.935     -0.123     5.0618     47.408    -96.090 -71.956858    25.6500     0.4135     0.1278     0.3384 3.7248e+00     2.6060      9.743     14.131    12.4632 0.0000e+00
      9.903     -0.122     5.0636     47.366     -6.538  -4.834609    25.6500     0.3830     0.1278     0.3384 3.8843e+00     2.5607      9.712     14.086    12.4659 0.0000e+00
      9.871     -0.120     5.0623     47.348     47.223  35.464284    25.6500     0.4135     0.1278     0.3384 4.1505e+00     2.5003      9.680     14.039    12.4700 0.0000e+00
      9.838     -0.116     5.0580     47.360     79.491  59.654226    25.6500     0.4517     0.1278     0.3384 4.4262e+00     2.9232      9.648     13.993    12.4756 0.0000e+00
      9.808     -0.110     5.0519     47.390     98.838  74.161891    25.5600     0.4708     0.0852     0.2538 4.6168e+00     2.8175      9.618     13.949    12.4825 0.0000e+00
      9.780     -0.104     5.0466     47.433    110.420  82.851994    25.5600     0.4708     0.0852     0.2538 4.6158e+00     2.8175      9.591     13.911    12.4894 0.0000e+00
      9.756     -0.099     5.0441     47.483    117.357  88.057881    25.5600     0.4631     0.0852     0.2538 4.5244e+00     2.9232      9.568     13.877    12.4948 0.0000e+00
      9.735     -0.097     5.0449     47.534    121.528  91.187769    25.5600     0.5280     0.0852     0.2538 4.4678e+00     5.5064      9.546     13.845    12.4987 0.0000e+00
