Data/DataNotYetUploadedToEDI/Raw_CTD/RawDownloads/090224_fcr50_S7809001.cnv
* Sea-Bird SBE19plus  Data File:
* FileName = C:\R\Reservoirs\Data\DataNotYetUploadedToEDI\Raw_CTD\RawDownloads\090224_fcr50_S7809_0001.hex
* Software version 2.8.0.119
* Temperature SN = 7809
* Conductivity SN = 7809
* System UpLoad Time = Sep 02 2024 17:16:44
* <ApplicationData>
* <Seaterm232>
# nquan = 15
# nvalues = 1643                        
# units = specified
# name 0 = depFM: Depth [fresh water, m]
# name 1 = dz/dtM: Descent Rate [m/s]
# name 2 = sbeox0Mg/L: Oxygen, SBE 43 [mg/l]
# name 3 = sbeox0PS: Oxygen, SBE 43 [% saturation]
# name 4 = specc: Specific Conductance [uS/cm]
# name 5 = c0uS/cm: Conductivity [uS/cm]
# name 6 = flECO-AFL: Fluorescence, WET Labs ECO-AFL/FL [mg/m^3]
# name 7 = ph: pH
# name 8 = orp: Oxidation Reduction Potential [mV]
# name 9 = par/sat/log: PAR/Logarithmic, Satlantic
# name 10 = turbWETntu0: Turbidity, WET Labs ECO [NTU]
# name 11 = prdM: Pressure, Strain Gauge [db]
# name 12 = prdE: Pressure, Strain Gauge [psi]
# name 13 = tv290C: Temperature [ITS-90, deg C]
# name 14 = flag:  0.000e+00
# span 0 =     -0.637,      9.528       
# span 1 =     -2.803,      4.507       
# span 2 =    -0.1318,     8.2470       
# span 3 =     -0.931,    100.523       
# span 4 =      1.879,    488.996       
# span 5 =   1.891169, 372.531178       
# span 6 =    -2.0852,   108.3139       
# span 7 =      5.873,      7.612       
# span 8 =  -372.3473,   394.8989       
# span 9 = 1.2355e-01, 1.1681e+03       
# span 10 =    -5.7669,   957.5452      
# span 11 =     -0.625,      9.344      
# span 12 =     -0.907,     13.553      
# span 13 =    12.9326,    25.4559      
# span 14 = 0.0000e+00, 0.0000e+00      
# interval = seconds: 0.25
# start_time = Sep 02 2024 10:25:12 [Instrument's time stamp, header]
# bad_flag = -9.990e-29
*END*
[from data line 290]
     -0.014 1.3517e-12     6.8205     83.538     42.319  42.703766     2.8843      7.399   214.3800 5.4908e+02     4.7895     -0.013     -0.020    25.4482 0.0000e+00
     -0.014 1.4869e-11     6.8290     83.784     42.307  42.691090     2.8737      7.402   213.5033 5.5927e+02     4.7445     -0.014     -0.019    25.4481 0.0000e+00
     -0.014 1.6356e-10     6.8320     84.000     42.305  42.688898     2.8487      7.404   214.0925 5.5652e+02     4.6869     -0.014     -0.020    25.4483 0.0000e+00
     -0.014 1.7991e-09     6.8281     84.110     42.294  42.677254     2.8487      7.405   215.1369 5.5600e+02     4.7074     -0.014     -0.020    25.4484 0.0000e+00
     -0.014 1.9791e-08     6.8412     84.083     42.294  42.677244     2.8665      7.407   215.1177 5.7444e+02     4.7539     -0.014     -0.021    25.4482 0.0000e+00
     -0.014 2.1770e-07     6.8679     83.995     42.305  42.688783     2.8800      7.410   213.9467 5.9724e+02     4.8044     -0.014     -0.020    25.4483 0.0000e+00
     -0.014      0.000     6.8853     83.936     42.306  42.689832     2.8861      7.414   213.2820 6.1390e+02     4.8061     -0.014     -0.020    25.4481 0.0000e+00
     -0.014      0.000     6.8979     83.902     42.306  42.689927     2.8826      7.417   213.3619 6.1999e+02     4.7740     -0.013     -0.019    25.4479 0.0000e+00
     -0.014      0.000     6.8916     83.814     42.306  42.689935     2.8795      7.419   213.8808 6.2292e+02     4.8268     -0.014     -0.020    25.4479 0.0000e+00
     -0.014      0.003     6.8807     83.587     42.306  42.689928     2.8895      7.421   214.4797 6.4122e+02     4.8969     -0.014     -0.020    25.4478 0.0000e+00
     -0.014      0.035     6.8774     83.272     42.306  42.689833     2.8954      7.424   214.3212 6.4413e+02     4.8706     -0.014     -0.020    25.4477 0.0000e+00
     -0.014      0.386     6.8755     82.982     42.305  42.688793     2.8933      7.428   213.7720 6.3178e+02     4.7825     -0.014     -0.020    25.4476 0.0000e+00
     -0.014      4.242     6.8742     82.830     42.294  42.677357     2.8978      7.430   213.5180 6.4342e+02     4.7196     -0.014     -0.020    25.4473 0.0000e+00
     -0.014      4.242     6.8518     82.935     42.295  42.678502     2.9158      7.431   213.4867 6.6514e+02     4.7245     -0.013     -0.019    25.4471 0.0000e+00
     -0.014      0.386     6.8223     83.279     42.319  42.702631     2.9373      7.434   214.2539 6.7940e+02     4.7732     -0.014     -0.020    25.4476 0.0000e+00
     -0.014      0.035     6.7969     83.682     42.331  42.715220     2.9319      7.438   215.4809 6.8633e+02     4.7962     -0.014     -0.020    25.4478 0.0000e+00
     -0.014      0.003     6.7786     84.017     42.320  42.703776     2.9007      7.440   215.7612 6.7528e+02     4.7642     -0.014     -0.021    25.4476 0.0000e+00
     -0.014      0.000     6.7876     84.300     42.307  42.691206     2.8767      7.442   215.1471 6.6037e+02     4.7275     -0.014     -0.020    25.4474 0.0000e+00
     -0.014      0.000     6.8233     84.535     42.306  42.690167     2.8739      7.445   214.4225 6.6559e+02     4.7276     -0.014     -0.020    25.4475 0.0000e+00
     -0.014      0.000     6.8607     84.618     42.307  42.691216     2.8670      7.447   215.2602 6.7087e+02     4.7657     -0.014     -0.020    25.4476 0.0000e+00
     -0.014 2.1770e-07     6.8858     84.462     42.320  42.703891     2.8433      7.449   217.4453 6.7480e+02     4.7790     -0.014     -0.020    25.4475 0.0000e+00
     -0.014 1.9791e-08     6.9077     84.096     42.332  42.716479     2.8283      7.451   218.3866 7.0234e+02     4.7512     -0.013     -0.019    25.4476 0.0000e+00
     -0.014 1.7992e-09     6.9319     83.654     42.332  42.716479     2.8191      7.454   217.7796 7.2599e+02     4.7382     -0.014     -0.020    25.4477 0.0000e+00
     -0.014 1.6356e-10     6.9417     83.367     42.319  42.703890     2.8151      7.456   216.8175 7.2288e+02     4.7579     -0.014     -0.020    25.4478 0.0000e+00
     -0.014 1.4869e-11     6.9272     83.376     42.307  42.691206     2.8381      7.458   217.0781 7.2548e+02     4.8179     -0.014     -0.020    25.4478 0.0000e+00
     -0.014 1.3517e-12     6.8946     83.579     42.306  42.690053     2.8731      7.460   218.5218 7.5332e+02     4.8492     -0.013     -0.019    25.4479 0.0000e+00
     -0.014 1.2289e-13     6.8498     83.754     42.306  42.689958     2.8807      7.463   219.3021 7.7052e+02     4.7952     -0.014     -0.020    25.4479 0.0000e+00
     -0.014 1.1171e-14     6.8207     83.828     42.306  42.690052     2.8635      7.466   219.2856 7.6072e+02     4.7117     -0.013     -0.019    25.4480 0.0000e+00
     -0.014 1.0156e-15     6.8255     83.939     42.307  42.691196     2.8730      7.469   218.8382 7.7062e+02     4.6591     -0.014     -0.020    25.4479 0.0000e+00
     -0.014 9.2325e-17     6.8507     84.167     42.320  42.703785     2.9120      7.471   218.3666 7.9199e+02     4.6374     -0.014     -0.020    25.4478 0.0000e+00
     -0.014 8.3930e-18     6.8685     84.419     42.331  42.715324     2.9362      7.473   218.6604 7.6423e+02     4.6194     -0.014     -0.020    25.4479 0.0000e+00
     -0.014 7.6300e-19     6.8671     84.625     42.319  42.703775     2.9317      7.476   219.2069 7.3418e+02     4.5786     -0.014     -0.020    25.4479 0.0000e+00
     -0.014 6.9365e-20     6.8728     84.801     42.307  42.691081     2.9082      7.479   219.3819 7.4777e+02     4.5880     -0.014     -0.020    25.4479 0.0000e+00
     -0.014 6.3060e-21     6.8970     84.962     42.304  42.688782     2.8937      7.481   219.3132 7.6330e+02     4.6986     -0.014     -0.020    25.4481 0.0000e+00
     -0.014 5.7325e-22     6.9194     85.105     42.291  42.675984     2.8969      7.484   218.5479 7.6946e+02     4.7549     -0.014     -0.020    25.4483 0.0000e+00
     -0.014 5.2115e-23     6.9349     85.215     42.278  42.663281     2.8974      7.487   217.4429 7.8715e+02     4.7560     -0.014     -0.020    25.4484 0.0000e+00
     -0.014 4.7377e-24     6.9490     85.250     42.277  42.662136     2.8827      7.489   217.3093 7.9190e+02     4.7800     -0.014     -0.020    25.4486 0.0000e+00
     -0.014 4.3070e-25     6.9624     85.179     42.277  42.662135     2.8609      7.490   218.0515 7.5533e+02     4.7725     -0.014     -0.020    25.4489 0.0000e+00
     -0.014 3.9155e-26     6.9740     84.998     42.278  42.663270     2.8666      7.490   218.8452 7.4998e+02     4.7677     -0.014     -0.020    25.4491 0.0000e+00
     -0.014 3.5595e-27     6.9850     84.754     42.291  42.675858     2.8945      7.493   218.0435 7.7229e+02     4.7907     -0.014     -0.020    25.4491 0.0000e+00
     -0.014 3.2359e-28     6.9887     84.548     42.303  42.687399     2.8901      7.494   216.0164 7.5215e+02     4.7769     -0.014     -0.020    25.4490 0.0000e+00
     -0.014 2.9417e-29     6.9831     84.440     42.291  42.675869     2.8465      7.495   215.4150 7.4985e+02     4.7029     -0.014     -0.020    25.4488 0.0000e+00
     -0.014 2.6743e-30     6.9675     84.414     42.278  42.663384     2.8081      7.497   216.2781 7.8835e+02     4.6824     -0.014     -0.020    25.4488 0.0000e+00
     -0.014 2.4312e-31     6.9431     84.438     42.278  42.663384     2.8081      7.499   217.3320 8.2225e+02     4.7679     -0.014     -0.020    25.4487 0.0000e+00
     -0.014 2.2102e-32     6.9246     84.483     42.291  42.675869     2.8227      7.499   217.0580 8.3790e+02     4.8139     -0.014     -0.020    25.4486 0.0000e+00
     -0.014 2.0093e-33     6.9168     84.491     42.302  42.687399     2.8174      7.501   215.4612 8.1579e+02     4.7603     -0.015     -0.021    25.4487 0.0000e+00
     -0.014 1.8266e-34     6.9159     84.405     42.290  42.675858     2.8108      7.504   214.5443 7.9100e+02     4.7008     -0.014     -0.020    25.4493 0.0000e+00
     -0.014 1.6606e-35     6.9177     84.236     42.277  42.663269     2.8100      7.506   214.7478 7.9257e+02     4.7101     -0.013     -0.019    25.4496 0.0000e+00
     -0.014 1.5096e-36     6.9235     84.056     42.276  42.662125     2.8150      7.509   215.4270 8.0814e+02     4.7701     -0.013     -0.019    25.4496 0.0000e+00
     -0.014 1.3724e-37     6.9265     83.942     42.276  42.662021     2.8470      7.511   215.8739 8.3148e+02     4.8106     -0.013     -0.019    25.4499 0.0000e+00
     -0.014 1.2476e-38     6.9189     83.924     42.276  42.662011     2.8815      7.513   215.5902 8.2807e+02     4.7903     -0.013     -0.019    25.4504 0.0000e+00
     -0.014 1.1342e-39     6.9028     83.983     42.276  42.662011     2.8823      7.514   215.0088 8.1843e+02     4.7288     -0.014     -0.020    25.4503 0.0000e+00
     -0.014 1.0311e-40     6.8852     84.079     42.276  42.662021     2.8723      7.515   214.7809 8.2013e+02     4.7166     -0.014     -0.020    25.4501 0.0000e+00
     -0.014 9.3735e-42     6.8750     84.181     42.276  42.662136     2.8778      7.516   214.9850 8.1366e+02     4.7455     -0.014     -0.020    25.4500 0.0000e+00
     -0.014 8.5210e-43     6.8745     84.326     42.277  42.663394     2.8896      7.518   215.8427 8.1181e+02     4.7025     -0.014     -0.020    25.4503 0.0000e+00
     -0.014 7.7465e-44     6.8802     84.566     42.291  42.677232     2.8908      7.520   216.8916 8.0052e+02     4.6060     -0.014     -0.020    25.4505 0.0000e+00
     -0.014 7.0425e-45     6.8899     84.848     42.316  42.702515     2.8751      7.521   217.0838 7.9038e+02     4.5018     -0.014     -0.020    25.4501 0.0000e+00
     -0.014 6.4020e-46     6.8972     85.087     42.328  42.715209     2.8661      7.523   216.6184 7.9711e+02     4.5014     -0.013     -0.019    25.4502 0.0000e+00
     -0.014 5.8200e-47     6.9054     85.264     42.316  42.703765     2.8824      7.524   216.1686 8.4286e+02     4.6697     -0.013     -0.019    25.4500 0.0000e+00
     -0.014 5.2952e-48     6.9280     85.373     42.303  42.691091     2.8979      7.527   217.1520 9.0636e+02     4.7940     -0.013     -0.019    25.4502 0.0000e+00
     -0.014 5.2746e-49     6.9545     85.425     42.301  42.688908     2.8949      7.529   219.2159 9.0921e+02     4.8088     -0.013     -0.019    25.4512 0.0000e+00
     -0.014 5.5476e-49     6.9731     85.452     42.290  42.677368     2.8798      7.529   219.9564 8.8090e+02     4.7806     -0.014     -0.020    25.4517 0.0000e+00
     -0.014 5.6253e-48     6.9882     85.410     42.291  42.678503     2.8650      7.531   219.2237 8.6488e+02     4.7597     -0.013     -0.019    25.4523 0.0000e+00
     -0.014 6.1835e-47     6.9973     85.240     42.315  42.702632     2.8654      7.533   218.1860 8.6128e+02     4.7956     -0.014     -0.020    25.4531 0.0000e+00
     -0.013 6.8018e-46     6.9988     84.980     42.326  42.715230     2.8759      7.535   218.6808 8.6255e+02     4.8044     -0.013     -0.019    25.4532 0.0000e+00
     -0.013 7.4820e-45     7.0032     84.712     42.314  42.703880     2.8758      7.536   220.6463 8.6517e+02     4.7303     -0.013     -0.019    25.4530 0.0000e+00
     -0.014 8.2302e-44     7.0032     84.530     42.302  42.692348     2.8557      7.537   221.6451 8.7137e+02     4.6513     -0.013     -0.019    25.4527 0.0000e+00
     -0.014 9.0532e-43     6.9866     84.540     42.312  42.702744     2.8415      7.540   221.2932 8.6291e+02     4.7024     -0.013     -0.019    25.4525 0.0000e+00
     -0.014 9.9585e-42     6.9631     84.726     42.312  42.702630     2.8537      7.542   220.6075 8.5237e+02     4.8028     -0.013     -0.019    25.4534 0.0000e+00
     -0.014 1.0954e-40     6.9388     84.942     42.301  42.690977     2.8785      7.544   220.3235 8.8652e+02     4.8398     -0.013     -0.019    25.4549 0.0000e+00
     -0.014 1.2050e-39     6.9191     85.075     42.300  42.688784     2.8910      7.545   220.6128 9.0274e+02     4.8073     -0.013     -0.019    25.4559 0.0000e+00
     -0.014 1.3255e-38     6.9200     85.118     42.288  42.676109     2.8805      7.546   221.0931 8.7106e+02     4.7180     -0.013     -0.019    25.4559 0.0000e+00
     -0.014 1.4580e-37     6.9415     85.078     42.278  42.664665     2.8676      7.548   221.4853 8.4696e+02     4.7161     -0.013     -0.019    25.4551 0.0000e+00
     -0.014 1.6038e-36     6.9627     84.932     42.291  42.677358     2.8775      7.550   221.7417 8.4049e+02     4.7846     -0.013     -0.019    25.4545 0.0000e+00
     -0.014 1.7642e-35     6.9738     84.798     42.316  42.702641     2.8918      7.551   221.0953 9.0193e+02     4.7950     -0.013     -0.019    25.4541 0.0000e+00
     -0.014 1.9406e-34     6.9746     84.773     42.331  42.716480     2.8990      7.553   220.0370 9.4561e+02     4.7734     -0.013     -0.019    25.4530 0.0000e+00
     -0.014 2.1347e-33     6.9766     84.738     42.332  42.717737     2.8977      7.554   220.1310 8.9023e+02     4.7623     -0.013     -0.019    25.4517 0.0000e+00
     -0.014 2.3482e-32     6.9591     84.640     42.332  42.717841     2.8761      7.554   220.5973 8.7753e+02     4.7643     -0.014     -0.020    25.4507 0.0000e+00
     -0.013 2.5830e-31     6.9415     84.593     42.332  42.717738     2.8795      7.555   220.9423 9.1678e+02     4.7971     -0.013     -0.019    25.4496 0.0000e+00
     -0.013 2.8413e-30     6.9489     84.665     42.331  42.716490     2.9218      7.556   220.5158 8.9515e+02     4.8516     -0.013     -0.019    25.4491 0.0000e+00
     -0.013 3.1254e-29     6.9461     84.695     42.317  42.702747     2.9464      7.556   219.0543 8.5313e+02     4.8426     -0.013     -0.019    25.4491 0.0000e+00
     -0.014 3.4379e-28     6.9348     84.635     42.293  42.678513     2.9354      7.557   218.5868 8.7147e+02     4.7562     -0.013     -0.019    25.4493 0.0000e+00
     -0.014 3.7817e-27     6.9244     84.645     42.291  42.677358     2.9063      7.559   219.3368 8.9076e+02     4.7290     -0.014     -0.020    25.4495 0.0000e+00
     -0.013 4.1599e-26     6.9401     84.738     42.302  42.688784     2.8850      7.561   220.2073 8.8371e+02     4.7531     -0.013     -0.019    25.4497 0.0000e+00
     -0.013 4.5759e-25     6.9462     84.854     42.303  42.689728     2.8863      7.562   219.7344 9.0986e+02     4.7404     -0.013     -0.019    25.4498 0.0000e+00
     -0.013 5.0335e-24     6.9291     84.992     42.302  42.688772     2.8888      7.563   218.0073 8.9290e+02     4.7457     -0.013     -0.018    25.4503 0.0000e+00
     -0.013 5.5369e-23     6.9337     85.110     42.292  42.677232     2.8729      7.564   217.0485 8.2394e+02     4.7486     -0.013     -0.019    25.4505 0.0000e+00
     -0.013 6.0905e-22     6.9437     85.174     42.292  42.677128     2.8606      7.566   217.1760 7.9214e+02     4.7420     -0.013     -0.019    25.4503 0.0000e+00
     -0.013 6.6996e-21     6.9513     85.214     42.302  42.687514     2.8734      7.568   217.8280 7.9919e+02     4.8030     -0.013     -0.018    25.4504 0.0000e+00
     -0.013 7.3696e-20     6.9649     85.234     42.290  42.675870     2.8864      7.569   218.3074 8.2930e+02     4.8700     -0.013     -0.018    25.4502 0.0000e+00
     -0.013 8.1065e-19     6.9765     85.212     42.277  42.663281     2.8845      7.571   218.1530 8.3132e+02     4.8685     -0.013     -0.019    25.4499 0.0000e+00
     -0.013 8.9172e-18     6.9789     85.130     42.276  42.662250     2.8750      7.573   217.7685 8.6225e+02     4.8191     -0.013     -0.018    25.4501 0.0000e+00
     -0.013 9.8089e-17     6.9829     84.978     42.277  42.663395     2.8560      7.573   217.4436 9.1315e+02     4.7852     -0.013     -0.019    25.4501 0.0000e+00
     -0.013 1.0790e-15     6.9852     84.778     42.291  42.677128     2.8544      7.574   217.2364 8.5283e+02     4.8004     -0.013     -0.018    25.4503 0.0000e+00
     -0.013 1.1869e-14     6.9840     84.654     42.315  42.701361     2.8802      7.575   218.0160 8.4248e+02     4.8333     -0.013     -0.018    25.4504 0.0000e+00
