Data/DataNotYetUploadedToEDI/Raw_CTD/RawDownloads/090224_fcr40_S7809005.cnv
* Sea-Bird SBE19plus  Data File:
* FileName = C:\R\Reservoirs\Data\DataNotYetUploadedToEDI\Raw_CTD\RawDownloads\090224_fcr50_S7809_0005.hex
* Software version 2.8.0.119
* Temperature SN = 7809
* Conductivity SN = 7809
* System UpLoad Time = Sep 02 2024 17:18:40
* <ApplicationData>
* <Seaterm232>
# nquan = 15
# nvalues = 1264                        
# units = specified
# name 0 = depFM: Depth [fresh water, m]
# name 1 = dz/dtM: Descent Rate [m/s]
# name 2 = sbeox0Mg/L: Oxygen, SBE 43 [mg/l]
# name 3 = sbeox0PS: Oxygen, SBE 43 [% saturation]
# name 4 = specc: Specific Conductance [uS/cm]
# name 5 = c0uS/cm: Conductivity [uS/cm]
# name 6 = flECO-AFL: Fluorescence, WET Labs ECO-AFL/FL [mg/m^3]
# name 7 = ph: pH
# name 8 = orp: Oxidation Reduction Potential [mV]
# name 9 = par/sat/log: PAR/Logarithmic, Satlantic
# name 10 = turbWETntu0: Turbidity, WET Labs ECO [NTU]
# name 11 = prdM: Pressure, Strain Gauge [db]
# name 12 = prdE: Pressure, Strain Gauge [psi]
# name 13 = tv290C: Temperature [ITS-90, deg C]
# name 14 = flag:  0.000e+00
# span 0 =     -0.633,      6.055       
# span 1 =     -0.362,      0.217       
# span 2 =     0.1070,     8.3105       
# span 3 =      1.116,    101.351       
# span 4 =      5.882,     86.002       
# span 5 =   5.942656,  71.850428       
# span 6 =    -0.0750,    33.1408       
# span 7 =      6.510,      8.446       
# span 8 =   135.0681,   327.3312       
# span 9 = 1.3475e-01, 2.0546e+03       
# span 10 =    -0.4749,   203.1034      
# span 11 =     -0.623,      5.939      
# span 12 =     -0.903,      8.613      
# span 13 =    12.9109,    25.8367      
# span 14 = 0.0000e+00, 0.0000e+00      
# interval = seconds: 0.25
# start_time = Sep 02 2024 12:54:50 [Instrument's time stamp, header]
# bad_flag = -9.990e-29
*END*
[from data line 386]
      0.387     -0.001     7.5166     92.152     42.361  43.056147     2.7534      8.365   201.1737 5.4141e+02     5.4766      0.379      0.550    25.8123 0.0000e+00
      0.387      0.000     7.5156     92.069     42.327  43.021815     2.7371      8.366   201.2608 4.8441e+02     5.4112      0.379      0.550    25.8122 0.0000e+00
      0.388      0.001     7.5133     91.990     42.328  43.021867     2.7141      8.367   201.3043 4.9541e+02     5.3475      0.380      0.552    25.8136 0.0000e+00
      0.388      0.002     7.5086     91.942     42.363  43.056776     2.7156      8.369   201.3557 6.0735e+02     5.3557      0.381      0.552    25.8143 0.0000e+00
      0.388      0.002     7.5002     91.976     42.369  43.063056     2.7392      8.369   201.3662 5.8195e+02     5.4081      0.381      0.553    25.8145 0.0000e+00
      0.389      0.002     7.4943     92.056     42.341  43.034334     2.7501      8.369   201.3447 5.2035e+02     5.4340      0.381      0.553    25.8142 0.0000e+00
      0.390      0.002     7.4874     92.078     42.334  43.026859     2.7560      8.369   201.4397 5.5218e+02     5.3951      0.383      0.554    25.8134 0.0000e+00
      0.390      0.002     7.4806     92.010     42.344  43.036148     2.7681      8.370   201.5690 5.7946e+02     5.3481      0.383      0.555    25.8136 0.0000e+00
      0.391      0.002     7.4845     91.918     42.328  43.019708     2.7809      8.372   201.6166 5.3894e+02     5.3780      0.383      0.556    25.8135 0.0000e+00
      0.392      0.001     7.4958     91.895     42.328  43.018496     2.7942      8.373   201.6714 4.8902e+02     5.4494      0.384      0.557    25.8125 0.0000e+00
      0.392      0.001     7.4986     91.975     42.331  43.021496     2.8042      8.373   201.7150 4.9522e+02     5.4936      0.385      0.558    25.8112 0.0000e+00
      0.392      0.001     7.4907     92.100     42.303  42.992503     2.8013      8.375   201.6276 5.4692e+02     5.5366      0.384      0.557    25.8103 0.0000e+00
      0.391      0.001     7.4803     92.200     42.296  42.985301     2.7834      8.376   201.5626 5.7049e+02     5.5944      0.384      0.556    25.8100 0.0000e+00
      0.391      0.001     7.4766     92.261     42.310  42.997889     2.7790      8.376   201.7028 5.3179e+02     5.6456      0.383      0.556    25.8099 0.0000e+00
      0.392      0.001     7.4856     92.266     42.330  43.017763     2.7986      8.377   201.8607 4.9390e+02     5.6442      0.384      0.558    25.8100 0.0000e+00
      0.393      0.001     7.4990     92.196     42.346  43.035178     2.8121      8.378   201.8366 4.6325e+02     5.5084      0.385      0.559    25.8093 0.0000e+00
      0.393      0.001     7.5061     92.079     42.329  43.018037     2.8007      8.378   201.7548 5.0136e+02     5.3359      0.385      0.559    25.8083 0.0000e+00
      0.393      0.001     7.5122     91.965     42.313  43.000922     2.7773      8.378   201.8186 5.7092e+02     5.2999      0.385      0.559    25.8072 0.0000e+00
      0.393      0.001     7.5139     91.894     42.331  43.018662     2.7793      8.379   202.0057 5.6767e+02     5.3811      0.385      0.558    25.8065 0.0000e+00
      0.394      0.001     7.5067     91.904     42.356  43.042112     2.7995      8.380   202.1235 5.3678e+02     5.4640      0.386      0.560    25.8071 0.0000e+00
      0.394      0.001     7.4955     91.969     42.346  43.030558     2.8046      8.381   202.1245 5.4155e+02     5.4824      0.386      0.560    25.8076 0.0000e+00
      0.394      0.001     7.4858     92.021     42.323  43.005909     2.7924      8.382   202.1039 5.8730e+02     5.4320      0.386      0.559    25.8063 0.0000e+00
      0.394      0.001     7.4781     92.061     42.316  42.997963     2.7765      8.383   202.1321 5.5745e+02     5.3670      0.386      0.560    25.8053 0.0000e+00
      0.394      0.000     7.4797     92.123     42.315  42.997963     2.7702      8.384   202.2080 4.7840e+02     5.3795      0.386      0.560    25.8045 0.0000e+00
      0.395 1.8615e-08     7.4892     92.215     42.320  43.005908     2.7666      8.385   202.2479 4.5540e+02     5.4471      0.387      0.561    25.8019 0.0000e+00
      0.395 2.0476e-07     7.4925     92.288     42.343  43.030557     2.7581      8.385   202.2701 4.7733e+02     5.4676      0.387      0.562    25.7992 0.0000e+00
      0.394 2.0476e-07     7.4951     92.301     42.353  43.042111     2.7500      8.385   202.3045 5.0159e+02     5.4556      0.386      0.560    25.7991 0.0000e+00
      0.394 1.8615e-08     7.4987     92.274     42.329  43.018662     2.7519      8.386   202.3190 5.4859e+02     5.4737      0.386      0.560    25.8010 0.0000e+00
      0.394 1.6925e-09     7.5080     92.237     42.311  43.000922     2.7643      8.386   202.3590 5.8784e+02     5.5162      0.386      0.560    25.8036 0.0000e+00
      0.394 1.5641e-10     7.5156     92.212     42.329  43.018038     2.7751      8.387   202.4440 5.4822e+02     5.5246      0.386      0.560    25.8058 0.0000e+00
      0.394 4.2207e-11     7.5149     92.214     42.348  43.035188     2.7743      8.388   202.5726 5.6788e+02     5.4731      0.386      0.560    25.8075 0.0000e+00
      0.394 3.1171e-10     7.5117     92.239     42.332  43.017868     2.7635      8.388   202.7106 6.0906e+02     5.4049      0.386      0.560    25.8090 0.0000e+00
      0.394 3.4149e-09     7.5082     92.288     42.314  42.999035     2.7522      8.388   202.7347 5.4742e+02     5.3838      0.386      0.560    25.8091 0.0000e+00
      0.394 3.7563e-08     7.5057     92.376     42.313  42.997891     2.7467      8.389   202.6923 5.0735e+02     5.4571      0.386      0.559    25.8077 0.0000e+00
      0.394 4.1319e-07     7.5062     92.461     42.319  43.004044     2.7457      8.390   202.7141 5.0932e+02     5.5398      0.386      0.560    25.8053 0.0000e+00
      0.393      0.000     7.5096     92.501     42.324  43.009957     2.7409      8.391   202.7397 4.8606e+02     5.4955      0.385      0.559    25.8029 0.0000e+00
      0.393      0.000     7.5115     92.507     42.319  43.005917     2.7307      8.391   202.7443 4.6915e+02     5.3657      0.385      0.558    25.8029 0.0000e+00
      0.393      0.001     7.5206     92.469     42.330  43.018662     2.7305      8.392   202.7693 4.7338e+02     5.3363      0.385      0.559    25.8039 0.0000e+00
      0.394      0.001     7.5297     92.398     42.347  43.037117     2.7465      8.392   202.7849 4.7354e+02     5.4474      0.386      0.560    25.8037 0.0000e+00
      0.394      0.002     7.5309     92.356     42.348  43.038638     2.7749      8.392   202.8469 5.1970e+02     5.5138      0.386      0.560    25.8040 0.0000e+00
      0.395      0.002     7.5324     92.344     42.347  43.037050     2.7986      8.393   203.0022 5.8042e+02     5.4555      0.387      0.561    25.8055 0.0000e+00
      0.395      0.002     7.5296     92.288     42.329  43.017925     2.7994      8.394   203.1997 5.5842e+02     5.3576      0.388      0.562    25.8071 0.0000e+00
      0.396      0.002     7.5200     92.167     42.310  42.997806     2.7937      8.394   203.3427 5.1736e+02     5.3202      0.388      0.563    25.8083 0.0000e+00
      0.397      0.001     7.5164     92.020     42.297  42.984215     2.7873      8.394   203.3545 5.3450e+02     5.3447      0.389      0.564    25.8089 0.0000e+00
      0.397      0.000     7.5192     91.901     42.294  42.980529     2.7640      8.394   203.3425 5.8632e+02     5.3811      0.390      0.565    25.8091 0.0000e+00
      0.397      0.000     7.5150     91.877     42.329  43.016709     2.7368      8.395   203.3688 5.8570e+02     5.3846      0.389      0.565    25.8085 0.0000e+00
      0.396      0.000     7.5035     91.932     42.353  43.040843     2.7243      8.396   203.4141 5.3265e+02     5.3526      0.388      0.563    25.8072 0.0000e+00
      0.396      0.001     7.4911     92.005     42.330  43.018448     2.7298      8.397   203.4597 5.0528e+02     5.4040      0.388      0.562    25.8059 0.0000e+00
      0.396      0.002     7.4782     92.125     42.311  42.999826     2.7453      8.396   203.4903 5.0453e+02     5.4596      0.387      0.562    25.8053 0.0000e+00
      0.397      0.004     7.4763     92.290     42.316  43.006093     2.7452      8.396   203.5261 5.3008e+02     5.4455      0.388      0.564    25.8051 0.0000e+00
      0.398      0.005     7.4856     92.418     42.340  43.030743     2.7279      8.397   203.5484 6.1878e+02     5.4383      0.390      0.566    25.8059 0.0000e+00
      0.400      0.005     7.4876     92.457     42.352  43.043991     2.7194      8.398   203.5882 7.3899e+02     5.4067      0.392      0.568    25.8073 0.0000e+00
      0.402      0.003     7.4971     92.402     42.347  43.039335     2.7346      8.399   203.6622 7.3673e+02     5.4047      0.395      0.572    25.8082 0.0000e+00
      0.405      0.001     7.5149     92.313     42.345  43.037918     2.7526      8.399   203.7554 6.4130e+02     5.4487      0.397      0.577    25.8090 0.0000e+00
      0.405     -0.001     7.5254     92.254     42.334  43.026850     2.7539      8.399   203.8547 6.1295e+02     5.4593      0.399      0.579    25.8095 0.0000e+00
      0.402     -0.001     7.5300     92.238     42.339  43.032464     2.7419      8.399   203.9162 5.8017e+02     5.4306      0.395      0.572    25.8102 0.0000e+00
      0.398      0.000     7.5224     92.243     42.349  43.042325     2.7408      8.399   203.8972 5.3997e+02     5.4438      0.390      0.565    25.8116 0.0000e+00
      0.398      0.001     7.5126     92.232     42.327  43.019134     2.7741      8.399   203.8827 5.9009e+02     5.5505      0.389      0.564    25.8122 0.0000e+00
      0.400      0.003     7.5085     92.212     42.315  43.005949     2.8041      8.399   203.9995 6.3740e+02     5.6611      0.393      0.569    25.8122 0.0000e+00
      0.404      0.005     7.5069     92.230     42.319  43.009846     2.8035      8.399   204.1041 5.8615e+02     5.7227      0.398      0.577    25.8125 0.0000e+00
      0.407      0.005     7.5097     92.276     42.312  43.002785     2.7839      8.399   204.1148 5.0521e+02     5.7150      0.400      0.580    25.8118 0.0000e+00
      0.407      0.004     7.5089     92.310     42.293  42.984042     2.7580      8.399   204.2154 5.1425e+02     5.6362      0.399      0.579    25.8107 0.0000e+00
      0.407      0.003     7.5043     92.324     42.282  42.973645     2.7488      8.400   204.3749 5.5600e+02     5.5895      0.399      0.579    25.8103 0.0000e+00
      0.407      0.002     7.5066     92.319     42.312  43.004019     2.7555      8.401   204.4079 5.3756e+02     5.6287      0.399      0.579    25.8102 0.0000e+00
      0.408      0.002     7.5125     92.296     42.341  43.033928     2.7555      8.400   204.4427 5.3377e+02     5.6319      0.400      0.580    25.8101 0.0000e+00
      0.409      0.003     7.5146     92.249     42.325  43.017923     2.7404      8.400   204.5382 6.0204e+02     5.5591      0.401      0.582    25.8106 0.0000e+00
      0.409      0.004     7.5159     92.177     42.309  43.000911     2.7234      8.400   204.6153 6.8463e+02     5.5682      0.402      0.583    25.8116 0.0000e+00
      0.409      0.005     7.5153     92.108     42.327  43.018661     2.7243      8.400   204.7723 6.4720e+02     5.6395      0.401      0.582    25.8123 0.0000e+00
      0.410      0.006     7.5132     92.056     42.350  43.042112     2.7352      8.400   204.8878 5.5567e+02     5.6359      0.402      0.583    25.8127 0.0000e+00
      0.413      0.006     7.5103     92.031     42.339  43.030572     2.7544      8.401   204.9796 5.7699e+02     5.5583      0.406      0.588    25.8125 0.0000e+00
      0.415      0.006     7.5026     92.046     42.315  43.006077     2.7823      8.401   205.1072 6.0785e+02     5.4535      0.408      0.592    25.8113 0.0000e+00
      0.417      0.006     7.4973     92.083     42.309  42.999835     2.7894      8.402   205.0545 5.7247e+02     5.3937      0.409      0.594    25.8107 0.0000e+00
      0.418      0.006     7.4931     92.138     42.327  43.018563     2.7908      8.402   205.0306 5.6389e+02     5.4162      0.410      0.595    25.8111 0.0000e+00
      0.419      0.006     7.4896     92.217     42.350  43.042103     2.7978      8.402   205.0764 5.8425e+02     5.4514      0.411      0.597    25.8113 0.0000e+00
      0.421      0.006     7.4923     92.282     42.338  43.030570     2.7999      8.402   205.0064 5.8326e+02     5.4440      0.413      0.599    25.8109 0.0000e+00
      0.422      0.007     7.4956     92.296     42.313  43.006067     2.7989      8.402   205.0444 5.7745e+02     5.3951      0.414      0.600    25.8106 0.0000e+00
      0.424      0.009     7.4989     92.291     42.306  42.999720     2.7862      8.402   205.2776 6.1689e+02     5.3725      0.415      0.602    25.8100 0.0000e+00
      0.425      0.010     7.5070     92.271     42.324  43.017304     2.7716      8.402   205.5036 6.4950e+02     5.4437      0.417      0.604    25.8102 0.0000e+00
      0.428      0.011     7.5143     92.219     42.336  43.028255     2.7635      8.402   205.5400 6.5830e+02     5.5049      0.419      0.608    25.8117 0.0000e+00
      0.433      0.012     7.5127     92.170     42.314  43.005183     2.7549      8.401   205.5445 6.5580e+02     5.4629      0.425      0.616    25.8129 0.0000e+00
      0.437      0.013     7.5123     92.156     42.303  42.992230     2.7428      8.401   205.6446 6.0665e+02     5.3805      0.429      0.623    25.8140 0.0000e+00
      0.440      0.013     7.5126     92.190     42.311  42.998577     2.7506      8.401   205.7180 6.1905e+02     5.3621      0.431      0.626    25.8133 0.0000e+00
      0.442      0.012     7.5061     92.247     42.332  43.018450     2.7904      8.402   205.7433 6.6428e+02     5.4115      0.433      0.628    25.8109 0.0000e+00
      0.446      0.011     7.5021     92.288     42.357  43.042093     2.8165      8.403   205.7782 6.2276e+02     5.4313      0.437      0.633    25.8095 0.0000e+00
      0.450      0.011     7.5003     92.291     42.347  43.030557     2.8166      8.403   205.7963 5.7932e+02     5.3968      0.441      0.641    25.8089 0.0000e+00
      0.452      0.011     7.5038     92.243     42.323  43.005908     2.8082      8.402   205.7901 5.9402e+02     5.3702      0.443      0.643    25.8072 0.0000e+00
      0.454      0.010     7.5111     92.176     42.316  42.997948     2.7982      8.402   205.8747 6.0572e+02     5.4173      0.445      0.646    25.8044 0.0000e+00
      0.457      0.008     7.5141     92.130     42.316  42.997791     2.8027      8.402   205.9588 5.6018e+02     5.4879      0.448      0.650    25.8022 0.0000e+00
      0.459      0.006     7.5164     92.114     42.323  43.004010     2.8127      8.402   205.9466 5.0096e+02     5.5054      0.450      0.653    25.8007 0.0000e+00
      0.460      0.005     7.5105     92.093     42.331  43.009661     2.8118      8.403   205.9852 5.0846e+02     5.4586      0.451      0.655    25.8006 0.0000e+00
      0.461      0.004     7.5039     92.057     42.324  43.002646     2.7998      8.404   206.0813 5.6142e+02     5.3657      0.452      0.656    25.8005 0.0000e+00
      0.462      0.003     7.4998     92.065     42.303  42.982670     2.7930      8.405   206.1624 5.6282e+02     5.3382      0.452      0.656    25.7998 0.0000e+00
      0.463      0.003     7.4998     92.103     42.278  42.958540     2.8040      8.405   206.2772 5.2665e+02     5.4004      0.454      0.659    25.7984 0.0000e+00
      0.464      0.003     7.5009     92.133     42.283  42.964783     2.8077      8.404   206.3507 5.5053e+02     5.4348      0.455      0.660    25.7950 0.0000e+00
      0.463      0.004     7.4928     92.143     42.313  42.994693     2.7884      8.404   206.3631 6.0403e+02     5.4801      0.454      0.658    25.7943 0.0000e+00
