Data/DataNotYetUploadedToEDI/Raw_CTD/RawDownloads/090224_fcr30_S7809004.cnv
* Sea-Bird SBE19plus  Data File:
* FileName = C:\R\Reservoirs\Data\DataNotYetUploadedToEDI\Raw_CTD\RawDownloads\090224_fcr50_S7809_0004.hex
* Software version 2.8.0.119
* Temperature SN = 7809
* Conductivity SN = 7809
* System UpLoad Time = Sep 02 2024 17:18:06
* <ApplicationData>
* <Seaterm232>
# nquan = 15
# nvalues = 1391                        
# units = specified
# name 0 = depFM: Depth [fresh water, m]
# name 1 = dz/dtM: Descent Rate [m/s]
# name 2 = sbeox0Mg/L: Oxygen, SBE 43 [mg/l]
# name 3 = sbeox0PS: Oxygen, SBE 43 [% saturation]
# name 4 = specc: Specific Conductance [uS/cm]
# name 5 = c0uS/cm: Conductivity [uS/cm]
# name 6 = flECO-AFL: Fluorescence, WET Labs ECO-AFL/FL [mg/m^3]
# name 7 = ph: pH
# name 8 = orp: Oxidation Reduction Potential [mV]
# name 9 = par/sat/log: PAR/Logarithmic, Satlantic
# name 10 = turbWETntu0: Turbidity, WET Labs ECO [NTU]
# name 11 = prdM: Pressure, Strain Gauge [db]
# name 12 = prdE: Pressure, Strain Gauge [psi]
# name 13 = tv290C: Temperature [ITS-90, deg C]
# name 14 = flag:  0.000e+00
# span 0 =     -0.633,      5.486       
# span 1 =     -0.358,      0.261       
# span 2 =     0.1577,     8.4477       
# span 3 =      1.636,    103.171       
# span 4 =      4.793,     94.868       
# span 5 =   4.867457,  79.612652       
# span 6 =    -0.9278,    52.3825       
# span 7 =      7.411,      8.425       
# span 8 =   -94.5450,  1066.6701       
# span 9 = 2.7972e-01, 2.2229e+03       
# span 10 =    -0.9570,   139.4860      
# span 11 =     -0.623,      5.380      
# span 12 =     -0.904,      7.803      
# span 13 =    12.8991,    25.8915      
# span 14 = 0.0000e+00, 0.0000e+00      
# interval = seconds: 0.25
# start_time = Sep 02 2024 12:46:06 [Instrument's time stamp, header]
# bad_flag = -9.990e-29
*END*
[from data line 868]
      2.892      0.067     1.0967     11.682     45.295  41.992228    15.6100      8.260   247.0032 7.8610e+01     6.0329      2.836      4.113    21.8583 0.0000e+00
      2.904      0.067     1.1591     10.666     45.343  42.006072    15.8733      8.254   246.9391 7.7349e+01     6.1511      2.845      4.127    21.5138 0.0000e+00
      2.919      0.069     1.1730      9.758     45.429  42.017727    16.3457      8.248   247.1217 7.5545e+01     6.3022      2.860      4.148    21.3306 0.0000e+00
      2.941      0.069     1.1288      9.032     45.473  42.006107    16.5947      8.243   247.4044 7.3393e+01     6.3232      2.882      4.180    21.3452 0.0000e+00
      2.965      0.067     1.0363      8.485     45.451  41.992441    16.6025      8.238   247.5178 7.1489e+01     6.3019      2.909      4.220    21.3599 0.0000e+00
      2.985      0.063     0.9398      8.113     45.382  41.979444    16.6321      8.233   247.6328 7.0192e+01     6.3188      2.930      4.250    21.3441 0.0000e+00
      2.999      0.058     0.8597      7.916     45.312  41.975969    17.0605      8.228   247.8478 6.9278e+01     6.2876      2.943      4.268    21.2281 0.0000e+00
      3.009      0.056     0.7974      7.889     45.388  42.077454    17.8459      8.223   248.0528 6.8556e+01     6.1976      2.952      4.282    21.1541 0.0000e+00
      3.017      0.057     0.7485      8.025     45.654  42.254501    18.2957      8.219   248.2181 6.7863e+01     6.1195      2.959      4.292    21.1728 0.0000e+00
      3.027      0.060     0.7141      8.268     45.959  42.339377    18.7290      8.215   248.2974 6.6704e+01     6.1286      2.966      4.302    21.2422 0.0000e+00
      3.044      0.063     0.6964      8.529     46.186  42.341762    23.3511      8.211   248.3238 6.4839e+01     6.5463      2.982      4.325    21.3224 0.0000e+00
      3.069      0.065     0.6921      8.738     46.303  42.346518    31.8665      8.205   248.4509 6.2885e+01     7.3441      3.011      4.366    21.3844 0.0000e+00
      3.092      0.067     0.7069      8.860     46.294  42.333274    36.5591      8.199   248.5444 6.1549e+01     7.8498      3.036      4.404    21.3472 0.0000e+00
      3.107      0.068     0.7356      8.897     46.295  42.372037    37.2836      8.194   248.5074 6.0610e+01     7.9471      3.048      4.421    21.0575 0.0000e+00
      3.117      0.067     0.7658      8.895     46.480  42.561367    40.6011      8.188   248.6054 5.9595e+01     8.5209      3.056      4.432    20.7768 0.0000e+00
      3.130      0.064     0.7863      8.883     46.711  42.718350    46.6324      8.182   248.8690 5.8299e+01     9.7312      3.067      4.448    20.6864 0.0000e+00
      3.150      0.060     0.7974      8.833     46.778  42.683245    49.9322      8.177   249.1134 5.6697e+01    10.4891      3.087      4.478    20.7029 0.0000e+00
      3.172      0.056     0.7983      8.788     46.728  42.581089    50.3018      8.172   249.3229 5.5239e+01    10.6808      3.113      4.515    20.7612 0.0000e+00
      3.189      0.054     0.7945      8.837     46.722  42.562122    50.8935      8.166   249.5096 5.4320e+01    10.9568      3.130      4.541    20.8177 0.0000e+00
      3.199      0.053     0.7983      9.016     47.240  43.025152    51.9006      8.160   249.7367 5.3831e+01    11.3666      3.139      4.553    20.7473 0.0000e+00
      3.204      0.055     0.7939      9.282     48.837  44.434585    52.3825      8.153   250.0898 5.3341e+01    11.6390      3.141      4.555    20.5877 0.0000e+00
      3.212      0.062     0.7866      9.503     51.011  46.273360    51.6353      8.147   250.4230 5.2452e+01    11.7567      3.146      4.563    20.5411 0.0000e+00
      3.228      0.072     0.7909      9.593     52.995  47.800575    42.7166      8.141   250.5817 5.1129e+01    12.0041      3.164      4.588    20.5446 0.0000e+00
      3.251      0.082     0.8064      9.553     55.085  49.313990    26.3216      8.133   250.7178 4.9509e+01    12.3406      3.188      4.623    20.5439 0.0000e+00
      3.278      0.091     0.8374      9.369     57.387  50.984363    17.3456      8.124   250.9510 4.7674e+01    12.4790      3.214      4.661    20.5215 0.0000e+00
      3.307      0.095     0.8622      8.993     59.373  52.376606    16.2952      8.114   251.2495 4.5914e+01    12.4475      3.244      4.705    20.4075 0.0000e+00
      3.333      0.093     0.8731      8.385     60.741  53.256607    13.6127      8.104   251.5735 4.4527e+01    12.4377      3.270      4.744    20.1354 0.0000e+00
      3.356      0.088     0.8766      7.535     61.216  53.432040     8.8076      8.094   251.8579 4.3288e+01    12.4969      3.290      4.772    19.7597 0.0000e+00
      3.377      0.080     0.8681      6.476     61.219  53.290846     6.1798      8.083   252.1069 4.2052e+01    12.5493      3.312      4.803    19.4182 0.0000e+00
      3.398      0.071     0.8399      5.311     61.547  53.517915     5.9368      8.073   252.3471 4.1042e+01    12.5240      3.334      4.835    19.0977 0.0000e+00
      3.414      0.062     0.7888      4.190     61.987  53.891245     5.9609      8.063   252.6970 4.0196e+01    12.4302      3.349      4.857    18.8079 0.0000e+00
      3.428      0.055     0.7118      3.236     62.542  54.375431     6.4954      8.053   253.2397 3.9338e+01    12.2360      3.361      4.876    18.6096 0.0000e+00
      3.442      0.048     0.6108      2.511     63.401  55.117059     7.4808      8.043   253.9197 3.8608e+01    11.9518      3.376      4.897    18.4924 0.0000e+00
      3.452      0.042     0.4965      2.046     65.147  56.634258     8.0211      8.033   254.7229 3.8072e+01    11.7946      3.387      4.912    18.4595 0.0000e+00
      3.460      0.040     0.3866      1.843     68.687  59.698789     8.0758      8.025   255.6374 3.7614e+01    11.8046      3.394      4.922    18.4637 0.0000e+00
      3.468      0.040     0.2961      1.853     72.848  63.203685     7.9998      8.018   256.5460 3.7138e+01    11.6961      3.400      4.932    18.4717 0.0000e+00
      3.477      0.044     0.2269      2.009     76.158  65.849080     7.8273      8.009   257.1909 3.6581e+01    11.4401      3.409      4.945    18.4624 0.0000e+00
      3.488      0.051     0.1827      2.244     78.203  67.348097     7.7207      7.998   257.4976 3.5938e+01    11.2701      3.420      4.960    18.4517 0.0000e+00
      3.501      0.060     0.1657      2.475     79.687  68.364550     7.6261      7.986   257.5868 3.5173e+01    11.2130      3.432      4.978    18.4867 0.0000e+00
      3.516      0.069     0.1693      2.616     82.912  70.893677     6.6752      7.972   257.4952 3.4185e+01    10.6809      3.447      4.999    18.4149 0.0000e+00
      3.536      0.078     0.1863      2.628     87.930  74.918013     4.9218      7.956   256.9932 3.2957e+01     9.6194      3.467      5.028    18.2334 0.0000e+00
      3.560      0.086     0.2122      2.543     92.046  78.055259     3.9533      7.940   255.9042 3.1618e+01     9.0016      3.491      5.064    18.0575 0.0000e+00
      3.584      0.090     0.2382      2.400     94.123  79.390162     3.8380      7.926   254.3948 3.0308e+01     8.8474      3.516      5.100    17.8778 0.0000e+00
      3.608      0.088     0.2540      2.217     94.842  79.612652     3.6449      7.913   252.3374 2.8963e+01     8.2331      3.537      5.130    17.7533 0.0000e+00
      3.633      0.083     0.2536      2.030     94.868  79.345980     3.3242      7.902   249.7854 2.7568e+01     7.2102      3.563      5.166    17.6331 0.0000e+00
      3.658      0.076     0.2451      1.873     94.547  78.899770     3.1737      7.892   247.3712 2.6431e+01     6.6937      3.590      5.207    17.4109 0.0000e+00
      3.677      0.066     0.2330      1.763     94.043  78.414061     3.1737      7.885   245.1740 2.5680e+01     6.6682      3.608      5.234    17.1598 0.0000e+00
      3.689      0.057     0.2144      1.694     93.508  77.987811     3.1081      7.878   243.0084 2.5014e+01     6.5258      3.618      5.248    16.9481 0.0000e+00
      3.700      0.050     0.1959      1.650     93.152  77.751838     2.9789      7.872   240.9763 2.4296e+01     6.2362      3.629      5.263    16.7951 0.0000e+00
      3.710      0.047     0.1803      1.636     93.064  77.722850     2.9021      7.866   238.9308 2.3631e+01     6.0701      3.639      5.279    16.6980 0.0000e+00
      3.719      0.046     0.1699      1.649     92.990  77.637394     2.8863      7.861   237.0328 2.2811e+01     6.0546      3.646      5.288    16.6710 0.0000e+00
      3.731      0.049     0.1645      1.674     92.340  77.036474     2.7549      7.857   235.4936 2.1528e+01     6.0493      3.656      5.302    16.6897 0.0000e+00
      3.746      0.057     0.1592      1.703     90.840  75.734226     2.5037      7.852   234.0866 2.0190e+01     6.0056      3.675      5.330    16.7295 0.0000e+00
      3.760      0.069     0.1577      1.714     88.489  73.653858     2.3710      7.847   232.7548 1.9210e+01     5.9364      3.690      5.351    16.7746 0.0000e+00
      3.773      0.082     0.1602      1.720     86.004  71.272009     2.3575      7.844   231.3499 1.7933e+01     5.8953      3.696      5.361    16.7490 0.0000e+00
      3.793      0.091     0.1620      1.756     84.988  69.946093     2.3233      7.844   229.7480 1.5830e+01     6.0549      3.716      5.387    16.6990 0.0000e+00
      3.823      0.094     0.1669      1.806     85.436  69.825925     2.1317      7.843   228.0127 1.3505e+01     8.1735      3.748      5.435    16.6906 0.0000e+00
      3.858      0.093     0.1672      1.827     85.904  69.882030     1.8058      7.841   226.0281 1.1715e+01    12.0753      3.785      5.489    16.6610 0.0000e+00
      3.890      0.088     0.1663      1.818     85.318  69.289332     1.6371      7.840   223.8200 1.0695e+01    14.2204      3.818      5.538    16.4695 0.0000e+00
      3.911      0.081     0.1721      1.817     84.447  68.506587     1.6317      7.840   221.7056 1.0292e+01    14.5019      3.838      5.569    16.1459 0.0000e+00
      3.921      0.073     0.1802      1.834     84.564  68.425809     1.5822      7.843   219.8229 1.0090e+01    15.6154      3.845      5.577    15.8281 0.0000e+00
      3.931      0.068     0.1835      1.864     84.239  67.994802     1.4716      7.846   218.0923 9.7773e+00    17.6762      3.852      5.587    15.6117 0.0000e+00
      3.946      0.066     0.1799      1.874     83.681  67.425794     1.3935      7.850   216.4402 9.3259e+00    18.8211      3.868      5.610    15.5904 0.0000e+00
      3.966      0.064     0.1807      1.859     84.557  68.027973     1.3697      7.852   214.7324 8.7864e+00    19.1073      3.888      5.640    15.6087 0.0000e+00
      3.989      0.060     0.1820      1.844     85.345  68.666335     1.2930      7.852   212.8447 8.2287e+00    21.2729      3.911      5.674    15.4410 0.0000e+00
      4.011      0.053     0.1877      1.833     85.216  68.662050     1.1481      7.851   210.7373 7.8458e+00    25.2610      3.937      5.710    15.3307 0.0000e+00
      4.024      0.045     0.1895      1.823     84.416  68.103397     1.0742      7.850   208.4394 7.7382e+00    27.4290      3.951      5.731    15.3065 0.0000e+00
      4.027      0.040     0.1854      1.798     82.377  66.487527     1.0647      7.852   206.3127 7.7375e+00    27.5710      3.950      5.729    15.1848 0.0000e+00
      4.027      0.041     0.1860      1.768     79.234  63.868022     1.0836      7.854   204.6402 7.6703e+00    27.4560      3.947      5.725    15.1987 0.0000e+00
      4.031      0.048     0.1828      1.762     75.599  60.704259     1.1614      7.858   203.3601 7.4526e+00    27.3368      3.949      5.728    15.2982 0.0000e+00
      4.045      0.060     0.1834      1.771     72.609  57.968240     1.2154      7.862   202.4505 7.0742e+00    27.3257      3.963      5.748    15.3385 0.0000e+00
      4.067      0.073     0.1804      1.791     70.983  56.324371     1.2199      7.867   201.8168 6.6432e+00    27.3895      3.989      5.785    15.3779 0.0000e+00
      4.093      0.083     0.1751      1.820     69.412  54.802424     1.2741      7.873   201.4620 6.2451e+00    27.8694      4.015      5.822    15.3394 0.0000e+00
      4.119      0.086     0.1772      1.839     66.916  52.649532     1.3794      7.878   201.3444 5.8869e+00    28.7559      4.039      5.858    15.1641 0.0000e+00
      4.144      0.085     0.1783      1.853     64.919  50.933417     1.4363      7.884   201.3407 5.6052e+00    29.2950      4.066      5.896    14.9125 0.0000e+00
      4.164      0.081     0.1812      1.876     64.497  50.436757     1.4379      7.892   201.4167 5.3984e+00    29.3313      4.085      5.925    14.6518 0.0000e+00
      4.181      0.075     0.1864      1.897     64.734  50.454320     1.3736      7.901   201.4032 5.1882e+00    28.3757      4.099      5.945    14.4412 0.0000e+00
      4.199      0.070     0.1886      1.912     64.885  50.447093     1.2406      7.907   201.2638 4.9529e+00    26.5194      4.117      5.971    14.3222 0.0000e+00
      4.218      0.066     0.1892      1.942     65.191  50.603228     1.1544      7.912   201.0218 4.7291e+00    25.4361      4.137      6.000    14.2391 0.0000e+00
      4.235      0.066     0.1931      2.010     65.519  50.818081     1.1383      7.917   200.8010 4.5406e+00    25.2861      4.154      6.025    14.1001 0.0000e+00
      4.250      0.071     0.1963      2.135     65.192  50.568391     1.1294      7.921   200.7452 4.3896e+00    25.1496      4.168      6.045    13.9497 0.0000e+00
      4.265      0.080     0.1970      2.323     64.124  49.743141     1.0634      7.923   200.6907 4.2732e+00    23.7857      4.183      6.067    13.8615 0.0000e+00
      4.281      0.090     0.1997      2.564     63.217  48.967548     0.9470      7.925   200.9170 4.1416e+00    21.2635      4.196      6.086    13.7992 0.0000e+00
      4.303      0.099     0.2059      2.864     62.965  48.619554     0.8881      7.927   201.7600 3.9249e+00    19.8639      4.214      6.112    13.7612 0.0000e+00
      4.337      0.104     0.2187      3.346     62.963  48.456073     0.8755      7.928   202.7094 3.6743e+00    19.6384      4.251      6.166    13.7783 0.0000e+00
      4.374      0.103     0.2384      4.446     63.115  48.451017     0.8197      7.926   203.5336 3.4842e+00    18.6055      4.295      6.229    13.8087 0.0000e+00
      4.404      0.095     0.2642      6.834     63.429  48.621767     0.7461      7.922   204.3256 3.3543e+00    16.7687      4.322      6.269    13.7568 0.0000e+00
      4.427      0.083     0.2939     10.929     63.525  48.679269     0.7176      7.917   204.9723 3.2499e+00    15.7392      4.342      6.298    13.6026 0.0000e+00
      4.445      0.072     0.3309     16.746     63.293  48.511340     0.7175      7.912   205.6746 3.1771e+00    15.5863      4.362      6.327    13.4624 0.0000e+00
      4.456      0.068     0.4138     23.774     63.046  48.305641     0.6864      7.908   206.4497 3.1372e+00    15.5351      4.373      6.342    13.3679 0.0000e+00
      4.463      0.073     0.6495     30.890     63.021  48.223882     0.6235      7.906   207.1177 3.0849e+00    15.4953      4.375      6.345    13.3061 0.0000e+00
      4.477      0.083     1.0793     37.126     63.107  48.221121     0.5982      7.905   207.7282 2.9840e+00    15.5153      4.384      6.359    13.3033 0.0000e+00
      4.502      0.092     1.6967     42.190     63.146  48.208682     0.6133      7.903   208.4113 2.8367e+00    15.6061      4.411      6.397    13.3276 0.0000e+00
      4.536      0.097     2.4877     46.285     63.177  48.200421     0.5987      7.901   209.1816 2.6691e+00    15.8076      4.448      6.452    13.3268 0.0000e+00
      4.571      0.097     3.2743     49.622     63.206  48.184693     0.5465      7.898   209.9870 2.5108e+00    16.0724      4.485      6.505    13.2566 0.0000e+00
