Data/DataNotYetUploadedToEDI/Raw_CTD/RawDownloads/090224_fcr30_S7809004.cnv
* Sea-Bird SBE19plus  Data File:
* FileName = C:\R\Reservoirs\Data\DataNotYetUploadedToEDI\Raw_CTD\RawDownloads\090224_fcr50_S7809_0004.hex
* Software version 2.8.0.119
* Temperature SN = 7809
* Conductivity SN = 7809
* System UpLoad Time = Sep 02 2024 17:18:06
* <ApplicationData>
* <Seaterm232>
# nquan = 15
# nvalues = 1391                        
# units = specified
# name 0 = depFM: Depth [fresh water, m]
# name 1 = dz/dtM: Descent Rate [m/s]
# name 2 = sbeox0Mg/L: Oxygen, SBE 43 [mg/l]
# name 3 = sbeox0PS: Oxygen, SBE 43 [% saturation]
# name 4 = specc: Specific Conductance [uS/cm]
# name 5 = c0uS/cm: Conductivity [uS/cm]
# name 6 = flECO-AFL: Fluorescence, WET Labs ECO-AFL/FL [mg/m^3]
# name 7 = ph: pH
# name 8 = orp: Oxidation Reduction Potential [mV]
# name 9 = par/sat/log: PAR/Logarithmic, Satlantic
# name 10 = turbWETntu0: Turbidity, WET Labs ECO [NTU]
# name 11 = prdM: Pressure, Strain Gauge [db]
# name 12 = prdE: Pressure, Strain Gauge [psi]
# name 13 = tv290C: Temperature [ITS-90, deg C]
# name 14 = flag:  0.000e+00
# span 0 =     -0.633,      5.486       
# span 1 =     -0.358,      0.261       
# span 2 =     0.1577,     8.4477       
# span 3 =      1.636,    103.171       
# span 4 =      4.793,     94.868       
# span 5 =   4.867457,  79.612652       
# span 6 =    -0.9278,    52.3825       
# span 7 =      7.411,      8.425       
# span 8 =   -94.5450,  1066.6701       
# span 9 = 2.7972e-01, 2.2229e+03       
# span 10 =    -0.9570,   139.4860      
# span 11 =     -0.623,      5.380      
# span 12 =     -0.904,      7.803      
# span 13 =    12.8991,    25.8915      
# span 14 = 0.0000e+00, 0.0000e+00      
# interval = seconds: 0.25
# start_time = Sep 02 2024 12:46:06 [Instrument's time stamp, header]
# bad_flag = -9.990e-29
*END*
[from data line 386]
      0.257      0.000     7.5640     92.919     42.356  43.088123     2.6332      8.331   201.5404 4.9565e+02     4.7504      0.252      0.365    25.8595 0.0000e+00
      0.258      0.000     7.5666     92.895     42.340  43.070603     2.6290      8.331   201.7162 5.0224e+02     4.7358      0.253      0.367    25.8595 0.0000e+00
      0.258     -0.001     7.5632     92.884     42.358  43.086750     2.6086      8.331   201.9442 4.5706e+02     4.5955      0.253      0.367    25.8594 0.0000e+00
      0.258     -0.001     7.5596     92.880     42.366  43.092940     2.6027      8.332   202.0604 4.5919e+02     4.4884      0.253      0.367    25.8592 0.0000e+00
      0.257     -0.001     7.5572     92.873     42.357  43.081963     2.6170      8.333   202.0881 4.8509e+02     4.4994      0.252      0.365    25.8583 0.0000e+00
      0.256     -0.002     7.5548     92.853     42.357  43.080974     2.6390      8.334   202.1076 4.4450e+02     4.5229      0.251      0.364    25.8571 0.0000e+00
      0.256     -0.002     7.5547     92.808     42.357  43.080988     2.6615      8.335   202.1245 4.0104e+02     4.4998      0.251      0.364    25.8545 0.0000e+00
      0.256     -0.001     7.5552     92.763     42.359  43.082124     2.6721      8.335   202.1205 4.4920e+02     4.4258      0.252      0.365    25.8510 0.0000e+00
      0.255      0.000     7.5548     92.745     42.372  43.094713     2.6594      8.335   202.1451 5.1417e+02     4.3794      0.250      0.364    25.8490 0.0000e+00
      0.255 -2.031e-08     7.5547     92.763     42.384  43.106253     2.6573      8.336   202.2500 5.3678e+02     4.4167      0.250      0.363    25.8484 0.0000e+00
      0.255 -2.234e-07     7.5494     92.810     42.373  43.094698     2.6878      8.337   202.4421 5.5263e+02     4.5012      0.250      0.362    25.8483 0.0000e+00
      0.256 -2.231e-07     7.5448     92.842     42.361  43.081952     2.7293      8.337   202.6612 4.9278e+02     4.5822      0.251      0.364    25.8473 0.0000e+00
      0.257 -1.692e-08     7.5442     92.839     42.359  43.079091     2.7517      8.338   202.8345 4.2610e+02     4.6097      0.252      0.366    25.8458 0.0000e+00
      0.257 3.5407e-08     7.5445     92.800     42.341  43.060103     2.7413      8.339   202.9019 4.8163e+02     4.6289      0.252      0.365    25.8448 0.0000e+00
      0.256 4.0961e-07     7.5513     92.734     42.325  43.042783     2.7199      8.339   202.8739 5.5935e+02     4.7111      0.251      0.364    25.8448 0.0000e+00
      0.256      0.000     7.5538     92.685     42.341  43.060092     2.6928      8.339   202.8408 5.2368e+02     4.7496      0.251      0.363    25.8446 0.0000e+00
      0.256      0.000     7.5535     92.670     42.359  43.078977     2.6723      8.340   202.8458 4.6360e+02     4.6512      0.250      0.362    25.8433 0.0000e+00
      0.256      0.001     7.5516     92.686     42.361  43.080695     2.6715      8.341   202.9343 4.6198e+02     4.5803      0.251      0.363    25.8418 0.0000e+00
      0.256      0.001     7.5431     92.729     42.360  43.080861     2.6916      8.342   203.0498 4.5581e+02     4.6440      0.251      0.363    25.8420 0.0000e+00
      0.257      0.001     7.5395     92.793     42.359  43.080988     2.7318      8.343   203.1235 4.3283e+02     4.7377      0.252      0.365    25.8429 0.0000e+00
      0.257      0.001     7.5382     92.877     42.359  43.082238     2.7502      8.344   203.2239 4.3429e+02     4.7571      0.253      0.367    25.8430 0.0000e+00
      0.257      0.000     7.5396     92.955     42.372  43.095983     2.7471      8.346   203.2312 4.3985e+02     4.7076      0.253      0.366    25.8440 0.0000e+00
      0.256 4.3205e-07     7.5432     92.958     42.396  43.120226     2.7447      8.346   203.1262 4.1989e+02     4.6861      0.251      0.364    25.8449 0.0000e+00
      0.256      0.000     7.5481     92.873     42.396  43.121475     2.7379      8.346   203.1584 3.9502e+02     4.6671      0.251      0.364    25.8452 0.0000e+00
      0.256      0.000     7.5548     92.775     42.385  43.111079     2.7397      8.347   203.2758 3.8100e+02     4.5806      0.251      0.364    25.8479 0.0000e+00
      0.257      0.001     7.5638     92.714     42.395  43.121474     2.7407      8.348   203.3410 3.7853e+02     4.4601      0.252      0.365    25.8492 0.0000e+00
      0.258      0.001     7.5659     92.728     42.391  43.120226     2.7425      8.350   203.4308 4.3267e+02     4.3716      0.253      0.367    25.8481 0.0000e+00
      0.258      0.002     7.5538     92.813     42.365  43.095982     2.7447      8.350   203.5015 4.7605e+02     4.4330      0.253      0.367    25.8489 0.0000e+00
      0.258      0.003     7.5460     92.903     42.351  43.082236     2.7418      8.351   203.5066 4.2180e+02     4.6210      0.253      0.367    25.8503 0.0000e+00
      0.258      0.004     7.5396     92.975     42.351  43.080971     2.7576      8.351   203.5796 3.8789e+02     4.7330      0.253      0.366    25.8499 0.0000e+00
      0.259      0.008     7.5390     93.023     42.350  43.080687     2.7612      8.348   204.1254 3.8467e+02     4.6934      0.254      0.368    25.8532 0.0000e+00
      0.261      0.017     7.5497     93.025     42.348  43.078803     2.7513      8.342   205.1157 3.6032e+02     4.6206      0.256      0.371    25.8582 0.0000e+00
      0.264      0.028     7.5564     92.995     42.332  43.058188     2.7637      8.334   205.8308 3.4527e+02     4.6046      0.260      0.375    25.8572 0.0000e+00
      0.268      0.038     7.5623     92.914     42.304  43.021838     2.7866      8.329   206.1465 3.6048e+02     4.6708      0.260      0.379    25.8560 0.0000e+00
      0.279      0.043     7.5681     92.781     42.310  43.020123     2.8112      8.327   206.3521 4.1798e+02     4.7719      0.267      0.387    25.8567 0.0000e+00
      0.301      0.043     7.5661     92.701     42.331  43.037435     2.8277      8.327   206.5100 7.5408e+02     4.7675      0.296      0.428    25.8582 0.0000e+00
      0.323      0.038     7.5650     92.720     42.335  43.040725     2.8370      8.327   206.6786 1.1252e+03     4.6862      0.323      0.468    25.8547 0.0000e+00
      0.332      0.030     7.5625     92.769     42.352  43.059907     2.8407      8.327   206.8419 9.5861e+02     4.6429      0.329      0.477    25.8415 0.0000e+00
      0.332      0.019     7.5475     92.811     42.368  43.078960     2.8392      8.328   206.8501 6.9015e+02     4.6887      0.327      0.473    25.8309 0.0000e+00
      0.330      0.008     7.5394     92.837     42.368  43.080678     2.8512      8.329   206.8632 6.1146e+02     4.7617      0.323      0.468    25.8273 0.0000e+00
      0.328      0.001     7.5456     92.844     42.368  43.080679     2.8611      8.330   207.0011 6.0559e+02     4.7389      0.321      0.466    25.8271 0.0000e+00
      0.328     -0.001     7.5491     92.829     42.365  43.078977     2.8423      8.332   207.0546 6.6824e+02     4.6524      0.321      0.466    25.8295 0.0000e+00
      0.329      0.000     7.5521     92.783     42.345  43.060092     2.8238      8.334   207.0796 5.6377e+02     4.6040      0.322      0.468    25.8337 0.0000e+00
      0.331      0.001     7.5545     92.723     42.326  43.042771     2.8542      8.334   207.2176 3.7472e+02     4.6662      0.325      0.471    25.8361 0.0000e+00
      0.331      0.002     7.5545     92.691     42.343  43.059963     2.9093      8.335   207.4324 2.7705e+02     4.7550      0.326      0.472    25.8345 0.0000e+00
      0.330      0.002     7.5548     92.704     42.360  43.077547     2.9248      8.336   207.6118 2.2919e+02     4.7215      0.324      0.470    25.8346 0.0000e+00
      0.330      0.003     7.5494     92.755     42.348  43.064958     2.9079      8.337   207.7520 2.0614e+02     4.6371      0.324      0.470    25.8385 0.0000e+00
      0.331      0.004     7.5425     92.839     42.321  43.034689     2.8969      8.338   207.9226 1.9650e+02     4.6222      0.324      0.471    25.8412 0.0000e+00
      0.332      0.006     7.5398     92.938     42.321  43.028933     2.9161      8.339   208.1261 1.9042e+02     4.6780      0.325      0.472    25.8407 0.0000e+00
      0.333      0.008     7.5412     93.005     42.357  43.058820     2.9658      8.340   208.3190 1.8385e+02     4.7656      0.326      0.472    25.8394 0.0000e+00
      0.336      0.009     7.5456     93.019     42.379  43.078676     2.9900      8.340   208.4481 1.7509e+02     4.7589      0.328      0.478    25.8407 0.0000e+00
      0.341      0.008     7.5525     92.967     42.379  43.078599     2.9670      8.340   208.5693 1.6582e+02     4.6651      0.334      0.485    25.8393 0.0000e+00
      0.344      0.007     7.5639     92.842     42.359  43.057888     2.9218      8.341   208.6656 1.5908e+02     4.6222      0.338      0.491    25.8302 0.0000e+00
      0.345      0.005     7.5711     92.710     42.322  43.018671     2.8757      8.342   208.6658 1.5500e+02     4.6502      0.339      0.492    25.8209 0.0000e+00
      0.344      0.003     7.5721     92.635     42.293  42.985258     2.8668      8.343   208.7434 1.5546e+02     4.7309      0.338      0.490    25.8185 0.0000e+00
      0.343      0.002     7.5698     92.630     42.285  42.971258     2.8725      8.344   208.9160 1.5690e+02     4.7437      0.336      0.488    25.8201 0.0000e+00
      0.343      0.002     7.5559     92.684     42.297  42.976333     2.8530      8.346   209.0311 1.5578e+02     4.6003      0.336      0.488    25.8207 0.0000e+00
      0.344      0.003     7.5437     92.764     42.308  42.983129     2.8399      8.346   209.1893 1.5616e+02     4.4313      0.337      0.489    25.8177 0.0000e+00
      0.346      0.003     7.5384     92.835     42.316  42.989942     2.8479      8.346   209.3663 1.5673e+02     4.4079      0.339      0.492    25.8131 0.0000e+00
      0.348      0.003     7.5387     92.851     42.319  42.995238     2.8570      8.347   209.3652 1.5852e+02     4.4886      0.341      0.495    25.8066 0.0000e+00
      0.349      0.004     7.5463     92.799     42.303  42.983698     2.8594      8.349   209.2615 1.6008e+02     4.5535      0.342      0.497    25.7966 0.0000e+00
      0.349      0.005     7.5537     92.719     42.294  42.977362     2.8675      8.349   209.3160 1.6203e+02     4.6112      0.342      0.496    25.7897 0.0000e+00
      0.349      0.006     7.5622     92.663     42.300  42.982103     2.8809      8.349   209.5089 1.6307e+02     4.6400      0.341      0.495    25.7883 0.0000e+00
      0.350      0.007     7.5628     92.609     42.299  42.977555     2.8958      8.349   209.7003 1.6030e+02     4.6630      0.342      0.496    25.7917 0.0000e+00
      0.352      0.008     7.5571     92.525     42.310  42.985832     2.9145      8.351   209.8241 1.6112e+02     4.7181      0.345      0.500    25.7984 0.0000e+00
      0.356      0.008     7.5469     92.458     42.344  43.018711     2.9159      8.351   209.8872 1.6334e+02     4.7249      0.350      0.507    25.8031 0.0000e+00
      0.359      0.007     7.5437     92.448     42.382  43.057724     2.9054      8.352   210.0331 1.6450e+02     4.6768      0.353      0.512    25.8015 0.0000e+00
      0.361      0.006     7.5431     92.492     42.398  43.076708     2.9039      8.353   210.2115 1.6816e+02     4.6151      0.354      0.514    25.7953 0.0000e+00
      0.361      0.005     7.5332     92.556     42.376  43.057838     2.9058      8.354   210.3235 1.7182e+02     4.5939      0.354      0.514    25.7913 0.0000e+00
      0.361      0.003     7.5276     92.612     42.337  43.019979     2.9198      8.354   210.3538 1.7479e+02     4.6597      0.354      0.513    25.7899 0.0000e+00
      0.362      0.003     7.5261     92.649     42.316  42.999794     2.9475      8.355   210.3208 1.7970e+02     4.6930      0.354      0.514    25.7902 0.0000e+00
      0.363      0.004     7.5310     92.687     42.318  43.004203     2.9576      8.357   210.3548 1.8475e+02     4.6549      0.356      0.517    25.7945 0.0000e+00
      0.364      0.007     7.5360     92.733     42.323  43.009816     2.9586      8.358   210.5069 1.8697e+02     4.6425      0.357      0.519    25.7991 0.0000e+00
      0.364      0.010     7.5408     92.741     42.319  43.004191     2.9684      8.358   210.6964 1.8741e+02     4.6800      0.357      0.518    25.8011 0.0000e+00
      0.366      0.012     7.5433     92.703     42.320  42.999655     2.9760      8.358   210.9248 1.8983e+02     4.7327      0.358      0.520    25.8023 0.0000e+00
      0.371      0.012     7.5443     92.665     42.343  43.018435     2.9679      8.359   211.1183 1.9835e+02     4.6991      0.363      0.527    25.8044 0.0000e+00
      0.377      0.012     7.5511     92.661     42.366  43.040844     2.9540      8.359   211.2290 2.1042e+02     4.6153      0.370      0.537    25.8074 0.0000e+00
      0.382      0.011     7.5516     92.695     42.341  43.016711     2.9489      8.359   211.3167 2.1465e+02     4.6079      0.376      0.545    25.8053 0.0000e+00
      0.385      0.008     7.5480     92.717     42.304  42.980530     2.9393      8.360   211.3182 2.1696e+02     4.6781      0.378      0.548    25.7956 0.0000e+00
      0.385      0.004     7.5451     92.707     42.309  42.984215     2.9377      8.360   211.3338 2.3156e+02     4.7812      0.378      0.548    25.7893 0.0000e+00
      0.384      0.002     7.5439     92.694     42.325  42.997792     2.9372      8.360   211.4193 2.4568e+02     4.7955      0.377      0.546    25.7893 0.0000e+00
      0.384      0.001     7.5488     92.663     42.347  43.017746     2.9177      8.360   211.4912 2.5506e+02     4.7147      0.376      0.546    25.7916 0.0000e+00
      0.383      0.001     7.5515     92.586     42.366  43.035050     2.9010      8.360   211.5143 2.6891e+02     4.6581      0.375      0.545    25.7933 0.0000e+00
      0.383      0.002     7.5484     92.496     42.348  43.016599     2.9018      8.360   211.5266 2.8006e+02     4.6576      0.376      0.544    25.7925 0.0000e+00
      0.384      0.002     7.5488     92.446     42.317  42.985074     2.9196      8.361   211.6406 2.9398e+02     4.7077      0.377      0.546    25.7888 0.0000e+00
      0.386      0.003     7.5487     92.457     42.304  42.971236     2.9409      8.361   211.7740 3.1884e+02     4.7172      0.378      0.548    25.7841 0.0000e+00
      0.387      0.004     7.5409     92.521     42.309  42.976221     2.9516      8.361   211.9347 3.2697e+02     4.6704      0.379      0.550    25.7827 0.0000e+00
      0.387      0.004     7.5314     92.581     42.317  42.981882     2.9574      8.361   212.1202 3.1737e+02     4.6544      0.380      0.551    25.7834 0.0000e+00
      0.388      0.004     7.5273     92.609     42.314  42.976211     2.9692      8.361   212.1244 3.2215e+02     4.6604      0.381      0.552    25.7839 0.0000e+00
      0.389      0.004     7.5276     92.625     42.312  42.971111     2.9777      8.361   212.0724 3.3892e+02     4.6752      0.381      0.553    25.7835 0.0000e+00
      0.390      0.004     7.5356     92.617     42.326  42.983692     2.9694      8.362   212.1784 3.9761e+02     4.6272      0.383      0.554    25.7825 0.0000e+00
      0.392      0.003     7.5423     92.576     42.344  43.001380     2.9598      8.362   212.2888 5.1237e+02     4.4897      0.385      0.557    25.7806 0.0000e+00
      0.394      0.002     7.5426     92.532     42.338  42.994565     2.9613      8.361   212.3749 5.3874e+02     4.4142      0.386      0.560    25.7762 0.0000e+00
      0.394      0.001     7.5461     92.514     42.308  42.964765     2.9712      8.361   212.5304 4.6856e+02     4.4309      0.387      0.561    25.7717 0.0000e+00
      0.393      0.000     7.5461     92.515     42.302  42.958418     2.9970      8.362   212.6199 5.6381e+02     4.4529      0.386      0.560    25.7701 0.0000e+00
