Data/DataNotYetUploadedToEDI/Raw_CTD/RawDownloads/090224_fcr10_S7809002.cnv
* Sea-Bird SBE19plus  Data File:
* FileName = C:\R\Reservoirs\Data\DataNotYetUploadedToEDI\Raw_CTD\RawDownloads\090224_fcr50_S7809_0002.hex
* Software version 2.8.0.119
* Temperature SN = 7809
* Conductivity SN = 7809
* System UpLoad Time = Sep 02 2024 17:17:08
* <ApplicationData>
* <Seaterm232>
# nquan = 15
# nvalues = 885                         
# units = specified
# name 0 = depFM: Depth [fresh water, m]
# name 1 = dz/dtM: Descent Rate [m/s]
# name 2 = sbeox0Mg/L: Oxygen, SBE 43 [mg/l]
# name 3 = sbeox0PS: Oxygen, SBE 43 [% saturation]
# name 4 = specc: Specific Conductance [uS/cm]
# name 5 = c0uS/cm: Conductivity [uS/cm]
# name 6 = flECO-AFL: Fluorescence, WET Labs ECO-AFL/FL [mg/m^3]
# name 7 = ph: pH
# name 8 = orp: Oxidation Reduction Potential [mV]
# name 9 = par/sat/log: PAR/Logarithmic, Satlantic
# name 10 = turbWETntu0: Turbidity, WET Labs ECO [NTU]
# name 11 = prdM: Pressure, Strain Gauge [db]
# name 12 = prdE: Pressure, Strain Gauge [psi]
# name 13 = tv290C: Temperature [ITS-90, deg C]
# name 14 = flag:  0.000e+00
# span 0 =     -0.638,      2.694       
# span 1 =     -0.318,      0.278       
# span 2 =    -0.0782,     8.3458       
# span 3 =     -0.748,    102.422       
# span 4 =      0.656,     56.000       
# span 5 =   0.718808,  53.747769       
# span 6 =    -0.1082,    18.8875       
# span 7 =      5.970,      7.854       
# span 8 = -1240.7455,   390.9622       
# span 9 = 8.4089e+00, 1.6958e+03       
# span 10 =    -0.2648,    97.4342      
# span 11 =     -0.626,      2.644      
# span 12 =     -0.908,      3.835      
# span 13 =    22.9054,    29.8920      
# span 14 = 0.0000e+00, 0.0000e+00      
# interval = seconds: 0.25
# start_time = Sep 02 2024 12:27:45 [Instrument's time stamp, header]
# bad_flag = -9.990e-29
*END*
     -0.637 2.1656e-21     7.2072     94.888      0.679   0.745584    -0.0336      6.004 -1240.7455 3.0477e+02    -0.1456     -0.625     -0.906    29.8920 0.0000e+00
     -0.637 2.3822e-20     7.1987     94.879      0.669   0.733852    -0.0402      5.994 -1240.7455 3.0317e+02    -0.2220     -0.625     -0.906    29.8906 0.0000e+00
     -0.637 2.6204e-19     7.1908     94.905      0.678   0.744113    -0.0421      5.990 -1240.7455 2.9770e+02    -0.2000     -0.625     -0.907    29.8882 0.0000e+00
     -0.637 2.8825e-18     7.1881     94.931      0.677   0.742969    -0.0571      5.988 -1240.7455 2.9531e+02    -0.2213     -0.625     -0.906    29.8830 0.0000e+00
     -0.637 3.1707e-17     7.1877     94.954      0.656   0.720022    -0.0621      5.987 -1240.7455 2.9585e+02    -0.2406     -0.624     -0.905    29.8731 0.0000e+00
     -0.637 3.4878e-16     7.1863     94.995      0.656   0.720022    -0.0363      5.985 -1240.7455 2.9492e+02    -0.1944     -0.624     -0.906    29.8626 0.0000e+00
     -0.637 3.8366e-15     7.1916     95.018      0.677   0.742968    -0.0116      5.984 -1240.7455 2.9542e+02    -0.1748     -0.625     -0.906    29.8551 0.0000e+00
     -0.637 4.2202e-14     7.1950     95.019      0.679   0.744110    -0.0134      5.984 -1240.7455 2.9813e+02    -0.2085     -0.625     -0.907    29.8485 0.0000e+00
     -0.637 4.6422e-13     7.1947     95.002      0.670   0.733830    -0.0239      5.986 -1240.7455 3.0010e+02    -0.1917     -0.625     -0.907    29.8407 0.0000e+00
     -0.637 5.1065e-12     7.2026     94.971      0.681   0.745346    -0.0232      5.989 -1240.7455 3.0055e+02    -0.1432     -0.625     -0.907    29.8309 0.0000e+00
     -0.637 5.6171e-11     7.2048     94.973      0.691   0.756672    -0.0213      5.991 -1240.7455 3.0100e+02    -0.1681     -0.624     -0.905    29.8186 0.0000e+00
     -0.637 6.1788e-10     7.2062     94.995      0.679   0.744100    -0.0337      5.991 -1240.7455 3.0245e+02    -0.2193     -0.625     -0.906    29.8054 0.0000e+00
     -0.637 6.7967e-09     7.2073     95.000      0.657   0.720015    -0.0400      5.989 -1240.7451 2.9922e+02    -0.2158     -0.625     -0.907    29.7965 0.0000e+00
     -0.637 7.4764e-08     7.2022     95.007      0.656   0.718808    -0.0314      5.987 -1240.7415 2.8907e+02    -0.2280     -0.626     -0.908    29.7911 0.0000e+00
     -0.637 8.2240e-07     7.2041     95.022      0.666   0.729513    -0.0370      5.986 -1240.7011 2.8610e+02    -0.2648     -0.625     -0.907    29.7868 0.0000e+00
     -0.637      0.000     7.2085     95.031      0.660   0.722765    -0.0419      5.985 -1240.2572 2.9877e+02    -0.2164     -0.625     -0.906    29.7816 0.0000e+00
     -0.638      0.000     7.2079     95.024      0.698   0.763892    -0.0232      5.975 -1235.3744 3.2137e+02    -0.1212     -0.625     -0.907    29.7751 0.0000e+00
     -0.638      0.001     7.2099     95.013      1.124   1.226781    -0.0117      5.970 -1181.6630 3.4928e+02    -0.1046     -0.625     -0.907    29.7630 0.0000e+00
     -0.638      0.007     7.2131     95.019      5.695   6.192836    -0.0274      6.048  -590.8377 3.9378e+02    -0.1186     -0.625     -0.907    29.7540 0.0000e+00
     -0.638      0.022     7.2152     95.066     17.468  18.859292    -0.0464      6.198   269.6605 5.1109e+02     0.5988     -0.625     -0.907    29.7417 0.0000e+00
     -0.638      0.047     7.2147     95.148     30.743  32.869166    -0.0247      6.305   390.9622 6.9872e+02     2.2494     -0.626     -0.908    29.7439 0.0000e+00
     -0.633      0.076     7.2135     95.247     38.656  40.902491     0.0267      6.352   171.0630 8.6493e+02     3.4759     -0.625     -0.907    29.7315 0.0000e+00
     -0.613      0.109     7.2138     95.621     41.240  43.222601     0.0504      6.391   147.0573 1.0147e+03     3.7459     -0.611     -0.886    29.7449 0.0000e+00
     -0.572      0.147     7.2490     96.286     41.774  43.405735     0.0872      6.441   143.6444 1.0768e+03     3.7375     -0.566     -0.819    29.4589 0.0000e+00
     -0.521      0.189     7.3702     96.840     42.051  43.370052     0.6220      6.488   139.1764 1.0830e+03     4.0917     -0.507     -0.734    28.6246 0.0000e+00
     -0.471      0.229     7.4612     97.390     42.237  43.298438     1.6225      6.516   135.3674 1.2355e+03     4.7835     -0.463     -0.671    27.8846 0.0000e+00
     -0.417      0.259     7.5477     98.106     42.437  43.301124     2.1804      6.529   133.8979 1.2807e+03     5.1675     -0.418     -0.607    27.3910 0.0000e+00
     -0.345      0.274     7.6966     98.846     42.668  43.402220     2.2480      6.543   133.1967 1.1284e+03     5.2168     -0.344     -0.499    26.9217 0.0000e+00
     -0.256      0.278     7.7780     99.643     42.839  43.505013     2.4144      6.557   132.8253 1.0456e+03     5.3453     -0.251     -0.365    26.5378 0.0000e+00
     -0.167      0.275     7.8579    100.443     42.949  43.591795     2.7282      6.561   133.1071 1.0639e+03     5.6283     -0.159     -0.230    26.2276 0.0000e+00
     -0.093      0.261     7.9655    101.050     43.047  43.689779     2.9122      6.561   133.4203 1.2152e+03     5.8717     -0.082     -0.120    25.9847 0.0000e+00
     -0.038      0.234     8.0403    101.569     43.084  43.737619     2.9487      6.564   133.1716 1.3861e+03     5.9650     -0.035     -0.050    25.8255 0.0000e+00
      0.011      0.198     8.1165    102.079     42.994  43.662455     3.0448      6.574   132.8530 1.3258e+03     5.9033      0.007      0.010    25.7534 0.0000e+00
      0.063      0.160     8.1983    102.374     42.801  43.479206     3.2004      6.589   132.6658 1.0525e+03     5.7393      0.063      0.092    25.7334 0.0000e+00
      0.109      0.126     8.2389    102.422     42.629  43.299237     3.2658      6.607   132.8867 8.8177e+02     5.6219      0.116      0.169    25.7378 0.0000e+00
      0.136      0.098     8.2722    102.340     42.556  43.200226     3.2618      6.622   133.6308 1.0943e+03     5.6463      0.139      0.202    25.7483 0.0000e+00
      0.147      0.074     8.3252    102.125     42.560  43.170645     3.2094      6.637   134.6079 1.4693e+03     5.6916      0.146      0.212    25.7726 0.0000e+00
      0.152      0.054     8.3442    101.588     42.610  43.195419     3.0906      6.654   135.3215 1.5073e+03     5.6572      0.148      0.214    25.7952 0.0000e+00
      0.159      0.040     8.3407    100.024     42.675  43.245830     3.0161      6.675   135.7199 1.3899e+03     5.6414      0.152      0.221    25.7904 0.0000e+00
      0.171      0.033     8.3458     97.024     42.706  43.272370     2.9992      6.700   136.2421 1.4473e+03     5.6372      0.168      0.244    25.7531 0.0000e+00
      0.184      0.030     8.3303     93.316     42.697  43.262410     3.0692      6.723   136.9889 1.4582e+03     5.6401      0.183      0.266    25.7071 0.0000e+00
      0.193      0.030     8.3191     89.719     42.688  43.252347     3.2215      6.743   137.9520 1.3337e+03     5.6763      0.191      0.277    25.6750 0.0000e+00
      0.197      0.031     8.2210     86.425     42.713  43.277642     3.3015      6.760   139.1973 1.1198e+03     5.6998      0.194      0.281    25.6575 0.0000e+00
      0.199      0.034     7.9369     83.381     42.749  43.314366     3.2949      6.773   140.6023 9.8942e+02     5.6842      0.193      0.280    25.6550 0.0000e+00
      0.204      0.037     7.6089     80.806     42.750  43.315531     3.2745      6.783   141.6897 9.8673e+02     5.6252      0.197      0.286    25.6572 0.0000e+00
      0.216      0.040     7.3129     79.000     42.728  43.291736     3.2716      6.793   142.1927 9.0324e+02     5.6353      0.210      0.305    25.6553 0.0000e+00
      0.233      0.040     7.0524     77.976     42.722  43.280550     3.2928      6.804   142.5539 8.5479e+02     5.7031      0.229      0.332    25.6543 0.0000e+00
      0.250      0.035     6.7944     77.496     42.758  43.307220     3.3064      6.818   143.2179 1.0980e+03     5.7275      0.247      0.358    25.6560 0.0000e+00
      0.261      0.028     6.5706     77.171     42.820  43.360298     3.2944      6.832   144.1114 1.4810e+03     5.7251      0.260      0.376    25.6558 0.0000e+00
      0.263      0.018     6.4269     76.706     42.880  43.414518     3.2733      6.846   144.9259 1.5091e+03     5.7088      0.260      0.377    25.6547 0.0000e+00
      0.261      0.009     6.3481     76.040     42.921  43.454994     3.2756      6.860   145.6668 1.2380e+03     5.7016      0.254      0.370    25.6491 0.0000e+00
      0.259      0.003     6.3258     75.355     42.935  43.468852     3.2963      6.875   146.4450 1.1830e+03     5.6726      0.252      0.366    25.6366 0.0000e+00
      0.259      0.000     6.3085     74.888     42.920  43.455129     3.2990      6.893   147.1926 1.2755e+03     5.6645      0.253      0.368    25.6230 0.0000e+00
      0.262      0.000     6.2741     74.691     42.879  43.416018     3.2511      6.910   147.9952 1.3051e+03     5.6723      0.257      0.373    25.6157 0.0000e+00
      0.263      0.001     6.2133     74.654     42.837  43.376800     3.1753      6.925   148.8357 1.4681e+03     5.5960      0.259      0.375    25.6147 0.0000e+00
      0.262      0.001     6.1473     74.622     42.819  43.361786     3.1477      6.938   149.6984 1.6958e+03     5.5953      0.257      0.373    25.6160 0.0000e+00
      0.261      0.001     6.1090     74.434     42.815  43.361442     3.1664      6.948   150.5958 1.6409e+03     5.6980      0.255      0.370    25.6177 0.0000e+00
      0.261      0.000     6.0964     73.953     42.823  43.372647     3.1938      6.957   151.3402 1.3067e+03     5.7111      0.255      0.370    25.6193 0.0000e+00
      0.262 -3.392e-07     6.0980     73.170     42.818  43.370317     3.2124      6.964   151.9883 1.1291e+03     5.6510      0.257      0.372    25.6229 0.0000e+00
      0.263      0.000     6.0986     72.203     42.779  43.333282     3.2086      6.971   152.6675 1.1776e+03     5.5856      0.257      0.373    25.6277 0.0000e+00
      0.263      0.000     6.0886     71.245     42.749  43.305699     3.2066      6.978   153.3575 1.1403e+03     5.5699      0.258      0.375    25.6320 0.0000e+00
      0.262      0.000     6.0485     70.556     42.733  43.290700     3.2039      6.986   154.0499 1.1480e+03     5.5981      0.257      0.373    25.6356 0.0000e+00
      0.261      0.000     5.9801     70.321     42.718  43.278879     3.1840      6.995   154.7588 1.2925e+03     5.6541      0.256      0.371    25.6390 0.0000e+00
      0.261      0.002     5.8964     70.580     42.724  43.289727     3.1660      7.004   155.7335 1.2858e+03     5.7000      0.256      0.371    25.6423 0.0000e+00
      0.261      0.009     5.8085     71.314     42.725  43.294919     3.1530      7.005   157.4894 1.1843e+03     5.6403      0.255      0.370    25.6451 0.0000e+00
      0.261      0.020     5.7464     72.476     42.766  43.341663     3.1521      6.995   159.4684 1.1271e+03     5.5815      0.255      0.370    25.6474 0.0000e+00
      0.264      0.033     5.7267     73.891     42.891  43.474069     3.1959      6.984   160.4750 9.9664e+02     5.6382      0.258      0.375    25.6504 0.0000e+00
      0.272      0.043     5.7484     75.165     42.969  43.562911     3.2661      6.981   160.9705 9.0600e+02     5.8129      0.262      0.381    25.6552 0.0000e+00
      0.289      0.048     5.8080     75.876     42.924  43.527232     3.2939      6.985   161.6745 9.0450e+02     5.9175      0.278      0.403    25.6607 0.0000e+00
      0.313      0.052     5.9062     75.995     42.812  43.423539     3.2832      6.994   162.4485 9.5052e+02     5.8449      0.311      0.452    25.6657 0.0000e+00
      0.331      0.054     6.0328     75.848     42.707  43.324740     3.3112      7.002   163.2725 1.0599e+03     5.7887      0.330      0.479    25.6724 0.0000e+00
      0.337      0.056     6.1526     75.687     42.666  43.284767     3.3747      7.009   164.0668 1.1316e+03     5.7845      0.330      0.479    25.6838 0.0000e+00
      0.343      0.057     6.2093     75.506     42.702  43.321067     3.4090      7.018   164.7382 1.1171e+03     5.7601      0.334      0.484    25.6980 0.0000e+00
      0.356      0.057     6.2035     75.176     42.765  43.382806     3.4096      7.029   165.1951 1.0303e+03     5.6987      0.345      0.500    25.7101 0.0000e+00
      0.376      0.057     6.1826     74.623     42.780  43.396517     3.4246      7.039   165.4611 9.5767e+02     5.6567      0.367      0.533    25.7189 0.0000e+00
      0.399      0.055     6.1708     73.922     42.745  43.359900     3.4819      7.050   165.8902 9.2877e+02     5.6961      0.393      0.571    25.7217 0.0000e+00
      0.417      0.049     6.1611     73.282     42.710  43.320911     3.5284      7.062   166.5973 8.3428e+02     5.7311      0.411      0.597    25.7188 0.0000e+00
      0.427      0.039     6.1377     72.914     42.701  43.305930     3.5369      7.071   167.3853 7.4267e+02     5.7382      0.422      0.612    25.7153 0.0000e+00
      0.432      0.029     6.0903     72.800     42.710  43.305695     3.5428      7.078   168.0197 8.3177e+02     5.7139      0.425      0.616    25.7141 0.0000e+00
      0.434      0.020     6.0266     72.670     42.732  43.318058     3.5500      7.085   168.3299 9.3586e+02     5.6421      0.426      0.617    25.7142 0.0000e+00
      0.437      0.014     5.9668     72.309     42.748  43.328454     3.5650      7.094   168.5544 8.5797e+02     5.6566      0.427      0.620    25.7114 0.0000e+00
      0.440      0.012     5.9367     71.705     42.728  43.304437     3.5916      7.103   169.0137 7.6412e+02     5.7523      0.432      0.626    25.7036 0.0000e+00
      0.444      0.012     5.9409     70.993     42.707  43.281557     3.5803      7.112   169.4953 7.5324e+02     5.8078      0.437      0.634    25.6910 0.0000e+00
      0.447      0.012     5.9378     70.358     42.732  43.305699     3.5123      7.120   169.8181 7.5912e+02     5.7813      0.439      0.637    25.6783 0.0000e+00
      0.450      0.012     5.9087     69.893     42.770  43.342438     3.4510      7.129   170.1625 7.6892e+02     5.6716      0.442      0.639    25.6711 0.0000e+00
      0.453      0.011     5.8558     69.551     42.774  43.344937     3.4394      7.137   170.5615 7.7478e+02     5.6422      0.444      0.643    25.6684 0.0000e+00
      0.456      0.009     5.7913     69.236     42.765  43.335914     3.4462      7.143   171.0299 7.2243e+02     5.6987      0.448      0.649    25.6667 0.0000e+00
      0.459      0.008     5.7363     68.895     42.788  43.360282     3.4668      7.152   171.5231 6.4396e+02     5.7066      0.452      0.655    25.6645 0.0000e+00
      0.461      0.007     5.7012     68.527     42.811  43.385684     3.5049      7.162   171.9654 6.2304e+02     5.7036      0.452      0.656    25.6624 0.0000e+00
      0.461      0.005     5.6768     68.130     42.811  43.389157     3.5156      7.171   172.4197 5.9718e+02     5.6616      0.452      0.655    25.6610 0.0000e+00
      0.462      0.003     5.6524     67.655     42.820  43.402279     3.5209      7.178   172.8001 5.7171e+02     5.6438      0.452      0.656    25.6611 0.0000e+00
      0.463      0.002     5.6244     67.081     42.829  43.417395     3.5447      7.185   173.0369 6.1354e+02     5.6933      0.454      0.658    25.6622 0.0000e+00
      0.464      0.002     5.5929     66.412     42.850  43.444990     3.5533      7.193   173.2184 6.5691e+02     5.7132      0.455      0.660    25.6643 0.0000e+00
      0.464      0.001     5.5632     65.683     42.880  43.482049     3.5424      7.201   173.4458 6.7984e+02     5.6797      0.456      0.661    25.6683 0.0000e+00
      0.464      0.001     5.5239     64.956     42.876  43.484642     3.5211      7.210   173.7216 7.3713e+02     5.5948      0.455      0.659    25.6738 0.0000e+00
      0.464      0.001     5.4762     64.241     42.860  43.476355     3.5287      7.216   173.9720 7.6374e+02     5.5755      0.454      0.659    25.6805 0.0000e+00
