Data/DataNotYetUploadedToEDI/Raw_CTD/RawDownloads/090225_ccr50_S8188002.cnv
* Sea-Bird SBE19plus  Data File:
* FileName = C:\R\Reservoirs\Data\DataNotYetUploadedToEDI\Raw_CTD\RawDownloads\090125_bvr50_S8188_0002.hex
* Software version 2.8.0.119
* Temperature SN = 8188
* Conductivity SN = 8188
* System UpLoad Time = Sep 02 2025 15:39:39
* <ApplicationData>
* <Seaterm232>
# nquan = 16
# nvalues = 3163                        
# units = specified
# name 0 = depFM: Depth [fresh water, m]
# name 1 = dz/dtM: Descent Rate [m/s]
# name 2 = sbeox0Mg/L: Oxygen, SBE 43 [mg/l]
# name 3 = sbeox0PS: Oxygen, SBE 43 [% saturation]
# name 4 = specc: Specific Conductance [uS/cm]
# name 5 = c0uS/cm: Conductivity [uS/cm]
# name 6 = wetCDOM: Fluorescence, WET Labs CDOM [mg/m^3]
# name 7 = flECO-AFL: Fluorescence, WET Labs ECO-AFL/FL [mg/m^3]
# name 8 = flECO-AFL1: Fluorescence, WET Labs ECO-AFL/FL, 2 [mg/m^3]
# name 9 = flECO-AFL2: Fluorescence, WET Labs ECO-AFL/FL, 3 [mg/m^3]
# name 10 = par/sat/log: PAR/Logarithmic, Satlantic
# name 11 = turbWETntu0: Turbidity, WET Labs ECO [NTU]
# name 12 = prdM: Pressure, Strain Gauge [db]
# name 13 = prdE: Pressure, Strain Gauge [psi]
# name 14 = tv290C: Temperature [ITS-90, deg C]
# name 15 = flag:  0.000e+00
# span 0 =     -0.433,     21.593       
# span 1 =     -0.245,      0.149       
# span 2 =    -0.4617,     8.2251       
# span 3 =     -4.207,     94.228       
# span 4 =   -652.984,    329.673       
# span 5 =-489.504035, 230.533583       
# span 6 =    -4.5000,    55.6200       
# span 7 =    -0.2655,     8.0697       
# span 8 =    -2.1300,     5.1120       
# span 9 =   -13.0284,     6.5142       
# span 10 = 1.1590e-01, 3.1474e+03      
# span 11 =    -6.4730,   181.8287      
# span 12 =     -0.424,     21.175      
# span 13 =     -0.616,     30.712      
# span 14 =     9.9559,    24.6520      
# span 15 = 0.0000e+00, 0.0000e+00      
# interval = seconds: 0.25
# start_time = Sep 02 2025 10:35:40 [Instrument's time stamp, header]
# bad_flag = -9.990e-29
*END*
[from data line 181]
      0.208      0.000     7.9151     93.405     95.110  92.518706    12.5100     0.5661     0.0426     0.2538 1.3937e+03     0.4156      0.204      0.295    23.6561 0.0000e+00
      0.208      0.000     7.9147     93.398     95.108  92.502062    12.5100     0.5165     0.0426     0.2538 1.3551e+03     0.5062      0.204      0.295    23.6529 0.0000e+00
      0.207      0.001     7.9147     93.397     95.118  92.494486    12.5100     0.5585     0.0426     0.4230 3.6968e+02     0.3703      0.203      0.295    23.6468 0.0000e+00
      0.207      0.001     7.9149     93.402     95.148  92.501948    12.5100     0.4860     0.0426     0.4230 9.1070e+02     0.3552      0.203      0.295    23.6392 0.0000e+00
      0.207      0.001     7.9151     93.410     95.186  92.510456    12.5100     0.4936     0.0426     0.4230 7.7223e+02     0.2494      0.203      0.295    23.6317 0.0000e+00
      0.208      0.001     7.9156     93.417     95.228  92.514289    12.5100     0.4898     0.0426     0.4230 1.4383e+03     0.2947      0.204      0.296    23.6240 0.0000e+00
      0.208      0.001     7.9169     93.424     95.259  92.506473    12.5100     0.4784     0.0426     0.2115 1.4314e+03     0.2192      0.204      0.296    23.6150 0.0000e+00
      0.209      0.001     7.9190     93.434     95.273  92.488919    12.5100     0.4860     0.0426     0.2115 1.1713e+03     0.2192      0.205      0.297    23.6037 0.0000e+00
      0.209      0.000     7.9219     93.445     95.301  92.496895    12.5100     0.5165     0.0426     0.2115 1.1325e+03     0.2041      0.205      0.297    23.5885 0.0000e+00
      0.210      0.000     7.9254     93.455     95.365  92.552503    12.5100     0.4860     0.0426     0.2115 3.1361e+02     0.1890      0.205      0.298    23.5695 0.0000e+00
      0.209     -0.001     7.9289     93.459     95.429  92.624627    12.6000     0.4898     0.0426     0.2538 7.7559e+02     0.2343      0.205      0.298    23.5497 0.0000e+00
      0.209     -0.002     7.9322     93.456     95.452  92.664580    12.6000     0.4669     0.0426     0.2538 6.6096e+02     0.1588      0.205      0.297    23.5334 0.0000e+00
      0.208     -0.002     7.9347     93.449     95.446  92.671035    12.6000     0.4936     0.0426     0.2538 1.0210e+03     0.2645      0.203      0.295    23.5229 0.0000e+00
      0.207     -0.001     7.9360     93.438     95.471  92.685667    12.6000     0.4860     0.0426     0.2538 1.6717e+03     0.2796      0.202      0.294    23.5199 0.0000e+00
      0.206     -0.001     7.9356     93.421     95.550  92.722369    12.6000     0.4784     0.0426     0.2538 3.7961e+02     0.2041      0.202      0.293    23.5247 0.0000e+00
      0.207      0.000     7.9339     93.401     95.657  92.768951    12.6000     0.5013     0.0426     0.2961 9.7840e+02     0.2192      0.202      0.293    23.5343 0.0000e+00
      0.207      0.001     7.9323     93.386     95.741  92.801868    12.6000     0.5013     0.0426     0.2961 2.5773e+02     0.2645      0.203      0.294    23.5409 0.0000e+00
      0.208      0.001     7.9322     93.380     95.770  92.795936    12.6000     0.4746     0.0426     0.2961 7.0748e+02     0.2343      0.204      0.295    23.5358 0.0000e+00
      0.208      0.001     7.9338     93.380     95.764  92.767551    12.6000     0.4860     0.0426     0.2961 6.8464e+02     0.1739      0.204      0.296    23.5147 0.0000e+00
      0.208      0.001     7.9366     93.387     95.770  92.757088    12.6000     0.5013     0.0426     0.5499 7.4293e+02     0.1890      0.204      0.296    23.4849 0.0000e+00
      0.208      0.001     7.9392     93.400     95.802  92.773741    12.6000     0.4708     0.0426     0.5499 7.1056e+02     0.2343      0.204      0.296    23.4594 0.0000e+00
      0.209      0.001     7.9412     93.412     95.829  92.785995    12.6000     0.4746     0.0426     0.5499 5.2521e+02     0.2343      0.204      0.297    23.4420 0.0000e+00
      0.209      0.001     7.9430     93.415     95.823  92.767152    12.6000     0.4936     0.0426     0.5499 9.9925e+02     0.2192      0.205      0.297    23.4298 0.0000e+00
      0.209      0.000     7.9449     93.410     95.785  92.720175    12.5100     0.5470     0.0852     0.2115 1.5159e+03     0.2645      0.205      0.297    23.4212 0.0000e+00
      0.209      0.000     7.9471     93.399     95.735  92.662503    12.5100     0.5394     0.0852     0.2115 7.9764e+02     0.2192      0.205      0.297    23.4140 0.0000e+00
      0.209      0.000     7.9492     93.382     95.676  92.598733    12.5100     0.5661     0.0852     0.2115 8.6105e+02     0.2343      0.204      0.297    23.4067 0.0000e+00
      0.209      0.000     7.9505     93.365     95.589  92.507864    12.5100     0.5394     0.0852     0.2115 1.2787e+03     0.2947      0.204      0.297    23.4000 0.0000e+00
      0.209      0.000     7.9509     93.356     95.445  92.357674    12.5100     0.4708     0.0852     0.2115 7.4035e+02     0.2645      0.205      0.297    23.3945 0.0000e+00
      0.209      0.000     7.9506     93.354     95.198  92.108110    12.5100     0.4936     0.0852     0.2538 5.8702e+02     0.2494      0.205      0.297    23.3900 0.0000e+00
      0.209      0.000     7.9497     93.355     94.776  91.694620    12.5100     0.4822     0.0852     0.2538 9.3761e+02     0.2494      0.205      0.297    23.3865 0.0000e+00
      0.209      0.000     7.9489     93.360     94.062  91.006939    12.5100     0.4936     0.0852     0.2538 3.5720e+02     0.1286      0.205      0.297    23.3825 0.0000e+00
      0.209      0.000     7.9489     93.365     92.873  89.863683    12.5100     0.5013     0.0852     0.2538 2.7725e+02     0.0681      0.205      0.297    23.3771 0.0000e+00
      0.209      0.000     7.9496     93.365     90.908  87.965979    12.6000     0.4784     0.0426     0.4230 9.8011e+02     0.2947      0.205      0.297    23.3714 0.0000e+00
      0.209      0.001     7.9501     93.366     87.656  84.819758    12.6000     0.4746     0.0426     0.4230 5.4155e+02     0.2645      0.205      0.298    23.3688 0.0000e+00
      0.209      0.001     7.9503     93.369     82.254  79.594018    12.6000     0.4936     0.0426     0.4230 3.7723e+02     0.2343      0.205      0.298    23.3706 0.0000e+00
      0.210      0.001     7.9502     93.370     73.263  70.895228    12.6000     0.4860     0.0426     0.4230 4.6503e+02     0.1588      0.206      0.299    23.3739 0.0000e+00
      0.210      0.001     7.9499     93.371     58.292  56.407707    12.6000     0.4860     0.0426     0.4230 7.8731e+02     0.1286      0.206      0.299    23.3757 0.0000e+00
      0.211      0.002     7.9499     93.373     33.351  32.272111    12.6000     0.4669     0.0426     0.4230 7.2271e+02     0.2343      0.207      0.300    23.3760 0.0000e+00
      0.211      0.002     7.9501     93.375     -8.218  -7.951715    12.6000     0.4975     0.0426     0.4230 1.4274e+03     0.2947      0.207      0.300    23.3763 0.0000e+00
      0.212      0.003     7.9503     93.376    -77.519 -75.004108    12.6000     0.5013     0.0426     0.4230 1.5123e+03     0.2796      0.208      0.301    23.3762 0.0000e+00
      0.212      0.004     7.9505     93.383   -193.041-186.775696    12.6000     0.4860     0.0852     0.1692 7.9057e+02     0.1890      0.208      0.303    23.3748 0.0000e+00
      0.213      0.004     7.9511     93.396   -385.585-373.066241    12.6000     0.4975     0.0852     0.1692 1.3370e+03     0.1286      0.209      0.304    23.3724 0.0000e+00
      0.215      0.005     7.9517     93.412   -505.932-489.504035    12.6000     0.4784     0.0852     0.1692 6.9726e+02     0.0832      0.211      0.306    23.3699 0.0000e+00
      0.216      0.005     7.9521     93.433   -385.617-373.095961    12.6000     0.5242     0.0852     0.1692 1.1910e+03     0.1890      0.212      0.308    23.3679 0.0000e+00
      0.218      0.005     7.9530     93.457   -193.105-186.835071    12.6000     0.5432     0.0852     0.1692 2.2132e+02     0.1588      0.214      0.310    23.3665 0.0000e+00
      0.220      0.005     7.9543     93.479    -77.599 -75.079007    12.6000     0.5547     0.0426     0.3807 6.4633e+02     0.2947      0.216      0.313    23.3657 0.0000e+00
      0.221      0.004     7.9558     93.499     -8.294  -8.022157    12.6000     0.5165     0.0426     0.3807 7.4633e+02     0.2494      0.217      0.315    23.3656 0.0000e+00
      0.223      0.004     7.9574     93.514     33.285  32.209315    12.6000     0.4822     0.0426     0.3807 2.3261e+02     0.1890      0.218      0.317    23.3664 0.0000e+00
      0.223      0.003     7.9591     93.521     58.223  56.339807    12.6000     0.4631     0.0426     0.3807 1.1308e+03     0.1890      0.219      0.317    23.3678 0.0000e+00
      0.224      0.002     7.9606     93.521     73.175  70.808112    12.5100     0.4898     0.0426     0.2961 1.5077e+03     0.2796      0.219      0.318    23.3695 0.0000e+00
      0.224      0.001     7.9620     93.519     82.137  79.480436    12.5100     0.4746     0.0426     0.2961 4.8569e+02     0.3400      0.220      0.319    23.3712 0.0000e+00
      0.224      0.001     7.9630     93.517     87.511  84.681384    12.5100     0.4975     0.0426     0.2961 2.6616e+02     0.3098      0.220      0.319    23.3728 0.0000e+00
      0.225      0.001     7.9634     93.513     90.745  87.809862    12.5100     0.4708     0.0426     0.2961 5.5791e+02     0.3249      0.220      0.320    23.3743 0.0000e+00
      0.225      0.001     7.9632     93.509     92.694  89.696134    12.4200     0.4936     0.0852     0.3807 4.5672e+02     0.2947      0.220      0.320    23.3756 0.0000e+00
      0.225      0.001     7.9629     93.504     93.866  90.831221    12.4200     0.5089     0.0852     0.3807 1.2399e+03     0.2343      0.221      0.320    23.3765 0.0000e+00
      0.225      0.000     7.9626     93.500     94.566  91.509823    12.4200     0.5623     0.0852     0.3807 4.4400e+02     0.2041      0.221      0.320    23.3768 0.0000e+00
      0.225      0.000     7.9623     93.499     94.981  91.912899    12.4200     0.5394     0.0852     0.3807 1.4327e+03     0.1890      0.221      0.320    23.3769 0.0000e+00
      0.225      0.000     7.9619     93.497     95.229  92.155928    12.5100     0.5356     0.0852     0.4653 3.6664e+02     0.1890      0.221      0.320    23.3773 0.0000e+00
      0.225      0.000     7.9614     93.491     95.380  92.307711    12.5100     0.5432     0.0852     0.4653 3.4223e+02     0.2041      0.221      0.320    23.3779 0.0000e+00
      0.225      0.000     7.9609     93.487     95.469  92.404730    12.5100     0.5203     0.0852     0.4653 8.3307e+02     0.2343      0.221      0.321    23.3785 0.0000e+00
      0.225      0.001     7.9607     93.486     95.507  92.456876    12.5100     0.4784     0.0852     0.4653 4.7773e+02     0.3098      0.221      0.321    23.3792 0.0000e+00
      0.225      0.001     7.9604     93.485     95.508  92.474059    12.5100     0.4822     0.0852     0.4653 1.1115e+03     0.1286      0.221      0.321    23.3808 0.0000e+00
      0.225      0.001     7.9594     93.483     95.499  92.480840    12.5100     0.4936     0.0426     0.2538 5.7178e+02     0.2192      0.221      0.321    23.3841 0.0000e+00
      0.226      0.001     7.9581     93.481     95.500  92.495008    12.5100     0.5280     0.0426     0.2538 6.6010e+02     0.2494      0.221      0.321    23.3898 0.0000e+00
      0.226      0.001     7.9569     93.479     95.509  92.516347    12.5100     0.5432     0.0426     0.2538 4.7267e+02     0.2947      0.222      0.322    23.3977 0.0000e+00
      0.226      0.001     7.9555     93.479     95.516  92.534566    12.5100     0.5432     0.0426     0.2538 3.9976e+02     0.2494      0.222      0.323    23.4064 0.0000e+00
      0.227      0.000     7.9542     93.480     95.514  92.542540    12.6000     0.5585     0.0852     0.3384 4.9206e+02     0.1588      0.222      0.323    23.4143 0.0000e+00
      0.227      0.000     7.9530     93.477     95.501  92.538398    12.6000     0.5547     0.0852     0.3384 6.1189e+02     0.2041      0.222      0.323    23.4213 0.0000e+00
      0.226      0.000     7.9518     93.469     95.481  92.529029    12.6000     0.4936     0.0852     0.3384 4.3248e+02     0.1890      0.222      0.322    23.4278 0.0000e+00
      0.226     -0.001     7.9509     93.457     95.454  92.515927    12.6000     0.4746     0.0852     0.3384 6.8912e+02     0.2192      0.222      0.322    23.4338 0.0000e+00
      0.226      0.000     7.9502     93.442     95.422  92.499596    12.6000     0.4860     0.0426     0.3384 5.1258e+02     0.2192      0.222      0.321    23.4390 0.0000e+00
      0.226      0.000     7.9493     93.429     95.399  92.491662    12.6000     0.4593     0.0426     0.3384 2.7707e+02     0.1890      0.221      0.321    23.4436 0.0000e+00
      0.226      0.000     7.9478     93.426     95.387  92.494005    12.6000     0.4784     0.0426     0.3384 3.8896e+02     0.2192      0.221      0.321    23.4488 0.0000e+00
      0.226      0.000     7.9458     93.430     95.376  92.499261    12.6000     0.4593     0.0426     0.3384 6.9832e+02     0.2192      0.222      0.321    23.4555 0.0000e+00
      0.226      0.000     7.9433     93.435     95.354  92.496845    12.6000     0.4936     0.0426     0.3384 6.6471e+02     0.1134      0.222      0.322    23.4633 0.0000e+00
      0.226      0.000     7.9411     93.439     95.325  92.490109    12.5100     0.4784     0.0852     0.4230 5.4073e+02     0.2041      0.222      0.322    23.4709 0.0000e+00
      0.226      0.000     7.9397     93.442     95.302  92.493238    12.5100     0.5509     0.0852     0.4230 2.5600e+02     0.2343      0.222      0.322    23.4782 0.0000e+00
      0.226      0.000     7.9388     93.445     95.270  92.495083    12.5100     0.5356     0.0852     0.4230 8.4181e+02     0.0983      0.222      0.322    23.4865 0.0000e+00
      0.226      0.000     7.9378     93.449     95.216  92.480155    12.5100     0.5394     0.0852     0.4230 3.5158e+02     0.1890      0.222      0.322    23.4964 0.0000e+00
      0.226      0.000     7.9365     93.451     95.160  92.460457    12.6000     0.5203     0.0426     0.3807 5.2612e+02     0.2192      0.222      0.321    23.5076 0.0000e+00
      0.226      0.000     7.9347     93.450     95.126  92.454711    12.6000     0.5318     0.0426     0.3807 7.2130e+02     0.2947      0.222      0.321    23.5209 0.0000e+00
      0.226      0.000     7.9324     93.449     95.111  92.461385    12.6000     0.5127     0.0426     0.3807 9.1546e+02     0.1890      0.222      0.322    23.5380 0.0000e+00
      0.226      0.000     7.9298     93.449     95.097  92.466279    12.6000     0.5585     0.0426     0.3807 1.5563e+03     0.1890      0.222      0.322    23.5579 0.0000e+00
      0.226      0.000     7.9272     93.446     95.074  92.458712    12.6900     0.5394     0.0426     0.2538 3.5089e+02     0.1286      0.222      0.322    23.5761 0.0000e+00
      0.226      0.000     7.9251     93.441     95.047  92.440663    12.6900     0.4746     0.0426     0.2538 5.2010e+02     0.0077      0.221      0.321    23.5903 0.0000e+00
      0.226      0.000     7.9233     93.436     95.025  92.423300    12.6900     0.4898     0.0426     0.2538 2.6947e+02    -0.0074      0.221      0.321    23.6016 0.0000e+00
      0.226      0.000     7.9219     93.431     95.011  92.413978    12.6900     0.5165     0.0426     0.2538 7.8868e+02    -0.0074      0.221      0.321    23.6112 0.0000e+00
      0.226      0.000     7.9205     93.427     95.004  92.410212    12.5100     0.4631     0.0852     0.3807 2.4517e+02    -0.0074      0.222      0.322    23.6188 0.0000e+00
      0.226      0.000     7.9194     93.428     94.993  92.403007    12.5100     0.5432     0.0852     0.3807 3.2484e+02     0.2494      0.222      0.322    23.6233 0.0000e+00
      0.226      0.000     7.9186     93.430     94.977  92.390441    12.5100     0.5394     0.0852     0.3807 2.8988e+02     0.3400      0.222      0.322    23.6256 0.0000e+00
