Data/DataNotYetUploadedToEDI/Raw_CTD/RawDownloads/090224_fcr20_S7809003.cnv
* Sea-Bird SBE19plus  Data File:
* FileName = C:\R\Reservoirs\Data\DataNotYetUploadedToEDI\Raw_CTD\RawDownloads\090224_fcr50_S7809_0003.hex
* Software version 2.8.0.119
* Temperature SN = 7809
* Conductivity SN = 7809
* System UpLoad Time = Sep 02 2024 17:17:29
* <ApplicationData>
* <Seaterm232>
# nquan = 15
# nvalues = 714                         
# units = specified
# name 0 = depFM: Depth [fresh water, m]
# name 1 = dz/dtM: Descent Rate [m/s]
# name 2 = sbeox0Mg/L: Oxygen, SBE 43 [mg/l]
# name 3 = sbeox0PS: Oxygen, SBE 43 [% saturation]
# name 4 = specc: Specific Conductance [uS/cm]
# name 5 = c0uS/cm: Conductivity [uS/cm]
# name 6 = flECO-AFL: Fluorescence, WET Labs ECO-AFL/FL [mg/m^3]
# name 7 = ph: pH
# name 8 = orp: Oxidation Reduction Potential [mV]
# name 9 = par/sat/log: PAR/Logarithmic, Satlantic
# name 10 = turbWETntu0: Turbidity, WET Labs ECO [NTU]
# name 11 = prdM: Pressure, Strain Gauge [db]
# name 12 = prdE: Pressure, Strain Gauge [psi]
# name 13 = tv290C: Temperature [ITS-90, deg C]
# name 14 = flag:  0.000e+00
# span 0 =     -0.633,      3.020       
# span 1 =     -0.384,      0.227       
# span 2 =     0.0049,     8.5046       
# span 3 =      0.148,    103.170       
# span 4 =      4.959,     63.307       
# span 5 =   4.960780,  56.907884       
# span 6 =    -0.8912,    18.3356       
# span 7 =      7.897,      8.259       
# span 8 =   195.6814,   273.3806       
# span 9 = 4.5343e+01, 2.3466e+03       
# span 10 =    -5.8046,    77.4658      
# span 11 =     -0.623,      2.962      
# span 12 =     -0.902,      4.296      
# span 13 =    19.9060,    25.7903      
# span 14 = 0.0000e+00, 0.0000e+00      
# interval = seconds: 0.25
# start_time = Sep 02 2024 12:38:33 [Instrument's time stamp, header]
# bad_flag = -9.990e-29
*END*
[from data line 97]
      0.191      0.016     5.7084     68.608     42.122  42.549933     2.9339      8.093   210.6247 2.9686e+02     2.9634      0.188      0.272    25.5102 0.0000e+00
      0.193      0.021     5.6863     68.427     42.118  42.544530     2.9307      8.092   210.8865 3.0073e+02     2.8798      0.189      0.273    25.5077 0.0000e+00
      0.198      0.027     5.6624     68.336     42.125  42.550172     2.9658      8.090   211.1954 3.0453e+02     2.8769      0.193      0.279    25.5058 0.0000e+00
      0.206      0.033     5.6354     68.272     42.131  42.554678     3.0426      8.089   211.4338 2.9997e+02     2.9288      0.202      0.293    25.5040 0.0000e+00
      0.217      0.037     5.6147     68.157     42.116  42.535543     3.0935      8.089   211.4460 2.9182e+02     2.9609      0.213      0.309    25.5021 0.0000e+00
      0.230      0.037     5.5986     67.976     42.092  42.509210     3.1062      8.090   211.3431 2.8548e+02     2.9574      0.226      0.328    25.5002 0.0000e+00
      0.243      0.032     5.5927     67.629     42.074  42.490167     3.1212      8.091   211.3942 2.7810e+02     2.9199      0.240      0.349    25.4988 0.0000e+00
      0.253      0.024     5.5932     67.049     42.079  42.495706     3.1421      8.093   211.5478 2.6927e+02     2.8829      0.250      0.362    25.4965 0.0000e+00
      0.258      0.014     5.5801     66.303     42.096  42.512706     3.1419      8.095   211.6510 2.6277e+02     2.8864      0.254      0.367    25.4924 0.0000e+00
      0.259      0.005     5.5712     65.460     42.090  42.505307     3.1364      8.096   211.6962 2.5967e+02     2.9280      0.255      0.370    25.4886 0.0000e+00
      0.257     -0.001     5.5461     64.597     42.059  42.469724     3.1245      8.098   211.6638 2.5894e+02     2.8737      0.253      0.367    25.4876 0.0000e+00
      0.252     -0.003     5.4935     63.769     42.057  42.463282     3.0984      8.098   211.6897 2.6059e+02     2.7078      0.247      0.358    25.4885 0.0000e+00
      0.248     -0.002     5.4325     63.021     42.089  42.490880     3.0876      8.099   211.7514 2.6329e+02     2.6304      0.243      0.352    25.4896 0.0000e+00
      0.248      0.001     5.3600     62.412     42.087  42.486045     3.0851      8.101   211.7209 2.6567e+02     2.6895      0.243      0.352    25.4883 0.0000e+00
      0.252      0.004     5.2888     61.950     42.071  42.468291     3.1097      8.103   211.6656 2.6757e+02     2.8072      0.247      0.358    25.4827 0.0000e+00
      0.255      0.007     5.2211     61.577     42.071  42.466624     3.1605      8.104   211.5987 2.6912e+02     2.8582      0.251      0.364    25.4758 0.0000e+00
      0.257      0.008     5.1573     61.258     42.070  42.465895     3.1826      8.106   211.6004 2.6886e+02     2.7936      0.252      0.366    25.4710 0.0000e+00
      0.258      0.007     5.1075     60.989     42.065  42.459473     3.1857      8.108   211.6855 2.6316e+02     2.7441      0.253      0.367    25.4679 0.0000e+00
      0.261      0.006     5.0726     60.714     42.059  42.452444     3.1907      8.111   211.7677 2.5538e+02     2.7721      0.256      0.372    25.4655 0.0000e+00
      0.263      0.003     5.0434     60.420     42.052  42.444370     3.1847      8.113   211.9066 2.5068e+02     2.8580      0.258      0.375    25.4644 0.0000e+00
      0.263      0.001     5.0157     60.145     42.034  42.425329     3.1622      8.114   211.9881 2.4651e+02     2.8941      0.259      0.376    25.4636 0.0000e+00
      0.263      0.001     4.9970     59.831     42.022  42.412626     3.1349      8.114   211.9786 2.4302e+02     2.8331      0.259      0.376    25.4626 0.0000e+00
      0.262      0.000     4.9755     59.436     42.028  42.417715     3.1217      8.115   211.9631 2.4331e+02     2.8037      0.257      0.372    25.4618 0.0000e+00
      0.261 1.8980e-08     4.9478     59.048     42.035  42.423386     3.1440      8.117   211.8877 2.4617e+02     2.7773      0.255      0.370    25.4608 0.0000e+00
      0.262 2.0878e-07     4.9284     58.708     42.030  42.417725     3.1883      8.118   211.8411 2.4985e+02     2.7191      0.256      0.371    25.4599 0.0000e+00
      0.263 2.0878e-07     4.9062     58.368     42.025  42.412739     3.2074      8.118   211.9166 2.5451e+02     2.6809      0.259      0.375    25.4591 0.0000e+00
      0.264 1.8965e-08     4.8681     58.008     42.040  42.426577     3.1997      8.118   212.1117 2.5908e+02     2.6237      0.259      0.376    25.4578 0.0000e+00
      0.263 1.5559e-09     4.8353     57.641     42.071  42.458093     3.1783      8.118   212.3071 2.6019e+02     2.6425      0.258      0.375    25.4565 0.0000e+00
      0.262 -1.399e-10     4.8109     57.293     42.091  42.476447     3.1575      8.118   212.3866 2.5751e+02     2.8056      0.257      0.372    25.4555 0.0000e+00
      0.261 -1.539e-09     4.7826     56.976     42.075  42.458083     3.1560      8.119   212.4706 2.5350e+02     2.9563      0.255      0.370    25.4551 0.0000e+00
      0.261 -1.693e-08     4.7534     56.671     42.045  42.426463     3.1600      8.120   212.5479 2.4952e+02     2.9618      0.256      0.371    25.4541 0.0000e+00
      0.262 -1.863e-07     4.7221     56.367     42.031  42.411483     3.1557      8.121   212.5474 2.4792e+02     2.9057      0.257      0.372    25.4528 0.0000e+00
      0.263 -1.860e-07     4.6931     56.077     42.024  42.403888     3.1452      8.121   212.6358 2.4866e+02     2.8918      0.258      0.374    25.4514 0.0000e+00
      0.263 -1.354e-08     4.6685     55.793     42.018  42.398103     3.1417      8.121   212.8429 2.4781e+02     2.8969      0.259      0.375    25.4496 0.0000e+00
      0.262 3.5856e-08     4.6441     55.517     42.025  42.405011     3.1547      8.121   213.0724 2.4536e+02     2.9333      0.258      0.374    25.4481 0.0000e+00
      0.261 4.0981e-07     4.6183     55.273     42.045  42.423936     3.1618      8.121   213.2595 2.4566e+02     2.9564      0.256      0.370    25.4470 0.0000e+00
      0.261      0.000     4.5951     55.050     42.059  42.436516     3.1447      8.120   213.2983 2.5048e+02     2.9029      0.255      0.369    25.4461 0.0000e+00
      0.261      0.000     4.5723     54.814     42.053  42.430179     3.1312      8.120   213.2828 2.5731e+02     2.8326      0.256      0.371    25.4457 0.0000e+00
      0.262      0.001     4.5481     54.566     42.035  42.410776     3.1312      8.120   213.4166 2.6181e+02     2.8245      0.257      0.372    25.4450 0.0000e+00
      0.263      0.001     4.5285     54.318     42.018  42.392327     3.1287      8.121   213.5397 2.6171e+02     2.8393      0.258      0.373    25.4439 0.0000e+00
      0.263      0.001     4.5124     54.087     42.024  42.397521     3.1419      8.122   213.4814 2.5803e+02     2.7713      0.258      0.374    25.4429 0.0000e+00
      0.262      0.001     4.4924     53.886     42.038  42.410101     3.1741      8.123   213.3998 2.5280e+02     2.6518      0.257      0.373    25.4422 0.0000e+00
      0.262      0.001     4.4717     53.683     42.047  42.417486     3.1938      8.124   213.4996 2.4780e+02     2.5895      0.257      0.372    25.4415 0.0000e+00
      0.262      0.002     4.4516     53.472     42.054  42.423346     3.1966      8.125   213.8268 2.4515e+02     2.6326      0.257      0.373    25.4403 0.0000e+00
      0.263      0.002     4.4309     53.282     42.050  42.417476     3.1911      8.125   214.0866 2.4609e+02     2.6951      0.258      0.374    25.4386 0.0000e+00
      0.264      0.002     4.4171     53.105     42.044  42.409986     3.1695      8.125   214.1454 2.4848e+02     2.6626      0.258      0.374    25.4367 0.0000e+00
      0.265      0.001     4.4010     52.949     42.032  42.396252     3.1431      8.125   214.1937 2.4955e+02     2.6150      0.260      0.377    25.4347 0.0000e+00
      0.266      0.000     4.3810     52.802     42.016  42.378357     3.1377      8.125   214.3262 2.4976e+02     2.6325      0.262      0.379    25.4328 0.0000e+00
      0.265      0.000     4.3681     52.647     42.024  42.384017     3.1716      8.125   214.4575 2.5160e+02     2.6681      0.261      0.379    25.4311 0.0000e+00
      0.264      0.001     4.3519     52.501     42.043  42.401227     3.2281      8.126   214.4048 2.5506e+02     2.7037      0.259      0.376    25.4293 0.0000e+00
      0.263      0.001     4.3399     52.354     42.040  42.396026     3.2554      8.126   214.2909 2.5841e+02     2.6877      0.257      0.373    25.4271 0.0000e+00
      0.263      0.002     4.3300     52.208     42.031  42.384591     3.2514      8.126   214.2844 2.6150e+02     2.6114      0.257      0.373    25.4247 0.0000e+00
      0.265      0.002     4.3148     52.086     42.038  42.389907     3.2462      8.127   214.4127 2.6422e+02     2.6345      0.260      0.377    25.4220 0.0000e+00
      0.268      0.002     4.3048     51.985     42.047  42.396837     3.2503      8.128   214.6377 2.6625e+02     2.7629      0.264      0.382    25.4193 0.0000e+00
      0.269      0.002     4.2930     51.905     42.057  42.404901     3.2688      8.128   214.7685 2.6537e+02     2.8659      0.264      0.383    25.4170 0.0000e+00
      0.268      0.001     4.2792     51.841     42.077  42.423931     3.2861      8.128   214.7890 2.6106e+02     2.8887      0.263      0.381    25.4151 0.0000e+00
      0.267     -0.001     4.2709     51.782     42.092  42.436521     3.2764      8.129   214.8852 2.5907e+02     2.8332      0.262      0.379    25.4131 0.0000e+00
      0.267     -0.003     4.2619     51.747     42.088  42.430185     3.2518      8.129   215.0717 2.6329e+02     2.8102      0.262      0.379    25.4105 0.0000e+00
      0.267     -0.004     4.2556     51.755     42.071  42.410782     3.2472      8.129   215.1509 2.7047e+02     2.8504      0.263      0.382    25.4081 0.0000e+00
      0.266     -0.003     4.2518     51.788     42.055  42.392333     3.2615      8.129   215.2400 2.7728e+02     2.9091      0.262      0.380    25.4057 0.0000e+00
      0.263     -0.001     4.2457     51.798     42.062  42.397525     3.2669      8.130   215.4614 2.8475e+02     2.9047      0.258      0.374    25.4032 0.0000e+00
      0.262      0.000     4.2425     51.756     42.077  42.410095     3.2714      8.131   215.5909 2.9317e+02     2.8319      0.255      0.370    25.4004 0.0000e+00
      0.263      0.000     4.2437     51.679     42.086  42.417369     3.2909      8.131   215.6005 2.9915e+02     2.8140      0.257      0.372    25.3970 0.0000e+00
      0.266      0.001     4.2489     51.601     42.092  42.421989     3.3028      8.131   215.5776 2.9890e+02     2.8595      0.261      0.378    25.3942 0.0000e+00
      0.267      0.001     4.2507     51.526     42.074  42.402489     3.3145      8.132   215.5724 2.9327e+02     2.9375      0.263      0.381    25.3917 0.0000e+00
      0.267      0.000     4.2468     51.447     42.045  42.372004     3.3411      8.133   215.6243 2.8696e+02     2.9381      0.262      0.380    25.3895 0.0000e+00
      0.266     -0.001     4.2390     51.356     42.045  42.370745     3.3586      8.134   215.6024 2.8382e+02     2.8324      0.261      0.378    25.3877 0.0000e+00
      0.264     -0.001     4.2331     51.232     42.063  42.387270     3.3595      8.135   215.4795 2.8409e+02     2.7859      0.259      0.375    25.3860 0.0000e+00
      0.263     -0.001     4.2274     51.103     42.058  42.381391     3.3602      8.136   215.4294 2.8606e+02     2.8554      0.257      0.373    25.3845 0.0000e+00
      0.263      0.000     4.2204     51.003     42.041  42.363131     3.3592      8.138   215.5126 2.8968e+02     2.9548      0.258      0.374    25.3827 0.0000e+00
      0.264      0.002     4.2152     50.926     42.036  42.356887     3.3392      8.139   215.6254 2.9654e+02     2.9636      0.259      0.376    25.3809 0.0000e+00
      0.265      0.002     4.2035     50.849     42.050  42.369373     3.3089      8.140   215.7612 3.0292e+02     2.8925      0.260      0.377    25.3794 0.0000e+00
      0.266      0.002     4.1915     50.765     42.069  42.387156     3.2923      8.142   215.8638 3.0378e+02     2.8465      0.260      0.377    25.3778 0.0000e+00
      0.267      0.001     4.1843     50.736     42.064  42.381496     3.2969      8.143   215.8329 3.0356e+02     2.8170      0.262      0.381    25.3763 0.0000e+00
      0.268      0.001     4.1781     50.742     42.049  42.364400     3.3139      8.143   215.8178 3.0376e+02     2.7759      0.264      0.383    25.3749 0.0000e+00
      0.267      0.001     4.1740     50.687     42.056  42.370853     3.3239      8.144   215.8538 3.0087e+02     2.6905      0.263      0.380    25.3735 0.0000e+00
      0.265      0.002     4.1632     50.584     42.082  42.396046     3.3262      8.144   215.8376 2.9789e+02     2.5708      0.260      0.375    25.3721 0.0000e+00
      0.265      0.002     4.1606     50.454     42.102  42.415134     3.3331      8.145   215.7935 2.9727e+02     2.5234      0.259      0.375    25.3706 0.0000e+00
      0.267      0.002     4.1682     50.313     42.099  42.411229     3.3489      8.146   215.8375 2.9760e+02     2.5620      0.262      0.380    25.3691 0.0000e+00
      0.270      0.003     4.1598     50.238     42.100  42.412297     3.3758      8.147   215.9386 3.0039e+02     2.6271      0.265      0.385    25.3679 0.0000e+00
      0.271      0.003     4.1518     50.447     42.174  42.491512     3.3926      8.147   215.9842 3.0419e+02     2.6281      0.267      0.387    25.3668 0.0000e+00
      0.271      0.002     4.1422     52.157     42.273  42.607377     3.3776      8.147   216.0444 3.0499e+02     2.5745      0.266      0.386    25.3659 0.0000e+00
      0.270      0.001     4.1262     57.592     42.309  42.670782     3.3516      8.148   216.2358 3.0509e+02     2.5593      0.265      0.384    25.3653 0.0000e+00
      0.270      0.001     4.1198     66.948     42.303  42.686938     3.3522      8.151   216.4913 3.0883e+02     2.6147      0.265      0.384    25.3644 0.0000e+00
      0.270      0.002     4.1162     77.494     42.280  42.675816     3.3768      8.153   216.5531 3.1767e+02     2.6983      0.264      0.383    25.3641 0.0000e+00
      0.271      0.003     4.1552     86.863     42.263  42.663265     3.3922      8.153   216.4676 3.2345e+02     2.6821      0.265      0.385    25.3827 0.0000e+00
      0.272      0.003     4.5748     94.240     42.258  42.662133     3.3877      8.154   216.4888 3.1970e+02     2.6571      0.267      0.388    25.4244 0.0000e+00
      0.275      0.002     5.4662     99.422     42.256  42.662133     3.3731      8.155   216.5519 3.1312e+02     2.7385      0.270      0.391    25.4545 0.0000e+00
      0.276      0.000     6.3941    102.382     42.256  42.663269     3.3654      8.155   216.5420 3.0728e+02     2.8456      0.271      0.393    25.4636 0.0000e+00
      0.275     -0.001     7.1729    103.170     42.270  42.675866     3.3780      8.156   216.5414 3.0192e+02     2.9273      0.271      0.392    25.4680 0.0000e+00
      0.274     -0.003     7.7832    102.159     42.284  42.687511     3.4007      8.157   216.5440 2.9823e+02     2.8726      0.269      0.389    25.4722 0.0000e+00
      0.272     -0.004     8.2043    100.187     42.276  42.677116     3.4146      8.159   216.4870 2.9719e+02     2.6969      0.266      0.386    25.4751 0.0000e+00
      0.270     -0.004     8.4497     98.184     42.277  42.677117     3.4127      8.161   216.5405 2.9879e+02     2.5793      0.265      0.384    25.4757 0.0000e+00
      0.270     -0.003     8.5046     96.632     42.287  42.687523     3.4116      8.163   216.6753 3.0148e+02     2.5768      0.265      0.384    25.4743 0.0000e+00
      0.269     -0.003     8.3966     95.558     42.275  42.675992     3.4266      8.164   216.6550 3.0873e+02     2.6332      0.264      0.383    25.4706 0.0000e+00
