Data/DataNotYetUploadedToEDI/Raw_CTD/RawDownloads/090224_fcr20_S7809003.cnv
* Sea-Bird SBE19plus  Data File:
* FileName = C:\R\Reservoirs\Data\DataNotYetUploadedToEDI\Raw_CTD\RawDownloads\090224_fcr50_S7809_0003.hex
* Software version 2.8.0.119
* Temperature SN = 7809
* Conductivity SN = 7809
* System UpLoad Time = Sep 02 2024 17:17:29
* <ApplicationData>
* <Seaterm232>
# nquan = 15
# nvalues = 714                         
# units = specified
# name 0 = depFM: Depth [fresh water, m]
# name 1 = dz/dtM: Descent Rate [m/s]
# name 2 = sbeox0Mg/L: Oxygen, SBE 43 [mg/l]
# name 3 = sbeox0PS: Oxygen, SBE 43 [% saturation]
# name 4 = specc: Specific Conductance [uS/cm]
# name 5 = c0uS/cm: Conductivity [uS/cm]
# name 6 = flECO-AFL: Fluorescence, WET Labs ECO-AFL/FL [mg/m^3]
# name 7 = ph: pH
# name 8 = orp: Oxidation Reduction Potential [mV]
# name 9 = par/sat/log: PAR/Logarithmic, Satlantic
# name 10 = turbWETntu0: Turbidity, WET Labs ECO [NTU]
# name 11 = prdM: Pressure, Strain Gauge [db]
# name 12 = prdE: Pressure, Strain Gauge [psi]
# name 13 = tv290C: Temperature [ITS-90, deg C]
# name 14 = flag:  0.000e+00
# span 0 =     -0.633,      3.020       
# span 1 =     -0.384,      0.227       
# span 2 =     0.0049,     8.5046       
# span 3 =      0.148,    103.170       
# span 4 =      4.959,     63.307       
# span 5 =   4.960780,  56.907884       
# span 6 =    -0.8912,    18.3356       
# span 7 =      7.897,      8.259       
# span 8 =   195.6814,   273.3806       
# span 9 = 4.5343e+01, 2.3466e+03       
# span 10 =    -5.8046,    77.4658      
# span 11 =     -0.623,      2.962      
# span 12 =     -0.902,      4.296      
# span 13 =    19.9060,    25.7903      
# span 14 = 0.0000e+00, 0.0000e+00      
# interval = seconds: 0.25
# start_time = Sep 02 2024 12:38:33 [Instrument's time stamp, header]
# bad_flag = -9.990e-29
*END*
[from data line 675]
      0.339     -0.009     7.4428     89.745     42.319  42.401044     3.8583      8.163   241.3491 7.9926e+02     2.8964      0.335      0.487    25.0929 0.0000e+00
      0.339      0.009     7.4539     89.517     42.292  42.370673     3.8608      8.156   242.3190 6.9352e+02     2.8445      0.334      0.484    25.1130 0.0000e+00
      0.336      0.027     7.4332     89.263     42.289  42.357055     3.9593      8.146   243.0057 6.9362e+02     2.9287      0.327      0.474    25.1137 0.0000e+00
      0.338      0.039     7.4187     88.975     42.318  42.363311     4.1591      8.138   242.9403 7.4163e+02     3.0597      0.328      0.475    25.0958 0.0000e+00
      0.350      0.040     7.4035     88.638     42.364  42.382816     4.2782      8.135   242.2168 7.4853e+02     3.0962      0.339      0.491    25.0885 0.0000e+00
      0.375      0.022     7.3842     88.244     42.395  42.402430     4.2762      8.137   240.9698 7.7234e+02     3.0629      0.366      0.531    25.0911 0.0000e+00
      0.404     -0.016     7.3645     87.749     42.390  42.410031     4.1685      8.142   239.6495 8.0864e+02     2.9645      0.402      0.583    25.0809 0.0000e+00
      0.415     -0.069     7.3462     87.155     42.367  42.411286     4.0075      8.149   238.7283 8.0646e+02     2.9317      0.420      0.610    25.0506 0.0000e+00
      0.391     -0.120     7.3230     86.677     42.355  42.417639     3.9363      8.154   238.1779 8.8790e+02     3.0079      0.398      0.577    25.0091 0.0000e+00
      0.330     -0.157     7.2945     86.524     42.348  42.423404     3.9237      8.159   237.8125 1.0294e+03     3.0316      0.332      0.480    24.9877 0.0000e+00
      0.249     -0.171     7.2540     86.686     42.331  42.417534     3.8380      8.161   237.5802 1.0585e+03     2.9786      0.241      0.349    25.0125 0.0000e+00
      0.178     -0.156     7.1904     87.064     42.314  42.410155     3.6910      8.165   237.4352 1.0097e+03     2.9482      0.161      0.233    25.0508 0.0000e+00
      0.138     -0.117     7.1400     87.586     42.296  42.397669     3.6192      8.167   237.4357 9.4660e+02     2.9715      0.125      0.180    25.0701 0.0000e+00
      0.128     -0.068     7.1287     88.188     42.287  42.393515     3.6195      8.167   237.5858 8.3608e+02     2.9865      0.121      0.176    25.0820 0.0000e+00
      0.133     -0.027     7.1431     88.767     42.310  42.423410     3.6110      8.167   237.4431 7.4127e+02     2.9249      0.129      0.187    25.0976 0.0000e+00
      0.143     -0.015     7.1751     89.224     42.317  42.441782     3.5751      8.169   236.7427 7.2237e+02     2.7737      0.140      0.204    25.1094 0.0000e+00
      0.154     -0.038     7.2179     89.505     42.288  42.425267     3.5183      8.171   236.1730 7.5227e+02     2.6616      0.150      0.219    25.1147 0.0000e+00
      0.161     -0.087     7.2709     89.662     42.273  42.414157     3.4899      8.171   236.3189 8.8906e+02     2.6968      0.164      0.238    25.1191 0.0000e+00
      0.148     -0.146     7.3211     89.824     42.294  42.434398     3.4812      8.175   241.6909 1.3456e+03     2.7553      0.161      0.233    25.1249 0.0000e+00
      0.094     -0.211     7.3576     89.911     42.336  42.479592     3.3302      8.184   247.9527 2.0426e+03     2.7534      0.107      0.154    25.1409 0.0000e+00
      0.007     -0.281     7.3792     89.766     42.359  42.516310     3.0368      8.192   246.8116 2.3466e+03     2.7077      0.005      0.007    25.1604 0.0000e+00
     -0.082     -0.346     7.3815     89.437     42.380  42.561032     2.8553      8.196   244.7578 2.1642e+03     2.6468     -0.089     -0.128    25.1635 0.0000e+00
     -0.165     -0.384     7.4020     89.231     42.429  42.639541     2.7756      8.197   239.0381 2.0352e+03     2.8377     -0.153     -0.222    25.1567 0.0000e+00
     -0.267     -0.383     7.4152     89.289     42.334  42.577016     2.1321      8.199   227.1281 1.9322e+03     5.0156     -0.247     -0.358    25.1593 0.0000e+00
     -0.399     -0.349     7.3996     89.147     40.654  40.916501     0.9343      8.203   220.0906 1.6422e+03     8.8931     -0.392     -0.568    25.1757 0.0000e+00
     -0.527     -0.296     7.3592     88.454     31.612  31.828201     0.2611      8.210   219.1661 1.3284e+03    10.9161     -0.538     -0.781    25.2061 0.0000e+00
     -0.605     -0.231     7.3226     87.471     17.242  17.362205     0.1521      8.220   219.3921 1.1426e+03    10.7209     -0.617     -0.894    25.2404 0.0000e+00
     -0.630     -0.156     7.3479     86.675      9.327   9.390113    -0.1340      8.228   219.8115 9.8555e+02     6.5674     -0.623     -0.902    25.2790 0.0000e+00
     -0.633     -0.085     7.3431     86.307      7.862   7.913139    -0.6264      8.234   220.5372 7.1301e+02    -1.2148     -0.620     -0.899    25.3260 0.0000e+00
     -0.633     -0.032     7.2704     86.163      7.127   7.171079    -0.8912      8.239   221.2828 4.2957e+02    -5.5237     -0.620     -0.901    25.3454 0.0000e+00
     -0.632     -0.006     7.1761     85.855      6.587   6.627203    -0.8885      8.239   221.9436 2.9492e+02    -5.8046     -0.619     -0.898    25.3390 0.0000e+00
     -0.632      0.001     7.1015     85.260      6.432   6.469159    -0.6687      8.243   222.4191 2.6388e+02    -4.4055     -0.620     -0.899    25.3293 0.0000e+00
     -0.632      0.001     7.0822     84.552      6.932   6.970784    -0.2734      8.251   223.1592 2.5019e+02    -1.7927     -0.620     -0.899    25.3157 0.0000e+00
     -0.631      0.001     7.0868     83.907      7.078   7.116805    -0.0616      8.257   225.2147 2.3810e+02    -0.3806     -0.620     -0.898    25.3027 0.0000e+00
     -0.630      0.001     7.0679     83.614      6.803   6.840685    -0.0468      8.259   226.7083 2.2204e+02    -0.2779     -0.618     -0.896    25.2927 0.0000e+00
     -0.630 -9.990e-29     7.0086 -9.990e-29 -9.990e-29 -9.990e-29 -9.990e-29 -9.990e-29 -9.990e-29 2.0609e+02 -9.990e-29     -0.618     -0.896    25.2836 0.0000e+00
     -0.630 -9.990e-29     6.9508 -9.990e-29 -9.990e-29 -9.990e-29 -9.990e-29 -9.990e-29 -9.990e-29 1.9652e+02 -9.990e-29     -0.618     -0.896    25.2752 0.0000e+00
     -0.630 -9.990e-29     6.8907 -9.990e-29 -9.990e-29 -9.990e-29 -9.990e-29 -9.990e-29 -9.990e-29 1.9411e+02 -9.990e-29     -0.618     -0.896    25.2685 0.0000e+00
     -0.630 -9.990e-29     6.8508 -9.990e-29 -9.990e-29 -9.990e-29 -9.990e-29 -9.990e-29 -9.990e-29 1.9423e+02 -9.990e-29     -0.618     -0.896    25.2654 0.0000e+00
