Data/DataNotYetUploadedToEDI/Raw_CTD/RawDownloads/090224_fcr40_S7809005.cnv
* Sea-Bird SBE19plus  Data File:
* FileName = C:\R\Reservoirs\Data\DataNotYetUploadedToEDI\Raw_CTD\RawDownloads\090224_fcr50_S7809_0005.hex
* Software version 2.8.0.119
* Temperature SN = 7809
* Conductivity SN = 7809
* System UpLoad Time = Sep 02 2024 17:18:40
* <ApplicationData>
* <Seaterm232>
# nquan = 15
# nvalues = 1264                        
# units = specified
# name 0 = depFM: Depth [fresh water, m]
# name 1 = dz/dtM: Descent Rate [m/s]
# name 2 = sbeox0Mg/L: Oxygen, SBE 43 [mg/l]
# name 3 = sbeox0PS: Oxygen, SBE 43 [% saturation]
# name 4 = specc: Specific Conductance [uS/cm]
# name 5 = c0uS/cm: Conductivity [uS/cm]
# name 6 = flECO-AFL: Fluorescence, WET Labs ECO-AFL/FL [mg/m^3]
# name 7 = ph: pH
# name 8 = orp: Oxidation Reduction Potential [mV]
# name 9 = par/sat/log: PAR/Logarithmic, Satlantic
# name 10 = turbWETntu0: Turbidity, WET Labs ECO [NTU]
# name 11 = prdM: Pressure, Strain Gauge [db]
# name 12 = prdE: Pressure, Strain Gauge [psi]
# name 13 = tv290C: Temperature [ITS-90, deg C]
# name 14 = flag:  0.000e+00
# span 0 =     -0.633,      6.055       
# span 1 =     -0.362,      0.217       
# span 2 =     0.1070,     8.3105       
# span 3 =      1.116,    101.351       
# span 4 =      5.882,     86.002       
# span 5 =   5.942656,  71.850428       
# span 6 =    -0.0750,    33.1408       
# span 7 =      6.510,      8.446       
# span 8 =   135.0681,   327.3312       
# span 9 = 1.3475e-01, 2.0546e+03       
# span 10 =    -0.4749,   203.1034      
# span 11 =     -0.623,      5.939      
# span 12 =     -0.903,      8.613      
# span 13 =    12.9109,    25.8367      
# span 14 = 0.0000e+00, 0.0000e+00      
# interval = seconds: 0.25
# start_time = Sep 02 2024 12:54:50 [Instrument's time stamp, header]
# bad_flag = -9.990e-29
*END*
[from data line 193]
      0.226     -0.001     7.8289     92.492     42.316  42.934326     2.5534      8.257   176.6070 1.2612e+03     5.3790      0.222      0.322    25.7265 0.0000e+00
      0.226     -0.001     7.7079     92.172     42.299  42.916543     2.5489      8.258   176.7293 1.1622e+03     5.3942      0.222      0.322    25.7266 0.0000e+00
      0.226      0.000     7.6314     91.895     42.310  42.928083     2.5493      8.260   176.9799 1.0200e+03     5.3931      0.222      0.322    25.7272 0.0000e+00
      0.226 -1.847e-08     7.5727     91.715     42.329  42.946915     2.5251      8.262   177.1419 9.9890e+02     5.4002      0.222      0.323    25.7259 0.0000e+00
      0.226 -2.032e-07     7.5348     91.673     42.334  42.953825     2.5058      8.263   177.2258 1.0926e+03     5.4117      0.222      0.322    25.7239 0.0000e+00
      0.226 -2.032e-07     7.5167     91.673     42.328  42.948163     2.4985      8.263   177.3917 1.2233e+03     5.3608      0.221      0.321    25.7242 0.0000e+00
      0.226 -1.850e-08     7.4890     91.670     42.323  42.941929     2.5123      8.263   177.5132 1.2595e+03     5.3661      0.222      0.322    25.7247 0.0000e+00
      0.226 -1.987e-09     7.4712     91.677     42.323  42.941921     2.5472      8.263   177.5766 1.1966e+03     5.4069      0.222      0.322    25.7249 0.0000e+00
      0.226 -3.539e-09     7.4746     91.704     42.329  42.948070     2.5631      8.264   177.6412 1.1454e+03     5.3767      0.222      0.322    25.7254 0.0000e+00
      0.226 -3.727e-08     7.4739     91.731     42.334  42.952801     2.5556      8.266   177.6929 1.1350e+03     5.3419      0.222      0.323    25.7253 0.0000e+00
      0.226 -4.098e-07     7.4734     91.710     42.317  42.935647     2.5051      8.268   177.7709 1.0965e+03     5.3626      0.222      0.322    25.7252 0.0000e+00
      0.226     -0.000     7.4739     91.638     42.312  42.931078     2.4274      8.269   177.8959 1.0710e+03     5.4217      0.222      0.322    25.7250 0.0000e+00
      0.226     -0.000     7.4758     91.518     42.341  42.961025     2.3980      8.270   177.9994 1.1290e+03     5.4756      0.222      0.322    25.7244 0.0000e+00
      0.226     -0.001     7.4813     91.414     42.360  42.980382     2.4005      8.271   178.0767 1.1845e+03     5.5015      0.221      0.321    25.7246 0.0000e+00
      0.226     -0.001     7.4780     91.422     42.355  42.974702     2.3901      8.272   178.1420 1.1687e+03     5.4618      0.221      0.321    25.7253 0.0000e+00
      0.226     -0.001     7.4727     91.507     42.336  42.955830     2.4064      8.272   178.1867 1.1809e+03     5.4050      0.221      0.321    25.7254 0.0000e+00
      0.226     -0.001     7.4623     91.625     42.322  42.942615     2.4636      8.272   178.2728 1.3280e+03     5.4302      0.221      0.321    25.7256 0.0000e+00
      0.225     -0.001     7.4468     91.725     42.321  42.941869     2.5081      8.274   178.4948 1.5672e+03     5.4596      0.220      0.319    25.7259 0.0000e+00
      0.225     -0.000     7.4523     91.734     42.326  42.946806     2.5199      8.276   178.7204 1.5728e+03     5.4182      0.220      0.320    25.7259 0.0000e+00
      0.225      0.000     7.4593     91.700     42.318  42.938837     2.4979      8.278   178.7630 1.3579e+03     5.4077      0.221      0.321    25.7261 0.0000e+00
      0.225      0.000     7.4691     91.695     42.289  42.908988     2.4575      8.278   178.7519 1.2996e+03     5.5042      0.220      0.320    25.7262 0.0000e+00
      0.225      0.001     7.4828     91.691     42.284  42.903256     2.4476      8.279   178.8441 1.2273e+03     5.6286      0.220      0.320    25.7266 0.0000e+00
      0.225      0.002     7.4797     91.656     42.315  42.933005     2.4534      8.280   179.1033 1.1005e+03     5.6819      0.221      0.321    25.7275 0.0000e+00
      0.225      0.003     7.4738     91.604     42.336  42.951313     2.4027      8.281   179.3908 1.1234e+03     5.6017      0.222      0.322    25.7278 0.0000e+00
      0.225      0.004     7.4755     91.570     42.322  42.934203     2.3100      8.282   179.4798 1.2339e+03     5.4107      0.221      0.321    25.7283 0.0000e+00
      0.227      0.004     7.4768     91.553     42.307  42.916533     2.2726      8.284   179.4923 1.3505e+03     5.3201      0.222      0.322    25.7267 0.0000e+00
      0.230      0.003     7.4733     91.536     42.321  42.928084     2.2913      8.284   179.5422 1.3286e+03     5.3936      0.225      0.327    25.7238 0.0000e+00
      0.232      0.001     7.4684     91.522     42.344  42.946918     2.3283      8.285   179.5666 1.1361e+03     5.4804      0.228      0.331    25.7201 0.0000e+00
      0.232      0.000     7.4658     91.506     42.355  42.953828     2.3707      8.286   179.6148 9.8356e+02     5.4811      0.228      0.330    25.7165 0.0000e+00
      0.230     -0.002     7.4664     91.505     42.353  42.948156     2.3792      8.288   179.6950 1.0654e+03     5.4019      0.226      0.328    25.7152 0.0000e+00
      0.228     -0.002     7.4638     91.518     42.349  42.941809     2.3727      8.288   179.8480 1.2769e+03     5.3765      0.224      0.324    25.7109 0.0000e+00
      0.226     -0.002     7.4651     91.513     42.349  42.940551     2.3589      8.288   180.0876 1.4246e+03     5.4471      0.222      0.321    25.7059 0.0000e+00
      0.226     -0.001     7.4630     91.505     42.344  42.932946     2.3204      8.289   180.3561 1.4024e+03     5.5051      0.221      0.321    25.7014 0.0000e+00
      0.226      0.001     7.4630     91.511     42.329  42.913334     2.2903      8.290   180.5130 1.2350e+03     5.4625      0.221      0.321    25.6950 0.0000e+00
      0.227      0.003     7.4677     91.524     42.314  42.893826     2.2695      8.291   180.5221 1.1701e+03     5.3411      0.223      0.323    25.6921 0.0000e+00
      0.228      0.004     7.4647     91.530     42.311  42.887478     2.2521      8.291   180.6379 1.2466e+03     5.2676      0.224      0.325    25.6928 0.0000e+00
      0.230      0.004     7.4646     91.508     42.324  42.900058     2.2710      8.291   180.8806 1.2275e+03     5.3260      0.226      0.327    25.6899 0.0000e+00
      0.231      0.004     7.4661     91.464     42.343  42.918975     2.3154      8.292   181.0474 1.1294e+03     5.4324      0.227      0.329    25.6842 0.0000e+00
      0.231      0.004     7.4682     91.422     42.349  42.925790     2.3312      8.294   181.1055 1.1618e+03     5.4264      0.227      0.329    25.6790 0.0000e+00
      0.232      0.003     7.4703     91.393     42.344  42.918985     2.3203      8.295   181.1534 1.2756e+03     5.3558      0.227      0.330    25.6740 0.0000e+00
      0.234      0.003     7.4684     91.397     42.326  42.900162     2.3337      8.296   181.1966 1.3047e+03     5.3644      0.229      0.333    25.6725 0.0000e+00
      0.235      0.002     7.4635     91.443     42.315  42.888623     2.3767      8.297   181.2836 1.2592e+03     5.4279      0.231      0.335    25.6747 0.0000e+00
      0.235      0.002     7.4601     91.493     42.333  42.906415     2.4065      8.297   181.4308 1.2773e+03     5.4741      0.231      0.335    25.6749 0.0000e+00
      0.235      0.001     7.4578     91.507     42.352  42.924865     2.4035      8.298   181.5139 1.2871e+03     5.4451      0.231      0.335    25.6727 0.0000e+00
      0.235      0.000     7.4568     91.469     42.349  42.921283     2.3566      8.298   181.6002 1.2305e+03     5.3838      0.230      0.334    25.6716 0.0000e+00
      0.235 -1.692e-08     7.4629     91.423     42.354  42.926580     2.2975      8.298   181.6998 1.2327e+03     5.3824      0.231      0.335    25.6715 0.0000e+00
      0.235 -1.861e-07     7.4676     91.432     42.352  42.925436     2.2800      8.298   181.7722 1.1887e+03     5.4288      0.230      0.334    25.6717 0.0000e+00
      0.235      0.000     7.4695     91.444     42.332  42.907455     2.2776      8.298   181.9591 1.1256e+03     5.4663      0.230      0.334    25.6714 0.0000e+00
      0.235      0.000     7.4661     91.416     42.323  42.899581     2.2601      8.298   182.1521 1.0901e+03     5.4254      0.230      0.334    25.6699 0.0000e+00
      0.235     -0.001     7.4576     91.406     42.316  42.893710     2.2434      8.298   182.2134 9.7284e+02     5.3789      0.230      0.334    25.6690 0.0000e+00
      0.235     -0.001     7.4620     91.437     42.322  42.899943     2.2509      8.298   182.2694 8.7176e+02     5.4165      0.230      0.333    25.6707 0.0000e+00
      0.235     -0.001     7.4650     91.467     42.333  42.911472     2.2681      8.298   182.3995 9.0142e+02     5.4701      0.230      0.334    25.6739 0.0000e+00
      0.235     -0.001     7.4582     91.414     42.328  42.906164     2.2597      8.299   182.5812 9.4839e+02     5.4800      0.230      0.334    25.6754 0.0000e+00
      0.234     -0.001     7.4577     91.303     42.320  42.899236     2.2317      8.300   182.7466 9.0441e+02     5.4336      0.229      0.333    25.6758 0.0000e+00
      0.233     -0.001     7.4605     91.244     42.312  42.891181     2.2044      8.300   182.8506 9.4563e+02     5.3538      0.228      0.330    25.6766 0.0000e+00
      0.232     -0.001     7.4669     91.231     42.294  42.872244     2.1964      8.299   182.9777 1.0687e+03     5.3345      0.227      0.329    25.6764 0.0000e+00
      0.232     -0.001     7.4633     91.230     42.284  42.860685     2.2094      8.299   183.1653 1.2430e+03     5.3714      0.228      0.331    25.6764 0.0000e+00
      0.232     -0.001     7.4459     91.237     42.303  42.878364     2.2205      8.299   183.3977 1.5913e+03     5.3904      0.229      0.332    25.6781 0.0000e+00
      0.232     -0.001     7.4450     91.227     42.322  42.895575     2.2143      8.298   183.6363 1.7346e+03     5.3934      0.229      0.332    25.6795 0.0000e+00
      0.231     -0.001     7.4440     91.172     42.307  42.878363     2.1921      8.296   183.8134 1.5681e+03     5.3725      0.227      0.330    25.6775 0.0000e+00
      0.231     -0.001     7.4443     91.172     42.292  42.860675     2.1856      8.294   183.9908 1.3917e+03     5.3773      0.227      0.329    25.6755 0.0000e+00
      0.230     -0.001     7.4454     91.318     42.305  42.872121     2.1852      8.294   184.1454 1.2018e+03     5.3833      0.226      0.328    25.6748 0.0000e+00
      0.230     -0.000     7.4472     91.429     42.323  42.889810     2.1708      8.292   184.1348 1.0694e+03     5.3424      0.226      0.328    25.6718 0.0000e+00
      0.231     -0.000     7.4410     91.387     42.318  42.884131     2.1608      8.290   184.0346 1.0331e+03     5.3270      0.227      0.329    25.6685 0.0000e+00
      0.231     -0.001     7.4319     91.297     42.303  42.866929     2.1481      8.288   184.1391 1.1271e+03     5.3338      0.227      0.329    25.6666 0.0000e+00
      0.231     -0.002     7.4566     91.244     42.310  42.872237     2.1589      8.287   184.4517 1.2408e+03     5.3553      0.227      0.330    25.6644 0.0000e+00
      0.230     -0.003     7.4688     91.172     42.321  42.884837     2.1909      8.286   184.7171 1.2003e+03     5.3489      0.227      0.329    25.6633 0.0000e+00
      0.229     -0.005     7.4604     91.073     42.326  42.892327     2.2021      8.284   184.9385 1.2193e+03     5.2907      0.225      0.326    25.6629 0.0000e+00
      0.228     -0.005     7.4489     91.015     42.331  42.899341     2.2033      8.282   185.2354 1.3108e+03     5.2661      0.223      0.324    25.6600 0.0000e+00
      0.227     -0.005     7.4497     90.971     42.336  42.906174     2.2053      8.281   185.4684 1.2986e+03     5.3243      0.223      0.323    25.6576 0.0000e+00
      0.224     -0.004     7.4442     90.946     42.341  42.911472     2.2098      8.280   185.5176 1.3332e+03     5.4148      0.220      0.319    25.6600 0.0000e+00
      0.223     -0.004     7.4298     90.987     42.328  42.899932     2.2073      8.279   185.5721 1.4027e+03     5.4023      0.218      0.316    25.6648 0.0000e+00
      0.223     -0.004     7.4292     91.079     42.319  42.893586     2.2001      8.280   185.6121 1.3758e+03     5.3449      0.219      0.317    25.6666 0.0000e+00
      0.223     -0.004     7.4248     91.187     42.322  42.898217     2.1894      8.282   185.4850 1.3223e+03     5.3361      0.220      0.319    25.6663 0.0000e+00
      0.222     -0.005     7.4195     91.295     42.315  42.892451     2.1700      8.283   185.4113 1.1879e+03     5.3636      0.219      0.317    25.6677 0.0000e+00
      0.221     -0.006     7.4246     91.406     42.310  42.887343     2.1653      8.284   185.4954 1.1229e+03     5.4376      0.217      0.315    25.6697 0.0000e+00
      0.219     -0.006     7.4320     91.483     42.321  42.899932     2.1652      8.284   185.6414 1.1052e+03     5.4461      0.214      0.311    25.6723 0.0000e+00
      0.216     -0.005     7.4414     91.508     42.336  42.917725     2.1518      8.284   185.8001 9.0366e+02     5.3635      0.212      0.307    25.6761 0.0000e+00
      0.214     -0.004     7.4494     91.541     42.327  42.912064     2.1376      8.285   185.9514 9.2182e+02     5.3271      0.210      0.303    25.6774 0.0000e+00
      0.213     -0.002     7.4587     91.527     42.307  42.894967     2.1344      8.287   186.1803 1.1376e+03     5.3824      0.208      0.301    25.6763 0.0000e+00
      0.213     -0.001     7.4697     91.493     42.311  42.901418     2.1465      8.287   186.3308 1.0817e+03     5.4509      0.208      0.302    25.6775 0.0000e+00
      0.214      0.000     7.4624     91.504     42.333  42.926598     2.1507      8.288   186.2223 9.8167e+02     5.4376      0.210      0.305    25.6815 0.0000e+00
      0.215      0.002     7.4721     91.507     42.350  42.945533     2.1515      8.290   186.0729 9.7755e+02     5.3583      0.212      0.307    25.6860 0.0000e+00
      0.215      0.002     7.4685     91.508     42.343  42.939958     2.1732      8.292   185.9875 1.0546e+03     5.3128      0.211      0.306    25.6899 0.0000e+00
      0.215      0.002     7.4592     91.474     42.324  42.922663     2.1970      8.294   185.9640 1.1874e+03     5.3309      0.210      0.304    25.6920 0.0000e+00
      0.215      0.002     7.4676     91.365     42.326  42.926826     2.2150      8.295   186.0469 1.1359e+03     5.3727      0.210      0.305    25.6942 0.0000e+00
      0.216      0.002     7.4627     91.296     42.324  42.926826     2.2071      8.296   186.1294 1.0159e+03     5.3740      0.212      0.308    25.6964 0.0000e+00
      0.217      0.007     7.4649     91.361     42.318  42.922674     2.1681      8.296   186.6164 1.0658e+03     5.3463      0.214      0.310    25.6986 0.0000e+00
      0.217      0.018     7.4651     91.472     42.333  42.940094     2.1426      8.291   187.6344 1.2073e+03     5.3458      0.212      0.308    25.7014 0.0000e+00
      0.217      0.033     7.4506     91.552     42.335  42.947030     2.1488      8.285   188.3710 1.2088e+03     5.3678      0.214      0.309    25.7038 0.0000e+00
      0.220      0.045     7.4395     91.625     42.325  42.943077     2.1934      8.281   188.6389 1.1209e+03     5.4750      0.213      0.309    25.7061 0.0000e+00
      0.235      0.053     7.4500     91.692     42.331  42.955780     2.2405      8.280   188.8089 1.4054e+03     5.5836      0.221      0.321    25.7082 0.0000e+00
      0.265      0.054     7.4620     91.736     42.344  42.973686     2.2433      8.280   188.9636 1.7641e+03     5.5528      0.263      0.381    25.7108 0.0000e+00
      0.292      0.050     7.4646     91.786     42.335  42.969169     2.2362      8.281   189.0471 1.4754e+03     5.5130      0.295      0.428    25.7158 0.0000e+00
      0.303      0.042     7.4701     91.854     42.327  42.964652     2.2380      8.282   189.1291 1.1226e+03     5.5119      0.300      0.435    25.7246 0.0000e+00
      0.304      0.030     7.4759     91.928     42.344  42.982539     2.2315      8.284   189.2677 1.3363e+03     5.4715      0.299      0.434    25.7321 0.0000e+00
