Data/DataNotYetUploadedToEDI/Raw_CTD/RawDownloads/090224_fcr10_S7809002.cnv
* Sea-Bird SBE19plus  Data File:
* FileName = C:\R\Reservoirs\Data\DataNotYetUploadedToEDI\Raw_CTD\RawDownloads\090224_fcr50_S7809_0002.hex
* Software version 2.8.0.119
* Temperature SN = 7809
* Conductivity SN = 7809
* System UpLoad Time = Sep 02 2024 17:17:08
* <ApplicationData>
* <Seaterm232>
# nquan = 15
# nvalues = 885                         
# units = specified
# name 0 = depFM: Depth [fresh water, m]
# name 1 = dz/dtM: Descent Rate [m/s]
# name 2 = sbeox0Mg/L: Oxygen, SBE 43 [mg/l]
# name 3 = sbeox0PS: Oxygen, SBE 43 [% saturation]
# name 4 = specc: Specific Conductance [uS/cm]
# name 5 = c0uS/cm: Conductivity [uS/cm]
# name 6 = flECO-AFL: Fluorescence, WET Labs ECO-AFL/FL [mg/m^3]
# name 7 = ph: pH
# name 8 = orp: Oxidation Reduction Potential [mV]
# name 9 = par/sat/log: PAR/Logarithmic, Satlantic
# name 10 = turbWETntu0: Turbidity, WET Labs ECO [NTU]
# name 11 = prdM: Pressure, Strain Gauge [db]
# name 12 = prdE: Pressure, Strain Gauge [psi]
# name 13 = tv290C: Temperature [ITS-90, deg C]
# name 14 = flag:  0.000e+00
# span 0 =     -0.638,      2.694       
# span 1 =     -0.318,      0.278       
# span 2 =    -0.0782,     8.3458       
# span 3 =     -0.748,    102.422       
# span 4 =      0.656,     56.000       
# span 5 =   0.718808,  53.747769       
# span 6 =    -0.1082,    18.8875       
# span 7 =      5.970,      7.854       
# span 8 = -1240.7455,   390.9622       
# span 9 = 8.4089e+00, 1.6958e+03       
# span 10 =    -0.2648,    97.4342      
# span 11 =     -0.626,      2.644      
# span 12 =     -0.908,      3.835      
# span 13 =    22.9054,    29.8920      
# span 14 = 0.0000e+00, 0.0000e+00      
# interval = seconds: 0.25
# start_time = Sep 02 2024 12:27:45 [Instrument's time stamp, header]
# bad_flag = -9.990e-29
*END*
[from data line 97]
      0.464 7.4827e-10     5.3566     62.793     42.927  43.559600     3.5882      7.228   174.5885 6.4627e+02     5.7186      0.455      0.660    25.6954 0.0000e+00
      0.465 8.2309e-09     5.2982     62.025     42.942  43.582786     3.5905      7.232   175.0528 7.4679e+02     5.7137      0.456      0.661    25.7035 0.0000e+00
      0.465 9.0540e-08     5.2383     61.296     42.949  43.598740     3.5694      7.236   175.5473 8.1827e+02     5.6256      0.456      0.661    25.7122 0.0000e+00
      0.465 9.9594e-07     5.1802     60.633     42.967  43.625559     3.5335      7.239   176.0083 8.1607e+02     5.6106      0.456      0.661    25.7215 0.0000e+00
      0.464      0.000     5.1215     60.000     42.987  43.653170     3.5235      7.241   176.4964 8.4726e+02     5.7025      0.455      0.660    25.7307 0.0000e+00
      0.464      0.000     5.0530     59.373     43.005  43.678693     3.5396      7.244   176.8880 8.3980e+02     5.7455      0.455      0.660    25.7404 0.0000e+00
      0.464      0.001     4.9931     58.788     43.000  43.680276     3.5444      7.248   177.1295 7.9910e+02     5.7555      0.456      0.661    25.7501 0.0000e+00
      0.464      0.004     4.9393     58.285     42.987  43.672322     3.5234      7.253   177.5235 8.3129e+02     5.8232      0.455      0.660    25.7597 0.0000e+00
      0.464      0.008     4.8885     57.860     43.020  43.709480     3.5100      7.257   178.0382 8.4333e+02     5.9145      0.455      0.659    25.7693 0.0000e+00
      0.466      0.010     4.8349     57.515     43.053  43.748719     3.5236      7.261   178.3630 7.6791e+02     5.9716      0.456      0.661    25.7782 0.0000e+00
      0.470      0.011     4.7844     57.260     43.061  43.765914     3.5552      7.265   178.6111 6.8937e+02     6.0012      0.460      0.667    25.7857 0.0000e+00
      0.476      0.011     4.7446     57.115     43.074  43.790453     3.5764      7.268   178.9740 7.1349e+02     5.9647      0.467      0.678    25.7912 0.0000e+00
      0.481      0.010     4.7085     57.086     43.063  43.791540     3.5717      7.273   179.3947 7.8736e+02     5.8723      0.472      0.685    25.7948 0.0000e+00
      0.482      0.007     4.6808     57.136     43.039  43.779065     3.5730      7.278   179.7400 7.7071e+02     5.8738      0.473      0.686    25.8001 0.0000e+00
      0.482      0.005     4.6576     57.219     43.018  43.766589     3.5832      7.283   180.0513 7.3249e+02     5.9492      0.473      0.686    25.8107 0.0000e+00
      0.482      0.003     4.6444     57.323     43.013  43.767658     3.6042      7.287   180.4047 7.4303e+02     5.9977      0.473      0.687    25.8252 0.0000e+00
      0.481      0.003     4.6421     57.421     43.032  43.792000     3.6357      7.289   180.7438 7.4133e+02     5.9829      0.472      0.685    25.8396 0.0000e+00
      0.481      0.003     4.6472     57.501     43.042  43.807010     3.6390      7.290   181.0541 7.0828e+02     5.9068      0.471      0.683    25.8534 0.0000e+00
      0.483      0.003     4.6521     57.619     43.050  43.822212     3.6364      7.292   181.3174 7.2720e+02     5.8973      0.474      0.687    25.8654 0.0000e+00
      0.486      0.002     4.6609     57.802     43.067  43.848869     3.6364      7.295   181.5179 7.6457e+02     5.9024      0.478      0.693    25.8727 0.0000e+00
      0.487      0.000     4.6704     58.023     43.082  43.875432     3.6149      7.299   181.6722 7.0482e+02     5.8310      0.479      0.695    25.8762 0.0000e+00
      0.486     -0.001     4.6728     58.254     43.087  43.889499     3.5925      7.303   181.8915 6.3851e+02     5.7519      0.478      0.692    25.8809 0.0000e+00
      0.484     -0.002     4.6814     58.475     43.082  43.892015     3.5735      7.306   182.2766 6.2486e+02     5.6635      0.475      0.689    25.8895 0.0000e+00
      0.482     -0.002     4.6963     58.676     43.089  43.905864     3.5687      7.309   182.7148 6.3403e+02     5.6170      0.473      0.686    25.9015 0.0000e+00
      0.481     -0.001     4.7142     58.878     43.106  43.930004     3.5852      7.314   183.0602 6.4304e+02     5.6670      0.471      0.684    25.9149 0.0000e+00
      0.483      0.001     4.7322     59.095     43.097  43.930014     3.5977      7.318   183.3547 6.2916e+02     5.7214      0.472      0.686    25.9264 0.0000e+00
      0.485      0.002     4.7503     59.317     43.066  43.905996     3.5870      7.323   183.6947 6.3746e+02     5.6931      0.475      0.689    25.9343 0.0000e+00
      0.485      0.002     4.7649     59.512     43.046  43.893519     3.5630      7.328   183.9886 7.1416e+02     5.6668      0.476      0.690    25.9409 0.0000e+00
      0.486      0.002     4.7799     59.632     43.051  43.906118     3.5655      7.332   184.1551 7.8899e+02     5.7793      0.476      0.691    25.9497 0.0000e+00
      0.486      0.001     4.7973     59.692     43.071  43.931393     3.5841      7.336   184.3301 7.6261e+02     5.9613      0.477      0.692    25.9600 0.0000e+00
      0.486      0.001     4.8147     59.728     43.080  43.945222     3.5971      7.340   184.5561 6.9338e+02     6.0221      0.476      0.691    25.9706 0.0000e+00
      0.486      0.001     4.8323     59.743     43.077  43.946376     3.5975      7.344   184.7366 6.5536e+02     5.9343      0.477      0.692    25.9800 0.0000e+00
      0.486      0.001     4.8405     59.733     43.072  43.945359     3.5802      7.348   184.8782 6.3872e+02     5.8223      0.476      0.691    25.9873 0.0000e+00
      0.487      0.001     4.8431     59.715     43.057  43.932933     3.5793      7.352   185.0640 6.5434e+02     5.8289      0.477      0.692    25.9932 0.0000e+00
      0.487      0.002     4.8460     59.706     43.044  43.923078     3.5954      7.356   185.3482 6.8413e+02     5.9453      0.477      0.692    25.9977 0.0000e+00
      0.487      0.003     4.8472     59.688     43.071  43.953161     3.5919      7.359   185.6471 7.1348e+02     5.9653      0.478      0.693    26.0020 0.0000e+00
      0.488      0.002     4.8454     59.676     43.092  43.979295     3.5959      7.362   185.8384 7.6438e+02     5.8665      0.478      0.693    26.0063 0.0000e+00
      0.490      0.000     4.8424     59.762     43.026  43.921696     3.6431      7.363   186.1981 8.3431e+02     5.8093      0.479      0.695    26.0110 0.0000e+00
      0.492     -0.001     4.8425     59.931     42.921  43.828022     3.6873      7.363   186.8135 8.6815e+02     5.8550      0.483      0.701    26.0155 0.0000e+00
      0.492      0.001     4.8416     60.014     42.885  43.798825     3.6973      7.363   187.2562 7.9864e+02     5.9405      0.486      0.704    26.0175 0.0000e+00
      0.487      0.004     4.8354     59.931     42.906  43.822581     3.6819      7.361   187.5928 7.0450e+02     5.9208      0.478      0.692    26.0194 0.0000e+00
      0.482      0.008     4.8410     59.755     42.936  43.861365     3.6512      7.360   187.9583 7.1076e+02     5.7869      0.469      0.681    26.0302 0.0000e+00
      0.486      0.011     4.8608     59.604     42.946  43.886920     3.6255      7.362   188.1473 7.4424e+02     5.6545      0.475      0.689    26.0535 0.0000e+00
      0.496      0.013     4.8687     59.552     42.924  43.877692     3.6294      7.365   188.1575 7.0643e+02     5.6515      0.487      0.706    26.0652 0.0000e+00
      0.504      0.013     4.8592     59.557     42.915  43.876767     3.6899      7.369   188.1673 6.6448e+02     5.8196      0.496      0.719    26.0574 0.0000e+00
      0.508      0.011     4.8412     59.507     42.911  43.875747     3.7748      7.373   188.3520 6.6890e+02     5.9788      0.500      0.725    26.0650 0.0000e+00
      0.508      0.008     4.8231     59.349     42.902  43.865372     3.8065      7.377   188.6703 7.0277e+02     6.0046      0.499      0.724    26.0913 0.0000e+00
      0.506      0.004     4.8193     59.114     42.917  43.878257     3.7896      7.380   188.9182 7.0798e+02     5.9266      0.495      0.720    26.1086 0.0000e+00
      0.505      0.002     4.8233     58.856     42.942  43.904592     3.7533      7.384   189.0262 6.6608e+02     5.8909      0.493      0.716    26.1154 0.0000e+00
      0.506      0.002     4.8206     58.605     42.962  43.929877     3.7012      7.389   189.1154 6.4134e+02     5.9829      0.496      0.719    26.1192 0.0000e+00
      0.508      0.003     4.8067     58.368     42.955  43.930094     3.6677      7.394   189.2228 6.3982e+02     6.0139      0.499      0.724    26.1170 0.0000e+00
      0.510      0.003     4.7860     58.154     42.925  43.907229     3.6472      7.397   189.2914 6.5958e+02     5.9584      0.500      0.726    26.1112 0.0000e+00
      0.511      0.003     4.7646     57.994     42.917  43.907334     3.6278      7.402   189.4295 7.0611e+02     5.9269      0.501      0.728    26.1111 0.0000e+00
      0.512      0.002     4.7432     57.891     42.934  43.931369     3.6329      7.407   189.6876 7.2456e+02     5.9402      0.502      0.729    26.1184 0.0000e+00
      0.512      0.001     4.7238     57.797     42.940  43.943949     3.6514      7.410   189.9171 6.9623e+02     6.0161      0.502      0.728    26.1285 0.0000e+00
      0.512      0.001     4.7038     57.675     42.924  43.932494     3.6589      7.413   190.0531 6.5050e+02     6.0589      0.502      0.728    26.1388 0.0000e+00
      0.511      0.001     4.6898     57.515     42.909  43.919827     3.6489      7.416   190.2141 6.0693e+02     5.9799      0.501      0.727    26.1480 0.0000e+00
      0.511      0.001     4.6828     57.307     42.904  43.917746     3.6399      7.419   190.4869 5.9138e+02     5.8123      0.501      0.726    26.1563 0.0000e+00
      0.512      0.002     4.6760     57.061     42.890  43.907341     3.6654      7.422   190.7694 6.0142e+02     5.7065      0.502      0.728    26.1633 0.0000e+00
      0.513      0.002     4.6652     56.816     42.899  43.920970     3.7000      7.426   190.9639 5.9956e+02     5.7250      0.503      0.730    26.1682 0.0000e+00
      0.514      0.002     4.6528     56.606     42.928  43.955591     3.7090      7.430   191.0309 5.8127e+02     5.7625      0.504      0.731    26.1721 0.0000e+00
      0.514      0.001     4.6356     56.440     42.913  43.945109     3.6902      7.433   191.0639 5.8272e+02     5.7501      0.505      0.732    26.1757 0.0000e+00
      0.514      0.001     4.6136     56.301     42.885  43.921187     3.6487      7.436   191.1914 6.0623e+02     5.6776      0.504      0.732    26.1791 0.0000e+00
      0.514      0.001     4.5928     56.182     42.879  43.920249     3.6311      7.439   191.3669 6.0415e+02     5.6371      0.504      0.731    26.1833 0.0000e+00
      0.514      0.000     4.5745     56.077     42.887  43.933783     3.6432      7.443   191.5517 5.7071e+02     5.6714      0.504      0.731    26.1897 0.0000e+00
      0.515 4.0640e-08     4.5619     55.991     42.904  43.957886     3.6376      7.447   191.7046 5.4393e+02     5.6820      0.505      0.732    26.1965 0.0000e+00
      0.515 4.4704e-07     4.5496     55.922     42.899  43.957789     3.6042      7.450   191.7527 5.3389e+02     5.6283      0.505      0.733    26.2020 0.0000e+00
      0.515      0.000     4.5404     55.834     42.870  43.932618     3.5729      7.454   191.7899 5.3940e+02     5.5686      0.506      0.733    26.2074 0.0000e+00
      0.514      0.000     4.5310     55.702     42.843  43.907447     3.5755      7.457   191.9821 5.5111e+02     5.6092      0.504      0.731    26.2138 0.0000e+00
      0.513      0.001     4.5228     55.528     42.841  43.907352     3.5851      7.459   192.2696 5.5488e+02     5.7781      0.503      0.729    26.2216 0.0000e+00
      0.514      0.002     4.5186     55.333     42.863  43.931474     3.5648      7.462   192.5128 5.5494e+02     5.9362      0.503      0.730    26.2292 0.0000e+00
      0.515      0.002     4.5116     55.167     42.873  43.945207     3.5376      7.465   192.6855 5.5603e+02     5.9497      0.504      0.732    26.2339 0.0000e+00
      0.516      0.002     4.5005     55.051     42.868  43.946454     3.5149      7.469   192.8099 5.5042e+02     5.8732      0.506      0.734    26.2362 0.0000e+00
      0.518      0.001     4.4861     54.958     42.863  43.946556     3.4984      7.472   192.8977 5.3875e+02     5.7637      0.508      0.736    26.2377 0.0000e+00
      0.518      0.001     4.4683     54.870     42.858  43.946449     3.5048      7.474   193.0591 5.4028e+02     5.6500      0.508      0.737    26.2400 0.0000e+00
      0.517      0.001     4.4532     54.760     42.854  43.945164     3.5245      7.475   193.2982 5.5657e+02     5.6252      0.507      0.735    26.2444 0.0000e+00
      0.516      0.000     4.4456     54.643     42.837  43.931024     3.5287      7.476   193.3799 5.6386e+02     5.6347      0.505      0.732    26.2509 0.0000e+00
      0.516     -0.001     4.4370     54.588     42.804  43.902439     3.5139      7.479   193.4448 5.5467e+02     5.6287      0.504      0.732    26.2590 0.0000e+00
      0.517     -0.001     4.4302     54.587     42.749  43.853452     3.5037      7.483   193.6513 5.4468e+02     5.6551      0.508      0.737    26.2654 0.0000e+00
      0.518      0.000     4.4228     54.567     42.493  43.592639     3.5059      7.484   193.8988 5.4253e+02     5.6805      0.509      0.737    26.2672 0.0000e+00
      0.517      0.000     4.4073     54.682     42.104  43.160942     3.5152      7.485   194.2002 5.4390e+02     5.6967      0.507      0.735    26.2680 0.0000e+00
      0.514     -0.001     4.4057     56.202     41.999  42.949923     3.5171      7.485   194.4556 5.5159e+02     5.6792      0.503      0.731    26.2768 0.0000e+00
      0.514     -0.003     4.4041     60.936     42.139  42.945244     3.5205      7.483   194.7497 5.5809e+02     5.6064      0.502      0.730    26.2862 0.0000e+00
      0.517     -0.006     4.4080     68.632     42.293  42.977194     3.5395      7.480   195.1752 5.4141e+02     5.5681      0.508      0.736    26.2976 0.0000e+00
      0.518     -0.007     4.3863     76.948     42.407  43.018688     3.5545      7.478   195.4703 5.3166e+02     5.6261      0.509      0.739    26.2884 0.0000e+00
      0.514     -0.007     4.4341     83.956     42.428  43.002528     3.5685      7.478   195.6508 5.5367e+02     5.7266      0.506      0.734    26.1524 0.0000e+00
      0.507     -0.006     4.8471     89.193     42.420  42.972168     3.5683      7.478   195.8954 5.6658e+02     5.7929      0.497      0.721    25.9321 0.0000e+00
      0.502     -0.004     5.5802     92.763     42.437  42.968937     3.5349      7.478   196.1899 5.6754e+02     5.8468      0.490      0.711    25.7777 0.0000e+00
      0.502     -0.001     6.3275     94.687     42.453  42.963424     3.5059      7.477   196.4592 5.6792e+02     5.8994      0.492      0.712    25.7004 0.0000e+00
      0.506      0.003     6.9036     94.957     42.475  42.968955     3.5010      7.476   196.7418 5.6019e+02     5.9512      0.495      0.719    25.6674 0.0000e+00
      0.511      0.006     7.3273     93.848     42.486  42.972307     3.5256      7.476   197.1123 5.5804e+02     5.9949      0.501      0.727    25.6465 0.0000e+00
      0.514      0.006     7.6242     92.153     42.460  42.940468     3.5619      7.475   197.4971 5.5223e+02     5.9501      0.505      0.732    25.6210 0.0000e+00
      0.515      0.005     7.7851     90.607     42.431  42.901347     3.5737      7.473   197.7811 5.4125e+02     5.8535      0.505      0.733    25.5932 0.0000e+00
      0.514      0.003     7.8101     89.473     42.425  42.880114     3.5769      7.472   197.8782 5.3685e+02     5.8175      0.504      0.731    25.5705 0.0000e+00
      0.513      0.002     7.6883     88.696     42.433  42.874134     3.6003      7.473   197.9822 5.3733e+02     5.7873      0.503      0.730    25.5633 0.0000e+00
