Data/DataNotYetUploadedToEDI/Raw_CTD/RawDownloads/090522_fcr50_S7809002.cnv
* Sea-Bird SBE19plus  Data File:
* FileName = C:\R\Reservoirs\Data\DataNotYetUploadedToEDI\Raw_CTD\RawDownloads\090522_bvr50_S7809_0002.hex
* Software version 2.8.0.119
* Temperature SN = 7809
* Conductivity SN = 7809
* System UpLoad Time = Sep 05 2022 15:41:14
* <ApplicationData>
* <Seaterm232>
# nquan = 15
# nvalues = 2105                        
# units = specified
# name 0 = depFM: Depth [fresh water, m]
# name 1 = dz/dtM: Descent Rate [m/s]
# name 2 = sbeox0Mg/L: Oxygen, SBE 43 [mg/l]
# name 3 = sbeox0PS: Oxygen, SBE 43 [% saturation]
# name 4 = specc: Specific Conductance [uS/cm]
# name 5 = c0uS/cm: Conductivity [uS/cm]
# name 6 = flECO-AFL: Fluorescence, WET Labs ECO-AFL/FL [mg/m^3]
# name 7 = ph: pH
# name 8 = orp: Oxidation Reduction Potential [mV]
# name 9 = par/sat/log: PAR/Logarithmic, Satlantic
# name 10 = turbWETntu0: Turbidity, WET Labs ECO [NTU]
# name 11 = prdM: Pressure, Strain Gauge [db]
# name 12 = prdE: Pressure, Strain Gauge [psi]
# name 13 = tv290C: Temperature [ITS-90, deg C]
# name 14 = flag:  0.000e+00
# span 0 =     -0.641,      9.535       
# span 1 =     -0.358,      0.126       
# span 2 =     0.0176,     7.0747       
# span 3 =      0.175,     85.184       
# span 4 =      0.225,    511.320       
# span 5 =   0.211629, 376.907709       
# span 6 =    -0.1562,    81.8612       
# span 7 =      6.670,      8.589       
# span 8 =    20.0066,   247.6387       
# span 9 = 1.2358e-01, 1.7305e+02       
# span 10 =    -0.3513,   957.5902      
# span 11 =     -0.630,      9.352      
# span 12 =     -0.914,     13.563      
# span 13 =    11.6537,    25.2299      
# span 14 = 0.0000e+00, 0.0000e+00      
# interval = seconds: 0.25
# start_time = Sep 05 2022 09:09:47 [Instrument's time stamp, header]
# bad_flag = -9.990e-29
*END*
[from data line 386]
     -0.521      0.090     6.5041     78.709     37.371  37.476640    -0.0739      7.927   176.1883 9.9329e+01    -0.1077     -0.515     -0.747    24.9755 0.0000e+00
     -0.489      0.076     6.4978     78.724     37.364  37.479970    -0.0714      7.929   176.7918 1.0019e+02    -0.0996     -0.472     -0.684    25.0291 0.0000e+00
     -0.472      0.058     6.4915     78.726     37.358  37.479225    -0.0810      7.932   177.2323 1.0085e+02    -0.0765     -0.457     -0.662    25.0770 0.0000e+00
     -0.467      0.040     6.4866     78.727     37.343  37.467637    -0.0825      7.935   177.1259 1.0111e+02     0.0014     -0.458     -0.665    25.1145 0.0000e+00
     -0.467      0.026     6.4871     78.725     37.338  37.466700    -0.0805      7.935   176.9674 1.0096e+02     0.0222     -0.457     -0.663    25.1378 0.0000e+00
     -0.467      0.018     6.4868     78.724     37.335  37.467903    -0.0898      7.937   177.0364 1.0160e+02     0.0041     -0.459     -0.665    25.1508 0.0000e+00
     -0.464      0.021     6.4853     78.724     37.346  37.482187    -0.0870      7.938   177.1863 1.0219e+02     0.6025     -0.456     -0.662    25.1573 0.0000e+00
     -0.457      0.031     6.4856     78.728     37.373  37.512575     0.0198      7.938   177.4895 1.0186e+02     7.8720     -0.449     -0.651    25.1608 0.0000e+00
     -0.450      0.045     6.4845     78.733     37.374  37.518235     0.2109      7.936   177.6907 1.0179e+02    21.2200     -0.441     -0.640    25.1656 0.0000e+00
     -0.440      0.057     6.4838     78.735     37.335  37.487215     0.3177      7.936   177.6396 1.0243e+02    28.6340     -0.435     -0.629    25.1709 0.0000e+00
     -0.424      0.062     6.4828     78.735     37.294  37.454612     0.3367      7.936   177.5602 1.0338e+02    31.0399     -0.421     -0.610    25.1764 0.0000e+00
     -0.398      0.062     6.4830     78.751     37.274  37.441137     0.4165      7.937   177.5052 1.0433e+02    50.5482     -0.390     -0.566    25.1799 0.0000e+00
     -0.372      0.057     6.4828     78.783     37.279  37.451129     1.3490      7.938   177.4917 1.0476e+02   264.7803     -0.360     -0.522    25.1857 0.0000e+00
     -0.357      0.047     6.4817     78.802     37.274  37.448599     3.0721      7.939   177.5688 1.0487e+02   657.5803     -0.348     -0.505    25.1972 0.0000e+00
     -0.350      0.033     6.4796     78.806     37.236  37.410549     4.0213      7.940   177.6627 1.0491e+02   871.9703     -0.343     -0.497    25.2097 0.0000e+00
     -0.348      0.019     6.4792     78.820     37.197  37.371554     4.1113      7.941   177.6808 1.0487e+02   892.8867     -0.341     -0.494    25.2201 0.0000e+00
     -0.348      0.009     6.4829     78.836     37.183  37.357612     4.1276      7.943   177.6152 1.0502e+02   910.5804     -0.341     -0.495    25.2260 0.0000e+00
     -0.348      0.004     6.4843     78.828     37.194  37.368810     4.1516      7.944   177.5579 1.0526e+02   939.9746     -0.341     -0.495    25.2282 0.0000e+00
     -0.348      0.001     6.4828     78.809     37.209  37.380111     4.1686      7.945   177.5044 1.0531e+02   955.9527     -0.341     -0.495    25.2288 0.0000e+00
     -0.347      0.000     6.4847     78.809     37.204  37.367417     4.1748      7.946   177.3980 1.0517e+02   957.3977     -0.340     -0.494    25.2286 0.0000e+00
     -0.347 2.2806e-08     6.4873     78.816     37.186  37.342147     4.2017      7.948   177.3047 1.0498e+02   957.5139     -0.341     -0.494    25.2292 0.0000e+00
     -0.347 2.5087e-07     6.4858     78.810     37.178  37.328226     4.2522      7.949   177.2360 1.0476e+02   957.5289     -0.341     -0.494    25.2299 0.0000e+00
     -0.347 2.5087e-07     6.4833     78.803     37.180  37.325921     4.2779      7.950   177.2555 1.0446e+02   957.5111     -0.341     -0.494    25.2255 0.0000e+00
     -0.347 2.2834e-08     6.4853     78.797     37.172  37.314268     4.2869      7.951   177.4554 1.0417e+02   957.5032     -0.341     -0.495    25.2145 0.0000e+00
     -0.347 2.3814e-09     6.4885     78.792     37.174  37.314153     4.2862      7.952   177.6739 1.0385e+02   957.5355     -0.341     -0.494    25.2028 0.0000e+00
     -0.347 3.5781e-09     6.4877     78.798     37.186  37.324529     4.2537      7.952   177.7460 1.0347e+02   957.5261     -0.341     -0.494    25.1950 0.0000e+00
     -0.347 3.7303e-08     6.4880     78.808     37.176  37.312895     4.2266      7.953   177.7253 1.0307e+02   957.4931     -0.341     -0.495    25.1897 0.0000e+00
     -0.347 4.1015e-07     6.4884     78.823     37.165  37.300307     4.2248      7.953   177.7681 1.0271e+02   957.5108     -0.340     -0.494    25.1855 0.0000e+00
     -0.347      0.000     6.4873     78.830     37.166  37.299163     4.1902      7.953   177.9193 1.0245e+02   957.5697     -0.341     -0.494    25.1819 0.0000e+00
     -0.347      0.000     6.4892     78.818     37.169  37.299059     4.1157      7.954   178.0905 1.0229e+02   957.5902     -0.340     -0.494    25.1793 0.0000e+00
     -0.347      0.001     6.4896     78.812     37.171  37.299050     4.0734      7.955   178.2026 1.0222e+02   957.5542     -0.341     -0.494    25.1780 0.0000e+00
     -0.347      0.001     6.4913     78.817     37.172  37.299049     4.0620      7.956   178.1565 1.0210e+02   957.5103     -0.341     -0.494    25.1762 0.0000e+00
     -0.347      0.001     6.4937     78.825     37.172  37.299048     4.0611      7.956   178.1357 1.0190e+02   957.4695     -0.340     -0.493    25.1727 0.0000e+00
     -0.346      0.002     6.4910     78.830     37.172  37.299038     4.1123      7.956   178.4675 1.0172e+02   957.4368     -0.340     -0.493    25.1684 0.0000e+00
     -0.346      0.003     6.4915     78.832     37.173  37.298923     4.1989      7.956   178.8985 1.0158e+02   957.2507     -0.340     -0.493    25.1659 0.0000e+00
     -0.346      0.004     6.4921     78.850     37.173  37.297666     4.2507      7.957   178.9590 1.0157e+02   955.2876     -0.340     -0.493    25.1650 0.0000e+00
     -0.345      0.005     6.4927     78.886     37.161  37.283831     4.2639      7.958   178.7681 1.0169e+02   933.7695     -0.338     -0.491    25.1649 0.0000e+00
     -0.343      0.009     6.4938     78.904     37.136  37.258475     4.3338      7.958   178.6554 1.0182e+02   696.9405     -0.337     -0.487    25.1648 0.0000e+00
     -0.340      0.014     6.4929     78.904     37.123  37.244743     4.4795      7.958   178.6295 1.0189e+02   262.7422     -0.333     -0.484    25.1637 0.0000e+00
     -0.338      0.021     6.4944     78.940     37.123  37.244629     4.5685      7.957   178.7993 1.0190e+02    25.9189     -0.331     -0.481    25.1615 0.0000e+00
     -0.336      0.028     6.4994     79.020     37.135  37.257092     4.5780      7.953   179.1595 1.0202e+02     4.3616     -0.331     -0.480    25.1587 0.0000e+00
     -0.327      0.034     6.5016     79.107     37.145  37.268612     4.5360      7.949   179.3709 1.0227e+02     2.3680     -0.324     -0.470    25.1582 0.0000e+00
     -0.312      0.040     6.4983     79.197     37.133  37.257080     4.4601      7.946   179.4620 1.0251e+02     2.2586     -0.304     -0.442    25.1581 0.0000e+00
     -0.299      0.043     6.5016     79.291     37.120  37.244493     4.4268      7.945   179.5728 1.0271e+02     2.3564     -0.291     -0.422    25.1567 0.0000e+00
     -0.289      0.043     6.5103     79.390     37.118  37.243245     4.4324      7.945   179.6782 1.0314e+02     2.4225     -0.286     -0.415    25.1581 0.0000e+00
     -0.276      0.043     6.5162     79.493     37.117  37.241998     4.4613      7.943   179.7039 1.0366e+02     2.3746     -0.270     -0.392    25.1607 0.0000e+00
     -0.263      0.043     6.5242     79.587     37.104  37.229410     4.5100      7.941   179.5397 1.0384e+02     2.1876     -0.254     -0.368    25.1601 0.0000e+00
     -0.257      0.044     6.5316     79.681     37.089  37.217878     4.5476      7.940   179.4135 1.0413e+02     2.0738     -0.250     -0.365    25.1598 0.0000e+00
     -0.252      0.044     6.5394     79.786     37.095  37.229406     4.5741      7.941   179.3821 1.0486e+02     2.1265     -0.251     -0.364    25.1619 0.0000e+00
     -0.238      0.043     6.5488     79.896     37.104  37.241974     4.5804      7.943   179.1603 1.0556e+02     2.1413     -0.237     -0.344    25.1630 0.0000e+00
     -0.219      0.043     6.5557     79.996     37.106  37.243004     4.5912      7.945   178.9690 1.0585e+02     2.0816     -0.211     -0.305    25.1624 0.0000e+00
     -0.206      0.045     6.5630     80.077     37.109  37.241860     4.6376      7.947   179.0483 1.0585e+02     2.0877     -0.198     -0.287    25.1653 0.0000e+00
     -0.201      0.046     6.5701     80.157     37.098  37.228138     4.6755      7.948   179.2586 1.0610e+02     2.1467     -0.198     -0.288    25.1769 0.0000e+00
     -0.194      0.045     6.5790     80.248     37.075  37.203917     4.6838      7.949   179.5322 1.0662e+02     2.1809     -0.193     -0.279    25.1840 0.0000e+00
     -0.180      0.044     6.5887     80.353     37.075  37.202659     4.6623      7.949   179.7761 1.0704e+02     2.1592     -0.176     -0.256    25.1785 0.0000e+00
     -0.165      0.046     6.5950     80.463     37.086  37.212932     4.6229      7.949   179.8837 1.0746e+02     2.1242     -0.160     -0.232    25.1720 0.0000e+00
     -0.153      0.048     6.6016     80.564     37.075  37.201288     4.6077      7.948   179.8007 1.0790e+02     2.0992     -0.151     -0.218    25.1691 0.0000e+00
     -0.140      0.047     6.6095     80.666     37.063  37.188699     4.6197      7.948   179.7188 1.0815e+02     2.0958     -0.138     -0.200    25.1678 0.0000e+00
     -0.128      0.044     6.6179     80.787     37.061  37.187556     4.6357      7.948   179.9258 1.0839e+02     2.1512     -0.126     -0.182    25.1664 0.0000e+00
     -0.117      0.040     6.6285     80.908     37.061  37.187461     4.6342      7.948   180.3249 1.0869e+02     2.1880     -0.114     -0.166    25.1646 0.0000e+00
     -0.106      0.037     6.6364     80.998     37.060  37.187555     4.6178      7.948   180.6724 1.0903e+02     2.1653     -0.102     -0.148    25.1631 0.0000e+00
     -0.098      0.033     6.6437     81.055     37.060  37.188699     4.6208      7.948   180.6869 1.0927e+02     2.1163     -0.097     -0.140    25.1629 0.0000e+00
     -0.092      0.028     6.6545     81.115     37.070  37.201286     4.7042      7.948   180.4998 1.0940e+02     2.0390     -0.092     -0.132    25.1639 0.0000e+00
     -0.084      0.022     6.6655     81.169     37.080  37.212919     4.8433      7.949   180.5610 1.0950e+02     1.9827     -0.082     -0.119    25.1649 0.0000e+00
     -0.078      0.017     6.6735     81.189     37.070  37.202533     4.9045      7.950   180.7381 1.0953e+02     1.9473     -0.074     -0.108    25.1662 0.0000e+00
     -0.074      0.013     6.6751     81.188     37.071  37.202532     4.8952      7.950   180.9208 1.0952e+02     1.8843     -0.071     -0.103    25.1676 0.0000e+00
     -0.072      0.009     6.6810     81.188     37.082  37.212909     4.8804      7.951   181.0498 1.0947e+02     1.9047     -0.071     -0.103    25.1703 0.0000e+00
     -0.072      0.005     6.6866     81.196     37.071  37.201169     4.8581      7.953   181.0071 1.0948e+02     2.0570     -0.071     -0.103    25.1728 0.0000e+00
     -0.072      0.002     6.6873     81.203     37.059  37.187415     4.8510      7.954   181.0923 1.0960e+02     2.1882     -0.071     -0.102    25.1723 0.0000e+00
     -0.071      0.001     6.6867     81.206     37.046  37.173433     4.8528      7.954   181.3057 1.0959e+02     2.1927     -0.070     -0.101    25.1708 0.0000e+00
     -0.071      0.001     6.6864     81.195     37.032  37.158939     4.8459      7.955   181.5222 1.0940e+02     2.1121     -0.070     -0.101    25.1701 0.0000e+00
     -0.071      0.001     6.6879     81.172     37.013  37.139005     4.8179      7.956   181.8169 1.0932e+02     2.0334     -0.069     -0.101    25.1693 0.0000e+00
     -0.071      0.002     6.6882     81.164     36.999  37.122653     4.7720      7.956   181.9434 1.0940e+02     1.9928     -0.069     -0.101    25.1678 0.0000e+00
     -0.071      0.002     6.6894     81.178     37.030  37.151469     4.7490      7.957   181.8476 1.0940e+02     1.9630     -0.070     -0.101    25.1665 0.0000e+00
     -0.070      0.002     6.6886     81.187     37.050  37.170344     4.7396      7.958   181.8641 1.0931e+02     1.9130     -0.068     -0.100    25.1663 0.0000e+00
     -0.069      0.002     6.6856     81.182     37.041  37.160619     4.7170      7.958   182.0560 1.0924e+02     1.8995     -0.067     -0.098    25.1652 0.0000e+00
     -0.068      0.002     6.6846     81.181     37.043  37.160716     4.7000      7.958   182.2755 1.0927e+02     1.9355     -0.067     -0.097    25.1619 0.0000e+00
     -0.068      0.002     6.6881     81.191     37.055  37.171515     4.6919      7.959   182.4523 1.0936e+02     1.9391     -0.066     -0.096    25.1588 0.0000e+00
     -0.067      0.001     6.6890     81.205     37.049  37.164355     4.6864      7.960   182.6450 1.0939e+02     1.9426     -0.066     -0.095    25.1568 0.0000e+00
     -0.067      0.001     6.6881     81.206     37.024  37.137557     4.7252      7.960   182.7993 1.0937e+02     2.0124     -0.065     -0.094    25.1549 0.0000e+00
     -0.067      0.001     6.6880     81.201     37.053  37.164572     4.8030      7.960   182.8543 1.0928e+02     2.1008     -0.066     -0.095    25.1532 0.0000e+00
     -0.067      0.000     6.6890     81.215     37.063  37.173918     4.8443      7.962   182.9658 1.0917e+02     2.1578     -0.065     -0.095    25.1521 0.0000e+00
     -0.067 5.6234e-08     6.6914     81.235     37.014  37.123723     4.8500      7.962   183.1151 1.0917e+02     2.1539     -0.066     -0.095    25.1495 0.0000e+00
     -0.067 6.1858e-07     6.6917     81.235     37.019  37.128408     4.8553      7.963   183.3691 1.0919e+02     2.0881     -0.065     -0.095    25.1467 0.0000e+00
     -0.066      0.000     6.6900     81.229     37.059  37.167145     4.8506      7.965   183.7144 1.0911e+02     2.0457     -0.065     -0.094    25.1448 0.0000e+00
     -0.066      0.000     6.6920     81.227     37.041  37.148186     4.8337      7.966   183.7623 1.0899e+02     2.0511     -0.065     -0.094    25.1435 0.0000e+00
     -0.066      0.001     6.6953     81.224     36.984  37.089414     4.8342      7.966   183.6034 1.0898e+02     2.1188     -0.065     -0.095    25.1425 0.0000e+00
     -0.066      0.001     6.6943     81.221     36.987  37.090684     4.8906      7.967   183.6001 1.0890e+02     2.2150     -0.065     -0.094    25.1409 0.0000e+00
     -0.066      0.002     6.6937     81.226     37.061  37.163534     4.9747      7.967   183.8946 1.0875e+02     2.1898     -0.065     -0.094    25.1397 0.0000e+00
     -0.066      0.003     6.6942     81.229     37.107  37.209265     5.0107      7.967   184.3249 1.0868e+02     2.1211     -0.065     -0.094    25.1382 0.0000e+00
     -0.066      0.004     6.6944     81.242     37.097  37.199710     5.0005      7.967   184.5009 1.0858e+02     2.1357     -0.064     -0.094    25.1356 0.0000e+00
     -0.065      0.004     6.6931     81.256     37.072  37.174835     4.9845      7.967   184.5599 1.0863e+02     2.1614     -0.064     -0.093    25.1336 0.0000e+00
     -0.063      0.004     6.6954     81.261     37.060  37.162163     4.9672      7.968   184.6944 1.1086e+02     2.1586     -0.062     -0.090    25.1327 0.0000e+00
     -0.061      0.004     6.6940     81.283     37.071  37.173321     4.9492      7.969   184.7508 1.1508e+02     2.1365     -0.059     -0.087    25.1322 0.0000e+00
     -0.060      0.004     6.6958     81.298     37.082  37.182916     4.9424      7.969   184.9823 1.1737e+02     2.0986     -0.058     -0.085    25.1317 0.0000e+00
