Data/DataNotYetUploadedToEDI/Raw_CTD/RawDownloads/090522_bvr50_S7809001.cnv
* Sea-Bird SBE19plus  Data File:
* FileName = C:\R\Reservoirs\Data\DataNotYetUploadedToEDI\Raw_CTD\RawDownloads\090522_bvr50_S7809_0001.hex
* Software version 2.8.0.119
* Temperature SN = 7809
* Conductivity SN = 7809
* System UpLoad Time = Sep 05 2022 15:40:20
* <ApplicationData>
* <Seaterm232>
# nquan = 15
# nvalues = 1386                        
# units = specified
# name 0 = depFM: Depth [fresh water, m]
# name 1 = dz/dtM: Descent Rate [m/s]
# name 2 = sbeox0Mg/L: Oxygen, SBE 43 [mg/l]
# name 3 = sbeox0PS: Oxygen, SBE 43 [% saturation]
# name 4 = specc: Specific Conductance [uS/cm]
# name 5 = c0uS/cm: Conductivity [uS/cm]
# name 6 = flECO-AFL: Fluorescence, WET Labs ECO-AFL/FL [mg/m^3]
# name 7 = ph: pH
# name 8 = orp: Oxidation Reduction Potential [mV]
# name 9 = par/sat/log: PAR/Logarithmic, Satlantic
# name 10 = turbWETntu0: Turbidity, WET Labs ECO [NTU]
# name 11 = prdM: Pressure, Strain Gauge [db]
# name 12 = prdE: Pressure, Strain Gauge [psi]
# name 13 = tv290C: Temperature [ITS-90, deg C]
# name 14 = flag:  0.000e+00
# span 0 =     -0.719,      7.163       
# span 1 =     -0.361,      0.233       
# span 2 =     0.0252,     6.8093       
# span 3 =      0.267,     82.134       
# span 4 =     29.882,    196.760       
# span 5 =  28.850928, 138.626917       
# span 6 =     0.5523,    42.0983       
# span 7 =      6.836,      7.838       
# span 8 =  -110.3249,   236.2691       
# span 9 = 1.2357e-01, 2.2488e+02       
# span 10 =     1.7345,    11.6116      
# span 11 =     -0.706,      7.025      
# span 12 =     -1.024,     10.189      
# span 13 =    10.2033,    25.2508      
# span 14 = 0.0000e+00, 0.0000e+00      
# interval = seconds: 0.25
# start_time = Sep 05 2022 06:49:02 [Instrument's time stamp, header]
# bad_flag = -9.990e-29
*END*
[from data line 964]
      6.346      0.046     0.1612      1.439    164.242 116.877939     4.4495      7.399    -3.0763 1.2367e-01     5.1462      6.222      9.024    10.6609 0.0000e+00
      6.360      0.052     0.1595      1.449    164.482 117.003852     4.4905      7.402    -3.8247 1.2372e-01     5.2799      6.237      9.046    10.6429 0.0000e+00
      6.376      0.056     0.1560      1.447    164.695 117.115633     4.5745      7.404    -4.5611 1.2373e-01     5.5201      6.253      9.069    10.6161 0.0000e+00
      6.393      0.058     0.1589      1.433    164.957 117.274400     4.6173      7.407    -5.2687 1.2368e-01     5.6935      6.269      9.092    10.5932 0.0000e+00
      6.408      0.057     0.1602      1.414    165.322 117.522725     4.6167      7.408    -5.8410 1.2371e-01     5.7366      6.284      9.115    10.5773 0.0000e+00
      6.422      0.054     0.1617      1.394    165.674 117.762291     4.5838      7.409    -6.4048 1.2380e-01     5.7335      6.299      9.135    10.5650 0.0000e+00
      6.435      0.052     0.1618      1.379    165.963 117.942477     4.5112      7.412    -7.0953 1.2382e-01     5.6898      6.311      9.153    10.5517 0.0000e+00
      6.448      0.052     0.1597      1.370    166.238 118.109520     4.4626      7.414    -7.8221 1.2380e-01     5.6179      6.324      9.172    10.5417 0.0000e+00
      6.460      0.052     0.1578      1.354    166.475 118.253826     4.4451      7.416    -8.4817 1.2377e-01     5.5817      6.335      9.188    10.5412 0.0000e+00
      6.471      0.052     0.1551      1.349    166.820 118.477468     4.3584      7.417    -9.1338 1.2370e-01     5.6279      6.344      9.202    10.5403 0.0000e+00
      6.486      0.053     0.1527      1.360    167.624 119.030672     4.2045      7.418    -9.7701 1.2369e-01     5.7328      6.359      9.223    10.5305 0.0000e+00
      6.502      0.054     0.1537      1.365    168.624 119.721177     4.1247      7.419   -10.3242 1.2374e-01     5.8256      6.378      9.250    10.5205 0.0000e+00
      6.517      0.054     0.1506      1.357    169.171 120.076610     4.1253      7.421   -10.8440 1.2375e-01     5.8961      6.392      9.270    10.5146 0.0000e+00
      6.529      0.051     0.1487      1.345    169.136 120.016934     4.1538      7.422   -11.4090 1.2373e-01     5.7993      6.402      9.285    10.5076 0.0000e+00
      6.543      0.045     0.1528      1.332    168.900 119.827411     4.2124      7.423   -11.9931 1.2366e-01     5.5434      6.416      9.306    10.5023 0.0000e+00
      6.556      0.039     0.1524      1.317    168.814 119.759111     4.2429      7.424   -12.5714 1.2361e-01     5.4327      6.431      9.327    10.4994 0.0000e+00
      6.566      0.033     0.1516      1.307    168.910 119.827897     4.2389      7.425   -13.1524 1.2366e-01     5.4512      6.441      9.341    10.4877 0.0000e+00
      6.571      0.028     0.1500      1.311    169.183 120.022314     4.2228      7.427   -13.7698 1.2377e-01     5.3915      6.444      9.347    10.4743 0.0000e+00
      6.575      0.028     0.1489      1.302    169.532 120.263109     4.1897      7.430   -14.5295 1.2382e-01     5.2569      6.448      9.352    10.4691 0.0000e+00
      6.579      0.033     0.1473      1.282    170.164 120.701607     4.1715      7.432   -15.3690 1.2374e-01     5.1561      6.452      9.358    10.4672 0.0000e+00
      6.584      0.042     0.1440      1.279    171.407 121.566957     4.1695      7.433   -16.0905 1.2370e-01     5.0960      6.455      9.362    10.4682 0.0000e+00
      6.594      0.052     0.1475      1.284    172.713 122.447253     4.1649      7.435   -16.7137 1.2372e-01     5.0763      6.464      9.374    10.4701 0.0000e+00
      6.612      0.061     0.1463      1.289    173.600 123.002530     4.1073      7.438   -17.3119 1.2374e-01     5.0878      6.483      9.402    10.4670 0.0000e+00
      6.635      0.068     0.1415      1.294    174.227 123.376825     3.9976      7.441   -17.8160 1.2376e-01     5.0985      6.508      9.438    10.4628 0.0000e+00
      6.656      0.071     0.1428      1.284    174.795 123.724641     3.9459      7.441   -18.1632 1.2378e-01     5.1378      6.528      9.469    10.4633 0.0000e+00
      6.675      0.071     0.1436      1.255    175.458 124.150778     3.9472      7.441   -18.4132 1.2376e-01     5.1533      6.546      9.494    10.4495 0.0000e+00
      6.692      0.069     0.1435      1.250    176.204 124.644014     3.8803      7.443   -18.7733 1.2371e-01     5.1489      6.564      9.520    10.4229 0.0000e+00
      6.708      0.064     0.1452      1.270    176.808 125.038745     3.7530      7.445   -19.2475 1.2374e-01     5.1866      6.579      9.543    10.4028 0.0000e+00
      6.723      0.059     0.1455      1.270    177.212 125.292888     3.6815      7.446   -19.7590 1.2375e-01     5.1998      6.591      9.561    10.3877 0.0000e+00
      6.738      0.054     0.1389      1.262    177.705 125.614883     3.6733      7.448   -20.4830 1.2375e-01     5.1718      6.607      9.582    10.3758 0.0000e+00
      6.754      0.052     0.1374      1.252    178.465 126.129302     3.7047      7.450   -21.2905 1.2372e-01     5.1902      6.626      9.609    10.3666 0.0000e+00
      6.766      0.052     0.1448      1.239    179.268 126.671673     3.7701      7.451   -21.9503 1.2370e-01     5.2507      6.637      9.626    10.3575 0.0000e+00
      6.774      0.055     0.1417      1.241    179.887 127.076753     3.8064      7.453   -22.6110 1.2375e-01     5.2543      6.642      9.633    10.3480 0.0000e+00
      6.784      0.058     0.1408      1.235    180.298 127.332469     3.8022      7.455   -23.3421 1.2380e-01     5.2345      6.650      9.645    10.3403 0.0000e+00
      6.801      0.062     0.1418      1.225    180.616 127.533942     3.7849      7.456   -23.9923 1.2381e-01     5.2845      6.668      9.671    10.3351 0.0000e+00
      6.822      0.066     0.1362      1.232    180.995 127.792766     3.7634      7.457   -24.6223 1.2378e-01     5.3456      6.690      9.703    10.3286 0.0000e+00
      6.842      0.069     0.1404      1.233    181.365 128.041186     3.7589      7.458   -25.3666 1.2377e-01     5.3931      6.710      9.732    10.3193 0.0000e+00
      6.861      0.070     0.1390      1.226    181.693 128.244232     3.7728      7.460   -26.0229 1.2383e-01     5.4484      6.730      9.760    10.3081 0.0000e+00
      6.878      0.070     0.1351      1.229    182.143 128.527738     3.8398      7.462   -26.4485 1.2388e-01     5.4681      6.745      9.783    10.3001 0.0000e+00
      6.893      0.070     0.1392      1.239    182.741 128.920800     3.9532      7.464   -26.8133 1.2384e-01     5.4610      6.759      9.803    10.3011 0.0000e+00
      6.909      0.071     0.1383      1.246    183.404 129.365440     4.0117      7.464   -27.3359 1.2378e-01     5.4297      6.775      9.826    10.2994 0.0000e+00
      6.927      0.074     0.1364      1.241    184.174 129.890262     4.0150      7.466   -27.9489 1.2375e-01     5.3982      6.792      9.851    10.2890 0.0000e+00
      6.947      0.077     0.1374      1.224    185.040 130.488184     4.0013      7.469   -28.5462 1.2379e-01     5.4552      6.812      9.881    10.2790 0.0000e+00
      6.968      0.077     0.1393      1.221    185.587 130.860908     3.9706      7.470   -29.1367 1.2385e-01     5.5727      6.832      9.909    10.2711 0.0000e+00
      6.990      0.074     0.1399      1.230    185.647 130.892694     3.9515      7.472   -29.4970 1.2386e-01     5.6227      6.855      9.942    10.2651 0.0000e+00
      7.013      0.066     0.1406      1.220    185.622 130.872498     3.9531      7.474   -29.8054 1.2384e-01     5.6162      6.879      9.977    10.2598 0.0000e+00
      7.031      0.055     0.1362      1.206    185.622 130.871577     3.9408      7.476   -30.3698 1.2377e-01     5.4932      6.898     10.005    10.2572 0.0000e+00
      7.043      0.044     0.1356      1.211    185.640 130.881549     3.9031      7.479   -30.9005 1.2376e-01     5.2291      6.910     10.022    10.2537 0.0000e+00
      7.050      0.033     0.1402      1.218    185.891 131.056780     3.8800      7.481   -31.3188 1.2384e-01     5.0871      6.914     10.029    10.2487 0.0000e+00
      7.055      0.026     0.1367      1.211    186.562 131.524876     3.8776      7.483   -31.8136 1.2387e-01     5.1096      6.919     10.035    10.2505 0.0000e+00
      7.058      0.022     0.1338      1.202    187.449 132.144948     3.8487      7.483   -32.4090 1.2381e-01     5.0904      6.922     10.039    10.2504 0.0000e+00
      7.061      0.022     0.1357      1.189    188.049 132.564749     3.7974      7.484   -33.1830 1.2377e-01     4.9916      6.923     10.041    10.2481 0.0000e+00
      7.066      0.023     0.1378      1.167    188.728 133.032529     3.7731      7.485   -34.1162 1.2375e-01     4.9397      6.928     10.048    10.2492 0.0000e+00
      7.075      0.025     0.1355      1.156    190.095 133.977653     3.7791      7.487   -35.0023 1.2374e-01     4.9415      6.938     10.062    10.2473 0.0000e+00
      7.083      0.027     0.1348      1.146    191.315 134.816213     3.8292      7.488   -35.7240 1.2374e-01     4.8772      6.948     10.076    10.2452 0.0000e+00
      7.089      0.027     0.1347      1.138    191.805 135.142394     3.9120      7.490   -36.3026 1.2379e-01     4.7425      6.952     10.083    10.2459 0.0000e+00
      7.095      0.026     0.1296      1.153    192.420 135.563666     3.9570      7.492   -36.9221 1.2387e-01     4.6790      6.958     10.091    10.2431 0.0000e+00
      7.103      0.024     0.1297      1.159    193.255 136.149853     3.9575      7.494   -37.6212 1.2387e-01     4.6900      6.966     10.103    10.2373 0.0000e+00
      7.109      0.021     0.1295      1.146    193.747 136.494416     3.9505      7.496   -38.3025 1.2374e-01     4.7730      6.973     10.113    10.2316 0.0000e+00
      7.114      0.019     0.1253      1.136    193.924 136.607011     3.9555      7.497   -38.9655 1.2368e-01     5.0004      6.976     10.119    10.2261 0.0000e+00
      7.119      0.016     0.1305      1.129    193.959 136.619000     3.9596      7.498   -39.4421 1.2375e-01     5.1846      6.981     10.125    10.2223 0.0000e+00
      7.123      0.013     0.1316      1.129    193.991 136.639355     3.9503      7.499   -39.8487 1.2384e-01     5.1899      6.985     10.131    10.2226 0.0000e+00
      7.125      0.011     0.1273      1.124    194.111 136.725658     3.9347      7.501   -40.5268 1.2384e-01     5.1320      6.988     10.135    10.2241 0.0000e+00
      7.127      0.010     0.1282      1.099    194.093 136.706527     3.9129      7.502   -41.2733 1.2376e-01     4.9971      6.990     10.138    10.2197 0.0000e+00
      7.129      0.008     0.1261      1.064    193.416 136.216838     3.8943      7.503   -41.8204 1.2374e-01     4.7548      6.991     10.140    10.2142 0.0000e+00
      7.131      0.007     0.1267      1.047    192.161 135.329616     3.8848      7.505   -42.4093 1.2382e-01     4.5929      6.993     10.142    10.2151 0.0000e+00
      7.133      0.006     0.1277      1.055    191.251 134.709896     3.8811      7.506   -43.2309 1.2387e-01     4.5768      6.995     10.146    10.2172 0.0000e+00
      7.135      0.005     0.1237      1.063    191.106 134.650462     3.9080      7.508   -44.0973 1.2383e-01     4.5943      6.997     10.149    10.2152 0.0000e+00
      7.136      0.005     0.1186      1.053    191.361 134.865962     3.9684      7.509   -44.8834 1.2383e-01     4.6339      6.998     10.150    10.2104 0.0000e+00
      7.137      0.005     0.1158      1.036    192.093 135.403783     4.0046      7.512   -45.5938 1.2388e-01     4.6797      6.999     10.151    10.2074 0.0000e+00
      7.138      0.005     0.1186      1.033    193.543 136.437426     4.0044      7.514   -46.2337 1.2382e-01     4.6697      6.999     10.151    10.2127 0.0000e+00
      7.139      0.006     0.1204      1.051    194.949 137.421933     3.9487      7.515   -46.9418 1.2370e-01     4.7189      7.001     10.154    10.2284 0.0000e+00
      7.141      0.007     0.1184      1.061    195.993 138.130149     3.8389      7.516   -47.8752 1.2372e-01     4.8639      7.003     10.157    10.2382 0.0000e+00
      7.143      0.009     0.1158      1.057    196.755 138.626917     3.7836      7.517   -48.9145 1.2383e-01     4.9540      7.005     10.159    10.2413 0.0000e+00
      7.145      0.010     0.1143      1.049    196.760 138.584323     3.7883      7.518   -49.9576 1.2386e-01     4.9542      7.006     10.162    10.2474 0.0000e+00
      7.147      0.012     0.1185      1.035    196.060 138.061313     3.8039      7.521   -50.9374 1.2386e-01     4.9349      7.009     10.165    10.2453 0.0000e+00
      7.150      0.012     0.1203      1.035    195.040 137.338316     3.8223      7.523   -51.6405 1.2382e-01     4.8924      7.012     10.170    10.2369 0.0000e+00
      7.154      0.011     0.1177      1.046    194.242 136.789611     3.8268      7.525   -52.1778 1.2370e-01     4.8490      7.015     10.176    10.2273 0.0000e+00
      7.159      0.010     0.1190      1.035    193.750 136.461892     3.8262      7.525   -52.7883 1.2364e-01     4.8547      7.021     10.183    10.2124 0.0000e+00
      7.162      0.008     0.1153      1.019    193.240 136.116332     3.8312      7.527   -53.4286 1.2366e-01     4.7900      7.024     10.188    10.2033 0.0000e+00
      7.163      0.006     0.1145      1.019    192.866 135.861701     3.8538      7.529   -53.9838 1.2362e-01     4.6817      7.024     10.188    10.2039 0.0000e+00
      7.163      0.003     0.1196      1.020    192.486 135.613691     3.8756      7.530   -54.4247 1.2357e-01     4.6391      7.025     10.189    10.2079 0.0000e+00
      7.163      0.001     0.1162      1.009    191.779 135.156953     3.8786      7.532   -54.9732 1.2365e-01     4.6156      7.024     10.188    10.2143 0.0000e+00
      7.163     -0.001     0.1131      1.014    191.101 134.736492     3.8981      7.533   -55.7982 1.2374e-01     4.6721      7.025     10.189    10.2179 0.0000e+00
      7.163     -0.001     0.1143      1.033    190.839 134.608439     3.9370      7.533   -56.7414 1.2376e-01     4.8089      7.024     10.188    10.2181 0.0000e+00
      7.162      0.000     0.1159      1.018    190.709 134.564615     3.9492      7.534   -57.6873 1.2373e-01     4.8695      7.024     10.187    10.2221 0.0000e+00
      7.162      0.000     0.1122      0.993    190.147 134.206674     3.9451      7.536   -58.5458 1.2370e-01     4.8580      7.023     10.187    10.2336 0.0000e+00
      7.162      0.000     0.1119      0.983    189.132 133.530494     3.9546      7.538   -59.2919 1.2373e-01     4.9433      7.023     10.187    10.2505 0.0000e+00
      7.163     -0.001     0.1191      0.967    188.326 133.016091     3.9561      7.540   -59.9967 1.2379e-01     5.1145      7.024     10.188    10.2661 0.0000e+00
      7.163     -0.003     0.1140      0.954    188.063 132.893637     3.9465      7.541   -60.7002 1.2381e-01     5.1857      7.024     10.188    10.2786 0.0000e+00
      7.163     -0.004     0.1096      0.961    188.053 132.942054     3.9385      7.543   -61.4308 1.2374e-01     5.1557      7.025     10.189    10.2881 0.0000e+00
      7.161     -0.004     0.1116      0.976    188.123 133.028088     3.8922      7.545   -62.0340 1.2375e-01     5.0939      7.022     10.185    10.2961 0.0000e+00
      7.158     -0.004     0.1075      0.981    188.583 133.360432     3.8112      7.547   -62.4011 1.2382e-01     4.9854      7.019     10.180    10.3120 0.0000e+00
      7.156     -0.003     0.1064      0.993    189.292 133.838093     3.7749      7.548   -63.0301 1.2378e-01     4.8675      7.018     10.178    10.3310 0.0000e+00
      7.156     -0.003     0.1065      1.017    189.346 133.833181     3.7778      7.548   -64.2186 1.2373e-01     4.7958      7.017     10.177    10.3460 0.0000e+00
      7.156     -0.004     0.1109      1.026    188.455 133.173546     3.7873      7.550   -65.4145 1.2378e-01     4.7337      7.018     10.178    10.3573 0.0000e+00
