Data/DataNotYetUploadedToEDI/Raw_CTD/RawDownloads/090523_bvr50_S7809001.cnv
* Sea-Bird SBE19plus  Data File:
* FileName = C:\R\Reservoirs\Data\DataNotYetUploadedToEDI\Raw_CTD\RawDownloads\090523_bvr50_S7809_0001.hex
* Software version 2.8.0.119
* Temperature SN = 7809
* Conductivity SN = 7809
* System UpLoad Time = Sep 06 2023 10:53:19
* <ApplicationData>
* <Seaterm232>
# nquan = 15
# nvalues = 2458                        
# units = specified
# name 0 = depFM: Depth [fresh water, m]
# name 1 = dz/dtM: Descent Rate [m/s]
# name 2 = sbeox0Mg/L: Oxygen, SBE 43 [mg/l]
# name 3 = sbeox0PS: Oxygen, SBE 43 [% saturation]
# name 4 = specc: Specific Conductance [uS/cm]
# name 5 = c0uS/cm: Conductivity [uS/cm]
# name 6 = flECO-AFL: Fluorescence, WET Labs ECO-AFL/FL [mg/m^3]
# name 7 = ph: pH
# name 8 = orp: Oxidation Reduction Potential [mV]
# name 9 = par/sat/log: PAR/Logarithmic, Satlantic
# name 10 = turbWETntu0: Turbidity, WET Labs ECO [NTU]
# name 11 = prdM: Pressure, Strain Gauge [db]
# name 12 = prdE: Pressure, Strain Gauge [psi]
# name 13 = tv290C: Temperature [ITS-90, deg C]
# name 14 = flag:  0.000e+00
# span 0 =     -0.694,      9.653       
# span 1 =     -0.288,      0.099       
# span 2 =     0.1016,     8.6933       
# span 3 =      0.924,    107.164       
# span 4 =     18.444,    305.596       
# span 5 =  18.905183, 210.757478       
# span 6 =     0.4291,    17.1861       
# span 7 =      6.314,      8.570       
# span 8 =  -137.1787,   301.4352       
# span 9 = 1.2350e-01, 2.0161e+03       
# span 10 =    -7.6251,    26.3657      
# span 11 =     -0.686,      9.467      
# span 12 =     -0.994,     13.731      
# span 13 =     9.4132,    26.7728      
# span 14 = 0.0000e+00, 0.0000e+00      
# interval = seconds: 0.25
# start_time = Sep 05 2023 10:37:01 [Instrument's time stamp, header]
# bad_flag = -9.990e-29
*END*
      0.236      0.024     8.1720    102.908     33.125  34.130669     2.7009      8.570   231.6496 7.9348e+02     5.4439      0.225      0.326    26.4925 0.0000e+00
      0.255      0.015     8.1978    103.027     33.029  34.035322     2.6859      8.554   232.6701 7.0958e+02     5.5379      0.252      0.366    26.4927 0.0000e+00
      0.270     -0.002     8.2301    102.833     32.943  33.949245     2.6733      8.539   233.6218 6.8409e+02     5.4871      0.271      0.392    26.4976 0.0000e+00
      0.271     -0.023     8.2522    101.854     32.909  33.914676     2.6897      8.523   234.6388 7.6828e+02     5.4450      0.270      0.391    26.5046 0.0000e+00
      0.257     -0.043     8.2765     99.948     32.928  33.934567     2.7335      8.506   236.1045 7.9914e+02     5.4726      0.257      0.373    26.5115 0.0000e+00
      0.231     -0.053     8.2837     97.634     32.930  33.935987     2.7456      8.491   237.6633 8.3368e+02     5.4447      0.230      0.332    26.5182 0.0000e+00
      0.201     -0.049     8.2869     95.161     32.925  33.931842     2.7356      8.477   238.7738 1.0312e+03     5.3129      0.194      0.283    26.5218 0.0000e+00
      0.178     -0.033     8.2218     92.519     32.939  33.947893     2.7885      8.465   239.7225 1.2045e+03     4.5622      0.167      0.243    26.5221 0.0000e+00
      0.174     -0.013     8.0356     89.874     32.930  33.939724     2.9021      8.454   240.5304 1.1265e+03     3.2340      0.163      0.238    26.5219 0.0000e+00
      0.186      0.006     7.8487     87.332     32.887  33.896517     2.9769      8.443   240.8845 9.1777e+02     2.5077      0.180      0.262    26.5218 0.0000e+00
      0.203      0.018     7.6561     84.944     32.860  33.869581     2.9771      8.435   241.2504 9.0473e+02     2.4412      0.201      0.291    26.5225 0.0000e+00
      0.215      0.021     7.4318     82.835     32.859  33.867812     2.8881      8.425   241.9434 1.1216e+03     2.3961      0.214      0.310    26.5252 0.0000e+00
      0.218      0.016     7.2192     81.325     32.869  33.875129     2.7499      8.415   242.8103 1.1934e+03     2.3041      0.216      0.313    26.5272 0.0000e+00
      0.215      0.008     7.0133     80.815     32.891  33.894604     2.6883      8.405   243.7308 9.4931e+02     2.2519      0.212      0.307    26.5283 0.0000e+00
      0.211      0.001     6.8184     81.234     32.911  33.912953     2.6920      8.394   244.3829 7.0682e+02     2.2769      0.207      0.299    26.5299 0.0000e+00
      0.211     -0.002     6.6421     82.037     32.906  33.906655     2.6611      8.384   244.8437 6.2818e+02     2.3334      0.206      0.299    26.5283 0.0000e+00
      0.212     -0.002     6.5026     82.767     32.884  33.881892     2.5973      8.375   245.2589 6.3906e+02     2.4223      0.208      0.302    26.5236 0.0000e+00
      0.212     -0.002     6.4638     83.200     32.870  33.867312     2.5702      8.367   245.6178 6.8630e+02     2.4981      0.208      0.301    26.5201 0.0000e+00
      0.213     -0.002     6.5207     83.227     32.860  33.857261     2.5829      8.360   246.3434 6.4667e+02     2.4983      0.209      0.303    26.5169 0.0000e+00
      0.213     -0.003     6.5970     82.872     32.827  33.823804     2.6425      8.352   247.4072 5.4581e+02     2.3907      0.209      0.304    26.5135 0.0000e+00
      0.212     -0.005     6.6612     82.232     32.784  33.780001     2.7340      8.344   248.2407 5.7330e+02     2.2222      0.208      0.302    26.5114 0.0000e+00
      0.209     -0.005     6.6995     81.340     32.775  33.771746     2.7822      8.337   248.7641 6.7325e+02     2.1684      0.205      0.297    26.5108 0.0000e+00
      0.206     -0.004     6.7011     80.210     32.790  33.787429     2.8011      8.329   249.1750 6.9095e+02     2.2189      0.201      0.292    26.5116 0.0000e+00
      0.204     -0.004     6.6676     78.924     32.843  33.842744     2.8037      8.321   249.2514 7.7973e+02     2.2170      0.200      0.290    26.5118 0.0000e+00
      0.203     -0.004     6.6162     77.575     32.931  33.933017     2.8047      8.311   248.9998 8.4625e+02     2.2140      0.198      0.288    26.5122 0.0000e+00
      0.204     -0.005     6.5451     76.324     32.923  33.927267     2.8303      8.299   249.0574 6.8766e+02     2.3198      0.200      0.290    26.5145 0.0000e+00
      0.206     -0.005     6.4502     75.506     32.833  33.836664     2.8563      8.281   249.4318 6.7999e+02     2.4368      0.203      0.295    26.5167 0.0000e+00
      0.205     -0.005     6.3451     75.443     32.785  33.789194     2.8766      8.256   249.7413 8.6460e+02     2.4668      0.204      0.297    26.5157 0.0000e+00
      0.200     -0.005     6.2337     76.022     32.794  33.797410     2.9184      8.232   250.1315 9.5120e+02     2.4442      0.197      0.287    26.5140 0.0000e+00
      0.194     -0.004     6.1228     76.744     32.807  33.809116     2.9784      8.215   250.5363 9.6105e+02     2.4017      0.187      0.273    26.5184 0.0000e+00
      0.194     -0.003     6.0425     77.249     32.803  33.803837     3.0118      8.205   250.8504 7.9115e+02     2.3635      0.189      0.274    26.5235 0.0000e+00
      0.197      0.000     6.0407     77.568     32.798  33.797027     3.0303      8.199   251.1757 6.1790e+02     2.3586      0.194      0.282    26.5245 0.0000e+00
      0.200      0.004     6.1071     77.989     32.793  33.790215     3.0687      8.192   251.3723 6.6826e+02     2.3416      0.196      0.284    26.5236 0.0000e+00
      0.201      0.005     6.1763     78.684     32.789  33.784911     3.1013      8.186   251.5065 7.6566e+02     2.2605      0.197      0.285    26.5213 0.0000e+00
      0.201      0.005     6.2157     79.529     32.801  33.796331     3.1003      8.183   251.6808 7.6474e+02     2.1642      0.197      0.286    26.5188 0.0000e+00
      0.202      0.005     6.2302     80.348     32.807  33.801416     3.0888      8.181   251.9305 6.5604e+02     2.1002      0.198      0.289    26.5159 0.0000e+00
      0.204      0.005     6.2571     81.058     32.791  33.782955     3.0541      8.178   252.2026 6.9294e+02     2.1007      0.200      0.291    26.5135 0.0000e+00
      0.205      0.005     6.3203     81.560     32.772  33.763436     2.9808      8.176   252.3028 8.5880e+02     2.1706      0.201      0.291    26.5122 0.0000e+00
      0.206      0.005     6.3943     81.740     32.765  33.755742     2.9264      8.175   252.4541 8.7259e+02     2.1931      0.201      0.292    26.5108 0.0000e+00
      0.207      0.005     6.4607     81.545     32.763  33.753377     2.9218      8.173   252.8271 8.7156e+02     2.1345      0.204      0.294    26.5086 0.0000e+00
      0.209      0.004     6.5213     81.032     32.746  33.734842     3.0075      8.168   253.2000 8.5816e+02     2.1440      0.206      0.297    26.5067 0.0000e+00
      0.210      0.003     6.5654     80.342     32.735  33.721954     3.1554      8.164   253.5208 7.3177e+02     2.2400      0.206      0.299    26.5059 0.0000e+00
      0.211      0.002     6.5822     79.660     32.738  33.724432     3.2289      8.159   253.8664 7.1997e+02     2.3046      0.207      0.300    26.5051 0.0000e+00
      0.211      0.001     6.5642     79.126     32.716  33.701363     3.2218      8.153   254.1092 8.3045e+02     2.2770      0.207      0.300    26.5038 0.0000e+00
      0.211     -0.001     6.5194     78.744     32.711  33.696792     3.2113      8.144   254.2198 8.1193e+02     2.2139      0.207      0.300    26.5026 0.0000e+00
      0.211     -0.001     6.4586     78.501     32.746  33.732605     3.2426      8.134   254.3432 6.9325e+02     2.1905      0.207      0.300    26.5015 0.0000e+00
      0.210      0.000     6.3981     78.467     32.767  33.753729     3.3094      8.124   254.4827 6.2504e+02     2.1649      0.205      0.298    26.5002 0.0000e+00
      0.209      0.001     6.3573     78.700     32.774  33.761875     3.3449      8.116   254.6156 5.8405e+02     2.1773      0.205      0.297    26.4991 0.0000e+00
      0.209      0.001     6.3276     79.103     32.778  33.767656     3.3306      8.111   254.8321 6.1618e+02     2.2373      0.205      0.297    26.4989 0.0000e+00
      0.210      0.002     6.3052     79.489     32.768  33.760188     3.2615      8.107   255.0351 7.3624e+02     2.3098      0.207      0.299    26.4994 0.0000e+00
      0.212      0.002     6.2992     79.729     32.743  33.735027     3.1667      8.102   255.0911 8.6492e+02     2.4053      0.209      0.302    26.4996 0.0000e+00
      0.213      0.002     6.3214     79.783     32.726  33.717205     3.1243      8.097   255.1649 9.2543e+02     2.4354      0.209      0.303    26.5007 0.0000e+00
      0.213      0.003     6.3599     79.644     32.743  33.735029     3.1153      8.092   255.3246 8.4029e+02     2.4011      0.208      0.301    26.5044 0.0000e+00
      0.213      0.005     6.3945     79.428     32.767  33.760201     3.1330      8.087   255.4736 7.0430e+02     2.2976      0.208      0.302    26.5076 0.0000e+00
      0.213      0.009     6.4132     79.174     32.773  33.767799     3.1975      8.083   255.5895 6.6623e+02     2.1749      0.209      0.303    26.5079 0.0000e+00
      0.214      0.014     6.4196     78.586     32.766  33.763456     3.2534      8.077   255.7798 7.7206e+02     2.1812      0.208      0.302    26.5082 0.0000e+00
      0.218      0.019     6.4053     77.554     32.771  33.771130     3.2762      8.068   256.0548 9.2530e+02     2.2372      0.212      0.308    26.5081 0.0000e+00
      0.225      0.023     6.3794     76.338     32.794  33.797142     3.2652      8.055   256.2468 9.3474e+02     2.2716      0.220      0.320    26.5075 0.0000e+00
      0.234      0.025     6.3763     75.122     32.819  33.824203     3.2369      8.040   256.3796 7.9422e+02     2.3577      0.230      0.334    26.5101 0.0000e+00
      0.242      0.025     6.3326     73.982     32.837  33.844550     3.2172      8.024   256.4565 6.6416e+02     2.4237      0.238      0.345    26.5156 0.0000e+00
      0.250      0.023     6.2350     72.993     32.843  33.852842     3.2097      8.010   256.5745 6.4752e+02     2.4206      0.245      0.355    26.5201 0.0000e+00
      0.256      0.020     6.1342     72.213     32.849  33.861022     3.2545      7.998   256.7737 7.0418e+02     2.3539      0.252      0.365    26.5218 0.0000e+00
      0.259      0.017     6.0349     71.680     32.866  33.880008     3.3349      7.988   256.9716 7.3962e+02     2.1986      0.254      0.369    26.5235 0.0000e+00
      0.260      0.014     5.9401     71.385     32.876  33.892073     3.3827      7.978   257.3330 7.1535e+02     2.1484      0.255      0.370    26.5276 0.0000e+00
      0.264      0.011     5.8589     71.218     32.863  33.880019     3.4001      7.969   257.7015 6.4684e+02     2.2589      0.259      0.374    26.5314 0.0000e+00
      0.269      0.009     5.7948     71.048     32.843  33.861150     3.3950      7.959   257.9851 6.5817e+02     2.3729      0.265      0.384    26.5343 0.0000e+00
      0.272      0.008     5.7510     70.827     32.834  33.854259     3.3630      7.951   258.3526 7.3867e+02     2.4349      0.268      0.389    26.5368 0.0000e+00
      0.273      0.007     5.7313     70.558     32.838  33.860146     3.3291      7.945   258.6186 7.0480e+02     2.4273      0.268      0.388    26.5385 0.0000e+00
      0.273      0.006     5.7218     70.213     32.845  33.868893     3.3182      7.939   258.7063 5.9850e+02     2.4174      0.267      0.387    26.5407 0.0000e+00
      0.274      0.004     5.7094     69.763     32.870  33.896576     3.3228      7.933   258.8112 6.0662e+02     2.4518      0.268      0.389    26.5440 0.0000e+00
      0.275      0.003     5.6895     69.193     32.912  33.941091     3.2512      7.928   258.9397 6.8408e+02     2.4330      0.269      0.390    26.5475 0.0000e+00
      0.277      0.003     5.6696     68.508     32.932  33.963021     3.0939      7.923   259.1414 6.6661e+02     2.2933      0.272      0.394    26.5506 0.0000e+00
      0.278      0.004     5.6422     67.768     32.938  33.971410     2.9940      7.917   259.4425 6.5189e+02     2.1632      0.274      0.397    26.5530 0.0000e+00
      0.278      0.004     5.6057     67.008     32.944  33.979080     2.9844      7.910   259.6560 7.0419e+02     2.1581      0.273      0.395    26.5552 0.0000e+00
      0.278      0.005     5.5614     66.235     32.954  33.992318     3.0109      7.901   259.7432 7.8316e+02     2.1973      0.272      0.394    26.5576 0.0000e+00
      0.278      0.005     5.5022     65.489     32.964  34.004583     3.0301      7.891   259.8086 8.5910e+02     2.1924      0.272      0.394    26.5598 0.0000e+00
      0.282      0.005     5.4422     64.784     32.959  34.000498     3.0252      7.882   259.9307 8.4241e+02     2.1676      0.277      0.401    26.5619 0.0000e+00
      0.285      0.005     5.3817     64.109     32.963  34.006370     3.0268      7.877   260.1010 8.4344e+02     2.1714      0.280      0.407    26.5655 0.0000e+00
      0.286      0.004     5.3167     63.480     32.966  34.012138     3.0913      7.871   260.3195 8.4533e+02     2.2384      0.281      0.407    26.5694 0.0000e+00
      0.286      0.002     5.2568     62.922     32.959  34.006806     3.2138      7.865   260.5074 8.0445e+02     2.3622      0.280      0.407    26.5719 0.0000e+00
      0.286      0.000     5.2007     62.436     32.954  34.005342     3.2764      7.858   260.6524 7.7450e+02     2.4044      0.280      0.406    26.5737 0.0000e+00
      0.285     -0.001     5.1456     61.990     32.940  33.994450     3.2655      7.852   260.8672 6.4939e+02     2.3387      0.279      0.405    26.5756 0.0000e+00
      0.284     -0.001     5.0937     61.557     32.945  34.001995     3.2569      7.846   261.0401 5.3665e+02     2.2517      0.279      0.404    26.5790 0.0000e+00
      0.284      0.000     5.0485     61.139     32.972  34.033129     3.2641      7.839   261.0216 5.5162e+02     2.1712      0.278      0.404    26.5837 0.0000e+00
      0.284      0.000     5.0102     60.752     32.990  34.053684     3.2778      7.831   260.9020 5.7582e+02     2.1520      0.279      0.404    26.5889 0.0000e+00
      0.285      0.001     4.9751     60.408     32.995  34.060190     3.2805      7.825   260.8841 5.5254e+02     2.1555      0.279      0.405    26.5941 0.0000e+00
      0.285      0.001     4.9395     60.108     32.982  34.048363     3.2723      7.820   260.8920 5.3387e+02     2.1460      0.279      0.405    26.5982 0.0000e+00
      0.285      0.001     4.9051     59.845     32.971  34.037568     3.2865      7.813   260.9119 6.0910e+02     2.1729      0.279      0.405    26.6021 0.0000e+00
      0.286      0.000     4.8738     59.653     32.990  34.056554     3.3198      7.805   261.0375 6.8516e+02     2.2078      0.280      0.406    26.6059 0.0000e+00
      0.286     -0.000     4.8449     59.548     33.020  34.087594     3.3329      7.797   261.1200 6.2496e+02     2.2264      0.280      0.406    26.6089 0.0000e+00
      0.286     -0.001     4.8225     59.502     33.027  34.095650     3.3279      7.791   261.1356 5.4536e+02     2.1937      0.280      0.406    26.6110 0.0000e+00
      0.285     -0.001     4.7993     59.481     33.021  34.090516     3.3178      7.786   261.2257 5.7142e+02     2.1195      0.279      0.405    26.6117 0.0000e+00
      0.285     -0.001     4.7829     59.436     33.016  34.088966     3.3197      7.782   261.4345 6.1761e+02     2.1148      0.279      0.405    26.6115 0.0000e+00
      0.284      0.000     4.7765     59.331     33.001  34.076912     3.3427      7.778   261.6815 6.2530e+02     2.1365      0.278      0.402    26.6114 0.0000e+00
      0.283      0.000     4.7728     59.174     32.993  34.071665     3.3541      7.773   261.9752 6.4665e+02     2.1428      0.277      0.401    26.6109 0.0000e+00
      0.284      0.001     4.7731     58.981     33.007  34.088978     3.3666      7.767   262.2333 6.6749e+02     2.1564      0.278      0.403    26.6126 0.0000e+00
