Data/DataNotYetUploadedToEDI/Raw_CTD/RawDownloads/090522_fcr50_S7809002.cnv
* Sea-Bird SBE19plus  Data File:
* FileName = C:\R\Reservoirs\Data\DataNotYetUploadedToEDI\Raw_CTD\RawDownloads\090522_bvr50_S7809_0002.hex
* Software version 2.8.0.119
* Temperature SN = 7809
* Conductivity SN = 7809
* System UpLoad Time = Sep 05 2022 15:41:14
* <ApplicationData>
* <Seaterm232>
# nquan = 15
# nvalues = 2105                        
# units = specified
# name 0 = depFM: Depth [fresh water, m]
# name 1 = dz/dtM: Descent Rate [m/s]
# name 2 = sbeox0Mg/L: Oxygen, SBE 43 [mg/l]
# name 3 = sbeox0PS: Oxygen, SBE 43 [% saturation]
# name 4 = specc: Specific Conductance [uS/cm]
# name 5 = c0uS/cm: Conductivity [uS/cm]
# name 6 = flECO-AFL: Fluorescence, WET Labs ECO-AFL/FL [mg/m^3]
# name 7 = ph: pH
# name 8 = orp: Oxidation Reduction Potential [mV]
# name 9 = par/sat/log: PAR/Logarithmic, Satlantic
# name 10 = turbWETntu0: Turbidity, WET Labs ECO [NTU]
# name 11 = prdM: Pressure, Strain Gauge [db]
# name 12 = prdE: Pressure, Strain Gauge [psi]
# name 13 = tv290C: Temperature [ITS-90, deg C]
# name 14 = flag:  0.000e+00
# span 0 =     -0.641,      9.535       
# span 1 =     -0.358,      0.126       
# span 2 =     0.0176,     7.0747       
# span 3 =      0.175,     85.184       
# span 4 =      0.225,    511.320       
# span 5 =   0.211629, 376.907709       
# span 6 =    -0.1562,    81.8612       
# span 7 =      6.670,      8.589       
# span 8 =    20.0066,   247.6387       
# span 9 = 1.2358e-01, 1.7305e+02       
# span 10 =    -0.3513,   957.5902      
# span 11 =     -0.630,      9.352      
# span 12 =     -0.914,     13.563      
# span 13 =    11.6537,    25.2299      
# span 14 = 0.0000e+00, 0.0000e+00      
# interval = seconds: 0.25
# start_time = Sep 05 2022 09:09:47 [Instrument's time stamp, header]
# bad_flag = -9.990e-29
*END*
[from data line 97]
     -0.121      0.002     6.7473     81.011     36.394  36.049081     4.0779      7.825   129.5390 1.7215e+02     2.2120     -0.118     -0.171    24.5592 0.0000e+00
     -0.120      0.003     6.7470     81.004     36.355  36.003598     4.0738      7.817   129.9396 1.7216e+02     2.1275     -0.118     -0.172    24.5501 0.0000e+00
     -0.119      0.004     6.7480     80.994     36.333  35.975412     4.0798      7.809   129.9689 1.7230e+02     2.1168     -0.117     -0.170    24.5408 0.0000e+00
     -0.118      0.005     6.7498     81.000     36.326  35.961913     4.1408      7.802   130.0652 1.7250e+02     2.1509     -0.116     -0.168    24.5306 0.0000e+00
     -0.116      0.007     6.7542     81.004     36.337  35.967189     4.2204      7.794   130.3297 1.7255e+02     2.1644     -0.114     -0.165    24.5200 0.0000e+00
     -0.115      0.011     6.7536     81.004     36.347  35.975786     4.2515      7.786   130.2420 1.7259e+02     2.1770     -0.113     -0.163    24.5106 0.0000e+00
     -0.115      0.019     6.7526     81.031     36.372  36.002452     4.2426      7.780   130.0365 1.7278e+02     2.1667     -0.112     -0.163    24.5014 0.0000e+00
     -0.112      0.032     6.7559     81.096     36.457  36.099377     4.2456      7.772   130.0828 1.7305e+02     2.1425     -0.111     -0.161    24.4921 0.0000e+00
     -0.105      0.054     6.7570     81.179     36.591  36.259951     4.2803      7.757   130.4569 1.7260e+02     2.1238     -0.104     -0.150    24.4845 0.0000e+00
     -0.094      0.083     6.7563     81.333     36.583  36.295271     4.2962      7.736   130.9474 1.6261e+02     2.0763     -0.095     -0.137    24.4807 0.0000e+00
     -0.074      0.109     6.7570     81.617     36.385  36.146014     4.2873      7.718   131.0224 1.3951e+02     2.0470     -0.078     -0.112    24.4844 0.0000e+00
     -0.040      0.124     6.7637     81.969     36.255  36.040665     4.2808      7.707   131.0195 1.1908e+02     2.1450     -0.047     -0.067    24.4950 0.0000e+00
      0.010      0.126     6.7636     82.304     36.277  36.036138     4.2674      7.702   131.5152 1.0728e+02     2.3046      0.008      0.010    24.5346 0.0000e+00
      0.064      0.115     6.7643     82.583     36.328  36.027821     4.2500      7.700   132.3701 9.9945e+01     2.4051      0.073      0.106    24.5970 0.0000e+00
      0.098      0.095     6.7823     82.803     36.364  36.003431     4.2377      7.701   133.2676 9.8153e+01     2.4382      0.106      0.154    24.6759 0.0000e+00
      0.109      0.067     6.8067     82.958     36.403  35.994793     4.2185      7.701   133.8497 9.8683e+01     2.3636      0.108      0.157    24.7312 0.0000e+00
      0.110      0.037     6.8426     83.046     36.428  35.986722     4.1847      7.700   134.1592 9.9415e+01     2.2210      0.108      0.157    24.6792 0.0000e+00
      0.111      0.015     6.8780     83.082     36.431  35.969202     4.1702      7.699   134.6001 9.9981e+01     2.1485      0.109      0.158    24.5781 0.0000e+00
      0.111      0.005     6.9077     83.073     36.448  35.973170     4.1840      7.699   135.1371 9.9746e+01     2.1364      0.109      0.158    24.4921 0.0000e+00
      0.111      0.001     6.9299     83.041     36.453  35.971278     4.2271      7.700   135.6621 9.9522e+01     2.1424      0.109      0.159    24.4247 0.0000e+00
      0.111      0.001     6.9409     83.005     36.431  35.946310     4.2911      7.701   136.3015 9.9436e+01     2.1522      0.109      0.159    24.3830 0.0000e+00
      0.112      0.002     6.9483     82.980     36.412  35.924923     4.3256      7.701   136.9306 9.9390e+01     2.1183      0.110      0.160    24.3578 0.0000e+00
      0.112      0.003     6.9483     82.973     36.392  35.902922     4.3365      7.700   137.4182 9.9210e+01     2.1086      0.110      0.159    24.3402 0.0000e+00
      0.113      0.004     6.9468     82.973     36.363  35.870521     4.3987      7.700   137.8959 9.8923e+01     2.1711      0.110      0.160    24.3299 0.0000e+00
      0.114      0.004     6.9436     82.970     36.346  35.850221     4.5031      7.701   138.4044 9.8752e+01     2.1915      0.112      0.162    24.3290 0.0000e+00
      0.116      0.004     6.9408     82.969     36.348  35.847697     4.5492      7.701   139.0919 9.8797e+01     2.1507      0.114      0.165    24.3275 0.0000e+00
      0.117      0.004     6.9419     82.978     36.344  35.840002     4.5482      7.702   139.7556 9.8829e+01     2.1214      0.115      0.167    24.3229 0.0000e+00
      0.118      0.004     6.9425     82.978     36.329  35.820587     4.5497      7.703   140.0627 9.8853e+01     2.1108      0.116      0.168    24.3175 0.0000e+00
      0.119      0.004     6.9431     82.970     36.316  35.803169     4.5497      7.704   140.1374 9.8942e+01     2.1249      0.117      0.170    24.3122 0.0000e+00
      0.120      0.006     6.9429     82.989     36.338  35.819630     4.5489      7.705   140.3147 9.8931e+01     2.1545      0.118      0.171    24.3067 0.0000e+00
      0.120      0.011     6.9453     83.023     36.353  35.829383     4.5409      7.705   140.9158 9.8818e+01     2.1617      0.117      0.170    24.3005 0.0000e+00
      0.120      0.016     6.9472     83.061     36.320  35.794256     4.5352      7.705   141.4678 9.8451e+01     2.1438      0.118      0.171    24.2945 0.0000e+00
      0.123      0.020     6.9439     83.114     36.299  35.775374     4.5216      7.705   141.5689 9.7355e+01     2.1436      0.119      0.172    24.2885 0.0000e+00
      0.133      0.023     6.9484     83.163     36.310  35.791323     4.4856      7.705   141.6223 9.5836e+01     2.1583      0.128      0.186    24.2818 0.0000e+00
      0.145      0.023     6.9529     83.211     36.314  35.796861     4.4576      7.706   141.9417 9.4751e+01     2.1516      0.145      0.210    24.2733 0.0000e+00
      0.153      0.022     6.9549     83.256     36.299  35.778923     4.4486      7.708   142.4189 9.4109e+01     2.1301      0.152      0.221    24.2672 0.0000e+00
      0.156      0.020     6.9611     83.290     36.289  35.764672     4.4772      7.709   142.8320 9.3616e+01     2.1378      0.152      0.221    24.2719 0.0000e+00
      0.158      0.017     6.9629     83.320     36.281  35.751357     4.5375      7.709   143.3226 9.3060e+01     2.1768      0.154      0.222    24.2811 0.0000e+00
      0.161      0.014     6.9667     83.360     36.281  35.744751     4.5700      7.709   143.9628 9.2470e+01     2.1915      0.158      0.228    24.2841 0.0000e+00
      0.165      0.012     6.9716     83.409     36.291  35.748201     4.5694      7.710   144.4643 9.1932e+01     2.1789      0.162      0.234    24.2800 0.0000e+00
      0.168      0.011     6.9748     83.444     36.280  35.729645     4.5553      7.710   144.8263 9.1272e+01     2.1599      0.166      0.240    24.2720 0.0000e+00
      0.172      0.010     6.9781     83.469     36.267  35.710613     4.5496      7.711   145.1553 9.0724e+01     2.1672      0.169      0.246    24.2640 0.0000e+00
      0.174      0.007     6.9820     83.485     36.270  35.708317     4.5590      7.713   145.4308 9.0397e+01     2.1987      0.171      0.248    24.2568 0.0000e+00
      0.176      0.005     6.9892     83.487     36.269  35.701871     4.5602      7.716   145.5770 9.0125e+01     2.1994      0.172      0.249    24.2466 0.0000e+00
      0.176      0.003     6.9925     83.477     36.267  35.696077     4.5811      7.717   145.6325 8.9881e+01     2.1764      0.172      0.250    24.2356 0.0000e+00
      0.176      0.001     6.9960     83.463     36.277  35.701671     4.6293      7.718   145.9300 8.9796e+01     2.1584      0.172      0.250    24.2267 0.0000e+00
      0.176      0.001     6.9986     83.451     36.286  35.706082     4.6607      7.720   146.4198 8.9808e+01     2.1533      0.172      0.250    24.2185 0.0000e+00
      0.176      0.000     6.9996     83.451     36.270  35.686007     4.6767      7.720   146.8220 8.9663e+01     2.1490      0.173      0.251    24.2117 0.0000e+00
      0.176 4.2892e-07     6.9993     83.471     36.237  35.649157     4.6818      7.721   147.1797 8.9420e+01     2.1408      0.173      0.250    24.2058 0.0000e+00
      0.176      0.000     6.9986     83.476     36.233  35.640987     4.7142      7.724   147.4757 8.9174e+01     2.1218      0.173      0.251    24.2007 0.0000e+00
      0.176      0.000     6.9983     83.461     36.248  35.650630     4.7937      7.726   147.6471 8.8977e+01     2.0898      0.173      0.251    24.1955 0.0000e+00
      0.176      0.001     6.9975     83.449     36.241  35.638930     4.8438      7.727   147.8760 8.8838e+01     2.0961      0.172      0.249    24.1898 0.0000e+00
      0.176      0.001     7.0027     83.451     36.232  35.626337     4.8449      7.729   148.1781 8.8800e+01     2.1293      0.173      0.250    24.1837 0.0000e+00
      0.177      0.001     7.0036     83.465     36.236  35.625183     4.8325      7.731   148.5463 8.8824e+01     2.1500      0.174      0.252    24.1775 0.0000e+00
      0.177      0.002     7.0019     83.478     36.240  35.624967     4.8267      7.732   148.9726 8.8650e+01     2.1757      0.174      0.252    24.1710 0.0000e+00
      0.177      0.002     7.0020     83.488     36.243  35.623712     4.8330      7.735   149.1168 8.8316e+01     2.1670      0.174      0.252    24.1641 0.0000e+00
      0.178      0.001     7.0029     83.500     36.233  35.610005     4.8423      7.737   149.0853 8.7880e+01     2.1132      0.175      0.253    24.1575 0.0000e+00
      0.179      0.001     7.0052     83.503     36.213  35.586060     4.8477      7.739   149.2798 8.7366e+01     2.0377      0.175      0.254    24.1517 0.0000e+00
      0.179      0.001     7.0078     83.496     36.219  35.587830     4.8486      7.741   149.7480 8.7076e+01     1.9371      0.175      0.254    24.1457 0.0000e+00
      0.179      0.001     7.0073     83.477     36.394  35.758211     4.8446      7.743   150.2725 8.7386e+01     1.8876      0.175      0.254    24.1407 0.0000e+00
      0.179      0.001     7.0124     83.673     36.876  36.251082     4.8328      7.744   150.5450 8.8089e+01     1.8826      0.175      0.254    24.1343 0.0000e+00
      0.179      0.001     7.0096     84.039     37.340  36.791224     4.8056      7.745   150.6331 8.8567e+01     1.9108      0.176      0.255    24.1295 0.0000e+00
      0.179      0.001     7.0149     83.646     37.362  36.962485     4.7655      7.745   150.8214 8.8874e+01     2.0235      0.176      0.255    24.1225 0.0000e+00
      0.179      0.001     7.0062     81.954     37.112  36.863530     4.7392      7.746   151.1016 8.9128e+01     2.1181      0.175      0.254    24.1198 0.0000e+00
      0.179      0.002     7.0074     79.377     36.887  36.736436     4.7294      7.747   151.4398 8.9229e+01     2.1666      0.176      0.255    24.1119 0.0000e+00
      0.180      0.002     7.0747     76.462     36.738  36.630816     4.7467      7.749   151.8126 8.9311e+01     2.2341      0.177      0.256    24.2108 0.0000e+00
      0.180      0.002     7.0268     73.665     36.709  36.601149     4.7992      7.750   151.9960 8.9403e+01     2.2856      0.177      0.257    24.4708 0.0000e+00
      0.181      0.002     6.8324     71.335     36.758  36.631387     4.8388      7.753   152.1079 8.9418e+01     2.2765      0.178      0.258    24.6883 0.0000e+00
      0.182      0.002     6.5909     69.481     36.759  36.615914     4.8509      7.754   152.2190 8.9358e+01     2.1923      0.179      0.259    24.8144 0.0000e+00
      0.183      0.001     6.3285     67.905     36.694  36.540869     4.8547      7.754   152.1353 8.9258e+01     2.1223      0.180      0.260    24.8720 0.0000e+00
      0.183     -0.002     6.0867     66.558     36.644  36.484961     4.8595      7.756   151.9559 8.9087e+01     2.1473      0.180      0.260    24.8538 0.0000e+00
      0.183     -0.005     5.8967     65.437     36.676  36.510648     4.8595      7.757   152.0287 8.9049e+01     2.1870      0.181      0.262    24.8191 0.0000e+00
      0.182     -0.006     5.7578     64.465     36.705  36.534378     4.8534      7.756   152.5001 8.9587e+01     2.1582      0.180      0.260    24.7964 0.0000e+00
      0.178     -0.004     5.6255     63.564     36.628  36.454799     4.8441      7.752   152.8369 9.0462e+01     2.1067      0.175      0.254    24.7854 0.0000e+00
      0.173     -0.001     5.5143     62.692     36.545  36.372825     4.8631      7.747   152.7458 9.0799e+01     2.1106      0.169      0.245    24.7763 0.0000e+00
      0.171      0.002     5.4260     61.928     36.543  36.367596     4.9258      7.743   152.6024 8.9843e+01     2.1714      0.165      0.239    24.7687 0.0000e+00
      0.176      0.006     5.3471     61.370     36.576  36.391580     4.9616      7.743   152.7386 8.8313e+01     2.1926      0.172      0.248    24.7593 0.0000e+00
      0.182      0.008     5.2764     60.959     36.601  36.409146     4.9545      7.744   153.2739 8.7638e+01     2.1273      0.180      0.262    24.7540 0.0000e+00
      0.186      0.009     5.1997     60.558     36.586  36.389741     4.8818      7.745   153.8259 8.7334e+01     2.0995      0.182      0.265    24.7616 0.0000e+00
      0.188      0.008     5.1316     60.104     36.547  36.347181     4.7562      7.747   153.9063 8.6752e+01     2.1637      0.183      0.267    24.7594 0.0000e+00
      0.188      0.007     5.0898     59.594     36.541  36.338431     4.6922      7.750   153.8153 8.6134e+01     2.2204      0.184      0.268    24.7399 0.0000e+00
      0.188      0.007     5.0628     59.057     36.552  36.347359     4.6749      7.751   153.8446 8.5443e+01     2.2041      0.185      0.267    24.7297 0.0000e+00
      0.189      0.011     5.0301     58.511     36.536  36.328306     4.6218      7.751   154.0876 8.4693e+01     2.1719      0.185      0.269    24.7267 0.0000e+00
      0.190      0.017     4.9936     57.934     36.506  36.298294     4.5417      7.752   154.5167 8.3823e+01     2.1385      0.185      0.269    24.7205 0.0000e+00
      0.193      0.024     4.9504     57.389     36.511  36.301542     4.4964      7.752   154.9899 8.2466e+01     2.1081      0.187      0.272    24.7171 0.0000e+00
      0.202      0.032     4.9041     56.967     36.516  36.304170     4.4988      7.751   155.4213 8.0692e+01     2.1458      0.196      0.285    24.7152 0.0000e+00
      0.215      0.038     4.8626     56.665     36.480  36.266641     4.5291      7.749   155.4296 7.9251e+01     2.1848      0.213      0.308    24.7100 0.0000e+00
      0.225      0.040     4.8118     56.472     36.439  36.228253     4.5716      7.748   155.3487 7.8148e+01     2.1350      0.221      0.320    24.7083 0.0000e+00
      0.235      0.037     4.7620     56.439     36.430  36.220500     4.5971      7.749   155.9057 7.6770e+01     2.0895      0.227      0.330    24.7106 0.0000e+00
      0.249      0.032     4.7293     56.575     36.449  36.236319     4.6118      7.750   156.8307 7.5565e+01     2.1478      0.247      0.359    24.7026 0.0000e+00
      0.259      0.025     4.7057     56.818     36.445  36.229278     4.6160      7.750   157.4114 7.4980e+01     2.1911      0.258      0.374    24.6980 0.0000e+00
      0.263      0.018     4.6860     57.142     36.416  36.198776     4.6145      7.751   157.5064 7.4468e+01     2.1349      0.257      0.374    24.7068 0.0000e+00
      0.264      0.011     4.6822     57.543     36.403  36.184575     4.6357      7.754   157.3781 7.3774e+01     2.0830      0.259      0.376    24.7087 0.0000e+00
      0.264      0.005     4.6977     57.946     36.403  36.184403     4.6640      7.757   157.4086 7.3171e+01     2.1103      0.259      0.375    24.7034 0.0000e+00
      0.265      0.002     4.7187     58.239     36.417  36.196693     4.6740      7.759   157.8756 7.2661e+01     2.1576      0.259      0.376    24.6991 0.0000e+00
