Data/DataNotYetUploadedToEDI/Raw_CTD/RawDownloads/090523_fcr50_S7809002.cnv
* Sea-Bird SBE19plus  Data File:
* FileName = C:\R\Reservoirs\Data\DataNotYetUploadedToEDI\Raw_CTD\RawDownloads\090523_bvr50_S7809_0002.hex
* Software version 2.8.0.119
* Temperature SN = 7809
* Conductivity SN = 7809
* System UpLoad Time = Sep 06 2023 10:53:54
* <ApplicationData>
* <Seaterm232>
# nquan = 15
# nvalues = 1314                        
# units = specified
# name 0 = depFM: Depth [fresh water, m]
# name 1 = dz/dtM: Descent Rate [m/s]
# name 2 = sbeox0Mg/L: Oxygen, SBE 43 [mg/l]
# name 3 = sbeox0PS: Oxygen, SBE 43 [% saturation]
# name 4 = specc: Specific Conductance [uS/cm]
# name 5 = c0uS/cm: Conductivity [uS/cm]
# name 6 = flECO-AFL: Fluorescence, WET Labs ECO-AFL/FL [mg/m^3]
# name 7 = ph: pH
# name 8 = orp: Oxidation Reduction Potential [mV]
# name 9 = par/sat/log: PAR/Logarithmic, Satlantic
# name 10 = turbWETntu0: Turbidity, WET Labs ECO [NTU]
# name 11 = prdM: Pressure, Strain Gauge [db]
# name 12 = prdE: Pressure, Strain Gauge [psi]
# name 13 = tv290C: Temperature [ITS-90, deg C]
# name 14 = flag:  0.000e+00
# span 0 =     -0.620,      9.065       
# span 1 =     -0.354,      0.135       
# span 2 =     0.1166,     9.6203       
# span 3 =      1.106,    114.214       
# span 4 =     18.027,     60.301       
# span 5 =  18.529654,  48.727614       
# span 6 =    -0.1105,    83.0116       
# span 7 =      6.208,      8.551       
# span 8 =   160.0003,   273.8829       
# span 9 = 1.2322e-01, 2.0700e+03       
# span 10 =    -0.4699,    14.9160      
# span 11 =     -0.612,      8.890      
# span 12 =     -0.887,     12.894      
# span 13 =    11.7757,    29.8486      
# span 14 = 0.0000e+00, 0.0000e+00      
# interval = seconds: 0.25
# start_time = Sep 05 2023 13:20:21 [Instrument's time stamp, header]
# bad_flag = -9.990e-29
*END*
[from data line 579]
      4.458      0.066     3.7000     35.355     58.682  43.267012     0.7646      7.073   187.4318 2.0528e-01     7.6163      4.374      6.343    11.8991 0.0000e+00
      4.478      0.066     3.7643     35.302     58.726  43.291049     0.7791      7.070   188.0361 2.0263e-01     8.1404      4.392      6.370    11.8855 0.0000e+00
      4.493      0.066     3.8033     35.265     58.751  43.303640     0.7810      7.067   188.9130 1.9914e-01     9.0884      4.407      6.391    11.8735 0.0000e+00
      4.507      0.064     3.8247     35.262     58.736  43.292289     0.7709      7.064   190.2051 2.0206e-01     9.6156      4.419      6.409    11.8682 0.0000e+00
      4.522      0.060     3.8253     35.264     58.718  43.280756     0.7579      7.061   191.4411 2.0106e-01     9.6983      4.434      6.431    11.8643 0.0000e+00
      4.540      0.057     3.8142     35.252     58.730  43.291153     0.7399      7.059   192.5005 2.0056e-01    10.1224      4.453      6.458    11.8552 0.0000e+00
      4.557      0.056     3.8116     35.227     58.728  43.291040     0.7110      7.055   193.4634 2.0966e-01    10.9177      4.470      6.483    11.8477 0.0000e+00
      4.569      0.057     3.8126     35.197     58.708  43.279395     0.6912      7.051   194.1350 1.9622e-01    11.3552      4.481      6.499    11.8505 0.0000e+00
      4.579      0.060     3.8129     35.168     58.706  43.277306     0.6760      7.048   194.5130 1.6658e-01    11.4149      4.490      6.513    11.8527 0.0000e+00
      4.592      0.065     3.8119     35.113     58.699  43.265785     0.6271      7.045   195.1944 1.6558e-01    11.8785      4.501      6.529    11.8529 0.0000e+00
      4.609      0.070     3.8086     35.021     58.710  43.267035     0.5739      7.042   196.3507 1.7027e-01    12.7929      4.517      6.551    11.8543 0.0000e+00
      4.630      0.072     3.8044     34.941     58.748  43.292415     0.5655      7.039   197.4804 1.5949e-01    13.2481      4.540      6.585    11.8583 0.0000e+00
      4.655      0.070     3.8025     34.900     58.782  43.318750     0.5755      7.036   197.8401 1.6431e-01    13.2491      4.566      6.623    11.8593 0.0000e+00
      4.678      0.064     3.7990     34.867     58.795  43.331540     0.5704      7.033   197.7754 1.7168e-01    13.2838      4.590      6.657    11.8509 0.0000e+00
      4.695      0.054     3.7861     34.852     58.769  43.320110     0.5450      7.029   198.3322 1.5636e-01    13.2917      4.606      6.682    11.8431 0.0000e+00
      4.705      0.045     3.7761     34.882     58.735  43.307519     0.5181      7.026   199.2378 1.5141e-01    13.3106      4.615      6.694    11.8427 0.0000e+00
      4.710      0.040     3.7745     34.927     58.712  43.306259     0.5117      7.024   200.2075 1.6181e-01    13.3406      4.620      6.700    11.8432 0.0000e+00
      4.714      0.041     3.7701     34.973     58.702  43.304895     0.5085      7.023   200.6777 1.5951e-01    13.3471      4.622      6.703    11.8453 0.0000e+00
      4.720      0.046     3.7650     35.024     58.700  43.291039     0.4958      7.020   200.2770 1.5018e-01    13.3894      4.625      6.709    11.8524 0.0000e+00
      4.732      0.052     3.7704     35.052     58.694  43.265660     0.4832      7.017   200.2674 1.4902e-01    13.4420      4.636      6.725    11.8621 0.0000e+00
      4.753      0.056     3.7742     35.038     58.699  43.251917     0.4812      7.013   201.0777 1.5300e-01    13.4712      4.660      6.757    11.8794 0.0000e+00
      4.776      0.056     3.7767     34.995     58.711  43.251804     0.4973      7.009   202.0735 1.4602e-01    13.5031      4.687      6.796    11.8907 0.0000e+00
      4.793      0.053     3.7861     34.960     58.733  43.264280     0.5439      7.008   202.4987 1.3210e-01    13.4176      4.703      6.821    11.8747 0.0000e+00
      4.803      0.046     3.7914     34.947     58.748  43.275812     0.5958      7.007   202.4326 1.2715e-01    13.1900      4.711      6.833    11.8514 0.0000e+00
      4.808      0.039     3.7913     34.947     58.726  43.264278     0.6091      7.004   202.6514 1.3769e-01    13.0395      4.715      6.839    11.8372 0.0000e+00
      4.815      0.034     3.7846     34.965     58.703  43.251782     0.6126      7.001   203.0785 1.5165e-01    13.0311      4.721      6.848    11.8303 0.0000e+00
      4.823      0.032     3.7808     34.982     58.701  43.251677     0.6130      6.997   203.5528 1.5072e-01    13.0894      4.731      6.862    11.8269 0.0000e+00
      4.832      0.033     3.7806     34.984     58.720  43.263019     0.5895      6.994   204.4286 1.4396e-01    13.1636      4.739      6.873    11.8267 0.0000e+00
      4.841      0.035     3.7787     34.992     58.726  43.261962     0.5700      6.992   205.4933 1.3817e-01    13.2106      4.747      6.885    11.8328 0.0000e+00
      4.850      0.035     3.7816     34.995     58.703  43.238890     0.5601      6.989   206.1017 1.3197e-01    13.1798      4.757      6.900    11.8381 0.0000e+00
      4.859      0.034     3.7847     34.984     58.708  43.237955     0.5858      6.987   206.3645 1.2829e-01    13.0646      4.765      6.911    11.8390 0.0000e+00
      4.868      0.033     3.7826     34.987     58.728  43.250649     0.6567      6.984   206.5193 1.2642e-01    12.9110      4.774      6.924    11.8363 0.0000e+00
      4.878      0.030     3.7852     34.998     58.749  43.265415     0.7010      6.981   207.3715 1.2498e-01    12.8252      4.784      6.939    11.8314 0.0000e+00
      4.886      0.029     3.7874     35.004     58.781  43.289536     0.6970      6.979   208.9247 1.2698e-01    12.8131      4.793      6.951    11.8253 0.0000e+00
      4.892      0.029     3.7835     35.019     58.778  43.288399     0.6827      6.976   209.8114 1.3004e-01    12.7641      4.798      6.959    11.8211 0.0000e+00
      4.897      0.032     3.7852     35.066     58.726  43.251670     0.6778      6.973   210.0058 1.2758e-01    12.7111      4.801      6.963    11.8196 0.0000e+00
      4.902      0.037     3.7872     35.106     58.693  43.226290     0.6799      6.970   210.0706 1.2458e-01    12.6513      4.806      6.972    11.8192 0.0000e+00
      4.910      0.045     3.7874     35.101     58.709  43.235437     0.6825      6.969   210.6806 1.2388e-01    12.5877      4.814      6.983    11.8193 0.0000e+00
      4.923      0.051     3.7865     35.080     58.712  43.235313     0.6760      6.967   211.8753 1.2393e-01    12.5908      4.826      6.999    11.8205 0.0000e+00
      4.941      0.054     3.7939     35.055     58.697  43.224793     0.6360      6.964   212.7273 1.2434e-01    12.8941      4.844      7.026    11.8227 0.0000e+00
      4.961      0.054     3.8014     35.016     58.710  43.235178     0.5811      6.961   213.2390 1.2391e-01    13.4878      4.867      7.059    11.8221 0.0000e+00
      4.978      0.053     3.7976     34.986     58.708  43.233929     0.5701      6.959   213.5024 1.2344e-01    13.7906      4.883      7.082    11.8188 0.0000e+00
      4.989      0.052     3.7958     34.976     58.675  43.209695     0.5855      6.957   213.6747 1.2348e-01    13.7537      4.894      7.098    11.8166 0.0000e+00
      4.996      0.051     3.7942     34.962     58.657  43.196064     0.5757      6.954   214.2901 1.2349e-01    13.5885      4.899      7.106    11.8168 0.0000e+00
      5.005      0.048     3.7885     34.962     58.658  43.196074     0.5523      6.951   214.9198 1.2342e-01    13.3308      4.904      7.113    11.8181 0.0000e+00
      5.020      0.045     3.7836     34.986     58.679  43.209810     0.5523      6.948   215.2655 1.2340e-01    13.2346      4.921      7.138    11.8185 0.0000e+00
      5.038      0.042     3.7856     35.010     58.714  43.235190     0.5671      6.944   215.6309 1.2343e-01    13.2785      4.943      7.170    11.8187 0.0000e+00
      5.051      0.041     3.7821     35.040     58.732  43.249046     0.5821      6.942   215.6381 1.2341e-01    13.3499      4.955      7.187    11.8188 0.0000e+00
      5.058      0.041     3.7809     35.066     58.732  43.250400     0.5997      6.941   215.3528 1.2336e-01    13.4491      4.961      7.195    11.8177 0.0000e+00
      5.062      0.042     3.7874     35.082     58.734  43.251554     0.6056      6.938   215.5369 1.2336e-01    13.4873      4.964      7.199    11.8161 0.0000e+00
      5.067      0.046     3.7870     35.098     58.753  43.263001     0.6111      6.935   216.1426 1.2337e-01    13.5041      4.966      7.202    11.8151 0.0000e+00
      5.080      0.053     3.7921     35.101     58.755  43.261849     0.6085      6.933   216.8260 1.2337e-01    13.4811      4.979      7.221    11.8163 0.0000e+00
      5.101      0.062     3.7950     35.091     58.724  43.237623     0.5817      6.931   216.7450 1.2334e-01    13.3800      5.003      7.257    11.8186 0.0000e+00
      5.121      0.070     3.7951     35.086     58.707  43.223984     0.5619      6.928   215.9376 1.2330e-01    13.3060      5.024      7.285    11.8180 0.0000e+00
      5.138      0.075     3.7990     35.077     58.707  43.223889     0.5527      6.925   215.8397 1.2331e-01    13.2700      5.038      7.307    11.8149 0.0000e+00
      5.156      0.077     3.7991     35.053     58.724  43.236471     0.5704      6.923   216.5942 1.2333e-01    13.3891      5.055      7.332    11.8125 0.0000e+00
      5.177      0.075     3.7968     35.038     58.741  43.249155     0.6176      6.922   217.4882 1.2333e-01    13.6181      5.076      7.362    11.8109 0.0000e+00
      5.199      0.071     3.7971     35.040     58.743  43.250308     0.6416      6.919   217.6147 1.2336e-01    13.7158      5.099      7.396    11.8103 0.0000e+00
      5.220      0.066     3.7970     35.027     58.744  43.250403     0.6347      6.916   216.9192 1.2338e-01    13.7170      5.120      7.426    11.8101 0.0000e+00
      5.237      0.060     3.7931     34.982     58.745  43.250309     0.6173      6.914   216.6499 1.2337e-01    13.6672      5.137      7.451    11.8100 0.0000e+00
      5.248      0.052     3.7903     34.915     58.745  43.249165     0.5986      6.911   217.0272 1.2336e-01    13.6258      5.148      7.466    11.8110 0.0000e+00
      5.258      0.045     3.7929     34.843     58.729  43.236575     0.5835      6.908   217.4375 1.2334e-01    13.5923      5.155      7.477    11.8112 0.0000e+00
      5.268      0.038     3.7925     34.795     58.714  43.225034     0.5764      6.905   217.9107 1.2329e-01    13.5355      5.166      7.492    11.8096 0.0000e+00
      5.278      0.032     3.7861     34.775     58.727  43.236575     0.5703      6.902   218.3603 1.2326e-01    13.5190      5.177      7.509    11.8087 0.0000e+00
      5.288      0.027     3.7796     34.767     58.739  43.249165     0.5588      6.900   218.4852 1.2333e-01    13.4951      5.187      7.524    11.8080 0.0000e+00
      5.295      0.024     3.7694     34.775     58.738  43.250309     0.5542      6.898   218.5603 1.2344e-01    13.4865      5.194      7.534    11.8071 0.0000e+00
      5.298      0.022     3.7644     34.803     58.740  43.250413     0.5571      6.895   218.8380 1.2345e-01    13.5166      5.196      7.536    11.8063 0.0000e+00
      5.299      0.022     3.7636     34.831     58.744  43.250423     0.5608      6.891   219.6924 1.2342e-01    13.5182      5.196      7.536    11.8074 0.0000e+00
      5.302      0.024     3.7616     34.853     58.745  43.250425     0.5563      6.890   220.8026 1.2344e-01    13.4719      5.198      7.539    11.8124 0.0000e+00
      5.310      0.027     3.7619     34.869     58.744  43.250434     0.5447      6.889   221.2489 1.2346e-01    13.4339      5.207      7.551    11.8145 0.0000e+00
      5.320      0.032     3.7664     34.863     58.744  43.250539     0.5462      6.887   221.1300 1.2342e-01    13.4699      5.218      7.569    11.8123 0.0000e+00
      5.329      0.035     3.7700     34.843     58.747  43.251694     0.5657      6.884   220.9137 1.2337e-01    13.5305      5.226      7.580    11.8097 0.0000e+00
      5.339      0.036     3.7714     34.824     58.766  43.264389     0.5803      6.882   221.8175 1.2335e-01    13.5525      5.235      7.592    11.8090 0.0000e+00
      5.349      0.036     3.7753     34.804     58.779  43.277084     0.5728      6.879   223.7122 1.2331e-01    13.5300      5.246      7.609    11.8106 0.0000e+00
      5.359      0.036     3.7731     34.790     58.772  43.278236     0.5584      6.876   224.5496 1.2329e-01    13.4978      5.256      7.623    11.8107 0.0000e+00
      5.368      0.037     3.7704     34.785     58.762  43.278330     0.5563      6.873   224.1124 1.2338e-01    13.5044      5.264      7.636    11.8090 0.0000e+00
      5.375      0.038     3.7694     34.784     58.757  43.278235     0.5718      6.871   223.5887 1.2346e-01    13.5765      5.270      7.645    11.8074 0.0000e+00
      5.384      0.040     3.7659     34.773     58.750  43.277081     0.5968      6.869   224.1546 1.2342e-01    13.6861      5.277      7.655    11.8085 0.0000e+00
      5.396      0.042     3.7642     34.766     58.727  43.264386     0.6085      6.867   225.5340 1.2337e-01    13.7362      5.291      7.675    11.8159 0.0000e+00
      5.408      0.044     3.7628     34.786     58.708  43.251690     0.6049      6.865   226.2421 1.2339e-01    13.7037      5.305      7.693    11.8240 0.0000e+00
      5.420      0.044     3.7638     34.820     58.711  43.250526     0.6038      6.863   226.2640 1.2342e-01    13.6697      5.314      7.708    11.8253 0.0000e+00
      5.432      0.043     3.7620     34.864     58.717  43.250307     0.5949      6.861   226.4010 1.2342e-01    13.6666      5.327      7.726    11.8272 0.0000e+00
      5.443      0.042     3.7583     34.903     58.721  43.249040     0.5717      6.859   226.6073 1.2344e-01    13.6999      5.340      7.744    11.8342 0.0000e+00
      5.452      0.042     3.7625     34.920     58.709  43.235201     0.5561      6.856   226.8654 1.2342e-01    13.7306      5.348      7.755    11.8356 0.0000e+00
      5.462      0.042     3.7658     34.935     58.681  43.209926     0.5480      6.852   227.4568 1.2339e-01    13.6968      5.357      7.769    11.8302 0.0000e+00
      5.472      0.042     3.7713     34.949     58.669  43.197336     0.5494      6.851   227.9935 1.2341e-01    13.7355      5.367      7.784    11.8264 0.0000e+00
      5.482      0.043     3.7780     34.944     58.690  43.209926     0.5648      6.849   228.1920 1.2338e-01    13.8909      5.375      7.795    11.8228 0.0000e+00
      5.494      0.046     3.7776     34.934     58.727  43.235192     0.5760      6.847   227.7915 1.2333e-01    14.0045      5.388      7.814    11.8179 0.0000e+00
      5.507      0.049     3.7800     34.919     58.747  43.248927     0.5680      6.844   227.1094 1.2334e-01    14.0160      5.402      7.835    11.8147 0.0000e+00
      5.518      0.050     3.7838     34.895     58.749  43.249041     0.5350      6.842   227.1722 1.2336e-01    13.9280      5.410      7.847    11.8116 0.0000e+00
      5.532      0.049     3.7812     34.877     58.734  43.236565     0.5091      6.840   227.8631 1.2332e-01    13.8281      5.423      7.865    11.8087 0.0000e+00
      5.549      0.046     3.7811     34.868     58.718  43.225035     0.5140      6.837   228.5796 1.2329e-01    13.7982      5.442      7.895    11.8076 0.0000e+00
      5.562      0.041     3.7799     34.863     58.732  43.236578     0.5191      6.835   228.1783 1.2333e-01    13.8065      5.456      7.914    11.8066 0.0000e+00
      5.571      0.036     3.7760     34.863     58.747  43.249177     0.5043      6.832   226.7962 1.2333e-01    13.7231      5.463      7.924    11.8054 0.0000e+00
      5.577      0.031     3.7748     34.871     58.747  43.250425     0.4848      6.830   226.3228 1.2332e-01    13.5408      5.471      7.935    11.8042 0.0000e+00
