Data/DataNotYetUploadedToEDI/Raw_CTD/RawDownloads/090522_bvr50_S7809001.cnv
* Sea-Bird SBE19plus  Data File:
* FileName = C:\R\Reservoirs\Data\DataNotYetUploadedToEDI\Raw_CTD\RawDownloads\090522_bvr50_S7809_0001.hex
* Software version 2.8.0.119
* Temperature SN = 7809
* Conductivity SN = 7809
* System UpLoad Time = Sep 05 2022 15:40:20
* <ApplicationData>
* <Seaterm232>
# nquan = 15
# nvalues = 1386                        
# units = specified
# name 0 = depFM: Depth [fresh water, m]
# name 1 = dz/dtM: Descent Rate [m/s]
# name 2 = sbeox0Mg/L: Oxygen, SBE 43 [mg/l]
# name 3 = sbeox0PS: Oxygen, SBE 43 [% saturation]
# name 4 = specc: Specific Conductance [uS/cm]
# name 5 = c0uS/cm: Conductivity [uS/cm]
# name 6 = flECO-AFL: Fluorescence, WET Labs ECO-AFL/FL [mg/m^3]
# name 7 = ph: pH
# name 8 = orp: Oxidation Reduction Potential [mV]
# name 9 = par/sat/log: PAR/Logarithmic, Satlantic
# name 10 = turbWETntu0: Turbidity, WET Labs ECO [NTU]
# name 11 = prdM: Pressure, Strain Gauge [db]
# name 12 = prdE: Pressure, Strain Gauge [psi]
# name 13 = tv290C: Temperature [ITS-90, deg C]
# name 14 = flag:  0.000e+00
# span 0 =     -0.719,      7.163       
# span 1 =     -0.361,      0.233       
# span 2 =     0.0252,     6.8093       
# span 3 =      0.267,     82.134       
# span 4 =     29.882,    196.760       
# span 5 =  28.850928, 138.626917       
# span 6 =     0.5523,    42.0983       
# span 7 =      6.836,      7.838       
# span 8 =  -110.3249,   236.2691       
# span 9 = 1.2357e-01, 2.2488e+02       
# span 10 =     1.7345,    11.6116      
# span 11 =     -0.706,      7.025      
# span 12 =     -1.024,     10.189      
# span 13 =    10.2033,    25.2508      
# span 14 = 0.0000e+00, 0.0000e+00      
# interval = seconds: 0.25
# start_time = Sep 05 2022 06:49:02 [Instrument's time stamp, header]
# bad_flag = -9.990e-29
*END*
[from data line 1157]
      4.521     -0.125     0.0771      0.700    154.662 111.338848     5.1278      7.646  -102.8608 1.2377e-01     5.4260      4.435      6.432    10.9802 0.0000e+00
      4.500     -0.134     0.0806      0.680    154.800 111.473007     5.0537      7.648  -103.2695 1.2436e-01     5.3842      4.418      6.407    10.9959 0.0000e+00
      4.470     -0.154     0.0796      0.684    154.490 111.287601     4.9248      7.648  -103.4375 1.3074e-01     5.3373      4.386      6.360    10.9988 0.0000e+00
      4.430     -0.183     0.0814      0.684    153.344 110.497493     4.8512      7.649  -103.3435 1.4626e-01     5.3378      4.346      6.303    10.9865 0.0000e+00
      4.380     -0.209     0.0772      0.663    151.772 109.430409     4.8550      7.651  -103.5094 1.7386e-01     5.4238      4.300      6.236    10.9866 0.0000e+00
      4.318     -0.219     0.0731      0.647    151.039 109.014675     5.0041      7.653  -103.8946 2.2516e-01     6.0016      4.239      6.149    11.0044 0.0000e+00
      4.242     -0.204     0.0760      0.645    150.830 108.971607     5.2725      7.653  -104.2154 2.8998e-01     6.9955      4.162      6.037    11.0161 0.0000e+00
      4.166     -0.170     0.0766      0.629    150.407 108.718816     5.4120      7.654  -104.3773 3.3907e-01     7.5001      4.076      5.913    11.0235 0.0000e+00
      4.113     -0.125     0.0727      0.616    150.359 108.694914     5.4252      7.655  -104.2168 3.5836e-01     7.5605      4.016      5.825    11.0396 0.0000e+00
      4.099     -0.073     0.0695      0.636    150.895 109.064535     5.4733      7.657  -103.9094 3.4981e-01     7.8276      4.010      5.817    11.0860 0.0000e+00
      4.109     -0.025     0.0727      0.664    151.637 109.560121     5.5444      7.657  -103.8440 3.3416e-01     8.2353      4.030      5.845    11.1318 0.0000e+00
      4.122      0.005     0.0692      0.674    151.575 109.468081     5.5697      7.656  -103.8560 3.2241e-01     8.4249      4.045      5.867    11.1415 0.0000e+00
      4.132      0.011     0.0652      0.672    150.812 108.906322     5.5712      7.654  -103.5389 3.0682e-01     8.4133      4.051      5.876    11.1464 0.0000e+00
      4.142      0.000     0.0701      0.682    150.520 108.750523     5.5375      7.653  -103.1929 2.9557e-01     8.2999      4.062      5.891    11.1393 0.0000e+00
      4.145     -0.016     0.0739      0.689    150.656 108.920949     5.4618      7.654  -103.1148 3.0372e-01     8.1122      4.073      5.907    11.1252 0.0000e+00
      4.132     -0.031     0.0753      0.678    150.716 108.994070     5.4208      7.654  -103.1098 3.3121e-01     8.0223      4.057      5.884    11.1039 0.0000e+00
      4.109     -0.047     0.0726      0.654    150.551 108.870943     5.4170      7.653  -103.3058 3.5629e-01     8.0333      4.026      5.838    11.0917 0.0000e+00
      4.092     -0.065     0.0750      0.617    150.052 108.514151     5.4160      7.652  -103.9356 3.6108e-01     8.0403      4.008      5.813    11.1209 0.0000e+00
      4.085     -0.082     0.0774      0.598    149.177 107.925890     5.3918      7.652  -104.6159 3.6857e-01     8.2089      4.007      5.814    11.1536 0.0000e+00
      4.073     -0.097     0.0737      0.612    148.181 107.295147     5.3405      7.653  -104.9058 3.9753e-01     8.5344      4.001      5.803    11.1606 0.0000e+00
      4.045     -0.112     0.0739      0.623    147.257 106.742831     5.3033      7.654  -105.0309 4.3193e-01     8.6974      3.972      5.760    11.1537 0.0000e+00
      4.004     -0.130     0.0663      0.614    146.081 106.020836     5.2914      7.654  -105.1826 4.7043e-01     8.6769      3.927      5.695    11.1502 0.0000e+00
      3.962     -0.147     0.0639      0.594    144.811 105.247346     5.2879      7.654  -105.1906 5.1891e-01     8.6968      3.883      5.631    11.1652 0.0000e+00
      3.924     -0.154     0.0677      0.587    144.126 104.899523     5.2860      7.653  -105.0422 5.7198e-01     8.8012      3.849      5.583    11.1987 0.0000e+00
      3.885     -0.144     0.0693      0.599    143.841 104.806264     5.2935      7.653  -105.1095 6.3277e-01     8.8795      3.811      5.528    11.2405 0.0000e+00
      3.840     -0.120     0.0678      0.607    142.973 104.247141     5.3125      7.653  -105.7461 7.2226e-01     8.9264      3.767      5.463    11.2836 0.0000e+00
      3.797     -0.092     0.0642      0.591    141.136 102.974960     5.3907      7.654  -106.7165 8.1210e-01     9.0614      3.718      5.394    11.3351 0.0000e+00
      3.772     -0.064     0.0632      0.567    138.633 101.258999     5.5229      7.655  -107.3779 8.2770e-01     9.2814      3.687      5.347    11.3951 0.0000e+00
      3.773     -0.037     0.0651      0.549    133.573  97.751138     5.5967      7.655  -107.3754 7.9300e-01     9.4342      3.698      5.363    11.4342 0.0000e+00
      3.785     -0.014     0.0685      0.550    126.924  93.255705     5.6079      7.655  -106.9452 7.8232e-01     9.4745      3.717      5.391    11.4562 0.0000e+00
      3.789      0.001     0.0637      0.552    124.083  91.744979     5.5999      7.655  -106.4782 8.0375e-01     9.4953      3.718      5.393    11.4703 0.0000e+00
      3.786      0.004     0.0622      0.522    124.498  92.524957     5.5834      7.655  -106.0309 8.1823e-01     9.5486      3.711      5.383    11.5111 0.0000e+00
      3.786     -0.003     0.0585      0.499    125.114  93.148449     5.5754      7.656  -105.5812 8.0370e-01     9.5723      3.711      5.382    11.5698 0.0000e+00
      3.789     -0.013     0.0587      0.504    126.868  94.450789     5.5777      7.656  -104.9985 7.9844e-01     9.5776      3.718      5.393    11.6879 0.0000e+00
      3.786     -0.023     0.0625      0.515    130.228  96.887354     5.5531      7.656  -104.2338 8.2130e-01     9.4412      3.715      5.389    11.9850 0.0000e+00
      3.779     -0.035     0.0551      0.529    133.135  98.884854     5.4869      7.656  -103.7350 8.4434e-01     9.1536      3.704      5.372    12.2208 0.0000e+00
      3.769     -0.048     0.0517      0.558    134.245  99.456632     5.4429      7.657  -103.6142 8.7485e-01     9.0035      3.698      5.363    12.2377 0.0000e+00
      3.755     -0.055     0.0542      0.579    134.152  99.156965     5.4359      7.657  -103.8051 9.4460e-01     8.9578      3.687      5.348    12.2218 0.0000e+00
      3.734     -0.055     0.0555      0.585    133.519  98.569151     5.4527      7.657  -104.3225 1.0411e+00     9.0111      3.663      5.311    12.2150 0.0000e+00
      3.709     -0.050     0.0554      0.595    133.038  98.201563     5.4880      7.657  -104.6212 1.1213e+00     9.2036      3.635      5.271    12.1500 0.0000e+00
      3.693     -0.043     0.0606      0.594    132.932  98.147543     5.5138      7.657  -104.4055 1.1458e+00     9.3045      3.617      5.246    12.0357 0.0000e+00
      3.688     -0.038     0.0637      0.580    133.114  98.297682     5.5308      7.657  -104.3815 1.1269e+00     9.3091      3.615      5.242    11.9369 0.0000e+00
      3.690     -0.037     0.0619      0.560    133.283  98.426657     5.5190      7.658  -104.9340 1.1208e+00     9.2592      3.621      5.250    11.8912 0.0000e+00
      3.689     -0.042     0.0655      0.528    133.038  98.243938     5.4709      7.659  -105.3203 1.1553e+00     9.1113      3.621      5.252    11.9022 0.0000e+00
      3.679     -0.053     0.0647      0.498    132.603  97.933138     5.4403      7.659  -105.0948 1.2338e+00     8.9900      3.610      5.237    11.9165 0.0000e+00
      3.660     -0.066     0.0623      0.487    132.183  97.658445     5.4325      7.659  -104.7027 1.3338e+00     8.9194      3.591      5.209    11.9201 0.0000e+00
      3.635     -0.077     0.0614      0.487    131.676  97.339809     5.4175      7.659  -104.5370 1.4323e+00     8.8719      3.565      5.172    11.9227 0.0000e+00
      3.609     -0.084     0.0567      0.485    130.712  96.688495     5.3761      7.659  -104.4675 1.5205e+00     8.7579      3.537      5.129    11.9183 0.0000e+00
      3.586     -0.087     0.0530      0.487    129.359  95.762404     5.3150      7.659  -104.0351 1.6122e+00     8.5315      3.515      5.098    11.9208 0.0000e+00
      3.566     -0.089     0.0520      0.492    127.659  94.601875     5.2942      7.660  -103.0089 1.7224e+00     8.4239      3.499      5.075    11.9334 0.0000e+00
      3.546     -0.095     0.0532      0.497    125.194  92.896241     5.3247      7.660  -102.2119 1.8387e+00     8.4472      3.478      5.044    11.9607 0.0000e+00
      3.526     -0.106     0.0518      0.493    120.846  89.830363     5.4756      7.661  -102.3999 1.9835e+00     8.4030      3.457      5.014    11.9802 0.0000e+00
      3.502     -0.116     0.0526      0.484    116.642  86.971654     5.7362      7.662  -103.2182 2.2020e+00     8.2998      3.438      4.985    12.0076 0.0000e+00
      3.470     -0.118     0.0527      0.481    116.990  87.578690     5.8791      7.664  -104.2760 2.5255e+00     8.2248      3.407      4.941    12.0475 0.0000e+00
      3.428     -0.109     0.0537      0.473    119.498  89.669499     5.9553      7.666  -105.3801 2.9536e+00     8.2129      3.363      4.879    12.0951 0.0000e+00
      3.383     -0.094     0.0538      0.468    120.537  90.444994     6.7818      7.669  -106.1577 3.2898e+00     8.1554      3.311      4.802    12.1509 0.0000e+00
      3.355     -0.075     0.0507      0.480    120.418  90.279110     8.3148      7.672  -107.1388 3.3220e+00     8.0089      3.278      4.755    12.2543 0.0000e+00
      3.351     -0.057     0.0521      0.485    117.564  88.108760     9.1680      7.674  -108.3800 3.2368e+00     7.9435      3.285      4.765    12.4502 0.0000e+00
      3.354     -0.045     0.0504      0.469    111.189  83.403044     9.2657      7.679  -107.8290 3.2450e+00     7.9456      3.292      4.775    12.5625 0.0000e+00
      3.353     -0.045     0.0484      0.457    104.071  78.325596     9.3293      7.687  -106.6722 3.2924e+00     7.7958      3.289      4.771    12.5182 0.0000e+00
      3.346     -0.061     0.0516      0.446     98.909  74.894051     9.4293      7.694  -107.6440 3.4086e+00     7.4982      3.286      4.766    12.4734 0.0000e+00
      3.329     -0.088     0.0537      0.426     96.385  73.494555     9.4940      7.701  -108.8237 3.6607e+00     7.2857      3.270      4.742    12.4599 0.0000e+00
      3.301     -0.115     0.0488      0.401     96.104  73.731234     9.6874      7.707  -108.2020 3.9833e+00     7.2066      3.239      4.698    12.4673 0.0000e+00
      3.264     -0.135     0.0487      0.372     97.079  74.769970    11.8418      7.714  -106.9238 4.3369e+00     7.2935      3.204      4.646    12.5917 0.0000e+00
      3.219     -0.150     0.0479      0.358     97.539  75.189844    15.7923      7.719  -106.0173 4.7097e+00     7.4825      3.160      4.582    12.8577 0.0000e+00
      3.173     -0.161     0.0443      0.375     95.551  73.598276    17.9508      7.724  -105.5014 5.0205e+00     7.5448      3.108      4.508    13.1354 0.0000e+00
      3.132     -0.175     0.0425      0.402     88.596  68.232252    18.1551      7.729  -105.6759 5.2420e+00     7.5342      3.070      4.452    13.3820 0.0000e+00
      3.095     -0.196     0.0381      0.412     77.941  60.232843    18.3045      7.739  -106.4064 5.4569e+00     7.4231      3.036      4.404    13.5586 0.0000e+00
      3.054     -0.222     0.0357      0.412     68.036  53.081410    18.5585      7.752  -107.1064 5.7390e+00     7.1574      2.998      4.348    13.5624 0.0000e+00
      3.003     -0.243     0.0384      0.388     60.887  48.231084    18.6966      7.764  -107.9439 6.1368e+00     6.9869      2.952      4.282    13.5019 0.0000e+00
      2.931     -0.249     0.0434      0.333     56.829  45.758422    18.6840      7.775  -109.3059 6.6853e+00     6.9669      2.884      4.183    13.4582 0.0000e+00
      2.836     -0.235     0.0426      0.288     53.614  43.680963    18.2402      7.784  -110.3249 7.3205e+00     6.5393      2.783      4.036    13.5617 0.0000e+00
      2.746     -0.202     0.0432      0.272     50.328  41.319761    17.3917      7.792  -110.1116 7.7790e+00     5.6423      2.676      3.881    13.9754 0.0000e+00
      2.693     -0.154     0.0416      0.267     48.065  39.728926    16.9148      7.801  -109.4791 7.8979e+00     5.1063      2.625      3.808    14.6183 0.0000e+00
      2.679     -0.103     0.0323      0.272     46.083  38.337605    16.8683      7.810  -109.0449 7.8500e+00     5.0109      2.623      3.805    15.3559 0.0000e+00
      2.682     -0.062     0.0270      0.296     44.728  37.435770    16.9215      7.817  -108.5624 7.8035e+00     5.0011      2.629      3.812    15.8305 0.0000e+00
      2.688     -0.045     0.0268      0.322     45.109  37.957816    17.4419      7.822  -108.0325 7.7984e+00     5.0564      2.637      3.825    16.0389 0.0000e+00
      2.690     -0.055     0.0262      0.346     46.824  39.512756    18.3660      7.826  -107.6278 7.8539e+00     5.0992      2.642      3.832    16.3389 0.0000e+00
      2.679     -0.078     0.0252      0.375     48.332  40.761641    18.8390      7.829  -107.7991 8.0497e+00     5.0748      2.635      3.822    16.6130 0.0000e+00
      2.649     -0.099     0.0288      0.398     48.655  40.943982    18.7085      7.832  -108.0392 8.4252e+00     5.0685      2.605      3.778    16.8403 0.0000e+00
      2.603     -0.113     0.0316      0.413     47.980  40.321910    16.7958      7.834  -107.4327 8.8356e+00     4.9553      2.550      3.699    17.1050 0.0000e+00
      2.558     -0.118     0.0322      0.417     47.064  39.582807    13.2577      7.835  -107.0910 9.1187e+00     4.6627      2.501      3.628    17.2505 0.0000e+00
      2.528     -0.115     0.0369      0.399     46.405  39.111276    11.3114      7.836  -107.4350 9.2673e+00     4.4683      2.474      3.588    17.1928 0.0000e+00
      2.510     -0.102     0.0384      0.367     45.938  38.806737    11.0827      7.837  -106.9461 9.4023e+00     4.3809      2.462      3.571    17.0519 0.0000e+00
      2.492     -0.083     0.0403      0.357     45.848  38.818180    10.6342      7.838  -105.5682 9.6342e+00     4.2889      2.449      3.551    16.9759 0.0000e+00
      2.467     -0.067     0.0410      0.366     45.981  38.996072     9.8511      7.837  -104.4560 9.9156e+00     4.2094      2.419      3.508    17.0255 0.0000e+00
      2.443     -0.060     0.0398      0.361     45.875  38.928202     9.4210      7.837  -103.5648 1.0089e+01     4.1710      2.388      3.464    17.1463 0.0000e+00
      2.433     -0.061     0.0340      0.351     45.371  38.504973     9.3290      7.837  -102.7940 1.0145e+01     4.1328      2.381      3.453    17.2290 0.0000e+00
      2.432     -0.066     0.0329      0.347     44.518  37.810930     8.7969      7.836  -102.6224 1.0218e+01     3.9866      2.387      3.463    17.3359 0.0000e+00
      2.425     -0.074     0.0369      0.348     43.846  37.322465     7.8566      7.834  -102.6083 1.0425e+01     3.8033      2.384      3.458    17.4257 0.0000e+00
      2.403     -0.085     0.0339      0.353     43.761  37.355445     7.3647      7.833  -102.2795 1.0792e+01     3.7275      2.362      3.424    17.4304 0.0000e+00
      2.369     -0.100     0.0337      0.365     43.779  37.448848     7.3102      7.832  -102.0889 1.1216e+01     3.7181      2.324      3.371    17.4193 0.0000e+00
      2.333     -0.118     0.0330      0.387     43.485  37.246978     7.0741      7.831  -102.1109 1.1585e+01     3.6906      2.286      3.315    17.4370 0.0000e+00
      2.303     -0.135     0.0332      0.412     42.856  36.753799     6.6486      7.830  -101.9427 1.1882e+01     3.6677      2.256      3.272    17.5422 0.0000e+00
      2.277     -0.151     0.0333      0.437     41.955  36.051804     6.4185      7.828  -101.6894 1.2232e+01     3.6808      2.236      3.243    17.6967 0.0000e+00
      2.244     -0.166     0.0341      0.454     41.154  35.481158     6.4062      7.825  -101.4574 1.2799e+01     3.7128      2.206      3.200    17.7793 0.0000e+00
