Data/DataNotYetUploadedToEDI/Raw_CTD/RawDownloads/090522_bvr50_S7809001.cnv
* Sea-Bird SBE19plus  Data File:
* FileName = C:\R\Reservoirs\Data\DataNotYetUploadedToEDI\Raw_CTD\RawDownloads\090522_bvr50_S7809_0001.hex
* Software version 2.8.0.119
* Temperature SN = 7809
* Conductivity SN = 7809
* System UpLoad Time = Sep 05 2022 15:40:20
* <ApplicationData>
* <Seaterm232>
# nquan = 15
# nvalues = 1386                        
# units = specified
# name 0 = depFM: Depth [fresh water, m]
# name 1 = dz/dtM: Descent Rate [m/s]
# name 2 = sbeox0Mg/L: Oxygen, SBE 43 [mg/l]
# name 3 = sbeox0PS: Oxygen, SBE 43 [% saturation]
# name 4 = specc: Specific Conductance [uS/cm]
# name 5 = c0uS/cm: Conductivity [uS/cm]
# name 6 = flECO-AFL: Fluorescence, WET Labs ECO-AFL/FL [mg/m^3]
# name 7 = ph: pH
# name 8 = orp: Oxidation Reduction Potential [mV]
# name 9 = par/sat/log: PAR/Logarithmic, Satlantic
# name 10 = turbWETntu0: Turbidity, WET Labs ECO [NTU]
# name 11 = prdM: Pressure, Strain Gauge [db]
# name 12 = prdE: Pressure, Strain Gauge [psi]
# name 13 = tv290C: Temperature [ITS-90, deg C]
# name 14 = flag:  0.000e+00
# span 0 =     -0.719,      7.163       
# span 1 =     -0.361,      0.233       
# span 2 =     0.0252,     6.8093       
# span 3 =      0.267,     82.134       
# span 4 =     29.882,    196.760       
# span 5 =  28.850928, 138.626917       
# span 6 =     0.5523,    42.0983       
# span 7 =      6.836,      7.838       
# span 8 =  -110.3249,   236.2691       
# span 9 = 1.2357e-01, 2.2488e+02       
# span 10 =     1.7345,    11.6116      
# span 11 =     -0.706,      7.025      
# span 12 =     -1.024,     10.189      
# span 13 =    10.2033,    25.2508      
# span 14 = 0.0000e+00, 0.0000e+00      
# interval = seconds: 0.25
# start_time = Sep 05 2022 06:49:02 [Instrument's time stamp, header]
# bad_flag = -9.990e-29
*END*
[from data line 193]
      0.232      0.113     5.7541     69.490     30.036  30.183850     2.8789      7.653   198.5230 8.3653e+01     2.8467      0.229      0.332    25.2339 0.0000e+00
      0.264      0.104     5.7392     69.638     30.036  30.184889     2.8923      7.655   198.6345 7.9895e+01     2.8959      0.261      0.379    25.2357 0.0000e+00
      0.291      0.091     5.7198     69.808     30.035  30.183736     2.8938      7.656   198.7461 7.6873e+01     2.8995      0.288      0.418    25.2375 0.0000e+00
      0.311      0.077     5.7088     69.969     30.021  30.169916     2.8560      7.659   198.8396 7.4770e+01     2.8897      0.308      0.446    25.2391 0.0000e+00
      0.324      0.067     5.7115     70.109     29.996  30.144569     2.8017      7.660   198.9908 7.3237e+01     2.9141      0.319      0.462    25.2407 0.0000e+00
      0.335      0.062     5.7292     70.218     29.982  30.130843     2.7786      7.659   199.1971 7.1146e+01     2.9209      0.328      0.476    25.2415 0.0000e+00
      0.347      0.059     5.7419     70.260     29.982  30.130738     2.7762      7.659   199.3560 6.8578e+01     2.9032      0.340      0.492    25.2417 0.0000e+00
      0.362      0.057     5.7559     70.175     29.995  30.143303     2.7395      7.659   199.4490 6.6373e+01     2.8713      0.354      0.513    25.2416 0.0000e+00
      0.381      0.056     5.7680     70.030     30.008  30.155972     2.6757      7.661   199.5470 6.4541e+01     2.8424      0.374      0.543    25.2418 0.0000e+00
      0.400      0.055     5.7763     69.934     30.011  30.157133     2.6534      7.665   199.7658 6.3330e+01     2.8615      0.396      0.574    25.2418 0.0000e+00
      0.412      0.053     5.7850     69.881     30.011  30.157343     2.6699      7.669   200.0303 6.2629e+01     2.8635      0.406      0.588    25.2419 0.0000e+00
      0.421      0.050     5.7743     69.824     30.013  30.158505     2.7505      7.672   200.1637 6.1899e+01     2.7979      0.412      0.598    25.2415 0.0000e+00
      0.431      0.047     5.7578     69.748     30.026  30.171183     2.8960      7.673   200.1739 6.1031e+01     2.7519      0.420      0.610    25.2400 0.0000e+00
      0.444      0.045     5.7516     69.661     30.039  30.183851     2.9809      7.674   200.2395 6.0171e+01     2.7856      0.435      0.630    25.2385 0.0000e+00
      0.458      0.044     5.7490     69.577     30.040  30.184891     3.0026      7.675   200.4415 5.9482e+01     2.8292      0.450      0.653    25.2371 0.0000e+00
      0.471      0.039     5.7449     69.468     30.039  30.183749     2.9926      7.677   200.5517 5.8839e+01     2.8355      0.461      0.669    25.2358 0.0000e+00
      0.482      0.032     5.7382     69.301     30.025  30.170042     2.9512      7.680   200.5388 5.8434e+01     2.8271      0.474      0.688    25.2349 0.0000e+00
      0.490      0.024     5.7304     69.151     30.001  30.145943     2.9432      7.685   200.7166 5.8435e+01     2.8309      0.483      0.700    25.2349 0.0000e+00
      0.493      0.018     5.7237     69.117     30.001  30.145943     2.9624      7.688   201.0666 5.8727e+01     2.8807      0.486      0.704    25.2357 0.0000e+00
      0.493      0.015     5.7180     69.203     30.025  30.170043     2.9584      7.691   201.2421 5.9081e+01     2.8823      0.484      0.702    25.2364 0.0000e+00
      0.493      0.014     5.7004     69.340     30.040  30.183759     2.9204      7.694   201.2902 5.9175e+01     2.7825      0.482      0.699    25.2362 0.0000e+00
      0.496      0.015     5.6845     69.478     30.042  30.184995     2.8608      7.696   201.5617 5.8962e+01     2.7330      0.486      0.705    25.2356 0.0000e+00
      0.502      0.017     5.6821     69.630     30.042  30.184995     2.8283      7.697   201.9445 5.8624e+01     2.7962      0.492      0.715    25.2353 0.0000e+00
      0.509      0.018     5.6916     69.790     30.040  30.183758     2.8350      7.698   202.0464 5.8225e+01     2.8635      0.500      0.725    25.2349 0.0000e+00
      0.516      0.018     5.7056     69.915     30.026  30.170043     2.8845      7.699   202.0190 5.7820e+01     2.8637      0.506      0.733    25.2339 0.0000e+00
      0.521      0.017     5.7148     69.989     30.001  30.145943     2.9610      7.700   202.2157 5.7563e+01     2.8331      0.511      0.741    25.2327 0.0000e+00
      0.524      0.015     5.7280     70.028     30.000  30.145942     2.9931      7.702   202.4454 5.7394e+01     2.8011      0.515      0.747    25.2327 0.0000e+00
      0.526      0.013     5.7427     70.038     30.024  30.170031     2.9986      7.705   202.5599 5.7285e+01     2.8171      0.516      0.749    25.2342 0.0000e+00
      0.528      0.012     5.7534     70.006     30.039  30.183634     3.0103      7.706   202.7399 5.7234e+01     2.8566      0.517      0.750    25.2360 0.0000e+00
      0.531      0.012     5.7585     69.926     30.039  30.183622     3.0100      7.707   202.9007 5.7165e+01     2.8349      0.521      0.753    25.2369 0.0000e+00
      0.535      0.011     5.7612     69.760     30.025  30.169895     3.0032      7.710   203.0412 5.7040e+01     2.7938      0.524      0.759    25.2370 0.0000e+00
      0.539      0.011     5.7633     69.512     30.000  30.144446     3.0037      7.713   203.2338 5.6913e+01     2.8030      0.529      0.768    25.2366 0.0000e+00
      0.542      0.011     5.7597     69.314     29.986  30.129482     3.0239      7.714   203.3371 5.6918e+01     2.8433      0.532      0.773    25.2358 0.0000e+00
      0.544      0.012     5.7551     69.288     29.972  30.115756     3.0562      7.715   203.4297 5.6960e+01     2.8371      0.533      0.774    25.2350 0.0000e+00
      0.545      0.013     5.7429     69.412     29.962  30.105269     3.0690      7.716   203.5793 5.6885e+01     2.7969      0.533      0.773    25.2348 0.0000e+00
      0.547      0.016     5.7168     69.606     29.986  30.129473     3.0621      7.716   203.6825 5.6601e+01     2.8012      0.535      0.776    25.2344 0.0000e+00
      0.551      0.020     5.6959     69.787     30.010  30.154828     3.0730      7.717   203.7319 5.6099e+01     2.8892      0.539      0.782    25.2332 0.0000e+00
      0.558      0.024     5.6960     69.879     30.013  30.158266     3.1095      7.718   203.9182 5.5532e+01     3.0070      0.547      0.793    25.2325 0.0000e+00
      0.565      0.027     5.7086     69.875     30.026  30.171040     3.1285      7.719   204.2132 5.4914e+01     3.0300      0.554      0.804    25.2321 0.0000e+00
      0.573      0.028     5.7264     69.855     30.037  30.182490     3.1200      7.719   204.2880 5.4264e+01     2.9617      0.561      0.814    25.2328 0.0000e+00
      0.582      0.026     5.7444     69.893     30.025  30.169928     3.1150      7.720   204.2208 5.3640e+01     2.8982      0.571      0.828    25.2349 0.0000e+00
      0.591      0.023     5.7518     69.958     30.002  30.145932     3.1264      7.721   204.2612 5.3144e+01     2.8774      0.580      0.841    25.2363 0.0000e+00
      0.596      0.019     5.7488     69.976     30.002  30.145932     3.1327      7.722   204.3465 5.2857e+01     2.8813      0.585      0.849    25.2363 0.0000e+00
      0.599      0.015     5.7436     69.942     30.026  30.169928     3.1247      7.725   204.3915 5.2624e+01     2.8431      0.587      0.852    25.2356 0.0000e+00
      0.600      0.011     5.7487     69.903     30.038  30.182493     3.1205      7.727   204.4605 5.2358e+01     2.7911      0.588      0.853    25.2343 0.0000e+00
      0.602      0.008     5.7574     69.882     30.026  30.171061     3.1243      7.728   204.5790 5.2126e+01     2.8337      0.590      0.856    25.2340 0.0000e+00
      0.604      0.008     5.7585     69.861     30.013  30.158494     3.1377      7.728   204.7064 5.1981e+01     2.9140      0.593      0.860    25.2345 0.0000e+00
      0.606      0.009     5.7536     69.820     30.012  30.157343     3.1410      7.729   204.7961 5.1763e+01     2.9076      0.594      0.862    25.2346 0.0000e+00
      0.607      0.011     5.7498     69.758     30.012  30.157135     3.1220      7.730   204.8891 5.1353e+01     2.8255      0.595      0.863    25.2346 0.0000e+00
      0.610      0.013     5.7489     69.693     30.012  30.155983     3.1250      7.730   205.0556 5.0906e+01     2.7745      0.598      0.868    25.2353 0.0000e+00
      0.615      0.014     5.7478     69.654     29.999  30.143418     3.1519      7.731   205.2620 5.0470e+01     2.8379      0.603      0.875    25.2358 0.0000e+00
      0.619      0.015     5.7445     69.644     29.988  30.131997     3.1721      7.733   205.4055 4.9979e+01     2.9425      0.607      0.880    25.2352 0.0000e+00
      0.624      0.015     5.7391     69.620     30.000  30.144675     3.1856      7.734   205.4135 4.9404e+01     2.9460      0.611      0.886    25.2342 0.0000e+00
      0.629      0.015     5.7325     69.552     30.025  30.169918     3.1664      7.734   205.3588 4.8870e+01     2.8806      0.617      0.894    25.2337 0.0000e+00
      0.633      0.014     5.7292     69.485     30.038  30.183635     3.1308      7.733   205.2604 4.8454e+01     2.8687      0.620      0.900    25.2333 0.0000e+00
      0.635      0.013     5.7297     69.502     30.038  30.183748     3.1302      7.733   205.1695 4.8022e+01     2.9042      0.622      0.903    25.2339 0.0000e+00
      0.637      0.013     5.7293     69.621     30.025  30.171279     3.1418      7.734   205.2068 4.7590e+01     2.9352      0.624      0.905    25.2351 0.0000e+00
      0.640      0.014     5.7222     69.770     30.014  30.159659     3.1472      7.736   205.2807 4.7245e+01     2.9356      0.628      0.911    25.2360 0.0000e+00
      0.643      0.016     5.7128     69.865     30.024  30.170043     3.1615      7.736   205.3744 4.6908e+01     2.9091      0.630      0.914    25.2370 0.0000e+00
      0.647      0.019     5.7136     69.868     30.024  30.170042     3.1818      7.737   205.4792 4.6465e+01     2.8879      0.633      0.918    25.2377 0.0000e+00
      0.652      0.023     5.7263     69.761     30.013  30.159650     3.1930      7.739   205.5155 4.5933e+01     2.8500      0.639      0.927    25.2372 0.0000e+00
      0.659      0.025     5.7415     69.556     30.024  30.171176     3.1886      7.740   205.6416 4.5391e+01     2.7930      0.646      0.937    25.2364 0.0000e+00
      0.667      0.027     5.7499     69.351     30.035  30.182624     3.2111      7.741   205.7998 4.4841e+01     2.7791      0.654      0.948    25.2365 0.0000e+00
      0.674      0.027     5.7508     69.244     30.024  30.171288     3.2659      7.742   205.8802 4.4296e+01     2.8189      0.661      0.959    25.2373 0.0000e+00
      0.682      0.026     5.7420     69.204     30.014  30.160897     3.2930      7.744   206.0110 4.3729e+01     2.8643      0.669      0.969    25.2387 0.0000e+00
      0.689      0.024     5.7223     69.185     30.037  30.183759     3.2976      7.745   206.0908 4.3143e+01     2.8840      0.676      0.980    25.2398 0.0000e+00
      0.695      0.023     5.6999     69.203     30.048  30.194143     3.2721      7.746   206.0706 4.2633e+01     2.8859      0.682      0.989    25.2399 0.0000e+00
      0.699      0.023     5.6942     69.235     30.013  30.159660     3.2173      7.747   206.0245 4.2157e+01     2.9217      0.687      0.996    25.2394 0.0000e+00
      0.704      0.024     5.6933     69.270     30.000  30.147189     3.1930      7.748   205.9628 4.1631e+01     2.9755      0.690      1.000    25.2389 0.0000e+00
      0.709      0.027     5.6890     69.350     30.023  30.170146     3.1947      7.748   206.0134 4.1053e+01     2.9898      0.695      1.007    25.2384 0.0000e+00
      0.717      0.030     5.6925     69.485     30.036  30.183656     3.2299      7.748   206.2062 4.0491e+01     2.9234      0.703      1.020    25.2384 0.0000e+00
      0.725      0.032     5.6960     69.631     30.035  30.183750     3.3024      7.747   206.3156 3.9966e+01     2.8216      0.711      1.032    25.2387 0.0000e+00
      0.735      0.032     5.6964     69.762     30.021  30.171289     3.3465      7.747   206.2170 3.9440e+01     2.8179      0.720      1.044    25.2390 0.0000e+00
      0.745      0.030     5.7024     69.855     30.009  30.159772     3.3549      7.748   206.1334 3.8967e+01     2.8792      0.732      1.061    25.2389 0.0000e+00
      0.755      0.026     5.7160     69.865     30.020  30.171289     3.3372      7.749   206.1642 3.8612e+01     2.9140      0.742      1.076    25.2392 0.0000e+00
      0.760      0.022     5.7279     69.809     30.034  30.183759     3.2831      7.749   206.2457 3.8353e+01     2.8964      0.747      1.082    25.2419 0.0000e+00
      0.763      0.017     5.7386     69.763     30.034  30.183760     3.2413      7.750   206.3439 3.8134e+01     2.8376      0.749      1.085    25.2448 0.0000e+00
      0.766      0.013     5.7484     69.716     30.022  30.171299     3.2310      7.750   206.4052 3.7891e+01     2.8172      0.750      1.088    25.2458 0.0000e+00
      0.769      0.011     5.7495     69.604     30.011  30.159877     3.1924      7.751   206.4707 3.7623e+01     2.8548      0.754      1.094    25.2454 0.0000e+00
      0.772      0.011     5.7405     69.464     30.023  30.172442     3.1163      7.752   206.4473 3.7370e+01     2.8485      0.757      1.098    25.2438 0.0000e+00
      0.774      0.011     5.7375     69.377     30.047  30.196437     3.0684      7.753   206.2946 3.7106e+01     2.8097      0.759      1.100    25.2428 0.0000e+00
      0.776      0.011     5.7379     69.379     30.048  30.196428     3.0619      7.755   206.1734 3.6829e+01     2.8293      0.761      1.103    25.2428 0.0000e+00
      0.779      0.012     5.7259     69.431     30.024  30.172327     3.0633      7.757   206.1864 3.6562e+01     2.8465      0.765      1.108    25.2427 0.0000e+00
      0.783      0.014     5.7121     69.468     30.011  30.158612     3.0768      7.758   206.2794 3.6258e+01     2.8474      0.768      1.113    25.2423 0.0000e+00
      0.786      0.016     5.7035     69.488     30.010  30.157385     3.0999      7.758   206.2663 3.5888e+01     2.8398      0.770      1.118    25.2421 0.0000e+00
      0.790      0.018     5.7047     69.503     30.010  30.157480     3.1184      7.758   206.1994 3.5508e+01     2.7888      0.775      1.124    25.2418 0.0000e+00
      0.796      0.021     5.7127     69.532     30.013  30.159765     3.1421      7.759   206.2449 3.5184e+01     2.7767      0.781      1.131    25.2409 0.0000e+00
      0.801      0.023     5.7147     69.602     30.038  30.185017     3.1621      7.759   206.2997 3.4901e+01     2.8304      0.786      1.140    25.2402 0.0000e+00
      0.807      0.025     5.7161     69.707     30.062  30.209221     3.1764      7.760   206.3460 3.4600e+01     2.8916      0.792      1.148    25.2400 0.0000e+00
      0.813      0.026     5.7172     69.832     30.052  30.198838     3.1824      7.760   206.5472 3.4267e+01     2.9015      0.798      1.157    25.2399 0.0000e+00
      0.821      0.027     5.7178     69.972     30.038  30.186265     3.1759      7.761   206.7528 3.3923e+01     2.8483      0.805      1.167    25.2393 0.0000e+00
      0.829      0.027     5.7246     70.100     30.036  30.183988     3.1894      7.761   206.7675 3.3584e+01     2.8290      0.813      1.178    25.2383 0.0000e+00
      0.836      0.027     5.7338     70.194     30.022  30.171310     3.2204      7.761   206.6380 3.3260e+01     2.8383      0.820      1.189    25.2381 0.0000e+00
      0.843      0.027     5.7434     70.254     30.009  30.159764     3.2428      7.762   206.4784 3.2952e+01     2.8248      0.827      1.199    25.2392 0.0000e+00
      0.850      0.026     5.7561     70.271     30.019  30.171174     3.2438      7.764   206.4727 3.2654e+01     2.8365      0.833      1.209    25.2406 0.0000e+00
      0.856      0.026     5.7675     70.257     30.029  30.182490     3.2161      7.764   206.4826 3.2349e+01     2.8780      0.839      1.217    25.2414 0.0000e+00
