Data/DataNotYetUploadedToEDI/Raw_CTD/RawDownloads/090523_fcr50_S7809002.cnv
* Sea-Bird SBE19plus  Data File:
* FileName = C:\R\Reservoirs\Data\DataNotYetUploadedToEDI\Raw_CTD\RawDownloads\090523_bvr50_S7809_0002.hex
* Software version 2.8.0.119
* Temperature SN = 7809
* Conductivity SN = 7809
* System UpLoad Time = Sep 06 2023 10:53:54
* <ApplicationData>
* <Seaterm232>
# nquan = 15
# nvalues = 1314                        
# units = specified
# name 0 = depFM: Depth [fresh water, m]
# name 1 = dz/dtM: Descent Rate [m/s]
# name 2 = sbeox0Mg/L: Oxygen, SBE 43 [mg/l]
# name 3 = sbeox0PS: Oxygen, SBE 43 [% saturation]
# name 4 = specc: Specific Conductance [uS/cm]
# name 5 = c0uS/cm: Conductivity [uS/cm]
# name 6 = flECO-AFL: Fluorescence, WET Labs ECO-AFL/FL [mg/m^3]
# name 7 = ph: pH
# name 8 = orp: Oxidation Reduction Potential [mV]
# name 9 = par/sat/log: PAR/Logarithmic, Satlantic
# name 10 = turbWETntu0: Turbidity, WET Labs ECO [NTU]
# name 11 = prdM: Pressure, Strain Gauge [db]
# name 12 = prdE: Pressure, Strain Gauge [psi]
# name 13 = tv290C: Temperature [ITS-90, deg C]
# name 14 = flag:  0.000e+00
# span 0 =     -0.620,      9.065       
# span 1 =     -0.354,      0.135       
# span 2 =     0.1166,     9.6203       
# span 3 =      1.106,    114.214       
# span 4 =     18.027,     60.301       
# span 5 =  18.529654,  48.727614       
# span 6 =    -0.1105,    83.0116       
# span 7 =      6.208,      8.551       
# span 8 =   160.0003,   273.8829       
# span 9 = 1.2322e-01, 2.0700e+03       
# span 10 =    -0.4699,    14.9160      
# span 11 =     -0.612,      8.890      
# span 12 =     -0.887,     12.894      
# span 13 =    11.7757,    29.8486      
# span 14 = 0.0000e+00, 0.0000e+00      
# interval = seconds: 0.25
# start_time = Sep 05 2023 13:20:21 [Instrument's time stamp, header]
# bad_flag = -9.990e-29
*END*
[from data line 482]
      3.242      0.049     0.1506      1.544     56.301  45.676349    72.5651      7.402   257.1089 5.9464e+00     9.2129      3.179      4.610    16.4483 0.0000e+00
      3.258      0.049     0.1550      1.518     56.942  45.849415    71.9424      7.400   257.2472 5.5716e+00     9.1845      3.195      4.634    16.2797 0.0000e+00
      3.274      0.048     0.1556      1.499     57.325  45.913176    65.1989      7.397   257.6452 5.1131e+00     8.9265      3.211      4.658    16.1898 0.0000e+00
      3.289      0.048     0.1547      1.492     57.557  45.939136    52.8296      7.395   258.1350 4.6877e+00     8.5176      3.228      4.682    15.9368 0.0000e+00
      3.299      0.052     0.1544      1.487     57.761  45.972664    46.0513      7.393   258.5236 4.4095e+00     8.3056      3.237      4.695    15.5465 0.0000e+00
      3.304      0.059     0.1518      1.483     57.948  46.000995    45.1914      7.391   258.7302 4.1954e+00     8.3104      3.239      4.698    15.2187 0.0000e+00
      3.312      0.065     0.1505      1.477     58.107  46.027601    42.4084      7.387   258.4825 3.7674e+00     8.3019      3.243      4.704    15.0128 0.0000e+00
      3.331      0.069     0.1511      1.464     58.207  46.040310    37.3789      7.383   258.1093 3.0177e+00     8.2035      3.260      4.730    14.8997 0.0000e+00
      3.362      0.069     0.1504      1.448     58.238  46.027610    34.5932      7.379   258.2615 2.2905e+00     8.1112      3.297      4.784    14.7925 0.0000e+00
      3.392      0.066     0.1505      1.422     58.235  46.000977    33.9703      7.376   258.7750 1.9310e+00     8.0742      3.332      4.833    14.6802 0.0000e+00
      3.409      0.059     0.1508      1.398     58.221  45.972199    30.0399      7.373   258.8106 1.8580e+00     8.2341      3.347      4.854    14.5919 0.0000e+00
      3.414      0.050     0.1487      1.393     58.182  45.933565    22.8778      7.370   257.3157 1.8599e+00     8.6096      3.348      4.855    14.5347 0.0000e+00
      3.417      0.044     0.1483      1.388     58.095  45.851268    18.9600      7.366   255.2404 1.8459e+00     8.8574      3.350      4.859    14.5104 0.0000e+00
      3.425      0.044     0.1451      1.376     58.008  45.738931    18.5011      7.361   254.6263 1.8128e+00     8.8393      3.358      4.870    14.4930 0.0000e+00
      3.435      0.050     0.1409      1.359     58.179  45.781429    17.3125      7.355   254.0212 1.7732e+00     8.8007      3.366      4.883    14.4715 0.0000e+00
      3.450      0.060     0.1428      1.342     58.710  46.047579    15.2094      7.350   248.7840 1.7167e+00     8.9026      3.383      4.907    14.4707 0.0000e+00
      3.469      0.068     0.1418      1.342     59.190  46.226975    14.0806      7.344   236.9902 1.6483e+00     9.0122      3.401      4.934    14.4697 0.0000e+00
      3.490      0.072     0.1406      1.350     59.380  46.172725    13.9178      7.338   224.1349 1.5805e+00     9.0666      3.421      4.962    14.4340 0.0000e+00
      3.511      0.072     0.1393      1.336     59.481  46.089733    13.1913      7.332   216.1301 1.5190e+00     9.1507      3.444      4.994    14.3629 0.0000e+00
      3.531      0.072     0.1367      1.322     59.378  45.921666    11.9044      7.327   209.9826 1.4637e+00     9.2783      3.463      5.022    14.2282 0.0000e+00
      3.549      0.072     0.1371      1.317     59.006  45.600640    11.2176      7.322   201.2571 1.4302e+00     9.3791      3.483      5.052    14.0478 0.0000e+00
      3.564      0.075     0.1416      1.327     58.938  45.509290    11.1547      7.313   192.7983 1.4127e+00     9.4470      3.496      5.071    13.8655 0.0000e+00
      3.577      0.081     0.1379      1.352     59.314  45.705882    11.0770      7.304   187.8104 1.3697e+00     9.4840      3.505      5.083    13.7133 0.0000e+00
      3.596      0.085     0.1367      1.340     59.735  45.882592    10.3026      7.298   185.0877 1.2927e+00     9.6218      3.524      5.111    13.6461 0.0000e+00
      3.622      0.083     0.1374      1.305     60.070  45.995157     8.8839      7.292   182.9362 1.2091e+00     9.9174      3.550      5.149    13.6398 0.0000e+00
      3.654      0.076     0.1350      1.298     60.185  45.987517     8.1059      7.286   180.7264 1.1451e+00    10.0867      3.584      5.198    13.6238 0.0000e+00
      3.683      0.064     0.1443      1.310     60.146  45.917075     8.0619      7.280   178.1579 1.1205e+00    10.1307      3.619      5.249    13.5485 0.0000e+00
      3.698      0.050     0.1406      1.316     60.214  45.968682     8.4108      7.275   175.1973 1.1265e+00    10.2451      3.631      5.267    13.3992 0.0000e+00
      3.699      0.039     0.1349      1.296     60.301  46.040153     9.0529      7.271   172.3766 1.1373e+00    10.3772      3.629      5.263    13.2640 0.0000e+00
      3.697      0.034     0.1357      1.253     60.231  45.955945     9.3829      7.267   170.2088 1.1384e+00    10.4297      3.624      5.256    13.1872 0.0000e+00
      3.698      0.038     0.1374      1.209     60.094  45.775776     9.3966      7.261   169.2917 1.1204e+00    10.4357      3.624      5.255    13.1531 0.0000e+00
      3.707      0.049     0.1398      1.184     60.044  45.639190     9.3688      7.256   169.2029 1.0805e+00    10.4847      3.632      5.268    13.1669 0.0000e+00
      3.725      0.063     0.1365      1.170     59.657  45.256620     9.3053      7.251   168.4475 1.0201e+00    10.6115      3.650      5.292    13.1850 0.0000e+00
      3.750      0.075     0.1320      1.151     58.767  44.514519     9.2605      7.247   167.0420 9.5740e-01    10.7052      3.678      5.335    13.1613 0.0000e+00
      3.775      0.083     0.1256      1.142     58.125  43.966620     9.1934      7.243   165.8893 9.0872e-01    10.6945      3.704      5.374    13.0911 0.0000e+00
      3.795      0.084     0.1241      1.146     57.960  43.773765     8.5692      7.238   165.6093 8.6388e-01    10.8584      3.719      5.394    12.9972 0.0000e+00
      3.816      0.081     0.1245      1.161     57.871  43.642621     7.4397      7.234   165.8073 8.2566e-01    11.2854      3.741      5.427    12.9170 0.0000e+00
      3.839      0.075     0.1203      1.166     57.701  43.459990     6.8223      7.230   165.3573 7.9376e-01    11.5882      3.768      5.465    12.8696 0.0000e+00
      3.858      0.069     0.1207      1.155     57.440  43.215900     6.7063      7.228   164.2990 7.5629e-01    11.6496      3.784      5.488    12.8221 0.0000e+00
      3.874      0.064     0.1206      1.140     57.182  42.976409     5.9121      7.225   163.5083 7.2991e-01    11.8572      3.799      5.510    12.7569 0.0000e+00
      3.888      0.059     0.1233      1.114     57.073  42.849358     4.4437      7.221   163.2826 7.1443e-01    12.2876      3.815      5.533    12.7001 0.0000e+00
      3.901      0.055     0.1252      1.106     57.097  42.822209     3.6428      7.218   163.2910 6.8604e-01    12.5155      3.826      5.548    12.6550 0.0000e+00
      3.913      0.052     0.1216      1.121     57.171  42.838520     3.5772      7.214   163.1785 6.5498e-01    12.5630      3.838      5.566    12.6142 0.0000e+00
      3.928      0.049     0.1233      1.143     57.235  42.856110     3.5757      7.210   162.8690 6.4073e-01    12.5895      3.853      5.588    12.5764 0.0000e+00
      3.942      0.046     0.1170      1.206     57.250  42.844442     3.5168      7.206   162.5608 6.3853e-01    12.6309      3.865      5.606    12.5356 0.0000e+00
      3.954      0.043     0.1166      1.348     57.247  42.824361     3.3979      7.202   162.2048 6.4058e-01    12.8242      3.878      5.623    12.4939 0.0000e+00
      3.964      0.041     0.1204      1.575     57.235  42.803718     3.3282      7.198   161.7483 6.4507e-01    12.9801      3.888      5.639    12.4595 0.0000e+00
      3.972      0.041     0.1200      1.853     57.228  42.785262     3.3316      7.196   161.5158 6.3999e-01    13.0121      3.895      5.650    12.4349 0.0000e+00
      3.980      0.042     0.1260      2.169     57.273  42.791615     3.3803      7.194   161.5439 6.1921e-01    13.0750      3.902      5.660    12.4145 0.0000e+00
      3.990      0.045     0.1398      2.533     57.361  42.817030     3.4353      7.191   161.6584 5.9969e-01    13.1592      3.911      5.673    12.3971 0.0000e+00
      4.002      0.049     0.1674      2.953     57.449  42.838606     3.4466      7.189   161.2656 5.8544e-01    13.2104      3.924      5.692    12.3909 0.0000e+00
      4.017      0.054     0.1964      3.449     57.533  42.862017     3.4326      7.188   160.4081 5.6261e-01    13.2500      3.940      5.714    12.3836 0.0000e+00
      4.032      0.058     0.2302      4.091     57.641  42.909624     3.3664      7.185   160.0666 5.3902e-01    13.3987      3.954      5.734    12.3591 0.0000e+00
      4.047      0.061     0.2690      4.975     57.768  42.969860     3.2543      7.183   160.2331 5.2915e-01    13.6767      3.968      5.755    12.3206 0.0000e+00
      4.062      0.061     0.3136      6.127     57.882  43.019022     3.1918      7.181   160.4428 5.1112e-01    13.8101      3.983      5.777    12.2788 0.0000e+00
      4.080      0.060     0.3653      7.592     57.980  43.059677     3.1688      7.180   160.3648 4.8298e-01    13.7473      4.000      5.802    12.2443 0.0000e+00
      4.098      0.057     0.4277      9.444     58.042  43.080532     3.1271      7.178   160.0649 4.7683e-01    13.7041      4.020      5.832    12.2194 0.0000e+00
      4.113      0.053     0.5246     11.693     58.071  43.080728     3.0788      7.174   160.0003 4.7512e-01    13.7321      4.034      5.851    12.1902 0.0000e+00
      4.124      0.049     0.6471     14.271     58.071  43.062030     3.0668      7.172   160.2727 4.5169e-01    13.7771      4.043      5.864    12.1556 0.0000e+00
      4.134      0.045     0.7998     17.012     58.072  43.044850     3.0653      7.171   160.6912 4.3339e-01    13.7703      4.054      5.881    12.1284 0.0000e+00
      4.144      0.043     1.0005     19.703     58.121  43.063414     3.0355      7.168   160.9292 4.3009e-01    13.8202      4.063      5.893    12.1069 0.0000e+00
      4.154      0.043     1.2439     22.153     58.187  43.096046     3.0060      7.166   160.9995 4.1389e-01    14.0055      4.072      5.906    12.0889 0.0000e+00
      4.166      0.043     1.5283     24.183     58.241  43.122009     2.9998      7.163   161.1113 3.9329e-01    14.1655      4.086      5.926    12.0744 0.0000e+00
      4.179      0.043     1.8337     25.724     58.259  43.123416     3.0026      7.160   161.3342 3.8399e-01    14.2176      4.098      5.943    12.0588 0.0000e+00
      4.190      0.043     2.1288     26.852     58.259  43.113046     2.9891      7.157   161.6301 3.7484e-01    14.1919      4.108      5.958    12.0425 0.0000e+00
      4.200      0.042     2.4028     27.704     58.285  43.123559     2.8880      7.154   162.0219 3.6889e-01    14.2644      4.121      5.975    12.0286 0.0000e+00
      4.210      0.041     2.6245     28.388     58.295  43.123570     2.7200      7.151   162.6299 3.7291e-01    14.4792      4.130      5.988    12.0168 0.0000e+00
      4.220      0.040     2.7871     28.958     58.290  43.113176     2.6397      7.149   163.2154 3.7505e-01    14.6370      4.138      6.001    12.0069 0.0000e+00
      4.231      0.040     2.9038     29.447     58.314  43.124822     2.6406      7.147   163.5955 3.5625e-01    14.7031      4.151      6.019    11.9986 0.0000e+00
      4.242      0.039     2.9907     29.857     58.336  43.137423     2.5308      7.145   163.8705 3.2538e-01    14.7326      4.161      6.035    11.9912 0.0000e+00
      4.251      0.038     3.0653     30.216     58.338  43.138579     2.3031      7.143   164.3033 3.0685e-01    14.7546      4.169      6.046    11.9839 0.0000e+00
      4.261      0.035     3.1233     30.525     58.335  43.138798     2.1764      7.141   164.9573 2.9851e-01    14.7978      4.178      6.059    11.9782 0.0000e+00
      4.270      0.031     3.1790     30.720     58.331  43.140074     2.1725      7.138   165.5831 2.9211e-01    14.8448      4.189      6.075    11.9736 0.0000e+00
      4.278      0.027     3.2210     30.783     58.342  43.154018     2.1561      7.135   166.1910 2.8665e-01    14.7772      4.196      6.087    11.9693 0.0000e+00
      4.284      0.024     3.2584     30.743     58.367  43.180449     2.0936      7.132   166.7145 2.9130e-01    14.5611      4.202      6.094    11.9686 0.0000e+00
      4.289      0.021     3.2969     30.643     58.374  43.205751     2.0416      7.128   167.1801 2.9807e-01    14.3842      4.206      6.101    11.9719 0.0000e+00
      4.293      0.020     3.3166     30.485     58.321  43.206071     2.0186      7.125   167.7762 2.8675e-01    14.3117      4.211      6.108    11.9764 0.0000e+00
      4.297      0.020     3.3231     30.254     58.229  43.184356     1.8987      7.123   168.4161 2.7822e-01    13.6848      4.214      6.112    11.9799 0.0000e+00
      4.302      0.021     3.3149     29.919     58.213  43.197153     1.6826      7.121   169.2383 2.7732e-01    12.4405      4.218      6.118    11.9844 0.0000e+00
      4.307      0.022     3.3041     29.401     58.258  43.233886     1.5689      7.118   170.2321 2.7042e-01    11.7350      4.223      6.126    11.9981 0.0000e+00
      4.314      0.024     3.2857     28.696     58.272  43.247631     1.5477      7.115   171.0536 2.5919e-01    11.6114      4.230      6.136    12.0330 0.0000e+00
      4.321      0.026     3.2554     27.919     58.265  43.236406     1.4439      7.113   171.8581 2.4729e-01    11.0484      4.239      6.148    12.0886 0.0000e+00
      4.327      0.028     3.2239     27.167     58.289  43.225096     1.2788      7.111   172.8178 2.4427e-01    10.0850      4.243      6.154    12.1103 0.0000e+00
      4.333      0.028     3.1695     26.518     58.361  43.237796     1.1998      7.108   173.7096 2.4096e-01     9.5970      4.247      6.161    12.0964 0.0000e+00
      4.342      0.028     3.0864     26.104     58.450  43.262973     1.1872      7.106   174.6388 2.3486e-01     9.5542      4.259      6.177    12.1090 0.0000e+00
      4.351      0.027     2.9993     26.055     58.518  43.275559     1.1186      7.103   175.7920 2.3981e-01     9.3273      4.268      6.189    12.1115 0.0000e+00
      4.359      0.025     2.9195     26.424     58.548  43.262991     1.0024      7.099   176.8990 2.4864e-01     8.9040      4.274      6.200    12.0772 0.0000e+00
      4.365      0.022     2.8458     27.181     58.553  43.237929     0.9484      7.097   177.7850 2.4875e-01     8.7405      4.282      6.211    12.0409 0.0000e+00
      4.370      0.020     2.7977     28.231     58.565  43.226401     0.9565      7.096   178.4164 2.4481e-01     8.8194      4.286      6.217    12.0053 0.0000e+00
      4.373      0.019     2.7934     29.482     58.613  43.250535     0.9506      7.094   179.0262 2.3153e-01     8.7644      4.288      6.219    11.9716 0.0000e+00
      4.376      0.020     2.8352     30.840     58.653  43.275811     0.9188      7.091   179.9102 2.1673e-01     8.2806      4.290      6.223    11.9426 0.0000e+00
      4.380      0.024     2.9241     32.155     58.653  43.278117     0.8880      7.089   180.8443 2.1715e-01     7.5131      4.294      6.228    11.9162 0.0000e+00
      4.386      0.031     3.0416     33.287     58.647  43.278421     0.8863      7.087   181.7171 2.2248e-01     7.1364      4.301      6.238    11.8990 0.0000e+00
      4.394      0.041     3.1797     34.161     58.649  43.279481     0.8898      7.085   182.4616 2.3074e-01     7.1760      4.308      6.249    11.8899 0.0000e+00
      4.404      0.050     3.3337     34.764     58.678  43.290930     0.8549      7.082   183.3934 2.3328e-01     7.3428      4.318      6.262    11.8875 0.0000e+00
      4.419      0.058     3.4810     35.137     58.693  43.289892     0.7984      7.078   184.8954 2.2054e-01     7.5475      4.332      6.284    11.8886 0.0000e+00
