Data/DataNotYetUploadedToEDI/Raw_CTD/RawDownloads/090523_fcr50_S8188001.cnv
* Sea-Bird SBE19plus  Data File:
* FileName = C:\R\Reservoirs\Data\DataNotYetUploadedToEDI\Raw_CTD\RawDownloads\090523_fcr50_S8188_0001.hex
* Software version 2.8.0.119
* Temperature SN = 8188
* Conductivity SN = 8188
* System UpLoad Time = Sep 06 2023 10:34:54
* <ApplicationData>
* <Seaterm232>
# nquan = 16
# nvalues = 1724                        
# units = specified
# name 0 = depFM: Depth [fresh water, m]
# name 1 = dz/dtM: Descent Rate [m/s]
# name 2 = sbeox0Mg/L: Oxygen, SBE 43 [mg/l]
# name 3 = sbeox0PS: Oxygen, SBE 43 [% saturation]
# name 4 = specc: Specific Conductance [uS/cm]
# name 5 = c0uS/cm: Conductivity [uS/cm]
# name 6 = wetCDOM: Fluorescence, WET Labs CDOM [mg/m^3]
# name 7 = flECO-AFL: Fluorescence, WET Labs ECO-AFL/FL [mg/m^3]
# name 8 = flECO-AFL1: Fluorescence, WET Labs ECO-AFL/FL, 2 [mg/m^3]
# name 9 = flECO-AFL2: Fluorescence, WET Labs ECO-AFL/FL, 3 [mg/m^3]
# name 10 = par/sat/log: PAR/Logarithmic, Satlantic
# name 11 = turbWETntu0: Turbidity, WET Labs ECO [NTU]
# name 12 = prdM: Pressure, Strain Gauge [db]
# name 13 = prdE: Pressure, Strain Gauge [psi]
# name 14 = tv290C: Temperature [ITS-90, deg C]
# name 15 = flag:  0.000e+00
# span 0 =     -0.504,      9.110       
# span 1 =     -0.276,      0.110       
# span 2 =     0.6598,     6.7898       
# span 3 =      6.610,     85.029       
# span 4 =     10.484,     60.617       
# span 5 =  10.841773,  51.516616       
# span 6 =    -4.5000,     4.7700       
# span 7 =    -0.4550,    51.5210       
# span 8 =    -2.1300,     0.6390       
# span 9 =    -2.0304,    10.9557       
# span 10 = 1.1572e-01, 2.3559e+03      
# span 11 =     1.7259,   966.3751      
# span 12 =     -0.495,      8.934      
# span 13 =     -0.717,     12.957      
# span 14 =    11.7758,    28.6780      
# span 15 = 0.0000e+00, 0.0000e+00      
# interval = seconds: 0.25
# start_time = Sep 05 2023 13:31:29 [Instrument's time stamp, header]
# bad_flag = -9.990e-29
*END*
[from data line 1628]
      1.420     -0.127     1.0284     17.495     43.971  41.222598     3.8700     5.8279     0.1278     4.0185 5.2502e+01     4.0406      1.392      2.019    20.8791 0.0000e+00
      1.386     -0.116     1.0928     20.442     43.760  41.179508     3.8700     5.8355     0.1278     4.0185 5.2388e+01     3.9804      1.359      1.972    21.1681 0.0000e+00
      1.358     -0.102     1.1902     23.940     43.548  41.127035     3.8700     5.6600     0.1278     4.0185 5.2422e+01     6.5506      1.331      1.931    21.4427 0.0000e+00
      1.335     -0.088     1.3319     27.803     43.358  41.090811     3.8700     5.6448     0.1278     4.0185 5.2014e+01     6.5656      1.309      1.898    21.6799 0.0000e+00
      1.316     -0.077     1.5277     31.825     43.233  41.086941     3.9600     5.6524     0.0852     3.8916 5.1631e+01     6.5957      1.290      1.871    21.8796 0.0000e+00
      1.300     -0.069     1.7795     35.826     43.188  41.106476     3.9600     5.6486     0.0852     3.8916 5.1653e+01     6.5205      1.275      1.849    22.0541 0.0000e+00
      1.286     -0.067     2.0781     39.662     43.230  41.146706     3.9600     5.2519     0.0852     3.8916 5.1676e+01     6.9564      1.261      1.829    22.2220 0.0000e+00
      1.272     -0.070     2.4075     43.160     43.338  41.196566     3.9600     5.2862     0.0852     3.8916 5.1463e+01     7.0917      1.247      1.809    22.3852 0.0000e+00
      1.256     -0.078     2.7508     46.107     43.461  41.229725     3.9600     5.2786     0.0852     3.8916 5.1496e+01     7.0767      1.232      1.786    22.5165 0.0000e+00
      1.237     -0.089     3.0948     48.274     43.568  41.241152     4.1400     5.2786     0.1278     3.9762 5.0796e+01     7.0165      1.213      1.759    22.5879 0.0000e+00
      1.213     -0.103     3.4281     49.475     43.644  41.237849     4.1400     5.0726     0.1278     3.9762 5.1541e+01     6.3853      1.189      1.725    22.5883 0.0000e+00
      1.184     -0.116     3.7363     49.625     43.680  41.222891     4.1400     5.0916     0.1278     3.9762 5.2708e+01     6.4003      1.161      1.684    22.5264 0.0000e+00
      1.151     -0.127     3.9994     48.782     43.676  41.206155     4.1400     5.1107     0.1278     3.9762 5.3133e+01     6.2650      1.129      1.637    22.4291 0.0000e+00
      1.115     -0.132     4.1957     47.149     43.650  41.199026     3.9600     5.0764     0.0852     3.8493 5.3995e+01     6.3402      1.093      1.585    22.3261 0.0000e+00
      1.077     -0.132     4.3069     45.060     43.626  41.209511     3.9600     4.1189     0.0852     3.8493 5.5157e+01     7.0917      1.056      1.531    22.2392 0.0000e+00
      1.039     -0.126     4.3243     42.905     43.633  41.240412     3.9600     4.1456     0.0852     3.8493 5.6712e+01     7.0917      1.019      1.478    22.1835 0.0000e+00
      1.005     -0.116     4.2520     41.038     43.669  41.274219     3.9600     4.1303     0.0852     3.8493 5.7332e+01     7.0015      0.986      1.430    22.1677 0.0000e+00
      0.977     -0.103     4.1080     39.697     43.708  41.292211     4.1400     4.1418     0.1278     4.3992 5.7757e+01     7.0616      0.958      1.389    22.1878 0.0000e+00
      0.954     -0.091     3.9230     38.925     43.730  41.297200     4.1400     4.1074     0.1278     4.3992 5.9090e+01     7.3472      0.936      1.357    22.2254 0.0000e+00
      0.936     -0.083     3.7331     38.575     43.728  41.294476     4.1400     4.1074     0.1278     4.3992 5.9554e+01     7.3171      0.917      1.331    22.2536 0.0000e+00
      0.919     -0.080     3.5704     38.425     43.711  41.291239     4.1400     4.1074     0.1278     4.3992 6.0796e+01     7.2119      0.901      1.307    22.2532 0.0000e+00
      0.902     -0.084     3.4550     38.314     43.690  41.294549     4.3200     4.1265     0.0852     4.8645 6.1048e+01     7.3773      0.885      1.283    22.2317 0.0000e+00
      0.883     -0.094     3.3889     38.172     43.659  41.301328     4.3200     4.3935     0.0852     4.8645 6.0995e+01     6.8211      0.866      1.256    22.2134 0.0000e+00
      0.859     -0.110     3.3585     38.003     43.617  41.315366     4.3200     4.3516     0.0852     4.8645 6.1008e+01     6.7911      0.843      1.222    22.2123 0.0000e+00
      0.830     -0.128     3.3445     37.888     43.577  41.350313     4.3200     4.3935     0.0852     4.8645 6.1327e+01     6.8362      0.814      1.181    22.2270 0.0000e+00
      0.795     -0.147     3.3331     37.965     43.545  41.413511     4.3200     4.3897     0.0852     4.8645 6.3125e+01     6.8362      0.779      1.131    22.2537 0.0000e+00
      0.753     -0.161     3.3181     38.404     43.512  41.503984     4.3200     3.7641     0.1278     5.0760 6.5543e+01     7.0466      0.738      1.071    22.2947 0.0000e+00
      0.706     -0.169     3.2993     39.343     43.458  41.604263     4.3200     3.7641     0.1278     5.0760 6.7642e+01     7.1217      0.692      1.004    22.3563 0.0000e+00
      0.656     -0.169     3.2838     40.804     43.379  41.689590     4.3200     3.7412     0.1278     5.0760 7.0569e+01     6.9264      0.643      0.934    22.4399 0.0000e+00
      0.608     -0.162     3.2833     42.724     43.293  41.753011     4.3200     3.7794     0.1278     5.0760 7.1698e+01     7.0466      0.596      0.865    22.5476 0.0000e+00
      0.565     -0.148     3.3118     45.025     43.212  41.795598     4.4100     3.0927     0.0852     4.9491 7.2229e+01     6.7460      0.554      0.804    22.6889 0.0000e+00
      0.530     -0.130     3.3810     47.589     43.143  41.820789     4.4100     3.0813     0.0852     4.9491 7.2198e+01     6.8512      0.520      0.754    22.8635 0.0000e+00
      0.501     -0.112     3.4938     50.242     43.079  41.819457     4.4100     3.1080     0.0852     4.9491 7.2560e+01     6.7911      0.491      0.713    23.0486 0.0000e+00
      0.477     -0.096     3.6466     52.793     43.016  41.783325     4.4100     3.0813     0.0852     4.9491 7.2261e+01     6.8211      0.468      0.679    23.2175 0.0000e+00
      0.458     -0.084     3.8331     55.063     42.985  41.744363     4.4100     3.0469     0.1278     4.7376 7.3464e+01     6.8211      0.449      0.651    23.3568 0.0000e+00
      0.440     -0.079     4.0439     56.906     42.998  41.731799     4.4100     3.0126     0.1278     4.7376 7.5209e+01     6.8061      0.432      0.626    23.4625 0.0000e+00
      0.423     -0.080     4.2645     58.238     43.024  41.740297     4.4100     3.0317     0.1278     4.7376 7.8039e+01     6.7610      0.415      0.602    23.5326 0.0000e+00
      0.406     -0.086     4.4792     59.031     43.045  41.760234     4.4100     3.0355     0.1278     4.7376 7.8107e+01     6.7761      0.398      0.577    23.5621 0.0000e+00
      0.385     -0.094     4.6734     59.335     43.069  41.796929     4.5000     3.0889     0.1278     4.7376 7.7988e+01     6.3402      0.378      0.548    23.5512 0.0000e+00
      0.360     -0.101     4.8328     59.270     43.102  41.858184     4.5000     3.1156     0.1278     4.7376 8.0414e+01     6.3402      0.353      0.512    23.5226 0.0000e+00
      0.329     -0.106     4.9478     58.982     43.141  41.944487     4.5000     3.0851     0.1278     4.7376 9.1156e+01     6.2801      0.323      0.468    23.5031 0.0000e+00
      0.297     -0.105     5.0153     58.631     43.169  42.045175     4.5000     3.1003     0.1278     4.7376 1.0024e+02     6.3402      0.291      0.422    23.5021 0.0000e+00
      0.265     -0.098     5.0396     58.358     43.160  42.125686     4.5000     2.9745     0.1278     4.7376 1.0168e+02     6.0997      0.260      0.378    23.5183 0.0000e+00
      0.240     -0.086     5.0309     58.247     43.116  42.163914     4.4100     2.9630     0.1278     4.2723 9.9867e+01     6.0245      0.235      0.341    23.5518 0.0000e+00
      0.220     -0.070     5.0012     58.311     43.070  42.174020     4.4100     2.9783     0.1278     4.2723 9.8638e+01     6.0095      0.216      0.313    23.6084 0.0000e+00
      0.206     -0.054     4.9636     58.543     43.031  42.164645     4.4100     2.9439     0.1278     4.2723 9.5870e+01     6.1748      0.202      0.293    23.6931 0.0000e+00
      0.196     -0.039     4.9309     58.913     42.984  42.129328     4.4100     2.6883     0.1278     4.2723 9.5495e+01     5.7239      0.192      0.279    23.7962 0.0000e+00
      0.189     -0.027     4.9127     59.375     42.938  42.076480     4.3200     2.6655     0.1278     3.7647 9.3952e+01     5.6939      0.185      0.269    23.8904 0.0000e+00
      0.185     -0.017     4.9123     59.869     42.916  42.029651     4.3200     2.6655     0.1278     3.7647 9.5061e+01     5.5286      0.181      0.263    23.9539 0.0000e+00
      0.182     -0.010     4.9286     60.335     42.923  42.004085     4.3200     2.6540     0.1278     3.7647 9.6728e+01     5.6187      0.179      0.259    23.9877 0.0000e+00
      0.182     -0.005     4.9587     60.726     42.939  41.992963     4.3200     2.2229     0.1278     3.7647 9.3911e+01     5.1077      0.178      0.258    23.9998 0.0000e+00
      0.182     -0.002     4.9984     61.008     42.945  41.981428     4.3200     2.2229     0.1278     4.0185 9.1474e+01     5.1378      0.178      0.258    23.9906 0.0000e+00
      0.182     -0.000     5.0428     61.183     42.953  41.978293     4.3200     2.2458     0.1278     4.0185 8.7984e+01     5.1378      0.178      0.258    23.9614 0.0000e+00
      0.182      0.001     5.0857     61.220     42.989  42.006493     4.3200     2.2191     0.1278     4.0185 8.7014e+01     5.0476      0.179      0.259    23.9237 0.0000e+00
      0.183      0.000     5.1215     61.101     43.049  42.077508     4.3200     2.1734     0.1278     4.0185 8.6882e+01     4.8973      0.179      0.260    23.8925 0.0000e+00
      0.183     -0.000     5.1472     60.917     43.125  42.194426     4.5000     2.1619     0.1278     4.6530 8.7431e+01     4.8522      0.180      0.261    23.8728 0.0000e+00
      0.183     -0.001     5.1632     60.779     43.202  42.346823     4.5000     2.1848     0.1278     4.6530 8.7052e+01     4.8973      0.179      0.260    23.8591 0.0000e+00
      0.182     -0.002     5.1671     60.749     43.255  42.504020     4.5000     2.1657     0.1278     4.6530 8.8061e+01     4.8823      0.179      0.259    23.8516 0.0000e+00
      0.182     -0.002     5.1558     60.868     43.259  42.628697     4.5000     1.9674     0.1278     4.6530 8.8694e+01     4.3712      0.178      0.258    23.8650 0.0000e+00
      0.181     -0.002     5.1355     61.126     43.226  42.716465     4.5000     1.9941     0.1278     4.6530 8.8463e+01     4.3412      0.177      0.257    23.9146 0.0000e+00
      0.180     -0.001     5.1153     61.494     43.206  42.804607     4.5000     1.9597     0.1704     4.3569 8.8984e+01     4.4464      0.177      0.256    24.0037 0.0000e+00
      0.180      0.000     5.1011     61.928     43.216  42.912667     4.5000     1.9521     0.1704     4.3569 8.9995e+01     4.4614      0.176      0.256    24.1256 0.0000e+00
      0.179      0.001     5.0976     62.365     43.219  43.013990     4.5000     1.9674     0.1704     4.3569 9.2473e+01     4.3562      0.176      0.255    24.2662 0.0000e+00
      0.180      0.003     5.1059     62.758     43.201  43.090033     4.5000     1.9902     0.1704     4.3569 9.5309e+01     4.4314      0.177      0.256    24.4053 0.0000e+00
      0.181      0.006     5.1248     63.087     43.189  43.161080     4.4100     1.9788     0.1704     4.2300 9.5309e+01     4.4464      0.178      0.258    24.5295 0.0000e+00
      0.183      0.009     5.1500     63.329     43.181  43.224286     4.4100     2.0017     0.1704     4.2300 9.5995e+01     4.5065      0.179      0.260    24.6435 0.0000e+00
      0.185      0.011     5.1754     63.489     43.167  43.266792     4.4100     1.9788     0.1704     4.2300 9.7339e+01     4.7770      0.182      0.264    24.7569 0.0000e+00
      0.189      0.012     5.1976     63.591     43.163  43.307858     4.4100     1.9902     0.1704     4.2300 9.4320e+01     4.9123      0.185      0.269    24.8663 0.0000e+00
      0.193      0.010     5.2156     63.648     43.152  43.332683     4.5000     2.0131     0.1278     4.1454 7.6577e+01     4.8522      0.189      0.275    24.9626 0.0000e+00
      0.198      0.007     5.2278     63.690     43.109  43.310243     4.5000     1.9864     0.1278     4.1454 7.3400e+01     4.8522      0.194      0.281    25.0441 0.0000e+00
      0.201      0.000     5.2347     63.722     43.058  43.254371     4.5000     1.8567     0.1278     4.1454 6.5203e+01     4.4163      0.197      0.285    25.1099 0.0000e+00
      0.201     -0.009     5.2381     63.684     43.029  43.199698     4.5000     1.8720     0.1278     4.1454 6.2335e+01     4.4915      0.197      0.286    25.1621 0.0000e+00
      0.198     -0.021     5.2388     63.581     43.021  43.159377     4.5000     1.8300     0.1278     4.1454 5.7832e+01     4.4163      0.194      0.282    25.2038 0.0000e+00
      0.192     -0.034     5.2401     63.508     43.015  43.124635     4.4100     1.8567     0.1278     4.0185 5.5181e+01     4.4314      0.188      0.273    25.2269 0.0000e+00
      0.182     -0.048     5.2432     63.523     43.013  43.102055     4.4100     1.7881     0.1278     4.0185 5.3527e+01     4.1758      0.178      0.259    25.2218 0.0000e+00
      0.169     -0.062     5.2429     63.631     43.034  43.113352     4.4100     1.7804     0.1278     4.0185 4.9845e+01     4.1458      0.165      0.239    25.1924 0.0000e+00
      0.151     -0.076     5.2381     63.805     43.081  43.173422     4.4100     1.7843     0.1278     4.0185 4.4432e+01     4.2059      0.148      0.215    25.1546 0.0000e+00
      0.130     -0.090     5.2352     64.005     43.131  43.274508     4.3200     1.8033     0.1278     3.7224 4.1701e+01     4.1758      0.128      0.185    25.1220 0.0000e+00
      0.107     -0.105     5.2387     64.292     43.145  43.386111     4.3200     1.9025     0.1278     3.7224 5.3376e+01     4.3562      0.105      0.152    25.0984 0.0000e+00
      0.081     -0.121     5.2486     64.759     43.060  43.440917     4.3200     1.8873     0.1278     3.7224 5.3018e+01     4.2360      0.079      0.115    25.0875 0.0000e+00
      0.050     -0.137     5.2612     65.437     42.803  43.338634     4.3200     1.8949     0.1278     3.7224 5.8515e+01     4.2360      0.049      0.071    25.1038 0.0000e+00
      0.015     -0.153     5.2716     66.306     42.342  43.012375     4.1400     1.9292     0.0426     3.4686 6.8054e+01     4.1608      0.014      0.021    25.1652 0.0000e+00
     -0.026     -0.169     5.2836     67.379     41.635  42.400904     4.1400     1.5516     0.0426     3.4686 6.9112e+01     3.9654     -0.025     -0.037    25.2819 0.0000e+00
     -0.069     -0.184     5.3053     68.832     40.519  41.351070     4.1400     1.5363     0.0426     3.4686 8.3713e+01     3.9804     -0.068     -0.099    25.4495 0.0000e+00
     -0.115     -0.198     5.3417     71.014     38.658  39.541312     4.1400     1.5592     0.0426     3.4686 8.3169e+01     3.9504     -0.113     -0.163    25.6406 0.0000e+00
     -0.162     -0.211     5.3949     74.252     35.488  36.395906     3.9600     1.5554     0.0426     3.1302 1.0180e+02     4.0105     -0.159     -0.230    25.8158 0.0000e+00
     -0.211     -0.221     5.4674     78.597     30.132  30.982966     3.9600     2.3183     0.0426     3.1302 1.1742e+02     5.0476     -0.207     -0.300    25.9580 0.0000e+00
     -0.261     -0.229     5.5715     82.823     23.022  23.718240     3.9600     2.3069     0.0426     3.1302 1.3001e+02     5.1829     -0.256     -0.371    26.0857 0.0000e+00
     -0.312     -0.234     5.7319     85.029     16.611  17.136672     3.9600     2.3069     0.0426     3.1302 1.4378e+02     5.1528     -0.306     -0.444    26.2321 0.0000e+00
