Data/DataNotYetUploadedToEDI/Raw_CTD/RawDownloads/090523_bvr50_S7809001.cnv
* Sea-Bird SBE19plus  Data File:
* FileName = C:\R\Reservoirs\Data\DataNotYetUploadedToEDI\Raw_CTD\RawDownloads\090523_bvr50_S7809_0001.hex
* Software version 2.8.0.119
* Temperature SN = 7809
* Conductivity SN = 7809
* System UpLoad Time = Sep 06 2023 10:53:19
* <ApplicationData>
* <Seaterm232>
# nquan = 15
# nvalues = 2458                        
# units = specified
# name 0 = depFM: Depth [fresh water, m]
# name 1 = dz/dtM: Descent Rate [m/s]
# name 2 = sbeox0Mg/L: Oxygen, SBE 43 [mg/l]
# name 3 = sbeox0PS: Oxygen, SBE 43 [% saturation]
# name 4 = specc: Specific Conductance [uS/cm]
# name 5 = c0uS/cm: Conductivity [uS/cm]
# name 6 = flECO-AFL: Fluorescence, WET Labs ECO-AFL/FL [mg/m^3]
# name 7 = ph: pH
# name 8 = orp: Oxidation Reduction Potential [mV]
# name 9 = par/sat/log: PAR/Logarithmic, Satlantic
# name 10 = turbWETntu0: Turbidity, WET Labs ECO [NTU]
# name 11 = prdM: Pressure, Strain Gauge [db]
# name 12 = prdE: Pressure, Strain Gauge [psi]
# name 13 = tv290C: Temperature [ITS-90, deg C]
# name 14 = flag:  0.000e+00
# span 0 =     -0.694,      9.653       
# span 1 =     -0.288,      0.099       
# span 2 =     0.1016,     8.6933       
# span 3 =      0.924,    107.164       
# span 4 =     18.444,    305.596       
# span 5 =  18.905183, 210.757478       
# span 6 =     0.4291,    17.1861       
# span 7 =      6.314,      8.570       
# span 8 =  -137.1787,   301.4352       
# span 9 = 1.2350e-01, 2.0161e+03       
# span 10 =    -7.6251,    26.3657      
# span 11 =     -0.686,      9.467      
# span 12 =     -0.994,     13.731      
# span 13 =     9.4132,    26.7728      
# span 14 = 0.0000e+00, 0.0000e+00      
# interval = seconds: 0.25
# start_time = Sep 05 2023 10:37:01 [Instrument's time stamp, header]
# bad_flag = -9.990e-29
*END*
[from data line 1350]
      7.770      0.044     0.1301      1.168    155.993 109.845197     2.2626      6.407   -80.2060 1.2361e-01     3.0078      7.621     11.054    10.1683 0.0000e+00
      7.783      0.049     0.1291      1.175    156.322 110.016145     2.3274      6.409   -80.4174 1.2365e-01     2.9715      7.633     11.072    10.1857 0.0000e+00
      7.797      0.052     0.1341      1.179    156.483 110.080730     2.3646      6.409   -80.6842 1.2369e-01     2.9620      7.645     11.087    10.2139 0.0000e+00
      7.812      0.052     0.1364      1.179    156.592 110.116557     2.3792      6.410   -81.1086 1.2373e-01     2.9947      7.660     11.109    10.2279 0.0000e+00
      7.828      0.051     0.1270      1.197    156.757 110.194547     2.4035      6.411   -81.5055 1.2373e-01     3.1277      7.678     11.136    10.2076 0.0000e+00
      7.841      0.050     0.1339      1.199    156.902 110.259431     2.4343      6.413   -81.6971 1.2371e-01     3.3749      7.692     11.156    10.1835 0.0000e+00
      7.851      0.047     0.1333      1.194    156.953 110.264165     2.4429      6.414   -81.7043 1.2371e-01     3.5237      7.700     11.167    10.1707 0.0000e+00
      7.861      0.042     0.1295      1.198    156.946 110.251754     2.4412      6.414   -81.6793 1.2369e-01     3.5267      7.707     11.179    10.1577 0.0000e+00
      7.873      0.036     0.1375      1.214    156.892 110.236739     2.4388      6.415   -81.7384 1.2362e-01     3.5140      7.721     11.198    10.1454 0.0000e+00
      7.885      0.031     0.1339      1.222    156.812 110.210013     2.3981      6.417   -81.8160 1.2358e-01     3.5068      7.735     11.219    10.1341 0.0000e+00
      7.892      0.027     0.1346      1.208    156.754 110.183381     2.3318      6.417   -81.8434 1.2363e-01     3.4734      7.741     11.227    10.1211 0.0000e+00
      7.896      0.023     0.1337      1.199    156.736 110.169492     2.3027      6.417   -81.8983 1.2370e-01     3.4520      7.743     11.230    10.1168 0.0000e+00
      7.899      0.019     0.1368      1.206    156.747 110.169455     2.3042      6.418   -82.0491 1.2377e-01     3.4528      7.747     11.235    10.1290 0.0000e+00
      7.903      0.017     0.1394      1.222    156.771 110.182922     2.2919      6.418   -82.2908 1.2381e-01     3.3462      7.749     11.239    10.1407 0.0000e+00
      7.908      0.015     0.1349      1.229    156.797 110.204943     2.2782      6.419   -82.4972 1.2377e-01     3.1540      7.754     11.248    10.1448 0.0000e+00
      7.913      0.015     0.1344      1.217    156.750 110.180972     2.2797      6.420   -82.6512 1.2372e-01     3.0756      7.761     11.257    10.1435 0.0000e+00
      7.917      0.015     0.1351      1.204    156.690 110.147841     2.2762      6.422   -82.8627 1.2370e-01     3.0820      7.764     11.261    10.1392 0.0000e+00
      7.919      0.016     0.1377      1.199    156.759 110.186486     2.2450      6.422   -83.0756 1.2370e-01     2.9922      7.765     11.263    10.1380 0.0000e+00
      7.920      0.019     0.1397      1.194    156.932 110.266103     2.1943      6.422   -83.2470 1.2377e-01     2.8432      7.766     11.265    10.1396 0.0000e+00
      7.924      0.024     0.1365      1.196    157.121 110.346201     2.1619      6.423   -83.3858 1.2378e-01     2.7844      7.770     11.270    10.1421 0.0000e+00
      7.931      0.032     0.1348      1.193    157.328 110.454345     2.1457      6.425   -83.5500 1.2367e-01     2.7927      7.777     11.280    10.1481 0.0000e+00
      7.940      0.043     0.1355      1.188    157.594 110.618325     2.1231      6.425   -83.6827 1.2358e-01     2.8408      7.787     11.294    10.1478 0.0000e+00
      7.951      0.053     0.1331      1.189    157.798 110.736670     2.1042      6.426   -83.6134 1.2361e-01     2.9571      7.797     11.309    10.1306 0.0000e+00
      7.965      0.062     0.1355      1.199    157.837 110.738837     2.0929      6.427   -83.5729 1.2368e-01     3.0717      7.809     11.326    10.1096 0.0000e+00
      7.984      0.067     0.1344      1.209    157.809 110.708185     2.0862      6.428   -83.7089 1.2368e-01     3.0995      7.828     11.352    10.0989 0.0000e+00
      8.007      0.068     0.1333      1.194    157.863 110.748180     2.1141      6.429   -83.8821 1.2365e-01     3.0874      7.852     11.389    10.0944 0.0000e+00
      8.029      0.067     0.1338      1.168    158.097 110.903974     2.1558      6.431   -84.1184 1.2367e-01     3.0618      7.876     11.423    10.0864 0.0000e+00
      8.045      0.063     0.1341      1.157    158.357 111.063351     2.1574      6.431   -84.4147 1.2373e-01     2.9616      7.891     11.444    10.0757 0.0000e+00
      8.058      0.056     0.1384      1.167    158.507 111.146654     2.1419      6.431   -84.7114 1.2372e-01     2.8663      7.902     11.460    10.0715 0.0000e+00
      8.071      0.048     0.1344      1.167    158.707 111.274269     2.1188      6.432   -84.9527 1.2366e-01     2.8655      7.915     11.480    10.0766 0.0000e+00
      8.082      0.042     0.1312      1.156    158.988 111.459918     2.0861      6.432   -85.0944 1.2364e-01     2.9179      7.928     11.498    10.0753 0.0000e+00
      8.091      0.038     0.1286      1.166    159.126 111.544311     2.0786      6.433   -85.2207 1.2368e-01     2.9876      7.935     11.509    10.0639 0.0000e+00
      8.099      0.033     0.1324      1.179    159.116 111.530363     2.0782      6.435   -85.4464 1.2378e-01     3.0254      7.943     11.520    10.0569 0.0000e+00
      8.109      0.029     0.1329      1.172    159.133 111.546026     2.0472      6.436   -85.6728 1.2381e-01     3.0330      7.953     11.535    10.0542 0.0000e+00
      8.118      0.026     0.1282      1.168    159.210 111.606324     2.0042      6.435   -85.8076 1.2374e-01     3.0451      7.962     11.548    10.0511 0.0000e+00
      8.123      0.024     0.1315      1.168    159.328 111.686214     1.9828      6.435   -85.9573 1.2370e-01     3.0352      7.967     11.554    10.0457 0.0000e+00
      8.125      0.022     0.1347      1.158    159.436 111.747683     1.9802      6.436   -86.1064 1.2374e-01     3.0153      7.967     11.555    10.0426 0.0000e+00
      8.130      0.020     0.1314      1.166    159.497 111.776310     2.0055      6.437   -86.2344 1.2373e-01     2.9757      7.972     11.562    10.0454 0.0000e+00
      8.137      0.019     0.1306      1.171    159.503 111.777565     2.0558      6.437   -86.3864 1.2367e-01     2.9324      7.980     11.574    10.0487 0.0000e+00
      8.143      0.020     0.1338      1.158    159.474 111.762847     2.0809      6.437   -86.5665 1.2363e-01     2.9364      7.987     11.584    10.0485 0.0000e+00
      8.147      0.021     0.1284      1.160    159.602 111.853125     2.0850      6.438   -86.8636 1.2363e-01     2.9544      7.990     11.588    10.0423 0.0000e+00
      8.150      0.024     0.1315      1.168    159.892 112.041125     2.0881      6.440   -87.1391 1.2361e-01     2.9464      7.992     11.591    10.0360 0.0000e+00
      8.154      0.027     0.1343      1.160    160.049 112.125171     2.1023      6.442   -87.3162 1.2361e-01     2.9758      7.996     11.597    10.0359 0.0000e+00
      8.162      0.031     0.1286      1.159    160.054 112.104991     2.1396      6.442   -87.6279 1.2371e-01     3.0710      8.002     11.606    10.0393 0.0000e+00
      8.172      0.037     0.1304      1.166    160.091 112.115575     2.1647      6.442   -87.9837 1.2379e-01     3.1063      8.013     11.623    10.0409 0.0000e+00
      8.183      0.043     0.1335      1.172    160.124 112.125731     2.1643      6.443   -88.1764 1.2374e-01     3.0608      8.027     11.642    10.0355 0.0000e+00
      8.193      0.047     0.1297      1.171    160.108 112.100397     2.1593      6.443   -88.2379 1.2371e-01     3.0334      8.034     11.653    10.0254 0.0000e+00
      8.205      0.048     0.1304      1.157    160.077 112.064017     2.1550      6.443   -88.3828 1.2370e-01     3.0139      8.043     11.667    10.0175 0.0000e+00
      8.222      0.047     0.1317      1.144    160.010 112.004301     2.1458      6.444   -88.6376 1.2360e-01     2.9960      8.063     11.694    10.0135 0.0000e+00
      8.237      0.046     0.1322      1.142    159.948 111.951591     2.1307      6.446   -88.8236 1.2356e-01     2.9886      8.079     11.718    10.0104 0.0000e+00
      8.247      0.044     0.1330      1.158    159.921 111.936223     2.0894      6.446   -88.9957 1.2363e-01     2.9924      8.089     11.732    10.0053 0.0000e+00
      8.256      0.040     0.1300      1.167    159.909 111.945872     2.0211      6.447   -89.0838 1.2367e-01     3.0081      8.096     11.741    10.0003 0.0000e+00
      8.266      0.035     0.1291      1.154    159.877 111.940889     1.9866      6.448   -89.1149 1.2367e-01     3.0067      8.105     11.756     9.9968 0.0000e+00
      8.275      0.032     0.1276      1.145    159.777 111.875999     1.9886      6.449   -89.2854 1.2368e-01     3.0093      8.115     11.770     9.9925 0.0000e+00
      8.282      0.031     0.1310      1.150    159.687 111.798203     1.9704      6.450   -89.5110 1.2369e-01     2.9721      8.122     11.780     9.9925 0.0000e+00
      8.287      0.031     0.1335      1.156    159.677 111.764540     1.9334      6.450   -89.6913 1.2369e-01     2.8646      8.127     11.787    10.0013 0.0000e+00
      8.294      0.030     0.1295      1.167    159.650 111.723715     1.9156      6.450   -89.8307 1.2368e-01     2.8022      8.133     11.796    10.0072 0.0000e+00
      8.303      0.030     0.1284      1.166    159.537 111.623025     1.9135      6.451   -89.9917 1.2365e-01     2.7989      8.143     11.810    10.0097 0.0000e+00
      8.312      0.030     0.1302      1.139    159.502 111.566127     1.9154      6.454   -90.1761 1.2369e-01     2.8589      8.152     11.824    10.0057 0.0000e+00
      8.320      0.031     0.1299      1.122    159.792 111.736331     1.9309      6.455   -90.3392 1.2367e-01     3.0493      8.160     11.835     9.9925 0.0000e+00
      8.326      0.034     0.1321      1.137    160.241 112.024948     1.9425      6.455   -90.5009 1.2357e-01     3.1881      8.165     11.842     9.9876 0.0000e+00
      8.332      0.038     0.1336      1.147    160.507 112.189648     1.9399      6.454   -90.7543 1.2360e-01     3.2385      8.171     11.850     9.9835 0.0000e+00
      8.341      0.042     0.1280      1.129    160.642 112.262775     1.9407      6.454   -91.0801 1.2367e-01     3.3175      8.178     11.861     9.9701 0.0000e+00
      8.354      0.044     0.1245      1.116    160.772 112.335867     1.9432      6.454   -91.3426 1.2363e-01     3.3230      8.191     11.879     9.9592 0.0000e+00
      8.370      0.044     0.1290      1.123    160.934 112.436454     1.9367      6.455   -91.5192 1.2358e-01     3.2706      8.210     11.908     9.9528 0.0000e+00
      8.385      0.043     0.1316      1.129    161.162 112.587249     1.9295      6.457   -91.6668 1.2359e-01     3.2305      8.226     11.931     9.9463 0.0000e+00
      8.395      0.040     0.1270      1.132    161.500 112.821548     1.9320      6.457   -91.7505 1.2361e-01     3.0770      8.233     11.942     9.9391 0.0000e+00
      8.401      0.037     0.1246      1.138    161.985 113.167438     1.9495      6.458   -91.6715 1.2363e-01     2.8505      8.238     11.948     9.9333 0.0000e+00
      8.407      0.035     0.1278      1.133    162.396 113.457250     1.9655      6.459   -91.5718 1.2363e-01     2.7797      8.245     11.957     9.9298 0.0000e+00
      8.416      0.035     0.1277      1.128    162.512 113.523038     1.9678      6.459   -91.6630 1.2358e-01     2.8361      8.251     11.968     9.9271 0.0000e+00
      8.426      0.036     0.1272      1.129    162.617 113.580690     1.9851      6.460   -91.9139 1.2360e-01     2.9173      8.262     11.983     9.9248 0.0000e+00
      8.439      0.040     0.1298      1.128    162.999 113.835820     2.0176      6.461   -92.1959 1.2369e-01     3.0102      8.276     12.004     9.9293 0.0000e+00
      8.449      0.046     0.1277      1.125    163.552 114.187290     2.0360      6.461   -92.4917 1.2371e-01     3.0713      8.287     12.019     9.9336 0.0000e+00
      8.456      0.053     0.1273      1.137    164.114 114.517965     2.0407      6.462   -92.6514 1.2369e-01     3.0761      8.291     12.025     9.9244 0.0000e+00
      8.466      0.058     0.1277      1.161    164.489 114.712663     2.0170      6.463   -92.5775 1.2374e-01     3.0677      8.299     12.035     9.9187 0.0000e+00
      8.485      0.059     0.1281      1.173    164.532 114.694008     1.9651      6.464   -92.6312 1.2377e-01     3.0720      8.320     12.066     9.9206 0.0000e+00
      8.508      0.057     0.1262      1.169    164.448 114.610854     1.9291      6.464   -92.9565 1.2374e-01     3.0262      8.346     12.104     9.9097 0.0000e+00
      8.528      0.053     0.1279      1.160    164.447 114.599038     1.9147      6.464   -93.3272 1.2371e-01     2.9919      8.366     12.134     9.8876 0.0000e+00
      8.540      0.045     0.1324      1.154    164.477 114.614829     1.9153      6.465   -93.6715 1.2366e-01     3.0325      8.378     12.151     9.8649 0.0000e+00
      8.547      0.035     0.1333      1.142    164.551 114.674376     1.9451      6.466   -94.0222 1.2366e-01     3.0399      8.381     12.156     9.8487 0.0000e+00
      8.551      0.028     0.1328      1.127    164.724 114.809420     1.9921      6.467   -94.3840 1.2371e-01     3.0126      8.385     12.162     9.8436 0.0000e+00
      8.555      0.026     0.1306      1.112    165.132 115.101054     2.0177      6.467   -94.6902 1.2378e-01     3.0099      8.389     12.169     9.8414 0.0000e+00
      8.560      0.029     0.1315      1.096    165.845 115.588742     2.0215      6.467   -94.8860 1.2382e-01     3.0067      8.392     12.174     9.8378 0.0000e+00
      8.566      0.034     0.1290      1.093    166.466 115.992040     2.0053      6.467   -95.0301 1.2378e-01     3.0079      8.398     12.180     9.8413 0.0000e+00
      8.576      0.037     0.1279      1.102    166.756 116.155078     1.9631      6.468   -95.2282 1.2368e-01     3.0249      8.409     12.196     9.8478 0.0000e+00
      8.590      0.039     0.1260      1.106    166.899 116.222203     1.9346      6.469   -95.5602 1.2362e-01     3.0069      8.423     12.217     9.8503 0.0000e+00
      8.603      0.039     0.1236      1.113    166.959 116.230261     1.9272      6.470   -95.8611 1.2365e-01     2.9609      8.439     12.239     9.8490 0.0000e+00
      8.613      0.038     0.1229      1.127    166.955 116.188776     1.9402      6.470   -95.9409 1.2366e-01     2.9472      8.448     12.254     9.8385 0.0000e+00
      8.620      0.035     0.1257      1.128    167.160 116.293898     1.9838      6.471   -95.9226 1.2365e-01     2.9435      8.453     12.259     9.8237 0.0000e+00
      8.626      0.033     0.1253      1.132    167.570 116.545656     2.0140      6.472   -95.8977 1.2371e-01     2.9502      8.459     12.268     9.8158 0.0000e+00
      8.634      0.033     0.1248      1.137    167.808 116.684508     2.0141      6.473   -95.8985 1.2373e-01     2.9602      8.467     12.280     9.8075 0.0000e+00
      8.642      0.034     0.1298      1.120    167.847 116.698616     1.9926      6.474   -95.9317 1.2369e-01     2.9964      8.475     12.291     9.7932 0.0000e+00
      8.651      0.036     0.1271      1.100    167.877 116.716220     1.9543      6.474   -95.9550 1.2365e-01     3.0805      8.484     12.304     9.7826 0.0000e+00
      8.661      0.037     0.1279      1.099    167.956 116.769932     1.9340      6.475   -96.0085 1.2360e-01     3.1234      8.494     12.319     9.7729 0.0000e+00
      8.672      0.036     0.1308      1.089    168.062 116.838388     1.9298      6.476   -96.1490 1.2355e-01     3.1047      8.504     12.334     9.7627 0.0000e+00
