Data/DataNotYetUploadedToEDI/Raw_CTD/RawDownloads/090523_fcr50_S7809002.cnv
* Sea-Bird SBE19plus  Data File:
* FileName = C:\R\Reservoirs\Data\DataNotYetUploadedToEDI\Raw_CTD\RawDownloads\090523_bvr50_S7809_0002.hex
* Software version 2.8.0.119
* Temperature SN = 7809
* Conductivity SN = 7809
* System UpLoad Time = Sep 06 2023 10:53:54
* <ApplicationData>
* <Seaterm232>
# nquan = 15
# nvalues = 1314                        
# units = specified
# name 0 = depFM: Depth [fresh water, m]
# name 1 = dz/dtM: Descent Rate [m/s]
# name 2 = sbeox0Mg/L: Oxygen, SBE 43 [mg/l]
# name 3 = sbeox0PS: Oxygen, SBE 43 [% saturation]
# name 4 = specc: Specific Conductance [uS/cm]
# name 5 = c0uS/cm: Conductivity [uS/cm]
# name 6 = flECO-AFL: Fluorescence, WET Labs ECO-AFL/FL [mg/m^3]
# name 7 = ph: pH
# name 8 = orp: Oxidation Reduction Potential [mV]
# name 9 = par/sat/log: PAR/Logarithmic, Satlantic
# name 10 = turbWETntu0: Turbidity, WET Labs ECO [NTU]
# name 11 = prdM: Pressure, Strain Gauge [db]
# name 12 = prdE: Pressure, Strain Gauge [psi]
# name 13 = tv290C: Temperature [ITS-90, deg C]
# name 14 = flag:  0.000e+00
# span 0 =     -0.620,      9.065       
# span 1 =     -0.354,      0.135       
# span 2 =     0.1166,     9.6203       
# span 3 =      1.106,    114.214       
# span 4 =     18.027,     60.301       
# span 5 =  18.529654,  48.727614       
# span 6 =    -0.1105,    83.0116       
# span 7 =      6.208,      8.551       
# span 8 =   160.0003,   273.8829       
# span 9 = 1.2322e-01, 2.0700e+03       
# span 10 =    -0.4699,    14.9160      
# span 11 =     -0.612,      8.890      
# span 12 =     -0.887,     12.894      
# span 13 =    11.7757,    29.8486      
# span 14 = 0.0000e+00, 0.0000e+00      
# interval = seconds: 0.25
# start_time = Sep 05 2023 13:20:21 [Instrument's time stamp, header]
# bad_flag = -9.990e-29
*END*
[from data line 97]
      0.078     -0.062     5.3467     70.865     44.934  48.434265     2.1351      7.580   218.4235 8.2940e+01     5.2625      0.080      0.117    28.3713 0.0000e+00
      0.060     -0.079     5.3782     71.421     44.742  48.336631     2.1239      7.575   217.9263 1.0738e+02     5.2379      0.065      0.095    28.3736 0.0000e+00
      0.024     -0.091     5.4185     72.710     44.638  48.286338     2.0991      7.570   216.6863 1.0775e+02     5.2792      0.028      0.040    28.4445 0.0000e+00
     -0.019     -0.093     5.4517     74.977     44.464  48.143698     2.0769      7.565   216.2511 9.5723e+01     5.4204     -0.026     -0.036    28.6962 0.0000e+00
     -0.051     -0.083     5.4578     77.723     44.308  48.008776     2.0716      7.562   217.0518 1.1258e+02     5.5108     -0.057     -0.081    28.9298 0.0000e+00
     -0.067     -0.062     5.4668     80.189     44.267  47.988277     2.0849      7.559   217.9355 3.2633e+02     5.4833     -0.066     -0.095    29.0267 0.0000e+00
     -0.077     -0.037     5.5508     81.885     44.286  48.022869     2.1125      7.556   218.2460 6.1229e+02     5.3965     -0.079     -0.114    29.0826 0.0000e+00
     -0.079     -0.016     5.7381     82.649     44.304  48.046125     2.1474      7.551   217.3641 6.1890e+02     5.3833     -0.080     -0.117    29.1352 0.0000e+00
     -0.073     -0.005     5.9692     82.566     44.283  48.015528     2.1655      7.543   216.0493 4.9426e+02     5.4598     -0.071     -0.104    29.1737 0.0000e+00
     -0.067     -0.001     6.1677     81.967     44.328  48.033826     2.1736      7.531   215.8563 4.3857e+02     5.5353     -0.064     -0.093    29.1987 0.0000e+00
     -0.067     -0.001     6.2995     81.222     44.543  48.203832     2.1949      7.521   216.3223 3.6279e+02     5.5456     -0.062     -0.091    29.2152 0.0000e+00
     -0.071     -0.008     6.3556     80.468     44.804  48.420292     2.2157      7.516   216.7784 2.2939e+02     5.4813     -0.069     -0.102    29.2199 0.0000e+00
     -0.075     -0.023     6.3405     79.939     44.914  48.555824     2.2247      7.514   215.5210 3.3122e+02     5.4077     -0.076     -0.111    29.2160 0.0000e+00
     -0.075     -0.037     6.2831     80.209     44.818  48.572795     2.2301      7.513   212.6487 7.9031e+02     5.4069     -0.074     -0.107    29.1867 0.0000e+00
     -0.080     -0.046     6.2341     81.662     44.624  48.498723     2.2383      7.511   212.3350 9.2509e+02     5.4715     -0.072     -0.104    29.1158 0.0000e+00
     -0.100     -0.048     6.1881     84.097     44.473  48.422314     2.2410      7.510   214.2238 4.8143e+02     5.4715     -0.092     -0.134    28.9921 0.0000e+00
     -0.129     -0.045     6.1249     86.821     44.416  48.410944     2.2300      7.510   214.9223 1.5547e+02     5.4069     -0.132     -0.192    28.9851 0.0000e+00
     -0.148     -0.038     6.1126     89.076     44.456  48.488289     2.2206      7.511   212.7786 1.2120e+02     5.4074     -0.153     -0.221    29.1870 0.0000e+00
     -0.152     -0.029     6.2108     90.459     44.531  48.595687     2.2275      7.511   209.1257 1.2193e+02     5.4782     -0.150     -0.217    29.3637 0.0000e+00
     -0.149     -0.019     6.4086     90.881     44.543  48.630227     2.2465      7.512   207.6664 1.9200e+02     5.5455     -0.147     -0.213    29.4446 0.0000e+00
     -0.145     -0.011     6.6356     90.402     44.487  48.588505     2.2505      7.513   208.2984 3.0696e+02     5.5377     -0.141     -0.205    29.4972 0.0000e+00
     -0.145     -0.007     6.8112     89.079     44.420  48.535685     2.2428      7.514   208.7663 3.2626e+02     5.4516     -0.138     -0.201    29.5304 0.0000e+00
     -0.151     -0.007     6.9160     87.080     44.373  48.499518     2.2458      7.514   208.6767 2.5338e+02     5.3922     -0.147     -0.213    29.5592 0.0000e+00
     -0.159     -0.006     6.9411     84.744     44.334  48.468675     2.2530      7.509   209.5377 1.7640e+02     5.4690     -0.158     -0.229    29.5804 0.0000e+00
     -0.162     -0.004     6.9024     82.383     44.336  48.480231     2.2636      7.499   211.4332 1.3260e+02     5.6285     -0.162     -0.235    29.6022 0.0000e+00
     -0.161     -0.001     6.7960     80.298     44.419  48.575769     2.2573      7.491   212.5803 1.2197e+02     5.7153     -0.159     -0.230    29.6273 0.0000e+00
     -0.157     -0.003     6.6289     78.829     44.501  48.671502     2.2434      7.489   212.7392 1.3755e+02     5.6983     -0.155     -0.224    29.6449 0.0000e+00
     -0.152     -0.009     6.4440     78.189     44.493  48.685407     2.2279      7.493   212.5793 2.7131e+02     5.5947     -0.150     -0.218    29.6577 0.0000e+00
     -0.150     -0.018     6.2550     78.168     44.387  48.616947     2.1949      7.496   212.4543 5.9299e+02     5.4879     -0.144     -0.209    29.6671 0.0000e+00
     -0.156     -0.024     6.0870     78.341     44.217  48.478729     2.1861      7.498   212.3472 6.9699e+02     5.4658     -0.148     -0.214    29.6739 0.0000e+00
     -0.171     -0.024     5.9659     78.605     44.077  48.347561     2.1965      7.498   212.0581 3.7325e+02     5.4983     -0.167     -0.243    29.6725 0.0000e+00
     -0.190     -0.018     5.9223     79.070     44.037  48.300794     2.1957      7.495   211.7983 1.2562e+02     5.5730     -0.191     -0.275    29.6891 0.0000e+00
     -0.200     -0.008     5.9313     79.651     44.114  48.357685     2.2016      7.493   213.0779 9.9477e+01     5.6513     -0.202     -0.292    29.7596 0.0000e+00
     -0.197      0.002     5.9379     80.071     44.263  48.463995     2.2257      7.494   227.9595 9.5732e+01     5.6938     -0.195     -0.285    29.8255 0.0000e+00
     -0.183      0.007     5.9489     80.129     44.378  48.506785     2.2543      7.499   254.7560 9.2800e+01     5.7450     -0.180     -0.262    29.8486 0.0000e+00
     -0.168      0.005     5.9873     79.879     44.443  48.493990     2.2476      7.507   266.6508 9.1794e+01     5.7576     -0.162     -0.235    29.8426 0.0000e+00
     -0.161     -0.005     6.0445     79.578     44.506  48.499616     2.2033      7.517   262.9386 9.3550e+01     5.6417     -0.152     -0.220    29.8137 0.0000e+00
     -0.169     -0.022     6.0886     79.407     44.560  48.511226     2.1678      7.522   260.1194 9.6001e+01     5.5054     -0.162     -0.235    29.7537 0.0000e+00
     -0.184     -0.035     6.1031     79.268     44.534  48.443822     2.1679      7.518   250.2879 9.9009e+01     5.4759     -0.183     -0.265    29.6440 0.0000e+00
     -0.199     -0.038     6.0867     79.136     44.394  48.255964     2.1883      7.507   230.3642 1.0759e+02     5.5239     -0.193     -0.281    29.5375 0.0000e+00
     -0.217     -0.031     6.0626     79.391     44.271  48.080933     2.1985      7.498   218.4038 1.1889e+02     5.5740     -0.212     -0.308    29.4746 0.0000e+00
     -0.233     -0.018     6.0607     80.401     44.347  48.105113     2.1914      7.496   223.4640 1.2094e+02     5.5350     -0.235     -0.342    29.4260 0.0000e+00
     -0.235     -0.003     6.0599     81.949     44.596  48.294281     2.1771      7.499   238.5470 1.1151e+02     5.4285     -0.236     -0.343    29.3800 0.0000e+00
     -0.221      0.012     6.0391     83.422     44.827  48.463405     2.1503      7.506   249.8578 9.8822e+01     5.4125     -0.217     -0.315    29.3449 0.0000e+00
     -0.208      0.026     6.0476     84.418     44.950  48.562645     2.1091      7.514   252.1572 9.1899e+01     5.4783     -0.199     -0.288    29.3019 0.0000e+00
     -0.204      0.034     6.1400     85.145     44.957  48.605292     2.0777      7.522   250.0002 9.0460e+01     5.5064     -0.199     -0.289    29.2418 0.0000e+00
     -0.200      0.034     6.2893     86.055     44.884  48.598184     2.0617      7.528   247.1805 8.9278e+01     5.4796     -0.202     -0.293    29.1463 0.0000e+00
     -0.187      0.029     6.4304     87.206     44.827  48.603804     2.0494      7.531   245.5116 8.7476e+01     5.4267     -0.183     -0.266    29.0260 0.0000e+00
     -0.173      0.024     6.5042     88.259     44.786  48.609857     2.0207      7.532   243.8465 8.7719e+01     5.3798     -0.166     -0.241    28.9781 0.0000e+00
     -0.168      0.019     6.5338     88.781     44.751  48.607965     1.9816      7.532   236.5970 9.2217e+01     5.3561     -0.165     -0.239    29.0351 0.0000e+00
     -0.166      0.013     6.5935     88.596     44.758  48.644474     1.9672      7.528   224.1087 9.9992e+01     5.3459     -0.163     -0.236    29.1366 0.0000e+00
     -0.166      0.007     6.6830     87.918     44.758  48.670400     1.9625      7.523   220.1899 1.0986e+02     5.2906     -0.162     -0.234    29.2138 0.0000e+00
     -0.169      0.004     6.7712     86.993     44.731  48.667524     1.9752      7.523   229.2243 1.1762e+02     5.2672     -0.167     -0.241    29.2663 0.0000e+00
     -0.170      0.005     6.8140     85.846     44.715  48.673219     2.0202      7.527   241.1942 1.1783e+02     5.3366     -0.168     -0.243    29.3067 0.0000e+00
     -0.169      0.008     6.7860     84.441     44.702  48.675811     2.0491      7.533   247.6458 1.0923e+02     5.4130     -0.166     -0.241    29.3334 0.0000e+00
     -0.165      0.011     6.7227     82.878     44.655  48.635409     2.0582      7.537   240.6360 9.7985e+01     5.5079     -0.163     -0.237    29.3635 0.0000e+00
     -0.160      0.015     6.6492     81.328     44.584  48.565666     2.0893      7.538   224.4964 9.2732e+01     5.5273     -0.156     -0.227    29.3959 0.0000e+00
     -0.155      0.016     6.5616     79.892     44.548  48.530932     2.1335      7.538   222.0008 9.2645e+01     5.4426     -0.152     -0.220    29.4223 0.0000e+00
     -0.151      0.016     6.4485     78.591     44.545  48.532894     2.1515      7.541   236.8752 9.3309e+01     5.4062     -0.148     -0.215    29.4400 0.0000e+00
     -0.146      0.013     6.3223     77.422     44.535  48.525906     2.1574      7.546   249.4712 9.5801e+01     5.4282     -0.143     -0.208    29.4515 0.0000e+00
     -0.141      0.009     6.2011     76.414     44.516  48.509944     2.1635      7.550   251.9494 1.0306e+02     5.4702     -0.138     -0.200    29.4589 0.0000e+00
     -0.139      0.007     6.0903     75.574     44.530  48.530367     2.1499      7.553   250.1473 1.1349e+02     5.5031     -0.134     -0.195    29.4640 0.0000e+00
     -0.140      0.005     5.9922     74.926     44.572  48.582377     2.1345      7.553   249.1063 1.2195e+02     5.4854     -0.136     -0.198    29.4680 0.0000e+00
     -0.142      0.004     5.9000     74.541     44.609  48.630901     2.1269      7.555   249.7728 1.3286e+02     5.4268     -0.140     -0.203    29.4727 0.0000e+00
     -0.142      0.004     5.8234     74.473     44.641  48.672663     2.1328      7.557   250.2046 2.2043e+02     5.4095     -0.140     -0.203    29.4786 0.0000e+00
     -0.140      0.005     5.7584     74.690     44.668  48.706407     2.1639      7.557   242.6253 5.1420e+02     5.4467     -0.137     -0.200    29.4840 0.0000e+00
     -0.136      0.007     5.7056     75.021     44.678  48.721454     2.1867      7.555   233.0731 8.2192e+02     5.4672     -0.134     -0.194    29.4906 0.0000e+00
     -0.134      0.009     5.6737     75.242     44.680  48.727614     2.1844      7.553   229.6111 7.1125e+02     5.4524     -0.131     -0.190    29.5007 0.0000e+00
     -0.133      0.010     5.6678     75.236     44.663  48.717416     2.1778      7.551   221.7605 3.3480e+02     5.4043     -0.130     -0.189    29.5096 0.0000e+00
     -0.132      0.011     5.6887     74.989     44.602  48.661651     2.1821      7.548   214.0384 1.4634e+02     5.3971     -0.129     -0.188    29.5144 0.0000e+00
     -0.129      0.015     5.7213     74.499     44.499  48.561281     2.1945      7.544   212.5607 1.2805e+02     5.4682     -0.126     -0.183    29.5178 0.0000e+00
     -0.124      0.020     5.7409     73.779     44.395  48.456200     2.2029      7.538   211.1214 1.2689e+02     5.5129     -0.121     -0.176    29.5217 0.0000e+00
     -0.119      0.028     5.7383     72.875     44.348  48.406942     2.2003      7.529   208.9399 1.3823e+02     5.4598     -0.116     -0.169    29.5300 0.0000e+00
     -0.114      0.035     5.7193     71.894     44.355  48.410133     2.1963      7.520   207.8652 1.6993e+02     5.4403     -0.112     -0.163    29.5445 0.0000e+00
     -0.104      0.038     5.6793     70.946     44.383  48.431283     2.2128      7.514   208.2797 1.7618e+02     5.6191     -0.105     -0.152    29.5592 0.0000e+00
     -0.088      0.038     5.6235     70.089     44.432  48.472189     2.2338      7.514   208.9622 1.3007e+02     5.8108     -0.087     -0.127    29.5690 0.0000e+00
     -0.071      0.034     5.5506     69.407     44.493  48.523779     2.2422      7.520   208.2013 9.4460e+01     5.8110     -0.066     -0.095    29.5711 0.0000e+00
     -0.061      0.027     5.4734     69.031     44.526  48.547125     2.2473      7.528   206.2218 9.3112e+01     5.6555     -0.056     -0.081    29.5649 0.0000e+00
     -0.058      0.018     5.4005     69.057     44.493  48.500487     2.2463      7.534   205.5906 9.8518e+01     5.4689     -0.056     -0.081    29.5555 0.0000e+00
     -0.060      0.009     5.3367     69.540     44.126  48.086848     2.2464      7.538   206.2486 1.0734e+02     5.4330     -0.060     -0.085    29.5406 0.0000e+00
     -0.061      0.002     5.2783     70.655     43.341  47.164516     2.2561      7.542   206.6057 1.8393e+02     5.4949     -0.062     -0.089    29.5223 0.0000e+00
     -0.060      0.000     5.2547     73.900     42.825  46.363408     2.2639      7.545   206.2945 4.4330e+02     5.4990     -0.059     -0.085    29.5053 0.0000e+00
     -0.060      0.001     5.2469     80.740     42.964  46.081854     2.2573      7.548   205.3257 7.3170e+02     5.4487     -0.058     -0.084    29.4997 0.0000e+00
     -0.060      0.002     5.2987     89.556     43.340  46.044897     2.2522      7.550   204.3560 7.5800e+02     5.3999     -0.060     -0.087    29.4845 0.0000e+00
     -0.059      0.004     5.3445     97.781     43.633  46.042813     2.2595      7.550   204.2930 5.3596e+02     5.4207     -0.059     -0.085    29.4786 0.0000e+00
     -0.059      0.005     5.5227    104.431     43.830  46.056173     2.2618      7.550   204.9076 2.6620e+02     5.4949     -0.057     -0.083    29.2401 0.0000e+00
     -0.058      0.007     6.1979    109.317     43.964  46.079164     2.2638      7.552   205.0764 1.2442e+02     5.5464     -0.058     -0.084    28.6132 0.0000e+00
     -0.056      0.007     7.0385    112.352     44.018  46.066695     2.2589      7.555   204.6126 1.0045e+02     5.5313     -0.056     -0.081    28.0450 0.0000e+00
     -0.052      0.006     7.7359    113.662     44.021  46.032275     2.2363      7.558   204.3763 9.7229e+01     5.4830     -0.050     -0.073    27.7120 0.0000e+00
     -0.049      0.004     8.2941    113.568     44.051  46.043821     2.2316      7.559   204.4568 9.7674e+01     5.4746     -0.047     -0.068    27.5021 0.0000e+00
     -0.049      0.003     8.7021    112.476     44.096  46.079298     2.2516      7.557   205.3276 9.8906e+01     5.4979     -0.047     -0.068    27.3814 0.0000e+00
     -0.050      0.002     8.9518    111.041     44.104  46.080331     2.2623      7.552   206.7311 1.0026e+02     5.5260     -0.049     -0.072    27.3088 0.0000e+00
     -0.052      0.002     9.0476    109.819     44.089  46.056291     2.2525      7.547   206.9713 1.0341e+02     5.5071     -0.051     -0.074    27.2731 0.0000e+00
     -0.052      0.005     9.0394    108.952     44.086  46.042556     2.2326      7.545   206.1672 1.2019e+02     5.4405     -0.051     -0.074    27.2519 0.0000e+00
     -0.051      0.012     8.9306    108.328     44.093  46.041207     2.2136      7.546   205.3544 2.2985e+02     5.4720     -0.050     -0.073    27.2395 0.0000e+00
