Data/DataNotYetUploadedToEDI/Raw_CTD/RawDownloads/090522_bvr50_S7809001.cnv
* Sea-Bird SBE19plus  Data File:
* FileName = C:\R\Reservoirs\Data\DataNotYetUploadedToEDI\Raw_CTD\RawDownloads\090522_bvr50_S7809_0001.hex
* Software version 2.8.0.119
* Temperature SN = 7809
* Conductivity SN = 7809
* System UpLoad Time = Sep 05 2022 15:40:20
* <ApplicationData>
* <Seaterm232>
# nquan = 15
# nvalues = 1386                        
# units = specified
# name 0 = depFM: Depth [fresh water, m]
# name 1 = dz/dtM: Descent Rate [m/s]
# name 2 = sbeox0Mg/L: Oxygen, SBE 43 [mg/l]
# name 3 = sbeox0PS: Oxygen, SBE 43 [% saturation]
# name 4 = specc: Specific Conductance [uS/cm]
# name 5 = c0uS/cm: Conductivity [uS/cm]
# name 6 = flECO-AFL: Fluorescence, WET Labs ECO-AFL/FL [mg/m^3]
# name 7 = ph: pH
# name 8 = orp: Oxidation Reduction Potential [mV]
# name 9 = par/sat/log: PAR/Logarithmic, Satlantic
# name 10 = turbWETntu0: Turbidity, WET Labs ECO [NTU]
# name 11 = prdM: Pressure, Strain Gauge [db]
# name 12 = prdE: Pressure, Strain Gauge [psi]
# name 13 = tv290C: Temperature [ITS-90, deg C]
# name 14 = flag:  0.000e+00
# span 0 =     -0.719,      7.163       
# span 1 =     -0.361,      0.233       
# span 2 =     0.0252,     6.8093       
# span 3 =      0.267,     82.134       
# span 4 =     29.882,    196.760       
# span 5 =  28.850928, 138.626917       
# span 6 =     0.5523,    42.0983       
# span 7 =      6.836,      7.838       
# span 8 =  -110.3249,   236.2691       
# span 9 = 1.2357e-01, 2.2488e+02       
# span 10 =     1.7345,    11.6116      
# span 11 =     -0.706,      7.025      
# span 12 =     -1.024,     10.189      
# span 13 =    10.2033,    25.2508      
# span 14 = 0.0000e+00, 0.0000e+00      
# interval = seconds: 0.25
# start_time = Sep 05 2022 06:49:02 [Instrument's time stamp, header]
# bad_flag = -9.990e-29
*END*
[from data line 579]
      2.426      0.011     0.6576      6.360     32.027  29.967716     3.9292      7.268   224.5903 6.2599e+00     3.1039      2.380      3.451    21.7821 0.0000e+00
      2.427      0.008     0.6377      6.081     31.996  29.943091     3.9483      7.267   224.7151 6.2490e+00     3.0291      2.380      3.452    21.7392 0.0000e+00
      2.428      0.006     0.6145      5.886     31.982  29.933727     3.9516      7.265   224.7258 6.2394e+00     2.9914      2.381      3.453    21.7515 0.0000e+00
      2.430      0.005     0.5885      5.797     31.962  29.917900     3.9193      7.263   224.6342 6.2351e+00     2.9899      2.383      3.457    21.7710 0.0000e+00
      2.431      0.006     0.5561      5.804     31.922  29.878511     3.8655      7.261   224.6392 6.2345e+00     3.0454      2.385      3.459    21.7786 0.0000e+00
      2.431      0.007     0.5318      5.862     31.888  29.837833     3.8425      7.259   224.7009 6.2360e+00     3.0817      2.384      3.457    21.7883 0.0000e+00
      2.432      0.010     0.5129      5.950     31.875  29.806412     3.8399      7.257   224.6918 6.2225e+00     3.0535      2.384      3.457    21.7953 0.0000e+00
      2.434      0.013     0.5052      6.038     31.854  29.752141     3.8345      7.257   224.7016 6.1996e+00     3.0115      2.387      3.461    21.7973 0.0000e+00
      2.439      0.018     0.5087      6.077     31.840  29.688736     3.8522      7.256   224.8194 6.1769e+00     3.0182      2.391      3.468    21.7966 0.0000e+00
      2.444      0.022     0.5132      6.040     31.886  29.673644     3.8957      7.254   224.9119 6.1428e+00     3.0317      2.396      3.475    21.7873 0.0000e+00
      2.451      0.024     0.5226      5.925     31.961  29.696368     3.9117      7.253   224.9588 6.0998e+00     3.0032      2.403      3.485    21.7560 0.0000e+00
      2.459      0.023     0.5326      5.729     32.001  29.709848     3.8955      7.252   225.0425 6.0461e+00     2.9816      2.412      3.498    21.7035 0.0000e+00
      2.468      0.020     0.5378      5.462     31.997  29.709815     3.9156      7.250   225.0630 5.9982e+00     3.0101      2.421      3.510    21.6244 0.0000e+00
      2.473      0.018     0.5352      5.177     31.962  29.695978     3.9722      7.249   225.0346 5.9817e+00     3.0406      2.426      3.519    21.5199 0.0000e+00
      2.475      0.018     0.5262      4.925     31.922  29.669363     4.0047      7.248   225.0439 5.9769e+00     3.0423      2.428      3.521    21.4352 0.0000e+00
      2.475      0.018     0.5096      4.715     31.904  29.641589     4.0095      7.246   225.0884 5.9649e+00     3.0307      2.427      3.520    21.4001 0.0000e+00
      2.478      0.019     0.4834      4.563     31.905  29.613723     4.0052      7.243   225.1425 5.9361e+00     3.0029      2.429      3.522    21.4125 0.0000e+00
      2.485      0.020     0.4558      4.496     31.905  29.585961     4.0024      7.240   225.1829 5.8858e+00     3.0143      2.436      3.533    21.4545 0.0000e+00
      2.494      0.020     0.4338      4.485     31.891  29.559443     4.0089      7.238   225.3184 5.8378e+00     3.0651      2.446      3.549    21.4822 0.0000e+00
      2.502      0.019     0.4154      4.471     31.876  29.546638     4.0091      7.236   225.4893 5.8125e+00     3.0714      2.455      3.561    21.4629 0.0000e+00
      2.507      0.017     0.4001      4.429     31.884  29.557927     3.9461      7.234   225.5293 5.8043e+00     3.0215      2.459      3.567    21.4019 0.0000e+00
      2.509      0.014     0.3959      4.358     31.899  29.569161     3.8309      7.234   225.5436 5.8077e+00     3.0086      2.460      3.568    21.3500 0.0000e+00
      2.509      0.013     0.3981      4.280     31.897  29.555677     3.7727      7.233   225.6625 5.8109e+00     3.0518      2.460      3.569    21.3309 0.0000e+00
      2.511      0.014     0.3962      4.194     31.872  29.521657     3.7756      7.231   225.7629 5.7879e+00     3.0316      2.462      3.570    21.3391 0.0000e+00
      2.515      0.015     0.3939      4.097     31.827  29.474779     3.7826      7.229   225.7251 5.7458e+00     2.9692      2.466      3.577    21.3531 0.0000e+00
      2.520      0.016     0.3854      4.017     31.788  29.432612     3.7825      7.227   225.6353 5.7141e+00     2.9464      2.471      3.585    21.3479 0.0000e+00
      2.526      0.017     0.3794      3.960     31.764  29.392161     3.7732      7.226   225.6236 5.6797e+00     2.9607      2.477      3.592    21.3240 0.0000e+00
      2.533      0.020     0.3728      3.914     31.697  29.302617     3.7712      7.223   225.8415 5.6567e+00     3.0060      2.485      3.604    21.3017 0.0000e+00
      2.537      0.027     0.3618      3.859     31.597  29.173978     3.7750      7.218   226.2046 5.6765e+00     3.0160      2.490      3.611    21.2994 0.0000e+00
      2.537      0.037     0.3554      3.778     31.595  29.104560     3.7939      7.211   226.4866 5.6870e+00     2.9790      2.487      3.606    21.2993 0.0000e+00
      2.542      0.046     0.3506      3.676     31.689  29.097105     3.8414      7.206   226.6706 5.6200e+00     2.9344      2.486      3.605    21.2664 0.0000e+00
      2.559      0.055     0.3476      3.562     31.772  29.083710     3.8747      7.202   226.7946 5.4807e+00     2.9206      2.505      3.633    21.2171 0.0000e+00
      2.584      0.061     0.3440      3.415     31.827  29.069259     3.8806      7.200   226.8671 5.3581e+00     2.9826      2.538      3.680    21.1827 0.0000e+00
      2.605      0.063     0.3368      3.207     31.857  29.049079     3.8542      7.199   226.9450 5.2878e+00     3.0349      2.557      3.710    21.0749 0.0000e+00
      2.620      0.061     0.3285      2.957     31.886  29.029822     3.7971      7.197   227.0473 5.2278e+00     3.0071      2.570      3.728    20.8981 0.0000e+00
      2.633      0.052     0.3198      2.712     31.929  29.026532     3.7725      7.194   227.0715 5.1607e+00     2.9883      2.582      3.746    20.7490 0.0000e+00
      2.645      0.041     0.3090      2.486     31.944  29.009233     3.7895      7.191   227.0659 5.0902e+00     3.0113      2.594      3.763    20.6485 0.0000e+00
      2.656      0.032     0.2898      2.291     31.968  29.010793     3.8702      7.189   227.0655 5.0446e+00     3.0807      2.606      3.779    20.5901 0.0000e+00
      2.663      0.026     0.2654      2.135     32.015  29.045367     3.9992      7.188   227.0666 5.0277e+00     3.1783      2.613      3.789    20.5152 0.0000e+00
      2.666      0.024     0.2442      2.011     32.019  29.046915     4.0588      7.186   227.1648 5.0056e+00     3.2009      2.616      3.793    20.4413 0.0000e+00
      2.668      0.024     0.2232      1.919     32.012  29.029504     4.0745      7.184   227.3065 4.9820e+00     3.2178      2.615      3.794    20.3980 0.0000e+00
      2.671      0.025     0.2055      1.867     32.038  29.025004     4.2313      7.182   227.4899 4.9429e+00     3.2794      2.617      3.796    20.3619 0.0000e+00
      2.679      0.029     0.1919      1.854     32.043  28.992477     4.5067      7.180   227.7480 4.8581e+00     3.2967      2.626      3.807    20.3511 0.0000e+00
      2.691      0.037     0.1808      1.863     32.032  28.953115     4.6496      7.177   228.1040 4.7819e+00     3.2567      2.640      3.829    20.3587 0.0000e+00
      2.702      0.047     0.1719      1.866     32.034  28.929387     4.6772      7.172   228.4384 4.7574e+00     3.2060      2.652      3.846    20.3510 0.0000e+00
      2.710      0.059     0.1675      1.845     32.037  28.895727     4.8480      7.167   228.5215 4.7421e+00     3.2639      2.657      3.852    20.2988 0.0000e+00
      2.721      0.069     0.1669      1.818     32.060  28.863030     5.1417      7.162   228.5922 4.6717e+00     3.4102      2.664      3.863    20.2274 0.0000e+00
      2.741      0.075     0.1691      1.808     32.122  28.850928     5.2901      7.159   228.7773 4.5440e+00     3.4726      2.684      3.893    20.1858 0.0000e+00
      2.770      0.076     0.1702      1.782     32.231  28.876085     5.2945      7.156   228.7806 4.4284e+00     3.4706      2.718      3.942    20.1586 0.0000e+00
      2.799      0.071     0.1677      1.693     32.328  28.913538     5.3029      7.153   228.7186 4.3564e+00     3.4551      2.749      3.987    20.1028 0.0000e+00
      2.819      0.059     0.1641      1.559     32.344  28.923368     5.4165      7.149   228.8018 4.3133e+00     3.3873      2.766      4.012    20.0174 0.0000e+00
      2.831      0.042     0.1649      1.413     32.316  28.931546     5.6277      7.148   228.9258 4.2993e+00     3.3002      2.778      4.030    19.9084 0.0000e+00
      2.836      0.026     0.1658      1.260     32.288  28.949069     5.7431      7.148   229.0133 4.3100e+00     3.2218      2.785      4.039    19.7796 0.0000e+00
      2.836      0.013     0.1562      1.115     32.248  28.945120     5.7286      7.147   228.9994 4.3200e+00     3.1911      2.782      4.035    19.6836 0.0000e+00
      2.834      0.006     0.1426      1.013     32.233  28.947239     5.5111      7.144   228.9303 4.3168e+00     3.2360      2.778      4.029    19.6841 0.0000e+00
      2.833      0.005     0.1294      0.973     32.265  28.974714     5.1273      7.142   228.9525 4.3107e+00     3.2527      2.777      4.028    19.7564 0.0000e+00
      2.834      0.011     0.1153      0.985     32.341  29.023758     4.9258      7.141   229.0951 4.3052e+00     3.2218      2.779      4.031    19.8306 0.0000e+00
      2.836      0.026     0.0999      1.012     32.539  29.159852     4.9217      7.139   229.3640 4.2962e+00     3.2384      2.781      4.033    19.8838 0.0000e+00
      2.840      0.047     0.0901      1.041     32.915  29.415744     5.0617      7.134   229.6228 4.2822e+00     3.3857      2.784      4.038    19.9062 0.0000e+00
      2.847      0.070     0.0867      1.083     33.330  29.645363     5.3282      7.130   229.7285 4.2349e+00     3.6020      2.788      4.045    19.9067 0.0000e+00
      2.867      0.088     0.0897      1.116     33.605  29.717263     5.4732      7.126   229.7819 4.1219e+00     3.6666      2.803      4.066    19.8765 0.0000e+00
      2.902      0.098     0.0929      1.123     33.771  29.714325     5.5157      7.123   229.8388 3.9680e+00     3.6203      2.842      4.123    19.8210 0.0000e+00
      2.945      0.099     0.0936      1.093     33.907  29.736428     5.9257      7.121   229.8999 3.8385e+00     3.6910      2.893      4.196    19.7212 0.0000e+00
      2.979      0.092     0.1005      1.023     34.102  29.857595     6.6845      7.119   230.0039 3.7701e+00     3.8722      2.928      4.247    19.4915 0.0000e+00
      2.998      0.081     0.1036      0.936     34.413  30.101605     7.1580      7.116   230.2361 3.7411e+00     4.0012      2.944      4.270    19.1926 0.0000e+00
      3.007      0.072     0.1054      0.842     34.794  30.404535     7.8211      7.111   230.5564 3.7144e+00     4.0552      2.950      4.279    18.9605 0.0000e+00
      3.013      0.068     0.1039      0.768     35.227  30.730901    14.7192      7.105   230.7790 3.6729e+00     4.6287      2.953      4.282    18.8179 0.0000e+00
      3.025      0.070     0.0948      0.732     35.708  31.068035    27.3817      7.099   230.8628 3.6138e+00     5.8102      2.962      4.296    18.7619 0.0000e+00
      3.046      0.075     0.0883      0.701     36.240  31.437664    34.2947      7.096   230.8822 3.5307e+00     6.5213      2.983      4.328    18.7340 0.0000e+00
      3.075      0.077     0.0778      0.673     36.579  31.649655    34.9155      7.094   230.9271 3.4347e+00     6.6000      3.016      4.375    18.6959 0.0000e+00
      3.105      0.073     0.0696      0.658     36.512  31.538950    34.9034      7.092   230.9758 3.3606e+00     6.5570      3.049      4.423    18.6352 0.0000e+00
      3.126      0.064     0.0694      0.651     36.395  31.430443    34.2067      7.091   230.9540 3.3179e+00     6.3427      3.068      4.449    18.5037 0.0000e+00
      3.137      0.050     0.0656      0.644     36.499  31.542273    32.9339      7.090   230.9214 3.2949e+00     6.0590      3.077      4.463    18.3639 0.0000e+00
      3.144      0.037     0.0626      0.632     36.729  31.749943    32.2485      7.089   231.0118 3.2751e+00     5.9275      3.085      4.474    18.2461 0.0000e+00
      3.147      0.028     0.0620      0.621     37.088  32.039409    32.2198      7.087   231.1868 3.2586e+00     5.8804      3.086      4.475    18.1568 0.0000e+00
      3.151      0.025     0.0612      0.613     37.598  32.442774    32.6285      7.087   231.2317 3.2513e+00     5.8990      3.089      4.481    18.1550 0.0000e+00
      3.157      0.026     0.0612      0.613     38.163  32.886292    33.4038      7.087   231.2095 3.2293e+00     6.0150      3.097      4.492    18.2166 0.0000e+00
      3.163      0.029     0.0593      0.624     38.680  33.280766    33.8443      7.086   231.2627 3.1881e+00     6.1220      3.101      4.498    18.2369 0.0000e+00
      3.172      0.031     0.0586      0.638     39.035  33.534875    33.9682      7.085   231.2724 3.1524e+00     6.1336      3.109      4.510    18.1934 0.0000e+00
      3.183      0.031     0.0576      0.642     38.962  33.422474    34.8269      7.083   231.2417 3.1206e+00     6.0186      3.121      4.527    18.1432 0.0000e+00
      3.193      0.029     0.0572      0.630     38.451  32.936113    36.4038      7.083   231.1495 3.0803e+00     5.8934      3.132      4.542    18.0877 0.0000e+00
      3.202      0.024     0.0591      0.615     37.929  32.472928    37.2699      7.083   231.0171 3.0563e+00     5.8504      3.141      4.555    18.0160 0.0000e+00
      3.207      0.018     0.0606      0.610     37.559  32.196899    37.4581      7.082   231.0176 3.0540e+00     5.8389      3.146      4.563    17.9480 0.0000e+00
      3.210      0.013     0.0619      0.613     37.256  32.007978    38.6957      7.081   231.1557 3.0452e+00     5.8573      3.148      4.565    17.8925 0.0000e+00
      3.210      0.011     0.0599      0.600     37.141  31.963998    40.9147      7.080   231.2245 3.0371e+00     5.8338      3.148      4.565    17.8106 0.0000e+00
      3.210      0.011     0.0583      0.573     37.282  32.109016    42.0983      7.080   231.0742 3.0384e+00     5.7934      3.148      4.565    17.7642 0.0000e+00
      3.211      0.013     0.0573      0.571     37.362  32.176405    42.0954      7.080   230.9741 3.0311e+00     5.8139      3.148      4.566    17.8437 0.0000e+00
      3.215      0.015     0.0588      0.581     37.253  32.081377    40.8209      7.078   231.0465 3.0061e+00     5.7389      3.152      4.571    17.9674 0.0000e+00
      3.221      0.017     0.0581      0.575     37.261  32.101244    38.4493      7.076   231.0898 2.9863e+00     5.5365      3.159      4.582    18.0418 0.0000e+00
      3.228      0.018     0.0522      0.563     37.616  32.416644    37.1497      7.075   231.1528 2.9855e+00     5.3817      3.167      4.593    18.0723 0.0000e+00
      3.234      0.019     0.0534      0.553     38.448  33.105213    37.0178      7.075   231.2919 2.9817e+00     5.3366      3.172      4.600    18.0573 0.0000e+00
      3.237      0.021     0.0561      0.538     39.698  34.086349    36.9290      7.075   231.3084 2.9691e+00     5.3666      3.175      4.605    18.0404 0.0000e+00
      3.239      0.024     0.0543      0.532     41.116  35.149025    36.1093      7.074   231.1810 2.9483e+00     5.5058      3.176      4.606    18.0756 0.0000e+00
      3.244      0.028     0.0529      0.540     42.447  36.125470    34.6151      7.073   231.0415 2.9228e+00     5.7208      3.179      4.612    18.1002 0.0000e+00
      3.252      0.034     0.0528      0.545     43.425  36.824443    33.7936      7.071   230.9985 2.8908e+00     5.8487      3.188      4.626    18.0822 0.0000e+00
