Data/DataNotYetUploadedToEDI/Raw_CTD/RawDownloads/090523_bvr50_S7809001.cnv
* Sea-Bird SBE19plus  Data File:
* FileName = C:\R\Reservoirs\Data\DataNotYetUploadedToEDI\Raw_CTD\RawDownloads\090523_bvr50_S7809_0001.hex
* Software version 2.8.0.119
* Temperature SN = 7809
* Conductivity SN = 7809
* System UpLoad Time = Sep 06 2023 10:53:19
* <ApplicationData>
* <Seaterm232>
# nquan = 15
# nvalues = 2458                        
# units = specified
# name 0 = depFM: Depth [fresh water, m]
# name 1 = dz/dtM: Descent Rate [m/s]
# name 2 = sbeox0Mg/L: Oxygen, SBE 43 [mg/l]
# name 3 = sbeox0PS: Oxygen, SBE 43 [% saturation]
# name 4 = specc: Specific Conductance [uS/cm]
# name 5 = c0uS/cm: Conductivity [uS/cm]
# name 6 = flECO-AFL: Fluorescence, WET Labs ECO-AFL/FL [mg/m^3]
# name 7 = ph: pH
# name 8 = orp: Oxidation Reduction Potential [mV]
# name 9 = par/sat/log: PAR/Logarithmic, Satlantic
# name 10 = turbWETntu0: Turbidity, WET Labs ECO [NTU]
# name 11 = prdM: Pressure, Strain Gauge [db]
# name 12 = prdE: Pressure, Strain Gauge [psi]
# name 13 = tv290C: Temperature [ITS-90, deg C]
# name 14 = flag:  0.000e+00
# span 0 =     -0.694,      9.653       
# span 1 =     -0.288,      0.099       
# span 2 =     0.1016,     8.6933       
# span 3 =      0.924,    107.164       
# span 4 =     18.444,    305.596       
# span 5 =  18.905183, 210.757478       
# span 6 =     0.4291,    17.1861       
# span 7 =      6.314,      8.570       
# span 8 =  -137.1787,   301.4352       
# span 9 = 1.2350e-01, 2.0161e+03       
# span 10 =    -7.6251,    26.3657      
# span 11 =     -0.686,      9.467      
# span 12 =     -0.994,     13.731      
# span 13 =     9.4132,    26.7728      
# span 14 = 0.0000e+00, 0.0000e+00      
# interval = seconds: 0.25
# start_time = Sep 05 2023 10:37:01 [Instrument's time stamp, header]
# bad_flag = -9.990e-29
*END*
[from data line 1639]
      8.864      0.041     0.1129      1.058    178.965 124.519093     2.0141      6.636  -126.0873 1.2359e-01    17.0115      8.695     12.612     9.7983 0.0000e+00
      8.886      0.051     0.1195      1.038    178.752 124.351753     2.0032      6.636  -125.9789 1.2356e-01    17.3349      8.718     12.644     9.7994 0.0000e+00
      8.896      0.044     0.1199      1.003    178.812 124.372740     1.9382      6.637  -125.7563 1.2359e-01    18.0108      8.727     12.656     9.7970 0.0000e+00
      8.899      0.032     0.1192      0.967    178.862 124.390440     1.8270      6.639  -125.6333 1.2366e-01    19.1718      8.727     12.658     9.7912 0.0000e+00
      8.900      0.021     0.1219      0.944    178.945 124.438294     1.7749      6.639  -125.6960 1.2371e-01    19.7926      8.728     12.659     9.7863 0.0000e+00
      8.903      0.009     0.1178      0.945    178.774 124.314025     1.7902      6.639  -125.8260 1.2365e-01    19.6756      8.731     12.662     9.7817 0.0000e+00
      8.907     -0.011     0.1142      0.961    177.924 123.716386     1.8458      6.640  -125.9155 1.2360e-01    17.1082      8.733     12.667     9.7745 0.0000e+00
      8.914     -0.047     0.1088      0.953    176.918 123.011596     1.9318      6.642  -126.0033 1.2362e-01    12.3205      8.742     12.679     9.7696 0.0000e+00
      8.915     -0.100     0.1062      0.931    176.059 122.420144     1.9809      6.643  -126.0268 1.2363e-01     9.7137      8.750     12.692     9.7672 0.0000e+00
      8.896     -0.158     0.1057      0.932    174.938 121.663217     1.9894      6.643  -126.0275 1.2363e-01     9.4672      8.736     12.670     9.7661 0.0000e+00
      8.845     -0.203     0.1108      0.943    174.658 121.506364     1.9846      6.645  -126.1837 1.2364e-01     9.4416      8.686     12.597     9.7646 0.0000e+00
      8.761     -0.221     0.1097      0.961    175.014 121.797970     1.9729      6.647  -126.2806 1.2361e-01     9.5070      8.599     12.473     9.7618 0.0000e+00
      8.661     -0.209     0.1030      0.989    174.063 121.174440     1.9645      6.649  -126.1673 1.2360e-01     9.5753      8.488     12.310     9.7624 0.0000e+00
      8.579     -0.174     0.1062      0.996    172.823 120.339597     1.9580      6.649  -126.1046 1.2368e-01     9.5842      8.393     12.174     9.7690 0.0000e+00
      8.543     -0.125     0.1070      0.998    172.289 119.987761     1.9525      6.650  -126.2111 1.2371e-01     9.6483      8.361     12.127     9.7812 0.0000e+00
      8.550     -0.075     0.1071      1.019    171.981 119.787715     1.9483      6.651  -126.3365 1.2371e-01     9.8036      8.382     12.157     9.7950 0.0000e+00
      8.568     -0.035     0.1143      1.040    171.936 119.768649     1.9489      6.653  -126.4155 1.2373e-01     9.9246      8.408     12.195     9.8066 0.0000e+00
      8.573     -0.013     0.1132      1.054    172.269 120.012109     1.9598      6.654  -126.5635 1.2369e-01    10.0529      8.412     12.201     9.8146 0.0000e+00
      8.563     -0.008     0.1109      1.043    172.687 120.310154     1.9470      6.655  -126.7505 1.2367e-01    11.4229      8.400     12.183     9.8199 0.0000e+00
      8.547     -0.008     0.1168      1.010    172.699 120.313870     1.9025      6.655  -126.8687 1.2370e-01    13.9870      8.379     12.153     9.8237 0.0000e+00
      8.535     -0.003     0.1172      0.999    172.535 120.184467     1.8710      6.655  -126.8745 1.2370e-01    15.3672      8.365     12.134     9.8269 0.0000e+00
      8.535      0.010     0.1207      1.007    172.594 120.211046     1.8574      6.654  -126.7344 1.2363e-01    15.3689      8.367     12.135     9.8307 0.0000e+00
      8.545      0.022     0.1202      1.011    172.755 120.316632     1.8621      6.654  -126.6373 1.2355e-01    14.2134      8.377     12.149     9.8337 0.0000e+00
      8.561      0.031     0.1122      1.011    173.300 120.696477     1.8865      6.654  -126.6471 1.2355e-01    12.0531      8.394     12.174     9.8323 0.0000e+00
      8.579      0.034     0.1125      1.008    174.075 121.235423     1.9033      6.655  -126.5946 1.2360e-01    10.8724      8.416     12.207     9.8266 0.0000e+00
      8.589      0.031     0.1149      1.012    174.162 121.289380     1.9073      6.655  -126.4329 1.2364e-01    10.7659      8.427     12.222     9.8212 0.0000e+00
      8.589      0.024     0.1142      1.018    173.716 120.966593     1.9095      6.655  -126.1543 1.2367e-01    10.5259      8.423     12.217     9.8200 0.0000e+00
      8.589      0.015     0.1151      1.011    173.186 120.582355     1.9054      6.655  -125.9796 1.2367e-01    10.0206      8.420     12.214     9.8208 0.0000e+00
      8.594      0.010     0.1137      0.999    172.581 120.148120     1.9069      6.656  -126.0417 1.2363e-01     9.6775      8.427     12.224     9.8210 0.0000e+00
      8.598      0.009     0.1141      0.986    172.176 119.857929     1.9203      6.657  -126.0447 1.2363e-01     9.5891      8.433     12.232     9.8192 0.0000e+00
      8.599      0.010     0.1170      0.993    172.208 119.877216     1.9255      6.658  -125.9289 1.2366e-01     8.8491      8.432     12.230     9.8151 0.0000e+00
      8.600      0.010     0.1138      1.001    172.386 119.999024     1.9195      6.658  -125.9319 1.2364e-01     7.3926      8.433     12.231     9.8104 0.0000e+00
      8.602      0.003     0.1144      0.979    172.381 119.992663     1.9142      6.658  -126.1682 1.2356e-01     6.5637      8.435     12.235     9.8063 0.0000e+00
      8.607     -0.014     0.1100      0.964    172.199 119.864018     1.9117      6.658  -126.5489 1.2354e-01     6.4792      8.439     12.240     9.8040 0.0000e+00
      8.611     -0.039     0.1119      0.979    171.890 119.654195     1.9053      6.659  -126.7488 1.2362e-01     6.4726      8.447     12.252     9.8034 0.0000e+00
      8.608     -0.068     0.1166      1.008    171.550 119.430919     1.8704      6.659  -126.6063 1.2366e-01     6.6204      8.449     12.255     9.8032 0.0000e+00
      8.587     -0.096     0.1096      1.031    171.285 119.267028     1.8055      6.659  -126.3757 1.2366e-01     6.9344      8.429     12.225     9.8021 0.0000e+00
      8.546     -0.115     0.1079      1.025    171.061 119.138068     1.7780      6.660  -126.1968 1.2370e-01     7.1602      8.382     12.158     9.8008 0.0000e+00
      8.497     -0.122     0.1106      1.003    170.937 119.082262     1.7968      6.661  -126.0780 1.2369e-01     7.3355      8.330     12.082     9.8021 0.0000e+00
      8.454     -0.113     0.1143      1.007    171.112 119.229457     1.8415      6.662  -126.0577 1.2364e-01     8.0980      8.286     12.018     9.8065 0.0000e+00
      8.423     -0.093     0.1184      1.030    171.413 119.452390     1.9022      6.663  -126.0373 1.2364e-01     9.4102      8.255     11.973     9.8126 0.0000e+00
      8.406     -0.067     0.1177      1.053    171.551 119.547731     1.9307      6.663  -126.0034 1.2368e-01    10.1523      8.239     11.949     9.8204 0.0000e+00
      8.401     -0.041     0.1112      1.072    171.572 119.553932     1.9288      6.663  -125.9919 1.2368e-01    10.2050      8.237     11.947     9.8304 0.0000e+00
      8.401     -0.019     0.1136      1.073    171.549 119.527354     1.9205      6.664  -125.8984 1.2370e-01    10.1158      8.240     11.952     9.8388 0.0000e+00
      8.399     -0.004     0.1168      1.062    171.498 119.481225     1.9143      6.664  -125.8202 1.2371e-01    10.0296      8.237     11.947     9.8424 0.0000e+00
      8.396      0.004     0.1191      1.063    171.459 119.442190     1.9115      6.664  -125.9067 1.2368e-01    10.0167      8.231     11.938     9.8416 0.0000e+00
      8.398      0.006     0.1223      1.070    171.379 119.373952     1.9041      6.664  -125.9970 1.2364e-01     9.9948      8.232     11.938     9.8385 0.0000e+00
      8.406      0.005     0.1224      1.062    171.276 119.293293     1.8836      6.665  -126.0517 1.2366e-01     9.3203      8.244     11.957     9.8352 0.0000e+00
      8.412      0.005     0.1194      1.055    171.191 119.231519     1.8537      6.666  -126.1378 1.2369e-01     8.0434      8.254     11.971     9.8324 0.0000e+00
      8.411      0.004     0.1193      1.040    171.052 119.136764     1.8424      6.667  -126.1773 1.2370e-01     7.3664      8.249     11.964     9.8292 0.0000e+00
      8.406      0.003     0.1235      1.019    170.910 119.039613     1.8550      6.667  -126.1853 1.2371e-01     7.3515      8.243     11.955     9.8247 0.0000e+00
      8.404      0.002     0.1189      1.019    170.782 118.948859     1.8653      6.667  -126.2349 1.2370e-01     7.5902      8.241     11.953     9.8218 0.0000e+00
      8.405      0.003     0.1202      1.028    170.397 118.676604     1.8664      6.667  -126.3476 1.2367e-01     7.9989      8.241     11.953     9.8215 0.0000e+00
      8.409      0.006     0.1187      1.033    169.862 118.296289     1.8687      6.667  -126.4296 1.2367e-01     8.1933      8.247     11.961     9.8222 0.0000e+00
      8.411      0.007     0.1135      1.037    169.701 118.173215     1.8688      6.668  -126.3656 1.2362e-01     8.3008      8.251     11.967     9.8233 0.0000e+00
      8.412      0.002     0.1158      1.044    169.955 118.335333     1.8591      6.668  -126.3481 1.2357e-01     9.0940      8.248     11.962     9.8229 0.0000e+00
      8.415     -0.013     0.1165      1.048    170.266 118.536225     1.8425      6.668  -126.5613 1.2363e-01    10.4396      8.252     11.969     9.8215 0.0000e+00
      8.420     -0.036     0.1175      1.045    170.412 118.627114     1.8345      6.668  -126.7933 1.2370e-01    11.1793      8.260     11.980     9.8195 0.0000e+00
      8.416     -0.062     0.1169      1.056    170.477 118.669705     1.8374      6.669  -126.9161 1.2365e-01    11.2061      8.258     11.977     9.8160 0.0000e+00
      8.396     -0.086     0.1184      1.054    170.553 118.732638     1.8275      6.670  -126.9273 1.2363e-01    10.4220      8.241     11.953     9.8115 0.0000e+00
      8.361     -0.103     0.1198      1.024    170.460 118.687200     1.8055      6.669  -126.7561 1.2368e-01     8.9405      8.203     11.897     9.8064 0.0000e+00
      8.316     -0.113     0.1167      1.000    170.073 118.438903     1.7964      6.669  -126.6531 1.2372e-01     8.1194      8.152     11.823     9.8026 0.0000e+00
      8.278     -0.114     0.1201      0.985    169.633 118.151572     1.8011      6.670  -126.7156 1.2369e-01     8.0773      8.113     11.766     9.8014 0.0000e+00
      8.253     -0.109     0.1223      0.969    169.595 118.143855     1.8209      6.672  -126.8221 1.2363e-01     8.3284      8.091     11.735     9.8046 0.0000e+00
      8.236     -0.099     0.1140      0.962    169.855 118.345620     1.8444      6.672  -126.9942 1.2365e-01     8.7300      8.078     11.716     9.8113 0.0000e+00
      8.216     -0.088     0.1136      0.972    169.935 118.424935     1.8521      6.672  -127.0752 1.2373e-01     8.9026      8.060     11.689     9.8179 0.0000e+00
      8.192     -0.078     0.1118      0.983    169.868 118.402050     1.8555      6.672  -127.0281 1.2378e-01     8.9465      8.033     11.652     9.8232 0.0000e+00
      8.168     -0.068     0.1093      0.987    169.729 118.323805     1.8525      6.672  -126.9407 1.2378e-01     9.4998      8.007     11.615     9.8284 0.0000e+00
      8.148     -0.057     0.1083      1.013    169.514 118.179720     1.8487      6.673  -126.7935 1.2373e-01    10.5361      7.988     11.586     9.8346 0.0000e+00
      8.135     -0.043     0.1092      1.033    169.356 118.061584     1.8599      6.674  -126.7112 1.2367e-01    11.1607      7.975     11.567     9.8417 0.0000e+00
      8.127     -0.029     0.1138      1.028    169.259 117.978503     1.8634      6.674  -126.7187 1.2367e-01    11.2792      7.968     11.556     9.8493 0.0000e+00
      8.125     -0.017     0.1085      1.013    169.227 117.939711     1.8496      6.674  -126.6266 1.2366e-01    11.3190      7.967     11.556     9.8558 0.0000e+00
      8.126     -0.008     0.1157      1.010    169.298 117.974795     1.8760      6.674  -126.4591 1.2364e-01    11.7106      7.970     11.559     9.8576 0.0000e+00
      8.127     -0.002     0.1185      1.037    169.379 118.020418     1.9490      6.674  -126.2414 1.2367e-01    12.4961      7.971     11.560     9.8543 0.0000e+00
      8.126      0.002     0.1161      1.046    169.335 117.981636     1.9838      6.674  -125.9733 1.2371e-01    12.9248      7.969     11.558     9.8492 0.0000e+00
      8.125      0.005     0.1154      1.029    169.023 117.760722     1.9718      6.675  -125.7993 1.2366e-01    12.8980      7.967     11.555     9.8440 0.0000e+00
      8.125      0.007     0.1109      1.021    168.487 117.388067     1.9207      6.676  -125.7713 1.2358e-01    12.3093      7.967     11.555     9.8397 0.0000e+00
      8.129      0.008     0.1196      1.010    168.079 117.107316     1.8315      6.677  -125.8070 1.2363e-01    11.2043      7.972     11.562     9.8367 0.0000e+00
      8.134      0.008     0.1204      0.980    167.973 117.041942     1.7750      6.677  -125.7149 1.2373e-01    10.5698      7.978     11.571     9.8337 0.0000e+00
      8.138      0.007     0.1148      0.965    168.051 117.107298     1.7706      6.677  -125.5178 1.2373e-01    10.4795      7.981     11.576     9.8327 0.0000e+00
      8.139      0.005     0.1160      0.983    168.267 117.260470     1.8280      6.677  -125.4024 1.2368e-01    10.0445      7.982     11.577     9.8337 0.0000e+00
      8.139      0.002     0.1159      1.012    168.430 117.364948     1.9201      6.678  -125.2665 1.2368e-01     9.2038      7.982     11.576     9.8339 0.0000e+00
      8.138      0.000     0.1102      1.031    168.159 117.160063     1.9611      6.678  -125.0795 1.2369e-01     8.7520      7.981     11.575     9.8366 0.0000e+00
      8.138      0.000     0.1072      1.042    167.509 116.694437     1.9654      6.678  -125.0341 1.2365e-01     8.6806      7.981     11.575     9.8417 0.0000e+00
      8.138      0.000     0.1112      1.048    166.883 116.258273     1.9629      6.680  -125.0620 1.2362e-01     7.7939      7.980     11.573     9.8430 0.0000e+00
      8.138      0.001     0.1153      1.046    166.706 116.154731     1.9569      6.681  -125.0730 1.2364e-01     6.1272      7.981     11.574     9.8391 0.0000e+00
      8.138      0.002     0.1171      1.029    167.006 116.398115     1.9667      6.681  -125.0800 1.2371e-01     5.2325      7.980     11.575     9.8335 0.0000e+00
      8.139      0.003     0.1179      0.992    167.416 116.716553     1.9737      6.680  -125.0615 1.2374e-01     5.1739      7.981     11.574     9.8286 0.0000e+00
      8.140      0.004     0.1196      0.979    168.000 117.138220     1.9757      6.680  -125.1070 1.2370e-01     5.9313      7.982     11.577     9.8275 0.0000e+00
      8.141      0.006     0.1182      1.010    168.773 117.674018     1.9985      6.681  -125.2001 1.2369e-01     7.4560      7.984     11.579     9.8337 0.0000e+00
      8.142      0.008     0.1188      1.030    169.224 117.970735     2.0161      6.681  -125.2401 1.2374e-01     8.3056      7.984     11.580     9.8464 0.0000e+00
      8.143      0.009     0.1112      1.032    169.107 117.858869     2.0230      6.681  -125.2471 1.2372e-01     8.4498      7.985     11.583     9.8583 0.0000e+00
      8.146      0.009     0.1071      1.037    168.687 117.531911     2.1149      6.681  -125.2851 1.2367e-01     8.8583      7.988     11.586     9.8618 0.0000e+00
      8.150      0.009     0.1167      1.042    168.347 117.266660     2.2858      6.681  -125.3547 1.2367e-01     9.4868      7.992     11.592     9.8607 0.0000e+00
      8.154      0.008     0.1168      1.031    168.187 117.136353     2.3829      6.681  -125.4009 1.2370e-01     9.8312      7.997     11.599     9.8558 0.0000e+00
