Data/DataNotYetUploadedToEDI/Raw_CTD/RawDownloads/090523_fcr50_S8188001.cnv
* Sea-Bird SBE19plus  Data File:
* FileName = C:\R\Reservoirs\Data\DataNotYetUploadedToEDI\Raw_CTD\RawDownloads\090523_fcr50_S8188_0001.hex
* Software version 2.8.0.119
* Temperature SN = 8188
* Conductivity SN = 8188
* System UpLoad Time = Sep 06 2023 10:34:54
* <ApplicationData>
* <Seaterm232>
# nquan = 16
# nvalues = 1724                        
# units = specified
# name 0 = depFM: Depth [fresh water, m]
# name 1 = dz/dtM: Descent Rate [m/s]
# name 2 = sbeox0Mg/L: Oxygen, SBE 43 [mg/l]
# name 3 = sbeox0PS: Oxygen, SBE 43 [% saturation]
# name 4 = specc: Specific Conductance [uS/cm]
# name 5 = c0uS/cm: Conductivity [uS/cm]
# name 6 = wetCDOM: Fluorescence, WET Labs CDOM [mg/m^3]
# name 7 = flECO-AFL: Fluorescence, WET Labs ECO-AFL/FL [mg/m^3]
# name 8 = flECO-AFL1: Fluorescence, WET Labs ECO-AFL/FL, 2 [mg/m^3]
# name 9 = flECO-AFL2: Fluorescence, WET Labs ECO-AFL/FL, 3 [mg/m^3]
# name 10 = par/sat/log: PAR/Logarithmic, Satlantic
# name 11 = turbWETntu0: Turbidity, WET Labs ECO [NTU]
# name 12 = prdM: Pressure, Strain Gauge [db]
# name 13 = prdE: Pressure, Strain Gauge [psi]
# name 14 = tv290C: Temperature [ITS-90, deg C]
# name 15 = flag:  0.000e+00
# span 0 =     -0.504,      9.110       
# span 1 =     -0.276,      0.110       
# span 2 =     0.6598,     6.7898       
# span 3 =      6.610,     85.029       
# span 4 =     10.484,     60.617       
# span 5 =  10.841773,  51.516616       
# span 6 =    -4.5000,     4.7700       
# span 7 =    -0.4550,    51.5210       
# span 8 =    -2.1300,     0.6390       
# span 9 =    -2.0304,    10.9557       
# span 10 = 1.1572e-01, 2.3559e+03      
# span 11 =     1.7259,   966.3751      
# span 12 =     -0.495,      8.934      
# span 13 =     -0.717,     12.957      
# span 14 =    11.7758,    28.6780      
# span 15 = 0.0000e+00, 0.0000e+00      
# interval = seconds: 0.25
# start_time = Sep 05 2023 13:31:29 [Instrument's time stamp, header]
# bad_flag = -9.990e-29
*END*
[from data line 1266]
      8.628      0.034     2.8439     26.030     57.646  42.419928     4.3200     0.2469     0.2556     0.2115 1.1595e-01    12.5476      8.461     12.272    11.7881 0.0000e+00
      8.636      0.033     2.8513     25.941     57.648  42.420280     4.3200     0.2851     0.2556     0.2115 1.1595e-01    12.4725      8.470     12.284    11.7896 0.0000e+00
      8.645      0.033     2.8545     26.025     57.653  42.422776     4.3200     0.2164     0.2556     0.2115 1.1590e-01    12.0065      8.478     12.296    11.7907 0.0000e+00
      8.653      0.033     2.8390     26.245     57.652  42.420155     4.3200     0.2202     0.2556     0.2115 1.1585e-01    11.9614      8.486     12.308    11.7911 0.0000e+00
      8.662      0.033     2.8182     26.463     57.637  42.407756     4.3200     0.2431     0.2556     0.1692 1.1605e-01    11.9614      8.495     12.320    11.7908 0.0000e+00
      8.670      0.033     2.8086     26.608     57.615  42.390197     4.3200     0.2202     0.2556     0.1692 1.1587e-01    11.9314      8.503     12.332    11.7898 0.0000e+00
      8.679      0.033     2.8179     26.704     57.601  42.378647     4.3200     0.2278     0.2556     0.1692 1.1595e-01    11.5105      8.511     12.344    11.7887 0.0000e+00
      8.687      0.033     2.8417     26.807     57.596  42.373988     4.3200     0.2049     0.2556     0.1692 1.1585e-01    11.5707      8.520     12.356    11.7875 0.0000e+00
      8.696      0.033     2.8654     26.908     57.589  42.367052     4.3200     0.2202     0.2556     0.1692 1.1600e-01    11.4204      8.528     12.368    11.7862 0.0000e+00
      8.704      0.033     2.8812     26.988     57.576  42.355990     4.3200     0.2316     0.2556     0.1692 1.1602e-01    11.4504      8.536     12.381    11.7848 0.0000e+00
      8.713      0.033     2.8916     27.060     57.563  42.345777     4.3200     0.2164     0.2556     0.1692 1.1600e-01    11.7661      8.545     12.393    11.7835 0.0000e+00
      8.721      0.033     2.9029     27.122     57.552  42.337651     4.3200     0.2202     0.2556     0.1692 1.1580e-01    11.7661      8.553     12.405    11.7822 0.0000e+00
      8.729      0.032     2.9139     27.233     57.540  42.329446     4.2300     0.2164     0.2556     0.2538 1.1595e-01    11.6608      8.561     12.417    11.7809 0.0000e+00
      8.738      0.032     2.9227     27.435     57.531  42.322936     4.2300     0.2240     0.2556     0.2538 1.1605e-01    11.7059      8.569     12.428    11.7798 0.0000e+00
      8.746      0.032     2.9305     27.577     57.526  42.320348     4.2300     0.2316     0.2556     0.2538 1.1595e-01    11.5406      8.577     12.440    11.7792 0.0000e+00
      8.754      0.031     2.9372     27.503     57.526  42.320991     4.2300     0.2011     0.2556     0.2538 1.1595e-01    11.5256      8.585     12.451    11.7791 0.0000e+00
      8.762      0.030     2.9492     27.295     57.525  42.321074     4.2300     0.2049     0.2556     0.2538 1.1600e-01    11.5406      8.593     12.463    11.7794 0.0000e+00
      8.770      0.029     2.9710     27.040     57.518  42.316658     4.2300     0.2088     0.2556     0.1692 1.1590e-01    11.5406      8.600     12.474    11.7800 0.0000e+00
      8.777      0.028     2.9864     26.776     57.509  42.310526     4.2300     0.2049     0.2556     0.1692 1.1590e-01    11.5256      8.608     12.484    11.7807 0.0000e+00
      8.784      0.027     2.9783     26.574     57.501  42.305008     4.2300     0.2202     0.2556     0.1692 1.1595e-01    11.7059      8.614     12.494    11.7815 0.0000e+00
      8.790      0.025     2.9558     26.477     57.497  42.302592     4.2300     0.1935     0.2556     0.1692 1.1595e-01    11.7811      8.621     12.503    11.7823 0.0000e+00
      8.796      0.024     2.9281     26.514     57.502  42.306598     4.2300     0.2088     0.2556     0.2961 1.1590e-01    11.6458      8.627     12.512    11.7829 0.0000e+00
      8.802      0.023     2.8995     26.667     57.512  42.314131     4.2300     0.2088     0.2556     0.2961 1.1590e-01    11.7661      8.633     12.520    11.7834 0.0000e+00
      8.808      0.023     2.8776     26.908     57.519  42.319276     4.2300     0.2812     0.2556     0.2961 1.1595e-01    12.0366      8.638     12.528    11.7837 0.0000e+00
      8.814      0.022     2.8670     27.237     57.519  42.319441     4.2300     0.2851     0.2556     0.2961 1.1602e-01    12.0065      8.644     12.537    11.7839 0.0000e+00
      8.820      0.022     2.8710     27.592     57.517  42.318633     4.2300     0.2507     0.2556     0.2961 1.1592e-01    11.9765      8.649     12.545    11.7840 0.0000e+00
      8.825      0.022     2.8876     27.891     57.519  42.320600     4.2300     0.2431     0.2556     0.2961 1.1585e-01    11.9614      8.655     12.552    11.7842 0.0000e+00
      8.831      0.023     2.9137     28.088     57.520  42.321903     4.2300     0.2660     0.2556     0.2961 1.1585e-01    11.9915      8.660     12.560    11.7845 0.0000e+00
      8.836      0.024     2.9493     28.147     57.514  42.318928     4.2300     0.2736     0.2556     0.2961 1.1600e-01    12.0216      8.665     12.568    11.7848 0.0000e+00
      8.842      0.025     2.9877     28.066     57.507  42.314843     4.2300     0.2584     0.2130     0.2115 1.1592e-01    11.9915      8.671     12.576    11.7852 0.0000e+00
      8.848      0.026     3.0200     27.887     57.503  42.312523     4.2300     0.2507     0.2130     0.2115 1.1585e-01    11.9915      8.677     12.585    11.7858 0.0000e+00
      8.855      0.028     3.0413     27.695     57.506  42.315309     4.2300     0.2584     0.2130     0.2115 1.1587e-01    11.9915      8.684     12.595    11.7866 0.0000e+00
      8.863      0.029     3.0476     27.511     57.512  42.319984     4.2300     0.2736     0.2130     0.2115 1.1605e-01    11.9464      8.692     12.606    11.7873 0.0000e+00
      8.871      0.030     3.0388     27.271     57.512  42.319868     4.2300     0.2812     0.2130     0.2115 1.1592e-01    12.0667      8.699     12.617    11.7880 0.0000e+00
      8.879      0.031     3.0194     26.924     57.511  42.318893     4.2300     0.2736     0.2556     0.2115 1.1585e-01    12.0516      8.707     12.628    11.7887 0.0000e+00
      8.887      0.032     2.9985     26.569     57.509  42.316800     4.2300     0.2660     0.2556     0.2115 1.1580e-01    11.7360      8.715     12.640    11.7893 0.0000e+00
      8.895      0.033     2.9787     26.306     57.505  42.313030     4.2300     0.2812     0.2556     0.2115 1.1597e-01    11.6007      8.723     12.652    11.7896 0.0000e+00
      8.903      0.034     2.9527     26.131     57.497  42.306577     4.2300     0.2660     0.2556     0.2115 1.1605e-01    11.7360      8.731     12.664    11.7895 0.0000e+00
      8.912      0.036     2.9151     26.027     57.487  42.297703     4.3200     0.3079     0.2556     0.1269 1.1595e-01    11.8713      8.740     12.676    11.7891 0.0000e+00
      8.921      0.037     2.8767     25.986     57.483  42.293947     4.3200     0.2622     0.2556     0.1269 1.1600e-01    12.0366      8.749     12.689    11.7887 0.0000e+00
      8.931      0.039     2.8483     26.058     57.482  42.292326     4.3200     0.2774     0.2556     0.1269 1.1582e-01    11.9314      8.758     12.703    11.7881 0.0000e+00
      8.942      0.040     2.8294     26.310     57.474  42.286463     4.3200     0.2507     0.2556     0.1269 1.1615e-01    12.0065      8.769     12.718    11.7873 0.0000e+00
      8.953      0.041     2.8182     26.718     57.466  42.280739     4.2300     0.2812     0.2130     0.2115 1.1590e-01    11.9614      8.779     12.734    11.7863 0.0000e+00
      8.963      0.041     2.8138     27.130     57.470  42.283535     4.2300     0.2584     0.2130     0.2115 1.1590e-01    11.9915      8.790     12.749    11.7853 0.0000e+00
      8.974      0.041     2.8216     27.389     57.478  42.289651     4.2300     0.2851     0.2130     0.2115 1.1600e-01    11.9765      8.800     12.764    11.7847 0.0000e+00
      8.984      0.041     2.8490     27.456     57.480  42.290813     4.2300     0.2736     0.2130     0.2115 1.1595e-01    12.0065      8.810     12.778    11.7845 0.0000e+00
      8.994      0.040     2.8932     27.420     57.482  42.291293     4.2300     0.2660     0.2556     0.1692 1.1590e-01    11.9915      8.821     12.793    11.7845 0.0000e+00
      9.005      0.039     2.9377     27.297     57.488  42.295182     4.2300     0.3957     0.2556     0.1692 1.1592e-01    14.0657      8.831     12.808    11.7845 0.0000e+00
      9.015      0.038     2.9658     27.009     57.505  42.307477     4.2300     0.4033     0.2556     0.1692 1.1600e-01    14.0957      8.841     12.823    11.7844 0.0000e+00
      9.025      0.036     2.9731     26.642     57.543  42.335422     4.2300     0.4148     0.2556     0.1692 1.1572e-01    14.1558      8.850     12.837    11.7841 0.0000e+00
      9.034      0.034     2.9692     26.343     57.612  42.386467     4.2300     0.4148     0.2556     0.1692 1.1592e-01    14.0957      8.859     12.850    11.7836 0.0000e+00
      9.042      0.031     2.9559     26.175     57.725  42.470262     4.3200     1.1663     0.2130     0.1692 1.1600e-01    23.2040      8.868     12.861    11.7833 0.0000e+00
      9.050      0.028     2.9247     26.145     57.898  42.597267     4.3200     1.2044     0.2130     0.1692 1.1607e-01    23.2190      8.875     12.872    11.7832 0.0000e+00
      9.056      0.025     2.8849     26.200     58.138  42.773610     4.3200     1.1853     0.2130     0.1692 1.1585e-01    23.1439      8.881     12.881    11.7832 0.0000e+00
      9.062      0.023     2.8525     26.317     58.436  42.992824     4.3200     1.1853     0.2130     0.1692 1.1597e-01    23.1288      8.887     12.890    11.7835 0.0000e+00
      9.068      0.020     2.8343     26.473     58.776  43.242038     4.2300     2.7036     0.2556     0.2115 1.1597e-01    46.5157      8.892     12.897    11.7837 0.0000e+00
      9.072      0.018     2.8311     26.576     59.134  43.504495     4.2300     2.7036     0.2556     0.2115 1.1590e-01    46.4556      8.897     12.904    11.7837 0.0000e+00
      9.077      0.016     2.8370     26.621     59.484  43.761024     4.2300     2.7074     0.2556     0.2115 1.1592e-01    46.4857      8.901     12.910    11.7835 0.0000e+00
      9.081      0.014     2.8497     26.653     59.824  44.010686     4.2300     2.7341     0.2556     0.2115 1.1600e-01    46.5157      8.905     12.915    11.7830 0.0000e+00
      9.084      0.013     2.8667     26.624     60.154  44.252688     4.3200     5.3549     0.2982     0.2538 1.1597e-01    91.2003      8.908     12.920    11.7825 0.0000e+00
      9.087      0.011     2.8778     26.478     60.438  44.460420     4.3200     5.3243     0.2982     0.2538 1.1602e-01    91.2003      8.911     12.924    11.7820 0.0000e+00
      9.090      0.010     2.8828     26.220     60.610  44.586240     4.3200     5.3396     0.2982     0.2538 1.1590e-01    91.1703      8.914     12.928    11.7813 0.0000e+00
      9.092      0.009     2.8863     25.902     60.617  44.592368     4.3200     5.3282     0.2982     0.2538 1.1605e-01    91.2003      8.916     12.931    11.7807 0.0000e+00
      9.094      0.008     2.8832     25.633     60.490  44.500253     4.3200     9.3871     0.3408     0.2538 1.1605e-01   138.1545      8.918     12.934    11.7799 0.0000e+00
      9.096      0.007     2.8674     25.391     60.291  44.356664     4.3200     9.4443     0.3408     0.2538 1.1597e-01   138.1996      8.920     12.937    11.7790 0.0000e+00
      9.097      0.006     2.8396     25.017     60.067  44.194643     4.3200     9.4786     0.3408     0.2538 1.1585e-01   138.2897      8.921     12.940    11.7785 0.0000e+00
      9.099      0.006     2.8052     24.512     59.861  44.046279     4.3200     9.4138     0.3408     0.2538 1.1602e-01   138.2747      8.923     12.942    11.7789 0.0000e+00
      9.100      0.005     2.7759     23.948     59.704  43.933432     4.3200    11.1380     0.3408     0.2538 1.1595e-01   209.3673      8.924     12.944    11.7803 0.0000e+00
      9.102      0.004     2.7496     23.365     59.606  43.863655     4.4100    11.1953     0.3408     0.2961 1.1612e-01   209.3673      8.926     12.946    11.7824 0.0000e+00
      9.103      0.004     2.7089     22.856     59.546  43.820322     4.4100    11.1418     0.3408     0.2961 1.1585e-01   209.3071      8.927     12.947    11.7849 0.0000e+00
      9.104      0.003     2.6541     22.521     59.486  43.776029     4.4100    11.1457     0.3408     0.2961 1.1605e-01   209.3372      8.928     12.949    11.7876 0.0000e+00
      9.105      0.003     2.5928     22.412     59.433  43.736794     4.4100    10.7871     0.3408     0.2961 1.1585e-01   236.5267      8.929     12.950    11.7901 0.0000e+00
      9.105      0.002     2.5296     22.512     59.402  43.713951     4.5000    10.8023     0.4260     0.2961 1.1590e-01   236.3464      8.929     12.950    11.7917 0.0000e+00
      9.106      0.002     2.4745     22.772     59.367  43.687539     4.5000    10.7794     0.4260     0.2961 1.1597e-01   236.4215      8.930     12.951    11.7924 0.0000e+00
      9.106      0.002     2.4382     23.148     59.304  43.640608     4.5000    10.7680     0.4260     0.2961 1.1595e-01   236.4365      8.930     12.952    11.7925 0.0000e+00
      9.107      0.002     2.4264     23.591     59.231  43.586400     4.5000    10.4247     0.4260     0.2961 1.1600e-01   269.3525      8.931     12.953    11.7924 0.0000e+00
      9.107      0.001     2.4372     24.007     59.180  43.548105     4.6800    10.4018     0.4260     0.2538 1.1612e-01   269.4127      8.931     12.953    11.7922 0.0000e+00
      9.108      0.001     2.4654     24.327     59.153  43.527401     4.6800    10.3980     0.4260     0.2538 1.1607e-01   269.3525      8.932     12.954    11.7919 0.0000e+00
      9.108      0.001     2.5061     24.623     59.131  43.510840     4.6800    10.3980     0.4260     0.2538 1.1595e-01   269.4277      8.932     12.954    11.7914 0.0000e+00
      9.108      0.001     2.5542     24.987     59.103  43.490043     4.6800    10.1424     0.4260     0.2538 1.1595e-01   280.3095      8.932     12.955    11.7908 0.0000e+00
      9.109      0.001     2.5992     25.368     59.068  43.463427     4.6800    10.0890     0.4260     0.2538 1.1587e-01   280.2494      8.933     12.955    11.7902 0.0000e+00
      9.109      0.001     2.6339     25.589     59.030  43.435783     4.6800    10.1462     0.5964     0.4230 1.1600e-01   280.3847      8.933     12.956    11.7897 0.0000e+00
      9.109      0.001     2.6661     25.541     58.992  43.407664     4.6800    10.1157     0.5964     0.4230 1.1595e-01   280.2794      8.933     12.956    11.7891 0.0000e+00
      9.110      0.000     2.7054     25.312     58.949  43.375534     4.6800    10.0012     0.5964     0.4230 1.1585e-01   287.1783      8.934     12.957    11.7886 0.0000e+00
      9.110      0.000     2.7468     25.049     58.899  43.338752     4.6800     9.9898     0.5964     0.4230 1.1600e-01   287.2384      8.934     12.957    11.7883 0.0000e+00
      9.110      0.000     2.7707     24.833     58.847  43.301377     4.7700    10.0089     0.4260     0.6768 1.1590e-01   287.3586      8.934     12.957    11.7881 0.0000e+00
      9.110      0.000     2.7654     24.710     58.818  43.281181     4.7700    10.0203     0.4260     0.6768 1.1577e-01   287.2685      8.934     12.957    11.7880 0.0000e+00
      9.110     -0.001     2.7407     24.707     58.820  43.284667     4.7700     9.8372     0.4260     0.6768 1.1605e-01   290.4398      8.934     12.957    11.7881 0.0000e+00
      9.110     -0.001     2.7121     24.894     58.834  43.296914     4.7700     9.7952     0.4260     0.6768 1.1602e-01   290.3647      8.934     12.957    11.7883 0.0000e+00
