Data/DataNotYetUploadedToEDI/Raw_CTD/RawDownloads/090522_fcr50_S7809002.cnv
* Sea-Bird SBE19plus  Data File:
* FileName = C:\R\Reservoirs\Data\DataNotYetUploadedToEDI\Raw_CTD\RawDownloads\090522_bvr50_S7809_0002.hex
* Software version 2.8.0.119
* Temperature SN = 7809
* Conductivity SN = 7809
* System UpLoad Time = Sep 05 2022 15:41:14
* <ApplicationData>
* <Seaterm232>
# nquan = 15
# nvalues = 2105                        
# units = specified
# name 0 = depFM: Depth [fresh water, m]
# name 1 = dz/dtM: Descent Rate [m/s]
# name 2 = sbeox0Mg/L: Oxygen, SBE 43 [mg/l]
# name 3 = sbeox0PS: Oxygen, SBE 43 [% saturation]
# name 4 = specc: Specific Conductance [uS/cm]
# name 5 = c0uS/cm: Conductivity [uS/cm]
# name 6 = flECO-AFL: Fluorescence, WET Labs ECO-AFL/FL [mg/m^3]
# name 7 = ph: pH
# name 8 = orp: Oxidation Reduction Potential [mV]
# name 9 = par/sat/log: PAR/Logarithmic, Satlantic
# name 10 = turbWETntu0: Turbidity, WET Labs ECO [NTU]
# name 11 = prdM: Pressure, Strain Gauge [db]
# name 12 = prdE: Pressure, Strain Gauge [psi]
# name 13 = tv290C: Temperature [ITS-90, deg C]
# name 14 = flag:  0.000e+00
# span 0 =     -0.641,      9.535       
# span 1 =     -0.358,      0.126       
# span 2 =     0.0176,     7.0747       
# span 3 =      0.175,     85.184       
# span 4 =      0.225,    511.320       
# span 5 =   0.211629, 376.907709       
# span 6 =    -0.1562,    81.8612       
# span 7 =      6.670,      8.589       
# span 8 =    20.0066,   247.6387       
# span 9 = 1.2358e-01, 1.7305e+02       
# span 10 =    -0.3513,   957.5902      
# span 11 =     -0.630,      9.352      
# span 12 =     -0.914,     13.563      
# span 13 =    11.6537,    25.2299      
# span 14 = 0.0000e+00, 0.0000e+00      
# interval = seconds: 0.25
# start_time = Sep 05 2022 09:09:47 [Instrument's time stamp, header]
# bad_flag = -9.990e-29
*END*
[from data line 964]
      2.826      0.021     4.7954     57.251     39.497  38.238884    10.5465      7.194   236.5528 8.0724e+00     6.1084      2.772      4.021    23.3940 0.0000e+00
      2.829      0.024     4.7932     57.655     39.467  38.254100    10.6151      7.192   236.6249 8.0226e+00     6.0968      2.773      4.022    23.3846 0.0000e+00
      2.836      0.027     4.8060     58.078     39.439  38.261487    10.6497      7.190   236.8747 7.8977e+00     6.0682      2.779      4.030    23.3833 0.0000e+00
      2.846      0.029     4.8361     58.632     39.447  38.264835    10.6563      7.188   237.0779 7.7981e+00     6.1390      2.793      4.049    23.3772 0.0000e+00
      2.856      0.030     4.8770     59.252     39.504  38.294569    10.7199      7.187   237.0174 7.7373e+00     6.3377      2.802      4.062    23.3802 0.0000e+00
      2.864      0.031     4.9029     59.728     39.534  38.303868    10.8284      7.184   236.6594 7.6793e+00     6.5232      2.809      4.074    23.4620 0.0000e+00
      2.870      0.030     4.9252     59.914     39.552  38.313828    10.8773      7.180   236.5341 7.6213e+00     6.5379      2.815      4.082    23.5293 0.0000e+00
      2.876      0.028     4.9783     59.798     39.593  38.351567    10.8701      7.177   236.7080 7.5371e+00     6.5150      2.819      4.088    23.5020 0.0000e+00
      2.884      0.026     5.0430     59.514     39.577  38.316235    10.8492      7.176   236.9550 7.4393e+00     6.5544      2.828      4.102    23.4598 0.0000e+00
      2.893      0.025     5.0903     59.209     39.558  38.267105    10.8164      7.174   237.0250 7.3987e+00     6.6031      2.839      4.117    23.4337 0.0000e+00
      2.898      0.024     5.1079     58.922     39.621  38.328260    10.7986      7.171   236.8657 7.3920e+00     6.6264      2.843      4.123    23.4229 0.0000e+00
      2.902      0.021     5.0921     58.747     39.622  38.358046    10.7915      7.168   236.8358 7.3326e+00     6.5973      2.845      4.126    23.4362 0.0000e+00
      2.909      0.018     5.0629     58.858     39.566  38.310207    10.7809      7.165   236.9226 7.2522e+00     6.5584      2.852      4.137    23.4164 0.0000e+00
      2.915      0.017     5.0460     59.278     39.596  38.320621    10.7530      7.163   237.0544 7.2134e+00     6.5319      2.860      4.148    23.3395 0.0000e+00
      2.918      0.018     5.0199     59.872     39.647  38.357089    10.6963      7.161   237.2252 7.1994e+00     6.5157      2.862      4.151    23.3389 0.0000e+00
      2.919      0.018     4.9877     60.477     39.676  38.370614    10.6605      7.159   237.3535 7.1823e+00     6.5330      2.863      4.153    23.4224 0.0000e+00
      2.923      0.018     4.9978     60.901     39.755  38.420708    10.6616      7.156   237.4870 7.1270e+00     6.5700      2.865      4.155    23.4219 0.0000e+00
      2.929      0.018     5.0438     61.015     39.821  38.455373    10.6756      7.153   237.6337 7.0276e+00     6.6567      2.872      4.164    23.3717 0.0000e+00
      2.936      0.020     5.0982     60.823     39.806  38.409194    10.7051      7.150   237.7510 6.9697e+00     6.7953      2.882      4.180    23.3702 0.0000e+00
      2.940      0.022     5.1579     60.406     39.802  38.369665    10.7196      7.148   237.8728 6.9701e+00     6.8455      2.885      4.183    23.3563 0.0000e+00
      2.943      0.023     5.2027     59.871     39.870  38.421319    10.7169      7.144   238.1600 6.9474e+00     6.8202      2.884      4.184    23.3160 0.0000e+00
      2.949      0.022     5.2153     59.350     39.894  38.462943    10.7728      7.142   238.4702 6.8590e+00     6.8305      2.890      4.192    23.2763 0.0000e+00
      2.959      0.021     5.1987     58.933     39.857  38.429034    10.8803      7.139   238.5260 6.7639e+00     6.8676      2.902      4.209    23.2488 0.0000e+00
      2.966      0.021     5.1667     58.658     39.915  38.455270    10.9337      7.137   238.4039 6.7320e+00     6.8922      2.910      4.222    23.1885 0.0000e+00
      2.969      0.020     5.1197     58.502     40.010  38.526438    10.9361      7.134   238.2851 6.7196e+00     6.8555      2.911      4.223    23.1459 0.0000e+00
      2.972      0.017     5.0661     58.353     40.018  38.528450    10.9430      7.131   238.2945 6.6971e+00     6.7997      2.914      4.227    23.2160 0.0000e+00
      2.976      0.015     5.0288     58.109     40.041  38.543018    10.9425      7.128   238.5169 6.6692e+00     6.7978      2.920      4.235    23.2266 0.0000e+00
      2.980      0.015     5.0116     57.790     40.088  38.575722    10.9374      7.125   238.8238 6.6253e+00     6.8325      2.922      4.238    23.1511 0.0000e+00
      2.984      0.016     5.0053     57.517     40.062  38.543342    10.9400      7.123   238.9077 6.5919e+00     6.8778      2.927      4.245    23.1322 0.0000e+00
      2.987      0.018     4.9951     57.339     40.039  38.532012    10.8989      7.121   238.7562 6.5690e+00     6.9697      2.929      4.249    23.1382 0.0000e+00
      2.990      0.018     4.9758     57.228     40.047  38.565589    10.8147      7.120   238.6268 6.5105e+00     7.1239      2.930      4.250    23.1250 0.0000e+00
      2.997      0.017     4.9436     57.178     40.038  38.568849    10.7712      7.118   238.8056 6.4468e+00     7.2387      2.939      4.262    23.1086 0.0000e+00
      3.004      0.016     4.9211     57.170     40.049  38.571442    10.7645      7.115   239.1975 6.4226e+00     7.2984      2.947      4.275    23.0881 0.0000e+00
      3.008      0.016     4.9075     57.125     40.092  38.596925    10.7575      7.112   239.4080 6.4056e+00     7.3343      2.950      4.279    23.1004 0.0000e+00
      3.010      0.015     4.8918     56.985     40.137  38.623261    10.7450      7.110   239.4572 6.3928e+00     7.3309      2.952      4.282    23.1541 0.0000e+00
      3.012      0.013     4.8863     56.753     40.171  38.636166    10.7308      7.108   239.3626 6.3789e+00     7.3594      2.953      4.284    23.1720 0.0000e+00
      3.015      0.012     4.8906     56.436     40.181  38.626085    10.7192      7.105   239.2109 6.3507e+00     7.4403      2.956      4.288    23.1500 0.0000e+00
      3.018      0.013     4.8912     56.062     40.201  38.628189    10.7129      7.102   239.3430 6.3315e+00     7.5238      2.961      4.294    23.1297 0.0000e+00
      3.022      0.016     4.8795     55.678     40.251  38.661585    10.8039      7.101   239.6699 6.3095e+00     7.5824      2.964      4.298    23.1089 0.0000e+00
      3.025      0.021     4.8627     55.329     40.265  38.649327    10.9703      7.099   239.8075 6.2617e+00     7.5692      2.966      4.302    23.0839 0.0000e+00
      3.030      0.024     4.8369     55.080     40.260  38.606778    11.0521      7.096   239.6295 6.2116e+00     7.5004      2.972      4.310    23.0584 0.0000e+00
      3.036      0.026     4.8049     54.969     40.328  38.654430    11.0773      7.094   239.4115 6.1597e+00     7.5022      2.977      4.318    23.0352 0.0000e+00
      3.046      0.026     4.7727     55.039     40.387  38.718099    11.2003      7.092   239.4087 6.0721e+00     7.6254      2.985      4.329    23.0232 0.0000e+00
      3.056      0.026     4.7420     55.406     40.359  38.678994    11.4077      7.089   239.5962 5.9986e+00     7.7589      3.000      4.350    23.0016 0.0000e+00
      3.064      0.026     4.7259     56.096     40.352  38.625544    11.5207      7.085   239.7852 5.9847e+00     7.7845      3.007      4.361    22.9284 0.0000e+00
      3.067      0.026     4.7202     56.961     40.431  38.642544    11.5583      7.081   239.8873 5.9711e+00     7.7296      3.006      4.360    22.8971 0.0000e+00
      3.070      0.025     4.7156     57.858     40.538  38.694194    11.9297      7.078   240.0560 5.9110e+00     7.7442      3.008      4.363    22.9451 0.0000e+00
      3.077      0.023     4.7464     58.745     40.631  38.742616    12.6065      7.075   240.2760 5.8202e+00     7.8590      3.015      4.373    22.9319 0.0000e+00
      3.087      0.025     4.8192     59.537     40.706  38.784016    12.9747      7.073   240.5688 5.7542e+00     7.9220      3.029      4.393    22.8586 0.0000e+00
      3.095      0.033     4.9068     60.108     40.726  38.750770    13.0863      7.070   241.0148 5.7294e+00     7.8570      3.037      4.404    22.7774 0.0000e+00
      3.097      0.042     4.9885     60.475     40.709  38.657669    13.9978      7.066   241.5387 5.7086e+00     7.8590      3.037      4.406    22.7155 0.0000e+00
      3.101      0.048     5.0725     60.848     40.797  38.736357    15.6796      7.062   242.0857 5.6376e+00     8.0487      3.038      4.406    22.6642 0.0000e+00
      3.116      0.050     5.1503     61.543     40.907  38.877708    16.6175      7.057   242.2932 5.4496e+00     8.2374      3.048      4.420    22.6378 0.0000e+00
      3.142      0.050     5.2009     62.628     40.976  38.844724    16.7153      7.052   242.0684 5.2518e+00     8.2959      3.085      4.474    22.6066 0.0000e+00
      3.164      0.047     5.2453     63.804     41.135  38.844773    16.6864      7.048   241.9484 5.1984e+00     8.2439      3.111      4.512    22.4302 0.0000e+00
      3.171      0.041     5.2666     64.798     41.240  38.941477    16.3766      7.045   242.1336 5.1898e+00     7.9843      3.108      4.509    22.4022 0.0000e+00
      3.174      0.032     5.2994     65.507     41.184  38.935821    15.8486      7.043   242.3294 5.1565e+00     7.5827      3.112      4.513    22.6297 0.0000e+00
      3.178      0.023     5.4274     65.883     41.182  38.903315    15.5802      7.040   242.4222 5.1507e+00     7.3846      3.119      4.524    22.4445 0.0000e+00
      3.181      0.019     5.5770     65.951     41.310  38.992330    15.6283      7.036   242.3095 5.1258e+00     7.3656      3.120      4.525    22.0765 0.0000e+00
      3.186      0.019     5.6518     65.785     41.371  39.060734    16.2883      7.034   241.9993 5.0573e+00     7.3193      3.123      4.529    22.1956 0.0000e+00
      3.193      0.019     5.7002     65.379     41.358  39.032777    17.4850      7.033   241.8553 4.9918e+00     7.2681      3.131      4.542    22.3382 0.0000e+00
      3.199      0.020     5.7465     64.786     41.424  39.034814    18.1530      7.032   241.8587 4.9591e+00     7.2582      3.138      4.552    22.2137 0.0000e+00
      3.203      0.020     5.7541     64.216     41.534  39.085274    18.2647      7.029   241.8677 4.9430e+00     7.3032      3.141      4.556    22.1496 0.0000e+00
      3.208      0.020     5.7337     63.810     41.619  39.135443    18.6530      7.027   241.8782 4.9013e+00     7.4712      3.145      4.561    22.2278 0.0000e+00
      3.213      0.020     5.7003     63.531     41.634  39.133982    19.3349      7.025   241.7282 4.8403e+00     7.6838      3.151      4.569    22.2133 0.0000e+00
      3.218      0.021     5.6511     63.268     41.558  39.067588    19.7016      7.025   241.6027 4.8005e+00     7.7553      3.157      4.579    22.0984 0.0000e+00
      3.221      0.023     5.6034     62.933     41.535  39.093737    19.8320      7.024   241.8232 4.7843e+00     7.7888      3.159      4.582    22.0364 0.0000e+00
      3.226      0.023     5.5733     62.484     41.565  39.196525    20.8953      7.022   242.1567 4.7332e+00     7.9525      3.161      4.584    22.0075 0.0000e+00
      3.234      0.024     5.5552     61.964     41.500  39.168911    22.8108      7.018   242.2801 4.6436e+00     8.1634      3.172      4.600    21.9874 0.0000e+00
      3.243      0.026     5.5358     61.506     41.469  39.140446    23.8492      7.014   242.1974 4.6062e+00     8.2546      3.184      4.617    21.9785 0.0000e+00
      3.248      0.027     5.5024     61.261     41.525  39.232871    24.0127      7.013   242.0168 4.6021e+00     8.2702      3.186      4.619    22.0301 0.0000e+00
      3.253      0.026     5.4469     61.273     41.517  39.271721    24.9203      7.012   241.9029 4.5426e+00     8.5562      3.188      4.624    22.1777 0.0000e+00
      3.262      0.023     5.3932     61.489     41.477  39.229733    26.5838      7.010   242.0251 4.4637e+00     9.1158      3.198      4.639    22.2149 0.0000e+00
      3.271      0.021     5.3542     61.841     41.515  39.232566    27.4875      7.009   242.2893 4.4199e+00     9.4009      3.208      4.652    22.1459 0.0000e+00
      3.276      0.019     5.3229     62.175     41.622  39.305922    27.5573      7.007   242.5159 4.4042e+00     9.3731      3.213      4.660    22.2324 0.0000e+00
      3.278      0.018     5.3177     62.262     41.700  39.355567    27.5942      7.004   242.6141 4.4023e+00     9.3944      3.215      4.662    22.3268 0.0000e+00
      3.280      0.016     5.3401     61.994     41.694  39.325417    28.1080      7.002   242.5298 4.3951e+00     9.6923      3.216      4.663    22.2953 0.0000e+00
      3.283      0.014     5.3808     61.383     41.709  39.321874    29.0585      7.002   242.3573 4.3740e+00    10.1740      3.219      4.669    22.2380 0.0000e+00
      3.288      0.014     5.4228     60.500     41.776  39.376130    29.5737      7.001   242.1642 4.3420e+00    10.3676      3.224      4.676    22.2094 0.0000e+00
      3.292      0.015     5.4348     59.442     41.823  39.410603    29.6502      6.998   242.0875 4.3104e+00    10.2907      3.228      4.682    22.1890 0.0000e+00
      3.296      0.016     5.4145     58.297     41.844  39.421562    30.1088      6.997   242.1183 4.2948e+00    10.0982      3.233      4.689    22.1484 0.0000e+00
      3.299      0.016     5.3619     57.177     41.876  39.445192    30.9577      6.996   241.9343 4.2848e+00     9.8175      3.236      4.693    22.1278 0.0000e+00
      3.303      0.016     5.2809     56.163     41.947  39.506039    31.4414      6.994   241.6691 4.2695e+00     9.6974      3.239      4.698    22.1239 0.0000e+00
      3.307      0.017     5.1890     55.272     41.976  39.523027    31.6372      6.993   241.6643 4.2480e+00     9.7047      3.242      4.703    22.1106 0.0000e+00
      3.312      0.018     5.0857     54.514     41.926  39.460302    33.3332      6.992   241.8769 4.2186e+00     9.9399      3.248      4.710    22.0972 0.0000e+00
      3.316      0.020     4.9856     53.883     41.928  39.445271    36.4501      6.990   242.2607 4.1897e+00    10.4583      3.252      4.716    22.0920 0.0000e+00
      3.320      0.020     4.8987     53.394     42.034  39.531536    38.1702      6.989   242.7780 4.1389e+00    10.8140      3.255      4.721    22.0869 0.0000e+00
      3.327      0.021     4.8202     53.036     42.068  39.551950    38.5829      6.988   243.1409 4.0645e+00    10.8937      3.262      4.732    22.0741 0.0000e+00
      3.334      0.023     4.7576     52.774     41.966  39.438387    41.3899      6.986   243.2068 4.0385e+00    10.9090      3.271      4.745    22.0545 0.0000e+00
      3.338      0.023     4.7029     52.634     41.952  39.426885    46.4918      6.984   243.4027 4.0501e+00    10.9646      3.275      4.750    22.0341 0.0000e+00
      3.342      0.022     4.6616     52.631     42.022  39.539727    49.3148      6.984   243.9608 4.0150e+00    11.0195      3.275      4.750    22.0122 0.0000e+00
      3.350      0.020     4.6342     52.741     41.977  39.534371    50.1205      6.983   244.4475 3.9482e+00    11.0604      3.285      4.764    22.0119 0.0000e+00
      3.358      0.017     4.6106     52.896     41.939  39.489035    56.1410      6.982   244.6419 3.9114e+00    11.2890      3.297      4.781    21.9810 0.0000e+00
      3.363      0.015     4.6020     53.019     42.040  39.562351    67.1176      6.981   244.5911 3.8979e+00    11.6320      3.299      4.785    21.9483 0.0000e+00
      3.365      0.014     4.5929     53.124     42.100  39.596305    73.1141      6.978   244.4353 3.8848e+00    11.7567      3.300      4.785    22.0484 0.0000e+00
      3.365      0.012     4.5982     53.264     42.126  39.582423    73.8374      6.975   244.3927 3.8827e+00    11.7719      3.301      4.787    22.1210 0.0000e+00
