Data/DataNotYetUploadedToEDI/Raw_CTD/RawDownloads/090523_fcr50_S8188001.cnv
* Sea-Bird SBE19plus  Data File:
* FileName = C:\R\Reservoirs\Data\DataNotYetUploadedToEDI\Raw_CTD\RawDownloads\090523_fcr50_S8188_0001.hex
* Software version 2.8.0.119
* Temperature SN = 8188
* Conductivity SN = 8188
* System UpLoad Time = Sep 06 2023 10:34:54
* <ApplicationData>
* <Seaterm232>
# nquan = 16
# nvalues = 1724                        
# units = specified
# name 0 = depFM: Depth [fresh water, m]
# name 1 = dz/dtM: Descent Rate [m/s]
# name 2 = sbeox0Mg/L: Oxygen, SBE 43 [mg/l]
# name 3 = sbeox0PS: Oxygen, SBE 43 [% saturation]
# name 4 = specc: Specific Conductance [uS/cm]
# name 5 = c0uS/cm: Conductivity [uS/cm]
# name 6 = wetCDOM: Fluorescence, WET Labs CDOM [mg/m^3]
# name 7 = flECO-AFL: Fluorescence, WET Labs ECO-AFL/FL [mg/m^3]
# name 8 = flECO-AFL1: Fluorescence, WET Labs ECO-AFL/FL, 2 [mg/m^3]
# name 9 = flECO-AFL2: Fluorescence, WET Labs ECO-AFL/FL, 3 [mg/m^3]
# name 10 = par/sat/log: PAR/Logarithmic, Satlantic
# name 11 = turbWETntu0: Turbidity, WET Labs ECO [NTU]
# name 12 = prdM: Pressure, Strain Gauge [db]
# name 13 = prdE: Pressure, Strain Gauge [psi]
# name 14 = tv290C: Temperature [ITS-90, deg C]
# name 15 = flag:  0.000e+00
# span 0 =     -0.504,      9.110       
# span 1 =     -0.276,      0.110       
# span 2 =     0.6598,     6.7898       
# span 3 =      6.610,     85.029       
# span 4 =     10.484,     60.617       
# span 5 =  10.841773,  51.516616       
# span 6 =    -4.5000,     4.7700       
# span 7 =    -0.4550,    51.5210       
# span 8 =    -2.1300,     0.6390       
# span 9 =    -2.0304,    10.9557       
# span 10 = 1.1572e-01, 2.3559e+03      
# span 11 =     1.7259,   966.3751      
# span 12 =     -0.495,      8.934      
# span 13 =     -0.717,     12.957      
# span 14 =    11.7758,    28.6780      
# span 15 = 0.0000e+00, 0.0000e+00      
# interval = seconds: 0.25
# start_time = Sep 05 2023 13:31:29 [Instrument's time stamp, header]
# bad_flag = -9.990e-29
*END*
[from data line 814]
      4.306      0.028     3.1146     30.311     56.999  42.043262     3.9600     0.3270     0.1704     0.3384 4.3959e-01     9.9023      4.223      6.125    11.8956 0.0000e+00
      4.313      0.027     3.1359     30.735     56.999  42.043846     3.9600     0.3118     0.1704     0.3384 4.4944e-01     9.8572      4.229      6.135    11.8880 0.0000e+00
      4.320      0.026     3.1748     31.071     56.993  42.041296     3.9600     0.3461     0.1704     0.3384 4.4160e-01     9.8873      4.236      6.144    11.8825 0.0000e+00
      4.326      0.026     3.2237     31.335     56.983  42.034934     3.9600     0.3385     0.1704     0.3384 4.4720e-01     9.8121      4.242      6.153    11.8791 0.0000e+00
      4.333      0.026     3.2753     31.496     56.979  42.030988     3.9600     0.3957     0.2130     0.1692 4.5327e-01    10.1278      4.249      6.163    11.8778 0.0000e+00
      4.339      0.026     3.3210     31.574     56.983  42.032368     3.9600     0.4033     0.2130     0.1692 4.3295e-01    10.0526      4.255      6.172    11.8783 0.0000e+00
      4.346      0.027     3.3571     31.661     56.991  42.035480     3.9600     0.4071     0.2130     0.1692 3.9622e-01    10.0376      4.262      6.181    11.8797 0.0000e+00
      4.353      0.028     3.3856     31.813     57.001  42.041153     3.9600     0.3995     0.2130     0.1692 4.2254e-01    10.0977      4.269      6.191    11.8805 0.0000e+00
      4.360      0.029     3.4031     32.057     57.013  42.050900     4.0500     0.3995     0.2130     0.0846 4.0519e-01    10.0827      4.276      6.202    11.8800 0.0000e+00
      4.368      0.031     3.4117     32.379     57.016  42.055432     4.0500     0.4148     0.2130     0.0846 3.9433e-01    10.1578      4.283      6.212    11.8781 0.0000e+00
      4.375      0.033     3.4213     32.647     57.013  42.051997     4.0500     0.4224     0.2130     0.0846 4.0299e-01    10.1278      4.291      6.223    11.8757 0.0000e+00
      4.383      0.037     3.4377     32.724     57.017  42.051565     4.0500     0.3919     0.2130     0.0846 4.1006e-01    10.1278      4.299      6.234    11.8745 0.0000e+00
      4.392      0.042     3.4640     32.694     57.034  42.057983     4.0500     0.3995     0.1704     0.0846 3.9605e-01    10.0827      4.307      6.247    11.8756 0.0000e+00
      4.402      0.048     3.4987     32.690     57.054  42.065038     4.0500     0.4033     0.1704     0.0846 3.5404e-01    10.0376      4.317      6.262    11.8772 0.0000e+00
      4.415      0.056     3.5278     32.694     57.072  42.070648     4.0500     0.4148     0.1704     0.0846 3.9924e-01    10.0526      4.330      6.280    11.8766 0.0000e+00
      4.430      0.065     3.5363     32.687     57.084  42.072346     4.0500     0.3995     0.1704     0.0846 3.8135e-01    10.1278      4.344      6.301    11.8733 0.0000e+00
      4.448      0.073     3.5335     32.715     57.089  42.070585     4.0500     0.4148     0.1704     0.0846 3.5105e-01    10.0977      4.362      6.327    11.8679 0.0000e+00
      4.468      0.079     3.5336     32.826     57.103  42.076783     3.9600     0.2889     0.1704     0.2115 3.4892e-01    10.5486      4.382      6.356    11.8612 0.0000e+00
      4.491      0.082     3.5345     32.983     57.131  42.096555     3.9600     0.2736     0.1704     0.2115 3.2288e-01    10.6087      4.405      6.389    11.8546 0.0000e+00
      4.516      0.080     3.5343     33.033     57.156  42.119322     3.9600     0.2851     0.1704     0.2115 3.2197e-01    10.5035      4.428      6.423    11.8486 0.0000e+00
      4.539      0.076     3.5377     32.879     57.166  42.135307     3.9600     0.2812     0.1704     0.2115 3.0382e-01    10.5787      4.451      6.456    11.8435 0.0000e+00
      4.558      0.068     3.5500     32.581     57.161  42.144810     3.9600     0.2584     0.1704     0.2115 3.0948e-01    10.6689      4.470      6.483    11.8401 0.0000e+00
      4.574      0.059     3.5671     32.219     57.150  42.154329     3.9600     0.2851     0.1704     0.2115 3.2669e-01    10.5186      4.485      6.505    11.8396 0.0000e+00
      4.586      0.051     3.5722     31.867     57.145  42.170365     3.9600     0.2812     0.1704     0.2115 2.7980e-01    10.4133      4.497      6.523    11.8431 0.0000e+00
      4.597      0.043     3.5549     31.579     57.142  42.187288     3.9600     0.2774     0.1704     0.2115 2.8888e-01    10.4735      4.508      6.538    11.8508 0.0000e+00
      4.606      0.037     3.5218     31.362     57.131  42.195745     4.1400     0.3003     0.2130     0.0846 2.9433e-01    10.5787      4.517      6.551    11.8625 0.0000e+00
      4.615      0.033     3.4814     31.260     57.115  42.196009     4.1400     0.2736     0.2130     0.0846 3.2155e-01    10.4735      4.526      6.564    11.8778 0.0000e+00
      4.623      0.030     3.4420     31.352     57.100  42.194096     4.1400     0.2812     0.2130     0.0846 2.8010e-01    10.5787      4.533      6.575    11.8951 0.0000e+00
      4.630      0.028     3.4096     31.677     57.087  42.193457     4.1400     0.2622     0.2130     0.0846 2.9735e-01    10.5787      4.540      6.585    11.9121 0.0000e+00
      4.636      0.026     3.3851     32.192     57.071  42.189960     4.1400     0.3423     0.2130     0.0846 3.1974e-01    10.6989      4.547      6.594    11.9265 0.0000e+00
      4.642      0.025     3.3732     32.745     57.057  42.186634     4.0500     0.3575     0.1704     0.2115 3.0640e-01    10.8342      4.552      6.602    11.9371 0.0000e+00
      4.648      0.024     3.3825     33.180     57.056  42.190519     4.0500     0.3308     0.1704     0.2115 3.0935e-01    10.5937      4.558      6.611    11.9450 0.0000e+00
      4.654      0.024     3.4170     33.524     57.057  42.194725     4.0500     0.3308     0.1704     0.2115 2.8230e-01    10.7741      4.564      6.619    11.9523 0.0000e+00
      4.660      0.024     3.4720     33.816     57.049  42.192449     4.0500     0.3308     0.1704     0.2115 2.8236e-01    10.5636      4.570      6.628    11.9596 0.0000e+00
      4.666      0.024     3.5310     33.983     57.043  42.191009     4.0500     0.3118     0.2556     0.2115 2.9197e-01    10.5787      4.576      6.637    11.9659 0.0000e+00
      4.672      0.024     3.5777     33.938     57.050  42.197947     4.0500     0.3423     0.2556     0.2115 2.7030e-01    10.5787      4.582      6.646    11.9703 0.0000e+00
      4.679      0.024     3.6145     33.680     57.059  42.205207     4.0500     0.3423     0.2556     0.2115 3.0395e-01    10.5035      4.588      6.654    11.9734 0.0000e+00
      4.685      0.023     3.6457     33.327     57.062  42.208780     4.0500     0.3575     0.2556     0.2115 2.6802e-01    10.5035      4.594      6.663    11.9762 0.0000e+00
      4.691      0.023     3.6636     33.026     57.068  42.215563     4.0500     0.3270     0.2130     0.2115 2.8230e-01    10.5186      4.600      6.672    11.9788 0.0000e+00
      4.697      0.023     3.6585     32.830     57.076  42.225384     4.0500     0.3461     0.2130     0.2115 3.0647e-01    10.5486      4.606      6.680    11.9804 0.0000e+00
      4.702      0.023     3.6307     32.665     57.083  42.234918     4.0500     0.3461     0.2130     0.2115 2.6518e-01    10.5636      4.611      6.688    11.9810 0.0000e+00
      4.708      0.024     3.5926     32.497     57.080  42.238783     4.0500     0.3156     0.2130     0.2115 2.9388e-01    11.0596      4.617      6.696    11.9818 0.0000e+00
      4.714      0.025     3.5599     32.405     57.067  42.232066     4.1400     0.3499     0.2130     0.2115 2.9503e-01    10.9995      4.622      6.705    11.9840 0.0000e+00
      4.720      0.027     3.5385     32.461     57.052  42.216940     4.1400     0.3270     0.2130     0.2115 2.9774e-01    10.9995      4.628      6.713    11.9874 0.0000e+00
      4.727      0.029     3.5205     32.694     57.051  42.199277     4.1400     0.3423     0.2130     0.2115 2.9185e-01    11.0296      4.635      6.723    11.9918 0.0000e+00
      4.734      0.032     3.5020     33.060     57.064  42.186252     4.1400     0.3156     0.2130     0.2115 3.1279e-01    10.7139      4.643      6.734    11.9966 0.0000e+00
      4.743      0.033     3.4919     33.438     57.077  42.176373     4.1400     0.3232     0.2130     0.2115 2.7962e-01    10.7139      4.652      6.747    11.9998 0.0000e+00
      4.753      0.034     3.4982     33.739     57.080  42.167004     4.0500     0.3423     0.2130     0.0846 2.4963e-01    10.7139      4.661      6.760    11.9958 0.0000e+00
      4.763      0.033     3.5245     33.979     57.083  42.163570     4.0500     0.3499     0.2130     0.0846 2.4736e-01    10.7290      4.671      6.774    11.9813 0.0000e+00
      4.772      0.033     3.5656     34.172     57.085  42.161194     4.0500     0.3423     0.2130     0.0846 2.8595e-01    10.8943      4.679      6.786    11.9611 0.0000e+00
      4.779      0.031     3.6077     34.219     57.081  42.155281     4.0500     0.3499     0.2130     0.0846 2.3226e-01    10.7891      4.687      6.797    11.9440 0.0000e+00
      4.787      0.030     3.6410     33.993     57.081  42.152177     4.1400     0.3346     0.2130     0.1269 2.9229e-01    10.8192      4.694      6.808    11.9338 0.0000e+00
      4.794      0.028     3.6673     33.513     57.089  42.155017     4.1400     0.3499     0.2130     0.1269 2.4952e-01    10.7290      4.701      6.818    11.9288 0.0000e+00
      4.801      0.027     3.6884     32.936     57.105  42.164559     4.1400     0.3537     0.2130     0.1269 2.4806e-01    10.7590      4.708      6.828    11.9259 0.0000e+00
      4.808      0.026     3.6937     32.410     57.121  42.175423     4.1400     0.3461     0.2130     0.1269 2.3551e-01    10.8342      4.715      6.839    11.9229 0.0000e+00
      4.815      0.024     3.6696     32.049     57.127  42.182580     4.0500     0.3499     0.2130     0.2115 2.4898e-01    10.7290      4.722      6.848    11.9199 0.0000e+00
      4.821      0.023     3.6180     31.917     57.130  42.191901     4.0500     0.3308     0.2130     0.2115 2.3772e-01    10.8342      4.727      6.857    11.9173 0.0000e+00
      4.826      0.021     3.5558     32.041     57.131  42.203890     4.0500     0.3308     0.2130     0.2115 2.5567e-01    10.8492      4.733      6.864    11.9153 0.0000e+00
      4.831      0.019     3.4991     32.395     57.122  42.211839     4.0500     0.3346     0.2130     0.2115 2.2598e-01    10.7290      4.738      6.871    11.9148 0.0000e+00
      4.835      0.018     3.4600     32.861     57.112  42.219850     4.0500     0.3499     0.2130     0.1692 2.7956e-01    10.7741      4.742      6.878    11.9170 0.0000e+00
      4.840      0.017     3.4451     33.302     57.105  42.230060     4.0500     0.3385     0.2130     0.1692 2.4920e-01    10.8943      4.746      6.884    11.9232 0.0000e+00
      4.844      0.016     3.4578     33.615     57.093  42.233305     4.0500     0.2851     0.2130     0.1692 2.3803e-01    10.7741      4.750      6.889    11.9333 0.0000e+00
      4.848      0.015     3.4949     33.779     57.081  42.230451     4.0500     0.2660     0.2130     0.1692 2.4027e-01    10.7891      4.754      6.895    11.9459 0.0000e+00
      4.852      0.015     3.5441     33.829     57.077  42.226681     4.0500     0.2660     0.2130     0.1692 2.3236e-01    10.7290      4.758      6.900    11.9596 0.0000e+00
      4.855      0.015     3.5906     33.815     57.079  42.224950     4.0500     0.3003     0.2130     0.2961 2.0740e-01    10.7139      4.761      6.906    11.9730 0.0000e+00
      4.859      0.015     3.6234     33.748     57.088  42.228761     4.0500     0.3423     0.2130     0.2961 2.0427e-01    10.7290      4.765      6.911    11.9839 0.0000e+00
      4.863      0.015     3.6407     33.589     57.098  42.235166     4.0500     0.3346     0.2130     0.2961 2.3751e-01    10.8342      4.768      6.916    11.9891 0.0000e+00
      4.866      0.016     3.6462     33.334     57.102  42.237948     4.0500     0.3461     0.2130     0.2961 2.2613e-01    10.8192      4.772      6.922    11.9885 0.0000e+00
      4.870      0.017     3.6449     32.990     57.096  42.231907     4.1400     0.3461     0.2130     0.1269 2.5313e-01    10.6839      4.776      6.927    11.9855 0.0000e+00
      4.875      0.019     3.6379     32.558     57.085  42.219393     4.1400     0.2584     0.2130     0.1269 2.2890e-01    11.0296      4.780      6.934    11.9832 0.0000e+00
      4.880      0.021     3.6208     32.028     57.074  42.204995     4.1400     0.2584     0.2130     0.1269 2.2277e-01    11.0296      4.785      6.941    11.9823 0.0000e+00
      4.885      0.022     3.5934     31.407     57.069  42.194778     4.1400     0.3003     0.2130     0.1269 2.3876e-01    11.0296      4.791      6.948    11.9818 0.0000e+00
      4.891      0.024     3.5563     30.819     57.076  42.193942     4.1400     0.2660     0.1704     0.1692 2.1926e-01    10.9695      4.796      6.957    11.9803 0.0000e+00
      4.898      0.027     3.5101     30.429     57.085  42.194339     4.1400     0.2736     0.1704     0.1692 2.1135e-01    10.7290      4.803      6.966    11.9765 0.0000e+00
      4.905      0.029     3.4533     30.362     57.092  42.192113     4.1400     0.2507     0.1704     0.1692 2.1067e-01    10.7741      4.810      6.976    11.9709 0.0000e+00
      4.912      0.031     3.3869     30.639     57.099  42.188651     4.1400     0.2851     0.1704     0.1692 2.2816e-01    10.7891      4.817      6.987    11.9651 0.0000e+00
      4.921      0.032     3.3239     31.163     57.101  42.181049     3.9600     0.2736     0.2130     0.1269 2.2286e-01    10.7891      4.825      6.999    11.9599 0.0000e+00
      4.929      0.034     3.2822     31.774     57.108  42.177184     3.9600     0.2660     0.2130     0.1269 2.4898e-01    10.7891      4.834      7.011    11.9547 0.0000e+00
      4.938      0.035     3.2755     32.363     57.124  42.181970     3.9600     0.2736     0.2130     0.1269 2.0758e-01    10.7440      4.842      7.023    11.9485 0.0000e+00
      4.947      0.035     3.3059     32.901     57.135  42.184796     3.9600     0.3118     0.2130     0.1269 2.1080e-01    10.7290      4.851      7.036    11.9409 0.0000e+00
      4.956      0.036     3.3631     33.320     57.137  42.182451     3.9600     0.2545     0.2130     0.1269 2.3393e-01    10.7741      4.860      7.049    11.9326 0.0000e+00
      4.966      0.036     3.4297     33.565     57.135  42.178274     4.0500     0.3423     0.2130     0.2538 2.0223e-01    11.0296      4.869      7.062    11.9250 0.0000e+00
      4.975      0.037     3.4937     33.633     57.131  42.171151     4.0500     0.3423     0.2130     0.2538 2.1251e-01    11.0446      4.878      7.076    11.9188 0.0000e+00
      4.984      0.038     3.5521     33.545     57.130  42.163144     4.0500     0.3194     0.2130     0.2538 1.9528e-01    11.0296      4.888      7.089    11.9143 0.0000e+00
      4.994      0.040     3.5976     33.404     57.140  42.156080     4.0500     0.3346     0.2130     0.2538 2.0413e-01    11.0296      4.897      7.103    11.9111 0.0000e+00
      5.004      0.042     3.6243     33.309     57.158  42.148077     4.0500     0.2736     0.1704     0.2538 1.9866e-01    10.9995      4.907      7.117    11.9085 0.0000e+00
      5.015      0.045     3.6319     33.260     57.179  42.140961     4.0500     0.2927     0.1704     0.2538 1.6038e-01    11.0296      4.918      7.133    11.9049 0.0000e+00
      5.027      0.047     3.6229     33.254     57.201  42.136794     4.0500     0.2774     0.1704     0.2538 2.0197e-01    10.9995      4.929      7.150    11.8982 0.0000e+00
      5.039      0.049     3.6088     33.335     57.220  42.134466     4.0500     0.2736     0.1704     0.2538 1.9313e-01    10.9995      4.942      7.168    11.8857 0.0000e+00
