Data/DataNotYetUploadedToEDI/Raw_CTD/RawDownloads/090523_fcr50_S7809002.cnv
* Sea-Bird SBE19plus  Data File:
* FileName = C:\R\Reservoirs\Data\DataNotYetUploadedToEDI\Raw_CTD\RawDownloads\090523_bvr50_S7809_0002.hex
* Software version 2.8.0.119
* Temperature SN = 7809
* Conductivity SN = 7809
* System UpLoad Time = Sep 06 2023 10:53:54
* <ApplicationData>
* <Seaterm232>
# nquan = 15
# nvalues = 1314                        
# units = specified
# name 0 = depFM: Depth [fresh water, m]
# name 1 = dz/dtM: Descent Rate [m/s]
# name 2 = sbeox0Mg/L: Oxygen, SBE 43 [mg/l]
# name 3 = sbeox0PS: Oxygen, SBE 43 [% saturation]
# name 4 = specc: Specific Conductance [uS/cm]
# name 5 = c0uS/cm: Conductivity [uS/cm]
# name 6 = flECO-AFL: Fluorescence, WET Labs ECO-AFL/FL [mg/m^3]
# name 7 = ph: pH
# name 8 = orp: Oxidation Reduction Potential [mV]
# name 9 = par/sat/log: PAR/Logarithmic, Satlantic
# name 10 = turbWETntu0: Turbidity, WET Labs ECO [NTU]
# name 11 = prdM: Pressure, Strain Gauge [db]
# name 12 = prdE: Pressure, Strain Gauge [psi]
# name 13 = tv290C: Temperature [ITS-90, deg C]
# name 14 = flag:  0.000e+00
# span 0 =     -0.620,      9.065       
# span 1 =     -0.354,      0.135       
# span 2 =     0.1166,     9.6203       
# span 3 =      1.106,    114.214       
# span 4 =     18.027,     60.301       
# span 5 =  18.529654,  48.727614       
# span 6 =    -0.1105,    83.0116       
# span 7 =      6.208,      8.551       
# span 8 =   160.0003,   273.8829       
# span 9 = 1.2322e-01, 2.0700e+03       
# span 10 =    -0.4699,    14.9160      
# span 11 =     -0.612,      8.890      
# span 12 =     -0.887,     12.894      
# span 13 =    11.7757,    29.8486      
# span 14 = 0.0000e+00, 0.0000e+00      
# interval = seconds: 0.25
# start_time = Sep 05 2023 13:20:21 [Instrument's time stamp, header]
# bad_flag = -9.990e-29
*END*
[from data line 290]
      0.609      0.017     8.5283    105.156     44.005  44.331989     2.2682      7.793   211.0777 5.5566e+02     5.6999      0.598      0.867    25.3676 0.0000e+00
      0.611      0.010     8.5436    105.314     43.985  44.313674     2.2705      7.794   210.6181 6.0783e+02     5.6835      0.600      0.869    25.3561 0.0000e+00
      0.611      0.005     8.5706    105.282     44.009  44.330728     2.2931      7.795   210.7765 6.1419e+02     5.5824      0.600      0.870    25.3510 0.0000e+00
      0.610      0.001     8.6067    105.115     44.036  44.347751     2.3087      7.798   211.6168 5.6150e+02     5.5014      0.598      0.867    25.3551 0.0000e+00
      0.608      0.003     8.6348    104.908     44.026  44.329046     2.3009      7.801   212.0878 5.2322e+02     5.4216      0.596      0.864    25.3677 0.0000e+00
      0.607      0.010     8.6474    104.744     43.998  44.294989     2.2819      7.801   212.0838 5.2587e+02     5.4721      0.596      0.864    25.3720 0.0000e+00
      0.607      0.021     8.6451    104.663     43.967  44.253337     2.2627      7.801   211.9123 5.3816e+02     5.7025      0.593      0.862    25.3610 0.0000e+00
      0.610      0.036     8.6300    104.627     43.944  44.206276     2.2521      7.802   211.8214 5.2508e+02     5.8168      0.594      0.861    25.3468 0.0000e+00
      0.621      0.051     8.6128    104.611     43.948  44.170272     2.2536      7.803   212.1028 4.9392e+02     5.7940      0.606      0.879    25.3370 0.0000e+00
      0.640      0.066     8.5977    104.694     43.960  44.135328     2.2887      7.803   212.4763 4.7458e+02     5.8709      0.627      0.909    25.3314 0.0000e+00
      0.662      0.079     8.5944    105.036     43.970  44.101066     2.3600      7.803   212.5509 4.6720e+02     6.0642      0.649      0.941    25.3268 0.0000e+00
      0.687      0.089     8.5969    105.769     43.976  44.073335     2.4161      7.802   212.4020 4.6253e+02     6.1834      0.674      0.978    25.3008 0.0000e+00
      0.710      0.095     8.6009    106.854     43.986  44.053884     2.4350      7.802   212.0522 4.5903e+02     6.1853      0.697      1.010    25.2500 0.0000e+00
      0.733      0.096     8.6125    108.137     44.021  44.056268     2.4304      7.803   211.5919 4.4272e+02     6.1548      0.717      1.040    25.1910 0.0000e+00
      0.759      0.095     8.6426    109.460     44.035  44.038624     2.4527      7.804   211.4823 4.2852e+02     6.0553      0.744      1.079    25.1385 0.0000e+00
      0.787      0.093     8.7117    110.722     43.988  43.967461     2.5295      7.806   211.6729 4.3023e+02     5.9719      0.774      1.122    25.1025 0.0000e+00
      0.812      0.088     8.8106    111.882     43.942  43.894028     2.5931      7.809   211.6595 4.2330e+02     6.0005      0.797      1.157    25.0742 0.0000e+00
      0.833      0.082     8.9277    112.841     43.937  43.848935     2.6146      7.812   210.8907 4.0131e+02     6.0245      0.817      1.185    25.0344 0.0000e+00
      0.852      0.075     9.0477    113.483     43.934  43.803031     2.6395      7.814   209.8631 3.8606e+02     6.0236      0.836      1.212    24.9917 0.0000e+00
      0.869      0.069     9.1542    113.860     43.893  43.719784     2.6774      7.817   209.6459 3.8207e+02     6.0578      0.854      1.239    24.9726 0.0000e+00
      0.884      0.066     9.2574    114.097     43.826  43.604029     2.6987      7.820   210.0713 3.8032e+02     6.1302      0.868      1.258    24.9487 0.0000e+00
      0.899      0.067     9.3521    114.214     43.757  43.482420     2.7050      7.823   210.5313 3.8039e+02     6.1822      0.880      1.276    24.8939 0.0000e+00
      0.915      0.070     9.4119    114.190     43.722  43.391872     2.7110      7.826   210.3906 3.7182e+02     6.1737      0.897      1.302    24.8420 0.0000e+00
      0.931      0.074     9.4436    113.978     43.733  43.334292     2.7057      7.830   209.7463 3.5487e+02     6.1643      0.914      1.325    24.8010 0.0000e+00
      0.951      0.076     9.4757    113.519     43.773  43.293903     2.6911      7.834   209.4524 3.4330e+02     6.1714      0.931      1.350    24.7428 0.0000e+00
      0.975      0.076     9.4962    112.870     43.838  43.284248     2.6924      7.837   209.5042 3.3294e+02     6.1912      0.955      1.387    24.6791 0.0000e+00
      0.999      0.074     9.5048    112.227     43.825  43.217439     2.6884      7.841   209.5124 3.2307e+02     6.1298      0.982      1.425    24.6247 0.0000e+00
      1.018      0.072     9.5045    111.830     43.723  43.057297     2.6678      7.847   209.4659 3.1787e+02     5.9756      1.002      1.452    24.5470 0.0000e+00
      1.032      0.070     9.4821    111.715     43.697  42.934708     2.6592      7.852   209.3715 3.1135e+02     5.8990      1.012      1.467    24.4430 0.0000e+00
      1.046      0.069     9.4394    111.718     43.755  42.877582     2.6513      7.855   209.1457 3.0250e+02     5.8869      1.023      1.484    24.3484 0.0000e+00
      1.062      0.069     9.3838    111.808     43.784  42.810716     2.6891      7.858   208.9731 2.9616e+02     6.0330      1.040      1.508    24.3011 0.0000e+00
      1.082      0.069     9.3569    112.083     43.739  42.697346     2.7823      7.863   209.0915 2.8944e+02     6.3339      1.059      1.537    24.2559 0.0000e+00
      1.104      0.070     9.3788    112.538     43.681  42.585737     2.8378      7.868   209.2862 2.7931e+02     6.4844      1.081      1.569    24.1289 0.0000e+00
      1.124      0.070     9.4058    113.016     43.691  42.540190     2.8440      7.873   209.3478 2.7247e+02     6.4879      1.106      1.603    23.9785 0.0000e+00
      1.139      0.069     9.4263    113.296     43.733  42.527382     2.8580      7.877   209.4068 2.6819e+02     6.5463      1.120      1.623    23.8710 0.0000e+00
      1.152      0.067     9.4630    113.208     43.744  42.494264     2.9321      7.880   209.4828 2.6343e+02     6.6779      1.127      1.635    23.7988 0.0000e+00
      1.167      0.066     9.5168    112.700     43.733  42.457049     3.0322      7.885   209.4067 2.5825e+02     6.7127      1.143      1.658    23.7420 0.0000e+00
      1.187      0.066     9.5759    111.794     43.744  42.458209     3.0787      7.891   209.3464 2.5125e+02     6.6590      1.165      1.689    23.6779 0.0000e+00
      1.206      0.067     9.6173    110.635     43.734  42.444804     3.0778      7.898   209.5287 2.4530e+02     6.6440      1.184      1.718    23.6127 0.0000e+00
      1.223      0.068     9.6203    109.473     43.659  42.358438     3.0628      7.903   209.6317 2.4032e+02     6.6683      1.200      1.740    23.5570 0.0000e+00
      1.238      0.067     9.5825    108.432     43.569  42.239048     3.0551      7.908   209.5590 2.3546e+02     6.7139      1.214      1.760    23.5271 0.0000e+00
      1.255      0.066     9.5031    107.499     43.517  42.143680     3.0676      7.914   209.5962 2.3001e+02     6.7170      1.230      1.784    23.5238 0.0000e+00
      1.273      0.066     9.3930    106.593     43.513  42.093862     3.0816      7.919   209.8228 2.2317e+02     6.7050      1.248      1.811    23.5248 0.0000e+00
      1.290      0.065     9.2941    105.606     43.543  42.080919     3.0903      7.923   210.0624 2.1742e+02     6.7052      1.266      1.835    23.5152 0.0000e+00
      1.307      0.064     9.2133    104.490     43.613  42.114065     3.1069      7.927   210.0835 2.1328e+02     6.6852      1.281      1.858    23.4754 0.0000e+00
      1.323      0.061     9.1461    103.275     43.699  42.177232     3.1236      7.929   209.9923 2.0968e+02     6.7031      1.298      1.883    23.4149 0.0000e+00
      1.339      0.057     9.0836    102.064     43.732  42.209941     3.1421      7.929   209.9064 2.0602e+02     6.7509      1.314      1.905    23.3612 0.0000e+00
      1.353      0.056     9.0076    100.944     43.697  42.192196     3.2723      7.929   209.8198 2.0226e+02     7.1257      1.328      1.926    23.3134 0.0000e+00
      1.365      0.056     8.9203    100.044     43.641  42.153119     3.5003      7.926   209.8053 1.9865e+02     7.8536      1.339      1.943    23.2715 0.0000e+00
      1.377      0.057     8.8155     99.529     43.603  42.118307     3.6179      7.922   209.8173 1.9528e+02     8.2412      1.351      1.960    23.2446 0.0000e+00
      1.391      0.058     8.7108     99.411     43.583  42.088622     3.6366      7.920   209.7058 1.9133e+02     8.2942      1.363      1.978    23.2455 0.0000e+00
      1.408      0.059     8.6076     99.513     43.560  42.048063     3.6684      7.917   209.6628 1.8623e+02     8.3576      1.380      2.001    23.2740 0.0000e+00
      1.426      0.061     8.5191     99.562     43.552  42.008702     3.7029      7.914   209.8132 1.8094e+02     8.3588      1.400      2.030    23.2966 0.0000e+00
      1.442      0.061     8.4759     99.351     43.577  41.993487     3.7124      7.911   210.1485 1.7681e+02     8.3087      1.416      2.053    23.2951 0.0000e+00
      1.456      0.061     8.4731     98.783     43.612  41.990973     3.7081      7.909   210.7913 1.7331e+02     8.2987      1.427      2.070    23.2823 0.0000e+00
      1.471      0.060     8.4947     97.761     43.624  41.978253     3.8016      7.908   211.5626 1.6890e+02     8.7832      1.441      2.091    23.2643 0.0000e+00
      1.487      0.058     8.5114     96.204     43.626  41.966600     3.9936      7.908   212.4184 1.6452e+02     9.6931      1.459      2.116    23.2278 0.0000e+00
      1.503      0.056     8.5027     94.136     43.643  41.976995     4.1070      7.907   213.4815 1.6094e+02    10.1461      1.474      2.138    23.1748 0.0000e+00
      1.517      0.055     8.4651     91.751     43.649  41.976985     4.1150      7.904   214.5221 1.5766e+02    10.1608      1.488      2.158    23.1304 0.0000e+00
      1.530      0.054     8.3844     89.346     43.655  41.966478     4.1072      7.899   215.1908 1.5440e+02    10.1776      1.500      2.176    23.1052 0.0000e+00
      1.542      0.052     8.2537     87.162     43.693  41.976868     4.1711      7.894   215.5439 1.5092e+02    10.3158      1.512      2.194    23.0893 0.0000e+00
      1.555      0.049     8.0716     85.288     43.718  41.975633     4.2971      7.890   215.9530 1.4734e+02    10.5337      1.524      2.212    23.0852 0.0000e+00
      1.569      0.045     7.8554     83.561     43.708  41.951507     4.3571      7.887   216.6950 1.4377e+02    10.6594      1.538      2.231    23.0862 0.0000e+00
      1.582      0.043     7.6470     81.826     43.702  41.939015     4.3471      7.884   217.4601 1.4099e+02    10.7090      1.554      2.253    23.0652 0.0000e+00
      1.592      0.041     7.4588     80.209     43.718  41.951519     4.3340      7.881   217.8911 1.3865e+02    10.7229      1.562      2.265    23.0290 0.0000e+00
      1.599      0.039     7.3106     78.918     43.751  41.975754     4.3404      7.878   218.2058 1.3620e+02    10.7589      1.568      2.274    22.9972 0.0000e+00
      1.608      0.038     7.1737     78.076     43.763  41.978149     4.3575      7.875   218.5120 1.3350e+02    10.7691      1.575      2.285    22.9804 0.0000e+00
      1.618      0.041     7.0170     77.646     43.779  41.980469     4.3670      7.870   219.0988 1.3073e+02    10.7093      1.586      2.302    22.9762 0.0000e+00
      1.628      0.046     6.8725     77.458     43.825  42.003781     4.3967      7.865   220.0520 1.2837e+02    10.7189      1.597      2.316    22.9763 0.0000e+00
      1.638      0.052     6.7580     77.309     43.860  42.006114     4.4498      7.861   220.9160 1.2550e+02    10.8174      1.604      2.327    22.9670 0.0000e+00
      1.651      0.058     6.6886     76.924     43.903  42.008627     4.4847      7.856   221.5441 1.2193e+02    10.9094      1.618      2.347    22.9551 0.0000e+00
      1.668      0.063     6.6598     75.945     43.976  42.034117     4.5519      7.851   221.8818 1.1797e+02    10.9090      1.635      2.371    22.9453 0.0000e+00
      1.687      0.066     6.6510     74.009     44.050  42.060362     5.1463      7.846   222.0748 1.1381e+02    10.7449      1.654      2.399    22.9205 0.0000e+00
      1.707      0.066     6.6520     70.999     44.100  42.072013     6.2114      7.844   222.5010 1.0967e+02    10.4966      1.673      2.427    22.8840 0.0000e+00
      1.727      0.063     6.6347     67.108     44.094  42.048001     6.7932      7.842   223.1620 1.0580e+02    10.3662      1.694      2.457    22.8382 0.0000e+00
      1.743      0.059     6.5703     62.703     44.076  42.023884     6.8790      7.839   223.7856 1.0297e+02    10.3982      1.711      2.482    22.7885 0.0000e+00
      1.754      0.055     6.4159     58.428     44.095  42.034281     7.1904      7.836   224.2762 1.0104e+02    10.3365      1.721      2.496    22.7326 0.0000e+00
      1.764      0.052     6.1506     54.898     44.130  42.046770     7.7535      7.832   224.5341 9.8998e+01    10.0985      1.729      2.507    22.6865 0.0000e+00
      1.776      0.049     5.8116     52.274     44.172  42.047911     8.0614      7.828   224.7530 9.6343e+01     9.9456      1.740      2.524    22.6703 0.0000e+00
      1.790      0.047     5.4082     50.335     44.218  42.048021     8.0751      7.824   225.2889 9.3518e+01     9.8890      1.755      2.546    22.6670 0.0000e+00
      1.805      0.045     5.0156     48.630     44.255  42.048046     8.0695      7.820   225.9374 9.0983e+01     9.8574      1.771      2.569    22.6633 0.0000e+00
      1.817      0.045     4.7120     46.746     44.281  42.048154     8.1598      7.818   226.6572 8.9041e+01     9.6658      1.784      2.588    22.6436 0.0000e+00
      1.826      0.046     4.4953     44.595     44.306  42.049303     8.3254      7.815   227.3663 8.7633e+01     9.2460      1.791      2.599    22.5935 0.0000e+00
      1.834      0.049     4.3487     42.324     44.357  42.061898     8.4077      7.811   227.5418 8.5899e+01     8.9830      1.797      2.606    22.5338 0.0000e+00
      1.844      0.053     4.2198     40.081     44.430  42.073448     8.3883      7.806   227.3168 8.3284e+01     8.9124      1.805      2.619    22.4969 0.0000e+00
      1.859      0.058     4.0596     37.833     44.485  42.061939     8.0836      7.802   227.3131 8.0048e+01     8.6319      1.822      2.642    22.4726 0.0000e+00
      1.878      0.061     3.8679     35.323     44.524  42.049593     7.5198      7.800   227.6687 7.6829e+01     8.1189      1.842      2.672    22.4533 0.0000e+00
      1.898      0.062     3.6689     32.373     44.552  42.051038     7.2065      7.798   228.0897 7.3690e+01     7.7999      1.860      2.699    22.4194 0.0000e+00
      1.917      0.060     3.4774     29.059     44.600  42.079376     7.1584      7.795   228.1868 7.1131e+01     7.7115      1.882      2.729    22.3460 0.0000e+00
      1.931      0.058     3.3003     25.816     44.686  42.138329     7.0046      7.792   228.0688 6.9645e+01     7.4608      1.895      2.750    22.2628 0.0000e+00
      1.941      0.056     3.0909     23.227     44.779  42.192575     6.7291      7.790   228.2975 6.8347e+01     7.0226      1.901      2.759    22.2037 0.0000e+00
      1.951      0.055     2.8330     21.416     44.864  42.227464     6.5822      7.786   228.8013 6.6729e+01     6.7516      1.911      2.773    22.1852 0.0000e+00
      1.964      0.055     2.5340     20.126     44.935  42.242752     6.5512      7.782   229.0838 6.4651e+01     6.6433      1.925      2.791    22.1741 0.0000e+00
      1.982      0.056     2.2237     19.026     45.002  42.250402     6.4290      7.778   229.0461 6.2420e+01     6.4655      1.944      2.819    22.1458 0.0000e+00
      1.999      0.056     2.0007     17.832     45.071  42.256417     6.2445      7.776   228.8615 6.0671e+01     6.2754      1.963      2.847    22.1127 0.0000e+00
