Data/DataNotYetUploadedToEDI/Raw_CTD/RawDownloads/090825_fcr50_S7809001.cnv
* Sea-Bird SBE19plus  Data File:
* FileName = C:\R\Reservoirs\Data\DataNotYetUploadedToEDI\Raw_CTD\RawDownloads\090825_fcr50_S7809_0001.hex
* Software version 2.8.0.119
* Temperature SN = 7809
* Conductivity SN = 7809
* System UpLoad Time = Sep 16 2025 17:26:29
* <ApplicationData>
* <Seaterm232>
# nquan = 15
# nvalues = 2899                        
# units = specified
# name 0 = depFM: Depth [fresh water, m]
# name 1 = dz/dtM: Descent Rate [m/s]
# name 2 = sbeox0Mg/L: Oxygen, SBE 43 [mg/l]
# name 3 = sbeox0PS: Oxygen, SBE 43 [% saturation]
# name 4 = specc: Specific Conductance [uS/cm]
# name 5 = c0uS/cm: Conductivity [uS/cm]
# name 6 = flECO-AFL: Fluorescence, WET Labs ECO-AFL/FL [mg/m^3]
# name 7 = ph: pH
# name 8 = orp: Oxidation Reduction Potential [mV]
# name 9 = par/sat/log: PAR/Logarithmic, Satlantic
# name 10 = turbWETntu0: Turbidity, WET Labs ECO [NTU]
# name 11 = prdM: Pressure, Strain Gauge [db]
# name 12 = prdE: Pressure, Strain Gauge [psi]
# name 13 = tv290C: Temperature [ITS-90, deg C]
# name 14 = flag:  0.000e+00
# span 0 =     -0.570,      9.695       
# span 1 =     -0.445,      4.743       
# span 2 =    -0.3245,     9.9145       
# span 3 =     -2.953,    110.013       
# span 4 =      1.309,    285.007       
# span 5 =   1.067297, 213.027177       
# span 6 =    -0.8423,    39.5766       
# span 7 =     -2.364,     10.703       
# span 8 = -1240.7455,   865.7640       
# span 9 = 1.2364e-01, 1.6580e+03       
# span 10 =    -1.2641,   282.0218      
# span 11 =     -0.559,      9.508      
# span 12 =     -0.811,     13.792      
# span 13 =    12.3642,    20.8510      
# span 14 = 0.0000e+00, 0.0000e+00      
# interval = seconds: 0.25
# start_time = Sep 08 2025 09:45:05 [Instrument's time stamp, header]
# bad_flag = -9.990e-29
*END*
     -0.569 3.7891e-50     8.9082     90.877      1.657   1.351560    -0.0077      6.699 -1240.7455 1.1871e+03     3.4646     -0.558     -0.810    15.7787 0.0000e+00
     -0.569 4.1680e-49     8.9204     90.920      1.634   1.332390    -0.0370      6.109 -1240.7455 1.1718e+03     3.3144     -0.558     -0.809    15.7787 0.0000e+00
     -0.569 4.5848e-48     8.9358     90.946      1.629   1.328820    -0.0397      5.679 -1240.7455 1.1753e+03     3.2339     -0.558     -0.809    15.7789 0.0000e+00
     -0.569 5.0433e-47     8.9487     90.992      1.604   1.308404    -0.1076      5.914 -1240.7455 1.1939e+03     2.9347     -0.558     -0.809    15.7789 0.0000e+00
     -0.569 5.5476e-46     8.9657     91.036      1.564   1.275567    -0.2836      6.366 -1240.7455 9.7628e+02     2.2588     -0.558     -0.810    15.7788 0.0000e+00
     -0.570 6.1024e-45     8.9805     91.071      1.531   1.248501    -0.3860      6.611 -1240.7455 4.8486e+02     1.9275     -0.559     -0.810    15.7788 0.0000e+00
     -0.570 6.7126e-44     8.9939     91.113      1.513   1.234514    -0.3552      6.666 -1240.7455 1.5906e+02     2.0374     -0.559     -0.810    15.7788 0.0000e+00
     -0.570 7.3839e-43     9.0031     91.172      1.512   1.233140    -0.2532      6.571 -1240.7455 9.4831e+01     1.9146     -0.559     -0.810    15.7789 0.0000e+00
     -0.570 8.1223e-42     9.0144     91.222      1.510   1.231881    -0.1187      6.424 -1240.7455 8.8154e+01     1.4667     -0.558     -0.810    15.7790 0.0000e+00
     -0.570 8.9345e-41     9.0171     91.248      1.495   1.219295    -0.0520      6.329 -1240.7455 1.1540e+02     1.1656     -0.559     -0.811    15.7793 0.0000e+00
     -0.569 9.8280e-40     9.0162     91.275      1.481   1.207653    -0.0378      6.199 -1240.7455 4.9337e+02     1.1433     -0.558     -0.809    15.7797 0.0000e+00
     -0.569 1.0811e-38     9.0244     91.310      1.493   1.217800    -0.0133      5.902 -1240.7455 1.0968e+03     1.1287     -0.558     -0.809    15.7799 0.0000e+00
     -0.570 1.1892e-37     9.0275     91.339      1.490   1.215298    -0.0143      5.541 -1240.7455 1.0310e+03     0.9895     -0.559     -0.810    15.7800 0.0000e+00
     -0.570 1.3081e-36     9.0309     91.355      1.443   1.177396    -0.0155      5.234 -1240.7455 4.7016e+02     0.9288     -0.559     -0.810    15.7800 0.0000e+00
     -0.570 1.4389e-35     9.0339     91.371      1.397   1.139588     0.0046      4.895 -1240.7455 5.7019e+02     1.0447     -0.558     -0.810    15.7801 0.0000e+00
     -0.570 1.5828e-34     9.0414     91.390      1.395   1.138218    -0.0039      4.454 -1240.7455 1.2427e+03     1.1260     -0.559     -0.810    15.7801 0.0000e+00
     -0.570 1.7411e-33     9.0476     91.409      1.423   1.160826    -0.0270      4.087 -1240.7455 1.2375e+03     1.1605     -0.559     -0.810    15.7800 0.0000e+00
     -0.570 1.9152e-32     9.0474     91.440      1.422   1.159569    -0.0173      3.979 -1240.7455 5.3821e+02     1.2907     -0.559     -0.810    15.7802 0.0000e+00
     -0.570 2.1067e-31     9.0512     91.470      1.377   1.123028     0.0055      3.993 -1240.7455 1.4474e+02     1.4025     -0.558     -0.810    15.7803 0.0000e+00
     -0.570 2.3174e-30     9.0545     91.497      1.347   1.099061    -0.0089      3.755 -1240.7455 1.1528e+02     1.3502     -0.559     -0.810    15.7803 0.0000e+00
     -0.569 2.5491e-29     9.0586     91.528      1.377   1.123151    -0.0338      3.080 -1240.7455 1.2558e+02     1.3084     -0.558     -0.810    15.7803 0.0000e+00
     -0.569 2.8040e-28     9.0589     91.551      1.423   1.160928    -0.0199      2.265 -1240.7455 1.9245e+02     1.4431     -0.558     -0.810    15.7803 0.0000e+00
     -0.569 3.0844e-27     9.0603     91.573      1.441   1.175765    -0.0083      1.675 -1240.7455 3.9715e+02     1.5103     -0.558     -0.810    15.7803 0.0000e+00
     -0.569 3.3929e-26     9.0633     91.595      1.441   1.175868    -0.0264      1.314 -1240.7455 7.9677e+02     1.4031     -0.559     -0.810    15.7804 0.0000e+00
     -0.569 3.7322e-25     9.0629     91.606      1.424   1.162171    -0.0468      0.990 -1240.7455 9.2541e+02     1.3429     -0.558     -0.809    15.7803 0.0000e+00
     -0.569 4.1054e-24     9.0682     91.621      1.393   1.136836    -0.0385      0.590 -1240.7455 5.2110e+02     1.3966     -0.559     -0.810    15.7803 0.0000e+00
     -0.569 4.5159e-23     9.0708     91.636      1.376   1.122912    -0.0093      0.115 -1240.7455 4.5544e+02     1.5061     -0.558     -0.810    15.7803 0.0000e+00
     -0.569 4.9675e-22     9.0723     91.643      1.373   1.120504    -0.0178     -0.370 -1240.7455 1.0041e+03     1.5057     -0.559     -0.810    15.7803 0.0000e+00
     -0.569 5.4643e-21     9.0773     91.660      1.358   1.107722    -0.0590     -0.803 -1240.7455 1.4624e+03     1.4599     -0.558     -0.810    15.7804 0.0000e+00
     -0.570 6.0107e-20     9.0781     91.675      1.342   1.095042    -0.0915     -1.171 -1240.7455 1.6224e+03     1.5666     -0.559     -0.810    15.7803 0.0000e+00
     -0.570 6.6118e-19     9.0804     91.681      1.341   1.093880    -0.1190     -1.448 -1240.7455 1.6580e+03     1.6015     -0.559     -0.810    15.7803 0.0000e+00
     -0.569 7.2729e-18     9.0841     91.701      1.341   1.093670    -0.1496     -1.625 -1240.7455 1.3371e+03     1.4717     -0.558     -0.810    15.7803 0.0000e+00
     -0.569 8.0002e-17     9.0830     91.731      1.339   1.092510    -0.1294     -1.765 -1240.7455 9.2556e+02     1.3982     -0.558     -0.810    15.7803 0.0000e+00
     -0.569 8.8003e-16     9.0855     91.738      1.324   1.079852    -0.0492     -1.933 -1240.7455 1.1342e+03     1.3272     -0.558     -0.810    15.7805 0.0000e+00
     -0.569 9.6803e-15     9.0878     91.737      1.309   1.067297    -0.0208     -2.132 -1240.7455 1.5186e+03     1.1939     -0.558     -0.809    15.7806 0.0000e+00
     -0.569 1.0648e-13     9.0862     91.759      1.309   1.067401    -0.0442     -2.293 -1240.7455 1.5890e+03     1.1867     -0.559     -0.810    15.7805 0.0000e+00
     -0.569 1.1713e-12     9.0897     91.794      1.326   1.081107    -0.0407     -2.357 -1240.7455 1.5844e+03     1.2059     -0.558     -0.810    15.7806 0.0000e+00
     -0.569 1.2884e-11     9.0915     91.808      1.357   1.106330     0.0213     -2.364 -1240.7455 1.6236e+03     0.7433     -0.557     -0.808    15.7806 0.0000e+00
     -0.569 1.4173e-10     9.0907     91.806      1.372   1.119008     0.1063     -2.357 -1240.7455 1.6511e+03    -0.1367     -0.558     -0.809    15.7806 0.0000e+00
     -0.569 1.5590e-09     9.0923     91.827      1.358   1.107710     0.1307     -2.264 -1240.7455 1.5822e+03    -0.6898     -0.558     -0.810    15.7805 0.0000e+00
     -0.569 1.7149e-08     9.0978     91.866      1.344   1.096412     0.1329     -1.244 -1240.7455 1.1730e+03    -0.6150     -0.558     -0.809    15.7806 0.0000e+00
     -0.569 1.8864e-07     9.0975     91.892      1.360   1.109082     0.1241      1.172 -1240.7455 5.1526e+02     0.6992     -0.558     -0.809    15.7806 0.0000e+00
     -0.569 2.1231e-07     9.0955     91.896      1.391   1.134223     0.0657      3.582 -1240.7451 1.5966e+02     2.9028     -0.558     -0.810    15.7804 0.0000e+00
     -0.569 3.0329e-07     9.0984     91.891      1.406   1.147030     0.0182      4.521 -1240.7413 1.0459e+02     4.1319     -0.558     -0.809    15.7803 0.0000e+00
     -0.569      0.000     9.1036     91.893      1.394   1.137250    -0.0012      3.144 -1240.6995 8.3121e+01     4.6297     -0.558     -0.809    15.7802 0.0000e+00
     -0.568      0.000     9.1055     91.898      1.400   1.142650    -0.2106      0.230 -1240.2391 7.5661e+01     8.0331     -0.557     -0.808    15.7802 0.0000e+00
     -0.568      0.000     9.1015     91.894      1.485   1.212323    -0.6236     -1.775 -1235.1749 7.3911e+01    14.1638     -0.557     -0.808    15.7804 0.0000e+00
     -0.568      0.004     9.1056     91.896      2.261   1.852969    -0.8423     -2.204 -1179.4689 7.4265e+01    17.5413     -0.558     -0.809    15.7801 0.0000e+00
     -0.568      0.016     9.1099     91.894      6.984   5.784798    -0.7908     -1.164  -566.7024 7.6527e+01    17.7508     -0.557     -0.808    15.7809 0.0000e+00
     -0.568      0.037     9.1136     91.835     18.545  15.550798    -0.2918      1.372   535.1496 8.1657e+01    15.2282     -0.558     -0.809    15.7799 0.0000e+00
     -0.568      0.065     9.1127     91.755     31.961  27.143869     0.5805      3.931   865.7640 1.1194e+02    10.3718     -0.557     -0.808    15.7813 0.0000e+00
     -0.568      0.098     9.1118     91.697     39.433  33.925459     1.0501      5.531   402.4041 3.9849e+02     7.7094     -0.557     -0.808    15.7791 0.0000e+00
     -0.568      0.133     9.1117     91.695     40.777  35.520181     1.1073      6.427   126.8082 8.7837e+02     7.5304     -0.557     -0.809    15.7831 0.0000e+00
     -0.568      0.164     9.1139     91.807     40.185  35.387538     1.1556      6.917   100.8833 8.9931e+02     7.5577     -0.556     -0.807    15.7774 0.0000e+00
     -0.566      0.184     9.1113     91.898     39.608  35.177414     1.2012      7.203    94.2824 7.1308e+02     7.4926     -0.558     -0.809    15.7880 0.0000e+00
     -0.552      0.189     9.1124     91.780     39.174  35.010331     1.2092      7.377    89.6732 9.4467e+02     7.4946     -0.551     -0.799    15.7717 0.0000e+00
     -0.518      0.184     9.1018     91.469     38.857  34.890391     1.2026      7.486    86.7972 1.1930e+03     7.5480     -0.512     -0.742    15.8579 0.0000e+00
     -0.472      0.174     8.9784     91.063     38.621  34.806042     1.2133      7.551    86.9546 1.2368e+03     7.4890     -0.462     -0.669    16.4504 0.0000e+00
     -0.422      0.162     8.8089     90.614     38.456  34.752009     1.2472      7.592    89.5975 1.2600e+03     7.4304     -0.418     -0.605    17.3064 0.0000e+00
     -0.365      0.148     8.6792     90.179     38.376  34.744779     1.2956      7.620    91.9943 1.2740e+03     7.4553     -0.361     -0.523    18.0069 0.0000e+00
     -0.305      0.134     8.5697     89.846     38.295  34.718719     1.3331      7.640    91.6704 1.2795e+03     7.5504     -0.294     -0.427    18.5820 0.0000e+00
     -0.256      0.122     8.5035     89.695     38.155  34.627320     1.3504      7.660    91.1025 1.2750e+03     7.6234     -0.246     -0.356    19.0678 0.0000e+00
     -0.221      0.110     8.4580     89.814     38.022  34.527974     1.3892      7.685    92.0974 1.2624e+03     7.6551     -0.216     -0.313    19.4410 0.0000e+00
     -0.190      0.095     8.3993     90.166     37.949  34.469257     1.4522      7.714    93.2889 1.2475e+03     7.7283     -0.189     -0.274    19.7040 0.0000e+00
     -0.155      0.077     8.3334     90.547     37.901  34.424958     1.4716      7.743    94.8391 1.2322e+03     7.7229     -0.154     -0.224    19.9048 0.0000e+00
     -0.117      0.058     8.2683     90.814     37.846  34.373023     1.4731      7.766    96.3871 1.2181e+03     7.7264     -0.114     -0.165    20.0717 0.0000e+00
     -0.082      0.043     8.2064     90.904     37.815  34.348871     1.5124      7.779    97.3791 1.2054e+03     7.7374     -0.077     -0.110    20.1942 0.0000e+00
     -0.053      0.032     8.1502     90.799     37.842  34.386734     1.5561      7.784    98.4875 1.1534e+03     7.5818     -0.050     -0.071    20.2712 0.0000e+00
     -0.032      0.024     8.1101     90.550     37.892  34.450166     1.5596      7.787    99.5498 1.1181e+03     7.4158     -0.031     -0.044    20.3289 0.0000e+00
     -0.017      0.019     8.0839     90.232     37.909  34.481394     1.5386      7.790    99.7258 1.0964e+03     7.3021     -0.015     -0.022    20.3794 0.0000e+00
     -0.007      0.015     8.0891     89.978     37.933  34.510544     1.5521      7.795    98.8953 9.0740e+02     7.3004     -0.006     -0.009    20.4078 0.0000e+00
     -0.001      0.012     8.1315     90.289     37.971  34.548839     1.5971      7.801    97.2515 7.3508e+02     7.3959     -0.001     -0.001    20.4140 0.0000e+00
      0.004      0.010     8.1685     91.626     37.981  34.563742     1.6088      7.806    96.0262 8.1418e+02     7.3631      0.005      0.007    20.4102 0.0000e+00
      0.009      0.008     8.1962     93.348     37.971  34.563847     1.5856      7.814    96.3833 9.4487e+02     7.2456      0.009      0.013    20.4050 0.0000e+00
      0.014      0.007     8.2042     94.541     37.942  34.550126     1.5651      7.825    97.6118 9.8078e+02     7.2739      0.014      0.021    20.4079 0.0000e+00
      0.018      0.005     8.1903     95.128     37.901  34.524757     1.5699      7.837    98.5758 9.4752e+02     7.3975      0.020      0.028    20.4262 0.0000e+00
      0.021      0.005     8.1594     95.178     37.876  34.510913     1.6023      7.851    98.4024 9.0700e+02     7.4071      0.022      0.031    20.4561 0.0000e+00
      0.023      0.005     8.1267     94.583     37.866  34.509642     1.6150      7.867    97.4085 9.2638e+02     7.3217      0.022      0.033    20.4785 0.0000e+00
      0.023      0.005     8.0894     93.380     37.858  34.509400     1.5904      7.886    96.8837 9.1272e+02     7.2187      0.022      0.033    20.4861 0.0000e+00
      0.025      0.005     8.0810     91.716     37.848  34.507995     1.5715      7.909    96.7902 8.3282e+02     7.2210      0.025      0.036    20.4880 0.0000e+00
      0.027      0.006     8.2340     89.885     37.823  34.492664     1.5863      7.936    97.0515 8.6725e+02     7.3491      0.027      0.039    20.4933 0.0000e+00
      0.029      0.008     8.4326     88.270     37.772  34.450935     1.6191      7.962    98.3224 9.5515e+02     7.3670      0.028      0.041    20.5073 0.0000e+00
      0.029      0.010     8.5214     86.995     37.700  34.384134     1.6272      7.987    99.9386 9.8486e+02     7.2667      0.029      0.042    20.5258 0.0000e+00
      0.030      0.011     8.5701     85.980     37.631  34.319431     1.6168      8.009   100.3314 9.6274e+02     7.2642      0.029      0.042    20.5422 0.0000e+00
      0.031      0.011     8.5818     85.205     37.611  34.303071     1.6113      8.024    99.2868 8.8747e+02     7.3367      0.029      0.044    20.5542 0.0000e+00
      0.032      0.010     8.5217     84.635     37.616  34.313212     1.6104      8.036    97.8907 9.3320e+02     7.3916      0.031      0.046    20.5628 0.0000e+00
      0.034      0.010     8.4093     84.209     37.612  34.315165     1.6305      8.047    96.9594 9.7146e+02     7.3815      0.033      0.048    20.5725 0.0000e+00
      0.036      0.011     8.2499     83.890     37.621  34.326699     1.6375      8.057    96.8026 8.3605e+02     7.3516      0.035      0.051    20.5828 0.0000e+00
      0.040      0.012     8.0662     83.605     37.620  34.325771     1.6366      8.064    96.8561 7.6382e+02     7.4743      0.039      0.056    20.5927 0.0000e+00
      0.045      0.013     7.9165     83.296     37.601  34.303949     1.6619      8.073    96.5733 8.1769e+02     7.6351      0.046      0.065    20.6021 0.0000e+00
      0.049      0.013     7.8102     82.971     37.621  34.316629     1.6759      8.083    96.0493 9.1370e+02     7.6561      0.049      0.071    20.5987 0.0000e+00
      0.049      0.013     7.7170     82.649     37.664  34.352179     1.6564      8.096    95.5117 9.7531e+02     7.5234      0.049      0.070    20.5909 0.0000e+00
      0.049      0.012     7.6488     82.338     37.668  34.353115     1.6097      8.110    95.2355 9.0814e+02     7.3294      0.049      0.070    20.5959 0.0000e+00
      0.050      0.011     7.5990     82.138     37.643  34.327937     1.5942      8.125    95.2040 8.4067e+02     7.2905      0.049      0.071    20.6054 0.0000e+00
      0.055      0.008     7.5589     82.160     37.616  34.301528     1.6183      8.144    95.2172 8.4551e+02     7.3950      0.052      0.076    20.6127 0.0000e+00
      0.063      0.007     7.5331     82.446     37.602  34.287593     1.6101      8.162    95.3092 7.6515e+02     7.4312      0.062      0.091    20.6189 0.0000e+00
