Data/DataNotYetUploadedToEDI/Raw_CTD/RawDownloads/090825_fcr50_S7809001.cnv
* Sea-Bird SBE19plus  Data File:
* FileName = C:\R\Reservoirs\Data\DataNotYetUploadedToEDI\Raw_CTD\RawDownloads\090825_fcr50_S7809_0001.hex
* Software version 2.8.0.119
* Temperature SN = 7809
* Conductivity SN = 7809
* System UpLoad Time = Sep 16 2025 17:26:29
* <ApplicationData>
* <Seaterm232>
# nquan = 15
# nvalues = 2899                        
# units = specified
# name 0 = depFM: Depth [fresh water, m]
# name 1 = dz/dtM: Descent Rate [m/s]
# name 2 = sbeox0Mg/L: Oxygen, SBE 43 [mg/l]
# name 3 = sbeox0PS: Oxygen, SBE 43 [% saturation]
# name 4 = specc: Specific Conductance [uS/cm]
# name 5 = c0uS/cm: Conductivity [uS/cm]
# name 6 = flECO-AFL: Fluorescence, WET Labs ECO-AFL/FL [mg/m^3]
# name 7 = ph: pH
# name 8 = orp: Oxidation Reduction Potential [mV]
# name 9 = par/sat/log: PAR/Logarithmic, Satlantic
# name 10 = turbWETntu0: Turbidity, WET Labs ECO [NTU]
# name 11 = prdM: Pressure, Strain Gauge [db]
# name 12 = prdE: Pressure, Strain Gauge [psi]
# name 13 = tv290C: Temperature [ITS-90, deg C]
# name 14 = flag:  0.000e+00
# span 0 =     -0.570,      9.695       
# span 1 =     -0.445,      4.743       
# span 2 =    -0.3245,     9.9145       
# span 3 =     -2.953,    110.013       
# span 4 =      1.309,    285.007       
# span 5 =   1.067297, 213.027177       
# span 6 =    -0.8423,    39.5766       
# span 7 =     -2.364,     10.703       
# span 8 = -1240.7455,   865.7640       
# span 9 = 1.2364e-01, 1.6580e+03       
# span 10 =    -1.2641,   282.0218      
# span 11 =     -0.559,      9.508      
# span 12 =     -0.811,     13.792      
# span 13 =    12.3642,    20.8510      
# span 14 = 0.0000e+00, 0.0000e+00      
# interval = seconds: 0.25
# start_time = Sep 08 2025 09:45:05 [Instrument's time stamp, header]
# bad_flag = -9.990e-29
*END*
[from data line 579]
      0.213 -2.372e-09     9.2999    103.483     38.111  34.774488     1.9448      9.467   121.2349 6.5099e+02     7.2646      0.209      0.303    20.6273 0.0000e+00
      0.214 -4.941e-08     9.3046    103.438     38.126  34.786024     1.9323      9.470   120.9412 6.5364e+02     7.1870      0.209      0.304    20.6272 0.0000e+00
      0.214 -9.091e-08     9.3114    103.416     38.113  34.773354     1.9455      9.471   120.7261 6.0908e+02     7.2339      0.209      0.304    20.6278 0.0000e+00
      0.214 -4.959e-08     9.3151    103.395     38.088  34.748187     1.9626      9.472   120.6996 5.7048e+02     7.3195      0.209      0.304    20.6275 0.0000e+00
      0.213 -4.508e-09     9.3149    103.378     38.077  34.735508     1.9480      9.475   120.8788 5.8148e+02     7.2997      0.209      0.303    20.6247 0.0000e+00
      0.213 -4.098e-10     9.3100    103.388     38.091  34.746938     1.9184      9.477   121.0864 6.2069e+02     7.2679      0.209      0.303    20.6231 0.0000e+00
      0.213 -3.726e-11     9.3058    103.408     38.104  34.759503     1.9124      9.478   121.0581 6.4673e+02     7.2766      0.209      0.304    20.6217 0.0000e+00
      0.213 -3.387e-12     9.2997    103.410     38.104  34.760532     1.9429      9.480   120.8816 6.4944e+02     7.2683      0.209      0.303    20.6194 0.0000e+00
      0.213 -3.079e-13     9.2926    103.419     38.100  34.759387     1.9879      9.483   120.7583 6.1214e+02     7.2700      0.209      0.303    20.6170 0.0000e+00
      0.214 -2.799e-14     9.2889    103.459     38.082  34.745657     1.9985      9.484   120.7717 5.6989e+02     7.2625      0.209      0.304    20.6152 0.0000e+00
      0.214 -2.545e-15     9.2886    103.513     38.052  34.721424     1.9962      9.485   120.7860 5.7044e+02     7.3155      0.209      0.304    20.6142 0.0000e+00
      0.213 -2.313e-16     9.2870    103.571     38.048  34.720175     2.0181      9.487   120.7590 5.8574e+02     7.4653      0.209      0.303    20.6107 0.0000e+00
      0.213 -2.103e-17     9.2848    103.626     38.058  34.730556     2.0385      9.490   120.9619 5.8243e+02     7.6395      0.209      0.303    20.6061 0.0000e+00
      0.213 -1.912e-18     9.2871    103.656     38.044  34.720060     2.0267      9.492   121.3463 5.7761e+02     7.6797      0.210      0.304    20.6040 0.0000e+00
      0.213 -1.738e-19     9.2903    103.661     38.044  34.720164     2.0001      9.493   121.4479 5.8688e+02     7.5413      0.209      0.303    20.6051 0.0000e+00
      0.214 -1.580e-20     9.2885    103.656     38.055  34.731813     1.9995      9.495   121.2442 5.8683e+02     7.5034      0.209      0.304    20.6081 0.0000e+00
      0.214 -1.437e-21     9.2873    103.650     38.056  34.734006     2.0193      9.497   121.0347 5.7573e+02     7.5971      0.209      0.304    20.6114 0.0000e+00
      0.214 -1.306e-22     9.2919    103.659     38.069  34.746686     2.0158      9.499   120.8934 5.9733e+02     7.5809      0.210      0.304    20.6149 0.0000e+00
      0.213 -1.187e-23     9.2959    103.675     38.081  34.758239     1.9894      9.499   121.0844 6.2929e+02     7.5133      0.209      0.303    20.6185 0.0000e+00
      0.213 -1.086e-24     9.3006    103.653     38.068  34.746809     1.9834      9.499   121.6232 6.2803e+02     7.4960      0.209      0.303    20.6215 0.0000e+00
      0.213 -1.724e-25     9.3060    103.594     38.054  34.735378     2.0015      9.501   121.9019 6.1432e+02     7.5087      0.209      0.303    20.6242 0.0000e+00
      0.213 -8.264e-25     9.3087    103.544     38.066  34.746923     2.0259      9.503   121.7874 6.0332e+02     7.5644      0.209      0.303    20.6265 0.0000e+00
      0.213 -8.993e-24     9.3077    103.519     38.079  34.759499     2.0281      9.505   121.7006 5.9203e+02     7.5539      0.209      0.303    20.6271 0.0000e+00
      0.213 -9.892e-23     9.3075    103.511     38.079  34.760539     2.0023      9.507   121.8854 5.7417e+02     7.4851      0.209      0.303    20.6287 0.0000e+00
      0.213 -1.088e-21     9.3054    103.550     38.077  34.759499     1.9720      9.508   122.1291 5.6024e+02     7.5177      0.209      0.303    20.6313 0.0000e+00
      0.213 -1.197e-20     9.3057    103.637     38.062  34.746924     1.9536      9.509   122.2383 5.6434e+02     7.6062      0.209      0.303    20.6325 0.0000e+00
      0.213 -1.317e-19     9.3099    103.729     38.050  34.735389     1.9641      9.511   122.3448 5.6940e+02     7.5987      0.209      0.303    20.6328 0.0000e+00
      0.213 -1.448e-18     9.3076    103.779     38.063  34.746925     1.9732      9.512   122.3841 5.5333e+02     7.4966      0.209      0.303    20.6333 0.0000e+00
      0.213 -1.593e-17     9.2998    103.771     38.077  34.759509     1.9807      9.513   122.2831 5.4198e+02     7.4991      0.209      0.303    20.6345 0.0000e+00
      0.213 -1.752e-16     9.2946    103.747     38.077  34.760653     2.0044      9.515   122.2425 5.7021e+02     7.6284      0.209      0.304    20.6352 0.0000e+00
      0.213 -1.928e-15     9.2938    103.725     38.075  34.760757     2.0192      9.516   122.3237 6.0765e+02     7.6941      0.209      0.303    20.6365 0.0000e+00
      0.213 -2.120e-14     9.2902    103.702     38.074  34.760766     2.0258      9.517   122.3183 6.1790e+02     7.6446      0.209      0.303    20.6380 0.0000e+00
      0.213 -2.332e-13     9.2937    103.679     38.074  34.760766     2.0092      9.518   122.2637 6.1634e+02     7.4734      0.209      0.303    20.6386 0.0000e+00
      0.213 -2.566e-12     9.3034    103.630     38.075  34.760757     1.9938      9.519   122.3523 6.1388e+02     7.3326      0.209      0.303    20.6400 0.0000e+00
      0.213 -2.822e-11     9.3125    103.565     38.075  34.760653     2.0144      9.520   122.4428 6.0498e+02     7.3764      0.209      0.303    20.6403 0.0000e+00
      0.213 -3.104e-10     9.3194    103.503     38.073  34.759508     2.0246      9.521   122.3253 6.0394e+02     7.4223      0.209      0.303    20.6383 0.0000e+00
      0.213 -3.415e-09     9.3154    103.448     38.058  34.746923     2.0092      9.523   122.1354 6.3026e+02     7.3404      0.209      0.303    20.6377 0.0000e+00
      0.213 -3.756e-08     9.3130    103.435     38.045  34.735379     1.9946      9.525   122.1262 6.6880e+02     7.2402      0.209      0.303    20.6402 0.0000e+00
      0.213 -4.132e-07     9.3112    103.496     38.058  34.746819     2.0059      9.526   122.2999 6.7460e+02     7.2697      0.209      0.303    20.6433 0.0000e+00
      0.213     -0.000     9.3069    103.612     38.071  34.758354     2.0381      9.527   122.5150 6.5541e+02     7.3900      0.209      0.303    20.6455 0.0000e+00
      0.214     -0.000     9.3082    103.723     38.058  34.747955     2.0422      9.527   122.4035 6.3871e+02     7.3960      0.209      0.304    20.6450 0.0000e+00
      0.214     -0.001     9.3023    103.781     38.056  34.747972     2.0145      9.528   121.9845 6.2713e+02     7.3080      0.209      0.304    20.6433 0.0000e+00
      0.214     -0.001     9.2957    103.762     38.066  34.758562     1.9939      9.531   121.8369 6.4603e+02     7.2486      0.209      0.304    20.6432 0.0000e+00
      0.214     -0.002     9.2909    103.687     38.054  34.749116     2.0007      9.532   121.9958 6.8016e+02     7.2593      0.210      0.304    20.6434 0.0000e+00
      0.214     -0.002     9.2843    103.583     38.066  34.760653     2.0302      9.532   122.2699 6.7078e+02     7.3687      0.210      0.304    20.6441 0.0000e+00
      0.214     -0.002     9.2813    103.471     38.076  34.771158     2.0347      9.532   122.4840 6.2562e+02     7.3412      0.209      0.304    20.6457 0.0000e+00
      0.214     -0.002     9.2877    103.370     38.051  34.749241     2.0053      9.533   122.2621 5.9829e+02     7.0984      0.209      0.303    20.6441 0.0000e+00
      0.214     -0.002     9.3008    103.282     38.050  34.749441     1.9907      9.534   121.8238 6.0153e+02     6.9605      0.209      0.304    20.6439 0.0000e+00
      0.213     -0.001     9.3113    103.240     38.075  34.773578     2.0082      9.534   121.6587 6.2387e+02     7.0398      0.209      0.303    20.6466 0.0000e+00
      0.212     -0.001     9.3178    103.276     38.089  34.787298     2.0259      9.535   121.8146 6.4425e+02     7.1701      0.208      0.302    20.6483 0.0000e+00
      0.211     -0.000     9.3141    103.355     38.090  34.788442     2.0134      9.537   122.0740 6.3241e+02     7.2035      0.206      0.300    20.6507 0.0000e+00
      0.211 -1.878e-08     9.3064    103.439     38.089  34.787402     2.0060      9.538   122.2140 6.0483e+02     7.2383      0.206      0.299    20.6523 0.0000e+00
      0.211 -2.066e-07     9.2965    103.530     38.074  34.774733     2.0118      9.538   122.2171 5.9221e+02     7.3181      0.207      0.300    20.6532 0.0000e+00
      0.211 -2.066e-07     9.2850    103.595     38.059  34.762148     2.0166      9.540   122.0255 5.8019e+02     7.3483      0.206      0.299    20.6542 0.0000e+00
      0.211 -1.878e-08     9.2766    103.609     38.058  34.762128     2.0221      9.541   121.7901 5.6333e+02     7.3294      0.206      0.299    20.6554 0.0000e+00
      0.210 -1.707e-09     9.2668    103.608     38.071  34.774503     2.0038      9.541   121.7806 5.5778e+02     7.2614      0.206      0.299    20.6578 0.0000e+00
      0.210 -1.552e-10     9.2606    103.606     38.082  34.784876     1.9956      9.543   121.9100 5.6064e+02     7.2769      0.205      0.298    20.6602 0.0000e+00
      0.210 -1.411e-11     9.2657    103.620     38.057  34.760651     2.0395      9.545   122.0643 5.8106e+02     7.3802      0.206      0.299    20.6609 0.0000e+00
      0.210 -1.283e-12     9.2749    103.654     38.032  34.735387     2.0937      9.545   122.1833 6.1972e+02     7.4175      0.206      0.299    20.6612 0.0000e+00
      0.210 -1.166e-13     9.2805    103.670     38.032  34.733194     2.0929      9.545   122.2294 6.6157e+02     7.3523      0.206      0.299    20.6613 0.0000e+00
      0.210 -1.060e-14     9.2906    103.670     38.035  34.734138     2.0552      9.546   122.1923 6.8764e+02     7.2405      0.206      0.298    20.6616 0.0000e+00
      0.211 -9.640e-16     9.2982    103.657     38.053  34.746798     2.0363      9.547   122.1646 6.6555e+02     7.1935      0.206      0.299    20.6631 0.0000e+00
      0.211 -8.766e-17     9.2956    103.616     38.072  34.759373     2.0488      9.549   122.1529 6.3145e+02     7.2965      0.206      0.299    20.6653 0.0000e+00
      0.211 -8.649e-18     9.2961    103.558     38.077  34.759269     2.0812      9.550   122.2225 6.4680e+02     7.5295      0.206      0.299    20.6671 0.0000e+00
      0.211 -8.253e-18     9.2953    103.503     38.065  34.745541     2.0869      9.550   122.4907 6.8000e+02     7.6539      0.206      0.299    20.6671 0.0000e+00
      0.211 -8.288e-17     9.2956    103.460     38.037  34.720277     2.0595      9.550   122.6420 6.7229e+02     7.5706      0.207      0.300    20.6637 0.0000e+00
      0.211 -9.110e-16     9.3027    103.436     38.020  34.707588     2.0578      9.551   122.5898 6.4052e+02     7.5124      0.207      0.300    20.6597 0.0000e+00
      0.211 -1.002e-14     9.3033    103.434     38.027  34.719028     2.0823      9.553   122.4617 6.1941e+02     7.5659      0.206      0.299    20.6585 0.0000e+00
      0.211 -1.102e-13     9.3033    103.452     38.035  34.731707     2.0808      9.554   122.2972 6.1371e+02     7.5676      0.206      0.299    20.6562 0.0000e+00
      0.210 -1.213e-12     9.3047    103.487     38.033  34.733992     2.0566      9.554   122.4935 6.1736e+02     7.4987      0.206      0.299    20.6509 0.0000e+00
      0.210 -1.334e-11     9.3010    103.522     38.044  34.746671     2.0478      9.555   123.0285 6.1573e+02     7.5190      0.206      0.299    20.6449 0.0000e+00
      0.210 -1.467e-10     9.2963    103.539     38.055  34.758121     2.0662      9.556   123.2591 6.0968e+02     7.6411      0.206      0.298    20.6379 0.0000e+00
      0.210 -1.614e-09     9.2922    103.530     38.041  34.745538     2.0955      9.557   123.0449 6.0937e+02     7.6774      0.206      0.299    20.6326 0.0000e+00
      0.211 -1.775e-08     9.2882    103.498     38.016  34.721418     2.0940      9.557   122.7621 6.2046e+02     7.5826      0.206      0.299    20.6336 0.0000e+00
      0.211 -1.953e-07     9.2844    103.470     38.017  34.720274     2.0745      9.557   122.6783 6.3660e+02     7.5535      0.206      0.299    20.6385 0.0000e+00
      0.211 -3.580e-07     9.2841    103.452     38.034  34.731706     2.0751      9.557   122.8922 6.4618e+02     7.6679      0.206      0.299    20.6447 0.0000e+00
      0.211 -1.953e-07     9.2834    103.434     38.041  34.732746     2.0850      9.559   123.3700 6.3955e+02     7.7356      0.206      0.299    20.6518 0.0000e+00
      0.211 -1.775e-08     9.2870    103.419     38.048  34.732832     2.0930      9.561   123.7232 6.2162e+02     7.6204      0.206      0.299    20.6577 0.0000e+00
      0.211 -1.614e-09     9.2895    103.403     38.053  34.732746     2.0815      9.562   123.7209 6.1733e+02     7.4704      0.206      0.299    20.6620 0.0000e+00
      0.211 -1.467e-10     9.2909    103.388     38.058  34.731698     2.0708      9.562   123.6003 6.2228e+02     7.4931      0.206      0.299    20.6639 0.0000e+00
      0.211 -1.334e-11     9.2906    103.396     38.049  34.720154     2.0879      9.561   123.5548 6.1186e+02     7.6219      0.206      0.299    20.6635 0.0000e+00
      0.211 -1.213e-12     9.2861    103.402     38.050  34.720050     2.1049      9.561   123.6868 5.9271e+02     7.6614      0.206      0.299    20.6629 0.0000e+00
      0.211 -1.102e-13     9.2843    103.382     38.062  34.730441     2.0936      9.563   123.9059 5.9340e+02     7.5951      0.206      0.299    20.6598 0.0000e+00
      0.211 -1.002e-14     9.2842    103.360     38.048  34.718905     2.0587      9.563   123.9678 6.1286e+02     7.5037      0.206      0.299    20.6546 0.0000e+00
      0.211 -9.110e-16     9.2837    103.363     38.035  34.707455     2.0507      9.564   123.9183 6.3263e+02     7.5126      0.206      0.299    20.6472 0.0000e+00
      0.211 -8.285e-17     9.2835    103.391     38.046  34.718894     2.0800      9.565   123.9094 6.4262e+02     7.6340      0.206      0.299    20.6385 0.0000e+00
      0.210 -7.517e-18     9.2848    103.424     38.057  34.730326     2.1049      9.566   123.8605 6.4028e+02     7.7080      0.206      0.298    20.6321 0.0000e+00
      0.210 -5.410e-19     9.2817    103.468     38.042  34.718791     2.0929      9.566   123.7576 6.4254e+02     7.6898      0.206      0.299    20.6255 0.0000e+00
      0.210 1.5166e-18     9.2855    103.538     38.026  34.706320     2.0604      9.566   123.7831 6.4262e+02     7.6523      0.207      0.300    20.6205 0.0000e+00
      0.210 1.7361e-17     9.2874    103.614     38.024  34.706433     2.0611      9.567   123.9119 6.2758e+02     7.6992      0.206      0.299    20.6186 0.0000e+00
      0.210 1.9103e-16     9.2844    103.657     38.037  34.720163     2.0852      9.568   124.0231 6.0915e+02     7.8133      0.206      0.299    20.6181 0.0000e+00
      0.210 2.1014e-15     9.2813    103.672     38.063  34.745428     2.0767      9.568   124.0953 5.9545e+02     7.7336      0.206      0.299    20.6193 0.0000e+00
      0.210 2.3115e-14     9.2809    103.682     38.077  34.758125     2.0418      9.569   123.9252 6.0229e+02     7.4873      0.206      0.298    20.6210 0.0000e+00
      0.210 2.5427e-13     9.2849    103.667     38.064  34.746799     2.0291      9.570   123.6005 6.2024e+02     7.3970      0.206      0.298    20.6225 0.0000e+00
      0.210 2.7969e-12     9.2866    103.632     38.050  34.735377     2.0484      9.570   123.5250 6.2673e+02     7.4963      0.206      0.299    20.6243 0.0000e+00
