Data/DataNotYetUploadedToEDI/Raw_CTD/RawDownloads/090825_fcr50_S7809001.cnv
* Sea-Bird SBE19plus  Data File:
* FileName = C:\R\Reservoirs\Data\DataNotYetUploadedToEDI\Raw_CTD\RawDownloads\090825_fcr50_S7809_0001.hex
* Software version 2.8.0.119
* Temperature SN = 7809
* Conductivity SN = 7809
* System UpLoad Time = Sep 16 2025 17:26:29
* <ApplicationData>
* <Seaterm232>
# nquan = 15
# nvalues = 2899                        
# units = specified
# name 0 = depFM: Depth [fresh water, m]
# name 1 = dz/dtM: Descent Rate [m/s]
# name 2 = sbeox0Mg/L: Oxygen, SBE 43 [mg/l]
# name 3 = sbeox0PS: Oxygen, SBE 43 [% saturation]
# name 4 = specc: Specific Conductance [uS/cm]
# name 5 = c0uS/cm: Conductivity [uS/cm]
# name 6 = flECO-AFL: Fluorescence, WET Labs ECO-AFL/FL [mg/m^3]
# name 7 = ph: pH
# name 8 = orp: Oxidation Reduction Potential [mV]
# name 9 = par/sat/log: PAR/Logarithmic, Satlantic
# name 10 = turbWETntu0: Turbidity, WET Labs ECO [NTU]
# name 11 = prdM: Pressure, Strain Gauge [db]
# name 12 = prdE: Pressure, Strain Gauge [psi]
# name 13 = tv290C: Temperature [ITS-90, deg C]
# name 14 = flag:  0.000e+00
# span 0 =     -0.570,      9.695       
# span 1 =     -0.445,      4.743       
# span 2 =    -0.3245,     9.9145       
# span 3 =     -2.953,    110.013       
# span 4 =      1.309,    285.007       
# span 5 =   1.067297, 213.027177       
# span 6 =    -0.8423,    39.5766       
# span 7 =     -2.364,     10.703       
# span 8 = -1240.7455,   865.7640       
# span 9 = 1.2364e-01, 1.6580e+03       
# span 10 =    -1.2641,   282.0218      
# span 11 =     -0.559,      9.508      
# span 12 =     -0.811,     13.792      
# span 13 =    12.3642,    20.8510      
# span 14 = 0.0000e+00, 0.0000e+00      
# interval = seconds: 0.25
# start_time = Sep 08 2025 09:45:05 [Instrument's time stamp, header]
# bad_flag = -9.990e-29
*END*
[from data line 1254]
      1.624      0.017     9.1103    101.435     37.948  34.706189     2.4327     10.616   132.0201 6.3711e+01     7.6027      1.592      2.310    20.7211 0.0000e+00
      1.629      0.019     9.1078    101.417     37.947  34.705045     2.4286     10.618   131.8757 6.3201e+01     7.5274      1.598      2.318    20.7208 0.0000e+00
      1.634      0.021     9.1026    101.446     37.946  34.704941     2.4086     10.619   131.7533 6.2936e+01     7.4269      1.603      2.326    20.7205 0.0000e+00
      1.637      0.023     9.1042    101.461     37.946  34.704941     2.4241     10.619   131.6589 6.2761e+01     7.5486      1.605      2.328    20.7202 0.0000e+00
      1.639      0.023     9.1144    101.445     37.947  34.705045     2.4837     10.620   131.6814 6.2474e+01     7.8036      1.606      2.330    20.7201 0.0000e+00
      1.643      0.022     9.1165    101.425     37.949  34.706200     2.5137     10.620   131.9382 6.2057e+01     7.8786      1.610      2.335    20.7203 0.0000e+00
      1.648      0.020     9.1089    101.412     37.963  34.718898     2.4943     10.621   132.1832 6.1527e+01     7.7729      1.615      2.342    20.7209 0.0000e+00
      1.655      0.018     9.0985    101.397     37.978  34.731683     2.4819     10.622   132.2352 6.0837e+01     7.7553      1.622      2.352    20.7218 0.0000e+00
      1.663      0.017     9.0877    101.357     37.980  34.733885     2.4979     10.623   131.9640 6.0131e+01     7.8365      1.631      2.365    20.7227 0.0000e+00
      1.670      0.017     9.0873    101.311     37.994  34.745525     2.5127     10.623   131.5718 5.9617e+01     7.9008      1.638      2.376    20.7238 0.0000e+00
      1.675      0.018     9.0923    101.302     37.994  34.745525     2.5025     10.624   131.6223 5.9271e+01     7.8833      1.642      2.383    20.7244 0.0000e+00
      1.679      0.018     9.0944    101.337     37.982  34.733885     2.4744     10.625   131.8003 5.8961e+01     7.7615      1.646      2.387    20.7239 0.0000e+00
      1.682      0.019     9.0914    101.383     37.981  34.731684     2.4732     10.625   131.8317 5.8607e+01     7.6927      1.649      2.392    20.7232 0.0000e+00
      1.685      0.020     9.0898    101.393     37.967  34.718899     2.5047     10.626   132.0016 5.8241e+01     7.6998      1.653      2.398    20.7225 0.0000e+00
      1.689      0.020     9.0884    101.388     37.953  34.706201     2.5220     10.628   131.9618 5.7866e+01     7.6764      1.657      2.403    20.7219 0.0000e+00
      1.694      0.019     9.0890    101.418     37.952  34.705046     2.5071     10.629   131.6089 5.7398e+01     7.6146      1.661      2.409    20.7211 0.0000e+00
      1.700      0.018     9.0849    101.476     37.952  34.704931     2.4748     10.630   131.5209 5.6838e+01     7.5333      1.667      2.418    20.7207 0.0000e+00
      1.705      0.016     9.0781    101.518     37.952  34.704818     2.4723     10.630   131.6709 5.6333e+01     7.5477      1.673      2.426    20.7205 0.0000e+00
      1.710      0.015     9.0783    101.530     37.951  34.703673     2.5026     10.631   131.7881 5.5958e+01     7.6181      1.677      2.433    20.7199 0.0000e+00
      1.715      0.013     9.0817    101.545     37.938  34.691088     2.5163     10.632   131.8188 5.5539e+01     7.6336      1.680      2.437    20.7190 0.0000e+00
      1.720      0.010     9.0891    101.579     37.926  34.679553     2.5050     10.632   131.6979 5.5028e+01     7.5633      1.686      2.445    20.7181 0.0000e+00
      1.725      0.009     9.0889    101.601     37.937  34.691088     2.4822     10.632   131.5309 5.4581e+01     7.4859      1.693      2.455    20.7174 0.0000e+00
      1.729      0.009     9.0856    101.571     37.950  34.703673     2.4819     10.633   131.4344 5.4294e+01     7.5524      1.697      2.461    20.7175 0.0000e+00
      1.733      0.010     9.0891    101.492     37.951  34.704828     2.5097     10.634   131.4782 5.4135e+01     7.6497      1.700      2.464    20.7181 0.0000e+00
      1.735      0.012     9.0961    101.426     37.952  34.705045     2.5103     10.635   131.5438 5.3971e+01     7.6713      1.702      2.467    20.7177 0.0000e+00
      1.737      0.014     9.1008    101.421     37.954  34.706303     2.4816     10.637   131.7108 5.3779e+01     7.6772      1.703      2.470    20.7166 0.0000e+00
      1.739      0.016     9.1002    101.447     37.970  34.720031     2.4614     10.638   131.9494 5.3647e+01     7.7208      1.705      2.473    20.7156 0.0000e+00
      1.741      0.017     9.1010    101.444     37.998  34.744137     2.4659     10.639   131.9339 5.3573e+01     7.8228      1.707      2.476    20.7148 0.0000e+00
      1.742      0.019     9.1055    101.393     37.999  34.743982     2.4780     10.639   131.7809 5.3459e+01     7.8176      1.708      2.478    20.7153 0.0000e+00
      1.744      0.019     9.1086    101.332     37.971  34.718146     2.4657     10.639   131.6488 5.3173e+01     7.6923      1.710      2.480    20.7165 0.0000e+00
      1.749      0.018     9.1063    101.289     37.935  34.685542     2.4681     10.640   131.7128 5.2705e+01     7.7085      1.714      2.486    20.7170 0.0000e+00
      1.755      0.016     9.0964    101.239     37.915  34.666999     2.4989     10.640   132.2109 5.2283e+01     7.8420      1.722      2.497    20.7177 0.0000e+00
      1.761      0.015     9.0879    101.164     37.934  34.684294     2.5298     10.641   132.8539 5.1979e+01     7.8377      1.727      2.505    20.7177 0.0000e+00
      1.765      0.014     9.0897    101.080     37.956  34.704304     2.5494     10.642   133.0340 5.1657e+01     7.6568      1.730      2.510    20.7165 0.0000e+00
      1.769      0.014     9.0944    101.041     37.971  34.718604     2.5366     10.644   132.7537 5.1274e+01     7.4998      1.733      2.515    20.7151 0.0000e+00
      1.774      0.015     9.0954    101.096     37.983  34.730306     2.5338     10.646   132.4758 5.0894e+01     7.5094      1.739      2.522    20.7131 0.0000e+00
      1.779      0.017     9.0895    101.223     37.970  34.718898     2.5572     10.647   132.4271 5.0571e+01     7.6365      1.746      2.531    20.7107 0.0000e+00
      1.783      0.020     9.0825    101.393     37.957  34.707563     2.5522     10.648   132.7675 5.0326e+01     7.7736      1.749      2.536    20.7098 0.0000e+00
      1.786      0.022     9.0802    101.606     37.970  34.720147     2.5074     10.648   133.3218 5.0169e+01     7.7998      1.751      2.540    20.7107 0.0000e+00
      1.788      0.022     9.0765    101.824     37.996  34.744163     2.4652     10.650   133.5359 5.0030e+01     7.7141      1.753      2.543    20.7114 0.0000e+00
      1.790      0.021     9.0690    102.002     37.995  34.744154     2.4749     10.653   133.4636 4.9811e+01     7.7289      1.755      2.546    20.7112 0.0000e+00
      1.794      0.020     9.0599    102.111     37.968  34.720043     2.5241     10.654   133.3087 4.9406e+01     7.8079      1.758      2.550    20.7113 0.0000e+00
      1.801      0.018     9.0536    102.141     37.953  34.706420     2.5601     10.654   133.1251 4.8822e+01     7.8145      1.765      2.560    20.7119 0.0000e+00
      1.809      0.018     9.0600    102.092     37.953  34.706325     2.5610     10.655   133.2230 4.8250e+01     7.7745      1.775      2.574    20.7129 0.0000e+00
      1.817      0.019     9.0728    101.960     37.967  34.718900     2.5432     10.656   133.4593 4.7829e+01     7.7012      1.782      2.585    20.7142 0.0000e+00
      1.823      0.021     9.0861    101.761     37.981  34.731569     2.5447     10.659   133.4878 4.7566e+01     7.7481      1.788      2.594    20.7152 0.0000e+00
      1.826      0.023     9.1074    101.557     37.982  34.732617     2.5631     10.660   133.3950 4.7409e+01     7.8282      1.792      2.598    20.7159 0.0000e+00
      1.828      0.024     9.1280    101.420     37.981  34.731569     2.5576     10.661   133.2835 4.7263e+01     7.7473      1.792      2.599    20.7162 0.0000e+00
      1.831      0.024     9.1450    101.340     37.967  34.718889     2.5365     10.663   133.0866 4.7028e+01     7.6578      1.794      2.602    20.7167 0.0000e+00
      1.835      0.023     9.1552    101.290     37.954  34.706201     2.5400     10.663   132.9076 4.6575e+01     7.6685      1.798      2.608    20.7172 0.0000e+00
      1.843      0.020     9.1572    101.278     37.953  34.705048     2.5672     10.663   132.9261 4.5940e+01     7.7058      1.806      2.620    20.7173 0.0000e+00
      1.852      0.018     9.1534    101.308     37.953  34.704943     2.5739     10.663   133.1376 4.5455e+01     7.6650      1.817      2.636    20.7170 0.0000e+00
      1.858      0.016     9.1413    101.399     37.953  34.704933     2.5463     10.664   133.4860 4.5193e+01     7.5510      1.823      2.643    20.7170 0.0000e+00
      1.863      0.015     9.1216    101.539     37.953  34.704932     2.5253     10.666   133.7840 4.4919e+01     7.4889      1.826      2.649    20.7173 0.0000e+00
      1.868      0.013     9.0993    101.677     37.954  34.704932     2.5272     10.666   133.4705 4.4582e+01     7.4950      1.832      2.657    20.7174 0.0000e+00
      1.873      0.011     9.0889    101.768     37.954  34.704933     2.5366     10.666   132.7062 4.4249e+01     7.4882      1.837      2.664    20.7173 0.0000e+00
      1.878      0.010     9.0829    101.802     37.955  34.704942     2.5311     10.667   132.4590 4.3939e+01     7.4402      1.841      2.671    20.7170 0.0000e+00
      1.882      0.009     9.0773    101.772     37.956  34.705045     2.5011     10.667   132.8904 4.3681e+01     7.3593      1.846      2.678    20.7165 0.0000e+00
      1.886      0.009     9.0772    101.685     37.957  34.706175     2.5066     10.666   133.4482 4.3507e+01     7.4325      1.849      2.682    20.7160 0.0000e+00
      1.889      0.009     9.0783    101.581     37.972  34.718604     2.5562     10.666   133.6116 4.3384e+01     7.7095      1.852      2.686    20.7158 0.0000e+00
      1.891      0.009     9.0869    101.479     37.983  34.728434     2.5768     10.666   133.1448 4.3242e+01     7.8736      1.854      2.689    20.7157 0.0000e+00
      1.892      0.008     9.1017    101.393     37.949  34.698125     2.5559     10.666   132.3648 4.3053e+01     7.8447      1.855      2.691    20.7154 0.0000e+00
      1.895      0.007     9.1157    101.343     37.918  34.669381     2.5283     10.665   131.9246 4.2893e+01     7.7707      1.859      2.696    20.7149 0.0000e+00
      1.897      0.006     9.1242    101.330     37.948  34.698125     2.5340     10.665   132.0371 4.2789e+01     7.7307      1.861      2.699    20.7142 0.0000e+00
      1.899      0.005     9.1270    101.376     37.981  34.728433     2.5675     10.666   132.3482 4.2662e+01     7.7027      1.862      2.700    20.7132 0.0000e+00
      1.902      0.004     9.1257    101.461     37.970  34.718605     2.5837     10.666   132.3307 4.2517e+01     7.6707      1.865      2.705    20.7125 0.0000e+00
      1.904      0.004     9.1148    101.539     37.957  34.706184     2.5548     10.666   131.9118 4.2416e+01     7.6857      1.868      2.709    20.7118 0.0000e+00
      1.906      0.004     9.1062    101.624     37.956  34.705144     2.5007     10.667   131.5856 4.2333e+01     7.7468      1.869      2.711    20.7107 0.0000e+00
      1.907      0.005     9.0969    101.739     37.958  34.706029     2.4953     10.668   131.4839 4.2224e+01     7.8297      1.870      2.712    20.7106 0.0000e+00
      1.908      0.006     9.0872    101.855     37.971  34.716888     2.5318     10.668   131.4560 4.2143e+01     7.8673      1.871      2.714    20.7113 0.0000e+00
      1.909      0.009     9.0844    101.918     37.964  34.709547     2.5343     10.669   131.5065 4.2080e+01     7.7575      1.872      2.715    20.7119 0.0000e+00
      1.910      0.012     9.0804    101.904     37.933  34.680708     2.5087     10.669   131.6651 4.2003e+01     7.5620      1.873      2.717    20.7125 0.0000e+00
      1.910      0.015     9.0858    101.832     37.939  34.685425     2.5056     10.669   131.8247 4.1955e+01     7.5190      1.873      2.717    20.7131 0.0000e+00
      1.911      0.017     9.0959    101.740     37.959  34.703144     2.5383     10.669   131.8007 4.1901e+01     7.6475      1.874      2.718    20.7138 0.0000e+00
      1.912      0.017     9.1016    101.652     37.962  34.704599     2.5709     10.669   131.7196 4.1766e+01     7.6807      1.875      2.720    20.7137 0.0000e+00
      1.915      0.016     9.1079    101.572     37.962  34.703016     2.5753     10.669   131.7049 4.1568e+01     7.5443      1.878      2.724    20.7129 0.0000e+00
      1.918      0.014     9.1199    101.489     37.942  34.683997     2.5831     10.670   131.7088 4.1314e+01     7.5017      1.881      2.728    20.7118 0.0000e+00
      1.922      0.011     9.1325    101.444     37.922  34.664979     2.6063     10.671   132.0238 4.0924e+01     7.5751      1.884      2.733    20.7105 0.0000e+00
      1.929      0.009     9.1393    101.475     37.920  34.663406     2.6070     10.671   132.5028 4.0469e+01     7.5434      1.891      2.742    20.7094 0.0000e+00
      1.935      0.008     9.1376    101.547     37.922  34.664978     2.5919     10.672   132.5962 4.0153e+01     7.5290      1.899      2.753    20.7083 0.0000e+00
      1.940      0.010     9.1292    101.637     37.943  34.683996     2.5895     10.672   132.3784 4.0014e+01     7.6401      1.903      2.761    20.7072 0.0000e+00
      1.943      0.013     9.1213    101.726     37.964  34.703014     2.5955     10.673   132.0201 3.9944e+01     7.7596      1.905      2.763    20.7067 0.0000e+00
      1.943      0.017     9.1121    101.801     37.966  34.704574     2.6140     10.674   131.7917 3.9892e+01     7.8806      1.905      2.764    20.7054 0.0000e+00
      1.944      0.020     9.1080    101.832     37.963  34.702858     2.6377     10.674   132.3712 3.9852e+01     8.0091      1.906      2.765    20.7027 0.0000e+00
      1.945      0.021     9.0985    101.778     37.938  34.682263     2.6332     10.675   133.4341 3.9797e+01     8.0843      1.907      2.766    20.7010 0.0000e+00
      1.946      0.020     9.0918    101.664     37.898  34.645918     2.6004     10.675   133.8019 3.9652e+01     8.0383      1.909      2.768    20.7008 0.0000e+00
      1.950      0.017     9.0980    101.584     37.898  34.644084     2.5918     10.675   133.4624 3.9371e+01     7.9994      1.911      2.772    20.7009 0.0000e+00
      1.955      0.014     9.1037    101.593     37.917  34.660088     2.5950     10.675   133.0293 3.8950e+01     8.0234      1.916      2.779    20.7006 0.0000e+00
      1.963      0.012     9.1134    101.649     37.904  34.649077     2.5728     10.676   133.1251 3.8432e+01     8.0552      1.924      2.791    20.7003 0.0000e+00
      1.972      0.011     9.1211    101.700     37.890  34.637838     2.5478     10.677   133.8462 3.8030e+01     8.0769      1.934      2.807    20.7002 0.0000e+00
      1.977      0.013     9.1284    101.752     37.904  34.651102     2.5264     10.678   134.3482 3.7833e+01     7.9783      1.940      2.814    20.7007 0.0000e+00
      1.980      0.015     9.1336    101.805     37.938  34.682564     2.5300     10.678   134.2907 3.7723e+01     7.9222      1.942      2.816    20.7021 0.0000e+00
      1.981      0.016     9.1272    101.840     37.958  34.701012     2.5498     10.678   133.9253 3.7645e+01     7.9104      1.943      2.818    20.7045 0.0000e+00
      1.983      0.016     9.1133    101.840     37.938  34.683814     2.5406     10.679   133.6298 3.7591e+01     7.7673      1.945      2.820    20.7050 0.0000e+00
      1.984      0.016     9.1039    101.797     37.918  34.664961     2.5182     10.679   133.7301 3.7500e+01     7.6613      1.946      2.822    20.7021 0.0000e+00
