Data/DataNotYetUploadedToEDI/Raw_CTD/RawDownloads/090924_fcr10_S7809001.cnv
* Sea-Bird SBE19plus  Data File:
* FileName = C:\R\Reservoirs\Data\DataNotYetUploadedToEDI\Raw_CTD\RawDownloads\090924_fcr40_S7809_0001.hex
* Software version 2.8.0.119
* Temperature SN = 7809
* Conductivity SN = 7809
* System UpLoad Time = Sep 09 2024 17:05:19
* <ApplicationData>
* <Seaterm232>
# nquan = 15
# nvalues = 419                         
# units = specified
# name 0 = depFM: Depth [fresh water, m]
# name 1 = dz/dtM: Descent Rate [m/s]
# name 2 = sbeox0Mg/L: Oxygen, SBE 43 [mg/l]
# name 3 = sbeox0PS: Oxygen, SBE 43 [% saturation]
# name 4 = specc: Specific Conductance [uS/cm]
# name 5 = c0uS/cm: Conductivity [uS/cm]
# name 6 = flECO-AFL: Fluorescence, WET Labs ECO-AFL/FL [mg/m^3]
# name 7 = ph: pH
# name 8 = orp: Oxidation Reduction Potential [mV]
# name 9 = par/sat/log: PAR/Logarithmic, Satlantic
# name 10 = turbWETntu0: Turbidity, WET Labs ECO [NTU]
# name 11 = prdM: Pressure, Strain Gauge [db]
# name 12 = prdE: Pressure, Strain Gauge [psi]
# name 13 = tv290C: Temperature [ITS-90, deg C]
# name 14 = flag:  0.000e+00
# span 0 =     -0.592,      2.292       
# span 1 =     -0.318,      0.157       
# span 2 =     4.1934,     8.7901       
# span 3 =     46.557,     97.906       
# span 4 =      5.236,     43.071       
# span 5 =   4.808558,  39.512957       
# span 6 =     2.0895,   227.9385       
# span 7 =      6.566,      7.553       
# span 8 =    57.1005,   294.7604       
# span 9 = 2.9143e+01, 1.0347e+03       
# span 10 =    -6.0126,   164.8876      
# span 11 =     -0.581,      2.250      
# span 12 =     -0.842,      3.263      
# span 13 =    19.0960,    21.0669      
# span 14 = 0.0000e+00, 0.0000e+00      
# interval = seconds: 0.25
# start_time = Sep 09 2024 10:09:50 [Instrument's time stamp, header]
# bad_flag = -9.990e-29
*END*
     -0.363      0.120     8.5206     94.731     43.071  39.279549     2.0895      6.566    57.1005 1.0347e+03     3.6817     -0.373     -0.541    19.0960 0.0000e+00
     -0.313      0.144     8.4924     95.339     42.860  39.213658     2.1097      6.601    59.7041 1.0044e+03     3.6329     -0.309     -0.449    19.5696 0.0000e+00
     -0.250      0.157     8.5044     95.827     42.716  39.145375     2.0962      6.632    62.1866 9.6508e+02     3.5770     -0.241     -0.351    20.0211 0.0000e+00
     -0.195      0.157     8.4856     96.228     42.623  39.088626     2.2088      6.661    64.8327 9.3689e+02     3.4838     -0.187     -0.271    20.3704 0.0000e+00
     -0.154      0.143     8.5051     96.533     42.555  39.035226     2.4395      6.683    68.2097 8.2755e+02     3.3933     -0.146     -0.211    20.6421 0.0000e+00
     -0.128      0.120     8.5437     96.713     42.526  39.007417     2.5543      6.694    72.0436 5.7507e+02     3.4065     -0.123     -0.179    20.7618 0.0000e+00
     -0.109      0.098     8.5705     96.788     42.526  39.006232     2.5558      6.700    75.5666 3.4492e+02     3.4038     -0.106     -0.154    20.8323 0.0000e+00
     -0.091      0.083     8.6051     96.830     42.541  39.020888     2.6330      6.707    78.2831 2.4332e+02     3.3605     -0.092     -0.132    20.8546 0.0000e+00
     -0.071      0.073     8.6312     96.867     42.580  39.057695     2.7972      6.714    80.7124 2.0587e+02     3.4631     -0.070     -0.101    20.8649 0.0000e+00
     -0.051      0.066     8.6490     96.966     42.595  39.070500     2.9018      6.720    83.5149 1.9383e+02     3.6206     -0.050     -0.072    20.8570 0.0000e+00
     -0.033      0.056     8.6520     97.381     42.569  39.048797     2.9152      6.725    86.6143 1.8751e+02     3.6600     -0.031     -0.045    20.8546 0.0000e+00
     -0.018      0.042     8.6550     97.906     42.561  39.049130     2.8756      6.728    89.4504 1.7760e+02     3.5625     -0.016     -0.022    20.8574 0.0000e+00
     -0.006      0.024     8.6589     97.288     42.580  39.074530     2.8064      6.729    92.7684 1.7472e+02     3.3993     -0.005     -0.007    20.8592 0.0000e+00
     -0.001      0.007     8.6576     94.625     42.605  39.102087     2.7864      6.725   105.2222 1.7970e+02     3.3263      0.001      0.002    20.8566 0.0000e+00
     -0.005     -0.004     8.6842     90.267     42.634  39.128480     2.8003      6.713   117.3355 1.8857e+02     3.3625     -0.001     -0.002    20.8575 0.0000e+00
     -0.015     -0.007     8.7901     85.040     42.644  39.139809     2.7080      6.696   112.1496 1.9638e+02     3.3930     -0.013     -0.020    20.8687 0.0000e+00
     -0.026     -0.002     8.7704     79.764     42.604  39.112147     2.5103      6.681   105.0711 1.9227e+02     3.3538     -0.029     -0.042    20.8812 0.0000e+00
     -0.031      0.010     8.5044     74.957     42.527  39.047876     2.3825      6.678   104.7967 1.8385e+02     3.2980     -0.035     -0.051    20.8862 0.0000e+00
     -0.026      0.023     8.0933     70.841     42.472  38.997318     2.3705      6.686   105.2191 1.8091e+02     3.3333     -0.028     -0.040    20.8828 0.0000e+00
     -0.011      0.034     7.5958     67.670     42.482  39.008533     2.4561      6.702   106.2197 1.6831e+02     3.3708     -0.013     -0.019    20.8818 0.0000e+00
      0.008      0.039     7.1059     65.644     42.527  39.056554     2.6016      6.721   107.2579 1.4955e+02     3.3418      0.009      0.013    20.8974 0.0000e+00
      0.023      0.037     6.6741     64.682     42.532  39.070264     2.6731      6.741   108.4796 1.4023e+02     3.3235      0.026      0.039    20.9109 0.0000e+00
      0.032      0.029     6.2967     64.441     42.499  39.047394     2.6631      6.760   109.8071 1.3770e+02     3.2873      0.032      0.048    20.9021 0.0000e+00
      0.035      0.019     6.0053     64.471     42.480  39.033890     2.6480      6.776   111.1762 1.3821e+02     3.2798      0.034      0.050    20.9019 0.0000e+00
      0.035      0.009     5.8262     64.443     42.478  39.033910     2.6314      6.790   112.6441 1.4092e+02     3.3338      0.034      0.050    20.9152 0.0000e+00
      0.035      0.003     5.7502     64.240     42.489  39.047643     2.6201      6.804   114.2199 1.4210e+02     3.3599      0.034      0.050    20.9272 0.0000e+00
      0.034      0.000     5.7443     63.908     42.514  39.073016     2.6196      6.817   115.7734 1.4168e+02     3.3574      0.033      0.048    20.9360 0.0000e+00
      0.034     -0.001     5.7571     63.560     42.529  39.086861     2.6094      6.827   117.2317 1.4119e+02     3.3365      0.033      0.048    20.9388 0.0000e+00
      0.034     -0.001     5.7572     63.275     42.530  39.088118     2.6219      6.839   118.6016 1.4045e+02     3.3472      0.034      0.049    20.9412 0.0000e+00
      0.034     -0.001     5.7370     63.063     42.530  39.088223     2.6614      6.852   119.8611 1.4041e+02     3.3494      0.033      0.048    20.9448 0.0000e+00
      0.033     -0.001     5.7019     62.904     42.530  39.088129     2.6875      6.865   120.9313 1.4156e+02     3.2945      0.032      0.047    20.9482 0.0000e+00
      0.033     -0.001     5.6688     62.874     42.528  39.086976     2.6963      6.878   121.9048 1.4224e+02     3.2977      0.032      0.047    20.9490 0.0000e+00
      0.033     -0.001     5.6428     63.098     42.512  39.074285     2.7015      6.893   122.8556 1.4187e+02     3.3549      0.032      0.047    20.9484 0.0000e+00
      0.033     -0.001     5.6265     63.595     42.496  39.061601     2.7250      6.908   123.7365 1.4181e+02     3.4059      0.033      0.048    20.9484 0.0000e+00
      0.032      0.000     5.6097     64.292     42.491  39.060541     2.7395      6.923   124.6406 1.4292e+02     3.3672      0.033      0.046    20.9486 0.0000e+00
      0.031      0.001     5.6002     65.092     42.490  39.061475     2.7273      6.936   125.5275 1.4422e+02     3.2633      0.031      0.044    20.9493 0.0000e+00
      0.031      0.002     5.6211     65.883     42.501  39.072900     2.6938      6.947   126.3710 1.4437e+02     3.2421      0.030      0.044    20.9516 0.0000e+00
      0.032      0.003     5.6669     66.532     42.499  39.071757     2.6503      6.959   127.1821 1.4381e+02     3.2814      0.031      0.045    20.9548 0.0000e+00
      0.034      0.003     5.7329     66.980     42.473  39.047650     2.6348      6.969   127.9363 1.4324e+02     3.3286      0.033      0.047    20.9582 0.0000e+00
      0.035      0.002     5.8058     67.234     42.458  39.035271     2.6305      6.976   128.7786 1.4272e+02     3.3349      0.035      0.050    20.9607 0.0000e+00
      0.037      0.001     5.8821     67.257     42.472  39.049002     2.6147      6.981   129.7944 1.4257e+02     3.2897      0.037      0.054    20.9626 0.0000e+00
      0.037     -0.001     5.9421     67.071     42.512  39.086756     2.6021      6.985   130.9259 1.4309e+02     3.2944      0.038      0.055    20.9635 0.0000e+00
      0.036     -0.002     5.9788     66.745     42.537  39.110986     2.6037      6.989   131.9629 1.4420e+02     3.3571      0.035      0.052    20.9634 0.0000e+00
      0.034     -0.002     6.0058     66.319     42.513  39.088127     2.6178      6.995   132.6962 1.4594e+02     3.3992      0.033      0.049    20.9640 0.0000e+00
      0.033     -0.001     6.0057     65.843     42.488  39.064210     2.6390      7.000   133.4247 1.4777e+02     3.3588      0.032      0.047    20.9654 0.0000e+00
      0.033      0.000     5.9859     65.394     42.502  39.075643     2.6600      7.005   134.4042 1.4812e+02     3.2791      0.031      0.045    20.9670 0.0000e+00
      0.034      0.002     5.9564     65.042     42.529  39.099446     2.6720      7.010   135.4198 1.4707e+02     3.2546      0.032      0.046    20.9682 0.0000e+00
      0.035      0.004     5.9172     64.832     42.530  39.098170     2.6836      7.014   136.3266 1.4607e+02     3.3027      0.034      0.049    20.9676 0.0000e+00
      0.036      0.004     5.8718     64.778     42.490  39.060206     2.6934      7.017   137.1085 1.4544e+02     3.3478      0.036      0.052    20.9657 0.0000e+00
      0.038      0.003     5.8298     64.820     42.449  39.021196     2.6988      7.020   137.9033 1.4478e+02     3.3222      0.038      0.055    20.9645 0.0000e+00
      0.039      0.002     5.7973     64.867     42.434  39.007255     2.7151      7.024   138.7953 1.4417e+02     3.3006      0.038      0.056    20.9630 0.0000e+00
      0.039      0.001     5.7774     64.840     42.446  39.018565     2.7319      7.030   139.6341 1.4459e+02     3.3597      0.039      0.056    20.9610 0.0000e+00
      0.038      0.000     5.7756     64.712     42.459  39.031028     2.7434      7.037   140.3878 1.4610e+02     3.4212      0.038      0.055    20.9588 0.0000e+00
      0.037     -0.001     5.7826     64.502     42.459  39.031027     2.7387      7.044   141.0256 1.4735e+02     3.3613      0.036      0.053    20.9573 0.0000e+00
      0.037     -0.002     5.7893     64.220     42.446  39.018543     2.6999      7.050   141.4945 1.4785e+02     3.2841      0.036      0.053    20.9574 0.0000e+00
      0.037     -0.002     5.7887     64.005     42.433  39.007003     2.6655      7.057   142.0996 1.4823e+02     3.3081      0.037      0.053    20.9581 0.0000e+00
      0.037     -0.001     5.7738     63.903     42.445  39.018427     2.6724      7.065   142.9217 1.4898e+02     3.3438      0.037      0.054    20.9585 0.0000e+00
      0.036      0.000     5.7588     63.721     42.459  39.029745     2.7079      7.073   143.6052 1.4948e+02     3.3745      0.036      0.052    20.9581 0.0000e+00
      0.036 -2.030e-08     5.7271     63.471     42.447  39.016930     2.7454      7.082   144.1685 1.4943e+02     3.3718      0.035      0.050    20.9574 0.0000e+00
      0.036 -2.234e-07     5.7007     63.271     42.423  38.990392     2.7511      7.090   144.8281 1.4948e+02     3.2772      0.035      0.051    20.9576 0.0000e+00
      0.036 -2.234e-07     5.7085     63.084     42.399  38.962709     2.7268      7.099   145.4714 1.4983e+02     3.2212      0.036      0.052    20.9584 0.0000e+00
      0.037 -2.046e-08     5.6866     62.842     42.378  38.936052     2.7348      7.106   146.0103 1.5031e+02     3.2755      0.036      0.053    20.9580 0.0000e+00
      0.037 -3.525e-09     5.6583     62.511     42.369  38.921920     2.7814      7.114   146.6110 1.5096e+02     3.3535      0.036      0.053    20.9554 0.0000e+00
      0.036 -1.863e-08     5.6456     62.083     42.374  38.918754     2.8074      7.122   147.2280 1.5173e+02     3.3435      0.035      0.051    20.9502 0.0000e+00
      0.035 -2.031e-07     5.6310     61.592     42.359  38.897758     2.8069      7.129   147.7062 1.5191e+02     3.2577      0.034      0.050    20.9426 0.0000e+00
      0.035      0.000     5.6120     61.096     42.325  38.858419     2.8339      7.134   148.0902 1.5138e+02     3.2720      0.035      0.050    20.9343 0.0000e+00
      0.036     -0.000     5.5830     60.606     42.297  38.823867     2.8928      7.136   148.6017 1.5129e+02     3.3802      0.036      0.052    20.9269 0.0000e+00
      0.036     -0.000     5.5454     60.120     42.279  38.797273     2.9200      7.133   149.5888 1.5207e+02     3.4047      0.035      0.051    20.9189 0.0000e+00
      0.036     -0.003     5.4987     59.631     42.284  38.790695     2.9211      7.120   150.7333 1.5294e+02     3.3288      0.035      0.051    20.9094 0.0000e+00
      0.036     -0.013     5.4568     59.138     42.321  38.807779     2.9232      7.097   151.6847 1.5411e+02     3.2481      0.035      0.051    20.9002 0.0000e+00
      0.036     -0.030     5.4133     58.670     42.364  38.813442     2.9033      7.072   153.0039 1.5735e+02     3.2490      0.034      0.049    20.8901 0.0000e+00
      0.035     -0.048     5.3718     58.353     42.399  38.795660     2.8730      7.046   154.4669 1.6747e+02     3.3393      0.037      0.052    20.8781 0.0000e+00
      0.025     -0.063     5.3296     58.333     42.434  38.783089     2.8562      7.023   155.1771 2.0525e+02     3.3842      0.034      0.050    20.8639 0.0000e+00
     -0.005     -0.073     5.2864     58.570     42.476  38.788305     2.8500      7.010   155.2240 3.8875e+02     3.3473     -0.001     -0.001    20.8534 0.0000e+00
     -0.042     -0.078     5.2450     58.902     42.509  38.795217     2.7559      7.010   155.2056 6.8135e+02     3.3036     -0.050     -0.073    20.8144 0.0000e+00
     -0.066     -0.076     5.2160     59.244     42.537  38.803176     2.5670      7.015   155.3847 8.2890e+02     3.3336     -0.069     -0.100    20.7405 0.0000e+00
     -0.079     -0.063     5.2223     59.542     42.575  38.821050     2.4647      7.022   155.6686 8.3392e+02     3.4367     -0.076     -0.110    20.6872 0.0000e+00
     -0.091     -0.043     5.2550     59.702     42.594  38.820928     2.4589      7.029   155.8847 8.2849e+02     3.4234     -0.090     -0.131    20.6514 0.0000e+00
     -0.102     -0.023     5.2892     59.656     42.592  38.801673     2.4891      7.037   156.1055 8.2702e+02     3.3086     -0.102     -0.149    20.6225 0.0000e+00
     -0.107     -0.007     5.3220     59.351     42.583  38.778593     2.5549      7.045   157.2197 8.2756e+02     3.2785     -0.108     -0.156    20.6058 0.0000e+00
     -0.105      0.005     5.3555     58.811     42.544  38.732234     2.6051      7.051   158.7733 8.2728e+02     3.3333     -0.104     -0.150    20.5879 0.0000e+00
     -0.098      0.017     5.3734     58.161     42.501  38.685345     2.6296      7.056   159.4025 8.3014e+02     3.4239     -0.096     -0.138    20.5651 0.0000e+00
     -0.090      0.027     5.3734     57.457     42.473  38.655865     2.6434      7.060   160.9557 8.3664e+02     3.4523     -0.087     -0.127    20.5435 0.0000e+00
     -0.084      0.037     5.3491     56.742     42.446  38.629628     2.6473      7.060   163.0978 8.3850e+02     3.3684     -0.083     -0.119    20.5278 0.0000e+00
     -0.075      0.048     5.2939     56.097     42.433  38.621946     2.6514      7.058   163.0189 7.9730e+02     3.2987     -0.074     -0.107    20.5140 0.0000e+00
     -0.064      0.058     5.2366     55.542     42.425  38.626443     2.6765      7.057   162.2393 6.2865e+02     3.3272     -0.064     -0.093    20.5050 0.0000e+00
     -0.049      0.067     5.1738     55.132     42.402  38.620561     2.7425      7.057   162.1030 3.8103e+02     3.4048     -0.051     -0.072    20.5004 0.0000e+00
     -0.027      0.071     5.1032     54.897     42.383  38.614307     2.8171      7.061   161.8010 2.2678e+02     3.4172     -0.028     -0.041    20.4987 0.0000e+00
     -0.001      0.071     5.0487     54.795     42.374  38.614306     2.8464      7.067   161.4268 1.7927e+02     3.3745     -0.001     -0.002    20.4995 0.0000e+00
      0.023      0.067     4.9926     54.808     42.373  38.620547     2.8468      7.074   161.2784 1.5961e+02     3.3321      0.027      0.039    20.5158 0.0000e+00
      0.039      0.060     4.9523     54.919     42.376  38.626321     2.9053      7.082   161.3839 1.4786e+02     3.3151      0.042      0.061    20.5407 0.0000e+00
      0.047      0.053     4.9333     55.046     42.372  38.620671     3.0291      7.087   161.7564 1.4447e+02     3.3733      0.046      0.065    20.5487 0.0000e+00
      0.055      0.048     4.9231     55.115     42.374  38.615689     3.0946      7.089   162.2539 1.4338e+02     3.3866      0.053      0.076    20.5581 0.0000e+00
      0.066      0.046     4.9231     55.134     42.400  38.629536     3.0818      7.093   162.6667 1.3978e+02     3.3055      0.066      0.094    20.5698 0.0000e+00
      0.078      0.047     4.9355     55.080     42.447  38.661162     3.0659      7.098   162.8761 1.3696e+02     3.2474      0.077      0.110    20.5725 0.0000e+00
      0.091      0.047     4.9518     54.919     42.483  38.680764     3.0611      7.106   162.9796 1.3395e+02     3.2644      0.087      0.126    20.5707 0.0000e+00
