Data/DataNotYetUploadedToEDI/Raw_CTD/RawDownloads/090924_fcr20_S7809002.cnv
* Sea-Bird SBE19plus  Data File:
* FileName = C:\R\Reservoirs\Data\DataNotYetUploadedToEDI\Raw_CTD\RawDownloads\090924_fcr40_S7809_0002.hex
* Software version 2.8.0.119
* Temperature SN = 7809
* Conductivity SN = 7809
* System UpLoad Time = Sep 09 2024 17:05:41
* <ApplicationData>
* <Seaterm232>
# nquan = 15
# nvalues = 798                         
# units = specified
# name 0 = depFM: Depth [fresh water, m]
# name 1 = dz/dtM: Descent Rate [m/s]
# name 2 = sbeox0Mg/L: Oxygen, SBE 43 [mg/l]
# name 3 = sbeox0PS: Oxygen, SBE 43 [% saturation]
# name 4 = specc: Specific Conductance [uS/cm]
# name 5 = c0uS/cm: Conductivity [uS/cm]
# name 6 = flECO-AFL: Fluorescence, WET Labs ECO-AFL/FL [mg/m^3]
# name 7 = ph: pH
# name 8 = orp: Oxidation Reduction Potential [mV]
# name 9 = par/sat/log: PAR/Logarithmic, Satlantic
# name 10 = turbWETntu0: Turbidity, WET Labs ECO [NTU]
# name 11 = prdM: Pressure, Strain Gauge [db]
# name 12 = prdE: Pressure, Strain Gauge [psi]
# name 13 = tv290C: Temperature [ITS-90, deg C]
# name 14 = flag:  0.000e+00
# span 0 =     -0.591,      3.392       
# span 1 =     -0.240,      0.250       
# span 2 =     4.3149,     8.9740       
# span 3 =     48.397,     98.224       
# span 4 =      1.878,     56.433       
# span 5 =   1.603824,  51.219626       
# span 6 =    -0.5167,    46.4946       
# span 7 =      6.262,      7.942       
# span 8 =    69.3273,  1240.2275       
# span 9 = 1.1721e+01, 1.3965e+03       
# span 10 =    -0.2167,   102.4709      
# span 11 =     -0.581,      3.327      
# span 12 =     -0.841,      4.826      
# span 13 =    17.6728,    21.2027      
# span 14 = 0.0000e+00, 0.0000e+00      
# interval = seconds: 0.25
# start_time = Sep 09 2024 10:25:35 [Instrument's time stamp, header]
# bad_flag = -9.990e-29
*END*
[from data line 482]
      2.966      0.051     6.5586     73.430     42.732  39.257159     4.8483      7.785   222.6251 1.6672e+01     3.4416      2.909      4.219    20.9324 0.0000e+00
      2.980      0.057     6.5546     73.417     42.772  39.293673     4.8478      7.783   222.7681 1.6508e+01     3.5011      2.920      4.235    20.9323 0.0000e+00
      3.000      0.060     6.5521     73.416     42.772  39.293768     4.8275      7.781   222.9078 1.6254e+01     3.4822      2.941      4.266    20.9309 0.0000e+00
      3.021      0.060     6.5559     73.459     42.733  39.258311     4.6691      7.781   223.1088 1.6025e+01     3.4527      2.966      4.302    20.9296 0.0000e+00
      3.038      0.059     6.5541     73.521     42.721  39.245741     4.3719      7.781   223.3067 1.5903e+01     3.4176      2.983      4.326    20.9295 0.0000e+00
      3.049      0.055     6.5536     73.556     42.747  39.268705     4.2056      7.780   223.3209 1.5819e+01     3.3311      2.990      4.337    20.9294 0.0000e+00
      3.058      0.050     6.5508     73.568     42.764  39.282115     4.1900      7.779   223.2805 1.5658e+01     3.2607      2.998      4.347    20.9295 0.0000e+00
      3.071      0.045     6.5559     73.570     42.765  39.280952     4.3170      7.780   223.2475 1.5457e+01     3.4203      3.012      4.368    20.9291 0.0000e+00
      3.085      0.041     6.5645     73.581     42.740  39.254641     4.5833      7.782   223.1802 1.5311e+01     3.7243      3.027      4.390    20.9277 0.0000e+00
      3.096      0.036     6.5659     73.589     42.702  39.217833     4.7472      7.784   223.1553 1.5202e+01     3.8614      3.037      4.404    20.9264 0.0000e+00
      3.104      0.029     6.5681     73.555     42.704  39.216672     4.7753      7.786   223.2048 1.5119e+01     3.8144      3.044      4.416    20.9242 0.0000e+00
      3.111      0.023     6.5670     73.480     42.734  39.240588     4.9065      7.787   223.3492 1.5068e+01     3.7369      3.052      4.427    20.9207 0.0000e+00
      3.116      0.018     6.5689     73.398     42.750  39.253156     5.1598      7.787   223.5239 1.5042e+01     3.7095      3.058      4.434    20.9178 0.0000e+00
      3.117      0.015     6.5718     73.323     42.739  39.241713     5.3002      7.786   223.6825 1.5063e+01     3.6884      3.057      4.435    20.9156 0.0000e+00
      3.117      0.015     6.5694     73.262     42.726  39.229143     5.3053      7.786   223.8050 1.5069e+01     3.6175      3.055      4.432    20.9115 0.0000e+00
      3.120      0.016     6.5614     73.248     42.723  39.228094     5.0958      7.786   223.7996 1.5001e+01     3.5357      3.058      4.435    20.9070 0.0000e+00
      3.127      0.017     6.5540     73.265     42.721  39.229039     4.6979      7.786   223.7893 1.4931e+01     3.5195      3.067      4.448    20.9051 0.0000e+00
      3.135      0.019     6.5485     73.274     42.732  39.240567     4.4811      7.788   223.8532 1.4900e+01     3.5587      3.076      4.461    20.9033 0.0000e+00
      3.140      0.021     6.5407     73.282     42.732  39.240557     4.4553      7.790   223.8833 1.4852e+01     3.6000      3.080      4.467    20.9007 0.0000e+00
      3.144      0.021     6.5399     73.304     42.722  39.228924     4.4529      7.791   223.8947 1.4806e+01     3.6084      3.083      4.471    20.9038 0.0000e+00
      3.147      0.022     6.5434     73.330     42.726  39.226826     4.4764      7.791   223.9912 1.4790e+01     3.5917      3.085      4.475    20.9089 0.0000e+00
      3.151      0.025     6.5425     73.317     42.720  39.215186     4.5314      7.792   224.0177 1.4755e+01     3.6715      3.090      4.481    20.9104 0.0000e+00
      3.158      0.029     6.5429     73.251     42.725  39.215095     4.5697      7.793   223.8717 1.4678e+01     3.7879      3.097      4.492    20.9108 0.0000e+00
      3.168      0.035     6.5453     73.172     42.740  39.225724     4.5986      7.794   223.8602 1.4561e+01     3.8371      3.107      4.506    20.9078 0.0000e+00
      3.178      0.040     6.5501     73.098     42.733  39.216765     4.8719      7.793   223.9648 1.4418e+01     3.8227      3.116      4.519    20.9008 0.0000e+00
      3.188      0.044     6.5518     73.019     42.754  39.233695     5.3597      7.793   223.9322 1.4270e+01     3.7505      3.125      4.532    20.8925 0.0000e+00
      3.201      0.046     6.5433     72.949     42.835  39.303500     5.6193      7.793   223.8954 1.4135e+01     3.7498      3.139      4.552    20.8872 0.0000e+00
      3.214      0.046     6.5366     72.883     42.910  39.362690     5.6639      7.794   223.9506 1.4007e+01     3.8145      3.153      4.573    20.8842 0.0000e+00
      3.226      0.043     6.5314     72.813     42.942  39.378197     5.9239      7.795   223.9974 1.3847e+01     4.1570      3.164      4.589    20.8822 0.0000e+00
      3.239      0.038     6.5232     72.704     42.943  39.364057     6.3827      7.796   224.0304 1.3669e+01     4.8162      3.177      4.607    20.8786 0.0000e+00
      3.251      0.029     6.5186     72.486     42.903  39.318623     6.6171      7.796   224.0922 1.3564e+01     5.1583      3.191      4.629    20.8736 0.0000e+00
      3.258      0.018     6.5136     72.146     42.851  39.273068     6.6028      7.797   224.1417 1.3552e+01     5.1851      3.197      4.636    20.8662 0.0000e+00
      3.260      0.007     6.5102     71.766     42.823  39.257489     6.3508      7.798   224.1124 1.3557e+01     5.1394      3.196      4.636    20.8462 0.0000e+00
      3.261     -0.001     6.5067     71.441     42.810  39.257196     5.9005      7.800   224.0826 1.3589e+01     4.9480      3.200      4.641    20.8236 0.0000e+00
      3.256     -0.005     6.4900     71.243     42.817  39.269551     5.6538      7.801   224.0397 1.3674e+01     4.7845      3.195      4.634    20.8128 0.0000e+00
      3.249     -0.004     6.4547     71.228     42.828  39.279953     5.6058      7.801   223.9377 1.3753e+01     4.7326      3.184      4.618    20.8162 0.0000e+00
      3.244      0.001     6.4163     71.363     42.803  39.256045     5.4621      7.802   223.8817 1.3780e+01     4.7994      3.179      4.611    20.8320 0.0000e+00
      3.246      0.007     6.3833     71.578     42.780  39.234323     5.2400      7.803   223.7066 1.3727e+01     4.9426      3.181      4.614    20.8476 0.0000e+00
      3.251      0.015     6.3617     71.848     42.820  39.271152     5.1251      7.803   223.3695 1.3633e+01     4.9961      3.188      4.623    20.8544 0.0000e+00
      3.259      0.023     6.3618     72.109     42.876  39.320575     5.1212      7.803   223.1617 1.3548e+01     4.9673      3.195      4.635    20.8544 0.0000e+00
      3.267      0.029     6.3782     72.280     42.886  39.324204     5.2772      7.803   223.1730 1.3459e+01     5.0718      3.203      4.646    20.8513 0.0000e+00
      3.274      0.033     6.3966     72.377     42.884  39.315027     7.0695      7.802   223.3343 1.3366e+01     6.6695      3.210      4.656    20.8502 0.0000e+00
      3.282      0.035     6.4222     72.390     42.915  39.336526    10.3695      7.801   223.4771 1.3263e+01     9.6654      3.217      4.666    20.8517 0.0000e+00
      3.292      0.034     6.4512     72.251     42.985  39.393748    12.2435      7.801   223.5231 1.3137e+01    11.4403      3.227      4.680    20.8501 0.0000e+00
      3.303      0.033     6.4643     71.997     43.037  39.435730    13.1978      7.801   223.5461 1.3015e+01    12.8255      3.240      4.699    20.8428 0.0000e+00
      3.314      0.031     6.4737     71.707     43.073  39.463365    21.9075      7.802   223.5822 1.2919e+01    26.2094      3.251      4.715    20.8332 0.0000e+00
      3.321      0.028     6.4814     71.427     43.164  39.537490    37.8582      7.803   223.7019 1.2864e+01    50.7339      3.257      4.725    20.8246 0.0000e+00
      3.325      0.025     6.4669     71.174     43.289  39.633870    46.4946      7.803   223.8747 1.2838e+01    64.1869      3.261      4.730    20.8174 0.0000e+00
      3.330      0.021     6.4413     70.889     43.432  39.740204    46.3937      7.804   223.9508 1.2785e+01    66.2359      3.264      4.733    20.8116 0.0000e+00
      3.335      0.019     6.4166     70.547     43.606  39.871198    36.4972      7.805   223.9337 1.2695e+01    75.7816      3.269      4.742    20.8063 0.0000e+00
      3.341      0.017     6.3892     70.150     43.797  40.011884    18.1987      7.805   223.9261 1.2620e+01    93.1446      3.277      4.753    20.7981 0.0000e+00
      3.346      0.017     6.3741     69.680     44.010  40.171915     8.1827      7.806   223.9455 1.2584e+01   102.4709      3.282      4.761    20.7761 0.0000e+00
      3.349      0.016     6.3525     69.154     44.295  40.409876     7.1142      7.807   223.8230 1.2565e+01   101.2676      3.285      4.764    20.7447 0.0000e+00
      3.351      0.015     6.3238     68.562     44.673  40.731237     5.2804      7.808   223.4783 1.2560e+01    77.9804      3.286      4.766    20.7171 0.0000e+00
      3.354      0.014     6.2962     67.857     45.241  41.201522     2.0488      7.808   223.2190 1.2543e+01    35.0863      3.289      4.770    20.6753 0.0000e+00
      3.359      0.014     6.2578     67.017     46.225  42.034124     0.2934      7.808   223.1833 1.2458e+01    11.6813      3.294      4.778    20.6255 0.0000e+00
      3.363      0.014     6.2134     66.037     47.531  43.181805     0.1283      7.809   223.2182 1.2350e+01     9.3771      3.299      4.784    20.6073 0.0000e+00
      3.367      0.013     6.1637     64.903     48.612  44.160872     0.0697      7.809   223.2974 1.2296e+01     7.1582      3.302      4.790    20.5972 0.0000e+00
      3.370      0.012     6.1077     63.589     49.096  44.604728    -0.0164      7.810   223.3668 1.2266e+01     3.4360      3.305      4.794    20.5403 0.0000e+00
      3.372      0.010     6.0418     62.000     49.321  44.803368    -0.0720      7.811   223.3686 1.2212e+01     1.4008      3.307      4.796    20.4517 0.0000e+00
      3.375      0.008     5.9613     60.118     49.655  45.102596    -0.0708      7.811   223.4048 1.2154e+01     1.2023      3.309      4.799    20.4012 0.0000e+00
      3.377      0.007     5.8557     58.121     49.938  45.366117    -0.0599      7.812   223.4603 1.2100e+01     1.2068      3.312      4.803    20.4173 0.0000e+00
      3.379      0.006     5.7410     56.225     50.096  45.513900    -0.0487      7.813   223.5238 1.2051e+01     1.2835      3.313      4.806    20.4285 0.0000e+00
      3.379      0.005     5.6023     54.579     50.313  45.683317    -0.0427      7.814   223.6568 1.2009e+01     1.3449      3.314      4.807    20.4129 0.0000e+00
      3.380      0.004     5.4242     53.258     50.318  45.637013    -0.0453      7.814   223.6921 1.1963e+01     1.3344      3.315      4.808    20.4072 0.0000e+00
      3.381      0.003     5.2372     52.300     49.807  45.144381    -0.0477      7.814   223.6052 1.1931e+01     1.2925      3.316      4.810    20.4141 0.0000e+00
      3.382      0.002     5.0586     51.699     49.070  44.487889    -0.0548      7.815   223.6382 1.1925e+01     1.3846      3.317      4.811    20.4376 0.0000e+00
      3.382      0.001     4.9116     51.413     48.465  43.983812    -0.0556      7.815   223.7472 1.1913e+01     1.6285      3.317      4.811    20.4077 0.0000e+00
      3.382      0.001     4.7984     51.424     48.212  43.810433    -0.0498      7.815   223.8052 1.1908e+01     1.7817      3.317      4.811    20.3301 0.0000e+00
      3.382      0.001     4.7145     51.758     48.283  43.915093    -0.0511      7.816   223.9092 1.1918e+01     1.8028      3.316      4.810    20.2989 0.0000e+00
      3.382      0.002     4.6614     52.472     48.682  44.297169    -0.0629      7.818   223.8865 1.1907e+01     1.6445      3.317      4.811    20.3152 0.0000e+00
      3.383      0.002     4.6312     53.552     49.583  45.129329    -0.0759      7.818   223.7021 1.1882e+01     1.3369      3.317      4.811    20.3648 0.0000e+00
      3.384      0.003     4.6246     54.817     51.575  46.930599    -0.0676      7.816   223.6595 1.1865e+01     1.2262      3.318      4.812    20.4390 0.0000e+00
      3.385      0.004     4.6486     56.034     54.743  49.760554    -0.0448      7.816   223.8008 1.1858e+01     1.2957      3.319      4.814    20.4837 0.0000e+00
      3.386      0.004     4.7106     56.963     56.433  51.219626    -0.0413      7.816   224.0339 1.1853e+01     1.0508      3.321      4.816    20.4868 0.0000e+00
      3.387      0.005     4.8137     57.285     55.133  49.968551    -0.0592      7.816   224.2411 1.1833e+01     0.5198      3.321      4.817    20.5126 0.0000e+00
      3.389      0.005     4.9349     56.657     52.328  47.396616    -0.0697      7.814   224.3274 1.1784e+01     0.3059      3.322      4.819    20.5120 0.0000e+00
      3.390      0.004     5.0562     54.977     49.025  44.439146    -0.0606      7.812   224.3019 1.1729e+01     0.3782      3.324      4.821    20.4533 0.0000e+00
      3.391      0.003     5.1583     52.717     46.676  42.395748    -0.0482      7.810   224.2780 1.1721e+01     0.2665      3.325      4.822    20.3787 0.0000e+00
      3.392      0.001     5.2077     50.752     46.051  41.923809    -0.0531      7.809   224.3829 1.1771e+01    -0.0201      3.327      4.825    20.2936 0.0000e+00
      3.392      0.000     5.1635     49.918     46.307  42.224092    -0.0703      7.808   224.5374 1.1838e+01    -0.1837      3.327      4.826    20.2589 0.0000e+00
      3.391     -0.002     4.9894     50.672     46.619  42.535668    -0.0731      7.807   224.5976 1.1867e+01    -0.1740      3.326      4.824    20.2996 0.0000e+00
      3.390     -0.004     4.7440     52.913     46.458  42.390614    -0.0611      7.806   224.5936 1.1858e+01    -0.1076      3.324      4.822    20.4074 0.0000e+00
      3.389     -0.006     4.5281     56.124     45.955  41.930103    -0.0508      7.806   224.6618 1.1860e+01    -0.0298      3.324      4.821    20.5294 0.0000e+00
      3.388     -0.008     4.4295     59.594     45.237  41.283613    -0.0488      7.806   224.8201 1.1880e+01     0.0148      3.323      4.820    20.6035 0.0000e+00
      3.386     -0.011     4.5011     62.696     44.469  40.603399    -0.0614      7.806   224.8723 1.1925e+01     0.0214      3.321      4.817    20.6255 0.0000e+00
      3.383     -0.014     4.7202     65.117     43.974  40.179289    -0.0703      7.807   224.8630 1.2014e+01     0.0847      3.317      4.812    20.6170 0.0000e+00
      3.379     -0.018     5.0330     66.817     43.708  39.963662    -0.0567      7.808   225.0513 1.2109e+01     0.9164      3.314      4.806    20.6124 0.0000e+00
      3.374     -0.023     5.3667     67.931     43.475  39.773282    -0.0382      7.809   225.3428 1.2157e+01     2.4604      3.308      4.798    20.6205 0.0000e+00
      3.368     -0.033     5.6499     68.656     42.771  39.146709    -0.0292      7.810   225.6334 1.2143e+01     3.3133      3.302      4.790    20.6456 0.0000e+00
      3.362     -0.048     5.8646     69.173     42.167  38.606818     0.0599      7.810   225.9844 1.2127e+01     3.8840      3.297      4.782    20.6812 0.0000e+00
      3.354     -0.064     6.0079     69.661     42.750  39.147174     1.2049      7.810   226.2322 1.2203e+01    10.1119      3.291      4.775    20.7140 0.0000e+00
      3.339     -0.075     6.0973     70.194     43.507  39.841931     3.3285      7.809   226.2193 1.2475e+01    21.5684      3.280      4.758    20.7394 0.0000e+00
      3.311     -0.079     6.1559     70.672     43.646  39.963091     4.4952      7.807   226.1726 1.2958e+01    27.7640      3.251      4.715    20.7603 0.0000e+00
      3.274     -0.076     6.1928     70.939     43.394  39.723620     4.6256      7.807   226.3559 1.3419e+01    27.9424      3.206      4.652    20.7748 0.0000e+00
      3.246     -0.069     6.2328     70.939     43.068  39.421491     4.9130      7.807   226.6288 1.3644e+01    24.4087      3.174      4.605    20.7825 0.0000e+00
