Data/DataNotYetUploadedToEDI/Raw_CTD/RawDownloads/090924_fcr50_S7809005.cnv
* Sea-Bird SBE19plus  Data File:
* FileName = C:\R\Reservoirs\Data\DataNotYetUploadedToEDI\Raw_CTD\RawDownloads\090924_fcr40_S7809_0005.hex
* Software version 2.8.0.119
* Temperature SN = 7809
* Conductivity SN = 7809
* System UpLoad Time = Sep 09 2024 17:06:45
* <ApplicationData>
* <Seaterm232>
# nquan = 15
# nvalues = 961                         
# units = specified
# name 0 = depFM: Depth [fresh water, m]
# name 1 = dz/dtM: Descent Rate [m/s]
# name 2 = sbeox0Mg/L: Oxygen, SBE 43 [mg/l]
# name 3 = sbeox0PS: Oxygen, SBE 43 [% saturation]
# name 4 = specc: Specific Conductance [uS/cm]
# name 5 = c0uS/cm: Conductivity [uS/cm]
# name 6 = flECO-AFL: Fluorescence, WET Labs ECO-AFL/FL [mg/m^3]
# name 7 = ph: pH
# name 8 = orp: Oxidation Reduction Potential [mV]
# name 9 = par/sat/log: PAR/Logarithmic, Satlantic
# name 10 = turbWETntu0: Turbidity, WET Labs ECO [NTU]
# name 11 = prdM: Pressure, Strain Gauge [db]
# name 12 = prdE: Pressure, Strain Gauge [psi]
# name 13 = tv290C: Temperature [ITS-90, deg C]
# name 14 = flag:  0.000e+00
# span 0 =     -0.588,      5.595       
# span 1 =     -0.332,      0.102       
# span 2 =     0.1701,     8.6749       
# span 3 =      1.690,     98.250       
# span 4 =     20.074,     80.056       
# span 5 =  18.578272,  65.358842       
# span 6 =    -0.0993,    63.8738       
# span 7 =      7.455,      8.098       
# span 8 =    93.1608,   238.2755       
# span 9 = 1.2735e-01, 1.5517e+03       
# span 10 =     0.8254,    22.5681      
# span 11 =     -0.578,      5.491      
# span 12 =     -0.837,      7.965      
# span 13 =    13.1304,    21.6252      
# span 14 = 0.0000e+00, 0.0000e+00      
# interval = seconds: 0.25
# start_time = Sep 09 2024 11:28:34 [Instrument's time stamp, header]
# bad_flag = -9.990e-29
*END*
[from data line 97]
      0.005     -0.001     4.8910     54.286     42.491  39.501230     3.3160      7.939   151.1986 9.5302e+02     6.0298      0.005      0.007    21.4904 0.0000e+00
      0.005     -0.004     4.8640     53.998     42.486  39.493068     3.3273      7.940   154.4664 9.8286e+02     6.0269      0.005      0.007    21.4871 0.0000e+00
      0.005     -0.011     4.8392     53.675     42.481  39.485002     3.3203      7.940   152.8468 9.7591e+02     6.0211      0.006      0.009    21.4838 0.0000e+00
      0.004     -0.026     4.8168     53.251     42.469  39.467156     3.3060      7.937   153.1260 9.5748e+02     5.9940      0.004      0.006    21.4804 0.0000e+00
      0.003     -0.046     4.7963     52.884     42.494  39.467668     3.3054      7.933   156.1215 1.0165e+03     5.9730      0.004      0.006    21.4765 0.0000e+00
     -0.005     -0.068     4.7675     52.833     42.562  39.491175     3.2878      7.929   155.2516 1.0840e+03     5.9371      0.002      0.002    21.4720 0.0000e+00
     -0.027     -0.086     4.7468     52.915     42.614  39.497470     3.0096      7.925   153.3624 1.1393e+03     5.8671     -0.020     -0.030    21.4679 0.0000e+00
     -0.064     -0.094     4.7053     52.874     42.627  39.480262     2.4963      7.923   154.3598 1.2010e+03     5.8446     -0.063     -0.091    21.4671 0.0000e+00
     -0.102     -0.088     4.6560     52.881     42.635  39.473464     2.2171      7.922   156.3841 1.2286e+03     5.9037     -0.104     -0.150    21.4442 0.0000e+00
     -0.133     -0.063     4.6700     53.183     42.647  39.478709     2.2053      7.920   157.2740 1.2326e+03     6.0007     -0.132     -0.192    21.3872 0.0000e+00
     -0.153     -0.025     4.6947     53.668     42.652  39.480218     2.3120      7.919   167.6146 1.2398e+03     6.0277     -0.155     -0.227    21.3322 0.0000e+00
     -0.157      0.019     4.6864     54.313     42.660  39.491704     2.5001      7.920   179.6265 1.2418e+03     5.9562     -0.162     -0.237    21.2974 0.0000e+00
     -0.139      0.059     4.6714     55.221     42.643  39.490667     2.5991      7.923   180.8498 1.2386e+03     5.8875     -0.143     -0.206    21.2827 0.0000e+00
     -0.105      0.087     4.7121     56.238     42.598  39.467687     2.6097      7.926   179.0500 1.2150e+03     5.9148     -0.104     -0.151    21.2801 0.0000e+00
     -0.068      0.101     4.7563     57.187     42.577  39.467737     2.6782      7.928   168.1045 1.0712e+03     6.0129     -0.066     -0.096    21.2747 0.0000e+00
     -0.033      0.102     4.8012     57.951     42.581  39.491287     2.7948      7.928   156.7460 7.4033e+02     6.0149     -0.031     -0.045    21.2745 0.0000e+00
     -0.005      0.097     4.8932     58.542     42.572  39.498619     2.8465      7.927   154.6844 4.0275e+02     5.9047     -0.001     -0.001    21.2965 0.0000e+00
      0.011      0.091     4.9825     59.148     42.554  39.492941     2.8456      7.927   154.1053 2.6015e+02     5.8420      0.014      0.020    21.3224 0.0000e+00
      0.022      0.086     5.0702     59.882     42.537  39.486112     2.8424      7.928   153.8728 2.4296e+02     5.8722      0.018      0.026    21.3428 0.0000e+00
      0.040      0.084     5.1363     60.655     42.519  39.479518     2.8739      7.929   153.7668 2.6191e+02     5.9282      0.034      0.050    21.3683 0.0000e+00
      0.068      0.086     5.1771     61.355     42.507  39.476690     2.9350      7.929   153.7698 3.8506e+02     5.9380      0.069      0.101    21.3892 0.0000e+00
      0.096      0.088     5.2252     61.954     42.474  39.451939     2.9571      7.929   153.7373 6.3637e+02     5.9228      0.095      0.139    21.3981 0.0000e+00
      0.120      0.088     5.2945     62.433     42.449  39.434100     2.9586      7.930   153.8040 7.6486e+02     5.9149      0.117      0.170    21.4064 0.0000e+00
      0.142      0.081     5.3656     62.702     42.462  39.451397     3.0275      7.932   154.1465 6.1367e+02     5.9108      0.140      0.203    21.4212 0.0000e+00
      0.163      0.068     5.4260     62.664     42.477  39.470701     3.1487      7.934   154.5234 4.4275e+02     5.9414      0.160      0.232    21.4329 0.0000e+00
      0.180      0.054     5.4780     62.320     42.489  39.477125     3.2009      7.935   154.8324 4.6262e+02     5.9771      0.179      0.261    21.4389 0.0000e+00
      0.193      0.041     5.5232     61.738     42.496  39.465598     3.1924      7.937   155.1294 6.4858e+02     5.9334      0.191      0.277    21.4435 0.0000e+00
      0.200      0.031     5.5510     60.999     42.511  39.458225     3.2201      7.940   155.3619 7.9575e+02     5.8574      0.198      0.288    21.4494 0.0000e+00
      0.203      0.026     5.5454     60.219     42.518  39.451406     3.2865      7.940   155.5775 7.6924e+02     5.8779      0.201      0.291    21.4594 0.0000e+00
      0.203      0.027     5.5129     59.503     42.516  39.446591     3.3303      7.939   155.8441 8.3440e+02     5.9410      0.198      0.286    21.4580 0.0000e+00
      0.206      0.033     5.4623     58.909     42.530  39.463468     3.3334      7.939   156.1757 9.7138e+02     5.9371      0.200      0.289    21.4309 0.0000e+00
      0.215      0.043     5.3964     58.484     42.527  39.465088     3.3646      7.940   156.4894 8.6555e+02     5.9340      0.209      0.304    21.3999 0.0000e+00
      0.228      0.052     5.3246     58.229     42.529  39.466180     3.4332      7.942   156.7985 6.6629e+02     6.0059      0.222      0.322    21.3840 0.0000e+00
      0.247      0.056     5.2613     58.074     42.543  39.476675     3.4722      7.944   157.1600 5.6488e+02     6.1232      0.241      0.348    21.3813 0.0000e+00
      0.270      0.053     5.2052     57.922     42.531  39.465052     3.4863      7.946   157.5044 5.5544e+02     6.2244      0.267      0.387    21.3901 0.0000e+00
      0.288      0.045     5.1667     57.701     42.525  39.452570     3.4622      7.947   157.9508 5.7448e+02     6.1712      0.288      0.416    21.3993 0.0000e+00
      0.298      0.035     5.1476     57.393     42.545  39.452676     3.3976      7.949   158.6858 5.5357e+02     5.9921      0.295      0.427    21.3934 0.0000e+00
      0.301      0.029     5.1374     57.000     42.582  39.466306     3.3625      7.950   159.6803 5.3493e+02     5.9034      0.296      0.429    21.3877 0.0000e+00
      0.300      0.032     5.1263     56.552     42.620  39.490415     3.3626      7.950   160.6832 5.2707e+02     5.9183      0.294      0.427    21.3934 0.0000e+00
      0.300      0.042     5.1069     56.174     42.620  39.490311     3.3665      7.950   161.6051 5.3158e+02     5.8990      0.293      0.425    21.3890 0.0000e+00
      0.305      0.057     5.0823     56.008     42.585  39.465049     3.3752      7.951   162.3956 5.4123e+02     5.8416      0.293      0.425    21.3617 0.0000e+00
      0.325      0.069     5.0507     56.052     42.545  39.438833     3.3928      7.953   163.0139 5.1984e+02     5.8732      0.312      0.453    21.3306 0.0000e+00
      0.360      0.075     5.0081     56.202     42.521  39.427188     3.4136      7.955   163.5744 4.7799e+02     5.9737      0.356      0.515    21.3180 0.0000e+00
      0.390      0.074     4.9673     56.347     42.539  39.451190     3.4349      7.956   164.0095 4.4548e+02     6.0321      0.388      0.562    21.3204 0.0000e+00
      0.410      0.066     4.9534     56.433     42.563  39.475200     3.4584      7.959   164.4027 4.3965e+02     6.0329      0.405      0.587    21.3300 0.0000e+00
      0.422      0.052     4.9593     56.466     42.558  39.463657     3.4730      7.963   164.9731 4.5118e+02     5.9830      0.417      0.604    21.3444 0.0000e+00
      0.428      0.038     4.9754     56.423     42.544  39.438536     3.4704      7.965   165.5716 4.5610e+02     5.9065      0.421      0.610    21.3574 0.0000e+00
      0.431      0.031     4.9893     56.282     42.539  39.425281     3.4846      7.966   166.0473 4.9140e+02     5.8932      0.422      0.613    21.3676 0.0000e+00
      0.435      0.030     4.9946     56.114     42.545  39.430308     3.5369      7.966   166.5091 5.8148e+02     5.9602      0.425      0.617    21.3732 0.0000e+00
      0.442      0.032     4.9997     56.009     42.550  39.435859     3.5949      7.966   167.0253 6.3990e+02     6.0323      0.431      0.624    21.3619 0.0000e+00
      0.452      0.034     5.0001     55.962     42.543  39.428930     3.6124      7.966   167.5554 6.1018e+02     6.0140      0.442      0.642    21.3415 0.0000e+00
      0.465      0.035     4.9857     55.932     42.525  39.409996     3.5977      7.967   168.0139 5.5740e+02     5.9097      0.457      0.664    21.3315 0.0000e+00
      0.477      0.035     4.9658     55.884     42.515  39.397314     3.6006      7.969   168.4399 5.4719e+02     5.8983      0.469      0.679    21.3332 0.0000e+00
      0.485      0.035     4.9584     55.794     42.523  39.402507     3.6222      7.969   168.9202 5.5183e+02     5.9793      0.476      0.690    21.3364 0.0000e+00
      0.491      0.035     4.9549     55.677     42.531  39.409321     3.6344      7.969   169.3472 5.3582e+02     6.0004      0.483      0.701    21.3357 0.0000e+00
      0.496      0.035     4.9538     55.549     42.539  39.416243     3.6228      7.970   169.6451 5.2398e+02     5.9481      0.486      0.705    21.3328 0.0000e+00
      0.505      0.036     4.9511     55.386     42.548  39.422741     3.5990      7.972   169.9416 5.2084e+02     5.8936      0.493      0.715    21.3277 0.0000e+00
      0.517      0.039     4.9427     55.163     42.553  39.424425     3.5969      7.973   170.3505 5.0612e+02     5.9223      0.508      0.737    21.3246 0.0000e+00
      0.529      0.044     4.9312     54.910     42.568  39.436599     3.6134      7.974   170.8025 4.9870e+02     5.9875      0.520      0.753    21.3253 0.0000e+00
      0.539      0.050     4.9210     54.661     42.573  39.443001     3.6239      7.974   171.1919 4.8579e+02     5.9995      0.528      0.767    21.3250 0.0000e+00
      0.550      0.057     4.9087     54.453     42.563  39.438376     3.6157      7.975   171.5307 5.0757e+02     5.9638      0.538      0.781    21.3220 0.0000e+00
      0.563      0.064     4.8872     54.363     42.561  39.444139     3.5970      7.976   171.8882 5.3768e+02     5.8973      0.551      0.799    21.3187 0.0000e+00
      0.581      0.068     4.8636     54.419     42.559  39.449234     3.6063      7.976   172.3306 4.7270e+02     5.9143      0.569      0.825    21.3163 0.0000e+00
      0.602      0.068     4.8423     54.590     42.540  39.436533     3.6281      7.975   172.8359 4.0068e+02     5.9981      0.589      0.855    21.3165 0.0000e+00
      0.627      0.062     4.8186     54.795     42.511  39.417494     3.6286      7.974   173.1794 3.8110e+02     6.0222      0.616      0.894    21.3218 0.0000e+00
      0.648      0.051     4.8092     54.902     42.491  39.409421     3.6199      7.974   173.3004 3.7946e+02     6.0006      0.641      0.928    21.3345 0.0000e+00
      0.660      0.037     4.8148     54.857     42.475  39.402406     3.6062      7.977   173.4385 3.9922e+02     5.9419      0.650      0.942    21.3433 0.0000e+00
      0.663      0.022     4.8308     54.689     42.467  39.396154     3.6042      7.979   173.6446 4.3315e+02     5.9266      0.652      0.946    21.3440 0.0000e+00
      0.661      0.011     4.8550     54.409     42.475  39.397290     3.6209      7.980   173.8986 4.3417e+02     5.9875      0.649      0.941    21.3537 0.0000e+00
      0.659      0.008     4.8640     54.031     42.506  39.416130     3.6424      7.981   174.1871 3.9573e+02     5.9945      0.645      0.935    21.3698 0.0000e+00
      0.658      0.014     4.8570     53.623     42.533  39.433549     3.6637      7.982   174.4651 3.6395e+02     5.9428      0.645      0.935    21.3798 0.0000e+00
      0.658      0.025     4.8416     53.227     42.517  39.417505     3.6701      7.982   174.8512 3.5855e+02     5.9096      0.643      0.933    21.3818 0.0000e+00
      0.664      0.038     4.8189     52.856     42.508  39.412521     3.6709      7.983   175.2415 3.5377e+02     5.9338      0.648      0.940    21.3735 0.0000e+00
      0.679      0.049     4.7824     52.528     42.531  39.436761     3.6640      7.985   175.4854 3.2372e+02     5.9623      0.664      0.963    21.3585 0.0000e+00
      0.698      0.059     4.7469     52.240     42.550  39.456745     3.6364      7.986   175.7344 2.9665e+02     5.9471      0.684      0.992    21.3485 0.0000e+00
      0.718      0.064     4.7118     51.987     42.556  39.463763     3.6121      7.987   176.0160 2.8236e+02     5.9205      0.704      1.022    21.3485 0.0000e+00
      0.736      0.064     4.6771     51.787     42.547  39.458160     3.6029      7.987   176.3086 2.6522e+02     5.8803      0.723      1.048    21.3542 0.0000e+00
      0.752      0.061     4.6485     51.656     42.535  39.452469     3.6088      7.987   176.6044 2.4406e+02     5.9050      0.739      1.071    21.3587 0.0000e+00
      0.766      0.054     4.6225     51.564     42.538  39.458409     3.6168      7.988   176.8401 2.2432e+02     5.9458      0.751      1.089    21.3614 0.0000e+00
      0.779      0.046     4.6006     51.511     42.617  39.529992     3.6073      7.990   177.0932 2.0917e+02     5.8952      0.764      1.107    21.3613 0.0000e+00
      0.792      0.039     4.5799     51.615     42.783  39.683346     3.5952      7.991   177.3413 1.9295e+02     5.8399      0.778      1.128    21.3630 0.0000e+00
      0.802      0.032     4.5714     52.540     42.889  39.789514     3.5949      7.991   177.5166 1.7860e+02     5.8576      0.788      1.142    21.3715 0.0000e+00
      0.807      0.027     4.5606     55.460     42.881  39.798288     3.6206      7.992   177.7506 1.7052e+02     5.9390      0.792      1.148    21.3771 0.0000e+00
      0.811      0.024     4.5570     60.688     42.853  39.789453     3.6645      7.993   178.0195 1.6601e+02     5.9703      0.796      1.154    21.3733 0.0000e+00
      0.813      0.024     4.5520     67.121     42.860  39.809645     3.6763      7.994   178.1860 1.6241e+02     5.9281      0.798      1.157    21.3682 0.0000e+00
      0.818      0.027     4.5790     73.447     42.897  39.852052     3.6553      7.995   178.3875 1.5893e+02     5.9067      0.800      1.160    21.3775 0.0000e+00
      0.826      0.032     4.8182     78.840     42.897  39.857969     3.6683      7.995   178.7354 1.5553e+02     5.9171      0.810      1.174    21.4008 0.0000e+00
      0.836      0.037     5.3300     82.807     42.851  39.817737     3.7331      7.996   179.0363 1.5147e+02     5.9516      0.821      1.191    21.4233 0.0000e+00
      0.846      0.041     5.9412     85.230     42.841  39.809846     3.7897      7.998   179.3585 1.4669e+02     5.9480      0.828      1.202    21.4379 0.0000e+00
      0.858      0.046     6.5180     86.158     42.858  39.826024     3.7949      7.999   179.7922 1.4184e+02     5.8729      0.841      1.219    21.4471 0.0000e+00
      0.871      0.052     7.0145     85.801     42.855  39.822955     3.7462      7.998   180.0641 1.3729e+02     5.8292      0.856      1.241    21.4532 0.0000e+00
      0.882      0.058     7.3627     84.665     42.870  39.836205     3.6833      7.998   180.2376 1.3301e+02     5.8295      0.866      1.256    21.4567 0.0000e+00
      0.894      0.065     7.5754     83.274     42.897  39.859304     3.6592      7.997   180.4272 1.2876e+02     5.8766      0.875      1.269    21.4578 0.0000e+00
      0.912      0.070     7.6551     81.989     42.888  39.848381     3.6703      7.997   180.5493 1.2436e+02     5.9556      0.892      1.293    21.4580 0.0000e+00
      0.935      0.071     7.6025     81.008     42.871  39.831059     3.6601      7.998   180.6806 1.2010e+02     5.9303      0.918      1.331    21.4582 0.0000e+00
