Data/DataNotYetUploadedToEDI/Raw_CTD/RawDownloads/090924_fcr30_S7809003.cnv
* Sea-Bird SBE19plus  Data File:
* FileName = C:\R\Reservoirs\Data\DataNotYetUploadedToEDI\Raw_CTD\RawDownloads\090924_fcr40_S7809_0003.hex
* Software version 2.8.0.119
* Temperature SN = 7809
* Conductivity SN = 7809
* System UpLoad Time = Sep 09 2024 17:05:57
* <ApplicationData>
* <Seaterm232>
# nquan = 15
# nvalues = 531                         
# units = specified
# name 0 = depFM: Depth [fresh water, m]
# name 1 = dz/dtM: Descent Rate [m/s]
# name 2 = sbeox0Mg/L: Oxygen, SBE 43 [mg/l]
# name 3 = sbeox0PS: Oxygen, SBE 43 [% saturation]
# name 4 = specc: Specific Conductance [uS/cm]
# name 5 = c0uS/cm: Conductivity [uS/cm]
# name 6 = flECO-AFL: Fluorescence, WET Labs ECO-AFL/FL [mg/m^3]
# name 7 = ph: pH
# name 8 = orp: Oxidation Reduction Potential [mV]
# name 9 = par/sat/log: PAR/Logarithmic, Satlantic
# name 10 = turbWETntu0: Turbidity, WET Labs ECO [NTU]
# name 11 = prdM: Pressure, Strain Gauge [db]
# name 12 = prdE: Pressure, Strain Gauge [psi]
# name 13 = tv290C: Temperature [ITS-90, deg C]
# name 14 = flag:  0.000e+00
# span 0 =     -0.590,      2.846       
# span 1 =     -0.261,      0.111       
# span 2 =     4.0530,     8.6404       
# span 3 =     45.460,     97.328       
# span 4 =      8.432,     43.377       
# span 5 =   7.801400,  40.186301       
# span 6 =    -1.8633,     5.3606       
# span 7 =      7.596,      8.047       
# span 8 =    62.6690,   218.7645       
# span 9 = 2.2267e+01, 1.3867e+03       
# span 10 =     1.5113,     8.7075      
# span 11 =     -0.581,      2.794      
# span 12 =     -0.843,      4.052      
# span 13 =    20.5893,    21.3704      
# span 14 = 0.0000e+00, 0.0000e+00      
# interval = seconds: 0.25
# start_time = Sep 09 2024 10:42:05 [Instrument's time stamp, header]
# bad_flag = -9.990e-29
*END*
     -0.194      0.104     8.4473     95.544     42.769  39.493349     2.6012      7.634    62.6690 1.1492e+03     3.1625     -0.211     -0.306    20.5893 0.0000e+00
     -0.138      0.111     8.4072     96.129     42.766  39.505674     2.6268      7.619    64.4505 1.1872e+03     3.1360     -0.131     -0.191    20.8581 0.0000e+00
     -0.082      0.103     8.4018     96.644     42.750  39.505432     2.6418      7.607    66.2406 1.2198e+03     3.0935     -0.070     -0.101    21.0764 0.0000e+00
     -0.052      0.082     8.4408     97.009     42.718  39.490442     2.6573      7.600    67.9665 1.2342e+03     2.9567     -0.047     -0.067    21.1435 0.0000e+00
     -0.041      0.052     8.4867     97.236     42.663  39.451387     2.6556      7.597    69.6589 1.2392e+03     2.9162     -0.033     -0.049    21.1724 0.0000e+00
     -0.044      0.022     8.5398     97.328     42.613  39.413998     2.6627      7.596    71.3022 1.2411e+03     2.9800     -0.039     -0.058    21.1811 0.0000e+00
     -0.056      0.006     8.5873     97.292     42.610  39.419145     2.6763      7.596    73.0368 1.2449e+03     2.9419     -0.058     -0.083    21.2005 0.0000e+00
     -0.066      0.006     8.6135     97.233     42.634  39.450172     2.7040      7.597    75.0582 1.2517e+03     2.8659     -0.068     -0.099    21.2195 0.0000e+00
     -0.067      0.014     8.6313     97.243     42.651  39.471848     2.7572      7.598    77.1590 1.2498e+03     2.8811     -0.067     -0.098    21.2344 0.0000e+00
     -0.057      0.024     8.6404     97.298     42.670  39.490852     2.7787      7.598    79.1649 1.1786e+03     2.9546     -0.060     -0.087    21.2404 0.0000e+00
     -0.040      0.030     8.6301     97.316     42.669  39.489572     2.7879      7.599    80.9848 1.0305e+03     3.0039     -0.039     -0.057    21.2503 0.0000e+00
     -0.022      0.031     8.6197     97.282     42.633  39.456365     2.8439      7.601    82.5572 9.0843e+02     2.9981     -0.017     -0.026    21.2619 0.0000e+00
     -0.013      0.027     8.6198     97.229     42.581  39.406662     2.9231      7.604    83.8940 8.7225e+02     2.9873     -0.008     -0.012    21.2712 0.0000e+00
     -0.014      0.023     8.6295     97.157     42.569  39.396297     2.9639      7.606    85.2743 8.8877e+02     2.9420     -0.014     -0.020    21.2698 0.0000e+00
     -0.017      0.022     8.6307     97.062     42.630  39.457975     2.9619      7.606    87.0292 9.3254e+02     2.8941     -0.018     -0.027    21.2690 0.0000e+00
     -0.015      0.024     8.6254     96.958     42.688  39.517800     2.9743      7.605    88.8510 9.5920e+02     2.9549     -0.016     -0.024    21.2717 0.0000e+00
     -0.008      0.028     8.6221     96.852     42.717  39.548500     3.0050      7.605    90.4375 9.1112e+02     2.9936     -0.011     -0.016    21.2671 0.0000e+00
      0.005      0.030     8.6160     96.739     42.745  39.575313     3.0168      7.606    92.0154 8.6920e+02     2.9184      0.003      0.004    21.2666 0.0000e+00
      0.022      0.025     8.6056     96.490     42.757  39.588145     3.0093      7.610    93.5607 8.3634e+02     2.8647      0.024      0.034    21.2749 0.0000e+00
      0.034      0.013     8.5944     95.569     42.739  39.576732     2.9562      7.615    94.9252 7.6698e+02     2.8912      0.038      0.054    21.2830 0.0000e+00
      0.035     -0.007     8.5854     93.335     42.715  39.564259     2.8647      7.619    96.2095 7.1358e+02     2.9307      0.037      0.053    21.2875 0.0000e+00
      0.029     -0.028     8.5744     89.723     42.705  39.564268     2.8021      7.622    97.3879 7.1344e+02     2.8991      0.030      0.044    21.2875 0.0000e+00
      0.017     -0.044     8.5704     85.218     42.711  39.576855     2.7739      7.625    98.5035 8.0211e+02     2.8503      0.020      0.031    21.2868 0.0000e+00
     -0.003     -0.049     8.5177     80.555     42.718  39.589526     2.6649      7.629    99.7178 8.9271e+02     2.8533     -0.000      0.000    21.2942 0.0000e+00
     -0.027     -0.045     8.3151     76.320     42.711  39.590562     2.4581      7.633   100.9713 7.5678e+02     2.9010     -0.030     -0.044    21.3078 0.0000e+00
     -0.044     -0.035     7.9772     72.686     42.701  39.589387     2.3463      7.636   102.1293 4.2840e+02     2.9825     -0.050     -0.072    21.3191 0.0000e+00
     -0.048     -0.023     7.5528     69.790     42.678  39.575330     2.3285      7.640   103.3085 2.3436e+02     2.9860     -0.051     -0.073    21.3254 0.0000e+00
     -0.043     -0.010     7.1142     67.834     42.643  39.547544     2.3183      7.644   104.5598 2.0184e+02     2.9088     -0.042     -0.061    21.3317 0.0000e+00
     -0.038      0.000     6.7415     66.863     42.600  39.507274     2.4219      7.646   105.6443 1.8559e+02     2.8686     -0.035     -0.050    21.3408 0.0000e+00
     -0.038      0.004     6.4129     66.676     42.562  39.469199     2.6155      7.648   106.6128 1.8090e+02     2.8762     -0.036     -0.053    21.3514 0.0000e+00
     -0.039      0.001     6.1466     66.876     42.561  39.467939     2.7284      7.653   107.6653 1.8027e+02     2.8973     -0.040     -0.058    21.3606 0.0000e+00
     -0.038     -0.004     5.9715     67.094     42.585  39.492054     2.7464      7.658   108.5622 1.7656e+02     2.8846     -0.036     -0.053    21.3679 0.0000e+00
     -0.038     -0.007     5.8910     67.199     42.600  39.506921     2.7415      7.661   109.2829 1.8015e+02     2.8940     -0.035     -0.051    21.3669 0.0000e+00
     -0.042     -0.008     5.8904     67.182     42.615  39.520766     2.7522      7.664   110.1842 1.8857e+02     2.9425     -0.041     -0.060    21.3586 0.0000e+00
     -0.047     -0.008     5.9210     66.971     42.628  39.532533     2.7762      7.669   111.2007 1.9180e+02     2.9587     -0.047     -0.069    21.3590 0.0000e+00
     -0.049     -0.007     5.9435     66.532     42.616  39.522272     2.7986      7.673   112.1952 1.9077e+02     2.9872     -0.049     -0.071    21.3635 0.0000e+00
     -0.049     -0.004     5.9489     65.927     42.616  39.523635     2.8487      7.676   113.1743 1.8901e+02     2.9113     -0.048     -0.070    21.3653 0.0000e+00
     -0.050      0.000     5.9532     65.277     42.642  39.549020     2.9160      7.679   114.0904 1.8749e+02     2.7247     -0.049     -0.071    21.3647 0.0000e+00
     -0.050      0.004     5.9346     64.725     42.670  39.575349     2.9457      7.683   115.0122 1.8650e+02     2.6439     -0.051     -0.073    21.3638 0.0000e+00
     -0.049      0.006     5.8936     64.387     42.683  39.588127     2.9502      7.687   115.8873 1.8585e+02     2.6861     -0.048     -0.070    21.3662 0.0000e+00
     -0.047      0.008     5.8363     64.367     42.670  39.576597     2.9782      7.690   116.6694 1.8512e+02     2.7906     -0.046     -0.065    21.3676 0.0000e+00
     -0.044      0.009     5.7730     64.683     42.656  39.562865     3.0100      7.693   117.4998 1.8585e+02     2.8821     -0.043     -0.063    21.3679 0.0000e+00
     -0.041      0.011     5.7219     65.265     42.642  39.549020     3.0101      7.697   118.3560 1.8234e+02     2.9046     -0.040     -0.059    21.3688 0.0000e+00
     -0.038      0.012     5.6870     65.996     42.629  39.536119     3.0049      7.701   119.1926 1.7103e+02     2.8914     -0.036     -0.053    21.3698 0.0000e+00
     -0.036      0.012     5.6851     66.711     42.628  39.533804     3.0294      7.705   120.0437 1.6258e+02     2.9281     -0.034     -0.050    21.3704 0.0000e+00
     -0.033      0.011     5.7159     67.268     42.615  39.521015     3.0743      7.707   120.9032 1.6028e+02     2.9724     -0.033     -0.048    21.3698 0.0000e+00
     -0.029      0.009     5.7704     67.620     42.602  39.508417     3.0890      7.710   121.6682 1.5947e+02     2.9148     -0.029     -0.042    21.3681 0.0000e+00
     -0.025      0.006     5.8411     67.745     42.602  39.508407     3.0749      7.713   122.2387 1.5962e+02     2.8805     -0.023     -0.034    21.3669 0.0000e+00
     -0.022      0.002     5.9103     67.661     42.616  39.520890     3.0703      7.717   122.8098 1.5997e+02     2.9336     -0.020     -0.030    21.3658 0.0000e+00
     -0.022     -0.002     5.9593     67.448     42.629  39.532428     3.0744      7.720   123.4975 1.6080e+02     2.9752     -0.020     -0.029    21.3648 0.0000e+00
     -0.025     -0.003     5.9920     67.165     42.618  39.520993     3.0829      7.723   124.2725 1.6324e+02     3.0082     -0.024     -0.035    21.3638 0.0000e+00
     -0.030     -0.003     6.0030     66.806     42.608  39.509545     3.0820      7.726   125.2113 1.6454e+02     2.9914     -0.029     -0.044    21.3632 0.0000e+00
     -0.032      0.000     5.9920     66.359     42.621  39.520938     3.0630      7.727   126.2445 1.6459e+02     2.9089     -0.032     -0.047    21.3637 0.0000e+00
     -0.032      0.006     5.9708     65.882     42.632  39.531810     3.0441      7.729   127.1280 1.6608e+02     2.8993     -0.032     -0.047    21.3638 0.0000e+00
     -0.029      0.012     5.9468     65.470     42.616  39.514082     3.0374      7.731   127.7204 1.6676e+02     2.9428     -0.030     -0.043    21.3619 0.0000e+00
     -0.024      0.015     5.9168     65.170     42.606  39.496976     3.0400      7.733   128.0726 1.6465e+02     2.9558     -0.026     -0.037    21.3597 0.0000e+00
     -0.016      0.016     5.8748     64.946     42.633  39.515344     3.0345      7.735   128.3749 1.6168e+02     2.9553     -0.016     -0.024    21.3585 0.0000e+00
     -0.008      0.015     5.8292     64.811     42.668  39.545764     3.0290      7.737   128.7943 1.6030e+02     2.9367     -0.005     -0.007    21.3601 0.0000e+00
     -0.005      0.014     5.7900     64.817     42.668  39.547480     3.0560      7.737   129.3578 1.5857e+02     2.9352     -0.002     -0.004    21.3594 0.0000e+00
     -0.007      0.011     5.7686     64.882     42.659  39.536098     3.0960      7.738   130.0268 1.5459e+02     2.9717     -0.008     -0.011    21.3458 0.0000e+00
     -0.008      0.007     5.7494     64.819     42.665  39.535064     3.1120      7.739   130.6876 1.5293e+02     3.0031     -0.010     -0.014    21.3334 0.0000e+00
     -0.003      0.003     5.7332     64.534     42.668  39.534970     3.0836      7.740   131.3251 1.5438e+02     2.9729     -0.003     -0.004    21.3357 0.0000e+00
      0.001      0.001     5.7363     64.113     42.665  39.534951     3.0268      7.741   132.0563 1.5561e+02     2.9135      0.003      0.004    21.3408 0.0000e+00
      0.001      0.001     5.7500     63.680     42.660  39.534844     3.0081      7.742   132.7312 1.5704e+02     2.9345      0.002      0.003    21.3371 0.0000e+00
     -0.002      0.000     5.7501     63.305     42.655  39.533679     3.0331      7.744   133.2036 1.5798e+02     2.9871     -0.002     -0.003    21.3256 0.0000e+00
     -0.005     -0.001     5.7202     62.983     42.642  39.520872     3.0618      7.746   133.6385 1.5739e+02     2.9694     -0.007     -0.010    21.3208 0.0000e+00
     -0.005     -0.001     5.6785     62.642     42.634  39.506926     3.0812      7.747   134.0319 1.5606e+02     2.9254     -0.006     -0.009    21.3261 0.0000e+00
     -0.003      0.000     5.6371     62.235     42.629  39.491969     3.0837      7.750   134.4327 1.5524e+02     2.8983     -0.003     -0.004    21.3330 0.0000e+00
     -0.001      0.000     5.6032     61.770     42.609  39.466937     3.0839      7.752   134.9566 1.5581e+02     2.9151     -0.001     -0.001    21.3379 0.0000e+00
     -0.000      0.000     5.5783     61.285     42.601  39.458102     3.0919      7.754   135.4618 1.5576e+02     2.9580      0.001      0.001    21.3382 0.0000e+00
     -0.002      0.000     5.5504     60.859     42.591  39.448593     3.0964      7.756   135.8092 1.5511e+02     2.9720     -0.002     -0.002    21.3294 0.0000e+00
     -0.005      0.000     5.5152     60.521     42.557  39.415438     3.0884      7.757   136.1458 1.5530e+02     2.9478     -0.005     -0.008    21.3141 0.0000e+00
     -0.006      0.002     5.4744     60.241     42.516  39.374529     3.0785      7.759   136.7784 1.5576e+02     2.9043     -0.006     -0.009    21.3050 0.0000e+00
     -0.005      0.004     5.4281     60.036     42.475  39.334724     3.0856      7.761   137.5209 1.5677e+02     2.9251     -0.005     -0.007    21.3055 0.0000e+00
     -0.003      0.002     5.3882     59.885     42.454  39.314922     3.0995      7.761   138.0682 1.5880e+02     2.9600     -0.003     -0.005    21.3082 0.0000e+00
      0.001     -0.006     5.3621     59.684     42.464  39.325492     3.1041      7.760   138.6632 1.6065e+02     2.9163     -0.001     -0.001    21.3056 0.0000e+00
      0.006     -0.021     5.3357     59.397     42.476  39.335599     3.0922      7.758   139.3815 1.6143e+02     2.8753      0.009      0.013    21.2998 0.0000e+00
      0.006     -0.037     5.3170     59.055     42.456  39.310210     3.0636      7.754   140.0419 1.6647e+02     2.8749      0.012      0.017    21.2968 0.0000e+00
     -0.008     -0.051     5.3102     58.698     42.423  39.272351     2.9249      7.751   140.7102 1.7892e+02     2.9106     -0.004     -0.006    21.2962 0.0000e+00
     -0.034     -0.061     5.2920     58.392     42.415  39.258600     2.6721      7.748   141.4399 2.0016e+02     2.9320     -0.032     -0.048    21.3010 0.0000e+00
     -0.061     -0.062     5.2645     58.150     42.434  39.270855     2.5285      7.745   142.2394 2.2762e+02     2.8948     -0.063     -0.092    21.3013 0.0000e+00
     -0.081     -0.052     5.2356     57.908     42.462  39.293599     2.5124      7.741   142.9784 2.4960e+02     2.8703     -0.083     -0.119    21.2903 0.0000e+00
     -0.094     -0.030     5.2013     57.676     42.450  39.279753     2.4934      7.738   143.5779 2.6891e+02     2.9084     -0.093     -0.135    21.2814 0.0000e+00
     -0.100     -0.002     5.1738     57.519     42.400  39.230357     2.4654      7.737   144.0673 2.7440e+02     2.9801     -0.102     -0.149    21.2731 0.0000e+00
     -0.098      0.025     5.1576     57.408     42.375  39.204039     2.4493      7.736   144.4218 2.5117e+02     2.9854     -0.101     -0.146    21.2660 0.0000e+00
     -0.084      0.046     5.1358     57.278     42.390  39.215378     2.4650      7.736   144.8523 2.2505e+02     2.9724     -0.083     -0.121    21.2642 0.0000e+00
     -0.063      0.060     5.1109     57.083     42.418  39.240534     2.5967      7.738   145.3998 2.0467e+02     2.9938     -0.064     -0.093    21.2611 0.0000e+00
     -0.038      0.069     5.0999     56.795     42.436  39.254350     2.8178      7.740   145.7080 1.8136e+02     3.0045     -0.037     -0.053    21.2574 0.0000e+00
     -0.016      0.074     5.0931     56.500     42.446  39.255503     2.9498      7.741   146.6859 1.6263e+02     3.0342     -0.011     -0.016    21.2532 0.0000e+00
     -0.001      0.076     5.0819     56.312     42.457  39.254465     2.9863      7.741   147.8444 1.5007e+02     3.0110     -0.000      0.000    21.2499 0.0000e+00
      0.010      0.078     5.0677     56.222     42.452  39.241775     2.9921      7.741   147.2399 1.4116e+02     2.9288      0.005      0.009    21.2497 0.0000e+00
      0.030      0.083     5.0387     56.147     42.441  39.228979     3.0526      7.741   146.5194 1.3631e+02     2.8944      0.027      0.038    21.2484 0.0000e+00
      0.054      0.092     5.0075     56.022     42.439  39.226672     3.2027      7.741   146.7898 1.4060e+02     2.9019      0.057      0.082    21.2388 0.0000e+00
      0.078      0.102     4.9945     55.842     42.424  39.213885     3.3000      7.743   147.0679 1.5468e+02     2.9514      0.075      0.108    21.2213 0.0000e+00
      0.106      0.107     4.9904     55.624     42.408  39.201287     3.3309      7.746   147.3863 1.6893e+02     2.9814      0.102      0.148    21.2114 0.0000e+00
      0.140      0.106     4.9864     55.345     42.413  39.201277     3.3676      7.751   147.8865 1.8451e+02     2.9227      0.138      0.201    21.2102 0.0000e+00
