Data/DataNotYetUploadedToEDI/Raw_CTD/RawDownloads/090924_fcr50_S7809005.cnv
* Sea-Bird SBE19plus  Data File:
* FileName = C:\R\Reservoirs\Data\DataNotYetUploadedToEDI\Raw_CTD\RawDownloads\090924_fcr40_S7809_0005.hex
* Software version 2.8.0.119
* Temperature SN = 7809
* Conductivity SN = 7809
* System UpLoad Time = Sep 09 2024 17:06:45
* <ApplicationData>
* <Seaterm232>
# nquan = 15
# nvalues = 961                         
# units = specified
# name 0 = depFM: Depth [fresh water, m]
# name 1 = dz/dtM: Descent Rate [m/s]
# name 2 = sbeox0Mg/L: Oxygen, SBE 43 [mg/l]
# name 3 = sbeox0PS: Oxygen, SBE 43 [% saturation]
# name 4 = specc: Specific Conductance [uS/cm]
# name 5 = c0uS/cm: Conductivity [uS/cm]
# name 6 = flECO-AFL: Fluorescence, WET Labs ECO-AFL/FL [mg/m^3]
# name 7 = ph: pH
# name 8 = orp: Oxidation Reduction Potential [mV]
# name 9 = par/sat/log: PAR/Logarithmic, Satlantic
# name 10 = turbWETntu0: Turbidity, WET Labs ECO [NTU]
# name 11 = prdM: Pressure, Strain Gauge [db]
# name 12 = prdE: Pressure, Strain Gauge [psi]
# name 13 = tv290C: Temperature [ITS-90, deg C]
# name 14 = flag:  0.000e+00
# span 0 =     -0.588,      5.595       
# span 1 =     -0.332,      0.102       
# span 2 =     0.1701,     8.6749       
# span 3 =      1.690,     98.250       
# span 4 =     20.074,     80.056       
# span 5 =  18.578272,  65.358842       
# span 6 =    -0.0993,    63.8738       
# span 7 =      7.455,      8.098       
# span 8 =    93.1608,   238.2755       
# span 9 = 1.2735e-01, 1.5517e+03       
# span 10 =     0.8254,    22.5681      
# span 11 =     -0.578,      5.491      
# span 12 =     -0.837,      7.965      
# span 13 =    13.1304,    21.6252      
# span 14 = 0.0000e+00, 0.0000e+00      
# interval = seconds: 0.25
# start_time = Sep 09 2024 11:28:34 [Instrument's time stamp, header]
# bad_flag = -9.990e-29
*END*
[from data line 386]
      2.985      0.047     3.9232     46.783     45.724  41.757156     6.2471      8.072   205.6100 2.8831e+01     6.2833      2.926      4.244    20.7625 0.0000e+00
      3.000      0.050     4.0186     46.271     45.674  41.692812     6.2741      8.067   205.7497 2.8531e+01     6.2218      2.942      4.267    20.7395 0.0000e+00
      3.015      0.051     4.1312     45.263     45.691  41.697186     6.4556      8.062   205.8709 2.8275e+01     6.1870      2.958      4.290    20.7157 0.0000e+00
      3.028      0.053     4.2078     43.922     45.764  41.746553     6.7846      8.057   206.0432 2.8069e+01     6.3068      2.970      4.308    20.6867 0.0000e+00
      3.039      0.056     4.2183     42.436     45.907  41.845405     6.9718      8.051   206.3705 2.7858e+01     6.4400      2.980      4.322    20.6536 0.0000e+00
      3.050      0.060     4.1697     40.943     46.130  42.003786     7.0300      8.046   206.6447 2.7629e+01     6.5001      2.990      4.337    20.6319 0.0000e+00
      3.065      0.062     4.0750     39.428     46.342  42.138196     7.4464      8.041   206.8633 2.7356e+01     6.5887      3.005      4.358    20.6271 0.0000e+00
      3.085      0.062     3.9492     37.733     46.411  42.137607     8.2111      8.036   207.2076 2.7011e+01     6.7258      3.025      4.386    20.6136 0.0000e+00
      3.106      0.060     3.8129     35.665     46.369  42.060051     8.6437      8.031   207.6233 2.6687e+01     6.8593      3.048      4.420    20.5750 0.0000e+00
      3.124      0.055     3.6830     33.144     46.337  42.025523     8.7075      8.027   208.0178 2.6462e+01     6.9737      3.065      4.446    20.5287 0.0000e+00
      3.136      0.047     3.5566     30.278     46.341  42.037483     8.8736      8.022   208.2778 2.6271e+01     7.0499      3.076      4.461    20.4637 0.0000e+00
      3.145      0.038     3.4173     27.459     46.381  42.077730     9.1626      8.017   208.5299 2.6096e+01     7.0984      3.085      4.475    20.3802 0.0000e+00
      3.152      0.031     3.2364     25.201     46.444  42.131330     9.3044      8.011   209.0017 2.5996e+01     7.0810      3.093      4.487    20.3320 0.0000e+00
      3.157      0.026     3.0057     23.683     46.575  42.241260     9.3150      8.005   209.5933 2.5936e+01     7.0789      3.097      4.492    20.3393 0.0000e+00
      3.162      0.022     2.7348     22.816     46.762  42.391355     9.3244      8.000   210.0902 2.5836e+01     7.1750      3.100      4.496    20.3554 0.0000e+00
      3.168      0.020     2.4560     22.464     46.905  42.486270     9.2928      7.996   210.4502 2.5717e+01     7.2189      3.107      4.507    20.3583 0.0000e+00
      3.175      0.019     2.2501     22.440     47.034  42.563701     9.2242      7.991   210.7625 2.5629e+01     7.1651      3.115      4.518    20.3531 0.0000e+00
      3.180      0.020     2.1186     22.496     47.215  42.692803     9.1781      7.986   211.0264 2.5547e+01     7.1052      3.118      4.523    20.3465 0.0000e+00
      3.184      0.022     2.0434     22.326     47.421  42.841220     9.1674      7.981   211.3181 2.5487e+01     7.1095      3.122      4.528    20.3311 0.0000e+00
      3.187      0.023     2.0209     21.742     47.607  42.961771     9.2780      7.976   211.7082 2.5398e+01     7.1491      3.124      4.531    20.2847 0.0000e+00
      3.192      0.025     2.0260     20.701     47.784  43.071288     9.5084      7.972   212.0436 2.5213e+01     7.1740      3.128      4.537    20.2386 0.0000e+00
      3.201      0.027     2.0455     19.265     47.917  43.149749     9.6399      7.967   212.2757 2.5040e+01     7.1709      3.140      4.554    20.2085 0.0000e+00
      3.211      0.028     2.0368     17.625     48.022  43.212177     9.6606      7.961   212.4503 2.4957e+01     7.1115      3.151      4.570    20.1724 0.0000e+00
      3.218      0.029     1.9864     15.945     48.175  43.318265     9.8919      7.956   212.6060 2.4871e+01     7.1735      3.155      4.576    20.1171 0.0000e+00
      3.224      0.029     1.8944     14.334     48.330  43.416833    10.3483      7.951   212.8674 2.4729e+01     7.3741      3.161      4.585    20.0593 0.0000e+00
      3.231      0.030     1.7564     12.907     48.496  43.515263    10.6176      7.945   213.2015 2.4620e+01     7.4533      3.170      4.597    20.0170 0.0000e+00
      3.237      0.034     1.6031     11.719     48.754  43.683157    10.7344      7.940   213.4624 2.4541e+01     7.4143      3.174      4.604    19.9856 0.0000e+00
      3.245      0.039     1.4495     10.766     49.111  43.923352    11.6858      7.935   213.6127 2.4405e+01     7.3808      3.180      4.614    19.9587 0.0000e+00
      3.255      0.043     1.2981      9.998     49.451  44.134207    13.4398      7.930   213.7287 2.4208e+01     7.3892      3.192      4.629    19.9162 0.0000e+00
      3.268      0.045     1.1689      9.363     49.630  44.201240    14.4382      7.924   213.9180 2.3956e+01     7.4139      3.204      4.647    19.8642 0.0000e+00
      3.283      0.045     1.0616      8.828     49.664  44.162429    14.8351      7.918   214.1806 2.3659e+01     7.4063      3.218      4.667    19.8011 0.0000e+00
      3.298      0.041     0.9782      8.337     49.640  44.109193    18.1468      7.911   214.4946 2.3414e+01     7.4328      3.236      4.694    19.7191 0.0000e+00
      3.311      0.035     0.9126      7.890     49.661  44.128823    24.2081      7.904   214.7901 2.3303e+01     7.4953      3.250      4.713    19.6209 0.0000e+00
      3.316      0.028     0.8550      7.518     49.740  44.209347    27.5212      7.898   214.9995 2.3275e+01     7.5476      3.253      4.718    19.5156 0.0000e+00
      3.318      0.023     0.8114      7.226     49.797  44.257617    27.8347      7.893   215.1335 2.3244e+01     7.6202      3.254      4.720    19.4425 0.0000e+00
      3.321      0.021     0.7657      7.062     49.903  44.331590    27.8815      7.887   215.2930 2.3174e+01     7.6569      3.257      4.724    19.4119 0.0000e+00
      3.326      0.023     0.7222      7.050     50.107  44.468949    28.0212      7.880   215.5503 2.3077e+01     7.7521      3.262      4.731    19.4205 0.0000e+00
      3.331      0.028     0.6898      7.126     50.312  44.585336    28.2743      7.875   215.9208 2.2952e+01     7.9516      3.267      4.738    19.4437 0.0000e+00
      3.338      0.034     0.6599      7.232     50.542  44.723081    28.4620      7.869   216.4177 2.2791e+01     8.1222      3.272      4.745    19.4392 0.0000e+00
      3.348      0.039     0.6434      7.332     50.770  44.864760    29.0840      7.862   216.9126 2.2574e+01     8.2768      3.282      4.760    19.4194 0.0000e+00
      3.361      0.043     0.6466      7.357     51.097  45.092204    35.6199      7.855   217.3441 2.2322e+01     8.6596      3.298      4.782    19.3812 0.0000e+00
      3.374      0.047     0.6564      7.285     51.779  45.632079    47.5529      7.849   217.8487 2.2042e+01     9.2319      3.308      4.798    19.3018 0.0000e+00
      3.386      0.049     0.6669      7.147     52.576  46.250329    54.0618      7.842   218.3676 2.1718e+01     9.4916      3.320      4.816    19.2343 0.0000e+00
      3.398      0.050     0.6804      6.950     53.396  46.853963    54.8497      7.836   218.7139 2.1424e+01     9.5107      3.334      4.835    19.1842 0.0000e+00
      3.410      0.050     0.6848      6.719     54.310  47.534228    57.2532      7.830   219.0248 2.1137e+01     9.8736      3.343      4.849    19.1144 0.0000e+00
      3.423      0.050     0.6760      6.502     54.843  47.872634    61.5826      7.823   219.4599 2.0808e+01    10.5317      3.357      4.869    19.0678 0.0000e+00
      3.437      0.050     0.6652      6.292     55.173  48.025066    63.8738      7.818   219.9305 2.0508e+01    10.9095      3.372      4.890    18.9985 0.0000e+00
      3.450      0.050     0.6480      6.048     55.918  48.551705    63.1918      7.812   220.2397 2.0243e+01    10.9229      3.384      4.906    18.8643 0.0000e+00
      3.461      0.051     0.6250      5.763     56.771  49.160829    53.4268      7.805   220.4454 1.9997e+01    10.5914      3.395      4.924    18.7605 0.0000e+00
      3.473      0.052     0.6064      5.450     57.406  49.548614    35.5295      7.797   220.6971 1.9741e+01    10.0090      3.406      4.940    18.6507 0.0000e+00
      3.487      0.053     0.5913      5.116     57.842  49.748068    25.7682      7.789   220.8741 1.9406e+01     9.6885      3.417      4.956    18.5035 0.0000e+00
      3.502      0.051     0.5691      4.765     58.009  49.730858    24.6780      7.783   220.9513 1.9065e+01     9.6881      3.433      4.980    18.4143 0.0000e+00
      3.517      0.046     0.5426      4.373     57.966  49.594299    22.1729      7.778   221.1148 1.8767e+01     9.7646      3.449      5.003    18.3091 0.0000e+00
      3.532      0.039     0.5154      3.928     57.810  49.430194    17.7110      7.773   221.3877 1.8501e+01     9.8969      3.464      5.025    18.1550 0.0000e+00
      3.542      0.032     0.4842      3.468     57.753  49.397474    15.2829      7.769   221.4977 1.8363e+01     9.9898      3.477      5.043    17.9995 0.0000e+00
      3.547      0.026     0.4541      3.048     58.085  49.706644    15.0796      7.764   221.4119 1.8351e+01     9.9998      3.479      5.046    17.8370 0.0000e+00
      3.547      0.024     0.4182      2.718     58.672  50.184163    15.1782      7.759   221.4690 1.8338e+01    10.0179      3.477      5.043    17.7509 0.0000e+00
      3.548      0.025     0.3742      2.508     59.130  50.472461    16.3662      7.754   221.7580 1.8236e+01     9.9699      3.477      5.043    17.7365 0.0000e+00
      3.554      0.030     0.3287      2.403     59.277  50.461985    18.5407      7.750   222.0671 1.7991e+01     9.8970      3.482      5.052    17.7529 0.0000e+00
      3.565      0.037     0.2868      2.361     59.154  50.247795    19.7131      7.746   222.3662 1.7684e+01     9.8880      3.496      5.071    17.8019 0.0000e+00
      3.578      0.046     0.2539      2.341     59.013  50.041441    19.6225      7.743   222.7080 1.7415e+01     9.9290      3.510      5.090    17.7935 0.0000e+00
      3.589      0.052     0.2353      2.305     59.096  49.998742    17.3368      7.738   223.1024 1.7116e+01    10.1191      3.519      5.103    17.6869 0.0000e+00
      3.602      0.054     0.2275      2.235     59.308  50.048866    13.1093      7.733   223.6074 1.6730e+01    10.3766      3.531      5.121    17.5464 0.0000e+00
      3.619      0.052     0.2252      2.149     59.453  50.075862    10.7974      7.729   224.0807 1.6311e+01    10.4458      3.549      5.147    17.4545 0.0000e+00
      3.637      0.048     0.2248      2.045     59.504  50.071050    10.5163      7.724   224.3513 1.5948e+01    10.3756      3.568      5.174    17.4100 0.0000e+00
      3.651      0.041     0.2231      1.931     59.503  50.054121     9.7769      7.719   224.4701 1.5692e+01    10.3826      3.582      5.196    17.3084 0.0000e+00
      3.660      0.032     0.2151      1.854     59.517  50.061638     8.4743      7.715   224.5709 1.5519e+01    10.4615      3.591      5.208    17.1741 0.0000e+00
      3.665      0.024     0.2077      1.811     59.642  50.161930     7.7592      7.711   224.7097 1.5414e+01    10.5104      3.596      5.214    17.0957 0.0000e+00
      3.668      0.021     0.1988      1.794     60.068  50.504796     7.6639      7.707   224.8574 1.5387e+01    10.4957      3.598      5.218    17.0592 0.0000e+00
      3.668      0.022     0.1839      1.809     60.760  51.032339     7.3219      7.705   224.9805 1.5373e+01    10.4194      3.597      5.215    17.0525 0.0000e+00
      3.669      0.026     0.1779      1.841     61.455  51.524021     6.7044      7.703   224.9930 1.5246e+01    10.4078      3.596      5.216    17.0544 0.0000e+00
      3.677      0.031     0.1745      1.886     62.203  52.068117     6.3732      7.701   225.0085 1.4912e+01    10.4920      3.603      5.226    17.0470 0.0000e+00
      3.690      0.035     0.1712      1.940     63.044  52.721252     6.3225      7.698   225.1688 1.4473e+01    10.5497      3.620      5.250    17.0504 0.0000e+00
      3.705      0.037     0.1748      1.972     63.959  53.451697     6.0334      7.696   225.3828 1.4133e+01    10.4220      3.635      5.273    17.0080 0.0000e+00
      3.715      0.037     0.1781      1.977     65.319  54.549317     5.4999      7.693   225.6160 1.3915e+01    10.1098      3.644      5.285    16.9096 0.0000e+00
      3.722      0.035     0.1818      1.957     67.000  55.894473     5.2064      7.690   225.7517 1.3699e+01     9.9168      3.650      5.293    16.8370 0.0000e+00
      3.729      0.031     0.1896      1.924     68.440  57.013482     5.1725      7.688   225.8182 1.3467e+01     9.8990      3.657      5.304    16.8065 0.0000e+00
      3.736      0.030     0.1923      1.909     69.627  57.916656     5.0825      7.686   226.1628 1.3263e+01     9.8946      3.665      5.315    16.7834 0.0000e+00
      3.744      0.031     0.1927      1.894     70.868  58.874719     4.9246      7.684   226.5628 1.3023e+01     9.8297      3.671      5.324    16.7570 0.0000e+00
      3.752      0.033     0.1916      1.850     72.260  59.958225     4.8368      7.681   226.6106 1.2769e+01     9.7636      3.679      5.336    16.7185 0.0000e+00
      3.759      0.038     0.1856      1.809     73.360  60.789596     4.8122      7.677   226.5682 1.2548e+01     9.7443      3.687      5.348    16.6475 0.0000e+00
      3.768      0.043     0.1859      1.794     74.546  61.684621     4.7598      7.673   226.5666 1.2243e+01     9.6993      3.693      5.357    16.5823 0.0000e+00
      3.779      0.049     0.1870      1.800     76.373  63.092360     4.3534      7.669   226.5061 1.1833e+01     9.8000      3.705      5.373    16.5343 0.0000e+00
      3.793      0.056     0.1802      1.822     77.823  64.150311     3.6100      7.666   226.5247 1.1422e+01    10.1071      3.720      5.395    16.4868 0.0000e+00
      3.808      0.061     0.1755      1.841     78.446  64.500802     3.1959      7.661   226.6189 1.0986e+01    10.3037      3.733      5.415    16.4298 0.0000e+00
      3.825      0.062     0.1753      1.850     78.891  64.724801     3.1336      7.656   226.6989 1.0439e+01    10.2987      3.750      5.439    16.3709 0.0000e+00
      3.845      0.059     0.1753      1.856     79.293  64.952232     2.9648      7.652   226.8036 9.8788e+00    10.2860      3.772      5.471    16.3151 0.0000e+00
      3.864      0.054     0.1795      1.865     79.465  65.026560     2.6860      7.648   226.8520 9.4343e+00    10.3206      3.791      5.499    16.2192 0.0000e+00
      3.878      0.048     0.1817      1.872     79.387  64.924448     2.5510      7.646   226.7681 9.1393e+00    10.3419      3.805      5.519    16.1002 0.0000e+00
      3.886      0.042     0.1826      1.858     79.408  64.924864     2.5564      7.643   226.7365 8.9493e+00    10.4069      3.812      5.529    16.0088 0.0000e+00
      3.891      0.036     0.1832      1.826     79.708  65.158645     2.5174      7.641   226.8131 8.7107e+00    10.4569      3.815      5.534    15.9453 0.0000e+00
      3.899      0.031     0.1840      1.791     79.965  65.336437     2.4214      7.639   226.8336 8.3974e+00    10.3999      3.822      5.544    15.9063 0.0000e+00
      3.908      0.028     0.1864      1.777     80.056  65.358842     2.3689      7.637   226.8129 8.1400e+00    10.3672      3.833      5.560    15.8818 0.0000e+00
      3.916      0.028     0.1843      1.778     80.050  65.302384     2.3740      7.635   226.7349 7.9351e+00    10.4368      3.842      5.572    15.8746 0.0000e+00
      3.923      0.029     0.1812      1.778     79.932  65.162085     2.3750      7.633   226.6643 7.6836e+00    10.5239      3.847      5.579    15.8767 0.0000e+00
