Data/DataNotYetUploadedToEDI/Raw_CTD/RawDownloads/090924_fcr40_S7809004.cnv
* Sea-Bird SBE19plus  Data File:
* FileName = C:\R\Reservoirs\Data\DataNotYetUploadedToEDI\Raw_CTD\RawDownloads\090924_fcr40_S7809_0004.hex
* Software version 2.8.0.119
* Temperature SN = 7809
* Conductivity SN = 7809
* System UpLoad Time = Sep 09 2024 17:06:18
* <ApplicationData>
* <Seaterm232>
# nquan = 15
# nvalues = 763                         
# units = specified
# name 0 = depFM: Depth [fresh water, m]
# name 1 = dz/dtM: Descent Rate [m/s]
# name 2 = sbeox0Mg/L: Oxygen, SBE 43 [mg/l]
# name 3 = sbeox0PS: Oxygen, SBE 43 [% saturation]
# name 4 = specc: Specific Conductance [uS/cm]
# name 5 = c0uS/cm: Conductivity [uS/cm]
# name 6 = flECO-AFL: Fluorescence, WET Labs ECO-AFL/FL [mg/m^3]
# name 7 = ph: pH
# name 8 = orp: Oxidation Reduction Potential [mV]
# name 9 = par/sat/log: PAR/Logarithmic, Satlantic
# name 10 = turbWETntu0: Turbidity, WET Labs ECO [NTU]
# name 11 = prdM: Pressure, Strain Gauge [db]
# name 12 = prdE: Pressure, Strain Gauge [psi]
# name 13 = tv290C: Temperature [ITS-90, deg C]
# name 14 = flag:  0.000e+00
# span 0 =     -0.590,      4.134       
# span 1 =     -0.355,      0.272       
# span 2 =     0.1379,     8.6152       
# span 3 =      1.419,     97.604       
# span 4 =      8.526,     90.371       
# span 5 =   7.911534,  72.873321       
# span 6 =    -1.0355,    90.4801       
# span 7 =      7.578,      8.057       
# span 8 =   166.3663,   241.5085       
# span 9 = 3.6474e+00, 1.2795e+03       
# span 10 =     0.8663,    16.4838      
# span 11 =     -0.580,      4.059      
# span 12 =     -0.843,      5.888      
# span 13 =    15.1250,    21.5997      
# span 14 = 0.0000e+00, 0.0000e+00      
# interval = seconds: 0.25
# start_time = Sep 09 2024 10:51:04 [Instrument's time stamp, header]
# bad_flag = -9.990e-29
*END*
[from data line 386]
      3.194      0.035     4.2041     43.111     46.922  42.729399    10.3387      8.015   223.4902 2.9018e+01     5.5062      3.131      4.541    20.8419 0.0000e+00
      3.203      0.039     4.2388     40.352     47.192  42.842819    10.4048      8.010   223.8965 2.8680e+01     5.4832      3.139      4.553    20.8129 0.0000e+00
      3.215      0.042     4.1999     36.668     47.436  42.943189    11.0878      8.005   224.4901 2.8253e+01     5.4335      3.153      4.573    20.7654 0.0000e+00
      3.229      0.045     4.0701     32.010     47.605  42.990713    12.3801      8.001   224.9896 2.7894e+01     5.4179      3.168      4.594    20.6749 0.0000e+00
      3.242      0.047     3.8980     26.855     47.605  42.909510    13.1293      7.997   225.4618 2.7657e+01     5.4652      3.179      4.612    20.5288 0.0000e+00
      3.252      0.048     3.6708     21.984     47.584  42.849869    13.5127      7.992   225.9828 2.7435e+01     5.5263      3.189      4.626    20.3817 0.0000e+00
      3.263      0.049     3.3516     17.849     47.788  43.031214    16.8403      7.987   226.3848 2.7144e+01     5.7131      3.199      4.639    20.2536 0.0000e+00
      3.276      0.050     2.9220     14.589     48.254  43.451840    22.9258      7.982   226.7093 2.6815e+01     6.0842      3.212      4.659    20.1436 0.0000e+00
      3.289      0.052     2.4246     12.339     48.776  43.873318    26.3165      7.977   227.0669 2.6490e+01     6.3241      3.224      4.677    20.0453 0.0000e+00
      3.302      0.052     1.9731     11.158     49.119  44.064836    27.4166      7.971   227.4394 2.6143e+01     6.4617      3.238      4.696    20.0036 0.0000e+00
      3.317      0.051     1.5959     10.808     49.241  44.053479    36.2011      7.964   227.7712 2.5750e+01     7.2352      3.253      4.718    20.0159 0.0000e+00
      3.332      0.048     1.2929     10.713     49.269  43.989739    52.2367      7.956   228.2388 2.5392e+01     8.5378      3.268      4.740    20.0370 0.0000e+00
      3.344      0.044     1.0858     10.311     49.367  43.992288    60.9740      7.948   228.9633 2.5139e+01     9.1627      3.281      4.759    20.0087 0.0000e+00
      3.354      0.043     0.9875      9.505     49.635  44.147660    61.8235      7.939   229.4763 2.4941e+01     9.1539      3.290      4.772    19.8468 0.0000e+00
      3.362      0.043     0.9800      8.564     49.931  44.344771    62.5499      7.931   229.6236 2.4758e+01     9.2172      3.298      4.783    19.7058 0.0000e+00
      3.369      0.044     0.9955      7.726     50.061  44.407686    69.8564      7.922   230.3133 2.4543e+01     9.9285      3.303      4.790    19.6439 0.0000e+00
      3.379      0.045     0.9623      7.087     50.242  44.527427    83.2479      7.913   231.7927 2.4206e+01    11.1606      3.312      4.802    19.5527 0.0000e+00
      3.395      0.048     0.8760      6.629     50.999  45.157727    90.4801      7.903   232.9698 2.3807e+01    11.7834      3.330      4.829    19.4589 0.0000e+00
      3.412      0.051     0.7839      6.325     52.194  46.124891    90.2331      7.894   233.5333 2.3475e+01    11.7882      3.348      4.856    19.3977 0.0000e+00
      3.424      0.052     0.7040      6.217     52.967  46.635570    80.2027      7.886   234.1324 2.3196e+01    11.3894      3.359      4.872    19.3470 0.0000e+00
      3.435      0.050     0.6472      6.266     53.192  46.634426    61.7233      7.879   234.9645 2.2887e+01    10.6849      3.368      4.884    19.3012 0.0000e+00
      3.449      0.047     0.6080      6.268     53.486  46.745631    51.5906      7.871   235.6787 2.2532e+01    10.3066      3.381      4.904    19.2843 0.0000e+00
      3.463      0.045     0.5767      6.028     54.122  47.218119    49.9591      7.862   235.9712 2.2241e+01    10.1968      3.398      4.928    19.2227 0.0000e+00
      3.473      0.045     0.5696      5.547     54.848  47.776166    41.9632      7.853   236.0909 2.2041e+01     9.4606      3.407      4.942    19.0300 0.0000e+00
      3.482      0.046     0.5848      4.986     55.409  48.159944    27.4483      7.845   236.1796 2.1809e+01     8.1342      3.413      4.950    18.8051 0.0000e+00
      3.492      0.048     0.5952      4.480     55.851  48.429837    19.5332      7.835   236.1836 2.1509e+01     7.4476      3.423      4.965    18.6679 0.0000e+00
      3.505      0.048     0.5729      4.047     56.198  48.626668    18.7154      7.826   236.2256 2.1205e+01     7.3759      3.437      4.985    18.6174 0.0000e+00
      3.519      0.047     0.5207      3.611     56.316  48.634964    17.4021      7.818   236.3436 2.0890e+01     7.1990      3.451      5.004    18.5671 0.0000e+00
      3.534      0.042     0.4652      3.190     55.904  48.212577    15.0898      7.811   236.7492 2.0565e+01     6.9141      3.466      5.027    18.4557 0.0000e+00
      3.548      0.032     0.4169      2.885     54.873  47.328859    13.8294      7.803   237.3438 2.0335e+01     6.7662      3.483      5.050    18.3456 0.0000e+00
      3.557      0.021     0.3827      2.702     54.176  46.838256    13.7652      7.794   237.6821 2.0228e+01     6.8116      3.491      5.063    18.2586 0.0000e+00
      3.560      0.012     0.3415      2.583     54.382  47.169368    14.3138      7.786   237.8281 2.0253e+01     6.8137      3.493      5.067    18.1702 0.0000e+00
      3.555      0.008     0.2956      2.528     54.837  47.650367    15.3264      7.779   237.9916 2.0412e+01     6.7234      3.489      5.060    18.0970 0.0000e+00
      3.548      0.012     0.2687      2.653     55.494  48.210072    15.8624      7.772   238.1104 2.0460e+01     6.6420      3.477      5.043    18.0771 0.0000e+00
      3.548      0.023     0.2526      2.999     56.429  48.921043    15.8760      7.766   238.1463 2.0297e+01     6.5812      3.476      5.041    18.2024 0.0000e+00
      3.555      0.040     0.2424      3.438     57.247  49.453059    15.7407      7.760   238.1667 2.0049e+01     6.5695      3.486      5.055    18.3971 0.0000e+00
      3.569      0.058     0.2302      3.826     57.916  49.817014    14.2842      7.752   238.1848 1.9616e+01     6.9444      3.497      5.070    18.4726 0.0000e+00
      3.589      0.070     0.2392      4.076     58.401  50.019626    11.6001      7.745   238.4510 1.8966e+01     7.6638      3.517      5.100    18.4615 0.0000e+00
      3.616      0.074     0.2793      4.115     58.578  49.997707    10.1213      7.739   239.1480 1.8244e+01     8.0266      3.546      5.143    18.3711 0.0000e+00
      3.643      0.069     0.3265      3.943     58.546  49.869251     9.9289      7.732   239.7294 1.7548e+01     8.0512      3.575      5.184    18.1963 0.0000e+00
      3.663      0.059     0.3662      3.609     58.496  49.799738     9.4480      7.726   239.8882 1.6988e+01     8.3029      3.596      5.215    18.0072 0.0000e+00
      3.675      0.046     0.3952      3.151     58.532  49.855647     8.6102      7.721   240.0361 1.6608e+01     8.7808      3.607      5.231    17.8078 0.0000e+00
      3.679      0.035     0.4002      2.663     58.706  50.037325     8.1637      7.716   240.3982 1.6325e+01     9.0813      3.609      5.235    17.6476 0.0000e+00
      3.681      0.027     0.3808      2.271     59.140  50.409059     8.1437      7.712   240.8249 1.6058e+01     9.1009      3.610      5.236    17.5635 0.0000e+00
      3.685      0.026     0.3503      2.040     59.783  50.921457     8.3439      7.707   241.1516 1.5777e+01     8.9163      3.612      5.238    17.5440 0.0000e+00
      3.691      0.029     0.3018      1.942     60.639  51.597334     8.7288      7.703   241.3376 1.5472e+01     8.6244      3.619      5.248    17.5820 0.0000e+00
      3.700      0.034     0.2506      1.932     61.600  52.357986     8.9519      7.699   241.4382 1.5132e+01     8.4749      3.628      5.261    17.6261 0.0000e+00
      3.710      0.036     0.2103      1.977     61.718  52.371176     8.9523      7.696   241.5085 1.4737e+01     8.5102      3.637      5.275    17.6268 0.0000e+00
      3.723      0.035     0.1902      2.033     60.824  51.502658     8.5263      7.691   241.4985 1.4355e+01     8.6072      3.651      5.296    17.5912 0.0000e+00
      3.735      0.030     0.1831      2.083     60.077  50.810308     7.7296      7.687   241.3179 1.4080e+01     8.6906      3.664      5.315    17.5351 0.0000e+00
      3.744      0.025     0.1822      2.093     59.895  50.667503     7.2923      7.683   241.0452 1.3926e+01     8.6995      3.674      5.328    17.5052 0.0000e+00
      3.747      0.021     0.1900      2.049     60.151  50.918994     7.2176      7.679   240.7831 1.3873e+01     8.7149      3.676      5.332    17.4411 0.0000e+00
      3.747      0.020     0.1946      1.986     61.262  51.882670     6.7771      7.675   240.5571 1.3823e+01     8.9109      3.674      5.329    17.3077 0.0000e+00
      3.747      0.023     0.2020      1.938     63.495  53.746589     5.9608      7.671   240.2916 1.3670e+01     9.1558      3.673      5.327    17.2574 0.0000e+00
      3.752      0.029     0.2034      1.914     66.040  55.800998     5.5045      7.666   239.8962 1.3416e+01     9.2164      3.678      5.335    17.2910 0.0000e+00
      3.762      0.037     0.1973      1.908     68.710  57.923468     5.4048      7.663   239.5619 1.3095e+01     9.1656      3.688      5.350    17.3228 0.0000e+00
      3.777      0.043     0.1895      1.900     71.386  60.035896     4.9383      7.661   239.3479 1.2759e+01     9.1914      3.703      5.371    17.3551 0.0000e+00
      3.792      0.048     0.1850      1.872     72.597  60.887535     4.1091      7.657   239.1146 1.2496e+01     9.2889      3.720      5.395    17.3475 0.0000e+00
      3.805      0.050     0.1834      1.835     72.684  60.788198     3.6520      7.650   238.7205 1.2280e+01     9.3192      3.733      5.415    17.2525 0.0000e+00
      3.817      0.052     0.1835      1.801     73.465  61.312259     3.6147      7.643   238.1958 1.2020e+01     9.2842      3.742      5.429    17.1443 0.0000e+00
      3.828      0.052     0.1846      1.768     75.395  62.839974     3.6078      7.638   237.7613 1.1745e+01     9.2409      3.754      5.445    17.0595 0.0000e+00
      3.840      0.052     0.1812      1.725     77.887  64.837333     3.5521      7.632   237.3387 1.1436e+01     9.2068      3.765      5.461    16.9345 0.0000e+00
      3.855      0.054     0.1778      1.679     80.358  66.781597     3.4654      7.627   236.8718 1.1033e+01     9.1795      3.778      5.480    16.7976 0.0000e+00
      3.871      0.057     0.1747      1.651     82.129  68.110360     3.4334      7.622   236.5044 1.0668e+01     9.2177      3.798      5.509    16.7112 0.0000e+00
      3.885      0.058     0.1725      1.645     82.854  68.574656     3.4481      7.616   236.1659 1.0389e+01     9.3274      3.812      5.528    16.6702 0.0000e+00
      3.899      0.058     0.1684      1.640     82.596  68.264301     3.4017      7.609   235.7904 1.0009e+01     9.4121      3.820      5.540    16.6286 0.0000e+00
      3.915      0.056     0.1629      1.626     81.842  67.598905     3.2883      7.604   235.4923 9.5512e+00     9.4570      3.839      5.568    16.5589 0.0000e+00
      3.932      0.052     0.1602      1.623     81.358  67.202316     3.2101      7.599   235.2286 9.2120e+00     9.4257      3.859      5.597    16.4592 0.0000e+00
      3.946      0.048     0.1612      1.628     81.185  67.091615     3.1890      7.595   234.9243 8.9604e+00     9.3760      3.870      5.613    16.3708 0.0000e+00
      3.956      0.044     0.1615      1.610     81.123  67.086610     3.1406      7.591   234.2223 8.6903e+00     9.5385      3.880      5.627    16.3073 0.0000e+00
      3.966      0.040     0.1591      1.585     80.936  66.951212     3.0500      7.589   232.7638 8.4405e+00     9.8534      3.890      5.642    16.2839 0.0000e+00
      3.974      0.037     0.1578      1.576     80.764  66.789068     2.9925      7.586   231.0559 8.2284e+00     9.9384      3.897      5.653    16.2934 0.0000e+00
      3.981      0.036     0.1614      1.566     81.470  67.350318     2.9778      7.585   229.3180 7.9470e+00     9.8489      3.902      5.659    16.3085 0.0000e+00
      3.991      0.036     0.1579      1.567     83.042  68.589542     2.9714      7.585   227.4962 7.6162e+00     9.8980      3.913      5.675    16.3534 0.0000e+00
      4.002      0.036     0.1535      1.581     84.386  69.506803     2.9658      7.585   226.0638 7.3695e+00    10.0541      3.927      5.696    16.3698 0.0000e+00
      4.012      0.035     0.1555      1.598     84.916  69.670163     2.9678      7.586   225.0775 7.1144e+00    10.1651      3.934      5.706    16.3400 0.0000e+00
      4.021      0.029     0.1525      1.613     84.609  69.229679     2.9709      7.586   224.3460 6.7505e+00    10.2147      3.943      5.717    16.3303 0.0000e+00
      4.031      0.017     0.1531      1.613     83.299  68.121194     2.9279      7.586   223.5003 6.4115e+00    10.3131      3.953      5.733    16.3331 0.0000e+00
      4.039      0.002     0.1554      1.592     81.415  66.690189     2.8392      7.585   222.0798 6.2869e+00    10.4666      3.961      5.746    16.2097 0.0000e+00
      4.041     -0.010     0.1575      1.550     80.415  66.099361     2.7812      7.583   220.5069 6.5812e+00    10.5681      3.966      5.753    15.9886 0.0000e+00
      4.032     -0.016     0.1604      1.517     80.967  66.760840     2.7758      7.582   219.1946 7.2607e+00    10.5836      3.959      5.742    15.8748 0.0000e+00
      4.015     -0.015     0.1601      1.517     82.515  68.079356     2.8490      7.582   217.8290 7.8413e+00    10.5516      3.936      5.709    15.8592 0.0000e+00
      4.001     -0.006     0.1586      1.529     84.517  69.585567     2.9831      7.582   216.3855 7.9521e+00    10.5218      3.917      5.681    15.9181 0.0000e+00
      3.999      0.009     0.1524      1.539     86.308  70.799408     3.0490      7.582   215.0766 7.7331e+00    10.5307      3.918      5.683    16.0996 0.0000e+00
      4.008      0.029     0.1467      1.561     87.752  71.696380     3.0385      7.584   213.8774 7.2847e+00    10.5231      3.929      5.698    16.2681 0.0000e+00
      4.024      0.049     0.1487      1.597     89.047  72.485104     3.0144      7.585   212.8126 6.5878e+00    10.5326      3.944      5.720    16.2911 0.0000e+00
      4.044      0.065     0.1510      1.631     89.832  72.834821     2.9320      7.585   211.9254 5.9361e+00    11.8064      3.967      5.755    16.1891 0.0000e+00
      4.061      0.071     0.1509      1.653     90.275  72.873321     2.8004      7.585   211.1515 5.3657e+00    14.3444      3.983      5.778    16.0162 0.0000e+00
      4.080      0.066     0.1540      1.654     90.371  72.695929     2.7374      7.585   210.4242 4.6033e+00    15.7712      3.998      5.798    15.8383 0.0000e+00
      4.104      0.051     0.1588      1.639     89.244  71.706724     2.7449      7.585   209.5852 3.9106e+00    15.8720      4.026      5.839    15.7029 0.0000e+00
      4.126      0.028     0.1629      1.622     87.029  70.065982     2.7662      7.586   208.4929 3.6474e+00    16.0079      4.052      5.876    15.5518 0.0000e+00
      4.134      0.003     0.1662      1.592     84.753  68.557669     2.7862      7.586   207.3703 3.7343e+00    16.3213      4.059      5.888    15.3440 0.0000e+00
      4.129     -0.020     0.1671      1.533     82.989  67.516373     2.7875      7.585   206.4228 4.1185e+00    16.4838      4.053      5.878    15.1817 0.0000e+00
      4.110     -0.039     0.1643      1.477     82.109  67.136267     2.7908      7.585   205.3818 4.8391e+00    16.4011      4.034      5.851    15.1250 0.0000e+00
      4.085     -0.053     0.1630      1.443     81.752  67.076279     2.8591      7.585   203.9898 5.5366e+00    15.1848      4.003      5.806    15.2063 0.0000e+00
