Data/DataNotYetUploadedToEDI/Raw_CTD/RawDownloads/090924_fcr40_S7809004.cnv
* Sea-Bird SBE19plus  Data File:
* FileName = C:\R\Reservoirs\Data\DataNotYetUploadedToEDI\Raw_CTD\RawDownloads\090924_fcr40_S7809_0004.hex
* Software version 2.8.0.119
* Temperature SN = 7809
* Conductivity SN = 7809
* System UpLoad Time = Sep 09 2024 17:06:18
* <ApplicationData>
* <Seaterm232>
# nquan = 15
# nvalues = 763                         
# units = specified
# name 0 = depFM: Depth [fresh water, m]
# name 1 = dz/dtM: Descent Rate [m/s]
# name 2 = sbeox0Mg/L: Oxygen, SBE 43 [mg/l]
# name 3 = sbeox0PS: Oxygen, SBE 43 [% saturation]
# name 4 = specc: Specific Conductance [uS/cm]
# name 5 = c0uS/cm: Conductivity [uS/cm]
# name 6 = flECO-AFL: Fluorescence, WET Labs ECO-AFL/FL [mg/m^3]
# name 7 = ph: pH
# name 8 = orp: Oxidation Reduction Potential [mV]
# name 9 = par/sat/log: PAR/Logarithmic, Satlantic
# name 10 = turbWETntu0: Turbidity, WET Labs ECO [NTU]
# name 11 = prdM: Pressure, Strain Gauge [db]
# name 12 = prdE: Pressure, Strain Gauge [psi]
# name 13 = tv290C: Temperature [ITS-90, deg C]
# name 14 = flag:  0.000e+00
# span 0 =     -0.590,      4.134       
# span 1 =     -0.355,      0.272       
# span 2 =     0.1379,     8.6152       
# span 3 =      1.419,     97.604       
# span 4 =      8.526,     90.371       
# span 5 =   7.911534,  72.873321       
# span 6 =    -1.0355,    90.4801       
# span 7 =      7.578,      8.057       
# span 8 =   166.3663,   241.5085       
# span 9 = 3.6474e+00, 1.2795e+03       
# span 10 =     0.8663,    16.4838      
# span 11 =     -0.580,      4.059      
# span 12 =     -0.843,      5.888      
# span 13 =    15.1250,    21.5997      
# span 14 = 0.0000e+00, 0.0000e+00      
# interval = seconds: 0.25
# start_time = Sep 09 2024 10:51:04 [Instrument's time stamp, header]
# bad_flag = -9.990e-29
*END*
     -0.494      0.170     8.4517     94.197     43.048  39.794212     1.6162      7.858   166.3663 6.4175e+02     4.0466     -0.506     -0.734    20.2871 0.0000e+00
     -0.430      0.222     8.4062     94.522     42.838  39.710990     1.6713      7.844   166.3778 8.4665e+02     4.0413     -0.423     -0.613    20.5349 0.0000e+00
     -0.350      0.259     8.3641     95.031     42.683  39.641515     1.7930      7.826   166.6259 1.0703e+03     4.0527     -0.343     -0.498    20.8796 0.0000e+00
     -0.264      0.272     8.3646     95.656     42.662  39.652388     1.9804      7.812   166.7856 1.1440e+03     3.9448     -0.266     -0.386    21.0799 0.0000e+00
     -0.174      0.256     8.3581     96.264     42.720  39.715565     2.0733      7.803   166.9316 1.1155e+03     3.8634     -0.163     -0.235    21.2184 0.0000e+00
     -0.099      0.216     8.3586     96.777     42.768  39.770769     2.0918      7.797   167.0997 1.1176e+03     3.8894     -0.086     -0.125    21.3602 0.0000e+00
     -0.049      0.163     8.3919     97.171     42.798  39.812179     2.1041      7.793   167.2700 1.0871e+03     3.8492     -0.040     -0.059    21.4541 0.0000e+00
     -0.022      0.109     8.4490     97.446     42.810  39.835493     2.1142      7.791   167.5281 1.0059e+03     3.8210     -0.016     -0.023    21.4757 0.0000e+00
     -0.012      0.061     8.5046     97.596     42.761  39.798819     2.1310      7.791   167.7256 9.8894e+02     3.8901     -0.008     -0.012    21.4757 0.0000e+00
     -0.012      0.027     8.5482     97.604     42.705  39.749544     2.1322      7.790   167.8516 9.9807e+02     3.9673     -0.011     -0.015    21.4888 0.0000e+00
     -0.015      0.009     8.5802     97.527     42.700  39.747411     2.1362      7.788   168.1908 9.8828e+02     4.0371     -0.015     -0.022    21.5063 0.0000e+00
     -0.018      0.005     8.6009     97.462     42.723  39.773034     2.1805      7.786   168.6434 9.9237e+02     4.0164     -0.018     -0.026    21.5225 0.0000e+00
     -0.020      0.009     8.6152     97.450     42.754  39.805505     2.2432      7.783   168.9356 1.1415e+03     3.8541     -0.021     -0.031    21.5330 0.0000e+00
     -0.018      0.015     8.6123     97.450     42.771  39.822715     2.2693      7.782   169.1425 1.2781e+03     3.7138     -0.020     -0.029    21.5355 0.0000e+00
     -0.011      0.020     8.6019     97.396     42.740  39.790740     2.2635      7.783   169.3385 1.1567e+03     3.7218     -0.013     -0.019    21.5367 0.0000e+00
      0.000      0.024     8.5939     97.317     42.687  39.736197     2.3228      7.785   169.4121 1.0822e+03     3.8143      0.001      0.001    21.5424 0.0000e+00
      0.010      0.025     8.5929     97.257     42.691  39.734387     2.4536      7.788   169.4301 1.1279e+03     3.8752      0.012      0.018    21.5475 0.0000e+00
      0.014      0.023     8.5974     97.202     42.732  39.768847     2.5224      7.792   169.5562 1.0529e+03     3.8770      0.014      0.020    21.5485 0.0000e+00
      0.018      0.019     8.5901     97.133     42.738  39.772075     2.5134      7.796   169.7326 9.6055e+02     3.8023      0.016      0.024    21.5450 0.0000e+00
      0.022      0.015     8.5824     97.035     42.741  39.773418     2.5189      7.800   169.9278 9.8908e+02     3.7579      0.022      0.033    21.5385 0.0000e+00
      0.025      0.011     8.5800     96.904     42.751  39.785078     2.5564      7.802   170.1958 1.0238e+03     3.8527      0.025      0.036    21.5314 0.0000e+00
      0.028      0.006     8.5760     96.730     42.748  39.786137     2.5751      7.805   170.4774 9.6785e+02     3.9233      0.027      0.039    21.5267 0.0000e+00
      0.032      0.002     8.5710     96.283     42.743  39.786234     2.5707      7.807   170.7519 8.6596e+02     3.8600      0.032      0.047    21.5247 0.0000e+00
      0.033     -0.002     8.5627     94.929     42.738  39.786258     2.5782      7.809   171.0191 8.5628e+02     3.7701      0.034      0.050    21.5224 0.0000e+00
      0.028     -0.003     8.5508     92.199     42.730  39.786434     2.5988      7.811   171.2136 9.5609e+02     3.7593      0.028      0.041    21.5247 0.0000e+00
      0.023     -0.003     8.5357     88.321     42.722  39.788373     2.6194      7.813   171.2973 9.7134e+02     3.7969      0.020      0.029    21.5308 0.0000e+00
      0.021     -0.002     8.5223     83.932     42.735  39.809711     2.6202      7.816   171.4281 9.0751e+02     3.7805      0.019      0.029    21.5360 0.0000e+00
      0.022      0.001     8.4223     79.566     42.773  39.854054     2.6082      7.820   171.6761 8.9301e+02     3.6978      0.022      0.032    21.5405 0.0000e+00
      0.024      0.004     8.1685     75.582     42.795  39.880297     2.6568      7.824   171.8874 8.9395e+02     3.6516      0.024      0.034    21.5487 0.0000e+00
      0.027      0.005     7.8011     72.336     42.784  39.873174     2.7754      7.827   172.0042 8.9460e+02     3.7346      0.026      0.037    21.5616 0.0000e+00
      0.031      0.005     7.3949     70.041     42.739  39.831396     2.8525      7.830   172.1415 9.1555e+02     3.8816      0.031      0.045    21.5734 0.0000e+00
      0.031      0.003     7.0028     68.733     42.659  39.755944     2.8470      7.833   172.3426 8.7745e+02     3.8910      0.033      0.048    21.5828 0.0000e+00
      0.030     -0.000     6.6350     68.265     42.624  39.722422     2.8007      7.835   172.6296 8.1297e+02     3.7808      0.029      0.042    21.5910 0.0000e+00
      0.030     -0.004     6.3435     68.267     42.647  39.743388     2.7513      7.836   173.0301 8.3573e+02     3.7444      0.028      0.041    21.5950 0.0000e+00
      0.030     -0.005     6.1406     68.413     42.658  39.755605     2.7320      7.836   173.3129 8.8603e+02     3.7933      0.031      0.045    21.5953 0.0000e+00
      0.028     -0.005     6.0273     68.549     42.645  39.743216     2.7341      7.837   173.4677 9.7184e+02     3.8592      0.029      0.043    21.5930 0.0000e+00
      0.024     -0.003     6.0026     68.624     42.624  39.720511     2.7016      7.838   173.6969 1.1706e+03     3.8569      0.023      0.034    21.5898 0.0000e+00
      0.020     -0.001     6.0123     68.588     42.642  39.734932     2.6311      7.838   173.9335 1.2795e+03     3.7657      0.017      0.025    21.5908 0.0000e+00
      0.020      0.000     6.0290     68.378     42.701  39.790649     2.5966      7.838   174.1780 1.1178e+03     3.7132      0.018      0.026    21.5929 0.0000e+00
      0.025      0.001     6.0418     68.022     42.733  39.823017     2.6094      7.839   174.5017 8.8836e+02     3.7691      0.026      0.038    21.5934 0.0000e+00
      0.028      0.001     6.0496     67.627     42.714  39.808988     2.6277      7.840   174.7498 8.2947e+02     3.8263      0.029      0.043    21.5898 0.0000e+00
      0.028      0.001     6.0510     67.271     42.714  39.811413     2.6269      7.842   174.9416 8.6138e+02     3.7896      0.027      0.040    21.5843 0.0000e+00
      0.026      0.002     6.0309     66.937     42.757  39.852348     2.6084      7.843   175.0991 8.4147e+02     3.7361      0.025      0.036    21.5850 0.0000e+00
      0.024      0.004     5.9950     66.637     42.765  39.859693     2.6024      7.845   175.1060 8.4682e+02     3.7251      0.023      0.033    21.5903 0.0000e+00
      0.023      0.009     5.9561     66.497     42.741  39.836759     2.6380      7.847   175.1968 9.2216e+02     3.7600      0.021      0.031    21.5946 0.0000e+00
      0.025      0.014     5.9266     66.629     42.737  39.828901     2.6978      7.849   175.4228 1.0087e+03     3.7813      0.022      0.033    21.5968 0.0000e+00
      0.031      0.016     5.8981     67.070     42.742  39.828134     2.7257      7.852   175.6016 1.1045e+03     3.7441      0.029      0.042    21.5984 0.0000e+00
      0.041      0.016     5.8651     67.739     42.744  39.827484     2.7253      7.854   175.7232 1.1712e+03     3.7536      0.042      0.060    21.5997 0.0000e+00
      0.049      0.012     5.8500     68.474     42.738  39.821043     2.7436      7.857   175.8608 1.0742e+03     3.8287      0.050      0.073    21.5989 0.0000e+00
      0.051      0.005     5.8605     69.137     42.730  39.813714     2.7811      7.860   176.0606 9.1213e+02     3.8666      0.052      0.075    21.5921 0.0000e+00
      0.049     -0.003     5.9026     69.596     42.716  39.802336     2.8036      7.863   176.2471 8.8460e+02     3.8360      0.049      0.070    21.5840 0.0000e+00
      0.045     -0.009     5.9688     69.719     42.724  39.810398     2.7998      7.866   176.4807 9.1806e+02     3.7652      0.044      0.065    21.5819 0.0000e+00
      0.041     -0.011     6.0369     69.523     42.763  39.847732     2.7931      7.870   176.7339 9.3496e+02     3.7631      0.041      0.059    21.5821 0.0000e+00
      0.036     -0.009     6.0987     69.172     42.789  39.872958     2.8131      7.871   176.8128 9.2798e+02     3.8786      0.035      0.051    21.5828 0.0000e+00
      0.032     -0.003     6.1449     68.803     42.777  39.861554     2.8514      7.871   176.7470 8.9542e+02     3.9312      0.031      0.045    21.5840 0.0000e+00
      0.030      0.007     6.1555     68.478     42.752  39.836770     2.8730      7.870   176.7125 8.5653e+02     3.8192      0.027      0.040    21.5851 0.0000e+00
      0.032      0.017     6.1307     68.232     42.743  39.827149     2.8660      7.870   176.8258 8.8915e+02     3.6858      0.028      0.041    21.5861 0.0000e+00
      0.039      0.024     6.0954     68.078     42.725  39.808681     2.8665      7.870   177.0843 8.8810e+02     3.6848      0.036      0.052    21.5869 0.0000e+00
      0.051      0.025     6.0617     68.011     42.722  39.803859     2.8955      7.871   177.4294 7.6561e+02     3.7723      0.049      0.070    21.5870 0.0000e+00
      0.064      0.022     6.0319     68.041     42.754  39.832315     2.9178      7.872   177.7287 7.6829e+02     3.8214      0.064      0.093    21.5858 0.0000e+00
      0.073      0.017     6.0101     68.173     42.759  39.835430     2.9193      7.873   177.9494 8.2039e+02     3.8003      0.076      0.109    21.5843 0.0000e+00
      0.074      0.009     5.9973     68.317     42.699  39.778046     2.8963      7.874   178.2914 7.6612e+02     3.7906      0.075      0.108    21.5825 0.0000e+00
      0.069     -0.003     5.9916     68.307     42.631  39.709652     2.8651      7.876   178.6799 7.2848e+02     3.8410      0.065      0.095    21.5791 0.0000e+00
      0.066     -0.017     5.9927     68.019     42.633  39.706563     2.8499      7.877   178.9483 8.5073e+02     3.8634      0.062      0.089    21.5769 0.0000e+00
      0.066     -0.027     6.0078     67.469     42.672  39.740690     2.8378      7.879   179.2126 9.5060e+02     3.8559      0.066      0.095    21.5768 0.0000e+00
      0.061     -0.033     6.0267     66.833     42.673  39.741505     2.7770      7.882   179.3803 9.3093e+02     3.8194      0.066      0.096    21.5757 0.0000e+00
      0.046     -0.035     6.0310     66.286     42.648  39.716412     2.6636      7.885   179.4273 9.5177e+02     3.7297      0.046      0.067    21.5681 0.0000e+00
      0.027     -0.035     6.0067     65.853     42.624  39.691140     2.6070      7.886   179.5227 8.8285e+02     3.7275      0.023      0.033    21.5612 0.0000e+00
      0.015     -0.032     5.9513     65.439     42.628  39.689788     2.6254      7.887   179.5874 8.7105e+02     3.8265      0.013      0.019    21.5598 0.0000e+00
      0.010     -0.026     5.8885     64.938     42.651  39.700062     2.6536      7.890   179.6938 9.8230e+02     3.8679      0.009      0.014    21.5598 0.0000e+00
      0.008     -0.018     5.8399     64.334     42.656  39.688421     2.6650      7.892   179.9479 9.8755e+02     3.8179      0.008      0.012    21.5590 0.0000e+00
      0.007     -0.014     5.8066     63.738     42.660  39.675938     2.6541      7.893   180.1651 9.3173e+02     3.7683      0.007      0.011    21.5530 0.0000e+00
      0.006     -0.017     5.7738     63.241     42.675  39.676043     2.6555      7.895   180.3416 9.2044e+02     3.7806      0.006      0.008    21.5514 0.0000e+00
      0.004     -0.024     5.7324     62.878     42.698  39.689662     2.6739      7.898   180.6193 9.3773e+02     3.8302      0.004      0.006    21.5409 0.0000e+00
      0.000     -0.030     5.6765     62.736     42.726  39.713675     2.6840      7.900   180.8553 1.0146e+03     3.8561      0.004      0.006    21.5152 0.0000e+00
     -0.011     -0.034     5.6223     62.853     42.722  39.712532     2.6788      7.900   180.9573 1.1319e+03     3.8206     -0.009     -0.012    21.4962 0.0000e+00
     -0.028     -0.034     5.5820     63.093     42.680  39.675837     2.6612      7.901   181.0787 1.1674e+03     3.7759     -0.032     -0.045    21.4800 0.0000e+00
     -0.042     -0.030     5.5465     63.253     42.649  39.650785     2.6619      7.902   181.2902 1.1249e+03     3.7943     -0.043     -0.063    21.4681 0.0000e+00
     -0.049     -0.021     5.5313     63.225     42.659  39.663477     2.6798      7.903   181.5362 1.0515e+03     3.8036     -0.048     -0.070    21.4686 0.0000e+00
     -0.051     -0.009     5.5468     62.992     42.696  39.702374     2.6856      7.905   181.7300 1.0080e+03     3.8202     -0.052     -0.076    21.4726 0.0000e+00
     -0.050      0.002     5.5755     62.617     42.729  39.740326     2.6740      7.907   181.8263 1.0379e+03     3.8584     -0.051     -0.074    21.4753 0.0000e+00
     -0.046      0.009     5.5922     62.237     42.724  39.741592     2.6554      7.910   181.8403 1.0979e+03     3.7874     -0.045     -0.065    21.4795 0.0000e+00
     -0.041      0.011     5.5892     61.947     42.695  39.717685     2.6861      7.912   181.8995 1.1414e+03     3.7481     -0.039     -0.057    21.4836 0.0000e+00
     -0.037      0.011     5.5672     61.741     42.684  39.705117     2.7616      7.915   182.0254 1.1450e+03     3.7930     -0.036     -0.052    21.4881 0.0000e+00
     -0.033      0.009     5.5268     61.543     42.701  39.716553     2.8033      7.918   182.1575 1.1107e+03     3.8174     -0.032     -0.046    21.4973 0.0000e+00
     -0.031      0.005     5.4896     61.274     42.716  39.729029     2.7992      7.921   182.2927 1.0983e+03     3.8384     -0.030     -0.043    21.5072 0.0000e+00
     -0.031      0.001     5.4638     60.965     42.714  39.729037     2.7860      7.924   182.4556 1.1210e+03     3.8417     -0.030     -0.043    21.5113 0.0000e+00
     -0.032     -0.001     5.4487     60.715     42.697  39.716657     2.7935      7.926   182.6637 1.1541e+03     3.8573     -0.031     -0.045    21.5062 0.0000e+00
     -0.033     -0.003     5.4360     60.569     42.682  39.706272     2.8066      7.929   182.8303 1.1927e+03     3.8221     -0.032     -0.046    21.4986 0.0000e+00
     -0.034     -0.003     5.4110     60.532     42.707  39.730389     2.7951      7.931   183.0076 1.2032e+03     3.7232     -0.034     -0.048    21.4966 0.0000e+00
     -0.036     -0.003     5.3790     60.607     42.734  39.754410     2.7880      7.933   183.1731 1.1831e+03     3.6863     -0.035     -0.051    21.4999 0.0000e+00
     -0.037     -0.002     5.3551     60.742     42.723  39.742861     2.8123      7.936   183.1964 1.1675e+03     3.7523     -0.036     -0.052    21.5054 0.0000e+00
     -0.037      0.000     5.3429     60.872     42.698  39.717675     2.8468      7.939   183.2034 1.1695e+03     3.8377     -0.037     -0.053    21.5094 0.0000e+00
     -0.037      0.001     5.3378     60.987     42.684  39.703734     2.8733      7.942   183.3437 1.1840e+03     3.8306     -0.037     -0.054    21.5100 0.0000e+00
     -0.036      0.001     5.3469     60.972     42.683  39.701219     2.8740      7.945   183.5160 1.1991e+03     3.7682     -0.035     -0.051    21.5085 0.0000e+00
     -0.034     -0.002     5.3628     60.706     42.670  39.687269     2.8551      7.947   183.9955 1.2012e+03     3.7333     -0.033     -0.048    21.5062 0.0000e+00
