Data/DataNotYetUploadedToEDI/Raw_CTD/RawDownloads/090924_fcr10_S7809001.cnv
* Sea-Bird SBE19plus  Data File:
* FileName = C:\R\Reservoirs\Data\DataNotYetUploadedToEDI\Raw_CTD\RawDownloads\090924_fcr40_S7809_0001.hex
* Software version 2.8.0.119
* Temperature SN = 7809
* Conductivity SN = 7809
* System UpLoad Time = Sep 09 2024 17:05:19
* <ApplicationData>
* <Seaterm232>
# nquan = 15
# nvalues = 419                         
# units = specified
# name 0 = depFM: Depth [fresh water, m]
# name 1 = dz/dtM: Descent Rate [m/s]
# name 2 = sbeox0Mg/L: Oxygen, SBE 43 [mg/l]
# name 3 = sbeox0PS: Oxygen, SBE 43 [% saturation]
# name 4 = specc: Specific Conductance [uS/cm]
# name 5 = c0uS/cm: Conductivity [uS/cm]
# name 6 = flECO-AFL: Fluorescence, WET Labs ECO-AFL/FL [mg/m^3]
# name 7 = ph: pH
# name 8 = orp: Oxidation Reduction Potential [mV]
# name 9 = par/sat/log: PAR/Logarithmic, Satlantic
# name 10 = turbWETntu0: Turbidity, WET Labs ECO [NTU]
# name 11 = prdM: Pressure, Strain Gauge [db]
# name 12 = prdE: Pressure, Strain Gauge [psi]
# name 13 = tv290C: Temperature [ITS-90, deg C]
# name 14 = flag:  0.000e+00
# span 0 =     -0.592,      2.292       
# span 1 =     -0.318,      0.157       
# span 2 =     4.1934,     8.7901       
# span 3 =     46.557,     97.906       
# span 4 =      5.236,     43.071       
# span 5 =   4.808558,  39.512957       
# span 6 =     2.0895,   227.9385       
# span 7 =      6.566,      7.553       
# span 8 =    57.1005,   294.7604       
# span 9 = 2.9143e+01, 1.0347e+03       
# span 10 =    -6.0126,   164.8876      
# span 11 =     -0.581,      2.250      
# span 12 =     -0.842,      3.263      
# span 13 =    19.0960,    21.0669      
# span 14 = 0.0000e+00, 0.0000e+00      
# interval = seconds: 0.25
# start_time = Sep 09 2024 10:09:50 [Instrument's time stamp, header]
# bad_flag = -9.990e-29
*END*
[from data line 386]
      0.358     -0.318     6.5677     73.772     42.726  39.201433     3.8353      7.530   215.1723 3.0092e+02     3.5389      0.362      0.526    20.8776 0.0000e+00
      0.270     -0.290     6.5737     73.867     42.736  39.215061     3.8325      7.523   214.8158 3.3237e+02     3.5835      0.277      0.401    20.8694 0.0000e+00
      0.165     -0.243     6.5776     73.934     42.755  39.239186     3.8510      7.524   213.9188 4.5245e+02     3.5476      0.147      0.213    20.8667 0.0000e+00
      0.086     -0.193     6.5831     73.954     42.747  39.239290     3.8922      7.532   213.0171 5.9849e+02     3.4456      0.065      0.095    20.8667 0.0000e+00
      0.055     -0.140     6.5927     73.930     42.715  39.216327     3.9065      7.542   212.8605 6.5493e+02     3.3418      0.044      0.063    20.8685 0.0000e+00
      0.053     -0.085     6.6012     73.894     42.708  39.215401     3.8990      7.546   213.6604 6.4902e+02     3.3166      0.050      0.072    20.8737 0.0000e+00
      0.056     -0.038     6.6069     73.871     42.717  39.228092     3.9024      7.543   217.1824 5.5082e+02     3.3801      0.060      0.086    20.8831 0.0000e+00
      0.051     -0.021     6.6073     73.846     42.731  39.242863     3.9140      7.536   220.3400 4.6197e+02     3.4275      0.052      0.075    20.8926 0.0000e+00
      0.046     -0.037     6.6035     73.809     42.758  39.267077     3.9144      7.528   218.3697 4.8387e+02     3.3772      0.039      0.057    20.8991 0.0000e+00
      0.051     -0.072     6.5977     73.805     42.758  39.267023     3.8981      7.524   215.5579 5.2832e+02     3.2834      0.049      0.070    20.9050 0.0000e+00
      0.051     -0.115     6.5959     73.835     42.725  39.242217     3.8667      7.526   214.1338 6.2984e+02     3.2507      0.066      0.096    20.9125 0.0000e+00
      0.014     -0.166     6.5947     73.866     42.690  39.220999     3.7007      7.531   216.3800 7.0932e+02     3.3571      0.031      0.044    20.9148 0.0000e+00
     -0.054     -0.225     6.5884     73.897     42.727  39.264335     3.4063      7.537   223.5303 6.9086e+02     3.5451     -0.059     -0.086    20.9127 0.0000e+00
     -0.122     -0.276     6.5887     73.919     42.846  39.385435     3.2376      7.537   227.0232 7.0442e+02     3.6110     -0.123     -0.178    20.9106 0.0000e+00
     -0.193     -0.300     6.5929     73.892     42.920  39.479476     3.2014      7.530   222.3895 7.4109e+02     3.5383     -0.173     -0.251    20.9162 0.0000e+00
     -0.291     -0.293     6.5919     73.730     42.922  39.512957     3.1176      7.520   216.8053 8.3350e+02     3.4182     -0.280     -0.405    20.9352 0.0000e+00
     -0.401     -0.267     6.5944     73.373     42.855  39.472985     2.9900      7.513   217.0656 9.0848e+02     3.2862     -0.407     -0.590    20.9433 0.0000e+00
     -0.479     -0.232     6.5966     72.833     42.189  38.869292     2.9231      7.510   218.8257 9.0419e+02     3.2060     -0.490     -0.711    20.9475 0.0000e+00
     -0.513     -0.186     6.5922     72.070     34.824  32.086857     2.9164      7.508   218.4687 9.2826e+02     2.9611     -0.506     -0.734    20.9843 0.0000e+00
     -0.533     -0.133     6.5763     71.152     24.732  22.785592     2.8430      7.508   216.4501 9.9008e+02     0.5642     -0.514     -0.746    21.0310 0.0000e+00
     -0.562     -0.086     6.5365     70.377     27.456  25.286001     2.7428      7.510   210.3359 1.0212e+03    -3.7076     -0.556     -0.806    21.0540 0.0000e+00
     -0.584     -0.055     6.4923     70.022     32.501  29.925073     3.1535      7.510   198.1454 8.7175e+02    -5.9551     -0.580     -0.841    21.0622 0.0000e+00
     -0.591     -0.037     6.4233     70.061     24.095  22.180979     8.3495      7.509   181.8525 7.1460e+02    -6.0126     -0.579     -0.840    21.0669 0.0000e+00
     -0.592     -0.022     6.3295     70.215     12.760  11.742615    65.6171      7.508   170.9641 7.9553e+02    -4.3341     -0.580     -0.841    21.0651 0.0000e+00
     -0.592     -0.010     6.2525     70.408      7.746   7.125300   170.6247      7.508   165.1812 7.8568e+02    -1.1352     -0.580     -0.842    21.0494 0.0000e+00
     -0.592     -0.002     6.2217     70.687      6.142   5.646880   227.5036      7.511   156.1565 6.7841e+02     0.5898     -0.581     -0.842    21.0284 0.0000e+00
     -0.592     -0.000     6.2430     70.917      5.460   5.018047   227.9385      7.501   172.5794 7.2751e+02     0.6380     -0.580     -0.842    21.0198 0.0000e+00
     -0.592     -0.000     6.2590     71.034      5.273   4.843918   175.8494      7.460   244.6714 6.2482e+02    -0.2443     -0.580     -0.842    21.0072 0.0000e+00
     -0.592     -0.000     6.2717     71.076      5.236   4.808558   127.7061      7.433   294.7604 4.1787e+02    -1.0603     -0.581     -0.842    20.9792 0.0000e+00
     -0.592 -9.990e-29     6.3107 -9.990e-29 -9.990e-29 -9.990e-29 -9.990e-29 -9.990e-29 -9.990e-29 4.1385e+02 -9.990e-29     -0.580     -0.841    20.9562 0.0000e+00
     -0.592 -9.990e-29     6.3337 -9.990e-29 -9.990e-29 -9.990e-29 -9.990e-29 -9.990e-29 -9.990e-29 4.5208e+02 -9.990e-29     -0.580     -0.842    20.9409 0.0000e+00
     -0.592 -9.990e-29     6.3422 -9.990e-29 -9.990e-29 -9.990e-29 -9.990e-29 -9.990e-29 -9.990e-29 4.3346e+02 -9.990e-29     -0.580     -0.842    20.9209 0.0000e+00
     -0.592 -9.990e-29     6.3520 -9.990e-29 -9.990e-29 -9.990e-29 -9.990e-29 -9.990e-29 -9.990e-29 4.2553e+02 -9.990e-29     -0.579     -0.840    20.9086 0.0000e+00
