Data/DataNotYetUploadedToEDI/Raw_CTD/RawDownloads/090924_fcr10_S7809001.cnv
* Sea-Bird SBE19plus  Data File:
* FileName = C:\R\Reservoirs\Data\DataNotYetUploadedToEDI\Raw_CTD\RawDownloads\090924_fcr40_S7809_0001.hex
* Software version 2.8.0.119
* Temperature SN = 7809
* Conductivity SN = 7809
* System UpLoad Time = Sep 09 2024 17:05:19
* <ApplicationData>
* <Seaterm232>
# nquan = 15
# nvalues = 419                         
# units = specified
# name 0 = depFM: Depth [fresh water, m]
# name 1 = dz/dtM: Descent Rate [m/s]
# name 2 = sbeox0Mg/L: Oxygen, SBE 43 [mg/l]
# name 3 = sbeox0PS: Oxygen, SBE 43 [% saturation]
# name 4 = specc: Specific Conductance [uS/cm]
# name 5 = c0uS/cm: Conductivity [uS/cm]
# name 6 = flECO-AFL: Fluorescence, WET Labs ECO-AFL/FL [mg/m^3]
# name 7 = ph: pH
# name 8 = orp: Oxidation Reduction Potential [mV]
# name 9 = par/sat/log: PAR/Logarithmic, Satlantic
# name 10 = turbWETntu0: Turbidity, WET Labs ECO [NTU]
# name 11 = prdM: Pressure, Strain Gauge [db]
# name 12 = prdE: Pressure, Strain Gauge [psi]
# name 13 = tv290C: Temperature [ITS-90, deg C]
# name 14 = flag:  0.000e+00
# span 0 =     -0.592,      2.292       
# span 1 =     -0.318,      0.157       
# span 2 =     4.1934,     8.7901       
# span 3 =     46.557,     97.906       
# span 4 =      5.236,     43.071       
# span 5 =   4.808558,  39.512957       
# span 6 =     2.0895,   227.9385       
# span 7 =      6.566,      7.553       
# span 8 =    57.1005,   294.7604       
# span 9 = 2.9143e+01, 1.0347e+03       
# span 10 =    -6.0126,   164.8876      
# span 11 =     -0.581,      2.250      
# span 12 =     -0.842,      3.263      
# span 13 =    19.0960,    21.0669      
# span 14 = 0.0000e+00, 0.0000e+00      
# interval = seconds: 0.25
# start_time = Sep 09 2024 10:09:50 [Instrument's time stamp, header]
# bad_flag = -9.990e-29
*END*
[from data line 193]
      1.122      0.042     7.0458     75.413     42.718  39.213804     4.1427      7.338   200.5135 1.3055e+02     3.5966      1.099      1.595    20.8890 0.0000e+00
      1.134      0.047     6.9376     74.960     42.730  39.225447     4.1512      7.337   200.5319 1.2660e+02     3.6169      1.112      1.612    20.8907 0.0000e+00
      1.147      0.050     6.8506     74.615     42.718  39.215062     4.1320      7.338   200.5048 1.2330e+02     3.5876      1.125      1.631    20.8926 0.0000e+00
      1.162      0.052     6.7838     74.354     42.718  39.215166     4.1180      7.340   200.5299 1.2130e+02     3.5840      1.140      1.653    20.8932 0.0000e+00
      1.177      0.054     6.7318     74.169     42.731  39.226705     4.1239      7.341   200.7495 1.2035e+02     3.5732      1.154      1.675    20.8935 0.0000e+00
      1.191      0.056     6.6917     74.029     42.733  39.227660     4.1366      7.341   201.0093 1.1958e+02     3.5592      1.168      1.695    20.8944 0.0000e+00
      1.203      0.057     6.6627     73.929     42.732  39.226715     4.1389      7.342   201.1761 1.1868e+02     3.5508      1.181      1.714    20.8949 0.0000e+00
      1.215      0.055     6.6381     73.905     42.720  39.215280     4.1017      7.343   201.2174 1.1727e+02     3.5068      1.190      1.725    20.8948 0.0000e+00
      1.232      0.051     6.6236     73.938     42.721  39.216320     4.0442      7.347   201.1649 1.1447e+02     3.4366      1.207      1.750    20.8938 0.0000e+00
      1.252      0.046     6.6121     73.978     42.746  39.239283     4.0270      7.353   201.2297 1.1231e+02     3.4195      1.231      1.786    20.8933 0.0000e+00
      1.265      0.040     6.6000     74.018     42.746  39.239074     4.0355      7.358   201.3132 1.1146e+02     3.4707      1.243      1.803    20.8932 0.0000e+00
      1.270      0.033     6.5992     74.057     42.720  39.213794     4.0305      7.363   201.3137 1.0989e+02     3.4752      1.245      1.806    20.8930 0.0000e+00
      1.275      0.027     6.6050     74.069     42.693  39.187464     4.0155      7.367   201.4074 1.0779e+02     3.4053      1.250      1.813    20.8931 0.0000e+00
      1.279      0.026     6.6078     74.043     42.681  39.174565     4.0124      7.369   201.8438 1.0570e+02     3.3763      1.256      1.822    20.8929 0.0000e+00
      1.283      0.035     6.6114     74.012     42.695  39.184750     4.0348      7.364   202.5458 1.0321e+02     3.3988      1.257      1.824    20.8926 0.0000e+00
      1.288      0.051     6.6160     74.001     42.696  39.183691     4.1117      7.358   203.0130 1.0081e+02     3.4377      1.261      1.829    20.8913 0.0000e+00
      1.298      0.068     6.6184     73.973     42.677  39.161750     4.2102      7.354   203.1902 9.7862e+01     3.4711      1.270      1.842    20.8893 0.0000e+00
      1.318      0.082     6.6147     73.913     42.695  39.173297     4.2430      7.352   203.3981 9.3306e+01     3.4954      1.287      1.867    20.8871 0.0000e+00
      1.351      0.091     6.6102     73.856     42.725  39.196374     4.2419      7.351   203.5473 8.8039e+01     3.5613      1.324      1.918    20.8850 0.0000e+00
      1.386      0.091     6.6124     73.808     42.718  39.186925     4.2057      7.353   203.5309 8.3313e+01     3.5494      1.363      1.976    20.8828 0.0000e+00
      1.415      0.085     6.6112     73.772     42.718  39.185971     4.1050      7.356   203.5439 7.9640e+01     3.4208      1.390      2.016    20.8776 0.0000e+00
      1.435      0.074     6.6042     73.746     42.718  39.184835     4.0313      7.360   203.6194 7.7463e+01     3.3385      1.410      2.045    20.8704 0.0000e+00
      1.445      0.060     6.6004     73.722     42.707  39.173194     4.0139      7.364   203.6688 7.6155e+01     3.3392      1.418      2.057    20.8651 0.0000e+00
      1.452      0.050     6.5965     73.709     42.707  39.172136     4.0272      7.369   203.7112 7.4597e+01     3.3947      1.422      2.062    20.8622 0.0000e+00
      1.462      0.045     6.5929     73.715     42.708  39.172039     4.0594      7.374   203.7884 7.2978e+01     3.4293      1.434      2.080    20.8609 0.0000e+00
      1.474      0.042     6.5919     73.730     42.708  39.172022     4.0786      7.379   203.7411 7.1548e+01     3.3828      1.446      2.098    20.8599 0.0000e+00
      1.487      0.040     6.5890     73.725     42.708  39.171927     4.0770      7.382   203.6564 7.0010e+01     3.3434      1.457      2.114    20.8583 0.0000e+00
      1.500      0.038     6.5880     73.711     42.707  39.170888     4.0725      7.386   203.7961 6.8663e+01     3.3299      1.472      2.135    20.8567 0.0000e+00
      1.510      0.038     6.5883     73.731     42.694  39.159453     4.0822      7.388   204.0538 6.7716e+01     3.3217      1.484      2.151    20.8557 0.0000e+00
      1.515      0.039     6.5918     73.775     42.695  39.160597     4.0868      7.391   204.2773 6.6746e+01     3.3131      1.486      2.156    20.8546 0.0000e+00
      1.520      0.042     6.5912     73.823     42.722  39.184723     4.0858      7.394   204.4338 6.5369e+01     3.2935      1.487      2.158    20.8543 0.0000e+00
      1.530      0.047     6.5867     73.870     42.736  39.197310     4.0951      7.396   204.6550 6.3514e+01     3.2903      1.498      2.173    20.8552 0.0000e+00
      1.545      0.053     6.5902     73.906     42.724  39.185868     4.1661      7.396   204.9727 6.1450e+01     3.3079      1.515      2.198    20.8555 0.0000e+00
      1.561      0.061     6.5950     73.944     42.709  39.173298     4.3035      7.394   205.2646 5.9437e+01     3.3704      1.531      2.221    20.8554 0.0000e+00
      1.579      0.067     6.5985     73.975     42.708  39.172250     4.3744      7.392   205.5166 5.7684e+01     3.3967      1.548      2.245    20.8548 0.0000e+00
      1.598      0.069     6.6040     73.949     42.709  39.173195     4.3748      7.391   205.7830 5.6229e+01     3.3521      1.567      2.273    20.8544 0.0000e+00
      1.616      0.069     6.6062     73.884     42.722  39.184734     4.3997      7.391   206.0765 5.4889e+01     3.3433      1.585      2.298    20.8547 0.0000e+00
      1.634      0.067     6.6090     73.845     42.724  39.184838     4.4425      7.392   206.3113 5.3636e+01     3.3592      1.601      2.323    20.8549 0.0000e+00
      1.652      0.062     6.6154     73.840     42.714  39.174453     4.4677      7.394   206.3856 5.2377e+01     3.3732      1.619      2.350    20.8554 0.0000e+00
      1.669      0.055     6.6117     73.821     42.728  39.186086     4.4713      7.396   206.2856 5.1062e+01     3.3764      1.637      2.375    20.8559 0.0000e+00
      1.684      0.046     6.6029     73.787     42.743  39.198569     4.4276      7.397   206.3080 5.0022e+01     3.3304      1.654      2.398    20.8553 0.0000e+00
      1.694      0.039     6.5995     73.772     42.743  39.198455     4.3479      7.398   206.5695 4.9446e+01     3.2603      1.663      2.411    20.8533 0.0000e+00
      1.700      0.034     6.6020     73.774     42.729  39.184715     4.3064      7.399   206.7798 4.9138e+01     3.2793      1.668      2.419    20.8512 0.0000e+00
      1.704      0.033     6.6004     73.776     42.704  39.159350     4.3084      7.401   206.9587 4.8921e+01     3.3894      1.672      2.425    20.8496 0.0000e+00
      1.709      0.037     6.5951     73.770     42.691  39.145608     4.2807      7.401   207.1829 4.8689e+01     3.4643      1.675      2.429    20.8488 0.0000e+00
      1.717      0.047     6.5949     73.738     42.691  39.145484     4.2122      7.401   207.3397 4.8303e+01     3.5017      1.682      2.439    20.8483 0.0000e+00
      1.730      0.058     6.5959     73.686     42.705  39.157853     4.1718      7.402   207.4787 4.7732e+01     3.5345      1.695      2.459    20.8470 0.0000e+00
      1.748      0.067     6.5959     73.656     42.718  39.168237     4.1745      7.404   207.5732 4.7035e+01     3.5544      1.714      2.484    20.8449 0.0000e+00
      1.770      0.072     6.5968     73.645     42.694  39.144111     4.2947      7.407   207.5356 4.6294e+01     3.5365      1.736      2.517    20.8431 0.0000e+00
      1.795      0.071     6.5942     73.611     42.671  39.119986     4.5014      7.409   207.5404 4.5561e+01     3.4206      1.760      2.553    20.8422 0.0000e+00
      1.817      0.066     6.5872     73.553     42.686  39.130381     4.5933      7.412   207.7175 4.4960e+01     3.2809      1.784      2.588    20.8420 0.0000e+00
      1.833      0.057     6.5846     73.499     42.702  39.142864     4.5984      7.414   207.9559 4.4678e+01     3.2474      1.801      2.612    20.8413 0.0000e+00
      1.843      0.047     6.5866     73.436     42.705  39.143999     4.6132      7.415   208.0997 4.4563e+01     3.2894      1.808      2.622    20.8386 0.0000e+00
      1.851      0.038     6.5839     73.361     42.707  39.144102     4.6142      7.416   208.1656 4.4403e+01     3.4119      1.814      2.631    20.8344 0.0000e+00
      1.859      0.031     6.5771     73.287     42.709  39.144112     4.5940      7.417   208.2368 4.4293e+01     3.5337      1.823      2.643    20.8305 0.0000e+00
      1.866      0.027     6.5743     73.228     42.711  39.144114     4.5767      7.420   208.2716 4.4288e+01     3.4987      1.830      2.654    20.8269 0.0000e+00
      1.873      0.027     6.5689     73.198     42.712  39.144114     4.5625      7.424   208.3283 4.4347e+01     3.4327      1.838      2.664    20.8244 0.0000e+00
      1.878      0.028     6.5615     73.183     42.712  39.144113     4.5306      7.428   208.4071 4.4456e+01     3.4187      1.841      2.671    20.8233 0.0000e+00
      1.883      0.029     6.5551     73.163     42.712  39.144104     4.4994      7.431   208.4498 4.4490e+01     3.3976      1.844      2.676    20.8216 0.0000e+00
      1.890      0.031     6.5489     73.137     42.713  39.144009     4.4852      7.434   208.4996 4.4331e+01     3.3486      1.851      2.686    20.8191 0.0000e+00
      1.900      0.034     6.5472     73.103     42.714  39.142958     4.4666      7.437   208.5795 4.4131e+01     3.2700      1.864      2.702    20.8179 0.0000e+00
      1.911      0.037     6.5471     73.073     42.704  39.131403     4.4323      7.439   208.7276 4.4011e+01     3.2671      1.875      2.720    20.8183 0.0000e+00
      1.920      0.040     6.5444     73.034     42.706  39.131204     4.4039      7.441   208.9134 4.3846e+01     3.3481      1.883      2.732    20.8186 0.0000e+00
      1.930      0.044     6.5433     72.976     42.717  39.140549     4.3980      7.441   209.1044 4.3524e+01     3.3952      1.891      2.744    20.8173 0.0000e+00
      1.940      0.048     6.5391     72.949     42.695  39.117473     4.3935      7.440   209.3169 4.3018e+01     3.3925      1.902      2.758    20.8149 0.0000e+00
      1.952      0.049     6.5372     72.952     42.689  39.106031     4.3840      7.440   209.4174 4.2275e+01     3.4519      1.913      2.774    20.8117 0.0000e+00
      1.967      0.046     6.5365     72.939     42.720  39.129116     4.3992      7.441   209.4589 4.1268e+01     3.6688      1.927      2.795    20.8094 0.0000e+00
      1.983      0.040     6.5267     72.889     42.739  39.142745     4.4354      7.442   209.6473 4.0183e+01     3.8637      1.945      2.822    20.8095 0.0000e+00
      1.997      0.033     6.5259     72.829     42.741  39.143891     4.4554      7.442   209.8013 3.9425e+01     3.8952      1.962      2.845    20.8061 0.0000e+00
      2.004      0.027     6.5292     72.796     42.740  39.142973     4.4665      7.442   209.8584 3.9298e+01     3.7760      1.969      2.855    20.7984 0.0000e+00
      2.002      0.025     6.5294     72.770     42.725  39.131653     4.4856      7.443   209.9943 3.9572e+01     3.5843      1.963      2.848    20.7910 0.0000e+00
      2.000      0.026     6.5249     72.722     42.724  39.133941     4.5037      7.444   210.2393 3.9679e+01     3.5248      1.958      2.840    20.7868 0.0000e+00
      2.005      0.028     6.5169     72.655     42.759  39.170645     4.5195      7.446   210.4123 3.9413e+01     3.5690      1.965      2.849    20.7866 0.0000e+00
      2.017      0.032     6.5159     72.600     42.783  39.194675     4.5268      7.449   210.3654 3.8913e+01     3.5378      1.976      2.866    20.7862 0.0000e+00
      2.032      0.035     6.5141     72.585     42.756  39.170645     4.5750      7.451   210.3603 3.8455e+01     3.4549      1.994      2.892    20.7887 0.0000e+00
      2.046      0.035     6.5092     72.599     42.716  39.133940     4.6783      7.454   210.4369 3.8274e+01     3.4546      2.009      2.913    20.7951 0.0000e+00
      2.054      0.032     6.5012     72.618     42.714  39.131642     4.7442      7.457   210.4307 3.8243e+01     3.5340      2.015      2.923    20.7995 0.0000e+00
      2.058      0.028     6.4948     72.659     42.728  39.142858     4.7562      7.458   210.5437 3.8142e+01     3.6295      2.018      2.927    20.8017 0.0000e+00
      2.061      0.026     6.4937     72.741     42.730  39.142631     4.7562      7.459   210.7707 3.7978e+01     3.6870      2.021      2.932    20.8027 0.0000e+00
      2.066      0.029     6.4965     72.798     42.718  39.128890     4.7527      7.460   210.8526 3.7796e+01     3.6483      2.026      2.939    20.8026 0.0000e+00
      2.072      0.035     6.4979     72.807     42.693  39.103639     4.7385      7.461   210.8455 3.7502e+01     3.5713      2.031      2.946    20.8016 0.0000e+00
      2.082      0.041     6.4987     72.812     42.682  39.091156     4.7345      7.462   210.9433 3.7017e+01     3.5762      2.041      2.959    20.8004 0.0000e+00
      2.096      0.048     6.5112     72.803     42.700  39.104878     4.7300      7.463   211.1745 3.6485e+01     3.7075      2.056      2.981    20.7982 0.0000e+00
      2.110      0.054     6.5177     72.768     42.746  39.142621     4.6918      7.461   211.4031 3.5981e+01     3.8606      2.069      3.001    20.7941 0.0000e+00
      2.124      0.058     6.5149     72.721     42.780  39.166738     4.6547      7.459   211.4704 3.5398e+01     3.8906      2.082      3.020    20.7906 0.0000e+00
      2.141      0.059     6.5179     72.665     42.760  39.142622     4.6231      7.458   211.3862 3.4745e+01     3.8311      2.099      3.044    20.7885 0.0000e+00
      2.158      0.058     6.5178     72.568     42.723  39.104870     4.5341      7.457   211.4172 3.4120e+01     3.9948      2.117      3.070    20.7860 0.0000e+00
      2.174      0.056     6.5143     72.403     42.711  39.091046     4.4029      7.457   211.5876 3.3572e+01     4.4016      2.133      3.092    20.7804 0.0000e+00
      2.187      0.051     6.5111     72.197     42.727  39.102386     4.3426      7.457   211.6396 3.3045e+01     4.6499      2.145      3.111    20.7719 0.0000e+00
      2.200      0.046     6.5082     71.988     42.744  39.115060     4.3714      7.458   211.6152 3.2532e+01     4.8111      2.157      3.129    20.7641 0.0000e+00
      2.211      0.042     6.5017     71.815     42.749  39.117357     4.7847      7.459   211.5512 3.2125e+01     6.8628      2.169      3.147    20.7598 0.0000e+00
      2.220      0.039     6.4855     71.684     42.764  39.130152     5.5862      7.459   211.4687 3.1799e+01    10.8053      2.177      3.158    20.7580 0.0000e+00
      2.227      0.038     6.4666     71.565     42.781  39.142844     6.0470      7.460   211.6495 3.1454e+01    13.0601      2.184      3.167    20.7534 0.0000e+00
      2.236      0.033     6.4472     71.461     42.786  39.143894     6.0953      7.460   212.0161 3.1074e+01    13.3564      2.192      3.179    20.7479 0.0000e+00
      2.246      0.023     6.4310     71.387     42.787  39.142845     6.1358      7.460   212.2885 3.0649e+01    13.7054      2.202      3.194    20.7467 0.0000e+00
      2.258      0.013     6.4219     71.336     42.772  39.130154     6.6952      7.459   212.5333 3.0281e+01    17.6207      2.216      3.214    20.7469 0.0000e+00
