Data/DataNotYetUploadedToEDI/Raw_CTD/RawDownloads/090924_fcr20_S7809002.cnv
* Sea-Bird SBE19plus  Data File:
* FileName = C:\R\Reservoirs\Data\DataNotYetUploadedToEDI\Raw_CTD\RawDownloads\090924_fcr40_S7809_0002.hex
* Software version 2.8.0.119
* Temperature SN = 7809
* Conductivity SN = 7809
* System UpLoad Time = Sep 09 2024 17:05:41
* <ApplicationData>
* <Seaterm232>
# nquan = 15
# nvalues = 798                         
# units = specified
# name 0 = depFM: Depth [fresh water, m]
# name 1 = dz/dtM: Descent Rate [m/s]
# name 2 = sbeox0Mg/L: Oxygen, SBE 43 [mg/l]
# name 3 = sbeox0PS: Oxygen, SBE 43 [% saturation]
# name 4 = specc: Specific Conductance [uS/cm]
# name 5 = c0uS/cm: Conductivity [uS/cm]
# name 6 = flECO-AFL: Fluorescence, WET Labs ECO-AFL/FL [mg/m^3]
# name 7 = ph: pH
# name 8 = orp: Oxidation Reduction Potential [mV]
# name 9 = par/sat/log: PAR/Logarithmic, Satlantic
# name 10 = turbWETntu0: Turbidity, WET Labs ECO [NTU]
# name 11 = prdM: Pressure, Strain Gauge [db]
# name 12 = prdE: Pressure, Strain Gauge [psi]
# name 13 = tv290C: Temperature [ITS-90, deg C]
# name 14 = flag:  0.000e+00
# span 0 =     -0.591,      3.392       
# span 1 =     -0.240,      0.250       
# span 2 =     4.3149,     8.9740       
# span 3 =     48.397,     98.224       
# span 4 =      1.878,     56.433       
# span 5 =   1.603824,  51.219626       
# span 6 =    -0.5167,    46.4946       
# span 7 =      6.262,      7.942       
# span 8 =    69.3273,  1240.2275       
# span 9 = 1.1721e+01, 1.3965e+03       
# span 10 =    -0.2167,   102.4709      
# span 11 =     -0.581,      3.327      
# span 12 =     -0.841,      4.826      
# span 13 =    17.6728,    21.2027      
# span 14 = 0.0000e+00, 0.0000e+00      
# interval = seconds: 0.25
# start_time = Sep 09 2024 10:25:35 [Instrument's time stamp, header]
# bad_flag = -9.990e-29
*END*
[from data line 97]
      0.073      0.000     4.8889     53.756     41.964  38.522713     3.3535      7.450   149.4850 7.1679e+02     3.0114      0.071      0.103    20.9408 0.0000e+00
      0.074      0.001     4.8650     53.564     42.127  38.678495     3.3697      7.453   149.8286 7.2216e+02     3.0616      0.073      0.106    20.9334 0.0000e+00
      0.073      0.002     4.8448     53.531     42.230  38.789860     3.3955      7.456   150.1861 7.3244e+02     3.1721      0.072      0.105    20.9214 0.0000e+00
      0.073      0.002     4.8246     53.721     42.277  38.853904     3.4155      7.460   150.7103 7.1399e+02     3.1854      0.070      0.102    20.9018 0.0000e+00
      0.073      0.001     4.8002     54.101     42.289  38.881737     3.4199      7.465   151.2623 6.6587e+02     3.0859      0.071      0.104    20.8886 0.0000e+00
      0.074      0.000     4.7790     54.524     42.267  38.872578     3.4230      7.469   151.6983 6.6626e+02     2.9942      0.073      0.106    20.8962 0.0000e+00
      0.075     -0.002     4.7716     54.881     42.255  38.870092     3.4284      7.474   152.0236 7.2769e+02     2.9987      0.073      0.107    20.9210 0.0000e+00
      0.075     -0.005     4.7857     55.183     42.294  38.915148     3.4444      7.479   152.2708 7.3474e+02     3.1057      0.074      0.108    20.9490 0.0000e+00
      0.073     -0.008     4.8247     55.505     42.345  38.973145     3.4490      7.484   152.7082 7.0735e+02     3.1277      0.072      0.104    20.9692 0.0000e+00
      0.070     -0.009     4.8651     55.943     42.363  39.000209     3.4341      7.486   153.2680 7.3210e+02     3.0254      0.069      0.101    20.9803 0.0000e+00
      0.065     -0.007     4.8949     56.566     42.342  38.988539     3.4223      7.486   153.7906 7.5547e+02     2.9620      0.064      0.093    20.9880 0.0000e+00
      0.061     -0.003     4.9184     57.334     42.307  38.958975     3.4228      7.486   154.3811 7.1276e+02     2.9754      0.058      0.086    20.9984 0.0000e+00
      0.059      0.002     4.9429     58.145     42.242  38.896600     3.4406      7.485   154.9014 7.0968e+02     3.0503      0.056      0.083    21.0131 0.0000e+00
      0.061      0.006     4.9767     58.844     42.153  38.805515     3.4456      7.484   156.0374 7.2376e+02     3.0826      0.059      0.085    21.0278 0.0000e+00
      0.066      0.007     5.0333     59.232     42.110  38.746082     3.4261      7.484   163.2979 6.5886e+02     3.0236      0.063      0.092    21.0376 0.0000e+00
      0.072      0.005     5.1063     59.370     42.135  38.749106     3.4122      7.485   170.9311 6.2071e+02     2.9866      0.071      0.104    21.0378 0.0000e+00
      0.077      0.002     5.1791     59.393     42.177  38.778588     3.4192      7.484   168.4848 7.2365e+02     3.0447      0.079      0.115    21.0386 0.0000e+00
      0.076     -0.000     5.2560     59.287     42.183  38.785248     3.4364      7.479   168.9099 8.5296e+02     3.1453      0.076      0.110    21.0318 0.0000e+00
      0.069     -0.001     5.2884     59.143     42.154  38.766165     3.4452      7.472   172.8018 8.2234e+02     3.1452      0.066      0.096    20.9992 0.0000e+00
      0.064      0.000     5.2943     59.024     42.117  38.738252     3.4424      7.466   168.1340 7.4937e+02     3.0770      0.059      0.086    20.9701 0.0000e+00
      0.064      0.005     5.3062     58.921     42.074  38.701595     3.4354      7.461   163.1491 6.8937e+02     3.0717      0.060      0.088    20.9611 0.0000e+00
      0.068      0.012     5.2874     58.857     42.008  38.640241     3.4278      7.460   162.3467 5.6948e+02     3.1152      0.066      0.096    20.9648 0.0000e+00
      0.074      0.018     5.2727     58.791     41.929  38.567551     3.4253      7.462   162.0460 5.1918e+02     3.1591      0.072      0.105    20.9769 0.0000e+00
      0.081      0.022     5.2633     58.633     41.876  38.520758     3.4128      7.466   162.3527 5.1252e+02     3.1250      0.079      0.115    20.9863 0.0000e+00
      0.089      0.024     5.2507     58.349     41.872  38.518687     3.3849      7.470   167.3448 4.2491e+02     3.0443      0.087      0.127    20.9888 0.0000e+00
      0.095      0.025     5.2473     57.971     41.898  38.542512     3.3794      7.474   172.0724 2.7496e+02     3.0717      0.095      0.137    20.9868 0.0000e+00
      0.099      0.027     5.2453     57.561     41.918  38.554989     3.3874      7.479   167.8034 1.7558e+02     3.1482      0.097      0.140    20.9858 0.0000e+00
      0.104      0.028     5.2321     57.161     41.915  38.542613     3.3654      7.484   163.3084 1.5030e+02     3.1488      0.101      0.146    20.9882 0.0000e+00
      0.112      0.026     5.2047     56.761     41.900  38.519774     3.3133      7.489   163.4110 1.3381e+02     3.0790      0.108      0.157    20.9917 0.0000e+00
      0.124      0.023     5.1694     56.372     41.922  38.532673     3.2643      7.494   163.5380 1.2145e+02     3.0215      0.121      0.175    20.9926 0.0000e+00
      0.134      0.019     5.1307     56.014     41.972  38.571656     3.2480      7.500   163.3814 1.1626e+02     3.0688      0.135      0.195    20.9856 0.0000e+00
      0.137      0.015     5.0985     55.676     42.021  38.610353     3.2578      7.505   163.3237 1.1521e+02     3.1392      0.136      0.198    20.9721 0.0000e+00
      0.135      0.014     5.0629     55.358     42.102  38.683243     3.2663      7.508   163.5289 1.1422e+02     3.1542      0.132      0.191    20.9606 0.0000e+00
      0.133      0.017     5.0278     55.103     42.175  38.754917     3.2592      7.509   163.8840 1.1424e+02     3.1486      0.129      0.187    20.9534 0.0000e+00
      0.134      0.025     4.9979     54.956     42.192  38.778918     3.2470      7.511   164.1758 1.1655e+02     3.1055      0.131      0.189    20.9451 0.0000e+00
      0.141      0.035     4.9689     54.908     42.190  38.783070     3.2515      7.513   164.3889 1.1922e+02     3.0431      0.136      0.196    20.9353 0.0000e+00
      0.153      0.046     4.9390     54.922     42.212  38.805121     3.3222      7.515   164.7402 1.2064e+02     3.0429      0.148      0.214    20.9309 0.0000e+00
      0.171      0.057     4.9137     54.942     42.263  38.855162     3.4442      7.515   165.3261 1.2130e+02     3.1024      0.168      0.244    20.9373 0.0000e+00
      0.189      0.066     4.9001     54.927     42.283  38.880443     3.4948      7.514   165.9665 1.2192e+02     3.1141      0.186      0.270    20.9516 0.0000e+00
      0.206      0.073     4.8959     54.867     42.248  38.856962     3.4760      7.513   166.5465 1.2203e+02     3.0820      0.201      0.292    20.9595 0.0000e+00
      0.224      0.078     4.8993     54.775     42.207  38.825101     3.4917      7.511   167.1758 1.2101e+02     3.1580      0.218      0.316    20.9589 0.0000e+00
      0.244      0.079     4.9027     54.636     42.195  38.812522     3.5428      7.510   167.9835 1.1983e+02     3.3164      0.239      0.346    20.9602 0.0000e+00
      0.267      0.079     4.9003     54.436     42.223  38.831785     3.5704      7.510   168.8269 1.1858e+02     3.3581      0.263      0.381    20.9699 0.0000e+00
      0.291      0.080     4.8930     54.211     42.269  38.867614     3.5593      7.511   169.5430 1.1637e+02     3.2858      0.286      0.414    20.9834 0.0000e+00
      0.311      0.080     4.8843     54.007     42.270  38.864966     3.5412      7.513   170.2748 1.1360e+02     3.2274      0.307      0.446    20.9915 0.0000e+00
      0.327      0.079     4.8736     53.869     42.201  38.799776     3.5429      7.514   171.0506 1.1124e+02     3.2324      0.321      0.466    20.9908 0.0000e+00
      0.345      0.076     4.8545     53.741     42.111  38.713986     3.5549      7.515   171.6954 1.0918e+02     3.3119      0.337      0.489    20.9784 0.0000e+00
      0.366      0.071     4.8350     53.580     42.047  38.652651     3.5611      7.517   172.2208 1.0767e+02     3.3690      0.359      0.521    20.9694 0.0000e+00
      0.389      0.065     4.8138     53.456     42.022  38.629299     3.5853      7.519   172.7569 1.0682e+02     3.2743      0.382      0.553    20.9670 0.0000e+00
      0.410      0.057     4.8038     53.319     42.013  38.622016     3.6307      7.522   173.2734 1.0676e+02     3.1236      0.404      0.587    20.9652 0.0000e+00
      0.423      0.048     4.7983     53.096     42.025  38.628057     3.6609      7.524   173.7336 1.0775e+02     3.0846      0.417      0.605    20.9623 0.0000e+00
      0.428      0.041     4.7751     52.824     42.048  38.638878     3.6754      7.526   174.1915 1.0875e+02     3.1101      0.420      0.610    20.9568 0.0000e+00
      0.433      0.036     4.7698     52.548     42.047  38.625915     3.6824      7.529   174.5938 1.0938e+02     3.1922      0.425      0.616    20.9574 0.0000e+00
      0.440      0.031     4.7605     52.312     42.030  38.598221     3.6702      7.532   174.8978 1.0938e+02     3.2913      0.429      0.622    20.9615 0.0000e+00
      0.450      0.029     4.7372     52.126     41.998  38.557860     3.6527      7.537   175.2865 1.0872e+02     3.2835      0.439      0.637    20.9565 0.0000e+00
      0.461      0.027     4.7150     51.965     41.964  38.518642     3.6531      7.540   175.7652 1.0817e+02     3.2694      0.454      0.659    20.9405 0.0000e+00
      0.469      0.024     4.6884     51.796     41.955  38.504777     3.6586      7.543   176.0392 1.0756e+02     3.2568      0.461      0.669    20.9264 0.0000e+00
      0.473      0.021     4.6697     51.617     41.974  38.517135     3.6528      7.546   176.2767 1.0690e+02     3.1656      0.463      0.672    20.9123 0.0000e+00
      0.475      0.017     4.6542     51.424     42.006  38.541137     3.6495      7.550   176.7435 1.0653e+02     3.0551      0.466      0.678    20.8978 0.0000e+00
      0.477      0.016     4.6432     51.217     42.011  38.541137     3.6518      7.553   177.2096 1.0606e+02     3.0131      0.468      0.679    20.8888 0.0000e+00
      0.481      0.017     4.6271     51.007     41.991  38.517137     3.6563      7.556   177.6107 1.0561e+02     3.0685      0.471      0.682    20.8826 0.0000e+00
      0.486      0.018     4.6126     50.799     41.984  38.504769     3.6698      7.558   178.0658 1.0555e+02     3.1782      0.477      0.691    20.8774 0.0000e+00
      0.492      0.021     4.5962     50.629     42.004  38.518511     3.6734      7.560   178.4962 1.0536e+02     3.2808      0.483      0.699    20.8713 0.0000e+00
      0.498      0.024     4.5766     50.491     42.051  38.556368     3.6594      7.562   178.8560 1.0474e+02     3.3186      0.488      0.708    20.8648 0.0000e+00
      0.503      0.028     4.5605     50.393     42.082  38.581731     3.6493      7.562   179.2335 1.0403e+02     3.3273      0.494      0.716    20.8582 0.0000e+00
      0.509      0.032     4.5386     50.376     42.072  38.571336     3.6513      7.562   179.7040 1.0338e+02     3.3508      0.500      0.725    20.8519 0.0000e+00
      0.518      0.035     4.5258     50.441     42.058  38.557604     3.6589      7.562   180.1577 1.0262e+02     3.3648      0.507      0.735    20.8455 0.0000e+00
      0.528      0.036     4.5143     50.553     42.044  38.542614     3.6654      7.563   180.5025 1.0147e+02     3.3255      0.516      0.748    20.8397 0.0000e+00
      0.541      0.036     4.5026     50.644     42.020  38.517014     3.6723      7.563   180.7760 9.9833e+01     3.2513      0.530      0.769    20.8348 0.0000e+00
      0.553      0.034     4.5030     50.671     42.008  38.501902     3.7176      7.563   181.0548 9.8118e+01     3.1846      0.545      0.790    20.8337 0.0000e+00
      0.562      0.030     4.5083     50.631     41.993  38.486798     3.8220      7.565   181.3783 9.6475e+01     3.1351      0.552      0.800    20.8347 0.0000e+00
      0.567      0.024     4.5221     50.529     41.967  38.461308     3.9026      7.567   181.6759 9.4819e+01     3.1305      0.556      0.807    20.8314 0.0000e+00
      0.572      0.019     4.5320     50.349     41.952  38.447543     3.9101      7.570   181.9859 9.3322e+01     3.0950      0.562      0.815    20.8261 0.0000e+00
      0.576      0.014     4.5343     50.074     41.954  38.447282     3.9121      7.572   182.2876 9.1942e+01     3.0474      0.565      0.820    20.8220 0.0000e+00
      0.578      0.011     4.5309     49.753     41.971  38.458144     3.9350      7.574   182.4849 9.0857e+01     3.1016      0.567      0.822    20.8198 0.0000e+00
      0.580      0.010     4.5216     49.436     41.971  38.451950     3.9463      7.577   182.7366 9.0070e+01     3.1686      0.568      0.824    20.8191 0.0000e+00
      0.581      0.010     4.5083     49.126     41.960  38.435846     3.9571      7.579   183.0084 8.9285e+01     3.1741      0.569      0.825    20.8187 0.0000e+00
      0.583      0.010     4.4805     48.843     41.986  38.453801     3.9570      7.581   183.1889 8.8479e+01     3.1349      0.571      0.829    20.8167 0.0000e+00
      0.588      0.011     4.4504     48.605     42.018  38.478651     3.9026      7.583   183.5432 8.7680e+01     3.1044      0.576      0.836    20.8112 0.0000e+00
      0.592      0.012     4.4237     48.412     42.234  38.672845     3.8246      7.584   184.0225 8.6755e+01     3.1133      0.581      0.841    20.8029 0.0000e+00
      0.594      0.015     4.3957     48.397     42.676  39.088370     3.7877      7.585   184.3376 8.5700e+01     3.1048      0.583      0.845    20.7949 0.0000e+00
      0.596      0.017     4.3699     49.154     42.940  39.377875     3.7902      7.585   184.5999 8.4704e+01     3.1039      0.584      0.847    20.7880 0.0000e+00
      0.600      0.020     4.3500     51.634     42.926  39.444506     3.8288      7.584   184.9567 8.3492e+01     3.1715      0.586      0.850    20.7827 0.0000e+00
      0.605      0.022     4.3324     56.248     42.851  39.449882     3.8888      7.584   185.2965 8.2130e+01     3.2732      0.592      0.859    20.7762 0.0000e+00
      0.614      0.024     4.3149     62.340     42.791  39.442978     3.9158      7.584   185.6106 8.0830e+01     3.3087      0.602      0.873    20.7722 0.0000e+00
      0.622      0.025     4.3375     68.640     42.741  39.424563     3.9310      7.584   185.9152 7.9490e+01     3.2940      0.611      0.885    20.8284 0.0000e+00
      0.628      0.024     4.5312     74.076     42.719  39.417643     3.9473      7.584   186.1404 7.8061e+01     3.3005      0.616      0.894    20.9454 0.0000e+00
      0.634      0.023     4.9600     78.244     42.719  39.422788     3.9294      7.584   186.3552 7.6659e+01     3.2846      0.622      0.902    21.0385 0.0000e+00
      0.639      0.020     5.5414     81.039     42.719  39.423316     3.8983      7.586   186.6182 7.5403e+01     3.2724      0.627      0.909    21.0918 0.0000e+00
      0.644      0.018     6.1385     82.386     42.721  39.424026     3.8883      7.588   186.9117 7.4159e+01     3.2894      0.631      0.916    21.1211 0.0000e+00
      0.648      0.018     6.6254     82.416     42.731  39.431372     3.8822      7.589   187.2368 7.2964e+01     3.2510      0.636      0.921    21.1334 0.0000e+00
      0.652      0.018     6.9966     81.527     42.751  39.448680     3.8665      7.589   187.6239 7.1774e+01     3.1498      0.639      0.927    21.1382 0.0000e+00
      0.655      0.018     7.2510     80.260     42.746  39.442907     3.8482      7.589   187.9783 7.0672e+01     3.0554      0.642      0.932    21.1374 0.0000e+00
      0.660      0.019     7.3664     79.050     42.731  39.425023     3.8199      7.589   188.2528 6.9637e+01     3.0333      0.647      0.938    21.1360 0.0000e+00
      0.666      0.020     7.3567     78.085     42.734  39.422832     3.7731      7.589   188.5338 6.8544e+01     3.1218      0.653      0.948    21.1344 0.0000e+00
