Data/DataNotYetUploadedToEDI/Raw_CTD/RawDownloads/090924_fcr50_S7809005.cnv
* Sea-Bird SBE19plus  Data File:
* FileName = C:\R\Reservoirs\Data\DataNotYetUploadedToEDI\Raw_CTD\RawDownloads\090924_fcr40_S7809_0005.hex
* Software version 2.8.0.119
* Temperature SN = 7809
* Conductivity SN = 7809
* System UpLoad Time = Sep 09 2024 17:06:45
* <ApplicationData>
* <Seaterm232>
# nquan = 15
# nvalues = 961                         
# units = specified
# name 0 = depFM: Depth [fresh water, m]
# name 1 = dz/dtM: Descent Rate [m/s]
# name 2 = sbeox0Mg/L: Oxygen, SBE 43 [mg/l]
# name 3 = sbeox0PS: Oxygen, SBE 43 [% saturation]
# name 4 = specc: Specific Conductance [uS/cm]
# name 5 = c0uS/cm: Conductivity [uS/cm]
# name 6 = flECO-AFL: Fluorescence, WET Labs ECO-AFL/FL [mg/m^3]
# name 7 = ph: pH
# name 8 = orp: Oxidation Reduction Potential [mV]
# name 9 = par/sat/log: PAR/Logarithmic, Satlantic
# name 10 = turbWETntu0: Turbidity, WET Labs ECO [NTU]
# name 11 = prdM: Pressure, Strain Gauge [db]
# name 12 = prdE: Pressure, Strain Gauge [psi]
# name 13 = tv290C: Temperature [ITS-90, deg C]
# name 14 = flag:  0.000e+00
# span 0 =     -0.588,      5.595       
# span 1 =     -0.332,      0.102       
# span 2 =     0.1701,     8.6749       
# span 3 =      1.690,     98.250       
# span 4 =     20.074,     80.056       
# span 5 =  18.578272,  65.358842       
# span 6 =    -0.0993,    63.8738       
# span 7 =      7.455,      8.098       
# span 8 =    93.1608,   238.2755       
# span 9 = 1.2735e-01, 1.5517e+03       
# span 10 =     0.8254,    22.5681      
# span 11 =     -0.578,      5.491      
# span 12 =     -0.837,      7.965      
# span 13 =    13.1304,    21.6252      
# span 14 = 0.0000e+00, 0.0000e+00      
# interval = seconds: 0.25
# start_time = Sep 09 2024 11:28:34 [Instrument's time stamp, header]
# bad_flag = -9.990e-29
*END*
[from data line 193]
      0.980      0.068     7.3527     79.927     42.876  39.832599     3.5963      8.001   181.1015 1.1346e+02     5.8311      0.962      1.396    21.4544 0.0000e+00
      0.995      0.061     7.2338     79.567     42.844  39.801999     3.6036      8.002   181.2595 1.1071e+02     5.9140      0.977      1.418    21.4513 0.0000e+00
      1.007      0.052     7.1459     79.254     42.829  39.787575     3.6239      8.003   181.4313 1.0797e+02     6.0270      0.986      1.430    21.4489 0.0000e+00
      1.018      0.044     7.0948     78.996     42.827  39.785130     3.6332      8.003   181.6298 1.0535e+02     6.1045      0.999      1.448    21.4471 0.0000e+00
      1.028      0.038     7.0619     78.808     42.813  39.772425     3.6334      8.004   181.8526 1.0319e+02     6.1670      1.009      1.464    21.4455 0.0000e+00
      1.036      0.034     7.0293     78.703     42.801  39.760890     3.6429      8.005   181.9746 1.0141e+02     6.1675      1.016      1.474    21.4443 0.0000e+00
      1.044      0.031     7.0017     78.648     42.814  39.772584     3.6896      8.006   182.0715 9.9858e+01     6.0769      1.024      1.485    21.4439 0.0000e+00
      1.052      0.028     6.9789     78.611     42.830  39.786887     3.7569      8.007   182.2499 9.8572e+01     5.9599      1.031      1.496    21.4438 0.0000e+00
      1.059      0.027     6.9606     78.587     42.851  39.806903     3.7737      8.009   182.4971 9.7352e+01     5.8794      1.040      1.507    21.4438 0.0000e+00
      1.065      0.028     6.9535     78.578     42.871  39.824210     3.7606      8.010   182.8237 9.5997e+01     5.8903      1.044      1.516    21.4432 0.0000e+00
      1.070      0.030     6.9501     78.595     42.852  39.805758     3.7570      8.011   182.9290 9.4857e+01     5.9207      1.049      1.522    21.4426 0.0000e+00
      1.076      0.035     6.9460     78.619     42.819  39.774187     3.7714      8.012   182.9091 9.3860e+01     5.9389      1.055      1.530    21.4423 0.0000e+00
      1.085      0.038     6.9451     78.614     42.805  39.759788     3.8011      8.012   183.0996 9.2715e+01     5.9740      1.062      1.540    21.4421 0.0000e+00
      1.097      0.039     6.9427     78.587     42.805  39.758583     3.8086      8.013   183.3397 9.1542e+01     5.9689      1.075      1.559    21.4416 0.0000e+00
      1.112      0.038     6.9451     78.567     42.806  39.759618     3.7865      8.013   183.5762 9.0135e+01     5.9804      1.092      1.583    21.4410 0.0000e+00
      1.124      0.037     6.9495     78.565     42.820  39.772299     3.7342      8.013   183.8071 8.8462e+01     6.0446      1.104      1.602    21.4395 0.0000e+00
      1.132      0.037     6.9487     78.571     42.834  39.784981     3.6752      8.013   183.8937 8.6807e+01     6.0621      1.113      1.614    21.4372 0.0000e+00
      1.135      0.040     6.9450     78.598     42.835  39.786040     3.6652      8.013   183.9361 8.5215e+01     6.0214      1.114      1.614    21.4365 0.0000e+00
      1.138      0.045     6.9428     78.635     42.835  39.785095     3.6702      8.013   184.1468 8.3711e+01     5.9614      1.113      1.615    21.4364 0.0000e+00
      1.149      0.050     6.9441     78.642     42.824  39.773557     3.6699      8.013   184.4625 8.2210e+01     5.9519      1.123      1.629    21.4359 0.0000e+00
      1.170      0.054     6.9432     78.612     42.824  39.773463     3.6950      8.014   184.6569 8.0907e+01     6.0087      1.148      1.664    21.4357 0.0000e+00
      1.194      0.057     6.9460     78.554     42.835  39.783952     3.7240      8.014   184.6896 8.0126e+01     5.9989      1.175      1.704    21.4352 0.0000e+00
      1.211      0.058     6.9514     78.484     42.825  39.773454     3.7452      8.015   184.7721 7.9653e+01     5.9366      1.190      1.725    21.4342 0.0000e+00
      1.221      0.056     6.9520     78.415     42.825  39.773454     3.7592      8.015   184.9657 7.9410e+01     5.9048      1.198      1.737    21.4340 0.0000e+00
      1.229      0.052     6.9489     78.370     42.836  39.783951     3.7688      8.016   185.1381 7.9191e+01     5.9217      1.204      1.747    21.4341 0.0000e+00
      1.240      0.049     6.9436     78.379     42.826  39.773444     3.7858      8.017   185.3085 7.8513e+01     6.0039      1.214      1.762    21.4336 0.0000e+00
      1.255      0.047     6.9367     78.439     42.827  39.773340     3.7997      8.017   185.4770 7.7655e+01     6.0452      1.232      1.786    21.4327 0.0000e+00
      1.270      0.044     6.9305     78.520     42.838  39.782694     3.7697      8.017   185.6258 7.6837e+01     5.9767      1.247      1.808    21.4321 0.0000e+00
      1.284      0.041     6.9250     78.595     42.813  39.759618     3.6982      8.018   185.8178 7.5811e+01     5.8927      1.259      1.826    21.4317 0.0000e+00
      1.294      0.036     6.9259     78.639     42.801  39.748175     3.6596      8.019   185.9912 7.4858e+01     5.9172      1.271      1.843    21.4310 0.0000e+00
      1.300      0.032     6.9329     78.663     42.826  39.771260     3.6688      8.020   186.0882 7.3999e+01     6.0002      1.276      1.850    21.4300 0.0000e+00
      1.303      0.029     6.9405     78.676     42.841  39.784897     3.6757      8.021   186.3019 7.2927e+01     5.9741      1.276      1.851    21.4290 0.0000e+00
      1.309      0.028     6.9488     78.664     42.842  39.786137     3.6768      8.022   186.5967 7.1951e+01     5.8743      1.283      1.861    21.4288 0.0000e+00
      1.317      0.031     6.9517     78.638     42.842  39.786249     3.6904      8.023   186.7264 7.1089e+01     5.8527      1.292      1.873    21.4287 0.0000e+00
      1.326      0.036     6.9531     78.614     42.842  39.786250     3.7067      8.024   186.8377 7.0274e+01     5.9172      1.301      1.887    21.4288 0.0000e+00
      1.334      0.040     6.9558     78.613     42.842  39.786146     3.7251      8.024   186.9961 6.9766e+01     5.9714      1.309      1.898    21.4290 0.0000e+00
      1.344      0.042     6.9536     78.652     42.842  39.784993     3.7546      8.025   187.1782 6.9283e+01     5.9623      1.316      1.909    21.4289 0.0000e+00
      1.359      0.041     6.9510     78.695     42.830  39.772301     3.7804      8.027   187.4917 6.8743e+01     5.9098      1.332      1.932    21.4290 0.0000e+00
      1.374      0.039     6.9486     78.709     42.817  39.759618     3.7792      8.029   187.7747 6.8412e+01     5.8491      1.349      1.956    21.4287 0.0000e+00
      1.384      0.035     6.9470     78.699     42.816  39.758568     3.7655      8.029   187.8470 6.8029e+01     5.8767      1.358      1.969    21.4273 0.0000e+00
      1.391      0.029     6.9527     78.667     42.818  39.759608     3.7718      8.030   187.8490 6.7495e+01     5.9704      1.364      1.978    21.4259 0.0000e+00
      1.396      0.024     6.9582     78.600     42.832  39.772186     3.7978      8.030   187.9715 6.7039e+01     5.9917      1.370      1.987    21.4253 0.0000e+00
      1.401      0.022     6.9581     78.505     42.845  39.783724     3.8208      8.030   188.2090 6.6594e+01     5.9631      1.375      1.993    21.4249 0.0000e+00
      1.404      0.024     6.9579     78.437     42.832  39.772186     3.8177      8.030   188.4847 6.6099e+01     5.9319      1.377      1.997    21.4240 0.0000e+00
      1.407      0.029     6.9554     78.426     42.820  39.759607     3.8097      8.031   188.6367 6.5703e+01     5.9562      1.378      1.999    21.4229 0.0000e+00
      1.413      0.034     6.9504     78.435     42.820  39.758558     3.8323      8.031   188.6699 6.5249e+01     6.0184      1.383      2.006    21.4223 0.0000e+00
      1.425      0.038     6.9390     78.455     42.822  39.759503     3.8496      8.031   188.8006 6.4565e+01     5.9661      1.395      2.024    21.4223 0.0000e+00
      1.441      0.040     6.9313     78.479     42.837  39.771033     3.8443      8.031   189.0131 6.3957e+01     5.8698      1.414      2.052    21.4229 0.0000e+00
      1.454      0.039     6.9336     78.478     42.837  39.771034     3.8269      8.032   189.1736 6.3492e+01     5.8792      1.428      2.072    21.4224 0.0000e+00
      1.464      0.038     6.9338     78.458     42.825  39.759504     3.7969      8.033   189.2786 6.3057e+01     5.9439      1.436      2.083    21.4208 0.0000e+00
      1.471      0.035     6.9357     78.434     42.824  39.758550     3.7897      8.034   189.4230 6.2721e+01     6.0030      1.443      2.093    21.4188 0.0000e+00
      1.476      0.033     6.9402     78.408     42.826  39.759495     3.7977      8.035   189.6284 6.2374e+01     6.0130      1.447      2.099    21.4164 0.0000e+00
      1.483      0.033     6.9393     78.399     42.839  39.770930     3.7854      8.036   189.6976 6.1966e+01     5.9628      1.453      2.106    21.4154 0.0000e+00
      1.493      0.036     6.9366     78.414     42.839  39.769890     3.7828      8.037   189.6576 6.1621e+01     5.9076      1.464      2.123    21.4155 0.0000e+00
      1.503      0.041     6.9356     78.447     42.815  39.746917     3.8160      8.038   189.7463 6.1289e+01     5.8924      1.474      2.138    21.4151 0.0000e+00
      1.513      0.045     6.9316     78.485     42.815  39.747011     3.8461      8.038   189.9949 6.0888e+01     5.9490      1.483      2.152    21.4146 0.0000e+00
      1.525      0.046     6.9311     78.512     42.841  39.771032     3.8470      8.039   190.2556 6.0447e+01     5.9432      1.494      2.168    21.4141 0.0000e+00
      1.539      0.045     6.9330     78.523     42.855  39.783506     3.8345      8.041   190.4026 6.0075e+01     5.8222      1.509      2.188    21.4131 0.0000e+00
      1.553      0.042     6.9358     78.508     42.841  39.770909     3.8198      8.042   190.4816 5.9758e+01     5.7841      1.523      2.210    21.4123 0.0000e+00
      1.564      0.037     6.9407     78.476     42.813  39.745649     3.8197      8.043   190.4368 5.9384e+01     5.8576      1.534      2.225    21.4119 0.0000e+00
      1.573      0.032     6.9421     78.444     42.798  39.731928     3.8415      8.044   190.3778 5.9051e+01     5.9261      1.543      2.237    21.4118 0.0000e+00
      1.579      0.028     6.9446     78.429     42.798  39.731928     3.8497      8.045   190.5416 5.8794e+01     5.9293      1.549      2.247    21.4121 0.0000e+00
      1.583      0.026     6.9422     78.456     42.813  39.745649     3.8353      8.045   190.7824 5.8549e+01     5.8614      1.552      2.251    21.4121 0.0000e+00
      1.587      0.026     6.9388     78.502     42.840  39.770909     3.8348      8.046   190.9659 5.8316e+01     5.8226      1.554      2.254    21.4120 0.0000e+00
      1.593      0.028     6.9364     78.547     42.854  39.783498     3.8521      8.046   191.1260 5.8076e+01     5.9046      1.561      2.264    21.4120 0.0000e+00
      1.602      0.030     6.9323     78.590     42.841  39.770929     3.8779      8.046   191.2560 5.7836e+01     5.9996      1.572      2.280    21.4119 0.0000e+00
      1.611      0.032     6.9372     78.621     42.814  39.745866     3.8972      8.047   191.3330 5.7553e+01     5.9803      1.580      2.291    21.4120 0.0000e+00
      1.621      0.032     6.9415     78.640     42.802  39.734320     3.8937      8.047   191.4545 5.7203e+01     5.9107      1.590      2.305    21.4119 0.0000e+00
      1.630      0.032     6.9450     78.657     42.828  39.758247     3.8937      8.047   191.6936 5.6914e+01     5.8743      1.600      2.320    21.4120 0.0000e+00
      1.637      0.033     6.9498     78.683     42.853  39.781315     3.9308      8.048   191.9010 5.6685e+01     5.9163      1.605      2.329    21.4119 0.0000e+00
      1.642      0.035     6.9520     78.677     42.830  39.759382     3.9931      8.048   191.9824 5.6422e+01     5.9748      1.610      2.335    21.4119 0.0000e+00
      1.650      0.039     6.9542     78.612     42.819  39.746897     4.0221      8.049   191.9900 5.6128e+01     5.9316      1.616      2.343    21.4115 0.0000e+00
      1.660      0.043     6.9540     78.539     42.835  39.757292     4.0142      8.050   192.0786 5.5797e+01     5.8721      1.627      2.359    21.4113 0.0000e+00
      1.673      0.045     6.9585     78.489     42.843  39.758134     4.0147      8.052   192.2798 5.5423e+01     5.8711      1.641      2.378    21.4105 0.0000e+00
      1.688      0.045     6.9602     78.450     42.847  39.757068     4.0540      8.053   192.4437 5.5115e+01     5.9191      1.656      2.401    21.4100 0.0000e+00
      1.703      0.043     6.9510     78.418     42.836  39.744393     4.1229      8.053   192.5113 5.4939e+01     6.0086      1.671      2.424    21.4089 0.0000e+00
      1.713      0.039     6.9445     78.404     42.821  39.731805     4.1562      8.053   192.5810 5.4783e+01     5.9964      1.681      2.438    21.4031 0.0000e+00
      1.720      0.035     6.9425     78.422     42.818  39.731796     4.1406      8.053   192.7705 5.4556e+01     5.8739      1.686      2.447    21.3944 0.0000e+00
      1.726      0.033     6.9399     78.471     42.829  39.744288     4.0927      8.053   192.9956 5.4295e+01     5.8264      1.692      2.454    21.3877 0.0000e+00
      1.733      0.031     6.9371     78.527     42.839  39.755921     4.0343      8.053   193.1508 5.4061e+01     5.9009      1.700      2.465    21.3847 0.0000e+00
      1.741      0.031     6.9351     78.550     42.825  39.745536     4.0180      8.053   193.2705 5.3820e+01     5.9887      1.707      2.475    21.3862 0.0000e+00
      1.750      0.032     6.9361     78.529     42.825  39.745641     4.0283      8.054   193.4114 5.3562e+01     5.9650      1.716      2.488    21.3910 0.0000e+00
      1.760      0.033     6.9405     78.515     42.837  39.757189     4.0508      8.055   193.5627 5.3398e+01     5.8871      1.727      2.505    21.3944 0.0000e+00
      1.768      0.035     6.9467     78.524     42.838  39.758238     4.0987      8.055   193.7229 5.3344e+01     5.8680      1.735      2.516    21.3963 0.0000e+00
      1.774      0.037     6.9498     78.534     42.839  39.758323     4.1326      8.055   193.9717 5.3280e+01     5.9042      1.739      2.522    21.3986 0.0000e+00
      1.782      0.038     6.9445     78.558     42.842  39.758228     4.1368      8.056   194.2485 5.3175e+01     5.9837      1.746      2.532    21.4002 0.0000e+00
      1.794      0.038     6.9427     78.593     42.844  39.757075     4.0990      8.057   194.4022 5.2935e+01     6.0092      1.759      2.550    21.4005 0.0000e+00
      1.809      0.039     6.9459     78.612     42.834  39.744383     4.0326      8.057   194.4539 5.2594e+01     5.9387      1.775      2.574    21.4002 0.0000e+00
      1.820      0.040     6.9450     78.611     42.823  39.731691     4.0081      8.057   194.5291 5.2381e+01     5.9172      1.788      2.592    21.3995 0.0000e+00
      1.827      0.043     6.9474     78.582     42.825  39.730538     4.0280      8.058   194.7088 5.2180e+01     5.9877      1.791      2.597    21.3976 0.0000e+00
      1.834      0.047     6.9532     78.549     42.828  39.730434     4.0982      8.058   194.9068 5.1888e+01     6.0399      1.797      2.606    21.3933 0.0000e+00
      1.844      0.052     6.9542     78.537     42.830  39.730424     4.1995      8.057   195.0295 5.1570e+01     6.0023      1.807      2.621    21.3883 0.0000e+00
      1.859      0.057     6.9561     78.526     42.831  39.730423     4.2376      8.057   195.1590 5.1196e+01     5.9084      1.821      2.642    21.3850 0.0000e+00
      1.877      0.061     6.9527     78.515     42.832  39.730414     4.2344      8.058   195.2687 5.0809e+01     5.8615      1.840      2.669    21.3814 0.0000e+00
      1.897      0.060     6.9484     78.505     42.832  39.730310     4.2526      8.059   195.3240 5.0438e+01     5.9130      1.860      2.698    21.3780 0.0000e+00
      1.917      0.053     6.9499     78.490     42.831  39.729166     4.2659      8.059   195.3971 5.0088e+01     5.9855      1.880      2.728    21.3762 0.0000e+00
