Data/DataNotYetUploadedToEDI/Raw_CTD/RawDownloads/090924_fcr30_S7809003.cnv
* Sea-Bird SBE19plus  Data File:
* FileName = C:\R\Reservoirs\Data\DataNotYetUploadedToEDI\Raw_CTD\RawDownloads\090924_fcr40_S7809_0003.hex
* Software version 2.8.0.119
* Temperature SN = 7809
* Conductivity SN = 7809
* System UpLoad Time = Sep 09 2024 17:05:57
* <ApplicationData>
* <Seaterm232>
# nquan = 15
# nvalues = 531                         
# units = specified
# name 0 = depFM: Depth [fresh water, m]
# name 1 = dz/dtM: Descent Rate [m/s]
# name 2 = sbeox0Mg/L: Oxygen, SBE 43 [mg/l]
# name 3 = sbeox0PS: Oxygen, SBE 43 [% saturation]
# name 4 = specc: Specific Conductance [uS/cm]
# name 5 = c0uS/cm: Conductivity [uS/cm]
# name 6 = flECO-AFL: Fluorescence, WET Labs ECO-AFL/FL [mg/m^3]
# name 7 = ph: pH
# name 8 = orp: Oxidation Reduction Potential [mV]
# name 9 = par/sat/log: PAR/Logarithmic, Satlantic
# name 10 = turbWETntu0: Turbidity, WET Labs ECO [NTU]
# name 11 = prdM: Pressure, Strain Gauge [db]
# name 12 = prdE: Pressure, Strain Gauge [psi]
# name 13 = tv290C: Temperature [ITS-90, deg C]
# name 14 = flag:  0.000e+00
# span 0 =     -0.590,      2.846       
# span 1 =     -0.261,      0.111       
# span 2 =     4.0530,     8.6404       
# span 3 =     45.460,     97.328       
# span 4 =      8.432,     43.377       
# span 5 =   7.801400,  40.186301       
# span 6 =    -1.8633,     5.3606       
# span 7 =      7.596,      8.047       
# span 8 =    62.6690,   218.7645       
# span 9 = 2.2267e+01, 1.3867e+03       
# span 10 =     1.5113,     8.7075      
# span 11 =     -0.581,      2.794      
# span 12 =     -0.843,      4.052      
# span 13 =    20.5893,    21.3704      
# span 14 = 0.0000e+00, 0.0000e+00      
# interval = seconds: 0.25
# start_time = Sep 09 2024 10:42:05 [Instrument's time stamp, header]
# bad_flag = -9.990e-29
*END*
[from data line 482]
      0.453     -0.099     6.7190     75.737     42.811  39.603407     3.6642      7.988   216.7387 7.2059e+01     2.9924      0.432      0.626    21.2445 0.0000e+00
      0.430     -0.091     6.7192     75.728     42.799  39.591962     3.6546      7.989   216.1322 7.2092e+01     2.9415      0.413      0.599    21.2458 0.0000e+00
      0.429     -0.079     6.7193     75.731     42.799  39.590913     3.6560      7.992   215.6808 7.2316e+01     2.9173      0.419      0.608    21.2460 0.0000e+00
      0.431     -0.067     6.7185     75.744     42.799  39.590724     3.6805      7.993   215.5828 7.3624e+01     2.9391      0.428      0.621    21.2473 0.0000e+00
      0.417     -0.058     6.7187     75.736     42.798  39.589676     3.7256      7.993   215.8080 7.6460e+01     2.9998      0.417      0.605    21.2490 0.0000e+00
      0.387     -0.053     6.7170     75.732     42.787  39.578242     3.7352      7.993   216.1666 7.9204e+01     3.0027      0.379      0.549    21.2481 0.0000e+00
      0.358     -0.047     6.7168     75.762     42.788  39.579396     3.7133      7.991   216.6494 8.0356e+01     2.9053      0.346      0.500    21.2471 0.0000e+00
      0.343     -0.032     6.7206     75.790     42.813  39.603627     3.7033      7.987   217.3434 8.0233e+01     2.8815      0.332      0.481    21.2468 0.0000e+00
      0.343     -0.008     6.7187     75.822     42.826  39.617368     3.6974      7.983   217.9321 7.9851e+01     2.9541      0.334      0.485    21.2458 0.0000e+00
      0.349      0.016     6.7156     75.872     42.826  39.618616     3.6841      7.979   218.0031 7.9564e+01     2.9629      0.342      0.495    21.2452 0.0000e+00
      0.359      0.031     6.7220     75.905     42.825  39.618730     3.6748      7.979   217.6856 7.8614e+01     2.8859      0.348      0.505    21.2459 0.0000e+00
      0.375      0.032     6.7231     75.930     42.823  39.618740     3.7018      7.981   217.4490 7.6478e+01     2.8425      0.367      0.532    21.2474 0.0000e+00
      0.394      0.026     6.7238     75.958     42.821  39.618741     3.7524      7.982   217.6377 7.4452e+01     2.9166      0.391      0.568    21.2483 0.0000e+00
      0.403      0.019     6.7317     75.963     42.821  39.618740     3.7798      7.981   218.1593 7.3769e+01     3.0304      0.401      0.582    21.2496 0.0000e+00
      0.399      0.014     6.7327     75.941     42.822  39.618731     3.7826      7.981   218.5941 7.3916e+01     3.0230      0.394      0.571    21.2517 0.0000e+00
      0.389      0.009     6.7339     75.901     42.824  39.618626     3.8111      7.981   218.7645 7.4332e+01     2.9293      0.378      0.549    21.2539 0.0000e+00
      0.386      0.006     6.7381     75.855     42.824  39.617472     3.8836      7.980   218.7570 7.4849e+01     2.9226      0.374      0.542    21.2558 0.0000e+00
      0.395      0.004     6.7380     75.809     42.812  39.604780     3.9431      7.980   218.4175 7.5464e+01     2.9758      0.386      0.559    21.2561 0.0000e+00
      0.405     -0.006     6.7360     75.757     42.799  39.592087     3.9723      7.981   217.4985 7.7137e+01     2.9913      0.400      0.580    21.2550 0.0000e+00
      0.410     -0.035     6.7323     75.718     42.798  39.590924     3.9371      7.983   216.3363 8.0268e+01     2.9739      0.405      0.587    21.2530 0.0000e+00
      0.408     -0.087     6.7281     75.705     42.797  39.590724     3.8333      7.988   215.5503 8.3761e+01     2.9362      0.401      0.582    21.2504 0.0000e+00
      0.395     -0.152     6.7253     75.730     42.796  39.589674     3.7750      7.991   215.3085 8.7617e+01     2.9112      0.397      0.575    21.2488 0.0000e+00
      0.356     -0.209     6.7191     75.790     42.782  39.578239     3.7810      7.991   215.1326 9.2192e+01     2.9449      0.366      0.530    21.2482 0.0000e+00
      0.276     -0.245     6.7159     75.831     42.782  39.579383     3.7729      7.991   214.8010 1.0127e+02     3.0019      0.282      0.410    21.2484 0.0000e+00
      0.170     -0.255     6.7143     75.819     42.806  39.603509     3.6269      7.993   214.5684 1.1887e+02     2.9860      0.162      0.236    21.2492 0.0000e+00
      0.071     -0.244     6.7154     75.784     42.815  39.616107     3.3813      7.994   214.5571 1.3248e+02     2.9577      0.054      0.079    21.2498 0.0000e+00
      0.009     -0.216     6.7235     75.784     42.799  39.604779     3.2585      7.993   214.5789 1.3367e+02     3.0017     -0.006     -0.009    21.2501 0.0000e+00
     -0.017     -0.177     6.7285     75.791     42.783  39.593470     3.2652      7.993   214.2293 1.4539e+02     3.0731     -0.019     -0.029    21.2515 0.0000e+00
     -0.033     -0.146     6.7258     75.733     42.792  39.606305     3.2881      7.996   213.5134 1.7963e+02     3.1038     -0.024     -0.035    21.2539 0.0000e+00
     -0.061     -0.136     6.7193     75.631     42.816  39.633060     3.2861      8.000   212.6343 2.1619e+02     3.0653     -0.059     -0.086    21.2585 0.0000e+00
     -0.094     -0.149     6.7191     75.538     42.844  39.663119     3.2580      8.005   211.7737 2.6686e+02     3.0518     -0.096     -0.140    21.2638 0.0000e+00
     -0.126     -0.178     6.7241     75.456     42.895  39.715898     3.1890      8.011   210.3357 5.3511e+02     3.0771     -0.114     -0.167    21.2666 0.0000e+00
     -0.176     -0.215     6.7164     75.336     43.076  39.890447     2.6685      8.014   207.2067 8.6842e+02     3.0973     -0.163     -0.237    21.2718 0.0000e+00
     -0.241     -0.246     6.7037     75.024     43.317  40.123557     1.7330      8.014   201.9901 1.0132e+03     3.1258     -0.240     -0.348    21.2777 0.0000e+00
     -0.307     -0.261     6.6963     74.368     43.377  40.186301     1.2088      8.014   195.9608 1.2190e+03     3.1141     -0.299     -0.434    21.2823 0.0000e+00
     -0.382     -0.254     6.6878     73.382     43.052  39.887538     1.0739      8.018   191.7810 1.3867e+03     3.1958     -0.360     -0.522    21.2886 0.0000e+00
     -0.477     -0.225     6.6820     72.213     36.122  33.464889     0.2939      8.022   190.5148 1.3807e+03     4.6606     -0.475     -0.688    21.2962 0.0000e+00
     -0.556     -0.181     6.6595     71.030     21.098  19.544560    -1.0978      8.026   190.1149 1.3432e+03     7.3315     -0.570     -0.826    21.3088 0.0000e+00
     -0.586     -0.132     6.5989     70.118     10.681   9.891302    -1.8358      8.031   189.0110 1.2756e+03     8.7075     -0.581     -0.843    21.3208 0.0000e+00
     -0.590     -0.082     6.5049     69.805      8.702   8.055233    -1.8633      8.035   188.4388 1.1884e+03     8.6253     -0.577     -0.838    21.3224 0.0000e+00
     -0.590     -0.037     6.3985     70.136      8.432   7.801400    -1.4305      8.038   188.4453 1.0917e+03     6.8502     -0.579     -0.841    21.3162 0.0000e+00
     -0.590     -0.010     6.2871     70.859      8.884   8.215990    -0.5973      8.041   188.1432 9.1115e+02     3.5727     -0.579     -0.839    21.3109 0.0000e+00
     -0.590     -0.001     6.1916     71.704     12.148  11.229731    -0.1461      8.044   187.9696 6.4227e+02     1.7554     -0.578     -0.839    21.2998 0.0000e+00
     -0.590     -0.000     6.1674     72.501     15.437  14.265524    -0.1191      8.046   188.4101 5.1248e+02     1.5482     -0.579     -0.840    21.2772 0.0000e+00
     -0.590     -0.000     6.2081     72.872     16.244  15.009319    -0.1217      8.047   188.8237 5.6162e+02     1.5113     -0.580     -0.839    21.2552 0.0000e+00
     -0.590 -9.990e-29     6.2867 -9.990e-29 -9.990e-29 -9.990e-29 -9.990e-29 -9.990e-29 -9.990e-29 5.5742e+02 -9.990e-29     -0.578     -0.838    21.2369 0.0000e+00
     -0.589 -9.990e-29     6.3630 -9.990e-29 -9.990e-29 -9.990e-29 -9.990e-29 -9.990e-29 -9.990e-29 4.8310e+02 -9.990e-29     -0.578     -0.839    21.2211 0.0000e+00
     -0.589 -9.990e-29     6.4475 -9.990e-29 -9.990e-29 -9.990e-29 -9.990e-29 -9.990e-29 -9.990e-29 4.2837e+02 -9.990e-29     -0.578     -0.838    21.2010 0.0000e+00
     -0.589 -9.990e-29     6.5062 -9.990e-29 -9.990e-29 -9.990e-29 -9.990e-29 -9.990e-29 -9.990e-29 4.0542e+02 -9.990e-29     -0.578     -0.839    21.1875 0.0000e+00
