Data/DataNotYetUploadedToEDI/Raw_CTD/RawDownloads/090924_fcr20_S7809002.cnv
* Sea-Bird SBE19plus  Data File:
* FileName = C:\R\Reservoirs\Data\DataNotYetUploadedToEDI\Raw_CTD\RawDownloads\090924_fcr40_S7809_0002.hex
* Software version 2.8.0.119
* Temperature SN = 7809
* Conductivity SN = 7809
* System UpLoad Time = Sep 09 2024 17:05:41
* <ApplicationData>
* <Seaterm232>
# nquan = 15
# nvalues = 798                         
# units = specified
# name 0 = depFM: Depth [fresh water, m]
# name 1 = dz/dtM: Descent Rate [m/s]
# name 2 = sbeox0Mg/L: Oxygen, SBE 43 [mg/l]
# name 3 = sbeox0PS: Oxygen, SBE 43 [% saturation]
# name 4 = specc: Specific Conductance [uS/cm]
# name 5 = c0uS/cm: Conductivity [uS/cm]
# name 6 = flECO-AFL: Fluorescence, WET Labs ECO-AFL/FL [mg/m^3]
# name 7 = ph: pH
# name 8 = orp: Oxidation Reduction Potential [mV]
# name 9 = par/sat/log: PAR/Logarithmic, Satlantic
# name 10 = turbWETntu0: Turbidity, WET Labs ECO [NTU]
# name 11 = prdM: Pressure, Strain Gauge [db]
# name 12 = prdE: Pressure, Strain Gauge [psi]
# name 13 = tv290C: Temperature [ITS-90, deg C]
# name 14 = flag:  0.000e+00
# span 0 =     -0.591,      3.392       
# span 1 =     -0.240,      0.250       
# span 2 =     4.3149,     8.9740       
# span 3 =     48.397,     98.224       
# span 4 =      1.878,     56.433       
# span 5 =   1.603824,  51.219626       
# span 6 =    -0.5167,    46.4946       
# span 7 =      6.262,      7.942       
# span 8 =    69.3273,  1240.2275       
# span 9 = 1.1721e+01, 1.3965e+03       
# span 10 =    -0.2167,   102.4709      
# span 11 =     -0.581,      3.327      
# span 12 =     -0.841,      4.826      
# span 13 =    17.6728,    21.2027      
# span 14 = 0.0000e+00, 0.0000e+00      
# interval = seconds: 0.25
# start_time = Sep 09 2024 10:25:35 [Instrument's time stamp, header]
# bad_flag = -9.990e-29
*END*
[from data line 772]
     -0.422     -0.227     6.6610     74.363     40.575  37.494417     2.5849      7.896   216.5012 1.1734e+03    11.8748     -0.415     -0.602    21.1399 0.0000e+00
     -0.503     -0.200     6.6396     73.913     40.410  37.344594     2.4976      7.897   213.4918 1.1731e+03    11.7378     -0.502     -0.729    21.1588 0.0000e+00
     -0.559     -0.160     6.6411     73.211     31.747  29.338939     1.7240      7.901   212.6188 1.1504e+03     8.6885     -0.562     -0.815    21.1795 0.0000e+00
     -0.585     -0.112     6.6316     72.274     16.664  15.399412     0.3229      7.906   213.3447 1.1481e+03     3.1535     -0.581     -0.841    21.1943 0.0000e+00
     -0.591     -0.066     6.6072     71.289      8.094   7.477582    -0.4434      7.911   212.7181 1.1348e+03     0.1198     -0.580     -0.840    21.2020 0.0000e+00
     -0.591     -0.030     6.5709     70.571      6.249   5.770598    -0.5167      7.917   211.9253 1.0963e+03    -0.1862     -0.580     -0.841    21.2027 0.0000e+00
     -0.591     -0.009     6.5084     70.306      5.581   5.150945    -0.4058      7.923   211.7608 1.0743e+03     0.2391     -0.580     -0.841    21.2026 0.0000e+00
     -0.591     -0.001     6.4206     70.400      6.097   5.624027    -0.1763      7.928   211.5893 1.0870e+03     1.1633     -0.580     -0.841    21.2020 0.0000e+00
     -0.591 -9.492e-10     6.3217     70.635      6.622   6.105112    -0.0549      7.932   211.8314 1.1003e+03     1.6625     -0.580     -0.841    21.1905 0.0000e+00
     -0.591 -1.044e-08     6.2537     70.909      6.470   5.962285    -0.0529      7.935   212.1060 1.0668e+03     1.6631     -0.580     -0.841    21.1679 0.0000e+00
     -0.591 -1.149e-07     6.2373     71.263     12.211  11.246468    -0.0529      7.936   211.9845 8.5782e+02     1.2048     -0.579     -0.840    21.1443 0.0000e+00
     -0.591 -1.149e-07     6.2589     72.015     23.280  21.438395    -0.0388      7.938   212.2560 5.0247e+02     0.3567     -0.580     -0.841    21.1187 0.0000e+00
     -0.591 -1.054e-08     6.2836     73.534     28.295  26.060396    -0.0407      7.941   213.0655 2.8660e+02    -0.1197     -0.580     -0.840    21.0947 0.0000e+00
     -0.590 -1.997e-09     6.3123     75.545     27.937  25.742096    -0.0589      7.942   213.5971 2.5875e+02    -0.2167     -0.579     -0.839    21.0715 0.0000e+00
     -0.590 -1.161e-08     6.3371     77.260     30.155  27.800463    -0.0509      7.939   213.6939 2.6163e+02    -0.2013     -0.579     -0.840    21.0488 0.0000e+00
     -0.590 -2.113e-08     6.3836     78.182     36.055  33.250903    -0.0259      7.933   213.8064 2.2171e+02    -0.0702     -0.579     -0.840    21.0354 0.0000e+00
     -0.590 -1.152e-08     6.5288     78.296     41.445  38.229681    -0.0229      7.928   213.7515 1.7841e+02     0.0019     -0.579     -0.840    21.0390 0.0000e+00
     -0.591 -1.048e-09     6.7391     77.748     43.392  40.034254    -0.0408      7.925   213.5474 1.7260e+02    -0.0467     -0.579     -0.840    21.0658 0.0000e+00
     -0.591 -9.525e-11     6.9033     76.818     43.449  40.094849    -0.0590      7.925   213.7475 1.9127e+02    -0.1453     -0.580     -0.841    21.0917 0.0000e+00
     -0.591 -8.653e-12     6.9794     75.848     43.314  39.977758    -0.0603      7.924   214.1057 2.0848e+02    -0.1655     -0.579     -0.840    21.1056 0.0000e+00
     -0.591 -7.155e-13     6.9838     75.009     43.280  39.951256    -0.0478      7.922   214.3512 2.1003e+02    -0.0861     -0.580     -0.841    21.1159 0.0000e+00
     -0.590      0.000     6.9280     74.627     43.293  39.964811    -0.0413      7.922   214.4782 2.1552e+02    -0.0400     -0.579     -0.840    21.1246 0.0000e+00
     -0.590 -9.990e-29     6.8254 -9.990e-29 -9.990e-29 -9.990e-29 -9.990e-29 -9.990e-29 -9.990e-29 2.2040e+02 -9.990e-29     -0.579     -0.839    21.1357 0.0000e+00
     -0.590 -9.990e-29     6.7401 -9.990e-29 -9.990e-29 -9.990e-29 -9.990e-29 -9.990e-29 -9.990e-29 2.1610e+02 -9.990e-29     -0.579     -0.840    21.1454 0.0000e+00
     -0.590 -9.990e-29     6.6562 -9.990e-29 -9.990e-29 -9.990e-29 -9.990e-29 -9.990e-29 -9.990e-29 2.1319e+02 -9.990e-29     -0.578     -0.839    21.1505 0.0000e+00
     -0.590 -9.990e-29     6.5968 -9.990e-29 -9.990e-29 -9.990e-29 -9.990e-29 -9.990e-29 -9.990e-29 2.1316e+02 -9.990e-29     -0.579     -0.839    21.1520 0.0000e+00
