Data/DataNotYetUploadedToEDI/Raw_CTD/RawDownloads/090924_fcr40_S7809004.cnv
* Sea-Bird SBE19plus  Data File:
* FileName = C:\R\Reservoirs\Data\DataNotYetUploadedToEDI\Raw_CTD\RawDownloads\090924_fcr40_S7809_0004.hex
* Software version 2.8.0.119
* Temperature SN = 7809
* Conductivity SN = 7809
* System UpLoad Time = Sep 09 2024 17:06:18
* <ApplicationData>
* <Seaterm232>
# nquan = 15
# nvalues = 763                         
# units = specified
# name 0 = depFM: Depth [fresh water, m]
# name 1 = dz/dtM: Descent Rate [m/s]
# name 2 = sbeox0Mg/L: Oxygen, SBE 43 [mg/l]
# name 3 = sbeox0PS: Oxygen, SBE 43 [% saturation]
# name 4 = specc: Specific Conductance [uS/cm]
# name 5 = c0uS/cm: Conductivity [uS/cm]
# name 6 = flECO-AFL: Fluorescence, WET Labs ECO-AFL/FL [mg/m^3]
# name 7 = ph: pH
# name 8 = orp: Oxidation Reduction Potential [mV]
# name 9 = par/sat/log: PAR/Logarithmic, Satlantic
# name 10 = turbWETntu0: Turbidity, WET Labs ECO [NTU]
# name 11 = prdM: Pressure, Strain Gauge [db]
# name 12 = prdE: Pressure, Strain Gauge [psi]
# name 13 = tv290C: Temperature [ITS-90, deg C]
# name 14 = flag:  0.000e+00
# span 0 =     -0.590,      4.134       
# span 1 =     -0.355,      0.272       
# span 2 =     0.1379,     8.6152       
# span 3 =      1.419,     97.604       
# span 4 =      8.526,     90.371       
# span 5 =   7.911534,  72.873321       
# span 6 =    -1.0355,    90.4801       
# span 7 =      7.578,      8.057       
# span 8 =   166.3663,   241.5085       
# span 9 = 3.6474e+00, 1.2795e+03       
# span 10 =     0.8663,    16.4838      
# span 11 =     -0.580,      4.059      
# span 12 =     -0.843,      5.888      
# span 13 =    15.1250,    21.5997      
# span 14 = 0.0000e+00, 0.0000e+00      
# interval = seconds: 0.25
# start_time = Sep 09 2024 10:51:04 [Instrument's time stamp, header]
# bad_flag = -9.990e-29
*END*
[from data line 482]
      4.058     -0.076     0.1518      1.419     78.502  64.661268     3.0480      7.586   202.7040 5.7596e+00    11.8051      3.979      5.772    15.6907 0.0000e+00
      4.051     -0.085     0.1447      1.447     76.301  63.037234     3.0720      7.586   202.6499 6.1441e+00    11.6074      3.980      5.772    15.9005 0.0000e+00
      4.030     -0.089     0.1420      1.487     74.939  62.150760     3.3452      7.587   202.4467 7.1096e+00    11.0022      3.959      5.742    16.0493 0.0000e+00
      3.993     -0.087     0.1396      1.532     75.283  62.647693     3.8711      7.588   202.0536 8.2522e+00    10.0899      3.918      5.682    16.1057 0.0000e+00
      3.953     -0.080     0.1379      1.602     76.977  64.153615     4.1704      7.589   201.5971 9.0852e+00     9.6626      3.872      5.616    16.1570 0.0000e+00
      3.925     -0.069     0.1416      1.694     78.271  65.173275     4.2169      7.588   201.5726 9.3261e+00     9.5937      3.840      5.568    16.2935 0.0000e+00
      3.916     -0.057     0.1460      1.802     78.076  64.873356     4.4002      7.588   201.7579 9.1349e+00     9.4963      3.837      5.565    16.4720 0.0000e+00
      3.921     -0.048     0.1478      1.907     77.147  64.021977     4.7219      7.587   201.7733 8.9633e+00     9.4068      3.847      5.580    16.6297 0.0000e+00
      3.923     -0.044     0.1551      1.962     77.128  64.029141     4.8863      7.586   201.6728 9.0515e+00     9.3663      3.851      5.585    16.7091 0.0000e+00
      3.914     -0.044     0.1646      1.970     78.753  65.404705     4.8815      7.585   201.5752 9.4997e+00     9.3810      3.844      5.576    16.6533 0.0000e+00
      3.890     -0.045     0.1752      1.978     80.959  67.119189     4.7131      7.586   201.6253 1.0208e+01     9.4145      3.818      5.537    16.5187 0.0000e+00
      3.862     -0.045     0.1888      1.987     82.236  67.919067     4.4057      7.586   201.8477 1.0706e+01     9.4638      3.781      5.483    16.4585 0.0000e+00
      3.847     -0.042     0.1940      1.975     81.871  67.386213     4.2366      7.585   202.0267 1.0715e+01     9.5332      3.765      5.460    16.4979 0.0000e+00
      3.847     -0.041     0.1911      1.940     79.777  65.569494     4.2082      7.585   202.0701 1.0560e+01     9.5363      3.773      5.472    16.5613 0.0000e+00
      3.851     -0.044     0.1931      1.892     77.148  63.491699     4.1957      7.585   202.1997 1.0559e+01     9.4330      3.779      5.481    16.4962 0.0000e+00
      3.848     -0.050     0.1959      1.832     76.082  62.851428     4.3023      7.584   202.3033 1.0826e+01     9.3424      3.778      5.479    16.2767 0.0000e+00
      3.834     -0.055     0.1954      1.755     77.019  63.864703     4.5320      7.581   202.2911 1.1496e+01     9.3294      3.768      5.464    16.1172 0.0000e+00
      3.804     -0.059     0.1915      1.687     78.518  65.196044     4.6837      7.579   202.3966 1.2381e+01     9.3441      3.733      5.413    16.0542 0.0000e+00
      3.771     -0.057     0.1866      1.667     79.387  65.859356     4.7550      7.579   202.4596 1.2911e+01     9.2816      3.690      5.352    16.0984 0.0000e+00
      3.755     -0.049     0.1807      1.692     79.501  65.848095     5.3604      7.579   202.3639 1.2926e+01     9.1882      3.676      5.332    16.3015 0.0000e+00
      3.755     -0.040     0.1713      1.717     78.874  65.250381     6.5020      7.578   202.2729 1.2843e+01     9.1717      3.684      5.342    16.5010 0.0000e+00
      3.756     -0.038     0.1625      1.730     76.275  63.080407     7.1380      7.578   202.1334 1.2862e+01     9.2181      3.685      5.345    16.5490 0.0000e+00
      3.754     -0.048     0.1602      1.725     72.292  59.878689     7.2164      7.579   201.8816 1.2928e+01     9.2701      3.682      5.340    16.4839 0.0000e+00
      3.749     -0.067     0.1666      1.709     70.570  58.685836     7.3586      7.581   201.7236 1.3229e+01     9.1866      3.680      5.337    16.3993 0.0000e+00
      3.732     -0.082     0.1680      1.692     72.266  60.347940     7.5920      7.584   201.6850 1.4245e+01     8.9604      3.671      5.324    16.3503 0.0000e+00
      3.694     -0.088     0.1705      1.678     75.267  62.949935     7.7165      7.587   201.5875 1.5883e+01     8.7548      3.627      5.261    16.3228 0.0000e+00
      3.648     -0.087     0.1693      1.695     76.978  64.289035     7.7989      7.587   201.2325 1.7016e+01     8.6484      3.567      5.173    16.3640 0.0000e+00
      3.620     -0.085     0.1659      1.753     75.329  62.751594     8.5882      7.587   200.8348 1.7161e+01     8.6645      3.541      5.135    16.5685 0.0000e+00
      3.613     -0.084     0.1651      1.835     70.709  58.845939    10.0346      7.587   200.9093 1.6986e+01     8.7775      3.541      5.136    16.7959 0.0000e+00
      3.612     -0.083     0.1608      1.915     67.258  56.135379    10.8384      7.587   201.2721 1.7035e+01     8.8545      3.543      5.139    16.8636 0.0000e+00
      3.603     -0.081     0.1631      1.966     68.294  57.293600    10.9586      7.590   201.6082 1.7810e+01     8.8436      3.541      5.134    16.7752 0.0000e+00
      3.573     -0.081     0.1699      1.991     71.128  59.828725    11.4208      7.593   201.7896 1.9424e+01     8.7477      3.512      5.094    16.6202 0.0000e+00
      3.528     -0.081     0.1790      2.041     72.136  60.617124    12.2571      7.595   201.8305 2.0867e+01     8.5837      3.455      5.011    16.5377 0.0000e+00
      3.492     -0.079     0.1875      2.133     71.664  60.092886    12.7303      7.596   201.8455 2.1257e+01     8.5001      3.413      4.950    16.6811 0.0000e+00
      3.482     -0.074     0.1916      2.217     69.625  58.318177    12.8721      7.597   201.7127 2.1035e+01     8.5225      3.412      4.949    16.9840 0.0000e+00
      3.483     -0.068     0.1906      2.256     66.920  56.118864    13.7467      7.599   201.6015 2.0972e+01     8.5126      3.419      4.959    17.1266 0.0000e+00
      3.478     -0.061     0.1949      2.254     66.826  56.240921    15.3153      7.601   201.6194 2.1282e+01     8.4146      3.414      4.952    17.0186 0.0000e+00
      3.460     -0.058     0.2071      2.240     68.595  57.889337    16.1578      7.601   201.4986 2.2111e+01     8.2951      3.401      4.932    16.9040 0.0000e+00
      3.430     -0.058     0.2171      2.271     69.432  58.582864    16.2419      7.600   201.2592 2.3106e+01     8.2631      3.364      4.879    16.8474 0.0000e+00
      3.402     -0.061     0.2197      2.369     67.970  57.258095    16.3829      7.600   201.0473 2.3431e+01     8.3002      3.327      4.824    16.8686 0.0000e+00
      3.392     -0.065     0.2185      2.496     64.256  54.129969    17.8037      7.602   201.0873 2.3251e+01     8.3345      3.324      4.820    17.0880 0.0000e+00
      3.392     -0.069     0.2132      2.584     61.112  51.691137    20.4039      7.605   201.3995 2.3293e+01     8.3708      3.330      4.830    17.2570 0.0000e+00
      3.385     -0.069     0.2156      2.604     61.239  52.157644    21.8119      7.608   201.4668 2.3810e+01     8.3631      3.325      4.821    17.2039 0.0000e+00
      3.363     -0.066     0.2276      2.639     63.917  54.690517    21.9267      7.610   201.2122 2.4919e+01     8.3086      3.305      4.794    17.0908 0.0000e+00
      3.326     -0.061     0.2418      2.781     65.737  56.214872    21.9911      7.612   201.0751 2.6135e+01     8.3610      3.261      4.730    17.0460 0.0000e+00
      3.295     -0.050     0.2528      3.049     64.507  54.965158    22.1171      7.616   201.1851 2.6552e+01     8.5190      3.221      4.671    17.2349 0.0000e+00
      3.286     -0.032     0.2474      3.385     62.152  52.853676    22.1851      7.618   201.3385 2.6268e+01     8.5452      3.219      4.668    17.6132 0.0000e+00
      3.292     -0.012     0.2461      3.673     61.231  52.150991    22.1717      7.616   201.4660 2.5867e+01     8.4736      3.229      4.683    17.8740 0.0000e+00
      3.302      0.001     0.2597      3.838     61.847  52.819935    21.9793      7.614   201.6094 2.5405e+01     8.4728      3.236      4.694    17.8162 0.0000e+00
      3.312     -0.000     0.2882      3.921     63.227  54.083566    21.6233      7.612   201.7808 2.5064e+01     8.5010      3.250      4.713    17.5476 0.0000e+00
      3.318     -0.010     0.3262      4.013     64.747  55.363368    21.4465      7.609   201.9899 2.5050e+01     8.5412      3.257      4.724    17.4436 0.0000e+00
      3.313     -0.022     0.3559      4.128     65.594  55.972994    21.5070      7.607   202.0733 2.5478e+01     8.5837      3.254      4.721    17.5705 0.0000e+00
      3.295     -0.032     0.3691      4.218     65.337  55.611210    22.1298      7.607   202.0142 2.6241e+01     8.5015      3.233      4.689    17.7199 0.0000e+00
      3.274     -0.042     0.3710      4.228     63.875  54.291615    23.2425      7.608   201.9639 2.6623e+01     8.2993      3.203      4.645    17.7953 0.0000e+00
      3.264     -0.052     0.3803      4.127     61.066  51.957405    23.8243      7.609   202.0670 2.6561e+01     8.2228      3.199      4.639    17.7786 0.0000e+00
      3.262     -0.062     0.3946      3.955     58.283  49.805332    23.7702      7.610   202.4866 2.6715e+01     8.2594      3.202      4.645    17.6737 0.0000e+00
      3.254     -0.068     0.4054      3.786     57.521  49.480285    22.7389      7.611   202.9935 2.7310e+01     8.0592      3.195      4.634    17.5279 0.0000e+00
      3.233     -0.070     0.4095      3.666     58.857  50.885061    20.8517      7.613   203.2920 2.8350e+01     7.6465      3.177      4.607    17.4623 0.0000e+00
      3.201     -0.070     0.3974      3.655     60.458  52.313429    19.8122      7.615   203.5136 2.9563e+01     7.3685      3.140      4.554    17.4866 0.0000e+00
      3.168     -0.066     0.3759      3.812     60.772  52.463442    19.6926      7.616   203.6946 3.0284e+01     7.2590      3.100      4.495    17.6806 0.0000e+00
      3.151     -0.060     0.3570      4.113     59.780  51.492216    19.6129      7.617   203.8450 3.0366e+01     7.1433      3.084      4.473    18.0342 0.0000e+00
      3.148     -0.057     0.3415      4.461     58.002  49.968318    18.9319      7.617   204.1278 3.0301e+01     6.8232      3.087      4.477    18.2938 0.0000e+00
      3.149     -0.062     0.3371      4.759     56.538  48.832870    17.6756      7.618   204.4465 3.0387e+01     6.4290      3.090      4.482    18.3218 0.0000e+00
      3.144     -0.072     0.3544      4.941     56.446  48.938771    16.9833      7.619   204.7734 3.0822e+01     6.2372      3.087      4.477    18.1499 0.0000e+00
      3.125     -0.082     0.3881      5.040     57.201  49.725273    16.9865      7.618   205.0690 3.1966e+01     6.1437      3.074      4.458    18.0131 0.0000e+00
      3.086     -0.087     0.4234      5.178     57.979  50.405998    17.8147      7.618   205.1812 3.3622e+01     6.1871      3.030      4.395    18.0396 0.0000e+00
      3.041     -0.084     0.4536      5.445     58.547  50.819869    19.3472      7.618   205.2694 3.4757e+01     6.4201      2.971      4.309    18.1541 0.0000e+00
      3.014     -0.073     0.4683      5.808     58.617  50.792447    20.1842      7.618   205.4473 3.4995e+01     6.6035      2.949      4.277    18.3643 0.0000e+00
      3.007     -0.056     0.4701      6.145     58.363  50.518809    20.1786      7.618   205.7831 3.4991e+01     6.6289      2.950      4.278    18.5141 0.0000e+00
      3.005     -0.043     0.4802      6.370     57.544  49.797164    19.2791      7.619   206.4045 3.5013e+01     6.4196      2.947      4.275    18.4883 0.0000e+00
      3.005     -0.040     0.5070      6.469     55.961  48.479854    17.6317      7.620   206.9378 3.5016e+01     6.0536      2.947      4.276    18.3978 0.0000e+00
      3.004     -0.046     0.5477      6.452     55.632  48.369094    16.7484      7.620   207.0684 3.5220e+01     5.8926      2.949      4.277    18.3063 0.0000e+00
      2.993     -0.053     0.5833      6.401     57.146  49.854900    16.7718      7.620   207.1240 3.6021e+01     5.9761      2.943      4.267    18.2626 0.0000e+00
      2.966     -0.055     0.6037      6.567     58.217  50.762230    17.7398      7.620   207.3525 3.7353e+01     6.2090      2.912      4.225    18.2578 0.0000e+00
      2.933     -0.052     0.6135      7.217     58.039  50.450605    19.4971      7.621   207.7656 3.8197e+01     6.4881      2.867      4.159    18.2524 0.0000e+00
      2.917     -0.044     0.6077      8.219     57.580  49.960097    20.4495      7.622   208.1604 3.8151e+01     6.5845      2.854      4.139    18.4510 0.0000e+00
      2.918     -0.034     0.5918      9.075     57.509  49.911090    20.5659      7.622   208.3400 3.7986e+01     6.6239      2.863      4.153    18.7083 0.0000e+00
      2.920     -0.027     0.5934      9.460     57.422  49.858132    20.8206      7.622   208.3886 3.7986e+01     6.7247      2.864      4.154    18.6420 0.0000e+00
      2.920     -0.031     0.6613      9.392     56.427  49.002347    21.2481      7.622   208.4043 3.8031e+01     6.7784      2.863      4.153    18.4202 0.0000e+00
      2.917     -0.042     0.7806      9.020     55.408  48.198598    21.4745      7.621   208.4442 3.8331e+01     6.7605      2.864      4.154    18.3329 0.0000e+00
      2.907     -0.051     0.8707      8.471     55.972  48.838359    21.5848      7.620   208.5264 3.9153e+01     6.6794      2.856      4.141    18.3960 0.0000e+00
      2.882     -0.053     0.9029      7.914     57.035  49.817447    22.7566      7.618   208.7097 4.0577e+01     6.6861      2.831      4.105    18.4291 0.0000e+00
      2.851     -0.048     0.8915      7.736     57.275  49.941674    24.9059      7.618   208.9402 4.1752e+01     6.8411      2.790      4.048    18.3869 0.0000e+00
      2.831     -0.039     0.8509      8.198     57.025  49.641859    26.0812      7.618   209.0757 4.1719e+01     6.9476      2.766      4.012    18.4420 0.0000e+00
      2.832     -0.032     0.7945      8.976     56.278  48.986044    26.1897      7.619   209.1434 4.1184e+01     6.9497      2.776      4.025    18.6669 0.0000e+00
      2.841     -0.032     0.7261      9.573     54.545  47.536071    26.0502      7.620   209.2433 4.0970e+01     6.8663      2.789      4.044    18.7349 0.0000e+00
      2.844     -0.040     0.6947      9.830     52.471  45.887246    24.4114      7.620   209.2498 4.1083e+01     6.6911      2.792      4.051    18.5763 0.0000e+00
      2.837     -0.052     0.7570      9.874     51.703  45.493103    21.4234      7.621   209.0503 4.1728e+01     6.5391      2.787      4.044    18.4912 0.0000e+00
      2.816     -0.062     0.8514     10.060     52.358  46.326105    19.8023      7.621   208.8966 4.3163e+01     6.4636      2.768      4.014    18.5064 0.0000e+00
      2.780     -0.066     0.9084     10.971     53.316  47.262276    19.7176      7.621   208.9399 4.4877e+01     6.4263      2.726      3.954    18.5422 0.0000e+00
      2.747     -0.061     0.9264     13.044     53.921  47.734146    20.2657      7.623   209.0584 4.5701e+01     6.4639      2.682      3.890    18.6637 0.0000e+00
      2.734     -0.052     0.9141     16.021     53.831  47.523829    21.2781      7.625   209.2106 4.5542e+01     6.5771      2.675      3.880    18.9950 0.0000e+00
      2.737     -0.042     0.9042     19.053     52.706  46.433293    21.8131      7.626   209.3176 4.5378e+01     6.6681      2.687      3.897    19.3124 0.0000e+00
      2.740     -0.040     0.9656     21.306     50.847  44.832801    21.6906      7.628   209.3191 4.5576e+01     6.6760      2.689      3.900    19.3688 0.0000e+00
      2.736     -0.048     1.1685     22.417     49.435  43.788790    19.7707      7.630   209.3149 4.6044e+01     6.4673      2.685      3.894    19.2789 0.0000e+00
      2.724     -0.060     1.4814     22.712     49.124  43.776680    16.2118      7.631   209.3525 4.6946e+01     6.0917      2.675      3.880    19.1322 0.0000e+00
