Data/DataNotYetUploadedToEDI/Raw_CTD/RawDownloads/090924_fcr30_S7809003.cnv
* Sea-Bird SBE19plus  Data File:
* FileName = C:\R\Reservoirs\Data\DataNotYetUploadedToEDI\Raw_CTD\RawDownloads\090924_fcr40_S7809_0003.hex
* Software version 2.8.0.119
* Temperature SN = 7809
* Conductivity SN = 7809
* System UpLoad Time = Sep 09 2024 17:05:57
* <ApplicationData>
* <Seaterm232>
# nquan = 15
# nvalues = 531                         
# units = specified
# name 0 = depFM: Depth [fresh water, m]
# name 1 = dz/dtM: Descent Rate [m/s]
# name 2 = sbeox0Mg/L: Oxygen, SBE 43 [mg/l]
# name 3 = sbeox0PS: Oxygen, SBE 43 [% saturation]
# name 4 = specc: Specific Conductance [uS/cm]
# name 5 = c0uS/cm: Conductivity [uS/cm]
# name 6 = flECO-AFL: Fluorescence, WET Labs ECO-AFL/FL [mg/m^3]
# name 7 = ph: pH
# name 8 = orp: Oxidation Reduction Potential [mV]
# name 9 = par/sat/log: PAR/Logarithmic, Satlantic
# name 10 = turbWETntu0: Turbidity, WET Labs ECO [NTU]
# name 11 = prdM: Pressure, Strain Gauge [db]
# name 12 = prdE: Pressure, Strain Gauge [psi]
# name 13 = tv290C: Temperature [ITS-90, deg C]
# name 14 = flag:  0.000e+00
# span 0 =     -0.590,      2.846       
# span 1 =     -0.261,      0.111       
# span 2 =     4.0530,     8.6404       
# span 3 =     45.460,     97.328       
# span 4 =      8.432,     43.377       
# span 5 =   7.801400,  40.186301       
# span 6 =    -1.8633,     5.3606       
# span 7 =      7.596,      8.047       
# span 8 =    62.6690,   218.7645       
# span 9 = 2.2267e+01, 1.3867e+03       
# span 10 =     1.5113,     8.7075      
# span 11 =     -0.581,      2.794      
# span 12 =     -0.843,      4.052      
# span 13 =    20.5893,    21.3704      
# span 14 = 0.0000e+00, 0.0000e+00      
# interval = seconds: 0.25
# start_time = Sep 09 2024 10:42:05 [Instrument's time stamp, header]
# bad_flag = -9.990e-29
*END*
[from data line 386]
      2.008     -0.044     6.6171     74.401     42.823  39.576775     4.4055      7.962   210.7916 3.9821e+01     2.9478      1.964      2.848    21.2033 0.0000e+00
      2.002     -0.036     6.6127     74.432     42.835  39.588418     4.4186      7.962   210.8382 3.9745e+01     2.9726      1.963      2.848    21.2039 0.0000e+00
      2.002     -0.031     6.6103     74.463     42.825  39.578137     4.5050      7.962   210.8367 3.9644e+01     2.9651      1.964      2.847    21.2040 0.0000e+00
      2.002     -0.034     6.6043     74.481     42.826  39.579395     4.6176      7.962   211.0312 3.9635e+01     2.9260      1.963      2.848    21.2041 0.0000e+00
      2.000     -0.045     6.6038     74.486     42.852  39.603625     4.6648      7.962   211.2114 3.9827e+01     2.9096      1.966      2.852    21.2043 0.0000e+00
      1.989     -0.057     6.6086     74.485     42.866  39.617253     4.6670      7.962   211.3808 4.0272e+01     2.9378      1.956      2.837    21.2047 0.0000e+00
      1.965     -0.063     6.6112     74.491     42.866  39.617243     4.6782      7.960   211.5308 4.0987e+01     2.9939      1.931      2.801    21.2051 0.0000e+00
      1.935     -0.062     6.6127     74.513     42.851  39.603511     4.7006      7.959   211.6479 4.1778e+01     3.0758      1.897      2.751    21.2051 0.0000e+00
      1.909     -0.055     6.6131     74.533     42.823  39.578146     4.7041      7.960   211.7641 4.2212e+01     3.1077      1.865      2.704    21.2047 0.0000e+00
      1.898     -0.041     6.6126     74.544     42.808  39.564406     4.6874      7.960   211.8177 4.2224e+01     3.1058      1.855      2.692    21.2048 0.0000e+00
      1.898     -0.024     6.6122     74.554     42.808  39.564301     4.6819      7.960   211.9517 4.2143e+01     3.0878      1.862      2.701    21.2056 0.0000e+00
      1.901     -0.011     6.6154     74.552     42.822  39.576878     4.7212      7.960   212.1799 4.2067e+01     3.0266      1.864      2.703    21.2055 0.0000e+00
      1.902     -0.011     6.6174     74.540     42.836  39.589552     4.7875      7.961   212.2534 4.2010e+01     2.9457      1.865      2.704    21.2053 0.0000e+00
      1.903     -0.024     6.6175     74.523     42.837  39.590609     4.8098      7.963   212.2385 4.2009e+01     2.8622      1.866      2.707    21.2054 0.0000e+00
      1.903     -0.042     6.6197     74.501     42.835  39.589664     4.7915      7.963   212.3439 4.2111e+01     2.8366      1.869      2.711    21.2056 0.0000e+00
      1.894     -0.055     6.6188     74.482     42.822  39.578125     4.7066      7.962   212.4951 4.2616e+01     2.9092      1.865      2.705    21.2055 0.0000e+00
      1.866     -0.059     6.6175     74.475     42.822  39.578021     4.5660      7.960   212.6036 4.3489e+01     2.9882      1.834      2.660    21.2054 0.0000e+00
      1.830     -0.056     6.6165     74.503     42.833  39.588406     4.4982      7.960   212.7097 4.4124e+01     2.9719      1.787      2.591    21.2057 0.0000e+00
      1.808     -0.051     6.6136     74.581     42.820  39.576762     4.4865      7.960   212.8314 4.4316e+01     2.9164      1.765      2.560    21.2066 0.0000e+00
      1.806     -0.048     6.6120     74.674     42.805  39.564166     4.4655      7.960   212.9567 4.4315e+01     2.9324      1.770      2.566    21.2077 0.0000e+00
      1.812     -0.052     6.6105     74.745     42.804  39.563031     4.4524      7.961   213.0198 4.4264e+01     2.9954      1.778      2.579    21.2080 0.0000e+00
      1.814     -0.064     6.6115     74.790     42.804  39.563031     4.4534      7.963   212.9923 4.4460e+01     3.0284      1.785      2.589    21.2073 0.0000e+00
      1.800     -0.079     6.6207     74.805     42.804  39.564176     4.4519      7.963   213.0544 4.5185e+01     3.0249      1.774      2.573    21.2075 0.0000e+00
      1.765     -0.089     6.6301     74.772     42.817  39.576876     4.3844      7.961   213.3410 4.6221e+01     2.9865      1.736      2.518    21.2088 0.0000e+00
      1.718     -0.090     6.6362     74.707     42.831  39.589664     4.2699      7.959   213.6188 4.7183e+01     2.9740      1.682      2.438    21.2091 0.0000e+00
      1.679     -0.080     6.6397     74.668     42.833  39.591866     4.2159      7.957   213.7462 4.7715e+01     3.0108      1.636      2.373    21.2094 0.0000e+00
      1.663     -0.066     6.6423     74.683     42.845  39.603510     4.2059      7.956   213.7623 4.7742e+01     2.9869      1.624      2.356    21.2108 0.0000e+00
      1.665     -0.057     6.6392     74.731     42.845  39.603520     4.1749      7.957   213.6410 4.7608e+01     2.8895      1.633      2.369    21.2112 0.0000e+00
      1.670     -0.058     6.6300     74.746     42.832  39.591991     4.1401      7.959   213.5709 4.7580e+01     2.8242      1.641      2.379    21.2109 0.0000e+00
      1.668     -0.066     6.6266     74.731     42.829  39.591037     4.1347      7.959   213.6883 4.7901e+01     2.8463      1.643      2.383    21.2108 0.0000e+00
      1.647     -0.076     6.6276     74.742     42.829  39.591991     4.1437      7.959   213.7694 4.8856e+01     2.9176      1.626      2.359    21.2113 0.0000e+00
      1.603     -0.081     6.6357     74.768     42.841  39.603531     4.1403      7.961   213.7769 5.0122e+01     2.9354      1.572      2.280    21.2116 0.0000e+00
      1.559     -0.082     6.6368     74.802     42.841  39.603634     4.1598      7.964   213.8656 5.0921e+01     2.8907      1.517      2.199    21.2127 0.0000e+00
      1.539     -0.084     6.6308     74.858     42.830  39.593249     4.2208      7.966   213.8092 5.1065e+01     2.8895      1.502      2.177    21.2151 0.0000e+00
      1.540     -0.087     6.6340     74.907     42.842  39.604892     4.2624      7.969   213.6970 5.1039e+01     2.9555      1.510      2.190    21.2165 0.0000e+00
      1.541     -0.087     6.6368     74.933     42.855  39.617478     4.2638      7.969   213.8857 5.1407e+01     3.0395      1.517      2.201    21.2160 0.0000e+00
      1.523     -0.086     6.6377     74.969     42.856  39.618509     4.2211      7.967   214.1985 5.2492e+01     3.0505      1.504      2.183    21.2156 0.0000e+00
      1.478     -0.081     6.6448     74.991     42.854  39.617354     4.1537      7.963   214.4669 5.3971e+01     2.9525      1.453      2.107    21.2163 0.0000e+00
      1.428     -0.068     6.6504     74.976     42.839  39.603518     4.1229      7.959   214.6363 5.4883e+01     2.8792      1.389      2.014    21.2172 0.0000e+00
      1.402     -0.046     6.6492     74.956     42.811  39.578144     4.1155      7.958   214.6116 5.4831e+01     2.9156      1.363      1.978    21.2175 0.0000e+00
      1.404     -0.022     6.6545     74.945     42.795  39.564402     4.1475      7.959   214.4269 5.4217e+01     2.9826      1.371      1.989    21.2175 0.0000e+00
      1.423     -0.009     6.6582     74.947     42.795  39.564288     4.2188      7.961   214.2965 5.3410e+01     2.9723      1.393      2.019    21.2177 0.0000e+00
      1.446     -0.015     6.6538     74.962     42.808  39.576770     4.2538      7.964   214.4980 5.2813e+01     2.8933      1.423      2.063    21.2184 0.0000e+00
      1.457     -0.035     6.6529     74.972     42.819  39.588402     4.2457      7.965   214.8834 5.2888e+01     2.8463      1.438      2.085    21.2195 0.0000e+00
      1.441     -0.058     6.6510     74.965     42.808  39.578007     4.1621      7.964   215.0846 5.3788e+01     2.8831      1.425      2.066    21.2204 0.0000e+00
      1.398     -0.077     6.6511     74.971     42.808  39.578017     4.0166      7.964   215.1238 5.5119e+01     2.9622      1.374      1.993    21.2199 0.0000e+00
      1.350     -0.088     6.6534     75.015     42.819  39.588515     3.9265      7.965   215.0997 5.6126e+01     2.9835      1.313      1.904    21.2202 0.0000e+00
      1.323     -0.094     6.6545     75.060     42.808  39.578018     3.8967      7.968   214.9645 5.6311e+01     2.9350      1.288      1.868    21.2221 0.0000e+00
      1.318     -0.098     6.6528     75.080     42.808  39.578018     3.9059      7.970   214.8663 5.6011e+01     2.8886      1.293      1.875    21.2234 0.0000e+00
      1.316     -0.097     6.6512     75.085     42.818  39.588516     3.9630      7.972   214.9450 5.6067e+01     2.9002      1.298      1.882    21.2231 0.0000e+00
      1.297     -0.094     6.6581     75.089     42.806  39.578017     4.0128      7.972   214.9698 5.6906e+01     2.9735      1.284      1.861    21.2223 0.0000e+00
      1.253     -0.093     6.6626     75.099     42.806  39.578007     4.0257      7.972   214.8217 5.8129e+01     2.9891      1.231      1.787    21.2220 0.0000e+00
      1.203     -0.092     6.6636     75.116     42.816  39.588401     4.0188      7.975   214.7028 5.8894e+01     2.9180      1.168      1.695    21.2225 0.0000e+00
      1.176     -0.092     6.6639     75.150     42.803  39.576769     4.0454      7.978   214.7365 5.8977e+01     2.8985      1.144      1.659    21.2236 0.0000e+00
      1.172     -0.088     6.6633     75.190     42.788  39.564285     4.1239      7.980   214.8851 5.8785e+01     2.9592      1.149      1.666    21.2241 0.0000e+00
      1.171     -0.080     6.6648     75.214     42.787  39.564389     4.1845      7.980   215.0361 5.8815e+01     3.0028      1.154      1.673    21.2244 0.0000e+00
      1.156     -0.070     6.6654     75.243     42.801  39.578026     4.2036      7.978   215.1864 5.9618e+01     2.9476      1.143      1.658    21.2256 0.0000e+00
      1.121     -0.064     6.6682     75.303     42.826  39.602247     4.1305      7.976   215.3251 6.0653e+01     2.8717      1.099      1.595    21.2260 0.0000e+00
      1.085     -0.059     6.6738     75.373     42.826  39.603401     3.9755      7.975   215.4231 6.0985e+01     2.8718      1.054      1.528    21.2272 0.0000e+00
      1.070     -0.050     6.6741     75.428     42.814  39.591977     3.8936      7.975   215.5107 6.0863e+01     2.9146      1.044      1.513    21.2298 0.0000e+00
      1.070     -0.040     6.6750     75.463     42.813  39.591042     3.8980      7.975   215.5247 6.0563e+01     2.9786      1.050      1.523    21.2309 0.0000e+00
      1.074     -0.038     6.6817     75.483     42.814  39.592102     3.8875      7.978   215.4197 6.0225e+01     2.9629      1.054      1.529    21.2316 0.0000e+00
      1.076     -0.048     6.6886     75.478     42.828  39.604784     3.8499      7.982   215.3595 6.0112e+01     2.8604      1.057      1.534    21.2327 0.0000e+00
      1.069     -0.063     6.6935     75.447     42.841  39.617455     3.8336      7.983   215.4857 6.0297e+01     2.8328      1.055      1.531    21.2329 0.0000e+00
      1.044     -0.075     6.6959     75.393     42.842  39.618390     3.8409      7.981   215.8263 6.0924e+01     2.9024      1.031      1.496    21.2324 0.0000e+00
      1.004     -0.075     6.6986     75.315     42.839  39.616092     3.8879      7.977   216.2945 6.1559e+01     2.9856      0.983      1.425    21.2322 0.0000e+00
      0.968     -0.062     6.6986     75.258     42.810  39.589668     3.9688      7.971   216.5863 6.1650e+01     2.9843      0.939      1.363    21.2319 0.0000e+00
      0.950     -0.039     6.6946     75.253     42.769  39.552745     4.0033      7.966   216.6881 6.1381e+01     2.9205      0.925      1.342    21.2324 0.0000e+00
      0.950     -0.012     6.6915     75.296     42.766  39.550437     4.0049      7.963   216.7507 6.0791e+01     2.9317      0.928      1.346    21.2334 0.0000e+00
      0.962      0.011     6.6817     75.350     42.777  39.561766     3.9970      7.963   216.7403 6.0088e+01     2.9831      0.941      1.364    21.2334 0.0000e+00
      0.979      0.017     6.6756     75.362     42.777  39.562797     3.9582      7.963   216.6487 5.9692e+01     2.9610      0.963      1.396    21.2343 0.0000e+00
      0.993      0.005     6.6755     75.342     42.777  39.562900     3.9188      7.965   216.5898 5.9496e+01     2.9036      0.975      1.415    21.2351 0.0000e+00
      0.999     -0.016     6.6798     75.320     42.777  39.563013     3.8951      7.967   216.7162 5.9507e+01     2.8700      0.981      1.423    21.2350 0.0000e+00
      0.994     -0.036     6.6878     75.295     42.778  39.564168     3.8872      7.968   216.8862 5.9975e+01     2.8963      0.984      1.427    21.2363 0.0000e+00
      0.969     -0.047     6.6873     75.290     42.792  39.576860     3.8979      7.969   216.9254 6.0808e+01     2.9831      0.956      1.387    21.2377 0.0000e+00
      0.934     -0.050     6.6840     75.324     42.807  39.589544     3.9083      7.970   216.9314 6.1409e+01     3.0306      0.908      1.318    21.2380 0.0000e+00
      0.913     -0.052     6.6830     75.364     42.808  39.590613     3.8970      7.971   216.9594 6.1428e+01     2.9925      0.887      1.287    21.2381 0.0000e+00
      0.911     -0.058     6.6801     75.400     42.808  39.589782     3.8773      7.974   216.9195 6.1033e+01     2.8989      0.891      1.293    21.2384 0.0000e+00
      0.917     -0.070     6.6775     75.420     42.796  39.579502     3.8616      7.977   216.8789 6.0608e+01     2.8548      0.902      1.308    21.2381 0.0000e+00
      0.915     -0.085     6.6836     75.400     42.810  39.593243     3.8325      7.977   217.0708 6.0646e+01     2.9024      0.906      1.314    21.2371 0.0000e+00
      0.890     -0.100     6.6868     75.355     42.848  39.629002     3.8083      7.975   217.3470 6.1586e+01     2.9625      0.885      1.282    21.2363 0.0000e+00
      0.838     -0.108     6.6897     75.302     42.849  39.631091     3.7937      7.973   217.3789 6.3234e+01     2.9671      0.826      1.198    21.2364 0.0000e+00
      0.782     -0.106     6.6938     75.276     42.835  39.618504     3.7887      7.972   217.2845 6.4293e+01     2.8900      0.756      1.096    21.2372 0.0000e+00
      0.748     -0.096     6.6899     75.319     42.819  39.603732     3.8143      7.974   217.2385 6.4352e+01     2.8500      0.723      1.047    21.2380 0.0000e+00
      0.741     -0.087     6.6860     75.417     42.793  39.579408     3.8372      7.978   217.0803 6.4120e+01     2.8936      0.724      1.049    21.2387 0.0000e+00
      0.744     -0.082     6.6805     75.529     42.791  39.578254     3.8497      7.981   216.9205 6.4055e+01     2.9391      0.731      1.061    21.2394 0.0000e+00
      0.741     -0.083     6.6752     75.624     42.802  39.589792     3.8155      7.983   217.0274 6.4659e+01     2.9560      0.733      1.063    21.2400 0.0000e+00
      0.717     -0.088     6.6808     75.690     42.804  39.591985     3.7149      7.983   217.1689 6.6268e+01     2.9267      0.714      1.035    21.2402 0.0000e+00
      0.671     -0.092     6.6903     75.743     42.818  39.604771     3.6658      7.983   217.2546 6.8333e+01     2.9262      0.660      0.958    21.2408 0.0000e+00
      0.623     -0.090     6.7013     75.789     42.831  39.617462     3.6874      7.983   217.2889 6.9401e+01     2.9849      0.600      0.870    21.2417 0.0000e+00
      0.598     -0.085     6.7102     75.798     42.832  39.618503     3.7180      7.985   217.0676 6.9333e+01     2.9874      0.579      0.839    21.2426 0.0000e+00
      0.594     -0.083     6.7153     75.768     42.831  39.617359     3.7364      7.990   216.7301 6.8914e+01     2.9223      0.581      0.843    21.2429 0.0000e+00
      0.595     -0.086     6.7189     75.747     42.815  39.603636     3.7269      7.994   216.5630 6.8414e+01     2.8806      0.585      0.849    21.2430 0.0000e+00
      0.586     -0.093     6.7249     75.744     42.788  39.579501     3.7187      7.994   216.6822 6.8295e+01     2.9266      0.584      0.847    21.2434 0.0000e+00
      0.556     -0.100     6.7263     75.744     42.787  39.579396     3.7127      7.993   216.9667 6.9407e+01     3.0003      0.556      0.807    21.2433 0.0000e+00
