Data/DataNotYetUploadedToEDI/Raw_CTD/RawDownloads/091223_bvr50_S7809001.cnv
* Sea-Bird SBE19plus  Data File:
* FileName = C:\R\Reservoirs\Data\DataNotYetUploadedToEDI\Raw_CTD\RawDownloads\091223_bvr50_S7809_0001.hex
* Software version 2.8.0.119
* Temperature SN = 7809
* Conductivity SN = 7809
* System UpLoad Time = Sep 12 2023 18:11:01
* <ApplicationData>
* <Seaterm232>
# nquan = 15
# nvalues = 1241                        
# units = specified
# name 0 = depFM: Depth [fresh water, m]
# name 1 = dz/dtM: Descent Rate [m/s]
# name 2 = sbeox0Mg/L: Oxygen, SBE 43 [mg/l]
# name 3 = sbeox0PS: Oxygen, SBE 43 [% saturation]
# name 4 = specc: Specific Conductance [uS/cm]
# name 5 = c0uS/cm: Conductivity [uS/cm]
# name 6 = flECO-AFL: Fluorescence, WET Labs ECO-AFL/FL [mg/m^3]
# name 7 = ph: pH
# name 8 = orp: Oxidation Reduction Potential [mV]
# name 9 = par/sat/log: PAR/Logarithmic, Satlantic
# name 10 = turbWETntu0: Turbidity, WET Labs ECO [NTU]
# name 11 = prdM: Pressure, Strain Gauge [db]
# name 12 = prdE: Pressure, Strain Gauge [psi]
# name 13 = tv290C: Temperature [ITS-90, deg C]
# name 14 = flag:  0.000e+00
# span 0 =     -0.734,      9.027       
# span 1 =     -0.359,      0.373       
# span 2 =     0.0946,     8.4345       
# span 3 =      0.900,    102.123       
# span 4 =      0.364,    189.784       
# span 5 =   0.369390, 132.173434       
# span 6 =    -0.0920,   227.4932       
# span 7 =     -2.056,      8.298       
# span 8 = -1240.7455,   911.8198       
# span 9 = 1.2354e-01, 1.9768e+03       
# span 10 =    -7.5273,     5.8837      
# span 11 =     -0.720,      8.853      
# span 12 =     -1.044,     12.840      
# span 13 =     9.7945,    25.6820      
# span 14 = 0.0000e+00, 0.0000e+00      
# interval = seconds: 0.25
# start_time = Sep 12 2023 11:18:01 [Instrument's time stamp, header]
# bad_flag = -9.990e-29
*END*
[from data line 97]
     -0.153     -0.004     6.3498     76.485     32.531  32.595617     3.0852      7.488   225.4266 1.1514e+03     2.3214     -0.151     -0.219    25.0905 0.0000e+00
     -0.151     -0.001     6.3400     76.105     32.530  32.594369     3.0846      7.481   225.6446 1.0440e+03     2.3195     -0.148     -0.214    25.0902 0.0000e+00
     -0.149      0.001     6.3412     75.515     32.506  32.570252     3.0147      7.476   225.8532 1.0111e+03     2.3605     -0.146     -0.211    25.0905 0.0000e+00
     -0.149      0.002     6.3296     74.816     32.494  32.557773     2.9058      7.473   226.0552 1.1134e+03     2.4079     -0.146     -0.211    25.0920 0.0000e+00
     -0.150      0.002     6.3118     74.136     32.507  32.570364     2.8589      7.472   226.2805 1.1851e+03     2.4137     -0.147     -0.213    25.0935 0.0000e+00
     -0.150      0.002     6.2857     73.470     32.532  32.595616     2.8544      7.470   226.4266 1.1871e+03     2.3619     -0.148     -0.214    25.0936 0.0000e+00
     -0.149      0.002     6.2314     72.742     32.547  32.609333     2.8438      7.467   226.6169 1.1100e+03     2.3284     -0.146     -0.213    25.0924 0.0000e+00
     -0.148      0.002     6.1692     71.963     32.547  32.609343     2.7889      7.463   227.0324 9.8525e+02     2.3501     -0.144     -0.210    25.0913 0.0000e+00
     -0.147      0.003     6.1138     71.223     32.532  32.595731     2.6902      7.457   227.3211 8.9700e+02     2.4193     -0.144     -0.209    25.0905 0.0000e+00
     -0.147      0.003     6.0630     70.597     32.507  32.571634     2.6332      7.452   226.4071 7.6475e+02     2.4482     -0.144     -0.209    25.0902 0.0000e+00
     -0.146      0.003     6.0023     70.067     32.506  32.571739     2.6071      7.447   225.7043 6.3166e+02     2.3912     -0.144     -0.208    25.0900 0.0000e+00
     -0.145      0.002     5.9342     69.567     32.530  32.596999     2.5239      7.441   227.0836 7.0909e+02     2.3797     -0.143     -0.207    25.0902 0.0000e+00
     -0.144     -0.001     5.8711     69.142     32.555  32.623308     2.4011      7.435   228.4568 9.5266e+02     2.4112     -0.141     -0.205    25.0912 0.0000e+00
     -0.143     -0.006     5.8189     68.857     32.566  32.636081     2.3376      7.430   228.7134 1.1005e+03     2.4304     -0.140     -0.203    25.0931 0.0000e+00
     -0.143     -0.011     5.7800     68.682     32.553  32.624556     2.3221      7.416   228.5516 1.0748e+03     2.4419     -0.139     -0.202    25.0954 0.0000e+00
     -0.144     -0.016     5.7351     68.558     32.538  32.610838     2.2636      7.391   228.1355 1.0769e+03     2.4139     -0.139     -0.201    25.0974 0.0000e+00
     -0.153     -0.020     5.6971     68.436     32.523  32.597101     2.1791      7.366   227.9835 1.1504e+03     2.4327     -0.147     -0.212    25.0989 0.0000e+00
     -0.164     -0.022     5.6755     68.275     32.510  32.585348     2.1500      7.346   228.2627 1.2126e+03     2.4989     -0.165     -0.238    25.1009 0.0000e+00
     -0.171     -0.020     5.6625     68.111     32.520  32.595615     2.1700      7.326   228.4141 1.2715e+03     2.4968     -0.169     -0.246    25.1024 0.0000e+00
     -0.174     -0.015     5.6535     68.076     32.519  32.594356     2.2621      7.309   228.2659 1.2801e+03     2.4078     -0.169     -0.247    25.1042 0.0000e+00
     -0.178     -0.004     5.6444     68.222     32.496  32.570124     2.4151      7.295   228.1048 1.2957e+03     2.3439     -0.175     -0.254    25.1074 0.0000e+00
     -0.179      0.008     5.6314     68.487     32.482  32.556387     2.4958      7.281   228.0154 1.3597e+03     2.4081     -0.177     -0.256    25.1100 0.0000e+00
     -0.178      0.017     5.6111     68.775     32.481  32.555138     2.5054      7.268   228.0449 1.3719e+03     2.4671     -0.176     -0.256    25.1107 0.0000e+00
     -0.172      0.021     5.6068     68.922     32.481  32.555024     2.5073      7.259   228.3761 1.2752e+03     2.4412     -0.171     -0.248    25.1098 0.0000e+00
     -0.158      0.018     5.6229     68.807     32.481  32.555014     2.5014      7.254   229.0944 1.1705e+03     2.4023     -0.154     -0.225    25.1081 0.0000e+00
     -0.144      0.009     5.6454     68.472     32.479  32.555014     2.4925      7.249   229.5029 1.2786e+03     2.3736     -0.138     -0.200    25.1072 0.0000e+00
     -0.138     -0.000     5.6751     68.034     32.475  32.555023     2.4913      7.243   229.3571 1.4027e+03     2.4012     -0.130     -0.189    25.1088 0.0000e+00
     -0.145     -0.006     5.6926     67.667     32.472  32.555126     2.4951      7.227   229.2249 1.3524e+03     2.4288     -0.137     -0.199    25.1086 0.0000e+00
     -0.162     -0.007     5.6803     67.602     32.472  32.556270     2.4642      7.201   229.2799 1.4063e+03     2.3656     -0.161     -0.233    25.1063 0.0000e+00
     -0.175     -0.005     5.6486     67.942     32.486  32.568853     2.4006      7.176   229.4209 1.7538e+03     2.3199     -0.179     -0.259    25.1109 0.0000e+00
     -0.173      0.000     5.6082     68.557     32.499  32.580386     2.3666      7.164   229.4668 1.9133e+03     2.3550     -0.174     -0.252    25.1192 0.0000e+00
     -0.159      0.006     5.5680     69.116     32.489  32.568843     2.3700      7.160   229.4049 1.6910e+03     2.4138     -0.154     -0.224    25.1225 0.0000e+00
     -0.147      0.011     5.5598     69.413     32.477  32.556157     2.3754      7.159   229.2742 1.5605e+03     2.4155     -0.140     -0.203    25.1227 0.0000e+00
     -0.145      0.010     5.5908     69.468     32.476  32.553868     2.3646      7.158   229.1777 1.3444e+03     2.3424     -0.141     -0.203    25.1221 0.0000e+00
     -0.149      0.002     5.6542     69.243     32.463  32.541171     2.3644      7.158   229.2697 1.1204e+03     2.3497     -0.147     -0.213    25.1195 0.0000e+00
     -0.151     -0.005     5.7097     68.746     32.451  32.529513     2.3812      7.156   229.5272 1.2348e+03     2.4355     -0.148     -0.216    25.1164 0.0000e+00
     -0.153     -0.009     5.7266     68.146     32.461  32.539798     2.4097      7.149   229.8816 1.3703e+03     2.4577     -0.149     -0.216    25.1148 0.0000e+00
     -0.157     -0.008     5.7367     67.588     32.460  32.538654     2.4590      7.138   230.1990 1.2718e+03     2.4123     -0.155     -0.224    25.1144 0.0000e+00
     -0.160     -0.006     5.7186     67.121     32.436  32.515680     2.4864      7.125   230.3535 1.1825e+03     2.3649     -0.158     -0.230    25.1146 0.0000e+00
     -0.161     -0.004     5.6699     66.755     32.436  32.515774     2.4998      7.113   230.2865 1.2374e+03     2.3979     -0.159     -0.231    25.1153 0.0000e+00
     -0.161     -0.002     5.6163     66.417     32.459  32.539797     2.5882      7.105   230.1628 1.2725e+03     2.4350     -0.158     -0.230    25.1160 0.0000e+00
     -0.160      0.000     5.5699     66.006     32.471  32.552380     2.7305      7.102   230.1488 1.2799e+03     2.4037     -0.157     -0.227    25.1160 0.0000e+00
     -0.160      0.001     5.5305     65.528     32.459  32.541035     2.7975      7.101   230.2034 1.3379e+03     2.3949     -0.156     -0.226    25.1160 0.0000e+00
     -0.160      0.001     5.5017     65.028     32.447  32.529501     2.7901      7.103   230.3071 1.4110e+03     2.3975     -0.157     -0.227    25.1167 0.0000e+00
     -0.161      0.001     5.4795     64.509     32.457  32.539796     2.7912      7.106   230.5422 1.3698e+03     2.4004     -0.158     -0.229    25.1180 0.0000e+00
     -0.161      0.002     5.4435     63.998     32.455  32.538644     2.8021      7.106   230.8950 1.2576e+03     2.4298     -0.158     -0.229    25.1190 0.0000e+00
     -0.160      0.004     5.4020     63.558     32.431  32.515565     2.7974      7.105   231.1312 1.2004e+03     2.4116     -0.157     -0.228    25.1199 0.0000e+00
     -0.159      0.006     5.3616     63.195     32.429  32.514515     2.7837      7.101   231.1610 1.2266e+03     2.3510     -0.156     -0.227    25.1211 0.0000e+00
     -0.156      0.007     5.3184     62.876     32.440  32.525955     2.7699      7.095   231.0840 1.3051e+03     2.3468     -0.154     -0.223    25.1225 0.0000e+00
     -0.153      0.007     5.2726     62.564     32.441  32.527004     2.7397      7.090   231.0594 1.3619e+03     2.3940     -0.150     -0.218    25.1240 0.0000e+00
     -0.151      0.009     5.2371     62.225     32.441  32.527203     2.6924      7.089   231.2937 1.3619e+03     2.4099     -0.147     -0.214    25.1247 0.0000e+00
     -0.150      0.011     5.2081     61.865     32.441  32.528355     2.6644      7.084   232.5408 1.3331e+03     2.3677     -0.147     -0.213    25.1253 0.0000e+00
     -0.150      0.012     5.1826     61.525     32.454  32.540940     2.6674      7.077   242.9541 1.2854e+03     2.3623     -0.148     -0.215    25.1263 0.0000e+00
     -0.147      0.010     5.1579     61.196     32.465  32.552484     2.7035      7.072   252.5768 1.2605e+03     2.4125     -0.145     -0.211    25.1269 0.0000e+00
     -0.139      0.008     5.1304     60.827     32.453  32.541054     2.7601      7.071   243.8340 1.2410e+03     2.4280     -0.137     -0.198    25.1280 0.0000e+00
     -0.133      0.006     5.0982     60.429     32.442  32.529615     2.7852      7.070   233.9544 1.1531e+03     2.4132     -0.127     -0.185    25.1292 0.0000e+00
     -0.133      0.006     5.0700     60.035     32.453  32.541054     2.7822      7.067   232.9282 1.1373e+03     2.4048     -0.127     -0.184    25.1295 0.0000e+00
     -0.138      0.006     5.0467     59.670     32.463  32.552494     2.7570      7.060   232.7167 1.2618e+03     2.4283     -0.137     -0.198    25.1296 0.0000e+00
     -0.142      0.006     5.0141     59.305     32.451  32.541055     2.7142      7.051   232.5160 1.3564e+03     2.4591     -0.143     -0.207    25.1291 0.0000e+00
     -0.138      0.006     4.9814     58.904     32.440  32.529615     2.6969      7.043   232.3941 1.3497e+03     2.4695     -0.137     -0.198    25.1289 0.0000e+00
     -0.130      0.008     4.9467     58.498     32.450  32.541054     2.6897      7.038   232.5346 1.3127e+03     2.4185     -0.127     -0.184    25.1302 0.0000e+00
     -0.125      0.009     4.9178     58.121     32.460  32.552493     2.6941      7.034   232.6654 1.2191e+03     2.3544     -0.121     -0.176    25.1316 0.0000e+00
     -0.125      0.007     4.8901     57.758     32.448  32.541052     2.7416      7.031   232.6854 1.1469e+03     2.4119     -0.122     -0.177    25.1325 0.0000e+00
     -0.125      0.002     4.8549     57.416     32.437  32.529602     2.7891      7.026   232.7758 1.1827e+03     2.4640     -0.123     -0.179    25.1333 0.0000e+00
     -0.125     -0.003     4.8198     57.130     32.448  32.540917     2.7944      7.015   233.4144 1.2538e+03     2.4371     -0.122     -0.176    25.1339 0.0000e+00
     -0.126     -0.009     4.7903     56.955     32.456  32.550995     2.7891      7.002   241.0946 1.3496e+03     2.4282     -0.121     -0.177    25.1355 0.0000e+00
     -0.128     -0.015     4.7597     56.918     32.427  32.524570     2.8085      6.989   248.5452 1.3273e+03     2.4257     -0.127     -0.184    25.1367 0.0000e+00
     -0.130     -0.018     4.7302     56.980     32.374  32.475182     2.8290      6.976   242.0206 1.2197e+03     2.4407     -0.127     -0.183    25.1368 0.0000e+00
     -0.136     -0.017     4.7057     57.136     32.359  32.461361     2.8366      6.966   234.3931 1.1892e+03     2.4727     -0.130     -0.189    25.1369 0.0000e+00
     -0.148     -0.013     4.6879     57.371     32.381  32.484335     2.8422      6.963   234.1009 1.2218e+03     2.4376     -0.147     -0.213    25.1392 0.0000e+00
     -0.157     -0.010     4.6886     57.620     32.395  32.499205     2.8718      6.963   240.2085 1.4393e+03     2.3921     -0.158     -0.229    25.1448 0.0000e+00
     -0.156     -0.009     4.6918     57.854     32.410  32.514285     2.9287      6.963   247.2379 1.5755e+03     2.4006     -0.157     -0.228    25.1504 0.0000e+00
     -0.147     -0.011     4.7043     58.055     32.433  32.539781     2.9645      6.963   252.8417 1.3259e+03     2.4034     -0.142     -0.206    25.1532 0.0000e+00
     -0.143     -0.015     4.7270     58.188     32.440  32.553736     2.9716      6.963   257.9750 9.3276e+02     2.4255     -0.136     -0.197    25.1538 0.0000e+00
     -0.149     -0.021     4.7479     58.298     32.432  32.556137     2.8891      6.965   250.0231 5.4751e+02     2.4291     -0.145     -0.210    25.1542 0.0000e+00
     -0.162     -0.028     4.7664     58.458     32.437  32.568831     2.7168      6.967   238.8637 6.9294e+02     2.4130     -0.157     -0.228    25.1553 0.0000e+00
     -0.177     -0.033     4.7856     58.599     32.443  32.580355     2.6190      6.967   235.9320 1.2430e+03     2.4357     -0.175     -0.254    25.1573 0.0000e+00
     -0.188     -0.034     4.7946     58.737     32.429  32.568603     2.6142      6.962   234.4509 1.3505e+03     2.4305     -0.186     -0.270    25.1674 0.0000e+00
     -0.194     -0.029     4.7959     59.006     32.412  32.553618     2.6004      6.952   233.5171 1.2595e+03     2.4186     -0.191     -0.277    25.1859 0.0000e+00
     -0.199     -0.021     4.8140     59.444     32.384  32.526050     2.5602      6.940   233.7616 1.2834e+03     2.3939     -0.194     -0.282    25.2001 0.0000e+00
     -0.204     -0.013     4.8255     60.392     32.351  32.489037     2.5445      6.932   233.9656 1.3267e+03     2.3711     -0.199     -0.289    25.2069 0.0000e+00
     -0.209     -0.006     4.8272     62.827     32.361  32.486724     2.5601      6.927   234.6936 1.4067e+03     2.4161     -0.207     -0.301    25.2102 0.0000e+00
     -0.209     -0.001     4.8535     67.731     32.394  32.498060     2.5750      6.927   246.1773 1.4829e+03     2.4254     -0.205     -0.299    25.2125 0.0000e+00
     -0.206      0.002     4.8845     75.008     32.417  32.499197     2.5907      6.931   267.2440 1.5327e+03     2.3818     -0.201     -0.292    25.2136 0.0000e+00
     -0.203      0.002     4.9280     83.107     32.433  32.500438     2.6004      6.938   277.6660 1.5534e+03     2.3667     -0.199     -0.288    25.2145 0.0000e+00
     -0.201     -0.003     5.0946     90.292     32.455  32.513043     2.5999      6.947   269.5450 1.5256e+03     2.3793     -0.197     -0.286    25.1958 0.0000e+00
     -0.200     -0.008     5.4986     95.853     32.472  32.524702     2.5512      6.952   257.5874 1.5164e+03     2.3972     -0.195     -0.282    25.1523 0.0000e+00
     -0.202     -0.011     6.1587     99.613     32.463  32.514531     2.4448      6.954   261.2862 1.5841e+03     2.3778     -0.194     -0.282    25.1168 0.0000e+00
     -0.210     -0.011     6.8938    101.510     32.465  32.516932     2.3698      6.954   272.7964 1.6488e+03     2.3503     -0.205     -0.297    25.0946 0.0000e+00
     -0.220     -0.012     7.4968    101.810     32.500  32.553736     2.3529      6.954   272.9458 1.6762e+03     2.3727     -0.219     -0.318    25.0807 0.0000e+00
     -0.223     -0.012     7.9586    100.902     32.523  32.578903     2.3903      6.954   268.1688 1.6872e+03     2.4088     -0.221     -0.321    25.0749 0.0000e+00
     -0.218     -0.012     8.2776     99.268     32.510  32.567464     2.4560      6.954   270.2753 1.6875e+03     2.4103     -0.212     -0.308    25.0727 0.0000e+00
     -0.216     -0.009     8.4203     97.548     32.485  32.542306     2.4811      6.953   273.8936 1.6840e+03     2.3571     -0.207     -0.301    25.0733 0.0000e+00
     -0.222     -0.007     8.4345     96.160     32.471  32.528484     2.4769      6.952   274.5765 1.6735e+03     2.3127     -0.216     -0.314    25.0762 0.0000e+00
     -0.230     -0.006     8.3481     95.171     32.469  32.527218     2.4879      6.952   274.7461 1.6690e+03     2.3517     -0.229     -0.332    25.0807 0.0000e+00
