Data/DataNotYetUploadedToEDI/Raw_CTD/RawDownloads/091223_fcr50_S7809003.cnv
* Sea-Bird SBE19plus  Data File:
* FileName = C:\R\Reservoirs\Data\DataNotYetUploadedToEDI\Raw_CTD\RawDownloads\091223_bvr50_S7809_0003.hex
* Software version 2.8.0.119
* Temperature SN = 7809
* Conductivity SN = 7809
* System UpLoad Time = Sep 12 2023 18:11:30
* <ApplicationData>
* <Seaterm232>
# nquan = 15
# nvalues = 889                         
# units = specified
# name 0 = depFM: Depth [fresh water, m]
# name 1 = dz/dtM: Descent Rate [m/s]
# name 2 = sbeox0Mg/L: Oxygen, SBE 43 [mg/l]
# name 3 = sbeox0PS: Oxygen, SBE 43 [% saturation]
# name 4 = specc: Specific Conductance [uS/cm]
# name 5 = c0uS/cm: Conductivity [uS/cm]
# name 6 = flECO-AFL: Fluorescence, WET Labs ECO-AFL/FL [mg/m^3]
# name 7 = ph: pH
# name 8 = orp: Oxidation Reduction Potential [mV]
# name 9 = par/sat/log: PAR/Logarithmic, Satlantic
# name 10 = turbWETntu0: Turbidity, WET Labs ECO [NTU]
# name 11 = prdM: Pressure, Strain Gauge [db]
# name 12 = prdE: Pressure, Strain Gauge [psi]
# name 13 = tv290C: Temperature [ITS-90, deg C]
# name 14 = flag:  0.000e+00
# span 0 =     -0.673,      9.416       
# span 1 =     -0.331,      0.321       
# span 2 =    -2.0022,     8.9866       
# span 3 =    -17.634,    106.876       
# span 4 =      0.496,    422.461       
# span 5 =   0.537748, 312.835198       
# span 6 =    -0.1523,    56.7091       
# span 7 =      2.084,      8.418       
# span 8 = -1240.7455,   542.8769       
# span 9 = 1.2341e-01, 2.2447e+02       
# span 10 =     1.0756,   271.0053      
# span 11 =     -0.661,      9.234      
# span 12 =     -0.958,     13.393      
# span 13 =    11.8345,    29.1905      
# span 14 = 0.0000e+00, 0.0000e+00      
# interval = seconds: 0.25
# start_time = Sep 12 2023 15:11:40 [Instrument's time stamp, header]
# bad_flag = -9.990e-29
*END*
[from data line 482]
      5.786     -0.127     3.4069     31.561     59.988  44.397277     0.5868      6.197   272.9201 1.2352e-01    16.7240      5.679      8.236    11.9978 0.0000e+00
      5.766     -0.187     3.4062     31.592     59.936  44.366880     0.5871      6.195   273.3799 1.2360e-01    16.6778      5.672      8.226    11.9970 0.0000e+00
      5.697     -0.212     3.4007     31.639     59.877  44.330042     0.5687      6.190   273.6325 1.2362e-01    16.5448      5.612      8.138    11.9972 0.0000e+00
      5.580     -0.207     3.3990     31.674     59.882  44.332747     0.5559      6.187   273.5662 1.2360e-01    16.2768      5.470      7.935    11.9977 0.0000e+00
      5.470     -0.179     3.4004     31.706     59.898  44.336104     0.5582      6.187   273.5246 1.2360e-01    15.9309      5.333      7.734    12.0003 0.0000e+00
      5.429     -0.131     3.4013     31.742     59.873  44.307141     0.5708      6.187   273.5603 1.2363e-01    15.7796      5.298      7.685    12.0090 0.0000e+00
      5.447     -0.069     3.4099     31.768     59.873  44.299943     0.5835      6.187   273.7394 1.2367e-01    15.7792      5.342      7.749    12.0176 0.0000e+00
      5.474     -0.010     3.4113     31.785     59.895  44.312543     0.5870      6.187   274.0550 1.2361e-01    15.9945      5.378      7.800    12.0162 0.0000e+00
      5.483      0.025     3.4151     31.798     59.925  44.332533     0.5800      6.187   274.3649 1.2353e-01    16.4359      5.378      7.799    12.0068 0.0000e+00
      5.485      0.025     3.4217     31.812     59.951  44.351194     0.5734      6.187   274.4747 1.2355e-01    16.6745      5.376      7.797    11.9973 0.0000e+00
      5.489     -0.007     3.4236     31.823     59.947  44.347744     0.5740      6.187   274.3503 1.2361e-01    16.6940      5.383      7.807    11.9913 0.0000e+00
      5.494     -0.060     3.4263     31.832     59.955  44.354290     0.5706      6.187   274.3234 1.2362e-01    16.5692      5.387      7.812    11.9881 0.0000e+00
      5.495     -0.122     3.4270     31.849     59.968  44.366880     0.5653      6.186   274.5789 1.2356e-01    16.2923      5.393      7.821    11.9870 0.0000e+00
      5.476     -0.174     3.4290     31.883     59.966  44.373019     0.5687      6.183   274.8587 1.2355e-01    16.1472      5.389      7.817    11.9869 0.0000e+00
      5.412     -0.202     3.4303     31.913     59.944  44.365044     0.5692      6.179   274.8681 1.2358e-01    16.1822      5.328      7.728    11.9866 0.0000e+00
      5.302     -0.202     3.4309     31.938     59.898  44.333942     0.5550      6.177   274.7784 1.2358e-01    16.1342      5.198      7.538    11.9860 0.0000e+00
      5.198     -0.181     3.4315     31.982     59.877  44.314361     0.5298      6.177   274.8059 1.2362e-01    15.9087      5.070      7.354    11.9874 0.0000e+00
      5.153     -0.138     3.4363     32.027     59.892  44.318722     0.5153      6.178   274.9429 1.2361e-01    15.7094      5.031      7.297    11.9953 0.0000e+00
      5.163     -0.079     3.4394     32.054     59.906  44.323183     0.5119      6.178   275.1442 1.2354e-01    15.6722      5.064      7.345    12.0051 0.0000e+00
      5.182     -0.021     3.4385     32.058     59.888  44.304823     0.5393      6.178   275.3471 1.2356e-01    15.8347      5.091      7.384    12.0072 0.0000e+00
      5.187      0.012     3.4467     32.038     59.870  44.287151     0.6044      6.179   275.5038 1.2359e-01    16.1026      5.085      7.376    12.0020 0.0000e+00
      5.188      0.006     3.4518     32.005     59.892  44.299950     0.6344      6.180   275.4895 1.2359e-01    16.2123      5.083      7.373    11.9956 0.0000e+00
      5.195     -0.036     3.4558     31.975     59.937  44.332614     0.6266      6.180   275.5189 1.2363e-01    16.1707      5.097      7.391    11.9910 0.0000e+00
      5.200     -0.102     3.4559     31.951     59.977  44.364697     0.6021      6.180   275.8594 1.2365e-01    16.0782      5.104      7.402    11.9871 0.0000e+00
      5.190     -0.169     3.4544     31.956     59.972  44.370480     0.5541      6.177   276.2503 1.2366e-01    15.9817      5.099      7.396    11.9831 0.0000e+00
      5.146     -0.218     3.4495     32.011     59.914  44.339064     0.5208      6.172   276.4600 1.2363e-01    15.9606      5.069      7.354    11.9800 0.0000e+00
      5.047     -0.244     3.4471     32.056     59.855  44.302255     0.5066      6.169   276.4162 1.2357e-01    15.9598      4.967      7.205    11.9781 0.0000e+00
      4.918     -0.257     3.4442     32.054     59.864  44.306314     0.4996      6.169   276.4082 1.2353e-01    15.9376      4.802      6.966    11.9795 0.0000e+00
      4.829     -0.267     3.4402     32.030     59.897  44.324662     0.5023      6.170   276.7936 1.2351e-01    15.8635      4.704      6.823    11.9884 0.0000e+00
      4.806     -0.267     3.4509     32.025     59.913  44.333662     0.5148      6.171   277.2896 1.2354e-01    15.7814      4.710      6.832    12.0018 0.0000e+00
      4.795     -0.247     3.4554     32.048     59.935  44.351644     0.5337      6.169   277.5878 1.2356e-01    15.7981      4.724      6.851    12.0088 0.0000e+00
      4.737     -0.215     3.4548     32.077     59.930  44.351652     0.5398      6.165   277.6453 1.2356e-01    15.7923      4.669      6.771    12.0043 0.0000e+00
      4.631     -0.188     3.4503     32.102     59.905  44.333764     0.5218      6.162   277.8128 1.2356e-01    15.7106      4.537      6.581    11.9965 0.0000e+00
      4.538     -0.163     3.4500     32.120     59.900  44.325795     0.5001      6.162   278.3223 1.2356e-01    15.6650      4.421      6.412    11.9938 0.0000e+00
      4.504     -0.127     3.4537     32.135     59.901  44.318780     0.5017      6.163   278.7296 1.2352e-01    15.6847      4.402      6.384    11.9967 0.0000e+00
      4.514     -0.086     3.4561     32.137     59.902  44.312414     0.5154      6.165   278.7797 1.2351e-01    15.7446      4.430      6.424    12.0018 0.0000e+00
      4.525     -0.071     3.4595     32.130     59.909  44.312300     0.5081      6.167   278.6712 1.2356e-01    15.7733      4.442      6.442    12.0028 0.0000e+00
      4.529     -0.106     3.4607     32.140     59.918  44.317397     0.4968      6.167   278.8787 1.2356e-01    15.7243      4.441      6.441    11.9973 0.0000e+00
      4.525     -0.173     3.4643     32.166     59.903  44.310562     0.5038      6.165   279.5682 1.2352e-01    15.6657      4.446      6.449    11.9898 0.0000e+00
      4.488     -0.227     3.4649     32.204     59.869  44.293147     0.5084      6.160   280.2108 1.2352e-01    15.6788      4.431      6.426    11.9841 0.0000e+00
      4.383     -0.242     3.4625     32.268     59.871  44.297291     0.5203      6.155   280.5395 1.2353e-01    15.6787      4.322      6.269    11.9788 0.0000e+00
      4.236     -0.220     3.4643     32.343     59.876  44.297177     0.5307      6.154   280.7036 1.2351e-01    15.5613      4.134      5.996    11.9761 0.0000e+00
      4.132     -0.171     3.4675     32.407     59.877  44.291765     0.5178      6.155   280.4739 1.2353e-01    15.4548      4.010      5.815    11.9816 0.0000e+00
      4.122     -0.103     3.4694     32.466     59.892  44.295329     0.5140      6.157   280.0857 1.2360e-01    15.4153      4.022      5.834    11.9910 0.0000e+00
      4.165     -0.027     3.4766     32.502     59.879  44.276784     0.5515      6.158   280.3114 1.2362e-01    15.3574      4.090      5.933    11.9928 0.0000e+00
      4.205      0.032     3.4873     32.491     59.865  44.257961     0.6126      6.159   280.8804 1.2360e-01    15.3017      4.135      5.997    11.9884 0.0000e+00
      4.221      0.048     3.4929     32.465     59.874  44.258170     0.6376      6.160   281.2011 1.2364e-01    15.2542      4.143      6.010    11.9832 0.0000e+00
      4.223      0.015     3.5003     32.437     59.906  44.279303     0.6294      6.160   280.9193 1.2363e-01    15.2268      4.140      6.005    11.9772 0.0000e+00
      4.224     -0.054     3.5080     32.420     59.964  44.323042     0.6295      6.160   280.3979 1.2358e-01    15.2102      4.144      6.009    11.9692 0.0000e+00
      4.223     -0.134     3.5035     32.428     59.983  44.342664     0.6225      6.160   280.5756 1.2359e-01    15.2241      4.146      6.012    11.9605 0.0000e+00
      4.204     -0.199     3.5020     32.458     59.946  44.326137     0.6027      6.157   281.1750 1.2361e-01    15.3256      4.139      6.002    11.9560 0.0000e+00
      4.139     -0.233     3.4989     32.520     59.914  44.313659     0.5895      6.152   281.5365 1.2363e-01    15.3451      4.087      5.928    11.9540 0.0000e+00
      4.017     -0.239     3.4952     32.598     59.913  44.318769     0.5884      6.150   281.0744 1.2364e-01    15.2550      3.943      5.718    11.9529 0.0000e+00
      3.892     -0.219     3.4976     32.659     59.920  44.324436     0.6056      6.150   279.9755 1.2363e-01    15.1588      3.784      5.488    11.9574 0.0000e+00
      3.834     -0.176     3.4980     32.684     59.916  44.318698     0.6312      6.149   279.3495 1.2365e-01    15.0696      3.733      5.415    11.9688 0.0000e+00
      3.838     -0.115     3.5052     32.668     59.912  44.312869     0.6481      6.148   279.2695 1.2365e-01    15.0637      3.766      5.463    11.9798 0.0000e+00
      3.848     -0.057     3.5146     32.602     59.922  44.317447     0.6596      6.148   279.1807 1.2361e-01    15.0887      3.781      5.484    11.9852 0.0000e+00
      3.847     -0.035     3.5217     32.508     59.912  44.310565     0.6621      6.149   278.7061 1.2366e-01    15.0640      3.769      5.467    11.9845 0.0000e+00
      3.846     -0.069     3.5247     32.418     59.886  44.293139     0.6453      6.151   277.7476 1.2375e-01    15.0031      3.773      5.472    11.9811 0.0000e+00
      3.845     -0.139     3.5241     32.333     59.886  44.297188     0.6228      6.151   275.9374 1.2407e-01    15.0022      3.775      5.475    11.9784 0.0000e+00
      3.825     -0.204     3.5164     32.268     59.873  44.296052     0.6313      6.147   273.3387 1.2836e-01    15.0536      3.765      5.462    11.9761 0.0000e+00
      3.760     -0.241     3.5035     32.238     59.835  44.279420     0.7407      6.142   271.4495 1.7655e-01    14.8727      3.715      5.388    11.9758 0.0000e+00
      3.638     -0.251     3.4954     32.210     59.826  44.286538     0.9212      6.140   270.5619 2.9344e-01    14.4552      3.572      5.181    11.9772 0.0000e+00
      3.512     -0.234     3.4852     32.180     59.846  44.318646     1.0165      6.140   269.7484 3.8793e-01    14.1724      3.414      4.951    11.9798 0.0000e+00
      3.446     -0.191     3.4750     32.160     59.861  44.350270     1.0270      6.141   268.8396 3.9804e-01    14.1180      3.356      4.866    11.9888 0.0000e+00
      3.438     -0.129     3.4747     32.109     59.836  44.351528     1.0892      6.142   267.9196 3.8198e-01    14.1386      3.372      4.891    11.9987 0.0000e+00
      3.443     -0.067     3.4704     31.957     59.786  44.333875     1.2026      6.142   267.5735 3.6924e-01    14.1477      3.380      4.902    12.0080 0.0000e+00
      3.444     -0.036     3.4639     31.668     59.757  44.327288     1.2660      6.142   267.1502 3.5594e-01    14.1260      3.374      4.895    12.0242 0.0000e+00
      3.446     -0.059     3.4634     31.291     59.759  44.335388     1.2819      6.142   265.2967 3.5279e-01    14.0811      3.380      4.903    12.0414 0.0000e+00
      3.446     -0.128     3.4587     30.842     59.803  44.368339     1.3788      6.142   262.6287 3.5782e-01    13.9809      3.381      4.904    12.0573 0.0000e+00
      3.432     -0.205     3.4448     30.328     59.853  44.408312     1.5623      6.140   259.6712 4.0898e-01    13.8714      3.376      4.897    12.0754 0.0000e+00
      3.382     -0.257     3.4074     29.801     59.872  44.437830     1.6616      6.136   256.8119 6.0142e-01    13.8497      3.345      4.851    12.0896 0.0000e+00
      3.267     -0.272     3.3668     29.311     59.877  44.471342     1.6722      6.134   254.5570 9.9197e-01    13.8888      3.223      4.675    12.0946 0.0000e+00
      3.116     -0.256     3.3201     28.963     59.854  44.496141     1.7493      6.134   252.2824 1.3883e+00    13.8667      3.034      4.400    12.0927 0.0000e+00
      3.012     -0.214     3.2603     28.802     59.774  44.483802     2.6191      6.134   249.7876 1.4711e+00    13.7194      2.913      4.226    12.0900 0.0000e+00
      2.995     -0.153     3.2043     28.751     59.679  44.449169     4.2316      6.134   247.3642 1.3114e+00    13.5427      2.925      4.243    12.1027 0.0000e+00
      3.019     -0.099     3.1425     28.715     59.676  44.458307     5.1240      6.133   245.0074 1.1942e+00    13.4386      2.972      4.309    12.1299 0.0000e+00
      3.032     -0.089     3.1005     28.626     59.767  44.530823     5.2273      6.133   243.1462 1.1673e+00    13.3830      2.978      4.319    12.1653 0.0000e+00
      3.032     -0.131     3.0851     28.468     59.841  44.627687     5.4555      6.131   242.0684 1.1850e+00    13.2111      2.973      4.312    12.2098 0.0000e+00
      3.014     -0.191     3.0804     28.266     59.844  44.740813     5.8532      6.126   241.3547 1.3257e+00    12.9662      2.974      4.314    12.2465 0.0000e+00
      2.944     -0.225     3.0790     28.060     59.719  44.819607     6.0824      6.121   240.5388 1.7608e+00    12.9157      2.919      4.235    12.2522 0.0000e+00
      2.813     -0.222     3.0706     27.854     59.455  44.818815     6.1870      6.119   239.0003 2.3610e+00    12.9759      2.758      3.999    12.2383 0.0000e+00
      2.689     -0.192     3.0514     27.605     59.209  44.794938     6.9431      6.121   237.1213 2.6205e+00    12.8745      2.597      3.768    12.2609 0.0000e+00
      2.646     -0.140     3.0205     27.240     58.997  44.721537     8.3169      6.123   236.1471 2.4124e+00    12.6119      2.568      3.725    12.3619 0.0000e+00
      2.671     -0.074     2.9883     26.664     58.864  44.629700     9.0640      6.125   235.8247 2.1427e+00    12.4309      2.621      3.802    12.5102 0.0000e+00
      2.701     -0.011     2.9557     25.854     58.962  44.636740     9.1927      6.125   235.3742 2.0431e+00    12.4277      2.658      3.856    12.7016 0.0000e+00
      2.713      0.017     2.9213     24.898     59.139  44.679621     9.9557      6.125   233.8838 2.0092e+00    12.5399      2.661      3.861    12.8531 0.0000e+00
      2.714     -0.010     2.8838     23.932     59.241  44.703714    11.3400      6.124   231.6572 1.9695e+00    12.6945      2.661      3.860    12.9153 0.0000e+00
      2.714     -0.083     2.8231     23.137     59.281  44.737549    12.0891      6.124   230.6506 1.9375e+00    12.7257      2.661      3.860    12.9371 0.0000e+00
      2.710     -0.171     2.7375     22.673     59.259  44.771331    12.1294      6.122   230.5751 1.9494e+00    12.6089      2.662      3.861    12.8565 0.0000e+00
      2.682     -0.243     2.6386     22.554     59.194  44.794832    11.9858      6.118   230.1422 2.1812e+00    12.1705      2.654      3.849    12.7550 0.0000e+00
      2.595     -0.283     2.5312     22.689     59.113  44.831344    11.7420      6.115   229.4598 2.8091e+00    11.4556      2.573      3.731    12.7128 0.0000e+00
      2.450     -0.292     2.4391     22.978     58.963  44.895496    11.6125      6.115   228.8635 3.6666e+00    11.1046      2.400      3.481    12.7134 0.0000e+00
      2.313     -0.269     2.3872     23.348     58.639  44.935886    11.6024      6.117   228.6113 4.2001e+00    11.0700      2.236      3.244    12.7690 0.0000e+00
      2.246     -0.217     2.3759     23.723     58.261  44.939159    11.6780      6.119   228.7337 4.1510e+00    10.9684      2.179      3.161    12.8331 0.0000e+00
      2.237     -0.144     2.3906     23.966     58.021  44.935414    12.6013      6.120   228.9669 3.9365e+00    10.6282      2.195      3.183    12.8930 0.0000e+00
