Data/DataNotYetUploadedToEDI/Raw_CTD/RawDownloads/091223_bvr50_S7809001.cnv
* Sea-Bird SBE19plus  Data File:
* FileName = C:\R\Reservoirs\Data\DataNotYetUploadedToEDI\Raw_CTD\RawDownloads\091223_bvr50_S7809_0001.hex
* Software version 2.8.0.119
* Temperature SN = 7809
* Conductivity SN = 7809
* System UpLoad Time = Sep 12 2023 18:11:01
* <ApplicationData>
* <Seaterm232>
# nquan = 15
# nvalues = 1241                        
# units = specified
# name 0 = depFM: Depth [fresh water, m]
# name 1 = dz/dtM: Descent Rate [m/s]
# name 2 = sbeox0Mg/L: Oxygen, SBE 43 [mg/l]
# name 3 = sbeox0PS: Oxygen, SBE 43 [% saturation]
# name 4 = specc: Specific Conductance [uS/cm]
# name 5 = c0uS/cm: Conductivity [uS/cm]
# name 6 = flECO-AFL: Fluorescence, WET Labs ECO-AFL/FL [mg/m^3]
# name 7 = ph: pH
# name 8 = orp: Oxidation Reduction Potential [mV]
# name 9 = par/sat/log: PAR/Logarithmic, Satlantic
# name 10 = turbWETntu0: Turbidity, WET Labs ECO [NTU]
# name 11 = prdM: Pressure, Strain Gauge [db]
# name 12 = prdE: Pressure, Strain Gauge [psi]
# name 13 = tv290C: Temperature [ITS-90, deg C]
# name 14 = flag:  0.000e+00
# span 0 =     -0.734,      9.027       
# span 1 =     -0.359,      0.373       
# span 2 =     0.0946,     8.4345       
# span 3 =      0.900,    102.123       
# span 4 =      0.364,    189.784       
# span 5 =   0.369390, 132.173434       
# span 6 =    -0.0920,   227.4932       
# span 7 =     -2.056,      8.298       
# span 8 = -1240.7455,   911.8198       
# span 9 = 1.2354e-01, 1.9768e+03       
# span 10 =    -7.5273,     5.8837      
# span 11 =     -0.720,      8.853      
# span 12 =     -1.044,     12.840      
# span 13 =     9.7945,    25.6820      
# span 14 = 0.0000e+00, 0.0000e+00      
# interval = seconds: 0.25
# start_time = Sep 12 2023 11:18:01 [Instrument's time stamp, header]
# bad_flag = -9.990e-29
*END*
[from data line 868]
      7.472     -0.087     0.1068      0.980    152.682 109.214753     2.7220      6.449   -73.3181 1.2362e-01     3.1783      7.322     10.621    10.7717 0.0000e+00
      7.487     -0.129     0.1084      0.982    152.665 109.199341     2.7295      6.451   -73.6192 1.2364e-01     3.2169      7.349     10.659    10.7698 0.0000e+00
      7.483     -0.200     0.1109      0.979    152.591 109.168711     2.7275      6.452   -73.7791 1.2371e-01     3.2241      7.354     10.668    10.7745 0.0000e+00
      7.431     -0.260     0.1120      0.959    152.353 109.035482     2.7307      6.452   -73.9602 1.2374e-01     3.2315      7.313     10.607    10.7717 0.0000e+00
      7.312     -0.288     0.1065      0.962    152.152 108.925859     2.7687      6.452   -74.2600 1.2372e-01     3.3397      7.191     10.430    10.7599 0.0000e+00
      7.156     -0.279     0.1093      0.987    152.037 108.862209     2.8288      6.453   -74.4789 1.2368e-01     3.4733      7.001     10.155    10.7585 0.0000e+00
      7.038     -0.236     0.1103      1.002    151.908 108.775366     2.8580      6.454   -74.4547 1.2365e-01     3.5158      6.864      9.954    10.7670 0.0000e+00
      7.004     -0.167     0.1044      1.020    151.896 108.767401     2.8554      6.455   -74.4842 1.2367e-01     3.4774      6.850      9.935    10.7816 0.0000e+00
      7.024     -0.088     0.1053      1.047    152.075 108.893271     2.8391      6.456   -74.6637 1.2373e-01     3.3839      6.892      9.996    10.7947 0.0000e+00
      7.047     -0.023     0.1104      1.042    152.273 109.023615     2.8269      6.458   -74.6467 1.2378e-01     3.3419      6.918     10.034    10.8003 0.0000e+00
      7.052      0.011     0.1112      1.031    152.544 109.197088     2.8412      6.459   -74.5359 1.2378e-01     3.3799      6.920     10.037    10.8008 0.0000e+00
      7.047      0.016     0.1109      1.048    152.952 109.462302     2.8541      6.458   -74.4424 1.2373e-01     3.4339      6.911     10.023    10.8005 0.0000e+00
      7.040      0.011     0.1191      1.063    153.131 109.555579     2.8745      6.458   -74.3776 1.2373e-01     3.4820      6.901     10.009    10.8011 0.0000e+00
      7.039      0.000     0.1156      1.054    153.016 109.433309     2.9381      6.458   -74.5263 1.2379e-01     3.5170      6.899     10.006    10.7979 0.0000e+00
      7.047     -0.027     0.1115      1.031    152.803 109.257565     2.9819      6.459   -74.8630 1.2378e-01     3.5503      6.909     10.021    10.7895 0.0000e+00
      7.059     -0.084     0.1173      1.016    152.452 109.022734     2.9711      6.459   -75.2656 1.2375e-01     3.5778      6.925     10.044    10.7813 0.0000e+00
      7.062     -0.160     0.1182      0.996    151.907 108.695539     2.9162      6.459   -75.5230 1.2372e-01     3.5411      6.936     10.060    10.7710 0.0000e+00
      7.032     -0.227     0.1182      0.973    151.300 108.358264     2.8341      6.460   -75.6517 1.2391e-01     3.4487      6.919     10.035    10.7545 0.0000e+00
      6.942     -0.264     0.1131      0.975    150.837 108.128904     2.7862      6.461   -75.7036 1.2592e-01     3.4167      6.835      9.912    10.7430 0.0000e+00
      6.798     -0.263     0.1129      0.970    150.664 108.087595     2.7779      6.463   -75.6334 1.4382e-01     3.4271      6.663      9.664    10.7489 0.0000e+00
      6.668     -0.228     0.1119      0.951    150.721 108.177282     2.8088      6.465   -75.5776 1.6160e-01     3.4045      6.503      9.432    10.7694 0.0000e+00
      6.614     -0.164     0.1048      0.960    150.834 108.258166     2.8679      6.467   -75.5455 1.5139e-01     3.4162      6.462      9.372    10.8062 0.0000e+00
      6.626     -0.084     0.1088      0.980    150.944 108.301399     2.9017      6.468   -75.4168 1.3638e-01     3.5007      6.495      9.420    10.8433 0.0000e+00
      6.656     -0.013     0.1089      0.990    151.020 108.317885     2.9096      6.469   -75.1400 1.2888e-01     3.5724      6.533      9.476    10.8705 0.0000e+00
      6.676      0.022     0.1028      1.015    151.074 108.330105     2.9054      6.469   -75.0384 1.2414e-01     3.5316      6.551      9.503    10.8913 0.0000e+00
      6.686      0.007     0.1059      1.048    151.081 108.321762     2.9010      6.470   -75.4779 1.2375e-01     3.4173      6.557      9.511    10.8884 0.0000e+00
      6.690     -0.055     0.1095      1.048    150.932 108.217001     2.9062      6.470   -76.1532 1.2379e-01     3.3172      6.565      9.521    10.8712 0.0000e+00
      6.685     -0.149     0.1084      1.028    150.430 107.891293     2.9103      6.470   -76.6637 1.2451e-01     3.2088      6.562      9.516    10.8576 0.0000e+00
      6.661     -0.249     0.1111      1.006    149.337 107.185553     2.9087      6.471   -77.0052 1.3196e-01     3.1659      6.546      9.494    10.8495 0.0000e+00
      6.596     -0.324     0.1183      0.983    147.956 106.306426     2.8947      6.471   -77.1839 2.0238e-01     3.3104      6.494      9.418    10.8450 0.0000e+00
      6.468     -0.353     0.1167      0.963    147.164 105.858090     2.8827      6.471   -77.1898 3.9661e-01     3.4882      6.364      9.229    10.8434 0.0000e+00
      6.296     -0.333     0.1132      0.945    146.825 105.712680     2.8878      6.471   -77.0762 6.5522e-01     3.5392      6.166      8.943    10.8524 0.0000e+00
      6.150     -0.275     0.1119      0.948    146.448 105.503446     2.8988      6.473   -76.9292 7.9860e-01     3.5510      5.992      8.691    10.8805 0.0000e+00
      6.094     -0.190     0.1076      0.970    146.471 105.556817     2.9241      6.475   -76.7897 7.3483e-01     3.5629      5.944      8.622    10.9212 0.0000e+00
      6.115     -0.094     0.1073      1.007    146.676 105.721326     2.9522      6.476   -76.6796 6.0092e-01     3.5118      5.995      8.695    10.9663 0.0000e+00
      6.153     -0.014     0.1022      1.036    146.569 105.646067     2.9647      6.477   -76.7161 5.3163e-01     3.4455      6.044      8.766    11.0028 0.0000e+00
      6.170      0.017     0.1044      1.030    146.411 105.538276     2.9750      6.478   -77.0592 5.0731e-01     3.4455      6.056      8.784    11.0205 0.0000e+00
      6.174     -0.018     0.1058      1.013    146.334 105.500456     2.9849      6.480   -77.6442 4.8258e-01     3.4428      6.052      8.778    11.0331 0.0000e+00
      6.176     -0.101     0.1105      0.987    145.873 105.188818     3.0011      6.482   -78.1115 4.6940e-01     3.4124      6.058      8.787    11.0389 0.0000e+00
      6.169     -0.194     0.1174      0.970    144.881 104.508095     3.0219      6.482   -78.2354 5.0287e-01     3.4201      6.063      8.793    11.0362 0.0000e+00
      6.121     -0.261     0.1120      0.961    143.845 103.827825     3.0361      6.481   -78.1963 6.4861e-01     3.4674      6.028      8.744    11.0368 0.0000e+00
      6.011     -0.286     0.1132      0.948    142.600 103.012199     3.0402      6.482   -78.2405 9.8867e-01     3.5744      5.915      8.579    11.0458 0.0000e+00
      5.859     -0.269     0.1076      0.948    141.480 102.286107     3.0376      6.483   -78.3394 1.4072e+00     3.7228      5.734      8.316    11.0515 0.0000e+00
      5.737     -0.218     0.1061      0.963    141.575 102.433612     3.0371      6.485   -78.4451 1.5862e+00     3.7932      5.591      8.108    11.0578 0.0000e+00
      5.696     -0.147     0.1071      0.986    142.228 102.949624     3.0349      6.489   -78.6576 1.4351e+00     3.7768      5.562      8.066    11.0860 0.0000e+00
      5.721     -0.079     0.1025      0.997    142.020 102.795669     3.0355      6.491   -78.9311 1.1983e+00     3.6949      5.606      8.131    11.1186 0.0000e+00
      5.763     -0.048     0.1042      0.973    141.238 102.227336     3.0530      6.492   -79.0841 1.0559e+00     3.5546      5.658      8.206    11.1442 0.0000e+00
      5.788     -0.072     0.1049      0.932    140.697 101.871180     3.0724      6.494   -79.0452 1.0221e+00     3.4468      5.688      8.249    11.1782 0.0000e+00
      5.779     -0.133     0.1087      0.909    140.167 101.545203     3.0786      6.495   -78.8042 1.1106e+00     3.4156      5.683      8.242    11.1984 0.0000e+00
      5.725     -0.193     0.1110      0.915    139.535 101.150686     3.1119      6.494   -78.5801 1.3616e+00     3.5197      5.631      8.168    11.1867 0.0000e+00
      5.625     -0.225     0.1080      0.925    138.695 100.602381     3.1748      6.494   -78.6583 1.7892e+00     3.6807      5.526      8.015    11.1796 0.0000e+00
      5.510     -0.230     0.1010      0.913    137.620  99.880876     3.2065      6.495   -78.8028 2.2029e+00     3.7231      5.390      7.815    11.1981 0.0000e+00
      5.429     -0.222     0.0983      0.900    136.565  99.174481     3.1951      6.496   -78.8650 2.3048e+00     3.6907      5.297      7.683    11.2198 0.0000e+00
      5.408     -0.224     0.1000      0.929    135.699  98.617639     3.1531      6.497   -78.8949 2.1704e+00     3.6646      5.295      7.679    11.2431 0.0000e+00
      5.413     -0.248     0.1024      0.964    135.060  98.240252     3.0989      6.498   -78.7334 2.1319e+00     3.6456      5.319      7.715    11.2658 0.0000e+00
      5.391     -0.290     0.1014      0.977    133.796  97.412197     3.0719      6.498   -78.4614 2.4556e+00     3.6328      5.308      7.699    11.2853 0.0000e+00
      5.310     -0.335     0.0946      0.978    131.948  96.179614     3.0686      6.498   -78.2737 3.2797e+00     3.6458      5.232      7.587    11.3063 0.0000e+00
      5.168     -0.359     0.1022      0.971    130.022  94.920531     3.0674      6.498   -78.3566 4.4034e+00     3.6659      5.082      7.372    11.3306 0.0000e+00
      4.997     -0.347     0.1067      0.975    128.493  93.962094     3.1152      6.500   -78.6032 5.3540e+00     3.7404      4.885      7.087    11.3687 0.0000e+00
      4.867     -0.294     0.1064      0.987    128.267  93.945962     3.2144      6.504   -78.6743 5.7328e+00     3.8967      4.736      6.869    11.3974 0.0000e+00
      4.817     -0.210     0.1080      0.993    128.506  94.216700     3.2677      6.507   -78.6143 5.6044e+00     3.9508      4.706      6.825    11.4367 0.0000e+00
      4.821     -0.116     0.1046      1.004    128.166  93.990340     3.2681      6.509   -78.6518 5.3525e+00     3.9163      4.727      6.856    11.5001 0.0000e+00
      4.836     -0.038     0.1056      1.019    127.840  93.754453     3.2858      6.511   -78.7834 5.1520e+00     3.9577      4.746      6.883    11.5596 0.0000e+00
      4.844      0.001     0.1081      1.018    127.766  93.719090     3.3234      6.512   -78.8285 4.9954e+00     4.0413      4.753      6.895    11.6253 0.0000e+00
      4.844     -0.012     0.1076      1.006    127.265  93.371882     3.3484      6.515   -78.6817 4.8389e+00     4.1074      4.747      6.886    11.6704 0.0000e+00
      4.847     -0.068     0.1081      0.997    126.703  92.992590     3.3638      6.517   -78.2982 4.6784e+00     4.1758      4.751      6.891    11.6655 0.0000e+00
      4.850     -0.149     0.1121      0.995    126.659  93.014749     3.3428      6.517   -77.8057 4.6532e+00     4.2533      4.762      6.907    11.6602 0.0000e+00
      4.831     -0.230     0.1107      1.010    126.313  92.812667     3.2702      6.517   -77.5451 5.0453e+00     4.2931      4.757      6.900    11.6763 0.0000e+00
      4.758     -0.285     0.1090      1.036    124.197  91.312853     3.2260      6.517   -77.7281 6.1378e+00     4.2466      4.692      6.804    11.6790 0.0000e+00
      4.626     -0.304     0.1080      1.049    120.192  88.496463     3.2330      6.518   -78.2118 7.8907e+00     4.2032      4.545      6.591    11.6892 0.0000e+00
      4.476     -0.285     0.1072      1.038    116.992  86.435028     3.2797      6.521   -78.4889 9.5626e+00     4.2814      4.371      6.339    11.7177 0.0000e+00
      4.374     -0.230     0.1087      1.026    116.304  86.300738     3.3578      6.523   -78.3259 1.0148e+01     4.3721      4.258      6.176    11.7373 0.0000e+00
      4.345     -0.150     0.1129      1.019    116.314  86.555388     3.4029      6.523   -78.1344 9.7505e+00     4.3781      4.248      6.161    11.7522 0.0000e+00
      4.360     -0.065     0.1150      1.007    116.059  86.460981     3.4259      6.524   -78.4101 9.2488e+00     4.4216      4.276      6.201    11.7805 0.0000e+00
      4.382     -0.001     0.1119      1.006    116.239  86.622406     3.4774      6.526   -79.1640 8.8928e+00     4.5229      4.297      6.234    11.9178 0.0000e+00
      4.399      0.022     0.1096      1.014    116.387  86.726107     3.5350      6.527   -79.5922 8.6311e+00     4.5447      4.318      6.264    12.1305 0.0000e+00
      4.408      0.001     0.1099      0.994    116.023  86.442607     3.5570      6.532   -79.0269 8.5248e+00     4.4802      4.326      6.274    12.2316 0.0000e+00
      4.410     -0.051     0.1077      0.985    115.736  86.247938     3.5508      6.537   -77.8357 8.4995e+00     4.3916      4.325      6.272    12.2500 0.0000e+00
      4.405     -0.112     0.1057      1.017    115.801  86.344341     3.5273      6.541   -76.4607 8.6635e+00     4.2929      4.326      6.274    12.2646 0.0000e+00
      4.381     -0.164     0.1120      1.043    114.441  85.381896     3.4978      6.544   -75.2226 9.5037e+00     4.2091      4.312      6.255    12.2562 0.0000e+00
      4.318     -0.199     0.1059      1.058    111.501  83.324641     3.4929      6.546   -74.4797 1.1301e+01     4.1978      4.249      6.164    12.2429 0.0000e+00
      4.223     -0.228     0.1018      1.059    110.089  82.587000     3.5096      6.548   -73.9318 1.3419e+01     4.2254      4.136      5.999    12.2509 0.0000e+00
      4.138     -0.263     0.1110      1.038    110.118  82.951580     3.6171      6.553   -73.3304 1.4611e+01     4.2011      4.037      5.854    12.2825 0.0000e+00
      4.093     -0.298     0.1114      1.039    109.376  82.581660     3.8012      6.557   -72.7144 1.5024e+01     4.1430      4.007      5.812    12.2951 0.0000e+00
      4.060     -0.313     0.1132      1.055    107.058  80.976482     3.8888      6.558   -72.0763 1.6492e+01     4.1037      3.999      5.801    12.3160 0.0000e+00
      3.985     -0.298     0.1153      1.030    102.884  78.106680     3.8856      6.559   -71.7245 2.0197e+01     4.1015      3.932      5.704    12.4974 0.0000e+00
      3.856     -0.265     0.1083      0.988     98.329  75.162359     3.8952      6.561   -71.6441 2.5211e+01     4.1164      3.786      5.491    12.7091 0.0000e+00
      3.726     -0.223     0.1081      0.966     95.521  73.671188     4.1058      6.564   -71.6207 2.8507e+01     4.1471      3.623      5.255    12.7521 0.0000e+00
      3.662     -0.169     0.1153      0.960     94.220  73.238113     4.5088      6.567   -71.5277 2.8280e+01     4.2001      3.561      5.165    12.7892 0.0000e+00
      3.671     -0.112     0.1090      0.969     93.790  73.295936     4.7397      6.570   -71.4661 2.6492e+01     4.2447      3.598      5.218    12.9152 0.0000e+00
      3.701     -0.072     0.1018      0.972     94.230  73.862112     4.7497      6.573   -71.7356 2.5428e+01     4.2425      3.638      5.276    13.1844 0.0000e+00
      3.715     -0.069     0.1011      0.991     94.625  74.235515     4.6622      6.576   -71.6032 2.5327e+01     4.1395      3.651      5.295    13.5917 0.0000e+00
      3.705     -0.101     0.0973      1.043     94.426  74.060215     4.5312      6.576   -70.7255 2.6240e+01     3.9897      3.644      5.286    13.9008 0.0000e+00
      3.665     -0.151     0.1006      1.067     93.813  73.586080     4.4729      6.576   -69.8140 2.8626e+01     3.9338      3.607      5.232    14.0971 0.0000e+00
      3.594     -0.205     0.0998      1.075     93.380  73.334160     4.4897      6.578   -69.0136 3.1904e+01     3.9766      3.528      5.117    14.2240 0.0000e+00
