Data/DataNotYetUploadedToEDI/Raw_CTD/RawDownloads/091223_bvr50_S7809001.cnv
* Sea-Bird SBE19plus  Data File:
* FileName = C:\R\Reservoirs\Data\DataNotYetUploadedToEDI\Raw_CTD\RawDownloads\091223_bvr50_S7809_0001.hex
* Software version 2.8.0.119
* Temperature SN = 7809
* Conductivity SN = 7809
* System UpLoad Time = Sep 12 2023 18:11:01
* <ApplicationData>
* <Seaterm232>
# nquan = 15
# nvalues = 1241                        
# units = specified
# name 0 = depFM: Depth [fresh water, m]
# name 1 = dz/dtM: Descent Rate [m/s]
# name 2 = sbeox0Mg/L: Oxygen, SBE 43 [mg/l]
# name 3 = sbeox0PS: Oxygen, SBE 43 [% saturation]
# name 4 = specc: Specific Conductance [uS/cm]
# name 5 = c0uS/cm: Conductivity [uS/cm]
# name 6 = flECO-AFL: Fluorescence, WET Labs ECO-AFL/FL [mg/m^3]
# name 7 = ph: pH
# name 8 = orp: Oxidation Reduction Potential [mV]
# name 9 = par/sat/log: PAR/Logarithmic, Satlantic
# name 10 = turbWETntu0: Turbidity, WET Labs ECO [NTU]
# name 11 = prdM: Pressure, Strain Gauge [db]
# name 12 = prdE: Pressure, Strain Gauge [psi]
# name 13 = tv290C: Temperature [ITS-90, deg C]
# name 14 = flag:  0.000e+00
# span 0 =     -0.734,      9.027       
# span 1 =     -0.359,      0.373       
# span 2 =     0.0946,     8.4345       
# span 3 =      0.900,    102.123       
# span 4 =      0.364,    189.784       
# span 5 =   0.369390, 132.173434       
# span 6 =    -0.0920,   227.4932       
# span 7 =     -2.056,      8.298       
# span 8 = -1240.7455,   911.8198       
# span 9 = 1.2354e-01, 1.9768e+03       
# span 10 =    -7.5273,     5.8837      
# span 11 =     -0.720,      8.853      
# span 12 =     -1.044,     12.840      
# span 13 =     9.7945,    25.6820      
# span 14 = 0.0000e+00, 0.0000e+00      
# interval = seconds: 0.25
# start_time = Sep 12 2023 11:18:01 [Instrument's time stamp, header]
# bad_flag = -9.990e-29
*END*
[from data line 1061]
      0.223      0.005     6.9369     79.583     32.975  32.513462     4.8948      6.766    54.8877 6.7152e+01     2.6192      0.219      0.317    24.1718 0.0000e+00
      0.228      0.003     6.9112     79.188     32.876  32.444882     4.9136      6.761    55.1437 6.6703e+01     2.6828      0.224      0.325    24.1701 0.0000e+00
      0.230      0.002     6.8281     79.194     32.804  32.389381     4.9116      6.762    55.8080 6.6494e+01     2.6421      0.228      0.331    24.1790 0.0000e+00
      0.229      0.001     6.7220     79.636     32.754  32.349932     4.8619      6.765    56.6388 6.6384e+01     2.5370      0.226      0.327    24.2344 0.0000e+00
      0.224     -0.002     6.6505     80.452     32.740  32.348548     4.7786      6.767    57.2734 6.6549e+01     2.4021      0.218      0.317    24.3024 0.0000e+00
      0.223     -0.004     6.6111     81.492     32.753  32.372660     4.7366      6.769    57.8888 6.6699e+01     2.3426      0.217      0.315    24.3476 0.0000e+00
      0.225     -0.004     6.6065     82.572     32.760  32.387736     4.7534      6.771    58.7443 6.6931e+01     2.3990      0.222      0.320    24.3642 0.0000e+00
      0.226     -0.002     6.6451     83.583     32.771  32.403969     4.8238      6.767    59.7022 6.7356e+01     2.4007      0.224      0.324    24.3754 0.0000e+00
      0.223      0.001     6.7143     84.474     32.810  32.442064     4.9213      6.750    60.2637 6.7875e+01     2.3296      0.220      0.318    24.3972 0.0000e+00
      0.220      0.000     6.8056     85.152     32.847  32.467711     4.9668      6.725    60.3708 6.8414e+01     2.3251      0.213      0.308    24.4174 0.0000e+00
      0.221     -0.005     6.8981     85.572     32.852  32.460296     4.9749      6.711    60.5681 6.7661e+01     2.3802      0.214      0.312    24.4255 0.0000e+00
      0.227     -0.007     6.9804     85.760     32.876  32.479265     4.9691      6.714    61.1011 6.6864e+01     2.4148      0.225      0.327    24.4352 0.0000e+00
      0.228     -0.005     7.0585     85.722     32.967  32.570177     4.9387      6.726    61.9107 6.6697e+01     2.4022      0.228      0.331    24.4435 0.0000e+00
      0.218     -0.001     7.1196     85.468     33.077  32.671357     4.9151      6.739    62.7847 6.7412e+01     2.3638      0.216      0.311    24.4197 0.0000e+00
      0.208      0.003     7.1565     85.075     33.113  32.687595     4.9176      6.749    63.5807 6.8872e+01     2.3952      0.200      0.288    24.3888 0.0000e+00
      0.209      0.008     7.1728     84.613     33.086  32.639601     4.9346      6.759    64.3087 6.9212e+01     2.4402      0.201      0.290    24.3881 0.0000e+00
      0.219      0.015     7.1690     84.050     33.052  32.598546     4.9543      6.768    64.8755 6.9246e+01     2.3948      0.216      0.313    24.3972 0.0000e+00
      0.231      0.022     7.1458     83.347     33.014  32.571830     4.9652      6.775    65.4430 6.9108e+01     2.3590      0.228      0.331    24.3903 0.0000e+00
      0.238      0.026     7.1145     82.622     32.993  32.570354     4.9573      6.779    66.1803 6.8581e+01     2.3833      0.233      0.337    24.3529 0.0000e+00
      0.243      0.024     7.0830     82.069     32.993  32.580724     4.9260      6.778    66.9931 6.7737e+01     2.4837      0.236      0.344    24.3118 0.0000e+00
      0.248      0.019     7.0413     81.811     32.983  32.570352     4.8862      6.768    67.5269 6.6539e+01     2.5819      0.243      0.353    24.2983 0.0000e+00
      0.253      0.009     6.9748     81.861     32.986  32.571817     4.8676      6.755    67.4714 6.6283e+01     2.5469      0.248      0.360    24.3181 0.0000e+00
      0.257     -0.005     6.9016     82.092     33.016  32.598438     4.8591      6.752    67.3549 6.6875e+01     2.5043      0.252      0.366    24.3605 0.0000e+00
      0.259     -0.020     6.8503     82.359     33.066  32.638475     4.8166      6.759    67.5819 6.9050e+01     2.5104      0.256      0.372    24.3796 0.0000e+00
      0.254     -0.030     6.8285     82.616     33.121  32.675254     4.7449      6.768    67.8932 7.3990e+01     2.4849      0.254      0.370    24.3663 0.0000e+00
      0.238     -0.031     6.8383     82.813     33.128  32.662463     4.6984      6.777    68.5366 7.9904e+01     2.4347      0.237      0.345    24.3639 0.0000e+00
      0.214     -0.024     6.8628     82.857     33.087  32.610666     4.6794      6.785    69.6824 8.7768e+01     2.3813      0.206      0.300    24.3678 0.0000e+00
      0.199     -0.011     6.8866     82.682     33.022  32.556474     4.6577      6.792    70.9069 9.8634e+01     2.3858      0.188      0.272    24.3515 0.0000e+00
      0.201      0.005     6.9132     82.325     32.947  32.514755     4.5100      6.801    71.9845 1.0680e+02     2.4213      0.193      0.279    24.3232 0.0000e+00
      0.216      0.021     6.9377     81.960     32.874  32.486933     4.2421      6.812    72.7315 1.0831e+02     2.4007      0.211      0.305    24.2863 0.0000e+00
      0.235      0.032     6.9470     81.797     32.826  32.473895     4.0903      6.825    72.9688 1.0556e+02     2.3416      0.234      0.338    24.2631 0.0000e+00
      0.248      0.034     6.9303     82.007     32.819  32.484052     4.0731      6.837    72.9618 9.9560e+01     2.2870      0.246      0.356    24.2745 0.0000e+00
      0.253      0.029     6.8870     82.623     32.813  32.482886     4.2009      6.848    73.2485 8.9498e+01     2.3214      0.248      0.360    24.3301 0.0000e+00
      0.256      0.019     6.8391     83.455     32.788  32.459798     4.4532      6.856    73.7676 7.8590e+01     2.4162      0.251      0.365    24.4145 0.0000e+00
      0.260      0.009     6.8139     84.283     32.783  32.458653     4.5851      6.861    73.8181 7.1640e+01     2.4421      0.256      0.371    24.4691 0.0000e+00
      0.262     -0.003     6.8254     85.013     32.791  32.469053     4.5728      6.864    73.2572 6.7900e+01     2.3961      0.259      0.375    24.4882 0.0000e+00
      0.262     -0.022     6.8850     85.635     32.780  32.458665     4.4869      6.865    72.6638 6.5445e+01     2.3375      0.257      0.374    24.4929 0.0000e+00
      0.261     -0.054     6.9613     86.122     32.781  32.459933     4.3710      6.867    72.4945 6.6315e+01     2.3486      0.256      0.372    24.4934 0.0000e+00
      0.255     -0.103     7.0317     86.413     32.804  32.484393     4.3285      6.870    72.8441 7.5661e+01     2.3938      0.254      0.369    24.5005 0.0000e+00
      0.235     -0.165     7.0915     86.472     32.817  32.500655     4.3136      6.874    76.3753 1.0374e+02     2.3370      0.239      0.346    24.5047 0.0000e+00
      0.191     -0.233     7.1436     86.392     32.839  32.529689     4.1501      6.877    83.7858 2.4761e+02     1.9699      0.198      0.287    24.5040 0.0000e+00
      0.118     -0.294     7.1877     86.472     32.883  32.581696     3.8740      6.881    89.1380 5.2885e+02     1.4051      0.125      0.182    24.5040 0.0000e+00
      0.018     -0.333     7.2111     86.736     32.923  32.621972     3.7387      6.882    90.0672 8.8279e+02     1.1445      0.023      0.033    24.5054 0.0000e+00
     -0.098     -0.343     7.2182     86.936     32.943  32.636034     3.7378      6.879    89.5993 1.2965e+03     1.2100     -0.096     -0.139    24.5098 0.0000e+00
     -0.212     -0.323     7.1927     87.028     32.937  32.624833     3.7057      6.877    89.5037 1.6108e+03     1.3086     -0.217     -0.314    24.5211 0.0000e+00
     -0.303     -0.278     7.1964     86.999     32.924  32.613416     3.4001      6.876    89.2559 1.7569e+03     1.6535     -0.311     -0.450    24.5404 0.0000e+00
     -0.361     -0.220     7.2333     86.698     32.927  32.624866     2.8973      6.873    87.2918 1.8314e+03     2.2718     -0.362     -0.525    24.5444 0.0000e+00
     -0.395     -0.167     7.2482     86.106     32.923  32.636410     3.0866      6.866    82.7050 1.8618e+03     2.6021     -0.389     -0.565    24.5272 0.0000e+00
     -0.416     -0.131     7.2566     85.419     32.886  32.626132     8.2932      6.855    78.6244 1.8607e+03     2.4356     -0.412     -0.598    24.5159 0.0000e+00
     -0.431     -0.119     7.2610     84.873     32.858  32.627521    65.6177      6.841    79.6820 1.8175e+03    -0.1165     -0.423     -0.614    24.5203 0.0000e+00
     -0.448     -0.130     7.2368     84.655     32.871  32.653253   170.6539      6.824    83.8775 1.5369e+03    -4.8227     -0.430     -0.625    24.5320 0.0000e+00
     -0.480     -0.151     7.1744     84.605     32.908  32.683509   227.4932      6.806    88.4829 9.8637e+02    -7.3603     -0.467     -0.678    24.5513 0.0000e+00
     -0.526     -0.167     7.1084     84.355     32.978  32.739587   227.4434      6.787    97.5085 8.2492e+02    -7.4338     -0.515     -0.747    24.5964 0.0000e+00
     -0.583     -0.170     7.0434     83.768     33.206  32.950632   169.9524      6.768   114.5372 1.1982e+03    -5.6425     -0.564     -0.818    24.6550 0.0000e+00
     -0.649     -0.156     7.0291     82.913     33.732  33.458881    63.7055      6.755   137.5254 1.4060e+03    -2.3028     -0.641     -0.930    24.6754 0.0000e+00
     -0.704     -0.130     7.0446     81.867     34.543  34.253557     5.7316      6.748   161.7369 1.3724e+03    -0.4622     -0.706     -1.025    24.6550 0.0000e+00
     -0.726     -0.095     7.0272     80.678     35.186  34.882326     0.4747      6.744   183.3152 1.3363e+03    -0.2622     -0.716     -1.039    24.6336 0.0000e+00
     -0.730     -0.058     6.9796     79.578     35.419  35.097456    -0.0047      6.741   201.5697 1.2672e+03    -0.2272     -0.714     -1.037    24.6103 0.0000e+00
     -0.730     -0.027     6.9067     78.892     35.552  35.205075    -0.0643      6.738   216.6531 1.1867e+03    -0.2442     -0.716     -1.039    24.5850 0.0000e+00
     -0.730     -0.008     6.8243     78.702     35.412  35.041468    -0.0713      6.734   225.7867 1.1391e+03    -0.2960     -0.715     -1.038    24.5748 0.0000e+00
     -0.730     -0.001     6.7177     78.819     35.032  34.641980    -0.0638      6.727   226.9964 1.1278e+03    -0.2732     -0.716     -1.039    24.5675 0.0000e+00
     -0.730 -6.372e-10     6.6163     79.007     34.911  34.498868    -0.0579      6.714   224.3966 1.1323e+03    -0.1735     -0.716     -1.038    24.5436 0.0000e+00
     -0.730 -7.009e-09     6.5611     79.069     34.627  34.199321    -0.0574      6.699   211.7327 1.1102e+03    -0.1837     -0.717     -1.039    24.5063 0.0000e+00
     -0.730 -7.710e-08     6.5579     78.799     29.492  29.116798    -0.0578      6.683   117.2417 1.0766e+03    -0.2593     -0.716     -1.038    24.4701 0.0000e+00
     -0.730 -7.710e-08     6.5792     78.163     18.307  18.069923    -0.0632      6.668    31.6156 1.0946e+03    -0.3024     -0.715     -1.037    24.4356 0.0000e+00
     -0.730 -7.010e-09     6.6029     77.373      9.503   9.376359    -0.0642      6.660   104.0233 1.1100e+03    -0.3284     -0.716     -1.038    24.4025 0.0000e+00
     -0.730 -6.370e-10     6.6198     76.596      6.442   6.353127    -0.0529      6.652   182.0558 1.0271e+03    -0.2673     -0.716     -1.039    24.3738 0.0000e+00
     -0.730 -5.790e-11     6.6028     75.876      5.547   5.468722    -0.0523      6.643   179.4083 9.2344e+02    -0.2118     -0.716     -1.038    24.3526 0.0000e+00
     -0.730 -5.265e-12     6.5407     75.272      5.157   5.081986    -0.0645      6.635   169.0646 9.1599e+02    -0.2381     -0.716     -1.038    24.3382 0.0000e+00
     -0.730 -4.787e-13     6.4721     74.880      4.983   4.908143    -0.0678      6.628   163.5942 9.3968e+02    -0.2438     -0.716     -1.038    24.3231 0.0000e+00
     -0.730 -4.352e-14     6.4097     74.730      4.835   4.760543    -0.0672      6.620   161.5346 8.9617e+02    -0.2471     -0.716     -1.038    24.3059 0.0000e+00
     -0.730 -3.956e-15     6.3494     74.765      4.638   4.564394    -0.0737      6.615   158.8746 8.2285e+02    -0.2784     -0.716     -1.038    24.2881 0.0000e+00
     -0.730 -3.596e-16     6.2978     74.908      4.447   4.373706    -0.0718      6.611   155.0927 7.6666e+02    -0.2808     -0.716     -1.038    24.2685 0.0000e+00
     -0.730 -3.270e-17     6.2658     75.082      4.237   4.165398    -0.0613      6.608   149.0195 7.1312e+02    -0.2417     -0.716     -1.039    24.2467 0.0000e+00
     -0.730 -2.972e-18     6.2594     75.270      4.016   3.946252    -0.0631      6.606   143.0907 6.7235e+02    -0.2154     -0.716     -1.038    24.2239 0.0000e+00
     -0.729 -2.702e-19     6.2657     75.455      3.819   3.751202    -0.0766      6.603   138.9037 6.6935e+02    -0.2020     -0.715     -1.037    24.2004 0.0000e+00
     -0.729 -2.456e-20     6.2851     75.596      3.648   3.580819    -0.0750      6.600   133.9279 6.9067e+02    -0.1821     -0.715     -1.037    24.1762 0.0000e+00
     -0.730 -2.233e-21     6.3013     75.698      3.537   3.469858    -0.0602      6.598   128.1862 7.0400e+02    -0.1799     -0.716     -1.038    24.1514 0.0000e+00
     -0.730 -2.030e-22     6.3204     75.782      3.491   3.423140    -0.0640      6.596   121.0179 7.1325e+02    -0.2094     -0.716     -1.038    24.1261 0.0000e+00
     -0.730 -1.842e-23     6.3415     75.822      3.466   3.396029    -0.0795      6.593   114.2816 7.2283e+02    -0.2649     -0.716     -1.038    24.1004 0.0000e+00
     -0.730 -1.309e-24     6.3557     75.826      3.467   3.395449    -0.0810      6.590   110.8374 7.1650e+02    -0.2704     -0.716     -1.038    24.0748 0.0000e+00
     -0.730 3.9013e-24     6.3656     75.823      3.490   3.416125    -0.0739      6.589   104.5843 7.1382e+02    -0.2415     -0.715     -1.037    24.0492 0.0000e+00
     -0.730 4.4579e-23     6.3779     75.779      3.467   3.392637    -0.0768      6.589    92.5363 7.2685e+02    -0.2571     -0.716     -1.038    24.0226 0.0000e+00
     -0.729 4.9052e-22     6.3849     75.707      3.376   3.301492    -0.0823      6.589    80.3724 7.3367e+02    -0.2545     -0.715     -1.037    23.9959 0.0000e+00
     -0.729 5.3957e-21     6.3844     75.644      3.275   3.200952    -0.0743      6.589    71.1696 7.2969e+02    -0.2441     -0.715     -1.037    23.9703 0.0000e+00
     -0.729 5.9353e-20     6.3914     75.584      3.201   3.127221    -0.0633      6.588    64.1211 7.1263e+02    -0.3023     -0.716     -1.038    23.9453 0.0000e+00
     -0.729 6.5288e-19     6.3893     75.534      3.116   3.043480    -0.0648      6.586    58.5609 6.6495e+02    -0.3425     -0.715     -1.037    23.9203 0.0000e+00
     -0.729 7.1817e-18     6.3839     75.500      3.021   2.948589    -0.0678      6.585    53.1561 6.0307e+02    -0.2870     -0.715     -1.037    23.8951 0.0000e+00
     -0.729 7.8999e-17     6.3834     75.483      2.939   2.866743    -0.0588      6.585    40.5872 5.6167e+02    -0.2114     -0.715     -1.037    23.8701 0.0000e+00
     -0.729 8.6899e-16     6.3802     75.506      2.821   2.750684    -0.0563      6.585    12.0758 5.2644e+02    -0.2140     -0.715     -1.037    23.8450 0.0000e+00
     -0.729 9.5589e-15     6.3785     75.540      2.756   2.685536    -0.0696      6.585   -26.0562 4.9274e+02    -0.2851     -0.716     -1.038    23.8202 0.0000e+00
     -0.729 1.0515e-13     6.3799     75.551      3.891   3.789349    -0.0788      6.585   -54.8820 4.7714e+02    -0.3197     -0.715     -1.037    23.7957 0.0000e+00
     -0.729 1.1566e-12     6.3788     75.549      6.188   6.023714    -0.0675      6.583   -67.8398 4.4927e+02    -0.2567     -0.715     -1.037    23.7716 0.0000e+00
     -0.729 1.2723e-11     6.3853     75.505      7.411   7.211112    -0.0487      6.580   -72.9420 3.9095e+02    -0.1713     -0.715     -1.037    23.7480 0.0000e+00
     -0.729 1.3995e-10     6.3932     75.419      6.736   6.552675    -0.0520      6.576   -75.7895 3.1340e+02    -0.1759     -0.715     -1.037    23.7246 0.0000e+00
