Data/DataNotYetUploadedToEDI/Raw_CTD/RawDownloads/091223_fcr50_S7809003.cnv
* Sea-Bird SBE19plus  Data File:
* FileName = C:\R\Reservoirs\Data\DataNotYetUploadedToEDI\Raw_CTD\RawDownloads\091223_bvr50_S7809_0003.hex
* Software version 2.8.0.119
* Temperature SN = 7809
* Conductivity SN = 7809
* System UpLoad Time = Sep 12 2023 18:11:30
* <ApplicationData>
* <Seaterm232>
# nquan = 15
# nvalues = 889                         
# units = specified
# name 0 = depFM: Depth [fresh water, m]
# name 1 = dz/dtM: Descent Rate [m/s]
# name 2 = sbeox0Mg/L: Oxygen, SBE 43 [mg/l]
# name 3 = sbeox0PS: Oxygen, SBE 43 [% saturation]
# name 4 = specc: Specific Conductance [uS/cm]
# name 5 = c0uS/cm: Conductivity [uS/cm]
# name 6 = flECO-AFL: Fluorescence, WET Labs ECO-AFL/FL [mg/m^3]
# name 7 = ph: pH
# name 8 = orp: Oxidation Reduction Potential [mV]
# name 9 = par/sat/log: PAR/Logarithmic, Satlantic
# name 10 = turbWETntu0: Turbidity, WET Labs ECO [NTU]
# name 11 = prdM: Pressure, Strain Gauge [db]
# name 12 = prdE: Pressure, Strain Gauge [psi]
# name 13 = tv290C: Temperature [ITS-90, deg C]
# name 14 = flag:  0.000e+00
# span 0 =     -0.673,      9.416       
# span 1 =     -0.331,      0.321       
# span 2 =    -2.0022,     8.9866       
# span 3 =    -17.634,    106.876       
# span 4 =      0.496,    422.461       
# span 5 =   0.537748, 312.835198       
# span 6 =    -0.1523,    56.7091       
# span 7 =      2.084,      8.418       
# span 8 = -1240.7455,   542.8769       
# span 9 = 1.2341e-01, 2.2447e+02       
# span 10 =     1.0756,   271.0053      
# span 11 =     -0.661,      9.234      
# span 12 =     -0.958,     13.393      
# span 13 =    11.8345,    29.1905      
# span 14 = 0.0000e+00, 0.0000e+00      
# interval = seconds: 0.25
# start_time = Sep 12 2023 15:11:40 [Instrument's time stamp, header]
# bad_flag = -9.990e-29
*END*
[from data line 97]
      0.281      0.204     8.8037    106.876     43.200  42.672291     3.2955      8.350   238.6800 8.4648e+01     6.0836      0.286      0.414    24.3084 0.0000e+00
      0.321      0.186     8.8334    106.762     43.207  42.566028     3.3026      8.329   240.0553 8.1853e+01     6.0693      0.324      0.470    24.2947 0.0000e+00
      0.344      0.164     8.8696    105.547     43.226  42.474256     3.3165      8.313   241.3890 7.8960e+01     6.0612      0.333      0.482    24.3940 0.0000e+00
      0.374      0.147     8.8944    103.425     43.214  42.387626     3.3303      8.298   242.5884 7.3992e+01     6.0203      0.360      0.522    24.4832 0.0000e+00
      0.418      0.139     8.9279    101.269     43.220  42.343606     3.3526      8.284   243.4589 6.9218e+01     5.9844      0.412      0.599    24.4178 0.0000e+00
      0.461      0.139     8.9866     98.790     43.236  42.322759     3.3618      8.270   243.9975 6.5642e+01     5.9685      0.455      0.660    24.2434 0.0000e+00
      0.497      0.144     8.9067     95.680     43.273  42.325915     3.3662      8.252   244.3691 6.2632e+01     5.9994      0.487      0.706    24.1057 0.0000e+00
      0.528      0.146     8.6788     92.662     43.294  42.318249     3.3805      8.230   244.9411 6.0044e+01     6.1192      0.519      0.752    24.0310 0.0000e+00
      0.560      0.145     8.5386     90.037     43.286  42.293497     3.3860      8.210   246.0087 5.7209e+01     6.2203      0.545      0.791    23.9739 0.0000e+00
      0.598      0.144     8.3612     87.939     43.348  42.343965     3.3748      8.191   247.2104 5.3694e+01     6.2661      0.582      0.845    23.9370 0.0000e+00
      0.642      0.142     8.0532     87.134     43.433  42.420685     3.3608      8.173   247.4252 5.0638e+01     6.2973      0.634      0.919    23.9006 0.0000e+00
      0.681      0.139     7.8050     87.665     43.408  42.395990     3.3914      8.158   247.0567 4.8258e+01     6.3238      0.669      0.970    23.8597 0.0000e+00
      0.716      0.136     7.5991     88.601     43.376  42.362725     3.4542      8.142   247.4872 4.5968e+01     6.3479      0.701      1.018    23.8447 0.0000e+00
      0.748      0.136     7.3763     89.384     43.483  42.462775     3.4786      8.122   248.5862 4.4223e+01     6.3151      0.739      1.071    23.8360 0.0000e+00
      0.774      0.136     7.3071     89.983     43.619  42.590147     3.4869      8.100   249.6759 4.2731e+01     6.2691      0.758      1.099    23.8235 0.0000e+00
      0.804      0.138     7.3990     90.411     43.609  42.569886     3.5624      8.080   250.1661 4.0476e+01     6.3380      0.782      1.134    23.8304 0.0000e+00
      0.845      0.143     7.4889     90.497     43.514  42.471668     3.6924      8.063   250.1257 3.7851e+01     6.4992      0.829      1.203    23.8269 0.0000e+00
      0.889      0.148     7.5537     89.947     43.462  42.418114     3.7770      8.046   250.3061 3.5859e+01     6.5787      0.877      1.272    23.8214 0.0000e+00
      0.926      0.150     7.6028     88.666     43.414  42.366657     3.8112      8.030   250.9697 3.4304e+01     6.5475      0.908      1.317    23.8196 0.0000e+00
      0.963      0.148     7.6463     86.891     43.347  42.293795     3.9982      8.011   251.9549 3.2475e+01     6.5318      0.940      1.364    23.7993 0.0000e+00
      1.004      0.147     7.6672     85.078     43.362  42.298767     4.3482      7.989   252.6683 3.0708e+01     6.5258      0.987      1.432    23.7948 0.0000e+00
      1.041      0.147     7.6235     83.603     43.443  42.363288     4.5464      7.968   252.8834 2.9447e+01     6.5095      1.024      1.485    23.7961 0.0000e+00
      1.071      0.150     7.5083     82.429     43.474  42.375724     4.5721      7.947   253.0078 2.8211e+01     6.5394      1.046      1.517    23.7872 0.0000e+00
      1.107      0.151     7.3450     81.461     43.504  42.385631     4.5845      7.926   253.2250 2.6541e+01     6.5454      1.081      1.567    23.7820 0.0000e+00
      1.152      0.148     7.1765     80.886     43.557  42.419571     4.7303      7.906   253.6173 2.4877e+01     6.4795      1.133      1.643    23.7703 0.0000e+00
      1.195      0.145     7.0597     80.832     43.558  42.405246     5.0113      7.886   254.3955 2.3545e+01     6.3919      1.173      1.702    23.7525 0.0000e+00
      1.234      0.141     6.9719     81.307     43.572  42.402815     5.1766      7.863   255.1491 2.2354e+01     6.3059      1.210      1.754    23.7311 0.0000e+00
      1.268      0.133     6.8801     82.270     43.641  42.453625     5.2231      7.841   255.2436 2.1457e+01     6.2939      1.249      1.812    23.7069 0.0000e+00
      1.295      0.123     6.8313     83.396     43.656  42.448321     5.3814      7.821   255.0220 2.0697e+01     6.2809      1.269      1.841    23.6880 0.0000e+00
      1.324      0.115     6.8320     84.363     43.629  42.402140     5.6597      7.801   255.0504 1.9757e+01     6.1484      1.294      1.876    23.6699 0.0000e+00
      1.356      0.111     6.8693     85.195     43.649  42.402975     5.8082      7.780   255.8445 1.8987e+01     6.0239      1.335      1.937    23.6528 0.0000e+00
      1.382      0.111     6.9667     85.856     43.658  42.394929     5.8286      7.761   257.1381 1.8455e+01     6.0400      1.356      1.968    23.6346 0.0000e+00
      1.404      0.116     7.0806     86.151     43.654  42.368297     5.9815      7.741   257.7851 1.7730e+01     6.1390      1.371      1.989    23.6127 0.0000e+00
      1.434      0.125     7.1578     86.170     43.714  42.398282     6.2417      7.719   257.6446 1.6934e+01     6.1950      1.408      2.042    23.5874 0.0000e+00
      1.464      0.135     7.2310     86.089     43.786  42.440078     6.3696      7.696   257.4195 1.6238e+01     6.2047      1.436      2.083    23.5652 0.0000e+00
      1.497      0.148     7.3026     85.864     43.864  42.492793     6.3865      7.673   257.9024 1.5312e+01     6.1886      1.461      2.119    23.5521 0.0000e+00
      1.541      0.155     7.3254     85.510     43.986  42.591329     6.4876      7.652   258.7504 1.4268e+01     5.9313      1.510      2.192    23.5242 0.0000e+00
      1.588      0.152     7.3206     85.011     44.014  42.615905     6.6602      7.635   259.2413 1.3383e+01     5.4513      1.558      2.261    23.4890 0.0000e+00
      1.634      0.146     7.3278     84.392     43.908  42.536049     6.7338      7.616   259.4491 1.2510e+01     5.1668      1.599      2.320    23.4546 0.0000e+00
      1.678      0.143     7.3077     84.092     43.876  42.514419     6.7122      7.593   259.1129 1.1840e+01     5.1213      1.652      2.397    23.4306 0.0000e+00
      1.706      0.138     7.2795     84.413     44.002  42.608279     6.6321      7.571   258.7034 1.1605e+01     5.1751      1.681      2.439    23.4063 0.0000e+00
      1.721      0.132     7.2491     85.154     44.078  42.655327     6.4977      7.551   258.8857 1.1280e+01     5.3048      1.678      2.434    23.3873 0.0000e+00
      1.751      0.130     7.1664     86.044     43.991  42.575459     6.4273      7.529   259.2524 1.0502e+01     5.3918      1.704      2.473    23.4378 0.0000e+00
      1.801      0.138     7.1243     86.923     43.946  42.531206     6.4058      7.504   259.2653 9.8041e+00     5.3724      1.774      2.575    23.4705 0.0000e+00
      1.841      0.151     7.1727     87.610     44.090  42.628041     6.3117      7.483   258.8693 9.5277e+00     5.1724      1.816      2.634    23.4087 0.0000e+00
      1.865      0.158     7.2509     88.001     44.235  42.730675     6.1218      7.465   258.0786 9.1932e+00     4.8528      1.820      2.640    23.3576 0.0000e+00
      1.905      0.153     7.3256     88.203     44.237  42.756552     5.9489      7.449   257.2771 8.5033e+00     4.6851      1.856      2.693    23.3861 0.0000e+00
      1.963      0.144     7.4024     88.304     44.166  42.750543     5.8863      7.435   257.1796 7.8506e+00     4.6813      1.931      2.801    23.4146 0.0000e+00
      2.009      0.139     7.4780     88.174     44.087  42.721592     5.8809      7.421   257.4156 7.5532e+00     4.6709      1.983      2.875    23.3385 0.0000e+00
      2.034      0.139     7.5162     87.604     44.086  42.723935     5.8994      7.403   257.5493 7.3722e+00     4.5933      1.994      2.891    23.2546 0.0000e+00
      2.054      0.139     7.5220     86.634     44.193  42.778876     5.9437      7.383   257.1617 7.0991e+00     4.4601      2.011      2.917    23.3047 0.0000e+00
      2.081      0.140     7.5217     85.668     44.298  42.814561     5.9835      7.364   256.2565 6.7809e+00     4.3926      2.038      2.955    23.4053 0.0000e+00
      2.119      0.150     7.5116     85.003     44.356  42.837935     6.0148      7.347   255.8110 6.3988e+00     4.4276      2.073      3.006    23.4600 0.0000e+00
      2.167      0.160     7.4619     84.425     44.395  42.871024     6.0564      7.331   255.9055 6.0279e+00     4.1986      2.127      3.086    23.4768 0.0000e+00
      2.214      0.163     7.3733     83.649     44.417  42.897274     6.1117      7.317   256.1085 5.7223e+00     3.7079      2.171      3.150    23.4058 0.0000e+00
      2.262      0.158     7.2907     82.681     44.407  42.901448     6.1507      7.304   255.5116 5.4222e+00     3.4472      2.215      3.213    23.2966 0.0000e+00
      2.308      0.148     7.2506     81.689     44.349  42.858036     6.1712      7.293   254.2816 5.2077e+00     3.4379      2.270      3.293    23.2722 0.0000e+00
      2.342      0.142     7.2128     80.938     44.313  42.816707     6.2341      7.278   253.7123 5.0861e+00     3.4597      2.301      3.337    23.2791 0.0000e+00
      2.364      0.140     7.1412     80.495     44.383  42.846039     6.3281      7.261   253.6185 4.9396e+00     3.4372      2.317      3.361    23.2781 0.0000e+00
      2.389      0.138     7.0551     80.302     44.475  42.895261     6.3746      7.246   253.4908 4.7371e+00     3.4397      2.339      3.392    23.2984 0.0000e+00
      2.424      0.136     6.9537     80.513     44.446  42.904005     6.4145      7.232   253.0290 4.4968e+00     3.4556      2.370      3.437    23.3212 0.0000e+00
      2.474      0.139     6.8884     81.298     44.322  42.888341     6.7440      7.218   252.3368 4.2628e+00     3.3901      2.426      3.518    23.3218 0.0000e+00
      2.522      0.147     6.8647     82.547     44.265  42.896444     7.3289      7.202   251.7467 4.1187e+00     3.2957      2.484      3.603    23.2743 0.0000e+00
      2.550      0.151     6.8513     84.007     44.335  42.938606     7.6352      7.187   251.2288 4.0402e+00     3.2372      2.505      3.633    23.1785 0.0000e+00
      2.572      0.148     6.8583     85.630     44.374  42.953769     7.6681      7.175   250.8933 3.8892e+00     3.2287      2.511      3.642    23.2149 0.0000e+00
      2.612      0.143     6.9031     87.335     44.318  42.952784     7.9185      7.164   251.1313 3.6670e+00     3.1937      2.556      3.706    23.4032 0.0000e+00
      2.665      0.142     7.0107     88.763     44.293  42.990258     8.3896      7.152   251.6114 3.4935e+00     3.1216      2.622      3.803    23.5029 0.0000e+00
      2.705      0.144     7.1434     89.659     44.337  43.026131     8.6617      7.139   251.3638 3.3888e+00     3.1077      2.660      3.859    23.4169 0.0000e+00
      2.731      0.145     7.2907     90.034     44.373  43.005672     8.7041      7.126   250.8911 3.2805e+00     3.0600      2.674      3.878    23.3377 0.0000e+00
      2.762      0.146     7.4364     89.839     44.426  42.996702     8.8020      7.110   250.8864 3.1316e+00     2.9551      2.704      3.922    23.4538 0.0000e+00
      2.802      0.149     7.5505     88.922     44.538  43.044526     9.9857      7.090   251.4788 2.9851e+00     3.0002      2.752      3.991    23.5659 0.0000e+00
      2.838      0.154     7.6269     87.490     44.598  43.076035    12.1877      7.072   252.4608 2.8386e+00     3.1620      2.782      4.034    23.5368 0.0000e+00
      2.878      0.159     7.6702     85.964     44.533  43.060269    13.4118      7.054   253.0373 2.6326e+00     3.2372      2.813      4.081    23.4469 0.0000e+00
      2.929      0.161     7.6749     84.530     44.440  43.044385    13.6837      7.038   253.6310 2.4344e+00     3.2268      2.876      4.172    23.3914 0.0000e+00
      2.975      0.160     7.5989     83.201     44.427  43.074515    15.5331      7.024   254.5625 2.3227e+00     3.3436      2.925      4.243    23.3131 0.0000e+00
      3.008      0.160     7.4682     81.903     44.450  43.107264    18.9268      7.009   255.5240 2.2106e+00     3.5562      2.946      4.273    23.2407 0.0000e+00
      3.044      0.158     7.3237     80.605     44.474  43.123009    20.8504      6.994   256.3087 2.0347e+00     3.6793      2.981      4.323    23.3340 0.0000e+00
      3.087      0.155     7.1851     79.431     44.501  43.137920    21.8365      6.981   256.4792 1.8669e+00     3.8413      3.030      4.395    23.4438 0.0000e+00
      3.127      0.156     7.0695     78.467     44.536  43.160585    30.7500      6.969   256.0372 1.7373e+00     4.6272      3.065      4.446    23.4847 0.0000e+00
      3.167      0.161     6.9628     77.666     45.083  43.650930    47.0476      6.957   254.9222 1.5895e+00     5.9392      3.103      4.500    23.4901 0.0000e+00
      3.208      0.163     6.8460     76.822     47.229  45.321614    55.9317      6.947   253.4937 1.4295e+00     6.6553      3.150      4.568    23.4759 0.0000e+00
      3.246      0.160     6.7467     75.213     51.058  47.553942    56.7091      6.937   252.4453 1.2703e+00     6.7956      3.181      4.613    23.4628 0.0000e+00
      3.290      0.153     6.6667     71.170     55.208  49.055880    56.4631      6.928   251.4528 1.0863e+00     7.3290      3.221      4.672    23.4470 0.0000e+00
      3.339      0.145     6.6039     62.976     58.431  49.701534    55.8707      6.918   249.7535 9.3056e-01     8.1852      3.281      4.759    23.4606 0.0000e+00
      3.377      0.142     6.5449     50.250     59.594  49.198764    55.4883      6.905   245.3208 8.3858e-01     8.5735      3.316      4.810    23.4366 0.0000e+00
      3.402      0.149     6.6364     34.464     59.099  47.800255    54.8781      6.885   234.0802 7.6871e-01     8.6077      3.336      4.838    22.0944 0.0000e+00
      3.426      0.163     6.6996     18.352     59.140  47.076532    48.4271      6.863   216.6614 6.9738e-01     9.0771      3.359      4.872    19.3563 0.0000e+00
      3.457      0.180     6.2105      4.047     60.083  47.177486    36.5911      6.845   199.5627 5.8018e-01     9.9104      3.381      4.904    17.2914 0.0000e+00
      3.510      0.195     5.0663     -7.249     60.874  47.242509    30.1159      6.830   185.5676 4.1430e-01    10.3137      3.434      4.980    16.1455 0.0000e+00
      3.581      0.204     3.4449    -14.617     61.149  47.036738    29.4716      6.817   172.9791 2.7554e-01    10.2990      3.512      5.096    15.3558 0.0000e+00
      3.652      0.209     1.7854    -17.634     60.677  46.403189    28.9756      6.806   162.3916 1.8608e-01    10.3134      3.585      5.200    14.7883 0.0000e+00
      3.709      0.209     0.3107    -16.801     59.545  45.359108    24.1276      6.795   155.6395 1.3805e-01    10.6579      3.644      5.285    14.2365 0.0000e+00
      3.748      0.206    -0.8986    -13.584     58.736  44.569891    15.2496      6.785   151.5674 1.2499e-01    11.3568      3.680      5.337    13.7599 0.0000e+00
      3.782      0.201    -1.6887     -9.610     58.719  44.351461    10.3902      6.778   148.6035 1.2381e-01    11.7617      3.702      5.369    13.4114 0.0000e+00
      3.829      0.200    -2.0022     -5.993     59.019  44.368341     9.8020      6.772   146.1322 1.2370e-01    11.7615      3.748      5.436    13.2037 0.0000e+00
