Data/DataNotYetUploadedToEDI/Raw_CTD/RawDownloads/091223_bvr50_S8188001.cnv
* Sea-Bird SBE19plus  Data File:
* FileName = C:\R\Reservoirs\Data\DataNotYetUploadedToEDI\Raw_CTD\RawDownloads\091223_bvr50_S8188_0001.hex
* Software version 2.8.0.119
* Temperature SN = 8188
* Conductivity SN = 8188
* System UpLoad Time = Sep 12 2023 18:05:40
* <ApplicationData>
* <Seaterm232>
# nquan = 16
# nvalues = 1331                        
# units = specified
# name 0 = depFM: Depth [fresh water, m]
# name 1 = dz/dtM: Descent Rate [m/s]
# name 2 = sbeox0Mg/L: Oxygen, SBE 43 [mg/l]
# name 3 = sbeox0PS: Oxygen, SBE 43 [% saturation]
# name 4 = specc: Specific Conductance [uS/cm]
# name 5 = c0uS/cm: Conductivity [uS/cm]
# name 6 = wetCDOM: Fluorescence, WET Labs CDOM [mg/m^3]
# name 7 = flECO-AFL: Fluorescence, WET Labs ECO-AFL/FL [mg/m^3]
# name 8 = flECO-AFL1: Fluorescence, WET Labs ECO-AFL/FL, 2 [mg/m^3]
# name 9 = flECO-AFL2: Fluorescence, WET Labs ECO-AFL/FL, 3 [mg/m^3]
# name 10 = par/sat/log: PAR/Logarithmic, Satlantic
# name 11 = turbWETntu0: Turbidity, WET Labs ECO [NTU]
# name 12 = prdM: Pressure, Strain Gauge [db]
# name 13 = prdE: Pressure, Strain Gauge [psi]
# name 14 = tv290C: Temperature [ITS-90, deg C]
# name 15 = flag:  0.000e+00
# span 0 =     -0.740,      9.071       
# span 1 =     -0.189,      0.144       
# span 2 =     0.1584,     5.6492       
# span 3 =      1.599,     70.928       
# span 4 =      0.963,    201.705       
# span 5 =   1.006404, 141.738979       
# span 6 =    -4.6800,     8.0100       
# span 7 =    -0.7564,    14.7163       
# span 8 =    -2.1300,     0.6390       
# span 9 =    -3.0879,     6.4719       
# span 10 = 1.1590e-01, 2.1565e+03      
# span 11 =    -8.7801,    67.0168      
# span 12 =     -0.726,      8.896      
# span 13 =     -1.053,     12.903      
# span 14 =     9.7665,    27.2670      
# span 15 = 0.0000e+00, 0.0000e+00      
# interval = seconds: 0.25
# start_time = Sep 12 2023 11:03:39 [Instrument's time stamp, header]
# bad_flag = -9.990e-29
*END*
     -0.739 -2.819e-10     5.3268     67.212      0.999   1.043998    -4.5000    -0.1079    -2.1300    -2.0304 2.4479e+02     2.8081     -0.724     -1.051    27.2670 0.0000e+00
     -0.739 -3.624e-10     5.3278     67.215      1.002   1.047506    -4.5000    -0.1117    -2.1300    -2.0304 2.6259e+02     2.8532     -0.724     -1.051    27.2662 0.0000e+00
     -0.739 -4.659e-10     5.3288     67.217      1.003   1.048641    -4.5000    -0.1460    -2.1300    -2.0304 1.8258e+03     2.8532     -0.724     -1.051    27.2654 0.0000e+00
     -0.739 -5.989e-10     5.3296     67.220      1.006   1.051662     0.0000    -0.1002     0.0000     0.1269 1.8490e+03     3.2740     -0.724     -1.051    27.2647 0.0000e+00
     -0.739 -7.700e-10     5.3301     67.222      1.008   1.053418     0.0000    -0.0926     0.0000     0.1269 1.8554e+03     3.3642     -0.725     -1.051    27.2641 0.0000e+00
     -0.739 -9.900e-10     5.3304     67.220      1.005   1.050425     0.0000    -0.1308     0.0000     0.1269 1.8595e+03     3.3943     -0.725     -1.051    27.2635 0.0000e+00
     -0.739 -1.273e-09     5.3306     67.219      1.001   1.045838     0.0000    -0.1079     0.0000     0.1269 1.8647e+03     3.3642     -0.725     -1.051    27.2627 0.0000e+00
     -0.739 -1.637e-09     5.3309     67.220      0.997   1.042387     0.0000    -0.0506     0.0000     0.1269 1.8639e+03     3.6348     -0.725     -1.051    27.2619 0.0000e+00
     -0.739 -2.104e-09     5.3311     67.223      0.994   1.039154     0.0900    -0.0430     0.0000     0.0846 1.8651e+03     3.6197     -0.725     -1.051    27.2611 0.0000e+00
     -0.739 -2.705e-09     5.3311     67.228      0.994   1.039230     0.0900    -0.0354     0.0000     0.0846 1.8639e+03     3.6648     -0.725     -1.051    27.2605 0.0000e+00
     -0.739 -3.478e-09     5.3310     67.234      0.997   1.042635     0.0900    -0.0316     0.0000     0.0846 1.7516e+03     3.6949     -0.725     -1.051    27.2599 0.0000e+00
     -0.739 -4.472e-09     5.3312     67.235      0.997   1.042370     0.0900    -0.1384     0.0000     0.0846 2.4199e+02     2.7931     -0.725     -1.052    27.2592 0.0000e+00
     -0.739 -5.750e-09     5.3315     67.232      0.993   1.038362     0.1800    -0.1308     0.0000     0.1692 2.6575e+02     2.8682     -0.725     -1.052    27.2584 0.0000e+00
     -0.739 -7.392e-09     5.3320     67.229      0.992   1.037453     0.1800    -0.1346     0.0000     0.1692 1.8769e+03     2.8983     -0.725     -1.052    27.2576 0.0000e+00
     -0.739 -9.504e-09     5.3325     67.228      0.994   1.039399     0.1800    -0.1002     0.0000     0.1692 1.9040e+03     2.9283     -0.725     -1.052    27.2568 0.0000e+00
     -0.739 -1.222e-08     5.3327     67.229      0.996   1.040765     0.1800    -0.1384     0.0000     0.1692 1.9152e+03     3.6498     -0.725     -1.052    27.2560 0.0000e+00
     -0.739 -1.571e-08     5.3325     67.231      0.997   1.041915     0.0000    -0.1002     0.0000     0.0846 1.9173e+03     3.5596     -0.725     -1.052    27.2553 0.0000e+00
     -0.739 -2.020e-08     5.3323     67.235      0.994   1.039202     0.0000    -0.1041     0.0000     0.0846 1.9107e+03     3.6197     -0.725     -1.052    27.2547 0.0000e+00
     -0.739 -2.597e-08     5.3323     67.240      0.987   1.031902     0.0000    -0.1460     0.0000     0.0846 1.9107e+03     3.6498     -0.725     -1.052    27.2542 0.0000e+00
     -0.739 -3.339e-08     5.3323     67.246      0.981   1.025978     0.0000     0.0218     0.0000     0.0846 1.9107e+03     3.5596     -0.725     -1.052    27.2539 0.0000e+00
     -0.739 -4.293e-08     5.3325     67.251      0.979   1.023803     0.0900     0.0104     0.0426     0.1692 1.9078e+03     3.5596     -0.725     -1.052    27.2536 0.0000e+00
     -0.739 -5.520e-08     5.3329     67.255      0.980   1.024797     0.0900     0.0142     0.0426     0.1692 1.9119e+03     3.5897     -0.725     -1.052    27.2534 0.0000e+00
     -0.739 -7.097e-08     5.3334     67.255      0.981   1.025272     0.0900     0.0104     0.0426     0.1692 1.9127e+03     3.5446     -0.725     -1.052    27.2532 0.0000e+00
     -0.739 -9.125e-08     5.3338     67.253      0.977   1.021400     0.0900    -0.1269     0.0426     0.1692 1.9152e+03     3.0786     -0.725     -1.052    27.2530 0.0000e+00
     -0.739 -1.173e-07     5.3343     67.253      0.972   1.016103     0.0900    -0.1155     0.0426     0.1692 1.9169e+03     3.1087     -0.725     -1.052    27.2528 0.0000e+00
     -0.739 -1.508e-07     5.3346     67.255      0.968   1.011922     0.1800    -0.0926     0.0000     0.0846 1.9169e+03     3.0335     -0.725     -1.052    27.2524 0.0000e+00
     -0.739 -1.939e-07     5.3346     67.256      0.964   1.007743     0.1800    -0.1346     0.0000     0.0846 1.9123e+03     3.0786     -0.725     -1.052    27.2520 0.0000e+00
     -0.739 -2.493e-07     5.3345     67.256      0.963   1.006404     0.1800    -0.0430     0.0000     0.0846 1.9011e+03     3.6648     -0.725     -1.052    27.2516 0.0000e+00
     -0.739 -3.206e-07     5.3345     67.256      0.968   1.011504     0.1800    -0.0392     0.0000     0.0846 1.8595e+03     3.6197     -0.725     -1.052    27.2510 0.0000e+00
     -0.739 -4.122e-07     5.3347     67.252      0.976   1.020447     0.0000    -0.0468     0.0426     0.1269 2.8341e+02     3.5897     -0.725     -1.052    27.2505 0.0000e+00
     -0.739 -4.095e-07     5.3348     67.247      0.983   1.027711     0.0000    -0.0506     0.0426     0.1269 2.7366e+02     3.5596     -0.725     -1.052    27.2500 0.0000e+00
     -0.739 -3.123e-07     5.3349     67.244      0.987   1.031279     0.0000    -0.1269     0.0426     0.1269 2.8254e+02     3.3342     -0.725     -1.052    27.2497 0.0000e+00
     -0.739 -2.349e-07     5.3349     67.246      0.988   1.032102     0.0000    -0.0964     0.0426     0.1269 1.9028e+03     3.3342     -0.725     -1.052    27.2494 0.0000e+00
     -0.739 -1.724e-07     5.3346     67.251      0.986   1.030399     0.0900    -0.1002     0.0000     0.1269 1.9127e+03     3.3943     -0.725     -1.052    27.2493 0.0000e+00
     -0.739 -1.209e-07     5.3342     67.257      0.982   1.025716     0.0900    -0.1231     0.0000     0.1269 1.9144e+03     3.3342     -0.725     -1.052    27.2494 0.0000e+00
     -0.739 -7.703e-08     5.3340     67.264      0.973   1.016804     0.0900    -0.0545     0.0000     0.1269 1.9132e+03     3.3041     -0.725     -1.052    27.2496 0.0000e+00
     -0.739 -3.807e-08     5.3341     67.273      0.965   1.009195     0.0900    -0.0354     0.0000     0.1269 1.9040e+03     3.2590     -0.725     -1.052    27.2498 0.0000e+00
     -0.740 -1.533e-09     5.3345     67.283      0.965   1.008769     0.0000    -0.0354     0.0426     0.0000 1.8921e+03     3.3041     -0.725     -1.052    27.2501 0.0000e+00
     -0.740 3.4915e-08     5.3349     67.289      0.968   1.011457     0.0000    -0.0354     0.0426     0.0000 1.8518e+03     3.4394     -0.725     -1.052    27.2505 0.0000e+00
     -0.740 7.3584e-08     5.3354     67.289      0.970   1.014023     0.0000    -0.0964     0.0426     0.0000 1.8978e+03     3.1688     -0.725     -1.052    27.2508 0.0000e+00
     -0.740 1.1692e-07     5.3361     67.285      0.973   1.017151     0.0000    -0.1002     0.0426     0.0000 1.9332e+03     3.1388     -0.725     -1.052    27.2512 0.0000e+00
     -0.740 1.6768e-07     5.3369     67.278      0.978   1.021674     0.0000    -0.1346     0.0426     0.0000 1.9383e+03     3.0185     -0.725     -1.052    27.2515 0.0000e+00
     -0.740 2.1482e-07     5.3374     67.266      0.981   1.024845     0.6300    -0.1002     0.0000     0.2538 1.9324e+03     3.0786     -0.725     -1.052    27.2518 0.0000e+00
     -0.740 2.4707e-07     5.3373     67.250      0.979   1.023555     0.6300    -0.0011     0.0000     0.2538 1.9269e+03     3.8151     -0.725     -1.052    27.2520 0.0000e+00
     -0.740 2.8075e-07     5.3370     67.236      0.977   1.021415     0.6300    -0.0049     0.0000     0.2538 3.3890e+02     3.8602     -0.725     -1.052    27.2520 0.0000e+00
     -0.740 3.3225e-07     5.3365     67.229      0.974   1.017852     0.6300     0.0104     0.0000     0.2538 2.9696e+02     3.8752     -0.725     -1.052    27.2519 0.0000e+00
     -0.740 4.0485e-07     5.3355     67.229      0.968   1.011919     0.0000    -0.0011     0.0000     0.2115 2.8310e+02     3.8151     -0.725     -1.052    27.2517 0.0000e+00
     -0.740 5.0315e-07     5.3342     67.234      0.966   1.009940     0.0000    -0.0506     0.0000     0.2115 2.8681e+02     3.3642     -0.725     -1.052    27.2514 0.0000e+00
     -0.740 6.3340e-07     5.3332     67.243      0.967   1.011388     0.0000    -0.0659     0.0000     0.2115 2.9058e+02     3.3642     -0.725     -1.052    27.2512 0.0000e+00
     -0.740 8.0387e-07     5.3326     67.253      0.969   1.012696     0.0000    -0.0430     0.0000     0.2115 2.9007e+02     3.4394     -0.725     -1.052    27.2509 0.0000e+00
     -0.740      0.000     5.3327     67.264      0.970   1.014210     0.0900    -0.0545     0.0000     0.0846 2.8569e+02     3.3642     -0.725     -1.052    27.2506 0.0000e+00
     -0.740      0.000     5.3331     67.270      0.972   1.016336     0.0900    -0.1117     0.0000     0.0846 2.8644e+02     3.4243     -0.725     -1.052    27.2501 0.0000e+00
     -0.740      0.000     5.3339     67.274      0.972   1.015687     0.0900    -0.1346     0.0000     0.0846 2.8390e+02     3.3492     -0.725     -1.052    27.2496 0.0000e+00
     -0.740      0.000     5.3348     67.277      0.968   1.012089     0.0900    -0.1269     0.0000     0.0846 2.7907e+02     3.3943     -0.725     -1.052    27.2488 0.0000e+00
     -0.740      0.000     5.3357     67.278      0.969   1.012490     0.0000    -0.1155     0.0000     0.1692 2.7695e+02     3.3492     -0.725     -1.052    27.2479 0.0000e+00
     -0.740      0.000     5.3363     67.278      0.973   1.016999     0.0000    -0.0621     0.0000     0.1692 2.8341e+02     3.2891     -0.725     -1.052    27.2470 0.0000e+00
     -0.740      0.000     5.3367     67.278      0.978   1.022863     0.0000    -0.0430     0.0000     0.1692 3.0309e+02     3.4394     -0.725     -1.052    27.2462 0.0000e+00
     -0.740      0.000     5.3370     67.278      0.987   1.031645     0.0000    -0.0697     0.0000     0.1692 9.3578e+02     3.2891     -0.725     -1.052    27.2455 0.0000e+00
     -0.740      0.000     5.3371     67.285      0.997   1.041735     0.0000    -0.0659     0.0000     0.1692 1.8426e+03     3.3642     -0.725     -1.052    27.2449 0.0000e+00
     -0.740      0.000     5.3372     67.301      1.003   1.047913     0.0000    -0.1231     0.0000     0.1269 1.4138e+03     3.1388     -0.725     -1.052    27.2444 0.0000e+00
     -0.739      0.000     5.3372     67.330      1.003   1.047873     0.0000    -0.1231     0.0000     0.1269 1.8502e+03     3.1388     -0.725     -1.052    27.2441 0.0000e+00
     -0.739      0.000     5.3372     67.376      1.000   1.045559     0.0000    -0.1117     0.0000     0.1269 1.8921e+03     3.0185     -0.725     -1.052    27.2438 0.0000e+00
     -0.739      0.000     5.3378     67.450      1.003   1.048261     0.0000    -0.0888     0.0000     0.1269 1.9028e+03     3.1388     -0.725     -1.052    27.2435 0.0000e+00
     -0.740      0.000     5.3391     67.575      1.011   1.056701     0.0000    -0.1079     0.0000     0.1692 1.8945e+03     3.3943     -0.725     -1.052    27.2433 0.0000e+00
     -0.740      0.000     5.3414     67.715      1.023   1.069175     0.0000    -0.1155     0.0000     0.1692 1.8822e+03     3.3943     -0.725     -1.052    27.2433 0.0000e+00
     -0.740      0.000     5.3450     67.786      1.042   1.089010     0.0000    -0.1117     0.0000     0.1692 1.8733e+03     3.3191     -0.725     -1.052    27.2435 0.0000e+00
     -0.740      0.000     5.3509     67.800      1.073   1.121494     0.0000    -0.1002     0.0000     0.1692 1.8639e+03     3.2740     -0.725     -1.052    27.2438 0.0000e+00
     -0.740      0.000     5.3608     67.804      1.128   1.179244     0.0900    -0.0506     0.0426     0.0846 1.8211e+03     1.9814     -0.726     -1.053    27.2442 0.0000e+00
     -0.740      0.000     5.3719     67.802      1.226   1.281615     0.0900    -0.0506     0.0426     0.0846 1.8603e+03     1.9514     -0.726     -1.053    27.2446 0.0000e+00
     -0.740      0.000     5.3774     67.838      1.386   1.447998     0.0900    -0.0430     0.0426     0.0846 1.9383e+03     1.9514     -0.725     -1.052    27.2450 0.0000e+00
     -0.740      0.000     5.3785     67.954      1.614   1.687172     0.0900    -0.0239     0.0426     0.0846 2.1565e+03     2.1017     -0.725     -1.052    27.2453 0.0000e+00
     -0.740      0.000     5.3787     68.131      1.919   2.005581     0.0000    -0.1422     0.0000     0.0846 3.3140e+02    -0.0176     -0.725     -1.052    27.2455 0.0000e+00
     -0.740      0.000     5.3786     68.396      2.328   2.432774     0.0000    -0.1346     0.0000     0.0846 3.5666e+02    -0.0025     -0.725     -1.052    27.2454 0.0000e+00
     -0.739      0.000     5.3815     68.881      2.872   3.001606     0.0000    -0.1384     0.0000     0.0846 5.0036e+02     0.0125     -0.725     -1.052    27.2452 0.0000e+00
     -0.739      0.000     5.3907     69.755      3.491   3.648244     0.0000    -0.1346     0.0000     0.0846 1.5051e+03     0.1327     -0.725     -1.051    27.2450 0.0000e+00
     -0.739      0.001     5.4048     70.657      4.031   4.212933     0.0000    -0.1079     0.0000     0.0846 1.2469e+03    -0.3933     -0.725     -1.051    27.2447 0.0000e+00
     -0.739      0.001     5.4258     70.928      4.410   4.608973     0.0000    -0.1384     0.0426     0.0846 1.2124e+03    -0.4835     -0.724     -1.051    27.2446 0.0000e+00
     -0.738      0.001     5.4643     70.617      4.655   4.864853     0.0000    -0.1041     0.0426     0.0846 1.2245e+02    -0.4985     -0.724     -1.051    27.2446 0.0000e+00
     -0.738      0.001     5.5336     70.037      4.837   5.054739     0.0000    -0.1117     0.0426     0.0846 1.0385e+02    -0.4835     -0.724     -1.050    27.2448 0.0000e+00
     -0.738      0.001     5.6051     69.344      5.033   5.258930     0.0000    -0.1079     0.0426     0.0846 1.0799e+02     0.0426     -0.724     -1.050    27.2450 0.0000e+00
     -0.737      0.002     5.6266     68.655      5.294   5.531878     0.0000    -0.1193     0.0000     0.0423 1.1284e+02     0.0426     -0.723     -1.049    27.2452 0.0000e+00
     -0.737      0.002     5.6019     67.992      5.636   5.889021     0.0000    -0.0888     0.0000     0.0423 1.1457e+02     0.1327     -0.723     -1.049    27.2453 0.0000e+00
     -0.736      0.003     5.5560     67.419      5.997   6.265415     0.0000    -0.1079     0.0000     0.0423 1.1724e+02     0.0275     -0.722     -1.048    27.2453 0.0000e+00
     -0.736      0.004     5.5010     67.143      6.269   6.547851     0.0000    -0.1308     0.0000     0.0423 5.9679e+02    -0.2881     -0.721     -1.047    27.2452 0.0000e+00
     -0.735      0.005     5.4464     67.205      6.425   6.708809     0.0000    -0.1231     0.0000    -0.0423 5.1303e+02    -0.3031     -0.720     -1.045    27.2449 0.0000e+00
     -0.733      0.007     5.3938     67.332      6.528   6.812966     0.0000    -0.1155     0.0000    -0.0423 4.7929e+02    -0.2130     -0.719     -1.043    27.2442 0.0000e+00
     -0.732      0.009     5.3485     67.375      6.645   6.929628     0.0000    -0.0926     0.0000    -0.0423 4.9003e+02    -0.2430     -0.717     -1.041    27.2430 0.0000e+00
     -0.730      0.011     5.3268     67.367      6.840   7.123524     0.0000     0.2584     0.0000    -0.0423 5.4462e+02    -0.2280     -0.715     -1.038    27.2409 0.0000e+00
     -0.727      0.014     5.3320     67.336      7.206   7.489868     0.0000     0.2851     0.0000     0.0846 5.6610e+02    -0.1528     -0.712     -1.034    27.2375 0.0000e+00
     -0.723      0.018     5.3427     67.305      7.905   8.193590     0.0000     0.2507     0.0000     0.0846 5.1504e+02    -0.2130     -0.709     -1.029    27.2316 0.0000e+00
