Data/DataNotYetUploadedToEDI/Raw_CTD/RawDownloads/091223_bvr50_S8188001.cnv
* Sea-Bird SBE19plus  Data File:
* FileName = C:\R\Reservoirs\Data\DataNotYetUploadedToEDI\Raw_CTD\RawDownloads\091223_bvr50_S8188_0001.hex
* Software version 2.8.0.119
* Temperature SN = 8188
* Conductivity SN = 8188
* System UpLoad Time = Sep 12 2023 18:05:40
* <ApplicationData>
* <Seaterm232>
# nquan = 16
# nvalues = 1331                        
# units = specified
# name 0 = depFM: Depth [fresh water, m]
# name 1 = dz/dtM: Descent Rate [m/s]
# name 2 = sbeox0Mg/L: Oxygen, SBE 43 [mg/l]
# name 3 = sbeox0PS: Oxygen, SBE 43 [% saturation]
# name 4 = specc: Specific Conductance [uS/cm]
# name 5 = c0uS/cm: Conductivity [uS/cm]
# name 6 = wetCDOM: Fluorescence, WET Labs CDOM [mg/m^3]
# name 7 = flECO-AFL: Fluorescence, WET Labs ECO-AFL/FL [mg/m^3]
# name 8 = flECO-AFL1: Fluorescence, WET Labs ECO-AFL/FL, 2 [mg/m^3]
# name 9 = flECO-AFL2: Fluorescence, WET Labs ECO-AFL/FL, 3 [mg/m^3]
# name 10 = par/sat/log: PAR/Logarithmic, Satlantic
# name 11 = turbWETntu0: Turbidity, WET Labs ECO [NTU]
# name 12 = prdM: Pressure, Strain Gauge [db]
# name 13 = prdE: Pressure, Strain Gauge [psi]
# name 14 = tv290C: Temperature [ITS-90, deg C]
# name 15 = flag:  0.000e+00
# span 0 =     -0.740,      9.071       
# span 1 =     -0.189,      0.144       
# span 2 =     0.1584,     5.6492       
# span 3 =      1.599,     70.928       
# span 4 =      0.963,    201.705       
# span 5 =   1.006404, 141.738979       
# span 6 =    -4.6800,     8.0100       
# span 7 =    -0.7564,    14.7163       
# span 8 =    -2.1300,     0.6390       
# span 9 =    -3.0879,     6.4719       
# span 10 = 1.1590e-01, 2.1565e+03      
# span 11 =    -8.7801,    67.0168      
# span 12 =     -0.726,      8.896      
# span 13 =     -1.053,     12.903      
# span 14 =     9.7665,    27.2670      
# span 15 = 0.0000e+00, 0.0000e+00      
# interval = seconds: 0.25
# start_time = Sep 12 2023 11:03:39 [Instrument's time stamp, header]
# bad_flag = -9.990e-29
*END*
[from data line 1085]
      4.738     -0.186     0.2193      1.915    128.493  93.893933     7.4700     1.8338     0.1278     0.9729 7.5821e+00     4.5666      4.646      6.739    11.4428 0.0000e+00
      4.690     -0.186     0.2169      1.893    127.854  93.499054     7.4700     1.8377     0.1278     0.9729 7.4612e+00     4.4614      4.600      6.671    11.4635 0.0000e+00
      4.644     -0.186     0.2142      1.877    126.978  92.938167     7.4700     1.7995     0.1278     0.9729 7.4726e+00     4.4764      4.555      6.606    11.4855 0.0000e+00
      4.599     -0.185     0.2113      1.872    125.741  92.125267     7.4700     1.7614     0.0852     0.9729 7.8096e+00     4.2660      4.510      6.541    11.5095 0.0000e+00
      4.552     -0.186     0.2085      1.872    123.947  90.928989     7.4700     1.7652     0.0852     0.9729 8.4230e+00     4.3412      4.464      6.474    11.5362 0.0000e+00
      4.504     -0.187     0.2060      1.870    121.662  89.413634     7.4700     1.7614     0.0852     0.9729 8.9592e+00     4.2660      4.417      6.406    11.5655 0.0000e+00
      4.456     -0.189     0.2041      1.866    119.420  87.983374     7.4700     1.7614     0.0852     0.9729 8.9223e+00     4.3863      4.370      6.337    11.5983 0.0000e+00
      4.408     -0.189     0.2034      1.860    117.450  86.792982     7.3800     1.7308     0.1278     0.9729 9.3409e+00     4.5967      4.322      6.269    11.6375 0.0000e+00
      4.358     -0.188     0.2032      1.852    115.125  85.354271     7.3800     1.6851     0.1278     0.9729 1.0561e+01     4.4915      4.274      6.199    11.6880 0.0000e+00
      4.309     -0.186     0.2026      1.840    111.760  83.166437     7.3800     1.6927     0.1278     0.9729 1.1832e+01     4.5817      4.225      6.128    11.7577 0.0000e+00
      4.261     -0.183     0.2018      1.827    107.792  80.587072     7.3800     1.7194     0.1278     0.9729 1.1745e+01     4.5817      4.179      6.061    11.8525 0.0000e+00
      4.216     -0.180     0.2006      1.809    104.371  78.482690     7.3800     1.7957     0.1278     0.9729 1.1845e+01     4.3111      4.134      5.996    11.9682 0.0000e+00
      4.172     -0.176     0.1991      1.786    101.430  76.758641     7.3800     1.7995     0.1278     0.9729 1.2572e+01     4.2810      4.091      5.933    12.0966 0.0000e+00
      4.127     -0.173     0.1972      1.761     98.224  74.816237     7.3800     1.8338     0.1278     0.9729 1.4273e+01     4.2660      4.048      5.870    12.2416 0.0000e+00
      4.083     -0.170     0.1951      1.738     95.231  73.022565     7.3800     1.8186     0.1278     0.9729 1.5181e+01     4.3412      4.004      5.808    12.4207 0.0000e+00
      4.040     -0.165     0.1923      1.718     93.364  72.072027     7.2900     1.8224     0.1278     1.0575 1.5684e+01     4.2360      3.962      5.746    12.6408 0.0000e+00
      3.997     -0.158     0.1888      1.702     92.505  71.842094     7.2900     2.2039     0.1278     1.0575 1.8465e+01     3.5596      3.920      5.685    12.8829 0.0000e+00
      3.955     -0.149     0.1851      1.692     91.733  71.592944     7.2900     2.2001     0.1278     1.0575 2.1794e+01     3.6949      3.879      5.626    13.1291 0.0000e+00
      3.916     -0.138     0.1816      1.687     90.826  71.160942     7.2900     2.2115     0.1278     1.0575 2.2882e+01     3.5897      3.841      5.571    13.3788 0.0000e+00
      3.883     -0.127     0.1785      1.683     90.399  71.041976     7.2900     2.1734     0.1278     1.0575 2.2487e+01     3.6197      3.808      5.523    13.6265 0.0000e+00
      3.854     -0.117     0.1760      1.676     90.569  71.327349     7.0200     3.5848     0.1278     1.0575 2.2033e+01     2.6578      3.780      5.482    13.8516 0.0000e+00
      3.828     -0.111     0.1742      1.667     90.429  71.307432     7.0200     3.6077     0.1278     1.0575 2.1414e+01     2.7179      3.755      5.446    14.0371 0.0000e+00
      3.804     -0.110     0.1731      1.657     89.007  70.256638     7.0200     3.6077     0.1278     1.0575 2.1573e+01     2.6578      3.731      5.411    14.1849 0.0000e+00
      3.778     -0.114     0.1723      1.646     86.603  68.478092     7.0200     3.6001     0.1278     1.0575 2.1691e+01     2.6277      3.706      5.375    14.3009 0.0000e+00
      3.750     -0.121     0.1712      1.632     84.054  66.672081     6.6600     3.0050     0.1278     1.1844 2.1625e+01     2.7780      3.678      5.335    14.3829 0.0000e+00
      3.718     -0.126     0.1701      1.618     81.832  65.208003     6.6600     2.9897     0.1278     1.1844 2.2892e+01     2.9734      3.647      5.289    14.4340 0.0000e+00
      3.682     -0.129     0.1690      1.607     80.305  64.345996     6.6600     2.9783     0.1278     1.1844 2.7416e+01     2.8532      3.611      5.238    14.4775 0.0000e+00
      3.644     -0.128     0.1675      1.601     79.434  64.004973     6.6600     2.9897     0.1278     1.1844 3.2870e+01     2.8832      3.573      5.183    14.5515 0.0000e+00
      3.608     -0.123     0.1657      1.599     78.741  63.756856     6.4800     4.2791     0.1278     1.0998 3.3157e+01     2.6728      3.538      5.132    14.6805 0.0000e+00
      3.577     -0.116     0.1637      1.600     77.900  63.329230     6.4800     4.2715     0.1278     1.0998 3.1823e+01     2.6578      3.509      5.089    14.8636 0.0000e+00
      3.552     -0.109     0.1618      1.603     76.768  62.621950     6.4800     4.2791     0.1278     1.0998 3.0883e+01     2.6578      3.484      5.053    15.0824 0.0000e+00
      3.529     -0.106     0.1604      1.610     75.057  61.420633     6.4800     4.2600     0.1278     1.0998 3.1166e+01     2.6578      3.461      5.020    15.3048 0.0000e+00
      3.505     -0.106     0.1595      1.617     72.830  59.801555     4.9500     4.0311     0.0852     1.6074 3.2038e+01     2.7179      3.438      4.986    15.5009 0.0000e+00
      3.480     -0.109     0.1590      1.623     70.552  58.167844     4.9500     4.0464     0.0852     1.6074 3.2185e+01     2.6879      3.412      4.949    15.6644 0.0000e+00
      3.451     -0.112     0.1589      1.625     68.375  56.648984     4.9500     4.0540     0.0852     1.6074 3.3150e+01     2.7029      3.384      4.909    15.8063 0.0000e+00
      3.419     -0.112     0.1591      1.628     66.501  55.406948     4.9500     4.0464     0.0852     1.6074 3.8014e+01     2.6578      3.353      4.863    15.9407 0.0000e+00
      3.385     -0.107     0.1593      1.640     65.200  54.645797     4.9500     6.7663     0.0852     1.6074 4.5133e+01     2.8983      3.320      4.815    16.0853 0.0000e+00
      3.354     -0.097     0.1593      1.660     64.199  54.113034     4.5900     6.7816     0.0852     1.6920 4.7302e+01     2.8532      3.289      4.771    16.2568 0.0000e+00
      3.330     -0.084     0.1588      1.685     63.326  53.654711     4.5900     6.7816     0.0852     1.6920 4.5606e+01     2.7630      3.265      4.736    16.4603 0.0000e+00
      3.312     -0.069     0.1584      1.714     62.867  53.515335     4.5900     6.7930     0.0852     1.6920 4.4771e+01     2.8682      3.248      4.711    16.6909 0.0000e+00
      3.299     -0.054     0.1587      1.748     63.071  53.897594     4.5900     8.1435     0.0852     1.6920 4.3943e+01     2.8231      3.235      4.693    16.9330 0.0000e+00
      3.290     -0.043     0.1599      1.785     63.729  54.600138     4.2300     8.1435     0.0852     1.9881 4.3819e+01     2.8231      3.226      4.679    17.1657 0.0000e+00
      3.281     -0.035     0.1616      1.820     64.282  55.132364     4.2300     8.1358     0.0852     1.9881 4.4626e+01     2.8081      3.218      4.667    17.3790 0.0000e+00
      3.274     -0.031     0.1637      1.849     64.522  55.332901     4.2300     8.1358     0.0852     1.9881 4.4163e+01     2.8532      3.210      4.657    17.5702 0.0000e+00
      3.267     -0.030     0.1664      1.870     64.573  55.340469     4.2300     8.0099     0.0852     1.9881 4.3981e+01     3.1087      3.203      4.647    17.7283 0.0000e+00
      3.260     -0.031     0.1695      1.879     64.428  55.178892     4.2300     8.0099     0.0852     1.9881 4.3780e+01     3.0486      3.197      4.637    17.8347 0.0000e+00
      3.253     -0.033     0.1727      1.877     63.951  54.757494     4.2300     8.0023     0.0852     1.9881 4.4000e+01     3.0185      3.190      4.627    17.8793 0.0000e+00
      3.245     -0.038     0.1755      1.863     63.117  54.059062     4.2300     8.0214     0.0852     1.9881 4.4124e+01     3.1237      3.182      4.615    17.8755 0.0000e+00
      3.236     -0.045     0.1775      1.841     62.054  53.186782     4.2300     4.5995     0.0852     1.9881 4.3638e+01     3.1388      3.172      4.602    17.8482 0.0000e+00
      3.224     -0.055     0.1786      1.816     60.833  52.203423     4.2300     4.6072     0.0852     1.9881 4.3260e+01     3.0786      3.162      4.586    17.8208 0.0000e+00
      3.211     -0.067     0.1784      1.791     59.512  51.163910     3.7800     4.5881     0.0852     1.9881 4.3242e+01     3.0786      3.148      4.567    17.8121 0.0000e+00
      3.193     -0.082     0.1770      1.771     58.211  50.169626     3.7800     4.6110     0.0852     1.9881 4.3166e+01     3.0937      3.131      4.542    17.8264 0.0000e+00
      3.171     -0.097     0.1748      1.762     56.941  49.224990     3.7800     3.9281     0.0852     1.9881 4.3242e+01     3.1087      3.110      4.511    17.8604 0.0000e+00
      3.144     -0.109     0.1722      1.774     55.627  48.260441     3.7800     3.9014     0.0852     1.9881 4.5785e+01     3.0636      3.083      4.471    17.9162 0.0000e+00
      3.110     -0.118     0.1695      1.816     54.207  47.220920     3.8700     3.9167     0.0852     1.9458 5.4667e+01     3.1087      3.050      4.424    17.9991 0.0000e+00
      3.074     -0.123     0.1671      1.900     52.786  46.197819     3.8700     3.9053     0.0852     1.9458 6.1983e+01     3.1538      3.015      4.373    18.1103 0.0000e+00
      3.039     -0.125     0.1658      2.036     51.585  45.380029     3.8700     5.4693     0.0852     1.9458 6.0493e+01     2.5977      2.981      4.323    18.2463 0.0000e+00
      3.008     -0.125     0.1664      2.235     50.593  44.739714     3.8700     5.4960     0.0852     1.9458 6.0770e+01     2.6578      2.950      4.278    18.4048 0.0000e+00
      2.979     -0.126     0.1696      2.512     49.618  44.094247     3.5100     5.4960     0.0426     1.4382 5.9026e+01     2.8532      2.921      4.237    18.5861 0.0000e+00
      2.950     -0.129     0.1765      2.878     48.582  43.372561     3.5100     5.4808     0.0426     1.4382 5.9039e+01     2.6879      2.893      4.196    18.7915 0.0000e+00
      2.919     -0.134     0.1881      3.333     47.448  42.546666     3.5100     4.6301     0.0426     1.4382 5.8617e+01     2.4323      2.863      4.152    19.0168 0.0000e+00
      2.885     -0.138     0.2055      3.862     46.166  41.582568     3.5100     4.6186     0.0426     1.4382 6.0152e+01     2.4624      2.829      4.103    19.2464 0.0000e+00
      2.845     -0.140     0.2298      4.452     44.875  40.615445     2.9700     4.6377     0.0426     1.0575 7.1776e+01     2.4323      2.790      4.047    19.4654 0.0000e+00
      2.803     -0.136     0.2622      5.097     43.764  39.817295     2.9700     4.6186     0.0426     1.0575 8.4004e+01     2.3873      2.749      3.987    19.6708 0.0000e+00
      2.764     -0.126     0.3024      5.803     42.852  39.195175     2.9700     4.1761     0.0426     1.0575 8.6411e+01     2.1618      2.710      3.931    19.8691 0.0000e+00
      2.731     -0.111     0.3490      6.589     42.091  38.696103     2.9700     4.1723     0.0426     1.0575 8.3441e+01     2.2219      2.679      3.885    20.0715 0.0000e+00
      2.707     -0.092     0.4006      7.468     41.583  38.408843     2.9700     4.1647     0.0426     1.0575 8.1541e+01     2.2069      2.654      3.850    20.2894 0.0000e+00
      2.688     -0.073     0.4566      8.436     41.600  38.577673     2.9700     4.1647     0.0426     1.1421 8.0642e+01     2.1768      2.636      3.823    20.5232 0.0000e+00
      2.673     -0.057     0.5176      9.466     42.027  39.079244     2.9700     4.4050     0.0426     1.1421 8.0537e+01     1.8762      2.622      3.802    20.7606 0.0000e+00
      2.662     -0.043     0.5854     10.509     42.325  39.401574     2.9700     4.4317     0.0426     1.1421 7.9183e+01     2.0265      2.611      3.786    20.9880 0.0000e+00
      2.654     -0.033     0.6613     11.489     42.362  39.440467     2.9700     4.3935     0.0426     1.1421 7.8447e+01     1.9664      2.602      3.774    21.1957 0.0000e+00
      2.647     -0.026     0.7450     12.305     42.429  39.493528     2.9700     4.4088     0.0852     1.1421 7.6229e+01     1.9213      2.596      3.765    21.3705 0.0000e+00
      2.643     -0.020     0.8346     12.845     42.671  39.705645     2.9700     4.3478     0.0852     1.1421 7.7599e+01     1.9814      2.592      3.759    21.4900 0.0000e+00
      2.639     -0.016     0.9262     13.047     42.981  39.974911     2.9700     4.3592     0.0852     1.1421 7.6844e+01     2.0115      2.588      3.753    21.5419 0.0000e+00
      2.635     -0.013     1.0129     12.933     43.170  40.119571     2.9700     4.3325     0.0852     1.1421 7.6328e+01     1.9363      2.584      3.748    21.5466 0.0000e+00
      2.632     -0.011     1.0852     12.570     43.118  40.033586     2.9700     4.3363     0.0426     1.1844 7.5865e+01     2.0416      2.581      3.744    21.5353 0.0000e+00
      2.630     -0.010     1.1332     12.029     42.775  39.688082     2.9700     4.4164     0.0426     1.1844 7.4509e+01     1.9514      2.579      3.741    21.5209 0.0000e+00
      2.628     -0.010     1.1516     11.381     42.164  39.117703     2.9700     4.4050     0.0426     1.1844 7.3512e+01     1.9664      2.577      3.738    21.4984 0.0000e+00
      2.626     -0.010     1.1424     10.710     41.449  38.485309     2.9700     4.4088     0.0426     1.1844 7.3400e+01     1.9063      2.575      3.735    21.4621 0.0000e+00
      2.624     -0.011     1.1113     10.120     40.879  38.020408     2.9700     4.4164     0.0426     1.2690 7.2702e+01     1.9514      2.573      3.731    21.4196 0.0000e+00
      2.621     -0.012     1.0641      9.711     40.530  37.777298     2.9700     4.7674     0.0426     1.2690 7.3193e+01     2.7931      2.570      3.728    21.3882 0.0000e+00
      2.618     -0.015     1.0070      9.550     40.250  37.598066     2.9700     4.7445     0.0426     1.2690 7.1979e+01     2.6578      2.567      3.723    21.3855 0.0000e+00
      2.614     -0.018     0.9470      9.664     39.932  37.377479     2.9700     4.7674     0.0426     1.2690 7.3241e+01     2.7630      2.564      3.718    21.4241 0.0000e+00
      2.610     -0.023     0.8935     10.040     39.598  37.135945     2.9700     4.7712     0.0426     1.2690 7.1822e+01     2.7630      2.559      3.712    21.5029 0.0000e+00
      2.604     -0.029     0.8556     10.629     39.294  36.917996     2.8800     4.5690     0.0426     1.2690 7.3896e+01     2.8832      2.554      3.703    21.6038 0.0000e+00
      2.597     -0.037     0.8397     11.368     39.074  36.776428     2.8800     4.6072     0.0426     1.2690 7.3050e+01     2.7931      2.546      3.693    21.7058 0.0000e+00
      2.587     -0.047     0.8479     12.198     38.980  36.746777     2.8800     4.5957     0.0426     1.2690 7.3273e+01     2.8682      2.537      3.679    21.8013 0.0000e+00
      2.575     -0.061     0.8792     13.060     39.025  36.835004     2.8800     4.5652     0.0426     1.2690 7.3848e+01     2.8231      2.525      3.662    21.8907 0.0000e+00
      2.559     -0.077     0.9292     13.899     39.086  36.920048     2.8800     3.8442     0.0426     1.1844 7.3305e+01     2.9133      2.510      3.640    21.9755 0.0000e+00
      2.539     -0.093     0.9922     14.668     38.973  36.824543     2.8800     3.8633     0.0426     1.1844 7.4009e+01     2.8081      2.490      3.611    22.0568 0.0000e+00
