Data/DataNotYetUploadedToEDI/Raw_CTD/RawDownloads/091223_bvr50_S8188001.cnv
* Sea-Bird SBE19plus  Data File:
* FileName = C:\R\Reservoirs\Data\DataNotYetUploadedToEDI\Raw_CTD\RawDownloads\091223_bvr50_S8188_0001.hex
* Software version 2.8.0.119
* Temperature SN = 8188
* Conductivity SN = 8188
* System UpLoad Time = Sep 12 2023 18:05:40
* <ApplicationData>
* <Seaterm232>
# nquan = 16
# nvalues = 1331                        
# units = specified
# name 0 = depFM: Depth [fresh water, m]
# name 1 = dz/dtM: Descent Rate [m/s]
# name 2 = sbeox0Mg/L: Oxygen, SBE 43 [mg/l]
# name 3 = sbeox0PS: Oxygen, SBE 43 [% saturation]
# name 4 = specc: Specific Conductance [uS/cm]
# name 5 = c0uS/cm: Conductivity [uS/cm]
# name 6 = wetCDOM: Fluorescence, WET Labs CDOM [mg/m^3]
# name 7 = flECO-AFL: Fluorescence, WET Labs ECO-AFL/FL [mg/m^3]
# name 8 = flECO-AFL1: Fluorescence, WET Labs ECO-AFL/FL, 2 [mg/m^3]
# name 9 = flECO-AFL2: Fluorescence, WET Labs ECO-AFL/FL, 3 [mg/m^3]
# name 10 = par/sat/log: PAR/Logarithmic, Satlantic
# name 11 = turbWETntu0: Turbidity, WET Labs ECO [NTU]
# name 12 = prdM: Pressure, Strain Gauge [db]
# name 13 = prdE: Pressure, Strain Gauge [psi]
# name 14 = tv290C: Temperature [ITS-90, deg C]
# name 15 = flag:  0.000e+00
# span 0 =     -0.740,      9.071       
# span 1 =     -0.189,      0.144       
# span 2 =     0.1584,     5.6492       
# span 3 =      1.599,     70.928       
# span 4 =      0.963,    201.705       
# span 5 =   1.006404, 141.738979       
# span 6 =    -4.6800,     8.0100       
# span 7 =    -0.7564,    14.7163       
# span 8 =    -2.1300,     0.6390       
# span 9 =    -3.0879,     6.4719       
# span 10 = 1.1590e-01, 2.1565e+03      
# span 11 =    -8.7801,    67.0168      
# span 12 =     -0.726,      8.896      
# span 13 =     -1.053,     12.903      
# span 14 =     9.7665,    27.2670      
# span 15 = 0.0000e+00, 0.0000e+00      
# interval = seconds: 0.25
# start_time = Sep 12 2023 11:03:39 [Instrument's time stamp, header]
# bad_flag = -9.990e-29
*END*
[from data line 995]
      7.449     -0.124     0.3005      2.672    158.548 112.500643     7.3800     1.3799     0.2130     0.7614 1.1595e-01     2.9434      7.305     10.595    10.4455 0.0000e+00
      7.414     -0.129     0.3003      2.661    158.480 112.476025     7.3800     1.4219     0.2130     0.7614 1.1612e-01     4.7620      7.270     10.545    10.4528 0.0000e+00
      7.377     -0.131     0.3002      2.651    158.402 112.439457     7.3800     1.4142     0.2130     0.7614 1.1605e-01     4.7320      7.234     10.492    10.4601 0.0000e+00
      7.341     -0.131     0.2995      2.638    158.315 112.393116     7.2000     1.3799     0.2130     0.6768 1.1607e-01     4.7770      7.199     10.441    10.4680 0.0000e+00
      7.309     -0.130     0.2981      2.626    158.198 112.324645     7.2000     1.4104     0.2130     0.6768 1.1610e-01     4.8221      7.167     10.395    10.4759 0.0000e+00
      7.279     -0.130     0.2969      2.614    158.057 112.239642     7.2000     0.6703     0.2130     0.6768 1.1612e-01    37.8734      7.138     10.352    10.4833 0.0000e+00
      7.248     -0.132     0.2957      2.604    157.921 112.161166     7.2000     0.6589     0.2130     0.6768 1.1607e-01    37.9185      7.108     10.309    10.4893 0.0000e+00
      7.215     -0.136     0.2942      2.594    157.817 112.108053     7.2900     0.6780     0.2130     0.7614 1.1612e-01    37.8734      7.076     10.263    10.4943 0.0000e+00
      7.180     -0.140     0.2928      2.582    157.742 112.078066     7.2900     0.6932     0.2130     0.7614 1.1610e-01    37.9335      7.041     10.212    10.4988 0.0000e+00
      7.142     -0.142     0.2914      2.568    157.670 112.049296     7.2900     1.1510     0.2130     0.7614 1.1605e-01    14.9524      7.003     10.158    10.5036 0.0000e+00
      7.102     -0.140     0.2902      2.556    157.602 112.020034     7.2900     1.1472     0.2130     0.7614 1.1607e-01    15.0126      6.964     10.101    10.5093 0.0000e+00
      7.063     -0.136     0.2892      2.548    157.560 112.004348     7.3800     1.1510     0.2130     0.7614 1.2892e-01    14.9675      6.926     10.046    10.5160 0.0000e+00
      7.028     -0.131     0.2878      2.541    157.544 112.002030     7.3800     1.1357     0.2130     0.7614 1.2648e-01    14.9675      6.892      9.996    10.5233 0.0000e+00
      6.998     -0.126     0.2862      2.536    157.527 111.996558     7.3800     1.4066     0.2130     0.7614 1.1612e-01     7.4073      6.862      9.953    10.5303 0.0000e+00
      6.970     -0.124     0.2848      2.536    157.478 111.970569     7.3800     1.3913     0.2130     0.7614 1.1592e-01     7.4674      6.835      9.913    10.5364 0.0000e+00
      6.942     -0.126     0.2838      2.539    157.396 111.925084     7.4700     1.3761     0.1704     0.6768 1.1605e-01     7.4524      6.807      9.873    10.5409 0.0000e+00
      6.911     -0.129     0.2831      2.542    157.312 111.883759     7.4700     1.3646     0.1704     0.6768 1.1602e-01     7.2871      6.777      9.830    10.5438 0.0000e+00
      6.876     -0.131     0.2825      2.544    157.259 111.867383     7.4700     1.3379     0.1704     0.6768 1.3132e-01     7.0917      6.743      9.781    10.5460 0.0000e+00
      6.838     -0.130     0.2825      2.544    157.234 111.867616     7.4700     1.3112     0.1704     0.6768 2.3829e-01     7.2119      6.705      9.726    10.5486 0.0000e+00
      6.799     -0.126     0.2828      2.543    157.214 111.864639     7.4700     1.3379     0.1704     0.6768 3.3957e-01     7.0767      6.668      9.671    10.5528 0.0000e+00
      6.766     -0.120     0.2831      2.539    157.181 111.845732     7.3800     1.3303     0.1704     0.6345 2.7901e-01     7.1819      6.635      9.623    10.5587 0.0000e+00
      6.739     -0.113     0.2833      2.530    157.112 111.797900     7.3800     1.3990     0.1704     0.6345 2.1459e-01     6.1748      6.608      9.585    10.5653 0.0000e+00
      6.716     -0.108     0.2833      2.516    156.978 111.704410     7.3800     1.3875     0.1704     0.6345 2.2267e-01     6.1448      6.586      9.552    10.5710 0.0000e+00
      6.693     -0.108     0.2831      2.504    156.735 111.540332     7.3800     1.4219     0.1704     0.6345 2.0431e-01     6.1147      6.563      9.520    10.5746 0.0000e+00
      6.668     -0.112     0.2827      2.494    156.359 111.291733     7.6500     1.4104     0.1278     0.7191 2.0219e-01     6.1298      6.539      9.484    10.5761 0.0000e+00
      6.639     -0.119     0.2816      2.481    155.900 110.997683     7.6500     1.2578     0.1278     0.7191 2.1076e-01    11.6007      6.511      9.443    10.5765 0.0000e+00
      6.606     -0.124     0.2800      2.467    155.428 110.705012     7.6500     1.2387     0.1278     0.7191 2.7089e-01    11.5857      6.478      9.396    10.5773 0.0000e+00
      6.569     -0.125     0.2787      2.456    154.949 110.413206     7.6500     1.2731     0.1278     0.7191 5.1639e-01    11.5256      6.442      9.343    10.5800 0.0000e+00
      6.532     -0.121     0.2776      2.449    154.489 110.135894     7.5600     1.2845     0.1278     0.6345 6.4747e-01    11.6458      6.406      9.291    10.5862 0.0000e+00
      6.499     -0.115     0.2761      2.444    154.114 109.918400     7.5600     1.4409     0.1278     0.6345 5.8728e-01     6.4304      6.374      9.244    10.5966 0.0000e+00
      6.473     -0.107     0.2744      2.434    153.831 109.762362     7.5600     1.4638     0.1278     0.6345 4.8601e-01     6.4153      6.348      9.207    10.6106 0.0000e+00
      6.451     -0.101     0.2731      2.421    153.631 109.659964     7.5600     1.4638     0.1278     0.6345 4.7165e-01     6.3402      6.326      9.174    10.6265 0.0000e+00
      6.429     -0.099     0.2722      2.412    153.528 109.621670     7.5600     1.4524     0.1278     0.6345 4.9443e-01     6.3702      6.305      9.144    10.6430 0.0000e+00
      6.407     -0.102     0.2715      2.408    153.437 109.585586     7.6500     1.2998     0.0852     0.6768 4.7474e-01    11.7961      6.283      9.112    10.6591 0.0000e+00
      6.382     -0.108     0.2703      2.408    153.246 109.474506     7.6500     1.2731     0.0852     0.6768 4.5881e-01    11.9013      6.258      9.077    10.6739 0.0000e+00
      6.353     -0.113     0.2688      2.410    152.976 109.306515     7.6500     1.2693     0.0852     0.6768 5.1886e-01    11.8713      6.231      9.036    10.6871 0.0000e+00
      6.321     -0.115     0.2677      2.414    152.704 109.138195     7.6500     1.2502     0.0852     0.6768 6.8868e-01    11.8262      6.198      8.990    10.6984 0.0000e+00
      6.285     -0.112     0.2672      2.418    152.501 109.020074     7.6500     1.5363     0.0852     0.4653 1.1506e+00     7.4674      6.164      8.939    10.7079 0.0000e+00
      6.252     -0.105     0.2672      2.421    152.365 108.948480     7.6500     1.5172     0.0852     0.4653 1.3029e+00     7.4524      6.131      8.892    10.7160 0.0000e+00
      6.225     -0.094     0.2674      2.415    152.231 108.874508     7.6500     1.5020     0.0852     0.4653 1.1084e+00     7.4374      6.105      8.854    10.7241 0.0000e+00
      6.206     -0.083     0.2677      2.397    152.089 108.792345     7.6500     1.5287     0.0852     0.4653 9.4252e-01     7.3773      6.086      8.827    10.7328 0.0000e+00
      6.191     -0.073     0.2681      2.370    151.924 108.692011     7.5600     1.2311     0.1278     0.7191 8.7047e-01    14.2460      6.071      8.805    10.7416 0.0000e+00
      6.177     -0.069     0.2684      2.340    151.707 108.552713     7.5600     1.2044     0.1278     0.7191 7.9385e-01    14.2761      6.057      8.785    10.7498 0.0000e+00
      6.162     -0.071     0.2677      2.314    151.399 108.349230     7.5600     1.2273     0.1278     0.7191 8.8824e-01    14.3212      6.042      8.764    10.7571 0.0000e+00
      6.145     -0.078     0.2657      2.300    150.952 108.049167     7.5600     1.1968     0.1278     0.7191 8.5938e-01    14.2310      6.026      8.739    10.7635 0.0000e+00
      6.125     -0.086     0.2627      2.295    150.372 107.661954     7.6500     1.2464     0.1278     0.5499 7.8835e-01    13.4795      6.006      8.712    10.7693 0.0000e+00
      6.101     -0.093     0.2593      2.296    149.725 107.235394     7.6500     1.2807     0.1278     0.5499 8.6443e-01    13.5546      5.983      8.678    10.7747 0.0000e+00
      6.073     -0.096     0.2564      2.307    149.135 106.856486     7.6500     1.2731     0.1278     0.5499 1.1394e+00    13.5396      5.956      8.638    10.7802 0.0000e+00
      6.043     -0.095     0.2548      2.323    148.801 106.664678     7.6500     1.2502     0.1278     0.5499 1.6096e+00    13.4795      5.926      8.595    10.7870 0.0000e+00
      6.015     -0.089     0.2541      2.334    148.799 106.706208     7.6500     1.3761     0.1278     0.5499 1.5090e+00     9.7821      5.899      8.556    10.7963 0.0000e+00
      5.993     -0.081     0.2542      2.335    148.896 106.807317     7.5600     1.3875     0.0852     0.7191 1.3364e+00     9.7670      5.877      8.525    10.8084 0.0000e+00
      5.977     -0.073     0.2553      2.327    148.863 106.802181     7.5600     1.3684     0.0852     0.7191 1.2532e+00     9.7069      5.861      8.501    10.8231 0.0000e+00
      5.962     -0.066     0.2570      2.312    148.682 106.683470     7.5600     1.3799     0.0852     0.7191 1.2022e+00     9.6919      5.847      8.481    10.8390 0.0000e+00
      5.949     -0.064     0.2582      2.292    148.376 106.473189     7.5600     1.3494     0.0852     0.7191 1.1377e+00    10.4735      5.834      8.461    10.8534 0.0000e+00
      5.934     -0.068     0.2583      2.270    147.962 106.188804     7.5600     1.3227     0.1278     0.6768 1.1574e+00    10.4434      5.820      8.441    10.8639 0.0000e+00
      5.918     -0.076     0.2573      2.250    147.492 105.871739     7.5600     1.3341     0.1278     0.6768 1.1506e+00    10.4133      5.804      8.418    10.8701 0.0000e+00
      5.899     -0.087     0.2556      2.235    146.965 105.522908     7.5600     1.3379     0.1278     0.6768 1.1286e+00    10.4735      5.785      8.391    10.8738 0.0000e+00
      5.877     -0.099     0.2534      2.227    146.281 105.071150     7.5600     1.3875     0.1278     0.6768 1.1576e+00     8.5646      5.763      8.358    10.8770 0.0000e+00
      5.849     -0.108     0.2510      2.224    145.311 104.423823     7.5600     1.3799     0.0852     0.5922 1.2499e+00     8.5646      5.735      8.319    10.8814 0.0000e+00
      5.816     -0.113     0.2486      2.225    144.097 103.613001     7.5600     1.3799     0.0852     0.5922 1.7252e+00     8.5045      5.703      8.272    10.8884 0.0000e+00
      5.781     -0.113     0.2469      2.226    142.889 102.819923     7.5600     1.3875     0.0852     0.5922 2.3693e+00     8.4745      5.669      8.222    10.8988 0.0000e+00
      5.749     -0.109     0.2460      2.227    141.849 102.157015     7.5600     1.5706     0.0852     0.5922 2.1972e+00     6.3853      5.638      8.177    10.9124 0.0000e+00
      5.722     -0.103     0.2456      2.226    141.003 101.636278     7.5600     1.5783     0.0852     0.5922 1.9484e+00     6.3702      5.612      8.139    10.9297 0.0000e+00
      5.700     -0.097     0.2455      2.221    140.414 101.295693     7.4700     1.5783     0.0852     0.7614 1.8136e+00     6.4304      5.590      8.108    10.9512 0.0000e+00
      5.680     -0.095     0.2455      2.213    140.180 101.201409     7.4700     1.5783     0.0852     0.7614 1.7971e+00     6.4304      5.570      8.079    10.9776 0.0000e+00
      5.659     -0.098     0.2454      2.206    140.271 101.324313     7.4700     1.5287     0.0852     0.7614 1.8183e+00     6.9564      5.549      8.049    11.0076 0.0000e+00
      5.635     -0.105     0.2451      2.201    140.406 101.460731     7.4700     1.5210     0.0852     0.7614 1.8398e+00     6.9865      5.526      8.015    11.0388 0.0000e+00
      5.609     -0.114     0.2444      2.194    140.252 101.372833     7.4700     1.5096     0.0852     0.9306 1.8314e+00     6.9264      5.500      7.977    11.0686 0.0000e+00
      5.577     -0.122     0.2433      2.187    139.640 100.949751     7.4700     1.4943     0.0852     0.9306 2.0156e+00     6.8362      5.469      7.932    11.0947 0.0000e+00
      5.541     -0.126     0.2425      2.185    138.581 100.209806     7.4700     1.6355     0.0852     0.9306 2.8333e+00     4.4764      5.434      7.881    11.1150 0.0000e+00
      5.503     -0.125     0.2419      2.183    137.338  99.353067     7.4700     1.6469     0.0852     0.9306 3.4852e+00     4.4614      5.397      7.827    11.1287 0.0000e+00
      5.469     -0.121     0.2410      2.185    136.347  98.695464     7.3800     1.6660     0.0852     0.8460 3.3203e+00     4.5366      5.363      7.778    11.1373 0.0000e+00
      5.439     -0.115     0.2403      2.190    135.788  98.359653     7.3800     1.6431     0.0852     0.8460 3.1094e+00     4.5817      5.334      7.736    11.1441 0.0000e+00
      5.414     -0.109     0.2400      2.191    135.512  98.226288     7.3800     1.7766     0.0852     0.8460 2.9655e+00     4.0105      5.309      7.700    11.1535 0.0000e+00
      5.390     -0.106     0.2398      2.186    135.369  98.180343     7.3800     1.7575     0.0852     0.8460 2.9005e+00     4.0706      5.286      7.666    11.1689 0.0000e+00
      5.366     -0.109     0.2398      2.175    135.354  98.215527     7.3800     1.7575     0.0852     0.9729 2.9119e+00     4.1007      5.262      7.632    11.1907 0.0000e+00
      5.340     -0.117     0.2402      2.158    135.394  98.279639     7.3800     1.7575     0.0852     0.9729 2.8773e+00     4.0857      5.237      7.596    11.2160 0.0000e+00
      5.311     -0.128     0.2402      2.139    135.305  98.242758     7.3800     1.6355     0.0852     0.9729 2.8698e+00     5.5586      5.208      7.554    11.2405 0.0000e+00
      5.277     -0.139     0.2396      2.119    134.974  98.027502     7.3800     1.6278     0.0852     0.9729 3.1536e+00     5.5586      5.175      7.505    11.2615 0.0000e+00
      5.237     -0.150     0.2382      2.099    134.447  97.671831     7.3800     1.6546     0.0852     0.9729 3.9191e+00     5.4233      5.136      7.449    11.2784 0.0000e+00
      5.195     -0.158     0.2363      2.079    133.868  97.285528     7.4700     1.6355     0.0852     1.1421 4.6440e+00     5.4384      5.094      7.389    11.2915 0.0000e+00
      5.152     -0.166     0.2341      2.065    133.333  96.938417     7.4700     1.8071     0.0852     1.1421 4.6138e+00     4.2660      5.052      7.328    11.3018 0.0000e+00
      5.110     -0.171     0.2320      2.056    132.861  96.643226     7.4700     1.8300     0.0852     1.1421 4.4387e+00     4.2360      5.011      7.268    11.3111 0.0000e+00
      5.067     -0.174     0.2297      2.050    132.413  96.366929     7.4700     1.8377     0.0852     1.1421 4.7718e+00     4.2510      4.969      7.207    11.3213 0.0000e+00
      5.022     -0.176     0.2275      2.043    131.939  96.069621     7.2900     1.8186     0.1278     0.8883 5.4104e+00     4.3261      4.925      7.143    11.3340 0.0000e+00
      4.975     -0.179     0.2258      2.029    131.414  95.735588     7.2900     1.7537     0.1278     0.8883 5.9326e+00     4.0406      4.879      7.077    11.3499 0.0000e+00
      4.929     -0.183     0.2247      2.010    130.880  95.396929     7.2900     1.7575     0.1278     0.8883 5.8051e+00     4.0706      4.834      7.011    11.3679 0.0000e+00
      4.883     -0.185     0.2240      1.989    130.348  95.062660     7.2900     1.7499     0.1278     0.8883 5.9287e+00     4.0857      4.789      6.945    11.3866 0.0000e+00
      4.836     -0.186     0.2232      1.965    129.723  94.663508     7.4700     1.7575     0.1278     0.9729 6.2543e+00     4.0105      4.743      6.879    11.4049 0.0000e+00
