Data/DataNotYetUploadedToEDI/Raw_CTD/RawDownloads/091223_fcr50_S7809003.cnv
* Sea-Bird SBE19plus  Data File:
* FileName = C:\R\Reservoirs\Data\DataNotYetUploadedToEDI\Raw_CTD\RawDownloads\091223_bvr50_S7809_0003.hex
* Software version 2.8.0.119
* Temperature SN = 7809
* Conductivity SN = 7809
* System UpLoad Time = Sep 12 2023 18:11:30
* <ApplicationData>
* <Seaterm232>
# nquan = 15
# nvalues = 889                         
# units = specified
# name 0 = depFM: Depth [fresh water, m]
# name 1 = dz/dtM: Descent Rate [m/s]
# name 2 = sbeox0Mg/L: Oxygen, SBE 43 [mg/l]
# name 3 = sbeox0PS: Oxygen, SBE 43 [% saturation]
# name 4 = specc: Specific Conductance [uS/cm]
# name 5 = c0uS/cm: Conductivity [uS/cm]
# name 6 = flECO-AFL: Fluorescence, WET Labs ECO-AFL/FL [mg/m^3]
# name 7 = ph: pH
# name 8 = orp: Oxidation Reduction Potential [mV]
# name 9 = par/sat/log: PAR/Logarithmic, Satlantic
# name 10 = turbWETntu0: Turbidity, WET Labs ECO [NTU]
# name 11 = prdM: Pressure, Strain Gauge [db]
# name 12 = prdE: Pressure, Strain Gauge [psi]
# name 13 = tv290C: Temperature [ITS-90, deg C]
# name 14 = flag:  0.000e+00
# span 0 =     -0.673,      9.416       
# span 1 =     -0.331,      0.321       
# span 2 =    -2.0022,     8.9866       
# span 3 =    -17.634,    106.876       
# span 4 =      0.496,    422.461       
# span 5 =   0.537748, 312.835198       
# span 6 =    -0.1523,    56.7091       
# span 7 =      2.084,      8.418       
# span 8 = -1240.7455,   542.8769       
# span 9 = 1.2341e-01, 2.2447e+02       
# span 10 =     1.0756,   271.0053      
# span 11 =     -0.661,      9.234      
# span 12 =     -0.958,     13.393      
# span 13 =    11.8345,    29.1905      
# span 14 = 0.0000e+00, 0.0000e+00      
# interval = seconds: 0.25
# start_time = Sep 12 2023 15:11:40 [Instrument's time stamp, header]
# bad_flag = -9.990e-29
*END*
     -0.673 2.1028e-14     7.3515     95.905      0.522   0.565250    -0.0734      5.930 -1240.7455 1.7927e+02     1.6745     -0.660     -0.957    29.1904 0.0000e+00
     -0.673 2.3131e-13     7.3502     95.927      0.520   0.563061    -0.0837      5.928 -1240.7455 1.8413e+02     1.6969     -0.660     -0.957    29.1902 0.0000e+00
     -0.673 2.5444e-12     7.3509     95.956      0.508   0.550310    -0.0931      5.923 -1240.7452 1.8917e+02     1.6354     -0.660     -0.957    29.1901 0.0000e+00
     -0.673 2.7989e-11     7.3529     95.956      0.496   0.537748    -0.0791      5.908 -1240.7423 1.9345e+02     1.6823     -0.659     -0.957    29.1904 0.0000e+00
     -0.673 3.0787e-10     7.3497     95.951      0.496   0.537851    -0.0633      5.881 -1240.7106 1.9619e+02     1.7173     -0.660     -0.957    29.1905 0.0000e+00
     -0.673 3.3866e-09     7.3528     95.958      0.509   0.551556    -0.0691      5.856 -1240.3618 1.9871e+02     1.6158     -0.660     -0.957    29.1899 0.0000e+00
     -0.673 3.7253e-08     7.3571     95.966      0.532   0.576779    -0.0827      5.854 -1236.5251 1.9846e+02     1.5478     -0.660     -0.958    29.1889 0.0000e+00
     -0.673 4.0978e-07     7.3552     95.970      0.544   0.589464    -0.0787      5.874 -1200.8606 1.9054e+02     1.7138     -0.660     -0.957    29.1882 0.0000e+00
     -0.673      0.000     7.3547     95.967      0.534   0.578262    -0.0700      5.896 -1135.8359 1.7963e+02     1.9843     -0.660     -0.957    29.1877 0.0000e+00
     -0.673      0.000     7.3560     95.952      0.524   0.568002    -0.0775      5.916 -1100.9453 1.6744e+02     2.0858     -0.660     -0.957    29.1874 0.0000e+00
     -0.673      0.001     7.3565     95.935      0.546   0.592090    -0.0852      5.932 -1113.4361 1.5293e+02     2.0865     -0.659     -0.957    29.1873 0.0000e+00
     -0.673      0.001     7.3568     95.934      0.569   0.616160    -0.0804      5.944 -1157.5450 1.3858e+02     2.1645     -0.660     -0.957    29.1874 0.0000e+00
     -0.672      0.001     7.3570     95.934      0.559   0.605683    -0.0696      5.953 -1208.6251 1.2669e+02     2.2769     -0.659     -0.957    29.1879 0.0000e+00
     -0.672      0.001     7.3554     95.924      0.546   0.592083    -0.0711      5.957 -1234.9392 1.1990e+02     2.3177     -0.659     -0.956    29.1882 0.0000e+00
     -0.672      0.000     7.3531     95.920      0.533   0.578397    -0.0731      5.954 -1240.2176 1.1745e+02     2.3506     -0.659     -0.957    29.1882 0.0000e+00
     -0.672 1.8626e-08     7.3536     95.925      0.523   0.566881    -0.0608      5.950 -1240.6975 1.1584e+02     2.4015     -0.659     -0.956    29.1882 0.0000e+00
     -0.672 2.0489e-07     7.3547     95.937      0.535   0.579520    -0.0564      5.948 -1240.7411 1.1323e+02     2.3870     -0.658     -0.955    29.1880 0.0000e+00
     -0.672 2.0489e-07     7.3524     95.953      0.558   0.604541    -0.0694      5.951 -1240.7451 1.1094e+02     2.3116     -0.659     -0.956    29.1875 0.0000e+00
     -0.672 1.8626e-08     7.3530     95.959      0.568   0.616056    -0.0763      5.959 -1240.7455 1.1018e+02     2.3099     -0.659     -0.956    29.1873 0.0000e+00
     -0.672 1.6933e-09     7.3531     95.951      0.546   0.592082    -0.0644      5.963 -1240.7455 1.0977e+02     2.3328     -0.660     -0.957    29.1873 0.0000e+00
     -0.672 1.5394e-10     7.3538     95.935      0.524   0.568012    -0.0680      5.962 -1240.7455 1.0927e+02     2.2121     -0.659     -0.956    29.1870 0.0000e+00
     -0.672 1.3994e-11     7.3562     95.940      0.534   0.578386    -0.0865      5.960 -1240.7455 1.0773e+02     2.1149     -0.658     -0.955    29.1867 0.0000e+00
     -0.672 1.2722e-12     7.3559     95.950      0.545   0.590835    -0.0795      5.957 -1240.7455 1.0401e+02     2.1474     -0.659     -0.956    29.1863 0.0000e+00
     -0.672 1.1565e-13     7.3566     95.954      0.546   0.591864    -0.0669      5.956 -1240.7455 1.0052e+02     2.1610     -0.659     -0.956    29.1859 0.0000e+00
     -0.672 1.0514e-14     7.3527     95.961      0.545   0.590824    -0.0756      5.961 -1240.7455 9.6658e+01     2.0740     -0.660     -0.957    29.1855 0.0000e+00
     -0.672 9.5585e-16     7.3548     95.953      0.533   0.578262    -0.0756      5.962 -1240.7455 8.9341e+01     1.9502     -0.659     -0.956    29.1849 0.0000e+00
     -0.672 8.6895e-17     7.3564     95.950      0.523   0.566642    -0.0587      5.951 -1240.7455 7.9912e+01     1.9280     -0.659     -0.956    29.1842 0.0000e+00
     -0.672 7.8995e-18     7.3546     95.950      0.532   0.577005    -0.0550      5.938 -1240.7455 7.4065e+01     1.9425     -0.659     -0.956    29.1837 0.0000e+00
     -0.672 7.1815e-19     7.3584     95.945      0.532   0.576891    -0.0725      5.949 -1240.7455 8.0210e+01     1.7496     -0.658     -0.955    29.1831 0.0000e+00
     -0.672 6.5285e-20     7.3551     95.938      0.522   0.565261    -0.0874      5.980 -1240.7455 9.6800e+01     1.4745     -0.660     -0.957    29.1824 0.0000e+00
     -0.672 5.9350e-21     7.3560     95.937      0.520   0.563063    -0.0773      6.005 -1240.7455 1.0952e+02     1.4175     -0.659     -0.957    29.1815 0.0000e+00
     -0.672 5.3955e-22     7.3563     95.957      0.508   0.550310    -0.0668      6.007 -1240.7455 1.0823e+02     1.4356     -0.659     -0.956    29.1809 0.0000e+00
     -0.672 4.9049e-23     7.3555     95.962      0.496   0.537748    -0.0765      5.993 -1240.7455 9.6169e+01     1.4196     -0.659     -0.956    29.1806 0.0000e+00
     -0.672 4.4590e-24     7.3558     95.949      0.496   0.537851    -0.0785      5.978 -1240.7455 8.5947e+01     1.4980     -0.659     -0.956    29.1799 0.0000e+00
     -0.672 4.0537e-25     7.3535     95.949      0.509   0.551555    -0.0657      5.970 -1240.7455 8.2756e+01     1.5980     -0.660     -0.957    29.1786 0.0000e+00
     -0.672 3.6851e-26     7.3582     95.955      0.532   0.576767    -0.0716      5.966 -1240.7455 8.3714e+01     1.6034     -0.659     -0.957    29.1774 0.0000e+00
     -0.672 3.3501e-27     7.3582     95.953      0.543   0.589340    -0.0831      5.960 -1240.7455 1.0071e+02     1.5289     -0.660     -0.957    29.1764 0.0000e+00
     -0.672 3.0456e-28     7.3557     95.948      0.532   0.576892    -0.0720      5.955 -1240.7455 1.3636e+02     1.4490     -0.659     -0.956    29.1759 0.0000e+00
     -0.672 2.7687e-29     7.3566     95.954      0.510   0.552937    -0.0705      5.965 -1240.7455 1.6557e+02     1.3553     -0.659     -0.957    29.1757 0.0000e+00
     -0.672 2.5170e-30     7.3574     95.967      0.510   0.553051    -0.0813      5.972 -1240.7455 1.7830e+02     1.2843     -0.659     -0.957    29.1747 0.0000e+00
     -0.673 2.2882e-31     7.3574     95.981      0.533   0.578273    -0.0858      5.951 -1240.7455 1.8301e+02     1.3413     -0.660     -0.957    29.1739 0.0000e+00
     -0.673 2.0802e-32     7.3560     95.987      0.557   0.604540    -0.0836      5.935 -1240.7454 1.8594e+02     1.4296     -0.660     -0.957    29.1733 0.0000e+00
     -0.673 1.8911e-33     7.3574     95.977      0.569   0.617303    -0.0709      5.942 -1240.7448 1.8787e+02     1.4643     -0.660     -0.957    29.1727 0.0000e+00
     -0.673 1.7191e-34     7.3583     95.966      0.559   0.605912    -0.0655      5.973 -1240.7382 1.8539e+02     1.4534     -0.660     -0.958    29.1721 0.0000e+00
     -0.673 1.5630e-35     7.3597     95.972      0.548   0.593483    -0.0765      6.048 -1240.6656 1.8161e+02     1.3996     -0.660     -0.957    29.1714 0.0000e+00
     -0.673 1.4369e-36     7.3609     95.978      0.548   0.593702    -0.0874      6.141 -1239.8669 1.8200e+02     1.3607     -0.660     -0.957    29.1708 0.0000e+00
     -0.672 3.0636e-37     7.3596     95.963      0.562   0.608559    -0.0892      6.214 -1231.0804 1.9000e+02     1.3591     -0.659     -0.957    29.1697 0.0000e+00
     -0.672 1.9609e-36     7.3580     95.951      0.597   0.646448    -0.0897      6.477 -1134.4292 1.9940e+02     1.3461     -0.659     -0.956    29.1686 0.0000e+00
     -0.673 2.1442e-35     7.3593     95.966      0.620   0.671791    -0.0850      6.747 -1045.8323 1.9774e+02     1.3397     -0.660     -0.957    29.1670 0.0000e+00
     -0.673 2.3585e-34     7.3615     95.997      0.610   0.661636    -0.0745      6.420 -1134.4292 1.8716e+02     1.3504     -0.660     -0.957    29.1642 0.0000e+00
     -0.673 2.5943e-33     7.3592     96.009      0.600   0.650329    -0.0789      5.845 -1231.0804 1.7509e+02     1.3382     -0.659     -0.956    29.1610 0.0000e+00
     -0.673 2.8538e-32     7.3583     96.001      0.611   0.661760    -0.0882      5.636 -1239.8668 1.6408e+02     1.3631     -0.660     -0.957    29.1580 0.0000e+00
     -0.673 3.1392e-31     7.3593     96.003      0.622   0.673174    -0.0796      5.677 -1240.6656 1.4522e+02     1.4124     -0.659     -0.956    29.1564 0.0000e+00
     -0.673 3.4531e-30     7.3639     96.014      0.611   0.661658    -0.0744      5.757 -1240.7383 1.1302e+02     1.3875     -0.660     -0.957    29.1555 0.0000e+00
     -0.673 3.7984e-29     7.3648     96.023      0.599   0.649198    -0.0921      5.817 -1240.7449 8.4065e+01     1.3364     -0.660     -0.957    29.1548 0.0000e+00
     -0.673 4.1782e-28     7.3624     96.028      0.599   0.649188    -0.0926      5.748 -1240.7455 6.8657e+01     1.3412     -0.660     -0.957    29.1539 0.0000e+00
     -0.673 4.5960e-27     7.3636     96.048      0.611   0.661542    -0.0646      5.429 -1240.7455 6.3119e+01     1.4117     -0.660     -0.957    29.1532 0.0000e+00
     -0.673 5.0556e-26     7.3642     96.046      0.621   0.671896    -0.0538      4.924 -1240.7455 6.2289e+01     1.4370     -0.660     -0.957    29.1530 0.0000e+00
     -0.673 5.5612e-25     7.3660     96.005      0.598   0.647703    -0.0620      4.397 -1240.7455 6.3079e+01     1.3388     -0.660     -0.957    29.1528 0.0000e+00
     -0.673 6.1173e-24     7.3643     95.991      0.575   0.622378    -0.0716      3.889 -1240.7455 6.4649e+01     1.2837     -0.660     -0.957    29.1527 0.0000e+00
     -0.673 6.7291e-23     7.3675     95.994      0.572   0.619037    -0.0786      3.429 -1240.7455 6.5056e+01     1.3173     -0.659     -0.956    29.1528 0.0000e+00
     -0.673 7.4020e-22     7.3699     95.965      0.561   0.607303    -0.0709      3.111 -1240.7455 6.3414e+01     1.3355     -0.660     -0.957    29.1524 0.0000e+00
     -0.673 8.1422e-21     7.3614     95.925      0.560   0.607179    -0.0618      2.858 -1240.7455 6.1849e+01     1.3329     -0.661     -0.958    29.1528 0.0000e+00
     -0.673 8.9564e-20     7.3619     95.903      0.570   0.617542    -0.0608      2.507 -1240.7455 6.1512e+01     1.3535     -0.660     -0.957    29.1535 0.0000e+00
     -0.673 9.8520e-19     7.3649     95.915      0.559   0.605922    -0.0512      2.157 -1240.7455 6.1367e+01     1.4144     -0.659     -0.956    29.1538 0.0000e+00
     -0.673 1.0837e-17     7.3601     95.949      0.548   0.593359    -0.0537      2.084 -1240.7455 6.1508e+01     1.4203     -0.660     -0.957    29.1543 0.0000e+00
     -0.673 1.1921e-16     7.3576     96.004      0.547   0.592311    -0.0736      2.525 -1240.7455 6.2143e+01     1.3894     -0.660     -0.958    29.1544 0.0000e+00
     -0.673 1.3113e-15     7.3541     96.064      0.548   0.593256    -0.0752      3.418 -1240.7455 6.2904e+01     1.4171     -0.660     -0.957    29.1541 0.0000e+00
     -0.673 1.4424e-14     7.3565     96.078      0.559   0.604780    -0.0733      4.214 -1240.7455 6.3712e+01     1.3796     -0.660     -0.957    29.1536 0.0000e+00
     -0.673 1.5867e-13     7.3592     96.064      0.559   0.604978    -0.0842      4.557 -1240.7455 6.6356e+01     1.2776     -0.659     -0.956    29.1529 0.0000e+00
     -0.673 1.7453e-12     7.3622     96.060      0.550   0.595651    -0.0816      4.606 -1240.7455 7.2025e+01     1.3108     -0.660     -0.957    29.1525 0.0000e+00
     -0.673 1.9199e-11     7.3715     96.069      0.571   0.618684    -0.0662      4.537 -1240.7455 7.9168e+01     1.4061     -0.660     -0.957    29.1515 0.0000e+00
     -0.672 2.1119e-10     7.3701     96.068      0.581   0.630115    -0.0562      4.422 -1240.7455 8.6481e+01     1.4401     -0.659     -0.956    29.1500 0.0000e+00
     -0.672 2.3231e-09     7.3685     96.054      0.560   0.607190    -0.0613      4.397 -1240.7451 9.4471e+01     1.4472     -0.659     -0.956    29.1491 0.0000e+00
     -0.672 2.5554e-08     7.3682     96.047      0.549   0.594842    -0.0779      4.474 -1240.7415 1.0318e+02     1.4241     -0.659     -0.956    29.1484 0.0000e+00
     -0.672 2.8109e-07     7.3696     96.025      0.561   0.607499    -0.0821      4.543 -1240.7011 1.0976e+02     1.3997     -0.660     -0.957    29.1482 0.0000e+00
     -0.672      0.000     7.3705     95.995      0.585   0.633546    -0.0791      4.618 -1240.2570 1.1311e+02     1.3576     -0.659     -0.956    29.1476 0.0000e+00
     -0.672      0.000     7.3668     95.995      0.606   0.656428    -0.0826      4.775 -1235.3725 1.1402e+02     1.2902     -0.659     -0.956    29.1481 0.0000e+00
     -0.672      0.000     7.3688     96.004      0.818   0.884163    -0.0837      4.986 -1181.6420 1.1336e+02     1.2686     -0.659     -0.956    29.1472 0.0000e+00
     -0.672      0.004     7.3666     96.009      3.375   3.640415    -0.0760      5.239  -590.6074 1.1380e+02     1.2320     -0.659     -0.956    29.1488 0.0000e+00
     -0.672      0.020     7.3622     96.054     13.673  14.660069    -0.0642      5.701   272.1943 1.1871e+02     1.1210     -0.660     -0.957    29.1462 0.0000e+00
     -0.672      0.058     7.3631     96.215     29.190  30.991452    -0.0574      6.377   404.8099 1.3089e+02     1.0885     -0.659     -0.956    29.1506 0.0000e+00
     -0.671      0.118     7.3662     96.680     38.829  40.621045    -0.0269      7.022   205.0994 1.4893e+02     1.4192     -0.659     -0.956    29.1437 0.0000e+00
     -0.658      0.189     7.3619     97.559     41.349  42.487163     0.3216      7.518   197.4352 1.6832e+02     4.7099     -0.659     -0.957    29.1531 0.0000e+00
     -0.607      0.254     7.3707     98.744     42.099  42.574515     0.9599      7.866   204.9382 1.8624e+02    10.7137     -0.616     -0.893    29.1233 0.0000e+00
     -0.507      0.298     7.4544    100.045     42.565  42.564749     1.2989      8.078   211.3263 2.0167e+02    13.9575     -0.506     -0.733    28.5042 0.0000e+00
     -0.382      0.314     7.6388    101.388     42.850  42.558782     1.3488      8.206   215.8224 2.1447e+02    14.0406     -0.372     -0.540    27.3697 0.0000e+00
     -0.264      0.306     7.8583    102.628     43.098  42.628892     1.7620      8.291   219.9800 2.2316e+02    12.0951     -0.242     -0.351    26.3298 0.0000e+00
     -0.186      0.276     8.0856    103.392     43.356  42.777479     2.5336      8.350   223.5663 2.2447e+02     8.5047     -0.164     -0.239    25.4684 0.0000e+00
     -0.149      0.232     8.2807    103.835     43.516  42.895345     2.9716      8.386   225.8874 1.9785e+02     6.5309     -0.144     -0.209    24.9091 0.0000e+00
     -0.123      0.194     8.4309    104.290     43.506  42.911468     3.0296      8.408   227.3951 1.5450e+02     6.3354     -0.129     -0.187    24.6179 0.0000e+00
     -0.080      0.179     8.5926    104.621     43.464  42.908987     3.0680      8.418   228.5452 1.3864e+02     6.4475     -0.082     -0.119    24.4259 0.0000e+00
     -0.031      0.190     8.6656    104.879     43.549  42.992354     3.1359      8.418   230.5868 1.3732e+02     6.6903     -0.022     -0.033    24.3021 0.0000e+00
      0.009      0.213     8.6883    105.201     43.680  43.094315     3.1843      8.410   233.3233 1.2744e+02     6.8118      0.004      0.005    24.2465 0.0000e+00
      0.059      0.227     8.7393    105.611     43.708  43.126194     3.2044      8.400   235.0463 1.1351e+02     6.8239      0.044      0.065    24.3047 0.0000e+00
      0.134      0.226     8.7442    106.116     43.587  43.060444     3.2379      8.386   235.9321 1.0038e+02     6.6321      0.131      0.191    24.3798 0.0000e+00
