Data/DataNotYetUploadedToEDI/Raw_CTD/RawDownloads/091322_fcr50_S7809003.cnv
* Sea-Bird SBE19plus  Data File:
* FileName = C:\R\Reservoirs\Data\DataNotYetUploadedToEDI\Raw_CTD\RawDownloads\091322_fcr50_S7809_0003.hex
* Software version 2.8.0.119
* Temperature SN = 7809
* Conductivity SN = 7809
* System UpLoad Time = Sep 14 2022 15:36:02
* <ApplicationData>
* <Seaterm232>
# nquan = 15
# nvalues = 2700                        
# units = specified
# name 0 = depFM: Depth [fresh water, m]
# name 1 = dz/dtM: Descent Rate [m/s]
# name 2 = sbeox0Mg/L: Oxygen, SBE 43 [mg/l]
# name 3 = sbeox0PS: Oxygen, SBE 43 [% saturation]
# name 4 = specc: Specific Conductance [uS/cm]
# name 5 = c0uS/cm: Conductivity [uS/cm]
# name 6 = flECO-AFL: Fluorescence, WET Labs ECO-AFL/FL [mg/m^3]
# name 7 = ph: pH
# name 8 = orp: Oxidation Reduction Potential [mV]
# name 9 = par/sat/log: PAR/Logarithmic, Satlantic
# name 10 = turbWETntu0: Turbidity, WET Labs ECO [NTU]
# name 11 = prdM: Pressure, Strain Gauge [db]
# name 12 = prdE: Pressure, Strain Gauge [psi]
# name 13 = tv290C: Temperature [ITS-90, deg C]
# name 14 = flag:  0.000e+00
# span 0 =     -0.698,      9.571       
# span 1 =     -4.207,      0.158       
# span 2 =     0.0214,     6.9664       
# span 3 =      0.226,     81.391       
# span 4 =      0.182,    509.349       
# span 5 =   0.169498, 376.634715       
# span 6 =    -1.2244,   114.7077       
# span 7 =      4.627,     12.906       
# span 8 =  -922.0390,  1240.2295       
# span 9 = 1.2361e-01, 1.5583e+03       
# span 10 =    -4.4221,    89.3107      
# span 11 =     -0.684,      9.386      
# span 12 =     -0.992,     13.613      
# span 13 =    11.8308,    23.2572      
# span 14 = 0.0000e+00, 0.0000e+00      
# interval = seconds: 0.25
# start_time = Sep 13 2022 07:04:13 [Instrument's time stamp, header]
# bad_flag = -9.990e-29
*END*
[from data line 964]
      6.957      0.040     0.0485      0.467     63.015  46.477513     1.8515      6.739    89.6179 1.2368e-01    50.5832      6.822      9.895    11.8722 0.0000e+00
      6.969      0.047     0.0474      0.466     63.032  46.482923     1.8463      6.739    89.7187 1.2372e-01    50.5681      6.834      9.913    11.8723 0.0000e+00
      6.982      0.053     0.0517      0.470     63.047  46.486262     1.8504      6.740    89.8152 1.2368e-01    50.9884      6.845      9.929    11.8765 0.0000e+00
      6.998      0.058     0.0528      0.463     63.099  46.517873     1.8600      6.740    89.7524 1.2367e-01    51.8396      6.863      9.953    11.8804 0.0000e+00
      7.014      0.060     0.0494      0.452     63.145  46.547884     1.8542      6.740    89.6470 1.2371e-01    52.3197      6.879      9.977    11.8769 0.0000e+00
      7.029      0.059     0.0502      0.451     63.125  46.531881     1.8387      6.740    89.7450 1.2374e-01    52.3190      6.892      9.995    11.8695 0.0000e+00
      7.045      0.055     0.0516      0.456     63.103  46.514721     1.8300      6.739    89.9059 1.2372e-01    52.2415      6.907     10.019    11.8631 0.0000e+00
      7.064      0.050     0.0503      0.456     63.124  46.530747     1.8575      6.739    89.8716 1.2367e-01    52.1330      6.929     10.050    11.8577 0.0000e+00
      7.077      0.045     0.0483      0.454     63.129  46.535311     1.9218      6.739    89.6743 1.2369e-01    52.0323      6.944     10.071    11.8546 0.0000e+00
      7.082      0.039     0.0484      0.451     63.091  46.506454     1.9668      6.739    89.5849 1.2380e-01    52.0145      6.945     10.074    11.8538 0.0000e+00
      7.087      0.034     0.0498      0.442     63.083  46.499070     1.9682      6.739    89.6512 1.2388e-01    52.0196      6.948     10.077    11.8529 0.0000e+00
      7.097      0.031     0.0491      0.428     63.099  46.509470     1.9311      6.739    89.8732 1.2388e-01    51.8896      6.960     10.094    11.8537 0.0000e+00
      7.107      0.030     0.0490      0.424     63.094  46.505311     1.8756      6.738    90.1188 1.2381e-01    51.6381      6.972     10.112    11.8551 0.0000e+00
      7.114      0.030     0.0490      0.425     63.104  46.512227     1.8461      6.737    90.0391 1.2371e-01    51.5066      6.976     10.118    11.8543 0.0000e+00
      7.119      0.030     0.0484      0.430     63.128  46.529648     1.8415      6.737    89.8556 1.2365e-01    51.4948      6.980     10.123    11.8529 0.0000e+00
      7.128      0.029     0.0454      0.448     63.123  46.525601     1.8271      6.737    89.9652 1.2365e-01    51.1886      6.991     10.140    11.8518 0.0000e+00
      7.137      0.029     0.0457      0.459     63.124  46.526745     1.7975      6.737    90.1600 1.2368e-01    50.6056      7.001     10.154    11.8510 0.0000e+00
      7.143      0.029     0.0462      0.461     63.146  46.543481     1.7833      6.738    90.3184 1.2375e-01    50.3213      7.004     10.158    11.8510 0.0000e+00
      7.150      0.031     0.0452      0.466     63.139  46.537614     1.7965      6.738    90.5039 1.2381e-01    50.3808      7.012     10.169    11.8504 0.0000e+00
      7.158      0.035     0.0494      0.466     63.115  46.519248     1.8407      6.737    90.5960 1.2381e-01    50.5393      7.021     10.183    11.8503 0.0000e+00
      7.164      0.038     0.0500      0.462     63.105  46.511758     1.8934      6.737    90.5714 1.2382e-01    50.7345      7.024     10.188    11.8507 0.0000e+00
      7.173      0.039     0.0493      0.456     63.104  46.510510     1.9089      6.737    90.4643 1.2380e-01    50.8282      7.031     10.198    11.8506 0.0000e+00
      7.188      0.038     0.0512      0.447     63.096  46.504157     1.9117      6.737    90.6781 1.2370e-01    50.7841      7.049     10.223    11.8504 0.0000e+00
      7.203      0.038     0.0500      0.436     63.089  46.498388     1.9026      6.737    91.0910 1.2368e-01    50.7143      7.068     10.250    11.8498 0.0000e+00
      7.212      0.040     0.0504      0.430     63.097  46.504198     1.8741      6.737    91.0682 1.2378e-01    50.7012      7.075     10.261    11.8495 0.0000e+00
      7.216      0.043     0.0492      0.425     63.106  46.510949     1.8583      6.737    90.9189 1.2384e-01    50.6600      7.075     10.262    11.8498 0.0000e+00
      7.222      0.046     0.0486      0.423     63.113  46.516565     1.8538      6.737    91.2644 1.2381e-01    50.5570      7.079     10.268    11.8488 0.0000e+00
      7.233      0.048     0.0467      0.427     63.101  46.508656     1.8518      6.737    91.8906 1.2375e-01    50.5152      7.091     10.285    11.8481 0.0000e+00
      7.253      0.048     0.0463      0.421     63.060  46.478777     1.8352      6.736    92.1238 1.2376e-01    50.5306      7.111     10.313    11.8486 0.0000e+00
      7.273      0.047     0.0465      0.420     63.051  46.472537     1.8104      6.735    92.0194 1.2384e-01    50.5378      7.136     10.350    11.8487 0.0000e+00
      7.287      0.042     0.0443      0.426     63.085  46.496658     1.8024      6.736    91.9180 1.2386e-01    50.5334      7.151     10.372    11.8489 0.0000e+00
      7.292      0.033     0.0480      0.431     63.112  46.516626     1.7961      6.736    92.0169 1.2385e-01    50.5459      7.151     10.373    11.8498 0.0000e+00
      7.295      0.024     0.0445      0.434     63.122  46.523627     1.7679      6.736    92.3539 1.2388e-01    50.5528      7.153     10.375    11.8502 0.0000e+00
      7.300      0.018     0.0451      0.434     63.113  46.517862     1.7271      6.736    92.6374 1.2388e-01    50.5483      7.160     10.384    11.8497 0.0000e+00
      7.303      0.016     0.0467      0.444     63.102  46.510374     1.7193      6.736    92.6920 1.2387e-01    50.5948      7.163     10.389    11.8492 0.0000e+00
      7.306      0.016     0.0462      0.455     63.082  46.496532     1.7405      6.735    92.5838 1.2389e-01    50.6367      7.163     10.390    11.8493 0.0000e+00
      7.310      0.016     0.0478      0.453     63.056  46.477393     1.7668      6.734    92.4475 1.2388e-01    50.7468      7.168     10.396    11.8493 0.0000e+00
      7.316      0.015     0.0457      0.429     63.045  46.469308     1.8043      6.734    92.4205 1.2383e-01    50.9706      7.175     10.407    11.8498 0.0000e+00
      7.321      0.014     0.0485      0.413     63.036  46.462230     1.8360      6.734    92.6020 1.2371e-01    51.0872      7.180     10.414    11.8510 0.0000e+00
      7.324      0.014     0.0492      0.418     63.029  46.455251     1.8503      6.733    92.8350 1.2367e-01    51.1325      7.183     10.418    11.8514 0.0000e+00
      7.326      0.015     0.0508      0.416     63.022  46.448376     1.8268      6.733    92.6559 1.2375e-01    51.4490      7.184     10.420    11.8512 0.0000e+00
      7.327      0.018     0.0460      0.406     63.015  46.442556     1.7696      6.733    92.1578 1.2379e-01    51.9763      7.185     10.422    11.8513 0.0000e+00
      7.331      0.022     0.0427      0.409     63.022  46.448324     1.7325      6.732    92.0612 1.2379e-01    52.2133      7.188     10.425    11.8510 0.0000e+00
      7.338      0.028     0.0464      0.413     63.030  46.454669     1.7278      6.731    92.3481 1.2378e-01    52.1624      7.194     10.434    11.8494 0.0000e+00
      7.347      0.034     0.0454      0.405     63.032  46.455824     1.7458      6.731    92.6156 1.2375e-01    52.0107      7.205     10.449    11.8476 0.0000e+00
      7.357      0.040     0.0431      0.405     63.042  46.462283     1.7752      6.731    92.4559 1.2370e-01    51.7450      7.216     10.466    11.8474 0.0000e+00
      7.367      0.045     0.0441      0.416     63.052  46.469313     1.7917      6.730    91.9654 1.2372e-01    51.5802      7.224     10.478    11.8479 0.0000e+00
      7.379      0.049     0.0460      0.421     63.063  46.477382     1.7874      6.730    91.8477 1.2379e-01    51.5550      7.235     10.494    11.8482 0.0000e+00
      7.393      0.050     0.0427      0.410     63.089  46.496397     1.7822      6.732    92.0661 1.2379e-01    51.3724      7.250     10.514    11.8479 0.0000e+00
      7.408      0.050     0.0434      0.404     63.107  46.508877     1.7944      6.733    92.3683 1.2379e-01    51.0463      7.265     10.537    11.8472 0.0000e+00
      7.423      0.046     0.0450      0.420     63.097  46.501379     1.8020      6.732    92.6626 1.2380e-01    50.8913      7.281     10.560    11.8470 0.0000e+00
      7.435      0.039     0.0469      0.441     63.054  46.469190     1.7995      6.732    92.6131 1.2377e-01    50.8997      7.291     10.575    11.8470 0.0000e+00
      7.445      0.030     0.0441      0.436     63.011  46.436913     1.7971      6.731    92.2856 1.2377e-01    50.8741      7.302     10.592    11.8466 0.0000e+00
      7.452      0.021     0.0423      0.424     63.000  46.428357     1.7819      6.731    92.2306 1.2377e-01    50.6839      7.310     10.603    11.8459 0.0000e+00
      7.453      0.014     0.0452      0.434     63.001  46.429188     1.7740      6.731    92.5505 1.2377e-01    50.4452      7.309     10.600    11.8462 0.0000e+00
      7.453      0.009     0.0491      0.442     63.025  46.446954     1.7850      6.730    92.8839 1.2383e-01    50.3786      7.307     10.598    11.8464 0.0000e+00
      7.455      0.005     0.0481      0.453     63.033  46.452825     1.7891      6.729    92.9925 1.2390e-01    50.3901      7.311     10.604    11.8451 0.0000e+00
      7.457      0.004     0.0432      0.464     63.010  46.436736     1.7739      6.729    93.0030 1.2388e-01    50.4138      7.313     10.607    11.8446 0.0000e+00
      7.458      0.005     0.0487      0.458     63.017  46.442761     1.7430      6.729    93.0106 1.2380e-01    50.4951      7.313     10.607    11.8451 0.0000e+00
      7.459      0.005     0.0467      0.447     63.044  46.462220     1.7232      6.728    93.1700 1.2376e-01    50.5540      7.314     10.609    11.8450 0.0000e+00
      7.459      0.005     0.0489      0.442     63.072  46.481674     1.7262      6.728    93.6401 1.2380e-01    50.6125      7.314     10.609    11.8451 0.0000e+00
      7.460      0.007     0.0516      0.449     63.082  46.487640     1.7382      6.727    93.8762 1.2380e-01    50.8278      7.315     10.610    11.8461 0.0000e+00
      7.461      0.010     0.0491      0.444     63.060  46.470911     1.7432      6.727    93.7021 1.2378e-01    51.1070      7.317     10.613    11.8468 0.0000e+00
      7.463      0.012     0.0487      0.429     63.058  46.469744     1.7277      6.727    93.5137 1.2381e-01    51.2211      7.318     10.614    11.8465 0.0000e+00
      7.466      0.014     0.0463      0.432     63.063  46.473531     1.7092      6.728    93.6637 1.2383e-01    51.2170      7.320     10.617    11.8454 0.0000e+00
      7.473      0.016     0.0497      0.444     63.035  46.453248     1.7111      6.728    94.1388 1.2384e-01    51.0575      7.328     10.630    11.8438 0.0000e+00
      7.479      0.020     0.0490      0.442     62.982  46.414852     1.7247      6.729    94.4395 1.2384e-01    50.7612      7.336     10.639    11.8429 0.0000e+00
      7.482      0.026     0.0450      0.426     62.948  46.389964     1.7330      6.730    94.4604 1.2383e-01    50.6062      7.338     10.642    11.8439 0.0000e+00
      7.486      0.032     0.0463      0.412     62.970  46.406115     1.7285      6.730    94.3912 1.2380e-01    50.5841      7.339     10.645    11.8448 0.0000e+00
      7.492      0.037     0.0491      0.410     62.989  46.419790     1.7445      6.729    94.3772 1.2374e-01    50.6302      7.346     10.654    11.8449 0.0000e+00
      7.504      0.042     0.0484      0.410     63.001  46.428417     1.8019      6.727    94.5482 1.2377e-01    50.7537      7.357     10.670    11.8448 0.0000e+00
      7.521      0.043     0.0461      0.419     63.026  46.446975     1.8481      6.726    94.7388 1.2381e-01    50.8486      7.375     10.696    11.8450 0.0000e+00
      7.537      0.040     0.0435      0.439     63.035  46.453839     1.8545      6.726    94.7028 1.2372e-01    50.8886      7.394     10.724    11.8448 0.0000e+00
      7.550      0.033     0.0446      0.446     63.028  46.447955     1.8453      6.727    94.5443 1.2363e-01    50.8626      7.406     10.742    11.8447 0.0000e+00
      7.555      0.025     0.0441      0.447     63.016  46.439285     1.8291      6.728    94.4562 1.2369e-01    50.8070      7.411     10.748    11.8448 0.0000e+00
      7.557      0.017     0.0438      0.442     62.979  46.412447     1.8086      6.728    94.4985 1.2379e-01    50.8312      7.410     10.747    11.8450 0.0000e+00
      7.558      0.012     0.0493      0.422     62.930  46.377254     1.8050      6.727    94.6255 1.2377e-01    50.9161      7.411     10.749    11.8449 0.0000e+00
      7.558      0.013     0.0481      0.417     62.953  46.394445     1.8022      6.726    94.7877 1.2377e-01    50.9791      7.412     10.750    11.8444 0.0000e+00
      7.559      0.018     0.0482      0.435     63.002  46.429955     1.7742      6.726    94.7387 1.2383e-01    51.4224      7.412     10.750    11.8442 0.0000e+00
      7.563      0.027     0.0494      0.445     62.997  46.425928     1.7415      6.726    94.3763 1.2384e-01    52.3134      7.416     10.754    11.8446 0.0000e+00
      7.571      0.036     0.0443      0.434     62.975  46.409205     1.7308      6.726    94.1916 1.2375e-01    52.8360      7.425     10.768    11.8458 0.0000e+00
      7.582      0.046     0.0437      0.424     62.988  46.418090     1.7373      6.726    94.3986 1.2369e-01    52.8910      7.436     10.785    11.8461 0.0000e+00
      7.597      0.056     0.0478      0.428     63.059  46.469907     1.7618      6.727    94.6431 1.2374e-01    52.4663      7.449     10.803    11.8453 0.0000e+00
      7.613      0.064     0.0493      0.430     63.138  46.528143     1.8021      6.728    94.4801 1.2380e-01    51.5946      7.467     10.829    11.8448 0.0000e+00
      7.630      0.069     0.0468      0.420     63.169  46.551200     1.8254      6.728    94.0617 1.2382e-01    51.0963      7.482     10.853    11.8441 0.0000e+00
      7.648      0.071     0.0449      0.411     63.179  46.558345     1.8354      6.728    93.8866 1.2386e-01    51.0872      7.498     10.875    11.8436 0.0000e+00
      7.670      0.071     0.0464      0.410     63.170  46.551085     1.8387      6.728    93.9979 1.2386e-01    51.3478      7.522     10.909    11.8436 0.0000e+00
      7.692      0.066     0.0476      0.411     63.137  46.526862     1.8157      6.728    94.2025 1.2379e-01    51.7884      7.545     10.943    11.8433 0.0000e+00
      7.709      0.058     0.0449      0.415     63.127  46.519252     1.7817      6.728    94.3810 1.2375e-01    52.0069      7.561     10.966    11.8436 0.0000e+00
      7.723      0.047     0.0441      0.420     63.132  46.522524     1.7697      6.727    94.5227 1.2378e-01    51.9407      7.575     10.986    11.8438 0.0000e+00
      7.735      0.036     0.0443      0.427     63.107  46.502976     1.7701      6.727    94.5387 1.2377e-01    51.5343      7.587     11.005    11.8433 0.0000e+00
      7.740      0.025     0.0441      0.428     63.067  46.473240     1.7611      6.727    94.4021 1.2373e-01    50.8503      7.592     11.011    11.8431 0.0000e+00
      7.743      0.017     0.0451      0.419     63.077  46.480218     1.7532      6.727    94.5057 1.2372e-01    50.4691      7.592     11.013    11.8430 0.0000e+00
      7.745      0.013     0.0452      0.414     63.137  46.523907     1.7494      6.727    94.9310 1.2375e-01    50.4086      7.596     11.018    11.8425 0.0000e+00
      7.746      0.013     0.0463      0.416     63.181  46.557351     1.7401      6.727    95.1560 1.2379e-01    50.3586      7.597     11.017    11.8421 0.0000e+00
      7.746      0.017     0.0470      0.420     63.193  46.567356     1.7324      6.727    95.1618 1.2376e-01    50.3425      7.595     11.016    11.8417 0.0000e+00
