Data/DataNotYetUploadedToEDI/Raw_CTD/RawDownloads/091322_fcr50_S7809003.cnv
* Sea-Bird SBE19plus  Data File:
* FileName = C:\R\Reservoirs\Data\DataNotYetUploadedToEDI\Raw_CTD\RawDownloads\091322_fcr50_S7809_0003.hex
* Software version 2.8.0.119
* Temperature SN = 7809
* Conductivity SN = 7809
* System UpLoad Time = Sep 14 2022 15:36:02
* <ApplicationData>
* <Seaterm232>
# nquan = 15
# nvalues = 2700                        
# units = specified
# name 0 = depFM: Depth [fresh water, m]
# name 1 = dz/dtM: Descent Rate [m/s]
# name 2 = sbeox0Mg/L: Oxygen, SBE 43 [mg/l]
# name 3 = sbeox0PS: Oxygen, SBE 43 [% saturation]
# name 4 = specc: Specific Conductance [uS/cm]
# name 5 = c0uS/cm: Conductivity [uS/cm]
# name 6 = flECO-AFL: Fluorescence, WET Labs ECO-AFL/FL [mg/m^3]
# name 7 = ph: pH
# name 8 = orp: Oxidation Reduction Potential [mV]
# name 9 = par/sat/log: PAR/Logarithmic, Satlantic
# name 10 = turbWETntu0: Turbidity, WET Labs ECO [NTU]
# name 11 = prdM: Pressure, Strain Gauge [db]
# name 12 = prdE: Pressure, Strain Gauge [psi]
# name 13 = tv290C: Temperature [ITS-90, deg C]
# name 14 = flag:  0.000e+00
# span 0 =     -0.698,      9.571       
# span 1 =     -4.207,      0.158       
# span 2 =     0.0214,     6.9664       
# span 3 =      0.226,     81.391       
# span 4 =      0.182,    509.349       
# span 5 =   0.169498, 376.634715       
# span 6 =    -1.2244,   114.7077       
# span 7 =      4.627,     12.906       
# span 8 =  -922.0390,  1240.2295       
# span 9 = 1.2361e-01, 1.5583e+03       
# span 10 =    -4.4221,    89.3107      
# span 11 =     -0.684,      9.386      
# span 12 =     -0.992,     13.613      
# span 13 =    11.8308,    23.2572      
# span 14 = 0.0000e+00, 0.0000e+00      
# interval = seconds: 0.25
# start_time = Sep 13 2022 07:04:13 [Instrument's time stamp, header]
# bad_flag = -9.990e-29
*END*
[from data line 1446]
      6.889     -0.029     0.0358      0.356    506.024 374.143683     1.7241      7.923    96.0863 1.2377e-01    50.7853      6.762      9.808    11.9707 0.0000e+00
      6.865     -0.026     0.0345      0.383    506.199 374.266423     1.7215      7.921    95.8650 1.2381e-01    50.7636      6.729      9.760    11.9696 0.0000e+00
      6.850     -0.021     0.0367      0.403    506.358 374.378395     1.7251      7.918    95.6752 1.2385e-01    50.8023      6.707      9.728    11.9686 0.0000e+00
      6.854     -0.013     0.0363      0.393    506.483 374.465973     1.7269      7.915    95.5981 1.2381e-01    50.8433      6.723      9.749    11.9672 0.0000e+00
      6.862     -0.006     0.0376      0.357    506.607 374.551648     1.7425      7.911    95.7075 1.2377e-01    50.8495      6.734      9.767    11.9659 0.0000e+00
      6.862     -0.009     0.0415      0.322    506.733 374.640609     1.7728      7.907    95.9645 1.2373e-01    50.8088      6.727      9.757    11.9654 0.0000e+00
      6.863     -0.027     0.0450      0.308    506.907 374.767925     1.7850      7.903    96.0385 1.2372e-01    50.7614      6.729      9.759    11.9650 0.0000e+00
      6.865     -0.053     0.0436      0.312    507.127 374.930524     1.7910      7.899    96.0007 1.2372e-01    50.7894      6.735      9.770    11.9644 0.0000e+00
      6.856     -0.072     0.0382      0.313    507.298 375.059216     1.7943      7.897    96.1955 1.2372e-01    50.9080      6.732      9.764    11.9637 0.0000e+00
      6.823     -0.081     0.0337      0.314    507.435 375.163399     1.7835      7.895    96.5005 1.2376e-01    50.9991      6.700      9.718    11.9633 0.0000e+00
      6.773     -0.081     0.0323      0.332    507.600 375.287549     1.7771      7.892    96.6770 1.2381e-01    51.0028      6.634      9.622    11.9632 0.0000e+00
      6.739     -0.071     0.0339      0.343    507.747 375.399765     1.7845      7.890    96.7813 1.2383e-01    50.9874      6.594      9.563    11.9632 0.0000e+00
      6.734     -0.052     0.0341      0.339    507.861 375.488604     1.7972      7.887    96.9872 1.2383e-01    50.9493      6.605      9.579    11.9635 0.0000e+00
      6.737     -0.032     0.0324      0.349    507.987 375.587991     1.7972      7.884    97.2738 1.2380e-01    50.8843      6.610      9.587    11.9637 0.0000e+00
      6.736     -0.021     0.0362      0.374    508.130 375.698803     1.7851      7.880    97.4076 1.2376e-01    50.8495      6.602      9.574    11.9640 0.0000e+00
      6.738     -0.023     0.0383      0.382    508.256 375.796820     1.7751      7.876    97.4860 1.2374e-01    50.8365      6.608      9.584    11.9643 0.0000e+00
      6.740     -0.032     0.0352      0.373    508.348 375.870445     1.7606      7.874    97.5337 1.2370e-01    50.7954      6.615      9.594    11.9647 0.0000e+00
      6.728     -0.037     0.0365      0.354    508.441 375.944240     1.7430      7.872    97.4674 1.2372e-01    50.7621      6.605      9.579    11.9655 0.0000e+00
      6.701     -0.038     0.0419      0.330    508.568 376.044315     1.7363      7.869    97.3729 1.2382e-01    50.7762      6.571      9.531    11.9659 0.0000e+00
      6.679     -0.035     0.0413      0.310    508.742 376.177771     1.7299      7.867    97.2516 1.2385e-01    50.7950      6.539      9.484    11.9664 0.0000e+00
      6.676     -0.027     0.0405      0.297    509.033 376.397250     1.7157      7.864    97.1203 1.2379e-01    50.8189      6.545      9.493    11.9669 0.0000e+00
      6.680     -0.019     0.0386      0.302    509.349 376.634715     1.7057      7.859    96.9898 1.2370e-01    50.8937      6.556      9.509    11.9674 0.0000e+00
      6.680     -0.020     0.0347      0.308    508.599 376.082927     1.7167      7.855    96.9633 1.2368e-01    51.0169      6.549      9.498    11.9680 0.0000e+00
      6.682     -0.034     0.0337      0.308    502.443 371.530967     1.7408      7.852    96.9728 1.2373e-01    51.1119      6.551      9.501    11.9685 0.0000e+00
      6.683     -0.054     0.0307      0.323    485.912 359.305608     1.7559      7.850    96.9319 1.2372e-01    51.1204      6.558      9.513    11.9688 0.0000e+00
      6.669     -0.066     0.0324      0.348    458.058 338.706044     1.7664      7.848    97.0712 1.2367e-01    51.0854      6.552      9.503    11.9693 0.0000e+00
      6.631     -0.070     0.0342      0.353    422.043 312.070218     1.7684      7.845    97.3670 1.2369e-01    51.0645      6.507      9.438    11.9696 0.0000e+00
      6.587     -0.068     0.0320      0.352    387.080 286.211741     1.7719      7.843    97.6680 1.2377e-01    51.0728      6.445      9.347    11.9697 0.0000e+00
      6.569     -0.058     0.0335      0.355    359.861 266.079849     1.7747      7.841    98.0434 1.2384e-01    51.0833      6.434      9.331    11.9695 0.0000e+00
      6.572     -0.045     0.0395      0.360    321.937 238.031928     1.7602      7.838    98.2920 1.2384e-01    51.0889      6.448      9.353    11.9690 0.0000e+00
      6.572     -0.037     0.0377      0.353    246.980 182.603556     1.7468      7.833    98.3513 1.2378e-01    51.1063      6.444      9.346    11.9685 0.0000e+00
      6.571     -0.040     0.0378      0.331    153.371 113.382271     1.7370      7.829    98.1582 1.2375e-01    51.1233      6.442      9.344    11.9678 0.0000e+00
      6.569     -0.050     0.0382      0.325     89.454  66.104495     1.7255      7.828    97.6778 1.2380e-01    51.1231      6.447      9.351    11.9670 0.0000e+00
      6.551     -0.055     0.0389      0.327     67.831  50.089427     1.7164      7.827    97.4475 1.2382e-01    51.0706      6.436      9.333    11.9658 0.0000e+00
      6.514     -0.054     0.0398      0.331     64.801  47.823377     1.7181      7.825    97.6110 1.2380e-01    51.0002      6.387      9.264    11.9644 0.0000e+00
      6.483     -0.049     0.0339      0.354     64.252  47.399125     1.7287      7.823    97.8465 1.2380e-01    50.9889      6.342      9.198    11.9610 0.0000e+00
      6.479     -0.040     0.0351      0.375     64.058  47.244011     1.7369      7.821    97.8875 1.2377e-01    50.9009      6.351      9.211    11.9438 0.0000e+00
      6.487     -0.032     0.0359      0.375     63.946  47.153440     1.7334      7.818    97.7624 1.2375e-01    50.6874      6.369      9.237    11.9159 0.0000e+00
      6.488     -0.031     0.0340      0.368     63.834  47.065412     1.7209      7.814    97.7100 1.2377e-01    50.5593      6.363      9.228    11.8944 0.0000e+00
      6.486     -0.040     0.0384      0.357     63.755  47.004512     1.7187      7.810    97.7698 1.2379e-01    50.5474      6.360      9.225    11.8812 0.0000e+00
      6.477     -0.054     0.0421      0.355     63.735  46.988130     1.7234      7.806    97.7972 1.2378e-01    50.6119      6.358      9.223    11.8720 0.0000e+00
      6.453     -0.062     0.0400      0.369     63.744  46.994230     1.7442      7.803    97.8696 1.2376e-01    51.1006      6.333      9.185    11.8661 0.0000e+00
      6.419     -0.062     0.0404      0.370     63.772  47.014828     1.7786      7.800    98.0422 1.2376e-01    51.9473      6.290      9.124    11.8624 0.0000e+00
      6.394     -0.055     0.0382      0.353     63.817  47.046834     1.7818      7.798    98.0779 1.2376e-01    52.3775      6.262      9.082    11.8596 0.0000e+00
      6.386     -0.042     0.0372      0.354     63.842  47.063964     1.7753      7.797    97.9570 1.2379e-01    52.4425      6.261      9.080    11.8586 0.0000e+00
      6.386     -0.029     0.0406      0.376     63.801  47.031604     1.8653      7.794    98.1294 1.2380e-01    53.0058      6.264      9.085    11.8591 0.0000e+00
      6.386     -0.026     0.0417      0.390     63.724  46.972819     2.0369      7.790    98.6993 1.2380e-01    53.9622      6.261      9.080    11.8589 0.0000e+00
      6.386     -0.037     0.0368      0.401     63.660  46.924225     2.1282      7.786    99.0828 1.2376e-01    54.4077      6.262      9.082    11.8580 0.0000e+00
      6.384     -0.056     0.0366      0.405     63.611  46.888201     2.1199      7.782    99.0665 1.2368e-01    54.6686      6.265      9.086    11.8570 0.0000e+00
      6.371     -0.069     0.0422      0.399     63.564  46.854498     2.0201      7.780    98.8465 1.2367e-01    58.1068      6.257      9.074    11.8556 0.0000e+00
      6.339     -0.073     0.0414      0.396     63.534  46.833966     1.8453      7.779    98.9187 1.2375e-01    64.4496      6.223      9.027    11.8535 0.0000e+00
      6.294     -0.070     0.0438      0.388     63.529  46.830295     1.7456      7.777    99.4228 1.2383e-01    67.8912      6.165      8.942    11.8523 0.0000e+00
      6.266     -0.060     0.0448      0.373     63.504  46.810108     1.7387      7.775    99.6928 1.2384e-01    68.0190      6.131      8.893    11.8523 0.0000e+00
      6.266     -0.044     0.0422      0.373     63.466  46.780232     1.7625      7.773    99.6022 1.2378e-01    66.3360      6.146      8.914    11.8532 0.0000e+00
      6.271     -0.028     0.0435      0.383     63.478  46.786310     1.8090      7.770    99.5325 1.2376e-01    63.3236      6.154      8.927    11.8551 0.0000e+00
      6.269     -0.022     0.0425      0.389     63.526  46.820141     1.8426      7.767    99.6240 1.2381e-01    61.7596      6.145      8.913    11.8548 0.0000e+00
      6.269     -0.031     0.0393      0.392     63.510  46.808594     1.8527      7.763    99.7624 1.2390e-01    61.9088      6.148      8.917    11.8533 0.0000e+00
      6.267     -0.049     0.0398      0.387     63.461  46.773598     1.9225      7.759    99.8290 1.2390e-01    64.8890      6.152      8.921    11.8518 0.0000e+00
      6.252     -0.061     0.0419      0.385     63.463  46.777686     2.0539      7.756    99.9128 1.2384e-01    70.3974      6.136      8.898    11.8495 0.0000e+00
      6.223     -0.065     0.0418      0.383     63.483  46.794586     2.1180      7.753    99.8296 1.2380e-01    73.4451      6.104      8.853    11.8478 0.0000e+00
      6.191     -0.062     0.0431      0.373     63.473  46.787591     2.1234      7.752    99.5970 1.2380e-01    74.0688      6.068      8.801    11.8478 0.0000e+00
      6.168     -0.052     0.0417      0.373     63.433  46.756556     2.1693      7.750    99.5961 1.2385e-01    77.9732      6.041      8.761    11.8494 0.0000e+00
      6.162     -0.036     0.0409      0.387     63.408  46.736586     2.2318      7.747    99.6463 1.2391e-01    85.0936      6.040      8.759    11.8514 0.0000e+00
      6.167     -0.020     0.0428      0.402     63.410  46.736476     2.2465      7.744    99.6877 1.2387e-01    88.9724      6.051      8.776    11.8533 0.0000e+00
      6.168     -0.011     0.0393      0.405     63.438  46.755221     2.2375      7.741    99.7519 1.2382e-01    89.3107      6.049      8.774    11.8540 0.0000e+00
      6.167     -0.018     0.0400      0.397     63.463  46.772886     2.2401      7.738    99.6487 1.2378e-01    89.0477      6.046      8.770    11.8526 0.0000e+00
      6.168     -0.040     0.0417      0.392     63.445  46.759712     2.2447      7.735    99.6449 1.2372e-01    85.8949      6.051      8.776    11.8511 0.0000e+00
      6.165     -0.062     0.0439      0.395     63.480  46.786284     2.2512      7.733    99.8775 1.2368e-01    80.1237      6.050      8.774    11.8501 0.0000e+00
      6.148     -0.075     0.0447      0.398     63.550  46.840379     2.2522      7.731   100.0520 1.2371e-01    76.8954      6.038      8.757    11.8488 0.0000e+00
      6.109     -0.079     0.0424      0.395     63.550  46.842741     2.2411      7.730    99.9480 1.2374e-01    76.2732      5.997      8.699    11.8474 0.0000e+00
      6.063     -0.074     0.0419      0.390     63.510  46.814846     2.2168      7.729    99.6530 1.2369e-01    73.0441      5.935      8.607    11.8473 0.0000e+00
      6.039     -0.062     0.0428      0.380     63.431  46.756893     2.1918      7.728    99.4956 1.2367e-01    67.1621      5.909      8.571    11.8482 0.0000e+00
      6.041     -0.042     0.0437      0.364     63.372  46.713073     2.1959      7.726    99.5938 1.2368e-01    63.9417      5.927      8.597    11.8497 0.0000e+00
      6.045     -0.024     0.0424      0.349     63.397  46.729158     2.2088      7.724    99.8086 1.2372e-01    63.6897      5.932      8.604    11.8526 0.0000e+00
      6.044     -0.018     0.0426      0.347     63.444  46.761025     2.1975      7.721   100.0279 1.2384e-01    64.1833      5.923      8.590    11.8538 0.0000e+00
      6.044     -0.032     0.0411      0.362     63.474  46.781139     2.1846      7.718   100.0943 1.2388e-01    65.1615      5.927      8.597    11.8538 0.0000e+00
      6.044     -0.056     0.0397      0.377     63.475  46.782019     2.1935      7.714   100.0092 1.2378e-01    65.7481      5.932      8.604    11.8537 0.0000e+00
      6.031     -0.076     0.0369      0.388     63.545  46.835104     2.2060      7.711    99.9450 1.2373e-01    65.8438      5.921      8.586    11.8519 0.0000e+00
      6.000     -0.084     0.0367      0.403     63.737  46.978849     2.2021      7.710   100.0922 1.2373e-01    66.0110      5.889      8.541    11.8489 0.0000e+00
      5.956     -0.084     0.0392      0.412     63.843  47.060721     2.1880      7.710   100.4123 1.2376e-01    66.3010      5.839      8.469    11.8475 0.0000e+00
      5.918     -0.074     0.0411      0.396     63.844  47.063634     2.1851      7.709   100.5458 1.2379e-01    66.4462      5.793      8.401    11.8481 0.0000e+00
      5.904     -0.055     0.0416      0.381     63.862  47.077515     2.1933      7.706   100.4167 1.2385e-01    66.4348      5.783      8.387    11.8487 0.0000e+00
      5.907     -0.032     0.0432      0.390     63.809  47.038220     2.1786      7.704   100.2279 1.2392e-01    66.1630      5.797      8.409    11.8506 0.0000e+00
      5.909     -0.014     0.0466      0.394     63.716  46.969206     2.1478      7.702   100.3272 1.2389e-01    65.6199      5.795      8.407    11.8542 0.0000e+00
      5.909     -0.009     0.0425      0.394     63.679  46.941006     2.1298      7.700   100.6713 1.2386e-01    65.2995      5.792      8.400    11.8564 0.0000e+00
      5.912     -0.023     0.0393      0.396     63.609  46.887611     2.1190      7.697   100.8605 1.2383e-01    65.2949      5.799      8.411    11.8566 0.0000e+00
      5.913     -0.045     0.0433      0.396     63.534  46.831189     2.1170      7.693   100.8935 1.2382e-01    65.2573      5.801      8.414    11.8562 0.0000e+00
      5.904     -0.061     0.0428      0.394     63.620  46.893287     2.1140      7.690   100.8980 1.2378e-01    64.5363      5.795      8.405    11.8558 0.0000e+00
      5.879     -0.068     0.0421      0.387     63.770  47.003960     2.0987      7.690   101.0018 1.2371e-01    63.2731      5.774      8.374    11.8548 0.0000e+00
      5.839     -0.067     0.0434      0.382     63.799  47.027257     2.0812      7.689   101.2014 1.2371e-01    62.5896      5.725      8.303    11.8532 0.0000e+00
      5.805     -0.058     0.0426      0.388     63.739  46.984619     2.0613      7.688   101.2467 1.2376e-01    62.5224      5.679      8.237    11.8522 0.0000e+00
      5.798     -0.043     0.0431      0.396     63.668  46.932569     2.0418      7.687   101.1195 1.2376e-01    62.6663      5.680      8.238    11.8510 0.0000e+00
      5.806     -0.025     0.0418      0.391     63.632  46.905517     2.0279      7.684   101.1261 1.2376e-01    62.8940      5.699      8.264    11.8514 0.0000e+00
      5.809     -0.015     0.0405      0.390     63.642  46.911322     2.0187      7.681   101.3268 1.2377e-01    62.9869      5.697      8.263    11.8533 0.0000e+00
      5.808     -0.023     0.0418      0.392     63.596  46.875860     2.0130      7.678   101.4808 1.2377e-01    62.9356      5.694      8.259    11.8542 0.0000e+00
      5.808     -0.044     0.0440      0.385     63.486  46.793985     2.0092      7.675   101.5262 1.2379e-01    62.4455      5.699      8.265    11.8546 0.0000e+00
