Data/DataNotYetUploadedToEDI/Raw_CTD/RawDownloads/091322_fcr50_S7809003.cnv
* Sea-Bird SBE19plus  Data File:
* FileName = C:\R\Reservoirs\Data\DataNotYetUploadedToEDI\Raw_CTD\RawDownloads\091322_fcr50_S7809_0003.hex
* Software version 2.8.0.119
* Temperature SN = 7809
* Conductivity SN = 7809
* System UpLoad Time = Sep 14 2022 15:36:02
* <ApplicationData>
* <Seaterm232>
# nquan = 15
# nvalues = 2700                        
# units = specified
# name 0 = depFM: Depth [fresh water, m]
# name 1 = dz/dtM: Descent Rate [m/s]
# name 2 = sbeox0Mg/L: Oxygen, SBE 43 [mg/l]
# name 3 = sbeox0PS: Oxygen, SBE 43 [% saturation]
# name 4 = specc: Specific Conductance [uS/cm]
# name 5 = c0uS/cm: Conductivity [uS/cm]
# name 6 = flECO-AFL: Fluorescence, WET Labs ECO-AFL/FL [mg/m^3]
# name 7 = ph: pH
# name 8 = orp: Oxidation Reduction Potential [mV]
# name 9 = par/sat/log: PAR/Logarithmic, Satlantic
# name 10 = turbWETntu0: Turbidity, WET Labs ECO [NTU]
# name 11 = prdM: Pressure, Strain Gauge [db]
# name 12 = prdE: Pressure, Strain Gauge [psi]
# name 13 = tv290C: Temperature [ITS-90, deg C]
# name 14 = flag:  0.000e+00
# span 0 =     -0.698,      9.571       
# span 1 =     -4.207,      0.158       
# span 2 =     0.0214,     6.9664       
# span 3 =      0.226,     81.391       
# span 4 =      0.182,    509.349       
# span 5 =   0.169498, 376.634715       
# span 6 =    -1.2244,   114.7077       
# span 7 =      4.627,     12.906       
# span 8 =  -922.0390,  1240.2295       
# span 9 = 1.2361e-01, 1.5583e+03       
# span 10 =    -4.4221,    89.3107      
# span 11 =     -0.684,      9.386      
# span 12 =     -0.992,     13.613      
# span 13 =    11.8308,    23.2572      
# span 14 = 0.0000e+00, 0.0000e+00      
# interval = seconds: 0.25
# start_time = Sep 13 2022 07:04:13 [Instrument's time stamp, header]
# bad_flag = -9.990e-29
*END*
[from data line 2410]
     -0.684 -2.172e-34     6.4976     71.541      1.041   0.938166    -0.1008      7.643   517.7980 1.7166e+02    -0.0589     -0.671     -0.973    20.0489 0.0000e+00
     -0.684 -1.177e-33     6.4982     71.535      1.060   0.955444    -0.0883      7.643   518.3556 1.7156e+02     0.0064     -0.670     -0.972    20.0453 0.0000e+00
     -0.684 -1.283e-32     6.4994     71.537      1.095   0.986729    -0.0835      7.643   518.8916 1.7161e+02     0.0260     -0.671     -0.973    20.0418 0.0000e+00
     -0.684 -1.411e-31     6.5006     71.544      1.110   0.999925    -0.0922      7.643   519.7189 1.7164e+02    -0.0261     -0.671     -0.973    20.0380 0.0000e+00
     -0.684 -1.553e-30     6.5000     71.558      1.098   0.988401    -0.0942      7.643   520.8729 1.7171e+02    -0.0429     -0.670     -0.972    20.0346 0.0000e+00
     -0.684 -1.708e-29     6.4992     71.567      1.082   0.973991    -0.0905      7.644   522.2613 1.7173e+02    -0.0410     -0.670     -0.972    20.0311 0.0000e+00
     -0.684 -1.879e-28     6.5008     71.564      1.058   0.952298    -0.0973      7.644   523.2558 1.7152e+02    -0.0375     -0.671     -0.973    20.0274 0.0000e+00
     -0.684 -2.066e-27     6.5009     71.560      1.018   0.916020    -0.1013      7.643   523.7784 1.7110e+02     0.0000     -0.670     -0.972    20.0237 0.0000e+00
     -0.684 -2.273e-26     6.5036     71.567      1.017   0.915165    -0.0889      7.643   524.5359 1.7044e+02     0.0025     -0.670     -0.972    20.0201 0.0000e+00
     -0.684 -2.500e-25     6.5052     71.573      1.046   0.941959    -0.0727      7.643   525.7029 1.6964e+02    -0.0422     -0.671     -0.973    20.0166 0.0000e+00
     -0.684 -2.750e-24     6.5049     71.576      1.026   0.923477    -0.0633      7.643   526.7040 1.6907e+02    -0.0615     -0.670     -0.972    20.0130 0.0000e+00
     -0.684 -3.025e-23     6.5041     71.566      0.979   0.881610    -0.0668      7.643   527.6918 1.6863e+02    -0.0256     -0.670     -0.972    20.0093 0.0000e+00
     -0.684 -3.328e-22     6.5065     71.558      0.976   0.878850    -0.0738      7.642   528.3541 1.6825e+02     0.0495     -0.671     -0.973    20.0058 0.0000e+00
     -0.684 -3.661e-21     6.5067     71.575      0.989   0.890110    -0.0648      7.642   527.4848 1.6797e+02     0.0601     -0.671     -0.973    20.0023 0.0000e+00
     -0.684 -4.027e-20     6.5084     71.582      0.991   0.891155    -0.0654      7.642   527.4201 1.6696e+02    -0.0331     -0.671     -0.973    19.9984 0.0000e+00
     -0.684 -4.430e-19     6.5080     71.577      0.991   0.891485    -0.0817      7.643   528.9476 1.6570e+02    -0.0870     -0.671     -0.973    19.9945 0.0000e+00
     -0.684 -4.872e-18     6.5047     71.576      0.994   0.894098    -0.0789      7.643   529.1769 1.6541e+02    -0.0455     -0.671     -0.974    19.9910 0.0000e+00
     -0.684 -5.360e-17     6.5104     71.574      1.026   0.922746    -0.0735      7.643   528.6439 1.6557e+02    -0.0430     -0.670     -0.973    19.9874 0.0000e+00
     -0.684 -5.896e-16     6.5106     71.579      1.377   1.237864    -0.0833      7.643   527.5786 1.6578e+02    -0.0909     -0.671     -0.972    19.9835 0.0000e+00
     -0.684 -6.485e-15     6.5096     71.589      2.063   1.855524    -0.0891      7.642   522.7494 1.6596e+02    -0.0779     -0.670     -0.973    19.9798 0.0000e+00
     -0.684 -7.134e-14     6.5114     71.594      2.573   2.313689    -0.0855      7.639   509.8320 1.6551e+02    -0.0571     -0.670     -0.972    19.9763 0.0000e+00
     -0.684 -7.847e-13     6.5100     71.589      2.750   2.472805    -0.0806      7.636   490.0444 1.6414e+02    -0.0787     -0.671     -0.973    19.9724 0.0000e+00
     -0.684 -8.632e-12     6.5118     71.581      2.654   2.386657    -0.0794      7.635   472.6133 1.6237e+02    -0.0654     -0.671     -0.973    19.9687 0.0000e+00
     -0.684 -9.495e-11     6.5136     71.581      2.401   2.158359    -0.0799      7.636   464.2694 1.6106e+02    -0.0329     -0.671     -0.973    19.9652 0.0000e+00
     -0.684 -1.044e-09     6.5143     71.589      2.216   1.991486    -0.0785      7.638   461.0017 1.6052e+02    -0.0279     -0.671     -0.973    19.9614 0.0000e+00
     -0.684 -1.149e-08     6.5145     71.599      2.101   1.888328    -0.0789      7.640   454.5282 1.6042e+02    -0.0384     -0.671     -0.973    19.9578 0.0000e+00
     -0.684 -1.264e-07     6.5134     71.604      1.999   1.797353    -0.0850      7.641   455.6042 1.6025e+02    -0.0238     -0.671     -0.973    19.9543 0.0000e+00
     -0.684 -2.317e-07     6.5145     71.607      1.907   1.714478    -0.0851      7.645   475.3026 1.6002e+02     0.0808     -0.671     -0.973    19.9504 0.0000e+00
     -0.684 -1.264e-07     6.5152     71.613      1.831   1.645934    -0.0796      7.649   499.0250 1.5967e+02     0.2015     -0.671     -0.973    19.9467 0.0000e+00
     -0.684 -1.149e-08     6.5176     71.620      1.782   1.601624    -0.0860      7.650   515.0283 1.5885e+02     0.2060     -0.671     -0.973    19.9429 0.0000e+00
     -0.684 -1.044e-09     6.5180     71.625      1.735   1.558563    -0.0952      7.649   523.0466 1.5807e+02     0.2027     -0.671     -0.973    19.9392 0.0000e+00
     -0.684 -9.495e-11     6.5183     71.623      1.675   1.505101    -0.0912      7.647   525.5935 1.5781e+02     0.1967     -0.671     -0.973    19.9357 0.0000e+00
     -0.684 -8.630e-12     6.5202     71.618      1.627   1.461655    -0.0877      7.645   526.6353 1.5814e+02     0.0638     -0.671     -0.973    19.9320 0.0000e+00
     -0.684 -7.845e-13     6.5205     71.617      1.573   1.413073    -0.0950      7.644   528.1573 1.5925e+02    -0.0716     -0.671     -0.973    19.9280 0.0000e+00
     -0.684 -7.135e-14     6.5226     71.622      1.515   1.360822    -0.0872      7.643   531.0903 1.6103e+02    -0.1074     -0.670     -0.972    19.9241 0.0000e+00
     -0.684 -6.485e-15     6.5219     71.620      1.488   1.336318    -0.0685      7.643   534.1357 1.6313e+02    -0.0955     -0.670     -0.972    19.9202 0.0000e+00
     -0.684 -5.895e-16     6.5224     71.610      1.455   1.306705    -0.0694      7.643   537.7044 1.6493e+02    -0.0987     -0.671     -0.973    19.9162 0.0000e+00
     -0.684 -5.360e-17     6.5222     71.605      1.399   1.255975    -0.0729      7.644   546.3628 1.6586e+02    -0.0779     -0.671     -0.973    19.9124 0.0000e+00
     -0.684 -4.872e-18     6.5239     71.601      1.369   1.229373    -0.0693      7.644   548.3097 1.6606e+02    -0.0151     -0.670     -0.972    19.9086 0.0000e+00
     -0.684 -4.429e-19     6.5246     71.602      1.379   1.238264    -0.0678      7.640   533.4539 1.6647e+02     0.0110     -0.672     -0.974    19.9048 0.0000e+00
     -0.684 -4.027e-20     6.5227     71.614      1.378   1.236875    -0.0708      7.638   521.4417 1.6640e+02    -0.0016     -0.671     -0.973    19.9012 0.0000e+00
     -0.684 -3.661e-21     6.5239     71.628      1.351   1.212579    -0.0810      7.639   520.6004 1.6419e+02    -0.0308     -0.671     -0.973    19.8974 0.0000e+00
     -0.684 -3.328e-22     6.5234     71.638      1.334   1.197718    -0.0824      7.639   520.1834 1.6124e+02    -0.0341     -0.671     -0.973    19.8936 0.0000e+00
     -0.684 -3.025e-23     6.5237     71.643      1.319   1.183792    -0.0794      7.639   515.7988 1.6006e+02    -0.0080     -0.671     -0.973    19.8898 0.0000e+00
     -0.684 -2.750e-24     6.5257     71.642      1.304   1.170809    -0.0860      7.639   510.8641 1.6038e+02    -0.0215     -0.672     -0.974    19.8861 0.0000e+00
     -0.684 -2.500e-25     6.5279     71.632      1.300   1.167345    -0.0880      7.640   511.1946 1.6104e+02    -0.0269     -0.671     -0.973    19.8822 0.0000e+00
     -0.684 -2.273e-26     6.5287     71.622      1.273   1.141910    -0.0775      7.642   514.4606 1.6165e+02    -0.0046     -0.671     -0.973    19.8785 0.0000e+00
     -0.685 -2.066e-27     6.5303     71.627      1.245   1.116485    -0.0767      7.642   515.6795 1.6224e+02    -0.0255     -0.671     -0.974    19.8749 0.0000e+00
     -0.685 -1.878e-28     6.5305     71.636      1.241   1.113135    -0.0866      7.642   513.8005 1.6298e+02    -0.0752     -0.672     -0.974    19.8711 0.0000e+00
     -0.684 -1.708e-29     6.5301     71.637      1.228   1.101406    -0.0799      7.641   506.4547 1.6376e+02    -0.0927     -0.671     -0.973    19.8672 0.0000e+00
     -0.684 -1.553e-30     6.5286     71.645      1.228   1.101282    -0.0624      7.637   485.9717 1.6451e+02    -0.0660     -0.671     -0.973    19.8635 0.0000e+00
     -0.684 -1.411e-31     6.5300     71.652      1.239   1.111629    -0.0586      7.630   445.1899 1.6500e+02    -0.0596     -0.671     -0.973    19.8596 0.0000e+00
     -0.684 -1.283e-32     6.5327     71.655      1.226   1.099909    -0.0671      7.625   405.1018 1.6510e+02    -0.0840     -0.670     -0.972    19.8558 0.0000e+00
     -0.684 -1.167e-33     6.5315     71.672      1.211   1.086183    -0.0726      7.629   392.6624 1.6512e+02    -0.0536     -0.671     -0.973    19.8523 0.0000e+00
     -0.684 -1.060e-34     6.5337     71.686      1.195   1.072267    -0.0678      7.636   397.9467 1.6502e+02     0.0006     -0.671     -0.973    19.8483 0.0000e+00
     -0.684 -9.640e-36     6.5354     71.679      1.180   1.058257    -0.0591      7.641   405.2385 1.6480e+02    -0.0097     -0.671     -0.973    19.8444 0.0000e+00
     -0.684 -8.765e-37     6.5343     71.672      1.163   1.043391    -0.0679      7.642   409.9306 1.6464e+02    -0.0417     -0.671     -0.973    19.8405 0.0000e+00
     -0.684 -7.965e-38     6.5378     71.673      1.137   1.019125    -0.0821      7.642   414.8431 1.6438e+02    -0.0440     -0.671     -0.973    19.8365 0.0000e+00
     -0.685 -7.240e-39     6.5406     71.673      1.136   1.018069    -0.0802      7.643   425.8321 1.6428e+02    -0.0373     -0.671     -0.974    19.8326 0.0000e+00
     -0.685 -6.585e-40     6.5390     71.683      1.150   1.030620    -0.0788      7.643   436.8829 1.6438e+02    -0.0634     -0.671     -0.974    19.8286 0.0000e+00
     -0.685 -5.985e-41     6.5384     71.699      1.165   1.044277    -0.0818      7.643   440.3914 1.6443e+02    -0.0865     -0.672     -0.974    19.8246 0.0000e+00
     -0.685 -5.440e-42     6.5402     71.704      1.179   1.056592    -0.0832      7.643   439.6879 1.6475e+02    -0.0425     -0.671     -0.974    19.8208 0.0000e+00
     -0.684 -4.947e-43     6.5397     71.703      1.175   1.052912    -0.0882      7.643   443.6927 1.6514e+02    -0.0109     -0.671     -0.973    19.8169 0.0000e+00
     -0.684 -4.497e-44     6.5409     71.705      1.257   1.126397    -0.0919      7.643   450.6970 1.6505e+02    -0.0453     -0.671     -0.973    19.8129 0.0000e+00
     -0.684 -4.088e-45     6.5448     71.714      1.464   1.312062    -0.0854      7.644   458.5560 1.6484e+02    -0.0493     -0.671     -0.974    19.8090 0.0000e+00
     -0.684 -3.696e-46     6.5443     71.714      1.632   1.462004    -0.0761      7.645   467.9916 1.6495e+02    -0.0249     -0.671     -0.973    19.8050 0.0000e+00
     -0.685 -1.105e-47     6.5453     71.709      1.727   1.546675    -0.0793      7.645   474.0970 1.6519e+02    -0.0580     -0.671     -0.974    19.8011 0.0000e+00
     -0.685 2.4702e-46     6.5447     71.703      1.831   1.639474    -0.0912      7.644   478.0850 1.6524e+02    -0.0735     -0.671     -0.974    19.7972 0.0000e+00
     -0.685 2.7507e-45     6.5476     71.689      1.896   1.697777    -0.0949      7.642   472.9319 1.6498e+02    -0.0413     -0.671     -0.974    19.7932 0.0000e+00
     -0.685 3.0261e-44     6.5478     71.688      1.878   1.681875    -0.0831      7.637   449.9932 1.6479e+02    -0.0107     -0.671     -0.973    19.7890 0.0000e+00
     -0.685 3.3287e-43     6.5469     71.697      1.828   1.637113    -0.0737      7.635   433.1268 1.6505e+02    -0.0107     -0.672     -0.974    19.7850 0.0000e+00
     -0.685 3.6616e-42     6.5489     71.701      1.787   1.599694    -0.0815      7.638   435.5737 1.6530e+02    -0.0757     -0.671     -0.974    19.7811 0.0000e+00
     -0.685 4.0278e-41     6.5457     71.711      1.727   1.545962    -0.0848      7.638   427.1809 1.6498e+02    -0.0792     -0.671     -0.973    19.7771 0.0000e+00
     -0.685 4.4306e-40     6.5469     71.723      1.669   1.493872    -0.0808      7.632   392.6513 1.6462e+02    -0.0190     -0.671     -0.974    19.7730 0.0000e+00
     -0.685 4.8736e-39     6.5491     71.716      1.649   1.476305    -0.0825      7.628   355.8695 1.6482e+02    -0.0305     -0.671     -0.973    19.7689 0.0000e+00
     -0.685 5.3610e-38     6.5492     71.717      1.631   1.460171    -0.0810      7.626   313.7075 1.6487e+02    -0.0466     -0.671     -0.974    19.7649 0.0000e+00
     -0.685 5.8971e-37     6.5503     71.735      1.593   1.425403    -0.0708      7.615   218.7705 1.6382e+02    -0.0093     -0.672     -0.975    19.7609 0.0000e+00
     -0.685 6.4868e-36     6.5542     71.735      1.533   1.372447    -0.0675      7.605   119.0639 1.6199e+02    -0.0242     -0.671     -0.974    19.7567 0.0000e+00
     -0.685 7.1355e-35     6.5519     71.714      1.482   1.326302    -0.1493      7.617   121.3619 1.6051e+02    -0.5341     -0.672     -0.974    19.7528 0.0000e+00
     -0.685 7.8490e-34     6.5517     71.708      1.464   1.310588    -0.3013      7.642   199.4060 1.5993e+02    -1.4266     -0.671     -0.974    19.7487 0.0000e+00
     -0.685 8.6339e-33     6.5566     71.726      1.463   1.309055    -0.3746      7.658   274.8271 1.6068e+02    -1.8660     -0.672     -0.974    19.7446 0.0000e+00
     -0.685 9.4973e-32     6.5566     71.729      1.462   1.307763    -0.3692      7.663   328.6101 1.6252e+02    -1.8831     -0.671     -0.974    19.7406 0.0000e+00
     -0.685 1.0447e-30     6.5540     71.714      1.447   1.294977    -0.3027      7.663   370.7122 1.6399e+02    -1.4629     -0.671     -0.974    19.7364 0.0000e+00
     -0.685 1.1492e-29     6.5526     71.710      1.432   1.281059    -0.1788      7.663   417.2672 1.6461e+02    -0.6104     -0.671     -0.974    19.7324 0.0000e+00
     -0.685 1.2641e-28     6.5578     71.718      1.416   1.266087    -0.1031      7.664   468.2744 1.6484e+02    -0.1154     -0.671     -0.973    19.7283 0.0000e+00
     -0.685 1.3905e-27     6.5583     71.724      1.387   1.240556    -0.0785      7.664   511.7251 1.6482e+02    -0.0215     -0.671     -0.974    19.7242 0.0000e+00
     -0.685 1.5295e-26     6.5556     71.729      1.371   1.225573    -0.0723      7.659   539.1878 1.6455e+02    -0.0218     -0.671     -0.974    19.7202 0.0000e+00
     -0.685 1.6825e-25     6.5565     71.731      1.355   1.211542    -0.0778      7.652   547.1094 1.6410e+02    -0.0509     -0.671     -0.973    19.7161 0.0000e+00
     -0.685 1.8508e-24     6.5580     71.729      1.339   1.197512    -0.0704      7.641   516.0451 1.6343e+02     0.0017     -0.672     -0.974    19.7116 0.0000e+00
     -0.685 2.0358e-23     6.5593     71.733      1.323   1.182539    -0.0663      7.630   464.8150 1.6278e+02     0.0340     -0.671     -0.974    19.7075 0.0000e+00
     -0.685 2.2394e-22     6.5600     71.742      1.295   1.157112    -0.0777      7.629   456.2305 1.6273e+02    -0.0016     -0.671     -0.974    19.7034 0.0000e+00
     -0.685 2.4634e-21     6.5613     71.741      1.279   1.143281    -0.0832      7.636   475.4029 1.6343e+02     0.0150     -0.672     -0.974    19.6991 0.0000e+00
     -0.685 2.7097e-20     6.5607     71.734      1.278   1.141919    -0.0828      7.638   469.7415 1.6437e+02     0.0297     -0.671     -0.973    19.6952 0.0000e+00
     -0.685 2.9807e-19     6.5617     71.739      1.277   1.140644    -0.0900      7.635   447.7484 1.6484e+02    -0.0287     -0.672     -0.974    19.6912 0.0000e+00
     -0.685 3.2787e-18     6.5640     71.759      1.262   1.127861    -0.0953      7.636   445.4910 1.6458e+02    -0.0752     -0.672     -0.975    19.6870 0.0000e+00
     -0.685 3.6066e-17     6.5643     71.774      1.247   1.113963    -0.0884      7.641   458.1932 1.6403e+02    -0.0547     -0.672     -0.974    19.6829 0.0000e+00
