Data/DataNotYetUploadedToEDI/Raw_CTD/RawDownloads/091322_fcr50_S7809003.cnv
* Sea-Bird SBE19plus  Data File:
* FileName = C:\R\Reservoirs\Data\DataNotYetUploadedToEDI\Raw_CTD\RawDownloads\091322_fcr50_S7809_0003.hex
* Software version 2.8.0.119
* Temperature SN = 7809
* Conductivity SN = 7809
* System UpLoad Time = Sep 14 2022 15:36:02
* <ApplicationData>
* <Seaterm232>
# nquan = 15
# nvalues = 2700                        
# units = specified
# name 0 = depFM: Depth [fresh water, m]
# name 1 = dz/dtM: Descent Rate [m/s]
# name 2 = sbeox0Mg/L: Oxygen, SBE 43 [mg/l]
# name 3 = sbeox0PS: Oxygen, SBE 43 [% saturation]
# name 4 = specc: Specific Conductance [uS/cm]
# name 5 = c0uS/cm: Conductivity [uS/cm]
# name 6 = flECO-AFL: Fluorescence, WET Labs ECO-AFL/FL [mg/m^3]
# name 7 = ph: pH
# name 8 = orp: Oxidation Reduction Potential [mV]
# name 9 = par/sat/log: PAR/Logarithmic, Satlantic
# name 10 = turbWETntu0: Turbidity, WET Labs ECO [NTU]
# name 11 = prdM: Pressure, Strain Gauge [db]
# name 12 = prdE: Pressure, Strain Gauge [psi]
# name 13 = tv290C: Temperature [ITS-90, deg C]
# name 14 = flag:  0.000e+00
# span 0 =     -0.698,      9.571       
# span 1 =     -4.207,      0.158       
# span 2 =     0.0214,     6.9664       
# span 3 =      0.226,     81.391       
# span 4 =      0.182,    509.349       
# span 5 =   0.169498, 376.634715       
# span 6 =    -1.2244,   114.7077       
# span 7 =      4.627,     12.906       
# span 8 =  -922.0390,  1240.2295       
# span 9 = 1.2361e-01, 1.5583e+03       
# span 10 =    -4.4221,    89.3107      
# span 11 =     -0.684,      9.386      
# span 12 =     -0.992,     13.613      
# span 13 =    11.8308,    23.2572      
# span 14 = 0.0000e+00, 0.0000e+00      
# interval = seconds: 0.25
# start_time = Sep 13 2022 07:04:13 [Instrument's time stamp, header]
# bad_flag = -9.990e-29
*END*
[from data line 772]
      5.358      0.042     0.0520      0.461     62.983  46.455903     1.7378      6.830    66.6837 1.2382e-01    50.4773      5.254      7.620    11.8718 0.0000e+00
      5.367      0.042     0.0509      0.461     63.004  46.462155     1.7262      6.830    66.9091 1.2383e-01    50.3892      5.262      7.630    11.8798 0.0000e+00
      5.381      0.042     0.0479      0.464     63.022  46.467930     1.7230      6.830    67.2101 1.2382e-01    50.2707      5.277      7.654    11.8837 0.0000e+00
      5.396      0.043     0.0503      0.459     63.021  46.462271     1.7233      6.829    67.3119 1.2373e-01    50.1731      5.294      7.678    11.8839 0.0000e+00
      5.407      0.045     0.0501      0.459     63.017  46.457175     1.7294      6.828    67.2794 1.2373e-01    50.1999      5.304      7.692    11.8781 0.0000e+00
      5.415      0.045     0.0489      0.481     63.034  46.469760     1.7312      6.826    67.4197 1.2378e-01    50.2187      5.310      7.700    11.8690 0.0000e+00
      5.425      0.044     0.0514      0.497     63.054  46.487546     1.7283      6.824    67.8036 1.2379e-01    50.3317      5.319      7.714    11.8628 0.0000e+00
      5.437      0.041     0.0494      0.490     63.042  46.481886     1.7268      6.824    68.3081 1.2378e-01    50.6103      5.332      7.733    11.8597 0.0000e+00
      5.450      0.039     0.0480      0.466     63.017  46.464776     1.7226      6.823    68.6150 1.2382e-01    50.7868      5.345      7.753    11.8574 0.0000e+00
      5.462      0.036     0.0527      0.454     63.024  46.471006     1.7276      6.822    68.5885 1.2387e-01    50.8588      5.358      7.772    11.8568 0.0000e+00
      5.470      0.031     0.0547      0.461     63.053  46.493776     1.7448      6.820    68.5908 1.2387e-01    50.7636      5.366      7.783    11.8598 0.0000e+00
      5.475      0.028     0.0540      0.472     63.040  46.486288     1.7648      6.818    68.9867 1.2383e-01    50.4901      5.369      7.787    11.8632 0.0000e+00
      5.480      0.027     0.0497      0.491     62.978  46.443918     1.7774      6.818    69.5042 1.2378e-01    50.3535      5.374      7.794    11.8647 0.0000e+00
      5.485      0.028     0.0479      0.506     62.946  46.425616     1.7809      6.817    69.6848 1.2378e-01    50.3749      5.379      7.802    11.8640 0.0000e+00
      5.491      0.031     0.0502      0.501     62.982  46.455342     1.7740      6.817    69.6216 1.2378e-01    50.4754      5.383      7.806    11.8659 0.0000e+00
      5.500      0.035     0.0504      0.487     63.023  46.486108     1.7519      6.816    69.6857 1.2377e-01    50.6125      5.392      7.820    11.8675 0.0000e+00
      5.513      0.037     0.0528      0.481     63.012  46.480372     1.7303      6.816    70.0301 1.2386e-01    50.6321      5.407      7.843    11.8694 0.0000e+00
      5.524      0.037     0.0561      0.488     62.964  46.449433     1.7210      6.816    70.4304 1.2391e-01    50.5756      5.419      7.859    11.8761 0.0000e+00
      5.533      0.036     0.0542      0.502     62.934  46.429264     1.7220      6.815    70.5687 1.2389e-01    50.5449      5.425      7.868    11.8788 0.0000e+00
      5.541      0.035     0.0524      0.506     62.934  46.426864     1.7347      6.813    70.5836 1.2385e-01    50.4650      5.434      7.881    11.8769 0.0000e+00
      5.549      0.034     0.0515      0.500     62.932  46.420406     1.7496      6.811    70.6954 1.2383e-01    50.3614      5.442      7.894    11.8779 0.0000e+00
      5.556      0.035     0.0524      0.502     62.933  46.414626     1.7441      6.811    70.8882 1.2381e-01    50.3177      5.448      7.902    11.8834 0.0000e+00
      5.565      0.037     0.0550      0.509     62.947  46.420406     1.7257      6.811    71.1937 1.2377e-01    50.3117      5.456      7.914    11.8854 0.0000e+00
      5.575      0.038     0.0553      0.506     62.958  46.426845     1.7360      6.811    71.4641 1.2374e-01    50.3577      5.466      7.928    11.8842 0.0000e+00
      5.587      0.039     0.0534      0.491     62.961  46.429029     1.7773      6.811    71.5769 1.2378e-01    50.4298      5.479      7.947    11.8793 0.0000e+00
      5.598      0.038     0.0537      0.469     62.986  46.446814     1.8000      6.810    71.6114 1.2384e-01    50.4666      5.492      7.966    11.8722 0.0000e+00
      5.607      0.036     0.0557      0.455     62.994  46.451542     1.7945      6.809    71.6228 1.2380e-01    50.4601      5.498      7.975    11.8688 0.0000e+00
      5.616      0.034     0.0550      0.465     62.958  46.422747     1.7857      6.809    71.7151 1.2376e-01    50.5225      5.507      7.986    11.8672 0.0000e+00
      5.626      0.031     0.0536      0.481     62.953  46.415884     1.7847      6.808    71.9531 1.2379e-01    50.7078      5.519      8.005    11.8683 0.0000e+00
      5.632      0.029     0.0506      0.486     62.981  46.432006     1.7909      6.806    72.0914 1.2382e-01    50.8219      5.524      8.011    11.8684 0.0000e+00
      5.637      0.028     0.0478      0.479     62.981  46.427331     1.7944      6.806    72.0104 1.2384e-01    50.8777      5.526      8.015    11.8668 0.0000e+00
      5.645      0.029     0.0501      0.461     62.977  46.422802     1.7933      6.805    72.0912 1.2383e-01    51.1096      5.536      8.030    11.8653 0.0000e+00
      5.651      0.034     0.0531      0.449     63.000  46.440691     1.7862      6.805    72.4662 1.2378e-01    51.4046      5.543      8.039    11.8635 0.0000e+00
      5.657      0.042     0.0524      0.454     63.015  46.453286     1.7832      6.805    72.8453 1.2380e-01    51.5419      5.547      8.045    11.8597 0.0000e+00
      5.666      0.047     0.0527      0.449     63.007  46.448191     1.7828      6.804    72.8898 1.2380e-01    51.5396      5.554      8.057    11.8543 0.0000e+00
      5.682      0.049     0.0497      0.441     62.999  46.442532     1.7808      6.803    72.6595 1.2372e-01    51.2397      5.570      8.078    11.8528 0.0000e+00
      5.702      0.049     0.0470      0.459     63.009  46.448314     1.7840      6.802    72.5564 1.2374e-01    50.6835      5.593      8.113    11.8552 0.0000e+00
      5.720      0.048     0.0503      0.481     63.019  46.454649     1.7797      6.801    72.7614 1.2379e-01    50.3484      5.614      8.142    11.8562 0.0000e+00
      5.730      0.043     0.0490      0.484     63.015  46.455689     1.7793      6.800    73.1597 1.2380e-01    50.3299      5.620      8.151    11.8568 0.0000e+00
      5.735      0.037     0.0458      0.493     63.012  46.460888     1.7873      6.800    73.3274 1.2380e-01    50.4946      5.622      8.153    11.8574 0.0000e+00
      5.743      0.032     0.0493      0.508     62.995  46.454075     1.7933      6.799    73.1548 1.2378e-01    50.7339      5.631      8.167    11.8558 0.0000e+00
      5.751      0.030     0.0536      0.501     62.965  46.436766     1.8013      6.797    73.0510 1.2378e-01    50.8323      5.641      8.181    11.8535 0.0000e+00
      5.757      0.031     0.0517      0.491     62.967  46.441948     1.8015      6.796    73.2772 1.2382e-01    50.7961      5.645      8.187    11.8562 0.0000e+00
      5.765      0.032     0.0521      0.497     62.981  46.453284     1.7951      6.797    73.5668 1.2387e-01    50.7744      5.651      8.197    11.8647 0.0000e+00
      5.775      0.033     0.0570      0.504     62.974  46.446930     1.7903      6.797    73.6275 1.2391e-01    50.7399      5.664      8.215    11.8694 0.0000e+00
      5.783      0.035     0.0538      0.500     62.954  46.428578     1.7928      6.796    73.6674 1.2390e-01    50.6525      5.673      8.228    11.8721 0.0000e+00
      5.790      0.035     0.0517      0.479     62.952  46.421729     1.8012      6.795    73.7904 1.2384e-01    50.6066      5.676      8.233    11.8759 0.0000e+00
      5.800      0.034     0.0544      0.460     62.964  46.427556     1.7922      6.795    73.9102 1.2379e-01    50.5951      5.686      8.247    11.8767 0.0000e+00
      5.812      0.033     0.0543      0.460     62.972  46.435582     1.7591      6.795    74.1698 1.2380e-01    50.6162      5.702      8.270    11.8761 0.0000e+00
      5.821      0.031     0.0553      0.457     62.992  46.455329     1.7251      6.794    74.6062 1.2383e-01    50.7249      5.710      8.281    11.8735 0.0000e+00
      5.826      0.031     0.0518      0.452     63.015  46.475977     1.7147      6.794    74.8846 1.2378e-01    50.8503      5.714      8.286    11.8669 0.0000e+00
      5.832      0.031     0.0482      0.451     63.037  46.494896     1.7247      6.793    74.8689 1.2370e-01    50.9022      5.719      8.295    11.8638 0.0000e+00
      5.839      0.033     0.0506      0.447     63.028  46.493743     1.7302      6.791    74.8461 1.2366e-01    50.7032      5.726      8.305    11.8670 0.0000e+00
      5.846      0.036     0.0495      0.452     62.975  46.462039     1.7218      6.790    75.1256 1.2370e-01    50.3230      5.733      8.315    11.8717 0.0000e+00
      5.856      0.041     0.0483      0.474     62.930  46.428809     1.7143      6.790    75.5798 1.2373e-01    50.1311      5.742      8.327    11.8753 0.0000e+00
      5.869      0.046     0.0491      0.484     62.918  46.409194     1.7228      6.790    75.7778 1.2375e-01    50.1606      5.756      8.348    11.8745 0.0000e+00
      5.883      0.050     0.0481      0.478     62.944  46.415208     1.7583      6.789    75.7133 1.2377e-01    50.3367      5.769      8.367    11.8790 0.0000e+00
      5.895      0.051     0.0474      0.477     62.987  46.438062     1.7849      6.788    75.6613 1.2373e-01    50.5862      5.780      8.385    11.8902 0.0000e+00
      5.909      0.051     0.0520      0.477     62.983  46.431717     1.7793      6.788    75.9226 1.2369e-01    50.7185      5.794      8.404    11.8900 0.0000e+00
      5.924      0.050     0.0536      0.482     62.945  46.401932     1.7734      6.788    76.4639 1.2374e-01    50.7407      5.810      8.427    11.8785 0.0000e+00
      5.938      0.048     0.0503      0.481     62.938  46.395167     1.7802      6.788    76.7855 1.2375e-01    50.7184      5.825      8.448    11.8660 0.0000e+00
      5.949      0.045     0.0526      0.469     62.967  46.413368     1.7944      6.787    76.7995 1.2372e-01    50.6533      5.835      8.463    11.8586 0.0000e+00
      5.958      0.041     0.0504      0.471     62.995  46.431655     1.7962      6.786    76.8049 1.2374e-01    50.6030      5.843      8.474    11.8576 0.0000e+00
      5.968      0.038     0.0527      0.481     62.988  46.425930     1.7847      6.786    76.8509 1.2376e-01    50.5880      5.852      8.488    11.8569 0.0000e+00
      5.978      0.037     0.0532      0.476     62.963  46.407597     1.7811      6.786    76.9253 1.2373e-01    50.5405      5.864      8.506    11.8551 0.0000e+00
      5.986      0.037     0.0493      0.463     62.952  46.400327     1.8022      6.785    77.1033 1.2373e-01    50.4730      5.871      8.516    11.8527 0.0000e+00
      5.994      0.036     0.0507      0.465     62.953  46.401482     1.8401      6.784    77.3682 1.2377e-01    50.4209      5.877      8.524    11.8506 0.0000e+00
      6.004      0.035     0.0526      0.481     62.978  46.421555     1.8565      6.783    77.4601 1.2382e-01    50.3884      5.887      8.538    11.8497 0.0000e+00
      6.014      0.035     0.0524      0.486     63.016  46.452685     1.8503      6.783    77.3538 1.2381e-01    50.4215      5.899      8.556    11.8496 0.0000e+00
      6.024      0.036     0.0488      0.471     63.018  46.460650     1.8399      6.783    77.4605 1.2375e-01    50.7526      5.909      8.570    11.8515 0.0000e+00
      6.032      0.036     0.0497      0.456     63.001  46.454420     1.8393      6.782    77.7177 1.2375e-01    51.3860      5.915      8.579    11.8514 0.0000e+00
      6.040      0.035     0.0522      0.450     62.976  46.440806     1.8602      6.781    77.8827 1.2377e-01    51.7950      5.921      8.588    11.8513 0.0000e+00
      6.050      0.033     0.0541      0.446     62.949  46.422946     1.8762      6.781    77.9063 1.2381e-01    51.8375      5.933      8.604    11.8544 0.0000e+00
      6.061      0.033     0.0504      0.448     62.957  46.428815     1.8482      6.781    77.8310 1.2385e-01    51.5922      5.945      8.622    11.8597 0.0000e+00
      6.068      0.032     0.0487      0.458     62.983  46.448315     1.7971      6.780    77.8328 1.2383e-01    51.1868      5.952      8.632    11.8666 0.0000e+00
      6.074      0.031     0.0490      0.477     63.007  46.468387     1.7828      6.778    77.9275 1.2375e-01    51.0345      5.956      8.638    11.8701 0.0000e+00
      6.082      0.028     0.0476      0.481     63.019  46.481171     1.8002      6.777    78.1154 1.2369e-01    51.1173      5.963      8.649    11.8707 0.0000e+00
      6.091      0.027     0.0484      0.470     63.007  46.475987     1.8076      6.777    78.2988 1.2370e-01    51.0942      5.974      8.665    11.8706 0.0000e+00
      6.098      0.028     0.0484      0.463     62.994  46.469160     1.7972      6.777    78.3380 1.2374e-01    50.8577      5.981      8.675    11.8703 0.0000e+00
      6.103      0.029     0.0526      0.460     62.979  46.462082     1.7827      6.778    78.3311 1.2378e-01    50.6151      5.986      8.680    11.8718 0.0000e+00
      6.108      0.031     0.0529      0.469     62.962  46.453856     1.7829      6.778    78.3876 1.2380e-01    50.5517      5.989      8.686    11.8754 0.0000e+00
      6.116      0.034     0.0499      0.484     62.933  46.433149     1.7914      6.777    78.5050 1.2377e-01    50.5358      5.995      8.695    11.8791 0.0000e+00
      6.126      0.038     0.0503      0.488     62.895  46.402055     1.7935      6.776    78.6323 1.2373e-01    50.4563      6.008      8.713    11.8802 0.0000e+00
      6.138      0.042     0.0492      0.487     62.892  46.395135     1.7917      6.776    78.7222 1.2375e-01    50.3772      6.021      8.732    11.8833 0.0000e+00
      6.148      0.045     0.0499      0.492     62.921  46.412920     1.7857      6.776    78.8167 1.2380e-01    50.3306      6.029      8.745    11.8887 0.0000e+00
      6.160      0.045     0.0532      0.495     62.944  46.426743     1.7788      6.774    78.9157 1.2380e-01    50.3369      6.040      8.760    11.8891 0.0000e+00
      6.174      0.045     0.0530      0.486     62.959  46.435375     1.7836      6.775    79.1438 1.2380e-01    50.3167      6.055      8.781    11.8853 0.0000e+00
      6.186      0.045     0.0519      0.468     62.986  46.453836     1.7936      6.776    79.4238 1.2381e-01    50.2223      6.068      8.801    11.8818 0.0000e+00
      6.196      0.043     0.0533      0.454     62.996  46.459618     1.7914      6.774    79.4614 1.2384e-01    50.1526      6.078      8.815    11.8786 0.0000e+00
      6.206      0.039     0.0542      0.456     62.974  46.441835     1.7819      6.771    79.4274 1.2384e-01    50.1231      6.085      8.824    11.8757 0.0000e+00
      6.217      0.034     0.0527      0.461     62.958  46.429156     1.7793      6.771    79.4421 1.2380e-01    50.1047      6.095      8.840    11.8743 0.0000e+00
      6.228      0.030     0.0507      0.457     62.962  46.433203     1.7851      6.772    79.5538 1.2379e-01    50.1003      6.110      8.861    11.8728 0.0000e+00
      6.234      0.028     0.0479      0.453     62.950  46.427326     1.7935      6.772    79.8305 1.2379e-01    50.1047      6.116      8.870    11.8722 0.0000e+00
      6.236      0.027     0.0491      0.459     62.939  46.421553     1.7977      6.771    80.0344 1.2378e-01    50.0894      6.115      8.869    11.8714 0.0000e+00
      6.240      0.025     0.0504      0.469     62.943  46.426847     1.7858      6.771    80.1268 1.2380e-01    50.1194      6.118      8.874    11.8697 0.0000e+00
