Data/DataNotYetUploadedToEDI/Raw_CTD/RawDownloads/091525_fcr50_S7809002.cnv
* Sea-Bird SBE19plus  Data File:
* FileName = C:\R\Reservoirs\Data\DataNotYetUploadedToEDI\Raw_CTD\RawDownloads\090825_fcr50_S7809_0002.hex
* Software version 2.8.0.119
* Temperature SN = 7809
* Conductivity SN = 7809
* System UpLoad Time = Sep 16 2025 17:27:16
* <ApplicationData>
* <Seaterm232>
# nquan = 15
# nvalues = 1797                        
# units = specified
# name 0 = depFM: Depth [fresh water, m]
# name 1 = dz/dtM: Descent Rate [m/s]
# name 2 = sbeox0Mg/L: Oxygen, SBE 43 [mg/l]
# name 3 = sbeox0PS: Oxygen, SBE 43 [% saturation]
# name 4 = specc: Specific Conductance [uS/cm]
# name 5 = c0uS/cm: Conductivity [uS/cm]
# name 6 = flECO-AFL: Fluorescence, WET Labs ECO-AFL/FL [mg/m^3]
# name 7 = ph: pH
# name 8 = orp: Oxidation Reduction Potential [mV]
# name 9 = par/sat/log: PAR/Logarithmic, Satlantic
# name 10 = turbWETntu0: Turbidity, WET Labs ECO [NTU]
# name 11 = prdM: Pressure, Strain Gauge [db]
# name 12 = prdE: Pressure, Strain Gauge [psi]
# name 13 = tv290C: Temperature [ITS-90, deg C]
# name 14 = flag:  0.000e+00
# span 0 =     -0.597,      9.644       
# span 1 =     -0.434,      0.119       
# span 2 =    -0.2607,    12.2538       
# span 3 =     -2.391,    137.683       
# span 4 =      1.016,    423.359       
# span 5 =   1.058265, 317.023669       
# span 6 =    -1.5656,    18.9663       
# span 7 =      7.569,     11.329       
# span 8 = -1240.7455,  1212.0258       
# span 9 = 1.2348e-01, 1.6830e+03       
# span 10 =    -0.1876,   953.4991      
# span 11 =     -0.585,      9.459      
# span 12 =     -0.849,     13.719      
# span 13 =    12.4270,    27.1025      
# span 14 = 0.0000e+00, 0.0000e+00      
# interval = seconds: 0.25
# start_time = Sep 15 2025 14:16:38 [Instrument's time stamp, header]
# bad_flag = -9.990e-29
*END*
[from data line 193]
      0.306      0.001    11.5277    125.423     40.358  38.179123     1.7725     10.419   100.0419 6.2042e+02     5.9536      0.300      0.435    22.3348 0.0000e+00
      0.306      0.001    11.3967    125.157     40.322  38.133079     1.7352     10.420   100.0931 6.2928e+02     6.1034      0.301      0.436    22.3305 0.0000e+00
      0.306      0.002    11.2662    124.955     40.305  38.099017     1.7466     10.422   100.4121 6.3553e+02     6.2288      0.300      0.436    22.3320 0.0000e+00
      0.307      0.002    11.1597    124.757     40.311  38.084540     1.7599     10.423   100.8872 6.4278e+02     6.2397      0.301      0.436    22.3354 0.0000e+00
      0.307      0.002    11.0864    124.628     40.330  38.084928     1.7304     10.426   101.2771 6.5472e+02     6.1330      0.301      0.436    22.3385 0.0000e+00
      0.307      0.002    11.0356    124.643     40.365  38.103678     1.7137     10.428   100.7384 6.4888e+02     6.0314      0.301      0.437    22.3332 0.0000e+00
      0.307      0.002    10.9880    124.800     40.400  38.120861     1.7332     10.429    99.5368 6.2797e+02     6.0699      0.301      0.437    22.3190 0.0000e+00
      0.307      0.002    10.9338    124.995     40.400  38.102292     1.7664     10.430    98.9658 6.1362e+02     6.2219      0.301      0.437    22.3070 0.0000e+00
      0.308      0.001    10.8952    125.134     40.392  38.069510     1.7743     10.431    99.2553 6.1523e+02     6.2305      0.302      0.439    22.2968 0.0000e+00
      0.309      0.001    10.8814    125.235     40.398  38.041740     1.7452     10.430    99.7665 6.3415e+02     6.0715      0.303      0.439    22.2819 0.0000e+00
      0.309      0.001    10.8710    125.366     40.416  38.020307     1.7306     10.430    99.3829 6.4905e+02     6.0071      0.303      0.440    22.2585 0.0000e+00
      0.309      0.001    10.8557    125.529     40.435  38.000684     1.7564     10.431    98.2303 6.4403e+02     6.0672      0.303      0.440    22.2316 0.0000e+00
      0.310      0.002    10.8467    125.642     40.462  37.994804     1.7985     10.432    97.8768 6.4336e+02     6.0810      0.304      0.440    22.2106 0.0000e+00
      0.310      0.003    10.8503    125.631     40.508  38.012623     1.7986     10.434    98.1193 6.5197e+02     5.9682      0.304      0.441    22.1947 0.0000e+00
      0.311      0.004    10.8726    125.526     40.544  38.025722     1.7571     10.436    98.4960 6.4974e+02     5.8302      0.305      0.442    22.1757 0.0000e+00
      0.311      0.004    10.8981    125.432     40.561  38.026233     1.7629     10.437    99.1617 6.4427e+02     5.9161      0.305      0.442    22.1544 0.0000e+00
      0.311      0.004    10.9145    125.350     40.561  38.018791     1.8190     10.438    99.1987 6.3634e+02     6.1529      0.305      0.442    22.1250 0.0000e+00
      0.311      0.004    10.9301    125.228     40.546  37.999187     1.8529     10.440    98.5134 6.2258e+02     6.2343      0.305      0.442    22.0801 0.0000e+00
      0.312      0.004    10.9514    125.104     40.536  37.979570     1.8474     10.442    98.1890 6.2118e+02     6.1482      0.305      0.443    22.0303 0.0000e+00
      0.313      0.003    10.9798    125.003     40.540  37.971954     1.8204     10.443    98.4595 6.3764e+02     6.0349      0.307      0.445    21.9817 0.0000e+00
      0.315      0.003    11.0006    124.952     40.542  37.970540     1.8169     10.443    98.8592 6.5365e+02     6.1274      0.310      0.449    21.9420 0.0000e+00
      0.316      0.003    11.0058    124.982     40.525  37.962467     1.8467     10.442    99.1503 6.4850e+02     6.4129      0.311      0.451    21.9132 0.0000e+00
      0.316      0.002    10.9955    125.038     40.482  37.937810     1.8561     10.442    99.2253 6.4163e+02     6.5494      0.310      0.450    21.8874 0.0000e+00
      0.316      0.002    10.9929    125.076     40.457  37.926263     1.8310     10.442    99.0781 6.4661e+02     6.4789      0.310      0.450    21.8655 0.0000e+00
      0.317      0.001    10.9917    125.100     40.482  37.949785     1.8018     10.442    98.9190 6.3897e+02     6.4844      0.311      0.451    21.8587 0.0000e+00
      0.319      0.000    10.9768    125.062     40.515  37.968380     1.8109     10.442    98.8506 6.2981e+02     6.6830      0.313      0.455    21.8581 0.0000e+00
      0.320 2.0335e-08    10.9696    124.940     40.527  37.960711     1.8499     10.443    99.3699 6.3338e+02     6.8315      0.314      0.456    21.8426 0.0000e+00
      0.320 2.2369e-07    10.9646    124.780     40.502  37.920491     1.8650     10.445   100.2076 6.3953e+02     6.8454      0.314      0.455    21.8235 0.0000e+00
      0.321 2.2371e-07    10.9578    124.626     40.453  37.862811     1.8440     10.446   100.2892 6.3972e+02     6.8162      0.315      0.456    21.8179 0.0000e+00
      0.321 2.0640e-08    10.9617    124.524     40.432  37.834391     1.8120     10.449    99.7540 6.2764e+02     6.8205      0.315      0.456    21.8300 0.0000e+00
      0.321 5.2075e-09    10.9637    124.507     40.437  37.830673     1.8030     10.451    99.1568 6.2854e+02     6.8973      0.314      0.456    21.8536 0.0000e+00
      0.321 3.7115e-08    10.9606    124.542     40.434  37.817844     1.8090     10.452    98.9191 6.5104e+02     6.8901      0.314      0.456    21.8712 0.0000e+00
      0.321 4.0644e-07    10.9655    124.581     40.434  37.806182     1.8014     10.455    99.7196 6.6436e+02     6.7676      0.315      0.456    21.8732 0.0000e+00
      0.321      0.000    10.9675    124.611     40.456  37.816567     1.7940     10.459   101.0915 6.6199e+02     6.6810      0.315      0.456    21.8549 0.0000e+00
      0.321      0.000    10.9596    124.643     40.463  37.816473     1.8114     10.464   101.6542 6.4974e+02     6.7302      0.315      0.457    21.8262 0.0000e+00
      0.321      0.001    10.9499    124.673     40.456  37.805041     1.8455     10.468   101.3616 6.4134e+02     6.8845      0.315      0.457    21.8047 0.0000e+00
      0.321      0.001    10.9377    124.697     40.461  37.805241     1.8577     10.472   100.9951 6.4152e+02     6.9413      0.314      0.456    21.7914 0.0000e+00
      0.321      0.000    10.9284    124.711     40.481  37.818886     1.8422     10.476   101.2671 6.3502e+02     6.8360      0.315      0.457    21.7823 0.0000e+00
      0.322 1.8474e-08    10.9310    124.716     40.513  37.843107     1.8332     10.480   102.0685 6.4037e+02     6.7389      0.316      0.458    21.7727 0.0000e+00
      0.322 2.0321e-07    10.9387    124.733     40.521  37.844262     1.8562     10.483   102.5107 6.6125e+02     6.7915      0.315      0.457    21.7589 0.0000e+00
      0.322 2.0321e-07    10.9459    124.764     40.514  37.832839     1.8789     10.484   102.4837 6.5585e+02     6.8578      0.315      0.457    21.7434 0.0000e+00
      0.322 1.8474e-08    10.9500    124.806     40.516  37.831904     1.8502     10.487   102.0864 6.3505e+02     6.7889      0.316      0.458    21.7311 0.0000e+00
      0.322 1.6794e-09    10.9553    124.823     40.518  37.832954     1.8082     10.491   101.4932 6.3863e+02     6.7443      0.316      0.458    21.7236 0.0000e+00
      0.322 1.5267e-10    10.9587    124.775     40.530  37.845532     1.7956     10.495   101.5055 6.4859e+02     6.7618      0.316      0.458    21.7185 0.0000e+00
      0.322 1.3880e-11    10.9621    124.703     40.540  37.857068     1.8064     10.498   102.1495 6.4532e+02     6.8302      0.316      0.458    21.7137 0.0000e+00
      0.322 1.2618e-12    10.9651    124.673     40.523  37.845529     1.8299     10.502   102.6543 6.4647e+02     6.9231      0.315      0.457    21.7074 0.0000e+00
      0.322 1.1471e-13    10.9657    124.652     40.505  37.832932     1.8300     10.503   102.7910 6.4714e+02     6.8593      0.316      0.458    21.6987 0.0000e+00
      0.322 1.0428e-14    10.9698    124.601     40.501  37.831672     1.7996     10.504   102.6843 6.4229e+02     6.7428      0.316      0.458    21.6899 0.0000e+00
      0.322 9.4800e-16    10.9731    124.553     40.499  37.830310     1.7786     10.507   102.3105 6.5155e+02     6.7094      0.316      0.458    21.6844 0.0000e+00
      0.322 8.6180e-17    10.9787    124.546     40.485  37.816466     1.7927     10.511   101.8848 6.6158e+02     6.7619      0.316      0.458    21.6817 0.0000e+00
      0.322 7.8345e-18    10.9828    124.593     40.460  37.791188     1.8291     10.514   101.8386 6.7478e+02     6.8320      0.316      0.459    21.6800 0.0000e+00
      0.322 7.1225e-19    10.9770    124.660     40.449  37.778498     1.8352     10.516   102.1821 6.9558e+02     6.7716      0.315      0.458    21.6811 0.0000e+00
      0.322 6.4750e-20    10.9653    124.716     40.464  37.789939     1.8079     10.518   102.6827 6.9116e+02     6.7146      0.316      0.458    21.6852 0.0000e+00
      0.322 5.8865e-21    10.9644    124.779     40.478  37.802611     1.8081     10.521   102.9871 6.7194e+02     6.7916      0.317      0.459    21.6907 0.0000e+00
      0.323 5.3510e-22    10.9634    124.861     40.476  37.804803     1.8369     10.523   102.5076 6.8056e+02     6.9175      0.316      0.458    21.6967 0.0000e+00
      0.323 4.8662e-23    10.9552    124.964     40.482  37.816443     1.8567     10.526   101.6173 6.9898e+02     6.9380      0.316      0.459    21.7006 0.0000e+00
      0.323 4.5926e-24    10.9508    125.071     40.473  37.816452     1.8476     10.529   101.3424 6.8712e+02     6.8348      0.316      0.459    21.7016 0.0000e+00
      0.323 2.2740e-24    10.9490    125.171     40.453  37.804924     1.8436     10.531   101.6792 6.6677e+02     6.7633      0.316      0.459    21.6998 0.0000e+00
      0.323 2.0628e-23    10.9557    125.268     40.445  37.803979     1.8748     10.533   102.1614 6.5200e+02     6.7567      0.317      0.459    21.6964 0.0000e+00
      0.323 2.2651e-22    10.9639    125.356     40.440  37.805027     1.8993     10.535   101.8386 6.4538e+02     6.7890      0.317      0.460    21.6930 0.0000e+00
      0.323 2.4916e-21    10.9681    125.412     40.449  37.817604     1.9071     10.537   100.7011 6.5603e+02     6.7439      0.316      0.459    21.6891 0.0000e+00
      0.323 2.7408e-20    10.9739    125.390     40.457  37.829149     1.8941     10.538   100.1097 6.6661e+02     6.5533      0.316      0.459    21.6881 0.0000e+00
      0.323 3.0149e-19    10.9794    125.259     40.440  37.817706     1.8678     10.539   100.4524 6.6976e+02     6.4310      0.316      0.459    21.6936 0.0000e+00
      0.323 3.3163e-18    10.9873    125.057     40.425  37.806168     1.8628     10.539   101.1449 6.7090e+02     6.4608      0.316      0.459    21.7030 0.0000e+00
      0.323 3.6480e-17    10.9955    124.847     40.437  37.816560     1.8680     10.541   101.0837 6.6907e+02     6.5039      0.316      0.459    21.7123 0.0000e+00
      0.323 4.0128e-16    11.0015    124.668     40.442  37.816449     1.8638     10.543   100.3149 6.6534e+02     6.4742      0.317      0.459    21.7211 0.0000e+00
      0.323 4.4141e-15    11.0089    124.528     40.438  37.804809     1.8371     10.543   100.0233 6.6879e+02     6.3402      0.317      0.460    21.7305 0.0000e+00
      0.323 4.8555e-14    11.0150    124.399     40.446  37.802721     1.8201     10.544   100.2258 6.7557e+02     6.2167      0.317      0.459    21.7379 0.0000e+00
      0.323 5.3410e-13    11.0209    124.286     40.442  37.791193     1.8490     10.545   100.6114 6.7960e+02     6.2449      0.317      0.460    21.7418 0.0000e+00
      0.323 5.8751e-12    11.0200    124.233     40.450  37.792330     1.8540     10.545   101.0714 6.7391e+02     6.2359      0.317      0.459    21.7456 0.0000e+00
      0.323 6.4626e-11    11.0052    124.251     40.479  37.816454     1.7965     10.546   101.0561 6.4773e+02     6.0737      0.317      0.460    21.7520 0.0000e+00
      0.323 7.1089e-10    10.9838    124.321     40.489  37.829039     1.7454     10.548   100.5981 6.3641e+02     5.9919      0.317      0.460    21.7585 0.0000e+00
      0.323 7.8198e-09    10.9644    124.407     40.470  37.817591     1.7523     10.549   100.2658 6.5060e+02     6.0667      0.317      0.460    21.7582 0.0000e+00
      0.323 8.6017e-08    10.9495    124.469     40.451  37.804960     1.7886     10.549   100.2218 6.5271e+02     6.1587      0.317      0.460    21.7500 0.0000e+00
      0.323 9.4619e-07    10.9419    124.513     40.449  37.803235     1.8007     10.550   100.3245 6.4486e+02     6.1474      0.317      0.460    21.7386 0.0000e+00
      0.323      0.000    10.9328    124.573     40.444  37.796732     1.7909     10.552   100.6472 6.4124e+02     6.0676      0.317      0.459    21.7266 0.0000e+00
      0.323      0.000    10.9227    124.647     40.440  37.789790     1.7869     10.553   100.9405 6.4508e+02     6.0476      0.317      0.460    21.7156 0.0000e+00
      0.323      0.001    10.9200    124.742     40.437  37.782754     1.8106     10.554   100.7734 6.7911e+02     6.1101      0.318      0.461    21.7076 0.0000e+00
      0.323      0.004    10.9231    124.853     40.435  37.775113     1.8525     10.558   100.3464 7.0873e+02     6.1747      0.317      0.460    21.7031 0.0000e+00
      0.323      0.007    10.9293    124.942     40.427  37.760844     1.8523     10.563    99.9082 6.8365e+02     6.1450      0.317      0.460    21.7075 0.0000e+00
      0.323      0.011    10.9360    125.004     40.411  37.737127     1.8158     10.570    99.7773 6.7184e+02     6.1269      0.317      0.460    21.7194 0.0000e+00
      0.323      0.014    10.9407    125.045     40.428  37.742168     1.7941     10.577   100.4852 6.8942e+02     6.1609      0.317      0.459    21.7250 0.0000e+00
      0.323      0.015    10.9418    125.061     40.457  37.758321     1.7984     10.584   101.4970 6.7289e+02     6.2145      0.317      0.460    21.7244 0.0000e+00
      0.324      0.015    10.9492    125.066     40.447  37.742050     1.8182     10.590   101.6864 6.4974e+02     6.3312      0.317      0.460    21.7222 0.0000e+00
      0.325      0.015    10.9557    125.034     40.443  37.735800     1.8092     10.595   101.1411 6.5257e+02     6.3426      0.318      0.462    21.7178 0.0000e+00
      0.329      0.014    10.9646    124.934     40.454  37.746203     1.7888     10.600   100.5821 6.5393e+02     6.3178      0.321      0.467    21.7134 0.0000e+00
      0.334      0.012    10.9783    124.774     40.448  37.740917     1.7959     10.603   100.9506 6.4448e+02     6.3729      0.327      0.474    21.7070 0.0000e+00
      0.341      0.010    10.9873    124.595     40.442  37.735344     1.8293     10.605   101.8102 6.4068e+02     6.4964      0.335      0.486    21.6975 0.0000e+00
      0.346      0.008    10.9947    124.497     40.447  37.742274     1.8754     10.606   101.7697 6.3775e+02     6.6829      0.340      0.493    21.6871 0.0000e+00
      0.349      0.007    11.0021    124.557     40.462  37.761262     1.8799     10.606   101.3215 6.3075e+02     6.7496      0.341      0.495    21.6734 0.0000e+00
      0.350      0.005    11.0054    124.715     40.468  37.774567     1.8588     10.607   100.9509 6.2815e+02     6.7904      0.343      0.497    21.6585 0.0000e+00
      0.352      0.003    11.0086    124.843     40.463  37.776239     1.8695     10.609   100.4719 6.2391e+02     6.8688      0.345      0.502    21.6496 0.0000e+00
      0.355      0.002    11.0087    124.898     40.463  37.781486     1.8928     10.614   100.6926 6.1192e+02     6.8436      0.348      0.505    21.6467 0.0000e+00
      0.359      0.001    10.9978    124.922     40.450  37.774555     1.8907     10.619   101.6402 5.9880e+02     6.7252      0.353      0.510    21.6476 0.0000e+00
      0.361      0.001    10.9840    124.946     40.427  37.755901     1.8691     10.624   102.1211 5.9896e+02     6.5633      0.355      0.515    21.6489 0.0000e+00
      0.361      0.002    10.9641    124.956     40.421  37.746323     1.8565     10.628   101.8607 6.1249e+02     6.5950      0.354      0.514    21.6482 0.0000e+00
