Data/DataNotYetUploadedToEDI/Raw_CTD/RawDownloads/091525_fcr50_S7809002.cnv
* Sea-Bird SBE19plus  Data File:
* FileName = C:\R\Reservoirs\Data\DataNotYetUploadedToEDI\Raw_CTD\RawDownloads\090825_fcr50_S7809_0002.hex
* Software version 2.8.0.119
* Temperature SN = 7809
* Conductivity SN = 7809
* System UpLoad Time = Sep 16 2025 17:27:16
* <ApplicationData>
* <Seaterm232>
# nquan = 15
# nvalues = 1797                        
# units = specified
# name 0 = depFM: Depth [fresh water, m]
# name 1 = dz/dtM: Descent Rate [m/s]
# name 2 = sbeox0Mg/L: Oxygen, SBE 43 [mg/l]
# name 3 = sbeox0PS: Oxygen, SBE 43 [% saturation]
# name 4 = specc: Specific Conductance [uS/cm]
# name 5 = c0uS/cm: Conductivity [uS/cm]
# name 6 = flECO-AFL: Fluorescence, WET Labs ECO-AFL/FL [mg/m^3]
# name 7 = ph: pH
# name 8 = orp: Oxidation Reduction Potential [mV]
# name 9 = par/sat/log: PAR/Logarithmic, Satlantic
# name 10 = turbWETntu0: Turbidity, WET Labs ECO [NTU]
# name 11 = prdM: Pressure, Strain Gauge [db]
# name 12 = prdE: Pressure, Strain Gauge [psi]
# name 13 = tv290C: Temperature [ITS-90, deg C]
# name 14 = flag:  0.000e+00
# span 0 =     -0.597,      9.644       
# span 1 =     -0.434,      0.119       
# span 2 =    -0.2607,    12.2538       
# span 3 =     -2.391,    137.683       
# span 4 =      1.016,    423.359       
# span 5 =   1.058265, 317.023669       
# span 6 =    -1.5656,    18.9663       
# span 7 =      7.569,     11.329       
# span 8 = -1240.7455,  1212.0258       
# span 9 = 1.2348e-01, 1.6830e+03       
# span 10 =    -0.1876,   953.4991      
# span 11 =     -0.585,      9.459      
# span 12 =     -0.849,     13.719      
# span 13 =    12.4270,    27.1025      
# span 14 = 0.0000e+00, 0.0000e+00      
# interval = seconds: 0.25
# start_time = Sep 15 2025 14:16:38 [Instrument's time stamp, header]
# bad_flag = -9.990e-29
*END*
[from data line 675]
      3.607      0.033     0.0499      0.449     71.379  58.552529     2.7941      9.405   157.7782 3.4521e+00     4.3674      3.538      5.131    16.1793 0.0000e+00
      3.617      0.030     0.0473      0.461     71.362  58.540112     2.7724      9.392   157.9218 3.3735e+00     4.2870      3.546      5.143    16.1531 0.0000e+00
      3.628      0.027     0.0463      0.481     71.265  58.469033     2.7484      9.380   157.9189 3.2796e+00     4.1336      3.556      5.158    16.1278 0.0000e+00
      3.641      0.026     0.0469      0.506     71.160  58.391887     2.7368      9.369   157.9149 3.1933e+00     4.0842      3.571      5.180    16.1115 0.0000e+00
      3.651      0.027     0.0456      0.527     71.205  58.433147     2.7395      9.357   158.0454 3.1450e+00     4.1333      3.582      5.195    16.1093 0.0000e+00
      3.657      0.030     0.0448      0.527     71.318  58.523252     2.7399      9.345   158.2063 3.1075e+00     4.1467      3.585      5.200    16.0794 0.0000e+00
      3.662      0.032     0.0457      0.516     71.495  58.655537     2.7170      9.335   158.3112 3.0578e+00     4.0752      3.590      5.208    16.0341 0.0000e+00
      3.668      0.034     0.0459      0.504     71.820  58.889178     2.6454      9.325   158.4535 3.0168e+00     3.9517      3.597      5.218    16.0139 0.0000e+00
      3.674      0.035     0.0427      0.504     72.194  59.124843     2.5739      9.314   158.6367 2.9752e+00     3.8833      3.602      5.225    16.0091 0.0000e+00
      3.680      0.037     0.0457      0.510     72.598  59.345045     2.5596      9.303   158.7191 2.9122e+00     3.9661      3.608      5.233    16.0103 0.0000e+00
      3.688      0.038     0.0473      0.500     73.045  59.582223     2.5802      9.292   158.6748 2.8397e+00     4.0986      3.616      5.245    16.0180 0.0000e+00
      3.698      0.038     0.0493      0.494     73.428  59.768992     2.5735      9.282   158.6174 2.7720e+00     4.0853      3.628      5.260    16.0258 0.0000e+00
      3.708      0.039     0.0537      0.508     73.709  59.887905     2.5282      9.271   158.5422 2.7115e+00     3.9414      3.638      5.276    16.0295 0.0000e+00
      3.717      0.040     0.0517      0.510     73.951  60.003437     2.4996      9.259   158.2821 2.6521e+00     3.8614      3.645      5.287    16.0275 0.0000e+00
      3.725      0.042     0.0514      0.495     74.117  60.085817     2.4852      9.246   157.8811 2.5864e+00     3.9390      3.652      5.298    16.0206 0.0000e+00
      3.734      0.044     0.0490      0.480     74.135  60.058032     2.4547      9.234   156.7051 2.5218e+00     4.0254      3.662      5.312    16.0044 0.0000e+00
      3.745      0.044     0.0488      0.477     74.105  59.985086     2.4213      9.222   153.3559 2.4579e+00     3.9835      3.671      5.325    15.9557 0.0000e+00
      3.756      0.044     0.0521      0.483     74.067  59.902575     2.3972      9.210   147.3272 2.3901e+00     3.8421      3.683      5.342    15.8730 0.0000e+00
      3.767      0.043     0.0494      0.481     74.023  59.822656     2.3635      9.200   139.4805 2.3344e+00     3.7164      3.695      5.360    15.7798 0.0000e+00
      3.776      0.043     0.0472      0.459     74.003  59.781060     2.3135      9.190   131.8728 2.2929e+00     3.7620      3.704      5.372    15.6917 0.0000e+00
      3.786      0.044     0.0520      0.436     74.017  59.780769     2.2672      9.179   126.4982 2.2352e+00     3.8818      3.711      5.382    15.6142 0.0000e+00
      3.797      0.044     0.0513      0.437     74.075  59.819127     2.2526      9.168   123.0224 2.1540e+00     3.9001      3.723      5.400    15.5576 0.0000e+00
      3.812      0.044     0.0495      0.447     74.141  59.863676     2.2621      9.157   120.0473 2.0834e+00     3.8467      3.739      5.423    15.5285 0.0000e+00
      3.824      0.045     0.0474      0.447     74.241  59.938232     2.2410      9.147   117.3706 2.0439e+00     3.7488      3.751      5.441    15.5046 0.0000e+00
      3.834      0.046     0.0472      0.428     74.366  60.021777     2.1472      9.137   115.2656 2.0145e+00     3.7078      3.761      5.454    15.4708 0.0000e+00
      3.842      0.048     0.0486      0.416     74.463  60.047950     2.0271      9.127   113.4395 1.9628e+00     3.8280      3.768      5.464    15.4327 0.0000e+00
      3.852      0.048     0.0488      0.415     74.509  60.000515     1.9866      9.118   111.4663 1.8920e+00     4.0064      3.776      5.476    15.3993 0.0000e+00
      3.864      0.048     0.0465      0.400     74.402  59.829286     2.0084      9.109   109.4759 1.8205e+00     4.1230      3.789      5.496    15.3826 0.0000e+00
      3.878      0.047     0.0414      0.394     74.225  59.629224     1.9662      9.100   107.6149 1.7550e+00     4.2814      3.804      5.517    15.3795 0.0000e+00
      3.891      0.045     0.0444      0.391     74.168  59.550839     1.8426      9.091   105.7419 1.6972e+00     4.5204      3.815      5.533    15.3745 0.0000e+00
      3.902      0.042     0.0442      0.379     74.236  59.580296     1.7449      9.083   103.8649 1.6403e+00     4.6223      3.825      5.548    15.3666 0.0000e+00
      3.913      0.039     0.0464      0.379     74.380  59.667720     1.7173      9.075   102.0426 1.5905e+00     4.6250      3.837      5.565    15.3647 0.0000e+00
      3.926      0.035     0.0422      0.388     74.476  59.718475     1.7092      9.067   100.2286 1.5471e+00     4.9631      3.849      5.583    15.3615 0.0000e+00
      3.939      0.031     0.0403      0.391     74.386  59.622201     1.6882      9.060    98.4510 1.4968e+00     5.5681      3.861      5.602    15.3270 0.0000e+00
      3.952      0.028     0.0436      0.397     74.048  59.329489     1.6542      9.054    96.7255 1.4489e+00     5.8247      3.875      5.621    15.2596 0.0000e+00
      3.963      0.027     0.0386      0.403     73.396  58.783828     1.6231      9.047    94.7660 1.4222e+00     5.8107      3.887      5.637    15.1948 0.0000e+00
      3.971      0.027     0.0395      0.396     72.511  58.043008     1.6037      9.040    92.4836 1.4082e+00     6.1171      3.895      5.648    15.1569 0.0000e+00
      3.978      0.028     0.0404      0.384     71.814  57.423212     1.5944      9.034    90.3806 1.3882e+00     6.7283      3.901      5.658    15.1413 0.0000e+00
      3.984      0.028     0.0373      0.380     71.570  57.133741     1.6106      9.027    88.6115 1.3616e+00     7.1200      3.907      5.667    15.1263 0.0000e+00
      3.991      0.029     0.0375      0.384     71.462  56.956646     1.6249      9.021    86.7533 1.3328e+00     7.1979      3.914      5.677    15.1063 0.0000e+00
      3.998      0.029     0.0399      0.386     71.184  56.679260     1.5924      9.015    84.8633 1.3094e+00     7.1236      3.921      5.686    15.0871 0.0000e+00
      4.004      0.029     0.0389      0.394     70.932  56.447531     1.5334      9.010    83.3973 1.2810e+00     6.9737      3.927      5.695    15.0725 0.0000e+00
      4.010      0.028     0.0397      0.406     70.966  56.441405     1.5119      9.004    82.2770 1.2449e+00     6.9905      3.933      5.704    15.0580 0.0000e+00
      4.018      0.027     0.0416      0.403     71.318  56.668665     1.5319      8.998    81.1265 1.2106e+00     7.1557      3.940      5.714    15.0419 0.0000e+00
      4.027      0.026     0.0399      0.406     71.862  57.035690     1.5332      8.993    79.7261 1.1790e+00     7.2290      3.949      5.728    15.0274 0.0000e+00
      4.034      0.025     0.0385      0.424     72.373  57.385528     1.4945      8.989    78.0789 1.1602e+00     7.1599      3.957      5.739    14.9889 0.0000e+00
      4.041      0.024     0.0378      0.429     72.680  57.595515     1.4546      8.984    76.4384 1.1410e+00     7.0366      3.963      5.747    14.9092 0.0000e+00
      4.049      0.023     0.0394      0.410     72.788  57.669012     1.4508      8.978    75.0345 1.1149e+00     7.0365      3.971      5.759    14.8350 0.0000e+00
      4.057      0.023     0.0388      0.400     72.905  57.765998     1.4563      8.972    73.7524 1.0940e+00     7.0908      3.979      5.771    14.8024 0.0000e+00
      4.063      0.023     0.0391      0.410     73.109  57.942401     1.4383      8.967    72.3790 1.0777e+00     7.1476      3.986      5.781    14.7875 0.0000e+00
      4.068      0.024     0.0427      0.425     73.342  58.150374     1.3989      8.962    71.0773 1.0571e+00     7.2785      3.990      5.787    14.7688 0.0000e+00
      4.073      0.024     0.0402      0.440     73.591  58.374972     1.3554      8.958    70.0596 1.0391e+00     7.2734      3.994      5.793    14.7306 0.0000e+00
      4.079      0.024     0.0403      0.450     73.715  58.498287     1.3292      8.953    69.2794 1.0380e+00     7.2216      4.000      5.801    14.6776 0.0000e+00
      4.086      0.023     0.0438      0.460     73.685  58.498003     1.3236      8.949    68.4415 1.0327e+00     7.6087      4.007      5.811    14.6364 0.0000e+00
      4.093      0.023     0.0450      0.464     73.570  58.435083     1.3283      8.944    67.4140 1.0126e+00     8.2985      4.014      5.821    14.6138 0.0000e+00
      4.098      0.024     0.0412      0.448     73.373  58.309259     1.3115      8.938    66.4069 9.8529e-01     8.5936      4.019      5.829    14.6074 0.0000e+00
      4.104      0.025     0.0390      0.434     73.127  58.120114     1.2785      8.932    65.4702 9.5819e-01     8.5474      4.024      5.836    14.6109 0.0000e+00
      4.110      0.026     0.0425      0.444     72.877  57.863239     1.2371      8.928    64.6062 9.4895e-01     8.8320      4.031      5.846    14.6221 0.0000e+00
      4.117      0.026     0.0426      0.466     72.647  57.553614     1.1847      8.924    63.7900 9.5035e-01     9.5072      4.038      5.856    14.6385 0.0000e+00
      4.122      0.027     0.0454      0.485     72.516  57.298223     1.1786      8.920    62.9153 9.4121e-01     9.9813      4.043      5.864    14.6590 0.0000e+00
      4.127      0.029     0.0457      0.508     72.531  57.188877     1.1956      8.918    62.0315 9.1773e-01    10.1240      4.048      5.870    14.6760 0.0000e+00
      4.133      0.029     0.0463      0.527     72.532  57.120646     1.1661      8.914    61.2781 8.9887e-01    10.5492      4.052      5.878    14.6887 0.0000e+00
      4.140      0.028     0.0489      0.534     72.477  57.044827     1.1132      8.909    60.6887 8.9122e-01    11.2965      4.059      5.888    14.7087 0.0000e+00
      4.148      0.028     0.0449      0.523     72.412  56.970829     1.0977      8.905    60.1535 8.7038e-01    11.7476      4.068      5.900    14.7353 0.0000e+00
      4.156      0.028     0.0429      0.491     72.047  56.670544     1.1024      8.902    59.6253 8.4531e-01    11.9040      4.076      5.912    14.7537 0.0000e+00
      4.163      0.029     0.0445      0.461     71.196  56.018255     1.0962      8.899    59.1203 8.3451e-01    12.4020      4.083      5.921    14.7158 0.0000e+00
      4.169      0.029     0.0481      0.449     70.161  55.245077     1.0980      8.894    58.6947 8.2692e-01    13.2246      4.089      5.929    14.6141 0.0000e+00
      4.177      0.028     0.0488      0.453     69.186  54.499223     1.0818      8.891    58.3511 8.1554e-01    13.5837      4.096      5.940    14.4943 0.0000e+00
      4.185      0.028     0.0521      0.467     68.269  53.732414     1.0420      8.889    57.8041 7.9841e-01    13.6012      4.104      5.952    14.4047 0.0000e+00
      4.192      0.029     0.0544      0.473     67.521  53.023071     1.0249      8.886    56.9862 7.8532e-01    14.2568      4.111      5.962    14.3645 0.0000e+00
      4.198      0.030     0.0549      0.467     67.021  52.463661     1.0240      8.884    56.2052 7.6917e-01    15.4643      4.117      5.970    14.3503 0.0000e+00
      4.206      0.032     0.0551      0.468     66.546  51.921804     1.0070      8.882    55.5017 7.3801e-01    16.0740      4.125      5.982    14.3343 0.0000e+00
      4.214      0.035     0.0495      0.476     65.945  51.297525     0.9854      8.880    54.8482 7.2503e-01    16.0608      4.133      5.994    14.3152 0.0000e+00
      4.221      0.038     0.0465      0.465     65.345  50.693959     0.9623      8.878    54.3263 7.1949e-01    16.0899      4.140      6.004    14.3281 0.0000e+00
      4.227      0.039     0.0455      0.440     64.875  50.211916     0.9193      8.876    53.8370 7.0431e-01    16.7333      4.146      6.013    14.3721 0.0000e+00
      4.234      0.038     0.0456      0.440     64.692  49.977369     0.8979      8.874    53.3205 6.9875e-01    17.9649      4.152      6.022    14.4017 0.0000e+00
      4.242      0.036     0.0480      0.462     64.581  49.826369     0.9208      8.869    52.8133 6.8277e-01    18.5813      4.160      6.034    14.3726 0.0000e+00
      4.251      0.032     0.0495      0.480     64.160  49.465509     0.9375      8.865    52.4362 6.5627e-01    18.5833      4.169      6.046    14.2721 0.0000e+00
      4.260      0.027     0.0471      0.487     63.550  48.979432     0.9168      8.861    52.1172 6.4120e-01    18.7066      4.177      6.058    14.1357 0.0000e+00
      4.272      0.023     0.0477      0.475     62.955  48.520774     0.8786      8.858    51.5381 6.3593e-01    18.8433      4.190      6.077    14.0029 0.0000e+00
      4.286      0.021     0.0502      0.460     62.743  48.364360     0.8755      8.856    50.9404 6.2726e-01    18.9379      4.204      6.098    13.8862 0.0000e+00
      4.296      0.020     0.0494      0.461     63.061  48.612062     0.9039      8.853    50.7409 6.1501e-01    19.0648      4.215      6.114    13.7804 0.0000e+00
      4.303      0.020     0.0441      0.466     63.536  48.976060     0.9054      8.849    50.7608 6.1324e-01    19.1473      4.221      6.123    13.6892 0.0000e+00
      4.307      0.022     0.0444      0.468     63.503  48.955887     0.8612      8.846    50.4932 6.1239e-01    19.0825      4.224      6.126    13.6170 0.0000e+00
      4.310      0.025     0.0491      0.473     62.714  48.368126     0.8101      8.842    49.9135 6.0559e-01    18.9304      4.226      6.130    13.5643 0.0000e+00
      4.314      0.027     0.0495      0.474     61.839  47.710728     0.8123      8.840    49.4302 6.0325e-01    18.9469      4.231      6.136    13.5398 0.0000e+00
      4.320      0.029     0.0523      0.466     61.149  47.165950     0.8455      8.837    49.0377 5.9516e-01    19.1464      4.237      6.145    13.5295 0.0000e+00
      4.327      0.032     0.0494      0.494     60.650  46.733298     0.8453      8.834    48.6960 5.7661e-01    19.3263      4.244      6.155    13.5288 0.0000e+00
      4.332      0.035     0.0468      0.604     60.818  46.796596     0.8101      8.832    48.4823 5.5796e-01    19.3461      4.249      6.163    13.5407 0.0000e+00
      4.337      0.037     0.0484      0.865     61.546  47.296328     0.7614      8.830    48.2613 5.4826e-01    19.2149      4.252      6.167    13.5427 0.0000e+00
      4.343      0.039     0.0486      1.404     62.119  47.696496     0.7139      8.829    47.9160 5.4143e-01    19.1405      4.257      6.174    13.5363 0.0000e+00
      4.352      0.039     0.0486      2.312     62.304  47.825695     0.6856      8.827    47.6629 5.3055e-01    19.2326      4.268      6.190    13.5367 0.0000e+00
      4.362      0.038     0.0487      3.565     62.223  47.779144     0.6934      8.824    47.6096 5.2233e-01    19.3712      4.279      6.206    13.5581 0.0000e+00
      4.371      0.037     0.0509      4.980     61.913  47.578098     0.6915      8.821    47.6163 5.1727e-01    19.3480      4.287      6.217    13.5844 0.0000e+00
      4.380      0.035     0.0467      6.311     61.334  47.172586     0.6545      8.818    47.7436 5.2033e-01    19.1915      4.295      6.230    13.5745 0.0000e+00
      4.390      0.033     0.0483      7.435     60.601  46.621929     0.6287      8.816    47.5999 5.2140e-01    19.1181      4.305      6.244    13.5283 0.0000e+00
