Data/DataNotYetUploadedToEDI/Raw_CTD/RawDownloads/091525_bvr50_S8188001.cnv
* Sea-Bird SBE19plus  Data File:
* FileName = C:\R\Reservoirs\Data\DataNotYetUploadedToEDI\Raw_CTD\RawDownloads\091525_bvr50_S8188_0001.hex
* Software version 2.8.0.119
* Temperature SN = 8188
* Conductivity SN = 8188
* System UpLoad Time = Sep 16 2025 17:12:35
* <ApplicationData>
* <Seaterm232>
# nquan = 16
# nvalues = 2419                        
# units = specified
# name 0 = depFM: Depth [fresh water, m]
# name 1 = dz/dtM: Descent Rate [m/s]
# name 2 = sbeox0Mg/L: Oxygen, SBE 43 [mg/l]
# name 3 = sbeox0PS: Oxygen, SBE 43 [% saturation]
# name 4 = specc: Specific Conductance [uS/cm]
# name 5 = c0uS/cm: Conductivity [uS/cm]
# name 6 = wetCDOM: Fluorescence, WET Labs CDOM [mg/m^3]
# name 7 = flECO-AFL: Fluorescence, WET Labs ECO-AFL/FL [mg/m^3]
# name 8 = flECO-AFL1: Fluorescence, WET Labs ECO-AFL/FL, 2 [mg/m^3]
# name 9 = flECO-AFL2: Fluorescence, WET Labs ECO-AFL/FL, 3 [mg/m^3]
# name 10 = par/sat/log: PAR/Logarithmic, Satlantic
# name 11 = turbWETntu0: Turbidity, WET Labs ECO [NTU]
# name 12 = prdM: Pressure, Strain Gauge [db]
# name 13 = prdE: Pressure, Strain Gauge [psi]
# name 14 = tv290C: Temperature [ITS-90, deg C]
# name 15 = flag:  0.000e+00
# span 0 =     -0.656,      5.195       
# span 1 =     -0.201,      0.137       
# span 2 =    -0.0358,     8.2122       
# span 3 =     -0.397,     97.798       
# span 4 =      2.043,    288.968       
# span 5 =   2.138742, 217.581413       
# span 6 =    -4.5000,    65.7000       
# span 7 =    -0.5287,    64.5167       
# span 8 =    -2.1300,     0.5112       
# span 9 =    -2.0304,    10.8711       
# span 10 = 1.1582e-01, 1.2308e+03      
# span 11 =    -2.3338,   166.5259      
# span 12 =     -0.643,      5.095      
# span 13 =     -0.934,      7.389      
# span 14 =    12.6444,    27.4396      
# span 15 = 0.0000e+00, 0.0000e+00      
# interval = seconds: 0.25
# start_time = Sep 15 2025 12:06:29 [Instrument's time stamp, header]
# bad_flag = -9.990e-29
*END*
[from data line 1176]
      1.697      0.017     0.0404      0.410     57.480  51.074552    23.4900     3.1945     0.2556     2.0304 3.0492e+00     4.9324      1.664      2.414    19.4579 0.0000e+00
      1.701      0.016     0.0402      0.400     57.903  51.442752    23.5800     3.2212     0.2130     1.9881 3.1230e+00     5.0986      1.668      2.419    19.4435 0.0000e+00
      1.704      0.016     0.0396      0.393     58.338  51.818659    23.5800     3.2136     0.2130     1.9881 3.1372e+00     5.1590      1.671      2.424    19.4347 0.0000e+00
      1.708      0.016     0.0388      0.389     58.763  52.180902    23.5800     3.1869     0.2130     1.9881 3.0778e+00     5.1288      1.675      2.429    19.4290 0.0000e+00
      1.712      0.017     0.0378      0.388     59.193  52.544337    23.5800     2.6681     0.2130     1.9881 3.0307e+00     4.6303      1.679      2.435    19.4238 0.0000e+00
      1.717      0.017     0.0369      0.390     59.600  52.886254    23.7600     2.6795     0.2130     1.9458 2.9630e+00     4.7058      1.684      2.442    19.4174 0.0000e+00
      1.721      0.018     0.0362      0.393     59.944  53.174215    23.7600     2.6719     0.2130     1.9458 2.9176e+00     4.5698      1.688      2.448    19.4082 0.0000e+00
      1.726      0.018     0.0358      0.394     60.203  53.391300    23.7600     2.6795     0.2130     1.9458 2.7718e+00     4.6303      1.693      2.455    19.3953 0.0000e+00
      1.731      0.018     0.0357      0.398     60.344  53.511655    23.7600     2.8435     0.2130     1.9458 2.7010e+00     4.6756      1.698      2.462    19.3797 0.0000e+00
      1.736      0.018     0.0359      0.402     60.328  53.501575    23.7600     2.8512     0.2130     1.9458 2.6298e+00     4.5850      1.702      2.469    19.3636 0.0000e+00
      1.740      0.018     0.0362      0.404     60.158  53.360368    23.8500     2.8397     0.2130     1.9881 2.6201e+00     4.6303      1.707      2.476    19.3492 0.0000e+00
      1.745      0.017     0.0363      0.406     59.913  53.156053    23.8500     2.8664     0.2130     1.9881 2.6064e+00     4.5547      1.711      2.482    19.3389 0.0000e+00
      1.749      0.017     0.0366      0.405     59.737  53.011597    23.8500     2.3438     0.2130     1.9881 2.5626e+00     4.2224      1.715      2.488    19.3349 0.0000e+00
      1.753      0.017     0.0370      0.405     59.693  52.982188    23.8500     2.3362     0.2130     1.9881 2.5383e+00     4.1167      1.719      2.494    19.3377 0.0000e+00
      1.758      0.017     0.0372      0.410     59.780  53.063973    23.7600     2.3591     0.2130     2.0727 2.4880e+00     4.2375      1.724      2.500    19.3457 0.0000e+00
      1.762      0.017     0.0373      0.414     60.003  53.262811    23.7600     2.3438     0.2130     2.0727 2.3988e+00     4.1922      1.728      2.506    19.3563 0.0000e+00
      1.766      0.016     0.0373      0.413     60.324  53.543997    23.7600     2.0501     0.2130     2.0727 2.3895e+00     3.9052      1.732      2.513    19.3667 0.0000e+00
      1.771      0.016     0.0373      0.408     60.686  53.858899    23.7600     2.0653     0.2130     2.0727 2.3427e+00     3.9354      1.736      2.519    19.3746 0.0000e+00
      1.775      0.015     0.0377      0.403     61.036  54.159895    23.8500     2.0386     0.2130     1.9458 2.2411e+00     3.8901      1.740      2.524    19.3788 0.0000e+00
      1.778      0.014     0.0381      0.399     61.289  54.375711    23.8500     2.0501     0.2130     1.9458 2.2227e+00     3.9807      1.744      2.530    19.3792 0.0000e+00
      1.782      0.014     0.0380      0.397     61.413  54.478159    23.8500     1.9280     0.2130     1.9458 2.1839e+00     3.6181      1.747      2.535    19.3764 0.0000e+00
      1.785      0.013     0.0376      0.398     61.486  54.538426    23.8500     1.9127     0.2130     1.9458 2.1575e+00     3.4671      1.751      2.539    19.3707 0.0000e+00
      1.788      0.012     0.0371      0.403     61.602  54.636387    23.8500     1.9051     0.2130     1.9458 2.1872e+00     3.4520      1.754      2.544    19.3633 0.0000e+00
      1.791      0.012     0.0368      0.409     61.758  54.770252    24.0300     1.9280     0.2130     2.1996 2.1697e+00     3.5728      1.757      2.548    19.3558 0.0000e+00
      1.794      0.012     0.0366      0.410     61.928  54.915899    24.0300     1.8746     0.2130     2.1996 2.1697e+00     3.6635      1.760      2.552    19.3497 0.0000e+00
      1.797      0.012     0.0367      0.407     62.101  55.062317    24.0300     1.8708     0.2130     2.1996 2.1772e+00     3.7390      1.763      2.556    19.3455 0.0000e+00
      1.800      0.012     0.0371      0.404     62.270  55.206678    24.0300     1.8975     0.2130     2.1996 2.1772e+00     3.6332      1.765      2.561    19.3421 0.0000e+00
      1.803      0.012     0.0376      0.404     62.433  55.347596    24.1200     1.8517     0.1704     1.6497 2.1617e+00     3.6635      1.768      2.565    19.3383 0.0000e+00
      1.807      0.013     0.0378      0.403     62.562  55.458842    24.1200     1.7907     0.1704     1.6497 2.1739e+00     3.3462      1.772      2.570    19.3337 0.0000e+00
      1.810      0.013     0.0376      0.399     62.666  55.548146    24.1200     1.7907     0.1704     1.6497 2.1360e+00     3.4973      1.775      2.574    19.3286 0.0000e+00
      1.813      0.014     0.0373      0.396     62.850  55.707118    24.1200     1.7868     0.1704     1.6497 2.1556e+00     3.4822      1.778      2.579    19.3241 0.0000e+00
      1.816      0.014     0.0372      0.394     63.169  55.984135    24.3900     1.7792     0.1704     1.6920 2.1365e+00     3.4067      1.781      2.583    19.3210 0.0000e+00
      1.820      0.015     0.0371      0.393     63.559  56.321458    24.3900     1.7411     0.1704     1.6920 2.1397e+00     3.2254      1.785      2.589    19.3186 0.0000e+00
      1.824      0.016     0.0368      0.392     63.933  56.643531    24.3900     1.7334     0.1704     1.6920 2.0461e+00     3.1498      1.789      2.594    19.3163 0.0000e+00
      1.828      0.017     0.0365      0.391     64.229  56.894654    24.3900     1.7449     0.1704     1.6920 1.9986e+00     3.2103      1.793      2.600    19.3133 0.0000e+00
      1.833      0.017     0.0363      0.396     64.483  57.107892    24.6600     1.7067     0.2130     1.5651 1.8954e+00     3.1801      1.798      2.607    19.3088 0.0000e+00
      1.837      0.018     0.0363      0.404     64.795  57.372016    24.6600     1.5427     0.2130     1.5651 1.8490e+00     3.2103      1.802      2.613    19.3023 0.0000e+00
      1.842      0.018     0.0361      0.412     65.153  57.677689    24.6600     1.5618     0.2130     1.5651 1.7531e+00     3.1801      1.807      2.620    19.2944 0.0000e+00
      1.847      0.017     0.0361      0.416     65.470  57.946885    24.6600     1.5656     0.2130     1.5651 1.6977e+00     3.2103      1.811      2.626    19.2860 0.0000e+00
      1.851      0.016     0.0365      0.417     65.751  58.183583    24.6600     1.5580     0.2130     1.5651 1.6009e+00     3.2254      1.815      2.633    19.2772 0.0000e+00
      1.855      0.015     0.0373      0.415     66.070  58.452898    24.8400     1.5046     0.1704     1.7343 1.5864e+00     3.2405      1.819      2.639    19.2681 0.0000e+00
      1.859      0.014     0.0380      0.411     66.423  58.752855    24.8400     1.4778     0.1704     1.7343 1.5476e+00     3.1952      1.823      2.644    19.2589 0.0000e+00
      1.862      0.013     0.0384      0.408     66.769  59.045778    24.8400     1.4931     0.1704     1.7343 1.5466e+00     3.1649      1.826      2.649    19.2499 0.0000e+00
      1.865      0.012     0.0385      0.406     67.131  59.351943    24.8400     1.4778     0.1704     1.7343 1.5245e+00     3.3009      1.829      2.653    19.2408 0.0000e+00
      1.868      0.012     0.0384      0.405     67.540  59.699142    25.2000     1.6037     0.1704     1.6497 1.5133e+00     3.2103      1.832      2.658    19.2315 0.0000e+00
      1.871      0.012     0.0380      0.403     68.015  60.104175    25.2000     1.6075     0.1704     1.6497 1.5071e+00     3.2556      1.835      2.662    19.2220 0.0000e+00
      1.874      0.012     0.0377      0.402     68.577  60.585298    25.2000     1.6381     0.1704     1.6497 1.4950e+00     3.1801      1.838      2.666    19.2123 0.0000e+00
      1.877      0.012     0.0376      0.400     69.147  61.071358    25.2000     1.5999     0.1704     1.6497 1.4610e+00     3.1801      1.841      2.670    19.2019 0.0000e+00
      1.880      0.012     0.0375      0.397     69.674  61.518446    25.2000     1.5580     0.1704     1.6074 1.3934e+00     2.8930      1.844      2.674    19.1911 0.0000e+00
      1.884      0.012     0.0373      0.395     70.231  61.991928    25.2000     1.5465     0.1704     1.6074 1.3602e+00     2.9232      1.847      2.679    19.1803 0.0000e+00
      1.887      0.013     0.0371      0.396     70.780  62.458493    25.2000     1.5808     0.1704     1.6074 1.3304e+00     3.0139      1.850      2.684    19.1691 0.0000e+00
      1.890      0.013     0.0369      0.397     71.216  62.825132    25.2000     1.5656     0.1704     1.6074 1.3074e+00     3.0139      1.854      2.688    19.1566 0.0000e+00
      1.893      0.013     0.0367      0.400     71.602  63.149722    25.1100     1.5732     0.1278     1.5651 1.3052e+00     3.0894      1.857      2.693    19.1435 0.0000e+00
      1.896      0.013     0.0366      0.406     72.075  63.552730    25.1100     1.5351     0.1278     1.5651 1.2705e+00     3.2707      1.860      2.698    19.1305 0.0000e+00
      1.900      0.014     0.0367      0.411     72.622  64.019941    25.1100     1.5427     0.1278     1.5651 1.2361e+00     3.3160      1.863      2.702    19.1174 0.0000e+00
      1.903      0.014     0.0368      0.412     73.152  64.470476    25.1100     1.5389     0.1278     1.5651 1.2372e+00     3.1498      1.867      2.707    19.1047 0.0000e+00
      1.907      0.013     0.0371      0.410     73.589  64.838947    25.1100     1.5313     0.1278     1.5651 1.2343e+00     3.1952      1.870      2.712    19.0937 0.0000e+00
      1.911      0.013     0.0376      0.409     73.881  65.079976    24.7500     1.5427     0.1704     1.3959 1.2117e+00     3.2556      1.874      2.717    19.0840 0.0000e+00
      1.914      0.013     0.0381      0.409     74.109  65.267811    24.7500     1.5732     0.1704     1.3959 1.2035e+00     3.3160      1.877      2.722    19.0737 0.0000e+00
      1.917      0.012     0.0382      0.409     74.359  65.478479    24.7500     1.5503     0.1704     1.3959 1.1677e+00     3.1498      1.880      2.727    19.0622 0.0000e+00
      1.920      0.011     0.0380      0.407     74.613  65.694340    24.7500     1.6114     0.1704     1.3959 1.2048e+00     3.1649      1.883      2.731    19.0503 0.0000e+00
      1.923      0.011     0.0380      0.404     74.878  65.919093    25.2000     1.6152     0.1278     1.3113 1.1944e+00     3.2405      1.886      2.735    19.0395 0.0000e+00
      1.925      0.010     0.0380      0.403     75.214  66.206687    25.2000     1.6228     0.1278     1.3113 1.1800e+00     3.2405      1.888      2.738    19.0309 0.0000e+00
      1.928      0.010     0.0379      0.403     75.685  66.609873    25.2000     1.5999     0.1278     1.3113 1.1644e+00     3.2405      1.891      2.742    19.0244 0.0000e+00
      1.931      0.010     0.0378      0.403     76.302  67.136412    25.2000     1.6114     0.1278     1.3113 1.1813e+00     3.2405      1.893      2.746    19.0190 0.0000e+00
      1.933      0.010     0.0375      0.402     77.031  67.757129    25.3800     1.6343     0.1704     1.2267 1.1970e+00     3.2254      1.896      2.749    19.0138 0.0000e+00
      1.936      0.010     0.0374      0.403     77.881  68.477934    25.3800     1.6152     0.1704     1.2267 1.2262e+00     3.2405      1.898      2.753    19.0080 0.0000e+00
      1.938      0.010     0.0374      0.407     78.856  69.305479    25.3800     1.6304     0.1704     1.2267 1.1738e+00     3.1801      1.900      2.756    19.0007 0.0000e+00
      1.941      0.010     0.0374      0.412     79.821  70.121231    25.3800     1.6190     0.1704     1.2267 1.1426e+00     3.4671      1.903      2.760    18.9905 0.0000e+00
      1.943      0.010     0.0373      0.414     80.583  70.759595    26.1900     1.6152     0.1278     1.3113 1.1559e+00     3.4369      1.905      2.764    18.9768 0.0000e+00
      1.946      0.009     0.0374      0.411     81.077  71.167298    26.1900     1.5885     0.1278     1.3113 1.1476e+00     3.4671      1.908      2.767    18.9602 0.0000e+00
      1.948      0.009     0.0378      0.404     81.365  71.401174    26.1900     1.6266     0.1278     1.3113 1.1549e+00     3.4671      1.910      2.771    18.9413 0.0000e+00
      1.950      0.009     0.0382      0.399     81.498  71.505628    26.1900     1.6228     0.1278     1.3113 1.1315e+00     3.2556      1.913      2.774    18.9211 0.0000e+00
      1.952      0.008     0.0385      0.397     81.515  71.514501    26.1900     1.6228     0.1278     1.3113 1.1604e+00     3.1347      1.915      2.777    18.9015 0.0000e+00
      1.954      0.008     0.0382      0.396     81.497  71.496015    26.1000     1.6114     0.1278     1.1421 1.1486e+00     3.2858      1.917      2.780    18.8850 0.0000e+00
      1.956      0.008     0.0376      0.392     81.474  71.475176    26.1000     1.6266     0.1278     1.1421 1.1142e+00     3.3160      1.918      2.783    18.8729 0.0000e+00
      1.958      0.008     0.0371      0.387     81.398  71.410504    26.1000     1.6075     0.1278     1.1421 1.1234e+00     3.4067      1.920      2.785    18.8653 0.0000e+00
      1.960      0.008     0.0369      0.383     81.205  71.244843    26.1000     1.5999     0.1278     1.1421 1.1096e+00     3.4671      1.922      2.788    18.8614 0.0000e+00
      1.962      0.008     0.0369      0.380     80.911  70.993883    25.9200     1.6152     0.1278     1.0998 1.1147e+00     3.4671      1.924      2.791    18.8597 0.0000e+00
      1.964      0.009     0.0365      0.377     80.596  70.726402    25.9200     1.5961     0.1278     1.0998 1.1337e+00     3.4369      1.926      2.794    18.8593 0.0000e+00
      1.966      0.009     0.0360      0.378     80.281  70.458877    25.9200     1.6610     0.1278     1.0998 1.1215e+00     3.5426      1.928      2.797    18.8605 0.0000e+00
      1.969      0.009     0.0356      0.378     79.989  70.211764    25.9200     1.6838     0.1278     1.0998 1.1357e+00     3.4067      1.931      2.800    18.8632 0.0000e+00
      1.971      0.010     0.0353      0.377     79.788  70.042884    25.9200     1.6877     0.0852     1.0998 1.1031e+00     3.4369      1.933      2.804    18.8673 0.0000e+00
      1.974      0.010     0.0351      0.378     79.744  70.008971    25.9200     1.6495     0.0852     1.0998 1.0829e+00     3.4671      1.936      2.807    18.8726 0.0000e+00
      1.976      0.010     0.0352      0.379     79.963  70.200752    25.9200     1.6075     0.0852     1.0998 1.0708e+00     3.4822      1.938      2.811    18.8785 0.0000e+00
      1.979      0.010     0.0352      0.378     80.415  70.591544    25.9200     1.6152     0.0852     1.0998 1.0843e+00     3.3764      1.941      2.815    18.8840 0.0000e+00
      1.981      0.010     0.0351      0.375     80.872  70.982245    25.9200     1.5923     0.0852     1.0998 1.0993e+00     3.5124      1.943      2.818    18.8886 0.0000e+00
      1.984      0.009     0.0351      0.370     81.214  71.271505    25.7400     1.6075     0.1278     1.0998 1.0905e+00     3.4671      1.945      2.822    18.8915 0.0000e+00
      1.986      0.009     0.0352      0.368     81.455  71.472600    25.7400     1.6343     0.1278     1.0998 1.0717e+00     3.3462      1.948      2.825    18.8916 0.0000e+00
