Data/DataNotYetUploadedToEDI/Raw_CTD/RawDownloads/091525_fcr50_S7809002.cnv
* Sea-Bird SBE19plus  Data File:
* FileName = C:\R\Reservoirs\Data\DataNotYetUploadedToEDI\Raw_CTD\RawDownloads\090825_fcr50_S7809_0002.hex
* Software version 2.8.0.119
* Temperature SN = 7809
* Conductivity SN = 7809
* System UpLoad Time = Sep 16 2025 17:27:16
* <ApplicationData>
* <Seaterm232>
# nquan = 15
# nvalues = 1797                        
# units = specified
# name 0 = depFM: Depth [fresh water, m]
# name 1 = dz/dtM: Descent Rate [m/s]
# name 2 = sbeox0Mg/L: Oxygen, SBE 43 [mg/l]
# name 3 = sbeox0PS: Oxygen, SBE 43 [% saturation]
# name 4 = specc: Specific Conductance [uS/cm]
# name 5 = c0uS/cm: Conductivity [uS/cm]
# name 6 = flECO-AFL: Fluorescence, WET Labs ECO-AFL/FL [mg/m^3]
# name 7 = ph: pH
# name 8 = orp: Oxidation Reduction Potential [mV]
# name 9 = par/sat/log: PAR/Logarithmic, Satlantic
# name 10 = turbWETntu0: Turbidity, WET Labs ECO [NTU]
# name 11 = prdM: Pressure, Strain Gauge [db]
# name 12 = prdE: Pressure, Strain Gauge [psi]
# name 13 = tv290C: Temperature [ITS-90, deg C]
# name 14 = flag:  0.000e+00
# span 0 =     -0.597,      9.644       
# span 1 =     -0.434,      0.119       
# span 2 =    -0.2607,    12.2538       
# span 3 =     -2.391,    137.683       
# span 4 =      1.016,    423.359       
# span 5 =   1.058265, 317.023669       
# span 6 =    -1.5656,    18.9663       
# span 7 =      7.569,     11.329       
# span 8 = -1240.7455,  1212.0258       
# span 9 = 1.2348e-01, 1.6830e+03       
# span 10 =    -0.1876,   953.4991      
# span 11 =     -0.585,      9.459      
# span 12 =     -0.849,     13.719      
# span 13 =    12.4270,    27.1025      
# span 14 = 0.0000e+00, 0.0000e+00      
# interval = seconds: 0.25
# start_time = Sep 15 2025 14:16:38 [Instrument's time stamp, header]
# bad_flag = -9.990e-29
*END*
[from data line 1639]
      1.866     -0.144     0.5232     20.057     41.417  36.341893     3.3506      8.577   147.7946 5.3164e+01     4.6196      1.823      2.645    18.6075 0.0000e+00
      1.848     -0.149     0.6452     21.350     41.461  36.435041     3.3037      8.582   148.2735 5.3620e+01     4.6468      1.808      2.622    18.6663 0.0000e+00
      1.841     -0.144     0.8071     22.326     41.376  36.392273     3.2982      8.587   148.9123 5.4610e+01     4.5591      1.810      2.626    18.6797 0.0000e+00
      1.822     -0.133     0.9877     23.119     41.213  36.268988     3.3258      8.592   149.6671 5.7829e+01     4.4135      1.796      2.605    18.6777 0.0000e+00
      1.781     -0.122     1.1678     23.897     41.055  36.150029     3.4375      8.597   150.5167 6.3265e+01     4.3548      1.752      2.541    18.6764 0.0000e+00
      1.724     -0.115     1.3591     24.790     40.895  36.032646     3.5337      8.602   151.4408 6.9861e+01     4.3954      1.691      2.452    18.6708 0.0000e+00
      1.665     -0.110     1.5537     25.911     40.822  35.991881     3.5487      8.608   152.1505 7.5789e+01     4.4260      1.628      2.361    18.6931 0.0000e+00
      1.620     -0.108     1.7275     27.212     40.853  36.037880     3.5524      8.614   152.9031 7.9046e+01     4.4515      1.579      2.290    18.7768 0.0000e+00
      1.598     -0.105     1.8748     28.466     40.818  36.017780     3.5700      8.619   154.0867 7.9532e+01     4.5338      1.561      2.264    18.8781 0.0000e+00
      1.592     -0.099     1.9944     29.539     40.718  35.939222     3.5951      8.625   155.4483 8.0022e+01     4.6696      1.563      2.269    18.9465 0.0000e+00
      1.579     -0.090     2.0777     30.442     40.671  35.912913     3.6315      8.631   156.2032 8.3501e+01     4.7954      1.557      2.259    18.9771 0.0000e+00
      1.547     -0.084     2.1438     31.224     40.555  35.826606     3.6520      8.636   156.2446 9.0357e+01     4.9274      1.524      2.210    18.9958 0.0000e+00
      1.498     -0.087     2.2128     31.914     40.271  35.593662     3.6342      8.642   156.3789 9.7807e+01     5.0018      1.468      2.128    19.0197 0.0000e+00
      1.453     -0.102     2.2882     32.520     39.997  35.380622     3.5997      8.647   156.4500 1.0243e+02     4.9084      1.416      2.054    19.0491 0.0000e+00
      1.429     -0.123     2.3906     33.069     39.911  35.344627     3.6015      8.651   155.9007 1.0370e+02     4.8922      1.394      2.022    19.0817 0.0000e+00
      1.423     -0.139     2.5221     33.605     39.946  35.412299     3.6395      8.655   155.2440 1.0367e+02     5.0101      1.395      2.022    19.1065 0.0000e+00
      1.421     -0.144     2.6409     34.235     39.948  35.437509     3.6433      8.661   155.1343 1.0473e+02     4.9672      1.398      2.027    19.1157 0.0000e+00
      1.410     -0.143     2.7385     35.111     39.887  35.395664     3.6054      8.666   154.5745 1.0873e+02     4.8520      1.389      2.014    19.1228 0.0000e+00
      1.381     -0.138     2.8192     36.303     39.824  35.350519     3.5805      8.672   152.8627 1.1633e+02     4.8472      1.362      1.974    19.1457 0.0000e+00
      1.336     -0.134     2.8883     37.783     39.798  35.335820     3.5925      8.679   151.4733 1.2686e+02     4.9095      1.314      1.905    19.1674 0.0000e+00
      1.281     -0.135     2.9530     39.469     39.735  35.281400     3.6090      8.686   149.7344 1.3828e+02     4.9903      1.255      1.821    19.1822 0.0000e+00
      1.228     -0.143     3.0042     41.218     39.645  35.200121     3.5793      8.694   146.4651 1.4700e+02     5.0044      1.198      1.739    19.2175 0.0000e+00
      1.193     -0.149     3.0515     42.908     39.619  35.177910     3.5330      8.703   143.1765 1.5042e+02     4.9773      1.160      1.683    19.2760 0.0000e+00
      1.178     -0.147     3.0937     44.461     39.567  35.139749     3.5235      8.713   140.6029 1.5233e+02     5.0036      1.157      1.678    19.3303 0.0000e+00
      1.163     -0.134     3.1438     45.770     39.453  35.055972     3.5725      8.724   138.6639 1.5917e+02     4.9812      1.150      1.668    19.3559 0.0000e+00
      1.129     -0.116     3.2215     46.803     39.349  34.989813     3.6592      8.739   136.3384 1.7042e+02     4.8097      1.111      1.611    19.3652 0.0000e+00
      1.083     -0.102     3.3326     47.597     39.302  34.974339     3.6896      8.756   133.3063 1.8337e+02     4.6380      1.062      1.541    19.3789 0.0000e+00
      1.032     -0.099     3.4689     48.212     39.298  34.995805     3.6576      8.773   131.0841 1.9913e+02     4.6461      1.015      1.471    19.3931 0.0000e+00
      0.979     -0.109     3.6301     48.755     39.258  34.995604     3.6222      8.791   129.7761 2.1506e+02     4.8733      0.958      1.389    19.3943 0.0000e+00
      0.938     -0.124     3.7964     49.280     39.169  34.971957     3.5938      8.816   128.6753 2.2355e+02     5.1652      0.909      1.319    19.3867 0.0000e+00
      0.921     -0.138     3.9515     49.819     39.092  34.963760     3.5895      8.848   127.8408 2.2429e+02     5.2380      0.898      1.303    19.3886 0.0000e+00
      0.919     -0.142     4.1004     50.500     39.099  35.023473     3.5780      8.886   127.9469 2.2509e+02     5.1394      0.904      1.313    19.3964 0.0000e+00
      0.912     -0.134     4.2189     51.483     39.143  35.122978     3.5060      8.926   128.5818 2.3193e+02     5.4753      0.901      1.306    19.4186 0.0000e+00
      0.887     -0.117     4.3085     52.973     39.098  35.151787     3.4089      8.965   128.7200 2.4692e+02     6.2588      0.879      1.275    19.4566 0.0000e+00
      0.842     -0.099     4.3781     55.228     39.001  35.118102     3.3609      9.001   127.9834 2.6881e+02     6.6887      0.830      1.206    19.4919 0.0000e+00
      0.783     -0.086     4.4265     58.270     38.953  35.096454     3.3665      9.031   126.2999 2.9325e+02     6.6756      0.766      1.111    19.5179 0.0000e+00
      0.729     -0.083     4.4719     61.832     38.933  35.080416     3.3608      9.054   124.3692 3.1224e+02     6.5781      0.707      1.025    19.5524 0.0000e+00
      0.694     -0.090     4.5142     65.582     38.902  35.051085     3.3083      9.073   122.9648 3.1814e+02     6.5347      0.671      0.973    19.6344 0.0000e+00
      0.681     -0.097     4.5491     69.193     38.841  34.995598     3.2559      9.094   121.8815 3.1522e+02     6.5607      0.665      0.965    19.7246 0.0000e+00
      0.676     -0.095     4.6018     72.451     38.756  34.917115     3.2274      9.125   120.3906 3.1639e+02     6.4832      0.667      0.968    19.7781 0.0000e+00
      0.662     -0.083     4.6801     75.398     38.705  34.863517     3.2204      9.173   118.8772 3.2727e+02     6.2813      0.653      0.948    19.8504 0.0000e+00
      0.639     -0.067     4.7932     78.009     38.706  34.855127     3.2889      9.236   117.6929 3.4082e+02     5.9983      0.628      0.910    19.9583 0.0000e+00
      0.609     -0.058     4.9894     80.016     38.808  34.942547     3.4149      9.304   115.7948 3.5256e+02     5.7263      0.598      0.867    20.0349 0.0000e+00
      0.576     -0.060     5.2761     81.288     38.966  35.095683     3.4954      9.367   113.2211 3.6767e+02     5.6564      0.565      0.819    20.0530 0.0000e+00
      0.543     -0.072     5.6100     81.959     39.027  35.183949     3.4963      9.422   111.4396 3.8569e+02     5.6309      0.532      0.770    20.0476 0.0000e+00
      0.516     -0.089     5.9610     82.303     38.977  35.184999     3.4419      9.477   110.7752 3.9791e+02     5.5888      0.501      0.726    20.0444 0.0000e+00
      0.504     -0.105     6.3001     82.466     38.917  35.171884     3.3792      9.541   110.5219 4.0235e+02     5.6603      0.488      0.709    20.0439 0.0000e+00
      0.506     -0.115     6.5897     82.363     38.933  35.215775     3.3705      9.606   110.4416 4.0426e+02     5.7781      0.495      0.719    20.0448 0.0000e+00
      0.511     -0.118     6.8557     81.963     38.963  35.271593     3.4029      9.663   110.4924 4.0777e+02     5.9193      0.507      0.734    20.0348 0.0000e+00
      0.501     -0.112     7.1115     81.397     38.933  35.275770     3.4052      9.712   110.4476 4.2020e+02     5.9680      0.503      0.728    20.0192 0.0000e+00
      0.464     -0.104     7.2979     80.853     38.893  35.266323     3.3728      9.756   109.9866 4.4929e+02     5.8539      0.460      0.668    20.0083 0.0000e+00
      0.413     -0.102     7.4081     80.499     38.895  35.284308     3.3529      9.797   108.9628 4.9447e+02     5.7693      0.403      0.585    20.0166 0.0000e+00
      0.367     -0.109     7.4506     80.420     38.906  35.302906     3.3639      9.837   107.8774 5.2499e+02     5.8676      0.353      0.513    20.0666 0.0000e+00
      0.337     -0.121     7.4643     80.645     38.900  35.300856     3.3395      9.877   107.1875 5.2095e+02     6.1205      0.322      0.468    20.1349 0.0000e+00
      0.323     -0.130     7.4786     81.189     38.921  35.322967     3.2332      9.917   106.6446 5.1885e+02     6.2986      0.318      0.461    20.1915 0.0000e+00
      0.312     -0.131     7.4656     82.056     38.973  35.379910     3.1432      9.954   106.0456 5.2766e+02     6.2795      0.311      0.451    20.2220 0.0000e+00
      0.292     -0.129     7.4192     83.320     39.063  35.481779     3.1343      9.989   105.3646 5.1955e+02     6.2993      0.288      0.419    20.2530 0.0000e+00
      0.262     -0.128     7.3553     85.092     39.301  35.729840     3.1423     10.025   104.6062 5.1834e+02     6.3671      0.259      0.377    20.3019 0.0000e+00
      0.224     -0.130     7.2940     87.297     39.574  36.031603     3.0984     10.064   103.8443 5.5550e+02     6.2793      0.222      0.322    20.3397 0.0000e+00
      0.177     -0.130     7.2576     89.664     39.616  36.148294     3.0196     10.105   103.0364 5.7663e+02     6.1259      0.176      0.254    20.3580 0.0000e+00
      0.131     -0.128     7.2488     91.961     39.639  36.252554     2.9631     10.151   102.3232 5.7088e+02     6.0151      0.122      0.177    20.3665 0.0000e+00
      0.101     -0.123     7.2674     94.019     39.851  36.530884     2.9391     10.200   102.1033 5.8353e+02     6.0323      0.091      0.132    20.3707 0.0000e+00
      0.086     -0.117     7.3175     95.848     40.009  36.785239     2.7225     10.247   101.9259 5.8004e+02     6.2655      0.088      0.127    20.3714 0.0000e+00
      0.067     -0.112     7.3924     97.537     40.006  36.916912     2.2835     10.289   101.0392 5.7505e+02     6.5461      0.074      0.107    20.3789 0.0000e+00
      0.032     -0.110     7.4966     99.103     39.796  36.854061     2.0170     10.324    99.9864 6.1250e+02     6.6241      0.038      0.055    20.4068 0.0000e+00
     -0.018     -0.112     7.6514    100.678     39.423  36.596570     1.9628     10.354    99.2641 6.5200e+02     6.5605     -0.016     -0.022    20.4436 0.0000e+00
     -0.068     -0.118     7.8552    102.382     39.270  36.468741     1.9619     10.384    98.6731 6.4606e+02     6.4944     -0.076     -0.110    20.5008 0.0000e+00
     -0.099     -0.127     8.0528    104.189     39.424  36.577559     1.9897     10.415    98.3465 5.9677e+02     6.3366     -0.107     -0.154    20.6217 0.0000e+00
     -0.108     -0.131     8.2503    105.959     39.524  36.643185     2.0076     10.449    98.2395 5.3354e+02     6.1556     -0.106     -0.154    20.7301 0.0000e+00
     -0.113     -0.126     8.4200    107.419     39.449  36.564209     2.0111     10.481    97.6385 4.7653e+02     6.0821     -0.105     -0.152    20.8104 0.0000e+00
     -0.135     -0.115     8.5522    108.378     39.332  36.447536     2.0904     10.509    96.7580 4.3825e+02     6.1320     -0.123     -0.178    20.9554 0.0000e+00
     -0.177     -0.104     8.6783    108.814     39.267  36.374626     2.2673     10.533    97.6604 4.1452e+02     6.3144     -0.170     -0.247    21.1351 0.0000e+00
     -0.228     -0.099     8.7780    108.781     39.292  36.380614     2.3525     10.556   100.8053 4.0087e+02     6.3739     -0.226     -0.328    21.3164 0.0000e+00
     -0.276     -0.099     8.8896    108.514     39.330  36.393011     2.3291     10.577   104.3244 4.0362e+02     6.2710     -0.275     -0.398    21.4533 0.0000e+00
     -0.310     -0.102     9.0424    108.329     39.290  36.334127     2.1932     10.597   103.8153 4.2967e+02     6.1644     -0.312     -0.453    21.4546 0.0000e+00
     -0.327     -0.110     9.2184    108.408     39.210  36.239684     1.9499     10.615    98.7795 4.7605e+02     6.0744     -0.324     -0.471    21.3731 0.0000e+00
     -0.335     -0.116     9.3930    108.814     39.193  36.202853     1.8347     10.630    95.7491 5.2153e+02     6.1392     -0.324     -0.470    21.3400 0.0000e+00
     -0.350     -0.113     9.5289    109.488     39.218  36.206034     1.8235     10.644    96.2566 5.5478e+02     6.2992     -0.338     -0.490    21.3418 0.0000e+00
     -0.380     -0.100     9.6135    110.193     39.175  36.151219     1.7893     10.654    97.6877 5.4992e+02     7.2581     -0.369     -0.535    21.3280 0.0000e+00
     -0.420     -0.082     9.6569    110.483     39.007  35.984228     1.7796     10.663    98.5124 4.6358e+02    18.6215     -0.412     -0.599    21.3139 0.0000e+00
     -0.458     -0.063     9.6490    109.521     37.691  34.758004     1.8142     10.671    98.8287 3.5068e+02    39.6429     -0.455     -0.660    21.2944 0.0000e+00
     -0.484     -0.046     9.6186    106.440     29.256  26.971798     1.8662     10.676    99.4462 2.9849e+02    51.1412     -0.478     -0.693    21.2607 0.0000e+00
     -0.504     -0.028     9.6042    101.265     15.190  13.999937     1.8924     10.680    99.9567 2.8665e+02    51.5477     -0.489     -0.710    21.2309 0.0000e+00
     -0.534     -0.012     9.6130     94.906      7.604   7.003123     2.0390     10.682   100.6996 2.7377e+02    44.8298     -0.521     -0.757    21.2089 0.0000e+00
     -0.564     -0.002     9.6549     88.372      6.617   6.089653     2.3660     10.685   101.9747 2.5922e+02    32.5979     -0.562     -0.816    21.1797 0.0000e+00
     -0.578      0.001     9.7294     82.424      6.175   5.679563     2.5742     10.687   102.9852 2.4812e+02    26.0468     -0.569     -0.826    21.1514 0.0000e+00
     -0.580      0.001     9.8054     77.612      5.945   5.465951     2.5600     10.689   103.2800 2.4452e+02    25.2971     -0.568     -0.825    21.1329 0.0000e+00
     -0.580     -0.000     9.8604     74.216      5.815   5.344190     2.2101     10.689   103.2170 2.5405e+02    23.1924     -0.569     -0.825    21.1199 0.0000e+00
     -0.580     -0.002     9.8174     72.299      5.475   5.030945     1.6143     10.690   103.4274 2.7067e+02    19.5566     -0.570     -0.826    21.1044 0.0000e+00
     -0.576     -0.003     9.5446     71.729      5.068   4.656131     1.2909     10.691   104.1888 2.8084e+02    17.5808     -0.567     -0.822    21.0854 0.0000e+00
     -0.571     -0.003     9.0510     72.136      4.748   4.360084     1.1875     10.692   104.5934 2.7997e+02    16.9628     -0.554     -0.803    21.0645 0.0000e+00
     -0.573     -0.001     8.4558     73.090      4.549   4.175562     0.4569     10.692   104.4474 2.6862e+02    13.0071     -0.562     -0.815    21.0418 0.0000e+00
     -0.578 1.2111e-10     7.8572     74.239      4.508   4.135554    -0.8516     10.692   104.4890 2.5155e+02     6.2359     -0.570     -0.827    21.0133 0.0000e+00
     -0.578 1.3322e-09     7.3124     75.369      4.504   4.129745    -1.5406     10.692   104.9246 2.3653e+02     4.5381     -0.567     -0.822    20.9814 0.0000e+00
     -0.578 1.4655e-08     6.8785     76.399      4.340   3.978626    -1.5656     10.692   105.6697 2.2830e+02    25.7509     -0.567     -0.822    20.9624 0.0000e+00
