Data/DataNotYetUploadedToEDI/Raw_CTD/RawDownloads/091525_bvr50_S8188001.cnv
* Sea-Bird SBE19plus  Data File:
* FileName = C:\R\Reservoirs\Data\DataNotYetUploadedToEDI\Raw_CTD\RawDownloads\091525_bvr50_S8188_0001.hex
* Software version 2.8.0.119
* Temperature SN = 8188
* Conductivity SN = 8188
* System UpLoad Time = Sep 16 2025 17:12:35
* <ApplicationData>
* <Seaterm232>
# nquan = 16
# nvalues = 2419                        
# units = specified
# name 0 = depFM: Depth [fresh water, m]
# name 1 = dz/dtM: Descent Rate [m/s]
# name 2 = sbeox0Mg/L: Oxygen, SBE 43 [mg/l]
# name 3 = sbeox0PS: Oxygen, SBE 43 [% saturation]
# name 4 = specc: Specific Conductance [uS/cm]
# name 5 = c0uS/cm: Conductivity [uS/cm]
# name 6 = wetCDOM: Fluorescence, WET Labs CDOM [mg/m^3]
# name 7 = flECO-AFL: Fluorescence, WET Labs ECO-AFL/FL [mg/m^3]
# name 8 = flECO-AFL1: Fluorescence, WET Labs ECO-AFL/FL, 2 [mg/m^3]
# name 9 = flECO-AFL2: Fluorescence, WET Labs ECO-AFL/FL, 3 [mg/m^3]
# name 10 = par/sat/log: PAR/Logarithmic, Satlantic
# name 11 = turbWETntu0: Turbidity, WET Labs ECO [NTU]
# name 12 = prdM: Pressure, Strain Gauge [db]
# name 13 = prdE: Pressure, Strain Gauge [psi]
# name 14 = tv290C: Temperature [ITS-90, deg C]
# name 15 = flag:  0.000e+00
# span 0 =     -0.656,      5.195       
# span 1 =     -0.201,      0.137       
# span 2 =    -0.0358,     8.2122       
# span 3 =     -0.397,     97.798       
# span 4 =      2.043,    288.968       
# span 5 =   2.138742, 217.581413       
# span 6 =    -4.5000,    65.7000       
# span 7 =    -0.5287,    64.5167       
# span 8 =    -2.1300,     0.5112       
# span 9 =    -2.0304,    10.8711       
# span 10 = 1.1582e-01, 1.2308e+03      
# span 11 =    -2.3338,   166.5259      
# span 12 =     -0.643,      5.095      
# span 13 =     -0.934,      7.389      
# span 14 =    12.6444,    27.4396      
# span 15 = 0.0000e+00, 0.0000e+00      
# interval = seconds: 0.25
# start_time = Sep 15 2025 12:06:29 [Instrument's time stamp, header]
# bad_flag = -9.990e-29
*END*
[from data line 181]
      0.381      0.003     5.4246     61.949     35.249  33.722640    20.8800    15.7603     0.1278     2.7072 7.5438e+01     7.2437      0.374      0.542    22.8397 0.0000e+00
      0.381      0.004     5.3981     61.735     35.250  33.716985    20.8800    15.7756     0.1278     2.7072 7.4947e+01     7.3041      0.374      0.543    22.8395 0.0000e+00
      0.382      0.004     5.3734     61.558     35.258  33.717139    20.7900    15.7679     0.1704     2.7072 7.4331e+01     7.2739      0.375      0.544    22.8382 0.0000e+00
      0.384      0.005     5.3508     61.408     35.263  33.715176    20.7900    14.5625     0.1704     2.7072 7.3241e+01     7.4703      0.376      0.546    22.8351 0.0000e+00
      0.385      0.005     5.3305     61.271     35.260  33.704597    20.7900    14.5663     0.1704     2.7072 7.1418e+01     7.4854      0.378      0.548    22.8292 0.0000e+00
      0.387      0.006     5.3131     61.142     35.251  33.684572    20.7900    14.5853     0.1704     2.7072 7.1449e+01     7.5307      0.379      0.550    22.8204 0.0000e+00
      0.388      0.006     5.2989     61.022     35.252  33.669681    20.8800    14.5396     0.1704     2.6649 7.1994e+01     7.4401      0.381      0.552    22.8100 0.0000e+00
      0.390      0.007     5.2870     60.919     35.272  33.669894    20.8800    15.1232     0.1704     2.6649 7.3480e+01     7.1984      0.382      0.554    22.7996 0.0000e+00
      0.392      0.007     5.2763     60.835     35.301  33.681284    20.8800    15.1080     0.1704     2.6649 7.2828e+01     7.2286      0.384      0.557    22.7883 0.0000e+00
      0.394      0.007     5.2667     60.753     35.330  33.696926    20.8800    15.1194     0.1704     2.6649 7.1340e+01     7.2890      0.386      0.560    22.7728 0.0000e+00
      0.397      0.006     5.2586     60.646     35.348  33.709040    20.7900    15.1194     0.1704     2.7495 6.9263e+01     7.2135      0.389      0.564    22.7506 0.0000e+00
      0.399      0.005     5.2524     60.498     35.358  33.714881    20.7900    13.9826     0.1704     2.7495 6.8277e+01     7.2286      0.391      0.567    22.7240 0.0000e+00
      0.400      0.004     5.2476     60.307     35.363  33.716007    20.7900    14.0398     0.1704     2.7495 6.7951e+01     7.2739      0.392      0.569    22.7000 0.0000e+00
      0.400      0.002     5.2421     60.072     35.364  33.714710    20.7900    14.0284     0.1704     2.7495 6.9082e+01     7.2135      0.393      0.569    22.6840 0.0000e+00
      0.400      0.001     5.2337     59.803     35.367  33.714627    20.7900    14.0208     0.1278     2.7072 6.8813e+01     7.1833      0.392      0.569    22.6756 0.0000e+00
      0.400      0.000     5.2214     59.509     35.369  33.715738    20.7900    14.2878     0.1278     2.7072 6.8247e+01     7.2739      0.392      0.569    22.6707 0.0000e+00
      0.400      0.000     5.2053     59.199     35.368  33.716344    20.7900    14.2687     0.1278     2.7072 6.7583e+01     7.2437      0.392      0.569    22.6664 0.0000e+00
      0.400      0.000     5.1855     58.887     35.368  33.718601    20.7900    14.3145     0.1278     2.7072 6.7774e+01     7.2739      0.392      0.569    22.6623 0.0000e+00
      0.401      0.001     5.1625     58.585     35.369  33.723111    20.7900    14.2954     0.1278     2.7072 6.8054e+01     7.3645      0.393      0.569    22.6593 0.0000e+00
      0.401      0.001     5.1373     58.296     35.369  33.727092    20.7900    15.0240     0.1278     2.6649 6.8247e+01     7.2890      0.393      0.570    22.6583 0.0000e+00
      0.401      0.000     5.1104     58.013     35.367  33.729614    20.7900    15.0126     0.1278     2.6649 6.7980e+01     7.3192      0.393      0.570    22.6596 0.0000e+00
      0.401      0.000     5.0831     57.739     35.363  33.731349    20.7900    15.0164     0.1278     2.6649 6.7202e+01     7.3343      0.393      0.570    22.6629 0.0000e+00
      0.401      0.000     5.0566     57.476     35.360  33.732762    20.7900    15.0240     0.1278     2.6649 6.6969e+01     7.3343      0.393      0.570    22.6676 0.0000e+00
      0.401      0.000     5.0311     57.228     35.357  33.734230    20.8800    14.5701     0.1704     2.7918 6.6476e+01     6.9416      0.393      0.570    22.6734 0.0000e+00
      0.401     -0.001     5.0061     57.000     35.356  33.736143    20.8800    14.5815     0.1704     2.7918 6.5772e+01     7.0171      0.393      0.570    22.6800 0.0000e+00
      0.401     -0.001     4.9817     56.794     35.352  33.735027    20.8800    14.5243     0.1704     2.7918 6.5118e+01     7.0020      0.393      0.570    22.6870 0.0000e+00
      0.401     -0.001     4.9584     56.610     35.341  33.726603    20.8800    14.5396     0.1704     2.7918 6.4009e+01     7.0624      0.393      0.570    22.6936 0.0000e+00
      0.401     -0.001     4.9366     56.443     35.330  33.718582    20.8800    14.0627     0.1704     2.7495 6.3318e+01     7.2588      0.393      0.570    22.6991 0.0000e+00
      0.401     -0.001     4.9165     56.292     35.329  33.718787    20.8800    14.0665     0.1704     2.7495 6.3180e+01     7.1984      0.393      0.570    22.7034 0.0000e+00
      0.400     -0.001     4.8984     56.153     35.332  33.723287    20.8800    14.0780     0.1704     2.7495 6.4037e+01     7.3494      0.392      0.569    22.7071 0.0000e+00
      0.400     -0.001     4.8822     56.020     35.336  33.729298    20.8800    14.1009     0.1704     2.7495 6.4162e+01     7.3041      0.392      0.569    22.7107 0.0000e+00
      0.400     -0.001     4.8675     55.896     35.341  33.736432    20.8800    13.1319     0.1704     2.7495 6.3926e+01     6.9718      0.392      0.569    22.7138 0.0000e+00
      0.400     -0.001     4.8542     55.791     35.345  33.744599    20.8800    13.1434     0.1278     2.7918 6.3912e+01     7.0322      0.392      0.569    22.7159 0.0000e+00
      0.400     -0.001     4.8421     55.716     35.348  33.751994    20.8800    13.1739     0.1278     2.7918 6.3926e+01     7.0171      0.392      0.569    22.7176 0.0000e+00
      0.400     -0.001     4.8304     55.674     35.348  33.756605    20.8800    13.1243     0.1278     2.7918 6.4009e+01     6.9416      0.392      0.568    22.7201 0.0000e+00
      0.399     -0.001     4.8193     55.671     35.345  33.759662    20.8800    13.1663     0.1278     2.7918 6.3704e+01     7.3494      0.391      0.568    22.7243 0.0000e+00
      0.399     -0.000     4.8098     55.715     35.342  33.761981    20.7900    13.1586     0.1704     2.7918 6.3139e+01     7.3192      0.391      0.568    22.7300 0.0000e+00
      0.399     -0.000     4.8027     55.793     35.339  33.764180    20.7900    13.1281     0.1704     2.7918 6.2674e+01     7.2588      0.391      0.567    22.7367 0.0000e+00
      0.399     -0.000     4.7984     55.889     35.336  33.766845    20.7900    13.1548     0.1704     2.7918 6.2105e+01     7.2739      0.391      0.567    22.7439 0.0000e+00
      0.399      0.000     4.7975     55.990     35.335  33.770688    20.7900    13.3303     0.1704     2.7918 6.2105e+01     7.3343      0.391      0.568    22.7514 0.0000e+00
      0.399      0.000     4.8005     56.082     35.333  33.772749    20.7900    13.3341     0.1704     2.6226 6.1983e+01     7.3192      0.391      0.568    22.7590 0.0000e+00
      0.399      0.001     4.8065     56.150     35.326  33.769595    20.7900    13.3265     0.1704     2.6226 6.2213e+01     7.1984      0.391      0.568    22.7666 0.0000e+00
      0.399      0.001     4.8141     56.181     35.313  33.760385    20.7900    13.3417     0.1704     2.6226 6.2132e+01     7.2437      0.392      0.568    22.7739 0.0000e+00
      0.400      0.001     4.8222     56.168     35.296  33.746647    20.7900    14.5777     0.1704     2.6226 6.2375e+01     7.0171      0.392      0.569    22.7808 0.0000e+00
      0.400      0.001     4.8296     56.114     35.282  33.734677    20.7900    14.5739     0.1278     2.9187 6.2688e+01     7.0775      0.392      0.570    22.7868 0.0000e+00
      0.401      0.002     4.8350     56.025     35.273  33.727258    20.7900    14.5510     0.1278     2.9187 6.2893e+01     7.0322      0.393      0.570    22.7919 0.0000e+00
      0.401      0.002     4.8373     55.912     35.266  33.720421    20.7900    14.5396     0.1278     2.9187 6.2811e+01     7.0020      0.393      0.571    22.7961 0.0000e+00
      0.402      0.003     4.8359     55.782     35.257  33.710350    20.7900    14.5739     0.1278     2.9187 6.2593e+01     7.0171      0.394      0.572    22.7993 0.0000e+00
      0.402      0.004     4.8310     55.639     35.244  33.696352    20.7900    14.5815     0.1278     2.9187 6.2362e+01     7.0322      0.394      0.573    22.8015 0.0000e+00
      0.403      0.005     4.8233     55.486     35.230  33.678678    20.7900    14.5701     0.1704     2.8341 6.2321e+01     7.0775      0.395      0.574    22.8026 0.0000e+00
      0.405      0.006     4.8135     55.326     35.215  33.658589    20.7900    14.5815     0.1704     2.8341 6.2010e+01     7.0473      0.397      0.576    22.8028 0.0000e+00
      0.406      0.007     4.8024     55.160     35.206  33.642680    20.7900    14.0169     0.1704     2.8341 6.1809e+01     7.3041      0.398      0.578    22.8016 0.0000e+00
      0.408      0.007     4.7904     54.991     35.210  33.638660    20.7900    14.0208     0.1704     2.8341 6.0915e+01     7.2739      0.400      0.581    22.7985 0.0000e+00
      0.411      0.007     4.7777     54.825     35.224  33.645456    20.7900    14.0208     0.1704     3.0456 5.9723e+01     7.1833      0.403      0.584    22.7930 0.0000e+00
      0.413      0.006     4.7646     54.671     35.236  33.652928    20.7900    13.9674     0.1704     3.0456 5.8401e+01     7.3343      0.405      0.587    22.7848 0.0000e+00
      0.415      0.005     4.7513     54.541     35.237  33.651117    20.7900    13.0709     0.1704     3.0456 5.8249e+01     7.2437      0.407      0.590    22.7742 0.0000e+00
      0.416      0.004     4.7378     54.445     35.229  33.639541    20.7900    13.0976     0.1704     3.0456 5.8898e+01     7.3343      0.408      0.591    22.7629 0.0000e+00
      0.416      0.002     4.7243     54.385     35.220  33.627064    20.7000    13.1014     0.1278     3.5955 6.0401e+01     7.1682      0.408      0.592    22.7535 0.0000e+00
      0.416      0.002     4.7116     54.346     35.221  33.622311    20.7000    13.0747     0.1278     3.5955 6.1957e+01     7.2437      0.408      0.592    22.7475 0.0000e+00
      0.416      0.001     4.7007     54.312     35.232  33.627996    20.7000    14.6311     0.1278     3.5955 6.1795e+01     7.2437      0.408      0.591    22.7436 0.0000e+00
      0.416      0.001     4.6929     54.270     35.249  33.641651    20.7000    14.6006     0.1278     3.5955 6.1541e+01     7.2437      0.408      0.592    22.7393 0.0000e+00
      0.416      0.001     4.6882     54.215     35.264  33.654967    20.6100    14.6426     0.1704     3.1302 6.0231e+01     7.2739      0.408      0.592    22.7329 0.0000e+00
      0.417      0.002     4.6856     54.154     35.268  33.659544    20.6100    14.6197     0.1704     3.1302 5.9476e+01     7.2588      0.409      0.593    22.7251 0.0000e+00
      0.418      0.002     4.6833     54.097     35.260  33.652618    20.6100    13.1548     0.1704     3.1302 5.9931e+01     7.1077      0.410      0.594    22.7183 0.0000e+00
      0.418      0.002     4.6800     54.051     35.243  33.636327    20.6100    13.1357     0.1704     3.1302 6.0427e+01     7.0775      0.410      0.594    22.7143 0.0000e+00
      0.418      0.002     4.6753     54.021     35.224  33.614293    20.6100    13.1510     0.1704     3.1302 6.1367e+01     7.1077      0.410      0.595    22.7137 0.0000e+00
      0.419      0.003     4.6700     54.012     35.200  33.584625    20.6100    13.1472     0.1704     3.1725 6.1755e+01     6.9869      0.411      0.595    22.7148 0.0000e+00
      0.419      0.004     4.6650     54.031     35.176  33.547379    20.6100    13.7499     0.1704     3.1725 6.1768e+01     6.9416      0.411      0.596    22.7156 0.0000e+00
      0.420      0.006     4.6611     54.090     35.161  33.508558    20.6100    13.7575     0.1704     3.1725 6.2213e+01     7.0171      0.412      0.597    22.7145 0.0000e+00
      0.422      0.007     4.6590     54.223     35.163  33.473744    20.6100    13.7652     0.1704     3.1725 6.2145e+01     6.9718      0.414      0.600    22.7098 0.0000e+00
      0.424      0.009     4.6592     54.477     35.197  33.457553    20.4300    13.7118     0.1704     3.4263 6.2118e+01     7.0775      0.416      0.603    22.6994 0.0000e+00
      0.426      0.009     4.6625     54.885     35.259  33.467617    20.4300    15.0088     0.1704     3.4263 6.0942e+01     7.5156      0.418      0.606    22.6798 0.0000e+00
      0.429      0.009     4.6707     55.424     35.318  33.482712    20.4300    14.9973     0.1704     3.4263 5.8681e+01     7.5911      0.421      0.611    22.6459 0.0000e+00
      0.433      0.007     4.6871     56.021     35.351  33.482959    20.4300    14.9668     0.1704     3.4263 5.5771e+01     7.5458      0.424      0.615    22.5928 0.0000e+00
      0.435      0.004     4.7153     56.607     35.366  33.476391    20.6100    15.0126     0.1704     3.5532 5.4383e+01     7.5307      0.427      0.619    22.5238 0.0000e+00
      0.436      0.000     4.7569     57.136     35.381  33.481174    20.6100    14.2344     0.1704     3.5532 5.5217e+01     7.0171      0.428      0.620    22.4543 0.0000e+00
      0.435     -0.005     4.8088     57.576     35.402  33.506549    20.6100    14.2344     0.1704     3.5532 5.5917e+01     7.0473      0.427      0.619    22.3971 0.0000e+00
      0.433     -0.010     4.8647     57.921     35.414  33.539366    20.6100    14.2611     0.1704     3.5532 5.5373e+01     7.0775      0.425      0.616    22.3532 0.0000e+00
      0.430     -0.015     4.9184     58.194     35.394  33.556505    20.3400    14.2687     0.1278     3.5955 5.4834e+01     7.0322      0.422      0.612    22.3228 0.0000e+00
      0.426     -0.019     4.9655     58.426     35.345  33.554574    20.3400    12.8763     0.1278     3.5955 5.4810e+01     7.0171      0.418      0.606    22.3101 0.0000e+00
      0.421     -0.023     5.0028     58.629     35.290  33.545010    20.3400    12.8954     0.1278     3.5955 5.7782e+01     6.9264      0.412      0.598    22.3185 0.0000e+00
      0.414     -0.025     5.0298     58.796     35.247  33.537219    20.3400    12.8954     0.1278     3.5955 6.1394e+01     6.9567      0.405      0.588    22.3487 0.0000e+00
      0.406     -0.027     5.0487     58.897     35.216  33.529124    20.3400    12.9107     0.1278     3.5955 6.2308e+01     7.0171      0.398      0.577    22.3990 0.0000e+00
      0.398     -0.027     5.0627     58.900     35.191  33.518568    20.4300    13.7156     0.1704     3.2994 6.3208e+01     6.9869      0.390      0.566    22.4620 0.0000e+00
      0.391     -0.027     5.0744     58.784     35.167  33.502734    20.4300    13.6965     0.1704     3.2994 6.3732e+01     7.0171      0.383      0.556    22.5231 0.0000e+00
      0.384     -0.025     5.0843     58.548     35.140  33.477401    20.4300    13.6889     0.1704     3.2994 6.4204e+01     7.0473      0.377      0.546    22.5699 0.0000e+00
      0.378     -0.023     5.0901     58.210     35.114  33.447766    20.4300    13.7003     0.1704     3.2994 6.5829e+01     7.0775      0.370      0.537    22.6004 0.0000e+00
      0.372     -0.021     5.0885     57.806     35.088  33.413892    20.5200    14.7494     0.1704     3.3417 6.7789e+01     7.5156      0.365      0.529    22.6187 0.0000e+00
      0.366     -0.018     5.0776     57.373     35.060  33.374712    20.5200    14.7494     0.1704     3.3417 6.8099e+01     7.4703      0.359      0.521    22.6283 0.0000e+00
      0.362     -0.015     5.0571     56.949     35.035  33.335714    20.5200    14.7608     0.1704     3.3417 6.8025e+01     7.4401      0.355      0.515    22.6295 0.0000e+00
