Data/DataNotYetUploadedToEDI/Raw_CTD/RawDownloads/091525_fcr50_S7809002.cnv
* Sea-Bird SBE19plus  Data File:
* FileName = C:\R\Reservoirs\Data\DataNotYetUploadedToEDI\Raw_CTD\RawDownloads\090825_fcr50_S7809_0002.hex
* Software version 2.8.0.119
* Temperature SN = 7809
* Conductivity SN = 7809
* System UpLoad Time = Sep 16 2025 17:27:16
* <ApplicationData>
* <Seaterm232>
# nquan = 15
# nvalues = 1797                        
# units = specified
# name 0 = depFM: Depth [fresh water, m]
# name 1 = dz/dtM: Descent Rate [m/s]
# name 2 = sbeox0Mg/L: Oxygen, SBE 43 [mg/l]
# name 3 = sbeox0PS: Oxygen, SBE 43 [% saturation]
# name 4 = specc: Specific Conductance [uS/cm]
# name 5 = c0uS/cm: Conductivity [uS/cm]
# name 6 = flECO-AFL: Fluorescence, WET Labs ECO-AFL/FL [mg/m^3]
# name 7 = ph: pH
# name 8 = orp: Oxidation Reduction Potential [mV]
# name 9 = par/sat/log: PAR/Logarithmic, Satlantic
# name 10 = turbWETntu0: Turbidity, WET Labs ECO [NTU]
# name 11 = prdM: Pressure, Strain Gauge [db]
# name 12 = prdE: Pressure, Strain Gauge [psi]
# name 13 = tv290C: Temperature [ITS-90, deg C]
# name 14 = flag:  0.000e+00
# span 0 =     -0.597,      9.644       
# span 1 =     -0.434,      0.119       
# span 2 =    -0.2607,    12.2538       
# span 3 =     -2.391,    137.683       
# span 4 =      1.016,    423.359       
# span 5 =   1.058265, 317.023669       
# span 6 =    -1.5656,    18.9663       
# span 7 =      7.569,     11.329       
# span 8 = -1240.7455,  1212.0258       
# span 9 = 1.2348e-01, 1.6830e+03       
# span 10 =    -0.1876,   953.4991      
# span 11 =     -0.585,      9.459      
# span 12 =     -0.849,     13.719      
# span 13 =    12.4270,    27.1025      
# span 14 = 0.0000e+00, 0.0000e+00      
# interval = seconds: 0.25
# start_time = Sep 15 2025 14:16:38 [Instrument's time stamp, header]
# bad_flag = -9.990e-29
*END*
[from data line 579]
      2.821      0.043     0.8152      3.930     42.016  36.953499    18.7481     10.326   143.0049 1.1430e+01     5.8051      2.767      4.014    19.0321 0.0000e+00
      2.831      0.042     0.6903      3.869     42.066  36.992989    18.9635     10.319   143.9305 1.1260e+01     5.8835      2.776      4.027    19.0363 0.0000e+00
      2.842      0.041     0.5917      3.946     42.108  37.019477    18.9663     10.312   144.5090 1.1084e+01     5.9534      2.786      4.041    19.0191 0.0000e+00
      2.853      0.039     0.5159      4.117     42.273  37.146834    18.5653     10.305   144.5791 1.0908e+01     5.9324      2.798      4.058    18.9873 0.0000e+00
      2.866      0.038     0.4627      4.337     42.507  37.327195    17.8356     10.297   144.4342 1.0730e+01     5.9374      2.811      4.077    18.9650 0.0000e+00
      2.879      0.037     0.4280      4.564     42.643  37.423449    17.4521     10.289   144.1329 1.0572e+01     6.0475      2.824      4.096    18.9635 0.0000e+00
      2.889      0.034     0.3995      4.733     42.733  37.485679    17.3569     10.280   144.2919 1.0449e+01     6.1708      2.834      4.110    18.9688 0.0000e+00
      2.898      0.031     0.3778      4.820     42.920  37.635398    16.3766     10.272   144.9807 1.0339e+01     6.1650      2.842      4.122    18.9699 0.0000e+00
      2.906      0.029     0.3622      4.841     43.171  37.837645    14.5378     10.265   145.4919 1.0220e+01     5.9765      2.849      4.134    18.9725 0.0000e+00
      2.915      0.028     0.3528      4.793     43.478  38.090781    13.5022     10.258   145.5679 1.0083e+01     5.8050      2.857      4.145    18.9688 0.0000e+00
      2.926      0.028     0.3641      4.689     43.926  38.475015    13.3183     10.251   145.4703 9.9445e+00     5.8340      2.869      4.162    18.9548 0.0000e+00
      2.937      0.030     0.3808      4.552     44.536  38.993165    12.2898     10.243   145.4302 9.8319e+00     5.8824      2.881      4.179    18.9365 0.0000e+00
      2.946      0.034     0.4021      4.368     45.126  39.469285    10.3712     10.236   145.5989 9.7614e+00     5.7417      2.891      4.192    18.9015 0.0000e+00
      2.950      0.039     0.4270      4.119     45.561  39.789434     9.2971     10.229   145.8755 9.7258e+00     5.5337      2.894      4.198    18.8709 0.0000e+00
      2.953      0.043     0.4434      3.806     45.960  40.071645     9.0998     10.223   146.1933 9.6897e+00     5.3822      2.895      4.200    18.8553 0.0000e+00
      2.958      0.045     0.4500      3.426     46.415  40.406318     8.3515     10.216   146.6014 9.6221e+00     5.3452      2.900      4.206    18.8414 0.0000e+00
      2.967      0.045     0.4531      2.962     46.920  40.789570     7.0321     10.210   146.4222 9.5058e+00     5.3596      2.909      4.219    18.8192 0.0000e+00
      2.978      0.046     0.4488      2.452     47.394  41.151378     6.3070     10.203   145.7476 9.3558e+00     5.3165      2.920      4.236    18.7930 0.0000e+00
      2.990      0.046     0.4368      1.965     47.752  41.417115     6.2011     10.195   145.5856 9.2072e+00     5.2335      2.932      4.252    18.7924 0.0000e+00
      3.002      0.046     0.4259      1.546     48.072  41.654217     5.9092     10.186   146.0123 9.0773e+00     5.1424      2.944      4.269    18.7867 0.0000e+00
      3.013      0.045     0.4094      1.215     48.425  41.923651     5.4409     10.179   146.6908 8.9499e+00     5.1025      2.955      4.286    18.7369 0.0000e+00
      3.025      0.043     0.3870      0.970     48.783  42.199481     5.2244     10.171   146.7349 8.8167e+00     5.1279      2.966      4.302    18.6618 0.0000e+00
      3.036      0.041     0.3576      0.817     49.112  42.450402     5.2232     10.162   146.2004 8.6883e+00     5.1423      2.976      4.317    18.5867 0.0000e+00
      3.047      0.039     0.3243      0.757     49.332  42.609050     5.1941     10.154   146.1659 8.5592e+00     5.0377      2.988      4.333    18.5203 0.0000e+00
      3.060      0.036     0.2797      0.764     49.420  42.657804     5.0889     10.146   146.4037 8.4278e+00     4.9212      3.000      4.351    18.4612 0.0000e+00
      3.073      0.034     0.2289      0.809     49.438  42.659008     4.9578     10.137   146.6657 8.3013e+00     4.9973      3.014      4.371    18.4079 0.0000e+00
      3.085      0.032     0.1825      0.875     49.391  42.623584     4.9157     10.127   146.9256 8.1964e+00     5.1043      3.026      4.389    18.3613 0.0000e+00
      3.094      0.031     0.1422      0.936     49.065  42.356445     4.9297     10.119   146.8788 8.1128e+00     5.0875      3.034      4.400    18.3197 0.0000e+00
      3.102      0.030     0.1117      0.971     48.525  41.904425     4.8855     10.110   146.7876 8.0228e+00     4.8960      3.041      4.410    18.2813 0.0000e+00
      3.110      0.029     0.0884      0.997     48.448  41.855066     4.7900     10.100   146.8549 7.9337e+00     4.6336      3.050      4.423    18.2472 0.0000e+00
      3.119      0.029     0.0736      1.047     49.116  42.457850     4.7562     10.090   147.0047 7.8707e+00     4.5797      3.059      4.437    18.2139 0.0000e+00
      3.127      0.030     0.0692      1.134     50.134  43.353338     4.7769     10.080   147.3952 7.8146e+00     4.6211      3.066      4.447    18.1811 0.0000e+00
      3.135      0.031     0.0712      1.268     51.042  44.113533     4.6821     10.072   147.8758 7.7465e+00     4.5866      3.074      4.458    18.1494 0.0000e+00
      3.143      0.034     0.0755      1.438     51.610  44.540089     4.4674     10.066   148.0835 7.6836e+00     4.4703      3.083      4.470    18.1305 0.0000e+00
      3.149      0.036     0.0826      1.610     51.957  44.765584     4.3280     10.058   148.0131 7.6333e+00     4.3425      3.089      4.479    18.1411 0.0000e+00
      3.155      0.036     0.0898      1.724     52.299  44.999001     4.3120     10.050   147.8857 7.5725e+00     4.3728      3.093      4.487    18.1620 0.0000e+00
      3.162      0.036     0.0917      1.751     52.734  45.330909     4.2901     10.042   148.4353 7.4828e+00     4.4603      3.100      4.497    18.1727 0.0000e+00
      3.170      0.035     0.0930      1.703     53.085  45.604596     4.2051     10.034   149.4966 7.3785e+00     4.4110      3.109      4.509    18.1858 0.0000e+00
      3.180      0.034     0.0976      1.598     53.149  45.641901     4.1251     10.025   149.8770 7.2792e+00     4.2547      3.118      4.523    18.2182 0.0000e+00
      3.190      0.033     0.1048      1.455     53.386  45.845432     4.0791     10.017   149.5072 7.1785e+00     4.1418      3.128      4.537    18.2502 0.0000e+00
      3.201      0.033     0.1183      1.283     54.184  46.541867     4.0486     10.009   149.0687 7.0725e+00     4.2765      3.140      4.553    18.2266 0.0000e+00
      3.211      0.034     0.1352      1.117     55.137  47.333197     4.0315      9.999   149.2221 6.9845e+00     4.5165      3.150      4.568    18.1476 0.0000e+00
      3.219      0.035     0.1545      1.009     55.868  47.858591     4.0301      9.990   149.8987 6.9104e+00     4.5844      3.157      4.579    18.0693 0.0000e+00
      3.227      0.035     0.1665      0.960     56.357  48.132687     4.0155      9.981   150.2793 6.8289e+00     4.5164      3.164      4.589    18.0102 0.0000e+00
      3.234      0.034     0.1680      0.935     56.709  48.298008     3.9878      9.971   150.2968 6.7472e+00     4.4459      3.171      4.599    17.9712 0.0000e+00
      3.242      0.032     0.1636      0.915     57.104  48.524022     4.0030      9.961   150.3689 6.6758e+00     4.4491      3.179      4.610    17.9491 0.0000e+00
      3.251      0.030     0.1523      0.899     57.573  48.833564     4.0580      9.952   150.5488 6.6089e+00     4.4861      3.188      4.624    17.9271 0.0000e+00
      3.261      0.028     0.1393      0.893     58.002  49.119958     4.1035      9.943   150.7515 6.5234e+00     4.5172      3.198      4.639    17.9237 0.0000e+00
      3.271      0.028     0.1218      0.870     58.324  49.320023     4.0959      9.935   150.8410 6.4324e+00     4.4841      3.209      4.654    17.9557 0.0000e+00
      3.281      0.028     0.1031      0.835     58.591  49.474655     4.0066      9.926   150.8556 6.3594e+00     4.4960      3.218      4.667    17.9509 0.0000e+00
      3.289      0.029     0.0937      0.818     58.889  49.656142     3.8899      9.918   150.6702 6.2946e+00     4.5928      3.225      4.678    17.8421 0.0000e+00
      3.295      0.030     0.0909      0.799     59.216  49.863439     3.8588      9.909   150.4067 6.2382e+00     4.6643      3.231      4.687    17.6923 0.0000e+00
      3.300      0.031     0.0892      0.783     59.545  50.076152     3.8893      9.901   150.5090 6.1823e+00     4.7795      3.236      4.694    17.5705 0.0000e+00
      3.306      0.031     0.0880      0.776     59.910  50.323098     3.8164      9.894   150.7882 6.1167e+00     4.7907      3.242      4.702    17.4776 0.0000e+00
      3.314      0.030     0.0851      0.758     60.415  50.690312     3.6520      9.886   150.6843 6.0424e+00     4.6629      3.249      4.713    17.4023 0.0000e+00
      3.322      0.030     0.0864      0.731     60.950  51.087182     3.5666      9.876   150.2002 5.9567e+00     4.6009      3.258      4.725    17.3374 0.0000e+00
      3.331      0.029     0.0851      0.698     61.262  51.311676     3.5659      9.866   150.0112 5.8843e+00     4.6555      3.268      4.739    17.2771 0.0000e+00
      3.339      0.029     0.0781      0.672     61.420  51.436142     3.5443      9.856   150.2915 5.8379e+00     4.7764      3.275      4.750    17.2160 0.0000e+00
      3.346      0.028     0.0798      0.661     61.640  51.639590     3.4638      9.847   150.7496 5.7898e+00     4.7988      3.282      4.760    17.1555 0.0000e+00
      3.354      0.028     0.0769      0.648     62.042  51.993557     3.3905      9.837   150.8182 5.7318e+00     4.6872      3.289      4.770    17.0975 0.0000e+00
      3.361      0.028     0.0746      0.637     62.560  52.413882     3.3651      9.828   150.4332 5.6727e+00     4.6228      3.295      4.781    17.0442 0.0000e+00
      3.368      0.028     0.0763      0.636     62.984  52.721044     3.3735      9.820   150.3970 5.6006e+00     4.7025      3.302      4.790    16.9939 0.0000e+00
      3.376      0.028     0.0732      0.626     63.293  52.913237     3.4090      9.811   150.7236 5.5222e+00     4.7972      3.311      4.802    16.9473 0.0000e+00
      3.384      0.027     0.0714      0.610     63.582  53.086480     3.4360      9.801   150.9403 5.4552e+00     4.8112      3.319      4.814    16.9022 0.0000e+00
      3.391      0.027     0.0673      0.591     63.825  53.228001     3.4420      9.790   150.9523 5.3846e+00     4.7352      3.326      4.824    16.8638 0.0000e+00
      3.397      0.026     0.0643      0.558     64.042  53.354175     3.4067      9.779   150.7834 5.3214e+00     4.5963      3.331      4.832    16.8590 0.0000e+00
      3.403      0.025     0.0643      0.540     64.313  53.532383     3.3511      9.769   150.6187 5.2750e+00     4.6004      3.337      4.840    16.8855 0.0000e+00
      3.411      0.023     0.0631      0.545     64.528  53.667964     3.3354      9.758   150.7679 5.2103e+00     4.7506      3.345      4.852    16.9079 0.0000e+00
      3.420      0.020     0.0604      0.552     64.642  53.723280     3.3412      9.747   151.0389 5.1373e+00     4.8409      3.354      4.866    16.8982 0.0000e+00
      3.427      0.018     0.0628      0.565     64.873  53.883624     3.3389      9.736   151.0552 5.0894e+00     4.8037      3.360      4.875    16.8538 0.0000e+00
      3.433      0.017     0.0610      0.581     65.218  54.145961     3.3072      9.726   150.9646 5.0558e+00     4.6766      3.366      4.882    16.7954 0.0000e+00
      3.438      0.016     0.0584      0.585     65.497  54.354830     3.2827      9.715   150.9762 5.0133e+00     4.6362      3.373      4.892    16.7409 0.0000e+00
      3.443      0.016     0.0593      0.588     65.781  54.567262     3.2932      9.705   151.4546 4.9527e+00     4.7256      3.377      4.897    16.6923 0.0000e+00
      3.449      0.017     0.0530      0.591     66.255  54.936161     3.3003      9.694   152.2746 4.8825e+00     4.8010      3.382      4.905    16.6488 0.0000e+00
      3.455      0.020     0.0513      0.577     66.827  55.385542     3.2761      9.684   152.7168 4.8301e+00     4.7289      3.389      4.916    16.6128 0.0000e+00
      3.458      0.025     0.0539      0.562     67.295  55.745386     3.2010      9.675   152.8435 4.8029e+00     4.5019      3.392      4.920    16.5804 0.0000e+00
      3.460      0.029     0.0533      0.563     67.699  56.047818     3.1415      9.665   153.1180 4.7695e+00     4.3454      3.393      4.921    16.5480 0.0000e+00
      3.464      0.033     0.0546      0.575     68.058  56.311080     3.1381      9.655   153.6262 4.7253e+00     4.3393      3.396      4.926    16.5235 0.0000e+00
      3.469      0.035     0.0580      0.581     68.346  56.514863     3.1272      9.645   154.0839 4.6826e+00     4.4280      3.402      4.934    16.5072 0.0000e+00
      3.474      0.038     0.0566      0.580     68.650  56.733264     3.1012      9.635   154.4364 4.6260e+00     4.4956      3.407      4.941    16.4907 0.0000e+00
      3.480      0.040     0.0570      0.587     68.913  56.919178     3.0904      9.625   154.7916 4.5423e+00     4.4739      3.411      4.947    16.4724 0.0000e+00
      3.489      0.040     0.0592      0.597     69.018  56.984229     3.0712      9.613   155.1084 4.4497e+00     4.4379      3.421      4.962    16.4543 0.0000e+00
      3.499      0.039     0.0561      0.597     68.981  56.948106     3.0109      9.601   155.5132 4.3745e+00     4.3681      3.432      4.979    16.4371 0.0000e+00
      3.509      0.036     0.0544      0.593     68.953  56.927036     2.9520      9.588   155.9012 4.2986e+00     4.3485      3.441      4.990    16.4165 0.0000e+00
      3.519      0.033     0.0543      0.590     69.103  57.047057     2.9507      9.574   156.0133 4.2193e+00     4.4052      3.451      5.005    16.3916 0.0000e+00
      3.528      0.028     0.0568      0.574     69.376  57.255952     2.9702      9.560   156.0945 4.1358e+00     4.4389      3.460      5.019    16.3660 0.0000e+00
      3.538      0.024     0.0575      0.547     69.688  57.483693     2.9461      9.547   156.4530 4.0230e+00     4.3799      3.468      5.031    16.3400 0.0000e+00
      3.550      0.021     0.0562      0.524     70.004  57.704498     2.8839      9.534   156.8200 3.9032e+00     4.2387      3.482      5.050    16.3176 0.0000e+00
      3.561      0.020     0.0572      0.505     70.207  57.829507     2.8424      9.520   156.8325 3.8096e+00     4.1320      3.494      5.068    16.2928 0.0000e+00
      3.571      0.022     0.0592      0.486     70.203  57.788237     2.8528      9.505   156.6897 3.7597e+00     4.1489      3.503      5.080    16.2713 0.0000e+00
      3.576      0.026     0.0588      0.475     70.229  57.777128     2.8920      9.489   156.7277 3.7425e+00     4.2720      3.508      5.087    16.2729 0.0000e+00
      3.578      0.031     0.0577      0.471     70.620  58.076265     2.9003      9.474   156.8625 3.7302e+00     4.3228      3.509      5.089    16.2787 0.0000e+00
      3.581      0.035     0.0588      0.465     71.061  58.419569     2.8699      9.459   156.9428 3.7108e+00     4.2848      3.512      5.094    16.2757 0.0000e+00
      3.586      0.037     0.0568      0.460     71.201  58.497834     2.8498      9.444   157.0101 3.6731e+00     4.2909      3.517      5.100    16.2651 0.0000e+00
      3.592      0.037     0.0534      0.461     71.280  58.514348     2.8401      9.429   157.2461 3.6081e+00     4.3277      3.521      5.108    16.2427 0.0000e+00
