Data/DataNotYetUploadedToEDI/Raw_CTD/RawDownloads/091525_bvr50_S8188001.cnv
* Sea-Bird SBE19plus  Data File:
* FileName = C:\R\Reservoirs\Data\DataNotYetUploadedToEDI\Raw_CTD\RawDownloads\091525_bvr50_S8188_0001.hex
* Software version 2.8.0.119
* Temperature SN = 8188
* Conductivity SN = 8188
* System UpLoad Time = Sep 16 2025 17:12:35
* <ApplicationData>
* <Seaterm232>
# nquan = 16
# nvalues = 2419                        
# units = specified
# name 0 = depFM: Depth [fresh water, m]
# name 1 = dz/dtM: Descent Rate [m/s]
# name 2 = sbeox0Mg/L: Oxygen, SBE 43 [mg/l]
# name 3 = sbeox0PS: Oxygen, SBE 43 [% saturation]
# name 4 = specc: Specific Conductance [uS/cm]
# name 5 = c0uS/cm: Conductivity [uS/cm]
# name 6 = wetCDOM: Fluorescence, WET Labs CDOM [mg/m^3]
# name 7 = flECO-AFL: Fluorescence, WET Labs ECO-AFL/FL [mg/m^3]
# name 8 = flECO-AFL1: Fluorescence, WET Labs ECO-AFL/FL, 2 [mg/m^3]
# name 9 = flECO-AFL2: Fluorescence, WET Labs ECO-AFL/FL, 3 [mg/m^3]
# name 10 = par/sat/log: PAR/Logarithmic, Satlantic
# name 11 = turbWETntu0: Turbidity, WET Labs ECO [NTU]
# name 12 = prdM: Pressure, Strain Gauge [db]
# name 13 = prdE: Pressure, Strain Gauge [psi]
# name 14 = tv290C: Temperature [ITS-90, deg C]
# name 15 = flag:  0.000e+00
# span 0 =     -0.656,      5.195       
# span 1 =     -0.201,      0.137       
# span 2 =    -0.0358,     8.2122       
# span 3 =     -0.397,     97.798       
# span 4 =      2.043,    288.968       
# span 5 =   2.138742, 217.581413       
# span 6 =    -4.5000,    65.7000       
# span 7 =    -0.5287,    64.5167       
# span 8 =    -2.1300,     0.5112       
# span 9 =    -2.0304,    10.8711       
# span 10 = 1.1582e-01, 1.2308e+03      
# span 11 =    -2.3338,   166.5259      
# span 12 =     -0.643,      5.095      
# span 13 =     -0.934,      7.389      
# span 14 =    12.6444,    27.4396      
# span 15 = 0.0000e+00, 0.0000e+00      
# interval = seconds: 0.25
# start_time = Sep 15 2025 12:06:29 [Instrument's time stamp, header]
# bad_flag = -9.990e-29
*END*
[from data line 1718]
      4.443      0.015     0.0268      0.244    241.489 186.184026    48.2400     1.2528     0.1278     0.4230 1.1605e-01     3.7088      4.357      6.320    13.5773 0.0000e+00
      4.446      0.014     0.0260      0.248    241.670 186.289582    48.2400     1.2566     0.1278     0.4230 1.1592e-01     3.7390      4.360      6.324    13.5703 0.0000e+00
      4.450      0.014     0.0254      0.251    241.805 186.363015    48.2400     1.2986     0.1278     0.4230 1.1610e-01     3.4973      4.364      6.329    13.5621 0.0000e+00
      4.453      0.015     0.0252      0.252    241.873 186.389790    48.2400     1.2795     0.1278     0.4230 1.1612e-01     3.4218      4.367      6.334    13.5537 0.0000e+00
      4.457      0.015     0.0255      0.254    241.924 186.411161    48.4200     1.2795     0.1278     0.4230 1.1605e-01     3.5124      4.371      6.340    13.5459 0.0000e+00
      4.461      0.016     0.0258      0.259    241.999 186.456908    48.4200     1.2871     0.1278     0.4230 1.1605e-01     3.5124      4.375      6.346    13.5389 0.0000e+00
      4.466      0.017     0.0261      0.265    242.038 186.479026    48.4200     1.2833     0.1278     0.4230 1.1602e-01     3.6937      4.379      6.352    13.5325 0.0000e+00
      4.470      0.018     0.0262      0.268    242.013 186.455317    48.4200     1.2947     0.1278     0.4230 1.1615e-01     3.7692      4.384      6.358    13.5272 0.0000e+00
      4.475      0.019     0.0264      0.272    241.989 186.431636    48.4200     1.2719     0.1704     0.4653 1.1610e-01     3.7692      4.388      6.364    13.5235 0.0000e+00
      4.480      0.019     0.0270      0.277    242.011 186.435785    48.4200     1.2947     0.1704     0.4653 1.1607e-01     3.7088      4.393      6.372    13.5210 0.0000e+00
      4.485      0.019     0.0275      0.281    242.066 186.460845    48.4200     1.3024     0.1704     0.4653 1.1597e-01     3.7541      4.398      6.379    13.5194 0.0000e+00
      4.490      0.019     0.0279      0.283    242.161 186.513495    48.4200     1.3024     0.1704     0.4653 1.1615e-01     3.7692      4.403      6.386    13.5186 0.0000e+00
      4.495      0.018     0.0283      0.281    242.317 186.607777    48.2400     1.3062     0.1278     0.4653 1.1610e-01     3.6786      4.408      6.393    13.5174 0.0000e+00
      4.499      0.018     0.0288      0.276    242.548 186.752775    48.2400     1.2871     0.1278     0.4653 1.1612e-01     3.7239      4.413      6.399    13.5149 0.0000e+00
      4.504      0.017     0.0293      0.270    242.869 186.957053    48.2400     1.2566     0.1278     0.4653 1.1600e-01     3.7088      4.417      6.405    13.5113 0.0000e+00
      4.508      0.017     0.0295      0.263    243.302 187.234946    48.2400     1.3100     0.1278     0.4653 1.1600e-01     3.6937      4.421      6.411    13.5070 0.0000e+00
      4.512      0.017     0.0293      0.259    243.837 187.584295    48.5100     1.3062     0.1278     0.4230 1.1610e-01     3.6937      4.425      6.418    13.5017 0.0000e+00
      4.516      0.017     0.0288      0.262    244.371 187.939706    48.5100     1.2642     0.1278     0.4230 1.1592e-01     3.6181      4.429      6.424    13.4950 0.0000e+00
      4.521      0.017     0.0281      0.267    244.813 188.237404    48.5100     1.2871     0.1278     0.4230 1.1600e-01     3.6937      4.434      6.430    13.4862 0.0000e+00
      4.525      0.018     0.0273      0.274    245.165 188.468465    48.5100     1.3100     0.1278     0.4230 1.1605e-01     3.7088      4.438      6.436    13.4749 0.0000e+00
      4.530      0.018     0.0270      0.278    245.432 188.626266    48.5100     1.2947     0.1278     0.4230 1.1597e-01     3.6937      4.442      6.443    13.4621 0.0000e+00
      4.534      0.019     0.0273      0.279    245.680 188.766933    48.7800     1.2909     0.1704     0.3807 1.1605e-01     3.6937      4.447      6.449    13.4508 0.0000e+00
      4.539      0.019     0.0279      0.279    246.109 189.058431    48.7800     1.3138     0.1704     0.3807 1.1620e-01     3.6332      4.451      6.456    13.4421 0.0000e+00
      4.544      0.020     0.0285      0.279    246.889 189.618635    48.7800     1.2719     0.1704     0.3807 1.1602e-01     3.6937      4.456      6.463    13.4340 0.0000e+00
      4.549      0.021     0.0289      0.275    247.912 190.342029    48.7800     1.2871     0.1704     0.3807 1.1595e-01     3.6786      4.461      6.470    13.4243 0.0000e+00
      4.555      0.022     0.0290      0.270    248.827 190.965883    49.5000     1.2986     0.1278     0.4230 1.1612e-01     3.7239      4.467      6.478    13.4143 0.0000e+00
      4.561      0.022     0.0291      0.264    249.382 191.329370    49.5000     1.3138     0.1278     0.4230 1.1610e-01     3.6937      4.473      6.487    13.4065 0.0000e+00
      4.567      0.022     0.0291      0.262    249.572 191.445104    49.5000     1.3596     0.1278     0.4230 1.1605e-01     3.8296      4.479      6.496    13.3987 0.0000e+00
      4.573      0.022     0.0287      0.264    249.601 191.456360    49.5000     1.3710     0.1278     0.4230 1.1607e-01     3.8750      4.484      6.504    13.3862 0.0000e+00
      4.579      0.020     0.0281      0.270    249.687 191.502645    49.8600     1.3481     0.1704     0.5076 1.1600e-01     4.0260      4.490      6.512    13.3704 0.0000e+00
      4.584      0.019     0.0276      0.280    249.812 191.558163    49.8600     1.3596     0.1704     0.5076 1.1600e-01     3.9203      4.495      6.519    13.3578 0.0000e+00
      4.588      0.018     0.0273      0.287    249.870 191.547386    49.8600     1.3062     0.1704     0.5076 1.1602e-01     3.9958      4.499      6.526    13.3517 0.0000e+00
      4.592      0.017     0.0276      0.286    249.886 191.501561    49.8600     1.2871     0.1704     0.5076 1.1600e-01     3.9354      4.503      6.531    13.3494 0.0000e+00
      4.595      0.016     0.0283      0.280    249.907 191.466679    49.8600     1.3138     0.1704     0.5076 1.1610e-01     3.9505      4.506      6.536    13.3455 0.0000e+00
      4.599      0.016     0.0293      0.274    249.855 191.387265    49.4100     1.2947     0.1278     0.3384 1.1605e-01     3.9656      4.510      6.542    13.3374 0.0000e+00
      4.603      0.016     0.0300      0.268    249.683 191.232106    49.4100     1.2032     0.1278     0.3384 1.1612e-01     4.2224      4.514      6.547    13.3263 0.0000e+00
      4.607      0.017     0.0299      0.262    249.465 191.058185    49.4100     1.2375     0.1278     0.3384 1.1617e-01     4.2375      4.518      6.553    13.3148 0.0000e+00
      4.612      0.018     0.0293      0.258    249.330 190.953610    49.4100     1.2490     0.1278     0.3384 1.1605e-01     4.1771      4.523      6.559    13.3044 0.0000e+00
      4.616      0.019     0.0287      0.254    249.373 190.976812    48.1500     1.2223     0.1278     0.4653 1.1607e-01     4.1469      4.527      6.566    13.2965 0.0000e+00
      4.621      0.020     0.0281      0.252    249.547 191.081787    48.1500     1.3024     0.1278     0.4653 1.1592e-01     4.9324      4.532      6.573    13.2919 0.0000e+00
      4.627      0.021     0.0275      0.253    249.738 191.188135    48.1500     1.2871     0.1278     0.4653 1.1595e-01     4.9324      4.537      6.581    13.2905 0.0000e+00
      4.632      0.021     0.0270      0.250    249.930 191.294105    48.1500     1.2833     0.1278     0.4653 1.1610e-01     4.8569      4.543      6.589    13.2902 0.0000e+00
      4.638      0.021     0.0266      0.243    250.145 191.425944    48.1500     1.2947     0.1278     0.5499 1.1620e-01     4.9626      4.548      6.597    13.2882 0.0000e+00
      4.644      0.021     0.0264      0.236    250.358 191.570633    48.1500     1.2947     0.1278     0.5499 1.1612e-01     5.4309      4.554      6.605    13.2826 0.0000e+00
      4.650      0.020     0.0264      0.233    250.532 191.696497    48.1500     1.3176     0.1278     0.5499 1.1612e-01     5.3101      4.560      6.613    13.2746 0.0000e+00
      4.655      0.018     0.0262      0.236    250.658 191.784911    48.1500     1.3024     0.1278     0.5499 1.1600e-01     5.4611      4.564      6.620    13.2664 0.0000e+00
      4.659      0.016     0.0254      0.244    250.801 191.879524    48.1500     1.2947     0.1278     0.5499 1.1612e-01     5.4007      4.569      6.627    13.2598 0.0000e+00
      4.663      0.014     0.0247      0.250    251.058 192.053744    48.8700     1.2986     0.1278     0.4230 1.1595e-01     5.6122      4.572      6.632    13.2562 0.0000e+00
      4.666      0.012     0.0244      0.249    251.428 192.303845    48.8700     1.2871     0.1278     0.4230 1.1612e-01     5.6877      4.575      6.636    13.2547 0.0000e+00
      4.668      0.011     0.0247      0.249    251.858 192.588120    48.8700     1.2566     0.1278     0.4230 1.1597e-01     5.5971      4.578      6.639    13.2530 0.0000e+00
      4.670      0.011     0.0256      0.251    252.307 192.873973    48.8700     1.2947     0.1278     0.4230 1.1612e-01     5.6877      4.580      6.643    13.2502 0.0000e+00
      4.673      0.011     0.0261      0.254    252.674 193.095099    48.9600     1.3024     0.1704     0.4653 1.1602e-01     5.6424      4.582      6.646    13.2457 0.0000e+00
      4.675      0.011     0.0261      0.254    252.891 193.216107    48.9600     1.2947     0.1704     0.4653 1.1612e-01     5.6424      4.585      6.650    13.2393 0.0000e+00
      4.678      0.012     0.0260      0.251    253.052 193.311423    48.9600     1.2871     0.1704     0.4653 1.1597e-01     5.6424      4.588      6.654    13.2304 0.0000e+00
      4.682      0.012     0.0263      0.250    253.354 193.514869    48.9600     1.3214     0.1704     0.4653 1.1600e-01     5.4762      4.591      6.659    13.2190 0.0000e+00
      4.685      0.013     0.0266      0.253    253.942 193.922857    48.8700     1.3138     0.0852     0.3807 1.1590e-01     5.6424      4.594      6.663    13.2073 0.0000e+00
      4.688      0.015     0.0266      0.255    254.828 194.541800    48.8700     1.2871     0.0852     0.3807 1.1615e-01     5.5216      4.598      6.668    13.1985 0.0000e+00
      4.691      0.016     0.0263      0.254    255.847 195.243637    48.8700     1.2871     0.0852     0.3807 1.1607e-01     5.6424      4.601      6.673    13.1931 0.0000e+00
      4.695      0.018     0.0262      0.255    256.800 195.892292    48.8700     1.3138     0.0852     0.3807 1.1615e-01     5.5216      4.605      6.679    13.1877 0.0000e+00
      4.700      0.020     0.0265      0.256    257.795 196.580428    49.5000     1.2375     0.1704     0.4230 1.1612e-01     5.9143      4.610      6.686    13.1798 0.0000e+00
      4.705      0.022     0.0267      0.256    259.080 197.475485    49.5000     1.2719     0.1704     0.4230 1.1602e-01     5.8086      4.615      6.693    13.1685 0.0000e+00
      4.711      0.024     0.0267      0.260    260.574 198.492876    49.5000     1.2604     0.1704     0.4230 1.1612e-01     5.8992      4.621      6.701    13.1537 0.0000e+00
      4.718      0.026     0.0268      0.267    261.905 199.361744    49.5000     1.2261     0.1704     0.4230 1.1600e-01     5.9445      4.627      6.710    13.1385 0.0000e+00
      4.725      0.028     0.0268      0.276    262.778 199.890070    49.5000     1.3100     0.1704     0.4230 1.1605e-01     6.2467      4.634      6.720    13.1248 0.0000e+00
      4.733      0.030     0.0269      0.287    263.176 200.092216    48.2400     1.2986     0.1278     0.5499 1.1605e-01     6.3071      4.641      6.732    13.1086 0.0000e+00
      4.741      0.031     0.0273      0.298    263.272 200.108439    48.2400     1.3024     0.1278     0.5499 1.1605e-01     6.3222      4.649      6.743    13.0854 0.0000e+00
      4.749      0.031     0.0280      0.306    263.194 200.031424    48.2400     1.2947     0.1278     0.5499 1.1600e-01     6.3373      4.657      6.755    13.0575 0.0000e+00
      4.757      0.031     0.0290      0.313    263.036 199.918957    48.2400     1.2947     0.1278     0.5499 1.1600e-01     5.5518      4.665      6.767    13.0314 0.0000e+00
      4.765      0.030     0.0301      0.317    262.897 199.829406    48.6900     1.2871     0.1278     0.4653 1.1605e-01     5.5971      4.673      6.778    13.0121 0.0000e+00
      4.773      0.028     0.0313      0.313    262.749 199.732870    48.6900     1.3138     0.1278     0.4653 1.1602e-01     5.6122      4.681      6.789    13.0012 0.0000e+00
      4.780      0.026     0.0322      0.307    262.603 199.637743    48.6900     1.3062     0.1278     0.4653 1.1612e-01     5.6122      4.688      6.799    12.9978 0.0000e+00
      4.786      0.025     0.0329      0.298    262.632 199.669266    48.6900     1.2795     0.1278     0.4653 1.1597e-01     5.6877      4.694      6.808    12.9991 0.0000e+00
      4.792      0.024     0.0333      0.287    262.857 199.833840    48.4200     1.3062     0.1278     0.4653 1.1612e-01     5.6877      4.700      6.817    13.0021 0.0000e+00
      4.798      0.023     0.0329      0.276    263.117 200.012694    48.4200     1.2986     0.1278     0.4653 1.1617e-01     5.5518      4.705      6.824    13.0052 0.0000e+00
      4.803      0.023     0.0322      0.270    263.326 200.151105    48.4200     1.2871     0.1278     0.4653 1.1595e-01     5.5669      4.710      6.832    13.0081 0.0000e+00
      4.808      0.023     0.0313      0.265    263.470 200.243809    48.4200     1.2909     0.1278     0.4653 1.1605e-01     5.3554      4.716      6.839    13.0100 0.0000e+00
      4.815      0.023     0.0301      0.260    263.509 200.263314    48.4200     1.3024     0.1278     0.4653 1.1600e-01     5.3856      4.722      6.848    13.0088 0.0000e+00
      4.821      0.024     0.0290      0.255    263.432 200.202769    48.4200     1.2795     0.1278     0.3384 1.1602e-01     5.3856      4.728      6.857    13.0052 0.0000e+00
      4.828      0.024     0.0284      0.248    263.306 200.114308    48.4200     1.2986     0.1278     0.3384 1.1615e-01     5.3856      4.734      6.867    13.0013 0.0000e+00
      4.834      0.024     0.0279      0.241    263.192 200.044630    48.4200     1.2795     0.1278     0.3384 1.1612e-01     5.3856      4.740      6.876    12.9982 0.0000e+00
      4.840      0.023     0.0274      0.238    263.095 199.995235    48.4200     1.2871     0.1278     0.3384 1.1605e-01     5.3403      4.746      6.884    12.9963 0.0000e+00
      4.845      0.022     0.0268      0.235    263.031 199.971027    48.3300     1.3024     0.1704     0.3807 1.1595e-01     5.4913      4.752      6.892    12.9958 0.0000e+00
      4.851      0.022     0.0261      0.232    263.070 200.017763    48.3300     1.2871     0.1704     0.3807 1.1620e-01     5.3252      4.757      6.899    12.9972 0.0000e+00
      4.856      0.022     0.0254      0.232    263.313 200.206145    48.3300     1.2184     0.1704     0.3807 1.1610e-01     5.1590      4.762      6.907    13.0005 0.0000e+00
      4.862      0.022     0.0250      0.237    263.786 200.552267    48.3300     1.2566     0.1704     0.3807 1.1610e-01     5.1288      4.768      6.915    13.0052 0.0000e+00
      4.867      0.023     0.0247      0.242    264.472 201.035974    47.9700     1.2413     0.1278     0.5076 1.1623e-01     5.1590      4.773      6.923    13.0098 0.0000e+00
      4.873      0.023     0.0244      0.246    265.370 201.651704    47.9700     1.2337     0.1278     0.5076 1.1638e-01     5.0381      4.779      6.931    13.0130 0.0000e+00
      4.879      0.024     0.0244      0.249    266.384 202.328680    47.9700     1.3596     0.1278     0.5076 1.1607e-01     5.3554      4.784      6.939    13.0138 0.0000e+00
      4.885      0.025     0.0249      0.252    267.335 202.938137    47.9700     1.3520     0.1278     0.5076 1.1610e-01     5.3554      4.791      6.948    13.0113 0.0000e+00
