Data/DataNotYetUploadedToEDI/Raw_CTD/RawDownloads/091624_ccr90_S8188004.cnv
* Sea-Bird SBE19plus  Data File:
* FileName = C:\R\Reservoirs\Data\DataNotYetUploadedToEDI\Raw_CTD\RawDownloads\091624_ccr50_S8188_0004.hex
* Software version 2.8.0.119
* Temperature SN = 8188
* Conductivity SN = 8188
* System UpLoad Time = Sep 16 2024 16:32:33
* <ApplicationData>
* <Seaterm232>
# nquan = 16
# nvalues = 877                         
# units = specified
# name 0 = depFM: Depth [fresh water, m]
# name 1 = dz/dtM: Descent Rate [m/s]
# name 2 = sbeox0Mg/L: Oxygen, SBE 43 [mg/l]
# name 3 = sbeox0PS: Oxygen, SBE 43 [% saturation]
# name 4 = specc: Specific Conductance [uS/cm]
# name 5 = c0uS/cm: Conductivity [uS/cm]
# name 6 = wetCDOM: Fluorescence, WET Labs CDOM [mg/m^3]
# name 7 = flECO-AFL: Fluorescence, WET Labs ECO-AFL/FL [mg/m^3]
# name 8 = flECO-AFL1: Fluorescence, WET Labs ECO-AFL/FL, 2 [mg/m^3]
# name 9 = flECO-AFL2: Fluorescence, WET Labs ECO-AFL/FL, 3 [mg/m^3]
# name 10 = par/sat/log: PAR/Logarithmic, Satlantic
# name 11 = turbWETntu0: Turbidity, WET Labs ECO [NTU]
# name 12 = prdM: Pressure, Strain Gauge [db]
# name 13 = prdE: Pressure, Strain Gauge [psi]
# name 14 = tv290C: Temperature [ITS-90, deg C]
# name 15 = flag:  0.000e+00
# span 0 =     -0.387,      3.108       
# span 1 =     -0.303,      0.199       
# span 2 =     4.5865,    10.3715       
# span 3 =     53.116,    121.665       
# span 4 =   -491.668,    121.018       
# span 5 =-469.254438, 116.870207       
# span 6 =    -4.5000,    16.1100       
# span 7 =    -1.5091,     5.8648       
# span 8 =    -3.5358,     2.0874       
# span 9 =    -2.0304,     3.9339       
# span 10 = 8.5274e+01, 1.4804e+03      
# span 11 =    -9.7208,    25.3714      
# span 12 =     -0.380,      3.048      
# span 13 =     -0.551,      4.420      
# span 14 =    19.2224,    23.3292      
# span 15 = 0.0000e+00, 0.0000e+00      
# interval = seconds: 0.25
# start_time = Sep 16 2024 11:28:02 [Instrument's time stamp, header]
# bad_flag = -9.990e-29
*END*
[from data line 814]
      0.949     -0.136     8.6663    101.264    120.753 116.701431    12.7800     1.5732     0.0852     0.4230 4.4217e+02     2.3039      0.931      1.350    23.3148 0.0000e+00
      0.915     -0.119     8.6595    101.183    120.765 116.713879    12.7800     1.5732     0.0852     0.4230 4.6889e+02     2.2737      0.898      1.302    23.3154 0.0000e+00
      0.887     -0.102     8.6508    101.158    120.770 116.719696    12.7800     1.5808     0.0852     0.4230 4.7422e+02     2.3341      0.870      1.261    23.3160 0.0000e+00
      0.864     -0.086     8.6407    101.208    120.762 116.712434    12.7800     1.5313     0.0426     0.5076 5.4474e+02     2.3190      0.847      1.228    23.3164 0.0000e+00
      0.845     -0.071     8.6315    101.296    120.748 116.700155    12.7800     1.5046     0.0426     0.5076 4.5901e+02     2.3794      0.829      1.202    23.3168 0.0000e+00
      0.831     -0.058     8.6245    101.367    120.736 116.689586    12.7800     1.5236     0.0426     0.5076 3.9820e+02     2.2737      0.815      1.182    23.3171 0.0000e+00
      0.819     -0.047     8.6223    101.410    120.727 116.681908    12.7800     1.5198     0.0426     0.5076 5.4723e+02     2.3039      0.803      1.165    23.3175 0.0000e+00
      0.809     -0.038     8.6266    101.451    120.727 116.683073    12.7800     1.5007     0.0852     0.4653 4.7514e+02     2.2888      0.793      1.150    23.3178 0.0000e+00
      0.800     -0.030     8.6340    101.505    120.729 116.687393    12.7800     1.5084     0.0852     0.4653 4.8379e+02     2.3492      0.784      1.137    23.3182 0.0000e+00
      0.793     -0.023     8.6399    101.559    120.726 116.686020    12.7800     1.5122     0.0852     0.4653 4.5672e+02     2.3190      0.777      1.128    23.3186 0.0000e+00
      0.788     -0.016     8.6435    101.591    120.716 116.678586    12.7800     1.4969     0.0852     0.4653 5.0748e+02     2.3341      0.773      1.121    23.3191 0.0000e+00
      0.785     -0.010     8.6470    101.604    120.698 116.663111    12.7800     1.5007     0.0852     0.4653 6.1309e+02     2.3190      0.770      1.117    23.3197 0.0000e+00
      0.784     -0.005     8.6514    101.623    120.682 116.649468    12.7800     1.4893     0.0852     0.5076 5.4509e+02     2.3039      0.769      1.115    23.3205 0.0000e+00
      0.784     -0.001     8.6559    101.649    120.687 116.656018    12.7800     1.5084     0.0852     0.5076 4.4865e+02     2.3190      0.769      1.115    23.3214 0.0000e+00
      0.785      0.002     8.6584    101.663    120.713 116.682508    12.7800     1.5084     0.0852     0.5076 4.9399e+02     2.3794      0.770      1.116    23.3222 0.0000e+00
      0.787      0.004     8.6594    101.653    120.738 116.708001    12.7800     1.4626     0.0852     0.5076 4.2669e+02     2.3039      0.772      1.119    23.3230 0.0000e+00
      0.788      0.004     8.6609    101.622    120.753 116.723297    12.8700     1.4168     0.0426     0.3384 4.7898e+02     2.3341      0.773      1.121    23.3237 0.0000e+00
      0.790      0.003     8.6631    101.590    120.759 116.730475    12.8700     1.4550     0.0426     0.3384 4.3682e+02     2.3945      0.774      1.123    23.3244 0.0000e+00
      0.790      0.001     8.6642    101.568    120.755 116.727448    12.8700     1.4359     0.0426     0.3384 4.4178e+02     2.3945      0.775      1.124    23.3250 0.0000e+00
      0.790     -0.000     8.6633    101.539    120.758 116.731409    12.8700     1.5007     0.0426     0.3384 4.8516e+02     2.3190      0.775      1.124    23.3255 0.0000e+00
      0.789     -0.001     8.6605    101.473    120.778 116.751415    12.7800     1.5084     0.1278     0.3807 5.0572e+02     2.3643      0.774      1.122    23.3259 0.0000e+00
      0.788     -0.002     8.6578    101.355    120.790 116.764800    12.7800     1.5007     0.1278     0.3807 5.2270e+02     2.3643      0.773      1.121    23.3262 0.0000e+00
      0.788     -0.003     8.6558    101.230    120.789 116.765135    12.7800     1.4931     0.1278     0.3807 4.2734e+02     2.4096      0.773      1.121    23.3266 0.0000e+00
      0.788     -0.004     8.6533    101.157    120.784 116.760508    12.7800     1.5923     0.1278     0.3807 4.1453e+02     2.1528      0.773      1.121    23.3271 0.0000e+00
      0.788     -0.007     8.6476    101.146    120.765 116.741685    12.7800     1.5999     0.0852     0.4230 5.1548e+02     2.1679      0.772      1.120    23.3277 0.0000e+00
      0.787     -0.010     8.6374    101.189    120.745 116.721648    12.7800     1.5580     0.0852     0.4230 4.2419e+02     2.1377      0.771      1.119    23.3283 0.0000e+00
      0.784     -0.013     8.6267    101.277    120.760 116.735053    12.7800     1.5656     0.0852     0.4230 4.3682e+02     2.1075      0.768      1.115    23.3287 0.0000e+00
      0.780     -0.017     8.6204    101.382    120.805 116.777474    12.7800     1.5656     0.0852     0.4230 4.6767e+02     2.4852      0.764      1.109    23.3288 0.0000e+00
      0.774     -0.021     8.6195    101.487    120.845 116.816223    12.7800     1.5923     0.0852     0.4230 4.4651e+02     2.3945      0.759      1.101    23.3287 0.0000e+00
      0.768     -0.025     8.6232    101.578    120.848 116.819634    12.6900     1.5808     0.0852     0.4230 3.9985e+02     2.2435      0.753      1.092    23.3283 0.0000e+00
      0.761     -0.030     8.6308    101.632    120.811 116.784617    12.6900     1.5732     0.0852     0.4230 4.6352e+02     2.3039      0.747      1.083    23.3279 0.0000e+00
      0.754     -0.038     8.6398    101.646    120.781 116.755832    12.6900     1.5770     0.0852     0.4230 4.4016e+02     2.3643      0.740      1.073    23.3275 0.0000e+00
      0.746     -0.049     8.6488    101.635    120.785 116.759605    12.6900     1.5503     0.0852     0.4230 4.2780e+02     2.3190      0.732      1.061    23.3275 0.0000e+00
      0.735     -0.066     8.6565    101.603    120.797 116.770942    12.7800     1.5618     0.0852     0.4230 4.1166e+02     2.4549      0.721      1.046    23.3276 0.0000e+00
      0.719     -0.087     8.6610    101.540    120.795 116.766865    12.7800     1.5732     0.0852     0.4230 3.8418e+02     2.4247      0.705      1.023    23.3279 0.0000e+00
      0.696     -0.113     8.6622    101.447    120.775 116.746289    12.7800     1.5465     0.0852     0.4230 4.6101e+02     2.1830      0.683      0.990    23.3281 0.0000e+00
      0.665     -0.143     8.6613    101.335    120.751 116.721725    12.7800     1.5808     0.0852     0.4230 4.3276e+02     2.2132      0.652      0.946    23.3280 0.0000e+00
      0.626     -0.177     8.6586    101.237    120.731 116.700625    12.6900     1.5732     0.0852     0.3807 3.9279e+02     2.2132      0.613      0.890    23.3277 0.0000e+00
      0.577     -0.211     8.6533    101.186    120.701 116.671360    12.6900     1.5427     0.0852     0.3807 4.8327e+02     2.1679      0.566      0.821    23.3271 0.0000e+00
      0.519     -0.243     8.6455    101.185    120.666 116.638128    12.6900     1.3710     0.0852     0.3807 4.0881e+02     2.3492      0.509      0.738    23.3265 0.0000e+00
      0.450     -0.271     8.6361    101.209    120.651 116.624068    12.6900     1.3863     0.0852     0.3807 4.0141e+02     2.3794      0.441      0.640    23.3258 0.0000e+00
      0.373     -0.291     8.6278    101.200    120.654 116.627430    12.6900     1.3710     0.0852     0.3807 4.7587e+02     2.3945      0.366      0.530    23.3254 0.0000e+00
      0.291     -0.303     8.6235    101.095    120.651 116.625112    12.6900     1.3596     0.0852     0.3807 6.0187e+02     2.3643      0.285      0.414    23.3252 0.0000e+00
      0.207     -0.303     8.6234    100.828    120.622 116.598495    12.6900     1.0773     0.0852     0.3807 8.1234e+02     2.2888      0.203      0.295    23.3253 0.0000e+00
      0.125     -0.293     8.6254    100.308    120.559 116.538481    12.6900     1.0659     0.0852     0.3807 8.5787e+02     2.2737      0.123      0.178    23.3256 0.0000e+00
      0.048     -0.275     8.6245     99.440    120.454 116.437068    12.6900     1.0582     0.0852     0.3807 7.7627e+02     2.3643      0.047      0.068    23.3259 0.0000e+00
     -0.021     -0.252     8.6156     98.221    120.272 116.261211    16.1100     1.1002     0.0852     0.5499 6.9908e+02     2.3643     -0.021     -0.031    23.3261 0.0000e+00
     -0.081     -0.226     8.5928     96.808    119.949 115.950016    16.1100     0.8446     0.0852     0.5499 9.6154e+02     2.1377     -0.080     -0.116    23.3264 0.0000e+00
     -0.132     -0.201     8.5484     95.466    119.389 115.408498    16.1100     0.8179     0.0852     0.5499 9.3374e+02     2.1679     -0.130     -0.188    23.3267 0.0000e+00
     -0.177     -0.177     8.4744     94.439    118.412 114.464251    16.1100     0.8179     0.0852     0.5499 9.1805e+02     2.2586     -0.173     -0.251    23.3270 0.0000e+00
     -0.217     -0.155     8.3705     93.851    116.721 112.829476     4.6800     0.8522    -3.5358    -1.9881 6.7828e+02     2.0924     -0.213     -0.308    23.3271 0.0000e+00
     -0.254     -0.136     8.2501     93.705    113.851 110.056233     4.6800     0.5242    -3.5358    -1.9881 7.8834e+02    -6.3823     -0.249     -0.361    23.3272 0.0000e+00
     -0.285     -0.118     8.1357     93.956    109.051 105.416991     4.6800    -1.4671    -3.5358    -1.9881 5.9731e+02    -6.4730     -0.280     -0.406    23.3274 0.0000e+00
     -0.311     -0.102     8.0481     94.518    101.046  97.678619     4.6800    -1.5053    -3.5358    -1.9881 3.8888e+02    -6.4125     -0.305     -0.442    23.3275 0.0000e+00
     -0.331     -0.087     7.9981     95.239     87.696  84.773550     0.0000    -1.5091     2.0874     2.0304 3.3890e+02    -6.2917     -0.324     -0.470    23.3277 0.0000e+00
     -0.346     -0.074     7.9857     95.949     70.177  67.838815     0.0000    -1.5053     2.0874     2.0304 2.9184e+02    -6.3068     -0.339     -0.492    23.3279 0.0000e+00
     -0.357     -0.065     8.0071     96.515     54.708  52.885939     0.0000    -0.2426     2.0874     2.0304 2.6604e+02    -0.9440     -0.351     -0.509    23.3281 0.0000e+00
     -0.366     -0.059     8.0551     96.864     45.283  43.774877     0.0000    -0.2579     2.0874     2.0304 2.5175e+02    -0.9893     -0.359     -0.521    23.3283 0.0000e+00
     -0.373     -0.057     8.1168     96.979     42.153  40.748716     0.0000    -0.2388     2.0874     2.0304 2.3029e+02    -1.0044     -0.366     -0.531    23.3285 0.0000e+00
     -0.378 -9.990e-29     8.1777 -9.990e-29 -9.990e-29 -9.990e-29     0.0000 -9.990e-29     0.0426     0.5499 2.2238e+02 -9.990e-29     -0.370     -0.537    23.3287 0.0000e+00
     -0.381 -9.990e-29     8.2262 -9.990e-29 -9.990e-29 -9.990e-29     0.0000 -9.990e-29     0.0426     0.5499 2.3070e+02 -9.990e-29     -0.373     -0.542    23.3289 0.0000e+00
     -0.382 -9.990e-29     8.2561 -9.990e-29 -9.990e-29 -9.990e-29     0.0000 -9.990e-29     0.0426     0.5499 2.1098e+02 -9.990e-29     -0.375     -0.544    23.3291 0.0000e+00
     -0.383 -9.990e-29     8.2660 -9.990e-29 -9.990e-29 -9.990e-29     0.0000 -9.990e-29     0.0426     0.5499 2.0843e+02 -9.990e-29     -0.376     -0.545    23.3292 0.0000e+00
