Data/DataNotYetUploadedToEDI/Raw_CTD/RawDownloads/091625_ccr50_S8188002.cnv
* Sea-Bird SBE19plus  Data File:
* FileName = C:\R\Reservoirs\Data\DataNotYetUploadedToEDI\Raw_CTD\RawDownloads\091525_bvr50_S8188_0002.hex
* Software version 2.8.0.119
* Temperature SN = 8188
* Conductivity SN = 8188
* System UpLoad Time = Sep 16 2025 17:13:51
* <ApplicationData>
* <Seaterm232>
# nquan = 16
# nvalues = 5392                        
# units = specified
# name 0 = depFM: Depth [fresh water, m]
# name 1 = dz/dtM: Descent Rate [m/s]
# name 2 = sbeox0Mg/L: Oxygen, SBE 43 [mg/l]
# name 3 = sbeox0PS: Oxygen, SBE 43 [% saturation]
# name 4 = specc: Specific Conductance [uS/cm]
# name 5 = c0uS/cm: Conductivity [uS/cm]
# name 6 = wetCDOM: Fluorescence, WET Labs CDOM [mg/m^3]
# name 7 = flECO-AFL: Fluorescence, WET Labs ECO-AFL/FL [mg/m^3]
# name 8 = flECO-AFL1: Fluorescence, WET Labs ECO-AFL/FL, 2 [mg/m^3]
# name 9 = flECO-AFL2: Fluorescence, WET Labs ECO-AFL/FL, 3 [mg/m^3]
# name 10 = par/sat/log: PAR/Logarithmic, Satlantic
# name 11 = turbWETntu0: Turbidity, WET Labs ECO [NTU]
# name 12 = prdM: Pressure, Strain Gauge [db]
# name 13 = prdE: Pressure, Strain Gauge [psi]
# name 14 = tv290C: Temperature [ITS-90, deg C]
# name 15 = flag:  0.000e+00
# span 0 =     -0.426,     21.227       
# span 1 =     -0.304,      0.178       
# span 2 =    -0.1258,     9.4918       
# span 3 =     -1.167,    112.115       
# span 4 =   -642.430,    329.842       
# span 5 =-485.845311, 231.622371       
# span 6 =    -4.5000,   367.2000       
# span 7 =    -0.3227,    17.8622       
# span 8 =    -2.1300,    40.6404       
# span 9 =    -2.0304,     8.3754       
# span 10 = 1.1585e-01, 8.6593e+02      
# span 11 =    -1.1102,   971.1247      
# span 12 =     -0.418,     20.816      
# span 13 =     -0.606,     30.191      
# span 14 =    10.0871,    23.6954      
# span 15 = 0.0000e+00, 0.0000e+00      
# interval = seconds: 0.25
# start_time = Sep 16 2025 10:17:40 [Instrument's time stamp, header]
# bad_flag = -9.990e-29
*END*
[from data line 1356]
      1.199      0.052     7.8999     93.243    101.886  99.182578    11.9700     1.0620     0.0426     0.2961 1.4281e+02     0.3098      1.176      1.705    23.6686 0.0000e+00
      1.212      0.052     7.9014     93.162    101.898  99.194293    11.9700     1.0659     0.0426     0.2961 1.4225e+02     0.3249      1.189      1.724    23.6683 0.0000e+00
      1.226      0.052     7.9017     93.083    101.914  99.209504    11.9700     1.0887     0.0426     0.2961 1.4081e+02     0.1890      1.202      1.744    23.6681 0.0000e+00
      1.239      0.051     7.9002     93.034    101.904  99.200295    11.8800     1.0659     0.0852     0.3807 1.3998e+02     0.0077      1.215      1.763    23.6679 0.0000e+00
      1.252      0.050     7.8958     93.016    101.880  99.176200    11.8800     1.0926     0.0852     0.3807 1.3877e+02     0.0530      1.228      1.782    23.6677 0.0000e+00
      1.265      0.049     7.8890     93.023    101.837  99.134790    11.8800     1.0811     0.0852     0.3807 1.3862e+02     0.0228      1.241      1.800    23.6676 0.0000e+00
      1.277      0.048     7.8824     93.043    101.769  99.069019    11.8800     1.0773     0.0852     0.3807 1.3932e+02     0.0681      1.252      1.817    23.6675 0.0000e+00
      1.289      0.048     7.8782     93.077    101.696  98.997317    11.9700     1.0735     0.0426     0.3807 1.3892e+02     0.2192      1.264      1.833    23.6674 0.0000e+00
      1.301      0.048     7.8767     93.127    101.656  98.958513    11.9700     1.0773     0.0426     0.3807 1.3847e+02     0.1890      1.276      1.850    23.6674 0.0000e+00
      1.313      0.048     7.8773     93.171    101.670  98.972233    11.9700     1.0620     0.0426     0.3807 1.3811e+02     0.1739      1.288      1.868    23.6674 0.0000e+00
      1.326      0.048     7.8789     93.184    101.716  99.016158    11.9700     1.0620     0.0426     0.3807 1.3724e+02     0.2192      1.300      1.886    23.6674 0.0000e+00
      1.339      0.047     7.8818     93.157    101.765  99.064035    11.8800     1.0506     0.0426     0.4230 1.3444e+02     0.0379      1.313      1.905    23.6674 0.0000e+00
      1.352      0.045     7.8860     93.109    101.811  99.108649    11.8800     1.0659     0.0426     0.4230 1.3508e+02     0.0228      1.326      1.923    23.6674 0.0000e+00
      1.363      0.042     7.8898     93.082    101.870  99.165892    11.8800     1.0735     0.0426     0.4230 1.3514e+02    -0.0074      1.337      1.939    23.6674 0.0000e+00
      1.374      0.038     7.8909     93.099    101.927  99.221056    11.8800     1.0773     0.0426     0.4230 1.3362e+02    -0.0225      1.347      1.954    23.6673 0.0000e+00
      1.383      0.034     7.8886     93.142    101.954  99.246887    11.8800     1.0811     0.0426     0.4230 1.3380e+02     0.0077      1.356      1.966    23.6673 0.0000e+00
      1.390      0.030     7.8845     93.198    101.964  99.256268    11.9700     1.0697     0.0426     0.3384 1.3296e+02     0.0077      1.364      1.978    23.6672 0.0000e+00
      1.397      0.026     7.8823     93.264    101.962  99.253699    11.9700     1.0659     0.0426     0.3384 1.3273e+02    -0.0225      1.370      1.987    23.6671 0.0000e+00
      1.404      0.023     7.8838     93.321    101.947  99.238494    11.9700     1.0659     0.0426     0.3384 1.3330e+02    -0.0980      1.376      1.996    23.6669 0.0000e+00
      1.409      0.020     7.8874     93.355    101.928  99.218589    11.9700     1.0506     0.0426     0.3384 1.3204e+02     0.1437      1.381      2.003    23.6667 0.0000e+00
      1.414      0.017     7.8922     93.378    101.902  99.192674    11.8800     1.0887     0.0852     0.4230 1.3155e+02    -0.0527      1.386      2.010    23.6665 0.0000e+00
      1.418      0.015     7.8979     93.397    101.875  99.165825    11.8800     1.0849     0.0852     0.4230 1.3161e+02    -0.0225      1.390      2.016    23.6662 0.0000e+00
      1.421      0.013     7.9027     93.409    101.868  99.158861    11.8800     1.0811     0.0852     0.4230 1.3161e+02     0.1286      1.393      2.021    23.6658 0.0000e+00
      1.424      0.012     7.9057     93.414    101.887  99.177916    11.8800     1.0544     0.0852     0.4230 1.3204e+02     0.2343      1.396      2.025    23.6654 0.0000e+00
      1.426      0.011     7.9077     93.414    101.910  99.200097    11.9700     1.0887     0.0426     0.3384 1.3221e+02     0.2645      1.399      2.028    23.6651 0.0000e+00
      1.429      0.011     7.9093     93.414    101.918  99.207338    11.9700     1.0811     0.0426     0.3384 1.3221e+02     0.2494      1.401      2.032    23.6649 0.0000e+00
      1.432      0.010     7.9103     93.412    101.908  99.197575    11.9700     1.0659     0.0426     0.3384 1.3235e+02     0.2343      1.404      2.036    23.6648 0.0000e+00
      1.434      0.010     7.9107     93.391    101.886  99.176196    11.9700     1.0849     0.0426     0.3384 1.3201e+02    -0.0829      1.407      2.040    23.6647 0.0000e+00
      1.437      0.010     7.9107     93.337    101.867  99.157483    11.8800     1.0735     0.0426     0.3807 1.3247e+02    -0.0980      1.409      2.044    23.6647 0.0000e+00
      1.439      0.010     7.9108     93.243    101.850  99.140443    11.8800     1.1002     0.0426     0.3807 1.3284e+02     0.0077      1.412      2.047    23.6646 0.0000e+00
      1.442      0.011     7.9107     93.123    101.840  99.130522    11.8800     1.0620     0.0426     0.3807 1.3278e+02    -0.0074      1.414      2.051    23.6645 0.0000e+00
      1.444      0.012     7.9089     93.001    101.841  99.131071    11.8800     1.0849     0.0426     0.3807 1.3241e+02    -0.0678      1.417      2.054    23.6645 0.0000e+00
      1.447      0.013     7.9043     92.890    101.823  99.112261    11.8800     1.0620     0.0426     0.3807 1.3235e+02    -0.0074      1.420      2.059    23.6644 0.0000e+00
      1.451      0.016     7.8964     92.797    101.798  99.087062    11.9700     1.0659     0.0426     0.4230 1.3224e+02    -0.0074      1.423      2.063    23.6643 0.0000e+00
      1.455      0.018     7.8862     92.731    101.802  99.088718    11.9700     1.0506     0.0426     0.4230 1.3198e+02    -0.0829      1.427      2.069    23.6641 0.0000e+00
      1.460      0.021     7.8759     92.706    101.821  99.105681    11.9700     1.0926     0.0426     0.4230 1.3146e+02    -0.0074      1.431      2.076    23.6638 0.0000e+00
      1.465      0.023     7.8666     92.723    101.835  99.118496    11.9700     1.0620     0.0426     0.4230 1.3081e+02    -0.0829      1.437      2.084    23.6633 0.0000e+00
      1.472      0.025     7.8588     92.771    101.836  99.118590    11.8800     1.0773     0.0426     0.2961 1.2990e+02     0.0077      1.444      2.094    23.6626 0.0000e+00
      1.479      0.026     7.8534     92.838    101.828  99.109984    11.8800     1.0811     0.0426     0.2961 1.3030e+02     0.0228      1.451      2.104    23.6619 0.0000e+00
      1.486      0.027     7.8513     92.922    101.824  99.106371    11.8800     1.0697     0.0426     0.2961 1.2984e+02    -0.0678      1.458      2.114    23.6612 0.0000e+00
      1.494      0.028     7.8529     93.020    101.825  99.106786    11.8800     1.0430     0.0426     0.2961 1.2965e+02    -0.0829      1.465      2.124    23.6606 0.0000e+00
      1.501      0.027     7.8570     93.120    101.809  99.091357    11.8800     1.0964     0.0852     0.2961 1.2968e+02    -0.0376      1.472      2.135    23.6602 0.0000e+00
      1.508      0.027     7.8627     93.196    101.783  99.065961    11.8800     1.0582     0.0852     0.2961 1.2855e+02    -0.0225      1.479      2.145    23.6599 0.0000e+00
      1.515      0.026     7.8698     93.241    101.771  99.053801    11.8800     1.0849     0.0852     0.2961 1.2833e+02    -0.0527      1.486      2.155    23.6597 0.0000e+00
      1.521      0.025     7.8782     93.258    101.775  99.057628    11.8800     1.1498     0.0852     0.2961 1.2937e+02    -0.0829      1.492      2.164    23.6595 0.0000e+00
      1.527      0.024     7.8866     93.250    101.790  99.072468    11.8800     1.1421     0.0852     0.2961 1.2914e+02     0.0228      1.498      2.173    23.6594 0.0000e+00
      1.533      0.023     7.8931     93.219    101.805  99.086291    11.8800     1.1231     0.0852     0.3807 1.2819e+02    -0.0376      1.504      2.181    23.6593 0.0000e+00
      1.539      0.022     7.8969     93.161    101.809  99.090795    11.8800     1.1078     0.0852     0.3807 1.2855e+02    -0.0376      1.509      2.189    23.6593 0.0000e+00
      1.544      0.021     7.8983     93.075    101.805  99.087181    11.8800     1.1421     0.0852     0.3807 1.2836e+02    -0.0376      1.514      2.196    23.6592 0.0000e+00
      1.549      0.020     7.8977     92.977    101.800  99.082479    11.8800     1.1307     0.0852     0.3807 1.2813e+02     0.0077      1.519      2.204    23.6592 0.0000e+00
      1.554      0.020     7.8950     92.899    101.809  99.091420    11.9700     1.1231     0.0426     0.3807 1.2833e+02     0.0832      1.524      2.211    23.6592 0.0000e+00
      1.559      0.019     7.8901     92.857    101.831  99.112391    11.9700     1.1421     0.0426     0.3807 1.2747e+02    -0.0980      1.529      2.218    23.6593 0.0000e+00
      1.564      0.019     7.8829     92.841    101.838  99.119014    11.9700     1.1231     0.0426     0.3807 1.2725e+02     0.0228      1.534      2.225    23.6593 0.0000e+00
      1.569      0.019     7.8745     92.844    101.824  99.105060    11.9700     1.1154     0.0426     0.3807 1.2719e+02    -0.0225      1.539      2.232    23.6593 0.0000e+00
      1.574      0.019     7.8679     92.868    101.818  99.098782    11.9700     1.1727     0.0426     0.3384 1.2725e+02     0.0077      1.544      2.239    23.6593 0.0000e+00
      1.579      0.020     7.8644     92.906    101.830  99.110495    11.9700     1.1231     0.0426     0.3384 1.2725e+02    -0.0376      1.548      2.245    23.6593 0.0000e+00
      1.583      0.021     7.8630     92.948    101.840  99.119343    11.9700     1.0697     0.0426     0.3384 1.2730e+02     0.2192      1.553      2.252    23.6593 0.0000e+00
      1.588      0.022     7.8633     92.984    101.841  99.119692    11.9700     1.0468     0.0426     0.3384 1.2741e+02     0.3098      1.558      2.259    23.6592 0.0000e+00
      1.594      0.023     7.8653     93.013    101.845  99.123625    11.8800     1.1078     0.1278     0.3384 1.2670e+02     0.2494      1.564      2.268    23.6591 0.0000e+00
      1.601      0.023     7.8686     93.021    101.854  99.132190    11.8800     1.0659     0.1278     0.3384 1.2598e+02     0.1739      1.570      2.277    23.6590 0.0000e+00
      1.608      0.023     7.8722     92.996    101.844  99.121694    11.8800     1.1460     0.1278     0.3384 1.2582e+02    -0.0527      1.577      2.287    23.6587 0.0000e+00
      1.614      0.023     7.8752     92.950    101.806  99.085342    11.8800     1.1498     0.1278     0.3384 1.2576e+02     0.0228      1.583      2.296    23.6584 0.0000e+00
      1.619      0.023     7.8777     92.894    101.786  99.065394    11.8800     1.1154     0.1278     0.3384 1.2598e+02    -0.0376      1.588      2.304    23.6581 0.0000e+00
      1.625      0.022     7.8785     92.841    101.785  99.064524    11.9700     1.1078     0.0426     0.3807 1.2637e+02    -0.0829      1.594      2.311    23.6579 0.0000e+00
      1.630      0.022     7.8764     92.815    101.778  99.056523    11.9700     1.1536     0.0426     0.3807 1.2661e+02     0.0228      1.598      2.318    23.6578 0.0000e+00
      1.635      0.022     7.8725     92.826    101.781  99.059240    11.9700     1.1536     0.0426     0.3807 1.2590e+02    -0.0376      1.604      2.325    23.6578 0.0000e+00
      1.640      0.022     7.8678     92.860    101.788  99.065406    11.9700     1.1154     0.0426     0.3807 1.2554e+02     0.0228      1.609      2.334    23.6577 0.0000e+00
      1.646      0.023     7.8633     92.900    101.782  99.058681    11.9700     1.1307     0.0426     0.2961 1.2505e+02    -0.0678      1.615      2.342    23.6576 0.0000e+00
      1.653      0.023     7.8611     92.936    101.783  99.059253    11.9700     1.1345     0.0426     0.2961 1.2462e+02     0.2494      1.621      2.351    23.6574 0.0000e+00
      1.659      0.022     7.8621     92.968    101.790  99.065275    11.9700     1.1154     0.0426     0.2961 1.2448e+02     0.2947      1.627      2.359    23.6571 0.0000e+00
      1.664      0.021     7.8650     92.997    101.794  99.068362    11.9700     1.1231     0.0426     0.2961 1.2462e+02     0.1588      1.632      2.367    23.6568 0.0000e+00
      1.669      0.020     7.8684     93.022    101.809  99.083326    11.9700     1.1231     0.0852     0.2961 1.2413e+02     0.2192      1.637      2.374    23.6565 0.0000e+00
      1.674      0.019     7.8716     93.042    101.851  99.124148    11.9700     1.1498     0.0852     0.2961 1.2403e+02    -0.0225      1.642      2.381    23.6563 0.0000e+00
      1.679      0.019     7.8743     93.062    101.909  99.179732    11.9700     1.1040     0.0852     0.2961 1.2384e+02     0.0077      1.646      2.388    23.6560 0.0000e+00
      1.683      0.019     7.8767     93.099    101.957  99.226935    11.9700     1.1345     0.0852     0.2961 1.2373e+02    -0.0376      1.651      2.394    23.6558 0.0000e+00
      1.688      0.019     7.8790     93.147    101.990  99.258361    11.9700     1.1231     0.0426     0.2961 1.2378e+02     0.0228      1.655      2.401    23.6556 0.0000e+00
      1.693      0.020     7.8807     93.178    101.975  99.244421    11.9700     1.1498     0.0426     0.2961 1.2322e+02     0.2947      1.660      2.408    23.6555 0.0000e+00
      1.698      0.020     7.8824     93.175    101.896  99.167411    11.9700     1.1231     0.0426     0.2961 1.2325e+02     0.2192      1.665      2.415    23.6555 0.0000e+00
      1.703      0.020     7.8855     93.147    101.816  99.088723    11.9700     1.1460     0.0426     0.2961 1.2295e+02     0.3249      1.671      2.423    23.6554 0.0000e+00
      1.708      0.019     7.8895     93.117    101.779  99.053318    11.9700     1.1421     0.0426     0.2961 1.2263e+02     0.2192      1.676      2.430    23.6554 0.0000e+00
      1.713      0.019     7.8922     93.102    101.778  99.051755    11.8800     1.1269     0.0426     0.3384 1.2247e+02    -0.0376      1.681      2.437    23.6553 0.0000e+00
      1.718      0.018     7.8919     93.106    101.798  99.071629    11.8800     1.1498     0.0426     0.3384 1.2247e+02    -0.0376      1.685      2.444    23.6553 0.0000e+00
      1.722      0.017     7.8896     93.109    101.833  99.106248    11.8800     1.1078     0.0426     0.3384 1.2258e+02    -0.0376      1.689      2.450    23.6552 0.0000e+00
      1.726      0.016     7.8871     93.102    101.865  99.136868    11.8800     1.1231     0.0426     0.3384 1.2274e+02     0.0228      1.693      2.456    23.6552 0.0000e+00
      1.730      0.015     7.8858     93.082    101.871  99.143680    11.8800     1.1231     0.0852     0.4230 1.2247e+02     0.0077      1.697      2.461    23.6552 0.0000e+00
      1.734      0.015     7.8861     93.055    101.872  99.144485    11.8800     1.1650     0.0852     0.4230 1.2194e+02    -0.0225      1.701      2.467    23.6553 0.0000e+00
      1.738      0.014     7.8863     93.040    101.888  99.159482    11.8800     1.1421     0.0852     0.4230 1.2170e+02    -0.0225      1.705      2.472    23.6553 0.0000e+00
      1.742      0.014     7.8857     93.039    101.905  99.176683    11.8800     1.1269     0.0852     0.4230 1.2184e+02     0.0379      1.708      2.477    23.6554 0.0000e+00
      1.745      0.014     7.8840     93.044    101.901  99.172700    11.9700     1.1650     0.0852     0.2961 1.2168e+02    -0.0678      1.711      2.482    23.6554 0.0000e+00
      1.748      0.014     7.8817     93.067    101.890  99.162457    11.9700     1.1154     0.0852     0.2961 1.2194e+02    -0.1283      1.715      2.487    23.6555 0.0000e+00
