Data/DataNotYetUploadedToEDI/Raw_CTD/RawDownloads/091624_ccr90_S8188004.cnv
* Sea-Bird SBE19plus  Data File:
* FileName = C:\R\Reservoirs\Data\DataNotYetUploadedToEDI\Raw_CTD\RawDownloads\091624_ccr50_S8188_0004.hex
* Software version 2.8.0.119
* Temperature SN = 8188
* Conductivity SN = 8188
* System UpLoad Time = Sep 16 2024 16:32:33
* <ApplicationData>
* <Seaterm232>
# nquan = 16
# nvalues = 877                         
# units = specified
# name 0 = depFM: Depth [fresh water, m]
# name 1 = dz/dtM: Descent Rate [m/s]
# name 2 = sbeox0Mg/L: Oxygen, SBE 43 [mg/l]
# name 3 = sbeox0PS: Oxygen, SBE 43 [% saturation]
# name 4 = specc: Specific Conductance [uS/cm]
# name 5 = c0uS/cm: Conductivity [uS/cm]
# name 6 = wetCDOM: Fluorescence, WET Labs CDOM [mg/m^3]
# name 7 = flECO-AFL: Fluorescence, WET Labs ECO-AFL/FL [mg/m^3]
# name 8 = flECO-AFL1: Fluorescence, WET Labs ECO-AFL/FL, 2 [mg/m^3]
# name 9 = flECO-AFL2: Fluorescence, WET Labs ECO-AFL/FL, 3 [mg/m^3]
# name 10 = par/sat/log: PAR/Logarithmic, Satlantic
# name 11 = turbWETntu0: Turbidity, WET Labs ECO [NTU]
# name 12 = prdM: Pressure, Strain Gauge [db]
# name 13 = prdE: Pressure, Strain Gauge [psi]
# name 14 = tv290C: Temperature [ITS-90, deg C]
# name 15 = flag:  0.000e+00
# span 0 =     -0.387,      3.108       
# span 1 =     -0.303,      0.199       
# span 2 =     4.5865,    10.3715       
# span 3 =     53.116,    121.665       
# span 4 =   -491.668,    121.018       
# span 5 =-469.254438, 116.870207       
# span 6 =    -4.5000,    16.1100       
# span 7 =    -1.5091,     5.8648       
# span 8 =    -3.5358,     2.0874       
# span 9 =    -2.0304,     3.9339       
# span 10 = 8.5274e+01, 1.4804e+03      
# span 11 =    -9.7208,    25.3714      
# span 12 =     -0.380,      3.048      
# span 13 =     -0.551,      4.420      
# span 14 =    19.2224,    23.3292      
# span 15 = 0.0000e+00, 0.0000e+00      
# interval = seconds: 0.25
# start_time = Sep 16 2024 11:28:02 [Instrument's time stamp, header]
# bad_flag = -9.990e-29
*END*
[from data line 91]
      0.548     -0.008     6.8303     77.323    119.654 114.898653    12.7800     1.3138     0.0852     0.4230 5.5525e+02     2.3643      0.538      0.780    23.0605 0.0000e+00
      0.546     -0.008     6.8117     76.318    119.650 114.878983    12.7800     1.3710     0.0852     0.4230 6.1737e+02     2.2586      0.536      0.777    23.0454 0.0000e+00
      0.545     -0.008     6.7695     75.344    119.660 114.879320    12.7800     1.3863     0.0852     0.4653 5.6893e+02     2.3794      0.534      0.775    23.0300 0.0000e+00
      0.543     -0.008     6.7070     74.515    119.670 114.887755    12.7800     1.3939     0.0852     0.4653 5.3640e+02     2.3039      0.532      0.772    23.0170 0.0000e+00
      0.540     -0.007     6.6295     73.876    119.664 114.884538    12.7800     1.3901     0.0852     0.4653 6.1656e+02     2.2283      0.530      0.768    23.0072 0.0000e+00
      0.538     -0.006     6.5441     73.391    119.632 114.856813    12.7800     1.4511     0.0852     0.4653 5.4414e+02     2.2132      0.527      0.765    23.0006 0.0000e+00
      0.536     -0.005     6.4611     72.979    119.586 114.813188    12.7800     1.4206     0.0852     0.4653 5.5393e+02     2.3039      0.526      0.762    22.9971 0.0000e+00
      0.535     -0.003     6.3901     72.554    119.545 114.770025    12.6000     1.4473     0.0426     0.3807 6.4661e+02     2.4247      0.524      0.761    22.9963 0.0000e+00
      0.535     -0.001     6.3352     72.053    119.511 114.729813    12.6000     1.4817     0.0426     0.3807 5.8816e+02     2.2586      0.524      0.760    22.9973 0.0000e+00
      0.535      0.001     6.2935     71.453    119.488 114.693828    12.6000     1.3977     0.0426     0.3807 6.1549e+02     2.2737      0.524      0.761    22.9988 0.0000e+00
      0.535      0.002     6.2581     70.767    119.478 114.664473    12.6000     1.3710     0.0426     0.3807 5.6646e+02     2.3190      0.525      0.761    22.9990 0.0000e+00
      0.536      0.003     6.2218     70.026    119.470 114.633917    12.7800     1.3977     0.0852     0.3807 5.5586e+02     2.3190      0.525      0.762    22.9974 0.0000e+00
      0.537      0.004     6.1792     69.267    119.453 114.594012    12.7800     1.3863     0.0852     0.3807 6.5752e+02     2.2888      0.526      0.764    22.9939 0.0000e+00
      0.538      0.005     6.1285     68.524    119.440 114.558111    12.7800     1.4016     0.0852     0.3807 7.8219e+02     2.3945      0.528      0.765    22.9882 0.0000e+00
      0.539      0.006     6.0705     67.828    119.446 114.544639    12.7800     1.3977     0.0852     0.3807 7.1335e+02     2.3190      0.529      0.767    22.9801 0.0000e+00
      0.541      0.006     6.0080     67.201    119.462 114.546000    12.7800     1.3710     0.0852     0.3807 6.8987e+02     2.2888      0.530      0.770    22.9705 0.0000e+00
      0.543      0.007     5.9440     66.654    119.464 114.538559    12.7800     1.3710     0.0852     0.3807 6.3230e+02     2.3039      0.532      0.772    22.9604 0.0000e+00
      0.544      0.007     5.8814     66.187    119.449 114.516335    12.7800     1.4931     0.0852     0.3807 6.4788e+02     2.4096      0.534      0.775    22.9508 0.0000e+00
      0.546      0.007     5.8226     65.779    119.436 114.493397    12.7800     1.5313     0.0852     0.3807 6.2087e+02     2.2737      0.536      0.778    22.9426 0.0000e+00
      0.549      0.006     5.7694     65.397    119.434 114.479627    12.7800     1.5160     0.0852     0.3807 6.8123e+02     2.3039      0.538      0.781    22.9368 0.0000e+00
      0.551      0.005     5.7228     65.027    119.441 114.475351    12.7800     1.5084     0.0852     0.3807 5.7091e+02     2.3492      0.540      0.783    22.9330 0.0000e+00
      0.552      0.004     5.6832     64.676    119.452 114.475430    12.7800     1.5236     0.0852     0.3807 6.0174e+02     2.3190      0.541      0.785    22.9295 0.0000e+00
      0.553      0.002     5.6485     64.363    119.455 114.467886    12.7800     1.5084     0.0852     0.3807 7.2949e+02     2.3039      0.542      0.786    22.9253 0.0000e+00
      0.553      0.001     5.6162     64.090    119.447 114.446706    12.7800     1.5160     0.0852     0.3807 7.0518e+02     2.3341      0.542      0.786    22.9205 0.0000e+00
      0.552      0.000     5.5849     63.834    119.438 114.422242    12.6900     1.5122     0.0852     0.4230 5.4746e+02     2.2737      0.541      0.786    22.9158 0.0000e+00
      0.552     -0.001     5.5553     63.567    119.434 114.399967    12.6900     1.5007     0.0852     0.4230 7.8152e+02     2.3643      0.541      0.785    22.9115 0.0000e+00
      0.552     -0.001     5.5289     63.278    119.427 114.375939    12.6900     1.5160     0.0852     0.4230 6.7960e+02     2.3341      0.541      0.785    22.9069 0.0000e+00
      0.551      0.000     5.5060     62.961    119.429 114.359749    12.6900     1.5160     0.0852     0.4230 6.8539e+02     2.2283      0.541      0.784    22.9014 0.0000e+00
      0.551      0.000     5.4847     62.613    119.444 114.355078    12.7800     1.5084     0.0852     0.3807 7.2949e+02     2.3643      0.541      0.784    22.8946 0.0000e+00
      0.552      0.001     5.4626     62.233    119.454 114.346681    12.7800     1.5618     0.0852     0.3807 6.4873e+02     2.4096      0.541      0.785    22.8871 0.0000e+00
      0.552      0.001     5.4385     61.823    119.454 114.330318    12.7800     1.5923     0.0852     0.3807 6.2398e+02     2.3190      0.541      0.785    22.8797 0.0000e+00
      0.552      0.001     5.4121     61.399    119.450 114.311623    12.7800     1.5808     0.0852     0.3807 7.3506e+02     2.3341      0.542      0.786    22.8722 0.0000e+00
      0.553      0.001     5.3829     60.989    119.450 114.297610    12.7800     1.5656     0.1278     0.2961 5.9227e+02     2.3039      0.542      0.786    22.8644 0.0000e+00
      0.553      0.001     5.3510     60.617    119.455 114.288539    12.7800     1.5732     0.1278     0.2961 6.3935e+02     2.6060      0.542      0.787    22.8568 0.0000e+00
      0.554      0.001     5.3165     60.285    119.459 114.277994    12.7800     1.5999     0.1278     0.2961 6.3658e+02     2.6060      0.543      0.787    22.8498 0.0000e+00
      0.554      0.001     5.2806     59.986    119.462 114.267161    12.7800     1.5732     0.1278     0.2961 8.8919e+02     2.6211      0.543      0.788    22.8436 0.0000e+00
      0.554      0.001     5.2459     59.714    119.462 114.253149    12.6900     1.5656     0.0852     0.4230 8.9016e+02     2.6211      0.543      0.788    22.8378 0.0000e+00
      0.554      0.000     5.2145     59.463    119.459 114.236221    12.6900     1.5580     0.0852     0.4230 6.7901e+02     2.3643      0.543      0.788    22.8320 0.0000e+00
      0.554      0.000     5.1865     59.226    119.460 114.223862    12.6900     1.5656     0.0852     0.4230 5.5272e+02     2.3643      0.543      0.788    22.8262 0.0000e+00
      0.554      0.000     5.1614     58.993    119.470 114.220775    12.6900     1.5732     0.0852     0.4230 6.5752e+02     2.3945      0.543      0.788    22.8204 0.0000e+00
      0.554     -0.001     5.1385     58.765    119.489 114.226134    12.6900     1.5923     0.0852     0.4230 8.6932e+02     2.4247      0.543      0.788    22.8145 0.0000e+00
      0.554     -0.001     5.1175     58.550    119.495 114.221371    12.7800     1.5732     0.0852     0.4230 7.0426e+02     2.3341      0.543      0.788    22.8087 0.0000e+00
      0.553     -0.001     5.0976     58.347    119.485 114.201217    12.7800     1.5847     0.0852     0.4230 5.8625e+02     2.3039      0.543      0.787    22.8030 0.0000e+00
      0.553     -0.001     5.0781     58.145    119.479 114.184293    12.7800     1.5503     0.0852     0.4230 6.1536e+02     2.2737      0.542      0.786    22.7975 0.0000e+00
      0.553     -0.001     5.0590     57.939    119.481 114.174085    12.7800     1.5656     0.0852     0.4230 6.6197e+02     2.4398      0.542      0.786    22.7924 0.0000e+00
      0.552     -0.001     5.0409     57.735    119.478 114.159871    12.8700     1.5770     0.1278     0.3384 9.5488e+02     2.3492      0.541      0.785    22.7880 0.0000e+00
      0.552     -0.001     5.0239     57.540    119.465 114.137860    12.8700     1.5732     0.1278     0.3384 6.2087e+02     2.3492      0.541      0.785    22.7835 0.0000e+00
      0.551     -0.001     5.0070     57.352    119.455 114.118181    12.8700     1.5694     0.1278     0.3384 5.9549e+02     2.2737      0.541      0.784    22.7787 0.0000e+00
      0.551     -0.001     4.9897     57.166    119.449 114.103583    12.8700     1.5656     0.1278     0.3384 7.4747e+02     2.3945      0.541      0.784    22.7737 0.0000e+00
      0.551     -0.001     4.9725     56.988    119.439 114.086175    12.7800     1.5541     0.1278     0.5499 6.6702e+02     2.3341      0.540      0.783    22.7691 0.0000e+00
      0.550     -0.001     4.9561     56.824    119.433 114.073313    12.7800     1.5656     0.1278     0.5499 6.3907e+02     2.3492      0.540      0.783    22.7647 0.0000e+00
      0.550     -0.001     4.9403     56.675    119.432 114.065566    12.7800     1.5999     0.1278     0.5499 5.4830e+02     2.2888      0.539      0.782    22.7606 0.0000e+00
      0.550     -0.001     4.9247     56.532    119.424 114.052868    12.7800     1.5770     0.1278     0.5499 7.2240e+02     2.3341      0.539      0.782    22.7570 0.0000e+00
      0.549     -0.000     4.9096     56.390    119.416 114.039833    12.7800     1.5618     0.1278     0.5499 6.9529e+02     2.3039      0.539      0.781    22.7538 0.0000e+00
      0.549      0.000     4.8958     56.247    119.415 114.034983    12.6900     1.5503     0.0426     0.4653 5.9744e+02     2.2888      0.539      0.781    22.7508 0.0000e+00
      0.549      0.001     4.8832     56.103    119.431 114.045022    12.6900     1.5732     0.0426     0.4653 6.8748e+02     2.3794      0.539      0.781    22.7480 0.0000e+00
      0.550      0.001     4.8711     55.960    119.454 114.064629    12.6900     1.5808     0.0426     0.4653 6.7754e+02     2.2586      0.539      0.782    22.7456 0.0000e+00
      0.550      0.001     4.8591     55.827    119.471 114.079035    12.6900     1.6495     0.0426     0.4653 6.0805e+02     2.3341      0.540      0.783    22.7436 0.0000e+00
      0.551      0.002     4.8470     55.709    119.474 114.080083    12.6900     1.6228     0.1278     0.3384 9.6112e+02     2.3492      0.540      0.783    22.7416 0.0000e+00
      0.551      0.002     4.8347     55.607    119.461 114.064054    12.6900     1.6304     0.1278     0.3384 6.7255e+02     2.2888      0.540      0.784    22.7398 0.0000e+00
      0.552      0.002     4.8225     55.505    119.445 114.042670    12.6900     1.6304     0.1278     0.3384 7.6671e+02     2.2586      0.541      0.784    22.7386 0.0000e+00
      0.552      0.002     4.8111     55.397    119.440 114.030226    12.6900     1.6381     0.1278     0.3384 7.4633e+02     2.3039      0.541      0.785    22.7381 0.0000e+00
      0.553      0.002     4.8010     55.286    119.441 114.023404    12.7800     1.6152     0.0000     0.2961 6.0370e+02     2.3945      0.542      0.786    22.7374 0.0000e+00
      0.553      0.001     4.7922     55.169    119.441 114.016384    12.7800     1.6381     0.0000     0.2961 6.0673e+02     2.3341      0.542      0.787    22.7357 0.0000e+00
      0.553      0.001     4.7837     55.044    119.436 114.007294    12.7800     1.6343     0.0000     0.2961 6.1643e+02     2.3341      0.543      0.787    22.7330 0.0000e+00
      0.553      0.001     4.7747     54.920    119.430 113.997710    12.7800     1.6228     0.0000     0.2961 8.6480e+02     2.3190      0.543      0.787    22.7298 0.0000e+00
      0.553      0.001     4.7655     54.804    119.420 113.985075    12.7800     1.6495     0.0852     0.3384 6.5496e+02     2.2283      0.543      0.787    22.7266 0.0000e+00
      0.554      0.001     4.7556     54.698    119.413 113.974020    12.7800     1.6343     0.0852     0.3384 6.8748e+02     2.3643      0.543      0.787    22.7239 0.0000e+00
      0.554      0.001     4.7450     54.602    119.424 113.981593    12.7800     1.6381     0.0852     0.3384 6.1938e+02     2.3492      0.543      0.788    22.7219 0.0000e+00
      0.554      0.001     4.7345     54.512    119.448 114.001814    12.7800     1.6075     0.0852     0.3384 6.8972e+02     2.2737      0.543      0.788    22.7205 0.0000e+00
      0.554      0.001     4.7246     54.421    119.471 114.020079    12.7800     1.6495     0.0852     0.3384 7.0411e+02     2.3341      0.544      0.788    22.7190 0.0000e+00
      0.554      0.001     4.7156     54.330    119.489 114.033258    12.7800     1.6114     0.1278     0.3807 6.7460e+02     2.2737      0.544      0.788    22.7174 0.0000e+00
      0.555      0.001     4.7074     54.235    119.497 114.036869    12.7800     1.6266     0.1278     0.3807 7.1895e+02     2.3341      0.544      0.789    22.7161 0.0000e+00
      0.555      0.001     4.6998     54.138    119.501 114.035871    12.7800     1.7067     0.1278     0.3807 7.1583e+02     2.3643      0.544      0.789    22.7149 0.0000e+00
      0.555      0.001     4.6921     54.049    119.508 114.038000    12.7800     1.7144     0.1278     0.3807 7.4601e+02     2.3039      0.544      0.790    22.7135 0.0000e+00
      0.555      0.002     4.6844     53.967    119.520 114.043821    12.6900     1.6953     0.0852     0.4230 6.2724e+02     2.2435      0.545      0.790    22.7117 0.0000e+00
      0.556      0.002     4.6763     53.887    119.531 114.050887    12.6900     1.6915     0.0852     0.4230 5.9978e+02     2.3492      0.545      0.791    22.7099 0.0000e+00
      0.557      0.003     4.6682     53.815    119.533 114.049083    12.6900     1.6304     0.0852     0.4230 6.0858e+02     2.4096      0.546      0.792    22.7080 0.0000e+00
      0.557      0.004     4.6607     53.759    119.525 114.037930    12.6900     1.6419     0.0852     0.4230 9.4867e+02     2.2737      0.547      0.793    22.7060 0.0000e+00
      0.558      0.005     4.6538     53.716    119.527 114.034449    12.6900     1.6152     0.0852     0.4230 5.9575e+02     2.4398      0.548      0.794    22.7039 0.0000e+00
      0.560      0.005     4.6471     53.673    119.542 114.041712    12.6900     1.6495     0.0852     0.4230 7.5203e+02     2.2888      0.549      0.796    22.7021 0.0000e+00
      0.562      0.005     4.6410     53.623    119.558 114.049656    12.6900     1.6152     0.0852     0.4230 9.4067e+02     2.3190      0.551      0.798    22.7007 0.0000e+00
      0.563      0.005     4.6364     53.568    119.576 114.060401    12.6900     1.6495     0.0852     0.4230 8.1889e+02     2.3039      0.553      0.801    22.6991 0.0000e+00
      0.565      0.004     4.6328     53.526    119.596 114.072812    12.6900     1.6381     0.0852     0.4230 7.5137e+02     2.3794      0.554      0.803    22.6968 0.0000e+00
      0.566      0.002     4.6294     53.509    119.612 114.078199    12.8700     1.6495     0.1278     0.4230 6.0765e+02     2.3643      0.555      0.804    22.6939 0.0000e+00
      0.566      0.001     4.6253     53.517    119.622 114.074000    12.8700     1.6228     0.1278     0.4230 5.8587e+02     2.2586      0.555      0.805    22.6910 0.0000e+00
      0.566     -0.001     4.6208     53.538    119.633 114.067093    12.8700     1.5961     0.1278     0.4230 6.3963e+02     2.3643      0.555      0.804    22.6883 0.0000e+00
      0.565     -0.002     4.6174     53.551    119.652 114.067633    12.8700     1.6152     0.1278     0.4230 9.7226e+02     2.2132      0.554      0.803    22.6853 0.0000e+00
      0.564     -0.003     4.6163     53.544    119.671 114.071765    12.7800     1.6304     0.0852     0.4653 5.8906e+02     2.3945      0.553      0.802    22.6814 0.0000e+00
