Data/DataNotYetUploadedToEDI/Raw_CTD/RawDownloads/091624_ccr90_S8188004.cnv
* Sea-Bird SBE19plus  Data File:
* FileName = C:\R\Reservoirs\Data\DataNotYetUploadedToEDI\Raw_CTD\RawDownloads\091624_ccr50_S8188_0004.hex
* Software version 2.8.0.119
* Temperature SN = 8188
* Conductivity SN = 8188
* System UpLoad Time = Sep 16 2024 16:32:33
* <ApplicationData>
* <Seaterm232>
# nquan = 16
# nvalues = 877                         
# units = specified
# name 0 = depFM: Depth [fresh water, m]
# name 1 = dz/dtM: Descent Rate [m/s]
# name 2 = sbeox0Mg/L: Oxygen, SBE 43 [mg/l]
# name 3 = sbeox0PS: Oxygen, SBE 43 [% saturation]
# name 4 = specc: Specific Conductance [uS/cm]
# name 5 = c0uS/cm: Conductivity [uS/cm]
# name 6 = wetCDOM: Fluorescence, WET Labs CDOM [mg/m^3]
# name 7 = flECO-AFL: Fluorescence, WET Labs ECO-AFL/FL [mg/m^3]
# name 8 = flECO-AFL1: Fluorescence, WET Labs ECO-AFL/FL, 2 [mg/m^3]
# name 9 = flECO-AFL2: Fluorescence, WET Labs ECO-AFL/FL, 3 [mg/m^3]
# name 10 = par/sat/log: PAR/Logarithmic, Satlantic
# name 11 = turbWETntu0: Turbidity, WET Labs ECO [NTU]
# name 12 = prdM: Pressure, Strain Gauge [db]
# name 13 = prdE: Pressure, Strain Gauge [psi]
# name 14 = tv290C: Temperature [ITS-90, deg C]
# name 15 = flag:  0.000e+00
# span 0 =     -0.387,      3.108       
# span 1 =     -0.303,      0.199       
# span 2 =     4.5865,    10.3715       
# span 3 =     53.116,    121.665       
# span 4 =   -491.668,    121.018       
# span 5 =-469.254438, 116.870207       
# span 6 =    -4.5000,    16.1100       
# span 7 =    -1.5091,     5.8648       
# span 8 =    -3.5358,     2.0874       
# span 9 =    -2.0304,     3.9339       
# span 10 = 8.5274e+01, 1.4804e+03      
# span 11 =    -9.7208,    25.3714      
# span 12 =     -0.380,      3.048      
# span 13 =     -0.551,      4.420      
# span 14 =    19.2224,    23.3292      
# span 15 = 0.0000e+00, 0.0000e+00      
# interval = seconds: 0.25
# start_time = Sep 16 2024 11:28:02 [Instrument's time stamp, header]
# bad_flag = -9.990e-29
*END*
[from data line 543]
      1.494      0.030     8.6418    101.549    120.730 116.685214    12.7800     1.6724     0.0852     0.6345 2.9864e+02     2.5607      1.465      2.124    23.3192 0.0000e+00
      1.501      0.028     8.6447    101.544    120.742 116.696326    12.7800     1.6800     0.0852     0.6345 2.9683e+02     2.6211      1.472      2.135    23.3193 0.0000e+00
      1.509      0.027     8.6492    101.515    120.758 116.712125    12.7800     1.6800     0.0852     0.6345 2.9664e+02     2.5909      1.479      2.145    23.3194 0.0000e+00
      1.515      0.025     8.6534    101.462    120.784 116.736823    12.7800     1.6877     0.0852     0.6345 2.9007e+02     2.5003      1.486      2.155    23.3194 0.0000e+00
      1.521      0.024     8.6554    101.404    120.803 116.755007    12.8700     1.7678     0.0852     0.5499 2.9235e+02     2.3643      1.492      2.164    23.3194 0.0000e+00
      1.527      0.024     8.6550    101.365    120.800 116.751524    12.8700     1.7678     0.0852     0.5499 3.0428e+02     2.4398      1.497      2.172    23.3193 0.0000e+00
      1.533      0.024     8.6525    101.355    120.791 116.743448    12.8700     1.7640     0.0852     0.5499 2.8838e+02     2.3643      1.503      2.180    23.3192 0.0000e+00
      1.539      0.024     8.6480    101.367    120.790 116.742623    12.8700     1.7640     0.0852     0.5499 2.8576e+02     2.3643      1.509      2.188    23.3191 0.0000e+00
      1.545      0.025     8.6430    101.394    120.795 116.746830    12.7800     1.6953     0.0852     0.5076 3.0567e+02     2.5909      1.515      2.197    23.3189 0.0000e+00
      1.551      0.026     8.6397    101.411    120.807 116.759190    12.7800     1.6915     0.0852     0.5076 2.8844e+02     2.6211      1.521      2.206    23.3188 0.0000e+00
      1.558      0.027     8.6388    101.406    120.830 116.781001    12.7800     1.6800     0.0852     0.5076 2.8065e+02     2.5456      1.528      2.215    23.3188 0.0000e+00
      1.565      0.029     8.6399    101.400    120.842 116.792078    12.7800     1.6991     0.0852     0.5076 2.9832e+02     2.6060      1.535      2.226    23.3188 0.0000e+00
      1.572      0.031     8.6422    101.412    120.827 116.777374    12.7800     1.7258     0.0852     0.5076 2.8483e+02     2.3492      1.542      2.236    23.3189 0.0000e+00
      1.580      0.035     8.6437    101.441    120.809 116.758970    12.8700     1.6877     0.0852     0.5076 2.8681e+02     2.3643      1.549      2.247    23.3189 0.0000e+00
      1.589      0.040     8.6433    101.466    120.791 116.741956    12.8700     1.6877     0.0852     0.5076 2.9058e+02     2.4398      1.558      2.259    23.3188 0.0000e+00
      1.598      0.045     8.6428    101.480    120.756 116.707797    12.8700     1.6915     0.0852     0.5076 2.9324e+02     2.3492      1.567      2.273    23.3187 0.0000e+00
      1.610      0.051     8.6439    101.483    120.714 116.667382    12.8700     1.6915     0.0852     0.5076 2.8132e+02     2.5305      1.579      2.290    23.3185 0.0000e+00
      1.624      0.056     8.6463    101.467    120.689 116.641934    12.7800     1.6762     0.1278     0.6345 2.7059e+02     2.5607      1.593      2.311    23.3184 0.0000e+00
      1.641      0.060     8.6485    101.436    120.684 116.634668    12.7800     1.6915     0.1278     0.6345 2.6883e+02     2.5758      1.610      2.334    23.3184 0.0000e+00
      1.659      0.061     8.6496    101.405    120.686 116.633644    12.7800     1.6915     0.1278     0.6345 2.6168e+02     2.5456      1.627      2.359    23.3184 0.0000e+00
      1.676      0.061     8.6499    101.391    120.691 116.636591    12.7800     1.8288     0.1278     0.6345 2.5645e+02     2.4852      1.643      2.383    23.3182 0.0000e+00
      1.691      0.059     8.6486    101.402    120.714 116.658292    12.9600     1.8135     0.1278     0.5922 2.5745e+02     2.6211      1.659      2.406    23.3177 0.0000e+00
      1.706      0.056     8.6461    101.414    120.742 116.684537    12.9600     1.8212     0.1278     0.5922 2.5545e+02     2.5305      1.673      2.426    23.3168 0.0000e+00
      1.719      0.053     8.6436    101.401    120.750 116.692322    12.9600     1.8288     0.1278     0.5922 2.5181e+02     2.6060      1.686      2.445    23.3158 0.0000e+00
      1.732      0.050     8.6426    101.362    120.749 116.689725    12.9600     1.7525     0.1278     0.5922 2.5192e+02     2.6966      1.699      2.464    23.3149 0.0000e+00
      1.745      0.047     8.6436    101.305    120.746 116.684053    12.9600     1.7868     0.1278     0.5922 2.4828e+02     2.6513      1.711      2.482    23.3144 0.0000e+00
      1.757      0.043     8.6447    101.238    120.750 116.683793    12.9600     1.7373     0.0852     0.3384 2.4586e+02     2.6815      1.723      2.498    23.3142 0.0000e+00
      1.768      0.039     8.6436    101.181    120.760 116.688876    12.9600     1.7373     0.0852     0.3384 2.4094e+02     2.5909      1.734      2.514    23.3141 0.0000e+00
      1.778      0.035     8.6404    101.164    120.760 116.684656    12.9600     1.7296     0.0852     0.3384 2.4549e+02     2.5607      1.743      2.528    23.3136 0.0000e+00
      1.786      0.030     8.6357    101.189    120.754 116.678007    12.9600     1.7601     0.0852     0.3384 2.3725e+02     2.5758      1.752      2.540    23.3125 0.0000e+00
      1.793      0.025     8.6302    101.254    120.747 116.671157    12.8700     1.7525     0.0426     0.5499 2.3165e+02     2.5909      1.758      2.550    23.3107 0.0000e+00
      1.798      0.021     8.6257    101.346    120.731 116.656280    12.8700     1.7449     0.0426     0.5499 2.4495e+02     2.5607      1.763      2.557    23.3086 0.0000e+00
      1.802      0.018     8.6245    101.419    120.721 116.647408    12.8700     1.7449     0.0426     0.5499 2.4068e+02     2.3341      1.767      2.563    23.3072 0.0000e+00
      1.806      0.015     8.6268    101.449    120.736 116.662176    12.8700     1.7144     0.0426     0.5499 2.4094e+02     2.3492      1.771      2.568    23.3067 0.0000e+00
      1.809      0.013     8.6323    101.446    120.760 116.686521    12.7800     1.7716     0.0426     0.4230 2.4037e+02     2.3643      1.774      2.573    23.3067 0.0000e+00
      1.812      0.012     8.6401    101.425    120.772 116.700936    12.7800     1.7373     0.0426     0.4230 2.3756e+02     2.2737      1.777      2.577    23.3069 0.0000e+00
      1.815      0.011     8.6463    101.404    120.780 116.711263    12.7800     1.8212     0.0426     0.4230 2.3700e+02     2.3341      1.780      2.581    23.3071 0.0000e+00
      1.817      0.011     8.6488    101.415    120.787 116.720259    12.7800     1.8059     0.0426     0.4230 2.4105e+02     2.3492      1.782      2.584    23.3074 0.0000e+00
      1.820      0.012     8.6485    101.467    120.789 116.724321    12.7800     1.8326     0.0852     0.5499 2.3860e+02     2.3643      1.785      2.588    23.3079 0.0000e+00
      1.822      0.014     8.6465    101.543    120.794 116.730534    12.7800     1.7983     0.0852     0.5499 2.4052e+02     2.3945      1.787      2.592    23.3088 0.0000e+00
      1.826      0.017     8.6446    101.620    120.809 116.744554    12.7800     1.7029     0.0852     0.5499 2.4485e+02     2.3341      1.791      2.597    23.3099 0.0000e+00
      1.830      0.021     8.6454    101.675    120.823 116.758120    12.7800     1.6724     0.0852     0.5499 2.3839e+02     2.4096      1.795      2.603    23.3110 0.0000e+00
      1.835      0.025     8.6496    101.689    120.822 116.756848    12.7800     1.6953     0.0852     0.5499 2.3891e+02     2.3643      1.800      2.611    23.3117 0.0000e+00
      1.842      0.029     8.6560    101.658    120.803 116.736400    12.7800     1.6991     0.0852     0.5076 2.3689e+02     2.2888      1.807      2.621    23.3122 0.0000e+00
      1.850      0.033     8.6626    101.586    120.777 116.709324    12.7800     1.6838     0.0852     0.5076 2.3705e+02     2.4096      1.815      2.632    23.3124 0.0000e+00
      1.860      0.036     8.6672    101.484    120.758 116.688398    12.7800     1.6877     0.0852     0.5076 2.2855e+02     2.3039      1.824      2.646    23.3123 0.0000e+00
      1.870      0.039     8.6685    101.379    120.743 116.670042    12.7800     1.7182     0.0852     0.5076 2.3190e+02     2.3794      1.834      2.660    23.3119 0.0000e+00
      1.880      0.041     8.6660    101.294    120.730 116.653361    12.8700     1.6877     0.1278     0.4653 2.2786e+02     2.3945      1.844      2.674    23.3113 0.0000e+00
      1.891      0.042     8.6600    101.219    120.732 116.649907    12.8700     1.7487     0.1278     0.4653 2.2761e+02     2.5909      1.854      2.689    23.3105 0.0000e+00
      1.902      0.042     8.6515    101.145    120.746 116.658757    12.8700     1.7449     0.1278     0.4653 2.2257e+02     2.5607      1.865      2.705    23.3094 0.0000e+00
      1.913      0.041     8.6427    101.102    120.762 116.670271    12.8700     1.7601     0.1278     0.4653 2.1534e+02     2.5003      1.876      2.722    23.3080 0.0000e+00
      1.924      0.040     8.6358    101.094    120.777 116.681520    12.8700     1.7373     0.0852     0.5499 2.2209e+02     2.6211      1.887      2.737    23.3061 0.0000e+00
      1.935      0.038     8.6297    101.110    120.785 116.687505    12.8700     1.7487     0.0852     0.5499 2.1628e+02     2.5607      1.897      2.752    23.3040 0.0000e+00
      1.944      0.036     8.6238    101.152    120.789 116.689820    12.8700     1.7563     0.0852     0.5499 2.1209e+02     2.6211      1.906      2.765    23.3020 0.0000e+00
      1.952      0.034     8.6204    101.202    120.796 116.695082    12.8700     1.7334     0.0852     0.5499 2.1661e+02     2.5607      1.915      2.777    23.3003 0.0000e+00
      1.961      0.032     8.6199    101.246    120.801 116.698695    12.8700     1.7487     0.0852     0.5499 2.1609e+02     2.6362      1.923      2.789    23.2991 0.0000e+00
      1.969      0.030     8.6214    101.288    120.798 116.695623    12.7800     1.7678     0.0852     0.5076 2.1403e+02     2.3794      1.931      2.800    23.2982 0.0000e+00
      1.976      0.029     8.6251    101.322    120.794 116.691047    12.7800     1.7258     0.0852     0.5076 2.0640e+02     2.3643      1.938      2.811    23.2975 0.0000e+00
      1.984      0.029     8.6294    101.342    120.795 116.691745    12.7800     1.7640     0.0852     0.5076 2.1921e+02     2.3039      1.945      2.821    23.2971 0.0000e+00
      1.990      0.029     8.6332    101.354    120.801 116.695904    12.7800     1.7296     0.0852     0.5076 2.1394e+02     2.4096      1.952      2.831    23.2967 0.0000e+00
      1.997      0.029     8.6369    101.353    120.806 116.698633    12.7800     1.7678     0.0852     0.5076 2.1012e+02     2.9232      1.958      2.840    23.2963 0.0000e+00
      2.004      0.030     8.6398    101.327    120.812 116.702660    12.7800     1.7373     0.0852     0.5076 2.1557e+02     2.8930      1.965      2.851    23.2961 0.0000e+00
      2.012      0.031     8.6415    101.284    120.827 116.715058    12.7800     1.7792     0.0852     0.5076 2.0569e+02     2.8930      1.973      2.862    23.2958 0.0000e+00
      2.021      0.032     8.6426    101.239    120.845 116.731134    12.7800     1.7449     0.0852     0.5076 2.0775e+02     2.8326      1.981      2.874    23.2952 0.0000e+00
      2.029      0.033     8.6427    101.200    120.850 116.735174    12.8700     1.7563     0.0852     0.5499 2.0789e+02     2.8024      1.990      2.886    23.2945 0.0000e+00
      2.038      0.033     8.6406    101.170    120.838 116.722255    12.8700     1.8593     0.0852     0.5499 2.0413e+02     2.7118      1.998      2.898    23.2937 0.0000e+00
      2.046      0.033     8.6370    101.148    120.826 116.710932    12.8700     1.8021     0.0852     0.5499 2.0449e+02     2.8175      2.007      2.910    23.2930 0.0000e+00
      2.055      0.033     8.6333    101.118    120.819 116.704185    12.8700     1.7907     0.0852     0.5499 2.0039e+02     2.9384      2.015      2.923    23.2924 0.0000e+00
      2.064      0.033     8.6301    101.074    120.807 116.692216    12.8700     1.8097     0.0852     0.5076 1.9183e+02     2.8024      2.024      2.935    23.2919 0.0000e+00
      2.072      0.032     8.6276    101.039    120.803 116.687833    12.8700     1.8860     0.0852     0.5076 1.9338e+02     2.5909      2.032      2.947    23.2917 0.0000e+00
      2.080      0.031     8.6257    101.023    120.806 116.689866    12.8700     1.9013     0.0852     0.5076 2.0135e+02     2.5909      2.040      2.959    23.2916 0.0000e+00
      2.088      0.030     8.6231    101.020    120.796 116.678859    12.8700     1.8517     0.0852     0.5076 1.9677e+02     2.5305      2.047      2.970    23.2916 0.0000e+00
      2.095      0.030     8.6194    101.022    120.774 116.655875    12.8700     1.9051     0.0852     0.5076 1.9179e+02     2.5758      2.055      2.980    23.2915 0.0000e+00
      2.103      0.029     8.6164    101.028    120.760 116.640785    12.8700     1.9013     0.0852     0.5499 1.9431e+02     2.6664      2.062      2.991    23.2913 0.0000e+00
      2.110      0.029     8.6151    101.052    120.752 116.631566    12.8700     1.8784     0.0852     0.5499 1.9498e+02     2.5909      2.070      3.001    23.2909 0.0000e+00
      2.118      0.029     8.6150    101.089    120.741 116.621759    12.8700     1.8975     0.0852     0.5499 1.9005e+02     2.5909      2.077      3.012    23.2902 0.0000e+00
      2.125      0.028     8.6153    101.110    120.752 116.632748    12.8700     1.8937     0.0852     0.5499 1.8685e+02     2.4701      2.084      3.022    23.2894 0.0000e+00
      2.132      0.028     8.6160    101.103    120.781 116.661464    12.8700     1.8174     0.0852     0.5076 1.9112e+02     2.5607      2.091      3.032    23.2888 0.0000e+00
      2.139      0.028     8.6181    101.083    120.794 116.675565    12.8700     1.8212     0.0852     0.5076 1.8515e+02     2.5003      2.098      3.042    23.2884 0.0000e+00
      2.146      0.028     8.6212    101.066    120.788 116.670811    12.8700     1.8326     0.0852     0.5076 1.8705e+02     2.5305      2.104      3.052    23.2884 0.0000e+00
      2.153      0.028     8.6230    101.058    120.786 116.669934    12.8700     1.8059     0.0852     0.5076 1.8359e+02     2.5456      2.111      3.062    23.2887 0.0000e+00
      2.160      0.029     8.6223    101.050    120.792 116.676700    12.8700     1.8135     0.0426     0.5499 1.8125e+02     2.5305      2.118      3.072    23.2892 0.0000e+00
      2.167      0.029     8.6204    101.037    120.786 116.670914    12.8700     1.8212     0.0426     0.5499 1.8295e+02     2.6211      2.125      3.082    23.2897 0.0000e+00
      2.175      0.030     8.6189    101.027    120.776 116.661034    12.8700     1.8135     0.0426     0.5499 1.8224e+02     2.6060      2.133      3.093    23.2902 0.0000e+00
      2.183      0.030     8.6182    101.036    120.775 116.660424    12.8700     1.8288     0.0426     0.5499 1.7575e+02     2.5607      2.140      3.104    23.2907 0.0000e+00
      2.191      0.030     8.6175    101.061    120.769 116.654921    12.8700     1.7449     0.0426     0.5499 1.7617e+02     2.8628      2.148      3.116    23.2910 0.0000e+00
      2.198      0.030     8.6163    101.080    120.754 116.639058    12.9600     1.7334     0.0426     0.5076 1.7728e+02     2.7873      2.156      3.127    23.2912 0.0000e+00
      2.206      0.030     8.6154    101.083    120.745 116.628605    12.9600     1.7525     0.0426     0.5076 1.7794e+02     2.8175      2.163      3.138    23.2913 0.0000e+00
      2.214      0.030     8.6162    101.083    120.750 116.632773    12.9600     1.7525     0.0426     0.5076 1.7336e+02     2.8628      2.171      3.149    23.2913 0.0000e+00
