Data/DataNotYetUploadedToEDI/Raw_CTD/RawDownloads/091624_ccr88_S8188003.cnv
* Sea-Bird SBE19plus  Data File:
* FileName = C:\R\Reservoirs\Data\DataNotYetUploadedToEDI\Raw_CTD\RawDownloads\091624_ccr50_S8188_0003.hex
* Software version 2.8.0.119
* Temperature SN = 8188
* Conductivity SN = 8188
* System UpLoad Time = Sep 16 2024 16:32:18
* <ApplicationData>
* <Seaterm232>
# nquan = 16
# nvalues = 1441                        
# units = specified
# name 0 = depFM: Depth [fresh water, m]
# name 1 = dz/dtM: Descent Rate [m/s]
# name 2 = sbeox0Mg/L: Oxygen, SBE 43 [mg/l]
# name 3 = sbeox0PS: Oxygen, SBE 43 [% saturation]
# name 4 = specc: Specific Conductance [uS/cm]
# name 5 = c0uS/cm: Conductivity [uS/cm]
# name 6 = wetCDOM: Fluorescence, WET Labs CDOM [mg/m^3]
# name 7 = flECO-AFL: Fluorescence, WET Labs ECO-AFL/FL [mg/m^3]
# name 8 = flECO-AFL1: Fluorescence, WET Labs ECO-AFL/FL, 2 [mg/m^3]
# name 9 = flECO-AFL2: Fluorescence, WET Labs ECO-AFL/FL, 3 [mg/m^3]
# name 10 = par/sat/log: PAR/Logarithmic, Satlantic
# name 11 = turbWETntu0: Turbidity, WET Labs ECO [NTU]
# name 12 = prdM: Pressure, Strain Gauge [db]
# name 13 = prdE: Pressure, Strain Gauge [psi]
# name 14 = tv290C: Temperature [ITS-90, deg C]
# name 15 = flag:  0.000e+00
# span 0 =     -0.397,      9.889       
# span 1 =     -0.301,      0.177       
# span 2 =     0.0326,     9.9183       
# span 3 =      0.315,    116.345       
# span 4 =   -604.427,    176.087       
# span 5 =-481.520955, 137.336516       
# span 6 =    -3.9600,    44.5500       
# span 7 =    -0.7729,    11.6022       
# span 8 =    -3.7488,     2.5560       
# span 9 =    -8.9253,     5.3721       
# span 10 = 6.2344e-01, 1.1797e+03      
# span 11 =    -2.4849,   971.0642      
# span 12 =     -0.390,      9.698      
# span 13 =     -0.565,     14.066      
# span 14 =    13.9914,    23.3176      
# span 15 = 0.0000e+00, 0.0000e+00      
# interval = seconds: 0.25
# start_time = Sep 16 2024 10:59:56 [Instrument's time stamp, header]
# bad_flag = -9.990e-29
*END*
[from data line 452]
      1.204      0.063     8.7899    103.035    120.723 116.673885    11.7900     1.2451     0.0852     0.2961 3.5465e+02     0.5515      1.181      1.713    23.3174 0.0000e+00
      1.220      0.062     8.7882    102.963    120.704 116.655965    11.7900     1.2871     0.0852     0.2961 3.8593e+02     0.4307      1.196      1.735    23.3175 0.0000e+00
      1.235      0.062     8.7880    102.924    120.688 116.639969    11.7900     1.2566     0.0852     0.2961 3.4290e+02     0.4458      1.211      1.757    23.3175 0.0000e+00
      1.251      0.061     8.7868    102.957    120.684 116.635631    11.7900     1.2642     0.0852     0.2961 3.5558e+02     0.4458      1.227      1.779    23.3175 0.0000e+00
      1.267      0.060     8.7824    103.059    120.680 116.631794    11.7900     1.2604     0.0852     0.3384 3.3004e+02     0.4911      1.242      1.802    23.3176 0.0000e+00
      1.283      0.059     8.7762    103.211    120.671 116.623436    11.7900     1.2566     0.0852     0.3384 3.4134e+02     0.4156      1.258      1.825    23.3176 0.0000e+00
      1.298      0.057     8.7729    103.393    120.668 116.620327    11.7900     1.2413     0.0852     0.3384 3.4470e+02     0.4609      1.272      1.846    23.3175 0.0000e+00
      1.312      0.055     8.7757    103.580    120.670 116.621637    11.7900     1.2795     0.0852     0.3384 3.3451e+02     0.4911      1.286      1.866    23.3175 0.0000e+00
      1.326      0.052     8.7844    103.741    120.680 116.631717    11.7900     1.2451     0.0852     0.3384 3.1614e+02     0.4005      1.300      1.886    23.3175 0.0000e+00
      1.339      0.050     8.7974    103.829    120.703 116.653254    11.7900     1.2719     0.0852     0.3384 3.3198e+02     0.5062      1.313      1.904    23.3174 0.0000e+00
      1.351      0.048     8.8129    103.809    120.725 116.673991    11.7900     1.2680     0.0852     0.3384 3.3227e+02     0.4156      1.324      1.921    23.3173 0.0000e+00
      1.362      0.047     8.8289    103.694    120.726 116.675458    11.7900     1.2795     0.0852     0.3384 3.3854e+02     0.4458      1.336      1.938    23.3172 0.0000e+00
      1.374      0.046     8.8426    103.542    120.708 116.658047    11.7900     1.2757     0.0852     0.3807 3.0607e+02     0.3854      1.347      1.954    23.3171 0.0000e+00
      1.385      0.045     8.8502    103.411    120.687 116.637115    11.7900     1.2604     0.0852     0.3807 3.0296e+02     0.4458      1.358      1.970    23.3170 0.0000e+00
      1.397      0.045     8.8485    103.326    120.675 116.625080    11.7900     1.3024     0.0852     0.3807 3.3949e+02     0.6875      1.369      1.986    23.3169 0.0000e+00
      1.408      0.046     8.8386    103.292    120.672 116.622732    11.7900     1.2986     0.0852     0.3807 3.0975e+02     0.7781      1.380      2.002    23.3169 0.0000e+00
      1.419      0.046     8.8257    103.309    120.665 116.615444    11.7900     1.3138     0.0852     0.3807 3.0322e+02     0.5817      1.391      2.018    23.3168 0.0000e+00
      1.431      0.048     8.8145    103.370    120.661 116.611275    11.7900     1.3062     0.0852     0.3384 3.1848e+02     0.6422      1.403      2.035    23.3167 0.0000e+00
      1.443      0.049     8.8073    103.452    120.682 116.631110    11.7900     1.3138     0.0852     0.3384 3.0296e+02     0.4458      1.415      2.053    23.3166 0.0000e+00
      1.456      0.051     8.8044    103.524    120.705 116.652240    11.7900     1.3367     0.0852     0.3384 3.1225e+02     0.4156      1.428      2.071    23.3166 0.0000e+00
      1.469      0.053     8.8059    103.571    120.703 116.648300    11.7900     1.3062     0.0852     0.3384 3.0296e+02     0.4156      1.440      2.090    23.3166 0.0000e+00
      1.483      0.054     8.8110    103.606    120.682 116.626240    11.7000     1.3329     0.0852     0.3807 3.0125e+02     0.4911      1.454      2.109    23.3164 0.0000e+00
      1.497      0.056     8.8181    103.644    120.653 116.596175    11.7000     1.3138     0.0852     0.3807 2.8800e+02     0.4156      1.468      2.129    23.3162 0.0000e+00
      1.512      0.057     8.8243    103.682    120.627 116.568089    11.7000     1.3024     0.0852     0.3807 2.9858e+02     0.3249      1.482      2.150    23.3157 0.0000e+00
      1.526      0.058     8.8284    103.712    120.628 116.566491    11.7000     1.3138     0.0852     0.3807 2.8644e+02     0.4307      1.497      2.171    23.3150 0.0000e+00
      1.542      0.059     8.8316    103.733    120.653 116.588955    11.7900     1.3329     0.0852     0.4230 2.7931e+02     0.5666      1.512      2.192    23.3141 0.0000e+00
      1.557      0.060     8.8350    103.743    120.662 116.595472    11.7900     1.3138     0.0852     0.4230 2.7029e+02     0.4458      1.527      2.214    23.3132 0.0000e+00
      1.573      0.060     8.8383    103.735    120.657 116.589780    11.7900     1.3558     0.0852     0.4230 2.8600e+02     0.6573      1.542      2.236    23.3122 0.0000e+00
      1.588      0.060     8.8410    103.710    120.669 116.600359    11.7900     1.3710     0.0852     0.4230 2.7301e+02     0.6724      1.557      2.259    23.3112 0.0000e+00
      1.604      0.059     8.8430    103.684    120.688 116.618032    11.7000     1.3558     0.0852     0.3384 2.6895e+02     0.6724      1.573      2.281    23.3104 0.0000e+00
      1.619      0.058     8.8440    103.671    120.702 116.631511    11.7000     1.3672     0.0852     0.3384 2.6819e+02     0.7328      1.588      2.303    23.3097 0.0000e+00
      1.634      0.056     8.8434    103.670    120.711 116.640390    11.7000     1.4130     0.0852     0.3384 2.6819e+02     0.6724      1.603      2.324    23.3091 0.0000e+00
      1.648      0.055     8.8413    103.669    120.710 116.639038    11.7000     1.3748     0.0852     0.3384 2.7737e+02     0.8083      1.616      2.344    23.3087 0.0000e+00
      1.661      0.054     8.8392    103.655    120.710 116.639094    11.7000     1.4016     0.0852     0.3384 2.6523e+02     0.6422      1.629      2.363    23.3085 0.0000e+00
      1.674      0.054     8.8381    103.614    120.713 116.642573    11.7900     1.3748     0.0852     0.3807 2.5285e+02     0.7479      1.642      2.381    23.3083 0.0000e+00
      1.687      0.056     8.8380    103.540    120.694 116.624402    11.7900     1.3901     0.0852     0.3807 2.6334e+02     0.4911      1.655      2.400    23.3083 0.0000e+00
      1.701      0.059     8.8379    103.445    120.671 116.601736    11.7900     1.3977     0.0852     0.3807 2.7236e+02     0.5515      1.669      2.420    23.3083 0.0000e+00
      1.716      0.063     8.8368    103.343    120.677 116.606529    11.7900     1.4016     0.0852     0.3807 2.5981e+02     0.4307      1.683      2.441    23.3084 0.0000e+00
      1.732      0.068     8.8332    103.238    120.689 116.618061    11.7900     1.3596     0.0426     0.5076 2.6123e+02     0.3854      1.699      2.463    23.3084 0.0000e+00
      1.750      0.073     8.8269    103.153    120.685 116.613407    11.7900     1.3253     0.0426     0.5076 2.6825e+02     0.6724      1.716      2.489    23.3084 0.0000e+00
      1.770      0.077     8.8189    103.122    120.681 116.609325    11.7900     1.3291     0.0426     0.5076 2.6060e+02     0.7328      1.736      2.517    23.3082 0.0000e+00
      1.791      0.080     8.8102    103.165    120.699 116.626727    11.7900     1.3443     0.0426     0.5076 2.5335e+02     0.6875      1.757      2.548    23.3080 0.0000e+00
      1.814      0.081     8.8013    103.271    120.730 116.656252    11.7900     1.3100     0.0852     0.4230 2.3995e+02     0.5969      1.779      2.580    23.3078 0.0000e+00
      1.836      0.080     8.7940    103.411    120.749 116.673775    11.7900     1.3138     0.0852     0.4230 2.5126e+02     0.7328      1.800      2.611    23.3077 0.0000e+00
      1.856      0.078     8.7914    103.544    120.746 116.669969    11.7900     1.3214     0.0852     0.4230 2.3551e+02     0.8083      1.820      2.640    23.3075 0.0000e+00
      1.876      0.074     8.7951    103.637    120.719 116.643818    11.7900     1.3253     0.0852     0.4230 2.3105e+02     0.7177      1.839      2.668    23.3074 0.0000e+00
      1.894      0.070     8.8042    103.676    120.681 116.606348    11.7900     1.2986     0.0426     0.3807 2.3382e+02     0.6724      1.857      2.694    23.3072 0.0000e+00
      1.911      0.067     8.8162    103.669    120.654 116.579567    11.7900     1.3787     0.0426     0.3807 2.5423e+02     0.5213      1.874      2.718    23.3070 0.0000e+00
      1.927      0.064     8.8276    103.636    120.626 116.552333    11.7900     1.3939     0.0426     0.3807 2.3974e+02     0.4458      1.889      2.741    23.3067 0.0000e+00
      1.942      0.061     8.8355    103.596    120.587 116.515385    11.7900     1.3596     0.0426     0.3807 2.2697e+02     0.4156      1.905      2.763    23.3064 0.0000e+00
      1.957      0.060     8.8389    103.562    120.572 116.500868    11.7900     1.3596     0.0426     0.3807 2.3130e+02     0.5515      1.920      2.784    23.3062 0.0000e+00
      1.972      0.059     8.8383    103.530    120.587 116.514912    11.7900     1.3787     0.0852     0.4653 2.4581e+02     0.4307      1.934      2.805    23.3060 0.0000e+00
      1.986      0.058     8.8355    103.499    120.602 116.529262    11.7900     1.3787     0.0852     0.4653 2.3286e+02     0.3703      1.948      2.826    23.3060 0.0000e+00
      2.001      0.058     8.8321    103.482    120.608 116.535745    11.7900     1.3787     0.0852     0.4653 2.2711e+02     0.4458      1.962      2.846    23.3060 0.0000e+00
      2.016      0.058     8.8292    103.488    120.634 116.560089    11.7900     1.3939     0.0852     0.4653 2.3004e+02     0.4156      1.977      2.868    23.3060 0.0000e+00
      2.031      0.058     8.8264    103.518    120.682 116.606786    11.7900     1.3672     0.0426     0.2961 2.3382e+02     0.6573      1.992      2.889    23.3060 0.0000e+00
      2.046      0.058     8.8238    103.568    120.731 116.654288    11.7900     1.3863     0.0426     0.2961 2.3049e+02     0.7026      2.006      2.910    23.3060 0.0000e+00
      2.061      0.057     8.8223    103.622    120.769 116.691262    11.7900     1.4054     0.0426     0.2961 2.2040e+02     0.8083      2.021      2.932    23.3061 0.0000e+00
      2.076      0.055     8.8228    103.660    120.776 116.697570    11.7900     1.3710     0.0426     0.2961 2.2407e+02     0.6422      2.035      2.952    23.3061 0.0000e+00
      2.090      0.052     8.8254    103.668    120.757 116.678892    11.7900     1.4283     0.0426     0.3384 2.2036e+02     0.7932      2.049      2.972    23.3061 0.0000e+00
      2.103      0.049     8.8296    103.653    120.741 116.662248    11.7900     1.4626     0.0426     0.3384 2.1698e+02     0.7781      2.062      2.991    23.3061 0.0000e+00
      2.115      0.045     8.8342    103.635    120.732 116.653200    11.7900     1.4435     0.0426     0.3384 2.2108e+02     0.7479      2.074      3.008    23.3060 0.0000e+00
      2.126      0.042     8.8375    103.629    120.719 116.639335    11.7900     1.4435     0.0426     0.3384 2.1722e+02     0.6573      2.085      3.024    23.3058 0.0000e+00
      2.136      0.039     8.8383    103.629    120.694 116.614954    11.7900     1.4435     0.0426     0.3384 2.1227e+02     0.6724      2.094      3.038    23.3057 0.0000e+00
      2.145      0.036     8.8370    103.625    120.682 116.603557    11.7900     1.4473     0.0852     0.4230 2.1436e+02     0.6422      2.103      3.051    23.3054 0.0000e+00
      2.154      0.034     8.8355    103.620    120.696 116.616105    11.7900     1.4168     0.0852     0.4230 2.1149e+02     0.6724      2.112      3.063    23.3052 0.0000e+00
      2.162      0.033     8.8351    103.620    120.712 116.631942    11.7900     1.4359     0.0852     0.4230 2.1954e+02     0.7026      2.120      3.075    23.3049 0.0000e+00
      2.170      0.032     8.8351    103.625    120.716 116.635294    11.7900     1.4359     0.0852     0.4230 2.0993e+02     0.5213      2.128      3.087    23.3047 0.0000e+00
      2.178      0.031     8.8348    103.622    120.701 116.621052    11.7900     1.4359     0.0426     0.3384 2.0480e+02     0.4911      2.136      3.098    23.3045 0.0000e+00
      2.186      0.032     8.8344    103.610    120.662 116.583421    11.7900     1.4435     0.0426     0.3384 2.1200e+02     0.4911      2.143      3.109    23.3044 0.0000e+00
      2.194      0.032     8.8344    103.603    120.611 116.534364    11.7900     1.4550     0.0426     0.3384 2.1487e+02     0.4458      2.151      3.120    23.3043 0.0000e+00
      2.202      0.033     8.8348    103.612    120.579 116.502800    11.7900     1.4511     0.0426     0.3384 2.0898e+02     0.5515      2.159      3.131    23.3043 0.0000e+00
      2.210      0.035     8.8346    103.635    120.576 116.500311    11.7900     1.4435     0.0426     0.4230 2.0564e+02     0.5062      2.167      3.144    23.3042 0.0000e+00
      2.219      0.036     8.8336    103.658    120.590 116.514233    11.7900     1.4778     0.0426     0.4230 2.0166e+02     0.4156      2.176      3.157    23.3042 0.0000e+00
      2.229      0.037     8.8330    103.664    120.616 116.540279    11.7900     1.4511     0.0426     0.4230 2.0533e+02     0.4609      2.186      3.170    23.3041 0.0000e+00
      2.239      0.038     8.8338    103.643    120.648 116.571395    11.7900     1.5656     0.0426     0.4230 2.0236e+02     0.4609      2.196      3.184    23.3042 0.0000e+00
      2.249      0.039     8.8356    103.609    120.650 116.573878    11.7900     1.5656     0.0426     0.4230 1.9970e+02     0.3854      2.205      3.199    23.3043 0.0000e+00
      2.259      0.039     8.8376    103.583    120.638 116.562390    11.7900     1.5770     0.0426     0.4230 1.9996e+02     0.4911      2.215      3.213    23.3045 0.0000e+00
      2.269      0.038     8.8380    103.572    120.645 116.569868    11.7900     1.5656     0.0426     0.4230 1.9875e+02     0.3854      2.225      3.227    23.3048 0.0000e+00
      2.279      0.037     8.8362    103.574    120.652 116.576306    11.7900     1.4283     0.0426     0.4230 2.0079e+02     0.4911      2.235      3.242    23.3051 0.0000e+00
      2.289      0.036     8.8333    103.570    120.658 116.581421    11.7900     1.4283     0.0426     0.4230 1.9129e+02     0.5062      2.244      3.255    23.3053 0.0000e+00
      2.297      0.034     8.8311    103.541    120.678 116.600577    11.8800     1.4511     0.0852     0.4653 1.9763e+02     0.3854      2.253      3.267    23.3054 0.0000e+00
      2.306      0.033     8.8302    103.497    120.698 116.618883    11.8800     1.4740     0.0852     0.4653 1.9664e+02     0.4609      2.261      3.279    23.3054 0.0000e+00
      2.314      0.031     8.8304    103.463    120.699 116.619219    11.8800     1.4016     0.0852     0.4653 1.9857e+02     0.7328      2.269      3.291    23.3053 0.0000e+00
      2.322      0.030     8.8300    103.452    120.687 116.607676    11.8800     1.3634     0.0852     0.4653 1.9183e+02     0.7630      2.277      3.302    23.3052 0.0000e+00
      2.329      0.030     8.8276    103.459    120.675 116.595175    11.7900     1.3939     0.0426     0.4230 1.9443e+02     0.7177      2.284      3.313    23.3050 0.0000e+00
      2.336      0.029     8.8239    103.477    120.660 116.580382    11.7900     1.3939     0.0426     0.4230 1.9767e+02     0.7479      2.291      3.323    23.3048 0.0000e+00
      2.344      0.030     8.8210    103.494    120.647 116.567354    11.7900     1.3863     0.0426     0.4230 1.9125e+02     0.4458      2.298      3.334    23.3046 0.0000e+00
      2.351      0.031     8.8201    103.494    120.653 116.572614    11.7900     1.3710     0.0426     0.4230 1.8746e+02     0.4760      2.306      3.344    23.3043 0.0000e+00
      2.359      0.033     8.8207    103.471    120.672 116.591566    11.7900     1.4016     0.0426     0.3384 1.9477e+02     0.3249      2.313      3.355    23.3040 0.0000e+00
