Data/DataNotYetUploadedToEDI/Raw_CTD/RawDownloads/091625_ccr50_S8188002.cnv
* Sea-Bird SBE19plus  Data File:
* FileName = C:\R\Reservoirs\Data\DataNotYetUploadedToEDI\Raw_CTD\RawDownloads\091525_bvr50_S8188_0002.hex
* Software version 2.8.0.119
* Temperature SN = 8188
* Conductivity SN = 8188
* System UpLoad Time = Sep 16 2025 17:13:51
* <ApplicationData>
* <Seaterm232>
# nquan = 16
# nvalues = 5392                        
# units = specified
# name 0 = depFM: Depth [fresh water, m]
# name 1 = dz/dtM: Descent Rate [m/s]
# name 2 = sbeox0Mg/L: Oxygen, SBE 43 [mg/l]
# name 3 = sbeox0PS: Oxygen, SBE 43 [% saturation]
# name 4 = specc: Specific Conductance [uS/cm]
# name 5 = c0uS/cm: Conductivity [uS/cm]
# name 6 = wetCDOM: Fluorescence, WET Labs CDOM [mg/m^3]
# name 7 = flECO-AFL: Fluorescence, WET Labs ECO-AFL/FL [mg/m^3]
# name 8 = flECO-AFL1: Fluorescence, WET Labs ECO-AFL/FL, 2 [mg/m^3]
# name 9 = flECO-AFL2: Fluorescence, WET Labs ECO-AFL/FL, 3 [mg/m^3]
# name 10 = par/sat/log: PAR/Logarithmic, Satlantic
# name 11 = turbWETntu0: Turbidity, WET Labs ECO [NTU]
# name 12 = prdM: Pressure, Strain Gauge [db]
# name 13 = prdE: Pressure, Strain Gauge [psi]
# name 14 = tv290C: Temperature [ITS-90, deg C]
# name 15 = flag:  0.000e+00
# span 0 =     -0.426,     21.227       
# span 1 =     -0.304,      0.178       
# span 2 =    -0.1258,     9.4918       
# span 3 =     -1.167,    112.115       
# span 4 =   -642.430,    329.842       
# span 5 =-485.845311, 231.622371       
# span 6 =    -4.5000,   367.2000       
# span 7 =    -0.3227,    17.8622       
# span 8 =    -2.1300,    40.6404       
# span 9 =    -2.0304,     8.3754       
# span 10 = 1.1585e-01, 8.6593e+02      
# span 11 =    -1.1102,   971.1247      
# span 12 =     -0.418,     20.816      
# span 13 =     -0.606,     30.191      
# span 14 =    10.0871,    23.6954      
# span 15 = 0.0000e+00, 0.0000e+00      
# interval = seconds: 0.25
# start_time = Sep 16 2025 10:17:40 [Instrument's time stamp, header]
# bad_flag = -9.990e-29
*END*
[from data line 3345]
      7.991      0.029     4.8046     48.367    125.666  99.826348    25.5600     0.9629     0.2982     1.7766 9.3531e+00     3.2405      7.837     11.366    14.8060 0.0000e+00
      7.999      0.027     4.8285     48.813    125.671  99.899092    25.5600     0.9705     0.2982     1.7766 9.2661e+00     3.2858      7.844     11.376    14.7482 0.0000e+00
      8.005      0.026     4.8480     49.294    125.645  99.976642    25.5600     0.9438     0.2982     1.7766 9.2661e+00     3.1952      7.850     11.386    14.7142 0.0000e+00
      8.012      0.024     4.8721     49.724    125.577 100.035719    25.4700     0.9590     0.2982     1.7343 9.2943e+00     3.2707      7.856     11.395    14.7045 0.0000e+00
      8.017      0.023     4.9057     50.032    125.458 100.038125    25.4700     0.9590     0.2982     1.7343 9.2380e+00     3.2707      7.862     11.403    14.7156 0.0000e+00
      8.023      0.022     4.9479     50.168    125.316  99.982511    25.4700     0.9552     0.2982     1.7343 9.2139e+00     3.2707      7.867     11.411    14.7429 0.0000e+00
      8.028      0.021     4.9923     50.102    125.192  99.900012    25.4700     0.9590     0.2982     1.7343 9.2360e+00     3.2556      7.872     11.418    14.7822 0.0000e+00
      8.033      0.021     5.0310     49.839    125.070  99.786615    25.5600     0.8751     0.2982     1.8189 9.2059e+00     3.0441      7.877     11.426    14.8271 0.0000e+00
      8.039      0.022     5.0579     49.421    124.943  99.632063    25.5600     0.8866     0.2982     1.8189 9.1899e+00     3.0290      7.883     11.433    14.8658 0.0000e+00
      8.044      0.022     5.0691     48.912    124.889  99.489067    25.5600     0.8751     0.2982     1.8189 9.1282e+00     2.9837      7.888     11.441    14.8889 0.0000e+00
      8.050      0.023     5.0618     48.382    124.928  99.393429    25.5600     0.8904     0.2982     1.8189 9.0946e+00     2.9837      7.894     11.450    14.8955 0.0000e+00
      8.056      0.023     5.0359     47.904    124.986  99.313642    25.5600     0.8065     0.2982     1.8189 9.0257e+00     3.3462      7.900     11.458    14.8889 0.0000e+00
      8.062      0.024     4.9958     47.541    125.019  99.224427    25.4700     0.8293     0.2982     1.8612 9.0139e+00     3.2405      7.906     11.467    14.8675 0.0000e+00
      8.068      0.024     4.9486     47.334    125.047  99.133964    25.4700     0.8065     0.2982     1.8612 9.0394e+00     3.3160      7.912     11.476    14.8277 0.0000e+00
      8.074      0.025     4.9004     47.290    125.078  99.046103    25.4700     0.8332     0.2982     1.8612 9.0178e+00     3.3009      7.918     11.484    14.7768 0.0000e+00
      8.080      0.026     4.8573     47.383    125.104  98.953397    25.4700     0.9972     0.2982     1.8612 8.9807e+00     3.3311      7.924     11.493    14.7267 0.0000e+00
      8.087      0.027     4.8254     47.569    125.116  98.855100    25.3800     0.9972     0.2556     1.6920 8.9690e+00     3.2707      7.930     11.502    14.6805 0.0000e+00
      8.094      0.029     4.8092     47.802    125.107  98.750973    25.3800     1.0086     0.2556     1.6920 8.9514e+00     3.2405      7.937     11.512    14.6354 0.0000e+00
      8.101      0.031     4.8096     48.045    125.095  98.649215    25.3800     1.0086     0.2556     1.6920 8.8971e+00     3.1952      7.944     11.522    14.5903 0.0000e+00
      8.109      0.033     4.8238     48.274    125.108  98.568650    25.3800     0.9514     0.2556     1.6920 8.9456e+00     3.2103      7.952     11.534    14.5451 0.0000e+00
      8.117      0.035     4.8473     48.468    125.147  98.517764    25.3800     0.9514     0.2982     1.8612 8.8393e+00     3.2707      7.960     11.546    14.5020 0.0000e+00
      8.127      0.038     4.8751     48.624    125.198  98.484982    25.3800     0.9476     0.2982     1.8612 8.7419e+00     3.2556      7.970     11.559    14.4631 0.0000e+00
      8.137      0.040     4.9039     48.747    125.230  98.435584    25.3800     0.9285     0.2982     1.8612 8.6832e+00     3.2103      7.980     11.574    14.4264 0.0000e+00
      8.148      0.042     4.9312     48.852    125.248  98.360393    25.3800     0.8827     0.2982     1.8612 8.5912e+00     3.6635      7.990     11.589    14.3902 0.0000e+00
      8.159      0.043     4.9546     48.953    125.275  98.277321    25.3800     0.8713     0.2982     1.8612 8.4984e+00     3.7088      8.001     11.605    14.3574 0.0000e+00
      8.170      0.044     4.9736     49.049    125.296  98.170209    25.2900     0.8713     0.2130     1.8189 8.3756e+00     3.7390      8.013     11.621    14.3285 0.0000e+00
      8.182      0.043     4.9894     49.131    125.315  98.038464    25.2900     0.8942     0.2130     1.8189 8.3248e+00     3.7843      8.024     11.637    14.2984 0.0000e+00
      8.193      0.042     5.0041     49.186    125.372  97.930873    25.2900     0.7492     0.2130     1.8189 8.2473e+00     3.9656      8.035     11.653    14.2629 0.0000e+00
      8.204      0.041     5.0190     49.207    125.461  97.860701    25.2900     0.7378     0.2130     1.8189 8.1352e+00     4.0109      8.046     11.669    14.2214 0.0000e+00
      8.215      0.039     5.0343     49.201    125.552  97.815224    25.3800     0.7492     0.2556     1.7766 8.0543e+00     3.9656      8.056     11.684    14.1719 0.0000e+00
      8.224      0.037     5.0491     49.180    125.655  97.802292    25.3800     0.7569     0.2556     1.7766 8.0072e+00     3.9505      8.065     11.698    14.1137 0.0000e+00
      8.233      0.035     5.0614     49.154    125.756  97.806466    25.3800     0.7340     0.2556     1.7766 8.0020e+00     3.8901      8.074     11.711    14.0530 0.0000e+00
      8.242      0.033     5.0698     49.136    125.820  97.796885    25.3800     0.7187     0.2556     1.7766 7.9742e+00     3.8901      8.083     11.723    13.9975 0.0000e+00
      8.250      0.032     5.0744     49.133    125.854  97.778984    25.4700     0.7874     0.2130     1.7766 7.9121e+00     3.9656      8.091     11.735    13.9509 0.0000e+00
      8.258      0.030     5.0763     49.135    125.890  97.775964    25.4700     0.7378     0.2130     1.7766 7.9121e+00     4.0109      8.098     11.746    13.9137 0.0000e+00
      8.265      0.029     5.0769     49.133    125.917  97.779027    25.4700     0.7569     0.2130     1.7766 7.8351e+00     4.0713      8.106     11.756    13.8841 0.0000e+00
      8.273      0.027     5.0777     49.119    125.937  97.782993    25.4700     0.7836     0.2130     1.7766 7.7757e+00     4.1922      8.113     11.767    13.8607 0.0000e+00
      8.280      0.025     5.0793     49.096    125.984  97.804907    25.3800     0.7683     0.2130     1.5651 7.7723e+00     4.2828      8.120     11.777    13.8429 0.0000e+00
      8.286      0.023     5.0809     49.071    126.059  97.836627    25.3800     0.7912     0.2130     1.5651 7.7201e+00     4.2073      8.126     11.785    13.8308 0.0000e+00
      8.292      0.022     5.0814     49.057    126.140  97.864628    25.3800     0.7378     0.2130     1.5651 7.6967e+00     4.2375      8.132     11.793    13.8236 0.0000e+00
      8.297      0.020     5.0805     49.054    126.214  97.888383    25.3800     0.7683     0.2130     1.5651 7.7168e+00     3.9354      8.137     11.801    13.8191 0.0000e+00
      8.301      0.019     5.0788     49.062    126.268  97.902236    25.3800     0.7607     0.2130     1.5651 7.6900e+00     3.9354      8.141     11.807    13.8130 0.0000e+00
      8.306      0.019     5.0775     49.080    126.300  97.905883    25.3800     0.7492     0.1704     1.6074 7.7034e+00     3.9656      8.145     11.814    13.8026 0.0000e+00
      8.310      0.019     5.0775     49.103    126.339  97.916282    25.3800     0.7225     0.1704     1.6074 7.7453e+00     3.8901      8.150     11.820    13.7889 0.0000e+00
      8.315      0.021     5.0787     49.115    126.386  97.932209    25.3800     0.7569     0.1704     1.6074 7.7504e+00     4.0260      8.154     11.826    13.7755 0.0000e+00
      8.320      0.022     5.0808     49.108    126.419  97.937929    25.3800     0.7492     0.1704     1.6074 7.7302e+00     3.9807      8.159     11.834    13.7645 0.0000e+00
      8.326      0.023     5.0836     49.086    126.451  97.950951    25.2900     0.7874     0.2130     1.4805 7.6967e+00     3.9656      8.165     11.842    13.7559 0.0000e+00
      8.333      0.024     5.0868     49.059    126.490  97.982739    25.2900     0.7454     0.2130     1.4805 7.4515e+00     3.9807      8.172     11.852    13.7483 0.0000e+00
      8.340      0.024     5.0890     49.036    126.511  98.013794    25.2900     0.6653     0.2130     1.4805 7.4986e+00     4.2224      8.179     11.862    13.7401 0.0000e+00
      8.346      0.023     5.0891     49.017    126.503  98.032417    25.2900     0.7149     0.2130     1.4805 7.4079e+00     4.1922      8.185     11.871    13.7321 0.0000e+00
      8.352      0.022     5.0874     49.007    126.464  98.031587    25.2900     0.7187     0.2130     1.3536 7.3902e+00     4.2073      8.191     11.880    13.7274 0.0000e+00
      8.357      0.021     5.0845     49.004    126.423  98.023073    25.2900     0.6958     0.2130     1.3536 7.4385e+00     4.1922      8.196     11.887    13.7281 0.0000e+00
      8.362      0.020     5.0814     49.004    126.421  98.028586    25.2900     0.6729     0.2130     1.3536 7.4628e+00     3.8598      8.200     11.894    13.7341 0.0000e+00
      8.367      0.020     5.0784     48.998    126.432  98.029614    25.2900     0.6882     0.2130     1.3536 7.4758e+00     3.6786      8.205     11.900    13.7439 0.0000e+00
      8.371      0.020     5.0760     48.979    126.411  98.002450    25.2900     0.7073     0.2130     1.3536 7.4531e+00     3.7390      8.209     11.907    13.7555 0.0000e+00
      8.376      0.021     5.0747     48.948    126.366  97.955836    25.2000     0.7073     0.2130     1.0998 7.4563e+00     3.7692      8.214     11.914    13.7646 0.0000e+00
      8.381      0.023     5.0744     48.907    126.326  97.901322    25.2000     0.7035     0.2130     1.0998 7.4176e+00     3.7390      8.219     11.921    13.7673 0.0000e+00
      8.387      0.025     5.0741     48.854    126.304  97.840356    25.2000     0.7111     0.2130     1.0998 7.4288e+00     3.6635      8.225     11.929    13.7643 0.0000e+00
      8.393      0.027     5.0727     48.779    126.294  97.778659    25.2000     0.7225     0.2130     1.0998 7.4224e+00     3.7692      8.231     11.938    13.7600 0.0000e+00
      8.401      0.030     5.0699     48.683    126.291  97.727749    25.2900     0.6806     0.2556     1.1844 7.4515e+00     3.6937      8.238     11.948    13.7554 0.0000e+00
      8.409      0.031     5.0667     48.578    126.285  97.692030    25.2900     0.7225     0.2556     1.1844 7.3966e+00     3.9807      8.246     11.960    13.7461 0.0000e+00
      8.418      0.032     5.0631     48.476    126.271  97.669970    25.2900     0.6806     0.2556     1.1844 7.1052e+00     3.9807      8.255     11.973    13.7290 0.0000e+00
      8.427      0.032     5.0578     48.388    126.227  97.641697    25.2900     0.6920     0.2556     1.1844 7.1688e+00     3.9958      8.264     11.986    13.7075 0.0000e+00
      8.436      0.031     5.0500     48.318    126.093  97.559709    25.2900     0.6844     0.2130     1.5228 7.0913e+00     4.0260      8.273     11.998    13.6884 0.0000e+00
      8.443      0.028     5.0405     48.273    125.847  97.398148    25.2900     0.6882     0.2130     1.5228 7.0422e+00     3.9958      8.280     12.009    13.6760 0.0000e+00
      8.450      0.026     5.0304     48.261    125.492  97.149900    25.2900     0.6882     0.2130     1.5228 7.1129e+00     3.9354      8.287     12.019    13.6714 0.0000e+00
      8.456      0.024     5.0209     48.282    124.958  96.752765    25.2900     0.6920     0.2130     1.5228 7.0759e+00     4.0562      8.293     12.028    13.6739 0.0000e+00
      8.462      0.022     5.0128     48.326    124.079  96.076862    25.2900     0.6920     0.1704     1.4382 7.0728e+00     3.9958      8.298     12.035    13.6822 0.0000e+00
      8.467      0.021     5.0069     48.383    122.611  94.939951    25.2900     0.7645     0.1704     1.4382 7.0636e+00     3.6937      8.303     12.042    13.6936 0.0000e+00
      8.472      0.021     5.0045     48.445    120.178  93.052844    25.2900     0.7416     0.1704     1.4382 7.0529e+00     3.7541      8.308     12.050    13.7041 0.0000e+00
      8.477      0.021     5.0060     48.502    116.123  89.910312    25.2900     0.7721     0.1704     1.4382 7.0101e+00     3.6937      8.313     12.057    13.7103 0.0000e+00
      8.482      0.021     5.0104     48.553    109.360  84.674347    25.2900     0.7492     0.1704     1.4382 6.9873e+00     3.6937      8.319     12.065    13.7119 0.0000e+00
      8.488      0.022     5.0164     48.594     98.100  75.960680    25.2000     0.6920     0.2130     0.8883 6.9479e+00     3.7692      8.324     12.073    13.7111 0.0000e+00
      8.494      0.022     5.0230     48.619     79.347  61.449664    25.2000     0.6882     0.2130     0.8883 6.8848e+00     3.7390      8.330     12.081    13.7091 0.0000e+00
      8.499      0.023     5.0293     48.634     48.104  37.277688    25.2000     0.6806     0.2130     0.8883 6.9193e+00     3.7390      8.335     12.089    13.7064 0.0000e+00
      8.505      0.025     5.0348     48.647     -3.941  -2.983123    25.2000     0.7187     0.2130     0.8883 6.8579e+00     3.7239      8.341     12.097    13.7039 0.0000e+00
      8.512      0.026     5.0394     48.657    -90.660 -70.056999    25.2000     0.7149     0.2130     1.0998 6.8000e+00     3.7994      8.347     12.106    13.7012 0.0000e+00
      8.519      0.028     5.0424     48.650   -235.208-181.850289    25.2000     0.7149     0.2130     1.0998 6.7868e+00     3.7692      8.354     12.116    13.6978 0.0000e+00
      8.526      0.031     5.0445     48.628   -476.162-368.200512    25.2000     0.7149     0.2130     1.0998 6.7353e+00     3.6635      8.361     12.127    13.6930 0.0000e+00
      8.534      0.033     5.0465     48.597   -626.762-484.692674    25.2000     0.6920     0.2130     1.0998 6.6279e+00     3.7390      8.369     12.138    13.6873 0.0000e+00
      8.543      0.035     5.0481     48.557   -476.151-368.266980    25.2900     0.7302     0.2556     1.3536 6.5520e+00     4.0260      8.378     12.151    13.6816 0.0000e+00
      8.553      0.036     5.0482     48.506   -235.169-181.960988    25.2900     0.7111     0.2556     1.3536 6.3959e+00     3.9958      8.387     12.164    13.6758 0.0000e+00
      8.562      0.036     5.0469     48.443    -90.547 -70.171519    25.2900     0.7302     0.2556     1.3536 6.2925e+00     4.1015      8.397     12.178    13.6673 0.0000e+00
      8.572      0.036     5.0452     48.379     -3.736  -3.084053    25.2900     0.6920     0.2556     1.3536 6.1626e+00     3.9354      8.407     12.193    13.6541 0.0000e+00
      8.582      0.036     5.0429     48.326     48.368  37.171417    25.3800     0.6272     0.2130     1.2267 6.1265e+00     4.0864      8.416     12.206    13.6377 0.0000e+00
      8.591      0.035     5.0395     48.290     79.645  61.329683    25.3800     0.6081     0.2130     1.2267 6.1066e+00     3.9656      8.425     12.219    13.6200 0.0000e+00
      8.599      0.034     5.0349     48.273     98.433  75.832947    25.3800     0.6424     0.2130     1.2267 6.0841e+00     3.9807      8.433     12.231    13.6016 0.0000e+00
      8.608      0.034     5.0301     48.277    109.706  84.524767    25.3800     0.6653     0.2130     1.2267 5.9831e+00     4.0562      8.441     12.243    13.5843 0.0000e+00
      8.616      0.035     5.0261     48.304    116.453  89.714971    25.3800     0.6577     0.2130     1.2267 5.9857e+00     3.8901      8.449     12.254    13.5702 0.0000e+00
      8.624      0.036     5.0236     48.352    120.499  92.811588    25.2900     0.6233     0.2130     0.8460 5.9133e+00     4.0260      8.458     12.267    13.5589 0.0000e+00
