Data/DataNotYetUploadedToEDI/Raw_CTD/RawDownloads/091624_ccr50_S8188001.cnv
* Sea-Bird SBE19plus  Data File:
* FileName = C:\R\Reservoirs\Data\DataNotYetUploadedToEDI\Raw_CTD\RawDownloads\091624_ccr50_S8188_0001.hex
* Software version 2.8.0.119
* Temperature SN = 8188
* Conductivity SN = 8188
* System UpLoad Time = Sep 16 2024 16:31:32
* <ApplicationData>
* <Seaterm232>
# nquan = 16
# nvalues = 2222                        
# units = specified
# name 0 = depFM: Depth [fresh water, m]
# name 1 = dz/dtM: Descent Rate [m/s]
# name 2 = sbeox0Mg/L: Oxygen, SBE 43 [mg/l]
# name 3 = sbeox0PS: Oxygen, SBE 43 [% saturation]
# name 4 = specc: Specific Conductance [uS/cm]
# name 5 = c0uS/cm: Conductivity [uS/cm]
# name 6 = wetCDOM: Fluorescence, WET Labs CDOM [mg/m^3]
# name 7 = flECO-AFL: Fluorescence, WET Labs ECO-AFL/FL [mg/m^3]
# name 8 = flECO-AFL1: Fluorescence, WET Labs ECO-AFL/FL, 2 [mg/m^3]
# name 9 = flECO-AFL2: Fluorescence, WET Labs ECO-AFL/FL, 3 [mg/m^3]
# name 10 = par/sat/log: PAR/Logarithmic, Satlantic
# name 11 = turbWETntu0: Turbidity, WET Labs ECO [NTU]
# name 12 = prdM: Pressure, Strain Gauge [db]
# name 13 = prdE: Pressure, Strain Gauge [psi]
# name 14 = tv290C: Temperature [ITS-90, deg C]
# name 15 = flag:  0.000e+00
# span 0 =     -0.404,     19.150       
# span 1 =     -0.355,      0.176       
# span 2 =    -0.4539,    10.7342       
# span 3 =     -4.317,    125.672       
# span 4 =   -511.442,    268.812       
# span 5 =-470.795686, 192.943640       
# span 6 =    -4.5000,    72.5400       
# span 7 =    -0.9636,     3.8506       
# span 8 =    -2.1300,     1.7040       
# span 9 =    -2.0304,     1.1421       
# span 10 = 1.1585e-01, 6.6254e+02      
# span 11 =    -2.2885,    72.7452      
# span 12 =     -0.396,     18.780      
# span 13 =     -0.575,     27.238      
# span 14 =    10.8854,    23.2236      
# span 15 = 0.0000e+00, 0.0000e+00      
# interval = seconds: 0.25
# start_time = Sep 16 2024 10:22:43 [Instrument's time stamp, header]
# bad_flag = -9.990e-29
*END*
[from data line 362]
      0.242     -0.001     5.9524    108.229    120.758 116.297294    11.4300     1.1879     0.0852     0.2961 4.0668e+02     0.2494      0.237      0.344    22.8975 0.0000e+00
      0.241     -0.001     6.6468    116.424    120.742 116.340326    11.4300     1.1727     0.0426     0.3807 3.9751e+02     0.0983      0.236      0.343    22.9852 0.0000e+00
      0.241      0.000     7.5009    122.194    120.724 116.361102    11.4300     1.1879     0.0426     0.3807 4.0386e+02     0.1588      0.236      0.343    23.0575 0.0000e+00
      0.241      0.001     8.4057    125.234    120.708 116.369163    11.4300     1.2032     0.0426     0.3807 3.8027e+02     0.1890      0.236      0.343    23.1107 0.0000e+00
      0.242      0.002     9.2507    125.672    120.689 116.366659    11.4300     1.2146     0.0426     0.3807 4.2752e+02     0.1739      0.237      0.344    23.1474 0.0000e+00
      0.243      0.002     9.9481    124.078    120.666 116.352922    11.4300     1.1803     0.0852     0.3384 3.2846e+02     0.1286      0.238      0.345    23.1717 0.0000e+00
      0.244      0.002    10.4391    121.294    120.655 116.348288    11.4300     1.2146     0.0852     0.3384 4.0766e+02     0.2494      0.239      0.347    23.1873 0.0000e+00
      0.244      0.001    10.6976    118.104    120.663 116.359523    11.4300     1.1803     0.0852     0.3384 4.0536e+02     0.3400      0.240      0.348    23.1973 0.0000e+00
      0.245     -0.001    10.7342    115.030    120.668 116.365621    11.4300     1.2566     0.0852     0.3384 3.4983e+02     0.2494      0.240      0.348    23.2036 0.0000e+00
      0.244     -0.003    10.5975    112.333    120.666 116.364209    11.4300     1.2375     0.0852     0.2115 3.5635e+02     0.2343      0.239      0.348    23.2074 0.0000e+00
      0.243     -0.004    10.3595    110.091    120.661 116.358912    11.4300     1.2566     0.0852     0.2115 3.7714e+02     0.1890      0.238      0.346    23.2097 0.0000e+00
      0.242     -0.006    10.0869    108.284    120.655 116.352315    11.4300     1.2451     0.0852     0.2115 3.3032e+02     0.2343      0.237      0.344    23.2110 0.0000e+00
      0.240     -0.008     9.8243    106.862    120.655 116.350660    11.4300     1.1727     0.0852     0.2115 3.5852e+02     0.4911      0.235      0.341    23.2117 0.0000e+00
      0.237     -0.009     9.5940    105.777    120.652 116.345506    11.4300     1.1879     0.0852     0.2115 4.0624e+02     0.5213      0.233      0.338    23.2119 0.0000e+00
      0.234     -0.009     9.4025    104.984    120.656 116.347477    11.4300     1.1956     0.0852     0.3807 3.1945e+02     0.5515      0.230      0.334    23.2118 0.0000e+00
      0.231     -0.009     9.2483    104.432    120.679 116.369099    11.4300     1.1765     0.0852     0.3807 4.3682e+02     0.4609      0.227      0.329    23.2114 0.0000e+00
      0.228     -0.008     9.1269    104.074    120.689 116.380138    11.4300     1.1956     0.0852     0.3807 4.1247e+02     0.2041      0.224      0.325    23.2107 0.0000e+00
      0.226     -0.006     9.0344    103.861    120.675 116.367539    11.4300     1.1803     0.0852     0.3807 4.3445e+02     0.2041      0.222      0.322    23.2098 0.0000e+00
      0.226     -0.004     8.9668    103.730    120.667 116.359941    11.4300     1.1612     0.0852     0.2961 3.9432e+02     0.2041      0.221      0.321    23.2092 0.0000e+00
      0.225     -0.002     8.9197    103.625    120.680 116.371318    11.4300     1.2070     0.0852     0.2961 4.1852e+02     0.2192      0.221      0.320    23.2090 0.0000e+00
      0.225     -0.000     8.8891    103.521    120.699 116.388704    11.4300     1.2070     0.0852     0.2961 3.7396e+02     0.5364      0.221      0.320    23.2093 0.0000e+00
      0.226      0.001     8.8708    103.419    120.705 116.392736    11.4300     1.1956     0.0852     0.2961 4.0783e+02     0.5364      0.221      0.321    23.2096 0.0000e+00
      0.226      0.002     8.8596    103.325    120.693 116.380489    11.4300     1.2032     0.0426     0.3807 3.5666e+02     0.4911      0.222      0.321    23.2096 0.0000e+00
      0.226      0.002     8.8507    103.249    120.690 116.376697    11.4300     1.1917     0.0426     0.3807 3.9441e+02     0.5364      0.222      0.322    23.2093 0.0000e+00
      0.227      0.002     8.8419    103.207    120.720 116.404347    11.4300     1.2146     0.0426     0.3807 3.8044e+02     0.3703      0.223      0.323    23.2088 0.0000e+00
      0.228      0.001     8.8333    103.208    120.769 116.450813    11.4300     1.1650     0.0426     0.3807 3.7445e+02     0.1286      0.224      0.324    23.2083 0.0000e+00
      0.229     -0.000     8.8254    103.243    120.805 116.484488    11.4300     1.2070     0.0426     0.3807 3.3451e+02     0.2192      0.225      0.325    23.2077 0.0000e+00
      0.229     -0.002     8.8190    103.292    120.808 116.486350    11.3400     1.2070     0.0852     0.3384 3.7813e+02     0.2192      0.224      0.325    23.2072 0.0000e+00
      0.228     -0.004     8.8154    103.333    120.774 116.452897    11.3400     1.1879     0.0852     0.3384 4.3154e+02     0.1739      0.223      0.324    23.2068 0.0000e+00
      0.226     -0.005     8.8155    103.359    120.724 116.403208    11.3400     1.1803     0.0852     0.3384 3.7339e+02     0.1890      0.222      0.322    23.2065 0.0000e+00
      0.225     -0.007     8.8186    103.364    120.679 116.360032    11.3400     1.2108     0.0852     0.3384 4.1525e+02     0.2192      0.220      0.319    23.2061 0.0000e+00
      0.222     -0.007     8.8228    103.347    120.660 116.341854    11.4300     1.1803     0.0426     0.2961 4.4992e+02     0.1588      0.218      0.316    23.2059 0.0000e+00
      0.220     -0.007     8.8264    103.317    120.673 116.353828    11.4300     1.1994     0.0426     0.2961 4.1852e+02     0.2494      0.215      0.312    23.2056 0.0000e+00
      0.218     -0.006     8.8286    103.297    120.693 116.373146    11.4300     1.1841     0.0426     0.2961 3.7895e+02     0.2796      0.213      0.309    23.2053 0.0000e+00
      0.216     -0.006     8.8291    103.308    120.716 116.394960    11.4300     1.2223     0.0426     0.2961 4.0952e+02     0.2494      0.212      0.307    23.2050 0.0000e+00
      0.215     -0.005     8.8277    103.345    120.752 116.429087    11.4300     1.2070     0.0426     0.2961 4.1381e+02     0.2192      0.211      0.306    23.2050 0.0000e+00
      0.215     -0.004     8.8251    103.395    120.786 116.460628    11.4300     1.1383     0.0426     0.2961 3.9432e+02     0.1588      0.211      0.305    23.2051 0.0000e+00
      0.214     -0.004     8.8234    103.447    120.796 116.469994    11.4300     1.1574     0.0426     0.2961 4.0072e+02     0.3098      0.210      0.304    23.2050 0.0000e+00
      0.212     -0.004     8.8244    103.477    120.786 116.459683    11.4300     1.1193     0.0426     0.2961 4.2189e+02     0.1890      0.208      0.302    23.2048 0.0000e+00
      0.211     -0.004     8.8276    103.469    120.760 116.434945    11.4300     1.1460     0.0426     0.2538 4.2465e+02     0.2494      0.207      0.301    23.2044 0.0000e+00
      0.210     -0.004     8.8320    103.427    120.730 116.405184    11.4300     1.0659     0.0426     0.2538 4.4924e+02     0.2494      0.206      0.299    23.2040 0.0000e+00
      0.209     -0.004     8.8364    103.358    120.706 116.382463    11.4300     1.0887     0.0426     0.2538 4.2125e+02     0.1890      0.205      0.298    23.2037 0.0000e+00
      0.208     -0.004     8.8390    103.271    120.692 116.368722    11.4300     1.0582     0.0426     0.2538 3.8185e+02     0.2494      0.204      0.296    23.2035 0.0000e+00
      0.207     -0.004     8.8383    103.196    120.679 116.356297    11.4300     1.0735     0.0426     0.2538 4.8232e+02     0.2645      0.203      0.294    23.2035 0.0000e+00
      0.206     -0.003     8.8347    103.165    120.659 116.337875    11.4300     1.0811     0.0000     0.4230 4.2976e+02     0.1739      0.202      0.293    23.2034 0.0000e+00
      0.205     -0.002     8.8288    103.191    120.645 116.324543    11.4300     1.0735     0.0000     0.4230 3.3846e+02     0.1588      0.201      0.291    23.2033 0.0000e+00
      0.205     -0.001     8.8215    103.263    120.641 116.320746    11.4300     1.0926     0.0000     0.4230 4.1238e+02     0.2796      0.201      0.291    23.2034 0.0000e+00
      0.205      0.000     8.8150    103.356    120.643 116.321471    11.4300     1.0697     0.0000     0.4230 4.1327e+02     0.2494      0.201      0.292    23.2036 0.0000e+00
      0.205      0.001     8.8123    103.451    120.654 116.330912    11.4300     1.0506     0.0426     0.3807 4.4525e+02     0.2494      0.202      0.292    23.2039 0.0000e+00
      0.206      0.002     8.8145    103.540    120.681 116.355586    11.4300     1.0582     0.0426     0.3807 3.8761e+02     0.2796      0.202      0.293    23.2040 0.0000e+00
      0.206      0.002     8.8206    103.615    120.705 116.378073    11.4300     1.0620     0.0426     0.3807 4.5891e+02     0.2343      0.203      0.294    23.2039 0.0000e+00
      0.207      0.001     8.8287    103.658    120.708 116.380370    11.4300     1.0849     0.0426     0.3807 3.4778e+02     0.3552      0.203      0.294    23.2035 0.0000e+00
      0.207      0.001     8.8369    103.655    120.704 116.375090    11.4300     1.0926     0.0852     0.3384 4.3445e+02     0.2041      0.203      0.295    23.2029 0.0000e+00
      0.208      0.001     8.8445    103.614    120.703 116.372825    11.4300     1.0849     0.0852     0.3384 3.8956e+02     0.2192      0.204      0.295    23.2023 0.0000e+00
      0.208     -0.000     8.8510    103.558    120.705 116.372970    11.4300     1.0697     0.0852     0.3384 4.2052e+02     0.2041      0.204      0.295    23.2020 0.0000e+00
      0.208     -0.001     8.8547    103.497    120.714 116.379564    11.4300     1.0735     0.0852     0.3384 4.0536e+02     0.1890      0.204      0.295    23.2018 0.0000e+00
      0.207     -0.001     8.8546    103.436    120.716 116.378366    11.4300     1.0849     0.0852     0.2961 3.7821e+02     0.2192      0.203      0.295    23.2015 0.0000e+00
      0.207     -0.002     8.8512    103.380    120.697 116.357055    11.4300     1.0926     0.0852     0.2961 4.4092e+02     0.1890      0.203      0.294    23.2009 0.0000e+00
      0.206     -0.002     8.8465    103.338    120.684 116.341948    11.4300     1.0659     0.0852     0.2961 3.8326e+02     0.3098      0.202      0.293    23.2000 0.0000e+00
      0.205     -0.002     8.8415    103.313    120.697 116.353017    11.4300     1.0697     0.0852     0.2961 3.8956e+02     0.3552      0.201      0.292    23.1990 0.0000e+00
      0.205     -0.002     8.8365    103.294    120.720 116.373213    11.4300     1.0010     0.0852     0.2961 4.2153e+02     0.2192      0.201      0.291    23.1978 0.0000e+00
      0.204     -0.002     8.8319    103.279    120.731 116.383921    11.3400     1.0048     0.0426     0.3384 4.0046e+02     0.2796      0.200      0.290    23.1967 0.0000e+00
      0.203     -0.002     8.8285    103.275    120.743 116.395998    11.3400     1.0163     0.0426     0.3384 4.3720e+02     0.2494      0.199      0.289    23.1957 0.0000e+00
      0.203     -0.001     8.8265    103.281    120.754 116.408663    11.3400     1.0010     0.0426     0.3384 4.4758e+02     0.2494      0.199      0.288    23.1949 0.0000e+00
      0.202     -0.001     8.8250    103.284    120.760 116.417296    11.3400     1.0430     0.0426     0.3384 4.0019e+02     0.2192      0.198      0.288    23.1944 0.0000e+00
      0.202     -0.000     8.8237    103.291    120.764 116.424197    11.4300     1.0582     0.0426     0.1692 4.0299e+02     0.1890      0.198      0.288    23.1942 0.0000e+00
      0.202      0.000     8.8233    103.321    120.761 116.423207    11.4300     1.0659     0.0426     0.1692 4.0836e+02     0.2494      0.199      0.288    23.1945 0.0000e+00
      0.203      0.001     8.8237    103.385    120.754 116.418064    11.4300     1.0926     0.0426     0.1692 4.0002e+02     0.2192      0.199      0.289    23.1953 0.0000e+00
      0.203      0.001     8.8238    103.475    120.737 116.403394    11.4300     1.0697     0.0426     0.1692 5.0145e+02     0.1890      0.199      0.289    23.1963 0.0000e+00
      0.203      0.001     8.8241    103.567    120.715 116.383286    11.4300     1.0659     0.0426     0.2115 3.9889e+02     0.2343      0.199      0.289    23.1974 0.0000e+00
      0.204      0.002     8.8265    103.626    120.712 116.380379    11.4300     1.0620     0.0426     0.2115 4.2189e+02     0.2645      0.200      0.290    23.1984 0.0000e+00
      0.204      0.002     8.8318    103.628    120.727 116.393895    11.4300     1.0659     0.0426     0.2115 3.9751e+02     0.0983      0.200      0.291    23.1992 0.0000e+00
      0.205      0.002     8.8394    103.573    120.735 116.399441    11.4300     1.0239     0.0426     0.2115 4.1354e+02     0.2947      0.201      0.291    23.1998 0.0000e+00
      0.205      0.002     8.8472    103.479    120.732 116.394494    11.4300     1.0048     0.0426     0.2115 4.3107e+02     0.2343      0.201      0.292    23.2002 0.0000e+00
      0.206      0.001     8.8523    103.379    120.733 116.393736    11.4300     1.0124     0.0426     0.3807 4.2456e+02     0.2041      0.202      0.293    23.2001 0.0000e+00
      0.206      0.001     8.8526    103.296    120.738 116.396964    11.4300     1.0086     0.0426     0.3807 4.4131e+02     0.2192      0.202      0.294    23.1997 0.0000e+00
      0.207      0.001     8.8480    103.229    120.736 116.393040    11.4300     1.0353     0.0426     0.3807 3.9484e+02     0.2192      0.203      0.294    23.1991 0.0000e+00
      0.207      0.001     8.8401    103.168    120.716 116.372916    11.4300     1.0392     0.0426     0.3807 3.9863e+02     0.2494      0.203      0.294    23.1982 0.0000e+00
      0.207      0.001     8.8317    103.115    120.710 116.365226    11.4300     1.0353     0.0852     0.2961 3.8301e+02     0.2343      0.203      0.295    23.1973 0.0000e+00
      0.208      0.002     8.8247    103.083    120.742 116.393918    11.4300     1.0201     0.0852     0.2961 3.9364e+02     0.2645      0.204      0.295    23.1966 0.0000e+00
      0.208      0.002     8.8191    103.090    120.772 116.420644    11.4300     1.0086     0.0852     0.2961 4.0686e+02     0.1286      0.204      0.296    23.1961 0.0000e+00
      0.209      0.002     8.8140    103.131    120.780 116.426531    11.4300     1.0163     0.0852     0.2961 3.8359e+02     0.3098      0.205      0.297    23.1956 0.0000e+00
      0.209      0.002     8.8095    103.192    120.780 116.425150    11.4300     1.0163     0.0852     0.2961 4.5218e+02     0.3552      0.205      0.298    23.1949 0.0000e+00
      0.210      0.003     8.8070    103.267    120.772 116.416131    11.4300     1.0353     0.0852     0.2961 4.2493e+02     0.2343      0.206      0.298    23.1940 0.0000e+00
      0.210      0.003     8.8077    103.360    120.770 116.413070    11.4300     0.9514     0.0852     0.2961 3.2287e+02     0.2343      0.206      0.299    23.1930 0.0000e+00
      0.211      0.003     8.8113    103.461    120.777 116.419150    11.4300     0.9362     0.0852     0.2961 3.7854e+02     0.2494      0.207      0.301    23.1922 0.0000e+00
      0.212      0.003     8.8166    103.546    120.774 116.415992    11.4300     0.9590     0.0426     0.2961 3.8543e+02     0.1739      0.208      0.302    23.1917 0.0000e+00
      0.213      0.003     8.8231    103.591    120.760 116.402756    11.4300     0.9476     0.0426     0.2961 3.6386e+02     0.2192      0.209      0.303    23.1912 0.0000e+00
      0.213      0.002     8.8311    103.587    120.735 116.379910    11.4300     1.0124     0.0426     0.2961 3.7421e+02     0.1588      0.209      0.304    23.1907 0.0000e+00
