Data/DataNotYetUploadedToEDI/Raw_CTD/RawDownloads/091624_ccr50_S8188001.cnv
* Sea-Bird SBE19plus  Data File:
* FileName = C:\R\Reservoirs\Data\DataNotYetUploadedToEDI\Raw_CTD\RawDownloads\091624_ccr50_S8188_0001.hex
* Software version 2.8.0.119
* Temperature SN = 8188
* Conductivity SN = 8188
* System UpLoad Time = Sep 16 2024 16:31:32
* <ApplicationData>
* <Seaterm232>
# nquan = 16
# nvalues = 2222                        
# units = specified
# name 0 = depFM: Depth [fresh water, m]
# name 1 = dz/dtM: Descent Rate [m/s]
# name 2 = sbeox0Mg/L: Oxygen, SBE 43 [mg/l]
# name 3 = sbeox0PS: Oxygen, SBE 43 [% saturation]
# name 4 = specc: Specific Conductance [uS/cm]
# name 5 = c0uS/cm: Conductivity [uS/cm]
# name 6 = wetCDOM: Fluorescence, WET Labs CDOM [mg/m^3]
# name 7 = flECO-AFL: Fluorescence, WET Labs ECO-AFL/FL [mg/m^3]
# name 8 = flECO-AFL1: Fluorescence, WET Labs ECO-AFL/FL, 2 [mg/m^3]
# name 9 = flECO-AFL2: Fluorescence, WET Labs ECO-AFL/FL, 3 [mg/m^3]
# name 10 = par/sat/log: PAR/Logarithmic, Satlantic
# name 11 = turbWETntu0: Turbidity, WET Labs ECO [NTU]
# name 12 = prdM: Pressure, Strain Gauge [db]
# name 13 = prdE: Pressure, Strain Gauge [psi]
# name 14 = tv290C: Temperature [ITS-90, deg C]
# name 15 = flag:  0.000e+00
# span 0 =     -0.404,     19.150       
# span 1 =     -0.355,      0.176       
# span 2 =    -0.4539,    10.7342       
# span 3 =     -4.317,    125.672       
# span 4 =   -511.442,    268.812       
# span 5 =-470.795686, 192.943640       
# span 6 =    -4.5000,    72.5400       
# span 7 =    -0.9636,     3.8506       
# span 8 =    -2.1300,     1.7040       
# span 9 =    -2.0304,     1.1421       
# span 10 = 1.1585e-01, 6.6254e+02      
# span 11 =    -2.2885,    72.7452      
# span 12 =     -0.396,     18.780      
# span 13 =     -0.575,     27.238      
# span 14 =    10.8854,    23.2236      
# span 15 = 0.0000e+00, 0.0000e+00      
# interval = seconds: 0.25
# start_time = Sep 16 2024 10:22:43 [Instrument's time stamp, header]
# bad_flag = -9.990e-29
*END*
[from data line 272]
      0.240      0.008     4.9630     56.440   -371.846-353.325235    11.3400     1.2451     0.0852     0.2961 3.6712e+02     0.2343      0.236      0.342    22.4975 0.0000e+00
      0.243      0.008     4.9482     56.199   -175.243-166.519705    11.4300     1.2413     0.0426     0.3384 3.4350e+02     0.0983      0.238      0.345    22.4978 0.0000e+00
      0.246      0.009     4.9295     55.975    -57.271 -54.425903    11.4300     1.2413     0.0426     0.3384 3.3604e+02     0.2645      0.241      0.349    22.4981 0.0000e+00
      0.248      0.008     4.9082     55.773     13.522  12.839851    11.4300     1.2566     0.0426     0.3384 3.7016e+02     0.3552      0.243      0.352    22.4983 0.0000e+00
      0.250      0.007     4.8864     55.605     56.001  53.203095    11.4300     1.2451     0.0426     0.3384 3.9535e+02     0.2343      0.245      0.355    22.4985 0.0000e+00
      0.252      0.006     4.8655     55.486     81.482  77.415361    11.3400     1.2680     0.0426     0.3384 3.9049e+02     0.2494      0.247      0.357    22.4987 0.0000e+00
      0.253      0.005     4.8460     55.430     96.759  91.933253    11.3400     1.2642     0.0426     0.3384 3.6872e+02     0.1890      0.248      0.360    22.4991 0.0000e+00
      0.255      0.004     4.8284     55.439    105.918 100.636209    11.3400     1.2261     0.0426     0.3384 3.5650e+02     0.3098      0.250      0.362    22.4995 0.0000e+00
      0.255      0.003     4.8138     55.500    111.408 105.853017    11.3400     1.2490     0.0426     0.3384 3.7945e+02     0.2192      0.250      0.363    22.4999 0.0000e+00
      0.255      0.002     4.8034     55.583    114.703 108.982822    11.4300     1.2451     0.0852     0.3807 4.0203e+02     0.1739      0.250      0.363    22.5005 0.0000e+00
      0.255      0.002     4.7985     55.659    116.680 110.860241    11.4300     1.2642     0.0852     0.3807 3.4952e+02     0.2041      0.250      0.363    22.5012 0.0000e+00
      0.256      0.002     4.7992     55.701    117.861 111.981919    11.4300     1.2642     0.0852     0.3807 3.6473e+02     0.2192      0.251      0.364    22.5017 0.0000e+00
      0.256      0.003     4.8045     55.688    118.568 112.654968    11.4300     1.2757     0.0852     0.3807 3.8418e+02     0.1739      0.251      0.364    22.5018 0.0000e+00
      0.257      0.004     4.8117     55.612    119.000 113.066867    11.4300     1.2337     0.0852     0.3807 3.5242e+02     0.1588      0.252      0.366    22.5015 0.0000e+00
      0.259      0.004     4.8183     55.481    119.264 113.319457    11.4300     1.2719     0.0426     0.4653 3.8745e+02     0.1588      0.253      0.367    22.5010 0.0000e+00
      0.260      0.004     4.8220     55.318    119.422 113.472097    11.4300     1.2490     0.0426     0.4653 3.4846e+02     0.2947      0.255      0.370    22.5007 0.0000e+00
      0.261      0.004     4.8208     55.156    119.518 113.565490    11.4300     1.2642     0.0426     0.4653 3.7372e+02     0.2494      0.256      0.372    22.5011 0.0000e+00
      0.262      0.003     4.8142     55.021    119.570 113.616544    11.4300     1.2986     0.0426     0.4653 3.6576e+02     0.1739      0.257      0.373    22.5018 0.0000e+00
      0.263      0.003     4.8028     54.926    119.587 113.634872    11.4300     1.3100     0.0852     0.3807 3.5744e+02     0.1739      0.258      0.374    22.5026 0.0000e+00
      0.263      0.003     4.7886     54.860    119.586 113.637360    11.4300     1.3367     0.0852     0.3807 3.6355e+02     0.1739      0.258      0.374    22.5034 0.0000e+00
      0.263      0.003     4.7745     54.800    119.578 113.632672    11.4300     1.2986     0.0852     0.3807 3.8409e+02     0.1588      0.258      0.375    22.5042 0.0000e+00
      0.264      0.003     4.7628     54.732    119.566 113.623557    11.4300     1.2451     0.0852     0.3807 3.7739e+02     0.3249      0.259      0.375    22.5051 0.0000e+00
      0.265      0.003     4.7545     54.647    119.555 113.615582    11.4300     1.2566     0.0852     0.2538 3.6323e+02     0.2494      0.260      0.377    22.5061 0.0000e+00
      0.266      0.003     4.7486     54.544    119.551 113.614621    11.4300     1.2490     0.0852     0.2538 3.7551e+02     0.1588      0.261      0.379    22.5073 0.0000e+00
      0.267      0.003     4.7433     54.425    119.558 113.624415    11.4300     1.2337     0.0852     0.2538 3.4915e+02     0.0983      0.262      0.380    22.5085 0.0000e+00
      0.268      0.002     4.7373     54.298    119.571 113.639579    11.4300     1.2719     0.0852     0.2538 3.9742e+02     0.2041      0.263      0.381    22.5096 0.0000e+00
      0.268      0.001     4.7298     54.181    119.582 113.652158    11.4300     1.2680     0.0852     0.2538 3.1717e+02     0.2494      0.263      0.382    22.5107 0.0000e+00
      0.268     -0.001     4.7208     54.106    119.594 113.665507    11.4300     1.2566     0.0426     0.2961 3.7854e+02     0.2192      0.263      0.382    22.5119 0.0000e+00
      0.268     -0.004     4.7105     54.116    119.612 113.683184    11.4300     1.2680     0.0426     0.2961 3.3765e+02     0.1739      0.263      0.381    22.5131 0.0000e+00
      0.267     -0.006     4.6994     54.256    119.624 113.693908    11.4300     1.2375     0.0426     0.2961 3.7445e+02     0.3098      0.262      0.380    22.5143 0.0000e+00
      0.266     -0.008     4.6891     54.552    119.615 113.684538    11.4300     1.2871     0.0426     0.2961 3.4665e+02     0.3098      0.261      0.378    22.5152 0.0000e+00
      0.263     -0.010     4.6826     54.984    119.594 113.664576    11.4300     1.2451     0.0426     0.4230 3.9253e+02     0.2041      0.258      0.374    22.5158 0.0000e+00
      0.259     -0.010     4.6834     55.493    119.580 113.652694    11.4300     1.2833     0.0426     0.4230 2.9910e+02     0.2947      0.254      0.368    22.5160 0.0000e+00
      0.255     -0.010     4.6956     56.018    119.573 113.649724    11.4300     1.3329     0.0426     0.4230 3.8989e+02     0.2796      0.250      0.363    22.5158 0.0000e+00
      0.252     -0.008     4.7212     56.512    119.573 113.654872    11.4300     1.3176     0.0426     0.4230 3.5496e+02     0.2041      0.247      0.359    22.5155 0.0000e+00
      0.251     -0.006     4.7586     56.935    119.578 113.665513    11.5200     1.3443     0.0852     0.2538 3.9924e+02     0.1588      0.246      0.357    22.5155 0.0000e+00
      0.250     -0.005     4.8026     57.260    119.573 113.668488    11.5200     1.3024     0.0852     0.2538 3.8820e+02     0.1890      0.245      0.356    22.5163 0.0000e+00
      0.250     -0.003     4.8478     57.489    119.557 113.660589    11.5200     1.3138     0.0852     0.2538 3.7372e+02     0.1437      0.245      0.356    22.5179 0.0000e+00
      0.250     -0.002     4.8904     57.647    119.535 113.647711    11.5200     1.3405     0.0852     0.2538 3.7838e+02     0.1890      0.245      0.355    22.5200 0.0000e+00
      0.249     -0.001     4.9267     57.760    119.513 113.634419    11.4300     1.3291     0.0852     0.2961 4.0404e+02     0.2343      0.244      0.354    22.5226 0.0000e+00
      0.248     -0.001     4.9546     57.841    119.497 113.625167    11.4300     1.2986     0.0852     0.2961 3.6063e+02     0.2494      0.243      0.353    22.5255 0.0000e+00
      0.248      0.000     4.9741     57.896    119.485 113.617488    11.4300     1.3176     0.0852     0.2961 3.9829e+02     0.1739      0.243      0.353    22.5288 0.0000e+00
      0.249      0.001     4.9875     57.928    119.470 113.605335    11.4300     1.3443     0.0852     0.2961 3.8787e+02     0.3249      0.244      0.353    22.5321 0.0000e+00
      0.249      0.002     4.9970     57.938    119.456 113.593466    11.4300     1.3214     0.0852     0.2961 3.6752e+02     0.1739      0.244      0.354    22.5352 0.0000e+00
      0.250      0.002     5.0037     57.920    119.457 113.594713    11.3400     1.3062     0.0000     0.2538 3.5681e+02     0.2192      0.245      0.355    22.5377 0.0000e+00
      0.250      0.001     5.0083     57.865    119.472 113.609410    11.3400     1.3138     0.0000     0.2538 3.8093e+02     0.1588      0.245      0.356    22.5394 0.0000e+00
      0.251      0.001     5.0110     57.776    119.485 113.621478    11.3400     1.3138     0.0000     0.2538 3.9846e+02     0.3400      0.246      0.357    22.5402 0.0000e+00
      0.251      0.001     5.0118     57.666    119.485 113.622137    11.3400     1.3176     0.0000     0.2538 3.9967e+02     0.1588      0.246      0.357    22.5405 0.0000e+00
      0.251      0.000     5.0102     57.547    119.477 113.615562    11.4300     1.3138     0.0426     0.4230 3.7194e+02     0.2343      0.246      0.357    22.5408 0.0000e+00
      0.251      0.000     5.0055     57.420    119.469 113.607998    11.4300     1.3024     0.0426     0.4230 3.4861e+02     0.2494      0.246      0.357    22.5409 0.0000e+00
      0.251      0.000     4.9977     57.291    119.461 113.601429    11.4300     1.3214     0.0426     0.4230 3.7024e+02     0.2494      0.246      0.357    22.5409 0.0000e+00
      0.251      0.001     4.9882     57.170    119.453 113.594103    11.4300     1.3214     0.0426     0.4230 3.7600e+02     0.2947      0.246      0.357    22.5411 0.0000e+00
      0.251      0.001     4.9779     57.062    119.438 113.580067    11.4300     1.3291     0.0852     0.3384 3.8493e+02     0.2494      0.246      0.357    22.5413 0.0000e+00
      0.251      0.001     4.9669     56.969    119.415 113.559577    11.4300     1.3939     0.0852     0.3384 3.5219e+02     0.2645      0.246      0.357    22.5417 0.0000e+00
      0.252      0.001     4.9558     56.892    119.397 113.543167    11.4300     1.3977     0.0852     0.3384 3.6680e+02     0.2494      0.247      0.358    22.5420 0.0000e+00
      0.252      0.001     4.9453     56.826    119.388 113.534459    11.4300     1.3863     0.0852     0.3384 3.9091e+02     0.2645      0.247      0.358    22.5422 0.0000e+00
      0.252      0.001     4.9359     56.769    119.384 113.531131    11.4300     1.4016     0.0852     0.3384 3.2470e+02     0.2041      0.247      0.359    22.5425 0.0000e+00
      0.253      0.001     4.9278     56.722    119.385 113.532296    11.4300     1.3253     0.0852     0.4653 3.5845e+02     0.3400      0.248      0.359    22.5428 0.0000e+00
      0.253      0.001     4.9211     56.682    119.391 113.538265    11.4300     1.3329     0.0852     0.4653 3.8694e+02     0.1890      0.248      0.359    22.5430 0.0000e+00
      0.253      0.001     4.9154     56.645    119.395 113.542631    11.4300     1.3214     0.0852     0.4653 3.5166e+02     0.2041      0.248      0.360    22.5432 0.0000e+00
      0.254      0.001     4.9105     56.610    119.391 113.538559    11.4300     1.3367     0.0852     0.4653 3.7008e+02     0.2041      0.249      0.360    22.5433 0.0000e+00
      0.254      0.002     4.9065     56.579    119.380 113.528962    11.4300     1.3596     0.0426     0.3384 3.6712e+02     0.2796      0.249      0.361    22.5434 0.0000e+00
      0.255      0.002     4.9030     56.551    119.369 113.519281    11.4300     1.3710     0.0426     0.3384 3.4975e+02     0.2947      0.250      0.362    22.5436 0.0000e+00
      0.255      0.002     4.8997     56.520    119.364 113.514931    11.4300     1.3214     0.0426     0.3384 3.8243e+02     0.3552      0.250      0.363    22.5438 0.0000e+00
      0.256      0.001     4.8967     56.485    119.363 113.514755    11.4300     1.3291     0.0426     0.3384 3.8543e+02     0.3249      0.251      0.363    22.5440 0.0000e+00
      0.256      0.001     4.8940     56.445    119.362 113.514704    11.4300     1.3062     0.0852     0.3384 4.0046e+02     0.2343      0.251      0.364    22.5442 0.0000e+00
      0.256      0.001     4.8915     56.392    119.360 113.514766    11.4300     1.3138     0.0852     0.3384 3.5744e+02     0.2494      0.251      0.364    22.5443 0.0000e+00
      0.256      0.001     4.8888     56.324    119.353 113.510957    11.4300     1.3214     0.0852     0.3384 4.1988e+02     0.2494      0.251      0.365    22.5445 0.0000e+00
      0.256      0.001     4.8857     56.249    119.343 113.506261    11.4300     1.3024     0.0852     0.3384 3.2421e+02     0.1739      0.251      0.365    22.5448 0.0000e+00
      0.257      0.000     4.8822     56.172    119.337 113.507425    11.4300     1.3214     0.0426     0.4230 4.0881e+02     0.1890      0.252      0.365    22.5453 0.0000e+00
      0.257      0.000     4.8776     56.096    119.330 113.510760    11.4300     1.3062     0.0426     0.4230 3.5790e+02     0.1134      0.252      0.365    22.5460 0.0000e+00
      0.257      0.000     4.8716     56.023    119.324 113.517155    11.4300     1.3329     0.0426     0.4230 3.5304e+02     0.2192      0.252      0.365    22.5472 0.0000e+00
      0.257      0.000     4.8650     55.945    119.321 113.528318    11.4300     1.3024     0.0426     0.4230 3.7242e+02     0.2192      0.252      0.366    22.5491 0.0000e+00
      0.257     -0.001     4.8580     55.860    119.315 113.539226    11.4300     1.2566     0.0426     0.4230 3.8652e+02     0.2494      0.252      0.366    22.5521 0.0000e+00
      0.257     -0.001     4.8511     55.780    119.301 113.544789    11.4300     1.2451     0.0426     0.3384 3.6521e+02     0.2343      0.252      0.366    22.5562 0.0000e+00
      0.257     -0.002     4.8443     55.713    119.277 113.542494    11.4300     1.2642     0.0426     0.3384 3.8761e+02     0.1890      0.252      0.365    22.5612 0.0000e+00
      0.256     -0.002     4.8369     55.659    119.252 113.539727    11.4300     1.2566     0.0426     0.3384 3.9364e+02     0.2494      0.251      0.365    22.5670 0.0000e+00
      0.256     -0.003     4.8289     55.624    119.239 113.547751    11.4300     1.2680     0.0426     0.3384 3.5814e+02     0.2494      0.251      0.364    22.5740 0.0000e+00
      0.255     -0.003     4.8213     55.629    119.245 113.572705    11.4300     1.2451     0.0426     0.3384 3.5666e+02     0.2645      0.250      0.363    22.5822 0.0000e+00
      0.255     -0.004     4.8147     55.699    119.273 113.617244    11.4300     1.2451     0.0426     0.3384 3.7731e+02     0.2645      0.250      0.362    22.5908 0.0000e+00
      0.254     -0.005     4.8092     55.874    119.318 113.681249    11.4300     1.2375     0.0426     0.3384 3.6584e+02     0.2192      0.249      0.360    22.5993 0.0000e+00
      0.252     -0.005     4.8054     56.228    119.383 113.773787    11.4300     1.3253     0.0426     0.3384 3.6968e+02     0.1890      0.247      0.359    22.6078 0.0000e+00
      0.251     -0.006     4.8050     56.882    119.496 113.927536    11.4300     1.3214     0.0426     0.3384 3.5689e+02     0.2192      0.246      0.356    22.6159 0.0000e+00
      0.249     -0.006     4.8102     58.054    119.700 114.191494    11.4300     1.3138     0.0426     0.3384 3.7024e+02     0.1739      0.244      0.354    22.6235 0.0000e+00
      0.247     -0.006     4.8243     60.107    120.032 114.620051    11.4300     1.3367     0.0426     0.3384 3.6505e+02     0.1890      0.242      0.351    22.6325 0.0000e+00
      0.246     -0.005     4.8533     63.631    120.416 115.155511    11.4300     1.3443     0.0426     0.3384 4.0651e+02     0.2192      0.241      0.349    22.6452 0.0000e+00
      0.245     -0.004     4.9074     69.349    120.670 115.610702    11.4300     1.3138     0.0426     0.3384 3.5135e+02     0.2343      0.240      0.348    22.6640 0.0000e+00
      0.244     -0.004     5.0049     77.566    120.755 115.903039    11.4300     1.3367     0.0852     0.2961 3.6236e+02     0.2947      0.239      0.346    22.6931 0.0000e+00
      0.243     -0.003     5.1763     87.641    120.766 116.088494    11.4300     1.3138     0.0852     0.2961 4.0404e+02     0.1437      0.238      0.345    22.7394 0.0000e+00
