Data/DataNotYetUploadedToEDI/Raw_CTD/RawDownloads/091625_ccr50_S8188002.cnv
* Sea-Bird SBE19plus  Data File:
* FileName = C:\R\Reservoirs\Data\DataNotYetUploadedToEDI\Raw_CTD\RawDownloads\091525_bvr50_S8188_0002.hex
* Software version 2.8.0.119
* Temperature SN = 8188
* Conductivity SN = 8188
* System UpLoad Time = Sep 16 2025 17:13:51
* <ApplicationData>
* <Seaterm232>
# nquan = 16
# nvalues = 5392                        
# units = specified
# name 0 = depFM: Depth [fresh water, m]
# name 1 = dz/dtM: Descent Rate [m/s]
# name 2 = sbeox0Mg/L: Oxygen, SBE 43 [mg/l]
# name 3 = sbeox0PS: Oxygen, SBE 43 [% saturation]
# name 4 = specc: Specific Conductance [uS/cm]
# name 5 = c0uS/cm: Conductivity [uS/cm]
# name 6 = wetCDOM: Fluorescence, WET Labs CDOM [mg/m^3]
# name 7 = flECO-AFL: Fluorescence, WET Labs ECO-AFL/FL [mg/m^3]
# name 8 = flECO-AFL1: Fluorescence, WET Labs ECO-AFL/FL, 2 [mg/m^3]
# name 9 = flECO-AFL2: Fluorescence, WET Labs ECO-AFL/FL, 3 [mg/m^3]
# name 10 = par/sat/log: PAR/Logarithmic, Satlantic
# name 11 = turbWETntu0: Turbidity, WET Labs ECO [NTU]
# name 12 = prdM: Pressure, Strain Gauge [db]
# name 13 = prdE: Pressure, Strain Gauge [psi]
# name 14 = tv290C: Temperature [ITS-90, deg C]
# name 15 = flag:  0.000e+00
# span 0 =     -0.426,     21.227       
# span 1 =     -0.304,      0.178       
# span 2 =    -0.1258,     9.4918       
# span 3 =     -1.167,    112.115       
# span 4 =   -642.430,    329.842       
# span 5 =-485.845311, 231.622371       
# span 6 =    -4.5000,   367.2000       
# span 7 =    -0.3227,    17.8622       
# span 8 =    -2.1300,    40.6404       
# span 9 =    -2.0304,     8.3754       
# span 10 = 1.1585e-01, 8.6593e+02      
# span 11 =    -1.1102,   971.1247      
# span 12 =     -0.418,     20.816      
# span 13 =     -0.606,     30.191      
# span 14 =    10.0871,    23.6954      
# span 15 = 0.0000e+00, 0.0000e+00      
# interval = seconds: 0.25
# start_time = Sep 16 2025 10:17:40 [Instrument's time stamp, header]
# bad_flag = -9.990e-29
*END*
[from data line 4520]
     18.588      0.036     3.3115     30.865    128.950  96.825760    27.0900     0.6348     0.2130     0.3807 1.1605e-01    10.7182     18.229     26.439    12.5604 0.0000e+00
     18.598      0.039     3.3078     30.719    128.944  96.804362    27.1800     0.6233     0.2130     0.3807 1.1628e-01    10.6577     18.238     26.452    12.5574 0.0000e+00
     18.609      0.041     3.3026     30.515    128.955  96.795575    27.1800     0.6424     0.2130     0.3807 1.1587e-01    10.5218     18.248     26.467    12.5527 0.0000e+00
     18.620      0.043     3.2952     30.237    128.996  96.809044    27.1800     0.6233     0.2130     0.3807 1.1617e-01    10.5973     18.259     26.483    12.5470 0.0000e+00
     18.631      0.044     3.2846     29.874    129.041  96.826380    27.1800     0.6539     0.2130     0.3807 1.1600e-01    10.9297     18.271     26.499    12.5408 0.0000e+00
     18.643      0.045     3.2695     29.413    129.076  96.836222    27.1800     0.6348     0.2130     0.2961 1.1623e-01    10.8541     18.282     26.516    12.5343 0.0000e+00
     18.654      0.044     3.2483     28.845    129.125  96.859174    27.1800     0.6348     0.2130     0.2961 1.1617e-01    10.7786     18.294     26.532    12.5276 0.0000e+00
     18.666      0.043     3.2192     28.178    129.179  96.891368    27.1800     0.6424     0.2130     0.2961 1.1605e-01    11.0203     18.305     26.549    12.5211 0.0000e+00
     18.677      0.041     3.1810     27.434    129.241  96.935392    27.1800     0.6729     0.2130     0.2961 1.1623e-01    11.1109     18.316     26.565    12.5147 0.0000e+00
     18.687      0.038     3.1324     26.639    129.289  96.973016    26.9100     0.6958     0.2130     0.3384 1.1602e-01    11.1109     18.326     26.580    12.5084 0.0000e+00
     18.697      0.036     3.0722     25.834    129.307  96.988297    26.9100     0.7073     0.2130     0.3384 1.1600e-01    11.1563     18.335     26.593    12.5031 0.0000e+00
     18.705      0.033     3.0014     25.071    129.343  97.015281    26.9100     0.6996     0.2130     0.3384 1.1615e-01    11.1563     18.343     26.605    12.4999 0.0000e+00
     18.713      0.031     2.9222     24.406    129.391  97.051173    26.9100     0.6844     0.2130     0.3384 1.1607e-01    11.1714     18.351     26.616    12.4990 0.0000e+00
     18.720      0.029     2.8375     23.884    129.428  97.077572    26.5500     0.6844     0.2130     0.4653 1.1607e-01    11.2318     18.358     26.626    12.4995 0.0000e+00
     18.727      0.028     2.7518     23.518    129.452  97.093524    26.5500     0.7073     0.2130     0.4653 1.1612e-01    11.0958     18.365     26.636    12.5001 0.0000e+00
     18.734      0.026     2.6705     23.293    129.464  97.099287    26.5500     0.6806     0.2130     0.4653 1.1620e-01    11.0505     18.372     26.646    12.5002 0.0000e+00
     18.741      0.025     2.5997     23.181    129.477  97.104389    26.5500     0.6882     0.2130     0.4653 1.1623e-01    10.8541     18.378     26.656    12.5000 0.0000e+00
     18.747      0.024     2.5441     23.149    129.491  97.110193    26.5500     0.6729     0.2130     0.4653 1.1617e-01    10.8541     18.384     26.664    12.4995 0.0000e+00
     18.753      0.023     2.5052     23.165    129.507  97.118244    26.6400     0.6958     0.2130     0.3384 1.1600e-01    10.8541     18.390     26.673    12.4988 0.0000e+00
     18.758      0.022     2.4813     23.211    129.517  97.124694    26.6400     0.6920     0.2130     0.3384 1.1612e-01    10.8390     18.396     26.681    12.4976 0.0000e+00
     18.764      0.022     2.4695     23.281    129.522  97.129267    26.6400     0.6233     0.2130     0.3384 1.1617e-01    10.8390     18.401     26.689    12.4958 0.0000e+00
     18.769      0.022     2.4662     23.378    129.535  97.141174    26.6400     0.6348     0.2130     0.3384 1.1628e-01    10.8843     18.406     26.696    12.4939 0.0000e+00
     18.774      0.023     2.4679     23.510    129.555  97.155597    26.4600     0.6272     0.2130     0.3384 1.1607e-01    10.8239     18.411     26.704    12.4924 0.0000e+00
     18.780      0.025     2.4728     23.679    129.586  97.174386    26.4600     0.6233     0.2130     0.3384 1.1607e-01    10.8390     18.417     26.712    12.4920 0.0000e+00
     18.787      0.026     2.4803     23.889    129.622  97.194556    26.4600     0.6882     0.2130     0.3384 1.1625e-01    11.8360     18.423     26.721    12.4925 0.0000e+00
     18.794      0.027     2.4906     24.132    129.656  97.215493    26.4600     0.6958     0.2130     0.3384 1.1595e-01    11.9116     18.430     26.731    12.4931 0.0000e+00
     18.802      0.027     2.5046     24.381    129.689  97.238782    26.3700     0.6920     0.2130     0.2961 1.1612e-01    11.8511     18.438     26.742    12.4930 0.0000e+00
     18.809      0.026     2.5228     24.602    129.698  97.244657    26.3700     0.6882     0.2130     0.2961 1.1615e-01    11.8965     18.445     26.753    12.4913 0.0000e+00
     18.815      0.025     2.5452     24.763    129.693  97.238683    26.3700     0.6958     0.2130     0.2961 1.1617e-01    11.1109     18.452     26.762    12.4887 0.0000e+00
     18.821      0.024     2.5712     24.843    129.725  97.259229    26.3700     0.7225     0.2130     0.2961 1.1617e-01    11.1109     18.457     26.770    12.4867 0.0000e+00
     18.827      0.024     2.5978     24.844    129.808  97.315771    26.3700     0.6729     0.2130     0.2961 1.1612e-01    11.1865     18.463     26.778    12.4861 0.0000e+00
     18.832      0.025     2.6214     24.785    129.895  97.371433    26.1900     0.6920     0.2130     0.2961 1.1623e-01    11.1411     18.468     26.786    12.4858 0.0000e+00
     18.838      0.027     2.6385     24.686    129.990  97.429070    26.1900     0.7607     0.2130     0.2961 1.1612e-01    10.7635     18.474     26.794    12.4851 0.0000e+00
     18.845      0.029     2.6471     24.565    130.146  97.526031    26.1900     0.7721     0.2130     0.2961 1.1623e-01    10.6880     18.481     26.804    12.4840 0.0000e+00
     18.853      0.032     2.6474     24.437    130.378  97.670190    26.1900     0.7797     0.2130     0.2961 1.1605e-01    10.7333     18.488     26.815    12.4818 0.0000e+00
     18.861      0.035     2.6414     24.294    130.691  97.862022    25.9200     0.7683     0.2130     0.2538 1.1617e-01    10.6124     18.497     26.827    12.4781 0.0000e+00
     18.871      0.037     2.6311     24.110    131.044  98.070753    25.9200     0.7607     0.2130     0.2538 1.1612e-01    12.1080     18.506     26.841    12.4729 0.0000e+00
     18.881      0.039     2.6187     23.835    131.355  98.242140    25.9200     0.7683     0.2130     0.2538 1.1607e-01    12.0777     18.516     26.855    12.4654 0.0000e+00
     18.892      0.040     2.6057     23.398    131.599  98.367930    25.9200     0.7378     0.2130     0.2538 1.1600e-01    12.0475     18.527     26.871    12.4540 0.0000e+00
     18.903      0.040     2.5914     22.728    131.788  98.463679    26.1000     0.7492     0.2130     0.3807 1.1600e-01    12.1231     18.538     26.886    12.4376 0.0000e+00
     18.913      0.039     2.5729     21.774    131.932  98.534936    26.1000     0.7721     0.2130     0.3807 1.1595e-01    12.3346     18.548     26.901    12.4164 0.0000e+00
     18.923      0.038     2.5449     20.530    132.066  98.604699    26.1000     0.7340     0.2130     0.3807 1.1623e-01    12.3497     18.557     26.915    12.3931 0.0000e+00
     18.933      0.037     2.4994     19.046    132.216  98.687574    26.1000     0.7721     0.2130     0.3807 1.1612e-01    12.3799     18.567     26.928    12.3715 0.0000e+00
     18.942      0.036     2.4287     17.422    132.382  98.781681    26.1000     0.7569     0.2130     0.2961 1.1585e-01    12.2892     18.576     26.941    12.3540 0.0000e+00
     18.951      0.035     2.3275     15.770    132.589  98.904121    26.1000     0.7302     0.2130     0.2961 1.1610e-01    12.0324     18.584     26.954    12.3403 0.0000e+00
     18.959      0.036     2.1950     14.197    132.854  99.067561    26.1000     0.7530     0.2130     0.2961 1.1617e-01    12.1231     18.593     26.966    12.3287 0.0000e+00
     18.968      0.036     2.0369     12.784    133.166  99.261628    26.1000     0.7683     0.2130     0.2961 1.1610e-01    12.1533     18.601     26.979    12.3176 0.0000e+00
     18.977      0.038     1.8635     11.580    133.513  99.474126    26.1000     0.7759     0.2130     0.2961 1.1628e-01    12.0777     18.610     26.991    12.3064 0.0000e+00
     18.986      0.039     1.6873     10.587    133.898  99.705765    26.1000     0.8293     0.2130     0.3384 1.1595e-01    11.5641     18.619     27.005    12.2946 0.0000e+00
     18.997      0.041     1.5194      9.763    134.276  99.928384    26.1000     0.8408     0.2130     0.3384 1.1623e-01    11.6397     18.629     27.019    12.2817 0.0000e+00
     19.008      0.042     1.3685      9.032    134.568 100.091434    26.1000     0.8103     0.2130     0.3384 1.1623e-01    11.7152     18.640     27.035    12.2672 0.0000e+00
     19.020      0.043     1.2401      8.298    134.732 100.170442    26.1000     0.8255     0.2130     0.3384 1.1612e-01    11.5792     18.652     27.052    12.2499 0.0000e+00
     19.031      0.042     1.1343      7.475    134.815 100.202464    26.1000     0.9400     0.2130     0.2538 1.1597e-01    10.3556     18.663     27.069    12.2294 0.0000e+00
     19.042      0.041     1.0466      6.518    134.974 100.301956    26.1000     0.9362     0.2130     0.2538 1.1628e-01    10.4614     18.674     27.084    12.2075 0.0000e+00
     19.052      0.040     0.9687      5.435    135.318 100.541414    26.1000     0.9362     0.2130     0.2538 1.1612e-01    10.3556     18.684     27.099    12.1874 0.0000e+00
     19.062      0.039     0.8903      4.284    135.814 100.882773    26.1000     0.9438     0.2130     0.2538 1.1623e-01    10.3707     18.693     27.112    12.1712 0.0000e+00
     19.071      0.039     0.8022      3.163    136.340 101.231202    26.0100     0.8293     0.2130     0.3384 1.1623e-01    10.5973     18.702     27.125    12.1601 0.0000e+00
     19.080      0.039     0.6996      2.171    136.754 101.485753    26.0100     0.8332     0.2130     0.3384 1.1600e-01    10.5369     18.711     27.138    12.1534 0.0000e+00
     19.090      0.039     0.5833      1.373    136.975 101.598385    26.0100     0.8217     0.2130     0.3384 1.1605e-01    10.6275     18.721     27.152    12.1474 0.0000e+00
     19.101      0.040     0.4598      0.781    137.061 101.621115    26.0100     0.8217     0.2130     0.3384 1.1602e-01    10.6577     18.732     27.167    12.1375 0.0000e+00
     19.112      0.039     0.3395      0.357    137.161 101.667927    26.0100     0.7683     0.2130     0.3384 1.1605e-01    10.3707     18.742     27.183    12.1218 0.0000e+00
     19.122      0.039     0.2330      0.032    137.342 101.785281    26.1900     0.7492     0.2130     0.2538 1.1623e-01    10.4614     18.753     27.198    12.1026 0.0000e+00
     19.132      0.038     0.1474     -0.259    137.609 101.972493    26.1900     0.7378     0.2130     0.2538 1.1623e-01    10.3556     18.762     27.212    12.0838 0.0000e+00
     19.141      0.037     0.0838     -0.545    138.066 102.299474    26.1900     0.7416     0.2130     0.2538 1.1592e-01    10.4009     18.771     27.224    12.0688 0.0000e+00
     19.150      0.037     0.0383     -0.815    138.858 102.861414    26.1900     0.6806     0.2130     0.2538 1.1617e-01    10.1894     18.779     27.237    12.0588 0.0000e+00
     19.159      0.038     0.0034     -1.038    139.970 103.636277    26.1900     0.7149     0.2130     0.2961 1.1597e-01    10.1290     18.788     27.249    12.0526 0.0000e+00
     19.168      0.039    -0.0279     -1.167    141.133 104.428945    26.1900     0.6920     0.2130     0.2961 1.1623e-01    10.2801     18.797     27.263    12.0489 0.0000e+00
     19.178      0.040    -0.0586     -1.167    142.094 105.067017    26.1900     0.6920     0.2130     0.2961 1.1600e-01    10.1743     18.807     27.278    12.0450 0.0000e+00
     19.189      0.042    -0.0878     -1.035    142.830 105.544737    26.1900     0.5623     0.2130     0.2961 1.1597e-01    10.3858     18.818     27.293    12.0362 0.0000e+00
     19.200      0.042    -0.1118     -0.813    143.384 105.899539    26.2800     0.5661     0.2130     0.2961 1.1610e-01    10.2952     18.829     27.309    12.0190 0.0000e+00
     19.212      0.042    -0.1257     -0.577    143.749 106.128082    26.2800     0.5356     0.2130     0.2961 1.1623e-01    10.4311     18.840     27.325    11.9950 0.0000e+00
     19.223      0.041    -0.1258     -0.399    143.894 106.209347    26.2800     0.5661     0.2130     0.2961 1.1602e-01    10.4311     18.851     27.341    11.9691 0.0000e+00
     19.233      0.040    -0.1116     -0.320    143.890 106.194989    26.2800     0.5852     0.2130     0.2961 1.1595e-01     9.9024     18.861     27.356    11.9456 0.0000e+00
     19.243      0.039    -0.0877     -0.345    143.920 106.219114    26.4600     0.5661     0.2556     0.2961 1.1610e-01     9.9628     18.871     27.370    11.9263 0.0000e+00
     19.253      0.039    -0.0622     -0.444    144.197 106.432085    26.4600     0.5699     0.2556     0.2961 1.1597e-01     9.8571     18.880     27.384    11.9120 0.0000e+00
     19.262      0.039    -0.0430     -0.573    144.942 106.986646    26.4600     0.5623     0.2556     0.2961 1.1600e-01     9.9628     18.889     27.397    11.9029 0.0000e+00
     19.272      0.041    -0.0346     -0.687    146.132 107.852763    26.4600     0.6005     0.2556     0.2961 1.1612e-01    10.1290     18.899     27.410    11.8989 0.0000e+00
     19.282      0.042    -0.0372     -0.744    147.314 108.689640    26.4600     0.5661     0.2556     0.2961 1.1610e-01    10.0535     18.909     27.425    11.8994 0.0000e+00
     19.293      0.044    -0.0479     -0.718    148.066 109.196638    26.1900     0.5776     0.1704     0.3807 1.1605e-01    10.0837     18.919     27.440    11.9025 0.0000e+00
     19.305      0.045    -0.0619     -0.603    148.409 109.404990    26.1900     0.5928     0.1704     0.3807 1.1592e-01    10.1592     18.932     27.458    11.9041 0.0000e+00
     19.318      0.045    -0.0742     -0.420    148.518 109.450232    26.1900     0.5585     0.1704     0.3807 1.1633e-01     9.3435     18.944     27.476    11.8999 0.0000e+00
     19.330      0.044    -0.0803     -0.205    148.515 109.420405    26.1900     0.6195     0.1704     0.3807 1.1602e-01     8.5126     18.956     27.494    11.8881 0.0000e+00
     19.341      0.043    -0.0775      0.008    148.585 109.449508    26.4600     0.6539     0.2130     0.2115 1.1615e-01     8.4824     18.967     27.510    11.8719 0.0000e+00
     19.352      0.041    -0.0652      0.198    148.944 109.689254    26.4600     0.6348     0.2130     0.2115 1.1612e-01     8.5428     18.977     27.524    11.8569 0.0000e+00
     19.361      0.040    -0.0454      0.363    149.761 110.255558    26.4600     0.6424     0.2130     0.2115 1.1612e-01     8.5428     18.987     27.538    11.8449 0.0000e+00
     19.371      0.039    -0.0222      0.498    151.064 111.159477    26.4600     0.5699     0.2130     0.2115 1.1602e-01     8.0896     18.996     27.551    11.8357 0.0000e+00
     19.380      0.039     0.0008      0.600    152.589 112.204176    25.9200     0.5738     0.2130     0.2961 1.1617e-01     8.1199     19.005     27.565    11.8283 0.0000e+00
     19.390      0.040     0.0215      0.679    154.093 113.222344    25.9200     0.5661     0.2130     0.2961 1.1617e-01     8.0141     19.015     27.579    11.8204 0.0000e+00
     19.401      0.041     0.0393      0.747    155.574 114.223532    25.9200     0.5585     0.2130     0.2961 1.1605e-01     7.9839     19.025     27.594    11.8089 0.0000e+00
     19.412      0.042     0.0539      0.812    156.837 115.066747    25.9200     0.6272     0.2130     0.2961 1.1623e-01     7.4401     19.036     27.610    11.7907 0.0000e+00
