Data/DataNotYetUploadedToEDI/Raw_CTD/RawDownloads/091624_ccr88_S8188003.cnv
* Sea-Bird SBE19plus  Data File:
* FileName = C:\R\Reservoirs\Data\DataNotYetUploadedToEDI\Raw_CTD\RawDownloads\091624_ccr50_S8188_0003.hex
* Software version 2.8.0.119
* Temperature SN = 8188
* Conductivity SN = 8188
* System UpLoad Time = Sep 16 2024 16:32:18
* <ApplicationData>
* <Seaterm232>
# nquan = 16
# nvalues = 1441                        
# units = specified
# name 0 = depFM: Depth [fresh water, m]
# name 1 = dz/dtM: Descent Rate [m/s]
# name 2 = sbeox0Mg/L: Oxygen, SBE 43 [mg/l]
# name 3 = sbeox0PS: Oxygen, SBE 43 [% saturation]
# name 4 = specc: Specific Conductance [uS/cm]
# name 5 = c0uS/cm: Conductivity [uS/cm]
# name 6 = wetCDOM: Fluorescence, WET Labs CDOM [mg/m^3]
# name 7 = flECO-AFL: Fluorescence, WET Labs ECO-AFL/FL [mg/m^3]
# name 8 = flECO-AFL1: Fluorescence, WET Labs ECO-AFL/FL, 2 [mg/m^3]
# name 9 = flECO-AFL2: Fluorescence, WET Labs ECO-AFL/FL, 3 [mg/m^3]
# name 10 = par/sat/log: PAR/Logarithmic, Satlantic
# name 11 = turbWETntu0: Turbidity, WET Labs ECO [NTU]
# name 12 = prdM: Pressure, Strain Gauge [db]
# name 13 = prdE: Pressure, Strain Gauge [psi]
# name 14 = tv290C: Temperature [ITS-90, deg C]
# name 15 = flag:  0.000e+00
# span 0 =     -0.397,      9.889       
# span 1 =     -0.301,      0.177       
# span 2 =     0.0326,     9.9183       
# span 3 =      0.315,    116.345       
# span 4 =   -604.427,    176.087       
# span 5 =-481.520955, 137.336516       
# span 6 =    -3.9600,    44.5500       
# span 7 =    -0.7729,    11.6022       
# span 8 =    -3.7488,     2.5560       
# span 9 =    -8.9253,     5.3721       
# span 10 = 6.2344e-01, 1.1797e+03      
# span 11 =    -2.4849,   971.0642      
# span 12 =     -0.390,      9.698      
# span 13 =     -0.565,     14.066      
# span 14 =    13.9914,    23.3176      
# span 15 = 0.0000e+00, 0.0000e+00      
# interval = seconds: 0.25
# start_time = Sep 16 2024 10:59:56 [Instrument's time stamp, header]
# bad_flag = -9.990e-29
*END*
[from data line 995]
      8.516      0.081     3.5442     36.262    126.736 100.042721    29.5200     0.7416     0.2556     0.2961 5.4305e+00     4.9022      8.351     12.113    14.5224 0.0000e+00
      8.536      0.079     3.5741     36.668    126.745 100.027459    29.5200     0.7378     0.2556     0.2961 5.4446e+00     4.9173      8.371     12.141    14.4993 0.0000e+00
      8.555      0.078     3.6114     37.020    126.779 100.029229    29.5200     0.7645     0.2556     0.2961 5.3450e+00     4.9928      8.390     12.168    14.4834 0.0000e+00
      8.575      0.076     3.6538     37.290    126.806 100.032514    29.5200     0.7721     0.2556     0.2961 5.0657e+00     4.9928      8.409     12.197    14.4735 0.0000e+00
      8.595      0.074     3.6980     37.463    126.814 100.034192    29.2500     0.7569     0.2130     0.2538 4.7801e+00     4.8418      8.429     12.225    14.4657 0.0000e+00
      8.615      0.072     3.7402     37.533    126.813 100.042704    29.2500     0.7492     0.2130     0.2538 4.6978e+00     4.9777      8.448     12.253    14.4568 0.0000e+00
      8.633      0.068     3.7768     37.505    126.810 100.060320    29.2500     0.7683     0.2130     0.2538 4.6541e+00     4.9777      8.466     12.279    14.4470 0.0000e+00
      8.650      0.064     3.8049     37.404    126.804 100.077751    29.2500     0.6348     0.2130     0.2538 4.5838e+00     4.6605      8.483     12.304    14.4398 0.0000e+00
      8.666      0.060     3.8228     37.259    126.794 100.087656    29.2500     0.6348     0.2130     0.2538 4.5530e+00     4.7058      8.498     12.326    14.4378 0.0000e+00
      8.681      0.055     3.8295     37.093    126.791 100.094676    29.1600     0.6615     0.2130     0.2115 4.4494e+00     4.7662      8.512     12.347    14.4415 0.0000e+00
      8.694      0.051     3.8260     36.926    126.783 100.090690    29.1600     0.6310     0.2130     0.2115 4.3965e+00     4.6605      8.525     12.366    14.4493 0.0000e+00
      8.706      0.047     3.8150     36.773    126.766 100.076634    29.1600     0.6500     0.2130     0.2115 4.3377e+00     3.8901      8.538     12.383    14.4583 0.0000e+00
      8.717      0.044     3.7997     36.640    126.760 100.064748    29.1600     0.6310     0.2130     0.2115 4.2833e+00     4.0109      8.549     12.399    14.4653 0.0000e+00
      8.728      0.042     3.7824     36.535    126.769 100.057856    28.8900     0.6500     0.1704     0.2115 4.3142e+00     4.1167      8.559     12.414    14.4689 0.0000e+00
      8.738      0.039     3.7653     36.462    126.800 100.070107    28.8900     0.6653     0.1704     0.2115 4.2694e+00     4.0562      8.569     12.429    14.4699 0.0000e+00
      8.748      0.037     3.7497     36.424    126.838 100.096772    28.8900     0.5928     0.1704     0.2115 4.1316e+00     3.7843      8.579     12.443    14.4693 0.0000e+00
      8.758      0.034     3.7364     36.432    126.849 100.114984    28.8900     0.5928     0.1704     0.2115 4.0252e+00     3.8598      8.589     12.457    14.4665 0.0000e+00
      8.767      0.032     3.7262     36.487    126.818 100.109618    28.9800     0.5738     0.1704     0.1269 4.0551e+00     3.7390      8.597     12.469    14.4612 0.0000e+00
      8.775      0.031     3.7191     36.577    126.760 100.079244    28.9800     0.5852     0.1704     0.1269 4.0932e+00     3.7390      8.605     12.480    14.4562 0.0000e+00
      8.781      0.030     3.7154     36.682    126.733 100.059729    28.9800     0.6615     0.1704     0.1269 4.1217e+00     4.3281      8.611     12.490    14.4550 0.0000e+00
      8.788      0.030     3.7158     36.780    126.729 100.051865    28.9800     0.6500     0.1704     0.1269 4.1244e+00     4.2375      8.618     12.499    14.4590 0.0000e+00
      8.795      0.031     3.7208     36.852    126.703 100.027574    28.9800     0.6424     0.1704     0.1269 4.0375e+00     4.2375      8.625     12.509    14.4665 0.0000e+00
      8.803      0.033     3.7295     36.898    126.654  99.984374    28.8000     0.6424     0.2130     0.2115 3.9688e+00     4.2526      8.633     12.520    14.4723 0.0000e+00
      8.812      0.037     3.7401     36.926    126.582  99.914744    28.8000     0.6424     0.2130     0.2115 3.9542e+00     4.5094      8.641     12.533    14.4730 0.0000e+00
      8.821      0.040     3.7502     36.947    126.511  99.834089    28.8000     0.6577     0.2130     0.2115 3.9593e+00     4.4792      8.651     12.547    14.4712 0.0000e+00
      8.831      0.044     3.7578     36.968    126.465  99.756872    28.8000     0.6615     0.2130     0.2115 3.8776e+00     4.4943      8.661     12.561    14.4700 0.0000e+00
      8.843      0.049     3.7626     36.999    126.435  99.672492    28.9800     0.6424     0.2130     0.2961 3.8877e+00     4.4490      8.672     12.578    14.4681 0.0000e+00
      8.856      0.054     3.7659     37.044    126.425  99.590420    28.9800     0.6233     0.2130     0.2961 3.8457e+00     4.4490      8.684     12.596    14.4629 0.0000e+00
      8.870      0.058     3.7688     37.105    126.428  99.512748    28.9800     0.7035     0.2130     0.2961 3.7696e+00     4.2526      8.698     12.616    14.4531 0.0000e+00
      8.886      0.062     3.7723     37.186    126.434  99.436743    28.9800     0.7225     0.2130     0.2961 3.6861e+00     4.2677      8.714     12.638    14.4369 0.0000e+00
      8.903      0.065     3.7774     37.300    126.443  99.370112    29.1600     0.6882     0.1704     0.2115 3.5317e+00     4.1318      8.731     12.663    14.4130 0.0000e+00
      8.921      0.067     3.7845     37.452    126.449  99.313069    29.1600     0.6996     0.1704     0.2115 3.4483e+00     4.0864      8.748     12.689    14.3835 0.0000e+00
      8.939      0.067     3.7934     37.640    126.460  99.274381    29.1600     0.6882     0.1704     0.2115 3.3311e+00     4.0260      8.766     12.715    14.3519 0.0000e+00
      8.957      0.067     3.8043     37.856    126.501  99.271705    29.1600     0.7073     0.1704     0.2115 3.2581e+00     4.0260      8.783     12.740    14.3203 0.0000e+00
      8.973      0.066     3.8184     38.081    126.559  99.290339    29.1600     0.7073     0.2130     0.2538 3.2844e+00     3.9958      8.800     12.764    14.2910 0.0000e+00
      8.989      0.065     3.8360     38.292    126.586  99.289289    29.1600     0.7149     0.2130     0.2538 3.2475e+00     4.0260      8.815     12.786    14.2666 0.0000e+00
      9.005      0.065     3.8568     38.471    126.594  99.278266    29.1600     0.7187     0.2130     0.2538 3.2292e+00     3.9807      8.831     12.809    14.2479 0.0000e+00
      9.022      0.065     3.8801     38.603    126.618  99.284307    29.1600     0.7073     0.2130     0.2538 3.1564e+00     3.9656      8.847     12.832    14.2340 0.0000e+00
      9.038      0.064     3.9041     38.679    126.649  99.301027    29.1600     0.7187     0.2130     0.2538 3.0698e+00     4.0260      8.864     12.856    14.2234 0.0000e+00
      9.056      0.063     3.9265     38.698    126.672  99.318896    28.8900     0.6996     0.1704     0.2115 3.0084e+00     3.9958      8.881     12.881    14.2149 0.0000e+00
      9.072      0.061     3.9454     38.657    126.671  99.324694    28.8900     0.5165     0.1704     0.2115 2.8873e+00     4.3130      8.897     12.904    14.2080 0.0000e+00
      9.088      0.059     3.9593     38.565    126.641  99.313972    28.8900     0.5280     0.1704     0.2115 2.8968e+00     4.2375      8.912     12.927    14.2028 0.0000e+00
      9.103      0.055     3.9674     38.450    126.592  99.293864    28.8900     0.5165     0.1704     0.2115 2.8686e+00     4.2828      8.927     12.947    14.1999 0.0000e+00
      9.116      0.051     3.9693     38.341    126.537  99.270999    28.8000     0.5394     0.1704     0.2538 2.8475e+00     4.2224      8.940     12.966    14.1998 0.0000e+00
      9.129      0.047     3.9649     38.260    126.509  99.267258    28.8000     0.5394     0.1704     0.2538 2.7875e+00     4.2073      8.952     12.984    14.2025 0.0000e+00
      9.141      0.042     3.9550     38.212    126.520  99.289636    28.8000     0.5585     0.1704     0.2538 2.7281e+00     4.2979      8.964     13.001    14.2076 0.0000e+00
      9.151      0.038     3.9426     38.194    126.538  99.312128    28.8000     0.5318     0.1704     0.2538 2.6620e+00     4.3130      8.974     13.016    14.2149 0.0000e+00
      9.160      0.033     3.9308     38.200    126.559  99.332740    28.5300     0.5280     0.1278     0.2538 2.6910e+00     4.2375      8.983     13.029    14.2228 0.0000e+00
      9.167      0.029     3.9219     38.220    126.589  99.360964    28.5300     0.5356     0.1278     0.2538 2.6712e+00     3.7390      8.990     13.039    14.2300 0.0000e+00
      9.173      0.025     3.9165     38.239    126.617  99.388339    28.5300     0.5585     0.1278     0.2538 2.6852e+00     3.8598      8.996     13.048    14.2353 0.0000e+00
      9.179      0.023     3.9144     38.243    126.633  99.408177    28.5300     0.5203     0.1278     0.2538 2.6829e+00     3.7843      9.002     13.056    14.2385 0.0000e+00
      9.184      0.021     3.9149     38.227    126.636  99.419774    28.5300     0.5318     0.1278     0.2538 2.6637e+00     3.7239      9.007     13.063    14.2403 0.0000e+00
      9.189      0.021     3.9168     38.191    126.629  99.426223    28.5300     0.5776     0.1704     0.1269 2.7181e+00     3.7390      9.011     13.070    14.2420 0.0000e+00
      9.194      0.021     3.9184     38.146    126.620  99.433239    28.5300     0.5661     0.1704     0.1269 2.7116e+00     3.7239      9.016     13.077    14.2442 0.0000e+00
      9.199      0.023     3.9186     38.102    126.622  99.446691    28.5300     0.5585     0.1704     0.1269 2.6195e+00     3.7692      9.022     13.085    14.2470 0.0000e+00
      9.205      0.024     3.9166     38.063    126.632  99.462175    28.5300     0.5776     0.1704     0.1269 2.6429e+00     3.7994      9.027     13.093    14.2506 0.0000e+00
      9.212      0.026     3.9126     38.025    126.654  99.485816    28.5300     0.5470     0.1704     0.1692 2.6355e+00     4.2979      9.033     13.102    14.2554 0.0000e+00
      9.219      0.027     3.9074     37.991    126.678  99.511930    28.5300     0.5242     0.1704     0.1692 2.6081e+00     4.2224      9.040     13.112    14.2609 0.0000e+00
      9.226      0.029     3.9026     37.970    126.684  99.525499    28.5300     0.5661     0.1704     0.1692 2.5844e+00     4.2073      9.047     13.122    14.2656 0.0000e+00
      9.233      0.031     3.8983     37.964    126.696  99.546127    28.5300     0.5547     0.1704     0.1692 2.6025e+00     4.1015      9.055     13.133    14.2689 0.0000e+00
      9.241      0.033     3.8942     37.969    126.719  99.577317    28.5300     0.5432     0.1278     0.2538 2.5940e+00     3.7239      9.062     13.144    14.2715 0.0000e+00
      9.249      0.035     3.8905     37.979    126.730  99.597413    28.5300     0.5394     0.1278     0.2538 2.5704e+00     3.8750      9.070     13.155    14.2742 0.0000e+00
      9.258      0.038     3.8881     37.986    126.718  99.595785    28.5300     0.5280     0.1278     0.2538 2.5130e+00     3.7843      9.079     13.168    14.2776 0.0000e+00
      9.268      0.041     3.8870     37.983    126.684  99.568005    28.5300     0.5318     0.1278     0.2538 2.5092e+00     3.7390      9.089     13.182    14.2821 0.0000e+00
      9.279      0.043     3.8871     37.965    126.656  99.532644    28.5300     0.5280     0.1704     0.2538 2.4558e+00     4.1620      9.099     13.197    14.2872 0.0000e+00
      9.291      0.046     3.8877     37.932    126.649  99.506250    28.5300     0.5432     0.1704     0.2538 2.4187e+00     4.2224      9.111     13.214    14.2919 0.0000e+00
      9.303      0.047     3.8882     37.890    126.638  99.471792    28.5300     0.5432     0.1704     0.2538 2.3626e+00     4.2224      9.123     13.232    14.2948 0.0000e+00
      9.316      0.048     3.8879     37.843    126.623  99.428072    28.5300     0.5165     0.1704     0.2538 2.3580e+00     4.2224      9.136     13.250    14.2942 0.0000e+00
      9.329      0.048     3.8865     37.792    126.616  99.381419    28.5300     0.6462     0.1704     0.2538 2.2968e+00     4.9928      9.148     13.268    14.2892 0.0000e+00
      9.341      0.047     3.8838     37.736    126.632  99.355357    28.6200     0.6348     0.1278     0.1692 2.2430e+00     4.9324      9.161     13.286    14.2808 0.0000e+00
      9.353      0.045     3.8804     37.676    126.691  99.378905    28.6200     0.6348     0.1278     0.1692 2.2285e+00     4.9324      9.172     13.304    14.2707 0.0000e+00
      9.365      0.043     3.8767     37.611    126.753  99.420373    28.6200     0.6577     0.1278     0.1692 2.1758e+00     4.9173      9.184     13.320    14.2581 0.0000e+00
      9.375      0.041     3.8729     37.534    126.800  99.452852    28.6200     0.7225     0.1278     0.1692 2.1678e+00     5.4611      9.194     13.335    14.2419 0.0000e+00
      9.385      0.038     3.8684     37.441    126.831  99.473012    28.6200     0.7035     0.1704     0.0846 2.1575e+00     5.4309      9.204     13.349    14.2265 0.0000e+00
      9.394      0.036     3.8630     37.343    126.831  99.470242    28.6200     0.6920     0.1704     0.0846 2.1687e+00     5.5216      9.213     13.362    14.2178 0.0000e+00
      9.403      0.035     3.8566     37.252    126.811  99.451798    28.6200     0.7035     0.1704     0.0846 2.1184e+00     5.4762      9.221     13.374    14.2148 0.0000e+00
      9.411      0.034     3.8489     37.169    126.802  99.438738    28.6200     0.5852     0.1704     0.0846 2.1277e+00     4.9777      9.229     13.386    14.2132 0.0000e+00
      9.420      0.034     3.8394     37.099    126.812  99.433578    28.5300     0.5928     0.1704     0.2115 2.1038e+00     4.9475      9.238     13.398    14.2114 0.0000e+00
      9.428      0.035     3.8295     37.044    126.815  99.412957    28.5300     0.5852     0.1704     0.2115 2.1019e+00     4.9173      9.246     13.410    14.2102 0.0000e+00
      9.437      0.037     3.8202     37.000    126.802  99.365382    28.5300     0.6005     0.1704     0.2115 2.1203e+00     4.9022      9.254     13.423    14.2091 0.0000e+00
      9.446      0.039     3.8119     36.954    126.791  99.308141    28.5300     0.5585     0.1704     0.2115 2.0946e+00     5.8539      9.263     13.436    14.2067 0.0000e+00
      9.456      0.041     3.8052     36.888    126.801  99.265933    28.5300     0.6005     0.1704     0.2115 2.0951e+00     5.8690      9.273     13.450    14.2017 0.0000e+00
      9.467      0.043     3.8003     36.778    126.840  99.253478    28.5300     0.5890     0.1704     0.1692 2.0469e+00     5.9445      9.284     13.465    14.1927 0.0000e+00
      9.479      0.044     3.7970     36.607    126.895  99.263457    28.5300     0.5814     0.1704     0.1692 1.9843e+00     5.8992      9.296     13.483    14.1781 0.0000e+00
      9.491      0.045     3.7939     36.373    126.931  99.266555    28.5300     0.7721     0.1704     0.1692 1.9132e+00     7.0473      9.308     13.500    14.1589 0.0000e+00
      9.503      0.044     3.7887     36.079    126.949  99.263599    28.5300     0.7874     0.1704     0.1692 1.9165e+00     7.0624      9.319     13.517    14.1391 0.0000e+00
      9.514      0.042     3.7788     35.753    126.981  99.277779    28.6200     0.7759     0.1704     0.2538 1.9203e+00     7.1228      9.330     13.532    14.1221 0.0000e+00
      9.525      0.040     3.7623     35.439    127.016  99.300887    28.6200     0.7607     0.1704     0.2538 1.8631e+00     7.0473      9.340     13.548    14.1089 0.0000e+00
      9.535      0.037     3.7390     35.186    127.032  99.315105    28.6200     0.9018     0.1704     0.2538 1.8579e+00     7.1682      9.350     13.562    14.0993 0.0000e+00
