Data/DataNotYetUploadedToEDI/Raw_CTD/RawDownloads/091624_ccr50_S8188001.cnv
* Sea-Bird SBE19plus  Data File:
* FileName = C:\R\Reservoirs\Data\DataNotYetUploadedToEDI\Raw_CTD\RawDownloads\091624_ccr50_S8188_0001.hex
* Software version 2.8.0.119
* Temperature SN = 8188
* Conductivity SN = 8188
* System UpLoad Time = Sep 16 2024 16:31:32
* <ApplicationData>
* <Seaterm232>
# nquan = 16
# nvalues = 2222                        
# units = specified
# name 0 = depFM: Depth [fresh water, m]
# name 1 = dz/dtM: Descent Rate [m/s]
# name 2 = sbeox0Mg/L: Oxygen, SBE 43 [mg/l]
# name 3 = sbeox0PS: Oxygen, SBE 43 [% saturation]
# name 4 = specc: Specific Conductance [uS/cm]
# name 5 = c0uS/cm: Conductivity [uS/cm]
# name 6 = wetCDOM: Fluorescence, WET Labs CDOM [mg/m^3]
# name 7 = flECO-AFL: Fluorescence, WET Labs ECO-AFL/FL [mg/m^3]
# name 8 = flECO-AFL1: Fluorescence, WET Labs ECO-AFL/FL, 2 [mg/m^3]
# name 9 = flECO-AFL2: Fluorescence, WET Labs ECO-AFL/FL, 3 [mg/m^3]
# name 10 = par/sat/log: PAR/Logarithmic, Satlantic
# name 11 = turbWETntu0: Turbidity, WET Labs ECO [NTU]
# name 12 = prdM: Pressure, Strain Gauge [db]
# name 13 = prdE: Pressure, Strain Gauge [psi]
# name 14 = tv290C: Temperature [ITS-90, deg C]
# name 15 = flag:  0.000e+00
# span 0 =     -0.404,     19.150       
# span 1 =     -0.355,      0.176       
# span 2 =    -0.4539,    10.7342       
# span 3 =     -4.317,    125.672       
# span 4 =   -511.442,    268.812       
# span 5 =-470.795686, 192.943640       
# span 6 =    -4.5000,    72.5400       
# span 7 =    -0.9636,     3.8506       
# span 8 =    -2.1300,     1.7040       
# span 9 =    -2.0304,     1.1421       
# span 10 = 1.1585e-01, 6.6254e+02      
# span 11 =    -2.2885,    72.7452      
# span 12 =     -0.396,     18.780      
# span 13 =     -0.575,     27.238      
# span 14 =    10.8854,    23.2236      
# span 15 = 0.0000e+00, 0.0000e+00      
# interval = seconds: 0.25
# start_time = Sep 16 2024 10:22:43 [Instrument's time stamp, header]
# bad_flag = -9.990e-29
*END*
     -0.404      0.001     9.3739    100.834      1.014   0.889570    -4.5000    -0.2464    -2.1300    -2.0304 6.0633e+02    -0.4908     -0.396     -0.575    18.8634 0.0000e+00
     -0.404      0.001     9.3759    100.826      1.024   0.898954    -4.5000    -0.2426    -2.1300    -2.0304 6.1589e+02    -0.5512     -0.396     -0.574    18.8636 0.0000e+00
     -0.403      0.001     9.3777    100.814      1.037   0.909951    -4.5000    -0.2541    -2.1300    -2.0304 6.1336e+02    -0.5361     -0.396     -0.574    18.8634 0.0000e+00
     -0.403      0.002     9.3790    100.803      1.054   0.925493     0.0000    -0.2426     0.1278     0.2115 6.0911e+02    -0.2340     -0.396     -0.573    18.8625 0.0000e+00
     -0.402      0.002     9.3795    100.792      1.080   0.949725     0.0000    -0.2426     0.1278     0.2115 6.0977e+02    -0.3095     -0.395     -0.572    18.8606 0.0000e+00
     -0.402      0.003     9.3792    100.782      1.123   0.989109     0.0000    -0.2388     0.1278     0.2115 6.2465e+02    -0.1736     -0.395     -0.572    18.8582 0.0000e+00
     -0.401      0.003     9.3784    100.781      1.189   1.050169     0.0000    -0.2579     0.1278     0.2115 6.4690e+02    -0.2038     -0.394     -0.571    18.8565 0.0000e+00
     -0.400      0.004     9.3776    100.785      1.288   1.141234     0.0000    -0.2426     0.1278     0.2115 6.5724e+02    -0.6872     -0.393     -0.569    18.8558 0.0000e+00
     -0.399      0.006     9.3765    100.790      1.445   1.286588     0.0000    -0.2350     0.0426     0.0846 6.6254e+02    -0.8231     -0.392     -0.568    18.8560 0.0000e+00
     -0.397      0.007     9.3751    100.798      1.711   1.532946     0.0000    -0.2579     0.0426     0.0846 6.5325e+02    -0.7778     -0.390     -0.566    18.8586 0.0000e+00
     -0.395      0.010     9.3738    100.810      2.154   1.942027     0.0000    -0.2388     0.0426     0.0846 6.3921e+02    -0.7778     -0.389     -0.563    18.8650 0.0000e+00
     -0.393      0.012     9.3723    100.821      2.877   2.610987     0.0000    -0.2426     0.0426     0.0846 6.2316e+02    -1.0800     -0.386     -0.559    18.8751 0.0000e+00
     -0.390      0.016     9.3703    100.835      4.074   3.718214     0.0000    -0.2502     0.0426     0.0846 6.0712e+02    -1.0497     -0.383     -0.555    18.8881 0.0000e+00
     -0.386      0.020     9.3680    100.851      6.063   5.558969     0.0000    -0.2617     0.0426     0.0846 6.0436e+02    -0.9440     -0.379     -0.549    18.9042 0.0000e+00
     -0.381      0.026     9.3653    100.859      9.366   8.616167     0.0000    -0.2731     0.0426     0.0846 5.9770e+02    -0.9742     -0.374     -0.542    18.9248 0.0000e+00
     -0.374      0.033     9.3613    100.865     14.855  13.697104     0.0000    -0.2579     0.0426     0.0846 5.8017e+02    -0.8987     -0.367     -0.532    18.9518 0.0000e+00
     -0.365      0.043     9.3558    100.880     23.990  22.152719     0.0000    -0.2769     0.0426     0.1692 5.6634e+02    -0.9440     -0.359     -0.520    18.9889 0.0000e+00
     -0.354      0.055     9.3474    100.909     39.220  36.249776     0.0000    -0.2388     0.0426     0.1692 5.4426e+02    -1.0346     -0.348     -0.504    19.0425 0.0000e+00
     -0.340      0.070     9.3334    100.957     60.492  56.059361     0.0000    -0.2579     0.0426     0.1692 5.4143e+02    -1.0195     -0.334     -0.484    19.1233 0.0000e+00
     -0.322      0.088     9.3110    101.031     81.247  75.699833     0.0000     0.3182     0.0426     0.1692 5.5009e+02     1.9564     -0.316     -0.458    19.2494 0.0000e+00
     -0.299      0.106     9.2756    101.137     95.041  89.146421     3.1500     0.3639     0.0852     0.1692 5.5913e+02     1.9866     -0.293     -0.425    19.4510 0.0000e+00
     -0.269      0.123     9.2186    101.293    101.831  96.118830     3.1500     0.3716     0.0852     0.1692 5.7477e+02     1.9413     -0.263     -0.382    19.7790 0.0000e+00
     -0.232      0.136     9.1349    101.523    103.668  98.354442     3.1500     0.3716     0.0852     0.1692 5.8727e+02     1.9262     -0.228     -0.330    20.2651 0.0000e+00
     -0.191      0.144     9.0370    101.828    101.166  96.349466     3.1500     0.9667     0.0852     0.1692 6.0082e+02     0.4609     -0.188     -0.272    20.8476 0.0000e+00
     -0.150      0.146     8.9466    102.200     93.738  89.517267     3.1500     0.9819     0.0852     0.1692 5.9330e+02     0.4458     -0.147     -0.213    21.4109 0.0000e+00
     -0.110      0.143     8.8774    102.627     79.480  76.041936     7.2900     0.9590     0.1704     0.0846 5.9382e+02     0.4458     -0.108     -0.156    21.8842 0.0000e+00
     -0.074      0.136     8.8338    103.091     54.660  52.364053     7.2900     0.9476     0.1704     0.0846 5.8676e+02     0.3249     -0.072     -0.105    22.2501 0.0000e+00
     -0.041      0.128     8.8145    103.575     12.754  12.247506     7.2900     1.0849     0.1704     0.0846 5.7652e+02     0.1588     -0.041     -0.059    22.5153 0.0000e+00
     -0.012      0.119     8.8152    104.057    -57.279 -54.881467     7.2900     1.0849     0.1704     0.0846 5.7665e+02     0.2947     -0.011     -0.016    22.6977 0.0000e+00
      0.017      0.109     8.8314    104.502   -173.991-166.805945    10.9800     1.1040     0.0426     0.2961 5.8130e+02     0.3098      0.017      0.024    22.8176 0.0000e+00
      0.045      0.099     8.8585    104.869   -368.495-353.356462    10.9800     1.0620     0.0426     0.2961 2.7557e+02     0.1890      0.044      0.064    22.8928 0.0000e+00
      0.071      0.087     8.8923    105.127   -489.968-469.860866    10.9800     1.0430     0.0426     0.2961 3.8251e+02     0.2041      0.070      0.101    22.9377 0.0000e+00
      0.093      0.075     8.9294    105.259   -368.149-353.010040    10.9800     1.0315     0.0426     0.2961 3.9066e+02     0.1588      0.092      0.133    22.9627 0.0000e+00
      0.110      0.062     8.9658    105.273   -173.458-166.264689    11.1600     1.0163     0.0426     0.3384 4.0934e+02     0.3098      0.108      0.157    22.9739 0.0000e+00
      0.122      0.049     8.9970    105.190    -56.697 -54.268999    11.1600     1.0506     0.0426     0.3384 4.2976e+02     0.2041      0.120      0.174    22.9771 0.0000e+00
      0.131      0.037     9.0188    105.034     13.435  12.998525    11.1600     1.0926     0.0426     0.3384 4.5642e+02     0.2192      0.129      0.187    22.9797 0.0000e+00
      0.139      0.028     9.0290    104.829     55.646  53.487887    11.1600     1.0811     0.0426     0.3384 3.6079e+02     0.1890      0.136      0.197    22.9856 0.0000e+00
      0.144      0.020     9.0288    104.594     81.072  77.886265    11.0700     1.0773     0.0852     0.2961 3.8476e+02     0.2645      0.141      0.205    22.9923 0.0000e+00
      0.149      0.014     9.0209    104.348     96.370  92.579911    11.0700     1.0582     0.0852     0.2961 3.8930e+02     0.1437      0.145      0.211    22.9961 0.0000e+00
      0.151      0.010     9.0073    104.106    105.571 101.431139    11.0700     1.0811     0.0852     0.2961 4.2382e+02     0.2343      0.148      0.215    22.9973 0.0000e+00
      0.152      0.006     8.9893    103.874    111.125 106.788277    11.0700     1.0773     0.0852     0.2961 5.0616e+02     0.1588      0.149      0.216    22.9993 0.0000e+00
      0.152      0.002     8.9682    103.650    114.485 110.043903    11.0700     1.0659     0.0852     0.2961 3.6848e+02     0.2494      0.149      0.217    23.0044 0.0000e+00
      0.153     -0.002     8.9457    103.419    116.513 112.022188    11.0700     1.0544     0.0852     0.2961 4.2752e+02     0.2041      0.150      0.217    23.0132 0.0000e+00
      0.152     -0.006     8.9231    103.131    117.732 113.224679    11.0700     1.0277     0.0852     0.2961 4.6041e+02     0.2343      0.149      0.217    23.0243 0.0000e+00
      0.151     -0.011     8.9011    102.629    118.466 113.960043    11.0700     1.0201     0.0852     0.2961 4.2836e+02     0.3552      0.148      0.215    23.0369 0.0000e+00
      0.148     -0.017     8.8796    101.656    118.911 114.414379    11.0700     1.0239     0.0852     0.2961 3.9924e+02     0.2192      0.145      0.210    23.0504 0.0000e+00
      0.143     -0.022     8.8574    100.038    119.158 114.672849    11.0700     1.0315     0.0426     0.2961 4.4496e+02     0.3249      0.140      0.203    23.0644 0.0000e+00
      0.135     -0.026     8.8304     97.795    119.277 114.802379    11.0700     1.0353     0.0426     0.2961 4.6463e+02     0.3400      0.133      0.193    23.0782 0.0000e+00
      0.127     -0.027     8.7853     95.086    119.352 114.883507    11.0700     0.9972     0.0426     0.2961 4.6231e+02     0.2041      0.124      0.180    23.0913 0.0000e+00
      0.118     -0.027     8.7001     92.145    119.398 114.931867    11.0700     1.0659     0.0426     0.2961 4.7267e+02     0.1286      0.116      0.168    23.1028 0.0000e+00
      0.110     -0.025     8.5602     89.258    119.405 114.938359    11.0700     1.0124     0.0852     0.4230 4.6554e+02     0.1437      0.108      0.157    23.1120 0.0000e+00
      0.104     -0.021     8.3672     86.719    119.389 114.920711    11.0700     1.0163     0.0852     0.4230 4.5533e+02     0.1286      0.102      0.149    23.1185 0.0000e+00
      0.100     -0.018     8.1349     84.748    119.361 114.890216    11.0700     1.0086     0.0852     0.4230 4.6817e+02     0.1437      0.098      0.142    23.1223 0.0000e+00
      0.096     -0.014     7.8830     83.431    119.308 114.834741    11.0700     1.0315     0.0852     0.4230 4.6919e+02     0.2041      0.094      0.137    23.1239 0.0000e+00
      0.094     -0.011     7.6360     82.672    119.221 114.745494    11.0700     0.9972     0.0852     0.4230 4.6756e+02     0.2192      0.092      0.134    23.1241 0.0000e+00
      0.092     -0.008     7.4189     82.237    119.140 114.660668    11.0700     1.0659     0.0426     0.2115 4.6604e+02     0.2192      0.090      0.131    23.1232 0.0000e+00
      0.090     -0.006     7.2504     81.879    119.089 114.605638    11.0700     1.1002     0.0426     0.2115 4.6767e+02     0.2494      0.088      0.128    23.1217 0.0000e+00
      0.089     -0.004     7.1379     81.420    119.027 114.543730    11.0700     1.0735     0.0426     0.2115 4.5971e+02     0.2192      0.087      0.126    23.1199 0.0000e+00
      0.088     -0.003     7.0733     80.779    118.919 114.440439    11.0700     1.0582     0.0426     0.2115 4.5484e+02     0.2192      0.086      0.125    23.1176 0.0000e+00
      0.088     -0.001     7.0365     79.975    118.781 114.306215    11.2500     1.0277     0.0426     0.3807 4.6141e+02     0.1286      0.086      0.124    23.1146 0.0000e+00
      0.088     -0.000     7.0063     79.086    118.674 114.199256    11.2500     1.0430     0.0426     0.3807 4.5761e+02     0.2041      0.086      0.124    23.1121 0.0000e+00
      0.088      0.001     6.9672     78.218    118.634 114.155030    11.2500     1.0392     0.0426     0.3807 4.5454e+02     0.2041      0.086      0.125    23.1112 0.0000e+00
      0.088      0.002     6.9123     77.503    118.604 114.117749    11.2500     1.0086     0.0426     0.3807 4.5415e+02     0.1437      0.087      0.126    23.1113 0.0000e+00
      0.089      0.004     6.8435     77.061    118.527 114.033477    11.1600     1.1002     0.0426     0.2961 4.5149e+02     0.2796      0.087      0.127    23.1109 0.0000e+00
      0.089      0.007     6.7677     76.919    118.434 113.931735    11.1600     1.0849     0.0426     0.2961 4.4700e+02     0.1286      0.088      0.127    23.1092 0.0000e+00
      0.090      0.012     6.6938     77.000    118.390 113.875378    11.1600     1.0926     0.0426     0.2961 4.4807e+02     0.1890      0.089      0.129    23.1065 0.0000e+00
      0.093      0.018     6.6330     77.213    118.411 113.881371    11.1600     1.1078     0.0426     0.2961 4.4035e+02     0.2494      0.091      0.132    23.1033 0.0000e+00
      0.098      0.025     6.5957     77.537    118.456 113.911320    11.2500     1.0659     0.1278     0.2961 4.3464e+02     0.2192      0.096      0.140    23.0990 0.0000e+00
      0.106      0.033     6.5842     78.002    118.529 113.969209    11.2500     1.0811     0.1278     0.2961 4.3968e+02     0.1890      0.104      0.151    23.0936 0.0000e+00
      0.116      0.039     6.5918     78.610    118.681 114.106469    11.2500     1.1078     0.1278     0.2961 4.4006e+02     0.2494      0.114      0.165    23.0876 0.0000e+00
      0.128      0.044     6.6108     79.319    118.903 114.319708    11.2500     1.0849     0.1278     0.2961 4.3663e+02     0.2192      0.126      0.183    23.0818 0.0000e+00
      0.142      0.046     6.6393     80.081    119.129 114.547804    11.2500     1.1421     0.1278     0.2961 3.5542e+02     0.2494      0.139      0.201    23.0763 0.0000e+00
      0.155      0.046     6.6797     80.855    119.307 114.739596    11.2500     1.1574     0.0426     0.3384 4.3891e+02     0.1588      0.152      0.220    23.0711 0.0000e+00
      0.167      0.045     6.7322     81.568    119.444 114.894236    11.2500     1.1383     0.0426     0.3384 4.2762e+02     0.2645      0.164      0.238    23.0673 0.0000e+00
      0.179      0.042     6.7929     82.122    119.557 115.024966    11.2500     1.1269     0.0426     0.3384 4.0334e+02     0.2343      0.175      0.254    23.0670 0.0000e+00
      0.189      0.038     6.8576     82.475    119.632 115.116651    11.2500     1.1536     0.0426     0.3384 3.5790e+02     0.1890      0.185      0.269    23.0717 0.0000e+00
      0.198      0.034     6.9227     82.671    119.655 115.155745    11.2500     1.1498     0.0426     0.2538 4.1453e+02     0.3400      0.194      0.282    23.0801 0.0000e+00
      0.206      0.031     6.9825     82.805    119.644 115.156674    11.2500     1.1193     0.0426     0.2538 3.6142e+02     0.0681      0.202      0.293    23.0896 0.0000e+00
      0.213      0.028     7.0287     82.990    119.634 115.155683    11.2500     1.1383     0.0426     0.2538 3.6071e+02     0.1890      0.209      0.303    23.0988 0.0000e+00
      0.220      0.026     7.0578     83.322    119.653 115.180506    11.2500     1.1460     0.0426     0.2538 3.5930e+02     0.1890      0.215      0.313    23.1073 0.0000e+00
      0.226      0.023     7.0736     83.842    119.696 115.229762    11.2500     1.1574     0.0852     0.2961 3.1340e+02     0.2494      0.222      0.322    23.1142 0.0000e+00
      0.232      0.021     7.0845     84.512    119.745 115.284590    11.2500     1.1574     0.0852     0.2961 3.4507e+02     0.0681      0.228      0.330    23.1192 0.0000e+00
      0.238      0.018     7.0998     85.212    119.783 115.327613    11.2500     1.1383     0.0852     0.2961 3.3942e+02     0.2041      0.233      0.338    23.1227 0.0000e+00
      0.242      0.015     7.1278     85.774    119.806 115.354305    11.2500     1.1727     0.0852     0.2961 3.2789e+02     0.2494      0.237      0.344    23.1256 0.0000e+00
      0.245      0.011     7.1719     86.055    119.819 115.367785    11.2500     1.1460     0.0852     0.2961 3.3942e+02     0.1588      0.240      0.349    23.1287 0.0000e+00
      0.248      0.008     7.2288     86.024    119.825 115.375647    11.3400     1.1421     0.0852     0.2961 3.4990e+02     0.2192      0.243      0.352    23.1320 0.0000e+00
      0.249      0.005     7.2883     85.751    119.828 115.379988    11.3400     1.1421     0.0852     0.2961 3.4440e+02     0.1286      0.244      0.355    23.1348 0.0000e+00
      0.250      0.002     7.3361     85.357    119.821 115.373965    11.3400     1.1269     0.0852     0.2961 3.3047e+02     0.1890      0.245      0.355    23.1364 0.0000e+00
      0.250      0.000     7.3601     84.956    119.806 115.359972    11.3400     1.1994     0.0852     0.2961 3.5396e+02     0.2041      0.245      0.355    23.1371 0.0000e+00
      0.249     -0.002     7.3573     84.646    119.794 115.350277    11.2500     1.2184     0.0852     0.2538 3.3083e+02     0.2947      0.244      0.354    23.1376 0.0000e+00
