Data/DataNotYetUploadedToEDI/Raw_CTD/RawDownloads/091624_ccr88_S8188003.cnv
* Sea-Bird SBE19plus  Data File:
* FileName = C:\R\Reservoirs\Data\DataNotYetUploadedToEDI\Raw_CTD\RawDownloads\091624_ccr50_S8188_0003.hex
* Software version 2.8.0.119
* Temperature SN = 8188
* Conductivity SN = 8188
* System UpLoad Time = Sep 16 2024 16:32:18
* <ApplicationData>
* <Seaterm232>
# nquan = 16
# nvalues = 1441                        
# units = specified
# name 0 = depFM: Depth [fresh water, m]
# name 1 = dz/dtM: Descent Rate [m/s]
# name 2 = sbeox0Mg/L: Oxygen, SBE 43 [mg/l]
# name 3 = sbeox0PS: Oxygen, SBE 43 [% saturation]
# name 4 = specc: Specific Conductance [uS/cm]
# name 5 = c0uS/cm: Conductivity [uS/cm]
# name 6 = wetCDOM: Fluorescence, WET Labs CDOM [mg/m^3]
# name 7 = flECO-AFL: Fluorescence, WET Labs ECO-AFL/FL [mg/m^3]
# name 8 = flECO-AFL1: Fluorescence, WET Labs ECO-AFL/FL, 2 [mg/m^3]
# name 9 = flECO-AFL2: Fluorescence, WET Labs ECO-AFL/FL, 3 [mg/m^3]
# name 10 = par/sat/log: PAR/Logarithmic, Satlantic
# name 11 = turbWETntu0: Turbidity, WET Labs ECO [NTU]
# name 12 = prdM: Pressure, Strain Gauge [db]
# name 13 = prdE: Pressure, Strain Gauge [psi]
# name 14 = tv290C: Temperature [ITS-90, deg C]
# name 15 = flag:  0.000e+00
# span 0 =     -0.397,      9.889       
# span 1 =     -0.301,      0.177       
# span 2 =     0.0326,     9.9183       
# span 3 =      0.315,    116.345       
# span 4 =   -604.427,    176.087       
# span 5 =-481.520955, 137.336516       
# span 6 =    -3.9600,    44.5500       
# span 7 =    -0.7729,    11.6022       
# span 8 =    -3.7488,     2.5560       
# span 9 =    -8.9253,     5.3721       
# span 10 = 6.2344e-01, 1.1797e+03      
# span 11 =    -2.4849,   971.0642      
# span 12 =     -0.390,      9.698      
# span 13 =     -0.565,     14.066      
# span 14 =    13.9914,    23.3176      
# span 15 = 0.0000e+00, 0.0000e+00      
# interval = seconds: 0.25
# start_time = Sep 16 2024 10:59:56 [Instrument's time stamp, header]
# bad_flag = -9.990e-29
*END*
[from data line 1356]
      1.248     -0.278     8.7742    102.887    120.660 116.419834    11.8800     1.4359     0.0852     0.4230 4.8548e+02     1.0047      1.224      1.775    23.2314 0.0000e+00
      1.176     -0.276     8.7783    102.810    120.685 116.446769    11.8800     1.3787     0.0852     0.4230 5.4854e+02     0.5666      1.154      1.673    23.2329 0.0000e+00
      1.105     -0.271     8.7826    102.692    120.731 116.495834    11.8800     1.3863     0.0852     0.4230 6.2493e+02     0.7328      1.084      1.572    23.2346 0.0000e+00
      1.035     -0.264     8.7850    102.562    120.764 116.534115    11.7900     1.3863     0.0852     0.4230 4.5603e+02     0.6422      1.016      1.473    23.2360 0.0000e+00
      0.968     -0.256     8.7831    102.458    120.749 116.525818    11.7900     1.3787     0.0852     0.4230 6.4116e+02     0.7026      0.949      1.376    23.2372 0.0000e+00
      0.903     -0.246     8.7762    102.407    120.709 116.494734    11.7900     1.3024     0.0852     0.4230 6.3575e+02     1.4579      0.886      1.284    23.2387 0.0000e+00
      0.842     -0.235     8.7658    102.416    120.668 116.462573    11.7900     1.3138     0.0852     0.4230 5.9073e+02     1.3824      0.826      1.198    23.2406 0.0000e+00
      0.784     -0.223     8.7543    102.473    120.639 116.440759    11.8800     1.3291     0.0852     0.2961 6.2819e+02     1.4277      0.769      1.115    23.2430 0.0000e+00
      0.729     -0.209     8.7450    102.549    120.649 116.455476    11.8800     1.3138     0.0852     0.2961 7.1817e+02     1.3824      0.715      1.037    23.2457 0.0000e+00
      0.676     -0.195     8.7401    102.617    120.687 116.498648    11.8800     1.1994     0.0852     0.2961 9.5405e+02     1.6845      0.663      0.961    23.2487 0.0000e+00
      0.627     -0.177     8.7404    102.655    120.728 116.545788    11.8800     1.1994     0.0852     0.2961 9.0518e+02     1.5939      0.614      0.891    23.2518 0.0000e+00
      0.582     -0.158     8.7448    102.661    120.747 116.571469    11.8800     1.1956     0.0852     0.2961 6.4213e+02     1.7298      0.570      0.827    23.2544 0.0000e+00
      0.543     -0.136     8.7510    102.665    120.729 116.560538    11.7900     1.2108     0.0852     0.3384 6.8509e+02     1.8205      0.532      0.771    23.2566 0.0000e+00
      0.511     -0.114     8.7564    102.692    120.669 116.510082    11.7900     1.0773     0.0852     0.3384 7.6705e+02     4.4490      0.501      0.726    23.2591 0.0000e+00
      0.486     -0.091     8.7590    102.735    120.563 116.414646    11.7900     1.0582     0.0852     0.3384 9.3639e+02     4.5094      0.476      0.690    23.2621 0.0000e+00
      0.467     -0.070     8.7590    102.773    120.428 116.290780    11.7900     1.0506     0.0852     0.3384 7.6555e+02     4.4792      0.458      0.663    23.2653 0.0000e+00
      0.453     -0.052     8.7589    102.794    120.274 116.147453    11.8800     1.0849     0.0426     0.3807 6.3519e+02     4.4339      0.444      0.644    23.2682 0.0000e+00
      0.443     -0.036     8.7607    102.803    120.061 115.946445    11.8800     1.0010     0.0426     0.3807 4.6767e+02    10.2197      0.435      0.630    23.2712 0.0000e+00
      0.437     -0.024     8.7639    102.804    119.691 115.592153    11.8800     0.9934     0.0426     0.3807 6.6039e+02    10.1894      0.429      0.622    23.2742 0.0000e+00
      0.434     -0.014     8.7667    102.778    118.998 114.926101    11.8800     1.0163     0.0426     0.3807 4.9776e+02    10.1441      0.426      0.617    23.2769 0.0000e+00
      0.432     -0.007     8.7681    102.704    117.792 113.766675    12.2400     1.0124     0.0852     0.5076 4.5971e+02    10.1290      0.424      0.615    23.2791 0.0000e+00
      0.432     -0.001     8.7686    102.594    115.800 111.848695    12.2400     1.0239     0.0852     0.5076 8.1925e+02    19.4799      0.423      0.614    23.2810 0.0000e+00
      0.433      0.003     8.7684    102.499    112.517 108.682699    12.2400     0.9934     0.0852     0.5076 6.0200e+02    19.3893      0.424      0.615    23.2824 0.0000e+00
      0.435      0.007     8.7660    102.468    107.094 103.448422    12.2400     0.9934     0.0852     0.5076 7.0503e+02    19.4950      0.426      0.618    23.2838 0.0000e+00
      0.437      0.012     8.7594    102.517     98.098  94.762057    13.7700     1.0201     0.1704     0.3807 6.3326e+02    19.4648      0.428      0.621    23.2858 0.0000e+00
      0.439      0.019     8.7496    102.625     83.099  80.275240    13.7700     0.8866     0.1704     0.3807 8.9656e+02    16.7607      0.430      0.624    23.2883 0.0000e+00
      0.443      0.027     8.7411    102.753     58.056  56.086821    13.7700     0.8942     0.1704     0.3807 6.8912e+02    16.8061      0.434      0.630    23.2906 0.0000e+00
      0.449      0.038     8.7382    102.872     16.269  15.722555    13.7700     0.8904     0.1704     0.3807 1.0557e+03    16.8061      0.440      0.639    23.2923 0.0000e+00
      0.460      0.050     8.7421    102.957    -53.402 -51.577363    13.7700     0.8789     0.1704     0.3807 8.1269e+02    16.7909      0.451      0.654    23.2935 0.0000e+00
      0.474      0.063     8.7512    102.984   -169.497-163.723579    12.8700     0.7645     0.1704     0.4230 7.0610e+02     4.5094      0.465      0.675    23.2945 0.0000e+00
      0.493      0.074     8.7621    102.933   -362.938-350.583749    12.8700     0.7721     0.1704     0.4230 6.2656e+02     4.5396      0.483      0.701    23.2953 0.0000e+00
      0.516      0.082     8.7721    102.810   -483.806-467.341004    12.8700     0.7683     0.1704     0.4230 6.6269e+02     4.5094      0.505      0.733    23.2956 0.0000e+00
      0.540      0.087     8.7795    102.653   -362.868-350.524360    12.8700     0.7721     0.1704     0.4230 8.7786e+02     4.4641      0.529      0.768    23.2952 0.0000e+00
      0.565      0.088     8.7822    102.509   -169.407-163.654963    13.5000     0.8103     0.1278     0.2961 7.7543e+02     1.2011      0.553      0.803    23.2942 0.0000e+00
      0.589      0.084     8.7783    102.401    -53.345 -51.549225    13.5000     0.8179     0.1278     0.2961 5.0243e+02     1.3069      0.577      0.837    23.2928 0.0000e+00
      0.611      0.077     8.7681    102.317     16.268  15.687718    13.5000     0.8026     0.1278     0.2961 5.8396e+02     1.2464      0.599      0.869    23.2911 0.0000e+00
      0.631      0.068     8.7549    102.244     58.017  56.009716    13.5000     0.8255     0.1278     0.2961 6.6370e+02     1.1407      0.618      0.897    23.2890 0.0000e+00
      0.647      0.058     8.7429    102.183     83.077  80.211303    14.3100     0.8980     0.1704     0.4653 5.2078e+02     1.8507      0.635      0.921    23.2865 0.0000e+00
      0.660      0.047     8.7340    102.139     98.133  94.748234    14.3100     0.8675     0.1704     0.4653 6.4116e+02     1.6845      0.648      0.939    23.2839 0.0000e+00
      0.670      0.037     8.7272    102.114    107.179 103.481024    14.3100     0.8866     0.1704     0.4653 5.9343e+02     1.6996      0.657      0.953    23.2815 0.0000e+00
      0.677      0.028     8.7213    102.108    112.616 108.730417    14.3100     0.8560     0.1704     0.4653 6.0200e+02     1.7752      0.664      0.963    23.2791 0.0000e+00
      0.682      0.022     8.7164    102.115    115.869 111.872251    14.3100     0.9094     0.1704     0.4653 5.8855e+02     1.7449      0.669      0.970    23.2767 0.0000e+00
      0.686      0.016     8.7131    102.131    117.806 113.744348    13.6800     0.8751     0.1278     0.3384 5.9330e+02     1.6241      0.673      0.976    23.2742 0.0000e+00
      0.689      0.011     8.7114    102.151    118.971 114.873934    13.6800     0.8942     0.1278     0.3384 5.6548e+02     1.5939      0.676      0.981    23.2720 0.0000e+00
      0.692      0.006     8.7110    102.161    119.689 115.570233    13.6800     0.8713     0.1278     0.3384 4.3144e+02     1.7147      0.679      0.985    23.2708 0.0000e+00
      0.694      0.000     8.7116    102.159    120.136 116.002924    13.6800     0.9094     0.1278     0.3384 4.7308e+02     1.2313      0.681      0.987    23.2706 0.0000e+00
      0.694     -0.007     8.7129    102.162    120.403 116.261392    13.0500     0.8751     0.1704     0.4653 4.8337e+02     1.1860      0.681      0.987    23.2713 0.0000e+00
      0.692     -0.015     8.7144    102.195    120.554 116.408561    13.0500     0.8446     0.1704     0.4653 4.9302e+02     1.2313      0.679      0.984    23.2726 0.0000e+00
      0.687     -0.024     8.7150    102.269    120.648 116.501676    13.0500     0.8751     0.1704     0.4653 5.0925e+02     1.1407      0.674      0.977    23.2739 0.0000e+00
      0.680     -0.037     8.7148    102.378    120.708 116.561569    13.0500     0.8789     0.1704     0.4653 6.0161e+02     0.7177      0.667      0.968    23.2744 0.0000e+00
      0.672     -0.053     8.7150    102.498    120.727 116.580212    12.1500     0.8866     0.0852     0.3384 5.3326e+02     0.7630      0.659      0.955    23.2745 0.0000e+00
      0.659     -0.073     8.7177    102.599    120.710 116.562575    12.1500     0.8789     0.0852     0.3384 4.3625e+02     0.7479      0.646      0.938    23.2750 0.0000e+00
      0.641     -0.099     8.7239    102.652    120.675 116.523956    12.1500     0.9056     0.0852     0.3384 5.4237e+02     0.6120      0.629      0.912    23.2760 0.0000e+00
      0.615     -0.132     8.7331    102.629    120.634 116.476057    12.1500     1.0086     0.0852     0.3384 7.7543e+02     3.4973      0.603      0.875    23.2768 0.0000e+00
      0.580     -0.169     8.7433    102.540    120.609 116.442102    11.8800     1.0048     0.0852     0.4653 4.5751e+02     3.6030      0.569      0.825    23.2770 0.0000e+00
      0.534     -0.209     8.7520    102.436    120.596 116.425037    11.8800     0.9857     0.0852     0.4653 4.4593e+02     3.5879      0.523      0.759    23.2765 0.0000e+00
      0.475     -0.247     8.7568    102.373    120.560 116.392311    11.8800     1.0277     0.0852     0.4653 4.4690e+02     3.4369      0.465      0.675    23.2746 0.0000e+00
      0.403     -0.278     8.7554    102.356    120.479 116.323198    11.8800     0.8637     0.0852     0.4653 5.1358e+02     6.2013      0.395      0.573    23.2710 0.0000e+00
      0.320     -0.296     8.7484    102.328    120.333 116.195270    11.8800     0.8827     0.0852     0.4653 7.2601e+02     6.1862      0.314      0.456    23.2670 0.0000e+00
      0.233     -0.301     8.7399    102.192    120.077 115.962414    12.1500     0.8866     0.1278     0.3807 8.7292e+02     6.0352      0.228      0.331    23.2649 0.0000e+00
      0.147     -0.292     8.7345    101.842    119.638 115.550535    12.1500     0.8827     0.1278     0.3807 1.0108e+03     6.2013      0.144      0.209    23.2657 0.0000e+00
      0.069     -0.273     8.7325    101.215    118.896 114.841801    12.1500     0.7721     0.1278     0.3807 9.1487e+02     1.3975      0.067      0.098    23.2692 0.0000e+00
      0.003     -0.248     8.7292    100.338    117.657 113.647217    12.1500     0.6729     0.1278     0.3807 9.0145e+02     1.4277      0.003      0.004    23.2744 0.0000e+00
     -0.052     -0.221     8.7167     99.279    115.595 111.652226    15.1200     0.6882    -3.7488    -2.0304 8.7292e+02     1.3975     -0.051     -0.074    23.2801 0.0000e+00
     -0.100     -0.197     8.6860     98.071    112.175 108.336830    15.1200     0.7073    -3.7488    -2.0304 8.4035e+02     1.4428     -0.098     -0.143    23.2848 0.0000e+00
     -0.146     -0.177     8.6322     96.757    106.479 102.816926    15.1200     0.7149    -3.7488    -2.0304 7.8680e+02     1.3975     -0.143     -0.207    23.2871 0.0000e+00
     -0.189     -0.159     8.5575     95.454     96.966  93.604536    15.1200    -0.6699    -3.7488    -2.0304 7.9834e+02    -1.7295     -0.185     -0.268    23.2864 0.0000e+00
     -0.229     -0.142     8.4679     94.358     81.604  78.740926    14.7600    -0.6775     0.3834     5.3721 6.6529e+02    -1.7295     -0.224     -0.325    23.2818 0.0000e+00
     -0.265     -0.125     8.3664     93.680     63.302  61.033930    14.7600    -0.7042     0.3834     5.3721 4.9313e+02    -1.7295     -0.259     -0.376    23.2725 0.0000e+00
     -0.295     -0.107     8.2568     93.573     49.999  48.139219    14.7600    -0.6851     0.3834     5.3721 3.0527e+02    -1.8202     -0.289     -0.419    23.2570 0.0000e+00
     -0.319     -0.089     8.1494     94.061     45.310  43.536221    14.7600    -0.2541     0.3834     5.3721 2.5066e+02    -2.4395     -0.313     -0.453    23.2343 0.0000e+00
     -0.337     -0.072     8.0610     95.007     48.954  46.938839    14.7600    -0.2808     0.3834     5.3721 2.3190e+02    -2.4698     -0.331     -0.480    23.2025 0.0000e+00
     -0.352     -0.057     8.0103     96.177     56.998  54.578289     0.0000    -0.2808     0.8520    -8.0370 2.3059e+02    -2.4849     -0.345     -0.501    23.1583 0.0000e+00
     -0.363     -0.045     8.0106     97.323     63.403  60.675884     0.0000    -0.2655     0.8520    -8.0370 2.3014e+02    -2.4698     -0.356     -0.517    23.0989 0.0000e+00
     -0.372     -0.036     8.0635     98.216     70.512  67.468451     0.0000    -0.7729     0.8520    -8.0370 2.2706e+02   971.0340     -0.365     -0.529    23.0277 0.0000e+00
     -0.379     -0.029     8.1558     98.711     81.026  77.535387     0.0000    -0.7652     0.8520    -8.0370 2.2344e+02   970.9283     -0.371     -0.538    22.9555 0.0000e+00
     -0.384     -0.023     8.2653     98.775     89.872  86.032234     0.0000    -0.7576    -1.1502     5.2452 2.1945e+02   971.0642     -0.376     -0.546    22.8964 0.0000e+00
     -0.388     -0.019     8.3694     98.452     93.991  90.029228     0.0000    -0.7538    -1.1502     5.2452 2.1661e+02   970.9736     -0.380     -0.551    22.8599 0.0000e+00
     -0.391     -0.017     8.4485     97.882     92.757  88.901008     0.0000     0.3525    -1.1502     5.2452 2.1209e+02     8.3162     -0.383     -0.556    22.8442 0.0000e+00
     -0.393     -0.015     8.4906     97.326     87.086  83.502582     0.0000     0.3678    -1.1502     5.2452 2.1892e+02     8.2407     -0.386     -0.559    22.8453 0.0000e+00
     -0.395     -0.015     8.4931     97.091     83.609  80.180715     0.0000     0.3792    -0.0426     0.6345 2.2002e+02     8.3767     -0.387     -0.561    22.8622 0.0000e+00
     -0.396 -9.990e-29     8.4604 -9.990e-29 -9.990e-29 -9.990e-29     0.0000 -9.990e-29    -0.0426     0.6345 2.1783e+02 -9.990e-29     -0.388     -0.563    22.8921 0.0000e+00
     -0.396 -9.990e-29     8.4061 -9.990e-29 -9.990e-29 -9.990e-29     0.0000 -9.990e-29    -0.0426     0.6345 2.1539e+02 -9.990e-29     -0.389     -0.564    22.9255 0.0000e+00
     -0.397 -9.990e-29     8.3544 -9.990e-29 -9.990e-29 -9.990e-29     0.0000 -9.990e-29    -0.0426     0.6345 2.1661e+02 -9.990e-29     -0.390     -0.565    22.9514 0.0000e+00
     -0.397 -9.990e-29     8.3327 -9.990e-29 -9.990e-29 -9.990e-29     0.0000 -9.990e-29    -2.8542    -3.5109 2.1807e+02 -9.990e-29     -0.390     -0.565    22.9613 0.0000e+00
