Data/DataNotYetUploadedToEDI/Raw_CTD/RawDownloads/091724_fcr50_S7809005.cnv
* Sea-Bird SBE19plus  Data File:
* FileName = C:\R\Reservoirs\Data\DataNotYetUploadedToEDI\Raw_CTD\RawDownloads\091724_fcr10_S7809_0005.hex
* Software version 2.8.0.119
* Temperature SN = 7809
* Conductivity SN = 7809
* System UpLoad Time = Sep 17 2024 15:42:02
* <ApplicationData>
* <Seaterm232>
# nquan = 15
# nvalues = 1851                        
# units = specified
# name 0 = depFM: Depth [fresh water, m]
# name 1 = dz/dtM: Descent Rate [m/s]
# name 2 = sbeox0Mg/L: Oxygen, SBE 43 [mg/l]
# name 3 = sbeox0PS: Oxygen, SBE 43 [% saturation]
# name 4 = specc: Specific Conductance [uS/cm]
# name 5 = c0uS/cm: Conductivity [uS/cm]
# name 6 = flECO-AFL: Fluorescence, WET Labs ECO-AFL/FL [mg/m^3]
# name 7 = ph: pH
# name 8 = orp: Oxidation Reduction Potential [mV]
# name 9 = par/sat/log: PAR/Logarithmic, Satlantic
# name 10 = turbWETntu0: Turbidity, WET Labs ECO [NTU]
# name 11 = prdM: Pressure, Strain Gauge [db]
# name 12 = prdE: Pressure, Strain Gauge [psi]
# name 13 = tv290C: Temperature [ITS-90, deg C]
# name 14 = flag:  0.000e+00
# span 0 =     -0.646,      9.499       
# span 1 =     -0.264,      0.216       
# span 2 =    -0.2431,     8.4901       
# span 3 =     -2.034,     93.381       
# span 4 =      1.286,    498.094       
# span 5 =   1.135443, 382.386581       
# span 6 =    -0.1393,    63.4494       
# span 7 =      7.397,      8.350       
# span 8 =   120.6433,   459.1783       
# span 9 = 1.2360e-01, 4.5985e+02       
# span 10 =    -0.3575,   472.2949      
# span 11 =     -0.633,      9.315      
# span 12 =     -0.919,     13.511      
# span 13 =    13.2317,    21.0537      
# span 14 = 0.0000e+00, 0.0000e+00      
# interval = seconds: 0.25
# start_time = Sep 17 2024 11:14:24 [Instrument's time stamp, header]
# bad_flag = -9.990e-29
*END*
[from data line 675]
      3.286      0.021     3.5409     38.289     46.301  41.564357    16.9820      8.331   248.6561 9.8303e+00     5.8832      3.223      4.675    20.1939 0.0000e+00
      3.286      0.034     3.4404     36.572     46.880  41.934522    17.4695      8.327   249.3150 9.8279e+00     5.8558      3.220      4.670    20.0388 0.0000e+00
      3.291      0.046     3.5089     33.646     47.286  42.094326    18.1365      8.321   250.4820 9.7367e+00     5.9092      3.221      4.672    19.9738 0.0000e+00
      3.309      0.054     3.5655     29.329     47.411  42.036461    25.0299      8.313   250.8928 9.5074e+00     6.4608      3.240      4.699    19.9631 0.0000e+00
      3.337      0.058     3.5246     23.505     47.455  41.996297    37.6703      8.305   251.0992 9.3031e+00     7.4704      3.275      4.750    19.9219 0.0000e+00
      3.360      0.057     3.3784     16.870     47.608  42.116365    44.5926      8.297   251.7732 9.2186e+00     7.9708      3.301      4.786    19.7502 0.0000e+00
      3.371      0.051     3.1306     10.612     47.945  42.409183    45.6209      8.289   253.0191 9.1615e+00     8.0008      3.307      4.796    19.4872 0.0000e+00
      3.378      0.040     2.7640      5.671     48.365  42.744019    50.1865      8.280   254.8915 9.0923e+00     8.3801      3.311      4.803    19.2857 0.0000e+00
      3.385      0.029     2.2004      2.494     48.578  42.864274    58.4625      8.273   256.1723 9.0444e+00     9.0729      3.320      4.814    19.2176 0.0000e+00
      3.390      0.019     1.5407      0.893     48.486  42.720596    62.9610      8.266   256.7169 9.0209e+00     9.4090      3.324      4.823    19.2274 0.0000e+00
      3.395      0.013     0.9363      0.406     48.300  42.530061    63.1123      8.258   257.2608 9.0083e+00     9.3689      3.330      4.830    19.2355 0.0000e+00
      3.399      0.008     0.4593      0.640     48.218  42.464653    60.2495      8.250   258.0160 8.9989e+00     9.1348      3.335      4.837    19.2014 0.0000e+00
      3.399      0.004     0.1797      1.315     48.307  42.564481    54.9488      8.242   259.2233 8.9829e+00     8.7304      3.334      4.836    19.1117 0.0000e+00
      3.397      0.003     0.0482      2.234     48.607  42.848506    52.0817      8.234   260.3282 8.9700e+00     8.5439      3.332      4.831    19.0311 0.0000e+00
      3.395      0.008     0.0151      3.166     49.194  43.359916    51.8684      8.227   261.1363 8.9713e+00     8.5884      3.329      4.829    19.0099 0.0000e+00
      3.394      0.021     0.0466      3.911     50.414  44.368236    52.1026      8.218   262.0248 8.9451e+00     8.5852      3.326      4.825    19.0269 0.0000e+00
      3.397      0.038     0.1127      4.424     51.885  45.518360    55.0463      8.208   262.8981 8.8771e+00     8.6766      3.329      4.829    19.0498 0.0000e+00
      3.406      0.054     0.2066      4.772     52.467  45.839615    60.4855      8.197   263.9513 8.7776e+00     8.9754      3.337      4.839    19.0802 0.0000e+00
      3.424      0.068     0.3008      4.975     52.644  45.840124    63.4425      8.185   265.2946 8.5889e+00     9.1928      3.351      4.860    19.0870 0.0000e+00
      3.454      0.080     0.3710      4.970     53.398  46.413032    63.4494      8.170   266.4926 8.3683e+00     9.2549      3.389      4.916    19.0319 0.0000e+00
      3.482      0.086     0.4159      4.710     54.135  46.989507    60.4106      8.155   267.2507 8.2400e+00     9.0439      3.420      4.961    18.8869 0.0000e+00
      3.501      0.086     0.4495      4.237     54.352  47.096627    54.7833      8.140   267.9214 8.1350e+00     8.5537      3.431      4.976    18.6611 0.0000e+00
      3.521      0.079     0.4729      3.664     54.482  47.136756    51.6906      8.124   268.6652 7.9737e+00     8.2816      3.451      5.005    18.4987 0.0000e+00
      3.543      0.068     0.4755      3.114     54.703  47.284148    51.1164      8.109   269.3607 7.8249e+00     8.2811      3.477      5.042    18.4533 0.0000e+00
      3.562      0.057     0.4494      2.646     54.888  47.418491    47.6995      8.094   270.2226 7.7426e+00     8.1038      3.496      5.069    18.4108 0.0000e+00
      3.576      0.047     0.4020      2.292     55.139  47.618294    41.4473      8.081   271.0850 7.6959e+00     7.6410      3.508      5.088    18.3150 0.0000e+00
      3.585      0.037     0.3432      2.069     55.444  47.858791    38.0109      8.067   271.6996 7.6635e+00     7.3309      3.518      5.102    18.2408 0.0000e+00
      3.590      0.028     0.2908      1.970     55.699  48.040734    37.5619      8.053   272.2339 7.6505e+00     7.2920      3.522      5.108    18.2120 0.0000e+00
      3.594      0.023     0.2457      1.969     55.899  48.167404    36.0770      8.041   272.8126 7.6441e+00     7.2731      3.524      5.110    18.1881 0.0000e+00
      3.599      0.020     0.2114      2.011     56.037  48.247484    33.3900      8.031   273.2766 7.6282e+00     7.2398      3.530      5.119    18.1768 0.0000e+00
      3.604      0.020     0.1913      2.047     56.142  48.310534    31.9079      8.020   273.6278 7.6091e+00     7.2310      3.535      5.126    18.1628 0.0000e+00
      3.609      0.021     0.1820      2.057     56.218  48.358294    31.6406      8.009   274.1333 7.5751e+00     7.2007      3.539      5.131    18.1230 0.0000e+00
      3.615      0.023     0.1852      2.068     56.259  48.380496    30.1995      7.999   274.7428 7.5296e+00     7.0436      3.545      5.142    18.0765 0.0000e+00
      3.621      0.023     0.1900      2.071     56.280  48.388496    27.5921      7.991   275.1462 7.5022e+00     6.9033      3.552      5.152    18.0413 0.0000e+00
      3.627      0.022     0.1957      2.045     56.295  48.391516    26.1664      7.982   275.2247 7.4740e+00     6.9046      3.557      5.158    18.0179 0.0000e+00
      3.633      0.021     0.1938      2.019     56.334  48.416991    25.8621      7.972   275.2625 7.4138e+00     6.8882      3.562      5.167    18.0037 0.0000e+00
      3.639      0.021     0.1957      1.991     56.442  48.506037    23.8879      7.964   275.4313 7.3487e+00     6.7741      3.569      5.177    17.9934 0.0000e+00
      3.643      0.025     0.1985      1.966     56.683  48.706275    20.2910      7.958   275.6304 7.3202e+00     6.6177      3.574      5.184    17.9846 0.0000e+00
      3.646      0.033     0.1925      1.955     57.053  48.996802    18.3371      7.951   275.7772 7.2870e+00     6.5685      3.576      5.186    17.9754 0.0000e+00
      3.651      0.040     0.1918      1.937     57.456  49.288602    18.1581      7.944   275.7436 7.2028e+00     6.6575      3.577      5.188    17.9672 0.0000e+00
      3.662      0.046     0.1887      1.913     57.632  49.377172    17.9939      7.936   275.6545 7.0358e+00     6.7037      3.587      5.203    17.9640 0.0000e+00
      3.682      0.050     0.1849      1.909     57.522  49.242199    16.4178      7.928   275.7318 6.8113e+00     6.6487      3.611      5.237    17.9666 0.0000e+00
      3.703      0.052     0.1859      1.919     57.827  49.497894    13.5513      7.920   275.9900 6.6375e+00     6.6062      3.634      5.271    17.9465 0.0000e+00
      3.717      0.053     0.1845      1.903     58.920  50.436904    11.9989      7.915   276.2811 6.5360e+00     6.6342      3.647      5.290    17.8909 0.0000e+00
      3.726      0.053     0.1806      1.851     60.010  51.325338    11.8136      7.909   276.2405 6.4565e+00     6.6809      3.655      5.300    17.8263 0.0000e+00
      3.732      0.050     0.1806      1.800     60.460  51.604232    11.1783      7.902   276.1011 6.3635e+00     6.9661      3.658      5.305    17.7845 0.0000e+00
      3.744      0.050     0.1837      1.784     60.499  51.522899    10.0354      7.895   276.3169 6.2171e+00     7.4857      3.667      5.320    17.7870 0.0000e+00
      3.764      0.053     0.1825      1.774     60.404  51.357804     9.3895      7.888   276.6133 6.0450e+00     7.7370      3.693      5.355    17.8146 0.0000e+00
      3.780      0.056     0.1763      1.741     60.303  51.195472     9.2280      7.882   276.6723 5.9315e+00     7.7845      3.710      5.381    17.7866 0.0000e+00
      3.791      0.055     0.1692      1.702     60.355  51.147545     8.3493      7.876   276.6002 5.8224e+00     8.1281      3.716      5.389    17.6717 0.0000e+00
      3.804      0.050     0.1704      1.680     60.458  51.159194     6.7714      7.871   276.6024 5.6271e+00     8.7155      3.728      5.407    17.5616 0.0000e+00
      3.822      0.043     0.1714      1.685     60.474  51.145714     5.9224      7.867   276.6985 5.4423e+00     9.0100      3.750      5.440    17.5040 0.0000e+00
      3.835      0.038     0.1663      1.685     60.521  51.175031     5.8327      7.863   276.9024 5.3634e+00     8.9905      3.766      5.461    17.4554 0.0000e+00
      3.840      0.037     0.1633      1.666     60.680  51.259668     5.6374      7.859   277.1740 5.3211e+00     9.1286      3.765      5.461    17.3649 0.0000e+00
      3.842      0.037     0.1594      1.664     60.905  51.343507     5.3089      7.855   277.4012 5.2435e+00     9.4839      3.766      5.462    17.2835 0.0000e+00
      3.848      0.040     0.1626      1.685     61.159  51.426586     5.1482      7.851   277.5850 5.1217e+00     9.7345      3.772      5.470    17.2774 0.0000e+00
      3.859      0.046     0.1634      1.700     61.459  51.565500     5.1513      7.849   277.7615 4.9642e+00     9.8010      3.783      5.486    17.2902 0.0000e+00
      3.874      0.054     0.1588      1.698     61.784  51.752956     5.0382      7.845   278.0720 4.7451e+00    10.1512      3.798      5.508    17.2529 0.0000e+00
      3.893      0.060     0.1593      1.687     62.066  51.914987     4.7877      7.840   278.5007 4.4924e+00    10.8601      3.819      5.539    17.1549 0.0000e+00
      3.911      0.064     0.1632      1.670     62.334  52.063992     4.6273      7.836   278.7283 4.2749e+00    11.2681      3.837      5.565    17.0314 0.0000e+00
      3.926      0.064     0.1655      1.659     62.558  52.157435     4.5730      7.831   278.9310 4.0522e+00    11.3268      3.850      5.584    16.9363 0.0000e+00
      3.942      0.057     0.1643      1.660     62.612  52.092152     4.1643      7.826   279.4026 3.7960e+00    11.0911      3.866      5.607    16.8780 0.0000e+00
      3.960      0.047     0.1644      1.661     62.554  51.973041     3.3902      7.821   279.7851 3.5256e+00    10.5702      3.882      5.631    16.8165 0.0000e+00
      3.977      0.039     0.1617      1.646     62.881  52.241222     2.9527      7.816   279.9418 3.3299e+00    10.2561      3.903      5.661    16.7635 0.0000e+00
      3.984      0.037     0.1610      1.638     64.448  53.556611     2.8943      7.811   280.0930 3.3030e+00    10.1618      3.913      5.675    16.6956 0.0000e+00
      3.981      0.038     0.1612      1.664     66.987  55.620489     2.8842      7.808   280.1508 3.3281e+00    10.1472      3.903      5.661    16.5797 0.0000e+00
      3.981      0.045     0.1636      1.698     69.270  57.380274     2.7559      7.806   280.2101 3.2378e+00    10.2164      3.898      5.653    16.5140 0.0000e+00
      3.994      0.056     0.1604      1.707     70.717  58.383579     2.4752      7.804   280.4654 3.0241e+00    10.2810      3.913      5.676    16.5294 0.0000e+00
      4.014      0.069     0.1577      1.694     71.148  58.540782     2.3033      7.799   280.6571 2.7686e+00    10.3138      3.938      5.711    16.5654 0.0000e+00
      4.038      0.079     0.1625      1.696     70.911  58.200938     2.2668      7.795   280.8075 2.4683e+00    10.3048      3.958      5.740    16.5416 0.0000e+00
      4.066      0.081     0.1668      1.713     70.546  57.831604     2.2413      7.790   281.0793 2.1473e+00    10.3782      3.987      5.782    16.4300 0.0000e+00
      4.093      0.076     0.1690      1.708     70.315  57.632279     2.2203      7.785   281.2761 1.9453e+00    10.5858      4.019      5.829    16.2794 0.0000e+00
      4.111      0.068     0.1654      1.683     70.378  57.696503     2.2128      7.781   281.2939 1.8623e+00    10.7309      4.035      5.852    16.1201 0.0000e+00
      4.121      0.057     0.1664      1.662     70.564  57.845914     2.1999      7.777   281.2080 1.8106e+00    10.7660      4.042      5.861    16.0131 0.0000e+00
      4.131      0.045     0.1704      1.644     70.676  57.914323     2.0734      7.772   281.1840 1.7531e+00    11.1133      4.050      5.874    15.9696 0.0000e+00
      4.145      0.037     0.1700      1.623     70.836  58.015431     1.8493      7.769   281.1761 1.6922e+00    11.8219      4.064      5.894    15.9714 0.0000e+00
      4.155      0.037     0.1652      1.601     71.086  58.179065     1.7292      7.768   281.1991 1.6662e+00    12.2619      4.078      5.915    15.9938 0.0000e+00
      4.159      0.041     0.1642      1.584     71.112  58.114166     1.7279      7.766   281.4615 1.6714e+00    12.4026      4.080      5.917    15.9908 0.0000e+00
      4.163      0.045     0.1626      1.579     71.072  57.929389     1.7012      7.764   281.7673 1.6549e+00    12.9084      4.078      5.914    15.9676 0.0000e+00
      4.174      0.047     0.1602      1.581     71.190  57.850383     1.6214      7.763   282.0576 1.5940e+00    13.7664      4.090      5.932    15.9470 0.0000e+00
      4.194      0.050     0.1582      1.584     70.961  57.539808     1.5614      7.763   282.3904 1.5220e+00    14.2028      4.114      5.966    15.9284 0.0000e+00
      4.214      0.055     0.1560      1.571     70.044  56.714868     1.5510      7.763   282.5213 1.4798e+00    14.2903      4.135      5.997    15.8788 0.0000e+00
      4.227      0.061     0.1567      1.546     68.905  55.688628     1.5295      7.764   282.4354 1.4736e+00    15.1999      4.149      6.017    15.7594 0.0000e+00
      4.235      0.063     0.1569      1.544     68.197  54.976381     1.4836      7.766   282.2121 1.4611e+00    16.8315      4.150      6.019    15.6082 0.0000e+00
      4.246      0.063     0.1587      1.566     68.029  54.708355     1.4626      7.766   281.9726 1.4099e+00    17.6558      4.159      6.032    15.5233 0.0000e+00
      4.267      0.061     0.1577      1.573     68.413  54.924723     1.4496      7.767   281.8625 1.3464e+00    17.6853      4.186      6.071    15.4930 0.0000e+00
      4.292      0.055     0.1533      1.564     69.245  55.559973     1.4266      7.767   281.7411 1.2978e+00    17.7688      4.212      6.107    15.4193 0.0000e+00
      4.311      0.045     0.1531      1.556     69.952  56.164851     1.4013      7.767   281.6231 1.2654e+00    18.4949      4.231      6.136    15.2983 0.0000e+00
      4.322      0.030     0.1586      1.540     70.214  56.458566     1.3849      7.766   281.5546 1.2549e+00    19.7691      4.242      6.153    15.1954 0.0000e+00
      4.325      0.014     0.1590      1.519     70.156  56.507236     1.3949      7.764   281.3440 1.2629e+00    20.4339      4.243      6.154    15.1252 0.0000e+00
      4.321      0.002     0.1567      1.515     70.040  56.499367     1.4056      7.763   281.1410 1.2856e+00    20.4182      4.238      6.148    15.0932 0.0000e+00
      4.313     -0.005     0.1568      1.510     69.960  56.490562     1.3985      7.762   281.1657 1.3101e+00    19.9892      4.228      6.132    15.1297 0.0000e+00
      4.309     -0.006     0.1552      1.485     69.733  56.337315     1.3835      7.761   281.2123 1.3137e+00    19.2085      4.221      6.122    15.2012 0.0000e+00
      4.310     -0.002     0.1507      1.471     69.513  56.170881     1.3817      7.759   281.1020 1.3055e+00    18.8013      4.227      6.131    15.2690 0.0000e+00
      4.312      0.004     0.1517      1.473     69.471  56.129650     1.4020      7.757   280.8645 1.3016e+00    18.8579      4.230      6.135    15.3408 0.0000e+00
      4.312      0.009     0.1528      1.472     69.337  56.029323     1.4126      7.755   280.5776 1.3026e+00    19.0729      4.227      6.131    15.3762 0.0000e+00
