Data/DataNotYetUploadedToEDI/Raw_CTD/RawDownloads/091724_fcr30_S7809003.cnv
* Sea-Bird SBE19plus  Data File:
* FileName = C:\R\Reservoirs\Data\DataNotYetUploadedToEDI\Raw_CTD\RawDownloads\091724_fcr10_S7809_0003.hex
* Software version 2.8.0.119
* Temperature SN = 7809
* Conductivity SN = 7809
* System UpLoad Time = Sep 17 2024 15:40:33
* <ApplicationData>
* <Seaterm232>
# nquan = 15
# nvalues = 1852                        
# units = specified
# name 0 = depFM: Depth [fresh water, m]
# name 1 = dz/dtM: Descent Rate [m/s]
# name 2 = sbeox0Mg/L: Oxygen, SBE 43 [mg/l]
# name 3 = sbeox0PS: Oxygen, SBE 43 [% saturation]
# name 4 = specc: Specific Conductance [uS/cm]
# name 5 = c0uS/cm: Conductivity [uS/cm]
# name 6 = flECO-AFL: Fluorescence, WET Labs ECO-AFL/FL [mg/m^3]
# name 7 = ph: pH
# name 8 = orp: Oxidation Reduction Potential [mV]
# name 9 = par/sat/log: PAR/Logarithmic, Satlantic
# name 10 = turbWETntu0: Turbidity, WET Labs ECO [NTU]
# name 11 = prdM: Pressure, Strain Gauge [db]
# name 12 = prdE: Pressure, Strain Gauge [psi]
# name 13 = tv290C: Temperature [ITS-90, deg C]
# name 14 = flag:  0.000e+00
# span 0 =     -0.651,      5.346       
# span 1 =     -0.214,      0.216       
# span 2 =     0.1221,     8.6883       
# span 3 =      1.308,     96.845       
# span 4 =      1.523,     89.128       
# span 5 =   1.366248,  72.803449       
# span 6 =    -0.1382,    64.4045       
# span 7 =      7.144,      8.138       
# span 8 =   225.9173,   567.3829       
# span 9 = 1.2360e-01, 3.2306e+02       
# span 10 =    -0.2968,   258.7330      
# span 11 =     -0.639,      5.243      
# span 12 =     -0.926,      7.605      
# span 13 =    13.1893,    20.9368      
# span 14 = 0.0000e+00, 0.0000e+00      
# interval = seconds: 0.25
# start_time = Sep 17 2024 10:48:43 [Instrument's time stamp, header]
# bad_flag = -9.990e-29
*END*
[from data line 579]
      1.411      0.024     7.3511     82.323     42.951  39.450000     3.5517      8.094   247.8522 2.4945e+01     5.6559      1.383      2.005    20.9246 0.0000e+00
      1.418      0.028     7.3500     82.235     42.952  39.450512     3.5545      8.094   247.8908 2.4881e+01     5.6632      1.388      2.014    20.9236 0.0000e+00
      1.427      0.029     7.3516     82.114     42.945  39.444317     3.5738      8.093   247.9661 2.4781e+01     5.6741      1.401      2.032    20.9226 0.0000e+00
      1.437      0.029     7.3558     82.003     42.938  39.438557     3.5768      8.092   247.9878 2.4661e+01     5.6858      1.411      2.045    20.9213 0.0000e+00
      1.446      0.026     7.3502     81.938     42.942  39.444330     3.5655      8.094   247.8956 2.4530e+01     5.7018      1.418      2.056    20.9200 0.0000e+00
      1.454      0.021     7.3433     81.890     42.947  39.450666     3.5464      8.095   247.8826 2.4432e+01     5.6628      1.428      2.070    20.9191 0.0000e+00
      1.458      0.016     7.3309     81.870     42.947  39.451697     3.5454      8.096   248.0034 2.4416e+01     5.6585      1.431      2.075    20.9184 0.0000e+00
      1.459      0.014     7.3178     81.930     42.952  39.456794     3.5776      8.098   248.0652 2.4436e+01     5.7183      1.431      2.076    20.9196 0.0000e+00
      1.459      0.015     7.3153     82.066     42.944  39.448836     3.6106      8.098   248.0277 2.4428e+01     5.7358      1.430      2.075    20.9228 0.0000e+00
      1.460      0.018     7.3092     82.200     42.912  39.418946     3.6124      8.098   248.0665 2.4368e+01     5.6998      1.431      2.074    20.9251 0.0000e+00
      1.465      0.023     7.3054     82.300     42.906  39.412705     3.5991      8.098   248.1040 2.4270e+01     5.6936      1.436      2.081    20.9260 0.0000e+00
      1.474      0.027     7.3097     82.370     42.932  39.436831     3.5991      8.099   248.0515 2.4109e+01     5.7284      1.443      2.094    20.9262 0.0000e+00
      1.485      0.030     7.3266     82.401     42.953  39.456804     3.5954      8.099   248.0334 2.3942e+01     5.7459      1.457      2.113    20.9257 0.0000e+00
      1.495      0.030     7.3393     82.419     42.960  39.463817     3.5794      8.099   248.0575 2.3845e+01     5.7679      1.468      2.129    20.9250 0.0000e+00
      1.502      0.028     7.3467     82.431     42.955  39.458161     3.5644      8.100   248.0848 2.3736e+01     5.7552      1.473      2.136    20.9246 0.0000e+00
      1.508      0.025     7.3550     82.419     42.948  39.451871     3.5644      8.101   248.1063 2.3639e+01     5.6942      1.480      2.146    20.9246 0.0000e+00
      1.514      0.023     7.3556     82.402     42.948  39.451237     3.5957      8.101   248.0589 2.3621e+01     5.7147      1.486      2.156    20.9251 0.0000e+00
      1.517      0.023     7.3568     82.398     42.947  39.450500     3.6266      8.101   248.0270 2.3596e+01     5.7300      1.488      2.158    20.9253 0.0000e+00
      1.521      0.026     7.3601     82.388     42.939  39.442952     3.6305      8.100   248.1513 2.3518e+01     5.6737      1.492      2.162    20.9249 0.0000e+00
      1.526      0.030     7.3572     82.348     42.919  39.423442     3.6092      8.100   248.3578 2.3424e+01     5.7172      1.497      2.171    20.9245 0.0000e+00
      1.535      0.032     7.3550     82.297     42.900  39.404987     3.5691      8.100   248.5442 2.3294e+01     5.8455      1.503      2.180    20.9240 0.0000e+00
      1.548      0.033     7.3556     82.253     42.905  39.410188     3.5530      8.100   248.5981 2.3091e+01     5.9275      1.518      2.202    20.9236 0.0000e+00
      1.561      0.031     7.3560     82.194     42.919  39.422871     3.5641      8.099   248.4940 2.2892e+01     5.9573      1.533      2.224    20.9234 0.0000e+00
      1.569      0.027     7.3519     82.132     42.929  39.431410     3.5623      8.099   248.4037 2.2780e+01     5.9662      1.540      2.234    20.9228 0.0000e+00
      1.574      0.022     7.3456     82.093     42.950  39.449970     3.5473      8.100   248.4527 2.2743e+01     5.8983      1.544      2.240    20.9223 0.0000e+00
      1.577      0.018     7.3442     82.086     42.959  39.456897     3.5408      8.100   248.5699 2.2725e+01     5.7854      1.546      2.242    20.9221 0.0000e+00
      1.578      0.017     7.3376     82.104     42.955  39.451696     3.5504      8.100   248.6162 2.2690e+01     5.7626      1.547      2.243    20.9221 0.0000e+00
      1.580      0.018     7.3311     82.117     42.955  39.450552     3.5715      8.101   248.6683 2.2638e+01     5.7596      1.549      2.246    20.9216 0.0000e+00
      1.585      0.019     7.3277     82.087     42.948  39.443062     3.5877      8.101   248.7702 2.2567e+01     5.7494      1.553      2.253    20.9201 0.0000e+00
      1.592      0.022     7.3277     82.032     42.928  39.424587     3.5797      8.101   248.7295 2.2486e+01     5.8089      1.561      2.265    20.9185 0.0000e+00
      1.600      0.025     7.3300     82.005     42.923  39.417565     3.5504      8.102   248.6064 2.2410e+01     5.8990      1.571      2.277    20.9170 0.0000e+00
      1.606      0.027     7.3336     81.989     42.929  39.421614     3.5418      8.103   248.6577 2.2325e+01     5.9847      1.574      2.284    20.9154 0.0000e+00
      1.611      0.029     7.3307     81.964     42.919  39.410076     3.5589      8.103   248.8332 2.2224e+01     5.9907      1.578      2.289    20.9148 0.0000e+00
      1.618      0.031     7.3217     81.915     42.914  39.404979     3.5657      8.103   248.9220 2.2108e+01     5.9378      1.586      2.300    20.9147 0.0000e+00
      1.627      0.032     7.3224     81.822     42.935  39.423444     3.5647      8.103   248.8716 2.1958e+01     5.8914      1.595      2.314    20.9128 0.0000e+00
      1.638      0.033     7.3214     81.722     42.955  39.442954     3.5646      8.103   248.8262 2.1804e+01     5.8404      1.607      2.330    20.9095 0.0000e+00
      1.648      0.032     7.3193     81.664     42.962  39.450491     3.5726      8.103   248.8884 2.1695e+01     5.8667      1.617      2.344    20.9070 0.0000e+00
      1.656      0.030     7.3173     81.651     42.961  39.451114     3.5776      8.103   248.9350 2.1605e+01     5.9358      1.624      2.355    20.9057 0.0000e+00
      1.663      0.026     7.3067     81.654     42.960  39.450490     3.5593      8.104   248.9603 2.1512e+01     5.9591      1.631      2.365    20.9058 0.0000e+00
      1.669      0.021     7.2959     81.676     42.950  39.442943     3.5425      8.105   249.0223 2.1431e+01     5.9444      1.637      2.374    20.9073 0.0000e+00
      1.674      0.018     7.2904     81.757     42.929  39.423328     3.5321      8.105   248.9955 2.1382e+01     5.9286      1.642      2.381    20.9091 0.0000e+00
      1.678      0.017     7.2906     81.884     42.908  39.403718     3.5180      8.105   248.9814 2.1349e+01     5.9725      1.646      2.387    20.9104 0.0000e+00
      1.680      0.018     7.2910     82.016     42.900  39.396219     3.5129      8.105   249.1104 2.1299e+01     5.9968      1.648      2.390    20.9114 0.0000e+00
      1.681      0.022     7.2900     82.126     42.900  39.396115     3.5043      8.105   249.1774 2.1227e+01     5.9498      1.648      2.391    20.9118 0.0000e+00
      1.686      0.027     7.2984     82.169     42.908  39.402461     3.4885      8.105   249.1899 2.1132e+01     5.9167      1.651      2.395    20.9118 0.0000e+00
      1.694      0.031     7.3117     82.129     42.918  39.409484     3.4967      8.105   249.2608 2.0992e+01     5.9377      1.661      2.409    20.9117 0.0000e+00
      1.706      0.033     7.3231     82.058     42.930  39.417565     3.5370      8.106   249.2606 2.0815e+01     5.9986      1.673      2.427    20.9118 0.0000e+00
      1.719      0.033     7.3354     81.973     42.953  39.436697     3.5678      8.107   249.2740 2.0666e+01     6.0043      1.687      2.447    20.9117 0.0000e+00
      1.728      0.033     7.3405     81.862     42.970  39.450430     3.5613      8.107   249.4225 2.0567e+01     5.9388      1.697      2.461    20.9107 0.0000e+00
      1.734      0.032     7.3344     81.754     42.979  39.456682     3.5411      8.107   249.5082 2.0491e+01     5.9242      1.700      2.467    20.9072 0.0000e+00
      1.739      0.030     7.3276     81.668     42.972  39.448819     3.5320      8.107   249.4492 2.0416e+01     5.9637      1.705      2.473    20.9037 0.0000e+00
      1.745      0.028     7.3229     81.598     42.940  39.418820     3.5429      8.107   249.3972 2.0302e+01     6.0060      1.710      2.481    20.9013 0.0000e+00
      1.754      0.026     7.3107     81.558     42.933  39.411274     3.5724      8.107   249.3094 2.0141e+01     6.0256      1.720      2.494    20.8983 0.0000e+00
      1.764      0.026     7.3009     81.519     42.944  39.421044     3.5979      8.107   249.2479 2.0007e+01     5.9965      1.732      2.512    20.8962 0.0000e+00
      1.770      0.025     7.2946     81.465     42.932  39.410015     3.6096      8.107   249.3427 1.9931e+01     5.9950      1.737      2.520    20.8958 0.0000e+00
      1.774      0.025     7.2861     81.415     42.926  39.404850     3.6146      8.107   249.4224 1.9866e+01     6.0418      1.739      2.522    20.8953 0.0000e+00
      1.778      0.025     7.2852     81.380     42.946  39.422061     3.6156      8.107   249.5235 1.9770e+01     6.0507      1.743      2.528    20.8939 0.0000e+00
      1.784      0.027     7.2822     81.358     42.953  39.427732     3.5976      8.108   249.7054 1.9620e+01     5.9990      1.749      2.537    20.8933 0.0000e+00
      1.791      0.031     7.2760     81.331     42.934  39.409951     3.5545      8.108   249.8149 1.9475e+01     5.9291      1.756      2.547    20.8936 0.0000e+00
      1.799      0.035     7.2717     81.303     42.921  39.397453     3.5362      8.108   249.8154 1.9334e+01     5.9237      1.763      2.557    20.8932 0.0000e+00
      1.809      0.038     7.2684     81.297     42.928  39.403540     3.5508      8.108   249.7974 1.9150e+01     5.9686      1.773      2.571    20.8926 0.0000e+00
      1.822      0.039     7.2676     81.317     42.948  39.420081     3.5730      8.109   249.8554 1.8975e+01     5.9933      1.787      2.592    20.8922 0.0000e+00
      1.834      0.038     7.2653     81.347     42.935  39.407067     3.5968      8.109   249.9135 1.8845e+01     5.9832      1.800      2.610    20.8915 0.0000e+00
      1.844      0.035     7.2616     81.349     42.899  39.373109     3.6131      8.110   249.8984 1.8775e+01     5.9487      1.810      2.625    20.8909 0.0000e+00
      1.851      0.032     7.2610     81.295     42.918  39.390260     3.6285      8.111   249.8445 1.8731e+01     5.9515      1.815      2.633    20.8897 0.0000e+00
      1.857      0.028     7.2638     81.208     42.955  39.424060     3.6415      8.111   249.7775 1.8656e+01     5.9831      1.820      2.639    20.8876 0.0000e+00
      1.864      0.025     7.2678     81.135     42.930  39.401018     3.6450      8.111   249.7768 1.8569e+01     5.9888      1.828      2.651    20.8862 0.0000e+00
      1.871      0.023     7.2696     81.080     42.891  39.365506     3.6376      8.112   249.8353 1.8495e+01     5.9528      1.835      2.661    20.8857 0.0000e+00
      1.876      0.022     7.2639     81.032     42.901  39.375451     3.6194      8.113   249.8832 1.8436e+01     5.9231      1.839      2.669    20.8855 0.0000e+00
      1.881      0.022     7.2537     81.031     42.921  39.394334     3.6084      8.113   249.9259 1.8370e+01     5.9717      1.845      2.677    20.8852 0.0000e+00
      1.885      0.022     7.2474     81.089     42.930  39.403437     3.6294      8.113   249.9223 1.8284e+01     6.0283      1.849      2.682    20.8851 0.0000e+00
      1.890      0.022     7.2442     81.145     42.950  39.422048     3.6652      8.114   249.9254 1.8194e+01     6.0261      1.853      2.688    20.8853 0.0000e+00
      1.896      0.022     7.2372     81.158     42.956  39.428985     3.6831      8.115   249.9628 1.8101e+01     5.9794      1.860      2.697    20.8854 0.0000e+00
      1.903      0.021     7.2363     81.167     42.951  39.423850     3.6791      8.115   249.9439 1.8006e+01     5.9076      1.867      2.707    20.8857 0.0000e+00
      1.910      0.020     7.2441     81.222     42.951  39.423426     3.6752      8.116   249.9546 1.7921e+01     5.9097      1.874      2.717    20.8864 0.0000e+00
      1.915      0.019     7.2510     81.273     42.953  39.423861     3.6857      8.116   250.0070 1.7847e+01     5.9702      1.879      2.725    20.8880 0.0000e+00
      1.919      0.019     7.2503     81.263     42.960  39.429100     3.6978      8.116   249.9753 1.7776e+01     5.9907      1.883      2.730    20.8898 0.0000e+00
      1.922      0.019     7.2475     81.228     42.954  39.423307     3.7051      8.116   249.9152 1.7711e+01     5.9862      1.885      2.733    20.8904 0.0000e+00
      1.925      0.020     7.2555     81.194     42.948  39.417282     3.7079      8.117   249.9685 1.7631e+01     5.9501      1.886      2.736    20.8890 0.0000e+00
      1.932      0.022     7.2637     81.164     42.951  39.419709     3.7231      8.117   250.1039 1.7532e+01     5.9302      1.893      2.746    20.8869 0.0000e+00
      1.939      0.025     7.2601     81.155     42.921  39.389185     3.7470      8.117   250.1756 1.7429e+01     5.9849      1.902      2.759    20.8849 0.0000e+00
      1.945      0.026     7.2560     81.137     42.899  39.365522     3.7556      8.117   250.1470 1.7324e+01     6.0302      1.907      2.767    20.8843 0.0000e+00
      1.952      0.025     7.2543     81.083     42.925  39.387451     3.7610      8.118   250.1020 1.7197e+01     6.0003      1.913      2.775    20.8854 0.0000e+00
      1.960      0.023     7.2491     81.016     42.940  39.400472     3.7705      8.120   250.1484 1.7068e+01     5.9306      1.923      2.789    20.8844 0.0000e+00
      1.967      0.019     7.2513     80.934     42.934  39.396041     3.7793      8.120   250.2773 1.7016e+01     5.9051      1.930      2.801    20.8808 0.0000e+00
      1.971      0.016     7.2516     80.825     42.934  39.397341     3.7927      8.120   250.2842 1.7013e+01     5.9306      1.933      2.804    20.8762 0.0000e+00
      1.973      0.014     7.2450     80.739     42.954  39.416184     3.8067      8.120   250.1447 1.7018e+01     5.9658      1.935      2.806    20.8734 0.0000e+00
      1.975      0.013     7.2399     80.733     42.972  39.433488     3.8072      8.120   250.0540 1.7038e+01     5.9553      1.936      2.808    20.8733 0.0000e+00
      1.977      0.014     7.2333     80.783     42.952  39.416180     3.7909      8.121   250.0484 1.7056e+01     5.8718      1.938      2.811    20.8746 0.0000e+00
      1.980      0.017     7.2217     80.861     42.930  39.397305     3.7848      8.121   250.0768 1.7047e+01     5.8438      1.940      2.814    20.8760 0.0000e+00
      1.984      0.019     7.2099     80.947     42.928  39.395650     3.7994      8.122   250.1390 1.6989e+01     5.8907      1.945      2.821    20.8773 0.0000e+00
      1.991      0.021     7.2123     81.005     42.928  39.396170     3.8007      8.122   250.1990 1.6933e+01     5.9266      1.953      2.832    20.8783 0.0000e+00
      1.999      0.021     7.2170     81.026     42.936  39.403595     3.7838      8.123   250.1998 1.6903e+01     5.9365      1.961      2.844    20.8794 0.0000e+00
      2.005      0.021     7.2235     81.013     42.957  39.421950     3.7789      8.124   250.1486 1.6859e+01     5.9071      1.966      2.852    20.8803 0.0000e+00
      2.010      0.020     7.2338     80.969     42.964  39.427723     3.7911      8.124   250.0961 1.6804e+01     5.9130      1.971      2.858    20.8811 0.0000e+00
