Data/DataNotYetUploadedToEDI/Raw_CTD/RawDownloads/091724_fcr50_S7809005.cnv
* Sea-Bird SBE19plus  Data File:
* FileName = C:\R\Reservoirs\Data\DataNotYetUploadedToEDI\Raw_CTD\RawDownloads\091724_fcr10_S7809_0005.hex
* Software version 2.8.0.119
* Temperature SN = 7809
* Conductivity SN = 7809
* System UpLoad Time = Sep 17 2024 15:42:02
* <ApplicationData>
* <Seaterm232>
# nquan = 15
# nvalues = 1851                        
# units = specified
# name 0 = depFM: Depth [fresh water, m]
# name 1 = dz/dtM: Descent Rate [m/s]
# name 2 = sbeox0Mg/L: Oxygen, SBE 43 [mg/l]
# name 3 = sbeox0PS: Oxygen, SBE 43 [% saturation]
# name 4 = specc: Specific Conductance [uS/cm]
# name 5 = c0uS/cm: Conductivity [uS/cm]
# name 6 = flECO-AFL: Fluorescence, WET Labs ECO-AFL/FL [mg/m^3]
# name 7 = ph: pH
# name 8 = orp: Oxidation Reduction Potential [mV]
# name 9 = par/sat/log: PAR/Logarithmic, Satlantic
# name 10 = turbWETntu0: Turbidity, WET Labs ECO [NTU]
# name 11 = prdM: Pressure, Strain Gauge [db]
# name 12 = prdE: Pressure, Strain Gauge [psi]
# name 13 = tv290C: Temperature [ITS-90, deg C]
# name 14 = flag:  0.000e+00
# span 0 =     -0.646,      9.499       
# span 1 =     -0.264,      0.216       
# span 2 =    -0.2431,     8.4901       
# span 3 =     -2.034,     93.381       
# span 4 =      1.286,    498.094       
# span 5 =   1.135443, 382.386581       
# span 6 =    -0.1393,    63.4494       
# span 7 =      7.397,      8.350       
# span 8 =   120.6433,   459.1783       
# span 9 = 1.2360e-01, 4.5985e+02       
# span 10 =    -0.3575,   472.2949      
# span 11 =     -0.633,      9.315      
# span 12 =     -0.919,     13.511      
# span 13 =    13.2317,    21.0537      
# span 14 = 0.0000e+00, 0.0000e+00      
# interval = seconds: 0.25
# start_time = Sep 17 2024 11:14:24 [Instrument's time stamp, header]
# bad_flag = -9.990e-29
*END*
[from data line 1639]
      1.724     -0.186     7.1891     79.213     43.472  39.880701     3.9486      7.868   264.3085 2.9695e+01    11.8162      1.672      2.424    20.8513 0.0000e+00
      1.693     -0.128     7.1411     79.051     43.386  39.808985     4.0222      7.871   264.1789 2.9912e+01    14.1531      1.650      2.392    20.8477 0.0000e+00
      1.694     -0.065     7.1071     78.871     43.315  39.752787     4.0273      7.874   264.1725 3.0013e+01    14.3220      1.660      2.407    20.8516 0.0000e+00
      1.703     -0.019     7.0915     78.722     43.327  39.772388     4.1098      7.878   264.1445 3.0117e+01    13.8247      1.672      2.425    20.8562 0.0000e+00
      1.711     -0.010     7.0812     78.666     43.414  39.855603     4.2798      7.883   263.9262 3.0193e+01    12.7867      1.677      2.432    20.8652 0.0000e+00
      1.720     -0.045     7.0643     78.684     43.498  39.933934     4.3763      7.887   263.6832 3.0263e+01    12.1559      1.687      2.447    20.8717 0.0000e+00
      1.726     -0.108     7.0463     78.720     43.528  39.957937     4.3685      7.891   263.7019 3.0528e+01    12.0046      1.699      2.463    20.8822 0.0000e+00
      1.711     -0.174     7.0270     78.757     43.536  39.955433     4.2437      7.891   264.0667 3.1461e+01    11.6062      1.694      2.457    20.8967 0.0000e+00
      1.652     -0.220     7.0233     78.770     43.559  39.967112     4.0327      7.889   264.4810 3.3484e+01    10.9252      1.640      2.379    20.8969 0.0000e+00
      1.547     -0.236     7.0280     78.751     43.567  39.972211     3.9234      7.885   264.5806 3.6231e+01    10.5684      1.524      2.210    20.8976 0.0000e+00
      1.431     -0.220     7.0299     78.743     43.536  39.953615     3.9217      7.885   264.3253 3.8494e+01    10.5373      1.386      2.010    20.8979 0.0000e+00
      1.353     -0.178     7.0369     78.749     43.495  39.932660     3.9205      7.888   263.9751 3.9294e+01    10.4124      1.302      1.889    20.8828 0.0000e+00
      1.333     -0.118     7.0414     78.758     43.453  39.909264     3.9248      7.893   263.7874 3.8958e+01     9.8102      1.296      1.879    20.8680 0.0000e+00
      1.347     -0.058     7.0368     78.775     43.388  39.861154     3.9577      7.897   263.7766 3.8393e+01     8.8932      1.320      1.915    20.8642 0.0000e+00
      1.365     -0.021     7.0354     78.790     43.308  39.795217     3.9772      7.902   263.5002 3.8047e+01     8.4455      1.343      1.948    20.8762 0.0000e+00
      1.372     -0.025     7.0332     78.804     43.246  39.746652     3.9602      7.907   262.7697 3.8066e+01     8.3940      1.349      1.956    20.9016 0.0000e+00
      1.368     -0.065     7.0304     78.823     43.208  39.718213     3.8187      7.912   262.0852 3.8361e+01     8.1673      1.342      1.946    20.9197 0.0000e+00
      1.356     -0.119     7.0315     78.860     43.192  39.705223     3.5656      7.916   262.0197 3.9008e+01     7.8224      1.336      1.938    20.9307 0.0000e+00
      1.324     -0.161     7.0315     78.945     43.209  39.716528     3.4379      7.915   262.6670 4.0648e+01     7.6746      1.313      1.905    20.9390 0.0000e+00
      1.259     -0.179     7.0310     79.102     43.227  39.727963     3.4573      7.912   263.0287 4.3343e+01     7.6433      1.245      1.806    20.9483 0.0000e+00
      1.173     -0.174     7.0313     79.349     43.213  39.716555     3.5829      7.911   262.6077 4.5938e+01     7.4785      1.143      1.658    20.9591 0.0000e+00
      1.103     -0.150     7.0328     79.674     43.194  39.705520     3.7827      7.913   262.1363 4.7365e+01     7.2192      1.065      1.544    20.9626 0.0000e+00
      1.073     -0.114     7.0405     80.013     43.204  39.721467     3.8755      7.916   261.9747 4.7696e+01     7.1385      1.041      1.511    20.9541 0.0000e+00
      1.073     -0.070     7.0558     80.319     43.265  39.782453     3.8815      7.918   262.0302 4.7671e+01     7.2539      1.050      1.523    20.9443 0.0000e+00
      1.080     -0.030     7.0767     80.559     43.365  39.871743     3.8723      7.918   262.1202 4.7762e+01     7.6574      1.062      1.541    20.9471 0.0000e+00
      1.082     -0.006     7.1079     80.704     43.420  39.912588     3.8387      7.917   261.9438 4.7992e+01     8.3287      1.063      1.544    20.9567 0.0000e+00
      1.078      0.004     7.1380     80.770     43.415  39.895515     3.8249      7.917   261.4454 4.8208e+01     8.7088      1.056      1.532    20.9654 0.0000e+00
      1.074      0.004     7.1646     80.745     43.380  39.855688     3.8311      7.918   260.9979 4.8174e+01     8.7015      1.051      1.524    20.9723 0.0000e+00
      1.076      0.004     7.1887     80.587     43.334  39.811810     3.8877      7.919   260.8360 4.7861e+01     8.1035      1.054      1.528    20.9720 0.0000e+00
      1.081      0.006     7.2012     80.309     43.329  39.809226     3.9765      7.920   260.8647 4.7531e+01     7.0115      1.061      1.538    20.9576 0.0000e+00
      1.085      0.007     7.2104     79.967     43.343  39.824450     4.0146      7.923   260.9152 4.7289e+01     6.3953      1.064      1.543    20.9383 0.0000e+00
      1.087      0.005     7.2122     79.645     43.318  39.805497     4.0076      7.927   260.6714 4.7084e+01     6.2888      1.065      1.545    20.9295 0.0000e+00
      1.088      0.002     7.1970     79.426     43.276  39.770463     3.8829      7.931   260.1537 4.6885e+01     5.9296      1.067      1.548    20.9290 0.0000e+00
      1.088     -0.000     7.1700     79.313     43.213  39.718174     3.6546      7.934   259.8183 4.6674e+01     5.2293      1.068      1.549    20.9327 0.0000e+00
      1.086     -0.001     7.1365     79.265     43.166  39.680978     3.5198      7.936   259.7139 4.6474e+01     4.7555      1.065      1.545    20.9362 0.0000e+00
      1.082     -0.001     7.1033     79.280     43.183  39.701513     3.4934      7.938   260.0091 4.6206e+01     4.6416      1.061      1.537    20.9390 0.0000e+00
      1.082      0.002     7.0838     79.394     43.193  39.712622     3.4935      7.938   260.5490 4.5637e+01     4.6391      1.060      1.537    20.9449 0.0000e+00
      1.084      0.007     7.0749     79.610     43.166  39.688370     3.5549      7.937   260.5633 4.4609e+01     4.5196      1.064      1.542    20.9512 0.0000e+00
      1.085      0.014     7.0695     79.871     43.135  39.662134     3.6696      7.936   260.3535 4.2990e+01     4.2556      1.065      1.544    20.9585 0.0000e+00
      1.087      0.020     7.0684     80.142     43.113  39.649249     3.7318      7.937   260.3352 4.0729e+01     4.0775      1.064      1.544    20.9659 0.0000e+00
      1.094      0.024     7.0769     80.409     43.114  39.659519     3.7410      7.939   260.7727 3.8327e+01     4.0396      1.071      1.553    20.9680 0.0000e+00
      1.104      0.027     7.1002     80.665     43.106  39.659392     3.7801      7.939   261.6848 3.6363e+01     4.0376      1.084      1.571    20.9648 0.0000e+00
      1.114      0.030     7.1238     80.919     43.087  39.647729     3.8548      7.938   262.1575 3.4964e+01     4.0189      1.094      1.586    20.9665 0.0000e+00
      1.122      0.035     7.1464     81.138     43.080  39.645431     3.9121      7.936   262.1868 3.4215e+01     4.0514      1.101      1.596    20.9772 0.0000e+00
      1.127      0.042     7.1701     81.294     43.061  39.631604     3.9243      7.932   262.0382 3.3986e+01     4.0558      1.104      1.603    20.9887 0.0000e+00
      1.134      0.047     7.1895     81.422     43.031  39.607479     3.8765      7.930   261.5655 3.3838e+01     4.0371      1.110      1.610    20.9974 0.0000e+00
      1.146      0.047     7.2134     81.551     43.029  39.607591     3.8005      7.930   261.4622 3.3332e+01     4.1326      1.121      1.625    21.0036 0.0000e+00
      1.165      0.036     7.2335     81.660     43.057  39.632965     3.7718      7.932   261.8225 3.2326e+01     4.2548      1.140      1.653    21.0093 0.0000e+00
      1.188      0.008     7.2449     81.725     43.093  39.660430     3.7791      7.937   261.7918 3.1389e+01     4.3195      1.169      1.695    21.0139 0.0000e+00
      1.202     -0.037     7.2546     81.765     43.133  39.685806     3.6971      7.943   261.1761 3.1167e+01     4.4022      1.186      1.720    21.0160 0.0000e+00
      1.195     -0.092     7.2667     81.794     43.148  39.685930     3.5208      7.948   260.4009 3.1781e+01     4.5370      1.181      1.713    21.0198 0.0000e+00
      1.162     -0.147     7.2777     81.774     43.133  39.661920     3.4204      7.953   260.3348 3.3332e+01     4.6173      1.150      1.669    21.0221 0.0000e+00
      1.102     -0.185     7.2828     81.663     43.125  39.649334     3.4153      7.956   261.0648 3.5814e+01     4.6901      1.087      1.576    21.0154 0.0000e+00
      1.026     -0.195     7.2881     81.494     43.135  39.660664     3.4518      7.957   261.5698 3.9150e+01     5.1089      1.007      1.461    21.0007 0.0000e+00
      0.949     -0.175     7.2942     81.344     43.139  39.671993     3.5033      7.958   261.4513 4.2624e+01     5.7873      0.923      1.341    20.9825 0.0000e+00
      0.891     -0.135     7.2972     81.230     43.114  39.659393     3.5296      7.960   261.0084 4.4249e+01     6.1293      0.859      1.246    20.9689 0.0000e+00
      0.869     -0.085     7.2865     81.144     43.079  39.635266     3.5446      7.965   260.5159 4.3614e+01     6.1356      0.843      1.222    20.9630 0.0000e+00
      0.875     -0.036     7.2677     81.118     43.073  39.634130     3.5525      7.969   260.3151 4.2602e+01     6.1019      0.856      1.242    20.9648 0.0000e+00
      0.889      0.001     7.2525     81.144     43.086  39.645659     3.5997      7.973   260.6459 4.2001e+01     5.9953      0.874      1.267    20.9755 0.0000e+00
      0.900      0.021     7.2421     81.188     43.092  39.647739     3.6823      7.974   261.0740 4.1585e+01     5.8032      0.885      1.282    20.9891 0.0000e+00
      0.906      0.025     7.2305     81.260     43.110  39.659267     3.7112      7.973   261.1033 4.1450e+01     5.6583      0.888      1.290    20.9991 0.0000e+00
      0.910      0.020     7.2275     81.348     43.112  39.658122     3.6997      7.972   260.6556 4.1459e+01     5.6093      0.891      1.293    21.0042 0.0000e+00
      0.913      0.013     7.2331     81.446     43.087  39.633892     3.6265      7.972   260.0485 4.1529e+01     5.4166      0.896      1.299    21.0045 0.0000e+00
      0.917      0.007     7.2348     81.536     43.072  39.620151     3.4838      7.973   259.7004 4.1654e+01     5.0356      0.900      1.306    20.9991 0.0000e+00
      0.919      0.003     7.2443     81.580     43.069  39.618902     3.3889      7.976   259.4576 4.1839e+01     4.7943      0.903      1.309    20.9922 0.0000e+00
      0.918      0.000     7.2521     81.585     43.067  39.618788     3.3611      7.980   259.1781 4.2318e+01     4.7196      0.901      1.307    20.9887 0.0000e+00
      0.914      0.000     7.2612     81.609     43.064  39.618777     3.3650      7.982   259.0746 4.3108e+01     4.5422      0.897      1.300    20.9873 0.0000e+00
      0.912      0.001     7.2718     81.686     43.060  39.618776     3.3853      7.985   258.8079 4.3815e+01     4.2556      0.893      1.296    20.9870 0.0000e+00
      0.913      0.001     7.2747     81.803     43.057  39.618775     3.3980      7.989   258.1049 4.4116e+01     4.1234      0.894      1.297    20.9889 0.0000e+00
      0.917      0.002     7.2727     81.933     43.055  39.618775     3.3935      7.993   257.5431 4.4149e+01     4.1053      0.899      1.304    20.9913 0.0000e+00
      0.920      0.002     7.2726     82.042     43.055  39.618774     3.3733      7.996   257.4360 4.4259e+01     4.0707      0.903      1.310    20.9945 0.0000e+00
      0.920      0.002     7.2803     82.111     43.056  39.618764     3.3705      7.999   257.4978 4.4486e+01     4.1477      0.904      1.311    20.9989 0.0000e+00
      0.917      0.001     7.2905     82.121     43.056  39.618650     3.3844      8.001   257.2578 4.4597e+01     4.2858      0.901      1.305    21.0023 0.0000e+00
      0.916      0.000     7.3037     82.087     43.056  39.617403     3.3914      8.004   256.7716 4.4522e+01     4.3748      0.898      1.302    21.0040 0.0000e+00
      0.917      0.000     7.3130     82.029     43.042  39.603680     3.3886      8.006   256.5238 4.4331e+01     4.4035      0.898      1.303    21.0040 0.0000e+00
      0.918      0.001     7.3208     81.925     43.017  39.579658     3.3748      8.008   256.4988 4.4164e+01     4.3939      0.900      1.305    21.0038 0.0000e+00
      0.920      0.001     7.3211     81.790     43.018  39.580802     3.3749      8.011   256.5555 4.4118e+01     4.4290      0.902      1.308    21.0031 0.0000e+00
      0.920      0.001     7.3163     81.684     43.058  39.617505     3.3904      8.013   256.5204 4.4122e+01     4.4873      0.903      1.310    21.0014 0.0000e+00
      0.920      0.001     7.3140     81.637     43.087  39.642662     3.3877      8.015   256.3325 4.4027e+01     4.4835      0.902      1.309    21.0000 0.0000e+00
      0.919      0.000     7.3036     81.634     43.074  39.631113     3.4002      8.016   256.2623 4.3790e+01     4.3825      0.902      1.308    21.0000 0.0000e+00
      0.919      0.000     7.2893     81.684     43.043  39.604793     3.4493      8.016   256.3604 4.3639e+01     4.2571      0.900      1.306    21.0008 0.0000e+00
      0.919     -0.001     7.2786     81.816     43.011  39.578273     3.4906      8.017   256.3997 4.3566e+01     4.2315      0.901      1.307    20.9996 0.0000e+00
      0.920     -0.010     7.2759     81.988     42.993  39.564325     3.5172      8.018   256.2221 4.3331e+01     4.3120      0.902      1.309    20.9976 0.0000e+00
      0.921     -0.035     7.2761     82.124     42.992  39.563077     3.5376      8.020   255.9331 4.3038e+01     4.3761      0.902      1.309    20.9973 0.0000e+00
      0.921     -0.080     7.2773     82.204     42.995  39.563180     3.5447      8.023   255.6587 4.2920e+01     4.3240      0.904      1.311    20.9997 0.0000e+00
      0.914     -0.136     7.2902     82.232     43.005  39.565572     3.5367      8.026   255.6576 4.3100e+01     4.2281      0.904      1.312    21.0051 0.0000e+00
      0.882     -0.188     7.3089     82.234     43.040  39.591996     3.5414      8.027   256.0923 4.4024e+01     4.2411      0.880      1.278    21.0085 0.0000e+00
      0.812     -0.218     7.3203     82.244     43.083  39.628814     3.5347      8.025   256.5266 4.6213e+01     4.5841      0.809      1.175    21.0088 0.0000e+00
      0.712     -0.220     7.3283     82.258     43.082  39.629967     3.4886      8.022   256.7790 4.9451e+01     5.1305      0.698      1.013    21.0052 0.0000e+00
      0.616     -0.193     7.3314     82.257     43.050  39.605937     3.4504      8.018   256.9068 5.2443e+01     5.3812      0.587      0.852    20.9969 0.0000e+00
      0.558     -0.139     7.3305     82.212     43.029  39.592118     3.4309      8.018   256.7809 5.3928e+01     5.3617      0.531      0.770    20.9878 0.0000e+00
      0.547     -0.072     7.3334     82.113     43.021  39.589819     3.4605      8.022   256.4618 5.4068e+01     5.3377      0.529      0.766    20.9834 0.0000e+00
      0.562     -0.016     7.3345     82.022     43.006  39.578148     3.5423      8.027   255.9737 5.3239e+01     5.2969      0.548      0.794    20.9871 0.0000e+00
      0.588      0.009     7.3336     81.994     43.005  39.577929     3.5875      8.033   255.4392 5.1875e+01     5.2444      0.577      0.837    20.9954 0.0000e+00
      0.613     -0.008     7.3305     82.014     43.015  39.587178     3.5743      8.039   255.0758 5.0921e+01     5.2139      0.605      0.878    21.0026 0.0000e+00
