Data/DataNotYetUploadedToEDI/Raw_CTD/RawDownloads/091724_fcr20_S7809002.cnv
* Sea-Bird SBE19plus  Data File:
* FileName = C:\R\Reservoirs\Data\DataNotYetUploadedToEDI\Raw_CTD\RawDownloads\091724_fcr10_S7809_0002.hex
* Software version 2.8.0.119
* Temperature SN = 7809
* Conductivity SN = 7809
* System UpLoad Time = Sep 17 2024 15:39:45
* <ApplicationData>
* <Seaterm232>
# nquan = 15
# nvalues = 1126                        
# units = specified
# name 0 = depFM: Depth [fresh water, m]
# name 1 = dz/dtM: Descent Rate [m/s]
# name 2 = sbeox0Mg/L: Oxygen, SBE 43 [mg/l]
# name 3 = sbeox0PS: Oxygen, SBE 43 [% saturation]
# name 4 = specc: Specific Conductance [uS/cm]
# name 5 = c0uS/cm: Conductivity [uS/cm]
# name 6 = flECO-AFL: Fluorescence, WET Labs ECO-AFL/FL [mg/m^3]
# name 7 = ph: pH
# name 8 = orp: Oxidation Reduction Potential [mV]
# name 9 = par/sat/log: PAR/Logarithmic, Satlantic
# name 10 = turbWETntu0: Turbidity, WET Labs ECO [NTU]
# name 11 = prdM: Pressure, Strain Gauge [db]
# name 12 = prdE: Pressure, Strain Gauge [psi]
# name 13 = tv290C: Temperature [ITS-90, deg C]
# name 14 = flag:  0.000e+00
# span 0 =     -0.651,      2.884       
# span 1 =     -0.289,      0.163       
# span 2 =     2.6463,     8.6528       
# span 3 =     29.302,     96.588       
# span 4 =      1.318,     45.662       
# span 5 =   1.198311,  41.450049       
# span 6 =    -0.1429,   206.1956       
# span 7 =      7.536,      8.079       
# span 8 =   230.3812,   549.1000       
# span 9 = 8.5424e+00, 4.0880e+02       
# span 10 =     0.7112,   177.9202      
# span 11 =     -0.639,      2.828      
# span 12 =     -0.928,      4.101      
# span 13 =    20.2743,    20.8583      
# span 14 = 0.0000e+00, 0.0000e+00      
# interval = seconds: 0.25
# start_time = Sep 17 2024 10:32:47 [Instrument's time stamp, header]
# bad_flag = -9.990e-29
*END*
[from data line 964]
      1.115     -0.002     6.7456     75.540     43.054  39.477523     4.1543      7.979   261.2725 3.4726e+01     5.1885      1.093      1.585    20.8176 0.0000e+00
      1.121      0.007     6.7699     75.593     43.049  39.473412     4.1074      7.979   261.3393 3.4581e+01     5.2495      1.102      1.597    20.8262 0.0000e+00
      1.123      0.008     6.7666     75.720     43.057  39.480316     4.1095      7.979   261.4394 3.4501e+01     5.3112      1.103      1.600    20.8343 0.0000e+00
      1.122      0.005     6.7563     75.882     43.076  39.497531     4.1045      7.978   261.5373 3.4425e+01     5.3205      1.100      1.596    20.8389 0.0000e+00
      1.122     -0.003     6.7511     76.064     43.069  39.491185     4.0883      7.978   261.6619 3.4341e+01     5.2593      1.099      1.594    20.8413 0.0000e+00
      1.123     -0.013     6.7561     76.221     43.043  39.467050     4.0801      7.978   261.6557 3.4264e+01     5.2198      1.100      1.597    20.8418 0.0000e+00
      1.123     -0.026     6.7702     76.319     43.036  39.459560     4.0885      7.979   261.5484 3.4236e+01     5.2525      1.103      1.600    20.8417 0.0000e+00
      1.120     -0.042     6.7834     76.387     43.041  39.464076     4.0901      7.980   261.4839 3.4460e+01     5.2451      1.101      1.598    20.8418 0.0000e+00
      1.107     -0.063     6.8016     76.414     43.036  39.458193     4.0912      7.981   261.4769 3.4995e+01     5.1982      1.089      1.580    20.8411 0.0000e+00
      1.086     -0.083     6.8186     76.365     43.030  39.451895     4.1102      7.983   261.5499 3.5736e+01     5.1981      1.066      1.546    20.8405 0.0000e+00
      1.061     -0.096     6.8238     76.269     43.029  39.451383     4.1362      7.983   261.8509 3.6756e+01     5.2432      1.043      1.512    20.8403 0.0000e+00
      1.030     -0.096     6.8312     76.173     43.029  39.452007     4.1563      7.982   262.2770 3.8241e+01     5.3000      1.015      1.471    20.8397 0.0000e+00
      0.991     -0.083     6.8359     76.082     43.037  39.459441     4.1873      7.980   262.4851 3.9789e+01     5.3381      0.970      1.406    20.8386 0.0000e+00
      0.960     -0.061     6.8301     75.974     43.058  39.477808     4.2280      7.978   262.4742 4.0618e+01     5.3281      0.933      1.353    20.8375 0.0000e+00
      0.948     -0.036     6.8194     75.848     43.065  39.483691     4.2408      7.978   262.4039 4.0728e+01     5.2480      0.924      1.341    20.8372 0.0000e+00
      0.952     -0.013     6.8107     75.719     43.049  39.467108     4.2416      7.979   262.4088 4.0605e+01     5.1892      0.933      1.352    20.8382 0.0000e+00
      0.964      0.000     6.8040     75.598     43.050  39.467691     4.2209      7.981   262.4478 4.0405e+01     5.1987      0.946      1.372    20.8390 0.0000e+00
      0.975     -0.003     6.7941     75.496     43.074  39.490735     4.1571      7.983   262.2728 4.0161e+01     5.2256      0.958      1.390    20.8380 0.0000e+00
      0.980     -0.024     6.7825     75.416     43.074  39.491885     4.1026      7.985   262.0134 4.0058e+01     5.2401      0.964      1.398    20.8361 0.0000e+00
      0.975     -0.054     6.7711     75.374     43.061  39.481595     4.0776      7.989   261.8067 4.0301e+01     5.2040      0.960      1.394    20.8344 0.0000e+00
      0.958     -0.079     6.7596     75.377     43.072  39.493246     4.1220      7.994   261.5811 4.1204e+01     5.1999      0.948      1.374    20.8340 0.0000e+00
      0.924     -0.093     6.7507     75.412     43.084  39.505842     4.2307      7.997   261.4361 4.2778e+01     5.2589      0.912      1.322    20.8349 0.0000e+00
      0.879     -0.093     6.7425     75.475     43.083  39.506977     4.2851      7.998   261.4305 4.4353e+01     5.2677      0.858      1.245    20.8364 0.0000e+00
      0.842     -0.082     6.7382     75.542     43.081  39.506967     4.2645      8.000   261.5138 4.5223e+01     5.2039      0.817      1.185    20.8382 0.0000e+00
      0.825     -0.061     6.7390     75.587     43.080  39.505727     4.1896      8.003   261.5827 4.5427e+01     5.1697      0.803      1.165    20.8400 0.0000e+00
      0.822     -0.036     6.7416     75.622     43.065  39.491987     4.0946      8.005   261.5748 4.5514e+01     5.2297      0.805      1.168    20.8419 0.0000e+00
      0.825     -0.014     6.7477     75.655     43.039  39.467757     4.0573      8.007   261.5912 4.5597e+01     5.2808      0.808      1.173    20.8447 0.0000e+00
      0.827     -0.000     6.7551     75.672     43.038  39.466602     4.0549      8.008   261.7806 4.5689e+01     5.2754      0.811      1.177    20.8466 0.0000e+00
      0.829      0.004     6.7580     75.689     43.050  39.478027     4.0399      8.006   261.9724 4.5959e+01     5.2324      0.813      1.180    20.8472 0.0000e+00
      0.830      0.004     6.7603     75.728     43.051  39.478972     4.0433      8.006   261.9302 4.6328e+01     5.1710      0.814      1.180    20.8470 0.0000e+00
      0.831      0.002     6.7651     75.787     43.050  39.478026     4.0951      8.007   261.7863 4.6715e+01     5.1829      0.815      1.182    20.8463 0.0000e+00
      0.831      0.001     6.7653     75.857     43.039  39.466591     4.1424      8.009   261.6100 4.7126e+01     5.2385      0.816      1.184    20.8460 0.0000e+00
      0.831      0.001     6.7660     75.935     43.040  39.467632     4.1489      8.012   261.4335 4.7598e+01     5.2285      0.815      1.182    20.8457 0.0000e+00
      0.830      0.003     6.7698     76.014     43.065  39.490614     4.1488      8.014   261.3734 4.8032e+01     5.1655      0.814      1.180    20.8458 0.0000e+00
      0.830      0.006     6.7754     76.078     43.065  39.490614     4.1569      8.014   261.3988 4.8295e+01     5.1245      0.813      1.179    20.8458 0.0000e+00
      0.831      0.008     6.7820     76.130     43.040  39.467632     4.1728      8.014   261.5683 4.8457e+01     5.1440      0.814      1.180    20.8455 0.0000e+00
      0.834      0.007     6.7886     76.173     43.039  39.466591     4.1996      8.015   261.7885 4.8443e+01     5.2300      0.817      1.185    20.8454 0.0000e+00
      0.840      0.000     6.7970     76.184     43.051  39.478025     4.2063      8.017   261.7385 4.8139e+01     5.2763      0.823      1.195    20.8454 0.0000e+00
      0.845     -0.015     6.8022     76.157     43.052  39.478960     4.1873      8.018   261.4801 4.7752e+01     5.2255      0.830      1.204    20.8454 0.0000e+00
      0.845     -0.037     6.8063     76.128     43.051  39.477901     4.1856      8.019   261.2447 4.7596e+01     5.1967      0.832      1.206    20.8454 0.0000e+00
      0.837     -0.059     6.8114     76.108     43.037  39.465223     4.2028      8.021   261.2156 4.7998e+01     5.2017      0.824      1.197    20.8455 0.0000e+00
      0.816     -0.074     6.8132     76.069     43.024  39.452594     4.2363      8.021   261.4727 4.9218e+01     5.1829      0.805      1.168    20.8453 0.0000e+00
      0.782     -0.079     6.8087     76.023     43.024  39.452126     4.2663      8.020   261.6855 5.1121e+01     5.1403      0.770      1.116    20.8453 0.0000e+00
      0.744     -0.073     6.8053     75.986     43.032  39.459564     4.2574      8.018   261.6376 5.2907e+01     5.1300      0.723      1.049    20.8451 0.0000e+00
      0.719     -0.058     6.8060     75.962     43.052  39.479065     4.2463      8.017   261.5815 5.3814e+01     5.1613      0.696      1.010    20.8448 0.0000e+00
      0.713     -0.037     6.8012     75.967     43.071  39.497525     4.2736      8.017   261.6101 5.4084e+01     5.1783      0.696      1.010    20.8443 0.0000e+00
      0.717     -0.016     6.7965     75.987     43.066  39.492380     4.3129      8.019   261.5531 5.4254e+01     5.1985      0.703      1.020    20.8440 0.0000e+00
      0.723     -0.001     6.7940     75.992     43.053  39.480322     4.3213      8.020   261.4081 5.4519e+01     5.2003      0.709      1.030    20.8441 0.0000e+00
      0.726      0.008     6.7900     75.984     43.051  39.478660     4.3084      8.021   261.2344 5.4865e+01     5.2001      0.712      1.033    20.8451 0.0000e+00
      0.726      0.010     6.7908     75.979     43.044  39.472276     4.2988      8.023   261.0865 5.5174e+01     5.2639      0.713      1.033    20.8459 0.0000e+00
      0.726      0.009     6.7947     75.986     43.037  39.466592     4.3300      8.027   261.0826 5.5246e+01     5.3225      0.712      1.033    20.8458 0.0000e+00
      0.728      0.007     6.7946     76.025     43.044  39.473405     4.4035      8.028   261.1011 5.4888e+01     5.3288      0.713      1.034    20.8459 0.0000e+00
      0.731      0.005     6.7930     76.081     43.064  39.491194     4.4382      8.029   260.9662 5.4311e+01     5.3048      0.716      1.040    20.8462 0.0000e+00
      0.735     -0.001     6.7931     76.126     43.064  39.491289     4.4249      8.031   260.8292 5.3799e+01     5.2715      0.722      1.047    20.8466 0.0000e+00
      0.737     -0.015     6.7919     76.154     43.046  39.474559     4.4253      8.035   260.7350 5.3473e+01     5.2676      0.724      1.050    20.8468 0.0000e+00
      0.736     -0.037     6.7959     76.156     43.051  39.479293     4.4511      8.038   260.6020 5.3518e+01     5.2927      0.722      1.048    20.8468 0.0000e+00
      0.731     -0.064     6.8031     76.153     43.058  39.485068     4.4794      8.040   260.5975 5.4208e+01     5.3362      0.721      1.044    20.8469 0.0000e+00
      0.714     -0.087     6.8057     76.175     43.054  39.480916     4.4846      8.040   260.8522 5.6016e+01     5.3490      0.707      1.025    20.8469 0.0000e+00
      0.680     -0.099     6.8097     76.187     43.066  39.492547     4.4561      8.038   261.1866 5.9060e+01     5.3100      0.674      0.976    20.8471 0.0000e+00
      0.635     -0.097     6.8090     76.153     43.073  39.498787     4.4260      8.033   261.3711 6.2649e+01     5.2749      0.621      0.900    20.8470 0.0000e+00
      0.594     -0.085     6.8066     76.094     43.067  39.492901     4.4278      8.029   261.3616 6.5366e+01     5.2669      0.574      0.832    20.8464 0.0000e+00
      0.572     -0.068     6.8109     76.062     43.058  39.484833     4.4443      8.027   261.1585 6.6337e+01     5.2819      0.554      0.804    20.8460 0.0000e+00
      0.571     -0.053     6.8136     76.057     43.036  39.464712     4.4514      8.027   260.8938 6.6332e+01     5.2504      0.556      0.808    20.8459 0.0000e+00
      0.577     -0.044     6.8096     76.040     43.009  39.440007     4.4550      8.029   260.7418 6.6391e+01     5.2275      0.567      0.824    20.8458 0.0000e+00
      0.577     -0.042     6.8017     76.019     43.009  39.439962     4.4552      8.032   260.6987 6.7110e+01     5.2447      0.572      0.830    20.8458 0.0000e+00
      0.563     -0.047     6.7985     76.013     43.036  39.464178     4.4528      8.033   260.7167 6.8862e+01     5.2195      0.557      0.808    20.8462 0.0000e+00
      0.537     -0.051     6.8012     76.023     43.051  39.478949     4.4265      8.033   260.7868 7.0957e+01     5.1954      0.526      0.764    20.8464 0.0000e+00
      0.512     -0.050     6.7984     76.044     43.065  39.491636     4.3620      8.031   260.8587 7.2206e+01     5.1584      0.500      0.723    20.8463 0.0000e+00
      0.496     -0.042     6.7954     76.054     43.064  39.490658     4.3130      8.031   260.8971 7.2438e+01     5.1475      0.484      0.701    20.8460 0.0000e+00
      0.491     -0.031     6.7960     76.074     43.038  39.467114     4.3086      8.030   260.9068 7.2158e+01     5.2005      0.479      0.695    20.8459 0.0000e+00
      0.492     -0.022     6.7954     76.109     43.031  39.460822     4.3423      8.029   260.8045 7.1813e+01     5.2520      0.483      0.699    20.8461 0.0000e+00
      0.495     -0.024     6.8000     76.124     43.050  39.478044     4.3878      8.029   260.5200 7.1683e+01     5.2588      0.488      0.707    20.8461 0.0000e+00
      0.495     -0.038     6.7991     76.137     43.058  39.484958     4.4015      8.030   260.0480 7.2036e+01     5.2148      0.489      0.708    20.8462 0.0000e+00
      0.488     -0.059     6.7997     76.161     43.054  39.480962     4.3907      8.032   259.4857 7.3170e+01     5.1973      0.482      0.698    20.8465 0.0000e+00
      0.471     -0.081     6.8068     76.184     43.068  39.493186     4.3909      8.037   259.1419 7.5535e+01     5.2528      0.467      0.676    20.8462 0.0000e+00
      0.441     -0.096     6.8052     76.208     43.081  39.505826     4.3865      8.041   259.1610 7.9291e+01     5.3049      0.436      0.632    20.8459 0.0000e+00
      0.403     -0.099     6.8063     76.231     43.082  39.506872     4.3622      8.043   259.1998 8.3588e+01     5.2800      0.395      0.573    20.8459 0.0000e+00
      0.365     -0.092     6.8098     76.247     43.081  39.505832     4.3382      8.043   259.0090 8.7505e+01     5.2251      0.355      0.515    20.8455 0.0000e+00
      0.337     -0.077     6.8108     76.249     43.066  39.493253     4.3134      8.044   258.7474 8.9823e+01     5.2224      0.323      0.469    20.8454 0.0000e+00
      0.325     -0.057     6.8137     76.248     43.053  39.481705     4.2793      8.045   258.7033 8.9966e+01     5.2816      0.314      0.455    20.8460 0.0000e+00
      0.324     -0.037     6.8153     76.250     43.066  39.493140     4.2416      8.045   258.9915 8.9676e+01     5.3260      0.320      0.463    20.8464 0.0000e+00
      0.323     -0.018     6.8175     76.236     43.078  39.504583     4.2237      8.044   259.3075 9.0165e+01     5.3152      0.320      0.464    20.8465 0.0000e+00
      0.316     -0.004     6.8172     76.206     43.066  39.493139     4.2125      8.043   259.3396 9.0716e+01     5.2535      0.310      0.450    20.8467 0.0000e+00
      0.311      0.002     6.8162     76.187     43.052  39.481695     4.1734      8.042   259.2088 9.0463e+01     5.1944      0.300      0.436    20.8471 0.0000e+00
      0.314      0.004     6.8175     76.171     43.064  39.493138     4.1337      8.041   259.2744 8.9414e+01     5.2161      0.305      0.444    20.8473 0.0000e+00
      0.324      0.006     6.8166     76.132     43.076  39.504581     4.1239      8.041   259.5306 8.8338e+01     5.2762      0.320      0.464    20.8473 0.0000e+00
      0.329      0.011     6.8121     76.099     43.064  39.493128     4.1215      8.041   259.7254 8.7555e+01     5.3057      0.326      0.473    20.8476 0.0000e+00
      0.328      0.013     6.8106     76.094     43.051  39.481580     4.0790      8.041   259.8227 8.6722e+01     5.2663      0.321      0.465    20.8483 0.0000e+00
      0.326      0.009     6.8114     76.104     43.061  39.491874     4.0105      8.040   259.5885 8.5692e+01     5.2095      0.317      0.460    20.8490 0.0000e+00
      0.330     -0.006     6.8056     76.103     43.060  39.490679     3.9837      8.039   258.8730 8.4690e+01     5.2337      0.322      0.466    20.8494 0.0000e+00
      0.337     -0.040     6.8018     76.079     43.034  39.467125     3.9795      8.038   258.1402 8.4183e+01     5.2520      0.331      0.480    20.8498 0.0000e+00
      0.342     -0.092     6.8023     76.056     43.026  39.460935     3.9268      8.038   257.6112 8.4706e+01     5.1911      0.341      0.494    20.8501 0.0000e+00
      0.332     -0.151     6.8037     76.052     43.046  39.479300     3.8369      8.040   257.2089 8.8551e+01     5.1471      0.337      0.488    20.8501 0.0000e+00
      0.289     -0.198     6.8046     76.077     43.066  39.498797     3.7843      8.038   257.1479 9.9356e+01     5.1979      0.302      0.437    20.8508 0.0000e+00
      0.201     -0.223     6.8007     76.124     43.073  39.506287     3.7900      8.033   257.0468 1.1736e+02     5.2929      0.207      0.300    20.8514 0.0000e+00
      0.093     -0.221     6.7984     76.152     43.073  39.506400     3.8145      8.030   256.5027 1.3521e+02     5.3054      0.079      0.115    20.8515 0.0000e+00
