Data/DataNotYetUploadedToEDI/Raw_CTD/RawDownloads/091724_fcr30_S7809003.cnv
* Sea-Bird SBE19plus  Data File:
* FileName = C:\R\Reservoirs\Data\DataNotYetUploadedToEDI\Raw_CTD\RawDownloads\091724_fcr10_S7809_0003.hex
* Software version 2.8.0.119
* Temperature SN = 7809
* Conductivity SN = 7809
* System UpLoad Time = Sep 17 2024 15:40:33
* <ApplicationData>
* <Seaterm232>
# nquan = 15
# nvalues = 1852                        
# units = specified
# name 0 = depFM: Depth [fresh water, m]
# name 1 = dz/dtM: Descent Rate [m/s]
# name 2 = sbeox0Mg/L: Oxygen, SBE 43 [mg/l]
# name 3 = sbeox0PS: Oxygen, SBE 43 [% saturation]
# name 4 = specc: Specific Conductance [uS/cm]
# name 5 = c0uS/cm: Conductivity [uS/cm]
# name 6 = flECO-AFL: Fluorescence, WET Labs ECO-AFL/FL [mg/m^3]
# name 7 = ph: pH
# name 8 = orp: Oxidation Reduction Potential [mV]
# name 9 = par/sat/log: PAR/Logarithmic, Satlantic
# name 10 = turbWETntu0: Turbidity, WET Labs ECO [NTU]
# name 11 = prdM: Pressure, Strain Gauge [db]
# name 12 = prdE: Pressure, Strain Gauge [psi]
# name 13 = tv290C: Temperature [ITS-90, deg C]
# name 14 = flag:  0.000e+00
# span 0 =     -0.651,      5.346       
# span 1 =     -0.214,      0.216       
# span 2 =     0.1221,     8.6883       
# span 3 =      1.308,     96.845       
# span 4 =      1.523,     89.128       
# span 5 =   1.366248,  72.803449       
# span 6 =    -0.1382,    64.4045       
# span 7 =      7.144,      8.138       
# span 8 =   225.9173,   567.3829       
# span 9 = 1.2360e-01, 3.2306e+02       
# span 10 =    -0.2968,   258.7330      
# span 11 =     -0.639,      5.243      
# span 12 =     -0.926,      7.605      
# span 13 =    13.1893,    20.9368      
# span 14 = 0.0000e+00, 0.0000e+00      
# interval = seconds: 0.25
# start_time = Sep 17 2024 10:48:43 [Instrument's time stamp, header]
# bad_flag = -9.990e-29
*END*
[from data line 290]
      0.183      0.003     7.4044     82.736     42.968  39.472006     3.4270      7.905   230.1091 1.2605e+02     5.6873      0.178      0.258    20.9295 0.0000e+00
      0.183      0.007     7.3989     82.687     42.961  39.465071     3.4292      7.905   230.1536 1.2634e+02     5.6396      0.179      0.259    20.9289 0.0000e+00
      0.184      0.013     7.3959     82.650     42.952  39.456908     3.4409      7.905   230.3106 1.2698e+02     5.6547      0.181      0.262    20.9285 0.0000e+00
      0.187      0.018     7.3915     82.612     42.930  39.436774     3.4519      7.905   230.4587 1.2623e+02     5.7332      0.183      0.265    20.9279 0.0000e+00
      0.193      0.022     7.3841     82.571     42.903  39.412015     3.4539      7.905   230.4816 1.2548e+02     5.7348      0.187      0.271    20.9273 0.0000e+00
      0.203      0.022     7.3806     82.540     42.902  39.411399     3.4395      7.906   230.4160 1.2399e+02     5.6738      0.198      0.288    20.9271 0.0000e+00
      0.213      0.020     7.3777     82.538     42.922  39.429320     3.4272      7.907   230.3537 1.2229e+02     5.6450      0.211      0.305    20.9268 0.0000e+00
      0.219      0.016     7.3743     82.559     42.932  39.438323     3.4304      7.908   230.4171 1.2173e+02     5.6599      0.216      0.312    20.9264 0.0000e+00
      0.220      0.013     7.3703     82.570     42.953  39.456788     3.4367      7.909   230.5800 1.2080e+02     5.7176      0.216      0.314    20.9259 0.0000e+00
      0.220      0.013     7.3669     82.562     42.959  39.462189     3.4292      7.909   230.7738 1.2024e+02     5.7276      0.216      0.314    20.9257 0.0000e+00
      0.219      0.017     7.3666     82.549     42.935  39.440163     3.4219      7.908   231.0395 1.1964e+02     5.6446      0.214      0.310    20.9259 0.0000e+00
      0.220      0.021     7.3703     82.531     42.940  39.444316     3.4237      7.907   231.2119 1.1848e+02     5.6357      0.213      0.309    20.9259 0.0000e+00
      0.228      0.023     7.3717     82.505     42.945  39.448945     3.4342      7.908   231.2237 1.1708e+02     5.7907      0.221      0.320    20.9257 0.0000e+00
      0.241      0.023     7.3696     82.477     42.927  39.432673     3.4568      7.909   231.3540 1.1504e+02     5.9477      0.236      0.343    20.9253 0.0000e+00
      0.254      0.023     7.3692     82.486     42.933  39.437960     3.4554      7.910   231.5834 1.1430e+02     5.9619      0.254      0.368    20.9246 0.0000e+00
      0.259      0.023     7.3674     82.547     42.945  39.449401     3.4266      7.910   231.6741 1.1456e+02     5.8600      0.258      0.374    20.9246 0.0000e+00
      0.256      0.019     7.3656     82.624     42.939  39.444087     3.4157      7.910   231.6764 1.1429e+02     5.7413      0.248      0.360    20.9249 0.0000e+00
      0.256      0.014     7.3609     82.670     42.932  39.437169     3.4320      7.912   231.6966 1.1426e+02     5.7221      0.247      0.359    20.9250 0.0000e+00
      0.265      0.009     7.3610     82.660     42.923  39.429220     3.4573      7.914   231.7459 1.1361e+02     5.7980      0.261      0.378    20.9245 0.0000e+00
      0.273      0.006     7.3685     82.628     42.904  39.411431     3.4635      7.915   231.7565 1.1286e+02     5.8060      0.270      0.392    20.9245 0.0000e+00
      0.273      0.006     7.3765     82.614     42.906  39.412461     3.4413      7.917   231.8252 1.1280e+02     5.7157      0.269      0.391    20.9247 0.0000e+00
      0.269      0.005     7.3822     82.617     42.938  39.441684     3.4216      7.917   232.0604 1.1206e+02     5.6630      0.263      0.382    20.9247 0.0000e+00
      0.266      0.004     7.3795     82.611     42.944  39.447458     3.4253      7.917   232.2764 1.1171e+02     5.7142      0.259      0.376    20.9248 0.0000e+00
      0.266      0.007     7.3749     82.597     42.912  39.418812     3.4367      7.917   232.7159 1.1220e+02     5.8576      0.260      0.377    20.9244 0.0000e+00
      0.270      0.016     7.3740     82.597     42.905  39.412636     3.4342      7.916   233.4168 1.1190e+02     5.9616      0.264      0.383    20.9241 0.0000e+00
      0.275      0.031     7.3758     82.617     42.930  39.436243     3.4188      7.915   233.7818 1.1219e+02     5.9130      0.270      0.391    20.9239 0.0000e+00
      0.280      0.045     7.3751     82.653     42.944  39.450401     3.4172      7.915   233.9456 1.1262e+02     5.8502      0.275      0.399    20.9242 0.0000e+00
      0.290      0.054     7.3722     82.687     42.950  39.456898     3.4238      7.915   234.1928 1.1054e+02     5.8518      0.278      0.403    20.9248 0.0000e+00
      0.311      0.056     7.3726     82.691     42.944  39.451337     3.4078      7.915   234.3615 1.0706e+02     5.8300      0.300      0.435    20.9255 0.0000e+00
      0.340      0.053     7.3741     82.664     42.939  39.446622     3.3810      7.916   234.5227 1.0446e+02     5.7572      0.338      0.491    20.9265 0.0000e+00
      0.361      0.047     7.3777     82.625     42.957  39.463344     3.3664      7.917   234.8509 1.0341e+02     5.6887      0.359      0.521    20.9277 0.0000e+00
      0.367      0.042     7.3819     82.588     42.957  39.463145     3.3734      7.917   235.1466 1.0254e+02     5.6854      0.363      0.527    20.9283 0.0000e+00
      0.364      0.037     7.3822     82.565     42.937  39.444212     3.3896      7.918   235.1733 1.0127e+02     5.7857      0.356      0.516    20.9280 0.0000e+00
      0.363      0.033     7.3790     82.568     42.915  39.424811     3.3959      7.919   235.2602 9.9391e+01     5.9447      0.351      0.508    20.9278 0.0000e+00
      0.373      0.033     7.3751     82.587     42.908  39.418951     3.3914      7.922   235.5079 9.6852e+01     6.0031      0.363      0.526    20.9277 0.0000e+00
      0.391      0.034     7.3714     82.603     42.928  39.436826     3.3851      7.924   235.5870 9.5088e+01     5.9442      0.383      0.557    20.9279 0.0000e+00
      0.407      0.034     7.3687     82.611     42.943  39.450547     3.3858      7.926   235.6146 9.4058e+01     5.9160      0.401      0.583    20.9283 0.0000e+00
      0.417      0.033     7.3695     82.594     42.951  39.457933     3.3913      7.927   235.7546 9.3290e+01     6.0036      0.411      0.597    20.9284 0.0000e+00
      0.419      0.030     7.3721     82.554     42.956  39.462666     3.3941      7.928   235.9036 9.2742e+01     6.0813      0.412      0.597    20.9285 0.0000e+00
      0.419      0.027     7.3731     82.542     42.936  39.444310     3.3868      7.930   236.0399 9.1608e+01     6.0363      0.410      0.595    20.9284 0.0000e+00
      0.423      0.027     7.3746     82.553     42.916  39.426370     3.3938      7.931   236.1975 8.9648e+01     5.9374      0.412      0.598    20.9282 0.0000e+00
      0.433      0.029     7.3742     82.542     42.927  39.436140     3.4287      7.931   236.3468 8.7458e+01     5.8413      0.423      0.613    20.9281 0.0000e+00
      0.446      0.033     7.3669     82.530     42.927  39.435515     3.4509      7.932   236.4691 8.5518e+01     5.7632      0.440      0.638    20.9284 0.0000e+00
      0.456      0.037     7.3662     82.538     42.909  39.418814     3.4469      7.933   236.5576 8.3633e+01     5.7442      0.448      0.650    20.9290 0.0000e+00
      0.463      0.039     7.3707     82.553     42.915  39.424593     3.4295      7.935   236.6428 8.1564e+01     5.8159      0.452      0.656    20.9291 0.0000e+00
      0.472      0.039     7.3672     82.571     42.934  39.441922     3.4155      7.937   236.8103 7.9843e+01     5.8790      0.463      0.671    20.9288 0.0000e+00
      0.482      0.038     7.3656     82.598     42.929  39.437960     3.4279      7.938   236.9478 7.8306e+01     5.8926      0.473      0.687    20.9288 0.0000e+00
      0.492      0.037     7.3674     82.644     42.931  39.440154     3.4546      7.939   237.0143 7.6469e+01     5.9117      0.481      0.698    20.9290 0.0000e+00
      0.504      0.033     7.3684     82.680     42.962  39.468442     3.4711      7.941   237.0986 7.4681e+01     5.8373      0.494      0.716    20.9289 0.0000e+00
      0.515      0.027     7.3703     82.676     42.956  39.462678     3.4616      7.943   237.1928 7.3298e+01     5.6762      0.507      0.735    20.9287 0.0000e+00
      0.521      0.021     7.3714     82.645     42.925  39.433933     3.4392      7.945   237.2936 7.2216e+01     5.6034      0.512      0.742    20.9291 0.0000e+00
      0.524      0.014     7.3767     82.574     42.929  39.438189     3.4413      7.946   237.3708 7.1363e+01     5.6398      0.514      0.744    20.9296 0.0000e+00
      0.525      0.008     7.3821     82.478     42.943  39.450672     3.4618      7.947   237.4377 7.0713e+01     5.7072      0.514      0.746    20.9294 0.0000e+00
      0.525      0.006     7.3794     82.418     42.951  39.457945     3.4803      7.949   237.5867 7.0171e+01     5.7346      0.514      0.746    20.9292 0.0000e+00
      0.524      0.006     7.3785     82.401     42.956  39.462669     3.4903      7.951   237.7090 6.9884e+01     5.6978      0.514      0.746    20.9289 0.0000e+00
      0.524      0.009     7.3723     82.387     42.936  39.444326     3.4907      7.952   237.7113 6.9769e+01     5.6388      0.513      0.744    20.9286 0.0000e+00
      0.526      0.013     7.3597     82.367     42.916  39.426547     3.5017      7.954   237.7011 6.9645e+01     5.6350      0.516      0.748    20.9285 0.0000e+00
      0.531      0.018     7.3549     82.345     42.928  39.438085     3.5307      7.954   237.7578 6.9552e+01     5.6520      0.519      0.753    20.9285 0.0000e+00
      0.538      0.022     7.3556     82.322     42.948  39.456914     3.5597      7.955   237.8810 6.9392e+01     5.6392      0.526      0.763    20.9288 0.0000e+00
      0.545      0.025     7.3538     82.317     42.956  39.463822     3.5694      7.956   237.9857 6.9317e+01     5.6510      0.536      0.777    20.9295 0.0000e+00
      0.552      0.026     7.3517     82.325     42.949  39.458147     3.5563      7.958   238.0777 6.9399e+01     5.6585      0.542      0.785    20.9300 0.0000e+00
      0.559      0.025     7.3507     82.332     42.942  39.451754     3.5176      7.959   238.1327 6.9397e+01     5.7305      0.548      0.795    20.9302 0.0000e+00
      0.566      0.023     7.3466     82.344     42.941  39.449986     3.4681      7.960   238.1337 6.9395e+01     5.8725      0.555      0.806    20.9302 0.0000e+00
      0.571      0.020     7.3471     82.373     42.926  39.436773     3.4398      7.961   238.2632 6.9269e+01     5.9053      0.561      0.814    20.9303 0.0000e+00
      0.576      0.018     7.3484     82.424     42.907  39.418927     3.4255      7.962   238.4080 6.8921e+01     5.8546      0.564      0.819    20.9304 0.0000e+00
      0.581      0.016     7.3483     82.474     42.913  39.424582     3.4198      7.963   238.4216 6.8499e+01     5.8052      0.570      0.826    20.9303 0.0000e+00
      0.584      0.014     7.3494     82.514     42.932  39.441694     3.4297      7.963   238.5134 6.7920e+01     5.7872      0.574      0.832    20.9303 0.0000e+00
      0.586      0.014     7.3512     82.556     42.926  39.435443     3.4453      7.963   238.6571 6.7260e+01     5.7727      0.574      0.832    20.9303 0.0000e+00
      0.589      0.014     7.3571     82.590     42.901  39.412462     3.4494      7.962   238.8682 6.6664e+01     5.7332      0.577      0.836    20.9304 0.0000e+00
      0.593      0.013     7.3623     82.596     42.906  39.417672     3.4295      7.961   239.1730 6.6084e+01     5.7202      0.582      0.844    20.9299 0.0000e+00
      0.597      0.012     7.3643     82.569     42.924  39.434986     3.3965      7.960   239.4173 6.5351e+01     5.7173      0.585      0.848    20.9295 0.0000e+00
      0.601      0.011     7.3691     82.511     42.920  39.431421     3.3833      7.960   239.5848 6.4305e+01     5.7320      0.590      0.855    20.9296 0.0000e+00
      0.604      0.009     7.3729     82.450     42.927  39.438018     3.3945      7.960   239.6501 6.3147e+01     5.7266      0.594      0.861    20.9301 0.0000e+00
      0.605      0.007     7.3730     82.402     42.941  39.451290     3.3902      7.959   239.7765 6.2116e+01     5.6527      0.595      0.862    20.9305 0.0000e+00
      0.606      0.005     7.3715     82.367     42.956  39.464970     3.3565      7.958   239.9940 6.0926e+01     5.5904      0.594      0.861    20.9308 0.0000e+00
      0.607      0.005     7.3643     82.342     42.969  39.476505     3.3200      7.959   240.0439 5.9666e+01     5.6222      0.595      0.863    20.9310 0.0000e+00
      0.608      0.006     7.3586     82.319     42.955  39.463832     3.3152      7.960   240.0351 5.8743e+01     5.7296      0.597      0.865    20.9309 0.0000e+00
      0.609      0.008     7.3544     82.316     42.928  39.438662     3.3316      7.960   240.1464 5.8075e+01     5.7617      0.596      0.865    20.9309 0.0000e+00
      0.611      0.009     7.3514     82.362     42.914  39.426031     3.3271      7.961   240.2704 5.7268e+01     5.7024      0.599      0.868    20.9310 0.0000e+00
      0.615      0.010     7.3496     82.427     42.928  39.438028     3.3103      7.962   240.3308 5.6287e+01     5.6966      0.603      0.875    20.9311 0.0000e+00
      0.618      0.010     7.3473     82.457     42.948  39.456796     3.3034      7.965   240.2734 5.5365e+01     5.7593      0.606      0.879    20.9312 0.0000e+00
      0.621      0.009     7.3449     82.473     42.954  39.462564     3.3104      7.967   240.1789 5.4657e+01     5.8113      0.608      0.883    20.9311 0.0000e+00
      0.624      0.006     7.3500     82.508     42.935  39.444306     3.3287      7.969   240.1349 5.4402e+01     5.7788      0.611      0.887    20.9312 0.0000e+00
      0.626      0.003     7.3599     82.568     42.915  39.426432     3.3413      7.970   240.0852 5.4669e+01     5.6741      0.614      0.891    20.9308 0.0000e+00
      0.626      0.002     7.3599     82.625     42.926  39.436827     3.3624      7.972   240.1798 5.5506e+01     5.6383      0.615      0.892    20.9307 0.0000e+00
      0.624      0.004     7.3604     82.627     42.933  39.443070     3.3839      7.972   240.4188 5.6413e+01     5.7219      0.611      0.887    20.9308 0.0000e+00
      0.621      0.007     7.3637     82.587     42.928  39.438450     3.3946      7.973   240.5653 5.6818e+01     5.7963      0.608      0.882    20.9308 0.0000e+00
      0.622      0.010     7.3689     82.557     42.934  39.444435     3.4163      7.974   240.6603 5.6799e+01     5.7524      0.607      0.881    20.9306 0.0000e+00
      0.627      0.012     7.3777     82.524     42.942  39.451977     3.4223      7.975   240.7937 5.6139e+01     5.6353      0.613      0.890    20.9304 0.0000e+00
      0.636      0.013     7.3768     82.497     42.957  39.466178     3.4160      7.974   240.8873 5.4890e+01     5.6099      0.625      0.906    20.9306 0.0000e+00
      0.642      0.013     7.3698     82.493     42.982  39.489211     3.4395      7.974   240.9326 5.3827e+01     5.7532      0.632      0.916    20.9306 0.0000e+00
      0.644      0.011     7.3695     82.497     42.967  39.476619     3.4821      7.975   240.9971 5.2949e+01     5.9341      0.632      0.917    20.9309 0.0000e+00
      0.643      0.007     7.3659     82.513     42.928  39.440856     3.4985      7.976   241.0649 5.1797e+01     5.9851      0.632      0.916    20.9311 0.0000e+00
      0.643      0.004     7.3615     82.535     42.924  39.437570     3.4874      7.978   241.0644 5.0734e+01     5.9257      0.630      0.914    20.9313 0.0000e+00
      0.644      0.002     7.3634     82.532     42.923  39.436894     3.4811      7.979   240.9902 5.0196e+01     5.8662      0.631      0.916    20.9321 0.0000e+00
