Data/DataNotYetUploadedToEDI/Raw_CTD/RawDownloads/091724_fcr20_S7809002.cnv
* Sea-Bird SBE19plus  Data File:
* FileName = C:\R\Reservoirs\Data\DataNotYetUploadedToEDI\Raw_CTD\RawDownloads\091724_fcr10_S7809_0002.hex
* Software version 2.8.0.119
* Temperature SN = 7809
* Conductivity SN = 7809
* System UpLoad Time = Sep 17 2024 15:39:45
* <ApplicationData>
* <Seaterm232>
# nquan = 15
# nvalues = 1126                        
# units = specified
# name 0 = depFM: Depth [fresh water, m]
# name 1 = dz/dtM: Descent Rate [m/s]
# name 2 = sbeox0Mg/L: Oxygen, SBE 43 [mg/l]
# name 3 = sbeox0PS: Oxygen, SBE 43 [% saturation]
# name 4 = specc: Specific Conductance [uS/cm]
# name 5 = c0uS/cm: Conductivity [uS/cm]
# name 6 = flECO-AFL: Fluorescence, WET Labs ECO-AFL/FL [mg/m^3]
# name 7 = ph: pH
# name 8 = orp: Oxidation Reduction Potential [mV]
# name 9 = par/sat/log: PAR/Logarithmic, Satlantic
# name 10 = turbWETntu0: Turbidity, WET Labs ECO [NTU]
# name 11 = prdM: Pressure, Strain Gauge [db]
# name 12 = prdE: Pressure, Strain Gauge [psi]
# name 13 = tv290C: Temperature [ITS-90, deg C]
# name 14 = flag:  0.000e+00
# span 0 =     -0.651,      2.884       
# span 1 =     -0.289,      0.163       
# span 2 =     2.6463,     8.6528       
# span 3 =     29.302,     96.588       
# span 4 =      1.318,     45.662       
# span 5 =   1.198311,  41.450049       
# span 6 =    -0.1429,   206.1956       
# span 7 =      7.536,      8.079       
# span 8 =   230.3812,   549.1000       
# span 9 = 8.5424e+00, 4.0880e+02       
# span 10 =     0.7112,   177.9202      
# span 11 =     -0.639,      2.828      
# span 12 =     -0.928,      4.101      
# span 13 =    20.2743,    20.8583      
# span 14 = 0.0000e+00, 0.0000e+00      
# interval = seconds: 0.25
# start_time = Sep 17 2024 10:32:47 [Instrument's time stamp, header]
# bad_flag = -9.990e-29
*END*
[from data line 772]
      2.884 8.6512e-13     2.8901     31.599     45.262  41.053147   120.4995      7.901   261.8791 8.6382e+00   170.5619      2.828      4.101    20.3267 0.0000e+00
      2.884 -1.785e-13     2.8775     31.526     45.261  41.055350   120.5601      7.901   261.9451 8.6376e+00   170.5788      2.828      4.101    20.3321 0.0000e+00
      2.884 -2.845e-12     2.8714     31.470     45.245  41.042877   120.7230      7.902   261.9595 8.6320e+00   170.5418      2.828      4.101    20.3375 0.0000e+00
      2.884 -3.138e-11     2.8626     31.391     45.230  41.029267   122.4610      7.902   261.9666 8.6165e+00   169.7729      2.828      4.101    20.3424 0.0000e+00
      2.884 -3.452e-10     2.8519     31.296     45.218  41.017729   125.6687      7.901   261.9456 8.6123e+00   168.3870      2.828      4.101    20.3463 0.0000e+00
      2.883 -3.797e-09     2.8452     31.205     45.234  41.030299   127.4460      7.901   261.9627 8.6032e+00   167.6200      2.827      4.101    20.3499 0.0000e+00
      2.883 -4.177e-08     2.8426     31.115     45.264  41.054329   127.8459      7.902   262.0019 8.5827e+00   167.4683      2.828      4.101    20.3513 0.0000e+00
      2.883 -4.594e-07     2.8346     31.024     45.267  41.054402   130.3709      7.902   261.9897 8.5673e+00   166.3472      2.828      4.101    20.3515 0.0000e+00
      2.883      0.000     2.8246     30.916     45.243  41.031176   134.9613      7.902   261.9873 8.5607e+00   164.2105      2.828      4.101    20.3509 0.0000e+00
      2.883     -0.000     2.8180     30.792     45.238  41.027362   137.5461      7.901   262.0593 8.5537e+00   162.9499      2.828      4.101    20.3480 0.0000e+00
      2.883     -0.001     2.8090     30.684     45.215  41.008284   138.7844      7.901   262.1722 8.5459e+00   161.9332      2.827      4.101    20.3444 0.0000e+00
      2.883     -0.002     2.8019     30.599     45.123  40.927448   149.8923      7.901   262.1477 8.5424e+00   151.2347      2.827      4.101    20.3415 0.0000e+00
      2.883     -0.004     2.7929     30.553     44.988  40.811578   170.1758      7.901   262.1062 8.5531e+00   131.4616      2.827      4.101    20.3403 0.0000e+00
      2.883     -0.009     2.7792     30.582     44.836  40.686239   180.9546      7.900   262.2729 8.5824e+00   120.4019      2.827      4.100    20.3411 0.0000e+00
      2.882     -0.018     2.7699     30.712     44.672  40.554378   178.7010      7.899   262.6148 8.6305e+00   117.0537      2.826      4.099    20.3423 0.0000e+00
      2.878     -0.032     2.7623     31.023     44.507  40.423115   142.7695      7.897   262.9705 8.7143e+00    91.2177      2.822      4.095    20.3435 0.0000e+00
      2.872     -0.048     2.7552     31.658     44.356  40.305006    76.7127      7.895   263.2180 8.8505e+00    43.9267      2.819      4.088    20.3507 0.0000e+00
      2.860     -0.059     2.7579     32.753     44.294  40.268712    40.6274      7.891   263.4565 9.0579e+00    18.0632      2.809      4.073    20.3664 0.0000e+00
      2.837     -0.061     2.7657     34.357     44.381  40.365101    36.6591      7.885   263.7892 9.3388e+00    15.6386      2.785      4.041    20.3849 0.0000e+00
      2.807     -0.052     2.7872     36.456     44.616  40.581966    28.6412      7.880   264.0575 9.6229e+00    15.3968      2.751      3.991    20.4069 0.0000e+00
      2.782     -0.036     2.8390     39.005     45.076  40.986875    14.4542      7.875   264.1189 9.7594e+00    15.3453      2.720      3.944    20.4284 0.0000e+00
      2.776     -0.015     2.9337     41.657     45.552  41.389369     6.7266      7.872   264.1018 9.6963e+00    15.2891      2.716      3.940    20.4512 0.0000e+00
      2.785      0.006     3.0804     43.765     45.662  41.450049     6.0373      7.872   264.0232 9.5735e+00    15.2629      2.732      3.962    20.4767 0.0000e+00
      2.800      0.021     3.2656     44.750     45.503  41.276236     5.9627      7.872   263.9421 9.4762e+00    15.7464      2.747      3.983    20.4812 0.0000e+00
      2.813      0.027     3.5065     44.212     45.350  41.128332     5.8069      7.872   263.8966 9.4031e+00    21.8858      2.761      4.005    20.4659 0.0000e+00
      2.823      0.024     3.7737     42.106     45.269  41.058020     5.5604      7.872   263.8165 9.3742e+00    33.1303      2.770      4.019    20.4332 0.0000e+00
      2.826      0.016     3.9849     39.057     45.195  40.997305     5.4389      7.873   263.8335 9.3823e+00    39.2166      2.772      4.021    20.3790 0.0000e+00
      2.825      0.009     4.0898     36.036     45.082  40.901962     5.4440      7.873   263.9305 9.3947e+00    39.5216      2.770      4.018    20.3407 0.0000e+00
      2.824      0.002     4.0484     33.646     44.952  40.793772     5.4308      7.872   264.0430 9.3844e+00    36.1690      2.768      4.015    20.3363 0.0000e+00
      2.825     -0.005     3.8356     32.132     44.772  40.641193     5.3872      7.871   264.2473 9.3603e+00    29.8679      2.769      4.017    20.3446 0.0000e+00
      2.826     -0.014     3.5190     31.603     44.549  40.453389     5.3663      7.871   264.5076 9.3343e+00    26.4281      2.772      4.022    20.3508 0.0000e+00
      2.826     -0.027     3.2310     32.010     44.355  40.300088     5.3776      7.871   264.6950 9.3282e+00    25.9366      2.773      4.023    20.3580 0.0000e+00
      2.820     -0.042     3.0091     33.202     44.197  40.183888     5.3913      7.871   264.7061 9.3959e+00    23.9605      2.768      4.014    20.3704 0.0000e+00
      2.806     -0.055     2.8665     35.014     44.107  40.127357     5.3907      7.871   264.5568 9.5503e+00    20.3661      2.754      3.994    20.3818 0.0000e+00
      2.786     -0.065     2.8211     37.322     44.082  40.124317     5.3781      7.872   264.5242 9.7622e+00    18.4125      2.733      3.964    20.3949 0.0000e+00
      2.762     -0.066     2.8611     40.057     44.092  40.147153     5.3636      7.873   264.6558 9.9842e+00    18.1030      2.708      3.928    20.4209 0.0000e+00
      2.738     -0.058     2.9723     43.074     44.156  40.213098     5.4320      7.873   264.6852 1.0152e+01    16.0420      2.683      3.891    20.4564 0.0000e+00
      2.720     -0.044     3.1381     46.077     44.237  40.287026     5.5888      7.873   264.6219 1.0255e+01    12.2471      2.664      3.864    20.4864 0.0000e+00
      2.711     -0.028     3.3454     48.785     44.305  40.342907     5.6701      7.873   264.5786 1.0276e+01    10.1703      2.654      3.849    20.5082 0.0000e+00
      2.711     -0.013     3.5928     50.932     44.355  40.381027     5.6741      7.873   264.5063 1.0221e+01    10.0274      2.656      3.853    20.5243 0.0000e+00
      2.716     -0.002     3.8765     52.282     44.349  40.367146     5.8030      7.874   264.4355 1.0177e+01    10.7584      2.665      3.865    20.5328 0.0000e+00
      2.720      0.004     4.1540     52.752     44.286  40.301985     6.0470      7.875   264.4113 1.0149e+01    12.1424      2.667      3.868    20.5324 0.0000e+00
      2.722      0.004     4.4062     52.412     44.208  40.227795     6.1776      7.877   264.3851 1.0120e+01    12.8580      2.668      3.870    20.5251 0.0000e+00
      2.722     -0.003     4.6099     51.451     44.138  40.168229     6.1832      7.879   264.3773 1.0114e+01    12.7155      2.670      3.872    20.5152 0.0000e+00
      2.722     -0.016     4.7339     50.193     44.041  40.089492     6.1569      7.880   264.3168 1.0130e+01    11.4783      2.670      3.873    20.5059 0.0000e+00
      2.720     -0.037     4.7747     49.050     43.896  39.973897     5.9756      7.882   264.1702 1.0159e+01     9.3427      2.668      3.870    20.4947 0.0000e+00
      2.715     -0.064     4.7393     48.358     43.801  39.912948     5.6561      7.883   263.9809 1.0246e+01     8.1067      2.663      3.864    20.4893 0.0000e+00
      2.701     -0.093     4.6419     48.302     43.785  39.923770     5.4814      7.886   263.7488 1.0505e+01     7.9094      2.654      3.851    20.4958 0.0000e+00
      2.672     -0.116     4.5131     48.977     43.758  39.914393     5.4441      7.888   263.6012 1.0944e+01     7.8114      2.627      3.811    20.5057 0.0000e+00
      2.628     -0.128     4.3978     50.404     43.694  39.863045     5.2886      7.890   263.5725 1.1444e+01     7.3309      2.579      3.740    20.5226 0.0000e+00
      2.579     -0.126     4.3276     52.376     43.630  39.810639     5.0506      7.890   263.5738 1.1919e+01     6.5755      2.527      3.664    20.5561 0.0000e+00
      2.534     -0.111     4.3179     54.492     43.599  39.788463     4.9546      7.892   263.5315 1.2273e+01     6.2266      2.479      3.595    20.5914 0.0000e+00
      2.506     -0.086     4.3732     56.385     43.588  39.785311     4.9851      7.894   263.4049 1.2409e+01     6.2552      2.449      3.552    20.6066 0.0000e+00
      2.496     -0.056     4.5090     57.916     43.563  39.772538     5.1776      7.896   263.3336 1.2411e+01     6.4100      2.446      3.547    20.6099 0.0000e+00
      2.495     -0.029     4.6993     59.140     43.540  39.760971     5.5101      7.899   263.3581 1.2385e+01     6.6627      2.448      3.548    20.6173 0.0000e+00
      2.495     -0.009     4.9021     60.085     43.546  39.772393     5.6921      7.902   263.2701 1.2347e+01     6.8507      2.446      3.548    20.6249 0.0000e+00
      2.496      0.002     5.0759     60.752     43.556  39.783721     5.7304      7.903   263.1306 1.2317e+01     6.9412      2.448      3.550    20.6319 0.0000e+00
      2.498      0.006     5.2065     61.205     43.540  39.771018     5.7737      7.904   263.1346 1.2303e+01     7.0739      2.450      3.553    20.6454 0.0000e+00
      2.501      0.006     5.3156     61.518     43.510  39.745737     5.8160      7.906   263.1459 1.2277e+01     7.2599      2.452      3.557    20.6580 0.0000e+00
      2.503      0.005     5.4003     61.710     43.492  39.731901     5.8252      7.908   263.0945 1.2237e+01     7.3451      2.455      3.560    20.6631 0.0000e+00
      2.504      0.003     5.4580     61.838     43.488  39.730652     5.8190      7.909   263.0305 1.2205e+01     7.3524      2.456      3.562    20.6650 0.0000e+00
      2.504      0.002     5.4943     61.958     43.484  39.730642     5.7329      7.910   262.9731 1.2184e+01     7.1769      2.456      3.563    20.6667 0.0000e+00
      2.503      0.002     5.5239     62.042     43.483  39.731775     5.5490      7.912   263.0034 1.2175e+01     6.8293      2.455      3.561    20.6692 0.0000e+00
      2.502     -0.001     5.5382     62.061     43.496  39.744362     5.4434      7.915   263.0519 1.2170e+01     6.6682      2.454      3.559    20.6721 0.0000e+00
      2.502     -0.009     5.5459     62.061     43.509  39.755912     5.4221      7.918   263.0435 1.2143e+01     6.6292      2.453      3.558    20.6754 0.0000e+00
      2.504     -0.021     5.5590     62.086     43.496  39.744487     5.2749      7.918   263.1606 1.2106e+01     6.4603      2.456      3.562    20.6793 0.0000e+00
      2.505     -0.033     5.5675     62.106     43.483  39.733147     5.0038      7.916   263.4356 1.2151e+01     6.1635      2.460      3.567    20.6817 0.0000e+00
      2.496     -0.039     5.5672     62.120     43.496  39.745735     4.8570      7.913   263.6149 1.2380e+01     5.9778      2.455      3.560    20.6819 0.0000e+00
      2.473     -0.038     5.5641     62.164     43.523  39.769758     4.8319      7.910   263.7795 1.2710e+01     5.9571      2.427      3.520    20.6816 0.0000e+00
      2.447     -0.031     5.5695     62.220     43.524  39.769758     4.8000      7.908   263.9629 1.2897e+01     5.9134      2.392      3.471    20.6820 0.0000e+00
      2.435     -0.022     5.5713     62.260     43.499  39.745734     4.7959      7.907   263.9400 1.2860e+01     5.8596      2.382      3.455    20.6834 0.0000e+00
      2.440     -0.017     5.5694     62.297     43.486  39.733147     4.8241      7.907   263.8473 1.2709e+01     5.7855      2.390      3.466    20.6840 0.0000e+00
      2.453     -0.020     5.5750     62.304     43.498  39.744487     4.8336      7.907   263.7883 1.2541e+01     5.7005      2.405      3.489    20.6835 0.0000e+00
      2.463     -0.030     5.5822     62.235     43.510  39.755913     4.8181      7.908   263.7420 1.2486e+01     5.6514      2.422      3.512    20.6826 0.0000e+00
      2.458     -0.041     5.5836     62.110     43.497  39.744373     4.7786      7.909   263.8902 1.2701e+01     5.6359      2.420      3.509    20.6808 0.0000e+00
      2.430     -0.049     5.5885     61.987     43.483  39.731888     4.7305      7.908   264.1178 1.3115e+01     5.6839      2.387      3.463    20.6793 0.0000e+00
      2.393     -0.052     5.5918     61.920     43.483  39.731888     4.7193      7.907   264.0846 1.3439e+01     5.7189      2.340      3.395    20.6798 0.0000e+00
      2.370     -0.049     5.5839     61.904     43.498  39.744372     4.7349      7.907   263.9187 1.3486e+01     5.7177      2.315      3.357    20.6814 0.0000e+00
      2.369     -0.043     5.5710     61.913     43.511  39.755900     4.8190      7.909   263.8328 1.3356e+01     5.7046      2.321      3.366    20.6819 0.0000e+00
      2.378     -0.039     5.5572     61.927     43.498  39.744352     4.9706      7.913   263.7339 1.3281e+01     5.6964      2.335      3.388    20.6821 0.0000e+00
      2.379     -0.041     5.5520     61.925     43.484  39.731669     5.0615      7.917   263.5843 1.3363e+01     5.7549      2.338      3.390    20.6818 0.0000e+00
      2.367     -0.050     5.5523     61.922     43.480  39.729474     5.0858      7.919   263.4866 1.3592e+01     5.7973      2.326      3.373    20.6805 0.0000e+00
      2.345     -0.058     5.5528     61.948     43.466  39.717823     5.0141      7.920   263.5846 1.3922e+01     5.7304      2.301      3.338    20.6798 0.0000e+00
      2.317     -0.055     5.5559     61.998     43.465  39.717718     4.8444      7.918   263.8235 1.4267e+01     5.6304      2.271      3.294    20.6797 0.0000e+00
      2.291     -0.039     5.5544     62.039     43.475  39.728205     4.7483      7.916   263.9658 1.4527e+01     5.6115      2.244      3.255    20.6805 0.0000e+00
      2.276     -0.018     5.5526     62.076     43.462  39.717705     4.7421      7.915   264.0145 1.4557e+01     5.6733      2.225      3.228    20.6820 0.0000e+00
      2.280     -0.000     5.5552     62.161     43.459  39.717686     4.7116      7.915   263.9825 1.4319e+01     5.6602      2.228      3.232    20.6833 0.0000e+00
      2.301      0.005     5.5610     62.311     43.468  39.727974     4.6381      7.915   263.8366 1.3989e+01     5.5222      2.255      3.271    20.6842 0.0000e+00
      2.323     -0.002     5.5651     62.491     43.451  39.715177     4.5853      7.916   263.7125 1.3832e+01     5.4047      2.285      3.313    20.6852 0.0000e+00
      2.328     -0.020     5.5651     62.681     43.421  39.689889     4.5730      7.919   263.6001 1.3940e+01     5.3662      2.292      3.323    20.6874 0.0000e+00
      2.312     -0.047     5.5719     62.875     43.404  39.676070     4.5721      7.921   263.4250 1.4241e+01     5.3646      2.272      3.295    20.6901 0.0000e+00
      2.285     -0.081     5.5871     63.084     43.402  39.675020     4.6079      7.924   263.3157 1.4622e+01     5.3508      2.241      3.250    20.6923 0.0000e+00
      2.256     -0.109     5.6032     63.314     43.405  39.677195     4.6733      7.925   263.3971 1.4944e+01     5.3365      2.210      3.205    20.6959 0.0000e+00
      2.230     -0.122     5.6202     63.544     43.431  39.702370     4.6968      7.925   263.4628 1.5313e+01     5.3622      2.191      3.178    20.6998 0.0000e+00
      2.195     -0.120     5.6368     63.758     43.456  39.725561     4.6928      7.925   263.3361 1.5925e+01     5.3882      2.160      3.133    20.7015 0.0000e+00
