Data/DataNotYetUploadedToEDI/Raw_CTD/RawDownloads/091724_fcr10_S7809001.cnv
* Sea-Bird SBE19plus  Data File:
* FileName = C:\R\Reservoirs\Data\DataNotYetUploadedToEDI\Raw_CTD\RawDownloads\091724_fcr10_S7809_0001.hex
* Software version 2.8.0.119
* Temperature SN = 7809
* Conductivity SN = 7809
* System UpLoad Time = Sep 17 2024 15:39:14
* <ApplicationData>
* <Seaterm232>
# nquan = 15
# nvalues = 956                         
# units = specified
# name 0 = depFM: Depth [fresh water, m]
# name 1 = dz/dtM: Descent Rate [m/s]
# name 2 = sbeox0Mg/L: Oxygen, SBE 43 [mg/l]
# name 3 = sbeox0PS: Oxygen, SBE 43 [% saturation]
# name 4 = specc: Specific Conductance [uS/cm]
# name 5 = c0uS/cm: Conductivity [uS/cm]
# name 6 = flECO-AFL: Fluorescence, WET Labs ECO-AFL/FL [mg/m^3]
# name 7 = ph: pH
# name 8 = orp: Oxidation Reduction Potential [mV]
# name 9 = par/sat/log: PAR/Logarithmic, Satlantic
# name 10 = turbWETntu0: Turbidity, WET Labs ECO [NTU]
# name 11 = prdM: Pressure, Strain Gauge [db]
# name 12 = prdE: Pressure, Strain Gauge [psi]
# name 13 = tv290C: Temperature [ITS-90, deg C]
# name 14 = flag:  0.000e+00
# span 0 =     -0.651,      2.497       
# span 1 =     -0.311,      0.159       
# span 2 =     3.9270,     8.3178       
# span 3 =     43.798,     92.940       
# span 4 =      3.122,    128.269       
# span 5 =   2.863352, 116.233956       
# span 6 =    -0.1457,    11.5935       
# span 7 =      5.849,      7.884       
# span 8 =   201.7273,   354.8940       
# span 9 = 1.2838e+01, 3.9440e+02       
# span 10 =     0.6679,   190.5770      
# span 11 =     -0.639,      2.449      
# span 12 =     -0.927,      3.552      
# span 13 =    19.4734,    20.8719      
# span 14 = 0.0000e+00, 0.0000e+00      
# interval = seconds: 0.25
# start_time = Sep 17 2024 10:25:00 [Instrument's time stamp, header]
# bad_flag = -9.990e-29
*END*
[from data line 290]
      0.616      0.013     6.7102     75.278     43.081  39.507101     4.4543      7.579   226.0198 6.9546e+01     5.1096      0.604      0.876    20.8475 0.0000e+00
      0.620      0.012     6.7191     75.330     43.097  39.522082     4.5059      7.582   226.0921 6.8633e+01     5.1485      0.608      0.883    20.8472 0.0000e+00
      0.623      0.011     6.7257     75.338     43.124  39.546321     4.6009      7.583   226.1782 6.7929e+01     5.2609      0.611      0.888    20.8471 0.0000e+00
      0.625      0.010     6.7253     75.294     43.124  39.546331     4.6444      7.586   226.2006 6.7282e+01     5.2727      0.613      0.888    20.8474 0.0000e+00
      0.626      0.010     6.7288     75.234     43.098  39.522197     4.6326      7.588   226.1912 6.6457e+01     5.1891      0.614      0.889    20.8477 0.0000e+00
      0.629      0.011     6.7370     75.189     43.083  39.508362     4.6755      7.589   226.2364 6.5562e+01     5.1724      0.617      0.895    20.8475 0.0000e+00
      0.632      0.013     6.7370     75.161     43.081  39.505980     4.7964      7.591   226.3172 6.4657e+01     5.2411      0.620      0.899    20.8471 0.0000e+00
      0.635      0.016     6.7322     75.134     43.067  39.493392     4.8790      7.594   226.3947 6.3574e+01     5.3020      0.622      0.901    20.8469 0.0000e+00
      0.640      0.018     6.7252     75.109     43.056  39.483092     4.8840      7.596   226.4847 6.2275e+01     5.2940      0.627      0.908    20.8465 0.0000e+00
      0.646      0.020     6.7213     75.102     43.084  39.508362     4.8569      7.596   226.6305 6.0970e+01     5.2473      0.633      0.918    20.8462 0.0000e+00
      0.651      0.022     6.7201     75.113     43.124  39.545084     4.7839      7.597   226.7814 5.9800e+01     5.2842      0.638      0.926    20.8464 0.0000e+00
      0.656      0.023     6.7171     75.120     43.126  39.546332     4.6834      7.599   226.8462 5.8676e+01     5.4320      0.643      0.933    20.8463 0.0000e+00
      0.662      0.023     6.7145     75.110     43.101  39.523450     4.6407      7.600   226.8987 5.7566e+01     5.5656      0.650      0.941    20.8460 0.0000e+00
      0.669      0.022     6.7137     75.087     43.100  39.522263     4.6342      7.602   226.9862 5.6522e+01     5.5671      0.656      0.951    20.8458 0.0000e+00
      0.675      0.020     6.7159     75.048     43.110  39.531982     4.6219      7.603   227.0431 5.5594e+01     5.4505      0.662      0.960    20.8452 0.0000e+00
      0.681      0.017     6.7171     74.982     43.091  39.514036     4.6250      7.605   227.0703 5.4893e+01     5.3168      0.669      0.970    20.8446 0.0000e+00
      0.685      0.013     6.7157     74.916     43.071  39.495670     4.6383      7.607   227.1427 5.4383e+01     5.2486      0.672      0.975    20.8449 0.0000e+00
      0.687      0.009     6.7131     74.866     43.076  39.500304     4.6575      7.609   227.2297 5.3978e+01     5.2746      0.674      0.978    20.8452 0.0000e+00
      0.689      0.005     6.7117     74.859     43.082  39.506597     4.7157      7.612   227.2619 5.3657e+01     5.2907      0.675      0.979    20.8450 0.0000e+00
      0.689      0.003     6.7031     74.888     43.083  39.508303     4.8010      7.613   227.2745 5.3345e+01     5.2382      0.675      0.979    20.8445 0.0000e+00
      0.688      0.002     6.6982     74.911     43.097  39.520933     4.8407      7.614   227.2955 5.2970e+01     5.1863      0.675      0.979    20.8442 0.0000e+00
      0.688      0.002     6.6921     74.938     43.110  39.532373     4.8545      7.617   227.2580 5.2499e+01     5.2100      0.675      0.979    20.8448 0.0000e+00
      0.689      0.003     6.6904     74.964     43.096  39.519699     4.8678      7.619   227.2510 5.2017e+01     5.3199      0.676      0.980    20.8452 0.0000e+00
      0.689      0.006     6.6972     74.979     43.068  39.494629     4.8426      7.621   227.4690 5.1574e+01     5.3870      0.677      0.981    20.8457 0.0000e+00
      0.690      0.010     6.6962     74.984     43.055  39.483091     4.8077      7.623   227.6578 5.1052e+01     5.3727      0.676      0.980    20.8460 0.0000e+00
      0.693      0.014     6.7004     74.967     43.080  39.507113     4.8043      7.624   227.6408 5.0426e+01     5.3517      0.678      0.984    20.8458 0.0000e+00
      0.698      0.016     6.7023     74.905     43.106  39.531229     4.8846      7.624   227.6928 4.9808e+01     5.3387      0.684      0.992    20.8458 0.0000e+00
      0.704      0.017     6.7037     74.818     43.095  39.520833     5.0298      7.626   227.8566 4.9241e+01     5.3170      0.690      1.001    20.8464 0.0000e+00
      0.711      0.017     6.7042     74.768     43.082  39.508340     5.0947      7.627   227.9001 4.8701e+01     5.2608      0.697      1.011    20.8475 0.0000e+00
      0.716      0.016     6.7037     74.758     43.081  39.507101     5.0779      7.628   227.7893 4.8197e+01     5.2049      0.703      1.020    20.8480 0.0000e+00
      0.719      0.013     6.6987     74.761     43.080  39.505854     5.0686      7.629   227.7209 4.7770e+01     5.1874      0.706      1.024    20.8483 0.0000e+00
      0.721      0.012     6.6859     74.757     43.066  39.493257     5.0572      7.631   227.7621 4.7440e+01     5.2204      0.707      1.026    20.8481 0.0000e+00
      0.723      0.012     6.6837     74.750     43.053  39.481718     5.0231      7.631   227.9429 4.7187e+01     5.2629      0.709      1.028    20.8474 0.0000e+00
      0.724      0.015     6.6832     74.775     43.065  39.493257     4.9891      7.629   228.1858 4.6877e+01     5.2232      0.709      1.029    20.8472 0.0000e+00
      0.726      0.019     6.6839     74.843     43.079  39.505853     4.9706      7.626   228.3762 4.6423e+01     5.1840      0.711      1.031    20.8474 0.0000e+00
      0.732      0.021     6.6843     74.932     43.080  39.507091     4.9487      7.625   228.6101 4.5908e+01     5.2332      0.716      1.038    20.8474 0.0000e+00
      0.742      0.021     6.6810     75.014     43.081  39.508236     4.9164      7.625   228.7766 4.5468e+01     5.2712      0.728      1.056    20.8476 0.0000e+00
      0.751      0.020     6.6837     75.080     43.094  39.519688     4.8883      7.625   228.8413 4.5214e+01     5.2679      0.739      1.072    20.8479 0.0000e+00
      0.755      0.019     6.6901     75.142     43.093  39.518639     4.8673      7.625   228.9619 4.5102e+01     5.2617      0.741      1.076    20.8480 0.0000e+00
      0.756      0.018     6.6995     75.199     43.067  39.495553     4.8866      7.625   229.0300 4.5042e+01     5.2637      0.741      1.075    20.8476 0.0000e+00
      0.757      0.017     6.7071     75.219     43.066  39.494400     4.9541      7.625   228.9760 4.4937e+01     5.2927      0.741      1.075    20.8474 0.0000e+00
      0.762      0.017     6.7123     75.178     43.078  39.504699     5.0020      7.626   228.9973 4.4714e+01     5.3048      0.746      1.081    20.8477 0.0000e+00
      0.769      0.018     6.7177     75.103     43.067  39.493152     5.0075      7.627   229.1160 4.4466e+01     5.3078      0.754      1.092    20.8479 0.0000e+00
      0.777      0.018     6.7238     75.022     43.055  39.481709     4.9787      7.628   229.2063 4.4314e+01     5.3631      0.763      1.106    20.8483 0.0000e+00
      0.782      0.017     6.7273     74.947     43.068  39.493255     4.9289      7.630   229.3155 4.4295e+01     5.4269      0.769      1.114    20.8488 0.0000e+00
      0.784      0.014     6.7220     74.907     43.082  39.505834     4.9129      7.633   229.4037 4.4322e+01     5.4647      0.769      1.116    20.8478 0.0000e+00
      0.785      0.011     6.7144     74.929     43.083  39.506874     4.9357      7.634   229.4125 4.4276e+01     5.5130      0.770      1.117    20.8457 0.0000e+00
      0.788      0.010     6.7078     75.014     43.083  39.505833     4.9627      7.635   229.4221 4.4151e+01     5.5321      0.773      1.121    20.8448 0.0000e+00
      0.791      0.011     6.6994     75.137     43.069  39.493245     4.9824      7.637   229.4330 4.4055e+01     5.4911      0.776      1.125    20.8451 0.0000e+00
      0.793      0.013     6.6950     75.271     43.056  39.481603     4.9816      7.638   229.4582 4.4013e+01     5.4954      0.778      1.129    20.8446 0.0000e+00
      0.795      0.016     6.6971     75.392     43.068  39.491986     4.9783      7.639   229.5550 4.3938e+01     5.5499      0.780      1.131    20.8439 0.0000e+00
      0.799      0.019     6.7054     75.459     43.068  39.491863     4.9836      7.640   229.6571 4.3801e+01     5.5013      0.783      1.135    20.8440 0.0000e+00
      0.805      0.020     6.7180     75.461     43.056  39.480116     5.0121      7.640   229.6606 4.3614e+01     5.3511      0.789      1.144    20.8445 0.0000e+00
      0.813      0.019     6.7294     75.434     43.053  39.476872     5.0653      7.642   229.5970 4.3442e+01     5.2373      0.797      1.156    20.8444 0.0000e+00
      0.821      0.016     6.7428     75.417     43.027  39.452652     5.0864      7.644   229.5767 4.3348e+01     5.2182      0.805      1.168    20.8438 0.0000e+00
      0.827      0.011     6.7495     75.452     43.016  39.441114     5.0923      7.646   229.5875 4.3359e+01     5.2576      0.812      1.177    20.8431 0.0000e+00
      0.828      0.007     6.7473     75.515     43.042  39.464284     5.1279      7.646   229.5554 4.3561e+01     5.3036      0.814      1.181    20.8423 0.0000e+00
      0.825      0.005     6.7453     75.577     43.058  39.478961     5.1846      7.646   229.5327 4.3869e+01     5.3645      0.809      1.174    20.8415 0.0000e+00
      0.822      0.004     6.7405     75.663     43.073  39.491645     5.2205      7.647   229.5712 4.4042e+01     5.4125      0.804      1.166    20.8408 0.0000e+00
      0.823      0.005     6.7455     75.748     43.072  39.490718     5.2117      7.648   229.6757 4.4078e+01     5.4059      0.805      1.168    20.8403 0.0000e+00
      0.827      0.009     6.7535     75.796     43.047  39.467747     5.2032      7.650   229.8499 4.4128e+01     5.3528      0.811      1.177    20.8399 0.0000e+00
      0.831      0.014     6.7559     75.806     43.048  39.467747     5.2089      7.650   229.9570 4.4222e+01     5.2486      0.816      1.183    20.8388 0.0000e+00
      0.834      0.018     6.7656     75.778     43.073  39.490728     5.2148      7.650   229.9382 4.4245e+01     5.1709      0.817      1.185    20.8377 0.0000e+00
      0.838      0.019     6.7753     75.718     43.075  39.491760     5.2072      7.651   229.9662 4.4128e+01     5.1642      0.820      1.190    20.8373 0.0000e+00
      0.845      0.020     6.7784     75.649     43.063  39.480222     5.1088      7.652   230.1246 4.3955e+01     5.2026      0.828      1.202    20.8374 0.0000e+00
      0.852      0.023     6.7799     75.576     43.062  39.478142     4.9576      7.651   230.3041 4.3832e+01     5.2595      0.836      1.213    20.8370 0.0000e+00
      0.857      0.024     6.7775     75.480     43.052  39.466615     4.8935      7.649   230.4157 4.3722e+01     5.2375      0.841      1.220    20.8361 0.0000e+00
      0.862      0.023     6.7709     75.363     43.055  39.467770     4.8914      7.649   230.4422 4.3532e+01     5.2097      0.844      1.223    20.8356 0.0000e+00
      0.869      0.021     6.7647     75.245     43.082  39.492104     4.9072      7.650   230.4514 4.3318e+01     5.2311      0.851      1.234    20.8354 0.0000e+00
      0.877      0.019     6.7592     75.117     43.099  39.506989     4.9430      7.650   230.6133 4.3288e+01     5.2221      0.862      1.251    20.8337 0.0000e+00
      0.882      0.018     6.7517     74.975     43.114  39.520821     4.9661      7.650   230.8512 4.3451e+01     5.2376      0.867      1.257    20.8313 0.0000e+00
      0.883      0.016     6.7389     74.845     43.127  39.532421     4.9795      7.650   230.9179 4.3584e+01     5.2478      0.865      1.254    20.8294 0.0000e+00
      0.885      0.013     6.7304     74.747     43.113  39.520319     4.9798      7.651   230.8184 4.3631e+01     5.2095      0.866      1.256    20.8282 0.0000e+00
      0.890      0.012     6.7188     74.676     43.093  39.501429     4.9694      7.653   230.7666 4.3714e+01     5.2189      0.873      1.265    20.8280 0.0000e+00
      0.895      0.012     6.7049     74.614     43.085  39.494403     4.9624      7.655   230.8079 4.3857e+01     5.3270      0.878      1.274    20.8282 0.0000e+00
      0.897      0.013     6.6927     74.584     43.090  39.498818     4.9621      7.656   230.8021 4.3966e+01     5.4577      0.880      1.277    20.8280 0.0000e+00
      0.897      0.013     6.6835     74.587     43.082  39.491360     4.9824      7.656   230.7817 4.4034e+01     5.5012      0.879      1.276    20.8278 0.0000e+00
      0.900      0.013     6.6799     74.585     43.057  39.467692     4.9910      7.656   230.8195 4.4024e+01     5.4768      0.881      1.277    20.8278 0.0000e+00
      0.905      0.013     6.6714     74.570     43.055  39.466496     4.9664      7.657   230.9148 4.3954e+01     5.4362      0.887      1.287    20.8275 0.0000e+00
      0.910      0.013     6.6694     74.561     43.066  39.476895     4.9512      7.658   231.0730 4.3948e+01     5.4199      0.894      1.297    20.8274 0.0000e+00
      0.915      0.013     6.6713     74.573     43.055  39.466501     4.9565      7.659   231.1845 4.4057e+01     5.4503      0.898      1.303    20.8275 0.0000e+00
      0.916      0.011     6.6714     74.608     43.056  39.467750     4.8977      7.661   231.1441 4.4217e+01     5.4280      0.899      1.304    20.8274 0.0000e+00
      0.917      0.007     6.6690     74.656     43.083  39.491989     4.7644      7.661   231.0142 4.4239e+01     5.3556      0.899      1.303    20.8275 0.0000e+00
      0.920      0.002     6.6677     74.702     43.099  39.505731     4.6849      7.662   230.9049 4.4192e+01     5.3601      0.902      1.309    20.8275 0.0000e+00
      0.923      0.000     6.6688     74.763     43.102  39.506981     4.6696      7.664   230.9410 4.4219e+01     5.4137      0.907      1.316    20.8280 0.0000e+00
      0.922      0.000     6.6718     74.834     43.103  39.507094     4.6626      7.664   231.1074 4.4388e+01     5.4574      0.906      1.315    20.8275 0.0000e+00
      0.917      0.001     6.6779     74.878     43.103  39.507104     4.6575      7.664   231.2813 4.4615e+01     5.4790      0.899      1.304    20.8266 0.0000e+00
      0.914      0.003     6.6803     74.868     43.103  39.507096     4.6420      7.664   231.3227 4.4658e+01     5.4351      0.893      1.296    20.8260 0.0000e+00
      0.916      0.003     6.6860     74.785     43.102  39.506992     4.6329      7.665   231.2640 4.4592e+01     5.4056      0.896      1.299    20.8250 0.0000e+00
      0.923      0.004     6.6946     74.613     43.101  39.505847     4.7305      7.665   231.3452 4.4584e+01     5.4636      0.906      1.313    20.8241 0.0000e+00
      0.928      0.005     6.6991     74.399     43.087  39.493261     4.9233      7.665   231.5307 4.4774e+01     5.5220      0.913      1.324    20.8240 0.0000e+00
      0.928      0.005     6.6981     74.170     43.074  39.481733     5.0248      7.663   231.7865 4.5149e+01     5.4963      0.911      1.322    20.8242 0.0000e+00
      0.924      0.006     6.6932     73.927     43.088  39.493385     5.0084      7.659   232.2006 4.5499e+01     5.4265      0.905      1.312    20.8243 0.0000e+00
      0.922      0.008     6.6745     73.767     43.103  39.507221     4.8424      7.653   232.6659 4.5751e+01     5.4292      0.902      1.309    20.8244 0.0000e+00
      0.924      0.012     6.6538     73.734     43.120  39.522098     4.5488      7.645   233.1104 4.5864e+01     5.4943      0.904      1.311    20.8247 0.0000e+00
