Data/DataNotYetUploadedToEDI/Raw_CTD/RawDownloads/091724_fcr40_S7809004.cnv
* Sea-Bird SBE19plus  Data File:
* FileName = C:\R\Reservoirs\Data\DataNotYetUploadedToEDI\Raw_CTD\RawDownloads\091724_fcr10_S7809_0004.hex
* Software version 2.8.0.119
* Temperature SN = 7809
* Conductivity SN = 7809
* System UpLoad Time = Sep 17 2024 15:41:14
* <ApplicationData>
* <Seaterm232>
# nquan = 15
# nvalues = 1565                        
# units = specified
# name 0 = depFM: Depth [fresh water, m]
# name 1 = dz/dtM: Descent Rate [m/s]
# name 2 = sbeox0Mg/L: Oxygen, SBE 43 [mg/l]
# name 3 = sbeox0PS: Oxygen, SBE 43 [% saturation]
# name 4 = specc: Specific Conductance [uS/cm]
# name 5 = c0uS/cm: Conductivity [uS/cm]
# name 6 = flECO-AFL: Fluorescence, WET Labs ECO-AFL/FL [mg/m^3]
# name 7 = ph: pH
# name 8 = orp: Oxidation Reduction Potential [mV]
# name 9 = par/sat/log: PAR/Logarithmic, Satlantic
# name 10 = turbWETntu0: Turbidity, WET Labs ECO [NTU]
# name 11 = prdM: Pressure, Strain Gauge [db]
# name 12 = prdE: Pressure, Strain Gauge [psi]
# name 13 = tv290C: Temperature [ITS-90, deg C]
# name 14 = flag:  0.000e+00
# span 0 =     -0.645,      5.891       
# span 1 =     -0.274,      0.184       
# span 2 =     0.0196,     8.6723       
# span 3 =      0.265,     97.147       
# span 4 =      1.813,     81.051       
# span 5 =   1.612519,  65.628370       
# span 6 =    -0.1539,    46.8232       
# span 7 =      7.433,      8.264       
# span 8 =   232.8601,   386.5218       
# span 9 = 1.2363e-01, 2.4192e+02       
# span 10 =     0.6331,   424.3608      
# span 11 =     -0.633,      5.778      
# span 12 =     -0.919,      8.380      
# span 13 =    13.2151,    21.0550      
# span 14 = 0.0000e+00, 0.0000e+00      
# interval = seconds: 0.25
# start_time = Sep 17 2024 10:59:47 [Instrument's time stamp, header]
# bad_flag = -9.990e-29
*END*
[from data line 1446]
      1.444     -0.062     7.2418     81.003     42.995  39.537413     3.6907      7.976   255.1301 2.8287e+01     4.8547      1.410      2.045    20.9690 0.0000e+00
      1.444     -0.038     7.2430     80.969     43.004  39.547703     3.6750      7.978   255.1659 2.8169e+01     4.8038      1.416      2.054    20.9701 0.0000e+00
      1.448     -0.017     7.2365     80.989     43.001  39.546455     3.5976      7.979   255.2972 2.8049e+01     4.7319      1.421      2.063    20.9721 0.0000e+00
      1.449     -0.007     7.2306     81.038     42.974  39.522319     3.4711      7.981   255.4277 2.8021e+01     4.7377      1.422      2.063    20.9729 0.0000e+00
      1.446     -0.011     7.2230     81.115     42.959  39.509721     3.4021      7.982   255.3663 2.8021e+01     4.7713      1.417      2.057    20.9738 0.0000e+00
      1.444     -0.026     7.2177     81.211     42.972  39.521069     3.3954      7.983   255.1578 2.7994e+01     4.7289      1.415      2.052    20.9757 0.0000e+00
      1.442     -0.049     7.2224     81.276     42.987  39.532599     3.4071      7.985   254.8849 2.8052e+01     4.6686      1.415      2.053    20.9778 0.0000e+00
      1.435     -0.072     7.2251     81.288     42.977  39.522204     3.4358      7.989   254.7348 2.8432e+01     4.6576      1.412      2.050    20.9792 0.0000e+00
      1.415     -0.090     7.2316     81.275     42.978  39.522308     3.4590      7.991   254.8915 2.9259e+01     4.6980      1.394      2.023    20.9804 0.0000e+00
      1.379     -0.096     7.2431     81.273     42.991  39.533857     3.4545      7.991   255.2310 3.0395e+01     4.7128      1.356      1.968    20.9806 0.0000e+00
      1.333     -0.089     7.2497     81.283     42.990  39.534916     3.4306      7.991   255.4836 3.1510e+01     4.6655      1.304      1.892    20.9784 0.0000e+00
      1.297     -0.069     7.2498     81.259     42.986  39.535116     3.4121      7.991   255.5366 3.2242e+01     4.6390      1.262      1.830    20.9755 0.0000e+00
      1.282     -0.041     7.2480     81.222     42.984  39.536278     3.4136      7.991   255.4414 3.2540e+01     4.6657      1.250      1.812    20.9737 0.0000e+00
      1.287     -0.016     7.2467     81.246     42.994  39.548971     3.4317      7.993   255.1928 3.2531e+01     4.7143      1.258      1.825    20.9734 0.0000e+00
      1.302     -0.003     7.2503     81.290     43.004  39.561663     3.4314      7.995   254.7678 3.2349e+01     4.7142      1.276      1.851    20.9758 0.0000e+00
      1.317     -0.011     7.2477     81.306     43.000  39.562816     3.4016      7.998   254.3472 3.2234e+01     4.6650      1.295      1.878    20.9809 0.0000e+00
      1.322     -0.032     7.2377     81.349     42.997  39.562920     3.3799      8.002   254.1508 3.2347e+01     4.6313      1.303      1.889    20.9846 0.0000e+00
      1.311     -0.054     7.2432     81.459     42.995  39.562928     3.3768      8.006   254.1997 3.2807e+01     4.6489      1.294      1.876    20.9877 0.0000e+00
      1.280     -0.069     7.2493     81.639     42.993  39.562919     3.3972      8.009   254.3367 3.3685e+01     4.7074      1.261      1.829    20.9926 0.0000e+00
      1.239     -0.072     7.2458     81.861     42.990  39.562814     3.4267      8.011   254.4297 3.4509e+01     4.7230      1.209      1.754    20.9980 0.0000e+00
      1.208     -0.063     7.2485     82.085     42.985  39.561660     3.4344      8.013   254.4645 3.4730e+01     4.7013      1.175      1.705    21.0022 0.0000e+00
      1.198     -0.047     7.2578     82.298     42.969  39.548966     3.4316      8.015   254.4992 3.4535e+01     4.6846      1.171      1.697    21.0037 0.0000e+00
      1.202     -0.030     7.2745     82.483     42.955  39.536263     3.4185      8.016   254.4195 3.4341e+01     4.6577      1.178      1.708    21.0055 0.0000e+00
      1.208     -0.022     7.2961     82.632     42.956  39.534997     3.3749      8.017   254.1030 3.4287e+01     4.6831      1.187      1.721    21.0092 0.0000e+00
      1.209     -0.034     7.3148     82.747     42.958  39.533652     3.3046      8.020   253.6836 3.4545e+01     4.7182      1.188      1.721    21.0132 0.0000e+00
      1.204     -0.066     7.3342     82.814     42.947  39.520006     3.2515      8.025   253.3063 3.5162e+01     4.6716      1.182      1.714    21.0166 0.0000e+00
      1.191     -0.106     7.3509     82.821     42.924  39.496919     3.2477      8.028   253.2408 3.6130e+01     4.6323      1.174      1.703    21.0172 0.0000e+00
      1.162     -0.138     7.3641     82.794     42.935  39.508352     3.3082      8.029   253.4933 3.7878e+01     4.6524      1.148      1.665    21.0146 0.0000e+00
      1.110     -0.153     7.3758     82.763     42.957  39.531324     3.4011      8.030   253.6925 4.0482e+01     4.7105      1.095      1.588    21.0098 0.0000e+00
      1.042     -0.147     7.3831     82.728     42.944  39.520835     3.4394      8.030   253.7568 4.3212e+01     4.7198      1.020      1.480    21.0048 0.0000e+00
      0.981     -0.123     7.3835     82.716     42.931  39.508446     3.4295      8.030   253.7551 4.5210e+01     4.6623      0.949      1.376    21.0020 0.0000e+00
      0.950     -0.086     7.3787     82.741     42.933  39.508455     3.4487      8.032   253.6721 4.5983e+01     4.6986      0.921      1.336    21.0033 0.0000e+00
      0.948     -0.046     7.3769     82.750     42.948  39.520940     3.5050      8.036   253.5267 4.5771e+01     4.8510      0.925      1.343    21.0076 0.0000e+00
      0.961     -0.012     7.3717     82.707     42.962  39.532479     3.5430      8.040   253.3732 4.5357e+01     4.9683      0.942      1.366    21.0099 0.0000e+00
      0.975      0.007     7.3696     82.632     42.950  39.521054     3.5508      8.042   253.2791 4.5169e+01     4.9554      0.960      1.392    21.0089 0.0000e+00
      0.982      0.012     7.3749     82.552     42.939  39.509715     3.5496      8.043   253.2495 4.5062e+01     4.8320      0.967      1.402    21.0069 0.0000e+00
      0.981      0.008     7.3775     82.472     42.954  39.522303     3.5446      8.041   253.3591 4.4948e+01     4.7059      0.964      1.398    21.0050 0.0000e+00
      0.975      0.003     7.3728     82.401     42.981  39.546326     3.5488      8.038   253.4871 4.5000e+01     4.6948      0.956      1.387    21.0037 0.0000e+00
      0.971     -0.005     7.3646     82.340     42.981  39.546326     3.5583      8.037   253.2476 4.5062e+01     4.7660      0.950      1.378    21.0032 0.0000e+00
      0.972     -0.020     7.3586     82.265     42.956  39.522302     3.5265      8.037   252.7869 4.4690e+01     4.7809      0.950      1.379    21.0018 0.0000e+00
      0.977     -0.045     7.3507     82.183     42.943  39.509715     3.4646      8.040   252.5619 4.4413e+01     4.7037      0.959      1.390    21.0000 0.0000e+00
      0.980     -0.074     7.3443     82.124     42.957  39.521054     3.4423      8.043   252.6789 4.4985e+01     4.6871      0.967      1.403    20.9991 0.0000e+00
      0.964     -0.097     7.3405     82.104     42.969  39.532478     3.4487      8.045   252.9106 4.6598e+01     4.7844      0.960      1.391    20.9987 0.0000e+00
      0.916     -0.107     7.3334     82.129     42.954  39.520919     3.4417      8.047   253.1261 4.9619e+01     4.8213      0.907      1.315    20.9988 0.0000e+00
      0.853     -0.103     7.3246     82.193     42.937  39.508227     3.4488      8.049   253.2205 5.2487e+01     4.7576      0.826      1.197    20.9974 0.0000e+00
      0.810     -0.088     7.3197     82.268     42.931  39.505938     3.4942      8.050   253.0185 5.3215e+01     4.6976      0.781      1.132    20.9957 0.0000e+00
      0.800     -0.069     7.3176     82.337     42.916  39.493246     3.5407      8.052   252.6637 5.3042e+01     4.7106      0.779      1.130    20.9955 0.0000e+00
      0.809     -0.057     7.3194     82.392     42.903  39.481698     3.5611      8.057   252.2861 5.3015e+01     4.7781      0.793      1.149    20.9978 0.0000e+00
      0.820     -0.065     7.3258     82.438     42.916  39.493235     3.5493      8.062   251.9799 5.2822e+01     4.7967      0.808      1.172    21.0025 0.0000e+00
      0.819     -0.094     7.3324     82.477     42.931  39.505824     3.5149      8.067   251.9739 5.3685e+01     4.7304      0.814      1.181    21.0058 0.0000e+00
      0.791     -0.129     7.3387     82.503     42.935  39.506978     3.4862      8.068   252.2990 5.6499e+01     4.6595      0.788      1.142    21.0074 0.0000e+00
      0.734     -0.153     7.3430     82.520     42.938  39.507186     3.4858      8.065   252.6401 6.0610e+01     4.6913      0.725      1.051    21.0085 0.0000e+00
      0.662     -0.157     7.3470     82.538     42.939  39.508340     3.5174      8.062   252.7433 6.5170e+01     4.7727      0.645      0.936    21.0083 0.0000e+00
      0.599     -0.141     7.3513     82.563     42.951  39.520939     3.5612      8.062   252.6870 6.8782e+01     4.7907      0.575      0.834    21.0061 0.0000e+00
      0.565     -0.115     7.3539     82.593     42.961  39.532591     3.5824      8.063   252.3889 7.0042e+01     4.7727      0.544      0.790    21.0016 0.0000e+00
      0.557     -0.093     7.3554     82.621     42.947  39.522311     3.5654      8.066   251.8056 6.9459e+01     4.7250      0.542      0.788    20.9992 0.0000e+00
      0.562     -0.086     7.3569     82.658     42.947  39.523568     3.5141      8.071   251.3138 6.9167e+01     4.6920      0.552      0.801    21.0004 0.0000e+00
      0.562     -0.093     7.3585     82.711     42.975  39.547798     3.4446      8.073   251.3464 7.0083e+01     4.7498      0.560      0.812    21.0024 0.0000e+00
      0.539     -0.107     7.3614     82.752     42.990  39.561426     3.3992      8.073   251.7696 7.2975e+01     4.8084      0.542      0.785    21.0055 0.0000e+00
      0.489     -0.117     7.3630     82.772     42.990  39.561416     3.3807      8.071   251.9571 7.7896e+01     4.7862      0.485      0.703    21.0087 0.0000e+00
      0.428     -0.118     7.3652     82.793     42.973  39.547684     3.3800      8.070   251.5484 8.2706e+01     4.7550      0.410      0.596    21.0095 0.0000e+00
      0.385     -0.111     7.3721     82.826     42.943  39.522310     3.4074      8.072   250.7860 8.5634e+01     4.7721      0.365      0.529    21.0077 0.0000e+00
      0.371     -0.098     7.3762     82.844     42.926  39.508475     3.4369      8.075   250.1382 8.5749e+01     4.7538      0.359      0.520    21.0057 0.0000e+00
      0.371     -0.081     7.3769     82.848     42.923  39.507330     3.4456      8.077   249.8243 8.5644e+01     4.7057      0.366      0.531    21.0068 0.0000e+00
      0.366     -0.066     7.3774     82.866     42.923  39.508474     3.4378      8.079   250.0027 8.7960e+01     4.7027      0.366      0.532    21.0098 0.0000e+00
      0.343     -0.056     7.3817     82.892     42.937  39.522310     3.4003      8.079   250.4014 9.2190e+01     4.7172      0.342      0.495    21.0126 0.0000e+00
      0.310     -0.048     7.3833     82.927     42.962  39.547693     3.3513      8.077   250.6875 9.6628e+01     4.7441      0.299      0.434    21.0144 0.0000e+00
      0.287     -0.039     7.3811     82.984     42.974  39.561529     3.3360      8.074   250.7945 9.8578e+01     4.7885      0.275      0.398    21.0155 0.0000e+00
      0.283     -0.030     7.3840     83.057     42.972  39.562683     3.3311      8.071   250.3193 9.7747e+01     4.8109      0.273      0.396    21.0177 0.0000e+00
      0.292     -0.031     7.3856     83.106     42.970  39.561654     3.2846      8.071   249.4153 9.5681e+01     4.7751      0.285      0.415    21.0190 0.0000e+00
      0.302     -0.046     7.3881     83.126     42.956  39.549086     3.2136      8.073   248.7265 9.4393e+01     4.7315      0.299      0.434    21.0206 0.0000e+00
      0.304     -0.069     7.3921     83.149     42.944  39.537652     3.1888      8.078   248.3577 9.5751e+01     4.7277      0.306      0.444    21.0244 0.0000e+00
      0.283     -0.092     7.4006     83.189     42.958  39.550325     3.2097      8.084   248.9142 1.0184e+02     4.7623      0.292      0.422    21.0285 0.0000e+00
      0.232     -0.108     7.4043     83.202     42.985  39.575395     3.2418      8.090   258.4669 1.0980e+02     4.8084      0.229      0.332    21.0304 0.0000e+00
      0.174     -0.115     7.4053     83.210     42.997  39.586924     3.2691      8.094   267.4084 1.1234e+02     4.7729      0.160      0.232    21.0292 0.0000e+00
      0.138     -0.115     7.4060     83.278     42.969  39.562797     3.2654      8.098   258.5094 1.1220e+02     4.6753      0.126      0.183    21.0280 0.0000e+00
      0.126     -0.103     7.4124     83.334     42.941  39.537536     3.2628      8.102   248.6106 1.1361e+02     4.6528      0.121      0.174    21.0281 0.0000e+00
      0.121     -0.082     7.4143     83.354     42.939  39.535344     3.2964      8.104   247.6144 1.1757e+02     4.7066      0.128      0.185    21.0285 0.0000e+00
      0.101     -0.060     7.4069     83.357     42.940  39.536289     3.3307      8.104   247.6691 1.2661e+02     4.7451      0.106      0.154    21.0302 0.0000e+00
      0.071     -0.045     7.4209     83.309     42.952  39.548961     3.3361      8.102   249.0146 1.3469e+02     4.7421      0.062      0.091    21.0314 0.0000e+00
      0.051     -0.040     7.4248     83.239     42.964  39.561641     3.3282      8.098   250.2877 1.3725e+02     4.7050      0.042      0.060    21.0314 0.0000e+00
      0.052     -0.045     7.4242     83.157     42.966  39.562690     3.3182      8.097   249.2102 1.3390e+02     4.7064      0.047      0.067    21.0317 0.0000e+00
      0.062     -0.061     7.4286     83.037     42.966  39.561640     3.2991      8.098   247.7735 1.3120e+02     4.7586      0.064      0.093    21.0322 0.0000e+00
      0.064     -0.090     7.4209     82.952     42.955  39.548949     3.2793      8.103   247.3711 1.3574e+02     4.7554      0.073      0.105    21.0339 0.0000e+00
      0.042     -0.132     7.4137     82.987     42.942  39.536164     3.2627      8.111   247.0988 1.4684e+02     4.7019      0.051      0.075    21.0358 0.0000e+00
     -0.006     -0.178     7.4096     83.082     42.939  39.533982     3.2479      8.116   246.3738 1.6780e+02     4.6923      0.001      0.002    21.0359 0.0000e+00
     -0.074     -0.222     7.3964     83.167     42.925  39.522567     3.2666      8.121   245.8328 1.9467e+02     4.7421     -0.070     -0.101    21.0335 0.0000e+00
     -0.148     -0.255     7.3833     83.227     42.927  39.525076     3.3144      8.126   245.9776 2.2061e+02     4.7572     -0.148     -0.215    21.0300 0.0000e+00
     -0.218     -0.272     7.3917     83.267     42.970  39.564318     3.3257      8.130   246.1459 2.3762e+02     4.7041     -0.215     -0.312    21.0282 0.0000e+00
     -0.285     -0.274     7.4023     83.312     43.027  39.616272     3.3036      8.130   246.1470 2.4192e+02     4.6813     -0.275     -0.398    21.0294 0.0000e+00
     -0.359     -0.265     7.4083     83.290     43.058  39.645552     3.2970      8.128   246.5930 2.3962e+02     4.7198     -0.352     -0.511    21.0324 0.0000e+00
     -0.434     -0.248     7.4159     83.101     43.078  39.664504     3.3048      8.127   248.0115 2.3575e+02     4.7943     -0.430     -0.624    21.0327 0.0000e+00
     -0.499     -0.220     7.4155     82.747     43.137  39.718493     3.3145      8.128   249.2727 2.3499e+02     4.9332     -0.493     -0.714    21.0312 0.0000e+00
     -0.555     -0.183     7.4229     82.134     43.217  39.790636     3.2565      8.130   249.5391 2.3125e+02     5.9204     -0.546     -0.793    21.0314 0.0000e+00
     -0.604     -0.140     7.4271     81.154     43.272  39.838681     2.5362      8.133   249.3391 2.1552e+02    17.2095     -0.599     -0.868    21.0328 0.0000e+00
     -0.634     -0.098     7.4053     79.933     43.293  39.855162     1.2317      8.135   249.1776 1.9441e+02    38.0275     -0.631     -0.915    21.0334 0.0000e+00
