Data/DataNotYetUploadedToEDI/Raw_CTD/RawDownloads/091724_fcr40_S7809004.cnv
* Sea-Bird SBE19plus  Data File:
* FileName = C:\R\Reservoirs\Data\DataNotYetUploadedToEDI\Raw_CTD\RawDownloads\091724_fcr10_S7809_0004.hex
* Software version 2.8.0.119
* Temperature SN = 7809
* Conductivity SN = 7809
* System UpLoad Time = Sep 17 2024 15:41:14
* <ApplicationData>
* <Seaterm232>
# nquan = 15
# nvalues = 1565                        
# units = specified
# name 0 = depFM: Depth [fresh water, m]
# name 1 = dz/dtM: Descent Rate [m/s]
# name 2 = sbeox0Mg/L: Oxygen, SBE 43 [mg/l]
# name 3 = sbeox0PS: Oxygen, SBE 43 [% saturation]
# name 4 = specc: Specific Conductance [uS/cm]
# name 5 = c0uS/cm: Conductivity [uS/cm]
# name 6 = flECO-AFL: Fluorescence, WET Labs ECO-AFL/FL [mg/m^3]
# name 7 = ph: pH
# name 8 = orp: Oxidation Reduction Potential [mV]
# name 9 = par/sat/log: PAR/Logarithmic, Satlantic
# name 10 = turbWETntu0: Turbidity, WET Labs ECO [NTU]
# name 11 = prdM: Pressure, Strain Gauge [db]
# name 12 = prdE: Pressure, Strain Gauge [psi]
# name 13 = tv290C: Temperature [ITS-90, deg C]
# name 14 = flag:  0.000e+00
# span 0 =     -0.645,      5.891       
# span 1 =     -0.274,      0.184       
# span 2 =     0.0196,     8.6723       
# span 3 =      0.265,     97.147       
# span 4 =      1.813,     81.051       
# span 5 =   1.612519,  65.628370       
# span 6 =    -0.1539,    46.8232       
# span 7 =      7.433,      8.264       
# span 8 =   232.8601,   386.5218       
# span 9 = 1.2363e-01, 2.4192e+02       
# span 10 =     0.6331,   424.3608      
# span 11 =     -0.633,      5.778      
# span 12 =     -0.919,      8.380      
# span 13 =    13.2151,    21.0550      
# span 14 = 0.0000e+00, 0.0000e+00      
# interval = seconds: 0.25
# start_time = Sep 17 2024 10:59:47 [Instrument's time stamp, header]
# bad_flag = -9.990e-29
*END*
[from data line 675]
      2.617      0.039     7.0358     78.321     42.963  39.373989     4.1369      8.262   254.1704 7.9621e+00     5.0029      2.564      3.719    20.8229 0.0000e+00
      2.630      0.041     7.0276     78.321     42.955  39.365757     4.1924      8.263   254.2536 7.8859e+00     5.0308      2.580      3.741    20.8221 0.0000e+00
      2.643      0.041     7.0198     78.356     42.929  39.341701     4.1950      8.264   254.2262 7.8261e+00     4.9505      2.594      3.762    20.8213 0.0000e+00
      2.653      0.040     7.0107     78.369     42.925  39.336969     4.3100      8.264   254.1830 7.7624e+00     4.9205      2.601      3.773    20.8198 0.0000e+00
      2.662      0.039     7.0033     78.335     42.964  39.372004     4.5265      8.264   254.1619 7.7037e+00     4.9751      2.609      3.784    20.8177 0.0000e+00
      2.672      0.038     7.0051     78.278     42.978  39.384539     4.6481      8.264   254.2291 7.6698e+00     4.9953      2.621      3.801    20.8171 0.0000e+00
      2.681      0.041     7.0104     78.232     42.954  39.361603     4.6654      8.264   254.3075 7.6373e+00     4.9941      2.629      3.813    20.8166 0.0000e+00
      2.689      0.045     7.0125     78.206     42.943  39.348519     4.7851      8.264   254.3355 7.5816e+00     5.0627      2.638      3.825    20.8152 0.0000e+00
      2.699      0.048     7.0087     78.201     42.953  39.353260     5.0462      8.263   254.3087 7.4913e+00     5.2099      2.647      3.839    20.8145 0.0000e+00
      2.713      0.049     7.0022     78.215     42.959  39.355468     5.2174      8.262   254.2417 7.3639e+00     5.2718      2.657      3.854    20.8141 0.0000e+00
      2.732      0.047     6.9980     78.230     42.984  39.375205     5.2489      8.262   254.2137 7.2548e+00     5.1957      2.680      3.887    20.8134 0.0000e+00
      2.748      0.044     6.9965     78.220     43.014  39.401513     5.3439      8.263   254.2292 7.2060e+00     5.0756      2.700      3.915    20.8106 0.0000e+00
      2.757      0.040     6.9964     78.185     43.034  39.419713     5.5348      8.262   254.2563 7.1753e+00     4.9810      2.704      3.922    20.8048 0.0000e+00
      2.762      0.036     6.9990     78.132     43.019  39.404882     5.6512      8.262   254.2834 7.1314e+00     4.9738      2.708      3.928    20.8000 0.0000e+00
      2.768      0.034     7.0021     78.054     42.960  39.349106     5.6677      8.262   254.2985 7.1009e+00     5.0233      2.715      3.937    20.7977 0.0000e+00
      2.774      0.034     7.0008     77.947     42.930  39.316481     5.6174      8.262   254.2671 7.0738e+00     5.0666      2.721      3.945    20.7957 0.0000e+00
      2.784      0.036     6.9977     77.827     42.948  39.327716     5.5181      8.263   254.2484 7.0120e+00     5.0879      2.729      3.957    20.7944 0.0000e+00
      2.797      0.038     6.9930     77.718     42.986  39.358014     5.4660      8.263   254.3305 6.9504e+00     5.0744      2.744      3.980    20.7951 0.0000e+00
      2.809      0.039     6.9865     77.613     42.999  39.365494     5.4705      8.262   254.3994 6.9061e+00     5.1088      2.756      3.997    20.7937 0.0000e+00
      2.818      0.039     6.9777     77.519     42.991  39.354688     5.4648      8.262   254.3930 6.8476e+00     5.1625      2.763      4.007    20.7866 0.0000e+00
      2.828      0.039     6.9661     77.468     42.996  39.354273     5.2807      8.262   254.4254 6.7877e+00     5.0740      2.773      4.022    20.7796 0.0000e+00
      2.837      0.040     6.9583     77.441     43.012  39.360477     4.9420      8.262   254.5323 6.7413e+00     4.9275      2.783      4.036    20.7756 0.0000e+00
      2.845      0.042     6.9497     77.410     43.037  39.366228     4.7562      8.262   254.5670 6.6828e+00     4.8604      2.790      4.046    20.7701 0.0000e+00
      2.855      0.043     6.9392     77.348     43.046  39.360323     4.7324      8.263   254.5010 6.5990e+00     4.9117      2.798      4.058    20.7645 0.0000e+00
      2.869      0.042     6.9369     77.221     43.042  39.352523     4.6378      8.263   254.5085 6.5223e+00     5.0348      2.813      4.080    20.7621 0.0000e+00
      2.883      0.040     6.9362     77.013     43.023  39.335373     4.4445      8.263   254.6575 6.4686e+00     5.0848      2.827      4.102    20.7551 0.0000e+00
      2.894      0.037     6.9374     76.751     43.034  39.343346     4.3185      8.263   254.7542 6.4116e+00     5.1066      2.840      4.118    20.7292 0.0000e+00
      2.904      0.034     6.9365     76.494     43.084  39.385457     4.2962      8.263   254.7309 6.3684e+00     5.1621      2.850      4.133    20.7063 0.0000e+00
      2.909      0.030     6.9251     76.267     43.101  39.400300     4.2911      8.263   254.8069 6.3567e+00     5.2090      2.853      4.138    20.7090 0.0000e+00
      2.913      0.026     6.9057     76.107     43.099  39.395886     4.2822      8.263   254.8980 6.3330e+00     5.2305      2.855      4.141    20.7128 0.0000e+00
      2.919      0.023     6.8797     76.041     43.107  39.395547     4.2708      8.262   254.8857 6.2850e+00     5.1827      2.862      4.150    20.7060 0.0000e+00
      2.927      0.021     6.8578     75.999     43.118  39.396200     4.2533      8.261   254.9167 6.2465e+00     5.1767      2.871      4.164    20.7016 0.0000e+00
      2.934      0.020     6.8361     75.911     43.135  39.403760     4.2454      8.261   255.0149 6.2294e+00     5.2610      2.880      4.177    20.7026 0.0000e+00
      2.939      0.020     6.8192     75.767     43.160  39.423490     4.2588      8.261   255.1269 6.2195e+00     5.3136      2.883      4.181    20.7010 0.0000e+00
      2.941      0.020     6.8186     75.577     43.186  39.444366     4.2733      8.261   255.1526 6.2097e+00     5.3005      2.884      4.183    20.6913 0.0000e+00
      2.944      0.020     6.8195     75.359     43.218  39.465776     4.2714      8.260   255.0668 6.1905e+00     5.2396      2.886      4.186    20.6773 0.0000e+00
      2.949      0.021     6.8119     75.137     43.260  39.491964     4.2867      8.259   255.0362 6.1636e+00     5.1916      2.890      4.192    20.6684 0.0000e+00
      2.956      0.023     6.7995     74.869     43.291  39.507134     4.3327      8.259   255.0401 6.1350e+00     5.1996      2.899      4.204    20.6660 0.0000e+00
      2.964      0.025     6.7822     74.475     43.321  39.522259     4.3613      8.260   255.0280 6.0969e+00     5.2330      2.908      4.216    20.6646 0.0000e+00
      2.971      0.026     6.7621     73.942     43.361  39.547895     4.3753      8.261   255.1475 6.0643e+00     5.2533      2.914      4.226    20.6566 0.0000e+00
      2.977      0.025     6.7453     73.293     43.389  39.563242     4.3853      8.261   255.2810 6.0378e+00     5.2400      2.919      4.234    20.6404 0.0000e+00
      2.983      0.025     6.7280     72.547     43.416  39.580878     4.3981      8.260   255.2656 6.0058e+00     5.3115      2.925      4.244    20.6250 0.0000e+00
      2.990      0.025     6.6936     71.747     43.482  39.634201     4.4221      8.259   255.2191 5.9888e+00     5.4690      2.933      4.254    20.6108 0.0000e+00
      2.995      0.026     6.6462     70.922     43.565  39.700259     4.4336      8.259   255.2358 5.9808e+00     5.5052      2.937      4.261    20.5973 0.0000e+00
      3.000      0.029     6.5905     70.112     43.629  39.744948     4.4464      8.259   255.2953 5.9497e+00     5.4752      2.941      4.266    20.5852 0.0000e+00
      3.007      0.032     6.5211     69.374     43.699  39.793743     4.4601      8.258   255.4221 5.8924e+00     5.4487      2.947      4.275    20.5775 0.0000e+00
      3.017      0.035     6.4504     68.691     43.774  39.845982     4.4580      8.258   255.5639 5.8291e+00     5.4228      2.958      4.290    20.5723 0.0000e+00
      3.028      0.036     6.3764     67.967     43.814  39.868835     4.4621      8.257   255.6335 5.7800e+00     5.4700      2.971      4.308    20.5610 0.0000e+00
      3.039      0.036     6.3023     67.107     43.839  39.879654     4.4765      8.255   255.7470 5.7379e+00     5.5075      2.981      4.324    20.5447 0.0000e+00
      3.048      0.033     6.2391     66.120     43.888  39.913310     4.5156      8.254   255.9048 5.6973e+00     5.4995      2.989      4.336    20.5265 0.0000e+00
      3.057      0.028     6.1832     65.080     43.947  39.958439     4.5851      8.252   255.9924 5.6638e+00     5.5445      2.998      4.349    20.5083 0.0000e+00
      3.064      0.023     6.1243     64.022     43.981  39.981046     4.6269      8.250   256.0319 5.6438e+00     5.6757      3.007      4.361    20.4924 0.0000e+00
      3.069      0.019     6.0480     62.982     44.008  39.996258     4.6376      8.248   256.1243 5.6368e+00     5.7879      3.011      4.367    20.4790 0.0000e+00
      3.071      0.015     5.9560     61.989     44.038  40.015425     4.6649      8.246   256.2486 5.6298e+00     5.7747      3.012      4.368    20.4661 0.0000e+00
      3.073      0.014     5.8645     61.066     44.054  40.022396     4.6988      8.245   256.3304 5.6173e+00     5.6858      3.013      4.370    20.4564 0.0000e+00
      3.075      0.014     5.7680     60.265     44.054  40.017063     4.7063      8.244   256.5114 5.5992e+00     5.6012      3.015      4.373    20.4484 0.0000e+00
      3.079      0.017     5.6742     59.575     44.055  40.014400     4.7054      8.242   256.8020 5.5851e+00     5.6063      3.020      4.380    20.4375 0.0000e+00
      3.083      0.022     5.5870     58.960     44.101  40.053655     4.8130      8.240   257.0908 5.5625e+00     5.7817      3.023      4.385    20.4274 0.0000e+00
      3.088      0.026     5.5006     58.420     44.170  40.110905     5.0251      8.238   257.4233 5.5204e+00     5.9790      3.027      4.390    20.4188 0.0000e+00
      3.095      0.029     5.4307     57.989     44.205  40.135434     5.1475      8.236   257.8104 5.4661e+00     6.0108      3.034      4.401    20.4121 0.0000e+00
      3.105      0.033     5.3704     57.680     44.240  40.159836     5.1694      8.234   258.1569 5.4037e+00     5.9277      3.046      4.418    20.4088 0.0000e+00
      3.115      0.036     5.3148     57.445     44.310  40.215542     5.3227      8.231   258.3424 5.3581e+00     5.8957      3.057      4.433    20.4066 0.0000e+00
      3.123      0.037     5.2653     57.198     44.415  40.301252     5.6193      8.228   258.4197 5.3121e+00     5.9663      3.062      4.441    20.4022 0.0000e+00
      3.132      0.036     5.2264     56.893     44.578  40.434568     5.7767      8.226   258.6611 5.2401e+00     5.9953      3.071      4.454    20.3926 0.0000e+00
      3.143      0.033     5.2012     56.526     44.740  40.558140     5.7852      8.224   259.1102 5.1853e+00     5.9385      3.083      4.472    20.3833 0.0000e+00
      3.154      0.031     5.1845     56.054     44.805  40.589493     5.8134      8.222   259.4618 5.1593e+00     5.8951      3.094      4.488    20.3766 0.0000e+00
      3.162      0.031     5.1645     55.368     44.866  40.623226     6.1099      8.220   259.6429 5.1297e+00     5.9145      3.103      4.501    20.3656 0.0000e+00
      3.167      0.030     5.1377     54.381     44.982  40.712113     6.6565      8.218   259.7504 5.1032e+00     5.9682      3.107      4.506    20.3514 0.0000e+00
      3.171      0.030     5.1081     53.080     45.076  40.775680     6.9621      8.217   259.8150 5.0839e+00     5.9977      3.108      4.508    20.3260 0.0000e+00
      3.179      0.031     5.0741     51.543     45.149  40.820592     7.0585      8.215   259.9086 5.0474e+00     5.9983      3.117      4.520    20.2860 0.0000e+00
      3.189      0.033     5.0174     49.900     45.224  40.874314     7.7716      8.212   259.9352 4.9977e+00     6.0771      3.129      4.538    20.2644 0.0000e+00
      3.199      0.035     4.9291     48.225     45.287  40.917494     9.0678      8.210   259.9642 4.9585e+00     6.3017      3.137      4.550    20.2540 0.0000e+00
      3.208      0.035     4.8127     46.583     45.355  40.961857     9.7883      8.208   260.1736 4.9077e+00     6.4599      3.144      4.560    20.2241 0.0000e+00
      3.218      0.033     4.6694     45.080     45.453  41.029877     9.9075      8.207   260.4022 4.8399e+00     6.4184      3.155      4.576    20.1973 0.0000e+00
      3.228      0.030     4.5207     43.728     45.562  41.105232    10.5172      8.204   260.5773 4.7954e+00     6.3800      3.167      4.594    20.1866 0.0000e+00
      3.235      0.028     4.3690     42.458     45.661  41.174810    11.6584      8.200   260.7419 4.7711e+00     6.4742      3.173      4.603    20.1738 0.0000e+00
      3.240      0.025     4.2164     41.257     45.751  41.236438    12.3029      8.196   260.8442 4.7535e+00     6.6002      3.177      4.608    20.1529 0.0000e+00
      3.245      0.021     4.0817     40.112     45.822  41.279139    12.4176      8.194   260.9532 4.7378e+00     6.6744      3.182      4.614    20.1301 0.0000e+00
      3.250      0.020     3.9660     38.961     45.878  41.310282    12.8541      8.191   261.1138 4.7220e+00     6.6548      3.187      4.622    20.1033 0.0000e+00
      3.255      0.020     3.8512     37.755     45.947  41.359083    13.6196      8.189   261.2372 4.7145e+00     6.5672      3.193      4.631    20.0816 0.0000e+00
      3.259      0.022     3.7434     36.518     46.102  41.488371    14.0480      8.187   261.3262 4.7045e+00     6.5379      3.197      4.636    20.0631 0.0000e+00
      3.263      0.027     3.6446     35.358     46.325  41.667591    14.3310      8.183   261.3301 4.6871e+00     6.6083      3.200      4.641    20.0365 0.0000e+00
      3.268      0.032     3.5428     34.357     46.458  41.748867    17.0658      8.178   261.2845 4.6600e+00     6.8032      3.203      4.645    20.0149 0.0000e+00
      3.277      0.036     3.4348     33.500     46.523  41.772878    22.0530      8.173   261.3764 4.6062e+00     7.0161      3.212      4.659    19.9993 0.0000e+00
      3.291      0.038     3.3167     32.598     46.615  41.830919    24.7587      8.168   261.5810 4.5389e+00     7.0637      3.228      4.682    19.9940 0.0000e+00
      3.305      0.038     3.2104     31.435     46.699  41.879389    25.0109      8.163   261.7797 4.4868e+00     7.0376      3.242      4.701    19.9812 0.0000e+00
      3.317      0.034     3.1222     30.080     46.769  41.914599    25.1691      8.158   261.8856 4.4599e+00     7.0426      3.255      4.719    19.9232 0.0000e+00
      3.325      0.029     3.0521     28.693     46.821  41.939262    26.6462      8.153   261.8288 4.4553e+00     7.1581      3.263      4.733    19.8820 0.0000e+00
      3.329      0.027     2.9842     27.299     46.897  41.987153    29.3374      8.147   261.7821 4.4530e+00     7.3067      3.265      4.736    19.8700 0.0000e+00
      3.331      0.029     2.8733     25.928     47.220  42.239739    30.8332      8.142   261.8375 4.4501e+00     7.3016      3.266      4.737    19.8341 0.0000e+00
      3.334      0.037     2.7438     24.641     47.939  42.771750    31.3310      8.136   261.8096 4.4418e+00     7.3016      3.268      4.740    19.8018 0.0000e+00
      3.342      0.047     2.6213     23.495     48.674  43.214847    35.2896      8.131   261.7891 4.3966e+00     7.7168      3.275      4.750    19.7825 0.0000e+00
      3.357      0.054     2.4927     22.395     48.944  43.217313    42.5326      8.126   261.9337 4.3068e+00     8.4276      3.289      4.770    19.7583 0.0000e+00
      3.378      0.057     2.3667     20.891     48.873  42.991668    46.4857      8.121   262.0952 4.2067e+00     8.7561      3.313      4.804    19.7493 0.0000e+00
      3.401      0.056     2.2496     18.363     48.977  43.025306    46.8232      8.116   262.1926 4.1442e+00     8.7180      3.339      4.842    19.6632 0.0000e+00
      3.418      0.052     2.1572     14.771     49.377  43.370047    46.6715      8.111   262.4234 4.1221e+00     8.5126      3.356      4.867    19.3961 0.0000e+00
