Data/DataNotYetUploadedToEDI/Raw_CTD/RawDownloads/091724_fcr10_S7809001.cnv
* Sea-Bird SBE19plus  Data File:
* FileName = C:\R\Reservoirs\Data\DataNotYetUploadedToEDI\Raw_CTD\RawDownloads\091724_fcr10_S7809_0001.hex
* Software version 2.8.0.119
* Temperature SN = 7809
* Conductivity SN = 7809
* System UpLoad Time = Sep 17 2024 15:39:14
* <ApplicationData>
* <Seaterm232>
# nquan = 15
# nvalues = 956                         
# units = specified
# name 0 = depFM: Depth [fresh water, m]
# name 1 = dz/dtM: Descent Rate [m/s]
# name 2 = sbeox0Mg/L: Oxygen, SBE 43 [mg/l]
# name 3 = sbeox0PS: Oxygen, SBE 43 [% saturation]
# name 4 = specc: Specific Conductance [uS/cm]
# name 5 = c0uS/cm: Conductivity [uS/cm]
# name 6 = flECO-AFL: Fluorescence, WET Labs ECO-AFL/FL [mg/m^3]
# name 7 = ph: pH
# name 8 = orp: Oxidation Reduction Potential [mV]
# name 9 = par/sat/log: PAR/Logarithmic, Satlantic
# name 10 = turbWETntu0: Turbidity, WET Labs ECO [NTU]
# name 11 = prdM: Pressure, Strain Gauge [db]
# name 12 = prdE: Pressure, Strain Gauge [psi]
# name 13 = tv290C: Temperature [ITS-90, deg C]
# name 14 = flag:  0.000e+00
# span 0 =     -0.651,      2.497       
# span 1 =     -0.311,      0.159       
# span 2 =     3.9270,     8.3178       
# span 3 =     43.798,     92.940       
# span 4 =      3.122,    128.269       
# span 5 =   2.863352, 116.233956       
# span 6 =    -0.1457,    11.5935       
# span 7 =      5.849,      7.884       
# span 8 =   201.7273,   354.8940       
# span 9 = 1.2838e+01, 3.9440e+02       
# span 10 =     0.6679,   190.5770      
# span 11 =     -0.639,      2.449      
# span 12 =     -0.927,      3.552      
# span 13 =    19.4734,    20.8719      
# span 14 = 0.0000e+00, 0.0000e+00      
# interval = seconds: 0.25
# start_time = Sep 17 2024 10:25:00 [Instrument's time stamp, header]
# bad_flag = -9.990e-29
*END*
     -0.650 1.8960e-15     8.0988     88.154     34.887  31.034996    -0.1077      5.863   335.8973 2.6054e+02     2.5406     -0.638     -0.925    19.4734 0.0000e+00
     -0.650 2.0856e-14     8.1009     88.178     34.800  30.957204    -0.1075      5.861   339.1458 2.5591e+02     2.6156     -0.638     -0.925    19.4734 0.0000e+00
     -0.650 2.2941e-13     8.1012     88.199     34.708  30.875612    -0.1146      5.859   346.3030 2.4765e+02     2.5897     -0.637     -0.925    19.4738 0.0000e+00
     -0.651 2.5236e-12     8.0978     88.197     34.633  30.809691    -0.1183      5.857   354.8940 2.4316e+02     2.5355     -0.638     -0.925    19.4741 0.0000e+00
     -0.651 2.7759e-11     8.0978     88.186     34.688  30.857929    -0.1268      5.858   351.6445 2.5384e+02     2.4732     -0.638     -0.926    19.4742 0.0000e+00
     -0.651 3.0535e-10     8.1008     88.176     34.864  31.014813    -0.1267      5.863   323.5334 2.6439e+02     2.4852     -0.638     -0.926    19.4746 0.0000e+00
     -0.651 3.3589e-09     8.1043     88.184     34.912  31.057264    -0.1078      5.869   291.6206 2.5279e+02     2.5427     -0.638     -0.925    19.4750 0.0000e+00
     -0.651 3.6947e-08     8.1023     88.208     34.622  30.800283    -0.0985      5.872   278.7146 2.2620e+02     2.3153     -0.638     -0.925    19.4751 0.0000e+00
     -0.651 4.0642e-07     8.1018     88.208     34.080  30.318177    -0.1070      5.867   277.0163 2.0623e+02     1.8198     -0.639     -0.926    19.4753 0.0000e+00
     -0.651      0.000     8.1000     88.193     33.563  29.858805    -0.1181      5.860   285.4554 2.0097e+02     1.5038     -0.638     -0.926    19.4756 0.0000e+00
     -0.651      0.000     8.0996     88.182     33.226  29.559457    -0.1171      5.856   299.5299 1.9962e+02     1.4672     -0.638     -0.925    19.4758 0.0000e+00
     -0.651      0.001     8.1057     88.182     33.005  29.362892    -0.1110      5.853   309.1826 1.8816e+02     1.3770     -0.638     -0.926    19.4760 0.0000e+00
     -0.651      0.001     8.1035     88.195     32.888  29.258207    -0.1198      5.854   318.6221 1.6345e+02     1.0624     -0.638     -0.925    19.4761 0.0000e+00
     -0.650      0.000     8.1017     88.196     32.873  29.245158    -0.1399      5.859   318.5022 1.4198e+02     0.8064     -0.637     -0.925    19.4765 0.0000e+00
     -0.650 1.8474e-08     8.1010     88.176     32.899  29.268544    -0.1457      5.866   302.3980 1.3406e+02     0.7749     -0.638     -0.925    19.4768 0.0000e+00
     -0.650 2.0321e-07     8.0998     88.167     32.992  29.350682    -0.1311      5.868   293.2335 1.3483e+02     0.8183     -0.637     -0.924    19.4770 0.0000e+00
     -0.650 2.0322e-07     8.1027     88.176     33.133  29.477131    -0.1136      5.866   292.6151 1.3969e+02     0.8184     -0.638     -0.925    19.4771 0.0000e+00
     -0.650 1.8537e-08     8.1037     88.176     33.262  29.592252    -0.1093      5.866   287.4365 1.4261e+02     0.7756     -0.638     -0.925    19.4775 0.0000e+00
     -0.650 2.3826e-09     8.0994     88.175     33.343  29.664288    -0.1199      5.866   283.1886 1.4201e+02     0.7795     -0.638     -0.925    19.4778 0.0000e+00
     -0.650 7.8871e-09     8.0982     88.184     33.398  29.713805    -0.1175      5.865   282.4673 1.4161e+02     0.8318     -0.638     -0.925    19.4779 0.0000e+00
     -0.650 8.5093e-08     8.1013     88.194     33.507  29.810368    -0.1059      5.864   283.3619 1.4158e+02     0.8609     -0.638     -0.925    19.4781 0.0000e+00
     -0.650 1.5598e-07     8.0999     88.208     33.728  30.007221    -0.1120      5.864   287.3797 1.3972e+02     0.8581     -0.637     -0.925    19.4787 0.0000e+00
     -0.650 8.5080e-08     8.0992     88.220     34.076  30.317849    -0.1246      5.864   293.2751 1.3799e+02     0.8316     -0.637     -0.925    19.4790 0.0000e+00
     -0.651 7.7357e-09     8.1013     88.215     34.447  30.648257    -0.1251      5.864   295.8778 1.3869e+02     0.8144     -0.638     -0.925    19.4791 0.0000e+00
     -0.651 7.1570e-10     8.1011     88.209     34.724  30.893922    -0.1092      5.864   295.1879 1.3793e+02     0.8213     -0.638     -0.925    19.4794 0.0000e+00
     -0.650 2.0197e-10     8.1028     88.219     34.919  31.067977    -0.1081      5.863   294.1398 1.3148e+02     0.7779     -0.637     -0.925    19.4797 0.0000e+00
     -0.650 1.5244e-09     8.1047     88.226     35.173  31.293743    -0.1286      5.863   292.7561 1.2425e+02     0.7003     -0.637     -0.925    19.4802 0.0000e+00
     -0.650 1.6704e-08     8.1035     88.214     35.509  31.593694    -0.1317      5.863   291.8800 1.1999e+02     0.6679     -0.638     -0.925    19.4806 0.0000e+00
     -0.650 1.8374e-07     8.1015     88.205     35.857  31.903450    -0.1127      5.862   293.2680 1.1842e+02     0.7277     -0.638     -0.925    19.4809 0.0000e+00
     -0.650      0.000     8.1038     88.214     36.244  32.247743    -0.0905      5.861   295.6868 1.2300e+02     0.8429     -0.638     -0.925    19.4810 0.0000e+00
     -0.650      0.000     8.1054     88.240     36.837  32.774905    -0.0878      5.860   296.1740 1.3107e+02     0.8650     -0.638     -0.925    19.4813 0.0000e+00
     -0.650      0.000     8.1030     88.395     37.744  33.582738    -0.0886      5.849   277.6486 1.3927e+02     0.8245     -0.637     -0.925    19.4814 0.0000e+00
     -0.650      0.003     8.1009     88.794     38.878  34.592455     0.1500      5.853   242.3995 1.5002e+02     1.2410     -0.638     -0.925    19.4820 0.0000e+00
     -0.650      0.010     8.1035     89.222     40.278  35.847260     0.6251      5.923   226.1829 1.6347e+02     2.1432     -0.638     -0.925    19.4816 0.0000e+00
     -0.650      0.021     8.1033     89.412     44.422  39.618034     0.9028      6.049   230.3379 1.7602e+02     2.7156     -0.637     -0.925    19.4830 0.0000e+00
     -0.649      0.036     8.1063     89.400     66.864  60.004879     0.9859      6.188   235.4214 1.8531e+02     2.8326     -0.638     -0.926    19.4814 0.0000e+00
     -0.641      0.057     8.1545     89.306    107.624  97.130659     1.6300      6.330   253.3169 2.0049e+02     3.4898     -0.633     -0.918    19.4848 0.0000e+00
     -0.622      0.083     8.2076     89.082    128.269 116.233956     2.8228      6.465   282.7200 2.2434e+02     4.8199     -0.611     -0.886    19.4800 0.0000e+00
     -0.600      0.107     8.2172     88.708    116.385 105.824795     3.4728      6.572   279.9860 2.4362e+02     5.5591     -0.588     -0.852    19.4962 0.0000e+00
     -0.570      0.125     8.1754     88.479     98.572  89.849199     3.5463      6.640   247.6197 2.5547e+02     5.5954     -0.567     -0.824    19.7069 0.0000e+00
     -0.526      0.137     8.1106     88.739     87.213  79.617564     3.7027      6.664   229.5166 2.6484e+02     5.6340     -0.518     -0.751    20.0603 0.0000e+00
     -0.477      0.145     8.0527     89.412     81.072  74.093680     3.9740      6.660   236.1075 2.7329e+02     5.7183     -0.461     -0.669    20.3320 0.0000e+00
     -0.441      0.151     7.9792     89.865     79.569  72.783426     4.1212      6.669   242.2165 2.8122e+02     5.7609     -0.428     -0.622    20.4975 0.0000e+00
     -0.412      0.153     7.9308     89.772     78.711  72.040907     4.1262      6.699   226.9775 2.8637e+02     5.7390     -0.406     -0.590    20.5933 0.0000e+00
     -0.377      0.153     7.9438     89.692     75.141  68.801886     4.1256      6.727   212.2300 2.8649e+02     5.6932     -0.374     -0.543    20.6484 0.0000e+00
     -0.334      0.155     8.0245     90.017     72.239  66.160986     4.1476      6.746   209.4845 2.8112e+02     5.6509     -0.329     -0.477    20.6960 0.0000e+00
     -0.289      0.158     8.0819     90.492     71.618  65.594973     4.1757      6.759   208.1509 2.7099e+02     5.6372     -0.282     -0.408    20.7349 0.0000e+00
     -0.247      0.159     8.0334     90.895     69.798  63.928363     4.2002      6.769   207.2045 2.5253e+02     5.6982     -0.243     -0.353    20.7611 0.0000e+00
     -0.206      0.154     8.0077     91.243     67.433  61.768022     4.2013      6.781   206.5594 2.2495e+02     5.7061     -0.203     -0.295    20.7801 0.0000e+00
     -0.165      0.141     8.0548     91.627     66.601  61.013855     4.1727      6.796   206.1155 1.9719e+02     5.5611     -0.159     -0.230    20.7921 0.0000e+00
     -0.128      0.122     8.1022     92.081     65.855  60.337198     4.1455      6.810   205.8816 1.6345e+02     5.4138     -0.125     -0.180    20.7908 0.0000e+00
     -0.095      0.099     8.1374     92.530     64.029  58.668619     4.1300      6.819   205.8823 1.2428e+02     5.3946     -0.092     -0.133    20.7880 0.0000e+00
     -0.070      0.074     8.1637     92.839     62.175  56.974106     4.1272      6.824   205.9516 1.0078e+02     5.4661     -0.064     -0.092    20.7942 0.0000e+00
     -0.057      0.050     8.1952     92.940     61.299  56.173773     4.0952      6.833   206.4615 9.3821e+01     5.5262     -0.053     -0.075    20.8015 0.0000e+00
     -0.053      0.027     8.2382     92.905     61.432  56.296277     4.0255      6.843   206.3686 9.5325e+01     5.5066     -0.051     -0.074    20.8059 0.0000e+00
     -0.053      0.006     8.2829     92.811     61.645  56.486230     3.9838      6.852   204.6561 1.0072e+02     5.4341     -0.052     -0.076    20.8092 0.0000e+00
     -0.054     -0.010     8.3135     92.673     60.909  55.802745     3.9668      6.859   203.7392 1.0545e+02     5.4354     -0.053     -0.077    20.8127 0.0000e+00
     -0.056     -0.018     8.3178     92.482     60.408  55.336390     3.9528      6.865   204.2303 1.1259e+02     5.4877     -0.053     -0.077    20.8150 0.0000e+00
     -0.063     -0.019     8.3116     92.249     60.850  55.738190     3.9550      6.872   205.2596 1.2010e+02     5.4860     -0.059     -0.085    20.8162 0.0000e+00
     -0.077     -0.016     8.3042     92.014     60.469  55.389348     3.9687      6.883   216.6140 1.2331e+02     5.4826     -0.079     -0.113    20.8125 0.0000e+00
     -0.087     -0.010     8.2936     91.790     58.852  53.912733     3.9688      6.899   229.1479 1.2431e+02     5.4466     -0.092     -0.132    20.8020 0.0000e+00
     -0.085     -0.003     8.2783     91.642     57.711  52.872692     4.0059      6.916   231.1894 1.2488e+02     5.3582     -0.084     -0.123    20.7963 0.0000e+00
     -0.080      0.007     8.2543     91.647     57.263  52.467586     4.1097      6.932   229.9405 1.2547e+02     5.3699     -0.077     -0.112    20.7944 0.0000e+00
     -0.075      0.015     8.2351     91.799     56.957  52.189757     4.1832      6.946   218.0047 1.2346e+02     5.4514     -0.074     -0.108    20.7934 0.0000e+00
     -0.069      0.018     8.2124     91.976     56.946  52.180573     4.2042      6.957   206.1248 1.1868e+02     5.4906     -0.068     -0.099    20.7981 0.0000e+00
     -0.063      0.018     8.1924     91.525     57.067  52.293058     4.1969      6.966   204.4339 1.1247e+02     5.5016     -0.061     -0.089    20.8042 0.0000e+00
     -0.059      0.015     8.1976     89.630     57.117  52.343269     4.1616      6.975   203.7559 1.0347e+02     5.4828     -0.058     -0.085    20.8085 0.0000e+00
     -0.055      0.012     8.2047     86.191     57.180  52.406671     4.1356      6.985   203.2614 9.6686e+01     5.4339     -0.054     -0.079    20.8107 0.0000e+00
     -0.052      0.008     8.2448     81.714     57.264  52.488133     4.1405      6.996   203.0142 9.6616e+01     5.4226     -0.049     -0.072    20.8104 0.0000e+00
     -0.051      0.006     8.2420     76.765     57.138  52.375696     4.1541      7.006   202.9177 9.9976e+01     5.4824     -0.050     -0.072    20.8115 0.0000e+00
     -0.051      0.004     8.0701     71.921     56.587  51.872729     4.1501      7.015   202.7835 1.0271e+02     5.5427     -0.051     -0.073    20.8161 0.0000e+00
     -0.051      0.002     7.7405     67.766     55.748  51.105837     4.1331      7.024   202.6820 1.0316e+02     5.5366     -0.050     -0.072    20.8211 0.0000e+00
     -0.051      0.002     7.3223     64.651     55.122  50.532661     4.1160      7.033   202.6377 1.0077e+02     5.4761     -0.050     -0.072    20.8251 0.0000e+00
     -0.050      0.002     6.8644     62.723     55.120  50.530304     4.1095      7.042   202.5917 9.6391e+01     5.4262     -0.049     -0.071    20.8279 0.0000e+00
     -0.049      0.002     6.4060     61.858     56.343  51.648805     4.1378      7.052   202.6415 9.2157e+01     5.4454     -0.048     -0.070    20.8298 0.0000e+00
     -0.049      0.002     6.0283     61.712     58.313  53.451639     4.1910      7.062   202.6384 8.8568e+01     5.5035     -0.048     -0.069    20.8316 0.0000e+00
     -0.048      0.002     5.7421     62.016     58.470  53.594944     4.2118      7.073   202.5539 8.4250e+01     5.4809     -0.047     -0.068    20.8327 0.0000e+00
     -0.047      0.002     5.5734     62.579     56.505  51.793895     4.1893      7.083   202.4796 7.9358e+01     5.4106     -0.047     -0.068    20.8323 0.0000e+00
     -0.047      0.001     5.5121     63.184     54.785  50.218068     4.1442      7.092   202.3426 7.3611e+01     5.4057     -0.046     -0.067    20.8293 0.0000e+00
     -0.047      0.001     5.5054     63.629     53.893  49.400825     4.0995      7.101   202.1883 6.6010e+01     5.4561     -0.046     -0.067    20.8261 0.0000e+00
     -0.047      0.001     5.5384     63.813     53.273  48.833539     4.0896      7.110   201.9903 5.7598e+01     5.5073     -0.046     -0.067    20.8258 0.0000e+00
     -0.046      0.001     5.5948     63.741     52.910  48.501903     4.0909      7.119   201.8412 4.9241e+01     5.4783     -0.046     -0.066    20.8267 0.0000e+00
     -0.046      0.001     5.6575     63.488     52.772  48.375105     4.0734      7.128   201.8483 4.1476e+01     5.4118     -0.045     -0.066    20.8273 0.0000e+00
     -0.045      0.001     5.6990     63.121     52.777  48.379770     4.0538      7.137   201.9043 3.5537e+01     5.3858     -0.045     -0.065    20.8280 0.0000e+00
     -0.045      0.001     5.7160     62.745     52.902  48.494812     4.0529      7.146   201.8303 3.5195e+01     5.4035     -0.044     -0.064    20.8283 0.0000e+00
     -0.045      0.001     5.7054     62.504     53.042  48.623249     4.0712      7.155   201.7273 4.6281e+01     5.4551     -0.044     -0.064    20.8289 0.0000e+00
     -0.045      0.000     5.6819     62.470     53.155  48.726391     4.0843      7.163   201.7781 6.6495e+01     5.4633     -0.044     -0.064    20.8293 0.0000e+00
     -0.045      0.000     5.6461     62.624     53.292  48.853021     4.0868      7.171   201.8426 8.5908e+01     5.4003     -0.044     -0.064    20.8294 0.0000e+00
     -0.045      0.000     5.6062     62.904     53.395  48.947996     4.0839      7.176   201.9042 9.8383e+01     5.3422     -0.043     -0.063    20.8295 0.0000e+00
     -0.045      0.001     5.5826     63.235     53.366  48.922376     4.0751      7.181   202.0928 1.0365e+02     5.3754     -0.044     -0.064    20.8293 0.0000e+00
     -0.045      0.001     5.5807     63.538     53.298  48.860703     4.0800      7.185   202.3166 1.0467e+02     5.4607     -0.044     -0.064    20.8295 0.0000e+00
     -0.045      0.001     5.5970     63.761     53.480  49.027692     4.0844      7.189   202.3729 1.0479e+02     5.4849     -0.044     -0.064    20.8301 0.0000e+00
     -0.044      0.001     5.6233     63.843     53.766  49.290641     4.0774      7.194   202.4293 1.0512e+02     5.4636     -0.044     -0.063    20.8308 0.0000e+00
     -0.043      0.000     5.6567     63.759     53.648  49.182866     4.0789      7.198   202.5682 1.0518e+02     5.4419     -0.042     -0.061    20.8314 0.0000e+00
     -0.042      0.000     5.6838     63.564     53.235  48.803954     4.0859      7.201   202.6758 1.0464e+02     5.4278     -0.041     -0.059    20.8320 0.0000e+00
     -0.043      0.000     5.7068     63.310     53.062  48.645712     4.0964      7.204   202.7840 1.0419e+02     5.4647     -0.042     -0.061    20.8325 0.0000e+00
