Data/DataNotYetUploadedToEDI/Raw_CTD/RawDownloads/091724_fcr50_S7809005.cnv
* Sea-Bird SBE19plus  Data File:
* FileName = C:\R\Reservoirs\Data\DataNotYetUploadedToEDI\Raw_CTD\RawDownloads\091724_fcr10_S7809_0005.hex
* Software version 2.8.0.119
* Temperature SN = 7809
* Conductivity SN = 7809
* System UpLoad Time = Sep 17 2024 15:42:02
* <ApplicationData>
* <Seaterm232>
# nquan = 15
# nvalues = 1851                        
# units = specified
# name 0 = depFM: Depth [fresh water, m]
# name 1 = dz/dtM: Descent Rate [m/s]
# name 2 = sbeox0Mg/L: Oxygen, SBE 43 [mg/l]
# name 3 = sbeox0PS: Oxygen, SBE 43 [% saturation]
# name 4 = specc: Specific Conductance [uS/cm]
# name 5 = c0uS/cm: Conductivity [uS/cm]
# name 6 = flECO-AFL: Fluorescence, WET Labs ECO-AFL/FL [mg/m^3]
# name 7 = ph: pH
# name 8 = orp: Oxidation Reduction Potential [mV]
# name 9 = par/sat/log: PAR/Logarithmic, Satlantic
# name 10 = turbWETntu0: Turbidity, WET Labs ECO [NTU]
# name 11 = prdM: Pressure, Strain Gauge [db]
# name 12 = prdE: Pressure, Strain Gauge [psi]
# name 13 = tv290C: Temperature [ITS-90, deg C]
# name 14 = flag:  0.000e+00
# span 0 =     -0.646,      9.499       
# span 1 =     -0.264,      0.216       
# span 2 =    -0.2431,     8.4901       
# span 3 =     -2.034,     93.381       
# span 4 =      1.286,    498.094       
# span 5 =   1.135443, 382.386581       
# span 6 =    -0.1393,    63.4494       
# span 7 =      7.397,      8.350       
# span 8 =   120.6433,   459.1783       
# span 9 = 1.2360e-01, 4.5985e+02       
# span 10 =    -0.3575,   472.2949      
# span 11 =     -0.633,      9.315      
# span 12 =     -0.919,     13.511      
# span 13 =    13.2317,    21.0537      
# span 14 = 0.0000e+00, 0.0000e+00      
# interval = seconds: 0.25
# start_time = Sep 17 2024 11:14:24 [Instrument's time stamp, header]
# bad_flag = -9.990e-29
*END*
[from data line 1832]
     -0.637     -0.000     7.4644     82.244     26.746  24.571597    -0.0894      8.204   249.1364 6.0815e+01     1.0328     -0.625     -0.907    20.9328 0.0000e+00
     -0.638     -0.001     7.5165     81.131     21.501  19.751752    -0.1234      8.195   256.4163 6.2419e+01     0.9526     -0.626     -0.908    20.9331 0.0000e+00
     -0.638     -0.001     7.5085     80.055     19.060  17.507745    -0.1257      8.181   260.1015 6.6937e+01     1.0598     -0.625     -0.907    20.9334 0.0000e+00
     -0.638     -0.000     7.4403     79.161     15.227  13.984889    -0.0923      8.166   259.8809 7.5072e+01     1.3733     -0.626     -0.908    20.9333 0.0000e+00
     -0.638 -1.847e-08     7.3431     78.545     12.192  11.195816    -0.0615      8.152   258.9117 8.5022e+01     1.7708     -0.625     -0.907    20.9320 0.0000e+00
     -0.638 -2.032e-07     7.2416     78.190     10.503   9.643860    -0.0697      8.140   257.3308 9.2496e+01     1.9365     -0.626     -0.908    20.9286 0.0000e+00
     -0.638 -2.032e-07     7.1411     78.071      9.082   8.338258    -0.0740      8.131   254.2752 9.8581e+01     1.9765     -0.626     -0.909    20.9233 0.0000e+00
     -0.638 -1.847e-08     7.0577     78.134      7.632   7.005588    -0.0551      8.125   250.2730 1.0452e+02     2.2888     -0.626     -0.908    20.9176 0.0000e+00
     -0.638 -1.680e-09     7.0065     78.282      6.690   6.139653    -0.0504      8.120   248.0879 1.1311e+02     2.7408     -0.626     -0.909    20.9112 0.0000e+00
     -0.638 -1.527e-10     6.9760     78.527      6.377   5.851474    -0.0588      8.115   247.8167 1.2462e+02     2.8978     -0.626     -0.908    20.9043 0.0000e+00
     -0.639 -1.388e-11     6.9655     78.843      6.393   5.865433    -0.0563      8.112   248.1127 1.3311e+02     2.8892     -0.626     -0.909    20.8975 0.0000e+00
     -0.639 -1.262e-12     6.9807     79.173      6.255   5.738226    -0.0538      8.112   248.3971 1.3851e+02     2.9444     -0.626     -0.909    20.8906 0.0000e+00
     -0.638 -1.147e-13     6.9893     79.512      5.945   5.453812    -0.0617      8.113   248.6746 1.4285e+02     3.0874     -0.626     -0.908    20.8838 0.0000e+00
     -0.638 -1.052e-14     7.0146     79.825      5.615   5.150865    -0.0595      8.115   248.8867 1.4554e+02     3.3548     -0.626     -0.908    20.8776 0.0000e+00
     -0.638 -1.896e-15     7.0465     79.970      5.440   4.989577    -0.0524      8.116   248.8972 1.4925e+02     3.5125     -0.626     -0.908    20.8726 0.0000e+00
     -0.638 -9.990e-29     7.0750 -9.990e-29 -9.990e-29 -9.990e-29 -9.990e-29 -9.990e-29 -9.990e-29 1.5278e+02 -9.990e-29     -0.626     -0.909    20.8677 0.0000e+00
     -0.638 -9.990e-29     7.1073 -9.990e-29 -9.990e-29 -9.990e-29 -9.990e-29 -9.990e-29 -9.990e-29 1.5074e+02 -9.990e-29     -0.626     -0.908    20.8634 0.0000e+00
     -0.638 -9.990e-29     7.1390 -9.990e-29 -9.990e-29 -9.990e-29 -9.990e-29 -9.990e-29 -9.990e-29 1.4622e+02 -9.990e-29     -0.626     -0.908    20.8580 0.0000e+00
     -0.638 -9.990e-29     7.1632 -9.990e-29 -9.990e-29 -9.990e-29 -9.990e-29 -9.990e-29 -9.990e-29 1.4449e+02 -9.990e-29     -0.625     -0.907    20.8540 0.0000e+00
