Data/DataNotYetUploadedToEDI/Raw_CTD/RawDownloads/091724_fcr10_S7809001.cnv
* Sea-Bird SBE19plus  Data File:
* FileName = C:\R\Reservoirs\Data\DataNotYetUploadedToEDI\Raw_CTD\RawDownloads\091724_fcr10_S7809_0001.hex
* Software version 2.8.0.119
* Temperature SN = 7809
* Conductivity SN = 7809
* System UpLoad Time = Sep 17 2024 15:39:14
* <ApplicationData>
* <Seaterm232>
# nquan = 15
# nvalues = 956                         
# units = specified
# name 0 = depFM: Depth [fresh water, m]
# name 1 = dz/dtM: Descent Rate [m/s]
# name 2 = sbeox0Mg/L: Oxygen, SBE 43 [mg/l]
# name 3 = sbeox0PS: Oxygen, SBE 43 [% saturation]
# name 4 = specc: Specific Conductance [uS/cm]
# name 5 = c0uS/cm: Conductivity [uS/cm]
# name 6 = flECO-AFL: Fluorescence, WET Labs ECO-AFL/FL [mg/m^3]
# name 7 = ph: pH
# name 8 = orp: Oxidation Reduction Potential [mV]
# name 9 = par/sat/log: PAR/Logarithmic, Satlantic
# name 10 = turbWETntu0: Turbidity, WET Labs ECO [NTU]
# name 11 = prdM: Pressure, Strain Gauge [db]
# name 12 = prdE: Pressure, Strain Gauge [psi]
# name 13 = tv290C: Temperature [ITS-90, deg C]
# name 14 = flag:  0.000e+00
# span 0 =     -0.651,      2.497       
# span 1 =     -0.311,      0.159       
# span 2 =     3.9270,     8.3178       
# span 3 =     43.798,     92.940       
# span 4 =      3.122,    128.269       
# span 5 =   2.863352, 116.233956       
# span 6 =    -0.1457,    11.5935       
# span 7 =      5.849,      7.884       
# span 8 =   201.7273,   354.8940       
# span 9 = 1.2838e+01, 3.9440e+02       
# span 10 =     0.6679,   190.5770      
# span 11 =     -0.639,      2.449      
# span 12 =     -0.927,      3.552      
# span 13 =    19.4734,    20.8719      
# span 14 = 0.0000e+00, 0.0000e+00      
# interval = seconds: 0.25
# start_time = Sep 17 2024 10:25:00 [Instrument's time stamp, header]
# bad_flag = -9.990e-29
*END*
[from data line 386]
      0.938      0.016     6.6092     73.639     43.148  39.546461     4.3745      7.633   233.7959 4.5708e+01     5.5302      0.920      1.334    20.8239 0.0000e+00
      0.947      0.013     6.5915     73.536     43.124  39.523584     4.3663      7.628   233.9013 4.5594e+01     5.4862      0.930      1.349    20.8233 0.0000e+00
      0.951      0.009     6.5960     73.383     43.125  39.523585     4.3044      7.623   234.1174 4.5622e+01     5.4764      0.936      1.357    20.8232 0.0000e+00
      0.949      0.007     6.5961     73.169     43.150  39.546473     4.1924      7.618   234.4300 4.5799e+01     5.5141      0.932      1.352    20.8226 0.0000e+00
      0.943      0.007     6.5862     72.927     43.150  39.546473     4.1279      7.615   234.5837 4.5954e+01     5.4979      0.924      1.340    20.8216 0.0000e+00
      0.941      0.008     6.5801     72.698     43.125  39.523586     4.1244      7.613   234.5130 4.5896e+01     5.4524      0.919      1.334    20.8207 0.0000e+00
      0.947      0.009     6.5662     72.481     43.125  39.523595     4.1074      7.613   234.3499 4.5620e+01     5.4075      0.927      1.344    20.8200 0.0000e+00
      0.957      0.012     6.5462     72.248     43.150  39.546578     4.0811      7.613   234.3315 4.5340e+01     5.4333      0.940      1.363    20.8193 0.0000e+00
      0.964      0.014     6.5224     72.003     43.151  39.547619     4.0807      7.614   234.4625 4.5271e+01     5.5256      0.947      1.374    20.8192 0.0000e+00
      0.964      0.014     6.5022     71.780     43.140  39.536184     4.0862      7.615   234.5575 4.5389e+01     5.5666      0.945      1.371    20.8193 0.0000e+00
      0.963      0.011     6.4844     71.592     43.140  39.535238     4.0817      7.614   234.5342 4.5492e+01     5.5194      0.943      1.368    20.8195 0.0000e+00
      0.965      0.008     6.4633     71.382     43.141  39.536183     4.0760      7.614   234.5250 4.5445e+01     5.4325      0.944      1.370    20.8194 0.0000e+00
      0.969      0.007     6.4403     71.159     43.154  39.547608     4.0751      7.614   234.6181 4.5335e+01     5.4381      0.951      1.379    20.8191 0.0000e+00
      0.974      0.008     6.4182     70.964     43.153  39.546453     4.0790      7.614   234.7135 4.5373e+01     5.5191      0.957      1.388    20.8184 0.0000e+00
      0.974      0.008     6.4061     70.780     43.126  39.522223     4.0732      7.614   234.7322 4.5586e+01     5.5244      0.956      1.387    20.8173 0.0000e+00
      0.973      0.007     6.3867     70.623     43.110  39.508492     4.0457      7.614   234.6717 4.5757e+01     5.4675      0.953      1.382    20.8167 0.0000e+00
      0.974      0.005     6.3630     70.510     43.109  39.507357     4.0139      7.615   234.6706 4.5735e+01     5.4462      0.954      1.383    20.8163 0.0000e+00
      0.979      0.004     6.3491     70.427     43.110  39.508492     4.0054      7.617   234.8056 4.5675e+01     5.4727      0.961      1.394    20.8164 0.0000e+00
      0.981      0.004     6.3307     70.384     43.125  39.522213     4.0337      7.617   234.9271 4.5774e+01     5.5140      0.965      1.399    20.8172 0.0000e+00
      0.980      0.004     6.3152     70.373     43.151  39.546338     4.0727      7.619   234.9346 4.5893e+01     5.5348      0.961      1.393    20.8175 0.0000e+00
      0.979      0.003     6.3074     70.388     43.151  39.546339     4.0862      7.622   234.8959 4.5847e+01     5.4850      0.958      1.389    20.8175 0.0000e+00
      0.979      0.001     6.2980     70.448     43.124  39.522223     4.0807      7.624   234.8891 4.5740e+01     5.3902      0.961      1.393    20.8176 0.0000e+00
      0.981      0.001     6.2952     70.541     43.109  39.508605     4.0720      7.625   234.8527 4.5639e+01     5.3452      0.963      1.397    20.8179 0.0000e+00
      0.982      0.002     6.2951     70.636     43.109  39.508605     4.0895      7.626   234.8002 4.5579e+01     5.3850      0.963      1.397    20.8179 0.0000e+00
      0.982      0.003     6.2941     70.731     43.124  39.522224     4.1342      7.627   234.8577 4.5639e+01     5.4615      0.964      1.398    20.8181 0.0000e+00
      0.982      0.004     6.3009     70.841     43.150  39.546349     4.1553      7.629   234.9456 4.5736e+01     5.4850      0.962      1.396    20.8185 0.0000e+00
      0.982      0.006     6.3102     70.996     43.151  39.546453     4.1448      7.631   234.9156 4.5733e+01     5.4302      0.961      1.394    20.8190 0.0000e+00
      0.984      0.008     6.3186     71.185     43.126  39.523481     4.1646      7.633   234.8391 4.5677e+01     5.4133      0.965      1.399    20.8194 0.0000e+00
      0.987      0.008     6.3266     71.350     43.126  39.522440     4.2285      7.636   234.7947 4.5659e+01     5.4866      0.968      1.404    20.8193 0.0000e+00
      0.991      0.007     6.3353     71.459     43.138  39.533875     4.2688      7.639   234.7234 4.5682e+01     5.5304      0.972      1.410    20.8189 0.0000e+00
      0.994      0.005     6.3490     71.529     43.139  39.534812     4.2690      7.641   234.6654 4.5800e+01     5.4989      0.975      1.415    20.8182 0.0000e+00
      0.995      0.002     6.3689     71.559     43.138  39.533762     4.2141      7.643   234.6091 4.6042e+01     5.4470      0.977      1.417    20.8173 0.0000e+00
      0.995      0.000     6.3852     71.532     43.124  39.521183     4.1290      7.647   234.5595 4.6397e+01     5.4495      0.977      1.417    20.8173 0.0000e+00
      0.993      0.000     6.3930     71.446     43.112  39.509646     4.0966      7.649   234.5819 4.6817e+01     5.4942      0.974      1.413    20.8176 0.0000e+00
      0.991      0.002     6.3998     71.330     43.124  39.521195     4.0812      7.652   234.5358 4.7197e+01     5.4753      0.971      1.408    20.8174 0.0000e+00
      0.990      0.005     6.4032     71.253     43.138  39.533887     4.0508      7.654   234.4322 4.7501e+01     5.3921      0.970      1.407    20.8174 0.0000e+00
      0.992      0.009     6.4008     71.255     43.142  39.536185     4.0458      7.656   234.4481 4.7737e+01     5.3418      0.973      1.411    20.8176 0.0000e+00
      0.997      0.010     6.3926     71.295     43.157  39.548981     4.0703      7.659   234.4696 4.7892e+01     5.3791      0.977      1.417    20.8179 0.0000e+00
      1.002      0.010     6.3792     71.305     43.172  39.561682     4.0976      7.662   234.3486 4.7959e+01     5.4675      0.983      1.425    20.8181 0.0000e+00
      1.007      0.008     6.3705     71.268     43.173  39.562827     4.1345      7.664   234.2758 4.7982e+01     5.4883      0.989      1.433    20.8174 0.0000e+00
      1.010      0.006     6.3729     71.191     43.172  39.562828     4.1919      7.664   234.3634 4.8050e+01     5.4258      0.992      1.440    20.8159 0.0000e+00
      1.010      0.006     6.3797     71.094     43.171  39.561693     4.2256      7.665   234.4613 4.8192e+01     5.3951      0.991      1.438    20.8147 0.0000e+00
      1.005      0.007     6.3805     71.003     43.157  39.549107     4.2425      7.666   234.5130 4.8276e+01     5.4243      0.985      1.428    20.8143 0.0000e+00
      1.004      0.008     6.3770     70.938     43.144  39.537567     4.2715      7.668   234.5584 4.8137e+01     5.4377      0.982      1.424    20.8144 0.0000e+00
      1.009      0.010     6.3694     70.917     43.157  39.549097     4.4182      7.670   234.5798 4.7815e+01     5.4207      0.988      1.433    20.8149 0.0000e+00
      1.017      0.012     6.3595     70.899     43.171  39.561580     4.6840      7.672   234.5994 4.7528e+01     5.4242      0.998      1.448    20.8150 0.0000e+00
      1.023      0.014     6.3515     70.849     43.171  39.561579     4.8301      7.676   234.6233 4.7417e+01     5.4105      1.004      1.457    20.8149 0.0000e+00
      1.025      0.016     6.3439     70.808     43.157  39.549086     4.8449      7.677   234.6111 4.7458e+01     5.4259      1.006      1.459    20.8150 0.0000e+00
      1.025      0.017     6.3437     70.783     43.144  39.537453     4.7800      7.678   234.7100 4.7517e+01     5.5079      1.005      1.456    20.8152 0.0000e+00
      1.026      0.018     6.3451     70.750     43.156  39.547848     4.6279      7.680   234.8720 4.7426e+01     5.5151      1.004      1.457    20.8151 0.0000e+00
      1.032      0.021     6.3370     70.710     43.156  39.547848     4.5279      7.681   234.9352 4.7191e+01     5.4441      1.012      1.467    20.8150 0.0000e+00
      1.041      0.023     6.3332     70.648     43.145  39.537444     4.5126      7.682   234.9582 4.6937e+01     5.4008      1.022      1.482    20.8152 0.0000e+00
      1.050      0.024     6.3333     70.576     43.158  39.548973     4.4844      7.683   234.9784 4.6682e+01     5.4349      1.030      1.494    20.8154 0.0000e+00
      1.057      0.022     6.3284     70.516     43.170  39.560321     4.4284      7.685   235.0939 4.6436e+01     5.5151      1.037      1.504    20.8152 0.0000e+00
      1.062      0.019     6.3270     70.461     43.156  39.547734     4.3926      7.685   235.2356 4.6274e+01     5.4827      1.043      1.513    20.8144 0.0000e+00
      1.065      0.015     6.3208     70.417     43.130  39.523712     4.3762      7.684   235.3145 4.6164e+01     5.3849      1.045      1.515    20.8138 0.0000e+00
      1.067      0.013     6.3126     70.397     43.130  39.523721     4.3722      7.683   235.4457 4.6021e+01     5.3579      1.046      1.518    20.8140 0.0000e+00
      1.070      0.013     6.3089     70.417     43.157  39.547839     4.3853      7.683   235.6175 4.5891e+01     5.3948      1.049      1.522    20.8141 0.0000e+00
      1.073      0.013     6.3027     70.488     43.172  39.561467     4.4008      7.682   235.8428 4.5805e+01     5.4902      1.052      1.526    20.8141 0.0000e+00
      1.076      0.014     6.2991     70.590     43.172  39.561580     4.4018      7.682   236.0198 4.5710e+01     5.5199      1.055      1.531    20.8146 0.0000e+00
      1.081      0.015     6.2963     70.717     43.159  39.549200     4.4478      7.682   236.0362 4.5615e+01     5.4804      1.059      1.537    20.8147 0.0000e+00
      1.085      0.017     6.2973     70.866     43.149  39.538713     4.5582      7.682   236.0409 4.5589e+01     5.4578      1.065      1.545    20.8144 0.0000e+00
      1.088      0.017     6.3052     70.990     43.175  39.561697     4.6288      7.682   236.0771 4.5557e+01     5.4504      1.068      1.549    20.8142 0.0000e+00
      1.092      0.015     6.3145     71.038     43.189  39.573246     4.6439      7.682   236.1295 4.5405e+01     5.4933      1.069      1.551    20.8138 0.0000e+00
      1.099      0.011     6.3251     71.001     43.166  39.551426     4.6412      7.682   236.2440 4.5254e+01     5.4643      1.077      1.563    20.8128 0.0000e+00
      1.105      0.009     6.3407     70.884     43.166  39.551731     4.6710      7.682   236.3438 4.5299e+01     5.3730      1.087      1.576    20.8117 0.0000e+00
      1.105      0.007     6.3545     70.711     43.194  39.576925     4.7461      7.681   236.3889 4.5519e+01     5.3806      1.086      1.575    20.8105 0.0000e+00
      1.101      0.007     6.3580     70.514     43.222  39.602196     4.7998      7.681   236.5312 4.5736e+01     5.4534      1.079      1.566    20.8090 0.0000e+00
      1.099      0.008     6.3555     70.329     43.224  39.603435     4.8299      7.681   236.7741 4.5833e+01     5.5363      1.077      1.562    20.8082 0.0000e+00
      1.102      0.010     6.3438     70.188     43.213  39.591906     4.8851      7.682   236.9163 4.5813e+01     5.5286      1.081      1.566    20.8078 0.0000e+00
      1.109      0.013     6.3273     70.078     43.212  39.589724     4.9675      7.683   236.8733 4.5719e+01     5.4284      1.087      1.577    20.8074 0.0000e+00
      1.115      0.014     6.3091     69.978     43.199  39.577051     5.0276      7.684   236.7712 4.5627e+01     5.4180      1.094      1.587    20.8072 0.0000e+00
      1.120      0.012     6.2903     69.878     43.187  39.565599     5.0545      7.685   236.7145 4.5555e+01     5.5055      1.099      1.594    20.8068 0.0000e+00
      1.124      0.010     6.2794     69.759     43.200  39.578187     5.1005      7.688   236.7035 4.5433e+01     5.5300      1.104      1.600    20.8053 0.0000e+00
      1.125      0.009     6.2704     69.628     43.226  39.602323     5.1684      7.689   236.7243 4.5337e+01     5.4755      1.105      1.602    20.8034 0.0000e+00
      1.123      0.010     6.2614     69.519     43.229  39.603571     5.1920      7.689   236.7083 4.5361e+01     5.4268      1.101      1.597    20.8023 0.0000e+00
      1.122      0.011     6.2538     69.455     43.219  39.593280     5.1861      7.690   236.6820 4.5279e+01     5.4190      1.098      1.593    20.8022 0.0000e+00
      1.126      0.011     6.2427     69.424     43.232  39.604819     5.0974      7.692   236.7512 4.4950e+01     5.4496      1.101      1.597    20.8026 0.0000e+00
      1.134      0.010     6.2295     69.400     43.245  39.616168     4.9013      7.694   236.8565 4.4650e+01     5.4888      1.113      1.613    20.8030 0.0000e+00
      1.141      0.009     6.2190     69.373     43.232  39.603571     4.7708      7.695   236.9216 4.4561e+01     5.4840      1.122      1.627    20.8025 0.0000e+00
      1.144      0.006     6.2139     69.328     43.205  39.579436     4.7269      7.695   237.0228 4.4681e+01     5.4251      1.124      1.630    20.8006 0.0000e+00
      1.141      0.001     6.2127     69.257     43.204  39.578197     4.6446      7.695   237.1334 4.4961e+01     5.4259      1.118      1.622    20.7994 0.0000e+00
      1.136     -0.003     6.2101     69.169     43.215  39.588592     4.5168      7.696   237.1400 4.5205e+01     5.4942      1.112      1.613    20.7989 0.0000e+00
      1.135     -0.004     6.2089     69.074     43.204  39.578198     4.4474      7.696   237.1897 4.5370e+01     5.5335      1.113      1.614    20.7984 0.0000e+00
      1.135      0.000     6.2049     68.978     43.205  39.579447     4.4379      7.696   237.3898 4.5592e+01     5.5247      1.114      1.616    20.7988 0.0000e+00
      1.135      0.007     6.1982     68.906     43.232  39.603686     4.4357      7.695   237.5802 4.5882e+01     5.4905      1.114      1.616    20.7993 0.0000e+00
      1.134      0.013     6.1896     68.893     43.247  39.617428     4.5956      7.693   237.6855 4.6104e+01     5.4964      1.111      1.612    20.7993 0.0000e+00
      1.136      0.018     6.1815     68.919     43.249  39.618677     4.9142      7.692   237.7155 4.6017e+01     5.5267      1.111      1.612    20.7991 0.0000e+00
      1.146      0.022     6.1724     68.950     43.250  39.618790     5.0921      7.691   237.7716 4.5674e+01     5.5162      1.122      1.628    20.7992 0.0000e+00
      1.157      0.027     6.1634     68.977     43.250  39.618791     5.0976      7.692   237.9335 4.5435e+01     5.4715      1.138      1.650    20.7993 0.0000e+00
      1.165      0.030     6.1640     68.994     43.250  39.618689     5.0145      7.692   238.0388 4.5351e+01     5.4302      1.145      1.661    20.7987 0.0000e+00
      1.169      0.028     6.1675     68.986     43.249  39.617544     4.8868      7.692   238.0117 4.5115e+01     5.4617      1.146      1.662    20.7979 0.0000e+00
      1.174      0.021     6.1707     68.959     43.236  39.604957     4.8354      7.693   237.9494 4.4514e+01     5.5101      1.149      1.667    20.7971 0.0000e+00
      1.185      0.011     6.1726     68.895     43.224  39.593418     4.8421      7.694   237.8878 4.3762e+01     5.5031      1.162      1.686    20.7967 0.0000e+00
      1.194      0.004     6.1756     68.758     43.236  39.604956     4.8343      7.694   237.8695 4.3324e+01     5.4798      1.176      1.705    20.7965 0.0000e+00
