Data/DataNotYetUploadedToEDI/Raw_CTD/RawDownloads/091724_fcr20_S7809002.cnv
* Sea-Bird SBE19plus  Data File:
* FileName = C:\R\Reservoirs\Data\DataNotYetUploadedToEDI\Raw_CTD\RawDownloads\091724_fcr10_S7809_0002.hex
* Software version 2.8.0.119
* Temperature SN = 7809
* Conductivity SN = 7809
* System UpLoad Time = Sep 17 2024 15:39:45
* <ApplicationData>
* <Seaterm232>
# nquan = 15
# nvalues = 1126                        
# units = specified
# name 0 = depFM: Depth [fresh water, m]
# name 1 = dz/dtM: Descent Rate [m/s]
# name 2 = sbeox0Mg/L: Oxygen, SBE 43 [mg/l]
# name 3 = sbeox0PS: Oxygen, SBE 43 [% saturation]
# name 4 = specc: Specific Conductance [uS/cm]
# name 5 = c0uS/cm: Conductivity [uS/cm]
# name 6 = flECO-AFL: Fluorescence, WET Labs ECO-AFL/FL [mg/m^3]
# name 7 = ph: pH
# name 8 = orp: Oxidation Reduction Potential [mV]
# name 9 = par/sat/log: PAR/Logarithmic, Satlantic
# name 10 = turbWETntu0: Turbidity, WET Labs ECO [NTU]
# name 11 = prdM: Pressure, Strain Gauge [db]
# name 12 = prdE: Pressure, Strain Gauge [psi]
# name 13 = tv290C: Temperature [ITS-90, deg C]
# name 14 = flag:  0.000e+00
# span 0 =     -0.651,      2.884       
# span 1 =     -0.289,      0.163       
# span 2 =     2.6463,     8.6528       
# span 3 =     29.302,     96.588       
# span 4 =      1.318,     45.662       
# span 5 =   1.198311,  41.450049       
# span 6 =    -0.1429,   206.1956       
# span 7 =      7.536,      8.079       
# span 8 =   230.3812,   549.1000       
# span 9 = 8.5424e+00, 4.0880e+02       
# span 10 =     0.7112,   177.9202      
# span 11 =     -0.639,      2.828      
# span 12 =     -0.928,      4.101      
# span 13 =    20.2743,    20.8583      
# span 14 = 0.0000e+00, 0.0000e+00      
# interval = seconds: 0.25
# start_time = Sep 17 2024 10:32:47 [Instrument's time stamp, header]
# bad_flag = -9.990e-29
*END*
     -0.649 1.2671e-19     8.3493     92.761      1.539   1.399685    -0.0430      7.678   414.6880 4.0703e+02     6.4278     -0.637     -0.923    20.4623 0.0000e+00
     -0.650 4.5268e-19     8.3549     92.762      1.525   1.386450    -0.0475      7.677   415.2934 4.0858e+02     6.4060     -0.637     -0.924    20.4619 0.0000e+00
     -0.650 4.8939e-18     8.3581     92.757      1.510   1.373729    -0.0710      7.677   415.9151 4.0880e+02     6.3428     -0.637     -0.924    20.4612 0.0000e+00
     -0.650 5.3825e-17     8.3577     92.751      1.509   1.372557    -0.0693      7.677   416.6988 4.0451e+02     6.3471     -0.637     -0.924    20.4608 0.0000e+00
     -0.650 5.9207e-16     8.3563     92.752      1.509   1.372281    -0.0524      7.676   417.4557 3.9795e+02     6.3564     -0.637     -0.924    20.4604 0.0000e+00
     -0.650 6.5128e-15     8.3580     92.747      1.507   1.370388    -0.0495      7.676   417.9260 3.9284e+02     6.3184     -0.637     -0.924    20.4598 0.0000e+00
     -0.650 7.1641e-14     8.3571     92.742      1.484   1.349671    -0.0590      7.675   417.4809 3.8996e+02     6.3310     -0.637     -0.924    20.4594 0.0000e+00
     -0.650 7.8805e-13     8.3556     92.742      1.442   1.311812    -0.0592      7.675   415.4284 3.8902e+02     6.4060     -0.637     -0.924    20.4590 0.0000e+00
     -0.650 8.6686e-12     8.3574     92.728      1.422   1.292691    -0.0520      7.674   412.4684 3.9000e+02     6.4402     -0.637     -0.924    20.4584 0.0000e+00
     -0.650 9.5354e-11     8.3560     92.714      1.439   1.308509    -0.0554      7.673   410.8604 3.9135e+02     6.4029     -0.638     -0.925    20.4578 0.0000e+00
     -0.650 1.0489e-09     8.3553     92.730      1.444   1.313039    -0.0585      7.673   410.6986 3.9636e+02     6.3990     -0.637     -0.924    20.4575 0.0000e+00
     -0.650 1.1538e-08     8.3568     92.752      1.412   1.284117    -0.0476      7.673   411.0283 4.0500e+02     6.4615     -0.637     -0.924    20.4571 0.0000e+00
     -0.650 1.2692e-07     8.3550     92.748      1.403   1.275520    -0.0324      7.672   413.0398 4.0630e+02     6.4751     -0.637     -0.924    20.4566 0.0000e+00
     -0.650 2.3268e-07     8.3518     92.739      1.400   1.272440    -0.0408      7.671   416.2633 3.9920e+02     6.4267     -0.637     -0.924    20.4563 0.0000e+00
     -0.650 1.2692e-07     8.3549     92.750      1.372   1.246875    -0.0662      7.669   419.2013 3.9001e+02     6.3886     -0.638     -0.925    20.4558 0.0000e+00
     -0.650 1.1565e-08     8.3587     92.764      1.342   1.219790    -0.0647      7.665   423.8697 3.8115e+02     6.3909     -0.638     -0.925    20.4552 0.0000e+00
     -0.650 1.3543e-09     8.3573     92.778      1.318   1.198311    -0.0479      7.656   438.2925 3.7611e+02     6.3857     -0.638     -0.925    20.4548 0.0000e+00
     -0.650 3.4542e-09     8.3545     92.779      1.365   1.240540    -0.0544      7.640   472.1850 3.7881e+02     6.3605     -0.637     -0.924    20.4542 0.0000e+00
     -0.650 3.6956e-08     8.3578     92.742      1.555   1.413670    -0.0679      7.624   513.5949 3.8437e+02     6.2907     -0.637     -0.924    20.4538 0.0000e+00
     -0.651 4.0642e-07     8.3586     92.692      1.809   1.644731    -0.0615      7.614   539.7530 3.8138e+02     5.2012     -0.638     -0.926    20.4533 0.0000e+00
     -0.651      0.000     8.3596     92.642      1.999   1.817315    -0.0525      7.611   549.1000 3.6543e+02     3.1274     -0.638     -0.925    20.4527 0.0000e+00
     -0.651      0.000     8.3629     92.598      2.108   1.916806    -0.0584      7.608   547.6235 3.2758e+02     2.0190     -0.637     -0.924    20.4522 0.0000e+00
     -0.651      0.001     8.3563     92.577      2.157   1.960874    -0.0580      7.606   539.5391 2.6133e+02     1.9791     -0.638     -0.925    20.4517 0.0000e+00
     -0.650      0.001     8.3526     92.581      2.237   2.033424    -0.0477      7.603   529.9063 1.9575e+02     1.9626     -0.637     -0.924    20.4514 0.0000e+00
     -0.650      0.000     8.3478     92.587      2.377   2.160569    -0.0673      7.598   522.2698 1.6778e+02     1.7164     -0.637     -0.924    20.4510 0.0000e+00
     -0.650 1.8474e-08     8.3432     92.579      2.455   2.231298    -0.1034      7.593   519.1353 1.7695e+02     1.3258     -0.636     -0.923    20.4506 0.0000e+00
     -0.650 2.0321e-07     8.3415     92.591      2.481   2.255163    -0.1013      7.588   513.9473 2.0110e+02     1.1330     -0.637     -0.924    20.4497 0.0000e+00
     -0.650 2.0321e-07     8.3425     92.615      2.485   2.259085    -0.0843      7.584   502.0463 2.2329e+02     1.1279     -0.637     -0.924    20.4486 0.0000e+00
     -0.650 1.8474e-08     8.3451     92.613      2.437   2.215371    -0.0798      7.582   491.4802 2.3372e+02     1.1613     -0.638     -0.925    20.4477 0.0000e+00
     -0.650 1.6794e-09     8.3415     92.606      2.387   2.170032    -0.0714      7.582   484.7073 2.3148e+02     1.2291     -0.637     -0.924    20.4467 0.0000e+00
     -0.650 1.5268e-10     8.3433     92.615      2.370   2.154301    -0.0589      7.579   483.8251 2.2531e+02     1.2990     -0.637     -0.924    20.4460 0.0000e+00
     -0.650 1.3880e-11     8.3485     92.616      2.368   2.151854    -0.0451      7.572   492.7739 2.2388e+02     1.2892     -0.637     -0.924    20.4447 0.0000e+00
     -0.650 1.2706e-12     8.3464     92.611      2.355   2.140453    -0.0464      7.567   500.9308 2.2718e+02     1.1450     -0.637     -0.924    20.4434 0.0000e+00
     -0.650 2.1126e-13     8.3450     92.617      2.358   2.143143    -0.0575      7.565   501.4002 2.2860e+02     1.0244     -0.638     -0.925    20.4425 0.0000e+00
     -0.650 1.0725e-12     8.3479     92.625      2.404   2.184378    -0.0544      7.565   498.7929 2.2410e+02     1.0267     -0.638     -0.925    20.4415 0.0000e+00
     -0.650 1.1684e-11     8.3475     92.616      2.486   2.258955    -0.0500      7.566   496.5947 2.1707e+02     1.0022     -0.637     -0.924    20.4409 0.0000e+00
     -0.650 1.2851e-10     8.3462     92.595      2.583   2.348062    -0.0627      7.567   494.7832 2.1437e+02     0.9327     -0.638     -0.925    20.4399 0.0000e+00
     -0.650 1.4136e-09     8.3477     92.573      2.613   2.374944    -0.0837      7.568   492.0335 2.1864e+02     0.9037     -0.638     -0.925    20.4382 0.0000e+00
     -0.650 1.5550e-08     8.3496     92.552      2.564   2.330606    -0.1037      7.568   488.6438 2.2754e+02     0.8565     -0.638     -0.925    20.4360 0.0000e+00
     -0.650 1.7105e-07     8.3489     92.541      2.551   2.318727    -0.1292      7.568   484.7726 2.3747e+02     0.7720     -0.637     -0.924    20.4339 0.0000e+00
     -0.650 3.1359e-07     8.3465     92.540      2.595   2.357999    -0.1429      7.569   479.9004 2.4776e+02     0.7350     -0.637     -0.924    20.4330 0.0000e+00
     -0.650 1.7105e-07     8.3451     92.537      2.600   2.362035    -0.1193      7.570   475.4221 2.5947e+02     0.7515     -0.637     -0.924    20.4324 0.0000e+00
     -0.650 1.5551e-08     8.3425     92.536      2.536   2.304185    -0.0770      7.570   472.8711 2.6980e+02     0.7666     -0.638     -0.925    20.4320 0.0000e+00
     -0.650 1.4304e-09     8.3415     92.546      2.453   2.228635    -0.0558      7.571   470.9964 2.7686e+02     0.7463     -0.638     -0.925    20.4314 0.0000e+00
     -0.650 3.1326e-10     8.3426     92.569      2.431   2.208704    -0.0544      7.571   469.2751 2.8256e+02     0.7112     -0.637     -0.924    20.4306 0.0000e+00
     -0.650 2.0439e-09     8.3419     92.586      2.550   2.316569     0.0057      7.570   467.8036 2.8694e+02     0.8556     -0.638     -0.925    20.4302 0.0000e+00
     -0.650 2.2356e-08     8.3415     92.598      2.703   2.455963     0.1224      7.570   465.9388 2.8892e+02     1.1592     -0.638     -0.925    20.4296 0.0000e+00
     -0.650 2.4590e-07     8.3422     92.606      2.753   2.500532     0.1829      7.571   463.2474 2.9007e+02     1.2739     -0.638     -0.925    20.4287 0.0000e+00
     -0.650      0.000     8.3456     92.582      2.795   2.538725     0.2461      7.572   458.7509 2.9121e+02     1.3203     -0.638     -0.925    20.4275 0.0000e+00
     -0.650      0.000     8.3478     92.625      3.212   2.917759     0.9198      7.572   452.0961 2.9255e+02     2.2658     -0.638     -0.925    20.4266 0.0000e+00
     -0.651      0.000     8.3466     92.800      6.332   5.753132     2.1288      7.572   443.1836 2.9416e+02     3.9274     -0.638     -0.926    20.4257 0.0000e+00
     -0.651      0.004     8.3519     92.948     13.947  12.680720     2.7694      7.571   427.4796 2.9753e+02     4.7744     -0.638     -0.925    20.4252 0.0000e+00
     -0.651      0.015     8.3455     93.000     24.836  22.611523     2.8392      7.551   371.4051 3.0461e+02     4.8563     -0.638     -0.925    20.4242 0.0000e+00
     -0.651      0.036     8.3423     93.028     35.856  32.696625     3.0400      7.536   286.2455 3.1323e+02     4.9848     -0.638     -0.926    20.4238 0.0000e+00
     -0.648      0.062     8.3702     93.030     42.337  38.660514     3.3982      7.578   242.8137 3.1981e+02     5.2016     -0.637     -0.924    20.4217 0.0000e+00
     -0.637      0.087     8.3852     93.006     43.863  40.100008     3.5993      7.646   235.6032 3.2501e+02     5.2910     -0.634     -0.919    20.4215 0.0000e+00
     -0.606      0.107     8.3738     92.983     43.868  40.138926     3.6246      7.686   230.3812 3.3341e+02     5.2121     -0.603     -0.873    20.4771 0.0000e+00
     -0.556      0.123     8.3629     93.101     43.781  40.083079     3.7287      7.703   237.9241 3.4169e+02     5.1361     -0.541     -0.785    20.5802 0.0000e+00
     -0.512      0.133     8.3485     93.481     43.666  39.995973     3.9345      7.708   257.2839 3.4605e+02     5.1571     -0.495     -0.718    20.6573 0.0000e+00
     -0.482      0.135     8.3378     93.837     43.557  39.910769     4.0570      7.705   268.1173 3.4934e+02     5.2608     -0.471     -0.684    20.7108 0.0000e+00
     -0.456      0.129     8.3271     93.866     43.510  39.877924     4.0693      7.696   265.0601 3.5273e+02     5.2627     -0.449     -0.652    20.7491 0.0000e+00
     -0.426      0.122     8.3209     93.740     43.544  39.916175     4.0664      7.672   253.6167 3.5712e+02     5.1803     -0.420     -0.609    20.7731 0.0000e+00
     -0.391      0.122     8.3664     93.757     43.623  39.992485     4.1314      7.641   241.6081 3.6277e+02     5.1872     -0.381     -0.554    20.7946 0.0000e+00
     -0.359      0.130     8.4120     93.969     43.675  40.039033     4.2553      7.622   236.7922 3.6752e+02     5.2432     -0.349     -0.506    20.8115 0.0000e+00
     -0.332      0.143     8.4006     94.239     43.679  40.034741     4.3160      7.615   235.8267 3.6687e+02     5.2766     -0.329     -0.477    20.8224 0.0000e+00
     -0.301      0.156     8.3764     94.491     43.663  40.004041     4.3076      7.611   235.0101 3.5681e+02     5.2497     -0.300     -0.435    20.8299 0.0000e+00
     -0.260      0.163     8.3767     94.858     43.660  39.985129     4.2783      7.607   234.5759 3.4038e+02     5.1910     -0.257     -0.373    20.8350 0.0000e+00
     -0.210      0.162     8.4011     95.402     43.686  39.996439     4.2530      7.604   234.4483 3.2051e+02     5.2155     -0.209     -0.303    20.8363 0.0000e+00
     -0.152      0.148     8.4324     95.961     43.714  40.013852     4.2511      7.600   234.5000 2.8311e+02     5.2726     -0.147     -0.214    20.8272 0.0000e+00
     -0.102      0.122     8.4502     96.368     43.709  40.005264     4.2554      7.596   234.5132 2.3100e+02     5.2672     -0.091     -0.132    20.8050 0.0000e+00
     -0.072      0.089     8.4824     96.563     43.654  39.956065     4.2220      7.594   234.4350 1.9568e+02     5.2192     -0.063     -0.092    20.7843 0.0000e+00
     -0.063      0.054     8.5430     96.588     43.545  39.863228     4.1551      7.596   234.4155 1.8686e+02     5.1702     -0.059     -0.085    20.7697 0.0000e+00
     -0.067      0.024     8.5984     96.515     43.435  39.771272     4.1288      7.598   234.4499 1.9641e+02     5.1865     -0.066     -0.095    20.7612 0.0000e+00
     -0.073      0.005     8.6388     96.395     43.383  39.732713     4.1462      7.600   234.3340 2.0775e+02     5.2457     -0.073     -0.106    20.7575 0.0000e+00
     -0.076     -0.002     8.6528     95.994     43.353  39.714339     4.1571      7.602   234.1332 2.1168e+02     5.2704     -0.076     -0.110    20.7580 0.0000e+00
     -0.076     -0.001     8.6524     94.593     43.303  39.676059     4.1431      7.607   234.0012 2.1455e+02     5.2461     -0.074     -0.108    20.7664 0.0000e+00
     -0.074      0.004     8.6406     91.673     43.269  39.650644     4.1112      7.612   233.9415 2.1495e+02     5.2257     -0.072     -0.105    20.7779 0.0000e+00
     -0.072      0.007     8.6296     87.529     43.275  39.660910     4.1040      7.617   233.9282 2.1192e+02     5.2633     -0.071     -0.103    20.7889 0.0000e+00
     -0.069      0.007     8.6226     82.803     43.285  39.673269     4.1476      7.623   233.8400 2.0692e+02     5.2900     -0.069     -0.100    20.7990 0.0000e+00
     -0.066      0.006     8.5201     78.036     43.281  39.673154     4.1967      7.629   233.5635 2.0208e+02     5.2757     -0.065     -0.095    20.8075 0.0000e+00
     -0.063      0.003     8.2407     73.710     43.263  39.659524     4.2067      7.635   233.2521 1.9926e+02     5.2271     -0.062     -0.089    20.8140 0.0000e+00
     -0.062      0.000     7.8445     70.116     43.235  39.635408     4.1946      7.640   233.0871 2.0019e+02     5.1810     -0.060     -0.086    20.8192 0.0000e+00
     -0.064     -0.002     7.4095     67.471     43.235  39.635408     4.1826      7.644   233.1172 2.0249e+02     5.1961     -0.062     -0.091    20.8237 0.0000e+00
     -0.068     -0.004     6.9622     65.911     43.260  39.659525     4.1539      7.649   233.2721 2.0111e+02     5.2045     -0.066     -0.096    20.8275 0.0000e+00
     -0.070     -0.004     6.5694     65.215     43.275  39.673151     4.1147      7.654   233.3246 1.9971e+02     5.2149     -0.069     -0.099    20.8304 0.0000e+00
     -0.070     -0.004     6.2422     64.974     43.275  39.673245     4.0910      7.658   233.3218 2.0143e+02     5.2184     -0.069     -0.100    20.8318 0.0000e+00
     -0.070     -0.003     5.9956     64.982     43.261  39.660656     4.0748      7.662   233.3240 2.0393e+02     5.1794     -0.068     -0.098    20.8325 0.0000e+00
     -0.070     -0.001     5.8660     65.193     43.246  39.647869     4.0607      7.666   233.1797 2.0742e+02     5.1865     -0.068     -0.098    20.8336 0.0000e+00
     -0.071      0.002     5.8204     65.508     43.243  39.645562     4.0537      7.670   233.0397 2.0879e+02     5.2015     -0.070     -0.100    20.8338 0.0000e+00
     -0.072      0.005     5.8045     65.783     43.229  39.632765     4.0478      7.675   233.0069 2.0554e+02     5.1903     -0.072     -0.104    20.8334 0.0000e+00
     -0.071      0.007     5.8029     65.907     43.214  39.620064     4.0319      7.681   232.8693 1.9917e+02     5.1885     -0.071     -0.103    20.8338 0.0000e+00
     -0.067      0.008     5.8271     65.878     43.212  39.618919     4.0189      7.686   232.7530 1.9339e+02     5.2137     -0.066     -0.095    20.8348 0.0000e+00
     -0.062      0.010     5.8589     65.805     43.212  39.618919     4.0244      7.690   232.8053 1.8972e+02     5.2895     -0.061     -0.088    20.8354 0.0000e+00
     -0.059      0.011     5.8883     65.791     43.213  39.620063     4.0393      7.694   232.9003 1.8572e+02     5.2854     -0.057     -0.082    20.8357 0.0000e+00
     -0.058      0.011     5.8994     65.854     43.227  39.632755     4.0489      7.697   233.1273 1.8405e+02     5.2329     -0.056     -0.082    20.8361 0.0000e+00
     -0.056      0.011     5.8919     65.947     43.240  39.645448     4.0664      7.699   234.1729 1.8301e+02     5.2344     -0.057     -0.081    20.8369 0.0000e+00
