Data/DataNotYetUploadedToEDI/Raw_CTD/RawDownloads/091724_fcr40_S7809004.cnv
* Sea-Bird SBE19plus  Data File:
* FileName = C:\R\Reservoirs\Data\DataNotYetUploadedToEDI\Raw_CTD\RawDownloads\091724_fcr10_S7809_0004.hex
* Software version 2.8.0.119
* Temperature SN = 7809
* Conductivity SN = 7809
* System UpLoad Time = Sep 17 2024 15:41:14
* <ApplicationData>
* <Seaterm232>
# nquan = 15
# nvalues = 1565                        
# units = specified
# name 0 = depFM: Depth [fresh water, m]
# name 1 = dz/dtM: Descent Rate [m/s]
# name 2 = sbeox0Mg/L: Oxygen, SBE 43 [mg/l]
# name 3 = sbeox0PS: Oxygen, SBE 43 [% saturation]
# name 4 = specc: Specific Conductance [uS/cm]
# name 5 = c0uS/cm: Conductivity [uS/cm]
# name 6 = flECO-AFL: Fluorescence, WET Labs ECO-AFL/FL [mg/m^3]
# name 7 = ph: pH
# name 8 = orp: Oxidation Reduction Potential [mV]
# name 9 = par/sat/log: PAR/Logarithmic, Satlantic
# name 10 = turbWETntu0: Turbidity, WET Labs ECO [NTU]
# name 11 = prdM: Pressure, Strain Gauge [db]
# name 12 = prdE: Pressure, Strain Gauge [psi]
# name 13 = tv290C: Temperature [ITS-90, deg C]
# name 14 = flag:  0.000e+00
# span 0 =     -0.645,      5.891       
# span 1 =     -0.274,      0.184       
# span 2 =     0.0196,     8.6723       
# span 3 =      0.265,     97.147       
# span 4 =      1.813,     81.051       
# span 5 =   1.612519,  65.628370       
# span 6 =    -0.1539,    46.8232       
# span 7 =      7.433,      8.264       
# span 8 =   232.8601,   386.5218       
# span 9 = 1.2363e-01, 2.4192e+02       
# span 10 =     0.6331,   424.3608      
# span 11 =     -0.633,      5.778      
# span 12 =     -0.919,      8.380      
# span 13 =    13.2151,    21.0550      
# span 14 = 0.0000e+00, 0.0000e+00      
# interval = seconds: 0.25
# start_time = Sep 17 2024 10:59:47 [Instrument's time stamp, header]
# bad_flag = -9.990e-29
*END*
[from data line 386]
      0.925      0.006     7.4217     83.238     42.924  39.536272     3.4525      8.204   248.3380 2.9341e+01     4.8065      0.906      1.314    21.0499 0.0000e+00
      0.930      0.004     7.4175     83.255     42.939  39.548971     3.4500      8.204   248.3619 2.9396e+01     4.8118      0.913      1.324    21.0491 0.0000e+00
      0.930      0.004     7.4171     83.296     42.954  39.561760     3.4382      8.205   248.2309 2.9553e+01     4.7671      0.914      1.326    21.0488 0.0000e+00
      0.927      0.005     7.4136     83.339     42.957  39.563972     3.4422      8.205   248.2168 2.9716e+01     4.7791      0.907      1.317    21.0487 0.0000e+00
      0.926      0.005     7.4110     83.364     42.971  39.575720     3.4569      8.204   248.2778 2.9853e+01     4.8199      0.906      1.314    21.0483 0.0000e+00
      0.928      0.005     7.4134     83.363     42.973  39.576874     3.4576      8.204   248.2802 2.9920e+01     4.8161      0.910      1.320    21.0473 0.0000e+00
      0.932      0.007     7.4177     83.335     42.976  39.577924     3.4509      8.204   248.4170 2.9978e+01     4.7672      0.914      1.326    21.0467 0.0000e+00
      0.936      0.011     7.4226     83.288     42.989  39.588414     3.4585      8.205   248.5555 3.0095e+01     4.7068      0.919      1.333    21.0459 0.0000e+00
      0.939      0.018     7.4249     83.233     42.978  39.576780     3.4831      8.205   248.5782 3.0195e+01     4.7013      0.922      1.337    21.0448 0.0000e+00
      0.939      0.026     7.4251     83.170     42.968  39.564184     3.4986      8.205   248.6062 3.0233e+01     4.7343      0.920      1.335    21.0432 0.0000e+00
      0.941      0.033     7.4228     83.109     42.973  39.563030     3.5134      8.205   248.6347 3.0113e+01     4.7644      0.919      1.333    21.0413 0.0000e+00
      0.952      0.038     7.4181     83.056     42.978  39.562822     3.5448      8.205   248.5796 2.9786e+01     4.7575      0.929      1.347    21.0394 0.0000e+00
      0.971      0.041     7.4140     83.000     42.979  39.561660     3.5785      8.205   248.5426 2.9459e+01     4.6855      0.952      1.382    21.0380 0.0000e+00
      0.988      0.042     7.4082     82.920     42.966  39.548976     3.6052      8.206   248.6170 2.9311e+01     4.6789      0.972      1.411    21.0350 0.0000e+00
      0.998      0.039     7.4034     82.797     42.953  39.536388     3.6176      8.207   248.6190 2.9217e+01     4.7802      0.979      1.420    21.0277 0.0000e+00
      1.004      0.033     7.4005     82.647     42.953  39.536379     3.6209      8.207   248.5662 2.9100e+01     4.8522      0.985      1.429    21.0214 0.0000e+00
      1.009      0.027     7.3958     82.507     42.967  39.548871     3.6204      8.207   248.5808 2.9031e+01     4.8311      0.990      1.436    21.0191 0.0000e+00
      1.014      0.023     7.3904     82.405     42.980  39.560505     3.6107      8.207   248.6238 2.8971e+01     4.7297      0.994      1.442    21.0185 0.0000e+00
      1.019      0.021     7.3783     82.353     42.970  39.550110     3.6117      8.208   248.6568 2.8871e+01     4.6857      0.999      1.448    21.0180 0.0000e+00
      1.025      0.019     7.3639     82.323     42.970  39.550110     3.6244      8.209   248.6349 2.8754e+01     4.7442      1.004      1.455    21.0174 0.0000e+00
      1.031      0.018     7.3506     82.301     42.982  39.560513     3.6233      8.209   248.6170 2.8680e+01     4.7873      1.012      1.468    21.0175 0.0000e+00
      1.036      0.016     7.3405     82.316     42.971  39.548967     3.6144      8.209   248.6123 2.8719e+01     4.7630      1.018      1.476    21.0174 0.0000e+00
      1.039      0.013     7.3378     82.357     42.960  39.537430     3.6093      8.210   248.5781 2.8807e+01     4.6894      1.019      1.478    21.0160 0.0000e+00
      1.041      0.009     7.3363     82.383     42.972  39.547936     3.6190      8.212   248.5480 2.8819e+01     4.6829      1.021      1.480    21.0151 0.0000e+00
      1.044      0.005     7.3322     82.383     42.973  39.549071     3.6401      8.213   248.5062 2.8809e+01     4.7524      1.024      1.485    21.0142 0.0000e+00
      1.045      0.003     7.3341     82.367     42.975  39.551160     3.6402      8.213   248.5027 2.8874e+01     4.7783      1.026      1.488    21.0128 0.0000e+00
      1.045      0.002     7.3405     82.363     43.000  39.573188     3.6197      8.213   248.5916 2.8979e+01     4.7563      1.026      1.488    21.0115 0.0000e+00
      1.044      0.002     7.3422     82.383     42.987  39.561564     3.6003      8.213   248.6348 2.9027e+01     4.7267      1.024      1.485    21.0109 0.0000e+00
      1.043      0.001     7.3425     82.405     42.961  39.537544     3.5811      8.213   248.5943 2.9026e+01     4.7277      1.022      1.482    21.0110 0.0000e+00
      1.044      0.000     7.3395     82.415     42.960  39.536599     3.5702      8.213   248.6193 2.9058e+01     4.7678      1.025      1.485    21.0107 0.0000e+00
      1.046      0.000     7.3389     82.422     42.974  39.550140     3.5763      8.213   248.6782 2.9122e+01     4.8015      1.027      1.489    21.0100 0.0000e+00
      1.047      0.000     7.3421     82.442     43.000  39.574353     3.5713      8.214   248.7043 2.9224e+01     4.7598      1.027      1.489    21.0097 0.0000e+00
      1.046     -0.001     7.3443     82.458     43.001  39.575505     3.5522      8.215   248.7626 2.9323e+01     4.6388      1.026      1.488    21.0096 0.0000e+00
      1.044     -0.001     7.3450     82.456     42.988  39.564071     3.5539      8.216   248.7812 2.9353e+01     4.6027      1.024      1.485    21.0100 0.0000e+00
      1.043     -0.001     7.3443     82.447     42.987  39.563031     3.5663      8.218   248.7576 2.9393e+01     4.6991      1.023      1.483    21.0112 0.0000e+00
      1.042      0.000     7.3468     82.431     42.988  39.562927     3.5525      8.218   248.8204 2.9427e+01     4.7453      1.022      1.482    21.0124 0.0000e+00
      1.042      0.002     7.3491     82.386     42.988  39.562813     3.5284      8.218   248.8529 2.9375e+01     4.7180      1.021      1.481    21.0126 0.0000e+00
      1.044      0.004     7.3481     82.312     42.987  39.561658     3.5239      8.219   248.8059 2.9355e+01     4.7096      1.024      1.485    21.0123 0.0000e+00
      1.046      0.006     7.3472     82.247     42.974  39.548956     3.5397      8.220   248.7682 2.9420e+01     4.7461      1.026      1.487    21.0118 0.0000e+00
      1.047      0.006     7.3471     82.227     42.961  39.536159     3.5620      8.220   248.7414 2.9470e+01     4.8185      1.026      1.489    21.0115 0.0000e+00
      1.049      0.006     7.3433     82.267     42.959  39.533851     3.5608      8.220   248.8256 2.9429e+01     4.7994      1.028      1.491    21.0111 0.0000e+00
      1.051      0.005     7.3350     82.342     42.945  39.521055     3.5415      8.220   249.0122 2.9349e+01     4.7199      1.031      1.495    21.0105 0.0000e+00
      1.053      0.005     7.3282     82.398     42.930  39.508363     3.5369      8.220   249.1049 2.9333e+01     4.7104      1.033      1.499    21.0100 0.0000e+00
      1.054      0.005     7.3257     82.405     42.929  39.507323     3.5464      8.221   249.0867 2.9311e+01     4.7541      1.034      1.500    21.0095 0.0000e+00
      1.054      0.005     7.3299     82.369     42.930  39.508477     3.5568      8.222   249.0497 2.9259e+01     4.7705      1.033      1.499    21.0096 0.0000e+00
      1.054      0.005     7.3393     82.304     42.945  39.522313     3.5539      8.222   249.0019 2.9225e+01     4.7035      1.033      1.498    21.0096 0.0000e+00
      1.056      0.006     7.3451     82.241     42.973  39.547687     3.5451      8.222   248.9394 2.9164e+01     4.6602      1.035      1.502    21.0095 0.0000e+00
      1.059      0.009     7.3451     82.202     42.988  39.561428     3.5412      8.222   248.8957 2.9132e+01     4.6916      1.039      1.506    21.0096 0.0000e+00
      1.061      0.013     7.3417     82.191     42.988  39.561532     3.5409      8.223   248.9039 2.9140e+01     4.7079      1.041      1.509    21.0094 0.0000e+00
      1.062      0.018     7.3347     82.205     42.974  39.548945     3.5829      8.224   248.9524 2.9054e+01     4.7541      1.041      1.510    21.0096 0.0000e+00
      1.066      0.023     7.3281     82.260     42.960  39.536168     3.6419      8.224   249.0521 2.8908e+01     4.8750      1.044      1.514    21.0099 0.0000e+00
      1.074      0.027     7.3246     82.361     42.958  39.533968     3.6458      8.225   249.0761 2.8712e+01     4.9739      1.052      1.525    21.0102 0.0000e+00
      1.084      0.031     7.3243     82.478     42.945  39.522335     3.6381      8.226   248.9852 2.8418e+01     4.9937      1.062      1.540    21.0104 0.0000e+00
      1.095      0.036     7.3243     82.568     42.945  39.522438     3.6987      8.226   248.9860 2.8181e+01     4.9774      1.074      1.559    21.0106 0.0000e+00
      1.104      0.039     7.3291     82.592     42.959  39.535215     3.8048      8.226   249.0853 2.8054e+01     4.9812      1.084      1.573    21.0107 0.0000e+00
      1.111      0.040     7.3392     82.547     42.975  39.549890     3.8551      8.226   249.1529 2.7882e+01     4.9382      1.087      1.577    21.0106 0.0000e+00
      1.121      0.039     7.3511     82.485     43.000  39.572959     3.8410      8.226   249.2014 2.7593e+01     4.8663      1.096      1.591    21.0107 0.0000e+00
      1.135      0.036     7.3605     82.453     42.987  39.560286     3.8261      8.226   249.2415 2.7308e+01     4.8295      1.114      1.615    21.0105 0.0000e+00
      1.147      0.034     7.3632     82.420     42.947  39.523583     3.8331      8.226   249.2073 2.7117e+01     4.8011      1.126      1.633    21.0104 0.0000e+00
      1.155      0.032     7.3572     82.362     42.932  39.509955     3.8592      8.226   249.1316 2.7011e+01     4.7960      1.133      1.645    21.0101 0.0000e+00
      1.160      0.029     7.3486     82.309     42.946  39.522439     3.8665      8.226   249.1007 2.6933e+01     4.7690      1.138      1.651    21.0098 0.0000e+00
      1.164      0.027     7.3486     82.273     42.973  39.547596     3.8630      8.226   249.0921 2.6810e+01     4.7470      1.140      1.654    21.0095 0.0000e+00
      1.169      0.027     7.3466     82.252     42.987  39.560287     3.8842      8.226   249.1136 2.6643e+01     4.7700      1.145      1.661    21.0094 0.0000e+00
      1.178      0.028     7.3395     82.266     42.975  39.548957     3.8972      8.226   249.1883 2.6458e+01     4.7725      1.155      1.675    21.0095 0.0000e+00
      1.187      0.029     7.3344     82.283     42.963  39.537532     3.9042      8.227   249.2208 2.6304e+01     4.7775      1.164      1.688    21.0094 0.0000e+00
      1.194      0.030     7.3324     82.258     42.976  39.549071     4.0027      8.228   249.2491 2.6191e+01     4.8312      1.171      1.698    21.0092 0.0000e+00
      1.202      0.031     7.3285     82.227     42.990  39.561555     4.1798      8.230   249.2716 2.6072e+01     4.9435      1.179      1.710    21.0090 0.0000e+00
      1.209      0.031     7.3306     82.219     42.990  39.561546     4.2813      8.230   249.2356 2.5965e+01     5.0076      1.187      1.721    21.0089 0.0000e+00
      1.216      0.031     7.3363     82.223     42.977  39.548959     4.3064      8.230   249.1582 2.5813e+01     4.9907      1.192      1.728    21.0087 0.0000e+00
      1.224      0.030     7.3304     82.235     42.964  39.536286     4.3254      8.231   249.1097 2.5561e+01     4.9783      1.199      1.739    21.0084 0.0000e+00
      1.234      0.029     7.3269     82.242     42.963  39.535238     4.3942      8.231   249.2517 2.5338e+01     4.8927      1.211      1.756    21.0081 0.0000e+00
      1.242      0.030     7.3278     82.221     42.964  39.536286     4.5306      8.231   249.4118 2.5205e+01     4.7748      1.218      1.768    21.0074 0.0000e+00
      1.248      0.031     7.3270     82.166     42.979  39.548959     4.6184      8.231   249.3254 2.5106e+01     4.7487      1.224      1.775    21.0065 0.0000e+00
      1.253      0.031     7.3298     82.144     42.994  39.561546     4.6394      8.232   249.2392 2.5003e+01     4.7824      1.228      1.780    21.0058 0.0000e+00
      1.260      0.031     7.3302     82.166     42.994  39.561555     4.6265      8.232   249.3167 2.4811e+01     4.7720      1.232      1.788    21.0052 0.0000e+00
      1.271      0.031     7.3305     82.175     42.981  39.549062     4.5708      8.232   249.3149 2.4564e+01     4.6914      1.246      1.807    21.0053 0.0000e+00
      1.282      0.032     7.3214     82.170     42.969  39.537419     4.5238      8.234   249.3041 2.4426e+01     4.6619      1.259      1.826    21.0052 0.0000e+00
      1.289      0.034     7.3186     82.127     42.980  39.547700     4.5163      8.234   249.3579 2.4351e+01     4.7234      1.264      1.835    21.0036 0.0000e+00
      1.294      0.034     7.3259     82.039     42.980  39.546442     4.5381      8.234   249.3631 2.4220e+01     4.7849      1.268      1.839    21.0021 0.0000e+00
      1.302      0.035     7.3236     81.954     42.955  39.522202     4.5704      8.235   249.3671 2.4025e+01     4.7916      1.274      1.847    21.0018 0.0000e+00
      1.312      0.036     7.3253     81.886     42.940  39.508471     4.5829      8.236   249.3203 2.3821e+01     4.7359      1.286      1.866    21.0020 0.0000e+00
      1.323      0.037     7.3225     81.819     42.939  39.507336     4.5799      8.236   249.3128 2.3677e+01     4.6917      1.299      1.883    21.0021 0.0000e+00
      1.333      0.037     7.3116     81.787     42.941  39.508480     4.6179      8.237   249.4488 2.3528e+01     4.8033      1.306      1.893    21.0010 0.0000e+00
      1.343      0.035     7.3041     81.800     42.956  39.522307     4.6928      8.237   249.5019 2.3345e+01     4.9919      1.317      1.911    20.9992 0.0000e+00
      1.353      0.032     7.3002     81.816     42.983  39.547587     4.7276      8.236   249.4393 2.3234e+01     5.0259      1.329      1.928    20.9990 0.0000e+00
      1.360      0.028     7.2916     81.826     42.997  39.560298     4.7144      8.236   249.4653 2.3159e+01     4.9402      1.334      1.936    20.9988 0.0000e+00
      1.366      0.023     7.2881     81.808     42.984  39.549073     4.7244      8.236   249.5583 2.3019e+01     4.8791      1.339      1.943    20.9981 0.0000e+00
      1.372      0.019     7.2926     81.763     42.973  39.538793     4.7817      8.237   249.6182 2.2884e+01     4.8335      1.347      1.953    20.9982 0.0000e+00
      1.376      0.018     7.2924     81.731     42.999  39.562919     4.8248      8.238   249.6731 2.2844e+01     4.7988      1.351      1.959    20.9987 0.0000e+00
      1.378      0.018     7.2947     81.710     43.025  39.586932     4.8294      8.238   249.7062 2.2848e+01     4.8013      1.351      1.960    20.9991 0.0000e+00
      1.380      0.019     7.2940     81.698     43.013  39.575290     4.8128      8.238   249.6737 2.2784e+01     4.7951      1.353      1.962    20.9992 0.0000e+00
      1.385      0.021     7.2867     81.692     42.984  39.549075     4.7583      8.238   249.6251 2.2649e+01     4.7920      1.357      1.968    20.9992 0.0000e+00
      1.394      0.024     7.2852     81.659     42.957  39.523815     4.6860      8.238   249.6337 2.2512e+01     4.8319      1.367      1.983    20.9991 0.0000e+00
      1.402      0.025     7.2835     81.615     42.957  39.523721     4.6453      8.238   249.6921 2.2397e+01     4.7996      1.376      1.996    20.9989 0.0000e+00
      1.408      0.025     7.2813     81.608     42.984  39.547941     4.6248      8.238   249.7287 2.2311e+01     4.7085      1.381      2.002    20.9991 0.0000e+00
