Data/DataNotYetUploadedToEDI/Raw_CTD/RawDownloads/091724_fcr30_S7809003.cnv
* Sea-Bird SBE19plus  Data File:
* FileName = C:\R\Reservoirs\Data\DataNotYetUploadedToEDI\Raw_CTD\RawDownloads\091724_fcr10_S7809_0003.hex
* Software version 2.8.0.119
* Temperature SN = 7809
* Conductivity SN = 7809
* System UpLoad Time = Sep 17 2024 15:40:33
* <ApplicationData>
* <Seaterm232>
# nquan = 15
# nvalues = 1852                        
# units = specified
# name 0 = depFM: Depth [fresh water, m]
# name 1 = dz/dtM: Descent Rate [m/s]
# name 2 = sbeox0Mg/L: Oxygen, SBE 43 [mg/l]
# name 3 = sbeox0PS: Oxygen, SBE 43 [% saturation]
# name 4 = specc: Specific Conductance [uS/cm]
# name 5 = c0uS/cm: Conductivity [uS/cm]
# name 6 = flECO-AFL: Fluorescence, WET Labs ECO-AFL/FL [mg/m^3]
# name 7 = ph: pH
# name 8 = orp: Oxidation Reduction Potential [mV]
# name 9 = par/sat/log: PAR/Logarithmic, Satlantic
# name 10 = turbWETntu0: Turbidity, WET Labs ECO [NTU]
# name 11 = prdM: Pressure, Strain Gauge [db]
# name 12 = prdE: Pressure, Strain Gauge [psi]
# name 13 = tv290C: Temperature [ITS-90, deg C]
# name 14 = flag:  0.000e+00
# span 0 =     -0.651,      5.346       
# span 1 =     -0.214,      0.216       
# span 2 =     0.1221,     8.6883       
# span 3 =      1.308,     96.845       
# span 4 =      1.523,     89.128       
# span 5 =   1.366248,  72.803449       
# span 6 =    -0.1382,    64.4045       
# span 7 =      7.144,      8.138       
# span 8 =   225.9173,   567.3829       
# span 9 = 1.2360e-01, 3.2306e+02       
# span 10 =    -0.2968,   258.7330      
# span 11 =     -0.639,      5.243      
# span 12 =     -0.926,      7.605      
# span 13 =    13.1893,    20.9368      
# span 14 = 0.0000e+00, 0.0000e+00      
# interval = seconds: 0.25
# start_time = Sep 17 2024 10:48:43 [Instrument's time stamp, header]
# bad_flag = -9.990e-29
*END*
[from data line 1061]
      3.580      0.014     0.1346      1.376     63.284  54.292850     5.9281      7.703   273.2703 4.5819e+00     7.9194      3.511      5.092    18.0069 0.0000e+00
      3.584      0.016     0.1296      1.377     63.071  54.073117     5.9156      7.702   273.0699 4.5671e+00     7.9190      3.514      5.097    17.9897 0.0000e+00
      3.589      0.019     0.1334      1.389     63.262  54.219477     5.9024      7.702   272.9426 4.5441e+00     7.8317      3.519      5.103    17.9657 0.0000e+00
      3.595      0.023     0.1312      1.392     63.949  54.792277     5.7927      7.702   272.9355 4.5182e+00     7.7870      3.525      5.112    17.9323 0.0000e+00
      3.600      0.027     0.1303      1.386     64.712  55.409940     5.6222      7.700   272.8981 4.4928e+00     7.8217      3.529      5.120    17.8888 0.0000e+00
      3.606      0.029     0.1299      1.385     65.577  56.098587     5.5470      7.696   272.7482 4.4679e+00     7.8761      3.535      5.128    17.8544 0.0000e+00
      3.615      0.030     0.1325      1.388     66.495  56.830712     5.5651      7.691   272.6726 4.4387e+00     7.8638      3.544      5.141    17.8471 0.0000e+00
      3.626      0.028     0.1329      1.385     66.927  57.148216     5.6581      7.687   272.6716 4.4027e+00     7.8090      3.555      5.156    17.8449 0.0000e+00
      3.636      0.025     0.1310      1.375     67.045  57.206256     5.8061      7.684   272.6504 4.3698e+00     7.7941      3.566      5.173    17.8123 0.0000e+00
      3.642      0.022     0.1320      1.372     67.383  57.468889     5.8811      7.680   272.5025 4.3545e+00     7.7865      3.574      5.183    17.7667 0.0000e+00
      3.645      0.019     0.1318      1.372     67.548  57.592354     5.8995      7.676   272.2595 4.3579e+00     7.8197      3.575      5.185    17.7310 0.0000e+00
      3.646      0.018     0.1327      1.370     67.148  57.238094     6.0028      7.673   272.1217 4.3594e+00     7.9231      3.574      5.184    17.6884 0.0000e+00
      3.648      0.018     0.1305      1.370     66.647  56.806094     6.1656      7.671   272.1271 4.3469e+00     7.9769      3.577      5.188    17.6519 0.0000e+00
      3.653      0.019     0.1307      1.372     66.802  56.942349     6.2282      7.670   272.1527 4.3180e+00     7.9234      3.582      5.194    17.6384 0.0000e+00
      3.660      0.021     0.1311      1.376     68.041  57.996235     6.2098      7.669   272.0866 4.2793e+00     7.8236      3.589      5.206    17.6269 0.0000e+00
      3.669      0.022     0.1304      1.388     69.553  59.258333     6.1937      7.667   272.0168 4.2463e+00     7.7950      3.599      5.219    17.6125 0.0000e+00
      3.675      0.022     0.1308      1.407     70.496  60.006110     6.1829      7.666   271.9972 4.2321e+00     7.9184      3.606      5.228    17.6100 0.0000e+00
      3.679      0.021     0.1308      1.412     71.067  60.430921     6.1869      7.666   271.9357 4.2150e+00     8.0864      3.608      5.232    17.6160 0.0000e+00
      3.682      0.020     0.1314      1.420     71.450  60.710019     6.1843      7.665   271.8750 4.1790e+00     8.1181      3.611      5.236    17.6222 0.0000e+00
      3.687      0.020     0.1312      1.433     71.791  60.966536     6.1267      7.663   271.7796 4.1555e+00     7.9942      3.616      5.244    17.6058 0.0000e+00
      3.692      0.021     0.1360      1.435     72.228  61.308865     6.0387      7.661   271.5563 4.1486e+00     7.8524      3.621      5.251    17.5557 0.0000e+00
      3.698      0.024     0.1344      1.432     72.618  61.609005     6.0036      7.660   271.4979 4.1385e+00     7.8043      3.628      5.261    17.5081 0.0000e+00
      3.704      0.027     0.1351      1.416     72.957  61.863639     5.9855      7.658   271.7616 4.1100e+00     7.8562      3.633      5.269    17.4765 0.0000e+00
      3.710      0.029     0.1386      1.401     73.278  62.100416     5.6529      7.655   271.9917 4.0546e+00     8.0699      3.636      5.273    17.4566 0.0000e+00
      3.718      0.031     0.1362      1.388     73.342  62.121099     5.0284      7.651   272.1295 4.0014e+00     8.3726      3.646      5.288    17.4379 0.0000e+00
      3.728      0.033     0.1389      1.379     73.217  61.986602     4.6767      7.646   272.1366 3.9660e+00     8.4762      3.658      5.304    17.4165 0.0000e+00
      3.737      0.033     0.1348      1.380     73.180  61.935453     4.6387      7.642   271.8199 3.9142e+00     8.4690      3.664      5.314    17.3941 0.0000e+00
      3.746      0.033     0.1345      1.364     73.209  61.947376     4.6272      7.638   271.3969 3.8537e+00     8.5240      3.673      5.328    17.3680 0.0000e+00
      3.755      0.031     0.1335      1.342     73.365  62.067211     4.4959      7.635   270.9805 3.8187e+00     8.6290      3.685      5.345    17.3453 0.0000e+00
      3.762      0.029     0.1308      1.351     73.597  62.240748     4.2582      7.632   270.5706 3.7843e+00     8.7820      3.689      5.351    17.3245 0.0000e+00
      3.768      0.028     0.1340      1.371     73.540  62.139570     4.1257      7.629   270.2276 3.7348e+00     8.8368      3.695      5.359    17.3102 0.0000e+00
      3.775      0.027     0.1316      1.383     73.359  61.923865     4.0917      7.626   270.0165 3.6803e+00     8.7790      3.703      5.371    17.3051 0.0000e+00
      3.781      0.026     0.1268      1.403     73.394  61.919794     3.9964      7.622   269.9109 3.6039e+00     8.8010      3.708      5.378    17.2963 0.0000e+00
      3.788      0.026     0.1294      1.409     73.549  62.026782     3.8645      7.619   269.6386 3.4968e+00     8.9654      3.714      5.387    17.2913 0.0000e+00
      3.796      0.025     0.1330      1.395     73.720  62.137363     3.8115      7.618   269.1333 3.3884e+00     9.0932      3.722      5.399    17.2503 0.0000e+00
      3.804      0.024     0.1314      1.383     73.803  62.176716     3.8054      7.617   268.4482 3.3138e+00     9.1171      3.732      5.411    17.1860 0.0000e+00
      3.809      0.023     0.1362      1.385     73.831  62.184884     3.6819      7.614   267.6358 3.2463e+00     9.1847      3.736      5.418    17.1781 0.0000e+00
      3.814      0.022     0.1365      1.383     73.979  62.299637     3.4509      7.613   266.8822 3.1465e+00     9.2961      3.740      5.424    17.1695 0.0000e+00
      3.819      0.021     0.1342      1.370     74.298  62.547633     3.3260      7.612   266.1330 3.0521e+00     9.3371      3.746      5.433    17.1377 0.0000e+00
      3.824      0.021     0.1325      1.373     74.673  62.832576     3.3125      7.609   265.3747 2.9503e+00     9.3736      3.750      5.439    17.1145 0.0000e+00
      3.829      0.021     0.1335      1.372     74.938  63.012807     3.2627      7.607   264.7683 2.8022e+00     9.5318      3.755      5.446    17.1068 0.0000e+00
      3.835      0.022     0.1351      1.367     75.154  63.138348     3.1642      7.605   264.2227 2.6638e+00     9.6798      3.761      5.454    17.1072 0.0000e+00
      3.840      0.022     0.1300      1.390     75.388  63.270290     3.0957      7.604   263.5961 2.5528e+00     9.6937      3.766      5.462    17.0890 0.0000e+00
      3.846      0.022     0.1334      1.402     75.552  63.337287     3.0755      7.602   262.8699 2.4450e+00     9.6998      3.772      5.471    17.0704 0.0000e+00
      3.853      0.021     0.1334      1.395     75.675  63.376492     3.0366      7.601   262.1539 2.3671e+00     9.7532      3.779      5.481    17.0434 0.0000e+00
      3.859      0.020     0.1296      1.405     75.870  63.490074     2.9663      7.600   261.4771 2.3372e+00     9.8277      3.785      5.490    17.0023 0.0000e+00
      3.863      0.018     0.1355      1.410     76.169  63.693942     2.9248      7.599   260.7097 2.3229e+00     9.8827      3.789      5.495    16.9622 0.0000e+00
      3.867      0.016     0.1375      1.399     76.517  63.935232     2.9170      7.598   259.9311 2.3033e+00     9.8375      3.793      5.501    16.9096 0.0000e+00
      3.871      0.016     0.1331      1.399     76.802  64.120036     2.9056      7.597   259.2901 2.2852e+00     9.7260      3.796      5.506    16.8653 0.0000e+00
      3.873      0.017     0.1368      1.400     76.892  64.149231     2.8127      7.595   258.7248 2.2632e+00     9.7631      3.799      5.509    16.8373 0.0000e+00
      3.877      0.017     0.1385      1.395     76.798  64.033999     2.6421      7.594   258.1714 2.2171e+00     9.9787      3.801      5.512    16.8080 0.0000e+00
      3.882      0.016     0.1339      1.400     76.713  63.933985     2.5573      7.594   257.5896 2.1568e+00    10.1464      3.806      5.521    16.7759 0.0000e+00
      3.889      0.015     0.1366      1.408     76.768  63.956573     2.5618      7.594   256.9396 2.1159e+00    10.2544      3.815      5.533    16.7381 0.0000e+00
      3.895      0.015     0.1363      1.405     77.134  64.243536     2.4880      7.593   256.3340 2.1080e+00    10.3623      3.820      5.541    16.7066 0.0000e+00
      3.897      0.016     0.1352      1.408     77.909  64.861989     2.3233      7.590   255.7743 2.1318e+00    10.4258      3.823      5.544    16.6858 0.0000e+00
      3.897      0.017     0.1357      1.403     78.695  65.461299     2.2186      7.588   255.2479 2.1384e+00    10.4073      3.821      5.542    16.6650 0.0000e+00
      3.899      0.019     0.1382      1.375     79.162  65.770851     2.2041      7.588   254.8743 2.0880e+00    10.4119      3.822      5.542    16.6490 0.0000e+00
      3.905      0.021     0.1361      1.361     79.377  65.872265     2.1733      7.588   254.5261 2.0235e+00    10.6522      3.829      5.553    16.6424 0.0000e+00
      3.915      0.022     0.1369      1.368     79.435  65.861302     2.1033      7.586   254.1357 1.9739e+00    10.9896      3.841      5.571    16.6296 0.0000e+00
      3.923      0.022     0.1392      1.370     79.444  65.828861     2.0572      7.584   253.7676 1.9385e+00    11.1098      3.848      5.581    16.5963 0.0000e+00
      3.929      0.023     0.1323      1.357     79.582  65.924786     2.0402      7.584   253.3449 1.9254e+00    11.0816      3.853      5.588    16.5364 0.0000e+00
      3.933      0.023     0.1325      1.353     79.853  66.131464     2.0146      7.584   252.8967 1.9232e+00    11.1265      3.857      5.595    16.4836 0.0000e+00
      3.935      0.023     0.1337      1.369     80.181  66.357842     1.9884      7.582   252.4782 1.9066e+00    11.2766      3.858      5.596    16.4498 0.0000e+00
      3.939      0.024     0.1351      1.384     80.671  66.691910     1.9903      7.580   252.1571 1.8512e+00    11.3926      3.861      5.599    16.4202 0.0000e+00
      3.948      0.027     0.1323      1.398     81.136  66.993177     1.9961      7.579   251.9390 1.7882e+00    11.4368      3.873      5.617    16.4141 0.0000e+00
      3.958      0.029     0.1308      1.408     81.417  67.140672     1.9499      7.578   251.6485 1.7624e+00    11.6061      3.883      5.632    16.4141 0.0000e+00
      3.965      0.029     0.1350      1.420     81.733  67.331264     1.8734      7.577   251.3115 1.7459e+00    11.8686      3.888      5.638    16.3812 0.0000e+00
      3.973      0.029     0.1348      1.425     82.785  68.153631     1.8368      7.576   251.0489 1.7157e+00    11.9799      3.897      5.652    16.3342 0.0000e+00
      3.981      0.028     0.1380      1.405     84.870  69.838622     1.8313      7.574   250.8821 1.6981e+00    12.0291      3.905      5.664    16.2815 0.0000e+00
      3.986      0.028     0.1380      1.385     86.572  71.179762     1.8153      7.571   250.6708 1.6970e+00    12.4632      3.908      5.667    16.2250 0.0000e+00
      3.991      0.028     0.1390      1.380     87.043  71.466946     1.7856      7.569   250.3864 1.6785e+00    13.1642      3.913      5.675    16.1800 0.0000e+00
      3.999      0.027     0.1426      1.389     87.322  71.594689     1.7635      7.569   250.1977 1.6380e+00    13.5024      3.921      5.688    16.1539 0.0000e+00
      4.009      0.026     0.1369      1.388     87.933  72.024915     1.7473      7.569   250.0241 1.6064e+00    13.5119      3.932      5.703    16.1485 0.0000e+00
      4.017      0.025     0.1364      1.376     88.470  72.409902     1.7235      7.569   249.8355 1.5961e+00    13.5871      3.941      5.716    16.1194 0.0000e+00
      4.022      0.024     0.1350      1.382     88.890  72.689851     1.7004      7.569   249.7240 1.5919e+00    13.8304      3.945      5.722    16.0479 0.0000e+00
      4.026      0.021     0.1375      1.393     89.128  72.803449     1.6844      7.568   249.6226 1.5730e+00    14.0960      3.948      5.727    15.9810 0.0000e+00
      4.030      0.019     0.1388      1.407     89.031  72.639114     1.6793      7.568   249.4706 1.5520e+00    14.2718      3.952      5.732    15.9480 0.0000e+00
      4.035      0.018     0.1335      1.410     88.758  72.355506     1.6722      7.568   249.2624 1.5393e+00    14.3162      3.957      5.738    15.9217 0.0000e+00
      4.040      0.019     0.1377      1.395     88.326  71.980523     1.6315      7.568   248.9981 1.5271e+00    14.4624      3.963      5.747    15.8878 0.0000e+00
      4.044      0.020     0.1371      1.398     87.613  71.410573     1.5696      7.568   248.7696 1.5305e+00    14.8439      3.967      5.753    15.8407 0.0000e+00
      4.049      0.021     0.1398      1.413     87.045  70.994322     1.5403      7.567   248.6509 1.5299e+00    15.1019      3.970      5.757    15.7849 0.0000e+00
      4.055      0.023     0.1415      1.403     86.862  70.888631     1.5433      7.566   248.5097 1.5094e+00    15.1902      3.976      5.767    15.7471 0.0000e+00
      4.061      0.025     0.1370      1.393     86.597  70.641235     1.5474      7.566   248.2669 1.4949e+00    15.5706      3.983      5.778    15.7385 0.0000e+00
      4.068      0.027     0.1375      1.394     86.156  70.164088     1.5406      7.565   248.0379 1.4842e+00    16.2520      3.990      5.787    15.7400 0.0000e+00
      4.074      0.027     0.1423      1.398     85.759  69.695634     1.5277      7.563   247.8920 1.4574e+00    16.5622      3.996      5.794    15.7733 0.0000e+00
      4.082      0.027     0.1386      1.418     85.420  69.298988     1.5160      7.562   247.7927 1.4282e+00    16.5200      4.003      5.806    15.8225 0.0000e+00
      4.091      0.027     0.1368      1.425     85.069  68.927323     1.4911      7.562   247.6981 1.4257e+00    16.7329      4.013      5.820    15.8044 0.0000e+00
      4.098      0.026     0.1397      1.416     84.782  68.633760     1.4599      7.562   247.6088 1.4281e+00    17.2234      4.019      5.830    15.7190 0.0000e+00
      4.103      0.025     0.1368      1.415     84.646  68.482332     1.4540      7.562   247.4878 1.4163e+00    17.5324      4.024      5.836    15.6232 0.0000e+00
      4.110      0.022     0.1429      1.423     84.463  68.303903     1.4624      7.562   247.3534 1.4050e+00    17.5652      4.030      5.844    15.5526 0.0000e+00
      4.117      0.020     0.1428      1.431     84.208  68.065187     1.4445      7.562   247.1880 1.3980e+00    17.6881      4.038      5.856    15.5043 0.0000e+00
      4.122      0.018     0.1405      1.423     84.025  67.883903     1.4035      7.562   246.9507 1.4026e+00    17.9241      4.043      5.864    15.4683 0.0000e+00
      4.125      0.016     0.1414      1.423     83.910  67.764332     1.3754      7.563   246.6349 1.4076e+00    18.0279      4.045      5.867    15.4448 0.0000e+00
      4.128      0.015     0.1413      1.429     83.928  67.763358     1.3702      7.565   246.3813 1.4060e+00    18.0555      4.047      5.871    15.4327 0.0000e+00
      4.131      0.014     0.1448      1.407     83.910  67.745010     1.3825      7.566   246.2939 1.4006e+00    18.1898      4.051      5.877    15.4122 0.0000e+00
