Data/DataNotYetUploadedToEDI/Raw_CTD/RawDownloads/091724_fcr30_S7809003.cnv
* Sea-Bird SBE19plus  Data File:
* FileName = C:\R\Reservoirs\Data\DataNotYetUploadedToEDI\Raw_CTD\RawDownloads\091724_fcr10_S7809_0003.hex
* Software version 2.8.0.119
* Temperature SN = 7809
* Conductivity SN = 7809
* System UpLoad Time = Sep 17 2024 15:40:33
* <ApplicationData>
* <Seaterm232>
# nquan = 15
# nvalues = 1852                        
# units = specified
# name 0 = depFM: Depth [fresh water, m]
# name 1 = dz/dtM: Descent Rate [m/s]
# name 2 = sbeox0Mg/L: Oxygen, SBE 43 [mg/l]
# name 3 = sbeox0PS: Oxygen, SBE 43 [% saturation]
# name 4 = specc: Specific Conductance [uS/cm]
# name 5 = c0uS/cm: Conductivity [uS/cm]
# name 6 = flECO-AFL: Fluorescence, WET Labs ECO-AFL/FL [mg/m^3]
# name 7 = ph: pH
# name 8 = orp: Oxidation Reduction Potential [mV]
# name 9 = par/sat/log: PAR/Logarithmic, Satlantic
# name 10 = turbWETntu0: Turbidity, WET Labs ECO [NTU]
# name 11 = prdM: Pressure, Strain Gauge [db]
# name 12 = prdE: Pressure, Strain Gauge [psi]
# name 13 = tv290C: Temperature [ITS-90, deg C]
# name 14 = flag:  0.000e+00
# span 0 =     -0.651,      5.346       
# span 1 =     -0.214,      0.216       
# span 2 =     0.1221,     8.6883       
# span 3 =      1.308,     96.845       
# span 4 =      1.523,     89.128       
# span 5 =   1.366248,  72.803449       
# span 6 =    -0.1382,    64.4045       
# span 7 =      7.144,      8.138       
# span 8 =   225.9173,   567.3829       
# span 9 = 1.2360e-01, 3.2306e+02       
# span 10 =    -0.2968,   258.7330      
# span 11 =     -0.639,      5.243      
# span 12 =     -0.926,      7.605      
# span 13 =    13.1893,    20.9368      
# span 14 = 0.0000e+00, 0.0000e+00      
# interval = seconds: 0.25
# start_time = Sep 17 2024 10:48:43 [Instrument's time stamp, header]
# bad_flag = -9.990e-29
*END*
[from data line 482]
      0.977      0.020     7.3557     82.443     42.948  39.456909     3.4365      8.055   244.7751 3.8058e+01     5.6946      0.959      1.391    20.9319 0.0000e+00
      0.982      0.015     7.3614     82.419     42.942  39.451756     3.4313      8.056   244.8082 3.7695e+01     5.7268      0.964      1.399    20.9313 0.0000e+00
      0.985      0.013     7.3610     82.376     42.942  39.451236     3.4455      8.057   244.7315 3.7308e+01     5.7611      0.966      1.401    20.9312 0.0000e+00
      0.987      0.014     7.3599     82.315     42.941  39.450620     3.4760      8.059   244.7080 3.6902e+01     5.7332      0.968      1.403    20.9310 0.0000e+00
      0.987      0.017     7.3588     82.270     42.934  39.444313     3.5160      8.059   244.7815 3.6617e+01     5.6968      0.969      1.405    20.9306 0.0000e+00
      0.989      0.021     7.3567     82.247     42.928  39.438440     3.5389      8.060   244.8465 3.6186e+01     5.6973      0.968      1.404    20.9304 0.0000e+00
      0.996      0.025     7.3542     82.230     42.933  39.443069     3.5532      8.061   244.8049 3.5520e+01     5.7051      0.974      1.412    20.9303 0.0000e+00
      1.008      0.026     7.3460     82.234     42.926  39.436828     3.5470      8.063   244.7089 3.4924e+01     5.6884      0.988      1.433    20.9305 0.0000e+00
      1.019      0.025     7.3421     82.279     42.915  39.426434     3.5063      8.064   244.8036 3.4494e+01     5.6324      1.001      1.452    20.9304 0.0000e+00
      1.026      0.022     7.3416     82.368     42.934  39.444317     3.4763      8.064   245.0040 3.4074e+01     5.6083      1.007      1.461    20.9304 0.0000e+00
      1.029      0.017     7.3387     82.478     42.954  39.462669     3.4760      8.064   245.0670 3.3737e+01     5.6363      1.009      1.463    20.9305 0.0000e+00
      1.031      0.014     7.3385     82.573     42.949  39.457945     3.4857      8.064   245.0483 3.3433e+01     5.6292      1.011      1.466    20.9307 0.0000e+00
      1.031      0.014     7.3423     82.624     42.941  39.450664     3.5179      8.064   245.0365 3.3123e+01     5.5912      1.012      1.468    20.9309 0.0000e+00
      1.031      0.019     7.3512     82.645     42.928  39.438085     3.5747      8.064   245.0963 3.2834e+01     5.5866      1.011      1.466    20.9308 0.0000e+00
      1.034      0.023     7.3621     82.655     42.922  39.432780     3.5980      8.065   245.1691 3.2416e+01     5.6073      1.012      1.468    20.9306 0.0000e+00
      1.043      0.024     7.3722     82.638     42.941  39.449980     3.5921      8.066   245.1422 3.1951e+01     5.6019      1.020      1.480    20.9304 0.0000e+00
      1.057      0.024     7.3756     82.593     42.947  39.455658     3.6029      8.067   245.1157 3.1555e+01     5.6243      1.038      1.506    20.9308 0.0000e+00
      1.068      0.024     7.3763     82.539     42.928  39.437972     3.6213      8.069   245.1922 3.1355e+01     5.6731      1.052      1.525    20.9308 0.0000e+00
      1.071      0.024     7.3789     82.495     42.915  39.426528     3.6232      8.069   245.2932 3.1382e+01     5.6450      1.053      1.526    20.9301 0.0000e+00
      1.070      0.022     7.3768     82.450     42.934  39.444214     3.6080      8.069   245.3052 3.1293e+01     5.6266      1.047      1.519    20.9299 0.0000e+00
      1.071      0.019     7.3725     82.402     42.953  39.461421     3.5959      8.069   245.3366 3.0970e+01     5.7572      1.047      1.518    20.9301 0.0000e+00
      1.081      0.017     7.3663     82.359     42.934  39.444200     3.6023      8.069   245.4156 3.0604e+01     5.9604      1.059      1.535    20.9302 0.0000e+00
      1.092      0.015     7.3637     82.314     42.914  39.426377     3.6189      8.069   245.3991 3.0320e+01     6.0343      1.072      1.555    20.9301 0.0000e+00
      1.098      0.012     7.3596     82.295     42.925  39.436313     3.6213      8.070   245.3953 3.0148e+01     5.9679      1.077      1.563    20.9304 0.0000e+00
      1.098      0.010     7.3539     82.318     42.926  39.437406     3.6059      8.071   245.4557 3.0031e+01     5.8751      1.078      1.564    20.9309 0.0000e+00
      1.094      0.010     7.3519     82.355     42.929  39.439595     3.5833      8.071   245.4416 2.9965e+01     5.7996      1.072      1.557    20.9313 0.0000e+00
      1.091      0.011     7.3458     82.373     42.954  39.462776     3.5636      8.071   245.3961 2.9952e+01     5.7727      1.067      1.548    20.9314 0.0000e+00
      1.093      0.014     7.3434     82.358     42.955  39.463838     3.5678      8.071   245.4220 2.9873e+01     5.7548      1.069      1.550    20.9313 0.0000e+00
      1.102      0.018     7.3470     82.333     42.943  39.452448     3.5762      8.072   245.4975 2.9706e+01     5.6851      1.081      1.568    20.9312 0.0000e+00
      1.113      0.020     7.3512     82.322     42.943  39.451979     3.5647      8.073   245.5339 2.9550e+01     5.6473      1.093      1.585    20.9309 0.0000e+00
      1.119      0.021     7.3538     82.317     42.950  39.458169     3.5543      8.074   245.5174 2.9473e+01     5.7080      1.099      1.593    20.9308 0.0000e+00
      1.122      0.019     7.3515     82.326     42.956  39.463826     3.5583      8.074   245.5569 2.9444e+01     5.7700      1.100      1.596    20.9308 0.0000e+00
      1.124      0.015     7.3476     82.346     42.948  39.456917     3.5623      8.075   245.5810 2.9369e+01     5.7475      1.102      1.598    20.9309 0.0000e+00
      1.127      0.014     7.3480     82.348     42.927  39.438088     3.5618      8.076   245.5508 2.9242e+01     5.6757      1.106      1.603    20.9309 0.0000e+00
      1.131      0.014     7.3468     82.341     42.915  39.426549     3.5862      8.077   245.5355 2.9091e+01     5.6873      1.109      1.609    20.9307 0.0000e+00
      1.134      0.015     7.3472     82.337     42.934  39.444329     3.6155      8.078   245.4817 2.8883e+01     5.7513      1.112      1.613    20.9305 0.0000e+00
      1.137      0.015     7.3514     82.352     42.954  39.462681     3.6240      8.080   245.5029 2.8612e+01     5.7663      1.115      1.616    20.9302 0.0000e+00
      1.142      0.014     7.3501     82.392     42.949  39.458056     3.6477      8.082   245.6203 2.8300e+01     5.7321      1.118      1.622    20.9301 0.0000e+00
      1.147      0.014     7.3496     82.442     42.942  39.451870     3.6855      8.083   245.6964 2.8072e+01     5.6450      1.125      1.631    20.9302 0.0000e+00
      1.151      0.014     7.3485     82.487     42.942  39.451349     3.7145      8.084   245.7344 2.7998e+01     5.6358      1.130      1.638    20.9306 0.0000e+00
      1.153      0.015     7.3491     82.499     42.943  39.451757     3.7407      8.084   245.7361 2.7977e+01     5.7228      1.130      1.639    20.9309 0.0000e+00
      1.154      0.015     7.3540     82.482     42.948  39.456797     3.7699      8.084   245.6305 2.7926e+01     5.8090      1.131      1.640    20.9309 0.0000e+00
      1.158      0.015     7.3581     82.459     42.939  39.448835     3.7926      8.084   245.4901 2.7818e+01     5.8926      1.135      1.646    20.9308 0.0000e+00
      1.165      0.014     7.3641     82.439     42.906  39.418944     3.7899      8.085   245.5008 2.7723e+01     5.9144      1.143      1.657    20.9307 0.0000e+00
      1.171      0.014     7.3646     82.421     42.900  39.412693     3.7881      8.086   245.5886 2.7683e+01     5.9010      1.149      1.667    20.9305 0.0000e+00
      1.174      0.013     7.3621     82.396     42.926  39.436714     3.8461      8.086   245.6048 2.7701e+01     5.8679      1.152      1.671    20.9306 0.0000e+00
      1.175      0.011     7.3599     82.381     42.946  39.455543     3.9407      8.087   245.6115 2.7761e+01     5.7527      1.153      1.672    20.9310 0.0000e+00
      1.176      0.011     7.3577     82.391     42.940  39.449959     3.9835      8.088   245.6693 2.7812e+01     5.6360      1.152      1.671    20.9312 0.0000e+00
      1.178      0.012     7.3574     82.425     42.921  39.432665     3.9650      8.089   245.7010 2.7858e+01     5.5832      1.154      1.674    20.9311 0.0000e+00
      1.182      0.014     7.3538     82.467     42.926  39.436828     3.9157      8.090   245.6504 2.7821e+01     5.6271      1.158      1.679    20.9313 0.0000e+00
      1.187      0.014     7.3521     82.497     42.926  39.436829     3.8538      8.090   245.6596 2.7713e+01     5.7571      1.163      1.687    20.9312 0.0000e+00
      1.193      0.013     7.3530     82.508     42.922  39.432676     3.8162      8.091   245.7267 2.7627e+01     5.8227      1.171      1.698    20.9312 0.0000e+00
      1.197      0.012     7.3565     82.495     42.941  39.450084     3.8019      8.091   245.7733 2.7514e+01     5.7372      1.174      1.703    20.9311 0.0000e+00
      1.198      0.010     7.3614     82.472     42.949  39.456916     3.7969      8.091   245.8789 2.7401e+01     5.6112      1.175      1.704    20.9310 0.0000e+00
      1.198      0.010     7.3635     82.450     42.944  39.451819     3.8134      8.091   245.9711 2.7315e+01     5.5980      1.175      1.704    20.9308 0.0000e+00
      1.199      0.011     7.3656     82.435     42.944  39.451923     3.8441      8.091   246.0274 2.7224e+01     5.6798      1.176      1.705    20.9303 0.0000e+00
      1.202      0.013     7.3635     82.430     42.951  39.458163     3.8597      8.091   246.0440 2.7127e+01     5.7453      1.179      1.710    20.9301 0.0000e+00
      1.206      0.017     7.3611     82.418     42.956  39.463815     3.8609      8.092   245.9995 2.6964e+01     5.7413      1.181      1.713    20.9300 0.0000e+00
      1.212      0.020     7.3595     82.413     42.948  39.456797     3.8672      8.093   246.0050 2.6775e+01     5.6999      1.187      1.722    20.9298 0.0000e+00
      1.219      0.022     7.3570     82.430     42.926  39.436776     3.8860      8.093   246.1113 2.6693e+01     5.7226      1.196      1.735    20.9298 0.0000e+00
      1.225      0.022     7.3583     82.420     42.899  39.412120     3.9132      8.093   246.2533 2.6692e+01     5.8106      1.202      1.743    20.9299 0.0000e+00
      1.231      0.021     7.3563     82.353     42.899  39.412526     3.9128      8.094   246.3442 2.6703e+01     5.8080      1.207      1.751    20.9300 0.0000e+00
      1.237      0.018     7.3542     82.273     42.931  39.441692     3.8316      8.094   246.3495 2.6716e+01     5.6916      1.213      1.760    20.9305 0.0000e+00
      1.242      0.014     7.3585     82.222     42.937  39.447462     3.7144      8.093   246.3172 2.6763e+01     5.6324      1.219      1.768    20.9310 0.0000e+00
      1.245      0.013     7.3592     82.210     42.906  39.418819     3.6692      8.093   246.3842 2.6808e+01     5.6727      1.221      1.770    20.9313 0.0000e+00
      1.245      0.013     7.3504     82.250     42.901  39.412682     3.6842      8.094   246.5573 2.6785e+01     5.7012      1.221      1.771    20.9317 0.0000e+00
      1.246      0.014     7.3419     82.330     42.927  39.436714     3.6965      8.094   246.6894 2.6730e+01     5.6693      1.222      1.773    20.9319 0.0000e+00
      1.249      0.017     7.3379     82.409     42.948  39.455534     3.7012      8.093   246.6907 2.6656e+01     5.6293      1.224      1.776    20.9315 0.0000e+00
      1.254      0.019     7.3357     82.457     42.943  39.449856     3.7068      8.091   246.6590 2.6556e+01     5.6273      1.229      1.782    20.9309 0.0000e+00
      1.262      0.020     7.3398     82.471     42.923  39.431521     3.7233      8.091   246.7362 2.6431e+01     5.6790      1.237      1.794    20.9298 0.0000e+00
      1.270      0.020     7.3489     82.430     42.915  39.424241     3.7503      8.092   246.8504 2.6272e+01     5.8102      1.247      1.808    20.9289 0.0000e+00
      1.275      0.019     7.3572     82.350     42.915  39.425291     3.7583      8.092   246.8347 2.6158e+01     5.9152      1.252      1.815    20.9285 0.0000e+00
      1.277      0.017     7.3605     82.282     42.935  39.444214     3.7376      8.092   246.8046 2.6078e+01     5.8893      1.253      1.817    20.9280 0.0000e+00
      1.280      0.015     7.3639     82.234     42.955  39.462660     3.7166      8.092   246.8308 2.6023e+01     5.8394      1.254      1.820    20.9279 0.0000e+00
      1.284      0.014     7.3595     82.199     42.950  39.457931     3.7033      8.093   246.8081 2.6025e+01     5.8240      1.259      1.826    20.9280 0.0000e+00
      1.288      0.015     7.3494     82.185     42.942  39.450499     3.6940      8.093   246.8735 2.6001e+01     5.8051      1.263      1.832    20.9287 0.0000e+00
      1.292      0.017     7.3439     82.219     42.926  39.436257     3.6870      8.094   247.0200 2.6017e+01     5.7821      1.267      1.838    20.9297 0.0000e+00
      1.295      0.019     7.3394     82.300     42.901  39.412651     3.6770      8.094   247.1166 2.6065e+01     5.7172      1.270      1.842    20.9298 0.0000e+00
      1.300      0.021     7.3367     82.381     42.908  39.418931     3.6730      8.093   247.1809 2.6073e+01     5.6346      1.274      1.848    20.9297 0.0000e+00
      1.306      0.023     7.3339     82.428     42.941  39.448722     3.6807      8.093   247.1940 2.6079e+01     5.7061      1.281      1.858    20.9299 0.0000e+00
      1.313      0.025     7.3365     82.454     42.949  39.455544     3.6948      8.092   247.1896 2.6034e+01     5.8983      1.289      1.869    20.9297 0.0000e+00
      1.320      0.025     7.3463     82.458     42.930  39.437964     3.6940      8.092   247.2145 2.5988e+01     5.9429      1.295      1.878    20.9293 0.0000e+00
      1.327      0.026     7.3550     82.422     42.918  39.426539     3.6700      8.092   247.3221 2.5942e+01     5.8691      1.301      1.888    20.9289 0.0000e+00
      1.334      0.028     7.3579     82.375     42.937  39.444329     3.6390      8.093   247.4580 2.5881e+01     5.7928      1.309      1.899    20.9288 0.0000e+00
      1.340      0.031     7.3600     82.344     42.957  39.462682     3.6186      8.092   247.4808 2.5850e+01     5.7381      1.314      1.906    20.9286 0.0000e+00
      1.345      0.033     7.3624     82.319     42.951  39.458062     3.6229      8.091   247.5122 2.5754e+01     5.7881      1.319      1.913    20.9282 0.0000e+00
      1.354      0.033     7.3574     82.309     42.944  39.451924     3.6243      8.091   247.5802 2.5569e+01     5.7824      1.325      1.922    20.9279 0.0000e+00
      1.367      0.031     7.3517     82.315     42.944  39.451933     3.6099      8.091   247.6141 2.5342e+01     5.6689      1.341      1.945    20.9275 0.0000e+00
      1.381      0.028     7.3506     82.320     42.951  39.458167     3.5984      8.090   247.6640 2.5190e+01     5.6124      1.357      1.969    20.9277 0.0000e+00
      1.388      0.024     7.3471     82.329     42.957  39.463837     3.6029      8.090   247.7526 2.5171e+01     5.6453      1.363      1.977    20.9283 0.0000e+00
      1.389      0.019     7.3461     82.341     42.951  39.457031     3.6219      8.091   247.8255 2.5158e+01     5.7242      1.363      1.977    20.9288 0.0000e+00
      1.389      0.014     7.3479     82.351     42.933  39.439337     3.6200      8.091   247.7720 2.5141e+01     5.7811      1.362      1.975    20.9293 0.0000e+00
      1.391      0.012     7.3476     82.354     42.935  39.440282     3.6049      8.092   247.7073 2.5147e+01     5.8205      1.363      1.977    20.9295 0.0000e+00
      1.395      0.012     7.3483     82.349     42.966  39.468457     3.6063      8.093   247.7317 2.5098e+01     5.8589      1.368      1.984    20.9292 0.0000e+00
      1.400      0.014     7.3500     82.345     42.961  39.462683     3.6121      8.093   247.7232 2.5043e+01     5.9042      1.374      1.993    20.9282 0.0000e+00
      1.403      0.018     7.3511     82.358     42.931  39.433931     3.6080      8.093   247.6897 2.5025e+01     5.8901      1.376      1.996    20.9267 0.0000e+00
