Data/DataNotYetUploadedToEDI/Raw_CTD/RawDownloads/091724_fcr40_S7809004.cnv
* Sea-Bird SBE19plus  Data File:
* FileName = C:\R\Reservoirs\Data\DataNotYetUploadedToEDI\Raw_CTD\RawDownloads\091724_fcr10_S7809_0004.hex
* Software version 2.8.0.119
* Temperature SN = 7809
* Conductivity SN = 7809
* System UpLoad Time = Sep 17 2024 15:41:14
* <ApplicationData>
* <Seaterm232>
# nquan = 15
# nvalues = 1565                        
# units = specified
# name 0 = depFM: Depth [fresh water, m]
# name 1 = dz/dtM: Descent Rate [m/s]
# name 2 = sbeox0Mg/L: Oxygen, SBE 43 [mg/l]
# name 3 = sbeox0PS: Oxygen, SBE 43 [% saturation]
# name 4 = specc: Specific Conductance [uS/cm]
# name 5 = c0uS/cm: Conductivity [uS/cm]
# name 6 = flECO-AFL: Fluorescence, WET Labs ECO-AFL/FL [mg/m^3]
# name 7 = ph: pH
# name 8 = orp: Oxidation Reduction Potential [mV]
# name 9 = par/sat/log: PAR/Logarithmic, Satlantic
# name 10 = turbWETntu0: Turbidity, WET Labs ECO [NTU]
# name 11 = prdM: Pressure, Strain Gauge [db]
# name 12 = prdE: Pressure, Strain Gauge [psi]
# name 13 = tv290C: Temperature [ITS-90, deg C]
# name 14 = flag:  0.000e+00
# span 0 =     -0.645,      5.891       
# span 1 =     -0.274,      0.184       
# span 2 =     0.0196,     8.6723       
# span 3 =      0.265,     97.147       
# span 4 =      1.813,     81.051       
# span 5 =   1.612519,  65.628370       
# span 6 =    -0.1539,    46.8232       
# span 7 =      7.433,      8.264       
# span 8 =   232.8601,   386.5218       
# span 9 = 1.2363e-01, 2.4192e+02       
# span 10 =     0.6331,   424.3608      
# span 11 =     -0.633,      5.778      
# span 12 =     -0.919,      8.380      
# span 13 =    13.2151,    21.0550      
# span 14 = 0.0000e+00, 0.0000e+00      
# interval = seconds: 0.25
# start_time = Sep 17 2024 10:59:47 [Instrument's time stamp, header]
# bad_flag = -9.990e-29
*END*
[from data line 868]
      4.643      0.069     1.5950     16.231     65.119  50.507120     1.5680      7.706   279.2111 4.0968e-01    18.2879      4.557      6.608    14.0403 0.0000e+00
      4.659      0.072     1.5838     17.871     65.063  50.388802     1.5555      7.705   279.3839 4.0490e-01    18.1908      4.572      6.631    13.9403 0.0000e+00
      4.670      0.071     1.5651     20.271     65.151  50.348176     1.5222      7.704   279.5544 4.0147e-01    18.1656      4.578      6.640    13.8517 0.0000e+00
      4.684      0.066     1.5728     23.148     65.263  50.333261     1.4813      7.702   279.6386 3.9150e-01    18.1543      4.588      6.654    13.8031 0.0000e+00
      4.706      0.064     1.6488     26.479     65.361  50.335347     1.4691      7.701   279.8855 3.8141e-01    18.1226      4.614      6.693    13.7897 0.0000e+00
      4.729      0.067     1.8198     30.474     65.478  50.373318     1.4588      7.700   280.1308 3.7200e-01    18.0556      4.642      6.732    13.7338 0.0000e+00
      4.744      0.077     2.0942     35.144     65.584  50.411314     1.3817      7.700   280.2823 3.6644e-01    18.1971      4.653      6.749    13.6313 0.0000e+00
      4.754      0.091     2.3952     40.126     65.639  50.413724     1.2607      7.701   280.5987 3.5609e-01    18.5702      4.662      6.761    13.5485 0.0000e+00
      4.768      0.103     2.7321     44.897     65.669  50.402412     1.2017      7.701   280.9452 3.2879e-01    18.8095      4.672      6.775    13.4979 0.0000e+00
      4.797      0.110     3.1498     49.192     65.695  50.401489     1.2020      7.701   281.2020 2.8193e-01    18.8355      4.693      6.808    13.4607 0.0000e+00
      4.843      0.110     3.6529     53.034     65.711  50.402543     1.1974      7.700   281.4657 2.3026e-01    18.7828      4.749      6.889    13.4295 0.0000e+00
      4.889      0.103     4.2015     56.347     65.740  50.415140     1.1547      7.697   281.7252 2.0166e-01    18.7182      4.804      6.968    13.3983 0.0000e+00
      4.917      0.088     4.7117     58.857     65.762  50.426798     1.0768      7.695   282.0161 1.9451e-01    18.7040      4.826      7.000    13.3686 0.0000e+00
      4.930      0.068     5.1569     60.484     65.748  50.416492     1.0297      7.694   282.3158 1.9369e-01    18.7470      4.837      7.015    13.3543 0.0000e+00
      4.935      0.051     5.5585     61.441     65.750  50.417532     1.0259      7.695   282.5100 1.9209e-01    18.7950      4.841      7.021    13.3485 0.0000e+00
      4.937      0.041     5.9239     61.918     65.786  50.439374     1.0061      7.695   282.7298 1.8374e-01    18.9428      4.839      7.019    13.3400 0.0000e+00
      4.942      0.038     6.1895     61.980     65.779  50.426581     0.9563      7.694   282.9942 1.7119e-01    19.1682      4.843      7.025    13.3358 0.0000e+00
      4.955      0.039     6.3478     61.730     65.738  50.389838     0.9155      7.691   283.2109 1.5415e-01    19.2308      4.858      7.045    13.3368 0.0000e+00
      4.973      0.039     6.4389     61.282     65.728  50.376101     0.9033      7.689   283.4574 1.4243e-01    19.2221      4.879      7.075    13.3396 0.0000e+00
      4.988      0.040     6.4913     60.753     65.752  50.387471     0.9173      7.689   283.7377 1.3715e-01    19.2330      4.895      7.099    13.3332 0.0000e+00
      4.996      0.040     6.4935     60.270     65.779  50.400310     0.9354      7.688   284.0186 1.3098e-01    19.1572      4.901      7.109    13.3250 0.0000e+00
      4.998      0.038     6.4629     59.810     65.800  50.404327     0.9304      7.687   284.2716 1.2625e-01    19.0573      4.901      7.107    13.3241 0.0000e+00
      5.003      0.036     6.4152     59.360     65.857  50.436022     0.9078      7.685   284.3881 1.2419e-01    19.0164      4.903      7.110    13.3182 0.0000e+00
      5.016      0.036     6.3506     59.016     65.905  50.466040     0.8942      7.685   284.3953 1.2536e-01    19.1747      4.918      7.133    13.3128 0.0000e+00
      5.032      0.036     6.3054     58.811     65.889  50.449774     0.9074      7.683   284.4446 1.2663e-01    19.5369      4.938      7.162    13.3101 0.0000e+00
      5.042      0.036     6.2609     58.682     65.868  50.429843     0.9348      7.680   284.5540 1.2542e-01    19.7749      4.945      7.173    13.2986 0.0000e+00
      5.048      0.034     6.2083     58.597     65.853  50.415541     0.9422      7.679   284.6855 1.2401e-01    19.7628      4.949      7.178    13.2867 0.0000e+00
      5.056      0.031     6.1717     58.545     65.836  50.403839     0.9132      7.678   284.8300 1.2382e-01    19.6299      4.959      7.192    13.2831 0.0000e+00
      5.062      0.030     6.1553     58.536     65.846  50.415360     0.8673      7.677   285.0105 1.2377e-01    19.5001      4.965      7.201    13.2815 0.0000e+00
      5.068      0.032     6.1421     58.575     65.861  50.427849     0.8448      7.675   285.1474 1.2376e-01    19.4920      4.969      7.207    13.2770 0.0000e+00
      5.075      0.034     6.1347     58.623     65.866  50.427849     0.8584      7.674   285.2801 1.2382e-01    19.5661      4.977      7.218    13.2740 0.0000e+00
      5.085      0.036     6.1282     58.643     65.854  50.415351     0.8652      7.673   285.4106 1.2383e-01    19.5769      4.986      7.232    13.2760 0.0000e+00
      5.097      0.038     6.1256     58.631     65.842  50.403726     0.8521      7.673   285.4341 1.2375e-01    19.5538      4.999      7.250    13.2807 0.0000e+00
      5.109      0.039     6.1322     58.622     65.859  50.414285     0.8413      7.673   285.4790 1.2370e-01    19.5947      5.012      7.269    13.2818 0.0000e+00
      5.118      0.038     6.1389     58.629     65.867  50.416012     0.8428      7.672   285.5231 1.2370e-01    19.6949      5.020      7.281    13.2772 0.0000e+00
      5.126      0.037     6.1421     58.612     65.884  50.424608     0.8623      7.671   285.5378 1.2372e-01    19.7754      5.026      7.290    13.2749 0.0000e+00
      5.136      0.035     6.1387     58.562     65.930  50.454711     0.8763      7.669   285.5705 1.2377e-01    19.8158      5.037      7.305    13.2741 0.0000e+00
      5.146      0.033     6.1368     58.528     65.945  50.462489     0.8704      7.667   285.5741 1.2379e-01    19.8763      5.048      7.320    13.2712 0.0000e+00
      5.154      0.033     6.1414     58.556     65.939  50.455153     0.8578      7.666   285.6676 1.2377e-01    19.9256      5.055      7.330    13.2678 0.0000e+00
      5.162      0.032     6.1401     58.612     65.908  50.429504     0.8488      7.666   285.8403 1.2373e-01    19.9677      5.063      7.343    13.2643 0.0000e+00
      5.169      0.032     6.1332     58.646     65.879  50.406364     0.8528      7.665   285.9418 1.2372e-01    20.0097      5.069      7.352    13.2610 0.0000e+00
      5.177      0.034     6.1273     58.701     65.910  50.429344     0.8653      7.665   285.9479 1.2374e-01    20.0237      5.076      7.362    13.2576 0.0000e+00
      5.185      0.039     6.1320     58.813     65.940  50.453368     0.8751      7.664   285.9143 1.2372e-01    20.0004      5.086      7.376    13.2550 0.0000e+00
      5.194      0.044     6.1428     58.955     65.926  50.442854     0.8708      7.663   285.8797 1.2367e-01    19.9324      5.093      7.387    13.2547 0.0000e+00
      5.205      0.048     6.1419     59.095     65.909  50.429218     0.8628      7.661   285.8739 1.2365e-01    19.9189      5.101      7.398    13.2536 0.0000e+00
      5.221      0.050     6.1462     59.202     65.892  50.415478     0.8711      7.661   285.9309 1.2369e-01    19.9746      5.118      7.424    13.2525 0.0000e+00
      5.239      0.050     6.1600     59.277     65.878  50.403726     0.8794      7.660   285.9658 1.2379e-01    20.0253      5.140      7.456    13.2537 0.0000e+00
      5.251      0.050     6.1755     59.329     65.893  50.414115     0.8797      7.658   286.0383 1.2384e-01    20.0184      5.152      7.471    13.2545 0.0000e+00
      5.261      0.046     6.1923     59.328     65.895  50.414105     0.8582      7.657   286.1187 1.2385e-01    19.8912      5.158      7.481    13.2535 0.0000e+00
      5.273      0.039     6.2034     59.281     65.883  50.403601     0.8188      7.655   286.0772 1.2381e-01    19.7515      5.171      7.501    13.2526 0.0000e+00
      5.284      0.033     6.2095     59.231     65.897  50.414106     0.8028      7.653   286.0523 1.2371e-01    19.7297      5.184      7.519    13.2525 0.0000e+00
      5.292      0.028     6.2178     59.197     65.895  50.414115     0.8059      7.653   286.0762 1.2371e-01    19.7642      5.192      7.530    13.2519 0.0000e+00
      5.297      0.024     6.2176     59.187     65.877  50.403715     0.7986      7.652   286.1085 1.2377e-01    19.7588      5.195      7.535    13.2503 0.0000e+00
      5.300      0.021     6.2099     59.179     65.888  50.415364     0.7818      7.651   286.1847 1.2376e-01    19.6993      5.196      7.537    13.2489 0.0000e+00
      5.304      0.021     6.2051     59.159     65.902  50.427968     0.7774      7.650   286.2224 1.2372e-01    19.6598      5.201      7.543    13.2484 0.0000e+00
      5.310      0.026     6.2005     59.169     65.904  50.429113     0.7789      7.650   286.2199 1.2371e-01    19.6566      5.207      7.553    13.2494 0.0000e+00
      5.315      0.032     6.1999     59.214     65.909  50.429208     0.7820      7.650   286.3272 1.2375e-01    19.6616      5.212      7.559    13.2524 0.0000e+00
      5.323      0.037     6.2006     59.262     65.914  50.429103     0.8154      7.650   286.4016 1.2380e-01    19.6846      5.217      7.566    13.2558 0.0000e+00
      5.335      0.042     6.1948     59.294     65.914  50.427845     0.8504      7.649   286.3448 1.2378e-01    19.6964      5.229      7.585    13.2574 0.0000e+00
      5.350      0.048     6.1960     59.319     65.894  50.413992     0.8469      7.647   286.4149 1.2372e-01    19.6678      5.248      7.612    13.2567 0.0000e+00
      5.363      0.053     6.2031     59.331     65.863  50.388602     0.8399      7.647   286.5607 1.2369e-01    19.6455      5.260      7.629    13.2541 0.0000e+00
      5.373      0.055     6.2092     59.323     65.850  50.374853     0.8404      7.646   286.6448 1.2371e-01    19.7001      5.268      7.641    13.2502 0.0000e+00
      5.387      0.053     6.2120     59.303     65.855  50.374740     0.8369      7.645   286.6583 1.2377e-01    19.7478      5.281      7.659    13.2489 0.0000e+00
      5.405      0.046     6.2143     59.260     65.869  50.387229     0.8384      7.643   286.6374 1.2379e-01    19.7442      5.300      7.687    13.2511 0.0000e+00
      5.423      0.038     6.2170     59.202     65.873  50.398868     0.8336      7.642   286.6504 1.2375e-01    19.7237      5.322      7.718    13.2504 0.0000e+00
      5.434      0.030     6.2149     59.152     65.847  50.388475     0.8289      7.642   286.6429 1.2375e-01    19.6371      5.333      7.736    13.2463 0.0000e+00
      5.434      0.024     6.2152     59.118     65.842  50.388578     0.8570      7.642   286.6335 1.2378e-01    19.5856      5.330      7.731    13.2424 0.0000e+00
      5.432      0.019     6.2099     59.106     65.858  50.400123     0.8895      7.641   286.6222 1.2377e-01    19.6135      5.326      7.724    13.2419 0.0000e+00
      5.433      0.017     6.2015     59.115     65.863  50.401070     0.8892      7.640   286.6791 1.2375e-01    19.6325      5.326      7.724    13.2507 0.0000e+00
      5.439      0.017     6.1949     59.117     65.864  50.400021     0.8619      7.638   286.8047 1.2379e-01    19.6455      5.330      7.732    13.2605 0.0000e+00
      5.449      0.020     6.1910     59.113     65.850  50.387435     0.8179      7.637   286.8507 1.2387e-01    19.6673      5.345      7.752    13.2627 0.0000e+00
      5.457      0.024     6.1890     59.114     65.840  50.375882     0.7986      7.636   286.8044 1.2382e-01    19.7258      5.355      7.765    13.2614 0.0000e+00
      5.461      0.025     6.1929     59.107     65.859  50.387322     0.8115      7.635   286.7615 1.2372e-01    19.8060      5.355      7.767    13.2585 0.0000e+00
      5.464      0.024     6.1927     59.103     65.878  50.398763     0.8236      7.634   286.8481 1.2374e-01    19.8169      5.356      7.768    13.2574 0.0000e+00
      5.470      0.023     6.1908     59.101     65.868  50.387209     0.8196      7.634   286.9914 1.2375e-01    19.7549      5.363      7.778    13.2561 0.0000e+00
      5.478      0.023     6.1937     59.081     65.856  50.374614     0.8055      7.633   287.0309 1.2376e-01    19.7062      5.373      7.793    13.2529 0.0000e+00
      5.486      0.024     6.1915     59.054     65.855  50.373470     0.8112      7.632   286.9819 1.2376e-01    19.7053      5.380      7.803    13.2505 0.0000e+00
      5.491      0.026     6.1917     59.051     65.855  50.373376     0.8389      7.631   287.0011 1.2374e-01    19.7098      5.384      7.809    13.2486 0.0000e+00
      5.496      0.026     6.1934     59.056     65.856  50.373479     0.8571      7.631   287.1774 1.2378e-01    19.6584      5.387      7.815    13.2451 0.0000e+00
      5.501      0.025     6.1913     59.044     65.858  50.374715     0.8484      7.630   287.3068 1.2380e-01    19.5626      5.393      7.822    13.2419 0.0000e+00
      5.509      0.023     6.1859     59.022     65.874  50.388330     0.8329      7.629   287.2738 1.2378e-01    19.4736      5.401      7.834    13.2422 0.0000e+00
      5.519      0.023     6.1869     58.998     65.901  50.411098     0.8360      7.628   287.2090 1.2375e-01    19.4364      5.413      7.851    13.2429 0.0000e+00
      5.525      0.026     6.1895     58.980     65.876  50.396005     0.8535      7.627   287.2118 1.2375e-01    19.4877      5.420      7.860    13.2417 0.0000e+00
      5.526      0.034     6.1867     58.963     65.792  50.332840     0.8694      7.627   287.3077 1.2380e-01    19.5817      5.419      7.860    13.2414 0.0000e+00
      5.529      0.044     6.1845     58.938     65.735  50.282359     0.8703      7.628   287.4226 1.2381e-01    19.5826      5.420      7.862    13.2424 0.0000e+00
      5.537      0.054     6.1813     58.909     65.767  50.293602     0.8560      7.628   287.4818 1.2377e-01    19.4985      5.426      7.870    13.2438 0.0000e+00
      5.556      0.059     6.1790     58.889     65.844  50.341768     0.8543      7.626   287.5075 1.2372e-01    19.4535      5.445      7.897    13.2480 0.0000e+00
      5.585      0.059     6.1777     58.866     65.869  50.356747     0.8828      7.623   287.5616 1.2370e-01    19.4826      5.479      7.946    13.2510 0.0000e+00
      5.611      0.054     6.1752     58.811     65.853  50.347708     0.9176      7.621   287.6197 1.2373e-01    19.5426      5.507      7.988    13.2447 0.0000e+00
      5.624      0.044     6.1738     58.737     65.860  50.359479     0.9259      7.621   287.6939 1.2373e-01    19.5298      5.519      8.004    13.2319 0.0000e+00
      5.626      0.031     6.1723     58.658     65.868  50.372074     0.8991      7.621   287.7699 1.2372e-01    19.4638      5.518      8.003    13.2224 0.0000e+00
      5.626      0.020     6.1734     58.573     65.861  50.373010     0.8598      7.621   287.6777 1.2376e-01    19.4286      5.516      8.000    13.2198 0.0000e+00
      5.627      0.015     6.1654     58.500     65.851  50.370813     0.8505      7.621   287.4402 1.2375e-01    19.4455      5.517      8.002    13.2236 0.0000e+00
      5.630      0.017     6.1557     58.460     65.811  50.345509     0.8700      7.620   287.3072 1.2371e-01    19.5308      5.521      8.007    13.2298 0.0000e+00
      5.635      0.022     6.1484     58.459     65.775  50.321055     0.8794      7.618   287.4468 1.2375e-01    19.6063      5.525      8.013    13.2346 0.0000e+00
