Data/DataNotYetUploadedToEDI/Raw_CTD/RawDownloads/091823_fcr50_S7809002.cnv
* Sea-Bird SBE19plus  Data File:
* FileName = C:\R\Reservoirs\Data\DataNotYetUploadedToEDI\Raw_CTD\RawDownloads\091823_bvr50_S7809_0002.hex
* Software version 2.8.0.119
* Temperature SN = 7809
* Conductivity SN = 7809
* System UpLoad Time = Sep 22 2023 13:08:28
* <ApplicationData>
* <Seaterm232>
# nquan = 15
# nvalues = 1075                        
# units = specified
# name 0 = depFM: Depth [fresh water, m]
# name 1 = dz/dtM: Descent Rate [m/s]
# name 2 = sbeox0Mg/L: Oxygen, SBE 43 [mg/l]
# name 3 = sbeox0PS: Oxygen, SBE 43 [% saturation]
# name 4 = specc: Specific Conductance [uS/cm]
# name 5 = c0uS/cm: Conductivity [uS/cm]
# name 6 = flECO-AFL: Fluorescence, WET Labs ECO-AFL/FL [mg/m^3]
# name 7 = ph: pH
# name 8 = orp: Oxidation Reduction Potential [mV]
# name 9 = par/sat/log: PAR/Logarithmic, Satlantic
# name 10 = turbWETntu0: Turbidity, WET Labs ECO [NTU]
# name 11 = prdM: Pressure, Strain Gauge [db]
# name 12 = prdE: Pressure, Strain Gauge [psi]
# name 13 = tv290C: Temperature [ITS-90, deg C]
# name 14 = flag:  0.000e+00
# span 0 =     -0.693,      9.484       
# span 1 =     -0.229,      0.201       
# span 2 =     0.0469,     8.6501       
# span 3 =      0.531,     99.005       
# span 4 =      0.506,    425.565       
# span 5 =   0.480870, 313.476669       
# span 6 =    -1.9764,   227.4717       
# span 7 =     -2.159,      7.772       
# span 8 = -1240.7455,   690.7386       
# span 9 = 1.2357e-01, 1.8196e+03       
# span 10 =    -5.0304,   932.4748      
# span 11 =     -0.680,      9.303      
# span 12 =     -0.986,     13.494      
# span 13 =    11.7953,    22.5287      
# span 14 = 0.0000e+00, 0.0000e+00      
# interval = seconds: 0.25
# start_time = Sep 18 2023 13:27:47 [Instrument's time stamp, header]
# bad_flag = -9.990e-29
*END*
[from data line 964]
      3.746     -0.211     3.1182     29.054     61.095  45.250055     0.6499      6.049   267.6484 2.2007e+00    16.2809      3.674      5.328    12.0258 0.0000e+00
      3.686     -0.214     3.1170     29.090     61.166  45.307447     0.6842      6.049   267.4849 2.4541e+00    15.8301      3.615      5.242    12.0264 0.0000e+00
      3.627     -0.211     3.1187     29.122     61.199  45.339317     0.7586      6.050   266.7820 2.7277e+00    15.0330      3.556      5.157    12.0268 0.0000e+00
      3.572     -0.202     3.1220     29.144     61.158  45.317984     0.8176      6.051   266.0332 3.0357e+00    14.6364      3.502      5.079    12.0273 0.0000e+00
      3.521     -0.189     3.1303     29.131     61.124  45.303451     0.8482      6.051   265.9167 3.3939e+00    14.6551      3.452      5.008    12.0293 0.0000e+00
      3.475     -0.177     3.1315     29.063     61.179  45.354052     0.8708      6.050   265.9753 3.7939e+00    14.7469      3.406      4.940    12.0331 0.0000e+00
      3.434     -0.172     3.1358     28.930     61.259  45.421960     0.8824      6.049   265.1072 4.2280e+00    14.8242      3.367      4.883    12.0386 0.0000e+00
      3.398     -0.173     3.1378     28.683     61.512  45.616679     0.8965      6.048   263.5948 4.7147e+00    14.8043      3.333      4.835    12.0468 0.0000e+00
      3.361     -0.177     3.1379     28.304     62.096  46.057824     1.0995      6.048   262.0571 5.3265e+00    14.7796      3.301      4.787    12.0562 0.0000e+00
      3.316     -0.182     3.1281     27.845     62.590  46.438952     3.2370      6.048   260.7981 6.0961e+00    14.2178      3.255      4.723    12.0643 0.0000e+00
      3.261     -0.187     3.1171     27.366     62.781  46.606296     7.1243      6.047   259.7294 6.8885e+00    13.0330      3.198      4.640    12.0708 0.0000e+00
      3.205     -0.187     3.0913     26.916     63.013  46.811498     9.2474      6.045   258.5130 7.5480e+00    12.3418      3.141      4.555    12.0765 0.0000e+00
      3.154     -0.184     3.0465     26.507     63.238  47.015479     9.5977      6.044   257.1044 8.0494e+00    12.1799      3.089      4.481    12.0813 0.0000e+00
      3.110     -0.177     2.9955     26.140     63.131  46.977601    11.5263      6.043   255.8614 8.4699e+00    11.6565      3.049      4.422    12.0912 0.0000e+00
      3.071     -0.169     2.9391     25.802     62.831  46.797975    15.0545      6.041   255.3584 8.8858e+00    10.8301      3.011      4.367    12.1130 0.0000e+00
      3.032     -0.163     2.8898     25.465     62.626  46.684790    16.9835      6.039   254.9800 9.3134e+00    10.4543      2.972      4.311    12.1404 0.0000e+00
      2.992     -0.161     2.8432     25.066     62.501  46.624925    17.1462      6.037   253.6951 9.7653e+00    10.4268      2.936      4.258    12.1688 0.0000e+00
      2.950     -0.163     2.8029     24.527     62.323  46.518590    17.0299      6.037   251.6957 1.0246e+01    10.3266      2.894      4.197    12.2022 0.0000e+00
      2.907     -0.164     2.7645     23.811     62.154  46.414894    15.7020      6.038   250.1655 1.0733e+01     9.9944      2.849      4.133    12.2387 0.0000e+00
      2.865     -0.164     2.7291     22.933     62.175  46.450423    13.2934      6.040   249.6483 1.1226e+01     9.4836      2.809      4.075    12.2723 0.0000e+00
      2.822     -0.161     2.6886     21.970     62.392  46.630771    11.9858      6.041   249.4855 1.1755e+01     9.2404      2.769      4.015    12.2977 0.0000e+00
      2.778     -0.155     2.6306     21.049     62.614  46.817890    11.8107      6.039   249.0572 1.2279e+01     9.1377      2.723      3.949    12.3180 0.0000e+00
      2.737     -0.149     2.5530     20.280     62.639  46.871798    11.1011      6.034   248.3419 1.2728e+01     8.3445      2.682      3.890    12.3368 0.0000e+00
      2.702     -0.144     2.4548     19.704     62.575  46.901681     9.8069      6.028   247.2036 1.3129e+01     6.9940      2.648      3.840    12.3524 0.0000e+00
      2.670     -0.140     2.3462     19.322     62.581  47.052312     9.0962      6.019   245.2749 1.3548e+01     6.3369      2.619      3.798    12.3652 0.0000e+00
      2.637     -0.139     2.2418     19.166     62.491  47.169558     9.0257      6.011   243.6062 1.3994e+01     6.3772      2.586      3.751    12.3815 0.0000e+00
      2.602     -0.141     2.1581     19.245     62.281  47.176742     8.9204      6.006   242.7728 1.4451e+01     6.3196      2.551      3.699    12.4015 0.0000e+00
      2.567     -0.146     2.0951     19.423     62.148  47.202851     8.7226      6.006   240.3607 1.4988e+01     6.1191      2.518      3.651    12.4480 0.0000e+00
      2.529     -0.153     2.0468     19.478     62.134  47.294916     8.6066      6.006   236.2961 1.5627e+01     6.0361      2.481      3.598    12.5765 0.0000e+00
      2.488     -0.161     2.0200     19.281     61.974  47.274210     8.5585      6.008   233.7221 1.6272e+01     6.0676      2.440      3.539    12.7491 0.0000e+00
      2.447     -0.171     2.0280     18.833     61.392  46.952602     8.1571      6.012   233.2436 1.6905e+01     5.9884      2.400      3.481    12.8843 0.0000e+00
      2.404     -0.178     2.0532     18.212     60.598  46.517362     7.4158      6.018   233.7803 1.7594e+01     5.7956      2.360      3.423    12.9793 0.0000e+00
      2.356     -0.181     2.0597     17.474     60.047  46.329002     7.0029      6.025   233.9306 1.8320e+01     5.6486      2.313      3.355    13.0566 0.0000e+00
      2.304     -0.181     2.0352     16.620     59.763  46.389524     6.9608      6.032   233.4262 1.9011e+01     5.5781      2.259      3.276    13.1313 0.0000e+00
      2.252     -0.177     1.9804     15.748     59.359  46.360679     6.9482      6.038   233.4463 1.9663e+01     5.5239      2.207      3.201    13.2230 0.0000e+00
      2.206     -0.172     1.9059     15.037     58.783  46.171025     6.9330      6.041   233.7423 2.0205e+01     5.4707      2.162      3.136    13.3602 0.0000e+00
      2.166     -0.167     1.8237     14.572     58.191  45.937778     6.9272      6.045   232.8761 2.0587e+01     5.4136      2.123      3.079    13.5589 0.0000e+00
      2.130     -0.165     1.7223     14.381     57.460  45.572247     6.9273      6.050   229.8562 2.0925e+01     5.3797      2.089      3.030    13.8079 0.0000e+00
      2.093     -0.167     1.6126     14.475     56.621  45.116221     6.9187      6.058   226.4821 2.1384e+01     5.4026      2.054      2.979    14.0594 0.0000e+00
      2.051     -0.170     1.5313     14.795     55.561  44.487059     6.9062      6.067   225.4638 2.2032e+01     5.4516      2.014      2.922    14.2784 0.0000e+00
      2.004     -0.172     1.4769     15.285     54.422  43.805370     6.9097      6.072   226.4921 2.2836e+01     5.4940      1.967      2.853    14.4748 0.0000e+00
      1.954     -0.172     1.4494     15.929     53.856  43.602855     6.9182      6.075   227.5584 2.3702e+01     5.4708      1.915      2.777    14.6532 0.0000e+00
      1.906     -0.171     1.4570     16.720     53.711  43.752700     6.9089      6.076   226.9987 2.4545e+01     5.4103      1.867      2.708    14.8341 0.0000e+00
      1.865     -0.169     1.4852     17.712     53.430  43.776660     6.8811      6.080   225.2308 2.5380e+01     5.4462      1.826      2.650    15.0312 0.0000e+00
      1.829     -0.165     1.5278     18.979     52.916  43.575475     6.8576      6.085   224.2523 2.6416e+01     5.5623      1.794      2.603    15.2346 0.0000e+00
      1.790     -0.159     1.5853     20.532     52.565  43.478629     6.8581      6.088   224.5456 2.7872e+01     5.6538      1.759      2.551    15.4714 0.0000e+00
      1.746     -0.154     1.6533     22.420     52.525  43.621552     6.8528      6.087   224.7321 2.9659e+01     5.6639      1.712      2.484    15.7319 0.0000e+00
      1.701     -0.150     1.7380     24.683     52.368  43.653402     6.7349      6.084   223.4965 3.1630e+01     5.6164      1.665      2.415    15.9751 0.0000e+00
      1.661     -0.148     1.8566     27.135     51.838  43.356126     6.5239      6.084   221.8240 3.3418e+01     5.5909      1.625      2.356    16.1832 0.0000e+00
      1.631     -0.146     2.0009     29.497     51.262  43.010692     6.3987      6.086   221.5457 3.4769e+01     5.5952      1.599      2.320    16.3558 0.0000e+00
      1.601     -0.145     2.1719     31.614     50.895  42.841087     6.3689      6.090   222.3696 3.5870e+01     5.6347      1.574      2.283    16.5242 0.0000e+00
      1.565     -0.148     2.3938     33.402     50.336  42.511616     6.2726      6.094   222.8371 3.6699e+01     5.5905      1.536      2.228    16.6839 0.0000e+00
      1.523     -0.155     2.6374     34.804     49.499  41.946958     6.0991      6.099   222.7237 3.7258e+01     5.4021      1.493      2.166    16.8193 0.0000e+00
      1.481     -0.164     2.8617     35.794     48.685  41.409055     6.0026      6.104   222.2887 3.7663e+01     5.3035      1.452      2.106    16.9452 0.0000e+00
      1.439     -0.168     3.0609     36.419     48.034  41.022133     5.9803      6.109   221.7079 3.8317e+01     5.3549      1.412      2.049    17.0829 0.0000e+00
      1.394     -0.167     3.2258     36.884     47.665  40.886585     5.8796      6.110   221.3799 3.9437e+01     5.4774      1.369      1.986    17.2270 0.0000e+00
      1.346     -0.165     3.3511     37.409     47.410  40.849334     5.6997      6.113   221.1619 4.0871e+01     5.5889      1.319      1.913    17.3643 0.0000e+00
      1.302     -0.163     3.4369     38.142     47.106  40.762370     5.6034      6.120   221.0512 4.2708e+01     5.6102      1.271      1.844    17.5173 0.0000e+00
      1.267     -0.162     3.4738     39.218     46.798  40.660400     5.5891      6.127   221.0742 4.5193e+01     5.5979      1.241      1.800    17.6933 0.0000e+00
      1.232     -0.161     3.4968     40.769     46.443  40.505148     5.4603      6.135   221.2669 4.8658e+01     5.6099      1.212      1.759    17.8835 0.0000e+00
      1.191     -0.160     3.5286     42.877     46.092  40.345134     5.2286      6.143   221.5748 5.3063e+01     5.6534      1.169      1.696    18.0804 0.0000e+00
      1.146     -0.161     3.5792     45.509     45.818  40.249034     5.1002      6.149   221.6995 5.7194e+01     5.6463      1.124      1.630    18.2669 0.0000e+00
      1.101     -0.164     3.6636     48.500     45.636  40.231896     5.0818      6.153   221.9997 6.0343e+01     5.5921      1.079      1.565    18.4430 0.0000e+00
      1.060     -0.164     3.7915     51.476     45.511  40.265032     5.0807      6.156   222.6247 6.2973e+01     5.5791      1.038      1.505    18.6070 0.0000e+00
      1.020     -0.162     3.9794     54.129     45.364  40.269086     5.1368      6.157   222.8024 6.5645e+01     5.5914      1.002      1.452    18.7627 0.0000e+00
      0.979     -0.162     4.2129     56.479     45.244  40.281094     5.2535      6.158   222.0830 6.7987e+01     5.6374      0.962      1.393    18.9186 0.0000e+00
      0.938     -0.165     4.4921     58.559     45.208  40.346913     5.3180      6.160   221.2407 6.9559e+01     5.6575      0.918      1.332    19.0738 0.0000e+00
      0.898     -0.170     4.7673     60.295     45.138  40.366928     5.3005      6.163   221.5667 7.1682e+01     5.6296      0.880      1.277    19.2358 0.0000e+00
      0.858     -0.175     4.9895     61.701     45.019  40.332799     5.1076      6.168   222.9267 7.6483e+01     5.5738      0.846      1.227    19.3884 0.0000e+00
      0.812     -0.179     5.1907     62.844     44.925  40.315148     4.7674      6.170   223.5738 8.0900e+01     5.4610      0.799      1.159    19.5177 0.0000e+00
      0.759     -0.182     5.3763     63.773     44.815  40.280519     4.5909      6.170   222.9376 8.0696e+01     5.3931      0.741      1.075    19.6260 0.0000e+00
      0.709     -0.183     5.5233     64.513     44.684  40.231516     4.5721      6.173   222.2036 8.0311e+01     5.3673      0.691      1.002    19.7150 0.0000e+00
      0.666     -0.177     5.6400     64.988     44.594  40.230462     4.4816      6.177   222.6148 8.4816e+01     5.3206      0.653      0.948    19.7918 0.0000e+00
      0.621     -0.164     5.7364     65.213     44.539  40.267886     4.3206      6.176   223.6936 9.7334e+01     5.3061      0.612      0.888    19.8645 0.0000e+00
      0.572     -0.153     5.8086     65.336     44.484  40.303339     4.2317      6.171   223.7185 1.0786e+02     5.3630      0.557      0.809    19.9352 0.0000e+00
      0.533     -0.149     5.8733     65.436     44.439  40.341923     4.2311      6.167   222.8291 1.1032e+02     5.4274      0.515      0.747    20.0082 0.0000e+00
      0.508     -0.152     5.9071     65.586     44.373  40.353727     4.2553      6.167   222.7483 1.1398e+02     5.3329      0.498      0.723    20.0979 0.0000e+00
      0.482     -0.159     5.9053     65.909     44.262  40.319223     4.2828      6.171   230.1410 1.1837e+02     5.1431      0.480      0.696    20.2019 0.0000e+00
      0.441     -0.174     5.9062     66.512     44.179  40.305623     4.2883      6.177   239.4244 1.2758e+02     5.0802      0.438      0.635    20.2997 0.0000e+00
      0.389     -0.195     5.9018     67.346     44.196  40.379757     4.2640      6.184   234.9294 1.4010e+02     5.1191      0.381      0.552    20.3869 0.0000e+00
      0.334     -0.213     5.9029     68.272     44.287  40.517537     4.0807      6.191   226.2115 1.4756e+02     5.1683      0.326      0.472    20.4683 0.0000e+00
      0.279     -0.215     5.9166     69.144     44.361  40.638842     3.7444      6.199   233.5642 1.6282e+02     5.1632      0.281      0.407    20.5428 0.0000e+00
      0.210     -0.206     5.9663     69.933     44.371  40.704150     3.5529      6.210   245.8788 1.9405e+02     5.0915      0.211      0.306    20.6130 0.0000e+00
      0.139     -0.197     6.0382     70.764     44.341  40.736069     3.5289      6.221   249.7473 2.1444e+02     5.0529      0.122      0.176    20.6788 0.0000e+00
      0.096     -0.193     6.1177     71.583     44.315  40.770985     3.4879      6.225   257.9675 2.0023e+02     5.0728      0.082      0.119    20.7396 0.0000e+00
      0.076     -0.190     6.1945     72.244     44.296  40.809070     3.4159      6.226   266.1989 1.7461e+02     5.1264      0.082      0.120    20.7989 0.0000e+00
      0.044     -0.188     6.2441     72.714     44.317  40.879305     3.3821      6.232   267.6208 1.7159e+02     5.1551      0.056      0.083    20.8625 0.0000e+00
     -0.015     -0.189     6.3173     73.030     44.381  40.985607     3.3792      6.244   268.2763 1.8868e+02     5.1117     -0.014     -0.020    20.9294 0.0000e+00
     -0.082     -0.192     6.3862     73.018     44.433  41.078969     3.3725      6.255   267.3273 2.1286e+02     5.0796     -0.086     -0.125    20.9973 0.0000e+00
     -0.139     -0.184     6.4391     72.652     44.362  41.056209     3.3755      6.260   265.6970 2.3555e+02     5.1091     -0.139     -0.200    21.0618 0.0000e+00
     -0.187     -0.160     6.4694     72.504     44.151  40.900872     3.3824      6.263   266.5472 2.4183e+02     5.1611     -0.183     -0.265    21.1171 0.0000e+00
     -0.232     -0.136     6.4942     72.562     43.991  40.787508     3.3809      6.270   269.4336 2.3579e+02     5.2296     -0.232     -0.337    21.1698 0.0000e+00
     -0.261     -0.128     6.5062     72.454     43.931  40.764501     3.3743      6.277   271.2565 2.3234e+02     5.9032     -0.270     -0.392    21.2209 0.0000e+00
     -0.264     -0.133     6.4239     72.500     43.879  40.749679     3.3855      6.279   271.9823 2.3666e+02    13.8179     -0.261     -0.378    21.2698 0.0000e+00
     -0.268     -0.142     6.4092     72.792     43.828  40.735264     3.4250      6.277   270.6372 2.4250e+02    28.4054     -0.242     -0.351    21.3158 0.0000e+00
     -0.315     -0.156     6.4454     73.092     43.777  40.717197     3.4526      6.275   258.8656 2.4360e+02    36.3508     -0.293     -0.425    21.3552 0.0000e+00
