Data/DataNotYetUploadedToEDI/Raw_CTD/RawDownloads/091823_bvr50_S7809001.cnv
* Sea-Bird SBE19plus  Data File:
* FileName = C:\R\Reservoirs\Data\DataNotYetUploadedToEDI\Raw_CTD\RawDownloads\091823_bvr50_S7809_0001.hex
* Software version 2.8.0.119
* Temperature SN = 7809
* Conductivity SN = 7809
* System UpLoad Time = Sep 22 2023 13:07:59
* <ApplicationData>
* <Seaterm232>
# nquan = 15
# nvalues = 1834                        
# units = specified
# name 0 = depFM: Depth [fresh water, m]
# name 1 = dz/dtM: Descent Rate [m/s]
# name 2 = sbeox0Mg/L: Oxygen, SBE 43 [mg/l]
# name 3 = sbeox0PS: Oxygen, SBE 43 [% saturation]
# name 4 = specc: Specific Conductance [uS/cm]
# name 5 = c0uS/cm: Conductivity [uS/cm]
# name 6 = flECO-AFL: Fluorescence, WET Labs ECO-AFL/FL [mg/m^3]
# name 7 = ph: pH
# name 8 = orp: Oxidation Reduction Potential [mV]
# name 9 = par/sat/log: PAR/Logarithmic, Satlantic
# name 10 = turbWETntu0: Turbidity, WET Labs ECO [NTU]
# name 11 = prdM: Pressure, Strain Gauge [db]
# name 12 = prdE: Pressure, Strain Gauge [psi]
# name 13 = tv290C: Temperature [ITS-90, deg C]
# name 14 = flag:  0.000e+00
# span 0 =     -0.774,      8.922       
# span 1 =     -0.360,      0.291       
# span 2 =    -0.2624,     8.6779       
# span 3 =     -2.372,     99.000       
# span 4 =      3.932,    193.653       
# span 5 =   3.693842, 135.241061       
# span 6 =    -0.4681,    56.5808       
# span 7 =      6.049,      7.830       
# span 8 =  -102.8769,   386.3536       
# span 9 = 1.2362e-01, 1.6928e+03       
# span 10 =     0.5980,    23.2523      
# span 11 =     -0.762,      8.750      
# span 12 =     -1.105,     12.691      
# span 13 =     9.8696,    22.2184      
# span 14 = 0.0000e+00, 0.0000e+00      
# interval = seconds: 0.25
# start_time = Sep 18 2023 10:39:35 [Instrument's time stamp, header]
# bad_flag = -9.990e-29
*END*
[from data line 579]
      1.822      0.011     6.6305     76.125     32.643  30.801065     7.9750      6.657   326.3541 5.2505e+01     2.9241      1.787      2.591    22.1738 0.0000e+00
      1.824      0.010     6.6385     76.044     32.652  30.809832     7.8767      6.658   326.0363 5.2183e+01     2.9117      1.789      2.594    22.1739 0.0000e+00
      1.827      0.010     6.6441     75.976     32.651  30.809572     7.8696      6.658   325.8286 5.1475e+01     2.8942      1.792      2.599    22.1740 0.0000e+00
      1.829      0.011     6.6417     75.929     32.639  30.797922     7.8307      6.658   325.7352 5.0831e+01     2.8847      1.793      2.601    22.1741 0.0000e+00
      1.831      0.013     6.6326     75.915     32.637  30.795832     7.7481      6.659   325.8538 4.9651e+01     2.8648      1.794      2.602    22.1740 0.0000e+00
      1.834      0.015     6.6251     75.925     32.625  30.784307     7.7025      6.659   325.9719 4.7827e+01     2.8928      1.798      2.608    22.1738 0.0000e+00
      1.838      0.017     6.6200     75.961     32.626  30.785441     7.7032      6.659   325.8729 4.6467e+01     2.9150      1.803      2.615    22.1739 0.0000e+00
      1.843      0.018     6.6140     76.020     32.652  30.809547     7.7063      6.659   325.7751 4.5992e+01     2.8943      1.808      2.622    22.1741 0.0000e+00
      1.849      0.018     6.6145     76.075     32.666  30.822035     7.7234      6.658   325.8223 4.5137e+01     2.8813      1.814      2.630    22.1747 0.0000e+00
      1.854      0.018     6.6144     76.109     32.653  30.809559     7.7685      6.658   325.8415 4.3605e+01     2.8948      1.820      2.638    22.1750 0.0000e+00
      1.859      0.017     6.6176     76.124     32.628  30.785565     7.8107      6.659   325.7489 4.2388e+01     2.9211      1.823      2.644    22.1746 0.0000e+00
      1.863      0.017     6.6243     76.124     32.628  30.785669     7.8340      6.659   325.7355 4.1241e+01     2.9256      1.828      2.650    22.1735 0.0000e+00
      1.867      0.016     6.6296     76.121     32.654  30.810816     7.8921      6.660   325.8518 3.9960e+01     2.9150      1.831      2.656    22.1719 0.0000e+00
      1.870      0.015     6.6326     76.141     32.681  30.835876     7.9970      6.661   325.8646 3.8869e+01     2.8945      1.834      2.660    22.1716 0.0000e+00
      1.874      0.015     6.6333     76.160     32.680  30.834931     8.0621      6.661   325.8035 3.7567e+01     2.8838      1.837      2.665    22.1721 0.0000e+00
      1.878      0.014     6.6338     76.150     32.642  30.799396     8.0803      6.660   325.8020 3.6272e+01     2.9219      1.842      2.672    22.1722 0.0000e+00
      1.882      0.013     6.6311     76.126     32.628  30.786826     8.0676      6.660   325.7598 3.4942e+01     2.9114      1.846      2.678    22.1721 0.0000e+00
      1.885      0.013     6.6346     76.120     32.652  30.809813     8.0157      6.660   325.6373 3.3288e+01     2.8592      1.849      2.683    22.1722 0.0000e+00
      1.888      0.013     6.6379     76.148     32.666  30.823592     7.9854      6.662   325.5257 3.1506e+01     2.9048      1.851      2.685    22.1723 0.0000e+00
      1.890      0.013     6.6353     76.168     32.669  30.826560     7.9932      6.663   325.5292 2.9891e+01     2.9857      1.854      2.689    22.1723 0.0000e+00
      1.893      0.014     6.6330     76.173     32.690  30.845701     8.0347      6.663   325.5931 2.8549e+01     2.9831      1.857      2.693    22.1729 0.0000e+00
      1.896      0.015     6.6303     76.193     32.710  30.864727     8.0966      6.663   325.6105 2.6915e+01     2.9071      1.859      2.697    22.1738 0.0000e+00
      1.901      0.016     6.6359     76.198     32.712  30.866301     8.1261      6.663   325.5666 2.5189e+01     2.8530      1.864      2.704    22.1743 0.0000e+00
      1.906      0.016     6.6379     76.167     32.710  30.864729     8.1412      6.663   325.4936 2.3958e+01     2.8755      1.870      2.712    22.1744 0.0000e+00
      1.911      0.015     6.6352     76.134     32.690  30.845713     8.2296      6.663   325.5012 2.2998e+01     2.9400      1.874      2.719    22.1740 0.0000e+00
      1.915      0.015     6.6400     76.115     32.670  30.826684     8.3705      6.664   325.4867 2.2143e+01     3.0180      1.878      2.723    22.1739 0.0000e+00
      1.918      0.015     6.6411     76.096     32.668  30.824954     8.4295      6.666   325.4038 2.1457e+01     3.0323      1.881      2.728    22.1739 0.0000e+00
      1.920      0.015     6.6363     76.057     32.668  30.824796     8.4192      6.666   325.4459 2.0812e+01     2.9765      1.883      2.731    22.1736 0.0000e+00
      1.923      0.017     6.6329     75.996     32.668  30.824781     8.4117      6.666   325.5658 1.9998e+01     2.9582      1.886      2.734    22.1736 0.0000e+00
      1.928      0.019     6.6320     75.926     32.668  30.824771     8.3473      6.667   325.6487 1.8997e+01     2.9479      1.889      2.740    22.1742 0.0000e+00
      1.933      0.021     6.6309     75.868     32.667  30.824666     8.2238      6.668   325.7602 1.7906e+01     2.8866      1.894      2.748    22.1744 0.0000e+00
      1.940      0.023     6.6278     75.832     32.666  30.823512     8.1421      6.668   325.8816 1.6857e+01     2.8320      1.902      2.758    22.1741 0.0000e+00
      1.947      0.023     6.6218     75.806     32.653  30.810825     8.1083      6.668   325.9118 1.5965e+01     2.8333      1.910      2.770    22.1737 0.0000e+00
      1.953      0.023     6.6155     75.785     32.640  30.798139     8.0150      6.668   325.8672 1.5252e+01     2.8684      1.916      2.779    22.1739 0.0000e+00
      1.958      0.022     6.6093     75.770     32.640  30.796986     7.8629      6.667   325.8576 1.4806e+01     2.9148      1.920      2.785    22.1743 0.0000e+00
      1.964      0.021     6.6072     75.760     32.641  30.796891     7.7759      6.666   325.8818 1.4588e+01     2.9157      1.926      2.793    22.1747 0.0000e+00
      1.969      0.020     6.6050     75.751     32.643  30.796986     7.7532      6.667   325.9024 1.4488e+01     2.8802      1.931      2.800    22.1748 0.0000e+00
      1.974      0.019     6.6029     75.736     32.644  30.798129     7.7138      6.667   325.9346 1.4580e+01     2.9292      1.935      2.806    22.1738 0.0000e+00
      1.979      0.019     6.6024     75.706     32.658  30.810712     7.6663      6.666   325.9268 1.4773e+01     2.9953      1.941      2.815    22.1720 0.0000e+00
      1.983      0.020     6.6011     75.640     32.670  30.822255     7.6613      6.666   325.8937 1.4849e+01     2.9960      1.945      2.821    22.1696 0.0000e+00
      1.987      0.021     6.6017     75.533     32.658  30.810827     7.6786      6.666   325.8786 1.4879e+01     2.9719      1.949      2.826    22.1675 0.0000e+00
      1.992      0.022     6.6000     75.402     32.646  30.799407     7.7421      6.666   326.0025 1.4896e+01     2.9779      1.952      2.832    22.1660 0.0000e+00
      1.998      0.022     6.5989     75.293     32.657  30.811045     7.8630      6.667   326.1871 1.4757e+01     3.0338      1.958      2.840    22.1657 0.0000e+00
      2.006      0.022     6.5929     75.232     32.671  30.824667     7.9248      6.668   326.2176 1.4437e+01     3.0333      1.967      2.853    22.1663 0.0000e+00
      2.013      0.021     6.5835     75.208     32.684  30.837249     7.9318      6.668   326.1997 1.4025e+01     3.0065      1.975      2.864    22.1665 0.0000e+00
      2.018      0.020     6.5700     75.213     32.683  30.836295     7.9642      6.667   326.2283 1.3684e+01     2.9827      1.980      2.871    22.1668 0.0000e+00
      2.022      0.019     6.5591     75.225     32.658  30.813134     8.0168      6.666   326.3062 1.3474e+01     2.9158      1.983      2.877    22.1677 0.0000e+00
      2.025      0.019     6.5552     75.249     32.656  30.810952     8.0513      6.664   326.4531 1.3366e+01     2.9152      1.985      2.880    22.1687 0.0000e+00
      2.029      0.021     6.5522     75.310     32.656  30.809911     8.0573      6.661   326.5414 1.3456e+01     2.9416      1.988      2.884    22.1690 0.0000e+00
      2.034      0.024     6.5545     75.392     32.646  30.800551     8.0561      6.657   326.5139 1.3987e+01     2.8928      1.994      2.892    22.1687 0.0000e+00
      2.040      0.028     6.5550     75.467     32.671  30.824647     8.0779      6.654   326.5507 1.5157e+01     2.8383      2.001      2.902    22.1688 0.0000e+00
      2.048      0.031     6.5555     75.532     32.695  30.847514     8.1218      6.651   326.6413 1.6977e+01     2.8283      2.007      2.911    22.1691 0.0000e+00
      2.058      0.032     6.5618     75.578     32.669  30.823296     8.1451      6.649   326.7499 1.9480e+01     2.8403      2.017      2.926    22.1692 0.0000e+00
      2.070      0.030     6.5704     75.625     32.629  30.785568     8.1517      6.649   326.8319 2.2590e+01     2.8470      2.032      2.946    22.1694 0.0000e+00
      2.079      0.027     6.5760     75.696     32.614  30.771956     8.2344      6.650   326.7716 2.5833e+01     2.8413      2.040      2.959    22.1695 0.0000e+00
      2.084      0.023     6.5827     75.751     32.629  30.785578     8.3966      6.651   326.7095 2.8747e+01     2.8730      2.045      2.965    22.1699 0.0000e+00
      2.087      0.019     6.5862     75.776     32.669  30.823409     8.4898      6.652   326.7699 3.1167e+01     2.9231      2.048      2.969    22.1698 0.0000e+00
      2.090      0.017     6.5878     75.795     32.696  30.848762     8.4877      6.652   326.8985 3.2815e+01     2.9349      2.049      2.972    22.1695 0.0000e+00
      2.093      0.016     6.5973     75.808     32.686  30.838382     8.3793      6.653   326.9738 3.3585e+01     2.9132      2.053      2.977    22.1697 0.0000e+00
      2.097      0.016     6.6023     75.826     32.671  30.824770     8.1857      6.654   326.9927 3.3886e+01     2.8658      2.057      2.983    22.1698 0.0000e+00
      2.102      0.016     6.6023     75.837     32.656  30.811045     8.0864      6.654   327.0410 3.4084e+01     2.8746      2.061      2.990    22.1697 0.0000e+00
      2.108      0.016     6.6055     75.841     32.644  30.799304     8.0859      6.655   327.1280 3.4237e+01     2.9165      2.067      2.998    22.1696 0.0000e+00
      2.113      0.015     6.6052     75.872     32.655  30.809684     8.1052      6.656   327.2690 3.4237e+01     2.9289      2.073      3.006    22.1696 0.0000e+00
      2.117      0.014     6.6075     75.917     32.655  30.809673     8.1280      6.657   327.3692 3.4272e+01     2.9219      2.076      3.010    22.1694 0.0000e+00
      2.119      0.013     6.6097     75.933     32.644  30.799169     8.1294      6.659   327.3076 3.4524e+01     2.9002      2.078      3.014    22.1692 0.0000e+00
      2.121      0.012     6.6066     75.893     32.655  30.809558     8.1301      6.660   327.2982 3.4534e+01     2.9053      2.080      3.017    22.1693 0.0000e+00
      2.124      0.012     6.6113     75.818     32.653  30.808413     8.1359      6.661   327.3415 3.4319e+01     2.9157      2.082      3.020    22.1692 0.0000e+00
      2.127      0.013     6.6160     75.740     32.628  30.785328     8.1162      6.662   327.2292 3.4307e+01     2.8894      2.086      3.025    22.1692 0.0000e+00
      2.131      0.014     6.6192     75.661     32.628  30.784174     8.0840      6.664   327.2302 3.4177e+01     2.8601      2.090      3.031    22.1691 0.0000e+00
      2.135      0.015     6.6145     75.610     32.639  30.794469     8.0708      6.664   327.3542 3.3822e+01     2.8686      2.094      3.037    22.1691 0.0000e+00
      2.139      0.015     6.6059     75.622     32.627  30.782926     8.0726      6.665   327.2657 3.3534e+01     2.8565      2.099      3.043    22.1696 0.0000e+00
      2.143      0.015     6.6009     75.682     32.615  30.771478     8.0563      6.667   327.1923 3.3297e+01     2.8157      2.102      3.048    22.1699 0.0000e+00
      2.146      0.016     6.5920     75.738     32.627  30.782925     8.0153      6.667   327.3278 3.2947e+01     2.8188      2.105      3.053    22.1698 0.0000e+00
      2.150      0.017     6.5865     75.786     32.639  30.794459     7.9844      6.667   327.5273 3.2454e+01     2.8256      2.109      3.059    22.1695 0.0000e+00
      2.154      0.017     6.5875     75.839     32.629  30.784071     7.9824      6.668   327.7969 3.2064e+01     2.7960      2.112      3.063    22.1692 0.0000e+00
      2.158      0.017     6.5961     75.873     32.629  30.784184     8.0581      6.669   328.0064 3.1741e+01     2.8034      2.115      3.068    22.1689 0.0000e+00
      2.164      0.016     6.6005     75.875     32.641  30.795832     8.1923      6.669   328.0817 3.1288e+01     2.8460      2.122      3.079    22.1685 0.0000e+00
      2.170      0.015     6.6030     75.830     32.643  30.798036     8.2570      6.669   328.1050 3.0828e+01     2.8328      2.129      3.089    22.1683 0.0000e+00
      2.174      0.013     6.6103     75.758     32.657  30.810827     8.2493      6.670   328.1161 3.0518e+01     2.8148      2.132      3.093    22.1683 0.0000e+00
      2.176      0.011     6.6118     75.697     32.670  30.823626     8.2238      6.671   328.2169 3.0408e+01     2.8675      2.134      3.095    22.1683 0.0000e+00
      2.177      0.010     6.6140     75.646     32.672  30.825914     8.1815      6.671   328.2914 3.0393e+01     2.9240      2.135      3.097    22.1679 0.0000e+00
      2.179      0.010     6.6094     75.646     32.686  30.838496     8.1535      6.673   328.2418 3.0345e+01     2.9161      2.136      3.099    22.1676 0.0000e+00
      2.181      0.012     6.6000     75.707     32.696  30.848886     8.1520      6.675   328.3051 3.0252e+01     2.8747      2.138      3.102    22.1680 0.0000e+00
      2.184      0.016     6.5974     75.759     32.671  30.824668     8.2048      6.675   328.5411 3.0135e+01     2.8672      2.141      3.105    22.1686 0.0000e+00
      2.188      0.020     6.5897     75.771     32.644  30.799418     8.3093      6.675   328.6861 3.0003e+01     2.8946      2.145      3.111    22.1690 0.0000e+00
      2.194      0.023     6.5887     75.768     32.642  30.797320     8.3675      6.675   328.7679 2.9813e+01     2.8978      2.150      3.119    22.1692 0.0000e+00
      2.201      0.025     6.5983     75.765     32.645  30.799305     8.3754      6.675   328.9269 2.9589e+01     2.8716      2.158      3.130    22.1692 0.0000e+00
      2.210      0.028     6.6035     75.781     32.670  30.823410     8.3798      6.675   328.9749 2.9406e+01     2.8517      2.168      3.144    22.1692 0.0000e+00
      2.218      0.029     6.6029     75.826     32.682  30.835037     8.3877      6.674   328.9178 2.9284e+01     2.8623      2.176      3.156    22.1691 0.0000e+00
      2.223      0.029     6.6024     75.865     32.658  30.813020     8.3953      6.672   328.9247 2.9242e+01     2.8971      2.180      3.162    22.1693 0.0000e+00
      2.230      0.027     6.6018     75.890     32.656  30.810932     8.3893      6.669   328.8858 2.9144e+01     2.8965      2.184      3.168    22.1694 0.0000e+00
      2.239      0.023     6.6015     75.918     32.655  30.809798     8.3735      6.668   328.7916 2.8909e+01     2.8558      2.197      3.186    22.1692 0.0000e+00
      2.247      0.021     6.6086     75.936     32.644  30.799305     8.3616      6.669   328.9045 2.8771e+01     2.8486      2.206      3.200    22.1690 0.0000e+00
      2.251      0.019     6.6116     75.929     32.657  30.810932     8.3701      6.671   329.1329 2.8794e+01     2.8780      2.208      3.203    22.1687 0.0000e+00
      2.252      0.019     6.6126     75.908     32.671  30.823522     8.3850      6.672   329.2301 2.8704e+01     2.9030      2.209      3.203    22.1685 0.0000e+00
