Data/DataNotYetUploadedToEDI/Raw_CTD/RawDownloads/091823_bvr50_S8188001.cnv
* Sea-Bird SBE19plus  Data File:
* FileName = C:\R\Reservoirs\Data\DataNotYetUploadedToEDI\Raw_CTD\RawDownloads\091823_bvr50_S8188_0001.hex
* Software version 2.8.0.119
* Temperature SN = 8188
* Conductivity SN = 8188
* System UpLoad Time = Sep 22 2023 13:13:24
* <ApplicationData>
* <Seaterm232>
# nquan = 16
# nvalues = 1558                        
# units = specified
# name 0 = depFM: Depth [fresh water, m]
# name 1 = dz/dtM: Descent Rate [m/s]
# name 2 = sbeox0Mg/L: Oxygen, SBE 43 [mg/l]
# name 3 = sbeox0PS: Oxygen, SBE 43 [% saturation]
# name 4 = specc: Specific Conductance [uS/cm]
# name 5 = c0uS/cm: Conductivity [uS/cm]
# name 6 = wetCDOM: Fluorescence, WET Labs CDOM [mg/m^3]
# name 7 = flECO-AFL: Fluorescence, WET Labs ECO-AFL/FL [mg/m^3]
# name 8 = flECO-AFL1: Fluorescence, WET Labs ECO-AFL/FL, 2 [mg/m^3]
# name 9 = flECO-AFL2: Fluorescence, WET Labs ECO-AFL/FL, 3 [mg/m^3]
# name 10 = par/sat/log: PAR/Logarithmic, Satlantic
# name 11 = turbWETntu0: Turbidity, WET Labs ECO [NTU]
# name 12 = prdM: Pressure, Strain Gauge [db]
# name 13 = prdE: Pressure, Strain Gauge [psi]
# name 14 = tv290C: Temperature [ITS-90, deg C]
# name 15 = flag:  0.000e+00
# span 0 =     -0.765,      9.003       
# span 1 =     -0.219,      0.098       
# span 2 =     0.0485,     8.7079       
# span 3 =      0.492,     99.992       
# span 4 =     24.001,    201.232       
# span 5 =  22.633515, 140.335088       
# span 6 =    -4.5000,     8.4600       
# span 7 =    -0.8250,    37.3836       
# span 8 =    -2.1300,     2.7690       
# span 9 =    -2.0304,     3.5109       
# span 10 = 1.1585e-01, 1.9770e+03      
# span 11 =    -0.4084,    54.3314      
# span 12 =     -0.750,      8.829      
# span 13 =     -1.088,     12.805      
# span 14 =     9.8601,    22.2158      
# span 15 = 0.0000e+00, 0.0000e+00      
# interval = seconds: 0.25
# start_time = Sep 18 2023 10:53:29 [Instrument's time stamp, header]
# bad_flag = -9.990e-29
*END*
[from data line 272]
      0.933      0.027     4.7190     54.394     32.812  30.984557     2.6100     4.5423     0.0426     1.2267 6.1581e+01     1.7259      0.914      1.326    22.2102 0.0000e+00
      0.939      0.029     4.7235     54.398     32.813  30.985189     2.6100     4.5805     0.0426     1.2267 6.1688e+01     1.7560      0.921      1.336    22.2099 0.0000e+00
      0.947      0.031     4.7303     54.387     32.808  30.981224     2.6100     4.5576     0.0426     1.2267 5.7457e+01     1.7410      0.928      1.346    22.2098 0.0000e+00
      0.955      0.033     4.7346     54.365     32.798  30.971604     2.6100     4.5652     0.0426     1.2267 5.8261e+01     1.7860      0.937      1.358    22.2098 0.0000e+00
      0.964      0.034     4.7362     54.330     32.791  30.965644     2.6100     4.4889     0.0426     1.1844 5.9632e+01     1.7259      0.946      1.371    22.2099 0.0000e+00
      0.974      0.035     4.7365     54.278     32.791  30.965714     2.6100     4.5118     0.0426     1.1844 5.3866e+01     1.7560      0.955      1.385    22.2101 0.0000e+00
      0.983      0.035     4.7356     54.232     32.789  30.963914     2.6100     4.5042     0.0426     1.1844 5.5505e+01     1.7259      0.964      1.398    22.2104 0.0000e+00
      0.992      0.034     4.7336     54.227     32.784  30.959764     2.6100     4.5042     0.0426     1.1844 5.3725e+01     1.8311      0.973      1.411    22.2107 0.0000e+00
      1.000      0.033     4.7305     54.256     32.780  30.956115     2.6100     4.4737     0.0852     1.3113 5.3365e+01     1.5456      0.981      1.423    22.2110 0.0000e+00
      1.009      0.032     4.7260     54.289     32.772  30.948037     2.6100     4.4927     0.0852     1.3113 5.4442e+01     1.5305      0.989      1.435    22.2113 0.0000e+00
      1.016      0.030     4.7220     54.321     32.761  30.937333     2.6100     4.4927     0.0852     1.3113 5.2673e+01     1.5305      0.997      1.446    22.2115 0.0000e+00
      1.024      0.029     4.7215     54.352     32.756  30.933031     2.6100     4.5004     0.0852     1.3113 5.4100e+01     1.4253      1.004      1.456    22.2117 0.0000e+00
      1.031      0.027     4.7240     54.402     32.757  30.933983     2.6100     4.4508     0.0852     1.3113 5.4644e+01     1.7410      1.011      1.467    22.2119 0.0000e+00
      1.038      0.026     4.7269     54.477     32.764  30.940444     2.6100     4.4202     0.0426     1.1421 5.3399e+01     1.7710      1.018      1.476    22.2120 0.0000e+00
      1.044      0.024     4.7297     54.544     32.775  30.950175     2.6100     4.4164     0.0426     1.1421 5.1362e+01     1.7860      1.024      1.485    22.2119 0.0000e+00
      1.050      0.023     4.7324     54.570     32.779  30.953892     2.6100     4.4317     0.0426     1.1421 5.0951e+01     1.8161      1.030      1.494    22.2118 0.0000e+00
      1.056      0.022     4.7368     54.559     32.782  30.956545     2.6100     4.3173     0.0426     1.1421 4.8037e+01     1.6207      1.036      1.502    22.2115 0.0000e+00
      1.061      0.021     4.7434     54.556     32.789  30.962803     2.6100     4.2944     0.0426     1.2267 4.2617e+01     1.5606      1.041      1.509    22.2112 0.0000e+00
      1.066      0.021     4.7492     54.580     32.798  30.970373     2.6100     4.3020     0.0426     1.2267 3.9719e+01     1.5756      1.045      1.516    22.2107 0.0000e+00
      1.070      0.021     4.7516     54.610     32.809  30.981276     2.6100     4.3211     0.0426     1.2267 3.6802e+01     1.4854      1.050      1.523    22.2101 0.0000e+00
      1.076      0.023     4.7507     54.651     32.819  30.990497     2.6100     4.4202     0.0426     1.2267 3.2480e+01     1.8011      1.055      1.530    22.2095 0.0000e+00
      1.081      0.024     4.7505     54.754     32.820  30.992576     2.6100     4.4202     0.0426     1.2690 3.0769e+01     1.8612      1.061      1.538    22.2091 0.0000e+00
      1.088      0.026     4.7525     54.965     32.815  30.988066     2.6100     4.4279     0.0426     1.2690 3.0318e+01     1.8011      1.067      1.547    22.2091 0.0000e+00
      1.095      0.028     4.7551     55.310     32.806  30.979727     2.6100     4.4164     0.0426     1.2690 2.8877e+01     1.7710      1.074      1.557    22.2093 0.0000e+00
      1.103      0.029     4.7586     55.588     32.799  30.973253     2.6100     4.4775     0.0426     1.2690 2.8596e+01     1.5456      1.082      1.568    22.2097 0.0000e+00
      1.111      0.030     4.7676     55.504     32.792  30.966919     2.6100     4.4851     0.0000     1.2690 2.8441e+01     1.5456      1.089      1.580    22.2102 0.0000e+00
      1.118      0.031     4.7859     55.196     32.784  30.959035     2.6100     4.5042     0.0000     1.2690 2.7818e+01     1.5907      1.097      1.591    22.2107 0.0000e+00
      1.126      0.032     4.8159     54.879     32.780  30.955419     2.6100     4.5042     0.0000     1.2690 2.7356e+01     1.5155      1.105      1.602    22.2110 0.0000e+00
      1.135      0.032     4.8401     54.577     32.780  30.955108     2.6100     4.5385     0.0000     1.2690 2.5887e+01     1.7860      1.113      1.614    22.2111 0.0000e+00
      1.143      0.032     4.8328     54.344     32.775  30.950098     2.6100     4.5576     0.0000     1.2690 2.6227e+01     1.8762      1.121      1.626    22.2111 0.0000e+00
      1.151      0.032     4.8060     54.175     32.764  30.939053     2.6100     4.5690     0.0000     1.2267 2.6347e+01     1.8161      1.129      1.637    22.2111 0.0000e+00
      1.159      0.033     4.7783     54.076     32.755  30.930908     2.6100     4.5500     0.0000     1.2267 2.5558e+01     1.7560      1.137      1.649    22.2110 0.0000e+00
      1.167      0.034     4.7520     54.188     32.756  30.931410     2.6100     4.4050     0.0000     1.2267 2.5809e+01     1.8161      1.145      1.660    22.2108 0.0000e+00
      1.176      0.035     4.7318     54.402     32.762  30.936734     2.6100     4.4279     0.0000     1.2267 2.6159e+01     1.7410      1.153      1.672    22.2103 0.0000e+00
      1.185      0.037     4.7171     54.401     32.766  30.940380     2.6100     4.4241     0.0426     1.1844 2.5597e+01     1.8462      1.162      1.685    22.2098 0.0000e+00
      1.195      0.038     4.7086     54.224     32.764  30.939358     2.6100     4.4317     0.0426     1.1844 2.5101e+01     1.8161      1.172      1.699    22.2093 0.0000e+00
      1.205      0.038     4.7184     54.018     32.762  30.937358     2.6100     4.4813     0.0426     1.1844 2.5463e+01     1.7259      1.181      1.713    22.2088 0.0000e+00
      1.215      0.039     4.7371     53.804     32.762  30.937805     2.6100     4.4813     0.0426     1.1844 2.5019e+01     1.8462      1.191      1.728    22.2086 0.0000e+00
      1.225      0.038     4.7370     53.628     32.761  30.936858     2.6100     4.4927     0.0852     1.2690 2.3779e+01     1.8462      1.201      1.742    22.2086 0.0000e+00
      1.235      0.038     4.7215     53.507     32.754  30.930306     2.6100     4.4889     0.0852     1.2690 2.4254e+01     1.7410      1.211      1.756    22.2090 0.0000e+00
      1.244      0.039     4.7035     53.444     32.748  30.924322     2.6100     4.7178     0.0852     1.2690 2.3450e+01     1.7410      1.220      1.769    22.2095 0.0000e+00
      1.253      0.039     4.6848     53.467     32.753  30.929189     2.6100     4.7216     0.0852     1.2690 2.2916e+01     1.8011      1.229      1.783    22.2099 0.0000e+00
      1.263      0.040     4.6695     53.577     32.766  30.942246     2.6100     4.7178     0.0852     1.2690 2.2561e+01     1.8311      1.239      1.797    22.2102 0.0000e+00
      1.274      0.041     4.6590     53.726     32.776  30.951134     2.6100     4.7216     0.0426     1.1844 2.2346e+01     1.8161      1.249      1.812    22.2104 0.0000e+00
      1.285      0.041     4.6535     53.878     32.779  30.954262     2.6100     5.2824     0.0426     1.1844 2.2259e+01     1.8161      1.260      1.828    22.2106 0.0000e+00
      1.296      0.041     4.6554     54.024     32.781  30.956426     2.6100     5.2748     0.0426     1.1844 2.2852e+01     1.8011      1.271      1.844    22.2109 0.0000e+00
      1.307      0.041     4.6649     54.161     32.779  30.954242     2.6100     5.2709     0.0426     1.1844 2.3774e+01     1.6808      1.282      1.859    22.2113 0.0000e+00
      1.317      0.040     4.6779     54.281     32.772  30.947128     2.6100     5.2595     0.0426     1.2267 2.5003e+01     1.8311      1.292      1.874    22.2115 0.0000e+00
      1.327      0.040     4.6911     54.348     32.766  30.941107     2.6100     5.1908     0.0426     1.2267 2.6751e+01     1.7259      1.302      1.888    22.2116 0.0000e+00
      1.337      0.040     4.7038     54.340     32.759  30.934573     2.6100     5.2099     0.0426     1.2267 2.8067e+01     1.9063      1.311      1.902    22.2114 0.0000e+00
      1.347      0.041     4.7158     54.280     32.747  30.921825     2.6100     5.1985     0.0426     1.2267 2.9977e+01     1.7860      1.321      1.915    22.2111 0.0000e+00
      1.357      0.042     4.7263     54.199     32.732  30.907382     2.6100     5.1641     0.0426     1.2267 3.1720e+01     1.8462      1.331      1.930    22.2107 0.0000e+00
      1.368      0.042     4.7322     54.120     32.724  30.899273     2.6100     5.2671     0.0426     1.2267 3.2150e+01     1.7560      1.341      1.946    22.2101 0.0000e+00
      1.380      0.042     4.7315     54.053     32.725  30.899296     2.6100     5.2519     0.0426     1.2267 3.2024e+01     1.8762      1.353      1.962    22.2093 0.0000e+00
      1.391      0.041     4.7264     54.007     32.729  30.903497     2.6100     5.2557     0.0426     1.2267 3.2459e+01     1.7109      1.364      1.979    22.2083 0.0000e+00
      1.402      0.040     4.7195     53.984     32.736  30.909036     2.6100     5.2671     0.0426     1.2690 3.0529e+01     1.7560      1.375      1.994    22.2073 0.0000e+00
      1.412      0.038     4.7126     53.964     32.745  30.917389     2.6100     5.2786     0.0426     1.2690 3.0622e+01     1.8311      1.385      2.008    22.2064 0.0000e+00
      1.421      0.035     4.7069     53.955     32.751  30.922865     2.6100     5.2442     0.0426     1.2690 2.8909e+01     1.7259      1.393      2.021    22.2058 0.0000e+00
      1.429      0.033     4.7029     53.939     32.751  30.922964     2.6100     5.3129     0.0426     1.2690 2.7428e+01     1.8462      1.401      2.032    22.2053 0.0000e+00
      1.437      0.032     4.7009     53.895     32.754  30.925632     2.6100     5.2709     0.0426     1.2690 2.6525e+01     1.9063      1.409      2.044    22.2050 0.0000e+00
      1.445      0.032     4.6993     53.850     32.760  30.931580     2.7000     5.1718     0.0426     1.2690 2.5463e+01     1.8311      1.417      2.055    22.2048 0.0000e+00
      1.453      0.032     4.6984     53.824     32.767  30.938434     2.7000     5.1603     0.0426     1.2690 2.4407e+01     1.7860      1.425      2.066    22.2046 0.0000e+00
      1.461      0.033     4.6971     53.821     32.773  30.944064     2.7000     5.1603     0.0426     1.2690 2.4700e+01     1.8161      1.433      2.078    22.2044 0.0000e+00
      1.469      0.033     4.6933     53.837     32.776  30.946009     2.7000     5.1527     0.0426     1.2690 2.4867e+01     1.7860      1.441      2.090    22.2043 0.0000e+00
      1.478      0.034     4.6893     53.862     32.775  30.944787     2.6100     5.3129     0.0426     1.3113 2.4054e+01     1.8913      1.450      2.102    22.2042 0.0000e+00
      1.487      0.035     4.6871     53.909     32.770  30.940074     2.6100     5.3167     0.0426     1.3113 2.4396e+01     1.7710      1.458      2.114    22.2040 0.0000e+00
      1.495      0.036     4.6869     54.001     32.764  30.934573     2.6100     5.3358     0.0426     1.3113 2.4524e+01     1.8762      1.467      2.127    22.2038 0.0000e+00
      1.504      0.037     4.6883     54.114     32.761  30.930776     2.6100     5.3396     0.0426     1.3113 2.4096e+01     1.8462      1.475      2.140    22.2035 0.0000e+00
      1.514      0.039     4.6905     54.196     32.762  30.931632     2.6100     5.5647     0.0426     1.1844 2.3496e+01     1.7560      1.485      2.153    22.2032 0.0000e+00
      1.524      0.040     4.6946     54.240     32.768  30.937368     2.6100     5.5761     0.0426     1.1844 2.3748e+01     1.9063      1.494      2.167    22.2028 0.0000e+00
      1.534      0.042     4.7026     54.257     32.773  30.941594     2.6100     5.5685     0.0426     1.1844 2.3142e+01     1.8011      1.505      2.182    22.2024 0.0000e+00
      1.546      0.043     4.7125     54.238     32.777  30.945436     2.6100     5.5685     0.0426     1.1844 2.2837e+01     1.8311      1.516      2.198    22.2019 0.0000e+00
      1.557      0.044     4.7197     54.167     32.782  30.949919     2.6100     5.4312     0.0852     1.1844 2.3162e+01     1.7710      1.527      2.215    22.2015 0.0000e+00
      1.569      0.044     4.7236     54.041     32.784  30.952280     2.6100     5.4388     0.0852     1.1844 2.2698e+01     1.7710      1.539      2.232    22.2011 0.0000e+00
      1.581      0.043     4.7251     53.902     32.785  30.953146     2.6100     5.4312     0.0852     1.1844 2.2167e+01     1.7560      1.550      2.248    22.2009 0.0000e+00
      1.592      0.041     4.7235     53.796     32.785  30.952749     2.6100     5.4350     0.0852     1.1844 2.1456e+01     1.7710      1.561      2.264    22.2007 0.0000e+00
      1.602      0.039     4.7173     53.739     32.783  30.950984     2.6100     5.1985     0.0852     1.1844 2.1512e+01     1.5305      1.571      2.279    22.2005 0.0000e+00
      1.612      0.036     4.7063     53.734     32.779  30.947378     2.6100     5.1946     0.0000     1.1844 2.0548e+01     1.6508      1.581      2.293    22.2005 0.0000e+00
      1.621      0.033     4.6943     53.780     32.777  30.944932     2.6100     5.1908     0.0000     1.1844 1.9411e+01     1.5305      1.590      2.306    22.2005 0.0000e+00
      1.629      0.030     4.6850     53.850     32.779  30.946953     2.6100     5.1908     0.0000     1.1844 1.8509e+01     1.5756      1.597      2.317    22.2005 0.0000e+00
      1.636      0.028     4.6800     53.925     32.787  30.953979     2.6100     5.0268     0.0000     1.1844 1.8674e+01     1.7560      1.604      2.327    22.2004 0.0000e+00
      1.642      0.026     4.6796     54.010     32.798  30.963925     2.6100     5.0230     0.0426     1.3113 1.8385e+01     1.8311      1.610      2.336    22.2003 0.0000e+00
      1.648      0.025     4.6836     54.109     32.806  30.971522     2.6100     5.0306     0.0426     1.3113 1.8111e+01     1.8762      1.616      2.344    22.2002 0.0000e+00
      1.654      0.025     4.6898     54.198     32.805  30.970877     2.6100     5.0154     0.0426     1.3113 1.8695e+01     1.8311      1.622      2.352    22.1999 0.0000e+00
      1.660      0.025     4.6963     54.247     32.795  30.961816     2.6100     5.1145     0.0426     1.3113 1.8760e+01     1.9063      1.628      2.361    22.1996 0.0000e+00
      1.666      0.026     4.7037     54.231     32.787  30.953804     2.6100     5.1412     0.0426     1.3536 1.8585e+01     1.8311      1.634      2.370    22.1993 0.0000e+00
      1.673      0.027     4.7124     54.135     32.782  30.948664     2.6100     5.1374     0.0426     1.3536 1.7962e+01     1.8462      1.641      2.380    22.1990 0.0000e+00
      1.680      0.028     4.7201     53.996     32.774  30.941067     2.6100     5.1679     0.0426     1.3536 1.7931e+01     1.8161      1.648      2.390    22.1989 0.0000e+00
      1.687      0.029     4.7244     53.864     32.765  30.932946     2.6100     5.3892     0.0426     1.3536 1.7360e+01     1.8462      1.655      2.400    22.1989 0.0000e+00
