Data/DataNotYetUploadedToEDI/Raw_CTD/RawDownloads/091823_bvr50_S8188001.cnv
* Sea-Bird SBE19plus  Data File:
* FileName = C:\R\Reservoirs\Data\DataNotYetUploadedToEDI\Raw_CTD\RawDownloads\091823_bvr50_S8188_0001.hex
* Software version 2.8.0.119
* Temperature SN = 8188
* Conductivity SN = 8188
* System UpLoad Time = Sep 22 2023 13:13:24
* <ApplicationData>
* <Seaterm232>
# nquan = 16
# nvalues = 1558                        
# units = specified
# name 0 = depFM: Depth [fresh water, m]
# name 1 = dz/dtM: Descent Rate [m/s]
# name 2 = sbeox0Mg/L: Oxygen, SBE 43 [mg/l]
# name 3 = sbeox0PS: Oxygen, SBE 43 [% saturation]
# name 4 = specc: Specific Conductance [uS/cm]
# name 5 = c0uS/cm: Conductivity [uS/cm]
# name 6 = wetCDOM: Fluorescence, WET Labs CDOM [mg/m^3]
# name 7 = flECO-AFL: Fluorescence, WET Labs ECO-AFL/FL [mg/m^3]
# name 8 = flECO-AFL1: Fluorescence, WET Labs ECO-AFL/FL, 2 [mg/m^3]
# name 9 = flECO-AFL2: Fluorescence, WET Labs ECO-AFL/FL, 3 [mg/m^3]
# name 10 = par/sat/log: PAR/Logarithmic, Satlantic
# name 11 = turbWETntu0: Turbidity, WET Labs ECO [NTU]
# name 12 = prdM: Pressure, Strain Gauge [db]
# name 13 = prdE: Pressure, Strain Gauge [psi]
# name 14 = tv290C: Temperature [ITS-90, deg C]
# name 15 = flag:  0.000e+00
# span 0 =     -0.765,      9.003       
# span 1 =     -0.219,      0.098       
# span 2 =     0.0485,     8.7079       
# span 3 =      0.492,     99.992       
# span 4 =     24.001,    201.232       
# span 5 =  22.633515, 140.335088       
# span 6 =    -4.5000,     8.4600       
# span 7 =    -0.8250,    37.3836       
# span 8 =    -2.1300,     2.7690       
# span 9 =    -2.0304,     3.5109       
# span 10 = 1.1585e-01, 1.9770e+03      
# span 11 =    -0.4084,    54.3314      
# span 12 =     -0.750,      8.829      
# span 13 =     -1.088,     12.805      
# span 14 =     9.8601,    22.2158      
# span 15 = 0.0000e+00, 0.0000e+00      
# interval = seconds: 0.25
# start_time = Sep 18 2023 10:53:29 [Instrument's time stamp, header]
# bad_flag = -9.990e-29
*END*
[from data line 1537]
     -0.258     -0.214     4.9984     78.796     32.810  30.973437     2.7000     3.9167     0.0426     1.1421 1.4064e+03     1.8762     -0.253     -0.367    22.2009 0.0000e+00
     -0.317     -0.219     5.1843     92.089     32.812  30.976045     2.7000     3.9091     0.0426     1.1421 1.5884e+03     1.8462     -0.310     -0.450    22.1993 0.0000e+00
     -0.376     -0.217     5.4930     99.992     32.811  30.975578     2.7000     3.0736     0.0426     1.1421 1.6233e+03     2.9434     -0.369     -0.535    22.1976 0.0000e+00
     -0.434     -0.208     6.0075     94.383     32.811  30.975872     2.9700     3.0584     0.0000     0.2961 1.6117e+03     2.9584     -0.426     -0.618    22.1964 0.0000e+00
     -0.489     -0.195     6.8624     80.646     32.825  30.988885     2.9700     3.0698     0.0000     0.2961 1.3145e+03     2.9584     -0.480     -0.696    22.1964 0.0000e+00
     -0.538     -0.177     8.0199     65.767     32.863  31.022047     2.9700     3.0584     0.0000     0.2961 1.0450e+03     2.8532     -0.528     -0.765    22.1975 0.0000e+00
     -0.580     -0.158     8.7079     50.950     32.907  31.060442     2.9700     2.7761     0.0000     0.2961 1.1571e+03     1.0045     -0.569     -0.825    22.1987 0.0000e+00
     -0.615     -0.139     8.2194     37.245     32.921  31.068767     2.9700     2.7723     0.0000     0.2961 8.7558e+02     1.0045     -0.603     -0.875    22.1989 0.0000e+00
     -0.646     -0.120     7.0230     26.510     32.868  31.013599     0.0000     2.7532    -1.1502     1.5651 3.5713e+02     1.1548     -0.634     -0.919    22.1977 0.0000e+00
     -0.674     -0.102     5.7274     21.008     32.725  30.874286     0.0000     2.7570    -1.1502     1.5651 3.6362e+02     0.9894     -0.661     -0.958    22.1944 0.0000e+00
     -0.697     -0.087     4.4373     22.553     32.457  30.617638     0.0000    -0.8250    -1.1502     1.5651 5.3908e+02     0.1327     -0.684     -0.991    22.1890 0.0000e+00
     -0.715     -0.073     3.2439     29.095     31.996  30.179176     0.0000    -0.8136    -1.1502     1.5651 7.1304e+02     0.1478     -0.702     -1.018    22.1819 0.0000e+00
     -0.729     -0.061     2.3093     35.553     31.225  29.449896     3.1500    -0.7678     2.7690     1.0998 1.3720e+03     0.1177     -0.715     -1.037    22.1740 0.0000e+00
     -0.740     -0.052     1.8303     39.806     29.943  28.239285     3.1500    -0.7983     2.7690     1.0998 1.7746e+03     0.0726     -0.726     -1.052    22.1665 0.0000e+00
     -0.748     -0.044     1.9655     42.497     27.835  26.250253     3.1500    -0.1346     2.7690     1.0998 1.8266e+03    -0.3783     -0.733     -1.064    22.1602 0.0000e+00
     -0.754     -0.040     2.5360     44.008     25.265  23.825343     3.1500    -0.0888     2.7690     1.0998 1.9061e+03    -0.4084     -0.739     -1.072    22.1553 0.0000e+00
     -0.758     -0.039     3.0993     44.484     24.001  22.633515     0.0000    -0.1346    -0.2130     0.0000 1.9442e+03    -0.3933     -0.744     -1.078    22.1515 0.0000e+00
     -0.761 -9.990e-29     3.4702 -9.990e-29 -9.990e-29 -9.990e-29     0.0000 -9.990e-29    -0.2130     0.0000 1.9421e+03 -9.990e-29     -0.747     -1.083    22.1486 0.0000e+00
     -0.764 -9.990e-29     3.7050 -9.990e-29 -9.990e-29 -9.990e-29     0.0000 -9.990e-29    -0.2130     0.0000 1.9223e+03 -9.990e-29     -0.749     -1.086    22.1460 0.0000e+00
     -0.765 -9.990e-29     3.8369 -9.990e-29 -9.990e-29 -9.990e-29     0.0000 -9.990e-29    -0.2130     0.0000 1.9119e+03 -9.990e-29     -0.750     -1.087    22.1439 0.0000e+00
     -0.765 -9.990e-29     3.8784 -9.990e-29 -9.990e-29 -9.990e-29     0.0000 -9.990e-29    -0.0426    -0.2538 1.8892e+03 -9.990e-29     -0.750     -1.088    22.1430 0.0000e+00
