Data/DataNotYetUploadedToEDI/Raw_CTD/RawDownloads/091823_fcr50_S7809002.cnv
* Sea-Bird SBE19plus  Data File:
* FileName = C:\R\Reservoirs\Data\DataNotYetUploadedToEDI\Raw_CTD\RawDownloads\091823_bvr50_S7809_0002.hex
* Software version 2.8.0.119
* Temperature SN = 7809
* Conductivity SN = 7809
* System UpLoad Time = Sep 22 2023 13:08:28
* <ApplicationData>
* <Seaterm232>
# nquan = 15
# nvalues = 1075                        
# units = specified
# name 0 = depFM: Depth [fresh water, m]
# name 1 = dz/dtM: Descent Rate [m/s]
# name 2 = sbeox0Mg/L: Oxygen, SBE 43 [mg/l]
# name 3 = sbeox0PS: Oxygen, SBE 43 [% saturation]
# name 4 = specc: Specific Conductance [uS/cm]
# name 5 = c0uS/cm: Conductivity [uS/cm]
# name 6 = flECO-AFL: Fluorescence, WET Labs ECO-AFL/FL [mg/m^3]
# name 7 = ph: pH
# name 8 = orp: Oxidation Reduction Potential [mV]
# name 9 = par/sat/log: PAR/Logarithmic, Satlantic
# name 10 = turbWETntu0: Turbidity, WET Labs ECO [NTU]
# name 11 = prdM: Pressure, Strain Gauge [db]
# name 12 = prdE: Pressure, Strain Gauge [psi]
# name 13 = tv290C: Temperature [ITS-90, deg C]
# name 14 = flag:  0.000e+00
# span 0 =     -0.693,      9.484       
# span 1 =     -0.229,      0.201       
# span 2 =     0.0469,     8.6501       
# span 3 =      0.531,     99.005       
# span 4 =      0.506,    425.565       
# span 5 =   0.480870, 313.476669       
# span 6 =    -1.9764,   227.4717       
# span 7 =     -2.159,      7.772       
# span 8 = -1240.7455,   690.7386       
# span 9 = 1.2357e-01, 1.8196e+03       
# span 10 =    -5.0304,   932.4748      
# span 11 =     -0.680,      9.303      
# span 12 =     -0.986,     13.494      
# span 13 =    11.7953,    22.5287      
# span 14 = 0.0000e+00, 0.0000e+00      
# interval = seconds: 0.25
# start_time = Sep 18 2023 13:27:47 [Instrument's time stamp, header]
# bad_flag = -9.990e-29
*END*
     -0.692 -1.567e-09     8.1956     94.687      0.579   0.550311    -0.0589      5.432 -1240.7455 4.2476e+02     1.7247     -0.678     -0.984    22.5197 0.0000e+00
     -0.692 -1.724e-08     8.1942     94.676      0.591   0.561827    -0.0687      5.433 -1240.7455 4.1743e+02     1.6894     -0.679     -0.985    22.5203 0.0000e+00
     -0.692 -1.897e-07     8.1987     94.670      0.580   0.551443    -0.0747      5.436 -1240.7455 4.0887e+02     1.6728     -0.679     -0.985    22.5207 0.0000e+00
     -0.692 -2.232e-07     8.1962     94.684      0.580   0.551442    -0.0651      5.438 -1240.7455 4.0109e+02     1.6950     -0.679     -0.985    22.5214 0.0000e+00
     -0.692 -4.234e-07     8.1961     94.688      0.591   0.561816    -0.0601      5.438 -1240.7455 3.9474e+02     1.6843     -0.679     -0.984    22.5221 0.0000e+00
     -0.692     -0.000     8.1955     94.674      0.579   0.550196    -0.0734      5.437 -1240.7455 3.9150e+02     1.6461     -0.678     -0.984    22.5227 0.0000e+00
     -0.692     -0.000     8.1925     94.668      0.565   0.537623    -0.0835      5.438 -1240.7455 3.8977e+02     1.6432     -0.679     -0.985    22.5232 0.0000e+00
     -0.692     -0.001     8.1966     94.669      0.564   0.536471    -0.0816      5.439 -1240.7455 3.8656e+02     1.6499     -0.679     -0.985    22.5238 0.0000e+00
     -0.693     -0.001     8.1964     94.671      0.564   0.536263    -0.0846      5.441 -1240.7455 3.8101e+02     1.6582     -0.680     -0.986    22.5243 0.0000e+00
     -0.693     -0.000     8.1939     94.684      0.563   0.535112    -0.0786      5.446 -1240.7455 3.7430e+02     1.7098     -0.680     -0.986    22.5247 0.0000e+00
     -0.693 -1.847e-08     8.1934     94.701      0.550   0.522547    -0.0661      5.450 -1240.7455 3.6847e+02     1.7614     -0.680     -0.986    22.5255 0.0000e+00
     -0.693 -2.032e-07     8.1943     94.713      0.538   0.511020    -0.0673      5.447 -1240.7455 3.6428e+02     1.7689     -0.680     -0.986    22.5260 0.0000e+00
     -0.693 -2.032e-07     8.1929     94.720      0.549   0.522422    -0.0765      5.447 -1240.7455 3.6488e+02     1.7329     -0.680     -0.986    22.5266 0.0000e+00
     -0.693 -1.847e-08     8.1950     94.714      0.561   0.533729    -0.0776      5.452 -1240.7455 4.2146e+02     1.7353     -0.679     -0.985    22.5270 0.0000e+00
     -0.693 -1.680e-09     8.1968     94.711      0.548   0.521052    -0.0631      5.450 -1240.7455 4.6456e+02     1.7644     -0.680     -0.986    22.5274 0.0000e+00
     -0.693 -1.527e-10     8.1970     94.721      0.522   0.495821    -0.0597      5.443 -1240.7455 3.7941e+02     1.7084     -0.680     -0.986    22.5279 0.0000e+00
     -0.693 -1.388e-11     8.1987     94.721      0.507   0.482020    -0.0792      5.441 -1240.7455 2.9088e+02     1.6391     -0.680     -0.986    22.5283 0.0000e+00
     -0.693 -1.262e-12     8.1971     94.708      0.506   0.480870    -0.0819      5.443 -1240.7455 2.7033e+02     1.6441     -0.680     -0.986    22.5286 0.0000e+00
     -0.693 -1.128e-13     8.1964     94.702      0.507   0.481907    -0.0667      5.444 -1240.7455 2.4823e+02     1.7003     -0.680     -0.986    22.5287 0.0000e+00
     -0.693 1.0598e-14     8.1983     94.703      0.520   0.494564    -0.0698      5.445 -1240.7455 2.1451e+02     1.7046     -0.679     -0.985    22.5287 0.0000e+00
     -0.693 2.3036e-13     8.1988     94.702      0.534   0.507223    -0.0864      5.450 -1240.7455 1.9412e+02     1.6618     -0.680     -0.986    22.5285 0.0000e+00
     -0.693 2.5443e-12     8.1962     94.698      0.535   0.508292    -0.0934      5.451 -1240.7455 2.0607e+02     1.6944     -0.680     -0.986    22.5280 0.0000e+00
     -0.693 2.7989e-11     8.1960     94.682      0.534   0.507486    -0.0882      5.452 -1240.7455 2.6910e+02     1.7235     -0.680     -0.986    22.5278 0.0000e+00
     -0.693 3.0787e-10     8.1969     94.649      0.524   0.497486    -0.0817      5.459 -1240.7455 6.6129e+02     1.6721     -0.679     -0.985    22.5279 0.0000e+00
     -0.693 3.3866e-09     8.1961     94.639      0.541   0.514056    -0.0726      5.465 -1240.7455 1.3186e+03     1.6527     -0.679     -0.985    22.5275 0.0000e+00
     -0.693 3.7253e-08     8.1967     94.694      0.611   0.581154    -0.0616      5.475 -1240.7455 1.6233e+03     1.6940     -0.679     -0.985    22.5268 0.0000e+00
     -0.693 4.0978e-07     8.1957     94.739      0.711   0.675378    -0.0651      5.492 -1240.7455 1.5660e+03     1.6940     -0.680     -0.986    22.5263 0.0000e+00
     -0.693      0.000     8.1920     94.719      0.806   0.766575    -0.0823      5.490 -1240.7455 1.4259e+03     1.6527     -0.680     -0.986    22.5254 0.0000e+00
     -0.693      0.000     8.1882     94.724      0.838   0.797058    -0.0778      5.467 -1240.7455 1.2117e+03     1.6042     -0.680     -0.986    22.5245 0.0000e+00
     -0.693      0.001     8.1956     94.751      0.832   0.790587    -0.0604      5.417 -1240.7455 9.0003e+02     1.5178     -0.679     -0.985    22.5239 0.0000e+00
     -0.692      0.001     8.2058     94.762      0.859   0.815022    -0.0637      5.217 -1240.7455 7.2930e+02     1.4282     -0.679     -0.985    22.5241 0.0000e+00
     -0.692      0.001     8.1950     94.810      0.884   0.839132    -0.0758      4.544 -1240.7455 8.7961e+02     1.3747     -0.679     -0.985    22.5197 0.0000e+00
     -0.692      0.001     8.2019     94.977      0.874   0.828751    -0.0815      3.186 -1240.7455 1.0506e+03     1.3831     -0.678     -0.984    22.5054 0.0000e+00
     -0.692      0.000     8.2090     95.157      0.862   0.816178    -0.0747      1.069 -1240.7455 1.1784e+03     1.4272     -0.679     -0.985    22.4815 0.0000e+00
     -0.692 1.8626e-08     8.2140     95.164      0.860   0.813798    -0.0692     -1.070 -1240.7455 1.1821e+03     1.3963     -0.679     -0.984    22.4461 0.0000e+00
     -0.692 2.0489e-07     8.2201     95.138      0.845   0.799971    -0.0730     -2.041 -1240.7455 8.8825e+02     1.3848     -0.679     -0.984    22.4080 0.0000e+00
     -0.692 2.0489e-07     8.2393     95.176      0.819   0.775675    -0.0703     -2.148 -1240.7455 5.3280e+02     1.5273     -0.678     -0.984    22.3787 0.0000e+00
     -0.692 1.8628e-08     8.2754     95.203      0.817   0.773398    -0.0701     -2.158 -1240.7455 3.1460e+02     1.6507     -0.679     -0.985    22.3582 0.0000e+00
     -0.692 1.7045e-09     8.2631     95.203      0.817   0.772430    -0.0864     -2.159 -1240.7455 3.0305e+02     1.6465     -0.679     -0.984    22.3442 0.0000e+00
     -0.692 2.7728e-10     8.2614     95.215      0.808   0.763969    -0.0932     -2.155 -1240.7455 5.7606e+02     1.6473     -0.679     -0.984    22.3323 0.0000e+00
     -0.692 1.3708e-09     8.2723     95.236      0.845   0.797773    -0.0853     -2.097 -1240.7451 9.2458e+02     1.6601     -0.679     -0.985    22.3192 0.0000e+00
     -0.692 1.4926e-08     8.2753     95.245      0.983   0.927802    -0.0824     -1.452 -1240.7414 9.7051e+02     1.7333     -0.679     -0.984    22.3066 0.0000e+00
     -0.692 1.6418e-07     8.2768     95.293      1.200   1.132673    -0.0747      0.251 -1240.7003 6.6901e+02     1.9515     -0.679     -0.984    22.2906 0.0000e+00
     -0.692      0.000     8.2807     95.353      1.322   1.247976    -0.0671      2.251 -1240.2483 3.0820e+02     2.1130     -0.678     -0.984    22.2659 0.0000e+00
     -0.692      0.000     8.2911     95.354      1.319   1.245144    -0.0655      3.494 -1235.2761 1.3873e+02     2.1484     -0.679     -0.985    22.2393 0.0000e+00
     -0.692      0.000     8.2893     95.331      1.298   1.225111    -0.0637      2.817 -1180.5818 1.3233e+02     2.0381     -0.679     -0.985    22.2179 0.0000e+00
     -0.692      0.002     8.2987     95.316      1.334   1.259123    -0.0708      1.291  -578.9443 2.6888e+02     1.7694     -0.679     -0.984    22.1980 0.0000e+00
     -0.692      0.011     8.3113     95.301      2.159   2.036419    -0.0767      1.831   400.4885 4.4578e+02     1.6327     -0.680     -0.986    22.1825 0.0000e+00
     -0.692      0.031     8.3086     95.296      9.528   8.976434    -0.0681      3.651   690.7386 4.0120e+02     1.6832     -0.679     -0.985    22.1754 0.0000e+00
     -0.692      0.059     8.3060     95.288     25.698  24.198709    -0.0495      4.977   481.9401 2.5388e+02     1.7650     -0.680     -0.986    22.1762 0.0000e+00
     -0.684      0.093     8.3051     95.271     39.290  36.980567    -0.0345      5.887   395.4972 2.0201e+02     1.8360     -0.678     -0.984    22.1810 0.0000e+00
     -0.656      0.125     8.3013     95.274     43.580  41.001307    -0.0204      6.492   372.2527 2.0043e+02     1.9260     -0.650     -0.945    22.1905 0.0000e+00
     -0.608      0.151     8.3038     95.309     43.821  41.217964     0.0453      6.889   355.7639 2.0782e+02     2.5455     -0.598     -0.868    22.1679 0.0000e+00
     -0.550      0.169     8.3177     95.668     43.724  41.123338     0.6188      7.160   338.6124 2.2218e+02     8.6090     -0.541     -0.784    22.1004 0.0000e+00
     -0.495      0.181     8.3150     96.328     43.657  41.063058     1.6449      7.345   315.4448 2.3537e+02    19.5603     -0.480     -0.696    22.0541 0.0000e+00
     -0.451      0.186     8.3289     96.799     43.713  41.123786     2.1903      7.478   286.7001 2.3632e+02    25.4423     -0.436     -0.632    22.0340 0.0000e+00
     -0.417      0.185     8.3174     97.188     43.809  41.222943     2.2599      7.581   267.6797 2.3022e+02    25.5153     -0.413     -0.598    22.0214 0.0000e+00
     -0.377      0.178     8.3390     97.689     43.826  41.246497     2.4702      7.655   262.7982 2.3487e+02    20.4094     -0.376     -0.546    22.0180 0.0000e+00
     -0.322      0.167     8.4387     98.165     43.791  41.218191     2.8191      7.698   273.2782 2.3261e+02    10.9161     -0.317     -0.460    22.0216 0.0000e+00
     -0.265      0.149     8.4556     98.538     43.766  41.198037     2.9994      7.716   284.0043 2.0434e+02     5.7297     -0.254     -0.368    22.0332 0.0000e+00
     -0.220      0.122     8.4819     98.820     43.758  41.193217     3.0023      7.724   273.8385 1.8029e+02     5.2169     -0.209     -0.303    22.0447 0.0000e+00
     -0.192      0.086     8.5347     98.990     43.720  41.159925     3.0042      7.734   261.4408 1.6578e+02     5.1264     -0.183     -0.266    22.0523 0.0000e+00
     -0.179      0.047     8.5753     99.005     43.668  41.112842     3.0635      7.746   268.8419 1.5288e+02     5.1472     -0.170     -0.247    22.0571 0.0000e+00
     -0.180      0.015     8.6074     98.930     43.619  41.068207     3.1610      7.757   280.2971 1.5272e+02     5.1957     -0.173     -0.251    22.0615 0.0000e+00
     -0.190     -0.005     8.6300     98.833     43.549  41.001038     3.2017      7.765   272.3487 1.5942e+02     5.1989     -0.186     -0.269    22.0648 0.0000e+00
     -0.201     -0.012     8.6501     98.714     43.482  40.935368     3.1811      7.768   259.8096 1.6309e+02     5.1521     -0.200     -0.290    22.0677 0.0000e+00
     -0.208     -0.010     8.6451     98.534     43.457  40.908848     3.1778      7.770   263.6828 1.6337e+02     5.1429     -0.207     -0.300    22.0702 0.0000e+00
     -0.208     -0.003     8.6375     98.271     43.485  40.934249     3.2028      7.772   280.6343 1.6268e+02     5.2236     -0.205     -0.297    22.0709 0.0000e+00
     -0.205      0.003     8.6284     97.991     43.540  40.988626     3.2098      7.772   294.2397 1.6193e+02     5.2742     -0.201     -0.291    22.0698 0.0000e+00
     -0.200      0.007     8.6209     97.827     43.609  41.058596     3.1953      7.769   287.0799 1.6128e+02     5.2431     -0.196     -0.285    22.0669 0.0000e+00
     -0.195      0.007     8.6069     97.772     43.696  41.145598     3.2102      7.764   266.3386 1.6112e+02     5.2235     -0.190     -0.276    22.0618 0.0000e+00
     -0.193      0.005     8.5830     97.612     43.766  41.215503     3.2650      7.757   254.5131 1.6107e+02     5.3100     -0.186     -0.270    22.0590 0.0000e+00
     -0.194      0.002     8.5513     97.151     43.821  41.269150     3.3086      7.750   250.9594 1.6109e+02     5.4341     -0.190     -0.275    22.0635 0.0000e+00
     -0.197      0.001     8.5345     96.066     43.906  41.349985     3.3216      7.740   246.4293 1.6150e+02     5.4606     -0.194     -0.281    22.0715 0.0000e+00
     -0.198      0.001     8.5391     93.773     43.992  41.431269     3.2728      7.732   244.6520 1.6120e+02     5.3576     -0.195     -0.282    22.0776 0.0000e+00
     -0.197      0.004     8.5292     90.158     44.054  41.490338     3.1766      7.723   255.3688 1.5936e+02     5.2127     -0.193     -0.280    22.0817 0.0000e+00
     -0.196      0.005     8.4927     85.922     44.124  41.556449     3.1396      7.712   267.5095 1.5750e+02     5.1784     -0.193     -0.280    22.0831 0.0000e+00
     -0.194      0.004     8.4260     81.783     44.166  41.595934     3.1510      7.697   269.6129 1.5718e+02     5.2161     -0.192     -0.278    22.0834 0.0000e+00
     -0.189      0.000     8.2335     77.948     44.156  41.586935     3.1228      7.684   278.9075 1.5763e+02     5.1564     -0.185     -0.268    22.0843 0.0000e+00
     -0.185     -0.005     7.8867     74.614     44.142  41.574578     3.0567      7.674   287.3117 1.5717e+02     5.0033     -0.179     -0.258    22.0850 0.0000e+00
     -0.188     -0.010     7.4897     72.276     44.141  41.573464     3.0096      7.665   275.3793 1.5531e+02     4.9012     -0.183     -0.265    22.0854 0.0000e+00
     -0.197     -0.011     7.1288     71.148     44.142  41.573467     3.0029      7.653   255.2608 1.5300e+02     4.8785     -0.193     -0.281    22.0855 0.0000e+00
     -0.206     -0.009     6.7939     71.035     44.144  41.574614     3.0166      7.637   245.5645 1.5166e+02     4.8650     -0.202     -0.294    22.0859 0.0000e+00
     -0.211     -0.006     6.4774     71.576     44.158  41.587332     3.0511      7.616   242.5465 1.5217e+02     4.9437     -0.209     -0.304    22.0866 0.0000e+00
     -0.209     -0.001     6.2672     72.252     44.172  41.600302     3.1034      7.593   240.1084 1.5333e+02     5.1127     -0.208     -0.300    22.0862 0.0000e+00
     -0.202      0.002     6.1811     72.802     44.177  41.604504     3.1323      7.575   239.7468 1.5348e+02     5.1659     -0.197     -0.286    22.0849 0.0000e+00
     -0.197      0.003     6.1754     73.197     44.212  41.638136     3.1427      7.558   238.3468 1.5309e+02     5.1768     -0.191     -0.278    22.0840 0.0000e+00
     -0.197      0.003     6.2472     73.250     44.267  41.689605     3.1715      7.540   236.8604 1.5337e+02     5.2107     -0.192     -0.278    22.0835 0.0000e+00
     -0.200      0.002     6.3135     72.824     44.298  41.719058     3.2052      7.521   236.1439 1.5463e+02     5.1652     -0.196     -0.285    22.0831 0.0000e+00
     -0.204      0.001     6.3543     72.004     44.320  41.740382     3.2084      7.503   235.1046 1.5714e+02     5.1057     -0.200     -0.291    22.0832 0.0000e+00
     -0.204      0.002     6.4011     70.982     44.337  41.757023     3.1941      7.487   234.1026 1.6113e+02     5.0719     -0.201     -0.292    22.0834 0.0000e+00
     -0.202      0.005     6.4093     69.951     44.308  41.729857     3.2240      7.473   233.3207 1.7045e+02     5.0976     -0.198     -0.287    22.0837 0.0000e+00
     -0.198      0.008     6.3690     69.109     44.240  41.665796     3.2865      7.459   232.7065 2.3615e+02     5.1772     -0.194     -0.281    22.0844 0.0000e+00
     -0.195      0.009     6.2896     68.587     44.188  41.617152     3.3179      7.446   232.9575 4.7057e+02     5.2146     -0.191     -0.278    22.0850 0.0000e+00
     -0.192      0.008     6.1964     68.452     44.157  41.585980     3.3203      7.434   233.7740 8.7058e+02     5.1744     -0.188     -0.273    22.0853 0.0000e+00
     -0.190      0.007     6.0986     68.767     44.112  41.542768     3.3233      7.422   233.6304 1.1899e+03     5.1349     -0.186     -0.270    22.0854 0.0000e+00
