Data/DataNotYetUploadedToEDI/Raw_CTD/RawDownloads/091823_fcr50_S7809002.cnv
* Sea-Bird SBE19plus  Data File:
* FileName = C:\R\Reservoirs\Data\DataNotYetUploadedToEDI\Raw_CTD\RawDownloads\091823_bvr50_S7809_0002.hex
* Software version 2.8.0.119
* Temperature SN = 7809
* Conductivity SN = 7809
* System UpLoad Time = Sep 22 2023 13:08:28
* <ApplicationData>
* <Seaterm232>
# nquan = 15
# nvalues = 1075                        
# units = specified
# name 0 = depFM: Depth [fresh water, m]
# name 1 = dz/dtM: Descent Rate [m/s]
# name 2 = sbeox0Mg/L: Oxygen, SBE 43 [mg/l]
# name 3 = sbeox0PS: Oxygen, SBE 43 [% saturation]
# name 4 = specc: Specific Conductance [uS/cm]
# name 5 = c0uS/cm: Conductivity [uS/cm]
# name 6 = flECO-AFL: Fluorescence, WET Labs ECO-AFL/FL [mg/m^3]
# name 7 = ph: pH
# name 8 = orp: Oxidation Reduction Potential [mV]
# name 9 = par/sat/log: PAR/Logarithmic, Satlantic
# name 10 = turbWETntu0: Turbidity, WET Labs ECO [NTU]
# name 11 = prdM: Pressure, Strain Gauge [db]
# name 12 = prdE: Pressure, Strain Gauge [psi]
# name 13 = tv290C: Temperature [ITS-90, deg C]
# name 14 = flag:  0.000e+00
# span 0 =     -0.693,      9.484       
# span 1 =     -0.229,      0.201       
# span 2 =     0.0469,     8.6501       
# span 3 =      0.531,     99.005       
# span 4 =      0.506,    425.565       
# span 5 =   0.480870, 313.476669       
# span 6 =    -1.9764,   227.4717       
# span 7 =     -2.159,      7.772       
# span 8 = -1240.7455,   690.7386       
# span 9 = 1.2357e-01, 1.8196e+03       
# span 10 =    -5.0304,   932.4748      
# span 11 =     -0.680,      9.303      
# span 12 =     -0.986,     13.494      
# span 13 =    11.7953,    22.5287      
# span 14 = 0.0000e+00, 0.0000e+00      
# interval = seconds: 0.25
# start_time = Sep 18 2023 13:27:47 [Instrument's time stamp, header]
# bad_flag = -9.990e-29
*END*
[from data line 482]
      4.732      0.029     3.1570     30.800     60.918  45.254442     0.5077      6.355   238.7288 3.8007e-01    17.8079      4.638      6.727    12.0899 0.0000e+00
      4.737      0.036     3.2213     30.902     60.910  45.247044     0.5132      6.353   238.6249 3.7767e-01    17.8365      4.641      6.731    12.1063 0.0000e+00
      4.752      0.044     3.2659     30.927     60.897  45.236418     0.5360      6.351   238.3822 3.7338e-01    17.8938      4.656      6.754    12.1239 0.0000e+00
      4.773      0.050     3.2925     30.906     60.922  45.252926     0.5755      6.349   239.2367 3.6070e-01    17.7148      4.683      6.793    12.1397 0.0000e+00
      4.790      0.054     3.3098     30.846     60.938  45.256194     0.6160      6.348   240.9548 3.4729e-01    17.2777      4.700      6.817    12.1438 0.0000e+00
      4.800      0.057     3.3236     30.734     60.899  45.212440     0.6268      6.346   241.7756 3.3951e-01    17.0157      4.707      6.828    12.1381 0.0000e+00
      4.810      0.060     3.3228     30.579     60.864  45.168257     0.6388      6.343   241.7607 3.3827e-01    16.9719      4.717      6.841    12.1384 0.0000e+00
      4.821      0.064     3.3208     30.417     60.889  45.166323     0.7283      6.340   241.5494 3.4246e-01    16.5091      4.725      6.852    12.1399 0.0000e+00
      4.837      0.071     3.3162     30.262     60.940  45.189035     0.8597      6.338   242.1455 3.3574e-01    15.6218      4.740      6.875    12.1315 0.0000e+00
      4.861      0.082     3.3046     30.130     60.950  45.188915     0.9130      6.337   243.7205 3.2022e-01    15.1583      4.767      6.914    12.1186 0.0000e+00
      4.886      0.097     3.2874     30.071     60.930  45.164875     0.8985      6.335   244.7611 2.9815e-01    15.1410      4.793      6.952    12.1047 0.0000e+00
      4.908      0.107     3.2703     30.077     60.930  45.152285     0.8495      6.331   245.0043 2.7208e-01    15.4806      4.813      6.981    12.0835 0.0000e+00
      4.933      0.109     3.2562     30.093     60.959  45.163630     0.7709      6.329   245.1988 2.5888e-01    16.1566      4.832      7.008    12.0707 0.0000e+00
      4.968      0.102     3.2376     30.135     60.982  45.175069     0.7300      6.328   245.6498 2.4271e-01    16.5163      4.867      7.059    12.0686 0.0000e+00
      5.008      0.092     3.2321     30.192     60.966  45.163629     0.7140      6.327   246.1554 2.2249e-01    16.5164      4.918      7.132    12.0611 0.0000e+00
      5.036      0.081     3.2391     30.232     60.946  45.152276     0.6760      6.326   246.5794 2.1734e-01    16.5337      4.946      7.174    12.0492 0.0000e+00
      5.045      0.069     3.2376     30.275     60.959  45.164762     0.6459      6.325   246.9047 2.2300e-01    16.6573      4.949      7.177    12.0394 0.0000e+00
      5.049      0.056     3.2435     30.343     60.984  45.187647     0.6495      6.323   246.7342 2.2275e-01    16.7805      4.948      7.176    12.0348 0.0000e+00
      5.059      0.049     3.2524     30.418     60.962  45.175046     0.6605      6.321   246.4111 2.1255e-01    16.7944      4.959      7.193    12.0359 0.0000e+00
      5.073      0.051     3.2545     30.496     60.912  45.139370     0.6455      6.320   246.6973 2.0445e-01    16.7569      4.976      7.216    12.0402 0.0000e+00
      5.087      0.061     3.2573     30.572     60.912  45.137175     0.6109      6.318   247.4412 1.9684e-01    16.7713      4.989      7.234    12.0428 0.0000e+00
      5.100      0.073     3.2659     30.588     60.932  45.148508     0.5918      6.317   248.2635 1.8459e-01    16.8659      5.001      7.254    12.0456 0.0000e+00
      5.117      0.086     3.2747     30.579     60.940  45.149436     0.5973      6.315   248.2085 1.7357e-01    16.9777      5.013      7.272    12.0501 0.0000e+00
      5.142      0.101     3.2798     30.597     60.944  45.148386     0.6021      6.312   247.3780 1.6795e-01    17.0303      5.040      7.309    12.0506 0.0000e+00
      5.172      0.111     3.2955     30.610     60.931  45.135805     0.5918      6.309   247.6004 1.6384e-01    17.0920      5.075      7.360    12.0487 0.0000e+00
      5.203      0.114     3.2932     30.609     60.918  45.124273     0.5724      6.307   248.6604 1.5353e-01    17.2455      5.098      7.394    12.0458 0.0000e+00
      5.239      0.108     3.2887     30.594     60.935  45.135909     0.5682      6.305   249.2674 1.4019e-01    17.3834      5.135      7.447    12.0407 0.0000e+00
      5.278      0.096     3.2959     30.593     60.955  45.149531     0.5739      6.304   248.9170 1.3200e-01    17.4616      5.184      7.519    12.0372 0.0000e+00
      5.302      0.081     3.2952     30.611     60.973  45.162018     0.5494      6.302   248.1235 1.2844e-01    17.6442      5.207      7.551    12.0355 0.0000e+00
      5.312      0.068     3.2970     30.601     60.970  45.159928     0.4969      6.300   248.1052 1.2578e-01    17.9167      5.208      7.554    12.0337 0.0000e+00
      5.319      0.058     3.2934     30.560     60.920  45.124262     0.4634      6.299   248.7821 1.2588e-01    18.0242      5.215      7.564    12.0326 0.0000e+00
      5.329      0.054     3.2921     30.514     60.898  45.111672     0.4684      6.298   249.5974 1.2740e-01    18.0213      5.226      7.580    12.0322 0.0000e+00
      5.341      0.057     3.2981     30.446     60.925  45.134660     0.4989      6.296   249.7888 1.2690e-01    18.0867      5.235      7.594    12.0314 0.0000e+00
      5.357      0.064     3.2967     30.360     60.944  45.148291     0.5331      6.295   249.2018 1.2621e-01    18.1654      5.249      7.614    12.0308 0.0000e+00
      5.379      0.071     3.2899     30.325     60.949  45.149521     0.5410      6.294   248.8679 1.2505e-01    18.1537      5.275      7.651    12.0323 0.0000e+00
      5.400      0.075     3.2860     30.357     60.953  45.149530     0.5279      6.293   249.1932 1.2394e-01    18.0469      5.298      7.685    12.0364 0.0000e+00
      5.417      0.074     3.2800     30.386     60.955  45.148397     0.5320      6.291   249.8652 1.2385e-01    17.9329      5.310      7.703    12.0387 0.0000e+00
      5.437      0.069     3.2658     30.404     60.940  45.135808     0.5660      6.289   250.2829 1.2379e-01    17.9030      5.330      7.731    12.0376 0.0000e+00
      5.460      0.061     3.2604     30.414     60.925  45.124275     0.5976      6.287   250.2852 1.2370e-01    17.9585      5.357      7.769    12.0360 0.0000e+00
      5.475      0.051     3.2707     30.400     60.940  45.135920     0.5981      6.286   250.2374 1.2368e-01    17.9560      5.373      7.792    12.0332 0.0000e+00
      5.484      0.041     3.2721     30.401     60.958  45.149646     0.5810      6.285   250.2211 1.2374e-01    17.8723      5.379      7.801    12.0310 0.0000e+00
      5.492      0.033     3.2729     30.397     60.975  45.163267     0.5651      6.285   250.8621 1.2379e-01    17.7670      5.386      7.812    12.0298 0.0000e+00
      5.498      0.029     3.2783     30.339     60.986  45.173655     0.5637      6.285   252.1372 1.2378e-01    17.6739      5.394      7.824    12.0296 0.0000e+00
      5.500      0.034     3.2710     30.277     60.951  45.148292     0.5808      6.283   252.8177 1.2379e-01    17.6679      5.393      7.823    12.0305 0.0000e+00
      5.503      0.045     3.2732     30.263     60.903  45.110528     0.5890      6.279   252.7234 1.2383e-01    17.6601      5.394      7.823    12.0304 0.0000e+00
      5.513      0.059     3.2771     30.277     60.893  45.097937     0.5805      6.277   252.3738 1.2384e-01    17.6142      5.404      7.838    12.0305 0.0000e+00
      5.531      0.071     3.2661     30.281     60.933  45.123006     0.5766      6.276   252.9784 1.2384e-01    17.6252      5.421      7.863    12.0333 0.0000e+00
      5.557      0.076     3.2572     30.288     60.987  45.159704     0.5836      6.274   254.5283 1.2382e-01    17.6909      5.447      7.901    12.0354 0.0000e+00
      5.588      0.074     3.2570     30.305     60.991  45.160762     0.5904      6.272   255.1093 1.2379e-01    17.7598      5.483      7.952    12.0328 0.0000e+00
      5.614      0.066     3.2620     30.327     60.957  45.135787     0.5835      6.271   254.6693 1.2379e-01    17.7408      5.511      7.993    12.0275 0.0000e+00
      5.627      0.056     3.2604     30.345     60.923  45.111663     0.5668      6.270   254.4568 1.2380e-01    17.6657      5.521      8.008    12.0230 0.0000e+00
      5.631      0.048     3.2616     30.334     60.938  45.123006     0.5556      6.269   255.0341 1.2380e-01    17.6373      5.523      8.010    12.0204 0.0000e+00
      5.635      0.048     3.2644     30.316     60.971  45.145968     0.5566      6.267   256.1433 1.2381e-01    17.6706      5.524      8.012    12.0190 0.0000e+00
      5.642      0.058     3.2653     30.297     60.958  45.135369     0.5699      6.265   256.9418 1.2376e-01    17.7954      5.532      8.022    12.0195 0.0000e+00
      5.654      0.073     3.2705     30.238     60.940  45.121823     0.5747      6.264   257.0300 1.2371e-01    17.9167      5.542      8.038    12.0211 0.0000e+00
      5.676      0.087     3.2672     30.188     60.923  45.109137     0.5642      6.262   256.7804 1.2376e-01    17.9070      5.560      8.065    12.0208 0.0000e+00
      5.710      0.096     3.2631     30.189     60.924  45.108939     0.5595      6.261   256.6769 1.2383e-01    17.8489      5.599      8.120    12.0196 0.0000e+00
      5.746      0.099     3.2676     30.224     60.939  45.119432     0.5762      6.258   256.8975 1.2382e-01    17.8633      5.639      8.179    12.0187 0.0000e+00
      5.775      0.096     3.2551     30.253     60.925  45.109042     0.6172      6.257   257.3828 1.2380e-01    17.9443      5.666      8.218    12.0185 0.0000e+00
      5.795      0.090     3.2493     30.273     60.927  45.110282     0.6469      6.256   257.8985 1.2385e-01    17.9747      5.684      8.243    12.0185 0.0000e+00
      5.810      0.080     3.2501     30.302     60.959  45.134424     0.6448      6.254   258.3143 1.2390e-01    17.9227      5.698      8.264    12.0181 0.0000e+00
      5.827      0.070     3.2556     30.317     60.975  45.147017     0.6080      6.253   258.1084 1.2386e-01    17.8970      5.713      8.287    12.0177 0.0000e+00
      5.847      0.064     3.2607     30.352     60.959  45.135581     0.5603      6.251   257.4743 1.2378e-01    17.9714      5.734      8.316    12.0169 0.0000e+00
      5.867      0.062     3.2575     30.387     60.942  45.123113     0.5424      6.248   257.7027 1.2374e-01    18.0703      5.758      8.351    12.0167 0.0000e+00
      5.879      0.060     3.2680     30.392     60.939  45.123238     0.5326      6.246   258.4600 1.2379e-01    18.0680      5.768      8.365    12.0174 0.0000e+00
      5.889      0.055     3.2620     30.404     60.954  45.137089     0.5175      6.245   258.1995 1.2379e-01    18.0121      5.770      8.369    12.0185 0.0000e+00
      5.905      0.052     3.2695     30.430     60.983  45.163617     0.5087      6.244   257.2190 1.2375e-01    18.0093      5.790      8.399    12.0183 0.0000e+00
      5.923      0.052     3.2758     30.471     61.005  45.190066     0.5090      6.244   256.9302 1.2372e-01    18.0684      5.814      8.431    12.0180 0.0000e+00
      5.933      0.055     3.2711     30.485     61.002  45.202969     0.5218      6.243   257.4607 1.2374e-01    18.1116      5.819      8.440    12.0195 0.0000e+00
      5.941      0.056     3.2753     30.464     60.965  45.192683     0.5298      6.242   258.2130 1.2376e-01    18.0533      5.824      8.447    12.0225 0.0000e+00
      5.956      0.055     3.2745     30.444     60.947  45.192681     0.5230      6.241   258.2821 1.2373e-01    17.9783      5.839      8.468    12.0258 0.0000e+00
      5.976      0.056     3.2827     30.419     60.956  45.202965     0.5149      6.240   257.6951 1.2373e-01    17.9918      5.861      8.500    12.0334 0.0000e+00
      5.994      0.060     3.2838     30.409     60.942  45.190060     0.5144      6.239   257.4826 1.2373e-01    18.0447      5.882      8.531    12.0466 0.0000e+00
      6.006      0.065     3.2760     30.419     60.917  45.163610     0.5252      6.238   257.6910 1.2376e-01    18.1056      5.890      8.543    12.0629 0.0000e+00
      6.016      0.069     3.2766     30.412     60.900  45.137074     0.5455      6.237   258.0636 1.2381e-01    18.1808      5.897      8.551    12.0765 0.0000e+00
      6.034      0.071     3.2706     30.384     60.903  45.123121     0.5695      6.236   258.3751 1.2380e-01    18.2372      5.915      8.579    12.0778 0.0000e+00
      6.057      0.071     3.2695     30.375     60.920  45.121846     0.5821      6.233   258.3592 1.2375e-01    18.2407      5.939      8.614    12.0738 0.0000e+00
      6.081      0.071     3.2742     30.408     60.933  45.121636     0.5730      6.231   258.3009 1.2371e-01    18.2572      5.964      8.651    12.0687 0.0000e+00
      6.102      0.067     3.2736     30.420     60.939  45.120577     0.5589      6.231   258.3585 1.2375e-01    18.3004      5.986      8.683    12.0566 0.0000e+00
      6.118      0.061     3.2706     30.378     60.928  45.109034     0.5453      6.230   258.5395 1.2379e-01    18.2854      6.000      8.703    12.0414 0.0000e+00
      6.130      0.056     3.2674     30.361     60.930  45.109033     0.5328      6.228   259.1999 1.2379e-01    18.2461      6.014      8.721    12.0292 0.0000e+00
      6.139      0.055     3.2762     30.400     60.946  45.120567     0.5248      6.226   259.9756 1.2379e-01    18.2349      6.022      8.734    12.0216 0.0000e+00
      6.148      0.056     3.2801     30.402     60.948  45.121521     0.5062      6.225   260.0894 1.2374e-01    18.2872      6.027      8.742    12.0173 0.0000e+00
      6.162      0.058     3.2713     30.363     60.948  45.120576     0.4836      6.223   259.8012 1.2370e-01    18.3654      6.040      8.760    12.0151 0.0000e+00
      6.182      0.058     3.2653     30.336     60.934  45.109138     0.4671      6.223   259.6744 1.2375e-01    18.3265      6.060      8.790    12.0142 0.0000e+00
      6.204      0.055     3.2787     30.307     60.936  45.110178     0.4646      6.223   260.4494 1.2385e-01    18.2273      6.087      8.828    12.0140 0.0000e+00
      6.222      0.049     3.2772     30.279     60.966  45.133158     0.4702      6.223   261.7718 1.2389e-01    18.1910      6.105      8.855    12.0136 0.0000e+00
      6.231      0.041     3.2682     30.264     60.966  45.133053     0.4770      6.221   262.0689 1.2384e-01    18.1259      6.112      8.865    12.0130 0.0000e+00
      6.236      0.035     3.2692     30.231     60.932  45.108910     0.5046      6.220   261.6337 1.2379e-01    18.0206      6.116      8.871    12.0123 0.0000e+00
      6.239      0.033     3.2645     30.176     60.913  45.095184     0.5292      6.220   261.9299 1.2383e-01    17.9771      6.118      8.873    12.0117 0.0000e+00
      6.244      0.035     3.2610     30.160     60.911  45.094050     0.5341      6.218   262.8959 1.2384e-01    17.9766      6.121      8.877    12.0117 0.0000e+00
      6.254      0.042     3.2604     30.179     60.913  45.095195     0.5306      6.217   263.5055 1.2379e-01    17.9793      6.132      8.894    12.0121 0.0000e+00
      6.267      0.048     3.2594     30.190     60.932  45.109026     0.5191      6.216   263.5365 1.2373e-01    18.0100      6.146      8.915    12.0126 0.0000e+00
      6.282      0.051     3.2473     30.203     60.967  45.134312     0.5205      6.215   263.2708 1.2369e-01    18.0747      6.159      8.933    12.0133 0.0000e+00
      6.299      0.052     3.2471     30.223     60.983  45.147007     0.5309      6.214   263.2176 1.2369e-01    18.1128      6.177      8.958    12.0138 0.0000e+00
      6.316      0.053     3.2522     30.233     60.967  45.135561     0.5361      6.213   263.6680 1.2368e-01    18.0953      6.197      8.988    12.0134 0.0000e+00
