Data/DataNotYetUploadedToEDI/Raw_CTD/RawDownloads/091823_fcr50_S8188002.cnv
* Sea-Bird SBE19plus  Data File:
* FileName = C:\R\Reservoirs\Data\DataNotYetUploadedToEDI\Raw_CTD\RawDownloads\091823_bvr50_S8188_0002.hex
* Software version 2.8.0.119
* Temperature SN = 8188
* Conductivity SN = 8188
* System UpLoad Time = Sep 22 2023 13:13:41
* <ApplicationData>
* <Seaterm232>
# nquan = 16
# nvalues = 1080                        
# units = specified
# name 0 = depFM: Depth [fresh water, m]
# name 1 = dz/dtM: Descent Rate [m/s]
# name 2 = sbeox0Mg/L: Oxygen, SBE 43 [mg/l]
# name 3 = sbeox0PS: Oxygen, SBE 43 [% saturation]
# name 4 = specc: Specific Conductance [uS/cm]
# name 5 = c0uS/cm: Conductivity [uS/cm]
# name 6 = wetCDOM: Fluorescence, WET Labs CDOM [mg/m^3]
# name 7 = flECO-AFL: Fluorescence, WET Labs ECO-AFL/FL [mg/m^3]
# name 8 = flECO-AFL1: Fluorescence, WET Labs ECO-AFL/FL, 2 [mg/m^3]
# name 9 = flECO-AFL2: Fluorescence, WET Labs ECO-AFL/FL, 3 [mg/m^3]
# name 10 = par/sat/log: PAR/Logarithmic, Satlantic
# name 11 = turbWETntu0: Turbidity, WET Labs ECO [NTU]
# name 12 = prdM: Pressure, Strain Gauge [db]
# name 13 = prdE: Pressure, Strain Gauge [psi]
# name 14 = tv290C: Temperature [ITS-90, deg C]
# name 15 = flag:  0.000e+00
# span 0 =     -0.703,      9.332       
# span 1 =     -0.278,      0.183       
# span 2 =    -0.3418,     6.0823       
# span 3 =     -3.533,     68.345       
# span 4 =      0.580,    138.038       
# span 5 =   0.534672, 102.062180       
# span 6 =    -4.5000,     7.4700       
# span 7 =    -0.2490,    48.6180       
# span 8 =    -2.1300,     1.5336       
# span 9 =    -2.0304,    18.2736       
# span 10 = 1.1592e-01, 1.3066e+03      
# span 11 =    -0.5136,   385.7008      
# span 12 =     -0.690,      9.152      
# span 13 =     -1.000,     13.274      
# span 14 =    11.9575,    22.0192      
# span 15 = 0.0000e+00, 0.0000e+00      
# interval = seconds: 0.25
# start_time = Sep 18 2023 13:17:15 [Instrument's time stamp, header]
# bad_flag = -9.990e-29
*END*
[from data line 91]
     -0.407      0.052     5.7413     65.920     42.471  39.913568     3.6900     2.6311     0.0426     2.9187 5.3465e+02     4.0556     -0.399     -0.579    21.9862 0.0000e+00
     -0.394      0.055     5.7455     65.997     42.497  39.936842     3.6900     2.6349     0.0426     2.9187 5.3407e+02     4.1007     -0.386     -0.560    21.9861 0.0000e+00
     -0.380      0.060     5.7516     66.087     42.516  39.954141     3.6900     2.6349     0.0852     3.0456 5.3465e+02     3.9955     -0.373     -0.540    21.9855 0.0000e+00
     -0.365      0.065     5.7583     66.198     42.514  39.950270     3.6900     2.6388     0.0852     3.0456 5.3546e+02     4.1157     -0.358     -0.519    21.9847 0.0000e+00
     -0.348      0.070     5.7647     66.345     42.481  39.916272     3.6900     2.7456     0.0852     3.0456 5.2864e+02     4.1458     -0.341     -0.495    21.9838 0.0000e+00
     -0.329      0.075     5.7715     66.533     42.442  39.874775     3.6900     2.6845     0.0852     3.0456 5.2887e+02     4.1307     -0.322     -0.468    21.9828 0.0000e+00
     -0.308      0.077     5.7795     66.766     42.433  39.858294     3.6900     2.6731     0.0852     3.1302 5.3500e+02     4.1157     -0.302     -0.438    21.9814 0.0000e+00
     -0.286      0.077     5.7895     67.026     42.465  39.878280     3.6900     2.7112     0.0852     3.1302 5.1213e+02     4.2059     -0.280     -0.406    21.9793 0.0000e+00
     -0.264      0.073     5.8027     67.283     42.538  39.936102     3.6900     2.7151     0.0852     3.1302 4.9884e+02     3.7099     -0.259     -0.376    21.9759 0.0000e+00
     -0.245      0.067     5.8198     67.504     42.643  40.027368     3.6900     2.6807     0.0852     3.1302 4.6604e+02     3.6949     -0.240     -0.348    21.9702 0.0000e+00
     -0.228      0.058     5.8412     67.665     42.755  40.132835     3.7800     2.6998     0.0852     3.0879 4.5732e+02     3.6197     -0.224     -0.324    21.9613 0.0000e+00
     -0.214      0.049     5.8653     67.752     42.849  40.227141     3.7800     2.7265     0.0852     3.0879 4.5583e+02     3.5295     -0.210     -0.305    21.9493 0.0000e+00
     -0.204      0.040     5.8892     67.750     42.911  40.295816     3.7800     2.6960     0.0852     3.0879 4.5851e+02     3.9203     -0.200     -0.290    21.9368 0.0000e+00
     -0.196      0.032     5.9095     67.550     42.945  40.339345     3.7800     2.7189     0.0852     3.0879 4.6392e+02     3.9504     -0.192     -0.279    21.9283 0.0000e+00
     -0.190      0.026     5.9237     66.949     42.967  40.369338     3.7800     2.7151     0.0852     3.0879 4.6534e+02     3.8301     -0.186     -0.270    21.9279 0.0000e+00
     -0.185      0.021     5.9304     65.833     42.985  40.393793     3.7800     2.7379     0.1278     3.2571 4.6706e+02     3.9955     -0.181     -0.263    21.9355 0.0000e+00
     -0.180      0.017     5.9289     64.229     42.993  40.407346     3.7800     2.6883     0.1278     3.2571 4.6251e+02     3.7249     -0.177     -0.256    21.9477 0.0000e+00
     -0.176      0.013     5.9099     62.238     42.990  40.409649     3.7800     2.7418     0.1278     3.2571 4.5603e+02     3.5596     -0.173     -0.250    21.9606 0.0000e+00
     -0.173      0.010     5.8560     60.013     42.986  40.409239     3.7800     2.6998     0.1278     3.2571 4.4943e+02     3.6348     -0.170     -0.246    21.9720 0.0000e+00
     -0.170      0.006     5.7574     57.725     42.984  40.409971     3.7800     2.6998     0.0426     3.2148 4.4178e+02     3.6949     -0.167     -0.242    21.9811 0.0000e+00
     -0.169      0.002     5.6164     55.567     42.985  40.412039     3.7800     2.7036     0.0426     3.2148 4.4092e+02     3.6648     -0.166     -0.240    21.9880 0.0000e+00
     -0.170     -0.002     5.4417     53.750     42.983  40.412032     3.7800     2.6960     0.0426     3.2148 4.4467e+02     3.5897     -0.166     -0.241    21.9933 0.0000e+00
     -0.171     -0.005     5.2468     52.387     42.976  40.405988     3.7800     2.6845     0.0426     3.2148 4.4294e+02     3.6197     -0.168     -0.243    21.9973 0.0000e+00
     -0.173     -0.007     5.0465     51.440     42.965  40.396255     3.6900     2.6960     0.0852     3.1302 4.4622e+02     3.6949     -0.170     -0.246    22.0003 0.0000e+00
     -0.176     -0.007     4.8576     50.819     42.956  40.388164     3.6900     2.7074     0.0852     3.1302 4.5178e+02     3.9203     -0.173     -0.251    22.0025 0.0000e+00
     -0.179     -0.005     4.6985     50.436     42.954  40.387479     3.6900     2.7227     0.0852     3.1302 4.5228e+02     3.8903     -0.175     -0.254    22.0042 0.0000e+00
     -0.180     -0.003     4.5793     50.197     42.964  40.397980     3.6900     2.7036     0.0852     3.1302 4.5346e+02     3.9354     -0.177     -0.256    22.0053 0.0000e+00
     -0.181      0.001     4.4965     50.025     42.981  40.414543     3.7800     2.7036     0.0852     3.0456 4.4739e+02     3.7851     -0.177     -0.257    22.0059 0.0000e+00
     -0.180      0.004     4.4421     49.874     42.995  40.429700     3.7800     2.7685     0.0852     3.0456 4.3644e+02     3.8452     -0.176     -0.255    22.0063 0.0000e+00
     -0.177      0.006     4.4086     49.709     43.009  40.443531     3.7800     2.7570     0.0852     3.0456 4.2780e+02     3.8151     -0.174     -0.252    22.0071 0.0000e+00
     -0.175      0.007     4.3876     49.533     43.020  40.455762     3.7800     2.7875     0.0852     3.0456 4.2336e+02     3.8903     -0.171     -0.248    22.0082 0.0000e+00
     -0.172      0.007     4.3725     49.356     43.029  40.465692     3.7800     2.7761     0.0852     3.0456 4.1050e+02     3.9504     -0.169     -0.244    22.0096 0.0000e+00
     -0.170      0.006     4.3591     49.182     43.035  40.472008     3.6900     2.7112     0.0852     3.2571 4.0952e+02     3.8752     -0.166     -0.241    22.0112 0.0000e+00
     -0.168      0.004     4.3446     49.026     43.039  40.476393     3.6900     2.6922     0.0852     3.2571 4.0792e+02     3.8452     -0.165     -0.239    22.0128 0.0000e+00
     -0.167      0.002     4.3291     48.921     43.046  40.483980     3.6900     2.7036     0.0852     3.2571 4.0863e+02     3.7851     -0.164     -0.238    22.0144 0.0000e+00
     -0.168     -0.001     4.3135     48.897     43.051  40.488868     3.6900     2.7265     0.0852     3.2571 4.0404e+02     3.8301     -0.164     -0.238    22.0158 0.0000e+00
     -0.168     -0.003     4.2981     48.981     43.046  40.484437     3.7800     2.7379     0.0426     3.2571 4.0386e+02     3.8151     -0.165     -0.239    22.0169 0.0000e+00
     -0.169     -0.006     4.2845     49.188     43.035  40.473465     3.7800     2.7112     0.0426     3.2571 3.9863e+02     3.9053     -0.166     -0.240    22.0177 0.0000e+00
     -0.170     -0.009     4.2753     49.512     43.021  40.460952     3.7800     2.6883     0.0426     3.2571 3.9690e+02     3.7851     -0.167     -0.242    22.0182 0.0000e+00
     -0.172     -0.012     4.2732     49.935     43.007  40.447523     3.7800     2.7303     0.0426     3.2571 3.9355e+02     3.8452     -0.169     -0.245    22.0186 0.0000e+00
     -0.175     -0.017     4.2805     50.432     42.988  40.429597     3.7800     2.6998     0.0426     3.2994 3.9074e+02     3.5897     -0.172     -0.249    22.0190 0.0000e+00
     -0.180     -0.024     4.2985     50.966     42.960  40.402393     3.7800     2.6998     0.0426     3.2994 3.8896e+02     3.6197     -0.176     -0.256    22.0192 0.0000e+00
     -0.186     -0.032     4.3268     51.516     42.919  40.362620     3.7800     2.7227     0.0426     3.2994 3.8761e+02     3.5145     -0.182     -0.265    22.0192 0.0000e+00
     -0.194     -0.042     4.3638     52.068     42.872  40.315518     3.7800     2.7227     0.0426     3.2994 3.8627e+02     3.6197     -0.190     -0.276    22.0191 0.0000e+00
     -0.205     -0.054     4.4073     52.540     42.830  40.272298     3.7800     2.7303     0.0852     3.2571 3.8509e+02     3.6648     -0.201     -0.292    22.0186 0.0000e+00
     -0.220     -0.069     4.4540     52.845     42.799  40.237284     3.7800     2.7151     0.0852     3.2571 3.8251e+02     3.7249     -0.215     -0.312    22.0177 0.0000e+00
     -0.238     -0.085     4.5023     52.970     42.773  40.205101     3.7800     2.7151     0.0852     3.2571 3.7388e+02     3.6348     -0.233     -0.338    22.0159 0.0000e+00
     -0.261     -0.102     4.5507     52.919     42.734  40.159240     3.7800     2.7189     0.0852     3.2571 4.1309e+02     3.6197     -0.256     -0.371    22.0130 0.0000e+00
     -0.290     -0.117     4.5924     52.723     42.661  40.079550     3.7800     2.5739     0.0852     3.2571 4.4885e+02     3.5596     -0.285     -0.413    22.0083 0.0000e+00
     -0.325     -0.129     4.6197     52.442     42.545  39.954683     3.6900     2.5892     0.0852     3.2571 4.4729e+02     3.5746     -0.318     -0.462    22.0014 0.0000e+00
     -0.363     -0.135     4.6314     52.152     42.364  39.761248     3.6900     2.6006     0.0852     3.2571 4.7185e+02     3.6348     -0.356     -0.516    21.9925 0.0000e+00
     -0.402     -0.137     4.6279     51.943     42.055  39.441716     3.6900     2.6121     0.0852     3.2571 4.5257e+02     3.6197     -0.394     -0.571    21.9818 0.0000e+00
     -0.439     -0.133     4.6120     51.879     41.541  38.926726     3.6900     2.5243     0.0852     3.2571 4.5316e+02     3.6197     -0.430     -0.624    21.9683 0.0000e+00
     -0.473     -0.125     4.5891     51.972     40.721  38.122526     3.6900     2.4900     0.0852     3.1302 4.3939e+02     3.6648     -0.464     -0.673    21.9487 0.0000e+00
     -0.504     -0.115     4.5662     52.231     39.377  36.828527     3.6900     2.5243     0.0852     3.1302 4.4217e+02     3.5897     -0.494     -0.717    21.9198 0.0000e+00
     -0.532     -0.103     4.5512     52.699     37.118  34.683815     3.6900     2.5129     0.0852     3.1302 3.8027e+02     3.5596     -0.521     -0.756    21.8827 0.0000e+00
     -0.556     -0.090     4.5493     53.338     33.324  31.116462     3.6900     2.5472     0.0852     3.1302 3.8795e+02     3.5897     -0.545     -0.790    21.8408 0.0000e+00
     -0.577     -0.076     4.5616     54.028     27.789  25.935648     3.7800     2.5281     0.0852     3.1725 3.8778e+02     3.5596     -0.566     -0.821    21.7949 0.0000e+00
     -0.597     -0.061     4.5888     54.657     21.965  20.493830     3.7800     2.5167     0.0852     3.1725 3.6992e+02     3.6949     -0.585     -0.848    21.7462 0.0000e+00
     -0.612     -0.045     4.6340     55.148     17.945  16.740118     3.7800     2.5358     0.0852     3.1725 3.6370e+02     3.6798     -0.600     -0.870    21.7001 0.0000e+00
     -0.621     -0.029     4.6937     55.459     16.285  15.189244     3.7800     2.5129     0.0852     3.1725 3.5128e+02     3.8301     -0.609     -0.884    21.6627 0.0000e+00
     -0.626     -0.012     4.7569     55.581     16.721  15.595759     4.5000     2.5434     0.0852     2.8341 3.5105e+02     3.8602     -0.613     -0.890    21.6364 0.0000e+00
     -0.626      0.005     4.8138     55.507     19.262  17.967178     4.5000     2.5167     0.0852     2.8341 3.5150e+02     3.9203     -0.614     -0.890    21.6200 0.0000e+00
     -0.622      0.022     4.8579     55.261     23.358  21.792412     4.5000     2.5014     0.0852     2.8341 3.5181e+02     3.8752     -0.610     -0.885    21.6107 0.0000e+00
     -0.615      0.040     4.8858     54.888     28.292  26.405846     4.5000     2.5014     0.0852     2.8341 3.5173e+02     3.8903     -0.603     -0.874    21.6065 0.0000e+00
     -0.603      0.057     4.8965     54.420     33.305  31.101785     4.5000     2.5510     0.0852     2.8341 3.5962e+02     3.8452     -0.592     -0.858    21.6064 0.0000e+00
     -0.587      0.076     4.8896     53.923     37.157  34.730724     3.7800     2.5129     0.0852     3.1302 3.6497e+02     3.8452     -0.576     -0.835    21.6105 0.0000e+00
     -0.566      0.096     4.8670     53.471     39.548  37.008958     3.7800     2.5281     0.0852     3.1302 3.8118e+02     3.8452     -0.555     -0.805    21.6198 0.0000e+00
     -0.539      0.115     4.8325     53.100     41.004  38.419221     3.7800     2.5854     0.0852     3.1302 3.8669e+02     3.9053     -0.529     -0.767    21.6367 0.0000e+00
     -0.506      0.134     4.7887     52.844     41.873  39.276177     3.7800     2.5739     0.0852     3.1302 4.3238e+02     3.8001     -0.497     -0.720    21.6657 0.0000e+00
     -0.469      0.150     4.7408     52.729     42.387  39.792502     3.7800     2.5968     0.0852     3.2148 4.4111e+02     3.8602     -0.460     -0.667    21.7107 0.0000e+00
     -0.427      0.164     4.6957     52.765     42.682  40.093999     3.7800     2.5586     0.0852     3.2148 4.5662e+02     3.8752     -0.419     -0.607    21.7688 0.0000e+00
     -0.382      0.175     4.6576     52.954     42.852  40.268990     3.7800     2.6464     0.0852     3.2148 4.6051e+02     4.0105     -0.374     -0.543    21.8299 0.0000e+00
     -0.334      0.181     4.6302     53.291     42.960  40.379988     3.7800     2.6426     0.0852     3.2148 4.6422e+02     4.0255     -0.328     -0.476    21.8844 0.0000e+00
     -0.286      0.183     4.6162     53.764     43.036  40.456594     3.7800     2.6578     0.0852     3.3417 3.8317e+02     4.1758     -0.280     -0.406    21.9275 0.0000e+00
     -0.236      0.180     4.6165     54.376     43.091  40.511311     3.7800     2.6426     0.0852     3.3417 3.2336e+02     4.0556     -0.232     -0.336    21.9585 0.0000e+00
     -0.188      0.172     4.6313     55.060     43.131  40.550806     3.7800     2.6998     0.0852     3.3417 1.7495e+02     3.9053     -0.185     -0.268    21.9789 0.0000e+00
     -0.144      0.162     4.6597     55.660     43.159  40.577688     3.7800     2.7112     0.0852     3.3417 1.5343e+02     3.7851     -0.141     -0.205    21.9909 0.0000e+00
     -0.104      0.149     4.7004     56.116     43.174  40.591201     3.7800     2.6998     0.0852     3.3417 1.6934e+02     3.8903     -0.102     -0.148    21.9974 0.0000e+00
     -0.069      0.135     4.7536     56.426     43.178  40.594948     3.7800     2.7151     0.0852     3.3840 1.1152e+02     3.8903     -0.067     -0.098    22.0009 0.0000e+00
     -0.037      0.123     4.8131     56.577     43.181  40.597852     3.7800     2.7227     0.0852     3.3840 1.4703e+02     3.9203     -0.036     -0.053    22.0028 0.0000e+00
     -0.009      0.112     4.8655     56.593     43.185  40.600688     3.7800     2.6922     0.0852     3.3840 1.2484e+02     3.9654     -0.008     -0.012    22.0036 0.0000e+00
      0.017      0.104     4.9055     56.505     43.186  40.600250     3.7800     2.7189     0.0852     3.3840 1.3600e+02     3.8452      0.017      0.025    22.0037 0.0000e+00
      0.042      0.098     4.9326     56.369     43.187  40.600383     3.7800     2.7379     0.0852     3.2148 1.2075e+02     3.8452      0.042      0.060    22.0034 0.0000e+00
      0.066      0.094     4.9458     56.219     43.188  40.601122     3.7800     2.7303     0.0852     3.2148 1.2250e+02     4.0255      0.065      0.094    22.0028 0.0000e+00
      0.089      0.091     4.9473     56.033     43.190  40.602665     3.7800     2.7074     0.0852     3.2148 1.1304e+02     4.1458      0.088      0.127    22.0021 0.0000e+00
      0.112      0.087     4.9396     55.774     43.197  40.609386     3.7800     2.7265     0.0852     3.2148 1.0884e+02     4.2059      0.110      0.159    22.0013 0.0000e+00
      0.134      0.084     4.9278     55.419     43.203  40.615151     3.7800     2.7341     0.0426     3.5955 1.0448e+02     4.1458      0.132      0.191    22.0006 0.0000e+00
      0.156      0.081     4.9148     54.996     43.201  40.613576     3.7800     2.6998     0.0426     3.5955 9.9521e+01     3.8151      0.153      0.222    22.0001 0.0000e+00
