Data/DataNotYetUploadedToEDI/Raw_CTD/RawDownloads/091823_fcr50_S8188002.cnv
* Sea-Bird SBE19plus  Data File:
* FileName = C:\R\Reservoirs\Data\DataNotYetUploadedToEDI\Raw_CTD\RawDownloads\091823_bvr50_S8188_0002.hex
* Software version 2.8.0.119
* Temperature SN = 8188
* Conductivity SN = 8188
* System UpLoad Time = Sep 22 2023 13:13:41
* <ApplicationData>
* <Seaterm232>
# nquan = 16
# nvalues = 1080                        
# units = specified
# name 0 = depFM: Depth [fresh water, m]
# name 1 = dz/dtM: Descent Rate [m/s]
# name 2 = sbeox0Mg/L: Oxygen, SBE 43 [mg/l]
# name 3 = sbeox0PS: Oxygen, SBE 43 [% saturation]
# name 4 = specc: Specific Conductance [uS/cm]
# name 5 = c0uS/cm: Conductivity [uS/cm]
# name 6 = wetCDOM: Fluorescence, WET Labs CDOM [mg/m^3]
# name 7 = flECO-AFL: Fluorescence, WET Labs ECO-AFL/FL [mg/m^3]
# name 8 = flECO-AFL1: Fluorescence, WET Labs ECO-AFL/FL, 2 [mg/m^3]
# name 9 = flECO-AFL2: Fluorescence, WET Labs ECO-AFL/FL, 3 [mg/m^3]
# name 10 = par/sat/log: PAR/Logarithmic, Satlantic
# name 11 = turbWETntu0: Turbidity, WET Labs ECO [NTU]
# name 12 = prdM: Pressure, Strain Gauge [db]
# name 13 = prdE: Pressure, Strain Gauge [psi]
# name 14 = tv290C: Temperature [ITS-90, deg C]
# name 15 = flag:  0.000e+00
# span 0 =     -0.703,      9.332       
# span 1 =     -0.278,      0.183       
# span 2 =    -0.3418,     6.0823       
# span 3 =     -3.533,     68.345       
# span 4 =      0.580,    138.038       
# span 5 =   0.534672, 102.062180       
# span 6 =    -4.5000,     7.4700       
# span 7 =    -0.2490,    48.6180       
# span 8 =    -2.1300,     1.5336       
# span 9 =    -2.0304,    18.2736       
# span 10 = 1.1592e-01, 1.3066e+03      
# span 11 =    -0.5136,   385.7008      
# span 12 =     -0.690,      9.152      
# span 13 =     -1.000,     13.274      
# span 14 =    11.9575,    22.0192      
# span 15 = 0.0000e+00, 0.0000e+00      
# interval = seconds: 0.25
# start_time = Sep 18 2023 13:17:15 [Instrument's time stamp, header]
# bad_flag = -9.990e-29
*END*
[from data line 995]
      2.825     -0.177     2.0071     15.997     60.085  46.801221     4.5000     7.9527     0.2982     0.4230 9.8881e+00     8.1137      2.770      4.018    13.5801 0.0000e+00
      2.780     -0.174     1.9418     14.752     60.006  46.767709     4.5000     7.9680     0.2982     0.4230 1.0465e+01     8.1438      2.726      3.954    13.7672 0.0000e+00
      2.736     -0.171     1.8618     13.446     59.830  46.698943     4.5900     7.9603     0.2982     0.8460 1.0821e+01     8.1889      2.684      3.892    13.8837 0.0000e+00
      2.694     -0.168     1.7652     12.192     59.477  46.564693     4.5900     7.9832     0.2982     0.8460 1.1233e+01     8.0536      2.642      3.832    13.9325 0.0000e+00
      2.652     -0.166     1.6513     11.102     58.892  46.346995     4.5900    11.9391     0.2982     0.8460 1.1783e+01     5.9494      2.601      3.772    13.9500 0.0000e+00
      2.610     -0.165     1.5223     10.275     58.048  46.031402     4.5900    11.9315     0.2982     0.8460 1.2455e+01     5.9795      2.560      3.712    13.9760 0.0000e+00
      2.568     -0.165     1.3863      9.764     56.980  45.620961     4.5900    11.9468     0.2982     0.8460 1.3019e+01     6.0245      2.518      3.653    14.0386 0.0000e+00
      2.526     -0.165     1.2541      9.572     55.829  45.186562     4.5000    11.9277     0.2982     2.7072 1.3595e+01     6.0245      2.477      3.593    14.1644 0.0000e+00
      2.484     -0.165     1.1371      9.652     54.795  44.832338     4.5000    10.0737     0.2982     2.7072 1.4295e+01     5.4985      2.436      3.533    14.3785 0.0000e+00
      2.442     -0.165     1.0453      9.933     53.990  44.598592     4.5000    10.0585     0.2982     2.7072 1.5066e+01     5.4985      2.395      3.474    14.6885 0.0000e+00
      2.400     -0.165     0.9845     10.344     53.331  44.399232     4.5000    10.1042     0.2982     2.7072 1.5991e+01     5.3933      2.354      3.414    15.0799 0.0000e+00
      2.358     -0.166     0.9552     10.839     52.595  44.076089     4.4100    10.1233     0.2130     4.6530 1.6535e+01     5.6037      2.313      3.354    15.5188 0.0000e+00
      2.316     -0.167     0.9534     11.415     51.714  43.630174     4.4100     6.8770     0.2130     4.6530 1.7116e+01     4.7921      2.272      3.295    15.9557 0.0000e+00
      2.274     -0.168     0.9724     12.104     50.835  43.208087     4.4100     6.8464     0.2130     4.6530 1.8309e+01     4.8221      2.230      3.234    16.3435 0.0000e+00
      2.230     -0.169     1.0053     12.951     50.066  42.877586     4.4100     6.8731     0.2130     4.6530 1.9610e+01     4.8672      2.187      3.172    16.6615 0.0000e+00
      2.186     -0.168     1.0469     13.977     49.489  42.679334     4.2300     6.8464     0.2130     5.8374 2.0800e+01     4.9123      2.144      3.110    16.9351 0.0000e+00
      2.143     -0.167     1.0957     15.176     49.186  42.653595     4.2300     5.0039     0.2130     5.8374 2.1686e+01     4.4314      2.102      3.048    17.2175 0.0000e+00
      2.100     -0.165     1.1541     16.541     49.135  42.757856     4.2300     5.0230     0.2130     5.8374 2.3056e+01     4.3111      2.059      2.987    17.5289 0.0000e+00
      2.058     -0.163     1.2268     18.079     49.246  42.918884     4.2300     5.0230     0.2130     5.8374 2.4080e+01     4.4163      2.018      2.927    17.8472 0.0000e+00
      2.017     -0.161     1.3164     19.779     49.403  43.056783     4.0500     5.0382     0.1278     4.9491 2.4830e+01     4.3562      1.978      2.869    18.1402 0.0000e+00
      1.977     -0.159     1.4233     21.588     49.460  43.077557     4.0500     4.9886     0.1278     4.9491 2.5469e+01     4.3562      1.939      2.812    18.3723 0.0000e+00
      1.938     -0.159     1.5476     23.410     49.331  42.951075     4.0500     5.0077     0.1278     4.9491 2.6786e+01     4.2360      1.900      2.756    18.5179 0.0000e+00
      1.898     -0.160     1.6901     25.136     49.009  42.705024     4.0500     5.0268     0.1278     4.9491 2.7988e+01     4.3412      1.861      2.699    18.5797 0.0000e+00
      1.857     -0.162     1.8497     26.666     48.524  42.378797     4.0500     4.9963     0.1278     4.9491 2.9557e+01     4.3111      1.821      2.641    18.5787 0.0000e+00
      1.815     -0.164     2.0203     27.917     47.988  42.059751     4.0500     4.6987     0.1278     4.3569 3.1112e+01     4.6418      1.780      2.582    18.5495 0.0000e+00
      1.773     -0.166     2.1912     28.852     47.510  41.813387     4.0500     4.7102     0.1278     4.3569 3.2579e+01     4.5967      1.739      2.522    18.5360 0.0000e+00
      1.730     -0.168     2.3506     29.489     47.099  41.617604     4.0500     4.7140     0.1278     4.3569 3.4525e+01     4.5516      1.697      2.461    18.5725 0.0000e+00
      1.687     -0.168     2.4882     29.907     46.716  41.432087     4.0500     4.7025     0.1278     4.3569 3.6579e+01     4.5817      1.654      2.399    18.6736 0.0000e+00
      1.643     -0.169     2.5966     30.231     46.342  41.246992     3.9600     4.7788     0.1278     4.3146 3.8437e+01     4.3111      1.612      2.337    18.8304 0.0000e+00
      1.600     -0.169     2.6739     30.604     45.988  41.078342     3.9600     4.7674     0.1278     4.3146 4.0504e+01     4.5065      1.569      2.276    19.0117 0.0000e+00
      1.557     -0.168     2.7235     31.140     45.666  40.932676     3.9600     4.7598     0.1278     4.3146 4.2165e+01     4.2961      1.527      2.215    19.1875 0.0000e+00
      1.514     -0.168     2.7533     31.894     45.375  40.802853     3.9600     4.7865     0.1278     4.3146 4.4201e+01     4.3863      1.485      2.154    19.3501 0.0000e+00
      1.472     -0.167     2.7744     32.870     45.157  40.721614     3.9600     4.4813     0.1278     4.3146 4.6255e+01     4.0556      1.444      2.094    19.5078 0.0000e+00
      1.429     -0.166     2.7997     34.032     45.059  40.720790     3.9600     4.5080     0.1278     4.3146 4.8320e+01     4.1909      1.402      2.033    19.6662 0.0000e+00
      1.387     -0.166     2.8401     35.317     45.055  40.766487     3.9600     4.4927     0.1278     4.3146 5.1340e+01     4.0857      1.360      1.973    19.8199 0.0000e+00
      1.344     -0.166     2.9005     36.646     45.072  40.799578     3.9600     4.4851     0.1278     4.3146 5.4324e+01     4.1007      1.319      1.912    19.9632 0.0000e+00
      1.302     -0.166     2.9819     37.931     45.055  40.787282     3.9600     4.4393     0.0852     4.3992 5.7745e+01     4.1007      1.277      1.852    20.0893 0.0000e+00
      1.260     -0.166     3.0817     39.101     44.985  40.730281     3.9600     4.4241     0.0852     4.3992 6.0677e+01     4.2059      1.236      1.793    20.1843 0.0000e+00
      1.219     -0.168     3.1949     40.111     44.861  40.637144     3.9600     4.4431     0.0852     4.3992 6.3926e+01     4.1307      1.195      1.733    20.2383 0.0000e+00
      1.176     -0.170     3.3141     40.934     44.702  40.528601     3.9600     4.3974     0.0852     4.3992 7.2387e+01     4.0706      1.154      1.673    20.2571 0.0000e+00
      1.133     -0.172     3.4302     41.558     44.562  40.447023     3.9600     3.8709     0.0852     4.3992 7.1232e+01     3.8151      1.111      1.612    20.2599 0.0000e+00
      1.088     -0.174     3.5356     41.992     44.478  40.418205     3.9600     3.8747     0.0852     4.3569 7.9063e+01     3.8301      1.067      1.548    20.2667 0.0000e+00
      1.043     -0.175     3.6254     42.267     44.450  40.432483     3.9600     3.8747     0.0852     4.3569 7.7785e+01     3.8602      1.023      1.483    20.2885 0.0000e+00
      0.997     -0.174     3.6969     42.424     44.449  40.459990     3.9600     3.8519     0.0852     4.3569 8.7109e+01     3.9354      0.978      1.418    20.3277 0.0000e+00
      0.952     -0.173     3.7494     42.521     44.434  40.470423     3.9600     3.8099     0.0852     4.3569 9.0761e+01     4.1758      0.933      1.354    20.3792 0.0000e+00
      0.908     -0.170     3.7847     42.616     44.387  40.454677     4.0500     3.5429     0.0852     4.3146 7.9063e+01     4.2059      0.890      1.292    20.4320 0.0000e+00
      0.865     -0.166     3.8062     42.764     44.319  40.428365     4.0500     3.5772     0.0852     4.3146 8.9274e+01     4.0556      0.849      1.231    20.4762 0.0000e+00
      0.824     -0.163     3.8180     43.005     44.244  40.404281     4.0500     3.5390     0.0852     4.3146 8.2217e+01     4.1307      0.808      1.172    20.5086 0.0000e+00
      0.783     -0.160     3.8247     43.334     44.165  40.383928     4.0500     3.5734     0.0852     4.3146 9.0584e+01     4.0857      0.768      1.114    20.5353 0.0000e+00
      0.743     -0.157     3.8309     43.723     44.099  40.373769     4.0500     3.2453     0.0852     4.1877 9.9607e+01     3.8903      0.729      1.057    20.5659 0.0000e+00
      0.704     -0.156     3.8412     44.150     44.056  40.379021     4.0500     3.2567     0.0852     4.1877 9.8767e+01     3.8903      0.690      1.001    20.6060 0.0000e+00
      0.665     -0.155     3.8589     44.596     44.022  40.389200     4.0500     3.2415     0.0852     4.1877 9.3768e+01     3.8301      0.652      0.945    20.6568 0.0000e+00
      0.626     -0.156     3.8840     45.040     43.973  40.391173     4.0500     3.2644     0.0852     4.1877 1.0056e+02     3.8151      0.613      0.890    20.7146 0.0000e+00
      0.586     -0.157     3.9145     45.485     43.901  40.385467     4.0500     3.1919     0.0852     4.3992 1.1896e+02     3.8301      0.575      0.834    20.7714 0.0000e+00
      0.546     -0.159     3.9488     45.966     43.809  40.374525     4.0500     3.1881     0.0852     4.3992 1.1749e+02     3.8903      0.536      0.777    20.8221 0.0000e+00
      0.505     -0.161     3.9849     46.509     43.712  40.363357     4.0500     3.1843     0.0852     4.3992 1.3502e+02     3.8602      0.496      0.719    20.8695 0.0000e+00
      0.464     -0.166     4.0203     47.112     43.621  40.352952     4.0500     3.1805     0.0852     4.3992 1.4909e+02     3.8602      0.455      0.660    20.9232 0.0000e+00
      0.422     -0.173     4.0545     47.819     43.535  40.332615     4.0500     3.0775     0.0852     4.3992 1.6284e+02     3.8151      0.414      0.601    20.9923 0.0000e+00
      0.380     -0.182     4.0907     48.631     43.460  40.304849     3.9600     3.0736     0.0852     4.3146 1.7705e+02     3.8452      0.372      0.540    21.0765 0.0000e+00
      0.335     -0.194     4.1317     49.492     43.405  40.282063     3.9600     3.0355     0.0852     4.3146 1.8387e+02     3.8752      0.328      0.476    21.1660 0.0000e+00
      0.285     -0.207     4.1785     50.265     43.368  40.270064     3.9600     3.0736     0.0852     4.3146 2.6311e+02     3.8151      0.279      0.405    21.2495 0.0000e+00
      0.229     -0.219     4.2356     50.798     43.347  40.271597     3.9600     2.7570     0.0852     4.3146 2.8181e+02     3.8752      0.224      0.325    21.3176 0.0000e+00
      0.168     -0.228     4.3036     51.218     43.336  40.285090     3.9600     2.7456     0.0852     4.1877 3.5837e+02     3.8301      0.165      0.239    21.3657 0.0000e+00
      0.106     -0.235     4.3772     51.580     43.324  40.300275     3.9600     2.7608     0.0852     4.1877 3.0171e+02     3.7851      0.104      0.151    21.3977 0.0000e+00
      0.045     -0.236     4.4434     51.753     43.306  40.311298     3.9600     2.7761     0.0852     4.1877 4.4992e+02     3.8452      0.044      0.063    21.4229 0.0000e+00
     -0.016     -0.233     4.4884     51.822     43.285  40.321099     3.9600     2.7646     0.0852     4.1877 7.2020e+02     3.8452     -0.016     -0.024    21.4477 0.0000e+00
     -0.076     -0.227     4.5231     51.949     43.256  40.324369     3.8700     2.7723     0.0852     3.7224 2.8913e+02     3.8903     -0.075     -0.109    21.4747 0.0000e+00
     -0.134     -0.219     4.5525     52.221     43.212  40.310097     3.8700     2.7532     0.0852     3.7224 2.2559e+02     3.8452     -0.132     -0.191    21.5049 0.0000e+00
     -0.189     -0.210     4.5649     52.731     43.151  40.274479     3.8700     2.7494     0.0852     3.7224 2.1741e+02     3.7851     -0.185     -0.269    21.5373 0.0000e+00
     -0.239     -0.203     4.5680     53.572     43.062  40.204054     3.8700     2.8181     0.0852     3.7224 2.1204e+02     3.8452     -0.235     -0.341    21.5711 0.0000e+00
     -0.286     -0.196     4.5761     54.237     42.917  40.068160     3.8700     2.8104     0.0852     3.7224 2.2247e+02     3.9955     -0.281     -0.408    21.6050 0.0000e+00
     -0.332     -0.191     4.5973     54.038     42.693  39.838483     3.8700     2.8066     0.0426     3.3417 2.2751e+02     3.9504     -0.326     -0.473    21.6357 0.0000e+00
     -0.379     -0.185     4.6400     53.219     42.350  39.473585     3.8700     2.8295     0.0426     3.3417 2.1273e+02     3.8151     -0.372     -0.540    21.6598 0.0000e+00
     -0.426     -0.179     4.7126     52.205     41.786  38.880119     3.8700     2.4442     0.0426     3.3417 1.9651e+02     3.8602     -0.418     -0.606    21.6730 0.0000e+00
     -0.470     -0.171     4.7713     51.075     40.815  37.891901     3.8700     2.4709     0.0426     3.3417 2.0807e+02     3.8903     -0.461     -0.669    21.6695 0.0000e+00
     -0.510     -0.161     4.7561     49.903     39.126  36.237475     3.7800     2.4289     0.0852     3.3417 1.2849e+03     3.8752     -0.500     -0.726    21.6419 0.0000e+00
     -0.546     -0.149     4.6891     48.737     36.222  33.475655     3.7800     2.4556     0.0852     3.3417 1.2553e+03     3.8602     -0.535     -0.776    21.5837 0.0000e+00
     -0.576     -0.137     4.6075     47.633     31.316  28.895702     3.7800     2.3412     0.0852     3.3417 1.3066e+03     3.4694     -0.564     -0.819    21.4939 0.0000e+00
     -0.600     -0.126     4.5176     46.769     25.113  23.149024     3.7800     2.3374     0.0852     3.3417 1.1347e+03     3.4394     -0.588     -0.853    21.3803 0.0000e+00
     -0.619     -0.119     4.4244     46.273     20.400  18.792721     3.6000     2.3336     0.0426     3.4263 8.8015e+02     3.4394     -0.606     -0.880    21.2586 0.0000e+00
     -0.633     -0.116     4.3307     46.114     18.815  17.328978     3.6000     2.3298     0.0426     3.4263 1.3647e+02     3.4093     -0.620     -0.900    21.1455 0.0000e+00
     -0.643 -9.990e-29     4.2404 -9.990e-29 -9.990e-29 -9.990e-29     3.6000 -9.990e-29     0.0426     3.4263 1.1130e+02 -9.990e-29     -0.630     -0.915    21.0522 0.0000e+00
     -0.650 -9.990e-29     4.1693 -9.990e-29 -9.990e-29 -9.990e-29     3.6000 -9.990e-29     0.0426     3.4263 1.0096e+02 -9.990e-29     -0.637     -0.924    20.9837 0.0000e+00
     -0.654 -9.990e-29     4.1287 -9.990e-29 -9.990e-29 -9.990e-29     0.0000 -9.990e-29    -0.1704     4.9491 7.7751e+01 -9.990e-29     -0.641     -0.930    20.9418 0.0000e+00
     -0.655 -9.990e-29     4.1157 -9.990e-29 -9.990e-29 -9.990e-29     0.0000 -9.990e-29    -0.1704     4.9491 7.6711e+01 -9.990e-29     -0.642     -0.932    20.9276 0.0000e+00
