Data/DataNotYetUploadedToEDI/Raw_CTD/RawDownloads/091823_bvr50_S7809001.cnv
* Sea-Bird SBE19plus  Data File:
* FileName = C:\R\Reservoirs\Data\DataNotYetUploadedToEDI\Raw_CTD\RawDownloads\091823_bvr50_S7809_0001.hex
* Software version 2.8.0.119
* Temperature SN = 7809
* Conductivity SN = 7809
* System UpLoad Time = Sep 22 2023 13:07:59
* <ApplicationData>
* <Seaterm232>
# nquan = 15
# nvalues = 1834                        
# units = specified
# name 0 = depFM: Depth [fresh water, m]
# name 1 = dz/dtM: Descent Rate [m/s]
# name 2 = sbeox0Mg/L: Oxygen, SBE 43 [mg/l]
# name 3 = sbeox0PS: Oxygen, SBE 43 [% saturation]
# name 4 = specc: Specific Conductance [uS/cm]
# name 5 = c0uS/cm: Conductivity [uS/cm]
# name 6 = flECO-AFL: Fluorescence, WET Labs ECO-AFL/FL [mg/m^3]
# name 7 = ph: pH
# name 8 = orp: Oxidation Reduction Potential [mV]
# name 9 = par/sat/log: PAR/Logarithmic, Satlantic
# name 10 = turbWETntu0: Turbidity, WET Labs ECO [NTU]
# name 11 = prdM: Pressure, Strain Gauge [db]
# name 12 = prdE: Pressure, Strain Gauge [psi]
# name 13 = tv290C: Temperature [ITS-90, deg C]
# name 14 = flag:  0.000e+00
# span 0 =     -0.774,      8.922       
# span 1 =     -0.360,      0.291       
# span 2 =    -0.2624,     8.6779       
# span 3 =     -2.372,     99.000       
# span 4 =      3.932,    193.653       
# span 5 =   3.693842, 135.241061       
# span 6 =    -0.4681,    56.5808       
# span 7 =      6.049,      7.830       
# span 8 =  -102.8769,   386.3536       
# span 9 = 1.2362e-01, 1.6928e+03       
# span 10 =     0.5980,    23.2523      
# span 11 =     -0.762,      8.750      
# span 12 =     -1.105,     12.691      
# span 13 =     9.8696,    22.2184      
# span 14 = 0.0000e+00, 0.0000e+00      
# interval = seconds: 0.25
# start_time = Sep 18 2023 10:39:35 [Instrument's time stamp, header]
# bad_flag = -9.990e-29
*END*
[from data line 482]
      1.325      0.025     6.6146     75.659     32.645  30.796879     8.1221      6.621   327.0691 4.9838e+01     2.8659      1.299      1.885    22.1642 0.0000e+00
      1.330      0.025     6.6164     75.600     32.645  30.796974     8.1739      6.621   327.0649 4.9754e+01     2.9084      1.305      1.892    22.1643 0.0000e+00
      1.336      0.024     6.6113     75.575     32.646  30.798023     8.2138      6.622   327.1444 5.0044e+01     2.9158      1.311      1.901    22.1644 0.0000e+00
      1.343      0.023     6.6007     75.596     32.658  30.809566     8.2203      6.622   327.3414 4.9897e+01     2.8874      1.317      1.911    22.1647 0.0000e+00
      1.350      0.022     6.5921     75.620     32.658  30.809671     8.2775      6.622   327.5529 4.9958e+01     2.9061      1.324      1.920    22.1651 0.0000e+00
      1.355      0.021     6.5879     75.612     32.647  30.799290     8.4062      6.623   327.6374 5.0503e+01     2.9367      1.330      1.929    22.1653 0.0000e+00
      1.360      0.021     6.5837     75.627     32.660  30.810918     8.4872      6.623   327.5889 5.0853e+01     2.9500      1.334      1.935    22.1651 0.0000e+00
      1.364      0.021     6.5878     75.657     32.674  30.823396     8.5076      6.623   327.5693 5.0957e+01     2.9308      1.337      1.940    22.1648 0.0000e+00
      1.369      0.021     6.5929     75.655     32.674  30.823292     8.5610      6.624   327.6579 5.1585e+01     2.8761      1.342      1.946    22.1644 0.0000e+00
      1.376      0.022     6.5874     75.653     32.659  30.809660     8.6595      6.625   327.8002 5.2449e+01     2.8683      1.349      1.956    22.1642 0.0000e+00
      1.383      0.023     6.5896     75.671     32.633  30.785441     8.7242      6.626   327.9997 5.2994e+01     2.9396      1.356      1.967    22.1639 0.0000e+00
      1.388      0.025     6.5962     75.673     32.631  30.784194     8.7276      6.626   328.0905 5.3549e+01     2.9862      1.361      1.975    22.1637 0.0000e+00
      1.393      0.026     6.5924     75.651     32.642  30.794583     8.6166      6.625   327.9515 5.4102e+01     2.9533      1.366      1.982    22.1641 0.0000e+00
      1.399      0.026     6.5918     75.638     32.631  30.784184     8.4151      6.626   327.9534 5.4623e+01     2.8841      1.372      1.990    22.1642 0.0000e+00
      1.407      0.026     6.5956     75.649     32.632  30.785327     8.3131      6.627   328.1142 5.4511e+01     2.8665      1.380      2.002    22.1640 0.0000e+00
      1.416      0.026     6.5962     75.679     32.657  30.808412     8.3075      6.628   328.0892 5.4411e+01     2.9117      1.389      2.014    22.1642 0.0000e+00
      1.422      0.025     6.5923     75.727     32.658  30.809566     8.2302      6.629   328.0812 5.5073e+01     2.9185      1.395      2.024    22.1645 0.0000e+00
      1.427      0.024     6.5906     75.792     32.647  30.799281     8.0787      6.629   328.2747 5.4599e+01     2.8793      1.400      2.031    22.1646 0.0000e+00
      1.433      0.023     6.5925     75.877     32.659  30.810918     7.9895      6.629   328.3647 5.3854e+01     2.8478      1.405      2.038    22.1644 0.0000e+00
      1.438      0.021     6.5946     75.950     32.672  30.823407     7.9840      6.629   328.2224 5.4451e+01     2.8800      1.411      2.046    22.1644 0.0000e+00
      1.444      0.020     6.5992     75.965     32.672  30.823407     7.9872      6.629   328.1886 5.4564e+01     2.9267      1.417      2.054    22.1646 0.0000e+00
      1.450      0.019     6.6040     75.908     32.658  30.810930     7.9455      6.630   328.3005 5.3979e+01     2.8665      1.423      2.063    22.1650 0.0000e+00
      1.454      0.019     6.6126     75.801     32.646  30.799406     7.8872      6.630   328.2851 5.3864e+01     2.8008      1.427      2.069    22.1654 0.0000e+00
      1.458      0.019     6.6209     75.717     32.658  30.810939     7.8732      6.630   328.3464 5.4044e+01     2.8144      1.429      2.074    22.1656 0.0000e+00
      1.462      0.019     6.6221     75.693     32.672  30.823511     7.8928      6.631   328.6112 5.3874e+01     2.8608      1.434      2.080    22.1659 0.0000e+00
      1.467      0.020     6.6172     75.681     32.673  30.824541     8.0408      6.631   328.7335 5.3636e+01     2.9183      1.439      2.087    22.1659 0.0000e+00
      1.472      0.021     6.6052     75.706     32.672  30.823397     8.2977      6.631   328.6201 5.4072e+01     2.8934      1.444      2.093    22.1658 0.0000e+00
      1.478      0.021     6.5943     75.793     32.657  30.809680     8.4191      6.632   328.5312 5.4368e+01     2.8332      1.450      2.103    22.1659 0.0000e+00
      1.485      0.022     6.5981     75.888     32.631  30.785556     8.4183      6.633   328.6047 5.4370e+01     2.8732      1.456      2.113    22.1658 0.0000e+00
      1.490      0.022     6.5941     75.966     32.631  30.785442     8.4045      6.634   328.8211 5.4915e+01     2.9342      1.462      2.120    22.1661 0.0000e+00
      1.495      0.022     6.5940     76.008     32.656  30.808310     8.3686      6.633   328.9971 5.5792e+01     2.9207      1.466      2.126    22.1663 0.0000e+00
      1.501      0.021     6.6059     75.999     32.656  30.808310     8.3260      6.633   328.9257 5.6268e+01     2.8819      1.471      2.133    22.1667 0.0000e+00
      1.507      0.020     6.6129     75.969     32.632  30.785442     8.2966      6.634   328.7326 5.6102e+01     2.8753      1.477      2.143    22.1680 0.0000e+00
      1.512      0.019     6.6214     75.966     32.632  30.785547     8.2718      6.636   328.6401 5.6364e+01     2.9086      1.483      2.152    22.1682 0.0000e+00
      1.516      0.018     6.6251     75.984     32.657  30.809582     8.2253      6.637   328.6681 5.7389e+01     2.9082      1.487      2.157    22.1669 0.0000e+00
      1.520      0.018     6.6245     76.009     32.669  30.822321     8.2012      6.638   328.7261 5.7257e+01     2.8372      1.491      2.162    22.1658 0.0000e+00
      1.524      0.018     6.6186     76.044     32.658  30.812702     8.2134      6.638   328.8261 5.6602e+01     2.8016      1.496      2.169    22.1653 0.0000e+00
      1.528      0.019     6.6197     76.075     32.666  30.820155     8.2387      6.638   328.9304 5.8255e+01     2.8532      1.498      2.173    22.1652 0.0000e+00
      1.532      0.020     6.6219     76.101     32.696  30.848990     8.2906      6.638   328.9546 5.9588e+01     2.9142      1.502      2.178    22.1661 0.0000e+00
      1.539      0.021     6.6226     76.120     32.691  30.844177     8.3253      6.639   328.9462 5.8780e+01     2.9246      1.510      2.188    22.1674 0.0000e+00
      1.546      0.021     6.6273     76.111     32.671  30.825399     8.3164      6.640   328.9153 5.9668e+01     2.8766      1.516      2.199    22.1685 0.0000e+00
      1.552      0.021     6.6291     76.072     32.657  30.812245     8.2916      6.641   328.8393 6.1755e+01     2.8124      1.522      2.208    22.1695 0.0000e+00
      1.557      0.021     6.6314     76.043     32.657  30.812003     8.2342      6.641   328.8877 6.2186e+01     2.8313      1.527      2.215    22.1706 0.0000e+00
      1.561      0.020     6.6335     76.009     32.668  30.822474     8.1548      6.641   329.0706 6.2450e+01     2.9005      1.531      2.221    22.1709 0.0000e+00
      1.566      0.020     6.6342     75.943     32.658  30.811979     8.1139      6.641   329.1581 6.3439e+01     2.8977      1.535      2.227    22.1705 0.0000e+00
      1.571      0.020     6.6272     75.860     32.658  30.811970     8.1061      6.641   329.1716 6.3179e+01     2.8310      1.541      2.234    22.1701 0.0000e+00
      1.577      0.020     6.6266     75.784     32.669  30.822367     8.2021      6.640   329.1473 6.2475e+01     2.8105      1.547      2.243    22.1698 0.0000e+00
      1.583      0.020     6.6252     75.755     32.656  30.810825     8.4008      6.640   329.1219 6.3279e+01     2.8551      1.552      2.251    22.1696 0.0000e+00
      1.588      0.020     6.6175     75.785     32.644  30.799283     8.5022      6.640   329.2092 6.3668e+01     2.8931      1.557      2.258    22.1694 0.0000e+00
      1.592      0.021     6.6112     75.850     32.655  30.809680     8.5036      6.640   329.3422 6.3198e+01     2.8939      1.562      2.265    22.1693 0.0000e+00
      1.597      0.021     6.6015     75.916     32.655  30.809671     8.5427      6.640   329.3535 6.3578e+01     2.8305      1.565      2.270    22.1691 0.0000e+00
      1.602      0.021     6.5995     75.939     32.645  30.799178     8.6265      6.639   329.2596 6.4291e+01     2.7759      1.570      2.277    22.1690 0.0000e+00
      1.608      0.021     6.6027     75.905     32.656  30.809672     8.6750      6.639   329.1526 6.4761e+01     2.8137      1.577      2.288    22.1695 0.0000e+00
      1.615      0.021     6.6094     75.857     32.656  30.809682     8.6634      6.641   328.9203 6.5440e+01     2.8433      1.585      2.298    22.1698 0.0000e+00
      1.620      0.022     6.6167     75.799     32.645  30.799293     8.5702      6.643   328.6883 6.5960e+01     2.8278      1.588      2.304    22.1689 0.0000e+00
      1.624      0.023     6.6201     75.703     32.657  30.810931     8.4131      6.644   328.6703 6.6313e+01     2.8305      1.592      2.310    22.1682 0.0000e+00
      1.628      0.025     6.6144     75.604     32.671  30.823523     8.3288      6.643   328.7029 6.6445e+01     2.8425      1.596      2.315    22.1681 0.0000e+00
      1.633      0.028     6.6097     75.561     32.673  30.824678     8.3329      6.643   328.7386 6.4898e+01     2.8699      1.600      2.321    22.1680 0.0000e+00
      1.642      0.032     6.6078     75.600     32.674  30.824900     8.3631      6.642   328.8440 6.3108e+01     2.8876      1.608      2.333    22.1680 0.0000e+00
      1.653      0.034     6.5965     75.659     32.676  30.826208     8.4035      6.641   328.8589 6.3816e+01     2.8866      1.622      2.352    22.1684 0.0000e+00
      1.664      0.035     6.5868     75.674     32.692  30.840487     8.4214      6.641   328.6601 6.4942e+01     2.8917      1.632      2.367    22.1679 0.0000e+00
      1.673      0.034     6.5811     75.680     32.724  30.870675     8.4219      6.644   328.5050 6.4856e+01     2.8815      1.640      2.379    22.1661 0.0000e+00
      1.682      0.033     6.5876     75.707     32.727  30.874041     8.4255      6.645   328.6189 6.4642e+01     2.8656      1.651      2.394    22.1646 0.0000e+00
      1.690      0.030     6.5969     75.708     32.667  30.817747     8.4312      6.644   328.7462 6.3821e+01     2.8357      1.657      2.404    22.1635 0.0000e+00
      1.696      0.027     6.5947     75.654     32.607  30.760939     8.4327      6.642   328.7542 6.2175e+01     2.8280      1.662      2.410    22.1630 0.0000e+00
      1.702      0.024     6.5940     75.593     32.603  30.758084     8.4357      6.642   328.7157 6.1327e+01     2.8748      1.669      2.421    22.1633 0.0000e+00
      1.709      0.021     6.5988     75.555     32.628  30.783229     8.4503      6.641   328.6248 6.2690e+01     2.9228      1.677      2.432    22.1635 0.0000e+00
      1.715      0.018     6.6007     75.540     32.658  30.811229     8.4020      6.640   328.6015 6.3363e+01     2.9302      1.683      2.440    22.1636 0.0000e+00
      1.719      0.015     6.5929     75.551     32.692  30.842889     8.2759      6.639   328.6064 6.1432e+01     2.8956      1.688      2.446    22.1640 0.0000e+00
      1.722      0.011     6.5865     75.581     32.697  30.848863     8.1981      6.639   328.4259 6.0966e+01     2.8811      1.690      2.450    22.1655 0.0000e+00
      1.724      0.007     6.5841     75.626     32.667  30.820030     8.1942      6.641   328.2251 6.2168e+01     2.9253      1.691      2.452    22.1667 0.0000e+00
      1.726      0.005     6.5817     75.703     32.657  30.811444     8.1873      6.643   328.2438 6.1324e+01     2.9178      1.693      2.454    22.1668 0.0000e+00
      1.726      0.004     6.5832     75.802     32.654  30.808481     8.1568      6.644   328.2228 6.0350e+01     2.8241      1.693      2.456    22.1672 0.0000e+00
      1.726      0.004     6.5863     75.854     32.628  30.784200     8.1326      6.645   327.9702 6.0646e+01     2.7823      1.693      2.455    22.1678 0.0000e+00
      1.727      0.005     6.5889     75.823     32.615  30.771603     8.1282      6.647   327.7704 5.9681e+01     2.8232      1.693      2.455    22.1684 0.0000e+00
      1.729      0.008     6.5955     75.758     32.627  30.783039     8.1280      6.648   327.7866 5.8944e+01     2.8747      1.695      2.459    22.1690 0.0000e+00
      1.731      0.011     6.6071     75.694     32.640  30.795612     8.1143      6.649   327.7360 5.9729e+01     2.8921      1.697      2.462    22.1693 0.0000e+00
      1.733      0.015     6.6135     75.631     32.641  30.796757     8.0958      6.650   327.5885 5.9914e+01     2.8630      1.698      2.463    22.1694 0.0000e+00
      1.738      0.019     6.6080     75.591     32.640  30.796876     8.0960      6.651   327.7239 5.9379e+01     2.8308      1.703      2.470    22.1693 0.0000e+00
      1.744      0.022     6.6009     75.590     32.640  30.797050     8.1168      6.651   327.9103 5.9040e+01     2.8440      1.710      2.480    22.1690 0.0000e+00
      1.751      0.024     6.5968     75.643     32.641  30.798861     8.1385      6.650   327.8632 5.8442e+01     2.8855      1.717      2.490    22.1690 0.0000e+00
      1.758      0.025     6.5893     75.739     32.661  30.818774     8.1421      6.650   327.8426 5.7178e+01     2.8880      1.724      2.501    22.1698 0.0000e+00
      1.765      0.024     6.5859     75.826     32.692  30.847513     8.1270      6.650   327.8332 5.6855e+01     2.8405      1.731      2.511    22.1704 0.0000e+00
      1.771      0.022     6.5851     75.892     32.673  30.829174     8.1139      6.650   327.7506 5.7265e+01     2.8245      1.737      2.520    22.1714 0.0000e+00
      1.777      0.019     6.5887     75.941     32.628  30.787339     8.1004      6.651   327.6171 5.5613e+01     2.8647      1.742      2.527    22.1730 0.0000e+00
      1.782      0.016     6.6008     75.962     32.627  30.785727     8.0716      6.652   327.4242 5.3720e+01     2.9168      1.748      2.535    22.1741 0.0000e+00
      1.785      0.014     6.6073     75.946     32.652  30.809687     8.0492      6.653   327.3111 5.3327e+01     2.9076      1.751      2.540    22.1745 0.0000e+00
      1.787      0.012     6.6130     75.890     32.667  30.823296     8.0452      6.653   327.2825 5.2382e+01     2.8222      1.752      2.541    22.1740 0.0000e+00
      1.790      0.012     6.6179     75.834     32.667  30.823398     8.0657      6.654   327.1637 5.1593e+01     2.8063      1.755      2.545    22.1735 0.0000e+00
      1.793      0.012     6.6198     75.857     32.653  30.810928     8.0972      6.655   327.0792 5.1687e+01     2.8863      1.758      2.550    22.1736 0.0000e+00
      1.796      0.013     6.6187     75.954     32.641  30.799397     8.1013      6.655   327.0357 5.1481e+01     2.9009      1.761      2.554    22.1737 0.0000e+00
      1.799      0.014     6.6134     76.039     32.653  30.810842     8.0903      6.656   326.8098 5.0901e+01     2.8466      1.763      2.559    22.1736 0.0000e+00
      1.803      0.015     6.6044     76.081     32.665  30.822435     8.1227      6.656   326.7572 5.0578e+01     2.8111      1.768      2.565    22.1735 0.0000e+00
      1.808      0.015     6.6063     76.119     32.655  30.812703     8.2013      6.656   326.9159 5.1331e+01     2.8471      1.773      2.571    22.1734 0.0000e+00
      1.812      0.015     6.6196     76.181     32.663  30.820043     8.2583      6.656   326.9211 5.1955e+01     2.9401      1.777      2.577    22.1736 0.0000e+00
      1.815      0.014     6.6271     76.224     32.692  30.847741     8.2623      6.656   326.9071 5.1435e+01     2.9451      1.780      2.582    22.1737 0.0000e+00
