Data/DataNotYetUploadedToEDI/Raw_CTD/RawDownloads/091823_bvr50_S8188001.cnv
* Sea-Bird SBE19plus  Data File:
* FileName = C:\R\Reservoirs\Data\DataNotYetUploadedToEDI\Raw_CTD\RawDownloads\091823_bvr50_S8188_0001.hex
* Software version 2.8.0.119
* Temperature SN = 8188
* Conductivity SN = 8188
* System UpLoad Time = Sep 22 2023 13:13:24
* <ApplicationData>
* <Seaterm232>
# nquan = 16
# nvalues = 1558                        
# units = specified
# name 0 = depFM: Depth [fresh water, m]
# name 1 = dz/dtM: Descent Rate [m/s]
# name 2 = sbeox0Mg/L: Oxygen, SBE 43 [mg/l]
# name 3 = sbeox0PS: Oxygen, SBE 43 [% saturation]
# name 4 = specc: Specific Conductance [uS/cm]
# name 5 = c0uS/cm: Conductivity [uS/cm]
# name 6 = wetCDOM: Fluorescence, WET Labs CDOM [mg/m^3]
# name 7 = flECO-AFL: Fluorescence, WET Labs ECO-AFL/FL [mg/m^3]
# name 8 = flECO-AFL1: Fluorescence, WET Labs ECO-AFL/FL, 2 [mg/m^3]
# name 9 = flECO-AFL2: Fluorescence, WET Labs ECO-AFL/FL, 3 [mg/m^3]
# name 10 = par/sat/log: PAR/Logarithmic, Satlantic
# name 11 = turbWETntu0: Turbidity, WET Labs ECO [NTU]
# name 12 = prdM: Pressure, Strain Gauge [db]
# name 13 = prdE: Pressure, Strain Gauge [psi]
# name 14 = tv290C: Temperature [ITS-90, deg C]
# name 15 = flag:  0.000e+00
# span 0 =     -0.765,      9.003       
# span 1 =     -0.219,      0.098       
# span 2 =     0.0485,     8.7079       
# span 3 =      0.492,     99.992       
# span 4 =     24.001,    201.232       
# span 5 =  22.633515, 140.335088       
# span 6 =    -4.5000,     8.4600       
# span 7 =    -0.8250,    37.3836       
# span 8 =    -2.1300,     2.7690       
# span 9 =    -2.0304,     3.5109       
# span 10 = 1.1585e-01, 1.9770e+03      
# span 11 =    -0.4084,    54.3314      
# span 12 =     -0.750,      8.829      
# span 13 =     -1.088,     12.805      
# span 14 =     9.8601,    22.2158      
# span 15 = 0.0000e+00, 0.0000e+00      
# interval = seconds: 0.25
# start_time = Sep 18 2023 10:53:29 [Instrument's time stamp, header]
# bad_flag = -9.990e-29
*END*
[from data line 1447]
      2.106     -0.106     4.5299     51.966     32.930  31.005728     2.7000     5.7669     0.0426     1.3113 2.3435e+01     1.7710      2.066      2.996    22.0747 0.0000e+00
      2.080     -0.117     4.5324     51.953     32.911  30.985780     2.7000     5.7363     0.0426     1.3113 2.4196e+01     1.7860      2.040      2.958    22.0768 0.0000e+00
      2.048     -0.130     4.5349     51.937     32.892  30.965347     2.7000     5.7516     0.0426     1.3113 2.4851e+01     1.8161      2.008      2.913    22.0769 0.0000e+00
      2.011     -0.141     4.5366     51.921     32.878  30.950861     2.7000     5.7211     0.0426     1.3113 2.6873e+01     1.7860      1.973      2.861    22.0754 0.0000e+00
      1.971     -0.149     4.5367     51.910     32.870  30.942419     2.7000     5.4197     0.0426     1.2690 2.9409e+01     1.7259      1.933      2.804    22.0730 0.0000e+00
      1.930     -0.152     4.5358     51.910     32.863  30.937770     2.7000     5.4464     0.0426     1.2690 3.0543e+01     1.8011      1.893      2.745    22.0698 0.0000e+00
      1.888     -0.150     4.5347     51.934     32.858  30.935674     2.7000     5.4655     0.0426     1.2690 3.1989e+01     1.7560      1.852      2.686    22.0661 0.0000e+00
      1.848     -0.142     4.5336     51.982     32.849  30.931612     2.7000     5.4540     0.0426     1.2690 3.4978e+01     1.7710      1.812      2.628    22.0632 0.0000e+00
      1.810     -0.130     4.5327     52.051     32.835  30.924501     2.6100     5.3053     0.0426     1.1844 3.7849e+01     1.9063      1.776      2.575    22.0626 0.0000e+00
      1.778     -0.116     4.5325     52.143     32.829  30.924326     2.6100     5.3091     0.0426     1.1844 3.7906e+01     1.8462      1.743      2.529    22.0651 0.0000e+00
      1.751     -0.102     4.5342     52.249     32.830  30.931040     2.6100     5.3015     0.0426     1.1844 4.0636e+01     1.8462      1.717      2.490    22.0702 0.0000e+00
      1.729     -0.090     4.5377     52.364     32.834  30.938514     2.6100     5.3320     0.0426     1.1844 4.1062e+01     1.7109      1.696      2.459    22.0769 0.0000e+00
      1.711     -0.081     4.5431     52.475     32.850  30.956661     2.7000     5.3167     0.0426     1.1844 4.0381e+01     1.7860      1.678      2.433    22.0852 0.0000e+00
      1.693     -0.074     4.5503     52.573     32.875  30.982400     2.7000     5.3282     0.0426     1.1844 4.2515e+01     1.7860      1.661      2.409    22.0942 0.0000e+00
      1.675     -0.069     4.5589     52.659     32.888  30.998835     2.7000     5.3167     0.0426     1.1844 4.1268e+01     1.8011      1.643      2.383    22.1022 0.0000e+00
      1.656     -0.065     4.5683     52.738     32.891  31.006388     2.7000     5.3205     0.0426     1.1844 4.2905e+01     1.7860      1.625      2.357    22.1083 0.0000e+00
      1.639     -0.061     4.5776     52.817     32.886  31.007073     2.7000     5.3739     0.0426     1.1844 4.2138e+01     1.8311      1.607      2.331    22.1128 0.0000e+00
      1.623     -0.057     4.5858     52.893     32.869  30.997113     2.7000     5.3930     0.0426     1.3113 4.1882e+01     1.7860      1.592      2.310    22.1167 0.0000e+00
      1.611     -0.054     4.5929     52.969     32.843  30.977812     2.7000     5.3549     0.0426     1.3113 4.1484e+01     1.8462      1.580      2.292    22.1219 0.0000e+00
      1.600     -0.054     4.5991     53.049     32.817  30.955906     2.7000     5.3816     0.0426     1.3113 4.1430e+01     1.8612      1.570      2.276    22.1291 0.0000e+00
      1.589     -0.058     4.6052     53.131     32.798  30.937432     2.7000     5.5876     0.0426     1.3113 4.0057e+01     1.8161      1.559      2.261    22.1379 0.0000e+00
      1.576     -0.065     4.6111     53.210     32.789  30.925384     2.7000     5.5952     0.0000     1.0575 3.9607e+01     1.7860      1.546      2.242    22.1471 0.0000e+00
      1.560     -0.074     4.6170     53.278     32.793  30.924470     2.7000     5.6181     0.0000     1.0575 4.1151e+01     1.7710      1.530      2.219    22.1548 0.0000e+00
      1.539     -0.083     4.6236     53.323     32.808  30.934446     2.7000     5.6372     0.0000     1.0575 4.3505e+01     1.7560      1.509      2.188    22.1589 0.0000e+00
      1.513     -0.087     4.6307     53.331     32.823  30.946090     2.7000     5.0039     0.0000     1.0575 4.6164e+01     1.8612      1.484      2.152    22.1584 0.0000e+00
      1.486     -0.087     4.6380     53.307     32.827  30.950628     2.7000     5.0154     0.0426     1.2690 5.1117e+01     1.7860      1.457      2.113    22.1537 0.0000e+00
      1.460     -0.082     4.6447     53.272     32.823  30.949269     2.7000     5.0230     0.0426     1.2690 5.4667e+01     1.8311      1.432      2.076    22.1466 0.0000e+00
      1.439     -0.073     4.6493     53.239     32.819  30.949571     2.7000     5.0230     0.0426     1.2690 5.2570e+01     1.8311      1.411      2.046    22.1396 0.0000e+00
      1.422     -0.062     4.6503     53.215     32.816  30.951616     2.7000     5.0993     0.0426     1.2690 5.7820e+01     1.8462      1.395      2.022    22.1358 0.0000e+00
      1.409     -0.050     4.6481     53.208     32.813  30.951989     2.7000     5.1260     0.0426     1.3536 5.9013e+01     1.7560      1.382      2.004    22.1366 0.0000e+00
      1.400     -0.040     4.6446     53.221     32.808  30.950791     2.7000     5.1145     0.0426     1.3536 6.2852e+01     1.7860      1.373      1.990    22.1410 0.0000e+00
      1.392     -0.032     4.6413     53.259     32.801  30.947700     2.7000     5.1794     0.0426     1.3536 6.4835e+01     1.7710      1.365      1.979    22.1472 0.0000e+00
      1.386     -0.027     4.6386     53.314     32.797  30.945854     2.7000     5.3816     0.0426     1.3536 6.4737e+01     1.7560      1.359      1.971    22.1536 0.0000e+00
      1.380     -0.024     4.6374     53.372     32.799  30.948720     2.7000     5.3739     0.0426     1.3536 6.8798e+01     1.9063      1.354      1.963    22.1597 0.0000e+00
      1.376     -0.024     4.6381     53.427     32.802  30.953103     2.7000     5.3930     0.0426     1.2267 6.7056e+01     1.7710      1.349      1.957    22.1650 0.0000e+00
      1.370     -0.025     4.6410     53.477     32.800  30.952250     2.7000     5.3816     0.0426     1.2267 6.7187e+01     1.8161      1.344      1.949    22.1692 0.0000e+00
      1.365     -0.029     4.6455     53.516     32.792  30.945936     2.7000     5.4388     0.0426     1.2267 6.4906e+01     1.8161      1.338      1.941    22.1724 0.0000e+00
      1.358     -0.036     4.6504     53.547     32.788  30.944356     2.7000     5.4388     0.0426     1.2267 6.0717e+01     1.8161      1.331      1.931    22.1746 0.0000e+00
      1.349     -0.045     4.6550     53.576     32.795  30.951049     2.7000     5.4579     0.0852     1.2690 6.6144e+01     1.7560      1.322      1.918    22.1764 0.0000e+00
      1.337     -0.057     4.6591     53.609     32.804  30.959880     2.7000     5.4312     0.0852     1.2690 5.9774e+01     1.8161      1.311      1.902    22.1783 0.0000e+00
      1.323     -0.073     4.6624     53.648     32.816  30.969243     2.7000     5.0154     0.0852     1.2690 5.7657e+01     1.8762      1.297      1.881    22.1806 0.0000e+00
      1.304     -0.091     4.6648     53.690     32.824  30.973717     2.7000     5.0115     0.0852     1.2690 5.5277e+01     1.7860      1.279      1.855    22.1828 0.0000e+00
      1.280     -0.110     4.6672     53.725     32.822  30.966572     2.7000     5.0154     0.0000     1.2267 5.2696e+01     1.8913      1.255      1.820    22.1843 0.0000e+00
      1.248     -0.128     4.6702     53.743     32.809  30.949863     2.7000     4.9886     0.0000     1.2267 5.4953e+01     1.8762      1.224      1.775    22.1839 0.0000e+00
      1.210     -0.144     4.6738     53.746     32.796  30.934975     2.7000     4.8895     0.0000     1.2267 5.6075e+01     1.9514      1.187      1.721    22.1810 0.0000e+00
      1.168     -0.155     4.6780     53.736     32.792  30.929819     2.7000     4.8933     0.0000     1.2267 6.1607e+01     2.0566      1.145      1.661    22.1757 0.0000e+00
      1.124     -0.163     4.6816     53.713     32.787  30.925098     2.7000     4.8856     0.0426     1.2267 6.1862e+01     2.0115      1.102      1.599    22.1688 0.0000e+00
      1.080     -0.166     4.6838     53.682     32.781  30.919554     2.7000     4.8856     0.0426     1.2267 6.1688e+01     1.9664      1.060      1.537    22.1623 0.0000e+00
      1.038     -0.165     4.6845     53.652     32.780  30.919629     2.7000     4.9467     0.0426     1.2267 6.1234e+01     1.8462      1.018      1.476    22.1577 0.0000e+00
      0.996     -0.160     4.6838     53.633     32.780  30.921382     2.7000     4.9581     0.0426     1.2267 6.2132e+01     1.8612      0.977      1.416    22.1553 0.0000e+00
      0.954     -0.151     4.6819     53.639     32.777  30.921323     2.7000     4.9543     0.0426     1.2267 6.4610e+01     1.8011      0.936      1.357    22.1547 0.0000e+00
      0.913     -0.139     4.6791     53.684     32.776  30.923393     2.7000     4.9810     0.0426     1.2267 6.8143e+01     1.8011      0.896      1.299    22.1553 0.0000e+00
      0.877     -0.125     4.6763     53.763     32.781  30.932107     2.7000     4.8208     0.0426     1.2267 7.1916e+01     1.7710      0.860      1.247    22.1569 0.0000e+00
      0.846     -0.108     4.6745     53.859     32.786  30.941868     2.7000     4.8017     0.0426     1.2267 7.5356e+01     1.7710      0.830      1.203    22.1595 0.0000e+00
      0.822     -0.090     4.6747     53.974     32.788  30.947358     2.7000     4.8055     0.0426     1.2267 7.6627e+01     1.7860      0.806      1.169    22.1634 0.0000e+00
      0.803     -0.075     4.6781     54.130     32.791  30.954003     2.7000     4.8361     0.0426     1.1844 7.9424e+01     1.9363      0.788      1.143    22.1687 0.0000e+00
      0.789     -0.063     4.6844     54.295     32.798  30.963574     2.7000     4.6911     0.0426     1.1844 7.6444e+01     1.8462      0.773      1.122    22.1751 0.0000e+00
      0.776     -0.056     4.6921     54.405     32.804  30.970703     2.7000     4.6873     0.0426     1.1844 7.1511e+01     1.7710      0.761      1.104    22.1817 0.0000e+00
      0.766     -0.054     4.7016     54.447     32.806  30.973332     2.7000     4.7216     0.0426     1.1844 6.8708e+01     1.7410      0.751      1.089    22.1881 0.0000e+00
      0.754     -0.058     4.7147     54.445     32.808  30.976121     2.6100     4.6949     0.0000     1.3536 7.1480e+01     1.8462      0.740      1.073    22.1936 0.0000e+00
      0.741     -0.066     4.7287     54.424     32.812  30.979815     2.6100     4.4164     0.0000     1.3536 6.4135e+01     1.5907      0.727      1.054    22.1979 0.0000e+00
      0.725     -0.080     4.7380     54.392     32.811  30.977479     2.6100     4.4355     0.0000     1.3536 6.1340e+01     1.4854      0.711      1.031    22.2008 0.0000e+00
      0.704     -0.097     4.7415     54.348     32.803  30.968489     2.6100     4.4393     0.0000     1.3536 6.2159e+01     1.5155      0.690      1.002    22.2025 0.0000e+00
      0.679     -0.117     4.7413     54.303     32.791  30.954408     2.6100     4.4241     0.0000     1.3536 5.9334e+01     1.5606      0.665      0.965    22.2031 0.0000e+00
      0.646     -0.136     4.7395     54.284     32.777  30.939401     2.6100     4.5805     0.0426     1.2267 5.8655e+01     1.4854      0.634      0.919    22.2026 0.0000e+00
      0.608     -0.154     4.7369     54.302     32.775  30.935307     2.6100     4.5919     0.0426     1.2267 6.2091e+01     1.5756      0.596      0.864    22.2009 0.0000e+00
      0.563     -0.166     4.7333     54.326     32.781  30.941033     2.6100     4.5995     0.0426     1.2267 6.3926e+01     1.5305      0.552      0.801    22.1982 0.0000e+00
      0.515     -0.174     4.7297     54.313     32.786  30.946228     2.6100     4.5995     0.0426     1.2267 7.4299e+01     1.5456      0.505      0.732    22.1947 0.0000e+00
      0.466     -0.176     4.7284     54.248     32.787  30.948315     2.6100     4.0502     0.0000     1.2690 7.4525e+01     1.8462      0.457      0.663    22.1912 0.0000e+00
      0.419     -0.174     4.7301     54.160     32.785  30.947852     2.6100     4.0464     0.0000     1.2690 7.9407e+01     1.7710      0.411      0.596    22.1888 0.0000e+00
      0.376     -0.167     4.7323     54.085     32.779  30.944715     2.6100     4.0578     0.0000     1.2690 8.6487e+01     1.8612      0.369      0.535    22.1880 0.0000e+00
      0.335     -0.157     4.7311     54.034     32.775  30.942028     2.6100     4.0617     0.0000     1.2690 8.3622e+01     1.8762      0.328      0.476    22.1888 0.0000e+00
      0.295     -0.144     4.7252     54.020     32.778  30.946995     2.7000     3.9243     0.0426     1.2267 8.1099e+01     1.5907      0.289      0.419    22.1908 0.0000e+00
      0.257     -0.130     4.7173     54.048     32.786  30.956980     2.7000     3.9243     0.0426     1.2267 7.9390e+01     1.5155      0.252      0.365    22.1934 0.0000e+00
      0.223     -0.114     4.7105     54.104     32.790  30.962766     2.7000     3.9587     0.0426     1.2267 8.3404e+01     1.5606      0.219      0.318    22.1963 0.0000e+00
      0.197     -0.099     4.7058     54.187     32.787  30.961936     2.7000     3.9472     0.0426     1.2267 7.4720e+01     1.5456      0.193      0.280    22.1991 0.0000e+00
      0.176     -0.086     4.7043     54.286     32.781  30.958229     2.7000     3.8671     0.0000     1.1844 7.8294e+01     1.8161      0.172      0.250    22.2022 0.0000e+00
      0.159     -0.076     4.7065     54.349     32.781  30.958576     2.7000     3.8824     0.0000     1.1844 8.1967e+01     1.8762      0.156      0.226    22.2056 0.0000e+00
      0.144     -0.073     4.7110     54.354     32.785  30.963070     2.7000     3.8480     0.0000     1.1844 7.5602e+01     1.7410      0.141      0.205    22.2090 0.0000e+00
      0.129     -0.075     4.7179     54.333     32.784  30.961029     2.7000     3.8709     0.0000     1.1844 7.3961e+01     1.7710      0.127      0.184    22.2120 0.0000e+00
      0.111     -0.081     4.7264     54.334     32.777  30.951908     2.7000     3.8061     0.0000     1.1844 7.0707e+01     1.7560      0.110      0.159    22.2144 0.0000e+00
      0.090     -0.090     4.7318     54.394     32.776  30.949116     2.7000     3.8213     0.0426     1.0998 7.3257e+01     1.8011      0.089      0.129    22.2158 0.0000e+00
      0.065     -0.101     4.7322     54.546     32.780  30.951909     2.7000     3.7794     0.0426     1.0998 6.5772e+01     1.8311      0.064      0.093    22.2157 0.0000e+00
      0.037     -0.114     4.7305     54.845     32.782  30.953109     2.7000     3.8099     0.0426     1.0998 7.1838e+01     1.8011      0.036      0.052    22.2142 0.0000e+00
      0.007     -0.127     4.7308     55.342     32.783  30.953039     2.7000     3.7984     0.0426     1.0998 7.4218e+01     1.8462      0.007      0.009    22.2115 0.0000e+00
     -0.026     -0.141     4.7363     56.120     32.783  30.951678     2.7000     3.7908     0.0426     1.0152 6.3718e+01     1.8161     -0.025     -0.037    22.2087 0.0000e+00
     -0.062     -0.157     4.7498     57.396     32.785  30.952624     2.7000     3.7984     0.0426     1.0152 7.3161e+01     1.7710     -0.061     -0.088    22.2065 0.0000e+00
     -0.102     -0.173     4.7759     59.529     32.794  30.960089     2.7000     3.8099     0.0426     1.0152 9.5495e+01     1.8011     -0.101     -0.146    22.2049 0.0000e+00
     -0.149     -0.189     4.8194     63.072     32.803  30.968145     2.7000     3.9281     0.0426     1.0152 1.0455e+02     1.7860     -0.147     -0.213    22.2036 0.0000e+00
