Data/DataNotYetUploadedToEDI/Raw_CTD/RawDownloads/091823_bvr50_S8188001.cnv
* Sea-Bird SBE19plus  Data File:
* FileName = C:\R\Reservoirs\Data\DataNotYetUploadedToEDI\Raw_CTD\RawDownloads\091823_bvr50_S8188_0001.hex
* Software version 2.8.0.119
* Temperature SN = 8188
* Conductivity SN = 8188
* System UpLoad Time = Sep 22 2023 13:13:24
* <ApplicationData>
* <Seaterm232>
# nquan = 16
# nvalues = 1558                        
# units = specified
# name 0 = depFM: Depth [fresh water, m]
# name 1 = dz/dtM: Descent Rate [m/s]
# name 2 = sbeox0Mg/L: Oxygen, SBE 43 [mg/l]
# name 3 = sbeox0PS: Oxygen, SBE 43 [% saturation]
# name 4 = specc: Specific Conductance [uS/cm]
# name 5 = c0uS/cm: Conductivity [uS/cm]
# name 6 = wetCDOM: Fluorescence, WET Labs CDOM [mg/m^3]
# name 7 = flECO-AFL: Fluorescence, WET Labs ECO-AFL/FL [mg/m^3]
# name 8 = flECO-AFL1: Fluorescence, WET Labs ECO-AFL/FL, 2 [mg/m^3]
# name 9 = flECO-AFL2: Fluorescence, WET Labs ECO-AFL/FL, 3 [mg/m^3]
# name 10 = par/sat/log: PAR/Logarithmic, Satlantic
# name 11 = turbWETntu0: Turbidity, WET Labs ECO [NTU]
# name 12 = prdM: Pressure, Strain Gauge [db]
# name 13 = prdE: Pressure, Strain Gauge [psi]
# name 14 = tv290C: Temperature [ITS-90, deg C]
# name 15 = flag:  0.000e+00
# span 0 =     -0.765,      9.003       
# span 1 =     -0.219,      0.098       
# span 2 =     0.0485,     8.7079       
# span 3 =      0.492,     99.992       
# span 4 =     24.001,    201.232       
# span 5 =  22.633515, 140.335088       
# span 6 =    -4.5000,     8.4600       
# span 7 =    -0.8250,    37.3836       
# span 8 =    -2.1300,     2.7690       
# span 9 =    -2.0304,     3.5109       
# span 10 = 1.1585e-01, 1.9770e+03      
# span 11 =    -0.4084,    54.3314      
# span 12 =     -0.750,      8.829      
# span 13 =     -1.088,     12.805      
# span 14 =     9.8601,    22.2158      
# span 15 = 0.0000e+00, 0.0000e+00      
# interval = seconds: 0.25
# start_time = Sep 18 2023 10:53:29 [Instrument's time stamp, header]
# bad_flag = -9.990e-29
*END*
[from data line 1085]
      8.838     -0.116     0.1066      0.927    178.419 125.288582     7.2900     1.0938     0.5538     1.2690 1.1625e-01     2.7480      8.667     12.571    10.0292 0.0000e+00
      8.807     -0.130     0.1053      0.933    177.554 124.736473     7.2900     1.0938     0.5538     1.2690 1.1607e-01     2.7630      8.636     12.526    10.0511 0.0000e+00
      8.773     -0.143     0.1044      0.942    176.710 124.198284     7.2900     1.0900     0.5538     1.2690 1.1628e-01     2.7179      8.603     12.478    10.0731 0.0000e+00
      8.735     -0.155     0.1041      0.953    175.894 123.681684     7.6500     1.0862     0.0852     0.6768 1.1620e-01     2.6277      8.566     12.423    10.0924 0.0000e+00
      8.692     -0.165     0.1043      0.964    175.028 123.134451     7.6500     1.1663     0.0852     0.6768 1.1612e-01     2.4925      8.524     12.363    10.1091 0.0000e+00
      8.646     -0.171     0.1050      0.970    174.155 122.587691     7.6500     1.1586     0.0852     0.6768 1.1623e-01     2.4925      8.479     12.298    10.1246 0.0000e+00
      8.599     -0.171     0.1060      0.970    173.409 122.130316     7.6500     1.1472     0.0852     0.6768 1.1597e-01     2.5826      8.433     12.231    10.1401 0.0000e+00
      8.552     -0.166     0.1072      0.967    172.903 121.833296     7.7400     1.1472     0.0852     0.5922 1.1610e-01     2.4774      8.387     12.164    10.1563 0.0000e+00
      8.508     -0.156     0.1083      0.963    172.625 121.679087     7.7400     1.1396     0.0852     0.5922 1.1612e-01     3.1087      8.343     12.101    10.1739 0.0000e+00
      8.468     -0.143     0.1090      0.957    172.471 121.592757     7.7400     1.1510     0.0852     0.5922 1.1607e-01     3.1688      8.304     12.044    10.1931 0.0000e+00
      8.434     -0.128     0.1089      0.952    172.374 121.533384     7.7400     1.1548     0.0852     0.5922 1.1617e-01     3.1087      8.271     11.996    10.2126 0.0000e+00
      8.405     -0.116     0.1086      0.945    172.339 121.510991     7.7400     1.1510     0.1278     0.5499 1.1615e-01     3.1688      8.243     11.955    10.2296 0.0000e+00
      8.381     -0.108     0.1080      0.939    172.311 121.491759     7.7400     1.0213     0.1278     0.5499 1.1617e-01    12.8482      8.219     11.920    10.2416 0.0000e+00
      8.358     -0.106     0.1074      0.938    172.146 121.381055     7.7400     1.0442     0.1278     0.5499 1.1610e-01    12.9384      8.196     11.887    10.2480 0.0000e+00
      8.334     -0.109     0.1068      0.936    171.885 121.216981     7.7400     1.0404     0.1278     0.5499 1.1628e-01    12.9534      8.173     11.854    10.2504 0.0000e+00
      8.308     -0.117     0.1059      0.935    171.697 121.116892     7.7400     1.0556     0.1278     0.5922 1.1612e-01    12.9234      8.147     11.816    10.2511 0.0000e+00
      8.278     -0.127     0.1054      0.937    171.589 121.075977     7.7400     1.0327     0.1278     0.5922 1.1600e-01     8.6097      8.117     11.773    10.2513 0.0000e+00
      8.243     -0.137     0.1052      0.937    171.474 121.027639     7.7400     0.9946     0.1278     0.5922 1.1600e-01     8.6097      8.083     11.724    10.2529 0.0000e+00
      8.204     -0.145     0.1050      0.929    171.310 120.941088     7.7400     1.0442     0.1278     0.5922 1.1605e-01     8.6398      8.045     11.669    10.2586 0.0000e+00
      8.164     -0.151     0.1049      0.919    171.103 120.823078     7.7400     1.0327     0.1278     0.5922 1.1605e-01     8.6248      8.006     11.611    10.2681 0.0000e+00
      8.123     -0.152     0.1051      0.908    170.897 120.701809     7.5600     1.1624     0.1278     0.5076 1.1617e-01     4.3562      7.966     11.553    10.2785 0.0000e+00
      8.083     -0.151     0.1050      0.898    170.689 120.574777     7.5600     1.1663     0.1278     0.5076 1.1615e-01     4.3412      7.926     11.496    10.2879 0.0000e+00
      8.044     -0.148     0.1041      0.889    170.453 120.426006     7.5600     1.1777     0.1278     0.5076 1.1585e-01     4.3562      7.888     11.441    10.2965 0.0000e+00
      8.007     -0.145     0.1029      0.888    170.185 120.257591     7.5600     1.1396     0.1278     0.5076 1.1600e-01     4.4013      7.852     11.389    10.3045 0.0000e+00
      7.972     -0.144     0.1018      0.895    169.889 120.076331     7.7400     1.2349     0.1278     0.5076 1.1605e-01     2.8832      7.818     11.339    10.3117 0.0000e+00
      7.938     -0.145     0.1006      0.904    169.640 119.933333     7.7400     1.2159     0.1278     0.5076 1.1617e-01     2.9434      7.785     11.291    10.3176 0.0000e+00
      7.903     -0.147     0.0996      0.914    169.465 119.842175     7.7400     1.2235     0.1278     0.5076 1.1605e-01     2.9885      7.750     11.241    10.3228 0.0000e+00
      7.865     -0.151     0.0994      0.922    169.263 119.728830     7.7400     1.2197     0.1278     0.5076 1.1615e-01     2.9283      7.713     11.186    10.3289 0.0000e+00
      7.824     -0.155     0.1002      0.931    168.962 119.545174     7.7400     1.1663     0.0852     0.5076 1.1607e-01     2.8231      7.673     11.129    10.3371 0.0000e+00
      7.783     -0.158     0.1012      0.938    168.590 119.315818     7.7400     1.1510     0.0852     0.5076 1.1607e-01     2.9283      7.633     11.070    10.3470 0.0000e+00
      7.742     -0.160     0.1022      0.938    168.248 119.112847     7.7400     1.1396     0.0852     0.5076 1.1620e-01     2.8832      7.592     11.012    10.3566 0.0000e+00
      7.700     -0.158     0.1031      0.931    168.009 118.983565     7.7400     1.1472     0.0852     0.5076 1.1602e-01     2.9133      7.551     10.953    10.3653 0.0000e+00
      7.659     -0.153     0.1041      0.922    167.833 118.891509     7.7400     1.1434     0.0852     0.5076 1.1615e-01     2.5075      7.511     10.894    10.3740 0.0000e+00
      7.618     -0.146     0.1049      0.917    167.620 118.764403     7.7400     1.1434     0.1278     0.5499 1.1615e-01     2.5526      7.471     10.836    10.3840 0.0000e+00
      7.580     -0.138     0.1049      0.915    167.310 118.568353     7.7400     1.1396     0.1278     0.5499 1.1617e-01     2.4925      7.434     10.782    10.3957 0.0000e+00
      7.547     -0.130     0.1040      0.913    166.918 118.320682     7.7400     1.1624     0.1278     0.5499 1.1623e-01     2.5075      7.401     10.734    10.4075 0.0000e+00
      7.517     -0.123     0.1030      0.909    166.494 118.060745     7.7400     1.1548     0.1278     0.5499 1.1620e-01     2.5376      7.372     10.692    10.4172 0.0000e+00
      7.490     -0.120     0.1025      0.907    166.104 117.832580     7.8300     1.1548     0.0852     0.5499 1.1633e-01     2.4925      7.345     10.653    10.4244 0.0000e+00
      7.462     -0.120     0.1022      0.907    165.831 117.686706     7.8300     1.1663     0.0852     0.5499 1.1625e-01     2.6127      7.318     10.614    10.4313 0.0000e+00
      7.433     -0.124     0.1020      0.902    165.719 117.645873     7.8300     1.1624     0.0852     0.5499 1.1615e-01     2.4774      7.290     10.573    10.4405 0.0000e+00
      7.401     -0.131     0.1015      0.892    165.736 117.681296     7.8300     1.1510     0.0852     0.5499 1.1620e-01     2.4624      7.258     10.527    10.4527 0.0000e+00
      7.366     -0.139     0.1013      0.880    165.808 117.740776     7.7400     1.1472     0.0852     0.4230 1.1612e-01     2.6127      7.224     10.477    10.4672 0.0000e+00
      7.329     -0.145     0.1011      0.872    165.854 117.774551     7.7400     1.1472     0.0852     0.4230 1.1620e-01     2.5526      7.187     10.424    10.4816 0.0000e+00
      7.290     -0.149     0.1006      0.871    165.827 117.755832     7.7400     1.1319     0.0852     0.4230 1.1605e-01     2.6127      7.149     10.368    10.4932 0.0000e+00
      7.249     -0.149     0.0995      0.875    165.742 117.699514     7.7400     1.2197     0.0852     0.4230 1.1617e-01     2.5376      7.109     10.311    10.5001 0.0000e+00
      7.209     -0.147     0.0981      0.881    165.636 117.634326     7.7400     1.2311     0.0852     0.5076 1.1595e-01     2.5526      7.070     10.253    10.5027 0.0000e+00
      7.171     -0.141     0.0971      0.887    165.521 117.564762     7.7400     1.2235     0.0852     0.5076 1.1623e-01     2.5225      7.032     10.199    10.5030 0.0000e+00
      7.135     -0.133     0.0970      0.894    165.389 117.484202     7.7400     1.2044     0.0852     0.5076 1.1605e-01     2.5225      6.997     10.148    10.5030 0.0000e+00
      7.103     -0.123     0.0975      0.900    165.226 117.383097     7.7400     1.1663     0.0852     0.5076 1.1617e-01     2.5075      6.965     10.102    10.5044 0.0000e+00
      7.073     -0.112     0.0982      0.907    165.045 117.268292     7.7400     1.1396     0.0852     0.5076 1.1617e-01     2.4925      6.936     10.060    10.5073 0.0000e+00
      7.045     -0.100     0.0989      0.914    164.883 117.164850     7.7400     1.1396     0.0426     0.5499 1.1602e-01     2.4925      6.908     10.020    10.5110 0.0000e+00
      7.020     -0.087     0.0996      0.918    164.739 117.071041     7.7400     1.1663     0.0426     0.5499 1.1617e-01     2.5977      6.884      9.985    10.5150 0.0000e+00
      6.999     -0.075     0.1004      0.921    164.591 116.973779     7.7400     1.1701     0.0426     0.5499 1.1623e-01     2.4624      6.864      9.955    10.5194 0.0000e+00
      6.982     -0.064     0.1011      0.919    164.414 116.859058     7.7400     1.1510     0.0426     0.5499 1.1612e-01     2.5376      6.847      9.931    10.5237 0.0000e+00
      6.968     -0.053     0.1018      0.909    164.196 116.722137     7.8300     1.1510     0.0852     0.4230 1.1612e-01     2.5376      6.833      9.912    10.5273 0.0000e+00
      6.957     -0.044     0.1023      0.891    164.021 116.623941     7.8300     1.1663     0.0852     0.4230 1.1597e-01     2.5526      6.822      9.895    10.5299 0.0000e+00
      6.948     -0.037     0.1026      0.870    163.975 116.617823     7.8300     1.2464     0.0852     0.4230 1.1620e-01     2.5526      6.813      9.882    10.5323 0.0000e+00
      6.940     -0.031     0.1024      0.849    164.026 116.672328     7.8300     1.2235     0.0852     0.4230 1.1625e-01     2.5225      6.806      9.871    10.5357 0.0000e+00
      6.934     -0.028     0.1013      0.833    164.151 116.768188     7.8300     1.2387     0.0852     0.5499 1.1625e-01     2.5376      6.800      9.862    10.5412 0.0000e+00
      6.928     -0.026     0.0993      0.825    164.390 116.930965     7.8300     1.2006     0.0852     0.5499 1.1617e-01     2.5826      6.794      9.854    10.5492 0.0000e+00
      6.922     -0.026     0.0968      0.828    164.729 117.146401     7.8300     1.1968     0.0852     0.5499 1.1617e-01     3.0786      6.788      9.845    10.5573 0.0000e+00
      6.916     -0.027     0.0945      0.838    165.103 117.370531     7.8300     1.2082     0.0852     0.5499 1.1612e-01     3.1688      6.782      9.837    10.5628 0.0000e+00
      6.909     -0.030     0.0927      0.846    165.492 117.597497     7.8300     1.2235     0.0852     0.5499 1.1617e-01     3.1388      6.776      9.827    10.5649 0.0000e+00
      6.902     -0.034     0.0918      0.851    165.854 117.800325     7.8300     1.2044     0.0852     0.3807 1.1617e-01     3.0937      6.769      9.817    10.5627 0.0000e+00
      6.894     -0.041     0.0922      0.851    166.048 117.887929     7.8300     1.1777     0.0852     0.3807 1.1607e-01     2.7179      6.760      9.805    10.5549 0.0000e+00
      6.883     -0.050     0.0933      0.850    165.974 117.802134     7.8300     1.1624     0.0852     0.3807 1.1605e-01     2.7480      6.750      9.790    10.5424 0.0000e+00
      6.870     -0.062     0.0943      0.849    165.678 117.585683     7.8300     1.1434     0.0852     0.3807 1.1628e-01     2.7480      6.738      9.772    10.5274 0.0000e+00
      6.855     -0.075     0.0948      0.843    165.306 117.345912     7.8300     1.1586     0.1278     0.5076 1.1610e-01     2.8231      6.722      9.749    10.5111 0.0000e+00
      6.835     -0.090     0.0949      0.835    164.973 117.154107     7.8300     1.1777     0.1278     0.5076 1.1612e-01     2.7329      6.702      9.721    10.4959 0.0000e+00
      6.810     -0.105     0.0948      0.832    164.713 117.020767     7.8300     1.1510     0.1278     0.5076 1.1615e-01     2.7480      6.678      9.685    10.4857 0.0000e+00
      6.780     -0.119     0.0947      0.835    164.517 116.930224     7.8300     1.1586     0.1278     0.5076 1.1625e-01     2.7029      6.649      9.643    10.4839 0.0000e+00
      6.746     -0.132     0.0940      0.837    164.335 116.846404     7.8300     1.1663     0.0852     0.4653 1.1623e-01     2.8532      6.616      9.595    10.4912 0.0000e+00
      6.710     -0.142     0.0931      0.840    164.142 116.752920     7.8300     1.2349     0.0852     0.4653 1.1623e-01     2.8532      6.580      9.543    10.5046 0.0000e+00
      6.671     -0.148     0.0928      0.845    163.963 116.668593     7.8300     1.2006     0.0852     0.4653 1.1590e-01     2.8832      6.542      9.488    10.5202 0.0000e+00
      6.631     -0.150     0.0931      0.854    163.805 116.596787     7.8300     1.2311     0.0852     0.4653 1.2010e-01     2.9434      6.503      9.431    10.5351 0.0000e+00
      6.590     -0.147     0.0933      0.865    163.649 116.522334     7.8300     1.2426     0.1278     0.4230 1.4078e-01     2.8532      6.463      9.374    10.5489 0.0000e+00
      6.551     -0.139     0.0935      0.872    163.482 116.433333     7.8300     1.2197     0.1278     0.4230 1.8799e-01     2.7179      6.424      9.317    10.5622 0.0000e+00
      6.513     -0.127     0.0941      0.872    163.281 116.314007     7.8300     1.1930     0.1278     0.4230 2.1590e-01     2.7480      6.388      9.264    10.5752 0.0000e+00
      6.481     -0.112     0.0950      0.868    163.027 116.158385     7.8300     1.2197     0.1278     0.4230 2.2633e-01     2.6879      6.356      9.218    10.5877 0.0000e+00
      6.454     -0.094     0.0962      0.865    162.727 115.976668     7.8300     1.2120     0.1278     0.4230 2.0776e-01     2.7931      6.330      9.180    10.5988 0.0000e+00
      6.434     -0.077     0.0970      0.862    162.424 115.799937     7.8300     1.2159     0.0852     0.5076 1.8228e-01     2.8532      6.310      9.151    10.6079 0.0000e+00
      6.419     -0.061     0.0970      0.860    162.192 115.676507     7.8300     1.2159     0.0852     0.5076 1.8399e-01     2.7480      6.295      9.129    10.6154 0.0000e+00
      6.406     -0.048     0.0965      0.860    162.085 115.635106     7.8300     1.2197     0.0852     0.5076 2.2865e-01     2.7179      6.283      9.112    10.6231 0.0000e+00
      6.397     -0.038     0.0962      0.863    162.096 115.662709     7.8300     1.2426     0.0852     0.5076 1.8039e-01     2.6879      6.274      9.099    10.6329 0.0000e+00
      6.390     -0.031     0.0959      0.864    162.205 115.740827     7.9200     1.2311     0.0852     0.4653 1.8702e-01     2.8832      6.266      9.088    10.6450 0.0000e+00
      6.384     -0.026     0.0956      0.862    162.401 115.862456     7.9200     1.2235     0.0852     0.4653 1.6882e-01     2.9584      6.261      9.080    10.6578 0.0000e+00
      6.379     -0.023     0.0956      0.860    162.641 116.002363     7.9200     1.2082     0.0852     0.4653 1.6098e-01     2.8832      6.255      9.072    10.6686 0.0000e+00
      6.374     -0.023     0.0959      0.857    162.898 116.148147     7.9200     1.2464     0.0852     0.4653 1.7026e-01     2.9734      6.251      9.066    10.6749 0.0000e+00
      6.369     -0.024     0.0960      0.851    163.143 116.284994     7.9200     1.2159     0.0852     0.5076 1.7249e-01     2.7931      6.246      9.058    10.6749 0.0000e+00
      6.363     -0.027     0.0957      0.838    163.288 116.355936     7.9200     1.2159     0.0852     0.5076 1.5538e-01     2.7630      6.240      9.050    10.6692 0.0000e+00
