Data/DataNotYetUploadedToEDI/Raw_CTD/RawDownloads/091823_bvr50_S7809001.cnv
* Sea-Bird SBE19plus  Data File:
* FileName = C:\R\Reservoirs\Data\DataNotYetUploadedToEDI\Raw_CTD\RawDownloads\091823_bvr50_S7809_0001.hex
* Software version 2.8.0.119
* Temperature SN = 7809
* Conductivity SN = 7809
* System UpLoad Time = Sep 22 2023 13:07:59
* <ApplicationData>
* <Seaterm232>
# nquan = 15
# nvalues = 1834                        
# units = specified
# name 0 = depFM: Depth [fresh water, m]
# name 1 = dz/dtM: Descent Rate [m/s]
# name 2 = sbeox0Mg/L: Oxygen, SBE 43 [mg/l]
# name 3 = sbeox0PS: Oxygen, SBE 43 [% saturation]
# name 4 = specc: Specific Conductance [uS/cm]
# name 5 = c0uS/cm: Conductivity [uS/cm]
# name 6 = flECO-AFL: Fluorescence, WET Labs ECO-AFL/FL [mg/m^3]
# name 7 = ph: pH
# name 8 = orp: Oxidation Reduction Potential [mV]
# name 9 = par/sat/log: PAR/Logarithmic, Satlantic
# name 10 = turbWETntu0: Turbidity, WET Labs ECO [NTU]
# name 11 = prdM: Pressure, Strain Gauge [db]
# name 12 = prdE: Pressure, Strain Gauge [psi]
# name 13 = tv290C: Temperature [ITS-90, deg C]
# name 14 = flag:  0.000e+00
# span 0 =     -0.774,      8.922       
# span 1 =     -0.360,      0.291       
# span 2 =    -0.2624,     8.6779       
# span 3 =     -2.372,     99.000       
# span 4 =      3.932,    193.653       
# span 5 =   3.693842, 135.241061       
# span 6 =    -0.4681,    56.5808       
# span 7 =      6.049,      7.830       
# span 8 =  -102.8769,   386.3536       
# span 9 = 1.2362e-01, 1.6928e+03       
# span 10 =     0.5980,    23.2523      
# span 11 =     -0.762,      8.750      
# span 12 =     -1.105,     12.691      
# span 13 =     9.8696,    22.2184      
# span 14 = 0.0000e+00, 0.0000e+00      
# interval = seconds: 0.25
# start_time = Sep 18 2023 10:39:35 [Instrument's time stamp, header]
# bad_flag = -9.990e-29
*END*
     -0.769      0.086     8.2952     92.104     26.278  24.402184    -0.1862      6.049   386.3536 1.4131e+03     3.0923     -0.762     -1.105    20.4740 0.0000e+00
     -0.746      0.131     8.2988     92.159     32.373  30.182069    -0.1986      6.721   353.9560 1.4561e+03     3.1035     -0.737     -1.068    20.4645 0.0000e+00
     -0.708      0.177     8.2781     92.338     33.342  31.196688    -0.1474      7.143   328.7232 1.5157e+03     3.4866     -0.696     -1.010    20.5742 0.0000e+00
     -0.655      0.221     8.2093     92.696     33.270  31.214998     0.5076      7.413   310.1312 1.5968e+03     8.6468     -0.655     -0.950    20.9856 0.0000e+00
     -0.581      0.256     8.1493     93.214     33.216  31.228227     1.7113      7.602   316.6408 1.6840e+03    18.1498     -0.569     -0.825    21.3818 0.0000e+00
     -0.501      0.278     8.1127     94.043     33.106  31.166413     2.3717      7.728   324.1443 1.6928e+03    23.2523     -0.487     -0.706    21.6190 0.0000e+00
     -0.424      0.290     8.0968     95.143     32.945  31.038578     2.4498      7.796   312.4074 1.3880e+03    23.2014     -0.423     -0.613    21.7932 0.0000e+00
     -0.344      0.291     8.1157     96.034     32.910  31.014750     2.7719      7.823   293.9818 9.9904e+02    18.0809     -0.330     -0.479    21.9168 0.0000e+00
     -0.272      0.278     8.1372     96.589     32.967  31.068634     3.3703      7.830   285.1411 7.8564e+02     8.6523     -0.263     -0.382    22.0124 0.0000e+00
     -0.205      0.254     8.1934     97.191     32.963  31.055731     3.6922      7.826   284.4131 4.3366e+02     3.4808     -0.207     -0.301    22.0751 0.0000e+00
     -0.131      0.219     8.3123     97.956     32.906  30.985591     3.7175      7.816   284.6629 1.4408e+02     2.9322     -0.126     -0.182    22.1083 0.0000e+00
     -0.065      0.178     8.3928     98.594     32.850  30.918342     3.8013      7.803   285.4948 9.7043e+01     2.8384     -0.054     -0.078    22.1190 0.0000e+00
     -0.024      0.136     8.4190     98.920     32.811  30.876950     3.9729      7.792   286.5558 8.6039e+01     2.8939     -0.014     -0.021    22.1203 0.0000e+00
     -0.006      0.096     8.4698     99.000     32.795  30.865723     4.0774      7.780   287.6831 8.6498e+01     2.9879     -0.003     -0.005    22.1065 0.0000e+00
      0.001      0.060     8.5576     98.948     32.767  30.846036     4.0735      7.764   288.5417 9.0099e+01     2.9835      0.003      0.004    22.0750 0.0000e+00
      0.006      0.035     8.6238     98.878     32.744  30.829229     3.9256      7.745   289.0219 9.7291e+01     2.9094      0.007      0.010    22.0475 0.0000e+00
      0.009      0.022     8.6470     98.788     32.765  30.852811     3.6716      7.729   289.3593 1.0638e+02     2.8776      0.008      0.013    22.0427 0.0000e+00
      0.014      0.017     8.6517     98.703     32.787  30.877437     3.5415      7.714   289.8678 1.1320e+02     2.8735      0.014      0.020    22.0523 0.0000e+00
      0.019      0.015     8.6387     98.848     32.777  30.873253     3.5594      7.703   290.6097 1.1645e+02     2.8934      0.019      0.028    22.0638 0.0000e+00
      0.023      0.015     8.6321     98.854     32.763  30.865657     3.7632      7.694   291.2747 1.1507e+02     2.9128      0.022      0.034    22.0711 0.0000e+00
      0.025      0.014     8.6283     97.402     32.741  30.849033     4.1245      7.685   291.7127 1.1208e+02     2.9028      0.025      0.036    22.0763 0.0000e+00
      0.029      0.013     8.6049     93.769     32.751  30.862564     4.3315      7.678   292.1204 1.0866e+02     2.9094      0.027      0.040    22.0828 0.0000e+00
      0.033      0.014     8.6160     88.570     32.791  30.902401     4.3610      7.671   292.7619 1.0376e+02     2.9248      0.033      0.048    22.0905 0.0000e+00
      0.036      0.017     8.6779     82.880     32.772  30.886657     4.3563      7.661   293.6189 9.9573e+01     2.9179      0.037      0.053    22.0992 0.0000e+00
      0.037      0.019     8.5780     77.569     32.745  30.862518     4.3574      7.651   294.2225 9.8141e+01     2.8935      0.036      0.052    22.1073 0.0000e+00
      0.042      0.021     8.2273     73.073     32.746  30.864271     4.3919      7.642   294.6390 1.0257e+02     2.9033      0.039      0.057    22.1110 0.0000e+00
      0.051      0.023     7.7405     69.566     32.725  30.844423     4.4310      7.632   295.3857 1.1589e+02     2.9678      0.051      0.073    22.1143 0.0000e+00
      0.061      0.023     7.2129     67.266     32.692  30.812841     4.4638      7.620   296.1955 1.4792e+02     2.9902      0.062      0.090    22.1185 0.0000e+00
      0.066      0.023     6.7394     66.310     32.679  30.799580     4.5813      7.609   296.6872 2.0362e+02     2.9348      0.065      0.095    22.1209 0.0000e+00
      0.070      0.023     6.3443     66.325     32.693  30.810955     4.7779      7.600   296.9432 2.4919e+02     2.8795      0.067      0.097    22.1215 0.0000e+00
      0.075      0.025     6.0326     66.715     32.706  30.823513     4.8845      7.588   297.3973 3.3810e+02     2.9019      0.074      0.109    22.1222 0.0000e+00
      0.080      0.030     5.8200     67.142     32.706  30.824552     4.8968      7.568   298.1335 4.4666e+02     2.9673      0.080      0.116    22.1212 0.0000e+00
      0.085      0.036     5.7527     67.425     32.704  30.823512     4.8603      7.546   298.7895 4.5448e+02     2.9530      0.082      0.118    22.1179 0.0000e+00
      0.093      0.037     5.7784     67.405     32.691  30.810940     4.7757      7.525   299.2197 5.0733e+02     2.8999      0.087      0.126    22.1156 0.0000e+00
      0.110      0.034     5.8186     67.028     32.679  30.799407     4.7394      7.509   299.2054 6.1492e+02     2.9051      0.107      0.154    22.1155 0.0000e+00
      0.128      0.027     5.8610     66.415     32.690  30.810940     4.7370      7.499   298.9605 6.3307e+02     2.9480      0.130      0.189    22.1176 0.0000e+00
      0.137      0.020     5.8908     65.779     32.702  30.823510     4.6144      7.494   299.0115 6.3054e+02     2.9745      0.138      0.201    22.1198 0.0000e+00
      0.136      0.013     5.8921     65.285     32.702  30.824530     4.3969      7.489   299.2205 6.0995e+02     2.9523      0.135      0.195    22.1195 0.0000e+00
      0.128      0.008     5.8536     64.882     32.702  30.823272     4.2797      7.483   299.1641 6.0082e+02     2.8845      0.126      0.182    22.1190 0.0000e+00
      0.123      0.005     5.7944     64.481     32.688  30.808298     4.2794      7.475   298.9325 7.1530e+02     2.8377      0.118      0.171    22.1202 0.0000e+00
      0.127      0.005     5.7297     64.144     32.651  30.770344     4.3022      7.467   298.9145 7.5912e+02     2.8653      0.123      0.178    22.1235 0.0000e+00
      0.135      0.008     5.6905     63.950     32.626  30.744970     4.3132      7.458   299.2055 6.2110e+02     2.9103      0.134      0.195    22.1263 0.0000e+00
      0.142      0.010     5.6613     63.962     32.637  30.755236     4.3047      7.447   299.6973 5.9501e+02     2.9036      0.140      0.204    22.1239 0.0000e+00
      0.144      0.010     5.6215     64.183     32.648  30.767600     4.2907      7.432   300.1284 6.4640e+02     2.8522      0.142      0.206    22.1186 0.0000e+00
      0.142      0.008     5.5914     64.457     32.646  30.767598     4.2847      7.416   300.2025 5.3945e+02     2.8022      0.138      0.202    22.1138 0.0000e+00
      0.141      0.004     5.5727     64.609     32.633  30.755213     4.2905      7.402   299.9907 4.1807e+02     2.8105      0.136      0.198    22.1105 0.0000e+00
      0.144      0.003     5.5714     64.599     32.622  30.744729     4.2941      7.390   299.8912 3.9519e+02     2.8508      0.141      0.204    22.1116 0.0000e+00
      0.148      0.003     5.5970     64.507     32.647  30.767701     4.2868      7.380   300.1174 3.7339e+02     2.8457      0.146      0.212    22.1152 0.0000e+00
      0.148      0.003     5.6278     64.511     32.659  30.779235     4.2856      7.370   300.4034 3.6460e+02     2.8167      0.147      0.213    22.1179 0.0000e+00
      0.146      0.003     5.6407     64.699     32.637  30.757312     4.2963      7.360   300.5099 3.9966e+02     2.8415      0.143      0.207    22.1179 0.0000e+00
      0.146      0.003     5.6388     64.979     32.638  30.756368     4.3085      7.349   300.7162 4.2304e+02     2.9067      0.141      0.204    22.1166 0.0000e+00
      0.148      0.003     5.6233     65.296     32.652  30.767816     4.3003      7.336   301.0052 4.6041e+02     2.8872      0.145      0.210    22.1168 0.0000e+00
      0.151      0.004     5.6185     65.668     32.652  30.768857     4.2803      7.318   301.1652 5.2206e+02     2.8104      0.150      0.217    22.1177 0.0000e+00
      0.151      0.007     5.6425     66.062     32.651  30.768950     4.3246      7.292   301.3593 5.6928e+02     2.7987      0.149      0.216    22.1167 0.0000e+00
      0.151      0.009     5.6679     66.360     32.649  30.768948     4.4357      7.262   301.4594 5.6766e+02     2.8480      0.146      0.212    22.1117 0.0000e+00
      0.152      0.009     5.6943     66.409     32.649  30.768834     4.5088      7.237   301.6013 4.3813e+02     2.8948      0.147      0.214    22.1078 0.0000e+00
      0.157      0.010     5.7280     66.186     32.647  30.767577     4.5267      7.220   301.9566 2.4023e+02     2.8863      0.153      0.223    22.1090 0.0000e+00
      0.163      0.011     5.7648     65.830     32.632  30.753746     4.6683      7.210   302.3131 1.3121e+02     2.8808      0.161      0.233    22.1125 0.0000e+00
      0.165      0.011     5.7978     65.495     32.605  30.728476     4.9477      7.205   302.9010 1.0650e+02     2.9304      0.162      0.234    22.1147 0.0000e+00
      0.165      0.011     5.8025     65.227     32.592  30.715780     5.1079      7.201   303.6438 9.7933e+01     2.9401      0.160      0.233    22.1157 0.0000e+00
      0.167      0.010     5.7774     65.017     32.605  30.727104     5.1316      7.195   304.2388 9.3242e+01     2.8958      0.164      0.238    22.1168 0.0000e+00
      0.171      0.010     5.7404     64.883     32.617  30.738524     5.1350      7.189   304.6750 9.1487e+01     2.8723      0.168      0.244    22.1171 0.0000e+00
      0.174      0.010     5.7104     64.834     32.604  30.726991     5.1233      7.185   304.9596 8.8927e+01     2.8956      0.171      0.248    22.1163 0.0000e+00
      0.176      0.010     5.6888     64.830     32.589  30.714521     5.1235      7.180   305.2708 8.6565e+01     2.9383      0.173      0.250    22.1153 0.0000e+00
      0.178      0.010     5.6693     64.786     32.589  30.714625     5.1382      7.175   305.6848 8.3826e+01     2.9105      0.174      0.252    22.1145 0.0000e+00
      0.181      0.009     5.6564     64.655     32.604  30.728246     5.1347      7.169   306.0933 7.7425e+01     2.8328      0.177      0.256    22.1150 0.0000e+00
      0.183      0.008     5.6544     64.570     32.631  30.752341     5.1303      7.162   306.4253 7.1629e+01     2.7853      0.179      0.260    22.1162 0.0000e+00
      0.186      0.008     5.6550     64.517     32.632  30.752226     5.1526      7.153   306.6867 6.8847e+01     2.8141      0.182      0.264    22.1175 0.0000e+00
      0.188      0.008     5.6570     64.278     32.607  30.726853     5.1794      7.146   306.8445 6.6566e+01     2.9077      0.184      0.267    22.1185 0.0000e+00
      0.189      0.007     5.6370     63.926     32.581  30.699287     5.1960      7.141   307.0434 6.5141e+01     2.9257      0.185      0.269    22.1184 0.0000e+00
      0.190      0.007     5.6263     63.609     32.557  30.672657     5.2112      7.136   307.1979 6.5984e+01     2.8617      0.186      0.270    22.1163 0.0000e+00
      0.192      0.006     5.6404     63.312     32.547  30.658599     5.2382      7.131   307.1640 6.7812e+01     2.8506      0.189      0.273    22.1136 0.0000e+00
      0.194      0.004     5.6096     62.972     32.547  30.656178     5.2648      7.124   307.2363 6.9920e+01     2.8944      0.191      0.277    22.1116 0.0000e+00
      0.196      0.002     5.5741     62.527     32.537  30.643376     5.2669      7.116   307.2977 7.1353e+01     2.9464      0.192      0.278    22.1074 0.0000e+00
      0.196      0.000     5.5503     62.010     32.526  30.630679     5.2547      7.111   307.3039 7.1575e+01     2.9678      0.193      0.280    22.1007 0.0000e+00
      0.196     -0.001     5.5252     61.508     32.527  30.629516     5.2420      7.106   307.3974 7.2388e+01     2.9129      0.193      0.280    22.0947 0.0000e+00
      0.193     -0.002     5.5006     61.025     32.528  30.629316     5.2467      7.101   307.5676 7.3513e+01     2.8976      0.189      0.275    22.0894 0.0000e+00
      0.192     -0.003     5.4600     60.527     32.528  30.628257     5.2700      7.096   307.9848 7.1882e+01     2.9541      0.187      0.271    22.0850 0.0000e+00
      0.192     -0.003     5.4111     60.014     32.518  30.616714     5.3324      7.090   308.3982 6.8777e+01     2.9469      0.188      0.272    22.0810 0.0000e+00
      0.192     -0.003     5.3682     59.492     32.519  30.616609     5.4263      7.083   308.4357 6.7277e+01     2.8791      0.188      0.273    22.0775 0.0000e+00
      0.192     -0.003     5.3289     58.994     32.532  30.626990     5.4650      7.076   308.2667 6.5904e+01     2.8175      0.188      0.273    22.0747 0.0000e+00
      0.191     -0.003     5.2837     58.522     32.522  30.615363     5.4678      7.068   308.2472 6.5041e+01     2.8166      0.188      0.273    22.0728 0.0000e+00
      0.189     -0.003     5.2406     58.027     32.511  30.602884     5.4690      7.062   308.4587 6.4766e+01     2.8696      0.186      0.270    22.0720 0.0000e+00
      0.187     -0.002     5.1929     57.521     32.514  30.602978     5.4373      7.056   308.6727 6.2910e+01     2.8766      0.182      0.265    22.0701 0.0000e+00
      0.186     -0.001     5.1492     57.032     32.530  30.616497     5.4089      7.048   308.7701 6.1444e+01     2.8324      0.181      0.263    22.0665 0.0000e+00
      0.187      0.000     5.1119     56.552     32.557  30.639459     5.4086      7.041   308.8618 6.1406e+01     2.8132      0.183      0.265    22.0626 0.0000e+00
      0.188      0.002     5.0678     56.097     32.545  30.626876     5.4089      7.035   309.0069 6.0889e+01     2.8161      0.185      0.269    22.0592 0.0000e+00
      0.189      0.004     5.0217     55.690     32.509  30.591229     5.4125      7.027   309.1477 6.0125e+01     2.8328      0.186      0.270    22.0564 0.0000e+00
      0.190      0.004     4.9814     55.330     32.508  30.589046     5.4190      7.020   309.2737 5.9687e+01     2.8791      0.186      0.269    22.0535 0.0000e+00
      0.191      0.004     4.9382     55.015     32.521  30.600483     5.4130      7.013   309.4127 5.8405e+01     2.8977      0.188      0.272    22.0504 0.0000e+00
      0.193      0.003     4.8979     54.721     32.524  30.602647     5.4145      7.008   309.5374 5.6834e+01     2.8866      0.190      0.275    22.0475 0.0000e+00
      0.193      0.002     4.8635     54.437     32.539  30.615209     5.4542      7.004   309.5767 5.6033e+01     2.9156      0.190      0.276    22.0454 0.0000e+00
      0.193      0.002     4.8311     54.167     32.551  30.625503     5.5102      7.001   309.5434 5.4499e+01     2.9413      0.190      0.275    22.0439 0.0000e+00
      0.193      0.002     4.8055     53.911     32.526  30.600235     5.5248      6.997   309.5659 5.3134e+01     2.8890      0.190      0.275    22.0425 0.0000e+00
      0.193      0.001     4.7800     53.655     32.488  30.563429     5.5152      6.992   309.7615 5.3089e+01     2.8297      0.190      0.275    22.0409 0.0000e+00
      0.194      0.001     4.7549     53.380     32.487  30.561079     5.5593      6.987   310.0161 5.3075e+01     2.8402      0.190      0.275    22.0390 0.0000e+00
