Data/DataNotYetUploadedToEDI/Raw_CTD/RawDownloads/091823_bvr50_S7809001.cnv
* Sea-Bird SBE19plus  Data File:
* FileName = C:\R\Reservoirs\Data\DataNotYetUploadedToEDI\Raw_CTD\RawDownloads\091823_bvr50_S7809_0001.hex
* Software version 2.8.0.119
* Temperature SN = 7809
* Conductivity SN = 7809
* System UpLoad Time = Sep 22 2023 13:07:59
* <ApplicationData>
* <Seaterm232>
# nquan = 15
# nvalues = 1834                        
# units = specified
# name 0 = depFM: Depth [fresh water, m]
# name 1 = dz/dtM: Descent Rate [m/s]
# name 2 = sbeox0Mg/L: Oxygen, SBE 43 [mg/l]
# name 3 = sbeox0PS: Oxygen, SBE 43 [% saturation]
# name 4 = specc: Specific Conductance [uS/cm]
# name 5 = c0uS/cm: Conductivity [uS/cm]
# name 6 = flECO-AFL: Fluorescence, WET Labs ECO-AFL/FL [mg/m^3]
# name 7 = ph: pH
# name 8 = orp: Oxidation Reduction Potential [mV]
# name 9 = par/sat/log: PAR/Logarithmic, Satlantic
# name 10 = turbWETntu0: Turbidity, WET Labs ECO [NTU]
# name 11 = prdM: Pressure, Strain Gauge [db]
# name 12 = prdE: Pressure, Strain Gauge [psi]
# name 13 = tv290C: Temperature [ITS-90, deg C]
# name 14 = flag:  0.000e+00
# span 0 =     -0.774,      8.922       
# span 1 =     -0.360,      0.291       
# span 2 =    -0.2624,     8.6779       
# span 3 =     -2.372,     99.000       
# span 4 =      3.932,    193.653       
# span 5 =   3.693842, 135.241061       
# span 6 =    -0.4681,    56.5808       
# span 7 =      6.049,      7.830       
# span 8 =  -102.8769,   386.3536       
# span 9 = 1.2362e-01, 1.6928e+03       
# span 10 =     0.5980,    23.2523      
# span 11 =     -0.762,      8.750      
# span 12 =     -1.105,     12.691      
# span 13 =     9.8696,    22.2184      
# span 14 = 0.0000e+00, 0.0000e+00      
# interval = seconds: 0.25
# start_time = Sep 18 2023 10:39:35 [Instrument's time stamp, header]
# bad_flag = -9.990e-29
*END*
[from data line 868]
      3.756      0.012     6.4342     73.757     32.672  30.820304     9.0833      6.716   331.4246 7.8412e+00     2.9858      3.681      5.340    22.1610 0.0000e+00
      3.760      0.016     6.4311     73.763     32.704  30.850439     9.0376      6.717   331.4070 7.8024e+00     2.9310      3.687      5.348    22.1610 0.0000e+00
      3.765      0.018     6.4313     73.799     32.714  30.860033     9.0154      6.718   331.4538 7.7644e+00     2.9449      3.692      5.356    22.1611 0.0000e+00
      3.770      0.020     6.4282     73.873     32.728  30.872865     9.0145      6.719   331.5606 7.7160e+00     2.9484      3.697      5.362    22.1610 0.0000e+00
      3.777      0.020     6.4279     73.935     32.734  30.878727     8.9524      6.720   331.6653 7.6554e+00     2.9054      3.704      5.372    22.1607 0.0000e+00
      3.783      0.019     6.4283     73.961     32.723  30.867478     8.8139      6.720   331.6014 7.6184e+00     2.8679      3.712      5.383    22.1609 0.0000e+00
      3.788      0.016     6.4296     73.971     32.719  30.863722     8.7463      6.721   331.4762 7.5942e+00     2.8712      3.714      5.387    22.1611 0.0000e+00
      3.791      0.014     6.4393     73.967     32.686  30.833309     8.7508      6.722   331.5283 7.5488e+00     2.8776      3.718      5.392    22.1608 0.0000e+00
      3.795      0.013     6.4457     73.997     32.669  30.816931     8.6611      6.722   331.6296 7.5171e+00     2.8420      3.722      5.399    22.1608 0.0000e+00
      3.796      0.013     6.4453     74.071     32.710  30.855997     8.4846      6.723   331.6678 7.5209e+00     2.7480      3.723      5.400    22.1610 0.0000e+00
      3.797      0.015     6.4483     74.063     32.716  30.861607     8.3820      6.724   331.8178 7.5166e+00     2.6644      3.722      5.398    22.1609 0.0000e+00
      3.800      0.019     6.4459     73.997     32.673  30.821330     8.3770      6.724   331.9815 7.4686e+00     2.6506      3.725      5.403    22.1608 0.0000e+00
      3.806      0.022     6.4446     73.995     32.664  30.813054     8.3996      6.724   331.9255 7.3888e+00     2.6506      3.731      5.411    22.1607 0.0000e+00
      3.814      0.023     6.4608     74.021     32.677  30.824969     8.5141      6.725   331.8291 7.3165e+00     2.6973      3.739      5.423    22.1605 0.0000e+00
      3.824      0.023     6.4582     74.011     32.692  30.838530     8.7124      6.725   331.8486 7.2630e+00     2.8050      3.751      5.441    22.1606 0.0000e+00
      3.831      0.021     6.4438     73.943     32.704  30.850153     8.8165      6.726   331.9029 7.2215e+00     2.8599      3.758      5.452    22.1609 0.0000e+00
      3.835      0.016     6.4493     73.843     32.692  30.838627     8.8316      6.727   331.9703 7.1995e+00     2.8833      3.761      5.456    22.1610 0.0000e+00
      3.837      0.014     6.4521     73.763     32.678  30.826046     8.8207      6.726   332.0612 7.1852e+00     2.9170      3.763      5.458    22.1609 0.0000e+00
      3.838      0.014     6.4527     73.730     32.677  30.824903     8.7677      6.723   332.0547 7.1727e+00     2.8917      3.764      5.459    22.1610 0.0000e+00
      3.839      0.017     6.4457     73.721     32.677  30.824798     8.7228      6.719   331.9781 7.1657e+00     2.8165      3.766      5.461    22.1607 0.0000e+00
      3.841      0.021     6.4347     73.710     32.677  30.824779     8.7106      6.716   331.9958 7.1248e+00     2.7931      3.765      5.461    22.1606 0.0000e+00
      3.849      0.024     6.4271     73.715     32.677  30.824674     8.7453      6.716   332.0960 7.0085e+00     2.8476      3.770      5.469    22.1608 0.0000e+00
      3.862      0.029     6.4248     73.730     32.676  30.823531     8.8188      6.716   332.2430 6.9034e+00     2.8954      3.789      5.495    22.1606 0.0000e+00
      3.872      0.035     6.4264     73.716     32.663  30.810957     8.8497      6.715   332.3979 6.9065e+00     2.8927      3.802      5.514    22.1607 0.0000e+00
      3.874      0.041     6.4230     73.656     32.651  30.799517     8.8440      6.714   332.4193 6.9045e+00     2.8828      3.798      5.507    22.1608 0.0000e+00
      3.880      0.045     6.4237     73.580     32.665  30.812082     8.9490      6.711   332.3294 6.8109e+00     2.9125      3.800      5.511    22.1610 0.0000e+00
      3.895      0.046     6.4271     73.506     32.690  30.835999     9.1543      6.707   332.3429 6.6880e+00     2.9444      3.818      5.538    22.1611 0.0000e+00
      3.915      0.046     6.4265     73.422     32.689  30.834964     9.2622      6.706   332.4109 6.5744e+00     2.9279      3.840      5.570    22.1604 0.0000e+00
      3.932      0.045     6.4201     73.342     32.651  30.799567     9.2714      6.706   332.3770 6.4973e+00     2.8827      3.859      5.597    22.1594 0.0000e+00
      3.942      0.040     6.4124     73.300     32.640  30.788620     9.3156      6.707   332.3637 6.4664e+00     2.8757      3.868      5.610    22.1590 0.0000e+00
      3.947      0.034     6.4074     73.299     32.684  30.829479     9.4553      6.709   332.4224 6.4513e+00     2.9124      3.871      5.615    22.1588 0.0000e+00
      3.952      0.028     6.3995     73.303     32.706  30.849549     9.6208      6.711   332.4848 6.4260e+00     2.8828      3.875      5.620    22.1588 0.0000e+00
      3.957      0.025     6.3909     73.311     32.696  30.840983     9.6849      6.712   332.6017 6.3829e+00     2.7913      3.880      5.626    22.1587 0.0000e+00
      3.964      0.025     6.3869     73.349     32.709  30.852772     9.6562      6.712   332.6305 6.3366e+00     2.7619      3.887      5.637    22.1583 0.0000e+00
      3.972      0.025     6.3890     73.423     32.722  30.865221     9.4820      6.713   332.4894 6.2960e+00     2.8348      3.895      5.649    22.1578 0.0000e+00
      3.980      0.025     6.3894     73.543     32.721  30.864637     9.1933      6.714   332.3581 6.2560e+00     2.9207      3.903      5.661    22.1575 0.0000e+00
      3.987      0.024     6.3881     73.677     32.701  30.845711     9.0451      6.715   332.3334 6.2274e+00     2.9474      3.911      5.672    22.1578 0.0000e+00
      3.992      0.022     6.3926     73.746     32.681  30.826691     9.0393      6.717   332.3626 6.2123e+00     2.9179      3.915      5.678    22.1579 0.0000e+00
      3.996      0.020     6.3977     73.732     32.679  30.824962     9.1065      6.717   332.3676 6.1869e+00     2.8721      3.918      5.684    22.1576 0.0000e+00
      4.001      0.020     6.4087     73.670     32.679  30.824805     9.2411      6.718   332.3943 6.1589e+00     2.8721      3.924      5.691    22.1574 0.0000e+00
      4.005      0.020     6.4246     73.588     32.679  30.824790     9.3183      6.720   332.4267 6.1476e+00     2.8834      3.928      5.696    22.1572 0.0000e+00
      4.010      0.021     6.4306     73.523     32.680  30.824789     9.3249      6.722   332.4156 6.1322e+00     2.8715      3.932      5.703    22.1570 0.0000e+00
      4.015      0.021     6.4274     73.489     32.680  30.824789     9.2785      6.722   332.3459 6.1029e+00     2.8649      3.938      5.711    22.1572 0.0000e+00
      4.022      0.021     6.4221     73.445     32.680  30.824789     9.1900      6.722   332.3577 6.0641e+00     2.8717      3.944      5.719    22.1573 0.0000e+00
      4.029      0.020     6.4133     73.375     32.680  30.824789     9.1460      6.723   332.4728 6.0191e+00     2.8865      3.952      5.732    22.1570 0.0000e+00
      4.035      0.017     6.4066     73.314     32.680  30.824789     9.1463      6.724   332.5329 5.9858e+00     2.9069      3.958      5.741    22.1565 0.0000e+00
      4.038      0.015     6.4061     73.283     32.680  30.824789     9.1436      6.726   332.4815 5.9810e+00     2.9128      3.960      5.744    22.1563 0.0000e+00
      4.040      0.013     6.4030     73.286     32.680  30.824790     9.1371      6.728   332.3686 5.9850e+00     2.8896      3.962      5.747    22.1563 0.0000e+00
      4.042      0.013     6.3947     73.309     32.680  30.824800     9.1437      6.729   332.3728 5.9749e+00     2.8995      3.964      5.750    22.1562 0.0000e+00
      4.044      0.015     6.3895     73.328     32.680  30.824905     9.1572      6.730   332.4463 5.9713e+00     2.9299      3.966      5.752    22.1559 0.0000e+00
      4.048      0.019     6.3863     73.357     32.682  30.826063     9.1498      6.730   332.4821 5.9768e+00     2.8813      3.969      5.756    22.1561 0.0000e+00
      4.053      0.023     6.3866     73.393     32.696  30.838801     9.1454      6.730   332.5472 5.9675e+00     2.8248      3.974      5.764    22.1565 0.0000e+00
      4.060      0.028     6.3909     73.411     32.711  30.852051     9.1710      6.731   332.6307 5.9410e+00     2.8278      3.981      5.775    22.1566 0.0000e+00
      4.069      0.032     6.3908     73.402     32.719  30.859405     9.2005      6.733   332.5460 5.8969e+00     2.8488      3.990      5.788    22.1555 0.0000e+00
      4.077      0.035     6.3936     73.377     32.724  30.864279     9.2113      6.734   332.3835 5.8366e+00     2.9078      3.998      5.799    22.1543 0.0000e+00
      4.087      0.037     6.3982     73.341     32.706  30.847552     9.1606      6.735   332.3871 5.7839e+00     2.9267      4.007      5.812    22.1537 0.0000e+00
      4.097      0.038     6.3997     73.301     32.706  30.847462     9.0699      6.735   332.4173 5.7414e+00     2.8713      4.017      5.827    22.1533 0.0000e+00
      4.107      0.039     6.3988     73.272     32.723  30.863193     9.0225      6.734   332.4046 5.6837e+00     2.8541      4.026      5.841    22.1530 0.0000e+00
      4.118      0.039     6.3962     73.266     32.706  30.847453     9.0284      6.734   332.4911 5.6196e+00     2.8893      4.038      5.857    22.1530 0.0000e+00
      4.128      0.038     6.3935     73.290     32.707  30.847440     9.1581      6.735   332.6032 5.5607e+00     2.9211      4.049      5.872    22.1532 0.0000e+00
      4.137      0.037     6.3885     73.324     32.724  30.863038     9.3750      6.735   332.6408 5.4730e+00     2.8971      4.057      5.884    22.1531 0.0000e+00
      4.146      0.035     6.3867     73.332     32.706  30.845747     9.4778      6.735   332.6880 5.3555e+00     2.8379      4.066      5.898    22.1530 0.0000e+00
      4.155      0.032     6.3850     73.304     32.688  30.828680     9.4773      6.735   332.7438 5.2385e+00     2.8207      4.075      5.910    22.1527 0.0000e+00
      4.163      0.027     6.3879     73.252     32.708  30.846980     9.3698      6.736   332.7132 5.1174e+00     2.8598      4.082      5.920    22.1520 0.0000e+00
      4.171      0.023     6.3931     73.210     32.740  30.876708     9.1594      6.736   332.6627 4.9744e+00     2.9004      4.091      5.933    22.1514 0.0000e+00
      4.177      0.018     6.3931     73.188     32.734  30.870942     9.0396      6.736   332.6484 4.8185e+00     2.9016      4.097      5.944    22.1510 0.0000e+00
      4.180      0.014     6.3915     73.173     32.702  30.840706     9.0200      6.735   332.6264 4.6640e+00     2.8740      4.099      5.946    22.1499 0.0000e+00
      4.181      0.010     6.3850     73.153     32.689  30.828291     9.1058      6.735   332.6554 4.5085e+00     2.8746      4.100      5.947    22.1488 0.0000e+00
      4.182      0.008     6.3813     73.120     32.710  30.847697     9.2868      6.736   332.7405 4.3685e+00     2.9095      4.101      5.948    22.1485 0.0000e+00
      4.183      0.007     6.3802     73.080     32.750  30.885052     9.3765      6.736   332.7953 4.2591e+00     2.8857      4.101      5.948    22.1485 0.0000e+00
      4.185      0.007     6.3788     73.067     32.765  30.899339     9.3743      6.737   332.7155 4.1834e+00     2.8255      4.103      5.953    22.1487 0.0000e+00
      4.187      0.007     6.3777     73.087     32.759  30.893573     9.3600      6.738   332.5498 4.1560e+00     2.8315      4.106      5.956    22.1486 0.0000e+00
      4.189      0.008     6.3748     73.111     32.743  30.878767     9.3374      6.738   332.5129 4.1746e+00     2.8899      4.108      5.959    22.1482 0.0000e+00
      4.191      0.009     6.3698     73.131     32.710  30.847188     9.3256      6.738   332.6138 4.2316e+00     2.9164      4.110      5.961    22.1477 0.0000e+00
      4.193      0.010     6.3682     73.136     32.691  30.828925     9.3255      6.740   332.7373 4.3230e+00     2.8789      4.112      5.963    22.1475 0.0000e+00
      4.195      0.013     6.3721     73.126     32.712  30.848250     9.3197      6.741   332.8011 4.4371e+00     2.8797      4.114      5.966    22.1473 0.0000e+00
      4.198      0.015     6.3735     73.131     32.757  30.890548     9.2472      6.740   332.6976 4.5494e+00     2.9258      4.115      5.968    22.1471 0.0000e+00
      4.203      0.017     6.3757     73.147     32.763  30.896301     9.1149      6.740   332.5180 4.6264e+00     2.9239      4.119      5.975    22.1471 0.0000e+00
      4.209      0.019     6.3771     73.164     32.720  30.854375     9.0356      6.740   332.4361 4.6472e+00     2.8916      4.128      5.988    22.1469 0.0000e+00
      4.214      0.022     6.3737     73.186     32.693  30.827663     9.0211      6.741   332.4822 4.6327e+00     2.8427      4.133      5.995    22.1469 0.0000e+00
      4.218      0.026     6.3751     73.206     32.694  30.827053     9.0640      6.741   332.5588 4.6085e+00     2.8449      4.137      6.000    22.1463 0.0000e+00
      4.223      0.028     6.3775     73.222     32.717  30.847003     9.1542      6.742   332.5025 4.5529e+00     2.9182      4.142      6.006    22.1452 0.0000e+00
      4.231      0.029     6.3777     73.215     32.752  30.878581     9.2052      6.743   332.4032 4.4857e+00     2.9436      4.148      6.017    22.1442 0.0000e+00
      4.241      0.031     6.3814     73.165     32.766  30.891686     9.2052      6.743   332.3909 4.4532e+00     2.9119      4.160      6.034    22.1424 0.0000e+00
      4.251      0.032     6.3823     73.088     32.752  30.878581     9.1128      6.742   332.3530 4.4477e+00     2.8774      4.170      6.047    22.1395 0.0000e+00
      4.259      0.031     6.3853     73.014     32.718  30.846994     8.9452      6.742   332.2895 4.4675e+00     2.9015      4.176      6.057    22.1367 0.0000e+00
      4.267      0.028     6.3860     72.969     32.695  30.826940     8.8692      6.741   332.2257 4.5389e+00     2.9647      4.185      6.069    22.1347 0.0000e+00
      4.274      0.025     6.3806     72.956     32.694  30.826420     8.8679      6.741   332.0984 4.6417e+00     2.9246      4.194      6.082    22.1340 0.0000e+00
      4.279      0.024     6.3732     72.978     32.709  30.840709     8.8377      6.741   332.1272 4.7082e+00     2.8261      4.197      6.087    22.1342 0.0000e+00
      4.283      0.024     6.3654     73.028     32.745  30.872843     8.7947      6.741   332.3156 4.7212e+00     2.7993      4.200      6.091    22.1356 0.0000e+00
      4.288      0.024     6.3615     73.064     32.776  30.897769     8.7810      6.742   332.3109 4.7070e+00     2.8391      4.205      6.099    22.1375 0.0000e+00
      4.294      0.024     6.3602     73.058     32.775  30.888339     8.7890      6.742   332.1562 4.6614e+00     2.8974      4.210      6.106    22.1383 0.0000e+00
      4.303      0.023     6.3616     73.033     32.782  30.885688     8.7919      6.742   332.0793 4.5813e+00     2.9238      4.220      6.119    22.1389 0.0000e+00
      4.312      0.022     6.3680     72.982     32.839  30.929141     8.8489      6.743   331.9833 4.5089e+00     2.9193      4.231      6.135    22.1385 0.0000e+00
      4.317      0.021     6.3737     72.868     32.894  30.969675     8.9620      6.743   331.8567 4.4734e+00     2.9109      4.235      6.142    22.1311 0.0000e+00
