Data/DataNotYetUploadedToEDI/Raw_CTD/RawDownloads/091823_fcr50_S8188002.cnv
* Sea-Bird SBE19plus  Data File:
* FileName = C:\R\Reservoirs\Data\DataNotYetUploadedToEDI\Raw_CTD\RawDownloads\091823_bvr50_S8188_0002.hex
* Software version 2.8.0.119
* Temperature SN = 8188
* Conductivity SN = 8188
* System UpLoad Time = Sep 22 2023 13:13:41
* <ApplicationData>
* <Seaterm232>
# nquan = 16
# nvalues = 1080                        
# units = specified
# name 0 = depFM: Depth [fresh water, m]
# name 1 = dz/dtM: Descent Rate [m/s]
# name 2 = sbeox0Mg/L: Oxygen, SBE 43 [mg/l]
# name 3 = sbeox0PS: Oxygen, SBE 43 [% saturation]
# name 4 = specc: Specific Conductance [uS/cm]
# name 5 = c0uS/cm: Conductivity [uS/cm]
# name 6 = wetCDOM: Fluorescence, WET Labs CDOM [mg/m^3]
# name 7 = flECO-AFL: Fluorescence, WET Labs ECO-AFL/FL [mg/m^3]
# name 8 = flECO-AFL1: Fluorescence, WET Labs ECO-AFL/FL, 2 [mg/m^3]
# name 9 = flECO-AFL2: Fluorescence, WET Labs ECO-AFL/FL, 3 [mg/m^3]
# name 10 = par/sat/log: PAR/Logarithmic, Satlantic
# name 11 = turbWETntu0: Turbidity, WET Labs ECO [NTU]
# name 12 = prdM: Pressure, Strain Gauge [db]
# name 13 = prdE: Pressure, Strain Gauge [psi]
# name 14 = tv290C: Temperature [ITS-90, deg C]
# name 15 = flag:  0.000e+00
# span 0 =     -0.703,      9.332       
# span 1 =     -0.278,      0.183       
# span 2 =    -0.3418,     6.0823       
# span 3 =     -3.533,     68.345       
# span 4 =      0.580,    138.038       
# span 5 =   0.534672, 102.062180       
# span 6 =    -4.5000,     7.4700       
# span 7 =    -0.2490,    48.6180       
# span 8 =    -2.1300,     1.5336       
# span 9 =    -2.0304,    18.2736       
# span 10 = 1.1592e-01, 1.3066e+03      
# span 11 =    -0.5136,   385.7008      
# span 12 =     -0.690,      9.152      
# span 13 =     -1.000,     13.274      
# span 14 =    11.9575,    22.0192      
# span 15 = 0.0000e+00, 0.0000e+00      
# interval = seconds: 0.25
# start_time = Sep 18 2023 13:17:15 [Instrument's time stamp, header]
# bad_flag = -9.990e-29
*END*
[from data line 181]
      0.195      0.073     4.8759     54.031     43.180  40.592576     3.7800     2.6655     0.0426     3.5955 9.7763e+01     3.6949      0.192      0.277    22.0000 0.0000e+00
      0.213      0.070     4.8449     53.507     43.174  40.587360     3.7800     2.6693     0.0852     3.5109 9.4238e+01     3.7249      0.209      0.303    22.0000 0.0000e+00
      0.230      0.068     4.8079     53.039     43.179  40.591164     3.7800     2.6731     0.0852     3.5109 9.1633e+01     3.5897      0.226      0.326    21.9998 0.0000e+00
      0.246      0.066     4.7679     52.653     43.185  40.597078     3.7800     2.6426     0.0852     3.5109 8.6374e+01     3.8752      0.242      0.350    21.9994 0.0000e+00
      0.262      0.064     4.7236     52.358     43.182  40.594793     3.7800     2.6502     0.0852     3.5109 8.2736e+01     3.8602      0.258      0.373    21.9991 0.0000e+00
      0.279      0.063     4.6778     52.147     43.175  40.587662     3.7800     2.6540     0.0852     3.5109 7.3848e+01     3.9504      0.274      0.397    21.9988 0.0000e+00
      0.295      0.062     4.6369     51.988     43.168  40.581706     3.7800     2.6502     0.0426     3.5109 7.4996e+01     3.8903      0.290      0.420    21.9986 0.0000e+00
      0.311      0.061     4.6032     51.836     43.161  40.575338     3.7800     2.7379     0.0426     3.5109 7.2104e+01     3.9654      0.305      0.443    21.9984 0.0000e+00
      0.327      0.060     4.5774     51.677     43.156  40.570822     3.7800     2.7036     0.0426     3.5109 7.3784e+01     3.7851      0.320      0.465    21.9984 0.0000e+00
      0.342      0.058     4.5589     51.510     43.151  40.566953     3.7800     2.7036     0.0426     3.5109 7.3464e+01     3.8752      0.335      0.486    21.9985 0.0000e+00
      0.356      0.057     4.5449     51.334     43.142  40.558738     3.7800     2.7265     0.0852     3.5955 7.3480e+01     3.8903      0.349      0.507    21.9988 0.0000e+00
      0.370      0.055     4.5317     51.146     43.134  40.551909     3.7800     2.7227     0.0852     3.5955 7.1542e+01     3.8151      0.363      0.527    21.9991 0.0000e+00
      0.384      0.054     4.5177     50.929     43.135  40.552571     3.7800     2.7151     0.0852     3.5955 7.0677e+01     3.8903      0.377      0.547    21.9996 0.0000e+00
      0.398      0.053     4.5031     50.719     43.139  40.556937     3.7800     2.7456     0.0852     3.5955 6.8202e+01     3.8301      0.390      0.566    22.0001 0.0000e+00
      0.411      0.052     4.4877     50.525     43.140  40.558248     3.7800     2.7112     0.0852     3.5532 6.6519e+01     3.8301      0.403      0.585    22.0007 0.0000e+00
      0.424      0.051     4.4711     50.279     43.134  40.552891     3.7800     2.7646     0.0852     3.5532 6.4638e+01     3.8452      0.416      0.604    22.0012 0.0000e+00
      0.437      0.050     4.4522     49.973     43.120  40.539437     3.7800     2.7685     0.0852     3.5532 6.3442e+01     3.9354      0.429      0.622    22.0016 0.0000e+00
      0.450      0.049     4.4338     49.638     43.101  40.522224     3.7800     2.7723     0.0852     3.5532 5.9619e+01     3.8452      0.441      0.640    22.0020 0.0000e+00
      0.462      0.049     4.4168     49.259     43.091  40.512509     3.7800     2.7494     0.0852     3.6378 6.1114e+01     3.8001      0.453      0.657    22.0024 0.0000e+00
      0.474      0.049     4.3953     48.846     43.095  40.515625     3.7800     2.9706     0.0852     3.6378 5.7133e+01     3.8301      0.466      0.675    22.0027 0.0000e+00
      0.487      0.048     4.3685     48.436     43.105  40.524479     3.7800     2.9439     0.0852     3.6378 5.7895e+01     3.8602      0.478      0.693    22.0029 0.0000e+00
      0.499      0.048     4.3391     48.063     43.111  40.529547     3.7800     2.9592     0.0852     3.6378 5.5433e+01     3.9354      0.490      0.710    22.0030 0.0000e+00
      0.511      0.047     4.3060     47.780     43.110  40.528217     3.7800     2.9592     0.0852     3.6378 5.6712e+01     3.7851      0.501      0.727    22.0028 0.0000e+00
      0.523      0.046     4.2700     47.603     43.102  40.520134     3.8700     2.8638     0.0852     3.5955 5.4989e+01     4.1157      0.513      0.744    22.0023 0.0000e+00
      0.535      0.045     4.2342     47.482     43.089  40.507106     3.8700     2.8867     0.0852     3.5955 5.5001e+01     4.1307      0.525      0.761    22.0016 0.0000e+00
      0.546      0.044     4.2017     47.428     43.071  40.489619     3.8700     2.8905     0.0852     3.5955 5.4077e+01     4.0556      0.536      0.777    22.0009 0.0000e+00
      0.558      0.042     4.1770     47.448     43.051  40.470936     3.8700     2.8638     0.0852     3.5955 5.2354e+01     4.0857      0.547      0.793    22.0002 0.0000e+00
      0.568      0.041     4.1616     47.447     43.046  40.465883     3.7800     2.8905     0.0852     3.5955 5.1890e+01     4.1157      0.558      0.809    21.9996 0.0000e+00
      0.579      0.040     4.1511     47.390     43.059  40.477075     3.7800     2.9134     0.0852     3.5955 5.1923e+01     4.0105      0.568      0.823    21.9989 0.0000e+00
      0.589      0.039     4.1464     47.315     43.072  40.487687     3.7800     2.8867     0.0852     3.5955 5.1766e+01     4.0406      0.577      0.837    21.9984 0.0000e+00
      0.598      0.039     4.1481     47.250     43.074  40.488662     3.7800     2.8791     0.0852     3.5955 5.0807e+01     4.0706      0.586      0.850    21.9980 0.0000e+00
      0.608      0.039     4.1481     47.205     43.066  40.480261     3.7800     2.8181     0.0426     3.5109 5.1128e+01     4.0706      0.596      0.864    21.9974 0.0000e+00
      0.617      0.039     4.1431     47.200     43.054  40.468166     3.7800     2.8409     0.0426     3.5109 5.0543e+01     4.0406      0.605      0.878    21.9964 0.0000e+00
      0.628      0.040     4.1367     47.264     43.048  40.461040     3.7800     2.8219     0.0426     3.5109 5.0236e+01     4.0406      0.615      0.892    21.9951 0.0000e+00
      0.638      0.041     4.1312     47.356     43.044  40.456980     3.7800     2.8257     0.0426     3.5109 4.8562e+01     4.0706      0.625      0.907    21.9936 0.0000e+00
      0.649      0.042     4.1274     47.426     43.038  40.450944     3.7800     2.8219     0.0852     3.6801 4.7860e+01     4.0255      0.636      0.922    21.9922 0.0000e+00
      0.659      0.042     4.1271     47.471     43.037  40.449245     3.7800     2.8295     0.0852     3.6801 4.7015e+01     4.1007      0.646      0.938    21.9910 0.0000e+00
      0.670      0.043     4.1327     47.470     43.043  40.455391     3.7800     2.8448     0.0852     3.6801 4.5765e+01     4.0556      0.657      0.953    21.9900 0.0000e+00
      0.681      0.043     4.1408     47.449     43.047  40.459137     3.7800     2.8409     0.0852     3.6801 4.5251e+01     4.1458      0.668      0.969    21.9893 0.0000e+00
      0.692      0.043     4.1470     47.449     43.048  40.461480     3.7800     2.8448     0.0852     3.6801 4.5290e+01     4.1608      0.679      0.984    21.9888 0.0000e+00
      0.703      0.044     4.1510     47.443     43.057  40.470969     3.8700     2.8142     0.0852     3.5955 4.5064e+01     4.0706      0.689      1.000    21.9885 0.0000e+00
      0.714      0.044     4.1508     47.411     43.068  40.482212     3.8700     2.8219     0.0852     3.5955 4.5458e+01     4.1157      0.700      1.016    21.9887 0.0000e+00
      0.725      0.045     4.1490     47.375     43.076  40.490282     3.8700     2.8181     0.0852     3.5955 4.5211e+01     4.0556      0.711      1.032    21.9893 0.0000e+00
      0.737      0.046     4.1489     47.344     43.082  40.497331     3.8700     3.0813     0.0852     3.5955 4.5369e+01     4.1608      0.722      1.048    21.9902 0.0000e+00
      0.749      0.046     4.1483     47.310     43.085  40.501277     3.8700     3.0775     0.1278     3.5532 4.5211e+01     4.0857      0.734      1.065    21.9912 0.0000e+00
      0.761      0.046     4.1454     47.292     43.083  40.499211     3.8700     3.0889     0.1278     3.5532 4.4009e+01     4.0706      0.746      1.082    21.9924 0.0000e+00
      0.774      0.046     4.1421     47.287     43.078  40.494543     3.8700     3.0660     0.1278     3.5532 4.3610e+01     4.1007      0.758      1.100    21.9937 0.0000e+00
      0.786      0.045     4.1394     47.283     43.073  40.489991     3.8700     3.0164     0.1278     3.5532 4.2074e+01     4.0556      0.770      1.118    21.9949 0.0000e+00
      0.797      0.044     4.1363     47.325     43.067  40.484340     3.8700     3.0012     0.0852     3.5955 4.2607e+01     4.1157      0.782      1.134    21.9958 0.0000e+00
      0.808      0.042     4.1347     47.398     43.063  40.480047     3.8700     2.9935     0.0852     3.5955 4.1755e+01     3.9203      0.792      1.149    21.9963 0.0000e+00
      0.818      0.041     4.1342     47.432     43.060  40.475965     3.8700     3.0126     0.0852     3.5955 4.2284e+01     4.0857      0.802      1.163    21.9965 0.0000e+00
      0.828      0.040     4.1339     47.453     43.051  40.467045     3.8700     2.9478     0.0852     3.5955 4.1241e+01     4.0406      0.812      1.177    21.9965 0.0000e+00
      0.838      0.040     4.1376     47.513     43.035  40.450908     3.8700     2.9439     0.0852     3.5955 3.9849e+01     4.1307      0.822      1.192    21.9962 0.0000e+00
      0.849      0.038     4.1440     47.620     43.015  40.431174     3.8700     2.9630     0.0852     3.6378 3.9590e+01     4.1307      0.832      1.207    21.9956 0.0000e+00
      0.859      0.036     4.1470     47.787     43.003  40.418428     3.8700     2.9592     0.0852     3.6378 3.7931e+01     4.0857      0.843      1.222    21.9947 0.0000e+00
      0.869      0.034     4.1490     48.022     42.999  40.413234     3.8700     2.9592     0.0852     3.6378 3.8030e+01     4.0857      0.852      1.236    21.9935 0.0000e+00
      0.878      0.030     4.1544     48.278     42.998  40.410245     3.8700     2.9439     0.0852     3.6378 3.7521e+01     4.0556      0.860      1.248    21.9921 0.0000e+00
      0.885      0.027     4.1638     48.505     42.998  40.408664     3.8700     2.9592     0.0852     3.7647 3.8747e+01     4.1458      0.867      1.258    21.9907 0.0000e+00
      0.890      0.025     4.1785     48.741     42.999  40.408068     3.8700     2.9554     0.0852     3.7647 3.9401e+01     4.1157      0.873      1.267    21.9892 0.0000e+00
      0.895      0.024     4.1992     48.974     42.996  40.404337     3.8700     3.0126     0.0852     3.7647 4.0136e+01     3.9203      0.878      1.274    21.9875 0.0000e+00
      0.900      0.025     4.2217     49.160     42.985  40.392514     3.8700     3.0508     0.0852     3.7647 4.1592e+01     3.8151      0.883      1.280    21.9856 0.0000e+00
      0.905      0.028     4.2417     49.347     42.974  40.381332     3.7800     2.9935     0.0852     3.5955 4.2211e+01     3.9354      0.888      1.288    21.9836 0.0000e+00
      0.912      0.032     4.2625     49.537     42.972  40.379695     3.7800     2.9897     0.0852     3.5955 4.2119e+01     3.7851      0.895      1.298    21.9818 0.0000e+00
      0.921      0.036     4.2831     49.700     42.972  40.379242     3.7800     2.9249     0.0852     3.5955 4.1484e+01     3.8452      0.903      1.311    21.9804 0.0000e+00
      0.932      0.041     4.2994     49.812     42.973  40.379853     3.7800     2.9516     0.0852     3.5955 4.0284e+01     3.8301      0.914      1.325    21.9794 0.0000e+00
      0.943      0.045     4.3158     49.829     42.984  40.389614     3.8700     2.9668     0.0426     3.5955 3.9814e+01     3.8452      0.925      1.342    21.9787 0.0000e+00
      0.956      0.049     4.3324     49.793     42.995  40.399242     3.8700     2.9554     0.0426     3.5955 3.9162e+01     3.8903      0.937      1.359    21.9782 0.0000e+00
      0.969      0.052     4.3467     49.715     42.995  40.399420     3.8700     3.0660     0.0426     3.5955 3.9043e+01     4.1458      0.950      1.378    21.9779 0.0000e+00
      0.982      0.054     4.3566     49.520     42.995  40.398118     3.8700     3.0660     0.0426     3.5955 3.9060e+01     4.1758      0.963      1.397    21.9775 0.0000e+00
      0.997      0.055     4.3581     49.253     43.001  40.402913     3.8700     3.0736     0.0426     3.5955 3.7051e+01     4.1608      0.977      1.417    21.9770 0.0000e+00
      1.012      0.056     4.3550     48.990     43.010  40.411121     3.8700     3.0813     0.0852     3.7224 3.6160e+01     4.0105      0.992      1.439    21.9764 0.0000e+00
      1.027      0.055     4.3482     48.729     43.018  40.417008     3.8700     3.1423     0.0852     3.7224 3.5537e+01     4.1307      1.007      1.460    21.9758 0.0000e+00
      1.041      0.055     4.3313     48.515     43.021  40.418181     3.8700     3.1232     0.0852     3.7224 3.5100e+01     4.1157      1.021      1.480    21.9750 0.0000e+00
      1.054      0.053     4.3080     48.382     43.023  40.418916     3.8700     3.1309     0.0852     3.7224 3.5069e+01     4.0857      1.034      1.499    21.9740 0.0000e+00
      1.067      0.052     4.2851     48.276     43.029  40.423369     3.8700     3.1385     0.0852     3.7647 3.5391e+01     4.1007      1.047      1.518    21.9727 0.0000e+00
      1.080      0.051     4.2624     48.185     43.036  40.428767     3.8700     3.4360     0.0852     3.7647 3.4940e+01     4.0857      1.059      1.536    21.9712 0.0000e+00
      1.093      0.050     4.2438     48.122     43.037  40.428625     3.8700     3.4170     0.0852     3.7647 3.4963e+01     4.0406      1.072      1.555    21.9697 0.0000e+00
      1.106      0.049     4.2323     48.069     43.028  40.418943     3.8700     3.4208     0.0852     3.7647 3.4902e+01     4.1758      1.085      1.573    21.9682 0.0000e+00
      1.119      0.048     4.2231     48.003     43.014  40.405062     3.8700     3.4437     0.0852     3.8493 3.4963e+01     4.0857      1.097      1.591    21.9668 0.0000e+00
      1.131      0.046     4.2152     47.890     43.009  40.399130     3.8700     3.3941     0.0852     3.8493 3.4577e+01     4.1608      1.109      1.608    21.9655 0.0000e+00
      1.142      0.044     4.2098     47.763     43.015  40.403526     3.8700     3.3941     0.0852     3.8493 3.4487e+01     4.1157      1.121      1.625    21.9642 0.0000e+00
      1.154      0.043     4.2053     47.672     43.020  40.407537     3.8700     3.3826     0.0852     3.8493 3.3775e+01     4.1758      1.132      1.641    21.9630 0.0000e+00
      1.164      0.041     4.1996     47.591     43.018  40.404308     3.8700     3.3864     0.0852     3.8070 3.4465e+01     4.0857      1.142      1.656    21.9619 0.0000e+00
      1.174      0.039     4.1898     47.504     43.012  40.396941     3.8700     3.2949     0.0852     3.8070 3.3959e+01     4.0706      1.151      1.670    21.9606 0.0000e+00
      1.183      0.038     4.1788     47.454     42.999  40.383469     3.8700     3.3216     0.0852     3.8070 3.3945e+01     4.0857      1.161      1.683    21.9593 0.0000e+00
      1.192      0.037     4.1710     47.431     42.980  40.364263     3.8700     3.3292     0.0852     3.8070 3.4645e+01     4.2059      1.169      1.696    21.9578 0.0000e+00
      1.202      0.037     4.1641     47.390     42.970  40.354011     3.8700     3.3216     0.0852     3.8070 3.3687e+01     4.0857      1.178      1.709    21.9563 0.0000e+00
      1.211      0.037     4.1566     47.351     42.972  40.353942     3.8700     3.6001     0.0852     3.7224 3.5161e+01     4.0406      1.188      1.722    21.9546 0.0000e+00
      1.220      0.037     4.1523     47.335     42.975  40.356112     3.8700     3.5657     0.0852     3.7224 3.4510e+01     4.0857      1.197      1.735    21.9531 0.0000e+00
      1.230      0.037     4.1503     47.321     42.986  40.365062     3.8700     3.5696     0.0852     3.7224 3.6160e+01     4.0706      1.206      1.749    21.9517 0.0000e+00
