Data/DataNotYetUploadedToEDI/Raw_CTD/RawDownloads/091922_fcr50_S7809003.cnv
* Sea-Bird SBE19plus  Data File:
* FileName = C:\R\Reservoirs\Data\DataNotYetUploadedToEDI\Raw_CTD\RawDownloads\091922_bvr50_S7809_0003.hex
* Software version 2.8.0.119
* Temperature SN = 7809
* Conductivity SN = 7809
* System UpLoad Time = Sep 19 2022 15:55:13
* <ApplicationData>
* <Seaterm232>
# nquan = 15
# nvalues = 1722                        
# units = specified
# name 0 = depFM: Depth [fresh water, m]
# name 1 = dz/dtM: Descent Rate [m/s]
# name 2 = sbeox0Mg/L: Oxygen, SBE 43 [mg/l]
# name 3 = sbeox0PS: Oxygen, SBE 43 [% saturation]
# name 4 = specc: Specific Conductance [uS/cm]
# name 5 = c0uS/cm: Conductivity [uS/cm]
# name 6 = flECO-AFL: Fluorescence, WET Labs ECO-AFL/FL [mg/m^3]
# name 7 = ph: pH
# name 8 = orp: Oxidation Reduction Potential [mV]
# name 9 = par/sat/log: PAR/Logarithmic, Satlantic
# name 10 = turbWETntu0: Turbidity, WET Labs ECO [NTU]
# name 11 = prdM: Pressure, Strain Gauge [db]
# name 12 = prdE: Pressure, Strain Gauge [psi]
# name 13 = tv290C: Temperature [ITS-90, deg C]
# name 14 = flag:  0.000e+00
# span 0 =     -0.649,      9.498       
# span 1 =     -0.285,      0.224       
# span 2 =     0.0306,     6.8589       
# span 3 =      0.315,     81.692       
# span 4 =      0.878,    467.978       
# span 5 =   0.891621, 345.328146       
# span 6 =    -1.2657,   227.5285       
# span 7 =      5.945,      8.093       
# span 8 =   128.4925,  1240.2295       
# span 9 = 1.2351e-01, 1.6470e+03       
# span 10 =    -0.8251,   254.8053      
# span 11 =     -0.637,      9.316      
# span 12 =     -0.924,     13.511      
# span 13 =    11.8929,    25.7521      
# span 14 = 0.0000e+00, 0.0000e+00      
# interval = seconds: 0.25
# start_time = Sep 19 2022 09:20:52 [Instrument's time stamp, header]
# bad_flag = -9.990e-29
*END*
[from data line 1061]
      5.878      0.049     0.1453      1.336     64.782  47.919492     1.7145      6.844   166.7016 1.2373e-01    55.7460      5.765      8.362    11.9840 0.0000e+00
      5.885      0.049     0.1434      1.326     64.782  47.918357     1.7186      6.842   167.2393 1.2371e-01    55.8105      5.768      8.365    11.9844 0.0000e+00
      5.900      0.049     0.1443      1.317     64.753  47.894236     1.7286      6.841   167.4998 1.2370e-01    55.9062      5.784      8.388    11.9829 0.0000e+00
      5.919      0.051     0.1447      1.308     64.738  47.881641     1.7350      6.840   167.4428 1.2368e-01    56.0156      5.808      8.423    11.9821 0.0000e+00
      5.932      0.056     0.1441      1.295     64.753  47.892977     1.7376      6.838   167.7538 1.2371e-01    56.0399      5.821      8.442    11.9825 0.0000e+00
      5.939      0.058     0.1430      1.287     64.767  47.904401     1.7357      6.837   168.5936 1.2372e-01    56.0291      5.822      8.445    11.9818 0.0000e+00
      5.950      0.055     0.1414      1.272     64.749  47.892863     1.7032      6.835   168.9928 1.2374e-01    56.1918      5.830      8.455    11.9793 0.0000e+00
      5.973      0.051     0.1421      1.257     64.734  47.880380     1.6530      6.835   168.7084 1.2383e-01    56.4705      5.857      8.495    11.9786 0.0000e+00
      5.995      0.050     0.1383      1.259     64.736  47.880371     1.6202      6.835   168.1662 1.2388e-01    56.5636      5.886      8.537    11.9781 0.0000e+00
      6.005      0.049     0.1397      1.256     64.751  47.892748     1.6143      6.834   168.2014 1.2383e-01    56.4973      5.892      8.544    11.9792 0.0000e+00
      6.007      0.045     0.1376      1.238     64.763  47.903132     1.6315      6.833   168.9622 1.2378e-01    56.2845      5.887      8.537    11.9819 0.0000e+00
      6.015      0.040     0.1338      1.231     64.733  47.879019     1.6525      6.831   169.4496 1.2377e-01    55.9720      5.896      8.552    11.9795 0.0000e+00
      6.029      0.035     0.1364      1.236     64.703  47.855003     1.6778      6.830   169.4481 1.2375e-01    55.8612      5.914      8.578    11.9774 0.0000e+00
      6.041      0.033     0.1363      1.231     64.721  47.866550     1.6961      6.829   169.2881 1.2372e-01    55.8676      5.926      8.594    11.9795 0.0000e+00
      6.050      0.031     0.1327      1.236     64.758  47.891731     1.6824      6.828   169.3223 1.2371e-01    55.8095      5.934      8.607    11.9808 0.0000e+00
      6.056      0.028     0.1313      1.231     64.779  47.905660     1.6613      6.827   169.6889 1.2371e-01    55.7052      5.940      8.616    11.9795 0.0000e+00
      6.061      0.028     0.1353      1.196     64.784  47.908061     1.6571      6.827   170.0216 1.2369e-01    55.5974      5.944      8.622    11.9776 0.0000e+00
      6.065      0.032     0.1312      1.194     64.801  47.920751     1.6653      6.827   170.0753 1.2365e-01    55.5655      5.948      8.626    11.9765 0.0000e+00
      6.069      0.040     0.1331      1.220     64.815  47.932194     1.6775      6.827   169.8217 1.2361e-01    55.5925      5.950      8.629    11.9746 0.0000e+00
      6.079      0.046     0.1361      1.210     64.797  47.919514     1.6960      6.826   169.6231 1.2359e-01    55.5821      5.958      8.641    11.9724 0.0000e+00
      6.097      0.049     0.1261      1.184     64.764  47.894343     1.7150      6.825   169.9106 1.2358e-01    55.5079      5.977      8.669    11.9714 0.0000e+00
      6.118      0.049     0.1267      1.181     64.749  47.881663     1.7156      6.823   170.2001 1.2357e-01    55.4811      6.001      8.704    11.9719 0.0000e+00
      6.134      0.049     0.1344      1.186     64.765  47.893095     1.7201      6.822   170.3704 1.2363e-01    55.5317      6.020      8.732    11.9741 0.0000e+00
      6.141      0.049     0.1312      1.186     64.784  47.905662     1.7433      6.821   170.2490 1.2370e-01    55.5732      6.024      8.738    11.9745 0.0000e+00
      6.145      0.047     0.1256      1.184     64.787  47.906710     1.7551      6.821   169.5923 1.2370e-01    55.5725      6.023      8.736    11.9734 0.0000e+00
      6.155      0.048     0.1277      1.167     64.786  47.905765     1.7380      6.820   169.3134 1.2371e-01    55.5235      6.033      8.751    11.9724 0.0000e+00
      6.172      0.053     0.1282      1.160     64.767  47.894228     1.7204      6.818   169.7174 1.2374e-01    55.4585      6.054      8.780    11.9714 0.0000e+00
      6.187      0.058     0.1271      1.162     64.762  47.894133     1.7414      6.818   170.2608 1.2376e-01    55.4696      6.070      8.803    11.9705 0.0000e+00
      6.202      0.059     0.1296      1.149     64.777  47.904620     1.7831      6.817   170.0324 1.2378e-01    55.5562      6.080      8.818    11.9695 0.0000e+00
      6.220      0.055     0.1247      1.135     64.767  47.894124     1.8001      6.817   169.1070 1.2377e-01    55.6172      6.098      8.845    11.9689 0.0000e+00
      6.240      0.048     0.1241      1.131     64.771  47.894114     1.7899      6.817   168.9662 1.2373e-01    55.5915      6.123      8.880    11.9706 0.0000e+00
      6.253      0.039     0.1271      1.135     64.786  47.904506     1.7507      6.816   169.5338 1.2368e-01    55.4848      6.136      8.900    11.9754 0.0000e+00
      6.258      0.033     0.1230      1.135     64.771  47.892866     1.6924      6.815   169.5177 1.2363e-01    55.3860      6.137      8.900    11.9754 0.0000e+00
      6.260      0.028     0.1225      1.131     64.755  47.880271     1.6679      6.814   168.8570 1.2362e-01    55.3538      6.139      8.903    11.9709 0.0000e+00
      6.264      0.027     0.1211      1.126     64.754  47.879127     1.6788      6.814   168.4295 1.2367e-01    55.3685      6.143      8.909    11.9684 0.0000e+00
      6.268      0.029     0.1233      1.115     64.753  47.879022     1.6826      6.813   168.5649 1.2372e-01    55.3585      6.145      8.912    11.9680 0.0000e+00
      6.277      0.033     0.1223      1.103     64.751  47.879013     1.6896      6.811   168.8584 1.2369e-01    55.4375      6.153      8.925    11.9680 0.0000e+00
      6.291      0.037     0.1218      1.088     64.749  47.879021     1.7133      6.811   169.0531 1.2367e-01    55.6415      6.170      8.949    11.9673 0.0000e+00
      6.303      0.041     0.1224      1.084     64.747  47.879125     1.7276      6.811   169.1123 1.2374e-01    55.7409      6.184      8.969    11.9669 0.0000e+00
      6.312      0.045     0.1193      1.078     64.744  47.880270     1.7380      6.810   168.9717 1.2382e-01    55.7849      6.190      8.978    11.9678 0.0000e+00
      6.320      0.048     0.1202      1.070     64.759  47.892855     1.7479      6.809   168.8162 1.2382e-01    55.7640      6.195      8.985    11.9694 0.0000e+00
      6.332      0.051     0.1158      1.075     64.776  47.904392     1.7381      6.810   169.1246 1.2379e-01    55.6249      6.208      9.004    11.9700 0.0000e+00
      6.347      0.055     0.1172      1.075     64.761  47.892866     1.7198      6.810   169.6896 1.2379e-01    55.5378      6.225      9.029    11.9707 0.0000e+00
      6.363      0.059     0.1170      1.061     64.741  47.880394     1.7177      6.809   169.7972 1.2369e-01    55.5645      6.240      9.049    11.9739 0.0000e+00
      6.380      0.061     0.1136      1.046     64.738  47.880498     1.7215      6.808   169.6517 1.2358e-01    55.7431      6.256      9.074    11.9763 0.0000e+00
      6.397      0.062     0.1169      1.041     64.758  47.894125     1.6992      6.807   169.4783 1.2357e-01    55.9555      6.275      9.101    11.9740 0.0000e+00
      6.412      0.061     0.1161      1.035     64.796  47.918258     1.6729      6.807   169.6790 1.2363e-01    56.0141      6.289      9.121    11.9721 0.0000e+00
      6.427      0.057     0.1146      1.025     64.804  47.918477     1.6698      6.807   170.4444 1.2367e-01    56.0422      6.302      9.138    11.9759 0.0000e+00
      6.442      0.052     0.1119      1.010     64.782  47.896758     1.6784      6.807   170.8172 1.2362e-01    56.3628      6.318      9.163    11.9782 0.0000e+00
      6.458      0.047     0.1125      0.994     64.804  47.909458     1.6854      6.807   170.4867 1.2359e-01    56.9190      6.334      9.187    11.9769 0.0000e+00
      6.469      0.044     0.1118      1.002     64.854  47.945127     1.6794      6.806   169.9757 1.2365e-01    57.1990      6.346      9.204    11.9745 0.0000e+00
      6.476      0.041     0.1105      1.024     64.859  47.947310     1.6718      6.804   170.2310 1.2370e-01    57.1521      6.350      9.211    11.9692 0.0000e+00
      6.482      0.039     0.1098      1.029     64.845  47.935859     1.6603      6.802   171.1643 1.2370e-01    56.9326      6.354      9.216    11.9640 0.0000e+00
      6.493      0.038     0.1055      1.019     64.842  47.933570     1.6326      6.801   171.4513 1.2373e-01    56.6295      6.367      9.234    11.9614 0.0000e+00
      6.506      0.039     0.1073      1.013     64.822  47.919632     1.6196      6.801   171.1203 1.2373e-01    56.5273      6.381      9.256    11.9607 0.0000e+00
      6.516      0.039     0.1115      1.005     64.788  47.894244     1.6194      6.801   171.1204 1.2368e-01    56.5512      6.390      9.267    11.9598 0.0000e+00
      6.524      0.038     0.1121      0.989     64.771  47.880409     1.6046      6.800   171.6249 1.2366e-01    56.4059      6.397      9.277    11.9586 0.0000e+00
      6.534      0.037     0.1090      0.978     64.771  47.879255     1.5910      6.799   172.0577 1.2374e-01    56.1369      6.407      9.292    11.9588 0.0000e+00
      6.544      0.035     0.1097      0.966     64.773  47.880295     1.5960      6.799   172.0512 1.2385e-01    56.0310      6.418      9.308    11.9598 0.0000e+00
      6.553      0.033     0.1090      0.950     64.791  47.892975     1.6154      6.799   171.9763 1.2379e-01    56.0823      6.427      9.321    11.9599 0.0000e+00
      6.561      0.031     0.1061      0.942     64.809  47.905665     1.6254      6.798   171.8405 1.2363e-01    56.0741      6.434      9.331    11.9588 0.0000e+00
      6.569      0.031     0.1055      0.946     64.811  47.906819     1.6345      6.796   171.6130 1.2365e-01    56.0684      6.442      9.343    11.9571 0.0000e+00
      6.576      0.033     0.1048      0.949     64.811  47.906924     1.6585      6.795   171.7211 1.2375e-01    56.1500      6.450      9.355    11.9565 0.0000e+00
      6.581      0.036     0.1019      0.949     64.811  47.906942     1.6667      6.794   171.9431 1.2375e-01    56.2410      6.452      9.358    11.9562 0.0000e+00
      6.588      0.040     0.1007      0.933     64.812  47.907037     1.6582      6.795   171.7164 1.2373e-01    56.2810      6.457      9.366    11.9558 0.0000e+00
      6.601      0.042     0.1028      0.917     64.813  47.908077     1.6804      6.796   171.1313 1.2369e-01    56.1894      6.473      9.387    11.9561 0.0000e+00
      6.617      0.044     0.1017      0.926     64.827  47.919519     1.7272      6.795   170.8907 1.2361e-01    56.0211      6.492      9.415    11.9566 0.0000e+00
      6.630      0.046     0.1035      0.938     64.825  47.918469     1.7416      6.794   170.9583 1.2362e-01    55.9205      6.504      9.433    11.9560 0.0000e+00
      6.639      0.047     0.1012      0.939     64.792  47.895387     1.7300      6.794   171.0890 1.2369e-01    55.9295      6.510      9.442    11.9554 0.0000e+00
      6.649      0.045     0.0967      0.930     64.788  47.894233     1.7110      6.794   171.0083 1.2370e-01    55.9927      6.520      9.456    11.9559 0.0000e+00
      6.660      0.043     0.1002      0.912     64.800  47.904520     1.6869      6.794   170.4985 1.2369e-01    56.0355      6.531      9.472    11.9573 0.0000e+00
      6.673      0.043     0.1019      0.912     64.778  47.892869     1.6803      6.793   170.2588 1.2365e-01    56.0369      6.544      9.491    11.9571 0.0000e+00
      6.686      0.043     0.1009      0.914     64.753  47.880272     1.6803      6.793   170.4334 1.2365e-01    55.9749      6.559      9.512    11.9580 0.0000e+00
      6.696      0.042     0.1019      0.896     64.743  47.879114     1.6713      6.793   170.6310 1.2370e-01    55.9702      6.567      9.525    11.9595 0.0000e+00
      6.704      0.040     0.0965      0.887     64.738  47.878880     1.6624      6.793   170.5827 1.2365e-01    56.0479      6.573      9.533    11.9596 0.0000e+00
      6.715      0.038     0.0980      0.892     64.736  47.877445     1.6642      6.791   170.3659 1.2362e-01    56.0602      6.584      9.549    11.9628 0.0000e+00
      6.727      0.037     0.1009      0.902     64.719  47.861764     1.6772      6.790   170.3331 1.2369e-01    56.0504      6.599      9.571    11.9688 0.0000e+00
      6.737      0.038     0.0949      0.903     64.659  47.816169     1.6932      6.790   170.4438 1.2369e-01    56.1007      6.609      9.585    11.9739 0.0000e+00
      6.743      0.039     0.0956      0.892     64.599  47.770328     1.7080      6.790   170.5858 1.2363e-01    56.1557      6.611      9.589    11.9772 0.0000e+00
      6.750      0.039     0.0957      0.889     64.580  47.751662     1.7155      6.790   170.6741 1.2364e-01    56.1692      6.616      9.596    11.9777 0.0000e+00
      6.763      0.039     0.0975      0.896     64.541  47.717368     1.7245      6.789   170.6508 1.2371e-01    56.1954      6.632      9.618    11.9733 0.0000e+00
      6.776      0.042     0.0986      0.898     64.486  47.672938     1.7345      6.789   170.6482 1.2374e-01    56.2341      6.647      9.641    11.9720 0.0000e+00
      6.785      0.045     0.0953      0.876     64.472  47.658602     1.7289      6.788   170.6423 1.2370e-01    56.2613      6.655      9.652    11.9733 0.0000e+00
      6.794      0.046     0.0956      0.855     64.492  47.670934     1.7226      6.787   170.8382 1.2363e-01    56.2844      6.661      9.661    11.9687 0.0000e+00
      6.807      0.045     0.0963      0.860     64.526  47.695135     1.7256      6.787   171.2089 1.2362e-01    56.2741      6.674      9.680    11.9634 0.0000e+00
      6.822      0.044     0.0987      0.862     64.527  47.697410     1.7306      6.787   171.1670 1.2368e-01    56.2737      6.691      9.704    11.9607 0.0000e+00
      6.834      0.043     0.0948      0.857     64.527  47.698449     1.7419      6.787   170.9343 1.2375e-01    56.3139      6.703      9.721    11.9579 0.0000e+00
      6.844      0.043     0.0896      0.860     64.539  47.707698     1.7460      6.787   170.9763 1.2378e-01    56.3164      6.711      9.734    11.9554 0.0000e+00
      6.854      0.044     0.0940      0.856     64.505  47.682338     1.7301      6.786   171.2440 1.2371e-01    56.2699      6.722      9.750    11.9550 0.0000e+00
      6.863      0.045     0.0933      0.840     64.456  47.645623     1.7163      6.785   171.5902 1.2361e-01    56.2638      6.732      9.764    11.9563 0.0000e+00
      6.871      0.048     0.0914      0.834     64.458  47.644478     1.7128      6.785   171.8068 1.2366e-01    56.6522      6.735      9.768    11.9571 0.0000e+00
      6.883      0.051     0.0933      0.832     64.493  47.668496     1.7035      6.785   171.7114 1.2372e-01    57.3796      6.746      9.786    11.9572 0.0000e+00
      6.902      0.055     0.0933      0.825     64.514  47.682216     1.6961      6.785   171.5558 1.2373e-01    57.7484      6.770      9.819    11.9578 0.0000e+00
      6.920      0.056     0.0897      0.829     64.515  47.683463     1.6896      6.786   171.7321 1.2378e-01    57.7297      6.789      9.846    11.9575 0.0000e+00
      6.932      0.055     0.0895      0.833     64.512  47.683576     1.6824      6.786   172.0365 1.2378e-01    57.3246      6.797      9.858    11.9553 0.0000e+00
