Data/DataNotYetUploadedToEDI/Raw_CTD/RawDownloads/091922_bvr50_S7809002.cnv
* Sea-Bird SBE19plus  Data File:
* FileName = C:\R\Reservoirs\Data\DataNotYetUploadedToEDI\Raw_CTD\RawDownloads\091922_bvr50_S7809_0002.hex
* Software version 2.8.0.119
* Temperature SN = 7809
* Conductivity SN = 7809
* System UpLoad Time = Sep 19 2022 15:54:28
* <ApplicationData>
* <Seaterm232>
# nquan = 15
# nvalues = 2134                        
# units = specified
# name 0 = depFM: Depth [fresh water, m]
# name 1 = dz/dtM: Descent Rate [m/s]
# name 2 = sbeox0Mg/L: Oxygen, SBE 43 [mg/l]
# name 3 = sbeox0PS: Oxygen, SBE 43 [% saturation]
# name 4 = specc: Specific Conductance [uS/cm]
# name 5 = c0uS/cm: Conductivity [uS/cm]
# name 6 = flECO-AFL: Fluorescence, WET Labs ECO-AFL/FL [mg/m^3]
# name 7 = ph: pH
# name 8 = orp: Oxidation Reduction Potential [mV]
# name 9 = par/sat/log: PAR/Logarithmic, Satlantic
# name 10 = turbWETntu0: Turbidity, WET Labs ECO [NTU]
# name 11 = prdM: Pressure, Strain Gauge [db]
# name 12 = prdE: Pressure, Strain Gauge [psi]
# name 13 = tv290C: Temperature [ITS-90, deg C]
# name 14 = flag:  0.000e+00
# span 0 =     -0.725,      7.456       
# span 1 =     -0.301,      0.308       
# span 2 =     0.0189,     7.1324       
# span 3 =      0.200,     82.823       
# span 4 =      0.239,    266.850       
# span 5 =   0.224155, 187.660270       
# span 6 =    -0.7078,   193.2532       
# span 7 =      5.900,      9.792       
# span 8 = -1240.7455,   381.1311       
# span 9 = 1.2362e-01, 1.7038e+03       
# span 10 =    -3.6087,    23.1068      
# span 11 =     -0.715,      7.313      
# span 12 =     -1.037,     10.607      
# span 13 =    10.1345,    22.8489      
# span 14 = 0.0000e+00, 0.0000e+00      
# interval = seconds: 0.25
# start_time = Sep 19 2022 07:07:13 [Instrument's time stamp, header]
# bad_flag = -9.990e-29
*END*
[from data line 290]
      0.791      0.015     5.8370     68.227     30.002  28.707861     9.6046      9.769   144.6022 2.7952e+01     2.9695      0.776      1.125    22.8426 0.0000e+00
      0.792      0.014     5.8495     68.368     29.968  28.676083     9.5953      9.769   144.6727 2.8012e+01     2.9406      0.777      1.126    22.8410 0.0000e+00
      0.796      0.014     5.8638     68.486     29.970  28.679329     9.5775      9.769   144.7764 2.8037e+01     2.9302      0.780      1.131    22.8409 0.0000e+00
      0.801      0.014     5.8633     68.495     29.975  28.683720     9.5136      9.769   144.8241 2.8064e+01     2.9469      0.786      1.140    22.8389 0.0000e+00
      0.805      0.014     5.8658     68.456     29.956  28.665788     9.3979      9.769   144.9054 2.8083e+01     2.9713      0.791      1.147    22.8368 0.0000e+00
      0.809      0.014     5.8825     68.426     29.941  28.652683     9.3275      9.770   145.0713 2.8114e+01     2.9860      0.794      1.151    22.8384 0.0000e+00
      0.813      0.013     5.8975     68.444     29.940  28.652047     9.3201      9.770   145.1948 2.8189e+01     3.0221      0.797      1.156    22.8411 0.0000e+00
      0.816      0.012     5.8927     68.552     29.946  28.658095     9.3248      9.769   145.2802 2.8294e+01     3.0317      0.800      1.161    22.8415 0.0000e+00
      0.818      0.011     5.8890     68.738     29.950  28.662418     9.3258      9.768   145.2440 2.8412e+01     2.9662      0.802      1.164    22.8411 0.0000e+00
      0.821      0.010     5.8853     68.959     29.928  28.640938     9.3236      9.768   145.2734 2.8509e+01     2.8795      0.806      1.168    22.8425 0.0000e+00
      0.825      0.010     5.8845     69.210     29.874  28.588542     9.3227      9.768   145.4630 2.8650e+01     2.8366      0.809      1.173    22.8433 0.0000e+00
      0.827      0.011     5.8945     69.467     29.820  28.536005     9.3649      9.768   145.5565 2.8820e+01     2.8569      0.811      1.176    22.8433 0.0000e+00
      0.828      0.012     5.9130     69.672     29.797  28.512822     9.4522      9.768   145.7158 2.8925e+01     2.8521      0.811      1.177    22.8436 0.0000e+00
      0.831      0.014     5.9312     69.878     29.784  28.498400     9.4956      9.768   146.0130 2.9018e+01     2.7788      0.814      1.181    22.8434 0.0000e+00
      0.836      0.015     5.9525     70.180     29.774  28.488407     9.4980      9.768   146.1385 2.9117e+01     2.7563      0.820      1.189    22.8427 0.0000e+00
      0.840      0.017     5.9794     70.492     29.805  28.518773     9.5562      9.768   146.0285 2.9203e+01     2.8529      0.824      1.196    22.8422 0.0000e+00
      0.845      0.018     5.9945     70.612     29.835  28.548623     9.6674      9.769   145.8879 2.9306e+01     2.9906      0.828      1.200    22.8400 0.0000e+00
      0.850      0.018     6.0072     70.487     29.817  28.532375     9.7351      9.770   145.9014 2.9432e+01     3.0209      0.833      1.208    22.8365 0.0000e+00
      0.854      0.018     6.0363     70.187     29.797  28.512476     9.7423      9.770   146.0192 2.9560e+01     2.9807      0.838      1.215    22.8360 0.0000e+00
      0.858      0.018     6.0725     69.773     29.782  28.498197     9.7797      9.770   146.1072 2.9688e+01     3.0157      0.841      1.220    22.8382 0.0000e+00
      0.862      0.018     6.0831     69.278     29.769  28.486497     9.8619      9.770   146.1918 2.9842e+01     3.0685      0.846      1.227    22.8394 0.0000e+00
      0.867      0.018     6.0688     68.734     29.781  28.497790     9.9047      9.771   146.2676 2.9996e+01     3.0732      0.850      1.233    22.8390 0.0000e+00
      0.872      0.018     6.0417     68.196     29.792  28.507960     9.9053      9.772   146.3356 3.0133e+01     3.0380      0.854      1.239    22.8389 0.0000e+00
      0.877      0.018     6.0049     67.740     29.766  28.482698     9.9019      9.773   146.4113 3.0262e+01     2.9852      0.860      1.247    22.8399 0.0000e+00
      0.882      0.018     5.9619     67.433     29.728  28.445902     9.9149      9.773   146.4954 3.0378e+01     2.9468      0.865      1.254    22.8401 0.0000e+00
      0.886      0.017     5.9129     67.243     29.725  28.443379     9.9453      9.773   146.5779 3.0493e+01     2.9158      0.870      1.261    22.8397 0.0000e+00
      0.890      0.016     5.8652     67.135     29.734  28.452192     9.9532      9.773   146.6340 3.0607e+01     2.8827      0.873      1.266    22.8393 0.0000e+00
      0.893      0.016     5.8219     67.165     29.707  28.425683     9.9346      9.773   146.6576 3.0704e+01     2.8546      0.876      1.270    22.8388 0.0000e+00
      0.897      0.015     5.7980     67.435     29.656  28.376417     9.8630      9.774   146.6051 3.0808e+01     2.8827      0.881      1.277    22.8386 0.0000e+00
      0.901      0.015     5.7838     67.907     29.642  28.363626     9.7455      9.774   146.6013 3.0923e+01     2.9837      0.884      1.283    22.8385 0.0000e+00
      0.905      0.014     5.7720     68.327     29.677  28.397792     9.6869      9.774   146.7837 3.1025e+01     3.0857      0.888      1.288    22.8385 0.0000e+00
      0.909      0.014     5.7713     68.574     29.690  28.409192     9.6794      9.773   146.9176 3.1135e+01     3.1247      0.892      1.294    22.8373 0.0000e+00
      0.913      0.014     5.7920     68.722     29.655  28.374682     9.6797      9.773   146.9291 3.1248e+01     3.1142      0.895      1.298    22.8370 0.0000e+00
      0.916      0.013     5.8462     68.790     29.640  28.360862     9.6982      9.773   147.0953 3.1378e+01     3.0602      0.898      1.302    22.8390 0.0000e+00
      0.919      0.013     5.8859     68.763     29.648  28.368863     9.7124      9.772   147.2065 3.1500e+01     2.9848      0.902      1.308    22.8385 0.0000e+00
      0.923      0.013     5.9011     68.708     29.623  28.344652     9.7184      9.772   147.0700 3.1550e+01     2.9886      0.905      1.313    22.8354 0.0000e+00
      0.927      0.012     5.9151     68.706     29.599  28.321677     9.6703      9.772   146.9932 3.1575e+01     3.0378      0.909      1.318    22.8350 0.0000e+00
      0.929      0.012     5.9222     68.776     29.622  28.344629     9.5636      9.772   147.0520 3.1600e+01     3.0665      0.911      1.321    22.8367 0.0000e+00
      0.932      0.012     5.9171     68.924     29.647  28.368623     9.5018      9.772   147.1788 3.1600e+01     3.0963      0.913      1.325    22.8377 0.0000e+00
      0.935      0.012     5.9085     69.152     29.637  28.358231     9.4974      9.773   147.2361 3.1578e+01     3.0578      0.917      1.329    22.8369 0.0000e+00
      0.938      0.012     5.9096     69.428     29.623  28.345751     9.4526      9.774   147.1423 3.1533e+01     2.9760      0.920      1.334    22.8368 0.0000e+00
      0.942      0.011     5.9145     69.689     29.622  28.344504     9.3429      9.775   147.0767 3.1511e+01     2.9617      0.924      1.340    22.8380 0.0000e+00
      0.945      0.011     5.9274     69.911     29.621  28.343153     9.2693      9.774   147.0455 3.1480e+01     2.9871      0.927      1.344    22.8379 0.0000e+00
      0.947      0.012     5.9478     70.119     29.606  28.329418     9.2623      9.774   147.0233 3.1400e+01     3.0442      0.929      1.347    22.8373 0.0000e+00
      0.949      0.013     5.9739     70.284     29.581  28.305204     9.2823      9.774   146.9800 3.1351e+01     3.0714      0.930      1.349    22.8376 0.0000e+00
      0.952      0.013     5.9979     70.364     29.580  28.303936     9.3951      9.773   146.8659 3.1330e+01     2.9736      0.933      1.354    22.8382 0.0000e+00
      0.956      0.013     6.0139     70.380     29.591  28.314089     9.5939      9.773   146.8485 3.1283e+01     2.8528      0.938      1.360    22.8384 0.0000e+00
      0.961      0.012     6.0341     70.378     29.577  28.301194     9.7053      9.774   146.8563 3.1252e+01     2.8067      0.942      1.367    22.8381 0.0000e+00
      0.965      0.010     6.0501     70.359     29.550  28.274791     9.7185      9.774   146.6150 3.1191e+01     2.8259      0.947      1.373    22.8380 0.0000e+00
      0.967      0.008     6.0554     70.271     29.522  28.248397     9.7612      9.774   146.3395 3.1040e+01     2.8801      0.949      1.376    22.8383 0.0000e+00
      0.968      0.008     6.0557     70.146     29.509  28.235615     9.8386      9.774   146.3650 3.0860e+01     2.9493      0.949      1.377    22.8383 0.0000e+00
      0.968      0.008     6.0541     70.037     29.521  28.247024     9.8885      9.774   146.4939 3.0720e+01     3.0141      0.949      1.377    22.8376 0.0000e+00
      0.969      0.009     6.0569     69.893     29.535  28.259567     9.9067      9.774   146.5211 3.0610e+01     3.0481      0.949      1.377    22.8373 0.0000e+00
      0.971      0.011     6.0475     69.663     29.536  28.260501     9.9259      9.775   146.4358 3.0465e+01     3.0532      0.951      1.381    22.8374 0.0000e+00
      0.976      0.012     6.0327     69.372     29.534  28.258308     9.9463      9.775   146.2366 3.0294e+01     3.0420      0.957      1.389    22.8367 0.0000e+00
      0.981      0.014     6.0274     69.053     29.508  28.233058     9.9454      9.775   146.1775 3.0082e+01     3.0142      0.962      1.396    22.8361 0.0000e+00
      0.984      0.014     6.0165     68.683     29.482  28.208747     9.9398      9.775   146.3236 2.9831e+01     2.9903      0.965      1.400    22.8359 0.0000e+00
      0.987      0.014     5.9957     68.242     29.492  28.217915     9.9535      9.776   146.3688 2.9600e+01     2.9926      0.967      1.403    22.8358 0.0000e+00
      0.990      0.013     5.9688     67.783     29.491  28.217134     9.9614      9.777   146.3807 2.9346e+01     3.0085      0.971      1.408    22.8349 0.0000e+00
      0.995      0.013     5.9426     67.361     29.473  28.199304     9.9596      9.776   146.5528 2.9082e+01     3.0110      0.976      1.414    22.8344 0.0000e+00
      0.999      0.013     5.9128     66.969     29.466  28.192492     9.9573      9.776   146.7288 2.8857e+01     2.9890      0.981      1.422    22.8349 0.0000e+00
      1.002      0.013     5.8718     66.575     29.472  28.198158     9.9007      9.777   146.7012 2.8607e+01     2.9814      0.983      1.426    22.8350 0.0000e+00
      1.003      0.012     5.8301     66.163     29.479  28.204427     9.7992      9.777   146.3919 2.8404e+01     2.9881      0.983      1.426    22.8341 0.0000e+00
      1.006      0.010     5.7951     65.766     29.479  28.204898     9.7454      9.777   146.0859 2.8326e+01     2.9676      0.986      1.430    22.8331 0.0000e+00
      1.010      0.010     5.7620     65.397     29.478  28.203859     9.7322      9.776   146.0136 2.8221e+01     2.9385      0.991      1.439    22.8331 0.0000e+00
      1.013      0.011     5.7296     65.027     29.465  28.191862     9.7236      9.775   146.0331 2.8058e+01     2.9773      0.994      1.442    22.8339 0.0000e+00
      1.015      0.012     5.6918     64.628     29.460  28.186614     9.6911      9.775   146.1505 2.7950e+01     3.0615      0.995      1.443    22.8342 0.0000e+00
      1.016      0.012     5.6571     64.183     29.478  28.203797     9.6226      9.776   146.2283 2.7975e+01     3.1025      0.995      1.443    22.8342 0.0000e+00
      1.020      0.011     5.6273     63.738     29.484  28.209455     9.5782      9.777   146.1133 2.8084e+01     3.0968      1.000      1.450    22.8341 0.0000e+00
      1.025      0.011     5.5954     63.350     29.465  28.191639     9.5618      9.777   146.0502 2.8119e+01     3.0267      1.006      1.459    22.8340 0.0000e+00
      1.028      0.011     5.5628     62.999     29.451  28.178546     9.5820      9.778   146.0678 2.8070e+01     2.9725      1.009      1.464    22.8340 0.0000e+00
      1.030      0.011     5.5226     62.661     29.451  28.177921     9.6395      9.778   146.0687 2.8031e+01     2.9883      1.010      1.465    22.8339 0.0000e+00
      1.031      0.011     5.4812     62.363     29.457  28.184089     9.6658      9.778   146.1459 2.8091e+01     2.9783      1.010      1.464    22.8340 0.0000e+00
      1.033      0.012     5.4495     62.097     29.463  28.189738     9.6580      9.778   146.1409 2.8188e+01     2.9546      1.013      1.469    22.8340 0.0000e+00
      1.037      0.013     5.4214     61.873     29.456  28.182831     9.5455      9.778   146.0089 2.8223e+01     2.9751      1.017      1.475    22.8340 0.0000e+00
      1.040      0.014     5.3888     61.709     29.436  28.163963     9.3380      9.778   146.0122 2.8210e+01     3.0548      1.020      1.480    22.8337 0.0000e+00
      1.045      0.014     5.3654     61.574     29.424  28.151768     9.2305      9.778   146.0096 2.8138e+01     3.0638      1.024      1.486    22.8336 0.0000e+00
      1.050      0.013     5.3419     61.448     29.434  28.162150     9.2194      9.778   145.8905 2.8009e+01     2.9813      1.030      1.494    22.8338 0.0000e+00
      1.053      0.012     5.3207     61.330     29.435  28.162725     9.2451      9.778   145.8621 2.7792e+01     2.9807      1.034      1.499    22.8335 0.0000e+00
      1.055      0.011     5.3093     61.223     29.431  28.158723     9.3091      9.778   145.9253 2.7529e+01     3.0218      1.035      1.501    22.8333 0.0000e+00
      1.056      0.011     5.2976     61.125     29.451  28.177144     9.3428      9.778   145.9663 2.7325e+01     3.0340      1.036      1.503    22.8335 0.0000e+00
      1.058      0.010     5.2870     61.015     29.470  28.195289     9.3360      9.778   145.9278 2.7201e+01     3.0257      1.037      1.504    22.8333 0.0000e+00
      1.061      0.010     5.2766     60.898     29.462  28.187950     9.3190      9.778   145.7177 2.7164e+01     2.9896      1.041      1.509    22.8330 0.0000e+00
      1.066      0.011     5.2672     60.809     29.424  28.151798     9.3039      9.778   145.4904 2.7158e+01     2.9741      1.045      1.516    22.8328 0.0000e+00
      1.069      0.013     5.2598     60.738     29.410  28.138497     9.2945      9.778   145.5888 2.7117e+01     3.0086      1.048      1.522    22.8327 0.0000e+00
      1.071      0.015     5.2508     60.670     29.426  28.153903     9.2806      9.779   145.7893 2.7103e+01     3.0314      1.050      1.523    22.8324 0.0000e+00
      1.074      0.016     5.2383     60.661     29.420  28.147921     9.2695      9.780   145.6778 2.7158e+01     3.0102      1.052      1.525    22.8323 0.0000e+00
      1.079      0.016     5.2316     60.760     29.400  28.129553     9.2766      9.780   145.4454 2.7215e+01     2.9915      1.057      1.534    22.8329 0.0000e+00
      1.085      0.016     5.2268     60.919     29.392  28.121977     9.2995      9.781   145.3880 2.7233e+01     3.0103      1.064      1.544    22.8334 0.0000e+00
      1.091      0.017     5.2187     61.065     29.389  28.119705     9.3218      9.781   145.4142 2.7158e+01     3.0669      1.070      1.553    22.8330 0.0000e+00
      1.094      0.018     5.2147     61.168     29.370  28.102082     9.3138      9.781   145.4175 2.6999e+01     3.0953      1.073      1.556    22.8325 0.0000e+00
      1.096      0.018     5.2264     61.221     29.366  28.099061     9.2610      9.780   145.4279 2.6804e+01     3.0800      1.075      1.559    22.8326 0.0000e+00
      1.100      0.018     5.2423     61.214     29.415  28.146563     9.2070      9.780   145.4540 2.6544e+01     3.0522      1.077      1.563    22.8341 0.0000e+00
      1.105      0.017     5.2553     61.134     29.438  28.169323     9.1945      9.780   145.3887 2.6330e+01     3.0328      1.083      1.570    22.8360 0.0000e+00
      1.113      0.016     5.2643     61.032     29.388  28.120706     9.2086      9.781   145.2413 2.6234e+01     3.0504      1.091      1.583    22.8367 0.0000e+00
