Data/DataNotYetUploadedToEDI/Raw_CTD/RawDownloads/091922_fcr50_S7809003.cnv
* Sea-Bird SBE19plus  Data File:
* FileName = C:\R\Reservoirs\Data\DataNotYetUploadedToEDI\Raw_CTD\RawDownloads\091922_bvr50_S7809_0003.hex
* Software version 2.8.0.119
* Temperature SN = 7809
* Conductivity SN = 7809
* System UpLoad Time = Sep 19 2022 15:55:13
* <ApplicationData>
* <Seaterm232>
# nquan = 15
# nvalues = 1722                        
# units = specified
# name 0 = depFM: Depth [fresh water, m]
# name 1 = dz/dtM: Descent Rate [m/s]
# name 2 = sbeox0Mg/L: Oxygen, SBE 43 [mg/l]
# name 3 = sbeox0PS: Oxygen, SBE 43 [% saturation]
# name 4 = specc: Specific Conductance [uS/cm]
# name 5 = c0uS/cm: Conductivity [uS/cm]
# name 6 = flECO-AFL: Fluorescence, WET Labs ECO-AFL/FL [mg/m^3]
# name 7 = ph: pH
# name 8 = orp: Oxidation Reduction Potential [mV]
# name 9 = par/sat/log: PAR/Logarithmic, Satlantic
# name 10 = turbWETntu0: Turbidity, WET Labs ECO [NTU]
# name 11 = prdM: Pressure, Strain Gauge [db]
# name 12 = prdE: Pressure, Strain Gauge [psi]
# name 13 = tv290C: Temperature [ITS-90, deg C]
# name 14 = flag:  0.000e+00
# span 0 =     -0.649,      9.498       
# span 1 =     -0.285,      0.224       
# span 2 =     0.0306,     6.8589       
# span 3 =      0.315,     81.692       
# span 4 =      0.878,    467.978       
# span 5 =   0.891621, 345.328146       
# span 6 =    -1.2657,   227.5285       
# span 7 =      5.945,      8.093       
# span 8 =   128.4925,  1240.2295       
# span 9 = 1.2351e-01, 1.6470e+03       
# span 10 =    -0.8251,   254.8053      
# span 11 =     -0.637,      9.316      
# span 12 =     -0.924,     13.511      
# span 13 =    11.8929,    25.7521      
# span 14 = 0.0000e+00, 0.0000e+00      
# interval = seconds: 0.25
# start_time = Sep 19 2022 09:20:52 [Instrument's time stamp, header]
# bad_flag = -9.990e-29
*END*
[from data line 482]
      0.588      0.041     5.4655     62.599     38.235  36.688011     4.8190      8.086   188.0729 3.0044e+02     2.5386      0.576      0.834    22.9900 0.0000e+00
      0.598      0.041     5.4498     62.346     38.251  36.699635     4.8094      8.087   188.2149 3.0470e+02     2.6066      0.585      0.849    22.9839 0.0000e+00
      0.612      0.042     5.4199     62.170     38.268  36.713244     4.8218      8.088   188.5342 2.8305e+02     2.6288      0.601      0.872    22.9836 0.0000e+00
      0.625      0.042     5.3958     62.028     38.284  36.725719     4.8441      8.088   188.8371 2.5759e+02     2.6364      0.615      0.892    22.9804 0.0000e+00
      0.635      0.041     5.3714     61.831     38.288  36.723643     4.8796      8.088   188.8650 2.4456e+02     2.7327      0.623      0.904    22.9710 0.0000e+00
      0.644      0.038     5.3476     61.565     38.254  36.688129     4.9097      8.089   188.6135 2.3910e+02     2.8366      0.631      0.915    22.9648 0.0000e+00
      0.654      0.035     5.3341     61.300     38.243  36.676800     4.9329      8.090   188.4641 2.3329e+02     2.9020      0.641      0.929    22.9647 0.0000e+00
      0.663      0.034     5.3267     61.115     38.282  36.713496     4.9597      8.092   188.6927 2.2647e+02     2.9085      0.652      0.946    22.9608 0.0000e+00
      0.670      0.034     5.3107     61.009     38.323  36.751334     4.9926      8.092   188.9687 2.2319e+02     2.8470      0.658      0.955    22.9518 0.0000e+00
      0.676      0.034     5.2858     60.912     38.320  36.753809     5.0151      8.093   189.1333 2.2413e+02     2.8079      0.663      0.961    22.9453 0.0000e+00
      0.686      0.034     5.2595     60.802     38.301  36.743420     5.0233      8.093   189.3937 2.2342e+02     2.8107      0.671      0.973    22.9477 0.0000e+00
      0.697      0.034     5.2440     60.747     38.306  36.752568     5.0343      8.092   189.5349 2.1988e+02     2.8122      0.685      0.993    22.9476 0.0000e+00
      0.707      0.034     5.2387     60.783     38.286  36.737589     5.0395      8.092   189.2919 2.1820e+02     2.7921      0.696      1.009    22.9382 0.0000e+00
      0.713      0.033     5.2314     60.887     38.227  36.689146     5.0363      8.092   189.0374 2.1801e+02     2.7728      0.699      1.013    22.9477 0.0000e+00
      0.721      0.030     5.2156     61.139     38.202  36.674167     5.0370      8.091   189.2099 2.1592e+02     2.7836      0.706      1.024    22.9671 0.0000e+00
      0.731      0.028     5.2096     61.718     38.210  36.683313     5.0314      8.090   189.9158 2.1640e+02     2.8202      0.718      1.042    22.9684 0.0000e+00
      0.737      0.026     5.2154     62.580     38.203  36.672916     5.0018      8.088   190.8611 2.2063e+02     2.8060      0.723      1.049    22.9682 0.0000e+00
      0.742      0.025     5.2212     63.455     38.207  36.675278     4.9543      8.088   191.0886 2.1968e+02     2.6807      0.727      1.055    22.9832 0.0000e+00
      0.749      0.022     5.2315     64.157     38.245  36.711858     4.9148      8.088   190.6873 2.1324e+02     2.5351      0.734      1.065    23.0004 0.0000e+00
      0.755      0.021     5.2823     64.625     38.267  36.734727     4.9067      8.088   190.5688 2.0973e+02     2.5144      0.741      1.075    22.9984 0.0000e+00
      0.760      0.021     5.3702     64.843     38.219  36.698135     4.9468      8.088   190.9473 2.1062e+02     2.6006      0.746      1.081    22.9890 0.0000e+00
      0.763      0.023     5.4489     64.848     38.157  36.649927     5.0087      8.089   191.5629 2.1081e+02     2.6544      0.747      1.084    22.9911 0.0000e+00
      0.767      0.026     5.5109     64.746     38.165  36.659169     5.0315      8.089   191.9042 2.0954e+02     2.6194      0.751      1.089    22.9900 0.0000e+00
      0.774      0.028     5.5514     64.629     38.196  36.683059     5.0230      8.088   191.9762 2.0853e+02     2.5527      0.758      1.100    22.9878 0.0000e+00
      0.783      0.030     5.5686     64.543     38.202  36.685113     5.0221      8.087   191.9186 2.0673e+02     2.6334      0.767      1.113    23.0030 0.0000e+00
      0.793      0.031     5.5618     64.481     38.202  36.684002     5.0287      8.086   191.7235 2.0470e+02     2.8098      0.779      1.130    23.0267 0.0000e+00
      0.803      0.030     5.5503     64.401     38.186  36.669621     5.0362      8.086   191.6819 2.0460e+02     2.8743      0.789      1.145    23.0278 0.0000e+00
      0.811      0.029     5.5409     64.286     38.145  36.638059     5.0386      8.086   191.8450 2.0691e+02     2.8668      0.794      1.152    23.0113 0.0000e+00
      0.817      0.027     5.5334     64.129     38.118  36.619464     5.0317      8.085   192.0615 2.0674e+02     2.7873      0.800      1.160    23.0078 0.0000e+00
      0.822      0.027     5.5310     63.915     38.134  36.635042     5.0287      8.084   192.3202 2.0243e+02     2.6988      0.807      1.170    23.0068 0.0000e+00
      0.827      0.027     5.5240     63.679     38.142  36.636177     5.0349      8.084   192.4783 1.9823e+02     2.6852      0.810      1.174    23.0049 0.0000e+00
      0.833      0.028     5.5129     63.503     38.143  36.633175     5.0401      8.083   192.2521 1.9445e+02     2.6571      0.815      1.183    23.0181 0.0000e+00
      0.842      0.029     5.4985     63.374     38.175  36.662156     5.0332      8.082   191.9086 1.9184e+02     2.5987      0.826      1.198    23.0349 0.0000e+00
      0.851      0.030     5.4802     63.188     38.186  36.669509     4.9936      8.081   191.9385 1.9140e+02     2.5598      0.836      1.211    23.0316 0.0000e+00
      0.858      0.030     5.4569     62.891     38.179  36.658657     4.9438      8.080   192.1840 1.9167e+02     2.5966      0.842      1.220    23.0175 0.0000e+00
      0.866      0.030     5.4422     62.488     38.181  36.657772     4.9308      8.079   192.5528 1.9187e+02     2.6337      0.849      1.231    23.0155 0.0000e+00
      0.873      0.027     5.4369     61.993     38.182  36.658812     4.9368      8.078   192.9565 1.9242e+02     2.5985      0.856      1.242    23.0149 0.0000e+00
      0.881      0.024     5.4222     61.436     38.194  36.671227     4.9568      8.077   192.7630 1.9330e+02     2.5466      0.864      1.253    23.0085 0.0000e+00
      0.888      0.020     5.3968     60.856     38.204  36.681050     4.9908      8.075   192.1055 1.9463e+02     2.5178      0.873      1.266    23.0023 0.0000e+00
      0.893      0.016     5.3627     60.284     38.174  36.650756     5.0062      8.074   191.7180 1.9780e+02     2.5586      0.877      1.272    22.9984 0.0000e+00
      0.895      0.014     5.3189     59.779     38.146  36.622014     5.0173      8.072   191.8641 2.0135e+02     2.6293      0.878      1.273    22.9993 0.0000e+00
      0.896      0.014     5.2698     59.437     38.179  36.650587     5.0428      8.071   192.4089 2.0387e+02     2.6894      0.879      1.274    23.0005 0.0000e+00
      0.897      0.017     5.2194     59.284     38.209  36.679163     5.0643      8.070   192.5412 2.1002e+02     2.7730      0.879      1.275    23.0008 0.0000e+00
      0.900      0.021     5.1692     59.292     38.172  36.650456     5.0691      8.070   192.0869 2.1618e+02     2.8209      0.880      1.277    22.9994 0.0000e+00
      0.907      0.025     5.1217     59.556     38.139  36.620569     5.0764      8.070   191.9062 2.1452e+02     2.8243      0.888      1.286    22.9989 0.0000e+00
      0.918      0.029     5.0918     60.176     38.167  36.634874     5.1186      8.070   192.1632 2.1347e+02     2.8136      0.903      1.309    22.9920 0.0000e+00
      0.928      0.031     5.0829     61.023     38.182  36.633162     5.1718      8.068   192.4405 2.1764e+02     2.7950      0.912      1.322    22.9857 0.0000e+00
      0.935      0.031     5.0784     61.911     38.154  36.599837     5.1865      8.066   192.5063 2.1984e+02     2.8378      0.916      1.327    23.0023 0.0000e+00
      0.943      0.029     5.0926     62.813     38.169  36.612413     5.1802      8.066   192.6141 2.1769e+02     2.8870      0.924      1.340    23.0154 0.0000e+00
      0.951      0.027     5.1552     63.723     38.222  36.658390     5.1709      8.066   192.8834 2.1520e+02     2.8771      0.934      1.355    22.9887 0.0000e+00
      0.956      0.026     5.2393     64.472     38.215  36.648429     5.1571      8.065   192.9230 2.1703e+02     2.8560      0.939      1.362    22.9562 0.0000e+00
      0.961      0.025     5.3141     64.854     38.182  36.618801     5.1471      8.064   192.8353 2.2043e+02     2.8357      0.941      1.364    22.9567 0.0000e+00
      0.967      0.025     5.3891     64.872     38.179  36.617227     5.1415      8.064   192.9413 2.2027e+02     2.8370      0.947      1.374    22.9586 0.0000e+00
      0.975      0.027     5.4754     64.693     38.194  36.629402     5.1388      8.062   193.4306 2.2187e+02     2.9059      0.957      1.387    22.9467 0.0000e+00
      0.981      0.031     5.5485     64.377     38.206  36.639180     5.1391      8.060   194.0186 2.2507e+02     2.9855      0.963      1.396    22.9421 0.0000e+00
      0.987      0.033     5.5808     63.904     38.171  36.608625     5.1452      8.060   194.1149 2.2153e+02     2.9798      0.965      1.401    22.9483 0.0000e+00
      0.996      0.035     5.5735     63.425     38.137  36.577028     5.1467      8.059   194.0782 2.1664e+02     2.9402      0.975      1.415    22.9513 0.0000e+00
      1.009      0.035     5.5566     63.124     38.142  36.574210     5.1486      8.058   194.0912 2.1469e+02     2.9501      0.991      1.437    22.9453 0.0000e+00
      1.019      0.035     5.5354     63.011     38.156  36.574536     5.2436      8.056   194.0141 2.1255e+02     2.9972      1.000      1.451    22.9411 0.0000e+00
      1.027      0.035     5.4861     62.986     38.171  36.580958     5.4286      8.056   194.5225 2.1215e+02     2.9968      1.006      1.459    22.9496 0.0000e+00
      1.035      0.034     5.4372     62.949     38.184  36.588437     5.5380      8.056   195.4201 2.1343e+02     2.9448      1.015      1.473    22.9564 0.0000e+00
      1.044      0.032     5.4139     62.846     38.203  36.601540     5.5505      8.054   195.7467 2.1289e+02     2.9157      1.024      1.485    22.9411 0.0000e+00
      1.051      0.032     5.4100     62.657     38.220  36.612550     5.5890      8.053   195.6324 2.1017e+02     2.9179      1.030      1.494    22.9192 0.0000e+00
      1.059      0.033     5.4122     62.416     38.209  36.594727     5.6700      8.053   195.5004 2.0685e+02     2.9377      1.039      1.506    22.9114 0.0000e+00
      1.068      0.033     5.4107     62.204     38.199  36.576268     5.7060      8.052   195.5271 2.0385e+02     2.9507      1.048      1.520    22.9064 0.0000e+00
      1.076      0.032     5.4033     62.031     38.213  36.579591     5.7080      8.052   195.7840 2.0002e+02     2.9378      1.055      1.531    22.8978 0.0000e+00
      1.084      0.030     5.3875     61.828     38.215  36.571480     5.7191      8.053   196.1109 1.9785e+02     2.8848      1.062      1.541    22.8918 0.0000e+00
      1.093      0.030     5.3635     61.596     38.195  36.541590     5.7235      8.053   196.3829 1.9762e+02     2.8215      1.073      1.556    22.8839 0.0000e+00
      1.101      0.031     5.3457     61.394     38.197  36.535248     5.7284      8.052   196.5771 1.9582e+02     2.8213      1.080      1.566    22.8709 0.0000e+00
      1.106      0.032     5.3365     61.208     38.229  36.558203     5.7202      8.051   196.6516 1.9369e+02     2.8484      1.083      1.572    22.8577 0.0000e+00
      1.112      0.033     5.3204     60.978     38.245  36.565470     5.6987      8.051   196.4239 1.9008e+02     2.8415      1.089      1.580    22.8440 0.0000e+00
      1.122      0.034     5.2981     60.724     38.250  36.559693     5.6927      8.050   196.2327 1.8555e+02     2.8745      1.098      1.594    22.8288 0.0000e+00
      1.133      0.035     5.2829     60.518     38.255  36.551747     5.6980      8.048   196.4902 1.8321e+02     2.9742      1.112      1.614    22.8185 0.0000e+00
      1.143      0.035     5.2709     60.378     38.253  36.532792     5.7125      8.047   196.7840 1.8070e+02     3.0225      1.122      1.628    22.8106 0.0000e+00
      1.152      0.034     5.2511     60.231     38.258  36.520728     5.7272      8.047   196.9459 1.7596e+02     2.9796      1.128      1.636    22.7992 0.0000e+00
      1.160      0.031     5.2274     60.026     38.283  36.532684     5.7594      8.046   197.0719 1.7179e+02     2.9344      1.137      1.651    22.7875 0.0000e+00
      1.168      0.028     5.2100     59.763     38.309  36.550508     5.8279      8.045   196.7588 1.6904e+02     2.9196      1.147      1.663    22.7708 0.0000e+00
      1.174      0.026     5.2044     59.428     38.308  36.545982     5.8807      8.044   196.1713 1.6601e+02     2.9372      1.151      1.669    22.7450 0.0000e+00
      1.180      0.026     5.1958     59.050     38.305  36.541374     5.8976      8.042   196.0772 1.6291e+02     2.9767      1.157      1.679    22.7226 0.0000e+00
      1.186      0.027     5.1780     58.680     38.325  36.558206     5.9072      8.041   196.4816 1.6044e+02     2.9527      1.164      1.688    22.7062 0.0000e+00
      1.192      0.029     5.1586     58.329     38.329  36.559247     5.9226      8.041   196.9308 1.5826e+02     2.8857      1.169      1.694    22.6952 0.0000e+00
      1.199      0.031     5.1281     58.003     38.326  36.553953     5.9341      8.039   196.7772 1.5583e+02     2.8848      1.175      1.704    22.6946 0.0000e+00
      1.209      0.033     5.0936     57.753     38.331  36.557615     5.9381      8.038   196.0866 1.5345e+02     2.9421      1.185      1.719    22.6927 0.0000e+00
      1.219      0.035     5.0622     57.635     38.314  36.540112     5.9118      8.038   195.8085 1.5162e+02     2.9978      1.196      1.735    22.6880 0.0000e+00
      1.228      0.038     5.0324     57.685     38.314  36.532563     5.8493      8.036   195.9957 1.5022e+02     3.0112      1.204      1.746    22.6854 0.0000e+00
      1.237      0.040     5.0032     57.961     38.318  36.529738     5.8149      8.033   196.2848 1.4927e+02     2.9672      1.214      1.760    22.6819 0.0000e+00
      1.245      0.039     4.9782     58.446     38.287  36.505949     5.8287      8.032   196.6363 1.4863e+02     2.9437      1.220      1.769    22.6816 0.0000e+00
      1.257      0.038     4.9699     59.148     38.262  36.498584     5.8750      8.029   196.8903 1.4793e+02     2.9332      1.230      1.785    22.6825 0.0000e+00
      1.272      0.037     4.9699     60.191     38.259  36.504138     5.9342      8.027   197.0329 1.4764e+02     2.8741      1.252      1.815    22.6730 0.0000e+00
      1.281      0.037     4.9980     61.538     38.269  36.509700     5.9532      8.025   197.0693 1.4784e+02     2.8431      1.259      1.826    22.6509 0.0000e+00
      1.285      0.037     5.0414     62.901     38.264  36.502415     5.9386      8.023   196.8998 1.4822e+02     2.8326      1.260      1.827    22.6609 0.0000e+00
      1.292      0.034     5.0898     64.028     38.233  36.479459     5.9076      8.022   196.7910 1.4858e+02     2.8153      1.264      1.833    22.6969 0.0000e+00
      1.304      0.030     5.1799     64.934     38.231  36.485799     5.8608      8.020   197.2174 1.4881e+02     2.8383      1.277      1.852    22.7088 0.0000e+00
      1.316      0.029     5.3077     65.655     38.264  36.515675     5.8384      8.020   197.9250 1.4884e+02     2.8722      1.294      1.877    22.6968 0.0000e+00
      1.323      0.030     5.4380     66.037     38.281  36.523624     5.8290      8.019   198.2048 1.4884e+02     2.8497      1.299      1.884    22.6857 0.0000e+00
      1.326      0.032     5.5295     65.963     38.284  36.518475     5.8137      8.017   198.1050 1.4869e+02     2.8052      1.300      1.885    22.7017 0.0000e+00
