Data/DataNotYetUploadedToEDI/Raw_CTD/RawDownloads/091922_fcr50_S7809003.cnv
* Sea-Bird SBE19plus  Data File:
* FileName = C:\R\Reservoirs\Data\DataNotYetUploadedToEDI\Raw_CTD\RawDownloads\091922_bvr50_S7809_0003.hex
* Software version 2.8.0.119
* Temperature SN = 7809
* Conductivity SN = 7809
* System UpLoad Time = Sep 19 2022 15:55:13
* <ApplicationData>
* <Seaterm232>
# nquan = 15
# nvalues = 1722                        
# units = specified
# name 0 = depFM: Depth [fresh water, m]
# name 1 = dz/dtM: Descent Rate [m/s]
# name 2 = sbeox0Mg/L: Oxygen, SBE 43 [mg/l]
# name 3 = sbeox0PS: Oxygen, SBE 43 [% saturation]
# name 4 = specc: Specific Conductance [uS/cm]
# name 5 = c0uS/cm: Conductivity [uS/cm]
# name 6 = flECO-AFL: Fluorescence, WET Labs ECO-AFL/FL [mg/m^3]
# name 7 = ph: pH
# name 8 = orp: Oxidation Reduction Potential [mV]
# name 9 = par/sat/log: PAR/Logarithmic, Satlantic
# name 10 = turbWETntu0: Turbidity, WET Labs ECO [NTU]
# name 11 = prdM: Pressure, Strain Gauge [db]
# name 12 = prdE: Pressure, Strain Gauge [psi]
# name 13 = tv290C: Temperature [ITS-90, deg C]
# name 14 = flag:  0.000e+00
# span 0 =     -0.649,      9.498       
# span 1 =     -0.285,      0.224       
# span 2 =     0.0306,     6.8589       
# span 3 =      0.315,     81.692       
# span 4 =      0.878,    467.978       
# span 5 =   0.891621, 345.328146       
# span 6 =    -1.2657,   227.5285       
# span 7 =      5.945,      8.093       
# span 8 =   128.4925,  1240.2295       
# span 9 = 1.2351e-01, 1.6470e+03       
# span 10 =    -0.8251,   254.8053      
# span 11 =     -0.637,      9.316      
# span 12 =     -0.924,     13.511      
# span 13 =    11.8929,    25.7521      
# span 14 = 0.0000e+00, 0.0000e+00      
# interval = seconds: 0.25
# start_time = Sep 19 2022 09:20:52 [Instrument's time stamp, header]
# bad_flag = -9.990e-29
*END*
[from data line 964]
      4.682      0.034     0.1094      1.109     65.121  48.334330     4.0430      7.042   157.0687 3.0811e-01     8.5167      4.588      6.654    12.1285 0.0000e+00
      4.690      0.035     0.1111      1.135     65.126  48.325952     4.0650      7.041   156.8827 3.0926e-01     8.6833      4.598      6.669    12.1222 0.0000e+00
      4.700      0.040     0.1096      1.150     65.129  48.319998     4.0496      7.041   156.9122 3.0803e-01     8.7772      4.612      6.688    12.1156 0.0000e+00
      4.706      0.045     0.1145      1.160     65.132  48.325782     3.9741      7.040   156.9089 2.9577e-01     9.8564      4.615      6.693    12.1152 0.0000e+00
      4.716      0.049     0.1202      1.163     65.131  48.332444     3.8431      7.037   156.5849 2.7656e-01    11.8264      4.620      6.700    12.1106 0.0000e+00
      4.736      0.051     0.1224      1.166     65.138  48.337103     3.7725      7.035   156.2636 2.6280e-01    12.8862      4.643      6.734    12.0979 0.0000e+00
      4.757      0.052     0.1235      1.181     65.118  48.318654     3.7692      7.034   156.2933 2.6731e-01    13.0711      4.671      6.774    12.0874 0.0000e+00
      4.768      0.053     0.1253      1.193     65.092  48.299729     3.6199      7.032   156.5140 2.7541e-01    14.5404      4.678      6.785    12.0937 0.0000e+00
      4.774      0.052     0.1253      1.199     65.086  48.298652     3.3162      7.029   156.7817 2.5854e-01    17.2941      4.678      6.785    12.1054 0.0000e+00
      4.786      0.049     0.1243      1.209     65.089  48.305635     3.1429      7.027   156.8620 2.3502e-01    18.8336      4.692      6.805    12.1017 0.0000e+00
      4.802      0.048     0.1277      1.220     65.109  48.320715     3.1144      7.024   156.6242 2.3830e-01    19.2521      4.712      6.834    12.0957 0.0000e+00
      4.816      0.052     0.1284      1.229     65.077  48.290624     2.9544      7.022   156.4887 2.4892e-01    22.6617      4.724      6.852    12.0979 0.0000e+00
      4.828      0.057     0.1287      1.243     64.957  48.195602     2.6403      7.020   156.7717 2.3229e-01    28.9053      4.735      6.868    12.0999 0.0000e+00
      4.840      0.059     0.1299      1.257     64.857  48.123586     2.4543      7.019   157.2074 2.0908e-01    32.3338      4.745      6.882    12.1053 0.0000e+00
      4.855      0.059     0.1315      1.262     64.845  48.117871     2.4201      7.016   157.2824 2.0036e-01    32.9283      4.758      6.901    12.1088 0.0000e+00
      4.875      0.059     0.1320      1.282     64.860  48.126496     2.3188      7.013   157.0768 1.8570e-01    35.6826      4.781      6.934    12.0992 0.0000e+00
      4.893      0.058     0.1333      1.315     64.833  48.100964     2.1447      7.009   157.0442 1.8238e-01    40.6321      4.803      6.966    12.0905 0.0000e+00
      4.906      0.055     0.1365      1.335     64.794  48.062966     2.0471      7.006   157.3187 1.9612e-01    43.3088      4.812      6.980    12.0972 0.0000e+00
      4.918      0.050     0.1344      1.358     64.789  48.047769     2.0288      7.003   157.9858 1.8592e-01    43.5537      4.821      6.993    12.1016 0.0000e+00
      4.931      0.047     0.1368      1.384     64.799  48.044109     2.0223      7.001   158.7436 1.7239e-01    43.6953      4.837      7.015    12.0970 0.0000e+00
      4.942      0.046     0.1431      1.393     64.773  48.018701     2.0353      6.999   158.9956 1.7522e-01    44.2704      4.848      7.031    12.0944 0.0000e+00
      4.951      0.045     0.1429      1.401     64.741  47.994357     2.0695      6.995   158.7960 1.7752e-01    45.1102      4.856      7.042    12.0868 0.0000e+00
      4.961      0.042     0.1456      1.418     64.756  48.003575     2.0867      6.991   158.6533 1.8065e-01    45.4795      4.863      7.053    12.0768 0.0000e+00
      4.976      0.041     0.1504      1.435     64.764  48.003251     2.0767      6.988   158.9908 1.7135e-01    45.4569      4.880      7.077    12.0679 0.0000e+00
      4.990      0.042     0.1497      1.453     64.749  47.990428     2.0732      6.986   159.5212 1.5767e-01    45.4852      4.898      7.104    12.0610 0.0000e+00
      4.996      0.043     0.1501      1.469     64.726  47.975429     2.0779      6.983   159.6448 1.5742e-01    45.6168      4.901      7.109    12.0637 0.0000e+00
      5.001      0.042     0.1530      1.484     64.690  47.948808     2.0833      6.979   159.5391 1.5511e-01    45.7496      4.899      7.106    12.0642 0.0000e+00
      5.014      0.038     0.1542      1.512     64.660  47.922360     2.0891      6.976   159.6207 1.4561e-01    45.7589      4.914      7.128    12.0553 0.0000e+00
      5.032      0.035     0.1561      1.543     64.650  47.909451     2.1063      6.972   160.0289 1.4286e-01    45.5249      4.939      7.163    12.0540 0.0000e+00
      5.044      0.035     0.1587      1.562     64.670  47.919626     2.1489      6.968   160.6033 1.5100e-01    45.1746      4.950      7.179    12.0594 0.0000e+00
      5.048      0.035     0.1586      1.581     64.674  47.918472     2.1884      6.964   160.8868 1.5546e-01    45.0073      4.950      7.179    12.0586 0.0000e+00
      5.050      0.034     0.1622      1.592     64.641  47.895503     2.2098      6.961   160.8763 1.4807e-01    44.9029      4.950      7.180    12.0542 0.0000e+00
      5.055      0.033     0.1675      1.586     64.641  47.895711     2.2905      6.959   160.9923 1.4113e-01    43.6049      4.955      7.186    12.0507 0.0000e+00
      5.066      0.036     0.1674      1.585     64.684  47.920987     2.4243      6.958   161.2562 1.3518e-01    41.1672      4.966      7.203    12.0463 0.0000e+00
      5.081      0.041     0.1704      1.590     64.730  47.947304     2.4877      6.956   161.4005 1.2924e-01    39.8188      4.986      7.231    12.0406 0.0000e+00
      5.092      0.046     0.1728      1.595     64.752  47.960089     2.4909      6.953   161.4463 1.3263e-01    39.7691      4.996      7.246    12.0436 0.0000e+00
      5.100      0.046     0.1697      1.608     64.742  47.948656     2.4545      6.950   161.6371 1.3695e-01    40.1223      4.997      7.249    12.0483 0.0000e+00
      5.112      0.046     0.1704      1.604     64.732  47.935979     2.3803      6.947   161.7283 1.3269e-01    40.6732      5.011      7.268    12.0397 0.0000e+00
      5.128      0.046     0.1716      1.585     64.736  47.933702     2.3352      6.944   161.5171 1.2744e-01    40.9306      5.031      7.297    12.0307 0.0000e+00
      5.140      0.049     0.1705      1.579     64.718  47.921117     2.3163      6.942   161.4925 1.2508e-01    40.9800      5.043      7.314    12.0308 0.0000e+00
      5.148      0.049     0.1743      1.576     64.696  47.910714     2.2603      6.940   161.8605 1.2381e-01    41.7149      5.047      7.320    12.0290 0.0000e+00
      5.159      0.048     0.1738      1.563     64.725  47.934835     2.1653      6.937   162.0098 1.2370e-01    43.0523      5.055      7.332    12.0233 0.0000e+00
      5.177      0.050     0.1691      1.559     64.762  47.958957     2.1087      6.934   161.6624 1.2378e-01    43.7589      5.078      7.365    12.0174 0.0000e+00
      5.192      0.056     0.1705      1.597     64.750  47.948565     2.0914      6.933   161.5325 1.2382e-01    43.8031      5.098      7.394    12.0180 0.0000e+00
      5.199      0.061     0.1700      1.644     64.726  47.936083     2.0729      6.930   161.9013 1.2380e-01    43.9276      5.097      7.393    12.0259 0.0000e+00
      5.209      0.061     0.1687      1.664     64.717  47.934948     1.9846      6.928   162.3358 1.2376e-01    45.7095      5.100      7.397    12.0291 0.0000e+00
      5.233      0.060     0.1651      1.680     64.720  47.934845     1.8319      6.927   162.2259 1.2372e-01    49.0536      5.131      7.441    12.0239 0.0000e+00
      5.258      0.063     0.1713      1.689     64.727  47.934836     1.7571      6.925   161.6916 1.2371e-01    50.9180      5.165      7.491    12.0200 0.0000e+00
      5.271      0.067     0.1800      1.689     64.729  47.934845     1.7546      6.924   161.6406 1.2371e-01    51.1381      5.172      7.501    12.0269 0.0000e+00
      5.278      0.066     0.1777      1.686     64.729  47.934949     1.7685      6.921   162.0381 1.2374e-01    51.8863      5.170      7.499    12.0345 0.0000e+00
      5.296      0.059     0.1821      1.676     64.730  47.936094     1.8089      6.919   162.3684 1.2375e-01    53.3028      5.189      7.527    12.0299 0.0000e+00
      5.320      0.054     0.1820      1.671     64.748  47.948680     1.8438      6.918   162.5362 1.2369e-01    54.0892      5.221      7.571    12.0244 0.0000e+00
      5.338      0.051     0.1818      1.662     64.767  47.960226     1.8577      6.915   162.5187 1.2360e-01    54.1517      5.239      7.598    12.0247 0.0000e+00
      5.346      0.046     0.1823      1.643     64.757  47.948785     1.8434      6.911   162.5011 1.2363e-01    54.0255      5.243      7.605    12.0249 0.0000e+00
      5.352      0.041     0.1797      1.626     64.747  47.937240     1.8119      6.909   162.6672 1.2371e-01    53.7928      5.247      7.610    12.0251 0.0000e+00
      5.360      0.039     0.1802      1.632     64.767  47.947538     1.8019      6.908   162.9790 1.2375e-01    53.6603      5.257      7.624    12.0245 0.0000e+00
      5.369      0.045     0.1793      1.644     64.770  47.946387     1.7979      6.906   163.3452 1.2375e-01    53.6531      5.267      7.639    12.0227 0.0000e+00
      5.376      0.054     0.1774      1.643     64.739  47.923313     1.8046      6.903   163.6540 1.2373e-01    53.9793      5.270      7.644    12.0194 0.0000e+00
      5.388      0.060     0.1733      1.636     64.737  47.922368     1.8417      6.901   163.7869 1.2375e-01    54.5647      5.279      7.657    12.0164 0.0000e+00
      5.412      0.061     0.1755      1.609     64.760  47.934953     1.8547      6.899   163.6614 1.2380e-01    54.8202      5.306      7.694    12.0129 0.0000e+00
      5.439      0.061     0.1786      1.584     64.786  47.948578     1.8371      6.898   163.9431 1.2375e-01    54.8147      5.340      7.745    12.0077 0.0000e+00
      5.457      0.059     0.1757      1.583     64.806  47.960200     1.8281      6.895   164.6976 1.2370e-01    55.0109      5.356      7.769    12.0091 0.0000e+00
      5.463      0.052     0.1783      1.584     64.794  47.948569     1.8141      6.893   165.0406 1.2370e-01    55.4164      5.355      7.767    12.0123 0.0000e+00
      5.471      0.042     0.1729      1.572     64.780  47.934840     1.8002      6.892   164.9937 1.2365e-01    55.6520      5.361      7.777    12.0078 0.0000e+00
      5.486      0.035     0.1688      1.537     64.764  47.921100     1.8017      6.891   165.1626 1.2365e-01    55.6390      5.382      7.806    12.0011 0.0000e+00
      5.496      0.034     0.1713      1.517     64.748  47.909346     1.7982      6.889   165.6201 1.2371e-01    55.5672      5.394      7.823    11.9997 0.0000e+00
      5.499      0.038     0.1703      1.540     64.764  47.919626     1.7757      6.886   165.7929 1.2370e-01    55.2618      5.392      7.821    11.9989 0.0000e+00
      5.503      0.042     0.1716      1.560     64.767  47.918481     1.7452      6.884   165.6174 1.2367e-01    54.7482      5.394      7.823    11.9941 0.0000e+00
      5.513      0.044     0.1649      1.545     64.740  47.895503     1.7291      6.882   165.4774 1.2368e-01    54.4457      5.405      7.837    11.9935 0.0000e+00
      5.531      0.047     0.1606      1.521     64.743  47.895608     1.7307      6.881   165.6479 1.2371e-01    54.4062      5.423      7.865    11.9949 0.0000e+00
      5.549      0.052     0.1662      1.512     64.777  47.919740     1.7730      6.880   166.0446 1.2376e-01    54.5445      5.444      7.897    11.9923 0.0000e+00
      5.562      0.055     0.1707      1.517     64.793  47.933470     1.8494      6.878   166.3164 1.2379e-01    54.7852      5.457      7.915    11.9903 0.0000e+00
      5.571      0.053     0.1664      1.523     64.789  47.934717     1.8964      6.876   166.5252 1.2379e-01    54.9252      5.461      7.920    11.9879 0.0000e+00
      5.584      0.046     0.1629      1.509     64.785  47.934831     1.9095      6.874   166.7626 1.2374e-01    54.9047      5.473      7.938    11.9857 0.0000e+00
      5.602      0.039     0.1626      1.484     64.785  47.934841     1.8912      6.872   166.7772 1.2369e-01    54.6737      5.496      7.971    11.9850 0.0000e+00
      5.615      0.034     0.1630      1.469     64.784  47.934842     1.8332      6.870   166.7016 1.2372e-01    54.3189      5.510      7.993    11.9860 0.0000e+00
      5.619      0.032     0.1655      1.470     64.784  47.934842     1.7827      6.869   166.7947 1.2379e-01    54.1327      5.511      7.994    11.9911 0.0000e+00
      5.620      0.032     0.1632      1.470     64.784  47.934842     1.7794      6.868   166.9568 1.2381e-01    54.1311      5.511      7.993    11.9933 0.0000e+00
      5.623      0.032     0.1594      1.459     64.784  47.934841     1.8009      6.867   166.9404 1.2373e-01    54.1630      5.513      7.996    11.9923 0.0000e+00
      5.632      0.036     0.1574      1.436     64.787  47.934832     1.8023      6.865   166.5970 1.2363e-01    54.1770      5.519      8.005    11.9936 0.0000e+00
      5.647      0.045     0.1586      1.421     64.790  47.934728     1.7873      6.864   166.4185 1.2364e-01    54.1638      5.538      8.032    11.9929 0.0000e+00
      5.663      0.055     0.1589      1.432     64.790  47.933584     1.7870      6.864   166.6747 1.2369e-01    54.1402      5.558      8.060    11.9924 0.0000e+00
      5.673      0.060     0.1579      1.447     64.777  47.920998     1.8063      6.862   167.1142 1.2364e-01    54.1982      5.561      8.066    11.9938 0.0000e+00
      5.688      0.060     0.1546      1.445     64.767  47.909452     1.8296      6.860   167.0004 1.2363e-01    54.3532      5.572      8.083    11.9914 0.0000e+00
      5.711      0.057     0.1514      1.443     64.786  47.920875     1.8434      6.858   166.2446 1.2373e-01    54.4422      5.603      8.126    11.9891 0.0000e+00
      5.731      0.052     0.1542      1.433     64.803  47.932211     1.8489      6.857   165.9771 1.2375e-01    54.4212      5.626      8.159    11.9891 0.0000e+00
      5.741      0.046     0.1575      1.422     64.785  47.919616     1.8461      6.857   166.4332 1.2372e-01    54.4058      5.631      8.167    11.9868 0.0000e+00
      5.748      0.041     0.1548      1.425     64.751  47.895485     1.8432      6.857   166.9413 1.2376e-01    54.4958      5.634      8.173    11.9830 0.0000e+00
      5.756      0.041     0.1561      1.422     64.747  47.894245     1.8463      6.856   166.8728 1.2376e-01    54.6215      5.647      8.189    11.9800 0.0000e+00
      5.761      0.045     0.1552      1.413     64.757  47.904627     1.8507      6.853   166.3790 1.2368e-01    54.6614      5.651      8.196    11.9797 0.0000e+00
      5.767      0.051     0.1513      1.394     64.740  47.894121     1.8464      6.851   166.2186 1.2367e-01    54.6713      5.650      8.194    11.9809 0.0000e+00
      5.785      0.056     0.1552      1.371     64.741  47.894121     1.8032      6.849   166.3966 1.2378e-01    54.9459      5.668      8.220    11.9816 0.0000e+00
      5.811      0.060     0.1528      1.359     64.758  47.904617     1.7442      6.848   166.5518 1.2384e-01    55.4537      5.704      8.272    11.9818 0.0000e+00
      5.830      0.061     0.1528      1.348     64.745  47.894131     1.7236      6.847   166.5466 1.2376e-01    55.7542      5.723      8.300    11.9850 0.0000e+00
      5.840      0.058     0.1507      1.338     64.745  47.894235     1.7293      6.847   166.4198 1.2368e-01    55.8477      5.723      8.302    11.9886 0.0000e+00
      5.853      0.053     0.1465      1.338     64.763  47.905875     1.7297      6.846   166.3949 1.2373e-01    55.8326      5.738      8.323    11.9863 0.0000e+00
