Data/DataNotYetUploadedToEDI/Raw_CTD/RawDownloads/091922_bvr50_S7809002.cnv
* Sea-Bird SBE19plus  Data File:
* FileName = C:\R\Reservoirs\Data\DataNotYetUploadedToEDI\Raw_CTD\RawDownloads\091922_bvr50_S7809_0002.hex
* Software version 2.8.0.119
* Temperature SN = 7809
* Conductivity SN = 7809
* System UpLoad Time = Sep 19 2022 15:54:28
* <ApplicationData>
* <Seaterm232>
# nquan = 15
# nvalues = 2134                        
# units = specified
# name 0 = depFM: Depth [fresh water, m]
# name 1 = dz/dtM: Descent Rate [m/s]
# name 2 = sbeox0Mg/L: Oxygen, SBE 43 [mg/l]
# name 3 = sbeox0PS: Oxygen, SBE 43 [% saturation]
# name 4 = specc: Specific Conductance [uS/cm]
# name 5 = c0uS/cm: Conductivity [uS/cm]
# name 6 = flECO-AFL: Fluorescence, WET Labs ECO-AFL/FL [mg/m^3]
# name 7 = ph: pH
# name 8 = orp: Oxidation Reduction Potential [mV]
# name 9 = par/sat/log: PAR/Logarithmic, Satlantic
# name 10 = turbWETntu0: Turbidity, WET Labs ECO [NTU]
# name 11 = prdM: Pressure, Strain Gauge [db]
# name 12 = prdE: Pressure, Strain Gauge [psi]
# name 13 = tv290C: Temperature [ITS-90, deg C]
# name 14 = flag:  0.000e+00
# span 0 =     -0.725,      7.456       
# span 1 =     -0.301,      0.308       
# span 2 =     0.0189,     7.1324       
# span 3 =      0.200,     82.823       
# span 4 =      0.239,    266.850       
# span 5 =   0.224155, 187.660270       
# span 6 =    -0.7078,   193.2532       
# span 7 =      5.900,      9.792       
# span 8 = -1240.7455,   381.1311       
# span 9 = 1.2362e-01, 1.7038e+03       
# span 10 =    -3.6087,    23.1068      
# span 11 =     -0.715,      7.313      
# span 12 =     -1.037,     10.607      
# span 13 =    10.1345,    22.8489      
# span 14 = 0.0000e+00, 0.0000e+00      
# interval = seconds: 0.25
# start_time = Sep 19 2022 07:07:13 [Instrument's time stamp, header]
# bad_flag = -9.990e-29
*END*
[from data line 1735]
      6.700      0.017     0.0384      0.390    192.495 136.491708     3.0072      7.833  -132.9672 1.2372e-01     4.8868      6.570      9.529    10.4609 0.0000e+00
      6.705      0.017     0.0436      0.391    192.603 136.556104     3.0000      7.834  -133.0356 1.2376e-01     4.8929      6.575      9.536    10.4583 0.0000e+00
      6.710      0.018     0.0461      0.393    192.727 136.631645     2.9867      7.835  -133.1289 1.2376e-01     4.8693      6.581      9.545    10.4558 0.0000e+00
      6.713      0.018     0.0434      0.398    192.845 136.704030     2.9797      7.836  -133.4065 1.2371e-01     4.8401      6.583      9.548    10.4537 0.0000e+00
      6.717      0.019     0.0434      0.395    192.989 136.793972     2.9903      7.836  -133.6393 1.2368e-01     4.8471      6.586      9.551    10.4508 0.0000e+00
      6.722      0.021     0.0437      0.386    193.139 136.890617     2.9988      7.837  -133.7061 1.2372e-01     4.8514      6.592      9.560    10.4473 0.0000e+00
      6.728      0.022     0.0435      0.382    193.279 136.980299     2.9821      7.838  -133.7841 1.2372e-01     4.8238      6.599      9.569    10.4444 0.0000e+00
      6.734      0.023     0.0448      0.379    193.393 137.049794     2.9631      7.838  -133.8945 1.2370e-01     4.8213      6.604      9.578    10.4416 0.0000e+00
      6.741      0.023     0.0448      0.383    193.469 137.093540     2.9684      7.839  -134.0088 1.2375e-01     4.8551      6.610      9.587    10.4384 0.0000e+00
      6.747      0.022     0.0420      0.381    193.529 137.126825     2.9716      7.840  -134.1332 1.2380e-01     4.8915      6.617      9.597    10.4355 0.0000e+00
      6.752      0.021     0.0434      0.371    193.641 137.197314     2.9851      7.840  -134.2801 1.2377e-01     4.9884      6.622      9.604    10.4336 0.0000e+00
      6.757      0.020     0.0414      0.371    193.811 137.308472     3.0152      7.839  -134.4076 1.2377e-01     5.1037      6.626      9.610    10.4307 0.0000e+00
      6.761      0.019     0.0434      0.385    193.936 137.387359     3.0276      7.838  -134.5568 1.2377e-01     5.1242      6.631      9.617    10.4275 0.0000e+00
      6.766      0.018     0.0433      0.391    194.037 137.450068     3.0263      7.838  -134.7934 1.2372e-01     5.1337      6.635      9.623    10.4254 0.0000e+00
      6.772      0.018     0.0408      0.386    194.200 137.556806     3.0251      7.839  -134.9457 1.2371e-01     5.2530      6.641      9.632    10.4232 0.0000e+00
      6.777      0.018     0.0406      0.393    194.356 137.658173     3.0221      7.841  -135.0214 1.2378e-01     5.3702      6.647      9.640    10.4207 0.0000e+00
      6.781      0.018     0.0432      0.397    194.545 137.783403     3.0143      7.841  -135.1919 1.2385e-01     5.3901      6.649      9.643    10.4183 0.0000e+00
      6.785      0.018     0.0455      0.394    194.935 138.051193     3.0055      7.840  -135.3739 1.2385e-01     5.3567      6.653      9.649    10.4159 0.0000e+00
      6.790      0.018     0.0409      0.394    195.362 138.346595     2.9906      7.840  -135.5005 1.2379e-01     5.2396      6.658      9.658    10.4137 0.0000e+00
      6.795      0.018     0.0451      0.388    195.748 138.614465     2.9679      7.842  -135.6039 1.2371e-01     5.1012      6.663      9.664    10.4115 0.0000e+00
      6.800      0.018     0.0445      0.368    196.203 138.931715     2.9556      7.843  -135.6780 1.2366e-01     5.0501      6.669      9.671    10.4092 0.0000e+00
      6.804      0.017     0.0436      0.359    196.478 139.123041     2.9576      7.843  -135.7081 1.2370e-01     5.0646      6.673      9.678    10.4070 0.0000e+00
      6.808      0.016     0.0443      0.374    196.508 139.143121     2.9595      7.844  -135.7092 1.2380e-01     5.0385      6.676      9.682    10.4052 0.0000e+00
      6.813      0.016     0.0440      0.372    196.542 139.174490     2.9527      7.845  -135.7781 1.2385e-01     4.9387      6.681      9.689    10.4038 0.0000e+00
      6.817      0.017     0.0414      0.361    196.711 139.311106     2.9422      7.845  -136.0241 1.2380e-01     4.8831      6.686      9.697    10.4026 0.0000e+00
      6.819      0.018     0.0375      0.367    196.989 139.520173     2.9337      7.845  -136.2748 1.2375e-01     4.8786      6.687      9.699    10.4018 0.0000e+00
      6.824      0.019     0.0440      0.379    197.287 139.726403     2.9242      7.846  -136.4002 1.2373e-01     4.8501      6.690      9.703    10.4007 0.0000e+00
      6.830      0.021     0.0420      0.380    197.637 139.956148     2.9112      7.847  -136.5080 1.2369e-01     4.7785      6.698      9.714    10.4018 0.0000e+00
      6.836      0.022     0.0389      0.369    198.003 140.194533     2.9012      7.847  -136.6319 1.2371e-01     4.6959      6.704      9.723    10.4079 0.0000e+00
      6.841      0.024     0.0411      0.358    198.287 140.377719     2.9022      7.848  -136.7798 1.2377e-01     4.6710      6.708      9.729    10.4129 0.0000e+00
      6.847      0.024     0.0427      0.357    198.503 140.513731     2.9232      7.848  -136.9189 1.2377e-01     4.7513      6.714      9.738    10.4107 0.0000e+00
      6.855      0.023     0.0433      0.370    198.598 140.564169     2.9562      7.848  -137.0230 1.2377e-01     4.8804      6.723      9.750    10.4049 0.0000e+00
      6.861      0.022     0.0408      0.375    198.587 140.541348     2.9685      7.848  -137.0059 1.2381e-01     4.9340      6.728      9.759    10.3993 0.0000e+00
      6.867      0.021     0.0401      0.370    198.615 140.556503     2.9636      7.848  -136.8849 1.2381e-01     4.9215      6.734      9.766    10.3949 0.0000e+00
      6.872      0.019     0.0385      0.370    198.776 140.683651     2.9541      7.848  -136.8496 1.2377e-01     4.9000      6.739      9.775    10.3910 0.0000e+00
      6.875      0.017     0.0422      0.378    199.006 140.867580     2.9455      7.849  -137.0101 1.2377e-01     4.8793      6.742      9.778    10.3864 0.0000e+00
      6.878      0.017     0.0427      0.392    199.268 141.059311     2.9514      7.850  -137.2771 1.2382e-01     4.8756      6.744      9.782    10.3824 0.0000e+00
      6.883      0.017     0.0405      0.398    199.613 141.280763     2.9590      7.851  -137.4104 1.2383e-01     4.8889      6.750      9.790    10.3795 0.0000e+00
      6.888      0.017     0.0415      0.397    199.900 141.441531     2.9535      7.851  -137.4174 1.2380e-01     4.9043      6.755      9.798    10.3838 0.0000e+00
      6.892      0.018     0.0415      0.392    200.095 141.536963     2.9434      7.851  -137.4471 1.2382e-01     4.9588      6.758      9.803    10.3920 0.0000e+00
      6.897      0.019     0.0446      0.382    200.323 141.669626     2.9374      7.851  -137.5125 1.2379e-01     5.0699      6.764      9.810    10.3946 0.0000e+00
      6.901      0.019     0.0448      0.381    200.490 141.770584     2.9308      7.851  -137.6056 1.2373e-01     5.1203      6.769      9.816    10.3885 0.0000e+00
      6.906      0.019     0.0445      0.382    200.549 141.801426     2.9303      7.852  -137.7113 1.2376e-01     5.0897      6.772      9.822    10.3750 0.0000e+00
      6.912      0.019     0.0443      0.378    200.722 141.915036     2.9647      7.852  -137.8445 1.2381e-01     5.0075      6.778      9.831    10.3634 0.0000e+00
      6.917      0.019     0.0420      0.373    201.030 142.124261     3.0305      7.853  -138.0122 1.2381e-01     4.8780      6.783      9.838    10.3571 0.0000e+00
      6.921      0.019     0.0426      0.368    201.280 142.291213     3.0684      7.853  -138.2759 1.2382e-01     4.8213      6.787      9.844    10.3532 0.0000e+00
      6.926      0.020     0.0432      0.365    201.542 142.467423     3.0648      7.854  -138.6236 1.2382e-01     4.8351      6.792      9.850    10.3506 0.0000e+00
      6.932      0.020     0.0422      0.370    201.917 142.724815     3.0616      7.855  -138.8606 1.2377e-01     4.9083      6.798      9.860    10.3487 0.0000e+00
      6.937      0.020     0.0420      0.368    202.289 142.980839     3.0712      7.856  -139.0772 1.2370e-01     5.0569      6.803      9.867    10.3468 0.0000e+00
      6.942      0.021     0.0412      0.350    202.612 143.204228     3.0813      7.857  -139.2632 1.2367e-01     5.1298      6.806      9.872    10.3440 0.0000e+00
      6.947      0.022     0.0403      0.342    202.875 143.385761     3.0841      7.858  -139.3036 1.2368e-01     5.1406      6.812      9.880    10.3416 0.0000e+00
      6.953      0.022     0.0417      0.349    203.069 143.518196     3.0799      7.858  -139.3927 1.2371e-01     5.1185      6.818      9.889    10.3401 0.0000e+00
      6.959      0.022     0.0427      0.353    203.276 143.657936     3.0812      7.858  -139.5654 1.2376e-01     5.0340      6.824      9.897    10.3383 0.0000e+00
      6.965      0.023     0.0384      0.352    203.488 143.800296     3.0905      7.858  -139.7574 1.2381e-01     4.9727      6.830      9.907    10.3369 0.0000e+00
      6.970      0.024     0.0371      0.351    203.639 143.900639     3.0921      7.858  -139.9075 1.2381e-01     4.9234      6.835      9.914    10.3361 0.0000e+00
      6.976      0.025     0.0400      0.349    203.758 143.978621     3.0677      7.858  -140.0034 1.2376e-01     4.8139      6.841      9.922    10.3351 0.0000e+00
      6.982      0.025     0.0394      0.345    203.857 144.041872     3.0283      7.858  -140.1429 1.2370e-01     4.6737      6.847      9.930    10.3333 0.0000e+00
      6.989      0.025     0.0394      0.346    203.834 144.027860     3.0076      7.859  -140.3042 1.2369e-01     4.5945      6.854      9.940    10.3312 0.0000e+00
      6.997      0.025     0.0393      0.356    203.670 143.936710     3.0003      7.859  -140.4904 1.2372e-01     4.5733      6.862      9.952    10.3296 0.0000e+00
      7.004      0.025     0.0391      0.351    203.540 143.896108     2.9975      7.859  -140.6741 1.2375e-01     4.5886      6.870      9.963    10.3286 0.0000e+00
      7.009      0.024     0.0390      0.341    203.572 143.983276     2.9991      7.860  -140.6323 1.2377e-01     4.6080      6.874      9.969    10.3261 0.0000e+00
      7.014      0.023     0.0374      0.352    203.760 144.161923     2.9946      7.860  -140.4999 1.2380e-01     4.6028      6.878      9.975    10.3251 0.0000e+00
      7.020      0.021     0.0415      0.368    204.085 144.398568     2.9940      7.861  -140.5363 1.2384e-01     4.5944      6.885      9.985    10.3307 0.0000e+00
      7.026      0.020     0.0396      0.373    204.508 144.676870     3.0081      7.862  -140.6428 1.2383e-01     4.6431      6.892      9.996    10.3442 0.0000e+00
      7.031      0.020     0.0363      0.371    204.867 144.912846     3.0318      7.862  -140.7551 1.2378e-01     4.7819      6.896     10.002    10.3635 0.0000e+00
      7.035      0.019     0.0398      0.378    205.022 145.020250     3.0558      7.863  -140.8611 1.2373e-01     4.8721      6.899     10.006    10.3771 0.0000e+00
      7.040      0.017     0.0413      0.383    205.025 145.019132     3.0737      7.863  -140.9784 1.2373e-01     4.8800      6.904     10.013    10.3774 0.0000e+00
      7.045      0.017     0.0427      0.376    204.977 144.963084     3.0809      7.862  -141.1403 1.2376e-01     4.9115      6.910     10.022    10.3687 0.0000e+00
      7.049      0.017     0.0403      0.363    204.957 144.916363     3.0772      7.862  -141.2702 1.2378e-01     4.9448      6.914     10.029    10.3628 0.0000e+00
      7.053      0.017     0.0426      0.343    205.063 144.964257     3.0784      7.863  -141.2582 1.2382e-01     4.9761      6.916     10.031    10.3644 0.0000e+00
      7.057      0.017     0.0438      0.327    205.267 145.095828     3.0871      7.864  -141.1675 1.2382e-01     5.0159      6.920     10.036    10.3660 0.0000e+00
      7.062      0.017     0.0418      0.334    205.457 145.232027     3.0746      7.865  -141.2065 1.2377e-01     5.0166      6.926     10.045    10.3595 0.0000e+00
      7.067      0.017     0.0412      0.355    205.680 145.399640     3.0427      7.866  -141.3861 1.2375e-01     4.9499      6.931     10.053    10.3499 0.0000e+00
      7.072      0.018     0.0383      0.363    206.211 145.783518     3.0262      7.866  -141.5320 1.2375e-01     4.8928      6.936     10.059    10.3427 0.0000e+00
      7.076      0.019     0.0353      0.364    207.122 146.430463     3.0260      7.866  -141.5078 1.2375e-01     4.9072      6.939     10.064    10.3389 0.0000e+00
      7.080      0.019     0.0361      0.377    208.082 147.100788     3.0316      7.866  -141.4378 1.2375e-01     4.8842      6.942     10.069    10.3404 0.0000e+00
      7.085      0.020     0.0412      0.401    208.972 147.703422     3.0518      7.867  -141.4593 1.2377e-01     4.8544      6.947     10.076    10.3439 0.0000e+00
      7.091      0.020     0.0406      0.407    209.693 148.169322     3.0710      7.868  -141.5095 1.2379e-01     4.8881      6.954     10.086    10.3462 0.0000e+00
      7.097      0.020     0.0403      0.394    210.178 148.461582     3.0719      7.868  -141.6147 1.2379e-01     4.8823      6.959     10.094    10.3472 0.0000e+00
      7.102      0.019     0.0411      0.382    210.827 148.877681     3.0711      7.869  -141.7845 1.2380e-01     4.8521      6.965     10.102    10.3461 0.0000e+00
      7.107      0.018     0.0460      0.362    211.580 149.374155     3.0699      7.869  -141.9279 1.2383e-01     4.8651      6.971     10.109    10.3400 0.0000e+00
      7.111      0.016     0.0470      0.350    212.066 149.681646     3.0661      7.869  -141.9728 1.2382e-01     4.8683      6.973     10.113    10.3281 0.0000e+00
      7.114      0.015     0.0428      0.351    212.540 149.980896     3.0664      7.870  -142.0688 1.2380e-01     4.8569      6.977     10.119    10.3142 0.0000e+00
      7.118      0.015     0.0442      0.349    213.238 150.441432     3.0653      7.870  -142.3149 1.2383e-01     4.8636      6.981     10.124    10.3047 0.0000e+00
      7.122      0.015     0.0400      0.361    213.948 150.913318     3.0614      7.871  -142.5390 1.2386e-01     4.8812      6.984     10.130    10.2977 0.0000e+00
      7.125      0.015     0.0381      0.381    214.517 151.285951     3.0609      7.871  -142.6268 1.2384e-01     4.8642      6.987     10.134    10.2886 0.0000e+00
      7.130      0.015     0.0405      0.364    214.950 151.566760     3.0671      7.871  -142.6023 1.2377e-01     4.8300      6.992     10.140    10.2801 0.0000e+00
      7.134      0.015     0.0381      0.333    215.249 151.757455     3.0698      7.870  -142.5863 1.2377e-01     4.8427      6.997     10.148    10.2729 0.0000e+00
      7.138      0.015     0.0393      0.323    215.429 151.869603     3.0693      7.870  -142.6927 1.2378e-01     4.9492      7.000     10.152    10.2660 0.0000e+00
      7.142      0.014     0.0454      0.314    215.581 151.966040     3.0685      7.871  -142.8562 1.2373e-01     5.0931      7.004     10.158    10.2594 0.0000e+00
      7.145      0.014     0.0418      0.316    215.774 152.094340     3.0684      7.873  -142.9279 1.2373e-01     5.1486      7.007     10.163    10.2534 0.0000e+00
      7.148      0.014     0.0349      0.335    216.039 152.272830     3.0682      7.875  -142.9572 1.2377e-01     5.1421      7.010     10.168    10.2487 0.0000e+00
      7.151      0.015     0.0374      0.343    216.416 152.529653     3.0502      7.875  -143.0382 1.2377e-01     5.1845      7.013     10.171    10.2453 0.0000e+00
      7.154      0.016     0.0349      0.363    216.868 152.839685     3.0256      7.875  -143.1332 1.2377e-01     5.3204      7.016     10.175    10.2431 0.0000e+00
      7.159      0.017     0.0335      0.398    217.323 153.151240     3.0198      7.875  -143.2453 1.2379e-01     5.4187      7.021     10.183    10.2414 0.0000e+00
      7.164      0.018     0.0398      0.409    217.726 153.426437     3.0216      7.876  -143.3614 1.2382e-01     5.4159      7.026     10.190    10.2394 0.0000e+00
