Data/DataNotYetUploadedToEDI/Raw_CTD/RawDownloads/091922_bvr50_S7809002.cnv
* Sea-Bird SBE19plus  Data File:
* FileName = C:\R\Reservoirs\Data\DataNotYetUploadedToEDI\Raw_CTD\RawDownloads\091922_bvr50_S7809_0002.hex
* Software version 2.8.0.119
* Temperature SN = 7809
* Conductivity SN = 7809
* System UpLoad Time = Sep 19 2022 15:54:28
* <ApplicationData>
* <Seaterm232>
# nquan = 15
# nvalues = 2134                        
# units = specified
# name 0 = depFM: Depth [fresh water, m]
# name 1 = dz/dtM: Descent Rate [m/s]
# name 2 = sbeox0Mg/L: Oxygen, SBE 43 [mg/l]
# name 3 = sbeox0PS: Oxygen, SBE 43 [% saturation]
# name 4 = specc: Specific Conductance [uS/cm]
# name 5 = c0uS/cm: Conductivity [uS/cm]
# name 6 = flECO-AFL: Fluorescence, WET Labs ECO-AFL/FL [mg/m^3]
# name 7 = ph: pH
# name 8 = orp: Oxidation Reduction Potential [mV]
# name 9 = par/sat/log: PAR/Logarithmic, Satlantic
# name 10 = turbWETntu0: Turbidity, WET Labs ECO [NTU]
# name 11 = prdM: Pressure, Strain Gauge [db]
# name 12 = prdE: Pressure, Strain Gauge [psi]
# name 13 = tv290C: Temperature [ITS-90, deg C]
# name 14 = flag:  0.000e+00
# span 0 =     -0.725,      7.456       
# span 1 =     -0.301,      0.308       
# span 2 =     0.0189,     7.1324       
# span 3 =      0.200,     82.823       
# span 4 =      0.239,    266.850       
# span 5 =   0.224155, 187.660270       
# span 6 =    -0.7078,   193.2532       
# span 7 =      5.900,      9.792       
# span 8 = -1240.7455,   381.1311       
# span 9 = 1.2362e-01, 1.7038e+03       
# span 10 =    -3.6087,    23.1068      
# span 11 =     -0.715,      7.313      
# span 12 =     -1.037,     10.607      
# span 13 =    10.1345,    22.8489      
# span 14 = 0.0000e+00, 0.0000e+00      
# interval = seconds: 0.25
# start_time = Sep 19 2022 07:07:13 [Instrument's time stamp, header]
# bad_flag = -9.990e-29
*END*
[from data line 1446]
      5.432      0.018     0.0602      0.519    172.904 125.027000     3.0367      7.634   -81.6699 1.2379e-01     4.8512      5.327      7.725    11.1697 0.0000e+00
      5.437      0.018     0.0578      0.517    172.944 125.041259     3.0191      7.635   -81.9087 1.2374e-01     4.9109      5.334      7.735    11.1635 0.0000e+00
      5.442      0.017     0.0581      0.521    172.998 125.068241     3.0109      7.635   -82.1661 1.2365e-01     4.8984      5.337      7.741    11.1599 0.0000e+00
      5.446      0.017     0.0577      0.529    173.059 125.098442     2.9964      7.635   -82.4592 1.2365e-01     4.7686      5.339      7.744    11.1575 0.0000e+00
      5.450      0.017     0.0569      0.529    173.153 125.151632     2.9674      7.636   -82.7853 1.2371e-01     4.5712      5.345      7.752    11.1522 0.0000e+00
      5.454      0.016     0.0564      0.511    173.238 125.201774     2.9518      7.638   -83.0978 1.2373e-01     4.4590      5.349      7.758    11.1474 0.0000e+00
      5.458      0.016     0.0570      0.493    173.241 125.195144     2.9579      7.640   -83.3124 1.2370e-01     4.4366      5.351      7.761    11.1451 0.0000e+00
      5.463      0.015     0.0583      0.494    173.257 125.198842     2.9659      7.642   -83.4004 1.2372e-01     4.4375      5.356      7.769    11.1409 0.0000e+00
      5.468      0.014     0.0592      0.508    173.332 125.246478     2.9664      7.642   -83.6458 1.2376e-01     4.4358      5.364      7.780    11.1356 0.0000e+00
      5.471      0.014     0.0563      0.522    173.366 125.261547     2.9638      7.642   -84.0420 1.2380e-01     4.4499      5.365      7.781    11.1329 0.0000e+00
      5.473      0.013     0.0527      0.526    173.373 125.253645     2.9676      7.642   -84.2331 1.2381e-01     4.4715      5.366      7.782    11.1306 0.0000e+00
      5.476      0.013     0.0543      0.533    173.422 125.278310     2.9618      7.643   -84.3225 1.2377e-01     4.4236      5.371      7.790    11.1279 0.0000e+00
      5.480      0.013     0.0554      0.542    173.467 125.304979     2.9608      7.644   -84.4340 1.2372e-01     4.3834      5.374      7.794    11.1269 0.0000e+00
      5.483      0.013     0.0584      0.538    173.501 125.321306     2.9891      7.646   -84.5491 1.2374e-01     4.4639      5.376      7.797    11.1243 0.0000e+00
      5.486      0.014     0.0574      0.536    173.553 125.348322     3.0117      7.649   -84.7673 1.2380e-01     4.5771      5.380      7.803    11.1192 0.0000e+00
      5.490      0.015     0.0580      0.543    173.611 125.376832     3.0182      7.650   -85.0935 1.2385e-01     4.6248      5.384      7.809    11.1163 0.0000e+00
      5.493      0.016     0.0611      0.549    173.680 125.411220     3.0261      7.650   -85.3959 1.2387e-01     4.6645      5.387      7.813    11.1154 0.0000e+00
      5.497      0.017     0.0584      0.554    173.746 125.445615     3.0244      7.651   -85.5834 1.2380e-01     4.7155      5.391      7.819    11.1132 0.0000e+00
      5.502      0.017     0.0586      0.561    173.801 125.474211     3.0137      7.651   -85.7269 1.2371e-01     4.7286      5.396      7.826    11.1100 0.0000e+00
      5.507      0.017     0.0599      0.559    173.855 125.502176     3.0131      7.652   -85.9260 1.2372e-01     4.7215      5.401      7.832    11.1064 0.0000e+00
      5.512      0.017     0.0608      0.546    173.905 125.528940     3.0087      7.654   -86.1837 1.2381e-01     4.6970      5.407      7.841    11.1013 0.0000e+00
      5.516      0.017     0.0602      0.538    173.934 125.543023     2.9859      7.655   -86.4342 1.2384e-01     4.7066      5.410      7.847    11.0971 0.0000e+00
      5.520      0.016     0.0623      0.528    173.948 125.545045     2.9707      7.656   -86.6314 1.2376e-01     4.7006      5.413      7.850    11.0947 0.0000e+00
      5.525      0.015     0.0625      0.524    173.974 125.553383     2.9658      7.656   -86.7615 1.2369e-01     4.6239      5.418      7.858    11.0909 0.0000e+00
      5.529      0.015     0.0590      0.536    174.028 125.580138     2.9858      7.656   -86.9741 1.2377e-01     4.6338      5.422      7.864    11.0878 0.0000e+00
      5.532      0.015     0.0598      0.545    174.094 125.613731     3.0374      7.658   -87.3094 1.2381e-01     4.7516      5.424      7.866    11.0873 0.0000e+00
      5.535      0.016     0.0578      0.546    174.149 125.641064     3.0650      7.660   -87.5460 1.2376e-01     4.8183      5.428      7.872    11.0844 0.0000e+00
      5.539      0.017     0.0565      0.548    174.183 125.655819     3.0612      7.661   -87.7703 1.2379e-01     4.8260      5.432      7.878    11.0813 0.0000e+00
      5.544      0.019     0.0595      0.550    174.208 125.664732     3.0167      7.662   -88.0426 1.2383e-01     4.8785      5.436      7.884    11.0785 0.0000e+00
      5.549      0.021     0.0606      0.549    174.249 125.685117     2.9440      7.663   -88.1716 1.2383e-01     4.9412      5.442      7.893    11.0731 0.0000e+00
      5.554      0.022     0.0597      0.545    174.296 125.711196     2.9060      7.665   -88.2963 1.2381e-01     4.9683      5.447      7.900    11.0698 0.0000e+00
      5.560      0.022     0.0601      0.538    174.329 125.725263     2.8985      7.667   -88.6045 1.2381e-01     5.0011      5.452      7.907    11.0678 0.0000e+00
      5.567      0.023     0.0610      0.531    174.350 125.727797     2.9194      7.667   -88.9722 1.2382e-01     5.0310      5.459      7.917    11.0647 0.0000e+00
      5.573      0.023     0.0601      0.522    174.388 125.741812     2.9591      7.668   -89.3010 1.2380e-01     5.0215      5.466      7.928    11.0619 0.0000e+00
      5.578      0.022     0.0605      0.521    174.442 125.767318     2.9790      7.669   -89.4824 1.2377e-01     4.9888      5.471      7.934    11.0600 0.0000e+00
      5.583      0.021     0.0590      0.538    174.484 125.781386     2.9849      7.670   -89.5304 1.2378e-01     4.9438      5.475      7.940    11.0580 0.0000e+00
      5.589      0.019     0.0586      0.551    174.508 125.784494     3.0313      7.670   -89.7098 1.2379e-01     4.9555      5.481      7.950    11.0533 0.0000e+00
      5.595      0.017     0.0576      0.556    174.546 125.804882     3.1066      7.672   -90.0164 1.2380e-01     5.0617      5.487      7.959    11.0491 0.0000e+00
      5.599      0.016     0.0556      0.563    174.595 125.836798     3.1377      7.673   -90.2259 1.2383e-01     5.1350      5.491      7.964    11.0465 0.0000e+00
      5.602      0.015     0.0601      0.573    174.620 125.851898     3.1330      7.673   -90.3500 1.2386e-01     5.1248      5.494      7.969    11.0408 0.0000e+00
      5.604      0.015     0.0609      0.581    174.637 125.860060     3.0996      7.673   -90.4853 1.2385e-01     5.0058      5.495      7.971    11.0359 0.0000e+00
      5.607      0.015     0.0610      0.580    174.666 125.871782     3.0418      7.675   -90.6573 1.2375e-01     4.7902      5.498      7.975    11.0349 0.0000e+00
      5.612      0.015     0.0616      0.568    174.678 125.866223     3.0171      7.676   -90.8807 1.2370e-01     4.6697      5.504      7.983    11.0339 0.0000e+00
      5.616      0.016     0.0634      0.551    174.685 125.856531     3.0176      7.678   -91.0360 1.2374e-01     4.6757      5.508      7.988    11.0335 0.0000e+00
      5.621      0.016     0.0642      0.549    174.737 125.881974     2.9972      7.679   -91.1576 1.2379e-01     4.6925      5.512      7.995    11.0329 0.0000e+00
      5.625      0.016     0.0642      0.559    174.800 125.919049     2.9791      7.679   -91.3187 1.2383e-01     4.7360      5.518      8.002    11.0298 0.0000e+00
      5.629      0.015     0.0632      0.565    174.815 125.922612     2.9816      7.680   -91.4345 1.2385e-01     4.7579      5.520      8.005    11.0255 0.0000e+00
      5.632      0.014     0.0595      0.565    174.830 125.925044     2.9857      7.681   -91.6115 1.2385e-01     4.7187      5.523      8.011    11.0210 0.0000e+00
      5.636      0.014     0.0600      0.557    174.871 125.948456     2.9876      7.682   -91.8245 1.2384e-01     4.6714      5.528      8.017    11.0173 0.0000e+00
      5.640      0.014     0.0618      0.546    174.882 125.950890     2.9952      7.683   -91.9440 1.2379e-01     4.6299      5.531      8.022    11.0154 0.0000e+00
      5.642      0.014     0.0625      0.548    174.895 125.954462     3.0122      7.683   -92.1971 1.2374e-01     4.6266      5.534      8.025    11.0135 0.0000e+00
      5.645      0.014     0.0623      0.563    174.955 125.991637     3.0178      7.683   -92.5616 1.2371e-01     4.6318      5.536      8.030    11.0107 0.0000e+00
      5.649      0.015     0.0621      0.579    175.000 126.018180     3.0123      7.684   -92.7373 1.2374e-01     4.6248      5.540      8.035    11.0089 0.0000e+00
      5.653      0.016     0.0590      0.592    175.013 126.020595     3.0540      7.686   -92.9440 1.2376e-01     4.6093      5.544      8.040    11.0079 0.0000e+00
      5.658      0.018     0.0600      0.604    175.020 126.020832     3.1392      7.688   -93.3403 1.2376e-01     4.5815      5.549      8.048    11.0060 0.0000e+00
      5.663      0.020     0.0621      0.607    175.003 126.021033     3.1852      7.689   -93.6569 1.2379e-01     4.5966      5.554      8.054    11.0041 0.0000e+00
      5.668      0.020     0.0641      0.592    174.957 126.023042     3.1865      7.689   -93.9327 1.2380e-01     4.6550      5.557      8.060    11.0027 0.0000e+00
      5.674      0.021     0.0653      0.582    174.945 126.045159     3.1877      7.690   -94.2659 1.2380e-01     4.7403      5.563      8.068    11.0011 0.0000e+00
      5.680      0.023     0.0663      0.580    175.015 126.097395     3.2002      7.691   -94.5884 1.2377e-01     4.8425      5.571      8.080    10.9975 0.0000e+00
      5.685      0.024     0.0688      0.559    175.115 126.145050     3.2120      7.691   -94.9066 1.2379e-01     4.9006      5.576      8.087    10.9989 0.0000e+00
      5.690      0.024     0.0644      0.534    175.207 126.175429     3.2141      7.692   -95.1018 1.2382e-01     4.8965      5.580      8.092    11.0137 0.0000e+00
      5.697      0.024     0.0631      0.534    175.299 126.209877     3.2092      7.693   -95.2274 1.2377e-01     4.8602      5.587      8.103    11.0255 0.0000e+00
      5.705      0.023     0.0656      0.550    175.375 126.243028     3.2031      7.695   -95.4793 1.2381e-01     4.8375      5.596      8.117    11.0242 0.0000e+00
      5.710      0.023     0.0617      0.561    175.428 126.257749     3.1981      7.697   -95.6523 1.2385e-01     4.8620      5.601      8.123    11.0166 0.0000e+00
      5.715      0.023     0.0572      0.566    175.473 126.260448     3.1815      7.698   -95.7711 1.2380e-01     4.8833      5.604      8.127    11.0042 0.0000e+00
      5.721      0.022     0.0580      0.569    175.535 126.275638     3.1279      7.699   -96.0552 1.2377e-01     4.8563      5.611      8.137    10.9942 0.0000e+00
      5.727      0.022     0.0615      0.570    175.623 126.313975     3.0490      7.700   -96.3332 1.2378e-01     4.8428      5.616      8.146    10.9904 0.0000e+00
      5.732      0.023     0.0618      0.578    175.689 126.341756     3.0016      7.700   -96.5521 1.2379e-01     4.8553      5.621      8.152    10.9840 0.0000e+00
      5.738      0.023     0.0625      0.584    175.735 126.356718     2.9957      7.701   -96.7228 1.2374e-01     4.8373      5.626      8.160    10.9744 0.0000e+00
      5.744      0.022     0.0634      0.584    175.772 126.367469     3.0207      7.703   -96.8485 1.2375e-01     4.8299      5.633      8.170    10.9655 0.0000e+00
      5.750      0.021     0.0621      0.578    175.760 126.344329     3.0536      7.703   -97.0386 1.2385e-01     4.8687      5.639      8.178    10.9586 0.0000e+00
      5.756      0.021     0.0640      0.570    175.760 126.331718     3.0684      7.703   -97.3011 1.2388e-01     4.9312      5.645      8.188    10.9534 0.0000e+00
      5.760      0.020     0.0647      0.563    175.790 126.342363     3.0838      7.704   -97.5278 1.2379e-01     4.9693      5.649      8.194    10.9480 0.0000e+00
      5.764      0.019     0.0648      0.561    175.806 126.345628     3.0894      7.705   -97.7139 1.2369e-01     4.8858      5.653      8.199    10.9436 0.0000e+00
      5.769      0.018     0.0637      0.559    175.853 126.371193     3.0854      7.706   -97.9159 1.2368e-01     4.7413      5.657      8.205    10.9396 0.0000e+00
      5.774      0.018     0.0631      0.543    175.902 126.396673     3.0939      7.707   -98.0778 1.2368e-01     4.6570      5.662      8.212    10.9358 0.0000e+00
      5.779      0.017     0.0618      0.540    175.917 126.398897     3.0931      7.708   -98.2090 1.2368e-01     4.6183      5.668      8.221    10.9327 0.0000e+00
      5.784      0.017     0.0615      0.563    175.925 126.398066     3.0924      7.708   -98.3839 1.2373e-01     4.7172      5.673      8.228    10.9306 0.0000e+00
      5.788      0.016     0.0631      0.568    175.917 126.386620     3.1104      7.709   -98.6442 1.2379e-01     4.9645      5.675      8.231    10.9288 0.0000e+00
      5.791      0.015     0.0594      0.555    175.922 126.387896     3.1188      7.710   -98.9463 1.2381e-01     5.1150      5.679      8.237    10.9252 0.0000e+00
      5.795      0.015     0.0572      0.549    175.959 126.413491     3.1192      7.711   -99.1974 1.2378e-01     5.1363      5.683      8.242    10.9226 0.0000e+00
      5.798      0.016     0.0640      0.561    176.002 126.441287     3.1404      7.711   -99.4435 1.2376e-01     5.1886      5.686      8.246    10.9214 0.0000e+00
      5.801      0.018     0.0637      0.586    176.052 126.469181     3.1835      7.712   -99.6852 1.2378e-01     5.3033      5.689      8.251    10.9194 0.0000e+00
      5.806      0.019     0.0605      0.588    176.102 126.495954     3.2071      7.714   -99.8826 1.2378e-01     5.3956      5.693      8.258    10.9183 0.0000e+00
      5.812      0.019     0.0604      0.573    176.138 126.510189     3.2018      7.714  -100.1948 1.2374e-01     5.3819      5.699      8.266    10.9190 0.0000e+00
      5.818      0.020     0.0603      0.564    176.164 126.513888     3.2353      7.715  -100.5358 1.2374e-01     5.2062      5.705      8.274    10.9182 0.0000e+00
      5.823      0.020     0.0669      0.571    176.219 126.540654     3.3135      7.715  -100.7362 1.2379e-01     4.9451      5.711      8.284    10.9156 0.0000e+00
      5.828      0.020     0.0655      0.581    176.283 126.579014     3.3650      7.716  -100.8963 1.2381e-01     4.7868      5.716      8.290    10.9132 0.0000e+00
      5.832      0.020     0.0628      0.568    176.315 126.595493     3.3827      7.718  -101.0095 1.2384e-01     4.6925      5.718      8.293    10.9102 0.0000e+00
      5.837      0.019     0.0615      0.536    176.350 126.612489     3.3781      7.720  -101.1580 1.2386e-01     4.6251      5.723      8.301    10.9051 0.0000e+00
      5.843      0.019     0.0627      0.519    176.417 126.657109     3.2929      7.720  -101.4873 1.2387e-01     4.6204      5.729      8.311    10.9009 0.0000e+00
      5.848      0.020     0.0654      0.531    176.451 126.689085     3.1512      7.720  -101.8078 1.2388e-01     4.6019      5.735      8.318    10.8999 0.0000e+00
      5.852      0.020     0.0639      0.542    176.408 126.680617     3.0712      7.720  -102.1069 1.2388e-01     4.5724      5.739      8.324    10.8981 0.0000e+00
      5.857      0.019     0.0585      0.538    176.369 126.682149     3.0580      7.720  -102.5225 1.2390e-01     4.5708      5.743      8.330    10.8952 0.0000e+00
      5.863      0.018     0.0552      0.520    176.371 126.707647     3.0755      7.722  -102.7891 1.2386e-01     4.5831      5.749      8.338    10.8932 0.0000e+00
      5.868      0.018     0.0593      0.513    176.401 126.734134     3.1080      7.723  -102.8360 1.2382e-01     4.5845      5.755      8.347    10.8947 0.0000e+00
