Data/DataNotYetUploadedToEDI/Raw_CTD/RawDownloads/092225_fcr20_S7809002.cnv
* Sea-Bird SBE19plus  Data File:
* FileName = C:\R\Reservoirs\Data\DataNotYetUploadedToEDI\Raw_CTD\RawDownloads\092225_fcr50_S7809_0002.hex
* Software version 2.8.0.119
* Temperature SN = 7809
* Conductivity SN = 7809
* System UpLoad Time = Sep 23 2025 09:56:54
* <ApplicationData>
* <Seaterm232>
# nquan = 15
# nvalues = 1197                        
# units = specified
# name 0 = depFM: Depth [fresh water, m]
# name 1 = dz/dtM: Descent Rate [m/s]
# name 2 = sbeox0Mg/L: Oxygen, SBE 43 [mg/l]
# name 3 = sbeox0PS: Oxygen, SBE 43 [% saturation]
# name 4 = specc: Specific Conductance [uS/cm]
# name 5 = c0uS/cm: Conductivity [uS/cm]
# name 6 = flECO-AFL: Fluorescence, WET Labs ECO-AFL/FL [mg/m^3]
# name 7 = ph: pH
# name 8 = orp: Oxidation Reduction Potential [mV]
# name 9 = par/sat/log: PAR/Logarithmic, Satlantic
# name 10 = turbWETntu0: Turbidity, WET Labs ECO [NTU]
# name 11 = prdM: Pressure, Strain Gauge [db]
# name 12 = prdE: Pressure, Strain Gauge [psi]
# name 13 = tv290C: Temperature [ITS-90, deg C]
# name 14 = flag:  0.000e+00
# span 0 =     -0.610,      2.901       
# span 1 =     -0.400,      0.207       
# span 2 =     0.0497,    10.9408       
# span 3 =      0.553,    125.271       
# span 4 =      2.533,     47.597       
# span 5 =   2.409158,  42.231646       
# span 6 =    -0.0310,    20.6385       
# span 7 =      8.333,     11.232       
# span 8 =   -25.6292,   374.9689       
# span 9 = 4.5259e+00, 2.4997e+03       
# span 10 =    -0.1501,   208.5997      
# span 11 =     -0.599,      2.845      
# span 12 =     -0.869,      4.126      
# span 13 =    19.3019,    22.5477      
# span 14 = 0.0000e+00, 0.0000e+00      
# interval = seconds: 0.25
# start_time = Sep 22 2025 11:33:54 [Instrument's time stamp, header]
# bad_flag = -9.990e-29
*END*
[from data line 1157]
      0.082     -0.132     7.9768     91.410     39.477  36.783954     1.5849     10.687   118.4643 9.8733e+02     8.1302      0.082      0.118    21.3394 0.0000e+00
      0.052     -0.150     7.9436     92.322     39.599  36.953173     1.4701     10.713   137.9609 7.4988e+02     8.1150      0.048      0.070    21.3596 0.0000e+00
      0.024     -0.172     7.9617     93.557     39.800  37.194620     1.4818     10.750   159.2836 8.7409e+02     8.1885      0.026      0.038    21.4075 0.0000e+00
     -0.016     -0.197     8.0020     95.001     39.832  37.292107     1.4429     10.791   167.5434 1.2262e+03     8.2331     -0.004     -0.005    21.4938 0.0000e+00
     -0.079     -0.226     8.0511     96.447     39.640  37.180174     1.3078     10.829   159.7054 1.3107e+03     8.1762     -0.074     -0.107    21.5944 0.0000e+00
     -0.150     -0.257     8.1112     97.964     39.453  37.046969     1.2055     10.857   139.7136 1.2672e+03     8.1497     -0.152     -0.222    21.6567 0.0000e+00
     -0.218     -0.285     8.2165     99.586     39.403  37.014125     1.1712     10.872   117.0043 1.2367e+03     8.0501     -0.211     -0.306    21.7100 0.0000e+00
     -0.290     -0.295     8.3420    101.071     39.287  36.909997     1.0015     10.879   102.4645 1.1513e+03     6.4255     -0.283     -0.409    21.8058 0.0000e+00
     -0.371     -0.280     8.4424    101.990     38.161  35.851420     0.6938     10.885    98.6511 9.4026e+02     3.3312     -0.359     -0.520    21.9073 0.0000e+00
     -0.464     -0.248     8.5659    102.083     30.236  28.402709     0.5135     10.890    99.2039 6.0634e+02     1.5512     -0.452     -0.657    21.9608 0.0000e+00
     -0.549     -0.203     8.7141    101.492     16.731  15.712403     0.4611     10.893    99.7695 3.6060e+02     1.3689     -0.559     -0.810    21.9645 0.0000e+00
     -0.596     -0.152     8.8591    100.537      8.952   8.403574     0.3431     10.895   100.0694 2.6658e+02     1.1279     -0.598     -0.867    21.9697 0.0000e+00
     -0.607     -0.099     8.9507     99.627      7.644   7.174225     0.1354     10.896   100.2486 2.2787e+02     0.4813     -0.595     -0.863    21.9748 0.0000e+00
     -0.607     -0.051     8.9521     99.097      7.657   7.184391    -0.0025     10.896   100.6463 2.0001e+02     0.0073     -0.595     -0.863    21.9588 0.0000e+00
     -0.607     -0.018     8.8953     98.949      7.062   6.625819    -0.0259     10.895   101.0060 1.8692e+02    -0.0594     -0.594     -0.862    21.9402 0.0000e+00
     -0.607     -0.004     8.8017     99.108      5.919   5.552574    -0.0063     10.894   101.2423 1.8461e+02    -0.0187     -0.596     -0.864    21.9279 0.0000e+00
     -0.608     -0.000     8.7074     99.506      6.187   5.802146     0.0273     10.892   101.6099 1.8299e+02     0.0214     -0.596     -0.865    21.9195 0.0000e+00
     -0.608 -2.173e-08     8.6672     99.861      9.068   8.502901     0.0313     10.890   102.0951 1.7818e+02     0.0150     -0.596     -0.864    21.9126 0.0000e+00
     -0.607 -2.390e-07     8.6597     99.896     11.217  10.516456     0.0083     10.888   102.6351 1.7276e+02     0.0072     -0.596     -0.864    21.9048 0.0000e+00
     -0.607 -2.390e-07     8.6709     99.496      9.515   8.919531    -0.0106     10.887   103.1494 1.6540e+02    -0.0046     -0.596     -0.864    21.8961 0.0000e+00
     -0.607 -2.173e-08     8.7210     98.611     10.852  10.169704    -0.0219     10.887   103.5811 1.5535e+02    -0.0939     -0.596     -0.864    21.8878 0.0000e+00
     -0.608 -1.975e-09     8.7625     97.321     19.643  18.404722    -0.0277     10.887   103.9824 1.4806e+02    -0.1501     -0.596     -0.864    21.8797 0.0000e+00
     -0.608 -1.796e-10     8.7681     95.842     30.009  28.113259    -0.0310     10.886   104.4743 1.4327e+02    -0.1377     -0.596     -0.864    21.8717 0.0000e+00
     -0.608 -1.632e-11     8.7377     94.408     36.536  34.221241    -0.0288     10.884   104.9679 1.3737e+02    -0.0803     -0.596     -0.864    21.8635 0.0000e+00
     -0.608 -1.484e-12     8.6595     93.336     38.716  36.248388    -0.0091     10.882   105.3044 1.3197e+02     0.0311     -0.596     -0.864    21.8550 0.0000e+00
     -0.608 -1.349e-13     8.5386     92.928     39.017  36.509383     0.0074     10.880   105.7040 1.2823e+02     0.0481     -0.596     -0.865    21.8462 0.0000e+00
     -0.608 -1.226e-14     8.4046     93.181     39.155  36.615459    -0.0043     10.878   106.2725 1.2330e+02    -0.0450     -0.596     -0.864    21.8386 0.0000e+00
     -0.608 -1.115e-15     8.2707     93.886     39.207  36.642588    -0.0010     10.876   106.9291 1.1823e+02    -0.0362     -0.596     -0.865    21.8304 0.0000e+00
     -0.608 -1.014e-16     8.1649     94.828     39.229  36.647017     0.0394     10.875   107.5345 1.1583e+02     0.0865     -0.595     -0.864    21.8120 0.0000e+00
     -0.608 -9.215e-18     8.1370     95.801     39.266  36.668981     0.0675     10.874   107.8274 1.1249e+02     0.1409     -0.596     -0.863    21.7824 0.0000e+00
     -0.607 -8.375e-19     8.1722     96.631     39.261  36.654322     0.0483     10.873   107.9750 1.0725e+02     0.0744     -0.596     -0.864    21.7501 0.0000e+00
     -0.607 -7.615e-20     8.2447     97.226     39.207  36.596676     0.0064     10.871   108.2005 1.0279e+02    -0.0350     -0.596     -0.864    21.7221 0.0000e+00
     -0.607 -6.925e-21     8.3370     97.530     39.156  36.543041     0.0021     10.870   108.4040 9.9694e+01    -0.0204     -0.596     -0.864    21.7012 0.0000e+00
     -0.607 -6.295e-22     8.4317     97.424     39.129  36.513433     0.0297     10.870   108.7144 9.9369e+01     0.1148     -0.596     -0.864    21.6858 0.0000e+00
     -0.607 -5.767e-23     8.5080     96.862     39.110  36.492498     0.0484     10.868   109.1997 1.0091e+02     0.1992     -0.596     -0.864    21.6736 0.0000e+00
     -0.608 -1.040e-23     8.5645     96.477     39.099  36.480271     0.0541     10.867   109.4533 1.0253e+02     0.2147     -0.596     -0.865    21.6648 0.0000e+00
     -0.608 -9.990e-29     8.5923 -9.990e-29 -9.990e-29 -9.990e-29 -9.990e-29 -9.990e-29 -9.990e-29 1.0383e+02 -9.990e-29     -0.596     -0.865    21.6576 0.0000e+00
     -0.608 -9.990e-29     8.5967 -9.990e-29 -9.990e-29 -9.990e-29 -9.990e-29 -9.990e-29 -9.990e-29 1.0423e+02 -9.990e-29     -0.596     -0.864    21.6520 0.0000e+00
     -0.608 -9.990e-29     8.5254 -9.990e-29 -9.990e-29 -9.990e-29 -9.990e-29 -9.990e-29 -9.990e-29 1.0278e+02 -9.990e-29     -0.596     -0.864    21.6476 0.0000e+00
     -0.608 -9.990e-29     8.4483 -9.990e-29 -9.990e-29 -9.990e-29 -9.990e-29 -9.990e-29 -9.990e-29 1.0139e+02 -9.990e-29     -0.595     -0.863    21.6453 0.0000e+00
