Data/DataNotYetUploadedToEDI/Raw_CTD/RawDownloads/092225_fcr30_S7809003.cnv
* Sea-Bird SBE19plus  Data File:
* FileName = C:\R\Reservoirs\Data\DataNotYetUploadedToEDI\Raw_CTD\RawDownloads\092225_fcr50_S7809_0003.hex
* Software version 2.8.0.119
* Temperature SN = 7809
* Conductivity SN = 7809
* System UpLoad Time = Sep 23 2025 09:57:29
* <ApplicationData>
* <Seaterm232>
# nquan = 15
# nvalues = 1296                        
# units = specified
# name 0 = depFM: Depth [fresh water, m]
# name 1 = dz/dtM: Descent Rate [m/s]
# name 2 = sbeox0Mg/L: Oxygen, SBE 43 [mg/l]
# name 3 = sbeox0PS: Oxygen, SBE 43 [% saturation]
# name 4 = specc: Specific Conductance [uS/cm]
# name 5 = c0uS/cm: Conductivity [uS/cm]
# name 6 = flECO-AFL: Fluorescence, WET Labs ECO-AFL/FL [mg/m^3]
# name 7 = ph: pH
# name 8 = orp: Oxidation Reduction Potential [mV]
# name 9 = par/sat/log: PAR/Logarithmic, Satlantic
# name 10 = turbWETntu0: Turbidity, WET Labs ECO [NTU]
# name 11 = prdM: Pressure, Strain Gauge [db]
# name 12 = prdE: Pressure, Strain Gauge [psi]
# name 13 = tv290C: Temperature [ITS-90, deg C]
# name 14 = flag:  0.000e+00
# span 0 =     -0.611,      5.412       
# span 1 =     -0.524,      0.164       
# span 2 =    -0.0803,    11.2698       
# span 3 =     -0.672,    128.701       
# span 4 =      1.687,     77.805       
# span 5 =   1.541624,  62.762053       
# span 6 =    -0.1012,     3.4211       
# span 7 =      8.479,     11.368       
# span 8 =  -111.2767,   254.1922       
# span 9 = 1.2361e-01, 5.5485e+02       
# span 10 =     0.8347,   211.2448      
# span 11 =     -0.599,      5.308      
# span 12 =     -0.869,      7.699      
# span 13 =    12.6983,    22.2533      
# span 14 = 0.0000e+00, 0.0000e+00      
# interval = seconds: 0.25
# start_time = Sep 22 2025 12:03:35 [Instrument's time stamp, header]
# bad_flag = -9.990e-29
*END*
[from data line 97]
     -0.107     -0.006     8.0166     95.457     39.054  36.856841     1.6589     11.153    71.8252 4.4419e+02     6.4059     -0.106     -0.154    22.1640 0.0000e+00
     -0.107     -0.002     8.1166     95.533     39.150  36.946795     1.6924     11.156    71.7548 4.4377e+02     6.3774     -0.106     -0.153    22.1743 0.0000e+00
     -0.103      0.000     8.2261     95.385     39.194  36.988119     1.6930     11.158    71.6747 4.4286e+02     6.2531     -0.101     -0.146    22.1806 0.0000e+00
     -0.101      0.000     8.2937     95.101     39.182  36.975764     1.6584     11.160    71.7164 4.4281e+02     6.2355     -0.097     -0.140    22.1825 0.0000e+00
     -0.102     -0.001     8.3255     94.680     39.131  36.924329     1.6314     11.162    71.8284 4.4409e+02     6.3350     -0.099     -0.142    22.1819 0.0000e+00
     -0.106     -0.001     8.3298     94.066     39.083  36.873832     1.6417     11.164    71.9967 4.4209e+02     6.4311     -0.105     -0.151    22.1812 0.0000e+00
     -0.108     -0.000     8.3129     93.277     39.085  36.872828     1.6495     11.166    72.1164 4.3736e+02     6.4072     -0.108     -0.156    22.1805 0.0000e+00
     -0.108      0.001     8.2890     92.407     39.128  36.912187     1.6166     11.168    72.1572 4.3548e+02     6.3195     -0.106     -0.154    22.1798 0.0000e+00
     -0.106      0.003     8.2559     91.555     39.188  36.969004     1.5863     11.170    72.2327 4.3730e+02     6.2926     -0.104     -0.151    22.1756 0.0000e+00
     -0.103      0.005     8.2034     90.864     39.208  36.988720     1.5829     11.171    72.4268 4.3930e+02     6.3551     -0.101     -0.147    22.1674 0.0000e+00
     -0.101      0.006     8.1308     90.430     39.178  36.960211     1.5832     11.172    72.6110 4.3895e+02     6.3919     -0.099     -0.142    22.1632 0.0000e+00
     -0.099      0.006     8.0534     90.195     39.159  36.941567     1.5731     11.174    72.5662 4.3725e+02     6.3624     -0.097     -0.140    22.1629 0.0000e+00
     -0.098      0.005     7.9739     90.071     39.172  36.953652     1.5688     11.176    72.4886 4.3631e+02     6.4081     -0.097     -0.140    22.1642 0.0000e+00
     -0.097      0.004     7.9084     90.076     39.199  36.979430     1.5902     11.177    72.5326 4.3607e+02     6.5346     -0.096     -0.139    22.1657 0.0000e+00
     -0.096      0.004     7.8747     90.271     39.219  36.999437     1.6231     11.177    72.5819 4.3696e+02     6.6618     -0.094     -0.137    22.1648 0.0000e+00
     -0.096      0.004     7.8586     90.715     39.224  37.005194     1.6422     11.179    72.6551 4.3841e+02     6.7160     -0.094     -0.137    22.1629 0.0000e+00
     -0.095      0.003     7.8455     91.355     39.202  36.985579     1.6383     11.181    72.7290 4.3729e+02     6.6439     -0.094     -0.136    22.1624 0.0000e+00
     -0.094      0.003     7.8449     92.048     39.167  36.952647     1.6175     11.182    72.7874 4.3495e+02     6.5414     -0.092     -0.133    22.1636 0.0000e+00
     -0.092      0.003     7.8583     92.754     39.138  36.924282     1.6154     11.184    72.8447 4.3442e+02     6.5691     -0.090     -0.131    22.1652 0.0000e+00
     -0.092      0.002     7.8974     93.494     39.111  36.896427     1.6381     11.186    72.9056 4.3412e+02     6.6717     -0.090     -0.131    22.1664 0.0000e+00
     -0.092      0.001     7.9616     94.230     39.086  36.869659     1.6511     11.187    73.0074 4.3270e+02     6.7236     -0.090     -0.131    22.1674 0.0000e+00
     -0.091      0.001     8.0206     94.878     39.070  36.854439     1.6389     11.188    73.0426 4.3220e+02     6.6836     -0.089     -0.130    22.1687 0.0000e+00
     -0.091      0.002     8.0810     95.371     39.053  36.839311     1.6070     11.190    72.9869 4.3330e+02     6.5976     -0.089     -0.129    22.1677 0.0000e+00
     -0.091      0.003     8.1477     95.680     39.027  36.813650     1.6148     11.192    73.1083 4.3394e+02     6.6063     -0.090     -0.132    22.1629 0.0000e+00
     -0.091      0.004     8.2157     95.789     39.013  36.797992     1.6578     11.194    73.3927 4.3391e+02     6.6186     -0.091     -0.131    22.1577 0.0000e+00
     -0.089      0.005     8.2746     95.641     38.993  36.776894     1.6698     11.197    73.5863 4.3423e+02     6.5409     -0.086     -0.125    22.1574 0.0000e+00
     -0.086      0.006     8.3175     95.191     38.897  36.685452     1.6593     11.200    73.7288 4.3448e+02     6.4867     -0.084     -0.122    22.1606 0.0000e+00
     -0.086      0.007     8.3443     94.461     38.719  36.517257     1.6563     11.202    73.8242 4.3388e+02     6.5444     -0.084     -0.122    22.1612 0.0000e+00
     -0.085      0.006     8.3563     93.484     38.585  36.393009     1.6758     11.204    73.7937 4.3272e+02     6.6922     -0.084     -0.122    22.1567 0.0000e+00
     -0.082      0.005     8.3474     92.301     38.577  36.388772     1.6862     11.205    73.7892 4.3239e+02     6.7021     -0.081     -0.118    22.1518 0.0000e+00
     -0.078      0.003     8.3055     90.995     38.657  36.466030     1.6821     11.205    73.8569 4.3372e+02     6.5621     -0.075     -0.108    22.1512 0.0000e+00
     -0.077      0.002     8.2416     89.713     38.695  36.502260     1.6762     11.207    73.9244 4.3491e+02     6.5023     -0.073     -0.107    22.1517 0.0000e+00
     -0.079      0.001     8.1550     88.603     38.568  36.382672     1.6482     11.211    74.0021 4.3483e+02     6.5595     -0.078     -0.114    22.1537 0.0000e+00
     -0.081     -0.002     8.0490     87.716     38.402  36.225677     1.6272     11.213    74.0224 4.3490e+02     6.6731     -0.081     -0.117    22.1590 0.0000e+00
     -0.080     -0.004     7.9299     86.988     38.365  36.190327     1.6133     11.214    74.0834 4.3511e+02     6.6806     -0.080     -0.116    22.1611 0.0000e+00
     -0.080     -0.004     7.8123     86.331     38.385  36.209062     1.5883     11.216    74.3098 4.3504e+02     6.5472     -0.076     -0.112    22.1610 0.0000e+00
     -0.081     -0.003     7.7146     85.732     38.375  36.198392     1.5738     11.216    74.4360 4.3505e+02     6.4257     -0.078     -0.113    22.1608 0.0000e+00
     -0.086     -0.001     7.6393     85.198     38.365  36.188222     1.5886     11.218    74.3191 4.3449e+02     6.3732     -0.085     -0.122    22.1597 0.0000e+00
     -0.088      0.000     7.5808     84.721     38.393  36.212988     1.6260     11.220    74.1863 4.3255e+02     6.3912     -0.088     -0.127    22.1609 0.0000e+00
     -0.085      0.001     7.5215     84.277     38.428  36.244028     1.6349     11.222    74.2932 4.3014e+02     6.3706     -0.084     -0.122    22.1619 0.0000e+00
     -0.081      0.003     7.4700     83.852     38.366  36.182815     1.6046     11.223    74.5796 4.2889e+02     6.3288     -0.079     -0.114    22.1601 0.0000e+00
     -0.080      0.004     7.4243     83.518     38.221  36.043925     1.6011     11.225    74.7244 4.2974e+02     6.4332     -0.078     -0.113    22.1574 0.0000e+00
     -0.080      0.003     7.3825     83.263     38.136  35.960629     1.6340     11.227    74.7525 4.3089e+02     6.6076     -0.080     -0.116    22.1553 0.0000e+00
     -0.080      0.002     7.3478     82.974     38.124  35.937093     1.6520     11.229    74.7482 4.3029e+02     6.6957     -0.080     -0.115    22.1527 0.0000e+00
     -0.079     -0.000     7.3054     82.617     38.160  35.949685     1.6367     11.232    74.7585 4.2840e+02     6.5757     -0.076     -0.110    22.1499 0.0000e+00
     -0.079     -0.001     7.2767     82.214     38.287  36.049390     1.5987     11.235    74.9627 4.2645e+02     6.3522     -0.077     -0.111    22.1475 0.0000e+00
     -0.079     -0.001     7.2615     81.839     38.380  36.127385     1.5841     11.238    75.1522 4.2761e+02     6.3493     -0.078     -0.112    22.1473 0.0000e+00
     -0.081      0.000     7.2370     81.611     38.317  36.067859     1.6091     11.240    75.1559 4.3133e+02     6.4726     -0.077     -0.113    22.1337 0.0000e+00
     -0.084      0.000     7.2110     81.560     38.203  35.964169     1.6429     11.240    75.1798 4.3360e+02     6.4422     -0.083     -0.120    22.0965 0.0000e+00
     -0.084      0.001     7.1785     81.597     38.119  35.888886     1.6598     11.241    75.2698 4.3461e+02     6.3235     -0.084     -0.122    22.0649 0.0000e+00
     -0.080      0.002     7.1411     81.612     38.083  35.855577     1.6474     11.243    75.3835 4.3550e+02     6.3011     -0.078     -0.113    22.0566 0.0000e+00
     -0.077      0.002     7.1200     81.543     38.113  35.878678     1.6504     11.244    75.5219 4.3559e+02     6.3769     -0.074     -0.107    22.0597 0.0000e+00
     -0.077      0.003     7.1190     81.370     38.160  35.914395     1.6712     11.244    75.5667 4.3543e+02     6.3868     -0.075     -0.108    22.0628 0.0000e+00
     -0.079      0.003     7.1252     81.118     38.160  35.906713     1.6664     11.245    75.6674 4.3661e+02     6.3517     -0.077     -0.112    22.0697 0.0000e+00
     -0.079      0.002     7.1271     80.838     38.104  35.849240     1.6509     11.246    75.8784 4.3775e+02     6.3972     -0.079     -0.114    22.0747 0.0000e+00
     -0.078      0.002     7.1234     80.545     38.045  35.790534     1.6414     11.245    75.9677 4.3673e+02     6.4921     -0.078     -0.113    22.0648 0.0000e+00
     -0.077      0.002     7.1095     80.240     38.022  35.767944     1.6516     11.245    76.0587 4.3526e+02     6.6108     -0.075     -0.109    22.0496 0.0000e+00
     -0.075      0.002     7.0862     79.938     38.021  35.766457     1.6654     11.246    76.2032 4.3547e+02     6.5696     -0.072     -0.105    22.0413 0.0000e+00
     -0.074      0.002     7.0625     79.672     38.028  35.772552     1.6674     11.247    76.3386 4.3691e+02     6.3355     -0.071     -0.104    22.0362 0.0000e+00
     -0.075      0.001     7.0378     79.476     38.034  35.778189     1.6758     11.248    76.4914 4.3856e+02     6.2048     -0.073     -0.106    22.0318 0.0000e+00
     -0.076      0.000     7.0106     79.335     38.027  35.771161     1.6750     11.249    76.5023 4.3945e+02     6.2540     -0.075     -0.108    22.0298 0.0000e+00
     -0.076      0.000     6.9838     79.202     38.007  35.751029     1.6747     11.249    76.3844 4.3915e+02     6.4865     -0.075     -0.109    22.0293 0.0000e+00
     -0.075      0.000     6.9585     79.069     37.980  35.725119     1.6809     11.249    76.4424 4.3860e+02     6.7270     -0.074     -0.107    22.0294 0.0000e+00
     -0.075      0.001     6.9419     78.921     37.967  35.711680     1.6673     11.249    76.6871 4.3822e+02     6.7361     -0.073     -0.106    22.0294 0.0000e+00
     -0.074      0.002     6.9325     78.746     37.973  35.715435     1.6510     11.249    76.9340 4.3762e+02     6.6991     -0.072     -0.105    22.0290 0.0000e+00
     -0.074      0.003     6.9197     78.556     37.966  35.707075     1.6582     11.249    77.1049 4.3740e+02     6.7238     -0.072     -0.105    22.0278 0.0000e+00
     -0.074      0.003     6.9095     78.351     37.932  35.674045     1.6789     11.249    77.1184 4.3797e+02     6.7278     -0.073     -0.106    22.0259 0.0000e+00
     -0.073      0.003     6.8977     78.135     37.891  35.633320     1.6768     11.250    77.0975 4.3842e+02     6.6785     -0.072     -0.105    22.0240 0.0000e+00
     -0.072      0.002     6.8811     77.895     37.853  35.595358     1.6496     11.250    77.1960 4.3827e+02     6.5716     -0.069     -0.101    22.0217 0.0000e+00
     -0.070      0.002     6.8659     77.620     37.855  35.595748     1.6497     11.250    77.3631 4.3792e+02     6.4942     -0.068     -0.099    22.0195 0.0000e+00
     -0.070      0.002     6.8475     77.331     37.901  35.638025     1.6862     11.251    77.4836 4.3782e+02     6.4607     -0.069     -0.100    22.0174 0.0000e+00
     -0.070      0.001     6.8295     77.032     37.929  35.662383     1.7090     11.252    77.4472 4.3792e+02     6.4396     -0.069     -0.100    22.0153 0.0000e+00
     -0.070      0.001     6.8099     76.735     37.903  35.636461     1.6917     11.252    77.3535 4.3825e+02     6.4431     -0.069     -0.100    22.0133 0.0000e+00
     -0.070      0.001     6.7841     76.490     37.842  35.578406     1.6691     11.253    77.4697 4.3907e+02     6.5035     -0.069     -0.100    22.0110 0.0000e+00
     -0.070      0.002     6.7598     76.296     37.793  35.531481     1.6929     11.254    77.6472 4.4148e+02     6.6234     -0.069     -0.101    22.0089 0.0000e+00
     -0.069      0.002     6.7342     76.100     37.775  35.513227     1.7386     11.254    77.6928 4.4477e+02     6.6970     -0.068     -0.099    22.0068 0.0000e+00
     -0.068      0.002     6.7054     75.877     37.745  35.484602     1.7551     11.255    77.7640 4.4590e+02     6.7108     -0.067     -0.097    22.0048 0.0000e+00
     -0.067      0.001     6.6844     75.636     37.698  35.439170     1.7435     11.256    77.8188 4.4598e+02     6.6878     -0.066     -0.096    22.0038 0.0000e+00
     -0.066     -0.001     6.6703     75.382     37.733  35.471496     1.7147     11.257    77.8395 4.4736e+02     6.6579     -0.065     -0.095    22.0027 0.0000e+00
     -0.066     -0.003     6.6540     75.140     38.164  35.875449     1.6979     11.257    77.9285 4.5021e+02     6.6909     -0.064     -0.093    22.0012 0.0000e+00
     -0.068     -0.003     6.6334     75.089     39.044  36.706657     1.6897     11.258    78.0340 4.5380e+02     6.6428     -0.067     -0.096    21.9998 0.0000e+00
     -0.072     -0.003     6.6137     76.243     39.762  37.399786     1.6739     11.259    78.1688 4.5552e+02     6.5212     -0.071     -0.103    21.9988 0.0000e+00
     -0.073     -0.003     6.5893     80.397     39.999  37.656970     1.6824     11.259    78.2683 4.5429e+02     6.6211     -0.073     -0.105    21.9976 0.0000e+00
     -0.072     -0.003     6.5692     88.119     40.032  37.722304     1.7091     11.260    78.2033 4.5615e+02     6.9615     -0.070     -0.104    21.9956 0.0000e+00
     -0.071     -0.002     6.5428     97.840     40.031  37.745588     1.7303     11.260    78.1577 4.6285e+02     7.2206     -0.069     -0.101    21.9935 0.0000e+00
     -0.071     -0.001     6.5602    107.469     40.018  37.748167     1.7383     11.260    78.2327 4.6635e+02     7.1927     -0.070     -0.100    22.0144 0.0000e+00
     -0.072     -0.001     6.8891    115.792     40.013  37.753497     1.7231     11.260    78.3357 4.6515e+02     6.9313     -0.070     -0.102    22.0678 0.0000e+00
     -0.074     -0.002     7.6246    122.286     39.999  37.746591     1.7051     11.260    78.4567 4.6362e+02     6.6217     -0.072     -0.106    22.1168 0.0000e+00
     -0.075     -0.002     8.5424    126.600     39.975  37.728134     1.7195     11.261    78.5779 4.6410e+02     6.5241     -0.073     -0.107    22.1450 0.0000e+00
     -0.075     -0.002     9.4110    128.652     39.964  37.720701     1.7472     11.263    78.6833 4.6439e+02     6.6390     -0.073     -0.106    22.1616 0.0000e+00
     -0.075     -0.001    10.1427    128.701     39.962  37.720189     1.7240     11.264    78.7836 4.6178e+02     6.7136     -0.074     -0.107    22.1723 0.0000e+00
     -0.076      0.001    10.7231    127.404     39.963  37.721949     1.6639     11.264    78.8441 4.5923e+02     6.7083     -0.075     -0.108    22.1796 0.0000e+00
     -0.076      0.002    11.0982    125.649     39.985  37.741979     1.6366     11.265    78.8126 4.5863e+02     6.7123     -0.075     -0.109    22.1847 0.0000e+00
     -0.075      0.003    11.2698    124.029     40.017  37.771995     1.6517     11.266    78.8331 4.5863e+02     6.7615     -0.075     -0.108    22.1886 0.0000e+00
     -0.074      0.003    11.2543    122.699     40.013  37.767593     1.6967     11.266    78.9201 4.5850e+02     6.6877     -0.073     -0.106    22.1904 0.0000e+00
