Data/DataNotYetUploadedToEDI/Raw_CTD/RawDownloads/092225_fcr50_S7809005.cnv
* Sea-Bird SBE19plus  Data File:
* FileName = C:\R\Reservoirs\Data\DataNotYetUploadedToEDI\Raw_CTD\RawDownloads\092225_fcr50_S7809_0005.hex
* Software version 2.8.0.119
* Temperature SN = 7809
* Conductivity SN = 7809
* System UpLoad Time = Sep 23 2025 09:58:56
* <ApplicationData>
* <Seaterm232>
# nquan = 15
# nvalues = 2093                        
# units = specified
# name 0 = depFM: Depth [fresh water, m]
# name 1 = dz/dtM: Descent Rate [m/s]
# name 2 = sbeox0Mg/L: Oxygen, SBE 43 [mg/l]
# name 3 = sbeox0PS: Oxygen, SBE 43 [% saturation]
# name 4 = specc: Specific Conductance [uS/cm]
# name 5 = c0uS/cm: Conductivity [uS/cm]
# name 6 = flECO-AFL: Fluorescence, WET Labs ECO-AFL/FL [mg/m^3]
# name 7 = ph: pH
# name 8 = orp: Oxidation Reduction Potential [mV]
# name 9 = par/sat/log: PAR/Logarithmic, Satlantic
# name 10 = turbWETntu0: Turbidity, WET Labs ECO [NTU]
# name 11 = prdM: Pressure, Strain Gauge [db]
# name 12 = prdE: Pressure, Strain Gauge [psi]
# name 13 = tv290C: Temperature [ITS-90, deg C]
# name 14 = flag:  0.000e+00
# span 0 =     -0.610,      9.575       
# span 1 =     -0.420,      0.164       
# span 2 =    -0.1010,    12.7157       
# span 3 =     -0.716,    143.689       
# span 4 =      1.903,    429.565       
# span 5 =   1.688517, 323.693364       
# span 6 =    -0.1113,    13.9725       
# span 7 =      8.280,     11.478       
# span 8 =    -6.1859,   284.9077       
# span 9 = 1.2359e-01, 1.7395e+03       
# span 10 =    -0.1480,   601.6507      
# span 11 =     -0.599,      9.390      
# span 12 =     -0.870,     13.620      
# span 13 =    12.6134,    21.6751      
# span 14 = 0.0000e+00, 0.0000e+00      
# interval = seconds: 0.25
# start_time = Sep 22 2025 12:35:47 [Instrument's time stamp, header]
# bad_flag = -9.990e-29
*END*
[from data line 964]
      3.492      0.007     0.0224      0.242     54.912  47.101038     2.6786      9.103   148.2465 8.5150e-01     3.5468      3.424      4.967    17.9491 0.0000e+00
      3.493      0.010     0.0217      0.235     55.128  47.251419     2.7161      9.102   148.4299 8.4610e-01     3.6498      3.425      4.968    17.9585 0.0000e+00
      3.497      0.014     0.0211      0.239     55.421  47.471634     2.7301      9.101   148.4734 8.4986e-01     3.8312      3.428      4.972    17.9596 0.0000e+00
      3.502      0.017     0.0241      0.252     55.922  47.858980     2.7152      9.099   148.5148 8.5042e-01     3.8952      3.434      4.981    17.9277 0.0000e+00
      3.508      0.019     0.0229      0.259     56.579  48.379414     2.6686      9.097   148.6720 8.3331e-01     3.8770      3.440      4.989    17.8781 0.0000e+00
      3.513      0.020     0.0222      0.268     57.490  49.129376     2.6488      9.094   148.9112 8.1610e-01     3.8844      3.445      4.997    17.8476 0.0000e+00
      3.519      0.019     0.0218      0.279     58.563  50.006066     2.6677      9.091   148.9119 8.1447e-01     3.9510      3.451      5.005    17.8314 0.0000e+00
      3.524      0.019     0.0248      0.276     59.571  50.788671     2.6897      9.088   148.5948 8.1487e-01     3.9986      3.457      5.013    17.7869 0.0000e+00
      3.528      0.019     0.0244      0.265     60.964  51.861125     2.6973      9.086   148.1740 8.0861e-01     3.9815      3.460      5.019    17.7401 0.0000e+00
      3.532      0.022     0.0249      0.259     62.539  53.066717     2.6858      9.083   147.8685 7.9755e-01     3.9833      3.463      5.023    17.7274 0.0000e+00
      3.536      0.025     0.0278      0.270     63.348  53.617249     2.6585      9.080   147.7406 7.8245e-01     3.9525      3.466      5.028    17.7054 0.0000e+00
      3.541      0.028     0.0262      0.280     63.714  53.818159     2.6499      9.077   147.7461 7.7156e-01     4.0182      3.470      5.033    17.6347 0.0000e+00
      3.550      0.030     0.0257      0.257     64.192  54.162104     2.6732      9.075   147.5044 7.6584e-01     4.2654      3.481      5.048    17.5360 0.0000e+00
      3.562      0.031     0.0237      0.227     64.600  54.473373     2.6904      9.072   146.9690 7.5333e-01     4.4140      3.494      5.069    17.4264 0.0000e+00
      3.572      0.029     0.0256      0.222     64.870  54.660250     2.6752      9.069   146.7793 7.4441e-01     4.3463      3.503      5.081    17.3076 0.0000e+00
      3.579      0.025     0.0290      0.228     65.215  54.897342     2.6474      9.065   147.0178 7.3877e-01     4.1978      3.510      5.091    17.2121 0.0000e+00
      3.584      0.021     0.0249      0.227     66.026  55.498170     2.6129      9.062   147.0991 7.3478e-01     4.1218      3.516      5.099    17.1756 0.0000e+00
      3.588      0.019     0.0206      0.229     67.404  56.526122     2.5744      9.061   146.7296 7.4338e-01     4.1793      3.519      5.102    17.1637 0.0000e+00
      3.590      0.019     0.0208      0.222     68.805  57.544817     2.5647      9.060   146.4220 7.4104e-01     4.2776      3.521      5.107    17.1286 0.0000e+00
      3.593      0.021     0.0233      0.208     70.020  58.414446     2.5539      9.056   146.4773 7.1486e-01     4.2520      3.523      5.109    17.0908 0.0000e+00
      3.598      0.024     0.0210      0.214     71.016  59.100462     2.5020      9.051   146.7099 6.9349e-01     4.1766      3.527      5.114    17.0409 0.0000e+00
      3.606      0.026     0.0227      0.224     71.374  59.232860     2.4370      9.045   146.9978 6.9202e-01     4.2201      3.536      5.128    16.9369 0.0000e+00
      3.616      0.027     0.0228      0.231     71.216  58.935171     2.4163      9.040   147.1193 6.8914e-01     4.3672      3.547      5.144    16.8060 0.0000e+00
      3.625      0.026     0.0182      0.234     70.995  58.613601     2.4430      9.036   147.1463 6.8514e-01     4.5213      3.555      5.157    16.7077 0.0000e+00
      3.631      0.023     0.0216      0.245     70.786  58.330210     2.4770      9.033   147.4953 6.9198e-01     4.5120      3.562      5.167    16.6180 0.0000e+00
      3.635      0.019     0.0215      0.254     70.701  58.176502     2.4942      9.028   148.0706 6.9356e-01     4.3236      3.566      5.172    16.4912 0.0000e+00
      3.638      0.017     0.0232      0.241     70.803  58.216021     2.4847      9.023   148.2509 6.9549e-01     4.1565      3.567      5.174    16.3639 0.0000e+00
      3.640      0.017     0.0225      0.241     71.073  58.426848     2.4787      9.017   147.9544 6.9753e-01     4.1645      3.571      5.179    16.2689 0.0000e+00
      3.642      0.021     0.0234      0.259     71.950  59.137535     2.4634      9.011   147.8412 6.7771e-01     4.2840      3.572      5.181    16.1940 0.0000e+00
      3.646      0.028     0.0274      0.248     73.303  60.202334     2.4163      9.006   148.0008 6.5751e-01     4.3378      3.574      5.184    16.1274 0.0000e+00
      3.654      0.035     0.0222      0.218     74.258  60.882951     2.3748      9.002   147.8190 6.4958e-01     4.2685      3.583      5.196    16.0975 0.0000e+00
      3.666      0.040     0.0225      0.216     74.665  61.077475     2.3454      8.997   147.5363 6.3498e-01     4.1293      3.594      5.213    16.1002 0.0000e+00
      3.680      0.042     0.0272      0.209     74.919  61.156478     2.3099      8.992   147.6795 6.2649e-01     3.9866      3.607      5.233    16.1006 0.0000e+00
      3.695      0.040     0.0261      0.189     75.093  61.202705     2.2788      8.986   148.0883 6.2710e-01     3.9437      3.625      5.257    16.0785 0.0000e+00
      3.708      0.036     0.0184      0.188     75.233  61.255097     2.2777      8.980   148.3488 6.1143e-01     4.0550      3.640      5.279    16.0000 0.0000e+00
      3.715      0.032     0.0222      0.176     75.553  61.472227     2.2794      8.973   148.3340 5.9842e-01     4.0685      3.645      5.286    15.8929 0.0000e+00
      3.718      0.031     0.0223      0.163     76.010  61.794944     2.2242      8.968   147.9960 6.0134e-01     3.7985      3.647      5.288    15.8020 0.0000e+00
      3.721      0.032     0.0159      0.172     76.405  62.043899     2.1354      8.961   147.5311 5.9530e-01     3.4899      3.649      5.291    15.7395 0.0000e+00
      3.726      0.033     0.0207      0.179     76.618  62.131516     2.1039      8.954   147.4458 5.8778e-01     3.4119      3.652      5.297    15.7022 0.0000e+00
      3.739      0.034     0.0172      0.170     76.659  62.091811     2.1350      8.948   147.5667 5.8382e-01     3.5038      3.664      5.315    15.6794 0.0000e+00
      3.755      0.034     0.0148      0.170     76.612  62.008476     2.1459      8.941   147.4441 5.7181e-01     3.5073      3.684      5.343    15.6528 0.0000e+00
      3.767      0.033     0.0173      0.184     76.703  62.076871     2.1105      8.933   147.0820 5.6413e-01     3.3863      3.697      5.361    15.6019 0.0000e+00
      3.773      0.030     0.0191      0.191     76.928  62.283416     2.0726      8.926   146.8889 5.6751e-01     3.3383      3.700      5.366    15.5379 0.0000e+00
      3.775      0.026     0.0163      0.190     77.146  62.472745     2.0545      8.919   147.0024 5.7141e-01     3.4400      3.702      5.369    15.4891 0.0000e+00
      3.778      0.024     0.0159      0.190     77.477  62.714154     2.0490      8.912   146.7333 5.6898e-01     3.5230      3.703      5.371    15.4562 0.0000e+00
      3.784      0.024     0.0194      0.187     77.727  62.851434     2.0240      8.905   145.9577 5.5633e-01     3.5226      3.710      5.380    15.4517 0.0000e+00
      3.792      0.024     0.0189      0.172     77.684  62.734732     1.9675      8.899   145.4537 5.4397e-01     3.5369      3.720      5.394    15.4835 0.0000e+00
      3.801      0.023     0.0193      0.169     77.474  62.510191     1.9319      8.892   145.1998 5.4506e-01     3.5595      3.727      5.406    15.4966 0.0000e+00
      3.809      0.021     0.0185      0.188     77.281  62.360194     1.9183      8.885   144.7812 5.4467e-01     3.5568      3.736      5.419    15.4787 0.0000e+00
      3.814      0.017     0.0199      0.197     77.161  62.318899     1.9029      8.880   144.2640 5.3505e-01     3.5390      3.741      5.426    15.4337 0.0000e+00
      3.817      0.013     0.0167      0.192     77.009  62.265109     1.9119      8.875   143.8508 5.3277e-01     3.5826      3.743      5.428    15.3678 0.0000e+00
      3.818      0.011     0.0155      0.187     76.806  62.154664     1.9361      8.870   143.8297 5.3922e-01     3.6396      3.743      5.429    15.3227 0.0000e+00
      3.819      0.011     0.0198      0.179     76.583  62.000124     1.9377      8.864   144.0084 5.4358e-01     3.6471      3.745      5.431    15.3291 0.0000e+00
      3.821      0.012     0.0204      0.179     76.328  61.794339     1.8984      8.859   143.8599 5.4409e-01     3.6399      3.747      5.435    15.3764 0.0000e+00
      3.825      0.014     0.0187      0.182     76.145  61.636049     1.8346      8.855   143.4972 5.4009e-01     3.6550      3.750      5.440    15.4282 0.0000e+00
      3.830      0.015     0.0192      0.160     76.118  61.611025     1.8068      8.850   143.4084 5.3074e-01     3.6931      3.755      5.447    15.4654 0.0000e+00
      3.835      0.015     0.0177      0.133     76.122  61.618840     1.8288      8.845   143.5610 5.2304e-01     3.7248      3.761      5.456    15.4811 0.0000e+00
      3.839      0.014     0.0169      0.133     76.092  61.603478     1.8601      8.841   143.4498 5.2488e-01     3.7995      3.765      5.462    15.4792 0.0000e+00
      3.842      0.014     0.0200      0.136     76.159  61.679424     1.8607      8.836   143.0962 5.3283e-01     3.8436      3.768      5.466    15.4652 0.0000e+00
      3.844      0.015     0.0165      0.126     76.490  61.965332     1.8354      8.831   142.9851 5.3381e-01     3.8146      3.770      5.468    15.4654 0.0000e+00
      3.846      0.017     0.0112      0.134     76.900  62.264924     1.8212      8.826   143.0521 5.2638e-01     3.8247      3.772      5.470    15.4705 0.0000e+00
      3.849      0.020     0.0131      0.151     77.091  62.315660     1.8055      8.821   143.0468 5.2001e-01     3.9658      3.774      5.473    15.4716 0.0000e+00
      3.855      0.023     0.0153      0.147     77.261  62.324524     1.7783      8.816   143.0068 5.1243e-01     4.1881      3.779      5.482    15.4880 0.0000e+00
      3.865      0.027     0.0108      0.141     77.518  62.435471     1.7664      8.811   142.7399 4.9874e-01     4.3261      3.791      5.498    15.5131 0.0000e+00
      3.874      0.029     0.0127      0.156     77.606  62.449834     1.7538      8.807   142.4017 4.9774e-01     4.3031      3.801      5.512    15.5045 0.0000e+00
      3.880      0.030     0.0168      0.173     77.384  62.243989     1.7175      8.804   142.4457 5.1042e-01     4.1832      3.805      5.518    15.4180 0.0000e+00
      3.887      0.032     0.0147      0.173     77.015  61.916137     1.6599      8.800   142.6688 5.1294e-01     4.2769      3.811      5.528    15.3186 0.0000e+00
      3.895      0.032     0.0128      0.158     76.881  61.725997     1.5987      8.795   142.6039 5.1164e-01     4.6157      3.821      5.542    15.2597 0.0000e+00
      3.902      0.031     0.0158      0.137     77.037  61.723853     1.5770      8.791   142.3495 5.1291e-01     4.7960      3.826      5.549    15.2238 0.0000e+00
      3.911      0.031     0.0182      0.139     77.232  61.762998     1.5720      8.788   142.3460 5.0241e-01     4.7480      3.834      5.561    15.2115 0.0000e+00
      3.922      0.031     0.0175      0.149     77.396  61.817954     1.5212      8.783   142.2183 4.8666e-01     4.7877      3.849      5.583    15.2105 0.0000e+00
      3.930      0.032     0.0171      0.161     77.351  61.752893     1.4463      8.778   141.6654 4.8208e-01     5.0368      3.856      5.593    15.1550 0.0000e+00
      3.935      0.034     0.0118      0.180     77.081  61.548097     1.4151      8.774   141.4256 4.8093e-01     5.2995      3.858      5.595    15.0505 0.0000e+00
      3.941      0.035     0.0141      0.179     76.912  61.438371     1.4273      8.770   141.8146 4.7193e-01     5.5048      3.864      5.603    14.9728 0.0000e+00
      3.952      0.035     0.0157      0.178     76.725  61.315704     1.4106      8.766   142.1521 4.5579e-01     5.7769      3.873      5.618    14.9212 0.0000e+00
      3.965      0.035     0.0144      0.195     76.325  61.017937     1.3456      8.762   141.8927 4.5063e-01     6.0279      3.889      5.642    14.9029 0.0000e+00
      3.975      0.035     0.0205      0.205     76.002  60.760528     1.2916      8.760   141.4318 4.4883e-01     6.0458      3.900      5.657    14.9191 0.0000e+00
      3.982      0.033     0.0178      0.204     75.844  60.617539     1.2574      8.757   141.1394 4.3269e-01     6.0277      3.905      5.663    14.9374 0.0000e+00
      3.989      0.030     0.0165      0.198     75.648  60.432584     1.2226      8.754   141.0239 4.2437e-01     6.2525      3.912      5.674    14.9542 0.0000e+00
      3.998      0.027     0.0206      0.178     75.659  60.366556     1.2121      8.751   140.9820 4.2836e-01     6.5784      3.922      5.688    14.9747 0.0000e+00
      4.004      0.025     0.0212      0.168     75.975  60.517925     1.2302      8.749   140.5467 4.3461e-01     6.7228      3.928      5.696    14.9765 0.0000e+00
      4.009      0.024     0.0202      0.186     76.228  60.674431     1.2257      8.747   139.8051 4.3104e-01     6.6662      3.930      5.700    14.9533 0.0000e+00
      4.016      0.024     0.0211      0.191     76.292  60.734110     1.1907      8.745   139.5003 4.3119e-01     6.6112      3.939      5.712    14.9557 0.0000e+00
      4.022      0.025     0.0179      0.166     76.190  60.667751     1.1731      8.743   139.7007 4.5068e-01     6.7072      3.946      5.723    14.9047 0.0000e+00
      4.027      0.027     0.0147      0.137     76.000  60.507398     1.1872      8.740   139.6474 4.5354e-01     6.8702      3.948      5.726    14.7998 0.0000e+00
      4.032      0.029     0.0199      0.128     75.900  60.383508     1.2113      8.738   139.2862 4.3567e-01     6.9090      3.953      5.733    14.7813 0.0000e+00
      4.041      0.030     0.0208      0.139     75.875  60.313272     1.1904      8.736   139.1192 4.2172e-01     7.0731      3.962      5.746    14.8022 0.0000e+00
      4.051      0.030     0.0169      0.151     75.785  60.229877     1.1179      8.734   139.0038 4.0734e-01     7.5230      3.972      5.760    14.8135 0.0000e+00
      4.061      0.029     0.0128      0.145     75.722  60.201035     1.0671      8.731   138.6657 3.9027e-01     7.8390      3.984      5.779    14.8157 0.0000e+00
      4.069      0.027     0.0122      0.135     75.815  60.282214     1.0673      8.728   138.2142 3.8383e-01     7.9902      3.991      5.789    14.7789 0.0000e+00
      4.074      0.025     0.0137      0.142     75.974  60.385553     1.0780      8.727   137.7608 3.8740e-01     8.0869      3.994      5.793    14.7283 0.0000e+00
      4.079      0.023     0.0168      0.159     76.013  60.370486     1.0725      8.726   137.3138 3.9120e-01     8.3592      4.000      5.802    14.7226 0.0000e+00
      4.083      0.023     0.0145      0.159     75.850  60.163506     1.0508      8.724   137.0253 3.8929e-01     8.9599      4.004      5.807    14.7558 0.0000e+00
      4.087      0.025     0.0129      0.139     75.330  59.661673     1.0153      8.722   136.7688 3.7989e-01     9.3035      4.008      5.812    14.7612 0.0000e+00
      4.095      0.028     0.0139      0.133     74.522  58.940170     0.9920      8.721   136.1050 3.6756e-01     9.3701      4.015      5.823    14.7387 0.0000e+00
      4.104      0.032     0.0169      0.138     74.066  58.491053     0.9770      8.721   135.3651 3.6293e-01     9.9704      4.025      5.838    14.7179 0.0000e+00
