Data/DataNotYetUploadedToEDI/Raw_CTD/RawDownloads/092225_fcr30_S7809003.cnv
* Sea-Bird SBE19plus  Data File:
* FileName = C:\R\Reservoirs\Data\DataNotYetUploadedToEDI\Raw_CTD\RawDownloads\092225_fcr50_S7809_0003.hex
* Software version 2.8.0.119
* Temperature SN = 7809
* Conductivity SN = 7809
* System UpLoad Time = Sep 23 2025 09:57:29
* <ApplicationData>
* <Seaterm232>
# nquan = 15
# nvalues = 1296                        
# units = specified
# name 0 = depFM: Depth [fresh water, m]
# name 1 = dz/dtM: Descent Rate [m/s]
# name 2 = sbeox0Mg/L: Oxygen, SBE 43 [mg/l]
# name 3 = sbeox0PS: Oxygen, SBE 43 [% saturation]
# name 4 = specc: Specific Conductance [uS/cm]
# name 5 = c0uS/cm: Conductivity [uS/cm]
# name 6 = flECO-AFL: Fluorescence, WET Labs ECO-AFL/FL [mg/m^3]
# name 7 = ph: pH
# name 8 = orp: Oxidation Reduction Potential [mV]
# name 9 = par/sat/log: PAR/Logarithmic, Satlantic
# name 10 = turbWETntu0: Turbidity, WET Labs ECO [NTU]
# name 11 = prdM: Pressure, Strain Gauge [db]
# name 12 = prdE: Pressure, Strain Gauge [psi]
# name 13 = tv290C: Temperature [ITS-90, deg C]
# name 14 = flag:  0.000e+00
# span 0 =     -0.611,      5.412       
# span 1 =     -0.524,      0.164       
# span 2 =    -0.0803,    11.2698       
# span 3 =     -0.672,    128.701       
# span 4 =      1.687,     77.805       
# span 5 =   1.541624,  62.762053       
# span 6 =    -0.1012,     3.4211       
# span 7 =      8.479,     11.368       
# span 8 =  -111.2767,   254.1922       
# span 9 = 1.2361e-01, 5.5485e+02       
# span 10 =     0.8347,   211.2448      
# span 11 =     -0.599,      5.308      
# span 12 =     -0.869,      7.699      
# span 13 =    12.6983,    22.2533      
# span 14 = 0.0000e+00, 0.0000e+00      
# interval = seconds: 0.25
# start_time = Sep 22 2025 12:03:35 [Instrument's time stamp, header]
# bad_flag = -9.990e-29
*END*
[from data line 193]
     -0.071      0.001    10.9368    120.829     40.023  37.776342     1.7021     11.268    78.9048 4.5871e+02     6.2361     -0.069     -0.100    22.1897 0.0000e+00
     -0.072     -0.001    10.7941    120.148     40.053  37.805572     1.6853     11.269    78.9206 4.5891e+02     6.2279     -0.070     -0.101    22.1890 0.0000e+00
     -0.073     -0.001    10.6802    119.534     40.033  37.788347     1.6877     11.269    79.0240 4.5925e+02     6.1997     -0.071     -0.103    22.1884 0.0000e+00
     -0.075     -0.001    10.5875    119.041     40.001  37.758445     1.6897     11.269    79.2088 4.5902e+02     6.2371     -0.073     -0.106    22.1880 0.0000e+00
     -0.075     -0.001    10.5214    118.704     40.003  37.761311     1.6842     11.269    79.2621 4.5727e+02     6.3716     -0.074     -0.108    22.1888 0.0000e+00
     -0.074      0.000    10.4650    118.500     40.002  37.759544     1.6637     11.269    79.2376 4.5560e+02     6.4943     -0.073     -0.106    22.1900 0.0000e+00
     -0.073 -3.726e-08    10.4074    118.415     39.979  37.737076     1.6579     11.270    79.3426 4.5604e+02     6.5934     -0.071     -0.104    22.1912 0.0000e+00
     -0.073 -4.098e-07    10.3632    118.444     39.988  37.743476     1.6719     11.271    79.5000 4.5779e+02     6.7495     -0.071     -0.104    22.1920 0.0000e+00
     -0.073      0.000    10.3353    118.526     40.023  37.773473     1.6667     11.271    79.5916 4.5807e+02     6.8450     -0.072     -0.104    22.1923 0.0000e+00
     -0.074     -0.000    10.3181    118.579     40.034  37.782481     1.6360     11.271    79.6764 4.5700e+02     6.7911     -0.072     -0.105    22.1923 0.0000e+00
     -0.074     -0.001    10.3100    118.591     40.041  37.788931     1.6006     11.271    79.7504 4.5722e+02     6.7469     -0.073     -0.106    22.1913 0.0000e+00
     -0.074     -0.001    10.3153    118.596     40.040  37.788005     1.5963     11.271    79.7977 4.5852e+02     6.7549     -0.072     -0.105    22.1879 0.0000e+00
     -0.074     -0.001    10.3270    118.598     40.024  37.771287     1.6179     11.271    79.8185 4.5863e+02     6.7516     -0.072     -0.105    22.1840 0.0000e+00
     -0.074     -0.001    10.3320    118.596     40.035  37.777158     1.6288     11.270    79.8302 4.5731e+02     6.7068     -0.072     -0.104    22.1825 0.0000e+00
     -0.074     -0.001    10.3309    118.613     40.061  37.795533     1.6190     11.270    79.8531 4.5691e+02     6.5882     -0.073     -0.105    22.1822 0.0000e+00
     -0.075     -0.001    10.3320    118.635     40.072  37.803075     1.5910     11.271    79.9227 4.5896e+02     6.5476     -0.074     -0.107    22.1812 0.0000e+00
     -0.075     -0.002    10.3326    118.620     40.070  37.804894     1.5653     11.271    80.0698 4.6026e+02     6.6603     -0.074     -0.107    22.1819 0.0000e+00
     -0.074     -0.002    10.3314    118.575     40.078  37.817531     1.5503     11.272    80.1692 4.5626e+02     6.6520     -0.073     -0.107    22.1781 0.0000e+00
     -0.074     -0.002    10.3360    118.488     40.086  37.828970     1.5513     11.273    80.1774 4.4921e+02     6.5157     -0.072     -0.105    22.1640 0.0000e+00
     -0.076     -0.001    10.3417    118.338     40.069  37.816290     1.5691     11.275    80.1693 4.4512e+02     6.5501     -0.074     -0.107    22.1595 0.0000e+00
     -0.080     -0.000    10.3369    118.177     40.039  37.791136     1.5905     11.276    80.2443 4.4437e+02     6.7259     -0.079     -0.114    22.1692 0.0000e+00
     -0.080      0.001    10.3316    118.062     40.023  37.778663     1.6182     11.276    80.3958 4.4446e+02     6.8652     -0.080     -0.115    22.1761 0.0000e+00
     -0.077      0.001    10.3266    118.017     40.035  37.792394     1.6290     11.276    80.4520 4.4489e+02     6.8677     -0.075     -0.109    22.1789 0.0000e+00
     -0.074      0.002    10.3087    118.043     40.071  37.830248     1.6130     11.276    80.4076 4.4540e+02     6.7567     -0.071     -0.104    22.1831 0.0000e+00
     -0.073      0.002    10.2924    118.127     40.092  37.855619     1.5995     11.277    80.4610 4.4544e+02     6.6499     -0.071     -0.103    22.1888 0.0000e+00
     -0.075      0.001    10.2811    118.231     40.077  37.845337     1.6077     11.278    80.6665 4.4514e+02     6.6355     -0.073     -0.106    22.1918 0.0000e+00
     -0.076      0.000    10.2769    118.332     40.058  37.832855     1.6292     11.279    80.8275 4.4586e+02     6.7196     -0.075     -0.109    22.1938 0.0000e+00
     -0.075     -0.001    10.2783    118.448     40.050  37.831617     1.6179     11.280    80.7736 4.4850e+02     6.7100     -0.075     -0.108    22.1987 0.0000e+00
     -0.074     -0.001    10.2857    118.564     40.045  37.830369     1.5699     11.280    80.7041 4.5032e+02     6.5194     -0.072     -0.105    22.2048 0.0000e+00
     -0.073     -0.001    10.2957    118.671     40.034  37.817774     1.5329     11.280    80.8469 4.4897e+02     6.3277     -0.071     -0.103    22.2097 0.0000e+00
     -0.074     -0.001    10.3003    118.760     40.026  37.806248     1.5367     11.280    81.0365 4.4712e+02     6.3060     -0.073     -0.105    22.2157 0.0000e+00
     -0.076     -0.002    10.3110    118.800     40.041  37.817909     1.5653     11.281    81.1044 4.4656e+02     6.4274     -0.074     -0.108    22.2257 0.0000e+00
     -0.077     -0.002    10.3192    118.766     40.058  37.831849     1.5792     11.282    81.0661 4.4696e+02     6.4634     -0.076     -0.110    22.2321 0.0000e+00
     -0.077     -0.003    10.3288    118.656     40.077  37.847878     1.5887     11.284    81.0036 4.4913e+02     6.3659     -0.076     -0.110    22.2290 0.0000e+00
     -0.077     -0.004    10.3403    118.547     40.116  37.884805     1.5966     11.286    81.0368 4.5220e+02     6.3071     -0.075     -0.109    22.2219 0.0000e+00
     -0.077     -0.005    10.3439    118.513     40.127  37.897601     1.6002     11.287    81.1238 4.5393e+02     6.3335     -0.075     -0.109    22.2176 0.0000e+00
     -0.079     -0.005    10.3439    118.533     40.101  37.875682     1.6154     11.288    81.1948 4.5398e+02     6.4118     -0.076     -0.111    22.2153 0.0000e+00
     -0.082     -0.004    10.3304    118.549     40.096  37.873603     1.6137     11.289    81.2925 4.5194e+02     6.4678     -0.080     -0.117    22.2136 0.0000e+00
     -0.085     -0.003    10.3178    118.548     40.092  37.872470     1.5963     11.291    81.3580 4.4856e+02     6.5322     -0.084     -0.122    22.2139 0.0000e+00
     -0.085     -0.001    10.3159    118.561     40.079  37.861987     1.5882     11.292    81.3850 4.4749e+02     6.6102     -0.084     -0.121    22.2170 0.0000e+00
     -0.084      0.001    10.3187    118.592     40.090  37.873775     1.5984     11.293    81.4471 4.4899e+02     6.6933     -0.082     -0.119    22.2211 0.0000e+00
     -0.082      0.003    10.3208    118.629     40.103  37.888086     1.6120     11.294    81.5067 4.4999e+02     6.7858     -0.081     -0.118    22.2243 0.0000e+00
     -0.081      0.004    10.3173    118.638     40.123  37.908111     1.5870     11.295    81.5028 4.4937e+02     6.7715     -0.080     -0.116    22.2265 0.0000e+00
     -0.080      0.004    10.3194    118.579     40.141  37.925521     1.5620     11.296    81.4863 4.4853e+02     6.7942     -0.079     -0.114    22.2284 0.0000e+00
     -0.080      0.004    10.3213    118.470     40.121  37.908224     1.5755     11.298    81.5653 4.4788e+02     6.8548     -0.078     -0.113    22.2304 0.0000e+00
     -0.080      0.004    10.3252    118.362     40.099  37.889345     1.6004     11.298    81.6838 4.4658e+02     6.7873     -0.078     -0.113    22.2325 0.0000e+00
     -0.079      0.004    10.3279    118.293     40.096  37.887629     1.6138     11.298    81.8004 4.4606e+02     6.6609     -0.077     -0.112    22.2340 0.0000e+00
     -0.077      0.004    10.3214    118.258     40.094  37.887483     1.6035     11.299    81.8568 4.4732e+02     6.5566     -0.076     -0.110    22.2351 0.0000e+00
     -0.076      0.004    10.3098    118.224     40.094  37.887573     1.5927     11.301    81.7635 4.4862e+02     6.5851     -0.074     -0.108    22.2368 0.0000e+00
     -0.074      0.003    10.2985    118.187     40.095  37.888716     1.6082     11.301    81.7908 4.4826e+02     6.7665     -0.073     -0.105    22.2390 0.0000e+00
     -0.073      0.002    10.2921    118.163     40.107  37.901302     1.6322     11.300    81.9279 4.4718e+02     6.9393     -0.071     -0.103    22.2411 0.0000e+00
     -0.073      0.001    10.2908    118.158     40.119  37.912840     1.6252     11.300    81.9597 4.4681e+02     6.8980     -0.071     -0.104    22.2425 0.0000e+00
     -0.074      0.001    10.2876    118.177     40.106  37.901317     1.5988     11.300    82.0023 4.4663e+02     6.7108     -0.072     -0.105    22.2433 0.0000e+00
     -0.075      0.001    10.2830    118.227     40.093  37.888897     1.5963     11.300    82.0994 4.4643e+02     6.6569     -0.073     -0.107    22.2441 0.0000e+00
     -0.075      0.002    10.2811    118.284     40.093  37.889572     1.6114     11.300    82.1873 4.4629e+02     6.6910     -0.073     -0.107    22.2450 0.0000e+00
     -0.074      0.002    10.2804    118.314     40.114  37.909484     1.6073     11.301    82.2049 4.4576e+02     6.6444     -0.073     -0.106    22.2454 0.0000e+00
     -0.072      0.003    10.2816    118.322     40.145  37.939278     1.5797     11.302    82.2260 4.4510e+02     6.5377     -0.071     -0.103    22.2456 0.0000e+00
     -0.070      0.003    10.2862    118.314     40.137  37.932534     1.5690     11.302    82.2708 4.4534e+02     6.4937     -0.069     -0.100    22.2462 0.0000e+00
     -0.070      0.003    10.2936    118.289     40.093  37.891404     1.5945     11.303    82.3165 4.4627e+02     6.5906     -0.068     -0.099    22.2465 0.0000e+00
     -0.070      0.003    10.2946    118.264     40.087  37.886159     1.6206     11.303    82.4335 4.4686e+02     6.6847     -0.068     -0.100    22.2472 0.0000e+00
     -0.070      0.003    10.2951    118.258     40.135  37.932582     1.6104     11.303    82.5668 4.5275e+02     6.6410     -0.069     -0.101    22.2482 0.0000e+00
     -0.069      0.003    10.2948    118.287     40.148  37.945050     1.5870     11.304    82.6368 4.6165e+02     6.5409     -0.067     -0.097    22.2489 0.0000e+00
     -0.067      0.003    10.2916    118.357     40.111  37.909998     1.5870     11.305    82.5921 4.6224e+02     6.4990     -0.066     -0.095    22.2493 0.0000e+00
     -0.066      0.002    10.2890    118.457     40.089  37.889506     1.6020     11.305    82.5427 4.6002e+02     6.5782     -0.065     -0.094    22.2498 0.0000e+00
     -0.066      0.002    10.2875    118.572     40.087  37.887642     1.6200     11.306    82.6430 4.6059e+02     6.6792     -0.065     -0.094    22.2506 0.0000e+00
     -0.066      0.001    10.2899    118.681     40.087  37.887472     1.6210     11.307    82.7722 4.6394e+02     6.6271     -0.065     -0.095    22.2511 0.0000e+00
     -0.066      0.001    10.2964    118.759     40.087  37.887448     1.5983     11.308    82.8137 4.7116e+02     6.4604     -0.064     -0.093    22.2510 0.0000e+00
     -0.066      0.002    10.3055    118.794     40.086  37.887356     1.5788     11.308    82.8862 4.8016e+02     6.3374     -0.064     -0.092    22.2512 0.0000e+00
     -0.066      0.002    10.3156    118.733     40.085  37.886357     1.5928     11.309    83.0474 4.8857e+02     6.3695     -0.064     -0.093    22.2513 0.0000e+00
     -0.065      0.002    10.3273    118.581     40.073  37.875371     1.6343     11.310    83.1283 4.7759e+02     6.4393     -0.063     -0.092    22.2514 0.0000e+00
     -0.063      0.001    10.3322    118.456     40.079  37.881445     1.6389     11.310    83.0890 4.5011e+02     6.4291     -0.062     -0.090    22.2517 0.0000e+00
     -0.063      0.001    10.3383    118.410     40.095  37.896330     1.6159     11.311    83.0026 4.3876e+02     6.5194     -0.061     -0.089    22.2522 0.0000e+00
     -0.063      0.000    10.3346    118.423     40.063  37.864979     1.6131     11.312    82.8572 4.4636e+02     6.7119     -0.061     -0.089    22.2527 0.0000e+00
     -0.063     -0.001    10.3138    118.484     40.020  37.819659     1.6133     11.312    82.6221 4.5951e+02     6.8088     -0.063     -0.091    22.2533 0.0000e+00
     -0.063     -0.002    10.3028    118.554     40.002  37.792562     1.6186     11.313    82.2243 4.7426e+02     6.8373     -0.062     -0.090    22.2532 0.0000e+00
     -0.063      0.002    10.3004    118.613     40.016  37.791159     1.6354     11.316    81.9203 4.8502e+02     6.8856     -0.061     -0.089    22.2529 0.0000e+00
     -0.064      0.012    10.3006    118.683     40.042  37.802675     1.6581     11.320    82.9043 4.8302e+02     6.9829     -0.062     -0.090    22.2531 0.0000e+00
     -0.067      0.028    10.3084    118.698     40.052  37.804868     1.6694     11.325    95.0683 4.5033e+02     7.1256     -0.067     -0.097    22.2481 0.0000e+00
     -0.065      0.047    10.3194    118.590     40.068  37.817653     1.6808     11.330   117.3146 3.8963e+02     7.1419     -0.069     -0.100    22.2340 0.0000e+00
     -0.050      0.065    10.3247    118.416     40.080  37.830352     1.7033     11.338   129.3846 3.3759e+02     6.9416     -0.055     -0.080    22.2143 0.0000e+00
     -0.023      0.077    10.3378    118.228     40.079  37.831501     1.7006     11.347   130.2731 3.0989e+02     6.7531     -0.024     -0.035    22.1961 0.0000e+00
      0.009      0.081    10.3459    118.069     40.079  37.831543     1.7063     11.352   122.4647 2.9908e+02     6.7755      0.010      0.015    22.1865 0.0000e+00
      0.039      0.075    10.3315    118.003     40.078  37.830866     1.7390     11.354   106.1286 2.8971e+02     6.8368      0.040      0.058    22.1848 0.0000e+00
      0.060      0.064    10.3156    118.081     40.068  37.823313     1.7548     11.354    95.7126 2.7542e+02     6.8455      0.063      0.091    22.1882 0.0000e+00
      0.070      0.057    10.2972    118.308     40.047  37.803681     1.7388     11.353    92.3737 2.6695e+02     6.8803      0.073      0.105    22.1916 0.0000e+00
      0.070      0.057    10.2808    118.565     40.032  37.783864     1.7129     11.351    89.9354 2.6105e+02     6.8469      0.070      0.101    22.1916 0.0000e+00
      0.070      0.064    10.2741    118.710     40.036  37.774069     1.7326     11.351    88.4302 2.4345e+02     6.7835      0.063      0.092    22.1918 0.0000e+00
      0.084      0.074    10.2782    118.713     40.026  37.748680     1.7939     11.351    87.5099 2.1563e+02     6.6949      0.075      0.108    22.1937 0.0000e+00
      0.117      0.083    10.3029    118.621     40.025  37.730684     1.8215     11.351    86.8969 1.9083e+02     6.5953      0.113      0.164    22.1964 0.0000e+00
      0.155      0.087    10.3320    118.466     40.060  37.746823     1.7917     11.351    86.3534 1.7606e+02     6.5698      0.154      0.223    22.1903 0.0000e+00
      0.185      0.082    10.3486    118.264     40.078  37.753423     1.7496     11.350    85.9276 1.6999e+02     6.5236      0.186      0.271    22.1721 0.0000e+00
      0.204      0.069    10.3506    118.062     40.076  37.747022     1.7532     11.348    85.7071 1.6835e+02     6.6515      0.204      0.296    22.1510 0.0000e+00
      0.214      0.051    10.3462    117.914     40.066  37.732874     1.7940     11.348    85.4932 1.6880e+02     6.9546      0.210      0.305    22.1283 0.0000e+00
      0.219      0.035    10.3379    117.851     40.047  37.709271     1.8018     11.348    85.2342 1.6958e+02     7.0458      0.215      0.312    22.1045 0.0000e+00
      0.224      0.023    10.3205    117.871     40.058  37.715456     1.7642     11.348    85.0715 1.6977e+02     6.9692      0.219      0.318    22.0915 0.0000e+00
      0.230      0.015    10.3019    117.960     40.092  37.744187     1.7303     11.346    84.9021 1.6976e+02     6.8825      0.224      0.325    22.0900 0.0000e+00
