Data/DataNotYetUploadedToEDI/Raw_CTD/RawDownloads/092225_fcr10_S7809001.cnv
* Sea-Bird SBE19plus  Data File:
* FileName = C:\R\Reservoirs\Data\DataNotYetUploadedToEDI\Raw_CTD\RawDownloads\092225_fcr50_S7809_0001.hex
* Software version 2.8.0.119
* Temperature SN = 7809
* Conductivity SN = 7809
* System UpLoad Time = Sep 23 2025 09:56:22
* <ApplicationData>
* <Seaterm232>
# nquan = 15
# nvalues = 1524                        
# units = specified
# name 0 = depFM: Depth [fresh water, m]
# name 1 = dz/dtM: Descent Rate [m/s]
# name 2 = sbeox0Mg/L: Oxygen, SBE 43 [mg/l]
# name 3 = sbeox0PS: Oxygen, SBE 43 [% saturation]
# name 4 = specc: Specific Conductance [uS/cm]
# name 5 = c0uS/cm: Conductivity [uS/cm]
# name 6 = flECO-AFL: Fluorescence, WET Labs ECO-AFL/FL [mg/m^3]
# name 7 = ph: pH
# name 8 = orp: Oxidation Reduction Potential [mV]
# name 9 = par/sat/log: PAR/Logarithmic, Satlantic
# name 10 = turbWETntu0: Turbidity, WET Labs ECO [NTU]
# name 11 = prdM: Pressure, Strain Gauge [db]
# name 12 = prdE: Pressure, Strain Gauge [psi]
# name 13 = tv290C: Temperature [ITS-90, deg C]
# name 14 = flag:  0.000e+00
# span 0 =     -0.608,      2.213       
# span 1 =     -0.411,      0.241       
# span 2 =     0.3838,    10.5813       
# span 3 =      4.223,    121.171       
# span 4 =      0.510,     43.027       
# span 5 =   0.470497,  38.685677       
# span 6 =    -0.0434,    16.3443       
# span 7 =      0.097,     11.049       
# span 8 = -1240.7455,   171.1575       
# span 9 = 1.2364e-01, 7.8500e+02       
# span 10 =    -0.6970,   273.3103      
# span 11 =     -0.596,      2.172      
# span 12 =     -0.864,      3.149      
# span 13 =    19.7854,    22.2912      
# span 14 = 0.0000e+00, 0.0000e+00      
# interval = seconds: 0.25
# start_time = Sep 22 2025 10:52:53 [Instrument's time stamp, header]
# bad_flag = -9.990e-29
*END*
[from data line 290]
      0.240      0.040     9.6589    111.142     39.713  37.536610     1.6577     10.651    90.9130 2.6512e+02    10.0943      0.233      0.338    22.2539 0.0000e+00
      0.251      0.038     9.6652    111.103     39.713  37.536506     1.6540     10.657    91.2329 2.5638e+02    10.1840      0.244      0.354    22.2542 0.0000e+00
      0.267      0.035     9.6696    111.068     39.695  37.518718     1.6763     10.664    91.4617 2.4551e+02    10.2135      0.263      0.382    22.2547 0.0000e+00
      0.282      0.028     9.6723    111.027     39.689  37.511905     1.6943     10.670    91.4426 2.3774e+02    10.0755      0.280      0.407    22.2549 0.0000e+00
      0.290      0.018     9.6695    110.968     39.695  37.517584     1.6890     10.677    91.2597 2.3422e+02     9.9159      0.287      0.417    22.2545 0.0000e+00
      0.291      0.008     9.6650    110.908     39.702  37.523921     1.6618     10.685    91.3152 2.3532e+02     9.8549      0.287      0.416    22.2538 0.0000e+00
      0.286      0.003     9.6629    110.873     39.703  37.525073     1.6560     10.693    91.6830 2.3807e+02     9.9537      0.282      0.409    22.2532 0.0000e+00
      0.279      0.004     9.6602    110.854     39.709  37.531512     1.6773     10.700    92.0930 2.3745e+02    10.1535      0.274      0.397    22.2524 0.0000e+00
      0.274      0.008     9.6543    110.843     39.716  37.538326     1.6872     10.705    92.4014 2.3287e+02    10.2218      0.265      0.384    22.2517 0.0000e+00
      0.278      0.012     9.6480    110.876     39.722  37.544000     1.6757     10.711    92.4859 2.2562e+02    10.1301      0.269      0.390    22.2516 0.0000e+00
      0.292      0.016     9.6452    110.961     39.714  37.536662     1.6707     10.717    92.5129 2.1917e+02    10.0695      0.288      0.417    22.2520 0.0000e+00
      0.305      0.017     9.6448    111.055     39.689  37.513059     1.6848     10.724    92.7282 2.1617e+02    10.0692      0.304      0.440    22.2527 0.0000e+00
      0.309      0.017     9.6413    111.150     39.689  37.512435     1.6715     10.729    93.1100 2.1585e+02     9.9907      0.305      0.442    22.2534 0.0000e+00
      0.305      0.014     9.6435    111.242     39.706  37.529115     1.6525     10.732    93.5155 2.1546e+02     9.8367      0.298      0.432    22.2536 0.0000e+00
      0.303      0.010     9.6541    111.312     39.701  37.524378     1.6627     10.735    93.6734 2.1189e+02     9.7455      0.296      0.429    22.2535 0.0000e+00
      0.307      0.008     9.6614    111.345     39.695  37.518615     1.6772     10.737    93.6421 2.0639e+02     9.8095      0.300      0.435    22.2535 0.0000e+00
      0.312      0.009     9.6697    111.309     39.699  37.522880     1.7028     10.740    93.7391 2.0185e+02     9.9622      0.307      0.445    22.2534 0.0000e+00
      0.317      0.011     9.6790    111.230     39.689  37.512497     1.7064     10.743    93.9865 1.9881e+02     9.9857      0.312      0.452    22.2535 0.0000e+00
      0.319      0.012     9.6839    111.153     39.697  37.519977     1.6791     10.745    94.1378 1.9731e+02     9.8890      0.313      0.454    22.2536 0.0000e+00
      0.319      0.014     9.6900    111.057     39.728  37.549873     1.6647     10.747    94.2775 1.9550e+02     9.8858      0.313      0.454    22.2535 0.0000e+00
      0.321      0.020     9.6851    110.920     39.735  37.556691     1.6653     10.750    94.6439 1.9110e+02    10.0494      0.314      0.455    22.2533 0.0000e+00
      0.325      0.028     9.6757    110.799     39.717  37.538952     1.6859     10.755    94.9541 1.8574e+02    10.2279      0.319      0.464    22.2533 0.0000e+00
      0.331      0.035     9.6708    110.756     39.703  37.525759     1.6892     10.762    95.1882 1.8072e+02    10.2337      0.324      0.468    22.2532 0.0000e+00
      0.343      0.040     9.6639    110.769     39.701  37.524086     1.6635     10.767    95.5814 1.7350e+02    10.1871      0.331      0.480    22.2531 0.0000e+00
      0.361      0.042     9.6497    110.794     39.696  37.518725     1.6583     10.772    96.0094 1.6544e+02    10.1771      0.356      0.516    22.2530 0.0000e+00
      0.377      0.039     9.6357    110.843     39.701  37.524389     1.6759     10.776    96.3189 1.5899e+02    10.1467      0.374      0.541    22.2529 0.0000e+00
      0.387      0.033     9.6340    110.954     39.706  37.529122     1.6930     10.780    96.4848 1.5371e+02    10.1614      0.381      0.552    22.2527 0.0000e+00
      0.392      0.026     9.6368    111.076     39.689  37.512487     1.6830     10.782    96.5522 1.5070e+02    10.0812      0.385      0.559    22.2526 0.0000e+00
      0.394      0.019     9.6390    111.110     39.691  37.513622     1.6545     10.784    96.5312 1.4845e+02     9.9296      0.386      0.560    22.2529 0.0000e+00
      0.396      0.014     9.6403    111.062     39.722  37.542851     1.6395     10.785    96.4887 1.4496e+02     9.8988      0.387      0.562    22.2530 0.0000e+00
      0.399      0.011     9.6517    111.015     39.728  37.548615     1.6600     10.786    96.5557 1.4181e+02     9.9142      0.392      0.568    22.2527 0.0000e+00
      0.404      0.009     9.6679    111.014     39.698  37.519858     1.6947     10.787    96.7378 1.3921e+02     9.9110      0.397      0.575    22.2524 0.0000e+00
      0.407      0.009     9.6696    111.045     39.691  37.512424     1.6840     10.788    96.9695 1.3692e+02     9.8597      0.400      0.580    22.2522 0.0000e+00
      0.408      0.008     9.6618    111.071     39.701  37.522193     1.6477     10.790    97.2065 1.3561e+02     9.8748      0.401      0.582    22.2519 0.0000e+00
      0.408      0.008     9.6567    111.082     39.689  37.511062     1.6466     10.792    97.4532 1.3459e+02     9.9913      0.401      0.581    22.2514 0.0000e+00
      0.409      0.007     9.6573    111.107     39.683  37.504754     1.6624     10.793    97.7148 1.3378e+02    10.0039      0.401      0.581    22.2509 0.0000e+00
      0.411      0.007     9.6616    111.175     39.688  37.509378     1.6637     10.795    97.9599 1.3218e+02     9.8903      0.403      0.585    22.2507 0.0000e+00
      0.415      0.007     9.6641    111.253     39.681  37.503509     1.6628     10.796    98.0938 1.3073e+02     9.7796      0.408      0.591    22.2508 0.0000e+00
      0.418      0.008     9.6643    111.293     39.675  37.497259     1.6518     10.798    98.2150 1.3053e+02     9.7922      0.411      0.595    22.2506 0.0000e+00
      0.419      0.011     9.6645    111.318     39.675  37.497259     1.6553     10.800    98.4798 1.2978e+02     9.9409      0.411      0.596    22.2502 0.0000e+00
      0.420      0.013     9.6718    111.327     39.682  37.503500     1.6886     10.802    98.6281 1.2876e+02    10.1093      0.412      0.597    22.2501 0.0000e+00
      0.422      0.014     9.6823    111.295     39.690  37.509275     1.6970     10.804    98.5452 1.2711e+02    10.1537      0.413      0.599    22.2500 0.0000e+00
      0.428      0.014     9.6823    111.223     39.685  37.503611     1.6732     10.805    98.5107 1.2510e+02    10.0680      0.418      0.606    22.2501 0.0000e+00
      0.437      0.013     9.6855    111.097     39.680  37.498476     1.6667     10.806    98.6412 1.2324e+02    10.0974      0.430      0.622    22.2500 0.0000e+00
      0.442      0.013     9.6881    110.949     39.693  37.510646     1.6852     10.808    98.8319 1.2241e+02    10.2014      0.437      0.633    22.2489 0.0000e+00
      0.442      0.012     9.6841    110.846     39.708  37.523848     1.6724     10.810    99.0102 1.2306e+02    10.0969      0.433      0.629    22.2472 0.0000e+00
      0.440      0.011     9.6798    110.778     39.717  37.531185     1.6367     10.812    99.1615 1.2285e+02     9.8926      0.429      0.623    22.2462 0.0000e+00
      0.442      0.011     9.6680    110.708     39.722  37.535904     1.6277     10.815    99.2851 1.2193e+02     9.8145      0.432      0.627    22.2458 0.0000e+00
      0.447      0.011     9.6512    110.648     39.704  37.517449     1.6469     10.817    99.3861 1.2108e+02     9.9386      0.439      0.636    22.2452 0.0000e+00
      0.452      0.012     9.6436    110.590     39.685  37.498413     1.6783     10.817    99.4356 1.2027e+02    10.1633      0.445      0.645    22.2445 0.0000e+00
      0.456      0.012     9.6405    110.532     39.683  37.496101     1.6740     10.817    99.5398 1.1992e+02    10.2079      0.448      0.650    22.2438 0.0000e+00
      0.458      0.011     9.6321    110.498     39.677  37.489494     1.6365     10.817    99.7865 1.1944e+02    10.0685      0.449      0.651    22.2427 0.0000e+00
      0.459      0.010     9.6288    110.491     39.670  37.481981     1.6247     10.817   100.0087 1.1859e+02     9.9467      0.449      0.651    22.2412 0.0000e+00
      0.461      0.008     9.6239    110.486     39.657  37.468714     1.6471     10.817   100.0757 1.1761e+02     9.9304      0.451      0.654    22.2397 0.0000e+00
      0.464      0.007     9.6179    110.504     39.645  37.455990     1.6750     10.817    99.9929 1.1669e+02     9.9746      0.456      0.662    22.2383 0.0000e+00
      0.467      0.006     9.6146    110.588     39.645  37.455040     1.6790     10.818    99.9549 1.1622e+02     9.9344      0.459      0.666    22.2378 0.0000e+00
      0.468      0.005     9.6160    110.698     39.649  37.457236     1.6616     10.820   100.1326 1.1612e+02     9.8194      0.460      0.667    22.2371 0.0000e+00
      0.468      0.004     9.6151    110.717     39.677  37.482541     1.6478     10.821   100.3351 1.1602e+02     9.8143      0.459      0.665    22.2364 0.0000e+00
      0.468      0.003     9.6139    110.600     39.704  37.507176     1.6538     10.822   100.4233 1.1589e+02     9.9406      0.459      0.666    22.2347 0.0000e+00
      0.469      0.003     9.6235    110.456     39.697  37.501270     1.6763     10.822   100.5111 1.1583e+02    10.0150      0.460      0.667    22.2323 0.0000e+00
      0.471      0.003     9.6375    110.364     39.668  37.474590     1.6778     10.822   100.6231 1.1576e+02     9.9615      0.462      0.670    22.2308 0.0000e+00
      0.473      0.004     9.6434    110.335     39.628  37.438417     1.6806     10.824   100.7437 1.1591e+02     9.9435      0.463      0.672    22.2289 0.0000e+00
      0.473      0.004     9.6261    110.372     39.634  37.444636     1.7102     10.825   100.8515 1.1611e+02    10.0704      0.464      0.673    22.2279 0.0000e+00
      0.474      0.004     9.6119    110.421     39.679  37.486326     1.7269     10.824   100.9797 1.1601e+02    10.1976      0.464      0.674    22.2289 0.0000e+00
      0.474      0.004     9.6044    110.451     39.693  37.498292     1.7412     10.823   101.0888 1.1556e+02    10.2523      0.464      0.674    22.2308 0.0000e+00
      0.475      0.004     9.5994    110.469     39.657  37.462411     1.7339     10.823   101.0533 1.1486e+02    10.2196      0.466      0.676    22.2324 0.0000e+00
      0.477      0.004     9.6064    110.497     39.628  37.433218     1.6964     10.823   101.0657 1.1443e+02    10.1779      0.467      0.678    22.2325 0.0000e+00
      0.477      0.004     9.6112    110.526     39.660  37.462596     1.6875     10.823   101.1531 1.1432e+02    10.2603      0.468      0.679    22.2309 0.0000e+00
      0.478      0.004     9.6140    110.508     39.700  37.500351     1.7014     10.823   101.1634 1.1425e+02    10.2932      0.469      0.680    22.2288 0.0000e+00
      0.479      0.004     9.6150    110.447     39.709  37.508981     1.7142     10.824   101.1900 1.1408e+02    10.1666      0.470      0.682    22.2273 0.0000e+00
      0.480      0.003     9.6174    110.397     39.704  37.503478     1.7176     10.824   101.2165 1.1393e+02    10.0610      0.471      0.683    22.2262 0.0000e+00
      0.481      0.003     9.6228    110.394     39.697  37.497261     1.7172     10.825   101.2261 1.1359e+02    10.1100      0.472      0.685    22.2251 0.0000e+00
      0.482      0.003     9.6213    110.450     39.697  37.497272     1.7351     10.826   101.3056 1.1326e+02    10.2122      0.473      0.686    22.2243 0.0000e+00
      0.482      0.003     9.6130    110.545     39.703  37.503615     1.7510     10.828   101.4031 1.1341e+02    10.2038      0.473      0.686    22.2238 0.0000e+00
      0.483      0.003     9.6089    110.620     39.709  37.510509     1.7340     10.828   101.4586 1.1344e+02    10.0428      0.474      0.688    22.2232 0.0000e+00
      0.484      0.003     9.6073    110.641     39.716  37.517165     1.7047     10.829   101.4613 1.1341e+02     9.8706      0.475      0.689    22.2233 0.0000e+00
      0.484      0.003     9.6130    110.650     39.720  37.520640     1.7127     10.829   101.4350 1.1361e+02     9.8636      0.475      0.689    22.2243 0.0000e+00
      0.485      0.003     9.6228    110.709     39.687  37.489064     1.7314     10.827   101.4849 1.1349e+02     9.8892      0.476      0.691    22.2252 0.0000e+00
      0.487      0.003     9.6312    110.801     39.649  37.452656     1.7145     10.827   101.6350 1.1311e+02     9.8739      0.477      0.692    22.2256 0.0000e+00
      0.489      0.003     9.6315    110.873     39.658  37.461171     1.6830     10.829   101.7874 1.1316e+02     9.8837      0.479      0.694    22.2256 0.0000e+00
      0.489      0.003     9.6285    110.898     39.663  37.465105     1.6491     10.830   101.9509 1.1334e+02     9.8363      0.479      0.695    22.2256 0.0000e+00
      0.489      0.003     9.6357    110.881     39.635  37.436758     1.6466     10.830   102.1489 1.1339e+02     9.8472      0.479      0.695    22.2255 0.0000e+00
      0.489      0.003     9.6454    110.801     39.635  37.435703     1.6943     10.831   102.2889 1.1327e+02    10.0155      0.479      0.695    22.2249 0.0000e+00
      0.490      0.003     9.6532    110.661     39.654  37.452345     1.7263     10.834   102.3524 1.1286e+02    10.1290      0.481      0.696    22.2245 0.0000e+00
      0.492      0.003     9.6538    110.511     39.649  37.447618     1.7171     10.835   102.4002 1.1261e+02    10.0926      0.483      0.699    22.2241 0.0000e+00
      0.494      0.003     9.6544    110.375     39.643  37.441993     1.7086     10.835   102.4370 1.1281e+02    10.0543      0.484      0.702    22.2227 0.0000e+00
      0.494      0.003     9.6479    110.273     39.648  37.447792     1.7228     10.836   102.4529 1.1343e+02    10.1089      0.485      0.703    22.2205 0.0000e+00
      0.494      0.003     9.6335    110.242     39.655  37.454281     1.7479     10.837   102.4212 1.1407e+02    10.1376      0.484      0.702    22.2183 0.0000e+00
      0.494      0.002     9.6203    110.279     39.659  37.456999     1.7450     10.838   102.3121 1.1416e+02    10.0599      0.483      0.701    22.2177 0.0000e+00
      0.494      0.002     9.6082    110.347     39.684  37.480648     1.7132     10.838   102.2520 1.1381e+02    10.0241      0.484      0.703    22.2192 0.0000e+00
      0.495      0.002     9.5968    110.414     39.690  37.486407     1.6967     10.839   102.2973 1.1363e+02    10.1148      0.486      0.705    22.2203 0.0000e+00
      0.497      0.003     9.5945    110.460     39.667  37.463176     1.7113     10.840   102.3429 1.1372e+02    10.3019      0.487      0.707    22.2196 0.0000e+00
      0.497      0.003     9.5999    110.500     39.659  37.453579     1.7395     10.840   102.4591 1.1399e+02    10.4083      0.487      0.707    22.2191 0.0000e+00
      0.497      0.003     9.6059    110.503     39.640  37.433818     1.7473     10.839   102.6701 1.1425e+02    10.3419      0.488      0.707    22.2191 0.0000e+00
      0.498      0.003     9.6138    110.446     39.623  37.414612     1.7386     10.839   102.8287 1.1425e+02    10.2849      0.488      0.707    22.2185 0.0000e+00
