Data/DataNotYetUploadedToEDI/Raw_CTD/RawDownloads/092225_fcr50_S7809005.cnv
* Sea-Bird SBE19plus  Data File:
* FileName = C:\R\Reservoirs\Data\DataNotYetUploadedToEDI\Raw_CTD\RawDownloads\092225_fcr50_S7809_0005.hex
* Software version 2.8.0.119
* Temperature SN = 7809
* Conductivity SN = 7809
* System UpLoad Time = Sep 23 2025 09:58:56
* <ApplicationData>
* <Seaterm232>
# nquan = 15
# nvalues = 2093                        
# units = specified
# name 0 = depFM: Depth [fresh water, m]
# name 1 = dz/dtM: Descent Rate [m/s]
# name 2 = sbeox0Mg/L: Oxygen, SBE 43 [mg/l]
# name 3 = sbeox0PS: Oxygen, SBE 43 [% saturation]
# name 4 = specc: Specific Conductance [uS/cm]
# name 5 = c0uS/cm: Conductivity [uS/cm]
# name 6 = flECO-AFL: Fluorescence, WET Labs ECO-AFL/FL [mg/m^3]
# name 7 = ph: pH
# name 8 = orp: Oxidation Reduction Potential [mV]
# name 9 = par/sat/log: PAR/Logarithmic, Satlantic
# name 10 = turbWETntu0: Turbidity, WET Labs ECO [NTU]
# name 11 = prdM: Pressure, Strain Gauge [db]
# name 12 = prdE: Pressure, Strain Gauge [psi]
# name 13 = tv290C: Temperature [ITS-90, deg C]
# name 14 = flag:  0.000e+00
# span 0 =     -0.610,      9.575       
# span 1 =     -0.420,      0.164       
# span 2 =    -0.1010,    12.7157       
# span 3 =     -0.716,    143.689       
# span 4 =      1.903,    429.565       
# span 5 =   1.688517, 323.693364       
# span 6 =    -0.1113,    13.9725       
# span 7 =      8.280,     11.478       
# span 8 =    -6.1859,   284.9077       
# span 9 = 1.2359e-01, 1.7395e+03       
# span 10 =    -0.1480,   601.6507      
# span 11 =     -0.599,      9.390      
# span 12 =     -0.870,     13.620      
# span 13 =    12.6134,    21.6751      
# span 14 = 0.0000e+00, 0.0000e+00      
# interval = seconds: 0.25
# start_time = Sep 22 2025 12:35:47 [Instrument's time stamp, header]
# bad_flag = -9.990e-29
*END*
[from data line 1832]
      9.004     -0.224     0.0314      0.332    291.051 219.356286     0.5269      8.378    80.1250 1.2359e-01    85.6959      8.846     12.831    12.6832 0.0000e+00
      8.942     -0.288     0.0354      0.322    291.530 219.714036     0.4499      8.386    80.2628 1.2363e-01    79.1535      8.793     12.753    12.6825 0.0000e+00
      8.822     -0.313     0.0324      0.312    292.060 220.110249     0.3885      8.396    80.5586 1.2366e-01    75.4890      8.666     12.569    12.6818 0.0000e+00
      8.670     -0.297     0.0342      0.307    292.577 220.497220     0.3755      8.403    81.1197 1.2372e-01    75.2063      8.491     12.315    12.6810 0.0000e+00
      8.547     -0.243     0.0369      0.321    293.076 220.871230     0.3850      8.407    81.7129 1.2377e-01    76.2471      8.350     12.111    12.6804 0.0000e+00
      8.497     -0.164     0.0330      0.339    293.566 221.238718     0.4117      8.409    82.3965 1.2375e-01    78.2694      8.308     12.051    12.6798 0.0000e+00
      8.511     -0.076     0.0340      0.329    294.062 221.610804     0.4400      8.409    83.2764 1.2369e-01    79.4014      8.341     12.098    12.6793 0.0000e+00
      8.546      0.001     0.0312      0.303    294.549 221.976325     0.4686      8.410    84.3501 1.2367e-01    79.6530      8.388     12.166    12.6788 0.0000e+00
      8.569      0.044     0.0335      0.285    295.017 222.328419     0.4923      8.410    85.5709 1.2373e-01    80.7305      8.411     12.199    12.6785 0.0000e+00
      8.576      0.041     0.0380      0.289    295.466 222.666151     0.5015      8.408    86.9371 1.2373e-01    82.5231      8.410     12.197    12.6783 0.0000e+00
      8.581     -0.005     0.0350      0.304    295.891 222.986063     0.5049      8.404    88.3940 1.2363e-01    83.4619      8.409     12.196    12.6779 0.0000e+00
      8.595     -0.085     0.0320      0.315    296.327 223.314763     0.5081      8.399    89.5915 1.2365e-01    83.6784      8.430     12.227    12.6777 0.0000e+00
      8.600     -0.184     0.0288      0.311    296.745 223.630655     0.5238      8.392    90.3161 1.2371e-01    85.3104      8.451     12.256    12.6776 0.0000e+00
      8.563     -0.277     0.0305      0.311    297.133 223.923731     0.5450      8.387    90.8742 1.2371e-01    88.1984      8.421     12.213    12.6774 0.0000e+00
      8.462     -0.339     0.0320      0.341    297.543 224.232677     0.5646      8.386    91.4362 1.2375e-01    89.6981      8.320     12.068    12.6773 0.0000e+00
      8.304     -0.357     0.0346      0.374    297.961 224.548268     0.5772      8.386    91.8622 1.2378e-01    89.7798      8.150     11.821    12.6774 0.0000e+00
      8.138     -0.327     0.0332      0.374    298.370 224.857600     0.5727      8.386    92.4116 1.2376e-01    89.4250      7.956     11.539    12.6775 0.0000e+00
      8.029     -0.260     0.0308      0.350    298.763 225.154860     0.5855      8.385    93.3466 1.2379e-01    88.8250      7.839     11.370    12.6776 0.0000e+00
      8.004     -0.175     0.0362      0.336    299.156 225.452555     0.6231      8.384    94.2195 1.2382e-01    88.6051      7.832     11.360    12.6777 0.0000e+00
      8.027     -0.090     0.0409      0.330    299.571 225.767090     0.6539      8.382    94.6190 1.2380e-01    88.7131      7.874     11.420    12.6777 0.0000e+00
      8.049     -0.027     0.0414      0.323    299.978 226.075796     0.6748      8.381    95.0791 1.2376e-01    88.9357      7.904     11.464    12.6779 0.0000e+00
      8.047     -0.009     0.0357      0.320    300.362 226.367021     0.7092      8.379    95.9977 1.2383e-01    89.3492      7.898     11.456    12.6781 0.0000e+00
      8.030     -0.043     0.0356      0.316    300.752 226.662289     0.7527      8.375    96.8635 1.2392e-01    89.6826      7.870     11.414    12.6784 0.0000e+00
      8.022     -0.117     0.0353      0.316    301.138 226.955813     0.7688      8.370    97.7184 1.2388e-01    89.6184      7.860     11.400    12.6787 0.0000e+00
      8.020     -0.210     0.0335      0.323    301.493 227.225925     0.7786      8.364    98.7629 1.2381e-01    88.2654      7.875     11.423    12.6789 0.0000e+00
      7.989     -0.293     0.0344      0.330    301.846 227.494285     0.8209      8.359    99.4251 1.2380e-01    85.8606      7.860     11.399    12.6794 0.0000e+00
      7.890     -0.345     0.0333      0.326    302.205 227.766586     0.8473      8.357    99.7029 1.2380e-01    84.5221      7.765     11.260    12.6797 0.0000e+00
      7.730     -0.359     0.0331      0.314    302.539 228.020246     0.8323      8.358   100.1429 1.2377e-01    83.9348      7.584     11.000    12.6800 0.0000e+00
      7.563     -0.334     0.0343      0.308    302.847 228.255349     0.8226      8.359   100.7867 1.2375e-01    79.1009      7.390     10.719    12.6805 0.0000e+00
      7.457     -0.270     0.0354      0.323    303.162 228.495402     0.8295      8.360   101.2916 1.2376e-01    70.3804      7.281     10.561    12.6807 0.0000e+00
      7.427     -0.179     0.0348      0.329    303.489 228.744842     0.8412      8.361   101.6016 1.2379e-01    65.7053      7.271     10.547    12.6810 0.0000e+00
      7.439     -0.084     0.0334      0.314    303.778 228.965292     0.8387      8.361   101.9539 1.2381e-01    65.2743      7.297     10.583    12.6814 0.0000e+00
      7.454     -0.010     0.0308      0.310    304.052 229.175104     0.8247      8.360   102.3676 1.2383e-01    64.4175      7.315     10.609    12.6818 0.0000e+00
      7.461      0.026     0.0348      0.309    304.379 229.423995     0.8383      8.360   102.8185 1.2383e-01    62.9980      7.317     10.613    12.6824 0.0000e+00
      7.465      0.028     0.0370      0.305    304.700 229.668540     0.8618      8.360   103.4475 1.2382e-01    62.3551      7.318     10.614    12.6829 0.0000e+00
      7.475      0.003     0.0316      0.321    304.990 229.889832     0.8504      8.358   104.3809 1.2382e-01    62.2129      7.328     10.629    12.6833 0.0000e+00
      7.487     -0.052     0.0330      0.331    305.283 230.113782     0.8087      8.354   105.4129 1.2377e-01    60.2884      7.344     10.652    12.6838 0.0000e+00
      7.493     -0.133     0.0339      0.310    305.561 230.326415     0.7821      8.349   106.2902 1.2369e-01    56.7804      7.355     10.667    12.6842 0.0000e+00
      7.475     -0.226     0.0305      0.290    305.840 230.538975     0.7787      8.343   106.9862 1.2368e-01    54.9130      7.347     10.656    12.6847 0.0000e+00
      7.410     -0.303     0.0340      0.280    306.132 230.762015     0.7682      8.341   107.4617 1.2371e-01    54.7225      7.291     10.576    12.6850 0.0000e+00
      7.283     -0.342     0.0379      0.276    306.407 230.973194     0.7547      8.341   107.8230 1.2376e-01    54.9210      7.159     10.383    12.6856 0.0000e+00
      7.121     -0.337     0.0317      0.279    306.664 231.170453     0.7572      8.342   108.1715 1.2377e-01    55.5011      6.971     10.110    12.6861 0.0000e+00
      6.987     -0.289     0.0304      0.272    306.903 231.353272     0.7728      8.344   108.4917 1.2381e-01    55.8609      6.821      9.893    12.6865 0.0000e+00
      6.924     -0.212     0.0301      0.262    307.118 231.517984     0.7855      8.345   108.9407 1.2382e-01    55.7872      6.768      9.817    12.6870 0.0000e+00
      6.920     -0.123     0.0279      0.264    307.340 231.688492     0.7780      8.345   109.4704 1.2374e-01    54.4057      6.781      9.834    12.6876 0.0000e+00
      6.939     -0.044     0.0307      0.281    307.586 231.877311     0.7485      8.345   109.8200 1.2372e-01    51.8995      6.809      9.876    12.6880 0.0000e+00
      6.953      0.002     0.0288      0.295    307.839 232.071216     0.7289      8.345   110.1566 1.2377e-01    50.5924      6.824      9.897    12.6885 0.0000e+00
      6.954      0.007     0.0274      0.298    308.057 232.239128     0.7060      8.344   110.8723 1.2379e-01    50.5916      6.821      9.892    12.6889 0.0000e+00
      6.952     -0.027     0.0271      0.300    308.226 232.369921     0.6966      8.341   111.8488 1.2374e-01    51.8547      6.816      9.884    12.6895 0.0000e+00
      6.953     -0.093     0.0299      0.301    308.394 232.499440     0.7316      8.335   112.6711 1.2373e-01    54.2503      6.819      9.890    12.6901 0.0000e+00
      6.951     -0.178     0.0321      0.308    308.592 232.651940     0.7384      8.330   113.3295 1.2376e-01    55.4734      6.826      9.900    12.6906 0.0000e+00
      6.920     -0.261     0.0309      0.303    308.791 232.804327     0.7126      8.325   113.8729 1.2377e-01    55.3030      6.807      9.872    12.6911 0.0000e+00
      6.833     -0.320     0.0326      0.285    308.957 232.932460     0.6946      8.324   114.1656 1.2382e-01    53.6254      6.724      9.752    12.6916 0.0000e+00
      6.692     -0.341     0.0308      0.286    309.106 233.047947     0.6870      8.325   114.3728 1.2386e-01    50.6298      6.569      9.527    12.6921 0.0000e+00
      6.538     -0.321     0.0335      0.280    309.271 233.175565     0.6873      8.326   114.7438 1.2384e-01    48.9729      6.392      9.272    12.6926 0.0000e+00
      6.428     -0.265     0.0338      0.268    309.462 233.322229     0.6889      8.328   115.1236 1.2384e-01    48.7582      6.274      9.100    12.6931 0.0000e+00
      6.388     -0.184     0.0275      0.280    309.663 233.475766     0.7071      8.329   115.3513 1.2380e-01    48.0678      6.250      9.065    12.6936 0.0000e+00
      6.393     -0.099     0.0316      0.310    309.854 233.622420     0.7160      8.329   115.6897 1.2370e-01    46.8083      6.269      9.093    12.6941 0.0000e+00
      6.407     -0.030     0.0304      0.322    310.020 233.749927     0.7053      8.330   116.1183 1.2367e-01    46.1009      6.287      9.117    12.6945 0.0000e+00
      6.412      0.006     0.0267      0.300    310.167 233.864147     0.6853      8.330   116.4030 1.2372e-01    45.8680      6.291      9.124    12.6950 0.0000e+00
      6.412      0.008     0.0289      0.287    310.314 233.978297     0.6492      8.329   116.9812 1.2377e-01    45.0163      6.286      9.117    12.6953 0.0000e+00
      6.413     -0.019     0.0333      0.287    310.479 234.104958     0.6178      8.328   117.8610 1.2379e-01    43.7624      6.287      9.118    12.6958 0.0000e+00
      6.418     -0.070     0.0369      0.277    310.657 234.242306     0.5975      8.326   118.6080 1.2370e-01    43.1412      6.295      9.130    12.6962 0.0000e+00
      6.418     -0.141     0.0305      0.275    310.806 234.357518     0.5867      8.321   119.2168 1.2360e-01    42.9715      6.300      9.138    12.6967 0.0000e+00
      6.394     -0.216     0.0292      0.279    310.956 234.472837     0.5875      8.318   119.5429 1.2364e-01    42.4955      6.287      9.119    12.6971 0.0000e+00
      6.326     -0.275     0.0320      0.271    311.136 234.611457     0.6074      8.317   119.6258 1.2377e-01    41.8279      6.223      9.025    12.6976 0.0000e+00
      6.210     -0.300     0.0281      0.265    311.320 234.752091     0.6441      8.318   119.7884 1.2382e-01    41.5601      6.099      8.846    12.6982 0.0000e+00
      6.075     -0.286     0.0288      0.270    311.501 234.891740     0.6650      8.318   120.0466 1.2374e-01    41.5463      5.947      8.626    12.6985 0.0000e+00
      5.966     -0.239     0.0309      0.282    311.666 235.018445     0.6517      8.319   120.2526 1.2363e-01    40.9434      5.823      8.446    12.6990 0.0000e+00
      5.919     -0.170     0.0283      0.292    311.812 235.130708     0.6157      8.320   120.5581 1.2364e-01    39.8386      5.785      8.391    12.6993 0.0000e+00
      5.922     -0.095     0.0274      0.283    311.932 235.223898     0.5795      8.321   121.0731 1.2372e-01    39.2216      5.805      8.419    12.6997 0.0000e+00
      5.940     -0.032     0.0285      0.264    312.046 235.312202     0.5475      8.323   121.5750 1.2377e-01    39.0853      5.830      8.454    12.7002 0.0000e+00
      5.950      0.007     0.0296      0.265    312.198 235.429471     0.5363      8.324   121.8943 1.2382e-01    38.6352      5.840      8.470    12.7007 0.0000e+00
      5.949      0.017     0.0319      0.281    312.358 235.552483     0.5531      8.325   122.1804 1.2383e-01    37.9127      5.834      8.461    12.7009 0.0000e+00
      5.945      0.003     0.0310      0.283    312.479 235.646145     0.5582      8.325   122.7120 1.2382e-01    37.5231      5.827      8.450    12.7013 0.0000e+00
      5.948     -0.035     0.0266      0.283    312.585 235.728939     0.5484      8.322   123.3310 1.2380e-01    37.4773      5.831      8.456    12.7017 0.0000e+00
      5.957     -0.101     0.0270      0.294    312.741 235.848702     0.5511      8.317   123.8149 1.2374e-01    37.6318      5.844      8.476    12.7020 0.0000e+00
      5.956     -0.186     0.0310      0.284    312.946 236.004888     0.5740      8.313   124.3468 1.2372e-01    37.9558      5.852      8.488    12.7025 0.0000e+00
      5.918     -0.266     0.0304      0.258    313.127 236.143600     0.6013      8.311   124.8578 1.2371e-01    38.1839      5.825      8.451    12.7028 0.0000e+00
      5.821     -0.316     0.0283      0.247    313.257 236.244299     0.5983      8.311   125.1741 1.2370e-01    38.1698      5.732      8.314    12.7033 0.0000e+00
      5.669     -0.323     0.0327      0.249    313.362 236.325328     0.5698      8.311   125.3326 1.2376e-01    37.3418      5.563      8.067    12.7036 0.0000e+00
      5.517     -0.287     0.0313      0.258    313.482 236.418428     0.5491      8.313   125.4831 1.2384e-01    35.8237      5.382      7.806    12.7039 0.0000e+00
      5.429     -0.217     0.0258      0.264    313.636 236.536919     0.5228      8.316   125.7905 1.2379e-01    34.9473      5.294      7.677    12.7043 0.0000e+00
      5.418     -0.129     0.0261      0.259    313.808 236.668639     0.4852      8.317   126.0372 1.2368e-01    34.7382      5.303      7.690    12.7047 0.0000e+00
      5.445     -0.045     0.0258      0.256    313.970 236.793508     0.4687      8.317   126.1432 1.2366e-01    34.6282      5.342      7.747    12.7050 0.0000e+00
      5.473      0.013     0.0275      0.258    314.099 236.893241     0.4803      8.317   126.2982 1.2371e-01    34.6421      5.375      7.795    12.7055 0.0000e+00
      5.485      0.034     0.0290      0.261    314.208 236.977367     0.5018      8.319   126.6200 1.2375e-01    34.7014      5.386      7.810    12.7058 0.0000e+00
      5.484      0.028     0.0271      0.275    314.291 237.041695     0.5121      8.320   127.1090 1.2373e-01    34.7296      5.377      7.799    12.7060 0.0000e+00
      5.481      0.003     0.0266      0.289    314.358 237.094294     0.5135      8.320   127.7360 1.2369e-01    34.8813      5.371      7.791    12.7065 0.0000e+00
      5.485     -0.039     0.0278      0.283    314.448 237.164773     0.5265      8.318   128.5230 1.2371e-01    35.2034      5.378      7.799    12.7069 0.0000e+00
      5.491     -0.106     0.0268      0.277    314.563 237.253044     0.5448      8.314   129.3119 1.2374e-01    35.3791      5.388      7.814    12.7071 0.0000e+00
      5.486     -0.195     0.0289      0.280    314.660 237.328533     0.5352      8.310   129.9607 1.2373e-01    35.2631      5.391      7.820    12.7075 0.0000e+00
      5.447     -0.284     0.0324      0.283    314.716 237.372637     0.4857      8.306   130.3442 1.2375e-01    34.2119      5.362      7.778    12.7079 0.0000e+00
      5.352     -0.344     0.0295      0.285    314.752 237.401820     0.4368      8.305   130.4212 1.2378e-01    32.4037      5.273      7.649    12.7082 0.0000e+00
      5.198     -0.360     0.0288      0.273    314.781 237.425064     0.4187      8.306   130.4612 1.2379e-01    31.4705      5.107      7.407    12.7086 0.0000e+00
