Data/DataNotYetUploadedToEDI/Raw_CTD/RawDownloads/092225_fcr40_S7809004.cnv
* Sea-Bird SBE19plus  Data File:
* FileName = C:\R\Reservoirs\Data\DataNotYetUploadedToEDI\Raw_CTD\RawDownloads\092225_fcr50_S7809_0004.hex
* Software version 2.8.0.119
* Temperature SN = 7809
* Conductivity SN = 7809
* System UpLoad Time = Sep 23 2025 09:58:02
* <ApplicationData>
* <Seaterm232>
# nquan = 15
# nvalues = 1229                        
# units = specified
# name 0 = depFM: Depth [fresh water, m]
# name 1 = dz/dtM: Descent Rate [m/s]
# name 2 = sbeox0Mg/L: Oxygen, SBE 43 [mg/l]
# name 3 = sbeox0PS: Oxygen, SBE 43 [% saturation]
# name 4 = specc: Specific Conductance [uS/cm]
# name 5 = c0uS/cm: Conductivity [uS/cm]
# name 6 = flECO-AFL: Fluorescence, WET Labs ECO-AFL/FL [mg/m^3]
# name 7 = ph: pH
# name 8 = orp: Oxidation Reduction Potential [mV]
# name 9 = par/sat/log: PAR/Logarithmic, Satlantic
# name 10 = turbWETntu0: Turbidity, WET Labs ECO [NTU]
# name 11 = prdM: Pressure, Strain Gauge [db]
# name 12 = prdE: Pressure, Strain Gauge [psi]
# name 13 = tv290C: Temperature [ITS-90, deg C]
# name 14 = flag:  0.000e+00
# span 0 =     -0.604,      5.590       
# span 1 =     -0.501,      0.249       
# span 2 =     0.0162,    11.4272       
# span 3 =      0.181,    130.548       
# span 4 =      2.146,     79.146       
# span 5 =   1.888177,  63.438097       
# span 6 =    -0.0983,     4.7107       
# span 7 =      8.398,     11.412       
# span 8 =    31.1637,   225.3676       
# span 9 = 1.2362e-01, 4.6829e+02       
# span 10 =     1.2590,   267.0616      
# span 11 =     -0.595,      5.482      
# span 12 =     -0.863,      7.951      
# span 13 =    12.6742,    22.2824      
# span 14 = 0.0000e+00, 0.0000e+00      
# interval = seconds: 0.25
# start_time = Sep 22 2025 12:12:42 [Instrument's time stamp, header]
# bad_flag = -9.990e-29
*END*
[from data line 675]
      2.547      0.028     1.3647     14.275     39.644  35.290356     4.5125     10.529   127.4490 2.8626e+00     4.5151      2.497      3.622    19.5135 0.0000e+00
      2.553      0.028     1.3963     13.605     39.585  35.227601     4.7027     10.523   127.4622 2.8157e+00     4.6153      2.503      3.631    19.5043 0.0000e+00
      2.560      0.030     1.3986     12.913     39.525  35.156552     4.7107     10.518   127.5557 2.7932e+00     4.5530      2.509      3.641    19.5037 0.0000e+00
      2.567      0.033     1.3671     12.290     39.445  35.065762     4.6257     10.513   127.7185 2.7787e+00     4.5140      2.516      3.649    19.5049 0.0000e+00
      2.576      0.036     1.3149     11.684     39.343  34.954666     4.4900     10.509   127.9683 2.7337e+00     4.6213      2.526      3.663    19.5087 0.0000e+00
      2.586      0.040     1.2505     10.983     39.227  34.828432     4.4360     10.505   128.1668 2.6798e+00     4.7914      2.536      3.678    19.4965 0.0000e+00
      2.597      0.043     1.1824     10.136     39.158  34.744943     4.4295     10.499   128.2249 2.6429e+00     4.8282      2.547      3.693    19.4679 0.0000e+00
      2.608      0.044     1.1285      9.101     39.207  34.769989     4.2453     10.493   128.2414 2.5997e+00     4.7591      2.557      3.709    19.4452 0.0000e+00
      2.621      0.042     1.0791      7.871     39.268  34.814004     3.9068     10.487   128.3660 2.5468e+00     4.7069      2.569      3.726    19.4200 0.0000e+00
      2.634      0.039     1.0146      6.493     39.289  34.832981     3.7408     10.480   128.6132 2.5056e+00     4.7788      2.584      3.748    19.3878 0.0000e+00
      2.645      0.034     0.9399      5.085     39.325  34.872545     3.7452     10.474   128.8216 2.4797e+00     4.9448      2.595      3.764    19.3584 0.0000e+00
      2.652      0.029     0.8450      3.818     39.362  34.911704     3.6932     10.468   128.9925 2.4566e+00     4.9719      2.602      3.774    19.3340 0.0000e+00
      2.656      0.024     0.7305      2.820     39.374  34.925779     3.5863     10.461   129.2166 2.4336e+00     4.8332      2.606      3.779    19.3182 0.0000e+00
      2.660      0.020     0.6004      2.202     39.360  34.915826     3.5269     10.456   129.3801 2.4258e+00     4.7712      2.608      3.783    19.3213 0.0000e+00
      2.665      0.018     0.4628      2.008     39.362  34.918257     3.5241     10.450   129.4211 2.4228e+00     4.8717      2.613      3.790    19.3357 0.0000e+00
      2.670      0.017     0.3435      2.147     39.402  34.955173     3.4522     10.444   129.5401 2.4035e+00     4.9882      2.618      3.798    19.3440 0.0000e+00
      2.675      0.017     0.2472      2.474     39.430  34.981502     3.2648     10.438   129.7862 2.3781e+00     4.9497      2.624      3.805    19.3485 0.0000e+00
      2.680      0.016     0.1876      2.890     39.430  34.982807     3.1310     10.431   129.9880 2.3626e+00     4.8165      2.630      3.813    19.3508 0.0000e+00
      2.684      0.015     0.1743      3.350     39.419  34.970949     3.1085     10.426   130.0869 2.3587e+00     4.7780      2.632      3.817    19.3501 0.0000e+00
      2.687      0.014     0.1919      3.800     39.414  34.965023     3.1010     10.420   130.1219 2.3510e+00     4.8259      2.635      3.820    19.3510 0.0000e+00
      2.690      0.014     0.2260      4.188     39.500  35.038044     3.0233     10.414   130.1529 2.3436e+00     4.9516      2.638      3.827    19.3563 0.0000e+00
      2.693      0.017     0.2642      4.462     39.644  35.155914     2.8768     10.410   130.2899 2.3481e+00     5.0687      2.641      3.831    19.3565 0.0000e+00
      2.694      0.019     0.3089      4.567     39.766  35.248104     2.7861     10.405   130.4870 2.3394e+00     5.0452      2.642      3.830    19.3532 0.0000e+00
      2.699      0.021     0.3523      4.506     39.872  35.327850     2.7676     10.400   130.6439 2.3105e+00     5.0093      2.645      3.836    19.3513 0.0000e+00
      2.709      0.022     0.3887      4.316     39.987  35.422172     2.7526     10.395   130.8097 2.2795e+00     5.0789      2.657      3.855    19.3509 0.0000e+00
      2.718      0.026     0.4174      4.024     40.294  35.690597     2.7467     10.391   130.9430 2.2569e+00     5.2039      2.667      3.868    19.3395 0.0000e+00
      2.723      0.032     0.4264      3.656     40.765  36.098804     2.7461     10.387   131.0519 2.2496e+00     5.2225      2.670      3.872    19.3132 0.0000e+00
      2.726      0.038     0.4194      3.257     41.084  36.360376     2.7283     10.383   131.0933 2.2415e+00     5.1326      2.672      3.875    19.2934 0.0000e+00
      2.733      0.044     0.4013      2.881     41.205  36.442082     2.7233     10.379   131.0129 2.2108e+00     5.0731      2.677      3.884    19.2846 0.0000e+00
      2.747      0.049     0.3737      2.531     41.244  36.452142     2.7440     10.373   131.0270 2.1647e+00     5.0509      2.692      3.905    19.2870 0.0000e+00
      2.765      0.051     0.3386      2.187     41.229  36.418522     2.7616     10.367   131.1775 2.1147e+00     5.0349      2.711      3.932    19.2785 0.0000e+00
      2.784      0.049     0.2988      1.830     41.170  36.352831     2.7615     10.361   131.3695 2.0692e+00     4.9810      2.732      3.962    19.2488 0.0000e+00
      2.800      0.041     0.2653      1.460     41.037  36.228929     2.8342     10.356   131.6279 2.0419e+00     4.9460      2.749      3.987    19.2153 0.0000e+00
      2.810      0.030     0.2335      1.117     40.849  36.062547     3.0003     10.350   131.8926 2.0382e+00     4.9878      2.758      4.000    19.1841 0.0000e+00
      2.813      0.019     0.2025      0.842     40.759  35.990855     3.0887     10.343   132.1619 2.0447e+00     4.9396      2.760      4.003    19.1587 0.0000e+00
      2.813      0.012     0.1708      0.660     40.822  36.060075     3.0865     10.336   132.4740 2.0516e+00     4.8076      2.758      4.001    19.1427 0.0000e+00
      2.811      0.009     0.1336      0.565     40.899  36.138092     3.0239     10.331   132.7405 2.0587e+00     4.7244      2.756      3.997    19.1357 0.0000e+00
      2.810      0.009     0.1016      0.565     40.867  36.109304     2.9140     10.326   132.9753 2.0602e+00     4.6844      2.755      3.995    19.1327 0.0000e+00
      2.813      0.010     0.0744      0.699     40.778  36.029256     2.8732     10.320   133.0767 2.0510e+00     4.7342      2.758      4.000    19.1416 0.0000e+00
      2.819      0.012     0.0582      0.926     40.733  35.995098     2.8716     10.313   133.0187 2.0371e+00     4.7462      2.764      4.010    19.1653 0.0000e+00
      2.825      0.013     0.0499      1.141     40.743  36.013559     2.8451     10.306   133.1357 2.0251e+00     4.6239      2.771      4.019    19.1810 0.0000e+00
      2.829      0.012     0.0470      1.308     40.792  36.062133     2.8275     10.301   133.3728 2.0089e+00     4.5544      2.776      4.025    19.1746 0.0000e+00
      2.831      0.011     0.0606      1.449     40.807  36.074802     2.8417     10.295   133.4761 2.0043e+00     4.6229      2.776      4.027    19.1680 0.0000e+00
      2.832      0.009     0.0871      1.563     40.770  36.039835     2.8673     10.288   133.6108 2.0137e+00     4.7349      2.777      4.028    19.1787 0.0000e+00
      2.833      0.008     0.1077      1.632     40.749  36.020052     2.8636     10.282   133.7103 2.0132e+00     4.7468      2.778      4.029    19.1929 0.0000e+00
      2.835      0.009     0.1208      1.660     40.755  36.025961     2.8384     10.277   133.7328 2.0095e+00     4.6649      2.780      4.032    19.2001 0.0000e+00
      2.837      0.011     0.1349      1.672     40.851  36.111274     2.8285     10.273   133.8822 2.0068e+00     4.5979      2.783      4.036    19.1982 0.0000e+00
      2.839      0.016     0.1458      1.668     41.056  36.290144     2.8436     10.268   133.9687 1.9989e+00     4.6202      2.784      4.037    19.1921 0.0000e+00
      2.842      0.021     0.1527      1.652     41.272  36.475479     2.8709     10.264   134.0041 1.9811e+00     4.7297      2.786      4.041    19.1922 0.0000e+00
      2.848      0.026     0.1532      1.642     41.472  36.638929     2.8424     10.261   134.2246 1.9607e+00     4.7604      2.792      4.049    19.1942 0.0000e+00
      2.857      0.030     0.1551      1.620     41.690  36.806979     2.7565     10.256   134.4840 1.9447e+00     4.6830      2.801      4.062    19.1950 0.0000e+00
      2.867      0.034     0.1549      1.566     41.996  37.047912     2.7069     10.251   134.6445 1.9283e+00     4.6136      2.812      4.079    19.1928 0.0000e+00
      2.877      0.038     0.1519      1.481     42.348  37.331104     2.7167     10.247   134.7029 1.9172e+00     4.6051      2.822      4.093    19.1879 0.0000e+00
      2.886      0.040     0.1523      1.358     42.572  37.502444     2.7749     10.243   134.6737 1.9062e+00     4.6491      2.829      4.103    19.1747 0.0000e+00
      2.895      0.041     0.1511      1.196     42.632  37.533154     2.8287     10.238   134.7216 1.8760e+00     4.6324      2.838      4.117    19.1407 0.0000e+00
      2.907      0.040     0.1459      1.021     42.626  37.512021     2.8345     10.233   134.8511 1.8303e+00     4.5740      2.850      4.133    19.1026 0.0000e+00
      2.920      0.039     0.1382      0.847     42.622  37.500730     2.8363     10.228   134.9493 1.7961e+00     4.6264      2.863      4.153    19.0719 0.0000e+00
      2.931      0.036     0.1279      0.686     42.653  37.523535     2.8343     10.223   135.0491 1.7811e+00     4.7193      2.875      4.171    19.0403 0.0000e+00
      2.940      0.033     0.1109      0.569     42.741  37.597395     2.8014     10.218   135.1964 1.7808e+00     4.6383      2.885      4.184    19.0116 0.0000e+00
      2.945      0.031     0.0945      0.498     42.859  37.695740     2.7554     10.212   135.3542 1.7823e+00     4.4676      2.889      4.190    18.9936 0.0000e+00
      2.950      0.028     0.0789      0.453     42.943  37.760768     2.7184     10.206   135.4945 1.7744e+00     4.3972      2.893      4.194    18.9862 0.0000e+00
      2.957      0.026     0.0615      0.437     43.011  37.812524     2.6959     10.200   135.6021 1.7574e+00     4.3682      2.899      4.204    18.9818 0.0000e+00
      2.966      0.026     0.0513      0.444     43.165  37.940773     2.6503     10.194   135.6228 1.7404e+00     4.2866      2.908      4.218    18.9783 0.0000e+00
      2.974      0.026     0.0459      0.461     43.578  38.296095     2.5740     10.189   135.7444 1.7269e+00     4.1279      2.918      4.231    18.9738 0.0000e+00
      2.981      0.026     0.0407      0.473     44.393  38.999242     2.5143     10.183   136.0406 1.7167e+00     3.9524      2.923      4.240    18.9627 0.0000e+00
      2.986      0.025     0.0401      0.463     45.385  39.842633     2.4866     10.176   136.2785 1.7165e+00     3.9411      2.928      4.247    18.9513 0.0000e+00
      2.991      0.025     0.0408      0.446     46.192  40.497286     2.4798     10.171   136.3835 1.7193e+00     4.0253      2.933      4.254    18.9449 0.0000e+00
      2.997      0.025     0.0429      0.451     46.717  40.885485     2.4732     10.166   136.4505 1.7137e+00     3.9798      2.938      4.262    18.9380 0.0000e+00
      3.004      0.026     0.0449      0.475     46.910  40.982156     2.4658     10.161   136.5724 1.6910e+00     3.8358      2.946      4.272    18.9261 0.0000e+00
      3.012      0.028     0.0433      0.490     46.881  40.904443     2.4484     10.157   136.6524 1.6608e+00     3.6853      2.953      4.283    18.9003 0.0000e+00
      3.019      0.029     0.0407      0.500     47.046  41.024718     2.3879     10.152   136.6437 1.6449e+00     3.5947      2.960      4.294    18.8413 0.0000e+00
      3.025      0.031     0.0407      0.508     47.358  41.293961     2.3164     10.146   136.7255 1.6406e+00     3.5941      2.967      4.303    18.7528 0.0000e+00
      3.033      0.032     0.0458      0.507     47.591  41.494214     2.2750     10.139   136.8663 1.6295e+00     3.5750      2.974      4.313    18.6699 0.0000e+00
      3.042      0.034     0.0455      0.508     48.241  42.049676     2.2542     10.133   136.9694 1.6191e+00     3.4664      2.983      4.327    18.6088 0.0000e+00
      3.050      0.036     0.0466      0.510     49.498  43.122757     2.2477     10.127   137.1112 1.6185e+00     3.3062      2.991      4.339    18.5862 0.0000e+00
      3.060      0.038     0.0487      0.507     50.693  44.122791     2.2550     10.122   137.2045 1.6088e+00     3.2089      3.001      4.352    18.5946 0.0000e+00
      3.070      0.038     0.0466      0.503     51.338  44.619815     2.2757     10.116   137.2376 1.5874e+00     3.2813      3.011      4.367    18.5947 0.0000e+00
      3.080      0.037     0.0478      0.503     51.499  44.688794     2.2902     10.110   137.3388 1.5650e+00     3.3955      3.021      4.380    18.5813 0.0000e+00
      3.091      0.034     0.0478      0.495     51.442  44.575849     2.2882     10.103   137.3962 1.5408e+00     3.3253      3.031      4.397    18.5633 0.0000e+00
      3.102      0.029     0.0477      0.491     51.142  44.269771     2.2843     10.096   137.4160 1.5223e+00     3.1161      3.044      4.415    18.5271 0.0000e+00
      3.110      0.021     0.0463      0.494     50.596  43.780959     2.2933     10.088   137.5772 1.5100e+00     3.0519      3.052      4.426    18.4555 0.0000e+00
      3.115      0.013     0.0484      0.488     50.165  43.426352     2.3230     10.081   137.7965 1.5010e+00     3.1306      3.055      4.430    18.3786 0.0000e+00
      3.116      0.006     0.0461      0.473     50.035  43.346474     2.3426     10.073   137.9168 1.5203e+00     3.1789      3.057      4.433    18.3177 0.0000e+00
      3.114      0.001     0.0455      0.447     50.194  43.513424     2.3305     10.066   137.9991 1.5475e+00     3.1574      3.055      4.430    18.2645 0.0000e+00
      3.111     -0.001     0.0477      0.422     50.574  43.858098     2.3103     10.059   138.1031 1.5372e+00     3.0764      3.050      4.423    18.2459 0.0000e+00
      3.109     -0.001     0.0454      0.417     50.623  43.895821     2.3147     10.052   138.2284 1.5143e+00     3.0876      3.048      4.421    18.2761 0.0000e+00
      3.109      0.000     0.0455      0.433     50.213  43.525173     2.3415     10.045   138.4815 1.5068e+00     3.1891      3.049      4.422    18.3136 0.0000e+00
      3.111      0.002     0.0417      0.443     50.488  43.756385     2.3690     10.038   138.7538 1.5066e+00     3.2456      3.050      4.424    18.3448 0.0000e+00
      3.113      0.006     0.0390      0.442     51.609  44.723533     2.3800     10.032   138.7680 1.5122e+00     3.2241      3.054      4.429    18.3650 0.0000e+00
      3.114      0.009     0.0380      0.444     52.309  45.316471     2.3667     10.027   138.6527 1.5260e+00     3.1339      3.055      4.430    18.3544 0.0000e+00
      3.114      0.011     0.0412      0.443     52.356  45.339535     2.3583     10.021   138.6505 1.5340e+00     3.1462      3.052      4.427    18.3314 0.0000e+00
      3.116      0.015     0.0427      0.442     52.421  45.383243     2.3451     10.015   138.6551 1.5272e+00     3.2025      3.054      4.430    18.3264 0.0000e+00
      3.123      0.020     0.0407      0.439     52.676  45.590990     2.3070     10.010   138.6230 1.5146e+00     3.1646      3.063      4.443    18.3308 0.0000e+00
      3.129      0.029     0.0425      0.426     53.558  46.327843     2.2724     10.005   138.6925 1.5044e+00     3.1324      3.069      4.452    18.3142 0.0000e+00
      3.134      0.038     0.0416      0.417     55.410  47.880411     2.2426      9.999   138.8922 1.4971e+00     3.0860      3.072      4.455    18.2895 0.0000e+00
      3.142      0.045     0.0413      0.412     57.090  49.253101     2.2378      9.993   139.0596 1.4793e+00     3.1164      3.078      4.464    18.2825 0.0000e+00
