Data/DataNotYetUploadedToEDI/Raw_CTD/RawDownloads/092225_fcr10_S7809001.cnv
* Sea-Bird SBE19plus  Data File:
* FileName = C:\R\Reservoirs\Data\DataNotYetUploadedToEDI\Raw_CTD\RawDownloads\092225_fcr50_S7809_0001.hex
* Software version 2.8.0.119
* Temperature SN = 7809
* Conductivity SN = 7809
* System UpLoad Time = Sep 23 2025 09:56:22
* <ApplicationData>
* <Seaterm232>
# nquan = 15
# nvalues = 1524                        
# units = specified
# name 0 = depFM: Depth [fresh water, m]
# name 1 = dz/dtM: Descent Rate [m/s]
# name 2 = sbeox0Mg/L: Oxygen, SBE 43 [mg/l]
# name 3 = sbeox0PS: Oxygen, SBE 43 [% saturation]
# name 4 = specc: Specific Conductance [uS/cm]
# name 5 = c0uS/cm: Conductivity [uS/cm]
# name 6 = flECO-AFL: Fluorescence, WET Labs ECO-AFL/FL [mg/m^3]
# name 7 = ph: pH
# name 8 = orp: Oxidation Reduction Potential [mV]
# name 9 = par/sat/log: PAR/Logarithmic, Satlantic
# name 10 = turbWETntu0: Turbidity, WET Labs ECO [NTU]
# name 11 = prdM: Pressure, Strain Gauge [db]
# name 12 = prdE: Pressure, Strain Gauge [psi]
# name 13 = tv290C: Temperature [ITS-90, deg C]
# name 14 = flag:  0.000e+00
# span 0 =     -0.608,      2.213       
# span 1 =     -0.411,      0.241       
# span 2 =     0.3838,    10.5813       
# span 3 =      4.223,    121.171       
# span 4 =      0.510,     43.027       
# span 5 =   0.470497,  38.685677       
# span 6 =    -0.0434,    16.3443       
# span 7 =      0.097,     11.049       
# span 8 = -1240.7455,   171.1575       
# span 9 = 1.2364e-01, 7.8500e+02       
# span 10 =    -0.6970,   273.3103      
# span 11 =     -0.596,      2.172      
# span 12 =     -0.864,      3.149      
# span 13 =    19.7854,    22.2912      
# span 14 = 0.0000e+00, 0.0000e+00      
# interval = seconds: 0.25
# start_time = Sep 22 2025 10:52:53 [Instrument's time stamp, header]
# bad_flag = -9.990e-29
*END*
     -0.606 -9.560e-15     7.7028     87.225      0.622   0.573335     0.0383      4.056 -1240.7455 6.5202e+02     9.0051     -0.595     -0.863    21.0548 0.0000e+00
     -0.606 -1.052e-13     7.7177     87.417      0.585   0.538683     0.0659      3.971 -1240.7455 6.5188e+02     9.0669     -0.595     -0.863    21.0549 0.0000e+00
     -0.606 -1.157e-12     7.7360     87.597      0.570   0.525063     0.0567      3.922 -1240.7455 6.5134e+02     9.0929     -0.595     -0.864    21.0550 0.0000e+00
     -0.606 -1.272e-11     7.7483     87.759      0.581   0.535340     0.0433      3.864 -1240.7455 6.4711e+02     9.0114     -0.595     -0.863    21.0551 0.0000e+00
     -0.607 -1.400e-10     7.7678     87.876      0.582   0.536265     0.0706      3.764 -1240.7455 6.3975e+02     9.0048     -0.595     -0.863    21.0552 0.0000e+00
     -0.607 -1.540e-09     7.7847     87.962      0.582   0.536244     0.0791      3.754 -1240.7455 6.3754e+02     9.0130     -0.596     -0.864    21.0556 0.0000e+00
     -0.607 -1.694e-08     7.7999     88.035      0.581   0.535090     0.0368      3.778 -1240.7455 6.4079e+02     8.9395     -0.595     -0.864    21.0555 0.0000e+00
     -0.607 -1.863e-07     7.8169     88.095      0.567   0.522311     0.0255      3.506 -1240.7455 6.4184e+02     8.7650     -0.595     -0.864    21.0556 0.0000e+00
     -0.607 -1.863e-07     7.8258     88.161      0.552   0.508406     0.0580      3.040 -1240.7455 6.4119e+02     8.5084     -0.596     -0.864    21.0559 0.0000e+00
     -0.607 -1.693e-08     7.8325     88.222      0.535   0.493643     0.0642      2.688 -1240.7455 6.4102e+02     8.2961     -0.595     -0.863    21.0560 0.0000e+00
     -0.607 -1.539e-09     7.8405     88.281      0.510   0.470497     0.0426      2.449 -1240.7455 6.3782e+02     8.1795     -0.595     -0.863    21.0558 0.0000e+00
     -0.607 -1.400e-10     7.8435     88.370      0.523   0.481899     0.0297      2.103 -1240.7455 6.3095e+02     7.6793     -0.596     -0.864    21.0559 0.0000e+00
     -0.607 -1.272e-11     7.8502     88.451      0.548   0.504825     0.0079      1.646 -1240.7455 6.2069e+02     6.6206     -0.595     -0.864    21.0562 0.0000e+00
     -0.607 -1.157e-12     7.8574     88.531      0.537   0.494347    -0.0296      1.415 -1240.7455 6.0148e+02     5.9001     -0.596     -0.864    21.0563 0.0000e+00
     -0.607 -1.052e-13     7.8578     88.623      0.523   0.481879    -0.0323      1.323 -1240.7455 5.6625e+02     5.7656     -0.595     -0.864    21.0564 0.0000e+00
     -0.608 -9.560e-15     7.8707     88.667      0.522   0.480755     0.0001      1.075 -1240.7455 5.2317e+02     5.0288     -0.596     -0.864    21.0565 0.0000e+00
     -0.608 -8.690e-16     7.8765     88.676      0.522   0.480756     0.0128      0.919 -1240.7455 4.8547e+02     3.4813     -0.596     -0.864    21.0566 0.0000e+00
     -0.607 -7.900e-17     7.8808     88.706      0.523   0.481888    -0.0122      1.031 -1240.7455 4.4042e+02     2.5293     -0.595     -0.864    21.0568 0.0000e+00
     -0.607 -7.149e-18     7.8946     88.759      0.537   0.494450    -0.0434      1.161 -1240.7455 3.7676e+02     2.3662     -0.595     -0.864    21.0569 0.0000e+00
     -0.607 -3.140e-19     7.8965     88.806      0.549   0.505967    -0.0403      1.173 -1240.7455 3.1413e+02     2.2263     -0.595     -0.863    21.0569 0.0000e+00
     -0.607 3.6697e-18     7.8947     88.842      0.537   0.494461    -0.0248      1.147 -1240.7455 2.6757e+02     1.9308     -0.595     -0.863    21.0569 0.0000e+00
     -0.607 4.1014e-17     7.8978     88.879      0.523   0.482002    -0.0384      1.219 -1240.7455 2.3852e+02     1.6632     -0.595     -0.863    21.0572 0.0000e+00
     -0.607 4.5122e-16     7.9039     88.923      0.523   0.482002    -0.0308      1.301 -1240.7455 2.3247e+02     1.6202     -0.595     -0.863    21.0574 0.0000e+00
     -0.607 4.9634e-15     7.9080     88.960      0.537   0.494471     0.0174      1.137 -1240.7455 2.4349e+02     1.7183     -0.596     -0.864    21.0576 0.0000e+00
     -0.607 5.4597e-14     7.9107     88.993      0.549   0.506082     0.0200      0.829 -1240.7455 2.5630e+02     1.7572     -0.595     -0.863    21.0579 0.0000e+00
     -0.607 6.0057e-13     7.9135     89.046      0.539   0.495707    -0.0164      0.627 -1240.7455 2.6388e+02     1.7479     -0.595     -0.863    21.0581 0.0000e+00
     -0.607 6.6063e-12     7.9180     89.106      0.539   0.495707    -0.0149      0.550 -1240.7455 2.5968e+02     1.7774     -0.595     -0.864    21.0584 0.0000e+00
     -0.607 7.2669e-11     7.9219     89.139      0.550   0.506082    -0.0029      0.530 -1240.7455 2.4690e+02     1.7377     -0.596     -0.864    21.0585 0.0000e+00
     -0.607 7.9936e-10     7.9228     89.162      0.537   0.494473    -0.0208      0.494 -1240.7455 2.4456e+02     1.6436     -0.595     -0.863    21.0584 0.0000e+00
     -0.607 8.7930e-09     7.9281     89.200      0.524   0.482028    -0.0238      0.399 -1240.7455 2.5155e+02     1.6645     -0.595     -0.864    21.0586 0.0000e+00
     -0.607 9.6723e-08     7.9360     89.242      0.524   0.482280     0.0022      0.279 -1240.7452 2.5399e+02     1.7856     -0.595     -0.863    21.0587 0.0000e+00
     -0.607      0.000     7.9370     89.271      0.540   0.497517     0.0111      0.172 -1240.7424 2.5551e+02     2.0487     -0.595     -0.864    21.0589 0.0000e+00
     -0.607      0.000     7.9383     89.292      0.586   0.539586    -0.0076      0.107 -1240.7116 2.6027e+02     4.5718     -0.595     -0.863    21.0589 0.0000e+00
     -0.607      0.000     7.9421     89.302      0.938   0.864255    -0.0330      0.097 -1240.3730 2.7026e+02     9.2347     -0.595     -0.863    21.0594 0.0000e+00
     -0.607      0.001     7.9470     89.301      4.935   4.549733    -0.0211      0.121 -1236.6479 2.8815e+02    11.8344     -0.595     -0.863    21.0591 0.0000e+00
     -0.607      0.007     7.9484     89.329     13.506  12.469346     0.0448      0.188 -1195.6722 3.1251e+02    12.0585     -0.595     -0.863    21.0601 0.0000e+00
     -0.607      0.025     7.9509     89.370     24.281  22.483168     0.3561      1.166  -744.9392 3.4644e+02    11.6035     -0.595     -0.864    21.0587 0.0000e+00
     -0.607      0.056     7.9524     89.406     34.846  32.369938     0.9128      3.395   -35.4066 3.8668e+02    10.8756     -0.595     -0.864    21.0614 0.0000e+00
     -0.602      0.098     7.9503     89.590     39.849  37.129650     1.2328      5.343   171.1575 4.2278e+02    10.5682     -0.596     -0.864    21.0574 0.0000e+00
     -0.582      0.147     7.9480     89.865     40.094  37.474250     1.2701      6.354    73.5539 4.5675e+02    10.5511     -0.582     -0.844    21.0834 0.0000e+00
     -0.534      0.193     7.9361     89.957     39.937  37.424995     1.2716      6.939    64.3096 4.9624e+02    10.4976     -0.534     -0.773    21.2218 0.0000e+00
     -0.463      0.227     7.8989     90.027     39.786  37.359169     1.3346      7.321    61.0211 5.3894e+02    10.4674     -0.457     -0.663    21.4137 0.0000e+00
     -0.381      0.241     7.8863     90.317     39.677  37.312998     1.4991      7.600    58.1418 5.7581e+02    10.5623     -0.373     -0.541    21.5863 0.0000e+00
     -0.302      0.232     7.9103     90.746     39.700  37.374456     1.6211      7.814    56.0822 5.9853e+02    10.7219     -0.290     -0.421    21.7369 0.0000e+00
     -0.237      0.205     7.8858     91.221     39.836  37.531215     1.6527      7.994    54.5307 6.0321e+02    10.7928     -0.224     -0.324    21.8593 0.0000e+00
     -0.193      0.168     7.8654     91.690     39.776  37.495122     1.6572      8.151    54.1827 5.9462e+02    10.5991     -0.184     -0.265    21.9537 0.0000e+00
     -0.164      0.130     7.8905     92.095     39.510  37.255357     1.6493      8.278    53.7667 5.8268e+02    10.2242     -0.160     -0.231    22.0225 0.0000e+00
     -0.143      0.099     7.9208     92.439     39.346  37.106972     1.6577      8.377    52.8567 5.7306e+02    10.0861     -0.139     -0.201    22.0701 0.0000e+00
     -0.124      0.077     7.9581     92.693     39.328  37.097014     1.6837      8.456    53.0739 5.6678e+02    10.1939     -0.120     -0.175    22.1057 0.0000e+00
     -0.109      0.063     7.9989     92.818     39.358  37.134970     1.6814      8.516    53.8981 5.5929e+02    10.1951     -0.106     -0.155    22.1332 0.0000e+00
     -0.095      0.051     8.0296     92.851     39.402  37.185184     1.6383      8.564    53.7020 5.2255e+02     9.9981     -0.094     -0.136    22.1449 0.0000e+00
     -0.081      0.040     8.0605     92.834     39.405  37.196519     1.6033      8.608    52.8535 4.6306e+02     9.8278     -0.079     -0.114    22.1489 0.0000e+00
     -0.069      0.028     8.0844     92.773     39.342  37.145139     1.6081      8.651    52.5868 4.2860e+02     9.8443     -0.065     -0.095    22.1574 0.0000e+00
     -0.063      0.016     8.0903     92.673     39.257  37.071592     1.6301      8.698    53.1455 4.2489e+02     9.8895     -0.059     -0.085    22.1697 0.0000e+00
     -0.062      0.005     8.0904     92.567     39.181  37.005270     1.6274      8.751    54.2733 4.4896e+02     9.8278     -0.061     -0.086    22.1820 0.0000e+00
     -0.066     -0.002     8.0868     92.466     39.147  36.977783     1.6009      8.808    55.4681 4.8461e+02     9.7820     -0.064     -0.093    22.1933 0.0000e+00
     -0.071     -0.004     8.0805     92.367     39.159  36.993067     1.5923      8.863    56.3207 5.0101e+02     9.8140     -0.070     -0.101    22.2040 0.0000e+00
     -0.076     -0.003     8.0685     92.284     39.163  36.999716     1.6149      8.908    56.8389 5.0755e+02     9.9405     -0.077     -0.111    22.2126 0.0000e+00
     -0.076     -0.001     8.0582     92.200     39.155  36.994723     1.6409      8.942    57.3457 5.1516e+02    10.0830     -0.076     -0.110    22.2186 0.0000e+00
     -0.072      0.001     8.0494     92.109     39.154  36.996150     1.6322      8.969    57.9738 5.1544e+02    10.0678     -0.071     -0.102    22.2238 0.0000e+00
     -0.068      0.001     8.0383     92.037     39.173  37.016979     1.6008      8.992    58.3246 5.1044e+02    10.0301     -0.066     -0.095    22.2287 0.0000e+00
     -0.067     -0.001     8.0319     92.038     39.212  37.056200     1.5945      9.013    58.5760 5.0737e+02    10.0703     -0.065     -0.094    22.2329 0.0000e+00
     -0.069     -0.004     8.0246     92.225     39.245  37.089656     1.6230      9.033    59.0345 5.0656e+02    10.0761     -0.068     -0.098    22.2363 0.0000e+00
     -0.072     -0.006     8.0145     92.706     39.258  37.104235     1.6541      9.054    59.3948 5.0733e+02     9.9980     -0.071     -0.103    22.2391 0.0000e+00
     -0.075     -0.006     8.0077     93.499     39.257  37.105570     1.6536      9.079    59.7484 5.0903e+02     9.8769     -0.074     -0.108    22.2423 0.0000e+00
     -0.079     -0.002     8.0024     94.452     39.256  37.105796     1.6421      9.106    60.4702 5.0955e+02     9.8420     -0.077     -0.114    22.2461 0.0000e+00
     -0.081      0.002     8.0146     95.252     39.256  37.106969     1.6485      9.133    60.9803 5.0633e+02     9.9177     -0.080     -0.117    22.2497 0.0000e+00
     -0.078      0.006     8.0547     95.596     39.268  37.119753     1.6723      9.160    60.7543 4.7830e+02    10.0064     -0.078     -0.114    22.2522 0.0000e+00
     -0.073      0.008     8.1276     95.357     39.281  37.133463     1.6887      9.189    60.6635 4.3891e+02     9.9919     -0.072     -0.104    22.2536 0.0000e+00
     -0.068      0.010     8.2215     94.619     39.293  37.145823     1.6721      9.220    61.4309 4.3694e+02     9.8796     -0.065     -0.094    22.2551 0.0000e+00
     -0.066      0.010     8.3015     93.608     39.288  37.142293     1.6631      9.253    64.7838 4.4446e+02     9.9124     -0.063     -0.092    22.2570 0.0000e+00
     -0.066      0.010     8.3349     92.593     39.233  37.090785     1.6801      9.289    78.4892 4.3989e+02    10.1145     -0.066     -0.096    22.2594 0.0000e+00
     -0.066      0.010     8.3104     91.773     39.169  37.030670     1.6939      9.329    90.9419 4.3714e+02    10.2390     -0.065     -0.095    22.2618 0.0000e+00
     -0.062      0.010     8.2390     91.224     39.122  36.986535     1.6977      9.364    83.4502 4.0462e+02    10.1882     -0.061     -0.088    22.2633 0.0000e+00
     -0.058      0.009     8.1410     90.819     39.072  36.937880     1.6839      9.392    72.1400 3.4543e+02    10.0127     -0.057     -0.083    22.2642 0.0000e+00
     -0.055      0.004     8.0477     90.359     39.019  36.886554     1.6762      9.414    69.0534 3.1334e+02     9.9279     -0.054     -0.078    22.2648 0.0000e+00
     -0.051     -0.004     7.9720     89.804     39.008  36.873566     1.6882      9.438    67.8985 3.2341e+02    10.0169     -0.049     -0.071    22.2650 0.0000e+00
     -0.051     -0.014     7.9290     89.241     39.046  36.907752     1.6952      9.464    67.3830 3.5009e+02    10.0634     -0.047     -0.068    22.2648 0.0000e+00
     -0.056     -0.021     7.9038     88.777     39.059  36.919172     1.6865      9.494    67.2941 3.7271e+02     9.9787     -0.053     -0.076    22.2640 0.0000e+00
     -0.067     -0.025     7.8629     88.459     39.023  36.884739     1.6655      9.523    67.3405 3.7831e+02     9.8812     -0.063     -0.092    22.2618 0.0000e+00
     -0.081     -0.026     7.8127     88.259     39.010  36.872142     1.6670      9.551    67.4267 3.7090e+02     9.9094     -0.082     -0.119    22.2594 0.0000e+00
     -0.090     -0.022     7.7595     88.149     39.033  36.893769     1.6874      9.577    67.5620 3.6504e+02    10.0117     -0.093     -0.134    22.2571 0.0000e+00
     -0.092     -0.015     7.7176     88.079     39.030  36.892428     1.6957      9.602    67.4278 3.6386e+02    10.0243     -0.088     -0.129    22.2560 0.0000e+00
     -0.093     -0.008     7.6926     88.008     38.991  36.855929     1.6846      9.633    67.0951 3.6371e+02     9.9262     -0.093     -0.135    22.2549 0.0000e+00
     -0.093     -0.003     7.6751     87.907     38.966  36.833174     1.6535      9.671    66.8941 3.6138e+02     9.8503     -0.094     -0.136    22.2533 0.0000e+00
     -0.090     -0.003     7.6678     87.780     39.005  36.871117     1.6441      9.716    66.6325 3.5925e+02     9.8913     -0.085     -0.124    22.2541 0.0000e+00
     -0.089     -0.003     7.6623     87.693     39.070  36.933978     1.6710      9.763    66.3411 3.6309e+02     9.9787     -0.086     -0.125    22.2563 0.0000e+00
     -0.092     -0.002     7.6568     87.723     39.094  36.958690     1.6708      9.811    66.2965 3.7039e+02    10.0187     -0.090     -0.131    22.2577 0.0000e+00
     -0.097     -0.000     7.6488     87.906     39.048  36.916105     1.6246      9.860    66.5233 3.9261e+02     9.9997     -0.094     -0.138    22.2583 0.0000e+00
     -0.099      0.003     7.6345     88.191     38.926  36.799803     1.5955      9.906    66.8459 4.3014e+02     9.9876     -0.099     -0.145    22.2595 0.0000e+00
     -0.098      0.006     7.6243     88.411     38.816  36.694641     1.6095      9.945    67.1009 4.5076e+02    10.0766     -0.097     -0.142    22.2616 0.0000e+00
     -0.093      0.006     7.6251     88.385     38.781  36.659833     1.6187      9.976    67.3694 4.5595e+02    10.1543     -0.092     -0.134    22.2638 0.0000e+00
     -0.085      0.002     7.6416     88.039     38.756  36.632757     1.5996     10.002    67.6820 4.5546e+02    10.0723     -0.081     -0.118    22.2654 0.0000e+00
     -0.080     -0.003     7.6725     87.427     38.750  36.621067     1.5857     10.027    68.0419 4.4491e+02     9.9748     -0.074     -0.107    22.2655 0.0000e+00
     -0.085     -0.008     7.6990     86.772     38.781  36.645386     1.5839     10.050    68.3653 4.3572e+02     9.9656     -0.080     -0.117    22.2625 0.0000e+00
     -0.095     -0.010     7.6983     86.335     38.814  36.672978     1.6029     10.070    68.5803 4.3248e+02     9.9949     -0.093     -0.136    22.2601 0.0000e+00
