Data/DataNotYetUploadedToEDI/Raw_CTD/RawDownloads/092225_fcr40_S7809004.cnv
* Sea-Bird SBE19plus  Data File:
* FileName = C:\R\Reservoirs\Data\DataNotYetUploadedToEDI\Raw_CTD\RawDownloads\092225_fcr50_S7809_0004.hex
* Software version 2.8.0.119
* Temperature SN = 7809
* Conductivity SN = 7809
* System UpLoad Time = Sep 23 2025 09:58:02
* <ApplicationData>
* <Seaterm232>
# nquan = 15
# nvalues = 1229                        
# units = specified
# name 0 = depFM: Depth [fresh water, m]
# name 1 = dz/dtM: Descent Rate [m/s]
# name 2 = sbeox0Mg/L: Oxygen, SBE 43 [mg/l]
# name 3 = sbeox0PS: Oxygen, SBE 43 [% saturation]
# name 4 = specc: Specific Conductance [uS/cm]
# name 5 = c0uS/cm: Conductivity [uS/cm]
# name 6 = flECO-AFL: Fluorescence, WET Labs ECO-AFL/FL [mg/m^3]
# name 7 = ph: pH
# name 8 = orp: Oxidation Reduction Potential [mV]
# name 9 = par/sat/log: PAR/Logarithmic, Satlantic
# name 10 = turbWETntu0: Turbidity, WET Labs ECO [NTU]
# name 11 = prdM: Pressure, Strain Gauge [db]
# name 12 = prdE: Pressure, Strain Gauge [psi]
# name 13 = tv290C: Temperature [ITS-90, deg C]
# name 14 = flag:  0.000e+00
# span 0 =     -0.604,      5.590       
# span 1 =     -0.501,      0.249       
# span 2 =     0.0162,    11.4272       
# span 3 =      0.181,    130.548       
# span 4 =      2.146,     79.146       
# span 5 =   1.888177,  63.438097       
# span 6 =    -0.0983,     4.7107       
# span 7 =      8.398,     11.412       
# span 8 =    31.1637,   225.3676       
# span 9 = 1.2362e-01, 4.6829e+02       
# span 10 =     1.2590,   267.0616      
# span 11 =     -0.595,      5.482      
# span 12 =     -0.863,      7.951      
# span 13 =    12.6742,    22.2824      
# span 14 = 0.0000e+00, 0.0000e+00      
# interval = seconds: 0.25
# start_time = Sep 22 2025 12:12:42 [Instrument's time stamp, header]
# bad_flag = -9.990e-29
*END*
[from data line 1061]
      5.498      0.039     4.2534     40.698     61.742  46.526447     0.3728      8.595   116.5912 1.2377e-01    21.4672      5.392      7.820    12.6871 0.0000e+00
      5.510      0.038     4.2576     40.987     61.767  46.544807     0.3634      8.592   116.9669 1.2370e-01    21.5470      5.405      7.838    12.6816 0.0000e+00
      5.521      0.033     4.2707     41.235     61.774  46.550582     0.3658      8.589   117.4285 1.2373e-01    23.1058      5.416      7.854    12.6784 0.0000e+00
      5.529      0.027     4.2897     41.416     61.750  46.532795     0.4101      8.588   118.0415 1.2382e-01    26.2753      5.423      7.865    12.6761 0.0000e+00
      5.535      0.020     4.3162     41.551     61.732  46.520203     0.4580      8.585   118.6143 1.2384e-01    28.2029      5.429      7.874    12.6742 0.0000e+00
      5.540      0.015     4.3520     41.622     61.737  46.525303     0.4958      8.582   118.9343 1.2381e-01    29.0255      5.434      7.881    12.6748 0.0000e+00
      5.541      0.013     4.3793     41.617     61.741  46.530969     0.6016      8.580   119.1574 1.2381e-01    35.8117      5.435      7.881    12.6754 0.0000e+00
      5.541      0.014     4.3955     41.565     61.729  46.525230     0.7714      8.578   119.5045 1.2386e-01    48.2886      5.433      7.879    12.6753 0.0000e+00
      5.542      0.016     4.4121     41.488     61.719  46.519400     0.8836      8.576   119.9470 1.2387e-01    55.4060      5.432      7.880    12.6759 0.0000e+00
      5.547      0.017     4.4201     41.414     61.726  46.523980     0.9592      8.574   120.4642 1.2383e-01    59.1849      5.438      7.887    12.6766 0.0000e+00
      5.556      0.018     4.4172     41.366     61.718  46.517107     1.4782      8.572   120.9395 1.2382e-01    93.0902      5.449      7.903    12.6787 0.0000e+00
      5.563      0.018     4.4112     41.314     61.696  46.499783     2.4138      8.569   121.3057 1.2381e-01   155.0145      5.458      7.916    12.6821 0.0000e+00
      5.568      0.016     4.4023     41.236     61.701  46.504976     2.8998      8.567   121.7092 1.2373e-01   188.8349      5.460      7.919    12.6839 0.0000e+00
      5.570      0.012     4.3916     41.138     61.713  46.516414     2.9348      8.566   122.1182 1.2373e-01   193.4476      5.462      7.924    12.6832 0.0000e+00
      5.572      0.010     4.3900     41.041     61.703  46.511105     2.9458      8.565   122.4649 1.2375e-01   210.4106      5.464      7.925    12.6820 0.0000e+00
      5.573      0.009     4.3847     40.964     61.694  46.504279     2.9327      8.563   122.8036 1.2370e-01   240.7628      5.464      7.925    12.6817 0.0000e+00
      5.574      0.009     4.3759     40.885     61.686  46.497369     2.9259      8.561   123.1166 1.2367e-01   256.9267      5.466      7.928    12.6822 0.0000e+00
      5.577      0.009     4.3650     40.798     61.678  46.491031     2.8642      8.559   123.4099 1.2369e-01   255.1352      5.468      7.930    12.6850 0.0000e+00
      5.580      0.009     4.3520     40.710     61.678  46.491127     2.2445      8.557   123.7687 1.2372e-01   220.5717      5.472      7.936    12.6872 0.0000e+00
      5.584      0.008     4.3468     40.612     61.684  46.498533     1.1344      8.555   124.1855 1.2375e-01   157.1490      5.476      7.943    12.6863 0.0000e+00
      5.586      0.006     4.3381     40.495     61.704  46.517101     0.5202      8.554   124.5776 1.2379e-01   122.5683      5.478      7.945    12.6858 0.0000e+00
      5.586      0.004     4.3283     40.395     61.709  46.525186     0.4692      8.551   124.8958 1.2380e-01   119.2548      5.478      7.945    12.6855 0.0000e+00
      5.586      0.002     4.3192     40.323     61.713  46.532802     0.4682      8.549   125.1934 1.2380e-01   117.2553      5.478      7.945    12.6852 0.0000e+00
      5.586      0.001     4.3101     40.252     61.726  46.545709     0.3749      8.546   125.5086 1.2383e-01    99.2811      5.478      7.945    12.6871 0.0000e+00
      5.586      0.001     4.2951     40.193     61.735  46.554270     0.1987      8.543   125.8673 1.2381e-01    66.4419      5.478      7.946    12.6903 0.0000e+00
      5.587      0.001     4.2827     40.188     61.756  46.572835     0.1016      8.543   126.2614 1.2376e-01    48.4373      5.479      7.946    12.6940 0.0000e+00
      5.587      0.001     4.2779     40.219     61.760  46.579718     0.1084      8.541   126.5734 1.2369e-01    46.0328      5.479      7.947    12.6981 0.0000e+00
      5.587      0.001     4.2687     40.234     61.743  46.574004     0.0814      8.540   126.8013 1.2368e-01    37.8478      5.479      7.947    12.7009 0.0000e+00
      5.587      0.001     4.2603     40.240     61.720  46.567239    -0.0002      8.538   127.0381 1.2378e-01    23.1888      5.480      7.948    12.7020 0.0000e+00
      5.587      0.001     4.2594     40.267     61.699  46.561424    -0.0460      8.535   127.2860 1.2383e-01    15.1991      5.479      7.947    12.7037 0.0000e+00
      5.588      0.001     4.2670     40.288     61.699  46.567195    -0.0314      8.533   127.4748 1.2378e-01    14.2785      5.480      7.948    12.7064 0.0000e+00
      5.589      0.001     4.2667     40.309     61.704  46.573543     0.0019      8.533   127.6000 1.2373e-01    11.4773      5.481      7.949    12.7116 0.0000e+00
      5.589      0.001     4.2633     40.342     61.701  46.574687     0.0066      8.532   127.7668 1.2374e-01     6.2654      5.481      7.949    12.7213 0.0000e+00
      5.589      0.001     4.2690     40.337     61.703  46.581034    -0.0158      8.529   128.1157 1.2379e-01     3.3893      5.481      7.950    12.7315 0.0000e+00
      5.589      0.000     4.2697     40.286     61.707  46.586800    -0.0355      8.527   128.6347 1.2380e-01     3.1080      5.481      7.950    12.7355 0.0000e+00
      5.589 1.8626e-08     4.2699     40.241     61.699  46.580930    -0.0318      8.525   129.1374 1.2380e-01     2.7272      5.480      7.948    12.7358 0.0000e+00
      5.589 2.0489e-07     4.2771     40.199     61.694  46.573542    -0.0128      8.523   129.4616 1.2379e-01     2.0306      5.481      7.949    12.7389 0.0000e+00
      5.589 2.0475e-07     4.2768     40.153     61.684  46.560949    -0.0148      8.523   129.6296 1.2373e-01     1.5861      5.481      7.950    12.7432 0.0000e+00
      5.589 1.6946e-08     4.2665     40.134     61.682  46.555642    -0.0303      8.521   129.8781 1.2368e-01     1.4852      5.481      7.950    12.7466 0.0000e+00
      5.590 1.3199e-10     4.2633     40.120     61.707  46.572852    -0.0336      8.518   130.2291 1.2373e-01     1.4601      5.481      7.950    12.7464 0.0000e+00
      5.590 1.4519e-09     4.2610     40.077     61.715  46.578578    -0.0133      8.516   130.6046 1.2382e-01     1.4871      5.481      7.950    12.7425 0.0000e+00
      5.590 1.5971e-08     4.2527     40.027     61.690  46.561398     0.0158      8.516   130.9760 1.2387e-01     1.4703      5.481      7.950    12.7382 0.0000e+00
      5.590 1.7568e-07     4.2530     39.971     61.680  46.555579     0.0270      8.515   131.2776 1.2385e-01     1.4279      5.481      7.950    12.7350 0.0000e+00
      5.590 6.9728e-08     4.2543     39.873     61.700  46.571705     0.0137      8.513   131.5849 1.2378e-01     1.3839      5.482      7.951    12.7334 0.0000e+00
      5.590      0.000     4.2471     39.751     61.692  46.565926    -0.0119      8.511   131.7660 1.2374e-01     1.2795      5.481      7.950    12.7333 0.0000e+00
      5.590      0.000     4.2412     39.629     61.669  46.549192    -0.0084      8.510   131.9181 1.2376e-01     1.2590      5.481      7.949    12.7343 0.0000e+00
      5.590      0.000     4.2386     39.509     61.679  46.559831     0.0151      8.509   132.3065 1.2380e-01     1.3070      5.482      7.951    12.7360 0.0000e+00
      5.590     -0.002     4.2261     39.409     61.684  46.567590     0.0061      8.507   132.7620 1.2380e-01     1.9970      5.482      7.950    12.7373 0.0000e+00
      5.589     -0.009     4.2118     39.345     61.693  46.579523     0.0161      8.505   133.3817 1.2382e-01    10.5240      5.481      7.949    12.7373 0.0000e+00
      5.589     -0.031     4.1999     39.312     61.765  46.640637     0.0854      8.502   134.2066 1.2383e-01    26.2830      5.481      7.950    12.7378 0.0000e+00
      5.589     -0.081     4.1855     39.304     61.873  46.735150     0.1448      8.499   134.9915 1.2379e-01    35.0295      5.480      7.949    12.7402 0.0000e+00
      5.584     -0.158     4.1743     39.347     61.966  46.833486     0.1845      8.496   135.7313 1.2375e-01    36.6851      5.480      7.949    12.7437 0.0000e+00
      5.561     -0.246     4.1668     39.444     62.044  46.940841     0.3410      8.491   136.1818 1.2378e-01    46.3016      5.469      7.933    12.7471 0.0000e+00
      5.492     -0.321     4.1647     39.535     62.071  47.017454     0.5895      8.487   136.3097 1.2383e-01    63.9559      5.410      7.846    12.7519 0.0000e+00
      5.366     -0.360     4.1605     39.515     62.066  47.061526     0.7080      8.484   136.4172 1.2379e-01    73.6729      5.275      7.652    12.7592 0.0000e+00
      5.208     -0.354     4.1631     39.245     62.156  47.156329     0.7341      8.482   136.4486 1.2372e-01    74.9751      5.102      7.401    12.7795 0.0000e+00
      5.068     -0.308     4.1718     38.565     62.310  47.274910     0.7963      8.481   136.5170 1.2369e-01    79.0524      4.945      7.173    12.8228 0.0000e+00
      4.988     -0.230     4.1805     37.384     62.436  47.352515     0.8604      8.481   136.7273 1.2371e-01    86.2829      4.863      7.054    12.8748 0.0000e+00
      4.976     -0.140     4.1795     35.737     62.526  47.396262     0.8684      8.480   137.0132 1.2375e-01    90.1868      4.872      7.066    12.9154 0.0000e+00
      4.994     -0.070     4.1556     33.787     62.585  47.422893     0.8344      8.477   137.5642 1.2379e-01    90.4886      4.901      7.109    12.9380 0.0000e+00
      5.008     -0.052     4.0882     31.827     62.594  47.420548     0.8334      8.473   138.1416 1.2382e-01    90.3758      4.914      7.127    12.9389 0.0000e+00
      5.012     -0.100     3.9631     30.172     62.520  47.367889     0.8640      8.467   138.4882 1.2381e-01    90.1549      4.917      7.132    12.9188 0.0000e+00
      5.005     -0.193     3.7864     29.010     62.396  47.294117     0.8798      8.459   138.8301 1.2376e-01    89.9357      4.918      7.134    12.8955 0.0000e+00
      4.965     -0.288     3.5697     28.375     62.266  47.226971     0.8668      8.454   139.0919 1.2399e-01    88.9211      4.894      7.098    12.8815 0.0000e+00
      4.865     -0.352     3.3497     28.184     62.171  47.190944     0.7903      8.451   139.2435 1.2725e-01    78.8443      4.796      6.956    12.8733 0.0000e+00
      4.706     -0.369     3.1683     28.229     62.111  47.176004     0.6951      8.450   139.4590 1.3596e-01    60.6016      4.620      6.700    12.8738 0.0000e+00
      4.539     -0.341     3.0434     28.209     62.077  47.173338     0.6656      8.451   139.6323 1.5574e-01    50.7279      4.426      6.418    12.8912 0.0000e+00
      4.430     -0.275     2.9776     27.889     62.123  47.222215     0.6652      8.451   139.7033 1.7049e-01    49.8473      4.312      6.255    12.9199 0.0000e+00
      4.398     -0.185     2.9623     27.170     62.163  47.259098     0.6487      8.451   139.8019 1.5890e-01    49.5104      4.299      6.236    12.9505 0.0000e+00
      4.408     -0.098     2.9786     25.997     62.133  47.238373     0.5916      8.451   139.9641 1.4094e-01    47.2004      4.323      6.271    12.9774 0.0000e+00
      4.424     -0.050     2.9852     24.434     62.117  47.225577     0.5160      8.449   140.2016 1.3536e-01    43.1313      4.344      6.299    12.9959 0.0000e+00
      4.430     -0.066     2.9510     22.720     62.124  47.231362     0.4996      8.446   140.3507 1.3873e-01    40.9608      4.347      6.305    13.0064 0.0000e+00
      4.427     -0.136     2.8800     21.150     62.136  47.244836     0.5347      8.441   140.2177 1.4727e-01    40.7703      4.345      6.301    13.0110 0.0000e+00
      4.408     -0.230     2.7537     19.901     62.147  47.261527     0.5408      8.436   140.0567 1.7013e-01    39.9044      4.338      6.292    13.0115 0.0000e+00
      4.344     -0.315     2.5802     19.047     62.188  47.306212     0.5078      8.431   140.1244 2.3342e-01    38.2459      4.286      6.216    13.0098 0.0000e+00
      4.220     -0.369     2.3857     18.560     62.296  47.404212     0.4934      8.429   140.2627 3.4699e-01    37.3537      4.151      6.020    13.0099 0.0000e+00
      4.065     -0.379     2.2152     18.327     62.390  47.494132     0.5167      8.429   140.1797 4.7448e-01    37.1437      3.979      5.772    13.0126 0.0000e+00
      3.924     -0.347     2.0807     18.256     62.457  47.568110     0.5555      8.430   139.8952 5.7747e-01    34.8874      3.832      5.558    13.0191 0.0000e+00
      3.827     -0.278     1.9897     18.210     62.714  47.790788     0.5717      8.430   139.7481 6.3023e-01    30.5689      3.730      5.410    13.0309 0.0000e+00
      3.784     -0.189     1.9462     18.015     63.319  48.281859     0.5540      8.430   139.7779 6.2751e-01    28.1059      3.697      5.362    13.0439 0.0000e+00
      3.779     -0.104     1.9207     17.545     63.704  48.616894     0.5419      8.430   139.7389 6.0240e-01    27.7889      3.706      5.375    13.0577 0.0000e+00
      3.783     -0.050     1.9191     16.766     63.541  48.540194     0.5499      8.428   139.7069 5.7463e-01    27.3516      3.711      5.383    13.0767 0.0000e+00
      3.788     -0.046     1.9200     15.731     63.276  48.370414     0.5507      8.423   139.7359 5.5249e-01    26.6105      3.714      5.387    13.1000 0.0000e+00
      3.792     -0.099     1.9036     14.515     63.137  48.278413     0.5267      8.417   139.8313 5.4170e-01    26.1725      3.719      5.394    13.1183 0.0000e+00
      3.789     -0.195     1.8542     13.172     63.514  48.570674     0.5101      8.411   140.1716 5.5843e-01    25.9152      3.724      5.400    13.1511 0.0000e+00
      3.755     -0.305     1.7678     11.790     64.368  49.237451     0.6080      8.405   140.4941 6.4890e-01    24.2170      3.705      5.374    13.1996 0.0000e+00
      3.663     -0.399     1.6554     10.567     65.047  49.800634     0.8026      8.400   140.3760 8.3755e-01    21.2501      3.618      5.248    13.2243 0.0000e+00
      3.506     -0.450     1.5254      9.653     65.438  50.173618     0.9152      8.398   139.9480 1.1104e+00    19.7273      3.452      5.007    13.2332 0.0000e+00
      3.316     -0.449     1.3844      9.089     66.012  50.699460     0.9214      8.400   139.5357 1.4250e+00    19.5713      3.245      4.706    13.2308 0.0000e+00
      3.146     -0.395     1.2286      8.843     67.050  51.586754     0.9524      8.402   139.0900 1.6664e+00    19.3307      3.055      4.432    13.2336 0.0000e+00
      3.047     -0.304     1.0940      8.828     68.043  52.456409     1.0482      8.405   138.5169 1.7337e+00    19.1062      2.959      4.292    13.2685 0.0000e+00
      3.018     -0.207     0.9969      8.969     68.204  52.705255     1.1224      8.407   138.0272 1.6825e+00    19.1115      2.952      4.282    13.3303 0.0000e+00
      3.023     -0.147     0.9360      9.146     67.377  52.182523     1.1584      8.408   137.8151 1.6225e+00    19.2575      2.964      4.300    13.4003 0.0000e+00
      3.033     -0.154     0.9150      9.211     66.588  51.661017     1.1768      8.408   137.9319 1.6006e+00    19.2322      2.977      4.317    13.4606 0.0000e+00
      3.031     -0.225     0.9123      9.071     66.405  51.607116     1.1868      8.408   138.1484 1.6633e+00    18.6686      2.986      4.331    13.5347 0.0000e+00
