Data/DataNotYetUploadedToEDI/Raw_CTD/RawDownloads/092225_fcr20_S7809002.cnv
* Sea-Bird SBE19plus  Data File:
* FileName = C:\R\Reservoirs\Data\DataNotYetUploadedToEDI\Raw_CTD\RawDownloads\092225_fcr50_S7809_0002.hex
* Software version 2.8.0.119
* Temperature SN = 7809
* Conductivity SN = 7809
* System UpLoad Time = Sep 23 2025 09:56:54
* <ApplicationData>
* <Seaterm232>
# nquan = 15
# nvalues = 1197                        
# units = specified
# name 0 = depFM: Depth [fresh water, m]
# name 1 = dz/dtM: Descent Rate [m/s]
# name 2 = sbeox0Mg/L: Oxygen, SBE 43 [mg/l]
# name 3 = sbeox0PS: Oxygen, SBE 43 [% saturation]
# name 4 = specc: Specific Conductance [uS/cm]
# name 5 = c0uS/cm: Conductivity [uS/cm]
# name 6 = flECO-AFL: Fluorescence, WET Labs ECO-AFL/FL [mg/m^3]
# name 7 = ph: pH
# name 8 = orp: Oxidation Reduction Potential [mV]
# name 9 = par/sat/log: PAR/Logarithmic, Satlantic
# name 10 = turbWETntu0: Turbidity, WET Labs ECO [NTU]
# name 11 = prdM: Pressure, Strain Gauge [db]
# name 12 = prdE: Pressure, Strain Gauge [psi]
# name 13 = tv290C: Temperature [ITS-90, deg C]
# name 14 = flag:  0.000e+00
# span 0 =     -0.610,      2.901       
# span 1 =     -0.400,      0.207       
# span 2 =     0.0497,    10.9408       
# span 3 =      0.553,    125.271       
# span 4 =      2.533,     47.597       
# span 5 =   2.409158,  42.231646       
# span 6 =    -0.0310,    20.6385       
# span 7 =      8.333,     11.232       
# span 8 =   -25.6292,   374.9689       
# span 9 = 4.5259e+00, 2.4997e+03       
# span 10 =    -0.1501,   208.5997      
# span 11 =     -0.599,      2.845      
# span 12 =     -0.869,      4.126      
# span 13 =    19.3019,    22.5477      
# span 14 = 0.0000e+00, 0.0000e+00      
# interval = seconds: 0.25
# start_time = Sep 22 2025 11:33:54 [Instrument's time stamp, header]
# bad_flag = -9.990e-29
*END*
[from data line 964]
      2.588      0.013     1.4765     18.908     39.671  35.542047     2.2720     10.094   142.3775 1.4693e+01     8.0115      2.538      3.681    19.8352 0.0000e+00
      2.592      0.017     1.5311     19.395     39.675  35.514612     2.3533     10.091   142.4511 1.4567e+01     7.9773      2.541      3.685    19.8372 0.0000e+00
      2.598      0.019     1.5991     19.578     39.683  35.486954     2.3513     10.088   142.5813 1.4394e+01     7.9761      2.546      3.693    19.8333 0.0000e+00
      2.605      0.019     1.6676     19.313     39.686  35.461379     2.3805     10.084   142.7478 1.4264e+01     8.0993      2.555      3.707    19.8224 0.0000e+00
      2.611      0.019     1.7305     18.500     39.705  35.459150     2.4402     10.079   143.0013 1.4171e+01     8.1685      2.561      3.715    19.7977 0.0000e+00
      2.616      0.018     1.7815     17.136     39.718  35.459980     2.4654     10.075   143.2365 1.4090e+01     8.0957      2.565      3.720    19.7536 0.0000e+00
      2.619      0.016     1.8051     15.370     39.739  35.471403     2.4440     10.071   143.3549 1.4030e+01     8.0051      2.569      3.727    19.7054 0.0000e+00
      2.621      0.015     1.7851     13.431     39.744  35.470353     2.4893     10.067   143.4009 1.3977e+01     8.3024      2.571      3.728    19.6672 0.0000e+00
      2.624      0.015     1.7128     11.506     39.725  35.447283     2.6219     10.062   143.4474 1.3913e+01     8.9238      2.573      3.731    19.6446 0.0000e+00
      2.628      0.015     1.5827      9.761     39.732  35.446248     2.6999     10.057   143.4879 1.3831e+01     9.2678      2.577      3.738    19.6344 0.0000e+00
      2.633      0.016     1.4125      8.374     39.752  35.457833     2.6911     10.052   143.5454 1.3728e+01     9.2498      2.581      3.744    19.6254 0.0000e+00
      2.638      0.017     1.2296      7.366     39.760  35.460445     2.6893     10.047   143.7131 1.3638e+01     9.1504      2.587      3.753    19.6183 0.0000e+00
      2.643      0.017     1.0495      6.632     39.783  35.477824     2.7444     10.043   143.8815 1.3576e+01     9.1931      2.591      3.759    19.6123 0.0000e+00
      2.647      0.016     0.8812      6.112     39.859  35.541061     2.8086     10.039   143.9458 1.3534e+01     9.2879      2.596      3.765    19.6021 0.0000e+00
      2.650      0.016     0.7538      5.744     39.992  35.653985     2.8327     10.034   143.9746 1.3501e+01     9.3061      2.599      3.770    19.5923 0.0000e+00
      2.653      0.016     0.6682      5.467     40.120  35.764525     2.8031     10.028   143.9720 1.3481e+01     9.2766      2.602      3.774    19.5886 0.0000e+00
      2.656      0.017     0.6005      5.255     40.231  35.862392     2.7423     10.023   144.0002 1.3438e+01     9.2389      2.605      3.778    19.5860 0.0000e+00
      2.661      0.017     0.5554      5.067     40.402  36.012430     2.7298     10.018   144.1428 1.3331e+01     9.2947      2.609      3.784    19.5793 0.0000e+00
      2.667      0.016     0.5247      4.895     40.596  36.182707     2.7602     10.013   144.2343 1.3215e+01     9.3359      2.616      3.794    19.5707 0.0000e+00
      2.673      0.015     0.4984      4.725     40.700  36.271470     2.7432     10.008   144.2450 1.3132e+01     9.2248      2.622      3.803    19.5665 0.0000e+00
      2.677      0.013     0.4820      4.507     40.692  36.260781     2.6413     10.003   144.2725 1.3082e+01     9.0783      2.626      3.808    19.5656 0.0000e+00
      2.679      0.011     0.4642      4.222     40.606  36.180373     2.5271      9.998   144.3094 1.3077e+01     9.0673      2.627      3.810    19.5626 0.0000e+00
      2.680      0.011     0.4481      3.873     40.546  36.124118     2.4943      9.992   144.4322 1.3096e+01     9.1955      2.629      3.812    19.5594 0.0000e+00
      2.681      0.012     0.4356      3.459     40.577  36.151663     2.5190      9.986   144.5529 1.3085e+01     9.2620      2.629      3.813    19.5555 0.0000e+00
      2.684      0.013     0.4156      3.018     40.627  36.196164     2.5178      9.981   144.5648 1.3022e+01     9.1539      2.631      3.816    19.5497 0.0000e+00
      2.688      0.015     0.3889      2.601     40.651  36.218019     2.4882      9.977   144.5760 1.2931e+01     9.0495      2.635      3.823    19.5440 0.0000e+00
      2.694      0.016     0.3580      2.255     40.659  36.225564     2.4767      9.972   144.6025 1.2837e+01     9.0932      2.641      3.830    19.5410 0.0000e+00
      2.699      0.016     0.3183      2.012     40.657  36.223930     2.4873      9.967   144.6267 1.2755e+01     9.2038      2.648      3.840    19.5423 0.0000e+00
      2.703      0.016     0.2757      1.866     40.701  36.261717     2.4842      9.960   144.6103 1.2702e+01     9.1566      2.651      3.845    19.5429 0.0000e+00
      2.706      0.016     0.2370      1.803     40.818  36.365182     2.4468      9.954   144.5766 1.2677e+01     8.9671      2.654      3.849    19.5416 0.0000e+00
      2.709      0.015     0.2027      1.803     40.924  36.459689     2.4268      9.949   144.6498 1.2654e+01     8.9280      2.657      3.853    19.5431 0.0000e+00
      2.712      0.013     0.1818      1.828     40.988  36.516064     2.4336      9.944   144.7211 1.2592e+01     9.0254      2.659      3.856    19.5440 0.0000e+00
      2.717      0.013     0.1686      1.865     41.085  36.602653     2.4123      9.939   144.7494 1.2501e+01     9.0858      2.664      3.864    19.5414 0.0000e+00
      2.722      0.014     0.1627      1.896     41.245  36.745188     2.3604      9.934   144.7335 1.2450e+01     9.0433      2.670      3.873    19.5408 0.0000e+00
      2.725      0.015     0.1654      1.906     41.428  36.906931     2.3144      9.929   144.7017 1.2442e+01     8.9208      2.672      3.875    19.5419 0.0000e+00
      2.726      0.016     0.1670      1.908     41.648  37.098850     2.3059      9.924   144.7947 1.2400e+01     8.9033      2.672      3.875    19.5407 0.0000e+00
      2.729      0.018     0.1711      1.890     41.866  37.288946     2.2742      9.918   144.9116 1.2295e+01     8.9346      2.676      3.880    19.5396 0.0000e+00
      2.735      0.019     0.1756      1.849     41.957  37.365176     2.1807      9.913   144.9110 1.2187e+01     8.8886      2.683      3.892    19.5408 0.0000e+00
      2.742      0.020     0.1744      1.818     41.985  37.385990     2.1069      9.908   144.7878 1.2086e+01     8.7907      2.689      3.901    19.5391 0.0000e+00
      2.748      0.020     0.1758      1.780     42.089  37.477150     2.0727      9.902   144.7115 1.1977e+01     8.6401      2.695      3.908    19.5342 0.0000e+00
      2.753      0.019     0.1750      1.695     42.205  37.579007     2.0585      9.895   144.7631 1.1913e+01     8.5697      2.700      3.917    19.5293 0.0000e+00
      2.757      0.017     0.1685      1.572     42.306  37.665701     2.0604      9.890   144.8094 1.1873e+01     8.5893      2.703      3.920    19.5221 0.0000e+00
      2.760      0.015     0.1667      1.441     42.421  37.763885     2.0627      9.885   144.7551 1.1798e+01     8.6721      2.706      3.925    19.5165 0.0000e+00
      2.764      0.014     0.1661      1.327     42.483  37.814291     2.0445      9.880   144.6229 1.1714e+01     8.7513      2.711      3.933    19.5171 0.0000e+00
      2.768      0.014     0.1565      1.253     42.506  37.830963     2.0070      9.874   144.5881 1.1659e+01     8.6924      2.715      3.937    19.5157 0.0000e+00
      2.771      0.014     0.1443      1.199     42.588  37.902004     1.9666      9.867   144.6786 1.1616e+01     8.6777      2.717      3.941    19.5116 0.0000e+00
      2.774      0.015     0.1324      1.161     42.743  38.038668     1.9216      9.862   144.7706 1.1557e+01     8.7443      2.720      3.945    19.5073 0.0000e+00
      2.777      0.016     0.1194      1.156     42.943  38.214215     1.8963      9.857   144.8395 1.1477e+01     8.7455      2.723      3.950    19.4994 0.0000e+00
      2.782      0.018     0.1148      1.168     43.269  38.501540     1.8778      9.852   144.8230 1.1375e+01     8.7268      2.727      3.956    19.4944 0.0000e+00
      2.788      0.018     0.1099      1.175     43.591  38.783976     1.8647      9.845   144.7439 1.1277e+01     8.7911      2.734      3.965    19.4946 0.0000e+00
      2.793      0.018     0.1049      1.166     43.801  38.963850     1.8953      9.838   144.7435 1.1194e+01     8.9424      2.739      3.973    19.4932 0.0000e+00
      2.798      0.017     0.1059      1.148     44.021  39.153340     1.9402      9.832   144.7313 1.1088e+01     8.9844      2.744      3.980    19.4895 0.0000e+00
      2.803      0.016     0.1072      1.122     44.120  39.234716     1.9580      9.826   144.6832 1.0984e+01     8.9240      2.749      3.989    19.4882 0.0000e+00
      2.806      0.014     0.1087      1.077     44.142  39.249689     1.9358      9.821   144.6786 1.0918e+01     8.9639      2.752      3.992    19.4836 0.0000e+00
      2.808      0.014     0.1070      1.023     44.311  39.397835     1.9047      9.816   144.5888 1.0848e+01     9.1245      2.754      3.994    19.4738 0.0000e+00
      2.811      0.015     0.1056      0.979     44.574  39.629782     1.9153      9.810   144.4580 1.0711e+01     9.2950      2.756      3.997    19.4662 0.0000e+00
      2.815      0.016     0.1040      0.947     44.877  39.896446     1.9643      9.803   144.3877 1.0559e+01     9.3176      2.761      4.004    19.4582 0.0000e+00
      2.818      0.019     0.0995      0.930     45.377  40.337387     2.1799      9.798   144.3409 1.0439e+01     9.4311      2.764      4.009    19.4525 0.0000e+00
      2.823      0.021     0.0933      0.926     46.089  40.962905     2.5499      9.793   144.3226 1.0263e+01     9.7789      2.767      4.013    19.4514 0.0000e+00
      2.830      0.022     0.0898      0.921     46.628  41.430301     2.7587      9.788   144.2530 1.0043e+01    10.0388      2.776      4.026    19.4503 0.0000e+00
      2.838      0.022     0.0867      0.927     46.772  41.545961     2.8071      9.782   144.1866 9.8547e+00    10.2163      2.784      4.037    19.4473 0.0000e+00
      2.843      0.021     0.0845      0.937     46.771  41.536247     2.9524      9.773   144.2089 9.6975e+00    10.5929      2.788      4.044    19.4429 0.0000e+00
      2.848      0.019     0.0860      0.928     46.956  41.693648     4.5318      9.763   144.1786 9.5554e+00    14.5579      2.793      4.051    19.4361 0.0000e+00
      2.853      0.016     0.0837      0.890     47.299  41.989293     7.4624      9.754   144.0776 9.4323e+00    22.0169      2.799      4.059    19.4226 0.0000e+00
      2.858      0.013     0.0850      0.835     47.539  42.191271     9.0806      9.745   144.0202 9.3332e+00    26.2086      2.803      4.066    19.4073 0.0000e+00
      2.861      0.011     0.0870      0.772     47.597  42.231646     9.3580      9.736   144.0871 9.2603e+00    27.0846      2.806      4.070    19.3984 0.0000e+00
      2.863      0.009     0.0865      0.711     47.597  42.223565    10.5659      9.727   144.2850 9.2163e+00    31.4811      2.807      4.072    19.3935 0.0000e+00
      2.864      0.007     0.0825      0.661     47.525  42.157030    12.6907      9.720   144.4332 9.1745e+00    39.3995      2.808      4.073    19.3840 0.0000e+00
      2.865      0.005     0.0770      0.613     47.341  41.998398    13.8326      9.712   144.4166 9.1037e+00    43.7800      2.810      4.075    19.3697 0.0000e+00
      2.866      0.005     0.0713      0.575     47.211  41.892310    14.0106      9.704   144.4288 8.9987e+00    44.6501      2.811      4.077    19.3567 0.0000e+00
      2.868      0.005     0.0645      0.553     47.056  41.762922    14.9756      9.696   144.4950 8.8805e+00    49.5784      2.812      4.079    19.3493 0.0000e+00
      2.869      0.004     0.0615      0.553     46.700  41.449488    16.7366      9.689   144.5275 8.7515e+00    58.4131      2.813      4.080    19.3456 0.0000e+00
      2.870      0.004     0.0558      0.593     46.217  41.022153    17.6826      9.682   144.5635 8.6000e+00    63.1001      2.815      4.082    19.3490 0.0000e+00
      2.872      0.004     0.0525      0.691     45.804  40.657938    17.7494      9.676   144.5864 8.4505e+00    63.6850      2.816      4.084    19.3639 0.0000e+00
      2.872      0.003     0.0503      0.823     45.588  40.472981    17.9106      9.670   144.6327 8.3202e+00    66.4750      2.817      4.085    19.3734 0.0000e+00
      2.872      0.003     0.0497      0.952     45.535  40.435964    18.2492      9.664   144.6924 8.1996e+00    71.5560      2.817      4.085    19.3745 0.0000e+00
      2.873      0.003     0.0524      1.083     45.629  40.527705    18.4565      9.658   144.7064 8.0587e+00    74.3595      2.818      4.087    19.3752 0.0000e+00
      2.874      0.004     0.0621      1.219     45.885  40.757182    18.4943      9.652   144.8019 7.8913e+00    74.9569      2.818      4.088    19.3754 0.0000e+00
      2.875      0.004     0.0769      1.355     46.291  41.116191    18.7653      9.646   144.9862 7.7202e+00    79.5979      2.819      4.089    19.3837 0.0000e+00
      2.877      0.004     0.0867      1.477     46.731  41.504731    19.3020      9.641   145.0431 7.5403e+00    88.1851      2.821      4.091    19.3978 0.0000e+00
      2.878      0.004     0.0997      1.563     47.035  41.773869    19.6152      9.635   144.9736 7.3205e+00    92.9414      2.822      4.093    19.4083 0.0000e+00
      2.878      0.004     0.1120      1.625     47.172  41.895056    19.6723      9.629   144.8346 7.0643e+00    93.5521      2.823      4.094    19.4107 0.0000e+00
      2.879      0.005     0.1248      1.670     47.170  41.891011    19.7007      9.624   144.6524 6.7944e+00    94.2373      2.824      4.095    19.4055 0.0000e+00
      2.880      0.005     0.1378      1.686     47.128  41.851897    19.9173      9.619   144.5777 6.4959e+00   101.2597      2.825      4.097    19.4013 0.0000e+00
      2.882      0.006     0.1443      1.670     47.146  41.866415    20.3522      9.614   144.6200 6.1786e+00   114.2747      2.826      4.099    19.4024 0.0000e+00
      2.883      0.006     0.1499      1.625     47.156  41.876144    20.6142      9.609   144.6467 5.8711e+00   121.4864      2.828      4.101    19.4032 0.0000e+00
      2.886      0.006     0.1548      1.556     47.185  41.906054    20.6385      9.604   144.6425 5.5772e+00   123.0403      2.830      4.105    19.4001 0.0000e+00
      2.888      0.006     0.1563      1.475     47.327  42.037657    20.2790      9.600   144.6551 5.3008e+00   131.9357      2.832      4.107    19.3971 0.0000e+00
      2.889      0.006     0.1548      1.388     47.440  42.134492    19.5721      9.595   144.6276 5.0570e+00   147.9115      2.833      4.109    19.3956 0.0000e+00
      2.890      0.006     0.1503      1.313     47.306  41.997890    19.1670      9.590   144.5678 4.8581e+00   156.6784      2.834      4.111    19.3957 0.0000e+00
      2.891      0.006     0.1434      1.250     46.950  41.655370    18.9506      9.585   144.5341 4.7100e+00   158.4806      2.835      4.111    19.4000 0.0000e+00
      2.893      0.005     0.1362      1.191     46.637  41.356933    16.7973      9.581   144.4781 4.6138e+00   168.7442      2.837      4.115    19.4091 0.0000e+00
      2.895      0.004     0.1269      1.146     46.523  41.245562    12.8000      9.578   144.4936 4.5531e+00   187.1783      2.839      4.117    19.4104 0.0000e+00
      2.897      0.004     0.1202      1.123     46.474  41.197328    10.5959      9.574   144.5493 4.5259e+00   197.1098      2.841      4.119    19.3888 0.0000e+00
      2.897      0.003     0.1156      1.118     46.355  41.091073    10.3554      9.570   144.5486 4.5606e+00   198.0637      2.841      4.121    19.3541 0.0000e+00
      2.897      0.001     0.1090      1.128     46.215  40.976306     9.9421      9.565   144.5716 4.6388e+00   199.4292      2.841      4.121    19.3296 0.0000e+00
