Data/DataNotYetUploadedToEDI/Raw_CTD/RawDownloads/092225_fcr50_S7809005.cnv
* Sea-Bird SBE19plus  Data File:
* FileName = C:\R\Reservoirs\Data\DataNotYetUploadedToEDI\Raw_CTD\RawDownloads\092225_fcr50_S7809_0005.hex
* Software version 2.8.0.119
* Temperature SN = 7809
* Conductivity SN = 7809
* System UpLoad Time = Sep 23 2025 09:58:56
* <ApplicationData>
* <Seaterm232>
# nquan = 15
# nvalues = 2093                        
# units = specified
# name 0 = depFM: Depth [fresh water, m]
# name 1 = dz/dtM: Descent Rate [m/s]
# name 2 = sbeox0Mg/L: Oxygen, SBE 43 [mg/l]
# name 3 = sbeox0PS: Oxygen, SBE 43 [% saturation]
# name 4 = specc: Specific Conductance [uS/cm]
# name 5 = c0uS/cm: Conductivity [uS/cm]
# name 6 = flECO-AFL: Fluorescence, WET Labs ECO-AFL/FL [mg/m^3]
# name 7 = ph: pH
# name 8 = orp: Oxidation Reduction Potential [mV]
# name 9 = par/sat/log: PAR/Logarithmic, Satlantic
# name 10 = turbWETntu0: Turbidity, WET Labs ECO [NTU]
# name 11 = prdM: Pressure, Strain Gauge [db]
# name 12 = prdE: Pressure, Strain Gauge [psi]
# name 13 = tv290C: Temperature [ITS-90, deg C]
# name 14 = flag:  0.000e+00
# span 0 =     -0.610,      9.575       
# span 1 =     -0.420,      0.164       
# span 2 =    -0.1010,    12.7157       
# span 3 =     -0.716,    143.689       
# span 4 =      1.903,    429.565       
# span 5 =   1.688517, 323.693364       
# span 6 =    -0.1113,    13.9725       
# span 7 =      8.280,     11.478       
# span 8 =    -6.1859,   284.9077       
# span 9 = 1.2359e-01, 1.7395e+03       
# span 10 =    -0.1480,   601.6507      
# span 11 =     -0.599,      9.390      
# span 12 =     -0.870,     13.620      
# span 13 =    12.6134,    21.6751      
# span 14 = 0.0000e+00, 0.0000e+00      
# interval = seconds: 0.25
# start_time = Sep 22 2025 12:35:47 [Instrument's time stamp, header]
# bad_flag = -9.990e-29
*END*
[from data line 1350]
      7.196      0.026     4.8058     45.260     61.965  46.715963     0.3617      8.399   172.2154 1.2383e-01    21.6602      7.057     10.235    12.6913 0.0000e+00
      7.204      0.024     4.8010     45.275     61.988  46.734486     0.3492      8.398   172.4359 1.2383e-01    21.5591      7.065     10.247    12.6910 0.0000e+00
      7.211      0.020     4.8025     45.288     62.008  46.750633     0.3359      8.398   172.8163 1.2377e-01    21.5790      7.073     10.259    12.6915 0.0000e+00
      7.216      0.017     4.8003     45.288     61.969  46.720739     0.3184      8.397   173.0284 1.2372e-01    21.5935      7.078     10.265    12.6915 0.0000e+00
      7.219      0.013     4.8005     45.292     61.930  46.690464     0.3284      8.397   173.1083 1.2372e-01    21.6312      7.079     10.267    12.6922 0.0000e+00
      7.220      0.009     4.8024     45.300     61.946  46.702016     0.3564      8.396   173.2663 1.2374e-01    21.6245      7.081     10.270    12.6938 0.0000e+00
      7.223      0.006     4.8050     45.288     61.986  46.733446     0.3571      8.394   173.5614 1.2378e-01    21.5129      7.083     10.275    12.6948 0.0000e+00
      7.224      0.005     4.8036     45.280     62.010  46.753049     0.3374      8.393   173.8372 1.2378e-01    21.4784      7.086     10.278    12.6944 0.0000e+00
      7.224      0.006     4.8032     45.288     62.003  46.748577     0.3264      8.393   173.9329 1.2373e-01    21.5484      7.085     10.276    12.6929 0.0000e+00
      7.224      0.007     4.8078     45.303     61.997  46.742864     0.3408      8.392   174.0300 1.2370e-01    21.6415      7.083     10.273    12.6923 0.0000e+00
      7.226      0.008     4.8026     45.308     62.007  46.747452     0.3609      8.391   174.0656 1.2368e-01    21.7505      7.085     10.277    12.6934 0.0000e+00
      7.229      0.010     4.8026     45.291     62.001  46.740572     0.3699      8.389   174.0186 1.2370e-01    21.8405      7.090     10.283    12.6953 0.0000e+00
      7.233      0.012     4.8031     45.264     61.981  46.723153     0.3674      8.389   174.1509 1.2379e-01    21.8085      7.093     10.288    12.6963 0.0000e+00
      7.236      0.014     4.8056     45.247     61.987  46.727297     0.3465      8.388   174.3747 1.2384e-01    21.7394      7.097     10.293    12.6948 0.0000e+00
      7.239      0.014     4.8076     45.251     61.985  46.727183     0.3422      8.387   174.6594 1.2377e-01    21.7217      7.100     10.297    12.6920 0.0000e+00
      7.244      0.015     4.8049     45.261     61.972  46.721780     0.3655      8.386   174.7530 1.2367e-01    21.6972      7.104     10.303    12.6898 0.0000e+00
      7.248      0.017     4.8017     45.266     61.969  46.725456     0.3784      8.385   174.4741 1.2365e-01    21.6477      7.108     10.310    12.6884 0.0000e+00
      7.251      0.022     4.7988     45.271     61.941  46.708155     0.3658      8.385   174.2989 1.2367e-01    21.5682      7.111     10.313    12.6877 0.0000e+00
      7.255      0.026     4.8007     45.273     61.934  46.703056     0.3461      8.386   174.4414 1.2373e-01    21.5890      7.113     10.316    12.6880 0.0000e+00
      7.262      0.030     4.8017     45.280     61.969  46.727296     0.3473      8.386   174.7354 1.2379e-01    21.7629      7.119     10.326    12.6918 0.0000e+00
      7.273      0.035     4.8007     45.287     61.998  46.747288     0.3635      8.386   174.7558 1.2379e-01    21.8944      7.133     10.345    12.6987 0.0000e+00
      7.284      0.038     4.8017     45.267     62.006  46.754308     0.3684      8.386   174.5155 1.2375e-01    21.9159      7.144     10.362    12.7024 0.0000e+00
      7.294      0.039     4.8015     45.232     61.993  46.748701     0.3481      8.385   174.5831 1.2375e-01    21.8510      7.152     10.373    12.7005 0.0000e+00
      7.304      0.037     4.8017     45.214     61.983  46.742978     0.3251      8.384   174.7996 1.2377e-01    21.7931      7.162     10.388    12.6986 0.0000e+00
      7.314      0.034     4.8053     45.220     61.994  46.748598     0.3245      8.383   174.8956 1.2381e-01    21.7964      7.173     10.406    12.6973 0.0000e+00
      7.324      0.030     4.8019     45.226     62.008  46.753164     0.3408      8.382   174.9697 1.2386e-01    21.8227      7.183     10.418    12.6972 0.0000e+00
      7.331      0.026     4.7961     45.223     61.990  46.734696     0.3638      8.382   175.0069 1.2381e-01    21.9063      7.189     10.426    12.7024 0.0000e+00
      7.336      0.025     4.7934     45.225     61.970  46.715754     0.3610      8.383   175.0871 1.2378e-01    21.9195      7.195     10.435    12.7056 0.0000e+00
      7.340      0.025     4.7962     45.230     61.974  46.714591     0.3323      8.383   175.1652 1.2383e-01    21.8454      7.198     10.440    12.7020 0.0000e+00
      7.344      0.027     4.7978     45.234     61.986  46.720626     0.3159      8.382   175.4347 1.2384e-01    21.7949      7.200     10.444    12.6956 0.0000e+00
      7.351      0.031     4.7968     45.244     61.996  46.725230     0.3297      8.382   175.9370 1.2382e-01    21.7882      7.207     10.453    12.6915 0.0000e+00
      7.360      0.037     4.7976     45.254     61.975  46.706774     0.3572      8.382   176.1618 1.2380e-01    21.7645      7.217     10.468    12.6892 0.0000e+00
      7.370      0.043     4.7989     45.251     61.953  46.687938     0.3496      8.382   176.0878 1.2376e-01    21.6108      7.227     10.482    12.6855 0.0000e+00
      7.381      0.047     4.7990     45.259     61.956  46.687928     0.3199      8.381   175.9898 1.2375e-01    21.5344      7.238     10.497    12.6824 0.0000e+00
      7.396      0.047     4.8003     45.287     61.983  46.706659     0.3142      8.381   176.1808 1.2371e-01    21.5931      7.252     10.518    12.6807 0.0000e+00
      7.411      0.043     4.8033     45.301     62.008  46.723950     0.3309      8.381   176.6759 1.2368e-01    21.5693      7.269     10.543    12.6792 0.0000e+00
      7.424      0.038     4.8011     45.281     61.984  46.706535     0.3556      8.380   176.9864 1.2370e-01    21.4510      7.283     10.563    12.6773 0.0000e+00
      7.434      0.034     4.8013     45.251     61.954  46.686554     0.3554      8.380   177.0092 1.2368e-01    21.2903      7.292     10.576    12.6754 0.0000e+00
      7.438      0.032     4.8067     45.218     61.933  46.672817     0.3204      8.381   176.9517 1.2366e-01    21.1973      7.296     10.582    12.6738 0.0000e+00
      7.440      0.033     4.8097     45.193     61.926  46.667415     0.2979      8.381   176.9795 1.2369e-01    21.3862      7.296     10.581    12.6728 0.0000e+00
      7.445      0.038     4.8052     45.191     61.951  46.684720     0.3166      8.382   177.1733 1.2372e-01    21.8318      7.299     10.585    12.6724 0.0000e+00
      7.456      0.046     4.8022     45.195     61.963  46.691592     0.3469      8.383   177.4019 1.2378e-01    22.1444      7.310     10.603    12.6745 0.0000e+00
      7.471      0.055     4.7985     45.195     61.958  46.687013     0.3483      8.383   177.5923 1.2383e-01    22.1258      7.326     10.626    12.6774 0.0000e+00
      7.488      0.061     4.7937     45.210     61.967  46.692841     0.3245      8.382   177.4968 1.2380e-01    21.9823      7.343     10.650    12.6771 0.0000e+00
      7.508      0.063     4.7958     45.222     61.975  46.698570     0.3080      8.382   177.1081 1.2380e-01    21.8098      7.363     10.679    12.6753 0.0000e+00
      7.527      0.060     4.7968     45.211     61.968  46.692799     0.3235      8.381   177.0224 1.2380e-01    21.6467      7.383     10.710    12.6740 0.0000e+00
      7.542      0.055     4.7948     45.216     61.960  46.686555     0.3547      8.380   177.4064 1.2377e-01    21.6151      7.398     10.729    12.6732 0.0000e+00
      7.554      0.048     4.7979     45.246     61.960  46.686565     0.3519      8.380   177.8801 1.2373e-01    21.5304      7.407     10.742    12.6725 0.0000e+00
      7.565      0.039     4.8014     45.264     61.968  46.692914     0.3232      8.379   177.8458 1.2373e-01    21.3743      7.419     10.761    12.6720 0.0000e+00
      7.575      0.032     4.7967     45.267     61.978  46.699836     0.3081      8.378   177.4219 1.2374e-01    21.3668      7.431     10.777    12.6720 0.0000e+00
      7.582      0.030     4.7965     45.250     61.987  46.706765     0.3190      8.378   177.3142 1.2374e-01    21.5073      7.436     10.784    12.6719 0.0000e+00
      7.585      0.030     4.8036     45.225     61.996  46.713209     0.3458      8.378   177.5765 1.2371e-01    21.7076      7.438     10.789    12.6717 0.0000e+00
      7.589      0.033     4.8037     45.223     61.998  46.714258     0.3495      8.378   177.9259 1.2368e-01    21.9432      7.441     10.792    12.6715 0.0000e+00
      7.596      0.038     4.8051     45.213     62.005  46.719453     0.3301      8.377   177.9244 1.2370e-01    22.1702      7.446     10.800    12.6715 0.0000e+00
      7.608      0.044     4.8033     45.174     61.996  46.712537     0.3206      8.377   177.5590 1.2374e-01    22.2662      7.459     10.819    12.6713 0.0000e+00
      7.624      0.050     4.7974     45.148     61.971  46.694121     0.3343      8.377   177.2931 1.2373e-01    22.3518      7.477     10.844    12.6713 0.0000e+00
      7.639      0.055     4.7999     45.158     61.962  46.687244     0.3620      8.377   177.3768 1.2372e-01    22.4541      7.493     10.867    12.6715 0.0000e+00
      7.653      0.056     4.8005     45.183     61.969  46.692873     0.3810      8.378   177.7971 1.2373e-01    22.4444      7.504     10.885    12.6714 0.0000e+00
      7.667      0.054     4.7933     45.210     61.977  46.698689     0.3730      8.378   178.0729 1.2377e-01    22.3711      7.518     10.904    12.6713 0.0000e+00
      7.682      0.050     4.7894     45.225     61.970  46.694069     0.3397      8.377   178.0442 1.2384e-01    22.2509      7.535     10.928    12.6712 0.0000e+00
      7.696      0.044     4.7925     45.230     61.979  46.700512     0.3438      8.376   178.0523 1.2389e-01    22.2204      7.548     10.948    12.6711 0.0000e+00
      7.708      0.038     4.7946     45.228     61.995  46.713105     0.3981      8.375   178.0847 1.2383e-01    22.3446      7.559     10.964    12.6712 0.0000e+00
      7.717      0.030     4.7991     45.218     62.003  46.719358     0.4303      8.373   178.4366 1.2378e-01    22.4547      7.569     10.978    12.6712 0.0000e+00
      7.722      0.023     4.8000     45.207     61.994  46.712628     0.4169      8.372   179.1229 1.2379e-01    22.4245      7.574     10.985    12.6715 0.0000e+00
      7.726      0.017     4.8002     45.196     61.971  46.695223     0.3863      8.372   179.4134 1.2380e-01    22.2866      7.577     10.989    12.6718 0.0000e+00
      7.728      0.014     4.8007     45.183     61.977  46.699378     0.4009      8.371   179.2812 1.2381e-01    22.2555      7.579     10.993    12.6720 0.0000e+00
      7.730      0.014     4.7986     45.183     61.977  46.699378     0.4601      8.370   179.0732 1.2380e-01    22.3220      7.580     10.994    12.6722 0.0000e+00
      7.732      0.016     4.7976     45.202     61.971  46.695215     0.4863      8.370   179.2226 1.2374e-01    22.3399      7.581     10.996    12.6723 0.0000e+00
      7.736      0.021     4.7967     45.209     61.993  46.712529     0.4764      8.370   179.7961 1.2369e-01    22.2669      7.586     11.003    12.6722 0.0000e+00
      7.742      0.027     4.7950     45.207     62.001  46.718267     0.4320      8.369   180.0709 1.2373e-01    22.0541      7.593     11.012    12.6716 0.0000e+00
      7.750      0.032     4.7933     45.207     61.978  46.701105     0.3740      8.369   180.0509 1.2379e-01    21.8851      7.600     11.022    12.6716 0.0000e+00
      7.760      0.037     4.7984     45.197     61.970  46.695485     0.3586      8.370   180.2420 1.2380e-01    21.8963      7.609     11.035    12.6721 0.0000e+00
      7.771      0.041     4.7986     45.197     61.995  46.713798     0.3624      8.370   180.5740 1.2380e-01    21.9165      7.621     11.053    12.6723 0.0000e+00
      7.781      0.044     4.7965     45.207     62.019  46.732068     0.3526      8.370   180.7963 1.2380e-01    21.7878      7.632     11.068    12.6723 0.0000e+00
      7.792      0.045     4.7994     45.200     62.009  46.725928     0.3319      8.370   180.8650 1.2373e-01    21.5703      7.640     11.082    12.6724 0.0000e+00
      7.804      0.044     4.7954     45.197     61.979  46.703051     0.3286      8.370   180.8875 1.2368e-01    21.5407      7.653     11.099    12.6726 0.0000e+00
      7.818      0.040     4.7957     45.214     61.987  46.709398     0.3370      8.368   180.8974 1.2371e-01    21.7031      7.668     11.120    12.6726 0.0000e+00
      7.831      0.034     4.7993     45.231     62.027  46.739187     0.3415      8.367   180.8986 1.2373e-01    21.8940      7.681     11.140    12.6729 0.0000e+00
      7.841      0.028     4.7962     45.234     62.036  46.745794     0.3416      8.366   180.9878 1.2377e-01    22.0389      7.691     11.154    12.6734 0.0000e+00
      7.846      0.022     4.7952     45.237     62.009  46.725803     0.3222      8.366   181.2877 1.2380e-01    22.0204      7.695     11.160    12.6735 0.0000e+00
      7.847      0.020     4.7982     45.233     61.959  46.687930     0.3230      8.366   181.5992 1.2380e-01    22.0110      7.695     11.161    12.6733 0.0000e+00
      7.847      0.022     4.8014     45.212     61.933  46.668790     0.3511      8.367   181.3122 1.2379e-01    22.1652      7.695     11.160    12.6732 0.0000e+00
      7.849      0.028     4.7999     45.183     61.954  46.684842     0.3628      8.367   180.6573 1.2372e-01    22.3481      7.695     11.161    12.6731 0.0000e+00
      7.856      0.037     4.8008     45.163     61.962  46.691552     0.3480      8.366   180.4783 1.2368e-01    22.4116      7.701     11.170    12.6733 0.0000e+00
      7.869      0.046     4.8015     45.181     61.953  46.686443     0.3221      8.366   180.7822 1.2376e-01    22.2842      7.716     11.191    12.6735 0.0000e+00
      7.886      0.053     4.7979     45.203     61.953  46.686556     0.3245      8.366   181.1484 1.2385e-01    22.0370      7.734     11.217    12.6736 0.0000e+00
      7.904      0.056     4.7954     45.204     61.962  46.692914     0.3514      8.366   181.0337 1.2385e-01    21.8136      7.752     11.243    12.6738 0.0000e+00
      7.920      0.055     4.7901     45.224     61.973  46.699831     0.3649      8.366   180.5998 1.2380e-01    21.7021      7.767     11.265    12.6744 0.0000e+00
      7.934      0.050     4.7940     45.249     61.983  46.706705     0.3636      8.364   180.6353 1.2375e-01    21.6103      7.781     11.286    12.6757 0.0000e+00
      7.946      0.043     4.7994     45.248     61.992  46.712534     0.3512      8.364   180.9458 1.2370e-01    21.4896      7.793     11.302    12.6765 0.0000e+00
      7.956      0.036     4.7945     45.246     61.985  46.706819     0.3320      8.364   181.1718 1.2368e-01    21.5066      7.803     11.317    12.6758 0.0000e+00
      7.964      0.029     4.7991     45.240     61.978  46.701091     0.3223      8.363   181.3021 1.2372e-01    21.6794      7.812     11.330    12.6747 0.0000e+00
      7.970      0.022     4.8044     45.222     61.986  46.706767     0.3340      8.362   181.2315 1.2377e-01    21.8366      7.816     11.336    12.6737 0.0000e+00
      7.974      0.015     4.8008     45.206     61.991  46.711962     0.3570      8.362   181.1783 1.2376e-01    21.8702      7.820     11.342    12.6730 0.0000e+00
      7.978      0.010     4.8021     45.199     61.972  46.700420     0.3509      8.362   181.3472 1.2377e-01    21.8804      7.825     11.349    12.6728 0.0000e+00
