Data/DataNotYetUploadedToEDI/Raw_CTD/RawDownloads/092225_fcr30_S7809003.cnv
* Sea-Bird SBE19plus  Data File:
* FileName = C:\R\Reservoirs\Data\DataNotYetUploadedToEDI\Raw_CTD\RawDownloads\092225_fcr50_S7809_0003.hex
* Software version 2.8.0.119
* Temperature SN = 7809
* Conductivity SN = 7809
* System UpLoad Time = Sep 23 2025 09:57:29
* <ApplicationData>
* <Seaterm232>
# nquan = 15
# nvalues = 1296                        
# units = specified
# name 0 = depFM: Depth [fresh water, m]
# name 1 = dz/dtM: Descent Rate [m/s]
# name 2 = sbeox0Mg/L: Oxygen, SBE 43 [mg/l]
# name 3 = sbeox0PS: Oxygen, SBE 43 [% saturation]
# name 4 = specc: Specific Conductance [uS/cm]
# name 5 = c0uS/cm: Conductivity [uS/cm]
# name 6 = flECO-AFL: Fluorescence, WET Labs ECO-AFL/FL [mg/m^3]
# name 7 = ph: pH
# name 8 = orp: Oxidation Reduction Potential [mV]
# name 9 = par/sat/log: PAR/Logarithmic, Satlantic
# name 10 = turbWETntu0: Turbidity, WET Labs ECO [NTU]
# name 11 = prdM: Pressure, Strain Gauge [db]
# name 12 = prdE: Pressure, Strain Gauge [psi]
# name 13 = tv290C: Temperature [ITS-90, deg C]
# name 14 = flag:  0.000e+00
# span 0 =     -0.611,      5.412       
# span 1 =     -0.524,      0.164       
# span 2 =    -0.0803,    11.2698       
# span 3 =     -0.672,    128.701       
# span 4 =      1.687,     77.805       
# span 5 =   1.541624,  62.762053       
# span 6 =    -0.1012,     3.4211       
# span 7 =      8.479,     11.368       
# span 8 =  -111.2767,   254.1922       
# span 9 = 1.2361e-01, 5.5485e+02       
# span 10 =     0.8347,   211.2448      
# span 11 =     -0.599,      5.308      
# span 12 =     -0.869,      7.699      
# span 13 =    12.6983,    22.2533      
# span 14 = 0.0000e+00, 0.0000e+00      
# interval = seconds: 0.25
# start_time = Sep 22 2025 12:03:35 [Instrument's time stamp, header]
# bad_flag = -9.990e-29
*END*
[from data line 1254]
      0.108     -0.014     6.9271     88.806     40.503  37.185298     2.3285      9.341    21.4220 1.7466e+02     6.8978      0.110      0.159    20.4183 0.0000e+00
      0.113      0.022     7.0153     93.090     40.564  37.156824     2.2553      9.358    21.3554 1.7478e+02     6.9667      0.111      0.162    20.7465 0.0000e+00
      0.117      0.031     7.2026     96.546     40.569  37.083939     2.0893      9.374    18.7654 1.7093e+02     6.8656      0.110      0.160    20.9560 0.0000e+00
      0.127      0.024     7.5141     98.553     40.519  37.001947     1.9776      9.387    13.2514 1.6256e+02     6.7336      0.121      0.175    20.9818 0.0000e+00
      0.142      0.010     7.9247     98.985     40.439  36.926862     1.9624      9.401     7.9447 1.5536e+02     6.7721      0.140      0.203    20.9218 0.0000e+00
      0.153     -0.006     8.3592     98.090     40.364  36.874073     1.9631      9.419     4.7635 1.5541e+02     6.8182      0.156      0.226    20.7914 0.0000e+00
      0.149     -0.024     8.7109     96.425     40.324  36.871330     1.9281      9.442     3.5248 1.6505e+02     6.6767      0.153      0.223    20.6750 0.0000e+00
      0.130     -0.044     8.8970     94.682     40.292  36.893739     1.8890      9.468     3.7221 1.7863e+02     6.5292      0.127      0.184    20.6405 0.0000e+00
      0.110     -0.065     8.9284     93.349     40.232  36.891289     1.8818      9.495     5.0851 1.9059e+02     6.4698      0.105      0.152    20.6475 0.0000e+00
      0.093     -0.090     8.8270     92.696     40.141  36.841780     1.8993      9.528    17.5092 2.0416e+02     6.5055      0.094      0.135    20.6625 0.0000e+00
      0.073     -0.123     8.6445     92.797     40.071  36.802797     1.9260      9.573    40.9707 2.1911e+02     6.5504      0.072      0.104    20.7037 0.0000e+00
      0.050     -0.165     8.4625     93.456     40.028  36.800700     1.9213      9.636    52.2341 2.3860e+02     6.4663      0.050      0.073    20.7768 0.0000e+00
      0.018     -0.210     8.3227     94.404     39.988  36.816486     1.8932      9.717    48.2107 2.7545e+02     6.4116      0.030      0.042    20.8545 0.0000e+00
     -0.042     -0.250     8.2540     95.553     39.979  36.866841     1.8856      9.804    41.9690 3.1434e+02     6.4691     -0.028     -0.040    20.8914 0.0000e+00
     -0.135     -0.278     8.2680     96.862     39.944  36.901983     1.8871      9.883    32.2612 3.3744e+02     6.5468     -0.130     -0.188    20.9083 0.0000e+00
     -0.236     -0.294     8.3318     98.272     39.540  36.606945     1.8776      9.948    15.6689 3.5959e+02     6.5654     -0.238     -0.346    20.9572 0.0000e+00
     -0.321     -0.294     8.4032     99.787     35.622  33.045873     1.8541     10.001     0.9555 3.7443e+02     6.4893     -0.324     -0.470    21.0280 0.0000e+00
     -0.386     -0.274     8.4954    101.493     24.718  22.961341     1.8441     10.043    -2.8116 3.6151e+02     6.4803     -0.382     -0.554    21.1014 0.0000e+00
     -0.444     -0.235     8.6007    103.382     12.520  11.636312     1.9065     10.074    -0.4539 3.2853e+02     6.5933     -0.431     -0.624    21.1801 0.0000e+00
     -0.508     -0.190     8.7091    105.191      6.782   6.300912     1.9932     10.094     2.0164 2.9731e+02     6.6262     -0.499     -0.723    21.2831 0.0000e+00
     -0.566     -0.147     8.8186    106.542     10.137   9.407820     2.0098     10.107     4.5999 2.7877e+02     6.5372     -0.566     -0.821    21.4051 0.0000e+00
     -0.599     -0.107     8.9543    107.077     22.295  20.676947     1.9573     10.117     7.4669 2.6556e+02     6.4046     -0.596     -0.864    21.4767 0.0000e+00
     -0.609     -0.070     9.1336    106.450     32.268  29.905281     1.4668     10.123    10.1799 2.5287e+02     5.5011     -0.599     -0.868    21.4734 0.0000e+00
     -0.610     -0.037     9.3082    104.264     29.319  27.149892     0.5654     10.127    12.3664 2.4177e+02     3.7770     -0.598     -0.867    21.4531 0.0000e+00
     -0.610     -0.014     9.4450    100.521     18.490  17.105092     0.0556     10.128    13.8564 2.2514e+02     2.7071     -0.597     -0.867    21.4283 0.0000e+00
     -0.610     -0.003     9.5059     95.892     10.788   9.967131    -0.0270     10.128    15.3754 2.0177e+02     2.5389     -0.598     -0.867    21.3866 0.0000e+00
     -0.610      0.001     9.4766     91.235     10.977  10.130356    -0.0508     10.128    17.3954 1.8172e+02     2.5637     -0.598     -0.867    21.3402 0.0000e+00
     -0.609      0.002     9.2979     87.166     16.767  15.467391    -0.0497     10.129    19.1795 1.6888e+02     2.4952     -0.597     -0.866    21.2853 0.0000e+00
     -0.609      0.003     8.9487     83.971     25.871  23.856526    -0.0293     10.129    20.5134 1.6296e+02     2.3593     -0.597     -0.866    21.2214 0.0000e+00
     -0.609      0.004     8.5186     81.828     34.633  31.926020    -0.0129     10.128    21.4774 1.5965e+02     2.3206     -0.597     -0.866    21.1725 0.0000e+00
     -0.607      0.004     8.0880     80.820     35.114  32.361811    -0.0258     10.126    22.3183 1.5223e+02     2.3694     -0.596     -0.865    21.1426 0.0000e+00
     -0.604      0.004     7.7252     80.790     28.445  26.208874    -0.0358     10.124    23.3667 1.4313e+02     2.4026     -0.591     -0.859    21.1228 0.0000e+00
     -0.602      0.004     7.4368     81.419     24.340  22.418879    -0.0508     10.123    24.2590 1.3658e+02     2.3123     -0.590     -0.856    21.1063 0.0000e+00
     -0.602      0.003     7.2435     82.349     24.504  22.563520    -0.0817     10.123    25.1918 1.3335e+02     2.1658     -0.591     -0.857    21.0887 0.0000e+00
     -0.602      0.002     7.1629     83.322     24.722  22.758459    -0.1012     10.122    26.2998 1.3278e+02     2.0654     -0.590     -0.856    21.0739 0.0000e+00
     -0.602      0.000     7.1716     84.221     23.752  21.859299    -0.0872     10.120    27.0725 1.3201e+02     2.0895     -0.591     -0.857    21.0615 0.0000e+00
     -0.602      0.000     7.2434     84.976     20.356  18.730060    -0.0447     10.118    27.6519 1.3075e+02     2.2179     -0.591     -0.857    21.0476 0.0000e+00
     -0.602      0.000     7.3348     85.306     17.649  16.237909    -0.0212     10.118    27.9703 1.2953e+02     2.2850     -0.590     -0.856    21.0345 0.0000e+00
     -0.602 -9.990e-29     7.4280 -9.990e-29 -9.990e-29 -9.990e-29 -9.990e-29 -9.990e-29 -9.990e-29 1.2718e+02 -9.990e-29     -0.590     -0.856    21.0218 0.0000e+00
     -0.602 -9.990e-29     7.5075 -9.990e-29 -9.990e-29 -9.990e-29 -9.990e-29 -9.990e-29 -9.990e-29 1.2480e+02 -9.990e-29     -0.591     -0.857    21.0109 0.0000e+00
     -0.602 -9.990e-29     7.5864 -9.990e-29 -9.990e-29 -9.990e-29 -9.990e-29 -9.990e-29 -9.990e-29 1.2329e+02 -9.990e-29     -0.591     -0.857    20.9984 0.0000e+00
     -0.602 -9.990e-29     7.6342 -9.990e-29 -9.990e-29 -9.990e-29 -9.990e-29 -9.990e-29 -9.990e-29 1.2266e+02 -9.990e-29     -0.590     -0.856    20.9894 0.0000e+00
