Data/DataNotYetUploadedToEDI/Raw_CTD/RawDownloads/092225_fcr20_S7809002.cnv
* Sea-Bird SBE19plus  Data File:
* FileName = C:\R\Reservoirs\Data\DataNotYetUploadedToEDI\Raw_CTD\RawDownloads\092225_fcr50_S7809_0002.hex
* Software version 2.8.0.119
* Temperature SN = 7809
* Conductivity SN = 7809
* System UpLoad Time = Sep 23 2025 09:56:54
* <ApplicationData>
* <Seaterm232>
# nquan = 15
# nvalues = 1197                        
# units = specified
# name 0 = depFM: Depth [fresh water, m]
# name 1 = dz/dtM: Descent Rate [m/s]
# name 2 = sbeox0Mg/L: Oxygen, SBE 43 [mg/l]
# name 3 = sbeox0PS: Oxygen, SBE 43 [% saturation]
# name 4 = specc: Specific Conductance [uS/cm]
# name 5 = c0uS/cm: Conductivity [uS/cm]
# name 6 = flECO-AFL: Fluorescence, WET Labs ECO-AFL/FL [mg/m^3]
# name 7 = ph: pH
# name 8 = orp: Oxidation Reduction Potential [mV]
# name 9 = par/sat/log: PAR/Logarithmic, Satlantic
# name 10 = turbWETntu0: Turbidity, WET Labs ECO [NTU]
# name 11 = prdM: Pressure, Strain Gauge [db]
# name 12 = prdE: Pressure, Strain Gauge [psi]
# name 13 = tv290C: Temperature [ITS-90, deg C]
# name 14 = flag:  0.000e+00
# span 0 =     -0.610,      2.901       
# span 1 =     -0.400,      0.207       
# span 2 =     0.0497,    10.9408       
# span 3 =      0.553,    125.271       
# span 4 =      2.533,     47.597       
# span 5 =   2.409158,  42.231646       
# span 6 =    -0.0310,    20.6385       
# span 7 =      8.333,     11.232       
# span 8 =   -25.6292,   374.9689       
# span 9 = 4.5259e+00, 2.4997e+03       
# span 10 =    -0.1501,   208.5997      
# span 11 =     -0.599,      2.845      
# span 12 =     -0.869,      4.126      
# span 13 =    19.3019,    22.5477      
# span 14 = 0.0000e+00, 0.0000e+00      
# interval = seconds: 0.25
# start_time = Sep 22 2025 11:33:54 [Instrument's time stamp, header]
# bad_flag = -9.990e-29
*END*
[from data line 386]
      0.548      0.005     9.7220    111.605     39.797  37.522730     1.6097     11.168    82.7256 1.4693e+02     8.4816      0.537      0.778    22.1391 0.0000e+00
      0.551      0.006     9.7389    111.561     39.792  37.518737     1.5882     11.167    82.7707 1.4579e+02     8.4366      0.540      0.784    22.1386 0.0000e+00
      0.555      0.007     9.7415    111.495     39.799  37.525754     1.6013     11.167    82.8001 1.4498e+02     8.5014      0.543      0.790    22.1381 0.0000e+00
      0.557      0.007     9.7326    111.428     39.819  37.544115     1.6272     11.167    82.9089 1.4438e+02     8.6843      0.546      0.792    22.1375 0.0000e+00
      0.557      0.006     9.7315    111.357     39.825  37.550366     1.6355     11.165    83.0546 1.4382e+02     8.7696      0.547      0.793    22.1377 0.0000e+00
      0.558      0.005     9.7284    111.278     39.812  37.537884     1.6103     11.165    83.0991 1.4327e+02     8.6788      0.547      0.794    22.1380 0.0000e+00
      0.559      0.004     9.7209    111.226     39.793  37.520106     1.5893     11.166    83.1025 1.4227e+02     8.5428      0.548      0.794    22.1381 0.0000e+00
      0.560      0.004     9.7156    111.201     39.799  37.525776     1.5976     11.167    83.1815 1.4098e+02     8.4910      0.549      0.797    22.1384 0.0000e+00
      0.562      0.004     9.7101    111.136     39.817  37.542982     1.6190     11.166    83.2795 1.4026e+02     8.5645      0.551      0.800    22.1387 0.0000e+00
      0.563      0.005     9.7012    111.026     39.812  37.537781     1.6233     11.166    83.4277 1.3966e+02     8.5789      0.552      0.800    22.1388 0.0000e+00
      0.564      0.005     9.6960    110.982     39.800  37.526338     1.6082     11.166    83.5962 1.3867e+02     8.4601      0.552      0.801    22.1385 0.0000e+00
      0.565      0.005     9.6974    111.072     39.806  37.531539     1.6017     11.166    83.6825 1.3782e+02     8.3916      0.554      0.803    22.1383 0.0000e+00
      0.566      0.004     9.6928    111.235     39.811  37.537217     1.6201     11.166    83.7825 1.3712e+02     8.4679      0.555      0.805    22.1384 0.0000e+00
      0.568      0.003     9.6777    111.385     39.804  37.531545     1.6476     11.165    83.9455 1.3633e+02     8.5626      0.557      0.808    22.1386 0.0000e+00
      0.569      0.002     9.6712    111.480     39.799  37.526410     1.6429     11.164    84.0186 1.3573e+02     8.5461      0.558      0.809    22.1385 0.0000e+00
      0.569      0.001     9.6824    111.515     39.811  37.538580     1.6209     11.165    84.0641 1.3530e+02     8.4736      0.558      0.809    22.1384 0.0000e+00
      0.569      0.001     9.6992    111.508     39.825  37.551790     1.6322     11.165    84.1507 1.3504e+02     8.4373      0.558      0.808    22.1389 0.0000e+00
      0.568      0.001     9.7134    111.423     39.832  37.559223     1.6548     11.165    84.2048 1.3473e+02     8.4150      0.557      0.807    22.1394 0.0000e+00
      0.568      0.002     9.7220    111.234     39.838  37.564993     1.6599     11.165    84.2027 1.3423e+02     8.4090      0.557      0.808    22.1396 0.0000e+00
      0.568      0.005     9.7231    111.041     39.830  37.558094     1.6443     11.164    84.1262 1.3374e+02     8.3980      0.557      0.807    22.1401 0.0000e+00
      0.569      0.007     9.7242    110.945     39.810  37.539269     1.6167     11.164    84.1394 1.3268e+02     8.4194      0.557      0.808    22.1406 0.0000e+00
      0.572      0.007     9.7195    110.934     39.797  37.527740     1.6167     11.165    84.1902 1.3107e+02     8.5650      0.560      0.813    22.1411 0.0000e+00
      0.577      0.008     9.6977    111.002     39.816  37.545613     1.6371     11.165    84.2242 1.2994e+02     8.6904      0.566      0.821    22.1419 0.0000e+00
      0.580      0.009     9.6763    111.161     39.837  37.565003     1.6303     11.165    84.2932 1.2950e+02     8.6364      0.569      0.826    22.1423 0.0000e+00
      0.580      0.009     9.6705    111.351     39.844  37.571820     1.6012     11.165    84.3356 1.2928e+02     8.4934      0.569      0.825    22.1425 0.0000e+00
      0.580      0.009     9.6699    111.512     39.835  37.564576     1.6006     11.166    84.4786 1.2848e+02     8.4641      0.567      0.823    22.1428 0.0000e+00
      0.583      0.009     9.6732    111.625     39.810  37.540877     1.6312     11.166    84.6456 1.2720e+02     8.5553      0.572      0.830    22.1432 0.0000e+00
      0.587      0.010     9.6909    111.723     39.808  37.539092     1.6389     11.166    84.7206 1.2660e+02     8.5710      0.577      0.837    22.1435 0.0000e+00
      0.588      0.012     9.7087    111.799     39.813  37.542998     1.6099     11.166    84.8681 1.2649e+02     8.4837      0.577      0.837    22.1436 0.0000e+00
      0.590      0.013     9.7237    111.769     39.793  37.524643     1.5890     11.166    85.0527 1.2563e+02     8.4224      0.577      0.837    22.1439 0.0000e+00
      0.595      0.013     9.7320    111.665     39.775  37.507532     1.6024     11.165    85.0595 1.2406e+02     8.4782      0.583      0.845    22.1445 0.0000e+00
      0.600      0.012     9.7386    111.582     39.795  37.526472     1.6129     11.164    84.9509 1.2274e+02     8.5437      0.589      0.855    22.1447 0.0000e+00
      0.604      0.012     9.7519    111.538     39.833  37.563278     1.5922     11.165    84.9437 1.2190e+02     8.4629      0.594      0.861    22.1449 0.0000e+00
      0.607      0.011     9.7467    111.517     39.842  37.571825     1.5769     11.167    85.0592 1.2130e+02     8.3889      0.596      0.864    22.1448 0.0000e+00
      0.608      0.010     9.7329    111.521     39.835  37.566365     1.5854     11.167    85.1419 1.2070e+02     8.4010      0.596      0.865    22.1449 0.0000e+00
      0.609      0.009     9.7263    111.523     39.829  37.560710     1.6119     11.167    85.0832 1.1990e+02     8.4729      0.597      0.866    22.1452 0.0000e+00
      0.612      0.008     9.7234    111.498     39.834  37.566914     1.6484     11.167    84.9517 1.1895e+02     8.6085      0.599      0.869    22.1455 0.0000e+00
      0.615      0.007     9.7208    111.485     39.844  37.577922     1.6425     11.166    84.9291 1.1790e+02     8.6738      0.603      0.875    22.1462 0.0000e+00
      0.618      0.007     9.7213    111.495     39.832  37.566904     1.5996     11.166    85.0683 1.1709e+02     8.6817      0.607      0.880    22.1471 0.0000e+00
      0.620      0.006     9.7245    111.524     39.825  37.560606     1.5873     11.166    85.1716 1.1676e+02     8.7041      0.608      0.881    22.1478 0.0000e+00
      0.620      0.005     9.7178    111.561     39.830  37.565231     1.6103     11.167    85.1460 1.1650e+02     8.7059      0.608      0.881    22.1492 0.0000e+00
      0.620      0.004     9.7176    111.595     39.824  37.559363     1.6370     11.167    85.1882 1.1589e+02     8.6344      0.608      0.882    22.1507 0.0000e+00
      0.621      0.004     9.7183    111.647     39.817  37.553113     1.6352     11.165    85.3380 1.1514e+02     8.5244      0.608      0.882    22.1517 0.0000e+00
      0.622      0.004     9.7202    111.698     39.816  37.553113     1.6050     11.165    85.4092 1.1455e+02     8.4683      0.610      0.885    22.1519 0.0000e+00
      0.624      0.005     9.7262    111.753     39.823  37.559363     1.5890     11.166    85.4463 1.1419e+02     8.4688      0.613      0.889    22.1514 0.0000e+00
      0.625      0.006     9.7255    111.818     39.831  37.565231     1.6071     11.168    85.4424 1.1406e+02     8.4616      0.613      0.889    22.1511 0.0000e+00
      0.625      0.007     9.7332    111.860     39.826  37.560607     1.6408     11.169    85.3624 1.1370e+02     8.3464      0.612      0.888    22.1520 0.0000e+00
      0.627      0.007     9.7357    111.845     39.831  37.566904     1.6469     11.168    85.4250 1.1285e+02     8.2032      0.614      0.890    22.1536 0.0000e+00
      0.630      0.006     9.7402    111.776     39.841  37.577922     1.6310     11.167    85.5112 1.1194e+02     8.2679      0.618      0.896    22.1531 0.0000e+00
      0.633      0.006     9.7481    111.702     39.827  37.566914     1.6401     11.167    85.5445 1.1138e+02     8.4804      0.622      0.901    22.1508 0.0000e+00
      0.635      0.006     9.7525    111.639     39.819  37.560720     1.6571     11.168    85.6551 1.1123e+02     8.5854      0.623      0.903    22.1498 0.0000e+00
      0.635      0.007     9.7519    111.578     39.824  37.566489     1.6530     11.169    85.7304 1.1126e+02     8.5479      0.622      0.903    22.1518 0.0000e+00
      0.635      0.009     9.7420    111.547     39.832  37.573217     1.6328     11.169    85.7667 1.1105e+02     8.4368      0.622      0.902    22.1552 0.0000e+00
      0.636      0.010     9.7351    111.576     39.838  37.578609     1.6206     11.169    85.9217 1.1030e+02     8.2999      0.623      0.903    22.1576 0.0000e+00
      0.640      0.012     9.7304    111.634     39.828  37.568215     1.6388     11.169    86.1422 1.0909e+02     8.1907      0.627      0.910    22.1590 0.0000e+00
      0.646      0.013     9.7238    111.703     39.835  37.574456     1.6537     11.169    86.1952 1.0792e+02     8.1421      0.634      0.920    22.1599 0.0000e+00
      0.651      0.014     9.7190    111.777     39.852  37.590614     1.6504     11.169    86.1328 1.0720e+02     8.0875      0.639      0.927    22.1593 0.0000e+00
      0.653      0.014     9.7242    111.788     39.833  37.573219     1.6403     11.169    86.1622 1.0679e+02     8.0428      0.640      0.929    22.1578 0.0000e+00
      0.654      0.013     9.7301    111.701     39.812  37.554508     1.6313     11.169    86.2919 1.0629e+02     8.1486      0.641      0.930    22.1575 0.0000e+00
      0.657      0.010     9.7342    111.572     39.812  37.554746     1.6415     11.169    86.4105 1.0522e+02     8.3073      0.642      0.932    22.1578 0.0000e+00
      0.662      0.007     9.7445    111.468     39.834  37.576100     1.6559     11.169    86.4770 1.0394e+02     8.3561      0.649      0.942    22.1580 0.0000e+00
      0.667      0.005     9.7474    111.460     39.882  37.622330     1.6464     11.169    86.4941 1.0346e+02     8.2266      0.657      0.953    22.1584 0.0000e+00
      0.667      0.003     9.7359    111.563     39.928  37.669519     1.6186     11.169    86.5312 1.0391e+02     8.0055      0.656      0.952    22.1590 0.0000e+00
      0.663      0.002     9.7239    111.684     39.955  37.702466     1.6114     11.169    86.6677 1.0436e+02     7.9713      0.650      0.943    22.1597 0.0000e+00
      0.661      0.001     9.7115    111.726     39.946  37.703422     1.6263     11.170    86.7680 1.0402e+02     8.0864      0.646      0.937    22.1605 0.0000e+00
      0.662     -0.002     9.7093    111.703     39.912  37.681097     1.6242     11.171    86.7116 1.0309e+02     8.1338      0.649      0.940    22.1609 0.0000e+00
      0.666     -0.005     9.7218    111.664     39.910  37.686375     1.6018     11.172    86.5883 1.0219e+02     8.1348      0.654      0.948    22.1641 0.0000e+00
      0.668     -0.006     9.7350    111.641     39.925  37.703796     1.5882     11.174    86.5674 1.0224e+02     8.1327      0.657      0.954    22.1736 0.0000e+00
      0.665     -0.005     9.7344    111.718     39.920  37.701370     1.6016     11.176    86.6306 1.0379e+02     8.1765      0.655      0.951    22.1882 0.0000e+00
      0.656     -0.002     9.7268    111.903     39.939  37.720501     1.6227     11.177    86.7504 1.0565e+02     8.2544      0.643      0.933    22.2017 0.0000e+00
      0.649      0.000     9.7242    112.138     39.964  37.744738     1.6185     11.178    86.8969 1.0583e+02     8.2882      0.632      0.916    22.2095 0.0000e+00
      0.652      0.002     9.7154    112.400     39.959  37.740596     1.6010     11.179    86.9401 1.0403e+02     8.3125      0.636      0.921    22.2139 0.0000e+00
      0.662      0.003     9.7223    112.650     39.949  37.733878     1.5938     11.180    86.9287 1.0220e+02     8.3434      0.651      0.943    22.2163 0.0000e+00
      0.669      0.004     9.7420    112.843     39.939  37.726974     1.6055     11.181    86.9308 1.0207e+02     8.4225      0.660      0.957    22.2165 0.0000e+00
      0.669      0.004     9.7609    112.969     39.931  37.720582     1.6184     11.182    87.0520 1.0334e+02     8.4825      0.659      0.955    22.2171 0.0000e+00
      0.663      0.001     9.7857    113.039     39.930  37.720042     1.6094     11.183    87.2748 1.0443e+02     8.4203      0.650      0.943    22.2193 0.0000e+00
      0.658     -0.000     9.8079    113.067     39.931  37.720446     1.6049     11.185    87.3876 1.0446e+02     8.4224      0.643      0.934    22.2232 0.0000e+00
      0.658      0.001     9.8243    113.058     39.937  37.725466     1.6048     11.187    87.3831 1.0388e+02     8.4735      0.644      0.935    22.2263 0.0000e+00
      0.662      0.005     9.8347    113.011     39.931  37.717286     1.6081     11.187    87.3936 1.0337e+02     8.4231      0.649      0.941    22.2272 0.0000e+00
      0.666      0.009     9.8404    112.957     39.900  37.684996     1.6198     11.187    87.4279 1.0304e+02     8.3248      0.653      0.947    22.2273 0.0000e+00
      0.669      0.012     9.8423    112.923     39.870  37.652324     1.6129     11.188    87.5400 1.0258e+02     8.2081      0.656      0.951    22.2273 0.0000e+00
      0.672      0.012     9.8426    112.883     39.861  37.639519     1.6084     11.188    87.7160 1.0185e+02     8.2078      0.659      0.956    22.2263 0.0000e+00
      0.676      0.012     9.8377    112.814     39.883  37.657079     1.6149     11.188    87.8354 1.0118e+02     8.3549      0.663      0.962    22.2229 0.0000e+00
      0.678      0.012     9.8321    112.730     39.903  37.674264     1.6083     11.188    87.9514 1.0080e+02     8.4160      0.666      0.965    22.2184 0.0000e+00
      0.680      0.012     9.8322    112.636     39.887  37.656939     1.5873     11.188    88.0004 1.0050e+02     8.2970      0.667      0.967    22.2133 0.0000e+00
      0.683      0.013     9.8302    112.520     39.870  37.637960     1.5606     11.188    87.9971 9.9843e+01     8.1461      0.669      0.970    22.2082 0.0000e+00
      0.687      0.014     9.8244    112.392     39.870  37.635152     1.5758     11.189    88.0840 9.8986e+01     8.2306      0.674      0.977    22.2041 0.0000e+00
      0.691      0.014     9.8168    112.285     39.860  37.622982     1.6300     11.191    88.1906 9.8356e+01     8.4996      0.678      0.984    22.2013 0.0000e+00
      0.694      0.014     9.8103    112.188     39.857  37.617723     1.6495     11.192    88.2537 9.7694e+01     8.5967      0.680      0.986    22.1990 0.0000e+00
      0.699      0.012     9.8007    112.085     39.877  37.635016     1.6288     11.192    88.3305 9.6759e+01     8.4827      0.684      0.992    22.1958 0.0000e+00
      0.704      0.010     9.7881    112.025     39.886  37.641706     1.6048     11.192    88.4304 9.6145e+01     8.3842      0.692      1.003    22.1920 0.0000e+00
      0.706      0.009     9.7802    112.041     39.880  37.635152     1.6092     11.192    88.4292 9.6242e+01     8.4310      0.695      1.007    22.1885 0.0000e+00
      0.706      0.008     9.7739    112.063     39.865  37.619217     1.6313     11.192    88.3160 9.6464e+01     8.5369      0.693      1.003    22.1859 0.0000e+00
      0.706      0.007     9.7629    112.021     39.821  37.575952     1.6388     11.192    88.2661 9.6221e+01     8.6057      0.691      1.002    22.1833 0.0000e+00
      0.708      0.005     9.7559    111.933     39.801  37.556231     1.6095     11.193    88.3427 9.5625e+01     8.5790      0.695      1.008    22.1809 0.0000e+00
