Data/DataNotYetUploadedToEDI/Raw_CTD/RawDownloads/092225_fcr10_S7809001.cnv
* Sea-Bird SBE19plus  Data File:
* FileName = C:\R\Reservoirs\Data\DataNotYetUploadedToEDI\Raw_CTD\RawDownloads\092225_fcr50_S7809_0001.hex
* Software version 2.8.0.119
* Temperature SN = 7809
* Conductivity SN = 7809
* System UpLoad Time = Sep 23 2025 09:56:22
* <ApplicationData>
* <Seaterm232>
# nquan = 15
# nvalues = 1524                        
# units = specified
# name 0 = depFM: Depth [fresh water, m]
# name 1 = dz/dtM: Descent Rate [m/s]
# name 2 = sbeox0Mg/L: Oxygen, SBE 43 [mg/l]
# name 3 = sbeox0PS: Oxygen, SBE 43 [% saturation]
# name 4 = specc: Specific Conductance [uS/cm]
# name 5 = c0uS/cm: Conductivity [uS/cm]
# name 6 = flECO-AFL: Fluorescence, WET Labs ECO-AFL/FL [mg/m^3]
# name 7 = ph: pH
# name 8 = orp: Oxidation Reduction Potential [mV]
# name 9 = par/sat/log: PAR/Logarithmic, Satlantic
# name 10 = turbWETntu0: Turbidity, WET Labs ECO [NTU]
# name 11 = prdM: Pressure, Strain Gauge [db]
# name 12 = prdE: Pressure, Strain Gauge [psi]
# name 13 = tv290C: Temperature [ITS-90, deg C]
# name 14 = flag:  0.000e+00
# span 0 =     -0.608,      2.213       
# span 1 =     -0.411,      0.241       
# span 2 =     0.3838,    10.5813       
# span 3 =      4.223,    121.171       
# span 4 =      0.510,     43.027       
# span 5 =   0.470497,  38.685677       
# span 6 =    -0.0434,    16.3443       
# span 7 =      0.097,     11.049       
# span 8 = -1240.7455,   171.1575       
# span 9 = 1.2364e-01, 7.8500e+02       
# span 10 =    -0.6970,   273.3103      
# span 11 =     -0.596,      2.172      
# span 12 =     -0.864,      3.149      
# span 13 =    19.7854,    22.2912      
# span 14 = 0.0000e+00, 0.0000e+00      
# interval = seconds: 0.25
# start_time = Sep 22 2025 10:52:53 [Instrument's time stamp, header]
# bad_flag = -9.990e-29
*END*
[from data line 482]
      0.663      0.004     9.5537    109.346     39.572  37.330332     1.7118     10.874   106.2798 8.7836e+01    10.0715      0.651      0.944    22.1622 0.0000e+00
      0.665      0.004     9.5474    109.235     39.585  37.343013     1.6991     10.874   106.2140 8.7759e+01    10.0375      0.652      0.946    22.1611 0.0000e+00
      0.666      0.004     9.5389    109.059     39.597  37.355599     1.6897     10.874   106.3066 8.7686e+01    10.0802      0.654      0.948    22.1609 0.0000e+00
      0.666      0.004     9.5363    108.855     39.597  37.355609     1.7058     10.874   106.5388 8.7559e+01    10.1788      0.653      0.947    22.1613 0.0000e+00
      0.667      0.003     9.5307    108.706     39.583  37.343128     1.7283     10.874   106.6982 8.7432e+01    10.1704      0.654      0.949    22.1620 0.0000e+00
      0.668      0.003     9.5223    108.635     39.571  37.331600     1.7201     10.874   106.6852 8.7265e+01    10.0465      0.656      0.951    22.1626 0.0000e+00
      0.669      0.003     9.5059    108.600     39.583  37.343138     1.7225     10.873   106.6402 8.7100e+01    10.0477      0.656      0.952    22.1636 0.0000e+00
      0.670      0.003     9.4838    108.598     39.597  37.355714     1.7495     10.872   106.6710 8.6898e+01    10.1842      0.657      0.953    22.1647 0.0000e+00
      0.671      0.003     9.4699    108.649     39.598  37.356755     1.7634     10.873   106.7130 8.6713e+01    10.2632      0.658      0.954    22.1655 0.0000e+00
      0.672      0.003     9.4665    108.724     39.598  37.355723     1.7495     10.873   106.7174 8.6622e+01    10.2162      0.659      0.956    22.1658 0.0000e+00
      0.673      0.004     9.4634    108.809     39.584  37.343241     1.7221     10.873   106.7237 8.6512e+01    10.0944      0.660      0.957    22.1654 0.0000e+00
      0.673      0.004     9.4611    108.907     39.573  37.332745     1.7321     10.873   106.7038 8.6282e+01    10.0204      0.660      0.958    22.1645 0.0000e+00
      0.674      0.004     9.4683    109.011     39.598  37.355725     1.7868     10.873   106.7345 8.5932e+01    10.0390      0.661      0.959    22.1643 0.0000e+00
      0.676      0.005     9.4749    109.116     39.610  37.367262     1.8258     10.873   106.9233 8.5541e+01    10.0795      0.663      0.961    22.1642 0.0000e+00
      0.677      0.006     9.4815    109.208     39.586  37.345332     1.8127     10.873   107.0933 8.5231e+01    10.0322      0.664      0.962    22.1640 0.0000e+00
      0.678      0.007     9.4913    109.297     39.585  37.344387     1.7781     10.872   107.1550 8.4967e+01    10.0144      0.665      0.964    22.1638 0.0000e+00
      0.680      0.007     9.4996    109.405     39.598  37.355838     1.7819     10.872   107.2396 8.4697e+01    10.1713      0.668      0.968    22.1642 0.0000e+00
      0.683      0.007     9.5098    109.525     39.599  37.356879     1.8094     10.872   107.3429 8.4430e+01    10.2216      0.670      0.972    22.1645 0.0000e+00
      0.685      0.007     9.5176    109.650     39.599  37.356974     1.8192     10.871   107.3708 8.4158e+01    10.1779      0.671      0.974    22.1648 0.0000e+00
      0.686      0.007     9.5235    109.744     39.600  37.356983     1.8091     10.871   107.4046 8.4023e+01    10.1900      0.673      0.976    22.1647 0.0000e+00
      0.688      0.007     9.5344    109.736     39.600  37.356984     1.7952     10.871   107.4938 8.3888e+01    10.1630      0.675      0.978    22.1643 0.0000e+00
      0.689      0.007     9.5443    109.636     39.600  37.356983     1.8181     10.871   107.5889 8.3631e+01    10.1930      0.676      0.980    22.1641 0.0000e+00
      0.691      0.007     9.5560    109.512     39.599  37.356973     1.8528     10.871   107.6940 8.3397e+01    10.2114      0.678      0.983    22.1635 0.0000e+00
      0.693      0.007     9.5686    109.431     39.599  37.356858     1.8650     10.870   107.7316 8.3166e+01    10.1798      0.680      0.986    22.1627 0.0000e+00
      0.695      0.006     9.5666    109.437     39.597  37.355600     1.8658     10.870   107.6993 8.2971e+01    10.2888      0.682      0.989    22.1620 0.0000e+00
      0.697      0.006     9.5551    109.482     39.582  37.341765     1.8536     10.871   107.7334 8.2843e+01    10.5050      0.683      0.991    22.1625 0.0000e+00
      0.698      0.006     9.5431    109.502     39.555  37.316497     1.8508     10.872   107.8008 8.2717e+01    10.6761      0.685      0.993    22.1635 0.0000e+00
      0.699      0.005     9.5328    109.524     39.541  37.303902     1.8645     10.872   107.8257 8.2552e+01    10.6832      0.685      0.994    22.1640 0.0000e+00
      0.700      0.005     9.5356    109.586     39.554  37.316384     1.8451     10.872   107.8616 8.2357e+01    10.5232      0.686      0.996    22.1639 0.0000e+00
      0.702      0.004     9.5431    109.648     39.580  37.340506     1.7906     10.871   107.8909 8.2223e+01    10.3815      0.688      0.998    22.1644 0.0000e+00
      0.703      0.004     9.5426    109.674     39.582  37.341745     1.7720     10.871   107.9219 8.2148e+01    10.4050      0.689      0.999    22.1654 0.0000e+00
      0.704      0.004     9.5421    109.676     39.571  37.331360     1.7945     10.871   108.0648 8.2133e+01    10.4992      0.691      1.002    22.1656 0.0000e+00
      0.705      0.004     9.5501    109.635     39.583  37.341857     1.7971     10.871   108.2415 8.2176e+01    10.3928      0.691      1.003    22.1655 0.0000e+00
      0.705      0.003     9.5574    109.545     39.583  37.341754     1.7696     10.872   108.4231 8.2180e+01    10.1094      0.691      1.003    22.1653 0.0000e+00
      0.706      0.003     9.5576    109.480     39.572  37.330104     1.7541     10.872   108.5406 8.2145e+01     9.9761      0.693      1.005    22.1652 0.0000e+00
      0.707      0.003     9.5588    109.462     39.571  37.327911     1.7668     10.872   108.4581 8.2070e+01    10.0446      0.694      1.006    22.1653 0.0000e+00
      0.708      0.002     9.5574    109.422     39.559  37.315239     1.7907     10.872   108.4578 8.2003e+01    10.1521      0.694      1.007    22.1646 0.0000e+00
      0.708      0.002     9.5451    109.339     39.547  37.303798     1.7935     10.872   108.6235 8.2022e+01    10.1491      0.695      1.008    22.1631 0.0000e+00
      0.709      0.002     9.5387    109.254     39.560  37.316488     1.7755     10.871   108.6550 8.2048e+01    10.0424      0.695      1.009    22.1615 0.0000e+00
      0.709      0.001     9.5418    109.239     39.588  37.341754     1.7810     10.871   108.5795 8.1958e+01    10.0571      0.696      1.009    22.1601 0.0000e+00
      0.710      0.001     9.5383    109.300     39.603  37.355475     1.7933     10.871   108.5712 8.1865e+01    10.1567      0.696      1.009    22.1589 0.0000e+00
      0.711      0.001     9.5300    109.339     39.603  37.355475     1.7916     10.871   108.5550 8.1930e+01    10.2219      0.697      1.011    22.1585 0.0000e+00
      0.711      0.002     9.5199    109.311     39.588  37.341755     1.7934     10.871   108.4690 8.2068e+01    10.2983      0.697      1.011    22.1582 0.0000e+00
      0.711      0.003     9.5168    109.265     39.561  37.316498     1.7819     10.872   108.3916 8.2113e+01    10.2945      0.696      1.009    22.1580 0.0000e+00
      0.711      0.004     9.5280    109.213     39.548  37.303904     1.7768     10.872   108.3932 8.1865e+01    10.3125      0.696      1.009    22.1580 0.0000e+00
      0.712      0.005     9.5330    109.139     39.561  37.316385     1.7982     10.872   108.4891 8.1494e+01    10.4486      0.698      1.013    22.1579 0.0000e+00
      0.715      0.007     9.5266    109.051     39.587  37.340507     1.8165     10.873   108.6046 8.1330e+01    10.5386      0.701      1.017    22.1578 0.0000e+00
      0.717      0.008     9.5236    108.952     39.589  37.341745     1.8070     10.874   108.6706 8.1214e+01    10.4788      0.703      1.020    22.1575 0.0000e+00
      0.719      0.009     9.5199    108.854     39.578  37.331352     1.7744     10.874   108.6860 8.1013e+01    10.3408      0.705      1.022    22.1574 0.0000e+00
      0.720      0.009     9.5126    108.799     39.589  37.341755     1.7720     10.875   108.7038 8.0728e+01    10.3383      0.706      1.025    22.1574 0.0000e+00
      0.723      0.008     9.5047    108.775     39.588  37.340611     1.7942     10.876   108.7136 8.0441e+01    10.3804      0.709      1.028    22.1571 0.0000e+00
      0.725      0.008     9.4973    108.771     39.563  37.317518     1.8022     10.878   108.7190 8.0169e+01    10.3373      0.711      1.031    22.1568 0.0000e+00
      0.728      0.008     9.4850    108.828     39.562  37.316364     1.8020     10.882   108.7698 7.9811e+01    10.3293      0.714      1.036    22.1564 0.0000e+00
      0.730      0.008     9.4822    108.916     39.573  37.326661     1.8003     10.884   108.8109 7.9531e+01    10.3867      0.716      1.038    22.1561 0.0000e+00
      0.731      0.007     9.4817    108.949     39.560  37.315115     1.8142     10.885   108.8714 7.9315e+01    10.4847      0.717      1.040    22.1557 0.0000e+00
      0.733      0.007     9.4770    108.895     39.548  37.303664     1.8121     10.886   108.8994 7.9039e+01    10.4888      0.718      1.042    22.1559 0.0000e+00
      0.735      0.007     9.4844    108.834     39.559  37.315114     1.7916     10.888   108.8056 7.8775e+01    10.4031      0.720      1.045    22.1566 0.0000e+00
      0.737      0.007     9.4947    108.807     39.571  37.326651     1.7907     10.889   108.7696 7.8573e+01    10.3703      0.723      1.049    22.1570 0.0000e+00
      0.739      0.007     9.5002    108.765     39.560  37.316249     1.7937     10.889   108.8075 7.8457e+01    10.3998      0.724      1.051    22.1575 0.0000e+00
      0.740      0.007     9.4906    108.672     39.560  37.316258     1.8025     10.890   108.7479 7.8335e+01    10.4518      0.725      1.052    22.1581 0.0000e+00
      0.741      0.007     9.4833    108.573     39.572  37.326755     1.7979     10.891   108.8238 7.8109e+01    10.4186      0.727      1.054    22.1583 0.0000e+00
      0.743      0.007     9.4843    108.562     39.562  37.316259     1.7705     10.891   109.0367 7.7840e+01    10.3401      0.728      1.056    22.1582 0.0000e+00
      0.745      0.007     9.4815    108.662     39.563  37.316249     1.7547     10.892   109.0848 7.7578e+01    10.3227      0.730      1.060    22.1586 0.0000e+00
      0.747      0.007     9.4724    108.804     39.576  37.326642     1.7650     10.893   109.1478 7.7363e+01    10.3790      0.733      1.063    22.1590 0.0000e+00
      0.749      0.008     9.4593    108.922     39.565  37.315011     1.7949     10.894   109.2820 7.7181e+01    10.4741      0.734      1.065    22.1583 0.0000e+00
      0.750      0.009     9.4582    109.001     39.552  37.302520     1.7992     10.895   109.3304 7.6870e+01    10.4485      0.735      1.066    22.1568 0.0000e+00
      0.752      0.010     9.4698    109.045     39.552  37.302518     1.7676     10.896   109.3886 7.6410e+01    10.2741      0.737      1.069    22.1552 0.0000e+00
      0.755      0.010     9.4855    109.064     39.566  37.314990     1.7541     10.896   109.4696 7.6028e+01    10.1066      0.741      1.075    22.1533 0.0000e+00
      0.759      0.011     9.4956    109.034     39.578  37.326414     1.7783     10.896   109.4504 7.5750e+01    10.0976      0.745      1.080    22.1515 0.0000e+00
      0.762      0.011     9.5029    108.932     39.565  37.313732     1.8105     10.896   109.4135 7.5445e+01    10.2344      0.747      1.084    22.1505 0.0000e+00
      0.764      0.010     9.5061    108.818     39.539  37.288560     1.8098     10.897   109.4544 7.5133e+01    10.3249      0.749      1.087    22.1504 0.0000e+00
      0.766      0.009     9.5078    108.738     39.525  37.275879     1.7785     10.897   109.5145 7.4799e+01    10.3374      0.751      1.089    22.1501 0.0000e+00
      0.769      0.009     9.5086    108.675     39.536  37.287313     1.7726     10.897   109.6244 7.4434e+01    10.3855      0.754      1.094    22.1496 0.0000e+00
      0.771      0.009     9.4956    108.634     39.550  37.299899     1.8050     10.898   109.7503 7.4038e+01    10.4633      0.756      1.097    22.1492 0.0000e+00
      0.773      0.009     9.4838    108.620     39.551  37.301146     1.8202     10.898   109.7460 7.3706e+01    10.5264      0.758      1.100    22.1488 0.0000e+00
      0.776      0.009     9.4793    108.614     39.552  37.302394     1.7819     10.899   109.6582 7.3449e+01    10.5689      0.761      1.104    22.1493 0.0000e+00
      0.778      0.009     9.4723    108.593     39.565  37.314989     1.7257     10.899   109.5492 7.3138e+01    10.5669      0.763      1.106    22.1501 0.0000e+00
      0.780      0.009     9.4686    108.551     39.577  37.326527     1.7145     10.899   109.4605 7.2802e+01    10.6036      0.765      1.109    22.1505 0.0000e+00
      0.782      0.009     9.4683    108.504     39.564  37.314989     1.7382     10.900   109.4462 7.2512e+01    10.6716      0.767      1.114    22.1504 0.0000e+00
      0.785      0.009     9.4685    108.474     39.551  37.302394     1.7461     10.900   109.3767 7.2278e+01    10.5697      0.770      1.117    22.1503 0.0000e+00
      0.787      0.009     9.4669    108.494     39.550  37.301156     1.7353     10.900   109.2221 7.1970e+01    10.3614      0.772      1.120    22.1511 0.0000e+00
      0.789      0.009     9.4622    108.590     39.549  37.300012     1.7157     10.899   109.2113 7.1604e+01    10.3050      0.774      1.123    22.1519 0.0000e+00
      0.792      0.009     9.4577    108.746     39.538  37.288561     1.7002     10.899   109.4178 7.1322e+01    10.3324      0.776      1.126    22.1525 0.0000e+00
      0.795      0.008     9.4538    108.918     39.539  37.289609     1.7151     10.901   109.6544 7.1096e+01    10.3506      0.779      1.129    22.1523 0.0000e+00
      0.797      0.007     9.4543    109.042     39.564  37.312683     1.7455     10.902   109.6630 7.0943e+01    10.4223      0.781      1.134    22.1514 0.0000e+00
      0.798      0.006     9.4641    109.089     39.566  37.313733     1.7435     10.902   109.5219 7.0869e+01    10.4133      0.783      1.136    22.1504 0.0000e+00
      0.799      0.005     9.4788    109.112     39.554  37.302301     1.7242     10.902   109.4976 7.0754e+01    10.3798      0.784      1.136    22.1496 0.0000e+00
      0.800      0.004     9.4961    109.147     39.553  37.301375     1.7283     10.902   109.5413 7.0569e+01    10.5637      0.785      1.137    22.1498 0.0000e+00
      0.801      0.004     9.5089    109.164     39.554  37.302529     1.7351     10.901   109.6202 7.0338e+01    10.7912      0.786      1.140    22.1500 0.0000e+00
      0.803      0.004     9.5099    109.136     39.569  37.316250     1.7312     10.901   109.6767 7.0151e+01    10.8088      0.787      1.142    22.1495 0.0000e+00
      0.803      0.004     9.5103    109.066     39.594  37.340372     1.7231     10.901   109.6221 7.0013e+01    10.7418      0.788      1.142    22.1485 0.0000e+00
      0.804      0.004     9.5157    108.949     39.594  37.340372     1.7199     10.901   109.5631 6.9843e+01    10.8014      0.788      1.143    22.1479 0.0000e+00
      0.805      0.004     9.5181    108.830     39.569  37.316249     1.7418     10.901   109.5653 6.9704e+01    10.9485      0.789      1.144    22.1480 0.0000e+00
      0.806      0.004     9.5144    108.753     39.555  37.302520     1.7471     10.901   109.5628 6.9582e+01    10.9151      0.791      1.146    22.1482 0.0000e+00
      0.807      0.004     9.5101    108.715     39.553  37.301282     1.7260     10.900   109.5324 6.9470e+01    10.7395      0.791      1.147    22.1482 0.0000e+00
      0.808      0.004     9.4974    108.725     39.553  37.301282     1.7192     10.899   109.5414 6.9372e+01    10.6354      0.793      1.149    22.1480 0.0000e+00
