Data/DataNotYetUploadedToEDI/Raw_CTD/RawDownloads/092225_fcr50_S7809005.cnv
* Sea-Bird SBE19plus  Data File:
* FileName = C:\R\Reservoirs\Data\DataNotYetUploadedToEDI\Raw_CTD\RawDownloads\092225_fcr50_S7809_0005.hex
* Software version 2.8.0.119
* Temperature SN = 7809
* Conductivity SN = 7809
* System UpLoad Time = Sep 23 2025 09:58:56
* <ApplicationData>
* <Seaterm232>
# nquan = 15
# nvalues = 2093                        
# units = specified
# name 0 = depFM: Depth [fresh water, m]
# name 1 = dz/dtM: Descent Rate [m/s]
# name 2 = sbeox0Mg/L: Oxygen, SBE 43 [mg/l]
# name 3 = sbeox0PS: Oxygen, SBE 43 [% saturation]
# name 4 = specc: Specific Conductance [uS/cm]
# name 5 = c0uS/cm: Conductivity [uS/cm]
# name 6 = flECO-AFL: Fluorescence, WET Labs ECO-AFL/FL [mg/m^3]
# name 7 = ph: pH
# name 8 = orp: Oxidation Reduction Potential [mV]
# name 9 = par/sat/log: PAR/Logarithmic, Satlantic
# name 10 = turbWETntu0: Turbidity, WET Labs ECO [NTU]
# name 11 = prdM: Pressure, Strain Gauge [db]
# name 12 = prdE: Pressure, Strain Gauge [psi]
# name 13 = tv290C: Temperature [ITS-90, deg C]
# name 14 = flag:  0.000e+00
# span 0 =     -0.610,      9.575       
# span 1 =     -0.420,      0.164       
# span 2 =    -0.1010,    12.7157       
# span 3 =     -0.716,    143.689       
# span 4 =      1.903,    429.565       
# span 5 =   1.688517, 323.693364       
# span 6 =    -0.1113,    13.9725       
# span 7 =      8.280,     11.478       
# span 8 =    -6.1859,   284.9077       
# span 9 = 1.2359e-01, 1.7395e+03       
# span 10 =    -0.1480,   601.6507      
# span 11 =     -0.599,      9.390      
# span 12 =     -0.870,     13.620      
# span 13 =    12.6134,    21.6751      
# span 14 = 0.0000e+00, 0.0000e+00      
# interval = seconds: 0.25
# start_time = Sep 22 2025 12:35:47 [Instrument's time stamp, header]
# bad_flag = -9.990e-29
*END*
[from data line 1061]
      4.120      0.034     0.0122      0.161     73.974  58.324824     0.9204      8.720   135.3393 3.4202e-01    11.5449      4.039      5.857    14.5879 0.0000e+00
      4.132      0.034     0.0138      0.166     72.938  57.541030     0.8890      8.719   134.9579 3.2693e-01    11.5625      4.053      5.878    14.5478 0.0000e+00
      4.142      0.034     0.0133      0.176     71.628  56.506094     0.8622      8.718   134.2250 3.2195e-01    12.0956      4.064      5.894    14.4830 0.0000e+00
      4.148      0.034     0.0152      0.180     70.433  55.466285     0.8543      8.717   133.8775 3.1633e-01    13.2090      4.068      5.900    14.4127 0.0000e+00
      4.154      0.033     0.0171      0.155     69.470  54.559321     0.8772      8.716   133.8541 3.2071e-01    13.9233      4.072      5.906    14.4000 0.0000e+00
      4.163      0.033     0.0165      0.134     68.342  53.542424     0.8970      8.715   133.6840 3.2512e-01    14.1052      4.083      5.920    14.4513 0.0000e+00
      4.172      0.035     0.0177      0.140     66.260  51.807858     0.8518      8.714   133.4552 3.2007e-01    14.9293      4.091      5.933    14.4764 0.0000e+00
      4.181      0.038     0.0204      0.149     64.449  50.288053     0.7728      8.713   133.3250 3.2484e-01    16.4410      4.101      5.948    14.3827 0.0000e+00
      4.189      0.040     0.0159      0.168     64.095  49.898738     0.7489      8.713   133.2282 3.3148e-01    17.3186      4.109      5.959    14.2557 0.0000e+00
      4.199      0.040     0.0114      0.185     64.460  50.085003     0.7537      8.712   133.3179 3.1488e-01    17.5467      4.115      5.969    14.1586 0.0000e+00
      4.213      0.037     0.0159      0.182     64.930  50.381194     0.7400      8.709   133.4630 2.8559e-01    18.2092      4.132      5.993    14.0909 0.0000e+00
      4.227      0.033     0.0140      0.183     65.209  50.559021     0.7162      8.708   133.3480 2.7532e-01    19.2825      4.148      6.016    14.0159 0.0000e+00
      4.235      0.031     0.0173      0.198     65.017  50.393629     0.6831      8.708   133.1315 2.8675e-01    19.7976      4.154      6.026    13.9168 0.0000e+00
      4.238      0.031     0.0207      0.201     64.889  50.286352     0.6809      8.708   132.8247 2.8805e-01    19.8933      4.157      6.030    13.8378 0.0000e+00
      4.241      0.034     0.0182      0.185     65.124  50.468370     0.6975      8.709   132.6495 2.7504e-01    20.0980      4.158      6.031    13.7847 0.0000e+00
      4.247      0.039     0.0183      0.176     65.380  50.689484     0.6848      8.712   132.8196 2.7209e-01    20.2235      4.162      6.038    13.7572 0.0000e+00
      4.257      0.045     0.0210      0.179     65.640  50.927921     0.6602      8.716   132.9893 2.6694e-01    20.1805      4.174      6.053    13.7506 0.0000e+00
      4.272      0.049     0.0223      0.199     65.541  50.874886     0.6323      8.719   132.8082 2.3760e-01    20.0906      4.186      6.071    13.7435 0.0000e+00
      4.293      0.051     0.0182      0.310     64.957  50.429260     0.6068      8.719   132.6090 2.1599e-01    20.0593      4.210      6.106    13.7375 0.0000e+00
      4.311      0.049     0.0179      0.675     64.291  49.921263     0.5838      8.717   132.8180 2.2269e-01    20.0750      4.233      6.139    13.7551 0.0000e+00
      4.320      0.044     0.0186      1.415     63.574  49.367997     0.5791      8.714   132.9258 2.2448e-01    20.0762      4.237      6.145    13.7966 0.0000e+00
      4.326      0.037     0.0183      2.499     63.071  48.946331     0.6081      8.709   132.6221 2.2205e-01    19.9702      4.241      6.153    13.8152 0.0000e+00
      4.334      0.031     0.0230      3.838     63.496  49.203957     0.6095      8.705   132.1563 2.2371e-01    19.8186      4.251      6.165    13.8103 0.0000e+00
      4.342      0.029     0.0541      5.393     64.714  50.070036     0.5799      8.702   131.7680 2.1566e-01    19.7811      4.258      6.176    13.8201 0.0000e+00
      4.348      0.030     0.1339      7.106     65.193  50.401602     0.5835      8.699   131.5410 2.0304e-01    19.8920      4.265      6.186    13.8359 0.0000e+00
      4.353      0.030     0.2504      8.854     64.467  49.847573     0.6198      8.695   131.4777 1.8675e-01    20.0660      4.268      6.190    13.8150 0.0000e+00
      4.361      0.032     0.3897     10.490     63.790  49.339985     0.6526      8.693   131.3466 1.7376e-01    20.0754      4.275      6.200    13.7428 0.0000e+00
      4.372      0.037     0.5529     11.810     62.975  48.709164     0.6468      8.693   130.7295 1.6751e-01    19.9028      4.288      6.219    13.6730 0.0000e+00
      4.381      0.045     0.7376     12.672     61.680  47.680563     0.5998      8.694   130.0392 1.6367e-01    19.7899      4.298      6.234    13.6325 0.0000e+00
      4.389      0.052     0.9221     13.161     61.084  47.125158     0.5585      8.697   129.8832 1.6362e-01    19.8377      4.303      6.241    13.6586 0.0000e+00
      4.402      0.056     1.0997     13.467     61.196  47.072934     0.5630      8.699   130.0478 1.5392e-01    19.9682      4.312      6.253    13.6798 0.0000e+00
      4.423      0.058     1.2457     13.837     61.231  46.985464     0.5716      8.699   130.2226 1.4266e-01    19.9322      4.336      6.289    13.6668 0.0000e+00
      4.445      0.059     1.3290     14.648     61.219  46.892754     0.5459      8.698   130.0185 1.4986e-01    19.7108      4.364      6.330    13.6772 0.0000e+00
      4.459      0.059     1.3744     16.123     61.404  46.967678     0.5184      8.695   129.5582 1.5775e-01    19.5800      4.374      6.344    13.5893 0.0000e+00
      4.469      0.054     1.4055     18.130     61.660  47.129452     0.4974      8.692   129.5619 1.5006e-01    19.6139      4.380      6.352    13.4409 0.0000e+00
      4.482      0.048     1.4291     20.465     61.921  47.325037     0.5001      8.688   129.8054 1.4001e-01    19.7792      4.395      6.375    13.3548 0.0000e+00
      4.496      0.043     1.5032     22.938     62.214  47.554821     0.5257      8.683   129.9206 1.3671e-01    19.9383      4.409      6.397    13.2962 0.0000e+00
      4.507      0.038     1.6721     25.335     62.274  47.622181     0.5410      8.679   129.7500 1.4019e-01    19.9668      4.420      6.412    13.2292 0.0000e+00
      4.515      0.033     1.8892     27.393     62.166  47.568125     0.5356      8.677   129.2917 1.4203e-01    19.9187      4.428      6.422    13.2017 0.0000e+00
      4.523      0.027     2.1405     28.836     62.115  47.536146     0.5097      8.674   129.0248 1.3413e-01    19.8348      4.436      6.434    13.2147 0.0000e+00
      4.530      0.022     2.4080     29.570     62.060  47.489491     0.5105      8.670   129.1046 1.2881e-01    19.8407      4.445      6.446    13.2070 0.0000e+00
      4.534      0.018     2.6663     29.694     62.096  47.511933     0.5459      8.666   129.2245 1.3038e-01    19.9562      4.447      6.450    13.2281 0.0000e+00
      4.537      0.018     2.8940     29.398     62.318  47.680498     0.5539      8.664   129.0976 1.3135e-01    20.0352      4.448      6.452    13.2679 0.0000e+00
      4.539      0.020     3.0469     28.852     62.639  47.940383     0.5240      8.663   128.9469 1.3759e-01    19.9772      4.451      6.457    13.2630 0.0000e+00
      4.542      0.024     3.1207     28.190     62.899  48.178113     0.4934      8.662   128.9518 1.4518e-01    19.9034      4.453      6.459    13.2572 0.0000e+00
      4.548      0.030     3.1249     27.506     63.024  48.332772     0.5004      8.659   128.8985 1.4170e-01    19.9967      4.457      6.464    13.2548 0.0000e+00
      4.558      0.036     3.0892     26.858     63.125  48.477119     0.5339      8.657   128.9043 1.3857e-01    20.1147      4.469      6.482    13.2467 0.0000e+00
      4.571      0.042     3.0257     26.243     63.125  48.526668     0.5484      8.657   129.0214 1.4315e-01    20.1338      4.484      6.503    13.2580 0.0000e+00
      4.583      0.048     2.9512     25.568     62.979  48.423989     0.5170      8.658   128.8515 1.4195e-01    20.0908      4.495      6.519    13.2872 0.0000e+00
      4.594      0.054     2.8746     24.769     62.787  48.251500     0.4541      8.659   128.5715 1.3261e-01    20.0733      4.505      6.534    13.3391 0.0000e+00
      4.606      0.056     2.8014     23.855     62.535  48.028355     0.4208      8.658   128.8195 1.2690e-01    20.0939      4.515      6.548    13.3989 0.0000e+00
      4.621      0.056     2.7406     22.893     62.385  47.884605     0.4307      8.655   129.2691 1.2878e-01    20.1008      4.530      6.569    13.4469 0.0000e+00
      4.641      0.054     2.6712     21.985     62.385  47.846683     0.4403      8.652   129.2750 1.3159e-01    20.1906      4.553      6.603    13.4542 0.0000e+00
      4.659      0.051     2.5899     21.227     62.417  47.823755     0.4211      8.650   128.9773 1.2979e-01    20.2913      4.572      6.630    13.4200 0.0000e+00
      4.671      0.046     2.4935     20.726     62.359  47.734312     0.3892      8.648   128.6810 1.2674e-01    20.2948      4.582      6.646    13.3953 0.0000e+00
      4.679      0.041     2.3888     20.587     62.068  47.463558     0.3706      8.647   128.8757 1.2588e-01    20.3000      4.589      6.656    13.3796 0.0000e+00
      4.685      0.039     2.2930     20.841     61.663  47.089571     0.3793      8.645   129.5246 1.2501e-01    20.3539      4.593      6.663    13.3483 0.0000e+00
      4.692      0.039     2.2119     21.377     61.438  46.831178     0.4118      8.644   129.9023 1.2580e-01    20.4348      4.600      6.672    13.3041 0.0000e+00
      4.701      0.041     2.1569     22.061     61.466  46.751754     0.4223      8.643   129.8283 1.2733e-01    20.4587      4.609      6.685    13.2702 0.0000e+00
      4.713      0.043     2.1410     22.931     61.603  46.764016     0.3976      8.642   129.6625 1.2600e-01    20.3689      4.621      6.703    13.2384 0.0000e+00
      4.728      0.044     2.1758     24.168     61.715  46.788864     0.3805      8.640   129.8762 1.2555e-01    20.2709      4.637      6.726    13.1859 0.0000e+00
      4.742      0.044     2.2433     25.926     61.762  46.798181     0.3990      8.638   130.4329 1.2627e-01    20.2992      4.651      6.748    13.1144 0.0000e+00
      4.752      0.045     2.3173     28.181     61.797  46.813148     0.4292      8.636   130.8007 1.2507e-01    20.4040      4.660      6.759    13.0262 0.0000e+00
      4.759      0.045     2.4054     30.762     61.847  46.842843     0.4210      8.635   130.7960 1.2393e-01    20.4103      4.667      6.768    12.9416 0.0000e+00
      4.769      0.045     2.5312     33.485     61.932  46.903273     0.3910      8.634   130.6350 1.2387e-01    20.3411      4.675      6.781    12.8922 0.0000e+00
      4.782      0.044     2.7188     36.141     62.008  46.972415     0.3662      8.631   130.6607 1.2388e-01    20.3529      4.689      6.800    12.8797 0.0000e+00
      4.797      0.041     2.9655     38.435     61.977  46.980500     0.3459      8.628   131.0211 1.2385e-01    20.4847      4.705      6.824    12.8740 0.0000e+00
      4.811      0.036     3.2459     40.147     61.877  46.937575     0.3524      8.625   131.4639 1.2386e-01    20.6370      4.720      6.846    12.8669 0.0000e+00
      4.819      0.029     3.5388     41.237     61.818  46.897865     0.3458      8.622   131.8852 1.2387e-01    20.6574      4.728      6.857    12.8600 0.0000e+00
      4.824      0.023     3.8334     41.753     61.834  46.881286     0.3083      8.619   131.9847 1.2394e-01    20.5250      4.731      6.861    12.8645 0.0000e+00
      4.826      0.019     4.0819     41.755     61.864  46.864051     0.2978      8.617   131.8072 1.2564e-01    20.3687      4.733      6.866    12.8978 0.0000e+00
      4.827      0.021     4.2585     41.358     61.840  46.816408     0.3273      8.616   131.9756 1.2725e-01    20.3396      4.734      6.865    12.9350 0.0000e+00
      4.829      0.028     4.3714     40.790     61.777  46.749616     0.3656      8.615   132.4722 1.2563e-01    20.3782      4.734      6.866    12.9409 0.0000e+00
      4.834      0.038     4.4260     40.237     61.717  46.691312     0.3692      8.614   132.9929 1.2385e-01    20.3230      4.738      6.872    12.9082 0.0000e+00
      4.847      0.047     4.4289     39.799     61.722  46.682814     0.3384      8.612   133.1091 1.2370e-01    20.2526      4.751      6.890    12.8682 0.0000e+00
      4.865      0.053     4.3770     39.542     61.776  46.710337     0.3254      8.611   132.9308 1.2373e-01    20.2443      4.771      6.920    12.8469 0.0000e+00
      4.885      0.056     4.3113     39.456     61.792  46.706646     0.3376      8.611   133.1599 1.2379e-01    20.2913      4.792      6.951    12.8336 0.0000e+00
      4.901      0.054     4.2523     39.544     61.805  46.701651     0.3521      8.610   133.8153 1.2384e-01    20.4445      4.807      6.973    12.8224 0.0000e+00
      4.913      0.049     4.2018     39.829     61.837  46.713411     0.3513      8.608   134.4879 1.2380e-01    20.5597      4.817      6.987    12.8147 0.0000e+00
      4.925      0.044     4.1786     40.265     61.862  46.721860     0.3274      8.606   134.6666 1.2377e-01    20.5227      4.831      7.007    12.8044 0.0000e+00
      4.933      0.044     4.1705     40.779     61.898  46.740313     0.3131      8.605   134.4276 1.2384e-01    20.5105      4.839      7.019    12.7898 0.0000e+00
      4.939      0.048     4.1780     41.293     61.914  46.746051     0.3286      8.605   134.4381 1.2389e-01    20.6507      4.840      7.021    12.7771 0.0000e+00
      4.949      0.054     4.2126     41.753     61.894  46.727746     0.3561      8.604   134.7931 1.2377e-01    20.8516      4.851      7.036    12.7679 0.0000e+00
      4.965      0.060     4.2617     42.164     61.871  46.709440     0.3715      8.601   135.2785 1.2369e-01    20.9576      4.868      7.060    12.7600 0.0000e+00
      4.984      0.063     4.3200     42.519     61.882  46.715170     0.3650      8.599   135.6601 1.2374e-01    20.9421      4.887      7.087    12.7523 0.0000e+00
      5.006      0.062     4.3782     42.782     61.912  46.733535     0.3432      8.596   135.8802 1.2379e-01    20.8687      4.910      7.121    12.7463 0.0000e+00
      5.026      0.055     4.4250     42.952     61.920  46.741028     0.3411      8.593   136.1322 1.2381e-01    20.8561      4.931      7.152    12.7447 0.0000e+00
      5.041      0.044     4.4692     43.070     61.913  46.742275     0.3647      8.590   136.4698 1.2377e-01    20.9264      4.947      7.175    12.7456 0.0000e+00
      5.050      0.034     4.5090     43.176     61.912  46.748632     0.3783      8.588   137.1232 1.2381e-01    20.9673      4.954      7.185    12.7427 0.0000e+00
      5.052      0.026     4.5376     43.261     61.917  46.754409     0.3812      8.587   137.9238 1.2385e-01    20.9063      4.954      7.186    12.7372 0.0000e+00
      5.052      0.022     4.5538     43.290     61.912  46.748643     0.3669      8.584   138.3201 1.2377e-01    20.8042      4.953      7.184    12.7378 0.0000e+00
      5.055      0.024     4.5628     43.262     61.912  46.742399     0.3467      8.581   138.3871 1.2370e-01    20.8258      4.956      7.189    12.7457 0.0000e+00
      5.061      0.031     4.5747     43.221     61.926  46.742391     0.3533      8.579   138.3903 1.2369e-01    20.9283      4.962      7.197    12.7529 0.0000e+00
      5.069      0.040     4.5849     43.200     61.950  46.748534     0.3641      8.577   138.8745 1.2370e-01    20.9850      4.970      7.209    12.7541 0.0000e+00
      5.082      0.047     4.5888     43.197     61.968  46.753162     0.3524      8.577   139.8538 1.2375e-01    21.0670      4.983      7.227    12.7523 0.0000e+00
