Data/DataNotYetUploadedToEDI/Raw_CTD/RawDownloads/092225_fcr40_S7809004.cnv
* Sea-Bird SBE19plus  Data File:
* FileName = C:\R\Reservoirs\Data\DataNotYetUploadedToEDI\Raw_CTD\RawDownloads\092225_fcr50_S7809_0004.hex
* Software version 2.8.0.119
* Temperature SN = 7809
* Conductivity SN = 7809
* System UpLoad Time = Sep 23 2025 09:58:02
* <ApplicationData>
* <Seaterm232>
# nquan = 15
# nvalues = 1229                        
# units = specified
# name 0 = depFM: Depth [fresh water, m]
# name 1 = dz/dtM: Descent Rate [m/s]
# name 2 = sbeox0Mg/L: Oxygen, SBE 43 [mg/l]
# name 3 = sbeox0PS: Oxygen, SBE 43 [% saturation]
# name 4 = specc: Specific Conductance [uS/cm]
# name 5 = c0uS/cm: Conductivity [uS/cm]
# name 6 = flECO-AFL: Fluorescence, WET Labs ECO-AFL/FL [mg/m^3]
# name 7 = ph: pH
# name 8 = orp: Oxidation Reduction Potential [mV]
# name 9 = par/sat/log: PAR/Logarithmic, Satlantic
# name 10 = turbWETntu0: Turbidity, WET Labs ECO [NTU]
# name 11 = prdM: Pressure, Strain Gauge [db]
# name 12 = prdE: Pressure, Strain Gauge [psi]
# name 13 = tv290C: Temperature [ITS-90, deg C]
# name 14 = flag:  0.000e+00
# span 0 =     -0.604,      5.590       
# span 1 =     -0.501,      0.249       
# span 2 =     0.0162,    11.4272       
# span 3 =      0.181,    130.548       
# span 4 =      2.146,     79.146       
# span 5 =   1.888177,  63.438097       
# span 6 =    -0.0983,     4.7107       
# span 7 =      8.398,     11.412       
# span 8 =    31.1637,   225.3676       
# span 9 = 1.2362e-01, 4.6829e+02       
# span 10 =     1.2590,   267.0616      
# span 11 =     -0.595,      5.482      
# span 12 =     -0.863,      7.951      
# span 13 =    12.6742,    22.2824      
# span 14 = 0.0000e+00, 0.0000e+00      
# interval = seconds: 0.25
# start_time = Sep 22 2025 12:12:42 [Instrument's time stamp, header]
# bad_flag = -9.990e-29
*END*
[from data line 97]
     -0.090     -0.002     8.5906     98.681     38.279  36.075393     1.6431     11.165    80.8147 3.3344e+02     6.6938     -0.089     -0.131    22.1284 0.0000e+00
     -0.090     -0.001     8.6151     98.324     38.201  36.002855     1.6300     11.167    80.9330 3.3288e+02     6.6587     -0.090     -0.131    22.1252 0.0000e+00
     -0.087     -0.000     8.6232     97.669     38.320  36.120117     1.6169     11.169    80.9350 3.3243e+02     6.6254     -0.085     -0.123    22.1279 0.0000e+00
     -0.085      0.001     8.6205     96.776     38.426  36.224195     1.6093     11.171    80.8387 3.3256e+02     6.5986     -0.081     -0.118    22.1237 0.0000e+00
     -0.085      0.001     8.6153     95.775     38.381  36.182601     1.6201     11.174    80.9736 3.3346e+02     6.6761     -0.082     -0.119    22.1108 0.0000e+00
     -0.087      0.001     8.5876     94.780     38.254  36.061370     1.6231     11.176    81.1893 3.3463e+02     6.7084     -0.086     -0.124    22.1149 0.0000e+00
     -0.088      0.001     8.5248     93.820     38.219  36.027400     1.6042     11.178    81.2956 3.3514e+02     6.5794     -0.088     -0.128    22.1268 0.0000e+00
     -0.088      0.002     8.4425     92.874     38.219  36.025680     1.5830     11.180    81.3123 3.3526e+02     6.4825     -0.085     -0.125    22.1312 0.0000e+00
     -0.086      0.004     8.3508     91.993     38.104  35.913661     1.5911     11.181    81.2195 3.3553e+02     6.5275     -0.083     -0.121    22.1315 0.0000e+00
     -0.084      0.004     8.2635     91.235     38.002  35.815090     1.6278     11.182    81.1200 3.3575e+02     6.6451     -0.082     -0.119    22.1296 0.0000e+00
     -0.082      0.004     8.1826     90.574     38.042  35.849059     1.6263     11.183    81.1420 3.3563e+02     6.6749     -0.080     -0.117    22.1282 0.0000e+00
     -0.081      0.003     8.0981     89.984     38.079  35.880227     1.5899     11.185    81.2268 3.3553e+02     6.5809     -0.078     -0.114    22.1252 0.0000e+00
     -0.081      0.001     8.0184     89.424     38.010  35.811238     1.5793     11.188    81.2858 3.3577e+02     6.4986     -0.078     -0.114    22.1205 0.0000e+00
     -0.082      0.000     7.9563     88.860     37.910  35.712854     1.5978     11.189    81.3382 3.3605e+02     6.5332     -0.080     -0.117    22.1169 0.0000e+00
     -0.082      0.000     7.8983     88.316     37.839  35.642416     1.6310     11.190    81.3441 3.3610e+02     6.6578     -0.081     -0.117    22.1136 0.0000e+00
     -0.081     -0.001     7.8489     87.773     37.793  35.594071     1.6310     11.191    81.3571 3.3617e+02     6.6740     -0.079     -0.115    22.1081 0.0000e+00
     -0.081     -0.001     7.8042     87.203     37.776  35.572455     1.5891     11.193    81.4100 3.3657e+02     6.5576     -0.079     -0.115    22.1021 0.0000e+00
     -0.082     -0.001     7.7518     86.613     37.781  35.571399     1.5822     11.195    81.4679 3.3700e+02     6.5485     -0.080     -0.116    22.0966 0.0000e+00
     -0.082     -0.001     7.7074     86.028     37.798  35.581288     1.6146     11.196    81.5405 3.3710e+02     6.6327     -0.080     -0.117    22.0914 0.0000e+00
     -0.083     -0.001     7.6622     85.473     37.787  35.565123     1.6401     11.198    81.5125 3.3693e+02     6.6197     -0.081     -0.118    22.0857 0.0000e+00
     -0.083     -0.001     7.6122     84.941     37.727  35.502837     1.6317     11.199    81.4739 3.3683e+02     6.5609     -0.081     -0.118    22.0787 0.0000e+00
     -0.083      0.000     7.5622     84.414     37.690  35.462670     1.5964     11.199    81.5039 3.3675e+02     6.6051     -0.081     -0.118    22.0706 0.0000e+00
     -0.083      0.000     7.5100     83.914     37.693  35.460142     1.5966     11.200    81.6166 3.3650e+02     6.7109     -0.081     -0.118    22.0623 0.0000e+00
     -0.082      0.001     7.4642     83.481     37.712  35.472270     1.6176     11.201    81.7191 3.3631e+02     6.7128     -0.081     -0.117    22.0541 0.0000e+00
     -0.082      0.001     7.4190     83.054     37.729  35.482404     1.6168     11.202    81.7111 3.3624e+02     6.5934     -0.081     -0.117    22.0464 0.0000e+00
     -0.082      0.001     7.3744     82.552     37.706  35.455765     1.6112     11.204    81.7777 3.3618e+02     6.4974     -0.080     -0.117    22.0391 0.0000e+00
     -0.082      0.001     7.3281     82.057     37.656  35.403967     1.5912     11.205    81.9217 3.3618e+02     6.5428     -0.080     -0.117    22.0321 0.0000e+00
     -0.082      0.001     7.2934     81.627     37.619  35.363695     1.5839     11.206    81.9902 3.3625e+02     6.6639     -0.080     -0.116    22.0251 0.0000e+00
     -0.081      0.001     7.2640     81.232     37.609  35.349529     1.5970     11.207    82.0028 3.3618e+02     6.6292     -0.080     -0.116    22.0180 0.0000e+00
     -0.081      0.001     7.2137     80.846     37.624  35.359567     1.6004     11.208    82.0740 3.3603e+02     6.4653     -0.080     -0.115    22.0109 0.0000e+00
     -0.081      0.000     7.1702     80.435     37.628  35.358164     1.6002     11.208    82.0772 3.3594e+02     6.3900     -0.079     -0.114    22.0044 0.0000e+00
     -0.081 1.8936e-08     7.1362     80.021     37.606  35.332555     1.6035     11.209    82.0412 3.3606e+02     6.4693     -0.079     -0.115    21.9980 0.0000e+00
     -0.081 2.0829e-07     7.1016     79.664     37.581  35.303730     1.6145     11.210    82.1554 3.3636e+02     6.6046     -0.079     -0.115    21.9914 0.0000e+00
     -0.081 2.4216e-07     7.0715     79.357     37.542  35.263425     1.6087     11.211    82.2537 3.3661e+02     6.5913     -0.079     -0.115    21.9849 0.0000e+00
     -0.081 4.2844e-07     7.0355     79.050     37.507  35.225910     1.5822     11.212    82.1966 3.3681e+02     6.4788     -0.079     -0.115    21.9778 0.0000e+00
     -0.081      0.000     6.9969     78.730     37.517  35.230817     1.5698     11.214    82.1536 3.3684e+02     6.4407     -0.080     -0.116    21.9712 0.0000e+00
     -0.081      0.000     6.9672     78.414     37.552  35.259299     1.5917     11.216    82.2497 3.3698e+02     6.5063     -0.080     -0.116    21.9652 0.0000e+00
     -0.081      0.001     6.9440     78.144     37.550  35.253042     1.6307     11.216    82.3261 3.3748e+02     6.6228     -0.079     -0.115    21.9590 0.0000e+00
     -0.081      0.001     6.9171     77.902     37.518  35.218609     1.6334     11.217    82.3028 3.3782e+02     6.6201     -0.079     -0.115    21.9531 0.0000e+00
     -0.081      0.001     6.8905     77.626     37.460  35.160207     1.5996     11.219    82.3118 3.3789e+02     6.5066     -0.079     -0.115    21.9472 0.0000e+00
     -0.080      0.001     6.8611     77.346     37.420  35.117924     1.5969     11.220    82.3490 3.3788e+02     6.5156     -0.079     -0.114    21.9408 0.0000e+00
     -0.080      0.001     6.8381     77.081     37.460  35.151498     1.6249     11.221    82.4089 3.3795e+02     6.6599     -0.078     -0.113    21.9347 0.0000e+00
     -0.080      0.001     6.8230     76.816     37.500  35.185458     1.6394     11.223    82.5196 3.3827e+02     6.7482     -0.079     -0.114    21.9294 0.0000e+00
     -0.080      0.000     6.7952     76.574     37.465  35.147838     1.6299     11.225    82.5696 3.3857e+02     6.6947     -0.078     -0.113    21.9246 0.0000e+00
     -0.079      0.000     6.7714     76.344     37.394  35.077317     1.6102     11.226    82.5829 3.3856e+02     6.6287     -0.078     -0.113    21.9195 0.0000e+00
     -0.079      0.000     6.7509     76.116     37.348  35.030712     1.6175     11.229    82.5941 3.3834e+02     6.6675     -0.077     -0.112    21.9143 0.0000e+00
     -0.080      0.001     6.7255     75.900     37.350  35.028462     1.6355     11.230    82.6192 3.3836e+02     6.7195     -0.078     -0.113    21.9084 0.0000e+00
     -0.080      0.001     6.7072     75.699     37.377  35.050109     1.6365     11.230    82.7143 3.3871e+02     6.7449     -0.079     -0.114    21.9026 0.0000e+00
     -0.080      0.002     6.6874     75.510     37.369  35.038661     1.6213     11.231    82.7978 3.3908e+02     6.7020     -0.078     -0.114    21.8977 0.0000e+00
     -0.079      0.002     6.6675     75.322     37.349  35.016929     1.6009     11.232    82.8539 3.3932e+02     6.6449     -0.077     -0.113    21.8930 0.0000e+00
     -0.078      0.002     6.6496     75.147     37.379  35.041132     1.6059     11.233    82.8773 3.3940e+02     6.7026     -0.076     -0.111    21.8882 0.0000e+00
     -0.076      0.002     6.6319     74.972     37.421  35.077505     1.6155     11.233    82.9083 3.3940e+02     6.6826     -0.075     -0.109    21.8829 0.0000e+00
     -0.076      0.002     6.6178     74.782     37.423  35.076021     1.6006     11.234    83.0558 3.3958e+02     6.6086     -0.074     -0.108    21.8776 0.0000e+00
     -0.076      0.002     6.5999     74.619     37.370  35.023182     1.5841     11.236    83.1983 3.4030e+02     6.6613     -0.075     -0.109    21.8727 0.0000e+00
     -0.076      0.002     6.5862     74.488     37.291  34.946202     1.5906     11.236    83.2553 3.4086e+02     6.7735     -0.075     -0.109    21.8679 0.0000e+00
     -0.075      0.002     6.5731     74.363     37.252  34.906632     1.6129     11.237    83.3138 3.4041e+02     6.9066     -0.074     -0.106    21.8630 0.0000e+00
     -0.074      0.003     6.5538     74.228     37.275  34.925413     1.6204     11.239    83.3035 3.3997e+02     6.9036     -0.073     -0.105    21.8584 0.0000e+00
     -0.074      0.004     6.5406     74.084     37.273  34.919490     1.6064     11.240    83.2173 3.4046e+02     6.7038     -0.072     -0.105    21.8545 0.0000e+00
     -0.073      0.004     6.5307     73.942     37.186  34.835016     1.5935     11.242    83.2179 3.4084e+02     6.5395     -0.071     -0.103    21.8510 0.0000e+00
     -0.072      0.003     6.5205     73.799     37.142  34.792296     1.5971     11.242    83.3106 3.3924e+02     6.5573     -0.072     -0.104    21.8470 0.0000e+00
     -0.070      0.002     6.5095     73.644     37.270  34.910531     1.6172     11.243    83.3918 3.2430e+02     6.6456     -0.069     -0.101    21.8424 0.0000e+00
     -0.068      0.001     6.4968     73.497     37.430  35.059091     1.6203     11.244    83.4253 3.0676e+02     6.6164     -0.066     -0.096    21.8378 0.0000e+00
     -0.067      0.000     6.4847     73.387     37.370  35.002356     1.5921     11.247    83.4587 3.1374e+02     6.5112     -0.065     -0.094    21.8337 0.0000e+00
     -0.069 -3.860e-09     6.4736     73.353     37.148  34.795570     1.5761     11.251    83.5363 3.2831e+02     6.4673     -0.068     -0.098    21.8310 0.0000e+00
     -0.073 -4.246e-08     6.4592     73.451     36.993  34.652604     1.5936     11.254    83.5895 3.3201e+02     6.5299     -0.072     -0.105    21.8295 0.0000e+00
     -0.073 -4.671e-07     6.4455     73.636     36.939  34.606146     1.6287     11.255    83.5857 3.3236e+02     6.6185     -0.073     -0.105    21.8268 0.0000e+00
     -0.072      0.000     6.4359     73.751     36.944  34.614536     1.6348     11.256    83.4897 3.3549e+02     6.5829     -0.071     -0.102    21.8254 0.0000e+00
     -0.069      0.000     6.4288     73.700     37.024  34.690610     1.6003     11.258    83.3761 3.3772e+02     6.5092     -0.068     -0.098    21.8272 0.0000e+00
     -0.068     -0.001     6.4386     73.564     37.173  34.828035     1.5946     11.260    83.4161 3.3762e+02     6.5476     -0.066     -0.094    21.8309 0.0000e+00
     -0.068     -0.002     6.4603     73.460     37.232  34.880300     1.6241     11.261    83.5431 3.4060e+02     6.6369     -0.065     -0.095    21.8373 0.0000e+00
     -0.072     -0.003     6.4743     73.440     37.096  34.751529     1.6415     11.262    83.6210 3.4048e+02     6.6664     -0.070     -0.101    21.8439 0.0000e+00
     -0.076     -0.003     6.4648     73.510     36.938  34.603439     1.6304     11.264    83.5836 3.3720e+02     6.5972     -0.074     -0.109    21.8453 0.0000e+00
     -0.076     -0.003     6.4490     73.585     36.948  34.612472     1.5977     11.266    83.5209 3.3193e+02     6.5514     -0.076     -0.110    21.8402 0.0000e+00
     -0.074     -0.002     6.4404     73.604     37.082  34.733855     1.5956     11.269    83.5518 3.2077e+02     6.6254     -0.072     -0.104    21.8362 0.0000e+00
     -0.072      0.000     6.4364     73.595     37.161  34.802144     1.6126     11.272    83.6130 3.1168e+02     6.6369     -0.069     -0.100    21.8349 0.0000e+00
     -0.072      0.001     6.4473     73.631     37.101  34.740238     1.6130     11.273    83.6593 3.0993e+02     6.5209     -0.070     -0.102    21.8363 0.0000e+00
     -0.074      0.000     6.4557     73.733     36.983  34.619805     1.6077     11.276    83.6804 3.1083e+02     6.4521     -0.073     -0.106    21.8369 0.0000e+00
     -0.075     -0.002     6.4573     73.817     36.927  34.551457     1.5901     11.278    83.6102 3.1198e+02     6.4545     -0.075     -0.108    21.8287 0.0000e+00
     -0.073     -0.005     6.4545     73.810     37.082  34.675178     1.5829     11.280    83.4995 3.1787e+02     6.5154     -0.073     -0.104    21.8200 0.0000e+00
     -0.072     -0.006     6.4568     73.745     37.827  35.354319     1.5713     11.282    83.4601 3.2777e+02     6.5724     -0.070     -0.101    21.8148 0.0000e+00
     -0.075     -0.006     6.4712     73.925     39.097  36.544892     1.5418     11.284    83.5641 3.3323e+02     6.5297     -0.072     -0.104    21.8036 0.0000e+00
     -0.080     -0.005     6.4848     75.556     40.023  37.458888     1.5343     11.285    83.7249 3.3432e+02     6.4778     -0.078     -0.114    21.7810 0.0000e+00
     -0.085     -0.005     6.4855     80.412     40.265  37.775953     1.5635     11.285    83.7693 3.3445e+02     6.5257     -0.085     -0.123    21.7484 0.0000e+00
     -0.085     -0.005     6.4816     88.807     40.234  37.840434     1.6113     11.284    83.7564 3.3349e+02     6.6307     -0.084     -0.122    21.7206 0.0000e+00
     -0.082     -0.004     6.4665     99.029     40.180  37.857928     1.6212     11.284    83.7410 3.3285e+02     6.6192     -0.079     -0.115    21.7091 0.0000e+00
     -0.080     -0.002     6.5217    109.038     40.137  37.860657     1.5918     11.284    83.7550 3.3337e+02     6.5240     -0.077     -0.112    21.7652 0.0000e+00
     -0.083     -0.000     6.9151    117.671     40.122  37.873488     1.5806     11.285    83.8396 3.3435e+02     6.4704     -0.081     -0.118    21.9052 0.0000e+00
     -0.086      0.000     7.7034    124.352     40.117  37.886189     1.6016     11.286    83.9037 3.3473e+02     6.4837     -0.085     -0.124    22.0353 0.0000e+00
     -0.087      0.000     8.6544    128.669     40.107  37.887343     1.6303     11.288    84.0133 3.3417e+02     6.5821     -0.086     -0.125    22.1159 0.0000e+00
     -0.085      0.001     9.5474    130.548     40.099  37.887446     1.6274     11.288    84.1322 3.3357e+02     6.6348     -0.084     -0.120    22.1664 0.0000e+00
     -0.083      0.002    10.3053    130.343     40.094  37.887444     1.6002     11.290    84.0512 3.3367e+02     6.6428     -0.081     -0.118    22.1974 0.0000e+00
     -0.081      0.002    10.9013    128.772     40.089  37.887333     1.5923     11.292    83.9804 3.3401e+02     6.6447     -0.080     -0.117    22.2174 0.0000e+00
     -0.081      0.001    11.2749    126.617     40.084  37.886099     1.6066     11.293    84.0506 3.3424e+02     6.6235     -0.080     -0.116    22.2285 0.0000e+00
     -0.082     -0.002    11.4272    124.452     40.066  37.872539     1.6238     11.294    84.0393 3.3427e+02     6.6939     -0.080     -0.117    22.2366 0.0000e+00
     -0.083     -0.004    11.3834    122.625     40.041  37.850297     1.6007     11.295    84.0162 3.3417e+02     6.7107     -0.081     -0.118    22.2434 0.0000e+00
