Data/DataNotYetUploadedToEDI/Raw_CTD/RawDownloads/092324_fcr50_S7809001.cnv
* Sea-Bird SBE19plus  Data File:
* FileName = C:\R\Reservoirs\Data\DataNotYetUploadedToEDI\Raw_CTD\RawDownloads\092324_fcr50_S7809_0001.hex
* Software version 2.8.0.119
* Temperature SN = 7809
* Conductivity SN = 7809
* System UpLoad Time = Sep 23 2024 17:09:44
* <ApplicationData>
* <Seaterm232>
# nquan = 15
# nvalues = 1150                        
# units = specified
# name 0 = depFM: Depth [fresh water, m]
# name 1 = dz/dtM: Descent Rate [m/s]
# name 2 = sbeox0Mg/L: Oxygen, SBE 43 [mg/l]
# name 3 = sbeox0PS: Oxygen, SBE 43 [% saturation]
# name 4 = specc: Specific Conductance [uS/cm]
# name 5 = c0uS/cm: Conductivity [uS/cm]
# name 6 = flECO-AFL: Fluorescence, WET Labs ECO-AFL/FL [mg/m^3]
# name 7 = ph: pH
# name 8 = orp: Oxidation Reduction Potential [mV]
# name 9 = par/sat/log: PAR/Logarithmic, Satlantic
# name 10 = turbWETntu0: Turbidity, WET Labs ECO [NTU]
# name 11 = prdM: Pressure, Strain Gauge [db]
# name 12 = prdE: Pressure, Strain Gauge [psi]
# name 13 = tv290C: Temperature [ITS-90, deg C]
# name 14 = flag:  0.000e+00
# span 0 =     -0.665,      6.146       
# span 1 =     -0.240,      0.246       
# span 2 =     0.1774,     9.1304       
# span 3 =      1.861,    104.827       
# span 4 =      0.746,     70.057       
# span 5 =   0.692588,  57.422872       
# span 6 =    -0.0774,    69.4322       
# span 7 =      3.935,      7.978       
# span 8 =  -856.4472,   244.1051       
# span 9 = 1.2354e-01, 1.0666e+02       
# span 10 =     0.9301,   134.3907      
# span 11 =     -0.653,      6.037      
# span 12 =     -0.948,      8.755      
# span 13 =    13.3714,    24.7877      
# span 14 = 0.0000e+00, 0.0000e+00      
# interval = seconds: 0.25
# start_time = Sep 23 2024 13:08:18 [Instrument's time stamp, header]
# bad_flag = -9.990e-29
*END*
[from data line 386]
      2.415      0.031     6.0399     68.880     43.244  39.965362     6.9327      7.961   203.1312 6.9587e+00     4.4560      2.368      3.435    21.1620 0.0000e+00
      2.423      0.037     6.0426     69.240     43.221  39.941548     6.9591      7.959   203.7659 6.9102e+00     4.5303      2.377      3.447    21.1770 0.0000e+00
      2.432      0.042     6.0588     69.511     43.229  39.932954     7.0651      7.959   203.2983 6.8337e+00     4.6596      2.384      3.455    21.1935 0.0000e+00
      2.444      0.047     6.0808     69.570     43.250  39.924891     7.2321      7.958   202.0368 6.7111e+00     4.7556      2.394      3.471    21.2009 0.0000e+00
      2.459      0.053     6.1155     69.311     43.265  39.907479     7.3145      7.955   201.6777 6.6015e+00     4.7345      2.412      3.499    21.2045 0.0000e+00
      2.474      0.058     6.1484     68.659     43.310  39.912773     7.3290      7.953   202.3977 6.5198e+00     4.7126      2.428      3.521    21.2087 0.0000e+00
      2.487      0.063     6.1801     67.583     43.364  39.925385     7.4484      7.952   203.2564 6.4347e+00     4.6954      2.439      3.537    21.1887 0.0000e+00
      2.502      0.065     6.1929     66.108     43.412  39.932996     7.6434      7.950   203.2848 6.3229e+00     4.5947      2.452      3.557    21.1501 0.0000e+00
      2.522      0.066     6.1759     64.290     43.459  39.941283     7.7309      7.949   202.6550 6.1918e+00     4.4852      2.473      3.586    21.1176 0.0000e+00
      2.542      0.068     6.1253     62.230     43.510  39.962079     7.7236      7.947   202.4390 6.0868e+00     4.4304      2.494      3.617    21.0738 0.0000e+00
      2.559      0.070     6.0323     60.035     43.568  39.994014     7.7127      7.943   202.8230 6.0141e+00     4.4789      2.510      3.641    21.0286 0.0000e+00
      2.574      0.070     5.9055     57.812     43.619  40.010059     7.6998      7.941   203.3404 5.9327e+00     4.5592      2.524      3.661    20.9895 0.0000e+00
      2.591      0.067     5.7437     55.614     43.685  40.029105     7.6845      7.939   203.6194 5.8218e+00     4.5819      2.540      3.685    20.9421 0.0000e+00
      2.611      0.063     5.5611     53.433     43.734  40.033855     7.6688      7.937   203.5291 5.7079e+00     4.5478      2.562      3.716    20.9143 0.0000e+00
      2.630      0.060     5.3618     51.268     43.734  40.003970     7.6428      7.937   203.2811 5.6295e+00     4.4548      2.582      3.744    20.9012 0.0000e+00
      2.645      0.055     5.1650     49.129     43.737  39.985042     7.5123      7.937   203.2019 5.5869e+00     4.4827      2.596      3.765    20.8642 0.0000e+00
      2.656      0.051     4.9763     47.109     43.761  39.995362     7.2979      7.937   203.2603 5.5332e+00     4.6799      2.604      3.777    20.8085 0.0000e+00
      2.667      0.047     4.7835     45.297     43.765  40.001804     7.1887      7.937   203.8142 5.4486e+00     4.7897      2.614      3.791    20.7602 0.0000e+00
      2.678      0.046     4.5953     43.751     43.745  39.999470     7.1737      7.937   204.6507 5.3751e+00     4.7503      2.626      3.809    20.7284 0.0000e+00
      2.689      0.047     4.4007     42.600     43.772  40.030634     7.1173      7.937   204.8572 5.3175e+00     4.6825      2.636      3.823    20.7020 0.0000e+00
      2.701      0.050     4.2174     41.930     43.835  40.061292     7.0310      7.937   204.5031 5.2565e+00     4.6866      2.648      3.841    20.6863 0.0000e+00
      2.714      0.052     4.0559     41.660     43.877  40.052798     6.9961      7.936   203.9836 5.1829e+00     4.7661      2.661      3.860    20.6887 0.0000e+00
      2.729      0.054     3.9082     41.461     43.916  40.054802     7.0041      7.934   203.8241 5.0917e+00     4.7898      2.675      3.880    20.7157 0.0000e+00
      2.744      0.056     3.8006     40.914     43.971  40.085470     7.0768      7.930   204.8119 5.0116e+00     4.7685      2.691      3.903    20.7405 0.0000e+00
      2.758      0.057     3.7448     39.910     44.024  40.106256     7.2178      7.927   206.2041 4.9541e+00     4.8157      2.705      3.923    20.7005 0.0000e+00
      2.772      0.056     3.7366     38.660     44.086  40.115709     7.3106      7.925   206.4616 4.8892e+00     4.9166      2.717      3.940    20.6274 0.0000e+00
      2.787      0.055     3.7397     37.250     44.170  40.136232     7.3412      7.923   205.8598 4.7965e+00     4.9978      2.732      3.962    20.5891 0.0000e+00
      2.802      0.054     3.6949     35.527     44.257  40.163933     7.3301      7.922   205.3806 4.7047e+00     4.9778      2.750      3.988    20.5808 0.0000e+00
      2.816      0.055     3.5941     33.387     44.346  40.196713     7.2849      7.918   206.0879 4.6343e+00     4.8802      2.764      4.008    20.5567 0.0000e+00
      2.827      0.055     3.4825     31.006     44.410  40.215187     7.2607      7.914   207.6143 4.5831e+00     4.8426      2.773      4.021    20.4957 0.0000e+00
      2.839      0.054     3.3685     28.697     44.411  40.196858     7.2870      7.912   208.2630 4.5306e+00     4.9328      2.781      4.034    20.4235 0.0000e+00
      2.854      0.053     3.2218     26.545     44.386  40.165464     7.5030      7.910   207.9087 4.4401e+00     5.1163      2.796      4.056    20.3704 0.0000e+00
      2.873      0.050     3.0263     24.468     44.385  40.152904     7.8581      7.909   207.2885 4.3482e+00     5.2167      2.818      4.087    20.3163 0.0000e+00
      2.888      0.047     2.7982     22.476     44.421  40.171923     8.0342      7.906   207.4752 4.2967e+00     5.1561      2.834      4.111    20.2582 0.0000e+00
      2.897      0.042     2.5901     20.779     44.482  40.205007     8.0513      7.904   208.5322 4.2589e+00     5.1013      2.842      4.122    20.2479 0.0000e+00
      2.904      0.037     2.4002     19.675     44.550  40.235568     8.0646      7.904   209.3123 4.2179e+00     5.1008      2.848      4.131    20.2457 0.0000e+00
      2.912      0.032     2.2132     19.233     44.629  40.287538     8.1117      7.904   209.5082 4.1833e+00     5.1838      2.856      4.142    20.2254 0.0000e+00
      2.919      0.032     2.0272     19.254     44.748  40.389092     8.1883      7.903   209.4382 4.1577e+00     5.3536      2.863      4.152    20.2174 0.0000e+00
      2.925      0.036     1.8600     19.489     44.912  40.511482     8.2244      7.900   209.4127 4.1358e+00     5.4120      2.868      4.161    20.1931 0.0000e+00
      2.933      0.041     1.7605     19.731     45.041  40.561487     8.3074      7.897   209.5443 4.1090e+00     5.3767      2.875      4.170    20.1462 0.0000e+00
      2.944      0.046     1.7295     19.678     45.116  40.549361     9.2589      7.895   209.8242 4.0549e+00     5.5080      2.885      4.185    20.1199 0.0000e+00
      2.959      0.048     1.7404     19.008     45.186  40.555147    10.9974      7.892   210.2161 3.9688e+00     5.8034      2.900      4.207    20.1332 0.0000e+00
      2.977      0.048     1.7658     17.599     45.236  40.567898    11.9488      7.889   210.4975 3.8888e+00     5.9429      2.919      4.234    20.1195 0.0000e+00
      2.992      0.043     1.8011     15.579     45.266  40.576561    12.0977      7.888   210.1281 3.8473e+00     5.8954      2.937      4.259    20.0271 0.0000e+00
      3.003      0.036     1.8140     13.346     45.299  40.596409    12.8810      7.886   209.4500 3.8326e+00     5.9132      2.946      4.273    19.9220 0.0000e+00
      3.008      0.028     1.7570     11.331     45.328  40.617467    14.3206      7.884   209.3537 3.8214e+00     6.0560      2.951      4.280    19.8614 0.0000e+00
      3.011      0.024     1.6276      9.733     45.355  40.640766    15.1380      7.883   209.8246 3.8138e+00     6.1869      2.954      4.284    19.8308 0.0000e+00
      3.013      0.025     1.4288      8.575     45.410  40.687714    15.4566      7.880   210.5835 3.8048e+00     6.1976      2.955      4.286    19.8122 0.0000e+00
      3.017      0.031     1.2083      7.828     45.486  40.740850    18.1553      7.875   210.5277 3.7875e+00     6.2871      2.957      4.290    19.8016 0.0000e+00
      3.024      0.041     1.0202      7.450     45.556  40.775498    23.1153      7.867   209.7524 3.7603e+00     6.5525      2.963      4.298    19.7989 0.0000e+00
      3.036      0.051     0.8738      7.335     45.596  40.789263    25.8964      7.861   209.8134 3.7040e+00     6.7767      2.975      4.314    19.7961 0.0000e+00
      3.053      0.056     0.7701      7.306     45.598  40.780321    26.8706      7.857   210.3193 3.6152e+00     6.9481      2.992      4.340    19.8002 0.0000e+00
      3.075      0.057     0.7023      7.270     45.629  40.794303    34.6860      7.853   210.8784 3.5256e+00     7.4975      3.016      4.374    19.7903 0.0000e+00
      3.095      0.052     0.6716      7.257     45.693  40.831358    48.9630      7.849   211.5832 3.4696e+00     8.3983      3.038      4.406    19.7413 0.0000e+00
      3.108      0.043     0.6686      7.282     45.733  40.847538    56.7508      7.846   211.1830 3.4432e+00     8.8902      3.050      4.424    19.7167 0.0000e+00
      3.114      0.033     0.6700      7.310     45.767  40.862973    57.4774      7.841   209.8260 3.4197e+00     8.9698      3.054      4.430    19.7181 0.0000e+00
      3.117      0.024     0.6635      7.336     45.810  40.891036    57.6901      7.836   209.2855 3.3953e+00     9.0185      3.056      4.432    19.6988 0.0000e+00
      3.120      0.019     0.6619      7.372     45.864  40.932965    59.1558      7.832   209.8102 3.3882e+00     9.1039      3.059      4.437    19.6752 0.0000e+00
      3.124      0.018     0.6674      7.406     45.931  40.989128    61.8241      7.829   210.5783 3.3829e+00     9.2849      3.063      4.443    19.6518 0.0000e+00
      3.128      0.020     0.6693      7.405     46.026  41.062362    63.2931      7.826   210.4843 3.3559e+00     9.3964      3.067      4.449    19.6366 0.0000e+00
      3.133      0.022     0.6714      7.322     46.121  41.120283    63.5667      7.822   209.5342 3.3292e+00     9.3928      3.073      4.457    19.6250 0.0000e+00
      3.139      0.024     0.6754      7.161     46.154  41.118208    65.1073      7.820   209.0712 3.3123e+00     9.3108      3.077      4.463    19.6169 0.0000e+00
      3.146      0.024     0.6791      6.950     46.148  41.100702    67.8874      7.818   209.3602 3.2958e+00     9.1214      3.084      4.473    19.6194 0.0000e+00
      3.156      0.023     0.6816      6.682     46.139  41.099007    69.3733      7.815   209.8447 3.2807e+00     8.9822      3.095      4.490    19.6107 0.0000e+00
      3.163      0.020     0.6744      6.355     46.137  41.097719    69.4322      7.812   210.1968 3.2670e+00     8.9602      3.103      4.500    19.5785 0.0000e+00
      3.166      0.016     0.6576      6.018     46.134  41.085128    68.7488      7.809   210.3488 3.2548e+00     8.8888      3.105      4.503    19.5286 0.0000e+00
      3.169      0.012     0.6403      5.767     46.137  41.073693    67.4700      7.807   210.3055 3.2526e+00     8.7328      3.108      4.507    19.5163 0.0000e+00
      3.171      0.009     0.6150      5.635     46.167  41.086368    66.7710      7.804   210.1893 3.2533e+00     8.5783      3.110      4.510    19.5399 0.0000e+00
      3.172      0.007     0.5844      5.585     46.203  41.111434    66.7234      7.801   210.1489 3.2429e+00     8.4549      3.110      4.510    19.5383 0.0000e+00
      3.173      0.007     0.5487      5.591     46.206  41.122879    66.9938      7.799   210.6772 3.2299e+00     8.4707      3.112      4.512    19.5233 0.0000e+00
      3.174      0.008     0.5246      5.639     46.154  41.097828    67.5184      7.797   211.4147 3.2213e+00     8.6326      3.113      4.515    19.5102 0.0000e+00
      3.177      0.010     0.5158      5.734     46.090  41.062438    67.8142      7.794   211.3223 3.2201e+00     8.7730      3.116      4.519    19.4898 0.0000e+00
      3.179      0.013     0.5109      5.893     46.095  41.075814    67.8410      7.792   210.9368 3.2117e+00     8.7674      3.118      4.522    19.4786 0.0000e+00
      3.181      0.015     0.5126      6.137     46.149  41.132639    67.5757      7.791   210.7982 3.1769e+00     8.7357      3.119      4.524    19.4895 0.0000e+00
      3.186      0.018     0.5161      6.533     46.239  41.241771    67.0614      7.788   211.2811 3.1410e+00     8.8338      3.124      4.530    19.5171 0.0000e+00
      3.192      0.022     0.5237      7.108     46.441  41.443355    66.7913      7.785   212.3008 3.1215e+00     8.9284      3.131      4.540    19.5503 0.0000e+00
      3.197      0.026     0.5384      7.737     46.651  41.602514    66.7644      7.784   212.6301 3.1063e+00     8.9914      3.137      4.549    19.5538 0.0000e+00
      3.202      0.029     0.5583      8.234     46.770  41.642881    66.5615      7.783   212.3380 3.0768e+00     9.0159      3.140      4.554    19.5444 0.0000e+00
      3.211      0.031     0.5908      8.449     46.875  41.677462    64.2720      7.780   211.8656 3.0367e+00     8.8829      3.147      4.565    19.5901 0.0000e+00
      3.222      0.033     0.6491      8.266     46.953  41.703202    60.0819      7.778   211.9952 3.0110e+00     8.7150      3.161      4.585    19.6435 0.0000e+00
      3.231      0.033     0.7138      7.701     46.989  41.700174    57.7814      7.777   213.1303 2.9869e+00     8.6594      3.170      4.597    19.6012 0.0000e+00
      3.239      0.031     0.7646      6.871     47.024  41.704278    57.3397      7.775   213.7172 2.9555e+00     8.6891      3.175      4.606    19.5049 0.0000e+00
      3.249      0.028     0.7909      5.899     47.028  41.689321    54.6246      7.773   213.5843 2.9342e+00     8.5621      3.187      4.621    19.4456 0.0000e+00
      3.256      0.026     0.7736      4.924     46.987  41.646236    49.6400      7.771   213.2450 2.9223e+00     8.2164      3.196      4.634    19.4038 0.0000e+00
      3.261      0.026     0.7168      4.087     47.029  41.691081    46.8755      7.767   213.0557 2.9119e+00     7.9930      3.198      4.638    19.3636 0.0000e+00
      3.265      0.029     0.6380      3.506     47.417  42.041137    46.3518      7.764   213.7046 2.9002e+00     7.9457      3.200      4.642    19.3378 0.0000e+00
      3.270      0.035     0.5438      3.216     48.130  42.641790    43.4083      7.761   214.3802 2.8807e+00     7.8152      3.206      4.649    19.3134 0.0000e+00
      3.278      0.040     0.4493      3.133     48.693  43.050698    38.0444      7.758   214.4274 2.8414e+00     7.5768      3.213      4.660    19.3054 0.0000e+00
      3.290      0.044     0.3683      3.166     48.894  43.113317    35.1145      7.755   214.1885 2.7849e+00     7.3867      3.223      4.675    19.3181 0.0000e+00
      3.306      0.045     0.3118      3.214     48.952  43.081395    34.8262      7.750   214.0733 2.7168e+00     7.2919      3.241      4.701    19.3383 0.0000e+00
      3.324      0.042     0.2905      3.148     48.942  43.045458    34.5924      7.745   214.3246 2.6612e+00     7.1819      3.262      4.732    19.3232 0.0000e+00
      3.336      0.036     0.2857      2.959     48.863  42.996137    34.2103      7.742   214.7327 2.6454e+00     7.0142      3.274      4.750    19.2136 0.0000e+00
      3.341      0.029     0.2914      2.708     48.803  42.992870    34.0008      7.740   214.9634 2.6454e+00     6.9379      3.276      4.752    19.0669 0.0000e+00
      3.344      0.021     0.3041      2.438     48.834  43.069496    33.9653      7.738   215.0494 2.6419e+00     6.9078      3.279      4.756    18.9759 0.0000e+00
      3.348      0.016     0.2965      2.199     48.990  43.224483    33.8316      7.736   214.7395 2.6356e+00     6.8212      3.283      4.762    18.9545 0.0000e+00
