Data/DataNotYetUploadedToEDI/Raw_CTD/RawDownloads/092324_bvr50_S8188001.cnv
* Sea-Bird SBE19plus  Data File:
* FileName = C:\R\Reservoirs\Data\DataNotYetUploadedToEDI\Raw_CTD\RawDownloads\092324_bvr50_S8188_0001.hex
* Software version 2.8.0.119
* Temperature SN = 8188
* Conductivity SN = 8188
* System UpLoad Time = Sep 23 2024 17:48:44
* <ApplicationData>
* <Seaterm232>
# nquan = 16
# nvalues = 2061                        
# units = specified
# name 0 = depFM: Depth [fresh water, m]
# name 1 = dz/dtM: Descent Rate [m/s]
# name 2 = sbeox0Mg/L: Oxygen, SBE 43 [mg/l]
# name 3 = sbeox0PS: Oxygen, SBE 43 [% saturation]
# name 4 = specc: Specific Conductance [uS/cm]
# name 5 = c0uS/cm: Conductivity [uS/cm]
# name 6 = wetCDOM: Fluorescence, WET Labs CDOM [mg/m^3]
# name 7 = flECO-AFL: Fluorescence, WET Labs ECO-AFL/FL [mg/m^3]
# name 8 = flECO-AFL1: Fluorescence, WET Labs ECO-AFL/FL, 2 [mg/m^3]
# name 9 = flECO-AFL2: Fluorescence, WET Labs ECO-AFL/FL, 3 [mg/m^3]
# name 10 = par/sat/log: PAR/Logarithmic, Satlantic
# name 11 = turbWETntu0: Turbidity, WET Labs ECO [NTU]
# name 12 = prdM: Pressure, Strain Gauge [db]
# name 13 = prdE: Pressure, Strain Gauge [psi]
# name 14 = tv290C: Temperature [ITS-90, deg C]
# name 15 = flag:  0.000e+00
# span 0 =     -0.746,      9.071       
# span 1 =     -0.246,      0.166       
# span 2 =    -0.3871,    10.7102       
# span 3 =     -4.230,    123.627       
# span 4 =      1.233,    214.993       
# span 5 =   1.125302, 152.007781       
# span 6 =    -4.5000,    85.0500       
# span 7 =    -0.2846,    70.7271       
# span 8 =    -2.1300,     0.4686       
# span 9 =    -2.0304,    11.6748       
# span 10 = 1.1587e-01, 1.7586e+02      
# span 11 =    -1.1102,    46.8679      
# span 12 =     -0.731,      8.896      
# span 13 =     -1.061,     12.902      
# span 14 =    10.3485,    22.5054      
# span 15 = 0.0000e+00, 0.0000e+00      
# interval = seconds: 0.25
# start_time = Sep 23 2024 11:06:13 [Instrument's time stamp, header]
# bad_flag = -9.990e-29
*END*
[from data line 814]
     -0.091      0.001     8.5667     98.657     29.133  27.676156    22.0500     2.5383     0.0852     1.0575 1.1885e+02     1.9715     -0.089     -0.129    22.4949 0.0000e+00
     -0.091      0.001     8.5627     98.625     29.154  27.696271    22.0500     2.5612     0.0852     1.0575 1.1870e+02     1.8809     -0.089     -0.129    22.4942 0.0000e+00
     -0.090      0.002     8.5558     98.604     29.186  27.727863    22.0500     2.5689     0.0852     1.0575 1.1808e+02     2.0018     -0.088     -0.128    22.4935 0.0000e+00
     -0.090      0.002     8.5488     98.580     29.217  27.757451    22.0500     2.5612     0.0852     1.0575 1.1793e+02     2.0169     -0.088     -0.128    22.4933 0.0000e+00
     -0.089      0.002     8.5437     98.555     29.234  27.773012    22.0500     2.3095     0.0852     1.1844 1.1757e+02     1.8809     -0.087     -0.127    22.4939 0.0000e+00
     -0.089      0.002     8.5408     98.548     29.243  27.780687    22.0500     2.3095     0.0852     1.1844 1.1762e+02     1.8809     -0.087     -0.126    22.4951 0.0000e+00
     -0.088      0.002     8.5388     98.563     29.239  27.776549    22.0500     2.3133     0.0852     1.1844 1.1793e+02     1.9262     -0.086     -0.126    22.4960 0.0000e+00
     -0.088      0.002     8.5367     98.586     29.221  27.759493    22.0500     2.3018     0.0852     1.1844 1.1813e+02     1.8356     -0.086     -0.125    22.4960 0.0000e+00
     -0.087      0.002     8.5347     98.613     29.205  27.744886    22.1400     2.3095     0.0852     1.1844 1.1854e+02     1.8960     -0.086     -0.124    22.4952 0.0000e+00
     -0.087      0.002     8.5342     98.642     29.198  27.738789    22.1400     2.3018     0.0852     1.1844 1.1808e+02     2.0018     -0.085     -0.124    22.4944 0.0000e+00
     -0.086      0.002     8.5355     98.657     29.199  27.739575    22.1400     2.3095     0.0852     1.1844 1.1785e+02     1.9715     -0.085     -0.123    22.4939 0.0000e+00
     -0.086      0.002     8.5375     98.640     29.211  27.751436    22.1400     2.2942     0.0852     1.1844 1.1726e+02     1.9262     -0.084     -0.122    22.4941 0.0000e+00
     -0.085      0.001     8.5398     98.597     29.226  27.765589    22.0500     2.3095     0.0852     1.0575 1.1875e+02     1.8960     -0.084     -0.122    22.4947 0.0000e+00
     -0.085      0.001     8.5422     98.541     29.243  27.781824    22.0500     2.3133     0.0852     1.0575 1.1719e+02     1.9262     -0.083     -0.121    22.4955 0.0000e+00
     -0.085      0.001     8.5433     98.486     29.265  27.802479    22.0500     2.3095     0.0852     1.0575 1.1724e+02     1.9866     -0.083     -0.121    22.4962 0.0000e+00
     -0.084      0.001     8.5419     98.435     29.276  27.813149    22.0500     2.3018     0.0852     1.0575 1.1742e+02     1.9262     -0.083     -0.120    22.4965 0.0000e+00
     -0.084      0.001     8.5381     98.393     29.274  27.810706    22.0500     2.4964     0.0852     1.0575 1.1824e+02     1.9715     -0.083     -0.120    22.4963 0.0000e+00
     -0.084      0.001     8.5334     98.379     29.264  27.800473    22.1400     2.5155     0.0852     1.1844 1.1816e+02     1.8960     -0.083     -0.120    22.4959 0.0000e+00
     -0.084      0.000     8.5287     98.414     29.250  27.787685    22.1400     2.4811     0.0852     1.1844 1.1742e+02     1.9262     -0.082     -0.120    22.4955 0.0000e+00
     -0.084      0.000     8.5243     98.489     29.241  27.778889    22.1400     2.4735     0.0852     1.1844 1.1650e+02     1.9111     -0.082     -0.119    22.4952 0.0000e+00
     -0.084      0.000     8.5207     98.569     29.236  27.773731    22.1400     2.6223     0.0852     1.1844 1.1698e+02     1.8507     -0.082     -0.119    22.4949 0.0000e+00
     -0.084 3.8450e-08     8.5195     98.620     29.231  27.768843    22.1400     2.6528     0.1278     1.0575 1.1783e+02     1.9715     -0.082     -0.119    22.4946 0.0000e+00
     -0.084 4.9436e-08     8.5227     98.631     29.231  27.768898    22.1400     2.5956     0.1278     1.0575 1.1765e+02     1.9564     -0.082     -0.119    22.4944 0.0000e+00
     -0.084 6.3561e-08     8.5292     98.623     29.237  27.773908    22.1400     2.6490     0.1278     1.0575 1.1617e+02     1.9413     -0.082     -0.119    22.4942 0.0000e+00
     -0.084 8.1721e-08     8.5362     98.619     29.243  27.779237    22.1400     2.7978     0.1278     1.0575 1.1752e+02     2.0622     -0.082     -0.119    22.4938 0.0000e+00
     -0.084 1.0507e-07     8.5407     98.621     29.250  27.786305    22.0500     2.7978     0.0852     1.0998 1.1696e+02     1.9715     -0.082     -0.119    22.4933 0.0000e+00
     -0.084 1.3509e-07     8.5417     98.630     29.257  27.793015    22.0500     2.8092     0.0852     1.0998 1.1681e+02     1.8658     -0.082     -0.119    22.4928 0.0000e+00
     -0.084 1.7369e-07     8.5410     98.653     29.261  27.797173    22.0500     2.8016     0.0852     1.0998 1.1676e+02     1.9866     -0.082     -0.119    22.4925 0.0000e+00
     -0.084 2.2331e-07     8.5407     98.667     29.258  27.793914    22.0500     2.8397     0.0852     1.0998 1.1605e+02     1.9262     -0.082     -0.119    22.4923 0.0000e+00
     -0.084 2.8711e-07     8.5409     98.629     29.241  27.778387    22.0500     2.8740     0.0852     1.1421 1.1711e+02     1.9262     -0.082     -0.119    22.4924 0.0000e+00
     -0.084 3.6915e-07     8.5416     98.523     29.225  27.762380    22.0500     2.8588     0.0852     1.1421 1.1678e+02     1.8356     -0.082     -0.119    22.4929 0.0000e+00
     -0.084 4.7462e-07     8.5435     98.379     29.226  27.763531    22.0500     2.8473     0.0852     1.1421 1.1696e+02     1.9866     -0.082     -0.119    22.4932 0.0000e+00
     -0.084 6.1022e-07     8.5447     98.246     29.235  27.772190    22.0500     2.7405     0.0852     1.1421 1.1757e+02     2.0471     -0.082     -0.119    22.4931 0.0000e+00
     -0.084 7.8457e-07     8.5415     98.155     29.227  27.764778    22.0500     2.7634     0.0852     1.1421 1.1632e+02     1.8809     -0.082     -0.119    22.4928 0.0000e+00
     -0.084      0.000     8.5323     98.119     29.202  27.741311    22.0500     2.7596     0.0852     1.1421 1.1714e+02     1.8507     -0.082     -0.119    22.4928 0.0000e+00
     -0.084      0.000     8.5198     98.140     29.177  27.717434    22.0500     2.7558     0.0852     1.1421 1.1643e+02     1.8809     -0.082     -0.119    22.4931 0.0000e+00
     -0.084      0.000     8.5081     98.207     29.162  27.702712    22.0500     2.8664     0.0852     1.1421 1.1691e+02     1.9262     -0.082     -0.119    22.4934 0.0000e+00
     -0.084      0.000     8.5003     98.292     29.151  27.693217    22.0500     2.8321     0.0852     1.1421 1.1602e+02     1.9413     -0.082     -0.119    22.4935 0.0000e+00
     -0.084      0.000     8.4972     98.346     29.148  27.690402    22.0500     2.8779     0.0852     1.0998 1.1731e+02     1.9111     -0.082     -0.119    22.4934 0.0000e+00
     -0.084      0.000     8.4990     98.338     29.159  27.701481    22.0500     2.8626     0.0852     1.0998 1.1557e+02     1.8356     -0.082     -0.119    22.4933 0.0000e+00
     -0.084      0.000     8.5049     98.290     29.184  27.725424    22.0500     2.8664     0.0852     1.0998 1.1670e+02     1.9866     -0.082     -0.119    22.4935 0.0000e+00
     -0.084      0.000     8.5122     98.250     29.214  27.754679    22.0500     2.8359     0.0852     1.0998 1.1744e+02     1.9866     -0.082     -0.119    22.4939 0.0000e+00
     -0.084      0.000     8.5167     98.249     29.240  27.779124    22.0500     2.8550     0.0852     1.0575 1.1627e+02     1.8507     -0.082     -0.119    22.4947 0.0000e+00
     -0.084      0.000     8.5158     98.294     29.259  27.797313    22.0500     2.8588     0.0852     1.0575 1.1655e+02     1.9111     -0.082     -0.119    22.4957 0.0000e+00
     -0.084      0.000     8.5115     98.365     29.271  27.808123    22.0500     2.8016     0.0852     1.0575 1.1587e+02     2.0018     -0.082     -0.119    22.4968 0.0000e+00
     -0.084      0.000     8.5079     98.425     29.263  27.800497    22.0500     2.8168     0.0852     1.0575 1.1643e+02     1.9564     -0.082     -0.119    22.4975 0.0000e+00
     -0.084      0.000     8.5078     98.450     29.240  27.778375    22.0500     2.7787     0.1278     1.0998 1.1572e+02     1.8960     -0.082     -0.119    22.4978 0.0000e+00
     -0.084      0.000     8.5118     98.433     29.225  27.763737    22.0500     2.7978     0.1278     1.0998 1.1673e+02     2.0018     -0.082     -0.119    22.4975 0.0000e+00
     -0.084      0.000     8.5180     98.384     29.220  27.758652    22.0500     2.8588     0.1278     1.0998 1.1681e+02     1.9564     -0.082     -0.119    22.4968 0.0000e+00
     -0.084      0.000     8.5234     98.324     29.215  27.753799    22.0500     2.8321     0.1278     1.0998 1.1627e+02     2.0018     -0.082     -0.119    22.4959 0.0000e+00
     -0.084      0.000     8.5256     98.268     29.213  27.751869    22.0500     2.8321     0.1278     1.0998 1.1514e+02     1.8205     -0.082     -0.119    22.4950 0.0000e+00
     -0.084      0.000     8.5242     98.228     29.222  27.760309    22.0500     2.8664     0.0852     1.0152 1.1627e+02     1.8658     -0.082     -0.119    22.4945 0.0000e+00
     -0.084      0.000     8.5200     98.211     29.242  27.779381    22.0500     2.6948     0.0852     1.0152 1.1587e+02     1.9262     -0.082     -0.119    22.4942 0.0000e+00
     -0.084      0.000     8.5148     98.229     29.257  27.794256    22.0500     2.6986     0.0852     1.0152 1.1585e+02     1.8960     -0.082     -0.119    22.4942 0.0000e+00
     -0.084      0.000     8.5100     98.291     29.257  27.794963    22.0500     2.6719     0.0852     1.0152 1.1552e+02     1.8960     -0.082     -0.119    22.4942 0.0000e+00
     -0.084      0.000     8.5065     98.387     29.253  27.791646    22.0500     2.6681     0.0852     1.1421 1.1497e+02     1.9111     -0.082     -0.119    22.4942 0.0000e+00
     -0.084      0.000     8.5050     98.501     29.246  27.785412    22.0500     2.7405     0.0852     1.1421 1.1554e+02     2.0018     -0.082     -0.119    22.4943 0.0000e+00
     -0.084      0.000     8.5066     98.610     29.234  27.774598    22.0500     2.7176     0.0852     1.1421 1.1587e+02     1.9111     -0.082     -0.119    22.4948 0.0000e+00
     -0.084      0.000     8.5117     98.695     29.234  27.774244    22.0500     2.6948     0.0852     1.1421 1.1607e+02     1.8809     -0.082     -0.119    22.4955 0.0000e+00
     -0.084      0.001     8.5200     98.748     29.240  27.780271    22.0500     2.7329     0.0852     1.0575 1.1638e+02     1.9111     -0.082     -0.119    22.4963 0.0000e+00
     -0.083      0.001     8.5297     98.769     29.240  27.780348    22.0500     2.5155     0.0852     1.0575 1.1477e+02     1.9111     -0.082     -0.118    22.4971 0.0000e+00
     -0.083      0.001     8.5391     98.760     29.237  27.776486    22.0500     2.4735     0.0852     1.0575 1.1567e+02     1.9413     -0.081     -0.118    22.4976 0.0000e+00
     -0.083      0.001     8.5464     98.733     29.230  27.769648    22.0500     2.4735     0.0852     1.0575 1.1464e+02     1.8809     -0.081     -0.118    22.4980 0.0000e+00
     -0.083      0.001     8.5509     98.718     29.223  27.761992    22.0500     2.4926     0.0852     1.0575 1.1668e+02     1.9111     -0.081     -0.118    22.4983 0.0000e+00
     -0.082      0.002     8.5527     98.744     29.210  27.749486    22.1400     2.4926     0.0852     1.1844 1.1590e+02     1.9111     -0.081     -0.117    22.4983 0.0000e+00
     -0.082      0.002     8.5519     98.809     29.195  27.734768    22.1400     2.4811     0.0852     1.1844 1.1602e+02     2.0169     -0.080     -0.116    22.4978 0.0000e+00
     -0.081      0.002     8.5498     98.884     29.192  27.731834    22.1400     2.5040     0.0852     1.1844 1.1380e+02     2.0471     -0.080     -0.116    22.4968 0.0000e+00
     -0.081      0.002     8.5488     98.932     29.194  27.733929    22.1400     2.5078     0.0852     1.1844 1.1502e+02     2.0471     -0.079     -0.115    22.4955 0.0000e+00
     -0.080      0.002     8.5512     98.940     29.189  27.729664    22.1400     2.5612     0.0852     1.0575 1.1395e+02     2.0924     -0.079     -0.114    22.4943 0.0000e+00
     -0.080      0.002     8.5570     98.913     29.189  27.729850    22.1400     2.5498     0.0852     1.0575 1.1492e+02     1.9866     -0.078     -0.113    22.4935 0.0000e+00
     -0.079      0.002     8.5635     98.862     29.205  27.744492    22.1400     2.5422     0.0852     1.0575 1.1514e+02     2.0018     -0.078     -0.113    22.4932 0.0000e+00
     -0.079      0.002     8.5676     98.805     29.219  27.757582    22.1400     2.5651     0.0852     1.0575 1.1338e+02     1.9715     -0.077     -0.112    22.4935 0.0000e+00
     -0.078      0.002     8.5682     98.757     29.222  27.760662    22.1400     2.5803     0.0852     1.0998 1.1592e+02     1.9111     -0.077     -0.111    22.4941 0.0000e+00
     -0.078      0.002     8.5658     98.731     29.222  27.760529    22.1400     2.6375     0.0852     1.0998 1.1492e+02     1.9111     -0.076     -0.111    22.4947 0.0000e+00
     -0.077      0.003     8.5614     98.735     29.212  27.751172    22.1400     2.6299     0.0852     1.0998 1.1487e+02     2.0018     -0.076     -0.110    22.4950 0.0000e+00
     -0.076      0.003     8.5564     98.753     29.190  27.730096    22.1400     2.5956     0.0852     1.0998 1.1343e+02     1.9715     -0.075     -0.109    22.4950 0.0000e+00
     -0.076      0.003     8.5523     98.760     29.167  27.707612    22.1400     2.4926     0.0852     0.9729 1.1407e+02     1.9262     -0.074     -0.107    22.4947 0.0000e+00
     -0.075      0.003     8.5501     98.739     29.158  27.699628    22.1400     2.4544     0.0852     0.9729 1.1311e+02     1.9262     -0.074     -0.106    22.4943 0.0000e+00
     -0.074      0.003     8.5505     98.693     29.180  27.719945    22.1400     2.4926     0.0852     0.9729 1.1089e+02     2.0018     -0.073     -0.105    22.4939 0.0000e+00
     -0.073      0.002     8.5521     98.631     29.218  27.756060    22.1400     2.4735     0.0852     0.9729 1.1459e+02     2.0320     -0.072     -0.104    22.4935 0.0000e+00
     -0.073      0.002     8.5527     98.576     29.244  27.781760    22.1400     2.6795     0.0852     0.9729 1.1143e+02     1.9715     -0.072     -0.103    22.4932 0.0000e+00
     -0.072      0.002     8.5510     98.558     29.253  27.789958    22.1400     2.6642     0.0852     1.0998 1.1257e+02     2.0622     -0.071     -0.103    22.4930 0.0000e+00
     -0.072      0.001     8.5470     98.579     29.241  27.778859    22.1400     2.6642     0.0852     1.0998 1.1432e+02     1.8960     -0.071     -0.102    22.4930 0.0000e+00
     -0.071      0.001     8.5416     98.614     29.212  27.751476    22.1400     2.6452     0.0852     1.0998 1.1250e+02     1.9111     -0.070     -0.102    22.4932 0.0000e+00
     -0.071      0.001     8.5368     98.638     29.183  27.724404    22.1400     2.5956     0.0852     1.0998 1.1140e+02     1.8356     -0.070     -0.102    22.4936 0.0000e+00
     -0.071      0.001     8.5351     98.639     29.175  27.716310    22.1400     2.6146     0.0852     1.1844 1.1321e+02     1.9715     -0.070     -0.101    22.4940 0.0000e+00
     -0.071      0.001     8.5368     98.619     29.188  27.729018    22.1400     2.6070     0.0852     1.1844 1.1301e+02     2.0018     -0.069     -0.101    22.4943 0.0000e+00
     -0.070      0.001     8.5399     98.590     29.195  27.736047    22.1400     2.5803     0.0852     1.1844 1.1169e+02     1.9111     -0.069     -0.100    22.4947 0.0000e+00
     -0.070      0.001     8.5419     98.557     29.184  27.725332    22.1400     2.6795     0.0852     1.1844 1.1333e+02     1.9413     -0.069     -0.100    22.4950 0.0000e+00
