Data/DataNotYetUploadedToEDI/Raw_CTD/RawDownloads/092324_bvr50_S8188001.cnv
* Sea-Bird SBE19plus  Data File:
* FileName = C:\R\Reservoirs\Data\DataNotYetUploadedToEDI\Raw_CTD\RawDownloads\092324_bvr50_S8188_0001.hex
* Software version 2.8.0.119
* Temperature SN = 8188
* Conductivity SN = 8188
* System UpLoad Time = Sep 23 2024 17:48:44
* <ApplicationData>
* <Seaterm232>
# nquan = 16
# nvalues = 2061                        
# units = specified
# name 0 = depFM: Depth [fresh water, m]
# name 1 = dz/dtM: Descent Rate [m/s]
# name 2 = sbeox0Mg/L: Oxygen, SBE 43 [mg/l]
# name 3 = sbeox0PS: Oxygen, SBE 43 [% saturation]
# name 4 = specc: Specific Conductance [uS/cm]
# name 5 = c0uS/cm: Conductivity [uS/cm]
# name 6 = wetCDOM: Fluorescence, WET Labs CDOM [mg/m^3]
# name 7 = flECO-AFL: Fluorescence, WET Labs ECO-AFL/FL [mg/m^3]
# name 8 = flECO-AFL1: Fluorescence, WET Labs ECO-AFL/FL, 2 [mg/m^3]
# name 9 = flECO-AFL2: Fluorescence, WET Labs ECO-AFL/FL, 3 [mg/m^3]
# name 10 = par/sat/log: PAR/Logarithmic, Satlantic
# name 11 = turbWETntu0: Turbidity, WET Labs ECO [NTU]
# name 12 = prdM: Pressure, Strain Gauge [db]
# name 13 = prdE: Pressure, Strain Gauge [psi]
# name 14 = tv290C: Temperature [ITS-90, deg C]
# name 15 = flag:  0.000e+00
# span 0 =     -0.746,      9.071       
# span 1 =     -0.246,      0.166       
# span 2 =    -0.3871,    10.7102       
# span 3 =     -4.230,    123.627       
# span 4 =      1.233,    214.993       
# span 5 =   1.125302, 152.007781       
# span 6 =    -4.5000,    85.0500       
# span 7 =    -0.2846,    70.7271       
# span 8 =    -2.1300,     0.4686       
# span 9 =    -2.0304,    11.6748       
# span 10 = 1.1587e-01, 1.7586e+02      
# span 11 =    -1.1102,    46.8679      
# span 12 =     -0.731,      8.896      
# span 13 =     -1.061,     12.902      
# span 14 =    10.3485,    22.5054      
# span 15 = 0.0000e+00, 0.0000e+00      
# interval = seconds: 0.25
# start_time = Sep 23 2024 11:06:13 [Instrument's time stamp, header]
# bad_flag = -9.990e-29
*END*
[from data line 1176]
      1.652      0.011     7.0047     80.177     29.355  27.227090    22.9500     4.0490     0.0852     1.3536 1.4270e+01     1.9413      1.621      2.351    21.3592 0.0000e+00
      1.655      0.012     7.0211     80.413     29.336  27.203360    22.9500     4.0299     0.0852     1.3536 1.4226e+01     1.8960      1.624      2.355    21.3663 0.0000e+00
      1.659      0.013     7.0429     80.556     29.322  27.179112    22.9500     4.0566     0.0852     1.3536 1.4223e+01     1.8809      1.627      2.359    21.3712 0.0000e+00
      1.662      0.014     7.0689     80.573     29.324  27.165801    22.9500     4.3504     0.0852     1.3536 1.4109e+01     2.2283      1.630      2.364    21.3737 0.0000e+00
      1.666      0.015     7.0953     80.442     29.324  27.149920    23.3100     4.3389     0.1278     1.5651 1.4027e+01     2.2132      1.634      2.370    21.3709 0.0000e+00
      1.670      0.016     7.1177     80.175     29.309  27.119269    23.3100     4.3465     0.1278     1.5651 1.3987e+01     2.0924      1.638      2.376    21.3603 0.0000e+00
      1.674      0.016     7.1330     79.813     29.280  27.077619    23.3100     4.3351     0.1278     1.5651 1.3999e+01     2.2435      1.642      2.381    21.3411 0.0000e+00
      1.678      0.016     7.1381     79.403     29.255  27.041742    23.3100     4.3580     0.1278     1.5651 1.3978e+01     2.1830      1.646      2.387    21.3153 0.0000e+00
      1.683      0.016     7.1303     78.990     29.249  27.025964    23.3100     4.3160     0.1278     1.5651 1.3954e+01     2.1377      1.650      2.393    21.2869 0.0000e+00
      1.687      0.017     7.1106     78.597     29.258  27.026079    23.9400     4.3275     0.1278     1.6074 1.3887e+01     2.1528      1.654      2.399    21.2588 0.0000e+00
      1.691      0.017     7.0819     78.241     29.272  27.034150    23.9400     4.3465     0.1278     1.6074 1.3869e+01     2.1830      1.658      2.405    21.2334 0.0000e+00
      1.695      0.017     7.0485     77.951     29.291  27.048348    23.9400     4.5373     0.1278     1.6074 1.3878e+01     1.8809      1.663      2.411    21.2123 0.0000e+00
      1.700      0.017     7.0141     77.750     29.314  27.068475    23.9400     4.5831     0.1278     1.6074 1.3830e+01     1.8809      1.667      2.417    21.1950 0.0000e+00
      1.704      0.018     6.9812     77.637     29.331  27.083971    24.1200     4.5945     0.1278     1.5228 1.3815e+01     1.8809      1.671      2.424    21.1811 0.0000e+00
      1.709      0.018     6.9509     77.595     29.337  27.091001    24.1200     4.5907     0.1278     1.5228 1.3788e+01     2.0320      1.676      2.430    21.1716 0.0000e+00
      1.713      0.019     6.9258     77.604     29.342  27.099405    24.1200     4.0833     0.1278     1.5228 1.3746e+01     2.2132      1.680      2.437    21.1666 0.0000e+00
      1.718      0.020     6.9082     77.645     29.348  27.111424    24.1200     4.1024     0.1278     1.5228 1.3669e+01     2.1377      1.685      2.444    21.1647 0.0000e+00
      1.723      0.021     6.8981     77.698     29.345  27.118317    24.0300     4.0681     0.1278     1.4382 1.3621e+01     2.1075      1.690      2.451    21.1649 0.0000e+00
      1.728      0.022     6.8941     77.740     29.334  27.117939    24.0300     4.0986     0.1278     1.4382 1.3518e+01     2.1830      1.695      2.459    21.1672 0.0000e+00
      1.734      0.023     6.8941     77.755     29.328  27.118155    24.0300     3.9155     0.1278     1.4382 1.3527e+01     2.2132      1.701      2.467    21.1732 0.0000e+00
      1.741      0.024     6.8962     77.754     29.319  27.111060    24.0300     3.9002     0.1278     1.4382 1.3503e+01     2.2283      1.707      2.475    21.1846 0.0000e+00
      1.747      0.025     6.8987     77.761     29.304  27.094759    23.7600     3.9269     0.1278     1.3959 1.3302e+01     2.0471      1.713      2.485    21.2010 0.0000e+00
      1.754      0.025     6.9003     77.793     29.288  27.076855    23.7600     3.8811     0.1278     1.3959 1.3190e+01     2.1377      1.720      2.494    21.2167 0.0000e+00
      1.760      0.025     6.9004     77.845     29.275  27.060538    23.7600     4.3656     0.1278     1.3959 1.3093e+01     2.1679      1.726      2.504    21.2264 0.0000e+00
      1.767      0.025     6.8999     77.899     29.276  27.057384    23.7600     4.3313     0.1278     1.3959 1.3000e+01     2.1679      1.733      2.513    21.2292 0.0000e+00
      1.774      0.023     6.9009     77.941     29.282  27.058590    23.7600     4.3656     0.1278     1.3959 1.2837e+01     2.1981      1.739      2.523    21.2263 0.0000e+00
      1.780      0.022     6.9046     77.973     29.289  27.060492    24.1200     4.3313     0.1278     1.3959 1.2756e+01     2.1528      1.745      2.531    21.2202 0.0000e+00
      1.785      0.020     6.9102     77.996     29.317  27.079530    24.1200     3.9078     0.1278     1.3959 1.2801e+01     1.9262      1.750      2.539    21.2131 0.0000e+00
      1.790      0.018     6.9159     78.001     29.353  27.104848    24.1200     3.9117     0.1278     1.3959 1.2781e+01     1.9413      1.755      2.545    21.2061 0.0000e+00
      1.794      0.015     6.9206     77.966     29.374  27.115321    24.1200     3.9002     0.1278     1.3959 1.2817e+01     1.9715      1.759      2.551    21.1987 0.0000e+00
      1.797      0.013     6.9246     77.874     29.371  27.105776    24.3900     3.8926     0.1278     1.3113 1.2742e+01     1.8054      1.762      2.556    21.1901 0.0000e+00
      1.800      0.011     6.9282     77.724     29.351  27.081631    24.3900     3.9765     0.1278     1.3113 1.2778e+01     1.8960      1.765      2.561    21.1790 0.0000e+00
      1.803      0.010     6.9304     77.533     29.332  27.060344    24.3900     3.9880     0.1278     1.3113 1.2781e+01     2.0169      1.768      2.564    21.1653 0.0000e+00
      1.805      0.008     6.9293     77.327     29.321  27.048184    24.3900     3.9765     0.1278     1.3113 1.2862e+01     1.9262      1.770      2.567    21.1507 0.0000e+00
      1.807      0.007     6.9229     77.132     29.309  27.037928    24.3900     3.9841     0.1278     1.2267 1.2840e+01     1.9111      1.772      2.570    21.1379 0.0000e+00
      1.809      0.007     6.9108     76.977     29.313  27.042769    24.3900     4.6327     0.1278     1.2267 1.2845e+01     2.0018      1.774      2.573    21.1283 0.0000e+00
      1.810      0.006     6.8946     76.883     29.345  27.075947    24.3900     4.6021     0.1278     1.2267 1.2851e+01     1.9866      1.775      2.575    21.1224 0.0000e+00
      1.812      0.005     6.8766     76.859     29.380  27.114448    24.3900     4.6212     0.1278     1.2267 1.2845e+01     2.0471      1.777      2.577    21.1199 0.0000e+00
      1.813      0.005     6.8593     76.908     29.395  27.136680    24.3000     4.6288     0.0426     1.2690 1.2795e+01     1.9715      1.778      2.579    21.1203 0.0000e+00
      1.814      0.005     6.8451     77.027     29.404  27.152556    24.3000     4.4305     0.0426     1.2690 1.2756e+01     1.7449      1.779      2.581    21.1231 0.0000e+00
      1.816      0.004     6.8359     77.209     29.412  27.166308    24.3000     4.3923     0.0426     1.2690 1.2792e+01     1.7147      1.781      2.582    21.1291 0.0000e+00
      1.817      0.004     6.8325     77.438     29.411  27.169656    24.3000     4.4000     0.0426     1.2690 1.2742e+01     1.7298      1.782      2.584    21.1395 0.0000e+00
      1.817      0.003     6.8349     77.687     29.402  27.163495    24.3000     4.4305     0.0426     1.2690 1.2690e+01     1.6241      1.782      2.585    21.1534 0.0000e+00
      1.818      0.003     6.8436     77.911     29.392  27.154146    24.3900     4.5220     0.1278     1.3536 1.2684e+01     1.9564      1.783      2.586    21.1672 0.0000e+00
      1.819      0.003     6.8584     78.069     29.383  27.143098    24.3900     4.5182     0.1278     1.3536 1.2659e+01     1.8507      1.784      2.587    21.1780 0.0000e+00
      1.820      0.003     6.8778     78.139     29.370  27.127405    24.3900     4.5220     0.1278     1.3536 1.2698e+01     1.8658      1.785      2.589    21.1850 0.0000e+00
      1.821      0.003     6.8994     78.129     29.349  27.102882    24.3900     4.4877     0.1278     1.3536 1.2684e+01     1.9413      1.786      2.590    21.1883 0.0000e+00
      1.821      0.004     6.9194     78.046     29.329  27.078919    24.3900     4.2970     0.0852     1.1844 1.2676e+01     1.9715      1.786      2.591    21.1878 0.0000e+00
      1.822      0.004     6.9339     77.901     29.319  27.065056    24.3900     4.2550     0.0852     1.1844 1.2676e+01     1.9413      1.787      2.592    21.1839 0.0000e+00
      1.824      0.005     6.9411     77.707     29.321  27.061579    24.3900     4.2359     0.0852     1.1844 1.2709e+01     1.9866      1.789      2.594    21.1773 0.0000e+00
      1.825      0.006     6.9413     77.494     29.346  27.079508    24.3900     4.2855     0.0852     1.1844 1.2762e+01     2.0169      1.790      2.596    21.1690 0.0000e+00
      1.827      0.007     6.9353     77.300     29.385  27.111676    24.3900     4.2054     0.1278     1.1844 1.2781e+01     1.9111      1.791      2.598    21.1599 0.0000e+00
      1.828      0.009     6.9236     77.141     29.414  27.134800    24.3900     4.2092     0.1278     1.1844 1.2762e+01     1.8809      1.793      2.601    21.1508 0.0000e+00
      1.831      0.011     6.9074     77.010     29.423  27.139117    24.3900     4.2054     0.1278     1.1844 1.2770e+01     1.8960      1.796      2.604    21.1422 0.0000e+00
      1.834      0.014     6.8896     76.902     29.412  27.125778    24.3900     4.2245     0.1278     1.1844 1.2798e+01     1.8356      1.798      2.608    21.1340 0.0000e+00
      1.837      0.018     6.8734     76.822     29.397  27.107156    24.3900     4.8158     0.0852     1.3113 1.2695e+01     1.8658      1.802      2.613    21.1265 0.0000e+00
      1.842      0.022     6.8600     76.764     29.380  27.086250    24.3900     4.8158     0.0852     1.3113 1.2715e+01     2.0169      1.807      2.620    21.1201 0.0000e+00
      1.848      0.026     6.8491     76.706     29.348  27.049519    24.3900     4.8196     0.0852     1.3113 1.2646e+01     1.8658      1.812      2.628    21.1144 0.0000e+00
      1.855      0.031     6.8404     76.617     29.314  27.011065    24.3900     4.8043     0.0852     1.3113 1.2544e+01     2.0320      1.819      2.639    21.1083 0.0000e+00
      1.864      0.036     6.8343     76.475     29.299  26.988509    24.3900     4.7433     0.0852     1.3113 1.2441e+01     2.2132      1.828      2.651    21.1005 0.0000e+00
      1.874      0.041     6.8305     76.282     29.285  26.967871    24.3900     4.7929     0.0852     1.3113 1.2251e+01     2.2737      1.838      2.666    21.0910 0.0000e+00
      1.886      0.045     6.8268     76.040     29.272  26.947629    24.3900     4.7509     0.0852     1.3113 1.2105e+01     2.2132      1.849      2.682    21.0797 0.0000e+00
      1.898      0.049     6.8205     75.737     29.270  26.938316    24.3900     4.7509     0.0852     1.3113 1.1873e+01     2.1528      1.862      2.700    21.0668 0.0000e+00
      1.911      0.051     6.8098     75.362     29.277  26.937448    24.3900     5.3575     0.0852     1.3113 1.1760e+01     2.1528      1.874      2.718    21.0526 0.0000e+00
      1.925      0.054     6.7945     74.927     29.283  26.936827    24.4800     5.3575     0.0852     1.3113 1.1664e+01     2.2435      1.888      2.738    21.0382 0.0000e+00
      1.939      0.056     6.7748     74.461     29.285  26.932306    24.4800     5.3575     0.0852     1.3113 1.1578e+01     2.1528      1.901      2.758    21.0245 0.0000e+00
      1.953      0.059     6.7494     73.992     29.289  26.930643    24.4800     5.3651     0.0852     1.3113 1.1503e+01     2.1528      1.915      2.778    21.0120 0.0000e+00
      1.968      0.061     6.7175     73.536     29.305  26.939361    24.4800     5.3651     0.0852     1.3113 1.1413e+01     2.2586      1.930      2.800    21.0004 0.0000e+00
      1.984      0.063     6.6802     73.092     29.321  26.948835    24.3900     5.3384     0.0852     1.3113 1.1214e+01     2.1981      1.946      2.822    20.9895 0.0000e+00
      2.001      0.066     6.6399     72.660     29.332  26.953628    24.3900     5.3765     0.0852     1.3113 1.0954e+01     2.0471      1.962      2.846    20.9792 0.0000e+00
      2.018      0.068     6.5995     72.244     29.340  26.955017    24.3900     5.3689     0.0852     1.3113 1.0814e+01     2.1075      1.979      2.870    20.9692 0.0000e+00
      2.036      0.069     6.5601     71.847     29.345  26.953373    24.3900     4.3961     0.0852     1.3113 1.0619e+01     2.1679      1.996      2.896    20.9594 0.0000e+00
      2.054      0.070     6.5217     71.467     29.355  26.956222    24.3900     4.4152     0.0852     1.3113 1.0492e+01     2.2435      2.014      2.921    20.9499 0.0000e+00
      2.072      0.070     6.4843     71.099     29.366  26.960340    24.3000     4.4190     0.0852     1.3113 1.0222e+01     2.1528      2.032      2.947    20.9407 0.0000e+00
      2.090      0.070     6.4484     70.731     29.374  26.962842    24.3000     4.4267     0.0852     1.3113 1.0027e+01     2.2132      2.050      2.973    20.9311 0.0000e+00
      2.108      0.070     6.4142     70.356     29.388  26.972362    24.3000     4.0108     0.0852     1.3113 9.8645e+00     2.0169      2.068      2.999    20.9207 0.0000e+00
      2.126      0.069     6.3817     69.985     29.412  26.991437    24.3000     4.0528     0.0852     1.3113 9.8196e+00     1.9715      2.085      3.024    20.9099 0.0000e+00
      2.143      0.070     6.3501     69.629     29.443  27.017189    24.5700     4.0299     0.0852     1.2690 9.7093e+00     1.9111      2.101      3.048    20.8997 0.0000e+00
      2.160      0.071     6.3183     69.288     29.484  27.052504    24.5700     4.0414     0.0852     1.2690 9.6462e+00     1.9715      2.118      3.072    20.8912 0.0000e+00
      2.178      0.074     6.2856     68.949     29.534  27.094850    24.5700     3.7705     0.0852     1.2690 9.5068e+00     2.0773      2.136      3.098    20.8846 0.0000e+00
      2.197      0.076     6.2530     68.590     29.578  27.131624    24.5700     3.7934     0.0852     1.2690 9.4368e+00     1.9413      2.154      3.125    20.8799 0.0000e+00
      2.217      0.078     6.2217     68.191     29.604  27.150730    24.3900     3.7820     0.1278     1.3113 9.0061e+00     1.9262      2.174      3.153    20.8760 0.0000e+00
      2.238      0.080     6.1918     67.738     29.596  27.139340    24.3900     3.8125     0.1278     1.3113 8.8048e+00     2.0169      2.195      3.183    20.8714 0.0000e+00
      2.260      0.081     6.1622     67.220     29.567  27.108355    24.3900     3.6599     0.1278     1.3113 8.5410e+00     1.9262      2.216      3.214    20.8654 0.0000e+00
      2.281      0.080     6.1309     66.635     29.550  27.087346    24.3900     3.6446     0.1278     1.3113 8.3993e+00     1.9866      2.237      3.244    20.8587 0.0000e+00
      2.301      0.078     6.0960     65.977     29.551  27.082660    24.6600     3.6599     0.1278     1.1844 8.2671e+00     1.9564      2.257      3.273    20.8517 0.0000e+00
      2.321      0.076     6.0564     65.237     29.560  27.085080    24.6600     3.6523     0.1278     1.1844 8.0824e+00     1.9413      2.276      3.301    20.8445 0.0000e+00
      2.340      0.073     6.0110     64.401     29.573  27.091269    24.6600     3.0457     0.1278     1.1844 7.9103e+00     1.6543      2.295      3.328    20.8366 0.0000e+00
      2.358      0.069     5.9597     63.462     29.588  27.098895    24.6600     3.0572     0.1278     1.1844 7.8198e+00     1.7903      2.313      3.354    20.8278 0.0000e+00
