Data/DataNotYetUploadedToEDI/Raw_CTD/RawDownloads/092324_fcr50_S7809001.cnv
* Sea-Bird SBE19plus  Data File:
* FileName = C:\R\Reservoirs\Data\DataNotYetUploadedToEDI\Raw_CTD\RawDownloads\092324_fcr50_S7809_0001.hex
* Software version 2.8.0.119
* Temperature SN = 7809
* Conductivity SN = 7809
* System UpLoad Time = Sep 23 2024 17:09:44
* <ApplicationData>
* <Seaterm232>
# nquan = 15
# nvalues = 1150                        
# units = specified
# name 0 = depFM: Depth [fresh water, m]
# name 1 = dz/dtM: Descent Rate [m/s]
# name 2 = sbeox0Mg/L: Oxygen, SBE 43 [mg/l]
# name 3 = sbeox0PS: Oxygen, SBE 43 [% saturation]
# name 4 = specc: Specific Conductance [uS/cm]
# name 5 = c0uS/cm: Conductivity [uS/cm]
# name 6 = flECO-AFL: Fluorescence, WET Labs ECO-AFL/FL [mg/m^3]
# name 7 = ph: pH
# name 8 = orp: Oxidation Reduction Potential [mV]
# name 9 = par/sat/log: PAR/Logarithmic, Satlantic
# name 10 = turbWETntu0: Turbidity, WET Labs ECO [NTU]
# name 11 = prdM: Pressure, Strain Gauge [db]
# name 12 = prdE: Pressure, Strain Gauge [psi]
# name 13 = tv290C: Temperature [ITS-90, deg C]
# name 14 = flag:  0.000e+00
# span 0 =     -0.665,      6.146       
# span 1 =     -0.240,      0.246       
# span 2 =     0.1774,     9.1304       
# span 3 =      1.861,    104.827       
# span 4 =      0.746,     70.057       
# span 5 =   0.692588,  57.422872       
# span 6 =    -0.0774,    69.4322       
# span 7 =      3.935,      7.978       
# span 8 =  -856.4472,   244.1051       
# span 9 = 1.2354e-01, 1.0666e+02       
# span 10 =     0.9301,   134.3907      
# span 11 =     -0.653,      6.037      
# span 12 =     -0.948,      8.755      
# span 13 =    13.3714,    24.7877      
# span 14 = 0.0000e+00, 0.0000e+00      
# interval = seconds: 0.25
# start_time = Sep 23 2024 13:08:18 [Instrument's time stamp, header]
# bad_flag = -9.990e-29
*END*
     -0.665      0.024     7.6226     91.879     21.798  21.576777     0.0030      3.935  -856.4472 6.0202e+01     4.8116     -0.652     -0.947    24.7838 0.0000e+00
     -0.665      0.060     7.6210     91.928     37.260  36.648323     0.0080      5.226  -218.2531 6.4992e+01     4.9090     -0.651     -0.945    24.7872 0.0000e+00
     -0.663      0.110     7.6262     92.416     43.806  42.718659     0.0816      6.035   122.8148 7.1932e+01     4.9173     -0.653     -0.948    24.7757 0.0000e+00
     -0.645      0.162     7.6177     93.336     44.378  42.891186     0.9179      6.515   142.0001 7.9645e+01     4.6737     -0.650     -0.942    24.7877 0.0000e+00
     -0.590      0.207     7.6327     94.008     44.383  42.605548     2.4625      6.796   132.9654 8.6330e+01     4.2512     -0.592     -0.859    24.7430 0.0000e+00
     -0.501      0.236     7.6768     94.514     44.469  42.501692     3.3019      6.951   123.7925 9.0614e+01     4.0108     -0.490     -0.711    24.3249 0.0000e+00
     -0.410      0.246     7.7891     95.187     44.603  42.523807     3.3757      7.036   117.6467 9.3507e+01     4.0216     -0.395     -0.573    23.7301 0.0000e+00
     -0.336      0.232     7.9880     95.858     44.759  42.618898     3.4218      7.088   114.8412 9.6083e+01     4.0402     -0.323     -0.468    23.2780 0.0000e+00
     -0.283      0.197     8.0745     96.383     44.938  42.762767     3.4850      7.122   113.1884 9.8281e+01     4.0306     -0.272     -0.394    22.9492 0.0000e+00
     -0.246      0.155     8.1316     96.721     45.063  42.866905     3.5070      7.145   111.7729 1.0007e+02     4.0426     -0.238     -0.345    22.7495 0.0000e+00
     -0.218      0.120     8.2237     96.896     45.000  42.798981     3.5038      7.155   112.0949 1.0147e+02     4.0148     -0.212     -0.307    22.6455 0.0000e+00
     -0.197      0.097     8.2884     97.063     44.836  42.639688     3.5635      7.151   113.8123 1.0221e+02     4.0354     -0.191     -0.277    22.5936 0.0000e+00
     -0.181      0.086     8.3410     97.362     44.652  42.464215     3.6790      7.142   114.5548 1.0172e+02     4.0876     -0.178     -0.258    22.5703 0.0000e+00
     -0.165      0.080     8.3713     97.692     44.508  42.327593     3.7439      7.136   112.8994 9.1983e+01     4.0645     -0.164     -0.237    22.5553 0.0000e+00
     -0.144      0.074     8.3839     97.888     44.433  42.257205     3.7489      7.132   110.5754 7.5687e+01     4.0294     -0.144     -0.209    22.5478 0.0000e+00
     -0.119      0.067     8.3893     97.940     44.356  42.184388     3.7224      7.130   109.8569 6.9744e+01     4.0395     -0.115     -0.168    22.5454 0.0000e+00
     -0.096      0.057     8.4223     97.919     44.251  42.081867     3.6905      7.130   109.7191 7.1081e+01     4.0839     -0.089     -0.129    22.5442 0.0000e+00
     -0.082      0.045     8.4575     97.854     44.136  41.969677     3.6885      7.134   109.5974 7.0562e+01     4.0877     -0.076     -0.111    22.5447 0.0000e+00
     -0.076      0.030     8.4729     97.731     44.071  41.906869     3.6970      7.139   109.7623 6.9173e+01     4.0859     -0.074     -0.108    22.5469 0.0000e+00
     -0.074      0.017     8.4745     97.535     44.052  41.893680     3.7026      7.146   109.9058 6.8236e+01     4.0968     -0.073     -0.106    22.5474 0.0000e+00
     -0.074      0.008     8.4719     97.062     44.021  41.873695     3.7061      7.153   110.4727 6.8456e+01     4.0478     -0.072     -0.105    22.5446 0.0000e+00
     -0.074      0.004     8.4690     96.036     43.992  41.855649     3.7142      7.161   111.7125 6.8860e+01     4.0398     -0.072     -0.104    22.5393 0.0000e+00
     -0.074      0.002     8.4572     94.686     43.997  41.865906     3.7341      7.169   113.5392 6.9040e+01     4.1026     -0.072     -0.105    22.5370 0.0000e+00
     -0.073      0.001     8.4430     93.374     44.002  41.870784     3.7715      7.178   115.3510 6.9239e+01     4.0904     -0.071     -0.104    22.5425 0.0000e+00
     -0.072      0.001     8.4192     91.996     43.985  41.851152     3.8172      7.189   116.3254 6.9315e+01     3.9945     -0.070     -0.102    22.5559 0.0000e+00
     -0.072      0.001     8.3165     90.427     43.957  41.818940     3.8362      7.200   116.5437 6.9286e+01     3.9337     -0.070     -0.102    22.5694 0.0000e+00
     -0.072      0.001     8.1773     88.705     43.941  41.798652     3.8438      7.212   116.8726 6.9360e+01     3.9698     -0.071     -0.103    22.5747 0.0000e+00
     -0.071      0.001     8.0785     86.827     43.941  41.796242     3.8584      7.223   117.7201 6.9590e+01     4.0555     -0.070     -0.102    22.5739 0.0000e+00
     -0.071      0.001     7.9622     84.797     43.935  41.789804     3.8638      7.234   118.6176 6.9636e+01     4.1157     -0.070     -0.102    22.5689 0.0000e+00
     -0.071      0.001     7.8241     82.846     43.930  41.784279     3.8598      7.245   118.9486 6.9693e+01     4.0828     -0.069     -0.101    22.5620 0.0000e+00
     -0.071      0.001     7.6769     81.388     43.940  41.792904     3.8504      7.255   118.7098 6.9478e+01     3.9999     -0.070     -0.101    22.5569 0.0000e+00
     -0.071      0.001     7.5164     80.547     43.980  41.830617     3.8500      7.263   118.7422 6.9016e+01     4.0012     -0.069     -0.101    22.5537 0.0000e+00
     -0.071      0.001     7.3361     80.126     44.075  41.922924     3.8722      7.269   119.4255 6.9279e+01     4.0299     -0.069     -0.101    22.5525 0.0000e+00
     -0.071      0.001     7.1471     79.946     44.177  42.020414     3.9027      7.275   121.1206 6.9663e+01     4.0396     -0.069     -0.101    22.5525 0.0000e+00
     -0.071      0.001     7.0190     79.966     44.151  41.993862     3.9106      7.281   123.4069 6.9487e+01     4.0501     -0.069     -0.101    22.5516 0.0000e+00
     -0.070      0.001     6.9558     80.121     44.008  41.855758     3.8924      7.285   124.4404 6.8997e+01     4.0198     -0.069     -0.100    22.5508 0.0000e+00
     -0.070      0.001     6.9252     80.250     43.896  41.746916     3.8495      7.290   124.1526 6.8645e+01     4.0155     -0.069     -0.100    22.5531 0.0000e+00
     -0.070      0.001     6.9089     80.196     43.841  41.693357     3.7920      7.297   123.8844 6.8529e+01     4.0321     -0.069     -0.100    22.5547 0.0000e+00
     -0.070      0.001     6.9114     79.830     43.799  41.652467     3.7630      7.304   124.6391 6.8196e+01     4.0503     -0.069     -0.100    22.5519 0.0000e+00
     -0.070      0.001     6.9329     79.147     43.778  41.633323     3.7481      7.311   126.0509 6.7988e+01     4.0642     -0.068     -0.098    22.5484 0.0000e+00
     -0.070      0.001     6.9473     78.312     43.796  41.652290     3.7286      7.318   127.0156 6.8313e+01     4.0292     -0.068     -0.099    22.5462 0.0000e+00
     -0.069      0.001     6.9485     77.531     43.834  41.691393     3.7264      7.325   127.6997 6.8718e+01     4.0377     -0.068     -0.099    22.5443 0.0000e+00
     -0.069      0.001     6.9180     77.007     43.864  41.725308     3.7393      7.331   128.3862 6.9043e+01     4.0642     -0.068     -0.098    22.5432 0.0000e+00
     -0.069      0.000     6.8515     76.929     43.879  41.745029     3.7506      7.337   129.3787 6.9286e+01     4.0415     -0.068     -0.098    22.5437 0.0000e+00
     -0.069 1.8628e-08     6.7734     77.373     43.869  41.739440     3.7458      7.343   130.6658 6.9125e+01     4.0025     -0.067     -0.098    22.5458 0.0000e+00
     -0.069 2.0490e-07     6.6989     78.209     43.848  41.721205     3.7321      7.349   131.4726 6.8972e+01     3.9693     -0.067     -0.097    22.5501 0.0000e+00
     -0.069 2.0490e-07     6.6468     79.233     43.841  41.714965     3.7350      7.358   131.9065 6.9109e+01     3.9818     -0.068     -0.098    22.5572 0.0000e+00
     -0.069 1.8627e-08     6.6349     80.284     43.854  41.727459     3.7552      7.367   132.2130 6.8977e+01     4.0160     -0.068     -0.098    22.5641 0.0000e+00
     -0.069 1.6934e-09     6.6784     81.202     43.874  41.745321     3.7592      7.375   132.5100 6.8768e+01     4.0077     -0.068     -0.098    22.5684 0.0000e+00
     -0.068 1.5395e-10     6.7583     81.858     43.871  41.740534     3.8011      7.384   133.0035 6.8825e+01     3.9842     -0.067     -0.097    22.5705 0.0000e+00
     -0.068 1.3995e-11     6.8498     82.199     43.865  41.733048     3.9203      7.392   133.3615 6.8857e+01     4.0050     -0.067     -0.097    22.5705 0.0000e+00
     -0.068 1.2723e-12     6.9470     82.254     43.850  41.718271     4.0101      7.399   133.5683 6.8918e+01     4.0545     -0.067     -0.097    22.5696 0.0000e+00
     -0.068 1.1567e-13     7.0300     82.104     43.820  41.688797     4.0384      7.406   133.8695 6.9056e+01     4.1039     -0.067     -0.098    22.5684 0.0000e+00
     -0.068 1.0516e-14     7.0891     81.827     43.826  41.694012     4.0707      7.412   134.3359 6.8997e+01     4.1237     -0.067     -0.097    22.5663 0.0000e+00
     -0.068 9.6308e-16     7.1176     81.491     43.851  41.717869     4.1182      7.420   135.0777 6.8676e+01     4.1234     -0.067     -0.097    22.5646 0.0000e+00
     -0.068 1.6590e-16     7.1193     81.122     43.857  41.723379     4.1377      7.428   135.9555 6.8359e+01     4.1347     -0.067     -0.097    22.5638 0.0000e+00
     -0.068 8.7689e-16     7.1046     80.747     43.831  41.697160     4.1317      7.435   136.6038 6.8319e+01     4.1571     -0.067     -0.097    22.5626 0.0000e+00
     -0.068 9.5596e-15     7.0781     80.402     43.789  41.654726     4.0962      7.441   136.8938 6.8355e+01     4.1216     -0.068     -0.098    22.5620 0.0000e+00
     -0.068 1.0515e-13     7.0486     80.092     43.791  41.654581     4.0162      7.448   137.0522 6.8123e+01     4.0128     -0.067     -0.097    22.5619 0.0000e+00
     -0.068 1.1566e-12     7.0166     79.793     43.836  41.695405     3.9637      7.455   137.2291 6.7794e+01     3.9691     -0.066     -0.096    22.5616 0.0000e+00
     -0.068 1.2723e-11     6.9819     79.470     43.846  41.704041     3.9684      7.461   137.4830 6.7662e+01     4.0031     -0.067     -0.097    22.5605 0.0000e+00
     -0.068 1.3995e-10     6.9531     79.129     43.836  41.695531     4.0066      7.467   137.8851 6.7570e+01     4.0482     -0.066     -0.096    22.5581 0.0000e+00
     -0.068 1.5395e-09     6.9271     78.831     43.861  41.719452     4.0598      7.472   138.3058 6.7446e+01     4.0697     -0.066     -0.096    22.5550 0.0000e+00
     -0.068 1.6934e-08     6.9030     78.606     43.882  41.739401     4.0791      7.477   138.8694 6.7431e+01     4.0242     -0.066     -0.096    22.5526 0.0000e+00
     -0.068 1.8627e-07     6.8759     78.438     43.889  41.746322     4.0656      7.483   139.7952 6.7353e+01     3.9762     -0.066     -0.096    22.5517 0.0000e+00
     -0.067 1.8627e-07     6.8424     78.320     43.883  41.739663     4.0871      7.489   140.7236 6.7065e+01     4.0022     -0.066     -0.095    22.5521 0.0000e+00
     -0.067 1.6934e-08     6.8167     78.329     43.864  41.722363     4.1557      7.494   141.2329 6.6761e+01     4.0643     -0.066     -0.095    22.5531 0.0000e+00
     -0.067 1.5395e-09     6.7970     78.446     43.868  41.727556     4.2118      7.499   141.4792 6.6544e+01     4.0790     -0.066     -0.096    22.5532 0.0000e+00
     -0.067 1.3995e-10     6.7851     78.464     43.878  41.738976     4.2173      7.505   141.8081 6.6388e+01     4.0429     -0.066     -0.096    22.5529 0.0000e+00
     -0.067 1.2723e-11     6.7702     78.247     43.869  41.733513     4.1972      7.511   142.3702 6.6214e+01     4.0037     -0.066     -0.096    22.5526 0.0000e+00
     -0.067 1.1566e-12     6.7694     77.843     43.856  41.724971     4.2010      7.516   143.0273 6.5984e+01     3.9808     -0.066     -0.096    22.5528 0.0000e+00
     -0.067 1.0515e-13     6.7899     77.358     43.826  41.699178     4.2308      7.520   143.5589 6.5846e+01     4.0055     -0.066     -0.095    22.5545 0.0000e+00
     -0.067 9.5590e-15     6.7948     76.799     43.797  41.675532     4.2574      7.525   143.8933 6.5758e+01     4.0620     -0.066     -0.096    22.5576 0.0000e+00
     -0.067 8.6900e-16     6.7738     76.171     43.811  41.692946     4.2649      7.530   144.1445 6.5638e+01     4.0500     -0.066     -0.096    22.5613 0.0000e+00
     -0.067 7.8998e-17     6.7324     75.528     43.834  41.719330     4.2545      7.534   144.8757 6.5553e+01     3.9627     -0.066     -0.096    22.5651 0.0000e+00
     -0.067 7.1542e-18     6.6920     74.923     43.851  41.740669     4.2485      7.539   145.9378 6.5475e+01     3.9287     -0.066     -0.095    22.5690 0.0000e+00
     -0.067 3.4702e-19     6.6435     74.394     43.866  41.760549     4.2586      7.544   146.6610 6.5376e+01     3.9807     -0.065     -0.095    22.5732 0.0000e+00
     -0.067 -3.305e-18     6.5854     73.921     43.870  41.769314     4.2686      7.548   146.9941 6.5230e+01     4.0446     -0.066     -0.095    22.5775 0.0000e+00
     -0.067 -3.701e-17     6.5289     73.468     43.880  41.783182     4.2615      7.553   147.0407 6.5115e+01     4.0526     -0.066     -0.096    22.5824 0.0000e+00
     -0.067 -4.071e-16     6.4729     72.995     43.895  41.801297     4.2477      7.558   147.2243 6.5141e+01     4.0091     -0.065     -0.095    22.5884 0.0000e+00
     -0.067 -4.478e-15     6.4288     72.513     43.886  41.797937     4.2429      7.564   147.7513 6.5194e+01     3.9621     -0.066     -0.096    22.5943 0.0000e+00
     -0.067 -4.926e-14     6.3873     72.061     43.891  41.806029     4.2536      7.569   148.3372 6.5212e+01     3.9626     -0.065     -0.095    22.5997 0.0000e+00
     -0.067 -5.419e-13     6.3496     71.612     43.918  41.835674     4.2852      7.574   148.8016 6.5194e+01     4.0158     -0.065     -0.094    22.6049 0.0000e+00
     -0.067 -5.961e-12     6.3084     71.147     43.917  41.839032     4.3167      7.578   149.0637 6.5073e+01     4.0251     -0.065     -0.095    22.6100 0.0000e+00
     -0.067 -6.557e-11     6.2623     70.654     43.920  41.846638     4.3190      7.583   149.0974 6.5007e+01     4.0065     -0.066     -0.095    22.6148 0.0000e+00
     -0.067 -7.212e-10     6.2262     70.116     43.935  41.864181     4.3127      7.589   149.2088 6.5005e+01     3.9947     -0.065     -0.094    22.6194 0.0000e+00
     -0.067 -7.934e-09     6.1864     69.574     43.926  41.860740     4.3491      7.594   149.7226 6.4910e+01     3.9861     -0.066     -0.095    22.6239 0.0000e+00
     -0.067 -8.727e-08     6.1457     69.049     43.928  41.868506     4.4166      7.597   150.2331 6.4821e+01     4.0046     -0.065     -0.095    22.6287 0.0000e+00
     -0.067 -9.600e-07     6.1045     68.515     43.951  41.894612     4.4471      7.601   150.5631 6.4791e+01     4.0126     -0.065     -0.094    22.6338 0.0000e+00
     -0.067     -0.000     6.0551     67.973     43.976  41.922523     4.4354      7.606   150.7010 6.4845e+01     4.0146     -0.065     -0.095    22.6388 0.0000e+00
     -0.067     -0.000     6.0062     67.427     44.001  41.952103     4.4167      7.611   150.6102 6.4958e+01     4.0291     -0.065     -0.095    22.6441 0.0000e+00
     -0.067     -0.001     5.9628     66.860     44.044  41.998403     4.3865      7.613   150.9278 6.4979e+01     4.0515     -0.065     -0.095    22.6494 0.0000e+00
     -0.067     -0.004     5.9152     66.309     44.147  42.101522     4.3445      7.613   151.2713 6.5038e+01     4.0456     -0.065     -0.094    22.6549 0.0000e+00
     -0.067     -0.010     5.8668     65.783     44.296  42.246873     4.3085      7.613   150.8926 6.5312e+01     3.9928     -0.066     -0.095    22.6604 0.0000e+00
     -0.068     -0.021     5.8220     65.266     44.405  42.359503     4.2765      7.612   149.8765 6.5722e+01     3.9592     -0.067     -0.097    22.6660 0.0000e+00
     -0.070     -0.037     5.7691     64.858     44.470  42.447821     4.1577      7.609   148.8793 6.6537e+01     3.9802     -0.068     -0.098    22.6719 0.0000e+00
