Data/DataNotYetUploadedToEDI/Raw_CTD/RawDownloads/092324_fcr50_S7809001.cnv
* Sea-Bird SBE19plus  Data File:
* FileName = C:\R\Reservoirs\Data\DataNotYetUploadedToEDI\Raw_CTD\RawDownloads\092324_fcr50_S7809_0001.hex
* Software version 2.8.0.119
* Temperature SN = 7809
* Conductivity SN = 7809
* System UpLoad Time = Sep 23 2024 17:09:44
* <ApplicationData>
* <Seaterm232>
# nquan = 15
# nvalues = 1150                        
# units = specified
# name 0 = depFM: Depth [fresh water, m]
# name 1 = dz/dtM: Descent Rate [m/s]
# name 2 = sbeox0Mg/L: Oxygen, SBE 43 [mg/l]
# name 3 = sbeox0PS: Oxygen, SBE 43 [% saturation]
# name 4 = specc: Specific Conductance [uS/cm]
# name 5 = c0uS/cm: Conductivity [uS/cm]
# name 6 = flECO-AFL: Fluorescence, WET Labs ECO-AFL/FL [mg/m^3]
# name 7 = ph: pH
# name 8 = orp: Oxidation Reduction Potential [mV]
# name 9 = par/sat/log: PAR/Logarithmic, Satlantic
# name 10 = turbWETntu0: Turbidity, WET Labs ECO [NTU]
# name 11 = prdM: Pressure, Strain Gauge [db]
# name 12 = prdE: Pressure, Strain Gauge [psi]
# name 13 = tv290C: Temperature [ITS-90, deg C]
# name 14 = flag:  0.000e+00
# span 0 =     -0.665,      6.146       
# span 1 =     -0.240,      0.246       
# span 2 =     0.1774,     9.1304       
# span 3 =      1.861,    104.827       
# span 4 =      0.746,     70.057       
# span 5 =   0.692588,  57.422872       
# span 6 =    -0.0774,    69.4322       
# span 7 =      3.935,      7.978       
# span 8 =  -856.4472,   244.1051       
# span 9 = 1.2354e-01, 1.0666e+02       
# span 10 =     0.9301,   134.3907      
# span 11 =     -0.653,      6.037      
# span 12 =     -0.948,      8.755      
# span 13 =    13.3714,    24.7877      
# span 14 = 0.0000e+00, 0.0000e+00      
# interval = seconds: 0.25
# start_time = Sep 23 2024 13:08:18 [Instrument's time stamp, header]
# bad_flag = -9.990e-29
*END*
[from data line 675]
      4.853      0.023     6.2345     61.970     66.938  51.822321     0.9726      7.543   205.1380 1.2371e-01    19.2335      4.761      6.906    13.6977 0.0000e+00
      4.859      0.024     6.3334     61.852     66.930  51.797984     0.9745      7.543   205.3560 1.2369e-01    19.2526      4.767      6.914    13.6900 0.0000e+00
      4.863      0.025     6.4015     61.563     66.981  51.771654     0.9755      7.544   205.6762 1.2368e-01    19.2607      4.768      6.916    13.6772 0.0000e+00
      4.867      0.025     6.4318     61.114     67.066  51.757905     0.9520      7.545   205.9987 1.2368e-01    19.1956      4.772      6.921    13.6921 0.0000e+00
      4.875      0.027     6.4307     60.579     67.140  51.758648     0.9234      7.545   206.1574 1.2372e-01    19.1479      4.780      6.932    13.7156 0.0000e+00
      4.885      0.031     6.4208     60.150     67.203  51.780569     0.9208      7.545   206.0470 1.2374e-01    19.1622      4.791      6.949    13.7089 0.0000e+00
      4.892      0.036     6.3986     60.001     67.208  51.768918     0.9457      7.545   206.1260 1.2369e-01    19.2662      4.798      6.958    13.6477 0.0000e+00
      4.899      0.040     6.3616     60.149     67.207  51.744770     0.9829      7.544   206.4247 1.2363e-01    19.4494      4.803      6.964    13.5737 0.0000e+00
      4.910      0.041     6.3025     60.546     67.241  51.742579     1.0041      7.542   206.9050 1.2363e-01    19.5667      4.814      6.983    13.5339 0.0000e+00
      4.925      0.040     6.2514     61.133     67.268  51.742382     1.0024      7.542   207.6313 1.2368e-01    19.5576      4.830      7.005    13.5189 0.0000e+00
      4.939      0.039     6.2383     61.851     67.285  51.742366     0.9875      7.542   208.3230 1.2373e-01    19.4067      4.844      7.025    13.5148 0.0000e+00
      4.949      0.036     6.2583     62.657     67.296  51.742366     0.9823      7.542   208.9024 1.2375e-01    19.2795      4.855      7.041    13.4953 0.0000e+00
      4.954      0.032     6.3048     63.459     67.303  51.742375     0.9975      7.541   209.4735 1.2370e-01    19.3180      4.858      7.046    13.4684 0.0000e+00
      4.959      0.027     6.3715     64.137     67.308  51.742480     1.0131      7.541   209.9805 1.2359e-01    19.3604      4.861      7.051    13.4551 0.0000e+00
      4.966      0.024     6.4470     64.622     67.317  51.743626     1.0047      7.541   210.4711 1.2356e-01    19.3137      4.870      7.063    13.4467 0.0000e+00
      4.974      0.023     6.5364     64.904     67.341  51.756221     0.9787      7.541   210.9320 1.2359e-01    19.2316      4.879      7.077    13.4397 0.0000e+00
      4.979      0.024     6.6260     65.054     67.359  51.767757     0.9731      7.540   211.2514 1.2364e-01    19.2218      4.884      7.084    13.4367 0.0000e+00
      4.983      0.026     6.6985     65.144     67.347  51.756099     0.9874      7.540   211.6656 1.2370e-01    19.2977      4.886      7.088    13.4352 0.0000e+00
      4.988      0.028     6.7517     65.198     67.332  51.742254     1.0015      7.540   212.2401 1.2373e-01    19.3282      4.890      7.093    13.4295 0.0000e+00
      4.996      0.031     6.7777     65.213     67.315  51.727369     1.0026      7.540   212.6913 1.2373e-01    19.2838      4.898      7.104    13.4233 0.0000e+00
      5.006      0.035     6.7905     65.210     67.294  51.703125     0.9841      7.540   212.9909 1.2371e-01    19.2043      4.909      7.121    13.4245 0.0000e+00
      5.016      0.038     6.7994     65.207     67.310  51.703117     0.9690      7.540   213.2812 1.2367e-01    19.1534      4.918      7.133    13.4224 0.0000e+00
      5.026      0.039     6.8068     65.202     67.354  51.727258     0.9695      7.540   213.5339 1.2369e-01    19.1478      4.928      7.146    13.4177 0.0000e+00
      5.037      0.038     6.8063     65.193     67.379  51.740998     0.9655      7.540   213.8090 1.2378e-01    19.1699      4.940      7.165    13.4213 0.0000e+00
      5.047      0.037     6.8064     65.187     67.380  51.742237     0.9460      7.540   214.2849 1.2381e-01    19.2159      4.950      7.179    13.4149 0.0000e+00
      5.057      0.036     6.8083     65.195     67.375  51.742237     0.9333      7.539   214.8145 1.2379e-01    19.1910      4.958      7.191    13.4014 0.0000e+00
      5.066      0.035     6.8091     65.217     67.372  51.740998     0.9283      7.539   215.2221 1.2379e-01    19.1419      4.969      7.207    13.3949 0.0000e+00
      5.074      0.035     6.8084     65.244     67.359  51.727259     0.9363      7.539   215.5128 1.2380e-01    19.2377      4.976      7.218    13.3906 0.0000e+00
      5.081      0.036     6.8072     65.266     67.335  51.703119     0.9713      7.539   215.7479 1.2376e-01    19.4266      4.981      7.225    13.3904 0.0000e+00
      5.090      0.037     6.8077     65.297     67.341  51.703119     0.9933      7.538   216.0860 1.2367e-01    19.5126      4.991      7.239    13.3961 0.0000e+00
      5.100      0.037     6.8089     65.338     67.372  51.727261     0.9934      7.538   216.4180 1.2362e-01    19.4925      5.002      7.253    13.3987 0.0000e+00
      5.111      0.037     6.8142     65.373     67.384  51.741010     0.9725      7.537   216.5780 1.2362e-01    19.4908      5.011      7.268    13.3933 0.0000e+00
      5.121      0.036     6.8156     65.390     67.381  51.742363     0.9321      7.536   216.7300 1.2361e-01    19.5257      5.024      7.286    13.3886 0.0000e+00
      5.131      0.034     6.8197     65.392     67.381  51.743621     0.9221      7.536   217.0523 1.2359e-01    19.5730      5.032      7.299    13.3850 0.0000e+00
      5.138      0.029     6.8248     65.386     67.392  51.756216     0.9347      7.536   217.5489 1.2362e-01    19.5852      5.038      7.307    13.3837 0.0000e+00
      5.146      0.024     6.8282     65.389     67.397  51.767658     0.9507      7.535   218.0020 1.2366e-01    19.5027      5.047      7.319    13.3903 0.0000e+00
      5.152      0.020     6.8289     65.404     67.374  51.754965     0.9667      7.535   218.2283 1.2368e-01    19.3607      5.053      7.329    13.3944 0.0000e+00
      5.156      0.016     6.8295     65.396     67.341  51.729765     0.9612      7.535   218.3058 1.2368e-01    19.2685      5.056      7.334    13.3914 0.0000e+00
      5.158      0.015     6.8281     65.382     67.330  51.716961     0.9593      7.534   218.5953 1.2364e-01    19.2425      5.058      7.336    13.3939 0.0000e+00
      5.160      0.016     6.8250     65.368     67.355  51.727155     1.0017      7.534   219.2336 1.2362e-01    19.2506      5.060      7.339    13.4033 0.0000e+00
      5.163      0.021     6.8304     65.327     67.366  51.726002     1.0752      7.534   219.8291 1.2371e-01    19.2643      5.062      7.342    13.4075 0.0000e+00
      5.167      0.029     6.8270     65.300     67.343  51.703005     1.1071      7.534   220.2023 1.2378e-01    19.2370      5.066      7.347    13.4063 0.0000e+00
      5.174      0.040     6.8251     65.324     67.345  51.703109     1.0866      7.534   220.3905 1.2377e-01    19.2287      5.073      7.357    13.4037 0.0000e+00
      5.184      0.050     6.8284     65.363     67.377  51.727261     1.0700      7.533   220.7282 1.2375e-01    19.2664      5.082      7.371    13.3965 0.0000e+00
      5.200      0.056     6.8224     65.401     67.399  51.741011     1.0393      7.530   221.3595 1.2370e-01    19.3167      5.097      7.391    13.3874 0.0000e+00
      5.221      0.057     6.8175     65.460     67.403  51.742356     0.9805      7.529   221.8290 1.2365e-01    19.3582      5.120      7.425    13.3830 0.0000e+00
      5.242      0.053     6.8232     65.502     67.400  51.743510     0.9424      7.530   221.9307 1.2366e-01    19.3246      5.144      7.461    13.3838 0.0000e+00
      5.257      0.047     6.8284     65.508     67.407  51.754970     0.9289      7.530   222.1589 1.2369e-01    19.2521      5.159      7.483    13.3845 0.0000e+00
      5.264      0.041     6.8291     65.507     67.392  51.753920     0.9332      7.530   222.7819 1.2371e-01    19.3007      5.164      7.490    13.3810 0.0000e+00
      5.267      0.040     6.8395     65.504     67.346  51.730826     0.9609      7.530   223.2684 1.2369e-01    19.4689      5.165      7.491    13.3777 0.0000e+00
      5.271      0.046     6.8443     65.489     67.341  51.729765     0.9896      7.529   223.4812 1.2367e-01    19.5779      5.168      7.496    13.3815 0.0000e+00
      5.280      0.060     6.8414     65.463     67.368  51.741102     0.9971      7.529   223.5487 1.2376e-01    19.5596      5.175      7.506    13.3865 0.0000e+00
      5.296      0.075     6.8413     65.441     67.382  51.740887     0.9681      7.529   223.6533 1.2381e-01    19.5207      5.192      7.530    13.3924 0.0000e+00
      5.321      0.086     6.8391     65.426     67.374  51.727148     0.9226      7.527   223.9723 1.2374e-01    19.5513      5.216      7.564    13.4060 0.0000e+00
      5.353      0.090     6.8371     65.419     67.348  51.701976     0.9120      7.525   224.3078 1.2367e-01    19.6223      5.249      7.611    13.4099 0.0000e+00
      5.386      0.085     6.8353     65.438     67.338  51.690527     0.9402      7.525   224.5267 1.2364e-01    19.6963      5.286      7.667    13.3980 0.0000e+00
      5.411      0.075     6.8338     65.466     67.374  51.715717     0.9727      7.525   224.5537 1.2366e-01    19.6940      5.311      7.703    13.3889 0.0000e+00
      5.425      0.061     6.8343     65.485     67.424  51.752550     0.9879      7.525   224.5483 1.2370e-01    19.5606      5.322      7.719    13.3854 0.0000e+00
      5.432      0.046     6.8315     65.503     67.424  51.754858     0.9833      7.524   224.8051 1.2370e-01    19.4154      5.327      7.727    13.3808 0.0000e+00
      5.438      0.034     6.8361     65.531     67.398  51.743624     0.9831      7.524   225.0782 1.2370e-01    19.4077      5.333      7.735    13.3774 0.0000e+00
      5.446      0.026     6.8397     65.558     67.388  51.743738     0.9945      7.524   224.9250 1.2369e-01    19.4325      5.341      7.747    13.3762 0.0000e+00
      5.453      0.024     6.8414     65.573     67.404  51.756241     0.9957      7.524   224.6725 1.2366e-01    19.3405      5.348      7.757    13.3743 0.0000e+00
      5.458      0.024     6.8427     65.584     67.423  51.767788     0.9897      7.524   224.8660 1.2367e-01    19.2171      5.352      7.763    13.3745 0.0000e+00
      5.462      0.026     6.8444     65.599     67.408  51.756345     0.9803      7.525   225.2851 1.2366e-01    19.1707      5.357      7.769    13.3842 0.0000e+00
      5.467      0.027     6.8477     65.650     67.393  51.744885     0.9733      7.525   225.6958 1.2369e-01    19.3254      5.361      7.774    13.3931 0.0000e+00
      5.474      0.028     6.8468     65.691     67.411  51.756231     0.9800      7.525   225.7880 1.2375e-01    19.6184      5.366      7.783    13.3899 0.0000e+00
      5.485      0.030     6.8520     65.662     67.427  51.766528     0.9869      7.525   225.4533 1.2374e-01    19.7763      5.379      7.802    13.3856 0.0000e+00
      5.495      0.031     6.8481     65.616     67.397  51.742378     0.9894      7.525   225.2628 1.2371e-01    19.7651      5.392      7.820    13.3875 0.0000e+00
      5.502      0.032     6.8566     65.584     67.367  51.718236     0.9858      7.525   225.4628 1.2369e-01    19.7227      5.396      7.826    13.3882 0.0000e+00
      5.507      0.033     6.8663     65.560     67.383  51.728637     0.9759      7.525   225.6353 1.2367e-01    19.7073      5.399      7.830    13.3854 0.0000e+00
      5.515      0.036     6.8579     65.564     67.400  51.741128     0.9704      7.525   225.3698 1.2371e-01    19.7164      5.408      7.844    13.3841 0.0000e+00
      5.524      0.041     6.8523     65.567     67.403  51.742254     0.9767      7.524   225.1777 1.2375e-01    19.7636      5.418      7.859    13.3839 0.0000e+00
      5.534      0.047     6.8515     65.536     67.403  51.742252     0.9939      7.524   225.5497 1.2375e-01    19.8000      5.426      7.870    13.3819 0.0000e+00
      5.546      0.049     6.8461     65.527     67.403  51.741107     1.0031      7.524   225.9961 1.2374e-01    19.8492      5.436      7.884    13.3805 0.0000e+00
      5.564      0.049     6.8482     65.554     67.387  51.728410     0.9886      7.524   226.0149 1.2372e-01    19.9831      5.455      7.912    13.3804 0.0000e+00
      5.582      0.047     6.8525     65.548     67.370  51.715728     0.9686      7.523   225.9493 1.2372e-01    20.1204      5.477      7.944    13.3798 0.0000e+00
      5.595      0.043     6.8443     65.498     67.367  51.714782     0.9780      7.522   226.0623 1.2374e-01    20.2464      5.488      7.960    13.3790 0.0000e+00
      5.601      0.039     6.8422     65.458     67.368  51.716976     0.9935      7.522   226.1769 1.2376e-01    20.2422      5.492      7.966    13.3786 0.0000e+00
      5.606      0.035     6.8507     65.468     67.400  51.742254     0.9893      7.522   226.4750 1.2373e-01    20.0350      5.498      7.974    13.3783 0.0000e+00
      5.613      0.034     6.8494     65.495     67.430  51.766405     0.9858      7.522   226.8274 1.2372e-01    19.8600      5.504      7.982    13.3785 0.0000e+00
      5.622      0.036     6.8414     65.484     67.413  51.754972     0.9844      7.522   226.7378 1.2375e-01    19.7998      5.512      7.995    13.3798 0.0000e+00
      5.633      0.039     6.8352     65.454     67.382  51.731031     1.0141      7.521   226.5099 1.2372e-01    19.7159      5.525      8.013    13.3813 0.0000e+00
      5.644      0.042     6.8367     65.444     67.385  51.730946     1.0782      7.521   226.9977 1.2366e-01    19.5972      5.536      8.028    13.3815 0.0000e+00
      5.654      0.043     6.8452     65.469     67.419  51.753935     1.1103      7.521   227.8170 1.2361e-01    19.5608      5.543      8.040    13.3816 0.0000e+00
      5.666      0.041     6.8391     65.489     67.423  51.754975     1.1027      7.521   227.9842 1.2364e-01    19.5487      5.557      8.059    13.3835 0.0000e+00
      5.680      0.038     6.8372     65.503     67.408  51.743523     1.0776      7.522   227.7291 1.2371e-01    19.5188      5.571      8.080    13.3842 0.0000e+00
      5.690      0.033     6.8327     65.516     67.405  51.742472     1.0568      7.522   227.4858 1.2371e-01    19.5411      5.581      8.095    13.3813 0.0000e+00
      5.697      0.029     6.8407     65.494     67.403  51.742273     1.0598      7.522   227.7950 1.2367e-01    19.5792      5.588      8.105    13.3782 0.0000e+00
      5.702      0.026     6.8423     65.508     67.401  51.741119     1.0642      7.522   228.7150 1.2370e-01    19.6047      5.592      8.111    13.3770 0.0000e+00
      5.704      0.026     6.8403     65.566     67.385  51.728523     1.0512      7.522   229.0589 1.2375e-01    19.5757      5.594      8.113    13.3775 0.0000e+00
      5.708      0.026     6.8490     65.610     67.372  51.716978     1.0273      7.521   228.7700 1.2374e-01    19.5014      5.598      8.117    13.3789 0.0000e+00
      5.717      0.026     6.8381     65.640     67.389  51.728524     1.0177      7.521   229.0937 1.2369e-01    19.4583      5.605      8.129    13.3796 0.0000e+00
      5.728      0.026     6.8403     65.635     67.408  51.741119     1.0337      7.521   230.0464 1.2366e-01    19.4638      5.619      8.150    13.3802 0.0000e+00
      5.738      0.025     6.8518     65.622     67.411  51.742254     1.0549      7.520   230.6526 1.2370e-01    19.5347      5.630      8.166    13.3803 0.0000e+00
      5.743      0.023     6.8526     65.664     67.411  51.742253     1.0405      7.520   230.7455 1.2374e-01    19.5633      5.633      8.170    13.3787 0.0000e+00
      5.745      0.020     6.8594     65.705     67.409  51.741108     0.9926      7.521   230.6535 1.2371e-01    19.5030      5.634      8.172    13.3767 0.0000e+00
