Data/DataNotYetUploadedToEDI/Raw_CTD/RawDownloads/092324_bvr50_S8188001.cnv
* Sea-Bird SBE19plus  Data File:
* FileName = C:\R\Reservoirs\Data\DataNotYetUploadedToEDI\Raw_CTD\RawDownloads\092324_bvr50_S8188_0001.hex
* Software version 2.8.0.119
* Temperature SN = 8188
* Conductivity SN = 8188
* System UpLoad Time = Sep 23 2024 17:48:44
* <ApplicationData>
* <Seaterm232>
# nquan = 16
# nvalues = 2061                        
# units = specified
# name 0 = depFM: Depth [fresh water, m]
# name 1 = dz/dtM: Descent Rate [m/s]
# name 2 = sbeox0Mg/L: Oxygen, SBE 43 [mg/l]
# name 3 = sbeox0PS: Oxygen, SBE 43 [% saturation]
# name 4 = specc: Specific Conductance [uS/cm]
# name 5 = c0uS/cm: Conductivity [uS/cm]
# name 6 = wetCDOM: Fluorescence, WET Labs CDOM [mg/m^3]
# name 7 = flECO-AFL: Fluorescence, WET Labs ECO-AFL/FL [mg/m^3]
# name 8 = flECO-AFL1: Fluorescence, WET Labs ECO-AFL/FL, 2 [mg/m^3]
# name 9 = flECO-AFL2: Fluorescence, WET Labs ECO-AFL/FL, 3 [mg/m^3]
# name 10 = par/sat/log: PAR/Logarithmic, Satlantic
# name 11 = turbWETntu0: Turbidity, WET Labs ECO [NTU]
# name 12 = prdM: Pressure, Strain Gauge [db]
# name 13 = prdE: Pressure, Strain Gauge [psi]
# name 14 = tv290C: Temperature [ITS-90, deg C]
# name 15 = flag:  0.000e+00
# span 0 =     -0.746,      9.071       
# span 1 =     -0.246,      0.166       
# span 2 =    -0.3871,    10.7102       
# span 3 =     -4.230,    123.627       
# span 4 =      1.233,    214.993       
# span 5 =   1.125302, 152.007781       
# span 6 =    -4.5000,    85.0500       
# span 7 =    -0.2846,    70.7271       
# span 8 =    -2.1300,     0.4686       
# span 9 =    -2.0304,    11.6748       
# span 10 = 1.1587e-01, 1.7586e+02      
# span 11 =    -1.1102,    46.8679      
# span 12 =     -0.731,      8.896      
# span 13 =     -1.061,     12.902      
# span 14 =    10.3485,    22.5054      
# span 15 = 0.0000e+00, 0.0000e+00      
# interval = seconds: 0.25
# start_time = Sep 23 2024 11:06:13 [Instrument's time stamp, header]
# bad_flag = -9.990e-29
*END*
[from data line 1537]
      4.945      0.061     0.0751      0.680     90.586  69.259131    84.1500     4.1596     0.1704     1.3113 1.1607e-01     3.3160      4.850      7.034    13.3392 0.0000e+00
      4.961      0.063     0.0743      0.669     90.668  69.247596    84.1500     4.1940     0.1704     1.3113 1.1605e-01     3.3462      4.865      7.056    13.3196 0.0000e+00
      4.978      0.064     0.0734      0.664     90.753  69.240416    85.0500     4.1520     0.2130     1.1844 1.1605e-01     3.2556      4.882      7.080    13.2962 0.0000e+00
      4.995      0.065     0.0724      0.667     90.847  69.239663    85.0500     4.1520     0.2130     1.1844 1.1625e-01     3.2405      4.898      7.104    13.2644 0.0000e+00
      5.012      0.065     0.0713      0.673     90.963  69.249128    85.0500     3.8316     0.2130     1.1844 1.1615e-01     3.3613      4.914      7.128    13.2256 0.0000e+00
      5.028      0.064     0.0702      0.680     91.088  69.261353    85.0500     3.8659     0.2130     1.1844 1.1617e-01     3.3160      4.931      7.152    13.1846 0.0000e+00
      5.044      0.063     0.0697      0.681     91.198  69.263631    81.6300     3.8544     0.1278     1.1844 1.1612e-01     3.1498      4.947      7.175    13.1449 0.0000e+00
      5.060      0.061     0.0701      0.678     91.288  69.254572    81.6300     3.8811     0.1278     1.1844 1.1620e-01     3.2405      4.962      7.197    13.1051 0.0000e+00
      5.076      0.059     0.0708      0.674     91.384  69.253708    81.6300     3.6790     0.1278     1.1844 1.1612e-01     2.8930      4.977      7.219    13.0619 0.0000e+00
      5.090      0.058     0.0716      0.672     91.520  69.288742    81.6300     3.6637     0.1278     1.1844 1.1620e-01     2.8326      4.992      7.240    13.0162 0.0000e+00
      5.104      0.057     0.0717      0.668     91.728  69.382980    81.6300     3.6523     0.1278     1.1844 1.1600e-01     2.8326      5.006      7.260    12.9716 0.0000e+00
      5.118      0.057     0.0714      0.666     92.041  69.557562    78.6600     3.6446     0.1704     1.0998 1.1623e-01     2.8779      5.019      7.279    12.9292 0.0000e+00
      5.132      0.057     0.0712      0.666     92.485  69.829108    78.6600     3.8583     0.1704     1.0998 1.1602e-01     2.8628      5.033      7.299    12.8892 0.0000e+00
      5.146      0.059     0.0709      0.666     93.053  70.192207    78.6600     3.8468     0.1704     1.0998 1.1620e-01     2.8930      5.047      7.320    12.8521 0.0000e+00
      5.161      0.061     0.0707      0.665     93.548  70.498230    78.6600     3.8506     0.1704     1.0998 1.1617e-01     2.8477      5.061      7.341    12.8177 0.0000e+00
      5.177      0.063     0.0705      0.660     93.778  70.605276    75.7800     3.8316     0.1704     1.1421 1.1607e-01     2.8477      5.077      7.363    12.7841 0.0000e+00
      5.193      0.064     0.0705      0.652     93.907  70.639676    75.7800     3.4730     0.1704     1.1421 1.1623e-01     2.7571      5.093      7.387    12.7497 0.0000e+00
      5.211      0.065     0.0705      0.647     94.139  70.758275    75.7800     3.4882     0.1704     1.1421 1.1612e-01     2.7571      5.110      7.411    12.7143 0.0000e+00
      5.228      0.065     0.0705      0.646     94.479  70.962764    75.7800     3.4577     0.1704     1.1421 1.1617e-01     2.8628      5.127      7.436    12.6783 0.0000e+00
      5.245      0.065     0.0700      0.653     94.895  71.225856    75.6000     3.4959     0.1278     1.0152 1.1610e-01     2.8779      5.144      7.460    12.6427 0.0000e+00
      5.261      0.064     0.0693      0.665     95.348  71.517925    75.6000     3.3089     0.1278     1.0152 1.1617e-01     2.5154      5.160      7.484    12.6094 0.0000e+00
      5.277      0.062     0.0688      0.678     95.752  71.781151    75.6000     3.2899     0.1278     1.0152 1.1602e-01     2.6815      5.176      7.506    12.5797 0.0000e+00
      5.293      0.060     0.0688      0.687     96.082  71.999912    75.6000     3.2822     0.1278     1.0152 1.1607e-01     2.5909      5.191      7.528    12.5527 0.0000e+00
      5.308      0.059     0.0695      0.689     96.415  72.226558    72.8100     3.2822     0.1278     0.9306 1.1605e-01     2.5607      5.205      7.550    12.5265 0.0000e+00
      5.323      0.058     0.0708      0.682     96.832  72.513544    72.8100     3.3318     0.1278     0.9306 1.1623e-01     2.8024      5.220      7.571    12.5015 0.0000e+00
      5.337      0.057     0.0723      0.666     97.361  72.879525    72.8100     3.3166     0.1278     0.9306 1.1605e-01     2.7873      5.234      7.591    12.4806 0.0000e+00
      5.351      0.057     0.0732      0.649     98.022  73.338272    72.8100     3.3051     0.1278     0.9306 1.1612e-01     2.8326      5.248      7.611    12.4655 0.0000e+00
      5.365      0.057     0.0735      0.632     98.881  73.934283    72.8100     3.3356     0.1278     0.9306 1.1620e-01     2.8024      5.262      7.632    12.4538 0.0000e+00
      5.379      0.058     0.0727      0.619    100.000  74.708740    70.3800     3.3089     0.1278     1.0152 1.1623e-01     2.5607      5.276      7.652    12.4411 0.0000e+00
      5.394      0.060     0.0711      0.613    101.253  75.566777    70.3800     3.2937     0.1278     1.0152 1.1617e-01     2.5456      5.290      7.672    12.4260 0.0000e+00
      5.409      0.062     0.0693      0.611    102.374  76.316042    70.3800     3.2860     0.1278     1.0152 1.1617e-01     2.5758      5.305      7.694    12.4079 0.0000e+00
      5.425      0.065     0.0675      0.614    103.238  76.870895    70.3800     3.3127     0.1278     1.0152 1.1600e-01     2.6211      5.320      7.716    12.3848 0.0000e+00
      5.442      0.067     0.0661      0.622    103.911  77.287468    68.5800     2.9809     0.1278     0.9729 1.1615e-01     2.6815      5.337      7.740    12.3540 0.0000e+00
      5.460      0.070     0.0655      0.634    104.557  77.684829    68.5800     2.9732     0.1278     0.9729 1.1600e-01     2.9535      5.354      7.766    12.3158 0.0000e+00
      5.478      0.071     0.0654      0.647    105.274  78.133006    68.5800     2.9809     0.1278     0.9729 1.1612e-01     2.8175      5.372      7.792    12.2731 0.0000e+00
      5.497      0.072     0.0658      0.657    106.045  78.619756    68.5800     2.9885     0.1278     0.9729 1.1615e-01     2.8779      5.391      7.818    12.2297 0.0000e+00
      5.516      0.071     0.0667      0.658    106.819  79.115171    68.3100     2.8092     0.1278     0.9729 1.1607e-01     2.1377      5.409      7.845    12.1886 0.0000e+00
      5.534      0.070     0.0681      0.654    107.579  79.609615    68.3100     2.7978     0.1278     0.9729 1.1617e-01     2.1528      5.427      7.871    12.1490 0.0000e+00
      5.552      0.069     0.0696      0.649    108.359  80.127133    68.3100     2.8016     0.1278     0.9729 1.1605e-01     2.2435      5.445      7.897    12.1085 0.0000e+00
      5.569      0.067     0.0707      0.645    109.170  80.673960    68.3100     2.8092     0.1278     0.9729 1.1610e-01     2.1528      5.462      7.922    12.0684 0.0000e+00
      5.586      0.066     0.0709      0.639    109.992  81.234196    65.3400     2.7978     0.1278     0.8883 1.1597e-01     2.3492      5.478      7.946    12.0316 0.0000e+00
      5.603      0.065     0.0704      0.634    110.865  81.835447    65.3400     2.8092     0.1278     0.8883 1.1617e-01     2.5003      5.495      7.969    11.9994 0.0000e+00
      5.619      0.064     0.0700      0.631    111.836  82.510262    65.3400     2.8016     0.1278     0.8883 1.1607e-01     2.3190      5.510      7.992    11.9717 0.0000e+00
      5.635      0.064     0.0695      0.630    112.893  83.246908    65.3400     2.8016     0.1278     0.8883 1.1610e-01     2.3794      5.526      8.014    11.9476 0.0000e+00
      5.651      0.065     0.0690      0.630    113.962  83.990230    65.3400     2.8283     0.1278     0.8883 1.1610e-01     2.3039      5.541      8.037    11.9261 0.0000e+00
      5.667      0.066     0.0685      0.631    114.929  84.656889    65.7000     2.8092     0.1278     0.8037 1.1600e-01     2.3794      5.557      8.060    11.9063 0.0000e+00
      5.684      0.068     0.0682      0.631    115.694  85.175042    65.7000     2.8016     0.1278     0.8037 1.1602e-01     2.3643      5.574      8.084    11.8875 0.0000e+00
      5.702      0.068     0.0680      0.636    116.232  85.531088    65.7000     2.8168     0.1278     0.8037 1.1633e-01     2.3039      5.592      8.110    11.8684 0.0000e+00
      5.720      0.068     0.0681      0.645    116.638  85.798006    65.7000     2.6337     0.1278     0.8037 1.1623e-01     2.3643      5.610      8.136    11.8486 0.0000e+00
      5.738      0.067     0.0682      0.647    117.064  86.088910    64.6200     2.6261     0.1278     0.6768 1.1625e-01     2.3945      5.628      8.162    11.8282 0.0000e+00
      5.755      0.065     0.0683      0.644    117.620  86.481373    64.6200     2.6299     0.1278     0.6768 1.1615e-01     2.2737      5.644      8.186    11.8084 0.0000e+00
      5.772      0.062     0.0689      0.641    118.294  86.960227    64.6200     2.6223     0.1278     0.6768 1.1633e-01     2.3492      5.660      8.209    11.7910 0.0000e+00
      5.787      0.060     0.0698      0.638    118.971  87.437475    64.6200     2.6948     0.1278     0.6768 1.1617e-01     2.3341      5.675      8.231    11.7774 0.0000e+00
      5.802      0.057     0.0701      0.633    119.486  87.794727    63.0900     2.6719     0.1278     0.6768 1.1602e-01     2.3945      5.689      8.252    11.7677 0.0000e+00
      5.816      0.054     0.0697      0.623    119.696  87.935507    63.0900     2.7062     0.1278     0.6768 1.1607e-01     2.3341      5.703      8.272    11.7604 0.0000e+00
      5.829      0.051     0.0694      0.612    119.549  87.833443    63.0900     2.6871     0.1278     0.6768 1.1612e-01     2.4398      5.717      8.291    11.7535 0.0000e+00
      5.842      0.048     0.0691      0.607    119.103  87.533219    63.0900     2.6719     0.1278     0.6768 1.1628e-01     2.3643      5.729      8.309    11.7450 0.0000e+00
      5.854      0.045     0.0686      0.610    118.535  87.158499    63.0900     2.6795     0.1278     0.6768 1.1623e-01     2.3341      5.741      8.327    11.7359 0.0000e+00
      5.866      0.043     0.0675      0.616    118.004  86.813079    61.2900     2.6795     0.1278     0.7614 1.1623e-01     2.4096      5.752      8.343    11.7305 0.0000e+00
      5.876      0.040     0.0663      0.617    117.557  86.522682    61.2900     2.6757     0.1278     0.7614 1.1605e-01     2.3643      5.762      8.357    11.7328 0.0000e+00
      5.885      0.039     0.0657      0.615    117.244  86.319712    61.2900     2.6375     0.1278     0.7614 1.1628e-01     2.3794      5.771      8.370    11.7444 0.0000e+00
      5.894      0.038     0.0660      0.613    117.136  86.255890    61.2900     2.6375     0.1278     0.7614 1.1617e-01     2.3643      5.780      8.383    11.7625 0.0000e+00
      5.903      0.038     0.0667      0.607    117.216  86.318189    60.9300     2.6299     0.1278     0.6768 1.1617e-01     2.3945      5.789      8.396    11.7818 0.0000e+00
      5.913      0.039     0.0668      0.596    117.405  86.447336    60.9300     2.6070     0.1278     0.6768 1.1610e-01     2.3190      5.798      8.410    11.7981 0.0000e+00
      5.923      0.041     0.0666      0.581    117.718  86.651808    60.9300     2.6337     0.1278     0.6768 1.1610e-01     2.3039      5.808      8.425    11.8096 0.0000e+00
      5.934      0.043     0.0663      0.568    118.255  87.008097    60.9300     2.6375     0.1278     0.6768 1.1610e-01     2.3794      5.819      8.440    11.8162 0.0000e+00
      5.945      0.044     0.0657      0.560    119.083  87.567275    60.8400     2.6223     0.1278     0.7614 1.1600e-01     2.3341      5.830      8.455    11.8178 0.0000e+00
      5.956      0.046     0.0645      0.559    120.180  88.310695    60.8400     2.6070     0.1278     0.7614 1.1623e-01     2.3190      5.841      8.472    11.8136 0.0000e+00
      5.968      0.047     0.0629      0.561    121.488  89.194939    60.8400     2.5879     0.1278     0.7614 1.1620e-01     2.5456      5.853      8.489    11.8029 0.0000e+00
      5.981      0.048     0.0614      0.569    122.921  90.158201    60.8400     2.5574     0.1278     0.7614 1.1615e-01     2.6664      5.865      8.507    11.7869 0.0000e+00
      5.994      0.049     0.0607      0.583    124.336  91.099809    61.0200     2.5803     0.1278     0.6345 1.1617e-01     2.6211      5.877      8.525    11.7663 0.0000e+00
      6.006      0.049     0.0606      0.598    125.655  91.973224    61.0200     2.5879     0.1278     0.6345 1.1610e-01     2.5607      5.890      8.543    11.7403 0.0000e+00
      6.019      0.049     0.0609      0.611    126.942  92.833564    61.0200     2.4735     0.1278     0.6345 1.1605e-01     2.3794      5.902      8.561    11.7091 0.0000e+00
      6.031      0.049     0.0618      0.618    128.218  93.698493    61.0200     2.4163     0.1278     0.6345 1.1617e-01     2.3492      5.915      8.579    11.6733 0.0000e+00
      6.044      0.050     0.0634      0.620    129.402  94.502982    61.0200     2.4354     0.1278     0.6345 1.1610e-01     2.1528      5.927      8.596    11.6346 0.0000e+00
      6.056      0.050     0.0651      0.619    130.483  95.233802    60.9300     2.4582     0.1278     0.6768 1.1625e-01     2.2586      5.939      8.614    11.5973 0.0000e+00
      6.069      0.051     0.0665      0.617    131.499  95.920007    60.9300     2.3858     0.1278     0.6768 1.1600e-01     2.5003      5.951      8.632    11.5649 0.0000e+00
      6.082      0.052     0.0673      0.608    132.421  96.540783    60.9300     2.3858     0.1278     0.6768 1.1615e-01     2.5758      5.964      8.651    11.5378 0.0000e+00
      6.096      0.053     0.0675      0.595    133.222  97.079842    60.9300     2.3514     0.1278     0.6768 1.1605e-01     2.5607      5.978      8.670    11.5141 0.0000e+00
      6.109      0.053     0.0675      0.585    133.931  97.557047    59.8500     2.4010     0.1278     0.7614 1.1605e-01     2.5758      5.991      8.689    11.4915 0.0000e+00
      6.123      0.054     0.0673      0.583    134.568  97.985753    59.8500     2.4430     0.1278     0.7614 1.1628e-01     2.4701      6.005      8.709    11.4701 0.0000e+00
      6.137      0.054     0.0664      0.586    135.147  98.376374    59.8500     2.4354     0.1278     0.7614 1.1623e-01     2.5909      6.018      8.728    11.4506 0.0000e+00
      6.151      0.054     0.0649      0.590    135.693  98.745149    59.8500     2.4506     0.1278     0.7614 1.1610e-01     2.5607      6.031      8.748    11.4334 0.0000e+00
      6.164      0.054     0.0639      0.590    136.228  99.106490    58.7700     2.4430     0.1278     0.7191 1.1628e-01     2.6362      6.045      8.767    11.4185 0.0000e+00
      6.178      0.055     0.0637      0.586    136.760  99.466826    58.7700     2.4888     0.1278     0.7191 1.1628e-01     2.5456      6.059      8.787    11.4055 0.0000e+00
      6.192      0.056     0.0640      0.584    137.292  99.828323    58.7700     2.5116     0.1278     0.7191 1.1617e-01     2.5607      6.073      8.807    11.3938 0.0000e+00
      6.206      0.057     0.0644      0.582    137.832 100.195454    58.7700     2.5040     0.1278     0.7191 1.1623e-01     2.5909      6.087      8.827    11.3830 0.0000e+00
      6.221      0.059     0.0644      0.577    138.383 100.570194    59.2200     2.4735     0.1278     0.6768 1.1612e-01     2.6211      6.101      8.848    11.3728 0.0000e+00
      6.236      0.060     0.0640      0.567    138.947 100.952549    59.2200     2.4964     0.1278     0.6768 1.1607e-01     2.5909      6.115      8.869    11.3631 0.0000e+00
      6.251      0.062     0.0638      0.553    139.511 101.334561    59.2200     2.5002     0.1278     0.6768 1.1612e-01     2.6211      6.130      8.891    11.3539 0.0000e+00
