Data/DataNotYetUploadedToEDI/Raw_CTD/RawDownloads/092523_fcr50_S8188001.cnv
* Sea-Bird SBE19plus  Data File:
* FileName = C:\R\Reservoirs\Data\DataNotYetUploadedToEDI\Raw_CTD\RawDownloads\092523_fcr50_S8188_0001.hex
* Software version 2.8.0.119
* Temperature SN = 8188
* Conductivity SN = 8188
* System UpLoad Time = Sep 25 2023 16:34:24
* <ApplicationData>
* <Seaterm232>
# nquan = 16
# nvalues = 1709                        
# units = specified
# name 0 = depFM: Depth [fresh water, m]
# name 1 = dz/dtM: Descent Rate [m/s]
# name 2 = sbeox0Mg/L: Oxygen, SBE 43 [mg/l]
# name 3 = sbeox0PS: Oxygen, SBE 43 [% saturation]
# name 4 = specc: Specific Conductance [uS/cm]
# name 5 = c0uS/cm: Conductivity [uS/cm]
# name 6 = wetCDOM: Fluorescence, WET Labs CDOM [mg/m^3]
# name 7 = flECO-AFL: Fluorescence, WET Labs ECO-AFL/FL [mg/m^3]
# name 8 = flECO-AFL1: Fluorescence, WET Labs ECO-AFL/FL, 2 [mg/m^3]
# name 9 = flECO-AFL2: Fluorescence, WET Labs ECO-AFL/FL, 3 [mg/m^3]
# name 10 = par/sat/log: PAR/Logarithmic, Satlantic
# name 11 = turbWETntu0: Turbidity, WET Labs ECO [NTU]
# name 12 = prdM: Pressure, Strain Gauge [db]
# name 13 = prdE: Pressure, Strain Gauge [psi]
# name 14 = tv290C: Temperature [ITS-90, deg C]
# name 15 = flag:  0.000e+00
# span 0 =     -0.652,      9.549       
# span 1 =     -0.249,      0.114       
# span 2 =     0.0849,     6.2211       
# span 3 =      0.788,     67.810       
# span 4 =      0.565,    483.890       
# span 5 =   0.506342, 357.267139       
# span 6 =    -4.5000,     5.3100       
# span 7 =    -0.1498,    12.7707       
# span 8 =    -2.1300,     0.9372       
# span 9 =    -2.0304,     5.1606       
# span 10 = 1.1585e-01, 5.3955e+02      
# span 11 =    -0.5286,   126.9871      
# span 12 =     -0.639,      9.365      
# span 13 =     -0.927,     13.583      
# span 14 =    11.9073,    19.8660      
# span 15 = 0.0000e+00, 0.0000e+00      
# interval = seconds: 0.25
# start_time = Sep 25 2023 11:55:58 [Instrument's time stamp, header]
# bad_flag = -9.990e-29
*END*
[from data line 1356]
      9.259     -0.226     0.2223      2.538    461.632 340.936754     0.0000    -0.1041     0.0000     0.0423 1.1610e-01    -0.4084      9.080     13.169    11.9183 0.0000e+00
      9.192     -0.242     0.2340      2.641    448.119 330.972359     0.0000    -0.1269     0.0000     0.0846 1.1620e-01    -0.4534      9.014     13.074    11.9199 0.0000e+00
      9.122     -0.249     0.2473      2.724    427.177 315.520982     0.0000    -0.1193     0.0000     0.0846 1.1628e-01     1.7259      8.946     12.975    11.9216 0.0000e+00
      9.053     -0.246     0.2610      2.782    396.509 292.886567     0.0000    -0.1041     0.0000     0.0846 1.1617e-01     1.6959      8.878     12.876    11.9234 0.0000e+00
      8.988     -0.236     0.2736      2.830    356.046 263.016417     0.0000    -0.1308     0.0000     0.0846 1.1612e-01     1.8311      8.814     12.783    11.9254 0.0000e+00
      8.928     -0.221     0.2847      2.876    308.143 227.647861     0.9900    -0.1193     0.2982     1.7343 1.1612e-01     1.8011      8.756     12.699    11.9277 0.0000e+00
      8.875     -0.205     0.2936      2.923    252.633 186.655728     0.9900     0.1477     0.2982     1.7343 1.1612e-01    29.6369      8.704     12.624    11.9304 0.0000e+00
      8.828     -0.190     0.3000      2.982    194.440 143.678709     0.9900     0.1401     0.2982     1.7343 1.1615e-01    29.6669      8.658     12.557    11.9337 0.0000e+00
      8.784     -0.177     0.3051      3.069    147.792 109.233049     0.9900     0.1019     0.2982     1.7343 1.1617e-01    29.5166      8.614     12.494    11.9378 0.0000e+00
      8.741     -0.167     0.3100      3.201    117.587  86.938409     2.9700     0.1325     0.6390     2.2419 1.1628e-01    29.6068      8.572     12.432    11.9428 0.0000e+00
      8.699     -0.159     0.3151      3.414     98.762  73.055009     2.9700     0.3118     0.6390     2.2419 1.1595e-01    51.3554      8.531     12.373    11.9491 0.0000e+00
      8.660     -0.154     0.3215      3.758     87.210  64.546766     2.9700     0.2851     0.6390     2.2419 1.1615e-01    51.3705      8.492     12.317    11.9573 0.0000e+00
      8.622     -0.150     0.3307      4.286     80.062  59.291504     2.9700     0.2889     0.6390     2.2419 1.1607e-01    51.4306      8.456     12.264    11.9686 0.0000e+00
      8.586     -0.149     0.3449      5.054     75.547  55.979002     3.4200     0.3003     0.6816     1.9035 1.1610e-01    51.5057      8.420     12.212    11.9835 0.0000e+00
      8.550     -0.149     0.3677      6.094     72.589  53.813141     3.4200     0.5025     0.6816     1.9035 1.1612e-01    46.3053      8.384     12.161    12.0012 0.0000e+00
      8.512     -0.151     0.4045      7.389     70.549  52.321413     3.4200     0.4987     0.6816     1.9035 1.1620e-01    46.1249      8.348     12.107    12.0202 0.0000e+00
      8.474     -0.154     0.4612      8.877     69.094  51.258642     3.4200     0.4834     0.6816     1.9035 1.1620e-01    46.2302      8.310     12.052    12.0390 0.0000e+00
      8.434     -0.159     0.5436     10.463     68.041  50.490076     3.4200     0.5063     0.6816     1.9035 1.1623e-01    46.1700      8.271     11.995    12.0562 0.0000e+00
      8.393     -0.163     0.6553     12.038     67.260  49.919774     3.9600     0.5712     0.7668     1.9458 1.1605e-01    57.2923      8.230     11.937    12.0712 0.0000e+00
      8.350     -0.166     0.7944     13.501     66.717  49.524481     3.9600     0.5712     0.7668     1.9458 1.1610e-01    57.2773      8.189     11.877    12.0838 0.0000e+00
      8.307     -0.169     0.9542     14.774     66.412  49.303825     3.9600     0.5712     0.7668     1.9458 1.1623e-01    57.2773      8.147     11.816    12.0940 0.0000e+00
      8.263     -0.170     1.1246     15.811     66.269  49.202929     3.9600     0.5712     0.7668     1.9458 1.1625e-01    57.2623      8.103     11.753    12.1021 0.0000e+00
      8.219     -0.170     1.2937     16.608     66.189  49.147322     4.2300     0.4338     0.7668     1.7343 1.1590e-01    36.2501      8.060     11.690    12.1084 0.0000e+00
      8.174     -0.169     1.4508     17.200     66.106  49.088485     4.2300     0.4376     0.7668     1.7343 1.1615e-01    36.3403      8.016     11.626    12.1134 0.0000e+00
      8.131     -0.166     1.5876     17.626     66.028  49.032528     4.2300     0.4224     0.7668     1.7343 1.1620e-01    36.1750      7.974     11.565    12.1175 0.0000e+00
      8.089     -0.162     1.6989     17.922     65.964  48.986332     4.2300     0.4186     0.7668     1.7343 1.1605e-01    36.2051      7.933     11.506    12.1208 0.0000e+00
      8.049     -0.158     1.7845     18.122     65.871  48.917757     4.2300     0.4338     0.6816     1.3113 1.1597e-01    25.0978      7.893     11.448    12.1236 0.0000e+00
      8.009     -0.154     1.8479     18.247     65.718  48.804553     4.2300     0.4262     0.6816     1.3113 1.1605e-01    24.9174      7.854     11.392    12.1258 0.0000e+00
      7.970     -0.151     1.8936     18.306     65.516  48.654189     4.2300     0.4643     0.6816     1.3113 1.1625e-01    24.9024      7.816     11.336    12.1274 0.0000e+00
      7.932     -0.147     1.9255     18.317     65.330  48.515750     4.2300     0.4376     0.6816     1.3113 1.1617e-01    24.9625      7.779     11.282    12.1284 0.0000e+00
      7.895     -0.145     1.9470     18.295     65.218  48.431594     4.2300     0.3728     0.6816     1.3113 1.1607e-01    21.5507      7.743     11.230    12.1289 0.0000e+00
      7.859     -0.143     1.9604     18.244     65.157  48.385224     4.4100     0.3575     0.6816     0.8460 1.1615e-01    21.5958      7.707     11.179    12.1290 0.0000e+00
      7.824     -0.142     1.9668     18.173     65.111  48.350402     4.4100     0.3881     0.6816     0.8460 1.1617e-01    21.5958      7.673     11.128    12.1288 0.0000e+00
      7.788     -0.142     1.9680     18.097     65.076  48.323787     4.4100     0.3842     0.6816     0.8460 1.1633e-01    21.6258      7.638     11.078    12.1284 0.0000e+00
      7.752     -0.142     1.9656     18.019     65.039  48.296302     4.4100     0.4338     0.6816     0.8460 1.1633e-01    22.8282      7.602     11.026    12.1277 0.0000e+00
      7.715     -0.142     1.9601     17.947     64.974  48.248725     4.5000     0.4643     0.5964     0.7614 1.1620e-01    22.9334      7.566     10.973    12.1269 0.0000e+00
      7.678     -0.142     1.9526     17.887     64.884  48.182241     4.5000     0.4567     0.5964     0.7614 1.1617e-01    22.8433      7.530     10.921    12.1263 0.0000e+00
      7.642     -0.141     1.9444     17.838     64.769  48.096959     4.5000     0.4415     0.5964     0.7614 1.1607e-01    22.7381      7.494     10.869    12.1259 0.0000e+00
      7.606     -0.139     1.9361     17.799     64.614  47.982028     4.5000     0.3995     0.5964     0.7614 1.1612e-01    21.3853      7.459     10.818    12.1258 0.0000e+00
      7.571     -0.135     1.9283     17.772     64.439  47.852380     4.5000     0.3728     0.5112     0.5922 1.1623e-01    21.3703      7.424     10.768    12.1260 0.0000e+00
      7.536     -0.130     1.9218     17.756     64.273  47.728932     4.5000     0.3728     0.5112     0.5922 1.1612e-01    21.4455      7.390     10.719    12.1263 0.0000e+00
      7.502     -0.124     1.9166     17.746     64.138  47.628310     4.5000     0.3652     0.5112     0.5922 1.1605e-01    21.3703      7.357     10.670    12.1266 0.0000e+00
      7.470     -0.117     1.9123     17.740     64.057  47.567279     4.5000     0.3804     0.5112     0.5922 1.1628e-01    17.9735      7.325     10.625    12.1269 0.0000e+00
      7.442     -0.111     1.9094     17.737     64.008  47.529564     4.5000     0.3575     0.4260     0.5076 1.1620e-01    17.9735      7.297     10.585    12.1272 0.0000e+00
      7.416     -0.106     1.9077     17.743     63.956  47.489254     4.5000     0.3842     0.4260     0.5076 1.1610e-01    18.0036      7.272     10.548    12.1272 0.0000e+00
      7.392     -0.103     1.9067     17.762     63.907  47.451453     4.5000     0.3804     0.4260     0.5076 1.1612e-01    18.0036      7.249     10.514    12.1269 0.0000e+00
      7.368     -0.102     1.9060     17.793     63.874  47.425898     4.5000     0.5139     0.4260     0.5076 1.1610e-01    24.0457      7.225     10.479    12.1260 0.0000e+00
      7.342     -0.103     1.9058     17.830     63.853  47.409738     4.5000     0.4720     0.4260     0.5076 1.1605e-01    24.0457      7.200     10.443    12.1248 0.0000e+00
      7.315     -0.106     1.9065     17.870     63.833  47.394701     4.4100     0.4949     0.4260     0.4230 1.1612e-01    24.1058      7.173     10.405    12.1235 0.0000e+00
      7.287     -0.109     1.9086     17.917     63.799  47.368849     4.4100     0.5101     0.4260     0.4230 1.1623e-01    24.0306      7.146     10.365    12.1224 0.0000e+00
      7.259     -0.112     1.9119     17.964     63.751  47.333217     4.4100     0.4109     0.4260     0.4230 1.1617e-01    26.3753      7.118     10.324    12.1216 0.0000e+00
      7.230     -0.115     1.9159     18.003     63.706  47.300100     4.4100     0.4262     0.4260     0.4230 1.1628e-01    26.4806      7.090     10.284    12.1211 0.0000e+00
      7.200     -0.117     1.9203     18.034     63.668  47.272557     4.4100     0.4033     0.4686     0.4230 1.1612e-01    26.4655      7.061     10.242    12.1208 0.0000e+00
      7.170     -0.119     1.9252     18.063     63.630  47.245227     4.4100     0.4300     0.4686     0.4230 1.1607e-01    26.4204      7.032     10.199    12.1206 0.0000e+00
      7.139     -0.120     1.9303     18.095     63.583  47.210821     4.4100     0.3728     0.4686     0.4230 1.1623e-01    22.8583      7.001     10.154    12.1206 0.0000e+00
      7.107     -0.122     1.9345     18.127     63.530  47.172055     4.4100     0.3919     0.4686     0.4230 1.1597e-01    22.8132      6.970     10.109    12.1208 0.0000e+00
      7.077     -0.125     1.9378     18.156     63.473  47.130480     4.4100     0.3804     0.4686     0.4230 1.1617e-01    22.7831      6.940     10.065    12.1212 0.0000e+00
      7.046     -0.128     1.9409     18.186     63.408  47.082937     4.4100     0.3881     0.4686     0.4230 1.1615e-01    22.9184      6.909     10.021    12.1219 0.0000e+00
      7.014     -0.131     1.9444     18.216     63.350  47.040528     4.4100     0.3118     0.4686     0.4230 1.1617e-01    19.0106      6.878      9.976    12.1225 0.0000e+00
      6.980     -0.134     1.9477     18.244     63.305  47.007799     4.4100     0.3232     0.4686     0.4230 1.1605e-01    19.0106      6.845      9.928    12.1229 0.0000e+00
      6.945     -0.138     1.9508     18.272     63.266  46.979985     4.4100     0.3156     0.4260     0.2538 1.1610e-01    19.0256      6.810      9.877    12.1233 0.0000e+00
      6.908     -0.141     1.9540     18.300     63.229  46.953632     4.4100     0.3308     0.4260     0.2538 1.1633e-01    18.9354      6.774      9.825    12.1237 0.0000e+00
      6.871     -0.143     1.9572     18.333     63.184  46.921713     4.4100     0.3041     0.4260     0.2538 1.1617e-01    17.7481      6.738      9.772    12.1245 0.0000e+00
      6.834     -0.145     1.9602     18.374     63.132  46.883643     4.4100     0.3194     0.4260     0.2538 1.1620e-01    17.7631      6.702      9.721    12.1254 0.0000e+00
      6.798     -0.147     1.9631     18.422     63.084  46.849087     4.4100     0.2927     0.4260     0.2538 1.1605e-01    17.8533      6.667      9.669    12.1265 0.0000e+00
      6.761     -0.149     1.9661     18.473     63.052  46.826664     4.5000     0.3156     0.4686     0.3384 1.1612e-01    17.8533      6.630      9.616    12.1274 0.0000e+00
      6.722     -0.150     1.9697     18.522     63.037  46.816342     4.5000     0.3232     0.4686     0.3384 1.1612e-01    19.2060      6.592      9.561    12.1281 0.0000e+00
      6.682     -0.151     1.9740     18.571     63.026  46.809421     4.5000     0.3079     0.4686     0.3384 1.1623e-01    19.2962      6.553      9.505    12.1287 0.0000e+00
      6.643     -0.151     1.9792     18.621     63.010  46.798112     4.5000     0.3079     0.4686     0.3384 1.1617e-01    19.2811      6.514      9.448    12.1294 0.0000e+00
      6.604     -0.150     1.9846     18.668     62.989  46.783362     4.5000     0.3079     0.4260     0.2961 1.1620e-01    19.1909      6.476      9.393    12.1302 0.0000e+00
      6.566     -0.147     1.9898     18.711     62.966  46.767183     4.5000     0.3690     0.4260     0.2961 1.1610e-01    18.2591      6.439      9.339    12.1311 0.0000e+00
      6.529     -0.145     1.9951     18.748     62.947  46.753188     4.5000     0.3957     0.4260     0.2961 1.1600e-01    18.3342      6.403      9.286    12.1320 0.0000e+00
      6.492     -0.142     2.0004     18.783     62.934  46.743588     4.5000     0.3652     0.4260     0.2961 1.1623e-01    18.2140      6.367      9.235    12.1327 0.0000e+00
      6.456     -0.139     2.0055     18.820     62.923  46.735825     4.4100     0.3804     0.3834     0.2115 1.1607e-01    18.2440      6.332      9.183    12.1332 0.0000e+00
      6.420     -0.136     2.0100     18.854     62.909  46.725847     4.4100     0.3118     0.3834     0.2115 1.1615e-01    17.9735      6.296      9.132    12.1336 0.0000e+00
      6.385     -0.131     2.0140     18.881     62.881  46.705049     4.4100     0.3041     0.3834     0.2115 1.1623e-01    17.9434      6.262      9.082    12.1339 0.0000e+00
      6.352     -0.126     2.0177     18.906     62.839  46.673828     4.4100     0.3041     0.3834     0.2115 1.1595e-01    17.9585      6.229      9.035    12.1343 0.0000e+00
      6.320     -0.118     2.0217     18.930     62.802  46.645657     4.5000     0.3079     0.3834     0.2115 1.1612e-01    17.9735      6.198      8.990    12.1346 0.0000e+00
      6.291     -0.109     2.0254     18.947     62.780  46.628878     4.5000     0.3232     0.3834     0.2115 1.1600e-01    18.2140      6.169      8.948    12.1348 0.0000e+00
      6.263     -0.099     2.0283     18.961     62.774  46.622980     4.5000     0.3194     0.3834     0.2115 1.1612e-01    18.1990      6.142      8.908    12.1349 0.0000e+00
      6.238     -0.087     2.0310     18.971     62.775  46.622427     4.5000     0.3232     0.3834     0.2115 1.1602e-01    18.1689      6.117      8.873    12.1347 0.0000e+00
      6.217     -0.074     2.0335     18.978     62.779  46.623106     4.5000     0.3385     0.3834     0.2115 1.1620e-01    18.2290      6.097      8.843    12.1344 0.0000e+00
      6.200     -0.062     2.0354     18.988     62.791  46.629164     4.5000     0.3041     0.3834     0.2538 1.1628e-01    18.2290      6.080      8.819    12.1338 0.0000e+00
      6.187     -0.051     2.0369     19.000     62.817  46.646178     4.5000     0.3423     0.3834     0.2538 1.1605e-01    16.5757      6.067      8.800    12.1329 0.0000e+00
      6.177     -0.043     2.0380     19.013     62.845  46.664815     4.5000     0.3156     0.3834     0.2538 1.1607e-01    16.7110      6.057      8.785    12.1315 0.0000e+00
      6.168     -0.038     2.0389     19.031     62.853  46.668244     4.5000     0.3041     0.3834     0.2538 1.1617e-01    16.5907      6.049      8.774    12.1298 0.0000e+00
      6.161     -0.037     2.0400     19.053     62.843  46.659363     4.5000     0.2927     0.4260     0.3384 1.1623e-01    16.7260      6.042      8.764    12.1279 0.0000e+00
      6.154     -0.039     2.0415     19.073     62.838  46.653638     4.5000     0.3156     0.4260     0.3384 1.1623e-01    19.5968      6.035      8.753    12.1258 0.0000e+00
      6.145     -0.046     2.0430     19.092     62.844  46.657469     4.5000     0.3575     0.4260     0.3384 1.1600e-01    19.4014      6.026      8.740    12.1239 0.0000e+00
      6.134     -0.055     2.0450     19.108     62.854  46.663950     4.5000     0.3003     0.4260     0.3384 1.1628e-01    19.4615      6.015      8.724    12.1221 0.0000e+00
