Data/DataNotYetUploadedToEDI/Raw_CTD/RawDownloads/092523_fcr50_S7809001.cnv
* Sea-Bird SBE19plus  Data File:
* FileName = C:\R\Reservoirs\Data\DataNotYetUploadedToEDI\Raw_CTD\RawDownloads\092523_fcr50_S7809_0001.hex
* Software version 2.8.0.119
* Temperature SN = 7809
* Conductivity SN = 7809
* System UpLoad Time = Sep 25 2023 16:39:51
* <ApplicationData>
* <Seaterm232>
# nquan = 15
# nvalues = 2077                        
# units = specified
# name 0 = depFM: Depth [fresh water, m]
# name 1 = dz/dtM: Descent Rate [m/s]
# name 2 = sbeox0Mg/L: Oxygen, SBE 43 [mg/l]
# name 3 = sbeox0PS: Oxygen, SBE 43 [% saturation]
# name 4 = specc: Specific Conductance [uS/cm]
# name 5 = c0uS/cm: Conductivity [uS/cm]
# name 6 = flECO-AFL: Fluorescence, WET Labs ECO-AFL/FL [mg/m^3]
# name 7 = ph: pH
# name 8 = orp: Oxidation Reduction Potential [mV]
# name 9 = par/sat/log: PAR/Logarithmic, Satlantic
# name 10 = turbWETntu0: Turbidity, WET Labs ECO [NTU]
# name 11 = prdM: Pressure, Strain Gauge [db]
# name 12 = prdE: Pressure, Strain Gauge [psi]
# name 13 = tv290C: Temperature [ITS-90, deg C]
# name 14 = flag:  0.000e+00
# span 0 =     -0.647,      9.550       
# span 1 =     -0.354,      0.217       
# span 2 =    -0.2880,     9.3832       
# span 3 =     -2.531,    101.852       
# span 4 =      0.751,    453.975       
# span 5 =   0.666941, 335.432286       
# span 6 =    -0.1495,    28.8337       
# span 7 =      4.340,      6.501       
# span 8 = -1240.7455,   346.7144       
# span 9 = 1.2359e-01, 3.1557e+02       
# span 10 =     1.3962,   110.3366      
# span 11 =     -0.635,      9.365      
# span 12 =     -0.921,     13.583      
# span 13 =    11.9289,    19.4760      
# span 14 = 0.0000e+00, 0.0000e+00      
# interval = seconds: 0.25
# start_time = Sep 25 2023 11:38:43 [Instrument's time stamp, header]
# bad_flag = -9.990e-29
*END*
[from data line 193]
     -0.330      0.045     7.5717     81.586     48.529  43.167711     3.5215      5.979   311.8731 2.6924e+02     5.5934     -0.320     -0.464    19.4722 0.0000e+00
     -0.318      0.030     7.5821     81.328     48.516  43.156703     3.5285      5.984   311.5804 2.7339e+02     5.6248     -0.309     -0.448    19.4720 0.0000e+00
     -0.315      0.020     7.5579     81.082     48.556  43.192310     3.5231      5.987   310.7607 2.7146e+02     5.5841     -0.306     -0.444    19.4718 0.0000e+00
     -0.320      0.017     7.5171     80.786     48.584  43.217394     3.5231      5.988   309.4468 2.6120e+02     5.5453     -0.312     -0.452    19.4719 0.0000e+00
     -0.326      0.023     7.4968     80.474     48.571  43.206102     3.5290      5.989   308.2563 2.5040e+02     5.5667     -0.323     -0.468    19.4718 0.0000e+00
     -0.326      0.036     7.4693     80.316     48.546  43.182718     3.5280      5.992   307.3794 2.4699e+02     5.6037     -0.327     -0.473    19.4717 0.0000e+00
     -0.312      0.053     7.4518     80.347     48.553  43.188560     3.5274      5.994   306.8457 2.4825e+02     5.6512     -0.310     -0.450    19.4718 0.0000e+00
     -0.287      0.070     7.4253     80.509     48.509  43.149788     3.5466      5.996   306.7082 2.4756e+02     5.6967     -0.280     -0.408    19.4718 0.0000e+00
     -0.262      0.082     7.3852     80.744     48.234  42.904339     3.5842      5.998   306.7482 2.4578e+02     5.6749     -0.256     -0.372    19.4718 0.0000e+00
     -0.239      0.086     7.3729     81.037     47.574  42.315444     3.5996      6.000   306.9002 2.5031e+02     5.5928     -0.235     -0.341    19.4717 0.0000e+00
     -0.215      0.081     7.3774     81.398     46.574  41.424527     3.5918      6.002   306.9971 2.6190e+02     5.5588     -0.211     -0.306    19.4718 0.0000e+00
     -0.192      0.067     7.3941     81.675     45.620  40.573715     3.6139      6.005   306.7154 2.7111e+02     5.6050     -0.187     -0.272    19.4713 0.0000e+00
     -0.173      0.050     7.4183     81.830     45.006  40.025175     3.6670      6.007   306.3330 2.7372e+02     5.6730     -0.168     -0.242    19.4706 0.0000e+00
     -0.160      0.035     7.4397     82.041     44.691  39.742418     3.7018      6.009   306.4180 2.7344e+02     5.6630     -0.152     -0.220    19.4692 0.0000e+00
     -0.157      0.020     7.4824     82.241     44.496  39.566516     3.7022      6.011   306.6238 2.7393e+02     5.5866     -0.150     -0.218    19.4671 0.0000e+00
     -0.161      0.008     7.5138     82.239     44.335  39.421448     3.6720      6.014   306.6708 2.7561e+02     5.5355     -0.160     -0.232    19.4647 0.0000e+00
     -0.164      0.001     7.5122     81.980     44.223  39.321114     3.6273      6.016   306.7284 2.7763e+02     5.4891     -0.164     -0.236    19.4617 0.0000e+00
     -0.164     -0.001     7.5392     81.445     44.134  39.241840     3.6034      6.018   306.7182 2.7940e+02     5.4356     -0.161     -0.233    19.4583 0.0000e+00
     -0.163      0.001     7.5671     80.651     44.042  39.161017     3.6080      6.020   306.7193 2.7992e+02     5.3668     -0.159     -0.231    19.4555 0.0000e+00
     -0.162      0.003     7.5656     79.703     43.979  39.105425     3.6322      6.022   306.7417 2.7990e+02     5.2722     -0.158     -0.230    19.4536 0.0000e+00
     -0.161      0.005     7.5441     78.742     43.946  39.077370     3.6719      6.024   306.7304 2.8055e+02     5.2131     -0.158     -0.229    19.4527 0.0000e+00
     -0.160      0.005     7.4947     77.956     43.944  39.075651     3.6973      6.025   306.7546 2.8260e+02     5.1995     -0.157     -0.228    19.4528 0.0000e+00
     -0.159      0.005     7.4171     77.492     43.954  39.084640     3.6968      6.027   306.7765 2.8569e+02     5.2109     -0.156     -0.227    19.4538 0.0000e+00
     -0.156      0.005     7.3258     77.311     43.925  39.059138     3.6909      6.030   306.7365 2.8772e+02     5.2138     -0.153     -0.222    19.4547 0.0000e+00
     -0.154      0.006     7.2317     77.313     43.883  39.021145     3.6599      6.031   306.6156 2.8673e+02     5.2343     -0.150     -0.218    19.4554 0.0000e+00
     -0.153      0.008     7.1510     77.432     43.866  39.006037     3.6119      6.033   304.9714 2.8292e+02     5.3560     -0.149     -0.217    19.4561 0.0000e+00
     -0.153      0.008     7.1127     77.545     43.863  39.003391     3.5940      6.034   303.5470 2.7929e+02     5.4564     -0.151     -0.219    19.4563 0.0000e+00
     -0.151      0.008     7.1001     77.524     43.848  38.989145     3.6010      6.036   305.3965 2.7753e+02     5.4569     -0.150     -0.219    19.4562 0.0000e+00
     -0.146      0.009     7.1006     77.372     43.816  38.960709     3.6142      6.037   305.1361 2.7562e+02     5.4304     -0.143     -0.208    19.4561 0.0000e+00
     -0.142      0.014     7.1159     77.175     43.763  38.913404     3.6289      6.037   301.0873 2.7069e+02     5.3753     -0.137     -0.198    19.4560 0.0000e+00
     -0.143      0.021     7.1326     76.947     43.704  38.861418     3.6450      6.036   299.0319 2.6474e+02     5.3377     -0.139     -0.201    19.4556 0.0000e+00
     -0.144      0.028     7.1295     76.641     43.680  38.839830     3.6599      6.036   299.2992 2.5706e+02     5.3857     -0.145     -0.210    19.4553 0.0000e+00
     -0.136      0.035     7.1113     76.286     43.685  38.842758     3.6749      6.036   301.9959 2.2815e+02     5.5111     -0.137     -0.199    19.4552 0.0000e+00
     -0.119      0.040     7.0927     75.985     43.675  38.833356     3.6943      6.036   306.9449 1.8760e+02     5.6240     -0.117     -0.169    19.4548 0.0000e+00
     -0.102      0.045     7.0755     75.840     43.627  38.789614     3.7029      6.036   309.6636 1.7179e+02     5.6240     -0.098     -0.142    19.4544 0.0000e+00
     -0.089      0.050     7.0460     75.901     43.593  38.758091     3.7036      6.035   309.8311 1.7045e+02     5.6128     -0.086     -0.124    19.4542 0.0000e+00
     -0.080      0.051     7.0091     76.112     43.608  38.769506     3.7111      6.035   309.6576 1.6205e+02     5.6260     -0.079     -0.114    19.4536 0.0000e+00
     -0.071      0.049     6.9790     76.413     43.644  38.800713     3.7184      6.036   309.3730 1.5081e+02     5.5441     -0.072     -0.104    19.4529 0.0000e+00
     -0.057      0.046     6.9621     76.788     43.664  38.818108     3.7169      6.037   309.0579 1.4122e+02     5.4430     -0.057     -0.084    19.4520 0.0000e+00
     -0.041      0.045     6.9719     77.160     43.633  38.789456     3.7092      6.040   308.7724 1.2893e+02     5.3936     -0.039     -0.056    19.4501 0.0000e+00
     -0.028      0.047     6.9939     77.375     43.614  38.771581     3.7097      6.042   308.5886 1.1770e+02     5.3901     -0.026     -0.037    19.4482 0.0000e+00
     -0.019      0.049     7.0208     77.355     43.639  38.792361     3.7230      6.042   308.6412 1.1408e+02     5.4351     -0.016     -0.024    19.4468 0.0000e+00
     -0.012      0.049     7.0574     77.097     43.634  38.786857     3.7361      6.042   308.8930 1.1183e+02     5.4603     -0.013     -0.020    19.4456 0.0000e+00
     -0.002      0.046     7.0985     76.580     43.614  38.768487     3.7352      6.045   309.1380 1.0756e+02     5.4210     -0.006     -0.010    19.4445 0.0000e+00
      0.017      0.037     7.1216     75.920     43.605  38.760627     3.7201      6.048   309.2803 1.0170e+02     5.3704      0.016      0.023    19.4436 0.0000e+00
      0.037      0.024     7.1168     75.311     43.600  38.755292     3.6873      6.050   309.4956 9.6814e+01     5.3952      0.040      0.058    19.4424 0.0000e+00
      0.047      0.006     7.0977     74.796     43.615  38.767435     3.6378      6.051   309.8483 9.6239e+01     5.4472      0.050      0.074    19.4411 0.0000e+00
      0.044     -0.014     7.0462     74.359     43.630  38.780530     3.6049      6.053   310.1023 9.8981e+01     5.4188      0.047      0.068    19.4402 0.0000e+00
      0.029     -0.034     6.9748     73.962     43.637  38.786713     3.5968      6.056   310.1580 1.0452e+02     5.3593      0.030      0.043    19.4393 0.0000e+00
      0.012     -0.049     6.9213     73.561     43.628  38.778733     3.5901      6.059   310.1775 1.1068e+02     5.3418      0.010      0.015    19.4387 0.0000e+00
     -0.005     -0.054     6.8733     73.156     43.593  38.747500     3.5824      6.061   310.2522 1.1496e+02     5.3785     -0.005     -0.007    19.4385 0.0000e+00
     -0.021     -0.048     6.8344     72.703     43.570  38.726374     3.5868      6.063   310.2857 1.2004e+02     5.4615     -0.020     -0.030    19.4379 0.0000e+00
     -0.037     -0.034     6.8015     72.160     43.555  38.713673     3.5923      6.063   310.3249 1.2714e+02     5.4905     -0.037     -0.054    19.4377 0.0000e+00
     -0.049     -0.019     6.7614     71.553     43.564  38.720850     3.6074      6.063   310.5549 1.3151e+02     5.4908     -0.051     -0.074    19.4376 0.0000e+00
     -0.050     -0.004     6.7277     70.978     43.597  38.749690     3.6364      6.065   310.9147 1.2951e+02     5.5678     -0.054     -0.079    19.4375 0.0000e+00
     -0.042      0.008     6.6874     70.519     43.592  38.745077     3.6521      6.067   311.0619 1.2520e+02     5.6703     -0.043     -0.062    19.4373 0.0000e+00
     -0.032      0.017     6.6367     70.104     43.574  38.728547     3.6640      6.069   310.8726 1.2170e+02     5.7389     -0.030     -0.043    19.4369 0.0000e+00
     -0.024      0.024     6.5782     69.675     43.589  38.740198     3.7050      6.071   310.5182 1.1849e+02     5.7145     -0.021     -0.030    19.4364 0.0000e+00
     -0.021      0.029     6.5194     69.334     43.610  38.759027     3.7740      6.072   310.3056 1.2065e+02     5.6140     -0.019     -0.027    19.4360 0.0000e+00
     -0.020      0.032     6.4823     69.109     43.618  38.765822     3.8147      6.073   310.3661 1.2384e+02     5.5482     -0.022     -0.032    19.4354 0.0000e+00
     -0.013      0.034     6.4484     68.880     43.610  38.758898     3.8231      6.074   310.4756 1.2045e+02     5.5686     -0.017     -0.025    19.4346 0.0000e+00
      0.002      0.036     6.4022     68.614     43.587  38.738773     3.8345      6.076   310.4247 1.1897e+02     5.5871      0.002      0.002    19.4341 0.0000e+00
      0.018      0.036     6.3688     68.412     43.558  38.712860     3.8360      6.079   310.1811 1.2250e+02     5.4990      0.019      0.027    19.4335 0.0000e+00
      0.030      0.036     6.3560     68.422     43.542  38.699430     3.8239      6.082   309.9391 1.2424e+02     5.3915      0.031      0.045    19.4330 0.0000e+00
      0.036      0.036     6.3355     68.765     43.546  38.703307     3.8129      6.084   309.7361 1.2424e+02     5.3459      0.038      0.055    19.4333 0.0000e+00
      0.038      0.037     6.3063     69.387     43.538  38.696278     3.8284      6.084   307.9841 1.2648e+02     5.4254      0.037      0.053    19.4336 0.0000e+00
      0.042      0.039     6.2839     70.092     43.518  38.677906     3.8707      6.084   304.5872 1.3013e+02     5.6022      0.038      0.055    19.4338 0.0000e+00
      0.053      0.043     6.2782     70.732     43.511  38.671549     3.8826      6.083   302.4778 1.3150e+02     5.6730      0.050      0.073    19.4339 0.0000e+00
      0.070      0.046     6.3119     71.192     43.524  38.682877     3.8638      6.083   301.9243 1.2947e+02     5.6323      0.069      0.100    19.4343 0.0000e+00
      0.088      0.046     6.3781     71.374     43.530  38.687957     3.8678      6.084   301.5950 1.2587e+02     5.6227      0.088      0.127    19.4345 0.0000e+00
      0.103      0.041     6.4467     71.263     43.509  38.669501     3.9062      6.086   301.4224 1.2348e+02     5.6242      0.104      0.151    19.4345 0.0000e+00
      0.112      0.032     6.5085     70.879     43.487  38.650109     3.9449      6.089   301.3853 1.2403e+02     5.5487      0.112      0.164    19.4343 0.0000e+00
      0.117      0.024     6.5557     70.259     43.479  38.643867     3.9454      6.091   301.4047 1.2638e+02     5.4276      0.115      0.166    19.4341 0.0000e+00
      0.119      0.018     6.5718     69.490     43.494  38.657485     3.9280      6.092   301.3983 1.2883e+02     5.3554      0.117      0.168    19.4342 0.0000e+00
      0.120      0.016     6.5605     68.645     43.528  38.687851     3.9268      6.093   301.3945 1.3029e+02     5.3583      0.117      0.170    19.4341 0.0000e+00
      0.124      0.017     6.5251     67.768     43.535  38.693718     3.9388      6.094   301.3589 1.3012e+02     5.3943      0.119      0.173    19.4342 0.0000e+00
      0.129      0.020     6.4644     66.948     43.503  38.664967     3.9569      6.097   301.3978 1.2996e+02     5.4496      0.126      0.182    19.4343 0.0000e+00
      0.136      0.024     6.3906     66.231     43.494  38.657521     3.9622      6.099   301.5211 1.2915e+02     5.4464      0.133      0.193    19.4346 0.0000e+00
      0.143      0.028     6.3137     65.586     43.505  38.667144     3.9194      6.100   301.5582 1.2774e+02     5.3891      0.140      0.203    19.4350 0.0000e+00
      0.149      0.031     6.2281     65.023     43.490  38.654400     3.8561      6.102   301.6745 1.2669e+02     5.4066      0.145      0.212    19.4351 0.0000e+00
      0.156      0.033     6.1504     64.507     43.462  38.630364     3.8375      6.104   301.8955 1.2422e+02     5.4529      0.152      0.220    19.4353 0.0000e+00
      0.166      0.034     6.0886     63.992     43.462  38.630364     3.8438      6.107   301.9927 1.2088e+02     5.4709      0.162      0.235    19.4354 0.0000e+00
      0.176      0.034     6.0262     63.516     43.489  38.654390     3.8825      6.109   302.0748 1.1821e+02     5.4533      0.173      0.251    19.4357 0.0000e+00
      0.186      0.034     5.9763     63.087     43.503  38.667028     3.9561      6.109   302.2863 1.1641e+02     5.4104      0.183      0.266    19.4359 0.0000e+00
      0.195      0.033     5.9326     62.684     43.491  38.656251     3.9935      6.109   302.5715 1.1513e+02     5.4301      0.191      0.278    19.4360 0.0000e+00
      0.202      0.031     5.8809     62.299     43.485  38.650996     4.0096      6.110   302.8557 1.1377e+02     5.4875      0.199      0.288    19.4361 0.0000e+00
      0.209      0.030     5.8381     61.954     43.503  38.666950     4.0349      6.111   303.0557 1.1230e+02     5.5235      0.205      0.298    19.4364 0.0000e+00
      0.217      0.030     5.7995     61.716     43.494  38.658780     4.0498      6.114   303.2691 1.1078e+02     5.5570      0.213      0.308    19.4365 0.0000e+00
      0.224      0.031     5.7623     61.586     43.446  38.615675     4.0478      6.116   303.6284 1.0950e+02     5.6205      0.219      0.318    19.4366 0.0000e+00
      0.231      0.033     5.7274     61.523     43.416  38.589979     4.0514      6.117   304.0450 1.0847e+02     5.7104      0.226      0.328    19.4367 0.0000e+00
      0.240      0.034     5.6913     61.532     43.430  38.601933     4.0692      6.118   304.3477 1.0683e+02     5.7551      0.235      0.340    19.4367 0.0000e+00
      0.250      0.034     5.6699     61.615     43.465  38.633292     4.0797      6.119   304.5349 1.0474e+02     5.7176      0.246      0.355    19.4369 0.0000e+00
      0.260      0.032     5.6608     61.736     43.486  38.651837     4.0707      6.121   304.7598 1.0290e+02     5.6321      0.256      0.371    19.4370 0.0000e+00
      0.269      0.029     5.6538     61.884     43.468  38.635782     4.0516      6.123   305.0020 1.0135e+02     5.5764      0.264      0.383    19.4370 0.0000e+00
      0.276      0.024     5.6538     62.055     43.461  38.629549     4.0481      6.124   305.1411 1.0004e+02     5.5902      0.272      0.394    19.4372 0.0000e+00
      0.282      0.018     5.6642     62.207     43.472  38.639934     4.0116      6.125   305.2361 9.9286e+01     5.5248      0.279      0.403    19.4373 0.0000e+00
