Data/DataNotYetUploadedToEDI/Raw_CTD/RawDownloads/092523_fcr50_S8188001.cnv
* Sea-Bird SBE19plus  Data File:
* FileName = C:\R\Reservoirs\Data\DataNotYetUploadedToEDI\Raw_CTD\RawDownloads\092523_fcr50_S8188_0001.hex
* Software version 2.8.0.119
* Temperature SN = 8188
* Conductivity SN = 8188
* System UpLoad Time = Sep 25 2023 16:34:24
* <ApplicationData>
* <Seaterm232>
# nquan = 16
# nvalues = 1709                        
# units = specified
# name 0 = depFM: Depth [fresh water, m]
# name 1 = dz/dtM: Descent Rate [m/s]
# name 2 = sbeox0Mg/L: Oxygen, SBE 43 [mg/l]
# name 3 = sbeox0PS: Oxygen, SBE 43 [% saturation]
# name 4 = specc: Specific Conductance [uS/cm]
# name 5 = c0uS/cm: Conductivity [uS/cm]
# name 6 = wetCDOM: Fluorescence, WET Labs CDOM [mg/m^3]
# name 7 = flECO-AFL: Fluorescence, WET Labs ECO-AFL/FL [mg/m^3]
# name 8 = flECO-AFL1: Fluorescence, WET Labs ECO-AFL/FL, 2 [mg/m^3]
# name 9 = flECO-AFL2: Fluorescence, WET Labs ECO-AFL/FL, 3 [mg/m^3]
# name 10 = par/sat/log: PAR/Logarithmic, Satlantic
# name 11 = turbWETntu0: Turbidity, WET Labs ECO [NTU]
# name 12 = prdM: Pressure, Strain Gauge [db]
# name 13 = prdE: Pressure, Strain Gauge [psi]
# name 14 = tv290C: Temperature [ITS-90, deg C]
# name 15 = flag:  0.000e+00
# span 0 =     -0.652,      9.549       
# span 1 =     -0.249,      0.114       
# span 2 =     0.0849,     6.2211       
# span 3 =      0.788,     67.810       
# span 4 =      0.565,    483.890       
# span 5 =   0.506342, 357.267139       
# span 6 =    -4.5000,     5.3100       
# span 7 =    -0.1498,    12.7707       
# span 8 =    -2.1300,     0.9372       
# span 9 =    -2.0304,     5.1606       
# span 10 = 1.1585e-01, 5.3955e+02      
# span 11 =    -0.5286,   126.9871      
# span 12 =     -0.639,      9.365      
# span 13 =     -0.927,     13.583      
# span 14 =    11.9073,    19.8660      
# span 15 = 0.0000e+00, 0.0000e+00      
# interval = seconds: 0.25
# start_time = Sep 25 2023 11:55:58 [Instrument's time stamp, header]
# bad_flag = -9.990e-29
*END*
[from data line 1537]
      3.779     -0.086     1.9455     17.258     62.580  46.599711     4.3200     0.3766     0.3408     0.2115 5.5321e-01    13.9003      3.706      5.376    12.1977 0.0000e+00
      3.758     -0.088     1.9211     17.073     62.603  46.628533     4.3200     0.3575     0.3408     0.2115 5.9628e-01    13.8402      3.686      5.346    12.2042 0.0000e+00
      3.735     -0.090     1.8963     16.908     62.637  46.668151     4.3200     0.3537     0.3408     0.2115 6.4424e-01    13.3893      3.663      5.312    12.2121 0.0000e+00
      3.710     -0.091     1.8722     16.773     62.682  46.721202     4.4100     0.4033     0.3408     0.1269 7.4085e-01    13.3442      3.638      5.277    12.2204 0.0000e+00
      3.685     -0.090     1.8499     16.678     62.734  46.789945     4.4100     0.3537     0.3408     0.1269 7.6058e-01    13.3593      3.614      5.241    12.2289 0.0000e+00
      3.660     -0.086     1.8297     16.621     62.790  46.878837     4.4100     0.3728     0.3408     0.1269 8.9191e-01    13.2991      3.590      5.206    12.2382 0.0000e+00
      3.638     -0.079     1.8115     16.601     62.808  46.964025     4.4100     0.5635     0.3408     0.1269 9.2487e-01    12.8633      3.567      5.174    12.2498 0.0000e+00
      3.618     -0.070     1.7964     16.608     62.731  47.010759     4.3200     0.5521     0.3408     0.3807 9.3214e-01    12.8783      3.548      5.146    12.2658 0.0000e+00
      3.602     -0.060     1.7852     16.622     62.552  47.015649     4.3200     0.5712     0.3408     0.3807 9.3052e-01    12.8332      3.532      5.122    12.2899 0.0000e+00
      3.588     -0.051     1.7777     16.619     62.287  46.991896     4.3200     0.5635     0.3408     0.3807 9.0893e-01    12.9685      3.519      5.104    12.3276 0.0000e+00
      3.578     -0.044     1.7732     16.561     61.989  46.970822     4.3200     0.9030     0.3408     0.3807 9.3762e-01    12.5627      3.509      5.089    12.3857 0.0000e+00
      3.569     -0.039     1.7707     16.401     61.737  46.980509     4.3200     0.9107     0.3408     0.3807 8.9619e-01    12.6378      3.500      5.076    12.4697 0.0000e+00
      3.561     -0.036     1.7678     16.100     61.572  47.001752     4.2300     0.9145     0.2556     1.4805 8.9657e-01    12.6378      3.492      5.064    12.5818 0.0000e+00
      3.552     -0.034     1.7619     15.636     61.513  47.018428     4.2300     0.9069     0.2556     1.4805 8.8766e-01    12.6829      3.484      5.053    12.7231 0.0000e+00
      3.544     -0.032     1.7493     15.029     61.573  47.050838     4.2300     1.5516     0.2556     1.4805 9.0519e-01    11.9464      3.475      5.041    12.8878 0.0000e+00
      3.535     -0.031     1.7261     14.342     61.713  47.107619     4.2300     1.5058     0.2556     1.4805 9.7651e-01    11.9314      3.467      5.028    13.0501 0.0000e+00
      3.526     -0.029     1.6898     13.665     61.855  47.168235     4.1400     1.4905     0.2556     1.8612 1.0108e+00    11.9164      3.458      5.016    13.1686 0.0000e+00
      3.519     -0.026     1.6392     13.098     61.937  47.207231     4.1400     1.5134     0.2556     1.8612 9.4993e-01    11.9915      3.451      5.005    13.2179 0.0000e+00
      3.513     -0.024     1.5758     12.709     61.954  47.217172     4.1400     0.8573     0.2556     1.8612 1.0082e+00    13.3292      3.445      4.997    13.2065 0.0000e+00
      3.508     -0.022     1.5051     12.504     61.939  47.204672     4.1400     0.8611     0.2556     1.8612 9.7502e-01    13.2991      3.440      4.990    13.1653 0.0000e+00
      3.503     -0.022     1.4354     12.450     61.915  47.174328     4.1400     0.8420     0.2556     1.3536 9.3844e-01    13.3893      3.436      4.983    13.1261 0.0000e+00
      3.499     -0.023     1.3764     12.497     61.882  47.131917     4.1400     0.8306     0.2556     1.3536 9.3416e-01    13.3142      3.431      4.977    13.1068 0.0000e+00
      3.494     -0.027     1.3356     12.591     61.827  47.076038     4.1400     0.7428     0.2556     1.3536 9.4869e-01    16.1849      3.426      4.969    13.1044 0.0000e+00
      3.487     -0.033     1.3143     12.680     61.728  46.995752     4.1400     0.7199     0.2556     1.3536 9.3518e-01    16.1398      3.419      4.960    13.1029 0.0000e+00
      3.478     -0.041     1.3088     12.742     61.568  46.881539     4.1400     0.7352     0.2982     1.4382 9.8717e-01    16.1999      3.411      4.948    13.0935 0.0000e+00
      3.468     -0.051     1.3143     12.782     61.335  46.730684     4.1400     0.7123     0.2982     1.4382 9.5116e-01    16.2300      3.401      4.932    13.0797 0.0000e+00
      3.454     -0.062     1.3244     12.822     61.032  46.556465     4.1400     0.6703     0.2982     1.4382 9.5448e-01    16.0196      3.388      4.913    13.0686 0.0000e+00
      3.438     -0.074     1.3339     12.883     60.677  46.381781     4.1400     0.7009     0.2982     1.4382 1.0080e+00    16.0046      3.371      4.889    13.0647 0.0000e+00
      3.417     -0.085     1.3402     12.974     60.321  46.245263     4.1400     0.6780     0.2982     1.4382 1.0907e+00    15.9595      3.351      4.860    13.0713 0.0000e+00
      3.393     -0.095     1.3437     13.080     60.036  46.183832     4.2300     0.6894     0.2556     1.0575 1.1479e+00    15.9444      3.327      4.825    13.0936 0.0000e+00
      3.365     -0.103     1.3465     13.160     59.828  46.177152     4.2300     1.2654     0.2556     1.0575 1.2818e+00    13.5096      3.300      4.786    13.1405 0.0000e+00
      3.336     -0.107     1.3505     13.158     59.662  46.183816     4.2300     1.2731     0.2556     1.0575 1.4092e+00    13.6298      3.272      4.745    13.2208 0.0000e+00
      3.306     -0.108     1.3567     13.033     59.532  46.197680     4.2300     1.2845     0.2556     1.0575 1.4872e+00    13.5546      3.243      4.703    13.3332 0.0000e+00
      3.277     -0.104     1.3638     12.774     59.427  46.212537     4.1400     1.2769     0.2556     1.2690 1.6223e+00    13.5847      3.214      4.661    13.4633 0.0000e+00
      3.250     -0.097     1.3683     12.400     59.330  46.212536     4.1400     2.0246     0.2556     1.2690 1.7870e+00    11.6759      3.187      4.622    13.5912 0.0000e+00
      3.225     -0.089     1.3648     11.940     59.225  46.187772     4.1400     2.0246     0.2556     1.2690 1.8458e+00    11.6158      3.162      4.586    13.7039 0.0000e+00
      3.203     -0.080     1.3491     11.428     59.095  46.133623     4.1400     2.0208     0.2556     1.2690 1.8191e+00    11.6458      3.141      4.556    13.7996 0.0000e+00
      3.185     -0.071     1.3200     10.910     58.940  46.055465     4.0500     2.0360     0.2556     1.5651 1.8152e+00    11.6608      3.124      4.530    13.8796 0.0000e+00
      3.170     -0.063     1.2796     10.434     58.781  45.976054     4.0500     2.3908     0.2556     1.5651 1.8034e+00    11.4204      3.109      4.508    13.9429 0.0000e+00
      3.155     -0.056     1.2309     10.040     58.654  45.923753     4.0500     2.3870     0.2556     1.5651 1.8474e+00    11.3753      3.095      4.488    13.9912 0.0000e+00
      3.142     -0.050     1.1772      9.739     58.553  45.894525     4.0500     2.3527     0.2556     1.5651 1.9438e+00    11.5105      3.081      4.469    14.0307 0.0000e+00
      3.129     -0.044     1.1228      9.523     58.449  45.862742     4.0500     2.3870     0.2556     1.5651 2.0456e+00    11.4504      3.069      4.451    14.0675 0.0000e+00
      3.118     -0.038     1.0730      9.380     58.318  45.812006     4.0500     2.8142     0.2556     1.3113 2.0951e+00    10.5186      3.058      4.435    14.1052 0.0000e+00
      3.109     -0.033     1.0315      9.293     58.141  45.732751     4.0500     2.8142     0.2556     1.3113 2.0693e+00    10.5336      3.049      4.422    14.1456 0.0000e+00
      3.102     -0.028     0.9995      9.243     57.919  45.629603     4.0500     2.7952     0.2556     1.3113 2.0372e+00    10.4584      3.042      4.412    14.1880 0.0000e+00
      3.096     -0.023     0.9764      9.212     57.664  45.514691     4.0500     2.8486     0.2556     1.3113 2.0612e+00    10.5035      3.037      4.404    14.2310 0.0000e+00
      3.092     -0.020     0.9608      9.176     57.384  45.391059     4.0500     2.9935     0.2556     1.4805 2.0550e+00     9.3462      3.032      4.398    14.2761 0.0000e+00
      3.088     -0.018     0.9508      9.117     57.099  45.267356     4.0500     2.9783     0.2556     1.4805 2.0523e+00     9.3612      3.028      4.392    14.3275 0.0000e+00
      3.084     -0.017     0.9444      9.023     56.815  45.142304     4.0500     2.9859     0.2556     1.4805 2.0474e+00     9.3763      3.024      4.387    14.3895 0.0000e+00
      3.080     -0.019     0.9397      8.890     56.516  45.000391     4.0500     3.0126     0.2556     1.4805 2.0403e+00     9.2861      3.021      4.381    14.4644 0.0000e+00
      3.076     -0.021     0.9344      8.726     56.228  44.865202     4.0500     3.0622     0.2556     1.6497 2.0381e+00    10.1278      3.016      4.375    14.5499 0.0000e+00
      3.071     -0.025     0.9265      8.544     56.005  44.779951     4.0500     3.0584     0.2556     1.6497 2.0345e+00     9.9925      3.011      4.368    14.6392 0.0000e+00
      3.064     -0.031     0.9153      8.355     55.858  44.743702     4.0500     3.0584     0.2556     1.6497 2.0563e+00    10.0226      3.005      4.359    14.7267 0.0000e+00
      3.057     -0.039     0.9002      8.170     55.788  44.746794     4.0500     3.1003     0.2556     1.6497 2.0554e+00    10.1278      2.998      4.347    14.8115 0.0000e+00
      3.047     -0.049     0.8820      7.995     55.785  44.776184     3.9600     3.1766     0.2130     1.7766 2.0239e+00     9.9925      2.988      4.333    14.8951 0.0000e+00
      3.034     -0.062     0.8621      7.839     55.756  44.758471     3.9600     3.1766     0.2130     1.7766 2.0532e+00    10.1127      2.976      4.315    14.9769 0.0000e+00
      3.018     -0.076     0.8418      7.709     55.609  44.629486     3.9600     3.1995     0.2130     1.7766 2.0648e+00    10.0827      2.960      4.293    15.0492 0.0000e+00
      2.998     -0.091     0.8221      7.620     55.362  44.422200     3.9600     3.1805     0.2130     1.7766 2.1212e+00    10.0677      2.940      4.264    15.1020 0.0000e+00
      2.972     -0.105     0.8039      7.592     55.062  44.190314     3.9600     2.4785     0.2130     1.7766 2.3503e+00     8.8352      2.915      4.227    15.1300 0.0000e+00
      2.942     -0.118     0.7881      7.647     54.679  43.917565     3.9600     2.5167     0.2130     1.8189 2.6464e+00     8.8652      2.885      4.184    15.1347 0.0000e+00
      2.908     -0.128     0.7751      7.796     54.227  43.616417     3.9600     2.4976     0.2130     1.8189 2.9553e+00     8.8953      2.852      4.135    15.1250 0.0000e+00
      2.872     -0.136     0.7662      8.041     53.834  43.388851     3.9600     2.5167     0.2130     1.8189 3.0353e+00     8.8202      2.817      4.085    15.1170 0.0000e+00
      2.836     -0.140     0.7632      8.374     53.550  43.267309     3.9600     2.5548     0.2130     1.8189 3.3189e+00     6.3853      2.781      4.033    15.1259 0.0000e+00
      2.799     -0.141     0.7681      8.766     53.309  43.177780     3.9600     2.5701     0.2130     1.5651 3.6487e+00     6.5656      2.745      3.981    15.1582 0.0000e+00
      2.762     -0.140     0.7820      9.180     53.054  43.060732     3.9600     2.5815     0.2130     1.5651 3.8373e+00     6.5656      2.708      3.928    15.2156 0.0000e+00
      2.726     -0.137     0.8051      9.587     52.773  42.908730     3.9600     2.5586     0.2130     1.5651 4.1442e+00     6.3702      2.673      3.877    15.2987 0.0000e+00
      2.691     -0.133     0.8366      9.968     52.497  42.754549     3.9600     2.4213     0.2130     1.5651 4.3784e+00     5.8592      2.639      3.827    15.3989 0.0000e+00
      2.658     -0.130     0.8739     10.312     52.283  42.650193     3.9600     2.4442     0.2130     1.7766 4.5619e+00     5.8292      2.606      3.780    15.4975 0.0000e+00
      2.626     -0.126     0.9136     10.609     52.126  42.591613     3.9600     2.4366     0.2130     1.7766 4.5888e+00     5.6789      2.575      3.735    15.5817 0.0000e+00
      2.595     -0.123     0.9527     10.859     51.932  42.495829     3.9600     2.4328     0.2130     1.7766 4.9171e+00     5.8292      2.545      3.690    15.6530 0.0000e+00
      2.564     -0.122     0.9893     11.071     51.625  42.301638     3.9600     2.2764     0.2130     1.7766 5.2655e+00     5.2730      2.514      3.646    15.7196 0.0000e+00
      2.533     -0.122     1.0219     11.261     51.219  42.030561     3.9600     2.2382     0.2130     1.7343 5.4767e+00     5.3031      2.484      3.603    15.7870 0.0000e+00
      2.503     -0.123     1.0500     11.444     50.762  41.731167     3.9600     2.2573     0.2130     1.7343 5.5788e+00     5.3031      2.455      3.560    15.8534 0.0000e+00
      2.472     -0.126     1.0734     11.619     50.236  41.392961     3.9600     2.2573     0.2130     1.7343 5.8392e+00     5.3031      2.425      3.517    15.9143 0.0000e+00
      2.440     -0.130     1.0930     11.793     49.614  40.993116     3.9600     2.0780     0.2130     1.7343 6.2502e+00     5.0776      2.393      3.471    15.9709 0.0000e+00
      2.407     -0.134     1.1103     11.996     49.010  40.625099     3.9600     2.0856     0.2130     1.7343 6.6178e+00     5.1077      2.360      3.423    16.0319 0.0000e+00
      2.372     -0.138     1.1265     12.264     48.581  40.414634     3.8700     2.0818     0.1704     1.9458 6.9479e+00     5.0776      2.326      3.374    16.1077 0.0000e+00
      2.336     -0.141     1.1414     12.627     48.325  40.345225     3.8700     2.0780     0.1704     1.9458 7.3454e+00     5.0927      2.291      3.322    16.2025 0.0000e+00
      2.298     -0.142     1.1557     13.109     48.162  40.329039     3.8700     2.0017     0.1704     1.9458 8.2223e+00     4.6418      2.254      3.269    16.3162 0.0000e+00
      2.261     -0.141     1.1723     13.730     48.038  40.316201     3.8700     1.9788     0.1704     1.9458 8.9982e+00     4.5817      2.217      3.215    16.4495 0.0000e+00
      2.223     -0.139     1.1946     14.492     47.926  40.287442     3.8700     1.9521     0.1278     1.8612 9.7431e+00     4.5366      2.180      3.163    16.5982 0.0000e+00
      2.188     -0.137     1.2261     15.357     47.822  40.246981     3.8700     1.9521     0.1278     1.8612 9.9636e+00     4.6418      2.146      3.112    16.7447 0.0000e+00
      2.155     -0.135     1.2697     16.247     47.710  40.187991     3.8700     2.0856     0.1278     1.8612 9.8817e+00     4.5215      2.113      3.065    16.8683 0.0000e+00
      2.122     -0.133     1.3273     17.079     47.562  40.090781     3.8700     2.0665     0.1278     1.8612 1.0101e+01     4.5516      2.081      3.019    16.9615 0.0000e+00
      2.089     -0.133     1.3991     17.796     47.372  39.955179     3.7800     2.0856     0.1278     2.2419 1.0847e+01     4.6869      2.049      2.972    17.0288 0.0000e+00
      2.055     -0.134     1.4812     18.374     47.194  39.834170     3.7800     2.0665     0.1278     2.2419 1.1543e+01     4.5967      2.016      2.923    17.0777 0.0000e+00
      2.020     -0.134     1.5659     18.811     47.075  39.770761     3.7800     2.0856     0.1278     2.2419 1.2192e+01     4.5967      1.981      2.874    17.1142 0.0000e+00
      1.985     -0.134     1.6452     19.134     46.968  39.722292     3.7800     2.0513     0.1278     2.2419 1.3672e+01     4.6418      1.946      2.823    17.1426 0.0000e+00
      1.950     -0.133     1.7134     19.395     46.838  39.654051     3.7800     2.1047     0.1278     2.1150 1.4897e+01     4.5215      1.912      2.773    17.1684 0.0000e+00
      1.916     -0.133     1.7679     19.657     46.681  39.559727     3.7800     2.0665     0.1278     2.1150 1.4861e+01     4.5065      1.879      2.726    17.1991 0.0000e+00
