Data/DataNotYetUploadedToEDI/Raw_CTD/RawDownloads/092523_fcr50_S8188001.cnv
* Sea-Bird SBE19plus  Data File:
* FileName = C:\R\Reservoirs\Data\DataNotYetUploadedToEDI\Raw_CTD\RawDownloads\092523_fcr50_S8188_0001.hex
* Software version 2.8.0.119
* Temperature SN = 8188
* Conductivity SN = 8188
* System UpLoad Time = Sep 25 2023 16:34:24
* <ApplicationData>
* <Seaterm232>
# nquan = 16
# nvalues = 1709                        
# units = specified
# name 0 = depFM: Depth [fresh water, m]
# name 1 = dz/dtM: Descent Rate [m/s]
# name 2 = sbeox0Mg/L: Oxygen, SBE 43 [mg/l]
# name 3 = sbeox0PS: Oxygen, SBE 43 [% saturation]
# name 4 = specc: Specific Conductance [uS/cm]
# name 5 = c0uS/cm: Conductivity [uS/cm]
# name 6 = wetCDOM: Fluorescence, WET Labs CDOM [mg/m^3]
# name 7 = flECO-AFL: Fluorescence, WET Labs ECO-AFL/FL [mg/m^3]
# name 8 = flECO-AFL1: Fluorescence, WET Labs ECO-AFL/FL, 2 [mg/m^3]
# name 9 = flECO-AFL2: Fluorescence, WET Labs ECO-AFL/FL, 3 [mg/m^3]
# name 10 = par/sat/log: PAR/Logarithmic, Satlantic
# name 11 = turbWETntu0: Turbidity, WET Labs ECO [NTU]
# name 12 = prdM: Pressure, Strain Gauge [db]
# name 13 = prdE: Pressure, Strain Gauge [psi]
# name 14 = tv290C: Temperature [ITS-90, deg C]
# name 15 = flag:  0.000e+00
# span 0 =     -0.652,      9.549       
# span 1 =     -0.249,      0.114       
# span 2 =     0.0849,     6.2211       
# span 3 =      0.788,     67.810       
# span 4 =      0.565,    483.890       
# span 5 =   0.506342, 357.267139       
# span 6 =    -4.5000,     5.3100       
# span 7 =    -0.1498,    12.7707       
# span 8 =    -2.1300,     0.9372       
# span 9 =    -2.0304,     5.1606       
# span 10 = 1.1585e-01, 5.3955e+02      
# span 11 =    -0.5286,   126.9871      
# span 12 =     -0.639,      9.365      
# span 13 =     -0.927,     13.583      
# span 14 =    11.9073,    19.8660      
# span 15 = 0.0000e+00, 0.0000e+00      
# interval = seconds: 0.25
# start_time = Sep 25 2023 11:55:58 [Instrument's time stamp, header]
# bad_flag = -9.990e-29
*END*
[from data line 814]
      3.882      0.043     0.2949      2.907     67.407  53.236435     4.5000     1.9483     0.2130     1.6497 5.9460e-01     7.8131      3.806      5.521    14.9094 0.0000e+00
      3.892      0.044     0.3018      2.828     66.897  52.697543     4.5000     1.8949     0.2130     1.6497 6.1764e-01     9.5717      3.817      5.536    14.7946 0.0000e+00
      3.903      0.045     0.3048      2.758     66.545  52.283662     4.5000     1.8796     0.2130     1.6497 5.6981e-01     9.5115      3.828      5.552    14.6852 0.0000e+00
      3.915      0.046     0.3026      2.720     66.326  51.979568     4.5000     1.9063     0.2130     1.6497 5.4628e-01     9.5416      3.839      5.569    14.5823 0.0000e+00
      3.927      0.047     0.2964      2.738     66.142  51.712092     4.4100     1.8949     0.2556     1.3113 5.4807e-01     9.5566      3.851      5.586    14.4819 0.0000e+00
      3.940      0.047     0.2889      2.824     66.021  51.503063     4.4100     1.5821     0.2556     1.3113 5.3164e-01    11.0596      3.863      5.603    14.3803 0.0000e+00
      3.952      0.047     0.2825      2.971     66.026  51.399806     4.4100     1.6126     0.2556     1.3113 5.2226e-01    11.0146      3.875      5.621    14.2781 0.0000e+00
      3.964      0.047     0.2792      3.168     66.155  51.398568     4.4100     1.5783     0.2556     1.3113 4.7681e-01    11.0446      3.887      5.638    14.1791 0.0000e+00
      3.976      0.046     0.2817      3.398     66.291  51.407837     4.2300     1.5897     0.2982     1.2690 4.6828e-01    10.9995      3.899      5.655    14.0866 0.0000e+00
      3.988      0.045     0.2911      3.643     66.309  51.332960     4.2300     1.5935     0.2982     1.2690 4.8233e-01    10.9695      3.911      5.672    14.0006 0.0000e+00
      3.999      0.044     0.3069      3.881     66.210  51.177751     4.2300     1.5706     0.2982     1.2690 4.8055e-01    11.0296      3.922      5.688    13.9201 0.0000e+00
      4.011      0.043     0.3278      4.082     66.062  50.995960     4.2300     1.5973     0.2982     1.2690 4.6971e-01    10.9695      3.933      5.705    13.8438 0.0000e+00
      4.022      0.042     0.3522      4.219     65.893  50.806498     4.2300     1.5783     0.2982     1.2690 4.6292e-01    10.9244      3.944      5.720    13.7712 0.0000e+00
      4.032      0.041     0.3781      4.286     65.730  50.626230     4.2300     1.4409     0.2556     0.8883 4.3892e-01    11.3152      3.954      5.735    13.7041 0.0000e+00
      4.042      0.041     0.4033      4.294     65.627  50.494292     4.2300     1.4714     0.2556     0.8883 4.2503e-01    11.1498      3.964      5.749    13.6445 0.0000e+00
      4.052      0.040     0.4245      4.249     65.540  50.371536     4.2300     1.4486     0.2556     0.8883 4.5455e-01    11.2250      3.974      5.763    13.5930 0.0000e+00
      4.062      0.041     0.4392      4.162     65.334  50.153871     4.2300     1.4867     0.2556     0.8883 4.2697e-01    11.3452      3.984      5.778    13.5480 0.0000e+00
      4.072      0.042     0.4465      4.053     64.997  49.832802     4.2300     1.2464     0.2556     0.8037 4.0352e-01    12.1869      3.994      5.792    13.5069 0.0000e+00
      4.083      0.044     0.4477      3.932     64.608  49.469377     4.2300     1.2349     0.2556     0.8037 4.1113e-01    12.2170      4.004      5.808    13.4665 0.0000e+00
      4.095      0.046     0.4434      3.797     64.222  49.109379     4.2300     1.2235     0.2556     0.8037 3.7097e-01    12.1268      4.015      5.824    13.4239 0.0000e+00
      4.107      0.048     0.4347      3.650     63.856  48.765813     4.2300     1.2006     0.2556     0.8037 3.6103e-01    12.1568      4.027      5.841    13.3779 0.0000e+00
      4.119      0.050     0.4237      3.489     63.510  48.432278     4.2300     1.1624     0.2982     0.6768 3.7267e-01    12.7430      4.040      5.859    13.3294 0.0000e+00
      4.133      0.051     0.4115      3.309     63.230  48.138740     4.2300     1.1510     0.2982     0.6768 3.5520e-01    12.7130      4.053      5.878    13.2793 0.0000e+00
      4.146      0.051     0.3979      3.114     63.021  47.898082     4.2300     1.1434     0.2982     0.6768 3.4239e-01    12.6528      4.066      5.897    13.2290 0.0000e+00
      4.160      0.050     0.3829      2.913     62.800  47.658015     4.2300     1.1548     0.2982     0.6768 3.1849e-01    12.6378      4.080      5.917    13.1789 0.0000e+00
      4.173      0.049     0.3664      2.706     62.503  47.372354     4.2300     0.8496     0.2982     0.5922 3.1382e-01    12.2170      4.092      5.935    13.1243 0.0000e+00
      4.185      0.047     0.3480      2.502     62.150  47.054099     4.2300     0.8496     0.2982     0.5922 3.1525e-01    12.1719      4.104      5.953    13.0616 0.0000e+00
      4.196      0.045     0.3280      2.314     61.822  46.757099     4.2300     0.8573     0.2982     0.5922 3.0594e-01    12.2320      4.115      5.969    12.9969 0.0000e+00
      4.207      0.044     0.3071      2.147     61.588  46.532945     4.2300     0.8535     0.2982     0.5922 2.8613e-01    12.1568      4.126      5.984    12.9392 0.0000e+00
      4.218      0.043     0.2856      2.012     61.460  46.391216     4.2300     0.5635     0.2982     0.5922 3.0687e-01     9.3763      4.137      6.000    12.8916 0.0000e+00
      4.229      0.042     0.2643      1.924     61.408  46.311950     4.1400     0.5483     0.2556     0.5076 2.5628e-01     9.3612      4.148      6.015    12.8506 0.0000e+00
      4.240      0.041     0.2446      1.903     61.397  46.270046     4.1400     0.5445     0.2556     0.5076 2.6004e-01     9.3763      4.158      6.031    12.8118 0.0000e+00
      4.250      0.039     0.2273      1.956     61.402  46.246402     4.1400     0.5521     0.2556     0.5076 2.4278e-01     9.2560      4.168      6.046    12.7734 0.0000e+00
      4.260      0.038     0.2131      2.084     61.420  46.238674     4.1400     0.4567     0.2556     0.5076 2.1122e-01     7.9935      4.178      6.060    12.7371 0.0000e+00
      4.270      0.036     0.2040      2.282     61.444  46.240840     3.9600     0.4453     0.2130     0.4230 2.5578e-01     7.9785      4.187      6.073    12.7048 0.0000e+00
      4.279      0.035     0.2019      2.537     61.467  46.241585     3.9600     0.4491     0.2130     0.4230 2.5012e-01     7.9033      4.196      6.086    12.6775 0.0000e+00
      4.287      0.035     0.2077      2.833     61.494  46.241110     3.9600     0.4376     0.2130     0.4230 2.2870e-01     7.9183      4.204      6.098    12.6554 0.0000e+00
      4.295      0.035     0.2213      3.158     61.534  46.247214     3.9600     0.3957     0.2130     0.4230 2.4469e-01     7.4674      4.212      6.110    12.6384 0.0000e+00
      4.304      0.035     0.2424      3.497     61.581  46.259540     3.7800     0.3804     0.2130     0.2961 2.1113e-01     7.4674      4.221      6.122    12.6253 0.0000e+00
      4.313      0.035     0.2696      3.846     61.618  46.269485     3.7800     0.3766     0.2130     0.2961 2.2594e-01     7.4524      4.230      6.135    12.6118 0.0000e+00
      4.322      0.036     0.3013      4.218     61.640  46.273755     3.7800     0.3804     0.2130     0.2961 2.2935e-01     7.3472      4.239      6.148    12.5948 0.0000e+00
      4.332      0.037     0.3360      4.627     61.652  46.275470     3.7800     0.4033     0.2130     0.2961 2.1993e-01     7.6027      4.248      6.162    12.5753 0.0000e+00
      4.341      0.037     0.3722      5.082     61.662  46.277070     3.7800     0.3842     0.2130     0.2961 2.1689e-01     7.6628      4.257      6.175    12.5569 0.0000e+00
      4.351      0.038     0.4095      5.581     61.681  46.278983     3.6000     0.3652     0.2130     0.2961 1.8480e-01     7.7380      4.267      6.188    12.5424 0.0000e+00
      4.360      0.039     0.4491      6.106     61.722  46.283699     3.6000     0.3804     0.2130     0.2961 2.1117e-01     7.7380      4.276      6.202    12.5325 0.0000e+00
      4.370      0.040     0.4928      6.644     61.788  46.292476     3.6000     0.3346     0.2130     0.2961 2.0767e-01     8.9254      4.286      6.216    12.5266 0.0000e+00
      4.381      0.040     0.5413      7.184     61.867  46.303689     3.6000     0.3003     0.2130     0.2961 1.5927e-01     8.8202      4.296      6.231    12.5221 0.0000e+00
      4.391      0.041     0.5946      7.717     61.952  46.318344     3.6000     0.3194     0.2130     0.2115 2.0223e-01     8.8652      4.307      6.246    12.5122 0.0000e+00
      4.402      0.042     0.6509      8.248     62.029  46.332420     3.6000     0.3270     0.2130     0.2115 1.8702e-01     8.8803      4.317      6.262    12.4910 0.0000e+00
      4.413      0.042     0.7088      8.800     62.085  46.337780     3.6000     0.3842     0.2130     0.2115 1.7268e-01    10.3232      4.328      6.277    12.4585 0.0000e+00
      4.424      0.042     0.7671      9.398     62.120  46.335852     3.6000     0.3804     0.2130     0.2115 1.8228e-01    10.3232      4.339      6.292    12.4195 0.0000e+00
      4.434      0.043     0.8247     10.052     62.147  46.334047     3.6900     0.3995     0.2130     0.2115 1.7026e-01    10.3232      4.349      6.308    12.3799 0.0000e+00
      4.445      0.043     0.8821     10.760     62.171  46.335847     3.6900     0.3804     0.2130     0.2115 1.6070e-01    10.3833      4.360      6.323    12.3444 0.0000e+00
      4.456      0.044     0.9418     11.505     62.191  46.337767     3.6900     0.3766     0.2130     0.2115 1.5286e-01    11.4655      4.370      6.338    12.3153 0.0000e+00
      4.467      0.045     1.0062     12.263     62.203  46.336358     3.6900     0.3881     0.2130     0.2115 1.5507e-01    11.5406      4.381      6.354    12.2925 0.0000e+00
      4.479      0.046     1.0766     13.000     62.213  46.335204     3.7800     0.3690     0.2556     0.2961 1.6725e-01    11.5105      4.393      6.371    12.2750 0.0000e+00
      4.491      0.046     1.1527     13.681     62.224  46.337963     3.7800     0.3957     0.2556     0.2961 1.4017e-01    11.4204      4.405      6.388    12.2616 0.0000e+00
      4.504      0.047     1.2328     14.287     62.234  46.341406     3.7800     0.2812     0.2556     0.2961 1.2328e-01    12.6829      4.417      6.406    12.2511 0.0000e+00
      4.516      0.046     1.3143     14.804     62.242  46.346452     3.7800     0.3270     0.2556     0.2961 1.3221e-01    12.6528      4.429      6.423    12.2428 0.0000e+00
      4.527      0.046     1.3934     15.232     62.259  46.358408     3.7800     0.3270     0.2556     0.2961 1.5293e-01    12.6077      4.440      6.439    12.2363 0.0000e+00
      4.539      0.045     1.4665     15.576     62.284  46.376500     4.0500     0.3041     0.2982     0.2115 1.3757e-01    12.8031      4.451      6.456    12.2316 0.0000e+00
      4.550      0.045     1.5315     15.843     62.302  46.389699     4.0500     0.3270     0.2982     0.2115 1.2642e-01    13.6899      4.462      6.471    12.2289 0.0000e+00
      4.561      0.045     1.5870     16.040     62.301  46.389637     4.0500     0.3270     0.2982     0.2115 1.3763e-01    13.6448      4.473      6.487    12.2278 0.0000e+00
      4.572      0.045     1.6328     16.180     62.294  46.384222     4.0500     0.3270     0.2982     0.2115 1.2068e-01    13.5997      4.484      6.503    12.2273 0.0000e+00
      4.584      0.045     1.6697     16.282     62.291  46.379937     4.0500     0.3156     0.2982     0.2115 1.2325e-01    13.5396      4.495      6.519    12.2269 0.0000e+00
      4.595      0.045     1.6984     16.358     62.298  46.379604     4.0500     0.3003     0.2982     0.2115 1.1615e-01    14.0506      4.507      6.536    12.2269 0.0000e+00
      4.607      0.046     1.7194     16.426     62.309  46.379169     4.0500     0.3079     0.2982     0.2115 1.3212e-01    14.0657      4.518      6.553    12.2274 0.0000e+00
      4.619      0.046     1.7345     16.505     62.314  46.370591     4.0500     0.3079     0.2982     0.2115 1.1615e-01    13.9755      4.529      6.569    12.2272 0.0000e+00
      4.630      0.047     1.7455     16.591     62.318  46.359508     4.2300     0.3118     0.2982     0.2115 1.2319e-01    14.0356      4.541      6.586    12.2252 0.0000e+00
      4.642      0.049     1.7538     16.682     62.332  46.354852     4.2300     0.3575     0.2982     0.2115 1.1615e-01    14.0356      4.552      6.603    12.2207 0.0000e+00
      4.655      0.050     1.7614     16.790     62.350  46.355382     4.2300     0.3652     0.2982     0.2115 1.1620e-01    14.0657      4.565      6.620    12.2139 0.0000e+00
      4.668      0.051     1.7702     16.919     62.368  46.357275     4.2300     0.3881     0.2982     0.2115 1.2328e-01    14.0657      4.578      6.639    12.2046 0.0000e+00
      4.682      0.051     1.7799     17.069     62.385  46.361036     4.3200     0.3919     0.3408     0.1269 1.2152e-01    14.0657      4.591      6.658    12.1931 0.0000e+00
      4.695      0.051     1.7902     17.245     62.398  46.363704     4.3200     0.3804     0.3408     0.1269 1.1623e-01    14.5617      4.604      6.678    12.1812 0.0000e+00
      4.708      0.050     1.8023     17.445     62.408  46.365990     4.3200     0.3690     0.3408     0.1269 1.1605e-01    14.6218      4.617      6.697    12.1704 0.0000e+00
      4.721      0.048     1.8165     17.660     62.422  46.372467     4.3200     0.3842     0.3408     0.1269 1.1605e-01    14.5466      4.630      6.715    12.1614 0.0000e+00
      4.733      0.046     1.8328     17.880     62.443  46.384863     4.3200     0.3728     0.3408     0.1269 1.1600e-01    14.5767      4.641      6.732    12.1544 0.0000e+00
      4.745      0.044     1.8519     18.097     62.466  46.398556     4.3200     0.3881     0.3408     0.2961 1.1605e-01    15.2080      4.653      6.748    12.1489 0.0000e+00
      4.756      0.042     1.8736     18.299     62.478  46.405308     4.3200     0.3995     0.3408     0.2961 1.1600e-01    15.3733      4.664      6.764    12.1448 0.0000e+00
      4.767      0.040     1.8968     18.471     62.482  46.406919     4.3200     0.3766     0.3408     0.2961 1.1623e-01    15.1629      4.674      6.779    12.1415 0.0000e+00
      4.777      0.037     1.9206     18.608     62.485  46.407782     4.3200     0.3499     0.3408     0.2961 1.1602e-01    15.2230      4.684      6.794    12.1388 0.0000e+00
      4.786      0.035     1.9440     18.709     62.485  46.408127     4.3200     0.2660     0.3408     0.1692 1.1620e-01    15.2681      4.693      6.807    12.1364 0.0000e+00
      4.794      0.032     1.9658     18.783     62.484  46.408046     4.3200     0.2584     0.3408     0.1692 1.1595e-01    15.2230      4.701      6.819    12.1345 0.0000e+00
      4.802      0.030     1.9844     18.835     62.483  46.407518     4.3200     0.2507     0.3408     0.1692 1.2028e-01    15.3132      4.709      6.829    12.1332 0.0000e+00
      4.809      0.028     1.9990     18.868     62.486  46.410365     4.3200     0.2584     0.3408     0.1692 1.1612e-01    15.2080      4.716      6.839    12.1325 0.0000e+00
      4.815      0.028     2.0099     18.880     62.496  46.417347     4.3200     0.2660     0.3834     0.1269 1.1590e-01    15.5086      4.722      6.849    12.1325 0.0000e+00
      4.822      0.028     2.0178     18.874     62.504  46.422399     4.3200     0.2545     0.3834     0.1269 1.1612e-01    15.5086      4.729      6.858    12.1330 0.0000e+00
      4.829      0.029     2.0234     18.864     62.506  46.422904     4.3200     0.2584     0.3834     0.1269 1.1625e-01    15.5086      4.735      6.868    12.1334 0.0000e+00
      4.836      0.032     2.0269     18.847     62.508  46.422960     4.3200     0.2355     0.3834     0.1269 1.1678e-01    15.5236      4.743      6.878    12.1334 0.0000e+00
