Data/DataNotYetUploadedToEDI/Raw_CTD/RawDownloads/092523_fcr50_S7809001.cnv
* Sea-Bird SBE19plus  Data File:
* FileName = C:\R\Reservoirs\Data\DataNotYetUploadedToEDI\Raw_CTD\RawDownloads\092523_fcr50_S7809_0001.hex
* Software version 2.8.0.119
* Temperature SN = 7809
* Conductivity SN = 7809
* System UpLoad Time = Sep 25 2023 16:39:51
* <ApplicationData>
* <Seaterm232>
# nquan = 15
# nvalues = 2077                        
# units = specified
# name 0 = depFM: Depth [fresh water, m]
# name 1 = dz/dtM: Descent Rate [m/s]
# name 2 = sbeox0Mg/L: Oxygen, SBE 43 [mg/l]
# name 3 = sbeox0PS: Oxygen, SBE 43 [% saturation]
# name 4 = specc: Specific Conductance [uS/cm]
# name 5 = c0uS/cm: Conductivity [uS/cm]
# name 6 = flECO-AFL: Fluorescence, WET Labs ECO-AFL/FL [mg/m^3]
# name 7 = ph: pH
# name 8 = orp: Oxidation Reduction Potential [mV]
# name 9 = par/sat/log: PAR/Logarithmic, Satlantic
# name 10 = turbWETntu0: Turbidity, WET Labs ECO [NTU]
# name 11 = prdM: Pressure, Strain Gauge [db]
# name 12 = prdE: Pressure, Strain Gauge [psi]
# name 13 = tv290C: Temperature [ITS-90, deg C]
# name 14 = flag:  0.000e+00
# span 0 =     -0.647,      9.550       
# span 1 =     -0.354,      0.217       
# span 2 =    -0.2880,     9.3832       
# span 3 =     -2.531,    101.852       
# span 4 =      0.751,    453.975       
# span 5 =   0.666941, 335.432286       
# span 6 =    -0.1495,    28.8337       
# span 7 =      4.340,      6.501       
# span 8 = -1240.7455,   346.7144       
# span 9 = 1.2359e-01, 3.1557e+02       
# span 10 =     1.3962,   110.3366      
# span 11 =     -0.635,      9.365      
# span 12 =     -0.921,     13.583      
# span 13 =    11.9289,    19.4760      
# span 14 = 0.0000e+00, 0.0000e+00      
# interval = seconds: 0.25
# start_time = Sep 25 2023 11:38:43 [Instrument's time stamp, header]
# bad_flag = -9.990e-29
*END*
[from data line 1928]
      4.254     -0.038     3.1095     28.973     62.388  46.327382     0.7232      5.964   318.8526 1.2378e-01    15.5843      4.171      6.049    12.1328 0.0000e+00
      4.259     -0.019     3.1090     28.944     62.428  46.355480     0.6705      5.964   319.4344 1.2379e-01    16.1335      4.178      6.059    12.1306 0.0000e+00
      4.260     -0.016     3.1227     28.932     62.440  46.363236     0.6416      5.965   319.9929 1.2384e-01    16.3270      4.180      6.062    12.1283 0.0000e+00
      4.256     -0.033     3.1188     28.900     62.433  46.357683     0.6324      5.966   319.6677 1.2382e-01    16.3530      4.174      6.053    12.1264 0.0000e+00
      4.249     -0.065     3.1117     28.825     62.425  46.351822     0.6086      5.969   318.8582 1.2382e-01    16.7894      4.167      6.044    12.1250 0.0000e+00
      4.239     -0.101     3.1094     28.785     62.429  46.355848     0.5700      5.974   318.9823 1.2403e-01    17.6751      4.161      6.035    12.1239 0.0000e+00
      4.214     -0.130     3.1086     28.832     62.409  46.342885     0.5495      5.977   320.0491 1.2596e-01    18.2151      4.141      6.007    12.1231 0.0000e+00
      4.166     -0.145     3.1094     28.901     62.377  46.322069     0.5604      5.977   320.4001 1.3196e-01    18.2968      4.093      5.937    12.1227 0.0000e+00
      4.102     -0.149     3.0955     28.943     62.425  46.358100     0.5677      5.977   319.8702 1.4319e-01    18.0822      4.021      5.832    12.1224 0.0000e+00
      4.045     -0.149     3.0878     28.959     62.479  46.397629     0.5546      5.978   318.6326 1.6365e-01    17.6364      3.954      5.735    12.1232 0.0000e+00
      4.014     -0.148     3.0978     28.949     62.419  46.355611     0.5516      5.979   316.7931 1.8225e-01    17.3819      3.927      5.695    12.1255 0.0000e+00
      4.002     -0.148     3.1070     28.935     62.326  46.294468     0.5652      5.982   315.0094 1.8797e-01    17.3616      3.930      5.698    12.1281 0.0000e+00
      3.983     -0.154     3.1098     28.940     62.306  46.293205     0.6033      5.984   313.0686 2.1168e-01    17.2885      3.916      5.680    12.1287 0.0000e+00
      3.943     -0.167     3.1130     28.935     62.350  46.340355     0.6543      5.985   311.0517 2.6774e-01    17.0787      3.872      5.616    12.1274 0.0000e+00
      3.885     -0.180     3.1105     28.883     62.356  46.356704     0.6736      5.984   309.2078 3.3034e-01    16.9083      3.812      5.528    12.1277 0.0000e+00
      3.821     -0.181     3.1065     28.775     62.353  46.363923     0.6955      5.983   307.8093 3.9090e-01    16.8335      3.747      5.434    12.1343 0.0000e+00
      3.759     -0.164     3.1083     28.629     62.424  46.427647     1.0265      5.980   307.0487 4.3935e-01    16.3449      3.682      5.340    12.1469 0.0000e+00
      3.710     -0.130     3.1085     28.422     62.484  46.492347     1.6469      5.976   306.6363 4.5752e-01    15.4412      3.628      5.262    12.1596 0.0000e+00
      3.685     -0.090     3.1031     28.126     62.633  46.638340     1.9786      5.973   306.1786 4.5848e-01    14.9249      3.607      5.232    12.1685 0.0000e+00
      3.679     -0.052     3.0889     27.766     63.122  47.050128     1.9750      5.971   305.0425 4.5279e-01    14.8505      3.607      5.232    12.1755 0.0000e+00
      3.682     -0.022     3.0741     27.370     63.838  47.662093     1.6704      5.969   303.5680 4.4030e-01    15.2259      3.610      5.236    12.1833 0.0000e+00
      3.686     -0.003     3.0536     26.962     64.384  48.196741     1.1076      5.968   302.7193 4.4003e-01    16.0136      3.616      5.244    12.1943 0.0000e+00
      3.688      0.001     3.0166     26.512     64.511  48.435494     0.8055      5.966   302.2668 4.5151e-01    16.4832      3.618      5.247    12.2271 0.0000e+00
      3.689     -0.012     2.9763     25.916     64.059  48.199845     0.7721      5.966   301.4532 4.4468e-01    16.5316      3.617      5.246    12.2606 0.0000e+00
      3.690     -0.042     2.9285     25.061     63.270  47.633287     0.7623      5.970   299.7652 4.2835e-01    16.4620      3.619      5.250    12.3065 0.0000e+00
      3.690     -0.085     2.8779     23.906     62.720  47.172403     0.8615      5.974   297.7734 4.4399e-01    16.2904      3.622      5.253    12.4221 0.0000e+00
      3.676     -0.134     2.8271     22.503     62.442  46.881032     1.0647      5.978   296.1279 4.9663e-01    16.1307      3.615      5.242    12.5483 0.0000e+00
      3.636     -0.178     2.7619     20.943     62.340  46.713210     1.1971      5.979   294.1519 5.7038e-01    16.1020      3.577      5.189    12.6419 0.0000e+00
      3.566     -0.208     2.6728     19.440     62.465  46.730341     1.2721      5.978   291.6914 6.7155e-01    16.0123      3.504      5.081    12.6660 0.0000e+00
      3.481     -0.222     2.5488     18.277     62.655  46.834135     1.9129      5.975   288.8350 7.9695e-01    15.3194      3.412      4.947    12.6081 0.0000e+00
      3.404     -0.218     2.4029     17.685     62.740  46.888872     3.1026      5.971   285.8578 8.9703e-01    14.2147      3.328      4.827    12.5402 0.0000e+00
      3.352     -0.203     2.2323     17.820     62.735  46.884263     3.7550      5.970   283.6570 9.5298e-01    13.6892      3.280      4.758    12.4593 0.0000e+00
      3.320     -0.186     2.0619     18.604     62.667  46.841901     3.8326      5.971   282.0141 9.9499e-01    13.6796      3.256      4.723    12.3899 0.0000e+00
      3.290     -0.176     1.9332     19.779     62.500  46.757601     3.9740      5.972   280.6201 1.0491e+00    13.4831      3.229      4.682    12.3612 0.0000e+00
      3.254     -0.178     1.8597     21.103     62.277  46.690364     4.2079      5.974   279.6222 1.1322e+00    13.0561      3.195      4.634    12.3643 0.0000e+00
      3.209     -0.188     1.8784     22.362     62.035  46.663918     4.3380      5.974   278.7239 1.2471e+00    12.7516      3.152      4.572    12.3645 0.0000e+00
      3.152     -0.201     1.9751     23.386     61.429  46.374529     4.3573      5.975   277.7612 1.3911e+00    12.6030      3.095      4.489    12.3594 0.0000e+00
      3.088     -0.211     2.1065     24.071     59.992  45.540475     4.4745      5.976   276.7580 1.5384e+00    12.1822      3.026      4.388    12.3898 0.0000e+00
      3.029     -0.218     2.2535     24.363     58.163  44.642005     4.7061      5.976   275.8862 1.6612e+00    11.5242      2.964      4.299    12.4559 0.0000e+00
      2.979     -0.220     2.3858     24.300     56.937  44.335679     4.8437      5.978   274.9647 1.7888e+00    11.1707      2.921      4.237    12.6168 0.0000e+00
      2.929     -0.216     2.4906     24.000     56.457  44.440155     4.8572      5.979   273.7895 1.9571e+00    11.0508      2.875      4.171    12.7377 0.0000e+00
      2.873     -0.209     2.5592     23.494     56.278  44.509271     4.8698      5.978   272.5183 2.1554e+00    10.6557      2.818      4.087    12.8547 0.0000e+00
      2.813     -0.202     2.5630     22.683     56.310  44.600286     4.9207      5.976   271.0376 2.3671e+00    10.0487      2.759      4.002    13.3169 0.0000e+00
      2.756     -0.199     2.5107     21.524     56.449  44.715449     4.9562      5.976   269.2228 2.5590e+00     9.7229      2.699      3.914    14.0041 0.0000e+00
      2.709     -0.198     2.4538     20.157     56.229  44.505165     4.9576      5.977   267.3529 2.7207e+00     9.6544      2.651      3.844    14.4656 0.0000e+00
      2.670     -0.198     2.4019     18.792     55.301  43.771610     4.9383      5.979   266.2396 2.9138e+00     9.5619      2.621      3.801    14.5696 0.0000e+00
      2.627     -0.198     2.3211     17.586     54.249  43.082409     4.7481      5.981   265.8285 3.1699e+00     9.1505      2.581      3.743    14.6119 0.0000e+00
      2.573     -0.199     2.1954     16.690     53.433  42.710269     4.4218      5.981   265.3071 3.4833e+00     8.4728      2.526      3.664    14.6249 0.0000e+00
      2.513     -0.205     2.0507     16.252     52.081  41.938333     4.2643      5.981   264.8397 3.8224e+00     8.1309      2.464      3.574    14.5633 0.0000e+00
      2.455     -0.215     1.9092     16.357     50.267  40.858057     4.2508      5.984   264.3069 4.1243e+00     8.0915      2.403      3.484    14.5206 0.0000e+00
      2.407     -0.223     1.7761     17.003     48.938  40.248514     4.1244      5.987   263.2530 4.4361e+00     7.9275      2.360      3.423    14.6393 0.0000e+00
      2.359     -0.225     1.6672     18.129     48.480  40.281009     3.8931      5.990   262.1645 4.8872e+00     7.6853      2.320      3.365    14.9808 0.0000e+00
      2.298     -0.219     1.6102     19.596     48.684  40.680303     3.7771      5.993   261.2985 5.4686e+00     7.5893      2.257      3.274    15.2363 0.0000e+00
      2.229     -0.204     1.6105     21.319     49.011  41.014812     3.7784      5.993   260.7844 6.0539e+00     7.5858      2.182      3.166    15.5831 0.0000e+00
      2.165     -0.183     1.6543     23.240     48.884  40.898412     3.7596      5.993   260.8522 6.5535e+00     7.4040      2.118      3.072    16.1605 0.0000e+00
      2.116     -0.159     1.7555     25.181     48.480  40.605679     3.7236      5.992   261.0005 6.8924e+00     7.0308      2.068      2.998    16.6154 0.0000e+00
      2.086     -0.135     1.8927     26.951     48.495  40.712254     3.7095      5.991   260.9416 7.0654e+00     6.8309      2.040      2.958    16.8406 0.0000e+00
      2.071     -0.119     2.0563     28.403     48.641  40.854344     3.7222      5.992   260.7423 7.2278e+00     6.8659      2.033      2.948    16.8732 0.0000e+00
      2.056     -0.115     2.2556     29.451     48.327  40.546639     3.7938      5.995   260.4830 7.5138e+00     6.9415      2.020      2.930    16.7943 0.0000e+00
      2.031     -0.122     2.4479     30.139     47.850  40.165030     3.9016      6.001   260.5608 7.9316e+00     6.9941      1.994      2.893    16.8347 0.0000e+00
      1.997     -0.135     2.6136     30.582     47.524  39.984839     3.9431      6.006   260.7368 8.4563e+00     6.9896      1.961      2.843    17.0223 0.0000e+00
      1.954     -0.149     2.7583     30.897     47.154  39.764316     3.9298      6.008   260.5451 9.0737e+00     6.9899      1.918      2.782    17.0326 0.0000e+00
      1.905     -0.163     2.8644     31.170     46.547  39.339243     3.8485      6.010   260.2217 9.7153e+00     6.9285      1.866      2.707    16.9000 0.0000e+00
      1.860     -0.178     2.9248     31.496     45.953  38.970454     3.6920      6.014   259.9250 1.0226e+01     6.7251      1.818      2.637    16.9297 0.0000e+00
      1.825     -0.191     2.9549     32.041     45.789  38.986260     3.6029      6.019   259.7972 1.0721e+01     6.5464      1.790      2.597    17.0781 0.0000e+00
      1.784     -0.200     2.9758     32.862     46.030  39.276706     3.6044      6.024   260.0523 1.1525e+01     6.4756      1.759      2.550    17.1686 0.0000e+00
      1.726     -0.203     2.9983     33.903     46.315  39.499668     3.6924      6.027   260.4286 1.2586e+01     6.4495      1.696      2.460    17.2260 0.0000e+00
      1.659     -0.199     3.0105     35.178     46.490  39.587820     3.8596      6.027   260.3887 1.3691e+01     6.4023      1.625      2.358    17.3818 0.0000e+00
      1.595     -0.189     3.0468     36.659     46.600  39.644379     3.9454      6.026   259.7412 1.4697e+01     6.3141      1.560      2.263    17.6017 0.0000e+00
      1.544     -0.175     3.1239     38.152     46.653  39.675764     3.9387      6.026   258.7961 1.5377e+01     6.2717      1.506      2.185    17.7143 0.0000e+00
      1.512     -0.165     3.2237     39.398     46.555  39.586506     3.9375      6.029   258.0820 1.5771e+01     6.3000      1.479      2.145    17.6518 0.0000e+00
      1.490     -0.161     3.3518     40.203     46.312  39.390169     3.9800      6.035   258.1618 1.6272e+01     6.2458      1.464      2.123    17.5540 0.0000e+00
      1.461     -0.162     3.5032     40.527     46.198  39.332670     4.0623      6.041   258.8139 1.7160e+01     6.0945      1.437      2.084    17.5234 0.0000e+00
      1.418     -0.160     3.6565     40.507     46.223  39.399044     4.1084      6.041   259.4276 1.8611e+01     5.9738      1.398      2.027    17.5188 0.0000e+00
      1.359     -0.149     3.7824     40.308     46.161  39.367745     4.1206      6.040   259.8181 2.0433e+01     5.9128      1.336      1.937    17.5078 0.0000e+00
      1.297     -0.128     3.8630     40.098     46.024  39.271572     4.2015      6.040   260.0932 2.1851e+01     5.9389      1.262      1.829    17.5048 0.0000e+00
      1.257     -0.098     3.8816     40.063     45.876  39.188176     4.3376      6.040   260.5175 2.2415e+01     6.0156      1.221      1.769    17.5621 0.0000e+00
      1.247     -0.069     3.8689     40.223     45.734  39.120994     4.4171      6.044   260.9041 2.2311e+01     6.0891      1.217      1.764    17.6308 0.0000e+00
      1.256     -0.050     3.8462     40.515     45.652  39.093964     4.4391      6.050   261.3265 2.1995e+01     6.1093      1.231      1.786    17.6379 0.0000e+00
      1.266     -0.050     3.8144     40.927     45.647  39.115256     4.4543      6.056   261.9250 2.1953e+01     6.0556      1.247      1.809    17.6457 0.0000e+00
      1.264     -0.071     3.8086     41.438     45.655  39.124631     4.4763      6.061   261.6874 2.2472e+01     6.0205      1.247      1.808    17.7016 0.0000e+00
      1.242     -0.102     3.8224     42.012     45.615  39.080399     4.4888      6.065   260.7769 2.3569e+01     6.0605      1.226      1.777    17.7724 0.0000e+00
      1.201     -0.127     3.8444     42.583     45.475  38.961199     4.4877      6.066   260.7240 2.5118e+01     6.1291      1.182      1.715    17.8181 0.0000e+00
      1.148     -0.137     3.8831     43.097     45.210  38.762222     4.4298      6.067   261.4775 2.6906e+01     6.0641      1.127      1.635    17.8512 0.0000e+00
      1.095     -0.129     3.9314     43.568     44.920  38.578426     4.2959      6.068   262.2308 2.8461e+01     5.8566      1.068      1.550    17.8526 0.0000e+00
      1.055     -0.107     3.9908     44.071     44.664  38.452423     4.2098      6.069   262.5178 2.9315e+01     5.7371      1.025      1.486    17.8273 0.0000e+00
      1.037     -0.078     4.0483     44.699     44.454  38.381119     4.2123      6.071   262.3671 2.9582e+01     5.7810      1.012      1.467    17.8238 0.0000e+00
      1.034     -0.049     4.0936     45.519     44.379  38.414483     4.3602      6.074   262.2155 2.9723e+01     5.8754      1.013      1.470    17.8492 0.0000e+00
      1.034     -0.029     4.1298     46.592     44.463  38.538654     4.6245      6.074   262.1479 2.9978e+01     5.8871      1.015      1.472    17.9257 0.0000e+00
      1.033     -0.024     4.1636     47.986     44.623  38.676807     4.7614      6.073   262.1511 3.0325e+01     5.8203      1.014      1.469    18.0343 0.0000e+00
      1.029     -0.034     4.2110     49.783     44.741  38.752240     4.7668      6.075   262.7707 3.0720e+01     5.7848      1.009      1.464    18.1657 0.0000e+00
      1.023     -0.058     4.2738     51.910     44.781  38.752618     4.7566      6.080   263.9607 3.1254e+01     5.7994      1.004      1.457    18.2986 0.0000e+00
      1.012     -0.089     4.3683     53.976     44.814  38.744794     4.6300      6.086   264.6672 3.2154e+01     5.8614      0.997      1.444    18.3595 0.0000e+00
      0.990     -0.122     4.4971     55.561     44.809  38.721051     4.3842      6.091   264.7728 3.3753e+01     5.8849      0.976      1.416    18.3402 0.0000e+00
      0.952     -0.152     4.6677     56.426     44.726  38.655898     4.2398      6.095   264.6359 3.6318e+01     5.8440      0.940      1.363    18.3048 0.0000e+00
      0.899     -0.175     4.8892     56.530     44.613  38.591638     4.2244      6.100   264.6466 3.9571e+01     5.8456      0.885      1.282    18.2686 0.0000e+00
