Data/DataNotYetUploadedToEDI/Raw_CTD/RawDownloads/092523_fcr50_S7809001.cnv
* Sea-Bird SBE19plus  Data File:
* FileName = C:\R\Reservoirs\Data\DataNotYetUploadedToEDI\Raw_CTD\RawDownloads\092523_fcr50_S7809_0001.hex
* Software version 2.8.0.119
* Temperature SN = 7809
* Conductivity SN = 7809
* System UpLoad Time = Sep 25 2023 16:39:51
* <ApplicationData>
* <Seaterm232>
# nquan = 15
# nvalues = 2077                        
# units = specified
# name 0 = depFM: Depth [fresh water, m]
# name 1 = dz/dtM: Descent Rate [m/s]
# name 2 = sbeox0Mg/L: Oxygen, SBE 43 [mg/l]
# name 3 = sbeox0PS: Oxygen, SBE 43 [% saturation]
# name 4 = specc: Specific Conductance [uS/cm]
# name 5 = c0uS/cm: Conductivity [uS/cm]
# name 6 = flECO-AFL: Fluorescence, WET Labs ECO-AFL/FL [mg/m^3]
# name 7 = ph: pH
# name 8 = orp: Oxidation Reduction Potential [mV]
# name 9 = par/sat/log: PAR/Logarithmic, Satlantic
# name 10 = turbWETntu0: Turbidity, WET Labs ECO [NTU]
# name 11 = prdM: Pressure, Strain Gauge [db]
# name 12 = prdE: Pressure, Strain Gauge [psi]
# name 13 = tv290C: Temperature [ITS-90, deg C]
# name 14 = flag:  0.000e+00
# span 0 =     -0.647,      9.550       
# span 1 =     -0.354,      0.217       
# span 2 =    -0.2880,     9.3832       
# span 3 =     -2.531,    101.852       
# span 4 =      0.751,    453.975       
# span 5 =   0.666941, 335.432286       
# span 6 =    -0.1495,    28.8337       
# span 7 =      4.340,      6.501       
# span 8 = -1240.7455,   346.7144       
# span 9 = 1.2359e-01, 3.1557e+02       
# span 10 =     1.3962,   110.3366      
# span 11 =     -0.635,      9.365      
# span 12 =     -0.921,     13.583      
# span 13 =    11.9289,    19.4760      
# span 14 = 0.0000e+00, 0.0000e+00      
# interval = seconds: 0.25
# start_time = Sep 25 2023 11:38:43 [Instrument's time stamp, header]
# bad_flag = -9.990e-29
*END*
[from data line 290]
      0.287      0.006     5.6874     62.433     43.456  38.626453     3.8784      6.127   305.8974 9.8064e+01     5.1848      0.281      0.408    19.4374 0.0000e+00
      0.287      0.002     5.7067     62.512     43.434  38.606952     3.8686      6.129   306.3677 9.8090e+01     5.1318      0.282      0.409    19.4375 0.0000e+00
      0.286      0.001     5.7201     62.567     43.414  38.589016     3.8746      6.130   306.5885 9.9078e+01     5.1713      0.281      0.408    19.4377 0.0000e+00
      0.284      0.002     5.7304     62.577     43.426  38.599972     3.8853      6.132   306.7598 1.0008e+02     5.1834      0.278      0.405    19.4377 0.0000e+00
      0.283      0.004     5.7414     62.540     43.441  38.612506     3.8900      6.133   307.0623 1.0054e+02     5.1420      0.277      0.401    19.4378 0.0000e+00
      0.285      0.004     5.7468     62.423     43.442  38.613645     3.8892      6.134   307.1484 9.9871e+01     5.1491      0.278      0.403    19.4381 0.0000e+00
      0.289      0.003     5.7546     62.217     43.442  38.613739     3.8925      6.135   307.0267 9.8619e+01     5.1661      0.284      0.412    19.4380 0.0000e+00
      0.293      0.000     5.7539     61.976     43.442  38.613644     3.9223      6.137   306.9680 9.8181e+01     5.2109      0.289      0.420    19.4379 0.0000e+00
      0.295     -0.002     5.7521     61.722     43.441  38.612490     3.9491      6.138   307.1261 9.8141e+01     5.2473      0.291      0.422    19.4381 0.0000e+00
      0.291     -0.002     5.7434     61.490     43.426  38.599788     3.9499      6.137   307.4757 9.8391e+01     5.1968      0.287      0.416    19.4380 0.0000e+00
      0.284     -0.001     5.7197     61.310     43.412  38.586992     3.9579      6.137   307.7528 9.9109e+01     5.1803      0.278      0.403    19.4379 0.0000e+00
      0.279      0.002     5.6989     61.181     43.410  38.584685     3.9786      6.137   307.8962 9.9272e+01     5.3207      0.270      0.391    19.4382 0.0000e+00
      0.282      0.006     5.6737     61.109     43.395  38.571899     3.9931      6.136   308.0057 9.8464e+01     5.4600      0.273      0.396    19.4383 0.0000e+00
      0.291      0.009     5.6507     61.079     43.381  38.559311     4.0082      6.136   308.1288 9.7506e+01     5.4295      0.287      0.415    19.4382 0.0000e+00
      0.298      0.011     5.6358     61.059     43.381  38.559405     4.0114      6.138   308.3533 9.7464e+01     5.3284      0.295      0.428    19.4383 0.0000e+00
      0.300      0.011     5.6221     61.029     43.397  38.573031     3.9980      6.138   308.5689 9.8089e+01     5.2615      0.296      0.429    19.4384 0.0000e+00
      0.299      0.010     5.6170     60.969     43.424  38.597147     3.9877      6.138   308.7561 9.8079e+01     5.2355      0.293      0.424    19.4381 0.0000e+00
      0.298      0.009     5.6148     60.863     43.424  38.597156     3.9945      6.139   309.1541 9.7200e+01     5.2535      0.291      0.422    19.4380 0.0000e+00
      0.300      0.011     5.6139     60.707     43.397  38.573135     4.0145      6.139   309.7673 9.6025e+01     5.2404      0.294      0.426    19.4379 0.0000e+00
      0.305      0.019     5.6119     60.547     43.383  38.560549     3.9962      6.137   310.4059 9.4862e+01     5.2821      0.300      0.434    19.4376 0.0000e+00
      0.309      0.034     5.6063     60.503     43.397  38.571887     3.9481      6.132   310.6807 9.4012e+01     5.4841      0.304      0.441    19.4374 0.0000e+00
      0.313      0.049     5.5983     60.823     43.412  38.583311     3.9320      6.129   310.5952 9.3136e+01     5.6333      0.306      0.444    19.4374 0.0000e+00
      0.322      0.059     5.5808     61.682     43.400  38.571753     3.9426      6.128   310.5761 9.0300e+01     5.6515      0.310      0.449    19.4373 0.0000e+00
      0.346      0.062     5.5652     63.077     43.386  38.559062     3.9852      6.129   310.6220 8.5030e+01     5.6363      0.334      0.485    19.4372 0.0000e+00
      0.378      0.060     5.5500     64.957     43.384  38.556773     4.0567      6.132   310.7195 8.0912e+01     5.6201      0.377      0.547    19.4359 0.0000e+00
      0.401      0.052     5.5722     67.162     43.371  38.544083     4.0994      6.135   310.9815 7.9683e+01     5.6602      0.400      0.580    19.4338 0.0000e+00
      0.410      0.040     5.6558     69.487     43.358  38.532535     4.1011      6.138   311.2079 7.9518e+01     5.7111      0.405      0.588    19.4336 0.0000e+00
      0.410      0.027     5.7818     71.712     43.371  38.544073     4.0781      6.141   311.2203 7.9670e+01     5.6548      0.403      0.585    19.4332 0.0000e+00
      0.407      0.017     5.9622     73.490     43.385  38.556659     4.0372      6.143   311.3035 7.9608e+01     5.5258      0.398      0.578    19.4317 0.0000e+00
      0.407      0.014     6.1728     74.553     43.386  38.557802     4.0062      6.144   311.6120 7.8888e+01     5.4151      0.397      0.576    19.4310 0.0000e+00
      0.412      0.016     6.3897     74.870     43.386  38.557897     4.0022      6.145   311.9394 7.7832e+01     5.3758      0.403      0.584    19.4308 0.0000e+00
      0.421      0.020     6.6092     74.545     43.386  38.557802     4.0230      6.148   312.2495 7.6964e+01     5.3583      0.412      0.598    19.4306 0.0000e+00
      0.430      0.022     6.7826     73.732     43.385  38.556650     4.0576      6.150   312.4356 7.6571e+01     5.2716      0.423      0.613    19.4306 0.0000e+00
      0.435      0.022     6.8796     72.619     43.370  38.543968     4.0715      6.153   312.4686 7.6205e+01     5.1812      0.428      0.621    19.4308 0.0000e+00
      0.438      0.022     6.9047     71.369     43.356  38.531390     4.0579      6.155   312.5635 7.5895e+01     5.1538      0.431      0.623    19.4309 0.0000e+00
      0.442      0.021     6.8703     70.117     43.357  38.531485     4.0426      6.155   312.7216 7.5498e+01     5.1447      0.433      0.627    19.4307 0.0000e+00
      0.447      0.020     6.7886     68.980     43.372  38.545110     4.0280      6.156   312.8318 7.4641e+01     5.2082      0.437      0.634    19.4308 0.0000e+00
      0.455      0.020     6.6813     68.011     43.399  38.569216     4.0142      6.159   312.8644 7.3653e+01     5.3754      0.446      0.647    19.4312 0.0000e+00
      0.461      0.019     6.5627     67.224     43.399  38.569111     4.0088      6.162   313.0290 7.3124e+01     5.4581      0.454      0.659    19.4314 0.0000e+00
      0.466      0.018     6.4421     66.580     43.371  38.543842     4.0049      6.163   313.3600 7.3083e+01     5.4230      0.458      0.664    19.4312 0.0000e+00
      0.469      0.017     6.3378     66.028     43.341  38.517522     4.0170      6.164   313.5969 7.2984e+01     5.3954      0.460      0.667    19.4311 0.0000e+00
      0.472      0.015     6.2467     65.525     43.326  38.504727     4.0463      6.166   313.8274 7.2793e+01     5.4304      0.462      0.671    19.4312 0.0000e+00
      0.476      0.015     6.1766     65.041     43.338  38.516047     4.0594      6.168   313.9106 7.2641e+01     5.4706      0.466      0.677    19.4315 0.0000e+00
      0.480      0.016     6.1192     64.576     43.351  38.527480     4.0592      6.169   313.7427 7.2328e+01     5.4379      0.470      0.682    19.4315 0.0000e+00
      0.484      0.017     6.0692     64.126     43.338  38.516035     4.0446      6.169   313.6898 7.1856e+01     5.4447      0.474      0.688    19.4314 0.0000e+00
      0.489      0.017     6.0248     63.681     43.325  38.504592     4.0161      6.169   313.8732 7.1456e+01     5.5527      0.479      0.694    19.4317 0.0000e+00
      0.494      0.016     5.9791     63.222     43.338  38.516034     4.0052      6.170   314.1534 7.1092e+01     5.6514      0.484      0.701    19.4318 0.0000e+00
      0.498      0.016     5.9373     62.763     43.351  38.527468     4.0135      6.171   314.1529 7.0832e+01     5.6811      0.490      0.710    19.4319 0.0000e+00
      0.502      0.016     5.8955     62.353     43.338  38.515921     4.0413      6.174   313.8660 7.0691e+01     5.6728      0.492      0.714    19.4320 0.0000e+00
      0.505      0.016     5.8561     61.993     43.324  38.503333     4.0830      6.176   313.6966 7.0464e+01     5.6534      0.494      0.717    19.4319 0.0000e+00
      0.508      0.017     5.8137     61.647     43.323  38.502189     4.1176      6.176   313.6531 7.0029e+01     5.6513      0.498      0.721    19.4320 0.0000e+00
      0.512      0.017     5.7684     61.306     43.323  38.502084     4.1436      6.177   313.6845 6.9300e+01     5.6822      0.502      0.727    19.4320 0.0000e+00
      0.518      0.017     5.7313     60.983     43.323  38.502074     4.1473      6.178   313.8186 6.8582e+01     5.6172      0.508      0.736    19.4321 0.0000e+00
      0.523      0.016     5.6997     60.672     43.322  38.502063     4.1302      6.180   313.9840 6.7997e+01     5.4458      0.514      0.746    19.4318 0.0000e+00
      0.528      0.015     5.6687     60.364     43.322  38.501950     4.1110      6.182   314.1357 6.7541e+01     5.3517      0.519      0.752    19.4317 0.0000e+00
      0.531      0.014     5.6357     60.074     43.320  38.500710     4.1062      6.183   314.1900 6.7347e+01     5.3678      0.522      0.756    19.4318 0.0000e+00
      0.533      0.014     5.6069     59.829     43.305  38.487074     4.1144      6.183   314.1242 6.7255e+01     5.4008      0.523      0.758    19.4318 0.0000e+00
      0.535      0.015     5.5789     59.652     43.280  38.463990     4.1607      6.184   314.1148 6.6959e+01     5.3753      0.524      0.760    19.4320 0.0000e+00
      0.539      0.016     5.5494     59.509     43.294  38.475433     4.2666      6.186   314.6783 6.6405e+01     5.3333      0.528      0.766    19.4320 0.0000e+00
      0.544      0.017     5.5231     59.399     43.319  38.498508     4.3374      6.186   315.6028 6.5912e+01     5.3368      0.534      0.774    19.4321 0.0000e+00
      0.549      0.018     5.4971     59.323     43.309  38.489163     4.3499      6.187   315.9151 6.5415e+01     5.3833      0.539      0.781    19.4318 0.0000e+00
      0.555      0.018     5.4851     59.249     43.309  38.489353     4.3516      6.189   315.6147 6.4782e+01     5.4856      0.544      0.789    19.4312 0.0000e+00
      0.560      0.017     5.4708     59.198     43.322  38.500805     4.3250      6.190   315.2398 6.4257e+01     5.5826      0.550      0.797    19.4309 0.0000e+00
      0.564      0.016     5.4595     59.166     43.322  38.500711     4.2949      6.190   315.5986 6.3850e+01     5.6006      0.553      0.803    19.4307 0.0000e+00
      0.566      0.015     5.4562     59.141     43.307  38.488219     4.2863      6.191   316.6830 6.3405e+01     5.6007      0.555      0.805    19.4306 0.0000e+00
      0.569      0.015     5.4460     59.156     43.294  38.476680     4.2881      6.192   317.2517 6.2882e+01     5.5833      0.558      0.809    19.4309 0.0000e+00
      0.573      0.015     5.4427     59.251     43.307  38.488105     4.3005      6.193   317.2268 6.2320e+01     5.5266      0.562      0.816    19.4311 0.0000e+00
      0.578      0.015     5.4405     59.398     43.320  38.499443     4.3033      6.194   316.9839 6.1697e+01     5.4618      0.566      0.822    19.4312 0.0000e+00
      0.583      0.015     5.4367     59.562     43.305  38.486855     4.2878      6.195   316.5520 6.1032e+01     5.3798      0.571      0.829    19.4314 0.0000e+00
      0.587      0.015     5.4358     59.808     43.278  38.462824     4.2464      6.196   316.6505 6.0477e+01     5.3901      0.576      0.836    19.4316 0.0000e+00
      0.591      0.014     5.4459     60.213     43.278  38.462719     4.1948      6.197   317.4013 6.0035e+01     5.5178      0.579      0.840    19.4316 0.0000e+00
      0.593      0.013     5.4624     60.739     43.304  38.485587     4.1797      6.197   317.9726 5.9601e+01     5.6262      0.581      0.843    19.4320 0.0000e+00
      0.596      0.013     5.4738     61.285     43.304  38.485482     4.1793      6.198   318.0511 5.9220e+01     5.6750      0.585      0.848    19.4329 0.0000e+00
      0.599      0.012     5.4927     61.845     43.277  38.461451     4.2073      6.199   317.9201 5.8825e+01     5.6984      0.587      0.852    19.4331 0.0000e+00
      0.603      0.012     5.5316     62.440     43.263  38.448863     4.2849      6.200   317.6792 5.8369e+01     5.7041      0.591      0.857    19.4325 0.0000e+00
      0.607      0.012     5.5855     63.025     43.276  38.460202     4.3436      6.201   317.4616 5.7922e+01     5.7099      0.595      0.863    19.4321 0.0000e+00
      0.609      0.011     5.6350     63.589     43.289  38.471636     4.3673      6.203   317.6125 5.7461e+01     5.7347      0.597      0.867    19.4319 0.0000e+00
      0.612      0.011     5.6836     64.109     43.276  38.460192     4.3723      6.205   317.9555 5.7031e+01     5.6966      0.600      0.870    19.4317 0.0000e+00
      0.614      0.011     5.7430     64.564     43.263  38.448749     4.3369      6.207   318.2524 5.6565e+01     5.6249      0.602      0.873    19.4317 0.0000e+00
      0.616      0.012     5.7948     64.974     43.277  38.460191     4.2887      6.208   317.7604 5.6021e+01     5.6186      0.605      0.876    19.4317 0.0000e+00
      0.619      0.013     5.8479     65.361     43.290  38.471625     4.2812      6.208   316.5671 5.5501e+01     5.6554      0.607      0.879    19.4314 0.0000e+00
      0.623      0.014     5.8981     65.727     43.277  38.460079     4.2961      6.210   316.1279 5.4952e+01     5.7280      0.611      0.885    19.4311 0.0000e+00
      0.627      0.015     5.9370     65.980     43.262  38.447502     4.2772      6.211   316.5805 5.4329e+01     5.6763      0.615      0.892    19.4309 0.0000e+00
      0.631      0.016     5.9760     66.065     43.261  38.446471     4.2362      6.211   317.3070 5.3714e+01     5.4745      0.619      0.898    19.4307 0.0000e+00
      0.636      0.016     6.0086     66.061     43.263  38.447614     4.2246      6.211   317.6850 5.3187e+01     5.4060      0.624      0.904    19.4306 0.0000e+00
      0.640      0.015     6.0474     65.971     43.278  38.461321     4.2371      6.213   317.1063 5.2763e+01     5.4625      0.627      0.910    19.4304 0.0000e+00
      0.645      0.014     6.0748     65.767     43.305  38.485289     4.2701      6.214   315.9884 5.2396e+01     5.5089      0.632      0.917    19.4302 0.0000e+00
      0.648      0.013     6.0754     65.547     43.303  38.483571     4.3154      6.214   315.6124 5.2061e+01     5.5570      0.636      0.923    19.4303 0.0000e+00
      0.650      0.012     6.0765     65.390     43.254  38.440551     4.3360      6.214   316.0016 5.1808e+01     5.6000      0.638      0.925    19.4304 0.0000e+00
      0.653      0.012     6.0717     65.240     43.219  38.409343     4.3526      6.216   316.2206 5.1522e+01     5.6539      0.640      0.928    19.4303 0.0000e+00
      0.656      0.013     6.0474     65.077     43.235  38.423529     4.4088      6.218   316.1948 5.1091e+01     5.6955      0.643      0.932    19.4305 0.0000e+00
      0.659      0.013     6.0229     64.950     43.233  38.421700     4.4826      6.219   316.0341 5.0611e+01     5.6935      0.646      0.937    19.4307 0.0000e+00
      0.662      0.014     6.0130     64.835     43.194  38.387229     4.5119      6.220   315.8262 5.0133e+01     5.6634      0.650      0.942    19.4311 0.0000e+00
      0.667      0.014     6.0005     64.669     43.195  38.387486     4.5053      6.221   315.8312 4.9662e+01     5.6051      0.654      0.948    19.4313 0.0000e+00
      0.671      0.013     5.9811     64.423     43.237  38.424816     4.4947      6.221   316.0091 4.9242e+01     5.6032      0.659      0.955    19.4312 0.0000e+00
