Data/DataNotYetUploadedToEDI/Raw_CTD/RawDownloads/092623_bvr50_S7809001.cnv
* Sea-Bird SBE19plus  Data File:
* FileName = C:\R\Reservoirs\Data\DataNotYetUploadedToEDI\Raw_CTD\RawDownloads\092623_bvr50_S7809_0001.hex
* Software version 2.8.0.119
* Temperature SN = 7809
* Conductivity SN = 7809
* System UpLoad Time = Oct 05 2023 10:01:49
* <ApplicationData>
* <Seaterm232>
# nquan = 15
# nvalues = 1553                        
# units = specified
# name 0 = depFM: Depth [fresh water, m]
# name 1 = dz/dtM: Descent Rate [m/s]
# name 2 = sbeox0Mg/L: Oxygen, SBE 43 [mg/l]
# name 3 = sbeox0PS: Oxygen, SBE 43 [% saturation]
# name 4 = specc: Specific Conductance [uS/cm]
# name 5 = c0uS/cm: Conductivity [uS/cm]
# name 6 = flECO-AFL: Fluorescence, WET Labs ECO-AFL/FL [mg/m^3]
# name 7 = ph: pH
# name 8 = orp: Oxidation Reduction Potential [mV]
# name 9 = par/sat/log: PAR/Logarithmic, Satlantic
# name 10 = turbWETntu0: Turbidity, WET Labs ECO [NTU]
# name 11 = prdM: Pressure, Strain Gauge [db]
# name 12 = prdE: Pressure, Strain Gauge [psi]
# name 13 = tv290C: Temperature [ITS-90, deg C]
# name 14 = flag:  0.000e+00
# span 0 =     -0.670,      9.217       
# span 1 =     -0.331,      0.202       
# span 2 =    -0.1125,     9.3405       
# span 3 =     -1.039,     99.472       
# span 4 =      0.470,    244.110       
# span 5 =   0.384375, 169.840708       
# span 6 =    -0.1167,    14.7001       
# span 7 =      4.453,      6.730       
# span 8 = -1240.7455,   407.7448       
# span 9 = 1.2365e-01, 3.6515e+02       
# span 10 =     1.3981,    10.3987      
# span 11 =     -0.657,      9.039      
# span 12 =     -0.954,     13.111      
# span 13 =     9.7849,    19.6325      
# span 14 = 0.0000e+00, 0.0000e+00      
# interval = seconds: 0.25
# start_time = Sep 26 2023 11:42:20 [Instrument's time stamp, header]
# bad_flag = -9.990e-29
*END*
[from data line 97]
      0.071     -0.002     5.4839     59.155     32.803  29.172708     7.9253      5.770   319.6517 1.1323e+02     3.7017      0.069      0.101    19.4430 0.0000e+00
      0.071     -0.003     5.4617     59.361     32.780  29.153730     7.9236      5.772   319.7687 1.1293e+02     3.7062      0.070      0.102    19.4480 0.0000e+00
      0.071     -0.006     5.4423     59.627     32.794  29.164580     7.8978      5.775   319.4592 1.1284e+02     3.7549      0.069      0.101    19.4533 0.0000e+00
      0.071     -0.008     5.4258     59.867     32.809  29.177037     7.8373      5.779   319.0937 1.1301e+02     3.7438      0.070      0.101    19.4585 0.0000e+00
      0.069     -0.008     5.4297     60.012     32.811  29.177490     7.8004      5.782   318.8765 1.1430e+02     3.7088      0.069      0.100    19.4624 0.0000e+00
      0.063     -0.006     5.4536     60.027     32.804  29.170046     7.8004      5.783   318.6404 1.1685e+02     3.7077      0.063      0.091    19.4647 0.0000e+00
      0.057     -0.002     5.4797     59.886     32.786  29.150459     7.8046      5.784   318.2178 1.1836e+02     3.6966      0.053      0.077    19.4622 0.0000e+00
      0.056      0.002     5.5053     59.561     32.771  29.130951     7.8355      5.785   317.8109 1.1734e+02     3.6775      0.052      0.074    19.4595 0.0000e+00
      0.061      0.007     5.5190     59.071     32.769  29.124447     7.8904      5.786   317.6774 1.1508e+02     3.6809      0.059      0.086    19.4589 0.0000e+00
      0.068      0.012     5.5216     58.511     32.782  29.135249     7.9109      5.785   317.6373 1.1334e+02     3.6694      0.068      0.099    19.4569 0.0000e+00
      0.072      0.015     5.5105     58.017     32.780  29.134701     7.9166      5.784   317.4979 1.1214e+02     3.6756      0.072      0.104    19.4523 0.0000e+00
      0.074      0.015     5.4814     57.652     32.758  29.117816     7.9601      5.784   317.2824 1.1017e+02     3.7557      0.071      0.103    19.4405 0.0000e+00
      0.078      0.013     5.4345     57.382     32.759  29.121389     8.0204      5.784   317.0973 1.0742e+02     3.8172      0.076      0.111    19.4302 0.0000e+00
      0.082      0.011     5.3773     57.177     32.748  29.114479     8.0456      5.786   317.0661 1.0532e+02     3.7704      0.082      0.118    19.4312 0.0000e+00
      0.084      0.010     5.3290     57.020     32.728  29.097699     8.0321      5.785   317.2492 1.0460e+02     3.7029      0.082      0.118    19.4345 0.0000e+00
      0.086      0.008     5.2978     56.869     32.738  29.108797     7.9981      5.782   317.5034 1.0418e+02     3.7174      0.085      0.123    19.4377 0.0000e+00
      0.090      0.007     5.2732     56.718     32.752  29.121802     7.9593      5.779   317.7313 1.0471e+02     3.7759      0.089      0.129    19.4436 0.0000e+00
      0.091      0.007     5.2533     56.613     32.761  29.128089     7.9383      5.779   317.7676 1.0696e+02     3.7949      0.091      0.131    19.4483 0.0000e+00
      0.090      0.006     5.2413     56.565     32.761  29.121379     7.9343      5.779   317.5122 1.0857e+02     3.7423      0.089      0.127    19.4504 0.0000e+00
      0.091      0.005     5.2279     56.532     32.751  29.104090     7.9623      5.779   317.2245 1.0814e+02     3.6862      0.088      0.127    19.4517 0.0000e+00
      0.095      0.004     5.2108     56.499     32.761  29.109323     8.0269      5.781   316.8704 1.0663e+02     3.7322      0.094      0.137    19.4540 0.0000e+00
      0.097      0.004     5.2006     56.489     32.772  29.121223     8.0744      5.782   316.1550 1.0568e+02     3.7861      0.099      0.143    19.4545 0.0000e+00
      0.097      0.004     5.1999     56.500     32.767  29.121118     8.0712      5.782   311.7595 1.0516e+02     3.7576      0.096      0.139    19.4434 0.0000e+00
      0.096      0.003     5.1995     56.514     32.747  29.108053     7.9714      5.780   303.7329 1.0374e+02     3.7623      0.092      0.134    19.4246 0.0000e+00
      0.097      0.001     5.1952     56.475     32.724  29.090124     7.7989      5.777   299.0372 1.0136e+02     3.8093      0.094      0.136    19.4183 0.0000e+00
      0.100     -0.002     5.1943     56.289     32.733  29.094623     7.7005      5.777   298.3476 9.9224e+01     3.8130      0.098      0.143    19.4248 0.0000e+00
      0.101     -0.006     5.1948     55.934     32.746  29.099016     7.6890      5.776   298.1478 9.9698e+01     3.7729      0.100      0.145    19.4333 0.0000e+00
      0.101     -0.010     5.1962     55.465     32.730  29.079811     7.6843      5.774   297.9975 1.0576e+02     3.7350      0.100      0.145    19.4398 0.0000e+00
      0.096     -0.015     5.1971     54.912     32.703  29.052691     7.6688      5.774   297.9080 1.1806e+02     3.7643      0.096      0.139    19.4459 0.0000e+00
      0.087     -0.019     5.1810     54.322     32.677  29.024824     7.6516      5.775   297.9252 1.3338e+02     3.8198      0.086      0.124    19.4421 0.0000e+00
      0.080     -0.021     5.1462     53.759     32.651  28.996579     7.6425      5.779   298.1193 1.4783e+02     3.8255      0.076      0.111    19.4244 0.0000e+00
      0.075     -0.023     5.1048     53.242     32.619  28.964892     7.6336      5.784   298.1902 1.5991e+02     3.7985      0.073      0.107    19.4168 0.0000e+00
      0.072     -0.023     5.0522     52.786     32.614  28.958838     7.5518      5.790   298.0077 1.6946e+02     3.7329      0.070      0.103    19.4165 0.0000e+00
      0.068     -0.019     4.9952     52.413     32.649  28.986813     7.4031      5.796   297.9781 1.7751e+02     3.7151      0.067      0.097    19.4079 0.0000e+00
      0.060     -0.013     4.9459     52.182     32.653  28.985979     7.3178      5.800   298.0904 1.8531e+02     3.7885      0.061      0.088    19.3965 0.0000e+00
      0.051     -0.006     4.8967     52.135     32.612  28.948753     7.3024      5.802   298.1605 1.8956e+02     3.8008      0.047      0.067    19.3936 0.0000e+00
      0.048     -0.000     4.8553     52.172     32.583  28.917285     7.3330      5.804   298.2235 1.8804e+02     3.7608      0.042      0.061    19.3944 0.0000e+00
      0.055      0.005     4.8191     52.147     32.617  28.922641     7.4051      5.805   298.0781 1.8500e+02     3.7490      0.055      0.079    19.3896 0.0000e+00
      0.063      0.010     4.7957     52.012     32.684  28.950049     7.4506      5.807   297.7799 1.8316e+02     3.7600      0.064      0.093    19.3759 0.0000e+00
      0.067      0.013     4.7961     51.796     32.685  28.931479     7.4673      5.809   297.6284 1.8211e+02     3.7930      0.066      0.096    19.3767 0.0000e+00
      0.067      0.013     4.8049     51.518     32.645  28.888384     7.4986      5.812   297.5375 1.8054e+02     3.7718      0.066      0.096    19.3855 0.0000e+00
      0.068      0.011     4.8082     51.212     32.634  28.872976     7.5368      5.814   297.3682 1.7801e+02     3.7075      0.066      0.096    19.3371 0.0000e+00
      0.071      0.009     4.7997     50.894     32.639  28.872030     7.5552      5.816   297.3023 1.7627e+02     3.7335      0.069      0.100    19.2712 0.0000e+00
      0.075      0.008     4.7830     50.552     32.649  28.876945     7.5713      5.820   297.2582 1.7554e+02     3.8127      0.073      0.107    19.2472 0.0000e+00
      0.079      0.008     4.7561     50.253     32.643  28.868975     7.5904      5.823   297.0931 1.7482e+02     3.8109      0.078      0.113    19.2416 0.0000e+00
      0.081      0.007     4.7271     50.091     32.611  28.839087     7.5859      5.826   297.0261 1.7399e+02     3.7459      0.079      0.115    19.2339 0.0000e+00
      0.081      0.005     4.7013     50.046     32.606  28.832703     7.5665      5.828   297.0497 1.7359e+02     3.7103      0.079      0.115    19.2238 0.0000e+00
      0.081      0.003     4.6678     50.058     32.634  28.855220     7.5647      5.831   297.0354 1.7332e+02     3.7217      0.080      0.116    19.2180 0.0000e+00
      0.081      0.003     4.6342     50.107     32.641  28.857622     7.5892      5.834   296.9392 1.7300e+02     3.7473      0.079      0.115    19.2138 0.0000e+00
      0.082      0.008     4.6233     50.221     32.649  28.861732     7.6867      5.834   296.8327 1.7322e+02     3.7463      0.080      0.117    19.2114 0.0000e+00
      0.082      0.023     4.6199     50.359     32.697  28.904915     7.8539      5.830   296.9517 1.7323e+02     3.7104      0.080      0.116    19.2095 0.0000e+00
      0.083      0.040     4.6241     50.524     32.723  28.935738     7.9547      5.825   297.0883 1.7255e+02     3.6879      0.079      0.116    19.2071 0.0000e+00
      0.088      0.051     4.6254     50.822     32.706  28.917290     7.9726      5.821   296.9358 1.6863e+02     3.7138      0.081      0.118    19.1999 0.0000e+00
      0.108      0.048     4.6385     51.223     32.701  28.872142     7.9126      5.819   296.7419 1.5529e+02     3.7507      0.095      0.138    19.1954 0.0000e+00
      0.144      0.030     4.6563     51.873     32.726  28.833803     7.7696      5.821   297.2392 1.3823e+02     3.7244      0.144      0.210    19.1876 0.0000e+00
      0.173     -0.005     4.6567     53.031     32.779  28.834216     7.6917      5.826   304.3254 1.3089e+02     3.7033      0.184      0.267    19.2083 0.0000e+00
      0.171     -0.055     4.6925     54.594     32.858  28.877085     7.6952      5.831   317.2029 1.3324e+02     3.7343      0.175      0.253    19.2340 0.0000e+00
      0.142     -0.111     4.7303     56.130     32.909  28.908099     7.6126      5.836   323.7088 1.4350e+02     3.7578      0.145      0.211    19.1525 0.0000e+00
      0.095     -0.161     4.7871     57.294     32.892  28.892047     7.4425      5.839   323.6206 1.6568e+02     3.7488      0.100      0.144    19.0330 0.0000e+00
      0.031     -0.194     4.9062     58.062     32.863  28.873282     7.3437      5.844   323.2774 2.0246e+02     3.6928      0.031      0.045    18.9690 0.0000e+00
     -0.035     -0.207     5.0715     58.438     32.861  28.871515     7.3249      5.849   323.1727 2.4603e+02     3.6954     -0.038     -0.054    18.9326 0.0000e+00
     -0.094     -0.204     5.2326     58.329     32.874  28.870675     7.2328      5.854   323.2155 2.8382e+02     3.7807     -0.097     -0.140    18.9101 0.0000e+00
     -0.143     -0.188     5.3353     57.759     32.879  28.863113     7.0538      5.860   323.4514 3.0878e+02     3.8021     -0.142     -0.207    18.9099 0.0000e+00
     -0.186     -0.166     5.4040     56.908     32.867  28.843499     6.9505      5.868   323.8734 3.1641e+02     3.7490     -0.182     -0.264    18.9304 0.0000e+00
     -0.227     -0.145     5.4447     56.010     32.852  28.823799     6.9235      5.877   324.2742 3.1599e+02     3.7196     -0.226     -0.328    18.9345 0.0000e+00
     -0.261     -0.129     5.4367     55.242     32.850  28.815203     6.7694      5.882   324.4253 3.1673e+02     3.7203     -0.260     -0.378    18.9062 0.0000e+00
     -0.286     -0.114     5.3788     54.634     32.843  28.802982     6.4941      5.883   324.2377 3.1683e+02     3.7227     -0.280     -0.408    18.8851 0.0000e+00
     -0.309     -0.097     5.2930     54.172     32.851  28.802876     6.3327      5.881   323.7268 3.1395e+02     3.7151     -0.301     -0.435    18.8755 0.0000e+00
     -0.337     -0.074     5.2031     53.829     32.870  28.813917     6.2997      5.880   323.2379 3.0819e+02     3.6971     -0.331     -0.480    18.8634 0.0000e+00
     -0.364     -0.051     5.1338     53.520     32.870  28.809609     6.2947      5.880   323.0584 3.0432e+02     3.6757     -0.362     -0.525    18.8535 0.0000e+00
     -0.379     -0.031     5.0793     53.233     32.879  28.814212     6.3227      5.881   323.1055 3.0608e+02     3.6952     -0.379     -0.551    18.8447 0.0000e+00
     -0.377     -0.016     5.0358     52.971     32.873  28.806150     6.3719      5.884   323.3779 3.1116e+02     3.7621     -0.373     -0.542    18.8345 0.0000e+00
     -0.363     -0.006     5.0109     52.644     32.842  28.775552     6.3898      5.888   323.7699 3.1386e+02     3.7663     -0.352     -0.511    18.8250 0.0000e+00
     -0.353     -0.003     4.9819     52.203     32.829  28.761394     6.3811      5.891   323.9738 3.1195e+02     3.7128     -0.342     -0.495    18.8195 0.0000e+00
     -0.355     -0.007     4.9534     51.687     32.833  28.761810     6.4502      5.895   323.8648 3.0792e+02     3.6953     -0.346     -0.501    18.8144 0.0000e+00
     -0.367     -0.014     4.9351     51.138     32.857  28.780578     6.5929      5.898   323.5698 3.0445e+02     3.7254     -0.359     -0.520    18.8091 0.0000e+00
     -0.379     -0.019     4.9071     50.608     32.879  28.798032     6.6747      5.901   323.3327 3.0210e+02     3.7695     -0.374     -0.542    18.8045 0.0000e+00
     -0.387     -0.018     4.8629     50.106     32.864  28.782557     6.6731      5.904   323.0632 3.0042e+02     3.7843     -0.381     -0.552    18.8002 0.0000e+00
     -0.390     -0.010     4.8160     49.660     32.869  28.783747     6.6146      5.906   322.6340 2.9895e+02     3.7679     -0.382     -0.554    18.7955 0.0000e+00
     -0.390      0.000     4.7618     49.377     32.974  28.875860     6.5340      5.909   322.3595 2.9833e+02     3.7761     -0.382     -0.555    18.7914 0.0000e+00
     -0.388      0.010     4.7129     49.296     33.170  29.071710     6.4977      5.913   322.2386 2.9987e+02     3.7806     -0.382     -0.554    18.7882 0.0000e+00
     -0.383      0.015     4.6681     49.604     33.270  29.248912     6.4835      5.917   321.8610 3.0266e+02     3.7204     -0.376     -0.546    18.7853 0.0000e+00
     -0.377      0.018     4.6191     50.945     33.170  29.305924     6.4370      5.919   321.4070 3.0471e+02     3.6628     -0.368     -0.534    18.7820 0.0000e+00
     -0.370      0.020     4.5940     53.733     33.035  29.317229     6.3775      5.919   321.3101 3.0626e+02     3.6653     -0.363     -0.526    18.7768 0.0000e+00
     -0.365      0.020     4.5878     57.472     32.952  29.322347     6.3635      5.918   321.2911 3.0831e+02     3.7153     -0.357     -0.518    18.7746 0.0000e+00
     -0.360      0.019     4.5751     61.332     32.887  29.304475     6.3759      5.917   321.1784 3.1019e+02     3.7556     -0.353     -0.511    18.9071 0.0000e+00
     -0.356      0.018     4.6492     64.763     32.850  29.291470     6.3765      5.920   321.1520 3.1066e+02     3.7429     -0.349     -0.506    19.1899 0.0000e+00
     -0.353      0.016     4.9119     67.465     32.840  29.291998     6.4705      5.925   321.1435 3.1093e+02     3.7329     -0.346     -0.501    19.4034 0.0000e+00
     -0.348      0.014     5.2773     69.331     32.855  29.310875     6.6557      5.928   321.1617 3.1234e+02     3.7708     -0.341     -0.495    19.5055 0.0000e+00
     -0.343      0.011     5.6395     70.345     32.873  29.329422     6.7587      5.933   321.2858 3.1377e+02     3.8252     -0.335     -0.487    19.5585 0.0000e+00
     -0.340      0.007     5.9618     70.498     32.867  29.325960     6.7845      5.938   321.4388 3.1426e+02     3.8101     -0.333     -0.482    19.5825 0.0000e+00
     -0.338      0.002     6.2106     69.984     32.873  29.332455     6.8683      5.939   321.5499 3.1390e+02     3.7247     -0.332     -0.481    19.5964 0.0000e+00
     -0.337     -0.002     6.3785     69.174     32.885  29.344516     7.0218      5.937   321.5109 3.1243e+02     3.7157     -0.330     -0.478    19.6023 0.0000e+00
     -0.339     -0.003     6.4757     68.349     32.885  29.344931     7.1174      5.934   321.1387 3.0958e+02     3.8029     -0.331     -0.479    19.6064 0.0000e+00
     -0.343     -0.001     6.4824     67.598     32.875  29.337482     7.1502      5.933   320.7501 3.0694e+02     3.8573     -0.338     -0.490    19.6085 0.0000e+00
