Data/DataNotYetUploadedToEDI/Raw_CTD/RawDownloads/092622_fcr50_S7809001.cnv
* Sea-Bird SBE19plus  Data File:
* FileName = C:\R\Reservoirs\Data\DataNotYetUploadedToEDI\Raw_CTD\RawDownloads\092622_fcr50_S7809_0001.hex
* Software version 2.8.0.119
* Temperature SN = 7809
* Conductivity SN = 7809
* System UpLoad Time = Sep 26 2022 16:46:18
* <ApplicationData>
* <Seaterm232>
# nquan = 15
# nvalues = 1965                        
# units = specified
# name 0 = depFM: Depth [fresh water, m]
# name 1 = dz/dtM: Descent Rate [m/s]
# name 2 = sbeox0Mg/L: Oxygen, SBE 43 [mg/l]
# name 3 = sbeox0PS: Oxygen, SBE 43 [% saturation]
# name 4 = specc: Specific Conductance [uS/cm]
# name 5 = c0uS/cm: Conductivity [uS/cm]
# name 6 = flECO-AFL: Fluorescence, WET Labs ECO-AFL/FL [mg/m^3]
# name 7 = ph: pH
# name 8 = orp: Oxidation Reduction Potential [mV]
# name 9 = par/sat/log: PAR/Logarithmic, Satlantic
# name 10 = turbWETntu0: Turbidity, WET Labs ECO [NTU]
# name 11 = prdM: Pressure, Strain Gauge [db]
# name 12 = prdE: Pressure, Strain Gauge [psi]
# name 13 = tv290C: Temperature [ITS-90, deg C]
# name 14 = flag:  0.000e+00
# span 0 =     -0.714,      9.551       
# span 1 =     -0.286,      0.167       
# span 2 =     0.0197,     7.2613       
# span 3 =      0.202,     80.806       
# span 4 =      1.933,    574.622       
# span 5 =   1.706728, 426.139192       
# span 6 =    -2.1310,   227.4166       
# span 7 =     -2.370,      8.872       
# span 8 = -1240.7455,   415.2859       
# span 9 = 1.2355e-01, 1.8057e+03       
# span 10 =   -10.3588,   957.2949      
# span 11 =     -0.701,      9.366      
# span 12 =     -1.016,     13.585      
# span 13 =    11.9683,    24.2376      
# span 14 = 0.0000e+00, 0.0000e+00      
# interval = seconds: 0.25
# start_time = Sep 26 2022 08:00:51 [Instrument's time stamp, header]
# bad_flag = -9.990e-29
*END*
     -0.714      0.001     6.5265     77.826      2.823   2.780572    -0.0887     -2.369 -1240.7455 1.5323e+02     0.6766     -0.700     -1.016    24.2372 0.0000e+00
     -0.713      0.001     6.5230     77.818      3.098   3.050920    -0.0885     -2.369 -1240.7455 1.5590e+02     0.7412     -0.700     -1.015    24.2373 0.0000e+00
     -0.713      0.001     6.5316     77.867      3.319   3.267396    -0.0890     -2.369 -1240.7455 1.5264e+02     0.7451     -0.699     -1.014    24.2376 0.0000e+00
     -0.713      0.001     6.5316     77.876      3.555   3.498740    -0.0960     -2.370 -1240.7455 1.3357e+02     0.5194     -0.700     -1.015    24.2369 0.0000e+00
     -0.713      0.000     6.5182     77.875      3.755   3.695592    -0.0974     -2.370 -1240.7455 1.1736e+02     0.1631     -0.699     -1.014    24.2370 0.0000e+00
     -0.713 1.8626e-08     6.5191     77.893      3.744   3.684947    -0.0890     -2.370 -1240.7455 1.1570e+02    -0.0106     -0.699     -1.014    24.2332 0.0000e+00
     -0.713 2.0489e-07     6.5310     77.882      3.553   3.496656    -0.0859     -2.370 -1240.7455 1.5536e+02    -0.0436     -0.699     -1.013    24.2183 0.0000e+00
     -0.713 2.0489e-07     6.5304     77.892      3.307   3.254933    -0.0932     -2.370 -1240.7455 2.6167e+02    -0.0983     -0.699     -1.014    24.2057 0.0000e+00
     -0.713 1.8626e-08     6.5276     77.937      3.090   3.041397    -0.1106     -2.370 -1240.7455 5.0575e+02    -0.1597     -0.700     -1.015    24.2023 0.0000e+00
     -0.713 1.6933e-09     6.5352     77.922      2.923   2.877347    -0.1302     -2.370 -1240.7455 1.0139e+03    -0.2057     -0.699     -1.014    24.2022 0.0000e+00
     -0.712 1.5394e-10     6.5296     77.871      2.771   2.727481    -0.1392     -2.370 -1240.7455 1.5778e+03    -0.2441     -0.699     -1.013    24.2027 0.0000e+00
     -0.712 1.3996e-11     6.5285     77.880      2.665   2.622112    -0.1272     -2.370 -1240.7455 1.8057e+03    -0.2488     -0.699     -1.013    24.2032 0.0000e+00
     -0.712 1.2935e-12     6.5393     77.935      2.595   2.552941    -0.0927     -2.370 -1240.7455 1.3844e+03    -0.2287     -0.699     -1.014    24.2039 0.0000e+00
     -0.712 3.4996e-13     6.5356     77.960      2.501   2.460882    -0.0726     -2.370 -1240.7455 5.5854e+02    -0.2052     -0.699     -1.013    24.2041 0.0000e+00
     -0.713 2.5879e-12     6.5268     77.952      2.434   2.395315    -0.0834     -2.370 -1240.7455 1.1044e+02    -0.2042     -0.699     -1.014    24.2042 0.0000e+00
     -0.713 2.8352e-11     6.5283     77.957      2.431   2.393228    -0.0990     -2.370 -1240.7455 6.6431e+01    -0.1819     -0.699     -1.014    24.2044 0.0000e+00
     -0.713 3.1186e-10     6.5372     77.972      2.410   2.372339    -0.1032     -2.370 -1240.7455 6.7358e+01    -0.0719     -0.699     -1.014    24.2044 0.0000e+00
     -0.712 3.4305e-09     6.5386     77.983      2.370   2.332667    -0.0999     -2.370 -1240.7451 9.0825e+01    -0.0357     -0.699     -1.013    24.2044 0.0000e+00
     -0.712 3.7736e-08     6.5354     77.994      2.394   2.356692    -0.1010     -2.370 -1240.7415 2.9021e+02    -0.0861     -0.699     -1.013    24.2038 0.0000e+00
     -0.712 4.1509e-07     6.5370     77.995      2.512   2.472907    -0.0910     -2.370 -1240.7011 4.8228e+02    -0.0668     -0.699     -1.013    24.2038 0.0000e+00
     -0.713      0.000     6.5388     77.980      2.640   2.598316    -0.0634     -2.370 -1240.2567 3.1982e+02    -0.0075     -0.700     -1.015    24.2028 0.0000e+00
     -0.713      0.000     6.5389     77.957      2.713   2.670192    -0.0585     -2.369 -1235.3683 1.9825e+02     0.0158     -0.699     -1.014    24.2037 0.0000e+00
     -0.713      0.001     6.5407     77.951      3.141   3.088741    -0.0817     -2.360 -1181.5964 5.4119e+02     0.0107     -0.699     -1.014    24.2020 0.0000e+00
     -0.713      0.006     6.5408     77.965      7.807   7.658954    -0.0943     -2.259  -590.1055 7.9652e+02     0.0002     -0.699     -1.014    24.2050 0.0000e+00
     -0.712      0.027     6.5398     77.990     20.728  20.182410    -0.1105     -1.143   277.7146 4.7479e+02    -0.0435     -0.698     -1.013    24.1999 0.0000e+00
     -0.712      0.065     6.5361     78.030     34.703  33.375543    -0.1535      1.398   415.2859 2.1352e+02    -0.1425     -0.699     -1.013    24.2069 0.0000e+00
     -0.710      0.109     6.5374     78.060     40.453  38.274435    -0.1811      3.830   209.4230 2.3867e+02    -0.2410     -0.699     -1.014    24.1888 0.0000e+00
     -0.690      0.143     6.5396     78.084     40.693  37.894999    -0.1778      5.266   190.1725 1.8282e+02    -0.1063     -0.697     -1.011    24.1911 0.0000e+00
     -0.627      0.163     6.5470     78.118     40.419  37.221652    -0.0303      6.085   188.3798 1.2492e+02     2.1356     -0.628     -0.912    24.1303 0.0000e+00
     -0.538      0.167     6.6471     78.157     40.308  36.854760     0.2626      6.551   187.7477 1.2333e+02     6.3013     -0.511     -0.742    23.3690 0.0000e+00
     -0.476      0.154     6.7962     78.192     40.298  36.692774     0.4335      6.821   188.5529 1.2314e+02     8.9275     -0.453     -0.656    22.2166 0.0000e+00
     -0.450      0.125     6.8965     78.215     40.418  36.721422     0.4886      6.975   191.4048 1.2146e+02    13.4957     -0.438     -0.635    21.4650 0.0000e+00
     -0.440      0.086     6.9663     78.233     40.705  36.947372     0.8620      7.062   192.8041 1.1964e+02    61.9456     -0.430     -0.624    20.9783 0.0000e+00
     -0.435      0.051     7.0130     78.261     40.995  37.205153     1.5438      7.116   191.6184 1.1910e+02   150.7256     -0.428     -0.620    20.6590 0.0000e+00
     -0.427      0.035     7.0401     78.301     41.232  37.428456     1.9158      7.146   191.1793 1.1892e+02   198.7140     -0.419     -0.608    20.4953 0.0000e+00
     -0.420      0.036     7.0541     78.351     41.567  37.744830     1.9728      7.153   192.4848 1.1857e+02   198.5074     -0.409     -0.595    20.4019 0.0000e+00
     -0.415      0.044     7.0604     78.431     41.821  37.986391     2.2069      7.148   193.6379 1.1901e+02   148.9444     -0.407     -0.592    20.3677 0.0000e+00
     -0.407      0.052     7.0623     78.558     41.821  38.002713     2.6079      7.142   193.2477 1.2221e+02    57.4622     -0.403     -0.585    20.3668 0.0000e+00
     -0.389      0.057     7.0650     78.693     41.650  37.878787     2.8253      7.132   192.5848 1.4592e+02     7.5687     -0.385     -0.558    20.3817 0.0000e+00
     -0.365      0.062     7.0657     78.816     41.413  37.692998     2.8465      7.110   192.7634 2.0966e+02     3.0462     -0.357     -0.518    20.3999 0.0000e+00
     -0.345      0.066     7.0702     78.946     41.290  37.595503     2.8395      7.081   191.7936 2.3608e+02     2.6117     -0.336     -0.486    20.4097 0.0000e+00
     -0.332      0.067     7.0829     79.093     41.206  37.524432     2.8661      7.056   190.4959 1.7731e+02     2.4857     -0.325     -0.471    20.4187 0.0000e+00
     -0.320      0.068     7.0887     79.253     41.073  37.404447     2.9432      7.039   190.9259 1.3696e+02     2.4106     -0.316     -0.459    20.4696 0.0000e+00
     -0.304      0.073     7.0920     79.419     41.087  37.413103     3.0055      7.029   191.5718 1.9577e+02     2.4207     -0.298     -0.432    20.5137 0.0000e+00
     -0.286      0.080     7.1024     79.590     41.336  37.629089     3.0210      7.022   192.5400 4.1462e+02     2.4030     -0.280     -0.405    20.5240 0.0000e+00
     -0.266      0.087     7.1151     79.775     41.674  37.923133     2.9637      7.018   193.7702 5.3542e+02     2.3335     -0.266     -0.385    20.5292 0.0000e+00
     -0.239      0.089     7.1294     79.981     41.874  38.114551     2.8529      7.019   194.5724 3.2852e+02     2.2979     -0.236     -0.342    20.5317 0.0000e+00
     -0.209      0.085     7.1451     80.187     41.861  38.167805     2.7891      7.024   195.0124 1.4992e+02     2.3474     -0.204     -0.294    20.5254 0.0000e+00
     -0.182      0.077     7.1615     80.354     41.710  38.123190     2.7750      7.033   195.1324 1.3765e+02     2.4203     -0.175     -0.254    20.5179 0.0000e+00
     -0.162      0.067     7.1816     80.484     41.519  38.019172     2.7151      7.040   196.1105 1.3883e+02     2.4273     -0.156     -0.227    20.4885 0.0000e+00
     -0.152      0.056     7.2029     80.591     41.370  37.924925     2.6057      7.040   197.7184 1.3731e+02     2.3979     -0.148     -0.215    20.4722 0.0000e+00
     -0.145      0.046     7.2102     80.673     41.283  37.871570     2.5428      7.040   198.7413 1.3234e+02     2.3717     -0.143     -0.207    20.5702 0.0000e+00
     -0.137      0.039     7.2038     80.718     41.138  37.754601     2.5288      7.043   199.6168 1.1687e+02     2.3839     -0.136     -0.198    20.7112 0.0000e+00
     -0.125      0.034     7.2036     80.746     40.894  37.525361     2.5035      7.048   200.4739 9.7032e+01     2.4094     -0.122     -0.178    20.7942 0.0000e+00
     -0.113      0.030     7.2070     80.787     40.704  37.319434     2.4606      7.055   201.0171 9.3864e+01     2.3731     -0.108     -0.156    20.8356 0.0000e+00
     -0.106      0.027     7.2112     80.806     40.595  37.167219     2.4261      7.063   201.8822 9.7973e+01     2.3202     -0.104     -0.150    20.8664 0.0000e+00
     -0.102      0.022     7.2111     80.793     40.497  37.016596     2.4280      7.069   202.7606 9.3233e+01     2.3510     -0.100     -0.146    20.8924 0.0000e+00
     -0.098      0.017     7.2109     80.777     40.426  36.893317     2.4591      7.075   203.1200 8.3439e+01     2.4037     -0.096     -0.139    20.8900 0.0000e+00
     -0.094      0.012     7.2241     80.725     40.469  36.881473     2.4772      7.081   202.9579 7.8954e+01     2.3767     -0.092     -0.134    20.8470 0.0000e+00
     -0.091      0.004     7.2361     80.598     40.782  37.126982     2.4732      7.087   201.9199 8.3330e+01     2.3316     -0.089     -0.129    20.7759 0.0000e+00
     -0.089     -0.012     7.2433     80.376     41.158  37.451882     2.4767      7.094   200.7220 8.6260e+01     2.3370     -0.087     -0.127    20.6952 0.0000e+00
     -0.089     -0.037     7.2552     80.024     41.073  37.385333     2.5032      7.098   200.4333 8.7871e+01     2.3738     -0.087     -0.126    20.6232 0.0000e+00
     -0.091     -0.067     7.2613     79.537     40.575  36.956522     2.5348      7.100   200.2358 9.5556e+01     2.4000     -0.085     -0.124    20.5560 0.0000e+00
     -0.106     -0.096     7.2566     78.838     40.159  36.579464     2.5509      7.104   200.0538 1.0186e+02     2.4154     -0.095     -0.137    20.5061 0.0000e+00
     -0.143     -0.116     7.2428     77.719     40.037  36.441011     2.5562      7.105   200.8144 1.0170e+02     2.4231     -0.135     -0.194    20.4782 0.0000e+00
     -0.195     -0.125     7.2086     76.188     40.329  36.677560     2.5568      7.105   202.0334 1.0187e+02     2.3903     -0.193     -0.281    20.4941 0.0000e+00
     -0.243     -0.123     7.1552     74.438     40.803  37.093163     2.5586      7.109   202.9193 1.0344e+02     2.3606     -0.244     -0.354    20.5522 0.0000e+00
     -0.276     -0.111     7.1054     72.577     40.862  37.153805     2.5534      7.116   203.0938 1.0394e+02     2.3718     -0.276     -0.400    20.5553 0.0000e+00
     -0.294     -0.089     7.0108     70.782     40.766  37.093742     2.5438      7.116   202.6798 1.0502e+02     2.3547     -0.293     -0.425    20.5022 0.0000e+00
     -0.304     -0.062     6.8674     69.424     40.991  37.318221     2.5426      7.115   202.5602 1.0893e+02     2.3245     -0.295     -0.429    20.4610 0.0000e+00
     -0.317     -0.038     6.7131     68.772     41.288  37.585021     2.5140      7.116   203.3683 1.2423e+02     2.2803     -0.307     -0.446    20.4408 0.0000e+00
     -0.333     -0.020     6.5404     68.762     41.442  37.719518     2.4639      7.115   204.6208 2.2638e+02     2.1963     -0.334     -0.485    20.4427 0.0000e+00
     -0.335     -0.008     6.3586     69.308     41.451  37.739481     2.4373      7.115   205.7453 4.1453e+02     2.1287     -0.334     -0.483    20.4956 0.0000e+00
     -0.326      0.002     6.2176     70.318     41.384  37.699569     2.4328      7.116   206.5528 4.3345e+02     2.1122     -0.317     -0.459    20.5329 0.0000e+00
     -0.320      0.009     6.1716     71.517     41.342  37.680906     2.4844      7.120   206.8998 2.4476e+02     2.1329     -0.313     -0.453    20.5080 0.0000e+00
     -0.316      0.013     6.1735     72.675     41.351  37.704104     2.5872      7.125   206.9300 1.2301e+02     2.1397     -0.311     -0.450    20.4939 0.0000e+00
     -0.314      0.011     6.2195     73.705     41.427  37.789819     2.6512      7.131   206.7452 1.0922e+02     2.1603     -0.308     -0.447    20.5132 0.0000e+00
     -0.312      0.007     6.3195     74.555     41.517  37.892872     2.6687      7.140   206.3000 1.0791e+02     2.1770     -0.306     -0.443    20.5452 0.0000e+00
     -0.310      0.004     6.4314     75.205     41.540  37.935456     2.6819      7.151   205.6771 1.0724e+02     2.2047     -0.304     -0.441    20.5700 0.0000e+00
     -0.310      0.003     6.5347     75.694     41.505  37.924223     2.7024      7.165   205.4084 1.0639e+02     2.2902     -0.304     -0.441    20.5856 0.0000e+00
     -0.310      0.002     6.6265     76.040     41.444  37.883917     2.7253      7.178   205.8046 1.0604e+02     2.3576     -0.304     -0.441    20.6034 0.0000e+00
     -0.310      0.001     6.7014     76.241     41.373  37.828644     2.7414      7.186   206.1659 1.0556e+02     2.4042     -0.304     -0.441    20.6291 0.0000e+00
     -0.310      0.001     6.7528     76.359     41.296  37.763283     2.7644      7.191   206.0772 1.0564e+02     2.4097     -0.304     -0.440    20.6584 0.0000e+00
     -0.310      0.001     6.7931     76.458     41.255  37.727815     2.7959      7.196   206.0226 1.0624e+02     2.3557     -0.303     -0.440    20.6830 0.0000e+00
     -0.310      0.001     6.8231     76.544     41.310  37.780311     2.8140      7.201   206.6242 1.0576e+02     2.3325     -0.304     -0.440    20.7022 0.0000e+00
     -0.310      0.001     6.8364     76.639     41.424  37.890677     2.8253      7.206   207.5860 1.0492e+02     2.3675     -0.304     -0.441    20.7144 0.0000e+00
     -0.310      0.001     6.8435     76.766     41.516  37.984147     2.8319      7.211   208.1876 1.0526e+02     2.3688     -0.303     -0.439    20.7191 0.0000e+00
     -0.309      0.001     6.8539     76.920     41.548  38.022606     2.7855      7.217   208.4778 1.0602e+02     2.2461     -0.304     -0.440    20.7194 0.0000e+00
     -0.308      0.001     6.8601     77.077     41.556  38.038614     2.6978      7.224   208.5988 1.0633e+02     2.1134     -0.303     -0.439    20.7203 0.0000e+00
     -0.308      0.001     6.8664     77.219     41.559  38.050868     2.6613      7.232   208.6188 1.0637e+02     2.1312     -0.302     -0.438    20.7282 0.0000e+00
     -0.308      0.000     6.8765     77.344     41.541  38.043939     2.6775      7.242   208.7198 1.0596e+02     2.1886     -0.303     -0.439    20.7417 0.0000e+00
     -0.308 4.2872e-07     6.8893     77.442     41.501  38.018269     2.7107      7.251   209.0456 1.0550e+02     2.2261     -0.302     -0.438    20.7533 0.0000e+00
     -0.308      0.000     6.9031     77.497     41.465  37.994182     2.7545      7.260   209.4603 1.0544e+02     2.3114     -0.302     -0.438    20.7630 0.0000e+00
     -0.308      0.000     6.9139     77.516     41.470  38.006388     2.7744      7.269   209.6896 1.0604e+02     2.3656     -0.302     -0.438    20.7738 0.0000e+00
     -0.308      0.001     6.9238     77.529     41.497  38.039036     2.7774      7.277   209.7531 1.0649e+02     2.3695     -0.303     -0.439    20.7863 0.0000e+00
     -0.308      0.001     6.9316     77.549     41.525  38.071844     2.7733      7.285   209.6268 1.0602e+02     2.3924     -0.302     -0.438    20.7990 0.0000e+00
