Data/DataNotYetUploadedToEDI/Raw_CTD/RawDownloads/092623_bvr50_S7809001.cnv
* Sea-Bird SBE19plus  Data File:
* FileName = C:\R\Reservoirs\Data\DataNotYetUploadedToEDI\Raw_CTD\RawDownloads\092623_bvr50_S7809_0001.hex
* Software version 2.8.0.119
* Temperature SN = 7809
* Conductivity SN = 7809
* System UpLoad Time = Oct 05 2023 10:01:49
* <ApplicationData>
* <Seaterm232>
# nquan = 15
# nvalues = 1553                        
# units = specified
# name 0 = depFM: Depth [fresh water, m]
# name 1 = dz/dtM: Descent Rate [m/s]
# name 2 = sbeox0Mg/L: Oxygen, SBE 43 [mg/l]
# name 3 = sbeox0PS: Oxygen, SBE 43 [% saturation]
# name 4 = specc: Specific Conductance [uS/cm]
# name 5 = c0uS/cm: Conductivity [uS/cm]
# name 6 = flECO-AFL: Fluorescence, WET Labs ECO-AFL/FL [mg/m^3]
# name 7 = ph: pH
# name 8 = orp: Oxidation Reduction Potential [mV]
# name 9 = par/sat/log: PAR/Logarithmic, Satlantic
# name 10 = turbWETntu0: Turbidity, WET Labs ECO [NTU]
# name 11 = prdM: Pressure, Strain Gauge [db]
# name 12 = prdE: Pressure, Strain Gauge [psi]
# name 13 = tv290C: Temperature [ITS-90, deg C]
# name 14 = flag:  0.000e+00
# span 0 =     -0.670,      9.217       
# span 1 =     -0.331,      0.202       
# span 2 =    -0.1125,     9.3405       
# span 3 =     -1.039,     99.472       
# span 4 =      0.470,    244.110       
# span 5 =   0.384375, 169.840708       
# span 6 =    -0.1167,    14.7001       
# span 7 =      4.453,      6.730       
# span 8 = -1240.7455,   407.7448       
# span 9 = 1.2365e-01, 3.6515e+02       
# span 10 =     1.3981,    10.3987      
# span 11 =     -0.657,      9.039      
# span 12 =     -0.954,     13.111      
# span 13 =     9.7849,    19.6325      
# span 14 = 0.0000e+00, 0.0000e+00      
# interval = seconds: 0.25
# start_time = Sep 26 2023 11:42:20 [Instrument's time stamp, header]
# bad_flag = -9.990e-29
*END*
[from data line 964]
      7.212      0.044     0.1746      1.619    175.614 124.808967     2.9959      6.150    27.9916 1.2367e-01     3.6440      7.074     10.259    10.5681 0.0000e+00
      7.223      0.047     0.1771      1.616    175.847 124.941707     2.9940      6.151    27.5242 1.2368e-01     3.6741      7.084     10.274    10.5582 0.0000e+00
      7.233      0.049     0.1820      1.622    176.098 125.084299     2.9981      6.151    27.2697 1.2378e-01     3.7306      7.092     10.286    10.5481 0.0000e+00
      7.245      0.049     0.1822      1.629    176.483 125.322074     3.0042      6.152    27.1510 1.2384e-01     3.7798      7.105     10.305    10.5402 0.0000e+00
      7.259      0.049     0.1798      1.618    176.903 125.585943     3.0089      6.154    26.8636 1.2385e-01     3.7907      7.118     10.326    10.5333 0.0000e+00
      7.273      0.049     0.1799      1.593    177.236 125.789074     3.0135      6.156    26.4624 1.2384e-01     3.7942      7.132     10.344    10.5235 0.0000e+00
      7.287      0.050     0.1801      1.581    177.575 125.993516     2.9772      6.159    26.0855 1.2387e-01     3.7885      7.147     10.366    10.5129 0.0000e+00
      7.299      0.050     0.1829      1.580    177.953 126.209476     2.8948      6.162    25.7485 1.2391e-01     3.7565      7.159     10.383    10.5028 0.0000e+00
      7.309      0.050     0.1815      1.581    178.270 126.360634     2.8409      6.164    25.4843 1.2385e-01     3.7480      7.168     10.396    10.4929 0.0000e+00
      7.320      0.050     0.1765      1.581    178.463 126.418884     2.8333      6.165    25.2141 1.2376e-01     3.7538      7.178     10.411    10.4839 0.0000e+00
      7.335      0.049     0.1760      1.581    178.527 126.403793     2.8271      6.167    24.8906 1.2380e-01     3.6908      7.193     10.433    10.4752 0.0000e+00
      7.351      0.047     0.1763      1.588    178.615 126.433042     2.8158      6.168    24.4986 1.2389e-01     3.6683      7.211     10.459    10.4621 0.0000e+00
      7.364      0.046     0.1764      1.593    178.740 126.517548     2.8137      6.169    24.0018 1.2395e-01     3.7211      7.224     10.478    10.4392 0.0000e+00
      7.373      0.044     0.1773      1.598    178.732 126.533228     2.8179      6.172    23.5310 1.2393e-01     3.7136      7.232     10.489    10.4137 0.0000e+00
      7.382      0.041     0.1756      1.596    178.632 126.495181     2.8178      6.175    23.1934 1.2385e-01     3.6804      7.238     10.497    10.3965 0.0000e+00
      7.392      0.037     0.1784      1.592    178.499 126.439990     2.7955      6.175    22.8452 1.2381e-01     3.6272      7.249     10.512    10.3877 0.0000e+00
      7.404      0.033     0.1774      1.590    178.346 126.375854     2.7556      6.176    22.3332 1.2384e-01     3.5482      7.260     10.530    10.3858 0.0000e+00
      7.414      0.031     0.1790      1.574    178.272 126.357129     2.7267      6.176    21.5617 1.2385e-01     3.5459      7.272     10.546    10.3947 0.0000e+00
      7.421      0.031     0.1789      1.568    178.242 126.341086     2.7213      6.177    20.6584 1.2377e-01     3.5991      7.279     10.557    10.4038 0.0000e+00
      7.425      0.032     0.1765      1.570    178.250 126.309359     2.7151      6.179    19.9298 1.2374e-01     3.6116      7.281     10.561    10.4135 0.0000e+00
      7.430      0.036     0.1801      1.557    178.399 126.355894     2.6931      6.182    19.2056 1.2380e-01     3.5938      7.285     10.565    10.4292 0.0000e+00
      7.439      0.042     0.1742      1.542    178.694 126.521259     2.6801      6.184    18.2687 1.2378e-01     3.5552      7.293     10.578    10.4391 0.0000e+00
      7.452      0.048     0.1745      1.545    179.014 126.715298     2.6740      6.185    17.4639 1.2372e-01     3.5207      7.307     10.598    10.4442 0.0000e+00
      7.467      0.053     0.1768      1.555    179.163 126.789852     2.6027      6.186    16.8747 1.2376e-01     3.5181      7.323     10.619    10.4307 0.0000e+00
      7.482      0.055     0.1739      1.560    179.097 126.721538     2.4764      6.188    16.3069 1.2386e-01     3.4894      7.337     10.640    10.4077 0.0000e+00
      7.500      0.054     0.1713      1.574    178.924 126.590408     2.4122      6.191    15.7611 1.2394e-01     3.4472      7.356     10.668    10.3985 0.0000e+00
      7.516      0.052     0.1722      1.571    178.773 126.479112     2.4088      6.191    15.1787 1.2395e-01     3.4518      7.373     10.694    10.3907 0.0000e+00
      7.526      0.048     0.1751      1.537    178.758 126.459396     2.4099      6.192    14.6860 1.2394e-01     3.5112      7.381     10.705    10.3802 0.0000e+00
      7.536      0.045     0.1729      1.527    178.805 126.479481     2.4169      6.195    14.4505 1.2389e-01     3.5848      7.389     10.717    10.3740 0.0000e+00
      7.546      0.043     0.1766      1.540    178.806 126.467003     2.4275      6.196    14.2244 1.2384e-01     3.6239      7.399     10.732    10.3728 0.0000e+00
      7.557      0.042     0.1785      1.534    178.956 126.563457     2.4299      6.197    13.8446 1.2386e-01     3.6079      7.411     10.748    10.3723 0.0000e+00
      7.568      0.042     0.1698      1.528    179.322 126.817087     2.4040      6.199    13.4714 1.2384e-01     3.5964      7.422     10.764    10.3697 0.0000e+00
      7.578      0.043     0.1690      1.539    179.561 126.984118     2.3472      6.201    13.1541 1.2379e-01     3.5878      7.432     10.779    10.3655 0.0000e+00
      7.589      0.043     0.1744      1.535    179.568 126.989565     2.3090      6.202    12.8480 1.2379e-01     3.5377      7.441     10.793    10.3614 0.0000e+00
      7.600      0.043     0.1716      1.526    179.595 127.010425     2.3081      6.205    12.6096 1.2382e-01     3.5039      7.453     10.809    10.3586 0.0000e+00
      7.612      0.042     0.1690      1.535    179.637 127.045120     2.3038      6.207    12.3362 1.2386e-01     3.4859      7.465     10.827    10.3571 0.0000e+00
      7.623      0.040     0.1739      1.527    179.509 126.962891     2.2901      6.207    11.8655 1.2382e-01     3.4907      7.476     10.842    10.3570 0.0000e+00
      7.633      0.037     0.1724      1.502    179.332 126.844812     2.2920      6.208    11.3058 1.2373e-01     3.5278      7.486     10.858    10.3574 0.0000e+00
      7.643      0.035     0.1683      1.482    179.307 126.828468     2.3019      6.210    10.9034 1.2373e-01     3.5241      7.496     10.873    10.3574 0.0000e+00
      7.651      0.033     0.1736      1.480    179.407 126.892753     2.3016      6.212    10.6141 1.2379e-01     3.4456      7.504     10.883    10.3587 0.0000e+00
      7.657      0.031     0.1715      1.497    179.550 126.984698     2.3055      6.213    10.2175 1.2387e-01     3.3653      7.509     10.890    10.3615 0.0000e+00
      7.664      0.029     0.1676      1.507    179.740 127.111552     2.3148      6.214     9.7208 1.2396e-01     3.3724      7.515     10.900    10.3642 0.0000e+00
      7.672      0.028     0.1653      1.500    179.890 127.215497     2.3148      6.215     9.2543 1.2395e-01     3.3949      7.524     10.913    10.3647 0.0000e+00
      7.681      0.026     0.1641      1.493    179.892 127.221662     2.2970      6.217     8.8799 1.2390e-01     3.4330      7.532     10.924    10.3624 0.0000e+00
      7.688      0.024     0.1682      1.497    179.827 127.186091     2.2657      6.219     8.4636 1.2393e-01     3.5590      7.539     10.934    10.3590 0.0000e+00
      7.693      0.022     0.1695      1.497    179.787 127.167861     2.2531      6.220     7.9203 1.2392e-01     3.6208      7.546     10.944    10.3566 0.0000e+00
      7.698      0.021     0.1678      1.491    179.723 127.128726     2.2618      6.221     7.3013 1.2381e-01     3.5657      7.550     10.950    10.3559 0.0000e+00
      7.701      0.021     0.1660      1.472    179.588 127.031620     2.2540      6.223     6.6575 1.2376e-01     3.5064      7.551     10.952    10.3578 0.0000e+00
      7.705      0.023     0.1680      1.462    179.481 126.949833     2.1998      6.224     5.9873 1.2377e-01     3.4850      7.555     10.957    10.3612 0.0000e+00
      7.710      0.027     0.1674      1.480    179.427 126.904705     2.1395      6.225     5.2203 1.2379e-01     3.4783      7.561     10.966    10.3642 0.0000e+00
      7.717      0.033     0.1675      1.492    179.207 126.740925     2.1239      6.228     4.4391 1.2377e-01     3.4600      7.567     10.975    10.3665 0.0000e+00
      7.726      0.040     0.1648      1.485    178.797 126.435539     2.1278      6.229     3.7691 1.2376e-01     3.4349      7.576     10.988    10.3657 0.0000e+00
      7.738      0.047     0.1609      1.476    178.508 126.207933     2.1528      6.230     3.1436 1.2379e-01     3.3794      7.589     11.006    10.3632 0.0000e+00
      7.751      0.052     0.1664      1.468    178.472 126.155979     2.1935      6.231     2.5545 1.2382e-01     3.3352      7.601     11.024    10.3614 0.0000e+00
      7.766      0.056     0.1682      1.461    178.548 126.189751     2.2127      6.232     2.1516 1.2387e-01     3.3449      7.615     11.044    10.3598 0.0000e+00
      7.782      0.058     0.1653      1.451    178.626 126.233832     2.2271      6.233     1.8862 1.2394e-01     3.3600      7.632     11.069    10.3559 0.0000e+00
      7.799      0.056     0.1656      1.442    178.647 126.242790     2.2582      6.235     1.4968 1.2392e-01     3.3807      7.649     11.092    10.3489 0.0000e+00
      7.814      0.051     0.1640      1.447    178.642 126.234324     2.2976      6.237     1.0567 1.2380e-01     3.3571      7.664     11.115    10.3401 0.0000e+00
      7.828      0.045     0.1635      1.465    178.682 126.258942     2.3213      6.239     0.8666 1.2375e-01     3.3133      7.678     11.136    10.3341 0.0000e+00
      7.840      0.040     0.1630      1.484    178.723 126.285499     2.3199      6.239     0.7471 1.2380e-01     3.3283      7.689     11.152    10.3320 0.0000e+00
      7.847      0.036     0.1601      1.487    178.748 126.300471     2.3054      6.239     0.5594 1.2379e-01     3.2998      7.696     11.162    10.3303 0.0000e+00
      7.852      0.032     0.1619      1.485    178.778 126.312490     2.2954      6.240     0.4037 1.2376e-01     3.2424      7.699     11.168    10.3290 0.0000e+00
      7.858      0.028     0.1635      1.500    178.778 126.303334     2.2908      6.242     0.1549 1.2378e-01     3.2139      7.705     11.175    10.3280 0.0000e+00
      7.867      0.024     0.1673      1.505    178.803 126.317224     2.2831      6.243    -0.2978 1.2381e-01     3.1953      7.714     11.188    10.3274 0.0000e+00
      7.876      0.022     0.1673      1.480    178.854 126.352958     2.2528      6.244    -0.8543 1.2381e-01     3.2220      7.725     11.204    10.3276 0.0000e+00
      7.883      0.021     0.1643      1.447    178.851 126.352978     2.2078      6.245    -1.2395 1.2379e-01     3.2642      7.732     11.215    10.3243 0.0000e+00
      7.885      0.021     0.1688      1.437    178.793 126.317465     2.1966      6.247    -1.5988 1.2374e-01     3.2953      7.733     11.215    10.3206 0.0000e+00
      7.885      0.022     0.1704      1.445    178.763 126.305999     2.2005      6.248    -2.1877 1.2368e-01     3.3249      7.731     11.213    10.3205 0.0000e+00
      7.890      0.024     0.1660      1.454    178.808 126.341818     2.1794      6.249    -3.0257 1.2371e-01     3.3140      7.736     11.221    10.3205 0.0000e+00
      7.898      0.025     0.1609      1.462    178.861 126.368141     2.1500      6.251    -4.2448 1.2379e-01     3.2655      7.746     11.233    10.3206 0.0000e+00
      7.907      0.025     0.1598      1.459    178.880 126.369301     2.1370      6.252    -5.4852 1.2384e-01     3.2174      7.753     11.244    10.3222 0.0000e+00
      7.918      0.021     0.1626      1.449    178.855 126.355834     2.1382      6.253    -6.2362 1.2387e-01     3.2107      7.764     11.261    10.3257 0.0000e+00
      7.928      0.016     0.1622      1.449    178.809 126.332792     2.1142      6.254    -6.5275 1.2384e-01     3.1851      7.779     11.283    10.3289 0.0000e+00
      7.929      0.011     0.1643      1.443    178.826 126.345667     2.0548      6.255    -6.7700 1.2381e-01     3.0780      7.779     11.282    10.3237 0.0000e+00
      7.923      0.008     0.1644      1.423    178.890 126.384024     2.0190      6.258    -7.1889 1.2385e-01     3.0090      7.766     11.264    10.3172 0.0000e+00
      7.920      0.008     0.1607      1.422    178.925 126.414144     2.0148      6.259    -7.5489 1.2395e-01     2.9991      7.764     11.261    10.3208 0.0000e+00
      7.923      0.010     0.1629      1.437    178.926 126.454899     2.0455      6.260    -7.9403 1.2398e-01     3.0269      7.771     11.270    10.3253 0.0000e+00
      7.928      0.013     0.1629      1.444    178.871 126.494405     2.1079      6.261    -8.9089 1.2393e-01     3.0377      7.774     11.275    10.3249 0.0000e+00
      7.935      0.015     0.1580      1.438    178.764 126.509472     2.1363      6.262   -10.3120 1.2383e-01     2.9942      7.782     11.285    10.3213 0.0000e+00
      7.943      0.015     0.1582      1.422    178.672 126.509697     2.1388      6.263   -11.3961 1.2374e-01     3.0127      7.793     11.302    10.3195 0.0000e+00
      7.947      0.017     0.1618      1.410    178.626 126.497189     2.1547      6.265   -12.1235 1.2377e-01     3.1924      7.796     11.306    10.3306 0.0000e+00
      7.945      0.020     0.1618      1.393    178.624 126.485738     2.1796      6.266   -12.8257 1.2380e-01     3.4589      7.791     11.299    10.3549 0.0000e+00
      7.945      0.023     0.1619      1.374    178.681 126.498700     2.1971      6.267   -13.6921 1.2379e-01     3.5713      7.789     11.297    10.3851 0.0000e+00
      7.952      0.025     0.1580      1.382    178.777 126.526412     2.2000      6.267   -14.7694 1.2384e-01     3.5604      7.796     11.307    10.4063 0.0000e+00
      7.966      0.025     0.1578      1.392    178.861 126.565809     2.1905      6.268   -15.7845 1.2388e-01     3.4643      7.811     11.330    10.4082 0.0000e+00
      7.980      0.024     0.1568      1.394    178.856 126.592598     2.1821      6.270   -16.6735 1.2384e-01     3.2632      7.829     11.356    10.4040 0.0000e+00
      7.986      0.021     0.1507      1.398    178.793 126.595407     2.1819      6.271   -17.6015 1.2383e-01     3.1784      7.835     11.365    10.3983 0.0000e+00
      7.985      0.016     0.1557      1.398    178.791 126.599819     2.1792      6.272   -18.5737 1.2383e-01     3.2244      7.830     11.358    10.3822 0.0000e+00
      7.984      0.013     0.1558      1.404    178.930 126.645953     2.1751      6.273   -19.5660 1.2378e-01     3.2388      7.828     11.353    10.3716 0.0000e+00
      7.986      0.014     0.1551      1.407    179.122 126.706985     2.1571      6.275   -20.5653 1.2373e-01     3.1818      7.832     11.359    10.3846 0.0000e+00
      7.991      0.018     0.1575      1.398    179.208 126.700298     2.1193      6.277   -21.4496 1.2375e-01     3.1157      7.835     11.364    10.4056 0.0000e+00
      7.996      0.024     0.1550      1.399    179.269 126.692504     2.0928      6.277   -22.2561 1.2377e-01     3.0891      7.840     11.371    10.4097 0.0000e+00
      8.003      0.029     0.1573      1.419    179.470 126.803902     2.0780      6.279   -22.9181 1.2379e-01     3.0647      7.847     11.382    10.3887 0.0000e+00
      8.013      0.033     0.1583      1.425    179.735 126.963621     2.0824      6.281   -23.3451 1.2382e-01     3.0262      7.859     11.399    10.3652 0.0000e+00
      8.023      0.037     0.1562      1.404    179.883 127.030172     2.1201      6.282   -23.8912 1.2380e-01     3.0337      7.869     11.413    10.3468 0.0000e+00
      8.030      0.041     0.1546      1.383    180.030 127.098623     2.1436      6.282   -24.4444 1.2376e-01     3.0527      7.872     11.418    10.3303 0.0000e+00
