Data/DataNotYetUploadedToEDI/Raw_CTD/RawDownloads/092623_bvr50_S7809001.cnv
* Sea-Bird SBE19plus  Data File:
* FileName = C:\R\Reservoirs\Data\DataNotYetUploadedToEDI\Raw_CTD\RawDownloads\092623_bvr50_S7809_0001.hex
* Software version 2.8.0.119
* Temperature SN = 7809
* Conductivity SN = 7809
* System UpLoad Time = Oct 05 2023 10:01:49
* <ApplicationData>
* <Seaterm232>
# nquan = 15
# nvalues = 1553                        
# units = specified
# name 0 = depFM: Depth [fresh water, m]
# name 1 = dz/dtM: Descent Rate [m/s]
# name 2 = sbeox0Mg/L: Oxygen, SBE 43 [mg/l]
# name 3 = sbeox0PS: Oxygen, SBE 43 [% saturation]
# name 4 = specc: Specific Conductance [uS/cm]
# name 5 = c0uS/cm: Conductivity [uS/cm]
# name 6 = flECO-AFL: Fluorescence, WET Labs ECO-AFL/FL [mg/m^3]
# name 7 = ph: pH
# name 8 = orp: Oxidation Reduction Potential [mV]
# name 9 = par/sat/log: PAR/Logarithmic, Satlantic
# name 10 = turbWETntu0: Turbidity, WET Labs ECO [NTU]
# name 11 = prdM: Pressure, Strain Gauge [db]
# name 12 = prdE: Pressure, Strain Gauge [psi]
# name 13 = tv290C: Temperature [ITS-90, deg C]
# name 14 = flag:  0.000e+00
# span 0 =     -0.670,      9.217       
# span 1 =     -0.331,      0.202       
# span 2 =    -0.1125,     9.3405       
# span 3 =     -1.039,     99.472       
# span 4 =      0.470,    244.110       
# span 5 =   0.384375, 169.840708       
# span 6 =    -0.1167,    14.7001       
# span 7 =      4.453,      6.730       
# span 8 = -1240.7455,   407.7448       
# span 9 = 1.2365e-01, 3.6515e+02       
# span 10 =     1.3981,    10.3987      
# span 11 =     -0.657,      9.039      
# span 12 =     -0.954,     13.111      
# span 13 =     9.7849,    19.6325      
# span 14 = 0.0000e+00, 0.0000e+00      
# interval = seconds: 0.25
# start_time = Sep 26 2023 11:42:20 [Instrument's time stamp, header]
# bad_flag = -9.990e-29
*END*
[from data line 1157]
      9.174      0.026     0.1342      1.222    235.094 163.585610     2.0386      6.366   -49.9422 1.2378e-01     3.3893      8.996     13.048     9.8095 0.0000e+00
      9.181      0.024     0.1434      1.246    236.220 164.360166     2.0440      6.366   -50.1774 1.2378e-01     3.3525      9.003     13.059     9.8020 0.0000e+00
      9.188      0.023     0.1397      1.262    238.387 165.863550     2.0256      6.367   -50.5400 1.2373e-01     3.2877      9.011     13.069     9.7965 0.0000e+00
      9.193      0.021     0.1363      1.276    241.601 168.096867     1.9906      6.367   -51.0566 1.2372e-01     3.1521      9.016     13.076     9.7918 0.0000e+00
      9.198      0.020     0.1377      1.284    244.110 169.840708     1.9700      6.367   -51.6061 1.2382e-01     3.0786      9.020     13.082     9.7886 0.0000e+00
      9.202      0.018     0.1420      1.261    243.630 169.512099     1.9678      6.368   -52.3647 1.2387e-01     3.0827      9.024     13.088     9.7872 0.0000e+00
      9.205      0.014     0.1433      1.229    238.073 165.656371     1.9803      6.369   -53.5182 1.2383e-01     3.0990      9.027     13.093     9.7862 0.0000e+00
      9.210      0.009     0.1440      1.219    228.462 158.982492     2.0133      6.369   -54.7985 1.2378e-01     3.2082      9.032     13.100     9.7857 0.0000e+00
      9.215      0.003     0.1478      1.205    220.622 153.559933     2.0348      6.370   -55.9710 1.2375e-01     3.3099      9.037     13.108     9.7849 0.0000e+00
      9.217     -0.005     0.1437      1.174    216.357 150.651039     2.0399      6.371   -57.2847 1.2379e-01     3.3029      9.039     13.111     9.7856 0.0000e+00
      9.214     -0.014     0.1369      1.151    211.432 147.297071     2.0335      6.372   -58.5508 1.2384e-01     3.2262      9.036     13.107     9.7894 0.0000e+00
      9.207     -0.028     0.1389      1.146    205.392 143.186876     2.0152      6.373   -59.4063 1.2385e-01     3.0997      9.029     13.096     9.7903 0.0000e+00
      9.199     -0.052     0.1378      1.150    200.360 139.807407     2.0025      6.375   -59.9704 1.2385e-01     3.0372      9.021     13.085     9.7962 0.0000e+00
      9.190     -0.090     0.1324      1.158    196.825 137.499792     1.9965      6.376   -60.2079 1.2384e-01     3.0514      9.014     13.073     9.8129 0.0000e+00
      9.176     -0.141     0.1292      1.167    194.710 136.204562     2.0013      6.378   -60.3002 1.2383e-01     3.0673      9.002     13.057     9.8290 0.0000e+00
      9.148     -0.195     0.1295      1.167    193.169 135.307022     2.0095      6.380   -60.7425 1.2384e-01     3.0577      8.982     13.027     9.8521 0.0000e+00
      9.091     -0.234     0.1301      1.177    191.695 134.427342     2.0126      6.383   -61.5975 1.2384e-01     3.0375      8.930     12.952     9.8844 0.0000e+00
      9.001     -0.246     0.1301      1.193    191.101 134.112843     2.0140      6.387   -62.3783 1.2379e-01     3.0622      8.835     12.814     9.9248 0.0000e+00
      8.894     -0.228     0.1335      1.199    191.974 134.756350     2.0265      6.389   -62.7834 1.2380e-01     3.0842      8.716     12.641     9.9741 0.0000e+00
      8.807     -0.185     0.1304      1.204    193.110 135.512924     2.0557      6.390   -62.8814 1.2388e-01     3.0983      8.616     12.495    10.0233 0.0000e+00
      8.770     -0.129     0.1321      1.213    193.535 135.736452     2.0763      6.392   -62.9612 1.2393e-01     3.1300      8.583     12.448    10.0653 0.0000e+00
      8.775     -0.079     0.1351      1.213    193.168 135.418453     2.0838      6.393   -63.3187 1.2390e-01     3.1261      8.603     12.478    10.0936 0.0000e+00
      8.795     -0.058     0.1349      1.202    191.760 134.409813     2.0712      6.396   -63.7622 1.2387e-01     3.1196      8.628     12.514    10.1031 0.0000e+00
      8.808     -0.078     0.1352      1.198    189.667 132.977901     2.0412      6.399   -64.0206 1.2387e-01     3.1536      8.644     12.537    10.0875 0.0000e+00
      8.802     -0.138     0.1370      1.202    188.057 131.941156     2.0201      6.401   -64.1206 1.2385e-01     3.1954      8.643     12.536    10.0631 0.0000e+00
      8.763     -0.215     0.1379      1.190    187.451 131.629506     2.0072      6.403   -64.2823 1.2380e-01     3.2155      8.608     12.485    10.0464 0.0000e+00
      8.685     -0.279     0.1347      1.164    186.672 131.186343     2.0020      6.404   -64.7721 1.2377e-01     3.1911      8.529     12.369    10.0382 0.0000e+00
      8.577     -0.309     0.1347      1.155    185.530 130.471799     2.0160      6.405   -65.4823 1.2370e-01     3.1053      8.415     12.204    10.0472 0.0000e+00
      8.457     -0.299     0.1359      1.157    184.940 130.130200     2.0505      6.406   -66.0726 1.2369e-01     3.0331      8.290     12.025    10.0758 0.0000e+00
      8.351     -0.260     0.1354      1.162    184.579 129.924965     2.0785      6.407   -66.5742 1.2377e-01     3.0350      8.174     11.856    10.1099 0.0000e+00
      8.287     -0.214     0.1290      1.184    184.052 129.584065     2.0793      6.410   -67.0739 1.2382e-01     3.0260      8.105     11.755    10.1373 0.0000e+00
      8.273     -0.181     0.1296      1.214    183.552 129.259545     2.0691      6.413   -67.3819 1.2382e-01     3.0268      8.106     11.757    10.1605 0.0000e+00
      8.280     -0.173     0.1305      1.234    183.401 129.188562     2.0708      6.415   -67.4589 1.2382e-01     3.0780      8.130     11.792    10.1819 0.0000e+00
      8.265     -0.190     0.1294      1.251    183.508 129.299581     2.0836      6.417   -67.4887 1.2385e-01     3.0980      8.122     11.779    10.1949 0.0000e+00
      8.208     -0.221     0.1322      1.256    183.414 129.263260     2.0907      6.417   -67.6562 1.2386e-01     3.0989      8.062     11.693    10.2004 0.0000e+00
      8.118     -0.245     0.1374      1.223    183.102 129.068173     2.0897      6.418   -67.9351 1.2381e-01     3.1572      7.965     11.553    10.2069 0.0000e+00
      8.014     -0.245     0.1386      1.193    182.767 128.853184     2.0892      6.420   -68.1934 1.2378e-01     3.2563      7.856     11.394    10.2178 0.0000e+00
      7.924     -0.219     0.1396      1.178    182.535 128.703700     2.0846      6.421   -68.3702 1.2380e-01     3.2720      7.755     11.249    10.2284 0.0000e+00
      7.873     -0.178     0.1446      1.168    182.468 128.663170     2.0751      6.422   -68.6111 1.2383e-01     3.2113      7.703     11.173    10.2357 0.0000e+00
      7.861     -0.143     0.1357      1.178    182.402 128.618123     2.0744      6.424   -69.1269 1.2391e-01     3.1704      7.707     11.178    10.2429 0.0000e+00
      7.862     -0.132     0.1330      1.181    182.195 128.477767     2.0756      6.424   -69.5294 1.2392e-01     3.1194      7.716     11.191    10.2488 0.0000e+00
      7.851     -0.155     0.1331      1.172    182.014 128.368506     2.0732      6.425   -69.6059 1.2384e-01     3.0725      7.705     11.175    10.2528 0.0000e+00
      7.818     -0.200     0.1287      1.180    181.899 128.316972     2.0715      6.426   -69.8801 1.2382e-01     3.0482      7.679     11.137    10.2547 0.0000e+00
      7.757     -0.243     0.1332      1.192    181.739 128.237167     2.0885      6.428   -70.4364 1.2382e-01     3.0985      7.619     11.051    10.2538 0.0000e+00
      7.664     -0.262     0.1333      1.177    181.513 128.104805     2.1286      6.429   -70.9104 1.2377e-01     3.2700      7.522     10.911    10.2541 0.0000e+00
      7.554     -0.250     0.1301      1.150    181.241 127.927722     2.1476      6.429   -71.3099 1.2383e-01     3.3801      7.402     10.736    10.2600 0.0000e+00
      7.462     -0.213     0.1318      1.150    181.075 127.817117     2.1436      6.429   -71.6534 1.2391e-01     3.3714      7.295     10.582    10.2690 0.0000e+00
      7.418     -0.161     0.1351      1.162    181.027 127.787353     2.1303      6.430   -71.9666 1.2384e-01     3.2671      7.261     10.531    10.2786 0.0000e+00
      7.413     -0.116     0.1331      1.163    180.986 127.759074     2.1038      6.432   -72.4289 1.2372e-01     3.1095      7.271     10.546    10.2871 0.0000e+00
      7.417     -0.096     0.1266      1.167    180.942 127.730165     2.0811      6.433   -72.9414 1.2368e-01     3.0367      7.274     10.551    10.2905 0.0000e+00
      7.418     -0.113     0.1285      1.172    180.878 127.692792     2.0711      6.435   -73.3445 1.2373e-01     3.0025      7.278     10.556    10.2913 0.0000e+00
      7.404     -0.155     0.1316      1.167    180.851 127.689662     2.0829      6.436   -73.6893 1.2377e-01     2.9688      7.273     10.549    10.2931 0.0000e+00
      7.356     -0.195     0.1294      1.153    180.825 127.692356     2.1070      6.436   -73.9269 1.2380e-01     2.9710      7.228     10.482    10.2929 0.0000e+00
      7.273     -0.215     0.1311      1.146    180.666 127.597916     2.1134      6.435   -73.9808 1.2382e-01     2.9952      7.138     10.352    10.2927 0.0000e+00
      7.174     -0.209     0.1315      1.138    180.523 127.503910     2.1109      6.435   -74.1682 1.2379e-01     3.0224      7.028     10.193    10.2949 0.0000e+00
      7.095     -0.179     0.1316      1.130    180.538 127.511851     2.1273      6.436   -74.4720 1.2378e-01     3.0947      6.937     10.062    10.2993 0.0000e+00
      7.062     -0.130     0.1282      1.143    180.535 127.502710     2.1367      6.437   -74.4708 1.2384e-01     3.2201      6.910     10.022    10.3062 0.0000e+00
      7.062     -0.075     0.1283      1.155    180.481 127.457120     2.1320      6.440   -74.3258 1.2389e-01     3.3096      6.929     10.049    10.3123 0.0000e+00
      7.067     -0.030     0.1284      1.161    180.507 127.470538     2.1450      6.441   -74.4393 1.2385e-01     3.3570      6.934     10.057    10.3136 0.0000e+00
      7.068     -0.004     0.1244      1.177    180.607 127.537462     2.1442      6.440   -74.6389 1.2382e-01     3.3829      6.928     10.048    10.3124 0.0000e+00
      7.073      0.002     0.1287      1.196    180.747 127.628891     2.1140      6.440   -74.7606 1.2384e-01     3.3833      6.937     10.062    10.3100 0.0000e+00
      7.074     -0.001     0.1302      1.211    180.845 127.683621     2.0882      6.440   -74.9638 1.2383e-01     3.3276      6.941     10.066    10.3077 0.0000e+00
      7.069     -0.003     0.1288      1.217    180.875 127.689261     2.0739      6.441   -75.0303 1.2378e-01     3.2213      6.930     10.051    10.3065 0.0000e+00
      7.066     -0.004     0.1320      1.218    180.901 127.697067     2.0833      6.442   -74.9628 1.2382e-01     3.1578      6.928     10.048    10.3058 0.0000e+00
      7.064     -0.004     0.1342      1.216    180.845 127.650510     2.1100      6.443   -75.1806 1.2392e-01     3.1743      6.929     10.050    10.3048 0.0000e+00
      7.063     -0.003     0.1358      1.192    180.649 127.508775     2.1217      6.442   -75.5119 1.2397e-01     3.2168      6.925     10.043    10.2996 0.0000e+00
      7.065     -0.001     0.1369      1.164    180.468 127.385640     2.1250      6.442   -75.4409 1.2394e-01     3.2611      6.930     10.050    10.2943 0.0000e+00
      7.066     -0.002     0.1355      1.144    180.433 127.372770     2.1252      6.443   -75.1833 1.2389e-01     3.3002      6.932     10.055    10.2921 0.0000e+00
      7.064     -0.010     0.1381      1.118    180.489 127.416911     2.1154      6.443   -75.4089 1.2384e-01     3.3133      6.926     10.045    10.2901 0.0000e+00
      7.065     -0.028     0.1336      1.100    180.574 127.473178     2.0983      6.443   -76.1894 1.2381e-01     3.3170      6.928     10.048    10.2883 0.0000e+00
      7.065     -0.057     0.1290      1.105    180.582 127.479432     2.0843      6.444   -76.9627 1.2379e-01     3.3112      6.932     10.055    10.2894 0.0000e+00
      7.057     -0.088     0.1299      1.134    180.494 127.428790     2.0800      6.445   -77.4456 1.2380e-01     3.2773      6.926     10.046    10.2952 0.0000e+00
      7.032     -0.112     0.1242      1.161    180.472 127.434542     2.0794      6.445   -77.8120 1.2380e-01     3.2148      6.904     10.014    10.2965 0.0000e+00
      6.986     -0.125     0.1225      1.165    180.515 127.485277     2.0856      6.445   -78.0372 1.2380e-01     3.2045      6.858      9.945    10.2931 0.0000e+00
      6.928     -0.127     0.1227      1.174    180.486 127.468583     2.0882      6.445   -78.3620 1.2383e-01     3.2560      6.790      9.849    10.2934 0.0000e+00
      6.880     -0.124     0.1265      1.195    180.067 127.168957     2.0855      6.446   -79.0714 1.2387e-01     3.2562      6.735      9.768    10.2960 0.0000e+00
      6.860     -0.122     0.1325      1.196    179.315 126.667026     2.0699      6.447   -79.8178 1.2382e-01     3.1380      6.719      9.744    10.3034 0.0000e+00
      6.857     -0.120     0.1296      1.168    178.873 126.435136     2.0244      6.448   -80.3314 1.2378e-01     2.9550      6.729      9.759    10.3113 0.0000e+00
      6.844     -0.119     0.1305      1.148    178.886 126.532382     1.9931      6.449   -80.6352 1.2381e-01     2.8871      6.724      9.752    10.3118 0.0000e+00
      6.804     -0.120     0.1348      1.146    179.142 126.759387     1.9987      6.450   -80.8242 1.2378e-01     2.9331      6.678      9.685    10.3058 0.0000e+00
      6.751     -0.121     0.1358      1.139    179.506 127.012807     2.0343      6.450   -81.0675 1.2376e-01     2.9977      6.617      9.598    10.3097 0.0000e+00
      6.705     -0.113     0.1302      1.128    179.785 127.174419     2.0905      6.450   -81.2536 1.2381e-01     3.0541      6.570      9.528    10.3391 0.0000e+00
      6.675     -0.090     0.1267      1.117    179.953 127.247390     2.1206      6.451   -81.0948 1.2386e-01     3.0682      6.538      9.482    10.3700 0.0000e+00
      6.661     -0.056     0.1295      1.119    180.034 127.257648     2.1322      6.452   -80.7824 1.2385e-01     3.0997      6.531      9.472    10.3823 0.0000e+00
      6.655     -0.023     0.1270      1.133    180.060 127.234660     2.1640      6.453   -80.6601 1.2380e-01     3.1957      6.526      9.464    10.3791 0.0000e+00
      6.656     -0.000     0.1268      1.143    180.087 127.224360     2.1887      6.453   -80.7351 1.2378e-01     3.2724      6.520      9.456    10.3664 0.0000e+00
      6.669      0.012     0.1241      1.155    180.075 127.196830     2.1816      6.452   -81.0010 1.2375e-01     3.2757      6.541      9.487    10.3535 0.0000e+00
      6.681      0.011     0.1244      1.160    180.030 127.156729     2.1694      6.452   -81.4652 1.2374e-01     3.2698      6.559      9.512    10.3396 0.0000e+00
      6.683     -0.005     0.1279      1.140    179.978 127.121922     2.1663      6.453   -81.8736 1.2383e-01     3.2353      6.552      9.503    10.3272 0.0000e+00
      6.683     -0.038     0.1270      1.119    179.828 127.030952     2.1688      6.454   -82.0668 1.2390e-01     3.2003      6.551      9.502    10.3197 0.0000e+00
      6.683     -0.082     0.1299      1.118    179.577 126.885439     2.1747      6.456   -82.1670 1.2386e-01     3.2216      6.561      9.514    10.3145 0.0000e+00
      6.666     -0.125     0.1312      1.113    179.340 126.764822     2.1792      6.457   -82.2250 1.2385e-01     3.2203      6.549      9.499    10.3120 0.0000e+00
      6.619     -0.163     0.1281      1.103    179.108 126.656184     2.1991      6.458   -82.3384 1.2385e-01     3.2188      6.500      9.427    10.3123 0.0000e+00
      6.553     -0.197     0.1233      1.108    178.756 126.464296     2.2404      6.460   -82.6774 1.2380e-01     3.2712      6.427      9.320    10.3157 0.0000e+00
      6.487     -0.218     0.1258      1.120    178.338 126.229420     2.2624      6.460   -83.0535 1.2377e-01     3.3076      6.357      9.220    10.3248 0.0000e+00
      6.429     -0.217     0.1254      1.136    178.081 126.110902     2.2642      6.461   -83.1865 1.2374e-01     3.3167      6.304      9.143    10.3389 0.0000e+00
