Data/DataNotYetUploadedToEDI/Raw_CTD/RawDownloads/092623_bvr50_S8188001.cnv
* Sea-Bird SBE19plus  Data File:
* FileName = C:\R\Reservoirs\Data\DataNotYetUploadedToEDI\Raw_CTD\RawDownloads\092623_bvr50_S8182_0001.hex
* Software version 2.8.0.119
* Temperature SN = 8188
* Conductivity SN = 8188
* System UpLoad Time = Oct 04 2023 13:49:38
* <ApplicationData>
* <Seaterm232>
# nquan = 16
# nvalues = 1752                        
# units = specified
# name 0 = depFM: Depth [fresh water, m]
# name 1 = dz/dtM: Descent Rate [m/s]
# name 2 = sbeox0Mg/L: Oxygen, SBE 43 [mg/l]
# name 3 = sbeox0PS: Oxygen, SBE 43 [% saturation]
# name 4 = specc: Specific Conductance [uS/cm]
# name 5 = c0uS/cm: Conductivity [uS/cm]
# name 6 = wetCDOM: Fluorescence, WET Labs CDOM [mg/m^3]
# name 7 = flECO-AFL: Fluorescence, WET Labs ECO-AFL/FL [mg/m^3]
# name 8 = flECO-AFL1: Fluorescence, WET Labs ECO-AFL/FL, 2 [mg/m^3]
# name 9 = flECO-AFL2: Fluorescence, WET Labs ECO-AFL/FL, 3 [mg/m^3]
# name 10 = par/sat/log: PAR/Logarithmic, Satlantic
# name 11 = turbWETntu0: Turbidity, WET Labs ECO [NTU]
# name 12 = prdM: Pressure, Strain Gauge [db]
# name 13 = prdE: Pressure, Strain Gauge [psi]
# name 14 = tv290C: Temperature [ITS-90, deg C]
# name 15 = flag:  0.000e+00
# span 0 =     -0.674,      9.270       
# span 1 =     -0.248,      0.120       
# span 2 =     0.0897,     6.3944       
# span 3 =      0.858,     66.459       
# span 4 =      0.861,    305.323       
# span 5 =   0.701301, 212.397029       
# span 6 =    -4.5000,    11.2500       
# span 7 =    -0.1460,    14.1822       
# span 8 =    -2.1300,     0.7242       
# span 9 =    -2.0304,     3.2148       
# span 10 = 1.1590e-01, 2.3256e+02      
# span 11 =    -0.2130,    35.8443      
# span 12 =     -0.661,      9.091      
# span 13 =     -0.958,     13.186      
# span 14 =     9.7542,    19.6408      
# span 15 = 0.0000e+00, 0.0000e+00      
# interval = seconds: 0.25
# start_time = Sep 26 2023 11:28:56 [Instrument's time stamp, header]
# bad_flag = -9.990e-29
*END*
     -0.673      0.000     6.3875     64.318      0.905   0.737427    -4.5000    -0.0964    -2.1300    -2.0304 1.8807e+02     1.3953     -0.660     -0.957    15.7381 0.0000e+00
     -0.673      0.000     6.3866     64.312      0.907   0.738832    -4.5000    -0.1193    -2.1300    -2.0304 1.8661e+02     1.3351     -0.660     -0.957    15.7381 0.0000e+00
     -0.673      0.000     6.3856     64.308      0.906   0.738581    -4.5000    -0.0888    -2.1300    -2.0304 1.8319e+02     1.3652     -0.660     -0.957    15.7381 0.0000e+00
     -0.673      0.000     6.3847     64.304      0.904   0.736607     0.0900    -0.1079     0.0000     0.0846 1.7690e+02     1.9063     -0.660     -0.957    15.7382 0.0000e+00
     -0.673      0.000     6.3838     64.305      0.899   0.732386     0.0900    -0.0926     0.0000     0.0846 1.7430e+02     1.7860     -0.660     -0.957    15.7382 0.0000e+00
     -0.674      0.000     6.3831     64.311      0.889   0.724790     0.0900    -0.1193     0.0000     0.0846 1.7167e+02     1.7860     -0.660     -0.958    15.7382 0.0000e+00
     -0.674      0.000     6.3827     64.320      0.878   0.715748     0.0900    -0.1193     0.0000     0.0846 1.7426e+02     1.7410     -0.661     -0.958    15.7383 0.0000e+00
     -0.674      0.000     6.3823     64.333      0.872   0.710759     0.0900    -0.1079     0.0000     0.0846 1.7347e+02     2.5225     -0.661     -0.958    15.7383 0.0000e+00
     -0.674      0.000     6.3823     64.349      0.870   0.708491     0.0900    -0.0888     0.0000     0.0423 1.6820e+02     2.4925     -0.661     -0.958    15.7384 0.0000e+00
     -0.674      0.000     6.3829     64.364      0.865   0.704385     0.0900    -0.0926     0.0000     0.0423 1.7015e+02     2.4925     -0.661     -0.958    15.7384 0.0000e+00
     -0.674      0.000     6.3839     64.381      0.861   0.701301     0.0900    -0.1002     0.0000     0.0423 1.6094e+02     2.5977     -0.661     -0.958    15.7384 0.0000e+00
     -0.674      0.000     6.3852     64.399      0.862   0.702370     0.0900    -0.1041     0.0000     0.0423 1.6070e+02     2.2670     -0.661     -0.958    15.7385 0.0000e+00
     -0.674      0.000     6.3867     64.411      0.869   0.707879     0.0000    -0.0926     0.0000     0.0846 1.6490e+02     2.3422     -0.661     -0.958    15.7385 0.0000e+00
     -0.674      0.000     6.3882     64.419      0.878   0.715340     0.0000    -0.1155     0.0000     0.0846 1.5865e+02     2.3271     -0.661     -0.958    15.7385 0.0000e+00
     -0.674      0.000     6.3899     64.426      0.882   0.718836     0.0000    -0.1079     0.0000     0.0846 1.5879e+02     2.2971     -0.661     -0.958    15.7386 0.0000e+00
     -0.674      0.000     6.3917     64.426      0.878   0.715345     0.0000    -0.1079     0.0000     0.0846 1.5602e+02     1.1999     -0.661     -0.958    15.7386 0.0000e+00
     -0.674      0.000     6.3929     64.416      0.874   0.711844     0.0000    -0.1155     0.0426     0.0846 1.5157e+02     1.0796     -0.661     -0.958    15.7386 0.0000e+00
     -0.674      0.001     6.3937     64.395      0.878   0.715308     0.0000    -0.0697     0.0426     0.0846 1.4709e+02     1.0796     -0.661     -0.958    15.7386 0.0000e+00
     -0.673      0.001     6.3944     64.368      0.882   0.718752     0.0000    -0.1193     0.0426     0.0846 1.4437e+02     1.1698     -0.660     -0.958    15.7387 0.0000e+00
     -0.673      0.001     6.3944     64.348      0.878   0.715186     0.0000    -0.1231     0.0426     0.0846 1.4108e+02     0.2680     -0.660     -0.958    15.7387 0.0000e+00
     -0.673      0.001     6.3934     64.349      0.868   0.707614     0.0000    -0.1041     0.0000     0.0846 1.3426e+02     0.5235     -0.660     -0.957    15.7388 0.0000e+00
     -0.673      0.001     6.3913     64.366      0.861   0.701925     0.0000    -0.1079     0.0000     0.0846 1.2125e+02     0.2981     -0.660     -0.957    15.7389 0.0000e+00
     -0.672      0.002     6.3886     64.382      0.864   0.704511     0.0000    -0.1117     0.0000     0.0846 1.1077e+02     0.3882     -0.659     -0.956    15.7390 0.0000e+00
     -0.672      0.002     6.3866     64.386      0.882   0.720014     0.0000    -0.1002     0.0000     0.0846 1.0013e+02     0.1327     -0.659     -0.956    15.7392 0.0000e+00
     -0.671      0.003     6.3866     64.376      0.916   0.748615     0.0000    -0.1231     0.0000     0.0846 8.9702e+01     0.0726     -0.658     -0.955    15.7394 0.0000e+00
     -0.670      0.004     6.3883     64.357      0.970   0.793988     0.0000    -0.1079    -0.0426     0.0846 8.6261e+01     0.0125     -0.657     -0.953    15.7399 0.0000e+00
     -0.669      0.005     6.3898     64.331      1.058   0.868230     0.0000    -0.0926    -0.0426     0.0846 8.9585e+01     0.1929     -0.656     -0.952    15.7406 0.0000e+00
     -0.668      0.007     6.3899     64.302      1.208   0.995095     0.0000    -0.1079    -0.0426     0.0846 8.9644e+01    -0.0025     -0.655     -0.950    15.7417 0.0000e+00
     -0.666      0.009     6.3887     64.275      1.470   1.216320     0.0000    -0.1460    -0.0426     0.0846 8.8156e+01    -0.1228     -0.653     -0.947    15.7435 0.0000e+00
     -0.664      0.011     6.3865     64.260      1.914   1.590901     0.0000    -0.1384     0.0000    -0.0846 8.6449e+01    -0.1378     -0.651     -0.944    15.7465 0.0000e+00
     -0.661      0.014     6.3833     64.265      2.654   2.214771     0.0000    -0.1002     0.0000    -0.0846 8.8598e+01    -0.1378     -0.649     -0.940    15.7513 0.0000e+00
     -0.658      0.018     6.3793     64.285      3.887   3.254294     0.0000     0.0333     0.0000    -0.0846 9.6706e+01    -0.1228     -0.645     -0.935    15.7593 0.0000e+00
     -0.653      0.023     6.3749     64.309      5.942   4.986678     0.0000     0.0218     0.0000    -0.0846 1.0962e+02    -0.0627     -0.640     -0.929    15.7725 0.0000e+00
     -0.647      0.030     6.3706     64.330      9.372   7.877845     0.1800     0.0142    -0.0426     0.1269 1.1770e+02    -0.0627     -0.635     -0.921    15.7945 0.0000e+00
     -0.639      0.039     6.3662     64.343     14.112  11.897796     0.1800     0.0066    -0.0426     0.1269 1.2886e+02    -0.1979     -0.627     -0.910    15.8311 0.0000e+00
     -0.629      0.049     6.3602     64.350     19.319  16.374129     0.1800     5.2824    -0.0426     0.1269 1.3983e+02     3.6498     -0.617     -0.895    15.8920 0.0000e+00
     -0.617      0.061     6.3492     64.350     24.210  20.650748     0.1800     5.2442    -0.0426     0.1269 1.4912e+02     3.5295     -0.605     -0.877    15.9935 0.0000e+00
     -0.600      0.073     6.3289     64.343     27.940  23.985978     0.4500     5.2748     0.0426     0.2538 1.6070e+02     3.6197     -0.589     -0.854    16.1626 0.0000e+00
     -0.580      0.086     6.2950     64.324     30.222  26.107375     0.4500     5.2709     0.0426     0.2538 1.6341e+02     3.7851     -0.568     -0.824    16.4308 0.0000e+00
     -0.555      0.097     6.2479     64.292     31.528  27.390595     0.4500     6.0606     0.0426     0.2538 1.6974e+02     2.8682     -0.544     -0.789    16.7958 0.0000e+00
     -0.527      0.106     6.1946     64.247     32.256  28.163980     0.4500     6.0606     0.0426     0.2538 1.7449e+02     2.8532     -0.517     -0.750    17.2072 0.0000e+00
     -0.498      0.113     6.1422     64.198     32.636  28.615952     0.4500     6.0682     0.0426     0.2538 1.7670e+02     2.9434     -0.488     -0.708    17.6105 0.0000e+00
     -0.467      0.118     6.0940     64.163     32.810  28.867044     2.7900     6.0720     0.0852     1.3959 1.7906e+02     2.7931     -0.458     -0.665    17.9760 0.0000e+00
     -0.436      0.120     6.0511     64.154     32.869  28.994116     2.7900     5.9462     0.0852     1.3959 1.8051e+02     2.8231     -0.428     -0.621    18.2937 0.0000e+00
     -0.405      0.120     6.0136     64.182     32.870  29.050856     2.7900     5.9385     0.0852     1.3959 1.8208e+02     2.8382     -0.397     -0.576    18.5617 0.0000e+00
     -0.374      0.119     5.9822     64.253     32.853  29.074175     2.7900     5.9194     0.0852     1.3959 1.8355e+02     2.8231     -0.367     -0.532    18.7797 0.0000e+00
     -0.343      0.117     5.9579     64.374     32.828  29.078213     2.7900     5.9690     0.0852     1.2267 1.8491e+02     2.8382     -0.337     -0.488    18.9507 0.0000e+00
     -0.313      0.113     5.9413     64.541     32.797  29.068007     2.7900     6.1293     0.0852     1.2267 1.8775e+02     2.7480     -0.307     -0.446    19.0799 0.0000e+00
     -0.284      0.108     5.9325     64.749     32.762  29.048753     2.7900     6.1293     0.0852     1.2267 1.9075e+02     2.8682     -0.279     -0.405    19.1731 0.0000e+00
     -0.257      0.102     5.9314     64.985     32.730  29.027198     2.7900     6.1216     0.0852     1.2267 1.8181e+02     2.8682     -0.252     -0.365    19.2370 0.0000e+00
     -0.231      0.093     5.9373     65.232     32.714  29.017392     2.7900     6.1216     0.0426     1.5228 1.8039e+02     2.8081     -0.227     -0.329    19.2792 0.0000e+00
     -0.207      0.083     5.9494     65.476     32.730  29.032560     2.7900     5.8699     0.0426     1.5228 1.7597e+02     2.5526     -0.203     -0.295    19.3070 0.0000e+00
     -0.187      0.072     5.9663     65.711     32.775  29.072787     2.7900     5.9004     0.0426     1.5228 1.7347e+02     2.6428     -0.183     -0.266    19.3258 0.0000e+00
     -0.170      0.061     5.9866     65.935     32.832  29.125040     2.7900     5.8622     0.0426     1.5228 1.7336e+02     2.5826     -0.166     -0.241    19.3380 0.0000e+00
     -0.156      0.049     6.0085     66.152     32.883  29.175536     2.7900     5.8889     0.0426     1.4382 1.7290e+02     2.4925     -0.153     -0.222    19.3445 0.0000e+00
     -0.146      0.038     6.0308     66.362     32.921  29.217942     2.7900     6.1369     0.0426     1.4382 1.7298e+02     2.6578     -0.143     -0.208    19.3467 0.0000e+00
     -0.139      0.029     6.0524     66.459     32.944  29.249705     2.7900     6.1407     0.0426     1.4382 1.7317e+02     2.5526     -0.136     -0.197    19.3471 0.0000e+00
     -0.133      0.022     6.0727     66.187     32.956  29.271379     2.7900     6.1178     0.0426     1.4382 1.7145e+02     2.5977     -0.131     -0.189    19.3497 0.0000e+00
     -0.129      0.016     6.0917     65.292     32.960  29.286763     2.7900     6.1331     0.0426     1.4382 1.7287e+02     2.5526     -0.127     -0.184    19.3578 0.0000e+00
     -0.126      0.012     6.1094     63.651     32.963  29.299959     2.8800     6.1979     0.0426     1.3113 1.7279e+02     2.8532     -0.124     -0.179    19.3712 0.0000e+00
     -0.124      0.009     6.1164     61.310     32.964  29.310529     2.8800     6.2132     0.0426     1.3113 1.7264e+02     2.7329     -0.121     -0.176    19.3877 0.0000e+00
     -0.122      0.006     6.0893     58.439     32.957  29.313370     2.8800     6.1941     0.0426     1.3113 1.7238e+02     2.7931     -0.120     -0.173    19.4055 0.0000e+00
     -0.121      0.004     6.0049     55.269     32.944  29.309242     2.8800     6.1941     0.0426     1.3113 1.7317e+02     2.8832     -0.119     -0.171    19.4230 0.0000e+00
     -0.120      0.001     5.8521     52.070     32.928  29.301002     2.7900     6.0797     0.0852     1.4382 1.7339e+02     2.7931     -0.118     -0.171    19.4394 0.0000e+00
     -0.120     -0.001     5.6353     49.125     32.906  29.286455     2.7900     6.0530     0.0852     1.4382 1.7313e+02     2.6879     -0.118     -0.171    19.4544 0.0000e+00
     -0.121     -0.002     5.3700     46.661     32.880  29.267660     2.7900     6.0606     0.0852     1.4382 1.7317e+02     2.7630     -0.118     -0.172    19.4674 0.0000e+00
     -0.122     -0.003     5.0776     44.779     32.859  29.251486     2.7900     6.0606     0.0852     1.4382 1.7373e+02     2.7780     -0.119     -0.173    19.4785 0.0000e+00
     -0.123     -0.004     4.7828     43.452     32.843  29.239559     2.8800     6.1979     0.0426     1.4382 1.7411e+02     2.8832     -0.121     -0.175    19.4879 0.0000e+00
     -0.124     -0.004     4.5116     42.573     32.834  29.232658     2.8800     6.1865     0.0426     1.4382 1.7426e+02     2.8532     -0.122     -0.177    19.4955 0.0000e+00
     -0.126     -0.004     4.2847     42.023     32.839  29.236864     2.8800     6.1941     0.0426     1.4382 1.7445e+02     2.8832     -0.123     -0.179    19.5013 0.0000e+00
     -0.127     -0.004     4.1115     41.709     32.851  29.247358     2.8800     6.1827     0.0426     1.4382 1.7441e+02     2.8983     -0.125     -0.181    19.5056 0.0000e+00
     -0.128     -0.003     3.9894     41.569     32.858  29.253078     2.8800     6.0682     0.0426     1.4382 1.7460e+02     2.6879     -0.125     -0.182    19.5085 0.0000e+00
     -0.129     -0.002     3.9085     41.558     32.861  29.253570     2.8800     6.0530     0.0426     1.3959 1.7479e+02     2.6879     -0.126     -0.183    19.5103 0.0000e+00
     -0.129     -0.001     3.8579     41.647     32.858  29.248965     2.8800     6.0568     0.0426     1.3959 1.7464e+02     2.8832     -0.126     -0.183    19.5109 0.0000e+00
     -0.129     -0.001     3.8291     41.820     32.850  29.240016     2.8800     6.0606     0.0426     1.3959 1.7476e+02     2.8231     -0.126     -0.183    19.5105 0.0000e+00
     -0.129     -0.001     3.8164     42.066     32.846  29.234235     2.8800     6.1789     0.0426     1.3959 1.7460e+02     2.4925     -0.126     -0.183    19.5090 0.0000e+00
     -0.129     -0.000     3.8155     42.376     32.846  29.232060     2.8800     6.1712     0.0852     1.4805 1.7449e+02     2.4774     -0.126     -0.183    19.5067 0.0000e+00
     -0.129     -0.000     3.8238     42.740     32.845  29.228951     2.8800     6.2017     0.0852     1.4805 1.7472e+02     2.4925     -0.127     -0.184    19.5037 0.0000e+00
     -0.129     -0.001     3.8400     43.135     32.845  29.228040     2.8800     6.2017     0.0852     1.4805 1.7468e+02     2.5826     -0.127     -0.184    19.5003 0.0000e+00
     -0.129     -0.001     3.8630     43.529     32.848  29.229083     2.8800     6.2513     0.0852     1.4805 1.7483e+02     2.8382     -0.127     -0.184    19.4967 0.0000e+00
     -0.130     -0.001     3.8917     43.888     32.849  29.228399     2.8800     6.2437     0.0852     1.5651 1.7495e+02     2.8382     -0.127     -0.184    19.4933 0.0000e+00
     -0.130     -0.001     3.9253     44.187     32.851  29.229764     2.8800     6.2399     0.0852     1.5651 1.7491e+02     2.8231     -0.127     -0.185    19.4904 0.0000e+00
     -0.130     -0.000     3.9618     44.400     32.856  29.233543     2.8800     6.2513     0.0852     1.5651 1.7536e+02     2.8532     -0.128     -0.185    19.4880 0.0000e+00
     -0.130     -0.000     3.9981     44.513     32.859  29.236783     2.8800     6.2590     0.0852     1.5651 1.7559e+02     2.8382     -0.128     -0.185    19.4861 0.0000e+00
     -0.130      0.000     4.0312     44.515     32.863  29.240349     2.7900     6.2551     0.0852     1.3536 1.7594e+02     2.8832     -0.128     -0.186    19.4846 0.0000e+00
     -0.130      0.000     4.0587     44.414     32.864  29.241232     2.7900     6.2246     0.0852     1.3536 1.7544e+02     2.8231     -0.128     -0.186    19.4836 0.0000e+00
     -0.130      0.000     4.0784     44.232     32.862  29.239667     2.7900     6.2742     0.0852     1.3536 1.7590e+02     2.7329     -0.128     -0.186    19.4831 0.0000e+00
     -0.130      0.000     4.0887     43.994     32.861  29.239197     2.7900     6.1140     0.0852     1.3536 1.7559e+02     2.9283     -0.128     -0.186    19.4830 0.0000e+00
     -0.130      0.000     4.0889     43.726     32.861  29.239696     2.7900     6.1254     0.0852     1.3536 1.7617e+02     2.7179     -0.128     -0.185    19.4831 0.0000e+00
     -0.130      0.000     4.0797     43.443     32.863  29.241298     2.7900     6.1407     0.0852     1.4382 1.7636e+02     2.8081     -0.127     -0.185    19.4832 0.0000e+00
