Data/DataNotYetUploadedToEDI/Raw_CTD/RawDownloads/092623_bvr50_S8188001.cnv
* Sea-Bird SBE19plus  Data File:
* FileName = C:\R\Reservoirs\Data\DataNotYetUploadedToEDI\Raw_CTD\RawDownloads\092623_bvr50_S8182_0001.hex
* Software version 2.8.0.119
* Temperature SN = 8188
* Conductivity SN = 8188
* System UpLoad Time = Oct 04 2023 13:49:38
* <ApplicationData>
* <Seaterm232>
# nquan = 16
# nvalues = 1752                        
# units = specified
# name 0 = depFM: Depth [fresh water, m]
# name 1 = dz/dtM: Descent Rate [m/s]
# name 2 = sbeox0Mg/L: Oxygen, SBE 43 [mg/l]
# name 3 = sbeox0PS: Oxygen, SBE 43 [% saturation]
# name 4 = specc: Specific Conductance [uS/cm]
# name 5 = c0uS/cm: Conductivity [uS/cm]
# name 6 = wetCDOM: Fluorescence, WET Labs CDOM [mg/m^3]
# name 7 = flECO-AFL: Fluorescence, WET Labs ECO-AFL/FL [mg/m^3]
# name 8 = flECO-AFL1: Fluorescence, WET Labs ECO-AFL/FL, 2 [mg/m^3]
# name 9 = flECO-AFL2: Fluorescence, WET Labs ECO-AFL/FL, 3 [mg/m^3]
# name 10 = par/sat/log: PAR/Logarithmic, Satlantic
# name 11 = turbWETntu0: Turbidity, WET Labs ECO [NTU]
# name 12 = prdM: Pressure, Strain Gauge [db]
# name 13 = prdE: Pressure, Strain Gauge [psi]
# name 14 = tv290C: Temperature [ITS-90, deg C]
# name 15 = flag:  0.000e+00
# span 0 =     -0.674,      9.270       
# span 1 =     -0.248,      0.120       
# span 2 =     0.0897,     6.3944       
# span 3 =      0.858,     66.459       
# span 4 =      0.861,    305.323       
# span 5 =   0.701301, 212.397029       
# span 6 =    -4.5000,    11.2500       
# span 7 =    -0.1460,    14.1822       
# span 8 =    -2.1300,     0.7242       
# span 9 =    -2.0304,     3.2148       
# span 10 = 1.1590e-01, 2.3256e+02      
# span 11 =    -0.2130,    35.8443      
# span 12 =     -0.661,      9.091      
# span 13 =     -0.958,     13.186      
# span 14 =     9.7542,    19.6408      
# span 15 = 0.0000e+00, 0.0000e+00      
# interval = seconds: 0.25
# start_time = Sep 26 2023 11:28:56 [Instrument's time stamp, header]
# bad_flag = -9.990e-29
*END*
[from data line 1537]
      4.069     -0.080     0.7626      8.944     53.168  44.378241     4.5000     2.4556     0.1704     0.9306 3.6672e-01     6.0696      3.991      5.788    16.4557 0.0000e+00
      4.046     -0.080     0.8001      9.201     52.235  43.681251     4.5000     2.4976     0.1704     0.9306 4.0997e-01     6.0396      3.968      5.755    16.5247 0.0000e+00
      4.023     -0.077     0.8279      9.545     51.491  43.140577     4.5000     2.4595     0.1704     0.9306 4.6021e-01     6.0245      3.946      5.722    16.5957 0.0000e+00
      4.003     -0.073     0.8490      9.999     50.862  42.687332     4.5000     2.5854     0.1704     0.9306 4.4973e-01     5.7841      3.926      5.694    16.6671 0.0000e+00
      3.987     -0.069     0.8686     10.556     50.263  42.248204     4.3200     2.5930     0.1704     0.6768 4.2383e-01     5.7841      3.910      5.671    16.7401 0.0000e+00
      3.973     -0.067     0.8921     11.186     49.675  41.809117     4.3200     2.5854     0.1704     0.6768 3.7986e-01     5.8592      3.896      5.650    16.8175 0.0000e+00
      3.958     -0.068     0.9240     11.833     48.995  41.286662     4.3200     2.5930     0.1704     0.6768 3.9717e-01     5.8141      3.882      5.630    16.8960 0.0000e+00
      3.942     -0.072     0.9664     12.434     48.094  40.579160     4.3200     2.7151     0.1704     0.6768 4.2734e-01     5.8893      3.866      5.608    16.9677 0.0000e+00
      3.924     -0.079     1.0189     12.954     47.107  39.805007     4.1400     2.6883     0.1704     0.7191 4.0651e-01     5.7841      3.849      5.582    17.0298 0.0000e+00
      3.903     -0.087     1.0785     13.401     46.301  39.189621     4.1400     2.7074     0.1704     0.7191 4.3730e-01     5.8141      3.828      5.552    17.0851 0.0000e+00
      3.879     -0.094     1.1397     13.808     45.722  38.763033     4.1400     2.6960     0.1704     0.7191 4.5802e-01     5.7841      3.804      5.517    17.1371 0.0000e+00
      3.852     -0.097     1.1963     14.232     45.170  38.350084     4.1400     1.9788     0.1704     0.7191 5.0749e-01     5.0776      3.777      5.478    17.1915 0.0000e+00
      3.823     -0.096     1.2448     14.728     44.461  37.799056     4.1400     1.9521     0.1704     0.7191 5.6919e-01     5.0476      3.749      5.438    17.2545 0.0000e+00
      3.796     -0.092     1.2858     15.332     43.595  37.119494     4.0500     1.9826     0.1704     0.7191 6.2752e-01     5.0626      3.723      5.400    17.3248 0.0000e+00
      3.772     -0.083     1.3230     16.047     42.595  36.336184     4.0500     1.9826     0.1704     0.7191 6.1912e-01     5.1378      3.699      5.365    17.3937 0.0000e+00
      3.752     -0.074     1.3618     16.847     41.527  35.505649     4.0500     2.0208     0.1704     0.7191 6.2033e-01     4.6718      3.680      5.337    17.4554 0.0000e+00
      3.736     -0.064     1.4075     17.693     40.631  34.828270     4.0500     2.0360     0.1704     0.7191 6.0489e-01     4.5967      3.664      5.314    17.5143 0.0000e+00
      3.723     -0.056     1.4631     18.555     40.086  34.446236     3.6900     2.0322     0.0852     0.8037 6.4117e-01     4.5967      3.651      5.295    17.5809 0.0000e+00
      3.711     -0.051     1.5287     19.410     39.850  34.311144     3.6900     2.0322     0.0852     0.8037 6.3908e-01     4.5817      3.639      5.279    17.6625 0.0000e+00
      3.700     -0.049     1.6016     20.243     39.813  34.323602     3.6900     2.3603     0.0852     0.8037 6.1980e-01     4.8672      3.629      5.263    17.7600 0.0000e+00
      3.690     -0.052     1.6784     21.040     39.918  34.435446     3.6900     2.3488     0.0852     0.8037 6.2087e-01     4.8221      3.618      5.248    17.8674 0.0000e+00
      3.678     -0.057     1.7566     21.781     40.095  34.591344     3.5100     2.3336     0.1278     0.5076 6.0044e-01     4.8823      3.607      5.231    17.9700 0.0000e+00
      3.664     -0.064     1.8346     22.438     40.269  34.731866     3.5100     2.3259     0.1278     0.5076 6.1190e-01     4.8522      3.593      5.211    18.0519 0.0000e+00
      3.646     -0.071     1.9114     22.978     40.396  34.825168     3.5100     1.8949     0.1278     0.5076 6.3204e-01     4.5967      3.576      5.186    18.1054 0.0000e+00
      3.626     -0.076     1.9860     23.368     40.407  34.818890     3.5100     1.8987     0.1278     0.5076 6.9636e-01     4.5967      3.555      5.157    18.1308 0.0000e+00
      3.603     -0.078     2.0560     23.593     40.256  34.677687     3.5100     1.9330     0.1278     0.5076 7.5679e-01     4.5666      3.533      5.124    18.1335 0.0000e+00
      3.580     -0.077     2.1186     23.663     39.968  34.429262     3.5100     1.8949     0.1278     0.5922 8.7654e-01     4.6568      3.510      5.091    18.1211 0.0000e+00
      3.558     -0.073     2.1706     23.601     39.626  34.144019     3.5100     2.0932     0.1278     0.5922 8.8689e-01     4.3111      3.489      5.061    18.1014 0.0000e+00
      3.541     -0.067     2.2083     23.444     39.335  33.910266     3.5100     2.1085     0.1278     0.5922 8.7635e-01     4.3562      3.472      5.036    18.0812 0.0000e+00
      3.526     -0.062     2.2302     23.239     39.144  33.764689     3.5100     2.0932     0.1278     0.5922 8.4622e-01     4.3412      3.458      5.015    18.0677 0.0000e+00
      3.513     -0.059     2.2368     23.036     39.022  33.678373     3.5100     2.0971     0.1278     0.5499 8.6763e-01     4.4013      3.445      4.996    18.0670 0.0000e+00
      3.500     -0.059     2.2304     22.880     38.927  33.612456     3.5100     2.0284     0.1278     0.5499 8.5788e-01     4.1909      3.433      4.978    18.0793 0.0000e+00
      3.486     -0.061     2.2147     22.797     38.841  33.553323     3.5100     2.0437     0.1278     0.5499 8.1713e-01     4.1458      3.419      4.959    18.1006 0.0000e+00
      3.471     -0.063     2.1942     22.789     38.780  33.512929     3.5100     2.0208     0.1278     0.5499 8.9230e-01     4.1307      3.404      4.936    18.1253 0.0000e+00
      3.453     -0.066     2.1740     22.848     38.741  33.488424     3.2400     2.0208     0.0852     0.5922 9.2548e-01     4.1458      3.386      4.911    18.1490 0.0000e+00
      3.434     -0.066     2.1583     22.964     38.691  33.453472     3.2400     2.0055     0.0852     0.5922 9.8717e-01     3.9203      3.368      4.885    18.1700 0.0000e+00
      3.416     -0.065     2.1496     23.131     38.593  33.376968     3.2400     2.0475     0.0852     0.5922 1.0400e+00     3.8301      3.349      4.858    18.1886 0.0000e+00
      3.399     -0.062     2.1482     23.330     38.414  33.232569     3.2400     2.0170     0.0852     0.5922 1.0286e+00     3.8301      3.332      4.833    18.2045 0.0000e+00
      3.384     -0.059     2.1531     23.535     38.171  33.037219     3.3300     2.0170     0.0852     0.5499 1.0150e+00     3.9504      3.318      4.812    18.2174 0.0000e+00
      3.371     -0.058     2.1636     23.726     37.914  32.835860     3.3300     2.0894     0.0852     0.5499 9.8954e-01     3.8903      3.305      4.794    18.2281 0.0000e+00
      3.358     -0.058     2.1788     23.894     37.657  32.638164     3.3300     2.1047     0.0852     0.5499 1.0239e+00     3.9804      3.293      4.776    18.2388 0.0000e+00
      3.345     -0.061     2.1969     24.043     37.421  32.460725     3.3300     2.0856     0.0852     0.5499 1.0243e+00     3.8301      3.280      4.757    18.2522 0.0000e+00
      3.330     -0.066     2.2153     24.189     37.274  32.357216     3.3300     2.0971     0.0852     0.5499 1.0295e+00     3.9354      3.265      4.736    18.2717 0.0000e+00
      3.313     -0.071     2.2320     24.351     37.220  32.327760     3.2400     1.8415     0.0852     0.5076 1.0633e+00     3.8903      3.248      4.711    18.2995 0.0000e+00
      3.292     -0.074     2.2463     24.545     37.203  32.320939     3.2400     1.8338     0.0852     0.5076 1.1286e+00     3.8602      3.228      4.683    18.3335 0.0000e+00
      3.270     -0.074     2.2587     24.779     37.201  32.321072     3.2400     1.8567     0.0852     0.5076 1.2868e+00     4.0857      3.207      4.651    18.3694 0.0000e+00
      3.249     -0.072     2.2709     25.051     37.219  32.336116     3.2400     1.8300     0.0852     0.5076 1.3420e+00     3.9654      3.186      4.621    18.4015 0.0000e+00
      3.230     -0.068     2.2851     25.338     37.246  32.358200     3.3300     2.1810     0.0852     0.6345 1.3466e+00     3.6949      3.167      4.594    18.4238 0.0000e+00
      3.214     -0.063     2.3028     25.610     37.261  32.369452     3.3300     2.1581     0.0852     0.6345 1.3420e+00     3.6197      3.152      4.571    18.4343 0.0000e+00
      3.201     -0.060     2.3247     25.834     37.231  32.341187     3.3300     2.1428     0.0852     0.6345 1.2802e+00     3.6798      3.139      4.552    18.4370 0.0000e+00
      3.188     -0.059     2.3502     25.985     37.106  32.234184     3.3300     2.1924     0.0852     0.6345 1.2718e+00     3.7099      3.126      4.534    18.4361 0.0000e+00
      3.175     -0.062     2.3772     26.056     36.891  32.053572     3.3300     2.0932     0.0852     0.5499 1.2838e+00     3.7099      3.114      4.516    18.4341 0.0000e+00
      3.160     -0.067     2.4028     26.053     36.670  31.875941     3.3300     2.0971     0.0852     0.5499 1.3344e+00     3.7550      3.099      4.495    18.4315 0.0000e+00
      3.143     -0.073     2.4240     26.006     36.522  31.766794     3.3300     2.1161     0.0852     0.5499 1.3278e+00     3.7099      3.082      4.470    18.4292 0.0000e+00
      3.122     -0.078     2.4382     25.955     36.431  31.704947     3.3300     2.0780     0.0852     0.5499 1.4274e+00     3.8151      3.062      4.440    18.4306 0.0000e+00
      3.099     -0.081     2.4443     25.942     36.344  31.644206     3.4200     2.1123     0.0852     0.5499 1.5385e+00     3.3943      3.039      4.408    18.4401 0.0000e+00
      3.075     -0.081     2.4430     26.000     36.254  31.578274     3.4200     2.0932     0.0852     0.5499 1.6429e+00     3.5446      3.016      4.374    18.4599 0.0000e+00
      3.053     -0.077     2.4374     26.145     36.161  31.511352     3.4200     2.1200     0.0852     0.5499 1.6746e+00     3.5145      2.994      4.342    18.4856 0.0000e+00
      3.034     -0.072     2.4314     26.363     36.070  31.445396     3.4200     2.0856     0.0852     0.5499 1.6644e+00     3.4544      2.975      4.315    18.5097 0.0000e+00
      3.017     -0.067     2.4291     26.629     35.986  31.386579     3.4200     2.4137     0.0852     0.5499 1.7088e+00     3.1989      2.959      4.291    18.5296 0.0000e+00
      3.002     -0.063     2.4337     26.917     35.912  31.335059     3.2400     2.4022     0.0852     0.7191 1.6677e+00     3.1688      2.944      4.270    18.5476 0.0000e+00
      2.989     -0.063     2.4463     27.197     35.832  31.277098     3.2400     2.3946     0.0852     0.7191 1.6771e+00     3.2440      2.931      4.251    18.5661 0.0000e+00
      2.975     -0.064     2.4657     27.444     35.743  31.211100     3.2400     2.4137     0.0852     0.7191 1.6833e+00     3.2139      2.917      4.231    18.5855 0.0000e+00
      2.959     -0.067     2.4897     27.650     35.666  31.155108     3.2400     2.0971     0.0852     0.7191 1.6888e+00     3.1688      2.901      4.208    18.6046 0.0000e+00
      2.941     -0.070     2.5156     27.823     35.600  31.108053     3.1500     2.0856     0.0852     0.5922 1.7928e+00     3.1989      2.884      4.182    18.6226 0.0000e+00
      2.920     -0.071     2.5409     27.977     35.517  31.045505     3.1500     2.0932     0.0852     0.5922 2.0051e+00     3.1388      2.863      4.153    18.6394 0.0000e+00
      2.899     -0.070     2.5632     28.128     35.405  30.958706     3.1500     2.0780     0.0852     0.5922 2.1617e+00     3.2440      2.843      4.124    18.6558 0.0000e+00
      2.880     -0.068     2.5816     28.288     35.286  30.868072     3.1500     2.3450     0.0852     0.5922 2.0883e+00     3.2139      2.825      4.097    18.6721 0.0000e+00
      2.864     -0.066     2.5969     28.462     35.195  30.802896     3.1500     2.3336     0.0852     0.6345 2.0518e+00     3.2289      2.809      4.074    18.6872 0.0000e+00
      2.851     -0.065     2.6105     28.642     35.159  30.785400     3.1500     2.3298     0.0852     0.6345 2.0266e+00     3.2590      2.795      4.054    18.7015 0.0000e+00
      2.837     -0.067     2.6238     28.816     35.169  30.803000     3.1500     2.3336     0.0852     0.6345 2.0505e+00     3.2289      2.782      4.035    18.7172 0.0000e+00
      2.821     -0.072     2.6377     28.978     35.181  30.816827     3.1500     2.1428     0.0852     0.6345 1.9761e+00     3.2289      2.767      4.013    18.7361 0.0000e+00
      2.803     -0.080     2.6528     29.127     35.173  30.808788     3.1500     2.1161     0.0426     0.5499 2.0892e+00     3.2590      2.749      3.987    18.7567 0.0000e+00
      2.781     -0.088     2.6686     29.258     35.148  30.784660     3.1500     2.1657     0.0426     0.5499 2.1617e+00     3.2289      2.727      3.956    18.7755 0.0000e+00
      2.756     -0.095     2.6841     29.364     35.110  30.749888     3.1500     2.1505     0.0426     0.5499 2.3295e+00     3.1388      2.703      3.920    18.7881 0.0000e+00
      2.729     -0.099     2.6990     29.443     35.051  30.699160     3.1500     2.2153     0.0426     0.5499 2.5163e+00     3.2139      2.676      3.881    18.7928 0.0000e+00
      2.701     -0.099     2.7129     29.507     34.960  30.624889     3.1500     2.1924     0.0426     0.5499 2.6418e+00     3.1388      2.648      3.841    18.7920 0.0000e+00
      2.674     -0.096     2.7253     29.574     34.843  30.534988     3.1500     2.2077     0.0852     0.6345 2.7953e+00     3.2440      2.622      3.803    18.7891 0.0000e+00
      2.648     -0.092     2.7353     29.661     34.726  30.451026     3.1500     2.2077     0.0852     0.6345 2.9303e+00     3.2289      2.597      3.767    18.7867 0.0000e+00
      2.626     -0.087     2.7426     29.775     34.633  30.390215     3.1500     2.4137     0.0852     0.6345 2.9348e+00     3.1688      2.575      3.735    18.7877 0.0000e+00
      2.606     -0.084     2.7481     29.926     34.574  30.356140     3.1500     2.4137     0.0852     0.6345 2.9182e+00     3.2289      2.556      3.707    18.7958 0.0000e+00
      2.588     -0.084     2.7534     30.126     34.535  30.335756     3.1500     2.4289     0.0852     0.5922 2.8543e+00     3.1688      2.538      3.681    18.8136 0.0000e+00
      2.569     -0.087     2.7600     30.377     34.509  30.321648     3.1500     2.3908     0.0852     0.5922 2.8586e+00     3.2590      2.519      3.653    18.8400 0.0000e+00
      2.547     -0.091     2.7689     30.663     34.505  30.323913     3.1500     2.3488     0.0852     0.5922 2.9908e+00     3.1538      2.498      3.622    18.8698 0.0000e+00
      2.522     -0.094     2.7814     30.961     34.513  30.333256     3.1500     2.3183     0.0852     0.5922 3.2377e+00     3.1989      2.473      3.587    18.8963 0.0000e+00
      2.495     -0.096     2.7990     31.251     34.510  30.330387     3.0600     2.3641     0.0852     0.7191 3.5148e+00     3.3041      2.446      3.548    18.9157 0.0000e+00
      2.467     -0.095     2.8215     31.519     34.497  30.318502     3.0600     2.3374     0.0852     0.7191 3.8323e+00     3.2590      2.419      3.509    18.9288 0.0000e+00
      2.441     -0.093     2.8476     31.755     34.472  30.298392     3.0600     2.6426     0.0852     0.7191 3.9619e+00     3.2740      2.394      3.472    18.9370 0.0000e+00
      2.419     -0.090     2.8751     31.950     34.429  30.264692     3.0600     2.6311     0.0852     0.7191 3.9225e+00     3.0486      2.372      3.440    18.9399 0.0000e+00
      2.398     -0.088     2.9021     32.098     34.373  30.222278     3.1500     2.6426     0.0852     0.5922 3.7901e+00     3.1538      2.352      3.412    18.9393 0.0000e+00
