Data/DataNotYetUploadedToEDI/Raw_CTD/RawDownloads/092623_bvr50_S8188001.cnv
* Sea-Bird SBE19plus  Data File:
* FileName = C:\R\Reservoirs\Data\DataNotYetUploadedToEDI\Raw_CTD\RawDownloads\092623_bvr50_S8182_0001.hex
* Software version 2.8.0.119
* Temperature SN = 8188
* Conductivity SN = 8188
* System UpLoad Time = Oct 04 2023 13:49:38
* <ApplicationData>
* <Seaterm232>
# nquan = 16
# nvalues = 1752                        
# units = specified
# name 0 = depFM: Depth [fresh water, m]
# name 1 = dz/dtM: Descent Rate [m/s]
# name 2 = sbeox0Mg/L: Oxygen, SBE 43 [mg/l]
# name 3 = sbeox0PS: Oxygen, SBE 43 [% saturation]
# name 4 = specc: Specific Conductance [uS/cm]
# name 5 = c0uS/cm: Conductivity [uS/cm]
# name 6 = wetCDOM: Fluorescence, WET Labs CDOM [mg/m^3]
# name 7 = flECO-AFL: Fluorescence, WET Labs ECO-AFL/FL [mg/m^3]
# name 8 = flECO-AFL1: Fluorescence, WET Labs ECO-AFL/FL, 2 [mg/m^3]
# name 9 = flECO-AFL2: Fluorescence, WET Labs ECO-AFL/FL, 3 [mg/m^3]
# name 10 = par/sat/log: PAR/Logarithmic, Satlantic
# name 11 = turbWETntu0: Turbidity, WET Labs ECO [NTU]
# name 12 = prdM: Pressure, Strain Gauge [db]
# name 13 = prdE: Pressure, Strain Gauge [psi]
# name 14 = tv290C: Temperature [ITS-90, deg C]
# name 15 = flag:  0.000e+00
# span 0 =     -0.674,      9.270       
# span 1 =     -0.248,      0.120       
# span 2 =     0.0897,     6.3944       
# span 3 =      0.858,     66.459       
# span 4 =      0.861,    305.323       
# span 5 =   0.701301, 212.397029       
# span 6 =    -4.5000,    11.2500       
# span 7 =    -0.1460,    14.1822       
# span 8 =    -2.1300,     0.7242       
# span 9 =    -2.0304,     3.2148       
# span 10 = 1.1590e-01, 2.3256e+02      
# span 11 =    -0.2130,    35.8443      
# span 12 =     -0.661,      9.091      
# span 13 =     -0.958,     13.186      
# span 14 =     9.7542,    19.6408      
# span 15 = 0.0000e+00, 0.0000e+00      
# interval = seconds: 0.25
# start_time = Sep 26 2023 11:28:56 [Instrument's time stamp, header]
# bad_flag = -9.990e-29
*END*
[from data line 452]
      1.895      0.041     3.8942     42.394     33.093  29.520581     2.8800     4.6415     0.0426     0.9306 4.6937e+00     2.7480      1.858      2.695    19.5994 0.0000e+00
      1.905      0.041     3.8914     42.385     33.096  29.522613     2.8800     4.6186     0.0426     0.9306 4.6369e+00     2.7480      1.868      2.710    19.5991 0.0000e+00
      1.916      0.041     3.8890     42.385     33.108  29.533877     2.8800     4.6148     0.0426     0.9306 4.5372e+00     2.7630      1.879      2.725    19.5987 0.0000e+00
      1.927      0.041     3.8869     42.392     33.121  29.545496     2.8800     4.5995     0.0852     0.8883 4.4513e+00     2.7931      1.889      2.740    19.5984 0.0000e+00
      1.937      0.040     3.8851     42.405     33.129  29.552650     2.8800     4.6186     0.0852     0.8883 4.3594e+00     2.7480      1.900      2.756    19.5980 0.0000e+00
      1.948      0.039     3.8843     42.420     33.135  29.557245     2.8800     4.1799     0.0852     0.8883 4.2371e+00     2.7329      1.910      2.770    19.5977 0.0000e+00
      1.958      0.037     3.8844     42.437     33.134  29.556548     2.8800     4.1799     0.0852     0.8883 4.2022e+00     2.7931      1.920      2.784    19.5974 0.0000e+00
      1.967      0.036     3.8851     42.452     33.127  29.550373     2.8800     4.1875     0.0426     0.9729 4.2205e+00     2.8832      1.928      2.797    19.5971 0.0000e+00
      1.975      0.035     3.8862     42.462     33.121  29.544991     2.8800     4.1875     0.0426     0.9729 4.1904e+00     2.7630      1.937      2.809    19.5968 0.0000e+00
      1.984      0.034     3.8877     42.465     33.119  29.542929     2.8800     4.2867     0.0426     0.9729 4.1813e+00     2.8231      1.945      2.821    19.5966 0.0000e+00
      1.992      0.034     3.8892     42.461     33.120  29.543637     2.8800     4.3020     0.0426     0.9729 4.1199e+00     2.8231      1.954      2.833    19.5965 0.0000e+00
      2.001      0.034     3.8906     42.456     33.120  29.543343     2.8800     4.2944     0.0426     0.9729 4.0156e+00     2.8382      1.962      2.846    19.5963 0.0000e+00
      2.010      0.033     3.8916     42.450     33.118  29.541969     2.8800     4.3134     0.0852     0.8883 3.9628e+00     2.8081      1.971      2.859    19.5962 0.0000e+00
      2.019      0.033     3.8918     42.442     33.124  29.547067     2.8800     4.5500     0.0852     0.8883 3.9225e+00     2.8532      1.980      2.871    19.5960 0.0000e+00
      2.027      0.032     3.8915     42.435     33.130  29.552079     2.8800     4.5461     0.0852     0.8883 3.9097e+00     2.7329      1.988      2.883    19.5959 0.0000e+00
      2.035      0.032     3.8910     42.431     33.119  29.542500     2.8800     4.5385     0.0852     0.8883 3.9148e+00     2.7480      1.996      2.894    19.5958 0.0000e+00
      2.043      0.032     3.8905     42.432     33.103  29.527657     2.8800     4.5461     0.0852     0.8883 3.8566e+00     2.7480      2.003      2.905    19.5956 0.0000e+00
      2.051      0.033     3.8898     42.433     33.102  29.527350     2.8800     4.4164     0.0852     0.8883 3.8608e+00     2.7179      2.011      2.917    19.5955 0.0000e+00
      2.059      0.034     3.8891     42.428     33.118  29.541497     2.8800     4.4088     0.0852     0.8883 3.8298e+00     2.7329      2.019      2.928    19.5955 0.0000e+00
      2.067      0.035     3.8887     42.421     33.137  29.558031     2.8800     4.4355     0.0852     0.8883 3.8190e+00     2.8231      2.027      2.940    19.5954 0.0000e+00
      2.076      0.036     3.8888     42.421     33.145  29.565522     2.8800     4.4470     0.0426     0.8883 3.7159e+00     2.8532      2.036      2.954    19.5954 0.0000e+00
      2.086      0.038     3.8889     42.428     33.141  29.562008     2.8800     4.4927     0.0426     0.8883 3.6297e+00     2.7630      2.046      2.967    19.5954 0.0000e+00
      2.096      0.039     3.8885     42.438     33.141  29.562392     2.8800     4.4737     0.0426     0.8883 3.5999e+00     2.7780      2.055      2.982    19.5955 0.0000e+00
      2.106      0.039     3.8878     42.447     33.151  29.570734     2.8800     4.5080     0.0426     0.8883 3.5179e+00     2.7630      2.065      2.996    19.5956 0.0000e+00
      2.116      0.040     3.8879     42.450     33.149  29.569461     2.8800     4.4927     0.0852     0.8883 3.4852e+00     2.8231      2.075      3.010    19.5957 0.0000e+00
      2.126      0.041     3.8885     42.450     33.137  29.558234     2.8800     4.2295     0.0852     0.8883 3.4996e+00     2.8832      2.085      3.024    19.5957 0.0000e+00
      2.137      0.042     3.8894     42.451     33.127  29.549897     2.8800     4.2371     0.0852     0.8883 3.4723e+00     2.7179      2.095      3.039    19.5957 0.0000e+00
      2.148      0.042     3.8902     42.447     33.119  29.542227     2.8800     4.2524     0.0852     0.8883 3.3203e+00     2.7480      2.106      3.055    19.5957 0.0000e+00
      2.159      0.042     3.8905     42.435     33.113  29.537139     2.8800     4.2448     0.0852     0.8883 3.2987e+00     2.8832      2.118      3.071    19.5958 0.0000e+00
      2.171      0.042     3.8905     42.420     33.118  29.541195     2.8800     4.4202     0.0852     0.8883 3.2138e+00     2.8532      2.129      3.087    19.5958 0.0000e+00
      2.181      0.041     3.8906     42.406     33.130  29.551518     2.8800     4.4431     0.0852     0.8883 3.1660e+00     2.8081      2.139      3.103    19.5958 0.0000e+00
      2.192      0.041     3.8902     42.397     33.143  29.562941     2.8800     4.4241     0.0852     0.8883 3.1550e+00     2.8532      2.149      3.117    19.5958 0.0000e+00
      2.202      0.040     3.8891     42.396     33.151  29.570590     2.8800     4.4164     0.0852     0.8883 3.1591e+00     2.7780      2.159      3.131    19.5958 0.0000e+00
      2.211      0.040     3.8877     42.398     33.149  29.568585     2.8800     4.2448     0.0426     0.8460 3.1135e+00     2.9283      2.169      3.145    19.5957 0.0000e+00
      2.221      0.040     3.8864     42.400     33.140  29.560351     2.8800     4.2600     0.0426     0.8460 3.0792e+00     2.8081      2.179      3.160    19.5956 0.0000e+00
      2.232      0.041     3.8856     42.402     33.135  29.555571     2.8800     4.2524     0.0426     0.8460 3.0572e+00     2.7480      2.189      3.174    19.5954 0.0000e+00
      2.242      0.042     3.8855     42.408     33.128  29.549012     2.8800     4.2410     0.0426     0.8460 3.0130e+00     2.8682      2.199      3.189    19.5952 0.0000e+00
      2.253      0.043     3.8857     42.418     33.113  29.534965     2.8800     4.4279     0.0852     0.9729 2.9412e+00     2.9885      2.209      3.205    19.5949 0.0000e+00
      2.265      0.044     3.8859     42.431     33.098  29.521564     2.8800     4.4164     0.0852     0.9729 2.9182e+00     2.9584      2.220      3.221    19.5945 0.0000e+00
      2.276      0.045     3.8862     42.445     33.090  29.513154     2.8800     4.4393     0.0852     0.9729 2.9081e+00     2.9434      2.232      3.237    19.5941 0.0000e+00
      2.288      0.046     3.8867     42.461     33.084  29.507492     2.8800     4.4393     0.0852     0.9729 2.8069e+00     2.9885      2.243      3.254    19.5936 0.0000e+00
      2.300      0.046     3.8878     42.481     33.084  29.507029     2.8800     4.4813     0.0852     0.8460 2.7718e+00     2.8231      2.255      3.271    19.5930 0.0000e+00
      2.311      0.047     3.8890     42.500     33.090  29.511642     2.8800     4.4775     0.0852     0.8460 2.7448e+00     2.7480      2.267      3.288    19.5923 0.0000e+00
      2.323      0.047     3.8903     42.518     33.095  29.514639     2.8800     4.5042     0.0852     0.8460 2.6992e+00     2.8832      2.278      3.304    19.5915 0.0000e+00
      2.335      0.047     3.8919     42.534     33.094  29.512862     2.8800     4.5194     0.0852     0.8460 2.6800e+00     2.7630      2.290      3.321    19.5906 0.0000e+00
      2.347      0.047     3.8937     42.549     33.092  29.509795     2.8800     4.4355     0.0852     0.8460 2.6201e+00     2.7780      2.302      3.338    19.5896 0.0000e+00
      2.359      0.046     3.8956     42.570     33.096  29.512541     2.8800     4.4164     0.0426     0.8883 2.5688e+00     2.7931      2.314      3.356    19.5884 0.0000e+00
      2.371      0.046     3.8974     42.593     33.108  29.521831     2.8800     4.4241     0.0426     0.8883 2.5086e+00     2.7179      2.326      3.373    19.5869 0.0000e+00
      2.383      0.045     3.8990     42.618     33.116  29.528263     2.8800     4.4012     0.0426     0.8883 2.4978e+00     2.7480      2.337      3.390    19.5852 0.0000e+00
      2.394      0.044     3.9006     42.645     33.119  29.529593     2.8800     4.6110     0.0426     0.8883 2.4826e+00     2.8532      2.348      3.406    19.5834 0.0000e+00
      2.405      0.043     3.9026     42.672     33.125  29.534095     2.8800     4.5881     0.0852     0.7614 2.4140e+00     2.7780      2.359      3.421    19.5817 0.0000e+00
      2.416      0.043     3.9048     42.692     33.135  29.542970     2.8800     4.6148     0.0852     0.7614 2.3534e+00     2.8081      2.369      3.437    19.5801 0.0000e+00
      2.427      0.043     3.9072     42.702     33.145  29.550665     2.8800     4.6224     0.0852     0.7614 2.3999e+00     2.8532      2.380      3.452    19.5784 0.0000e+00
      2.438      0.043     3.9098     42.701     33.146  29.551311     2.8800     4.7598     0.0852     0.7614 2.3812e+00     2.7480      2.390      3.467    19.5769 0.0000e+00
      2.449      0.043     3.9124     42.690     33.140  29.545082     2.8800     4.7636     0.0852     0.9306 2.3063e+00     2.7329      2.401      3.483    19.5757 0.0000e+00
      2.460      0.043     3.9143     42.676     33.132  29.538234     2.8800     4.7788     0.0852     0.9306 2.2883e+00     2.8081      2.412      3.498    19.5746 0.0000e+00
      2.471      0.043     3.9153     42.658     33.126  29.532904     2.8800     4.7788     0.0852     0.9306 2.2241e+00     2.7780      2.423      3.514    19.5735 0.0000e+00
      2.482      0.043     3.9153     42.640     33.116  29.523708     2.8800     4.7064     0.0852     0.9306 2.1943e+00     2.8983      2.434      3.530    19.5725 0.0000e+00
      2.493      0.043     3.9144     42.622     33.099  29.508195     2.8800     4.7140     0.0852     1.0152 2.1411e+00     2.9283      2.444      3.546    19.5718 0.0000e+00
      2.504      0.043     3.9131     42.606     33.083  29.494108     2.8800     4.7064     0.0852     1.0152 2.0810e+00     2.8382      2.455      3.561    19.5713 0.0000e+00
      2.515      0.043     3.9115     42.592     33.074  29.485609     2.8800     4.7140     0.0852     1.0152 2.0833e+00     3.0486      2.466      3.577    19.5711 0.0000e+00
      2.525      0.044     3.9098     42.577     33.068  29.480433     2.8800     4.5232     0.0852     1.0152 2.1061e+00     2.6879      2.476      3.592    19.5711 0.0000e+00
      2.536      0.044     3.9081     42.561     33.069  29.481158     2.8800     4.5538     0.0852     1.0152 2.0865e+00     2.8682      2.487      3.607    19.5710 0.0000e+00
      2.548      0.044     3.9067     42.543     33.076  29.487979     2.8800     4.5500     0.0426     0.9306 2.0209e+00     2.8231      2.498      3.623    19.5709 0.0000e+00
      2.559      0.044     3.9054     42.526     33.084  29.494794     2.8800     4.5385     0.0426     0.9306 1.9899e+00     2.7630      2.509      3.640    19.5708 0.0000e+00
      2.571      0.043     3.9041     42.516     33.094  29.503420     2.8800     4.4126     0.0426     0.9306 1.9736e+00     2.7480      2.521      3.656    19.5707 0.0000e+00
      2.582      0.043     3.9026     42.517     33.104  29.512199     2.8800     4.4355     0.0426     0.9306 1.9274e+00     2.8532      2.532      3.672    19.5707 0.0000e+00
      2.592      0.042     3.9009     42.524     33.108  29.515551     2.8800     4.4317     0.0852     0.9729 1.9240e+00     2.7630      2.542      3.687    19.5708 0.0000e+00
      2.603      0.041     3.8993     42.536     33.115  29.522291     2.8800     4.4431     0.0852     0.9729 1.9049e+00     2.7931      2.552      3.702    19.5709 0.0000e+00
      2.613      0.040     3.8985     42.554     33.129  29.534215     2.8800     4.4279     0.0852     0.9729 1.9036e+00     2.8382      2.562      3.716    19.5710 0.0000e+00
      2.623      0.040     3.8985     42.575     33.134  29.538665     2.8800     4.4279     0.0852     0.9729 1.8868e+00     2.7630      2.572      3.730    19.5709 0.0000e+00
      2.633      0.039     3.8992     42.595     33.133  29.536825     2.8800     4.4279     0.0852     0.9306 1.8462e+00     2.8081      2.581      3.744    19.5708 0.0000e+00
      2.643      0.039     3.9003     42.601     33.137  29.540086     2.8800     4.4050     0.0852     0.9306 1.8227e+00     2.7931      2.591      3.758    19.5705 0.0000e+00
      2.653      0.039     3.9020     42.593     33.148  29.549317     2.8800     4.1113     0.0852     0.9306 1.7917e+00     2.7480      2.601      3.773    19.5700 0.0000e+00
      2.663      0.038     3.9040     42.577     33.159  29.559059     2.8800     4.1380     0.0852     0.9306 1.7528e+00     2.7931      2.611      3.787    19.5695 0.0000e+00
      2.673      0.037     3.9058     42.559     33.165  29.563991     2.8800     4.1456     0.0426     0.9306 1.7410e+00     2.8231      2.621      3.801    19.5688 0.0000e+00
      2.682      0.037     3.9065     42.541     33.163  29.561469     2.8800     4.1456     0.0426     0.9306 1.7014e+00     2.8382      2.630      3.814    19.5679 0.0000e+00
      2.691      0.036     3.9058     42.524     33.155  29.554778     2.8800     4.4241     0.0426     0.9306 1.7151e+00     2.7630      2.639      3.827    19.5670 0.0000e+00
      2.699      0.035     3.9044     42.508     33.150  29.550056     2.8800     4.4393     0.0426     0.9306 1.6841e+00     2.7630      2.647      3.839    19.5664 0.0000e+00
      2.708      0.035     3.9027     42.499     33.147  29.546043     2.8800     4.4050     0.0426     0.9306 1.6684e+00     2.8081      2.656      3.852    19.5660 0.0000e+00
      2.717      0.035     3.9011     42.495     33.142  29.541668     2.8800     4.4355     0.0852     0.8883 1.6389e+00     2.7780      2.665      3.864    19.5658 0.0000e+00
      2.726      0.035     3.8996     42.493     33.141  29.539724     2.8800     4.2944     0.0852     0.8883 1.6251e+00     2.7931      2.673      3.877    19.5654 0.0000e+00
      2.735      0.036     3.8982     42.486     33.138  29.535735     2.8800     4.2791     0.0852     0.8883 1.6461e+00     2.9283      2.682      3.889    19.5648 0.0000e+00
      2.744      0.037     3.8974     42.473     33.136  29.532594     2.8800     4.2600     0.0852     0.8883 1.6404e+00     2.7931      2.691      3.902    19.5640 0.0000e+00
      2.753      0.038     3.8972     42.460     33.134  29.529466     2.8800     4.3173     0.0426     0.9306 1.6027e+00     2.8081      2.700      3.916    19.5629 0.0000e+00
      2.763      0.038     3.8970     42.444     33.122  29.517596     2.8800     4.2753     0.0426     0.9306 1.5706e+00     2.7329      2.710      3.930    19.5617 0.0000e+00
      2.773      0.039     3.8965     42.422     33.107  29.501737     2.8800     4.2600     0.0426     0.9306 1.5618e+00     2.8532      2.719      3.944    19.5601 0.0000e+00
      2.783      0.040     3.8955     42.392     33.095  29.489542     2.8800     4.2867     0.0426     0.9306 1.5375e+00     2.7480      2.729      3.958    19.5582 0.0000e+00
      2.793      0.041     3.8944     42.360     33.093  29.485677     2.8800     4.2410     0.0852     0.8883 1.5358e+00     2.7480      2.739      3.973    19.5560 0.0000e+00
      2.804      0.041     3.8932     42.323     33.099  29.489112     2.8800     3.9472     0.0852     0.8883 1.5146e+00     2.8081      2.750      3.988    19.5535 0.0000e+00
