Data/DataNotYetUploadedToEDI/Raw_CTD/RawDownloads/092622_fcr50_S7809001.cnv
* Sea-Bird SBE19plus  Data File:
* FileName = C:\R\Reservoirs\Data\DataNotYetUploadedToEDI\Raw_CTD\RawDownloads\092622_fcr50_S7809_0001.hex
* Software version 2.8.0.119
* Temperature SN = 7809
* Conductivity SN = 7809
* System UpLoad Time = Sep 26 2022 16:46:18
* <ApplicationData>
* <Seaterm232>
# nquan = 15
# nvalues = 1965                        
# units = specified
# name 0 = depFM: Depth [fresh water, m]
# name 1 = dz/dtM: Descent Rate [m/s]
# name 2 = sbeox0Mg/L: Oxygen, SBE 43 [mg/l]
# name 3 = sbeox0PS: Oxygen, SBE 43 [% saturation]
# name 4 = specc: Specific Conductance [uS/cm]
# name 5 = c0uS/cm: Conductivity [uS/cm]
# name 6 = flECO-AFL: Fluorescence, WET Labs ECO-AFL/FL [mg/m^3]
# name 7 = ph: pH
# name 8 = orp: Oxidation Reduction Potential [mV]
# name 9 = par/sat/log: PAR/Logarithmic, Satlantic
# name 10 = turbWETntu0: Turbidity, WET Labs ECO [NTU]
# name 11 = prdM: Pressure, Strain Gauge [db]
# name 12 = prdE: Pressure, Strain Gauge [psi]
# name 13 = tv290C: Temperature [ITS-90, deg C]
# name 14 = flag:  0.000e+00
# span 0 =     -0.714,      9.551       
# span 1 =     -0.286,      0.167       
# span 2 =     0.0197,     7.2613       
# span 3 =      0.202,     80.806       
# span 4 =      1.933,    574.622       
# span 5 =   1.706728, 426.139192       
# span 6 =    -2.1310,   227.4166       
# span 7 =     -2.370,      8.872       
# span 8 = -1240.7455,   415.2859       
# span 9 = 1.2355e-01, 1.8057e+03       
# span 10 =   -10.3588,   957.2949      
# span 11 =     -0.701,      9.366      
# span 12 =     -1.016,     13.585      
# span 13 =    11.9683,    24.2376      
# span 14 = 0.0000e+00, 0.0000e+00      
# interval = seconds: 0.25
# start_time = Sep 26 2022 08:00:51 [Instrument's time stamp, header]
# bad_flag = -9.990e-29
*END*
[from data line 1543]
      6.804     -0.125     0.0305      0.312    571.013 423.633649     1.7586      8.556   152.8912 1.2375e-01    72.7278      6.672      9.677    12.0885 0.0000e+00
      6.773     -0.126     0.0338      0.323    570.039 422.921047     1.7643      8.551   152.9060 1.2377e-01    72.7407      6.639      9.629    12.0896 0.0000e+00
      6.745     -0.127     0.0349      0.322    567.275 420.880894     1.7739      8.548   152.8627 1.2373e-01    72.7741      6.617      9.597    12.0906 0.0000e+00
      6.715     -0.124     0.0297      0.325    557.407 413.570023     1.7756      8.545   152.8833 1.2372e-01    72.7555      6.588      9.556    12.0913 0.0000e+00
      6.676     -0.118     0.0343      0.336    535.733 397.500301     1.7691      8.541   152.8967 1.2375e-01    72.7203      6.546      9.495    12.0920 0.0000e+00
      6.639     -0.112     0.0353      0.337    507.741 376.742840     1.7780      8.538   152.9389 1.2374e-01    72.6563      6.507      9.437    12.0929 0.0000e+00
      6.612     -0.108     0.0343      0.320    481.772 357.484351     1.8081      8.534   153.0503 1.2374e-01    72.5621      6.482      9.400    12.0939 0.0000e+00
      6.593     -0.104     0.0343      0.316    463.095 343.635086     1.8334      8.530   153.2970 1.2376e-01    72.5385      6.465      9.377    12.0947 0.0000e+00
      6.574     -0.099     0.0362      0.329    452.942 336.110874     1.8428      8.525   153.8570 1.2378e-01    72.5413      6.449      9.354    12.0958 0.0000e+00
      6.549     -0.094     0.0380      0.344    444.325 329.726094     1.8380      8.521   154.5723 1.2381e-01    72.4598      6.426      9.320    12.0971 0.0000e+00
      6.518     -0.093     0.0328      0.344    430.466 319.451147     1.8253      8.517   155.0627 1.2381e-01    72.3729      6.392      9.270    12.0981 0.0000e+00
      6.488     -0.096     0.0335      0.333    413.319 306.734771     1.8231      8.513   155.3122 1.2378e-01    72.3449      6.357      9.220    12.0990 0.0000e+00
      6.469     -0.098     0.0351      0.331    399.864 296.757931     1.8358      8.509   155.2663 1.2377e-01    72.3936      6.342      9.199    12.1002 0.0000e+00
      6.454     -0.097     0.0377      0.325    391.784 290.770476     1.8455      8.505   154.8521 1.2379e-01    72.4836      6.334      9.187    12.1013 0.0000e+00
      6.428     -0.096     0.0381      0.315    384.363 285.271926     1.8407      8.500   154.2618 1.2379e-01    72.5443      6.307      9.148    12.1023 0.0000e+00
      6.395     -0.097     0.0344      0.327    377.979 280.544046     1.8282      8.495   153.8933 1.2373e-01    72.5471      6.268      9.091    12.1034 0.0000e+00
      6.367     -0.100     0.0360      0.346    376.304 279.310158     1.8192      8.490   154.0958 1.2377e-01    72.4501      6.240      9.050    12.1045 0.0000e+00
      6.346     -0.101     0.0358      0.351    377.370 280.109807     1.8234      8.485   154.8182 1.2385e-01    72.3276      6.225      9.029    12.1055 0.0000e+00
      6.323     -0.098     0.0322      0.350    376.618 279.559089     1.8365      8.478   155.6582 1.2381e-01    72.2951      6.204      8.998    12.1068 0.0000e+00
      6.296     -0.096     0.0349      0.352    362.979 269.442667     1.8369      8.470   156.0788 1.2375e-01    72.3311      6.173      8.953    12.1082 0.0000e+00
      6.270     -0.098     0.0385      0.354    325.469 241.606094     1.8112      8.463   155.7738 1.2370e-01    72.3524      6.147      8.916    12.1094 0.0000e+00
      6.248     -0.099     0.0378      0.347    281.400 208.898512     1.7748      8.458   155.0676 1.2365e-01    72.3141      6.128      8.888    12.1105 0.0000e+00
      6.225     -0.098     0.0374      0.327    243.697 180.913376     1.7554      8.453   154.6815 1.2370e-01    72.2781      6.106      8.856    12.1115 0.0000e+00
      6.197     -0.093     0.0376      0.298    190.210 141.205198     1.7598      8.447   154.7188 1.2377e-01    72.2926      6.078      8.815    12.1126 0.0000e+00
      6.168     -0.089     0.0385      0.282    127.015  94.288225     1.7864      8.442   154.7434 1.2377e-01    72.3535      6.046      8.769    12.1139 0.0000e+00
      6.144     -0.084     0.0381      0.296     88.882  65.981010     1.8197      8.438   154.6359 1.2376e-01    72.4328      6.023      8.735    12.1148 0.0000e+00
      6.127     -0.077     0.0355      0.316     76.754  56.982404     1.8291      8.433   154.9670 1.2374e-01    72.4658      6.009      8.715    12.1162 0.0000e+00
      6.112     -0.070     0.0319      0.316     73.004  54.203131     1.8246      8.427   155.6491 1.2370e-01    72.4789      5.996      8.696    12.1154 0.0000e+00
      6.094     -0.067     0.0286      0.317     71.044  52.752861     1.8245      8.424   155.8282 1.2370e-01    72.4892      5.977      8.668    12.1123 0.0000e+00
      6.077     -0.070     0.0314      0.318     70.215  52.141199     1.8279      8.421   155.5832 1.2374e-01    72.4870      5.956      8.638    12.1137 0.0000e+00
      6.064     -0.075     0.0356      0.297     69.867  51.884953     1.8314      8.419   155.3543 1.2377e-01    72.4870      5.947      8.626    12.1173 0.0000e+00
      6.049     -0.079     0.0334      0.284     69.253  51.431576     1.8340      8.416   155.6421 1.2380e-01    72.4893      5.938      8.613    12.1208 0.0000e+00
      6.024     -0.083     0.0334      0.305     68.722  51.038405     1.8350      8.412   156.3957 1.2379e-01    72.4805      5.911      8.573    12.1246 0.0000e+00
      5.994     -0.086     0.0362      0.323     68.501  50.875449     1.8350      8.408   156.8089 1.2377e-01    72.4150      5.874      8.519    12.1270 0.0000e+00
      5.970     -0.085     0.0317      0.324     68.475  50.857433     1.8419      8.404   156.6799 1.2376e-01    72.3459      5.852      8.487    12.1288 0.0000e+00
      5.951     -0.080     0.0277      0.321     68.509  50.884042     1.8431      8.399   156.6429 1.2375e-01    72.3282      5.840      8.469    12.1300 0.0000e+00
      5.930     -0.072     0.0339      0.324     68.502  50.879882     1.8417      8.394   157.0506 1.2374e-01    72.3378      5.815      8.434    12.1310 0.0000e+00
      5.911     -0.066     0.0355      0.336     68.490  50.870595     1.8416      8.389   157.3921 1.2374e-01    72.3941      5.792      8.400    12.1318 0.0000e+00
      5.900     -0.063     0.0345      0.334     68.273  50.708294     1.8333      8.384   157.4166 1.2374e-01    72.4961      5.786      8.393    12.1327 0.0000e+00
      5.889     -0.063     0.0348      0.317     67.914  50.440543     1.8328      8.380   157.3476 1.2376e-01    72.5810      5.779      8.383    12.1341 0.0000e+00
      5.872     -0.063     0.0336      0.316     67.898  50.425468     1.8358      8.375   157.2457 1.2376e-01    72.6350      5.759      8.353    12.1351 0.0000e+00
      5.853     -0.067     0.0373      0.331     68.293  50.716400     1.8360      8.370   157.2177 1.2371e-01    72.6359      5.738      8.322    12.1346 0.0000e+00
      5.836     -0.075     0.0368      0.346     68.729  51.039021     1.8355      8.365   157.5244 1.2373e-01    72.5582      5.723      8.301    12.1340 0.0000e+00
      5.821     -0.081     0.0329      0.353     68.882  51.153229     1.8291      8.359   157.8570 1.2379e-01    72.4807      5.712      8.283    12.1328 0.0000e+00
      5.799     -0.085     0.0330      0.351     68.784  51.081913     1.8253      8.351   157.5403 1.2382e-01    72.4504      5.690      8.253    12.1304 0.0000e+00
      5.772     -0.087     0.0359      0.352     68.927  51.192122     1.8310      8.344   157.0499 1.2378e-01    72.4989      5.659      8.209    12.1282 0.0000e+00
      5.746     -0.090     0.0371      0.350     69.125  51.343420     1.8409      8.338   157.1763 1.2372e-01    72.5897      5.633      8.170    12.1275 0.0000e+00
      5.723     -0.091     0.0388      0.325     68.755  51.070832     1.8364      8.331   157.5201 1.2372e-01    72.5909      5.613      8.141    12.1277 0.0000e+00
      5.702     -0.090     0.0376      0.309     68.409  50.815535     1.8260      8.326   157.3343 1.2371e-01    72.5134      5.592      8.111    12.1285 0.0000e+00
      5.682     -0.086     0.0371      0.310     68.550  50.922051     1.8242      8.322   156.7370 1.2367e-01    72.4737      5.572      8.082    12.1319 0.0000e+00
      5.659     -0.081     0.0399      0.309     68.775  51.089493     1.8387      8.318   156.5795 1.2372e-01    72.5209      5.552      8.052    12.1352 0.0000e+00
      5.634     -0.077     0.0336      0.306     68.827  51.126620     1.8687      8.314   156.9781 1.2379e-01    72.5711      5.524      8.012    12.1368 0.0000e+00
      5.614     -0.074     0.0322      0.309     68.647  50.990182     1.8789      8.310   157.5126 1.2384e-01    72.5338      5.500      7.977    12.1382 0.0000e+00
      5.600     -0.074     0.0339      0.317     68.358  50.772509     1.8704      8.305   157.6213 1.2385e-01    72.4453      5.491      7.964    12.1393 0.0000e+00
      5.587     -0.075     0.0333      0.321     68.113  50.588963     1.8577      8.301   157.1744 1.2384e-01    72.4242      5.482      7.951    12.1404 0.0000e+00
      5.570     -0.079     0.0328      0.323     67.972  50.484365     1.8426      8.296   157.0131 1.2383e-01    72.4840      5.463      7.924    12.1388 0.0000e+00
      5.548     -0.084     0.0327      0.319     67.936  50.459724     1.8374      8.291   157.3056 1.2383e-01    72.5186      5.442      7.893    12.1366 0.0000e+00
      5.522     -0.090     0.0346      0.316     67.878  50.417945     1.8362      8.286   157.6132 1.2378e-01    72.5348      5.416      7.855    12.1346 0.0000e+00
      5.496     -0.095     0.0343      0.326     67.718  50.296520     1.8196      8.280   157.8076 1.2368e-01    72.6119      5.388      7.813    12.1317 0.0000e+00
      5.471     -0.097     0.0350      0.343     67.588  50.197299     1.7870      8.274   157.8494 1.2369e-01    72.6998      5.365      7.781    12.1320 0.0000e+00
      5.447     -0.096     0.0346      0.373     67.554  50.170154     1.7742      8.268   157.6882 1.2379e-01    72.7429      5.343      7.749    12.1350 0.0000e+00
      5.422     -0.093     0.0326      0.378     67.540  50.158682     1.7821      8.262   157.4941 1.2380e-01    72.7917      5.318      7.713    12.1363 0.0000e+00
      5.397     -0.086     0.0359      0.349     67.408  50.058597     1.7818      8.257   157.8247 1.2373e-01    72.7780      5.292      7.676    12.1344 0.0000e+00
      5.374     -0.077     0.0352      0.349     67.043  49.784990     1.7792      8.253   158.5023 1.2373e-01    72.6453      5.268      7.641    12.1313 0.0000e+00
      5.353     -0.068     0.0407      0.359     66.773  49.579186     1.7754      8.249   158.7170 1.2374e-01    72.5194      5.249      7.613    12.1302 0.0000e+00
      5.336     -0.062     0.0442      0.338     66.980  49.727769     1.7693      8.246   158.6141 1.2375e-01    72.4858      5.229      7.584    12.1297 0.0000e+00
      5.326     -0.062     0.0340      0.319     67.427  50.058519     1.7719      8.241   158.8928 1.2380e-01    72.5802      5.220      7.572    12.1285 0.0000e+00
      5.321     -0.064     0.0374      0.324     67.632  50.215013     1.7812      8.237   159.4203 1.2382e-01    72.7383      5.222      7.575    12.1270 0.0000e+00
      5.308     -0.068     0.0411      0.331     67.551  50.160395     1.7823      8.233   159.5703 1.2381e-01    72.7922      5.210      7.557    12.1225 0.0000e+00
      5.283     -0.074     0.0356      0.332     67.376  50.032732     1.7770      8.228   159.4171 1.2380e-01    72.7202      5.181      7.514    12.1173 0.0000e+00
      5.256     -0.081     0.0329      0.323     67.167  49.877157     1.7763      8.222   159.2889 1.2373e-01    72.5505      5.151      7.472    12.1159 0.0000e+00
      5.234     -0.087     0.0349      0.295     67.239  49.929257     1.7728      8.216   159.3960 1.2369e-01    72.3798      5.132      7.443    12.1205 0.0000e+00
      5.213     -0.090     0.0359      0.275     67.544  50.154991     1.7683      8.211   159.8522 1.2371e-01    72.3298      5.113      7.415    12.1259 0.0000e+00
      5.193     -0.091     0.0356      0.282     67.596  50.195087     1.7720      8.205   160.2443 1.2374e-01    72.2877      5.092      7.386    12.1275 0.0000e+00
      5.173     -0.095     0.0360      0.289     67.459  50.096776     1.7765      8.200   160.2645 1.2373e-01    72.2130      5.075      7.361    12.1273 0.0000e+00
      5.148     -0.100     0.0315      0.281     67.382  50.045116     1.7724      8.196   160.1829 1.2369e-01    72.1779      5.050      7.324    12.1252 0.0000e+00
      5.120     -0.102     0.0277      0.286     67.417  50.078148     1.7633      8.191   160.2043 1.2371e-01    72.2047      5.021      7.281    12.1238 0.0000e+00
      5.090     -0.100     0.0304      0.315     67.632  50.242339     1.7672      8.187   160.2657 1.2378e-01    72.2977      4.993      7.241    12.1255 0.0000e+00
      5.060     -0.096     0.0323      0.343     67.899  50.443864     1.7769      8.183   160.3224 1.2382e-01    72.3460      4.961      7.195    12.1276 0.0000e+00
      5.035     -0.088     0.0295      0.353     67.782  50.357177     1.7890      8.178   160.3737 1.2382e-01    72.3101      4.934      7.155    12.1317 0.0000e+00
      5.016     -0.079     0.0291      0.346     67.416  50.082628     1.8062      8.174   160.3700 1.2385e-01    72.2738      4.919      7.135    12.1381 0.0000e+00
      5.000     -0.074     0.0342      0.338     67.456  50.106876     1.8093      8.169   160.2778 1.2385e-01    72.2485      4.904      7.113    12.1419 0.0000e+00
      4.984     -0.073     0.0376      0.343     67.768  50.333055     1.8101      8.165   160.2911 1.2383e-01    72.2435      4.885      7.085    12.1440 0.0000e+00
      4.969     -0.077     0.0388      0.352     67.787  50.342455     1.8071      8.160   160.5310 1.2429e-01    72.2138      4.874      7.068    12.1448 0.0000e+00
      4.953     -0.084     0.0373      0.355     67.625  50.220531     1.7903      8.155   160.6828 1.2938e-01    72.0941      4.862      7.051    12.1426 0.0000e+00
      4.928     -0.093     0.0354      0.347     67.668  50.254982     1.7734      8.149   160.5777 1.3922e-01    71.9917      4.834      7.012    12.1377 0.0000e+00
      4.900     -0.099     0.0370      0.342     67.913  50.441710     1.7612      8.144   160.5516 1.5107e-01    71.9666      4.804      6.968    12.1326 0.0000e+00
      4.872     -0.104     0.0379      0.350     68.085  50.574472     1.7761      8.139   160.7111 1.7663e-01    71.9956      4.778      6.930    12.1294 0.0000e+00
      4.842     -0.106     0.0388      0.345     68.018  50.527559     1.8121      8.133   160.7859 2.1150e-01    72.0350      4.748      6.887    12.1278 0.0000e+00
      4.814     -0.106     0.0373      0.334     67.818  50.382177     1.8291      8.126   160.8529 2.3300e-01    72.0335      4.719      6.845    12.1300 0.0000e+00
      4.790     -0.105     0.0352      0.333     67.667  50.276241     1.8325      8.121   161.0059 2.5483e-01    72.0452      4.696      6.811    12.1346 0.0000e+00
      4.766     -0.103     0.0393      0.331     67.634  50.262042     1.8283      8.116   161.0869 3.0094e-01    72.0740      4.676      6.781    12.1391 0.0000e+00
      4.740     -0.101     0.0371      0.327     67.636  50.273979     1.8284      8.110   161.1436 3.5286e-01    72.0743      4.649      6.742    12.1407 0.0000e+00
      4.711     -0.100     0.0350      0.328     67.569  50.230202     1.8421      8.104   161.1748 4.0072e-01    72.0833      4.617      6.698    12.1413 0.0000e+00
      4.685     -0.100     0.0363      0.328     67.497  50.176952     1.8440      8.099   161.1198 4.5172e-01    72.1140      4.591      6.661    12.1455 0.0000e+00
