Data/DataNotYetUploadedToEDI/Raw_CTD/RawDownloads/092622_fcr50_S7809001.cnv
* Sea-Bird SBE19plus  Data File:
* FileName = C:\R\Reservoirs\Data\DataNotYetUploadedToEDI\Raw_CTD\RawDownloads\092622_fcr50_S7809_0001.hex
* Software version 2.8.0.119
* Temperature SN = 7809
* Conductivity SN = 7809
* System UpLoad Time = Sep 26 2022 16:46:18
* <ApplicationData>
* <Seaterm232>
# nquan = 15
# nvalues = 1965                        
# units = specified
# name 0 = depFM: Depth [fresh water, m]
# name 1 = dz/dtM: Descent Rate [m/s]
# name 2 = sbeox0Mg/L: Oxygen, SBE 43 [mg/l]
# name 3 = sbeox0PS: Oxygen, SBE 43 [% saturation]
# name 4 = specc: Specific Conductance [uS/cm]
# name 5 = c0uS/cm: Conductivity [uS/cm]
# name 6 = flECO-AFL: Fluorescence, WET Labs ECO-AFL/FL [mg/m^3]
# name 7 = ph: pH
# name 8 = orp: Oxidation Reduction Potential [mV]
# name 9 = par/sat/log: PAR/Logarithmic, Satlantic
# name 10 = turbWETntu0: Turbidity, WET Labs ECO [NTU]
# name 11 = prdM: Pressure, Strain Gauge [db]
# name 12 = prdE: Pressure, Strain Gauge [psi]
# name 13 = tv290C: Temperature [ITS-90, deg C]
# name 14 = flag:  0.000e+00
# span 0 =     -0.714,      9.551       
# span 1 =     -0.286,      0.167       
# span 2 =     0.0197,     7.2613       
# span 3 =      0.202,     80.806       
# span 4 =      1.933,    574.622       
# span 5 =   1.706728, 426.139192       
# span 6 =    -2.1310,   227.4166       
# span 7 =     -2.370,      8.872       
# span 8 = -1240.7455,   415.2859       
# span 9 = 1.2355e-01, 1.8057e+03       
# span 10 =   -10.3588,   957.2949      
# span 11 =     -0.701,      9.366      
# span 12 =     -1.016,     13.585      
# span 13 =    11.9683,    24.2376      
# span 14 = 0.0000e+00, 0.0000e+00      
# interval = seconds: 0.25
# start_time = Sep 26 2022 08:00:51 [Instrument's time stamp, header]
# bad_flag = -9.990e-29
*END*
[from data line 193]
     -0.277      0.022     4.6387     53.890     39.835  36.266696     2.7594      7.566   207.4961 1.0549e+02     2.3934     -0.271     -0.393    20.5052 0.0000e+00
     -0.273      0.029     4.6997     54.141     39.829  36.252305     2.7633      7.569   207.3502 1.0531e+02     2.4084     -0.269     -0.390    20.5245 0.0000e+00
     -0.267      0.036     4.7573     54.244     39.887  36.292490     2.7655      7.569   207.8847 1.0550e+02     2.3863     -0.264     -0.381    20.5345 0.0000e+00
     -0.258      0.041     4.8135     54.280     39.916  36.308662     2.7859      7.567   208.7958 1.0613e+02     2.3653     -0.253     -0.366    20.5260 0.0000e+00
     -0.245      0.043     4.8566     54.375     39.854  36.257577     2.8101      7.564   209.4179 1.0669e+02     2.4277     -0.243     -0.352    20.5136 0.0000e+00
     -0.227      0.041     4.8771     54.623     39.830  36.245559     2.8249      7.564   209.5564 1.0666e+02     2.5256     -0.222     -0.322    20.5088 0.0000e+00
     -0.210      0.037     4.8862     54.986     39.879  36.290190     2.8408      7.564   209.6955 1.0658e+02     2.5927     -0.201     -0.292    20.4917 0.0000e+00
     -0.203      0.030     4.8880     55.366     39.878  36.289901     2.8522      7.565   209.8948 1.0698e+02     2.5561     -0.197     -0.287    20.4636 0.0000e+00
     -0.201      0.023     4.8898     55.686     39.810  36.242071     2.8466      7.569   209.8159 1.0720e+02     2.4581     -0.198     -0.286    20.4805 0.0000e+00
     -0.200      0.019     4.9126     55.894     39.770  36.219209     2.8301      7.574   209.8598 1.0730e+02     2.3993     -0.196     -0.284    20.5049 0.0000e+00
     -0.197      0.022     4.9499     55.986     39.825  36.267141     2.8276      7.577   210.2533 1.0732e+02     2.3914     -0.192     -0.280    20.4950 0.0000e+00
     -0.193      0.030     4.9871     55.995     39.883  36.314311     2.8251      7.577   210.6159 1.0732e+02     2.3964     -0.190     -0.276    20.4859 0.0000e+00
     -0.188      0.038     5.0151     55.972     39.839  36.282212     2.7991      7.577   211.2334 1.0758e+02     2.3914     -0.189     -0.274    20.5154 0.0000e+00
     -0.174      0.043     5.0308     55.968     39.800  36.259522     2.7797      7.578   211.7824 1.0795e+02     2.3659     -0.175     -0.253    20.5440 0.0000e+00
     -0.153      0.047     5.0392     56.012     39.836  36.293648     2.7825      7.579   212.2630 1.0843e+02     2.3262     -0.148     -0.214    20.5309 0.0000e+00
     -0.138      0.048     5.0404     56.061     39.869  36.314351     2.8169      7.578   213.0003 1.0625e+02     2.3553     -0.132     -0.191    20.5110 0.0000e+00
     -0.129      0.048     5.0347     56.034     39.816  36.256173     2.8705      7.577   212.7814 9.8662e+01     2.3769     -0.126     -0.184    20.5289 0.0000e+00
     -0.122      0.045     5.0304     55.895     39.721  36.160924     2.8893      7.580   211.5951 9.1317e+01     2.3142     -0.120     -0.175    20.5561 0.0000e+00
     -0.111      0.044     5.0360     55.689     39.753  36.177289     2.8783      7.584   211.1327 8.9671e+01     2.2804     -0.110     -0.160    20.5525 0.0000e+00
     -0.098      0.049     5.0458     55.508     39.866  36.263784     2.8622      7.584   211.6649 9.1785e+01     2.3782     -0.094     -0.136    20.5375 0.0000e+00
     -0.088      0.054     5.0457     55.452     39.857  36.255520     2.8441      7.580   212.2653 9.2635e+01     2.5736     -0.085     -0.124    20.5231 0.0000e+00
     -0.076      0.056     5.0324     55.561     39.778  36.204192     2.8424      7.576   212.7130 8.8092e+01     2.6963     -0.079     -0.114    20.5153 0.0000e+00
     -0.056      0.054     5.0118     55.796     39.776  36.213932     2.8500      7.575   213.0341 8.3585e+01     2.6660     -0.056     -0.082    20.5049 0.0000e+00
     -0.035      0.049     4.9956     56.093     39.819  36.246477     2.8445      7.578   212.7925 8.5941e+01     2.5840     -0.031     -0.044    20.4665 0.0000e+00
     -0.020      0.043     4.9891     56.365     39.799  36.217193     2.8345      7.583   212.2012 9.1379e+01     2.5582     -0.017     -0.024    20.4623 0.0000e+00
     -0.013      0.036     4.9965     56.514     39.759  36.176910     2.8362      7.588   212.0795 9.5433e+01     2.5931     -0.011     -0.017    20.5113 0.0000e+00
     -0.010      0.030     5.0174     56.511     39.794  36.203306     2.8409      7.592   212.6973 9.9613e+01     2.6302     -0.010     -0.015    20.5307 0.0000e+00
     -0.008      0.027     5.0487     56.341     39.819  36.219272     2.8324      7.593   213.7349 1.1488e+02     2.6313     -0.008     -0.011    20.5087 0.0000e+00
     -0.003      0.027     5.0797     55.995     39.777  36.179708     2.8264      7.591   214.6449 2.7240e+02     2.5726     -0.005     -0.006    20.4902 0.0000e+00
      0.006      0.027     5.0925     55.538     39.760  36.168833     2.8262      7.590   215.0090 5.1241e+02     2.4663      0.003      0.005    20.4922 0.0000e+00
      0.018      0.027     5.0929     55.060     39.810  36.214610     2.8217      7.591   215.0396 5.0186e+02     2.4050      0.018      0.026    20.4879 0.0000e+00
      0.028      0.026     5.0811     54.601     39.832  36.225897     2.8298      7.594   215.1866 3.8068e+02     2.3786      0.030      0.043    20.4701 0.0000e+00
      0.034      0.023     5.0474     54.169     39.788  36.178467     2.8502      7.598   215.0668 3.7580e+02     2.3511      0.033      0.048    20.4670 0.0000e+00
      0.036      0.020     5.0005     53.758     39.758  36.148425     2.8687      7.603   214.6238 3.5191e+02     2.3805      0.035      0.050    20.4844 0.0000e+00
      0.038      0.020     4.9575     53.372     39.794  36.179716     2.8857      7.608   214.8197 3.7090e+02     2.4262      0.037      0.054    20.4850 0.0000e+00
      0.041      0.025     4.9169     53.008     39.864  36.239745     2.8983      7.611   215.5426 4.7499e+02     2.4260      0.040      0.059    20.4659 0.0000e+00
      0.044      0.032     4.8799     52.651     39.868  36.240095     2.9129      7.610   216.0506 6.5974e+02     2.3775      0.042      0.061    20.4568 0.0000e+00
      0.052      0.038     4.8426     52.309     39.803  36.183945     2.9289      7.609   216.5741 8.4442e+02     2.3187      0.046      0.068    20.4545 0.0000e+00
      0.067      0.040     4.8075     52.021     39.808  36.194975     2.9335      7.609   217.2266 7.8751e+02     2.3295      0.063      0.092    20.4538 0.0000e+00
      0.087      0.038     4.7766     51.837     39.866  36.246630     2.9441      7.609   217.8315 5.7474e+02     2.4061      0.089      0.128    20.4505 0.0000e+00
      0.100      0.033     4.7442     51.754     39.860  36.237793     2.9904      7.608   218.3815 4.0309e+02     2.4594      0.102      0.148    20.4403 0.0000e+00
      0.105      0.025     4.7128     51.757     39.829  36.214943     3.0513      7.607   218.7998 3.7722e+02     2.4266      0.103      0.150    20.4455 0.0000e+00
      0.106      0.015     4.6813     51.801     39.828  36.224008     3.0726      7.607   218.7587 4.3886e+02     2.3512      0.104      0.151    20.4653 0.0000e+00
      0.106      0.008     4.6673     51.800     39.813  36.220591     3.0654      7.612   218.4875 4.8516e+02     2.3341      0.104      0.151    20.4582 0.0000e+00
      0.106      0.006     4.6611     51.725     39.752  36.173645     3.0634      7.618   218.3603 4.9408e+02     2.3557      0.104      0.151    20.4439 0.0000e+00
      0.107      0.010     4.6603     51.580     39.665  36.100288     3.0914      7.622   218.4248 3.9839e+02     2.3401      0.105      0.152    20.4576 0.0000e+00
      0.107      0.017     4.6685     51.385     39.658  36.094589     3.1535      7.623   219.0090 3.1869e+02     2.3154      0.105      0.152    20.4712 0.0000e+00
      0.110      0.026     4.6665     51.225     39.743  36.168150     3.1904      7.622   219.6594 4.3836e+02     2.3303      0.107      0.155    20.4829 0.0000e+00
      0.118      0.032     4.6581     51.160     39.742  36.165344     3.1965      7.619   220.0939 6.5779e+02     2.3490      0.114      0.165    20.4978 0.0000e+00
      0.130      0.034     4.6457     51.221     39.688  36.124073     3.2273      7.618   220.5634 6.5311e+02     2.3713      0.126      0.181    20.5020 0.0000e+00
      0.146      0.034     4.6231     51.561     39.743  36.176454     3.2704      7.618   220.8611 4.2394e+02     2.3952      0.145      0.211    20.5063 0.0000e+00
      0.160      0.030     4.6074     52.342     39.808  36.227977     3.2851      7.619   220.7680 2.8939e+02     2.3641      0.161      0.233    20.4975 0.0000e+00
      0.165      0.024     4.6046     53.524     39.753  36.176305     3.2806      7.622   220.3837 2.6379e+02     2.3375      0.162      0.235    20.4863 0.0000e+00
      0.165      0.018     4.6011     54.928     39.688  36.122405     3.2741      7.627   220.1737 2.2904e+02     2.3814      0.161      0.234    20.5105 0.0000e+00
      0.166      0.015     4.6235     56.376     39.717  36.146990     3.2649      7.631   220.6376 2.0044e+02     2.4504      0.162      0.236    20.5187 0.0000e+00
      0.167      0.017     4.6987     57.657     39.737  36.156504     3.2527      7.631   221.3470 1.8226e+02     2.4544      0.164      0.237    20.4898 0.0000e+00
      0.170      0.022     4.8128     58.542     39.695  36.110591     3.2427      7.632   221.5228 1.7834e+02     2.3619      0.166      0.240    20.4902 0.0000e+00
      0.177      0.028     4.9416     58.908     39.683  36.099148     3.2780      7.633   221.7306 1.8137e+02     2.2884      0.171      0.249    20.5100 0.0000e+00
      0.187      0.033     5.0785     58.766     39.731  36.144976     3.3630      7.634   222.3975 1.7528e+02     2.3172      0.184      0.267    20.5053 0.0000e+00
      0.199      0.037     5.2052     58.227     39.747  36.157399     3.4212      7.632   222.9609 1.7038e+02     2.3682      0.196      0.285    20.4874 0.0000e+00
      0.209      0.038     5.2893     57.444     39.712  36.122528     3.4318      7.631   223.2942 1.6510e+02     2.3577      0.205      0.297    20.4752 0.0000e+00
      0.219      0.035     5.3215     56.539     39.692  36.103816     3.4744      7.631   223.4166 1.6473e+02     2.3267      0.214      0.310    20.4780 0.0000e+00
      0.229      0.029     5.3043     55.626     39.710  36.121392     3.5786      7.632   223.3225 1.8043e+02     2.3361      0.227      0.328    20.4846 0.0000e+00
      0.237      0.024     5.2503     54.810     39.737  36.144806     3.6514      7.633   223.5324 1.8317e+02     2.3686      0.235      0.340    20.4805 0.0000e+00
      0.242      0.019     5.1773     54.130     39.727  36.133263     3.6635      7.635   224.1478 1.6010e+02     2.3783      0.238      0.345    20.4736 0.0000e+00
      0.244      0.015     5.0924     53.563     39.702  36.108644     3.6674      7.638   224.4830 1.4139e+02     2.3503      0.240      0.348    20.4747 0.0000e+00
      0.245      0.014     5.0057     53.063     39.694  36.100786     3.7571      7.641   224.4878 1.4111e+02     2.3376      0.240      0.349    20.4785 0.0000e+00
      0.248      0.014     4.9311     52.609     39.694  36.101659     3.9401      7.643   224.5496 1.4317e+02     2.3951      0.242      0.351    20.4761 0.0000e+00
      0.252      0.016     4.8718     52.189     39.713  36.119203     4.0496      7.644   224.8854 1.3256e+02     2.4661      0.247      0.357    20.4710 0.0000e+00
      0.257      0.020     4.8224     51.767     39.716  36.122681     4.0819      7.645   225.6227 1.1898e+02     2.4779      0.252      0.365    20.4683 0.0000e+00
      0.262      0.024     4.7784     51.338     39.667  36.080291     4.2891      7.647   226.4091 1.1504e+02     2.4691      0.257      0.372    20.4685 0.0000e+00
      0.269      0.028     4.7368     50.946     39.631  36.050557     4.6575      7.648   226.8224 1.1310e+02     2.4962      0.263      0.382    20.4701 0.0000e+00
      0.276      0.031     4.7008     50.610     39.661  36.080235     4.8651      7.648   226.9203 1.0871e+02     2.5673      0.270      0.392    20.4712 0.0000e+00
      0.285      0.035     4.6636     50.354     39.710  36.122066     4.9018      7.649   226.9048 1.0484e+02     2.6458      0.278      0.403    20.4710 0.0000e+00
      0.295      0.037     4.6217     50.165     39.705  36.112449     4.9349      7.649   226.9788 1.0086e+02     2.6929      0.289      0.420    20.4720 0.0000e+00
      0.305      0.038     4.5869     50.000     39.685  36.090769     4.9823      7.649   227.5572 9.7738e+01     2.6583      0.298      0.432    20.4770 0.0000e+00
      0.316      0.037     4.5546     49.902     39.713  36.113587     5.0082      7.648   228.2195 9.4786e+01     2.6038      0.309      0.447    20.4833 0.0000e+00
      0.326      0.035     4.5309     49.912     39.746  36.134686     5.0162      7.648   228.4471 9.0953e+01     2.6486      0.321      0.465    20.4813 0.0000e+00
      0.335      0.032     4.5195     49.968     39.710  36.092213     5.0534      7.648   228.5884 8.8108e+01     2.6874      0.329      0.477    20.4695 0.0000e+00
      0.343      0.028     4.5016     49.990     39.660  36.043927     5.1084      7.649   228.2937 8.6879e+01     2.6637      0.337      0.488    20.4662 0.0000e+00
      0.349      0.024     4.4899     49.931     39.675  36.058148     5.1314      7.653   227.4651 8.4837e+01     2.6355      0.344      0.499    20.4669 0.0000e+00
      0.354      0.022     4.4962     49.788     39.691  36.073924     5.1235      7.658   227.1731 8.0962e+01     2.5859      0.348      0.505    20.4522 0.0000e+00
      0.358      0.022     4.5047     49.588     39.657  36.044444     5.1049      7.660   227.8608 7.8242e+01     2.5422      0.351      0.508    20.4362 0.0000e+00
      0.360      0.024     4.5085     49.331     39.627  36.018763     5.0814      7.660   228.6385 7.7783e+01     2.5164      0.353      0.511    20.4351 0.0000e+00
      0.365      0.028     4.5034     49.007     39.624  36.017074     5.0635      7.659   228.9185 7.7939e+01     2.5137      0.356      0.516    20.4370 0.0000e+00
      0.374      0.032     4.4884     48.654     39.631  36.024015     5.0555      7.658   228.9239 7.8449e+01     2.5427      0.364      0.528    20.4373 0.0000e+00
      0.386      0.034     4.4703     48.330     39.648  36.039270     5.0589      7.658   228.4456 7.9392e+01     2.5599      0.379      0.550    20.4418 0.0000e+00
      0.398      0.036     4.4486     48.076     39.620  36.011291     5.0969      7.661   227.7811 7.9867e+01     2.5851      0.392      0.568    20.4424 0.0000e+00
      0.407      0.038     4.4171     47.914     39.617  36.002780     5.1649      7.664   227.7730 7.9507e+01     2.6084      0.399      0.578    20.4432 0.0000e+00
      0.414      0.040     4.3835     47.854     39.697  36.063181     5.1988      7.664   228.2625 7.9962e+01     2.5676      0.406      0.589    20.4457 0.0000e+00
      0.419      0.042     4.3527     47.914     39.683  36.044044     5.1985      7.664   228.7940 8.2594e+01     2.5364      0.411      0.596    20.4441 0.0000e+00
      0.429      0.044     4.3297     48.128     39.588  35.961615     5.2287      7.663   228.9517 8.5739e+01     2.6411      0.415      0.604    20.4415 0.0000e+00
      0.445      0.044     4.3154     48.615     39.576  35.954315     5.2804      7.664   228.5342 8.6657e+01     2.8090      0.436      0.633    20.4370 0.0000e+00
      0.464      0.044     4.3105     49.475     39.655  36.019198     5.3078      7.667   228.4775 8.6369e+01     2.8581      0.459      0.664    20.4167 0.0000e+00
      0.476      0.045     4.3181     50.627     39.696  36.048574     5.3103      7.668   228.7829 8.7218e+01     2.8247      0.468      0.678    20.3995 0.0000e+00
      0.482      0.045     4.3307     51.857     39.641  35.992431     5.2934      7.668   228.8713 8.8585e+01     2.7810      0.472      0.686    20.4174 0.0000e+00
