Data/DataNotYetUploadedToEDI/Raw_CTD/RawDownloads/092622_fcr50_S7809001.cnv
* Sea-Bird SBE19plus  Data File:
* FileName = C:\R\Reservoirs\Data\DataNotYetUploadedToEDI\Raw_CTD\RawDownloads\092622_fcr50_S7809_0001.hex
* Software version 2.8.0.119
* Temperature SN = 7809
* Conductivity SN = 7809
* System UpLoad Time = Sep 26 2022 16:46:18
* <ApplicationData>
* <Seaterm232>
# nquan = 15
# nvalues = 1965                        
# units = specified
# name 0 = depFM: Depth [fresh water, m]
# name 1 = dz/dtM: Descent Rate [m/s]
# name 2 = sbeox0Mg/L: Oxygen, SBE 43 [mg/l]
# name 3 = sbeox0PS: Oxygen, SBE 43 [% saturation]
# name 4 = specc: Specific Conductance [uS/cm]
# name 5 = c0uS/cm: Conductivity [uS/cm]
# name 6 = flECO-AFL: Fluorescence, WET Labs ECO-AFL/FL [mg/m^3]
# name 7 = ph: pH
# name 8 = orp: Oxidation Reduction Potential [mV]
# name 9 = par/sat/log: PAR/Logarithmic, Satlantic
# name 10 = turbWETntu0: Turbidity, WET Labs ECO [NTU]
# name 11 = prdM: Pressure, Strain Gauge [db]
# name 12 = prdE: Pressure, Strain Gauge [psi]
# name 13 = tv290C: Temperature [ITS-90, deg C]
# name 14 = flag:  0.000e+00
# span 0 =     -0.714,      9.551       
# span 1 =     -0.286,      0.167       
# span 2 =     0.0197,     7.2613       
# span 3 =      0.202,     80.806       
# span 4 =      1.933,    574.622       
# span 5 =   1.706728, 426.139192       
# span 6 =    -2.1310,   227.4166       
# span 7 =     -2.370,      8.872       
# span 8 = -1240.7455,   415.2859       
# span 9 = 1.2355e-01, 1.8057e+03       
# span 10 =   -10.3588,   957.2949      
# span 11 =     -0.701,      9.366      
# span 12 =     -1.016,     13.585      
# span 13 =    11.9683,    24.2376      
# span 14 = 0.0000e+00, 0.0000e+00      
# interval = seconds: 0.25
# start_time = Sep 26 2022 08:00:51 [Instrument's time stamp, header]
# bad_flag = -9.990e-29
*END*
[from data line 964]
      5.707      0.030     0.1036      0.945     65.617  48.737442     2.0275      6.853   160.5284 1.2375e-01    70.2280      5.596      8.117    12.1432 0.0000e+00
      5.713      0.027     0.1039      0.941     65.607  48.731882     2.0294      6.852   160.8685 1.2373e-01    70.2007      5.600      8.123    12.1307 0.0000e+00
      5.721      0.026     0.0959      0.937     65.619  48.738753     2.0073      6.851   161.0050 1.2366e-01    70.1944      5.612      8.140    12.1271 0.0000e+00
      5.727      0.027     0.1008      0.923     65.650  48.757061     1.9689      6.851   160.8894 1.2363e-01    70.2881      5.618      8.149    12.1318 0.0000e+00
      5.730      0.028     0.1029      0.899     65.666  48.762877     1.9483      6.850   160.9322 1.2362e-01    70.3775      5.616      8.146    12.1363 0.0000e+00
      5.738      0.029     0.1001      0.888     65.646  48.745616     1.9488      6.848   161.4369 1.2366e-01    70.4207      5.625      8.158    12.1366 0.0000e+00
      5.748      0.029     0.1014      0.890     65.638  48.738713     1.9587      6.847   161.8298 1.2371e-01    70.4346      5.639      8.178    12.1363 0.0000e+00
      5.757      0.030     0.0999      0.888     65.647  48.742866     1.9592      6.847   161.8098 1.2368e-01    70.3752      5.647      8.189    12.1319 0.0000e+00
      5.765      0.030     0.0957      0.886     65.637  48.732369     1.9555      6.846   161.6255 1.2365e-01    70.3522      5.654      8.201    12.1259 0.0000e+00
      5.772      0.028     0.0948      0.911     65.647  48.738703     1.9550      6.846   161.5806 1.2368e-01    70.3957      5.660      8.210    12.1240 0.0000e+00
      5.778      0.026     0.0958      0.937     65.668  48.755998     1.9535      6.846   161.8695 1.2374e-01    70.4568      5.665      8.216    12.1243 0.0000e+00
      5.785      0.025     0.0960      0.919     65.659  48.751122     1.9541      6.846   162.1927 1.2375e-01    70.5438      5.672      8.227    12.1223 0.0000e+00
      5.791      0.026     0.0932      0.891     65.648  48.743200     1.9457      6.846   162.3051 1.2375e-01    70.5942      5.681      8.240    12.1192 0.0000e+00
      5.796      0.028     0.0971      0.878     65.623  48.723663     1.9348      6.845   162.1099 1.2375e-01    70.5879      5.685      8.246    12.1179 0.0000e+00
      5.801      0.029     0.1044      0.863     65.599  48.705258     1.9388      6.844   161.8117 1.2374e-01    70.5709      5.687      8.249    12.1200 0.0000e+00
      5.810      0.029     0.0985      0.854     65.607  48.711026     1.9368      6.844   161.7970 1.2372e-01    70.6605      5.697      8.263    12.1223 0.0000e+00
      5.820      0.029     0.0944      0.862     65.633  48.729956     1.9105      6.844   162.0190 1.2372e-01    70.8177      5.710      8.281    12.1219 0.0000e+00
      5.829      0.029     0.0953      0.870     65.653  48.743771     1.8865      6.843   162.2590 1.2378e-01    70.8660      5.717      8.292    12.1211 0.0000e+00
      5.836      0.029     0.0925      0.880     65.664  48.751164     1.8797      6.842   162.1171 1.2382e-01    70.8694      5.722      8.299    12.1204 0.0000e+00
      5.842      0.029     0.0904      0.891     65.668  48.755888     1.8868      6.841   161.6805 1.2378e-01    70.9950      5.730      8.310    12.1207 0.0000e+00
      5.848      0.030     0.0934      0.876     65.636  48.737423     1.9061      6.840   161.5400 1.2373e-01    71.1894      5.737      8.319    12.1204 0.0000e+00
      5.854      0.031     0.0935      0.858     65.609  48.718283     1.9208      6.839   161.7946 1.2370e-01    71.3063      5.740      8.324    12.1197 0.0000e+00
      5.863      0.031     0.0934      0.864     65.609  48.714827     1.9143      6.839   162.0909 1.2371e-01    71.3493      5.749      8.337    12.1179 0.0000e+00
      5.875      0.032     0.0978      0.869     65.589  48.695637     1.8938      6.838   162.0255 1.2376e-01    71.4026      5.764      8.360    12.1181 0.0000e+00
      5.884      0.033     0.0944      0.850     65.569  48.676604     1.8827      6.837   161.7775 1.2377e-01    71.5066      5.773      8.372    12.1253 0.0000e+00
      5.889      0.033     0.0903      0.825     65.572  48.675067     1.8885      6.837   161.6746 1.2372e-01    71.5815      5.774      8.375    12.1271 0.0000e+00
      5.896      0.033     0.0931      0.810     65.580  48.677042     1.8971      6.837   161.7284 1.2367e-01    71.5906      5.782      8.387    12.1209 0.0000e+00
      5.905      0.032     0.0951      0.806     65.615  48.700485     1.8948      6.836   161.9977 1.2364e-01    71.5830      5.792      8.400    12.1181 0.0000e+00
      5.915      0.031     0.0911      0.800     65.623  48.704693     1.8859      6.836   162.2627 1.2362e-01    71.5575      5.800      8.412    12.1162 0.0000e+00
      5.925      0.032     0.0884      0.799     65.570  48.664464     1.8805      6.836   162.3518 1.2366e-01    71.5220      5.811      8.429    12.1124 0.0000e+00
      5.933      0.033     0.0861      0.804     65.562  48.658262     1.8878      6.835   162.3862 1.2374e-01    71.5292      5.819      8.441    12.1094 0.0000e+00
      5.938      0.033     0.0876      0.806     65.610  48.693160     1.8908      6.834   162.3350 1.2374e-01    71.6106      5.821      8.443    12.1075 0.0000e+00
      5.945      0.032     0.0857      0.806     65.626  48.705680     1.8673      6.833   162.5072 1.2369e-01    71.7201      5.827      8.451    12.1062 0.0000e+00
      5.956      0.031     0.0854      0.809     65.595  48.682740     1.8443      6.833   163.0051 1.2364e-01    71.7941      5.841      8.472    12.1056 0.0000e+00
      5.968      0.028     0.0873      0.816     65.578  48.669605     1.8380      6.833   163.1930 1.2364e-01    71.8222      5.854      8.491    12.1052 0.0000e+00
      5.976      0.026     0.0860      0.815     65.583  48.673767     1.8330      6.833   163.0575 1.2368e-01    71.8216      5.862      8.502    12.1050 0.0000e+00
      5.979      0.024     0.0873      0.818     65.577  48.669620     1.8332      6.833   163.1744 1.2374e-01    71.8204      5.864      8.505    12.1052 0.0000e+00
      5.982      0.022     0.0857      0.815     65.594  48.682911     1.8409      6.833   163.5735 1.2375e-01    71.8420      5.867      8.508    12.1054 0.0000e+00
      5.986      0.021     0.0891      0.798     65.626  48.707558     1.8430      6.832   163.8386 1.2367e-01    71.8439      5.869      8.512    12.1054 0.0000e+00
      5.992      0.022     0.0867      0.791     65.635  48.713813     1.8413      6.832   163.7991 1.2368e-01    71.8090      5.874      8.521    12.1053 0.0000e+00
      6.000      0.023     0.0879      0.791     65.611  48.695091     1.8708      6.831   163.6979 1.2380e-01    71.7952      5.884      8.536    12.1059 0.0000e+00
      6.006      0.023     0.0892      0.782     65.581  48.671546     1.9329      6.830   163.7343 1.2385e-01    71.8142      5.891      8.544    12.1066 0.0000e+00
      6.011      0.022     0.0845      0.782     65.598  48.682947     1.9682      6.829   163.8083 1.2380e-01    71.8674      5.894      8.548    12.1072 0.0000e+00
      6.017      0.019     0.0846      0.799     65.630  48.706036     1.9647      6.830   163.9052 1.2374e-01    71.8924      5.900      8.557    12.1071 0.0000e+00
      6.022      0.018     0.0858      0.796     65.618  48.696895     1.9483      6.830   164.1312 1.2372e-01    71.7741      5.907      8.567    12.1063 0.0000e+00
      6.026      0.021     0.0841      0.779     65.621  48.699320     1.9364      6.829   164.1322 1.2372e-01    71.5996      5.910      8.573    12.1052 0.0000e+00
      6.028      0.027     0.0821      0.771     65.670  48.735360     1.9379      6.828   163.8309 1.2369e-01    71.5250      5.912      8.575    12.1042 0.0000e+00
      6.030      0.032     0.0878      0.764     65.690  48.751932     1.9501      6.827   163.7573 1.2369e-01    71.5547      5.912      8.574    12.1039 0.0000e+00
      6.039      0.036     0.0864      0.756     65.716  48.772780     1.9509      6.827   163.9306 1.2378e-01    71.6508      5.919      8.583    12.1036 0.0000e+00
      6.057      0.040     0.0826      0.752     65.747  48.797068     1.9223      6.826   164.2061 1.2382e-01    71.7652      5.941      8.615    12.1035 0.0000e+00
      6.075      0.041     0.0835      0.749     65.739  48.791787     1.8955      6.825   164.2485 1.2378e-01    71.8444      5.963      8.647    12.1034 0.0000e+00
      6.083      0.040     0.0820      0.753     65.713  48.772377     1.8853      6.824   163.8406 1.2374e-01    71.8912      5.966      8.654    12.1042 0.0000e+00
      6.088      0.038     0.0811      0.765     65.686  48.752751     1.8901      6.824   163.5764 1.2374e-01    71.9550      5.968      8.656    12.1064 0.0000e+00
      6.096      0.036     0.0809      0.775     65.672  48.744847     1.9027      6.824   163.7218 1.2373e-01    72.0352      5.978      8.670    12.1071 0.0000e+00
      6.105      0.039     0.0803      0.764     65.662  48.740268     1.9055      6.823   163.9638 1.2369e-01    72.0747      5.985      8.683    12.1068 0.0000e+00
      6.114      0.049     0.0806      0.752     65.685  48.760848     1.8985      6.822   164.0070 1.2369e-01    72.0921      5.994      8.694    12.1070 0.0000e+00
      6.125      0.061     0.0821      0.761     65.740  48.803317     1.8932      6.823   163.8998 1.2371e-01    72.1083      6.008      8.714    12.1076 0.0000e+00
      6.139      0.070     0.0847      0.760     65.749  48.809577     1.8993      6.823   163.8723 1.2372e-01    72.0995      6.018      8.728    12.1090 0.0000e+00
      6.160      0.074     0.0825      0.751     65.703  48.773076     1.9058      6.823   163.9324 1.2375e-01    72.0542      6.035      8.752    12.1115 0.0000e+00
      6.190      0.074     0.0785      0.761     65.665  48.742711     1.9053      6.823   164.1963 1.2375e-01    72.0393      6.071      8.807    12.1149 0.0000e+00
      6.218      0.070     0.0832      0.766     65.690  48.759708     1.9019      6.823   164.5683 1.2373e-01    72.1584      6.104      8.854    12.1165 0.0000e+00
      6.233      0.063     0.0826      0.757     65.730  48.788224     1.8969      6.822   164.6447 1.2375e-01    72.9129      6.115      8.869    12.1151 0.0000e+00
      6.239      0.053     0.0784      0.753     65.705  48.770217     1.8949      6.821   164.5174 1.2376e-01    74.2283      6.117      8.873    12.1135 0.0000e+00
      6.248      0.042     0.0829      0.748     65.651  48.732353     1.8953      6.820   164.4054 1.2373e-01    74.9115      6.126      8.885    12.1122 0.0000e+00
      6.261      0.035     0.0832      0.734     65.620  48.711133     1.8923      6.820   164.4959 1.2366e-01    74.8545      6.141      8.906    12.1103 0.0000e+00
      6.271      0.033     0.0803      0.718     65.610  48.704013     1.9008      6.820   164.9226 1.2361e-01    74.0168      6.151      8.921    12.1090 0.0000e+00
      6.277      0.032     0.0814      0.714     65.620  48.709720     1.9238      6.819   165.2636 1.2366e-01    72.5023      6.156      8.928    12.1095 0.0000e+00
      6.283      0.029     0.0806      0.727     65.632  48.716678     1.9448      6.818   165.1764 1.2369e-01    71.7096      6.161      8.936    12.1114 0.0000e+00
      6.291      0.027     0.0790      0.732     65.642  48.724687     1.9640      6.818   165.1587 1.2370e-01    71.6741      6.169      8.948    12.1132 0.0000e+00
      6.299      0.027     0.0769      0.728     65.662  48.743104     1.9727      6.817   165.4801 1.2376e-01    71.6635      6.179      8.961    12.1134 0.0000e+00
      6.305      0.028     0.0752      0.725     65.665  48.748996     1.9662      6.817   165.6202 1.2376e-01    71.6157      6.183      8.967    12.1120 0.0000e+00
      6.310      0.029     0.0791      0.725     65.639  48.732477     1.9519      6.817   165.4771 1.2374e-01    71.5745      6.187      8.973    12.1103 0.0000e+00
      6.317      0.031     0.0789      0.734     65.641  48.733735     1.9494      6.817   165.3845 1.2373e-01    71.6090      6.195      8.985    12.1105 0.0000e+00
      6.325      0.031     0.0779      0.734     65.684  48.764213     1.9535      6.817   165.3603 1.2373e-01    71.7939      6.202      8.995    12.1132 0.0000e+00
      6.335      0.031     0.0782      0.728     65.713  48.783713     1.9342      6.816   165.3568 1.2374e-01    72.0679      6.211      9.008    12.1165 0.0000e+00
      6.345      0.031     0.0766      0.726     65.708  48.779141     1.9081      6.816   165.5142 1.2369e-01    72.1887      6.224      9.027    12.1189 0.0000e+00
      6.354      0.030     0.0800      0.715     65.700  48.772390     1.8953      6.816   165.7156 1.2364e-01    72.1274      6.233      9.040    12.1193 0.0000e+00
      6.359      0.029     0.0793      0.717     65.692  48.765535     1.8966      6.816   165.6404 1.2368e-01    72.0108      6.235      9.043    12.1170 0.0000e+00
      6.365      0.029     0.0774      0.731     65.685  48.759717     1.9080      6.815   165.3798 1.2371e-01    71.9056      6.242      9.052    12.1154 0.0000e+00
      6.372      0.030     0.0794      0.716     65.691  48.765495     1.9164      6.815   165.3178 1.2371e-01    71.8461      6.251      9.065    12.1151 0.0000e+00
      6.379      0.031     0.0761      0.699     65.699  48.771944     1.9056      6.815   165.4933 1.2372e-01    71.8041      6.256      9.072    12.1147 0.0000e+00
      6.387      0.033     0.0753      0.710     65.702  48.774232     1.8862      6.815   165.6940 1.2377e-01    71.7733      6.262      9.083    12.1142 0.0000e+00
      6.398      0.033     0.0814      0.701     65.728  48.793163     1.8821      6.814   165.6790 1.2377e-01    71.7464      6.274      9.100    12.1136 0.0000e+00
      6.408      0.032     0.0772      0.668     65.750  48.810468     1.8881      6.812   165.4851 1.2368e-01    71.6842      6.285      9.116    12.1145 0.0000e+00
      6.416      0.032     0.0721      0.650     65.725  48.793111     1.9006      6.811   165.4149 1.2362e-01    71.6360      6.292      9.126    12.1152 0.0000e+00
      6.423      0.031     0.0783      0.648     65.698  48.773659     1.9081      6.812   165.5176 1.2365e-01    71.6423      6.299      9.135    12.1145 0.0000e+00
      6.430      0.031     0.0769      0.651     65.688  48.765649     1.8971      6.812   165.6090 1.2371e-01    71.8628      6.306      9.146    12.1140 0.0000e+00
      6.436      0.031     0.0703      0.658     65.680  48.759715     1.8832      6.811   165.5732 1.2375e-01    72.2862      6.310      9.154    12.1149 0.0000e+00
      6.444      0.033     0.0695      0.662     65.687  48.765360     1.8808      6.810   165.5151 1.2379e-01    72.5262      6.317      9.163    12.1166 0.0000e+00
      6.454      0.036     0.0697      0.669     65.692  48.770455     1.8935      6.810   165.5089 1.2375e-01    72.5780      6.330      9.181    12.1169 0.0000e+00
      6.463      0.039     0.0697      0.692     65.670  48.757860     1.9207      6.810   165.5838 1.2372e-01    72.4349      6.339      9.194    12.1160 0.0000e+00
      6.471      0.039     0.0710      0.708     65.641  48.739976     1.9436      6.810   165.8187 1.2377e-01    72.0594      6.344      9.200    12.1163 0.0000e+00
      6.483      0.038     0.0714      0.702     65.645  48.744593     1.9448      6.811   166.0259 1.2378e-01    71.8291      6.356      9.218    12.1162 0.0000e+00
      6.497      0.035     0.0707      0.691     65.652  48.750243     1.9437      6.811   166.0243 1.2376e-01    71.8028      6.374      9.245    12.1171 0.0000e+00
      6.507      0.033     0.0745      0.679     65.646  48.744833     1.9555      6.811   165.9717 1.2381e-01    71.8101      6.384      9.260    12.1204 0.0000e+00
      6.512      0.033     0.0779      0.667     65.644  48.742630     1.9627      6.810   165.9062 1.2381e-01    71.8149      6.386      9.262    12.1236 0.0000e+00
