Data/DataNotYetUploadedToEDI/Raw_CTD/RawDownloads/092925_bvr50_S8188001.cnv
* Sea-Bird SBE19plus  Data File:
* FileName = C:\R\Reservoirs\Data\DataNotYetUploadedToEDI\Raw_CTD\RawDownloads\092925_bvr50_S8188_0001.hex
* Software version 2.8.0.119
* Temperature SN = 8188
* Conductivity SN = 8188
* System UpLoad Time = Oct 06 2025 16:52:16
* <ApplicationData>
* <Seaterm232>
# nquan = 16
# nvalues = 1403                        
# units = specified
# name 0 = depFM: Depth [fresh water, m]
# name 1 = dz/dtM: Descent Rate [m/s]
# name 2 = sbeox0Mg/L: Oxygen, SBE 43 [mg/l]
# name 3 = sbeox0PS: Oxygen, SBE 43 [% saturation]
# name 4 = specc: Specific Conductance [uS/cm]
# name 5 = c0uS/cm: Conductivity [uS/cm]
# name 6 = wetCDOM: Fluorescence, WET Labs CDOM [mg/m^3]
# name 7 = flECO-AFL: Fluorescence, WET Labs ECO-AFL/FL [mg/m^3]
# name 8 = flECO-AFL1: Fluorescence, WET Labs ECO-AFL/FL, 2 [mg/m^3]
# name 9 = flECO-AFL2: Fluorescence, WET Labs ECO-AFL/FL, 3 [mg/m^3]
# name 10 = par/sat/log: PAR/Logarithmic, Satlantic
# name 11 = turbWETntu0: Turbidity, WET Labs ECO [NTU]
# name 12 = prdM: Pressure, Strain Gauge [db]
# name 13 = prdE: Pressure, Strain Gauge [psi]
# name 14 = tv290C: Temperature [ITS-90, deg C]
# name 15 = flag:  0.000e+00
# span 0 =     -0.677,      5.761       
# span 1 =     -0.222,      0.166       
# span 2 =    -0.0066,     9.5304       
# span 3 =     -0.072,    109.302       
# span 4 =   -504.764,    518.306       
# span 5 =-424.102584, 385.500470       
# span 6 =    -4.5000,    65.6100       
# span 7 =    -0.4066,    14.8943       
# span 8 =    -2.1300,     0.9798       
# span 9 =    -2.0304,     3.5955       
# span 10 = 1.1585e-01, 5.6144e+02      
# span 11 =    -1.1253,    70.5396      
# span 12 =     -0.664,      5.650      
# span 13 =     -0.963,      8.194      
# span 14 =    12.1751,    22.1477      
# span 15 = 0.0000e+00, 0.0000e+00      
# interval = seconds: 0.25
# start_time = Sep 29 2025 10:51:13 [Instrument's time stamp, header]
# bad_flag = -9.990e-29
*END*
[from data line 633]
      0.484      0.039     7.8313     89.620     37.921  35.740730    20.5200     2.8664     0.1278     1.4382 1.3101e+02     2.8628      0.475      0.689    22.1208 0.0000e+00
      0.494      0.038     7.8267     89.616     37.922  35.742331    20.5200     2.8588     0.1278     1.4382 1.3044e+02     2.9232      0.484      0.702    22.1200 0.0000e+00
      0.503      0.037     7.8226     89.643     37.903  35.724086    20.5200     2.8626     0.1278     1.4805 1.3069e+02     2.8175      0.493      0.715    22.1197 0.0000e+00
      0.511      0.036     7.8191     89.706     37.883  35.705036    20.5200     2.8702     0.1278     1.4805 1.3069e+02     2.8477      0.501      0.727    22.1197 0.0000e+00
      0.520      0.037     7.8168     89.787     37.856  35.680101    20.5200     2.8092     0.1278     1.4805 1.2948e+02     2.8477      0.510      0.739    22.1200 0.0000e+00
      0.529      0.039     7.8163     89.868     37.810  35.636654    20.5200     2.7939     0.1278     1.4805 1.2769e+02     2.8024      0.519      0.752    22.1203 0.0000e+00
      0.539      0.041     7.8187     89.935     37.760  35.589007    20.5200     2.8092     0.1278     1.3536 1.2659e+02     2.7269      0.528      0.766    22.1204 0.0000e+00
      0.549      0.044     7.8242     89.987     37.724  35.554336    20.5200     2.8016     0.1278     1.3536 1.2486e+02     2.9081      0.539      0.781    22.1204 0.0000e+00
      0.561      0.047     7.8313     90.023     37.736  35.565227    20.5200     2.8168     0.1278     1.3536 1.2365e+02     2.8477      0.550      0.798    22.1203 0.0000e+00
      0.573      0.050     7.8384     90.042     37.801  35.626578    20.5200     2.7978     0.1278     1.3536 1.2269e+02     2.8779      0.562      0.816    22.1200 0.0000e+00
      0.587      0.053     7.8443     90.038     37.858  35.679050    20.5200     2.8130     0.1278     1.4382 1.2162e+02     2.8024      0.576      0.835    22.1197 0.0000e+00
      0.601      0.056     7.8488     90.014     37.873  35.692809    20.5200     2.7901     0.1278     1.4382 1.2041e+02     2.7873      0.590      0.855    22.1193 0.0000e+00
      0.616      0.057     7.8521     89.975     37.879  35.697423    20.5200     2.7939     0.1278     1.4382 1.1785e+02     2.7873      0.604      0.876    22.1188 0.0000e+00
      0.632      0.057     7.8538     89.922     37.885  35.702089    20.5200     2.8512     0.1278     1.4382 1.1517e+02     3.1045      0.620      0.898    22.1182 0.0000e+00
      0.647      0.056     7.8536     89.854     37.869  35.686138    20.6100     2.8664     0.1278     1.3959 1.1313e+02     3.0894      0.635      0.920    22.1174 0.0000e+00
      0.661      0.054     7.8517     89.775     37.833  35.651294    20.6100     2.8550     0.1278     1.3959 1.1218e+02     3.2103      0.649      0.941    22.1162 0.0000e+00
      0.675      0.052     7.8485     89.697     37.790  35.610178    20.6100     2.8626     0.1278     1.3959 1.1155e+02     3.0441      0.662      0.960    22.1149 0.0000e+00
      0.687      0.050     7.8440     89.633     37.745  35.567762    20.6100     2.8321     0.1278     1.3959 1.1046e+02     2.8024      0.674      0.978    22.1138 0.0000e+00
      0.699      0.048     7.8383     89.593     37.728  35.550583    20.6100     2.8473     0.1278     1.3959 1.0917e+02     2.8175      0.686      0.995    22.1127 0.0000e+00
      0.711      0.047     7.8316     89.581     37.760  35.579959    20.5200     2.8588     0.1278     1.5228 1.0804e+02     2.7873      0.698      1.012    22.1117 0.0000e+00
      0.723      0.046     7.8249     89.595     37.818  35.633841    20.5200     2.8588     0.1278     1.5228 1.0595e+02     2.7571      0.709      1.028    22.1107 0.0000e+00
      0.734      0.045     7.8195     89.623     37.882  35.692734    20.5200     2.7253     0.1278     1.5228 1.0487e+02     3.1801      0.720      1.045    22.1099 0.0000e+00
      0.746      0.044     7.8161     89.643     37.937  35.742459    20.5200     2.7367     0.1278     1.5228 1.0401e+02     3.0139      0.732      1.061    22.1089 0.0000e+00
      0.757      0.043     7.8152     89.631     37.977  35.778348    20.6100     2.7291     0.1278     1.5651 1.0297e+02     3.0441      0.743      1.077    22.1078 0.0000e+00
      0.768      0.041     7.8167     89.573     38.007  35.805989    20.6100     2.7482     0.1278     1.5651 1.0151e+02     3.0894      0.753      1.093    22.1063 0.0000e+00
      0.778      0.039     7.8194     89.465     38.009  35.806853    20.6100     2.7405     0.1278     1.5651 1.0109e+02     3.0743      0.764      1.107    22.1044 0.0000e+00
      0.788      0.037     7.8214     89.321     37.996  35.793125    20.6100     2.7443     0.1278     1.5651 1.0096e+02     3.0139      0.773      1.121    22.1024 0.0000e+00
      0.797      0.035     7.8207     89.166     38.009  35.804969    20.6100     2.7558     0.1278     1.4382 1.0076e+02     3.0592      0.782      1.134    22.1004 0.0000e+00
      0.805      0.033     7.8159     89.028     38.024  35.817653    20.6100     2.7253     0.1278     1.4382 1.0091e+02     3.0441      0.790      1.145    22.0986 0.0000e+00
      0.813      0.033     7.8067     88.927     37.999  35.792728    20.6100     2.8435     0.1278     1.4382 1.0045e+02     3.1498      0.797      1.156    22.0972 0.0000e+00
      0.821      0.033     7.7943     88.860     37.972  35.765378    20.6100     2.8740     0.1278     1.4382 9.9629e+01     2.9837      0.805      1.168    22.0960 0.0000e+00
      0.829      0.033     7.7809     88.806     37.977  35.768155    20.6100     2.8588     0.1278     1.4382 9.8295e+01     3.0441      0.813      1.179    22.0948 0.0000e+00
      0.838      0.034     7.7691     88.742     37.986  35.773907    20.6100     2.8740     0.1278     1.4805 9.7572e+01     3.0441      0.821      1.191    22.0933 0.0000e+00
      0.846      0.035     7.7606     88.648     37.978  35.764250    20.6100     2.8512     0.1278     1.4805 9.7022e+01     3.2405      0.830      1.204    22.0912 0.0000e+00
      0.856      0.035     7.7551     88.524     37.975  35.760511    20.6100     2.8740     0.1278     1.4805 9.5267e+01     3.2707      0.839      1.217    22.0889 0.0000e+00
      0.865      0.035     7.7508     88.375     37.964  35.749742    20.6100     2.8550     0.1278     1.4805 9.3037e+01     3.3160      0.848      1.230    22.0862 0.0000e+00
      0.874      0.034     7.7456     88.208     37.914  35.703173    20.6100     2.8626     0.1278     1.4805 9.1533e+01     3.2254      0.858      1.244    22.0834 0.0000e+00
      0.883      0.034     7.7379     88.046     37.879  35.670140    20.6100     2.7787     0.1278     1.4805 9.1673e+01     3.0894      0.866      1.256    22.0807 0.0000e+00
      0.891      0.034     7.7273     87.918     37.883  35.673709    20.6100     2.8168     0.1278     1.4805 9.2052e+01     2.9686      0.874      1.267    22.0790 0.0000e+00
      0.899      0.034     7.7143     87.852     37.887  35.676981    20.6100     2.7863     0.1278     1.4805 9.1593e+01     3.0441      0.882      1.279    22.0786 0.0000e+00
      0.908      0.034     7.6997     87.853     37.903  35.690789    20.6100     2.8016     0.1278     1.3959 9.0348e+01     3.0894      0.890      1.291    22.0790 0.0000e+00
      0.917      0.035     7.6855     87.908     37.935  35.718816    20.6100     2.9313     0.1278     1.3959 8.8714e+01     3.0894      0.899      1.304    22.0793 0.0000e+00
      0.926      0.035     7.6745     87.990     37.951  35.732678    20.6100     2.9122     0.1278     1.3959 8.7374e+01     3.1196      0.909      1.317    22.0788 0.0000e+00
      0.935      0.035     7.6688     88.066     37.936  35.718142    20.6100     2.9542     0.1278     1.3959 8.6712e+01     3.1801      0.918      1.331    22.0777 0.0000e+00
      0.944      0.034     7.6692     88.112     37.911  35.693246    20.6100     2.9046     0.0852     1.4805 8.5645e+01     3.0441      0.926      1.343    22.0760 0.0000e+00
      0.953      0.033     7.6742     88.120     37.905  35.687208    20.6100     2.9999     0.0852     1.4805 8.4370e+01     3.1347      0.935      1.356    22.0743 0.0000e+00
      0.962      0.032     7.6816     88.101     37.892  35.674512    20.6100     2.9923     0.0852     1.4805 8.3061e+01     3.0894      0.943      1.368    22.0727 0.0000e+00
      0.969      0.031     7.6884     88.073     37.849  35.633844    20.6100     2.9809     0.0852     1.4805 8.2288e+01     2.9837      0.951      1.379    22.0710 0.0000e+00
      0.977      0.030     7.6927     88.046     37.822  35.608146    20.6100     2.9847     0.0852     1.4805 8.1470e+01     2.9837      0.958      1.390    22.0696 0.0000e+00
      0.984      0.029     7.6936     88.019     37.823  35.608493    20.7000     2.8702     0.1278     1.4382 8.0607e+01     3.0139      0.965      1.400    22.0687 0.0000e+00
      0.992      0.028     7.6920     87.989     37.834  35.619041    20.7000     2.8702     0.1278     1.4382 7.9840e+01     3.1952      0.972      1.410    22.0682 0.0000e+00
      0.999      0.027     7.6895     87.955     37.863  35.646588    20.7000     2.8359     0.1278     1.4382 7.8754e+01     3.0894      0.979      1.420    22.0679 0.0000e+00
      1.005      0.027     7.6872     87.920     37.897  35.678559    20.7000     2.8588     0.1278     1.4382 7.8669e+01     3.0894      0.986      1.430    22.0677 0.0000e+00
      1.012      0.027     7.6849     87.888     37.922  35.701566    20.7000     2.8626     0.1278     1.4382 7.8090e+01     3.0592      0.992      1.439    22.0675 0.0000e+00
      1.019      0.026     7.6823     87.865     37.941  35.719752    20.7000     2.8664     0.1278     1.4382 7.7330e+01     3.0139      0.999      1.449    22.0674 0.0000e+00
      1.026      0.026     7.6794     87.855     37.952  35.729999    20.7000     2.8512     0.1278     1.4382 7.6511e+01     2.9384      1.005      1.459    22.0674 0.0000e+00
      1.032      0.027     7.6763     87.860     37.943  35.721094    20.7000     2.8702     0.1278     1.4382 7.6162e+01     3.0894      1.012      1.468    22.0673 0.0000e+00
      1.039      0.028     7.6735     87.875     37.931  35.710583    20.6100     2.8588     0.0852     1.4382 7.5733e+01     2.7873      1.018      1.477    22.0672 0.0000e+00
      1.045      0.029     7.6715     87.893     37.958  35.735506    20.6100     2.8550     0.0852     1.4382 7.5487e+01     2.7571      1.025      1.487    22.0671 0.0000e+00
      1.052      0.031     7.6706     87.896     38.008  35.782588    20.6100     2.8855     0.0852     1.4382 7.4931e+01     2.8326      1.032      1.497    22.0672 0.0000e+00
      1.060      0.033     7.6710     87.860     38.045  35.816573    20.6100     2.8779     0.0852     1.4382 7.4025e+01     2.8175      1.040      1.508    22.0672 0.0000e+00
      1.069      0.035     7.6724     87.770     38.081  35.848516    20.7000     2.9809     0.1278     1.4805 7.3098e+01     3.0139      1.048      1.521    22.0671 0.0000e+00
      1.079      0.037     7.6740     87.624     38.124  35.886936    20.7000     2.9999     0.1278     1.4805 7.2088e+01     2.9988      1.058      1.534    22.0668 0.0000e+00
      1.089      0.038     7.6743     87.435     38.147  35.906219    20.7000     2.9809     0.1278     1.4805 7.0969e+01     3.1045      1.067      1.549    22.0663 0.0000e+00
      1.099      0.040     7.6713     87.230     38.148  35.903540    20.7000     2.9999     0.1278     1.4805 7.0355e+01     3.0139      1.077      1.563    22.0653 0.0000e+00
      1.109      0.040     7.6638     87.023     38.160  35.910057    20.7000     3.1296     0.1278     1.4805 6.9792e+01     3.1347      1.087      1.578    22.0635 0.0000e+00
      1.120      0.040     7.6514     86.800     38.188  35.931493    20.7000     3.1678     0.1278     1.3959 6.8903e+01     3.1801      1.098      1.592    22.0608 0.0000e+00
      1.130      0.040     7.6354     86.537     38.210  35.945674    20.7000     3.1792     0.1278     1.3959 6.8158e+01     3.1347      1.108      1.607    22.0572 0.0000e+00
      1.140      0.041     7.6182     86.224     38.245  35.970326    20.7000     3.1830     0.1278     1.3959 6.7231e+01     3.1347      1.118      1.622    22.0527 0.0000e+00
      1.150      0.041     7.6009     85.853     38.307  36.017999    20.7000     3.3547     0.1278     1.3959 6.6649e+01     3.3160      1.128      1.636    22.0473 0.0000e+00
      1.160      0.042     7.5823     85.410     38.362  36.059571    20.7000     3.3509     0.0852     1.5228 6.6130e+01     3.2405      1.138      1.651    22.0407 0.0000e+00
      1.171      0.043     7.5606     84.869     38.398  36.084213    20.7000     3.3509     0.0852     1.5228 6.5344e+01     3.3160      1.148      1.666    22.0323 0.0000e+00
      1.182      0.045     7.5349     84.213     38.423  36.098498    20.7000     3.3433     0.0852     1.5228 6.4554e+01     3.3160      1.159      1.681    22.0211 0.0000e+00
      1.194      0.046     7.5044     83.439     38.471  36.134123    20.7000     3.4806     0.0852     1.5228 6.3538e+01     3.2103      1.170      1.698    22.0076 0.0000e+00
      1.206      0.047     7.4675     82.562     38.554  36.202579    20.7000     3.4997     0.1278     1.4382 6.2647e+01     3.2707      1.182      1.715    21.9942 0.0000e+00
      1.218      0.048     7.4220     81.611     38.633  36.268334    20.7000     3.4806     0.1278     1.4382 6.1809e+01     3.3009      1.195      1.733    21.9817 0.0000e+00
      1.231      0.049     7.3663     80.624     38.706  36.329001    20.7000     3.4768     0.1278     1.4382 6.1167e+01     3.2405      1.207      1.751    21.9694 0.0000e+00
      1.244      0.050     7.3003     79.637     38.788  36.398766    20.7000     3.5187     0.1278     1.4382 6.0427e+01     3.4822      1.220      1.769    21.9572 0.0000e+00
      1.257      0.050     7.2252     78.673     38.882  36.478303    20.7900     3.5607     0.1278     1.5651 5.9593e+01     3.5728      1.232      1.787    21.9457 0.0000e+00
      1.269      0.049     7.1435     77.744     38.988  36.568900    20.7900     3.5264     0.1278     1.5651 5.8783e+01     3.5879      1.245      1.805    21.9349 0.0000e+00
      1.282      0.049     7.0585     76.850     39.122  36.682763    20.7900     3.5531     0.1278     1.5651 5.7858e+01     3.5426      1.257      1.823    21.9247 0.0000e+00
      1.294      0.049     6.9733     75.979     39.335  36.866192    20.7900     4.2245     0.1278     1.5651 5.7594e+01     3.7994      1.269      1.841    21.9149 0.0000e+00
      1.307      0.049     6.8903     75.100     39.642  37.134234    20.7900     4.2359     0.1278     1.5651 5.6922e+01     3.7692      1.281      1.858    21.9048 0.0000e+00
      1.319      0.049     6.8105     74.146     39.983  37.428873    20.9700     4.1673     0.1278     1.3536 5.6565e+01     3.7088      1.293      1.876    21.8931 0.0000e+00
      1.331      0.050     6.7340     73.014     40.297  37.693206    20.9700     4.2130     0.1278     1.3536 5.6136e+01     3.7692      1.305      1.893    21.8781 0.0000e+00
      1.344      0.051     6.6601     71.577     40.544  37.894121    20.9700     4.1787     0.1278     1.3536 5.5529e+01     4.2224      1.318      1.911    21.8586 0.0000e+00
      1.357      0.053     6.5861     69.703     40.763  38.071248    20.9700     4.2130     0.1278     1.3536 5.4277e+01     4.2677      1.331      1.930    21.8336 0.0000e+00
      1.371      0.054     6.5063     67.284     41.070  38.331587    20.8800     4.2016     0.1278     1.4805 5.3307e+01     4.2224      1.345      1.950    21.8021 0.0000e+00
      1.385      0.056     6.4113     64.305     41.480  38.684793    20.8800     4.2245     0.1278     1.4805 5.2995e+01     4.3584      1.359      1.970    21.7654 0.0000e+00
      1.400      0.058     6.2895     60.870     41.892  39.033787    20.8800     4.4076     0.1278     1.4805 5.3052e+01     4.4490      1.373      1.991    21.7282 0.0000e+00
