Data/DataNotYetUploadedToEDI/Raw_CTD/RawDownloads/092922_ccr50_S7809001.cnv
* Sea-Bird SBE19plus  Data File:
* FileName = C:\R\Reservoirs\Data\DataNotYetUploadedToEDI\Raw_CTD\RawDownloads\092922_ccr50_S7809_0001.hex
* Software version 2.8.0.119
* Temperature SN = 7809
* Conductivity SN = 7809
* System UpLoad Time = Sep 30 2022 15:15:37
* <ApplicationData>
* <Seaterm232>
# nquan = 15
# nvalues = 4554                        
# units = specified
# name 0 = depFM: Depth [fresh water, m]
# name 1 = dz/dtM: Descent Rate [m/s]
# name 2 = sbeox0Mg/L: Oxygen, SBE 43 [mg/l]
# name 3 = sbeox0PS: Oxygen, SBE 43 [% saturation]
# name 4 = specc: Specific Conductance [uS/cm]
# name 5 = c0uS/cm: Conductivity [uS/cm]
# name 6 = flECO-AFL: Fluorescence, WET Labs ECO-AFL/FL [mg/m^3]
# name 7 = ph: pH
# name 8 = orp: Oxidation Reduction Potential [mV]
# name 9 = par/sat/log: PAR/Logarithmic, Satlantic
# name 10 = turbWETntu0: Turbidity, WET Labs ECO [NTU]
# name 11 = prdM: Pressure, Strain Gauge [db]
# name 12 = prdE: Pressure, Strain Gauge [psi]
# name 13 = tv290C: Temperature [ITS-90, deg C]
# name 14 = flag:  0.000e+00
# span 0 =     -0.371,     20.894       
# span 1 =     -0.170,      0.074       
# span 2 =     0.0354,     7.1833       
# span 3 =      0.346,     80.733       
# span 4 =      4.639,    202.031       
# span 5 =   4.310431, 147.615260       
# span 6 =     0.2815,   227.4319       
# span 7 =      6.760,     10.778       
# span 8 =   137.0740,  1234.9548       
# span 9 = 1.2360e-01, 2.4019e+03       
# span 10 =    -0.6658,   931.7433      
# span 11 =     -0.364,     20.491      
# span 12 =     -0.528,     29.719      
# span 13 =    11.4977,    21.5204      
# span 14 = 0.0000e+00, 0.0000e+00      
# interval = seconds: 0.25
# start_time = Sep 29 2022 09:27:48 [Instrument's time stamp, header]
# bad_flag = -9.990e-29
*END*
[from data line 2410]
     13.878      0.011     1.9225     18.073    103.119  77.590987     0.4772      7.407   270.4259 1.2378e-01     3.8799     13.602     19.728    12.6167 0.0000e+00
     13.879      0.011     1.9263     18.071    103.144  77.604747     0.4790      7.406   270.5449 1.2383e-01     3.8772     13.604     19.730    12.6182 0.0000e+00
     13.899      0.013     1.9250     18.068    103.148  77.606007     0.5118      7.405   270.6691 1.2385e-01     3.8338     13.630     19.768    12.6199 0.0000e+00
     13.922      0.016     1.9199     18.074    103.145  77.606225     0.5574      7.405   270.6371 1.2385e-01     3.7652     13.660     19.811    12.6211 0.0000e+00
     13.930      0.021     1.9200     18.076    103.143  77.607382     0.5727      7.405   270.5873 1.2386e-01     3.7311     13.670     19.826    12.6194 0.0000e+00
     13.918      0.024     1.9205     18.053    103.159  77.619987     0.5641      7.405   270.5843 1.2383e-01     3.7283     13.650     19.798    12.6160 0.0000e+00
     13.904      0.024     1.9189     18.021    103.180  77.631551     0.5530      7.406   270.5998 1.2378e-01     3.6975     13.627     19.763    12.6153 0.0000e+00
     13.909      0.021     1.9203     18.001    103.171  77.620102     0.5457      7.405   270.6884 1.2374e-01     3.6995     13.632     19.772    12.6164 0.0000e+00
     13.933      0.019     1.9219     17.972    103.158  77.608644     0.5509      7.404   270.7950 1.2376e-01     3.7537     13.665     19.819    12.6186 0.0000e+00
     13.958      0.019     1.9186     17.932    103.171  77.620103     0.5583      7.404   270.8570 1.2382e-01     3.7713     13.696     19.864    12.6196 0.0000e+00
     13.964      0.022     1.9133     17.902    103.183  77.631562     0.5524      7.404   270.8359 1.2382e-01     3.7421     13.703     19.873    12.6165 0.0000e+00
     13.951      0.022     1.9135     17.872    103.166  77.620103     0.5463      7.405   270.7987 1.2382e-01     3.7083     13.681     19.842    12.6133 0.0000e+00
     13.936      0.018     1.9103     17.844    103.152  77.608645     0.5501      7.405   270.9228 1.2379e-01     3.6693     13.657     19.808    12.6129 0.0000e+00
     13.940      0.013     1.9040     17.830    103.171  77.620113     0.5567      7.404   271.0456 1.2370e-01     3.6473     13.663     19.816    12.6141 0.0000e+00
     13.963      0.012     1.9029     17.820    103.187  77.631677     0.5690      7.403   270.9931 1.2368e-01     3.6804     13.695     19.863    12.6158 0.0000e+00
     13.984      0.016     1.8986     17.797    103.171  77.621364     0.5813      7.403   270.8902 1.2371e-01     3.7289     13.723     19.903    12.6169 0.0000e+00
     13.984      0.019     1.8954     17.778    103.169  77.622509     0.5805      7.403   270.8342 1.2373e-01     3.7552     13.721     19.900    12.6155 0.0000e+00
     13.970      0.018     1.8938     17.776    103.199  77.645532     0.5765      7.403   270.9185 1.2373e-01     3.7591     13.697     19.864    12.6135 0.0000e+00
     13.961      0.013     1.8947     17.775    103.202  77.645552     0.5746      7.405   271.0485 1.2373e-01     3.7421     13.683     19.846    12.6134 0.0000e+00
     13.971      0.013     1.8907     17.775    103.174  77.622750     0.5659      7.405   271.0293 1.2379e-01     3.7200     13.697     19.867    12.6145 0.0000e+00
     13.989      0.022     1.8872     17.775    103.175  77.624008     0.5539      7.405   270.9443 1.2384e-01     3.7313     13.723     19.902    12.6164 0.0000e+00
     14.000      0.036     1.8896     17.778    103.223  77.660771     0.5544      7.404   270.8817 1.2381e-01     3.7754     13.735     19.921    12.6169 0.0000e+00
     14.000      0.045     1.8882     17.772    103.259  77.685973     0.5636      7.404   270.8746 1.2379e-01     3.7758     13.728     19.913    12.6149 0.0000e+00
     14.002      0.045     1.8890     17.758    103.249  77.674534     0.5746      7.403   270.9443 1.2378e-01     3.7700     13.724     19.904    12.6137 0.0000e+00
     14.019      0.040     1.8882     17.758    103.219  77.649554     0.5948      7.403   270.9501 1.2378e-01     3.8417     13.743     19.932    12.6146 0.0000e+00
     14.046      0.038     1.8894     17.773    103.200  77.638114     0.6080      7.404   270.9443 1.2382e-01     3.8913     13.780     19.986    12.6156 0.0000e+00
     14.062      0.041     1.8892     17.807    103.229  77.663314     0.6096      7.405   270.9609 1.2381e-01     3.8921     13.800     20.016    12.6144 0.0000e+00
     14.059      0.044     1.8857     17.867    103.280  77.700067     0.6059      7.406   270.8069 1.2376e-01     3.8848     13.789     19.999    12.6117 0.0000e+00
     14.054      0.041     1.8869     17.937    103.288  77.701213     0.5959      7.406   270.7169 1.2374e-01     3.8379     13.774     19.977    12.6101 0.0000e+00
     14.064      0.032     1.8879     18.004    103.260  77.677170     0.5894      7.405   270.9046 1.2374e-01     3.7684     13.784     19.994    12.6119 0.0000e+00
     14.090      0.025     1.8907     18.065    103.240  77.663544     0.5849      7.404   271.0113 1.2378e-01     3.7281     13.819     20.043    12.6152 0.0000e+00
     14.111      0.022     1.8981     18.139    103.234  77.663554     0.5753      7.404   270.8888 1.2384e-01     3.7264     13.847     20.083    12.6144 0.0000e+00
     14.113      0.022     1.9060     18.224    103.247  77.677295     0.5572      7.404   270.7998 1.2379e-01     3.7481     13.846     20.084    12.6103 0.0000e+00
     14.099      0.021     1.9140     18.314    103.280  77.702598     0.5403      7.404   270.8816 1.2368e-01     3.7520     13.825     20.052    12.6080 0.0000e+00
     14.088      0.015     1.9187     18.393    103.300  77.715307     0.5458      7.404   271.0175 1.2369e-01     3.7383     13.806     20.023    12.6091 0.0000e+00
     14.097      0.007     1.9271     18.425    103.287  77.703859     0.5655      7.403   271.0665 1.2373e-01     3.7877     13.818     20.041    12.6122 0.0000e+00
     14.121      0.002     1.9363     18.432    103.269  77.691274     0.5701      7.402   271.0446 1.2367e-01     3.8022     13.851     20.090    12.6150 0.0000e+00
     14.136      0.003     1.9453     18.453    103.263  77.690234     0.5601      7.403   271.0108 1.2365e-01     3.7083     13.872     20.120    12.6152 0.0000e+00
     14.127      0.008     1.9575     18.472    103.262  77.691284     0.5526      7.403   271.0014 1.2378e-01     3.6442     13.861     20.104    12.6132 0.0000e+00
     14.103      0.015     1.9588     18.473    103.280  77.703984     0.5551      7.404   271.0163 1.2384e-01     3.7099     13.826     20.054    12.6117 0.0000e+00
     14.088      0.021     1.9566     18.460    103.301  77.716693     0.5645      7.404   271.1051 1.2378e-01     3.8530     13.803     20.021    12.6126 0.0000e+00
     14.102      0.028     1.9611     18.432    103.306  77.717848     0.5747      7.404   271.1289 1.2376e-01     3.9410     13.820     20.045    12.6146 0.0000e+00
     14.137      0.036     1.9635     18.408    103.306  77.717943     0.5788      7.404   270.9600 1.2376e-01     3.9534     13.868     20.114    12.6161 0.0000e+00
     14.166      0.041     1.9628     18.414    103.304  77.717849     0.5726      7.404   270.9551 1.2376e-01     3.9345     13.902     20.164    12.6157 0.0000e+00
     14.172      0.041     1.9624     18.451    103.300  77.716704     0.5578      7.404   271.1571 1.2379e-01     3.9172     13.903     20.165    12.6136 0.0000e+00
     14.164      0.033     1.9587     18.501    103.282  77.704099     0.5498      7.403   271.2510 1.2378e-01     3.9152     13.887     20.139    12.6120 0.0000e+00
     14.160      0.023     1.9541     18.545    103.266  77.692535     0.5593      7.403   271.3163 1.2373e-01     3.8765     13.880     20.130    12.6119 0.0000e+00
     14.169      0.018     1.9558     18.581    103.280  77.703985     0.5719      7.403   271.4293 1.2369e-01     3.7902     13.892     20.150    12.6130 0.0000e+00
     14.183      0.018     1.9592     18.598    103.292  77.715442     0.5783      7.403   271.4995 1.2368e-01     3.7269     13.913     20.179    12.6142 0.0000e+00
     14.193      0.018     1.9669     18.612    103.274  77.703972     0.5860      7.404   271.4768 1.2366e-01     3.7256     13.923     20.193    12.6142 0.0000e+00
     14.196      0.015     1.9699     18.637    103.257  77.692407     0.5902      7.404   271.4134 1.2365e-01     3.7402     13.922     20.192    12.6140 0.0000e+00
     14.195      0.010     1.9753     18.642    103.269  77.702702     0.5709      7.404   271.4206 1.2370e-01     3.7319     13.921     20.190    12.6150 0.0000e+00
     14.193      0.006     1.9768     18.636    103.267  77.701349     0.5613      7.404   271.3919 1.2371e-01     3.7622     13.918     20.186    12.6163 0.0000e+00
     14.192      0.006     1.9749     18.630    103.233  77.676044     0.5899      7.402   271.3246 1.2372e-01     3.8681     13.916     20.184    12.6174 0.0000e+00
     14.195      0.008     1.9829     18.610    103.199  77.650930     0.6178      7.401   271.2941 1.2375e-01     3.9531     13.918     20.187    12.6181 0.0000e+00
     14.200      0.010     1.9801     18.564    103.200  77.651876     0.6237      7.402   271.1956 1.2372e-01     3.9706     13.924     20.195    12.6183 0.0000e+00
     14.205      0.014     1.9802     18.509    103.247  77.687483     0.6195      7.402   271.0815 1.2375e-01     3.9423     13.931     20.205    12.6186 0.0000e+00
     14.208      0.019     1.9791     18.449    103.264  77.700182     0.6169      7.402   271.1186 1.2380e-01     3.8845     13.934     20.209    12.6188 0.0000e+00
     14.209      0.023     1.9792     18.387    103.238  77.678326     0.6171      7.402   271.2137 1.2383e-01     3.8860     13.934     20.209    12.6191 0.0000e+00
     14.212      0.027     1.9720     18.346    103.241  77.677398     0.6226      7.402   271.1982 1.2386e-01     3.9268     13.935     20.211    12.6190 0.0000e+00
     14.222      0.029     1.9663     18.307    103.259  77.688961     0.6496      7.402   271.1037 1.2382e-01     3.9330     13.945     20.226    12.6192 0.0000e+00
     14.236      0.033     1.9613     18.268    103.264  77.691045     0.6858      7.403   271.0182 1.2374e-01     3.9280     13.962     20.250    12.6197 0.0000e+00
     14.247      0.038     1.9512     18.251    103.283  77.702588     0.7019      7.403   270.9383 1.2371e-01     3.9002     13.974     20.266    12.6182 0.0000e+00
     14.252      0.044     1.9501     18.263    103.285  77.701432     0.6941      7.403   270.9123 1.2374e-01     3.8702     13.977     20.272    12.6164 0.0000e+00
     14.257      0.047     1.9450     18.285    103.257  77.677067     0.6668      7.404   270.9618 1.2378e-01     3.8718     13.979     20.274    12.6153 0.0000e+00
     14.269      0.048     1.9402     18.311    103.241  77.662163     0.6387      7.405   271.0210 1.2376e-01     3.8864     13.989     20.289    12.6146 0.0000e+00
     14.289      0.050     1.9376     18.344    103.226  77.648318     0.6286      7.405   271.1116 1.2373e-01     3.9102     14.013     20.325    12.6137 0.0000e+00
     14.309      0.051     1.9407     18.386    103.216  77.636755     0.6273      7.404   271.1102 1.2379e-01     3.9536     14.037     20.359    12.6121 0.0000e+00
     14.320      0.049     1.9428     18.445    103.239  77.649445     0.6149      7.404   271.0043 1.2380e-01     4.0012     14.044     20.370    12.6103 0.0000e+00
     14.328      0.041     1.9452     18.499    103.277  77.674654     0.5864      7.404   270.9507 1.2375e-01     4.0084     14.048     20.375    12.6088 0.0000e+00
     14.339      0.031     1.9497     18.561    103.296  77.687363     0.5579      7.403   270.9780 1.2369e-01     3.9714     14.061     20.394    12.6080 0.0000e+00
     14.351      0.024     1.9520     18.648    103.280  77.676018     0.5452      7.403   271.1616 1.2364e-01     3.9299     14.076     20.416    12.6063 0.0000e+00
     14.356      0.021     1.9615     18.722    103.263  77.664578     0.5497      7.404   271.3632 1.2364e-01     3.9858     14.081     20.423    12.6035 0.0000e+00
     14.353      0.017     1.9662     18.775    103.278  77.676142     0.5619      7.404   271.4373 1.2369e-01     4.1345     14.074     20.413    12.6013 0.0000e+00
     14.352      0.010     1.9703     18.823    103.293  77.688737     0.5689      7.403   271.4558 1.2372e-01     4.1905     14.071     20.406    12.6009 0.0000e+00
     14.360      0.005     1.9836     18.859    103.290  77.689778     0.5672      7.402   271.4147 1.2377e-01     4.1846     14.081     20.424    12.6016 0.0000e+00
     14.368      0.004     1.9905     18.879    103.285  77.688726     0.5587      7.401   271.3702 1.2378e-01     4.1996     14.095     20.444    12.6025 0.0000e+00
     14.367      0.004     1.9953     18.893    103.266  77.676027     0.5482      7.400   271.3478 1.2375e-01     4.1330     14.093     20.439    12.6026 0.0000e+00
     14.359      0.004     2.0011     18.892    103.247  77.663328     0.5490      7.401   271.3164 1.2375e-01     3.9941     14.077     20.419    12.6027 0.0000e+00
     14.356      0.004     2.0051     18.876    103.244  77.662278     0.5590      7.403   271.2482 1.2375e-01     3.9204     14.075     20.414    12.6042 0.0000e+00
     14.362      0.006     2.0060     18.880    103.244  77.663328     0.5698      7.403   271.2116 1.2379e-01     3.9598     14.084     20.428    12.6063 0.0000e+00
     14.367      0.012     2.0084     18.896    103.259  77.676027     0.5878      7.403   271.3040 1.2383e-01     4.0600     14.090     20.438    12.6071 0.0000e+00
     14.370      0.018     2.0090     18.895    103.274  77.688726     0.6111      7.402   271.4188 1.2381e-01     4.1410     14.092     20.439    12.6072 0.0000e+00
     14.373      0.019     2.0043     18.896    103.274  77.689786     0.6182      7.401   271.4818 1.2375e-01     4.1205     14.093     20.440    12.6077 0.0000e+00
     14.379      0.016     2.0052     18.896    103.274  77.688841     0.6068      7.401   271.4625 1.2372e-01     4.0854     14.100     20.451    12.6086 0.0000e+00
     14.388      0.015     2.0101     18.879    103.261  77.677297     0.5897      7.401   271.3575 1.2373e-01     4.0918     14.112     20.468    12.6094 0.0000e+00
     14.393      0.017     2.0067     18.859    103.260  77.677298     0.5780      7.401   271.3318 1.2369e-01     4.0608     14.118     20.476    12.6102 0.0000e+00
     14.392      0.020     2.0077     18.841    103.274  77.688852     0.5734      7.401   271.4095 1.2366e-01     4.0181     14.114     20.470    12.6109 0.0000e+00
     14.391      0.022     2.0094     18.823    103.277  77.689911     0.5674      7.402   271.4365 1.2371e-01     3.9852     14.110     20.465    12.6101 0.0000e+00
     14.396      0.022     2.0056     18.805    103.282  77.690101     0.5473      7.402   271.4869 1.2377e-01     3.9363     14.116     20.472    12.6087 0.0000e+00
     14.409      0.019     2.0043     18.798    103.287  77.691140     0.5215      7.402   271.5882 1.2376e-01     3.9063     14.131     20.495    12.6089 0.0000e+00
     14.423      0.013     2.0017     18.814    103.301  77.702475     0.5132      7.402   271.5422 1.2376e-01     3.9296     14.147     20.519    12.6106 0.0000e+00
     14.429      0.009     2.0006     18.845    103.292  77.700060     0.5138      7.402   271.4469 1.2382e-01     3.9451     14.154     20.529    12.6101 0.0000e+00
     14.425      0.010     1.9980     18.874    103.237  77.661943     0.5288      7.402   271.4693 1.2387e-01     3.9220     14.149     20.522    12.6071 0.0000e+00
     14.414      0.018     1.9965     18.894    103.187  77.622880     0.5615      7.402   271.4680 1.2387e-01     3.9241     14.135     20.501    12.6053 0.0000e+00
     14.406      0.027     1.9988     18.910    103.179  77.609025     0.5765      7.402   271.4312 1.2376e-01     3.9364     14.121     20.481    12.6062 0.0000e+00
