Data/DataNotYetUploadedToEDI/Raw_CTD/RawDownloads/092925_bvr50_S8188001.cnv
* Sea-Bird SBE19plus  Data File:
* FileName = C:\R\Reservoirs\Data\DataNotYetUploadedToEDI\Raw_CTD\RawDownloads\092925_bvr50_S8188_0001.hex
* Software version 2.8.0.119
* Temperature SN = 8188
* Conductivity SN = 8188
* System UpLoad Time = Oct 06 2025 16:52:16
* <ApplicationData>
* <Seaterm232>
# nquan = 16
# nvalues = 1403                        
# units = specified
# name 0 = depFM: Depth [fresh water, m]
# name 1 = dz/dtM: Descent Rate [m/s]
# name 2 = sbeox0Mg/L: Oxygen, SBE 43 [mg/l]
# name 3 = sbeox0PS: Oxygen, SBE 43 [% saturation]
# name 4 = specc: Specific Conductance [uS/cm]
# name 5 = c0uS/cm: Conductivity [uS/cm]
# name 6 = wetCDOM: Fluorescence, WET Labs CDOM [mg/m^3]
# name 7 = flECO-AFL: Fluorescence, WET Labs ECO-AFL/FL [mg/m^3]
# name 8 = flECO-AFL1: Fluorescence, WET Labs ECO-AFL/FL, 2 [mg/m^3]
# name 9 = flECO-AFL2: Fluorescence, WET Labs ECO-AFL/FL, 3 [mg/m^3]
# name 10 = par/sat/log: PAR/Logarithmic, Satlantic
# name 11 = turbWETntu0: Turbidity, WET Labs ECO [NTU]
# name 12 = prdM: Pressure, Strain Gauge [db]
# name 13 = prdE: Pressure, Strain Gauge [psi]
# name 14 = tv290C: Temperature [ITS-90, deg C]
# name 15 = flag:  0.000e+00
# span 0 =     -0.677,      5.761       
# span 1 =     -0.222,      0.166       
# span 2 =    -0.0066,     9.5304       
# span 3 =     -0.072,    109.302       
# span 4 =   -504.764,    518.306       
# span 5 =-424.102584, 385.500470       
# span 6 =    -4.5000,    65.6100       
# span 7 =    -0.4066,    14.8943       
# span 8 =    -2.1300,     0.9798       
# span 9 =    -2.0304,     3.5955       
# span 10 = 1.1585e-01, 5.6144e+02      
# span 11 =    -1.1253,    70.5396      
# span 12 =     -0.664,      5.650      
# span 13 =     -0.963,      8.194      
# span 14 =    12.1751,    22.1477      
# span 15 = 0.0000e+00, 0.0000e+00      
# interval = seconds: 0.25
# start_time = Sep 29 2025 10:51:13 [Instrument's time stamp, header]
# bad_flag = -9.990e-29
*END*
[from data line 904]
      3.704      0.065     0.0709      0.663    233.749 183.785953    56.3400     2.1492     0.2982     0.9306 1.1605e-01     5.2194      3.633      5.269    14.4013 0.0000e+00
      3.721      0.066     0.0698      0.674    222.762 175.053274    56.3400     2.1187     0.2982     0.9306 1.1607e-01     5.3252      3.649      5.293    14.3774 0.0000e+00
      3.739      0.066     0.0689      0.693    204.246 160.421719    56.3400     2.1073     0.2982     0.9306 1.1592e-01     5.0684      3.666      5.318    14.3527 0.0000e+00
      3.756      0.065     0.0680      0.710    173.164 135.943355    56.3400     2.0615     0.2982     0.9306 1.1607e-01     5.3252      3.683      5.342    14.3284 0.0000e+00
      3.773      0.064     0.0678      0.720    121.260  95.142819    56.0700     2.0729     0.2556     0.8037 1.1607e-01     5.1590      3.699      5.366    14.3052 0.0000e+00
      3.789      0.063     0.0689      0.722     34.702  27.164061    56.0700     2.0348     0.2556     0.8037 1.1615e-01     5.1439      3.715      5.389    14.2836 0.0000e+00
      3.804      0.063     0.0709      0.721   -109.637 -86.152714    56.0700     2.0386     0.2556     0.8037 1.1602e-01     5.1892      3.731      5.411    14.2643 0.0000e+00
      3.819      0.063     0.0727      0.717   -350.232-275.025312    56.0700     2.0577     0.2556     0.8037 1.1607e-01     4.9777      3.745      5.433    14.2485 0.0000e+00
      3.835      0.064     0.0737      0.706   -500.557-393.051225    56.0700     2.0462     0.2556     0.8037 1.1597e-01     5.0381      3.760      5.454    14.2375 0.0000e+00
      3.851      0.065     0.0740      0.689   -350.056-274.955577    56.8800     2.0539     0.2130     0.9729 1.1612e-01     4.9022      3.776      5.477    14.2313 0.0000e+00
      3.868      0.066     0.0739      0.678   -109.297 -86.028785    56.8800     2.0577     0.2130     0.9729 1.1607e-01     5.0079      3.793      5.502    14.2291 0.0000e+00
      3.886      0.067     0.0735      0.678     35.188  27.310976    56.8800     1.9432     0.2130     0.9729 1.1612e-01     4.6756      3.810      5.527    14.2280 0.0000e+00
      3.904      0.068     0.0724      0.683    121.913  95.297679    56.8800     1.9280     0.2130     0.9729 1.1612e-01     4.7209      3.828      5.552    14.2239 0.0000e+00
      3.921      0.067     0.0707      0.688    173.988 136.079179    57.7800     1.9356     0.2556     0.8037 1.1600e-01     4.6756      3.845      5.577    14.2144 0.0000e+00
      3.938      0.066     0.0696      0.690    205.259 160.534554    57.7800     1.9280     0.2556     0.8037 1.1585e-01     4.7662      3.862      5.602    14.2007 0.0000e+00
      3.955      0.063     0.0696      0.691    224.046 175.205311    57.7800     1.7449     0.2556     0.8037 1.1617e-01     4.5850      3.879      5.626    14.1846 0.0000e+00
      3.971      0.060     0.0701      0.688    235.315 183.995618    57.7800     1.7792     0.2556     0.8037 1.1617e-01     4.5094      3.895      5.648    14.1665 0.0000e+00
      3.987      0.056     0.0706      0.680    242.059 189.255577    56.6100     1.7449     0.2556     0.8037 1.1595e-01     4.5245      3.909      5.670    14.1472 0.0000e+00
      4.001      0.052     0.0709      0.669    246.113 192.421978    56.6100     1.7411     0.2556     0.8037 1.1605e-01     4.5396      3.923      5.690    14.1289 0.0000e+00
      4.013      0.048     0.0710      0.662    248.546 194.333171    56.6100     1.7678     0.2556     0.8037 1.1602e-01     4.2375      3.935      5.708    14.1136 0.0000e+00
      4.024      0.044     0.0707      0.657    249.987 195.480736    56.6100     1.7373     0.2556     0.8037 1.1605e-01     4.2526      3.946      5.724    14.1026 0.0000e+00
      4.034      0.041     0.0698      0.653    250.825 196.166676    56.6100     1.7373     0.2556     0.8037 1.1623e-01     4.2526      3.956      5.738    14.0957 0.0000e+00
      4.044      0.040     0.0687      0.649    251.327 196.591980    56.5200     1.7449     0.2130     0.6345 1.1600e-01     4.2526      3.965      5.751    14.0926 0.0000e+00
      4.053      0.040     0.0680      0.646    251.664 196.884121    56.5200     1.7411     0.2130     0.6345 1.1607e-01     4.2224      3.974      5.764    14.0929 0.0000e+00
      4.062      0.040     0.0675      0.645    251.905 197.090887    56.5200     1.7525     0.2130     0.6345 1.1617e-01     4.5094      3.984      5.778    14.0962 0.0000e+00
      4.073      0.042     0.0671      0.648    252.108 197.245329    56.5200     1.7525     0.2130     0.6345 1.1607e-01     4.5698      3.994      5.793    14.1016 0.0000e+00
      4.084      0.044     0.0667      0.652    252.305 197.368554    53.2800     1.7220     0.2130     0.8460 1.1605e-01     4.4641      4.005      5.808    14.1079 0.0000e+00
      4.096      0.046     0.0663      0.656    252.466 197.455268    53.2800     1.7487     0.2130     0.8460 1.1600e-01     4.4490      4.016      5.825    14.1134 0.0000e+00
      4.108      0.047     0.0663      0.661    252.596 197.526584    53.2800     1.6648     0.2130     0.8460 1.1623e-01     4.7511      4.029      5.843    14.1168 0.0000e+00
      4.121      0.048     0.0666      0.665    252.743 197.619589    53.2800     1.6877     0.2130     0.8460 1.1612e-01     4.7209      4.041      5.861    14.1159 0.0000e+00
      4.133      0.048     0.0670      0.666    252.934 197.741014    52.4700     1.6915     0.2130     0.8037 1.1602e-01     4.6454      4.053      5.879    14.1098 0.0000e+00
      4.146      0.048     0.0674      0.663    253.190 197.893121    52.4700     1.6877     0.2130     0.8037 1.1602e-01     4.6454      4.065      5.896    14.1020 0.0000e+00
      4.158      0.047     0.0680      0.656    253.519 198.084343    52.4700     1.7563     0.2130     0.8037 1.1610e-01     4.6907      4.077      5.914    14.0959 0.0000e+00
      4.170      0.046     0.0684      0.649    253.923 198.323502    52.4700     1.7525     0.2130     0.8037 1.1615e-01     4.7360      4.089      5.931    14.0916 0.0000e+00
      4.182      0.045     0.0684      0.642    254.363 198.584013    52.4700     1.7411     0.2130     0.8037 1.1607e-01     4.7964      4.101      5.948    14.0861 0.0000e+00
      4.193      0.043     0.0681      0.635    254.735 198.788754    52.3800     1.7334     0.1704     0.7191 1.1617e-01     4.6605      4.111      5.963    14.0768 0.0000e+00
      4.203      0.042     0.0675      0.627    254.996 198.916015    52.3800     1.8708     0.1704     0.7191 1.1605e-01     5.0381      4.122      5.978    14.0638 0.0000e+00
      4.213      0.042     0.0668      0.621    255.211 199.017802    52.3800     1.8708     0.1704     0.7191 1.1607e-01     5.0381      4.132      5.993    14.0488 0.0000e+00
      4.224      0.042     0.0661      0.613    255.401 199.105191    52.3800     1.8593     0.1704     0.7191 1.1605e-01     4.9022      4.142      6.008    14.0323 0.0000e+00
      4.234      0.042     0.0654      0.603    255.530 199.141242    52.8300     1.8860     0.1704     0.5922 1.1623e-01     4.9626      4.153      6.023    14.0156 0.0000e+00
      4.245      0.043     0.0646      0.596    255.618 199.147616    52.8300     1.7601     0.1704     0.5922 1.1595e-01     5.1892      4.163      6.038    14.0004 0.0000e+00
      4.256      0.043     0.0639      0.594    255.747 199.194282    52.8300     1.7296     0.1704     0.5922 1.1623e-01     5.1892      4.174      6.054    13.9876 0.0000e+00
      4.267      0.043     0.0631      0.597    255.937 199.301717    52.8300     1.7449     0.1704     0.5922 1.1607e-01     5.2798      4.185      6.070    13.9756 0.0000e+00
      4.279      0.043     0.0622      0.606    256.182 199.462422    53.0100     1.7373     0.1704     0.5922 1.1620e-01     5.2496      4.196      6.086    13.9631 0.0000e+00
      4.290      0.044     0.0614      0.619    256.541 199.713228    53.0100     1.5046     0.1704     0.5922 1.1617e-01     4.7360      4.207      6.102    13.9508 0.0000e+00
      4.300      0.045     0.0612      0.631    256.928 199.974420    53.0100     1.5160     0.1704     0.5922 1.1597e-01     4.7662      4.217      6.117    13.9403 0.0000e+00
      4.311      0.046     0.0615      0.641    257.146 200.086717    53.0100     1.5046     0.1704     0.5922 1.1612e-01     4.7964      4.227      6.132    13.9324 0.0000e+00
      4.322      0.048     0.0625      0.646    257.249 200.098140    52.4700     1.4931     0.2130     0.6768 1.1612e-01     4.7058      4.239      6.148    13.9266 0.0000e+00
      4.335      0.050     0.0638      0.644    257.369 200.124191    52.4700     1.4550     0.2130     0.6768 1.1602e-01     5.2194      4.251      6.167    13.9209 0.0000e+00
      4.349      0.052     0.0651      0.638    257.513 200.179847    52.4700     1.4321     0.2130     0.6768 1.1605e-01     5.2043      4.265      6.187    13.9131 0.0000e+00
      4.364      0.053     0.0661      0.629    257.690 200.267898    52.4700     1.4168     0.2130     0.6768 1.1607e-01     5.1741      4.280      6.207    13.9020 0.0000e+00
      4.378      0.054     0.0666      0.622    257.942 200.411824    52.4700     1.4321     0.2130     0.6768 1.1612e-01     5.2950      4.293      6.227    13.8886 0.0000e+00
      4.391      0.055     0.0665      0.619    258.289 200.621890    52.5600     1.4321     0.2130     0.5922 1.1612e-01     4.9022      4.306      6.246    13.8756 0.0000e+00
      4.404      0.056     0.0659      0.618    258.719 200.887841    52.5600     1.4511     0.2130     0.5922 1.1605e-01     5.0230      4.320      6.265    13.8647 0.0000e+00
      4.418      0.057     0.0650      0.616    259.209 201.192233    52.5600     1.4321     0.2130     0.5922 1.1612e-01     4.9626      4.333      6.285    13.8551 0.0000e+00
      4.433      0.059     0.0642      0.617    259.757 201.535905    52.5600     1.4206     0.2130     0.5922 1.1633e-01     4.9324      4.348      6.305    13.8450 0.0000e+00
      4.448      0.062     0.0640      0.619    260.386 201.938203    52.9200     1.4130     0.1704     0.5076 1.1610e-01     4.7964      4.363      6.327    13.8335 0.0000e+00
      4.464      0.065     0.0639      0.616    261.069 202.377868    52.9200     1.4244     0.1704     0.5076 1.1612e-01     4.8115      4.378      6.350    13.8204 0.0000e+00
      4.481      0.068     0.0637      0.612    261.767 202.821517    52.9200     1.4283     0.1704     0.5076 1.1602e-01     4.6454      4.395      6.374    13.8059 0.0000e+00
      4.499      0.071     0.0638      0.610    262.494 203.272973    52.9200     1.4473     0.1704     0.5076 1.1612e-01     4.7662      4.412      6.399    13.7902 0.0000e+00
      4.517      0.073     0.0641      0.613    263.278 203.748181    53.1900     1.4550     0.1704     0.5499 1.1628e-01     5.0533      4.430      6.425    13.7738 0.0000e+00
      4.536      0.075     0.0638      0.619    264.101 204.235273    53.1900     1.4435     0.1704     0.5499 1.1607e-01     4.9173      4.449      6.453    13.7567 0.0000e+00
      4.557      0.076     0.0633      0.624    264.949 204.733577    53.1900     1.4550     0.1704     0.5499 1.1615e-01     4.9324      4.469      6.481    13.7380 0.0000e+00
      4.577      0.075     0.0632      0.623    265.866 205.291608    53.1900     1.4244     0.1704     0.5499 1.1615e-01     4.9022      4.489      6.511    13.7167 0.0000e+00
      4.597      0.073     0.0636      0.618    266.889 205.943675    53.1900     1.5160     0.1704     0.5499 1.1605e-01     5.0079      4.508      6.539    13.6919 0.0000e+00
      4.616      0.069     0.0643      0.608    268.066 206.721046    52.8300     1.4931     0.1704     0.6345 1.1610e-01     4.9173      4.527      6.566    13.6635 0.0000e+00
      4.633      0.065     0.0648      0.595    269.497 207.694420    52.8300     1.5084     0.1704     0.6345 1.1633e-01     5.0381      4.543      6.590    13.6339 0.0000e+00
      4.648      0.062     0.0648      0.587    271.351 208.984758    52.8300     1.5122     0.1704     0.6345 1.1600e-01     4.9475      4.559      6.612    13.6057 0.0000e+00
      4.663      0.058     0.0643      0.584    273.691 210.620745    52.8300     1.5046     0.1704     0.6345 1.1597e-01     5.3101      4.573      6.633    13.5800 0.0000e+00
      4.677      0.056     0.0632      0.583    276.179 212.325405    53.8200     1.5046     0.1704     0.5499 1.1610e-01     5.1288      4.587      6.653    13.5557 0.0000e+00
      4.691      0.055     0.0619      0.585    278.421 213.805864    53.8200     1.5007     0.1704     0.5499 1.1605e-01     5.2194      4.600      6.672    13.5319 0.0000e+00
      4.704      0.054     0.0611      0.589    280.392 215.075109    53.8200     1.5007     0.1704     0.5499 1.1607e-01     5.2798      4.613      6.691    13.5066 0.0000e+00
      4.718      0.053     0.0608      0.595    282.137 216.194260    53.8200     1.5046     0.1704     0.5499 1.1595e-01     5.2194      4.627      6.711    13.4765 0.0000e+00
      4.732      0.053     0.0608      0.603    283.627 217.152251    53.7300     1.4855     0.1278     0.3807 1.1605e-01     5.2043      4.641      6.731    13.4387 0.0000e+00
      4.746      0.052     0.0611      0.610    284.906 217.977433    53.7300     1.5007     0.1278     0.3807 1.1610e-01     5.3252      4.654      6.750    13.3951 0.0000e+00
      4.759      0.051     0.0616      0.616    286.054 218.710970    53.7300     1.4969     0.1278     0.3807 1.1597e-01     5.2647      4.667      6.769    13.3514 0.0000e+00
      4.772      0.050     0.0623      0.618    287.182 219.425859    53.7300     1.4778     0.1278     0.3807 1.1607e-01     4.9626      4.679      6.787    13.3122 0.0000e+00
      4.784      0.050     0.0631      0.621    288.385 220.198163    53.7300     1.5503     0.1278     0.3807 1.1597e-01     4.9928      4.691      6.804    13.2796 0.0000e+00
      4.796      0.051     0.0639      0.623    289.657 221.026783    54.5400     1.4969     0.1278     0.4653 1.1605e-01     4.9928      4.703      6.822    13.2523 0.0000e+00
      4.809      0.052     0.0645      0.619    290.878 221.831155    54.5400     1.4817     0.1278     0.4653 1.1607e-01     5.0381      4.716      6.840    13.2267 0.0000e+00
      4.822      0.054     0.0648      0.608    292.057 222.628767    54.5400     1.4740     0.1278     0.4653 1.1617e-01     5.4007      4.729      6.858    13.2010 0.0000e+00
      4.836      0.056     0.0651      0.597    293.454 223.614222    54.5400     1.4435     0.1278     0.4653 1.1605e-01     5.4913      4.742      6.878    13.1755 0.0000e+00
      4.850      0.058     0.0654      0.592    295.201 224.863344    54.4500     1.4435     0.1278     0.4653 1.1615e-01     5.4007      4.756      6.898    13.1509 0.0000e+00
      4.866      0.060     0.0650      0.593    297.332 226.371483    54.4500     1.4397     0.1278     0.4653 1.1597e-01     5.5518      4.771      6.920    13.1289 0.0000e+00
      4.882      0.061     0.0639      0.591    299.911 228.174881    54.4500     1.5580     0.1278     0.4653 1.1610e-01     5.7028      4.787      6.943    13.1116 0.0000e+00
      4.898      0.061     0.0627      0.584    302.509 229.954101    54.4500     1.5732     0.1278     0.4653 1.1625e-01     5.6877      4.803      6.966    13.0982 0.0000e+00
      4.914      0.060     0.0622      0.577    304.442 231.220307    53.7300     1.5580     0.1704     0.5076 1.1610e-01     5.6424      4.819      6.989    13.0844 0.0000e+00
      4.930      0.057     0.0623      0.574    305.427 231.794258    53.7300     1.5351     0.1704     0.5076 1.1625e-01     5.6424      4.834      7.011    13.0654 0.0000e+00
      4.944      0.053     0.0621      0.574    305.350 231.619806    53.7300     1.6304     0.1704     0.5076 1.1590e-01     6.0654      4.849      7.032    13.0388 0.0000e+00
      4.958      0.049     0.0614      0.578    304.467 230.911890    53.7300     1.6381     0.1704     0.5076 1.1600e-01     6.2618      4.862      7.051    13.0062 0.0000e+00
