Data/DataNotYetUploadedToEDI/Raw_CTD/RawDownloads/092925_fcr50_S7809001.cnv
* Sea-Bird SBE19plus  Data File:
* FileName = C:\R\Reservoirs\Data\DataNotYetUploadedToEDI\Raw_CTD\RawDownloads\092925_fcr50_S7809_0001.hex
* Software version 2.8.0.119
* Temperature SN = 7809
* Conductivity SN = 7809
* System UpLoad Time = Oct 06 2025 16:40:13
* <ApplicationData>
* <Seaterm232>
# nquan = 15
# nvalues = 2097                        
# units = specified
# name 0 = depFM: Depth [fresh water, m]
# name 1 = dz/dtM: Descent Rate [m/s]
# name 2 = sbeox0Mg/L: Oxygen, SBE 43 [mg/l]
# name 3 = sbeox0PS: Oxygen, SBE 43 [% saturation]
# name 4 = specc: Specific Conductance [uS/cm]
# name 5 = c0uS/cm: Conductivity [uS/cm]
# name 6 = flECO-AFL: Fluorescence, WET Labs ECO-AFL/FL [mg/m^3]
# name 7 = ph: pH
# name 8 = orp: Oxidation Reduction Potential [mV]
# name 9 = par/sat/log: PAR/Logarithmic, Satlantic
# name 10 = turbWETntu0: Turbidity, WET Labs ECO [NTU]
# name 11 = prdM: Pressure, Strain Gauge [db]
# name 12 = prdE: Pressure, Strain Gauge [psi]
# name 13 = tv290C: Temperature [ITS-90, deg C]
# name 14 = flag:  0.000e+00
# span 0 =     -0.593,      9.721       
# span 1 =     -0.264,      0.132       
# span 2 =    -0.0203,     7.3403       
# span 3 =     -0.200,     84.514       
# span 4 =      3.407,    496.982       
# span 5 =   3.107399, 375.799438       
# span 6 =    -0.0844,     8.5355       
# span 7 =     -2.126,     11.158       
# span 8 = -1240.7455,   421.8007       
# span 9 = 1.2359e-01, 3.6446e+02       
# span 10 =    -0.1691,   535.9679      
# span 11 =     -0.583,      9.534      
# span 12 =     -0.845,     13.828      
# span 13 =    12.7115,    23.3950      
# span 14 = 0.0000e+00, 0.0000e+00      
# interval = seconds: 0.25
# start_time = Sep 29 2025 12:15:09 [Instrument's time stamp, header]
# bad_flag = -9.990e-29
*END*
[from data line 1157]
      6.217      0.038     3.7038     35.092     63.878  48.364239     0.3489      8.393   100.4050 1.2381e-01    25.5393      6.097      8.844    12.8573 0.0000e+00
      6.226      0.036     3.7055     35.072     63.905  48.384118     0.3671      8.393   100.5185 1.2382e-01    25.6868      6.105      8.855    12.8561 0.0000e+00
      6.236      0.032     3.7104     35.068     63.947  48.415266     0.3724      8.392   100.4653 1.2383e-01    25.7666      6.115      8.870    12.8545 0.0000e+00
      6.246      0.028     3.7128     35.080     63.958  48.423387     0.3635      8.391   100.6221 1.2378e-01    25.7186      6.128      8.888    12.8538 0.0000e+00
      6.251      0.024     3.7090     35.105     63.953  48.418817     0.3431      8.390   100.9510 1.2376e-01    25.6197      6.131      8.893    12.8538 0.0000e+00
      6.253      0.023     3.7059     35.121     63.960  48.423502     0.3337      8.389   101.0865 1.2378e-01    25.5612      6.130      8.891    12.8535 0.0000e+00
      6.258      0.023     3.7065     35.136     63.953  48.416536     0.3497      8.389   100.8845 1.2378e-01    25.6605      6.136      8.899    12.8528 0.0000e+00
      6.264      0.025     3.7064     35.174     63.930  48.398076     0.3692      8.388   100.8313 1.2375e-01    25.8633      6.144      8.911    12.8525 0.0000e+00
      6.269      0.029     3.7116     35.215     63.920  48.390781     0.3617      8.388   101.2177 1.2373e-01    25.8957      6.147      8.915    12.8521 0.0000e+00
      6.276      0.030     3.7128     35.242     63.920  48.391831     0.3346      8.388   101.5983 1.2373e-01    25.8136      6.152      8.923    12.8512 0.0000e+00
      6.289      0.030     3.7121     35.251     63.943  48.410764     0.3246      8.387   101.6472 1.2376e-01    25.7924      6.170      8.948    12.8503 0.0000e+00
      6.301      0.029     3.7183     35.243     63.965  48.429229     0.3398      8.387   101.6367 1.2375e-01    25.8094      6.182      8.966    12.8496 0.0000e+00
      6.307      0.025     3.7227     35.237     63.957  48.424614     0.3689      8.386   101.8158 1.2372e-01    25.8830      6.186      8.972    12.8494 0.0000e+00
      6.311      0.019     3.7258     35.241     63.947  48.418465     0.3765      8.385   102.0061 1.2376e-01    25.8627      6.189      8.975    12.8503 0.0000e+00
      6.314      0.014     3.7271     35.252     63.947  48.418371     0.3489      8.384   102.1304 1.2381e-01    25.7008      6.192      8.981    12.8514 0.0000e+00
      6.317      0.011     3.7244     35.259     63.953  48.423472     0.3267      8.382   102.2860 1.2385e-01    25.5648      6.195      8.985    12.8527 0.0000e+00
      6.318      0.010     3.7243     35.270     63.944  48.416660     0.3405      8.381   102.4256 1.2384e-01    25.5511      6.196      8.986    12.8544 0.0000e+00
      6.319      0.010     3.7241     35.288     63.921  48.399500     0.3747      8.381   102.5278 1.2377e-01    25.6372      6.196      8.987    12.8552 0.0000e+00
      6.322      0.009     3.7261     35.286     63.930  48.406465     0.3821      8.380   102.7467 1.2373e-01    25.6157      6.200      8.991    12.8550 0.0000e+00
      6.326      0.009     3.7267     35.268     63.972  48.437376     0.3554      8.378   103.0941 1.2375e-01    25.4952      6.203      8.997    12.8551 0.0000e+00
      6.329      0.009     3.7262     35.262     63.997  48.455785     0.3339      8.377   103.3724 1.2376e-01    25.4786      6.208      9.003    12.8557 0.0000e+00
      6.331      0.010     3.7312     35.260     63.975  48.438573     0.3392      8.377   103.5309 1.2376e-01    25.5859      6.210      9.006    12.8562 0.0000e+00
      6.331      0.010     3.7301     35.250     63.950  48.419745     0.3607      8.377   103.6329 1.2373e-01    25.6997      6.209      9.006    12.8560 0.0000e+00
      6.332      0.011     3.7266     35.259     63.949  48.418609     0.3611      8.376   103.6590 1.2366e-01    25.6591      6.210      9.007    12.8551 0.0000e+00
      6.336      0.013     3.7266     35.279     63.957  48.424844     0.3360      8.375   103.8467 1.2362e-01    25.5395      6.213      9.012    12.8543 0.0000e+00
      6.341      0.016     3.7280     35.270     63.965  48.431638     0.3241      8.375   104.2681 1.2365e-01    25.5172      6.219      9.019    12.8538 0.0000e+00
      6.345      0.020     3.7245     35.258     63.971  48.437261     0.3249      8.375   104.5375 1.2371e-01    25.5937      6.225      9.027    12.8541 0.0000e+00
      6.350      0.022     3.7252     35.266     63.961  48.429332     0.3369      8.374   104.6090 1.2371e-01    25.8163      6.227      9.032    12.8541 0.0000e+00
      6.356      0.023     3.7311     35.261     63.922  48.399272     0.3705      8.373   104.7881 1.2367e-01    26.0910      6.232      9.039    12.8539 0.0000e+00
      6.364      0.023     3.7281     35.265     63.912  48.391254     0.3900      8.371   105.1544 1.2365e-01    26.1470      6.241      9.052    12.8550 0.0000e+00
      6.371      0.023     3.7237     35.289     63.920  48.395881     0.3718      8.370   105.5102 1.2365e-01    26.0494      6.249      9.064    12.8558 0.0000e+00
      6.376      0.022     3.7299     35.292     63.917  48.391716     0.3586      8.370   105.6487 1.2366e-01    26.0046      6.253      9.069    12.8559 0.0000e+00
      6.381      0.021     3.7259     35.277     63.935  48.404396     0.3801      8.370   105.6243 1.2367e-01    25.9816      6.257      9.076    12.8554 0.0000e+00
      6.386      0.021     3.7252     35.265     63.959  48.422202     0.3993      8.370   105.7319 1.2371e-01    25.9419      6.264      9.086    12.8546 0.0000e+00
      6.391      0.022     3.7324     35.264     63.952  48.416536     0.3983      8.370   106.0030 1.2378e-01    25.8995      6.266      9.089    12.8535 0.0000e+00
      6.396      0.023     3.7301     35.261     63.930  48.399376     0.3769      8.370   106.2354 1.2382e-01    25.8795      6.270      9.094    12.8519 0.0000e+00
      6.402      0.026     3.7293     35.281     63.937  48.405206     0.3494      8.369   106.3045 1.2380e-01    25.9728      6.279      9.106    12.8511 0.0000e+00
      6.409      0.028     3.7261     35.326     63.960  48.423525     0.3404      8.368   106.2363 1.2379e-01    26.0711      6.285      9.116    12.8507 0.0000e+00
      6.416      0.030     3.7287     35.346     63.968  48.430390     0.3428      8.368   106.2705 1.2382e-01    26.1120      6.290      9.123    12.8505 0.0000e+00
      6.425      0.032     3.7261     35.350     63.959  48.424722     0.3532      8.368   106.4608 1.2382e-01    26.0919      6.302      9.140    12.8508 0.0000e+00
      6.435      0.034     3.7268     35.354     63.950  48.418485     0.3492      8.367   106.6440 1.2379e-01    25.8958      6.313      9.156    12.8510 0.0000e+00
      6.441      0.034     3.7367     35.348     63.950  48.418475     0.3372      8.367   106.7651 1.2377e-01    25.7904      6.315      9.159    12.8514 0.0000e+00
      6.450      0.034     3.7361     35.345     63.959  48.424605     0.3406      8.367   106.7206 1.2377e-01    25.8426      6.323      9.171    12.8523 0.0000e+00
      6.461      0.032     3.7357     35.336     63.967  48.429114     0.3404      8.366   106.6213 1.2379e-01    25.8094      6.337      9.192    12.8534 0.0000e+00
      6.471      0.029     3.7383     35.313     63.942  48.409495     0.3426      8.365   106.6830 1.2380e-01    25.7311      6.347      9.206    12.8540 0.0000e+00
      6.479      0.025     3.7347     35.284     63.901  48.377864     0.3503      8.364   106.7791 1.2377e-01    25.6811      6.354      9.215    12.8535 0.0000e+00
      6.484      0.020     3.7366     35.269     63.883  48.364127     0.3348      8.364   107.0093 1.2376e-01    25.7509      6.359      9.224    12.8527 0.0000e+00
      6.487      0.015     3.7357     35.297     63.891  48.370381     0.3132      8.364   107.2289 1.2380e-01    25.8580      6.362      9.227    12.8519 0.0000e+00
      6.489      0.011     3.7325     35.324     63.918  48.389986     0.3297      8.363   107.1104 1.2379e-01    25.8148      6.363      9.229    12.8511 0.0000e+00
      6.491      0.008     3.7301     35.304     63.946  48.410693     0.3684      8.362   107.0397 1.2378e-01    25.7063      6.365      9.231    12.8506 0.0000e+00
      6.493      0.006     3.7249     35.294     63.972  48.430268     0.3818      8.361   107.2346 1.2383e-01    25.6063      6.368      9.236    12.8505 0.0000e+00
      6.494      0.006     3.7307     35.305     63.979  48.436203     0.3665      8.360   107.4877 1.2387e-01    25.5269      6.368      9.236    12.8505 0.0000e+00
      6.495      0.006     3.7376     35.316     63.955  48.418959     0.3418      8.360   107.6054 1.2387e-01    25.7379      6.370      9.238    12.8502 0.0000e+00
      6.497      0.006     3.7302     35.359     63.945  48.412252     0.3406      8.360   107.6249 1.2379e-01    26.2095      6.372      9.242    12.8500 0.0000e+00
      6.499      0.008     3.7287     35.396     63.952  48.418600     0.3689      8.360   107.7237 1.2373e-01    26.4467      6.372      9.242    12.8496 0.0000e+00
      6.500      0.012     3.7344     35.411     63.970  48.432224     0.3683      8.359   107.8531 1.2377e-01    26.3861      6.374      9.245    12.8496 0.0000e+00
      6.502      0.018     3.7290     35.433     63.993  48.449993     0.3326      8.358   108.0709 1.2381e-01    26.2281      6.376      9.248    12.8506 0.0000e+00
      6.506      0.025     3.7388     35.436     63.980  48.442971     0.3122      8.358   108.2921 1.2377e-01    26.0734      6.379      9.252    12.8517 0.0000e+00
      6.512      0.031     3.7428     35.414     63.931  48.410816     0.3300      8.357   108.2906 1.2372e-01    26.0873      6.384      9.259    12.8523 0.0000e+00
      6.523      0.036     3.7409     35.372     63.884  48.378665     0.3650      8.357   108.2256 1.2372e-01    26.2253      6.395      9.275    12.8522 0.0000e+00
      6.537      0.038     3.7469     35.291     63.874  48.371690     0.3767      8.357   108.2805 1.2372e-01    26.2041      6.411      9.298    12.8520 0.0000e+00
      6.549      0.038     3.7464     35.238     63.898  48.389985     0.3557      8.356   108.5232 1.2369e-01    26.0026      6.425      9.318    12.8542 0.0000e+00
      6.559      0.035     3.7421     35.271     63.924  48.409390     0.3272      8.356   108.7521 1.2365e-01    25.8377      6.433      9.331    12.8588 0.0000e+00
      6.567      0.029     3.7410     35.313     63.933  48.415843     0.3310      8.356   108.7250 1.2365e-01    25.8161      6.440      9.340    12.8620 0.0000e+00
      6.573      0.024     3.7286     35.301     63.918  48.404508     0.3439      8.355   108.6250 1.2369e-01    25.8439      6.446      9.349    12.8625 0.0000e+00
      6.578      0.019     3.7177     35.284     63.911  48.399323     0.3424      8.353   108.7475 1.2369e-01    25.8668      6.452      9.358    12.8619 0.0000e+00
      6.581      0.015     3.7283     35.328     63.934  48.416645     0.3453      8.353   109.0884 1.2369e-01    25.8883      6.454      9.360    12.8614 0.0000e+00
      6.584      0.013     3.7344     35.381     63.944  48.423472     0.3375      8.353   109.3909 1.2368e-01    25.8302      6.456      9.364    12.8611 0.0000e+00
      6.587      0.011     3.7320     35.396     63.940  48.418372     0.3393      8.352   109.4790 1.2363e-01    25.8131      6.461      9.370    12.8610 0.0000e+00
      6.590      0.010     3.7234     35.397     63.943  48.418477     0.3675      8.352   109.3795 1.2360e-01    25.8191      6.462      9.373    12.8619 0.0000e+00
      6.591      0.010     3.7340     35.402     63.953  48.424732     0.3865      8.351   109.3064 1.2364e-01    25.7661      6.464      9.375    12.8621 0.0000e+00
      6.594      0.011     3.7412     35.408     63.962  48.430514     0.3699      8.350   109.4560 1.2368e-01    25.6836      6.467      9.379    12.8609 0.0000e+00
      6.596      0.012     3.7405     35.405     63.955  48.424898     0.3329      8.350   109.7250 1.2363e-01    25.5387      6.468      9.381    12.8593 0.0000e+00
      6.599      0.014     3.7411     35.419     63.949  48.420319     0.3303      8.349   109.8063 1.2361e-01    25.5857      6.471      9.385    12.8576 0.0000e+00
      6.603      0.017     3.7405     35.455     63.973  48.438645     0.3639      8.348   109.6642 1.2371e-01    25.8427      6.475      9.392    12.8564 0.0000e+00
      6.607      0.021     3.7445     35.512     63.995  48.456004     0.3808      8.348   109.5561 1.2378e-01    25.9813      6.480      9.398    12.8554 0.0000e+00
      6.611      0.024     3.7393     35.527     63.970  48.439729     0.3683      8.348   109.7027 1.2378e-01    25.9298      6.483      9.403    12.8552 0.0000e+00
      6.619      0.024     3.7441     35.459     63.956  48.432329     0.3459      8.348   109.9748 1.2376e-01    25.8681      6.489      9.411    12.8551 0.0000e+00
      6.629      0.026     3.7446     35.384     63.951  48.430031     0.3431      8.348   110.0068 1.2373e-01    25.9861      6.502      9.430    12.8554 0.0000e+00
      6.637      0.028     3.7550     35.372     63.925  48.411940     0.3510      8.349   109.8312 1.2372e-01    26.1617      6.513      9.446    12.8565 0.0000e+00
      6.640      0.028     3.7598     35.398     63.912  48.404070     0.3499      8.350   109.7442 1.2374e-01    26.2153      6.512      9.445    12.8581 0.0000e+00
      6.645      0.026     3.7466     35.405     63.905  48.398366     0.3467      8.349   109.7295 1.2378e-01    26.1557      6.513      9.445    12.8603 0.0000e+00
      6.655      0.025     3.7365     35.393     63.918  48.406476     0.3285      8.348   109.7396 1.2380e-01    26.0564      6.525      9.465    12.8614 0.0000e+00
      6.666      0.025     3.7351     35.382     63.965  48.438627     0.3140      8.348   109.7798 1.2377e-01    26.0052      6.540      9.486    12.8631 0.0000e+00
      6.670      0.026     3.7433     35.415     64.012  48.469638     0.3210      8.348   109.6996 1.2373e-01    26.0483      6.542      9.488    12.8653 0.0000e+00
      6.672      0.026     3.7401     35.443     64.009  48.463971     0.3461      8.347   109.6305 1.2374e-01    26.2023      6.541      9.487    12.8651 0.0000e+00
      6.678      0.023     3.7426     35.426     63.972  48.433599     0.3595      8.346   109.7193 1.2378e-01    26.2961      6.548      9.497    12.8634 0.0000e+00
      6.688      0.020     3.7344     35.394     63.955  48.419862     0.3325      8.345   109.8271 1.2383e-01    26.2265      6.558      9.512    12.8607 0.0000e+00
      6.695      0.019     3.7438     35.364     63.960  48.424858     0.3111      8.344   109.9004 1.2379e-01    26.1805      6.568      9.525    12.8570 0.0000e+00
      6.698      0.017     3.7492     35.364     63.966  48.430515     0.3178      8.343   110.0031 1.2363e-01    26.1843      6.570      9.529    12.8538 0.0000e+00
      6.699      0.014     3.7433     35.374     63.956  48.424775     0.3393      8.342   110.1227 1.2360e-01    26.1688      6.569      9.527    12.8519 0.0000e+00
      6.701      0.013     3.7432     35.395     63.945  48.418935     0.3539      8.342   110.1422 1.2370e-01    26.1302      6.571      9.531    12.8514 0.0000e+00
      6.705      0.014     3.7341     35.426     63.949  48.423400     0.3521      8.342   110.2388 1.2376e-01    26.0929      6.575      9.537    12.8520 0.0000e+00
      6.709      0.018     3.7395     35.443     63.938  48.415268     0.3508      8.342   110.6018 1.2377e-01    26.0932      6.580      9.542    12.8532 0.0000e+00
      6.713      0.024     3.7371     35.423     63.897  48.384110     0.3558      8.342   110.9173 1.2379e-01    26.0996      6.582      9.546    12.8549 0.0000e+00
      6.718      0.030     3.7411     35.429     63.872  48.364127     0.3788      8.342   110.8708 1.2376e-01    26.1362      6.586      9.553    12.8564 0.0000e+00
