Data/DataNotYetUploadedToEDI/Raw_CTD/RawDownloads/092925_fcr50_S7809001.cnv
* Sea-Bird SBE19plus  Data File:
* FileName = C:\R\Reservoirs\Data\DataNotYetUploadedToEDI\Raw_CTD\RawDownloads\092925_fcr50_S7809_0001.hex
* Software version 2.8.0.119
* Temperature SN = 7809
* Conductivity SN = 7809
* System UpLoad Time = Oct 06 2025 16:40:13
* <ApplicationData>
* <Seaterm232>
# nquan = 15
# nvalues = 2097                        
# units = specified
# name 0 = depFM: Depth [fresh water, m]
# name 1 = dz/dtM: Descent Rate [m/s]
# name 2 = sbeox0Mg/L: Oxygen, SBE 43 [mg/l]
# name 3 = sbeox0PS: Oxygen, SBE 43 [% saturation]
# name 4 = specc: Specific Conductance [uS/cm]
# name 5 = c0uS/cm: Conductivity [uS/cm]
# name 6 = flECO-AFL: Fluorescence, WET Labs ECO-AFL/FL [mg/m^3]
# name 7 = ph: pH
# name 8 = orp: Oxidation Reduction Potential [mV]
# name 9 = par/sat/log: PAR/Logarithmic, Satlantic
# name 10 = turbWETntu0: Turbidity, WET Labs ECO [NTU]
# name 11 = prdM: Pressure, Strain Gauge [db]
# name 12 = prdE: Pressure, Strain Gauge [psi]
# name 13 = tv290C: Temperature [ITS-90, deg C]
# name 14 = flag:  0.000e+00
# span 0 =     -0.593,      9.721       
# span 1 =     -0.264,      0.132       
# span 2 =    -0.0203,     7.3403       
# span 3 =     -0.200,     84.514       
# span 4 =      3.407,    496.982       
# span 5 =   3.107399, 375.799438       
# span 6 =    -0.0844,     8.5355       
# span 7 =     -2.126,     11.158       
# span 8 = -1240.7455,   421.8007       
# span 9 = 1.2359e-01, 3.6446e+02       
# span 10 =    -0.1691,   535.9679      
# span 11 =     -0.583,      9.534      
# span 12 =     -0.845,     13.828      
# span 13 =    12.7115,    23.3950      
# span 14 = 0.0000e+00, 0.0000e+00      
# interval = seconds: 0.25
# start_time = Sep 29 2025 12:15:09 [Instrument's time stamp, header]
# bad_flag = -9.990e-29
*END*
[from data line 1350]
      7.759      0.065     3.7530     35.488     63.924  48.382888     0.3321      8.316   111.9362 1.2373e-01    25.7630      7.611     11.039    12.8372 0.0000e+00
      7.775      0.066     3.7556     35.482     63.949  48.401308     0.3452      8.316   111.9119 1.2373e-01    25.7994      7.624     11.059    12.8384 0.0000e+00
      7.791      0.064     3.7573     35.501     63.944  48.396708     0.3716      8.315   111.9639 1.2377e-01    25.9045      7.640     11.081    12.8396 0.0000e+00
      7.807      0.060     3.7557     35.510     63.937  48.390758     0.3675      8.314   112.0482 1.2384e-01    25.9403      7.657     11.105    12.8404 0.0000e+00
      7.822      0.055     3.7510     35.508     63.940  48.392859     0.3376      8.314   112.0704 1.2385e-01    25.8911      7.672     11.126    12.8408 0.0000e+00
      7.838      0.048     3.7494     35.513     63.979  48.422106     0.3273      8.314   112.0614 1.2386e-01    26.0263      7.686     11.147    12.8407 0.0000e+00
      7.853      0.041     3.7548     35.514     63.984  48.426923     0.3427      8.314   112.1111 1.2386e-01    26.3802      7.702     11.171    12.8401 0.0000e+00
      7.863      0.035     3.7548     35.508     63.930  48.387611     0.3730      8.313   112.1551 1.2380e-01    26.6168      7.715     11.190    12.8399 0.0000e+00
      7.867      0.033     3.7535     35.508     63.931  48.391227     0.3782      8.313   112.1623 1.2377e-01    26.5985      7.716     11.192    12.8392 0.0000e+00
      7.868      0.035     3.7551     35.504     63.950  48.407159     0.3480      8.312   112.1987 1.2379e-01    26.4670      7.713     11.188    12.8385 0.0000e+00
      7.873      0.039     3.7555     35.495     63.927  48.389773     0.3319      8.312   112.2514 1.2379e-01    26.2902      7.717     11.193    12.8394 0.0000e+00
      7.886      0.045     3.7532     35.497     63.905  48.371492     0.3411      8.312   112.2828 1.2372e-01    26.1348      7.731     11.213    12.8413 0.0000e+00
      7.903      0.053     3.7542     35.498     63.915  48.376590     0.3597      8.312   112.2342 1.2370e-01    26.1593      7.750     11.240    12.8436 0.0000e+00
      7.920      0.058     3.7541     35.491     63.933  48.387917     0.3733      8.312   112.0938 1.2369e-01    26.1767      7.768     11.266    12.8454 0.0000e+00
      7.935      0.060     3.7510     35.488     63.926  48.381462     0.3733      8.311   111.9620 1.2364e-01    26.0376      7.782     11.287    12.8450 0.0000e+00
      7.951      0.058     3.7532     35.492     63.902  48.362033     0.3591      8.310   111.9313 1.2364e-01    25.9470      7.797     11.308    12.8431 0.0000e+00
      7.966      0.053     3.7534     35.499     63.879  48.343483     0.3427      8.310   111.9804 1.2373e-01    26.0032      7.813     11.334    12.8413 0.0000e+00
      7.980      0.049     3.7521     35.511     63.886  48.347638     0.3495      8.310   111.9536 1.2380e-01    26.1362      7.826     11.351    12.8398 0.0000e+00
      7.991      0.044     3.7519     35.519     63.890  48.348774     0.3581      8.310   111.8658 1.2377e-01    26.2230      7.836     11.365    12.8386 0.0000e+00
      8.001      0.040     3.7527     35.516     63.902  48.357221     0.3556      8.310   111.8648 1.2376e-01    26.1978      7.847     11.381    12.8378 0.0000e+00
      8.011      0.036     3.7532     35.526     63.942  48.386279     0.3527      8.309   111.9414 1.2376e-01    26.1389      7.857     11.395    12.8372 0.0000e+00
      8.019      0.034     3.7546     35.548     63.938  48.382658     0.3396      8.308   111.9321 1.2372e-01    26.1608      7.864     11.406    12.8357 0.0000e+00
      8.027      0.032     3.7571     35.556     63.931  48.376925     0.3473      8.308   111.8376 1.2367e-01    26.2229      7.871     11.416    12.8342 0.0000e+00
      8.035      0.029     3.7548     35.557     63.935  48.380456     0.3708      8.308   111.6602 1.2366e-01    26.2406      7.879     11.427    12.8335 0.0000e+00
      8.042      0.026     3.7555     35.562     63.910  48.361859     0.3818      8.308   111.3357 1.2370e-01    26.2050      7.887     11.439    12.8329 0.0000e+00
      8.050      0.023     3.7606     35.557     63.883  48.342539     0.3733      8.308   111.0977 1.2375e-01    26.0990      7.894     11.450    12.8325 0.0000e+00
      8.056      0.022     3.7600     35.554     63.874  48.337334     0.3509      8.308   111.0195 1.2377e-01    26.0185      7.901     11.459    12.8322 0.0000e+00
      8.059      0.024     3.7591     35.561     63.906  48.362417     0.3606      8.308   110.9069 1.2374e-01    26.0514      7.904     11.464    12.8320 0.0000e+00
      8.061      0.028     3.7617     35.564     63.945  48.391853     0.3824      8.307   110.5964 1.2373e-01    26.0865      7.905     11.466    12.8323 0.0000e+00
      8.066      0.032     3.7595     35.549     63.926  48.375786     0.3808      8.306   110.1901 1.2374e-01    26.0333      7.907     11.469    12.8333 0.0000e+00
      8.077      0.034     3.7589     35.529     63.906  48.358627     0.3665      8.306   109.9524 1.2371e-01    25.9197      7.918     11.484    12.8347 0.0000e+00
      8.093      0.035     3.7602     35.530     63.929  48.374855     0.3508      8.306   109.7865 1.2370e-01    25.9768      7.937     11.512    12.8361 0.0000e+00
      8.106      0.038     3.7611     35.543     63.939  48.381516     0.3418      8.306   109.4751 1.2369e-01    26.2122      7.952     11.536    12.8360 0.0000e+00
      8.112      0.039     3.7597     35.537     63.932  48.375674     0.3490      8.305   109.1981 1.2368e-01    26.3411      7.956     11.541    12.8345 0.0000e+00
      8.116      0.038     3.7554     35.522     63.923  48.367716     0.3715      8.305   109.0193 1.2372e-01    26.4071      7.956     11.540    12.8327 0.0000e+00
      8.124      0.036     3.7565     35.523     63.900  48.348783     0.3630      8.305   108.6898 1.2372e-01    26.3620      7.965     11.552    12.8314 0.0000e+00
      8.138      0.035     3.7600     35.528     63.885  48.337232     0.3301      8.305   108.3982 1.2369e-01    26.1707      7.981     11.575    12.8309 0.0000e+00
      8.151      0.036     3.7585     35.519     63.910  48.355029     0.3230      8.305   108.3317 1.2371e-01    26.0417      7.997     11.597    12.8303 0.0000e+00
      8.159      0.036     3.7555     35.512     63.935  48.373493     0.3443      8.305   108.2303 1.2370e-01    26.0318      8.003     11.607    12.8294 0.0000e+00
      8.164      0.034     3.7561     35.508     63.931  48.370007     0.3707      8.304   108.0331 1.2368e-01    26.1198      8.006     11.611    12.8287 0.0000e+00
      8.171      0.029     3.7586     35.509     63.939  48.376366     0.3674      8.304   107.8393 1.2374e-01    26.1836      8.012     11.621    12.8279 0.0000e+00
      8.181      0.025     3.7559     35.530     63.953  48.386889     0.3374      8.304   107.6952 1.2380e-01    26.1878      8.023     11.636    12.8273 0.0000e+00
      8.190      0.022     3.7554     35.543     63.931  48.370257     0.3243      8.303   107.8389 1.2377e-01    26.2048      8.034     11.652    12.8271 0.0000e+00
      8.196      0.020     3.7557     35.531     63.925  48.365744     0.3421      8.301   108.1145 1.2375e-01    26.3885      8.038     11.659    12.8271 0.0000e+00
      8.197      0.020     3.7534     35.516     63.964  48.395809     0.3616      8.300   108.0162 1.2377e-01    26.7360      8.038     11.659    12.8269 0.0000e+00
      8.198      0.020     3.7583     35.509     63.989  48.416322     0.3522      8.301   107.7685 1.2374e-01    26.8533      8.038     11.658    12.8268 0.0000e+00
      8.202      0.021     3.7605     35.499     63.996  48.423285     0.3278      8.302   107.7874 1.2371e-01    26.7133      8.042     11.663    12.8268 0.0000e+00
      8.209      0.024     3.7577     35.493     63.985  48.416515     0.3165      8.303   107.9003 1.2373e-01    26.4444      8.051     11.677    12.8270 0.0000e+00
      8.218      0.028     3.7550     35.483     63.957  48.397959     0.3323      8.303   107.8418 1.2381e-01    26.0956      8.059     11.689    12.8276 0.0000e+00
      8.227      0.031     3.7564     35.468     63.942  48.389397     0.3690      8.303   107.6825 1.2384e-01    25.9460      8.068     11.702    12.8287 0.0000e+00
      8.235      0.033     3.7533     35.464     63.919  48.376489     0.3775      8.303   107.6096 1.2381e-01    25.8986      8.077     11.714    12.8299 0.0000e+00
      8.241      0.034     3.7533     35.467     63.902  48.368881     0.3432      8.303   107.4770 1.2376e-01    25.9331      8.081     11.721    12.8313 0.0000e+00
      8.249      0.035     3.7530     35.468     63.883  48.360904     0.3200      8.302   107.2839 1.2372e-01    26.1928      8.087     11.730    12.8331 0.0000e+00
      8.259      0.036     3.7489     35.460     63.856  48.343535     0.3381      8.302   107.2539 1.2370e-01    26.4421      8.099     11.748    12.8351 0.0000e+00
      8.270      0.038     3.7500     35.463     63.865  48.349346     0.3715      8.302   107.2855 1.2369e-01    26.5909      8.112     11.766    12.8381 0.0000e+00
      8.279      0.040     3.7492     35.490     63.895  48.367672     0.3743      8.302   107.0639 1.2372e-01    26.6245      8.120     11.776    12.8431 0.0000e+00
      8.288      0.040     3.7500     35.495     63.910  48.374642     0.3468      8.302   106.6393 1.2376e-01    26.4045      8.127     11.787    12.8486 0.0000e+00
      8.300      0.039     3.7480     35.475     63.909  48.370119     0.3308      8.301   106.4540 1.2378e-01    26.0833      8.139     11.805    12.8513 0.0000e+00
      8.312      0.039     3.7461     35.469     63.922  48.376477     0.3468      8.300   106.5444 1.2377e-01    26.0205      8.153     11.824    12.8500 0.0000e+00
      8.322      0.039     3.7534     35.485     63.941  48.388012     0.3747      8.300   106.6997 1.2372e-01    26.1572      8.161     11.837    12.8465 0.0000e+00
      8.329      0.040     3.7542     35.518     63.936  48.382610     0.3852      8.301   106.6107 1.2373e-01    26.2329      8.167     11.846    12.8427 0.0000e+00
      8.338      0.040     3.7491     35.541     63.928  48.374644     0.3737      8.301   106.2424 1.2378e-01    26.1846      8.176     11.858    12.8395 0.0000e+00
      8.349      0.040     3.7500     35.530     63.903  48.355186     0.3431      8.301   106.0328 1.2373e-01    26.0516      8.187     11.874    12.8369 0.0000e+00
      8.361      0.040     3.7507     35.505     63.881  48.337812     0.3313      8.301   106.0548 1.2363e-01    26.0256      8.200     11.893    12.8351 0.0000e+00
      8.373      0.040     3.7563     35.507     63.905  48.355060     0.3558      8.300   106.0779 1.2361e-01    26.3136      8.211     11.910    12.8335 0.0000e+00
      8.383      0.040     3.7598     35.520     63.930  48.373259     0.3733      8.299   106.0545 1.2365e-01    26.7329      8.221     11.924    12.8321 0.0000e+00
      8.391      0.041     3.7583     35.519     63.923  48.367373     0.3601      8.299   106.1163 1.2370e-01    26.8589      8.229     11.935    12.8313 0.0000e+00
      8.399      0.043     3.7522     35.500     63.898  48.347381     0.3372      8.300   106.2232 1.2375e-01    26.7439      8.236     11.945    12.8307 0.0000e+00
      8.408      0.048     3.7544     35.464     63.865  48.322004     0.3460      8.300   106.2285 1.2375e-01    26.6410      8.244     11.958    12.8303 0.0000e+00
      8.421      0.053     3.7575     35.451     63.856  48.314512     0.3749      8.301   106.3519 1.2370e-01    26.5372      8.254     11.973    12.8300 0.0000e+00
      8.437      0.057     3.7559     35.448     63.865  48.320279     0.3876      8.301   106.6826 1.2372e-01    26.4456      8.273     11.999    12.8295 0.0000e+00
      8.456      0.061     3.7568     35.433     63.876  48.328239     0.3907      8.301   106.7851 1.2378e-01    26.3532      8.294     12.029    12.8290 0.0000e+00
      8.473      0.064     3.7478     35.433     63.901  48.347267     0.3712      8.301   106.6447 1.2378e-01    26.1379      8.311     12.053    12.8284 0.0000e+00
      8.487      0.065     3.7490     35.439     63.918  48.359870     0.3428      8.301   106.6206 1.2379e-01    25.9256      8.323     12.071    12.8278 0.0000e+00
      8.501      0.065     3.7505     35.446     63.911  48.353636     0.3473      8.300   106.9232 1.2377e-01    25.9042      8.335     12.089    12.8272 0.0000e+00
      8.519      0.062     3.7456     35.470     63.887  48.335385     0.3670      8.300   107.4648 1.2375e-01    25.9812      8.354     12.116    12.8268 0.0000e+00
      8.539      0.056     3.7476     35.494     63.879  48.329665     0.3651      8.300   107.7487 1.2374e-01    25.9685      8.374     12.145    12.8266 0.0000e+00
      8.557      0.048     3.7483     35.496     63.904  48.347976     0.3409      8.299   107.6885 1.2369e-01    25.7165      8.392     12.172    12.8262 0.0000e+00
      8.571      0.038     3.7478     35.497     63.928  48.366303     0.3240      8.299   107.6832 1.2367e-01    25.3939      8.409     12.195    12.8259 0.0000e+00
      8.576      0.028     3.7509     35.504     63.921  48.360783     0.3191      8.299   107.8563 1.2371e-01    25.2788      8.413     12.202    12.8260 0.0000e+00
      8.576      0.019     3.7559     35.497     63.899  48.344726     0.3397      8.298   108.0616 1.2372e-01    25.3501      8.408     12.195    12.8257 0.0000e+00
      8.577      0.012     3.7536     35.497     63.923  48.362638     0.3737      8.296   108.1860 1.2372e-01    25.5385      8.409     12.196    12.8256 0.0000e+00
      8.580      0.009     3.7533     35.512     63.954  48.386881     0.3628      8.296   108.2415 1.2376e-01    25.7464      8.415     12.206    12.8255 0.0000e+00
      8.583      0.009     3.7565     35.528     63.949  48.383872     0.3243      8.296   108.2160 1.2377e-01    25.8481      8.418     12.210    12.8254 0.0000e+00
      8.585      0.010     3.7536     35.538     63.954  48.389747     0.3164      8.296   108.1364 1.2370e-01    25.8791      8.419     12.210    12.8257 0.0000e+00
      8.588      0.011     3.7533     35.551     63.957  48.394434     0.3427      8.296   108.1396 1.2367e-01    25.9514      8.421     12.214    12.8259 0.0000e+00
      8.590      0.013     3.7558     35.556     63.931  48.377063     0.3673      8.295   108.2548 1.2371e-01    26.0052      8.424     12.219    12.8263 0.0000e+00
      8.592      0.016     3.7578     35.545     63.919  48.370184     0.3723      8.294   108.2387 1.2373e-01    26.0167      8.425     12.219    12.8268 0.0000e+00
      8.596      0.018     3.7580     35.545     63.923  48.374759     0.3626      8.294   107.9444 1.2376e-01    26.0902      8.428     12.224    12.8282 0.0000e+00
      8.603      0.021     3.7596     35.551     63.913  48.368893     0.3491      8.295   107.7944 1.2374e-01    26.4498      8.437     12.236    12.8302 0.0000e+00
      8.611      0.024     3.7617     35.549     63.903  48.362753     0.3506      8.295   107.9739 1.2369e-01    27.1202      8.445     12.248    12.8323 0.0000e+00
      8.616      0.026     3.7572     35.549     63.905  48.364001     0.3651      8.294   108.2218 1.2369e-01    27.5003      8.449     12.254    12.8342 0.0000e+00
      8.621      0.028     3.7582     35.547     63.930  48.383983     0.3737      8.294   108.2963 1.2367e-01    27.4936      8.453     12.259    12.8355 0.0000e+00
      8.630      0.030     3.7599     35.534     63.969  48.413887     0.3629      8.294   108.1010 1.2366e-01    27.1758      8.462     12.274    12.8367 0.0000e+00
      8.638      0.034     3.7582     35.530     63.961  48.408110     0.3426      8.294   107.9252 1.2370e-01    26.5613      8.472     12.288    12.8376 0.0000e+00
