Data/DataNotYetUploadedToEDI/Raw_CTD/RawDownloads/092925_bvr50_S8188001.cnv
* Sea-Bird SBE19plus  Data File:
* FileName = C:\R\Reservoirs\Data\DataNotYetUploadedToEDI\Raw_CTD\RawDownloads\092925_bvr50_S8188_0001.hex
* Software version 2.8.0.119
* Temperature SN = 8188
* Conductivity SN = 8188
* System UpLoad Time = Oct 06 2025 16:52:16
* <ApplicationData>
* <Seaterm232>
# nquan = 16
# nvalues = 1403                        
# units = specified
# name 0 = depFM: Depth [fresh water, m]
# name 1 = dz/dtM: Descent Rate [m/s]
# name 2 = sbeox0Mg/L: Oxygen, SBE 43 [mg/l]
# name 3 = sbeox0PS: Oxygen, SBE 43 [% saturation]
# name 4 = specc: Specific Conductance [uS/cm]
# name 5 = c0uS/cm: Conductivity [uS/cm]
# name 6 = wetCDOM: Fluorescence, WET Labs CDOM [mg/m^3]
# name 7 = flECO-AFL: Fluorescence, WET Labs ECO-AFL/FL [mg/m^3]
# name 8 = flECO-AFL1: Fluorescence, WET Labs ECO-AFL/FL, 2 [mg/m^3]
# name 9 = flECO-AFL2: Fluorescence, WET Labs ECO-AFL/FL, 3 [mg/m^3]
# name 10 = par/sat/log: PAR/Logarithmic, Satlantic
# name 11 = turbWETntu0: Turbidity, WET Labs ECO [NTU]
# name 12 = prdM: Pressure, Strain Gauge [db]
# name 13 = prdE: Pressure, Strain Gauge [psi]
# name 14 = tv290C: Temperature [ITS-90, deg C]
# name 15 = flag:  0.000e+00
# span 0 =     -0.677,      5.761       
# span 1 =     -0.222,      0.166       
# span 2 =    -0.0066,     9.5304       
# span 3 =     -0.072,    109.302       
# span 4 =   -504.764,    518.306       
# span 5 =-424.102584, 385.500470       
# span 6 =    -4.5000,    65.6100       
# span 7 =    -0.4066,    14.8943       
# span 8 =    -2.1300,     0.9798       
# span 9 =    -2.0304,     3.5955       
# span 10 = 1.1585e-01, 5.6144e+02      
# span 11 =    -1.1253,    70.5396      
# span 12 =     -0.664,      5.650      
# span 13 =     -0.963,      8.194      
# span 14 =    12.1751,    22.1477      
# span 15 = 0.0000e+00, 0.0000e+00      
# interval = seconds: 0.25
# start_time = Sep 29 2025 10:51:13 [Instrument's time stamp, header]
# bad_flag = -9.990e-29
*END*
[from data line 1085]
      5.649      0.007     0.0501      0.501    470.036 351.047485    53.9100     3.6980     0.2130     0.4230 1.1617e-01    20.4316      5.540      8.035    12.4420 0.0000e+00
      5.651      0.008     0.0503      0.511    475.289 354.732894    53.9100     3.7743     0.2130     0.4230 1.1617e-01    32.0787      5.542      8.038    12.4277 0.0000e+00
      5.653      0.008     0.0512      0.519    479.540 357.695674    53.9100     3.7781     0.2130     0.4230 1.1602e-01    32.0636      5.544      8.041    12.4027 0.0000e+00
      5.655      0.009     0.0524      0.520    481.874 359.260799    53.9100     3.7820     0.2130     0.4230 1.1602e-01    32.0636      5.546      8.044    12.3716 0.0000e+00
      5.658      0.010     0.0535      0.514    483.183 360.116692    53.4600     3.7972     0.1704     0.5922 1.1610e-01    32.0182      5.548      8.047    12.3418 0.0000e+00
      5.660      0.011     0.0546      0.509    484.292 360.889951    53.4600     3.5798     0.1704     0.5922 1.1612e-01    33.8763      5.551      8.051    12.3165 0.0000e+00
      5.663      0.012     0.0555      0.508    483.223 360.123099    53.4600     3.5989     0.1704     0.5922 1.1628e-01    33.9519      5.554      8.055    12.2942 0.0000e+00
      5.666      0.013     0.0556      0.509    479.227 357.271911    53.4600     3.5912     0.1704     0.5922 1.1605e-01    33.9367      5.557      8.060    12.2757 0.0000e+00
      5.670      0.014     0.0550      0.507    474.017 353.583831    53.4600     3.6217     0.1704     0.5922 1.1617e-01    33.8612      5.561      8.065    12.2631 0.0000e+00
      5.674      0.015     0.0545      0.499    469.748 350.604336    54.7200     2.8092     0.2556     0.8883 1.1602e-01    57.8502      5.564      8.070    12.2577 0.0000e+00
      5.678      0.015     0.0543      0.490    468.108 349.541285    54.7200     2.7863     0.2556     0.8883 1.1617e-01    57.8956      5.568      8.076    12.2609 0.0000e+00
      5.682      0.016     0.0545      0.486    468.583 349.981807    54.7200     2.8016     0.2556     0.8883 1.1602e-01    57.9409      5.572      8.082    12.2743 0.0000e+00
      5.686      0.015     0.0543      0.484    469.384 350.591337    54.7200     2.7863     0.2556     0.8883 1.1610e-01    57.8956      5.576      8.088    12.2950 0.0000e+00
      5.690      0.015     0.0534      0.484    469.525 350.664750    58.9500     2.4430     0.4260     1.1421 1.1600e-01    56.1734      5.580      8.094    12.3166 0.0000e+00
      5.694      0.014     0.0524      0.488    468.945 350.193277    58.9500     2.4621     0.4260     1.1421 1.1612e-01    56.2187      5.584      8.099    12.3334 0.0000e+00
      5.697      0.013     0.0519      0.495    468.609 349.910815    58.9500     2.4392     0.4260     1.1421 1.1615e-01    56.1583      5.587      8.103    12.3422 0.0000e+00
      5.700      0.012     0.0517      0.504    469.702 350.680520    58.9500     2.4163     0.4260     1.1421 1.1605e-01    56.0979      5.590      8.108    12.3433 0.0000e+00
      5.703      0.012     0.0517      0.512    472.220 352.483159    58.0500     2.4315     0.4686     1.2690 1.1597e-01    70.4641      5.593      8.112    12.3398 0.0000e+00
      5.706      0.011     0.0521      0.517    474.909 354.395603    58.0500     2.4354     0.4686     1.2690 1.1617e-01    70.4641      5.596      8.116    12.3357 0.0000e+00
      5.709      0.011     0.0529      0.515    476.539 355.525871    58.0500     2.4201     0.4686     1.2690 1.1612e-01    70.5396      5.598      8.119    12.3323 0.0000e+00
      5.711      0.011     0.0539      0.507    477.237 355.989281    58.0500     2.4010     0.4686     1.2690 1.1610e-01    70.4641      5.601      8.123    12.3274 0.0000e+00
      5.714      0.011     0.0547      0.499    477.709 356.312072    58.0500     3.1144     0.4686     1.2690 1.1623e-01    54.4664      5.603      8.127    12.3193 0.0000e+00
      5.717      0.010     0.0553      0.494    478.154 356.630908    58.5900     3.1144     0.4260     0.8460 1.1620e-01    54.5117      5.606      8.131    12.3092 0.0000e+00
      5.720      0.010     0.0550      0.490    478.729 357.057108    58.5900     3.1144     0.4260     0.8460 1.1625e-01    54.5721      5.609      8.135    12.3001 0.0000e+00
      5.722      0.010     0.0541      0.489    479.974 357.985556    58.5900     3.1029     0.4260     0.8460 1.1602e-01    54.4362      5.612      8.139    12.2941 0.0000e+00
      5.725      0.009     0.0534      0.492    481.932 359.431129    58.5900     3.0762     0.4260     0.8460 1.1623e-01    43.9221      5.614      8.143    12.2910 0.0000e+00
      5.727      0.009     0.0528      0.498    484.039 360.961853    58.8600     3.1144     0.2556     0.9306 1.1600e-01    43.9825      5.617      8.146    12.2896 0.0000e+00
      5.730      0.008     0.0524      0.508    486.397 362.660163    58.8600     3.1258     0.2556     0.9306 1.1610e-01    43.9825      5.619      8.149    12.2893 0.0000e+00
      5.731      0.007     0.0523      0.516    489.813 365.132737    58.8600     3.1220     0.2556     0.9306 1.1597e-01    43.8617      5.621      8.152    12.2894 0.0000e+00
      5.733      0.006     0.0526      0.515    494.607 368.615901    58.8600     3.3013     0.2556     0.9306 1.1597e-01    34.0123      5.622      8.154    12.2879 0.0000e+00
      5.734      0.005     0.0533      0.507    499.853 372.415035    61.8300     3.2860     0.2556     0.9306 1.1623e-01    33.8763      5.623      8.156    12.2838 0.0000e+00
      5.735      0.004     0.0543      0.496    504.269 375.585419    61.8300     3.2899     0.2556     0.9306 1.1605e-01    34.0425      5.624      8.158    12.2777 0.0000e+00
      5.736      0.004     0.0551      0.487    507.364 377.777675    61.8300     3.2937     0.2556     0.9306 1.1602e-01    33.9367      5.625      8.159    12.2703 0.0000e+00
      5.737      0.003     0.0550      0.476    509.278 379.106484    61.8300     3.2250     0.2556     0.9306 1.1602e-01    31.0816      5.626      8.160    12.2612 0.0000e+00
      5.737      0.003     0.0542      0.465    510.334 379.818832    61.8300     3.2021     0.2556     0.9306 1.1612e-01    31.0816      5.627      8.161    12.2501 0.0000e+00
      5.738      0.004     0.0531      0.457    510.774 380.094548    65.6100     3.2288     0.3408     1.1421 1.1602e-01    30.9155      5.627      8.162    12.2382 0.0000e+00
      5.739      0.004     0.0521      0.451    510.826 380.100335    65.6100     3.2021     0.3408     1.1421 1.1605e-01    31.1421      5.628      8.163    12.2270 0.0000e+00
      5.740      0.004     0.0510      0.449    510.655 379.951174    65.6100     3.2097     0.3408     1.1421 1.1620e-01    31.0665      5.629      8.165    12.2174 0.0000e+00
      5.741      0.004     0.0498      0.452    510.324 379.688311    65.6100     3.4768     0.3408     1.1421 1.1600e-01    39.2844      5.630      8.166    12.2100 0.0000e+00
      5.743      0.005     0.0489      0.454    509.990 379.428002    63.8100     3.4692     0.3834     1.0998 1.1620e-01    39.2240      5.632      8.168    12.2049 0.0000e+00
      5.744      0.005     0.0483      0.453    509.669 379.179832    63.8100     3.4730     0.3834     1.0998 1.1612e-01    39.2542      5.633      8.170    12.2017 0.0000e+00
      5.745      0.005     0.0481      0.452    509.383 378.958637    63.8100     3.4501     0.3834     1.0998 1.1612e-01    39.2240      5.634      8.172    12.1995 0.0000e+00
      5.746      0.005     0.0484      0.453    509.485 379.025448    63.8100     3.4157     0.3834     1.0998 1.1615e-01    35.1151      5.635      8.173    12.1978 0.0000e+00
      5.747      0.005     0.0486      0.456    510.354 379.657329    62.3700     3.4005     0.3408     0.8883 1.1628e-01    35.1453      5.636      8.175    12.1966 0.0000e+00
      5.749      0.005     0.0485      0.463    511.972 380.842516    62.3700     3.3852     0.3408     0.8883 1.1602e-01    35.1302      5.638      8.177    12.1957 0.0000e+00
      5.750      0.004     0.0484      0.473    513.888 382.248892    62.3700     3.4043     0.3408     0.8883 1.1617e-01    35.1302      5.639      8.179    12.1949 0.0000e+00
      5.751      0.004     0.0485      0.487    515.488 383.420941    62.3700     3.2097     0.3408     0.8883 1.1600e-01    32.4412      5.640      8.181    12.1940 0.0000e+00
      5.752      0.004     0.0488      0.504    516.388 384.069509    62.3700     3.2364     0.3408     0.8883 1.1617e-01    32.5167      5.641      8.182    12.1926 0.0000e+00
      5.753      0.004     0.0496      0.517    516.738 384.306774    61.2000     3.2174     0.2556     0.8883 1.1597e-01    32.5167      5.642      8.183    12.1908 0.0000e+00
      5.754      0.004     0.0506      0.523    516.861 384.376329    61.2000     3.2174     0.2556     0.8883 1.1602e-01    32.6376      5.642      8.184    12.1889 0.0000e+00
      5.755      0.004     0.0522      0.524    516.902 384.391943    61.2000     3.3089     0.2556     0.8883 1.1623e-01    31.0816      5.643      8.185    12.1872 0.0000e+00
      5.756      0.004     0.0541      0.520    516.856 384.351702    61.2000     3.3013     0.2556     0.8883 1.1605e-01    31.1270      5.645      8.187    12.1852 0.0000e+00
      5.757      0.004     0.0555      0.514    516.581 384.153700    60.0300     3.3089     0.2982     1.2690 1.1587e-01    31.0212      5.646      8.188    12.1830 0.0000e+00
      5.758      0.004     0.0561      0.506    516.016 383.755270    60.0300     3.2784     0.2982     1.2690 1.1612e-01    31.1421      5.647      8.190    12.1809 0.0000e+00
      5.759      0.003     0.0562      0.500    515.232 383.204142    60.0300     3.0953     0.2982     1.2690 1.1610e-01    30.7644      5.647      8.191    12.1794 0.0000e+00
      5.760      0.003     0.0558      0.493    514.459 382.663311    60.0300     3.1220     0.2982     1.2690 1.1633e-01    30.8248      5.648      8.192    12.1788 0.0000e+00
      5.760      0.002     0.0550      0.486    514.011 382.361311    62.6400     3.1144     0.3834     1.1844 1.1617e-01    30.7191      5.649      8.193    12.1795 0.0000e+00
      5.761      0.001     0.0543      0.482    513.998 382.375622    62.6400     3.1029     0.3834     1.1844 1.1615e-01    30.8550      5.650      8.194    12.1815 0.0000e+00
      5.761     -0.001     0.0536      0.479    514.500 382.762727    62.6400     2.6719     0.3834     1.1844 1.1617e-01    31.3082      5.650      8.194    12.1846 0.0000e+00
      5.761     -0.003     0.0528      0.470    515.680 383.633956    62.6400     2.7024     0.3834     1.1844 1.1605e-01    31.2931      5.650      8.194    12.1880 0.0000e+00
      5.760     -0.005     0.0520      0.458    517.213 384.745553    62.6400     2.6566     0.3834     1.1844 1.1600e-01    31.3687      5.649      8.193    12.1910 0.0000e+00
      5.759     -0.008     0.0517      0.447    518.286 385.500470    62.2800     2.6566     0.3408     1.1421 1.1597e-01    31.3384      5.647      8.191    12.1934 0.0000e+00
      5.756     -0.012     0.0514      0.441    518.306 385.471904    62.2800     3.0648     0.3408     1.1421 1.1620e-01    29.4652      5.645      8.187    12.1946 0.0000e+00
      5.753     -0.016     0.0504      0.441    517.280 384.674520    62.2800     3.0572     0.3408     1.1421 1.1610e-01    29.4804      5.642      8.183    12.1940 0.0000e+00
      5.749     -0.020     0.0490      0.442    515.832 383.574445    62.2800     3.0495     0.3408     1.1421 1.1620e-01    29.3444      5.638      8.177    12.1912 0.0000e+00
      5.743     -0.025     0.0479      0.443    514.642 382.674562    63.3600     3.0381     0.5112     2.4534 1.1605e-01    29.2084      5.632      8.169    12.1870 0.0000e+00
      5.736     -0.030     0.0473      0.446    513.805 382.044870    63.3600     4.5068     0.5112     2.4534 1.1605e-01    50.6445      5.625      8.159    12.1828 0.0000e+00
      5.728     -0.035     0.0472      0.452    513.153 381.559993    63.3600     4.4953     0.5112     2.4534 1.1615e-01    50.7049      5.617      8.147    12.1795 0.0000e+00
      5.718     -0.040     0.0474      0.457    512.611 381.163555    63.3600     4.5029     0.5112     2.4534 1.1585e-01    50.5689      5.608      8.133    12.1773 0.0000e+00
      5.708     -0.046     0.0474      0.462    512.004 380.725531    55.0800     4.4801     0.4686     1.8612 1.1605e-01    50.7049      5.597      8.118    12.1758 0.0000e+00
      5.696     -0.053     0.0478      0.466    511.086 380.064293    55.0800     4.2893     0.4686     1.8612 1.1612e-01    66.5969      5.586      8.101    12.1751 0.0000e+00
      5.682     -0.061     0.0484      0.467    509.834 379.163535    55.0800     4.2588     0.4686     1.8612 1.1623e-01    66.5515      5.572      8.082    12.1751 0.0000e+00
      5.666     -0.071     0.0490      0.472    508.407 378.145639    55.0800     4.2817     0.4686     1.8612 1.1590e-01    66.5213      5.557      8.059    12.1757 0.0000e+00
      5.648     -0.083     0.0495      0.480    506.655 376.903237    55.0800     4.2664     0.4686     1.8612 1.1615e-01    66.4609      5.539      8.033    12.1771 0.0000e+00
      5.626     -0.098     0.0499      0.488    503.868 374.914624    57.4200     2.5498     0.5112     2.1996 1.1617e-01    49.0432      5.518      8.002    12.1792 0.0000e+00
      5.600     -0.115     0.0501      0.490    499.984 372.139543    57.4200     2.5460     0.5112     2.1996 1.1612e-01    48.8468      5.492      7.965    12.1823 0.0000e+00
      5.570     -0.134     0.0506      0.488    496.000 369.320328    57.4200     2.5574     0.5112     2.1996 1.1623e-01    48.9525      5.462      7.922    12.1866 0.0000e+00
      5.534     -0.154     0.0515      0.483    492.199 366.654912    57.4200     2.5574     0.5112     2.1996 1.1600e-01    48.8921      5.427      7.871    12.1928 0.0000e+00
      5.492     -0.172     0.0523      0.478    488.205 363.835368    58.6800     2.5345     0.5112     1.1844 1.1612e-01    41.8072      5.386      7.811    12.2013 0.0000e+00
      5.444     -0.189     0.0525      0.472    484.203 360.976143    58.6800     2.5383     0.5112     1.1844 1.1612e-01    41.7770      5.338      7.743    12.2129 0.0000e+00
      5.391     -0.202     0.0522      0.463    480.079 357.984737    58.6800     2.5803     0.5112     1.1844 1.1605e-01    41.7921      5.286      7.667    12.2277 0.0000e+00
      5.335     -0.212     0.0517      0.449    474.876 354.162617    58.6800     2.5841     0.5112     1.1844 1.1615e-01    41.9129      5.232      7.589    12.2444 0.0000e+00
      5.279     -0.218     0.0511      0.438    468.470 349.443485    58.6800     2.3667     0.5112     1.1844 1.1628e-01    25.3110      5.177      7.509    12.2604 0.0000e+00
      5.222     -0.221     0.0505      0.434    462.574 345.119570    59.1300     2.3629     0.8094     0.9729 1.1623e-01    25.2052      5.121      7.428    12.2731 0.0000e+00
      5.165     -0.222     0.0495      0.438    459.112 342.618179    59.1300     2.3819     0.8094     0.9729 1.1612e-01    25.3714      5.065      7.346    12.2816 0.0000e+00
      5.107     -0.221     0.0480      0.449    458.292 342.072957    59.1300     2.3667     0.8094     0.9729 1.1595e-01    25.2506      5.008      7.264    12.2876 0.0000e+00
      5.051     -0.219     0.0468      0.462    458.619 342.351949    59.1300     2.3514     0.8094     0.9729 1.1607e-01    25.2808      4.953      7.184    12.2939 0.0000e+00
      4.995     -0.216     0.0464      0.471    458.332 342.146635    56.9700     2.2675     0.3408     1.0575 1.1617e-01    19.4950      4.899      7.105    12.3019 0.0000e+00
      4.941     -0.213     0.0468      0.476    456.695 340.929139    56.9700     2.2446     0.3408     1.0575 1.1617e-01    19.4346      4.845      7.028    12.3107 0.0000e+00
      4.887     -0.209     0.0480      0.476    453.745 338.746877    56.9700     2.2370     0.3408     1.0575 1.1617e-01    19.5252      4.793      6.951    12.3178 0.0000e+00
