Data/DataNotYetUploadedToEDI/Raw_CTD/RawDownloads/092922_ccr50_S7809001.cnv
* Sea-Bird SBE19plus  Data File:
* FileName = C:\R\Reservoirs\Data\DataNotYetUploadedToEDI\Raw_CTD\RawDownloads\092922_ccr50_S7809_0001.hex
* Software version 2.8.0.119
* Temperature SN = 7809
* Conductivity SN = 7809
* System UpLoad Time = Sep 30 2022 15:15:37
* <ApplicationData>
* <Seaterm232>
# nquan = 15
# nvalues = 4554                        
# units = specified
# name 0 = depFM: Depth [fresh water, m]
# name 1 = dz/dtM: Descent Rate [m/s]
# name 2 = sbeox0Mg/L: Oxygen, SBE 43 [mg/l]
# name 3 = sbeox0PS: Oxygen, SBE 43 [% saturation]
# name 4 = specc: Specific Conductance [uS/cm]
# name 5 = c0uS/cm: Conductivity [uS/cm]
# name 6 = flECO-AFL: Fluorescence, WET Labs ECO-AFL/FL [mg/m^3]
# name 7 = ph: pH
# name 8 = orp: Oxidation Reduction Potential [mV]
# name 9 = par/sat/log: PAR/Logarithmic, Satlantic
# name 10 = turbWETntu0: Turbidity, WET Labs ECO [NTU]
# name 11 = prdM: Pressure, Strain Gauge [db]
# name 12 = prdE: Pressure, Strain Gauge [psi]
# name 13 = tv290C: Temperature [ITS-90, deg C]
# name 14 = flag:  0.000e+00
# span 0 =     -0.371,     20.894       
# span 1 =     -0.170,      0.074       
# span 2 =     0.0354,     7.1833       
# span 3 =      0.346,     80.733       
# span 4 =      4.639,    202.031       
# span 5 =   4.310431, 147.615260       
# span 6 =     0.2815,   227.4319       
# span 7 =      6.760,     10.778       
# span 8 =   137.0740,  1234.9548       
# span 9 = 1.2360e-01, 2.4019e+03       
# span 10 =    -0.6658,   931.7433      
# span 11 =     -0.364,     20.491      
# span 12 =     -0.528,     29.719      
# span 13 =    11.4977,    21.5204      
# span 14 = 0.0000e+00, 0.0000e+00      
# interval = seconds: 0.25
# start_time = Sep 29 2022 09:27:48 [Instrument's time stamp, header]
# bad_flag = -9.990e-29
*END*
[from data line 1061]
      5.795      0.035     6.2323     70.438     90.370  83.924684     1.4360      8.451   231.5867 6.8804e+01     1.4269      5.681      8.240    21.4292 0.0000e+00
      5.810      0.029     6.2355     70.320     90.368  83.922487     1.4455      8.451   231.5775 6.9036e+01     1.3922      5.700      8.266    21.4291 0.0000e+00
      5.820      0.024     6.2377     70.243     90.356  83.910817     1.4419      8.452   231.6338 6.9722e+01     1.3387      5.712      8.285    21.4291 0.0000e+00
      5.821      0.022     6.2355     70.222     90.356  83.910712     1.4335      8.453   231.5795 7.0122e+01     1.2594      5.710      8.282    21.4289 0.0000e+00
      5.817      0.026     6.2271     70.250     90.367  83.921208     1.4360      8.453   231.4370 6.9780e+01     1.1853      5.702      8.270    21.4288 0.0000e+00
      5.817      0.036     6.2130     70.321     90.355  83.910598     1.4382      8.454   231.3728 6.9230e+01     1.1594      5.703      8.270    21.4287 0.0000e+00
      5.826      0.049     6.2065     70.405     90.354  83.909546     1.4436      8.454   231.4051 6.9133e+01     1.1846      5.711      8.283    21.4288 0.0000e+00
      5.844      0.060     6.2053     70.470     90.353  83.908495     1.4767      8.454   231.3986 6.9028e+01     1.2515      5.727      8.306    21.4288 0.0000e+00
      5.870      0.065     6.2068     70.509     90.342  83.897887     1.5218      8.455   231.2932 6.8315e+01     1.3190      5.755      8.348    21.4287 0.0000e+00
      5.897      0.065     6.2153     70.544     90.354  83.908402     1.5402      8.455   231.2490 6.7301e+01     1.3515      5.787      8.395    21.4285 0.0000e+00
      5.917      0.063     6.2230     70.573     90.354  83.908516     1.5402      8.455   231.2954 6.6562e+01     1.3715      5.808      8.423    21.4282 0.0000e+00
      5.924      0.059     6.2298     70.575     90.344  83.899252     1.5145      8.456   231.3381 6.6492e+01     1.3903      5.813      8.431    21.4281 0.0000e+00
      5.926      0.050     6.2317     70.563     90.370  83.923520     1.4620      8.456   231.3347 6.6725e+01     1.4081      5.807      8.424    21.4282 0.0000e+00
      5.938      0.040     6.2347     70.540     90.396  83.947684     1.4370      8.456   231.3405 6.6429e+01     1.3820      5.816      8.435    21.4282 0.0000e+00
      5.961      0.032     6.2392     70.508     90.385  83.937170     1.4458      8.457   231.3221 6.5650e+01     1.3482      5.848      8.482    21.4280 0.0000e+00
      5.978      0.030     6.2374     70.483     90.371  83.923530     1.4515      8.457   231.2839 6.5280e+01     1.3406      5.872      8.518    21.4282 0.0000e+00
      5.977      0.030     6.2374     70.467     90.356  83.909880     1.4396      8.457   231.3089 6.5648e+01     1.2560      5.866      8.508    21.4281 0.0000e+00
      5.967      0.026     6.2350     70.457     90.345  83.899253     1.4188      8.457   231.3672 6.5995e+01     1.1444      5.846      8.479    21.4280 0.0000e+00
      5.970      0.021     6.2314     70.449     90.370  83.922167     1.4083      8.458   231.4721 6.5685e+01     1.1193      5.847      8.482    21.4282 0.0000e+00
      5.986      0.021     6.2293     70.445     90.381  83.932680     1.4124      8.458   231.5436 6.5137e+01     1.1573      5.871      8.517    21.4281 0.0000e+00
      6.000      0.026     6.2278     70.455     90.345  83.899242     1.4264      8.458   231.5446 6.4929e+01     1.1943      5.890      8.543    21.4279 0.0000e+00
      6.005      0.030     6.2275     70.486     90.345  83.899251     1.4365      8.458   231.5698 6.4977e+01     1.1899      5.890      8.542    21.4278 0.0000e+00
      6.005      0.029     6.2265     70.530     90.381  83.932784     1.4430      8.458   231.6765 6.4937e+01     1.1730      5.885      8.536    21.4277 0.0000e+00
      6.011      0.027     6.2260     70.545     90.371  83.923313     1.4547      8.459   231.8023 6.4611e+01     1.1605      5.893      8.548    21.4278 0.0000e+00
      6.021      0.030     6.2262     70.510     90.359  83.911861     1.4625      8.459   231.8001 6.4181e+01     1.1410      5.907      8.567    21.4279 0.0000e+00
      6.030      0.035     6.2292     70.465     90.369  83.921438     1.4701      8.460   231.8226 6.3908e+01     1.1425      5.914      8.578    21.4277 0.0000e+00
      6.037      0.038     6.2348     70.456     90.359  83.911985     1.4792      8.460   231.9872 6.3682e+01     1.1791      5.917      8.583    21.4276 0.0000e+00
      6.047      0.037     6.2375     70.467     90.372  83.924688     1.4735      8.459   232.0702 6.3359e+01     1.2074      5.928      8.598    21.4274 0.0000e+00
      6.062      0.032     6.2324     70.472     90.397  83.947905     1.4512      8.459   231.9653 6.2884e+01     1.2108      5.946      8.624    21.4275 0.0000e+00
      6.074      0.028     6.2263     70.477     90.387  83.938442     1.4341      8.460   231.9233 6.2476e+01     1.1867      5.959      8.642    21.4277 0.0000e+00
      6.079      0.024     6.2264     70.477     90.386  83.937400     1.4334      8.460   231.9927 6.2481e+01     1.1204      5.963      8.649    21.4277 0.0000e+00
      6.079      0.022     6.2291     70.475     90.384  83.935306     1.4428      8.460   231.9443 6.2729e+01     1.0933      5.962      8.648    21.4276 0.0000e+00
      6.079      0.020     6.2282     70.470     90.359  83.913121     1.4474      8.460   231.8542 6.2797e+01     1.2002      5.961      8.645    21.4275 0.0000e+00
      6.083      0.018     6.2293     70.450     90.371  83.923418     1.4389      8.460   231.8491 6.2495e+01     1.3543      5.963      8.648    21.4275 0.0000e+00
      6.093      0.017     6.2293     70.422     90.381  83.932682     1.4319      8.460   231.8835 6.2099e+01     1.4192      5.974      8.665    21.4275 0.0000e+00
      6.103      0.017     6.2286     70.411     90.344  83.898003     1.4382      8.460   231.9251 6.1979e+01     1.4386      5.988      8.686    21.4278 0.0000e+00
      6.108      0.017     6.2294     70.441     90.330  83.885489     1.4562      8.460   231.9223 6.2085e+01     1.3829      5.992      8.691    21.4277 0.0000e+00
      6.107      0.018     6.2268     70.503     90.355  83.908507     1.4757      8.460   231.8496 6.2188e+01     1.2586      5.989      8.686    21.4278 0.0000e+00
      6.105      0.018     6.2241     70.548     90.369  83.922053     1.4819      8.460   231.8214 6.2151e+01     1.1998      5.986      8.681    21.4277 0.0000e+00
      6.107      0.018     6.2214     70.556     90.369  83.922157     1.4813      8.461   231.8394 6.1936e+01     1.1840      5.986      8.682    21.4276 0.0000e+00
      6.117      0.017     6.2247     70.562     90.356  83.909767     1.4765      8.461   231.8083 6.1616e+01     1.2046      5.997      8.698    21.4277 0.0000e+00
      6.131      0.015     6.2320     70.581     90.345  83.899367     1.4569      8.461   231.7898 6.1292e+01     1.2441      6.015      8.723    21.4276 0.0000e+00
      6.138      0.015     6.2373     70.587     90.371  83.923542     1.4357      8.461   231.8743 6.1049e+01     1.2513      6.024      8.737    21.4279 0.0000e+00
      6.135      0.016     6.2356     70.557     90.397  83.947811     1.4287      8.461   232.0549 6.1093e+01     1.2231      6.019      8.728    21.4280 0.0000e+00
      6.129      0.016     6.2357     70.497     90.387  83.938537     1.4219      8.460   232.1664 6.1363e+01     1.2107      6.006      8.711    21.4278 0.0000e+00
      6.129      0.017     6.2390     70.465     90.387  83.938547     1.4121      8.460   232.1044 6.1360e+01     1.2722      6.005      8.710    21.4276 0.0000e+00
      6.140      0.021     6.2396     70.478     90.397  83.947924     1.4097      8.462   231.9939 6.0880e+01     1.3177      6.020      8.732    21.4275 0.0000e+00
      6.153      0.027     6.2385     70.504     90.372  83.924794     1.4177      8.463   232.0349 6.0265e+01     1.3508      6.037      8.756    21.4273 0.0000e+00
      6.162      0.034     6.2290     70.520     90.360  83.913133     1.4343      8.463   232.2555 6.0022e+01     1.3648      6.045      8.768    21.4272 0.0000e+00
      6.166      0.039     6.2262     70.522     90.383  83.934058     1.4439      8.463   232.4248 6.0172e+01     1.2825      6.047      8.770    21.4275 0.0000e+00
      6.172      0.039     6.2292     70.546     90.372  83.923543     1.4416      8.463   232.4465 6.0215e+01     1.1752      6.050      8.773    21.4275 0.0000e+00
      6.183      0.036     6.2315     70.595     90.361  83.913123     1.4318      8.464   232.3465 5.9780e+01     1.0928      6.061      8.791    21.4273 0.0000e+00
      6.200      0.033     6.2342     70.612     90.385  83.935194     1.4257      8.464   232.2471 5.9000e+01     1.0715      6.081      8.819    21.4274 0.0000e+00
      6.214      0.033     6.2320     70.592     90.386  83.936150     1.4341      8.465   232.1917 5.8591e+01     1.1230      6.099      8.846    21.4275 0.0000e+00
      6.219      0.033     6.2335     70.577     90.374  83.924680     1.4336      8.465   232.0203 5.8884e+01     1.1687      6.103      8.852    21.4272 0.0000e+00
      6.217      0.030     6.2414     70.575     90.373  83.923638     1.4280      8.464   231.8961 5.9122e+01     1.1796      6.094      8.838    21.4269 0.0000e+00
      6.219      0.025     6.2429     70.570     90.373  83.923543     1.4494      8.463   231.9802 5.8685e+01     1.2208      6.093      8.837    21.4268 0.0000e+00
      6.234      0.021     6.2383     70.553     90.373  83.923533     1.4758      8.464   232.0052 5.7909e+01     1.2917      6.112      8.865    21.4268 0.0000e+00
      6.249      0.022     6.2378     70.538     90.373  83.923523     1.4896      8.465   231.8541 5.7520e+01     1.3188      6.134      8.896    21.4267 0.0000e+00
      6.254      0.027     6.2378     70.533     90.373  83.923418     1.4912      8.465   231.8731 5.7814e+01     1.3093      6.138      8.903    21.4267 0.0000e+00
      6.248      0.029     6.2384     70.525     90.372  83.922272     1.4783      8.465   232.0640 5.8194e+01     1.3142      6.125      8.883    21.4266 0.0000e+00
      6.247      0.026     6.2357     70.515     90.358  83.909665     1.4758      8.465   232.0975 5.7913e+01     1.3088      6.118      8.873    21.4265 0.0000e+00
      6.261      0.023     6.2338     70.502     90.346  83.898109     1.4858      8.466   232.0200 5.7082e+01     1.2786      6.137      8.902    21.4267 0.0000e+00
      6.281      0.024     6.2348     70.485     90.358  83.909676     1.4906      8.466   231.9865 5.6526e+01     1.2570      6.166      8.943    21.4267 0.0000e+00
      6.290      0.028     6.2333     70.474     90.372  83.922388     1.4925      8.466   232.0368 5.6681e+01     1.2180      6.173      8.954    21.4266 0.0000e+00
      6.286      0.031     6.2328     70.474     90.374  83.924680     1.4920      8.468   232.1120 5.7091e+01     1.2167      6.163      8.940    21.4267 0.0000e+00
      6.285      0.031     6.2314     70.457     90.388  83.937391     1.4850      8.470   232.1208 5.7110e+01     1.2761      6.158      8.932    21.4267 0.0000e+00
      6.292      0.031     6.2300     70.434     90.400  83.948947     1.4748      8.470   232.0577 5.6541e+01     1.3208      6.168      8.946    21.4267 0.0000e+00
      6.307      0.034     6.2277     70.434     90.387  83.937287     1.4762      8.469   232.0377 5.5769e+01     1.3804      6.185      8.971    21.4267 0.0000e+00
      6.323      0.035     6.2300     70.448     90.373  83.923534     1.4769      8.467   232.1364 5.5333e+01     1.3819      6.203      8.996    21.4267 0.0000e+00
      6.336      0.035     6.2282     70.488     90.358  83.909781     1.4579      8.467   232.2194 5.5318e+01     1.2714      6.216      9.014    21.4268 0.0000e+00
      6.342      0.035     6.2233     70.538     90.346  83.898121     1.4384      8.468   232.1808 5.5487e+01     1.1714      6.221      9.023    21.4268 0.0000e+00
      6.343      0.040     6.2262     70.558     90.358  83.909677     1.4244      8.470   232.1861 5.5568e+01     1.1301      6.221      9.022    21.4270 0.0000e+00
      6.344      0.045     6.2250     70.560     90.371  83.922377     1.4304      8.470   232.2832 5.5238e+01     1.1814      6.218      9.017    21.4271 0.0000e+00
      6.355      0.048     6.2292     70.569     90.373  83.924555     1.4688      8.470   232.2366 5.4445e+01     1.3139      6.226      9.031    21.4267 0.0000e+00
      6.380      0.048     6.2367     70.588     90.385  83.936017     1.4972      8.470   232.0524 5.3562e+01     1.3996      6.254      9.071    21.4266 0.0000e+00
      6.406      0.046     6.2364     70.603     90.383  83.933830     1.4995      8.471   231.9488 5.3029e+01     1.3985      6.288      9.120    21.4268 0.0000e+00
      6.421      0.046     6.2364     70.616     90.344  83.898110     1.4963      8.471   232.0167 5.3099e+01     1.3000      6.306      9.145    21.4271 0.0000e+00
      6.420      0.044     6.2366     70.624     90.330  83.885501     1.4914      8.471   232.0989 5.3464e+01     1.1653      6.297      9.134    21.4273 0.0000e+00
      6.415      0.039     6.2394     70.596     90.355  83.908509     1.4908      8.471   232.0820 5.3374e+01     1.1363      6.284      9.116    21.4274 0.0000e+00
      6.423      0.030     6.2403     70.542     90.369  83.922045     1.4891      8.471   232.0713 5.2578e+01     1.1196      6.293      9.126    21.4274 0.0000e+00
      6.447      0.023     6.2409     70.507     90.369  83.922045     1.4709      8.473   231.9687 5.1690e+01     1.0666      6.323      9.171    21.4272 0.0000e+00
      6.467      0.022     6.2438     70.516     90.355  83.908508     1.4454      8.474   231.7882 5.1532e+01     1.1100      6.350      9.211    21.4273 0.0000e+00
      6.470      0.023     6.2407     70.554     90.330  83.885501     1.4387      8.474   231.7813 5.2204e+01     1.2004      6.351      9.213    21.4279 0.0000e+00
      6.456      0.023     6.2338     70.592     90.344  83.898110     1.4480      8.474   231.7988 5.2856e+01     1.2373      6.329      9.179    21.4283 0.0000e+00
      6.446      0.019     6.2298     70.608     90.382  83.933831     1.4589      8.474   231.7428 5.2685e+01     1.2827      6.311      9.155    21.4282 0.0000e+00
      6.457      0.014     6.2318     70.606     90.384  83.936028     1.4701      8.474   231.7915 5.1864e+01     1.3393      6.326      9.175    21.4276 0.0000e+00
      6.482      0.012     6.2357     70.588     90.372  83.924670     1.4753      8.474   231.7860 5.1162e+01     1.3408      6.360      9.224    21.4270 0.0000e+00
      6.497      0.014     6.2404     70.553     90.372  83.923637     1.4726      8.474   231.6763 5.1161e+01     1.3698      6.381      9.255    21.4273 0.0000e+00
      6.492      0.016     6.2412     70.520     90.372  83.923535     1.4702      8.474   231.6695 5.1825e+01     1.4164      6.372      9.240    21.4276 0.0000e+00
      6.475      0.015     6.2407     70.482     90.372  83.923432     1.4705      8.474   231.7046 5.2331e+01     1.4269      6.345      9.203    21.4277 0.0000e+00
      6.468      0.013     6.2401     70.438     90.370  83.922388     1.4598      8.475   231.6705 5.1973e+01     1.4273      6.335      9.188    21.4274 0.0000e+00
      6.481      0.013     6.2351     70.427     90.358  83.910918     1.4417      8.475   231.6878 5.1094e+01     1.3863      6.353      9.212    21.4271 0.0000e+00
      6.503      0.017     6.2331     70.443     90.359  83.911874     1.4342      8.475   231.8273 5.0500e+01     1.3415      6.381      9.255    21.4268 0.0000e+00
      6.515      0.022     6.2305     70.449     90.383  83.933946     1.4439      8.476   231.8940 5.0534e+01     1.2957      6.395      9.276    21.4271 0.0000e+00
