Data/DataNotYetUploadedToEDI/Raw_CTD/RawDownloads/092925_bvr50_S8188001.cnv
* Sea-Bird SBE19plus  Data File:
* FileName = C:\R\Reservoirs\Data\DataNotYetUploadedToEDI\Raw_CTD\RawDownloads\092925_bvr50_S8188_0001.hex
* Software version 2.8.0.119
* Temperature SN = 8188
* Conductivity SN = 8188
* System UpLoad Time = Oct 06 2025 16:52:16
* <ApplicationData>
* <Seaterm232>
# nquan = 16
# nvalues = 1403                        
# units = specified
# name 0 = depFM: Depth [fresh water, m]
# name 1 = dz/dtM: Descent Rate [m/s]
# name 2 = sbeox0Mg/L: Oxygen, SBE 43 [mg/l]
# name 3 = sbeox0PS: Oxygen, SBE 43 [% saturation]
# name 4 = specc: Specific Conductance [uS/cm]
# name 5 = c0uS/cm: Conductivity [uS/cm]
# name 6 = wetCDOM: Fluorescence, WET Labs CDOM [mg/m^3]
# name 7 = flECO-AFL: Fluorescence, WET Labs ECO-AFL/FL [mg/m^3]
# name 8 = flECO-AFL1: Fluorescence, WET Labs ECO-AFL/FL, 2 [mg/m^3]
# name 9 = flECO-AFL2: Fluorescence, WET Labs ECO-AFL/FL, 3 [mg/m^3]
# name 10 = par/sat/log: PAR/Logarithmic, Satlantic
# name 11 = turbWETntu0: Turbidity, WET Labs ECO [NTU]
# name 12 = prdM: Pressure, Strain Gauge [db]
# name 13 = prdE: Pressure, Strain Gauge [psi]
# name 14 = tv290C: Temperature [ITS-90, deg C]
# name 15 = flag:  0.000e+00
# span 0 =     -0.677,      5.761       
# span 1 =     -0.222,      0.166       
# span 2 =    -0.0066,     9.5304       
# span 3 =     -0.072,    109.302       
# span 4 =   -504.764,    518.306       
# span 5 =-424.102584, 385.500470       
# span 6 =    -4.5000,    65.6100       
# span 7 =    -0.4066,    14.8943       
# span 8 =    -2.1300,     0.9798       
# span 9 =    -2.0304,     3.5955       
# span 10 = 1.1585e-01, 5.6144e+02      
# span 11 =    -1.1253,    70.5396      
# span 12 =     -0.664,      5.650      
# span 13 =     -0.963,      8.194      
# span 14 =    12.1751,    22.1477      
# span 15 = 0.0000e+00, 0.0000e+00      
# interval = seconds: 0.25
# start_time = Sep 29 2025 10:51:13 [Instrument's time stamp, header]
# bad_flag = -9.990e-29
*END*
     -0.677      0.000     7.8986     90.385      1.953   1.836024    -4.5000    -0.2731    -2.1300    -2.0304 5.4997e+02     2.6060     -0.664     -0.963    22.0128 0.0000e+00
     -0.677      0.000     7.8998     90.384      1.958   1.840907    -4.5000    -0.2769    -2.1300    -2.0304 5.4332e+02     2.5758     -0.664     -0.963    22.0129 0.0000e+00
     -0.677      0.000     7.9006     90.383      1.962   1.844037    -4.5000    -0.2426    -2.1300    -2.0304 5.5598e+02     2.5909     -0.664     -0.963    22.0130 0.0000e+00
     -0.677      0.000     7.9006     90.377      1.964   1.846247     0.0000    -0.2464     0.0852     0.1692 5.5513e+02    -0.6117     -0.664     -0.962    22.0131 0.0000e+00
     -0.676      0.001     7.9003     90.369      1.966   1.848127     0.0000    -0.2464     0.0852     0.1692 5.3616e+02    -0.5814     -0.663     -0.962    22.0133 0.0000e+00
     -0.676      0.001     7.9002     90.363      1.968   1.850178     0.0000    -0.2197     0.0852     0.1692 4.7298e+02    -0.5059     -0.663     -0.962    22.0134 0.0000e+00
     -0.676      0.001     7.9001     90.361      1.971   1.852947     0.0000    -0.2769     0.0852     0.1692 4.3625e+02    -0.4908     -0.663     -0.962    22.0136 0.0000e+00
     -0.676      0.001     7.8995     90.359      1.975   1.857173     0.0000    -0.2693     0.0852     0.1692 4.0237e+02    -1.0044     -0.663     -0.962    22.0138 0.0000e+00
     -0.675      0.001     7.8987     90.354      1.983   1.863982     0.0000    -0.2808     0.0852     0.0423 3.7161e+02    -1.0800     -0.662     -0.961    22.0140 0.0000e+00
     -0.675      0.002     7.8982     90.352      1.994   1.875191     0.0000    -0.2541     0.0852     0.0423 3.5620e+02    -0.8836     -0.662     -0.961    22.0143 0.0000e+00
     -0.675      0.002     7.8980     90.352      2.014   1.893787     0.0000    -0.2579     0.0852     0.0423 3.8359e+02    -0.9591     -0.662     -0.960    22.0147 0.0000e+00
     -0.674      0.003     7.8977     90.351      2.047   1.924731     0.0000    -0.2655     0.0852     0.0423 4.0712e+02    -1.0649     -0.661     -0.959    22.0150 0.0000e+00
     -0.674      0.004     7.8973     90.346      2.101   1.976274     0.0000    -0.3036     0.0852     0.1692 4.1688e+02    -1.0800     -0.661     -0.958    22.0154 0.0000e+00
     -0.673      0.005     7.8970     90.342      2.192   2.062161     0.0000    -0.2579     0.0852     0.1692 4.2226e+02    -0.9591     -0.660     -0.957    22.0158 0.0000e+00
     -0.671      0.006     7.8970     90.341      2.348   2.209272     0.0000    -0.2579     0.0852     0.1692 4.3116e+02    -1.0497     -0.658     -0.955    22.0163 0.0000e+00
     -0.670      0.008     7.8968     90.345      2.615   2.460815     0.0000    -0.2655     0.0852     0.1692 4.2892e+02    -1.0044     -0.657     -0.952    22.0167 0.0000e+00
     -0.668      0.010     7.8963     90.351      3.065   2.883868     0.0000    -0.2541     0.0852     0.2115 4.4836e+02    -1.0800     -0.655     -0.950    22.0172 0.0000e+00
     -0.665      0.013     7.8958     90.360      3.820   3.595222     0.0000    -0.2655     0.0852     0.2115 4.4807e+02    -1.0497     -0.652     -0.946    22.0178 0.0000e+00
     -0.662      0.017     7.8957     90.371      5.087   4.788549     0.0000    -0.2617     0.0852     0.2115 4.6302e+02    -0.9138     -0.649     -0.941    22.0185 0.0000e+00
     -0.657      0.022     7.8959     90.379      7.210   6.788036     0.0000     0.5547     0.0852     0.2115 4.7011e+02     0.7479     -0.645     -0.935    22.0195 0.0000e+00
     -0.651      0.028     7.8962     90.386     10.645  10.023460     0.0000     0.5661     0.0426     0.0846 4.7463e+02     0.6875     -0.639     -0.927    22.0209 0.0000e+00
     -0.644      0.035     7.8966     90.391     15.676  14.762870     0.0000     0.5356     0.0426     0.0846 4.7391e+02     0.7781     -0.632     -0.916    22.0232 0.0000e+00
     -0.635      0.042     7.8970     90.396     21.844  20.574957     0.0000     0.5356     0.0426     0.0846 5.0331e+02     0.6422     -0.623     -0.903    22.0267 0.0000e+00
     -0.623      0.048     7.8968     90.404     28.220  26.583690     0.0000     2.4849     0.0426     0.0846 5.3488e+02     2.8930     -0.611     -0.886    22.0324 0.0000e+00
     -0.609      0.052     7.8959     90.417     33.830  31.870748     0.0000     2.5155     0.0426     0.0846 5.5105e+02     2.8930     -0.597     -0.866    22.0415 0.0000e+00
     -0.593      0.054     7.8944     90.429     37.775  35.587325     0.0900     2.4659     0.0852     0.0846 5.6107e+02     2.7571     -0.582     -0.844    22.0540 0.0000e+00
     -0.578      0.053     7.8926     90.441     40.142  37.816191     0.0900     2.5155     0.0852     0.0846 5.6144e+02     2.8024     -0.567     -0.822    22.0677 0.0000e+00
     -0.563      0.050     7.8914     90.455     41.690  39.273258     0.0900     2.6146     0.0852     0.0846 5.5140e+02     2.8477     -0.552     -0.801    22.0798 0.0000e+00
     -0.550      0.046     7.8911     90.467     42.855  40.368997     0.0900     2.6299     0.0852     0.0846 5.4249e+02     2.8175     -0.539     -0.782    22.0884 0.0000e+00
     -0.539      0.040     7.8914     90.475     43.756  41.216267     7.3800     2.6146     0.0852     0.2538 5.4155e+02     2.8175     -0.529     -0.767    22.0928 0.0000e+00
     -0.530      0.035     7.8923     90.480     44.385  41.807865     7.3800     2.6299     0.0852     0.2538 5.2784e+02     2.8477     -0.520     -0.754    22.0941 0.0000e+00
     -0.522      0.031     7.8935     90.481     44.740  42.142132     7.3800     2.7024     0.0852     0.2538 5.1369e+02     2.8930     -0.512     -0.743    22.0938 0.0000e+00
     -0.516      0.028     7.8946     90.486     44.817  42.214545     7.3800     2.6948     0.0852     0.2538 4.9679e+02     2.7722     -0.506     -0.734    22.0930 0.0000e+00
     -0.510      0.028     7.8955     90.499     44.636  42.044412    17.4600     2.6871     0.1278     0.8460 4.7411e+02     2.7873     -0.501     -0.726    22.0921 0.0000e+00
     -0.505      0.031     7.8960     90.526     44.237  41.670062    17.4600     2.6757     0.1278     0.8460 4.3920e+02     2.8779     -0.495     -0.718    22.0913 0.0000e+00
     -0.498      0.038     7.8962     90.575     43.642  41.111233    17.4600     2.6413     0.1278     0.8460 3.6537e+02     2.8628     -0.489     -0.709    22.0908 0.0000e+00
     -0.489      0.049     7.8965     90.656     42.946  40.458024    17.4600     2.6413     0.1278     0.8460 2.8888e+02     2.8024     -0.480     -0.696    22.0911 0.0000e+00
     -0.477      0.062     7.8976     90.786     42.264  39.819200    19.2600     2.6223     0.1278     1.3536 2.7888e+02     2.8326     -0.468     -0.679    22.0920 0.0000e+00
     -0.460      0.078     7.8997     90.981     41.691  39.285422    19.2600     2.6299     0.1278     1.3536 2.6708e+02     2.7269     -0.452     -0.655    22.0934 0.0000e+00
     -0.438      0.094     7.9037     91.251     41.281  38.905626    19.2600     2.6986     0.1278     1.3536 2.6431e+02     6.1409     -0.430     -0.624    22.0954 0.0000e+00
     -0.411      0.110     7.9103     91.599     40.970  38.618381    19.2600     2.6909     0.1278     1.3536 2.7864e+02     6.0654     -0.404     -0.586    22.0986 0.0000e+00
     -0.380      0.124     7.9209     92.021     40.699  38.369004    19.2600     2.6795     0.1278     1.3536 2.9051e+02     6.1258     -0.373     -0.541    22.1036 0.0000e+00
     -0.345      0.135     7.9369     92.491     40.463  38.150766    19.5300     2.6528     0.1278     1.3113 2.8925e+02     6.1258     -0.338     -0.491    22.1104 0.0000e+00
     -0.307      0.145     7.9592     92.985     40.243  37.947310    19.5300     2.6299     0.1278     1.3113 2.9140e+02     3.0743     -0.302     -0.438    22.1182 0.0000e+00
     -0.269      0.153     7.9884     93.484     40.049  37.766142    19.5300     2.6375     0.1278     1.3113 2.9897e+02     3.1196     -0.264     -0.383    22.1259 0.0000e+00
     -0.230      0.159     8.0241     93.983     39.921  37.646610    19.5300     2.6146     0.1278     1.3113 3.0834e+02     3.0139     -0.226     -0.327    22.1327 0.0000e+00
     -0.189      0.164     8.0643     94.476     39.853  37.582739    19.6200     2.5994     0.1278     1.0998 2.9420e+02     3.0592     -0.186     -0.269    22.1383 0.0000e+00
     -0.146      0.166     8.1067     94.950     39.738  37.473822    19.6200     2.6223     0.1278     1.0998 1.8922e+02     2.7420     -0.144     -0.208    22.1423 0.0000e+00
     -0.101      0.163     8.1499     95.355     39.502  37.250966    19.6200     2.6299     0.1278     1.0998 1.5349e+02     2.7873     -0.099     -0.144    22.1448 0.0000e+00
     -0.055      0.156     8.1932     95.595     39.235  36.998186    19.6200     2.5994     0.1278     1.0998 1.3567e+02     2.8779     -0.054     -0.079    22.1460 0.0000e+00
     -0.013      0.144     8.2361     95.547     39.033  36.807454    19.8900     2.6299     0.1278     1.3536 1.2343e+02     2.8628     -0.012     -0.018    22.1463 0.0000e+00
      0.024      0.128     8.2775     95.077     38.894  36.675720    19.8900     2.6070     0.1278     1.3536 1.1257e+02     2.8779      0.023      0.034    22.1459 0.0000e+00
      0.053      0.109     8.3129     94.048     38.797  36.583793    19.8900     2.6146     0.1278     1.3536 1.0720e+02     2.7269      0.053      0.076    22.1451 0.0000e+00
      0.077      0.091     8.3340     92.347     38.733  36.523097    19.8900     2.6375     0.1278     1.3536 1.0858e+02     2.8175      0.076      0.110    22.1442 0.0000e+00
      0.096      0.074     8.3300     89.964     38.684  36.477445    19.8900     2.6070     0.1278     1.3959 1.0428e+02     2.7269      0.095      0.137    22.1432 0.0000e+00
      0.112      0.060     8.2892     87.035     38.639  36.434665    19.8900     2.6299     0.1278     1.3959 1.1257e+02     2.7118      0.110      0.159    22.1425 0.0000e+00
      0.124      0.048     8.1995     83.793     38.597  36.395300    19.8900     2.6375     0.1278     1.3959 1.0692e+02     2.8024      0.122      0.177    22.1422 0.0000e+00
      0.134      0.039     8.0511     80.506     38.565  36.364791    19.8900     2.6070     0.1278     1.3959 1.0989e+02     2.8779      0.132      0.191    22.1423 0.0000e+00
      0.143      0.031     7.8434     77.426     38.550  36.350939    19.8900     2.6070     0.1278     1.3959 1.0898e+02     2.7269      0.140      0.203    22.1424 0.0000e+00
      0.149      0.025     7.5880     74.770     38.559  36.360011    19.8900     2.6681     0.1278     1.4382 1.0531e+02     2.9232      0.147      0.213    22.1425 0.0000e+00
      0.155      0.021     7.3054     72.715     38.590  36.388451    19.8900     2.7291     0.1278     1.4382 1.0107e+02     2.8024      0.152      0.220    22.1425 0.0000e+00
      0.159      0.017     7.0188     71.367     38.617  36.413958    19.8900     2.6681     0.1278     1.4382 9.7720e+01     2.7873      0.156      0.226    22.1424 0.0000e+00
      0.162      0.014     6.7503     70.717     38.612  36.409470    19.8900     2.6642     0.1278     1.4382 9.5288e+01     2.7873      0.159      0.231    22.1423 0.0000e+00
      0.165      0.012     6.5187     70.635     38.579  36.377773    19.8900     2.6909     0.1278     1.3536 9.3504e+01     2.8326      0.162      0.235    22.1422 0.0000e+00
      0.168      0.010     6.3396     70.926     38.546  36.346272    19.8900     2.6757     0.1278     1.3536 9.3199e+01     2.8930      0.165      0.239    22.1420 0.0000e+00
      0.170      0.008     6.2221     71.385     38.529  36.330475    19.8900     2.7024     0.1278     1.3536 9.2997e+01     2.8024      0.167      0.242    22.1419 0.0000e+00
      0.172      0.007     6.1654     71.833     38.529  36.330153    19.8900     2.6757     0.1278     1.3536 9.3564e+01     2.8930      0.169      0.244    22.1419 0.0000e+00
      0.173      0.007     6.1583     72.145     38.541  36.341236    19.9800     2.6948     0.0852     1.3536 9.3687e+01     2.8175      0.170      0.247    22.1419 0.0000e+00
      0.175      0.007     6.1836     72.268     38.542  36.342774    19.9800     2.6795     0.0852     1.3536 9.5433e+01     2.8930      0.172      0.249    22.1419 0.0000e+00
      0.177      0.007     6.2236     72.245     38.517  36.319239    19.9800     2.6795     0.0852     1.3536 9.5870e+01     2.7269      0.173      0.251    22.1419 0.0000e+00
      0.179      0.007     6.2627     72.210     38.487  36.290252    19.9800     2.6871     0.0852     1.3536 9.2092e+01     2.7873      0.175      0.254    22.1418 0.0000e+00
      0.180      0.008     6.2900     72.314     38.467  36.271992    19.9800     2.6795     0.0852     1.3536 8.6299e+01     2.8175      0.177      0.257    22.1416 0.0000e+00
      0.182      0.009     6.3007     72.659     38.450  36.255603    19.9800     2.6795     0.1278     1.3959 9.0682e+01     2.8779      0.179      0.259    22.1415 0.0000e+00
      0.184      0.010     6.2987     73.277     38.428  36.234722    19.9800     2.6642     0.1278     1.3959 9.1275e+01     2.7571      0.181      0.262    22.1414 0.0000e+00
      0.187      0.012     6.2957     74.132     38.410  36.217728    19.9800     2.6681     0.1278     1.3959 9.3321e+01     2.8477      0.183      0.265    22.1414 0.0000e+00
      0.190      0.014     6.3047     75.136     38.406  36.214032    19.9800     2.7253     0.1278     1.3959 9.5786e+01     2.8930      0.186      0.270    22.1414 0.0000e+00
      0.193      0.017     6.3348     76.175     38.420  36.226634    20.0700     2.7215     0.0852     1.4805 9.2012e+01     2.8628      0.190      0.275    22.1414 0.0000e+00
      0.198      0.021     6.3887     77.148     38.450  36.254909    20.0700     2.7215     0.0852     1.4805 8.6788e+01     2.7873      0.194      0.281    22.1414 0.0000e+00
      0.203      0.026     6.4633     77.986     38.496  36.298430    20.0700     2.7443     0.0852     1.4805 8.6018e+01     2.8628      0.200      0.289    22.1413 0.0000e+00
      0.210      0.032     6.5508     78.662     38.556  36.354857    20.0700     2.6604     0.0852     1.4805 8.6863e+01     2.8326      0.206      0.299    22.1411 0.0000e+00
      0.218      0.038     6.6414     79.189     38.616  36.411347    20.0700     2.6719     0.1278     1.3536 8.7223e+01     2.6664      0.214      0.311    22.1408 0.0000e+00
      0.229      0.042     6.7263     79.575     38.661  36.453082    20.0700     2.6719     0.1278     1.3536 9.0152e+01     2.8930      0.225      0.326    22.1405 0.0000e+00
      0.242      0.045     6.7994     79.809     38.688  36.479237    20.0700     2.7024     0.1278     1.3536 9.2694e+01     2.8024      0.237      0.344    22.1403 0.0000e+00
      0.256      0.045     6.8584     79.857     38.703  36.492804    20.0700     2.6757     0.1278     1.3536 9.1355e+01     2.7873      0.251      0.365    22.1402 0.0000e+00
      0.269      0.042     6.9043     79.675     38.695  36.485446    20.1600     2.6871     0.1278     1.4382 9.1533e+01     2.7571      0.264      0.383    22.1402 0.0000e+00
      0.280      0.038     6.9380     79.232     38.658  36.451218    20.1600     2.6948     0.1278     1.4382 8.8733e+01     2.8628      0.275      0.399    22.1402 0.0000e+00
      0.289      0.032     6.9584     78.524     38.605  36.400915    20.1600     2.6719     0.1278     1.4382 8.9216e+01     2.7571      0.284      0.411    22.1402 0.0000e+00
      0.295      0.026     6.9625     77.573     38.554  36.352995    20.1600     2.7329     0.1278     1.4382 8.7109e+01     2.7873      0.290      0.421    22.1403 0.0000e+00
      0.301      0.020     6.9466     76.444     38.518  36.318586    20.1600     2.7024     0.1278     1.4382 8.6111e+01     2.7873      0.295      0.428    22.1404 0.0000e+00
      0.305      0.016     6.9081     75.242     38.486  36.288514    20.0700     2.7405     0.1278     1.3959 8.6599e+01     2.8175      0.299      0.434    22.1404 0.0000e+00
