Data/DataNotYetUploadedToEDI/Raw_CTD/RawDownloads/092922_ccr50_S7809001.cnv
* Sea-Bird SBE19plus  Data File:
* FileName = C:\R\Reservoirs\Data\DataNotYetUploadedToEDI\Raw_CTD\RawDownloads\092922_ccr50_S7809_0001.hex
* Software version 2.8.0.119
* Temperature SN = 7809
* Conductivity SN = 7809
* System UpLoad Time = Sep 30 2022 15:15:37
* <ApplicationData>
* <Seaterm232>
# nquan = 15
# nvalues = 4554                        
# units = specified
# name 0 = depFM: Depth [fresh water, m]
# name 1 = dz/dtM: Descent Rate [m/s]
# name 2 = sbeox0Mg/L: Oxygen, SBE 43 [mg/l]
# name 3 = sbeox0PS: Oxygen, SBE 43 [% saturation]
# name 4 = specc: Specific Conductance [uS/cm]
# name 5 = c0uS/cm: Conductivity [uS/cm]
# name 6 = flECO-AFL: Fluorescence, WET Labs ECO-AFL/FL [mg/m^3]
# name 7 = ph: pH
# name 8 = orp: Oxidation Reduction Potential [mV]
# name 9 = par/sat/log: PAR/Logarithmic, Satlantic
# name 10 = turbWETntu0: Turbidity, WET Labs ECO [NTU]
# name 11 = prdM: Pressure, Strain Gauge [db]
# name 12 = prdE: Pressure, Strain Gauge [psi]
# name 13 = tv290C: Temperature [ITS-90, deg C]
# name 14 = flag:  0.000e+00
# span 0 =     -0.371,     20.894       
# span 1 =     -0.170,      0.074       
# span 2 =     0.0354,     7.1833       
# span 3 =      0.346,     80.733       
# span 4 =      4.639,    202.031       
# span 5 =   4.310431, 147.615260       
# span 6 =     0.2815,   227.4319       
# span 7 =      6.760,     10.778       
# span 8 =   137.0740,  1234.9548       
# span 9 = 1.2360e-01, 2.4019e+03       
# span 10 =    -0.6658,   931.7433      
# span 11 =     -0.364,     20.491      
# span 12 =     -0.528,     29.719      
# span 13 =    11.4977,    21.5204      
# span 14 = 0.0000e+00, 0.0000e+00      
# interval = seconds: 0.25
# start_time = Sep 29 2022 09:27:48 [Instrument's time stamp, header]
# bad_flag = -9.990e-29
*END*
[from data line 3760]
     16.716     -0.078     1.2531     11.887    103.677  77.694581     0.4983      7.442   174.1297 1.2385e-01     3.8914     16.387     23.768    12.4599 0.0000e+00
     16.697     -0.078     1.2499     11.947    103.802  77.799904     0.5002      7.440   174.4841 1.2380e-01     3.9620     16.370     23.742    12.4572 0.0000e+00
     16.688     -0.080     1.2541     12.011    104.002  77.950655     0.4923      7.439   174.6887 1.2377e-01     3.9094     16.364     23.734    12.4571 0.0000e+00
     16.680     -0.084     1.2617     12.106    104.069  77.992204     0.4860      7.439   174.7105 1.2380e-01     3.8702     16.361     23.730    12.4590 0.0000e+00
     16.662     -0.089     1.2668     12.250    103.985  77.920993     0.4905      7.439   174.8343 1.2380e-01     3.8977     16.346     23.707    12.4662 0.0000e+00
     16.630     -0.095     1.2739     12.409    103.896  77.852181     0.5052      7.438   175.0668 1.2378e-01     3.9342     16.311     23.657    12.4750 0.0000e+00
     16.591     -0.101     1.2792     12.557    103.902  77.859209     0.5141      7.436   175.2846 1.2380e-01     3.9365     16.267     23.593    12.4748 0.0000e+00
     16.560     -0.103     1.2877     12.681    103.926  77.878875     0.5067      7.434   175.4036 1.2385e-01     3.8570     16.235     23.546    12.4683 0.0000e+00
     16.541     -0.098     1.3059     12.747    103.868  77.835788     0.4904      7.434   175.4726 1.2389e-01     3.6892     16.221     23.526    12.4632 0.0000e+00
     16.523     -0.087     1.3239     12.777    103.710  77.719522     0.4836      7.433   175.6024 1.2386e-01     3.5821     16.207     23.506    12.4622 0.0000e+00
     16.499     -0.076     1.3383     12.805    103.564  77.616932     0.4914      7.433   175.6821 1.2381e-01     3.5861     16.181     23.470    12.4648 0.0000e+00
     16.474     -0.069     1.3554     12.834    103.544  77.612110     0.5004      7.433   175.7480 1.2380e-01     3.6365     16.153     23.427    12.4660 0.0000e+00
     16.457     -0.069     1.3603     12.864    103.601  77.661235     0.5019      7.432   175.8827 1.2379e-01     3.6790     16.135     23.402    12.4659 0.0000e+00
     16.448     -0.072     1.3616     12.904    103.655  77.702548     0.5005      7.432   176.0205 1.2378e-01     3.6892     16.131     23.396    12.4657 0.0000e+00
     16.438     -0.074     1.3654     12.984    103.695  77.730357     0.5011      7.432   176.2959 1.2376e-01     3.6913     16.124     23.385    12.4686 0.0000e+00
     16.418     -0.075     1.3677     13.108    103.715  77.743282     0.5096      7.430   176.6314 1.2373e-01     3.6708     16.104     23.357    12.4756 0.0000e+00
     16.391     -0.077     1.3712     13.253    103.702  77.731730     0.5276      7.427   176.8075 1.2373e-01     3.6454     16.074     23.315    12.4794 0.0000e+00
     16.363     -0.078     1.3733     13.392    103.684  77.717774     0.5442      7.426   176.8763 1.2377e-01     3.6574     16.045     23.270    12.4787 0.0000e+00
     16.342     -0.077     1.3823     13.514    103.660  77.701629     0.5598      7.426   176.9475 1.2382e-01     3.6795     16.023     23.239    12.4773 0.0000e+00
     16.328     -0.075     1.3961     13.592    103.607  77.663616     0.5745      7.426   177.1517 1.2383e-01     3.7080     16.012     23.224    12.4763 0.0000e+00
     16.315     -0.074     1.4134     13.618    103.573  77.639438     0.5726      7.426   177.4524 1.2383e-01     3.7292     16.002     23.208    12.4755 0.0000e+00
     16.300     -0.074     1.4273     13.626    103.604  77.663480     0.5532      7.426   177.6581 1.2380e-01     3.6627     15.986     23.185    12.4752 0.0000e+00
     16.280     -0.074     1.4422     13.630    103.653  77.700127     0.5405      7.426   177.7465 1.2370e-01     3.5870     15.967     23.158    12.4759 0.0000e+00
     16.256     -0.074     1.4514     13.623    103.655  77.701262     0.5431      7.426   177.8325 1.2361e-01     3.6337     15.942     23.122    12.4770 0.0000e+00
     16.231     -0.074     1.4513     13.598    103.622  77.677206     0.5515      7.426   178.0086 1.2366e-01     3.7151     15.914     23.081    12.4779 0.0000e+00
     16.211     -0.075     1.4527     13.582    103.602  77.663455     0.5595      7.425   178.2417 1.2373e-01     3.7511     15.894     23.053    12.4781 0.0000e+00
     16.199     -0.080     1.4526     13.583    103.597  77.662091     0.5560      7.424   178.5005 1.2376e-01     3.7614     15.885     23.039    12.4778 0.0000e+00
     16.189     -0.088     1.4535     13.581    103.592  77.660716     0.5430      7.423   178.6420 1.2377e-01     3.7366     15.879     23.031    12.4780 0.0000e+00
     16.170     -0.094     1.4486     13.592    103.572  77.646840     0.5266      7.422   178.5756 1.2379e-01     3.6909     15.863     23.006    12.4780 0.0000e+00
     16.138     -0.097     1.4460     13.618    103.536  77.621412     0.5083      7.422   178.6450 1.2379e-01     3.6531     15.829     22.957    12.4784 0.0000e+00
     16.098     -0.095     1.4490     13.643    103.515  77.607452     0.4962      7.422   178.8778 1.2376e-01     3.6546     15.783     22.892    12.4800 0.0000e+00
     16.063     -0.089     1.4463     13.692    103.510  77.605140     0.4972      7.422   179.0676 1.2376e-01     3.7093     15.747     22.840    12.4812 0.0000e+00
     16.043     -0.081     1.4473     13.749    103.493  77.593452     0.5030      7.421   179.3056 1.2380e-01     3.8033     15.728     22.812    12.4816 0.0000e+00
     16.037     -0.073     1.4528     13.783    103.491  77.593232     0.5005      7.419   179.5182 1.2385e-01     3.9024     15.725     22.807    12.4819 0.0000e+00
     16.033     -0.067     1.4519     13.813    103.503  77.602473     0.4912      7.419   179.6586 1.2384e-01     3.9512     15.728     22.811    12.4830 0.0000e+00
     16.017     -0.063     1.4582     13.851    103.469  77.578099     0.4822      7.418   179.7986 1.2379e-01     3.9487     15.713     22.790    12.4838 0.0000e+00
     15.989     -0.065     1.4676     13.910    103.432  77.552709     0.4834      7.417   179.9216 1.2379e-01     3.9399     15.679     22.741    12.4844 0.0000e+00
     15.964     -0.071     1.4679     13.978    103.423  77.549677     0.4971      7.417   180.1128 1.2382e-01     3.9481     15.648     22.695    12.4853 0.0000e+00
     15.950     -0.076     1.4724     14.030    103.408  77.541440     0.5062      7.417   180.3898 1.2383e-01     3.9451     15.638     22.681    12.4854 0.0000e+00
     15.941     -0.076     1.4747     14.082    103.373  77.516661     0.5023      7.417   180.5177 1.2381e-01     3.9376     15.636     22.679    12.4852 0.0000e+00
     15.923     -0.072     1.4816     14.141    103.353  77.504257     0.4909      7.417   180.4539 1.2381e-01     3.9262     15.620     22.655    12.4862 0.0000e+00
     15.896     -0.067     1.4911     14.203    103.369  77.518560     0.4769      7.417   180.4792 1.2385e-01     3.8760     15.587     22.606    12.4884 0.0000e+00
     15.870     -0.065     1.4941     14.258    103.340  77.498965     0.4745      7.417   180.6515 1.2381e-01     3.8430     15.558     22.565    12.4901 0.0000e+00
     15.855     -0.065     1.5007     14.300    103.281  77.457980     0.4871      7.416   180.9019 1.2375e-01     3.8685     15.547     22.549    12.4910 0.0000e+00
     15.847     -0.067     1.5064     14.355    103.287  77.467818     0.5040      7.415   181.1848 1.2381e-01     3.9108     15.539     22.539    12.4921 0.0000e+00
     15.840     -0.071     1.5137     14.446    103.308  77.490838     0.5130      7.415   181.3185 1.2390e-01     3.9445     15.536     22.533    12.4932 0.0000e+00
     15.825     -0.076     1.5200     14.541    103.288  77.482149     0.5042      7.414   181.3996 1.2385e-01     3.9338     15.524     22.516    12.4937 0.0000e+00
     15.800     -0.080     1.5233     14.627    103.292  77.489860     0.4972      7.414   181.5631 1.2380e-01     3.8841     15.498     22.478    12.4948 0.0000e+00
     15.766     -0.082     1.5268     14.757    103.331  77.520533     0.5113      7.413   181.7467 1.2381e-01     3.8565     15.460     22.423    12.4982 0.0000e+00
     15.735     -0.085     1.5390     14.932    103.348  77.535292     0.5343      7.412   181.9847 1.2381e-01     3.8739     15.424     22.370    12.5021 0.0000e+00
     15.719     -0.086     1.5508     15.112    103.348  77.541217     0.5588      7.412   182.2040 1.2380e-01     3.9225     15.412     22.352    12.5050 0.0000e+00
     15.711     -0.086     1.5548     15.283    103.321  77.528637     0.5740      7.412   182.3330 1.2382e-01     3.9321     15.412     22.353    12.5076 0.0000e+00
     15.696     -0.084     1.5699     15.442    103.289  77.510289     0.5599      7.411   182.3402 1.2380e-01     3.8875     15.398     22.335    12.5078 0.0000e+00
     15.667     -0.083     1.5906     15.605    103.287  77.510017     0.5298      7.410   182.2908 1.2375e-01     3.8957     15.365     22.285    12.5077 0.0000e+00
     15.633     -0.083     1.6095     15.783    103.305  77.525347     0.5018      7.410   182.4237 1.2377e-01     3.9976     15.327     22.231    12.5112 0.0000e+00
     15.608     -0.082     1.6285     15.956    103.358  77.568553     0.4868      7.410   182.7424 1.2381e-01     4.0946     15.303     22.195    12.5161 0.0000e+00
     15.591     -0.080     1.6440     16.101    103.377  77.587613     0.4906      7.409   183.0472 1.2378e-01     4.1461     15.289     22.174    12.5187 0.0000e+00
     15.580     -0.079     1.6607     16.216    103.340  77.565188     0.5145      7.409   183.2694 1.2376e-01     4.1419     15.279     22.160    12.5186 0.0000e+00
     15.567     -0.079     1.6809     16.315    103.316  77.551595     0.5513      7.409   183.4497 1.2377e-01     4.0780     15.268     22.144    12.5192 0.0000e+00
     15.547     -0.079     1.7001     16.421    103.312  77.550359     0.5612      7.409   183.5932 1.2377e-01     3.9881     15.251     22.119    12.5208 0.0000e+00
     15.520     -0.078     1.7158     16.550    103.313  77.550246     0.5508      7.408   183.7134 1.2380e-01     3.9087     15.222     22.078    12.5231 0.0000e+00
     15.490     -0.075     1.7269     16.678    103.313  77.550230     0.5504      7.407   183.7853 1.2383e-01     3.9041     15.188     22.028    12.5267 0.0000e+00
     15.467     -0.073     1.7368     16.789    103.310  77.550163     0.5481      7.407   183.8596 1.2383e-01     3.9318     15.163     21.991    12.5290 0.0000e+00
     15.456     -0.071     1.7465     16.883    103.307  77.549433     0.5475      7.407   184.0099 1.2380e-01     3.9367     15.156     21.982    12.5294 0.0000e+00
     15.451     -0.071     1.7624     16.943    103.297  77.541413     0.5520      7.406   184.1398 1.2379e-01     3.9297     15.157     21.982    12.5282 0.0000e+00
     15.437     -0.074     1.7765     16.985    103.263  77.516739     0.5515      7.406   184.3111 1.2377e-01     3.8475     15.143     21.962    12.5286 0.0000e+00
     15.414     -0.080     1.7867     17.019    103.246  77.505275     0.5497      7.406   184.5325 1.2371e-01     3.6939     15.117     21.925    12.5299 0.0000e+00
     15.386     -0.087     1.7998     17.048    103.277  77.529896     0.5474      7.405   184.5803 1.2369e-01     3.6102     15.089     21.884    12.5305 0.0000e+00
     15.358     -0.091     1.8037     17.081    103.314  77.560257     0.5399      7.404   184.5440 1.2376e-01     3.5861     15.060     21.843    12.5304 0.0000e+00
     15.334     -0.087     1.8083     17.112    103.302  77.554651     0.5428      7.404   184.6964 1.2380e-01     3.6420     15.036     21.808    12.5303 0.0000e+00
     15.312     -0.080     1.8123     17.147    103.262  77.525661     0.5583      7.404   184.9608 1.2377e-01     3.8419     15.017     21.779    12.5313 0.0000e+00
     15.291     -0.075     1.8139     17.195    103.264  77.527470     0.5601      7.403   185.1595 1.2375e-01     3.9871     14.995     21.748    12.5317 0.0000e+00
     15.275     -0.073     1.8190     17.247    103.244  77.512978     0.5476      7.403   185.2919 1.2376e-01     3.9641     14.979     21.724    12.5329 0.0000e+00
     15.264     -0.075     1.8208     17.279    103.192  77.477525     0.5231      7.403   185.4432 1.2376e-01     3.9046     14.969     21.711    12.5351 0.0000e+00
     15.249     -0.076     1.8250     17.299    103.185  77.480085     0.4980      7.403   185.5262 1.2380e-01     3.8830     14.957     21.694    12.5355 0.0000e+00
     15.226     -0.074     1.8296     17.332    103.176  77.480403     0.4935      7.403   185.5211 1.2386e-01     3.9075     14.933     21.659    12.5353 0.0000e+00
     15.198     -0.073     1.8372     17.378    103.177  77.481369     0.4935      7.403   185.7258 1.2392e-01     3.9612     14.901     21.613    12.5355 0.0000e+00
     15.173     -0.075     1.8399     17.444    103.196  77.491771     0.5070      7.402   186.1078 1.2395e-01     3.9522     14.874     21.574    12.5365 0.0000e+00
     15.158     -0.081     1.8398     17.521    103.178  77.479079     0.5484      7.401   186.3545 1.2390e-01     3.9009     14.862     21.554    12.5411 0.0000e+00
     15.152     -0.088     1.8446     17.592    103.136  77.455008     0.5694      7.401   186.3859 1.2384e-01     3.8530     14.861     21.555    12.5460 0.0000e+00
     15.139     -0.088     1.8481     17.666    103.125  77.454921     0.5526      7.401   186.4006 1.2381e-01     3.8178     14.854     21.545    12.5458 0.0000e+00
     15.107     -0.083     1.8560     17.729    103.151  77.478026     0.5361      7.401   186.5324 1.2377e-01     3.8508     14.821     21.497    12.5417 0.0000e+00
     15.063     -0.077     1.8656     17.773    103.157  77.480205     0.5293      7.401   186.6894 1.2378e-01     3.9105     14.767     21.417    12.5416 0.0000e+00
     15.031     -0.074     1.8714     17.822    103.164  77.481255     0.5198      7.401   186.8355 1.2379e-01     3.9247     14.728     21.361    12.5468 0.0000e+00
     15.026     -0.071     1.8799     17.856    103.174  77.490723     0.5127      7.400   187.0089 1.2382e-01     3.9206     14.731     21.365    12.5516 0.0000e+00
     15.034     -0.068     1.8883     17.871    103.135  77.467608     0.5013      7.400   187.2366 1.2383e-01     3.9282     14.750     21.393    12.5540 0.0000e+00
     15.029     -0.066     1.8893     17.886    103.113  77.455950     0.4821      7.399   187.3516 1.2377e-01     3.9150     14.748     21.390    12.5520 0.0000e+00
     15.001     -0.068     1.8977     17.885    103.137  77.476869     0.4723      7.399   187.3669 1.2373e-01     3.8974     14.714     21.341    12.5482 0.0000e+00
     14.964     -0.077     1.9013     17.873    103.119  77.466357     0.4832      7.398   187.5942 1.2383e-01     3.9209     14.670     21.277    12.5496 0.0000e+00
     14.936     -0.090     1.9004     17.876    103.102  77.455950     0.4964      7.398   187.8635 1.2391e-01     3.9598     14.641     21.234    12.5539 0.0000e+00
     14.923     -0.101     1.9044     17.888    103.131  77.478133     0.4989      7.397   187.9552 1.2382e-01     3.9230     14.631     21.220    12.5563 0.0000e+00
     14.913     -0.106     1.9033     17.896    103.133  77.480391     0.5055      7.397   188.0141 1.2375e-01     3.7840     14.629     21.217    12.5573 0.0000e+00
     14.891     -0.105     1.9006     17.912    103.136  77.483247     0.5099      7.397   187.9732 1.2378e-01     3.6793     14.612     21.193    12.5587 0.0000e+00
     14.850     -0.097     1.9010     17.931    103.176  77.512674     0.5014      7.397   187.8053 1.2378e-01     3.6820     14.568     21.128    12.5600 0.0000e+00
     14.801     -0.085     1.9039     17.946    103.186  77.518460     0.4942      7.397   187.7908 1.2373e-01     3.7482     14.508     21.041    12.5598 0.0000e+00
