Data/DataNotYetUploadedToEDI/Raw_CTD/RawDownloads/092922_ccr50_S7809001.cnv
* Sea-Bird SBE19plus  Data File:
* FileName = C:\R\Reservoirs\Data\DataNotYetUploadedToEDI\Raw_CTD\RawDownloads\092922_ccr50_S7809_0001.hex
* Software version 2.8.0.119
* Temperature SN = 7809
* Conductivity SN = 7809
* System UpLoad Time = Sep 30 2022 15:15:37
* <ApplicationData>
* <Seaterm232>
# nquan = 15
# nvalues = 4554                        
# units = specified
# name 0 = depFM: Depth [fresh water, m]
# name 1 = dz/dtM: Descent Rate [m/s]
# name 2 = sbeox0Mg/L: Oxygen, SBE 43 [mg/l]
# name 3 = sbeox0PS: Oxygen, SBE 43 [% saturation]
# name 4 = specc: Specific Conductance [uS/cm]
# name 5 = c0uS/cm: Conductivity [uS/cm]
# name 6 = flECO-AFL: Fluorescence, WET Labs ECO-AFL/FL [mg/m^3]
# name 7 = ph: pH
# name 8 = orp: Oxidation Reduction Potential [mV]
# name 9 = par/sat/log: PAR/Logarithmic, Satlantic
# name 10 = turbWETntu0: Turbidity, WET Labs ECO [NTU]
# name 11 = prdM: Pressure, Strain Gauge [db]
# name 12 = prdE: Pressure, Strain Gauge [psi]
# name 13 = tv290C: Temperature [ITS-90, deg C]
# name 14 = flag:  0.000e+00
# span 0 =     -0.371,     20.894       
# span 1 =     -0.170,      0.074       
# span 2 =     0.0354,     7.1833       
# span 3 =      0.346,     80.733       
# span 4 =      4.639,    202.031       
# span 5 =   4.310431, 147.615260       
# span 6 =     0.2815,   227.4319       
# span 7 =      6.760,     10.778       
# span 8 =   137.0740,  1234.9548       
# span 9 = 1.2360e-01, 2.4019e+03       
# span 10 =    -0.6658,   931.7433      
# span 11 =     -0.364,     20.491      
# span 12 =     -0.528,     29.719      
# span 13 =    11.4977,    21.5204      
# span 14 = 0.0000e+00, 0.0000e+00      
# interval = seconds: 0.25
# start_time = Sep 29 2022 09:27:48 [Instrument's time stamp, header]
# bad_flag = -9.990e-29
*END*
[from data line 868]
      4.691      0.037     6.2256     70.556     90.386  83.938660     1.3777      8.410   228.7038 1.2443e+02     1.1597      4.596      6.668    21.4284 0.0000e+00
      4.694      0.034     6.2297     70.532     90.388  83.939910     1.3795      8.410   228.7498 1.2478e+02     1.1748      4.597      6.667    21.4285 0.0000e+00
      4.709      0.031     6.2335     70.479     90.413  83.963032     1.3752      8.409   228.7944 1.2336e+02     1.1423      4.617      6.697    21.4285 0.0000e+00
      4.727      0.030     6.2369     70.418     90.414  83.963971     1.3595      8.409   228.8994 1.2173e+02     1.1079      4.639      6.728    21.4283 0.0000e+00
      4.737      0.028     6.2367     70.388     90.400  83.951257     1.3550      8.409   228.9855 1.2105e+02     1.1344      4.649      6.742    21.4282 0.0000e+00
      4.739      0.022     6.2349     70.389     90.384  83.936442     1.3635      8.409   228.9755 1.2090e+02     1.1897      4.647      6.741    21.4279 0.0000e+00
      4.740      0.016     6.2301     70.387     90.358  83.911964     1.3707      8.408   229.0367 1.2076e+02     1.1964      4.646      6.739    21.4279 0.0000e+00
      4.741      0.013     6.2222     70.352     90.355  83.909549     1.3755      8.408   229.1235 1.2153e+02     1.1804      4.650      6.745    21.4281 0.0000e+00
      4.743      0.015     6.2201     70.283     90.353  83.907236     1.3805      8.409   229.1642 1.2239e+02     1.1676      4.652      6.747    21.4280 0.0000e+00
      4.746      0.017     6.2213     70.193     90.328  83.884000     1.3810      8.410   229.0991 1.2123e+02     1.1448      4.653      6.749    21.4279 0.0000e+00
      4.752      0.018     6.2226     70.129     90.328  83.882853     1.3722      8.410   228.9380 1.1851e+02     1.1094      4.659      6.757    21.4279 0.0000e+00
      4.760      0.017     6.2189     70.134     90.339  83.893377     1.3658      8.409   228.8515 1.1721e+02     1.0812      4.669      6.770    21.4277 0.0000e+00
      4.767      0.017     6.2129     70.175     90.329  83.884113     1.3705      8.409   228.9139 1.1838e+02     1.1111      4.678      6.785    21.4277 0.0000e+00
      4.770      0.017     6.2038     70.235     90.344  83.897971     1.3960      8.409   229.0040 1.1914e+02     1.1986      4.680      6.788    21.4276 0.0000e+00
      4.769      0.017     6.1945     70.321     90.382  83.933796     1.4331      8.409   228.9941 1.1790e+02     1.2496      4.676      6.781    21.4276 0.0000e+00
      4.771      0.016     6.1987     70.407     90.384  83.935900     1.4439      8.410   228.9665 1.1676e+02     1.2160      4.677      6.782    21.4276 0.0000e+00
      4.777      0.015     6.2017     70.453     90.371  83.923407     1.4347      8.410   229.0149 1.1713e+02     1.1671      4.684      6.794    21.4274 0.0000e+00
      4.785      0.013     6.2065     70.462     90.357  83.909871     1.4300      8.410   229.0629 1.1753e+02     1.1371      4.693      6.808    21.4273 0.0000e+00
      4.792      0.013     6.2155     70.469     90.346  83.899367     1.4288      8.410   229.1162 1.1693e+02     1.1271      4.701      6.818    21.4274 0.0000e+00
      4.794      0.014     6.2241     70.462     90.372  83.923523     1.4292      8.410   229.2293 1.1665e+02     1.1829      4.703      6.821    21.4274 0.0000e+00
      4.791      0.016     6.2292     70.437     90.398  83.947685     1.4345      8.410   229.3118 1.1741e+02     1.2306      4.699      6.816    21.4274 0.0000e+00
      4.790      0.017     6.2265     70.417     90.386  83.937264     1.4350      8.411   229.2535 1.1796e+02     1.2598      4.695      6.808    21.4273 0.0000e+00
      4.795      0.017     6.2293     70.394     90.372  83.924646     1.4176      8.412   229.1275 1.1732e+02     1.3309      4.698      6.814    21.4273 0.0000e+00
      4.807      0.012     6.2289     70.369     90.370  83.922249     1.3913      8.412   229.0783 1.1592e+02     1.3729      4.714      6.838    21.4271 0.0000e+00
      4.820      0.007     6.2244     70.356     90.355  83.908288     1.3673      8.412   229.0894 1.1467e+02     1.3589      4.730      6.861    21.4272 0.0000e+00
      4.823      0.003     6.2246     70.372     90.328  83.882969     1.3601      8.412   229.0884 1.1460e+02     1.3661      4.734      6.867    21.4277 0.0000e+00
      4.815      0.003     6.2216     70.416     90.314  83.870370     1.3869      8.412   229.1527 1.1620e+02     1.3574      4.724      6.852    21.4280 0.0000e+00
      4.801      0.005     6.2192     70.446     90.328  83.883073     1.4333      8.412   229.2637 1.1784e+02     1.2877      4.706      6.826    21.4278 0.0000e+00
      4.796      0.008     6.2176     70.438     90.356  83.909434     1.4553      8.412   229.2264 1.1715e+02     1.2402      4.696      6.812    21.4276 0.0000e+00
      4.806      0.011     6.2184     70.418     90.383  83.934848     1.4523      8.411   229.1325 1.1441e+02     1.2271      4.709      6.830    21.4275 0.0000e+00
      4.826      0.013     6.2245     70.408     90.384  83.936100     1.4317      8.411   229.1605 1.1270e+02     1.1976      4.735      6.869    21.4273 0.0000e+00
      4.837      0.014     6.2282     70.400     90.372  83.924570     1.3892      8.411   229.2217 1.1402e+02     1.1229      4.750      6.890    21.4272 0.0000e+00
      4.834      0.013     6.2259     70.392     90.371  83.922574     1.3711      8.411   229.1827 1.1594e+02     1.0419      4.743      6.879    21.4275 0.0000e+00
      4.825      0.012     6.2229     70.388     90.360  83.911955     1.3876      8.412   229.1190 1.1559e+02     1.0719      4.728      6.858    21.4277 0.0000e+00
      4.821      0.011     6.2232     70.394     90.371  83.923303     1.3973      8.412   229.1405 1.1435e+02     1.2461      4.723      6.851    21.4275 0.0000e+00
      4.826      0.013     6.2223     70.422     90.381  83.932662     1.3878      8.413   229.1847 1.1401e+02     1.4065      4.730      6.861    21.4274 0.0000e+00
      4.838      0.017     6.2214     70.469     90.343  83.897992     1.3729      8.414   229.2227 1.1368e+02     1.4060      4.744      6.881    21.4273 0.0000e+00
      4.850      0.019     6.2209     70.505     90.330  83.885479     1.3668      8.413   229.2567 1.1271e+02     1.3415      4.759      6.902    21.4272 0.0000e+00
      4.856      0.019     6.2212     70.518     90.355  83.908497     1.3718      8.413   229.2509 1.1224e+02     1.2763      4.766      6.912    21.4273 0.0000e+00
      4.854      0.018     6.2231     70.511     90.370  83.922042     1.3753      8.413   229.2389 1.1283e+02     1.1635      4.760      6.904    21.4276 0.0000e+00
      4.851      0.017     6.2290     70.466     90.370  83.922137     1.3679      8.414   229.2839 1.1313e+02     1.1059      4.754      6.895    21.4279 0.0000e+00
      4.855      0.016     6.2328     70.401     90.356  83.909642     1.3658      8.414   229.4506 1.1233e+02     1.1260      4.759      6.902    21.4279 0.0000e+00
      4.865      0.017     6.2326     70.341     90.343  83.898097     1.3753      8.414   229.6193 1.1129e+02     1.1330      4.772      6.921    21.4277 0.0000e+00
      4.874      0.020     6.2340     70.313     90.355  83.909663     1.3748      8.414   229.6028 1.1097e+02     1.1228      4.783      6.936    21.4276 0.0000e+00
      4.879      0.021     6.2286     70.329     90.370  83.922365     1.3681      8.414   229.5098 1.1132e+02     1.1390      4.787      6.942    21.4276 0.0000e+00
      4.880      0.020     6.2222     70.369     90.372  83.924554     1.3681      8.414   229.4413 1.1138e+02     1.1570      4.785      6.939    21.4278 0.0000e+00
      4.883      0.017     6.2163     70.417     90.384  83.936119     1.3664      8.414   229.3770 1.1042e+02     1.2047      4.786      6.941    21.4280 0.0000e+00
      4.889      0.016     6.2124     70.446     90.383  83.935078     1.3646      8.414   229.3350 1.0942e+02     1.3062      4.794      6.953    21.4278 0.0000e+00
      4.895      0.017     6.2161     70.439     90.358  83.911955     1.3719      8.414   229.3631 1.0933e+02     1.3592      4.803      6.966    21.4276 0.0000e+00
      4.900      0.020     6.2187     70.406     90.358  83.910799     1.3796      8.415   229.4587 1.0955e+02     1.3672      4.806      6.971    21.4277 0.0000e+00
      4.901      0.022     6.2248     70.374     90.369  83.921104     1.3745      8.415   229.4584 1.0942e+02     1.3016      4.806      6.971    21.4277 0.0000e+00
      4.904      0.022     6.2277     70.364     90.356  83.909425     1.3595      8.415   229.3593 1.0897e+02     1.1463      4.807      6.972    21.4275 0.0000e+00
      4.914      0.021     6.2264     70.364     90.342  83.896712     1.3485      8.415   229.2933 1.0826e+02     1.0604      4.817      6.986    21.4274 0.0000e+00
      4.926      0.023     6.2230     70.374     90.340  83.894524     1.3493      8.416   229.2627 1.0745e+02     1.0828      4.833      7.009    21.4276 0.0000e+00
      4.931      0.027     6.2186     70.398     90.328  83.882969     1.3528      8.416   229.2475 1.0709e+02     1.1437      4.841      7.020    21.4275 0.0000e+00
      4.930      0.029     6.2194     70.420     90.329  83.884115     1.3581      8.416   229.1953 1.0731e+02     1.2165      4.833      7.010    21.4277 0.0000e+00
      4.933      0.026     6.2185     70.415     90.355  83.908383     1.3707      8.417   229.1487 1.0705e+02     1.2460      4.831      7.008    21.4278 0.0000e+00
      4.947      0.023     6.2195     70.392     90.370  83.922148     1.3717      8.418   229.1998 1.0558e+02     1.1921      4.850      7.035    21.4276 0.0000e+00
      4.962      0.023     6.2218     70.376     90.371  83.923408     1.3706      8.419   229.2964 1.0429e+02     1.1112      4.872      7.066    21.4275 0.0000e+00
      4.967      0.026     6.2255     70.365     90.371  83.923625     1.3826      8.419   229.2849 1.0454e+02     1.0878      4.875      7.069    21.4277 0.0000e+00
      4.963      0.027     6.2244     70.352     90.372  83.924772     1.3836      8.419   229.2320 1.0520e+02     1.1482      4.865      7.055    21.4279 0.0000e+00
      4.964      0.025     6.2206     70.346     90.385  83.937277     1.3742      8.419   229.3455 1.0496e+02     1.1925      4.864      7.053    21.4277 0.0000e+00
      4.974      0.025     6.2203     70.358     90.396  83.947687     1.3697      8.419   229.4521 1.0399e+02     1.1459      4.876      7.073    21.4278 0.0000e+00
      4.988      0.027     6.2191     70.385     90.370  83.923523     1.3875      8.418   229.4030 1.0307e+02     1.0966      4.894      7.099    21.4278 0.0000e+00
      4.998      0.031     6.2182     70.403     90.344  83.899358     1.4220      8.418   229.3539 1.0276e+02     1.1081      4.904      7.113    21.4277 0.0000e+00
      5.002      0.031     6.2167     70.416     90.355  83.909768     1.4292      8.419   229.3744 1.0283e+02     1.1490      4.905      7.115    21.4280 0.0000e+00
      5.006      0.027     6.2179     70.444     90.368  83.922262     1.4172      8.420   229.3932 1.0283e+02     1.1467      4.907      7.117    21.4282 0.0000e+00
      5.013      0.022     6.2213     70.479     90.368  83.923295     1.4092      8.420   229.4096 1.0234e+02     1.1149      4.914      7.127    21.4283 0.0000e+00
      5.024      0.020     6.2231     70.500     90.367  83.922252     1.3988      8.420   229.4865 1.0144e+02     1.1402      4.927      7.147    21.4284 0.0000e+00
      5.032      0.022     6.2226     70.516     90.353  83.909654     1.3998      8.421   229.5480 1.0112e+02     1.1796      4.938      7.163    21.4284 0.0000e+00
      5.032      0.024     6.2258     70.529     90.340  83.898097     1.4046      8.421   229.5506 1.0173e+02     1.1813      4.935      7.158    21.4287 0.0000e+00
      5.031      0.023     6.2299     70.534     90.352  83.909645     1.3906      8.422   229.5186 1.0203e+02     1.1604      4.929      7.149    21.4293 0.0000e+00
      5.037      0.018     6.2308     70.519     90.366  83.922148     1.3724      8.422   229.5055 1.0094e+02     1.0976      4.936      7.159    21.4293 0.0000e+00
      5.051      0.014     6.2326     70.481     90.366  83.922148     1.3669      8.421   229.5637 9.9285e+01     1.0372      4.956      7.188    21.4292 0.0000e+00
      5.061      0.014     6.2335     70.465     90.353  83.909644     1.3662      8.421   229.5341 9.8859e+01     1.0450      4.969      7.208    21.4295 0.0000e+00
      5.059      0.016     6.2345     70.475     90.341  83.898097     1.3806      8.422   229.4056 1.0004e+02     1.1236      4.963      7.198    21.4297 0.0000e+00
      5.051      0.017     6.2341     70.471     90.354  83.909654     1.4163      8.422   229.3012 1.0103e+02     1.2011      4.949      7.178    21.4298 0.0000e+00
      5.050      0.017     6.2280     70.452     90.367  83.922261     1.4391      8.422   229.3037 9.9909e+01     1.2306      4.947      7.176    21.4297 0.0000e+00
      5.060      0.017     6.2264     70.445     90.367  83.923398     1.4400      8.423   229.4359 9.7576e+01     1.2077      4.960      7.194    21.4294 0.0000e+00
      5.076      0.018     6.2299     70.449     90.367  83.923398     1.4279      8.423   229.5235 9.6552e+01     1.1295      4.980      7.222    21.4289 0.0000e+00
      5.088      0.020     6.2292     70.465     90.366  83.922261     1.4084      8.422   229.5015 9.7394e+01     1.0708      4.995      7.245    21.4289 0.0000e+00
      5.088      0.020     6.2257     70.500     90.353  83.909655     1.4042      8.422   229.4285 9.8307e+01     1.0773      4.992      7.241    21.4294 0.0000e+00
      5.080      0.018     6.2259     70.505     90.340  83.898098     1.4193      8.423   229.4152 9.7942e+01     1.1404      4.978      7.221    21.4296 0.0000e+00
      5.080      0.016     6.2264     70.460     90.352  83.909655     1.4245      8.424   229.5136 9.6939e+01     1.1846      4.976      7.218    21.4295 0.0000e+00
      5.090      0.017     6.2261     70.396     90.366  83.922264     1.4004      8.425   229.5852 9.6375e+01     1.1686      4.991      7.239    21.4294 0.0000e+00
      5.102      0.021     6.2323     70.329     90.367  83.923419     1.3772      8.425   229.5934 9.6523e+01     1.1171      5.007      7.262    21.4293 0.0000e+00
      5.109      0.026     6.2336     70.273     90.367  83.923627     1.3768      8.425   229.6989 9.6774e+01     1.0738      5.012      7.270    21.4295 0.0000e+00
      5.111      0.026     6.2272     70.248     90.368  83.924783     1.3710      8.425   229.9139 9.6367e+01     1.0889      5.010      7.267    21.4296 0.0000e+00
      5.116      0.025     6.2220     70.261     90.382  83.937393     1.3744      8.425   230.0417 9.5407e+01     1.0950      5.015      7.274    21.4296 0.0000e+00
      5.124      0.026     6.2155     70.308     90.394  83.948958     1.4081      8.424   230.0389 9.4608e+01     1.1143      5.026      7.290    21.4297 0.0000e+00
      5.131      0.030     6.2096     70.352     90.381  83.937496     1.4375      8.424   229.9665 9.4535e+01     1.1853      5.033      7.301    21.4299 0.0000e+00
      5.136      0.031     6.2076     70.375     90.369  83.925931     1.4466      8.425   229.9402 9.4818e+01     1.2023      5.035      7.303    21.4299 0.0000e+00
      5.145      0.026     6.2079     70.387     90.379  83.936246     1.4268      8.426   230.0647 9.4529e+01     1.1491      5.043      7.314    21.4299 0.0000e+00
      5.159      0.020     6.2143     70.405     90.378  83.935091     1.3821      8.426   230.1822 9.3458e+01     1.0879      5.061      7.340    21.4299 0.0000e+00
      5.168      0.017     6.2189     70.441     90.353  83.911968     1.3548      8.426   230.1553 9.2448e+01     1.0772      5.074      7.359    21.4301 0.0000e+00
