Data/DataNotYetUploadedToEDI/Raw_CTD/RawDownloads/092925_fcr50_S7809001.cnv
* Sea-Bird SBE19plus  Data File:
* FileName = C:\R\Reservoirs\Data\DataNotYetUploadedToEDI\Raw_CTD\RawDownloads\092925_fcr50_S7809_0001.hex
* Software version 2.8.0.119
* Temperature SN = 7809
* Conductivity SN = 7809
* System UpLoad Time = Oct 06 2025 16:40:13
* <ApplicationData>
* <Seaterm232>
# nquan = 15
# nvalues = 2097                        
# units = specified
# name 0 = depFM: Depth [fresh water, m]
# name 1 = dz/dtM: Descent Rate [m/s]
# name 2 = sbeox0Mg/L: Oxygen, SBE 43 [mg/l]
# name 3 = sbeox0PS: Oxygen, SBE 43 [% saturation]
# name 4 = specc: Specific Conductance [uS/cm]
# name 5 = c0uS/cm: Conductivity [uS/cm]
# name 6 = flECO-AFL: Fluorescence, WET Labs ECO-AFL/FL [mg/m^3]
# name 7 = ph: pH
# name 8 = orp: Oxidation Reduction Potential [mV]
# name 9 = par/sat/log: PAR/Logarithmic, Satlantic
# name 10 = turbWETntu0: Turbidity, WET Labs ECO [NTU]
# name 11 = prdM: Pressure, Strain Gauge [db]
# name 12 = prdE: Pressure, Strain Gauge [psi]
# name 13 = tv290C: Temperature [ITS-90, deg C]
# name 14 = flag:  0.000e+00
# span 0 =     -0.593,      9.721       
# span 1 =     -0.264,      0.132       
# span 2 =    -0.0203,     7.3403       
# span 3 =     -0.200,     84.514       
# span 4 =      3.407,    496.982       
# span 5 =   3.107399, 375.799438       
# span 6 =    -0.0844,     8.5355       
# span 7 =     -2.126,     11.158       
# span 8 = -1240.7455,   421.8007       
# span 9 = 1.2359e-01, 3.6446e+02       
# span 10 =    -0.1691,   535.9679      
# span 11 =     -0.583,      9.534      
# span 12 =     -0.845,     13.828      
# span 13 =    12.7115,    23.3950      
# span 14 = 0.0000e+00, 0.0000e+00      
# interval = seconds: 0.25
# start_time = Sep 29 2025 12:15:09 [Instrument's time stamp, header]
# bad_flag = -9.990e-29
*END*
[from data line 964]
      4.580      0.044     0.8064     10.266     63.290  48.810858     0.4729      8.718   -40.3522 2.1744e-01    23.1644      4.496      6.521    13.6018 0.0000e+00
      4.590      0.039     0.8788     10.725     63.295  48.801963     0.4866      8.713   -40.1204 2.1796e-01    23.1444      4.500      6.528    13.5884 0.0000e+00
      4.599      0.032     0.9525     11.142     63.376  48.857978     0.4840      8.708   -39.7914 2.0770e-01    22.8998      4.510      6.541    13.5769 0.0000e+00
      4.607      0.025     1.0151     11.558     63.451  48.916698     0.4660      8.703   -39.5573 1.9570e-01    22.5979      4.521      6.557    13.5673 0.0000e+00
      4.611      0.020     1.0710     11.933     63.475  48.940508     0.4528      8.699   -39.4403 1.9498e-01    22.5007      4.523      6.560    13.5582 0.0000e+00
      4.613      0.019     1.1188     12.245     63.488  48.955390     0.4655      8.696   -39.3229 2.0542e-01    22.5785      4.523      6.560    13.5465 0.0000e+00
      4.614      0.019     1.1576     12.532     63.419  48.906167     0.4943      8.692   -38.9988 2.0608e-01    22.6504      4.524      6.562    13.5394 0.0000e+00
      4.619      0.020     1.2053     12.820     63.274  48.789809     0.5104      8.689   -38.6185 1.9378e-01    22.6179      4.528      6.566    13.5431 0.0000e+00
      4.626      0.024     1.2449     13.082     63.251  48.754864     0.4855      8.685   -38.4249 1.7867e-01    22.4937      4.536      6.579    13.5484 0.0000e+00
      4.635      0.028     1.2750     13.295     63.344  48.801089     0.4434      8.682   -38.1209 1.6777e-01    22.4467      4.546      6.594    13.5510 0.0000e+00
      4.642      0.029     1.3033     13.471     63.349  48.777244     0.4508      8.679   -37.1796 1.6769e-01    22.5614      4.552      6.603    13.5564 0.0000e+00
      4.648      0.028     1.3351     13.629     63.309  48.720498     0.5079      8.676   -35.7345 1.7006e-01    22.6510      4.555      6.608    13.5562 0.0000e+00
      4.657      0.028     1.3641     13.775     63.294  48.686378     0.5509      8.673   -34.4135 1.6186e-01    22.6080      4.568      6.624    13.5400 0.0000e+00
      4.667      0.028     1.3855     13.913     63.224  48.618647     0.5458      8.669   -33.2536 1.5591e-01    22.5191      4.581      6.643    13.5173 0.0000e+00
      4.671      0.028     1.4045     14.058     63.206  48.599962     0.5131      8.665   -32.0350 1.6113e-01    22.4650      4.580      6.643    13.4953 0.0000e+00
      4.674      0.027     1.4206     14.210     63.279  48.650927     0.4803      8.663   -30.6924 1.6105e-01    22.5343      4.581      6.644    13.4739 0.0000e+00
      4.683      0.027     1.4376     14.375     63.310  48.663429     0.4649      8.660   -29.0659 1.5480e-01    22.7427      4.592      6.660    13.4547 0.0000e+00
      4.693      0.028     1.4503     14.532     63.272  48.624126     0.4773      8.657   -27.2531 1.5643e-01    22.9009      4.604      6.678    13.4438 0.0000e+00
      4.700      0.031     1.4669     14.665     63.189  48.556653     0.4800      8.654   -25.4664 1.6929e-01    22.8410      4.611      6.688    13.4424 0.0000e+00
      4.704      0.031     1.4816     14.816     63.180  48.546019     0.4565      8.651   -23.4663 1.6739e-01    22.7357      4.612      6.689    13.4410 0.0000e+00
      4.711      0.030     1.4996     15.014     63.294  48.622541     0.4424      8.646   -21.1385 1.4771e-01    22.7209      4.616      6.695    13.4296 0.0000e+00
      4.723      0.030     1.5194     15.235     63.354  48.656466     0.4512      8.642   -18.9171 1.4648e-01    22.7304      4.634      6.720    13.4178 0.0000e+00
      4.733      0.030     1.5290     15.440     63.333  48.638723     0.4713      8.639   -16.9983 1.5626e-01    22.8159      4.645      6.737    13.4184 0.0000e+00
      4.737      0.030     1.5447     15.650     63.350  48.661975     0.4613      8.636   -15.2327 1.5260e-01    22.8333      4.645      6.736    13.4192 0.0000e+00
      4.743      0.028     1.5658     15.884     63.359  48.683653     0.4123      8.632   -13.6587 1.4136e-01    22.7009      4.649      6.743    13.4075 0.0000e+00
      4.753      0.027     1.5929     16.102     63.295  48.646883     0.3783      8.629   -12.2500 1.3319e-01    22.6506      4.663      6.762    13.3930 0.0000e+00
      4.761      0.029     1.6123     16.312     63.225  48.598353     0.3916      8.625   -10.8478 1.3274e-01    22.7712      4.671      6.773    13.3919 0.0000e+00
      4.765      0.031     1.6314     16.520     63.160  48.541338     0.4313      8.622    -9.4383 1.3582e-01    22.9642      4.671      6.774    13.4032 0.0000e+00
      4.771      0.033     1.6602     16.693     63.082  48.465448     0.4347      8.620    -8.0278 1.3554e-01    23.0357      4.676      6.782    13.4160 0.0000e+00
      4.781      0.033     1.6799     16.813     63.084  48.442645     0.3988      8.617    -6.6128 1.3860e-01    22.9535      4.690      6.802    13.4275 0.0000e+00
      4.793      0.032     1.7018     16.918     63.142  48.456072     0.3724      8.614    -5.1503 1.4367e-01    22.8920      4.700      6.817    13.4339 0.0000e+00
      4.803      0.031     1.7250     17.009     63.159  48.437285     0.3654      8.611    -3.5948 1.3746e-01    22.9076      4.710      6.831    13.4267 0.0000e+00
      4.811      0.030     1.7459     17.062     63.152  48.405929     0.3889      8.608    -2.0014 1.2917e-01    22.9708      4.720      6.845    13.4129 0.0000e+00
      4.816      0.027     1.7557     17.093     63.166  48.394376     0.4144      8.605    -0.3391 1.2607e-01    23.0068      4.723      6.850    13.3948 0.0000e+00
      4.820      0.024     1.7672     17.106     63.233  48.424552     0.3995      8.602     1.3609 1.2740e-01    22.9677      4.725      6.852    13.3673 0.0000e+00
      4.826      0.022     1.7817     17.152     63.293  48.453308     0.3832      8.599     2.8924 1.3025e-01    22.9417      4.732      6.863    13.3402 0.0000e+00
      4.834      0.020     1.7837     17.262     63.266  48.424587     0.4008      8.596     4.2412 1.2735e-01    23.0002      4.741      6.876    13.3204 0.0000e+00
      4.840      0.019     1.7911     17.421     63.233  48.394727     0.4290      8.594     5.5374 1.2410e-01    23.1286      4.748      6.886    13.3047 0.0000e+00
      4.843      0.018     1.7890     17.645     63.260  48.409725     0.4420      8.591     6.9493 1.2375e-01    23.1962      4.749      6.888    13.2863 0.0000e+00
      4.846      0.018     1.7924     17.931     63.274  48.415449     0.4405      8.588     8.3206 1.2372e-01    23.1001      4.751      6.891    13.2700 0.0000e+00
      4.851      0.019     1.8077     18.259     63.261  48.400434     0.4118      8.586     9.4693 1.2373e-01    23.0599      4.758      6.901    13.2668 0.0000e+00
      4.854      0.020     1.8210     18.619     63.293  48.418659     0.3692      8.585    10.7722 1.2373e-01    23.2908      4.761      6.905    13.2647 0.0000e+00
      4.858      0.021     1.8462     18.999     63.336  48.445315     0.3669      8.582    12.3722 1.2374e-01    23.5698      4.762      6.907    13.2587 0.0000e+00
      4.866      0.022     1.8768     19.385     63.369  48.468764     0.3844      8.579    14.1027 1.2374e-01    23.6655      4.771      6.920    13.2555 0.0000e+00
      4.874      0.022     1.9114     19.765     63.418  48.511699     0.3723      8.576    15.7776 1.2377e-01    23.6280      4.783      6.938    13.2515 0.0000e+00
      4.879      0.023     1.9499     20.112     63.414  48.520006     0.3448      8.574    17.2224 1.2377e-01    23.5951      4.786      6.941    13.2466 0.0000e+00
      4.883      0.024     1.9907     20.407     63.381  48.505724     0.3432      8.572    18.5796 1.2375e-01    23.6776      4.787      6.942    13.2402 0.0000e+00
      4.888      0.023     2.0315     20.670     63.406  48.529508     0.3529      8.570    19.9691 1.2377e-01    23.8046      4.793      6.951    13.2371 0.0000e+00
      4.895      0.022     2.0720     20.924     63.438  48.553612     0.3545      8.567    21.3757 1.2382e-01    23.9011      4.800      6.961    13.2430 0.0000e+00
      4.903      0.022     2.1094     21.152     63.421  48.543194     0.3543      8.564    22.7674 1.2378e-01    23.9562      4.809      6.975    13.2532 0.0000e+00
      4.910      0.022     2.1384     21.307     63.394  48.530538     0.3332      8.561    24.0620 1.2373e-01    23.9247      4.817      6.986    13.2644 0.0000e+00
      4.913      0.024     2.1647     21.410     63.380  48.527580     0.3332      8.560    25.2413 1.2373e-01    23.9649      4.818      6.989    13.2679 0.0000e+00
      4.917      0.027     2.1916     21.523     63.347  48.507431     0.3867      8.560    26.3565 1.2372e-01    24.0999      4.820      6.992    13.2633 0.0000e+00
      4.922      0.032     2.2188     21.631     63.308  48.477403     0.4310      8.559    27.3940 1.2372e-01    24.1223      4.826      6.999    13.2659 0.0000e+00
      4.930      0.036     2.2337     21.712     63.326  48.481967     0.4357      8.556    28.4074 1.2376e-01    24.0312      4.833      7.011    13.2739 0.0000e+00
      4.943      0.038     2.2394     21.784     63.368  48.499122     0.4182      8.553    29.4886 1.2375e-01    23.9545      4.846      7.029    13.2799 0.0000e+00
      4.958      0.038     2.2534     21.859     63.382  48.494326     0.3951      8.551    30.4010 1.2369e-01    23.9801      4.863      7.053    13.2848 0.0000e+00
      4.970      0.036     2.2663     21.963     63.391  48.487453     0.3728      8.550    31.1791 1.2367e-01    24.3753      4.877      7.072    13.2867 0.0000e+00
      4.976      0.033     2.2725     22.079     63.397  48.479496     0.3567      8.547    32.0990 1.2371e-01    25.0776      4.880      7.078    13.2786 0.0000e+00
      4.981      0.028     2.2822     22.163     63.390  48.461588     0.3588      8.544    33.0918 1.2376e-01    25.4014      4.883      7.083    13.2635 0.0000e+00
      4.988      0.025     2.2883     22.226     63.410  48.461391     0.3558      8.543    34.0628 1.2378e-01    25.2836      4.892      7.095    13.2522 0.0000e+00
      4.995      0.025     2.2998     22.283     63.457  48.477100     0.3375      8.542    34.8913 1.2378e-01    24.9174      4.899      7.106    13.2420 0.0000e+00
      5.000      0.026     2.3169     22.305     63.461  48.461031     0.3288      8.541    35.6232 1.2378e-01    24.4237      4.904      7.112    13.2311 0.0000e+00
      5.005      0.026     2.3235     22.282     63.470  48.457556     0.3421      8.539    36.4589 1.2383e-01    24.2679      4.907      7.118    13.2218 0.0000e+00
      5.012      0.025     2.3301     22.236     63.534  48.498556     0.3648      8.537    37.2529 1.2390e-01    24.3316      4.913      7.126    13.2118 0.0000e+00
      5.022      0.022     2.3390     22.168     63.572  48.512316     0.3629      8.535    37.9095 1.2391e-01    24.2712      4.926      7.144    13.1939 0.0000e+00
      5.030      0.019     2.3428     22.084     63.582  48.496926     0.3357      8.534    38.7190 1.2387e-01    24.1529      4.935      7.159    13.1741 0.0000e+00
      5.033      0.015     2.3387     22.022     63.618  48.502917     0.3181      8.533    39.6424 1.2383e-01    24.1309      4.936      7.160    13.1688 0.0000e+00
      5.034      0.010     2.3348     22.007     63.658  48.521241     0.3336      8.530    40.3831 1.2380e-01    24.2441      4.938      7.161    13.1675 0.0000e+00
      5.035      0.007     2.3287     22.062     63.673  48.527989     0.3576      8.527    41.1352 1.2375e-01    24.3264      4.939      7.163    13.1547 0.0000e+00
      5.035      0.011     2.3182     22.205     63.663  48.521005     0.3659      8.526    42.0261 1.2372e-01    24.3399      4.938      7.162    13.1336 0.0000e+00
      5.036      0.025     2.3125     22.415     63.625  48.500297     0.3677      8.526    42.8948 1.2374e-01    24.3389      4.939      7.163    13.1147 0.0000e+00
      5.037      0.043     2.3106     22.674     63.566  48.468088     0.3538      8.526    43.7232 1.2379e-01    24.3146      4.939      7.163    13.1046 0.0000e+00
      5.043      0.058     2.3148     22.991     63.541  48.449041     0.3474      8.526    44.7283 1.2379e-01    24.4903      4.940      7.166    13.1033 0.0000e+00
      5.066      0.068     2.3316     23.336     63.578  48.460471     0.3651      8.526    46.0128 1.2378e-01    24.7889      4.960      7.195    13.1025 0.0000e+00
      5.102      0.071     2.3546     23.661     63.631  48.479292     0.3770      8.525    47.2956 1.2378e-01    24.9194      5.005      7.260    13.1078 0.0000e+00
      5.132      0.067     2.3789     23.957     63.661  48.486105     0.3659      8.523    48.5375 1.2380e-01    24.9409      5.043      7.313    13.1264 0.0000e+00
      5.146      0.059     2.4137     24.231     63.666  48.479345     0.3389      8.520    49.8427 1.2379e-01    24.8775      5.050      7.324    13.1278 0.0000e+00
      5.150      0.049     2.4541     24.485     63.650  48.461027     0.3343      8.518    51.1178 1.2373e-01    24.8021      5.050      7.324    13.1077 0.0000e+00
      5.154      0.042     2.4888     24.758     63.649  48.455096     0.3523      8.516    52.3389 1.2369e-01    24.7813      5.055      7.331    13.0893 0.0000e+00
      5.158      0.040     2.5199     25.065     63.684  48.471113     0.3644      8.515    53.5945 1.2371e-01    24.7631      5.055      7.332    13.0769 0.0000e+00
      5.169      0.044     2.5506     25.392     63.697  48.464198     0.3642      8.514    54.8554 1.2375e-01    24.7182      5.062      7.342    13.0685 0.0000e+00
      5.189      0.050     2.5748     25.760     63.678  48.434963     0.3499      8.512    56.0547 1.2375e-01    24.6817      5.091      7.383    13.0642 0.0000e+00
      5.207      0.055     2.6024     26.177     63.697  48.435069     0.3497      8.511    57.3407 1.2375e-01    24.7324      5.113      7.414    13.0641 0.0000e+00
      5.217      0.059     2.6380     26.610     63.755  48.465462     0.3698      8.510    58.7034 1.2375e-01    24.7844      5.115      7.418    13.0544 0.0000e+00
      5.228      0.057     2.6704     27.029     63.796  48.484969     0.3772      8.507    59.8824 1.2370e-01    24.7988      5.123      7.430    13.0380 0.0000e+00
      5.245      0.051     2.7101     27.430     63.806  48.480442     0.3642      8.505    60.8407 1.2370e-01    24.8036      5.143      7.459    13.0287 0.0000e+00
      5.264      0.045     2.7559     27.815     63.814  48.474208     0.3463      8.503    61.7731 1.2374e-01    24.7737      5.163      7.489    13.0170 0.0000e+00
      5.278      0.040     2.8040     28.177     63.827  48.473074     0.3523      8.501    62.7232 1.2373e-01    24.8137      5.180      7.512    13.0042 0.0000e+00
      5.284      0.034     2.8486     28.533     63.829  48.466719     0.3774      8.499    63.5535 1.2377e-01    24.9448      5.183      7.518    12.9966 0.0000e+00
      5.285      0.029     2.8903     28.879     63.826  48.460841     0.3834      8.498    64.3265 1.2379e-01    25.0617      5.181      7.515    12.9881 0.0000e+00
      5.289      0.024     2.9336     29.210     63.832  48.465500     0.3670      8.496    65.2725 1.2375e-01    25.0991      5.186      7.522    12.9774 0.0000e+00
      5.297      0.022     2.9700     29.551     63.824  48.459558     0.3375      8.495    66.3009 1.2369e-01    25.0206      5.195      7.535    12.9677 0.0000e+00
      5.306      0.024     3.0088     29.901     63.819  48.452490     0.3178      8.492    67.2957 1.2367e-01    24.9673      5.203      7.547    12.9615 0.0000e+00
      5.312      0.027     3.0467     30.221     63.814  48.443528     0.3366      8.489    68.1813 1.2372e-01    25.0695      5.211      7.558    12.9585 0.0000e+00
      5.317      0.027     3.0791     30.495     63.783  48.414678     0.3738      8.489    68.7495 1.2380e-01    25.1977      5.214      7.562    12.9598 0.0000e+00
