Data/DataNotYetUploadedToEDI/Raw_CTD/RawDownloads/093025_ccr50_S8188002.cnv
* Sea-Bird SBE19plus  Data File:
* FileName = C:\R\Reservoirs\Data\DataNotYetUploadedToEDI\Raw_CTD\RawDownloads\092925_bvr50_S8188_0002.hex
* Software version 2.8.0.119
* Temperature SN = 8188
* Conductivity SN = 8188
* System UpLoad Time = Oct 06 2025 16:52:50
* <ApplicationData>
* <Seaterm232>
# nquan = 16
# nvalues = 2410                        
# units = specified
# name 0 = depFM: Depth [fresh water, m]
# name 1 = dz/dtM: Descent Rate [m/s]
# name 2 = sbeox0Mg/L: Oxygen, SBE 43 [mg/l]
# name 3 = sbeox0PS: Oxygen, SBE 43 [% saturation]
# name 4 = specc: Specific Conductance [uS/cm]
# name 5 = c0uS/cm: Conductivity [uS/cm]
# name 6 = wetCDOM: Fluorescence, WET Labs CDOM [mg/m^3]
# name 7 = flECO-AFL: Fluorescence, WET Labs ECO-AFL/FL [mg/m^3]
# name 8 = flECO-AFL1: Fluorescence, WET Labs ECO-AFL/FL, 2 [mg/m^3]
# name 9 = flECO-AFL2: Fluorescence, WET Labs ECO-AFL/FL, 3 [mg/m^3]
# name 10 = par/sat/log: PAR/Logarithmic, Satlantic
# name 11 = turbWETntu0: Turbidity, WET Labs ECO [NTU]
# name 12 = prdM: Pressure, Strain Gauge [db]
# name 13 = prdE: Pressure, Strain Gauge [psi]
# name 14 = tv290C: Temperature [ITS-90, deg C]
# name 15 = flag:  0.000e+00
# span 0 =     -0.459,     20.937       
# span 1 =     -0.377,      0.157       
# span 2 =    -0.6407,     9.3359       
# span 3 =     -5.991,    109.981       
# span 4 =   -638.494,    324.572       
# span 5 =-484.826874, 229.126737       
# span 6 =    -4.5000,    52.9200       
# span 7 =    -0.3036,    12.5178       
# span 8 =    -2.1300,     1.8318       
# span 9 =    -2.0304,     7.5717       
# span 10 = 1.1582e-01, 4.5931e+02      
# span 11 =    -1.1857,   355.9303      
# span 12 =     -0.450,     20.533      
# span 13 =     -0.653,     29.780      
# span 14 =    10.2844,    23.7345      
# span 15 = 0.0000e+00, 0.0000e+00      
# interval = seconds: 0.25
# start_time = Sep 30 2025 14:14:54 [Instrument's time stamp, header]
# bad_flag = -9.990e-29
*END*
[from data line 1989]
     20.907      0.011     0.0888      0.828    276.806 197.590227    51.4800     3.2555     0.1704     0.2961 1.1612e-01    30.5680     20.503     29.737    10.6277 0.0000e+00
     20.909      0.009     0.0898      0.843    275.051 196.388610    51.4800     3.3013     0.1704     0.2961 1.1617e-01    30.5378     20.505     29.740    10.6454 0.0000e+00
     20.911      0.007     0.0906      0.865    273.483 195.326199    51.4800     3.2746     0.1704     0.2961 1.1605e-01    30.6435     20.507     29.743    10.6630 0.0000e+00
     20.913      0.006     0.0911      0.892    272.206 194.481082    51.4800     3.4539     0.1704     0.2961 1.1610e-01    38.9521     20.508     29.745    10.6781 0.0000e+00
     20.914      0.005     0.0919      0.927    271.189 193.824646    49.5900     3.4768     0.2556     0.3384 1.1615e-01    38.9068     20.509     29.746    10.6893 0.0000e+00
     20.915      0.004     0.0935      0.973    270.226 193.207943    49.5900     3.4653     0.2556     0.3384 1.1620e-01    38.8614     20.510     29.748    10.6984 0.0000e+00
     20.916      0.003     0.0959      1.031    269.186 192.536780    49.5900     3.4730     0.2556     0.3384 1.1612e-01    38.9068     20.511     29.749    10.7088 0.0000e+00
     20.916      0.003     0.0989      1.093    268.263 191.943342    49.5900     4.3160     0.2556     0.3384 1.1610e-01    76.5671     20.512     29.750    10.7211 0.0000e+00
     20.917      0.002     0.1028      1.151    267.593 191.510276    44.8200     4.3313     0.2130     0.4653 1.1612e-01    76.4765     20.512     29.751    10.7340 0.0000e+00
     20.917      0.002     0.1079      1.203    267.125 191.188340    44.8200     4.3351     0.2130     0.4653 1.1602e-01    76.6275     20.513     29.751    10.7471 0.0000e+00
     20.918      0.001     0.1142      1.247    266.849 190.975994    44.8200     4.3122     0.2130     0.4653 1.1612e-01    76.5218     20.513     29.752    10.7605 0.0000e+00
     20.918      0.001     0.1210      1.283    266.653 190.812594    44.8200     5.1095     0.2130     0.4653 1.1615e-01   151.0267     20.513     29.752    10.7729 0.0000e+00
     20.918      0.001     0.1274      1.310    266.433 190.638507    41.5800     5.1171     0.1704     0.3807 1.1623e-01   151.2080     20.514     29.753    10.7815 0.0000e+00
     20.918      0.001     0.1332      1.329    266.316 190.553836    41.5800     5.1095     0.1704     0.3807 1.1600e-01   151.1476     20.514     29.753    10.7838 0.0000e+00
     20.918      0.001     0.1381      1.341    266.383 190.620306    41.5800     5.1095     0.1704     0.3807 1.1617e-01   151.2835     20.514     29.753    10.7811 0.0000e+00
     20.919      0.001     0.1421      1.349    266.547 190.765321    41.5800     4.1520     0.1704     0.3807 1.1623e-01   154.0933     20.514     29.753    10.7767 0.0000e+00
     20.919      0.001     0.1451      1.350    266.839 190.993430    41.5800     4.1405     0.1704     0.3807 1.1602e-01   154.0782     20.514     29.754    10.7735 0.0000e+00
     20.919      0.001     0.1472      1.343    267.386 191.389552    43.0200     4.1215     0.1704     0.3384 1.1612e-01   154.0631     20.514     29.754    10.7733 0.0000e+00
     20.919      0.001     0.1486      1.332    268.118 191.900740    43.0200     4.1482     0.1704     0.3384 1.1617e-01   154.1839     20.515     29.754    10.7768 0.0000e+00
     20.919      0.001     0.1494      1.320    268.816 192.378265    43.0200     4.4228     0.1704     0.3384 1.1625e-01   126.1615     20.515     29.754    10.7819 0.0000e+00
     20.919      0.001     0.1495      1.309    269.421 192.784860    43.0200     4.4381     0.1704     0.3384 1.1617e-01   126.2522     20.515     29.754    10.7857 0.0000e+00
     20.920      0.002     0.1487      1.296    269.978 193.152666    42.3000     4.4457     0.1704     0.3384 1.1595e-01   126.1313     20.515     29.755    10.7865 0.0000e+00
     20.920      0.002     0.1475      1.277    270.426 193.437226    42.3000     4.4457     0.1704     0.3384 1.1623e-01   126.2824     20.515     29.755    10.7842 0.0000e+00
     20.921      0.003     0.1461      1.251    270.688 193.595975    42.3000     4.4953     0.1704     0.3384 1.1607e-01   113.6836     20.516     29.756    10.7800 0.0000e+00
     20.922      0.004     0.1449      1.220    270.852 193.703365    42.3000     4.5029     0.1704     0.3384 1.1612e-01   113.6987     20.517     29.758    10.7752 0.0000e+00
     20.923      0.004     0.1435      1.180    271.014 193.826179    42.3000     4.4801     0.1704     0.2961 1.1633e-01   113.6232     20.518     29.759    10.7694 0.0000e+00
     20.924      0.005     0.1414      1.135    271.100 193.898797    42.3000     4.5297     0.1704     0.2961 1.1620e-01   113.7591     20.519     29.761    10.7628 0.0000e+00
     20.925      0.005     0.1386      1.094    271.095 193.900430    42.3000     4.5945     0.1704     0.2961 1.1610e-01    87.6401     20.520     29.762    10.7575 0.0000e+00
     20.927      0.005     0.1351      1.062    271.248 194.008181    42.3000     4.5869     0.1704     0.2961 1.1623e-01    87.5495     20.522     29.765    10.7556 0.0000e+00
     20.928      0.005     0.1307      1.048    271.648 194.282903    42.3000     4.6021     0.1704     0.2961 1.1592e-01    87.5797     20.523     29.767    10.7569 0.0000e+00
     20.929      0.004     0.1258      1.050    271.986 194.504743    42.2100     4.5945     0.1278     0.4230 1.1600e-01    87.6250     20.525     29.769    10.7589 0.0000e+00
     20.930      0.004     0.1212      1.063    272.055 194.530089    42.2100     4.1940     0.1278     0.4230 1.1600e-01    55.6145     20.525     29.770    10.7599 0.0000e+00
     20.931      0.003     0.1177      1.078    271.944 194.429944    42.2100     4.1978     0.1278     0.4230 1.1617e-01    55.7807     20.526     29.771    10.7596 0.0000e+00
     20.932      0.003     0.1161      1.094    271.881 194.372343    42.2100     4.2092     0.1278     0.4230 1.1607e-01    55.6749     20.527     29.772    10.7575 0.0000e+00
     20.932      0.003     0.1164      1.107    272.035 194.478444    41.7600     4.1940     0.1704     0.4230 1.1605e-01    55.6145     20.528     29.773    10.7538 0.0000e+00
     20.933      0.003     0.1178      1.115    272.308 194.668128    41.7600     4.5220     0.1704     0.4230 1.1600e-01    50.3423     20.528     29.774    10.7494 0.0000e+00
     20.934      0.003     0.1195      1.118    272.540 194.817317    41.7600     4.4915     0.1704     0.4230 1.1620e-01    50.3877     20.529     29.775    10.7456 0.0000e+00
     20.934      0.003     0.1212      1.121    272.652 194.875446    41.7600     4.4648     0.1704     0.4230 1.1602e-01    50.3423     20.530     29.776    10.7434 0.0000e+00
     20.935      0.003     0.1227      1.130    272.545 194.787743    42.1200     4.4648     0.1704     0.4230 1.1617e-01    50.3725     20.530     29.777    10.7426 0.0000e+00
     20.936      0.002     0.1236      1.142    272.264 194.595067    42.1200     4.0910     0.1704     0.4230 1.1600e-01    42.5323     20.531     29.778    10.7415 0.0000e+00
     20.937      0.001     0.1239      1.155    271.977 194.412675    42.1200     3.4768     0.1704     0.4230 1.1597e-01    42.4266     20.532     29.779    10.7385 0.0000e+00
     20.937     -0.001     0.1243      1.167    271.871 194.358566    42.1200     3.4577     0.1704     0.4230 1.1617e-01    42.5474     20.533     29.780    10.7345 0.0000e+00
     20.937     -0.004     0.1252      1.180    272.196 194.594978    44.1000     3.4653     0.1704     0.5499 1.1607e-01    42.5776     20.532     29.779    10.7324 0.0000e+00
     20.936     -0.007     0.1265      1.190    272.940 195.106654    44.1000     3.4730     0.1704     0.5499 1.1617e-01    42.5776     20.531     29.778    10.7340 0.0000e+00
     20.934     -0.012     0.1280      1.191    273.775 195.670674    44.1000     3.8850     0.1704     0.5499 1.1612e-01    64.3158     20.529     29.775    10.7381 0.0000e+00
     20.931     -0.017     0.1293      1.186    274.672 196.276832    44.1000     3.8926     0.1704     0.5499 1.1600e-01    64.3158     20.526     29.771    10.7422 0.0000e+00
     20.926     -0.022     0.1308      1.183    275.941 197.144993    44.1000     3.9040     0.1704     0.5499 1.1617e-01    64.2705     20.522     29.765    10.7430 0.0000e+00
     20.920     -0.027     0.1319      1.183    277.763 198.400254    41.6700     3.9040     0.9372     7.5717 1.1605e-01    64.3611     20.515     29.755    10.7393 0.0000e+00
     20.911     -0.033     0.1320      1.179    280.130 200.034005    41.6700     3.5989     0.9372     7.5717 1.1595e-01   326.7598     20.507     29.743    10.7333 0.0000e+00
     20.902     -0.038     0.1315      1.168    283.059 202.056224    41.6700     3.6027     0.9372     7.5717 1.1605e-01   326.6843     20.498     29.729    10.7270 0.0000e+00
     20.892     -0.042     0.1312      1.150    286.247 204.249021    41.6700     3.5798     0.9372     7.5717 1.1600e-01   326.7145     20.488     29.715    10.7202 0.0000e+00
     20.880     -0.045     0.1312      1.126    288.717 205.925694    43.8300     3.6027     0.6390     1.6497 1.1623e-01   326.6843     20.477     29.699    10.7120 0.0000e+00
     20.867     -0.047     0.1308      1.094    289.738 206.587213    43.8300    -0.2769     0.6390     1.6497 1.1600e-01     5.1288     20.464     29.680    10.7020 0.0000e+00
     20.854     -0.048     0.1296      1.052    289.467 206.359761    43.8300    -0.2769     0.6390     1.6497 1.1605e-01     5.2647     20.451     29.661    10.6898 0.0000e+00
     20.841     -0.049     0.1276      1.002    288.630 205.755236    43.8300    -0.2846     0.6390     1.6497 1.1605e-01     5.1137     20.438     29.643    10.6754 0.0000e+00
     20.829     -0.050     0.1250      0.948    288.110 205.391850    45.4500    -0.2617     0.3834     1.5651 1.1600e-01     5.0684     20.427     29.626    10.6604 0.0000e+00
     20.817     -0.051     0.1215      0.894    288.243 205.496107    45.4500     0.8217     0.3834     1.5651 1.1612e-01   129.5756     20.415     29.609    10.6486 0.0000e+00
     20.805     -0.053     0.1169      0.836    288.614 205.764385    45.4500     0.7988     0.3834     1.5651 1.1592e-01   129.6662     20.402     29.591    10.6425 0.0000e+00
     20.791     -0.057     0.1113      0.779    288.788 205.882558    45.4500     0.8560     0.3834     1.5651 1.1595e-01   129.5454     20.389     29.572    10.6411 0.0000e+00
     20.777     -0.063     0.1054      0.734    288.705 205.811833    45.4500     0.8141     0.3834     1.5651 1.1590e-01   129.7417     20.375     29.552    10.6422 0.0000e+00
     20.761     -0.072     0.0993      0.705    288.362 205.557456    45.9000     1.9356     0.8520     3.0033 1.1615e-01   355.8699     20.360     29.529    10.6439 0.0000e+00
     20.743     -0.085     0.0929      0.692    287.842 205.184164    45.9000     1.9165     0.8520     3.0033 1.1600e-01   355.8397     20.342     29.504    10.6445 0.0000e+00
     20.722     -0.101     0.0866      0.689    287.356 204.845511    45.9000     1.9204     0.8520     3.0033 1.1600e-01   355.8548     20.322     29.474    10.6434 0.0000e+00
     20.697     -0.119     0.0816      0.694    286.859 204.515474    45.9000     1.9204     0.8520     3.0033 1.1605e-01   355.9303     20.297     29.438    10.6414 0.0000e+00
     20.665     -0.136     0.0784      0.705    286.512 204.314927    43.6500     3.7209     1.0650     5.4144 1.1612e-01   350.0237     20.265     29.392    10.6397 0.0000e+00
     20.625     -0.148     0.0769      0.716    286.786 204.555948    43.6500     3.7095     1.0650     5.4144 1.1617e-01   350.0690     20.227     29.336    10.6393 0.0000e+00
     20.579     -0.151     0.0765      0.727    287.278 204.921155    43.6500     3.7095     1.0650     5.4144 1.1628e-01   349.9784     20.181     29.270    10.6405 0.0000e+00
     20.531     -0.146     0.0772      0.743    287.423 205.007771    43.6500     3.7362     1.0650     5.4144 1.1610e-01   350.0086     20.134     29.202    10.6449 0.0000e+00
     20.489     -0.133     0.0783      0.770    287.544 205.065898    44.8200     3.3929     1.1502     4.4838 1.1620e-01   117.8228     20.093     29.143    10.6529 0.0000e+00
     20.458     -0.117     0.0795      0.813    287.746 205.181368    44.8200     3.4310     1.1502     4.4838 1.1625e-01   117.8530     20.062     29.098    10.6609 0.0000e+00
     20.435     -0.100     0.0807      0.871    287.887 205.258430    44.8200     3.4196     1.1502     4.4838 1.1600e-01   117.9134     20.041     29.066    10.6633 0.0000e+00
     20.418     -0.086     0.0825      0.938    288.046 205.351783    44.8200     3.3929     1.1502     4.4838 1.1597e-01   117.8832     20.024     29.042    10.6605 0.0000e+00
     20.402     -0.077     0.0855      1.005    288.173 205.420034    44.8200     3.2746     1.1502     4.4838 1.1602e-01   168.8825     20.007     29.018    10.6556 0.0000e+00
     20.383     -0.073     0.0903      1.062    288.198 205.407059    42.9300     3.2860     1.4484     2.9187 1.1587e-01   168.8825     19.989     28.992    10.6506 0.0000e+00
     20.364     -0.073     0.0968      1.102    288.185 205.359616    42.9300     3.2937     1.4484     2.9187 1.1605e-01   168.9278     19.970     28.964    10.6465 0.0000e+00
     20.345     -0.076     0.1042      1.119    288.218 205.341384    42.9300     3.2937     1.4484     2.9187 1.1612e-01   168.9127     19.951     28.937    10.6431 0.0000e+00
     20.327     -0.082     0.1116      1.113    288.303 205.369593    42.9300     3.4882     1.4484     2.9187 1.1648e-01   238.6591     19.934     28.912    10.6392 0.0000e+00
     20.308     -0.092     0.1180      1.085    288.318 205.363378    49.6800     3.4577     1.8318     3.2994 1.1605e-01   238.5987     19.916     28.886    10.6339 0.0000e+00
     20.287     -0.108     0.1225      1.040    288.118 205.224660    49.6800     3.4806     1.8318     3.2994 1.1612e-01   238.7044     19.895     28.856    10.6272 0.0000e+00
     20.261     -0.130     0.1244      0.988    287.739 204.978721    49.6800     3.4577     1.8318     3.2994 1.1628e-01   238.7649     19.869     28.818    10.6200 0.0000e+00
     20.227     -0.156     0.1236      0.937    287.181 204.622251    49.6800     3.1067     1.8318     3.2994 1.1590e-01   268.7511     19.836     28.770    10.6144 0.0000e+00
     20.185     -0.183     0.1205      0.890    286.427 204.132507    45.7200     3.0953     0.5538     0.3807 1.1607e-01   268.7964     19.795     28.710    10.6115 0.0000e+00
     20.133     -0.207     0.1156      0.851    285.511 203.521509    45.7200     3.0839     0.5538     0.3807 1.1623e-01   268.7511     19.743     28.636    10.6121 0.0000e+00
     20.071     -0.225     0.1098      0.821    284.459 202.801074    45.7200     3.1258     0.5538     0.3807 1.1607e-01   268.9324     19.683     28.548    10.6164 0.0000e+00
     20.005     -0.239     0.1041      0.796    283.414 202.076341    45.7200     3.3471     0.5538     0.3807 1.1615e-01   208.3707     19.619     28.454    10.6235 0.0000e+00
     19.940     -0.249     0.0989      0.773    282.590 201.505519    51.5700     3.3356     1.2354     1.8612 1.1605e-01   208.3556     19.555     28.361    10.6318 0.0000e+00
     19.878     -0.258     0.0945      0.762    281.936 201.060905    51.5700     3.3585     1.2354     1.8612 1.1605e-01   208.2348     19.494     28.273    10.6392 0.0000e+00
     19.817     -0.269     0.0912      0.765    281.092 200.489382    51.5700     3.3280     1.2354     1.8612 1.1612e-01   208.2952     19.434     28.187    10.6444 0.0000e+00
     19.752     -0.280     0.0884      0.778    279.958 199.718870    51.5700     3.1525     1.2354     1.8612 1.1600e-01   194.4577     19.370     28.094    10.6480 0.0000e+00
     19.679     -0.291     0.0859      0.788    279.039 199.104173    51.5700     3.1449     1.2354     1.8612 1.1617e-01   194.4728     19.298     27.990    10.6510 0.0000e+00
