Data/DataNotYetUploadedToEDI/Raw_CTD/RawDownloads/093024_ccr88_S8188001.cnv
* Sea-Bird SBE19plus  Data File:
* FileName = C:\R\Reservoirs\Data\DataNotYetUploadedToEDI\Raw_CTD\RawDownloads\093024_ccr88_S8188_0001.hex
* Software version 2.8.0.119
* Temperature SN = 8188
* Conductivity SN = 8188
* System UpLoad Time = Sep 30 2024 18:05:08
* <ApplicationData>
* <Seaterm232>
# nquan = 16
# nvalues = 1692                        
# units = specified
# name 0 = depFM: Depth [fresh water, m]
# name 1 = dz/dtM: Descent Rate [m/s]
# name 2 = sbeox0Mg/L: Oxygen, SBE 43 [mg/l]
# name 3 = sbeox0PS: Oxygen, SBE 43 [% saturation]
# name 4 = specc: Specific Conductance [uS/cm]
# name 5 = c0uS/cm: Conductivity [uS/cm]
# name 6 = wetCDOM: Fluorescence, WET Labs CDOM [mg/m^3]
# name 7 = flECO-AFL: Fluorescence, WET Labs ECO-AFL/FL [mg/m^3]
# name 8 = flECO-AFL1: Fluorescence, WET Labs ECO-AFL/FL, 2 [mg/m^3]
# name 9 = flECO-AFL2: Fluorescence, WET Labs ECO-AFL/FL, 3 [mg/m^3]
# name 10 = par/sat/log: PAR/Logarithmic, Satlantic
# name 11 = turbWETntu0: Turbidity, WET Labs ECO [NTU]
# name 12 = prdM: Pressure, Strain Gauge [db]
# name 13 = prdE: Pressure, Strain Gauge [psi]
# name 14 = tv290C: Temperature [ITS-90, deg C]
# name 15 = flag:  0.000e+00
# span 0 =     -0.486,     10.703       
# span 1 =     -0.484,      0.230       
# span 2 =     2.8325,    10.2397       
# span 3 =     28.178,    118.091       
# span 4 =   -518.126,    128.252       
# span 5 =-479.201164, 111.523212       
# span 6 =    -4.5000,   110.3400       
# span 7 =    -0.2159,    10.7439       
# span 8 =    -2.1300,     1.5336       
# span 9 =    -2.0304,     0.6345       
# span 10 = 1.1592e-01, 1.5841e+02      
# span 11 =     1.0500,   375.8255      
# span 12 =     -0.477,     10.496      
# span 13 =     -0.692,     15.222      
# span 14 =    14.5182,    22.4185      
# span 15 = 0.0000e+00, 0.0000e+00      
# interval = seconds: 0.25
# start_time = Sep 30 2024 09:50:43 [Instrument's time stamp, header]
# bad_flag = -9.990e-29
*END*
[from data line 1537]
     10.650     -0.040     3.2542     32.473    127.838 101.205046    27.7200     4.6899     0.1704     0.2115 1.1605e-01   156.0722     10.445     15.149    14.5762 0.0000e+00
     10.641     -0.049     3.2713     32.465    127.828 101.203868    27.7200     8.0659     0.1704     0.2115 1.1610e-01   369.8132     10.435     15.135    14.5769 0.0000e+00
     10.628     -0.061     3.2864     32.409    127.843 101.227671    27.7200     8.0469     0.1704     0.2115 1.1602e-01   369.6923     10.423     15.117    14.5775 0.0000e+00
     10.613     -0.076     3.2978     32.335    127.918 101.304785    27.5400     8.0392     0.1704     0.2538 1.1628e-01   369.7074     10.408     15.095    14.5785 0.0000e+00
     10.593     -0.092     3.3033     32.279    128.061 101.437789    27.5400     8.0697     0.1704     0.2538 1.1612e-01   369.6621     10.388     15.067    14.5800 0.0000e+00
     10.567     -0.107     3.3023     32.275    128.210 101.568219    27.5400     1.7525     0.1704     0.2538 1.1617e-01    84.7548     10.362     15.029    14.5826 0.0000e+00
     10.535     -0.123     3.2963     32.353    128.252 101.604947    27.5400     1.7601     0.1704     0.2538 1.1625e-01    84.7850     10.331     14.984    14.5871 0.0000e+00
     10.500     -0.139     3.2883     32.533    128.203 101.565761    27.5400     1.7563     0.1704     0.1269 1.1623e-01    84.8303     10.297     14.934    14.5940 0.0000e+00
     10.464     -0.157     3.2820     32.802    128.156 101.526150    27.5400     1.7601     0.1704     0.1269 1.1605e-01    84.8756     10.261     14.883    14.6016 0.0000e+00
     10.425     -0.179     3.2813     33.113    128.094 101.475552    27.5400     1.6114     0.1704     0.1269 1.1617e-01   307.8466     10.224     14.828    14.6066 0.0000e+00
     10.381     -0.208     3.2891     33.420    128.002 101.406470    27.5400     1.6075     0.1704     0.1269 1.1620e-01   307.7559     10.181     14.766    14.6080 0.0000e+00
     10.329     -0.244     3.3074     33.691    127.912 101.346449    27.5400     1.6571     0.1704     0.1269 1.1605e-01   307.7559     10.130     14.692    14.6077 0.0000e+00
     10.267     -0.287     3.3348     33.899    127.813 101.287478    36.1800     1.6190     0.7242     0.3384 1.1605e-01   307.7559     10.068     14.603    14.6070 0.0000e+00
     10.190     -0.332     3.3665     34.036    127.695 101.217830    36.1800     1.2108     0.7242     0.3384 1.1612e-01   157.8699      9.992     14.493    14.6064 0.0000e+00
     10.096     -0.376     3.3976     34.118    127.573 101.148912    36.1800     1.2032     0.7242     0.3384 1.1612e-01   157.9454      9.900     14.360    14.6077 0.0000e+00
      9.988     -0.414     3.4248     34.192    127.467 101.094324    36.1800     1.1879     0.7242     0.3384 1.1620e-01   157.9454      9.795     14.206    14.6122 0.0000e+00
      9.871     -0.445     3.4454     34.312    127.367 101.047505    33.9300     1.2070     0.5112     0.2961 1.1607e-01   158.0361      9.680     14.040    14.6197 0.0000e+00
      9.750     -0.467     3.4585     34.515    127.255 100.993972    33.9300     0.6081     0.5112     0.2961 1.1623e-01    40.9159      9.561     13.868    14.6293 0.0000e+00
      9.626     -0.479     3.4661     34.817    127.149 100.949429    33.9300     0.5814     0.5112     0.2961 1.1600e-01    40.8555      9.440     13.692    14.6401 0.0000e+00
      9.502     -0.484     3.4728     35.220    127.096 100.947966    33.9300     0.5623     0.5112     0.2961 1.1623e-01    40.8555      9.318     13.514    14.6517 0.0000e+00
      9.376     -0.483     3.4840     35.711    127.097 100.993191    27.7200     0.5928     0.1278     0.2115 1.1625e-01    40.8857      9.194     13.335    14.6642 0.0000e+00
      9.250     -0.477     3.5034     36.262    127.105 101.053199    27.7200     0.3563     0.1278     0.2115 1.1605e-01    11.9418      9.071     13.156    14.6782 0.0000e+00
      9.126     -0.465     3.5329     36.831    127.095 101.116012    27.7200     0.3372     0.1278     0.2115 1.1701e-01    11.8663      8.950     12.980    14.6936 0.0000e+00
      9.007     -0.449     3.5725     37.374    127.083 101.198384    27.7200     0.3563     0.1278     0.2115 1.1615e-01    11.9418      8.833     12.811    14.7098 0.0000e+00
      8.893     -0.428     3.6210     37.852    127.074 101.300300    27.4500     0.3372     0.1278     0.2538 1.3520e-01    11.9116      8.722     12.650    14.7273 0.0000e+00
      8.786     -0.402     3.6751     38.236    127.041 101.392985    27.4500     0.3487     0.1278     0.2538 1.3995e-01     5.1590      8.616     12.496    14.7485 0.0000e+00
      8.685     -0.372     3.7304     38.507    126.961 101.447197    27.4500     0.3449     0.1278     0.2538 1.7864e-01     5.1892      8.517     12.352    14.7763 0.0000e+00
      8.591     -0.342     3.7825     38.657    126.878 101.483396    27.4500     0.3449     0.1278     0.2538 1.8208e-01     5.2496      8.425     12.220    14.8125 0.0000e+00
      8.509     -0.311     3.8273     38.691    126.852 101.545213    27.4500     0.3563     0.1278     0.2538 1.9996e-01     5.1137      8.344     12.102    14.8554 0.0000e+00
      8.436     -0.283     3.8623     38.618    126.846 101.617159    27.8100     0.3639     0.1278     0.2538 1.8661e-01     3.9807      8.273     11.998    14.9021 0.0000e+00
      8.371     -0.258     3.8858     38.453    126.823 101.678449    27.8100     0.3639     0.1278     0.2538 2.0188e-01     4.0411      8.209     11.906    14.9485 0.0000e+00
      8.311     -0.237     3.8976     38.221    126.820 101.759421    27.8100     0.3487     0.1278     0.2538 2.0776e-01     4.1015      8.150     11.821    14.9890 0.0000e+00
      8.254     -0.222     3.8984     37.948    126.825 101.861681    27.8100     0.3563     0.1278     0.2538 2.4763e-01     3.9807      8.094     11.740    15.0216 0.0000e+00
      8.200     -0.212     3.8885     37.662    126.786 101.948546    29.0700     0.4212     0.1704     0.2538 2.5953e-01     4.8115      8.041     11.663    15.0520 0.0000e+00
      8.149     -0.209     3.8693     37.387    126.708 102.013208    29.0700     0.4288     0.1704     0.2538 2.5762e-01     4.8115      7.992     11.591    15.0834 0.0000e+00
      8.100     -0.211     3.8433     37.136    126.636 102.090903    29.0700     0.4097     0.1704     0.2538 2.9255e-01     4.7662      7.943     11.521    15.1162 0.0000e+00
      8.050     -0.221     3.8127     36.912    126.594 102.216340    29.0700     0.3983     0.1704     0.2538 2.5651e-01     4.7662      7.894     11.450    15.1550 0.0000e+00
      7.996     -0.238     3.7802     36.717    126.573 102.404986    29.7000     0.3945     0.1704     0.2115 2.7337e-01     6.4582      7.842     11.373    15.2014 0.0000e+00
      7.936     -0.260     3.7486     36.555    126.606 102.713147    29.7000     0.3906     0.1704     0.2115 2.5346e-01     6.4279      7.783     11.288    15.2517 0.0000e+00
      7.869     -0.287     3.7191     36.442    126.719 103.197020    29.7000     0.4364     0.1704     0.2115 2.6965e-01     6.4582      7.716     11.192    15.3053 0.0000e+00
      7.791     -0.314     3.6918     36.400    126.821 103.817761    29.7000     0.4059     0.1704     0.2115 3.4276e-01     6.3826      7.640     11.081    15.3681 0.0000e+00
      7.705     -0.339     3.6659     36.448    126.772 104.463094    29.7000     0.4173     0.1704     0.2115 3.8011e-01     6.5186      7.556     10.958    15.4495 0.0000e+00
      7.611     -0.360     3.6411     36.607    126.580 105.095265    30.3300     0.4212     0.1704     0.2538 4.4458e-01     6.3524      7.464     10.826    15.5606 0.0000e+00
      7.514     -0.375     3.6178     36.893    126.333 105.738968    30.3300     0.3868     0.1704     0.2538 4.9853e-01     6.4128      7.368     10.687    15.7160 0.0000e+00
      7.413     -0.383     3.5971     37.323    125.946 106.286035    30.3300     0.3983     0.1704     0.2538 6.2875e-01     6.4430      7.270     10.544    15.9289 0.0000e+00
      7.313     -0.384     3.5811     37.925    125.418 106.650513    30.3300     0.5242     0.1704     0.2538 6.6747e-01     6.9113      7.171     10.401    16.2006 0.0000e+00
      7.213     -0.381     3.5726     38.714    124.965 106.919643    32.4000     0.5509     0.1704     0.2538 8.5546e-01     6.8811      7.073     10.259    16.5142 0.0000e+00
      7.115     -0.373     3.5748     39.673    124.699 107.173218    32.4000     0.5242     0.1704     0.2538 9.4704e-01     6.9113      6.977     10.119    16.8510 0.0000e+00
      7.020     -0.363     3.5900     40.771    124.618 107.464873    32.4000     0.5051     0.1704     0.2538 1.0555e+00     6.8811      6.884      9.984    17.1978 0.0000e+00
      6.929     -0.352     3.6233     41.948    124.686 107.840399    32.4000     0.6424     0.1704     0.2538 1.1501e+00     7.3041      6.795      9.855    17.5208 0.0000e+00
      6.841     -0.341     3.6786     43.126    124.721 108.214017    36.5400     0.6424     0.2130     0.2538 1.2383e+00     7.3494      6.709      9.731    17.7810 0.0000e+00
      6.757     -0.330     3.7548     44.243    124.618 108.497451    36.5400     0.6348     0.2130     0.2538 1.2871e+00     7.2437      6.626      9.611    17.9725 0.0000e+00
      6.675     -0.319     3.8474     45.252    124.452 108.714323    36.5400     0.6157     0.2130     0.2538 1.4648e+00     7.3343      6.546      9.494    18.1159 0.0000e+00
      6.594     -0.310     3.9482     46.129    124.193 108.814520    36.5400     0.6767     0.2130     0.2538 1.6153e+00     7.6213      6.467      9.379    18.2424 0.0000e+00
      6.516     -0.302     4.0477     46.881    123.751 108.710815    38.9700     0.6195     0.2130     0.2961 1.7547e+00     7.7271      6.390      9.268    18.3799 0.0000e+00
      6.441     -0.297     4.1400     47.531    123.203 108.467533    38.9700     0.6348     0.2130     0.2961 1.7823e+00     7.5156      6.317      9.162    18.5296 0.0000e+00
      6.369     -0.295     4.2222     48.096    122.679 108.197743    38.9700     0.6272     0.2130     0.2961 1.8175e+00     7.5911      6.246      9.060    18.6749 0.0000e+00
      6.297     -0.297     4.2928     48.606    122.186 107.913477    38.9700     0.7035     0.2130     0.2961 1.9153e+00     7.6516      6.175      8.957    18.8064 0.0000e+00
      6.223     -0.302     4.3530     49.086    121.666 107.598904    38.9700     0.6844     0.2130     0.2961 2.1537e+00     7.5911      6.102      8.851    18.9214 0.0000e+00
      6.145     -0.311     4.4049     49.555    121.070 107.248108    40.0500     0.6882     0.2556     0.2538 2.2903e+00     7.6062      6.027      8.741    19.0182 0.0000e+00
      6.066     -0.321     4.4505     50.030    120.328 106.805533    40.0500     0.6996     0.2556     0.2538 2.3832e+00     7.5609      5.948      8.628    19.0962 0.0000e+00
      5.982     -0.331     4.4922     50.534    119.376 106.207145    40.0500     0.6996     0.2556     0.2538 2.7508e+00     7.4099      5.867      8.509    19.1579 0.0000e+00
      5.895     -0.339     4.5311     51.109    118.271 105.503279    40.0500     0.6996     0.2556     0.2538 3.1169e+00     7.3041      5.781      8.385    19.2179 0.0000e+00
      5.805     -0.343     4.5676     51.818    117.217 104.856071    40.5000     0.7073     0.2130     0.3384 3.3478e+00     7.3947      5.693      8.257    19.2918 0.0000e+00
      5.715     -0.344     4.6031     52.723    116.356 104.354806    40.5000     0.6882     0.2130     0.3384 3.8190e+00     7.3645      5.605      8.129    19.3818 0.0000e+00
      5.625     -0.341     4.6396     53.863    115.696 103.979760    40.5000     0.8675     0.2130     0.3384 4.2574e+00     6.6999      5.516      8.001    19.4864 0.0000e+00
      5.537     -0.333     4.6812     55.245    115.046 103.558970    40.5000     0.9094     0.2130     0.3384 4.4911e+00     6.5941      5.430      7.875    19.6051 0.0000e+00
      5.452     -0.324     4.7342     56.810    114.163 102.900273    40.5000     0.9056     0.2130     0.2961 4.7739e+00     6.7150      5.347      7.755    19.7300 0.0000e+00
      5.371     -0.314     4.8058     58.442    113.111 102.093851    40.5000     0.8637     0.2130     0.2961 5.0811e+00     6.6696      5.268      7.640    19.8451 0.0000e+00
      5.294     -0.304     4.9006     60.015    111.891 101.146521    40.5000     0.9705     0.2130     0.2961 5.1066e+00     6.3373      5.192      7.530    19.9386 0.0000e+00
      5.219     -0.294     5.0190     61.452    110.164  99.753704    40.5000     0.9476     0.2130     0.2961 5.3415e+00     6.4430      5.118      7.423    20.0104 0.0000e+00
      5.146     -0.284     5.1547     62.767    107.679  97.687888    40.5000     0.9323     0.2130     0.2961 5.7299e+00     6.3373      5.046      7.319    20.0725 0.0000e+00
      5.073     -0.274     5.2958     64.045    103.979  94.514116    39.5100     0.9590     0.2130     0.3384 5.9095e+00     6.3826      4.975      7.217    20.1387 0.0000e+00
      5.003     -0.264     5.4303     65.389     97.998  89.240163    39.5100     1.1078     0.2130     0.3384 6.2056e+00     5.6877      4.907      7.117    20.2136 0.0000e+00
      4.936     -0.254     5.5509     66.904     88.243  80.489634    39.5100     1.1231     0.2130     0.3384 6.6020e+00     5.6273      4.841      7.022    20.2992 0.0000e+00
      4.873     -0.245     5.6585     68.682     72.365  66.054985    39.5100     1.1078     0.2130     0.3384 6.6293e+00     5.6877      4.779      6.931    20.3985 0.0000e+00
      4.813     -0.239     5.7614     70.755     46.202  42.047020    31.5900     1.1231     0.1704     0.2961 6.6626e+00     5.7179      4.721      6.847    20.5063 0.0000e+00
      4.757     -0.238     5.8691     73.079      2.712   1.973681    31.5900     1.1231     0.1704     0.2961 6.7632e+00     5.7179      4.665      6.766    20.6194 0.0000e+00
      4.700     -0.242     5.9910     75.519    -69.794 -64.939193    31.5900     1.1421     0.1704     0.2961 6.7971e+00     5.6877      4.609      6.685    20.7392 0.0000e+00
      4.641     -0.251     6.1368     77.866   -190.712-176.634960    31.5900     1.1345     0.1704     0.2961 6.7897e+00     5.6726      4.552      6.601    20.8509 0.0000e+00
      4.577     -0.264     6.3115     79.939   -392.263-362.925135    22.7700     1.1307     0.1278     0.4230 7.1672e+00     5.6273      4.489      6.511    20.9365 0.0000e+00
      4.507     -0.280     6.5101     81.672   -518.126-479.201164    22.7700     1.3138     0.1278     0.4230 7.6750e+00     4.2526      4.421      6.411    21.0057 0.0000e+00
      4.433     -0.298     6.7184     83.089   -391.892-362.268005    22.7700     1.3024     0.1278     0.4230 7.9379e+00     4.3130      4.347      6.305    21.0755 0.0000e+00
      4.354     -0.316     6.9182     84.257   -190.029-175.349327    22.7700     1.3291     0.1278     0.4230 8.1317e+00     4.2828      4.270      6.194    21.1445 0.0000e+00
      4.272     -0.333     7.0938     85.291    -68.821 -63.017987    21.8700     1.3138     0.1278     0.4653 8.6006e+00     4.3281      4.190      6.077    21.2095 0.0000e+00
      4.185     -0.350     7.2385     86.343      3.970   4.533137    21.8700     1.4778     0.1278     0.4653 9.1104e+00     2.5003      4.104      5.953    21.2755 0.0000e+00
      4.094     -0.366     7.3536     87.567     47.730  45.221744    21.8700     1.5007     0.1278     0.4653 9.3857e+00     2.5909      4.015      5.823    21.3493 0.0000e+00
      3.998     -0.380     7.4445     89.064     74.093  69.802192    21.8700     1.4931     0.1278     0.4653 1.0018e+01     2.6211      3.920      5.686    21.4349 0.0000e+00
      3.897     -0.391     7.5220     90.843     89.948  84.647367    21.8700     1.5007     0.1278     0.4653 1.0838e+01     2.5607      3.822      5.543    21.5292 0.0000e+00
      3.794     -0.398     7.6005     92.819     99.448  93.590055    19.7100     1.6381     0.1704     0.5499 1.1408e+01     1.7449      3.720      5.396    21.6256 0.0000e+00
