Data/DataNotYetUploadedToEDI/Raw_CTD/RawDownloads/093024_ccr50_S8188003.cnv
* Sea-Bird SBE19plus  Data File:
* FileName = C:\R\Reservoirs\Data\DataNotYetUploadedToEDI\Raw_CTD\RawDownloads\093024_ccr88_S8188_0003.hex
* Software version 2.8.0.119
* Temperature SN = 8188
* Conductivity SN = 8188
* System UpLoad Time = Sep 30 2024 18:05:49
* <ApplicationData>
* <Seaterm232>
# nquan = 16
# nvalues = 1563                        
# units = specified
# name 0 = depFM: Depth [fresh water, m]
# name 1 = dz/dtM: Descent Rate [m/s]
# name 2 = sbeox0Mg/L: Oxygen, SBE 43 [mg/l]
# name 3 = sbeox0PS: Oxygen, SBE 43 [% saturation]
# name 4 = specc: Specific Conductance [uS/cm]
# name 5 = c0uS/cm: Conductivity [uS/cm]
# name 6 = wetCDOM: Fluorescence, WET Labs CDOM [mg/m^3]
# name 7 = flECO-AFL: Fluorescence, WET Labs ECO-AFL/FL [mg/m^3]
# name 8 = flECO-AFL1: Fluorescence, WET Labs ECO-AFL/FL, 2 [mg/m^3]
# name 9 = flECO-AFL2: Fluorescence, WET Labs ECO-AFL/FL, 3 [mg/m^3]
# name 10 = par/sat/log: PAR/Logarithmic, Satlantic
# name 11 = turbWETntu0: Turbidity, WET Labs ECO [NTU]
# name 12 = prdM: Pressure, Strain Gauge [db]
# name 13 = prdE: Pressure, Strain Gauge [psi]
# name 14 = tv290C: Temperature [ITS-90, deg C]
# name 15 = flag:  0.000e+00
# span 0 =     -0.500,     19.978       
# span 1 =     -0.639,      0.265       
# span 2 =    -0.3109,    10.3641       
# span 3 =     -2.935,    119.618       
# span 4 =   -616.212,    221.498       
# span 5 =-482.012775, 164.199717       
# span 6 =    -4.5000,    73.2600       
# span 7 =    -0.2846,     5.7962       
# span 8 =    -2.1300,     0.4686       
# span 9 =    -2.0304,     0.7191       
# span 10 = 1.1577e-01, 3.9023e+02      
# span 11 =    -1.0800,   149.7880      
# span 12 =     -0.491,     19.592      
# span 13 =     -0.711,     28.415      
# span 14 =    12.0639,    22.5134      
# span 15 = 0.0000e+00, 0.0000e+00      
# interval = seconds: 0.25
# start_time = Sep 30 2024 14:16:10 [Instrument's time stamp, header]
# bad_flag = -9.990e-29
*END*
[from data line 1537]
     -0.207     -0.256     8.8187     97.424    116.137 109.912325    13.9500     2.0577     0.1278     0.6345 3.4831e+02     1.4881     -0.203     -0.294    22.4023 0.0000e+00
     -0.270     -0.223     8.7608     95.835    116.113 109.798457    13.9500     1.9432     0.1278     0.6345 2.9923e+02     2.8779     -0.265     -0.384    22.3936 0.0000e+00
     -0.322     -0.187     8.6850     94.304    116.060 109.661440    13.9500     1.9356     0.1278     0.6345 2.7683e+02     2.8628     -0.315     -0.457    22.3771 0.0000e+00
     -0.362     -0.152     8.5852     93.003    115.929 109.458736    15.3000     1.9509     0.4260     0.5499 2.1727e+02     2.8024     -0.355     -0.514    22.3500 0.0000e+00
     -0.393     -0.121     8.4636     92.068    115.684 109.160277    15.3000     1.9394     0.4260     0.5499 1.7609e+02     2.7722     -0.386     -0.559    22.3144 0.0000e+00
     -0.417     -0.095     8.3317     91.568    115.267 108.706467    15.3000    -0.2197     0.4260     0.5499 1.4231e+02    -0.6117     -0.409     -0.593    22.2753 0.0000e+00
     -0.436     -0.074     8.2047     91.497    114.555 107.978285    15.3000    -0.1968     0.4260     0.5499 1.2889e+02    -0.7929     -0.428     -0.620    22.2375 0.0000e+00
     -0.451     -0.057     8.0969     91.814    113.352 106.791546    15.3000    -0.1930     0.4260     0.5499 1.2036e+02    -0.7778     -0.442     -0.641    22.2036 0.0000e+00
     -0.462     -0.044     8.0201     92.470    111.333 104.839779     0.0000    -0.1968     0.0000    -0.2961 1.0932e+02    -0.7476     -0.453     -0.657    22.1739 0.0000e+00
     -0.471     -0.034     7.9808     93.369    107.968 101.626504     0.0000    -0.2769     0.0000    -0.2961 1.0002e+02    -0.9591     -0.462     -0.670    22.1473 0.0000e+00
     -0.478     -0.026     7.9786     94.332    102.865  96.782595     0.0000    -0.2617     0.0000    -0.2961 1.0026e+02    -0.9742     -0.469     -0.679    22.1223 0.0000e+00
     -0.483     -0.021     8.0100     95.170     98.495  92.631345     0.0000    -0.2846     0.0000    -0.2961 9.9585e+01    -1.0346     -0.474     -0.687    22.0983 0.0000e+00
     -0.487     -0.016     8.0709     95.772     99.159  93.218142     0.0000    -0.2579     0.0000     0.0423 1.0168e+02    -1.0044     -0.478     -0.692    22.0755 0.0000e+00
     -0.490     -0.013     8.1529     96.115    103.990  97.727296     0.0000    -0.2579     0.0000     0.0423 9.9132e+01    -1.0800     -0.481     -0.697    22.0541 0.0000e+00
     -0.493     -0.010     8.2402     96.219    108.524 101.961008     0.0000    -0.2731     0.0000     0.0423 8.5757e+01    -0.9742     -0.484     -0.701    22.0340 0.0000e+00
     -0.495     -0.008     8.3164     96.124    111.248 104.497398     0.0000    -0.2655     0.0000     0.0423 8.2557e+01    -1.0649     -0.485     -0.703    22.0155 0.0000e+00
     -0.496     -0.006     8.3717     95.886    112.761 105.896887     0.0000    -0.2617     0.1278     0.0846 8.1011e+01    -1.0800     -0.487     -0.705    21.9990 0.0000e+00
     -0.497     -0.005     8.4038     95.591    113.527 106.596646     0.0000    -0.2731     0.1278     0.0846 8.1064e+01    -0.9742     -0.488     -0.707    21.9847 0.0000e+00
     -0.498     -0.004     8.4147     95.331    113.981 107.005179     0.0000    -0.2579     0.1278     0.0846 8.1682e+01    -0.9742     -0.489     -0.708    21.9725 0.0000e+00
     -0.499     -0.003     8.4081     95.161    114.394 107.379358     0.0000    -0.2808     0.1278     0.0846 8.2844e+01    -0.9742     -0.489     -0.709    21.9617 0.0000e+00
     -0.499     -0.003     8.3888     95.083    114.686 107.645044     0.0000    -0.2426     0.0852     0.0846 8.2395e+01    -1.0497     -0.490     -0.710    21.9518 0.0000e+00
     -0.499     -0.003     8.3644     95.063    114.775 107.725152     0.0000    -0.2655     0.0852     0.0846 8.2898e+01    -1.0044     -0.490     -0.710    21.9428 0.0000e+00
     -0.500 -9.990e-29     8.3429 -9.990e-29 -9.990e-29 -9.990e-29     0.0000 -9.990e-29     0.0852     0.0846 8.4812e+01 -9.990e-29     -0.491     -0.711    21.9350 0.0000e+00
     -0.500 -9.990e-29     8.3291 -9.990e-29 -9.990e-29 -9.990e-29     0.0000 -9.990e-29     0.0852     0.0846 9.1355e+01 -9.990e-29     -0.491     -0.711    21.9290 0.0000e+00
     -0.500 -9.990e-29     8.3228 -9.990e-29 -9.990e-29 -9.990e-29     0.0000 -9.990e-29     0.0852     0.0846 9.1912e+01 -9.990e-29     -0.491     -0.711    21.9252 0.0000e+00
     -0.500 -9.990e-29     8.3213 -9.990e-29 -9.990e-29 -9.990e-29     0.0000 -9.990e-29     0.0852     0.1692 9.2052e+01 -9.990e-29     -0.491     -0.711    21.9238 0.0000e+00
