Data/DataNotYetUploadedToEDI/Raw_CTD/RawDownloads/093024_ccr90_S8188002.cnv
* Sea-Bird SBE19plus  Data File:
* FileName = C:\R\Reservoirs\Data\DataNotYetUploadedToEDI\Raw_CTD\RawDownloads\093024_ccr88_S8188_0002.hex
* Software version 2.8.0.119
* Temperature SN = 8188
* Conductivity SN = 8188
* System UpLoad Time = Sep 30 2024 18:05:22
* <ApplicationData>
* <Seaterm232>
# nquan = 16
# nvalues = 787                         
# units = specified
# name 0 = depFM: Depth [fresh water, m]
# name 1 = dz/dtM: Descent Rate [m/s]
# name 2 = sbeox0Mg/L: Oxygen, SBE 43 [mg/l]
# name 3 = sbeox0PS: Oxygen, SBE 43 [% saturation]
# name 4 = specc: Specific Conductance [uS/cm]
# name 5 = c0uS/cm: Conductivity [uS/cm]
# name 6 = wetCDOM: Fluorescence, WET Labs CDOM [mg/m^3]
# name 7 = flECO-AFL: Fluorescence, WET Labs ECO-AFL/FL [mg/m^3]
# name 8 = flECO-AFL1: Fluorescence, WET Labs ECO-AFL/FL, 2 [mg/m^3]
# name 9 = flECO-AFL2: Fluorescence, WET Labs ECO-AFL/FL, 3 [mg/m^3]
# name 10 = par/sat/log: PAR/Logarithmic, Satlantic
# name 11 = turbWETntu0: Turbidity, WET Labs ECO [NTU]
# name 12 = prdM: Pressure, Strain Gauge [db]
# name 13 = prdE: Pressure, Strain Gauge [psi]
# name 14 = tv290C: Temperature [ITS-90, deg C]
# name 15 = flag:  0.000e+00
# span 0 =     -0.500,      3.949       
# span 1 =     -0.399,      0.155       
# span 2 =     4.6064,     9.7118       
# span 3 =     52.470,    111.595       
# span 4 =      7.021,    114.589       
# span 5 =   6.657389, 108.670139       
# span 6 =    -4.5000,    57.8700       
# span 7 =    -0.3380,     3.3280       
# span 8 =    -2.1300,     0.1704       
# span 9 =    -2.0304,     2.3265       
# span 10 = 1.0992e+01, 2.1501e+02      
# span 11 =     0.6422,    26.8367      
# span 12 =     -0.490,      3.873      
# span 13 =     -0.711,      5.617      
# span 14 =    21.7056,    22.4225      
# span 15 = 0.0000e+00, 0.0000e+00      
# interval = seconds: 0.25
# start_time = Sep 30 2024 10:23:14 [Instrument's time stamp, header]
# bad_flag = -9.990e-29
*END*
[from data line 633]
      3.268      0.044     8.6517     99.623    114.322 108.412428    17.6400     1.7678     0.1278     0.5499 1.6574e+01     1.9413      3.205      4.648    22.4105 0.0000e+00
      3.279      0.043     8.6462     99.669    114.346 108.434342    17.6400     1.7601     0.1278     0.5499 1.6420e+01     1.9413      3.216      4.664    22.4103 0.0000e+00
      3.290      0.042     8.6412     99.741    114.370 108.457204    17.6400     1.6419     0.1278     0.5499 1.6314e+01     1.6845      3.226      4.679    22.4102 0.0000e+00
      3.300      0.041     8.6387     99.807    114.404 108.489110    17.6400     1.6495     0.1278     0.5499 1.6243e+01     1.6543      3.237      4.694    22.4101 0.0000e+00
      3.310      0.040     8.6394     99.842    114.432 108.514578    17.6400     1.6533     0.0852     0.5499 1.6190e+01     1.6241      3.246      4.708    22.4100 0.0000e+00
      3.320      0.041     8.6434     99.839    114.431 108.512410    17.6400     1.6381     0.0852     0.5499 1.6134e+01     1.7147      3.256      4.723    22.4099 0.0000e+00
      3.330      0.041     8.6497     99.810    114.417 108.498022    17.6400     1.6304     0.0852     0.5499 1.6123e+01     1.8507      3.266      4.737    22.4097 0.0000e+00
      3.340      0.042     8.6555     99.772    114.408 108.487570    17.6400     1.8212     0.0852     0.5499 1.5998e+01     1.9111      3.276      4.752    22.4094 0.0000e+00
      3.351      0.043     8.6586     99.734    114.394 108.472268    17.5500     1.8021     0.1278     0.3384 1.5911e+01     2.0773      3.287      4.767    22.4091 0.0000e+00
      3.363      0.044     8.6583     99.686    114.371 108.448035    17.5500     1.8097     0.1278     0.3384 1.5684e+01     1.8809      3.298      4.784    22.4087 0.0000e+00
      3.375      0.044     8.6559     99.625    114.348 108.424402    17.5500     1.8135     0.1278     0.3384 1.5572e+01     1.8507      3.309      4.800    22.4080 0.0000e+00
      3.386      0.043     8.6528     99.570    114.332 108.407064    17.5500     1.7754     0.1278     0.3384 1.5481e+01     1.9111      3.321      4.816    22.4072 0.0000e+00
      3.397      0.043     8.6496     99.537    114.314 108.387397    17.6400     1.7411     0.1278     0.5076 1.5374e+01     1.8658      3.331      4.832    22.4063 0.0000e+00
      3.408      0.042     8.6456     99.519    114.268 108.340166    17.6400     1.7373     0.1278     0.5076 1.5351e+01     1.8507      3.342      4.847    22.4054 0.0000e+00
      3.418      0.042     8.6404     99.492    114.204 108.276764    17.6400     1.7449     0.1278     0.5076 1.5208e+01     2.0018      3.352      4.862    22.4045 0.0000e+00
      3.429      0.041     8.6358     99.440    114.160 108.232264    17.6400     1.7067     0.1278     0.5076 1.5119e+01     2.0773      3.362      4.877    22.4034 0.0000e+00
      3.439      0.042     8.6333     99.355    114.119 108.190801    17.6400     1.6800     0.1278     0.5076 1.5024e+01     2.1981      3.373      4.892    22.4021 0.0000e+00
      3.450      0.042     8.6319     99.253    114.071 108.143316    17.6400     1.7067     0.1278     0.4653 1.4897e+01     2.1528      3.383      4.907    22.4007 0.0000e+00
      3.460      0.043     8.6298     99.149    114.040 108.111133    17.6400     1.7144     0.1278     0.4653 1.4926e+01     2.2586      3.393      4.922    22.3994 0.0000e+00
      3.471      0.045     8.6254     99.050    114.011 108.079673    17.6400     1.6953     0.1278     0.4653 1.4923e+01     2.3794      3.404      4.937    22.3983 0.0000e+00
      3.482      0.047     8.6183     98.959    113.947 108.014556    17.6400     1.6991     0.1278     0.4653 1.4868e+01     2.3039      3.415      4.953    22.3973 0.0000e+00
      3.495      0.050     8.6095     98.883    113.826 107.894420    17.6400     1.6838     0.1278     0.3384 1.4647e+01     2.4701      3.427      4.971    22.3963 0.0000e+00
      3.508      0.053     8.6007     98.819    113.633 107.703221    17.6400     1.6915     0.1278     0.3384 1.4533e+01     2.3341      3.440      4.990    22.3951 0.0000e+00
      3.522      0.057     8.5923     98.746    113.395 107.465941    17.6400     1.7449     0.1278     0.3384 1.4460e+01     2.8628      3.454      5.010    22.3935 0.0000e+00
      3.537      0.060     8.5848     98.643    113.194 107.259241    17.6400     1.7792     0.1278     0.3384 1.4435e+01     2.8628      3.468      5.031    22.3916 0.0000e+00
      3.553      0.063     8.5786     98.496    113.065 107.119958    17.7300     1.7296     0.1278     0.3807 1.4282e+01     2.8175      3.484      5.053    22.3891 0.0000e+00
      3.570      0.066     8.5737     98.290    112.983 107.026942    17.7300     1.7716     0.1278     0.3807 1.4045e+01     2.8175      3.500      5.077    22.3855 0.0000e+00
      3.588      0.067     8.5682     98.022    112.931 106.963384    17.7300     1.6228     0.1278     0.3807 1.3740e+01     3.7541      3.518      5.103    22.3802 0.0000e+00
      3.606      0.067     8.5604     97.705    112.892 106.916333    17.7300     1.6190     0.1278     0.3807 1.3654e+01     3.7994      3.536      5.128    22.3732 0.0000e+00
      3.623      0.067     8.5489     97.371    112.845 106.865244    17.7300     1.6190     0.1278     0.3807 1.3536e+01     3.7994      3.553      5.154    22.3657 0.0000e+00
      3.640      0.065     8.5322     97.054    112.797 106.814485    17.7300     1.6228     0.1278     0.5076 1.3474e+01     3.8598      3.570      5.178    22.3585 0.0000e+00
      3.657      0.064     8.5099     96.788    112.773 106.786504    17.7300     1.6228     0.1278     0.5076 1.3331e+01     4.0411      3.586      5.201    22.3525 0.0000e+00
      3.673      0.062     8.4831     96.602    112.751 106.761844    17.7300     1.6381     0.1278     0.5076 1.3173e+01     3.9807      3.602      5.224    22.3480 0.0000e+00
      3.688      0.061     8.4547     96.507    112.677 106.685952    17.7300     1.6304     0.1278     0.5076 1.3170e+01     3.9656      3.617      5.246    22.3449 0.0000e+00
      3.703      0.061     8.4275     96.491    112.507 106.516601    17.8200     1.6343     0.1278     0.4230 1.3065e+01     3.9656      3.631      5.267    22.3425 0.0000e+00
      3.718      0.061     8.4047     96.530    112.269 106.276597    17.8200     1.5656     0.1278     0.4230 1.2985e+01     4.4641      3.646      5.288    22.3405 0.0000e+00
      3.734      0.062     8.3889     96.582    112.046 106.045867    17.8200     1.5656     0.1278     0.4230 1.2893e+01     4.5245      3.661      5.310    22.3386 0.0000e+00
      3.750      0.062     8.3810     96.593    111.887 105.872825    17.8200     1.5847     0.1278     0.4230 1.2787e+01     4.5396      3.677      5.333    22.3362 0.0000e+00
      3.766      0.062     8.3803     96.506    111.773 105.745307    18.0000     1.5770     0.1278     0.5076 1.2515e+01     4.4792      3.693      5.357    22.3323 0.0000e+00
      3.783      0.060     8.3847     96.305    111.621 105.587330    18.0000     1.6953     0.1278     0.5076 1.2315e+01     5.4309      3.710      5.380    22.3258 0.0000e+00
      3.799      0.058     8.3907     96.021    111.360 105.326781    18.0000     1.7220     0.1278     0.5076 1.2192e+01     5.4158      3.725      5.403    22.3167 0.0000e+00
      3.813      0.055     8.3932     95.704    110.924 104.898180    18.0000     1.7067     0.1278     0.5076 1.2235e+01     5.4309      3.740      5.424    22.3068 0.0000e+00
      3.827      0.053     8.3870     95.384    110.227 104.213217    18.4500     1.6800     0.1278     0.3807 1.2134e+01     5.4309      3.753      5.443    22.2983 0.0000e+00
      3.839      0.050     8.3706     95.066    109.417 103.409042    18.4500     1.4855     0.1278     0.3807 1.2140e+01     6.0654      3.765      5.460    22.2916 0.0000e+00
      3.851      0.049     8.3469     94.724    108.785 102.764897    18.4500     1.5351     0.1278     0.3807 1.2134e+01     6.1862      3.777      5.478    22.2854 0.0000e+00
      3.863      0.047     8.3205     94.308    108.369 102.324870    18.4500     1.4778     0.1278     0.3807 1.1912e+01     6.1107      3.788      5.495    22.2778 0.0000e+00
      3.876      0.045     8.2946     93.767    108.102 102.025579    18.4500     1.5198     0.1278     0.3807 1.1822e+01     6.1409      3.800      5.512    22.2661 0.0000e+00
      3.888      0.043     8.2698     93.067    107.988 101.875145    18.4500     1.6915     0.1278     0.4653 1.1796e+01    10.1894      3.812      5.529    22.2486 0.0000e+00
      3.899      0.041     8.2434     92.220    108.014 101.867426    18.4500     1.6877     0.1278     0.4653 1.1676e+01    10.2650      3.823      5.545    22.2272 0.0000e+00
      3.909      0.037     8.2107     91.294    108.132 101.958391    18.4500     1.6877     0.1278     0.4653 1.1558e+01    10.1290      3.833      5.560    22.2053 0.0000e+00
      3.918      0.033     8.1669     90.412    108.313 102.120337    18.4500     1.7220     0.1278     0.4653 1.1548e+01    10.2801      3.842      5.573    22.1837 0.0000e+00
      3.926      0.028     8.1090     89.703    108.592 102.384457    18.6300     1.9967     0.1278     0.4230 1.1530e+01    13.8301      3.850      5.584    22.1640 0.0000e+00
      3.933      0.024     8.0375     89.250    109.020 102.803197    18.6300     2.0005     0.1278     0.4230 1.1558e+01    13.7092      3.857      5.593    22.1491 0.0000e+00
      3.938      0.019     7.9582     89.088    109.568 103.350316    18.6300     2.0119     0.1278     0.4230 1.1488e+01    13.7697      3.862      5.601    22.1399 0.0000e+00
      3.942      0.015     7.8820     89.226    110.105 103.897897    18.6300     2.0119     0.1278     0.4230 1.1465e+01    13.8905      3.866      5.607    22.1357 0.0000e+00
      3.945      0.011     7.8201     89.650    110.524 104.338127    18.6300     2.1454     0.1704     0.3807 1.1450e+01    15.1897      3.869      5.611    22.1364 0.0000e+00
      3.948      0.007     7.7796     90.323    110.796 104.634496    18.6300     2.1225     0.1704     0.3807 1.1430e+01    15.2350      3.871      5.615    22.1431 0.0000e+00
      3.949      0.003     7.7635     91.193    110.890 104.752104    18.6300     2.1302     0.1704     0.3807 1.1448e+01    15.2954      3.872      5.616    22.1567 0.0000e+00
      3.949     -0.002     7.7727     92.187    110.848 104.726310    18.6300     2.1225     0.1704     0.3807 1.1413e+01    15.3407      3.873      5.617    22.1755 0.0000e+00
      3.948     -0.007     7.8065     93.225    110.780 104.662174    18.8100     2.5460     0.1278     0.3807 1.1388e+01    19.6612      3.872      5.616    22.1957 0.0000e+00
      3.946     -0.013     7.8624     94.227    110.723 104.598560    18.8100     2.5651     0.1278     0.3807 1.1391e+01    19.7669      3.870      5.613    22.2139 0.0000e+00
      3.943     -0.020     7.9362     95.093    110.696 104.558479    18.8100     2.5727     0.1278     0.3807 1.1275e+01    19.6914      3.867      5.608    22.2270 0.0000e+00
      3.938     -0.030     8.0217     95.733    110.709 104.559226    18.8100     2.5345     0.1278     0.3807 1.1260e+01    19.7669      3.862      5.601    22.2332 0.0000e+00
      3.931     -0.042     8.1121     96.103    110.717 104.565018    18.8100     3.2937     0.1278     0.3807 1.1255e+01    26.6706      3.855      5.590    22.2331 0.0000e+00
      3.920     -0.059     8.1999     96.222    110.771 104.619376    19.5300     3.2975     0.1278     0.4653 1.1231e+01    26.8367      3.844      5.575    22.2287 0.0000e+00
      3.905     -0.080     8.2764     96.149    111.031 104.872712    19.5300     3.3280     0.1278     0.4653 1.1136e+01    26.7612      3.829      5.553    22.2221 0.0000e+00
      3.884     -0.106     8.3329     95.959    111.568 105.400575    19.5300     3.2899     0.1278     0.4653 1.1139e+01    26.7310      3.809      5.524    22.2173 0.0000e+00
      3.857     -0.140     8.3653     95.727    112.229 106.065889    19.5300     3.1067     0.1278     0.4653 1.1030e+01    23.8608      3.782      5.485    22.2164 0.0000e+00
      3.820     -0.181     8.3754     95.532    112.764 106.626300    19.8000     3.1220     0.1278     0.4230 1.0992e+01    23.8003      3.747      5.434    22.2177 0.0000e+00
      3.773     -0.226     8.3685     95.471    113.105 107.003372    19.8000     3.0953     0.1278     0.4230 1.1146e+01    23.8608      3.700      5.366    22.2209 0.0000e+00
      3.711     -0.274     8.3505     95.633    113.359 107.289665    19.8000     3.1144     0.1278     0.4230 1.1475e+01    23.9212      3.640      5.278    22.2302 0.0000e+00
      3.633     -0.319     8.3274     96.057    113.586 107.541537    19.8000     1.3214     0.1278     0.4230 1.2474e+01     3.3009      3.563      5.168    22.2484 0.0000e+00
      3.540     -0.357     8.3066     96.709    113.770 107.746189    18.9000     1.3520     0.1278     0.4653 1.4140e+01     3.3160      3.472      5.035    22.2726 0.0000e+00
      3.436     -0.385     8.2973     97.509    113.917 107.912219    18.9000     1.3214     0.1278     0.4653 1.5705e+01     3.3462      3.370      4.887    22.2969 0.0000e+00
      3.327     -0.399     8.3081     98.371    114.056 108.065908    18.9000     1.3367     0.1278     0.4653 1.7042e+01     3.3462      3.263      4.732    22.3172 0.0000e+00
      3.218     -0.399     8.3423     99.224    114.169 108.192267    18.9000     1.4435     0.1278     0.4653 1.8349e+01     2.1679      3.156      4.577    22.3336 0.0000e+00
      3.112     -0.385     8.3967    100.000    114.239 108.275012    18.9000     1.4588     0.1278     0.4653 1.9683e+01     2.0924      3.052      4.426    22.3472 0.0000e+00
      3.012     -0.358     8.4642    100.638    114.286 108.332211    17.6400     1.4511     0.1278     0.4230 2.1307e+01     2.1830      2.953      4.283    22.3588 0.0000e+00
      2.920     -0.323     8.5374    101.104    114.320 108.375119    17.6400     1.4435     0.1278     0.4230 2.2807e+01     2.2737      2.863      4.152    22.3688 0.0000e+00
      2.839     -0.282     8.6101    101.403    114.349 108.411180    17.6400     1.6610     0.1278     0.4230 2.3629e+01     1.8809      2.784      4.038    22.3772 0.0000e+00
      2.773     -0.239     8.6763    101.565    114.387 108.454010    17.6400     1.6266     0.1278     0.4230 2.3779e+01     2.0169      2.719      3.944    22.3842 0.0000e+00
      2.721     -0.198     8.7307    101.614    114.431 108.501036    17.6400     1.6190     0.0852     0.5499 2.3676e+01     2.0018      2.668      3.870    22.3898 0.0000e+00
      2.680     -0.162     8.7704    101.565    114.460 108.532810    17.6400     1.6495     0.0852     0.5499 2.3323e+01     1.8507      2.628      3.812    22.3943 0.0000e+00
      2.647     -0.133     8.7957    101.432    114.459 108.535816    17.6400     1.7105     0.0852     0.5499 2.3172e+01     1.9262      2.596      3.766    22.3980 0.0000e+00
      2.620     -0.111     8.8092    101.238    114.441 108.520849    17.6400     1.7029     0.0852     0.5499 2.3152e+01     1.9564      2.570      3.727    22.4010 0.0000e+00
      2.597     -0.097     8.8131    101.025    114.429 108.511909    17.7300     1.6953     0.0852     0.5499 2.3288e+01     1.8809      2.547      3.693    22.4035 0.0000e+00
      2.575     -0.088     8.8086    100.817    114.422 108.506612    17.7300     1.6991     0.0852     0.5499 2.3420e+01     1.9866      2.526      3.663    22.4054 0.0000e+00
      2.555     -0.085     8.7967    100.624    114.403 108.489550    17.7300     1.7220     0.0852     0.5499 2.3379e+01     2.1679      2.506      3.634    22.4069 0.0000e+00
      2.536     -0.087     8.7798    100.454    114.382 108.470168    17.7300     1.7067     0.0852     0.5499 2.3197e+01     2.1981      2.487      3.607    22.4081 0.0000e+00
      2.516     -0.094     8.7611    100.316    114.377 108.465289    17.5500     1.7067     0.0852     0.4230 2.3162e+01     2.1830      2.467      3.578    22.4090 0.0000e+00
