Data/DataNotYetUploadedToEDI/Raw_CTD/RawDownloads/093025_ccr50_S8188002.cnv
* Sea-Bird SBE19plus  Data File:
* FileName = C:\R\Reservoirs\Data\DataNotYetUploadedToEDI\Raw_CTD\RawDownloads\092925_bvr50_S8188_0002.hex
* Software version 2.8.0.119
* Temperature SN = 8188
* Conductivity SN = 8188
* System UpLoad Time = Oct 06 2025 16:52:50
* <ApplicationData>
* <Seaterm232>
# nquan = 16
# nvalues = 2410                        
# units = specified
# name 0 = depFM: Depth [fresh water, m]
# name 1 = dz/dtM: Descent Rate [m/s]
# name 2 = sbeox0Mg/L: Oxygen, SBE 43 [mg/l]
# name 3 = sbeox0PS: Oxygen, SBE 43 [% saturation]
# name 4 = specc: Specific Conductance [uS/cm]
# name 5 = c0uS/cm: Conductivity [uS/cm]
# name 6 = wetCDOM: Fluorescence, WET Labs CDOM [mg/m^3]
# name 7 = flECO-AFL: Fluorescence, WET Labs ECO-AFL/FL [mg/m^3]
# name 8 = flECO-AFL1: Fluorescence, WET Labs ECO-AFL/FL, 2 [mg/m^3]
# name 9 = flECO-AFL2: Fluorescence, WET Labs ECO-AFL/FL, 3 [mg/m^3]
# name 10 = par/sat/log: PAR/Logarithmic, Satlantic
# name 11 = turbWETntu0: Turbidity, WET Labs ECO [NTU]
# name 12 = prdM: Pressure, Strain Gauge [db]
# name 13 = prdE: Pressure, Strain Gauge [psi]
# name 14 = tv290C: Temperature [ITS-90, deg C]
# name 15 = flag:  0.000e+00
# span 0 =     -0.459,     20.937       
# span 1 =     -0.377,      0.157       
# span 2 =    -0.6407,     9.3359       
# span 3 =     -5.991,    109.981       
# span 4 =   -638.494,    324.572       
# span 5 =-484.826874, 229.126737       
# span 6 =    -4.5000,    52.9200       
# span 7 =    -0.3036,    12.5178       
# span 8 =    -2.1300,     1.8318       
# span 9 =    -2.0304,     7.5717       
# span 10 = 1.1582e-01, 4.5931e+02      
# span 11 =    -1.1857,   355.9303      
# span 12 =     -0.450,     20.533      
# span 13 =     -0.653,     29.780      
# span 14 =    10.2844,    23.7345      
# span 15 = 0.0000e+00, 0.0000e+00      
# interval = seconds: 0.25
# start_time = Sep 30 2025 14:14:54 [Instrument's time stamp, header]
# bad_flag = -9.990e-29
*END*
[from data line 904]
      0.748      0.000     8.1538     96.086    102.111  99.147508    11.1600     1.5694     0.0426     0.4230 1.1929e+02    -0.4002      0.733      1.064    23.5434 0.0000e+00
      0.748      0.000     8.1553     96.098    102.087  99.124436    11.0700     1.5427     0.0852     0.4653 1.1552e+02    -0.3246      0.733      1.064    23.5434 0.0000e+00
      0.748      0.000     8.1552     96.112    102.068  99.106206    11.0700     1.5389     0.0852     0.4653 1.1770e+02    -0.4153      0.733      1.064    23.5434 0.0000e+00
      0.748      0.000     8.1549     96.129    102.062  99.099946    11.0700     1.5427     0.0852     0.4653 1.1935e+02    -0.2944      0.733      1.064    23.5434 0.0000e+00
      0.748      0.001     8.1556     96.144    102.050  99.087999    11.0700     1.4664     0.0852     0.4653 1.1744e+02    -0.3397      0.733      1.064    23.5434 0.0000e+00
      0.748      0.001     8.1567     96.148    102.024  99.063184    11.0700     1.5046     0.0852     0.4653 1.1714e+02    -0.3700      0.733      1.064    23.5434 0.0000e+00
      0.748      0.001     8.1578     96.133    101.991  99.030873    11.1600     1.5313     0.0426     0.4653 1.1898e+02    -0.2944      0.734      1.064    23.5434 0.0000e+00
      0.749      0.001     8.1593     96.091    101.967  99.008427    11.1600     1.4969     0.0426     0.4653 1.1676e+02    -0.2944      0.734      1.065    23.5434 0.0000e+00
      0.749      0.001     8.1605     96.031    101.966  99.007844    11.1600     1.4817     0.0426     0.4653 1.1914e+02    -0.2642      0.734      1.065    23.5434 0.0000e+00
      0.749      0.001     8.1609     95.966    101.978  99.018980    11.1600     1.4931     0.0426     0.4653 1.1826e+02    -0.3397      0.734      1.065    23.5434 0.0000e+00
      0.749      0.001     8.1596     95.900    101.986  99.026817    11.0700     1.5084     0.0852     0.4230 1.1580e+02    -0.4002      0.734      1.065    23.5434 0.0000e+00
      0.749      0.001     8.1561     95.833    101.988  99.029450    11.0700     1.4931     0.0852     0.4230 1.1829e+02    -0.3549      0.734      1.065    23.5434 0.0000e+00
      0.749      0.001     8.1510     95.772    102.003  99.043567    11.0700     1.5694     0.0852     0.4230 1.2091e+02    -0.0829      0.735      1.065    23.5435 0.0000e+00
      0.749      0.000     8.1454     95.720    102.033  99.072933    11.0700     1.5656     0.0852     0.4230 1.1552e+02     0.0228      0.735      1.066    23.5437 0.0000e+00
      0.749      0.000     8.1398     95.689    102.067  99.105396    11.1600     1.5694     0.0852     0.3807 1.1862e+02    -0.1283      0.735      1.066    23.5438 0.0000e+00
      0.750      0.000     8.1341     95.689    102.100  99.137623    11.1600     1.5503     0.0852     0.3807 1.1638e+02    -0.1283      0.735      1.066    23.5438 0.0000e+00
      0.750      0.000     8.1289     95.720    102.134  99.170215    11.1600     1.4969     0.0852     0.3807 1.2110e+02    -0.3246      0.735      1.066    23.5438 0.0000e+00
      0.750      0.000     8.1245     95.775    102.165  99.199873    11.1600     1.4893     0.0852     0.3807 1.1829e+02    -0.2793      0.735      1.066    23.5437 0.0000e+00
      0.749      0.000     8.1219     95.846    102.176  99.210526    11.0700     1.4817     0.0426     0.5076 1.1126e+02    -0.2642      0.735      1.066    23.5436 0.0000e+00
      0.749      0.000     8.1220     95.921    102.162  99.197023    11.0700     1.4931     0.0426     0.5076 1.2078e+02    -0.3549      0.735      1.066    23.5435 0.0000e+00
      0.749      0.000     8.1245     96.003    102.140  99.175745    11.0700     1.5274     0.0426     0.5076 1.2189e+02    -0.2491      0.735      1.066    23.5434 0.0000e+00
      0.750      0.000     8.1293     96.097    102.120  99.157004    11.0700     1.4931     0.0426     0.5076 1.1321e+02    -0.3549      0.735      1.066    23.5434 0.0000e+00
      0.750      0.000     8.1353     96.189    102.099  99.135803    11.0700     1.4855     0.0426     0.5076 1.1653e+02    -0.2944      0.735      1.066    23.5433 0.0000e+00
      0.750      0.000     8.1417     96.254    102.068  99.106488    11.1600     1.5007     0.0852     0.3807 1.2010e+02    -0.3246      0.735      1.066    23.5433 0.0000e+00
      0.750      0.000     8.1487     96.282    102.042  99.081225    11.1600     1.5770     0.0852     0.3807 1.2065e+02    -0.3851      0.735      1.067    23.5433 0.0000e+00
      0.750      0.000     8.1567     96.273    102.030  99.069262    11.1600     1.5770     0.0852     0.3807 1.1522e+02    -0.3549      0.735      1.067    23.5433 0.0000e+00
      0.750      0.000     8.1644     96.221    102.020  99.059417    11.1600     1.5503     0.0852     0.3807 1.1762e+02    -0.3549      0.735      1.067    23.5433 0.0000e+00
      0.750      0.000     8.1699     96.135    102.013  99.053062    11.0700     1.5656     0.0426     0.5499 1.2189e+02    -0.2340      0.735      1.066    23.5434 0.0000e+00
      0.750      0.000     8.1723     96.046    102.025  99.064487    11.0700     1.5656     0.0426     0.5499 1.1650e+02    -0.3851      0.735      1.066    23.5434 0.0000e+00
      0.750     -0.001     8.1715     95.990    102.042  99.080752    11.0700     1.5656     0.0426     0.5499 1.1439e+02    -0.3246      0.735      1.066    23.5434 0.0000e+00
      0.749     -0.001     8.1671     95.987    102.048  99.086214    11.0700     1.5503     0.0426     0.5499 1.1974e+02    -0.2189      0.735      1.066    23.5433 0.0000e+00
      0.749     -0.001     8.1598     96.031    102.048  99.086325    11.0700     1.5351     0.0852     0.5076 1.1893e+02    -0.3549      0.735      1.066    23.5433 0.0000e+00
      0.749     -0.001     8.1522     96.101    102.039  99.077117    11.0700     1.5694     0.0852     0.5076 1.1760e+02    -0.1283      0.735      1.066    23.5432 0.0000e+00
      0.749     -0.001     8.1476     96.176    102.025  99.064128    11.0700     1.5732     0.0852     0.5076 1.1775e+02     0.0681      0.735      1.065    23.5432 0.0000e+00
      0.748     -0.002     8.1473     96.246    102.033  99.071871    11.0700     1.5351     0.0852     0.5076 1.1793e+02    -0.0829      0.734      1.065    23.5431 0.0000e+00
      0.748     -0.002     8.1510     96.297    102.052  99.090420    11.0700     1.5732     0.0852     0.5076 1.2065e+02    -0.0376      0.734      1.064    23.5431 0.0000e+00
      0.748     -0.003     8.1569     96.311    102.063  99.100744    11.0700     1.5618     0.0426     0.5076 1.1454e+02    -0.0980      0.733      1.063    23.5431 0.0000e+00
      0.747     -0.004     8.1633     96.275    102.072  99.109590    11.0700     1.5541     0.0426     0.5076 1.2125e+02    -0.0678      0.733      1.062    23.5432 0.0000e+00
      0.746     -0.005     8.1692     96.196    102.074  99.111326    11.0700     1.5427     0.0426     0.5076 1.1842e+02    -0.0376      0.732      1.061    23.5432 0.0000e+00
      0.745     -0.006     8.1735     96.091    102.079  99.116405    11.0700     1.5656     0.0426     0.5076 1.1744e+02    -0.0376      0.730      1.059    23.5431 0.0000e+00
      0.743     -0.008     8.1747     95.971    102.093  99.130179    11.1600     1.6190     0.0426     0.4653 1.1935e+02    -0.2642      0.729      1.057    23.5431 0.0000e+00
      0.741     -0.011     8.1717     95.842    102.079  99.116353    11.1600     1.6266     0.0426     0.4653 1.1709e+02    -0.2944      0.727      1.054    23.5431 0.0000e+00
      0.738     -0.015     8.1650     95.720    102.041  99.079236    11.1600     1.6190     0.0426     0.4653 1.2181e+02    -0.3246      0.724      1.050    23.5431 0.0000e+00
      0.735     -0.021     8.1561     95.636    102.012  99.050892    11.1600     1.6304     0.0426     0.4653 1.1564e+02    -0.3851      0.720      1.045    23.5430 0.0000e+00
      0.729     -0.030     8.1459     95.610    102.001  99.039751    11.0700     1.5694     0.0426     0.4653 1.1788e+02    -0.0980      0.715      1.037    23.5430 0.0000e+00
      0.722     -0.042     8.1349     95.642    102.008  99.046836    11.0700     1.5389     0.0426     0.4653 1.2005e+02    -0.0980      0.708      1.027    23.5430 0.0000e+00
      0.712     -0.059     8.1246     95.723    102.011  99.050059    11.0700     1.5427     0.0426     0.4653 1.1529e+02    -0.0527      0.699      1.013    23.5430 0.0000e+00
      0.698     -0.079     8.1175     95.844    101.994  99.034292    11.0700     1.5541     0.0426     0.4653 1.1350e+02     0.0228      0.684      0.992    23.5430 0.0000e+00
      0.677     -0.102     8.1153     95.998    101.990  99.031301    11.1600     1.5580     0.0852     0.3807 1.1620e+02    -0.0527      0.664      0.963    23.5430 0.0000e+00
      0.648     -0.124     8.1180     96.167    102.007  99.048281    11.1600     1.4359     0.0852     0.3807 1.1836e+02    -0.3700      0.635      0.922    23.5431 0.0000e+00
      0.611     -0.142     8.1248     96.327    102.016  99.057789    11.1600     1.4435     0.0852     0.3807 1.2667e+02    -0.2793      0.599      0.869    23.5432 0.0000e+00
      0.567     -0.154     8.1351     96.445    102.016  99.058362    11.1600     1.4244     0.0852     0.3807 1.2338e+02    -0.3397      0.556      0.806    23.5435 0.0000e+00
      0.520     -0.159     8.1481     96.510    102.008  99.050155    11.1600     1.4359     0.0852     0.3807 1.3868e+02    -0.4002      0.510      0.740    23.5439 0.0000e+00
      0.475     -0.156     8.1624     96.529    101.985  99.026983    11.1600     1.4283     0.0426     0.5076 1.3564e+02    -0.0376      0.466      0.676    23.5442 0.0000e+00
      0.435     -0.148     8.1759     96.512    101.966  99.008642    11.1600     1.4130     0.0426     0.5076 1.4368e+02    -0.0074      0.427      0.619    23.5445 0.0000e+00
      0.399     -0.136     8.1860     96.468    101.988  99.030209    11.1600     1.4473     0.0426     0.5076 1.4443e+02    -0.1585      0.392      0.568    23.5446 0.0000e+00
      0.368     -0.123     8.1915     96.401    102.049  99.089440    11.1600     1.4206     0.0426     0.5076 1.3796e+02    -0.0376      0.361      0.523    23.5445 0.0000e+00
      0.339     -0.110     8.1931     96.325    102.104  99.142183    11.0700     1.4283     0.0426     0.4230 1.5443e+02     0.0681      0.332      0.482    23.5444 0.0000e+00
      0.313     -0.099     8.1917     96.256    102.123  99.160540    11.0700     1.4359     0.0426     0.4230 1.4841e+02    -0.0376      0.306      0.444    23.5442 0.0000e+00
      0.289     -0.089     8.1879     96.203    102.116  99.153400    11.0700     1.4283     0.0426     0.4230 1.5430e+02    -0.1283      0.283      0.410    23.5441 0.0000e+00
      0.268     -0.081     8.1823     96.162    102.122  99.158827    11.0700     1.4283     0.0426     0.4230 1.4569e+02    -0.0678      0.262      0.381    23.5439 0.0000e+00
      0.250     -0.074     8.1758     96.117    102.155  99.190257    11.1600     1.4168     0.0426     0.3807 1.6341e+02    -0.3397      0.244      0.354    23.5438 0.0000e+00
      0.233     -0.069     8.1700     96.044    102.171  99.206114    11.1600     1.4244     0.0426     0.3807 1.4503e+02    -0.2642      0.228      0.331    23.5438 0.0000e+00
      0.218     -0.065     8.1655     95.938    102.153  99.188645    11.1600     1.4511     0.0426     0.3807 1.5376e+02    -0.2491      0.213      0.309    23.5437 0.0000e+00
      0.202     -0.063     8.1621     95.812    102.123  99.159171    11.1600     1.4359     0.0426     0.3807 1.5456e+02    -0.3700      0.197      0.286    23.5435 0.0000e+00
      0.185     -0.060     8.1583     95.685    102.095  99.131813    11.1600     1.4397     0.0000     0.4653 1.6689e+02    -0.3246      0.181      0.263    23.5434 0.0000e+00
      0.169     -0.056     8.1521     95.576    102.069  99.107269    11.1600     1.4321     0.0000     0.4653 1.7419e+02    -0.2793      0.165      0.240    23.5434 0.0000e+00
      0.154     -0.051     8.1430     95.508    102.036  99.074996    11.1600     1.4321     0.0000     0.4653 2.1053e+02    -0.3095      0.150      0.219    23.5433 0.0000e+00
      0.141     -0.045     8.1324     95.502    102.002  99.042375    11.1600     1.4092     0.0000     0.4653 2.1048e+02    -0.3549      0.138      0.201    23.5433 0.0000e+00
      0.131     -0.039     8.1216     95.555    101.988  99.028684    11.1600     1.3787     0.0000     0.4653 2.2471e+02    -0.2944      0.128      0.186    23.5433 0.0000e+00
      0.123     -0.034     8.1123     95.647    101.986  99.026273    11.0700     1.3787     0.0426     0.5499 2.6385e+02    -0.2944      0.120      0.175    23.5434 0.0000e+00
      0.116     -0.029     8.1066     95.740    101.982  99.022511    11.0700     1.3787     0.0426     0.5499 2.6854e+02    -0.3246      0.113      0.164    23.5434 0.0000e+00
      0.109     -0.025     8.1060     95.806    101.980  99.020391    11.0700     1.3787     0.0426     0.5499 2.9318e+02    -0.3700      0.106      0.155    23.5434 0.0000e+00
      0.102     -0.021     8.1106     95.831    101.966  99.007359    11.0700     1.4359     0.0426     0.5499 2.9975e+02    -0.3246      0.100      0.145    23.5434 0.0000e+00
      0.097     -0.017     8.1183     95.808    101.936  98.977940    11.0700     1.4359     0.0852     0.5076 2.9305e+02    -0.2189      0.095      0.138    23.5434 0.0000e+00
      0.093     -0.014     8.1262     95.751    101.918  98.960260    11.0700     1.4435     0.0852     0.5076 3.4016e+02    -0.2944      0.091      0.132    23.5434 0.0000e+00
      0.090     -0.010     8.1318     95.681    101.927  98.969584    11.0700     1.4359     0.0852     0.5076 3.5736e+02    -0.2491      0.088      0.129    23.5434 0.0000e+00
      0.089     -0.007     8.1339     95.618    101.963  99.004404    11.0700     1.4588     0.0852     0.5076 3.5970e+02    -0.2944      0.087      0.126    23.5433 0.0000e+00
      0.088     -0.004     8.1320     95.579    102.000  99.040035    11.0700     1.4092     0.0852     0.3807 3.6189e+02    -0.4304      0.086      0.125    23.5433 0.0000e+00
      0.087     -0.002     8.1272     95.578    102.015  99.054004    11.0700     1.4397     0.0852     0.3807 3.6134e+02    -0.3246      0.086      0.124    23.5434 0.0000e+00
      0.087     -0.000     8.1212     95.627    102.027  99.066024    11.0700     1.4511     0.0852     0.3807 3.6048e+02    -0.2642      0.085      0.124    23.5434 0.0000e+00
      0.087      0.002     8.1158     95.724    102.041  99.079299    11.0700     1.4359     0.0852     0.3807 3.6063e+02    -0.3549      0.085      0.124    23.5434 0.0000e+00
      0.088      0.003     8.1126     95.859    102.052  99.089378    11.0700     1.4244     0.0852     0.3807 3.5821e+02    -0.2793      0.086      0.125    23.5434 0.0000e+00
      0.089      0.004     8.1126     96.012    102.070  99.106940    11.0700     1.4588     0.0426     0.4230 3.5534e+02    -0.4002      0.087      0.127    23.5433 0.0000e+00
      0.091      0.005     8.1167     96.160    102.092  99.128676    11.0700     1.4244     0.0426     0.4230 3.5450e+02    -0.3397      0.089      0.129    23.5433 0.0000e+00
      0.092      0.005     8.1249     96.282    102.104  99.140400    11.0700     1.4283     0.0426     0.4230 3.5365e+02    -0.3549      0.090      0.131    23.5432 0.0000e+00
      0.094      0.005     8.1364     96.357    102.101  99.137244    11.0700     1.4588     0.0426     0.4230 3.5534e+02    -0.3851      0.092      0.134    23.5432 0.0000e+00
      0.095      0.005     8.1494     96.376    102.094  99.130356    11.0700     1.4435     0.0852     0.5499 3.5666e+02    -0.2642      0.093      0.136    23.5431 0.0000e+00
      0.096      0.004     8.1620     96.343    102.081  99.117900    11.0700     1.4435     0.0852     0.5499 3.5713e+02    -0.3851      0.095      0.137    23.5431 0.0000e+00
      0.098      0.004     8.1723     96.271    102.050  99.088561    11.0700     1.4283     0.0852     0.5499 3.5814e+02    -0.3246      0.096      0.139    23.5431 0.0000e+00
