Data/DataNotYetUploadedToEDI/Raw_CTD/RawDownloads/093024_ccr90_S8188002.cnv
* Sea-Bird SBE19plus  Data File:
* FileName = C:\R\Reservoirs\Data\DataNotYetUploadedToEDI\Raw_CTD\RawDownloads\093024_ccr88_S8188_0002.hex
* Software version 2.8.0.119
* Temperature SN = 8188
* Conductivity SN = 8188
* System UpLoad Time = Sep 30 2024 18:05:22
* <ApplicationData>
* <Seaterm232>
# nquan = 16
# nvalues = 787                         
# units = specified
# name 0 = depFM: Depth [fresh water, m]
# name 1 = dz/dtM: Descent Rate [m/s]
# name 2 = sbeox0Mg/L: Oxygen, SBE 43 [mg/l]
# name 3 = sbeox0PS: Oxygen, SBE 43 [% saturation]
# name 4 = specc: Specific Conductance [uS/cm]
# name 5 = c0uS/cm: Conductivity [uS/cm]
# name 6 = wetCDOM: Fluorescence, WET Labs CDOM [mg/m^3]
# name 7 = flECO-AFL: Fluorescence, WET Labs ECO-AFL/FL [mg/m^3]
# name 8 = flECO-AFL1: Fluorescence, WET Labs ECO-AFL/FL, 2 [mg/m^3]
# name 9 = flECO-AFL2: Fluorescence, WET Labs ECO-AFL/FL, 3 [mg/m^3]
# name 10 = par/sat/log: PAR/Logarithmic, Satlantic
# name 11 = turbWETntu0: Turbidity, WET Labs ECO [NTU]
# name 12 = prdM: Pressure, Strain Gauge [db]
# name 13 = prdE: Pressure, Strain Gauge [psi]
# name 14 = tv290C: Temperature [ITS-90, deg C]
# name 15 = flag:  0.000e+00
# span 0 =     -0.500,      3.949       
# span 1 =     -0.399,      0.155       
# span 2 =     4.6064,     9.7118       
# span 3 =     52.470,    111.595       
# span 4 =      7.021,    114.589       
# span 5 =   6.657389, 108.670139       
# span 6 =    -4.5000,    57.8700       
# span 7 =    -0.3380,     3.3280       
# span 8 =    -2.1300,     0.1704       
# span 9 =    -2.0304,     2.3265       
# span 10 = 1.0992e+01, 2.1501e+02      
# span 11 =     0.6422,    26.8367      
# span 12 =     -0.490,      3.873      
# span 13 =     -0.711,      5.617      
# span 14 =    21.7056,    22.4225      
# span 15 = 0.0000e+00, 0.0000e+00      
# interval = seconds: 0.25
# start_time = Sep 30 2024 10:23:14 [Instrument's time stamp, header]
# bad_flag = -9.990e-29
*END*
[from data line 91]
      0.437      0.003     6.1574     69.390    112.726 106.518303    17.6400     1.9967     0.1278     0.4230 8.0782e+01     1.7147      0.429      0.621    22.2572 0.0000e+00
      0.438      0.003     6.1276     68.988    112.719 106.502001    17.6400     2.0806     0.1278     0.4230 8.0993e+01     1.7147      0.430      0.623    22.2535 0.0000e+00
      0.438      0.002     6.0984     68.547    112.716 106.491112    17.6400     2.0501     0.0852     0.4230 8.1134e+01     1.6845      0.430      0.624    22.2496 0.0000e+00
      0.439      0.002     6.0687     68.068    112.706 106.474739    17.6400     2.0653     0.0852     0.4230 8.1558e+01     1.7147      0.431      0.625    22.2454 0.0000e+00
      0.439      0.001     6.0371     67.567    112.690 106.452511    17.6400     2.0768     0.0852     0.4230 8.2127e+01     1.8054      0.431      0.625    22.2411 0.0000e+00
      0.439      0.001     6.0026     67.064    112.675 106.430496    17.6400     2.1073     0.0852     0.4230 8.2898e+01     1.6543      0.431      0.625    22.2370 0.0000e+00
      0.440      0.001     5.9646     66.582    112.654 106.402822    17.6400     2.1264     0.0852     0.4230 8.3277e+01     1.6694      0.431      0.625    22.2334 0.0000e+00
      0.440      0.001     5.9233     66.146    112.628 106.370106    17.6400     2.1302     0.1278     0.5922 8.3859e+01     1.6543      0.431      0.626    22.2301 0.0000e+00
      0.440      0.001     5.8801     65.768    112.610 106.343613    17.6400     2.1416     0.1278     0.5922 8.4352e+01     1.7147      0.432      0.626    22.2270 0.0000e+00
      0.440      0.001     5.8367     65.446    112.600 106.324274    17.6400     2.1721     0.1278     0.5922 8.4389e+01     1.6996      0.432      0.626    22.2238 0.0000e+00
      0.441      0.001     5.7952     65.174    112.595 106.310928    17.6400     2.2103     0.1278     0.5922 8.4297e+01     1.5788      0.432      0.626    22.2202 0.0000e+00
      0.441      0.001     5.7576     64.946    112.598 106.304015    17.6400     2.2217     0.1278     0.5076 8.4738e+01     1.6996      0.432      0.627    22.2162 0.0000e+00
      0.441      0.002     5.7252     64.749    112.604 106.301691    17.6400     2.1988     0.1278     0.5076 8.4315e+01     1.6694      0.432      0.627    22.2122 0.0000e+00
      0.441      0.002     5.6975     64.570    112.614 106.303336    17.6400     2.2027     0.1278     0.5076 8.4793e+01     1.6090      0.433      0.628    22.2081 0.0000e+00
      0.442      0.003     5.6743     64.395    112.630 106.311387    17.6400     2.1721     0.1278     0.5076 8.4041e+01     1.6543      0.433      0.628    22.2040 0.0000e+00
      0.443      0.003     5.6549     64.218    112.650 106.325992    17.6400     2.1950     0.1278     0.5076 8.4334e+01     1.6694      0.434      0.629    22.2000 0.0000e+00
      0.443      0.004     5.6382     64.046    112.674 106.345049    17.6400     2.1645     0.1278     0.5076 8.4701e+01     1.6543      0.435      0.631    22.1962 0.0000e+00
      0.444      0.006     5.6229     63.909    112.703 106.371639    17.6400     2.1798     0.1278     0.5076 8.5255e+01     1.6543      0.436      0.632    22.1927 0.0000e+00
      0.446      0.007     5.6080     63.831    112.730 106.396861    17.6400     2.2027     0.1278     0.5076 8.6130e+01     1.7903      0.437      0.634    22.1898 0.0000e+00
      0.447      0.009     5.5928     63.831    112.737 106.403454    17.6400     2.1645     0.1278     0.5922 8.6487e+01     1.6543      0.439      0.636    22.1877 0.0000e+00
      0.450      0.010     5.5780     63.905    112.730 106.393176    17.6400     2.2065     0.1278     0.5922 8.6411e+01     1.6543      0.441      0.640    22.1864 0.0000e+00
      0.453      0.011     5.5661     64.021    112.727 106.383277    17.6400     2.0882     0.1278     0.5922 8.5775e+01     1.9866      0.444      0.644    22.1859 0.0000e+00
      0.457      0.012     5.5594     64.141    112.741 106.387108    17.6400     2.0768     0.1278     0.5922 8.4480e+01     2.0169      0.448      0.649    22.1859 0.0000e+00
      0.460      0.012     5.5594     64.240    112.761 106.397694    17.6400     2.0844     0.1278     0.5922 8.3986e+01     1.9111      0.451      0.654    22.1856 0.0000e+00
      0.463      0.012     5.5660     64.311    112.766 106.393870    17.7300     2.0424     0.1278     0.5076 8.2880e+01     1.9111      0.454      0.659    22.1841 0.0000e+00
      0.466      0.011     5.5765     64.352    112.746 106.362622    17.7300     2.0081     0.1278     0.5076 8.2270e+01     1.9111      0.457      0.663    22.1809 0.0000e+00
      0.469      0.010     5.5873     64.370    112.718 106.313608    17.7300     2.0234     0.1278     0.5076 8.0659e+01     1.9111      0.460      0.667    22.1769 0.0000e+00
      0.472      0.007     5.5964     64.376    112.716 106.273739    17.7300     2.0081     0.1278     0.5076 7.9545e+01     1.9413      0.463      0.671    22.1731 0.0000e+00
      0.474      0.004     5.6029     64.396    112.765 106.262365    17.7300     2.0081     0.1278     0.5076 7.8158e+01     1.9111      0.465      0.674    22.1692 0.0000e+00
      0.475      0.001     5.6071     64.477    112.849 106.274452    17.7300     2.0005     0.1278     0.5076 7.8039e+01     1.6543      0.466      0.676    22.1639 0.0000e+00
      0.475     -0.002     5.6097     64.672    112.930 106.289229    17.7300     1.9814     0.1278     0.5076 8.0923e+01     1.6392      0.466      0.676    22.1541 0.0000e+00
      0.473     -0.005     5.6121     65.016    112.982 106.292643    17.7300     2.0081     0.1278     0.5076 8.3350e+01     1.6845      0.464      0.673    22.1370 0.0000e+00
      0.471     -0.007     5.6166     65.514    112.999 106.277605    17.7300     2.0234     0.1278     0.5076 8.3950e+01     1.6996      0.462      0.670    22.1115 0.0000e+00
      0.468     -0.009     5.6269     66.135    112.991 106.246103    17.7300     2.0081     0.1278     0.5076 8.4169e+01     1.8205      0.459      0.667    22.0818 0.0000e+00
      0.466     -0.010     5.6469     66.810    112.983 106.217722    17.7300     2.0157     0.1278     0.5076 8.5051e+01     1.6996      0.457      0.663    22.0547 0.0000e+00
      0.464     -0.011     5.6791     67.467    112.993 106.206882    17.7300     2.0081     0.1278     0.5076 8.6261e+01     1.6543      0.455      0.660    22.0344 0.0000e+00
      0.461     -0.012     5.7242     68.058    113.013 106.206692    17.6400     2.0081     0.1278     0.5499 8.8367e+01     1.7449      0.452      0.656    22.0204 0.0000e+00
      0.457     -0.012     5.7796     68.554    113.031 106.205109    17.6400     1.9661     0.1278     0.5499 9.0015e+01     1.7903      0.449      0.651    22.0099 0.0000e+00
      0.454     -0.012     5.8396     68.936    113.051 106.205707    17.6400     1.9509     0.1278     0.5499 9.1494e+01     1.7147      0.445      0.646    22.0005 0.0000e+00
      0.451     -0.011     5.8981     69.208    113.081 106.216640    17.6400     1.9356     0.1278     0.5499 9.1752e+01     1.6996      0.442      0.641    21.9915 0.0000e+00
      0.448     -0.010     5.9507     69.395    113.113 106.232828    17.6400     1.9661     0.1278     0.5499 9.1912e+01     1.6996      0.439      0.637    21.9832 0.0000e+00
      0.445     -0.008     5.9950     69.534    113.137 106.244592    17.6400     1.9280     0.1278     0.5922 9.3037e+01     1.6694      0.437      0.633    21.9751 0.0000e+00
      0.443     -0.006     6.0293     69.659    113.153 106.253072    17.6400     1.9432     0.1278     0.5922 9.4381e+01     1.7449      0.435      0.631    21.9671 0.0000e+00
      0.442     -0.004     6.0539     69.778    113.171 106.264526    17.6400     1.9204     0.1278     0.5922 9.4751e+01     1.6543      0.433      0.629    21.9597 0.0000e+00
      0.442     -0.001     6.0710     69.871    113.186 106.276012    17.6400     1.9242     0.1278     0.5922 9.4689e+01     1.7147      0.433      0.628    21.9535 0.0000e+00
      0.442      0.001     6.0838     69.908    113.196 106.284596    17.6400     1.9928     0.1278     0.5076 9.4115e+01     1.6845      0.433      0.628    21.9488 0.0000e+00
      0.442      0.002     6.0950     69.863    113.200 106.288568    17.6400     1.9852     0.1278     0.5076 9.4238e+01     1.5939      0.434      0.629    21.9457 0.0000e+00
      0.443      0.003     6.1057     69.710    113.193 106.280993    17.6400     2.0157     0.1278     0.5076 9.4607e+01     1.6694      0.435      0.631    21.9436 0.0000e+00
      0.444      0.004     6.1139     69.435    113.173 106.259849    17.6400     2.0005     0.1278     0.5076 9.3159e+01     1.7903      0.436      0.632    21.9424 0.0000e+00
      0.445      0.004     6.1172     69.036    113.144 106.227496    17.6400     1.9356     0.1704     0.5499 9.2977e+01     1.6996      0.437      0.634    21.9419 0.0000e+00
      0.446      0.004     6.1133     68.525    113.110 106.189297    17.6400     1.9165     0.1704     0.5499 9.2957e+01     1.6845      0.438      0.635    21.9418 0.0000e+00
      0.448      0.004     6.1000     67.925    113.081 106.155056    17.6400     1.9280     0.1704     0.5499 9.2513e+01     1.6543      0.439      0.637    21.9414 0.0000e+00
      0.449      0.004     6.0760     67.272    113.061 106.129635    17.6400     1.9280     0.1704     0.5499 9.3118e+01     1.6543      0.440      0.638    21.9404 0.0000e+00
      0.450      0.004     6.0413     66.607    113.052 106.114250    17.6400     1.9585     0.1704     0.5499 9.3890e+01     1.7147      0.441      0.640    21.9383 0.0000e+00
      0.450      0.003     5.9970     65.960    113.048 106.104797    17.7300     1.9165     0.1704     0.5922 9.4115e+01     1.5939      0.442      0.641    21.9355 0.0000e+00
      0.451      0.003     5.9448     65.356    113.047 106.098756    17.7300     1.9356     0.1704     0.5922 9.4731e+01     1.7449      0.443      0.642    21.9323 0.0000e+00
      0.452      0.003     5.8881     64.814    113.051 106.098515    17.7300     1.9661     0.1704     0.5922 9.5164e+01     1.6241      0.443      0.643    21.9293 0.0000e+00
      0.453      0.003     5.8302     64.338    113.052 106.096011    17.7300     1.9928     0.1704     0.5922 9.5537e+01     1.7601      0.444      0.644    21.9265 0.0000e+00
      0.454      0.003     5.7738     63.926    113.046 106.086581    17.6400     2.0081     0.1704     0.5922 9.5765e+01     1.6694      0.445      0.645    21.9240 0.0000e+00
      0.454      0.003     5.7211     63.571    113.043 106.079702    17.6400     1.9890     0.1704     0.5922 9.5599e+01     1.6845      0.446      0.646    21.9218 0.0000e+00
      0.455      0.003     5.6739     63.257    113.045 106.077538    17.6400     1.9928     0.1704     0.5922 9.4937e+01     1.7752      0.446      0.647    21.9198 0.0000e+00
      0.456      0.003     5.6324     62.966    113.042 106.071516    17.6400     2.0729     0.1704     0.5922 9.4566e+01     1.7298      0.447      0.648    21.9180 0.0000e+00
      0.457      0.003     5.5966     62.683    113.034 106.060030    17.6400     2.0958     0.1278     0.4653 9.4463e+01     1.7449      0.448      0.650    21.9164 0.0000e+00
      0.458      0.003     5.5656     62.405    113.025 106.048014    17.6400     2.0882     0.1278     0.4653 9.4463e+01     1.7147      0.449      0.651    21.9148 0.0000e+00
      0.458      0.003     5.5384     62.135    113.020 106.040257    17.6400     2.0882     0.1278     0.4653 9.4095e+01     1.7147      0.450      0.652    21.9131 0.0000e+00
      0.459      0.003     5.5131     61.872    113.016 106.034692    17.6400     1.9471     0.1278     0.4653 9.4422e+01     1.7147      0.450      0.653    21.9114 0.0000e+00
      0.460      0.003     5.4884     61.614    113.014 106.029835    17.7300     1.9585     0.1278     0.5499 9.5081e+01     1.6845      0.451      0.654    21.9098 0.0000e+00
      0.461      0.003     5.4642     61.366    113.015 106.028387    17.7300     1.9280     0.1278     0.5499 9.5226e+01     1.7147      0.452      0.655    21.9084 0.0000e+00
      0.461      0.003     5.4407     61.130    113.011 106.021968    17.7300     1.9432     0.1278     0.5499 9.5433e+01     1.6543      0.452      0.656    21.9071 0.0000e+00
      0.462      0.003     5.4178     60.907    113.000 106.008864    17.7300     2.0653     0.1278     0.5499 9.5807e+01     1.6543      0.453      0.656    21.9060 0.0000e+00
      0.463      0.002     5.3953     60.695    112.991 105.997577    17.7300     2.0653     0.1278     0.5499 9.5995e+01     1.6241      0.454      0.657    21.9050 0.0000e+00
      0.463      0.002     5.3737     60.489    112.985 105.989092    17.6400     2.0729     0.1278     0.4230 9.5786e+01     1.6543      0.454      0.658    21.9039 0.0000e+00
      0.464      0.002     5.3532     60.282    112.979 105.981148    17.6400     2.0653     0.1278     0.4230 9.5537e+01     1.6694      0.455      0.659    21.9026 0.0000e+00
      0.464      0.002     5.3338     60.079    112.976 105.975624    17.6400     2.0577     0.1278     0.4230 9.5454e+01     1.7147      0.455      0.659    21.9013 0.0000e+00
      0.464      0.002     5.3154     59.884    112.983 105.979042    17.6400     2.0729     0.1278     0.4230 9.5185e+01     1.6694      0.455      0.660    21.9000 0.0000e+00
      0.465      0.002     5.2974     59.691    112.995 105.988315    17.6400     2.0501     0.1278     0.5076 9.4751e+01     1.6241      0.456      0.660    21.8986 0.0000e+00
      0.465      0.002     5.2794     59.499    113.004 105.993924    17.6400     2.0577     0.1278     0.5076 9.4916e+01     1.6845      0.456      0.661    21.8974 0.0000e+00
      0.466      0.002     5.2618     59.310    113.006 105.993366    17.6400     2.0653     0.1278     0.5076 9.5412e+01     1.7752      0.457      0.661    21.8962 0.0000e+00
      0.466      0.002     5.2448     59.120    113.006 105.990490    17.6400     2.0424     0.1278     0.5076 9.5724e+01     1.6392      0.457      0.662    21.8952 0.0000e+00
      0.467      0.002     5.2280     58.932    113.003 105.984529    17.6400     2.0729     0.0852     0.5499 9.5828e+01     1.6694      0.458      0.663    21.8941 0.0000e+00
      0.467      0.002     5.2114     58.752    112.994 105.973892    17.6400     2.0806     0.0852     0.5499 9.6036e+01     1.6543      0.458      0.664    21.8931 0.0000e+00
      0.468      0.002     5.1949     58.581    112.991 105.967737    17.6400     2.1492     0.0852     0.5499 9.6183e+01     1.6694      0.459      0.665    21.8919 0.0000e+00
      0.468      0.002     5.1784     58.418    112.995 105.968421    17.6400     2.1340     0.0852     0.5499 9.6078e+01     1.6996      0.459      0.666    21.8906 0.0000e+00
      0.468      0.002     5.1621     58.260    112.998 105.968131    17.6400     2.1302     0.0852     0.5499 9.6518e+01     1.7752      0.459      0.666    21.8894 0.0000e+00
      0.469      0.002     5.1464     58.110    112.999 105.966788    17.6400     2.1225     0.1278     0.5076 9.6580e+01     1.6996      0.460      0.667    21.8881 0.0000e+00
      0.469      0.002     5.1316     57.970    113.004 105.968033    17.6400     2.1225     0.1278     0.5076 9.5807e+01     1.6543      0.460      0.667    21.8869 0.0000e+00
      0.470      0.002     5.1174     57.835    113.007 105.968198    17.6400     2.1264     0.1278     0.5076 9.5475e+01     1.6543      0.461      0.668    21.8856 0.0000e+00
      0.470      0.002     5.1037     57.701    113.009 105.967328    17.6400     2.1264     0.1278     0.5076 9.5765e+01     1.7147      0.461      0.669    21.8842 0.0000e+00
      0.471      0.002     5.0907     57.567    113.014 105.969190    17.6400     2.1149     0.0852     0.5922 9.5578e+01     1.6845      0.462      0.669    21.8829 0.0000e+00
