Data/DataNotYetUploadedToEDI/Raw_CTD/RawDownloads/093025_ccr50_S8188002.cnv
* Sea-Bird SBE19plus  Data File:
* FileName = C:\R\Reservoirs\Data\DataNotYetUploadedToEDI\Raw_CTD\RawDownloads\092925_bvr50_S8188_0002.hex
* Software version 2.8.0.119
* Temperature SN = 8188
* Conductivity SN = 8188
* System UpLoad Time = Oct 06 2025 16:52:50
* <ApplicationData>
* <Seaterm232>
# nquan = 16
# nvalues = 2410                        
# units = specified
# name 0 = depFM: Depth [fresh water, m]
# name 1 = dz/dtM: Descent Rate [m/s]
# name 2 = sbeox0Mg/L: Oxygen, SBE 43 [mg/l]
# name 3 = sbeox0PS: Oxygen, SBE 43 [% saturation]
# name 4 = specc: Specific Conductance [uS/cm]
# name 5 = c0uS/cm: Conductivity [uS/cm]
# name 6 = wetCDOM: Fluorescence, WET Labs CDOM [mg/m^3]
# name 7 = flECO-AFL: Fluorescence, WET Labs ECO-AFL/FL [mg/m^3]
# name 8 = flECO-AFL1: Fluorescence, WET Labs ECO-AFL/FL, 2 [mg/m^3]
# name 9 = flECO-AFL2: Fluorescence, WET Labs ECO-AFL/FL, 3 [mg/m^3]
# name 10 = par/sat/log: PAR/Logarithmic, Satlantic
# name 11 = turbWETntu0: Turbidity, WET Labs ECO [NTU]
# name 12 = prdM: Pressure, Strain Gauge [db]
# name 13 = prdE: Pressure, Strain Gauge [psi]
# name 14 = tv290C: Temperature [ITS-90, deg C]
# name 15 = flag:  0.000e+00
# span 0 =     -0.459,     20.937       
# span 1 =     -0.377,      0.157       
# span 2 =    -0.6407,     9.3359       
# span 3 =     -5.991,    109.981       
# span 4 =   -638.494,    324.572       
# span 5 =-484.826874, 229.126737       
# span 6 =    -4.5000,    52.9200       
# span 7 =    -0.3036,    12.5178       
# span 8 =    -2.1300,     1.8318       
# span 9 =    -2.0304,     7.5717       
# span 10 = 1.1582e-01, 4.5931e+02      
# span 11 =    -1.1857,   355.9303      
# span 12 =     -0.450,     20.533      
# span 13 =     -0.653,     29.780      
# span 14 =    10.2844,    23.7345      
# span 15 = 0.0000e+00, 0.0000e+00      
# interval = seconds: 0.25
# start_time = Sep 30 2025 14:14:54 [Instrument's time stamp, header]
# bad_flag = -9.990e-29
*END*
[from data line 633]
      0.668      0.002     8.0137     95.186    102.044  99.080441    11.0700     1.5122     0.0426     0.5076 1.1196e+02    -0.3246      0.655      0.950    23.5425 0.0000e+00
      0.669      0.002     8.0303     95.337    102.071  99.107399    11.0700     1.4283     0.0426     0.5076 1.0977e+02    -0.3246      0.656      0.951    23.5426 0.0000e+00
      0.669      0.002     8.0469     95.453    102.091  99.126662    11.0700     1.4511     0.0426     0.5076 1.0774e+02    -0.2340      0.656      0.952    23.5426 0.0000e+00
      0.670      0.002     8.0638     95.530    102.103  99.139371    11.0700     1.4473     0.0426     0.4653 1.1464e+02    -0.3246      0.657      0.952    23.5426 0.0000e+00
      0.670      0.002     8.0794     95.553    102.109  99.144917    11.0700     1.4359     0.0426     0.4653 1.0718e+02    -0.2793      0.657      0.953    23.5426 0.0000e+00
      0.671      0.002     8.0922     95.516    102.105  99.140783    11.0700     1.5007     0.0426     0.4653 1.1044e+02    -0.2944      0.658      0.954    23.5426 0.0000e+00
      0.672      0.002     8.1020     95.430    102.077  99.113877    11.0700     1.4893     0.0426     0.4653 1.0851e+02    -0.2944      0.659      0.955    23.5427 0.0000e+00
      0.672      0.002     8.1085     95.327    102.041  99.079005    11.0700     1.4817     0.0852     0.4653 1.0687e+02    -0.2944      0.659      0.956    23.5427 0.0000e+00
      0.673      0.002     8.1105     95.236    102.027  99.064836    11.0700     1.5007     0.0852     0.4653 1.1532e+02    -0.2944      0.660      0.957    23.5428 0.0000e+00
      0.673      0.002     8.1073     95.162    102.027  99.065592    11.0700     1.5007     0.0852     0.4653 1.0639e+02    -0.2340      0.660      0.957    23.5428 0.0000e+00
      0.674      0.002     8.1000     95.109    102.029  99.067487    11.0700     1.5160     0.0852     0.4653 1.0599e+02    -0.3095      0.661      0.958    23.5429 0.0000e+00
      0.674      0.002     8.0913     95.088    102.021  99.059036    10.9800     1.4969     0.0426     0.4653 1.1213e+02    -0.4002      0.661      0.959    23.5429 0.0000e+00
      0.675      0.002     8.0835     95.104    101.999  99.037988    10.9800     1.4778     0.0426     0.4653 1.0820e+02    -0.3397      0.662      0.960    23.5428 0.0000e+00
      0.675      0.002     8.0773     95.154    101.987  99.026703    10.9800     1.4855     0.0426     0.4653 1.0915e+02    -0.3397      0.662      0.961    23.5428 0.0000e+00
      0.676      0.002     8.0728     95.226    101.982  99.022174    10.9800     1.4855     0.0426     0.4653 1.0588e+02    -0.3246      0.663      0.961    23.5428 0.0000e+00
      0.676      0.002     8.0710     95.307    101.966  99.007206    10.9800     1.4855     0.0426     0.4653 1.0989e+02    -0.3851      0.663      0.962    23.5428 0.0000e+00
      0.677      0.002     8.0723     95.383    101.954  98.995791    11.0700     1.4931     0.0426     0.4653 1.1237e+02    -0.2944      0.664      0.963    23.5428 0.0000e+00
      0.677      0.001     8.0766     95.451    101.953  98.994879    11.0700     1.5007     0.0426     0.4653 1.0549e+02    -0.2340      0.664      0.963    23.5429 0.0000e+00
      0.678      0.001     8.0827     95.510    101.948  98.990237    11.0700     1.4855     0.0426     0.4653 1.0757e+02    -0.4304      0.665      0.964    23.5431 0.0000e+00
      0.678      0.001     8.0895     95.555    101.949  98.990618    11.0700     1.4931     0.0426     0.4653 1.0778e+02    -0.2642      0.665      0.964    23.5432 0.0000e+00
      0.678      0.001     8.0960     95.580    101.966  99.008115    11.0700     1.4855     0.0852     0.4653 1.0929e+02    -0.3246      0.665      0.965    23.5434 0.0000e+00
      0.679      0.001     8.1017     95.581    101.994  99.035402    11.0700     1.4893     0.0852     0.4653 1.0863e+02    -0.4002      0.666      0.965    23.5435 0.0000e+00
      0.679      0.001     8.1067     95.561    102.019  99.059776    11.0700     1.4817     0.0852     0.4653 1.0760e+02    -0.2944      0.666      0.966    23.5435 0.0000e+00
      0.679      0.001     8.1106     95.532    102.027  99.067751    11.0700     1.5007     0.0852     0.4653 1.0699e+02    -0.2944      0.666      0.966    23.5435 0.0000e+00
      0.679      0.001     8.1127     95.512    102.020  99.061455    11.0700     1.5084     0.0852     0.4230 1.1046e+02    -0.3246      0.666      0.966    23.5436 0.0000e+00
      0.680      0.002     8.1128     95.514    102.014  99.055196    11.0700     1.4893     0.0852     0.4230 1.0492e+02    -0.2642      0.667      0.967    23.5438 0.0000e+00
      0.680      0.002     8.1110     95.536    102.022  99.063291    11.0700     1.4473     0.0852     0.4230 1.0750e+02    -0.3246      0.667      0.968    23.5439 0.0000e+00
      0.681      0.003     8.1085     95.567    102.043  99.083900    11.0700     1.4283     0.0852     0.4230 1.1128e+02    -0.3397      0.668      0.968    23.5439 0.0000e+00
      0.682      0.003     8.1068     95.593    102.062  99.102539    11.0700     1.4588     0.0852     0.4653 1.0694e+02    -0.3549      0.669      0.969    23.5440 0.0000e+00
      0.682      0.003     8.1070     95.611    102.076  99.116182    11.0700     1.4359     0.0852     0.4653 1.0788e+02    -0.3397      0.669      0.971    23.5440 0.0000e+00
      0.683      0.004     8.1088     95.636    102.089  99.128470    11.0700     1.4511     0.0852     0.4653 1.1013e+02    -0.3246      0.670      0.972    23.5441 0.0000e+00
      0.684      0.004     8.1114     95.681    102.104  99.142678    11.0700     1.4244     0.0852     0.4653 1.0993e+02    -0.3095      0.671      0.973    23.5442 0.0000e+00
      0.686      0.004     8.1136     95.736    102.116  99.154602    11.0700     1.4359     0.0852     0.4653 1.0442e+02    -0.3700      0.672      0.975    23.5443 0.0000e+00
      0.687      0.005     8.1152     95.786    102.121  99.159430    11.0700     1.4550     0.0426     0.4653 1.0813e+02    -0.2642      0.674      0.977    23.5443 0.0000e+00
      0.688      0.005     8.1173     95.819    102.116  99.154451    11.0700     1.5122     0.0426     0.4653 1.0965e+02    -0.3246      0.675      0.978    23.5444 0.0000e+00
      0.689      0.005     8.1211     95.825    102.095  99.134342    11.0700     1.4931     0.0426     0.4653 1.1106e+02    -0.2189      0.676      0.980    23.5444 0.0000e+00
      0.691      0.004     8.1258     95.793    102.074  99.113722    11.0700     1.4931     0.0426     0.4653 1.0304e+02    -0.2793      0.677      0.982    23.5443 0.0000e+00
      0.692      0.004     8.1300     95.726    102.079  99.119066    11.0700     1.4931     0.0852     0.5076 1.0650e+02    -0.3397      0.678      0.984    23.5443 0.0000e+00
      0.693      0.003     8.1328     95.638    102.101  99.139810    11.0700     1.5122     0.0852     0.5076 1.1301e+02    -0.3095      0.679      0.985    23.5442 0.0000e+00
      0.693      0.003     8.1333     95.549    102.106  99.145515    11.0700     1.4893     0.0852     0.5076 1.0231e+02    -0.2491      0.680      0.986    23.5442 0.0000e+00
      0.694      0.002     8.1306     95.475    102.094  99.133706    11.0700     1.4931     0.0852     0.5076 1.0394e+02    -0.3095      0.680      0.986    23.5442 0.0000e+00
      0.694      0.002     8.1249     95.441    102.077  99.117222    10.9800     1.4817     0.0426     0.4230 1.0882e+02    -0.2491      0.681      0.987    23.5443 0.0000e+00
      0.695      0.002     8.1175     95.454    102.063  99.103655    10.9800     1.5084     0.0426     0.4230 1.1034e+02    -0.2944      0.681      0.988    23.5443 0.0000e+00
      0.695      0.001     8.1099     95.506    102.053  99.093385    10.9800     1.5084     0.0426     0.4230 1.1027e+02    -0.3549      0.682      0.988    23.5443 0.0000e+00
      0.696      0.001     8.1036     95.576    102.038  99.079676    10.9800     1.5046     0.0426     0.4230 1.0124e+02    -0.3246      0.682      0.989    23.5443 0.0000e+00
      0.696      0.001     8.1007     95.629    102.021  99.062869    10.9800     1.4969     0.0426     0.4230 1.0846e+02    -0.3549      0.682      0.989    23.5444 0.0000e+00
      0.696      0.000     8.1018     95.643    102.021  99.062461    11.0700     1.5084     0.0426     0.4653 1.1340e+02    -0.2944      0.682      0.989    23.5444 0.0000e+00
      0.696      0.000     8.1063     95.631    102.037  99.078344    11.0700     1.5007     0.0426     0.4653 1.0572e+02    -0.3246      0.682      0.989    23.5445 0.0000e+00
      0.696      0.000     8.1122     95.624    102.046  99.086778    11.0700     1.4931     0.0426     0.4653 1.0743e+02    -0.2793      0.682      0.989    23.5445 0.0000e+00
      0.695     -0.001     8.1167     95.635    102.054  99.094007    11.0700     1.5274     0.0426     0.4653 1.0767e+02    -0.3246      0.682      0.989    23.5445 0.0000e+00
      0.695     -0.001     8.1179     95.664    102.070  99.109952    11.0700     1.4855     0.0426     0.2115 1.1152e+02    -0.2491      0.682      0.989    23.5444 0.0000e+00
      0.695     -0.001     8.1169     95.701    102.075  99.114888    11.0700     1.5122     0.0426     0.2115 1.0891e+02    -0.3246      0.682      0.988    23.5444 0.0000e+00
      0.694     -0.001     8.1163     95.737    102.049  99.090146    11.0700     1.4931     0.0426     0.2115 1.0526e+02    -0.2642      0.681      0.988    23.5443 0.0000e+00
      0.694     -0.001     8.1172     95.764    101.974  99.017139    11.0700     1.5160     0.0426     0.2115 1.0813e+02    -0.3549      0.680      0.987    23.5443 0.0000e+00
      0.693     -0.001     8.1196     95.759    101.846  98.892385    11.1600     1.4016     0.0426     0.6345 1.1552e+02    -0.3246      0.680      0.986    23.5444 0.0000e+00
      0.693     -0.001     8.1228     95.700    101.671  98.722581    11.1600     1.4473     0.0426     0.6345 1.0908e+02    -0.2793      0.680      0.986    23.5444 0.0000e+00
      0.693      0.000     8.1258     95.597    101.416  98.474438    11.1600     1.4397     0.0426     0.6345 1.0217e+02    -0.2038      0.680      0.986    23.5444 0.0000e+00
      0.694      0.000     8.1281     95.479    101.003  98.073789    11.1600     1.4359     0.0426     0.6345 1.1405e+02    -0.3397      0.680      0.986    23.5444 0.0000e+00
      0.694      0.001     8.1277     95.369    100.303  97.393812    11.0700     1.5046     0.0426     0.5076 1.1316e+02    -0.3700      0.680      0.987    23.5443 0.0000e+00
      0.694      0.001     8.1227     95.290     99.124  96.249184    11.0700     1.5084     0.0426     0.5076 1.0604e+02    -0.2642      0.681      0.987    23.5443 0.0000e+00
      0.694      0.001     8.1140     95.266     97.173  94.354653    11.0700     1.4855     0.0426     0.5076 1.0809e+02    -0.3700      0.681      0.987    23.5442 0.0000e+00
      0.694      0.001     8.1039     95.314     93.934  91.209009    11.0700     1.5236     0.0426     0.5076 1.1264e+02    -0.3246      0.681      0.987    23.5442 0.0000e+00
      0.694      0.001     8.0946     95.428     88.547  85.977407    11.0700     1.4969     0.0426     0.5076 1.1191e+02    -0.3397      0.681      0.988    23.5442 0.0000e+00
      0.695      0.000     8.0879     95.592     79.592  77.280742    11.0700     1.5160     0.0852     0.4230 1.0813e+02    -0.4002      0.682      0.988    23.5442 0.0000e+00
      0.695      0.000     8.0859     95.788     64.684  62.803898    11.0700     1.4931     0.0852     0.4230 1.0639e+02    -0.3700      0.682      0.988    23.5442 0.0000e+00
      0.694     -0.001     8.0900     95.986     39.825  38.662405    11.0700     1.4969     0.0852     0.4230 1.1482e+02    -0.2491      0.681      0.988    23.5443 0.0000e+00
      0.694     -0.002     8.0997     96.149     -1.640  -1.605449    11.0700     1.5236     0.0852     0.4230 1.0403e+02    -0.3095      0.681      0.987    23.5443 0.0000e+00
      0.694     -0.002     8.1136     96.242    -70.767 -68.737756    11.0700     1.4931     0.0426     0.4230 1.1049e+02    -0.2642      0.681      0.987    23.5443 0.0000e+00
      0.693     -0.003     8.1302     96.254   -185.979-180.624476    11.0700     1.5160     0.0426     0.4230 1.1008e+02    -0.2793      0.680      0.986    23.5444 0.0000e+00
      0.692     -0.003     8.1471     96.209   -377.973-367.076091    11.0700     1.4778     0.0426     0.4230 1.0861e+02    -0.3549      0.679      0.985    23.5445 0.0000e+00
      0.691     -0.003     8.1609     96.141   -497.955-483.594954    11.0700     1.4588     0.0426     0.4230 1.1368e+02    -0.2793      0.678      0.983    23.5446 0.0000e+00
      0.690     -0.002     8.1688     96.068   -377.949-367.052672    11.0700     1.4473     0.0852     0.5922 1.1206e+02    -0.2642      0.677      0.982    23.5447 0.0000e+00
      0.690     -0.001     8.1699     95.999   -185.933-180.579387    11.0700     1.4206     0.0852     0.5922 1.1123e+02    -0.2038      0.676      0.981    23.5449 0.0000e+00
      0.689     -0.001     8.1662     95.936    -70.711 -68.682952    11.0700     1.4511     0.0852     0.5922 1.1147e+02    -0.2793      0.676      0.981    23.5450 0.0000e+00
      0.690      0.000     8.1605     95.880     -1.595  -1.562284    11.0700     1.4778     0.0852     0.5922 1.1311e+02    -0.2793      0.676      0.981    23.5451 0.0000e+00
      0.690      0.001     8.1542     95.833     39.853  38.689453    11.0700     1.4855     0.0426     0.3807 1.1345e+02    -0.2038      0.677      0.982    23.5451 0.0000e+00
      0.691      0.001     8.1482     95.788     64.720  62.838029    11.0700     1.4931     0.0426     0.3807 1.0676e+02    -0.2944      0.677      0.982    23.5451 0.0000e+00
      0.691      0.002     8.1428     95.730     79.640  77.327062    11.0700     1.4702     0.0426     0.3807 1.1102e+02    -0.3397      0.678      0.983    23.5449 0.0000e+00
      0.692      0.002     8.1380     95.653     88.583  86.012300    11.0700     1.5122     0.0426     0.3807 1.1857e+02    -0.3549      0.678      0.983    23.5448 0.0000e+00
      0.692      0.002     8.1341     95.571     93.948  91.221796    11.0700     1.4931     0.0426     0.3807 1.1174e+02    -0.3851      0.678      0.984    23.5446 0.0000e+00
      0.693      0.001     8.1303     95.514     97.176  94.356738    11.0700     1.5007     0.0852     0.3807 1.0255e+02    -0.3549      0.679      0.985    23.5445 0.0000e+00
      0.693      0.001     8.1253     95.498     99.120  96.245118    11.0700     1.5046     0.0852     0.3807 1.1492e+02    -0.2189      0.679      0.985    23.5444 0.0000e+00
      0.693      0.002     8.1187     95.502    100.295  97.386508    11.0700     1.5618     0.0852     0.3807 1.1770e+02     0.0077      0.679      0.986    23.5443 0.0000e+00
      0.693      0.002     8.1117     95.490    101.007  98.077284    11.0700     1.5427     0.0852     0.3807 1.0711e+02    -0.0678      0.680      0.986    23.5443 0.0000e+00
      0.694      0.002     8.1069     95.445    101.423  98.481672    11.0700     1.5236     0.0426     0.5076 1.1128e+02    -0.1283      0.680      0.987    23.5444 0.0000e+00
      0.694      0.002     8.1055     95.383    101.668  98.719498    11.0700     1.5580     0.0426     0.5076 1.1220e+02    -0.0829      0.681      0.988    23.5444 0.0000e+00
      0.695      0.002     8.1059     95.336    101.827  98.874164    11.0700     1.4931     0.0426     0.5076 1.1698e+02    -0.2340      0.681      0.988    23.5444 0.0000e+00
      0.696      0.003     8.1049     95.327    101.923  98.966933    11.0700     1.4702     0.0426     0.5076 1.0835e+02    -0.2944      0.682      0.989    23.5444 0.0000e+00
      0.696      0.003     8.1011     95.363    101.968  99.010552    11.0700     1.5046     0.0426     0.4230 1.0385e+02    -0.2340      0.683      0.990    23.5444 0.0000e+00
      0.697      0.003     8.0958     95.445    101.994  99.036637    11.0700     1.5046     0.0426     0.4230 1.1901e+02    -0.2944      0.683      0.991    23.5444 0.0000e+00
