Data/DataNotYetUploadedToEDI/Raw_CTD/RawDownloads/093024_ccr50_S8188003.cnv
* Sea-Bird SBE19plus  Data File:
* FileName = C:\R\Reservoirs\Data\DataNotYetUploadedToEDI\Raw_CTD\RawDownloads\093024_ccr88_S8188_0003.hex
* Software version 2.8.0.119
* Temperature SN = 8188
* Conductivity SN = 8188
* System UpLoad Time = Sep 30 2024 18:05:49
* <ApplicationData>
* <Seaterm232>
# nquan = 16
# nvalues = 1563                        
# units = specified
# name 0 = depFM: Depth [fresh water, m]
# name 1 = dz/dtM: Descent Rate [m/s]
# name 2 = sbeox0Mg/L: Oxygen, SBE 43 [mg/l]
# name 3 = sbeox0PS: Oxygen, SBE 43 [% saturation]
# name 4 = specc: Specific Conductance [uS/cm]
# name 5 = c0uS/cm: Conductivity [uS/cm]
# name 6 = wetCDOM: Fluorescence, WET Labs CDOM [mg/m^3]
# name 7 = flECO-AFL: Fluorescence, WET Labs ECO-AFL/FL [mg/m^3]
# name 8 = flECO-AFL1: Fluorescence, WET Labs ECO-AFL/FL, 2 [mg/m^3]
# name 9 = flECO-AFL2: Fluorescence, WET Labs ECO-AFL/FL, 3 [mg/m^3]
# name 10 = par/sat/log: PAR/Logarithmic, Satlantic
# name 11 = turbWETntu0: Turbidity, WET Labs ECO [NTU]
# name 12 = prdM: Pressure, Strain Gauge [db]
# name 13 = prdE: Pressure, Strain Gauge [psi]
# name 14 = tv290C: Temperature [ITS-90, deg C]
# name 15 = flag:  0.000e+00
# span 0 =     -0.500,     19.978       
# span 1 =     -0.639,      0.265       
# span 2 =    -0.3109,    10.3641       
# span 3 =     -2.935,    119.618       
# span 4 =   -616.212,    221.498       
# span 5 =-482.012775, 164.199717       
# span 6 =    -4.5000,    73.2600       
# span 7 =    -0.2846,     5.7962       
# span 8 =    -2.1300,     0.4686       
# span 9 =    -2.0304,     0.7191       
# span 10 = 1.1577e-01, 3.9023e+02      
# span 11 =    -1.0800,   149.7880      
# span 12 =     -0.491,     19.592      
# span 13 =     -0.711,     28.415      
# span 14 =    12.0639,    22.5134      
# span 15 = 0.0000e+00, 0.0000e+00      
# interval = seconds: 0.25
# start_time = Sep 30 2024 14:16:10 [Instrument's time stamp, header]
# bad_flag = -9.990e-29
*END*
[from data line 1176]
     16.104      0.152     3.4608     33.730    127.206  99.729974    27.9000     0.4097     0.0852     0.0846 1.1617e-01     4.1922     15.793     22.905    14.2042 0.0000e+00
     16.145      0.154     3.4623     33.668    127.225  99.741229    27.9000     0.4212     0.0852     0.0846 1.1607e-01     4.1922     15.833     22.963    14.2024 0.0000e+00
     16.186      0.156     3.4630     33.541    127.200  99.719125    27.9000     0.4173     0.0852     0.0846 1.1617e-01     4.2677     15.873     23.022    14.2004 0.0000e+00
     16.226      0.157     3.4624     33.326    127.178  99.699735    27.9000     0.4708     0.0852     0.0846 1.1612e-01     4.1922     15.913     23.079    14.1985 0.0000e+00
     16.265      0.159     3.4600     33.028    127.173  99.693875    27.9000     0.4097     0.0852     0.0846 1.1625e-01     4.1922     15.951     23.135    14.1968 0.0000e+00
     16.304      0.162     3.4537     32.677    127.159  99.679999    27.9000     0.4212     0.1278     0.1269 1.1600e-01     4.1771     15.989     23.190    14.1955 0.0000e+00
     16.344      0.169     3.4407     32.310    127.126  99.650409    27.9000     0.4593     0.1278     0.1269 1.1617e-01     4.2526     16.028     23.247    14.1944 0.0000e+00
     16.386      0.178     3.4187     31.964    127.108  99.631188    27.9000     0.4669     0.1278     0.1269 1.1595e-01     4.6605     16.069     23.307    14.1935 0.0000e+00
     16.431      0.188     3.3882     31.672    127.127  99.639191    27.9000     0.4936     0.1278     0.1269 1.1625e-01     4.7813     16.114     23.371    14.1926 0.0000e+00
     16.481      0.199     3.3523     31.458    127.160  99.658566    27.9000     0.4822     0.1278     0.1692 1.1620e-01     4.7360     16.163     23.442    14.1916 0.0000e+00
     16.535      0.209     3.3148     31.330    127.181  99.668501    27.9000     0.4555     0.1278     0.1692 1.1610e-01     4.7511     16.216     23.519    14.1901 0.0000e+00
     16.592      0.220     3.2794     31.275    127.179  99.659654    27.9000     0.5738     0.1278     0.1692 1.1612e-01     4.7360     16.271     23.599    14.1880 0.0000e+00
     16.649      0.230     3.2496     31.266    127.162  99.637661    27.9000     0.5738     0.1278     0.1692 1.1610e-01     4.6756     16.327     23.680    14.1855 0.0000e+00
     16.707      0.241     3.2279     31.284    127.133  99.604648    28.0800     0.5776     0.1278     0.1692 1.1602e-01     4.8115     16.383     23.762    14.1829 0.0000e+00
     16.767      0.251     3.2150     31.316    127.087  99.555808    28.0800     0.5852     0.1278     0.1692 1.1617e-01     4.7360     16.443     23.849    14.1803 0.0000e+00
     16.833      0.260     3.2094     31.352    127.035  99.502098    28.0800     0.7950     0.1278     0.1692 1.1602e-01     5.4611     16.507     23.942    14.1775 0.0000e+00
     16.903      0.265     3.2088     31.385    126.981  99.447179    28.0800     0.7569     0.1278     0.1692 1.1617e-01     5.4762     16.576     24.041    14.1741 0.0000e+00
     16.975      0.265     3.2109     31.408    126.917  99.386398    28.1700     0.7683     0.1704     0.2538 1.1623e-01     5.4611     16.647     24.145    14.1699 0.0000e+00
     17.048      0.259     3.2146     31.416    126.813  99.297550    28.1700     0.7416     0.1704     0.2538 1.1605e-01     5.4913     16.718     24.248    14.1651 0.0000e+00
     17.116      0.248     3.2187     31.405    126.600  99.126966    28.1700     0.8522     0.1704     0.2538 1.1617e-01     5.4611     16.786     24.346    14.1599 0.0000e+00
     17.179      0.233     3.2223     31.381    126.206  98.817167    28.1700     0.8255     0.1704     0.2538 1.1595e-01     5.4460     16.847     24.434    14.1548 0.0000e+00
     17.234      0.220     3.2251     31.342    125.529  98.285540    28.1700     0.8141     0.1704     0.2538 1.1612e-01     5.3856     16.901     24.513    14.1506 0.0000e+00
     17.284      0.209     3.2260     31.280    124.315  97.332363    28.1700     0.8370     0.1704     0.2538 1.1615e-01     5.4007     16.950     24.584    14.1477 0.0000e+00
     17.331      0.202     3.2250     31.182    122.114  95.603535    28.1700     0.8065     0.1704     0.2538 1.1605e-01     6.8962     16.997     24.651    14.1461 0.0000e+00
     17.380      0.198     3.2226     31.027    118.253  92.574084    28.1700     0.8065     0.1704     0.2538 1.1612e-01     6.8207     17.044     24.720    14.1453 0.0000e+00
     17.431      0.196     3.2186     30.785    111.668  87.414172    28.1700     0.8408     0.1704     0.2538 1.1595e-01     6.9416     17.094     24.793    14.1446 0.0000e+00
     17.484      0.194     3.2124     30.415    100.598  78.747821    28.0800     0.8179     0.1704     0.0846 1.1607e-01     6.8509     17.146     24.869    14.1430 0.0000e+00
     17.536      0.190     3.2026     29.877     82.088  64.264005    28.0800     0.6920     0.1704     0.0846 1.1605e-01     7.5609     17.197     24.943    14.1401 0.0000e+00
     17.585      0.185     3.1869     29.160     51.208  40.102372    28.0800     0.7187     0.1704     0.0846 1.1625e-01     7.6667     17.245     25.012    14.1363 0.0000e+00
     17.630      0.178     3.1623     28.305     -0.273  -0.176184    28.0800     0.6996     0.1704     0.0846 1.1607e-01     7.5609     17.289     25.075    14.1326 0.0000e+00
     17.672      0.171     3.1245     27.391    -86.070 -67.298622    28.2600     0.6958     0.1704     0.1692 1.1623e-01     7.5911     17.331     25.136    14.1298 0.0000e+00
     17.714      0.166     3.0694     26.504   -229.041-179.142277    28.2600     0.6844     0.1704     0.1692 1.1623e-01     7.7271     17.372     25.196    14.1276 0.0000e+00
     17.756      0.163     2.9959     25.714   -467.336-365.548112    28.2600     0.7187     0.1704     0.1692 1.1597e-01     7.8026     17.413     25.255    14.1248 0.0000e+00
     17.797      0.161     2.9082     25.055   -616.212-482.012775    28.2600     0.7073     0.1704     0.1692 1.1612e-01     7.8177     17.453     25.313    14.1206 0.0000e+00
     17.837      0.162     2.8147     24.530   -467.051-365.357953    28.2600     0.7149     0.1704     0.1692 1.1602e-01     7.7271     17.492     25.370    14.1157 0.0000e+00
     17.877      0.164     2.7239     24.120   -228.428-178.729238    28.4400     0.6920     0.1704     0.1269 1.1625e-01     7.8479     17.532     25.427    14.1105 0.0000e+00
     17.918      0.168     2.6430     23.783    -85.091 -66.636497    28.4400     0.6920     0.1704     0.1269 1.1623e-01     7.8630     17.572     25.486    14.1050 0.0000e+00
     17.961      0.174     2.5757     23.462      1.054   0.713737    28.4400     0.6958     0.1704     0.1269 1.1600e-01     7.8479     17.614     25.546    14.0989 0.0000e+00
     18.005      0.181     2.5220     23.104     52.791  41.141627    28.4400     0.7073     0.1704     0.1269 1.1617e-01     7.8630     17.657     25.609    14.0923 0.0000e+00
     18.052      0.188     2.4802     22.671     83.861  65.397963    28.5300     0.8217     0.2130     0.2115 1.1600e-01    13.0294     17.703     25.676    14.0848 0.0000e+00
     18.102      0.194     2.4460     22.122    102.587  79.995068    28.5300     0.8217     0.2130     0.2115 1.1623e-01    13.0446     17.753     25.748    14.0757 0.0000e+00
     18.155      0.199     2.4136     21.421    113.949  88.831499    28.5300     0.8293     0.2130     0.2115 1.1617e-01    13.0597     17.804     25.823    14.0637 0.0000e+00
     18.208      0.202     2.3775     20.541    120.964  94.263634    28.5300     0.8446     0.2130     0.2115 1.1623e-01    13.0597     17.856     25.898    14.0485 0.0000e+00
     18.259      0.204     2.3337     19.473    125.366  97.638112    29.4300     0.8522     0.2130     0.2115 1.1605e-01    13.1050     17.906     25.971    14.0308 0.0000e+00
     18.310      0.207     2.2782     18.232    128.110  99.692902    29.4300     0.9323     0.2130     0.2115 1.1610e-01    12.7424     17.956     26.043    14.0117 0.0000e+00
     18.361      0.209     2.2068     16.856    129.870 100.953960    29.4300     0.9552     0.2130     0.2115 1.1602e-01    12.6971     18.006     26.116    13.9924 0.0000e+00
     18.414      0.211     2.1170     15.364    131.060 101.757563    29.4300     0.9476     0.2130     0.2115 1.1605e-01    12.8029     18.058     26.191    13.9718 0.0000e+00
     18.470      0.210     2.0078     13.749    131.831 102.246044    29.7000     0.9362     0.2130     0.2115 1.1623e-01    12.7575     18.112     26.270    13.9463 0.0000e+00
     18.527      0.206     1.8811     11.995    132.312 102.537668    29.7000     0.8827     0.2130     0.2115 1.1600e-01     9.7060     18.169     26.352    13.9120 0.0000e+00
     18.583      0.198     1.7406     10.104    132.661 102.758165    29.7000     0.9056     0.2130     0.2115 1.1610e-01     9.7665     18.224     26.432    13.8686 0.0000e+00
     18.635      0.187     1.5881      8.110    132.968 102.966335    29.7000     0.8789     0.2130     0.2115 1.1600e-01     9.6607     18.275     26.505    13.8213 0.0000e+00
     18.680      0.173     1.4224      6.106    133.321 103.215692    29.7000     0.8713     0.2130     0.2115 1.1602e-01     9.6154     18.319     26.570    13.7785 0.0000e+00
     18.720      0.160     1.2418      4.246    133.858 103.598716    30.7800     1.1078     0.2130     0.2538 1.1605e-01     8.2709     18.358     26.626    13.7470 0.0000e+00
     18.756      0.150     1.0466      2.698    134.626 104.135599    30.7800     1.0811     0.2130     0.2538 1.1617e-01     8.3011     18.394     26.678    13.7280 0.0000e+00
     18.791      0.144     0.8402      1.589    135.614 104.813605    30.7800     1.0811     0.2130     0.2538 1.1615e-01     8.3767     18.428     26.727    13.7168 0.0000e+00
     18.825      0.141     0.6327      0.973    136.926 105.719589    30.7800     1.0926     0.2130     0.2538 1.1610e-01     8.2105     18.462     26.776    13.7080 0.0000e+00
     18.861      0.141     0.4400      0.791    138.776 107.017190    30.4200     0.6577     0.2556     0.2961 1.1612e-01     8.5277     18.496     26.827    13.6965 0.0000e+00
     18.897      0.144     0.2796      0.886    141.534 108.974476    30.4200     0.6806     0.2556     0.2961 1.1633e-01     8.5428     18.532     26.878    13.6764 0.0000e+00
     18.934      0.147     0.1647      1.054    145.535 111.817529    30.4200     0.7225     0.2556     0.2961 1.1617e-01     8.5731     18.568     26.930    13.6463 0.0000e+00
     18.971      0.150     0.1009      1.118    150.162 115.044807    30.4200     0.6996     0.2556     0.2961 1.1605e-01     8.4824     18.605     26.983    13.6090 0.0000e+00
     19.010      0.151     0.0822      0.974    154.245 117.789165    29.7900     0.5013     0.2556     0.2538 1.1607e-01    10.2197     18.642     27.038    13.5651 0.0000e+00
     19.050      0.151     0.0922      0.602    157.721 120.078481    29.7900     0.4593     0.2556     0.2538 1.1615e-01    10.2650     18.682     27.095    13.5092 0.0000e+00
     19.091      0.148     0.1099      0.043    160.750 122.081056    29.7900     0.4784     0.2556     0.2538 1.1605e-01    10.1290     18.722     27.154    13.4311 0.0000e+00
     19.130      0.142     0.1167     -0.634    162.796 123.402592    29.7900     0.4784     0.2556     0.2538 1.1610e-01    10.1592     18.760     27.210    13.3232 0.0000e+00
     19.166      0.135     0.1017     -1.335    164.316 124.395516    29.7000     0.3868     0.2130     0.2538 1.1605e-01     5.9294     18.796     27.261    13.1975 0.0000e+00
     19.199      0.126     0.0627     -1.966    166.072 125.616682    29.7000     0.3983     0.2130     0.2538 1.1612e-01     5.8841     18.828     27.308    13.0792 0.0000e+00
     19.229      0.118     0.0039     -2.463    167.616 126.703443    29.7000     0.4364     0.2130     0.2538 1.1612e-01     5.9445     18.857     27.350    12.9815 0.0000e+00
     19.257      0.110    -0.0675     -2.788    168.653 127.435402    29.7000     0.4288     0.2130     0.2538 1.1617e-01     5.9747     18.885     27.390    12.9067 0.0000e+00
     19.283      0.104    -0.1415     -2.935    169.452 128.009749    29.7000     0.4708     0.2130     0.2538 1.1605e-01     5.7481     18.911     27.427    12.8555 0.0000e+00
     19.308      0.099    -0.2083     -2.915    169.852 128.293449    29.8800     0.4669     0.2130     0.2115 1.1628e-01     5.6424     18.936     27.463    12.8210 0.0000e+00
     19.333      0.095    -0.2608     -2.748    169.460 127.993912    29.8800     0.4784     0.2130     0.2115 1.1617e-01     5.6877     18.960     27.498    12.7957 0.0000e+00
     19.357      0.090    -0.2953     -2.460    168.362 127.193372    29.8800     0.4631     0.2130     0.2115 1.1617e-01     5.6575     18.983     27.532    12.7793 0.0000e+00
     19.380      0.085    -0.3109     -2.081    166.978 126.218687    29.8800     0.4746     0.2130     0.2115 1.1605e-01     5.3554     19.006     27.565    12.7701 0.0000e+00
     19.402      0.080    -0.3088     -1.648    165.860 125.474276    31.3200     0.4746     0.1704     0.1692 1.1617e-01     5.3856     19.027     27.596    12.7643 0.0000e+00
     19.421      0.075    -0.2911     -1.195    165.197 125.077773    31.3200     0.4593     0.1704     0.1692 1.1625e-01     5.4762     19.046     27.624    12.7632 0.0000e+00
     19.439      0.071    -0.2606     -0.732    164.484 124.631329    31.3200     0.4708     0.1704     0.1692 1.1610e-01     5.3856     19.063     27.649    12.7720 0.0000e+00
     19.456      0.067    -0.2204     -0.246    163.564 124.023906    31.3200     0.4822     0.1704     0.1692 1.1623e-01     5.8841     19.080     27.673    12.7932 0.0000e+00
     19.472      0.064    -0.1744      0.269    162.825 123.549715    35.0100     0.4936     0.2130     0.1692 1.1617e-01     5.9747     19.096     27.696    12.8235 0.0000e+00
     19.488      0.062    -0.1265      0.810    162.337 123.250375    35.0100     0.4708     0.2130     0.1692 1.1623e-01     5.9445     19.111     27.718    12.8550 0.0000e+00
     19.503      0.061    -0.0775      1.365    162.133 123.150082    35.0100     0.4555     0.2130     0.1692 1.1607e-01     5.9445     19.126     27.740    12.8834 0.0000e+00
     19.518      0.061    -0.0261      1.916    162.592 123.526184    35.0100     0.4708     0.2130     0.1692 1.1607e-01     6.1409     19.141     27.761    12.9109 0.0000e+00
     19.533      0.061     0.0282      2.461    164.022 124.593017    35.0100     0.4517     0.2130     0.1692 1.1602e-01     6.1409     19.156     27.783    12.9374 0.0000e+00
     19.549      0.063     0.0853      2.993    166.584 126.461018    34.1100     0.4898     0.1278     0.1269 1.1612e-01     6.1409     19.171     27.804    12.9594 0.0000e+00
     19.564      0.065     0.1438      3.489    169.299 128.393608    34.1100     0.4936     0.1278     0.1269 1.1605e-01     6.1258     19.186     27.827    12.9764 0.0000e+00
     19.581      0.067     0.2019      3.919    170.763 129.365226    34.1100     0.4746     0.1278     0.1269 1.1623e-01     4.9626     19.202     27.850    12.9854 0.0000e+00
     19.599      0.067     0.2594      4.255    171.336 129.699132    34.1100     0.4746     0.1278     0.1269 1.1605e-01     4.8720     19.220     27.876    12.9800 0.0000e+00
     19.618      0.067     0.3157      4.472    171.816 130.010792    35.1900     0.4784     0.1704     0.2538 1.1623e-01     4.9626     19.238     27.903    12.9570 0.0000e+00
     19.636      0.065     0.3683      4.546    172.290 130.343292    35.1900     0.4555     0.1704     0.2538 1.1605e-01     4.9173     19.257     27.929    12.9188 0.0000e+00
     19.653      0.062     0.4140      4.476    173.042 130.897370    35.1900     0.4784     0.1704     0.2538 1.1597e-01     3.8447     19.273     27.953    12.8774 0.0000e+00
