Data/DataNotYetUploadedToEDI/Raw_CTD/RawDownloads/093024_ccr88_S8188001.cnv
* Sea-Bird SBE19plus  Data File:
* FileName = C:\R\Reservoirs\Data\DataNotYetUploadedToEDI\Raw_CTD\RawDownloads\093024_ccr88_S8188_0001.hex
* Software version 2.8.0.119
* Temperature SN = 8188
* Conductivity SN = 8188
* System UpLoad Time = Sep 30 2024 18:05:08
* <ApplicationData>
* <Seaterm232>
# nquan = 16
# nvalues = 1692                        
# units = specified
# name 0 = depFM: Depth [fresh water, m]
# name 1 = dz/dtM: Descent Rate [m/s]
# name 2 = sbeox0Mg/L: Oxygen, SBE 43 [mg/l]
# name 3 = sbeox0PS: Oxygen, SBE 43 [% saturation]
# name 4 = specc: Specific Conductance [uS/cm]
# name 5 = c0uS/cm: Conductivity [uS/cm]
# name 6 = wetCDOM: Fluorescence, WET Labs CDOM [mg/m^3]
# name 7 = flECO-AFL: Fluorescence, WET Labs ECO-AFL/FL [mg/m^3]
# name 8 = flECO-AFL1: Fluorescence, WET Labs ECO-AFL/FL, 2 [mg/m^3]
# name 9 = flECO-AFL2: Fluorescence, WET Labs ECO-AFL/FL, 3 [mg/m^3]
# name 10 = par/sat/log: PAR/Logarithmic, Satlantic
# name 11 = turbWETntu0: Turbidity, WET Labs ECO [NTU]
# name 12 = prdM: Pressure, Strain Gauge [db]
# name 13 = prdE: Pressure, Strain Gauge [psi]
# name 14 = tv290C: Temperature [ITS-90, deg C]
# name 15 = flag:  0.000e+00
# span 0 =     -0.486,     10.703       
# span 1 =     -0.484,      0.230       
# span 2 =     2.8325,    10.2397       
# span 3 =     28.178,    118.091       
# span 4 =   -518.126,    128.252       
# span 5 =-479.201164, 111.523212       
# span 6 =    -4.5000,   110.3400       
# span 7 =    -0.2159,    10.7439       
# span 8 =    -2.1300,     1.5336       
# span 9 =    -2.0304,     0.6345       
# span 10 = 1.1592e-01, 1.5841e+02      
# span 11 =     1.0500,   375.8255      
# span 12 =     -0.477,     10.496      
# span 13 =     -0.692,     15.222      
# span 14 =    14.5182,    22.4185      
# span 15 = 0.0000e+00, 0.0000e+00      
# interval = seconds: 0.25
# start_time = Sep 30 2024 09:50:43 [Instrument's time stamp, header]
# bad_flag = -9.990e-29
*END*
[from data line 452]
      2.440      0.036     8.7125    100.809    113.994 108.118310    16.2900     2.1798     0.1278     0.5499 1.2525e+01     1.4126      2.393      3.471    22.4177 0.0000e+00
      2.449      0.033     8.7200    100.856    112.806 106.991405    16.3800     2.1721     0.1278     0.4230 1.2444e+01     1.4277      2.402      3.483    22.4176 0.0000e+00
      2.457      0.031     8.7280    100.887    110.821 105.108806    16.3800     2.2446     0.1278     0.4230 1.2490e+01     1.4881      2.409      3.494    22.4176 0.0000e+00
      2.464      0.029     8.7352    100.910    107.499 101.958490    16.3800     2.2484     0.1278     0.4230 1.2449e+01     1.5335      2.416      3.504    22.4175 0.0000e+00
      2.470      0.027     8.7410    100.920    101.967  96.712368    16.3800     2.2370     0.1278     0.4230 1.2474e+01     1.4277      2.423      3.514    22.4175 0.0000e+00
      2.477      0.026     8.7450    100.904     92.784  88.003463    16.2900     2.2370     0.0852     0.5922 1.2447e+01     1.3824      2.429      3.523    22.4175 0.0000e+00
      2.483      0.025     8.7478    100.854     77.506  73.513400    16.2900     2.1302     0.0852     0.5922 1.2428e+01     1.1558      2.436      3.532    22.4174 0.0000e+00
      2.490      0.025     8.7498    100.771     52.027  49.350171    16.2900     2.1111     0.0852     0.5922 1.2352e+01     1.0500      2.442      3.541    22.4174 0.0000e+00
      2.496      0.025     8.7506    100.673      9.527   9.044257    16.2900     2.1225     0.0852     0.5922 1.2323e+01     1.2011      2.448      3.550    22.4173 0.0000e+00
      2.503      0.024     8.7493    100.583    -61.331 -58.156585    16.2900     2.1264     0.1278     0.4230 1.2315e+01     1.2011      2.454      3.559    22.4173 0.0000e+00
      2.509      0.024     8.7450    100.511   -179.426-170.154584    16.2900     2.1111     0.1278     0.4230 1.2299e+01     1.2313      2.460      3.568    22.4172 0.0000e+00
      2.514      0.024     8.7378    100.469   -376.245-356.813874    16.2900     2.0997     0.1278     0.4230 1.2307e+01     1.1860      2.466      3.576    22.4172 0.0000e+00
      2.520      0.025     8.7293    100.460   -499.254-473.473243    16.2900     2.1378     0.1278     0.4230 1.2294e+01     1.2464      2.472      3.585    22.4173 0.0000e+00
      2.527      0.025     8.7215    100.476   -376.223-356.792838    16.2900     2.0997     0.1278     0.4230 1.2307e+01     1.1709      2.478      3.594    22.4173 0.0000e+00
      2.533      0.025     8.7154    100.501   -179.390-170.120897    16.2900     2.0577     0.1278     0.4230 1.2222e+01     1.3673      2.484      3.603    22.4173 0.0000e+00
      2.540      0.025     8.7119    100.516    -61.303 -58.129255    16.2900     2.0577     0.1278     0.4230 1.2224e+01     1.4579      2.491      3.612    22.4173 0.0000e+00
      2.546      0.025     8.7113    100.510      9.551   9.066519    16.2900     2.0577     0.1278     0.4230 1.2147e+01     1.3824      2.497      3.621    22.4173 0.0000e+00
      2.553      0.026     8.7126    100.488     52.068  49.389297    16.2900     2.0653     0.1278     0.4230 1.2155e+01     1.4579      2.503      3.631    22.4173 0.0000e+00
      2.559      0.026     8.7146    100.465     77.576  73.579823    16.2900     2.0729     0.0852     0.4653 1.2140e+01     1.4277      2.510      3.640    22.4173 0.0000e+00
      2.566      0.026     8.7158    100.450     92.874  88.088905    16.2900     2.0577     0.0852     0.4653 1.2079e+01     1.3975      2.516      3.649    22.4174 0.0000e+00
      2.572      0.026     8.7151    100.447    102.061  96.801625    16.2900     2.0691     0.0852     0.4653 1.2014e+01     1.5335      2.523      3.659    22.4174 0.0000e+00
      2.579      0.027     8.7132    100.454    107.582 102.037377    16.2900     2.0729     0.0852     0.4653 1.2034e+01     1.3975      2.529      3.669    22.4174 0.0000e+00
      2.586      0.027     8.7112    100.478    110.900 105.184364    16.2000     2.1912     0.1278     0.4653 1.1993e+01     1.3975      2.536      3.678    22.4174 0.0000e+00
      2.593      0.027     8.7099    100.514    112.900 107.081783    16.2000     2.1683     0.1278     0.4653 1.1961e+01     1.4428      2.543      3.688    22.4174 0.0000e+00
      2.600      0.027     8.7096    100.543    114.109 108.227615    16.2000     2.1874     0.1278     0.4653 1.1892e+01     1.4277      2.549      3.698    22.4174 0.0000e+00
      2.607      0.028     8.7102    100.539    114.855 108.935412    16.2000     2.1950     0.1278     0.4653 1.1879e+01     1.4126      2.556      3.708    22.4175 0.0000e+00
      2.614      0.028     8.7122    100.504    115.322 109.377924    16.2000     2.1988     0.1278     0.4653 1.1801e+01     1.4428      2.563      3.718    22.4175 0.0000e+00
      2.621      0.029     8.7154    100.457    115.587 109.629171    16.1100     2.1569     0.0852     0.4230 1.1794e+01     1.4126      2.571      3.728    22.4175 0.0000e+00
      2.629      0.029     8.7179    100.416    115.721 109.756151    16.1100     2.2103     0.0852     0.4230 1.1776e+01     1.4579      2.578      3.739    22.4175 0.0000e+00
      2.636      0.030     8.7176    100.394    115.789 109.820716    16.1100     2.1874     0.0852     0.4230 1.1699e+01     1.4428      2.585      3.749    22.4175 0.0000e+00
      2.643      0.031     8.7145    100.401    115.830 109.860077    16.1100     2.2904     0.0852     0.4230 1.1717e+01     1.4277      2.592      3.760    22.4175 0.0000e+00
      2.651      0.033     8.7105    100.442    115.864 109.892727    16.2000     2.3133     0.1278     0.4653 1.1616e+01     1.3975      2.600      3.771    22.4175 0.0000e+00
      2.660      0.034     8.7069    100.512    115.888 109.915378    16.2000     2.2866     0.1278     0.4653 1.1528e+01     1.4579      2.608      3.783    22.4175 0.0000e+00
      2.669      0.034     8.7050    100.588    115.904 109.930071    16.2000     2.2980     0.1278     0.4653 1.1430e+01     1.3522      2.617      3.796    22.4176 0.0000e+00
      2.678      0.034     8.7055    100.643    115.923 109.948721    16.2000     2.2370     0.1278     0.4653 1.1344e+01     1.4428      2.627      3.809    22.4177 0.0000e+00
      2.687      0.033     8.7090    100.666    115.931 109.956309    16.1100     2.2332     0.0852     0.4653 1.1295e+01     1.3975      2.635      3.822    22.4177 0.0000e+00
      2.696      0.032     8.7151    100.667    115.913 109.938862    16.1100     2.2408     0.0852     0.4653 1.1248e+01     1.4881      2.644      3.834    22.4176 0.0000e+00
      2.703      0.031     8.7218    100.666    115.889 109.915721    16.1100     2.2522     0.0852     0.4653 1.1246e+01     1.4277      2.651      3.845    22.4176 0.0000e+00
      2.711      0.031     8.7266    100.676    115.873 109.900707    16.1100     2.0157     0.0852     0.4653 1.1246e+01     1.4881      2.659      3.856    22.4176 0.0000e+00
      2.718      0.030     8.7285    100.700    115.869 109.895816    16.1100     1.9967     0.1278     0.4653 1.1214e+01     1.4579      2.666      3.866    22.4176 0.0000e+00
      2.726      0.031     8.7286    100.731    115.876 109.901742    16.1100     1.9928     0.1278     0.4653 1.1156e+01     1.4277      2.673      3.877    22.4176 0.0000e+00
      2.733      0.032     8.7286    100.757    115.877 109.902071    16.1100     1.9852     0.1278     0.4653 1.1187e+01     1.4126      2.681      3.888    22.4176 0.0000e+00
      2.741      0.034     8.7295    100.768    115.874 109.898891    16.1100     1.9165     0.1278     0.4653 1.1158e+01     1.4881      2.689      3.899    22.4174 0.0000e+00
      2.750      0.037     8.7316    100.757    115.878 109.903350    16.1100     1.9432     0.1278     0.4653 1.1035e+01     1.4881      2.697      3.912    22.4172 0.0000e+00
      2.760      0.041     8.7344    100.722    115.888 109.912637    16.1100     1.9089     0.1278     0.5499 1.1057e+01     1.4428      2.706      3.925    22.4169 0.0000e+00
      2.770      0.045     8.7367    100.668    115.897 109.921232    16.1100     1.9013     0.1278     0.5499 1.1042e+01     1.4881      2.716      3.940    22.4166 0.0000e+00
      2.782      0.049     8.7376    100.604    115.894 109.919431    16.1100     2.0005     0.1278     0.5499 1.1001e+01     1.6694      2.728      3.956    22.4164 0.0000e+00
      2.795      0.054     8.7367    100.547    115.884 109.910753    16.1100     2.0005     0.1278     0.5499 1.0824e+01     1.6392      2.741      3.975    22.4163 0.0000e+00
      2.810      0.059     8.7336    100.520    115.873 109.900879    16.1100     1.9852     0.0852     0.3807 1.0730e+01     1.6392      2.756      3.997    22.4164 0.0000e+00
      2.826      0.063     8.7289    100.538    115.850 109.879181    16.1100     1.9928     0.0852     0.3807 1.0690e+01     1.6845      2.771      4.020    22.4166 0.0000e+00
      2.843      0.067     8.7233    100.588    115.810 109.841870    16.1100     1.9928     0.0852     0.3807 1.0718e+01     1.6090      2.788      4.043    22.4169 0.0000e+00
      2.860      0.070     8.7183    100.633    115.775 109.808988    16.1100     2.0577     0.0852     0.3807 1.0593e+01     1.4126      2.805      4.068    22.4172 0.0000e+00
      2.879      0.073     8.7159    100.649    115.769 109.803755    16.2000     2.0653     0.0852     0.4653 1.0366e+01     1.4277      2.823      4.094    22.4175 0.0000e+00
      2.898      0.075     8.7174    100.641    115.783 109.816779    16.2000     2.0768     0.0852     0.4653 1.0357e+01     1.3824      2.842      4.121    22.4177 0.0000e+00
      2.918      0.076     8.7217    100.622    115.794 109.827539    16.2000     2.0501     0.0852     0.4653 1.0194e+01     1.4579      2.861      4.149    22.4179 0.0000e+00
      2.938      0.077     8.7256    100.597    115.807 109.838906    16.2000     2.0653     0.0852     0.4653 1.0145e+01     1.4579      2.881      4.178    22.4180 0.0000e+00
      2.958      0.078     8.7270    100.570    115.816 109.847913    16.1100     2.0462     0.1278     0.5076 1.0020e+01     1.4126      2.900      4.207    22.4181 0.0000e+00
      2.978      0.077     8.7263    100.546    115.824 109.854962    16.1100     2.0653     0.1278     0.5076 9.9745e+00     1.3824      2.920      4.235    22.4182 0.0000e+00
      2.998      0.076     8.7246    100.525    115.836 109.865931    16.1100     2.0310     0.1278     0.5076 9.9118e+00     1.4730      2.940      4.263    22.4181 0.0000e+00
      3.017      0.074     8.7224    100.513    115.838 109.867751    16.1100     1.9967     0.1278     0.5076 9.7686e+00     1.7449      2.959      4.291    22.4180 0.0000e+00
      3.036      0.071     8.7201    100.511    115.825 109.854909    16.1100     1.9890     0.1278     0.5076 9.6546e+00     1.7752      2.978      4.319    22.4180 0.0000e+00
      3.055      0.068     8.7180    100.513    115.816 109.845973    16.2900     1.9967     0.1278     0.4653 9.5690e+00     1.6694      2.996      4.345    22.4179 0.0000e+00
      3.071      0.064     8.7163    100.520    115.819 109.848557    16.2900     1.9928     0.1278     0.4653 9.5710e+00     1.7147      3.012      4.368    22.4178 0.0000e+00
      3.087      0.060     8.7152    100.536    115.828 109.857352    16.2900     1.9280     0.1278     0.4653 9.5648e+00     1.4579      3.027      4.390    22.4177 0.0000e+00
      3.101      0.056     8.7151    100.562    115.851 109.878702    16.2900     1.9509     0.1278     0.4653 9.5171e+00     1.4277      3.041      4.410    22.4176 0.0000e+00
      3.114      0.053     8.7153    100.593    115.888 109.914302    16.2900     1.9356     0.0852     0.3807 9.5171e+00     1.3975      3.054      4.430    22.4175 0.0000e+00
      3.127      0.050     8.7159    100.632    115.921 109.945654    16.2900     1.9318     0.0852     0.3807 9.4327e+00     1.3975      3.067      4.448    22.4174 0.0000e+00
      3.140      0.048     8.7173    100.678    115.934 109.957126    16.2900     1.9432     0.0852     0.3807 9.3857e+00     1.3975      3.079      4.466    22.4173 0.0000e+00
      3.152      0.046     8.7196    100.727    115.928 109.951778    16.2900     1.9432     0.0852     0.3807 9.2883e+00     1.4579      3.091      4.483    22.4172 0.0000e+00
      3.164      0.043     8.7222    100.772    115.907 109.932183    16.3800     1.9089     0.1278     0.5076 9.2259e+00     1.5486      3.102      4.500    22.4172 0.0000e+00
      3.175      0.040     8.7256    100.807    115.885 109.911108    16.3800     1.9204     0.1278     0.5076 9.2340e+00     1.4579      3.113      4.515    22.4171 0.0000e+00
      3.185      0.037     8.7297    100.826    115.875 109.900929    16.3800     1.9432     0.1278     0.5076 9.1859e+00     1.4277      3.123      4.529    22.4171 0.0000e+00
      3.194      0.034     8.7339    100.826    115.854 109.880936    16.3800     1.9280     0.1278     0.5076 9.1203e+00     1.5183      3.132      4.542    22.4170 0.0000e+00
      3.202      0.031     8.7378    100.804    115.822 109.849797    16.3800     1.9432     0.1278     0.5076 9.1124e+00     1.3824      3.140      4.554    22.4170 0.0000e+00
      3.210      0.028     8.7408    100.759    115.800 109.829198    16.2900     1.9356     0.1278     0.5076 9.0709e+00     1.4428      3.147      4.565    22.4170 0.0000e+00
      3.216      0.026     8.7425    100.691    115.782 109.811646    16.2900     2.0653     0.1278     0.5076 9.1163e+00     1.3975      3.154      4.574    22.4169 0.0000e+00
      3.222      0.025     8.7425    100.614    115.761 109.792461    16.2900     2.0615     0.1278     0.5076 9.1759e+00     1.4428      3.159      4.582    22.4167 0.0000e+00
      3.227      0.024     8.7407    100.552    115.749 109.780523    16.2900     2.0806     0.1278     0.5076 9.1183e+00     1.3220      3.165      4.590    22.4166 0.0000e+00
      3.233      0.023     8.7367    100.523    115.743 109.774648    16.2900     2.0615     0.1278     0.4230 9.0512e+00     1.4730      3.171      4.599    22.4165 0.0000e+00
      3.239      0.023     8.7309    100.530    115.740 109.771268    16.2900     1.9432     0.1278     0.4230 9.0139e+00     1.4277      3.177      4.607    22.4165 0.0000e+00
      3.246      0.023     8.7242    100.560    115.730 109.761487    16.2900     1.9585     0.1278     0.4230 9.0257e+00     1.3824      3.183      4.616    22.4166 0.0000e+00
      3.252      0.022     8.7188    100.605    115.725 109.756689    16.2900     1.9280     0.1278     0.4230 8.9553e+00     1.4428      3.189      4.625    22.4166 0.0000e+00
      3.258      0.021     8.7163    100.661    115.744 109.773591    16.2900     1.9509     0.1278     0.4653 8.9904e+00     1.5183      3.194      4.633    22.4166 0.0000e+00
      3.263      0.021     8.7169    100.713    115.769 109.796705    16.2900     1.9356     0.1278     0.4653 8.9670e+00     1.2313      3.199      4.640    22.4164 0.0000e+00
      3.268      0.020     8.7195    100.744    115.795 109.820199    16.2900     1.9547     0.1278     0.4653 8.9553e+00     1.2162      3.204      4.647    22.4162 0.0000e+00
      3.272      0.020     8.7236    100.753    115.800 109.824348    16.2900     1.9585     0.1278     0.4653 8.9553e+00     1.2011      3.209      4.654    22.4160 0.0000e+00
      3.277      0.021     8.7285    100.754    115.782 109.806258    16.2900     1.9280     0.0852     0.2961 8.9417e+00     1.1860      3.214      4.661    22.4157 0.0000e+00
      3.283      0.022     8.7330    100.755    115.780 109.803092    16.2900     1.9432     0.0852     0.2961 8.9049e+00     1.2313      3.219      4.669    22.4153 0.0000e+00
      3.288      0.024     8.7357    100.742    115.792 109.814005    16.2900     1.9432     0.0852     0.2961 8.9087e+00     1.2313      3.224      4.677    22.4149 0.0000e+00
      3.294      0.025     8.7366    100.704    115.792 109.813917    16.2900     1.9356     0.0852     0.2961 8.8817e+00     1.2011      3.230      4.686    22.4144 0.0000e+00
