Data/DataNotYetUploadedToEDI/Raw_CTD/RawDownloads/093024_ccr88_S8188001.cnv
* Sea-Bird SBE19plus  Data File:
* FileName = C:\R\Reservoirs\Data\DataNotYetUploadedToEDI\Raw_CTD\RawDownloads\093024_ccr88_S8188_0001.hex
* Software version 2.8.0.119
* Temperature SN = 8188
* Conductivity SN = 8188
* System UpLoad Time = Sep 30 2024 18:05:08
* <ApplicationData>
* <Seaterm232>
# nquan = 16
# nvalues = 1692                        
# units = specified
# name 0 = depFM: Depth [fresh water, m]
# name 1 = dz/dtM: Descent Rate [m/s]
# name 2 = sbeox0Mg/L: Oxygen, SBE 43 [mg/l]
# name 3 = sbeox0PS: Oxygen, SBE 43 [% saturation]
# name 4 = specc: Specific Conductance [uS/cm]
# name 5 = c0uS/cm: Conductivity [uS/cm]
# name 6 = wetCDOM: Fluorescence, WET Labs CDOM [mg/m^3]
# name 7 = flECO-AFL: Fluorescence, WET Labs ECO-AFL/FL [mg/m^3]
# name 8 = flECO-AFL1: Fluorescence, WET Labs ECO-AFL/FL, 2 [mg/m^3]
# name 9 = flECO-AFL2: Fluorescence, WET Labs ECO-AFL/FL, 3 [mg/m^3]
# name 10 = par/sat/log: PAR/Logarithmic, Satlantic
# name 11 = turbWETntu0: Turbidity, WET Labs ECO [NTU]
# name 12 = prdM: Pressure, Strain Gauge [db]
# name 13 = prdE: Pressure, Strain Gauge [psi]
# name 14 = tv290C: Temperature [ITS-90, deg C]
# name 15 = flag:  0.000e+00
# span 0 =     -0.486,     10.703       
# span 1 =     -0.484,      0.230       
# span 2 =     2.8325,    10.2397       
# span 3 =     28.178,    118.091       
# span 4 =   -518.126,    128.252       
# span 5 =-479.201164, 111.523212       
# span 6 =    -4.5000,   110.3400       
# span 7 =    -0.2159,    10.7439       
# span 8 =    -2.1300,     1.5336       
# span 9 =    -2.0304,     0.6345       
# span 10 = 1.1592e-01, 1.5841e+02      
# span 11 =     1.0500,   375.8255      
# span 12 =     -0.477,     10.496      
# span 13 =     -0.692,     15.222      
# span 14 =    14.5182,    22.4185      
# span 15 = 0.0000e+00, 0.0000e+00      
# interval = seconds: 0.25
# start_time = Sep 30 2024 09:50:43 [Instrument's time stamp, header]
# bad_flag = -9.990e-29
*END*
[from data line 1447]
      9.877      0.055     3.7962     37.407    126.916 100.582499    27.3600     0.4440     0.1278     0.1692 1.1617e-01     3.8598      9.686     14.049    14.6474 0.0000e+00
      9.892      0.056     3.7971     37.404    126.946 100.595268    27.3600     0.4212     0.1278     0.1692 1.1623e-01     3.7692      9.701     14.071    14.6425 0.0000e+00
      9.907      0.056     3.7989     37.388    126.967 100.602629    27.3600     0.4135     0.1278     0.1692 1.1628e-01     3.8447      9.716     14.092    14.6355 0.0000e+00
      9.922      0.056     3.8006     37.354    126.968 100.590560    27.4500     0.4173     0.1278     0.1269 1.1617e-01     3.7541      9.730     14.112    14.6282 0.0000e+00
      9.935      0.056     3.8017     37.306    126.984 100.587815    27.4500     0.4135     0.1278     0.1269 1.1628e-01     3.8750      9.743     14.132    14.6222 0.0000e+00
      9.949      0.055     3.8018     37.252    127.011 100.593663    27.4500     0.4097     0.1278     0.1269 1.1617e-01     3.7239      9.757     14.151    14.6178 0.0000e+00
      9.963      0.055     3.8004     37.195    127.025 100.591676    27.4500     0.4212     0.1278     0.1269 1.1623e-01     3.7239      9.771     14.171    14.6141 0.0000e+00
      9.977      0.054     3.7974     37.132    127.032 100.589316    27.3600     0.4135     0.1704     0.1269 1.1612e-01     3.7239      9.785     14.191    14.6092 0.0000e+00
      9.992      0.054     3.7931     37.068    127.025 100.579959    27.3600     0.4021     0.1704     0.1269 1.1602e-01     3.7692      9.799     14.212    14.6030 0.0000e+00
     10.006      0.053     3.7881     37.008    127.000 100.559112    27.3600     0.4135     0.1704     0.1269 1.1610e-01     3.8296      9.812     14.231    14.5968 0.0000e+00
     10.019      0.051     3.7826     36.955    126.967 100.535204    27.3600     0.4860     0.1704     0.1269 1.1620e-01     3.6937      9.825     14.250    14.5918 0.0000e+00
     10.031      0.050     3.7765     36.911    126.941 100.517848    27.3600     0.4631     0.1704     0.1269 1.1620e-01     3.7692      9.838     14.268    14.5886 0.0000e+00
     10.044      0.049     3.7701     36.883    126.936 100.516405    27.3600     0.4517     0.1278     0.1692 1.1612e-01     3.7994      9.850     14.286    14.5869 0.0000e+00
     10.056      0.049     3.7641     36.871    126.947 100.526494    27.3600     0.4517     0.1278     0.1692 1.1597e-01     3.9203      9.861     14.303    14.5866 0.0000e+00
     10.068      0.049     3.7586     36.872    126.967 100.542812    27.3600     0.4593     0.1278     0.1692 1.1617e-01     3.9505      9.873     14.320    14.5874 0.0000e+00
     10.080      0.049     3.7541     36.887    126.994 100.563713    27.3600     0.4555     0.1278     0.1692 1.1610e-01     3.9958      9.885     14.337    14.5887 0.0000e+00
     10.093      0.050     3.7510     36.912    127.009 100.574788    27.2700     0.4708     0.0852     0.1692 1.1620e-01     3.9958      9.898     14.355    14.5899 0.0000e+00
     10.106      0.051     3.7498     36.941    127.003 100.568996    27.2700     0.4936     0.0852     0.1692 1.1612e-01     4.0411      9.910     14.373    14.5905 0.0000e+00
     10.119      0.051     3.7500     36.970    126.985 100.552787    27.2700     0.5432     0.0852     0.1692 1.1605e-01     4.0562      9.923     14.392    14.5907 0.0000e+00
     10.132      0.052     3.7515     36.993    126.984 100.547820    27.2700     0.5280     0.0852     0.1692 1.1628e-01     3.9958      9.936     14.411    14.5905 0.0000e+00
     10.145      0.052     3.7540     37.003    127.011 100.562761    27.3600     0.5394     0.1704     0.1269 1.1630e-01     3.9958      9.949     14.430    14.5901 0.0000e+00
     10.159      0.053     3.7570     37.003    127.018 100.559628    27.3600     0.5203     0.1704     0.1269 1.1610e-01     4.0109      9.962     14.449    14.5897 0.0000e+00
     10.172      0.053     3.7600     36.992    126.993 100.529589    27.3600     0.5318     0.1704     0.1269 1.1612e-01     3.7390      9.975     14.468    14.5888 0.0000e+00
     10.185      0.055     3.7625     36.962    126.977 100.504603    27.3600     0.5394     0.1704     0.1269 1.1607e-01     3.7843      9.988     14.487    14.5872 0.0000e+00
     10.199      0.056     3.7637     36.914    126.965 100.482006    27.3600     0.5470     0.1704     0.1269 1.1607e-01     3.8750     10.002     14.506    14.5846 0.0000e+00
     10.214      0.058     3.7640     36.856    126.945 100.453770    27.3600     0.5470     0.1278     0.1269 1.1612e-01     3.7843     10.016     14.527    14.5812 0.0000e+00
     10.229      0.058     3.7632     36.792    126.945 100.442342    27.3600     0.7302     0.1278     0.1269 1.1620e-01     4.1922     10.031     14.549    14.5771 0.0000e+00
     10.245      0.058     3.7605     36.720    126.978 100.458666    27.3600     0.6767     0.1278     0.1269 1.1602e-01     4.2224     10.047     14.571    14.5725 0.0000e+00
     10.261      0.058     3.7561     36.639    127.049 100.507092    27.3600     0.7073     0.1278     0.1269 1.1617e-01     4.2677     10.062     14.594    14.5674 0.0000e+00
     10.276      0.056     3.7506     36.542    127.148 100.578551    27.3600     0.7111     0.1278     0.1269 1.1610e-01     4.2828     10.077     14.615    14.5623 0.0000e+00
     10.289      0.053     3.7444     36.427    127.222 100.632144    27.3600     0.8942     0.1278     0.1269 1.1602e-01     5.4309     10.090     14.635    14.5579 0.0000e+00
     10.302      0.051     3.7375     36.286    127.247 100.648188    27.3600     0.9018     0.1278     0.1269 1.1612e-01     5.3252     10.103     14.653    14.5542 0.0000e+00
     10.315      0.048     3.7294     36.103    127.265 100.660938    27.3600     0.8942     0.1278     0.1269 1.1612e-01     5.4611     10.115     14.671    14.5510 0.0000e+00
     10.327      0.046     3.7198     35.862    127.292 100.683788    27.3600     0.8713     0.1278     0.1692 1.1610e-01     5.6122     10.127     14.687    14.5483 0.0000e+00
     10.338      0.044     3.7083     35.555    127.280 100.676865    27.3600     0.9362     0.1278     0.1692 1.1620e-01     6.1711     10.138     14.704    14.5463 0.0000e+00
     10.349      0.042     3.6940     35.193    127.230 100.642320    27.3600     0.9285     0.1278     0.1692 1.1602e-01     6.1409     10.148     14.719    14.5450 0.0000e+00
     10.359      0.041     3.6755     34.804    127.188 100.612910    27.3600     0.9514     0.1278     0.1692 1.1623e-01     6.2769     10.159     14.734    14.5444 0.0000e+00
     10.369      0.040     3.6508     34.432    127.174 100.604774    27.3600     0.9285     0.1278     0.1692 1.1617e-01     6.2013     10.169     14.748    14.5448 0.0000e+00
     10.379      0.040     3.6195     34.127    127.195 100.623736    27.3600     1.1460     0.1278     0.1692 1.1605e-01     8.0292     10.178     14.763    14.5460 0.0000e+00
     10.389      0.041     3.5826     33.929    127.222 100.644877    27.3600     1.1421     0.1278     0.1692 1.1595e-01     8.1350     10.188     14.777    14.5477 0.0000e+00
     10.399      0.042     3.5428     33.852    127.248 100.661843    27.3600     1.1612     0.1278     0.1692 1.1605e-01     8.1199     10.198     14.791    14.5493 0.0000e+00
     10.410      0.045     3.5048     33.886    127.307 100.701142    27.3600     1.1307     0.1278     0.1692 1.1610e-01     8.0594     10.209     14.806    14.5505 0.0000e+00
     10.421      0.047     3.4738     33.994    127.399 100.763260    27.3600     1.1803     0.1278     0.0846 1.1610e-01     9.8118     10.220     14.823    14.5513 0.0000e+00
     10.434      0.050     3.4536     34.111    127.499 100.830787    27.3600     1.2070     0.1278     0.0846 1.1615e-01     9.8420     10.232     14.840    14.5513 0.0000e+00
     10.447      0.052     3.4458     34.162    127.574 100.877764    27.3600     1.1994     0.1278     0.0846 1.1612e-01     9.6758     10.245     14.859    14.5500 0.0000e+00
     10.461      0.054     3.4495     34.073    127.611 100.896730    27.3600     1.1994     0.1278     0.0846 1.1617e-01     9.8420     10.259     14.879    14.5470 0.0000e+00
     10.475      0.055     3.4608     33.793    127.652 100.920723    27.4500     1.5236     0.0852     0.1269 1.1615e-01    10.3858     10.273     14.900    14.5429 0.0000e+00
     10.490      0.055     3.4731     33.300    127.715 100.964134    27.4500     1.5198     0.0852     0.1269 1.1617e-01    10.5218     10.287     14.921    14.5382 0.0000e+00
     10.505      0.055     3.4786     32.612    127.785 101.014558    27.4500     1.5084     0.0852     0.1269 1.1612e-01    10.4916     10.301     14.941    14.5335 0.0000e+00
     10.518      0.053     3.4699     31.789    127.837 101.051465    27.4500     1.4969     0.0852     0.1269 1.1623e-01    10.4916     10.315     14.961    14.5294 0.0000e+00
     10.532      0.052     3.4416     30.917    127.844 101.054719    27.5400     1.7144     0.1704     0.1692 1.1600e-01    12.2439     10.328     14.980    14.5260 0.0000e+00
     10.545      0.050     3.3916     30.086    127.836 101.047172    27.5400     1.6877     0.1704     0.1692 1.1628e-01    12.1080     10.341     14.999    14.5235 0.0000e+00
     10.557      0.047     3.3216     29.368    127.848 101.056790    27.5400     1.6991     0.1704     0.1692 1.1617e-01    12.1382     10.353     15.017    14.5216 0.0000e+00
     10.569      0.044     3.2379     28.803    127.870 101.074145    27.5400     1.6724     0.1704     0.1692 1.1597e-01    12.0777     10.365     15.034    14.5202 0.0000e+00
     10.581      0.041     3.1492     28.412    127.890 101.089877    27.5400     1.7334     0.1704     0.1692 1.1610e-01    17.7578     10.376     15.050    14.5192 0.0000e+00
     10.591      0.037     3.0646     28.208    127.916 101.110179    27.9900     1.7449     0.1704     0.1269 1.1607e-01    17.7124     10.386     15.064    14.5187 0.0000e+00
     10.600      0.034     2.9914     28.178    127.935 101.124476    27.9900     1.7640     0.1704     0.1269 1.1623e-01    17.7275     10.395     15.077    14.5186 0.0000e+00
     10.608      0.030     2.9339     28.277    127.915 101.108601    27.9900     1.7525     0.1704     0.1269 1.1612e-01    17.7729     10.403     15.088    14.5187 0.0000e+00
     10.615      0.027     2.8941     28.454    127.879 101.080305    27.9900     1.8135     0.1704     0.1269 1.1592e-01    22.1537     10.409     15.098    14.5187 0.0000e+00
     10.621      0.025     2.8733     28.665    127.860 101.066018    28.2600     1.8021     0.1704     0.1692 1.1617e-01    22.1537     10.415     15.107    14.5185 0.0000e+00
     10.627      0.023     2.8702     28.885    127.848 101.057933    28.2600     1.8288     0.1704     0.1692 1.1610e-01    22.1537     10.421     15.115    14.5183 0.0000e+00
     10.632      0.022     2.8803     29.101    127.831 101.045898    28.2600     1.8021     0.1704     0.1692 1.1620e-01    22.2293     10.426     15.123    14.5182 0.0000e+00
     10.638      0.021     2.8983     29.308    127.802 101.024708    28.2600     2.5574     0.1704     0.1692 1.1615e-01    45.8859     10.432     15.130    14.5184 0.0000e+00
     10.643      0.020     2.9199     29.502    127.766 100.998703    27.9000     2.5765     0.1704     0.2115 1.1615e-01    45.8708     10.437     15.138    14.5187 0.0000e+00
     10.648      0.020     2.9422     29.686    127.747 100.986930    27.9000     2.5460     0.1704     0.2115 1.1602e-01    45.8557     10.442     15.145    14.5192 0.0000e+00
     10.653      0.019     2.9642     29.876    127.738 100.984251    27.9000     2.5651     0.1704     0.2115 1.1612e-01    45.8406     10.447     15.152    14.5197 0.0000e+00
     10.658      0.018     2.9853     30.083    127.723 100.977960    27.9000     4.1596     0.1704     0.2115 1.1625e-01   105.0125     10.452     15.159    14.5205 0.0000e+00
     10.662      0.017     3.0049     30.299    127.719 100.982369    27.9900     4.1482     0.1704     0.2538 1.1617e-01   105.1485     10.456     15.165    14.5215 0.0000e+00
     10.667      0.017     3.0236     30.507    127.726 100.998653    27.9900     4.1367     0.1704     0.2538 1.1600e-01   105.0880     10.460     15.171    14.5228 0.0000e+00
     10.671      0.016     3.0428     30.686    127.721 101.007173    27.9900     4.1711     0.1704     0.2538 1.1607e-01   105.0729     10.464     15.177    14.5245 0.0000e+00
     10.674      0.015     3.0637     30.820    127.698 101.002207    27.9900     4.1253     0.1704     0.2538 1.1612e-01   174.6834     10.468     15.182    14.5267 0.0000e+00
     10.678      0.014     3.0855     30.911    127.667 100.986429    27.9900     7.4251     0.1704     0.2538 1.1605e-01   250.6687     10.471     15.188    14.5297 0.0000e+00
     10.682      0.014     3.1064     30.970    127.629 100.959629    27.8100     7.4518     0.1278     0.1269 1.1620e-01   250.5781     10.475     15.193    14.5337 0.0000e+00
     10.685      0.013     3.1243     31.007    127.610 100.942640    27.8100     7.4594     0.1278     0.1269 1.1620e-01   250.5781     10.478     15.198    14.5387 0.0000e+00
     10.688      0.012     3.1376     31.030    127.628 100.950915    27.8100     7.4518     0.1278     0.1269 1.1620e-01   250.5479     10.482     15.202    14.5438 0.0000e+00
     10.691      0.012     3.1466     31.048    127.652 100.962680    27.8100     9.7177     0.1278     0.1269 1.1595e-01   375.8255     10.485     15.207    14.5473 0.0000e+00
     10.694      0.011     3.1526     31.071    127.658 100.961086    27.7200     9.6872     0.1704     0.2961 1.1617e-01   375.6140     10.488     15.211    14.5485 0.0000e+00
     10.697      0.009     3.1564     31.102    127.663 100.961695    27.7200     9.7025     0.1704     0.2961 1.1602e-01   375.5083     10.490     15.215    14.5477 0.0000e+00
     10.700      0.007     3.1589     31.142    127.686 100.980657    27.7200     9.6948     0.1704     0.2961 1.1615e-01   375.6744     10.493     15.218    14.5455 0.0000e+00
     10.702      0.003     3.1609     31.188    127.715 101.011038    27.7200    10.7324     0.1704     0.2961 1.1605e-01   342.0777     10.495     15.221    14.5426 0.0000e+00
     10.703     -0.001     3.1634     31.241    127.737 101.040955    27.9000    10.7248     0.1704     0.1692 1.1615e-01   342.0173     10.496     15.222    14.5401 0.0000e+00
     10.702     -0.006     3.1667     31.310    127.743 101.062398    27.9000    10.7248     0.1704     0.1692 1.1612e-01   342.2137     10.495     15.222    14.5387 0.0000e+00
     10.700     -0.011     3.1708     31.400    127.739 101.077089    27.9000    10.7439     0.1704     0.1692 1.1617e-01   342.0475     10.493     15.219    14.5391 0.0000e+00
     10.696     -0.016     3.1753     31.515    127.754 101.104935    27.9000     8.0087     0.1704     0.1692 1.1607e-01   256.6358     10.489     15.213    14.5419 0.0000e+00
     10.690     -0.019     3.1803     31.655    127.807 101.159358    27.9000     8.0125     0.1704     0.1692 1.1620e-01   256.7415     10.484     15.205    14.5469 0.0000e+00
     10.684     -0.022     3.1868     31.815    127.872 101.218898    27.9000     8.0049     0.1278     0.3384 1.1623e-01   256.6207     10.477     15.196    14.5535 0.0000e+00
     10.678     -0.024     3.1955     31.988    127.911 101.253464    27.9000     7.9935     0.1278     0.3384 1.1612e-01   256.6962     10.471     15.187    14.5605 0.0000e+00
     10.671     -0.026     3.2068     32.156    127.907 101.252291    27.9000     4.6861     0.1278     0.3384 1.1617e-01   155.9816     10.465     15.179    14.5667 0.0000e+00
     10.665     -0.029     3.2206     32.305    127.876 101.229054    27.9000     4.7089     0.1278     0.3384 1.1607e-01   156.0571     10.459     15.170    14.5715 0.0000e+00
