Data/DataNotYetUploadedToEDI/Raw_CTD/RawDownloads/093024_ccr90_S8188002.cnv
* Sea-Bird SBE19plus  Data File:
* FileName = C:\R\Reservoirs\Data\DataNotYetUploadedToEDI\Raw_CTD\RawDownloads\093024_ccr88_S8188_0002.hex
* Software version 2.8.0.119
* Temperature SN = 8188
* Conductivity SN = 8188
* System UpLoad Time = Sep 30 2024 18:05:22
* <ApplicationData>
* <Seaterm232>
# nquan = 16
# nvalues = 787                         
# units = specified
# name 0 = depFM: Depth [fresh water, m]
# name 1 = dz/dtM: Descent Rate [m/s]
# name 2 = sbeox0Mg/L: Oxygen, SBE 43 [mg/l]
# name 3 = sbeox0PS: Oxygen, SBE 43 [% saturation]
# name 4 = specc: Specific Conductance [uS/cm]
# name 5 = c0uS/cm: Conductivity [uS/cm]
# name 6 = wetCDOM: Fluorescence, WET Labs CDOM [mg/m^3]
# name 7 = flECO-AFL: Fluorescence, WET Labs ECO-AFL/FL [mg/m^3]
# name 8 = flECO-AFL1: Fluorescence, WET Labs ECO-AFL/FL, 2 [mg/m^3]
# name 9 = flECO-AFL2: Fluorescence, WET Labs ECO-AFL/FL, 3 [mg/m^3]
# name 10 = par/sat/log: PAR/Logarithmic, Satlantic
# name 11 = turbWETntu0: Turbidity, WET Labs ECO [NTU]
# name 12 = prdM: Pressure, Strain Gauge [db]
# name 13 = prdE: Pressure, Strain Gauge [psi]
# name 14 = tv290C: Temperature [ITS-90, deg C]
# name 15 = flag:  0.000e+00
# span 0 =     -0.500,      3.949       
# span 1 =     -0.399,      0.155       
# span 2 =     4.6064,     9.7118       
# span 3 =     52.470,    111.595       
# span 4 =      7.021,    114.589       
# span 5 =   6.657389, 108.670139       
# span 6 =    -4.5000,    57.8700       
# span 7 =    -0.3380,     3.3280       
# span 8 =    -2.1300,     0.1704       
# span 9 =    -2.0304,     2.3265       
# span 10 = 1.0992e+01, 2.1501e+02      
# span 11 =     0.6422,    26.8367      
# span 12 =     -0.490,      3.873      
# span 13 =     -0.711,      5.617      
# span 14 =    21.7056,    22.4225      
# span 15 = 0.0000e+00, 0.0000e+00      
# interval = seconds: 0.25
# start_time = Sep 30 2024 10:23:14 [Instrument's time stamp, header]
# bad_flag = -9.990e-29
*END*
[from data line 543]
      2.474      0.015     8.6962    100.088    114.486 108.561178    17.5500     1.8212     0.0852     0.4230 2.6699e+01     1.6845      2.426      3.518    22.4076 0.0000e+00
      2.478      0.017     8.6895    100.078    114.485 108.559034    17.5500     1.8364     0.0852     0.4230 2.6542e+01     1.6090      2.429      3.524    22.4073 0.0000e+00
      2.482      0.019     8.6846    100.078    114.475 108.549107    17.5500     1.8021     0.0852     0.4230 2.6531e+01     1.7449      2.434      3.530    22.4071 0.0000e+00
      2.487      0.021     8.6818    100.091    114.458 108.532751    17.5500     1.8135     0.0852     0.4230 2.6341e+01     1.6392      2.439      3.537    22.4070 0.0000e+00
      2.493      0.024     8.6803    100.112    114.447 108.521596    17.5500     1.8021     0.1278     0.4230 2.6353e+01     1.6694      2.444      3.545    22.4068 0.0000e+00
      2.499      0.026     8.6795    100.135    114.445 108.520664    17.5500     1.8135     0.1278     0.4230 2.6244e+01     1.5183      2.450      3.554    22.4065 0.0000e+00
      2.505      0.029     8.6795    100.153    114.443 108.519710    17.5500     1.8250     0.1278     0.4230 2.6239e+01     1.6694      2.457      3.564    22.4062 0.0000e+00
      2.513      0.032     8.6806    100.154    114.434 108.512484    17.5500     1.8288     0.1278     0.4230 2.6204e+01     1.5939      2.465      3.575    22.4060 0.0000e+00
      2.522      0.034     8.6825    100.127    114.423 108.503056    17.5500     1.8174     0.0852     0.5076 2.5786e+01     1.8809      2.473      3.587    22.4060 0.0000e+00
      2.532      0.036     8.6845    100.067    114.419 108.500907    17.5500     1.8212     0.0852     0.5076 2.5669e+01     1.9715      2.483      3.601    22.4063 0.0000e+00
      2.542      0.036     8.6859     99.990    114.426 108.507462    17.5500     1.8288     0.0852     0.5076 2.5430e+01     2.0018      2.493      3.615    22.4067 0.0000e+00
      2.552      0.036     8.6859     99.926    114.437 108.518473    17.5500     1.8288     0.0852     0.5076 2.5298e+01     1.9111      2.502      3.629    22.4073 0.0000e+00
      2.561      0.034     8.6834     99.901    114.457 108.536876    17.5500     1.8784     0.0852     0.5076 2.5112e+01     1.6543      2.512      3.643    22.4078 0.0000e+00
      2.570      0.032     8.6782     99.916    114.474 108.553584    17.6400     1.8860     0.0852     0.4653 2.4862e+01     1.6845      2.520      3.656    22.4083 0.0000e+00
      2.578      0.028     8.6715     99.952    114.481 108.559058    17.6400     1.8784     0.0852     0.4653 2.4884e+01     1.6694      2.528      3.667    22.4086 0.0000e+00
      2.585      0.025     8.6659     99.988    114.483 108.560755    17.6400     1.8937     0.0852     0.4653 2.4711e+01     1.5939      2.535      3.677    22.4087 0.0000e+00
      2.591      0.021     8.6637    100.021    114.496 108.571123    17.6400     1.9165     0.0852     0.4653 2.4749e+01     1.5939      2.541      3.685    22.4087 0.0000e+00
      2.595      0.018     8.6651    100.058    114.508 108.580931    17.5500     1.9432     0.1278     0.4230 2.4717e+01     1.6241      2.545      3.691    22.4086 0.0000e+00
      2.599      0.017     8.6682    100.101    114.499 108.570803    17.5500     1.9585     0.1278     0.4230 2.4770e+01     1.7449      2.549      3.697    22.4083 0.0000e+00
      2.602      0.016     8.6714    100.147    114.480 108.552033    17.5500     1.9471     0.1278     0.4230 2.4921e+01     1.7147      2.552      3.701    22.4080 0.0000e+00
      2.605      0.018     8.6743    100.197    114.459 108.531610    17.5500     1.8097     0.1278     0.4230 2.5079e+01     1.7147      2.555      3.705    22.4074 0.0000e+00
      2.609      0.020     8.6776    100.245    114.444 108.518084    17.4600     1.8135     0.0852     0.5076 2.5063e+01     1.6845      2.559      3.711    22.4067 0.0000e+00
      2.614      0.023     8.6815    100.282    114.450 108.523840    17.4600     1.8364     0.0852     0.5076 2.4987e+01     1.6241      2.564      3.719    22.4060 0.0000e+00
      2.622      0.026     8.6856    100.300    114.457 108.530421    17.4600     1.8250     0.0852     0.5076 2.4497e+01     1.6996      2.571      3.729    22.4055 0.0000e+00
      2.630      0.028     8.6899    100.302    114.459 108.533585    17.4600     1.7945     0.0852     0.5076 2.4269e+01     1.5486      2.579      3.740    22.4053 0.0000e+00
      2.638      0.029     8.6942    100.297    114.466 108.540174    17.6400     1.8288     0.1278     0.4653 2.4143e+01     1.7752      2.587      3.752    22.4054 0.0000e+00
      2.646      0.030     8.6973    100.294    114.474 108.547945    17.6400     1.8021     0.1278     0.4653 2.4086e+01     1.7903      2.594      3.763    22.4056 0.0000e+00
      2.653      0.030     8.6988    100.300    114.483 108.556973    17.6400     1.8364     0.1278     0.4653 2.4164e+01     1.6845      2.601      3.773    22.4058 0.0000e+00
      2.660      0.031     8.6989    100.320    114.491 108.565666    17.6400     1.7945     0.1278     0.4653 2.4180e+01     1.7752      2.608      3.783    22.4061 0.0000e+00
      2.667      0.033     8.6984    100.360    114.502 108.576342    17.6400     1.8135     0.1278     0.4653 2.4091e+01     1.6694      2.616      3.794    22.4062 0.0000e+00
      2.676      0.034     8.6982    100.414    114.515 108.589848    17.5500     1.8021     0.0852     0.4653 2.3743e+01     1.6241      2.624      3.806    22.4064 0.0000e+00
      2.685      0.037     8.6986    100.464    114.524 108.599792    17.5500     1.8097     0.0852     0.4653 2.3583e+01     1.7298      2.633      3.819    22.4065 0.0000e+00
      2.695      0.040     8.7004    100.491    114.532 108.608823    17.5500     1.8784     0.0852     0.4653 2.3496e+01     1.7449      2.643      3.833    22.4067 0.0000e+00
      2.705      0.043     8.7038    100.489    114.548 108.625349    17.5500     1.8822     0.0852     0.4653 2.3399e+01     1.7298      2.653      3.848    22.4071 0.0000e+00
      2.716      0.047     8.7084    100.458    114.560 108.639781    17.5500     1.8555     0.0852     0.4653 2.3379e+01     1.6241      2.664      3.863    22.4075 0.0000e+00
      2.728      0.050     8.7127    100.403    114.560 108.641974    17.5500     1.8631     0.0852     0.4653 2.3303e+01     1.6996      2.676      3.880    22.4079 0.0000e+00
      2.742      0.052     8.7149    100.325    114.552 108.636512    17.5500     1.7449     0.0852     0.4653 2.2842e+01     1.9715      2.689      3.900    22.4086 0.0000e+00
      2.757      0.053     8.7146    100.224    114.547 108.631933    17.5500     1.7716     0.0852     0.4653 2.2095e+01     1.9111      2.704      3.922    22.4095 0.0000e+00
      2.772      0.053     8.7117    100.110    114.544 108.629016    17.6400     1.7220     0.1278     0.4653 2.2061e+01     1.9111      2.719      3.943    22.4105 0.0000e+00
      2.786      0.053     8.7068    100.006    114.535 108.620985    17.6400     1.7640     0.1278     0.4653 2.1951e+01     1.8658      2.732      3.963    22.4116 0.0000e+00
      2.799      0.051     8.6999     99.926    114.521 108.607697    17.6400     1.6915     0.1278     0.4653 2.1937e+01     1.9413      2.745      3.981    22.4123 0.0000e+00
      2.811      0.050     8.6911     99.869    114.509 108.595606    17.6400     1.7067     0.1278     0.4653 2.1951e+01     1.9413      2.756      3.998    22.4127 0.0000e+00
      2.823      0.049     8.6812     99.828    114.500 108.587485    17.6400     1.7144     0.1278     0.4653 2.1733e+01     1.9413      2.768      4.015    22.4128 0.0000e+00
      2.835      0.049     8.6721     99.802    114.493 108.581168    17.6400     1.6877     0.1278     0.4653 2.1573e+01     1.9866      2.781      4.033    22.4127 0.0000e+00
      2.848      0.049     8.6652     99.792    114.494 108.582967    17.6400     1.6991     0.1278     0.4653 2.1331e+01     1.6845      2.793      4.051    22.4126 0.0000e+00
      2.861      0.049     8.6603     99.792    114.503 108.591363    17.6400     1.7067     0.1278     0.4653 2.1257e+01     1.7298      2.805      4.069    22.4126 0.0000e+00
      2.873      0.048     8.6567     99.806    114.507 108.594600    17.6400     1.6915     0.1278     0.4653 2.1009e+01     1.6241      2.818      4.087    22.4128 0.0000e+00
      2.886      0.047     8.6544     99.839    114.506 108.593542    17.5500     1.6877     0.0852     0.4653 2.0881e+01     1.5939      2.830      4.104    22.4129 0.0000e+00
      2.898      0.045     8.6535     99.887    114.510 108.597902    17.5500     1.7373     0.0852     0.4653 2.0647e+01     1.7147      2.842      4.122    22.4131 0.0000e+00
      2.910      0.043     8.6535     99.943    114.524 108.610842    17.5500     1.7373     0.0852     0.4653 2.0339e+01     1.7449      2.853      4.138    22.4131 0.0000e+00
      2.920      0.040     8.6547    100.000    114.547 108.631815    17.5500     1.7296     0.0852     0.4653 2.0300e+01     1.6392      2.864      4.154    22.4132 0.0000e+00
      2.930      0.038     8.6576    100.054    114.571 108.654418    17.6400     1.7449     0.1278     0.5076 2.0194e+01     1.6694      2.874      4.168    22.4132 0.0000e+00
      2.939      0.035     8.6618    100.111    114.580 108.662686    17.6400     1.8288     0.1278     0.5076 2.0146e+01     1.7601      2.882      4.181    22.4131 0.0000e+00
      2.948      0.033     8.6667    100.166    114.578 108.660824    17.6400     1.8402     0.1278     0.5076 2.0098e+01     1.7752      2.890      4.192    22.4130 0.0000e+00
      2.955      0.031     8.6716    100.197    114.582 108.664330    17.6400     1.8135     0.1278     0.5076 1.9971e+01     1.6543      2.898      4.203    22.4128 0.0000e+00
      2.963      0.030     8.6763    100.190    114.589 108.670139    17.6400     1.8135     0.1278     0.4653 1.9924e+01     1.6241      2.905      4.214    22.4127 0.0000e+00
      2.970      0.029     8.6812    100.152    114.582 108.663808    17.6400     1.8212     0.1278     0.4653 1.9833e+01     1.6543      2.912      4.224    22.4125 0.0000e+00
      2.977      0.028     8.6861    100.093    114.571 108.653642    17.6400     1.7983     0.1278     0.4653 1.9683e+01     1.6845      2.919      4.234    22.4124 0.0000e+00
      2.984      0.028     8.6888    100.026    114.560 108.642930    17.6400     1.8250     0.1278     0.4653 1.9640e+01     1.5939      2.926      4.244    22.4123 0.0000e+00
      2.991      0.027     8.6882     99.963    114.536 108.620818    17.6400     1.8212     0.1278     0.4653 1.9597e+01     1.7298      2.933      4.254    22.4122 0.0000e+00
      2.998      0.027     8.6849     99.914    114.526 108.611397    17.6400     1.7411     0.0852     0.5499 1.9495e+01     1.7449      2.940      4.264    22.4121 0.0000e+00
      3.004      0.026     8.6798     99.883    114.527 108.612155    17.6400     1.7563     0.0852     0.5499 1.9424e+01     1.7147      2.946      4.273    22.4120 0.0000e+00
      3.011      0.025     8.6740     99.869    114.512 108.597305    17.6400     1.7601     0.0852     0.5499 1.9209e+01     1.8205      2.953      4.283    22.4120 0.0000e+00
      3.018      0.024     8.6686     99.869    114.499 108.584878    17.6400     1.7449     0.0852     0.5499 1.9093e+01     1.6241      2.960      4.293    22.4121 0.0000e+00
      3.024      0.024     8.6643     99.890    114.503 108.587554    17.6400     1.6953     0.1278     0.5499 1.9085e+01     1.6392      2.966      4.301    22.4121 0.0000e+00
      3.029      0.023     8.6616     99.923    114.511 108.594051    17.6400     1.6877     0.1278     0.5499 1.9168e+01     1.7903      2.971      4.309    22.4121 0.0000e+00
      3.034      0.023     8.6604     99.945    114.518 108.600105    17.6400     1.7067     0.1278     0.5499 1.9143e+01     1.6392      2.976      4.316    22.4120 0.0000e+00
      3.040      0.024     8.6605     99.947    114.513 108.595333    17.6400     1.6762     0.1278     0.5499 1.9097e+01     1.7449      2.981      4.324    22.4118 0.0000e+00
      3.046      0.026     8.6623     99.934    114.501 108.584460    17.5500     1.7640     0.1278     0.4653 1.8932e+01     1.9413      2.987      4.333    22.4115 0.0000e+00
      3.053      0.028     8.6652     99.917    114.508 108.590578    17.5500     1.7640     0.1278     0.4653 1.8891e+01     1.9715      2.994      4.343    22.4112 0.0000e+00
      3.060      0.030     8.6672     99.903    114.510 108.593327    17.5500     1.7258     0.1278     0.4653 1.8792e+01     1.8809      3.001      4.353    22.4110 0.0000e+00
      3.069      0.032     8.6674     99.895    114.492 108.577445    17.5500     1.7487     0.1278     0.4653 1.8666e+01     1.9111      3.009      4.365    22.4109 0.0000e+00
      3.077      0.033     8.6662     99.906    114.483 108.568687    17.5500     1.6915     0.0852     0.5076 1.8505e+01     2.0018      3.018      4.377    22.4110 0.0000e+00
      3.086      0.035     8.6647     99.942    114.485 108.570713    17.5500     1.6724     0.0852     0.5076 1.8461e+01     1.9413      3.026      4.390    22.4111 0.0000e+00
      3.095      0.036     8.6634     99.985    114.488 108.574068    17.5500     1.6953     0.0852     0.5076 1.8369e+01     1.8205      3.035      4.402    22.4113 0.0000e+00
      3.104      0.037     8.6627    100.019    114.501 108.585645    17.5500     1.7144     0.0852     0.5076 1.8297e+01     1.9111      3.044      4.415    22.4114 0.0000e+00
      3.114      0.038     8.6637    100.042    114.514 108.598534    17.5500     1.8288     0.0852     0.5076 1.8182e+01     1.9715      3.054      4.429    22.4116 0.0000e+00
      3.124      0.039     8.6667    100.053    114.512 108.596180    17.6400     1.8212     0.0852     0.5076 1.7946e+01     2.0320      3.063      4.443    22.4116 0.0000e+00
      3.134      0.040     8.6705    100.049    114.508 108.591950    17.6400     1.8288     0.0852     0.5076 1.7900e+01     1.9111      3.073      4.458    22.4116 0.0000e+00
      3.144      0.041     8.6734    100.039    114.513 108.596711    17.6400     1.8288     0.0852     0.5076 1.7834e+01     1.9866      3.084      4.472    22.4116 0.0000e+00
      3.155      0.041     8.6755    100.024    114.512 108.595740    17.6400     1.7373     0.0852     0.5076 1.7664e+01     1.9413      3.094      4.487    22.4116 0.0000e+00
      3.166      0.042     8.6764    100.001    114.494 108.578781    17.6400     1.7449     0.0852     0.5499 1.7538e+01     2.0018      3.105      4.502    22.4116 0.0000e+00
      3.176      0.043     8.6761     99.970    114.466 108.551308    17.6400     1.7563     0.0852     0.5499 1.7356e+01     1.9715      3.115      4.518    22.4116 0.0000e+00
      3.187      0.043     8.6752     99.929    114.435 108.521988    17.6400     1.7525     0.0852     0.5499 1.7348e+01     1.8809      3.126      4.533    22.4115 0.0000e+00
      3.198      0.044     8.6739     99.877    114.401 108.489000    17.6400     1.7716     0.0852     0.5499 1.7228e+01     1.8960      3.136      4.549    22.4115 0.0000e+00
      3.210      0.045     8.6719     99.823    114.370 108.459541    17.6400     1.7601     0.0852     0.5076 1.7086e+01     1.8960      3.147      4.565    22.4114 0.0000e+00
      3.221      0.045     8.6692     99.766    114.360 108.449746    17.6400     1.7487     0.0852     0.5076 1.7023e+01     1.9111      3.159      4.581    22.4113 0.0000e+00
      3.233      0.046     8.6657     99.702    114.358 108.447006    17.6400     1.7487     0.0852     0.5076 1.6730e+01     2.0169      3.171      4.598    22.4111 0.0000e+00
      3.245      0.046     8.6613     99.644    114.339 108.428599    17.6400     1.7716     0.0852     0.5076 1.6643e+01     1.9715      3.183      4.616    22.4109 0.0000e+00
