Data/DataNotYetUploadedToEDI/Raw_CTD/RawDownloads/093024_ccr88_S8188001.cnv
* Sea-Bird SBE19plus  Data File:
* FileName = C:\R\Reservoirs\Data\DataNotYetUploadedToEDI\Raw_CTD\RawDownloads\093024_ccr88_S8188_0001.hex
* Software version 2.8.0.119
* Temperature SN = 8188
* Conductivity SN = 8188
* System UpLoad Time = Sep 30 2024 18:05:08
* <ApplicationData>
* <Seaterm232>
# nquan = 16
# nvalues = 1692                        
# units = specified
# name 0 = depFM: Depth [fresh water, m]
# name 1 = dz/dtM: Descent Rate [m/s]
# name 2 = sbeox0Mg/L: Oxygen, SBE 43 [mg/l]
# name 3 = sbeox0PS: Oxygen, SBE 43 [% saturation]
# name 4 = specc: Specific Conductance [uS/cm]
# name 5 = c0uS/cm: Conductivity [uS/cm]
# name 6 = wetCDOM: Fluorescence, WET Labs CDOM [mg/m^3]
# name 7 = flECO-AFL: Fluorescence, WET Labs ECO-AFL/FL [mg/m^3]
# name 8 = flECO-AFL1: Fluorescence, WET Labs ECO-AFL/FL, 2 [mg/m^3]
# name 9 = flECO-AFL2: Fluorescence, WET Labs ECO-AFL/FL, 3 [mg/m^3]
# name 10 = par/sat/log: PAR/Logarithmic, Satlantic
# name 11 = turbWETntu0: Turbidity, WET Labs ECO [NTU]
# name 12 = prdM: Pressure, Strain Gauge [db]
# name 13 = prdE: Pressure, Strain Gauge [psi]
# name 14 = tv290C: Temperature [ITS-90, deg C]
# name 15 = flag:  0.000e+00
# span 0 =     -0.486,     10.703       
# span 1 =     -0.484,      0.230       
# span 2 =     2.8325,    10.2397       
# span 3 =     28.178,    118.091       
# span 4 =   -518.126,    128.252       
# span 5 =-479.201164, 111.523212       
# span 6 =    -4.5000,   110.3400       
# span 7 =    -0.2159,    10.7439       
# span 8 =    -2.1300,     1.5336       
# span 9 =    -2.0304,     0.6345       
# span 10 = 1.1592e-01, 1.5841e+02      
# span 11 =     1.0500,   375.8255      
# span 12 =     -0.477,     10.496      
# span 13 =     -0.692,     15.222      
# span 14 =    14.5182,    22.4185      
# span 15 = 0.0000e+00, 0.0000e+00      
# interval = seconds: 0.25
# start_time = Sep 30 2024 09:50:43 [Instrument's time stamp, header]
# bad_flag = -9.990e-29
*END*
[from data line 814]
      4.877      0.022     8.1291     93.393    110.791 104.528209    17.2800     1.5694     0.1278     0.5076 4.8587e+00     3.4822      4.782      6.936    22.2244 0.0000e+00
      4.883      0.022     8.1269     93.271    110.852 104.568376    17.2800     1.5732     0.1278     0.5076 4.8355e+00     3.4822      4.788      6.945    22.2131 0.0000e+00
      4.888      0.021     8.1311     93.032    110.900 104.608027    17.2800     1.5465     0.1278     0.5076 4.8030e+00     3.6181      4.794      6.953    22.1979 0.0000e+00
      4.894      0.020     8.1364     92.711    110.877 104.587775    17.3700     1.5541     0.1278     0.4653 4.7895e+00     3.7390      4.799      6.961    22.1815 0.0000e+00
      4.899      0.019     8.1368     92.370    110.787 104.504221    17.3700     1.5580     0.1278     0.4653 4.8208e+00     3.9052      4.804      6.968    22.1680 0.0000e+00
      4.903      0.018     8.1274     92.092    110.687 104.411038    17.3700     1.5503     0.1278     0.4653 4.8271e+00     3.8901      4.809      6.974    22.1603 0.0000e+00
      4.908      0.017     8.1070     91.925    110.626 104.353338    17.3700     1.5885     0.1278     0.4653 4.8271e+00     3.7994      4.813      6.981    22.1580 0.0000e+00
      4.912      0.016     8.0790     91.862    110.616 104.343714    17.3700     1.4893     0.0852     0.5076 4.7905e+00     3.7239      4.817      6.987    22.1584 0.0000e+00
      4.916      0.015     8.0492     91.886    110.656 104.383600    17.3700     1.5160     0.0852     0.5076 4.7739e+00     3.7692      4.821      6.992    22.1592 0.0000e+00
      4.920      0.014     8.0248     91.985    110.712 104.439657    17.3700     1.4931     0.0852     0.5076 4.7584e+00     3.6786      4.825      6.998    22.1596 0.0000e+00
      4.923      0.012     8.0103     92.128    110.740 104.468870    17.3700     1.5160     0.0852     0.5076 4.7553e+00     3.8296      4.828      7.003    22.1596 0.0000e+00
      4.926      0.011     8.0048     92.268    110.734 104.465036    17.2800     1.5656     0.1278     0.4653 4.7460e+00     3.6332      4.831      7.007    22.1598 0.0000e+00
      4.929      0.010     8.0067     92.375    110.725 104.457116    17.2800     1.5618     0.1278     0.4653 4.7718e+00     3.6030      4.834      7.010    22.1605 0.0000e+00
      4.931      0.009     8.0152     92.458    110.726 104.456990    17.2800     1.5503     0.1278     0.4653 4.8187e+00     3.6332      4.836      7.014    22.1617 0.0000e+00
      4.933      0.008     8.0275     92.536    110.714 104.442637    17.2800     1.5770     0.1278     0.4653 4.7698e+00     3.5728      4.838      7.016    22.1630 0.0000e+00
      4.935      0.007     8.0394     92.625    110.683 104.408231    17.2800     1.5656     0.1278     0.4653 4.7615e+00     3.5124      4.840      7.019    22.1640 0.0000e+00
      4.936      0.007     8.0487     92.721    110.654 104.374579    17.5500     1.5503     0.1278     0.3807 4.7874e+00     3.5124      4.841      7.021    22.1643 0.0000e+00
      4.938      0.007     8.0560     92.812    110.640 104.354692    17.5500     1.5618     0.1278     0.3807 4.7532e+00     3.5577      4.843      7.023    22.1638 0.0000e+00
      4.940      0.008     8.0631     92.883    110.606 104.317284    17.5500     1.5808     0.1278     0.3807 4.7822e+00     3.5426      4.845      7.026    22.1624 0.0000e+00
      4.942      0.008     8.0711     92.923    110.462 104.176422    17.5500     1.6953     0.1278     0.3807 4.7739e+00     3.6030      4.846      7.029    22.1601 0.0000e+00
      4.944      0.010     8.0800     92.931    110.156 103.878554    17.1000     1.6800     0.0852     0.5076 4.7864e+00     3.6635      4.848      7.032    22.1572 0.0000e+00
      4.946      0.011     8.0884     92.901    109.766 103.492158    17.1000     1.6953     0.0852     0.5076 4.7926e+00     3.5728      4.851      7.035    22.1542 0.0000e+00
      4.949      0.013     8.0949     92.820    109.409 103.128061    17.1000     1.6953     0.0852     0.5076 4.7770e+00     3.4369      4.853      7.039    22.1518 0.0000e+00
      4.953      0.014     8.0988     92.671    109.139 102.839070    17.1000     1.6877     0.0852     0.5076 4.7739e+00     4.1469      4.857      7.044    22.1495 0.0000e+00
      4.957      0.016     8.1002     92.427    109.007 102.680030    16.9200     1.7220     0.0852     0.4653 4.7760e+00     4.0411      4.861      7.050    22.1451 0.0000e+00
      4.961      0.017     8.0988     92.084    108.991 102.636504    16.9200     1.7144     0.0852     0.4653 4.7625e+00     4.2073      4.865      7.056    22.1368 0.0000e+00
      4.966      0.017     8.0938     91.665    108.896 102.530999    16.9200     1.7067     0.0852     0.4653 4.7223e+00     4.0411      4.870      7.063    22.1241 0.0000e+00
      4.971      0.017     8.0832     91.214    108.581 102.223456    16.9200     1.6381     0.0852     0.4653 4.6957e+00     4.1167      4.874      7.070    22.1086 0.0000e+00
      4.975      0.017     8.0644     90.783    108.092 101.745787    17.0100     1.6419     0.1278     0.5076 4.7398e+00     4.0864      4.879      7.076    22.0924 0.0000e+00
      4.979      0.017     8.0364     90.422    107.536 101.194459    17.0100     1.6381     0.1278     0.5076 4.7563e+00     4.0109      4.883      7.082    22.0795 0.0000e+00
      4.983      0.018     8.0011     90.146    107.016 100.668267    17.0100     1.6419     0.1278     0.5076 4.7070e+00     4.0713      4.887      7.088    22.0721 0.0000e+00
      4.988      0.018     7.9625     89.925    106.678 100.314663    17.0100     1.5808     0.1278     0.5076 4.6855e+00     4.1167      4.891      7.094    22.0670 0.0000e+00
      4.993      0.019     7.9261     89.704    106.601 100.219204    17.0100     1.5770     0.1278     0.5076 4.6713e+00     4.1167      4.896      7.101    22.0590 0.0000e+00
      4.998      0.019     7.8966     89.430    106.715 100.318464    17.1900     1.5427     0.0852     0.5076 4.6349e+00     4.0260      4.901      7.109    22.0456 0.0000e+00
      5.003      0.019     7.8751     89.072    106.863 100.465054    17.1900     1.5656     0.0852     0.5076 4.6571e+00     4.0713      4.906      7.116    22.0283 0.0000e+00
      5.008      0.019     7.8583     88.652    106.880 100.496227    17.1900     1.5999     0.0852     0.5076 4.6339e+00     4.0260      4.911      7.123    22.0119 0.0000e+00
      5.013      0.019     7.8407     88.245    106.698 100.338360    17.1900     1.5847     0.0852     0.5076 4.6450e+00     3.9958      4.916      7.130    22.0010 0.0000e+00
      5.017      0.019     7.8173     87.933    106.375 100.037290    17.0100     1.5847     0.0852     0.4230 4.6632e+00     4.0562      4.920      7.137    21.9977 0.0000e+00
      5.022      0.020     7.7855     87.764    105.989  99.664613    17.0100     1.5732     0.0852     0.4230 4.6329e+00     4.0411      4.925      7.144    22.0012 0.0000e+00
      5.027      0.021     7.7477     87.739    105.655  99.332771    17.0100     1.6152     0.0852     0.4230 4.6088e+00     4.0109      4.930      7.151    22.0084 0.0000e+00
      5.033      0.022     7.7112     87.813    105.509  99.177078    17.0100     1.6304     0.0852     0.4230 4.6349e+00     3.9958      4.936      7.159    22.0144 0.0000e+00
      5.039      0.022     7.6838     87.913    105.498  99.152021    16.9200     1.6495     0.1278     0.4653 4.6218e+00     3.9656      4.941      7.167    22.0154 0.0000e+00
      5.045      0.023     7.6697     87.968    105.438  99.087059    16.9200     1.6152     0.1278     0.4653 4.5600e+00     3.9807      4.947      7.175    22.0108 0.0000e+00
      5.051      0.024     7.6688     87.930    105.233  98.884938    16.9200     1.5656     0.1278     0.4653 4.5729e+00     4.2224      4.953      7.184    22.0025 0.0000e+00
      5.057      0.024     7.6766     87.798    104.874  98.533723    16.9200     1.5580     0.1278     0.4653 4.5858e+00     4.2526      4.959      7.193    21.9936 0.0000e+00
      5.063      0.025     7.6863     87.613    104.449  98.111607    16.9200     1.5694     0.1278     0.4653 4.5639e+00     4.2073      4.965      7.202    21.9869 0.0000e+00
      5.070      0.025     7.6917     87.417    104.135  97.787771    17.3700     1.5732     0.1278     0.5076 4.5659e+00     4.2375      4.972      7.211    21.9826 0.0000e+00
      5.076      0.025     7.6890     87.230    103.987  97.619723    17.3700     1.5046     0.1278     0.5076 4.5580e+00     4.9928      4.978      7.220    21.9783 0.0000e+00
      5.083      0.024     7.6784     87.044    103.864  97.478730    17.3700     1.5236     0.1278     0.5076 4.4882e+00     5.0079      4.985      7.230    21.9716 0.0000e+00
      5.089      0.023     7.6638     86.842    103.644  97.245270    17.3700     1.5122     0.1278     0.5076 4.4980e+00     4.9475      4.991      7.239    21.9610 0.0000e+00
      5.095      0.022     7.6487     86.616    103.250  96.839103    19.2600     1.5046     0.1278     0.3807 4.4872e+00     5.1288      4.997      7.247    21.9470 0.0000e+00
      5.100      0.021     7.6345     86.365    102.682  96.253820    19.2600     1.3863     0.1278     0.3807 4.4921e+00     5.0684      5.002      7.254    21.9328 0.0000e+00
      5.105      0.021     7.6200     86.073    102.076  95.621064    19.2600     1.3787     0.1278     0.3807 4.5117e+00     4.9324      5.006      7.261    21.9205 0.0000e+00
      5.110      0.020     7.6042     85.722    101.596  95.105756    19.2600     1.3787     0.1278     0.3807 4.4960e+00     4.9928      5.011      7.268    21.9075 0.0000e+00
      5.115      0.021     7.5871     85.303    101.312  94.788246    19.0800     1.3787     0.1704     0.3384 4.4921e+00     4.9324      5.016      7.275    21.8892 0.0000e+00
      5.120      0.021     7.5689     84.817    101.114  94.573874    19.0800     1.4321     0.1704     0.3384 4.4590e+00     5.4762      5.022      7.283    21.8634 0.0000e+00
      5.126      0.021     7.5479     84.284    100.861  94.317569    19.0800     1.4359     0.1704     0.3384 4.3689e+00     5.4611      5.027      7.291    21.8317 0.0000e+00
      5.132      0.021     7.5218     83.727    100.601  94.046881    19.0800     1.4168     0.1704     0.3384 4.3946e+00     5.4007      5.033      7.299    21.7998 0.0000e+00
      5.137      0.020     7.4887     83.171    100.466  93.891400    18.9000     1.4702     0.1278     0.5499 4.4176e+00     5.4309      5.038      7.307    21.7746 0.0000e+00
      5.142      0.019     7.4481     82.654    100.413  93.825644    18.9000     1.3787     0.1278     0.5499 4.4339e+00     5.9747      5.043      7.314    21.7601 0.0000e+00
      5.147      0.018     7.4027     82.203    100.276  93.690236    18.9000     1.3596     0.1278     0.5499 4.4032e+00     5.8539      5.047      7.321    21.7504 0.0000e+00
      5.151      0.018     7.3556     81.831     99.995  93.415108    18.9000     1.3825     0.1278     0.5499 4.3746e+00     5.9143      5.052      7.327    21.7370 0.0000e+00
      5.155      0.018     7.3089     81.554     99.583  93.006805    18.9000     1.3520     0.1278     0.5499 4.4128e+00     5.8841      5.056      7.333    21.7224 0.0000e+00
      5.160      0.018     7.2647     81.385     99.111  92.526251    19.5300     1.3024     0.1278     0.4230 4.3994e+00     5.8539      5.060      7.339    21.7141 0.0000e+00
      5.164      0.019     7.2256     81.298     98.747  92.132959    19.5300     1.3329     0.1278     0.4230 4.3803e+00     5.8690      5.064      7.345    21.7104 0.0000e+00
      5.169      0.020     7.1937     81.222     98.524  91.871870    19.5300     1.3291     0.1278     0.4230 4.3660e+00     5.8690      5.069      7.351    21.7045 0.0000e+00
      5.174      0.021     7.1710     81.084     98.248  91.575473    19.5300     1.3214     0.1278     0.4230 4.3698e+00     5.9294      5.074      7.359    21.6925 0.0000e+00
      5.179      0.022     7.1589     80.843     97.863  91.182708    20.7900     1.4244     0.1278     0.4230 4.3170e+00     5.6877      5.079      7.367    21.6723 0.0000e+00
      5.185      0.024     7.1551     80.510     97.524  90.826543    20.7900     1.4359     0.1278     0.4230 4.3443e+00     5.7481      5.085      7.375    21.6451 0.0000e+00
      5.192      0.026     7.1521     80.113     97.325  90.597767    20.7900     1.4511     0.1278     0.4230 4.3851e+00     5.6575      5.091      7.384    21.6185 0.0000e+00
      5.198      0.027     7.1426     79.660     97.269  90.509274    20.7900     1.4435     0.1278     0.4230 4.3179e+00     5.6726      5.098      7.394    21.5986 0.0000e+00
      5.206      0.028     7.1238     79.151     97.314  90.525481    20.5200     1.3787     0.1278     0.5076 4.2638e+00     6.4582      5.105      7.404    21.5811 0.0000e+00
      5.214      0.028     7.0973     78.619     97.354  90.546841    20.5200     1.3520     0.1278     0.5076 4.1667e+00     6.4733      5.113      7.416    21.5605 0.0000e+00
      5.222      0.028     7.0653     78.122     97.319  90.501149    20.5200     1.4016     0.1278     0.5076 4.2214e+00     6.3524      5.121      7.427    21.5385 0.0000e+00
      5.229      0.028     7.0279     77.719     97.254  90.422165    20.5200     1.3672     0.1278     0.5076 4.2095e+00     6.4582      5.128      7.437    21.5196 0.0000e+00
      5.235      0.027     6.9849     77.445     97.235  90.378710    20.6100     1.3214     0.1278     0.3807 4.2352e+00     5.8388      5.134      7.446    21.5064 0.0000e+00
      5.241      0.027     6.9390     77.292     97.283  90.397145    20.6100     1.3291     0.1278     0.3807 4.1976e+00     5.9747      5.140      7.455    21.4986 0.0000e+00
      5.248      0.026     6.8960     77.235     97.355  90.444432    20.6100     1.3214     0.1278     0.3807 4.1913e+00     5.9143      5.147      7.465    21.4921 0.0000e+00
      5.255      0.027     6.8617     77.263     97.379  90.453284    20.6100     1.3329     0.1278     0.3807 4.1722e+00     5.8841      5.154      7.475    21.4823 0.0000e+00
      5.262      0.027     6.8393     77.354     97.341  90.406087    20.6100     1.2947     0.1278     0.3807 4.1568e+00     5.8539      5.160      7.484    21.4691 0.0000e+00
      5.269      0.028     6.8275     77.477     97.271  90.322215    21.8700     1.3520     0.1704     0.4653 4.1424e+00     5.8388      5.167      7.494    21.4559 0.0000e+00
      5.275      0.029     6.8239     77.608     97.183  90.213259    21.8700     1.3520     0.1704     0.4653 4.1713e+00     5.9445      5.174      7.504    21.4457 0.0000e+00
      5.283      0.029     6.8272     77.720     97.096  90.098099    21.8700     1.3291     0.1704     0.4653 4.1451e+00     5.8388      5.181      7.514    21.4388 0.0000e+00
      5.290      0.030     6.8361     77.807     97.031  89.999956    21.8700     1.3214     0.1704     0.4653 4.1532e+00     6.6394      5.188      7.525    21.4325 0.0000e+00
      5.299      0.030     6.8483     77.883     97.006  89.940592    22.3200     1.3291     0.1278     0.5499 4.1003e+00     6.7150      5.196      7.536    21.4232 0.0000e+00
      5.307      0.030     6.8617     77.969     97.006  89.912165    22.3200     1.3291     0.1278     0.5499 4.0156e+00     6.5639      5.205      7.548    21.4090 0.0000e+00
      5.315      0.029     6.8741     78.081     96.984  89.871140    22.3200     1.3367     0.1278     0.5499 4.0200e+00     6.4733      5.213      7.560    21.3910 0.0000e+00
      5.323      0.027     6.8844     78.227     96.941  89.818560    22.3200     1.2528     0.1278     0.5499 3.9679e+00     6.3977      5.220      7.571    21.3715 0.0000e+00
      5.329      0.025     6.8935     78.410     96.924  89.796330    25.5600     1.2566     0.1704     0.4230 3.9904e+00     6.3977      5.226      7.580    21.3533 0.0000e+00
