Data/DataNotYetUploadedToEDI/Raw_CTD/RawDownloads/093024_ccr50_S8188003.cnv
* Sea-Bird SBE19plus  Data File:
* FileName = C:\R\Reservoirs\Data\DataNotYetUploadedToEDI\Raw_CTD\RawDownloads\093024_ccr88_S8188_0003.hex
* Software version 2.8.0.119
* Temperature SN = 8188
* Conductivity SN = 8188
* System UpLoad Time = Sep 30 2024 18:05:49
* <ApplicationData>
* <Seaterm232>
# nquan = 16
# nvalues = 1563                        
# units = specified
# name 0 = depFM: Depth [fresh water, m]
# name 1 = dz/dtM: Descent Rate [m/s]
# name 2 = sbeox0Mg/L: Oxygen, SBE 43 [mg/l]
# name 3 = sbeox0PS: Oxygen, SBE 43 [% saturation]
# name 4 = specc: Specific Conductance [uS/cm]
# name 5 = c0uS/cm: Conductivity [uS/cm]
# name 6 = wetCDOM: Fluorescence, WET Labs CDOM [mg/m^3]
# name 7 = flECO-AFL: Fluorescence, WET Labs ECO-AFL/FL [mg/m^3]
# name 8 = flECO-AFL1: Fluorescence, WET Labs ECO-AFL/FL, 2 [mg/m^3]
# name 9 = flECO-AFL2: Fluorescence, WET Labs ECO-AFL/FL, 3 [mg/m^3]
# name 10 = par/sat/log: PAR/Logarithmic, Satlantic
# name 11 = turbWETntu0: Turbidity, WET Labs ECO [NTU]
# name 12 = prdM: Pressure, Strain Gauge [db]
# name 13 = prdE: Pressure, Strain Gauge [psi]
# name 14 = tv290C: Temperature [ITS-90, deg C]
# name 15 = flag:  0.000e+00
# span 0 =     -0.500,     19.978       
# span 1 =     -0.639,      0.265       
# span 2 =    -0.3109,    10.3641       
# span 3 =     -2.935,    119.618       
# span 4 =   -616.212,    221.498       
# span 5 =-482.012775, 164.199717       
# span 6 =    -4.5000,    73.2600       
# span 7 =    -0.2846,     5.7962       
# span 8 =    -2.1300,     0.4686       
# span 9 =    -2.0304,     0.7191       
# span 10 = 1.1577e-01, 3.9023e+02      
# span 11 =    -1.0800,   149.7880      
# span 12 =     -0.491,     19.592      
# span 13 =     -0.711,     28.415      
# span 14 =    12.0639,    22.5134      
# span 15 = 0.0000e+00, 0.0000e+00      
# interval = seconds: 0.25
# start_time = Sep 30 2024 14:16:10 [Instrument's time stamp, header]
# bad_flag = -9.990e-29
*END*
[from data line 1447]
     11.108     -0.540     3.9943     39.371    127.267 100.194213    27.3600     0.2838     0.1278     0.0423 1.1617e-01     3.5728     10.893     15.799    14.3282 0.0000e+00
     10.970     -0.544     3.9967     39.550    127.297 100.240373    27.3600     0.2991     0.1278     0.0423 1.1597e-01     3.5124     10.758     15.603    14.3362 0.0000e+00
     10.831     -0.547     4.0022     39.762    127.343 100.300377    27.3600     0.2800     0.1278     0.0423 1.1600e-01     3.7390     10.621     15.405    14.3441 0.0000e+00
     10.691     -0.549     4.0111     39.998    127.396 100.366247    28.0800     0.2915     0.1278     0.2115 1.1600e-01     3.8598     10.484     15.206    14.3522 0.0000e+00
     10.550     -0.549     4.0242     40.254    127.427 100.415580    28.0800     0.2991     0.1278     0.2115 1.1612e-01     3.8296     10.346     15.005    14.3605 0.0000e+00
     10.408     -0.545     4.0417     40.522    127.429 100.441547    28.0800     0.2838     0.1278     0.2115 1.1612e-01     3.7239     10.207     14.803    14.3693 0.0000e+00
     10.267     -0.537     4.0626     40.793    127.431 100.467062    28.0800     0.3067     0.1278     0.2115 1.1600e-01     4.0411     10.068     14.602    14.3786 0.0000e+00
     10.128     -0.525     4.0858     41.048    127.465 100.518914    28.0800     0.2838     0.1278     0.2115 1.1615e-01     4.0864      9.932     14.405    14.3881 0.0000e+00
      9.993     -0.508     4.1111     41.265    127.521 100.588950    27.6300     0.2648     0.1278     0.1692 1.1617e-01     3.9656      9.800     14.214    14.3976 0.0000e+00
      9.865     -0.489     4.1376     41.431    127.550 100.639889    27.6300     0.2991     0.1278     0.1692 1.1612e-01     3.8901      9.675     14.032    14.4072 0.0000e+00
      9.744     -0.468     4.1644     41.540    127.540 100.661334    27.6300     0.2876     0.1278     0.1692 1.1610e-01     3.9656      9.556     13.859    14.4168 0.0000e+00
      9.628     -0.448     4.1896     41.597    127.521 100.676992    27.6300     0.2724     0.1278     0.1692 1.1600e-01     4.1620      9.442     13.694    14.4265 0.0000e+00
      9.517     -0.430     4.2108     41.615    127.493 100.689039    27.6300     0.3067     0.1704     0.1269 1.1623e-01     4.2979      9.333     13.537    14.4368 0.0000e+00
      9.412     -0.416     4.2267     41.602    127.452 100.696693    27.6300     0.3029     0.1704     0.1269 1.1617e-01     4.2828      9.230     13.387    14.4477 0.0000e+00
      9.311     -0.407     4.2368     41.570    127.417 100.711990    27.6300     0.2991     0.1704     0.1269 1.1620e-01     4.1922      9.131     13.243    14.4591 0.0000e+00
      9.211     -0.403     4.2415     41.534    127.389 100.733016    27.6300     0.2991     0.1704     0.1269 1.1612e-01     4.2979      9.033     13.101    14.4711 0.0000e+00
      9.111     -0.404     4.2420     41.500    127.367 100.763378    27.8100     0.2838     0.1704     0.1269 1.1612e-01     4.2526      8.935     12.958    14.4846 0.0000e+00
      9.009     -0.409     4.2392     41.469    127.346 100.803183    27.8100     0.2800     0.1704     0.1269 1.1612e-01     4.1167      8.835     12.814    14.5003 0.0000e+00
      8.905     -0.416     4.2345     41.443    127.306 100.835068    27.8100     0.3105     0.1704     0.1269 1.2319e-01     4.2828      8.733     12.666    14.5171 0.0000e+00
      8.798     -0.425     4.2293     41.424    127.271 100.877530    27.8100     0.2609     0.1704     0.1269 1.2314e-01     4.7964      8.627     12.513    14.5341 0.0000e+00
      8.687     -0.435     4.2241     41.413    127.278 100.963877    27.8100     0.2190     0.1704     0.1269 1.1612e-01     4.7511      8.519     12.356    14.5529 0.0000e+00
      8.575     -0.446     4.2189     41.411    127.308 101.091158    28.0800     0.2533     0.1704     0.0846 1.8244e-01     4.7209      8.409     12.197    14.5749 0.0000e+00
      8.461     -0.457     4.2140     41.419    127.347 101.267335    28.0800     0.2304     0.1704     0.0846 1.6711e-01     4.7058      8.298     12.034    14.5998 0.0000e+00
      8.344     -0.468     4.2096     41.438    127.378 101.501418    28.0800     0.2266     0.1704     0.0846 1.9579e-01     5.1439      8.183     11.868    14.6274 0.0000e+00
      8.224     -0.479     4.2055     41.473    127.375 101.795879    28.0800     0.2419     0.1704     0.0846 2.0780e-01     5.0986      8.065     11.697    14.6593 0.0000e+00
      8.100     -0.490     4.2016     41.531    127.322 102.157300    28.1700     0.2342     0.1278     0.0846 2.6220e-01     5.3403      7.943     11.521    14.7000 0.0000e+00
      7.972     -0.499     4.1973     41.609    127.215 102.590139    28.1700     0.2228     0.1278     0.0846 3.3678e-01     5.2043      7.818     11.339    14.7573 0.0000e+00
      7.842     -0.506     4.1918     41.695    127.052 103.095914    28.1700     0.2800     0.1278     0.0846 4.4246e-01     4.7058      7.691     11.154    14.8399 0.0000e+00
      7.711     -0.511     4.1848     41.765    126.749 103.601657    28.1700     0.2876     0.1278     0.0846 6.5156e-01     4.8569      7.562     10.968    14.9569 0.0000e+00
      7.579     -0.514     4.1764     41.788    126.286 104.018411    29.1600     0.3029     0.1704     0.2961 8.0322e-01     4.7058      7.433     10.780    15.1163 0.0000e+00
      7.448     -0.514     4.1660     41.736    125.822 104.373403    29.1600     0.2838     0.1704     0.2961 1.2343e+00     4.7058      7.304     10.593    15.3211 0.0000e+00
      7.316     -0.513     4.1523     41.585    125.488 104.745339    29.1600     0.4250     0.1704     0.2961 1.7444e+00     5.9445      7.175     10.406    15.5733 0.0000e+00
      7.185     -0.512     4.1331     41.339    125.227 105.157458    29.1600     0.3868     0.1704     0.2961 2.1444e+00     5.8690      7.046     10.220    15.8712 0.0000e+00
      7.055     -0.512     4.1079     41.060    124.870 105.553762    46.1700     0.4097     0.2982     0.3384 2.5300e+00     5.9899      6.919     10.035    16.1870 0.0000e+00
      6.926     -0.513     4.0777     40.855    124.335 105.858056    46.1700     0.4364     0.2982     0.3384 2.8008e+00     5.8539      6.792      9.852    16.4799 0.0000e+00
      6.797     -0.516     4.0411     40.822    123.722 106.099547    46.1700     0.6653     0.2982     0.3384 3.2873e+00    12.3194      6.665      9.667    16.7382 0.0000e+00
      6.665     -0.520     3.9962     41.025    123.167 106.380644    46.1700     0.6500     0.2982     0.3384 3.9413e+00    12.2439      6.537      9.481    16.9901 0.0000e+00
      6.532     -0.525     3.9460     41.523    122.741 106.754348    46.1700     0.6424     0.2982     0.3384 4.4833e+00    12.3043      6.406      9.291    17.2696 0.0000e+00
      6.398     -0.532     3.9011     42.362    122.499 107.234388    63.5400     0.6386     0.3834     0.2538 5.1277e+00    12.4101      6.274      9.100    17.5748 0.0000e+00
      6.261     -0.539     3.8726     43.562    122.397 107.774884    63.5400     0.8408     0.3834     0.2538 5.9714e+00    15.2501      6.140      8.906    17.8832 0.0000e+00
      6.123     -0.545     3.8666     45.120    122.289 108.260103    63.5400     0.8332     0.3834     0.2538 6.3848e+00    15.1595      6.005      8.710    18.1894 0.0000e+00
      5.984     -0.552     3.8886     46.994    122.010 108.549564    63.5400     0.8255     0.3834     0.2538 7.5149e+00    15.0990      5.868      8.511    18.4902 0.0000e+00
      5.842     -0.558     3.9436     49.119    121.435 108.528548    56.7900     0.8637     0.3408     0.2961 8.5856e+00    15.2652      5.729      8.309    18.7709 0.0000e+00
      5.698     -0.563     4.0336     51.431    120.519 108.163479    56.7900     0.7721     0.3408     0.2961 9.6336e+00     9.9024      5.588      8.105    19.0273 0.0000e+00
      5.554     -0.569     4.1573     53.870    119.251 107.460985    56.7900     0.7645     0.3408     0.2961 1.0932e+01     9.9175      5.446      7.899    19.2649 0.0000e+00
      5.408     -0.573     4.3104     56.395    117.652 106.441674    56.7900     0.7530     0.3408     0.2961 1.1789e+01     9.9628      5.304      7.692    19.4862 0.0000e+00
      5.261     -0.575     4.4868     59.003    116.011 105.361487    41.0400     0.7721     0.2130     0.2961 1.3645e+01     9.9326      5.159      7.483    19.6905 0.0000e+00
      5.113     -0.576     4.6801     61.725    114.636 104.500094    41.0400     0.7797     0.2130     0.2961 1.5099e+01     5.5820      5.014      7.272    19.8809 0.0000e+00
      4.965     -0.575     4.8842     64.596    113.531 103.859679    41.0400     0.7721     0.2130     0.2961 1.6289e+01     5.6273      4.869      7.061    20.0655 0.0000e+00
      4.817     -0.572     5.0951     67.616    112.702 103.445369    41.0400     0.7721     0.2130     0.2961 1.8036e+01     5.7028      4.724      6.852    20.2458 0.0000e+00
      4.671     -0.566     5.3127     70.759    112.124 103.240639    41.0400     0.7492     0.2130     0.2961 1.9230e+01     5.6575      4.581      6.644    20.4194 0.0000e+00
      4.527     -0.557     5.5398     73.989    111.741 103.196906    34.6500     0.8370     0.1704     0.3384 2.1045e+01     4.2526      4.440      6.439    20.5867 0.0000e+00
      4.385     -0.545     5.7796     77.260    111.537 103.302520    34.6500     0.8408     0.1704     0.3384 2.3405e+01     4.2828      4.300      6.237    20.7463 0.0000e+00
      4.245     -0.531     6.0324     80.516    111.444 103.491719    34.6500     0.8332     0.1704     0.3384 2.4754e+01     4.1620      4.163      6.039    20.8966 0.0000e+00
      4.111     -0.516     6.2956     83.698    111.380 103.675062    34.6500     0.8141     0.1704     0.3384 2.6728e+01     4.1620      4.031      5.847    21.0395 0.0000e+00
      3.982     -0.503     6.5659     86.727    111.336 103.825503    24.7500     0.9323     0.1278     0.4653 2.8257e+01     2.9686      3.905      5.664    21.1761 0.0000e+00
      3.858     -0.493     6.8394     89.505    111.387 104.009150    24.7500     0.9094     0.1278     0.4653 2.8226e+01     3.1498      3.784      5.488    21.3062 0.0000e+00
      3.738     -0.487     7.1115     91.922    111.582 104.292969    24.7500     0.9400     0.1278     0.4653 2.9808e+01     3.0592      3.666      5.316    21.4286 0.0000e+00
      3.617     -0.487     7.3778     93.858    111.894 104.676690    24.7500     0.9438     0.1278     0.4653 3.2108e+01     2.9837      3.547      5.145    21.5372 0.0000e+00
      3.495     -0.493     7.6330     95.235    112.292 105.150711    21.2400     1.0620     0.1278     0.5499 3.3179e+01     2.4701      3.427      4.971    21.6226 0.0000e+00
      3.370     -0.504     7.8691     96.066    112.776 105.721510    21.2400     1.0735     0.1278     0.5499 3.4736e+01     2.4549      3.305      4.794    21.6831 0.0000e+00
      3.242     -0.519     8.0753     96.464    113.314 106.361405    21.2400     1.1040     0.1278     0.5499 3.7644e+01     2.6211      3.179      4.611    21.7279 0.0000e+00
      3.108     -0.537     8.2393     96.614    113.853 107.013161    21.2400     1.0849     0.1278     0.5499 3.9496e+01     2.5305      3.048      4.421    21.7688 0.0000e+00
      2.969     -0.555     8.3533     96.721    114.324 107.602706    18.9900     1.4054     0.1278     0.5076 4.3270e+01     1.6845      2.912      4.223    21.8136 0.0000e+00
      2.824     -0.574     8.4180     96.962    114.709 108.101347    18.9900     1.4550     0.1278     0.5076 4.7168e+01     1.6845      2.770      4.017    21.8655 0.0000e+00
      2.675     -0.593     8.4433     97.451    115.027 108.518112    18.9900     1.4588     0.1278     0.5076 4.9877e+01     1.6845      2.623      3.804    21.9250 0.0000e+00
      2.521     -0.609     8.4461     98.226    115.281 108.856188    18.9900     1.4435     0.1278     0.5076 5.4608e+01     1.6543      2.472      3.585    21.9892 0.0000e+00
      2.363     -0.623     8.4450     99.242    115.480 109.125762    18.9900     1.6724     0.1278     0.5076 5.8668e+01     1.3522      2.317      3.361    22.0536 0.0000e+00
      2.201     -0.633     8.4564    100.385    115.636 109.338746    17.0100     1.6724     0.1278     0.5076 6.4821e+01     1.4428      2.158      3.130    22.1130 0.0000e+00
      2.036     -0.639     8.4906    101.526    115.770 109.517952    17.0100     1.6648     0.1278     0.5076 7.1729e+01     1.3975      1.996      2.895    22.1642 0.0000e+00
      1.869     -0.638     8.5510    102.552    115.882 109.669183    17.0100     1.7067     0.1278     0.5076 8.0135e+01     1.3975      1.833      2.658    22.2073 0.0000e+00
      1.703     -0.631     8.6336    103.380    115.963 109.784787    17.0100     1.9356     0.1278     0.5076 8.9003e+01     1.4579      1.670      2.422    22.2428 0.0000e+00
      1.540     -0.617     8.7282    103.975    116.010 109.861605    16.6500     1.9394     0.1278     0.6345 9.9003e+01     1.4126      1.510      2.190    22.2714 0.0000e+00
      1.382     -0.596     8.8236    104.343    116.016 109.892131    16.6500     1.9356     0.1278     0.6345 1.1223e+02     1.4277      1.355      1.965    22.2944 0.0000e+00
      1.230     -0.570     8.9095    104.515    116.008 109.904503    16.6500     1.9509     0.1278     0.6345 1.2018e+02     1.5183      1.206      1.750    22.3137 0.0000e+00
      1.087     -0.537     8.9786    104.531    116.016 109.930009    16.6500     2.0539     0.1278     0.6345 1.3319e+02     1.1860      1.066      1.545    22.3305 0.0000e+00
      0.952     -0.499     9.0279    104.440    116.026 109.959457    16.6500     2.0501     0.1278     0.5499 1.4757e+02     1.2011      0.934      1.354    22.3444 0.0000e+00
      0.827     -0.457     9.0581    104.291    116.025 109.980709    16.6500     2.0691     0.1278     0.5499 1.6052e+02     1.2011      0.811      1.177    22.3552 0.0000e+00
      0.714     -0.413     9.0716    104.115    116.020 109.999431    16.6500     2.0615     0.1278     0.5499 1.7848e+02     1.3069      0.701      1.016    22.3636 0.0000e+00
      0.615     -0.370     9.0716    103.930    116.017 110.016620    16.6500     2.1302     0.1278     0.5499 1.8495e+02     1.3673      0.603      0.874    22.3715 0.0000e+00
      0.529     -0.331     9.0623    103.743    116.019 110.032862    16.3800     2.1225     0.1278     0.5076 1.8967e+02     1.4277      0.519      0.752    22.3802 0.0000e+00
      0.455     -0.300     9.0477    103.543    116.021 110.044490    16.3800     2.1264     0.1278     0.5076 1.8212e+02     1.4579      0.446      0.647    22.3900 0.0000e+00
      0.389     -0.281     9.0307    103.312    116.012 110.038613    16.3800     2.1073     0.1278     0.5076 1.6978e+02     1.4126      0.382      0.554    22.3999 0.0000e+00
      0.327     -0.274     9.0132    103.028    116.016 110.037655    16.3800     2.1340     0.1278     0.5076 1.6090e+02     1.2011      0.321      0.465    22.4085 0.0000e+00
      0.264     -0.278     8.9958    102.668    116.052 110.061353    16.3800     2.1340     0.1278     0.5076 1.7419e+02     1.1709      0.259      0.375    22.4150 0.0000e+00
      0.195     -0.288     8.9777    102.222    116.089 110.084038    16.4700     2.1149     0.1278     0.5499 2.0206e+02     1.2011      0.191      0.277    22.4191 0.0000e+00
      0.118     -0.298     8.9575    101.678    116.107 110.087767    16.4700     2.0997     0.1278     0.5499 2.7106e+02     1.1709      0.116      0.168    22.4203 0.0000e+00
      0.035     -0.302     8.9332    100.995    116.122 110.081531    16.4700     2.0729     0.1278     0.5499 3.8284e+02     1.5486      0.034      0.050    22.4183 0.0000e+00
     -0.050     -0.298     8.9027    100.090    116.143 110.063669    16.4700     2.0501     0.1278     0.5499 3.9023e+02     1.3975     -0.049     -0.071    22.4137 0.0000e+00
