Data/DataNotYetUploadedToEDI/Raw_CTD/RawDownloads/093024_ccr50_S8188003.cnv
* Sea-Bird SBE19plus  Data File:
* FileName = C:\R\Reservoirs\Data\DataNotYetUploadedToEDI\Raw_CTD\RawDownloads\093024_ccr88_S8188_0003.hex
* Software version 2.8.0.119
* Temperature SN = 8188
* Conductivity SN = 8188
* System UpLoad Time = Sep 30 2024 18:05:49
* <ApplicationData>
* <Seaterm232>
# nquan = 16
# nvalues = 1563                        
# units = specified
# name 0 = depFM: Depth [fresh water, m]
# name 1 = dz/dtM: Descent Rate [m/s]
# name 2 = sbeox0Mg/L: Oxygen, SBE 43 [mg/l]
# name 3 = sbeox0PS: Oxygen, SBE 43 [% saturation]
# name 4 = specc: Specific Conductance [uS/cm]
# name 5 = c0uS/cm: Conductivity [uS/cm]
# name 6 = wetCDOM: Fluorescence, WET Labs CDOM [mg/m^3]
# name 7 = flECO-AFL: Fluorescence, WET Labs ECO-AFL/FL [mg/m^3]
# name 8 = flECO-AFL1: Fluorescence, WET Labs ECO-AFL/FL, 2 [mg/m^3]
# name 9 = flECO-AFL2: Fluorescence, WET Labs ECO-AFL/FL, 3 [mg/m^3]
# name 10 = par/sat/log: PAR/Logarithmic, Satlantic
# name 11 = turbWETntu0: Turbidity, WET Labs ECO [NTU]
# name 12 = prdM: Pressure, Strain Gauge [db]
# name 13 = prdE: Pressure, Strain Gauge [psi]
# name 14 = tv290C: Temperature [ITS-90, deg C]
# name 15 = flag:  0.000e+00
# span 0 =     -0.500,     19.978       
# span 1 =     -0.639,      0.265       
# span 2 =    -0.3109,    10.3641       
# span 3 =     -2.935,    119.618       
# span 4 =   -616.212,    221.498       
# span 5 =-482.012775, 164.199717       
# span 6 =    -4.5000,    73.2600       
# span 7 =    -0.2846,     5.7962       
# span 8 =    -2.1300,     0.4686       
# span 9 =    -2.0304,     0.7191       
# span 10 = 1.1577e-01, 3.9023e+02      
# span 11 =    -1.0800,   149.7880      
# span 12 =     -0.491,     19.592      
# span 13 =     -0.711,     28.415      
# span 14 =    12.0639,    22.5134      
# span 15 = 0.0000e+00, 0.0000e+00      
# interval = seconds: 0.25
# start_time = Sep 30 2024 14:16:10 [Instrument's time stamp, header]
# bad_flag = -9.990e-29
*END*
[from data line 362]
      1.433      0.058     7.2462    110.096    116.081 110.186606    16.0200     2.1798     0.1278     0.5922 8.2682e+01     1.1709      1.405      2.039    22.4521 0.0000e+00
      1.448      0.057     7.7722    115.043    116.098 110.203511    16.0200     2.1912     0.1278     0.6768 8.2682e+01     1.2766      1.420      2.060    22.4536 0.0000e+00
      1.463      0.056     8.3793    118.252    116.102 110.207328    16.0200     2.2141     0.1278     0.6768 8.1187e+01     1.2011      1.435      2.081    22.4546 0.0000e+00
      1.477      0.055     8.9922    119.618    116.091 110.197074    16.0200     2.1950     0.1278     0.6768 8.1134e+01     1.1709      1.449      2.101    22.4553 0.0000e+00
      1.491      0.054     9.5392    119.310    116.081 110.188008    16.0200     2.1225     0.1278     0.6768 8.1169e+01     1.0652      1.462      2.120    22.4556 0.0000e+00
      1.504      0.054     9.9678    117.758    116.090 110.195709    16.0200     2.1378     0.1278     0.5076 8.0519e+01     1.1407      1.474      2.139    22.4558 0.0000e+00
      1.517      0.055    10.2458    115.536    116.114 110.218230    16.0200     2.1302     0.1278     0.5076 8.0240e+01     1.3975      1.487      2.157    22.4560 0.0000e+00
      1.530      0.057    10.3641    113.166    116.141 110.243583    16.0200     2.1531     0.1278     0.5076 8.0100e+01     1.1256      1.500      2.176    22.4561 0.0000e+00
      1.544      0.061    10.3375    110.973    116.152 110.252536    16.0200     2.1302     0.1278     0.5076 7.9424e+01     1.2615      1.514      2.196    22.4562 0.0000e+00
      1.560      0.065    10.2030    109.093    116.141 110.241480    16.0200     2.1225     0.1278     0.5076 7.8583e+01     1.1860      1.529      2.218    22.4561 0.0000e+00
      1.577      0.069    10.0105    107.550    116.122 110.221461    15.9300     2.1264     0.1704     0.5499 7.7296e+01     1.2162      1.546      2.243    22.4559 0.0000e+00
      1.596      0.072     9.8052    106.322    116.108 110.207133    15.9300     2.1111     0.1704     0.5499 7.5536e+01     1.1407      1.565      2.270    22.4556 0.0000e+00
      1.616      0.074     9.6154    105.360    116.098 110.196677    15.9300     2.1111     0.1704     0.5499 7.4299e+01     1.4277      1.584      2.298    22.4552 0.0000e+00
      1.636      0.073     9.4526    104.603    116.070 110.169308    15.9300     2.1149     0.1704     0.5499 7.2718e+01     1.4277      1.604      2.326    22.4547 0.0000e+00
      1.655      0.071     9.3190    103.993    116.014 110.115730    16.0200     2.1073     0.1704     0.5922 7.2167e+01     1.4277      1.623      2.354    22.4542 0.0000e+00
      1.674      0.067     9.2126    103.495    115.926 110.031651    16.0200     2.1340     0.1704     0.5922 7.0892e+01     1.5335      1.641      2.380    22.4537 0.0000e+00
      1.691      0.062     9.1294    103.106    115.780 109.892652    16.0200     2.1302     0.1704     0.5922 6.9474e+01     1.4277      1.658      2.405    22.4532 0.0000e+00
      1.706      0.055     9.0639    102.825    115.526 109.651668    16.0200     2.1225     0.1704     0.5922 6.9218e+01     1.4428      1.673      2.427    22.4528 0.0000e+00
      1.719      0.049     9.0110    102.639    115.100 109.246437    16.1100     2.0997     0.1704     0.5922 6.9188e+01     1.3673      1.686      2.445    22.4525 0.0000e+00
      1.730      0.043     8.9679    102.531    114.392 108.574895    16.1100     2.1302     0.1704     0.5922 6.9007e+01     1.3975      1.697      2.461    22.4522 0.0000e+00
      1.740      0.038     8.9342    102.488    113.209 107.451966    16.1100     2.1225     0.1704     0.5922 6.8753e+01     1.1407      1.706      2.475    22.4521 0.0000e+00
      1.749      0.035     8.9098    102.502    111.225 105.568206    16.1100     2.1264     0.1704     0.5922 6.8723e+01     1.2313      1.715      2.487    22.4520 0.0000e+00
      1.756      0.033     8.8937    102.565    107.912 102.423278    16.0200     2.1225     0.1278     0.5076 6.8499e+01     1.2918      1.722      2.498    22.4519 0.0000e+00
      1.764      0.033     8.8844    102.660    102.393  97.184532    16.0200     2.1378     0.1278     0.5076 6.8380e+01     1.2313      1.730      2.509    22.4519 0.0000e+00
      1.772      0.034     8.8807    102.767     93.210  88.466967    16.0200     2.1798     0.1278     0.5076 6.8262e+01     1.2615      1.737      2.519    22.4519 0.0000e+00
      1.780      0.038     8.8820    102.872     77.925  73.957893    16.0200     2.1683     0.1278     0.5076 6.8247e+01     1.3522      1.745      2.531    22.4519 0.0000e+00
      1.789      0.043     8.8874    102.960     52.450  49.776229    16.0200     2.1798     0.1278     0.5076 6.8262e+01     1.1558      1.754      2.544    22.4518 0.0000e+00
      1.799      0.049     8.8956    103.014      9.978   9.461535    16.0200     2.1569     0.1278     0.5076 6.7995e+01     1.2615      1.765      2.559    22.4516 0.0000e+00
      1.812      0.055     8.9050    103.015    -60.826 -57.746773    16.0200     2.1073     0.1278     0.5076 6.7539e+01     1.2011      1.777      2.578    22.4514 0.0000e+00
      1.828      0.062     8.9141    102.953   -178.842-169.768909    16.0200     2.1225     0.1278     0.5076 6.5188e+01     1.1558      1.793      2.600    22.4512 0.0000e+00
      1.845      0.069     8.9217    102.827   -375.536-356.473444    16.0200     2.1149     0.1278     0.5076 6.5047e+01     1.1407      1.810      2.625    22.4510 0.0000e+00
      1.864      0.075     8.9265    102.648   -498.487-473.181244    16.1100     2.1073     0.1278     0.5076 6.4793e+01     1.2464      1.828      2.651    22.4508 0.0000e+00
      1.884      0.081     8.9268    102.435   -375.576-356.513387    16.1100     2.0729     0.1278     0.5076 6.4065e+01     1.4277      1.847      2.679    22.4506 0.0000e+00
      1.905      0.085     8.9215    102.214   -178.883-169.811460    16.1100     2.0997     0.1278     0.5076 6.2362e+01     1.4730      1.869      2.710    22.4504 0.0000e+00
      1.928      0.088     8.9109    102.004    -60.842 -57.767292    16.1100     2.0577     0.1278     0.5076 6.1340e+01     1.4730      1.891      2.743    22.4502 0.0000e+00
      1.952      0.091     8.8956    101.820     10.008   9.483567    16.2900     2.0729     0.1278     0.6345 6.0664e+01     1.4579      1.915      2.777    22.4498 0.0000e+00
      1.976      0.093     8.8770    101.673     52.524  49.838690    16.2900     2.0768     0.1278     0.6345 5.9983e+01     1.5032      1.938      2.810    22.4494 0.0000e+00
      2.000      0.094     8.8577    101.562     78.014  74.033451    16.2900     2.0577     0.1278     0.6345 5.9013e+01     1.3824      1.961      2.845    22.4490 0.0000e+00
      2.024      0.095     8.8395    101.475     93.296  88.537781    16.2900     2.0501     0.1278     0.6345 5.8490e+01     1.5335      1.985      2.879    22.4485 0.0000e+00
      2.048      0.095     8.8236    101.397    102.471  97.245493    16.2000     2.0882     0.1278     0.4653 5.7444e+01     1.3975      2.009      2.914    22.4481 0.0000e+00
      2.073      0.096     8.8109    101.313    107.975 102.468647    16.2000     2.0615     0.1278     0.4653 5.6577e+01     1.4428      2.033      2.948    22.4476 0.0000e+00
      2.097      0.096     8.8013    101.216    111.266 105.590087    16.2000     2.0768     0.1278     0.4653 5.5905e+01     1.4428      2.057      2.983    22.4472 0.0000e+00
      2.122      0.095     8.7938    101.104    113.223 107.446194    16.2000     2.0844     0.1278     0.4653 5.5037e+01     1.5486      2.081      3.018    22.4467 0.0000e+00
      2.146      0.095     8.7872    100.976    114.387 108.549926    16.2000     2.0462     0.1278     0.4653 5.4348e+01     1.3673      2.105      3.053    22.4461 0.0000e+00
      2.171      0.094     8.7800    100.838    115.095 109.219603    16.3800     1.9318     0.1278     0.5922 5.3574e+01     1.4428      2.128      3.087    22.4455 0.0000e+00
      2.195      0.093     8.7717    100.713    115.521 109.621809    16.3800     1.9509     0.1278     0.5922 5.3203e+01     1.4579      2.152      3.121    22.4447 0.0000e+00
      2.218      0.092     8.7621    100.637    115.763 109.849803    16.3800     1.9700     0.1278     0.5922 5.2184e+01     1.3975      2.175      3.155    22.4440 0.0000e+00
      2.242      0.089     8.7511    100.656    115.917 109.994374    16.3800     1.9509     0.1278     0.5922 5.1140e+01     1.3975      2.199      3.189    22.4432 0.0000e+00
      2.265      0.086     8.7393    100.780    116.040 110.110070    16.3800     2.0195     0.1278     0.5076 5.0346e+01     1.4579      2.222      3.222    22.4424 0.0000e+00
      2.287      0.082     8.7286    100.963    116.123 110.187755    16.3800     1.9967     0.1278     0.5076 4.9942e+01     1.4126      2.243      3.253    22.4416 0.0000e+00
      2.307      0.079     8.7221    101.151    116.156 110.218154    16.3800     1.9661     0.1278     0.5076 4.9791e+01     1.4428      2.263      3.282    22.4408 0.0000e+00
      2.326      0.077     8.7239    101.308    116.148 110.209374    16.3800     2.0195     0.1278     0.5076 4.9758e+01     1.4881      2.281      3.309    22.4401 0.0000e+00
      2.345      0.075     8.7348    101.417    116.107 110.169070    16.2900     1.9051     0.1278     0.5076 4.9489e+01     1.3975      2.299      3.335    22.4396 0.0000e+00
      2.363      0.074     8.7507    101.482    116.055 110.118485    16.2900     1.8708     0.1278     0.5076 4.9135e+01     1.4126      2.317      3.361    22.4391 0.0000e+00
      2.382      0.074     8.7670    101.503    116.014 110.078118    16.2900     1.8593     0.1278     0.5076 4.8330e+01     1.5486      2.336      3.388    22.4387 0.0000e+00
      2.401      0.073     8.7808    101.454    115.981 110.045202    16.2900     1.8860     0.1278     0.5076 4.7549e+01     1.5032      2.355      3.415    22.4382 0.0000e+00
      2.420      0.072     8.7903    101.330    115.950 110.014957    16.2900     1.7907     0.1278     0.5076 4.6974e+01     1.3522      2.374      3.443    22.4376 0.0000e+00
      2.439      0.069     8.7960    101.150    115.939 110.003311    16.3800     1.8135     0.1278     0.5499 4.6456e+01     1.4277      2.392      3.470    22.4369 0.0000e+00
      2.457      0.065     8.7979    100.960    115.956 110.019154    16.3800     1.8593     0.1278     0.5499 4.5636e+01     1.4881      2.410      3.495    22.4363 0.0000e+00
      2.473      0.061     8.7938    100.809    115.982 110.042718    16.3800     1.8288     0.1278     0.5499 4.5507e+01     1.4428      2.426      3.518    22.4357 0.0000e+00
      2.488      0.056     8.7831    100.715    115.988 110.048298    16.3800     1.8898     0.1278     0.5499 4.5596e+01     1.3975      2.440      3.539    22.4351 0.0000e+00
      2.501      0.051     8.7676    100.668    115.986 110.045378    16.3800     1.9013     0.1278     0.4653 4.5261e+01     1.3522      2.453      3.558    22.4347 0.0000e+00
      2.513      0.046     8.7512    100.660    115.998 110.057172    16.3800     1.9013     0.1278     0.4653 4.4898e+01     1.4277      2.465      3.575    22.4344 0.0000e+00
      2.524      0.043     8.7382    100.697    116.013 110.070831    16.3800     1.8937     0.1278     0.4653 4.4801e+01     1.4881      2.476      3.590    22.4342 0.0000e+00
      2.534      0.040     8.7300    100.781    116.013 110.070003    16.3800     1.8288     0.1278     0.4653 4.4830e+01     1.1709      2.485      3.605    22.4340 0.0000e+00
      2.544      0.039     8.7260    100.909    116.009 110.066464    16.2900     1.8059     0.0852     0.5499 4.4626e+01     1.1860      2.495      3.618    22.4338 0.0000e+00
      2.553      0.039     8.7253    101.066    116.011 110.067268    16.2900     1.8021     0.0852     0.5499 4.4665e+01     1.3220      2.503      3.630    22.4337 0.0000e+00
      2.562      0.040     8.7285    101.212    116.005 110.060633    16.2900     1.8135     0.0852     0.5499 4.4791e+01     1.0803      2.512      3.643    22.4336 0.0000e+00
      2.571      0.043     8.7358    101.305    115.978 110.032793    16.2900     1.8288     0.0852     0.5499 4.4771e+01     1.2918      2.522      3.657    22.4335 0.0000e+00
      2.582      0.047     8.7470    101.328    115.933 109.988320    16.2900     1.7983     0.1278     0.6345 4.4674e+01     1.1860      2.532      3.673    22.4333 0.0000e+00
      2.595      0.050     8.7606    101.288    115.900 109.955341    16.2900     1.7983     0.1278     0.6345 4.3857e+01     1.2162      2.545      3.691    22.4330 0.0000e+00
      2.609      0.053     8.7734    101.200    115.895 109.949055    16.2900     1.8402     0.1278     0.6345 4.3082e+01     1.2918      2.559      3.711    22.4325 0.0000e+00
      2.624      0.055     8.7815    101.081    115.912 109.963786    16.2900     1.9356     0.1278     0.6345 4.2802e+01     1.4126      2.573      3.732    22.4318 0.0000e+00
      2.638      0.056     8.7837    100.943    115.930 109.979469    16.2900     1.9089     0.1278     0.6345 4.2617e+01     1.4277      2.587      3.753    22.4310 0.0000e+00
      2.652      0.056     8.7803    100.796    115.940 109.988291    16.4700     1.9280     0.1278     0.4230 4.2423e+01     1.4579      2.601      3.773    22.4302 0.0000e+00
      2.666      0.056     8.7727    100.668    115.946 109.992605    16.4700     1.9585     0.1278     0.4230 4.2046e+01     1.3824      2.615      3.793    22.4296 0.0000e+00
      2.680      0.055     8.7626    100.584    115.932 109.977565    16.4700     1.9204     0.1278     0.4230 4.1637e+01     1.3975      2.629      3.813    22.4290 0.0000e+00
      2.694      0.055     8.7507    100.547    115.914 109.959155    16.4700     1.9204     0.1278     0.4230 4.1502e+01     1.4126      2.643      3.833    22.4284 0.0000e+00
      2.709      0.054     8.7381    100.539    115.908 109.952458    16.2900     1.9509     0.1278     0.5922 4.1250e+01     1.4277      2.656      3.853    22.4279 0.0000e+00
      2.723      0.053     8.7271    100.539    115.900 109.943692    16.2900     1.9471     0.1278     0.5922 4.0618e+01     1.4428      2.670      3.873    22.4273 0.0000e+00
      2.737      0.051     8.7199    100.531    115.895 109.938518    16.2900     1.8212     0.1278     0.5922 4.0101e+01     1.5335      2.684      3.892    22.4267 0.0000e+00
      2.750      0.049     8.7168    100.516    115.912 109.955550    16.2900     1.8441     0.1278     0.5922 4.0049e+01     1.4730      2.697      3.911    22.4260 0.0000e+00
      2.762      0.046     8.7162    100.497    115.946 109.987332    16.2900     1.8097     0.0852     0.4653 3.9927e+01     1.4730      2.708      3.928    22.4255 0.0000e+00
      2.773      0.044     8.7163    100.472    115.965 110.006352    16.2900     1.7945     0.0852     0.4653 3.9858e+01     1.4277      2.719      3.943    22.4251 0.0000e+00
      2.783      0.043     8.7156    100.440    115.964 110.005685    16.2900     1.9280     0.0852     0.4653 3.9737e+01     1.4277      2.729      3.958    22.4250 0.0000e+00
      2.793      0.043     8.7143    100.412    115.946 109.989154    16.2900     1.9356     0.0852     0.4653 3.9719e+01     1.3975      2.739      3.973    22.4250 0.0000e+00
      2.804      0.044     8.7126    100.395    115.920 109.964345    16.2900     1.9280     0.0852     0.4653 3.9538e+01     1.4126      2.750      3.988    22.4251 0.0000e+00
      2.815      0.046     8.7104    100.381    115.904 109.948634    16.2000     1.9661     0.1704     0.6345 3.9530e+01     1.5032      2.761      4.004    22.4253 0.0000e+00
      2.827      0.048     8.7076    100.364    115.893 109.937832    16.2000     1.9394     0.1704     0.6345 3.8714e+01     1.4579      2.773      4.021    22.4254 0.0000e+00
