Data/DataNotYetUploadedToEDI/Raw_CTD/RawDownloads/093024_ccr90_S8188002.cnv
* Sea-Bird SBE19plus  Data File:
* FileName = C:\R\Reservoirs\Data\DataNotYetUploadedToEDI\Raw_CTD\RawDownloads\093024_ccr88_S8188_0002.hex
* Software version 2.8.0.119
* Temperature SN = 8188
* Conductivity SN = 8188
* System UpLoad Time = Sep 30 2024 18:05:22
* <ApplicationData>
* <Seaterm232>
# nquan = 16
# nvalues = 787                         
# units = specified
# name 0 = depFM: Depth [fresh water, m]
# name 1 = dz/dtM: Descent Rate [m/s]
# name 2 = sbeox0Mg/L: Oxygen, SBE 43 [mg/l]
# name 3 = sbeox0PS: Oxygen, SBE 43 [% saturation]
# name 4 = specc: Specific Conductance [uS/cm]
# name 5 = c0uS/cm: Conductivity [uS/cm]
# name 6 = wetCDOM: Fluorescence, WET Labs CDOM [mg/m^3]
# name 7 = flECO-AFL: Fluorescence, WET Labs ECO-AFL/FL [mg/m^3]
# name 8 = flECO-AFL1: Fluorescence, WET Labs ECO-AFL/FL, 2 [mg/m^3]
# name 9 = flECO-AFL2: Fluorescence, WET Labs ECO-AFL/FL, 3 [mg/m^3]
# name 10 = par/sat/log: PAR/Logarithmic, Satlantic
# name 11 = turbWETntu0: Turbidity, WET Labs ECO [NTU]
# name 12 = prdM: Pressure, Strain Gauge [db]
# name 13 = prdE: Pressure, Strain Gauge [psi]
# name 14 = tv290C: Temperature [ITS-90, deg C]
# name 15 = flag:  0.000e+00
# span 0 =     -0.500,      3.949       
# span 1 =     -0.399,      0.155       
# span 2 =     4.6064,     9.7118       
# span 3 =     52.470,    111.595       
# span 4 =      7.021,    114.589       
# span 5 =   6.657389, 108.670139       
# span 6 =    -4.5000,    57.8700       
# span 7 =    -0.3380,     3.3280       
# span 8 =    -2.1300,     0.1704       
# span 9 =    -2.0304,     2.3265       
# span 10 = 1.0992e+01, 2.1501e+02      
# span 11 =     0.6422,    26.8367      
# span 12 =     -0.490,      3.873      
# span 13 =     -0.711,      5.617      
# span 14 =    21.7056,    22.4225      
# span 15 = 0.0000e+00, 0.0000e+00      
# interval = seconds: 0.25
# start_time = Sep 30 2024 10:23:14 [Instrument's time stamp, header]
# bad_flag = -9.990e-29
*END*
[from data line 272]
      0.486      0.000     4.6124     52.776    113.436 106.107472    17.7300     1.9928     0.1278     0.5076 1.0302e+02     1.7147      0.476      0.691    21.7694 0.0000e+00
      0.486      0.000     4.6174     52.845    113.445 106.112410    17.7300     2.1454     0.1278     0.5499 1.0365e+02     1.7903      0.476      0.691    21.7681 0.0000e+00
      0.486     -0.001     4.6229     52.929    113.443 106.106783    17.7300     2.1378     0.1278     0.5499 1.0336e+02     1.6845      0.476      0.691    21.7669 0.0000e+00
      0.486     -0.001     4.6283     53.046    113.437 106.097088    17.7300     2.0997     0.1278     0.5499 1.0320e+02     1.6392      0.476      0.690    21.7657 0.0000e+00
      0.485     -0.002     4.6340     53.219    113.433 106.088734    17.7300     2.1607     0.1278     0.5499 1.0363e+02     1.6996      0.476      0.690    21.7644 0.0000e+00
      0.485     -0.002     4.6402     53.462    113.436 106.087489    17.6400     2.0081     0.1278     0.5076 1.0282e+02     1.8054      0.475      0.689    21.7630 0.0000e+00
      0.484     -0.002     4.6477     53.761    113.446 106.093020    17.6400     1.9700     0.1278     0.5076 1.0302e+02     1.6543      0.475      0.688    21.7615 0.0000e+00
      0.483     -0.002     4.6582     54.068    113.454 106.098808    17.6400     2.0005     0.1278     0.5076 1.0483e+02     1.6845      0.474      0.687    21.7596 0.0000e+00
      0.483     -0.001     4.6736     54.324    113.454 106.098398    17.6400     1.9928     0.1278     0.5076 1.0487e+02     1.6845      0.473      0.686    21.7576 0.0000e+00
      0.482      0.000     4.6951     54.486    113.446 106.091683    17.6400     1.9280     0.1278     0.5076 1.0503e+02     1.6694      0.473      0.686    21.7555 0.0000e+00
      0.482      0.001     4.7214     54.541    113.442 106.088864    17.7300     1.9509     0.1704     0.5499 1.0515e+02     1.7147      0.473      0.686    21.7540 0.0000e+00
      0.483      0.002     4.7485     54.489    113.446 106.093189    17.7300     1.9356     0.1704     0.5499 1.0467e+02     1.6996      0.473      0.687    21.7533 0.0000e+00
      0.484      0.003     4.7709     54.337    113.449 106.097815    17.7300     1.9356     0.1704     0.5499 1.0478e+02     1.6241      0.474      0.688    21.7531 0.0000e+00
      0.484      0.003     4.7852     54.098    113.448 106.099978    17.7300     1.9585     0.1704     0.5499 1.0565e+02     1.7752      0.475      0.689    21.7532 0.0000e+00
      0.485      0.004     4.7900     53.811    113.446 106.100254    17.7300     1.9356     0.1278     0.5499 1.0505e+02     1.6543      0.476      0.690    21.7535 0.0000e+00
      0.486      0.004     4.7854     53.533    113.443 106.098718    17.7300     1.9471     0.1278     0.5499 1.0318e+02     1.6845      0.477      0.692    21.7540 0.0000e+00
      0.487      0.003     4.7719     53.308    113.442 106.098958    17.7300     1.9127     0.1278     0.5499 1.0347e+02     1.7449      0.478      0.693    21.7549 0.0000e+00
      0.488      0.003     4.7508     53.151    113.447 106.105035    17.7300     2.0234     0.1278     0.5499 1.0320e+02     1.6694      0.479      0.695    21.7560 0.0000e+00
      0.489      0.003     4.7255     53.054    113.452 106.110575    17.7300     2.0234     0.1278     0.4653 1.0271e+02     1.7449      0.480      0.696    21.7570 0.0000e+00
      0.490      0.003     4.7010     53.002    113.449 106.109059    17.7300     1.9814     0.1278     0.4653 1.0295e+02     1.6845      0.481      0.697    21.7578 0.0000e+00
      0.490      0.003     4.6812     52.996    113.442 106.104081    17.7300     1.9967     0.1278     0.4653 1.0342e+02     1.6543      0.481      0.698    21.7584 0.0000e+00
      0.491      0.002     4.6674     53.036    113.439 106.102308    17.7300     1.9432     0.1278     0.4653 1.0304e+02     1.9715      0.482      0.699    21.7590 0.0000e+00
      0.492      0.002     4.6588     53.110    113.439 106.103269    17.7300     1.9356     0.1278     0.5076 1.0363e+02     1.9111      0.483      0.699    21.7595 0.0000e+00
      0.492      0.002     4.6541     53.210    113.439 106.103221    17.7300     1.9356     0.1278     0.5076 1.0446e+02     1.9715      0.483      0.700    21.7601 0.0000e+00
      0.493      0.001     4.6536     53.340    113.440 106.102153    17.7300     1.9356     0.1278     0.5076 1.0396e+02     1.9715      0.484      0.701    21.7606 0.0000e+00
      0.493      0.001     4.6570     53.503    113.440 106.099779    17.7300     1.9013     0.1278     0.5076 1.0378e+02     1.6090      0.484      0.702    21.7610 0.0000e+00
      0.493      0.000     4.6635     53.684    113.448 106.103461    17.7300     1.8860     0.1278     0.5076 1.0451e+02     1.6241      0.484      0.702    21.7613 0.0000e+00
      0.493      0.000     4.6723     53.863    113.465 106.114182    17.6400     1.8975     0.0852     0.5499 1.0374e+02     1.6392      0.484      0.702    21.7612 0.0000e+00
      0.493     -0.001     4.6838     54.017    113.474 106.118809    17.6400     1.8822     0.0852     0.5499 1.0378e+02     1.7601      0.484      0.701    21.7606 0.0000e+00
      0.493     -0.001     4.6983     54.131    113.474 106.114577    17.6400     1.9890     0.0852     0.5499 1.0424e+02     1.6845      0.483      0.701    21.7594 0.0000e+00
      0.493     -0.001     4.7143     54.206    113.471 106.108352    17.6400     2.0005     0.0852     0.5499 1.0367e+02     1.6090      0.483      0.701    21.7576 0.0000e+00
      0.492     -0.001     4.7302     54.258    113.474 106.106472    17.6400     2.0081     0.1278     0.5076 1.0374e+02     1.7601      0.483      0.700    21.7556 0.0000e+00
      0.492     -0.001     4.7439     54.311    113.481 106.108434    17.6400     1.9928     0.1278     0.5076 1.0414e+02     1.7449      0.483      0.700    21.7538 0.0000e+00
      0.492     -0.001     4.7540     54.391    113.494 106.114762    17.6400     2.0157     0.1278     0.5076 1.0399e+02     1.6241      0.483      0.700    21.7521 0.0000e+00
      0.492     -0.001     4.7608     54.517    113.517 106.131141    17.6400     1.9928     0.1278     0.5076 1.0480e+02     1.7752      0.482      0.700    21.7504 0.0000e+00
      0.491     -0.002     4.7655     54.696    113.544 106.149943    17.6400     2.0157     0.0852     0.5076 1.0574e+02     1.6996      0.482      0.699    21.7485 0.0000e+00
      0.491     -0.002     4.7703     54.938    113.557 106.156195    17.6400     1.9623     0.0852     0.5076 1.0515e+02     1.7147      0.481      0.698    21.7463 0.0000e+00
      0.490     -0.003     4.7776     55.246    113.554 106.147563    17.6400     1.9509     0.0852     0.5076 1.0460e+02     1.7903      0.481      0.697    21.7439 0.0000e+00
      0.490     -0.003     4.7889     55.603    113.544 106.133741    17.6400     1.9280     0.0852     0.5076 1.0478e+02     1.7147      0.480      0.696    21.7414 0.0000e+00
      0.489     -0.003     4.8049     55.966    113.532 106.119037    17.6400     1.9280     0.0852     0.5076 1.0478e+02     1.6845      0.479      0.695    21.7389 0.0000e+00
      0.487     -0.003     4.8264     56.280    113.522 106.107527    17.6400     1.9585     0.1278     0.5499 1.0553e+02     1.6996      0.478      0.693    21.7363 0.0000e+00
      0.486     -0.002     4.8537     56.497    113.523 106.108134    17.6400     2.0997     0.1278     0.5499 1.0627e+02     1.7449      0.477      0.691    21.7337 0.0000e+00
      0.486     -0.002     4.8853     56.596    113.532 106.117023    17.6400     2.0539     0.1278     0.5499 1.0599e+02     1.6845      0.476      0.690    21.7315 0.0000e+00
      0.485     -0.001     4.9173     56.583    113.539 106.124571    17.6400     2.0348     0.1278     0.5499 1.0558e+02     1.6543      0.476      0.690    21.7300 0.0000e+00
      0.485     -0.000     4.9450     56.472    113.538 106.124793    17.6400     2.0386     0.1278     0.5499 1.0618e+02     1.7449      0.476      0.690    21.7292 0.0000e+00
      0.485      0.001     4.9641     56.275    113.526 106.117751    17.6400     2.0577     0.1278     0.5499 1.0650e+02     1.8205      0.476      0.690    21.7290 0.0000e+00
      0.485      0.001     4.9728     56.008    113.512 106.109560    17.6400     2.0310     0.1278     0.5499 1.0694e+02     1.6543      0.476      0.690    21.7290 0.0000e+00
      0.486      0.001     4.9716     55.699    113.496 106.102037    17.6400     2.0653     0.1278     0.5499 1.0708e+02     1.6845      0.476      0.691    21.7293 0.0000e+00
      0.486      0.000     4.9618     55.398    113.483 106.097172    17.7300     2.0729     0.1278     0.4653 1.0496e+02     1.6392      0.477      0.692    21.7302 0.0000e+00
      0.487     -0.001     4.9444     55.173    113.474 106.097667    17.7300     2.0234     0.1278     0.4653 1.0394e+02     1.6996      0.478      0.693    21.7318 0.0000e+00
      0.487     -0.003     4.9207     55.075    113.468 106.099657    17.7300     1.9852     0.1278     0.4653 1.0271e+02     1.6845      0.478      0.693    21.7342 0.0000e+00
      0.486     -0.006     4.8932     55.114    113.457 106.095676    17.7300     1.9928     0.1278     0.4653 1.0286e+02     1.6543      0.477      0.692    21.7372 0.0000e+00
      0.484     -0.009     4.8665     55.250    113.444 106.088660    17.7300     2.0081     0.1278     0.5076 1.0521e+02     1.7147      0.475      0.688    21.7408 0.0000e+00
      0.480     -0.011     4.8463     55.420    113.439 106.088734    17.7300     2.0043     0.1278     0.5076 1.0738e+02     1.6694      0.471      0.684    21.7445 0.0000e+00
      0.477     -0.014     4.8374     55.564    113.439 106.095917    17.7300     2.0386     0.1278     0.5076 1.0806e+02     1.5939      0.468      0.678    21.7479 0.0000e+00
      0.473     -0.016     4.8405     55.638    113.443 106.108126    17.7300     1.9852     0.1278     0.5076 1.0842e+02     1.6845      0.464      0.673    21.7506 0.0000e+00
      0.469     -0.018     4.8523     55.627    113.451 106.124620    17.7300     1.9890     0.1278     0.5076 1.0823e+02     1.8054      0.460      0.667    21.7529 0.0000e+00
      0.465     -0.021     4.8670     55.549    113.451 106.133807    17.6400     2.0615     0.1278     0.4653 1.0908e+02     1.9413      0.456      0.662    21.7552 0.0000e+00
      0.460     -0.026     4.8794     55.461    113.439 106.130139    17.6400     2.0806     0.1278     0.4653 1.0932e+02     1.9715      0.451      0.654    21.7581 0.0000e+00
      0.454     -0.034     4.8856     55.452    113.439 106.132631    17.6400     2.0691     0.1278     0.4653 1.0825e+02     1.9111      0.445      0.645    21.7618 0.0000e+00
      0.446     -0.045     4.8841     55.632    113.463 106.153940    17.6400     2.0577     0.1278     0.4653 1.0629e+02     1.9111      0.437      0.634    21.7661 0.0000e+00
      0.435     -0.058     4.8769     56.123    113.513 106.191753    17.7300     1.8937     0.0852     0.5076 1.0480e+02     1.6392      0.426      0.618    21.7701 0.0000e+00
      0.420     -0.075     4.8689     57.024    113.590 106.248157    17.7300     1.8708     0.0852     0.5076 1.0467e+02     1.6392      0.411      0.597    21.7731 0.0000e+00
      0.399     -0.094     4.8680     58.331    113.687 106.320202    17.7300     1.8898     0.0852     0.5076 1.0385e+02     1.6241      0.391      0.568    21.7745 0.0000e+00
      0.373     -0.113     4.8840     59.889    113.786 106.395114    17.7300     1.8975     0.0852     0.5076 1.1377e+02     1.6845      0.366      0.531    21.7737 0.0000e+00
      0.341     -0.130     4.9274     61.471    113.861 106.454888    17.6400     1.8212     0.1278     0.5499 1.2582e+02     1.6996      0.334      0.484    21.7699 0.0000e+00
      0.303     -0.144     5.0072     62.889    113.892 106.483479    17.6400     1.8097     0.1278     0.5499 1.3594e+02     1.7601      0.297      0.431    21.7630 0.0000e+00
      0.261     -0.152     5.1227     64.054    113.873 106.480515    17.6400     1.8135     0.1278     0.5499 1.5544e+02     1.7449      0.256      0.371    21.7546 0.0000e+00
      0.218     -0.153     5.2603     64.981    113.829 106.475190    17.6400     1.8174     0.1278     0.5499 1.6094e+02     1.6543      0.213      0.309    21.7472 0.0000e+00
      0.175     -0.145     5.3997     65.750    113.794 106.508063    17.6400     1.8402     0.1278     0.4653 1.8495e+02     1.6241      0.171      0.248    21.7426 0.0000e+00
      0.135     -0.130     5.5242     66.486    113.775 106.593899    17.6400     1.8746     0.1278     0.4653 2.1310e+02     1.6845      0.132      0.191    21.7425 0.0000e+00
      0.101     -0.108     5.6258     67.329    113.760 106.721610    17.6400     1.8746     0.1278     0.4653 2.1241e+02     1.6694      0.099      0.143    21.7492 0.0000e+00
      0.075     -0.082     5.7053     68.388    113.751 106.871286    17.6400     1.8860     0.1278     0.4653 2.1375e+02     1.6090      0.073      0.106    21.7649 0.0000e+00
      0.058     -0.055     5.7695     69.715    113.747 107.022879    17.6400     1.8708     0.1278     0.4653 2.1297e+02     1.6845      0.056      0.082    21.7934 0.0000e+00
      0.049     -0.027     5.8288     71.297    113.742 107.158850    17.8200     1.8784     0.1278     0.5499 2.1501e+02     1.6543      0.048      0.069    21.8391 0.0000e+00
      0.047     -0.002     5.8954     73.095    113.728 107.267487    17.8200     1.8517     0.1278     0.5499 2.1338e+02     1.6845      0.046      0.067    21.9011 0.0000e+00
      0.051      0.020     5.9801     75.099    113.710 107.349777    17.8200     1.8593     0.1278     0.5499 2.1218e+02     1.7903      0.051      0.073    21.9707 0.0000e+00
      0.061      0.038     6.0880     77.298    113.701 107.419672    17.8200     1.8898     0.1278     0.5499 2.1292e+02     1.6543      0.060      0.087    22.0388 0.0000e+00
      0.074      0.053     6.2187     79.593    113.702 107.481820    17.7300     1.8479     0.1278     0.4230 2.0880e+02     1.5939      0.073      0.106    22.1010 0.0000e+00
      0.091      0.064     6.3690     81.800    113.707 107.536801    17.7300     1.8784     0.1278     0.4230 1.8411e+02     1.6543      0.089      0.130    22.1545 0.0000e+00
      0.109      0.074     6.5383     83.744    113.722 107.593282    17.7300     1.8784     0.1278     0.4230 1.8600e+02     1.6694      0.107      0.156    22.1979 0.0000e+00
      0.130      0.081     6.7255     85.302    113.741 107.646336    17.7300     1.8822     0.1278     0.4230 1.7059e+02     1.6845      0.127      0.185    22.2323 0.0000e+00
      0.152      0.087     6.9216     86.415    113.765 107.698115    17.7300     1.8441     0.1278     0.5922 1.6111e+02     1.6996      0.149      0.216    22.2596 0.0000e+00
      0.175      0.091     7.1107     87.115    113.819 107.774423    17.7300     1.8860     0.1278     0.5922 1.6070e+02     1.6543      0.172      0.249    22.2817 0.0000e+00
      0.200      0.094     7.2772     87.590    113.913 107.887614    17.7300     1.8898     0.1278     0.5922 1.4951e+02     1.6845      0.196      0.284    22.2999 0.0000e+00
      0.225      0.095     7.4106     88.233    114.014 108.009897    17.7300     1.8517     0.1278     0.5922 1.4272e+02     1.6241      0.220      0.320    22.3152 0.0000e+00
      0.250      0.095     7.5055     89.587    114.096 108.113907    17.7300     1.8135     0.1278     0.5922 1.3438e+02     1.8960      0.245      0.355    22.3281 0.0000e+00
      0.274      0.094     7.5647     92.037    114.162 108.201393    17.7300     1.8021     0.1278     0.5499 1.2725e+02     2.0471      0.269      0.390    22.3392 0.0000e+00
      0.298      0.091     7.6044     95.500    114.211 108.267699    17.7300     1.8212     0.1278     0.5499 1.1734e+02     2.0169      0.293      0.425    22.3499 0.0000e+00
