Data/DataNotYetUploadedToEDI/Raw_CTD/RawDownloads/100124_fcr20_S7809002.cnv
* Sea-Bird SBE19plus  Data File:
* FileName = C:\R\Reservoirs\Data\DataNotYetUploadedToEDI\Raw_CTD\RawDownloads\100124_fcr10_S7809_0002.hex
* Software version 2.8.0.119
* Temperature SN = 7809
* Conductivity SN = 7809
* System UpLoad Time = Oct 01 2024 17:23:03
* <ApplicationData>
* <Seaterm232>
# nquan = 15
# nvalues = 765                         
# units = specified
# name 0 = depFM: Depth [fresh water, m]
# name 1 = dz/dtM: Descent Rate [m/s]
# name 2 = sbeox0Mg/L: Oxygen, SBE 43 [mg/l]
# name 3 = sbeox0PS: Oxygen, SBE 43 [% saturation]
# name 4 = specc: Specific Conductance [uS/cm]
# name 5 = c0uS/cm: Conductivity [uS/cm]
# name 6 = flECO-AFL: Fluorescence, WET Labs ECO-AFL/FL [mg/m^3]
# name 7 = ph: pH
# name 8 = orp: Oxidation Reduction Potential [mV]
# name 9 = par/sat/log: PAR/Logarithmic, Satlantic
# name 10 = turbWETntu0: Turbidity, WET Labs ECO [NTU]
# name 11 = prdM: Pressure, Strain Gauge [db]
# name 12 = prdE: Pressure, Strain Gauge [psi]
# name 13 = tv290C: Temperature [ITS-90, deg C]
# name 14 = flag:  0.000e+00
# span 0 =     -0.670,      2.958       
# span 1 =     -0.332,      0.271       
# span 2 =     2.8259,     8.6649       
# span 3 =     31.570,     97.037       
# span 4 =      1.370,     43.594       
# span 5 =   1.239503,  39.362116       
# span 6 =    -0.1342,    61.9733       
# span 7 =      7.660,      8.156       
# span 8 =   190.9771,   670.1010       
# span 9 = 4.1496e+00, 5.1322e+02       
# span 10 =     0.7443,   237.5530      
# span 11 =     -0.657,      2.901      
# span 12 =     -0.953,      4.207      
# span 13 =    20.1003,    21.0919      
# span 14 = 0.0000e+00, 0.0000e+00      
# interval = seconds: 0.25
# start_time = Oct 01 2024 10:07:28 [Instrument's time stamp, header]
# bad_flag = -9.990e-29
*END*
[from data line 97]
     -0.043      0.002     6.1488     68.881     40.134  36.976631     3.5587      7.925   217.8528 2.6359e+02     5.9689     -0.042     -0.061    21.0616 0.0000e+00
     -0.044      0.002     6.1657     68.834     40.116  36.960357     3.5594      7.927   217.7457 2.6267e+02     5.9645     -0.044     -0.063    21.0617 0.0000e+00
     -0.045      0.001     6.1529     68.806     40.109  36.954068     3.5702      7.930   217.4908 2.6164e+02     6.0044     -0.044     -0.063    21.0620 0.0000e+00
     -0.044      0.000     6.1399     68.743     40.120  36.964044     3.5902      7.933   217.3527 2.5939e+02     6.1096     -0.044     -0.063    21.0622 0.0000e+00
     -0.043      0.000     6.1303     68.625     40.109  36.954068     3.6093      7.936   217.3672 2.5681e+02     6.2122     -0.042     -0.061    21.0622 0.0000e+00
     -0.043      0.000     6.1274     68.461     40.116  36.960356     3.6187      7.937   217.3215 2.5621e+02     6.2538     -0.041     -0.060    21.0620 0.0000e+00
     -0.043      0.001     6.1270     68.250     40.134  36.976621     3.6121      7.938   217.2295 2.5793e+02     6.2033     -0.042     -0.060    21.0617 0.0000e+00
     -0.044      0.001     6.1224     67.962     40.117  36.960366     3.5963      7.940   217.3734 2.6012e+02     6.0791     -0.044     -0.062    21.0615 0.0000e+00
     -0.045      0.001     6.1104     67.565     40.112  36.954177     3.5935      7.943   217.6851 2.6002e+02     5.9825     -0.045     -0.065    21.0615 0.0000e+00
     -0.043      0.001     6.0968     67.116     40.124  36.965245     3.6123      7.944   217.8147 2.5822e+02     5.9917     -0.042     -0.061    21.0617 0.0000e+00
     -0.041      0.001     6.0778     66.718     40.126  36.967283     3.6323      7.944   217.7367 2.5753e+02     6.0541     -0.038     -0.056    21.0614 0.0000e+00
     -0.041      0.001     6.0555     66.450     40.139  36.978814     3.6268      7.946   217.4300 2.5791e+02     6.0534     -0.039     -0.057    21.0605 0.0000e+00
     -0.042      0.001     6.0174     66.355     40.138  36.977764     3.6042      7.948   214.8809 2.5816e+02     5.9827     -0.041     -0.059    21.0596 0.0000e+00
     -0.043      0.000     5.9731     66.350     40.113  36.954587     3.6009      7.950   210.0594 2.5772e+02     5.9510     -0.043     -0.061    21.0585 0.0000e+00
     -0.043     -0.001     5.9370     66.305     40.110  36.952393     3.6201      7.952   206.9719 2.5599e+02     5.9783     -0.042     -0.062    21.0583 0.0000e+00
     -0.042     -0.001     5.9091     66.165     40.109  36.951239     3.6696      7.954   206.1152 2.5459e+02     5.9703     -0.041     -0.060    21.0583 0.0000e+00
     -0.042      0.000     5.9049     65.916     40.098  36.940638     3.7416      7.955   205.6383 2.5485e+02     5.9231     -0.040     -0.059    21.0581 0.0000e+00
     -0.042      0.000     5.9096     65.564     40.110  36.951117     3.7741      7.956   205.3349 2.5529e+02     5.8854     -0.041     -0.059    21.0582 0.0000e+00
     -0.043      0.000     5.9067     65.155     40.111  36.951030     3.7798      7.958   205.1147 2.5520e+02     5.8904     -0.042     -0.061    21.0578 0.0000e+00
     -0.043     -0.001     5.8941     64.715     40.100  36.939587     3.8028      7.959   204.8685 2.5463e+02     5.9501     -0.042     -0.061    21.0579 0.0000e+00
     -0.043     -0.001     5.8729     64.251     40.101  36.939673     3.8187      7.961   204.6809 2.5342e+02     5.9573     -0.042     -0.061    21.0580 0.0000e+00
     -0.042      0.000     5.8388     63.801     40.116  36.952058     3.8133      7.965   204.5679 2.5278e+02     5.9095     -0.041     -0.060    21.0576 0.0000e+00
     -0.042 -4.055e-08     5.8017     63.411     40.128  36.962432     3.8134      7.967   204.4483 2.5299e+02     5.8843     -0.042     -0.060    21.0566 0.0000e+00
     -0.043 -4.460e-07     5.7636     63.106     40.103  36.938194     3.8282      7.968   204.6111 2.5315e+02     5.8917     -0.042     -0.061    21.0549 0.0000e+00
     -0.043      0.000     5.7207     62.861     40.077  36.912813     3.8341      7.969   207.9126 2.5269e+02     5.9305     -0.042     -0.061    21.0531 0.0000e+00
     -0.042      0.000     5.6793     62.614     40.076  36.909363     3.8094      7.970   214.8560 2.5109e+02     5.9437     -0.041     -0.060    21.0519 0.0000e+00
     -0.042     -0.001     5.6437     62.337     40.064  36.896473     3.7793      7.974   219.7310 2.4926e+02     5.9154     -0.041     -0.059    21.0508 0.0000e+00
     -0.042     -0.002     5.6172     62.031     40.053  36.883868     3.7702      7.978   220.5670 2.4812e+02     5.8614     -0.041     -0.059    21.0494 0.0000e+00
     -0.043     -0.002     5.5984     61.669     40.056  36.883858     3.7487      7.981   220.1464 2.4807e+02     5.8706     -0.042     -0.061    21.0474 0.0000e+00
     -0.044      0.000     5.5780     61.268     40.071  36.896347     3.7034      7.982   219.6352 2.4955e+02     5.9590     -0.043     -0.062    21.0448 0.0000e+00
     -0.046      0.003     5.5516     60.888     40.083  36.907968     3.6712      7.982   219.2047 2.5184e+02     5.9737     -0.045     -0.065    21.0417 0.0000e+00
     -0.046      0.008     5.5277     60.559     40.071  36.897460     3.6596      7.977   219.2424 2.5131e+02     5.9127     -0.046     -0.067    21.0383 0.0000e+00
     -0.043      0.010     5.4952     60.302     40.070  36.896201     3.6373      7.972   219.7477 2.4561e+02     5.8694     -0.045     -0.065    21.0347 0.0000e+00
     -0.037      0.010     5.4562     60.084     40.067  36.892750     3.6103      7.968   219.8938 2.3768e+02     5.8943     -0.038     -0.055    21.0329 0.0000e+00
     -0.030      0.006     5.4227     59.840     40.028  36.855730     3.6071      7.967   217.4809 2.3188e+02     5.9750     -0.028     -0.041    21.0338 0.0000e+00
     -0.025      0.001     5.3913     59.533     40.002  36.829300     3.6068      7.966   212.8570 2.3362e+02     5.9906     -0.023     -0.032    21.0358 0.0000e+00
     -0.027     -0.002     5.3694     59.130     40.007  36.827001     3.5655      7.964   210.0176 2.4248e+02     5.9462     -0.024     -0.034    21.0360 0.0000e+00
     -0.035     -0.004     5.3540     58.634     40.018  36.827928     3.5070      7.962   209.2199 2.5041e+02     5.9852     -0.035     -0.051    21.0330 0.0000e+00
     -0.043     -0.005     5.3319     58.092     40.039  36.840495     3.4914      7.962   208.7198 2.5280e+02     6.0527     -0.046     -0.067    21.0327 0.0000e+00
     -0.043     -0.006     5.3067     57.559     40.055  36.852032     3.5009      7.963   208.4447 2.4952e+02     6.0443     -0.045     -0.067    21.0325 0.0000e+00
     -0.037     -0.006     5.2718     57.054     40.045  36.840504     3.5223      7.963   208.2170 2.4313e+02     5.9860     -0.036     -0.053    21.0210 0.0000e+00
     -0.032     -0.006     5.2272     56.556     40.033  36.828022     3.5662      7.964   208.0310 2.4027e+02     5.9284     -0.028     -0.040    21.0070 0.0000e+00
     -0.035     -0.006     5.1778     56.105     40.034  36.828023     3.5987      7.966   207.9175 2.4583e+02     5.9282     -0.031     -0.045    20.9999 0.0000e+00
     -0.045     -0.006     5.1290     55.747     40.049  36.840505     3.6077      7.967   207.7908 2.5538e+02     5.9847     -0.045     -0.065    20.9963 0.0000e+00
     -0.053     -0.004     5.0873     55.496     40.062  36.852032     3.6172      7.968   207.7036 2.5916e+02     6.0297     -0.055     -0.080    20.9950 0.0000e+00
     -0.054      0.001     5.0402     55.362     40.047  36.840494     3.6214      7.968   207.7227 2.5566e+02     5.9943     -0.054     -0.079    20.9931 0.0000e+00
     -0.049      0.007     4.9985     55.347     40.032  36.827907     3.6086      7.968   207.8501 2.5036e+02     5.9675     -0.048     -0.070    20.9899 0.0000e+00
     -0.042      0.012     4.9672     55.415     40.031  36.826752     3.6047      7.967   207.9541 2.4480e+02     6.0127     -0.041     -0.060    20.9884 0.0000e+00
     -0.035      0.013     4.9438     55.491     40.033  36.826535     3.6067      7.967   207.8609 2.3928e+02     5.9943     -0.034     -0.049    20.9887 0.0000e+00
     -0.029      0.011     4.9319     55.517     40.033  36.825277     3.5920      7.967   207.6699 2.3529e+02     5.9156     -0.028     -0.040    20.9907 0.0000e+00
     -0.028      0.006     4.9308     55.464     40.019  36.811537     3.5684      7.969   207.6237 2.3528e+02     5.8811     -0.026     -0.038    20.9933 0.0000e+00
     -0.030      0.002     4.9403     55.301     39.994  36.787311     3.5460      7.972   207.7328 2.4049e+02     5.8837     -0.030     -0.043    20.9935 0.0000e+00
     -0.033     -0.002     4.9487     55.004     39.994  36.786167     3.5377      7.974   207.7839 2.4482e+02     5.9135     -0.033     -0.048    20.9909 0.0000e+00
     -0.033     -0.004     4.9522     54.619     40.008  36.797702     3.5435      7.977   207.7244 2.4354e+02     5.9346     -0.033     -0.048    20.9881 0.0000e+00
     -0.032     -0.004     4.9480     54.187     40.012  36.799886     3.5487      7.980   208.0469 2.4171e+02     5.9332     -0.031     -0.045    20.9866 0.0000e+00
     -0.032     -0.004     4.9361     53.742     40.027  36.812567     3.5503      7.982   212.7154 2.4286e+02     5.9307     -0.030     -0.044    20.9851 0.0000e+00
     -0.035     -0.006     4.9068     53.322     40.042  36.824112     3.5460      7.984   217.2804 2.4446e+02     5.9045     -0.035     -0.050    20.9842 0.0000e+00
     -0.037     -0.009     4.8710     52.916     40.032  36.812577     3.5716      7.986   213.4244 2.4462e+02     5.9239     -0.037     -0.054    20.9834 0.0000e+00
     -0.037     -0.010     4.8333     52.545     40.021  36.799991     3.6365      7.988   208.7677 2.4538e+02     5.9609     -0.035     -0.051    20.9818 0.0000e+00
     -0.040     -0.008     4.7897     52.230     40.022  36.798848     3.6647      7.989   208.1266 2.5072e+02     5.9069     -0.037     -0.054    20.9794 0.0000e+00
     -0.046     -0.005     4.7561     51.957     40.023  36.798753     3.6544      7.989   207.9957 2.5760e+02     5.8514     -0.046     -0.065    20.9767 0.0000e+00
     -0.050     -0.003     4.7176     51.728     40.025  36.798838     3.6698      7.990   207.9600 2.5918e+02     5.8707     -0.051     -0.074    20.9739 0.0000e+00
     -0.049     -0.002     4.6841     51.531     40.027  36.799877     3.7013      7.993   207.9528 2.5633e+02     5.9352     -0.048     -0.071    20.9708 0.0000e+00
     -0.044     -0.000     4.6578     51.348     40.041  36.811309     3.7188      7.996   207.9090 2.5309e+02     5.9486     -0.042     -0.061    20.9681 0.0000e+00
     -0.042      0.002     4.6324     51.175     40.041  36.810155     3.7226      7.998   207.9460 2.5159e+02     5.8615     -0.040     -0.058    20.9667 0.0000e+00
     -0.044      0.003     4.6131     51.017     40.016  36.785928     3.7390      7.999   208.0560 2.5174e+02     5.8395     -0.043     -0.062    20.9655 0.0000e+00
     -0.045      0.002     4.5959     50.855     40.002  36.772189     3.7759      8.001   208.0346 2.5071e+02     5.9552     -0.046     -0.066    20.9637 0.0000e+00
     -0.045      0.001     4.5807     50.685     40.001  36.770941     3.7946      8.004   207.9457 2.4858e+02     6.0303     -0.044     -0.064    20.9616 0.0000e+00
     -0.042      0.000     4.5634     50.483     40.002  36.770838     3.7906      8.007   207.9273 2.4768e+02     5.9961     -0.041     -0.060    20.9598 0.0000e+00
     -0.041      0.001     4.5524     50.265     40.004  36.770941     3.7853      8.008   208.0703 2.4838e+02     5.9520     -0.039     -0.057    20.9590 0.0000e+00
     -0.042      0.001     4.5362     50.093     40.006  36.772189     3.8216      8.011   208.2128 2.5108e+02     5.9415     -0.040     -0.059    20.9584 0.0000e+00
     -0.044      0.001     4.5227     49.933     40.022  36.785919     3.8882      8.013   208.1869 2.5434e+02     5.9720     -0.043     -0.063    20.9573 0.0000e+00
     -0.044      0.000     4.5062     49.762     40.050  36.810042     3.9081      8.014   208.1874 2.5533e+02     6.0125     -0.044     -0.063    20.9557 0.0000e+00
     -0.043      0.000     4.4801     49.579     40.050  36.810043     3.9042      8.015   208.3054 2.5468e+02     5.9867     -0.042     -0.060    20.9540 0.0000e+00
     -0.041      0.001     4.4704     49.398     40.025  36.785930     3.8909      8.016   208.4079 2.5369e+02     5.9339     -0.040     -0.058    20.9527 0.0000e+00
     -0.041      0.002     4.4550     49.243     40.012  36.772307     3.8559      8.019   208.3946 2.5234e+02     5.9552     -0.040     -0.059    20.9515 0.0000e+00
     -0.042      0.002     4.4403     49.098     40.012  36.772237     3.8474      8.021   208.4031 2.5127e+02     6.0051     -0.041     -0.060    20.9504 0.0000e+00
     -0.042      0.001     4.4243     48.947     40.027  36.785078     3.8622      8.022   208.5103 2.5067e+02     5.9911     -0.041     -0.059    20.9494 0.0000e+00
     -0.041      0.001     4.4054     48.792     40.045  36.800667     3.8851      8.024   208.5721 2.5000e+02     5.9219     -0.041     -0.059    20.9481 0.0000e+00
     -0.040      0.000     4.3944     48.673     40.081  36.833819     3.9171      8.026   208.6345 2.4962e+02     5.8511     -0.039     -0.058    20.9470 0.0000e+00
     -0.039 -1.814e-08     4.3808     48.713     40.184  36.932091     3.9401      8.027   208.7486 2.4993e+02     5.8866     -0.038     -0.056    20.9463 0.0000e+00
     -0.039 -1.995e-07     4.3684     49.489     40.281  37.037076     3.9634      8.028   208.8326 2.5091e+02     6.0104     -0.038     -0.056    20.9455 0.0000e+00
     -0.040      0.000     4.3532     52.268     40.309  37.087950     3.9828      8.029   208.8765 2.5214e+02     6.0499     -0.040     -0.058    20.9446 0.0000e+00
     -0.042      0.000     4.3394     57.533     40.300  37.103068     3.9754      8.029   208.9347 2.5296e+02     5.9877     -0.041     -0.060    20.9433 0.0000e+00
     -0.042     -0.001     4.3356     64.043     40.272  37.092990     3.9570      8.030   209.0197 2.5335e+02     5.9082     -0.042     -0.060    20.9430 0.0000e+00
     -0.041     -0.001     4.3471     70.347     40.264  37.093017     3.9595      8.032   209.1297 2.5355e+02     5.9077     -0.041     -0.058    20.9621 0.0000e+00
     -0.040      0.000     4.5593     75.699     40.271  37.103412     3.9898      8.034   209.3182 2.5315e+02     6.0511     -0.039     -0.056    21.0017 0.0000e+00
     -0.040      0.001     5.0905     79.767     40.255  37.091771     4.0147      8.035   209.4922 2.5231e+02     6.1723     -0.039     -0.057    21.0336 0.0000e+00
     -0.041      0.001     5.7168     82.425     40.240  37.079176     4.0115      8.035   209.5989 2.5199e+02     6.1434     -0.041     -0.059    21.0506 0.0000e+00
     -0.041      0.001     6.2935     83.584     40.238  37.078041     4.0090      8.036   209.6625 2.5232e+02     6.1116     -0.042     -0.060    21.0593 0.0000e+00
     -0.041      0.000     6.7815     83.326     40.238  37.078050     4.0346      8.038   209.6590 2.5250e+02     6.0953     -0.041     -0.059    21.0636 0.0000e+00
     -0.040      0.000     7.1431     82.151     40.239  37.079290     4.0712      8.040   209.6426 2.5212e+02     6.0151     -0.038     -0.055    21.0664 0.0000e+00
     -0.039      0.000     7.3841     80.716     40.254  37.093029     4.0766      8.042   209.7222 2.5208e+02     5.9270     -0.037     -0.054    21.0678 0.0000e+00
     -0.040      0.001     7.4888     79.446     40.280  37.117256     4.0588      8.043   209.9334 2.5308e+02     5.8839     -0.038     -0.056    21.0684 0.0000e+00
     -0.041      0.001     7.4468     78.481     40.281  37.118400     4.0553      8.043   210.1312 2.5434e+02     5.9044     -0.040     -0.058    21.0694 0.0000e+00
