Data/DataNotYetUploadedToEDI/Raw_CTD/RawDownloads/100124_fcr10_S7809001.cnv
* Sea-Bird SBE19plus  Data File:
* FileName = C:\R\Reservoirs\Data\DataNotYetUploadedToEDI\Raw_CTD\RawDownloads\100124_fcr10_S7809_0001.hex
* Software version 2.8.0.119
* Temperature SN = 7809
* Conductivity SN = 7809
* System UpLoad Time = Oct 01 2024 17:22:41
* <ApplicationData>
* <Seaterm232>
# nquan = 15
# nvalues = 783                         
# units = specified
# name 0 = depFM: Depth [fresh water, m]
# name 1 = dz/dtM: Descent Rate [m/s]
# name 2 = sbeox0Mg/L: Oxygen, SBE 43 [mg/l]
# name 3 = sbeox0PS: Oxygen, SBE 43 [% saturation]
# name 4 = specc: Specific Conductance [uS/cm]
# name 5 = c0uS/cm: Conductivity [uS/cm]
# name 6 = flECO-AFL: Fluorescence, WET Labs ECO-AFL/FL [mg/m^3]
# name 7 = ph: pH
# name 8 = orp: Oxidation Reduction Potential [mV]
# name 9 = par/sat/log: PAR/Logarithmic, Satlantic
# name 10 = turbWETntu0: Turbidity, WET Labs ECO [NTU]
# name 11 = prdM: Pressure, Strain Gauge [db]
# name 12 = prdE: Pressure, Strain Gauge [psi]
# name 13 = tv290C: Temperature [ITS-90, deg C]
# name 14 = flag:  0.000e+00
# span 0 =     -0.671,      2.328       
# span 1 =     -0.329,      0.252       
# span 2 =     3.3886,     8.3618       
# span 3 =     38.047,     93.803       
# span 4 =      2.736,     45.573       
# span 5 =   2.516517,  41.783131       
# span 6 =    -0.1872,     9.7238       
# span 7 =     -2.218,      7.995       
# span 8 =  -558.1146,  1240.2209       
# span 9 = 8.0308e+00, 5.5180e+02       
# span 10 =     1.2318,   126.7361      
# span 11 =     -0.659,      2.284      
# span 12 =     -0.956,      3.312      
# span 13 =    20.2463,    21.0467      
# span 14 = 0.0000e+00, 0.0000e+00      
# interval = seconds: 0.25
# start_time = Oct 01 2024 09:58:04 [Instrument's time stamp, header]
# bad_flag = -9.990e-29
*END*
[from data line 579]
      1.570      0.031     5.0936     60.934     41.101  37.762524     4.4309      7.910   228.1552 2.3937e+01     3.8747      1.539      2.232    20.9315 0.0000e+00
      1.580      0.032     5.1724     61.786     41.077  37.739820     4.4449      7.909   228.2541 2.3604e+01     3.9242      1.549      2.247    20.9328 0.0000e+00
      1.589      0.032     5.2600     62.622     41.042  37.706018     4.4303      7.909   228.3196 2.3327e+01     3.9167      1.558      2.261    20.9344 0.0000e+00
      1.598      0.031     5.3577     63.496     41.006  37.671104     4.3201      7.909   228.3437 2.3098e+01     3.8517      1.568      2.275    20.9337 0.0000e+00
      1.606      0.030     5.4422     64.417     40.967  37.634959     4.1533      7.909   228.3738 2.2918e+01     3.8219      1.574      2.285    20.9336 0.0000e+00
      1.612      0.029     5.5148     65.422     40.914  37.586264     4.0780      7.909   228.4256 2.2753e+01     3.8633      1.580      2.292    20.9338 0.0000e+00
      1.618      0.029     5.5875     66.508     40.919  37.589988     4.0761      7.909   228.4538 2.2573e+01     3.9087      1.587      2.302    20.9307 0.0000e+00
      1.625      0.031     5.6672     67.557     40.951  37.616527     4.0138      7.909   228.5425 2.2377e+01     3.9952      1.593      2.311    20.9281 0.0000e+00
      1.632      0.034     5.7471     68.437     40.926  37.589862     3.8984      7.909   228.7240 2.2127e+01     4.1235      1.599      2.319    20.9280 0.0000e+00
      1.641      0.036     5.8355     69.114     40.926  37.584853     3.8381      7.908   228.8418 2.1819e+01     4.2298      1.608      2.332    20.9284 0.0000e+00
      1.652      0.037     5.9379     69.584     40.970  37.619417     3.8428      7.907   228.8476 2.1484e+01     4.3244      1.619      2.348    20.9279 0.0000e+00
      1.664      0.036     6.0372     69.839     40.985  37.627023     3.8128      7.906   228.8804 2.1153e+01     4.5152      1.632      2.367    20.9235 0.0000e+00
      1.675      0.035     6.1162     69.938     41.044  37.676818     3.7254      7.906   228.9804 2.0925e+01     4.7949      1.645      2.385    20.9193 0.0000e+00
      1.682      0.035     6.1767     69.930     41.228  37.840740     3.6677      7.906   229.1099 2.0811e+01     4.9397      1.651      2.394    20.9138 0.0000e+00
      1.687      0.035     6.2220     69.791     41.430  38.022580     3.6557      7.906   229.2423 2.0649e+01     4.9670      1.653      2.397    20.9048 0.0000e+00
      1.695      0.036     6.2419     69.394     41.517  38.098645     3.6387      7.906   229.2906 2.0366e+01     4.9549      1.660      2.407    20.8977 0.0000e+00
      1.705      0.037     6.2497     68.424     41.482  38.062404     3.5958      7.906   229.3493 2.0047e+01     4.8272      1.672      2.425    20.8927 0.0000e+00
      1.716      0.040     6.2507     66.523     41.382  37.965127     3.5622      7.905   229.5215 1.9717e+01     4.6869      1.682      2.441    20.8874 0.0000e+00
      1.728      0.041     6.2415     63.722     41.289  37.874317     3.5562      7.905   229.7389 1.9374e+01     4.6591      1.694      2.457    20.8822 0.0000e+00
      1.739      0.040     6.2166     60.567     41.272  37.852822     3.5567      7.906   229.8266 1.9074e+01     4.6274      1.707      2.475    20.8781 0.0000e+00
      1.749      0.039     6.1463     57.710     41.325  37.895584     3.5685      7.907   229.7208 1.8837e+01     4.5085      1.715      2.488    20.8733 0.0000e+00
      1.758      0.038     5.9790     55.635     41.387  37.947154     3.5739      7.907   229.6648 1.8633e+01     4.3831      1.724      2.501    20.8672 0.0000e+00
      1.767      0.038     5.7055     54.586     41.416  37.968684     3.5553      7.907   229.7521 1.8415e+01     4.2727      1.733      2.515    20.8603 0.0000e+00
      1.776      0.038     5.4042     54.630     41.419  37.965536     3.5441      7.908   229.8298 1.8153e+01     4.1986      1.741      2.525    20.8523 0.0000e+00
      1.786      0.039     5.1332     55.673     41.432  37.972536     3.5959      7.908   229.9153 1.7856e+01     4.1704      1.750      2.538    20.8455 0.0000e+00
      1.797      0.039     4.9414     57.386     41.455  37.989856     3.6903      7.909   230.0116 1.7558e+01     4.1374      1.763      2.556    20.8403 0.0000e+00
      1.807      0.039     4.8478     59.376     41.453  37.984575     3.7366      7.910   230.0477 1.7285e+01     4.0719      1.773      2.571    20.8335 0.0000e+00
      1.817      0.038     4.8517     61.294     41.444  37.972135     3.7312      7.911   230.0941 1.7019e+01     3.9934      1.781      2.585    20.8257 0.0000e+00
      1.827      0.037     4.9601     62.924     41.441  37.966355     3.7498      7.911   230.2277 1.6774e+01     4.0085      1.792      2.600    20.8199 0.0000e+00
      1.837      0.034     5.1250     64.207     41.457  37.978142     3.8123      7.911   230.3736 1.6544e+01     4.1511      1.801      2.613    20.8155 0.0000e+00
      1.846      0.032     5.3155     65.169     41.539  38.051184     3.8633      7.911   230.3960 1.6320e+01     4.2832      1.810      2.626    20.8107 0.0000e+00
      1.854      0.031     5.4952     65.904     41.651  38.151472     3.8750      7.911   230.4118 1.6165e+01     4.3072      1.819      2.638    20.8063 0.0000e+00
      1.861      0.030     5.6408     66.492     41.750  38.238858     3.8457      7.911   230.3933 1.6045e+01     4.3734      1.824      2.647    20.8023 0.0000e+00
      1.867      0.030     5.7573     66.960     41.871  38.346258     3.7999      7.911   230.2578 1.5879e+01     4.5719      1.830      2.654    20.7991 0.0000e+00
      1.874      0.031     5.8380     67.241     42.041  38.498168     3.7879      7.911   230.3221 1.5684e+01     4.7263      1.838      2.666    20.7965 0.0000e+00
      1.883      0.034     5.9029     67.236     42.243  38.679510     3.7996      7.910   230.5685 1.5483e+01     4.8051      1.846      2.678    20.7938 0.0000e+00
      1.891      0.036     5.9540     66.932     42.407  38.825461     3.7831      7.910   230.6550 1.5271e+01     4.9100      1.854      2.690    20.7904 0.0000e+00
      1.901      0.037     5.9985     66.345     42.527  38.930204     3.7383      7.909   230.5935 1.5048e+01     5.0383      1.864      2.704    20.7861 0.0000e+00
      1.912      0.037     6.0298     65.443     42.672  39.057506     3.7247      7.909   230.5140 1.4808e+01     5.1603      1.875      2.720    20.7817 0.0000e+00
      1.923      0.037     6.0283     64.196     42.927  39.285836     3.7345      7.908   230.3818 1.4583e+01     5.2923      1.886      2.737    20.7771 0.0000e+00
      1.933      0.037     6.0015     62.754     43.271  39.596712     3.6402      7.908   230.2001 1.4415e+01     5.5060      1.896      2.751    20.7718 0.0000e+00
      1.941      0.037     5.9496     61.364     43.534  39.833587     3.4427      7.909   230.1239 1.4273e+01     5.7633      1.904      2.761    20.7658 0.0000e+00
      1.948      0.038     5.8740     60.102     43.642  39.928701     3.3267      7.909   230.2343 1.4083e+01     5.8757      1.910      2.769    20.7596 0.0000e+00
      1.957      0.039     5.7568     58.749     43.637  39.921716     3.3206      7.909   230.4166 1.3873e+01     5.9077      1.920      2.784    20.7543 0.0000e+00
      1.968      0.041     5.6177     56.895     43.592  39.876054     3.3767      7.909   230.6072 1.3655e+01     5.9799      1.930      2.800    20.7494 0.0000e+00
      1.980      0.041     5.4911     54.383     43.538  39.820839     3.4722      7.909   230.7327 1.3382e+01     6.0314      1.942      2.817    20.7446 0.0000e+00
      1.992      0.040     5.3843     51.433     43.482  39.761809     3.5097      7.909   230.7290 1.3114e+01     6.0183      1.955      2.835    20.7408 0.0000e+00
      2.003      0.038     5.2819     48.316     43.458  39.733469     3.4889      7.909   230.7346 1.2897e+01     5.9240      1.965      2.850    20.7378 0.0000e+00
      2.013      0.034     5.1226     45.224     43.463  39.732027     3.4788      7.910   230.8006 1.2732e+01     5.8820      1.975      2.865    20.7337 0.0000e+00
      2.021      0.031     4.8861     42.369     43.483  39.744372     3.4286      7.910   230.8388 1.2627e+01     5.9538      1.983      2.876    20.7262 0.0000e+00
      2.026      0.030     4.6143     40.044     43.503  39.755787     3.3154      7.909   230.8521 1.2525e+01     6.0064      1.987      2.882    20.7165 0.0000e+00
      2.032      0.031     4.3310     38.568     43.498  39.743116     3.2339      7.909   230.8749 1.2390e+01     6.0060      1.993      2.890    20.7084 0.0000e+00
      2.040      0.033     4.0479     38.047     43.478  39.718084     3.2005      7.908   230.9434 1.2233e+01     5.9837      2.000      2.901    20.7020 0.0000e+00
      2.049      0.036     3.7837     38.355     43.473  39.706969     3.2025      7.908   230.9912 1.2039e+01     6.1466      2.008      2.913    20.6958 0.0000e+00
      2.059      0.038     3.5627     39.307     43.510  39.735638     3.2254      7.908   230.9370 1.1810e+01     6.5067      2.018      2.927    20.6889 0.0000e+00
      2.070      0.040     3.4272     40.656     43.597  39.810860     3.2278      7.908   230.8895 1.1574e+01     6.6832      2.030      2.944    20.6792 0.0000e+00
      2.082      0.041     3.3886     42.115     43.719  39.918370     3.2133      7.908   230.9336 1.1368e+01     6.6737      2.043      2.963    20.6696 0.0000e+00
      2.093      0.042     3.4206     43.461     43.839  40.020126     3.1838      7.907   231.0401 1.1215e+01     6.6998      2.053      2.978    20.6629 0.0000e+00
      2.101      0.043     3.5141     44.522     43.927  40.089231     3.1549      7.906   231.1441 1.1084e+01     6.8273      2.060      2.988    20.6578 0.0000e+00
      2.110      0.044     3.6467     45.170     43.972  40.119271     3.1552      7.903   231.2443 1.0910e+01     6.9183      2.068      3.000    20.6524 0.0000e+00
      2.122      0.044     3.7831     45.324     43.992  40.129469     3.1704      7.901   231.3053 1.0676e+01     6.8778      2.080      3.016    20.6488 0.0000e+00
      2.136      0.044     3.9108     45.009     44.020  40.149058     3.1721      7.900   231.2806 1.0434e+01     6.7817      2.095      3.038    20.6423 0.0000e+00
      2.149      0.045     4.0104     44.377     44.045  40.165715     3.1591      7.899   231.2900 1.0232e+01     6.6784      2.108      3.058    20.6267 0.0000e+00
      2.160      0.046     4.0729     43.599     44.024  40.140475     3.1542      7.897   231.4190 1.0077e+01     6.6531      2.119      3.074    20.6129 0.0000e+00
      2.168      0.048     4.0876     42.813     43.914  40.034263     3.1712      7.894   231.5489 9.9501e+00     6.6816      2.127      3.084    20.6049 0.0000e+00
      2.178      0.051     4.0532     42.104     43.772  39.896914     3.2488      7.892   231.4843 9.7837e+00     6.8852      2.134      3.095    20.5984 0.0000e+00
      2.191      0.053     3.9917     41.520     43.689  39.812515     3.3682      7.890   231.4115 9.5452e+00     7.2371      2.148      3.115    20.5916 0.0000e+00
      2.208      0.053     3.9180     41.170     43.657  39.775347     3.4253      7.888   231.5295 9.2942e+00     7.3495      2.166      3.141    20.5843 0.0000e+00
      2.227      0.051     3.8447     41.243     43.652  39.764812     3.4393      7.887   231.6201 9.0879e+00     7.3217      2.184      3.168    20.5780 0.0000e+00
      2.242      0.047     3.7815     41.841     43.707  39.812055     3.4789      7.886   231.6471 8.9407e+00     7.4815      2.200      3.191    20.5702 0.0000e+00
      2.253      0.042     3.7269     42.857     43.805  39.902324     3.7378      7.886   231.6838 8.8424e+00     8.8716      2.210      3.206    20.5582 0.0000e+00
      2.260      0.037     3.6884     44.022     43.805  39.904296     4.1982      7.886   231.7190 8.7646e+00    11.3537      2.216      3.215    20.5471 0.0000e+00
      2.266      0.033     3.6913     45.053     43.662  39.772440     4.4505      7.887   231.8152 8.6813e+00    12.8981      2.221      3.221    20.5405 0.0000e+00
      2.273      0.030     3.7490     45.771     43.523  39.640777     4.6000      7.887   231.9007 8.5825e+00    15.6567      2.228      3.232    20.5381 0.0000e+00
      2.282      0.030     3.8502     46.151     43.466  39.581616     5.9643      7.886   231.8917 8.4883e+00    44.5707      2.238      3.246    20.5396 0.0000e+00
      2.291      0.030     3.9643     46.364     43.454  39.564815     8.4203      7.885   231.8794 8.3980e+00    97.4871      2.247      3.258    20.5437 0.0000e+00
      2.299      0.029     4.0626     46.693     43.458  39.564547     9.7238      7.885   231.8375 8.3090e+00   126.1640      2.254      3.271    20.5440 0.0000e+00
      2.306      0.026     4.1294     47.297     43.475  39.578369     9.6148      7.885   231.7295 8.2566e+00   126.7361      2.262      3.281    20.5356 0.0000e+00
      2.313      0.022     4.1588     48.122     43.504  39.605009     7.2525      7.884   231.6065 8.2486e+00   105.0867      2.268      3.289    20.5251 0.0000e+00
      2.318      0.018     4.1670     49.060     43.531  39.632804     2.9182      7.884   231.5542 8.2569e+00    65.0898      2.273      3.297    20.5185 0.0000e+00
      2.322      0.014     4.1908     50.015     43.559  39.660591     0.5397      7.883   231.6134 8.2549e+00    43.1778      2.277      3.304    20.5150 0.0000e+00
      2.324      0.010     4.2495     50.851     43.585  39.687140     0.2920      7.883   231.7198 8.2411e+00    40.4960      2.280      3.307    20.5127 0.0000e+00
      2.326      0.006     4.3277     51.418     43.597  39.699959     0.1810      7.883   231.8938 8.2326e+00    33.2102      2.281      3.309    20.5133 0.0000e+00
      2.327      0.004     4.4130     51.608     43.582  39.688659     0.0382      7.883   231.9968 8.2406e+00    20.1947      2.282      3.309    20.5177 0.0000e+00
      2.327      0.002     4.5042     51.422     43.568  39.677445    -0.0367      7.883   231.9329 8.2536e+00    13.1031      2.282      3.309    20.5209 0.0000e+00
      2.327      0.001     4.5838     50.967     43.580  39.691301    -0.0506      7.884   231.8954 8.2628e+00    12.3681      2.282      3.310    20.5229 0.0000e+00
      2.327      0.001     4.6386     50.358     43.618  39.729274    -0.0631      7.885   231.9731 8.2664e+00    11.7528      2.283      3.311    20.5260 0.0000e+00
      2.327      0.001     4.6557     49.680     43.643  39.755794    -0.0702      7.885   232.0987 8.2606e+00    10.8557      2.282      3.310    20.5283 0.0000e+00
      2.328      0.001     4.6344     49.015     43.642  39.758111    -0.0623      7.885   232.2092 8.2499e+00    10.4369      2.283      3.311    20.5301 0.0000e+00
      2.328      0.001     4.5888     48.410     43.639  39.757290    -0.0424      7.885   232.2777 8.2384e+00    10.4810      2.283      3.312    20.5329 0.0000e+00
      2.328      0.001     4.5323     47.907     43.624  39.745866    -0.0457      7.884   232.3235 8.2282e+00    10.4667      2.283      3.311    20.5369 0.0000e+00
      2.328      0.000     4.4672     47.545     43.622  39.746919    -0.0683      7.884   232.3329 8.2235e+00    10.3319      2.283      3.311    20.5412 0.0000e+00
      2.328      0.000     4.4061     47.276     43.645  39.770021    -0.0744      7.885   232.3056 8.2185e+00    10.1834      2.284      3.312    20.5453 0.0000e+00
      2.328      0.000     4.3510     47.064     43.644  39.771349    -0.0619      7.886   232.3371 8.2192e+00    10.1747      2.283      3.312    20.5479 0.0000e+00
      2.328      0.000     4.3019     46.918     43.632  39.762979    -0.0416      7.886   232.3704 8.2318e+00    10.6703      2.284      3.312    20.5502 0.0000e+00
