Data/DataNotYetUploadedToEDI/Raw_CTD/RawDownloads/100124_fcr20_S7809002.cnv
* Sea-Bird SBE19plus  Data File:
* FileName = C:\R\Reservoirs\Data\DataNotYetUploadedToEDI\Raw_CTD\RawDownloads\100124_fcr10_S7809_0002.hex
* Software version 2.8.0.119
* Temperature SN = 7809
* Conductivity SN = 7809
* System UpLoad Time = Oct 01 2024 17:23:03
* <ApplicationData>
* <Seaterm232>
# nquan = 15
# nvalues = 765                         
# units = specified
# name 0 = depFM: Depth [fresh water, m]
# name 1 = dz/dtM: Descent Rate [m/s]
# name 2 = sbeox0Mg/L: Oxygen, SBE 43 [mg/l]
# name 3 = sbeox0PS: Oxygen, SBE 43 [% saturation]
# name 4 = specc: Specific Conductance [uS/cm]
# name 5 = c0uS/cm: Conductivity [uS/cm]
# name 6 = flECO-AFL: Fluorescence, WET Labs ECO-AFL/FL [mg/m^3]
# name 7 = ph: pH
# name 8 = orp: Oxidation Reduction Potential [mV]
# name 9 = par/sat/log: PAR/Logarithmic, Satlantic
# name 10 = turbWETntu0: Turbidity, WET Labs ECO [NTU]
# name 11 = prdM: Pressure, Strain Gauge [db]
# name 12 = prdE: Pressure, Strain Gauge [psi]
# name 13 = tv290C: Temperature [ITS-90, deg C]
# name 14 = flag:  0.000e+00
# span 0 =     -0.670,      2.958       
# span 1 =     -0.332,      0.271       
# span 2 =     2.8259,     8.6649       
# span 3 =     31.570,     97.037       
# span 4 =      1.370,     43.594       
# span 5 =   1.239503,  39.362116       
# span 6 =    -0.1342,    61.9733       
# span 7 =      7.660,      8.156       
# span 8 =   190.9771,   670.1010       
# span 9 = 4.1496e+00, 5.1322e+02       
# span 10 =     0.7443,   237.5530      
# span 11 =     -0.657,      2.901      
# span 12 =     -0.953,      4.207      
# span 13 =    20.1003,    21.0919      
# span 14 = 0.0000e+00, 0.0000e+00      
# interval = seconds: 0.25
# start_time = Oct 01 2024 10:07:28 [Instrument's time stamp, header]
# bad_flag = -9.990e-29
*END*
[from data line 579]
      2.179      0.049     5.1716     56.365     41.672  38.093891     2.4522      8.046   241.0699 1.2203e+01     7.0705      2.136      3.098    20.7169 0.0000e+00
      2.192      0.048     5.1561     55.687     41.744  38.155936     2.4787      8.046   241.1437 1.2015e+01     7.1120      2.151      3.121    20.7131 0.0000e+00
      2.204      0.047     5.1354     54.729     41.776  38.182082     2.4788      8.046   241.1764 1.1839e+01     7.1093      2.161      3.134    20.7099 0.0000e+00
      2.215      0.046     5.0997     53.524     41.820  38.219643     2.4790      8.045   241.1219 1.1648e+01     7.0382      2.173      3.151    20.7059 0.0000e+00
      2.227      0.045     5.0588     52.254     41.901  38.292793     2.4567      8.045   241.0859 1.1473e+01     6.9012      2.184      3.168    20.7017 0.0000e+00
      2.239      0.045     5.0035     51.189     41.986  38.368500     2.4253      8.045   241.0859 1.1307e+01     6.8528      2.195      3.185    20.6975 0.0000e+00
      2.250      0.045     4.9161     50.537     42.063  38.436965     2.4155      8.045   241.1210 1.1130e+01     6.8628      2.206      3.200    20.6928 0.0000e+00
      2.261      0.045     4.8033     50.354     42.119  38.486012     2.4305      8.045   241.2528 1.0938e+01     6.9193      2.216      3.214    20.6903 0.0000e+00
      2.273      0.044     4.6792     50.672     42.156  38.517313     2.4474      8.045   241.3033 1.0763e+01     7.0578      2.229      3.234    20.6895 0.0000e+00
      2.285      0.044     4.5758     51.470     42.207  38.561593     2.4368      8.044   241.2143 1.0602e+01     7.1027      2.241      3.251    20.6877 0.0000e+00
      2.296      0.045     4.5185     52.570     42.298  38.640639     2.4273      8.043   241.2098 1.0448e+01     7.1206      2.253      3.268    20.6858 0.0000e+00
      2.306      0.047     4.5006     53.738     42.383  38.711537     2.4662      8.042   241.3350 1.0305e+01     7.1373      2.262      3.280    20.6829 0.0000e+00
      2.316      0.048     4.5281     54.722     42.403  38.720767     2.5324      8.041   241.5239 1.0122e+01     7.0316      2.271      3.292    20.6799 0.0000e+00
      2.330      0.050     4.6076     55.261     42.378  38.688766     2.5707      8.040   241.6869 9.9172e+00     6.9025      2.285      3.314    20.6775 0.0000e+00
      2.345      0.050     4.7139     55.191     42.333  38.641888     2.5706      8.040   241.5847 9.7326e+00     6.8397      2.300      3.335    20.6722 0.0000e+00
      2.359      0.049     4.8265     54.449     42.289  38.598173     2.5730      8.039   241.4071 9.5642e+00     6.8524      2.314      3.355    20.6645 0.0000e+00
      2.372      0.048     4.9264     53.173     42.230  38.540966     2.6081      8.039   241.5183 9.4041e+00     6.9204      2.326      3.374    20.6526 0.0000e+00
      2.384      0.046     4.9796     51.752     42.143  38.457868     2.6460      8.039   241.6383 9.2542e+00     6.9787      2.338      3.391    20.6405 0.0000e+00
      2.394      0.046     4.9771     50.623     42.175  38.481848     2.6562      8.038   241.6532 9.1367e+00     6.9420      2.348      3.406    20.6344 0.0000e+00
      2.403      0.048     4.9079     50.102     42.426  38.703978     2.6402      8.037   241.8708 9.0422e+00     6.8530      2.356      3.417    20.6309 0.0000e+00
      2.413      0.050     4.7789     50.366     42.675  38.922563     2.6351      8.037   242.1188 8.9017e+00     6.9611      2.365      3.430    20.6274 0.0000e+00
      2.427      0.052     4.6368     51.481     42.734  38.967120     2.6695      8.037   242.1558 8.6812e+00     7.2580      2.378      3.449    20.6227 0.0000e+00
      2.444      0.052     4.5265     53.379     42.694  38.925398     2.6977      8.037   242.1469 8.4656e+00     7.4373      2.397      3.477    20.6176 0.0000e+00
      2.461      0.052     4.4748     55.674     42.698  38.925774     2.6930      8.037   242.1833 8.3073e+00     7.4213      2.415      3.503    20.6099 0.0000e+00
      2.473      0.051     4.4982     57.718     42.751  38.971667     2.6375      8.037   242.2513 8.1668e+00     7.3377      2.426      3.519    20.5983 0.0000e+00
      2.483      0.051     4.5993     59.065     42.757  38.972597     2.5510      8.037   242.2804 8.0490e+00     7.3147      2.435      3.532    20.5872 0.0000e+00
      2.493      0.052     4.7809     59.631     42.730  38.937021     2.5131      8.037   242.2769 7.9340e+00     7.3818      2.444      3.545    20.5802 0.0000e+00
      2.505      0.055     5.0149     59.562     42.731  38.922260     2.5214      8.037   242.3818 7.7967e+00     7.4663      2.456      3.563    20.5770 0.0000e+00
      2.520      0.059     5.2123     59.085     42.750  38.921026     2.5758      8.037   242.5164 7.6570e+00     7.5493      2.470      3.583    20.5766 0.0000e+00
      2.537      0.061     5.3349     58.356     42.768  38.922074     2.6637      8.037   242.5276 7.4540e+00     7.6681      2.485      3.605    20.5721 0.0000e+00
      2.557      0.060     5.3822     57.464     42.792  38.934900     2.7182      8.037   242.4312 7.2070e+00     7.8103      2.507      3.638    20.5586 0.0000e+00
      2.576      0.057     5.3689     56.530     42.812  38.949183     2.7348      8.037   242.2974 7.0344e+00     7.9028      2.529      3.667    20.5398 0.0000e+00
      2.590      0.053     5.3240     55.675     42.835  38.967843     2.6894      8.037   242.1999 6.9229e+00     7.8296      2.541      3.685    20.5145 0.0000e+00
      2.600      0.051     5.2594     54.944     42.913  39.033593     2.6026      8.037   242.2852 6.8276e+00     7.6426      2.550      3.699    20.4941 0.0000e+00
      2.608      0.050     5.1754     54.359     43.007  39.109547     2.5601      8.037   242.5539 6.7514e+00     7.5207      2.558      3.710    20.4868 0.0000e+00
      2.617      0.050     5.0865     53.898     43.037  39.124662     2.5661      8.037   242.7817 6.6455e+00     7.5170      2.564      3.719    20.4834 0.0000e+00
      2.632      0.053     5.0101     53.516     43.009  39.089406     2.6247      8.037   242.8888 6.4840e+00     7.4949      2.579      3.741    20.4814 0.0000e+00
      2.650      0.056     4.9426     53.221     42.992  39.064018     2.7032      8.037   242.9881 6.3225e+00     7.3560      2.599      3.770    20.4782 0.0000e+00
      2.666      0.057     4.8923     53.027     43.010  39.071531     2.7329      8.038   243.1220 6.1824e+00     7.2728      2.614      3.791    20.4651 0.0000e+00
      2.681      0.057     4.8552     52.938     42.996  39.053314     2.7338      8.038   243.2169 6.0558e+00     7.2750      2.628      3.811    20.4480 0.0000e+00
      2.696      0.055     4.8202     52.991     42.906  38.970671     2.7389      8.039   243.1889 5.9518e+00     7.3478      2.645      3.836    20.4380 0.0000e+00
      2.709      0.051     4.7939     53.181     42.825  38.897276     2.7359      8.039   243.0415 5.8613e+00     7.5036      2.656      3.854    20.4274 0.0000e+00
      2.720      0.049     4.7789     53.437     42.790  38.863960     2.7151      8.039   242.9845 5.7717e+00     7.5535      2.667      3.869    20.4151 0.0000e+00
      2.732      0.048     4.7687     53.711     42.747  38.821684     2.7026      8.037   243.1005 5.6771e+00     7.5418      2.679      3.887    20.4079 0.0000e+00
      2.744      0.048     4.7735     54.034     42.691  38.766866     2.7179      8.036   243.1541 5.5798e+00     7.6005      2.691      3.903    20.4077 0.0000e+00
      2.755      0.049     4.7939     54.453     42.633  38.708829     2.7677      8.036   243.1167 5.4783e+00     7.7854      2.702      3.918    20.4106 0.0000e+00
      2.768      0.051     4.8188     54.898     42.623  38.691095     2.8299      8.036   243.0790 5.3748e+00     8.0353      2.714      3.935    20.4083 0.0000e+00
      2.781      0.054     4.8433     55.275     42.696  38.742807     2.8543      8.036   243.0416 5.2884e+00     8.0943      2.728      3.955    20.4041 0.0000e+00
      2.793      0.057     4.8685     55.561     42.809  38.826386     2.8549      8.037   243.0093 5.1880e+00     8.0889      2.738      3.971    20.3982 0.0000e+00
      2.808      0.059     4.9111     55.682     42.884  38.876643     2.9292      8.037   242.8600 5.0358e+00     8.3805      2.753      3.993    20.3937 0.0000e+00
      2.826      0.061     4.9562     55.430     42.861  38.842757     3.0783      8.037   242.6133 4.8776e+00     8.8521      2.772      4.021    20.3870 0.0000e+00
      2.843      0.062     4.9904     54.492     42.821  38.797408     3.1848      8.037   242.4359 4.7601e+00     9.0771      2.789      4.045    20.3665 0.0000e+00
      2.858      0.061     5.0213     52.750     42.877  38.836008     3.5013      8.038   242.3496 4.6586e+00     9.1890      2.802      4.064    20.3422 0.0000e+00
      2.873      0.060     5.0400     50.459     43.001  38.928686     7.0463      8.039   242.3446 4.5355e+00    10.9895      2.816      4.084    20.3210 0.0000e+00
      2.890      0.057     5.0314     47.980     43.141  39.029509    13.5707      8.039   242.3748 4.4198e+00    14.3826      2.836      4.113    20.3050 0.0000e+00
      2.905      0.052     4.9547     45.614     43.254  39.103123    17.2248      8.039   242.3708 4.3373e+00    16.3969      2.851      4.135    20.2994 0.0000e+00
      2.917      0.046     4.7851     43.512     43.364  39.184099    18.5772      8.038   242.2966 4.2562e+00    18.5372      2.860      4.149    20.2860 0.0000e+00
      2.929      0.039     4.5687     41.587     43.518  39.310494    29.8139      8.037   242.2516 4.1834e+00    40.6706      2.874      4.169    20.2623 0.0000e+00
      2.939      0.031     4.3379     39.727     43.594  39.362116    50.3540      8.037   242.3426 4.1517e+00    81.3421      2.884      4.182    20.2329 0.0000e+00
      2.944      0.024     4.1191     37.874     43.548  39.300550    61.5036      8.036   242.3647 4.1496e+00   103.8305      2.887      4.188    20.1903 0.0000e+00
      2.949      0.018     3.9380     36.000     43.448  39.200685    61.9733      8.035   242.2612 4.1500e+00   108.8487      2.892      4.195    20.1703 0.0000e+00
      2.953      0.013     3.7668     34.188     43.336  39.106558    56.0835      8.036   242.2087 4.1526e+00   141.7778      2.897      4.201    20.1661 0.0000e+00
      2.955      0.009     3.6007     32.642     43.253  39.050930    45.1064      8.037   242.2474 4.1622e+00   201.8487      2.898      4.203    20.1418 0.0000e+00
      2.956      0.006     3.4374     31.667     43.210  39.035797    39.0984      8.037   242.2994 4.1863e+00   234.6035      2.899      4.205    20.1147 0.0000e+00
      2.957      0.004     3.2649     31.570     43.205  39.050543    38.5234      8.036   242.2340 4.2233e+00   237.5530      2.900      4.206    20.1003 0.0000e+00
      2.957      0.002     3.0940     32.446     43.255  39.102327    38.2121      8.036   242.0587 4.2383e+00   237.4417      2.899      4.205    20.1090 0.0000e+00
      2.957      0.001     2.9418     34.122     43.314  39.154239    35.2850      8.035   241.9867 4.2374e+00   232.9509      2.900      4.206    20.1358 0.0000e+00
      2.957      0.001     2.8401     36.286     43.334  39.170514    29.9153      8.034   242.1377 4.2501e+00   224.6900      2.900      4.206    20.1681 0.0000e+00
      2.957      0.001     2.8259     38.619     43.330  39.172189    26.9720      8.034   242.3352 4.2618e+00   220.1921      2.900      4.206    20.1930 0.0000e+00
      2.958      0.001     2.9124     40.853     43.318  39.174496    26.6813      8.034   242.4828 4.2634e+00   219.9000      2.900      4.207    20.1987 0.0000e+00
      2.958      0.000     3.0746     42.744     43.324  39.198422    26.3840      8.035   242.5463 4.2596e+00   221.1922      2.901      4.207    20.1924 0.0000e+00
      2.958 -9.658e-08     3.2819     44.095     43.314  39.207661    25.8492      8.036   242.5000 4.2579e+00   223.5531      2.900      4.206    20.1879 0.0000e+00
      2.958      0.000     3.5003     44.864     43.245  39.159307    25.5494      8.036   242.5248 4.2681e+00   224.8068      2.900      4.207    20.1952 0.0000e+00
      2.958      0.000     3.7092     45.195     43.193  39.121485    25.5976      8.036   242.5886 4.2831e+00   224.8052      2.901      4.207    20.2110 0.0000e+00
      2.958      0.000     3.8861     45.299     43.198  39.131135    26.5824      8.036   242.5822 4.2946e+00   223.6358      2.901      4.207    20.2341 0.0000e+00
      2.958     -0.002     4.0080     45.331     43.219  39.149064    28.3923      8.036   242.7058 4.2987e+00   221.4621      2.900      4.207    20.2570 0.0000e+00
      2.958     -0.008     4.0711     45.389     43.156  39.084419    29.3451      8.035   243.1359 4.3027e+00   219.9409      2.900      4.207    20.2726 0.0000e+00
      2.958     -0.026     4.0912     45.467     42.976  38.920647    29.1051      8.034   243.7391 4.3072e+00   215.5595      2.900      4.206    20.2845 0.0000e+00
      2.957     -0.060     4.0971     45.473     42.833  38.818875    25.5493      8.031   244.3201 4.2981e+00   168.1453      2.900      4.207    20.2905 0.0000e+00
      2.952     -0.106     4.0953     45.408     42.769  38.805840    19.0284      8.028   244.7411 4.2986e+00    81.3039      2.899      4.205    20.2906 0.0000e+00
      2.931     -0.156     4.1021     45.515     42.684  38.763111    15.4561      8.025   244.8712 4.4907e+00    34.0028      2.886      4.187    20.2760 0.0000e+00
      2.880     -0.202     4.1154     46.168     42.573  38.683049    14.8508      8.024   244.7745 5.0445e+00    29.4763      2.836      4.113    20.2612 0.0000e+00
      2.801     -0.238     4.1133     47.430     42.462  38.599346    11.7091      8.024   244.5188 5.7725e+00    25.7202      2.747      3.985    20.2984 0.0000e+00
      2.715     -0.260     4.0952     48.999     42.343  38.512603     6.0190      8.025   244.1891 6.4248e+00    19.4682      2.659      3.855    20.3695 0.0000e+00
      2.639     -0.269     4.0837     50.595     42.188  38.395773     2.9320      8.028   243.8852 7.0222e+00    16.1227      2.585      3.749    20.4095 0.0000e+00
      2.574     -0.264     4.1386     52.106     42.015  38.265587     2.6666      8.032   243.5981 7.5945e+00    15.8764      2.521      3.657    20.4262 0.0000e+00
      2.516     -0.250     4.2662     53.517     41.915  38.207728     2.6353      8.037   243.3848 8.1456e+00    15.8410      2.467      3.579    20.4446 0.0000e+00
      2.459     -0.233     4.4133     54.767     41.736  38.077003     2.6120      8.042   243.1126 8.8115e+00    15.6261      2.414      3.502    20.4702 0.0000e+00
      2.397     -0.217     4.5581     55.730     41.578  37.954181     2.6010      8.047   242.7165 9.6050e+00    15.2595      2.351      3.410    20.5007 0.0000e+00
      2.334     -0.201     4.6900     56.369     41.750  38.118757     2.6105      8.052   242.3812 1.0342e+01    15.0982      2.284      3.313    20.5301 0.0000e+00
      2.282     -0.185     4.8144     56.776     41.937  38.290114     2.6354      8.057   242.0697 1.0893e+01    15.1788      2.232      3.238    20.5718 0.0000e+00
      2.242     -0.168     4.9284     57.053     41.963  38.312719     2.6522      8.062   241.7901 1.1350e+01    15.5848      2.198      3.188    20.6192 0.0000e+00
      2.208     -0.153     5.0135     57.216     41.980  38.328604     2.6482      8.067   241.5818 1.1833e+01    16.2149      2.165      3.140    20.6448 0.0000e+00
      2.174     -0.149     5.0667     57.260     41.940  38.291809     2.6281      8.071   241.3569 1.2342e+01    16.4783      2.132      3.092    20.6489 0.0000e+00
      2.142     -0.160     5.0985     57.200     41.820  38.185123     2.6171      8.074   241.2214 1.2920e+01    16.3096      2.101      3.047    20.6472 0.0000e+00
