Data/DataNotYetUploadedToEDI/Raw_CTD/RawDownloads/100124_fcr10_S7809001.cnv
* Sea-Bird SBE19plus  Data File:
* FileName = C:\R\Reservoirs\Data\DataNotYetUploadedToEDI\Raw_CTD\RawDownloads\100124_fcr10_S7809_0001.hex
* Software version 2.8.0.119
* Temperature SN = 7809
* Conductivity SN = 7809
* System UpLoad Time = Oct 01 2024 17:22:41
* <ApplicationData>
* <Seaterm232>
# nquan = 15
# nvalues = 783                         
# units = specified
# name 0 = depFM: Depth [fresh water, m]
# name 1 = dz/dtM: Descent Rate [m/s]
# name 2 = sbeox0Mg/L: Oxygen, SBE 43 [mg/l]
# name 3 = sbeox0PS: Oxygen, SBE 43 [% saturation]
# name 4 = specc: Specific Conductance [uS/cm]
# name 5 = c0uS/cm: Conductivity [uS/cm]
# name 6 = flECO-AFL: Fluorescence, WET Labs ECO-AFL/FL [mg/m^3]
# name 7 = ph: pH
# name 8 = orp: Oxidation Reduction Potential [mV]
# name 9 = par/sat/log: PAR/Logarithmic, Satlantic
# name 10 = turbWETntu0: Turbidity, WET Labs ECO [NTU]
# name 11 = prdM: Pressure, Strain Gauge [db]
# name 12 = prdE: Pressure, Strain Gauge [psi]
# name 13 = tv290C: Temperature [ITS-90, deg C]
# name 14 = flag:  0.000e+00
# span 0 =     -0.671,      2.328       
# span 1 =     -0.329,      0.252       
# span 2 =     3.3886,     8.3618       
# span 3 =     38.047,     93.803       
# span 4 =      2.736,     45.573       
# span 5 =   2.516517,  41.783131       
# span 6 =    -0.1872,     9.7238       
# span 7 =     -2.218,      7.995       
# span 8 =  -558.1146,  1240.2209       
# span 9 = 8.0308e+00, 5.5180e+02       
# span 10 =     1.2318,   126.7361      
# span 11 =     -0.659,      2.284      
# span 12 =     -0.956,      3.312      
# span 13 =    20.2463,    21.0467      
# span 14 = 0.0000e+00, 0.0000e+00      
# interval = seconds: 0.25
# start_time = Oct 01 2024 09:58:04 [Instrument's time stamp, header]
# bad_flag = -9.990e-29
*END*
[from data line 193]
      0.009      0.001     6.5515     70.549     40.653  37.440102     4.4723      7.651   202.6446 2.2538e+02     3.5758      0.009      0.013    21.0436 0.0000e+00
      0.010      0.001     6.4453     70.174     40.638  37.426849     4.4683      7.655   202.7903 2.2487e+02     3.5354      0.010      0.014    21.0438 0.0000e+00
      0.010      0.001     6.3691     69.863     40.623  37.412971     4.4902      7.659   202.9449 2.2422e+02     3.5916      0.009      0.014    21.0439 0.0000e+00
      0.010      0.001     6.3188     69.635     40.608  37.399218     4.5199      7.663   203.0514 2.2371e+02     3.6753      0.009      0.014    21.0437 0.0000e+00
      0.011      0.001     6.2812     69.481     40.595  37.387471     4.5527      7.665   203.1309 2.2217e+02     3.7276      0.010      0.015    21.0440 0.0000e+00
      0.011      0.001     6.2480     69.360     40.606  37.397855     4.5782      7.667   203.2180 2.2000e+02     3.7453      0.010      0.015    21.0443 0.0000e+00
      0.011      0.001     6.2191     69.251     40.606  37.397854     4.5875      7.670   203.3303 2.1918e+02     3.7870      0.011      0.016    21.0445 0.0000e+00
      0.011      0.001     6.1986     69.157     40.595  37.387460     4.5823      7.675   203.4560 2.1868e+02     3.7538      0.011      0.016    21.0444 0.0000e+00
      0.012      0.001     6.1875     69.092     40.608  37.399091     4.5562      7.679   203.4470 2.1769e+02     3.5832      0.012      0.017    21.0442 0.0000e+00
      0.012      0.002     6.1770     69.092     40.621  37.411573     4.5215      7.681   203.4801 2.1649e+02     3.4997      0.011      0.017    21.0441 0.0000e+00
      0.012      0.002     6.1666     69.149     40.620  37.411469     4.5043      7.684   203.6837 2.1405e+02     3.5305      0.011      0.017    21.0441 0.0000e+00
      0.013      0.003     6.1589     69.198     40.605  37.397834     4.4980      7.686   203.8444 2.1173e+02     3.5454      0.013      0.018    21.0441 0.0000e+00
      0.014      0.003     6.1506     69.210     40.579  37.373625     4.4792      7.687   204.0465 2.1055e+02     3.5430      0.014      0.020    21.0444 0.0000e+00
      0.015      0.003     6.1506     69.212     40.578  37.372576     4.4515      7.691   204.2346 2.0933e+02     3.5359      0.014      0.020    21.0447 0.0000e+00
      0.016      0.002     6.1591     69.214     40.591  37.385153     4.4292      7.694   204.2255 2.0867e+02     3.5283      0.016      0.024    21.0448 0.0000e+00
      0.017      0.001     6.1645     69.224     40.606  37.398788     4.4426      7.695   204.2800 2.0922e+02     3.5536      0.018      0.026    21.0454 0.0000e+00
      0.017      0.001     6.1633     69.244     40.619  37.410525     4.4966      7.695   204.5505 2.1027e+02     3.6365      0.018      0.026    21.0456 0.0000e+00
      0.015      0.001     6.1638     69.244     40.608  37.400150     4.5418      7.695   204.7424 2.1055e+02     3.6767      0.015      0.021    21.0455 0.0000e+00
      0.014      0.001     6.1643     69.239     40.608  37.400256     4.5488      7.696   204.7069 2.0990e+02     3.6301      0.012      0.018    21.0457 0.0000e+00
      0.016      0.002     6.1634     69.257     40.621  37.411802     4.5473      7.698   204.8103 2.0972e+02     3.6539      0.016      0.023    21.0458 0.0000e+00
      0.018      0.003     6.1681     69.278     40.623  37.412842     4.5900      7.700   205.0461 2.0942e+02     3.7938      0.019      0.027    21.0457 0.0000e+00
      0.018      0.003     6.1672     69.283     40.623  37.412833     4.6492      7.703   205.2351 2.0864e+02     3.8859      0.017      0.025    21.0451 0.0000e+00
      0.019      0.002     6.1644     69.253     40.622  37.411698     4.6638      7.704   205.4599 2.0814e+02     3.8800      0.018      0.026    21.0449 0.0000e+00
      0.020      0.001     6.1686     69.178     40.608  37.399123     4.6415      7.704   205.6138 2.0719e+02     3.8245      0.020      0.029    21.0448 0.0000e+00
      0.021      0.000     6.1699     69.089     40.595  37.387690     4.6123      7.703   205.8053 2.0660e+02     3.7959      0.021      0.031    21.0445 0.0000e+00
      0.021      0.001     6.1714     68.991     40.610  37.400371     4.5940      7.701   206.0537 2.0796e+02     3.8424      0.021      0.031    21.0443 0.0000e+00
      0.019      0.002     6.1697     68.893     40.637  37.425543     4.5954      7.700   206.2087 2.1069e+02     3.8738      0.019      0.028    21.0445 0.0000e+00
      0.017      0.003     6.1605     68.850     40.652  37.438225     4.6036      7.699   206.3881 2.1177e+02     3.8677      0.016      0.022    21.0447 0.0000e+00
      0.018      0.004     6.1531     68.835     40.640  37.426792     4.5850      7.697   206.6747 2.0983e+02     3.8370      0.015      0.022    21.0443 0.0000e+00
      0.022      0.004     6.1457     68.776     40.626  37.414225     4.5453      7.696   206.9206 2.0793e+02     3.8094      0.022      0.031    21.0434 0.0000e+00
      0.027      0.004     6.1327     68.681     40.625  37.413186     4.5314      7.696   207.0381 2.0820e+02     3.8417      0.028      0.040    21.0424 0.0000e+00
      0.028      0.004     6.1304     68.569     40.625  37.414225     4.5339      7.697   207.1495 2.0990e+02     3.8521      0.029      0.042    21.0419 0.0000e+00
      0.026      0.003     6.1337     68.488     40.638  37.426792     4.5092      7.699   207.3200 2.1084e+02     3.7976      0.025      0.036    21.0420 0.0000e+00
      0.023      0.000     6.1257     68.499     40.650  37.438224     4.4736      7.701   207.4655 2.0985e+02     3.7641      0.021      0.031    21.0421 0.0000e+00
      0.023     -0.003     6.1179     68.603     40.637  37.425543     4.4618      7.704   207.5319 2.0845e+02     3.7889      0.021      0.031    21.0426 0.0000e+00
      0.026     -0.004     6.1061     68.745     40.610  37.400371     4.4656      7.706   207.6069 2.0817e+02     3.8581      0.026      0.037    21.0438 0.0000e+00
      0.026     -0.003     6.0958     68.878     40.597  37.387689     4.4942      7.706   207.6847 2.0995e+02     3.8155      0.028      0.040    21.0446 0.0000e+00
      0.023     -0.002     6.0970     68.968     40.610  37.399112     4.5500      7.707   207.7833 2.1360e+02     3.6145      0.023      0.033    21.0441 0.0000e+00
      0.018     -0.002     6.1087     69.010     40.622  37.411574     4.5830      7.707   207.9392 2.1661e+02     3.5130      0.016      0.024    21.0435 0.0000e+00
      0.017     -0.002     6.1231     69.039     40.621  37.411469     4.5768      7.708   208.0205 2.1668e+02     3.5789      0.015      0.022    21.0427 0.0000e+00
      0.019     -0.001     6.1355     69.052     40.606  37.397843     4.5421      7.711   208.0783 2.1447e+02     3.7276      0.019      0.027    21.0419 0.0000e+00
      0.022      0.000     6.1452     69.044     40.579  37.373730     4.4873      7.713   208.1213 2.1275e+02     3.8420      0.022      0.032    21.0418 0.0000e+00
      0.022      0.001     6.1455     69.034     40.579  37.373730     4.4478      7.714   208.1964 2.1227e+02     3.8003      0.023      0.033    21.0424 0.0000e+00
      0.021      0.001     6.1494     69.032     40.606  37.397843     4.4388      7.715   208.4706 2.1230e+02     3.7012      0.020      0.030    21.0434 0.0000e+00
      0.019      0.000     6.1507     69.053     40.621  37.411460     4.4452      7.718   208.6826 2.1239e+02     3.6697      0.018      0.027    21.0444 0.0000e+00
      0.018     -0.001     6.1485     69.103     40.621  37.411468     4.5251      7.720   208.6956 2.1175e+02     3.7272      0.017      0.025    21.0453 0.0000e+00
      0.019     -0.001     6.1481     69.162     40.606  37.397945     4.6645      7.723   208.7996 2.1088e+02     3.7806      0.018      0.027    21.0458 0.0000e+00
      0.021     -0.002     6.1464     69.197     40.581  37.374862     4.7235      7.726   208.9931 2.1078e+02     3.7681      0.021      0.031    21.0456 0.0000e+00
      0.022     -0.004     6.1488     69.193     40.593  37.386191     4.7144      7.729   209.0566 2.1156e+02     3.7477      0.022      0.032    21.0452 0.0000e+00
      0.020     -0.005     6.1534     69.155     40.616  37.408006     4.6700      7.730   209.0507 2.1318e+02     3.7733      0.020      0.029    21.0448 0.0000e+00
      0.016     -0.005     6.1606     69.114     40.591  37.384818     4.5948      7.733   209.0933 2.1486e+02     3.8388      0.016      0.023    21.0446 0.0000e+00
      0.012     -0.001     6.1635     69.102     40.563  37.359647     4.5462      7.735   209.1422 2.1652e+02     3.8567      0.012      0.017    21.0447 0.0000e+00
      0.011      0.004     6.1636     69.121     40.561  37.357472     4.5152      7.736   209.2118 2.1723e+02     3.8188      0.010      0.014    21.0447 0.0000e+00
      0.011      0.007     6.1589     69.157     40.562  37.358522     4.5365      7.736   209.3329 2.1461e+02     3.7560      0.009      0.013    21.0453 0.0000e+00
      0.016      0.008     6.1534     69.199     40.577  37.372338     4.6115      7.736   209.4884 2.0920e+02     3.6777      0.014      0.021    21.0459 0.0000e+00
      0.025      0.008     6.1533     69.254     40.604  37.397614     4.6487      7.735   209.7147 2.0531e+02     3.6239      0.026      0.037    21.0463 0.0000e+00
      0.030      0.008     6.1546     69.302     40.618  37.410324     4.6362      7.732   210.0038 2.0601e+02     3.5836      0.033      0.048    21.0467 0.0000e+00
      0.027      0.006     6.1595     69.332     40.606  37.399101     4.5692      7.729   210.3171 2.0829e+02     3.6004      0.027      0.040    21.0466 0.0000e+00
      0.022      0.003     6.1611     69.334     40.596  37.388822     4.4714      7.726   210.5771 2.0870e+02     3.7244      0.018      0.026    21.0466 0.0000e+00
      0.022     -0.001     6.1683     69.321     40.622  37.412956     4.4349      7.725   210.6529 2.0715e+02     3.8534      0.020      0.029    21.0461 0.0000e+00
      0.027     -0.002     6.1721     69.312     40.648  37.437080     4.4525      7.725   210.6309 2.0501e+02     3.8958      0.028      0.041    21.0456 0.0000e+00
      0.030      0.000     6.1752     69.271     40.638  37.426688     4.4855      7.726   210.6549 2.0505e+02     3.8612      0.031      0.046    21.0458 0.0000e+00
      0.027      0.001     6.1760     69.212     40.625  37.414215     4.5332      7.729   210.6856 2.0755e+02     3.8102      0.027      0.039    21.0456 0.0000e+00
      0.023      0.000     6.1714     69.152     40.624  37.413184     4.5712      7.732   210.7443 2.0871e+02     3.8266      0.022      0.031    21.0451 0.0000e+00
      0.022      0.000     6.1755     69.057     40.626  37.414216     4.5882      7.734   210.8476 2.0661e+02     3.8885      0.020      0.029    21.0444 0.0000e+00
      0.025      0.000     6.1696     68.916     40.641  37.426689     4.5807      7.738   210.9885 2.0410e+02     3.8759      0.024      0.035    21.0437 0.0000e+00
      0.028      0.001     6.1630     68.747     40.653  37.437081     4.5633      7.742   211.1570 2.0348e+02     3.7767      0.028      0.041    21.0434 0.0000e+00
      0.029      0.001     6.1606     68.588     40.627  37.412957     4.5611      7.745   211.2500 2.0393e+02     3.7144      0.029      0.042    21.0427 0.0000e+00
      0.028      0.001     6.1519     68.479     40.601  37.388826     4.5701      7.746   211.3386 2.0450e+02     3.7370      0.027      0.039    21.0413 0.0000e+00
      0.025      0.001     6.1391     68.415     40.612  37.399129     4.5894      7.748   211.4539 2.0485e+02     3.7765      0.024      0.035    21.0402 0.0000e+00
      0.024      0.001     6.1229     68.370     40.625  37.410623     4.6028      7.750   211.3536 2.0473e+02     3.8167      0.023      0.033    21.0398 0.0000e+00
      0.026      0.001     6.1067     68.322     40.615  37.400888     4.5910      7.752   211.1588 2.0404e+02     3.8470      0.024      0.035    21.0397 0.0000e+00
      0.029      0.001     6.0978     68.249     40.624  37.408334     4.5715      7.756   211.1634 2.0283e+02     3.8349      0.028      0.041    21.0399 0.0000e+00
      0.030      0.001     6.0933     68.173     40.654  37.437197     4.5668      7.760   211.3237 2.0259e+02     3.8412      0.031      0.045    21.0393 0.0000e+00
      0.029      0.001     6.0892     68.100     40.649  37.432597     4.5758      7.763   211.5475 2.0372e+02     3.8548      0.028      0.042    21.0382 0.0000e+00
      0.027      0.000     6.0873     68.031     40.631  37.416163     4.5806      7.764   211.7185 2.0407e+02     3.7948      0.025      0.037    21.0378 0.0000e+00
      0.026 -1.863e-08     6.0785     68.005     40.645  37.428867     4.5748      7.764   211.7562 2.0319e+02     3.7308      0.024      0.035    21.0380 0.0000e+00
      0.027 -2.050e-07     6.0717     68.010     40.679  37.459294     4.5718      7.766   211.7455 2.0246e+02     3.7294      0.026      0.037    21.0380 0.0000e+00
      0.028      0.000     6.0669     68.020     40.687  37.466775     4.6114      7.768   211.7617 2.0190e+02     3.7780      0.028      0.040    21.0382 0.0000e+00
      0.029      0.000     6.0567     68.036     40.676  37.455867     4.6870      7.770   211.7796 2.0128e+02     3.8410      0.029      0.042    21.0386 0.0000e+00
      0.029     -0.001     6.0565     68.036     40.674  37.454308     4.7123      7.772   211.9623 2.0197e+02     3.8418      0.029      0.042    21.0383 0.0000e+00
      0.027     -0.001     6.0580     68.009     40.667  37.447924     4.6839      7.773   212.3357 2.0343e+02     3.7864      0.027      0.039    21.0377 0.0000e+00
      0.025     -0.001     6.0577     67.953     40.662  37.442134     4.6436      7.774   212.5086 2.0360e+02     3.7519      0.023      0.035    21.0374 0.0000e+00
      0.025     -0.001     6.0611     67.852     40.669  37.447754     4.5995      7.776   212.5043 2.0300e+02     3.8018      0.024      0.034    21.0371 0.0000e+00
      0.026     -0.002     6.0610     67.717     40.675  37.452421     4.5838      7.778   212.5413 2.0236e+02     3.8764      0.026      0.037    21.0369 0.0000e+00
      0.028     -0.003     6.0582     67.582     40.656  37.435115     4.5860      7.779   212.6119 2.0132e+02     3.8686      0.027      0.039    21.0366 0.0000e+00
      0.029     -0.005     6.0548     67.482     40.649  37.428873     4.5762      7.780   212.7554 2.0127e+02     3.8105      0.029      0.042    21.0355 0.0000e+00
      0.027     -0.008     6.0452     67.425     40.662  37.440402     4.5656      7.780   212.9861 2.0291e+02     3.7884      0.028      0.041    21.0342 0.0000e+00
      0.022     -0.011     6.0320     67.383     40.670  37.447602     4.5737      7.780   213.2503 2.0503e+02     3.8409      0.022      0.031    21.0341 0.0000e+00
      0.016     -0.013     6.0190     67.368     40.676  37.452475     4.5917      7.780   213.3684 2.0730e+02     3.8981      0.014      0.021    21.0342 0.0000e+00
      0.013     -0.015     6.0090     67.400     40.659  37.435859     4.5922      7.781   213.2954 2.0921e+02     3.8657      0.012      0.018    21.0340 0.0000e+00
      0.012     -0.017     6.0063     67.431     40.660  37.437056     4.5880      7.783   213.1419 2.1080e+02     3.7912      0.011      0.017    21.0340 0.0000e+00
      0.009     -0.017     6.0018     67.450     40.693  37.466953     4.5905      7.784   213.0611 2.1364e+02     3.7832      0.008      0.012    21.0338 0.0000e+00
      0.005     -0.016     5.9982     67.517     40.707  37.480063     4.5891      7.786   213.1791 2.1674e+02     3.8371      0.006      0.008    21.0329 0.0000e+00
     -0.003     -0.014     6.0045     67.612     40.695  37.468664     4.5963      7.787   213.2780 2.2008e+02     3.8618     -0.003     -0.003    21.0318 0.0000e+00
     -0.010     -0.011     6.0089     67.702     40.682  37.456038     4.6110      7.787   213.2247 2.2418e+02     3.8082     -0.013     -0.017    21.0311 0.0000e+00
