Data/DataNotYetUploadedToEDI/Raw_CTD/RawDownloads/100124_fcr30_S7809003.cnv
* Sea-Bird SBE19plus  Data File:
* FileName = C:\R\Reservoirs\Data\DataNotYetUploadedToEDI\Raw_CTD\RawDownloads\100124_fcr10_S7809_0003.hex
* Software version 2.8.0.119
* Temperature SN = 7809
* Conductivity SN = 7809
* System UpLoad Time = Oct 01 2024 17:23:35
* <ApplicationData>
* <Seaterm232>
# nquan = 15
# nvalues = 1199                        
# units = specified
# name 0 = depFM: Depth [fresh water, m]
# name 1 = dz/dtM: Descent Rate [m/s]
# name 2 = sbeox0Mg/L: Oxygen, SBE 43 [mg/l]
# name 3 = sbeox0PS: Oxygen, SBE 43 [% saturation]
# name 4 = specc: Specific Conductance [uS/cm]
# name 5 = c0uS/cm: Conductivity [uS/cm]
# name 6 = flECO-AFL: Fluorescence, WET Labs ECO-AFL/FL [mg/m^3]
# name 7 = ph: pH
# name 8 = orp: Oxidation Reduction Potential [mV]
# name 9 = par/sat/log: PAR/Logarithmic, Satlantic
# name 10 = turbWETntu0: Turbidity, WET Labs ECO [NTU]
# name 11 = prdM: Pressure, Strain Gauge [db]
# name 12 = prdE: Pressure, Strain Gauge [psi]
# name 13 = tv290C: Temperature [ITS-90, deg C]
# name 14 = flag:  0.000e+00
# span 0 =     -0.668,      5.474       
# span 1 =     -0.350,      0.213       
# span 2 =     0.0631,     8.5373       
# span 3 =      0.720,     95.713       
# span 4 =      0.800,     75.422       
# span 5 =   0.720622,  61.990265       
# span 6 =    -0.0745,     8.9876       
# span 7 =      7.689,      8.554       
# span 8 =   126.1938,  1240.2295       
# span 9 = 1.2369e-01, 6.3911e+02       
# span 10 =     0.9890,   305.4338      
# span 11 =     -0.656,      5.369      
# span 12 =     -0.951,      7.787      
# span 13 =    13.5383,    21.1263      
# span 14 = 0.0000e+00, 0.0000e+00      
# interval = seconds: 0.25
# start_time = Oct 01 2024 10:28:53 [Instrument's time stamp, header]
# bad_flag = -9.990e-29
*END*
[from data line 868]
      3.255      0.048     0.3403      1.646     44.948  40.297492     5.4010      8.107   248.1464 3.2483e+00     7.6378      3.192      4.630    19.9343 0.0000e+00
      3.268      0.043     0.2746      1.256     44.930  40.264553     4.8966      8.104   248.4469 3.1858e+00     7.5390      3.206      4.648    19.8990 0.0000e+00
      3.278      0.036     0.2311      0.964     44.870  40.198771     4.8576      8.101   248.7629 3.1338e+00     7.6220      3.215      4.662    19.8703 0.0000e+00
      3.287      0.027     0.1890      0.792     44.810  40.136760     4.8209      8.098   248.9564 3.0870e+00     7.5487      3.225      4.677    19.8446 0.0000e+00
      3.293      0.019     0.1494      0.720     44.758  40.085937     4.7360      8.095   249.0656 3.0669e+00     7.2681      3.231      4.686    19.8210 0.0000e+00
      3.295      0.014     0.1112      0.746     44.899  40.218909     4.6885      8.091   249.1366 3.0731e+00     7.0980      3.232      4.688    19.7999 0.0000e+00
      3.295      0.013     0.0836      0.893     45.320  40.602154     4.6872      8.088   249.2126 3.0963e+00     7.0970      3.232      4.687    19.7902 0.0000e+00
      3.295      0.015     0.0694      1.153     45.820  41.038775     4.7451      8.086   249.2096 3.1044e+00     7.1539      3.230      4.685    19.7797 0.0000e+00
      3.298      0.020     0.0631      1.493     46.229  41.372774     4.8557      8.084   249.1871 3.0737e+00     7.1711      3.231      4.688    19.7702 0.0000e+00
      3.304      0.026     0.0639      1.853     46.519  41.594054     4.9093      8.082   249.2837 3.0286e+00     7.1344      3.238      4.698    19.7831 0.0000e+00
      3.314      0.033     0.0777      2.147     46.799  41.810164     4.9023      8.079   249.4312 2.9813e+00     7.1194      3.250      4.713    19.7996 0.0000e+00
      3.325      0.040     0.1029      2.310     47.274  42.208578     4.8635      8.076   249.5072 2.9338e+00     6.9564      3.261      4.729    19.7867 0.0000e+00
      3.335      0.045     0.1353      2.338     47.957  42.793414     4.8057      8.073   249.4287 2.8983e+00     6.6661      3.271      4.745    19.7464 0.0000e+00
      3.345      0.048     0.1719      2.254     48.496  43.232391     4.7694      8.068   249.4296 2.8546e+00     6.5131      3.280      4.758    19.6982 0.0000e+00
      3.358      0.049     0.2015      2.100     48.663  43.326992     4.7492      8.065   249.6040 2.7815e+00     6.4383      3.291      4.775    19.6609 0.0000e+00
      3.373      0.048     0.2157      1.911     48.758  43.365891     4.7358      8.065   249.7300 2.7040e+00     6.3766      3.308      4.798    19.6370 0.0000e+00
      3.389      0.048     0.2182      1.718     49.100  43.639176     4.7074      8.064   249.8346 2.6493e+00     6.3485      3.325      4.821    19.6202 0.0000e+00
      3.401      0.047     0.2087      1.565     49.575  44.028757     4.6642      8.061   250.0076 2.6196e+00     6.3033      3.336      4.839    19.5763 0.0000e+00
      3.409      0.046     0.1936      1.461     50.099  44.458155     4.6544      8.059   250.1875 2.5821e+00     6.2058      3.342      4.847    19.5069 0.0000e+00
      3.419      0.044     0.1763      1.392     50.560  44.831893     4.6559      8.057   250.2890 2.5231e+00     6.0922      3.351      4.860    19.4576 0.0000e+00
      3.431      0.042     0.1558      1.356     50.711  44.929303     4.6146      8.054   250.2889 2.4714e+00     6.0228      3.365      4.880    19.4387 0.0000e+00
      3.444      0.042     0.1425      1.355     50.753  44.937629     4.5470      8.050   250.2714 2.4337e+00     5.9822      3.378      4.899    19.4045 0.0000e+00
      3.455      0.041     0.1332      1.375     50.839  44.996012     4.5125      8.045   250.2495 2.4064e+00     5.9764      3.389      4.916    19.3622 0.0000e+00
      3.465      0.040     0.1275      1.394     50.935  45.063871     4.5051      8.041   250.1973 2.3915e+00     5.9528      3.399      4.930    19.3368 0.0000e+00
      3.473      0.038     0.1237      1.412     51.170  45.250246     4.3583      8.039   250.1559 2.3671e+00     5.7994      3.406      4.940    19.2896 0.0000e+00
      3.482      0.037     0.1240      1.429     51.524  45.535482     4.0691      8.036   250.0939 2.3294e+00     5.5560      3.414      4.952    19.2601 0.0000e+00
      3.492      0.037     0.1277      1.450     51.914  45.846427     3.9049      8.032   250.0491 2.3029e+00     5.4353      3.425      4.967    19.2527 0.0000e+00
      3.501      0.038     0.1282      1.466     52.521  46.343596     3.8879      8.030   250.0449 2.2867e+00     5.5019      3.434      4.980    19.2321 0.0000e+00
      3.510      0.040     0.1310      1.466     53.443  47.102840     3.7466      8.027   249.9574 2.2586e+00     5.5071      3.441      4.992    19.2131 0.0000e+00
      3.520      0.043     0.1316      1.458     54.525  47.979495     3.4782      8.025   249.8514 2.2177e+00     5.3262      3.452      5.007    19.1870 0.0000e+00
      3.531      0.046     0.1342      1.450     55.652  48.880186     3.3487      8.022   249.7949 2.1755e+00     5.1597      3.463      5.023    19.1508 0.0000e+00
      3.544      0.048     0.1366      1.434     56.519  49.548720     3.3371      8.019   249.7044 2.1290e+00     5.1342      3.475      5.039    19.1192 0.0000e+00
      3.557      0.050     0.1358      1.404     57.023  49.903864     3.2968      8.016   249.6179 2.0863e+00     5.1538      3.489      5.059    19.0737 0.0000e+00
      3.572      0.050     0.1353      1.386     57.354  50.126389     3.2268      8.013   249.6090 2.0528e+00     5.0894      3.503      5.080    18.9973 0.0000e+00
      3.586      0.050     0.1348      1.381     57.494  50.207318     3.1742      8.010   249.5972 2.0302e+00     5.0052      3.517      5.102    18.9132 0.0000e+00
      3.598      0.049     0.1346      1.368     57.974  50.628335     3.1517      8.009   249.5611 2.0081e+00     4.9893      3.528      5.118    18.8280 0.0000e+00
      3.609      0.048     0.1298      1.357     59.184  51.724447     3.1212      8.005   249.5166 1.9674e+00     4.9311      3.539      5.132    18.7457 0.0000e+00
      3.621      0.048     0.1286      1.353     60.328  52.729014     3.0799      8.001   249.3172 1.9306e+00     4.8482      3.551      5.151    18.6905 0.0000e+00
      3.633      0.047     0.1301      1.352     60.876  53.122367     3.0519      7.997   249.0439 1.9090e+00     4.8408      3.561      5.166    18.6457 0.0000e+00
      3.645      0.046     0.1274      1.349     61.095  53.178153     3.0481      7.992   248.8791 1.8734e+00     4.8416      3.574      5.184    18.6387 0.0000e+00
      3.658      0.046     0.1265      1.346     61.626  53.530344     3.0436      7.987   248.7870 1.8253e+00     4.7905      3.587      5.203    18.7045 0.0000e+00
      3.670      0.046     0.1262      1.339     62.780  54.459190     3.0216      7.982   248.7053 1.7822e+00     4.7350      3.599      5.220    18.7346 0.0000e+00
      3.680      0.047     0.1263      1.317     64.092  55.517547     3.0071      7.977   248.6658 1.7432e+00     4.7175      3.610      5.234    18.6432 0.0000e+00
      3.690      0.048     0.1264      1.305     65.110  56.292114     3.0183      7.972   248.5667 1.7103e+00     4.7492      3.617      5.246    18.5020 0.0000e+00
      3.703      0.048     0.1259      1.315     65.579  56.583763     3.0407      7.967   248.1955 1.6768e+00     4.8107      3.630      5.265    18.4122 0.0000e+00
      3.717      0.048     0.1270      1.323     65.596  56.503136     3.0442      7.962   247.7047 1.6342e+00     4.8119      3.646      5.288    18.3743 0.0000e+00
      3.731      0.047     0.1234      1.335     65.479  56.333384     3.0276      7.957   247.1067 1.5930e+00     4.7638      3.659      5.307    18.3181 0.0000e+00
      3.744      0.046     0.1213      1.350     65.362  56.182615     3.0151      7.952   246.1280 1.5667e+00     4.7416      3.672      5.325    18.2254 0.0000e+00
      3.754      0.045     0.1253      1.348     65.293  56.077463     3.0259      7.947   244.9912 1.5407e+00     4.7492      3.682      5.340    18.1308 0.0000e+00
      3.764      0.042     0.1246      1.338     65.278  56.014662     3.0327      7.941   243.8588 1.5054e+00     4.7877      3.690      5.352    18.0562 0.0000e+00
      3.774      0.039     0.1256      1.315     65.313  55.994853     2.9977      7.936   241.7279 1.4703e+00     4.7957      3.700      5.366    18.0067 0.0000e+00
      3.785      0.035     0.1296      1.289     65.384  56.028428     2.9607      7.931   236.5204 1.4393e+00     4.7438      3.712      5.383    17.9732 0.0000e+00
      3.796      0.032     0.1268      1.283     65.454  56.103008     2.9518      7.928   228.3033 1.4274e+00     4.7058      3.724      5.401    17.9412 0.0000e+00
      3.803      0.032     0.1278      1.286     65.527  56.197968     2.9483      7.925   220.3278 1.4327e+00     4.7469      3.732      5.413    17.9005 0.0000e+00
      3.807      0.035     0.1253      1.282     65.856  56.477968     2.9435      7.922   214.1686 1.4356e+00     4.8309      3.735      5.417    17.8580 0.0000e+00
      3.810      0.042     0.1209      1.270     66.556  57.011343     2.9440      7.919   209.1565 1.4195e+00     4.8684      3.734      5.416    17.8263 0.0000e+00
      3.819      0.051     0.1220      1.266     67.273  57.502035     2.9371      7.917   205.3276 1.3851e+00     4.8240      3.742      5.428    17.8446 0.0000e+00
      3.836      0.059     0.1220      1.271     67.760  57.773944     2.8776      7.913   202.7197 1.3446e+00     4.8064      3.761      5.454    17.8907 0.0000e+00
      3.858      0.063     0.1223      1.276     67.968  57.821544     2.7894      7.910   200.4253 1.2971e+00     4.9286      3.782      5.485    17.8939 0.0000e+00
      3.881      0.062     0.1199      1.280     67.925  57.696276     2.7532      7.907   196.8591 1.2563e+00     5.0381      3.806      5.520    17.8430 0.0000e+00
      3.902      0.052     0.1200      1.272     67.762  57.529619     2.7567      7.905   192.0375 1.2342e+00     5.0369      3.829      5.554    17.7382 0.0000e+00
      3.915      0.037     0.1218      1.263     67.426  57.267414     2.7563      7.903   187.9007 1.2186e+00     5.0172      3.842      5.572    17.6231 0.0000e+00
      3.920      0.020     0.1214      1.267     66.971  56.939706     2.7569      7.900   184.6119 1.2105e+00     5.0038      3.846      5.578    17.5216 0.0000e+00
      3.919      0.007     0.1234      1.271     66.931  56.997343     2.7721      7.897   181.3542 1.2178e+00     4.9774      3.844      5.576    17.4482 0.0000e+00
      3.915      0.001     0.1220      1.276     67.681  57.710328     2.7824      7.896   178.4542 1.2308e+00     4.9713      3.839      5.568    17.4309 0.0000e+00
      3.910      0.003     0.1197      1.280     68.946  58.763928     2.7810      7.895   176.0488 1.2421e+00     5.0323      3.834      5.562    17.4573 0.0000e+00
      3.906      0.013     0.1217      1.280     70.037  59.572895     2.7467      7.893   173.8665 1.2419e+00     5.1691      3.828      5.552    17.4953 0.0000e+00
      3.908      0.025     0.1212      1.284     70.492  59.805000     2.6762      7.893   171.9429 1.2236e+00     5.3269      3.828      5.552    17.5728 0.0000e+00
      3.920      0.036     0.1215      1.286     70.646  59.791414     2.6270      7.892   170.2566 1.2014e+00     5.4031      3.842      5.573    17.6646 0.0000e+00
      3.937      0.043     0.1225      1.290     70.919  59.916654     2.6011      7.890   168.6213 1.1747e+00     5.4414      3.861      5.599    17.6408 0.0000e+00
      3.954      0.046     0.1218      1.291     71.247  60.112135     2.5877      7.888   166.9695 1.1474e+00     5.5167      3.879      5.626    17.5298 0.0000e+00
      3.967      0.045     0.1236      1.283     71.537  60.249055     2.5826      7.886   165.2551 1.1385e+00     5.5963      3.893      5.646    17.4148 0.0000e+00
      3.976      0.042     0.1232      1.289     71.768  60.301473     2.5806      7.883   163.3791 1.1414e+00     5.6185      3.900      5.656    17.3004 0.0000e+00
      3.983      0.039     0.1238      1.311     71.933  60.301037     2.5721      7.882   161.3237 1.1378e+00     5.5458      3.906      5.665    17.2289 0.0000e+00
      3.989      0.039     0.1253      1.314     72.059  60.307134     2.5046      7.882   159.4179 1.1166e+00     5.7077      3.911      5.674    17.1930 0.0000e+00
      3.998      0.041     0.1226      1.292     72.132  60.311549     2.3891      7.880   157.7157 1.0890e+00     6.1754      3.919      5.685    17.1178 0.0000e+00
      4.010      0.046     0.1237      1.278     72.148  60.290810     2.3238      7.876   155.9712 1.0695e+00     6.4533      3.931      5.703    17.0066 0.0000e+00
      4.025      0.050     0.1280      1.271     72.108  60.246924     2.3223      7.874   154.4147 1.0549e+00     6.5400      3.946      5.725    16.8988 0.0000e+00
      4.040      0.052     0.1291      1.266     72.041  60.225608     2.2634      7.871   153.0069 1.0447e+00     6.9510      3.963      5.748    16.8279 0.0000e+00
      4.054      0.051     0.1240      1.271     72.066  60.287237     2.1270      7.868   151.5117 1.0382e+00     7.6642      3.975      5.765    16.7992 0.0000e+00
      4.067      0.048     0.1240      1.271     72.262  60.420372     2.0380      7.866   150.1884 1.0178e+00     8.0586      3.988      5.784    16.7759 0.0000e+00
      4.080      0.043     0.1240      1.267     72.582  60.564740     2.0288      7.864   149.0526 9.9452e-01     8.1326      4.003      5.806    16.7554 0.0000e+00
      4.090      0.039     0.1213      1.268     72.923  60.698529     2.0324      7.863   147.8453 9.8917e-01     8.4563      4.012      5.819    16.7895 0.0000e+00
      4.098      0.036     0.1242      1.264     73.326  60.894289     2.0152      7.862   146.6038 9.7772e-01     9.0353      4.018      5.828    16.8458 0.0000e+00
      4.106      0.036     0.1234      1.266     73.826  61.152670     1.9956      7.861   145.4858 9.6450e-01     9.3253      4.027      5.841    16.8312 0.0000e+00
      4.112      0.038     0.1224      1.278     74.420  61.471790     1.9781      7.859   144.3942 9.6361e-01     9.2643      4.033      5.849    16.7224 0.0000e+00
      4.120      0.042     0.1244      1.283     75.051  61.830080     1.9528      7.856   143.2992 9.5049e-01     9.2541      4.039      5.858    16.6025 0.0000e+00
      4.132      0.046     0.1229      1.282     75.422  61.990265     1.8478      7.856   142.2268 9.2068e-01     9.9881      4.053      5.877    16.5290 0.0000e+00
      4.147      0.050     0.1232      1.287     75.348  61.820081     1.6740      7.855   141.1506 8.9080e-01    11.3416      4.066      5.897    16.4187 0.0000e+00
      4.162      0.053     0.1259      1.305     74.788  61.297055     1.5836      7.853   140.2680 8.7116e-01    12.0234      4.081      5.920    16.2912 0.0000e+00
      4.177      0.054     0.1263      1.315     73.861  60.494692     1.5699      7.851   139.5566 8.6582e-01    12.1161      4.097      5.943    16.1876 0.0000e+00
      4.190      0.054     0.1264      1.315     73.272  59.932864     1.5088      7.849   138.9158 8.5783e-01    13.2138      4.111      5.961    16.0834 0.0000e+00
      4.202      0.053     0.1256      1.322     73.345  59.840340     1.4013      7.848   138.3706 8.3618e-01    15.2877      4.121      5.977    16.0065 0.0000e+00
      4.215      0.051     0.1298      1.342     73.480  59.756986     1.3525      7.845   137.8692 8.2345e-01    16.4911      4.133      5.996    15.9689 0.0000e+00
      4.229      0.049     0.1306      1.373     73.469  59.560057     1.3515      7.843   137.4135 8.2396e-01    16.6952      4.148      6.016    15.9576 0.0000e+00
