Data/DataNotYetUploadedToEDI/Raw_CTD/RawDownloads/100124_fcr30_S7809003.cnv
* Sea-Bird SBE19plus  Data File:
* FileName = C:\R\Reservoirs\Data\DataNotYetUploadedToEDI\Raw_CTD\RawDownloads\100124_fcr10_S7809_0003.hex
* Software version 2.8.0.119
* Temperature SN = 7809
* Conductivity SN = 7809
* System UpLoad Time = Oct 01 2024 17:23:35
* <ApplicationData>
* <Seaterm232>
# nquan = 15
# nvalues = 1199                        
# units = specified
# name 0 = depFM: Depth [fresh water, m]
# name 1 = dz/dtM: Descent Rate [m/s]
# name 2 = sbeox0Mg/L: Oxygen, SBE 43 [mg/l]
# name 3 = sbeox0PS: Oxygen, SBE 43 [% saturation]
# name 4 = specc: Specific Conductance [uS/cm]
# name 5 = c0uS/cm: Conductivity [uS/cm]
# name 6 = flECO-AFL: Fluorescence, WET Labs ECO-AFL/FL [mg/m^3]
# name 7 = ph: pH
# name 8 = orp: Oxidation Reduction Potential [mV]
# name 9 = par/sat/log: PAR/Logarithmic, Satlantic
# name 10 = turbWETntu0: Turbidity, WET Labs ECO [NTU]
# name 11 = prdM: Pressure, Strain Gauge [db]
# name 12 = prdE: Pressure, Strain Gauge [psi]
# name 13 = tv290C: Temperature [ITS-90, deg C]
# name 14 = flag:  0.000e+00
# span 0 =     -0.668,      5.474       
# span 1 =     -0.350,      0.213       
# span 2 =     0.0631,     8.5373       
# span 3 =      0.720,     95.713       
# span 4 =      0.800,     75.422       
# span 5 =   0.720622,  61.990265       
# span 6 =    -0.0745,     8.9876       
# span 7 =      7.689,      8.554       
# span 8 =   126.1938,  1240.2295       
# span 9 = 1.2369e-01, 6.3911e+02       
# span 10 =     0.9890,   305.4338      
# span 11 =     -0.656,      5.369      
# span 12 =     -0.951,      7.787      
# span 13 =    13.5383,    21.1263      
# span 14 = 0.0000e+00, 0.0000e+00      
# interval = seconds: 0.25
# start_time = Oct 01 2024 10:28:53 [Instrument's time stamp, header]
# bad_flag = -9.990e-29
*END*
[from data line 193]
      0.056      0.001     7.1586     77.682     40.164  37.032102     3.5664      8.191   197.8516 1.6475e+02     5.8534      0.054      0.078    21.0945 0.0000e+00
      0.056      0.000     7.0655     77.392     40.230  37.092253     3.5667      8.192   197.9898 1.6522e+02     5.8431      0.055      0.079    21.0955 0.0000e+00
      0.057      0.000     6.9968     77.170     40.230  37.092409     3.5605      8.192   198.1183 1.6558e+02     5.7644      0.056      0.081    21.0956 0.0000e+00
      0.057      0.001     6.9429     77.001     40.166  37.033988     3.5668      8.193   198.2003 1.6568e+02     5.7214      0.056      0.082    21.0955 0.0000e+00
      0.057      0.001     6.9070     76.900     40.151  37.020428     3.5934      8.195   198.2927 1.6578e+02     5.7672      0.056      0.081    21.0957 0.0000e+00
      0.057      0.001     6.8839     76.835     40.189  37.055365     3.6154      8.196   198.3748 1.6582e+02     5.7721      0.055      0.079    21.0959 0.0000e+00
      0.057      0.000     6.8647     76.781     40.211  37.075691     3.6247      8.195   198.5052 1.6607e+02     5.7456      0.055      0.081    21.0960 0.0000e+00
      0.058 -4.470e-07     6.8475     76.744     40.211  37.075822     3.6058      8.195   198.6645 1.6648e+02     5.7550      0.057      0.083    21.0960 0.0000e+00
      0.058      0.000     6.8411     76.739     40.190  37.056957     3.5613      8.196   198.8375 1.6712e+02     5.7827      0.057      0.082    21.0963 0.0000e+00
      0.057      0.000     6.8358     76.759     40.170  37.037951     3.5536      8.197   198.9635 1.6716e+02     5.8078      0.056      0.082    21.0966 0.0000e+00
      0.057     -0.001     6.8306     76.754     40.168  37.036377     3.5702      8.198   199.0690 1.6684e+02     5.7508      0.056      0.081    21.0965 0.0000e+00
      0.057     -0.002     6.8270     76.738     40.169  37.037936     3.5787      8.199   199.2523 1.6715e+02     5.5713      0.056      0.082    21.0969 0.0000e+00
      0.057     -0.002     6.8251     76.725     40.189  37.056801     3.5983      8.199   199.4589 1.6842e+02     5.4141      0.056      0.082    21.0970 0.0000e+00
      0.056     -0.002     6.8316     76.704     40.208  37.074110     3.6164      8.198   199.5017 1.7022e+02     5.4216      0.055      0.079    21.0967 0.0000e+00
      0.054     -0.001     6.8285     76.685     40.190  37.056857     3.6227      8.198   199.4266 1.7198e+02     5.4911      0.053      0.077    21.0966 0.0000e+00
      0.054     -0.000     6.8265     76.663     40.170  37.038549     3.6239      8.199   199.5834 1.7324e+02     5.5372      0.053      0.077    21.0972 0.0000e+00
      0.054      0.000     6.8268     76.620     40.175  37.043113     3.6145      8.200   199.8480 1.7333e+02     5.6031      0.053      0.077    21.0976 0.0000e+00
      0.055      0.000     6.8236     76.594     40.181  37.048583     3.6001      8.201   199.9589 1.7364e+02     5.6391      0.054      0.080    21.0975 0.0000e+00
      0.056      0.001     6.8222     76.619     40.173  37.041242     3.5925      8.202   200.0642 1.7430e+02     5.6650      0.056      0.081    21.0973 0.0000e+00
      0.056      0.001     6.8219     76.629     40.148  37.017798     3.6059      8.202   200.1755 1.7478e+02     5.7450      0.055      0.080    21.0968 0.0000e+00
      0.055      0.000     6.8167     76.620     40.150  37.018942     3.6209      8.201   200.2718 1.7608e+02     5.7873      0.054      0.079    21.0967 0.0000e+00
      0.055      0.000     6.8107     76.657     40.190  37.055062     3.6068      8.201   200.4533 1.7642e+02     5.7322      0.054      0.078    21.0968 0.0000e+00
      0.056      0.000     6.8183     76.706     40.210  37.073803     3.5943      8.202   200.6495 1.7628e+02     5.6589      0.055      0.079    21.0966 0.0000e+00
      0.056      0.001     6.8193     76.724     40.190  37.055185     3.5935      8.202   200.7520 1.7723e+02     5.6184      0.055      0.079    21.0966 0.0000e+00
      0.056      0.002     6.8135     76.743     40.152  37.020315     3.5722      8.202   200.8321 1.7741e+02     5.6184      0.055      0.080    21.0962 0.0000e+00
      0.057      0.002     6.8198     76.759     40.166  37.032915     3.5286      8.202   201.0154 1.7796e+02     5.6595      0.056      0.081    21.0959 0.0000e+00
      0.058      0.002     6.8271     76.751     40.218  37.080623     3.4907      8.202   201.1617 1.7937e+02     5.6705      0.057      0.082    21.0959 0.0000e+00
      0.058      0.002     6.8249     76.717     40.228  37.089511     3.4716      8.203   201.2246 1.7928e+02     5.6493      0.057      0.083    21.0955 0.0000e+00
      0.058      0.001     6.8280     76.661     40.215  37.076924     3.4726      8.203   201.3451 1.7850e+02     5.6770      0.057      0.082    21.0955 0.0000e+00
      0.058      0.001     6.8304     76.612     40.192  37.055340     3.4858      8.203   201.5006 1.7820e+02     5.7324      0.057      0.082    21.0953 0.0000e+00
      0.059      0.001     6.8289     76.592     40.152  37.018911     3.4904      8.204   201.6415 1.7865e+02     5.7384      0.058      0.084    21.0949 0.0000e+00
      0.059      0.002     6.8271     76.608     40.150  37.017187     3.4867      8.206   201.7585 1.7960e+02     5.6806      0.058      0.085    21.0946 0.0000e+00
      0.059      0.004     6.8198     76.662     40.168  37.034492     3.5077      8.206   201.8821 1.7950e+02     5.6831      0.057      0.083    21.0940 0.0000e+00
      0.059      0.005     6.8155     76.712     40.171  37.037780     3.5525      8.206   202.0181 1.7872e+02     5.7685      0.057      0.083    21.0937 0.0000e+00
      0.061      0.005     6.8135     76.732     40.192  37.056943     3.5705      8.206   202.1125 1.7786e+02     5.7906      0.059      0.086    21.0938 0.0000e+00
      0.064      0.006     6.8144     76.747     40.213  37.075836     3.5582      8.208   202.1624 1.7691e+02     5.7453      0.063      0.092    21.0940 0.0000e+00
      0.067      0.008     6.8205     76.741     40.213  37.075851     3.5292      8.208   202.1912 1.7705e+02     5.6643      0.067      0.097    21.0943 0.0000e+00
      0.067      0.011     6.8275     76.710     40.192  37.057115     3.5025      8.208   202.2886 1.7783e+02     5.5970      0.067      0.096    21.0949 0.0000e+00
      0.066      0.014     6.8259     76.703     40.173  37.039667     3.5016      8.207   202.4794 1.7764e+02     5.6500      0.063      0.091    21.0953 0.0000e+00
      0.069      0.014     6.8288     76.684     40.189  37.055257     3.5101      8.207   202.6053 1.7510e+02     5.7581      0.065      0.094    21.0951 0.0000e+00
      0.077      0.012     6.8302     76.634     40.189  37.055242     3.5223      8.208   202.6927 1.7063e+02     5.7419      0.076      0.110    21.0951 0.0000e+00
      0.087      0.010     6.8219     76.598     40.172  37.039497     3.5320      8.208   202.8478 1.6785e+02     5.6253      0.088      0.128    21.0953 0.0000e+00
      0.091      0.008     6.8254     76.558     40.190  37.055241     3.5366      8.208   203.0176 1.6860e+02     5.6125      0.091      0.133    21.0955 0.0000e+00
      0.087      0.005     6.8245     76.502     40.190  37.055241     3.5450      8.207   203.1106 1.7037e+02     5.6899      0.085      0.123    21.0956 0.0000e+00
      0.082      0.001     6.8166     76.500     40.173  37.039496     3.5412      8.206   203.1991 1.7074e+02     5.7066      0.078      0.114    21.0956 0.0000e+00
      0.081     -0.001     6.8149     76.556     40.191  37.055227     3.4990      8.206   203.3987 1.7014e+02     5.6779      0.079      0.115    21.0954 0.0000e+00
      0.084     -0.001     6.8137     76.609     40.191  37.055085     3.4429      8.207   203.5462 1.6966e+02     5.6496      0.084      0.121    21.0950 0.0000e+00
      0.087      0.000     6.8036     76.664     40.172  37.037781     3.4285      8.208   203.6045 1.7022e+02     5.6385      0.086      0.125    21.0946 0.0000e+00
      0.087      0.000     6.8032     76.715     40.171  37.036362     3.4417      8.208   203.6731 1.7146e+02     5.6806      0.086      0.125    21.0946 0.0000e+00
      0.085     -0.001     6.8134     76.752     40.173  37.037936     3.4611      8.208   203.7741 1.7236e+02     5.7477      0.084      0.121    21.0946 0.0000e+00
      0.083     -0.001     6.8147     76.754     40.193  37.056803     3.4791      8.208   203.9656 1.7314e+02     5.7670      0.081      0.118    21.0943 0.0000e+00
      0.083     -0.001     6.8216     76.708     40.212  37.074122     3.4774      8.208   204.1810 1.7294e+02     5.7437      0.080      0.116    21.0941 0.0000e+00
      0.083      0.000     6.8255     76.633     40.194  37.056973     3.4817      8.208   204.2282 1.7180e+02     5.7727      0.082      0.118    21.0936 0.0000e+00
      0.084     -0.000     6.8300     76.571     40.174  37.039825     3.4976      8.208   204.1912 1.7131e+02     5.7765      0.083      0.120    21.0931 0.0000e+00
      0.085     -0.000     6.8312     76.568     40.193  37.057144     3.4949      8.208   204.3362 1.7172e+02     5.6877      0.084      0.121    21.0931 0.0000e+00
      0.085     -0.001     6.8253     76.580     40.213  37.076010     3.4828      8.209   204.5193 1.7192e+02     5.6554      0.084      0.122    21.0934 0.0000e+00
      0.084     -0.001     6.8191     76.578     40.214  37.077570     3.4837      8.210   204.5981 1.7197e+02     5.6592      0.083      0.120    21.0936 0.0000e+00
      0.083     -0.001     6.8088     76.610     40.211  37.076009     3.4979      8.210   204.6863 1.7309e+02     5.6650      0.081      0.117    21.0940 0.0000e+00
      0.083     -0.000     6.8124     76.680     40.191  37.057143     3.5138      8.210   204.8122 1.7372e+02     5.6915      0.080      0.116    21.0945 0.0000e+00
      0.083      0.000     6.8149     76.728     40.172  37.039824     3.5083      8.211   204.9154 1.7278e+02     5.6718      0.080      0.117    21.0948 0.0000e+00
      0.084      0.001     6.8114     76.746     40.190  37.056959     3.4823      8.213   204.9876 1.7254e+02     5.6663      0.082      0.120    21.0954 0.0000e+00
      0.085      0.001     6.8136     76.771     40.209  37.073966     3.4728      8.213   205.0821 1.7299e+02     5.6938      0.084      0.122    21.0963 0.0000e+00
      0.085      0.000     6.8235     76.797     40.189  37.055087     3.5103      8.214   205.1120 1.7280e+02     5.7299      0.083      0.121    21.0967 0.0000e+00
      0.084     -0.001     6.8278     76.802     40.150  37.019059     3.5534      8.215   205.0914 1.7295e+02     5.7616      0.082      0.119    21.0967 0.0000e+00
      0.083     -0.001     6.8266     76.772     40.150  37.019073     3.5532      8.215   205.1769 1.7342e+02     5.7349      0.081      0.118    21.0964 0.0000e+00
      0.082     -0.001     6.8307     76.732     40.189  37.055258     3.5412      8.216   205.2859 1.7366e+02     5.6805      0.081      0.118    21.0962 0.0000e+00
      0.082      0.000     6.8326     76.706     40.211  37.075852     3.5417      8.216   205.3774 1.7420e+02     5.6853      0.080      0.116    21.0963 0.0000e+00
      0.082 -2.354e-08     6.8347     76.700     40.214  37.077709     3.5499      8.217   205.5942 1.7437e+02     5.7580      0.080      0.116    21.0964 0.0000e+00
      0.083 -2.589e-07     6.8304     76.707     40.214  37.077714     3.5651      8.217   205.8420 1.7394e+02     5.7402      0.081      0.117    21.0963 0.0000e+00
      0.084 -6.315e-07     6.8261     76.717     40.212  37.075909     3.5588      8.217   205.9641 1.7415e+02     5.6410      0.083      0.119    21.0962 0.0000e+00
      0.084      0.000     6.8238     76.697     40.190  37.055888     3.5404      8.217   206.0391 1.7467e+02     5.6518      0.083      0.120    21.0963 0.0000e+00
      0.083     -0.000     6.8235     76.635     40.158  37.025996     3.5434      8.218   206.1463 1.7491e+02     5.7002      0.081      0.116    21.0962 0.0000e+00
      0.082     -0.001     6.8242     76.595     40.163  37.031763     3.5534      8.219   206.2276 1.7482e+02     5.7137      0.079      0.115    21.0960 0.0000e+00
      0.082     -0.001     6.8261     76.618     40.196  37.062165     3.5611      8.219   206.2478 1.7442e+02     5.7465      0.080      0.117    21.0961 0.0000e+00
      0.083     -0.001     6.8263     76.672     40.211  37.076311     3.5534      8.219   206.3038 1.7435e+02     5.7206      0.082      0.118    21.0961 0.0000e+00
      0.083     -0.001     6.8168     76.715     40.211  37.075895     3.5352      8.220   206.3884 1.7482e+02     5.6742      0.082      0.119    21.0961 0.0000e+00
      0.082     -0.001     6.8119     76.749     40.191  37.057133     3.5405      8.220   206.4099 1.7553e+02     5.7316      0.080      0.118    21.0962 0.0000e+00
      0.081     -0.001     6.8154     76.795     40.172  37.039824     3.5600      8.220   206.4789 1.7604e+02     5.7997      0.079      0.115    21.0965 0.0000e+00
      0.081     -0.001     6.8224     76.848     40.191  37.056974     3.5795      8.221   206.6208 1.7606e+02     5.6787      0.078      0.114    21.0967 0.0000e+00
      0.081      0.000     6.8254     76.869     40.210  37.074137     3.6013      8.221   206.7480 1.7581e+02     5.4637      0.079      0.115    21.0965 0.0000e+00
      0.082      0.000     6.8277     76.831     40.192  37.056975     3.6077      8.221   206.8988 1.7597e+02     5.4203      0.080      0.117    21.0963 0.0000e+00
      0.082      0.001     6.8320     76.761     40.174  37.039825     3.6057      8.221   207.0672 1.7621e+02     5.4954      0.081      0.117    21.0960 0.0000e+00
      0.082      0.001     6.8380     76.697     40.192  37.057145     3.6023      8.221   207.1501 1.7634e+02     5.5860      0.080      0.117    21.0958 0.0000e+00
      0.082      0.001     6.8417     76.649     40.212  37.076024     3.5840      8.222   207.1266 1.7664e+02     5.6624      0.080      0.116    21.0954 0.0000e+00
      0.082      0.001     6.8366     76.609     40.214  37.077726     3.5594      8.223   207.2122 1.7635e+02     5.6670      0.080      0.117    21.0951 0.0000e+00
      0.083      0.001     6.8292     76.602     40.214  37.077726     3.5370      8.225   207.4109 1.7585e+02     5.6765      0.081      0.117    21.0950 0.0000e+00
      0.084      0.001     6.8228     76.639     40.212  37.076024     3.5295      8.226   207.4646 1.7600e+02     5.6747      0.082      0.118    21.0949 0.0000e+00
      0.084      0.001     6.8199     76.684     40.191  37.057146     3.5194      8.227   207.5176 1.7644e+02     5.5758      0.082      0.119    21.0952 0.0000e+00
      0.083      0.001     6.8148     76.727     40.172  37.039839     3.4976      8.227   207.7066 1.7697e+02     5.4723      0.082      0.119    21.0954 0.0000e+00
      0.083      0.000     6.8128     76.762     40.191  37.057130     3.4825      8.227   207.8570 1.7721e+02     5.4473      0.081      0.118    21.0957 0.0000e+00
      0.083      0.000     6.8189     76.760     40.211  37.075854     3.4698      8.227   207.9600 1.7697e+02     5.4786      0.082      0.117    21.0958 0.0000e+00
      0.084     -0.001     6.8226     76.735     40.212  37.075854     3.4942      8.227   208.0060 1.7690e+02     5.5774      0.083      0.120    21.0960 0.0000e+00
      0.084     -0.001     6.8259     76.734     40.192  37.057131     3.5362      8.228   207.9830 1.7724e+02     5.6521      0.083      0.120    21.0965 0.0000e+00
      0.083     -0.002     6.8311     76.739     40.172  37.039838     3.5450      8.229   208.0257 1.7769e+02     5.6297      0.082      0.118    21.0968 0.0000e+00
      0.082     -0.002     6.8305     76.719     40.191  37.057129     3.5496      8.229   208.1778 1.7819e+02     5.6144      0.080      0.117    21.0967 0.0000e+00
      0.081     -0.001     6.8254     76.698     40.211  37.075836     3.5587      8.229   208.3597 1.7874e+02     5.6721      0.079      0.115    21.0960 0.0000e+00
