Data/DataNotYetUploadedToEDI/Raw_CTD/RawDownloads/100124_fcr50_S7809005.cnv
* Sea-Bird SBE19plus  Data File:
* FileName = C:\R\Reservoirs\Data\DataNotYetUploadedToEDI\Raw_CTD\RawDownloads\100124_fcr10_S7809_0005.hex
* Software version 2.8.0.119
* Temperature SN = 7809
* Conductivity SN = 7809
* System UpLoad Time = Oct 01 2024 17:24:44
* <ApplicationData>
* <Seaterm232>
# nquan = 15
# nvalues = 1560                        
# units = specified
# name 0 = depFM: Depth [fresh water, m]
# name 1 = dz/dtM: Descent Rate [m/s]
# name 2 = sbeox0Mg/L: Oxygen, SBE 43 [mg/l]
# name 3 = sbeox0PS: Oxygen, SBE 43 [% saturation]
# name 4 = specc: Specific Conductance [uS/cm]
# name 5 = c0uS/cm: Conductivity [uS/cm]
# name 6 = flECO-AFL: Fluorescence, WET Labs ECO-AFL/FL [mg/m^3]
# name 7 = ph: pH
# name 8 = orp: Oxidation Reduction Potential [mV]
# name 9 = par/sat/log: PAR/Logarithmic, Satlantic
# name 10 = turbWETntu0: Turbidity, WET Labs ECO [NTU]
# name 11 = prdM: Pressure, Strain Gauge [db]
# name 12 = prdE: Pressure, Strain Gauge [psi]
# name 13 = tv290C: Temperature [ITS-90, deg C]
# name 14 = flag:  0.000e+00
# span 0 =     -0.664,      9.556       
# span 1 =     -0.365,      0.192       
# span 2 =     0.1254,     8.6900       
# span 3 =      1.335,     97.133       
# span 4 =      0.797,    506.559       
# span 5 =   0.703869, 390.831474       
# span 6 =    -0.1361,    13.1185       
# span 7 =      7.583,      8.549       
# span 8 =   184.0245,   582.1358       
# span 9 = 1.2364e-01, 5.9276e+02       
# span 10 =    -0.2138,   278.5149      
# span 11 =     -0.652,      9.372      
# span 12 =     -0.946,     13.593      
# span 13 =    13.5233,    21.2243      
# span 14 = 0.0000e+00, 0.0000e+00      
# interval = seconds: 0.25
# start_time = Oct 01 2024 10:47:33 [Instrument's time stamp, header]
# bad_flag = -9.990e-29
*END*
[from data line 1350]
      7.467     -0.216     0.4519      2.949    358.071 276.376817     1.0148      7.613   252.2845 1.2375e-01    52.7822      7.334     10.635    13.5864 0.0000e+00
      7.412     -0.214     0.4004      2.841    328.441 253.506192     1.0256      7.613   252.2971 1.2385e-01    52.8465      7.285     10.565    13.5872 0.0000e+00
      7.326     -0.197     0.3608      2.812    313.971 242.331366     1.0260      7.612   252.7395 1.2391e-01    51.7872      7.185     10.422    13.5881 0.0000e+00
      7.239     -0.179     0.3251      2.849    307.898 237.637834     1.0028      7.611   253.3312 1.2393e-01    49.6408      7.080     10.270    13.5890 0.0000e+00
      7.194     -0.169     0.3014      2.940    298.121 230.087459     0.9873      7.611   253.4288 1.2393e-01    48.4155      7.037     10.205    13.5895 0.0000e+00
      7.193     -0.165     0.2934      3.062    270.613 208.857019     0.9796      7.611   253.0597 1.2383e-01    48.2788      7.054     10.231    13.5894 0.0000e+00
      7.195     -0.164     0.2894      3.143    213.785 164.999080     0.9596      7.611   252.8257 1.2373e-01    48.0222      7.071     10.256    13.5883 0.0000e+00
      7.161     -0.167     0.2944      3.128    136.465 105.323898     0.9366      7.611   253.0094 1.2373e-01    47.5682      7.040     10.212    13.5869 0.0000e+00
      7.086     -0.175     0.3037      3.029     86.350  66.640613     0.9180      7.611   253.3873 1.2375e-01    47.2641      6.955     10.087    13.5861 0.0000e+00
      6.998     -0.186     0.3195      2.874     73.502  56.717126     0.9006      7.610   253.4364 1.2376e-01    46.9415      6.851      9.936    13.5862 0.0000e+00
      6.938     -0.195     0.3317      2.950     71.034  54.802950     0.8848      7.609   253.1724 1.2375e-01    44.4535      6.785      9.842    13.5871 0.0000e+00
      6.917     -0.190     0.3271      4.130     70.300  54.230289     0.8759      7.609   253.1208 1.2370e-01    39.9656      6.779      9.833    13.5875 0.0000e+00
      6.903     -0.171     0.3184      7.396     70.068  54.048376     0.8772      7.609   253.2435 1.2370e-01    37.5298      6.783      9.839    13.5851 0.0000e+00
      6.859     -0.150     0.2981     12.984     69.926  53.937142     0.8752      7.609   253.2797 1.2381e-01    37.2070      6.741      9.777    13.5787 0.0000e+00
      6.790     -0.143     0.2699     20.420     69.801  53.837994     0.8515      7.608   253.3006 1.2389e-01    35.9260      6.650      9.645    13.5713 0.0000e+00
      6.736     -0.154     0.3447     29.197     69.677  53.738696     0.8079      7.608   253.3236 1.2386e-01    33.6202      6.587      9.553    13.5662 0.0000e+00
      6.718     -0.174     0.6784     38.843     69.616  53.689162     0.7885      7.608   253.2999 1.2380e-01    32.3856      6.584      9.548    13.5648 0.0000e+00
      6.710     -0.188     1.2858     48.620     69.609  53.683641     0.8006      7.608   253.3581 1.2375e-01    32.2375      6.592      9.562    13.5650 0.0000e+00
      6.671     -0.191     2.0790     57.742     69.591  53.671948     0.7966      7.608   253.5970 1.2373e-01    31.3169      6.560      9.514    13.5626 0.0000e+00
      6.594     -0.191     3.0000     65.434     69.592  53.674800     0.7650      7.608   253.6932 1.2378e-01    29.5564      6.471      9.385    13.5590 0.0000e+00
      6.504     -0.191     4.0389     71.095     69.567  53.654619     0.7340      7.607   253.5748 1.2384e-01    28.5431      6.366      9.235    13.5568 0.0000e+00
      6.440     -0.189     5.0828     74.786     69.441  53.554947     0.7381      7.607   253.6275 1.2383e-01    28.4586      6.297      9.133    13.5569 0.0000e+00
      6.417     -0.175     6.0569     76.916     69.355  53.485802     0.7562      7.607   253.9864 1.2377e-01    28.4317      6.287      9.118    13.5596 0.0000e+00
      6.409     -0.150     6.8916     77.767     69.398  53.517172     0.7537      7.607   254.3865 1.2372e-01    28.0137      6.297      9.133    13.5617 0.0000e+00
      6.378     -0.124     7.4693     77.551     69.444  53.553188     0.7490      7.608   254.4220 1.2369e-01    27.2977      6.268      9.092    13.5604 0.0000e+00
      6.321     -0.110     7.8354     76.634     69.428  53.540233     0.7415      7.608   254.2439 1.2374e-01    26.8809      6.194      8.984    13.5578 0.0000e+00
      6.273     -0.113     8.0477     75.449     69.361  53.487543     0.7210      7.607   254.2971 1.2379e-01    26.7311      6.135      8.898    13.5559 0.0000e+00
      6.259     -0.128     8.1332     74.263     69.281  53.424177     0.7090      7.607   254.5487 1.2382e-01    26.3748      6.132      8.895    13.5549 0.0000e+00
      6.259     -0.141     8.0957     73.172     69.261  53.409156     0.7130      7.606   254.7057 1.2381e-01    25.8528      6.146      8.914    13.5556 0.0000e+00
      6.240     -0.149     7.9810     72.173     69.289  53.432945     0.7200      7.606   254.7324 1.2374e-01    25.5435      6.133      8.896    13.5554 0.0000e+00
      6.185     -0.153     7.8501     71.294     69.319  53.457785     0.7190      7.606   254.6993 1.2375e-01    25.5044      6.076      8.814    13.5534 0.0000e+00
      6.109     -0.158     7.7232     70.606     69.315  53.455463     0.7086      7.607   254.7362 1.2382e-01    25.8582      5.985      8.680    13.5524 0.0000e+00
      6.044     -0.163     7.6113     70.090     69.251  53.404875     0.6942      7.607   254.9201 1.2380e-01    26.4737      5.910      8.573    13.5525 0.0000e+00
      6.015     -0.166     7.5069     69.660     69.188  53.354185     0.6951      7.606   255.0303 1.2374e-01    26.8312      5.890      8.543    13.5543 0.0000e+00
      6.009     -0.161     7.4097     69.294     69.183  53.350625     0.7188      7.606   255.0362 1.2378e-01    26.9012      5.897      8.553    13.5570 0.0000e+00
      5.989     -0.150     7.3394     69.013     69.196  53.361837     0.7399      7.606   254.9046 1.2378e-01    26.9797      5.888      8.540    13.5572 0.0000e+00
      5.934     -0.140     7.2915     68.826     69.196  53.362734     0.7340      7.606   254.6440 1.2372e-01    27.1652      5.830      8.455    13.5555 0.0000e+00
      5.862     -0.138     7.2462     68.711     69.195  53.361474     0.7057      7.605   254.5530 1.2378e-01    27.2990      5.736      8.320    13.5542 0.0000e+00
      5.814     -0.143     7.2074     68.655     69.177  53.346594     0.6972      7.605   254.5782 1.2387e-01    27.4018      5.685      8.245    13.5539 0.0000e+00
      5.802     -0.150     7.1771     68.627     69.129  53.309845     0.7303      7.605   254.4332 1.2386e-01    27.4182      5.689      8.250    13.5552 0.0000e+00
      5.797     -0.155     7.1591     68.576     69.112  53.298194     0.7652      7.606   254.2618 1.2387e-01    27.2575      5.696      8.261    13.5563 0.0000e+00
      5.769     -0.155     7.1475     68.504     69.153  53.332738     0.7615      7.606   254.2263 1.2389e-01    27.1329      5.670      8.225    13.5556 0.0000e+00
      5.709     -0.156     7.1424     68.459     69.169  53.346470     0.7346      7.605   254.0910 1.2385e-01    27.1069      5.606      8.130    13.5545 0.0000e+00
      5.633     -0.156     7.1427     68.438     69.158  53.337215     0.7236      7.604   254.0016 1.2379e-01    27.1140      5.516      8.000    13.5546 0.0000e+00
      5.575     -0.151     7.1372     68.430     69.174  53.347852     0.7532      7.605   254.1783 1.2374e-01    27.6295      5.451      7.906    13.5559 0.0000e+00
      5.554     -0.143     7.1254     68.439     69.176  53.348071     0.8021      7.605   254.2486 1.2373e-01    28.6590      5.441      7.891    13.5580 0.0000e+00
      5.550     -0.133     7.1221     68.444     69.165  53.339856     0.8150      7.605   254.1626 1.2370e-01    29.2113      5.448      7.901    13.5600 0.0000e+00
      5.535     -0.123     7.1208     68.458     69.210  53.375545     0.8008      7.605   254.1708 1.2383e-01    29.2859      5.438      7.887    13.5593 0.0000e+00
      5.496     -0.116     7.1184     68.492     69.239  53.398542     0.8057      7.605   254.2627 1.2574e-01    30.2094      5.400      7.832    13.5570 0.0000e+00
      5.438     -0.115     7.1224     68.497     69.194  53.363895     0.8326      7.605   254.4129 1.2914e-01    32.0432      5.329      7.729    13.5556 0.0000e+00
      5.390     -0.119     7.1215     68.476     69.162  53.337662     0.8590      7.605   254.5244 1.2919e-01    33.1142      5.270      7.644    13.5557 0.0000e+00
      5.372     -0.126     7.1209     68.465     69.160  53.335389     0.8673      7.604   254.5788 1.2599e-01    33.1153      5.263      7.633    13.5570 0.0000e+00
      5.371     -0.132     7.1286     68.450     69.161  53.336422     0.8245      7.603   254.7256 1.2599e-01    32.2277      5.273      7.648    13.5581 0.0000e+00
      5.356     -0.134     7.1286     68.431     69.177  53.350152     0.7579      7.603   254.9228 1.3174e-01    30.7179      5.266      7.637    13.5579 0.0000e+00
      5.309     -0.135     7.1233     68.430     69.206  53.374389     0.7446      7.603   255.0704 1.5499e-01    29.9588      5.217      7.567    13.5565 0.0000e+00
      5.239     -0.140     7.1250     68.443     69.208  53.375440     0.7628      7.603   255.1334 1.7701e-01    29.8812      5.132      7.443    13.5555 0.0000e+00
      5.184     -0.150     7.1226     68.457     69.193  53.362865     0.7699      7.603   255.0820 1.6430e-01    29.0277      5.068      7.350    13.5559 0.0000e+00
      5.162     -0.161     7.1191     68.478     69.176  53.349350     0.7643      7.602   255.0516 1.4606e-01    27.3937      5.056      7.334    13.5576 0.0000e+00
      5.153     -0.166     7.1189     68.492     69.161  53.339060     0.7448      7.601   255.1971 1.6031e-01    26.4536      5.061      7.339    13.5598 0.0000e+00
      5.127     -0.164     7.1217     68.479     69.192  53.365464     0.7261      7.601   255.4639 2.0132e-01    26.4059      5.043      7.314    13.5592 0.0000e+00
      5.067     -0.160     7.1224     68.489     69.254  53.414571     0.7211      7.601   255.5242 2.4675e-01    26.7484      4.981      7.224    13.5571 0.0000e+00
      4.986     -0.163     7.1247     68.531     69.269  53.424755     0.7338      7.601   255.3237 2.7509e-01    27.2812      4.878      7.074    13.5565 0.0000e+00
      4.930     -0.170     7.1296     68.575     69.190  53.361583     0.7549      7.602   255.2770 2.8040e-01    27.5188      4.815      6.984    13.5578 0.0000e+00
      4.914     -0.176     7.1224     68.625     69.091  53.285834     0.7601      7.602   255.4756 2.8125e-01    27.4006      4.817      6.987    13.5605 0.0000e+00
      4.905     -0.176     7.1240     68.680     69.066  53.270954     0.7383      7.602   255.5737 3.0284e-01    26.4334      4.823      6.996    13.5621 0.0000e+00
      4.867     -0.171     7.1310     68.731     69.109  53.308704     0.7080      7.602   255.4311 3.6254e-01    24.7402      4.785      6.940    13.5604 0.0000e+00
      4.798     -0.166     7.1345     68.757     69.175  53.361238     0.7011      7.602   255.3003 4.3367e-01    23.8716      4.706      6.825    13.5578 0.0000e+00
      4.724     -0.164     7.1402     68.747     69.226  53.398079     0.7136      7.602   255.3685 4.8369e-01    23.8221      4.624      6.706    13.5580 0.0000e+00
      4.671     -0.160     7.1454     68.687     69.198  53.373114     0.7166      7.603   255.5671 5.0418e-01    23.7311      4.568      6.624    13.5617 0.0000e+00
      4.650     -0.155     7.1511     68.581     69.121  53.313406     0.7046      7.602   255.7230 4.9876e-01    23.2499      4.554      6.605    13.5662 0.0000e+00
      4.644     -0.148     7.1538     68.496     69.110  53.311229     0.6936      7.601   255.7909 5.0634e-01    22.4784      4.560      6.614    13.5678 0.0000e+00
      4.622     -0.141     7.1534     68.476     69.145  53.346802     0.7004      7.601   255.7849 5.5444e-01    22.1231      4.546      6.594    13.5654 0.0000e+00
      4.569     -0.138     7.1491     68.467     69.160  53.362492     0.7121      7.602   255.7368 6.1688e-01    22.1642      4.489      6.510    13.5614 0.0000e+00
      4.501     -0.141     7.1346     68.426     69.177  53.373923     0.7187      7.603   255.9839 6.5167e-01    22.1900      4.404      6.387    13.5596 0.0000e+00
      4.454     -0.149     7.1211     68.330     69.159  53.357995     0.7300      7.603   256.2775 6.5730e-01    22.1627      4.354      6.314    13.5655 0.0000e+00
      4.439     -0.157     7.1229     68.190     69.076  53.296924     0.7405      7.603   256.0175 6.5604e-01    22.1416      4.353      6.312    13.5752 0.0000e+00
      4.429     -0.163     7.1215     68.067     69.029  53.270584     0.7536      7.603   255.5073 6.7640e-01    22.2080      4.355      6.316    13.5775 0.0000e+00
      4.393     -0.167     7.1192     67.962     69.045  53.293558     0.7808      7.602   255.5295 7.4310e-01    22.7260      4.318      6.264    13.5745 0.0000e+00
      4.331     -0.171     7.1103     67.835     69.074  53.320693     0.8111      7.600   255.9410 8.3650e-01    23.6219      4.249      6.163    13.5714 0.0000e+00
      4.261     -0.172     7.0906     67.669     69.107  53.344651     0.8196      7.600   255.5783 9.3178e-01    24.0560      4.177      6.058    13.5731 0.0000e+00
      4.201     -0.169     7.0775     67.469     69.093  53.329199     0.8007      7.602   254.4142 1.0012e+00    24.0134      4.109      5.959    13.5824 0.0000e+00
      4.167     -0.164     7.0672     67.271     69.002  53.260873     0.8076      7.603   253.3091 1.0259e+00    23.9602      4.074      5.909    13.5918 0.0000e+00
      4.155     -0.157     7.0540     67.116     68.924  53.217100     0.8535      7.602   252.8847 1.0417e+00    23.9255      4.079      5.917    13.5956 0.0000e+00
      4.135     -0.148     7.0365     67.005     68.931  53.244519     0.8805      7.601   252.9832 1.0937e+00    23.9012      4.067      5.899    13.5936 0.0000e+00
      4.088     -0.139     7.0159     66.910     68.954  53.274885     0.8835      7.598   252.5216 1.2048e+00    23.8377      4.017      5.826    13.5871 0.0000e+00
      4.023     -0.135     6.9928     66.765     68.945  53.266741     0.8829      7.597   251.3476 1.3248e+00    23.7720      3.940      5.714    13.5861 0.0000e+00
      3.973     -0.140     6.9754     66.503     68.955  53.273061     0.8894      7.597   250.3176 1.3798e+00    23.8250      3.881      5.630    13.6003 0.0000e+00
      3.954     -0.150     6.9610     66.166     69.025  53.351290     0.9049      7.596   249.7039 1.3808e+00    23.9310      3.871      5.615    13.6218 0.0000e+00
      3.950     -0.159     6.9515     65.858     69.067  53.450560     0.9203      7.595   249.0891 1.4014e+00    24.0280      3.882      5.630    13.6319 0.0000e+00
      3.925     -0.163     6.9426     65.627     68.969  53.457290     0.9255      7.593   248.3913 1.5034e+00    24.0078      3.867      5.608    13.6273 0.0000e+00
      3.864     -0.168     6.9127     65.328     68.874  53.432774     0.9173      7.592   247.2031 1.6901e+00    23.3461      3.798      5.508    13.6196 0.0000e+00
      3.783     -0.177     6.8728     64.688     69.154  53.662254     0.9126      7.590   245.6502 1.8880e+00    22.2097      3.701      5.367    13.6283 0.0000e+00
      3.722     -0.188     6.8283     63.600     69.765  54.199655     0.9104      7.589   244.9305 1.9845e+00    21.6436      3.632      5.267    13.6849 0.0000e+00
      3.695     -0.190     6.7981     62.292     69.925  54.532275     0.9156      7.589   244.6960 2.0111e+00    21.6250      3.620      5.251    13.7628 0.0000e+00
      3.676     -0.179     6.7746     61.077     69.307  54.318215     0.9837      7.588   244.0191 2.1333e+00    21.0959      3.617      5.246    13.8033 0.0000e+00
