Data/DataNotYetUploadedToEDI/Raw_CTD/RawDownloads/100124_fcr50_S7809005.cnv
* Sea-Bird SBE19plus  Data File:
* FileName = C:\R\Reservoirs\Data\DataNotYetUploadedToEDI\Raw_CTD\RawDownloads\100124_fcr10_S7809_0005.hex
* Software version 2.8.0.119
* Temperature SN = 7809
* Conductivity SN = 7809
* System UpLoad Time = Oct 01 2024 17:24:44
* <ApplicationData>
* <Seaterm232>
# nquan = 15
# nvalues = 1560                        
# units = specified
# name 0 = depFM: Depth [fresh water, m]
# name 1 = dz/dtM: Descent Rate [m/s]
# name 2 = sbeox0Mg/L: Oxygen, SBE 43 [mg/l]
# name 3 = sbeox0PS: Oxygen, SBE 43 [% saturation]
# name 4 = specc: Specific Conductance [uS/cm]
# name 5 = c0uS/cm: Conductivity [uS/cm]
# name 6 = flECO-AFL: Fluorescence, WET Labs ECO-AFL/FL [mg/m^3]
# name 7 = ph: pH
# name 8 = orp: Oxidation Reduction Potential [mV]
# name 9 = par/sat/log: PAR/Logarithmic, Satlantic
# name 10 = turbWETntu0: Turbidity, WET Labs ECO [NTU]
# name 11 = prdM: Pressure, Strain Gauge [db]
# name 12 = prdE: Pressure, Strain Gauge [psi]
# name 13 = tv290C: Temperature [ITS-90, deg C]
# name 14 = flag:  0.000e+00
# span 0 =     -0.664,      9.556       
# span 1 =     -0.365,      0.192       
# span 2 =     0.1254,     8.6900       
# span 3 =      1.335,     97.133       
# span 4 =      0.797,    506.559       
# span 5 =   0.703869, 390.831474       
# span 6 =    -0.1361,    13.1185       
# span 7 =      7.583,      8.549       
# span 8 =   184.0245,   582.1358       
# span 9 = 1.2364e-01, 5.9276e+02       
# span 10 =    -0.2138,   278.5149      
# span 11 =     -0.652,      9.372      
# span 12 =     -0.946,     13.593      
# span 13 =    13.5233,    21.2243      
# span 14 = 0.0000e+00, 0.0000e+00      
# interval = seconds: 0.25
# start_time = Oct 01 2024 10:47:33 [Instrument's time stamp, header]
# bad_flag = -9.990e-29
*END*
[from data line 1061]
      6.089      0.038     7.2059     69.311     68.745  53.005445     0.7109      7.782   226.9813 1.2368e-01    19.7902      5.970      8.658    13.5534 0.0000e+00
      6.099      0.043     7.2023     69.361     68.723  52.988165     0.7205      7.781   227.6090 1.2380e-01    19.8006      5.982      8.676    13.5530 0.0000e+00
      6.112      0.048     7.2002     69.409     68.729  52.992840     0.7171      7.780   227.7583 1.2384e-01    19.6920      5.994      8.693    13.5511 0.0000e+00
      6.126      0.053     7.2085     69.436     68.735  52.998470     0.7038      7.780   227.5826 1.2378e-01    19.5360      6.006      8.711    13.5495 0.0000e+00
      6.141      0.055     7.2129     69.428     68.726  52.992737     0.6918      7.779   227.9801 1.2377e-01    19.5203      6.022      8.734    13.5490 0.0000e+00
      6.156      0.055     7.2184     69.402     68.717  52.987025     0.6974      7.777   228.7779 1.2381e-01    19.5363      6.038      8.758    13.5487 0.0000e+00
      6.171      0.054     7.2240     69.372     68.725  52.992912     0.7059      7.776   229.0555 1.2381e-01    19.4899      6.053      8.779    13.5486 0.0000e+00
      6.185      0.052     7.2280     69.337     68.735  53.000408     0.6942      7.776   228.9273 1.2377e-01    19.4724      6.066      8.798    13.5492 0.0000e+00
      6.197      0.052     7.2256     69.301     68.753  53.014158     0.6807      7.775   228.8630 1.2380e-01    19.5635      6.078      8.815    13.5504 0.0000e+00
      6.208      0.053     7.2222     69.253     68.777  53.032151     0.6842      7.775   229.0519 1.2387e-01    19.6699      6.088      8.830    13.5512 0.0000e+00
      6.220      0.054     7.2197     69.194     68.772  53.027438     0.7028      7.774   229.4899 1.2389e-01    19.7337      6.098      8.845    13.5514 0.0000e+00
      6.235      0.057     7.2151     69.146     68.766  53.020677     0.7148      7.774   229.8577 1.2386e-01    19.8566      6.114      8.867    13.5511 0.0000e+00
      6.252      0.059     7.2125     69.130     68.760  53.013902     0.7045      7.774   229.9717 1.2382e-01    19.9599      6.132      8.894    13.5507 0.0000e+00
      6.268      0.059     7.2072     69.126     68.755  53.009027     0.6950      7.773   229.8349 1.2377e-01    19.9241      6.147      8.915    13.5505 0.0000e+00
      6.284      0.059     7.2008     69.138     68.777  53.025241     0.6911      7.773   229.8388 1.2376e-01    19.8680      6.162      8.937    13.5497 0.0000e+00
      6.299      0.058     7.1938     69.201     68.771  53.019429     0.6818      7.772   230.1045 1.2383e-01    19.8615      6.179      8.962    13.5482 0.0000e+00
      6.314      0.056     7.1944     69.294     68.751  53.002252     0.6748      7.772   230.2947 1.2385e-01    19.8462      6.192      8.981    13.5470 0.0000e+00
      6.326      0.054     7.1948     69.389     68.759  53.008074     0.6728      7.771   230.1594 1.2381e-01    19.8537      6.203      8.997    13.5459 0.0000e+00
      6.339      0.052     7.1925     69.485     68.781  53.026310     0.6737      7.770   229.8455 1.2378e-01    19.8498      6.217      9.017    13.5449 0.0000e+00
      6.353      0.051     7.2017     69.568     68.783  53.032226     0.6780      7.769   229.7680 1.2379e-01    19.6959      6.230      9.037    13.5440 0.0000e+00
      6.367      0.053     7.2127     69.633     68.756  53.016107     0.6914      7.768   229.9968 1.2382e-01    19.5306      6.244      9.056    13.5432 0.0000e+00
      6.380      0.056     7.2216     69.694     68.760  53.021936     0.7027      7.768   230.2037 1.2379e-01    19.5254      6.257      9.075    13.5426 0.0000e+00
      6.391      0.060     7.2328     69.738     68.783  53.039205     0.7069      7.768   230.2042 1.2377e-01    19.5645      6.267      9.089    13.5436 0.0000e+00
      6.404      0.063     7.2416     69.758     68.778  53.034378     0.7079      7.767   230.2622 1.2377e-01    19.5933      6.279      9.106    13.5468 0.0000e+00
      6.423      0.065     7.2454     69.778     68.770  53.027073     0.6982      7.766   230.3878 1.2377e-01    19.6342      6.298      9.134    13.5511 0.0000e+00
      6.444      0.065     7.2533     69.808     68.754  53.014390     0.6987      7.765   230.5182 1.2374e-01    19.7172      6.321      9.168    13.5539 0.0000e+00
      6.464      0.065     7.2582     69.840     68.747  53.008040     0.7056      7.765   230.7198 1.2372e-01    19.8121      6.340      9.196    13.5527 0.0000e+00
      6.479      0.063     7.2589     69.840     68.758  53.013805     0.6893      7.765   230.8465 1.2377e-01    19.8243      6.355      9.217    13.5510 0.0000e+00
      6.493      0.060     7.2613     69.812     68.771  53.020576     0.6687      7.764   230.8458 1.2383e-01    19.7970      6.367      9.235    13.5508 0.0000e+00
      6.506      0.057     7.2638     69.792     68.782  53.026397     0.6552      7.762   230.7971 1.2384e-01    19.7547      6.380      9.253    13.5506 0.0000e+00
      6.520      0.056     7.2699     69.787     68.777  53.020680     0.6349      7.761   231.0325 1.2378e-01    19.6892      6.394      9.274    13.5502 0.0000e+00
      6.535      0.056     7.2699     69.786     68.770  53.014955     0.6236      7.761   231.5406 1.2375e-01    19.6539      6.409      9.295    13.5480 0.0000e+00
      6.549      0.055     7.2646     69.789     68.778  53.020680     0.6510      7.760   231.7784 1.2378e-01    19.7037      6.423      9.314    13.5452 0.0000e+00
      6.564      0.054     7.2637     69.789     68.786  53.026396     0.7002      7.759   231.7574 1.2377e-01    19.7791      6.438      9.337    13.5434 0.0000e+00
      6.579      0.053     7.2638     69.773     68.778  53.020566     0.7274      7.759   231.8881 1.2373e-01    19.7791      6.453      9.359    13.5423 0.0000e+00
      6.591      0.053     7.2634     69.740     68.770  53.013690     0.7214      7.758   232.2402 1.2376e-01    19.7376      6.464      9.376    13.5417 0.0000e+00
      6.602      0.052     7.2640     69.705     68.761  53.006761     0.6857      7.757   232.4871 1.2385e-01    19.7903      6.474      9.390    13.5416 0.0000e+00
      6.615      0.051     7.2647     69.676     68.753  53.000297     0.6540      7.756   232.5509 1.2390e-01    19.9732      6.486      9.408    13.5415 0.0000e+00
      6.630      0.051     7.2635     69.664     68.751  52.999038     0.6555      7.756   232.6665 1.2391e-01    20.0698      6.503      9.432    13.5413 0.0000e+00
      6.645      0.054     7.2586     69.668     68.742  52.991543     0.6617      7.756   232.8525 1.2390e-01    20.0352      6.518      9.454    13.5414 0.0000e+00
      6.656      0.058     7.2556     69.682     68.718  52.973174     0.6534      7.756   232.9929 1.2380e-01    19.9302      6.527      9.466    13.5411 0.0000e+00
      6.667      0.062     7.2514     69.706     68.710  52.967463     0.6387      7.755   233.0737 1.2375e-01    19.7577      6.536      9.479    13.5407 0.0000e+00
      6.684      0.065     7.2507     69.729     68.735  52.985985     0.6419      7.754   233.1413 1.2380e-01    19.6916      6.554      9.506    13.5405 0.0000e+00
      6.705      0.068     7.2517     69.754     68.761  53.006606     0.6594      7.754   233.2082 1.2384e-01    19.7456      6.576      9.538    13.5406 0.0000e+00
      6.725      0.070     7.2520     69.772     68.786  53.026281     0.6587      7.753   233.2802 1.2381e-01    19.7284      6.596      9.567    13.5406 0.0000e+00
      6.743      0.071     7.2564     69.757     68.796  53.033361     0.6498      7.753   233.3231 1.2371e-01    19.5852      6.614      9.593    13.5404 0.0000e+00
      6.760      0.070     7.2575     69.727     68.791  53.028695     0.6427      7.753   233.3825 1.2371e-01    19.4487      6.630      9.615    13.5406 0.0000e+00
      6.776      0.068     7.2603     69.702     68.797  53.033372     0.6314      7.752   233.4820 1.2376e-01    19.4454      6.645      9.638    13.5412 0.0000e+00
      6.794      0.066     7.2641     69.674     68.788  53.026407     0.6299      7.750   233.5807 1.2376e-01    19.5795      6.662      9.663    13.5413 0.0000e+00
      6.812      0.064     7.2613     69.644     68.765  53.007981     0.6414      7.750   233.7154 1.2374e-01    19.7376      6.681      9.689    13.5410 0.0000e+00
      6.829      0.061     7.2569     69.638     68.756  53.001100     0.6456      7.749   233.9055 1.2372e-01    19.7852      6.697      9.713    13.5405 0.0000e+00
      6.844      0.057     7.2556     69.657     68.762  53.006712     0.6471      7.748   234.0723 1.2374e-01    19.7457      6.713      9.736    13.5402 0.0000e+00
      6.859      0.053     7.2528     69.684     68.767  53.012329     0.6511      7.748   234.1842 1.2377e-01    19.7033      6.728      9.757    13.5400 0.0000e+00
      6.872      0.051     7.2480     69.716     68.757  53.005514     0.6607      7.748   234.3122 1.2375e-01    19.6827      6.739      9.774    13.5396 0.0000e+00
      6.882      0.051     7.2475     69.762     68.737  52.987816     0.6884      7.747   234.4151 1.2377e-01    19.7012      6.749      9.789    13.5393 0.0000e+00
      6.893      0.052     7.2504     69.826     68.741  52.988866     0.7031      7.746   234.4811 1.2386e-01    19.7224      6.758      9.802    13.5406 0.0000e+00
      6.906      0.054     7.2527     69.885     68.780  53.018196     0.6974      7.745   234.5951 1.2390e-01    19.7336      6.771      9.820    13.5427 0.0000e+00
      6.921      0.057     7.2555     69.915     68.789  53.024916     0.6774      7.744   234.7605 1.2385e-01    19.7344      6.787      9.843    13.5426 0.0000e+00
      6.936      0.060     7.2607     69.977     68.763  53.006607     0.6445      7.743   234.9324 1.2375e-01    19.7322      6.803      9.866    13.5406 0.0000e+00
      6.952      0.061     7.2678     70.087     68.736  52.987348     0.6406      7.741   235.0388 1.2374e-01    19.7750      6.817      9.887    13.5391 0.0000e+00
      6.969      0.060     7.2769     70.120     68.727  52.982578     0.6553      7.741   235.1010 1.2376e-01    19.8083      6.833      9.911    13.5385 0.0000e+00
      6.987      0.059     7.2771     70.090     68.762  53.012438     0.6562      7.741   235.2544 1.2376e-01    19.8276      6.853      9.939    13.5381 0.0000e+00
      7.001      0.059     7.2785     70.106     68.782  53.030853     0.6511      7.740   235.5157 1.2379e-01    19.8718      6.867      9.960    13.5394 0.0000e+00
      7.012      0.060     7.3006     70.067     68.758  53.014726     0.6433      7.739   235.7657 1.2375e-01    19.9328      6.876      9.973    13.5415 0.0000e+00
      7.025      0.061     7.3034     69.965     68.752  53.007961     0.6372      7.740   235.7816 1.2371e-01    19.9836      6.888      9.988    13.5424 0.0000e+00
      7.041      0.062     7.2877     69.917     68.765  53.012557     0.6436      7.740   235.6216 1.2372e-01    20.0082      6.903     10.013    13.5433 0.0000e+00
      7.061      0.063     7.3009     69.888     68.763  53.006786     0.6621      7.739   235.7243 1.2370e-01    20.0251      6.924     10.043    13.5474 0.0000e+00
      7.080      0.063     7.2968     69.844     68.760  53.001676     0.6611      7.738   236.0777 1.2371e-01    19.9835      6.944     10.071    13.5504 0.0000e+00
      7.096      0.060     7.2748     69.802     68.778  53.014281     0.6403      7.737   236.2806 1.2375e-01    19.9150      6.959     10.093    13.5474 0.0000e+00
      7.110      0.056     7.2787     69.751     68.802  53.032179     0.6522      7.737   236.1126 1.2373e-01    19.9140      6.973     10.114    13.5428 0.0000e+00
      7.123      0.055     7.2753     69.708     68.797  53.027560     0.6964      7.736   235.8528 1.2368e-01    19.9714      6.986     10.133    13.5397 0.0000e+00
      7.134      0.056     7.2698     69.741     68.791  53.021943     0.7250      7.736   235.8926 1.2370e-01    20.0284      6.996     10.146    13.5376 0.0000e+00
      7.145      0.060     7.2666     69.808     68.798  53.027764     0.7158      7.735   236.0775 1.2375e-01    20.0219      7.006     10.161    13.5365 0.0000e+00
      7.160      0.065     7.2623     69.823     68.806  53.034436     0.6768      7.735   236.0239 1.2377e-01    19.8942      7.021     10.183    13.5358 0.0000e+00
      7.180      0.069     7.2521     69.821     68.810  53.039102     0.6436      7.735   235.7614 1.2382e-01    19.7132      7.040     10.211    13.5356 0.0000e+00
      7.202      0.073     7.2574     69.819     68.783  53.020683     0.6397      7.735   235.6555 1.2384e-01    19.6784      7.062     10.243    13.5355 0.0000e+00
      7.223      0.075     7.2726     69.833     68.758  53.002248     0.6546      7.735   235.8620 1.2380e-01    19.7807      7.084     10.276    13.5352 0.0000e+00
      7.241      0.075     7.2667     69.852     68.765  53.006725     0.6656      7.734   236.1939 1.2380e-01    19.8222      7.102     10.302    13.5359 0.0000e+00
      7.258      0.076     7.2693     69.834     68.774  53.011305     0.6564      7.733   236.3129 1.2380e-01    19.8054      7.117     10.323    13.5373 0.0000e+00
      7.275      0.076     7.2666     69.806     68.754  52.994119     0.6433      7.732   236.2687 1.2379e-01    19.8504      7.134     10.346    13.5388 0.0000e+00
      7.295      0.075     7.2675     69.785     68.749  52.989442     0.6404      7.731   236.2618 1.2384e-01    19.9555      7.153     10.375    13.5398 0.0000e+00
      7.316      0.074     7.2745     69.775     68.784  53.018261     0.6374      7.730   236.5734 1.2389e-01    20.0516      7.174     10.406    13.5388 0.0000e+00
      7.338      0.070     7.2686     69.782     68.789  53.025032     0.6404      7.730   237.1112 1.2389e-01    20.0226      7.197     10.439    13.5369 0.0000e+00
      7.358      0.064     7.2670     69.785     68.759  53.007807     0.6523      7.729   237.2578 1.2385e-01    19.8442      7.219     10.470    13.5355 0.0000e+00
      7.373      0.056     7.2644     69.783     68.739  53.000527     0.6478      7.729   237.0547 1.2376e-01    19.6709      7.233     10.490    13.5353 0.0000e+00
      7.384      0.050     7.2624     69.797     68.734  53.000527     0.6444      7.729   236.8927 1.2370e-01    19.6691      7.241     10.503    13.5358 0.0000e+00
      7.393      0.045     7.2644     69.795     68.742  53.007805     0.6605      7.728   237.3643 1.2372e-01    19.7885      7.250     10.517    13.5369 0.0000e+00
      7.403      0.043     7.2645     69.772     68.762  53.025028     0.6682      7.726   238.2823 1.2377e-01    19.8507      7.259     10.529    13.5418 0.0000e+00
      7.413      0.044     7.2604     69.781     68.750  53.018257     0.6623      7.724   238.4418 1.2378e-01    19.8062      7.268     10.542    13.5499 0.0000e+00
      7.425      0.046     7.2638     69.798     68.714  52.989439     0.6477      7.724   238.0892 1.2384e-01    19.6943      7.280     10.559    13.5529 0.0000e+00
      7.438      0.049     7.2657     69.798     68.724  52.994117     0.6336      7.724   238.3212 1.2386e-01    19.6246      7.294     10.578    13.5515 0.0000e+00
      7.450      0.052     7.2568     69.806     68.754  53.011304     0.6327      7.723   239.0088 1.2377e-01    19.6803      7.306     10.596    13.5540 0.0000e+00
      7.463      0.054     7.2612     69.826     68.755  53.006724     0.6443      7.723   239.5203 1.2373e-01    19.7877      7.317     10.612    13.5562 0.0000e+00
      7.478      0.054     7.2642     69.832     68.752  53.002239     0.6667      7.723   239.6012 1.2377e-01    19.8310      7.332     10.635    13.5552 0.0000e+00
      7.493      0.053     7.2623     69.817     68.777  53.020579     0.6955      7.722   239.3852 1.2379e-01    20.0667      7.350     10.660    13.5532 0.0000e+00
