Data/DataNotYetUploadedToEDI/Raw_CTD/RawDownloads/100124_fcr10_S7809001.cnv
* Sea-Bird SBE19plus  Data File:
* FileName = C:\R\Reservoirs\Data\DataNotYetUploadedToEDI\Raw_CTD\RawDownloads\100124_fcr10_S7809_0001.hex
* Software version 2.8.0.119
* Temperature SN = 7809
* Conductivity SN = 7809
* System UpLoad Time = Oct 01 2024 17:22:41
* <ApplicationData>
* <Seaterm232>
# nquan = 15
# nvalues = 783                         
# units = specified
# name 0 = depFM: Depth [fresh water, m]
# name 1 = dz/dtM: Descent Rate [m/s]
# name 2 = sbeox0Mg/L: Oxygen, SBE 43 [mg/l]
# name 3 = sbeox0PS: Oxygen, SBE 43 [% saturation]
# name 4 = specc: Specific Conductance [uS/cm]
# name 5 = c0uS/cm: Conductivity [uS/cm]
# name 6 = flECO-AFL: Fluorescence, WET Labs ECO-AFL/FL [mg/m^3]
# name 7 = ph: pH
# name 8 = orp: Oxidation Reduction Potential [mV]
# name 9 = par/sat/log: PAR/Logarithmic, Satlantic
# name 10 = turbWETntu0: Turbidity, WET Labs ECO [NTU]
# name 11 = prdM: Pressure, Strain Gauge [db]
# name 12 = prdE: Pressure, Strain Gauge [psi]
# name 13 = tv290C: Temperature [ITS-90, deg C]
# name 14 = flag:  0.000e+00
# span 0 =     -0.671,      2.328       
# span 1 =     -0.329,      0.252       
# span 2 =     3.3886,     8.3618       
# span 3 =     38.047,     93.803       
# span 4 =      2.736,     45.573       
# span 5 =   2.516517,  41.783131       
# span 6 =    -0.1872,     9.7238       
# span 7 =     -2.218,      7.995       
# span 8 =  -558.1146,  1240.2209       
# span 9 = 8.0308e+00, 5.5180e+02       
# span 10 =     1.2318,   126.7361      
# span 11 =     -0.659,      2.284      
# span 12 =     -0.956,      3.312      
# span 13 =    20.2463,    21.0467      
# span 14 = 0.0000e+00, 0.0000e+00      
# interval = seconds: 0.25
# start_time = Oct 01 2024 09:58:04 [Instrument's time stamp, header]
# bad_flag = -9.990e-29
*END*
     -0.671 1.7090e-10     8.1264     89.854      2.810   2.543104    -0.0079      6.092   338.0328 5.0376e+02     6.2147     -0.658     -0.954    20.2463 0.0000e+00
     -0.671 1.8799e-09     8.1284     89.860      2.795   2.529456     0.0075      6.092   263.7625 5.0781e+02     6.2805     -0.658     -0.954    20.2465 0.0000e+00
     -0.671 2.0679e-08     8.1265     89.860      2.783   2.518985     0.0043      6.075   193.5728 5.0350e+02     6.2915     -0.658     -0.954    20.2467 0.0000e+00
     -0.671 2.2747e-07     8.1278     89.865      2.810   2.543193    -0.0218      6.052   141.2952 4.9529e+02     6.2447     -0.658     -0.954    20.2468 0.0000e+00
     -0.671 4.1702e-07     8.1300     89.884      2.838   2.568772    -0.0336      6.095    40.7084 4.7524e+02     6.2273     -0.658     -0.954    20.2470 0.0000e+00
     -0.671 2.2747e-07     8.1299     89.904      2.845   2.574875    -0.0305      6.260  -253.8523 4.4138e+02     6.1846     -0.658     -0.954    20.2471 0.0000e+00
     -0.671 2.0681e-08     8.1300     89.894      2.891   2.616992    -0.0425      6.533  -527.0570 4.2194e+02     6.0700     -0.658     -0.954    20.2474 0.0000e+00
     -0.671 1.8966e-09     8.1297     89.876      2.981   2.697927    -0.0539      7.078  -558.1146 4.2473e+02     5.4905     -0.658     -0.954    20.2476 0.0000e+00
     -0.671 3.5427e-10     8.1315     89.859      3.086   2.793306    -0.0343      7.594  -158.6461 4.2943e+02     4.4718     -0.658     -0.954    20.2476 0.0000e+00
     -0.671 2.0326e-09     8.1359     89.844      3.255   2.946717    -0.0305      7.160   671.6807 4.1718e+02     3.8988     -0.658     -0.955    20.2478 0.0000e+00
     -0.671 2.2189e-08     8.1325     89.846      3.490   3.159180    -0.0584      5.555  1090.2322 3.8539e+02     3.7552     -0.658     -0.954    20.2479 0.0000e+00
     -0.671 2.4406e-07     8.1310     89.844      3.685   3.335084    -0.0710      3.258   972.0091 3.5767e+02     3.3498     -0.658     -0.954    20.2481 0.0000e+00
     -0.671 4.4745e-07     8.1305     89.829      3.786   3.426532    -0.0590      1.658   885.7765 3.4332e+02     2.7207     -0.658     -0.954    20.2481 0.0000e+00
     -0.671 2.4406e-07     8.1270     89.839      3.803   3.441352    -0.0460      1.918   865.3183 3.3222e+02     2.3311     -0.658     -0.954    20.2485 0.0000e+00
     -0.671 2.2188e-08     8.1287     89.869      3.743   3.387579    -0.0556      3.013   852.9357 3.2244e+02     2.1922     -0.658     -0.954    20.2487 0.0000e+00
     -0.671 2.0171e-09     8.1293     89.869      3.698   3.346503    -0.0673      3.497   863.2254 3.0200e+02     1.9639     -0.658     -0.954    20.2486 0.0000e+00
     -0.671 1.8348e-10     8.1256     89.865      3.743   3.388137    -0.0541      3.252   872.5439 2.6462e+02     1.6201     -0.658     -0.954    20.2490 0.0000e+00
     -0.671 1.7916e-11     8.1258     89.881      3.809   3.447532    -0.0451      2.567   871.1349 2.2060e+02     1.3836     -0.658     -0.954    20.2495 0.0000e+00
     -0.671 1.5216e-11     8.1330     89.880      3.861   3.494507    -0.0590      1.262   872.6030 1.8229e+02     1.2897     -0.658     -0.954    20.2498 0.0000e+00
     -0.671 1.5084e-10     8.1300     89.862      3.951   3.576021    -0.0638     -0.426   874.5494 1.6348e+02     1.3048     -0.658     -0.954    20.2504 0.0000e+00
     -0.670 1.6578e-09     8.1279     89.840      4.058   3.672928    -0.0536     -1.610   874.8792 1.6047e+02     1.3272     -0.657     -0.953    20.2514 0.0000e+00
     -0.670 1.8235e-08     8.1327     89.824      4.175   3.779326    -0.0599     -2.054   874.9571 1.5166e+02     1.2870     -0.657     -0.953    20.2524 0.0000e+00
     -0.670 2.0059e-07     8.1310     89.830      4.322   3.912238    -0.0658     -2.178   874.8030 1.3371e+02     1.2972     -0.657     -0.953    20.2532 0.0000e+00
     -0.670      0.000     8.1292     89.846      4.433   4.012976    -0.0490     -2.218   875.5101 1.2297e+02     1.3479     -0.657     -0.953    20.2540 0.0000e+00
     -0.670      0.000     8.1272     89.858      4.471   4.047096    -0.0405     -2.217   883.9372 1.2172e+02     1.3537     -0.657     -0.953    20.2547 0.0000e+00
     -0.670      0.000     8.1240     89.874      4.497   4.071382    -0.0538     -2.159   974.5436 1.2673e+02     1.2989     -0.657     -0.954    20.2555 0.0000e+00
     -0.670      0.002     8.1255     89.905      4.617   4.179908    -0.0683     -1.517  1140.5729 1.4372e+02     1.2318     -0.658     -0.953    20.2563 0.0000e+00
     -0.670      0.008     8.1276     89.932      4.730   4.282313    -0.0251      0.284  1231.1698 1.7681e+02     1.2595     -0.657     -0.954    20.2565 0.0000e+00
     -0.670      0.017     8.1279     89.906      4.672   4.232599     0.4763      2.584  1239.4059 2.1892e+02     1.5316     -0.658     -0.953    20.2574 0.0000e+00
     -0.670      0.027     8.1288     89.796      4.711   4.275686     1.3828      4.324  1240.1545 2.6105e+02     1.9599     -0.659     -0.955    20.2572 0.0000e+00
     -0.664      0.033     8.1316     89.593      4.861   4.423179     1.8886      5.359  1240.2209 3.0145e+02     2.2364     -0.657     -0.953    20.2589 0.0000e+00
     -0.645      0.036     8.1372     89.353      4.791   4.368817     1.9812      5.964  1240.2084 3.3005e+02     2.3473     -0.633     -0.919    20.2576 0.0000e+00
     -0.625      0.036     8.1338     89.168      4.656   4.251928     2.3771      6.324  1240.0044 3.4055e+02     2.6509     -0.606     -0.880    20.2613 0.0000e+00
     -0.615      0.032     8.1121     89.065      4.678   4.276917     3.0968      6.549  1237.7538 3.4134e+02     3.1751     -0.601     -0.871    20.3469 0.0000e+00
     -0.614      0.023     8.0674     89.020      5.173   4.734307     3.5084      6.702  1212.9972 3.4175e+02     3.4930     -0.604     -0.877    20.4951 0.0000e+00
     -0.611      0.014     8.0256     89.024      9.921   9.085332     3.5679      6.821   940.6738 3.4364e+02     3.5574     -0.600     -0.869    20.6018 0.0000e+00
     -0.609      0.017     7.9980     89.056     23.428  21.458637     3.5909      6.931   428.5527 3.4492e+02     3.6110     -0.596     -0.863    20.6613 0.0000e+00
     -0.609      0.039     7.9849     89.095     38.845  35.592372     3.6115      7.033   133.2647 3.4482e+02     3.6979     -0.597     -0.866    20.7077 0.0000e+00
     -0.612      0.075     7.9715     89.225     45.573  41.783131     3.6100      7.115   110.5506 3.4029e+02     3.7538     -0.601     -0.872    20.7470 0.0000e+00
     -0.605      0.117     7.9726     89.879     45.368  41.628302     3.6139      7.176   121.1380 3.3892e+02     3.8084     -0.606     -0.877    20.7759 0.0000e+00
     -0.570      0.160     7.9674     90.676     44.049  40.448122     3.6500      7.211   111.3954 3.6134e+02     3.8455     -0.572     -0.829    20.7853 0.0000e+00
     -0.505      0.201     7.9805     90.722     43.276  39.762852     3.9130      7.218    98.5822 4.0331e+02     3.8268     -0.498     -0.723    20.7956 0.0000e+00
     -0.430      0.235     7.9553     90.589     43.382  39.879604     4.3967      7.213   105.1677 4.3874e+02     3.8222     -0.415     -0.603    20.8357 0.0000e+00
     -0.363      0.252     8.0076     90.849     44.070  40.527070     4.6541      7.208   125.3732 4.5490e+02     3.8229     -0.353     -0.513    20.8766 0.0000e+00
     -0.301      0.246     8.1531     91.322     44.494  40.927610     4.6951      7.205   131.4859 4.3209e+02     3.8354     -0.302     -0.438    20.9103 0.0000e+00
     -0.231      0.221     8.0907     91.868     44.060  40.533833     4.8594      7.200   128.3981 3.6179e+02     3.8372     -0.225     -0.326    20.9394 0.0000e+00
     -0.164      0.185     8.0604     92.319     43.152  39.700762     5.1253      7.193   139.1468 2.9925e+02     3.8106     -0.153     -0.220    20.9585 0.0000e+00
     -0.114      0.146     8.1020     92.649     42.436  39.041808     5.2549      7.183   149.5963 2.9150e+02     3.7861     -0.105     -0.152    20.9765 0.0000e+00
     -0.086      0.106     8.1337     92.985     42.090  38.722240     5.2362      7.176   151.8395 3.0058e+02     3.7470     -0.079     -0.114    20.9895 0.0000e+00
     -0.076      0.066     8.1972     93.376     41.920  38.565679     5.0832      7.172   153.1051 2.9632e+02     3.7814     -0.073     -0.105    20.9952 0.0000e+00
     -0.072      0.033     8.2323     93.660     41.760  38.418013     4.8192      7.174   154.2296 3.0060e+02     3.8602     -0.071     -0.104    20.9965 0.0000e+00
     -0.070      0.013     8.2603     93.768     41.666  38.332898     4.6750      7.179   155.3686 3.1124e+02     3.8806     -0.068     -0.098    20.9961 0.0000e+00
     -0.071      0.003     8.2826     93.796     41.627  38.298064     4.6462      7.187   156.5519 3.0899e+02     3.8575     -0.067     -0.099    20.9942 0.0000e+00
     -0.074      0.000     8.3304     93.803     41.643  38.314125     4.6454      7.194   157.8677 2.9219e+02     3.8200     -0.073     -0.106    20.9929 0.0000e+00
     -0.076     -0.002     8.3564     93.798     41.734  38.400176     4.6988      7.201   159.4905 2.8050e+02     3.8365     -0.076     -0.110    20.9937 0.0000e+00
     -0.074     -0.004     8.3603     93.781     41.717  38.386635     4.7507      7.208   161.2888 2.8704e+02     3.8521     -0.073     -0.105    20.9948 0.0000e+00
     -0.073     -0.004     8.3616     93.757     41.596  38.277324     4.7571      7.214   162.4897 2.9394e+02     3.8045     -0.070     -0.102    20.9962 0.0000e+00
     -0.074     -0.004     8.3618     93.700     41.533  38.220754     4.7673      7.219   163.1689 2.9557e+02     3.7388     -0.072     -0.105    20.9985 0.0000e+00
     -0.077     -0.005     8.3613     93.584     41.521  38.210311     4.8075      7.218   164.5100 3.0030e+02     3.7404     -0.076     -0.111    21.0001 0.0000e+00
     -0.079     -0.005     8.3586     93.507     41.524  38.214515     4.8437      7.212   166.1437 3.0799e+02     3.8239     -0.078     -0.113    21.0025 0.0000e+00
     -0.080     -0.005     8.3567     93.546     41.516  38.208130     4.8719      7.205   167.3488 3.1670e+02     3.8608     -0.078     -0.113    21.0056 0.0000e+00
     -0.082     -0.006     8.3542     93.159     41.502  38.196568     4.8823      7.200   168.6703 3.1255e+02     3.8103     -0.082     -0.118    21.0071 0.0000e+00
     -0.082     -0.009     8.3402     91.183     41.506  38.201635     4.9192      7.196   170.0757 3.0435e+02     3.7259     -0.081     -0.117    21.0082 0.0000e+00
     -0.082     -0.013     8.3251     87.196     41.509  38.205940     5.0191      7.195   170.9200 3.2184e+02     3.6934     -0.079     -0.115    21.0097 0.0000e+00
     -0.085     -0.017     8.3399     82.057     41.484  38.185160     5.0911      7.197   171.3931 3.3778e+02     3.7599     -0.082     -0.119    21.0116 0.0000e+00
     -0.091     -0.018     8.3579     76.729     41.434  38.140765     5.1068      7.201   172.0960 3.3341e+02     3.8114     -0.088     -0.128    21.0131 0.0000e+00
     -0.100     -0.017     8.2034     71.760     41.403  38.113362     5.0601      7.208   172.7077 3.3321e+02     3.7699     -0.099     -0.142    21.0141 0.0000e+00
     -0.108     -0.015     7.8015     67.550     41.395  38.107663     4.9675      7.218   172.8518 3.2655e+02     3.7713     -0.109     -0.157    21.0165 0.0000e+00
     -0.112     -0.010     7.3130     64.338     41.355  38.071862     4.9188      7.228   173.1506 3.1949e+02     3.8632     -0.113     -0.163    21.0191 0.0000e+00
     -0.111     -0.005     6.8260     62.245     41.274  37.997781     4.9125      7.238   173.9975 3.3587e+02     3.9238     -0.110     -0.159    21.0209 0.0000e+00
     -0.109      0.000     6.3684     61.333     41.247  37.973440     4.9000      7.246   175.0030 3.5487e+02     3.8892     -0.106     -0.154    21.0224 0.0000e+00
     -0.107      0.003     5.9857     61.281     41.311  38.031389     4.8673      7.253   175.7576 3.5156e+02     3.7863     -0.105     -0.152    21.0240 0.0000e+00
     -0.105      0.004     5.6996     61.530     41.346  38.063864     4.8493      7.261   176.3256 3.3804e+02     3.7727     -0.103     -0.148    21.0253 0.0000e+00
     -0.105      0.004     5.5042     61.763     41.331  38.048804     4.8503      7.267   176.8803 3.3901e+02     3.8615     -0.102     -0.148    21.0258 0.0000e+00
     -0.106      0.004     5.4348     61.876     41.322  38.039676     4.8288      7.272   177.3020 3.4586e+02     3.9031     -0.105     -0.152    21.0259 0.0000e+00
     -0.106      0.004     5.4548     61.835     41.298  38.016949     4.7894      7.279   177.5524 3.4180e+02     3.8661     -0.105     -0.153    21.0253 0.0000e+00
     -0.103      0.003     5.4830     61.645     41.241  37.964385     4.7574      7.287   177.8423 3.3655e+02     3.7905     -0.102     -0.147    21.0247 0.0000e+00
     -0.099      0.003     5.5072     61.348     41.183  37.911780     4.7485      7.297   178.3118 3.3891e+02     3.7741     -0.097     -0.140    21.0244 0.0000e+00
     -0.097      0.002     5.5173     61.005     41.158  37.888559     4.7403      7.307   178.7558 3.4515e+02     3.8388     -0.094     -0.137    21.0237 0.0000e+00
     -0.099      0.001     5.5147     60.679     41.143  37.873989     4.7170      7.316   179.0800 3.4696e+02     3.8897     -0.097     -0.141    21.0231 0.0000e+00
     -0.101      0.000     5.4952     60.376     41.131  37.862530     4.6992      7.324   179.5645 3.4293e+02     3.8427     -0.100     -0.145    21.0230 0.0000e+00
     -0.102 -5.742e-08     5.4677     60.073     41.147  37.876921     4.6827      7.332   180.1400 3.4045e+02     3.7483     -0.101     -0.147    21.0226 0.0000e+00
     -0.101 -6.316e-07     5.4342     59.843     41.195  37.921076     4.6760      7.339   180.5323 3.3844e+02     3.7742     -0.100     -0.146    21.0220 0.0000e+00
     -0.099      0.000     5.4046     59.779     41.228  37.952208     4.6940      7.345   180.8657 3.3561e+02     3.8823     -0.098     -0.141    21.0215 0.0000e+00
     -0.098      0.000     5.3814     59.909     41.211  37.936054     4.7093      7.352   181.3313 3.3759e+02     3.9279     -0.096     -0.139    21.0213 0.0000e+00
     -0.099     -0.001     5.3499     60.204     41.189  37.916136     4.7018      7.360   181.9473 3.4316e+02     3.8810     -0.097     -0.140    21.0214 0.0000e+00
     -0.101     -0.003     5.3260     60.576     41.174  37.901748     4.6873      7.368   182.5484 3.4609e+02     3.7944     -0.099     -0.143    21.0215 0.0000e+00
     -0.102     -0.003     5.3202     60.925     41.159  37.889006     4.7002      7.376   182.9214 3.4629e+02     3.8026     -0.100     -0.145    21.0218 0.0000e+00
     -0.103     -0.003     5.3317     61.207     41.159  37.888984     4.7404      7.383   183.1010 3.4649e+02     3.8769     -0.101     -0.146    21.0222 0.0000e+00
     -0.104     -0.002     5.3616     61.403     41.173  37.901479     4.7739      7.390   183.3430 3.4643e+02     3.8736     -0.102     -0.148    21.0220 0.0000e+00
     -0.104     -0.001     5.3988     61.479     41.186  37.913164     4.7892      7.398   183.7831 3.4590e+02     3.7969     -0.103     -0.149    21.0218 0.0000e+00
     -0.104     -0.001     5.4305     61.429     41.175  37.903355     4.7926      7.405   184.2060 3.4541e+02     3.7350     -0.102     -0.148    21.0216 0.0000e+00
     -0.104      0.000     5.4558     61.279     41.182  37.909804     4.7982      7.412   184.4979 3.4513e+02     3.7744     -0.102     -0.148    21.0218 0.0000e+00
     -0.104 -1.877e-08     5.4748     61.064     41.202  37.927683     4.8153      7.418   184.7319 3.4420e+02     3.8637     -0.101     -0.147    21.0220 0.0000e+00
     -0.104 -2.064e-07     5.4819     60.837     41.203  37.929152     4.8167      7.426   184.9700 3.4228e+02     3.8582     -0.102     -0.147    21.0219 0.0000e+00
     -0.104 -2.034e-07     5.4762     60.630     41.201  37.927569     4.7816      7.433   185.3118 3.4186e+02     3.7760     -0.102     -0.148    21.0219 0.0000e+00
