Data/DataNotYetUploadedToEDI/Raw_CTD/RawDownloads/100124_fcr40_S7809004.cnv
* Sea-Bird SBE19plus  Data File:
* FileName = C:\R\Reservoirs\Data\DataNotYetUploadedToEDI\Raw_CTD\RawDownloads\100124_fcr10_S7809_0004.hex
* Software version 2.8.0.119
* Temperature SN = 7809
* Conductivity SN = 7809
* System UpLoad Time = Oct 01 2024 17:24:03
* <ApplicationData>
* <Seaterm232>
# nquan = 15
# nvalues = 1009                        
# units = specified
# name 0 = depFM: Depth [fresh water, m]
# name 1 = dz/dtM: Descent Rate [m/s]
# name 2 = sbeox0Mg/L: Oxygen, SBE 43 [mg/l]
# name 3 = sbeox0PS: Oxygen, SBE 43 [% saturation]
# name 4 = specc: Specific Conductance [uS/cm]
# name 5 = c0uS/cm: Conductivity [uS/cm]
# name 6 = flECO-AFL: Fluorescence, WET Labs ECO-AFL/FL [mg/m^3]
# name 7 = ph: pH
# name 8 = orp: Oxidation Reduction Potential [mV]
# name 9 = par/sat/log: PAR/Logarithmic, Satlantic
# name 10 = turbWETntu0: Turbidity, WET Labs ECO [NTU]
# name 11 = prdM: Pressure, Strain Gauge [db]
# name 12 = prdE: Pressure, Strain Gauge [psi]
# name 13 = tv290C: Temperature [ITS-90, deg C]
# name 14 = flag:  0.000e+00
# span 0 =     -0.667,      6.004       
# span 1 =     -0.355,      0.189       
# span 2 =    -0.1516,     8.5979       
# span 3 =     -1.439,     96.489       
# span 4 =      0.745,     73.401       
# span 5 =   0.658237,  60.858843       
# span 6 =    -0.1281,     7.9388       
# span 7 =      7.696,      8.322       
# span 8 =   180.2056,   457.5221       
# span 9 = 1.2362e-01, 6.5084e+02       
# span 10 =     0.7678,   379.7323      
# span 11 =     -0.655,      5.888      
# span 12 =     -0.949,      8.540      
# span 13 =    13.5058,    21.1589      
# span 14 = 0.0000e+00, 0.0000e+00      
# interval = seconds: 0.25
# start_time = Oct 01 2024 10:36:27 [Instrument's time stamp, header]
# bad_flag = -9.990e-29
*END*
[from data line 97]
     -0.039      0.000     5.9214     66.529     39.999  36.882453     3.4550      8.196   195.7489 3.5402e+02     6.8829     -0.038     -0.055    21.0932 0.0000e+00
     -0.039 3.9250e-08     5.9294     66.343     39.999  36.882463     3.4522      8.197   195.7336 3.5546e+02     6.8203     -0.038     -0.055    21.0949 0.0000e+00
     -0.040 4.3175e-07     5.9318     66.061     39.998  36.882360     3.4509      8.198   195.7608 3.5915e+02     6.8286     -0.040     -0.058    21.0968 0.0000e+00
     -0.042 4.3177e-07     5.9265     65.776     39.997  36.881207     3.4391      8.200   195.9048 3.6072e+02     6.8796     -0.042     -0.060    21.0981 0.0000e+00
     -0.042 3.9557e-08     5.9222     65.526     39.983  36.868526     3.4342      8.201   196.0983 3.6012e+02     6.9590     -0.041     -0.059    21.0988 0.0000e+00
     -0.041 6.9521e-09     5.9071     65.390     39.970  36.855940     3.4498      8.202   196.2076 3.5919e+02     6.9341     -0.040     -0.058    21.0996 0.0000e+00
     -0.039 3.7548e-08     5.8745     65.450     39.970  36.855930     3.4532      8.203   196.2803 3.5969e+02     6.8529     -0.038     -0.056    21.1003 0.0000e+00
     -0.039 4.0978e-07     5.8522     65.743     39.984  36.868411     3.4419      8.205   196.6336 3.6072e+02     6.8999     -0.038     -0.055    21.1004 0.0000e+00
     -0.040      0.000     5.8255     66.277     39.997  36.879939     3.4389      8.208   201.0811 3.6031e+02     7.0236     -0.040     -0.057    21.0998 0.0000e+00
     -0.041      0.000     5.8106     66.968     39.984  36.868410     3.4417      8.211   209.9601 3.5669e+02     7.1188     -0.040     -0.058    21.0993 0.0000e+00
     -0.041      0.001     5.8162     67.718     39.970  36.855920     3.4504      8.214   214.5937 3.5258e+02     7.1291     -0.040     -0.058    21.0989 0.0000e+00
     -0.040      0.001     5.8397     68.428     39.970  36.855825     3.4440      8.217   215.3769 3.5196e+02     7.0791     -0.039     -0.057    21.0988 0.0000e+00
     -0.039      0.001     5.8917     68.974     39.981  36.867267     3.4226      8.219   218.6550 3.5456e+02     7.0608     -0.039     -0.056    21.0990 0.0000e+00
     -0.038      0.001     5.9563     69.284     39.981  36.867352     3.4176      8.221   221.1896 3.5843e+02     7.1135     -0.037     -0.054    21.0991 0.0000e+00
     -0.038      0.000     6.0245     69.338     39.970  36.856864     3.4327      8.222   220.4699 3.6031e+02     7.1692     -0.037     -0.054    21.0993 0.0000e+00
     -0.039 1.8626e-08     6.0935     69.154     39.981  36.867361     3.4468      8.224   218.7290 3.5791e+02     7.0852     -0.037     -0.054    21.0998 0.0000e+00
     -0.040 2.0489e-07     6.1436     68.777     39.981  36.867361     3.4379      8.227   218.2943 3.5403e+02     6.9177     -0.039     -0.056    21.1004 0.0000e+00
     -0.040 2.0489e-07     6.1715     68.260     39.970  36.856865     3.4342      8.228   219.5159 3.5221e+02     6.8861     -0.039     -0.057    21.1007 0.0000e+00
     -0.039 1.8616e-08     6.1763     67.686     39.980  36.867362     3.4352      8.228   220.3359 3.5245e+02     6.9416     -0.039     -0.057    21.1009 0.0000e+00
     -0.038 1.5801e-09     6.1571     67.125     39.980  36.867372     3.4251      8.230   220.2927 3.5178e+02     6.9749     -0.038     -0.056    21.1009 0.0000e+00
     -0.038 4.4783e-10     6.1238     66.628     39.969  36.856989     3.4202      8.232   220.1123 3.5017e+02     6.9468     -0.037     -0.053    21.1008 0.0000e+00
     -0.038 4.9262e-09     6.0736     66.238     39.982  36.868734     3.4092      8.232   219.7035 3.5045e+02     6.8404     -0.037     -0.055    21.1009 0.0000e+00
     -0.039 5.4188e-08     6.0209     65.943     39.996  36.882474     3.4174      8.232   218.8779 3.5080e+02     6.8159     -0.038     -0.056    21.1009 0.0000e+00
     -0.039 5.9607e-07     5.9696     65.683     40.011  36.896205     3.4606      8.233   217.7875 3.5242e+02     6.8907     -0.038     -0.055    21.1010 0.0000e+00
     -0.039      0.000     5.9232     65.397     40.024  36.907846     3.4989      8.235   215.9839 3.5476e+02     6.9243     -0.039     -0.056    21.1014 0.0000e+00
     -0.039      0.000     5.8894     65.103     40.012  36.896318     3.5057      8.237   214.9667 3.5190e+02     6.8809     -0.038     -0.056    21.1018 0.0000e+00
     -0.038      0.001     5.8646     64.849     39.998  36.883723     3.4931      8.237   215.4696 3.4855e+02     6.8096     -0.037     -0.054    21.1020 0.0000e+00
     -0.038      0.001     5.8454     64.691     39.997  36.882475     3.4885      8.236   212.7718 3.5132e+02     6.7791     -0.037     -0.054    21.1021 0.0000e+00
     -0.038      0.001     5.8174     64.641     39.996  36.881226     3.4911      8.235   207.2985 3.5462e+02     6.8199     -0.038     -0.056    21.1019 0.0000e+00
     -0.038      0.001     5.7905     64.635     39.982  36.868620     3.4991      8.235   204.2720 3.5341e+02     6.8932     -0.038     -0.055    21.1014 0.0000e+00
     -0.037      0.001     5.7661     64.634     39.970  36.856968     3.5024      8.234   203.4525 3.5283e+02     6.8801     -0.037     -0.053    21.1013 0.0000e+00
     -0.037      0.000     5.7500     64.645     39.981  36.867247     3.4807      8.233   202.9828 3.5403e+02     6.7977     -0.036     -0.052    21.1013 0.0000e+00
     -0.037      0.000     5.7500     64.621     39.980  36.865997     3.4533      8.233   202.6373 3.5231e+02     6.8193     -0.036     -0.052    21.1011 0.0000e+00
     -0.037     -0.001     5.7502     64.492     39.954  36.841855     3.4455      8.234   202.2854 3.5176e+02     6.9368     -0.036     -0.052    21.1012 0.0000e+00
     -0.038     -0.001     5.7490     64.277     39.942  36.829154     3.4455      8.233   201.9120 3.5585e+02     6.9547     -0.037     -0.054    21.1010 0.0000e+00
     -0.039     -0.001     5.7508     63.992     39.955  36.839336     3.4356      8.233   201.6500 3.5800e+02     6.8647     -0.038     -0.056    21.1008 0.0000e+00
     -0.039      0.000     5.7543     63.661     39.957  36.838060     3.4344      8.234   201.5274 3.5705e+02     6.8049     -0.038     -0.056    21.1004 0.0000e+00
     -0.038 1.1442e-12     5.7386     63.334     39.935  36.813718     3.4648      8.234   201.4616 3.5627e+02     6.8127     -0.037     -0.054    21.0996 0.0000e+00
     -0.037 1.2587e-11     5.7209     62.996     39.922  36.798823     3.5034      8.233   201.4570 3.5320e+02     6.8564     -0.037     -0.053    21.0987 0.0000e+00
     -0.037 1.3845e-10     5.6955     62.634     39.910  36.784874     3.5096      8.233   201.3856 3.4945e+02     6.8545     -0.036     -0.052    21.0965 0.0000e+00
     -0.038 1.5230e-09     5.6625     62.256     39.899  36.771966     3.4811      8.234   201.2001 3.5081e+02     6.8231     -0.037     -0.053    21.0927 0.0000e+00
     -0.038 1.6753e-08     5.6370     61.879     39.899  36.769648     3.4431      8.235   201.1071 3.5459e+02     6.8195     -0.037     -0.054    21.0879 0.0000e+00
     -0.038 1.8428e-07     5.6064     61.501     39.889  36.756843     3.4322      8.235   201.1213 3.5564e+02     6.8445     -0.037     -0.054    21.0835 0.0000e+00
     -0.038 1.6450e-07     5.5752     61.116     39.879  36.744038     3.4499      8.236   201.0277 3.5412e+02     6.9213     -0.037     -0.054    21.0797 0.0000e+00
     -0.038 -2.225e-07     5.5405     60.718     39.879  36.741730     3.4403      8.237   200.8360 3.5344e+02     6.9275     -0.037     -0.054    21.0759 0.0000e+00
     -0.038 -4.061e-07     5.5082     60.308     39.869  36.728934     3.4075      8.237   200.7826 3.5428e+02     6.8514     -0.037     -0.054    21.0724 0.0000e+00
     -0.038 1.7081e-07     5.4746     59.908     39.859  36.716225     3.3943      8.237   200.8127 3.5379e+02     6.8211     -0.037     -0.054    21.0687 0.0000e+00
     -0.038      0.000     5.4412     59.524     39.861  36.714966     3.4058      8.237   200.8555 3.5384e+02     6.8344     -0.037     -0.054    21.0647 0.0000e+00
     -0.038      0.000     5.4064     59.137     39.863  36.713706     3.4211      8.238   200.8697 3.5481e+02     6.8413     -0.037     -0.054    21.0609 0.0000e+00
     -0.038      0.001     5.3692     58.725     39.853  36.700987     3.4301      8.239   200.7257 3.5307e+02     6.8022     -0.037     -0.054    21.0570 0.0000e+00
     -0.037      0.001     5.3336     58.314     39.843  36.688087     3.4483      8.239   200.5776 3.5130e+02     6.8052     -0.036     -0.053    21.0531 0.0000e+00
     -0.037      0.002     5.3006     57.923     39.843  36.684636     3.4654      8.240   200.6272 3.5394e+02     6.8444     -0.036     -0.053    21.0491 0.0000e+00
     -0.037      0.003     5.2682     57.531     39.819  36.659255     3.4796      8.242   200.7235 3.5717e+02     6.8662     -0.036     -0.052    21.0449 0.0000e+00
     -0.036      0.003     5.2301     57.137     39.796  36.635009     3.4949      8.243   200.7096 3.5639e+02     6.8970     -0.036     -0.052    21.0406 0.0000e+00
     -0.035      0.003     5.1930     56.764     39.811  36.645275     3.4927      8.243   200.7181 3.5290e+02     6.8757     -0.035     -0.050    21.0363 0.0000e+00
     -0.034      0.004     5.1602     56.408     39.827  36.656483     3.4773      8.243   200.7400 3.4663e+02     6.8134     -0.033     -0.048    21.0319 0.0000e+00
     -0.032      0.004     5.1256     56.051     39.817  36.643617     3.4842      8.244   200.7164 3.4099e+02     6.8267     -0.032     -0.046    21.0277 0.0000e+00
     -0.032      0.004     5.0895     55.686     39.792  36.616608     3.5094      8.246   200.6905 3.4207e+02     6.9004     -0.031     -0.044    21.0234 0.0000e+00
     -0.032      0.004     5.0574     55.328     39.760  36.583725     3.5152      8.246   200.5986 3.4479e+02     6.9185     -0.031     -0.045    21.0190 0.0000e+00
     -0.031      0.005     5.0265     54.993     39.742  36.563289     3.4957      8.246   200.3792 3.4248e+02     6.8750     -0.030     -0.044    21.0146 0.0000e+00
     -0.030      0.005     4.9956     54.659     39.742  36.559870     3.4742      8.247   200.2752 3.3960e+02     6.8183     -0.029     -0.042    21.0098 0.0000e+00
     -0.027      0.005     4.9633     54.329     39.726  36.542384     3.4705      8.247   200.8898 3.3886e+02     6.8480     -0.027     -0.039    21.0052 0.0000e+00
     -0.025      0.004     4.9299     53.991     39.730  36.542212     3.4767      8.248   206.8634 3.3744e+02     6.9608     -0.025     -0.036    21.0005 0.0000e+00
     -0.024      0.003     4.9032     53.641     39.750  36.557787     3.4737      8.250   213.2210 3.3459e+02     6.9858     -0.023     -0.034    20.9961 0.0000e+00
     -0.023      0.001     4.8723     53.356     39.734  36.540340     3.4514      8.252   210.2175 3.3001e+02     6.9116     -0.022     -0.032    20.9920 0.0000e+00
     -0.023      0.000     4.8434     53.109     39.717  36.521618     3.4239      8.253   210.1273 3.2680e+02     6.8836     -0.022     -0.031    20.9875 0.0000e+00
     -0.024     -0.001     4.8170     52.846     39.720  36.521773     3.4074      8.254   218.0664 3.2971e+02     6.9543     -0.024     -0.034    20.9835 0.0000e+00
     -0.026     -0.001     4.7788     52.618     39.745  36.542212     3.3925      8.256   222.2353 3.3551e+02     6.9816     -0.026     -0.038    20.9797 0.0000e+00
     -0.026     -0.001     4.7567     52.437     39.787  36.578381     3.3860      8.258   221.7291 3.3841e+02     6.9059     -0.026     -0.038    20.9758 0.0000e+00
     -0.025      0.000     4.7393     52.286     39.790  36.578370     3.3865      8.258   217.7964 3.3712e+02     6.8592     -0.025     -0.036    20.9721 0.0000e+00
     -0.025      0.001     4.7107     52.146     39.753  36.542078     3.3900      8.258   214.4355 3.3501e+02     6.9633     -0.024     -0.035    20.9686 0.0000e+00
     -0.025      0.001     4.6921     51.979     39.732  36.520287     3.4202      8.258   217.4874 3.3468e+02     7.1403     -0.025     -0.036    20.9655 0.0000e+00
     -0.025     -0.001     4.6767     51.820     39.717  36.505248     3.4442      8.258   220.5388 3.3125e+02     7.1545     -0.025     -0.036    20.9624 0.0000e+00
     -0.024     -0.004     4.6630     51.723     39.699  36.487144     3.4383      8.257   217.4304 3.2835e+02     7.1011     -0.024     -0.035    20.9591 0.0000e+00
     -0.024     -0.008     4.6544     51.633     39.706  36.491744     3.4159      8.254   211.4799 3.3181e+02     7.0750     -0.023     -0.033    20.9560 0.0000e+00
     -0.026     -0.011     4.6372     51.462     39.715  36.497414     3.3893      8.249   211.9171 3.3790e+02     6.9754     -0.024     -0.035    20.9539 0.0000e+00
     -0.031     -0.011     4.6201     51.237     39.713  36.492252     3.3923      8.246   218.6728 3.4453e+02     6.9209     -0.029     -0.042    20.9526 0.0000e+00
     -0.038     -0.010     4.6140     51.036     39.717  36.492774     3.4022      8.245   221.7494 3.5313e+02     6.8949     -0.039     -0.056    20.9506 0.0000e+00
     -0.043     -0.010     4.6112     50.870     39.731  36.503725     3.4000      8.244   218.3147 3.5825e+02     6.8311     -0.045     -0.065    20.9476 0.0000e+00
     -0.043     -0.009     4.5946     50.752     39.864  36.624648     3.4070      8.244   212.0756 3.5346e+02     6.8337     -0.043     -0.062    20.9442 0.0000e+00
     -0.040     -0.006     4.5701     50.820     40.132  36.876152     3.4121      8.244   208.2609 3.5032e+02     6.8926     -0.039     -0.056    20.9403 0.0000e+00
     -0.040     -0.003     4.5544     51.696     40.318  37.069978     3.4207      8.242   207.2954 3.5364e+02     6.9620     -0.038     -0.055    20.9364 0.0000e+00
     -0.044     -0.000     4.5388     54.429     40.340  37.128077     3.4352      8.238   206.8564 3.5719e+02     6.9555     -0.044     -0.064    20.9335 0.0000e+00
     -0.049      0.002     4.5272     59.303     40.310  37.134498     3.4301      8.236   206.6516 3.6034e+02     6.8480     -0.050     -0.073    20.9300 0.0000e+00
     -0.049      0.002     4.5197     65.399     40.301  37.147654     3.4174      8.235   206.3684 3.5858e+02     6.7887     -0.049     -0.072    20.9282 0.0000e+00
     -0.044      0.002     4.5461     71.483     40.301  37.160274     3.4145      8.234   206.0137 3.5108e+02     6.8198     -0.043     -0.062    20.9581 0.0000e+00
     -0.038      0.003     4.7707     76.652     40.294  37.160191     3.4364      8.234   205.8903 3.4868e+02     6.8833     -0.036     -0.052    21.0187 0.0000e+00
     -0.037      0.003     5.2429     80.557     40.275  37.146660     3.4752      8.235   206.9414 3.5506e+02     6.9069     -0.034     -0.050    21.0631 0.0000e+00
     -0.040      0.002     5.8212     83.108     40.248  37.123584     3.4841      8.236   207.9675 3.5747e+02     6.8661     -0.039     -0.057    21.0862 0.0000e+00
     -0.044      0.001     6.3935     84.232     40.259  37.135008     3.4768      8.236   206.9394 3.5301e+02     6.8675     -0.044     -0.063    21.1006 0.0000e+00
     -0.044      0.001     6.8587     84.102     40.284  37.157873     3.4873      8.237   205.8677 3.4996e+02     6.9238     -0.044     -0.064    21.1081 0.0000e+00
     -0.041      0.001     7.2042     83.142     40.270  37.146231     3.5028      8.239   205.7642 3.4675e+02     6.9328     -0.040     -0.059    21.1125 0.0000e+00
     -0.038      0.000     7.4387     81.832     40.242  37.121153     3.4973      8.239   205.6031 3.4388e+02     6.8728     -0.036     -0.054    21.1145 0.0000e+00
     -0.037     -0.001     7.5316     80.573     40.227  37.108481     3.4790      8.239   205.4679 3.4564e+02     6.7801     -0.036     -0.052    21.1148 0.0000e+00
     -0.038     -0.002     7.5050     79.570     40.239  37.119925     3.4902      8.240   205.3347 3.5004e+02     6.7676     -0.036     -0.053    21.1152 0.0000e+00
