Data/DataNotYetUploadedToEDI/Raw_CTD/RawDownloads/100124_fcr50_S7809005.cnv
* Sea-Bird SBE19plus  Data File:
* FileName = C:\R\Reservoirs\Data\DataNotYetUploadedToEDI\Raw_CTD\RawDownloads\100124_fcr10_S7809_0005.hex
* Software version 2.8.0.119
* Temperature SN = 7809
* Conductivity SN = 7809
* System UpLoad Time = Oct 01 2024 17:24:44
* <ApplicationData>
* <Seaterm232>
# nquan = 15
# nvalues = 1560                        
# units = specified
# name 0 = depFM: Depth [fresh water, m]
# name 1 = dz/dtM: Descent Rate [m/s]
# name 2 = sbeox0Mg/L: Oxygen, SBE 43 [mg/l]
# name 3 = sbeox0PS: Oxygen, SBE 43 [% saturation]
# name 4 = specc: Specific Conductance [uS/cm]
# name 5 = c0uS/cm: Conductivity [uS/cm]
# name 6 = flECO-AFL: Fluorescence, WET Labs ECO-AFL/FL [mg/m^3]
# name 7 = ph: pH
# name 8 = orp: Oxidation Reduction Potential [mV]
# name 9 = par/sat/log: PAR/Logarithmic, Satlantic
# name 10 = turbWETntu0: Turbidity, WET Labs ECO [NTU]
# name 11 = prdM: Pressure, Strain Gauge [db]
# name 12 = prdE: Pressure, Strain Gauge [psi]
# name 13 = tv290C: Temperature [ITS-90, deg C]
# name 14 = flag:  0.000e+00
# span 0 =     -0.664,      9.556       
# span 1 =     -0.365,      0.192       
# span 2 =     0.1254,     8.6900       
# span 3 =      1.335,     97.133       
# span 4 =      0.797,    506.559       
# span 5 =   0.703869, 390.831474       
# span 6 =    -0.1361,    13.1185       
# span 7 =      7.583,      8.549       
# span 8 =   184.0245,   582.1358       
# span 9 = 1.2364e-01, 5.9276e+02       
# span 10 =    -0.2138,   278.5149      
# span 11 =     -0.652,      9.372      
# span 12 =     -0.946,     13.593      
# span 13 =    13.5233,    21.2243      
# span 14 = 0.0000e+00, 0.0000e+00      
# interval = seconds: 0.25
# start_time = Oct 01 2024 10:47:33 [Instrument's time stamp, header]
# bad_flag = -9.990e-29
*END*
[from data line 386]
      0.046 4.5929e-10     7.0134     78.855     40.236  37.186830     3.8292      8.417   220.5316 1.1561e+02     5.6203      0.045      0.065    21.2070 0.0000e+00
      0.046 3.3728e-09     7.0139     78.780     40.197  37.150227     3.8197      8.417   220.1627 1.1526e+02     5.6683      0.046      0.066    21.2053 0.0000e+00
      0.046 3.6949e-08     7.0153     78.720     40.182  37.136611     3.8312      8.418   219.8508 1.1424e+02     5.6977      0.045      0.066    21.2047 0.0000e+00
      0.046 4.0642e-07     7.0071     78.704     40.195  37.149103     3.8107      8.418   219.8581 1.1410e+02     5.6686      0.045      0.065    21.2053 0.0000e+00
      0.046      0.000     7.0005     78.743     40.222  37.174361     3.7470      8.416   220.4233 1.1443e+02     5.6581      0.044      0.064    21.2054 0.0000e+00
      0.046      0.000     6.9941     78.825     40.236  37.188194     3.7185      8.415   221.1776 1.1664e+02     5.6746      0.045      0.065    21.2056 0.0000e+00
      0.046      0.001     6.9866     78.915     40.236  37.189452     3.7322      8.416   221.5788 1.1787e+02     5.6964      0.045      0.066    21.2060 0.0000e+00
      0.046      0.001     6.9856     78.974     40.234  37.189565     3.7794      8.416   221.4031 1.1518e+02     5.6824      0.045      0.065    21.2055 0.0000e+00
      0.046      0.000     6.9891     79.010     40.232  37.189566     3.8479      8.416   220.8605 1.1532e+02     5.6424      0.045      0.066    21.2053 0.0000e+00
      0.047 1.8782e-08     6.9977     79.064     40.230  37.189462     3.8789      8.416   220.2659 1.1927e+02     5.6565      0.046      0.067    21.2064 0.0000e+00
      0.047 2.0660e-07     7.0069     79.094     40.228  37.188307     3.8872      8.416   220.5806 1.1677e+02     5.6822      0.046      0.067    21.2086 0.0000e+00
      0.047 2.4046e-07     7.0120     79.041     40.214  37.175607     3.9058      8.417   221.8266 1.1408e+02     5.6793      0.046      0.066    21.2112 0.0000e+00
      0.046 4.2825e-07     7.0114     78.946     40.201  37.162812     3.9129      8.418   222.4255 1.1646e+02     5.6556      0.045      0.065    21.2138 0.0000e+00
      0.046      0.000     7.0183     78.870     40.200  37.160515     3.8981      8.418   222.3151 1.1553e+02     5.6011      0.045      0.066    21.2156 0.0000e+00
      0.047      0.000     7.0245     78.848     40.188  37.147834     3.8846      8.418   221.9541 1.1379e+02     5.6009      0.046      0.067    21.2168 0.0000e+00
      0.047      0.001     7.0165     78.881     40.176  37.136392     3.8838      8.418   221.7602 1.1225e+02     5.6543      0.047      0.068    21.2168 0.0000e+00
      0.047      0.001     7.0066     78.932     40.190  37.149072     3.8799      8.418   222.2080 1.0973e+02     5.6312      0.046      0.066    21.2154 0.0000e+00
      0.047      0.001     6.9993     78.988     40.216  37.174244     3.8620      8.419   222.6361 1.1045e+02     5.5265      0.046      0.066    21.2136 0.0000e+00
      0.048      0.001     6.9967     79.059     40.230  37.186934     3.8345      8.420   222.6345 1.1188e+02     5.4134      0.046      0.067    21.2120 0.0000e+00
      0.049      0.000     7.0020     79.126     40.217  37.175596     3.8223      8.420   222.1893 1.1128e+02     5.3568      0.048      0.069    21.2115 0.0000e+00
      0.049 1.8626e-08     7.0068     79.155     40.205  37.164070     3.8474      8.420   221.4687 1.1027e+02     5.3888      0.048      0.070    21.2119 0.0000e+00
      0.049 2.0489e-07     7.0107     79.144     40.216  37.174473     3.8879      8.420   220.1172 1.1019e+02     5.4577      0.048      0.070    21.2124 0.0000e+00
      0.048 2.0489e-07     7.0176     79.106     40.216  37.174474     3.9046      8.421   219.3560 1.1113e+02     5.4722      0.047      0.068    21.2135 0.0000e+00
      0.047 1.8627e-08     7.0252     79.050     40.205  37.164081     3.8986      8.421   220.9549 1.1071e+02     5.4277      0.046      0.066    21.2143 0.0000e+00
      0.047 1.6935e-09     7.0278     79.000     40.217  37.175721     3.8992      8.422   222.5854 1.0808e+02     5.4326      0.046      0.066    21.2137 0.0000e+00
      0.047 1.5648e-10     7.0256     78.961     40.230  37.188307     3.9127      8.423   222.8084 1.0772e+02     5.4966      0.046      0.067    21.2131 0.0000e+00
      0.048 4.1964e-11     7.0232     78.929     40.230  37.189348     3.9199      8.423   222.1038 1.1069e+02     5.5190      0.047      0.069    21.2131 0.0000e+00
      0.048 3.0894e-10     7.0161     78.914     40.228  37.188308     3.9107      8.423   220.7769 1.1313e+02     5.4977      0.048      0.070    21.2133 0.0000e+00
      0.048 3.3844e-09     7.0118     78.905     40.214  37.175731     3.8351      8.423   220.4449 1.1197e+02     5.5130      0.047      0.069    21.2140 0.0000e+00
      0.047 3.7227e-08     7.0092     78.913     40.201  37.164195     3.7130      8.423   221.3596 1.0916e+02     5.6012      0.046      0.067    21.2150 0.0000e+00
      0.047 4.0950e-07     7.0044     78.932     40.213  37.175733     3.6664      8.423   222.2004 1.1098e+02     5.7104      0.046      0.066    21.2165 0.0000e+00
      0.047      0.000     7.0048     78.931     40.227  37.188318     3.6884      8.424   221.7488 1.1313e+02     5.7739      0.046      0.067    21.2176 0.0000e+00
      0.048      0.000     7.0028     78.936     40.229  37.189462     3.7793      8.424   220.8036 1.1106e+02     5.7547      0.047      0.068    21.2178 0.0000e+00
      0.048      0.001     7.0027     78.951     40.230  37.189566     3.9240      8.424   221.0101 1.1000e+02     5.6827      0.047      0.069    21.2184 0.0000e+00
      0.048      0.001     7.0079     78.964     40.231  37.189575     3.9981      8.424   221.4063 1.1101e+02     5.6560      0.047      0.069    21.2188 0.0000e+00
      0.048      0.001     7.0043     78.985     40.231  37.189567     4.0092      8.425   221.4644 1.1136e+02     5.7046      0.047      0.068    21.2185 0.0000e+00
      0.048      0.000     7.0060     79.003     40.231  37.189463     3.9332      8.426   221.7124 1.1175e+02     5.7237      0.047      0.069    21.2176 0.0000e+00
      0.049 1.8610e-08     7.0083     79.005     40.230  37.188318     3.7617      8.426   221.7372 1.1275e+02     5.6476      0.048      0.070    21.2163 0.0000e+00
      0.049 2.0471e-07     7.0079     79.005     40.216  37.175732     3.6589      8.427   221.5926 1.1125e+02     5.6047      0.048      0.069    21.2153 0.0000e+00
      0.048 2.0435e-07     7.0114     79.014     40.204  37.164185     3.6556      8.428   221.7714 1.1093e+02     5.6493      0.047      0.069    21.2151 0.0000e+00
      0.048 1.4217e-08     7.0130     79.011     40.216  37.175618     3.6643      8.429   222.0922 1.1441e+02     5.6747      0.047      0.068    21.2153 0.0000e+00
      0.048 -4.667e-08     7.0130     78.996     40.228  37.187059     3.6552      8.429   222.2876 1.1366e+02     5.6035      0.047      0.068    21.2153 0.0000e+00
      0.048 -5.319e-07     7.0113     78.978     40.215  37.175606     3.6454      8.429   222.4132 1.0869e+02     5.4719      0.047      0.068    21.2152 0.0000e+00
      0.048      0.000     7.0147     78.966     40.203  37.164060     3.6456      8.429   222.2332 1.0698e+02     5.4154      0.048      0.069    21.2148 0.0000e+00
      0.048      0.000     7.0132     78.974     40.215  37.174359     3.6575      8.429   222.0902 1.0968e+02     5.4669      0.047      0.069    21.2149 0.0000e+00
      0.049     -0.001     7.0120     79.004     40.215  37.173216     3.6730      8.429   222.4052 1.1179e+02     5.5138      0.048      0.070    21.2155 0.0000e+00
      0.049     -0.003     7.0101     79.056     40.191  37.150236     3.6674      8.430   222.3424 1.0904e+02     5.4703      0.048      0.069    21.2160 0.0000e+00
      0.049     -0.006     7.0080     79.109     40.192  37.150330     3.6477      8.430   221.1588 1.0744e+02     5.3846      0.047      0.068    21.2162 0.0000e+00
      0.048     -0.008     7.0098     79.133     40.219  37.174349     3.6345      8.430   219.5379 1.0946e+02     5.3660      0.048      0.069    21.2152 0.0000e+00
      0.045     -0.008     7.0114     79.106     40.234  37.186832     3.6325      8.430   219.8669 1.0936e+02     5.4165      0.045      0.066    21.2134 0.0000e+00
      0.040     -0.006     7.0177     79.031     40.220  37.174349     3.6317      8.430   222.1245 1.1054e+02     5.4832      0.039      0.056    21.2124 0.0000e+00
      0.036     -0.001     7.0233     78.954     40.194  37.150330     3.6157      8.429   223.2596 1.1594e+02     5.4891      0.034      0.049    21.2110 0.0000e+00
      0.034      0.004     7.0265     78.907     40.194  37.150236     3.5974      8.428   223.2671 1.1942e+02     5.4199      0.032      0.047    21.2088 0.0000e+00
      0.038      0.007     7.0246     78.858     40.217  37.173214     3.5939      8.426   223.4190 1.1793e+02     5.4317      0.036      0.051    21.2077 0.0000e+00
      0.045      0.008     7.0162     78.818     40.214  37.174348     3.5979      8.424   222.6015 1.1497e+02     5.5635      0.044      0.064    21.2080 0.0000e+00
      0.052      0.007     7.0069     78.837     40.200  37.163946     3.6051      8.423   220.3523 1.1393e+02     5.6811      0.053      0.077    21.2081 0.0000e+00
      0.054      0.005     7.0061     78.890     40.210  37.174348     3.6053      8.423   218.4220 1.1353e+02     5.6926      0.055      0.078    21.2078 0.0000e+00
      0.051      0.001     7.0005     78.942     40.210  37.173213     3.5842      8.421   217.7606 1.0974e+02     5.6678      0.050      0.073    21.2109 0.0000e+00
      0.047     -0.003     6.9927     78.977     40.186  37.150226     3.5572      8.419   217.5178 1.0678e+02     5.6885      0.046      0.067    21.2160 0.0000e+00
      0.045     -0.004     6.9966     78.993     40.189  37.150226     3.5545      8.417   217.2067 1.0919e+02     5.7036      0.044      0.064    21.2185 0.0000e+00
      0.045     -0.003     7.0018     79.002     40.216  37.173215     3.5590      8.416   217.2684 1.1170e+02     5.7491      0.044      0.064    21.2201 0.0000e+00
      0.045      0.000     7.0070     79.014     40.217  37.174360     3.5453      8.415   218.9525 1.1447e+02     5.7602      0.045      0.065    21.2199 0.0000e+00
      0.045      0.004     7.0105     79.014     40.205  37.164071     3.5308      8.414   221.3084 1.1777e+02     5.6672      0.045      0.065    21.2175 0.0000e+00
      0.045      0.006     7.0120     79.005     40.216  37.175722     3.5415      8.414   221.4043 1.1759e+02     5.6491      0.043      0.063    21.2146 0.0000e+00
      0.047      0.006     7.0122     78.996     40.228  37.188317     3.5668      8.414   219.8540 1.1514e+02     5.7120      0.044      0.066    21.2120 0.0000e+00
      0.052      0.006     7.0146     78.971     40.228  37.189452     3.5778      8.414   218.5667 1.1279e+02     5.7442      0.051      0.074    21.2117 0.0000e+00
      0.056      0.005     7.0141     78.935     40.227  37.189452     3.5506      8.413   217.9707 1.1104e+02     5.7317      0.056      0.081    21.2129 0.0000e+00
      0.057      0.004     7.0122     78.909     40.226  37.188317     3.5040      8.411   217.8958 1.1065e+02     5.6972      0.056      0.082    21.2144 0.0000e+00
      0.056      0.001     7.0129     78.900     40.213  37.175733     3.4969      8.410   217.8341 1.1100e+02     5.7030      0.054      0.079    21.2163 0.0000e+00
      0.054     -0.003     7.0095     78.915     40.202  37.164206     3.5144      8.410   217.6542 1.1100e+02     5.6986      0.052      0.076    21.2185 0.0000e+00
      0.053     -0.005     7.0054     78.975     40.216  37.175846     3.5322      8.410   217.2697 1.1247e+02     5.6441      0.052      0.076    21.2196 0.0000e+00
      0.053     -0.005     7.0028     79.061     40.231  37.189567     3.5460      8.410   217.0569 1.1548e+02     5.6252      0.053      0.077    21.2197 0.0000e+00
      0.051     -0.004     7.0024     79.102     40.246  37.203193     3.5401      8.409   219.7284 1.1808e+02     5.6743      0.050      0.073    21.2195 0.0000e+00
      0.047     -0.002     7.0028     79.090     40.256  37.213690     3.5444      8.409   224.1875 1.1840e+02     5.7254      0.046      0.067    21.2171 0.0000e+00
      0.046     -0.001     7.0080     79.068     40.230  37.189576     3.5647      8.409   223.9935 1.1572e+02     5.6290      0.044      0.064    21.2150 0.0000e+00
      0.048      0.000     7.0202     79.043     40.204  37.165454     3.5683      8.409   219.9653 1.1269e+02     5.4655      0.047      0.068    21.2145 0.0000e+00
      0.050      0.001     7.0237     79.011     40.215  37.175847     3.5551      8.409   217.4695 1.1191e+02     5.4216      0.050      0.073    21.2147 0.0000e+00
      0.051      0.002     7.0197     78.978     40.229  37.188330     3.5471      8.410   216.8754 1.1085e+02     5.4058      0.051      0.075    21.2155 0.0000e+00
      0.050      0.002     7.0183     78.964     40.230  37.189474     3.5542      8.411   216.7398 1.0986e+02     5.4103      0.049      0.071    21.2161 0.0000e+00
      0.050      0.001     7.0160     78.952     40.230  37.189681     3.5667      8.411   216.7764 1.1076e+02     5.4426      0.048      0.069    21.2167 0.0000e+00
      0.051      0.000     7.0133     78.913     40.230  37.190835     3.5644      8.410   216.8887 1.1006e+02     5.4204      0.050      0.072    21.2171 0.0000e+00
      0.052 -3.846e-07     7.0090     78.862     40.244  37.203422     3.5434      8.410   216.6338 1.1068e+02     5.4147      0.051      0.075    21.2165 0.0000e+00
      0.052     -0.000     7.0084     78.826     40.257  37.214969     3.5376      8.411   216.1908 1.1583e+02     5.5104      0.052      0.075    21.2165 0.0000e+00
      0.051      0.000     7.0092     78.805     40.245  37.203536     3.5772      8.412   216.3500 1.1868e+02     5.6555      0.051      0.073    21.2174 0.0000e+00
      0.050     -0.001     7.0044     78.800     40.233  37.192093     3.6230      8.413   216.9243 1.1605e+02     5.7014      0.049      0.071    21.2177 0.0000e+00
      0.050     -0.001     6.9988     78.821     40.245  37.203526     3.6163      8.414   218.8319 1.1339e+02     5.6551      0.048      0.070    21.2173 0.0000e+00
      0.050      0.000     6.9961     78.885     40.258  37.214855     3.5883      8.415   220.5723 1.1252e+02     5.6080      0.049      0.071    21.2168 0.0000e+00
      0.051 3.6800e-12     6.9945     78.975     40.245  37.202164     3.5999      8.415   218.8664 1.1173e+02     5.5420      0.050      0.072    21.2161 0.0000e+00
      0.051 4.0480e-11     6.9935     79.038     40.218  37.176991     3.6409      8.415   216.7913 1.1223e+02     5.4716      0.050      0.073    21.2156 0.0000e+00
      0.051 4.4528e-10     6.9948     79.058     40.205  37.164310     3.6678      8.416   216.3888 1.1408e+02     5.4397      0.050      0.073    21.2155 0.0000e+00
      0.051 4.8981e-09     7.0005     79.057     40.218  37.175742     3.6674      8.417   216.1511 1.1443e+02     5.3951      0.050      0.072    21.2153 0.0000e+00
      0.051 5.3879e-08     7.0118     79.057     40.232  37.188308     3.6696      8.417   216.0678 1.1293e+02     5.4111      0.049      0.071    21.2152 0.0000e+00
      0.051 5.9267e-07     7.0170     79.056     40.233  37.189337     3.6778      8.417   217.1033 1.1217e+02     5.5651      0.050      0.071    21.2143 0.0000e+00
      0.051      0.000     7.0186     79.061     40.232  37.188192     3.6753      8.418   218.3462 1.1451e+02     5.6860      0.051      0.073    21.2130 0.0000e+00
      0.051      0.000     7.0170     79.066     40.217  37.174462     3.6807      8.419   217.8452 1.1486e+02     5.6769      0.050      0.074    21.2124 0.0000e+00
