Data/DataNotYetUploadedToEDI/Raw_CTD/RawDownloads/100124_fcr20_S7809002.cnv
* Sea-Bird SBE19plus  Data File:
* FileName = C:\R\Reservoirs\Data\DataNotYetUploadedToEDI\Raw_CTD\RawDownloads\100124_fcr10_S7809_0002.hex
* Software version 2.8.0.119
* Temperature SN = 7809
* Conductivity SN = 7809
* System UpLoad Time = Oct 01 2024 17:23:03
* <ApplicationData>
* <Seaterm232>
# nquan = 15
# nvalues = 765                         
# units = specified
# name 0 = depFM: Depth [fresh water, m]
# name 1 = dz/dtM: Descent Rate [m/s]
# name 2 = sbeox0Mg/L: Oxygen, SBE 43 [mg/l]
# name 3 = sbeox0PS: Oxygen, SBE 43 [% saturation]
# name 4 = specc: Specific Conductance [uS/cm]
# name 5 = c0uS/cm: Conductivity [uS/cm]
# name 6 = flECO-AFL: Fluorescence, WET Labs ECO-AFL/FL [mg/m^3]
# name 7 = ph: pH
# name 8 = orp: Oxidation Reduction Potential [mV]
# name 9 = par/sat/log: PAR/Logarithmic, Satlantic
# name 10 = turbWETntu0: Turbidity, WET Labs ECO [NTU]
# name 11 = prdM: Pressure, Strain Gauge [db]
# name 12 = prdE: Pressure, Strain Gauge [psi]
# name 13 = tv290C: Temperature [ITS-90, deg C]
# name 14 = flag:  0.000e+00
# span 0 =     -0.670,      2.958       
# span 1 =     -0.332,      0.271       
# span 2 =     2.8259,     8.6649       
# span 3 =     31.570,     97.037       
# span 4 =      1.370,     43.594       
# span 5 =   1.239503,  39.362116       
# span 6 =    -0.1342,    61.9733       
# span 7 =      7.660,      8.156       
# span 8 =   190.9771,   670.1010       
# span 9 = 4.1496e+00, 5.1322e+02       
# span 10 =     0.7443,   237.5530      
# span 11 =     -0.657,      2.901      
# span 12 =     -0.953,      4.207      
# span 13 =    20.1003,    21.0919      
# span 14 = 0.0000e+00, 0.0000e+00      
# interval = seconds: 0.25
# start_time = Oct 01 2024 10:07:28 [Instrument's time stamp, header]
# bad_flag = -9.990e-29
*END*
[from data line 290]
     -0.018     -0.010     6.7008     75.444     40.282  37.119774     3.9200      8.082   235.5910 2.6744e+02     6.0394     -0.017     -0.024    21.0725 0.0000e+00
     -0.026     -0.008     6.7060     75.452     40.295  37.131112     3.9029      8.082   235.5132 2.6749e+02     5.9462     -0.028     -0.041    21.0723 0.0000e+00
     -0.028     -0.007     6.7146     75.427     40.281  37.118423     3.8654      8.083   235.3156 2.6496e+02     5.9027     -0.029     -0.043    21.0720 0.0000e+00
     -0.024     -0.005     6.7142     75.317     40.252  37.093258     3.8248      8.084   235.0080 2.6670e+02     5.9577     -0.023     -0.034    21.0715 0.0000e+00
     -0.021     -0.002     6.7154     75.146     40.237  37.080672     3.8031      8.084   234.6340 2.6871e+02     5.9608     -0.018     -0.026    21.0704 0.0000e+00
     -0.022      0.000     6.7169     75.035     40.250  37.093145     3.7936      8.085   234.2343 2.7122e+02     5.9065     -0.020     -0.029    21.0693 0.0000e+00
     -0.026      0.000     6.7174     75.075     40.275  37.117163     3.7928      8.086   231.8102 2.7807e+02     5.8815     -0.026     -0.038    21.0690 0.0000e+00
     -0.028     -0.000     6.7070     75.215     40.275  37.117268     3.8179      8.087   227.2645 2.7862e+02     5.8980     -0.029     -0.042    21.0705 0.0000e+00
     -0.026     -0.000     6.6867     75.367     40.250  37.094403     3.8732      8.088   224.4434 2.7272e+02     5.9687     -0.026     -0.039    21.0726 0.0000e+00
     -0.023      0.002     6.6722     75.483     40.250  37.094518     3.9036      8.089   226.0934 2.6979e+02     5.9857     -0.023     -0.031    21.0737 0.0000e+00
     -0.022      0.007     6.6790     75.558     40.276  37.118660     3.9028      8.089   228.1143 2.6850e+02     5.9327     -0.021     -0.030    21.0743 0.0000e+00
     -0.023      0.014     6.6951     75.637     40.291  37.132494     3.8885      8.086   225.3891 2.6953e+02     5.9077     -0.024     -0.035    21.0746 0.0000e+00
     -0.023      0.024     6.7088     75.718     40.293  37.134877     3.8640      8.082   222.5685 2.7030e+02     5.9236     -0.023     -0.034    21.0749 0.0000e+00
     -0.018      0.033     6.7209     75.762     40.305  37.147472     3.8640      8.079   222.4035 2.6710e+02     5.9882     -0.021     -0.029    21.0748 0.0000e+00
     -0.008      0.039     6.7239     75.777     40.315  37.157876     3.8642      8.077   222.2765 2.5934e+02     6.0061     -0.012     -0.016    21.0749 0.0000e+00
      0.011      0.044     6.7315     75.776     40.288  37.133754     3.8160      8.076   224.3015 2.4401e+02     5.9344      0.012      0.018    21.0752 0.0000e+00
      0.030      0.045     6.7411     75.748     40.262  37.109631     3.7476      8.076   229.5077 2.2951e+02     5.8728      0.034      0.049    21.0759 0.0000e+00
      0.040      0.043     6.7440     75.725     40.273  37.120024     3.7201      8.078   233.2564 2.2487e+02     5.8765      0.041      0.060    21.0773 0.0000e+00
      0.046      0.038     6.7435     75.740     40.287  37.132505     3.7329      8.079   231.7703 2.2301e+02     5.9452      0.045      0.064    21.0795 0.0000e+00
      0.053      0.033     6.7454     75.759     40.288  37.133630     3.7357      8.080   229.4358 2.1682e+02     6.0205      0.051      0.073    21.0812 0.0000e+00
      0.062      0.028     6.7412     75.776     40.288  37.133629     3.7127      8.081   230.8415 2.1229e+02     6.0689      0.062      0.089    21.0806 0.0000e+00
      0.070      0.024     6.7367     75.801     40.287  37.132494     3.6967      8.081   230.0951 2.1164e+02     6.1208      0.072      0.104    21.0800 0.0000e+00
      0.075      0.015     6.7417     75.853     40.273  37.119908     3.7002      8.080   225.6596 2.0935e+02     6.1691      0.074      0.107    21.0799 0.0000e+00
      0.080      0.002     6.7420     75.933     40.261  37.108362     3.6876      8.078   223.3304 2.0642e+02     6.1402      0.077      0.112    21.0796 0.0000e+00
      0.086     -0.012     6.7439     76.006     40.273  37.119795     3.6446      8.075   223.0974 2.0876e+02     6.0450      0.088      0.127    21.0799 0.0000e+00
      0.084     -0.021     6.7452     76.061     40.286  37.131237     3.6050      8.071   222.9281 2.2124e+02     5.9752      0.089      0.130    21.0803 0.0000e+00
      0.067     -0.023     6.7490     76.093     40.275  37.119795     3.5992      8.067   222.6605 2.3777e+02     5.9792      0.069      0.100    21.0803 0.0000e+00
      0.046     -0.024     6.7589     76.109     40.263  37.108362     3.6161      8.065   222.4431 2.4703e+02     6.0250      0.039      0.055    21.0800 0.0000e+00
      0.037     -0.029     6.7644     76.099     40.277  37.119908     3.6258      8.065   222.4515 2.4530e+02     6.0500      0.031      0.044    21.0798 0.0000e+00
      0.044     -0.041     6.7704     76.039     40.292  37.132485     3.6171      8.066   222.5891 2.3734e+02     6.0431      0.044      0.063    21.0791 0.0000e+00
      0.051     -0.059     6.7725     75.920     40.293  37.133524     3.6027      8.067   222.5582 2.3399e+02     5.9756      0.054      0.079    21.0782 0.0000e+00
      0.044     -0.079     6.7743     75.771     40.291  37.132474     3.6098      8.067   222.4215 2.4589e+02     5.9172      0.053      0.077    21.0769 0.0000e+00
      0.013     -0.095     6.7751     75.658     40.277  37.119794     3.6612      8.067   222.4858 2.7392e+02     5.9515      0.021      0.031    21.0754 0.0000e+00
     -0.037     -0.104     6.7696     75.611     40.262  37.107114     3.7165      8.066   222.5611 3.1224e+02     6.0153     -0.038     -0.054    21.0748 0.0000e+00
     -0.084     -0.101     6.7590     75.632     40.261  37.106065     3.7205      8.064   222.5577 3.5698e+02     6.0043     -0.091     -0.132    21.0750 0.0000e+00
     -0.112     -0.084     6.7421     75.731     40.261  37.107113     3.7021      8.063   222.7895 3.8728e+02     5.9218     -0.118     -0.172    21.0757 0.0000e+00
     -0.120     -0.057     6.7314     75.892     40.273  37.119794     3.6611      8.063   223.0398 3.9909e+02     5.9055     -0.119     -0.173    21.0758 0.0000e+00
     -0.121     -0.031     6.7280     76.045     40.285  37.132484     3.5982      8.063   223.5188 4.0653e+02     5.9437     -0.117     -0.169    21.0763 0.0000e+00
     -0.124     -0.020     6.7286     76.125     40.285  37.133637     3.5739      8.064   228.1508 4.1000e+02     5.9399     -0.124     -0.181    21.0770 0.0000e+00
     -0.123     -0.026     6.7376     76.165     40.283  37.133732     3.5664      8.067   236.1978 4.0587e+02     5.8939     -0.123     -0.179    21.0777 0.0000e+00
     -0.118     -0.040     6.7542     76.255     40.281  37.133637     3.5336      8.072   239.5934 4.0074e+02     5.8654     -0.111     -0.161    21.0797 0.0000e+00
     -0.125     -0.051     6.7708     76.407     40.280  37.132493     3.5018      8.079   235.9955 4.2070e+02     5.9019     -0.113     -0.164    21.0817 0.0000e+00
     -0.152     -0.056     6.7763     76.563     40.267  37.119907     3.4985      8.085   231.1552 4.4945e+02     5.9609     -0.147     -0.214    21.0841 0.0000e+00
     -0.186     -0.054     6.7751     76.728     40.256  37.108360     3.5098      8.088   228.8217 4.6006e+02     5.9976     -0.189     -0.274    21.0871 0.0000e+00
     -0.208     -0.044     6.7823     76.890     40.269  37.119793     3.5301      8.089   226.6235 4.6262e+02     5.9698     -0.210     -0.305    21.0882 0.0000e+00
     -0.215     -0.027     6.8000     76.929     40.282  37.131235     3.5692      8.090   228.1520 4.6312e+02     5.8979     -0.215     -0.312    21.0879 0.0000e+00
     -0.210     -0.008     6.8131     76.848     40.270  37.119794     3.6078      8.093   234.3115 4.6263e+02     5.9134     -0.206     -0.299    21.0868 0.0000e+00
     -0.201      0.005     6.8254     76.759     40.258  37.108361     3.6316      8.098   237.2557 4.6179e+02     5.9866     -0.196     -0.284    21.0857 0.0000e+00
     -0.194      0.010     6.8482     76.645     40.270  37.119908     3.6654      8.103   236.9057 4.6054e+02     5.9976     -0.189     -0.274    21.0851 0.0000e+00
     -0.191      0.008     6.8512     76.469     40.285  37.132493     3.7081      8.108   236.4469 4.5996e+02     5.9439     -0.185     -0.269    21.0840 0.0000e+00
     -0.193      0.005     6.8364     76.281     40.286  37.133627     3.7228      8.112   236.0102 4.6021e+02     5.8834     -0.188     -0.273    21.0833 0.0000e+00
     -0.195      0.002     6.8320     76.134     40.286  37.133617     3.7272      8.117   235.6694 4.6067e+02     5.9159     -0.192     -0.278    21.0834 0.0000e+00
     -0.196      0.001     6.8240     76.059     40.284  37.132367     3.7442      8.121   235.4232 4.6119e+02     5.9950     -0.193     -0.280    21.0834 0.0000e+00
     -0.195      0.002     6.8049     76.057     40.268  37.118523     3.7543      8.123   235.2709 4.6164e+02     5.9863     -0.192     -0.279    21.0829 0.0000e+00
     -0.193      0.003     6.7868     76.063     40.239  37.093142     3.7580      8.126   235.1196 4.6160e+02     5.9127     -0.190     -0.275    21.0827 0.0000e+00
     -0.191      0.003     6.7735     76.057     40.223  37.079299     3.7724      8.129   234.8839 4.6122e+02     5.8575     -0.187     -0.270    21.0826 0.0000e+00
     -0.190      0.002     6.7650     76.070     40.221  37.078050     3.7864      8.131   234.6580 4.6116e+02     5.8652     -0.186     -0.269    21.0829 0.0000e+00
     -0.191      0.002     6.7687     76.099     40.222  37.078050     3.7940      8.133   234.5389 4.6129e+02     5.9368     -0.187     -0.271    21.0850 0.0000e+00
     -0.192      0.003     6.7698     76.153     40.224  37.079298     3.7976      8.135   234.4768 4.6192e+02     6.0059     -0.187     -0.272    21.0870 0.0000e+00
     -0.192      0.004     6.7658     76.237     40.240  37.093142     3.7881      8.137   234.4238 4.6255e+02     6.0518     -0.189     -0.274    21.0876 0.0000e+00
     -0.191      0.004     6.7696     76.321     40.268  37.118523     3.7795      8.138   234.4129 4.6256e+02     6.0815     -0.188     -0.272    21.0871 0.0000e+00
     -0.187      0.005     6.7707     76.380     40.283  37.132367     3.7848      8.139   234.3455 4.6244e+02     6.0574     -0.183     -0.265    21.0862 0.0000e+00
     -0.184      0.005     6.7753     76.412     40.284  37.133626     3.7943      8.140   234.2115 4.6202e+02     5.9655     -0.180     -0.261    21.0856 0.0000e+00
     -0.184      0.005     6.7844     76.408     40.284  37.133740     3.7866      8.142   234.1691 4.6160e+02     5.8925     -0.180     -0.261    21.0848 0.0000e+00
     -0.184      0.003     6.7926     76.368     40.284  37.133741     3.7665      8.142   234.0912 4.6128e+02     5.8929     -0.181     -0.262    21.0844 0.0000e+00
     -0.184      0.000     6.7979     76.339     40.284  37.133638     3.7511      8.143   234.0440 4.6087e+02     5.9361     -0.181     -0.263    21.0846 0.0000e+00
     -0.183     -0.003     6.8003     76.339     40.283  37.132493     3.7412      8.143   234.2865 4.6048e+02     6.0049     -0.179     -0.260    21.0849 0.0000e+00
     -0.182     -0.005     6.8019     76.351     40.270  37.119908     3.7469      8.143   234.2706 4.6028e+02     6.0078     -0.177     -0.256    21.0851 0.0000e+00
     -0.185     -0.006     6.7945     76.363     40.258  37.108371     3.7536      8.144   234.1099 4.5998e+02     5.9358     -0.180     -0.260    21.0851 0.0000e+00
     -0.190     -0.009     6.7922     76.358     40.271  37.119909     3.7805      8.145   234.2354 4.5867e+02     5.9200     -0.188     -0.273    21.0851 0.0000e+00
     -0.192     -0.010     6.7936     76.367     40.284  37.132494     3.8393      8.145   232.1748 4.5710e+02     5.9538     -0.189     -0.275    21.0843 0.0000e+00
     -0.193     -0.009     6.7936     76.383     40.285  37.133638     3.8651      8.145   227.6943 4.5609e+02     5.9685     -0.187     -0.271    21.0832 0.0000e+00
     -0.196     -0.002     6.7976     76.353     40.285  37.133742     3.8596      8.144   224.8876 4.5573e+02     5.9951     -0.191     -0.277    21.0829 0.0000e+00
     -0.201      0.008     6.7941     76.301     40.285  37.133751     3.8472      8.140   224.3954 4.5542e+02     5.9687     -0.198     -0.289    21.0827 0.0000e+00
     -0.202      0.020     6.7948     76.270     40.285  37.133743     3.8072      8.134   224.3234 4.5284e+02     5.9218     -0.202     -0.292    21.0830 0.0000e+00
     -0.196      0.033     6.8003     76.261     40.284  37.133638     3.7588      8.127   224.1902 4.4508e+02     5.9756     -0.195     -0.282    21.0838 0.0000e+00
     -0.182      0.044     6.7953     76.264     40.280  37.132483     3.7362      8.121   224.0752 4.3081e+02     6.0388     -0.180     -0.261    21.0838 0.0000e+00
     -0.163      0.050     6.7889     76.261     40.265  37.119793     3.7420      8.115   224.1379 4.0275e+02     6.0368     -0.161     -0.232    21.0828 0.0000e+00
     -0.145      0.052     6.7868     76.246     40.250  37.107112     3.7788      8.110   224.1741 3.6098e+02     5.9852     -0.141     -0.204    21.0825 0.0000e+00
     -0.130      0.051     6.7860     76.258     40.248  37.106062     3.8318      8.107   223.9970 3.2805e+02     5.9611     -0.126     -0.182    21.0851 0.0000e+00
     -0.121      0.048     6.7863     76.332     40.249  37.107101     3.8584      8.104   223.8885 3.1481e+02     5.9843     -0.117     -0.170    21.0880 0.0000e+00
     -0.114      0.046     6.7865     76.445     40.264  37.119679     3.8505      8.101   224.0665 3.0949e+02     5.9587     -0.112     -0.163    21.0895 0.0000e+00
     -0.105      0.045     6.7835     76.567     40.277  37.131224     3.8105      8.096   224.5148 3.0213e+02     5.8908     -0.105     -0.152    21.0909 0.0000e+00
     -0.091      0.048     6.7825     76.687     40.265  37.119792     3.7504      8.093   228.1908 2.8879e+02     5.8463     -0.090     -0.131    21.0919 0.0000e+00
     -0.076      0.055     6.7906     76.785     40.252  37.108360     3.7233      8.093   234.7854 2.6628e+02     5.8646     -0.072     -0.105    21.0916 0.0000e+00
     -0.063      0.062     6.8022     76.845     40.264  37.119906     3.7327      8.093   237.9127 2.4149e+02     5.9418     -0.061     -0.089    21.0905 0.0000e+00
     -0.050      0.067     6.8127     76.868     40.279  37.132483     3.7221      8.093   237.7821 2.2862e+02     5.9603     -0.050     -0.073    21.0898 0.0000e+00
     -0.031      0.070     6.8243     76.856     40.281  37.133523     3.6869      8.091   237.5943 2.2912e+02     5.8828     -0.031     -0.045    21.0896 0.0000e+00
     -0.008      0.069     6.8338     76.816     40.281  37.132473     3.6646      8.090   237.2766 2.3042e+02     5.8233     -0.007     -0.009    21.0896 0.0000e+00
      0.013      0.062     6.8384     76.731     40.268  37.119793     3.6520      8.089   237.0381 2.2207e+02     5.8566      0.014      0.021    21.0905 0.0000e+00
      0.032      0.050     6.8411     76.604     40.255  37.107113     3.6507      8.089   236.8617 2.0826e+02     5.9446      0.031      0.045    21.0896 0.0000e+00
      0.048      0.035     6.8395     76.472     40.254  37.106063     3.6572      8.089   236.6930 2.0244e+02     5.9643      0.050      0.074    21.0877 0.0000e+00
      0.055      0.020     6.8369     76.343     40.255  37.107101     3.6481      8.090   236.5464 2.1139e+02     5.8894      0.058      0.085    21.0871 0.0000e+00
      0.050      0.009     6.8302     76.219     40.268  37.119669     3.6398      8.092   235.9498 2.2670e+02     5.8255      0.051      0.073    21.0860 0.0000e+00
      0.044      0.003     6.8162     76.130     40.280  37.131111     3.6406      8.093   235.4159 2.3761e+02     5.8406      0.042      0.060    21.0850 0.0000e+00
