Data/DataNotYetUploadedToEDI/Raw_CTD/RawDownloads/100124_fcr40_S7809004.cnv
* Sea-Bird SBE19plus  Data File:
* FileName = C:\R\Reservoirs\Data\DataNotYetUploadedToEDI\Raw_CTD\RawDownloads\100124_fcr10_S7809_0004.hex
* Software version 2.8.0.119
* Temperature SN = 7809
* Conductivity SN = 7809
* System UpLoad Time = Oct 01 2024 17:24:03
* <ApplicationData>
* <Seaterm232>
# nquan = 15
# nvalues = 1009                        
# units = specified
# name 0 = depFM: Depth [fresh water, m]
# name 1 = dz/dtM: Descent Rate [m/s]
# name 2 = sbeox0Mg/L: Oxygen, SBE 43 [mg/l]
# name 3 = sbeox0PS: Oxygen, SBE 43 [% saturation]
# name 4 = specc: Specific Conductance [uS/cm]
# name 5 = c0uS/cm: Conductivity [uS/cm]
# name 6 = flECO-AFL: Fluorescence, WET Labs ECO-AFL/FL [mg/m^3]
# name 7 = ph: pH
# name 8 = orp: Oxidation Reduction Potential [mV]
# name 9 = par/sat/log: PAR/Logarithmic, Satlantic
# name 10 = turbWETntu0: Turbidity, WET Labs ECO [NTU]
# name 11 = prdM: Pressure, Strain Gauge [db]
# name 12 = prdE: Pressure, Strain Gauge [psi]
# name 13 = tv290C: Temperature [ITS-90, deg C]
# name 14 = flag:  0.000e+00
# span 0 =     -0.667,      6.004       
# span 1 =     -0.355,      0.189       
# span 2 =    -0.1516,     8.5979       
# span 3 =     -1.439,     96.489       
# span 4 =      0.745,     73.401       
# span 5 =   0.658237,  60.858843       
# span 6 =    -0.1281,     7.9388       
# span 7 =      7.696,      8.322       
# span 8 =   180.2056,   457.5221       
# span 9 = 1.2362e-01, 6.5084e+02       
# span 10 =     0.7678,   379.7323      
# span 11 =     -0.655,      5.888      
# span 12 =     -0.949,      8.540      
# span 13 =    13.5058,    21.1589      
# span 14 = 0.0000e+00, 0.0000e+00      
# interval = seconds: 0.25
# start_time = Oct 01 2024 10:36:27 [Instrument's time stamp, header]
# bad_flag = -9.990e-29
*END*
     -0.665 4.3139e-20     8.5281     92.343      0.951   0.840562    -0.0747      8.255   362.7526 1.2373e-01     8.7377     -0.653     -0.947    19.1931 0.0000e+00
     -0.665 3.9217e-21     8.5309     92.338      0.951   0.839981    -0.0654      8.254   363.4019 1.2374e-01     8.8044     -0.652     -0.946    19.1931 0.0000e+00
     -0.665 3.5652e-22     8.5319     92.333      0.991   0.875878    -0.0644      8.254   363.8213 1.2377e-01     8.8396     -0.653     -0.947    19.1930 0.0000e+00
     -0.665 3.2410e-23     8.5306     92.334      1.012   0.894548    -0.0702      8.254   363.6075 1.2377e-01     8.8904     -0.653     -0.947    19.1930 0.0000e+00
     -0.665 2.9464e-24     8.5334     92.324      0.991   0.875703    -0.0602      8.254   363.5706 1.2377e-01     9.0434     -0.653     -0.947    19.1930 0.0000e+00
     -0.665 2.6786e-25     8.5319     92.314      0.948   0.838040    -0.0520      8.254   364.5803 1.2381e-01     9.1174     -0.652     -0.946    19.1930 0.0000e+00
     -0.666 2.4351e-26     8.5303     92.320      0.927   0.819211    -0.0629      8.254   364.9744 1.2407e-01     9.0679     -0.653     -0.947    19.1930 0.0000e+00
     -0.666 2.2137e-27     8.5326     92.336      0.948   0.838057    -0.0661      8.254   365.1519 1.2703e-01     9.0597     -0.653     -0.947    19.1930 0.0000e+00
     -0.666 2.0124e-28     8.5304     92.351      0.991   0.875889    -0.0491      8.254   366.8120 1.6004e-01     9.0530     -0.652     -0.946    19.1929 0.0000e+00
     -0.666 1.8295e-29     8.5287     92.348      1.015   0.896597    -0.0498      8.255   367.4092 5.2314e-01     8.9866     -0.653     -0.947    19.1929 0.0000e+00
     -0.666 1.6632e-30     8.5303     92.351      1.017   0.898412    -0.0666      8.255   367.3821 4.5168e+00     9.0090     -0.653     -0.947    19.1928 0.0000e+00
     -0.666 1.5120e-31     8.5310     92.369      1.016   0.897842    -0.0604      8.254   368.6355 4.8446e+01     9.0846     -0.653     -0.947    19.1926 0.0000e+00
     -0.666 1.3745e-32     8.5346     92.371      1.006   0.889692    -0.0419      8.254   367.9371 2.3114e+02     9.0811     -0.653     -0.947    19.1926 0.0000e+00
     -0.666 1.2500e-33     8.5323     92.373      0.976   0.863222    -0.0499      8.256   363.4111 4.8876e+02     9.0338     -0.653     -0.947    19.1928 0.0000e+00
     -0.665 1.1807e-34     8.5316     92.383      0.940   0.831147    -0.0744      8.258   356.8460 6.1776e+02     8.9917     -0.653     -0.947    19.1927 0.0000e+00
     -0.665 5.9508e-35     8.5366     92.384      0.926   0.818584    -0.0714      8.258   351.1100 6.3792e+02     9.1185     -0.653     -0.947    19.1925 0.0000e+00
     -0.665 5.4193e-34     8.5345     92.365      0.948   0.837998    -0.0550      8.258   347.9182 6.4726e+02     9.3716     -0.653     -0.947    19.1924 0.0000e+00
     -0.665 5.9510e-33     8.5347     92.345      0.991   0.875866    -0.0677      8.257   346.8197 6.5084e+02     9.4560     -0.653     -0.947    19.1925 0.0000e+00
     -0.665 6.5460e-32     8.5366     92.352      1.015   0.896404    -0.0832      8.257   346.3451 6.4996e+02     9.4214     -0.653     -0.947    19.1923 0.0000e+00
     -0.665 7.2006e-31     8.5370     92.372      1.015   0.896299    -0.0686      8.258   342.5246 6.4433e+02     9.4988     -0.653     -0.947    19.1922 0.0000e+00
     -0.665 7.9206e-30     8.5347     92.373      0.990   0.874594    -0.0570      8.258   335.9022 6.3398e+02     9.6408     -0.653     -0.947    19.1924 0.0000e+00
     -0.666 8.7127e-29     8.5310     92.361      0.932   0.823994    -0.0681      8.258   331.9224 6.2036e+02     9.6700     -0.653     -0.947    19.1924 0.0000e+00
     -0.666 9.5840e-28     8.5328     92.356      0.895   0.791210    -0.0693      8.257   329.6814 6.1061e+02     9.6808     -0.653     -0.947    19.1923 0.0000e+00
     -0.666 1.0542e-26     8.5360     92.371      0.899   0.794905    -0.0553      8.256   326.6166 6.0599e+02     9.8063     -0.653     -0.947    19.1923 0.0000e+00
     -0.666 1.1597e-25     8.5358     92.389      0.840   0.741999    -0.0570      8.255   326.9588 5.9074e+02    10.2985     -0.653     -0.947    19.1923 0.0000e+00
     -0.666 1.2756e-24     8.5337     92.389      0.745   0.658237    -0.0649      8.254   331.9261 5.5748e+02    11.1232     -0.653     -0.947    19.1922 0.0000e+00
     -0.666 1.4032e-23     8.5330     92.382      0.757   0.668903    -0.0584      8.254   329.3739 5.1345e+02    11.6132     -0.653     -0.947    19.1921 0.0000e+00
     -0.666 1.5435e-22     8.5345     92.385      0.842   0.744293    -0.0544      8.257   314.5987 4.6550e+02    11.7478     -0.653     -0.947    19.1921 0.0000e+00
     -0.666 1.6979e-21     8.5381     92.388      0.916   0.809683    -0.0491      8.256   313.6568 4.1347e+02    12.3066     -0.653     -0.947    19.1921 0.0000e+00
     -0.666 1.8676e-20     8.5368     92.391      0.934   0.826137    -0.0354      8.246   334.9358 3.7176e+02    13.2801     -0.653     -0.947    19.1921 0.0000e+00
     -0.666 2.0544e-19     8.5352     92.414      0.923   0.816561    -0.0219      8.239   349.5560 3.4626e+02    13.8170     -0.653     -0.947    19.1921 0.0000e+00
     -0.666 2.2598e-18     8.5365     92.442      0.928   0.820573    -0.0037      8.242   346.9146 3.0859e+02    13.8794     -0.653     -0.947    19.1920 0.0000e+00
     -0.666 2.4858e-17     8.5370     92.428      0.989   0.874643     0.0018      8.251   326.2291 2.5719e+02    13.2492     -0.653     -0.947    19.1919 0.0000e+00
     -0.666 2.7344e-16     8.5359     92.401      1.162   1.026940    -0.0134      8.259   296.8239 2.1161e+02    11.9693     -0.653     -0.947    19.1921 0.0000e+00
     -0.666 3.0079e-15     8.5377     92.393      1.292   1.141820    -0.0124      8.263   279.2663 1.8076e+02    11.2490     -0.653     -0.947    19.1921 0.0000e+00
     -0.666 3.3086e-14     8.5445     92.380      1.343   1.186857     0.0055      8.262   268.1235 1.6397e+02    10.9622     -0.653     -0.947    19.1920 0.0000e+00
     -0.666 3.6395e-13     8.5406     92.380      1.420   1.254766    -0.0225      8.252   295.3717 1.5352e+02     8.6032     -0.653     -0.947    19.1920 0.0000e+00
     -0.666 4.0035e-12     8.5359     92.389      1.432   1.266150    -0.0841      8.231   379.6000 1.4840e+02     4.3498     -0.653     -0.947    19.1919 0.0000e+00
     -0.666 4.4038e-11     8.5383     92.374      1.427   1.261169    -0.1068      8.219   418.8140 1.4536e+02     2.0633     -0.653     -0.947    19.1920 0.0000e+00
     -0.666 4.8442e-10     8.5355     92.474      1.423   1.257884    -0.1139      8.226   398.3320 1.3756e+02     1.7951     -0.653     -0.947    19.1920 0.0000e+00
     -0.666 5.3286e-09     8.5337     92.718      1.387   1.226421    -0.1281      8.233   408.7426 1.2666e+02     1.6532     -0.653     -0.947    19.1918 0.0000e+00
     -0.666 5.8615e-08     8.5411     92.845      1.426   1.260797    -0.1203      8.238   433.1814 1.1767e+02     1.4404     -0.653     -0.947    19.1918 0.0000e+00
     -0.666 1.0746e-07     8.5310     92.826      1.535   1.356821    -0.1018      8.242   441.2073 1.1421e+02     1.1009     -0.653     -0.947    19.1919 0.0000e+00
     -0.666 5.8617e-08     8.5338     92.806      1.626   1.437316    -0.0961      8.245   449.2551 1.1514e+02     0.8616     -0.653     -0.947    19.1922 0.0000e+00
     -0.666 5.3457e-09     8.5759     92.772      1.668   1.473960    -0.1019      8.246   455.9771 1.1180e+02     0.7678     -0.652     -0.946    19.1926 0.0000e+00
     -0.666 6.6853e-10     8.5851     92.710      1.678   1.483160    -0.1049      8.248   457.5221 1.0758e+02     0.8209     -0.653     -0.947    19.1935 0.0000e+00
     -0.666 2.0691e-09     8.5729     92.647      1.681   1.485213    -0.0994      8.251   455.7182 1.1710e+02     0.9909     -0.653     -0.947    19.1941 0.0000e+00
     -0.666 2.2280e-08     8.5764     92.565      1.696   1.498786    -0.1020      8.252   453.1821 1.4694e+02     1.0469     -0.653     -0.947    19.1944 0.0000e+00
     -0.665 2.4504e-07     8.5734     92.491      1.721   1.520591    -0.0874      8.253   452.0668 1.9187e+02     1.0884     -0.653     -0.947    19.1942 0.0000e+00
     -0.665      0.000     8.5643     92.483      1.692   1.495480     0.3189      8.254   451.8695 2.3627e+02     2.3119     -0.653     -0.947    19.1948 0.0000e+00
     -0.666      0.000     8.5617     92.491      1.639   1.448539     1.0898      8.254   448.6458 2.7169e+02     4.6020     -0.654     -0.948    19.1941 0.0000e+00
     -0.666      0.000     8.5531     92.457      1.937   1.713138     1.5106      8.254   436.9223 2.9628e+02     5.7881     -0.653     -0.947    19.1952 0.0000e+00
     -0.666      0.004     8.5416     92.405      5.589   4.948083     1.5780      8.244   379.5557 3.0593e+02     5.8927     -0.653     -0.947    19.1935 0.0000e+00
     -0.665      0.014     8.5445     92.356     13.630  12.112810     1.8711      8.222   275.4824 3.1027e+02     6.2773     -0.654     -0.948    19.1966 0.0000e+00
     -0.665      0.034     8.5483     92.290     23.226  20.793380     2.3828      8.224   208.7284 3.2714e+02     6.8863     -0.652     -0.946    19.1922 0.0000e+00
     -0.664      0.060     8.5422     92.174     32.659  29.462776     2.6462      8.264   205.1719 3.6100e+02     7.1409     -0.654     -0.949    19.2000 0.0000e+00
     -0.652      0.091     8.5380     92.011     38.581  34.999527     2.6671      8.304   218.8872 4.0180e+02     7.1011     -0.651     -0.944    19.1878 0.0000e+00
     -0.621      0.124     8.5258     91.920     40.058  36.487770     2.7935      8.322   220.2912 4.3491e+02     7.1226     -0.612     -0.888    19.2424 0.0000e+00
     -0.577      0.155     8.4576     91.995     40.138  36.671486     3.0258      8.319   211.8217 4.5574e+02     7.1607     -0.566     -0.820    19.6077 0.0000e+00
     -0.529      0.178     8.3700     92.127     40.088  36.713347     3.1456      8.305   207.9432 4.7256e+02     7.1185     -0.522     -0.758    20.0764 0.0000e+00
     -0.475      0.189     8.3012     92.249     40.043  36.740226     3.1435      8.289   206.6076 4.9225e+02     7.0556     -0.466     -0.677    20.3770 0.0000e+00
     -0.420      0.189     8.2565     92.408     39.993  36.742754     3.1411      8.277   207.8909 5.1526e+02     7.0496     -0.411     -0.597    20.5528 0.0000e+00
     -0.367      0.186     8.2509     92.636     39.823  36.617065     3.2761      8.267   213.6513 5.3636e+02     7.1146     -0.356     -0.517    20.6839 0.0000e+00
     -0.323      0.182     8.2462     92.954     39.595  36.426164     3.5356      8.257   212.2421 5.4972e+02     7.1933     -0.312     -0.454    20.7959 0.0000e+00
     -0.286      0.180     8.2401     93.365     39.483  36.338179     3.6650      8.244   202.8112 5.4970e+02     7.1817     -0.285     -0.413    20.8785 0.0000e+00
     -0.246      0.180     8.2449     93.856     39.516  36.378130     3.6585      8.228   197.1062 5.3820e+02     7.1101     -0.244     -0.354    20.9409 0.0000e+00
     -0.198      0.181     8.2576     94.387     39.612  36.465065     3.6485      8.212   196.0917 5.2904e+02     7.0787     -0.194     -0.281    20.9756 0.0000e+00
     -0.147      0.178     8.2841     94.916     39.729  36.564422     3.6518      8.200   195.7935 4.9649e+02     7.1103     -0.146     -0.211    20.9933 0.0000e+00
     -0.095      0.167     8.3172     95.421     39.872  36.691111     3.6652      8.190   195.6515 4.2035e+02     7.1846     -0.094     -0.137    21.0138 0.0000e+00
     -0.044      0.145     8.3592     95.848     39.978  36.791239     3.6611      8.184   195.5790 3.4874e+02     7.1906     -0.039     -0.057    21.0310 0.0000e+00
     -0.003      0.113     8.4100     96.190     40.007  36.823281     3.6268      8.180   195.4340 3.1115e+02     7.0804      0.005      0.007    21.0281 0.0000e+00
      0.020      0.078     8.4578     96.427     39.999  36.824728     3.5838      8.177   195.2748 2.9805e+02     6.9457      0.026      0.037    21.0094 0.0000e+00
      0.029      0.042     8.5090     96.489     39.969  36.808746     3.5654      8.173   195.2887 2.9876e+02     6.8607      0.030      0.044    21.0028 0.0000e+00
      0.030      0.009     8.5444     96.392     39.903  36.756969     3.5625      8.171   195.2580 3.0066e+02     6.8720      0.030      0.042    21.0081 0.0000e+00
      0.025     -0.016     8.5733     96.195     39.843  36.706334     3.5240      8.171   195.1620 3.0679e+02     6.9116      0.027      0.039    21.0147 0.0000e+00
      0.016     -0.031     8.5979     95.938     39.839  36.704151     3.4585      8.171   195.1602 3.2006e+02     6.8960      0.017      0.025    21.0275 0.0000e+00
      0.004     -0.037     8.5979     95.628     39.866  36.730581     3.4277      8.171   195.2365 3.2471e+02     6.8540      0.003      0.004    21.0423 0.0000e+00
     -0.010     -0.037     8.5863     95.308     39.908  36.772085     3.4432      8.171   195.3093 3.2678e+02     6.8126     -0.010     -0.013    21.0553 0.0000e+00
     -0.022     -0.036     8.5648     95.025     39.963  36.825248     3.5037      8.171   195.3518 3.4223e+02     6.8057     -0.024     -0.034    21.0614 0.0000e+00
     -0.031     -0.033     8.5442     94.768     40.005  36.865749     3.5762      8.171   195.4071 3.6132e+02     6.8384     -0.034     -0.049    21.0604 0.0000e+00
     -0.034     -0.028     8.5140     94.536     40.021  36.881072     3.5956      8.172   195.3759 3.7340e+02     6.8671     -0.033     -0.049    21.0618 0.0000e+00
     -0.038     -0.021     8.4823     94.457     40.024  36.883609     3.5961      8.173   195.2329 3.7981e+02     6.8798     -0.035     -0.050    21.0661 0.0000e+00
     -0.047     -0.011     8.4580     94.539     40.037  36.896425     3.6078      8.172   195.2267 3.7946e+02     6.8551     -0.047     -0.068    21.0701 0.0000e+00
     -0.055     -0.002     8.4353     94.122     40.047  36.909128     3.6211      8.171   195.3870 3.7412e+02     6.8068     -0.057     -0.084    21.0723 0.0000e+00
     -0.056      0.004     8.4120     92.362     40.045  36.910292     3.6482      8.171   195.5365 3.6809e+02     6.8081     -0.058     -0.084    21.0709 0.0000e+00
     -0.048      0.007     8.3943     89.174     40.041  36.910500     3.6604      8.173   195.5712 3.5712e+02     6.8373     -0.049     -0.072    21.0700 0.0000e+00
     -0.036      0.007     8.4275     85.100     40.039  36.911651     3.6611      8.175   195.5487 3.4561e+02     6.8528     -0.033     -0.048    21.0727 0.0000e+00
     -0.029      0.005     8.4277     80.703     40.049  36.924218     3.6489      8.177   195.6086 3.4790e+02     6.8583     -0.023     -0.034    21.0773 0.0000e+00
     -0.034      0.001     8.2687     76.441     40.059  36.935544     3.6040      8.179   195.6925 3.5844e+02     6.8351     -0.032     -0.046    21.0818 0.0000e+00
     -0.043     -0.004     7.9610     72.728     40.042  36.921690     3.5677      8.181   195.7890 3.6161e+02     6.7780     -0.045     -0.065    21.0860 0.0000e+00
     -0.047     -0.006     7.5809     69.832     39.999  36.883620     3.5517      8.182   195.8293 3.5936e+02     6.7481     -0.049     -0.071    21.0902 0.0000e+00
     -0.047     -0.005     7.1772     67.893     39.970  36.855960     3.5507      8.184   195.7490 3.6054e+02     6.8158     -0.046     -0.066    21.0936 0.0000e+00
     -0.045      0.000     6.7817     66.911     39.957  36.841068     3.5565      8.186   195.7649 3.6432e+02     6.8784     -0.044     -0.063    21.0966 0.0000e+00
     -0.043      0.004     6.4444     66.628     39.947  36.830466     3.5550      8.189   195.8492 3.6355e+02     6.8569     -0.043     -0.061    21.0994 0.0000e+00
     -0.042      0.004     6.1821     66.631     39.973  36.854674     3.5492      8.190   195.8220 3.5737e+02     6.8286     -0.042     -0.060    21.1012 0.0000e+00
     -0.041      0.003     6.0081     66.648     39.999  36.879948     3.5193      8.191   195.7802 3.5418e+02     6.8436     -0.041     -0.058    21.1003 0.0000e+00
