Data/DataNotYetUploadedToEDI/Raw_CTD/RawDownloads/100124_fcr30_S7809003.cnv
* Sea-Bird SBE19plus  Data File:
* FileName = C:\R\Reservoirs\Data\DataNotYetUploadedToEDI\Raw_CTD\RawDownloads\100124_fcr10_S7809_0003.hex
* Software version 2.8.0.119
* Temperature SN = 7809
* Conductivity SN = 7809
* System UpLoad Time = Oct 01 2024 17:23:35
* <ApplicationData>
* <Seaterm232>
# nquan = 15
# nvalues = 1199                        
# units = specified
# name 0 = depFM: Depth [fresh water, m]
# name 1 = dz/dtM: Descent Rate [m/s]
# name 2 = sbeox0Mg/L: Oxygen, SBE 43 [mg/l]
# name 3 = sbeox0PS: Oxygen, SBE 43 [% saturation]
# name 4 = specc: Specific Conductance [uS/cm]
# name 5 = c0uS/cm: Conductivity [uS/cm]
# name 6 = flECO-AFL: Fluorescence, WET Labs ECO-AFL/FL [mg/m^3]
# name 7 = ph: pH
# name 8 = orp: Oxidation Reduction Potential [mV]
# name 9 = par/sat/log: PAR/Logarithmic, Satlantic
# name 10 = turbWETntu0: Turbidity, WET Labs ECO [NTU]
# name 11 = prdM: Pressure, Strain Gauge [db]
# name 12 = prdE: Pressure, Strain Gauge [psi]
# name 13 = tv290C: Temperature [ITS-90, deg C]
# name 14 = flag:  0.000e+00
# span 0 =     -0.668,      5.474       
# span 1 =     -0.350,      0.213       
# span 2 =     0.0631,     8.5373       
# span 3 =      0.720,     95.713       
# span 4 =      0.800,     75.422       
# span 5 =   0.720622,  61.990265       
# span 6 =    -0.0745,     8.9876       
# span 7 =      7.689,      8.554       
# span 8 =   126.1938,  1240.2295       
# span 9 = 1.2369e-01, 6.3911e+02       
# span 10 =     0.9890,   305.4338      
# span 11 =     -0.656,      5.369      
# span 12 =     -0.951,      7.787      
# span 13 =    13.5383,    21.1263      
# span 14 = 0.0000e+00, 0.0000e+00      
# interval = seconds: 0.25
# start_time = Oct 01 2024 10:28:53 [Instrument's time stamp, header]
# bad_flag = -9.990e-29
*END*
[from data line 772]
      2.244      0.034     4.9311     52.511     40.619  37.248226     3.3142      8.291   239.9318 1.2439e+01     7.1278      2.202      3.192    20.8960 0.0000e+00
      2.251      0.032     4.9544     50.646     40.599  37.220226     3.2952      8.290   239.8903 1.2336e+01     7.1036      2.207      3.201    20.8709 0.0000e+00
      2.259      0.032     4.9427     48.731     40.607  37.216549     3.2993      8.289   239.9433 1.2214e+01     7.1286      2.214      3.212    20.8584 0.0000e+00
      2.267      0.034     4.8497     46.960     40.607  37.203744     3.3220      8.287   239.9699 1.2104e+01     7.1569      2.224      3.225    20.8549 0.0000e+00
      2.275      0.037     4.7046     45.391     40.614  37.192303     3.3443      8.287   240.0393 1.2014e+01     7.2404      2.232      3.237    20.8491 0.0000e+00
      2.282      0.039     4.5310     44.111     40.649  37.205088     3.3533      8.286   240.2666 1.1876e+01     7.2849      2.237      3.244    20.8318 0.0000e+00
      2.293      0.042     4.3518     43.121     40.692  37.231397     3.3563      8.284   240.3946 1.1673e+01     7.2853      2.248      3.260    20.8207 0.0000e+00
      2.307      0.044     4.1970     42.207     40.729  37.256570     3.3548      8.282   240.4691 1.1500e+01     7.3481      2.264      3.284    20.8092 0.0000e+00
      2.320      0.046     4.0540     41.250     40.735  37.255626     3.3362      8.280   240.5641 1.1356e+01     7.3950      2.276      3.300    20.7826 0.0000e+00
      2.331      0.046     3.9380     40.311     40.701  37.219967     3.3139      8.280   240.5106 1.1206e+01     7.3397      2.285      3.314    20.7553 0.0000e+00
      2.342      0.045     3.8627     39.474     40.689  37.206145     3.3097      8.279   240.4255 1.1060e+01     7.2595      2.296      3.331    20.7406 0.0000e+00
      2.353      0.043     3.7857     38.855     40.700  37.215406     3.2763      8.278   240.5673 1.0911e+01     7.2801      2.308      3.348    20.7327 0.0000e+00
      2.364      0.040     3.6947     38.512     40.688  37.205033     3.2100      8.275   240.8480 1.0773e+01     7.3841      2.319      3.364    20.7240 0.0000e+00
      2.374      0.037     3.6114     38.412     40.688  37.207636     3.1656      8.272   241.0667 1.0648e+01     7.4239      2.328      3.378    20.7168 0.0000e+00
      2.384      0.035     3.5307     38.542     40.727  37.246880     3.1391      8.269   241.2331 1.0526e+01     7.3851      2.338      3.393    20.7143 0.0000e+00
      2.394      0.035     3.4728     38.853     40.785  37.298807     3.1056      8.266   241.3113 1.0436e+01     7.3929      2.349      3.407    20.7146 0.0000e+00
      2.399      0.036     3.4459     39.250     40.825  37.327843     3.0687      8.264   241.3234 1.0376e+01     7.5186      2.353      3.413    20.7130 0.0000e+00
      2.404      0.039     3.4348     39.637     40.856  37.344121     3.0514      8.261   241.3797 1.0261e+01     7.6754      2.355      3.415    20.7171 0.0000e+00
      2.415      0.043     3.4481     39.942     40.895  37.368693     3.0377      8.257   241.4759 1.0066e+01     7.6836      2.367      3.433    20.7249 0.0000e+00
      2.430      0.046     3.4794     40.174     40.907  37.371109     2.9944      8.253   241.6254 9.8786e+00     7.5143      2.385      3.459    20.7260 0.0000e+00
      2.445      0.047     3.5181     40.394     40.916  37.373331     2.9362      8.251   241.8109 9.7222e+00     7.3361      2.398      3.478    20.7145 0.0000e+00
      2.458      0.046     3.5580     40.637     40.942  37.395544     2.9166      8.248   241.8262 9.5703e+00     7.3057      2.411      3.496    20.6963 0.0000e+00
      2.470      0.043     3.5850     40.882     40.930  37.385867     2.9316      8.245   241.7246 9.4490e+00     7.3854      2.423      3.514    20.6823 0.0000e+00
      2.480      0.039     3.6042     41.078     40.925  37.383233     2.9266      8.242   241.7867 9.3741e+00     7.4119      2.433      3.528    20.6728 0.0000e+00
      2.488      0.036     3.6231     41.211     40.972  37.427156     2.8816      8.240   241.8883 9.2926e+00     7.3529      2.440      3.538    20.6643 0.0000e+00
      2.496      0.034     3.6458     41.313     41.023  37.472755     2.8286      8.239   241.9211 9.1834e+00     7.3555      2.447      3.549    20.6630 0.0000e+00
      2.505      0.033     3.6700     41.404     41.117  37.553833     2.8178      8.236   242.0114 9.0826e+00     7.4430      2.456      3.563    20.6667 0.0000e+00
      2.514      0.035     3.6876     41.458     41.225  37.645989     2.8261      8.233   242.1194 9.0035e+00     7.4888      2.465      3.576    20.6676 0.0000e+00
      2.521      0.039     3.6985     41.479     41.289  37.698621     2.8117      8.231   242.1943 8.9268e+00     7.4312      2.472      3.586    20.6707 0.0000e+00
      2.529      0.043     3.7057     41.497     41.348  37.746008     2.7937      8.229   242.2289 8.7916e+00     7.3603      2.478      3.594    20.6698 0.0000e+00
      2.541      0.046     3.7169     41.519     41.385  37.774734     2.7919      8.226   242.1932 8.6016e+00     7.4173      2.490      3.612    20.6621 0.0000e+00
      2.556      0.048     3.7217     41.559     41.409  37.792118     2.7980      8.224   242.1931 8.4299e+00     7.5068      2.508      3.637    20.6539 0.0000e+00
      2.570      0.049     3.7227     41.642     41.456  37.829286     2.7924      8.221   242.3138 8.2977e+00     7.4854      2.522      3.657    20.6462 0.0000e+00
      2.583      0.049     3.7253     41.747     41.477  37.843379     2.7663      8.219   242.4473 8.1758e+00     7.3969      2.533      3.674    20.6387 0.0000e+00
      2.595      0.047     3.7274     41.833     41.473  37.835597     2.7400      8.218   242.5178 8.0554e+00     7.3604      2.545      3.692    20.6319 0.0000e+00
      2.607      0.043     3.7296     41.888     41.506  37.862101     2.7335      8.217   242.5636 7.9512e+00     7.4191      2.557      3.710    20.6284 0.0000e+00
      2.618      0.040     3.7383     41.892     41.561  37.910009     2.7210      8.215   242.6568 7.8555e+00     7.4920      2.568      3.725    20.6223 0.0000e+00
      2.627      0.038     3.7511     41.858     41.631  37.970645     2.6880      8.212   242.6983 7.7811e+00     7.5251      2.577      3.737    20.6133 0.0000e+00
      2.635      0.038     3.7576     41.814     41.695  38.024137     2.6676      8.210   242.7212 7.7255e+00     7.5458      2.584      3.748    20.6087 0.0000e+00
      2.643      0.039     3.7650     41.750     41.728  38.049116     2.6657      8.208   242.9342 7.6376e+00     7.6063      2.591      3.758    20.6057 0.0000e+00
      2.653      0.042     3.7645     41.658     41.771  38.082276     2.6907      8.207   243.1222 7.4997e+00     7.6755      2.600      3.772    20.6033 0.0000e+00
      2.666      0.045     3.7601     41.548     41.804  38.107790     2.7282      8.206   243.1880 7.3674e+00     7.6645      2.614      3.792    20.5989 0.0000e+00
      2.678      0.048     3.7579     41.428     41.804  38.103765     2.7441      8.204   243.2990 7.2659e+00     7.5756      2.626      3.808    20.5929 0.0000e+00
      2.690      0.049     3.7527     41.282     41.802  38.097059     2.7492      8.201   243.3451 7.1345e+00     7.5229      2.638      3.826    20.5870 0.0000e+00
      2.705      0.047     3.7447     41.112     41.799  38.090158     2.7486      8.199   243.3163 6.9832e+00     7.5058      2.653      3.848    20.5788 0.0000e+00
      2.719      0.042     3.7345     40.937     41.797  38.083777     2.7456      8.197   243.3813 6.8627e+00     7.4712      2.666      3.867    20.5735 0.0000e+00
      2.730      0.037     3.7249     40.723     41.799  38.083351     2.7382      8.195   243.5281 6.7687e+00     7.4467      2.677      3.884    20.5699 0.0000e+00
      2.737      0.033     3.7128     40.453     41.800  38.085005     2.7256      8.193   243.6278 6.7146e+00     7.3793      2.686      3.896    20.5645 0.0000e+00
      2.742      0.032     3.6956     40.183     41.820  38.103776     2.7175      8.191   243.5548 6.6990e+00     7.3053      2.690      3.902    20.5584 0.0000e+00
      2.747      0.033     3.6823     39.968     41.836  38.119938     2.7401      8.190   243.5057 6.6625e+00     7.3384      2.693      3.906    20.5513 0.0000e+00
      2.755      0.035     3.6655     39.860     41.804  38.090048     2.7908      8.189   243.6367 6.5740e+00     7.4372      2.699      3.916    20.5485 0.0000e+00
      2.765      0.039     3.6366     39.838     41.774  38.059673     2.8068      8.189   243.6760 6.4624e+00     7.4410      2.712      3.932    20.5506 0.0000e+00
      2.777      0.041     3.6128     39.828     41.790  38.069952     2.7908      8.188   243.6365 6.3509e+00     7.3512      2.723      3.949    20.5513 0.0000e+00
      2.790      0.041     3.5894     39.807     41.814  38.087408     2.7727      8.186   243.7610 6.2430e+00     7.3080      2.736      3.968    20.5547 0.0000e+00
      2.803      0.039     3.5803     39.747     41.809  38.080357     2.7544      8.184   243.9774 6.1541e+00     7.3278      2.749      3.988    20.5561 0.0000e+00
      2.813      0.037     3.5838     39.619     41.776  38.048149     2.7530      8.183   244.1022 6.1055e+00     7.3853      2.759      4.002    20.5488 0.0000e+00
      2.819      0.037     3.5814     39.439     41.746  38.015268     2.7474      8.181   244.1510 6.0772e+00     7.3884      2.766      4.011    20.5432 0.0000e+00
      2.825      0.037     3.5820     39.238     41.743  38.000071     2.7288      8.179   244.2230 6.0275e+00     7.3660      2.770      4.017    20.5395 0.0000e+00
      2.833      0.038     3.5775     38.995     41.748  37.991306     2.7192      8.178   244.3709 5.9363e+00     7.3878      2.776      4.027    20.5352 0.0000e+00
      2.845      0.041     3.5662     38.669     41.740  37.972728     2.7309      8.177   244.5619 5.8203e+00     7.3786      2.789      4.045    20.5343 0.0000e+00
      2.859      0.044     3.5477     38.253     41.743  37.965795     2.7618      8.176   244.7255 5.7289e+00     7.3908      2.804      4.066    20.5308 0.0000e+00
      2.870      0.045     3.5322     37.760     41.758  37.970929     2.8184      8.174   244.8008 5.6605e+00     7.3988      2.815      4.082    20.5133 0.0000e+00
      2.881      0.044     3.5140     37.225     41.767  37.971330     2.8995      8.173   244.8698 5.5710e+00     7.3734      2.824      4.096    20.4926 0.0000e+00
      2.893      0.041     3.4846     36.681     41.773  37.970645     2.9602      8.172   245.0447 5.4723e+00     7.3917      2.836      4.114    20.4829 0.0000e+00
      2.905      0.039     3.4482     36.151     41.770  37.962627     2.9858      8.172   245.1084 5.3991e+00     7.4140      2.849      4.133    20.4713 0.0000e+00
      2.915      0.038     3.4027     35.677     41.747  37.937838     2.9760      8.171   245.0376 5.3477e+00     7.3350      2.859      4.147    20.4600 0.0000e+00
      2.921      0.039     3.3543     35.299     41.742  37.924744     2.9420      8.169   245.0494 5.3067e+00     7.1541      2.865      4.155    20.4519 0.0000e+00
      2.927      0.041     3.3052     35.009     41.765  37.931211     2.9155      8.168   245.1640 5.2549e+00     7.0373      2.870      4.162    20.4417 0.0000e+00
      2.937      0.044     3.2565     34.748     41.813  37.952554     2.9136      8.167   245.3912 5.1720e+00     7.0512      2.879      4.176    20.4377 0.0000e+00
      2.950      0.049     3.2120     34.443     41.955  38.055850     2.9437      8.166   245.5596 5.0620e+00     7.0822      2.893      4.196    20.4345 0.0000e+00
      2.965      0.052     3.1789     34.040     42.107  38.164806     3.1797      8.165   245.5648 4.9286e+00     7.0710      2.908      4.218    20.4267 0.0000e+00
      2.981      0.052     3.1560     33.471     42.095  38.127661     3.5957      8.164   245.6263 4.8041e+00     7.0518      2.924      4.240    20.4087 0.0000e+00
      2.996      0.051     3.1370     32.588     42.025  38.050905     3.8109      8.163   245.7012 4.7060e+00     7.0552      2.939      4.263    20.3795 0.0000e+00
      3.010      0.049     3.1125     31.189     42.036  38.061678     3.8508      8.162   245.6957 4.6253e+00     7.1121      2.952      4.282    20.3502 0.0000e+00
      3.020      0.048     3.0800     29.298     42.111  38.131013     3.9866      8.161   245.7330 4.5724e+00     7.0908      2.963      4.296    20.3138 0.0000e+00
      3.028      0.048     3.0347     27.289     42.261  38.254656     4.1966      8.160   245.8080 4.5160e+00     6.9348      2.969      4.306    20.2755 0.0000e+00
      3.039      0.047     2.9655     25.607     42.392  38.350917     4.3092      8.158   245.9140 4.4315e+00     6.8316      2.979      4.320    20.2606 0.0000e+00
      3.053      0.046     2.8397     24.412     42.406  38.343002     4.3906      8.156   245.9817 4.3374e+00     6.8336      2.994      4.343    20.2690 0.0000e+00
      3.068      0.045     2.6528     23.486     42.424  38.349305     5.3222      8.154   245.9379 4.2438e+00     7.0615      3.009      4.365    20.2763 0.0000e+00
      3.082      0.042     2.4557     22.517     42.513  38.427108     7.0426      8.152   245.9869 4.1744e+00     7.4346      3.024      4.386    20.2622 0.0000e+00
      3.092      0.039     2.2978     21.431     42.620  38.522218     7.9790      8.151   246.1446 4.1409e+00     7.5867      3.034      4.400    20.2286 0.0000e+00
      3.099      0.037     2.2018     20.421     42.724  38.610850     8.0711      8.148   246.2951 4.1121e+00     7.5687      3.038      4.407    20.1980 0.0000e+00
      3.105      0.036     2.1306     19.596     42.812  38.673781     8.1895      8.146   246.4306 4.0648e+00     7.6275      3.045      4.416    20.1889 0.0000e+00
      3.111      0.037     2.0461     18.756     42.884  38.711964     8.3946      8.145   246.4917 3.9973e+00     7.7846      3.051      4.425    20.1898 0.0000e+00
      3.121      0.039     1.9378     17.640     42.961  38.755179     8.5042      8.143   246.6038 3.9188e+00     7.8630      3.060      4.437    20.1870 0.0000e+00
      3.135      0.041     1.8397     16.119     43.051  38.815496     8.5324      8.140   246.7533 3.8482e+00     7.8585      3.075      4.459    20.1860 0.0000e+00
      3.148      0.041     1.7764     14.271     43.134  38.870097     8.6526      8.135   246.8371 3.7920e+00     7.9688      3.088      4.479    20.1688 0.0000e+00
      3.159      0.040     1.7103     12.309     43.196  38.907650     8.8505      8.132   246.9290 3.7518e+00     8.1713      3.099      4.495    20.1288 0.0000e+00
      3.168      0.037     1.6148     10.337     43.256  38.952217     8.9691      8.129   247.0034 3.7223e+00     8.3253      3.108      4.508    20.0971 0.0000e+00
      3.175      0.036     1.4754      8.380     43.350  39.028187     8.9876      8.127   247.0485 3.6817e+00     8.3632      3.113      4.516    20.0779 0.0000e+00
      3.183      0.036     1.2976      6.577     43.549  39.191585     8.9335      8.125   247.2166 3.6307e+00     8.3227      3.120      4.526    20.0523 0.0000e+00
      3.191      0.038     1.1174      5.062     43.883  39.468230     8.3975      8.122   247.4871 3.5868e+00     8.2443      3.129      4.539    20.0253 0.0000e+00
      3.200      0.042     0.9415      3.895     44.180  39.707678     7.4348      8.119   247.6518 3.5348e+00     8.1670      3.136      4.549    20.0192 0.0000e+00
      3.212      0.046     0.7560      3.099     44.388  39.865531     6.9143      8.116   247.8311 3.4625e+00     8.1731      3.148      4.566    20.0160 0.0000e+00
      3.225      0.049     0.5879      2.548     44.616  40.044067     6.8324      8.113   248.0210 3.3927e+00     8.1477      3.164      4.588    19.9934 0.0000e+00
