Data/DataNotYetUploadedToEDI/Raw_CTD/RawDownloads/100124_fcr40_S7809004.cnv
* Sea-Bird SBE19plus  Data File:
* FileName = C:\R\Reservoirs\Data\DataNotYetUploadedToEDI\Raw_CTD\RawDownloads\100124_fcr10_S7809_0004.hex
* Software version 2.8.0.119
* Temperature SN = 7809
* Conductivity SN = 7809
* System UpLoad Time = Oct 01 2024 17:24:03
* <ApplicationData>
* <Seaterm232>
# nquan = 15
# nvalues = 1009                        
# units = specified
# name 0 = depFM: Depth [fresh water, m]
# name 1 = dz/dtM: Descent Rate [m/s]
# name 2 = sbeox0Mg/L: Oxygen, SBE 43 [mg/l]
# name 3 = sbeox0PS: Oxygen, SBE 43 [% saturation]
# name 4 = specc: Specific Conductance [uS/cm]
# name 5 = c0uS/cm: Conductivity [uS/cm]
# name 6 = flECO-AFL: Fluorescence, WET Labs ECO-AFL/FL [mg/m^3]
# name 7 = ph: pH
# name 8 = orp: Oxidation Reduction Potential [mV]
# name 9 = par/sat/log: PAR/Logarithmic, Satlantic
# name 10 = turbWETntu0: Turbidity, WET Labs ECO [NTU]
# name 11 = prdM: Pressure, Strain Gauge [db]
# name 12 = prdE: Pressure, Strain Gauge [psi]
# name 13 = tv290C: Temperature [ITS-90, deg C]
# name 14 = flag:  0.000e+00
# span 0 =     -0.667,      6.004       
# span 1 =     -0.355,      0.189       
# span 2 =    -0.1516,     8.5979       
# span 3 =     -1.439,     96.489       
# span 4 =      0.745,     73.401       
# span 5 =   0.658237,  60.858843       
# span 6 =    -0.1281,     7.9388       
# span 7 =      7.696,      8.322       
# span 8 =   180.2056,   457.5221       
# span 9 = 1.2362e-01, 6.5084e+02       
# span 10 =     0.7678,   379.7323      
# span 11 =     -0.655,      5.888      
# span 12 =     -0.949,      8.540      
# span 13 =    13.5058,    21.1589      
# span 14 = 0.0000e+00, 0.0000e+00      
# interval = seconds: 0.25
# start_time = Oct 01 2024 10:36:27 [Instrument's time stamp, header]
# bad_flag = -9.990e-29
*END*
[from data line 193]
     -0.046     -0.003     7.2740     78.279     40.254  37.134883     3.5432      8.241   205.0870 3.5765e+02     6.9189     -0.045     -0.066    21.1172 0.0000e+00
     -0.046     -0.002     7.1557     77.873     40.268  37.147468     3.5426      8.242   204.9578 3.5206e+02     6.8864     -0.046     -0.066    21.1184 0.0000e+00
     -0.044     -0.001     7.0676     77.568     40.279  37.157871     3.5331      8.242   204.8383 3.4878e+02     6.8076     -0.043     -0.061    21.1197 0.0000e+00
     -0.041      0.000     7.0040     77.310     40.253  37.133749     3.5204      8.243   204.7613 3.5272e+02     6.7865     -0.040     -0.058    21.1204 0.0000e+00
     -0.041      0.001     6.9573     77.108     40.227  37.109625     3.5049      8.244   204.7143 3.5518e+02     6.8359     -0.039     -0.057    21.1202 0.0000e+00
     -0.042      0.001     6.9212     77.003     40.237  37.120018     3.5044      8.244   204.7005 3.6068e+02     6.8585     -0.041     -0.059    21.1198 0.0000e+00
     -0.044      0.000     6.8974     76.921     40.250  37.132501     3.5052      8.245   204.7666 3.6691e+02     6.8203     -0.044     -0.064    21.1197 0.0000e+00
     -0.045      0.000     6.8741     76.797     40.250  37.133644     3.4813      8.246   204.8260 3.6085e+02     6.8520     -0.045     -0.065    21.1200 0.0000e+00
     -0.043      0.001     6.8520     76.691     40.251  37.133842     3.4733      8.247   204.8163 3.4934e+02     7.0034     -0.043     -0.062    21.1206 0.0000e+00
     -0.041      0.001     6.8465     76.615     40.253  37.134893     3.4923      8.247   205.2518 3.4415e+02     7.1136     -0.039     -0.058    21.1212 0.0000e+00
     -0.040      0.001     6.8437     76.559     40.267  37.146345     3.5029      8.248   210.9519 3.4908e+02     7.1253     -0.038     -0.056    21.1225 0.0000e+00
     -0.041      0.001     6.8268     76.562     40.267  37.145400     3.5020      8.250   221.0799 3.5621e+02     7.0418     -0.040     -0.058    21.1235 0.0000e+00
     -0.042      0.001     6.8184     76.616     40.245  37.123471     3.4902      8.253   225.7514 3.5721e+02     6.8898     -0.042     -0.061    21.1222 0.0000e+00
     -0.043      0.001     6.8140     76.696     40.258  37.135018     3.4849      8.256   225.0183 3.5916e+02     6.8245     -0.043     -0.062    21.1210 0.0000e+00
     -0.041      0.000     6.8048     76.774     40.283  37.158101     3.4959      8.258   224.1753 3.5890e+02     6.8671     -0.042     -0.060    21.1200 0.0000e+00
     -0.039     -0.001     6.8074     76.817     40.271  37.148748     3.4981      8.259   223.7318 3.4898e+02     6.8936     -0.038     -0.055    21.1186 0.0000e+00
     -0.039     -0.002     6.8130     76.852     40.270  37.148843     3.4866      8.260   223.2690 3.4408e+02     6.8706     -0.037     -0.055    21.1164 0.0000e+00
     -0.040     -0.002     6.8203     76.889     40.281  37.159254     3.4815      8.261   222.7962 3.4797e+02     6.8282     -0.039     -0.057    21.1149 0.0000e+00
     -0.043     -0.002     6.8303     76.889     40.268  37.147718     3.4869      8.262   222.6616 3.5034e+02     6.8253     -0.042     -0.061    21.1160 0.0000e+00
     -0.045     -0.001     6.8310     76.841     40.257  37.136268     3.4933      8.264   222.5018 3.5584e+02     6.9046     -0.045     -0.065    21.1178 0.0000e+00
     -0.046      0.001     6.8337     76.775     40.271  37.147718     3.4920      8.265   222.3273 3.6178e+02     6.9326     -0.046     -0.066    21.1195 0.0000e+00
     -0.044      0.003     6.8390     76.733     40.284  37.159245     3.4797      8.265   222.2715 3.5821e+02     6.8570     -0.044     -0.063    21.1209 0.0000e+00
     -0.041      0.003     6.8392     76.726     40.272  37.148738     3.4694      8.265   222.1725 3.4859e+02     6.8100     -0.041     -0.059    21.1208 0.0000e+00
     -0.039      0.003     6.8341     76.731     40.271  37.147583     3.4763      8.266   221.9904 3.4393e+02     6.8418     -0.037     -0.054    21.1187 0.0000e+00
     -0.038      0.002     6.8268     76.724     40.268  37.145286     3.5038      8.266   221.6179 3.4896e+02     6.8665     -0.036     -0.052    21.1167 0.0000e+00
     -0.039      0.001     6.8227     76.709     40.241  37.120964     3.5276      8.267   221.3675 3.5251e+02     6.8349     -0.038     -0.055    21.1168 0.0000e+00
     -0.041     -0.001     6.8230     76.688     40.225  37.107329     3.5302      8.267   221.4588 3.5074e+02     6.8357     -0.040     -0.058    21.1165 0.0000e+00
     -0.041     -0.001     6.8247     76.656     40.224  37.107327     3.5270      8.268   221.6023 3.5155e+02     6.8420     -0.041     -0.059    21.1166 0.0000e+00
     -0.041     -0.001     6.8233     76.638     40.239  37.120946     3.5474      8.270   221.5551 3.5330e+02     6.8429     -0.040     -0.058    21.1174 0.0000e+00
     -0.040      0.000     6.8217     76.652     40.265  37.145076     3.5935      8.271   221.0591 3.5255e+02     6.8808     -0.039     -0.057    21.1176 0.0000e+00
     -0.040 -4.316e-07     6.8209     76.683     40.266  37.145275     3.6110      8.271   220.6815 3.4974e+02     6.8563     -0.039     -0.057    21.1188 0.0000e+00
     -0.040      0.000     6.8162     76.737     40.242  37.123345     3.5924      8.272   220.8610 3.4538e+02     6.8196     -0.039     -0.057    21.1203 0.0000e+00
     -0.041      0.000     6.8134     76.807     40.252  37.133747     3.5852      8.274   220.9934 3.4526e+02     6.8468     -0.040     -0.058    21.1207 0.0000e+00
     -0.041     -0.001     6.8167     76.853     40.262  37.144131     3.6064      8.276   220.9916 3.4926e+02     6.8779     -0.040     -0.059    21.1203 0.0000e+00
     -0.041     -0.001     6.8181     76.844     40.237  37.121994     3.6328      8.277   218.8601 3.4880e+02     6.8883     -0.040     -0.058    21.1198 0.0000e+00
     -0.041     -0.002     6.8233     76.803     40.232  37.119905     3.6218      8.277   214.2371 3.4891e+02     6.8695     -0.040     -0.058    21.1200 0.0000e+00
     -0.041     -0.002     6.8305     76.735     40.230  37.118874     3.5727      8.276   211.2123 3.5435e+02     6.8902     -0.039     -0.057    21.1206 0.0000e+00
     -0.042     -0.001     6.8370     76.674     40.220  37.109532     3.5300      8.275   210.4221 3.5415e+02     6.9684     -0.041     -0.058    21.1221 0.0000e+00
     -0.043     -0.000     6.8331     76.672     40.248  37.133863     3.5140      8.274   210.1896 3.4913e+02     7.0292     -0.042     -0.060    21.1247 0.0000e+00
     -0.044      0.001     6.8297     76.680     40.277  37.159243     3.5123      8.272   210.1216 3.5360e+02     7.0438     -0.044     -0.064    21.1271 0.0000e+00
     -0.043      0.001     6.8240     76.704     40.281  37.162581     3.5092      8.272   210.1160 3.6026e+02     6.9746     -0.043     -0.063    21.1293 0.0000e+00
     -0.041      0.001     6.8125     76.779     40.293  37.174223     3.5178      8.272   210.1220 3.5563e+02     6.9106     -0.040     -0.058    21.1294 0.0000e+00
     -0.040      0.001     6.8190     76.866     40.290  37.173088     3.5502      8.272   209.6785 3.5026e+02     6.9527     -0.038     -0.055    21.1264 0.0000e+00
     -0.040      0.001     6.8182     76.931     40.263  37.148863     3.5677      8.273   209.1408 3.5391e+02     7.0055     -0.038     -0.057    21.1236 0.0000e+00
     -0.041      0.001     6.8174     76.940     40.248  37.135133     3.5635      8.273   209.0408 3.5971e+02     7.0023     -0.040     -0.059    21.1231 0.0000e+00
     -0.042      0.001     6.8277     76.876     40.247  37.133988     3.5417      8.273   209.0721 3.6125e+02     6.9476     -0.042     -0.060    21.1250 0.0000e+00
     -0.042      0.001     6.8348     76.789     40.247  37.135019     3.5034      8.273   209.0895 3.5884e+02     6.8907     -0.042     -0.061    21.1267 0.0000e+00
     -0.041      0.001     6.8421     76.725     40.261  37.147604     3.4914      8.273   209.5083 3.5309e+02     6.8949     -0.040     -0.058    21.1273 0.0000e+00
     -0.039      0.001     6.8440     76.688     40.272  37.159244     3.5044      8.273   210.5232 3.5057e+02     6.8968     -0.038     -0.055    21.1276 0.0000e+00
     -0.038      0.000     6.8358     76.696     40.258  37.148850     3.5109      8.274   211.7239 3.5755e+02     6.8443     -0.037     -0.053    21.1284 0.0000e+00
     -0.039      0.000     6.8257     76.735     40.257  37.148851     3.5030      8.274   214.8204 3.6256e+02     6.8064     -0.037     -0.054    21.1287 0.0000e+00
     -0.040     -0.001     6.8217     76.754     40.268  37.159254     3.4928      8.274   220.0852 3.5699e+02     6.8492     -0.039     -0.058    21.1281 0.0000e+00
     -0.041     -0.001     6.8167     76.784     40.256  37.147727     3.4954      8.276   222.5518 3.5264e+02     6.9182     -0.041     -0.060    21.1301 0.0000e+00
     -0.041     -0.001     6.8164     76.841     40.243  37.136380     3.5098      8.279   219.9505 3.5514e+02     6.8883     -0.041     -0.059    21.1340 0.0000e+00
     -0.040      0.000     6.8240     76.877     40.256  37.148975     3.5336      8.279   217.4567 3.6011e+02     6.7956     -0.039     -0.056    21.1356 0.0000e+00
     -0.039      0.001     6.8229     76.884     40.282  37.173098     3.5500      8.279   218.0390 3.6648e+02     6.7873     -0.038     -0.055    21.1348 0.0000e+00
     -0.039      0.001     6.8241     76.883     40.283  37.174243     3.5424      8.280   216.9240 3.6717e+02     6.8571     -0.039     -0.056    21.1347 0.0000e+00
     -0.039      0.001     6.8331     76.883     40.269  37.162809     3.5245      8.281   214.1287 3.6138e+02     6.9216     -0.040     -0.058    21.1352 0.0000e+00
     -0.039      0.000     6.8351     76.891     40.267  37.161761     3.5081      8.281   215.5601 3.5672e+02     6.9186     -0.039     -0.057    21.1352 0.0000e+00
     -0.039     -0.000     6.8352     76.920     40.266  37.161571     3.4940      8.282   220.3778 3.5459e+02     6.8550     -0.039     -0.056    21.1358 0.0000e+00
     -0.039     -0.000     6.8346     76.955     40.264  37.160511     3.4869      8.282   221.6159 3.5894e+02     6.8021     -0.038     -0.057    21.1373 0.0000e+00
     -0.039     -0.001     6.8343     76.970     40.249  37.148954     3.4890      8.282   219.2587 3.6467e+02     6.7911     -0.038     -0.056    21.1385 0.0000e+00
     -0.039     -0.001     6.8345     76.981     40.248  37.148746     3.5110      8.282   216.8289 3.5842e+02     6.8584     -0.039     -0.056    21.1391 0.0000e+00
     -0.040      0.000     6.8367     77.004     40.257  37.157995     3.5365      8.282   216.5000 3.4568e+02     6.9329     -0.040     -0.057    21.1399 0.0000e+00
     -0.041      0.002     6.8424     77.012     40.231  37.133872     3.5389      8.282   217.6053 3.3779e+02     6.9055     -0.040     -0.058    21.1411 0.0000e+00
     -0.041      0.007     6.8416     76.989     40.207  37.110894     3.5404      8.282   217.8042 3.4228e+02     6.8689     -0.041     -0.060    21.1427 0.0000e+00
     -0.041      0.011     6.8415     76.931     40.234  37.133986     3.5379      8.281   220.2812 3.5677e+02     6.9690     -0.042     -0.060    21.1442 0.0000e+00
     -0.037      0.014     6.8453     76.862     40.262  37.159263     3.5250      8.280   222.6894 3.5663e+02     7.1252     -0.037     -0.054    21.1460 0.0000e+00
     -0.029      0.015     6.8458     76.826     40.265  37.162695     3.5179      8.280   222.4856 3.3801e+02     7.1516     -0.029     -0.042    21.1461 0.0000e+00
     -0.023      0.015     6.8445     76.816     40.279  37.175490     3.5019      8.279   222.2053 3.2701e+02     7.0834     -0.021     -0.030    21.1438 0.0000e+00
     -0.019      0.013     6.8393     76.826     40.291  37.187046     3.5064      8.278   222.2248 3.2748e+02     7.0861     -0.018     -0.026    21.1420 0.0000e+00
     -0.017      0.008     6.8302     76.855     40.279  37.175511     3.5477      8.278   222.3773 3.2748e+02     7.1506     -0.017     -0.024    21.1415 0.0000e+00
     -0.016     -0.001     6.8284     76.877     40.266  37.162934     3.5677      8.278   220.3501 3.2895e+02     7.1791     -0.015     -0.022    21.1421 0.0000e+00
     -0.016     -0.009     6.8278     76.881     40.265  37.161894     3.5494      8.274   215.9541 3.3090e+02     7.1578     -0.015     -0.022    21.1426 0.0000e+00
     -0.016     -0.014     6.8276     76.854     40.265  37.162934     3.5011      8.268   213.1056 3.2809e+02     7.0296     -0.014     -0.021    21.1426 0.0000e+00
     -0.022     -0.014     6.8324     76.791     40.278  37.175512     3.4506      8.262   212.3231 3.3727e+02     6.8931     -0.018     -0.027    21.1424 0.0000e+00
     -0.034     -0.010     6.8337     76.738     40.291  37.187057     3.4286      8.257   212.0858 3.6117e+02     6.9083     -0.033     -0.047    21.1421 0.0000e+00
     -0.044     -0.007     6.8348     76.723     40.280  37.175614     3.4267      8.252   212.1286 3.6929e+02     6.9741     -0.049     -0.071    21.1420 0.0000e+00
     -0.044     -0.007     6.8333     76.721     40.268  37.164069     3.4278      8.249   212.0671 3.5757e+02     6.9711     -0.048     -0.070    21.1428 0.0000e+00
     -0.032     -0.008     6.8250     76.733     40.279  37.174367     3.4168      8.247   211.9438 3.4209e+02     6.9069     -0.030     -0.043    21.1438 0.0000e+00
     -0.023     -0.009     6.8188     76.790     40.275  37.173223     3.4188      8.247   211.7566 3.3189e+02     6.8808     -0.015     -0.022    21.1436 0.0000e+00
     -0.029     -0.010     6.8199     76.862     40.248  37.150244     3.4435      8.247   211.5249 3.4176e+02     6.9283     -0.024     -0.034    21.1421 0.0000e+00
     -0.045     -0.011     6.8200     76.893     40.247  37.150347     3.4485      8.247   211.3793 3.6551e+02     6.9343     -0.047     -0.068    21.1404 0.0000e+00
     -0.058     -0.012     6.8188     76.881     40.273  37.174471     3.4462      8.247   211.2862 3.7179e+02     6.8515     -0.062     -0.090    21.1404 0.0000e+00
     -0.058     -0.010     6.8245     76.832     40.288  37.188097     3.4655      8.247   211.1746 3.6293e+02     6.7811     -0.060     -0.087    21.1438 0.0000e+00
     -0.052     -0.005     6.8338     76.762     40.288  37.188200     3.4913      8.249   210.9765 3.6224e+02     6.8003     -0.051     -0.074    21.1474 0.0000e+00
     -0.047      0.000     6.8352     76.712     40.273  37.175718     3.5158      8.251   210.6965 3.5971e+02     6.8783     -0.045     -0.064    21.1493 0.0000e+00
     -0.046      0.002     6.8338     76.695     40.260  37.164087     3.5373      8.253   210.5433 3.5549e+02     6.9386     -0.043     -0.063    21.1498 0.0000e+00
     -0.048      0.001     6.8299     76.703     40.272  37.174482     3.5515      8.255   210.5864 3.6624e+02     6.9153     -0.047     -0.069    21.1486 0.0000e+00
     -0.052     -0.001     6.8213     76.743     40.272  37.174491     3.5468      8.256   210.6154 3.7525e+02     6.8358     -0.051     -0.075    21.1485 0.0000e+00
     -0.055     -0.002     6.8167     76.819     40.261  37.164192     3.5377      8.256   210.5499 3.6931e+02     6.8310     -0.054     -0.080    21.1499 0.0000e+00
     -0.054     -0.006     6.8157     76.910     40.274  37.176873     3.5252      8.256   210.4821 3.6128e+02     6.8910     -0.055     -0.079    21.1505 0.0000e+00
     -0.050     -0.011     6.8160     76.987     40.297  37.200908     3.4790      8.256   210.4840 3.6338e+02     6.8783     -0.049     -0.071    21.1501 0.0000e+00
     -0.049     -0.015     6.8194     77.037     40.295  37.200985     3.4366      8.256   210.4868 3.8017e+02     6.8147     -0.044     -0.065    21.1487 0.0000e+00
     -0.054     -0.019     6.8269     77.051     40.268  37.177807     3.4290      8.256   210.4298 3.9679e+02     6.7712     -0.049     -0.071    21.1482 0.0000e+00
     -0.067     -0.020     6.8360     77.017     40.264  37.174479     3.4532      8.257   210.4838 4.0290e+02     6.7957     -0.065     -0.095    21.1498 0.0000e+00
