Data/DataNotYetUploadedToEDI/Raw_CTD/RawDownloads/100124_fcr20_S7809002.cnv
* Sea-Bird SBE19plus  Data File:
* FileName = C:\R\Reservoirs\Data\DataNotYetUploadedToEDI\Raw_CTD\RawDownloads\100124_fcr10_S7809_0002.hex
* Software version 2.8.0.119
* Temperature SN = 7809
* Conductivity SN = 7809
* System UpLoad Time = Oct 01 2024 17:23:03
* <ApplicationData>
* <Seaterm232>
# nquan = 15
# nvalues = 765                         
# units = specified
# name 0 = depFM: Depth [fresh water, m]
# name 1 = dz/dtM: Descent Rate [m/s]
# name 2 = sbeox0Mg/L: Oxygen, SBE 43 [mg/l]
# name 3 = sbeox0PS: Oxygen, SBE 43 [% saturation]
# name 4 = specc: Specific Conductance [uS/cm]
# name 5 = c0uS/cm: Conductivity [uS/cm]
# name 6 = flECO-AFL: Fluorescence, WET Labs ECO-AFL/FL [mg/m^3]
# name 7 = ph: pH
# name 8 = orp: Oxidation Reduction Potential [mV]
# name 9 = par/sat/log: PAR/Logarithmic, Satlantic
# name 10 = turbWETntu0: Turbidity, WET Labs ECO [NTU]
# name 11 = prdM: Pressure, Strain Gauge [db]
# name 12 = prdE: Pressure, Strain Gauge [psi]
# name 13 = tv290C: Temperature [ITS-90, deg C]
# name 14 = flag:  0.000e+00
# span 0 =     -0.670,      2.958       
# span 1 =     -0.332,      0.271       
# span 2 =     2.8259,     8.6649       
# span 3 =     31.570,     97.037       
# span 4 =      1.370,     43.594       
# span 5 =   1.239503,  39.362116       
# span 6 =    -0.1342,    61.9733       
# span 7 =      7.660,      8.156       
# span 8 =   190.9771,   670.1010       
# span 9 = 4.1496e+00, 5.1322e+02       
# span 10 =     0.7443,   237.5530      
# span 11 =     -0.657,      2.901      
# span 12 =     -0.953,      4.207      
# span 13 =    20.1003,    21.0919      
# span 14 = 0.0000e+00, 0.0000e+00      
# interval = seconds: 0.25
# start_time = Oct 01 2024 10:07:28 [Instrument's time stamp, header]
# bad_flag = -9.990e-29
*END*
[from data line 386]
      0.042      0.000     6.7940     76.084     40.241  37.094517     3.6139      8.095   236.0104 2.3926e+02     5.9128      0.040      0.058    21.0850 0.0000e+00
      0.047      0.002     6.7808     76.114     40.241  37.094526     3.6022      8.097   236.0903 2.3138e+02     5.8738      0.045      0.066    21.0856 0.0000e+00
      0.052      0.003     6.7727     76.160     40.268  37.118651     3.5988      8.099   236.1343 2.2379e+02     5.8749      0.054      0.079    21.0863 0.0000e+00
      0.053      0.001     6.7699     76.209     40.283  37.132389     3.5978      8.100   236.1117 2.2343e+02     5.9262      0.055      0.078    21.0861 0.0000e+00
      0.048     -0.002     6.7690     76.255     40.284  37.133732     3.6070      8.103   235.9889 2.2642e+02     5.9812      0.046      0.067    21.0855 0.0000e+00
      0.046     -0.005     6.7727     76.290     40.285  37.134886     3.6105      8.106   234.5637 2.2845e+02     5.9594      0.046      0.066    21.0853 0.0000e+00
      0.045     -0.008     6.7776     76.321     40.298  37.146337     3.5980      8.108   231.3552 2.3017e+02     5.8678      0.046      0.066    21.0851 0.0000e+00
      0.044     -0.010     6.7814     76.342     40.297  37.145280     3.6228      8.109   228.6003 2.3139e+02     5.8299      0.043      0.062    21.0851 0.0000e+00
      0.043     -0.013     6.7866     76.332     40.272  37.122101     3.6929      8.110   227.4099 2.3050e+02     5.8772      0.042      0.061    21.0851 0.0000e+00
      0.040     -0.018     6.7886     76.289     40.269  37.119899     3.7384      8.112   226.8568 2.3038e+02     5.9615      0.040      0.058    21.0849 0.0000e+00
      0.036     -0.022     6.7917     76.212     40.268  37.118661     3.7329      8.113   226.8174 2.3228e+02     5.9951      0.036      0.052    21.0849 0.0000e+00
      0.028     -0.021     6.7949     76.091     40.256  37.107122     3.7177      8.113   229.2574 2.3581e+02     5.9426      0.030      0.043    21.0850 0.0000e+00
      0.017     -0.014     6.7933     75.948     40.257  37.107302     3.7290      8.112   231.5784 2.4148e+02     5.9069      0.017      0.025    21.0849 0.0000e+00
      0.007     -0.002     6.7899     75.853     40.272  37.120831     3.7452      8.107   229.5846 2.4548e+02     5.9387      0.004      0.006    21.0844 0.0000e+00
      0.005      0.016     6.7834     75.818     40.297  37.143793     3.7474      8.099   227.3483 2.4328e+02     5.9504      0.001      0.001    21.0841 0.0000e+00
      0.013      0.036     6.7731     75.812     40.284  37.131111     3.7387      8.092   226.9968 2.3495e+02     5.9468      0.010      0.015    21.0836 0.0000e+00
      0.029      0.056     6.7562     75.833     40.246  37.094402     3.7230      8.089   226.5385 2.2588e+02     5.9973      0.028      0.039    21.0835 0.0000e+00
      0.050      0.075     6.7479     75.863     40.235  37.080663     3.7235      8.089   226.0233 2.1473e+02     6.0823      0.047      0.068    21.0833 0.0000e+00
      0.074      0.090     6.7472     75.855     40.253  37.091906     3.7369      8.090   225.7578 1.9973e+02     6.1548      0.072      0.105    21.0831 0.0000e+00
      0.098      0.099     6.7451     75.765     40.273  37.103424     3.7348      8.092   225.6514 1.8559e+02     6.1564      0.095      0.137    21.0826 0.0000e+00
      0.124      0.100     6.7487     75.577     40.266  37.093006     3.7311      8.092   225.4250 1.7185e+02     6.1021      0.119      0.171    21.0802 0.0000e+00
      0.155      0.095     6.7531     75.282     40.267  37.092850     3.7506      8.093   225.2576 1.5983e+02     6.0791      0.153      0.220    21.0758 0.0000e+00
      0.185      0.085     6.7554     74.920     40.277  37.101526     3.7803      8.094   225.3485 1.5229e+02     6.1518      0.185      0.268    21.0677 0.0000e+00
      0.207      0.072     6.7483     74.572     40.243  37.071006     3.8068      8.096   225.4915 1.4755e+02     6.2628      0.207      0.300    21.0587 0.0000e+00
      0.222      0.057     6.7332     74.312     40.211  37.041104     3.8466      8.098   225.5240 1.4444e+02     6.2950      0.219      0.318    21.0536 0.0000e+00
      0.231      0.042     6.7062     74.178     40.229  37.057251     3.8869      8.099   225.5695 1.4210e+02     6.2332      0.228      0.330    21.0521 0.0000e+00
      0.237      0.030     6.6705     74.133     40.250  37.075880     3.8856      8.098   225.6973 1.3997e+02     6.1645      0.233      0.338    21.0524 0.0000e+00
      0.242      0.022     6.6375     74.144     40.251  37.075985     3.8719      8.096   225.8639 1.3817e+02     6.1485      0.237      0.344    21.0529 0.0000e+00
      0.246      0.021     6.6118     74.209     40.232  37.058510     3.8222      8.096   226.3801 1.3678e+02     6.0733      0.242      0.351    21.0534 0.0000e+00
      0.250      0.029     6.6026     74.299     40.229  37.054947     3.7090      8.093   227.2061 1.3526e+02     5.9387      0.245      0.355    21.0536 0.0000e+00
      0.252      0.044     6.6000     74.391     40.274  37.096361     3.6265      8.089   227.6773 1.3325e+02     5.8872      0.247      0.359    21.0529 0.0000e+00
      0.257      0.063     6.5995     74.483     40.295  37.115071     3.5982      8.086   227.8608 1.3062e+02     5.8955      0.250      0.362    21.0517 0.0000e+00
      0.272      0.080     6.6078     74.548     40.270  37.090792     3.6672      8.086   228.0489 1.2537e+02     6.0040      0.259      0.375    21.0507 0.0000e+00
      0.305      0.090     6.6164     74.574     40.236  37.056622     3.8205      8.087   228.1447 1.1717e+02     6.1740      0.296      0.429    21.0503 0.0000e+00
      0.345      0.093     6.6239     74.581     40.198  37.019190     3.8947      8.088   228.2443 1.1046e+02     6.1752      0.343      0.498    21.0501 0.0000e+00
      0.376      0.091     6.6339     74.606     40.199  37.018922     3.8896      8.091   228.3928 1.0651e+02     6.0871      0.373      0.541    21.0492 0.0000e+00
      0.396      0.082     6.6402     74.695     40.237  37.053378     3.8998      8.093   228.5638 1.0424e+02     6.0302      0.391      0.568    21.0472 0.0000e+00
      0.408      0.071     6.6421     74.853     40.239  37.055078     3.9359      8.093   228.7634 1.0327e+02     5.9665      0.399      0.579    21.0442 0.0000e+00
      0.418      0.062     6.6421     75.053     40.223  37.039480     3.9680      8.093   228.9131 1.0156e+02     5.9317      0.409      0.593    21.0411 0.0000e+00
      0.432      0.058     6.6427     75.250     40.241  37.055135     3.9725      8.094   228.9973 9.9013e+01     5.8818      0.423      0.614    21.0392 0.0000e+00
      0.447      0.056     6.6505     75.399     40.240  37.054005     3.9640      8.096   229.1787 9.6307e+01     5.8083      0.436      0.632    21.0383 0.0000e+00
      0.466      0.055     6.6660     75.512     40.210  37.025816     3.9569      8.096   229.4717 9.3771e+01     5.8281      0.457      0.664    21.0383 0.0000e+00
      0.483      0.052     6.6846     75.622     40.217  37.031570     3.9539      8.096   229.6148 9.2174e+01     5.9161      0.477      0.692    21.0381 0.0000e+00
      0.496      0.047     6.7051     75.714     40.248  37.060118     3.9610      8.097   229.6192 9.1161e+01     5.9164      0.488      0.707    21.0364 0.0000e+00
      0.504      0.042     6.7173     75.754     40.242  37.053721     3.9680      8.098   229.6963 9.0190e+01     5.8311      0.494      0.717    21.0358 0.0000e+00
      0.510      0.040     6.7256     75.742     40.204  37.017678     3.9887      8.098   229.8598 8.9231e+01     5.8420      0.500      0.725    21.0357 0.0000e+00
      0.518      0.043     6.7363     75.740     40.191  37.005038     4.0193      8.098   229.9604 8.8063e+01     5.9448      0.508      0.737    21.0353 0.0000e+00
      0.528      0.049     6.7461     75.801     40.216  37.027810     4.0294      8.100   229.9660 8.6756e+01     5.9814      0.518      0.751    21.0351 0.0000e+00
      0.541      0.056     6.7501     75.920     40.228  37.039192     4.0366      8.102   230.0130 8.5162e+01     5.9769      0.528      0.766    21.0344 0.0000e+00
      0.558      0.062     6.7466     76.053     40.203  37.015749     4.0902      8.102   230.1851 8.2994e+01     5.9588      0.544      0.790    21.0333 0.0000e+00
      0.578      0.064     6.7443     76.181     40.183  36.998170     4.1942      8.103   230.4122 8.0756e+01     5.9333      0.567      0.822    21.0319 0.0000e+00
      0.599      0.064     6.7502     76.292     40.203  37.017011     4.2534      8.105   230.5214 7.8726e+01     5.9418      0.588      0.853    21.0311 0.0000e+00
      0.616      0.059     6.7633     76.370     40.242  37.053205     4.2487      8.106   230.5596 7.6956e+01     5.9593      0.605      0.877    21.0313 0.0000e+00
      0.631      0.053     6.7749     76.392     40.244  37.055065     4.2206      8.106   230.6160 7.5774e+01     5.9406      0.620      0.899    21.0316 0.0000e+00
      0.642      0.048     6.7867     76.347     40.227  37.039490     4.1638      8.106   230.6870 7.5239e+01     5.8859      0.632      0.917    21.0321 0.0000e+00
      0.649      0.045     6.7967     76.235     40.245  37.055249     4.1277      8.107   230.8150 7.4726e+01     5.9126      0.637      0.924    21.0327 0.0000e+00
      0.657      0.045     6.8048     76.036     40.245  37.055241     4.1424      8.108   230.8735 7.3687e+01     5.9899      0.642      0.931    21.0329 0.0000e+00
      0.669      0.045     6.8073     75.790     40.228  37.039393     4.1914      8.108   230.9645 7.2157e+01     6.0355      0.655      0.950    21.0328 0.0000e+00
      0.684      0.046     6.8023     75.584     40.244  37.053994     4.2451      8.108   231.2270 7.0627e+01     6.0879      0.672      0.974    21.0326 0.0000e+00
      0.699      0.047     6.7944     75.472     40.231  37.041421     4.2588      8.109   231.2931 6.9654e+01     6.1119      0.687      0.997    21.0322 0.0000e+00
      0.711      0.047     6.7752     75.454     40.202  37.014281     4.2489      8.111   231.1626 6.9017e+01     6.1548      0.698      1.013    21.0318 0.0000e+00
      0.720      0.047     6.7496     75.474     40.234  37.043109     4.2584      8.111   231.1967 6.8321e+01     6.1958      0.706      1.024    21.0317 0.0000e+00
      0.730      0.047     6.7300     75.494     40.268  37.072716     4.3491      8.111   231.3615 6.7466e+01     6.1636      0.716      1.038    21.0316 0.0000e+00
      0.742      0.048     6.7194     75.529     40.249  37.054984     4.5045      8.112   231.5214 6.6441e+01     6.1417      0.727      1.054    21.0315 0.0000e+00
      0.756      0.048     6.7208     75.582     40.211  37.019069     4.5813      8.112   231.5813 6.5260e+01     6.1354      0.741      1.073    21.0309 0.0000e+00
      0.771      0.047     6.7245     75.637     40.211  37.019198     4.5713      8.112   231.5684 6.4067e+01     6.1563      0.756      1.096    21.0298 0.0000e+00
      0.785      0.046     6.7244     75.673     40.252  37.056538     4.5160      8.112   231.7095 6.3269e+01     6.1543      0.772      1.119    21.0283 0.0000e+00
      0.796      0.044     6.7281     75.671     40.289  37.089823     4.4205      8.113   231.9119 6.2781e+01     6.0439      0.781      1.133    21.0274 0.0000e+00
      0.803      0.043     6.7335     75.651     40.307  37.104377     4.3650      8.113   232.0364 6.2106e+01     5.9147      0.786      1.141    21.0274 0.0000e+00
      0.812      0.044     6.7387     75.627     40.310  37.105598     4.3620      8.113   232.0954 6.1217e+01     5.8552      0.795      1.153    21.0270 0.0000e+00
      0.823      0.047     6.7437     75.567     40.311  37.104586     4.3667      8.113   232.1093 6.0276e+01     5.9394      0.806      1.169    21.0263 0.0000e+00
      0.835      0.051     6.7423     75.435     40.299  37.092134     4.3798      8.115   232.2048 5.9259e+01     6.1126      0.819      1.187    21.0252 0.0000e+00
      0.850      0.055     6.7396     75.211     40.290  37.081953     4.3874      8.115   232.3041 5.8017e+01     6.1736      0.833      1.207    21.0229 0.0000e+00
      0.867      0.057     6.7398     74.903     40.320  37.108384     4.3755      8.116   232.3629 5.6750e+01     6.1310      0.851      1.234    21.0200 0.0000e+00
      0.883      0.058     6.7358     74.555     40.375  37.157899     4.3615      8.116   232.4862 5.5868e+01     6.1091      0.867      1.259    21.0175 0.0000e+00
      0.896      0.058     6.7248     74.227     40.393  37.172993     4.3592      8.116   232.6758 5.5117e+01     6.1483      0.878      1.274    21.0157 0.0000e+00
      0.910      0.058     6.7051     73.950     40.386  37.163983     4.3722      8.115   232.7631 5.4213e+01     6.2287      0.891      1.292    21.0147 0.0000e+00
      0.925      0.056     6.6757     73.625     40.402  37.175853     4.3776      8.115   232.7662 5.3259e+01     6.2275      0.907      1.315    21.0132 0.0000e+00
      0.941      0.054     6.6440     73.152     40.418  37.189605     4.3406      8.116   232.8854 5.2316e+01     6.1341      0.922      1.338    21.0114 0.0000e+00
      0.956      0.052     6.6115     72.525     40.434  37.203347     4.2746      8.117   233.0005 5.1501e+01     6.0904      0.938      1.361    21.0094 0.0000e+00
      0.969      0.051     6.5922     71.722     40.447  37.215093     4.2452      8.117   233.1256 5.0866e+01     6.1432      0.951      1.380    21.0061 0.0000e+00
      0.979      0.050     6.5691     70.808     40.437  37.204720     4.2602      8.115   233.2791 5.0222e+01     6.2249      0.960      1.393    21.0028 0.0000e+00
      0.990      0.050     6.5230     69.919     40.438  37.204825     4.2566      8.115   233.3079 4.9440e+01     6.2249      0.970      1.406    21.0007 0.0000e+00
      1.003      0.051     6.4719     69.153     40.451  37.216372     4.2177      8.116   233.3872 4.8664e+01     6.1428      0.984      1.427    20.9996 0.0000e+00
      1.017      0.051     6.3968     68.555     40.452  37.217421     4.1808      8.116   233.5498 4.7893e+01     6.0865      0.998      1.447    20.9992 0.0000e+00
      1.032      0.051     6.3105     68.181     40.453  37.217507     4.1775      8.115   233.6391 4.7083e+01     6.1247      1.012      1.467    20.9981 0.0000e+00
      1.046      0.049     6.2284     68.082     40.453  37.217412     4.1941      8.115   233.6927 4.6358e+01     6.1950      1.027      1.488    20.9971 0.0000e+00
      1.059      0.046     6.1590     68.192     40.452  37.216270     4.1979      8.116   233.7681 4.5747e+01     6.1853      1.038      1.506    20.9974 0.0000e+00
      1.069      0.041     6.1051     68.395     40.438  37.203704     4.1829      8.117   233.8617 4.5232e+01     6.1435      1.048      1.520    20.9971 0.0000e+00
      1.079      0.037     6.0671     68.601     40.426  37.192386     4.1780      8.116   233.9641 4.4757e+01     6.1678      1.059      1.535    20.9961 0.0000e+00
      1.088      0.036     6.0631     68.774     40.441  37.206336     4.1980      8.115   234.0601 4.4377e+01     6.2404      1.069      1.550    20.9953 0.0000e+00
      1.095      0.038     6.0757     68.916     40.483  37.245459     4.2165      8.115   234.1624 4.4117e+01     6.2696      1.075      1.559    20.9952 0.0000e+00
      1.101      0.042     6.0978     69.050     40.527  37.284686     4.2105      8.115   234.2540 4.3767e+01     6.2127      1.080      1.566    20.9955 0.0000e+00
      1.110      0.047     6.1162     69.188     40.544  37.299903     4.1919      8.114   234.2213 4.3137e+01     6.1341      1.087      1.576    20.9960 0.0000e+00
      1.125      0.053     6.1317     69.304     40.549  37.302533     4.1912      8.113   234.1978 4.2257e+01     6.1382      1.103      1.598    20.9963 0.0000e+00
