Data/DataNotYetUploadedToEDI/Raw_CTD/RawDownloads/100323_fcr50_S7809003.cnv
* Sea-Bird SBE19plus  Data File:
* FileName = C:\R\Reservoirs\Data\DataNotYetUploadedToEDI\Raw_CTD\RawDownloads\092623_bvr50_S7809_0003.hex
* Software version 2.8.0.119
* Temperature SN = 7809
* Conductivity SN = 7809
* System UpLoad Time = Oct 05 2023 10:03:07
* <ApplicationData>
* <Seaterm232>
# nquan = 15
# nvalues = 1905                        
# units = specified
# name 0 = depFM: Depth [fresh water, m]
# name 1 = dz/dtM: Descent Rate [m/s]
# name 2 = sbeox0Mg/L: Oxygen, SBE 43 [mg/l]
# name 3 = sbeox0PS: Oxygen, SBE 43 [% saturation]
# name 4 = specc: Specific Conductance [uS/cm]
# name 5 = c0uS/cm: Conductivity [uS/cm]
# name 6 = flECO-AFL: Fluorescence, WET Labs ECO-AFL/FL [mg/m^3]
# name 7 = ph: pH
# name 8 = orp: Oxidation Reduction Potential [mV]
# name 9 = par/sat/log: PAR/Logarithmic, Satlantic
# name 10 = turbWETntu0: Turbidity, WET Labs ECO [NTU]
# name 11 = prdM: Pressure, Strain Gauge [db]
# name 12 = prdE: Pressure, Strain Gauge [psi]
# name 13 = tv290C: Temperature [ITS-90, deg C]
# name 14 = flag:  0.000e+00
# span 0 =     -0.575,      9.612       
# span 1 =     -0.439,      0.274       
# span 2 =    -0.5421,     9.5163       
# span 3 =     -4.762,    106.677       
# span 4 =      4.964,    415.883       
# span 5 =   4.536973, 308.981013       
# span 6 =    -0.0435,     7.4420       
# span 7 =      5.892,      6.473       
# span 8 =  -136.4362,   308.8601       
# span 9 = 1.2362e-01, 6.4876e+02       
# span 10 =    -0.2430,   263.7362      
# span 11 =     -0.567,      9.427      
# span 12 =     -0.821,     13.673      
# span 13 =    12.1410,    22.6112      
# span 14 = 0.0000e+00, 0.0000e+00      
# interval = seconds: 0.25
# start_time = Oct 03 2023 13:21:44 [Instrument's time stamp, header]
# bad_flag = -9.990e-29
*END*
[from data line 675]
      3.725      0.056     0.2081      2.067     62.904  51.072851     7.3657      6.377   306.6337 1.1638e+01     3.5086      3.654      5.299    15.8787 0.0000e+00
      3.745      0.054     0.2029      2.059     62.690  50.838506     7.3753      6.374   307.8114 1.1399e+01     3.5160      3.677      5.332    15.8192 0.0000e+00
      3.760      0.049     0.2015      2.067     62.496  50.645453     7.3956      6.372   308.7854 1.1201e+01     3.5806      3.687      5.348    15.7323 0.0000e+00
      3.770      0.044     0.2041      2.082     62.268  50.453088     7.4280      6.370   308.8601 1.1021e+01     3.7434      3.698      5.363    15.6501 0.0000e+00
      3.777      0.041     0.2079      2.070     62.119  50.354015     7.4420      6.368   308.1993 1.0894e+01     3.8096      3.706      5.375    15.5885 0.0000e+00
      3.782      0.041     0.2037      2.060     62.699  50.844507     7.4400      6.366   307.7638 1.0747e+01     3.7329      3.707      5.377    15.5351 0.0000e+00
      3.790      0.042     0.2053      2.052     63.619  51.557769     7.4367      6.363   307.9823 1.0509e+01     3.7042      3.714      5.387    15.5088 0.0000e+00
      3.805      0.043     0.2104      2.037     64.174  51.929593     7.3853      6.362   308.2613 1.0238e+01     3.8392      3.730      5.411    15.4996 0.0000e+00
      3.821      0.043     0.2052      2.045     64.229  51.911070     7.2929      6.361   308.2978 9.9898e+00     4.1003      3.749      5.437    15.5223 0.0000e+00
      3.835      0.041     0.2051      2.068     64.009  51.714737     7.2359      6.359   307.9068 9.7572e+00     4.2652      3.762      5.457    15.5645 0.0000e+00
      3.845      0.036     0.2056      2.073     63.845  51.587772     7.2123      6.358   307.3186 9.5573e+00     4.2621      3.772      5.470    15.5334 0.0000e+00
      3.852      0.031     0.2018      2.069     63.828  51.582473     7.1316      6.357   307.4668 9.4013e+00     4.1650      3.778      5.480    15.4492 0.0000e+00
      3.855      0.027     0.2033      2.073     63.898  51.650680     6.9923      6.356   308.0641 9.2468e+00     4.0480      3.781      5.483    15.3889 0.0000e+00
      3.859      0.024     0.2085      2.080     64.040  51.777462     6.9106      6.355   307.6583 9.0520e+00     4.0082      3.783      5.487    15.3881 0.0000e+00
      3.866      0.024     0.2071      2.077     64.208  51.908878     6.9006      6.353   306.5184 8.8174e+00     4.0251      3.790      5.496    15.3993 0.0000e+00
      3.874      0.025     0.2068      2.072     64.322  51.969584     6.8305      6.351   305.8966 8.5873e+00     4.0479      3.800      5.511    15.4019 0.0000e+00
      3.882      0.029     0.2068      2.070     64.668  52.193919     6.6695      6.350   305.7329 8.3758e+00     4.0785      3.807      5.522    15.4124 0.0000e+00
      3.887      0.034     0.2085      2.054     66.317  53.414671     6.5692      6.348   305.8291 8.1695e+00     4.1569      3.812      5.528    15.4265 0.0000e+00
      3.893      0.039     0.2080      2.054     68.662  55.107451     6.5336      6.346   305.5967 7.9730e+00     4.2434      3.818      5.537    15.4295 0.0000e+00
      3.901      0.042     0.2056      2.076     69.536  55.577116     6.2390      6.343   304.8164 7.7486e+00     4.3732      3.823      5.546    15.3967 0.0000e+00
      3.915      0.042     0.2092      2.091     69.071  55.028800     5.7038      6.340   304.3968 7.4453e+00     4.5644      3.837      5.565    15.3631 0.0000e+00
      3.933      0.039     0.2043      2.101     68.185  54.257224     5.4065      6.336   304.2223 7.1323e+00     4.6429      3.860      5.598    15.3031 0.0000e+00
      3.948      0.034     0.2051      2.094     67.480  53.742160     5.3576      6.333   303.6533 6.9030e+00     4.6729      3.875      5.621    15.1413 0.0000e+00
      3.955      0.027     0.2110      2.070     67.376  53.754998     5.2541      6.332   302.7655 6.7385e+00     4.9273      3.880      5.628    14.9403 0.0000e+00
      3.956      0.019     0.2112      2.055     67.399  53.841009     5.0782      6.330   302.0056 6.6028e+00     5.3623      3.881      5.629    14.8013 0.0000e+00
      3.956      0.013     0.2139      2.055     67.519  53.956608     4.9868      6.328   301.4346 6.4652e+00     5.6282      3.879      5.627    14.7494 0.0000e+00
      3.957      0.011     0.2131      2.055     67.994  54.327107     4.9736      6.326   300.1639 6.2853e+00     5.7171      3.880      5.628    14.8022 0.0000e+00
      3.960      0.015     0.2084      2.057     69.059  55.145217     4.8356      6.324   297.7407 6.0893e+00     6.1640      3.884      5.632    14.9023 0.0000e+00
      3.964      0.024     0.2065      2.063     70.521  56.226834     4.5834      6.321   295.1084 5.9187e+00     7.0004      3.888      5.639    14.9519 0.0000e+00
      3.969      0.033     0.2081      2.073     71.457  56.797988     4.4544      6.318   292.7722 5.7512e+00     7.4949      3.891      5.644    14.9590 0.0000e+00
      3.976      0.040     0.2069      2.090     71.788  56.842608     4.4569      6.315   290.8308 5.5358e+00     7.5996      3.896      5.651    14.9506 0.0000e+00
      3.991      0.045     0.2075      2.101     71.898  56.766066     4.4392      6.312   289.1010 5.2771e+00     7.6854      3.912      5.674    14.9316 0.0000e+00
      4.010      0.045     0.2085      2.103     71.830  56.634535     4.2160      6.310   286.7426 5.0298e+00     8.1912      3.934      5.705    14.8930 0.0000e+00
      4.026      0.044     0.2095      2.109     71.800  56.586048     3.8218      6.308   283.1381 4.8203e+00     9.1721      3.950      5.729    14.7555 0.0000e+00
      4.036      0.041     0.2130      2.114     71.870  56.624416     3.6100      6.306   278.3851 4.6623e+00     9.7421      3.960      5.743    14.5653 0.0000e+00
      4.040      0.039     0.2149      2.098     71.945  56.653799     3.5942      6.304   273.4995 4.5517e+00     9.8221      3.963      5.747    14.4499 0.0000e+00
      4.044      0.040     0.2145      2.082     71.952  56.623689     3.6391      6.301   267.3445 4.4452e+00     9.8313      3.964      5.750    14.4067 0.0000e+00
      4.053      0.046     0.2146      2.069     71.785  56.450874     3.7278      6.296   259.1162 4.3144e+00     9.7509      3.973      5.764    14.4011 0.0000e+00
      4.065      0.053     0.2182      2.068     71.581  56.215676     3.7764      6.291   251.3607 4.1704e+00     9.6694      3.986      5.783    14.3960 0.0000e+00
      4.080      0.058     0.2135      2.078     71.442  56.002896     3.7699      6.287   244.2973 4.0084e+00     9.6660      3.998      5.799    14.3711 0.0000e+00
      4.101      0.059     0.2129      2.059     71.183  55.719977     3.6736      6.283   237.3827 3.8486e+00     9.8809      4.021      5.832    14.3422 0.0000e+00
      4.124      0.057     0.2122      2.045     70.920  55.462435     3.5021      6.279   232.2869 3.7453e+00    10.2526      4.048      5.873    14.3269 0.0000e+00
      4.138      0.052     0.2093      2.062     70.948  55.429467     3.4032      6.276   229.4039 3.6742e+00    10.4369      4.061      5.889    14.2775 0.0000e+00
      4.144      0.045     0.2167      2.063     71.035  55.448324     3.3770      6.273   227.3038 3.5991e+00    10.5038      4.063      5.893    14.1790 0.0000e+00
      4.153      0.036     0.2108      2.047     70.815  55.245781     3.2597      6.271   224.5321 3.5291e+00    11.0611      4.071      5.905    14.1247 0.0000e+00
      4.163      0.029     0.2077      2.052     70.558  55.012903     3.0590      6.269   220.6714 3.4643e+00    12.0857      4.085      5.924    14.1049 0.0000e+00
      4.170      0.026     0.2138      2.068     70.564  54.982540     2.9642      6.267   215.6420 3.3913e+00    12.6780      4.091      5.933    14.0592 0.0000e+00
      4.175      0.025     0.2136      2.068     70.616  55.005641     2.9618      6.264   209.4092 3.3250e+00    12.7918      4.094      5.937    14.0162 0.0000e+00
      4.181      0.023     0.2094      2.065     70.504  54.911136     2.8228      6.261   203.3873 3.2917e+00    13.3247      4.100      5.946    14.0059 0.0000e+00
      4.186      0.022     0.2106      2.061     70.289  54.729041     2.5484      6.259   199.2735 3.2637e+00    14.2700      4.106      5.954    13.9846 0.0000e+00
      4.191      0.023     0.2149      2.064     70.052  54.518727     2.3913      6.258   197.1823 3.2096e+00    14.7591      4.110      5.961    13.9481 0.0000e+00
      4.197      0.025     0.2127      2.079     69.862  54.337034     2.3704      6.258   195.9137 3.1523e+00    14.7981      4.116      5.970    13.9405 0.0000e+00
      4.203      0.027     0.2134      2.092     69.703  54.183430     2.3457      6.256   194.3452 3.0968e+00    14.7080      4.122      5.978    13.9433 0.0000e+00
      4.210      0.028     0.2126      2.090     69.573  54.058683     2.3010      6.255   192.5871 3.0296e+00    14.5233      4.128      5.987    13.9295 0.0000e+00
      4.218      0.029     0.2123      2.075     69.584  54.035368     2.2715      6.255   190.8309 2.9685e+00    14.4089      4.137      6.000    13.9133 0.0000e+00
      4.227      0.029     0.2150      2.062     69.624  54.028514     2.2555      6.253   188.8566 2.9236e+00    14.3503      4.146      6.013    13.8838 0.0000e+00
      4.235      0.028     0.2168      2.055     69.584  53.975766     2.2491      6.250   186.6117 2.8751e+00    14.2585      4.153      6.024    13.8587 0.0000e+00
      4.243      0.026     0.2167      2.045     69.478  53.905642     2.3271      6.249   184.0804 2.8186e+00    13.9142      4.161      6.035    13.8516 0.0000e+00
      4.249      0.024     0.2143      2.031     69.331  53.815757     2.4745      6.249   181.7395 2.7803e+00    13.3643      4.168      6.045    13.8273 0.0000e+00
      4.253      0.023     0.2132      2.021     69.113  53.651096     2.5502      6.248   179.8184 2.7627e+00    13.0757      4.171      6.050    13.7927 0.0000e+00
      4.257      0.025     0.2129      2.024     68.811  53.375417     2.5507      6.247   178.0603 2.7483e+00    12.9861      4.174      6.054    13.7691 0.0000e+00
      4.262      0.029     0.2120      2.046     68.562  53.086280     2.4806      6.244   176.5719 2.7271e+00    12.8951      4.179      6.062    13.7878 0.0000e+00
      4.268      0.033     0.2097      2.065     68.452  52.885817     2.3431      6.242   175.1583 2.7063e+00    12.9324      4.185      6.070    13.8131 0.0000e+00
      4.278      0.036     0.2089      2.061     68.450  52.793159     2.2703      6.241   173.7018 2.6808e+00    13.0281      4.193      6.082    13.8208 0.0000e+00
      4.292      0.038     0.2081      2.043     68.436  52.727919     2.2665      6.240   172.3839 2.6377e+00    13.0610      4.210      6.106    13.8007 0.0000e+00
      4.305      0.038     0.2125      2.033     68.313  52.604979     2.1968      6.239   171.2690 2.6096e+00    12.9196      4.225      6.128    13.7149 0.0000e+00
      4.314      0.038     0.2158      2.034     68.206  52.513253     2.0524      6.237   170.5463 2.6216e+00    12.6166      4.231      6.137    13.6170 0.0000e+00
      4.320      0.038     0.2148      2.033     68.021  52.380913     1.9689      6.234   170.0126 2.6463e+00    12.4728      4.236      6.144    13.5505 0.0000e+00
      4.328      0.039     0.2127      2.038     67.372  51.893914     1.9607      6.232   169.2040 2.6567e+00    12.5126      4.244      6.156    13.5132 0.0000e+00
      4.337      0.042     0.2106      2.042     66.667  51.324154     1.9282      6.231   168.3413 2.6604e+00    12.5180      4.254      6.170    13.4959 0.0000e+00
      4.347      0.046     0.2130      2.049     66.523  51.143598     1.8587      6.229   167.9268 2.6586e+00    12.5038      4.261      6.181    13.4878 0.0000e+00
      4.361      0.048     0.2110      2.068     66.549  51.107775     1.8039      6.227   167.7206 2.6317e+00    12.4765      4.274      6.198    13.4956 0.0000e+00
      4.378      0.049     0.2127      2.068     66.384  50.954454     1.7817      6.226   166.9670 2.6045e+00    12.4272      4.294      6.228    13.5224 0.0000e+00
      4.393      0.048     0.2129      2.038     66.334  50.877263     1.7396      6.225   165.8700 2.6120e+00    12.4542      4.309      6.251    13.5091 0.0000e+00
      4.404      0.044     0.2125      2.016     66.559  50.999912     1.6608      6.224   165.2974 2.6230e+00    12.5304      4.318      6.262    13.4277 0.0000e+00
      4.414      0.037     0.2170      2.018     66.729  51.103844     1.6202      6.223   165.1196 2.6374e+00    12.5287      4.329      6.277    13.3817 0.0000e+00
      4.424      0.031     0.2177      2.015     66.403  50.863884     1.6230      6.223   164.9248 2.6776e+00    12.4668      4.340      6.295    13.3841 0.0000e+00
      4.430      0.026     0.2124      2.005     65.763  50.384520     1.6197      6.223   164.4050 2.7151e+00    12.4315      4.345      6.303    13.3519 0.0000e+00
      4.433      0.025     0.2092      2.015     65.212  49.943276     1.6224      6.222   163.5674 2.7446e+00    12.4776      4.347      6.305    13.3014 0.0000e+00
      4.437      0.027     0.2121      2.032     64.724  49.529115     1.6472      6.222   163.1437 2.7722e+00    12.5801      4.350      6.308    13.2749 0.0000e+00
      4.442      0.031     0.2114      2.034     64.422  49.250085     1.6778      6.221   163.3254 2.7784e+00    12.6120      4.355      6.318    13.2957 0.0000e+00
      4.451      0.036     0.2084      2.036     64.375  49.172779     1.6929      6.220   163.5270 2.7671e+00    12.5554      4.364      6.330    13.3178 0.0000e+00
      4.462      0.039     0.2103      2.035     64.316  49.102315     1.6710      6.220   163.3441 2.7322e+00    12.5452      4.375      6.345    13.2928 0.0000e+00
      4.476      0.039     0.2145      2.029     64.162  48.969516     1.6296      6.219   162.9213 2.6742e+00    12.6247      4.390      6.367    13.2614 0.0000e+00
      4.491      0.037     0.2122      2.034     64.002  48.836969     1.6179      6.218   162.4595 2.6387e+00    12.7307      4.407      6.391    13.2200 0.0000e+00
      4.500      0.034     0.2140      2.038     63.847  48.706052     1.6293      6.217   162.0615 2.6372e+00    12.8024      4.415      6.402    13.1820 0.0000e+00
      4.504      0.031     0.2143      2.036     63.717  48.592947     1.6333      6.217   161.9810 2.6473e+00    12.8429      4.416      6.405    13.1682 0.0000e+00
      4.509      0.027     0.2116      2.039     63.670  48.548765     1.6248      6.216   162.0885 2.6431e+00    12.9130      4.421      6.412    13.1567 0.0000e+00
      4.515      0.026     0.2142      2.057     63.845  48.679780     1.6101      6.216   161.9855 2.6171e+00    12.9662      4.428      6.422    13.1497 0.0000e+00
      4.523      0.028     0.2142      2.078     64.224  48.970679     1.6050      6.216   161.6815 2.5864e+00    13.0079      4.435      6.433    13.1412 0.0000e+00
      4.531      0.033     0.2138      2.091     64.347  49.081852     1.5880      6.216   161.6816 2.5618e+00    13.1103      4.444      6.446    13.1255 0.0000e+00
      4.537      0.037     0.2133      2.135     64.047  48.881125     1.5461      6.215   162.0735 2.5394e+00    13.2148      4.449      6.453    13.1217 0.0000e+00
      4.546      0.040     0.2157      2.224     63.619  48.575504     1.5151      6.213   162.1176 2.4928e+00    13.2459      4.456      6.462    13.1207 0.0000e+00
      4.559      0.041     0.2197      2.354     63.290  48.307275     1.4957      6.211   161.6132 2.4270e+00    13.2120      4.471      6.484    13.1153 0.0000e+00
      4.574      0.041     0.2179      2.545     63.154  48.114135     1.4871      6.210   161.0507 2.3756e+00    13.3178      4.487      6.508    13.1314 0.0000e+00
      4.585      0.040     0.2219      2.820     63.224  48.017901     1.5019      6.209   161.2531 2.3436e+00    13.6038      4.498      6.524    13.1590 0.0000e+00
