Data/DataNotYetUploadedToEDI/Raw_CTD/RawDownloads/100323_fcr50_S8188003.cnv
* Sea-Bird SBE19plus  Data File:
* FileName = C:\R\Reservoirs\Data\DataNotYetUploadedToEDI\Raw_CTD\RawDownloads\092623_bvr50_S8182_0003.hex
* Software version 2.8.0.119
* Temperature SN = 8188
* Conductivity SN = 8188
* System UpLoad Time = Oct 04 2023 13:50:33
* <ApplicationData>
* <Seaterm232>
# nquan = 16
# nvalues = 1523                        
# units = specified
# name 0 = depFM: Depth [fresh water, m]
# name 1 = dz/dtM: Descent Rate [m/s]
# name 2 = sbeox0Mg/L: Oxygen, SBE 43 [mg/l]
# name 3 = sbeox0PS: Oxygen, SBE 43 [% saturation]
# name 4 = specc: Specific Conductance [uS/cm]
# name 5 = c0uS/cm: Conductivity [uS/cm]
# name 6 = wetCDOM: Fluorescence, WET Labs CDOM [mg/m^3]
# name 7 = flECO-AFL: Fluorescence, WET Labs ECO-AFL/FL [mg/m^3]
# name 8 = flECO-AFL1: Fluorescence, WET Labs ECO-AFL/FL, 2 [mg/m^3]
# name 9 = flECO-AFL2: Fluorescence, WET Labs ECO-AFL/FL, 3 [mg/m^3]
# name 10 = par/sat/log: PAR/Logarithmic, Satlantic
# name 11 = turbWETntu0: Turbidity, WET Labs ECO [NTU]
# name 12 = prdM: Pressure, Strain Gauge [db]
# name 13 = prdE: Pressure, Strain Gauge [psi]
# name 14 = tv290C: Temperature [ITS-90, deg C]
# name 15 = flag:  0.000e+00
# span 0 =     -0.496,      9.461       
# span 1 =     -0.299,      0.087       
# span 2 =     0.2844,     6.2161       
# span 3 =      2.747,     69.781       
# span 4 =     43.636,    456.787       
# span 5 =  38.251888, 339.611471       
# span 6 =    -4.5000,     4.6800       
# span 7 =    -0.1498,     6.0606       
# span 8 =    -2.1300,     2.0874       
# span 9 =    -2.0304,     4.0185       
# span 10 = 1.1587e-01, 2.3590e+03      
# span 11 =    -0.6188,   448.4516      
# span 12 =     -0.486,      9.279      
# span 13 =     -0.705,     13.457      
# span 14 =    12.1240,    21.6232      
# span 15 = 0.0000e+00, 0.0000e+00      
# interval = seconds: 0.25
# start_time = Oct 03 2023 13:21:19 [Instrument's time stamp, header]
# bad_flag = -9.990e-29
*END*
[from data line 904]
      6.654      0.041     2.4665     23.070     63.962  47.644077     4.1400     0.2545     0.3408     0.2538 1.5276e-01    16.1248      6.526      9.464    12.2404 0.0000e+00
      6.665      0.042     2.4688     23.070     63.955  47.639053     4.1400     0.2469     0.3408     0.2538 1.5514e-01    16.1398      6.536      9.479    12.2405 0.0000e+00
      6.676      0.043     2.4709     23.072     63.957  47.640820     4.1400     0.2431     0.3408     0.2538 1.5490e-01    16.1098      6.547      9.495    12.2408 0.0000e+00
      6.687      0.044     2.4721     23.080     63.958  47.641920     4.2300     0.2431     0.3408     0.1269 1.4017e-01    16.1699      6.557      9.510    12.2411 0.0000e+00
      6.698      0.045     2.4722     23.095     63.959  47.642648     4.2300     0.2393     0.3408     0.1269 1.3279e-01    16.2150      6.569      9.527    12.2413 0.0000e+00
      6.709      0.046     2.4722     23.114     63.965  47.647161     4.2300     0.2507     0.3408     0.1269 1.1628e-01    16.0647      6.580      9.543    12.2414 0.0000e+00
      6.721      0.047     2.4724     23.123     63.973  47.652700     4.2300     0.2507     0.3408     0.1269 1.4102e-01    16.1098      6.591      9.560    12.2415 0.0000e+00
      6.733      0.048     2.4732     23.114     63.978  47.656777     4.2300     0.2278     0.3408     0.1269 1.1600e-01    15.9895      6.603      9.577    12.2415 0.0000e+00
      6.746      0.049     2.4748     23.096     63.983  47.660480     4.1400     0.2355     0.2982     0.1692 1.2065e-01    16.1248      6.615      9.595    12.2415 0.0000e+00
      6.759      0.050     2.4769     23.079     63.989  47.664796     4.1400     0.2545     0.2982     0.1692 1.2005e-01    16.1999      6.628      9.613    12.2416 0.0000e+00
      6.772      0.050     2.4779     23.073     63.998  47.670877     4.1400     0.2355     0.2982     0.1692 1.1612e-01    16.1098      6.641      9.632    12.2416 0.0000e+00
      6.785      0.050     2.4770     23.084     64.005  47.676381     4.1400     0.2584     0.2982     0.1692 1.1623e-01    16.0046      6.654      9.650    12.2416 0.0000e+00
      6.798      0.049     2.4751     23.110     64.007  47.678811     4.2300     0.2202     0.3408     0.0423 1.1600e-01    16.1999      6.666      9.669    12.2415 0.0000e+00
      6.810      0.048     2.4732     23.145     64.006  47.678815     4.2300     0.2164     0.3408     0.0423 1.1612e-01    16.0647      6.679      9.687    12.2414 0.0000e+00
      6.822      0.047     2.4726     23.183     64.002  47.676396     4.2300     0.2278     0.3408     0.0423 1.1612e-01    16.2150      6.691      9.704    12.2414 0.0000e+00
      6.834      0.045     2.4738     23.222     63.993  47.670906     4.2300     0.2202     0.3408     0.0423 1.1612e-01    16.3352      6.702      9.721    12.2416 0.0000e+00
      6.845      0.044     2.4765     23.255     63.979  47.660884     4.2300     0.2545     0.3408     0.0846 1.1607e-01    16.4855      6.713      9.737    12.2419 0.0000e+00
      6.856      0.043     2.4802     23.268     63.965  47.651582     4.2300     0.2431     0.3408     0.0846 1.1600e-01    16.3202      6.724      9.752    12.2424 0.0000e+00
      6.867      0.042     2.4843     23.261     63.961  47.648448     4.2300     0.2393     0.3408     0.0846 1.1617e-01    16.3653      6.734      9.767    12.2430 0.0000e+00
      6.877      0.042     2.4884     23.249     63.958  47.646681     4.2300     0.1782     0.3408     0.0846 1.1681e-01    16.0947      6.745      9.782    12.2438 0.0000e+00
      6.888      0.041     2.4919     23.236     63.956  47.645812     4.2300     0.1630     0.3408     0.0846 1.1688e-01    16.1098      6.755      9.797    12.2445 0.0000e+00
      6.898      0.041     2.4932     23.221     63.961  47.649572     4.2300     0.1935     0.3408     0.0846 1.1602e-01    16.1549      6.765      9.812    12.2450 0.0000e+00
      6.909      0.041     2.4925     23.204     63.969  47.655000     4.2300     0.2164     0.3408     0.0846 1.1600e-01    16.0947      6.775      9.826    12.2453 0.0000e+00
      6.919      0.041     2.4912     23.184     63.976  47.659580     4.2300     0.2393     0.3408     0.0846 1.1607e-01    16.1699      6.785      9.841    12.2457 0.0000e+00
      6.930      0.042     2.4898     23.170     63.983  47.664533     4.2300     0.2469     0.3408     0.0846 1.1605e-01    16.1398      6.796      9.857    12.2461 0.0000e+00
      6.940      0.042     2.4881     23.171     63.988  47.667217     4.1400     0.2431     0.3408     0.1692 1.1617e-01    16.0797      6.806      9.872    12.2461 0.0000e+00
      6.951      0.042     2.4863     23.179     63.990  47.668348     4.1400     0.2660     0.3408     0.1692 1.1605e-01    16.1999      6.817      9.887    12.2458 0.0000e+00
      6.962      0.043     2.4843     23.185     63.996  47.672190     4.1400     0.2431     0.3408     0.1692 1.1612e-01    16.1849      6.827      9.902    12.2452 0.0000e+00
      6.972      0.044     2.4828     23.192     63.996  47.671841     4.1400     0.2469     0.3408     0.1692 1.1691e-01    16.1248      6.838      9.917    12.2447 0.0000e+00
      6.984      0.046     2.4829     23.208     63.991  47.667207     4.3200     0.2507     0.2982     0.0846 1.1612e-01    16.0947      6.848      9.933    12.2441 0.0000e+00
      6.995      0.048     2.4838     23.231     63.990  47.664979     4.3200     0.2431     0.2982     0.0846 1.1623e-01    16.1549      6.860      9.950    12.2436 0.0000e+00
      7.008      0.050     2.4844     23.251     63.991  47.664565     4.3200     0.2393     0.2982     0.0846 1.1587e-01    15.8843      6.872      9.967    12.2431 0.0000e+00
      7.021      0.052     2.4852     23.261     63.994  47.665852     4.3200     0.2278     0.2982     0.0846 1.1605e-01    15.9444      6.885      9.986    12.2427 0.0000e+00
      7.035      0.054     2.4870     23.268     63.994  47.665222     4.1400     0.2431     0.3408     0.1692 1.1595e-01    15.8392      6.899     10.006    12.2421 0.0000e+00
      7.049      0.055     2.4895     23.267     63.991  47.662506     4.1400     0.2355     0.3408     0.1692 1.1612e-01    15.9745      6.913     10.027    12.2413 0.0000e+00
      7.064      0.055     2.4916     23.249     63.990  47.660943     4.1400     0.2431     0.3408     0.1692 1.1615e-01    16.4254      6.927     10.047    12.2405 0.0000e+00
      7.078      0.055     2.4928     23.218     63.989  47.660116     4.1400     0.2469     0.3408     0.1692 1.1620e-01    16.3653      6.941     10.067    12.2397 0.0000e+00
      7.092      0.055     2.4935     23.185     63.989  47.659805     4.1400     0.2355     0.3408     0.1692 1.1612e-01    16.3202      6.955     10.087    12.2390 0.0000e+00
      7.106      0.055     2.4934     23.155     63.990  47.659927     4.1400     0.2278     0.3408     0.1269 1.1605e-01    16.3953      6.969     10.107    12.2384 0.0000e+00
      7.120      0.055     2.4916     23.139     63.990  47.660513     4.1400     0.2393     0.3408     0.1269 1.1592e-01    16.1248      6.982     10.126    12.2379 0.0000e+00
      7.133      0.055     2.4883     23.137     63.986  47.657757     4.1400     0.2507     0.3408     0.1269 1.1623e-01    16.1398      6.995     10.146    12.2376 0.0000e+00
      7.147      0.055     2.4848     23.143     63.972  47.646961     4.1400     0.2355     0.3408     0.1269 1.1610e-01    16.0647      7.009     10.165    12.2374 0.0000e+00
      7.161      0.055     2.4816     23.157     63.958  47.637136     4.2300     0.2507     0.3408     0.1692 1.1617e-01    16.1549      7.023     10.185    12.2373 0.0000e+00
      7.176      0.055     2.4799     23.174     63.958  47.637553     4.2300     0.2660     0.3408     0.1692 1.1600e-01    16.3653      7.037     10.206    12.2373 0.0000e+00
      7.190      0.055     2.4796     23.184     63.967  47.644358     4.2300     0.2622     0.3408     0.1692 1.1597e-01    16.4254      7.051     10.226    12.2375 0.0000e+00
      7.204      0.055     2.4802     23.187     63.976  47.651441     4.2300     0.2355     0.3408     0.1692 1.1620e-01    16.3953      7.065     10.246    12.2378 0.0000e+00
      7.218      0.054     2.4818     23.189     63.978  47.652763     4.2300     0.2164     0.2982     0.1692 1.1623e-01    16.3202      7.078     10.266    12.2380 0.0000e+00
      7.232      0.053     2.4835     23.184     63.972  47.648676     4.2300     0.1706     0.2982     0.1692 1.1597e-01    16.1098      7.092     10.285    12.2383 0.0000e+00
      7.245      0.051     2.4846     23.173     63.969  47.646017     4.2300     0.1859     0.2982     0.1692 1.1607e-01    16.0947      7.105     10.304    12.2385 0.0000e+00
      7.258      0.050     2.4850     23.155     63.972  47.648042     4.2300     0.1897     0.2982     0.1692 1.1620e-01    16.0647      7.117     10.323    12.2386 0.0000e+00
      7.270      0.050     2.4851     23.133     63.977  47.651325     4.2300     0.1859     0.3408     0.2115 1.1605e-01    16.2450      7.130     10.341    12.2387 0.0000e+00
      7.283      0.049     2.4846     23.114     63.980  47.652780     4.2300     0.2431     0.3408     0.2115 1.1615e-01    16.0797      7.142     10.359    12.2386 0.0000e+00
      7.295      0.048     2.4834     23.101     63.986  47.656757     4.2300     0.2431     0.3408     0.2115 1.1612e-01    16.1248      7.154     10.376    12.2383 0.0000e+00
      7.308      0.047     2.4816     23.089     63.996  47.664318     4.2300     0.2393     0.3408     0.2115 1.1615e-01    16.0947      7.166     10.394    12.2380 0.0000e+00
      7.320      0.046     2.4793     23.079     63.998  47.665587     4.2300     0.2698     0.3408     0.2115 1.1597e-01    16.1398      7.178     10.411    12.2377 0.0000e+00
      7.331      0.044     2.4773     23.079     63.986  47.656941     4.2300     0.2774     0.3408     0.1692 1.1630e-01    16.4254      7.189     10.427    12.2375 0.0000e+00
      7.342      0.043     2.4758     23.089     63.974  47.647964     4.2300     0.2431     0.3408     0.1692 1.1612e-01    16.2901      7.200     10.443    12.2373 0.0000e+00
      7.353      0.042     2.4745     23.095     63.974  47.648151     4.2300     0.2355     0.3408     0.1692 1.1592e-01    16.4855      7.210     10.458    12.2372 0.0000e+00
      7.363      0.042     2.4734     23.094     63.982  47.653591     4.2300     0.2469     0.3408     0.1692 1.1597e-01    16.2901      7.220     10.472    12.2371 0.0000e+00
      7.373      0.042     2.4734     23.091     63.978  47.649879     4.2300     0.2584     0.3408     0.1692 1.1620e-01    16.2751      7.231     10.487    12.2371 0.0000e+00
      7.384      0.042     2.4745     23.085     63.959  47.636025     4.2300     0.2431     0.3408     0.1692 1.1602e-01    16.3953      7.241     10.502    12.2370 0.0000e+00
      7.395      0.043     2.4752     23.076     63.954  47.632117     4.2300     0.2507     0.3408     0.1692 1.1605e-01    16.1699      7.252     10.517    12.2370 0.0000e+00
      7.406      0.044     2.4751     23.059     63.972  47.645038     4.2300     0.2431     0.3408     0.1692 1.1605e-01    16.4555      7.263     10.533    12.2368 0.0000e+00
      7.417      0.045     2.4747     23.033     63.991  47.658417     4.2300     0.2278     0.3408     0.1692 1.1612e-01    16.3052      7.274     10.549    12.2366 0.0000e+00
      7.428      0.045     2.4741     23.008     63.998  47.663931     4.2300     0.2316     0.3408     0.1692 1.1607e-01    16.3052      7.285     10.566    12.2364 0.0000e+00
      7.440      0.046     2.4731     22.993     63.997  47.663050     4.2300     0.2355     0.3408     0.1692 1.1600e-01    16.3953      7.296     10.582    12.2361 0.0000e+00
      7.452      0.046     2.4714     22.985     63.992  47.659504     4.2300     0.2316     0.3408     0.1692 1.1610e-01    16.2300      7.308     10.599    12.2359 0.0000e+00
      7.464      0.047     2.4686     22.985     63.993  47.660273     4.2300     0.2660     0.3408     0.1692 1.1610e-01    16.3502      7.320     10.616    12.2357 0.0000e+00
      7.476      0.047     2.4659     22.996     64.000  47.665563     4.2300     0.2355     0.3408     0.1692 1.1600e-01    16.3352      7.332     10.633    12.2356 0.0000e+00
      7.488      0.047     2.4643     23.018     64.005  47.668857     4.2300     0.2164     0.3408     0.1692 1.1612e-01    16.3502      7.344     10.651    12.2356 0.0000e+00
      7.500      0.047     2.4635     23.038     64.007  47.671033     4.2300     0.2355     0.3408     0.1692 1.1612e-01    16.3052      7.356     10.668    12.2356 0.0000e+00
      7.512      0.047     2.4635     23.042     64.009  47.672673     4.2300     0.2316     0.3408     0.1692 1.1623e-01    16.3202      7.367     10.685    12.2356 0.0000e+00
      7.524      0.046     2.4647     23.034     64.006  47.670249     4.2300     0.2507     0.3408     0.0423 1.1605e-01    16.4254      7.379     10.702    12.2357 0.0000e+00
      7.536      0.046     2.4669     23.019     64.002  47.667078     4.2300     0.2355     0.3408     0.0423 1.1605e-01    16.3653      7.391     10.719    12.2357 0.0000e+00
      7.548      0.045     2.4690     22.996     64.001  47.666279     4.2300     0.2431     0.3408     0.0423 1.1612e-01    16.2450      7.402     10.736    12.2357 0.0000e+00
      7.559      0.044     2.4695     22.980     63.997  47.663675     4.2300     0.2469     0.3408     0.0423 1.1620e-01    16.5607      7.413     10.752    12.2358 0.0000e+00
      7.570      0.043     2.4687     22.982     63.990  47.658571     4.2300     0.2469     0.3408     0.1269 1.1605e-01    16.6659      7.424     10.767    12.2358 0.0000e+00
      7.581      0.042     2.4670     23.005     63.989  47.657533     4.2300     0.2393     0.3408     0.1269 1.1620e-01    16.5156      7.435     10.783    12.2358 0.0000e+00
      7.592      0.041     2.4646     23.041     63.992  47.660286     4.2300     0.2393     0.3408     0.1269 1.1602e-01    16.6358      7.445     10.798    12.2358 0.0000e+00
      7.603      0.040     2.4629     23.066     63.991  47.659635     4.2300     0.2355     0.3408     0.1269 1.1612e-01    16.3653      7.456     10.813    12.2358 0.0000e+00
      7.613      0.039     2.4631     23.061     63.985  47.655407     4.2300     0.2393     0.3408     0.1692 1.1600e-01    16.3953      7.466     10.828    12.2358 0.0000e+00
      7.622      0.039     2.4655     23.028     63.983  47.654402     4.2300     0.2316     0.3408     0.1692 1.1610e-01    16.3653      7.475     10.842    12.2359 0.0000e+00
      7.632      0.038     2.4694     22.986     63.985  47.656352     4.2300     0.2469     0.3408     0.1692 1.1610e-01    16.4254      7.485     10.855    12.2361 0.0000e+00
      7.641      0.038     2.4721     22.956     63.986  47.657813     4.2300     0.2355     0.3408     0.1692 1.1605e-01    16.2901      7.494     10.869    12.2363 0.0000e+00
      7.651      0.038     2.4715     22.948     63.981  47.655212     4.2300     0.2164     0.3408     0.1269 1.1600e-01    16.2901      7.503     10.882    12.2366 0.0000e+00
      7.660      0.039     2.4680     22.958     63.977  47.651818     4.2300     0.2660     0.3408     0.1269 1.1600e-01    16.3352      7.512     10.896    12.2370 0.0000e+00
      7.670      0.041     2.4635     22.989     63.981  47.654653     4.2300     0.2507     0.3408     0.1269 1.1602e-01    16.4104      7.522     10.909    12.2374 0.0000e+00
      7.680      0.043     2.4603     23.037     63.984  47.656545     4.2300     0.2469     0.3408     0.1269 1.1615e-01    16.3052      7.532     10.924    12.2379 0.0000e+00
      7.691      0.046     2.4593     23.087     63.982  47.654037     4.2300     0.2469     0.3408     0.1269 1.1595e-01    16.3352      7.543     10.940    12.2384 0.0000e+00
      7.704      0.048     2.4604     23.126     63.978  47.650423     4.3200     0.2278     0.3408     0.1692 1.1617e-01    16.3653      7.555     10.957    12.2386 0.0000e+00
