Data/DataNotYetUploadedToEDI/Raw_CTD/RawDownloads/100322_fcr50_S7809001.cnv
* Sea-Bird SBE19plus  Data File:
* FileName = C:\R\Reservoirs\Data\DataNotYetUploadedToEDI\Raw_CTD\RawDownloads\100322_fcr50_S7809_0001.hex
* Software version 2.8.0.119
* Temperature SN = 7809
* Conductivity SN = 7809
* System UpLoad Time = Oct 03 2022 16:56:58
* <ApplicationData>
* <Seaterm232>
# nquan = 15
# nvalues = 2146                        
# units = specified
# name 0 = depFM: Depth [fresh water, m]
# name 1 = dz/dtM: Descent Rate [m/s]
# name 2 = sbeox0Mg/L: Oxygen, SBE 43 [mg/l]
# name 3 = sbeox0PS: Oxygen, SBE 43 [% saturation]
# name 4 = specc: Specific Conductance [uS/cm]
# name 5 = c0uS/cm: Conductivity [uS/cm]
# name 6 = flECO-AFL: Fluorescence, WET Labs ECO-AFL/FL [mg/m^3]
# name 7 = ph: pH
# name 8 = orp: Oxidation Reduction Potential [mV]
# name 9 = par/sat/log: PAR/Logarithmic, Satlantic
# name 10 = turbWETntu0: Turbidity, WET Labs ECO [NTU]
# name 11 = prdM: Pressure, Strain Gauge [db]
# name 12 = prdE: Pressure, Strain Gauge [psi]
# name 13 = tv290C: Temperature [ITS-90, deg C]
# name 14 = flag:  0.000e+00
# span 0 =     -0.615,      9.616       
# span 1 =     -0.489,      0.280       
# span 2 =     0.0393,     7.8103       
# span 3 =      0.374,     77.751       
# span 4 =      2.318,    436.953       
# span 5 =   1.857336, 322.813200       
# span 6 =    -0.4771,     6.9499       
# span 7 =      5.357,      7.542       
# span 8 = -1240.7455,   284.0826       
# span 9 = 1.2361e-01, 1.5209e+03       
# span 10 =    -1.0024,   931.5658      
# span 11 =     -0.604,      9.431      
# span 12 =     -0.876,     13.678      
# span 13 =    11.9163,    16.8277      
# span 14 = 0.0000e+00, 0.0000e+00      
# interval = seconds: 0.25
# start_time = Oct 03 2022 06:53:46 [Instrument's time stamp, header]
# bad_flag = -9.990e-29
*END*
[from data line 675]
      3.344      0.031     5.2542     52.000     40.990  32.818707     5.6993      7.230   280.3283 1.2896e+00     7.0637      3.281      4.757    15.0303 0.0000e+00
      3.346      0.022     5.2480     51.979     40.970  32.802442     5.6152      7.231   280.3001 1.2829e+00     6.9930      3.280      4.757    15.0302 0.0000e+00
      3.347      0.015     5.2438     51.971     40.962  32.796158     5.6126      7.231   280.1690 1.2826e+00     6.9576      3.282      4.761    15.0299 0.0000e+00
      3.347      0.011     5.2420     51.986     40.974  32.806127     5.6181      7.230   280.2920 1.2740e+00     6.9436      3.283      4.761    15.0298 0.0000e+00
      3.348      0.012     5.2396     52.017     40.962  32.796174     5.6810      7.230   280.5825 1.2609e+00     6.9593      3.283      4.762    15.0296 0.0000e+00
      3.352      0.015     5.2372     52.042     40.970  32.802623     5.7985      7.230   280.7547 1.2554e+00     6.9767      3.286      4.766    15.0294 0.0000e+00
      3.358      0.018     5.2360     52.052     40.992  32.820693     5.8572      7.231   280.8253 1.2546e+00     6.9489      3.293      4.776    15.0290 0.0000e+00
      3.363      0.023     5.2375     52.062     40.996  32.824448     5.8665      7.230   280.8339 1.2444e+00     6.9659      3.298      4.784    15.0291 0.0000e+00
      3.368      0.028     5.2416     52.073     41.025  32.848032     5.9185      7.230   280.3427 1.2218e+00     7.0451      3.302      4.790    15.0294 0.0000e+00
      3.375      0.031     5.2450     52.083     41.029  32.852237     6.0039      7.231   279.5332 1.2136e+00     7.0856      3.309      4.800    15.0296 0.0000e+00
      3.384      0.034     5.2446     52.081     40.978  32.811877     6.0414      7.231   279.3911 1.2024e+00     7.0458      3.317      4.811    15.0298 0.0000e+00
      3.396      0.037     5.2459     52.072     40.968  32.803870     6.0389      7.231   279.6571 1.1688e+00     6.9745      3.330      4.830    15.0302 0.0000e+00
      3.406      0.041     5.2467     52.080     40.988  32.818824     6.1073      7.231   279.9102 1.1464e+00     6.9747      3.343      4.848    15.0310 0.0000e+00
      3.414      0.043     5.2483     52.105     40.968  32.802469     6.2445      7.231   280.2143 1.1309e+00     7.0477      3.347      4.855    15.0319 0.0000e+00
      3.423      0.043     5.2482     52.132     40.960  32.796331     6.3245      7.232   279.7208 1.1059e+00     7.0716      3.355      4.866    15.0320 0.0000e+00
      3.437      0.042     5.2456     52.139     40.974  32.808013     6.3339      7.233   278.5889 1.0830e+00     7.0253      3.371      4.889    15.0319 0.0000e+00
      3.451      0.042     5.2471     52.142     40.986  32.816908     6.3491      7.234   278.2299 1.0566e+00     7.0000      3.385      4.910    15.0318 0.0000e+00
      3.463      0.041     5.2494     52.149     41.016  32.840483     6.3919      7.233   278.6494 1.0400e+00     7.0393      3.398      4.928    15.0315 0.0000e+00
      3.471      0.038     5.2544     52.135     41.015  32.839442     6.4270      7.233   279.1870 1.0266e+00     7.0900      3.405      4.938    15.0314 0.0000e+00
      3.479      0.034     5.2535     52.103     40.972  32.804317     6.4245      7.234   279.4815 9.9365e-01     7.0675      3.410      4.947    15.0314 0.0000e+00
      3.487      0.032     5.2530     52.080     40.962  32.796202     6.3022      7.234   279.1995 9.7364e-01     7.0735      3.420      4.961    15.0310 0.0000e+00
      3.495      0.032     5.2559     52.065     40.972  32.804729     6.0896      7.234   278.5302 9.7220e-01     7.1630      3.429      4.973    15.0303 0.0000e+00
      3.502      0.031     5.2542     52.048     40.941  32.780612     5.9849      7.234   278.1002 9.6069e-01     7.1928      3.435      4.981    15.0298 0.0000e+00
      3.511      0.031     5.2493     52.028     40.913  32.758217     5.9854      7.234   278.0444 9.4546e-01     7.1955      3.442      4.993    15.0296 0.0000e+00
      3.521      0.031     5.2472     52.010     40.950  32.787567     5.9705      7.234   278.1999 9.3273e-01     7.2301      3.453      5.009    15.0296 0.0000e+00
      3.528      0.031     5.2467     52.003     40.989  32.818474     5.8470      7.235   278.4310 9.1175e-01     7.2693      3.460      5.019    15.0299 0.0000e+00
      3.533      0.032     5.2443     52.009     40.985  32.814892     5.6400      7.236   278.6878 8.9159e-01     7.2938      3.465      5.025    15.0303 0.0000e+00
      3.540      0.033     5.2425     52.023     40.976  32.807659     5.5311      7.236   278.9821 8.7620e-01     7.2869      3.472      5.036    15.0302 0.0000e+00
      3.550      0.034     5.2401     52.033     40.959  32.794428     5.5295      7.236   278.9782 8.5822e-01     7.2876      3.481      5.049    15.0301 0.0000e+00
      3.560      0.034     5.2395     52.048     40.943  32.781716     5.4878      7.236   278.8124 8.4503e-01     7.2676      3.491      5.064    15.0298 0.0000e+00
      3.570      0.033     5.2401     52.076     40.942  32.780766     5.3931      7.235   278.7842 8.3672e-01     7.2502      3.502      5.078    15.0296 0.0000e+00
      3.579      0.032     5.2428     52.097     40.945  32.782949     5.3492      7.235   278.8091 8.2652e-01     7.2828      3.511      5.092    15.0293 0.0000e+00
      3.587      0.031     5.2428     52.106     40.976  32.808107     5.3647      7.235   279.2861 8.2542e-01     7.2868      3.518      5.103    15.0293 0.0000e+00
      3.594      0.029     5.2436     52.115     41.005  32.831333     5.4313      7.235   280.0775 8.3077e-01     7.1961      3.524      5.111    15.0294 0.0000e+00
      3.599      0.027     5.2478     52.120     40.979  32.810163     5.5296      7.236   280.2899 8.1639e-01     7.0394      3.529      5.118    15.0293 0.0000e+00
      3.606      0.024     5.2503     52.120     40.974  32.805755     5.5716      7.237   280.1334 7.9303e-01     6.9639      3.536      5.129    15.0297 0.0000e+00
      3.615      0.023     5.2499     52.112     41.019  32.841445     5.5815      7.237   279.9056 7.8673e-01     7.0008      3.546      5.143    15.0297 0.0000e+00
      3.621      0.023     5.2517     52.085     41.044  32.861258     5.6663      7.237   279.6006 7.8400e-01     7.0077      3.552      5.152    15.0294 0.0000e+00
      3.624      0.025     5.2519     52.050     41.036  32.855108     5.8144      7.237   279.8879 7.7406e-01     6.9785      3.554      5.155    15.0291 0.0000e+00
      3.628      0.028     5.2517     52.022     41.004  32.830478     5.8987      7.237   280.6269 7.7021e-01     6.9887      3.557      5.159    15.0290 0.0000e+00
      3.633      0.031     5.2522     52.017     40.987  32.817080     5.9118      7.238   280.9640 7.6106e-01     6.9947      3.561      5.165    15.0292 0.0000e+00
      3.642      0.034     5.2482     52.015     40.991  32.819922     5.9311      7.238   280.9515 7.4300e-01     7.1193      3.570      5.178    15.0292 0.0000e+00
      3.656      0.038     5.2451     52.009     40.968  32.801435     5.9581      7.238   280.8196 7.3074e-01     7.3679      3.587      5.202    15.0292 0.0000e+00
      3.668      0.040     5.2403     52.015     40.946  32.783765     5.9709      7.239   280.5750 7.1137e-01     7.4729      3.599      5.220    15.0294 0.0000e+00
      3.677      0.040     5.2416     52.012     40.962  32.796487     5.9687      7.239   280.5754 6.8960e-01     7.4666      3.605      5.228    15.0292 0.0000e+00
      3.686      0.039     5.2421     51.998     41.002  32.828452     5.9644      7.239   280.8234 6.7390e-01     7.4624      3.614      5.242    15.0291 0.0000e+00
      3.696      0.036     5.2389     51.995     41.033  32.853222     6.0198      7.239   280.9924 6.5307e-01     7.4223      3.626      5.258    15.0296 0.0000e+00
      3.706      0.034     5.2422     52.002     41.020  32.842370     6.1316      7.240   281.0707 6.3932e-01     7.3230      3.636      5.273    15.0299 0.0000e+00
      3.715      0.032     5.2416     52.012     40.997  32.824040     6.1920      7.241   281.0812 6.4323e-01     7.2184      3.643      5.284    15.0296 0.0000e+00
      3.722      0.031     5.2385     52.029     40.994  32.821808     6.2001      7.241   281.0337 6.4680e-01     7.2164      3.651      5.295    15.0292 0.0000e+00
      3.728      0.029     5.2391     52.049     40.986  32.815383     6.1549      7.240   280.9266 6.3080e-01     7.2986      3.656      5.302    15.0288 0.0000e+00
      3.734      0.027     5.2400     52.079     40.979  32.809763     6.0454      7.239   280.8189 6.0576e-01     7.3238      3.661      5.309    15.0285 0.0000e+00
      3.743      0.027     5.2406     52.123     40.988  32.817254     5.9743      7.240   280.8496 5.9722e-01     7.2820      3.670      5.323    15.0286 0.0000e+00
      3.751      0.029     5.2428     52.160     41.019  32.842556     5.9698      7.242   280.9535 6.0648e-01     7.2370      3.680      5.338    15.0287 0.0000e+00
      3.756      0.032     5.2446     52.183     41.044  32.862081     6.0076      7.242   281.0423 6.1017e-01     7.1556      3.684      5.343    15.0284 0.0000e+00
      3.761      0.036     5.2466     52.200     41.046  32.863120     6.0655      7.242   281.0630 5.9926e-01     7.0505      3.687      5.346    15.0286 0.0000e+00
      3.770      0.039     5.2527     52.200     41.036  32.855108     6.0952      7.242   280.9455 5.8120e-01     7.0245      3.696      5.360    15.0291 0.0000e+00
      3.783      0.042     5.2563     52.180     41.004  32.828608     6.1006      7.243   280.8273 5.6156e-01     7.0469      3.710      5.379    15.0294 0.0000e+00
      3.798      0.047     5.2582     52.166     40.964  32.796332     6.1225      7.243   280.8384 5.4052e-01     7.0820      3.725      5.402    15.0292 0.0000e+00
      3.811      0.051     5.2604     52.166     40.946  32.781879     6.1683      7.243   280.8210 5.2141e-01     7.1760      3.738      5.422    15.0286 0.0000e+00
      3.821      0.051     5.2613     52.165     40.946  32.780668     6.1968      7.244   280.7890 5.1882e-01     7.2603      3.746      5.434    15.0281 0.0000e+00
      3.834      0.048     5.2577     52.169     40.948  32.781683     6.1916      7.245   280.8815 5.1849e-01     7.2814      3.757      5.451    15.0277 0.0000e+00
      3.849      0.043     5.2554     52.176     40.964  32.794145     6.0807      7.245   280.9931 5.0974e-01     7.2609      3.776      5.475    15.0274 0.0000e+00
      3.864      0.039     5.2577     52.173     40.977  32.804543     5.8798      7.245   281.0204 5.0726e-01     7.2504      3.793      5.501    15.0269 0.0000e+00
      3.873      0.035     5.2560     52.149     40.947  32.780596     5.7772      7.245   280.9537 5.0532e-01     7.2918      3.800      5.512    15.0258 0.0000e+00
      3.876      0.032     5.2572     52.115     40.919  32.758217     5.7716      7.246   280.8746 4.9862e-01     7.3181      3.801      5.513    15.0246 0.0000e+00
      3.880      0.028     5.2585     52.098     40.955  32.787569     5.7620      7.247   280.9240 4.9647e-01     7.2611      3.804      5.518    15.0242 0.0000e+00
      3.887      0.027     5.2586     52.091     40.994  32.818476     5.7859      7.247   281.0349 4.9392e-01     7.1825      3.811      5.527    15.0245 0.0000e+00
      3.896      0.028     5.2562     52.076     40.989  32.814894     5.8605      7.245   281.0973 4.7780e-01     7.1198      3.820      5.540    15.0248 0.0000e+00
      3.906      0.030     5.2504     52.059     40.979  32.807661     5.9076      7.244   281.1617 4.6179e-01     7.0834      3.831      5.558    15.0248 0.0000e+00
      3.913      0.030     5.2501     52.071     40.962  32.794428     5.9137      7.245   281.2967 4.5550e-01     7.0842      3.837      5.566    15.0249 0.0000e+00
      3.919      0.029     5.2495     52.100     40.945  32.781706     5.9092      7.245   281.4395 4.4344e-01     7.0610      3.841      5.571    15.0250 0.0000e+00
      3.928      0.027     5.2487     52.108     40.944  32.780653     5.9037      7.245   281.4253 4.3167e-01     7.0410      3.852      5.587    15.0249 0.0000e+00
      3.935      0.027     5.2443     52.116     40.946  32.781692     5.9142      7.246   281.3843 4.2760e-01     7.0478      3.861      5.600    15.0257 0.0000e+00
      3.940      0.030     5.2458     52.141     40.962  32.794258     5.9274      7.246   281.4596 4.2783e-01     7.0411      3.864      5.605    15.0269 0.0000e+00
      3.945      0.034     5.2522     52.171     40.977  32.805785     5.8965      7.246   281.5606 4.2541e-01     7.0281      3.867      5.610    15.0276 0.0000e+00
      3.952      0.037     5.2500     52.196     40.963  32.794258     5.8318      7.247   281.5734 4.0675e-01     6.9933      3.873      5.617    15.0273 0.0000e+00
      3.964      0.041     5.2511     52.211     40.947  32.781692     5.8028      7.247   281.5281 3.8653e-01     6.9958      3.886      5.636    15.0266 0.0000e+00
      3.979      0.046     5.2542     52.221     40.946  32.780653     5.8042      7.247   281.6154 3.7771e-01     7.0930      3.904      5.662    15.0262 0.0000e+00
      3.991      0.049     5.2574     52.223     40.948  32.781691     5.7487      7.247   281.7692 3.7585e-01     7.1778      3.916      5.679    15.0259 0.0000e+00
      4.002      0.048     5.2604     52.211     40.963  32.794248     5.6309      7.248   281.6672 3.6741e-01     7.2018      3.922      5.688    15.0254 0.0000e+00
      4.017      0.044     5.2614     52.185     40.977  32.805673     5.5615      7.249   281.3278 3.4982e-01     7.2118      3.937      5.711    15.0255 0.0000e+00
      4.032      0.040     5.2625     52.160     40.961  32.793022     5.5677      7.249   281.1928 3.4563e-01     7.2305      3.958      5.741    15.0256 0.0000e+00
      4.041      0.036     5.2631     52.135     40.930  32.768092     5.5980      7.248   281.3255 3.4369e-01     7.2569      3.965      5.751    15.0256 0.0000e+00
      4.045      0.034     5.2620     52.104     40.917  32.757864     5.6200      7.248   281.4702 3.2782e-01     7.2579      3.965      5.750    15.0259 0.0000e+00
      4.051      0.031     5.2585     52.086     40.965  32.796154     5.6250      7.249   281.3937 3.1523e-01     7.2421      3.972      5.761    15.0262 0.0000e+00
      4.059      0.030     5.2556     52.075     41.033  32.850640     5.6253      7.250   281.0886 3.1379e-01     7.2371      3.981      5.774    15.0263 0.0000e+00
      4.068      0.030     5.2549     52.055     41.027  32.846019     5.6234      7.250   280.9637 3.1079e-01     7.2306      3.988      5.785    15.0259 0.0000e+00
      4.077      0.030     5.2494     52.042     40.974  32.803680     5.6354      7.250   281.0892 2.9906e-01     7.1985      3.998      5.799    15.0260 0.0000e+00
      4.086      0.029     5.2480     52.032     40.947  32.782555     5.6630      7.250   281.1423 2.9597e-01     7.1221      4.009      5.815    15.0262 0.0000e+00
      4.093      0.027     5.2493     52.025     40.945  32.780803     5.6740      7.250   281.1762 2.9715e-01     7.0244      4.015      5.823    15.0261 0.0000e+00
      4.098      0.025     5.2444     52.033     40.947  32.782498     5.6674      7.250   281.2412 2.8398e-01     6.9738      4.018      5.827    15.0263 0.0000e+00
      4.103      0.023     5.2447     52.045     40.972  32.803053     5.6422      7.251   281.0681 2.7526e-01     6.9881      4.024      5.835    15.0263 0.0000e+00
      4.109      0.023     5.2434     52.048     41.017  32.839119     5.6024      7.250   280.8893 2.8089e-01     7.0264      4.031      5.845    15.0262 0.0000e+00
      4.114      0.024     5.2416     52.028     41.016  32.838150     5.5778      7.250   280.9732 2.8682e-01     7.0270      4.034      5.852    15.0262 0.0000e+00
      4.121      0.025     5.2436     51.987     40.958  32.791332     5.5689      7.250   281.0505 2.8384e-01     6.9625      4.040      5.860    15.0269 0.0000e+00
