Data/DataNotYetUploadedToEDI/Raw_CTD/RawDownloads/100323_bvr50_S7809002.cnv
* Sea-Bird SBE19plus  Data File:
* FileName = C:\R\Reservoirs\Data\DataNotYetUploadedToEDI\Raw_CTD\RawDownloads\092623_bvr50_S7809_0002.hex
* Software version 2.8.0.119
* Temperature SN = 7809
* Conductivity SN = 7809
* System UpLoad Time = Oct 05 2023 10:02:18
* <ApplicationData>
* <Seaterm232>
# nquan = 15
# nvalues = 1042                        
# units = specified
# name 0 = depFM: Depth [fresh water, m]
# name 1 = dz/dtM: Descent Rate [m/s]
# name 2 = sbeox0Mg/L: Oxygen, SBE 43 [mg/l]
# name 3 = sbeox0PS: Oxygen, SBE 43 [% saturation]
# name 4 = specc: Specific Conductance [uS/cm]
# name 5 = c0uS/cm: Conductivity [uS/cm]
# name 6 = flECO-AFL: Fluorescence, WET Labs ECO-AFL/FL [mg/m^3]
# name 7 = ph: pH
# name 8 = orp: Oxidation Reduction Potential [mV]
# name 9 = par/sat/log: PAR/Logarithmic, Satlantic
# name 10 = turbWETntu0: Turbidity, WET Labs ECO [NTU]
# name 11 = prdM: Pressure, Strain Gauge [db]
# name 12 = prdE: Pressure, Strain Gauge [psi]
# name 13 = tv290C: Temperature [ITS-90, deg C]
# name 14 = flag:  0.000e+00
# span 0 =     -0.666,      9.039       
# span 1 =     -0.492,      0.153       
# span 2 =     0.0940,     9.4149       
# span 3 =      0.937,    105.242       
# span 4 =      9.936,    243.261       
# span 5 =   8.947161, 169.422742       
# span 6 =    -2.1116,    11.9991       
# span 7 =      5.994,      6.733       
# span 8 =   -88.9417,   298.2333       
# span 9 = 1.2362e-01, 1.4199e+03       
# span 10 =     2.2854,     7.9574      
# span 11 =     -0.654,      8.868      
# span 12 =     -0.948,     12.862      
# span 13 =     9.8182,    21.9111      
# span 14 = 0.0000e+00, 0.0000e+00      
# interval = seconds: 0.25
# start_time = Oct 03 2023 11:31:49 [Instrument's time stamp, header]
# bad_flag = -9.990e-29
*END*
[from data line 386]
      3.097      0.051     6.7686     72.335     33.103  29.110014     9.8465      6.333   283.8780 1.4524e+01     2.8623      3.035      4.402    18.9733 0.0000e+00
      3.111      0.053     6.7657     72.086     33.113  29.116820    10.0231      6.333   283.9939 1.4330e+01     2.8398      3.051      4.426    18.9677 0.0000e+00
      3.125      0.058     6.7556     71.849     33.138  29.134545    10.0431      6.333   284.2028 1.4191e+01     2.8766      3.066      4.446    18.9651 0.0000e+00
      3.137      0.063     6.7374     71.609     33.143  29.134027    10.1724      6.332   284.4253 1.4064e+01     2.9654      3.076      4.461    18.9654 0.0000e+00
      3.152      0.066     6.7143     71.348     33.121  29.110546    10.3889      6.331   284.5333 1.3873e+01     2.9568      3.088      4.479    18.9657 0.0000e+00
      3.172      0.066     6.6902     71.035     33.117  29.104356    10.4881      6.331   284.4753 1.3622e+01     2.8751      3.109      4.509    18.9625 0.0000e+00
      3.195      0.064     6.6704     70.622     33.141  29.122609    10.4894      6.331   284.4119 1.3404e+01     2.8312      3.135      4.546    18.9545 0.0000e+00
      3.214      0.060     6.6502     70.142     33.166  29.140948    10.5206      6.332   284.4547 1.3255e+01     2.8367      3.154      4.576    18.9468 0.0000e+00
      3.227      0.054     6.6257     69.635     33.164  29.135802    10.5821      6.334   284.4772 1.3136e+01     2.8726      3.165      4.591    18.9415 0.0000e+00
      3.237      0.048     6.6024     69.147     33.154  29.123817    10.6166      6.336   284.5127 1.3043e+01     2.8892      3.174      4.604    18.9369 0.0000e+00
      3.246      0.044     6.5605     68.739     33.157  29.122882    10.5966      6.338   284.6255 1.2966e+01     2.8672      3.183      4.618    18.9323 0.0000e+00
      3.255      0.044     6.5163     68.429     33.163  29.124499    10.3165      6.339   284.7218 1.2885e+01     2.8117      3.192      4.629    18.9271 0.0000e+00
      3.264      0.047     6.4690     68.173     33.188  29.143363     9.8090      6.339   284.8170 1.2792e+01     2.7299      3.200      4.642    18.9220 0.0000e+00
      3.277      0.050     6.4207     67.889     33.211  29.160671     9.5463      6.339   285.0015 1.2660e+01     2.6982      3.213      4.660    18.9171 0.0000e+00
      3.293      0.051     6.3839     67.559     33.194  29.143477     9.5298      6.339   285.2328 1.2508e+01     2.7020      3.230      4.684    18.9129 0.0000e+00
      3.309      0.051     6.3553     67.151     33.176  29.125754     9.5168      6.341   285.3759 1.2393e+01     2.6737      3.246      4.707    18.9078 0.0000e+00
      3.322      0.050     6.3387     66.660     33.191  29.136672     9.5638      6.342   285.3550 1.2319e+01     2.7317      3.259      4.726    18.9021 0.0000e+00
      3.334      0.048     6.3103     66.153     33.206  29.148620     9.6825      6.343   285.3246 1.2250e+01     2.8561      3.270      4.743    18.8973 0.0000e+00
      3.344      0.048     6.2824     65.648     33.202  29.143365     9.7447      6.343   285.5243 1.2192e+01     2.9136      3.280      4.758    18.8935 0.0000e+00
      3.354      0.049     6.2467     65.163     33.197  29.136559     9.7583      6.343   285.7911 1.2120e+01     2.9156      3.288      4.769    18.8904 0.0000e+00
      3.366      0.050     6.1955     64.760     33.192  29.129753    10.0139      6.343   285.8840 1.1987e+01     2.8458      3.298      4.783    18.8879 0.0000e+00
      3.382      0.051     6.1504     64.451     33.190  29.124503    10.5040      6.344   285.9585 1.1843e+01     2.7530      3.316      4.809    18.8858 0.0000e+00
      3.398      0.054     6.1035     64.208     33.207  29.136508    10.7742      6.344   286.1756 1.1748e+01     2.6819      3.334      4.834    18.8832 0.0000e+00
      3.411      0.057     6.0550     63.999     33.223  29.148040    10.7918      6.343   286.4439 1.1690e+01     2.6353      3.346      4.852    18.8797 0.0000e+00
      3.423      0.058     6.0185     63.779     33.214  29.137075    10.8090      6.343   286.6220 1.1614e+01     2.7017      3.356      4.868    18.8755 0.0000e+00
      3.437      0.058     5.9918     63.513     33.209  29.130785    10.8648      6.342   286.6935 1.1491e+01     2.8361      3.368      4.886    18.8711 0.0000e+00
      3.454      0.058     5.9697     63.191     33.217  29.135409    10.9083      6.341   286.7926 1.1381e+01     2.8940      3.388      4.914    18.8670 0.0000e+00
      3.471      0.059     5.9534     62.824     33.212  29.129549    10.9365      6.340   286.9596 1.1334e+01     2.8889      3.406      4.940    18.8627 0.0000e+00
      3.484      0.061     5.9340     62.447     33.207  29.123358    11.1974      6.340   287.0774 1.1297e+01     2.8768      3.416      4.955    18.8584 0.0000e+00
      3.498      0.062     5.9102     62.073     33.211  29.123982    11.6903      6.339   287.0984 1.1242e+01     2.9185      3.429      4.974    18.8548 0.0000e+00
      3.514      0.062     5.8807     61.687     33.229  29.137093    11.9686      6.339   287.2146 1.1202e+01     2.9821      3.447      4.999    18.8516 0.0000e+00
      3.531      0.062     5.8446     61.267     33.253  29.155016    11.9991      6.339   287.4492 1.1171e+01     2.9626      3.462      5.022    18.8501 0.0000e+00
      3.548      0.063     5.8093     60.801     33.251  29.150394    11.9851      6.339   287.5261 1.1106e+01     2.8545      3.479      5.046    18.8488 0.0000e+00
      3.566      0.063     5.7762     60.310     33.251  29.144639    11.9486      6.339   287.5419 1.1051e+01     2.6993      3.498      5.073    18.8430 0.0000e+00
      3.581      0.063     5.7415     59.816     33.264  29.148847    11.9324      6.339   287.7269 1.1039e+01     2.6583      3.512      5.095    18.8369 0.0000e+00
      3.594      0.064     5.7034     59.308     33.260  29.137836    11.9391      6.339   287.8690 1.1014e+01     2.7348      3.524      5.111    18.8349 0.0000e+00
      3.609      0.064     5.6600     58.761     33.270  29.138358    11.9127      6.338   287.8841 1.0975e+01     2.7354      3.539      5.132    18.8299 0.0000e+00
      3.626      0.064     5.6133     58.097     33.299  29.155146    11.6799      6.338   287.9956 1.0944e+01     2.6999      3.556      5.158    18.8213 0.0000e+00
      3.646      0.063     5.5701     57.230     33.300  29.150525    11.2886      6.338   288.1845 1.0915e+01     2.7835      3.575      5.185    18.8112 0.0000e+00
      3.664      0.062     5.5241     56.193     33.299  29.145904    11.0932      6.338   288.3609 1.0911e+01     2.8917      3.594      5.212    18.7992 0.0000e+00
      3.679      0.061     5.4765     55.056     33.321  29.162698    11.1062      6.338   288.4942 1.0937e+01     2.9154      3.609      5.234    18.7853 0.0000e+00
      3.692      0.058     5.4225     53.916     33.323  29.163285    11.2640      6.338   288.5915 1.0953e+01     2.8996      3.620      5.250    18.7729 0.0000e+00
      3.706      0.055     5.3384     52.900     33.316  29.153001    11.5360      6.338   288.7631 1.0947e+01     2.8706      3.633      5.269    18.7644 0.0000e+00
      3.721      0.053     5.2409     52.042     33.336  29.165216    11.6896      6.339   288.9337 1.0944e+01     2.8727      3.649      5.293    18.7576 0.0000e+00
      3.734      0.051     5.1332     51.320     33.363  29.184099    11.7226      6.340   288.9335 1.0953e+01     2.8911      3.663      5.313    18.7562 0.0000e+00
      3.746      0.050     5.0198     50.708     33.374  29.191020    11.7516      6.341   288.9324 1.0963e+01     2.8879      3.674      5.329    18.7555 0.0000e+00
      3.759      0.048     4.9264     50.173     33.369  29.185472    11.7654      6.342   289.0930 1.0977e+01     2.8342      3.686      5.346    18.7488 0.0000e+00
      3.771      0.046     4.8481     49.693     33.365  29.180445    11.7569      6.343   289.2413 1.1013e+01     2.7891      3.699      5.366    18.7401 0.0000e+00
      3.782      0.045     4.7822     49.286     33.382  29.193661    11.7403      6.344   289.3483 1.1062e+01     2.8537      3.709      5.380    18.7325 0.0000e+00
      3.793      0.044     4.7267     48.957     33.414  29.218400    11.5227      6.345   289.5262 1.1090e+01     2.8984      3.718      5.392    18.7281 0.0000e+00
      3.805      0.041     4.6784     48.681     33.430  29.225842    11.1064      6.345   289.6713 1.1100e+01     2.8510      3.731      5.411    18.7263 0.0000e+00
      3.817      0.038     4.6323     48.471     33.432  29.220202    10.8685      6.345   289.7266 1.1117e+01     2.8271      3.744      5.429    18.7248 0.0000e+00
      3.827      0.037     4.5936     48.320     33.433  29.213627    10.8276      6.345   289.7649 1.1143e+01     2.8828      3.754      5.444    18.7225 0.0000e+00
      3.835      0.037     4.5664     48.142     33.437  29.209774    10.8027      6.345   289.8763 1.1176e+01     2.9103      3.762      5.456    18.7180 0.0000e+00
      3.840      0.038     4.5393     47.844     33.477  29.237030    10.7674      6.346   290.1259 1.1204e+01     2.7837      3.766      5.462    18.7083 0.0000e+00
      3.848      0.041     4.5208     47.351     33.547  29.289449    10.7338      6.346   290.3745 1.1194e+01     2.6500      3.771      5.469    18.6951 0.0000e+00
      3.859      0.047     4.5114     46.582     33.610  29.336110    10.7211      6.345   290.5590 1.1143e+01     2.6252      3.784      5.488    18.6849 0.0000e+00
      3.873      0.052     4.4987     45.516     33.642  29.357193    10.7218      6.345   290.7215 1.1078e+01     2.6207      3.799      5.510    18.6756 0.0000e+00
      3.888      0.056     4.4741     44.219     33.647  29.354068    10.7517      6.345   290.8776 1.0993e+01     2.6305      3.811      5.527    18.6633 0.0000e+00
      3.905      0.057     4.4319     42.694     33.666  29.361733    10.8073      6.344   291.0693 1.0883e+01     2.6417      3.829      5.553    18.6502 0.0000e+00
      3.923      0.055     4.3643     40.970     33.705  29.386436    10.8358      6.344   291.2321 1.0784e+01     2.6191      3.849      5.583    18.6372 0.0000e+00
      3.937      0.051     4.2591     39.195     33.728  29.399020    10.8303      6.345   291.2976 1.0715e+01     2.6309      3.862      5.602    18.6273 0.0000e+00
      3.947      0.047     4.1410     37.513     33.722  29.387008    10.6831      6.346   291.3444 1.0665e+01     2.7150      3.871      5.614    18.6172 0.0000e+00
      3.957      0.045     4.0004     36.013     33.709  29.368051    10.4045      6.346   291.4539 1.0605e+01     2.8170      3.881      5.628    18.6028 0.0000e+00
      3.967      0.044     3.8325     34.734     33.710  29.360095    10.2505      6.345   291.5902 1.0521e+01     2.8729      3.891      5.643    18.5878 0.0000e+00
      3.977      0.046     3.6639     33.669     33.710  29.354228    10.1945      6.345   291.7007 1.0426e+01     2.8783      3.899      5.655    18.5765 0.0000e+00
      3.988      0.047     3.5032     32.787     33.721  29.360533     9.8434      6.344   291.7577 1.0316e+01     2.8823      3.909      5.670    18.5703 0.0000e+00
      4.002      0.047     3.3632     32.132     33.738  29.372900     9.2178      6.344   291.8493 1.0203e+01     2.8870      3.924      5.691    18.5591 0.0000e+00
      4.017      0.045     3.2438     31.757     33.746  29.376896     8.8555      6.344   292.0335 1.0102e+01     2.8670      3.940      5.715    18.5419 0.0000e+00
      4.032      0.040     3.1480     31.607     33.786  29.408840     8.7921      6.345   292.1788 1.0023e+01     2.8455      3.955      5.737    18.5328 0.0000e+00
      4.042      0.035     3.0629     31.565     33.826  29.441980     8.7265      6.345   292.4008 9.9901e+00     2.8328      3.967      5.752    18.5321 0.0000e+00
      4.047      0.033     2.9986     31.551     33.846  29.460433     8.6283      6.343   292.8255 9.9690e+00     2.8499      3.969      5.757    18.5278 0.0000e+00
      4.052      0.034     2.9664     31.543     33.896  29.505098     8.5779      6.340   293.1836 9.9443e+00     2.8809      3.972      5.762    18.5212 0.0000e+00
      4.056      0.038     2.9573     31.500     33.942  29.538003     8.5666      6.337   293.2889 9.9221e+00     2.8661      3.977      5.769    18.5168 0.0000e+00
      4.063      0.043     2.9570     31.415     33.959  29.541118     8.4925      6.334   293.2383 9.8285e+00     2.8766      3.978      5.771    18.5124 0.0000e+00
      4.078      0.049     2.9538     31.236     33.973  29.542754     8.3389      6.333   293.2597 9.6629e+00     2.9396      3.996      5.797    18.5165 0.0000e+00
      4.100      0.056     2.9563     30.805     33.999  29.557775     8.2163      6.333   293.3758 9.5369e+00     2.9783      4.025      5.837    18.5235 0.0000e+00
      4.116      0.062     2.9519     30.057     34.050  29.595868     8.1752      6.332   293.5244 9.4711e+00     2.9681      4.039      5.856    18.5113 0.0000e+00
      4.126      0.065     2.9452     29.106     34.087  29.622729     8.1412      6.331   293.7657 9.4070e+00     2.9192      4.046      5.868    18.4882 0.0000e+00
      4.140      0.066     2.9377     28.068     34.097  29.628815     7.9391      6.331   293.9702 9.3058e+00     2.8987      4.058      5.887    18.4738 0.0000e+00
      4.160      0.067     2.9008     26.994     34.147  29.669452     7.5954      6.331   294.1038 9.1758e+00     2.9259      4.079      5.916    18.4644 0.0000e+00
      4.181      0.067     2.8250     25.943     34.230  29.733478     7.4065      6.331   294.1763 9.0701e+00     2.9068      4.101      5.950    18.4545 0.0000e+00
      4.199      0.067     2.7317     24.983     34.287  29.768625     7.3617      6.330   294.2439 8.9802e+00     2.8723      4.118      5.973    18.4461 0.0000e+00
      4.216      0.064     2.6349     24.139     34.311  29.777245     7.0703      6.329   294.4052 8.8709e+00     2.9183      4.133      5.995    18.4426 0.0000e+00
      4.232      0.062     2.5312     23.314     34.312  29.774249     6.5386      6.328   294.4926 8.7766e+00     3.0196      4.152      6.022    18.4436 0.0000e+00
      4.246      0.061     2.4313     22.339     34.339  29.795831     6.2592      6.327   294.5263 8.7210e+00     3.1070      4.166      6.043    18.4330 0.0000e+00
      4.258      0.061     2.3403     21.168     34.404  29.847895     6.2632      6.327   294.6398 8.6613e+00     3.0857      4.174      6.054    18.4030 0.0000e+00
      4.272      0.062     2.2652     19.934     34.473  29.896295     6.4714      6.328   294.7473 8.5668e+00     3.0018      4.188      6.075    18.3841 0.0000e+00
      4.291      0.063     2.1959     18.770     34.538  29.936995     6.8539      6.329   294.7937 8.4572e+00     2.9809      4.209      6.105    18.3830 0.0000e+00
      4.310      0.065     2.1061     17.647     34.584  29.959370     7.0599      6.327   294.8567 8.3511e+00     3.0039      4.228      6.132    18.3818 0.0000e+00
      4.326      0.066     1.9907     16.502     34.621  29.976516     7.0053      6.325   294.9057 8.2455e+00     3.0404      4.243      6.153    18.3782 0.0000e+00
      4.342      0.065     1.8682     15.302     34.683  30.017421     6.1196      6.325   294.9571 8.1292e+00     3.0804      4.257      6.174    18.3609 0.0000e+00
      4.358      0.063     1.7638     14.049     34.761  30.073341     4.4661      6.325   295.0473 8.0203e+00     3.1117      4.273      6.198    18.3342 0.0000e+00
      4.376      0.061     1.6609     12.762     34.858  30.145175     3.5588      6.325   295.1362 7.9534e+00     3.1799      4.291      6.224    18.3093 0.0000e+00
      4.392      0.059     1.5547     11.438     35.000  30.251612     3.5136      6.324   295.2567 7.9017e+00     3.2899      4.309      6.249    18.2863 0.0000e+00
