Data/DataNotYetUploadedToEDI/Raw_CTD/RawDownloads/100323_fcr50_S8188003.cnv
* Sea-Bird SBE19plus  Data File:
* FileName = C:\R\Reservoirs\Data\DataNotYetUploadedToEDI\Raw_CTD\RawDownloads\092623_bvr50_S8182_0003.hex
* Software version 2.8.0.119
* Temperature SN = 8188
* Conductivity SN = 8188
* System UpLoad Time = Oct 04 2023 13:50:33
* <ApplicationData>
* <Seaterm232>
# nquan = 16
# nvalues = 1523                        
# units = specified
# name 0 = depFM: Depth [fresh water, m]
# name 1 = dz/dtM: Descent Rate [m/s]
# name 2 = sbeox0Mg/L: Oxygen, SBE 43 [mg/l]
# name 3 = sbeox0PS: Oxygen, SBE 43 [% saturation]
# name 4 = specc: Specific Conductance [uS/cm]
# name 5 = c0uS/cm: Conductivity [uS/cm]
# name 6 = wetCDOM: Fluorescence, WET Labs CDOM [mg/m^3]
# name 7 = flECO-AFL: Fluorescence, WET Labs ECO-AFL/FL [mg/m^3]
# name 8 = flECO-AFL1: Fluorescence, WET Labs ECO-AFL/FL, 2 [mg/m^3]
# name 9 = flECO-AFL2: Fluorescence, WET Labs ECO-AFL/FL, 3 [mg/m^3]
# name 10 = par/sat/log: PAR/Logarithmic, Satlantic
# name 11 = turbWETntu0: Turbidity, WET Labs ECO [NTU]
# name 12 = prdM: Pressure, Strain Gauge [db]
# name 13 = prdE: Pressure, Strain Gauge [psi]
# name 14 = tv290C: Temperature [ITS-90, deg C]
# name 15 = flag:  0.000e+00
# span 0 =     -0.496,      9.461       
# span 1 =     -0.299,      0.087       
# span 2 =     0.2844,     6.2161       
# span 3 =      2.747,     69.781       
# span 4 =     43.636,    456.787       
# span 5 =  38.251888, 339.611471       
# span 6 =    -4.5000,     4.6800       
# span 7 =    -0.1498,     6.0606       
# span 8 =    -2.1300,     2.0874       
# span 9 =    -2.0304,     4.0185       
# span 10 = 1.1587e-01, 2.3590e+03      
# span 11 =    -0.6188,   448.4516      
# span 12 =     -0.486,      9.279      
# span 13 =     -0.705,     13.457      
# span 14 =    12.1240,    21.6232      
# span 15 = 0.0000e+00, 0.0000e+00      
# interval = seconds: 0.25
# start_time = Oct 03 2023 13:21:19 [Instrument's time stamp, header]
# bad_flag = -9.990e-29
*END*
[from data line 1356]
      1.785     -0.080     1.9329     25.692     46.798  39.824685     3.6900     3.9663     0.0852     1.8612 7.8771e+01     2.3722      1.750      2.538    17.3705 0.0000e+00
      1.768     -0.074     2.0570     26.963     47.030  40.022439     3.6900     3.9816     0.0426     2.6226 7.9563e+01     2.4023      1.733      2.514    17.4361 0.0000e+00
      1.751     -0.074     2.1880     27.999     47.142  40.104163     3.6900     3.9892     0.0426     2.6226 7.9545e+01     2.4023      1.717      2.491    17.4893 0.0000e+00
      1.734     -0.081     2.3223     28.683     47.125  40.071839     3.6900     3.7260     0.0426     2.6226 8.0118e+01     2.7179      1.701      2.467    17.5265 0.0000e+00
      1.716     -0.095     2.4544     28.919     46.998  39.950523     3.6900     3.7527     0.0426     2.6226 7.8977e+01     2.7329      1.683      2.441    17.5454 0.0000e+00
      1.694     -0.115     2.5761     28.662     46.780  39.763330     3.6900     3.7374     0.0852     2.7918 7.6262e+01     2.7029      1.661      2.410    17.5457 0.0000e+00
      1.665     -0.139     2.6760     27.946     46.539  39.571275     3.6900     3.7489     0.0852     2.7918 7.6063e+01     2.7179      1.633      2.369    17.5315 0.0000e+00
      1.627     -0.165     2.7426     26.898     46.310  39.402383     3.6900     3.6077     0.0852     2.7918 7.8908e+01     2.7630      1.596      2.315    17.5124 0.0000e+00
      1.579     -0.189     2.7660     25.726     46.088  39.249253     3.6900     3.6077     0.0852     2.7918 7.9840e+01     2.6578      1.549      2.247    17.4984 0.0000e+00
      1.523     -0.206     2.7416     24.690     45.879  39.114634     3.6900     3.6001     0.0852     2.3688 7.9822e+01     2.6728      1.494      2.167    17.4968 0.0000e+00
      1.462     -0.214     2.6725     24.043     45.688  39.000266     3.6900     3.5886     0.0852     2.3688 7.9476e+01     2.7480      1.434      2.080    17.5107 0.0000e+00
      1.400     -0.211     2.5708     23.981     45.534  38.921211     3.6900     3.9663     0.0852     2.3688 7.8430e+01     2.8832      1.373      1.992    17.5388 0.0000e+00
      1.342     -0.200     2.4568     24.614     45.432  38.886103     3.6900     4.0044     0.0852     2.3688 7.7313e+01     2.9434      1.316      1.909    17.5778 0.0000e+00
      1.292     -0.184     2.3555     25.939     45.358  38.871719     3.6900     3.9548     0.0852     2.3688 7.7095e+01     2.8532      1.267      1.837    17.6247 0.0000e+00
      1.249     -0.166     2.2910     27.848     45.294  38.860357     3.6900     3.9701     0.0426     2.8341 7.7397e+01     2.8832      1.225      1.776    17.6779 0.0000e+00
      1.212     -0.149     2.2821     30.153     45.237  38.848989     3.6900     4.3096     0.0426     2.8341 7.6694e+01     3.1388      1.189      1.724    17.7351 0.0000e+00
      1.180     -0.139     2.3392     32.607     45.187  38.838547     3.6900     4.2905     0.0426     2.8341 7.7061e+01     3.0486      1.157      1.678    17.7929 0.0000e+00
      1.149     -0.135     2.4622     34.959     45.144  38.830210     3.6900     4.2829     0.0426     2.8341 7.7903e+01     3.0937      1.127      1.634    17.8467 0.0000e+00
      1.118     -0.140     2.6407     37.014     45.104  38.821755     3.7800     4.2905     0.0852     3.1302 7.8583e+01     3.0937      1.096      1.590    17.8939 0.0000e+00
      1.085     -0.152     2.8569     38.677     45.059  38.806966     3.7800     4.2410     0.0852     3.1302 7.8192e+01     3.1087      1.064      1.543    17.9350 0.0000e+00
      1.047     -0.168     3.0873     39.941     45.004  38.781902     3.7800     4.2486     0.0852     3.1302 7.8652e+01     3.1087      1.027      1.490    17.9711 0.0000e+00
      1.003     -0.186     3.3079     40.854     44.950  38.757705     3.7800     4.2219     0.0852     3.1302 7.9615e+01     3.0035      0.983      1.427    18.0032 0.0000e+00
      0.951     -0.202     3.5005     41.487     44.909  38.745753     3.8700     4.2295     0.0852     2.8764 8.2324e+01     3.1688      0.932      1.352    18.0323 0.0000e+00
      0.893     -0.215     3.6560     41.930     44.879  38.744840     3.8700     4.0769     0.0852     2.8764 8.5088e+01     3.3492      0.875      1.270    18.0589 0.0000e+00
      0.832     -0.223     3.7737     42.278     44.855  38.748781     3.8700     4.0922     0.0852     2.8764 8.8483e+01     3.3342      0.816      1.184    18.0836 0.0000e+00
      0.772     -0.226     3.8581     42.629     44.828  38.750704     3.8700     4.0884     0.0852     2.8764 8.9236e+01     3.3642      0.757      1.098    18.1082 0.0000e+00
      0.714     -0.225     3.9160     43.049     44.799  38.751124     3.7800     4.1227     0.1278     2.7072 8.8540e+01     3.3041      0.700      1.016    18.1341 0.0000e+00
      0.658     -0.222     3.9556     43.550     44.778  38.758076     3.7800     4.1036     0.1278     2.7072 9.3321e+01     3.3642      0.645      0.936    18.1615 0.0000e+00
      0.602     -0.217     3.9861     44.124     44.763  38.773416     3.7800     4.0998     0.1278     2.7072 1.0100e+02     3.2590      0.591      0.857    18.1897 0.0000e+00
      0.546     -0.211     4.0169     44.758     44.752  38.797274     3.7800     4.1074     0.1278     2.7072 1.0586e+02     3.3191      0.536      0.777    18.2177 0.0000e+00
      0.492     -0.203     4.0542     45.438     44.746  38.832049     3.7800     4.0998     0.1278     2.7072 1.1590e+02     3.4694      0.482      0.699    18.2454 0.0000e+00
      0.439     -0.192     4.0990     46.142     44.738  38.871172     3.6900     3.6573     0.0426     2.7072 1.2805e+02     3.2440      0.430      0.624    18.2739 0.0000e+00
      0.389     -0.177     4.1502     46.861     44.730  38.913191     3.6900     3.6497     0.0426     2.7072 1.4050e+02     3.3041      0.382      0.553    18.3055 0.0000e+00
      0.344     -0.159     4.2066     47.611     44.717  38.953466     3.6900     3.6687     0.0426     2.7072 1.5642e+02     3.4243      0.337      0.489    18.3427 0.0000e+00
      0.304     -0.138     4.2666     48.420     44.676  38.971047     3.6900     3.6573     0.0426     2.7072 1.9681e+02     3.3342      0.299      0.433    18.3872 0.0000e+00
      0.272     -0.116     4.3281     49.292     44.607  38.962700     3.6900     3.3636     0.0852     2.4111 2.0219e+02     2.8983      0.267      0.387    18.4383 0.0000e+00
      0.246     -0.095     4.3906     50.201     44.537  38.946011     3.6900     3.3788     0.0852     2.4111 1.9334e+02     2.8532      0.242      0.350    18.4938 0.0000e+00
      0.227     -0.074     4.4556     51.117     44.485  38.936341     3.6900     3.3636     0.0852     2.4111 1.8564e+02     2.9133      0.222      0.322    18.5516 0.0000e+00
      0.212     -0.057     4.5258     52.017     44.459  38.939035     3.6900     3.3712     0.0852     2.4111 1.7422e+02     2.7931      0.208      0.301    18.6110 0.0000e+00
      0.201     -0.042     4.6020     52.862     44.447  38.946889     3.6000     3.3636     0.0852     2.1150 1.7601e+02     2.5977      0.197      0.285    18.6688 0.0000e+00
      0.193     -0.030     4.6821     53.592     44.430  38.946151     3.6000     3.3445     0.0852     2.1150 1.7096e+02     2.6277      0.189      0.274    18.7196 0.0000e+00
      0.188     -0.021     4.7638     54.155     44.409  38.940585     3.6000     3.3712     0.0852     2.1150 1.7544e+02     2.7480      0.184      0.267    18.7591 0.0000e+00
      0.185     -0.014     4.8450     54.537     44.411  38.952478     3.6000     3.3826     0.0852     2.1150 1.7674e+02     2.7179      0.181      0.262    18.7874 0.0000e+00
      0.183     -0.008     4.9218     54.758     44.435  38.985003     3.6000     3.6077     0.0852     2.1150 1.7949e+02     3.0185      0.179      0.260    18.8080 0.0000e+00
      0.182     -0.005     4.9881     54.860     44.462  39.023062     3.4200     3.6230     0.0852     1.9035 1.7751e+02     3.1087      0.178      0.258    18.8246 0.0000e+00
      0.181     -0.002     5.0392     54.861     44.482  39.060956     3.4200     3.6077     0.0852     1.9035 1.7441e+02     3.0937      0.178      0.258    18.8385 0.0000e+00
      0.181     -0.001     5.0735     54.776     44.503  39.104832     3.4200     3.6077     0.0852     1.9035 1.7400e+02     3.0335      0.178      0.258    18.8502 0.0000e+00
      0.182      0.001     5.0928     54.656     44.543  39.170350     3.4200     3.4399     0.0852     1.9035 1.6602e+02     2.6879      0.178      0.259    18.8624 0.0000e+00
      0.182      0.002     5.1006     54.563     44.611  39.267062     3.6900     3.4284     0.0852     2.2842 1.6287e+02     2.6728      0.178      0.259    18.8789 0.0000e+00
      0.182      0.002     5.0984     54.545     44.684  39.375196     3.6900     3.4170     0.0852     2.2842 1.6376e+02     2.6879      0.178      0.259    18.9016 0.0000e+00
      0.182      0.003     5.0876     54.630     44.729  39.468126     3.6900     3.3903     0.0852     2.2842 1.6963e+02     2.7630      0.179      0.260    18.9302 0.0000e+00
      0.184      0.003     5.0730     54.816     44.748  39.544884     3.6900     3.1805     0.0852     2.2842 1.4799e+02     2.7480      0.180      0.261    18.9644 0.0000e+00
      0.185      0.004     5.0601     55.091     44.748  39.608112     3.5100     3.1690     0.0426     2.1996 1.6227e+02     2.7179      0.181      0.263    19.0052 0.0000e+00
      0.186      0.004     5.0533     55.450     44.732  39.656847     3.5100     3.1766     0.0426     2.1996 1.6168e+02     2.7630      0.183      0.265    19.0549 0.0000e+00
      0.187      0.004     5.0550     55.875     44.713  39.700125     3.5100     3.1957     0.0426     2.1996 1.5329e+02     2.6728      0.184      0.266    19.1146 0.0000e+00
      0.188      0.003     5.0653     56.333     44.698  39.743547     3.5100     3.1347     0.0426     2.1996 1.5917e+02     2.3722      0.184      0.267    19.1820 0.0000e+00
      0.189      0.003     5.0834     56.801     44.683  39.784827     3.5100     3.1080     0.0426     2.1573 1.5433e+02     2.4173      0.185      0.268    19.2529 0.0000e+00
      0.189      0.003     5.1093     57.269     44.659  39.815166     3.5100     3.1232     0.0426     2.1573 1.5369e+02     2.4173      0.185      0.269    19.3229 0.0000e+00
      0.190      0.002     5.1416     57.726     44.623  39.830772     3.5100     3.1156     0.0426     2.1573 1.5170e+02     2.4023      0.186      0.270    19.3896 0.0000e+00
      0.191      0.002     5.1772     58.155     44.583  39.835809     3.5100     3.1232     0.0426     2.1573 1.4796e+02     2.4323      0.187      0.271    19.4530 0.0000e+00
      0.191      0.002     5.2138     58.536     44.545  39.835582     3.5100     3.1080     0.0426     2.1573 1.4418e+02     2.4023      0.188      0.272    19.5142 0.0000e+00
      0.192      0.001     5.2506     58.858     44.527  39.845880     3.4200     3.1080     0.0426     2.1150 1.4136e+02     2.5376      0.188      0.273    19.5727 0.0000e+00
      0.192      0.000     5.2869     59.124     44.530  39.869450     3.4200     3.1232     0.0426     2.1150 1.4065e+02     2.4323      0.188      0.273    19.6261 0.0000e+00
      0.192     -0.001     5.3213     59.334     44.531  39.888806     3.4200     3.0355     0.0426     2.1150 1.3895e+02     2.4323      0.188      0.273    19.6721 0.0000e+00
      0.192     -0.002     5.3522     59.473     44.523  39.901186     3.4200     3.0660     0.0426     2.1150 1.3901e+02     2.4323      0.188      0.272    19.7094 0.0000e+00
      0.191     -0.003     5.3785     59.553     44.513  39.909894     3.4200     3.0660     0.0426     2.0304 1.3733e+02     2.4323      0.187      0.272    19.7386 0.0000e+00
      0.190     -0.005     5.4004     59.599     44.494  39.909328     3.4200     3.0088     0.0426     2.0304 1.3739e+02     2.4474      0.186      0.271    19.7622 0.0000e+00
      0.189     -0.006     5.4172     59.619     44.469  39.899337     3.4200     3.1309     0.0426     2.0304 1.3712e+02     2.4474      0.185      0.269    19.7836 0.0000e+00
      0.187     -0.008     5.4276     59.606     44.447  39.889145     3.4200     3.1270     0.0426     2.0304 1.3608e+02     2.4774      0.184      0.266    19.8049 0.0000e+00
      0.185     -0.010     5.4328     59.569     44.431  39.879995     3.4200     3.1080     0.0426     1.9035 1.3674e+02     2.4925      0.181      0.263    19.8253 0.0000e+00
      0.182     -0.011     5.4350     59.521     44.404  39.857562     3.4200     3.1042     0.0426     1.9035 1.3668e+02     2.3422      0.179      0.260    19.8433 0.0000e+00
      0.179     -0.013     5.4353     59.456     44.364  39.819825     3.4200     3.1385     0.0426     1.9035 1.3953e+02     2.5676      0.176      0.255    19.8577 0.0000e+00
      0.176     -0.014     5.4330     59.367     44.335  39.786436     3.4200     3.1080     0.0426     1.9035 1.4250e+02     2.4774      0.172      0.250    19.8680 0.0000e+00
      0.171     -0.016     5.4290     59.248     44.332  39.770281     3.4200     3.1080     0.0426     1.9458 1.5256e+02     2.4173      0.168      0.244    19.8741 0.0000e+00
      0.167     -0.017     5.4243     59.093     44.343  39.765069     3.4200     3.0927     0.0426     1.9458 1.6136e+02     2.3873      0.163      0.237    19.8763 0.0000e+00
      0.163     -0.020     5.4186     58.912     44.352  39.759507     3.4200     2.9363     0.0426     1.9458 1.6189e+02     2.1167      0.159      0.232    19.8738 0.0000e+00
      0.159     -0.023     5.4115     58.722     44.360  39.754090     3.4200     2.9363     0.0426     1.9458 1.6696e+02     2.2069      0.156      0.226    19.8650 0.0000e+00
      0.154     -0.027     5.4022     58.536     44.375  39.757278     3.4200     2.9363     0.0426     1.9458 1.6469e+02     2.1017      0.151      0.219    19.8505 0.0000e+00
      0.147     -0.031     5.3899     58.365     44.394  39.767941     3.4200     2.9478     0.0426     1.9458 1.6656e+02     2.1017      0.144      0.209    19.8335 0.0000e+00
      0.137     -0.036     5.3751     58.227     44.411  39.779016     3.4200     2.8867     0.0426     1.9458 1.6316e+02     2.1919      0.134      0.195    19.8172 0.0000e+00
      0.126     -0.040     5.3593     58.141     44.424  39.789494     3.4200     2.8676     0.0426     1.9458 1.6305e+02     2.2370      0.124      0.179    19.8035 0.0000e+00
      0.115     -0.043     5.3434     58.114     44.451  39.816037     3.4200     2.8638     0.0426     1.9458 1.6373e+02     2.1768      0.113      0.164    19.7927 0.0000e+00
      0.104     -0.043     5.3287     58.141     44.509  39.875628     3.4200     2.8562     0.0852     1.9035 1.5762e+02     2.1468      0.102      0.147    19.7850 0.0000e+00
      0.092     -0.041     5.3166     58.216     44.575  39.950480     3.4200     2.8524     0.0852     1.9035 1.6031e+02     2.7029      0.090      0.131    19.7805 0.0000e+00
      0.080     -0.037     5.3088     58.345     44.609  40.007069     3.4200     2.8715     0.0852     1.9035 3.0687e+02     2.5676      0.078      0.113    19.7794 0.0000e+00
      0.069     -0.032     5.3061     58.527     44.599  40.028792     3.4200     2.8638     0.0852     1.9035 3.6960e+02     2.7179      0.068      0.098    19.7821 0.0000e+00
      0.061     -0.025     5.3076     58.747     44.560  40.025406     3.3300     2.8905     0.0852     1.9035 2.9362e+02     2.6127      0.060      0.087    19.7905 0.0000e+00
      0.057     -0.018     5.3125     58.982     44.521  40.015820     3.3300     2.9439     0.0852     1.9035 2.6506e+02     2.8081      0.055      0.080    19.8083 0.0000e+00
      0.054     -0.012     5.3213     59.207     44.488  40.005402     3.3300     2.9363     0.0852     1.9035 2.2954e+02     2.7480      0.053      0.076    19.8370 0.0000e+00
      0.052     -0.006     5.3341     59.409     44.461  39.995336     3.3300     2.9210     0.0852     1.9035 2.0471e+02     2.8682      0.051      0.074    19.8723 0.0000e+00
