Data/DataNotYetUploadedToEDI/Raw_CTD/RawDownloads/100323_bvr50_S8188002.cnv
* Sea-Bird SBE19plus  Data File:
* FileName = C:\R\Reservoirs\Data\DataNotYetUploadedToEDI\Raw_CTD\RawDownloads\092623_bvr50_S8182_0002.hex
* Software version 2.8.0.119
* Temperature SN = 8188
* Conductivity SN = 8188
* System UpLoad Time = Oct 04 2023 13:50:10
* <ApplicationData>
* <Seaterm232>
# nquan = 16
# nvalues = 2177                        
# units = specified
# name 0 = depFM: Depth [fresh water, m]
# name 1 = dz/dtM: Descent Rate [m/s]
# name 2 = sbeox0Mg/L: Oxygen, SBE 43 [mg/l]
# name 3 = sbeox0PS: Oxygen, SBE 43 [% saturation]
# name 4 = specc: Specific Conductance [uS/cm]
# name 5 = c0uS/cm: Conductivity [uS/cm]
# name 6 = wetCDOM: Fluorescence, WET Labs CDOM [mg/m^3]
# name 7 = flECO-AFL: Fluorescence, WET Labs ECO-AFL/FL [mg/m^3]
# name 8 = flECO-AFL1: Fluorescence, WET Labs ECO-AFL/FL, 2 [mg/m^3]
# name 9 = flECO-AFL2: Fluorescence, WET Labs ECO-AFL/FL, 3 [mg/m^3]
# name 10 = par/sat/log: PAR/Logarithmic, Satlantic
# name 11 = turbWETntu0: Turbidity, WET Labs ECO [NTU]
# name 12 = prdM: Pressure, Strain Gauge [db]
# name 13 = prdE: Pressure, Strain Gauge [psi]
# name 14 = tv290C: Temperature [ITS-90, deg C]
# name 15 = flag:  0.000e+00
# span 0 =     -0.667,      9.091       
# span 1 =     -0.480,      0.124       
# span 2 =     0.1566,     7.1743       
# span 3 =      1.535,     80.027       
# span 4 =   -637.423,    241.490       
# span 5 =-505.532440, 168.138793       
# span 6 =    -4.5000,   367.2000       
# span 7 =    -0.4932,     8.0443       
# span 8 =    -2.1300,    41.1516       
# span 9 =    -2.0304,     7.9524       
# span 10 = 1.1577e-01, 1.1379e+03      
# span 11 =    -3.9404,   966.8561      
# span 12 =     -0.654,      8.916      
# span 13 =     -0.948,     12.930      
# span 14 =     9.7855,    21.7078      
# span 15 = 0.0000e+00, 0.0000e+00      
# interval = seconds: 0.25
# start_time = Oct 03 2023 11:31:24 [Instrument's time stamp, header]
# bad_flag = -9.990e-29
*END*
[from data line 543]
      7.507      0.077     0.3756      3.278    181.278 129.111071     8.0100     1.1472     0.0852     0.3807 1.1623e-01     2.1768      7.361     10.677    10.6328 0.0000e+00
      7.525      0.074     0.3709      3.280    181.662 129.360765     8.0100     1.1434     0.0852     0.3807 1.1615e-01     2.2670      7.380     10.703    10.6251 0.0000e+00
      7.544      0.071     0.3673      3.287    182.092 129.636032     7.9200     1.0900     0.0426     0.3384 1.1607e-01     2.1768      7.398     10.729    10.6193 0.0000e+00
      7.561      0.069     0.3652      3.295    182.477 129.872983     7.9200     1.1090     0.0426     0.3384 1.1610e-01     2.1919      7.415     10.755    10.6143 0.0000e+00
      7.579      0.066     0.3646      3.303    182.732 130.017405     7.9200     1.0938     0.0426     0.3384 1.1615e-01     2.2971      7.432     10.779    10.6089 0.0000e+00
      7.595      0.063     0.3649      3.311    182.885 130.095871     7.9200     1.0900     0.0426     0.3384 1.1612e-01     2.2069      7.449     10.803    10.6023 0.0000e+00
      7.612      0.059     0.3656      3.319    183.013 130.163132     7.9200     1.1434     0.0852     0.2961 1.1623e-01     2.2069      7.464     10.826    10.5938 0.0000e+00
      7.626      0.056     0.3667      3.324    183.130 130.229163     7.9200     1.1586     0.0852     0.2961 1.1623e-01     2.2971      7.479     10.847    10.5837 0.0000e+00
      7.640      0.052     0.3676      3.328    183.226 130.283716     7.9200     1.1510     0.0852     0.2961 1.1623e-01     2.1768      7.492     10.866    10.5736 0.0000e+00
      7.652      0.048     0.3686      3.338    183.304 130.325418     7.9200     1.1510     0.0852     0.2961 1.1623e-01     2.1919      7.504     10.884    10.5651 0.0000e+00
      7.663      0.045     0.3695      3.356    183.354 130.343503     7.9200     1.1510     0.0852     0.2961 1.1612e-01     2.3271      7.515     10.900    10.5587 0.0000e+00
      7.674      0.042     0.3701      3.386    183.341 130.318914     7.9200     1.1548     0.0852     0.2961 1.1620e-01     2.2219      7.526     10.915    10.5540 0.0000e+00
      7.685      0.039     0.3706      3.455    183.249 130.251062     7.9200     1.1205     0.0852     0.2961 1.1623e-01     2.2370      7.536     10.930    10.5503 0.0000e+00
      7.695      0.036     0.3718      3.597    183.090 130.155679     7.9200     1.1624     0.0852     0.2961 1.1607e-01     2.3873      7.546     10.945    10.5465 0.0000e+00
      7.704      0.033     0.3738      3.853    182.923 130.071004     7.9200     1.1548     0.0852     0.2961 1.1635e-01     2.1768      7.555     10.958    10.5417 0.0000e+00
      7.712      0.029     0.3772      4.268    182.811 130.036142     7.9200     1.1472     0.0852     0.3384 1.1602e-01     2.1768      7.563     10.969    10.5376 0.0000e+00
      7.719      0.025     0.3849      4.796    182.770 130.049758     7.9200     1.1701     0.0852     0.3384 1.1615e-01     2.1768      7.570     10.979    10.5370 0.0000e+00
      7.725      0.022     0.4006      5.270    182.761 130.071712     7.9200     1.1396     0.0852     0.3384 1.1620e-01     2.2219      7.575     10.987    10.5417 0.0000e+00
      7.729      0.020     0.4290      5.549    182.751 130.076023     7.9200     1.1434     0.0852     0.3384 1.1615e-01     2.2820      7.580     10.994    10.5511 0.0000e+00
      7.733      0.019     0.4751      5.579    182.765 130.083737     7.9200     1.1510     0.0852     0.3384 1.1605e-01     2.1167      7.584     11.000    10.5632 0.0000e+00
      7.737      0.020     0.5337      5.356    182.823 130.108852     7.9200     1.1434     0.0852     0.3384 1.1623e-01     2.0416      7.588     11.005    10.5748 0.0000e+00
      7.742      0.023     0.5864      4.914    182.897 130.126226     7.9200     1.1510     0.0852     0.3384 1.1600e-01     2.0566      7.592     11.012    10.5826 0.0000e+00
      7.747      0.028     0.6174      4.319    182.946 130.108656     7.9200     1.1472     0.0852     0.3384 1.1602e-01     2.0416      7.597     11.019    10.5857 0.0000e+00
      7.755      0.034     0.6207      3.669    182.964 130.055432     7.9200     1.1586     0.0852     0.3384 1.1605e-01     2.0265      7.605     11.030    10.5852 0.0000e+00
      7.764      0.041     0.5959      3.087    182.983 129.992157     7.8300     1.1510     0.0852     0.2961 1.1617e-01     2.0716      7.614     11.043    10.5808 0.0000e+00
      7.775      0.049     0.5468      2.674    183.031 129.941749     7.8300     1.1663     0.0852     0.2961 1.1612e-01     2.0115      7.625     11.059    10.5711 0.0000e+00
      7.789      0.057     0.4808      2.443    183.083 129.894743     7.8300     1.1586     0.0852     0.2961 1.1625e-01     2.0265      7.638     11.079    10.5567 0.0000e+00
      7.805      0.065     0.4085      2.356    183.130 129.848548     7.8300     1.1319     0.0852     0.2961 1.1623e-01     2.4774      7.654     11.101    10.5388 0.0000e+00
      7.823      0.071     0.3439      2.362    183.201 129.826660     7.9200     1.1357     0.0852     0.2961 1.1635e-01     2.4925      7.672     11.127    10.5178 0.0000e+00
      7.843      0.076     0.2980      2.419    183.327 129.853086     7.9200     1.1510     0.0852     0.2961 1.1617e-01     2.4925      7.691     11.155    10.4947 0.0000e+00
      7.864      0.079     0.2725      2.493    183.514 129.932880     7.9200     1.1319     0.0852     0.2961 1.1615e-01     2.5225      7.712     11.185    10.4717 0.0000e+00
      7.886      0.080     0.2629      2.566    183.743 130.051504     7.9200     1.1357     0.0852     0.2961 1.1612e-01     2.0115      7.733     11.216    10.4501 0.0000e+00
      7.907      0.081     0.2638      2.634    184.012 130.206764     7.9200     1.1510     0.0426     0.2538 1.1595e-01     2.0416      7.753     11.246    10.4305 0.0000e+00
      7.927      0.080     0.2703      2.693    184.300 130.382356     7.9200     1.1396     0.0426     0.2538 1.1612e-01     2.0265      7.774     11.275    10.4134 0.0000e+00
      7.947      0.079     0.2786      2.748    184.556 130.541533     7.9200     1.1510     0.0426     0.2538 1.1605e-01     1.9213      7.793     11.303    10.3990 0.0000e+00
      7.967      0.078     0.2869      2.801    184.760 130.669035     7.9200     1.1434     0.0426     0.2538 1.1612e-01     1.9514      7.813     11.332    10.3872 0.0000e+00
      7.987      0.076     0.2945      2.850    184.926 130.774985     7.9200     1.1434     0.0852     0.3384 1.1623e-01     1.9514      7.832     11.360    10.3776 0.0000e+00
      8.007      0.075     0.3013      2.896    185.111 130.899575     7.9200     1.1357     0.0852     0.3384 1.1600e-01     2.0115      7.852     11.388    10.3700 0.0000e+00
      8.026      0.073     0.3074      2.943    185.391 131.091947     7.9200     1.1586     0.0852     0.3384 1.1605e-01     1.9514      7.870     11.415    10.3641 0.0000e+00
      8.044      0.072     0.3134      2.986    185.770 131.349674     7.9200     1.1357     0.0852     0.3384 1.1600e-01     1.8913      7.888     11.441    10.3595 0.0000e+00
      8.062      0.071     0.3189      3.017    186.164 131.612139     7.9200     1.1510     0.0852     0.3384 1.1612e-01     1.9965      7.906     11.467    10.3564 0.0000e+00
      8.079      0.069     0.3241      3.038    186.514 131.839887     8.0100     1.1510     0.0852     0.2961 1.1612e-01     1.9514      7.923     11.492    10.3546 0.0000e+00
      8.097      0.068     0.3293      3.053    186.814 132.029971     8.0100     1.1357     0.0852     0.2961 1.1628e-01     2.0416      7.940     11.517    10.3531 0.0000e+00
      8.115      0.067     0.3341      3.071    187.067 132.187309     8.0100     1.1357     0.0852     0.2961 1.1610e-01     1.9965      7.958     11.542    10.3504 0.0000e+00
      8.132      0.067     0.3376      3.096    187.304 132.333957     8.0100     1.1510     0.0852     0.2961 1.1600e-01     2.0115      7.975     11.566    10.3461 0.0000e+00
      8.149      0.066     0.3400      3.121    187.563 132.495091     8.0100     1.1663     0.0426     0.3384 1.1605e-01     1.9814      7.991     11.590    10.3407 0.0000e+00
      8.165      0.065     0.3417      3.146    187.859 132.679849     8.0100     1.1357     0.0426     0.3384 1.1610e-01     2.0416      8.007     11.614    10.3349 0.0000e+00
      8.182      0.065     0.3438      3.169    188.196 132.889737     8.0100     1.1586     0.0426     0.3384 1.1610e-01     2.1768      8.023     11.637    10.3292 0.0000e+00
      8.198      0.064     0.3466      3.186    188.563 133.115054     8.0100     1.1586     0.0426     0.3384 1.1602e-01     2.2820      8.040     11.661    10.3237 0.0000e+00
      8.214      0.063     0.3495      3.193    188.911 133.322349     7.9200     1.1510     0.0426     0.3807 1.1612e-01     2.1768      8.056     11.684    10.3178 0.0000e+00
      8.230      0.063     0.3523      3.187    189.216 133.501225     7.9200     1.1510     0.0426     0.3807 1.1590e-01     2.2670      8.071     11.706    10.3114 0.0000e+00
      8.246      0.062     0.3550      3.169    189.511 133.677489     7.9200     1.1510     0.0426     0.3807 1.1602e-01     2.4925      8.087     11.729    10.3039 0.0000e+00
      8.262      0.061     0.3569      3.149    189.810 133.862323     7.9200     1.1586     0.0426     0.3807 1.1623e-01     2.4323      8.102     11.751    10.2949 0.0000e+00
      8.277      0.060     0.3577      3.131    190.110 134.051279     7.9200     1.1357     0.0426     0.3807 1.1633e-01     2.3873      8.117     11.773    10.2848 0.0000e+00
      8.292      0.060     0.3571      3.116    190.410 134.239021     7.9200     1.1281     0.0852     0.3807 1.1600e-01     2.5075      8.132     11.794    10.2751 0.0000e+00
      8.307      0.060     0.3553      3.108    190.666 134.392025     7.9200     1.1701     0.0852     0.3807 1.1625e-01     2.1768      8.147     11.816    10.2668 0.0000e+00
      8.322      0.060     0.3531      3.109    190.818 134.467501     7.9200     1.1434     0.0852     0.3807 1.1617e-01     2.2219      8.162     11.837    10.2598 0.0000e+00
      8.338      0.061     0.3512      3.116    190.809 134.427857     7.9200     1.1510     0.0852     0.3807 1.1607e-01     2.2069      8.177     11.859    10.2538 0.0000e+00
      8.353      0.061     0.3495      3.126    190.552 134.214753     7.9200     1.1510     0.0852     0.3384 1.1607e-01     2.1919      8.192     11.881    10.2474 0.0000e+00
      8.369      0.062     0.3486      3.137    189.924 133.741508     7.9200     1.1434     0.0852     0.3384 1.1625e-01     2.2370      8.207     11.903    10.2399 0.0000e+00
      8.385      0.063     0.3488      3.146    188.689 132.842114     7.9200     1.1357     0.0852     0.3384 1.1605e-01     2.2670      8.223     11.926    10.2315 0.0000e+00
      8.401      0.063     0.3497      3.149    186.418 131.217023     7.9200     1.1510     0.0852     0.3384 1.1620e-01     2.1317      8.238     11.948    10.2226 0.0000e+00
      8.417      0.063     0.3509      3.150    182.403 128.369185     8.0100     1.1434     0.0852     0.3807 1.1597e-01     2.2370      8.254     11.971    10.2137 0.0000e+00
      8.433      0.063     0.3522      3.152    175.501 123.497377     8.0100     1.2082     0.0852     0.3807 1.1620e-01     2.2219      8.270     11.994    10.2048 0.0000e+00
      8.449      0.063     0.3533      3.155    163.791 115.252691     8.0100     1.2273     0.0852     0.3807 1.1612e-01     2.2520      8.286     12.017    10.1959 0.0000e+00
      8.465      0.064     0.3538      3.159    143.940 101.295221     8.0100     1.2235     0.0852     0.3807 1.1617e-01     2.2370      8.301     12.039    10.1868 0.0000e+00
      8.480      0.065     0.3540      3.159    110.407  77.739757     8.0100     1.2235     0.0852     0.4230 1.1600e-01     2.2069      8.317     12.062    10.1778 0.0000e+00
      8.497      0.066     0.3542      3.155     54.055  38.185409     8.0100     1.1434     0.0852     0.4230 1.1600e-01     2.1618      8.332     12.085    10.1688 0.0000e+00
      8.514      0.068     0.3546      3.147    -40.315 -28.021151     8.0100     1.1281     0.0852     0.4230 1.1623e-01     2.3572      8.349     12.109    10.1590 0.0000e+00
      8.531      0.071     0.3551      3.136   -198.139 -138.710185     8.0100     1.1548     0.0852     0.4230 1.1623e-01     2.1919      8.366     12.134    10.1472 0.0000e+00
      8.549      0.075     0.3553      3.122   -462.055 -323.771041     8.0100     1.1510     0.0852     0.4230 1.1605e-01     2.1017      8.384     12.160    10.1337 0.0000e+00
      8.569      0.079     0.3550      3.104   -626.024 -438.792843     8.0100     1.1663     0.0852     0.3384 1.1612e-01     2.4173      8.403     12.187    10.1188 0.0000e+00
      8.589      0.082     0.3543      3.087   -457.344 -320.671749     8.0100     1.1357     0.0852     0.3384 1.1617e-01     2.4023      8.423     12.217    10.1027 0.0000e+00
      8.611      0.086     0.3532      3.072   -188.907 -132.634902     8.0100     1.1357     0.0852     0.3384 1.1623e-01     2.4023      8.445     12.248    10.0846 0.0000e+00
      8.634      0.088     0.3517      3.063    -26.974 -19.243375     8.0100     1.1510     0.0852     0.3384 1.1623e-01     2.5225      8.467     12.281    10.0637 0.0000e+00
      8.657      0.089     0.3499      3.059     71.015  49.338277     8.0100     1.1281     0.0852     0.3807 1.1628e-01     2.4323      8.490     12.314    10.0401 0.0000e+00
      8.681      0.089     0.3481      3.059    130.601  91.014096     8.0100     1.1434     0.0852     0.3807 1.1623e-01     2.4023      8.513     12.347    10.0147 0.0000e+00
      8.704      0.088     0.3466      3.058    167.103 116.523168     8.0100     1.1586     0.0852     0.3807 1.1620e-01     2.4774      8.536     12.380     9.9891 0.0000e+00
      8.726      0.086     0.3458      3.052    189.727 132.317324     8.0100     1.1663     0.0852     0.3807 1.1595e-01     2.4624      8.558     12.412     9.9647 0.0000e+00
      8.748      0.083     0.3456      3.041    204.061 142.313514     8.1000     1.2082     0.0852     0.4653 1.1607e-01     2.4474      8.579     12.443     9.9425 0.0000e+00
      8.769      0.081     0.3458      3.031    213.401 148.818782     8.1000     1.2082     0.0852     0.4653 1.1617e-01     2.4474      8.600     12.473     9.9231 0.0000e+00
      8.789      0.078     0.3458      3.024    219.521 153.073760     8.1000     1.2159     0.0852     0.4653 1.1623e-01     2.4624      8.619     12.501     9.9067 0.0000e+00
      8.809      0.076     0.3451      3.020    223.517 155.842514     8.1000     1.2044     0.0852     0.4653 1.1615e-01     2.4774      8.638     12.529     9.8935 0.0000e+00
      8.828      0.073     0.3440      3.019    226.252 157.727881     8.1000     1.1968     0.0852     0.4653 1.1612e-01     2.4624      8.657     12.556     9.8832 0.0000e+00
      8.846      0.070     0.3430      3.023    228.314 159.140963     8.1900     1.2082     0.1278     0.4653 1.1605e-01     2.5075      8.675     12.582     9.8753 0.0000e+00
      8.864      0.067     0.3422      3.029    229.992 160.285216     8.1900     1.2120     0.1278     0.4653 1.1597e-01     2.4624      8.693     12.607     9.8688 0.0000e+00
      8.881      0.064     0.3417      3.033    231.354 161.206710     8.1900     1.2082     0.1278     0.4653 1.1615e-01     2.5376      8.709     12.631     9.8627 0.0000e+00
      8.897      0.060     0.3417      3.037    232.277 161.822350     8.1900     1.2464     0.1278     0.4653 1.1612e-01     2.7480      8.724     12.653     9.8566 0.0000e+00
      8.911      0.056     0.3422      3.043    232.762 162.136869     8.2800     1.2769     0.0852     0.5922 1.1590e-01     2.5977      8.739     12.675     9.8505 0.0000e+00
