Data/DataNotYetUploadedToEDI/Raw_CTD/RawDownloads/100323_bvr50_S8188002.cnv
* Sea-Bird SBE19plus  Data File:
* FileName = C:\R\Reservoirs\Data\DataNotYetUploadedToEDI\Raw_CTD\RawDownloads\092623_bvr50_S8182_0002.hex
* Software version 2.8.0.119
* Temperature SN = 8188
* Conductivity SN = 8188
* System UpLoad Time = Oct 04 2023 13:50:10
* <ApplicationData>
* <Seaterm232>
# nquan = 16
# nvalues = 2177                        
# units = specified
# name 0 = depFM: Depth [fresh water, m]
# name 1 = dz/dtM: Descent Rate [m/s]
# name 2 = sbeox0Mg/L: Oxygen, SBE 43 [mg/l]
# name 3 = sbeox0PS: Oxygen, SBE 43 [% saturation]
# name 4 = specc: Specific Conductance [uS/cm]
# name 5 = c0uS/cm: Conductivity [uS/cm]
# name 6 = wetCDOM: Fluorescence, WET Labs CDOM [mg/m^3]
# name 7 = flECO-AFL: Fluorescence, WET Labs ECO-AFL/FL [mg/m^3]
# name 8 = flECO-AFL1: Fluorescence, WET Labs ECO-AFL/FL, 2 [mg/m^3]
# name 9 = flECO-AFL2: Fluorescence, WET Labs ECO-AFL/FL, 3 [mg/m^3]
# name 10 = par/sat/log: PAR/Logarithmic, Satlantic
# name 11 = turbWETntu0: Turbidity, WET Labs ECO [NTU]
# name 12 = prdM: Pressure, Strain Gauge [db]
# name 13 = prdE: Pressure, Strain Gauge [psi]
# name 14 = tv290C: Temperature [ITS-90, deg C]
# name 15 = flag:  0.000e+00
# span 0 =     -0.667,      9.091       
# span 1 =     -0.480,      0.124       
# span 2 =     0.1566,     7.1743       
# span 3 =      1.535,     80.027       
# span 4 =   -637.423,    241.490       
# span 5 =-505.532440, 168.138793       
# span 6 =    -4.5000,   367.2000       
# span 7 =    -0.4932,     8.0443       
# span 8 =    -2.1300,    41.1516       
# span 9 =    -2.0304,     7.9524       
# span 10 = 1.1577e-01, 1.1379e+03      
# span 11 =    -3.9404,   966.8561      
# span 12 =     -0.654,      8.916      
# span 13 =     -0.948,     12.930      
# span 14 =     9.7855,    21.7078      
# span 15 = 0.0000e+00, 0.0000e+00      
# interval = seconds: 0.25
# start_time = Oct 03 2023 11:31:24 [Instrument's time stamp, header]
# bad_flag = -9.990e-29
*END*
[from data line 904]
     -0.408     -0.194     6.9422     69.230     30.969  28.353710     2.4300     2.3374     0.0426     0.6345 8.9656e+02     2.2069     -0.400     -0.581    20.5981 0.0000e+00
     -0.454     -0.171     7.1743     64.257     29.186  26.719156     2.4300     2.3145     0.0426     0.5922 8.8591e+02     2.2219     -0.445     -0.645    20.6777 0.0000e+00
     -0.494     -0.148     7.0192     60.098     26.838  24.560010     2.4300     2.3183     0.0426     0.5922 9.3111e+02     2.2069     -0.484     -0.703    20.7277 0.0000e+00
     -0.530     -0.127     6.6423     56.926     24.316  22.236891     2.4300     2.3374     0.0426     0.5922 8.1357e+02     2.2670     -0.519     -0.753    20.7543 0.0000e+00
     -0.560     -0.107     6.1987     54.609     21.071  19.253098     2.4300     1.1548     0.0426     0.5922 7.1833e+02    -3.8352     -0.549     -0.796    20.7615 0.0000e+00
     -0.583     -0.088     5.7546     53.812     17.042  15.558913     0.8100     1.1472     0.2982     4.3992 7.1474e+02    -3.9404     -0.572     -0.830    20.7514 0.0000e+00
     -0.602     -0.071     5.3850     54.235     13.343  12.171764     0.8100     1.1510     0.2982     4.3992 6.2956e+02    -3.9104     -0.590     -0.856    20.7239 0.0000e+00
     -0.616     -0.056     5.1051     54.551     10.464   9.537788     0.8100     1.1548     0.2982     4.3992 3.1456e+02    -3.8953     -0.604     -0.877    20.6811 0.0000e+00
     -0.628     -0.044     4.9025     54.370      8.341   7.597388     0.8100    -0.1079     0.2982     4.3992 7.2744e+02    -0.4084     -0.615     -0.893    20.6300 0.0000e+00
     -0.636     -0.034     4.8362     53.989      6.938   6.315682     0.0000    -0.1460    -1.7892     0.0846 7.1879e+02    -0.5737     -0.624     -0.905    20.5796 0.0000e+00
     -0.643     -0.026     4.8787     53.719      6.128   5.574341     0.0000    -0.1422    -1.7892     0.0846 7.9886e+02    -0.5136     -0.631     -0.915    20.5360 0.0000e+00
     -0.648     -0.021     4.9105     53.885      5.717   5.197427     0.0000    -0.1193    -1.7892     0.0846 7.9040e+02    -0.4835     -0.636     -0.922    20.5012 0.0000e+00
     -0.653     -0.016     4.8969     54.492      5.472   4.971714     0.0000     1.1968    -1.7892     0.0846 7.0702e+02     5.4684     -0.640     -0.928    20.4747 0.0000e+00
     -0.656     -0.012     4.8645     55.126      5.232   4.751979     0.0000     1.2235     0.0426     0.3807 6.7534e+02     5.4985     -0.643     -0.933    20.4542 0.0000e+00
     -0.658     -0.010     4.8419     55.586      4.939   4.483582     0.0000     1.1892     0.0426     0.3807 6.1697e+02     5.4835     -0.646     -0.936    20.4374 0.0000e+00
     -0.660     -0.008     4.8583     55.954      4.597   4.172072     0.0000     1.2197     0.0426     0.3807 6.0554e+02     5.4684     -0.647     -0.939    20.4223 0.0000e+00
     -0.662     -0.006     4.9145     56.276      4.248   3.853028     0.0000    -0.0964     0.0426     0.3807 5.8333e+02     2.8832     -0.649     -0.941    20.4076 0.0000e+00
     -0.663     -0.005     4.9732     56.563      3.924   3.558039     0.0000    -0.1079     0.0426     0.3807 6.6978e+02     2.8983     -0.650     -0.942    20.3926 0.0000e+00
     -0.664     -0.004     5.0162     56.833      3.644   3.303357     0.0000    -0.1269    -0.2130     0.8883 7.1692e+02     2.9133     -0.651     -0.944    20.3769 0.0000e+00
     -0.664     -0.003     5.0512     57.104      3.409   3.088297     0.0000    -0.1384    -0.2130     0.8883 7.5203e+02     2.9133     -0.651     -0.945    20.3602 0.0000e+00
     -0.665     -0.002     5.0820     57.373      3.204   2.900988     0.0000     0.4949    -0.2130     0.8883 7.6871e+02     1.2299     -0.652     -0.946    20.3423 0.0000e+00
     -0.665     -0.002     5.1098     57.627      3.028   2.740914     0.0000     0.4949    -0.2130     0.8883 7.8271e+02     1.2750     -0.652     -0.946    20.3234 0.0000e+00
     -0.666     -0.001     5.1362     57.863      2.893   2.616798     0.0000     0.5139     0.0000    -0.1269 7.8663e+02     1.3051     -0.653     -0.947    20.3037 0.0000e+00
     -0.666     -0.001     5.1627     58.084      2.788   2.521248     0.0000     0.5292     0.0000    -0.1269 7.9349e+02     1.2901     -0.653     -0.947    20.2834 0.0000e+00
     -0.666     -0.001     5.1892     58.289      2.707   2.446579     0.0000    -0.1231     0.0000    -0.1269 7.9401e+02     1.9965     -0.653     -0.947    20.2630 0.0000e+00
     -0.666     -0.001     5.2142     58.476      2.657   2.400561     0.0000    -0.1079     0.0000    -0.1269 7.8937e+02     1.9814     -0.653     -0.948    20.2426 0.0000e+00
     -0.667     -0.000     5.2377     58.638      2.645   2.388719     0.0000    -0.1193    -0.6390     0.7191 7.8288e+02     2.0265     -0.654     -0.948    20.2222 0.0000e+00
     -0.667     -0.000     5.2598     58.780      2.661   2.401961     0.0000    -0.1117    -0.6390     0.7191 7.8033e+02     1.9514     -0.654     -0.948    20.2020 0.0000e+00
     -0.667     -0.000     5.2805     58.906      2.687   2.424047     0.0000     0.6246    -0.6390     0.7191 7.1195e+02     2.4774     -0.654     -0.948    20.1820 0.0000e+00
     -0.667 -1.003e-09     5.2995     59.016      2.718   2.450981     0.0000     0.6284    -0.6390     0.7191 6.7857e+02     2.5526     -0.654     -0.948    20.1622 0.0000e+00
     -0.667 -1.290e-09     5.3162     59.117      2.763   2.489944     0.0000     0.6284     0.0000    -0.0846 6.9032e+02     2.4624     -0.654     -0.948    20.1425 0.0000e+00
     -0.667 -1.659e-09     5.3312     59.213      2.836   2.555280     0.0000     0.5979     0.0000    -0.0846 6.9665e+02     2.4323     -0.654     -0.948    20.1229 0.0000e+00
     -0.667 -2.133e-09     5.3446     59.304      2.941   2.648596     0.0000     0.0600     0.0000    -0.0846 7.4617e+02    -1.0246     -0.654     -0.948    20.1035 0.0000e+00
     -0.667 -2.742e-09     5.3567     59.395      3.041   2.737432     0.0000     0.0676     0.0000    -0.0846 7.3363e+02    -1.0246     -0.654     -0.948    20.0841 0.0000e+00
     -0.667 -3.525e-09     5.3679     59.482      3.096   2.786160     0.0000     0.0714     0.0000    -0.0846 7.7408e+02    -0.9344     -0.654     -0.948    20.0648 0.0000e+00
     -0.667 -4.533e-09     5.3787     59.561      3.089   2.778114     0.0000     0.0600    -0.8520    -0.6345 8.2497e+02    -0.9795     -0.654     -0.948    20.0455 0.0000e+00
     -0.667 -5.828e-09     5.3890     59.635      3.026   2.721034     0.0000    -0.1498    -0.8520    -0.6345 8.6517e+02    -0.3783     -0.654     -0.948    20.0264 0.0000e+00
     -0.667 -7.493e-09     5.3993     59.706      2.950   2.651111     0.0000    -0.1269    -0.8520    -0.6345 8.8380e+02    -0.4985     -0.654     -0.948    20.0073 0.0000e+00
     -0.667 -9.634e-09     5.4092     59.778      2.906   2.610993     0.0000    -0.1155    -0.8520    -0.6345 8.9598e+02    -0.3933     -0.654     -0.948    19.9883 0.0000e+00
     -0.667 -1.239e-08     5.4184     59.852      2.928   2.629529     0.0000    -0.1041    -0.0426     0.1692 9.0734e+02    -0.4685     -0.654     -0.948    19.9695 0.0000e+00
     -0.667 -1.593e-08     5.4272     59.923      3.021   2.711661     0.0000    -0.1155    -0.0426     0.1692 8.9793e+02    -0.4685     -0.654     -0.948    19.9509 0.0000e+00
     -0.667 -2.048e-08     5.4357     59.985      3.141   2.817995     0.0000    -0.1002    -0.0426     0.1692 8.7102e+02    -0.3933     -0.654     -0.948    19.9325 0.0000e+00
     -0.667 -2.633e-08     5.4442     60.042      3.213   2.881976     0.0000    -0.1269    -0.0426     0.1692 8.3943e+02    -0.3933     -0.654     -0.948    19.9142 0.0000e+00
     -0.667 -3.385e-08     5.4529     60.094      3.202   2.871231     0.0000    -0.1384     0.0426    -0.0846 8.4291e+02    -0.3482     -0.654     -0.948    19.8961 0.0000e+00
     -0.667 -4.352e-08     5.4613     60.141      3.122   2.798715     0.0000    -0.1193     0.0426    -0.0846 8.7824e+02    -0.4985     -0.654     -0.948    19.8782 0.0000e+00
     -0.667 -5.595e-08     5.4689     60.188      3.012   2.698478     0.0000    -0.1498     0.0426    -0.0846 9.4128e+02    -0.4084     -0.654     -0.948    19.8606 0.0000e+00
     -0.667 -7.194e-08     5.4760     60.233      2.911   2.607064     0.0000    -0.1384     0.0426    -0.0846 1.0161e+03    -0.4835     -0.654     -0.948    19.8431 0.0000e+00
     -0.667 -9.249e-08     5.4826     60.270      2.848   2.549527     0.0000    -0.0888    -0.0852     0.2115 1.0387e+03    -0.4534     -0.654     -0.948    19.8258 0.0000e+00
     -0.667 -1.189e-07     5.4888     60.303      2.847   2.548094     0.0000    -0.1117    -0.0852     0.2115 1.0319e+03    -0.4084     -0.654     -0.948    19.8086 0.0000e+00
     -0.666 -1.529e-07     5.4950     60.340      2.916   2.608313     0.0000    -0.1231    -0.0852     0.2115 9.9556e+02    -0.4835     -0.653     -0.948    19.7915 0.0000e+00
     -0.666 -1.966e-07     5.5009     60.384      3.009   2.690880     0.0000    -0.1193    -0.0852     0.2115 9.5033e+02    -0.5136     -0.653     -0.948    19.7746 0.0000e+00
     -0.666 -2.527e-07     5.5061     60.431      3.079   2.752560     0.0000    -0.1422    -0.0852     0.2115 9.0105e+02    -0.4835     -0.653     -0.948    19.7578 0.0000e+00
     -0.666 -3.250e-07     5.5110     60.478      3.107   2.776189     0.0000    -0.1079     0.0000     0.0846 9.8652e+02    -0.3783     -0.653     -0.948    19.7413 0.0000e+00
     -0.666 -4.178e-07     5.5162     60.524      3.087   2.758179     0.0000    -0.1346     0.0000     0.0846 8.9949e+02    -0.4985     -0.653     -0.948    19.7249 0.0000e+00
     -0.666 -4.178e-07     5.5219     60.570      3.052   2.725366     0.0000    -0.1422     0.0000     0.0846 8.6086e+02    -0.4534     -0.653     -0.948    19.7088 0.0000e+00
     -0.666 -3.249e-07     5.5280     60.619      3.054   2.726341     0.0000    -0.1269     0.0000     0.0846 8.8591e+02    -0.3933     -0.653     -0.947    19.6928 0.0000e+00
     -0.666 -2.527e-07     5.5340     60.677      3.121   2.785093     0.0000    -0.1422     0.0426     0.1269 9.9968e+02    -0.3482     -0.653     -0.947    19.6770 0.0000e+00
     -0.666 -1.966e-07     5.5400     60.734      3.215   2.867854     0.0000    -0.1536     0.0426     0.1269 1.0328e+03    -0.4084     -0.653     -0.947    19.6614 0.0000e+00
     -0.666 -1.529e-07     5.5459     60.786      3.263   2.909693     0.0000    -0.1346     0.0426     0.1269 1.0366e+03    -0.4534     -0.653     -0.947    19.6459 0.0000e+00
     -0.666 -1.189e-07     5.5521     60.832      3.231   2.880243     0.0000    -0.1536     0.0426     0.1269 1.0086e+03    -0.4534     -0.653     -0.947    19.6304 0.0000e+00
     -0.666 -9.250e-08     5.5591     60.873      3.143   2.801311     0.0000    -0.0964     0.0000    -0.5076 9.9448e+02    -0.4534     -0.653     -0.947    19.6151 0.0000e+00
     -0.666 -7.194e-08     5.5660     60.908      3.043   2.711168     0.0000    -0.1460     0.0000    -0.5076 9.9968e+02    -0.4534     -0.653     -0.947    19.5999 0.0000e+00
     -0.666 -5.595e-08     5.5724     60.939      2.963   2.639162     0.0000    -0.1269     0.0000    -0.5076 1.0021e+03    -0.3783     -0.653     -0.947    19.5849 0.0000e+00
     -0.666 -4.352e-08     5.5784     60.966      2.942   2.619479     0.0000    -0.1460     0.0000    -0.5076 9.9017e+02    -0.4084     -0.653     -0.947    19.5701 0.0000e+00
     -0.666 -3.385e-08     5.5837     60.993      3.007   2.676531     0.0000    -0.1384    -0.6390     0.2115 9.9232e+02    -0.5436     -0.653     -0.947    19.5554 0.0000e+00
     -0.666 -2.633e-08     5.5886     61.019      3.114   2.770165     0.0000    -0.1346    -0.6390     0.2115 9.9038e+02    -0.3933     -0.653     -0.947    19.5409 0.0000e+00
     -0.666 -2.048e-08     5.5930     61.042      3.180   2.828464     0.0000    -0.1155    -0.6390     0.2115 9.8267e+02    -0.3633     -0.653     -0.947    19.5264 0.0000e+00
     -0.666 -1.593e-08     5.5971     61.064      3.173   2.821495     0.0000    -0.1155    -0.6390     0.2115 9.8759e+02    -0.4534     -0.653     -0.947    19.5121 0.0000e+00
     -0.666 -1.239e-08     5.6011     61.092      3.106   2.761241     0.0000    -0.1193    -0.6390     0.2115 1.0071e+03    -0.4084     -0.653     -0.947    19.4981 0.0000e+00
     -0.666 -9.635e-09     5.6051     61.130      3.014   2.679090     0.0000    -0.1422     0.1278    -0.5499 9.9773e+02    -0.3783     -0.653     -0.947    19.4843 0.0000e+00
     -0.666 -7.494e-09     5.6087     61.168      2.934   2.606523     0.0000    -0.1269     0.1278    -0.5499 9.6636e+02    -0.4985     -0.653     -0.947    19.4708 0.0000e+00
     -0.666 -5.828e-09     5.6122     61.198      2.893   2.569666     0.0000    -0.1308     0.1278    -0.5499 9.2285e+02    -0.4234     -0.653     -0.947    19.4574 0.0000e+00
     -0.666 -4.533e-09     5.6163     61.224      2.922   2.594281     0.0000    -0.1575     0.1278    -0.5499 8.6405e+02    -0.4084     -0.653     -0.947    19.4442 0.0000e+00
     -0.666 -3.525e-09     5.6213     61.249      3.009   2.671115     0.0000    -0.1079     0.0000     0.0423 7.2397e+02    -0.4534     -0.653     -0.947    19.4311 0.0000e+00
     -0.666 -2.742e-09     5.6263     61.275      3.091   2.743542     0.0000    -0.1498     0.0000     0.0423 8.5045e+02    -0.4534     -0.653     -0.947    19.4182 0.0000e+00
     -0.665 -2.133e-09     5.6305     61.301      3.113   2.761670     0.0000    -0.1422     0.0000     0.0423 8.1907e+02    -0.4835     -0.653     -0.946    19.4054 0.0000e+00
     -0.665 -1.659e-09     5.6343     61.324      3.065   2.718469     0.0000    -0.1842     0.0000     0.0423 7.7526e+02    -0.2280     -0.653     -0.946    19.3927 0.0000e+00
     -0.665 -1.290e-09     5.6380     61.346      2.984   2.645920     0.0000    -0.1651    -0.0852     0.0000 7.3251e+02    -0.2280     -0.653     -0.946    19.3803 0.0000e+00
     -0.665 -1.003e-09     5.6418     61.374      2.913   2.582018     0.0000    -0.1842    -0.0852     0.0000 6.1536e+02    -0.2280     -0.653     -0.946    19.3681 0.0000e+00
     -0.665 -7.804e-10     5.6455     61.410      2.877   2.549269     0.0000    -0.1918    -0.0852     0.0000 6.2533e+02    -0.1979     -0.653     -0.946    19.3560 0.0000e+00
     -0.665 -6.070e-10     5.6489     61.447      2.899   2.568600     0.0000    -0.4779    -0.0852     0.0000 6.3107e+02    -0.4685     -0.653     -0.946    19.3442 0.0000e+00
     -0.665 -4.721e-10     5.6523     61.482      2.980   2.639232     0.0000    -0.4932    -0.1704     0.6345 6.3685e+02    -0.4234     -0.653     -0.946    19.3324 0.0000e+00
     -0.665 -3.672e-10     5.6563     61.512      3.063   2.712773     0.0000    -0.4779    -0.1704     0.6345 6.2970e+02    -0.4985     -0.653     -0.946    19.3207 0.0000e+00
     -0.666 -2.856e-10     5.6609     61.538      3.090   2.735674     0.0000    -0.4893    -0.1704     0.6345 6.1136e+02    -0.4384     -0.653     -0.947    19.3093 0.0000e+00
     -0.666 -2.221e-10     5.6656     61.569      3.046   2.696245     0.0000    -0.3711    -0.1704     0.6345 6.0699e+02     0.3281     -0.653     -0.947    19.2980 0.0000e+00
     -0.665 -1.728e-10     5.6701     61.598      2.962   2.621541     0.0000    -0.3749    -0.1704     0.6345 6.1163e+02     0.3582     -0.653     -0.947    19.2869 0.0000e+00
     -0.665 -1.344e-10     5.6740     61.616      2.874   2.543051     0.0000    -0.3482    -0.9798     2.3265 6.1096e+02     0.3732     -0.653     -0.946    19.2759 0.0000e+00
     -0.665 -1.045e-10     5.6777     61.625      2.796   2.473458     0.0000    -0.3863    -0.9798     2.3265 6.9574e+02     0.2830     -0.653     -0.946    19.2651 0.0000e+00
     -0.665 -8.130e-11     5.6818     61.633      2.745   2.427820     0.0000     0.6970    -0.9798     2.3265 6.5924e+02     4.3261     -0.653     -0.946    19.2544 0.0000e+00
     -0.665 -6.323e-11     5.6857     61.644      2.757   2.437464     0.0000     0.6665    -0.9798     2.3265 7.8288e+02     4.3261     -0.653     -0.946    19.2439 0.0000e+00
