Data/DataNotYetUploadedToEDI/Raw_CTD/RawDownloads/100323_fcr50_S8188003.cnv
* Sea-Bird SBE19plus  Data File:
* FileName = C:\R\Reservoirs\Data\DataNotYetUploadedToEDI\Raw_CTD\RawDownloads\092623_bvr50_S8182_0003.hex
* Software version 2.8.0.119
* Temperature SN = 8188
* Conductivity SN = 8188
* System UpLoad Time = Oct 04 2023 13:50:33
* <ApplicationData>
* <Seaterm232>
# nquan = 16
# nvalues = 1523                        
# units = specified
# name 0 = depFM: Depth [fresh water, m]
# name 1 = dz/dtM: Descent Rate [m/s]
# name 2 = sbeox0Mg/L: Oxygen, SBE 43 [mg/l]
# name 3 = sbeox0PS: Oxygen, SBE 43 [% saturation]
# name 4 = specc: Specific Conductance [uS/cm]
# name 5 = c0uS/cm: Conductivity [uS/cm]
# name 6 = wetCDOM: Fluorescence, WET Labs CDOM [mg/m^3]
# name 7 = flECO-AFL: Fluorescence, WET Labs ECO-AFL/FL [mg/m^3]
# name 8 = flECO-AFL1: Fluorescence, WET Labs ECO-AFL/FL, 2 [mg/m^3]
# name 9 = flECO-AFL2: Fluorescence, WET Labs ECO-AFL/FL, 3 [mg/m^3]
# name 10 = par/sat/log: PAR/Logarithmic, Satlantic
# name 11 = turbWETntu0: Turbidity, WET Labs ECO [NTU]
# name 12 = prdM: Pressure, Strain Gauge [db]
# name 13 = prdE: Pressure, Strain Gauge [psi]
# name 14 = tv290C: Temperature [ITS-90, deg C]
# name 15 = flag:  0.000e+00
# span 0 =     -0.496,      9.461       
# span 1 =     -0.299,      0.087       
# span 2 =     0.2844,     6.2161       
# span 3 =      2.747,     69.781       
# span 4 =     43.636,    456.787       
# span 5 =  38.251888, 339.611471       
# span 6 =    -4.5000,     4.6800       
# span 7 =    -0.1498,     6.0606       
# span 8 =    -2.1300,     2.0874       
# span 9 =    -2.0304,     4.0185       
# span 10 = 1.1587e-01, 2.3590e+03      
# span 11 =    -0.6188,   448.4516      
# span 12 =     -0.486,      9.279      
# span 13 =     -0.705,     13.457      
# span 14 =    12.1240,    21.6232      
# span 15 = 0.0000e+00, 0.0000e+00      
# interval = seconds: 0.25
# start_time = Oct 03 2023 13:21:19 [Instrument's time stamp, header]
# bad_flag = -9.990e-29
*END*
[from data line 995]
      7.731      0.051     2.4689     23.089     63.982  47.652380     4.3200     0.2431     0.3408     0.1692 1.1612e-01    16.8312      7.582     10.996    12.2377 0.0000e+00
      7.745      0.051     2.4743     23.033     63.985  47.654510     4.3200     0.2507     0.3408     0.1692 1.1595e-01    16.8613      7.595     11.015    12.2372 0.0000e+00
      7.758      0.051     2.4785     22.987     63.982  47.651696     4.2300     0.2431     0.2982     0.1692 1.1617e-01    16.8312      7.607     11.034    12.2367 0.0000e+00
      7.770      0.051     2.4788     22.960     63.981  47.651114     4.2300     0.2278     0.2982     0.1692 1.1600e-01    16.7410      7.620     11.052    12.2363 0.0000e+00
      7.783      0.050     2.4746     22.950     63.984  47.652610     4.2300     0.1821     0.2982     0.1692 1.1620e-01    16.1098      7.633     11.070    12.2360 0.0000e+00
      7.796      0.050     2.4686     22.955     63.984  47.652619     4.2300     0.1744     0.2982     0.1692 1.1610e-01    16.0947      7.645     11.088    12.2357 0.0000e+00
      7.809      0.049     2.4636     22.974     63.983  47.651143     4.3200     0.1592     0.3408     0.2115 1.1610e-01    16.1999      7.658     11.106    12.2355 0.0000e+00
      7.821      0.048     2.4608     22.990     63.978  47.647789     4.3200     0.1706     0.3408     0.2115 1.1597e-01    16.1699      7.670     11.124    12.2354 0.0000e+00
      7.834      0.047     2.4597     22.995     63.975  47.645625     4.3200     0.2584     0.3408     0.2115 1.1612e-01    16.7561      7.682     11.142    12.2352 0.0000e+00
      7.846      0.046     2.4603     22.988     63.984  47.652003     4.3200     0.2355     0.3408     0.2115 1.1612e-01    16.6058      7.694     11.159    12.2351 0.0000e+00
      7.857      0.045     2.4623     22.976     64.001  47.664659     4.3200     0.2164     0.3408     0.2115 1.1600e-01    16.5607      7.705     11.176    12.2350 0.0000e+00
      7.869      0.044     2.4640     22.973     64.015  47.675077     4.2300     0.2507     0.3408     0.0846 1.1602e-01    16.6509      7.716     11.192    12.2349 0.0000e+00
      7.880      0.043     2.4645     22.982     64.024  47.682073     4.2300     0.2545     0.3408     0.0846 1.1615e-01    16.8012      7.727     11.207    12.2348 0.0000e+00
      7.891      0.043     2.4639     22.991     64.026  47.683547     4.2300     0.2431     0.3408     0.0846 1.1607e-01    16.7861      7.738     11.223    12.2348 0.0000e+00
      7.901      0.042     2.4626     22.999     64.021  47.679895     4.2300     0.2584     0.3408     0.0846 1.1612e-01    16.8462      7.749     11.238    12.2348 0.0000e+00
      7.912      0.042     2.4623     23.011     64.019  47.678067     4.2300     0.2660     0.3834     0.1692 1.1600e-01    16.9064      7.759     11.254    12.2348 0.0000e+00
      7.923      0.042     2.4632     23.025     64.023  47.681541     4.2300     0.1935     0.3834     0.1692 1.1612e-01    16.1999      7.770     11.269    12.2348 0.0000e+00
      7.934      0.042     2.4642     23.027     64.031  47.687280     4.2300     0.1782     0.3834     0.1692 1.1612e-01    16.0647      7.780     11.284    12.2347 0.0000e+00
      7.944      0.042     2.4650     23.012     64.033  47.688886     4.2300     0.2088     0.3834     0.1692 1.1620e-01    16.0947      7.791     11.299    12.2347 0.0000e+00
      7.955      0.043     2.4663     22.993     64.025  47.682825     4.2300     0.1706     0.3408     0.0846 1.1612e-01    16.0647      7.802     11.315    12.2346 0.0000e+00
      7.966      0.043     2.4678     22.984     64.010  47.671443     4.2300     0.2507     0.3408     0.0846 1.1605e-01    16.5757      7.812     11.331    12.2346 0.0000e+00
      7.977      0.043     2.4680     22.989     63.994  47.659634     4.2300     0.2164     0.3408     0.0846 1.1605e-01    16.5907      7.823     11.346    12.2346 0.0000e+00
      7.988      0.042     2.4665     22.994     63.984  47.652173     4.2300     0.2507     0.3408     0.0846 1.1620e-01    16.6509      7.834     11.362    12.2346 0.0000e+00
      7.999      0.042     2.4644     22.995     63.977  47.647073     4.2300     0.2507     0.3408     0.2115 1.1605e-01    16.6358      7.844     11.377    12.2346 0.0000e+00
      8.010      0.042     2.4634     22.995     63.966  47.639008     4.2300     0.2355     0.3408     0.2115 1.1617e-01    16.5456      7.855     11.392    12.2346 0.0000e+00
      8.020      0.042     2.4639     22.987     63.959  47.633757     4.2300     0.2698     0.3408     0.2115 1.1612e-01    16.6208      7.865     11.407    12.2347 0.0000e+00
      8.031      0.043     2.4644     22.967     63.965  47.637845     4.2300     0.2355     0.3408     0.2115 1.1615e-01    16.6809      7.876     11.422    12.2347 0.0000e+00
      8.042      0.043     2.4646     22.939     63.984  47.652363     4.2300     0.2584     0.3408     0.2115 1.1612e-01    16.5607      7.886     11.438    12.2346 0.0000e+00
      8.053      0.044     2.4646     22.918     64.007  47.669290     4.2300     0.2469     0.3834     0.1269 1.1600e-01    16.3653      7.897     11.454    12.2346 0.0000e+00
      8.065      0.044     2.4638     22.915     64.017  47.677288     4.2300     0.2469     0.3834     0.1269 1.1607e-01    16.3202      7.908     11.470    12.2346 0.0000e+00
      8.076      0.045     2.4616     22.930     64.019  47.678489     4.2300     0.2584     0.3834     0.1269 1.1602e-01    16.3653      7.920     11.487    12.2346 0.0000e+00
      8.088      0.044     2.4586     22.944     64.017  47.677177     4.2300     0.2164     0.3834     0.1269 1.1607e-01    16.3653      7.931     11.503    12.2346 0.0000e+00
      8.099      0.044     2.4563     22.958     64.017  47.676965     4.3200     0.2431     0.3834     0.1692 1.1612e-01    16.5607      7.942     11.520    12.2346 0.0000e+00
      8.110      0.043     2.4561     22.976     64.019  47.677798     4.3200     0.2584     0.3834     0.1692 1.1623e-01    16.5607      7.953     11.536    12.2346 0.0000e+00
      8.121      0.042     2.4576     22.990     64.016  47.675932     4.3200     0.2355     0.3834     0.1692 1.1612e-01    16.5456      7.964     11.551    12.2346 0.0000e+00
      8.132      0.040     2.4592     22.993     64.014  47.674836     4.3200     0.2202     0.3834     0.1692 1.1605e-01    16.5306      7.974     11.566    12.2346 0.0000e+00
      8.142      0.039     2.4607     22.982     64.018  47.678178     4.3200     0.2431     0.3408     0.1692 1.1600e-01    16.0346      7.984     11.580    12.2347 0.0000e+00
      8.151      0.039     2.4626     22.965     64.024  47.682888     4.3200     0.2698     0.3408     0.1692 1.1600e-01    16.1098      7.994     11.594    12.2347 0.0000e+00
      8.161      0.039     2.4640     22.957     64.024  47.682295     4.3200     0.2202     0.3408     0.1692 1.1605e-01    16.0947      8.003     11.607    12.2348 0.0000e+00
      8.170      0.039     2.4643     22.962     64.010  47.672276     4.3200     0.2431     0.3408     0.1692 1.1600e-01    16.0797      8.012     11.621    12.2349 0.0000e+00
      8.180      0.040     2.4631     22.966     63.992  47.658088     4.3200     0.2469     0.3408     0.0846 1.1605e-01    16.1398      8.022     11.635    12.2350 0.0000e+00
      8.190      0.041     2.4613     22.964     63.983  47.651800     4.3200     0.2355     0.3408     0.0846 1.1607e-01    16.0797      8.032     11.649    12.2351 0.0000e+00
      8.201      0.042     2.4605     22.959     63.989  47.655699     4.3200     0.2278     0.3408     0.0846 1.1610e-01    16.1248      8.043     11.664    12.2351 0.0000e+00
      8.212      0.043     2.4610     22.952     63.999  47.662898     4.3200     0.2469     0.3408     0.0846 1.1602e-01    16.0346      8.053     11.680    12.2350 0.0000e+00
      8.223      0.043     2.4614     22.950     64.011  47.671353     4.3200     0.2736     0.3408     0.0846 1.1620e-01    16.3953      8.064     11.696    12.2349 0.0000e+00
      8.235      0.043     2.4612     22.954     64.021  47.679355     4.3200     0.2278     0.3408     0.2115 1.1617e-01    16.3202      8.075     11.712    12.2347 0.0000e+00
      8.246      0.042     2.4607     22.962     64.024  47.681110     4.3200     0.2584     0.3408     0.2115 1.1600e-01    16.4254      8.087     11.728    12.2345 0.0000e+00
      8.256      0.040     2.4600     22.973     64.018  47.677088     4.3200     0.2545     0.3408     0.2115 1.1605e-01    16.3953      8.097     11.743    12.2343 0.0000e+00
      8.266      0.039     2.4598     22.988     64.013  47.674142     4.3200     0.2622     0.3408     0.2115 1.1617e-01    16.3653      8.107     11.758    12.2342 0.0000e+00
      8.276      0.038     2.4602     22.998     64.014  47.675451     4.2300     0.2431     0.3408     0.1269 1.1602e-01    16.3352      8.116     11.771    12.2341 0.0000e+00
      8.285      0.038     2.4610     22.994     64.016  47.677401     4.2300     0.2584     0.3408     0.1269 1.1597e-01    16.3202      8.125     11.784    12.2342 0.0000e+00
      8.294      0.038     2.4622     22.979     64.014  47.676546     4.2300     0.2240     0.3408     0.1269 1.1617e-01    16.4104      8.134     11.797    12.2345 0.0000e+00
      8.303      0.039     2.4638     22.954     64.015  47.676624     4.2300     0.2278     0.3408     0.1269 1.1587e-01    16.2601      8.143     11.810    12.2350 0.0000e+00
      8.314      0.041     2.4648     22.916     64.016  47.677655     4.2300     0.2507     0.3408     0.0846 1.1612e-01    16.6058      8.153     11.825    12.2355 0.0000e+00
      8.324      0.042     2.4644     22.875     64.020  47.679914     4.2300     0.2355     0.3408     0.0846 1.1612e-01    16.5907      8.163     11.840    12.2359 0.0000e+00
      8.335      0.044     2.4628     22.844     64.031  47.687966     4.2300     0.2393     0.3408     0.0846 1.1605e-01    16.6509      8.174     11.855    12.2360 0.0000e+00
      8.347      0.046     2.4602     22.830     64.042  47.696032     4.2300     0.2355     0.3408     0.0846 1.1612e-01    16.6959      8.185     11.872    12.2359 0.0000e+00
      8.359      0.047     2.4561     22.832     64.040  47.694371     4.2300     0.2507     0.3834     0.1269 1.1612e-01    16.5156      8.197     11.889    12.2358 0.0000e+00
      8.371      0.047     2.4517     22.846     64.030  47.686505     4.2300     0.2431     0.3834     0.1269 1.1628e-01    16.5607      8.209     11.907    12.2357 0.0000e+00
      8.384      0.048     2.4484     22.864     64.030  47.686190     4.2300     0.2278     0.3834     0.1269 1.1597e-01    16.5907      8.221     11.924    12.2355 0.0000e+00
      8.396      0.048     2.4468     22.878     64.040  47.693342     4.2300     0.2660     0.3834     0.1269 1.1612e-01    16.7410      8.233     11.942    12.2353 0.0000e+00
      8.408      0.048     2.4471     22.889     64.046  47.697977     4.2300     0.2240     0.3834     0.1269 1.1617e-01    16.5607      8.245     11.959    12.2351 0.0000e+00
      8.420      0.048     2.4486     22.900     64.045  47.697368     4.2300     0.2431     0.3408     0.1269 1.1612e-01    16.6058      8.257     11.976    12.2348 0.0000e+00
      8.432      0.048     2.4505     22.916     64.037  47.691353     4.2300     0.2507     0.3408     0.1269 1.1600e-01    16.6509      8.269     11.994    12.2346 0.0000e+00
      8.445      0.048     2.4521     22.935     64.025  47.682292     4.2300     0.2393     0.3408     0.1269 1.1602e-01    16.6058      8.281     12.011    12.2344 0.0000e+00
      8.457      0.048     2.4533     22.949     64.017  47.675694     4.2300     0.2431     0.3408     0.1269 1.1605e-01    16.6959      8.294     12.029    12.2342 0.0000e+00
      8.469      0.048     2.4545     22.958     64.014  47.673764     4.3200     0.2240     0.3408     0.0846 1.1605e-01    16.5156      8.306     12.046    12.2341 0.0000e+00
      8.481      0.047     2.4562     22.958     64.012  47.672025     4.3200     0.2507     0.3408     0.0846 1.1600e-01    16.6959      8.317     12.063    12.2340 0.0000e+00
      8.493      0.047     2.4582     22.945     64.004  47.666047     4.3200     0.2431     0.3408     0.0846 1.1600e-01    16.5757      8.329     12.080    12.2340 0.0000e+00
      8.505      0.047     2.4598     22.922     63.999  47.662165     4.3200     0.1782     0.3408     0.0846 1.1607e-01    16.3502      8.341     12.098    12.2340 0.0000e+00
      8.517      0.046     2.4607     22.890     64.006  47.667271     4.3200     0.1859     0.3408     0.0846 1.1597e-01    16.3352      8.353     12.115    12.2340 0.0000e+00
      8.529      0.046     2.4606     22.857     64.016  47.674798     4.3200     0.1782     0.3408     0.0846 1.1600e-01    16.3202      8.364     12.131    12.2340 0.0000e+00
      8.540      0.045     2.4593     22.838     64.022  47.678827     4.3200     0.2011     0.3408     0.0846 1.1602e-01    16.2300      8.376     12.148    12.2339 0.0000e+00
      8.552      0.045     2.4568     22.834     64.018  47.676469     4.3200     0.2316     0.3408     0.0846 1.1595e-01    16.3202      8.387     12.164    12.2338 0.0000e+00
      8.563      0.045     2.4534     22.834     64.006  47.667095     4.3200     0.2240     0.3408     0.0846 1.1605e-01    16.4104      8.397     12.179    12.2337 0.0000e+00
      8.574      0.045     2.4499     22.834     63.991  47.656132     4.3200     0.2355     0.3408     0.0846 1.1610e-01    16.3953      8.408     12.195    12.2337 0.0000e+00
      8.585      0.045     2.4478     22.841     63.980  47.648584     4.3200     0.2393     0.3408     0.0846 1.1600e-01    16.3052      8.420     12.212    12.2337 0.0000e+00
      8.597      0.046     2.4474     22.853     63.983  47.650365     4.3200     0.2469     0.3408     0.0846 1.1610e-01    16.8012      8.431     12.228    12.2337 0.0000e+00
      8.608      0.047     2.4474     22.864     63.993  47.657987     4.3200     0.2507     0.3408     0.0846 1.1607e-01    16.7561      8.442     12.244    12.2338 0.0000e+00
      8.620      0.048     2.4474     22.867     64.003  47.665555     4.2300     0.2545     0.3408     0.2115 1.1590e-01    16.7861      8.454     12.261    12.2339 0.0000e+00
      8.633      0.049     2.4481     22.865     64.010  47.671123     4.2300     0.2584     0.3408     0.2115 1.1610e-01    16.8162      8.466     12.279    12.2340 0.0000e+00
      8.645      0.049     2.4494     22.871     64.006  47.668249     4.2300     0.3003     0.3408     0.2115 1.1605e-01    16.8312      8.478     12.297    12.2341 0.0000e+00
      8.658      0.049     2.4506     22.885     63.996  47.660130     4.2300     0.3003     0.3408     0.2115 1.1595e-01    16.7410      8.491     12.315    12.2341 0.0000e+00
      8.671      0.048     2.4509     22.899     63.996  47.660455     4.2300     0.3308     0.3408     0.1692 1.1607e-01    16.8012      8.504     12.334    12.2341 0.0000e+00
      8.684      0.047     2.4507     22.909     64.014  47.673274     4.2300     0.3156     0.3408     0.1692 1.1602e-01    16.7861      8.516     12.352    12.2341 0.0000e+00
      8.696      0.046     2.4513     22.915     64.031  47.686152     4.2300     0.2507     0.3408     0.1692 1.1612e-01    16.8162      8.528     12.369    12.2341 0.0000e+00
      8.708      0.044     2.4528     22.919     64.032  47.686669     4.2300     0.2278     0.3408     0.1692 1.1612e-01    16.7260      8.539     12.385    12.2341 0.0000e+00
      8.718      0.042     2.4544     22.924     64.016  47.674963     4.3200     0.2507     0.3408     0.1269 1.1610e-01    16.8162      8.550     12.400    12.2340 0.0000e+00
      8.728      0.040     2.4554     22.927     63.996  47.659803     4.3200     0.2355     0.3408     0.1269 1.1607e-01    16.7410      8.560     12.415    12.2340 0.0000e+00
