Data/DataNotYetUploadedToEDI/Raw_CTD/RawDownloads/100323_fcr50_S7809003.cnv
* Sea-Bird SBE19plus  Data File:
* FileName = C:\R\Reservoirs\Data\DataNotYetUploadedToEDI\Raw_CTD\RawDownloads\092623_bvr50_S7809_0003.hex
* Software version 2.8.0.119
* Temperature SN = 7809
* Conductivity SN = 7809
* System UpLoad Time = Oct 05 2023 10:03:07
* <ApplicationData>
* <Seaterm232>
# nquan = 15
# nvalues = 1905                        
# units = specified
# name 0 = depFM: Depth [fresh water, m]
# name 1 = dz/dtM: Descent Rate [m/s]
# name 2 = sbeox0Mg/L: Oxygen, SBE 43 [mg/l]
# name 3 = sbeox0PS: Oxygen, SBE 43 [% saturation]
# name 4 = specc: Specific Conductance [uS/cm]
# name 5 = c0uS/cm: Conductivity [uS/cm]
# name 6 = flECO-AFL: Fluorescence, WET Labs ECO-AFL/FL [mg/m^3]
# name 7 = ph: pH
# name 8 = orp: Oxidation Reduction Potential [mV]
# name 9 = par/sat/log: PAR/Logarithmic, Satlantic
# name 10 = turbWETntu0: Turbidity, WET Labs ECO [NTU]
# name 11 = prdM: Pressure, Strain Gauge [db]
# name 12 = prdE: Pressure, Strain Gauge [psi]
# name 13 = tv290C: Temperature [ITS-90, deg C]
# name 14 = flag:  0.000e+00
# span 0 =     -0.575,      9.612       
# span 1 =     -0.439,      0.274       
# span 2 =    -0.5421,     9.5163       
# span 3 =     -4.762,    106.677       
# span 4 =      4.964,    415.883       
# span 5 =   4.536973, 308.981013       
# span 6 =    -0.0435,     7.4420       
# span 7 =      5.892,      6.473       
# span 8 =  -136.4362,   308.8601       
# span 9 = 1.2362e-01, 6.4876e+02       
# span 10 =    -0.2430,   263.7362      
# span 11 =     -0.567,      9.427      
# span 12 =     -0.821,     13.673      
# span 13 =    12.1410,    22.6112      
# span 14 = 0.0000e+00, 0.0000e+00      
# interval = seconds: 0.25
# start_time = Oct 03 2023 13:21:44 [Instrument's time stamp, header]
# bad_flag = -9.990e-29
*END*
[from data line 772]
      4.600      0.035     0.2442      3.834     63.417  47.902594     1.5091      6.205   162.1155 2.3080e+00    13.7370      4.511      6.542    13.1847 0.0000e+00
      4.608      0.034     0.2649      4.726     63.457  47.850814     1.5011      6.205   161.8392 2.2878e+00    13.7017      4.519      6.555    13.1115 0.0000e+00
      4.616      0.034     0.2927      5.949     63.537  47.850671     1.5354      6.204   161.8378 2.2643e+00    13.7150      4.527      6.565    12.9677 0.0000e+00
      4.625      0.035     0.3338      7.515     63.660  47.900799     1.5994      6.202   162.2708 2.2292e+00    13.7274      4.535      6.578    12.8410 0.0000e+00
      4.635      0.036     0.3955      9.446     63.750  47.948939     1.6342      6.201   163.1169 2.1868e+00    13.7153      4.545      6.593    12.7572 0.0000e+00
      4.645      0.037     0.4883     11.664     63.730  47.924791     1.6326      6.201   163.9814 2.1530e+00    13.6707      4.555      6.607    12.6957 0.0000e+00
      4.654      0.040     0.6201     13.967     63.661  47.862771     1.6293      6.201   164.4626 2.1298e+00    13.6320      4.564      6.619    12.6485 0.0000e+00
      4.662      0.043     0.7840     16.164     63.639  47.833953     1.6441      6.201   164.3746 2.1072e+00    13.6230      4.571      6.630    12.6121 0.0000e+00
      4.672      0.045     0.9916     18.073     63.654  47.830303     1.6612      6.201   164.1231 2.0784e+00    13.6295      4.580      6.644    12.6000 0.0000e+00
      4.686      0.047     1.2378     19.537     63.664  47.818622     1.6705      6.202   164.2610 2.0407e+00    13.6770      4.594      6.663    12.5998 0.0000e+00
      4.701      0.047     1.4889     20.564     63.691  47.819675     1.6568      6.203   164.7511 2.0062e+00    13.7532      4.611      6.687    12.5880 0.0000e+00
      4.715      0.046     1.7285     21.269     63.746  47.843015     1.6196      6.204   165.3167 1.9884e+00    13.7993      4.625      6.708    12.5800 0.0000e+00
      4.726      0.043     1.9418     21.810     63.778  47.846841     1.6035      6.204   165.2486 1.9719e+00    13.8245      4.635      6.722    12.5699 0.0000e+00
      4.736      0.039     2.0954     22.323     63.826  47.865920     1.6124      6.205   164.7879 1.9460e+00    13.8880      4.644      6.735    12.5506 0.0000e+00
      4.745      0.037     2.2010     22.828     63.923  47.946689     1.6105      6.205   165.3391 1.9348e+00    14.0537      4.654      6.749    12.5381 0.0000e+00
      4.752      0.035     2.2716     23.393     64.014  48.061548     1.5801      6.205   166.6642 1.9382e+00    14.2569      4.660      6.759    12.5235 0.0000e+00
      4.760      0.035     2.3212     24.155     64.099  48.175384     1.5450      6.205   167.2154 1.9144e+00    14.3295      4.666      6.767    12.5088 0.0000e+00
      4.770      0.034     2.3809     25.100     64.153  48.243795     1.5354      6.204   167.0999 1.8789e+00    14.3508      4.677      6.784    12.4883 0.0000e+00
      4.780      0.034     2.4321     26.059     64.146  48.253829     1.5468      6.203   167.5909 1.8747e+00    14.5143      4.689      6.802    12.4840 0.0000e+00
      4.789      0.034     2.4807     26.869     64.115  48.233234     1.5579      6.203   168.7647 1.8939e+00    14.7694      4.696      6.811    12.5366 0.0000e+00
      4.796      0.035     2.5599     27.428     64.070  48.185247     1.5529      6.203   169.9348 1.8882e+00    14.8732      4.703      6.821    12.5871 0.0000e+00
      4.804      0.036     2.6684     27.680     63.989  48.118045     1.5452      6.203   170.2953 1.8550e+00    14.8472      4.711      6.833    12.5980 0.0000e+00
      4.812      0.036     2.7754     27.598     63.895  48.055599     1.4898      6.203   169.7673 1.8324e+00    15.0357      4.718      6.843    12.6112 0.0000e+00
      4.822      0.035     2.8644     27.200     63.833  48.001639     1.3820      6.202   169.3157 1.8079e+00    15.4098      4.728      6.857    12.6211 0.0000e+00
      4.834      0.032     2.9273     26.585     63.842  47.973536     1.3316      6.201   169.3950 1.7856e+00    15.6131      4.741      6.876    12.5952 0.0000e+00
      4.845      0.028     2.9555     25.917     63.897  47.969729     1.3306      6.201   169.6078 1.7805e+00    15.5804      4.752      6.892    12.5871 0.0000e+00
      4.851      0.024     2.9458     25.377     63.922  47.955544     1.3196      6.201   169.7377 1.7769e+00    15.4589      4.758      6.902    12.6092 0.0000e+00
      4.853      0.022     2.8989     25.062     63.900  47.928973     1.2994      6.201   170.1917 1.7690e+00    15.3400      4.759      6.903    12.6058 0.0000e+00
      4.855      0.022     2.8305     24.979     63.869  47.902411     1.2861      6.201   171.0530 1.7557e+00    15.2697      4.760      6.904    12.5727 0.0000e+00
      4.859      0.024     2.7534     25.137     63.877  47.888342     1.2919      6.200   171.9779 1.7324e+00    15.2921      4.765      6.910    12.5291 0.0000e+00
      4.865      0.028     2.6939     25.516     63.927  47.885818     1.2940      6.199   173.2868 1.7146e+00    15.3380      4.771      6.919    12.4996 0.0000e+00
      4.874      0.031     2.6626     26.026     63.962  47.871856     1.2536      6.197   174.7466 1.7000e+00    15.2784      4.778      6.930    12.4975 0.0000e+00
      4.885      0.032     2.6516     26.593     63.969  47.846464     1.1781      6.196   175.3463 1.6721e+00    15.1510      4.790      6.948    12.5041 0.0000e+00
      4.898      0.030     2.6697     27.213     63.987  47.832728     1.1389      6.193   175.1174 1.6427e+00    15.0963      4.806      6.970    12.4888 0.0000e+00
      4.906      0.026     2.7166     27.887     64.025  47.832722     1.1456      6.191   174.7325 1.6094e+00    15.0610      4.813      6.980    12.4510 0.0000e+00
      4.910      0.021     2.7771     28.595     64.062  47.846356     1.1166      6.191   175.4248 1.5879e+00    14.4845      4.815      6.983    12.4141 0.0000e+00
      4.913      0.016     2.8378     29.333     64.088  47.870586     1.0385      6.191   176.9487 1.5911e+00    13.4218      4.818      6.988    12.3948 0.0000e+00
      4.915      0.015     2.9046     30.052     64.086  47.871730     0.9845      6.191   177.4123 1.5931e+00    12.8357      4.821      6.993    12.3764 0.0000e+00
      4.916      0.018     2.9811     30.664     64.090  47.860188     0.9709      6.191   177.1583 1.5873e+00    12.7605      4.822      6.992    12.3473 0.0000e+00
      4.918      0.022     3.0558     31.117     64.115  47.857997     1.0234      6.190   177.4909 1.5640e+00    12.8204      4.820      6.990    12.3328 0.0000e+00
      4.925      0.025     3.1363     31.393     64.119  47.845216     1.1367      6.189   178.3363 1.5170e+00    12.9439      4.828      7.003    12.3462 0.0000e+00
      4.937      0.028     3.2167     31.523     64.113  47.832615     1.2004      6.188   179.2058 1.4760e+00    12.9563      4.845      7.026    12.3540 0.0000e+00
      4.947      0.031     3.2850     31.596     64.115  47.832605     1.2039      6.186   179.9166 1.4504e+00    12.9025      4.853      7.038    12.3369 0.0000e+00
      4.954      0.035     3.3357     31.684     64.129  47.845092     1.2031      6.186   180.3923 1.4341e+00    13.0782      4.857      7.045    12.3163 0.0000e+00
      4.960      0.038     3.3656     31.819     64.144  47.856626     1.2077      6.186   180.3965 1.4270e+00    13.5089      4.864      7.054    12.3044 0.0000e+00
      4.967      0.040     3.3753     32.004     64.131  47.845082     1.2178      6.186   180.3978 1.4080e+00    13.7719      4.869      7.061    12.2993 0.0000e+00
      4.980      0.043     3.3803     32.207     64.120  47.832490     1.2257      6.186   181.1829 1.3790e+00    13.7653      4.881      7.080    12.2980 0.0000e+00
      4.995      0.047     3.3893     32.426     64.122  47.831345     1.2110      6.186   182.4894 1.3577e+00    13.7019      4.900      7.107    12.3010 0.0000e+00
      5.009      0.049     3.4019     32.651     64.119  47.831241     1.1480      6.186   183.8047 1.3293e+00    13.8934      4.913      7.125    12.3025 0.0000e+00
      5.020      0.050     3.4258     32.836     64.111  47.831231     1.0635      6.186   184.4382 1.2939e+00    14.3397      4.923      7.140    12.2997 0.0000e+00
      5.031      0.050     3.4459     32.949     64.103  47.831229     1.0302      6.186   184.3848 1.2666e+00    14.5890      4.933      7.155    12.2966 0.0000e+00
      5.044      0.049     3.4700     33.006     64.102  47.831219     1.0370      6.185   184.7083 1.2376e+00    14.6534      4.946      7.173    12.2929 0.0000e+00
      5.058      0.046     3.4963     33.011     64.106  47.831115     0.9712      6.184   185.5953 1.2136e+00    14.9473      4.961      7.194    12.2935 0.0000e+00
      5.072      0.042     3.5175     32.974     64.111  47.829971     0.8251      6.182   185.8175 1.2011e+00    15.4437      4.974      7.214    12.3011 0.0000e+00
      5.084      0.037     3.5274     32.959     64.099  47.817378     0.7355      6.182   184.9858 1.1920e+00    15.7013      4.987      7.233    12.3071 0.0000e+00
      5.093      0.031     3.5331     32.955     64.086  47.805835     0.7287      6.182   184.7453 1.1996e+00    15.7733      4.997      7.247    12.3071 0.0000e+00
      5.098      0.024     3.5363     32.936     64.104  47.817378     0.7180      6.181   185.5772 1.2197e+00    16.0408      5.000      7.252    12.3036 0.0000e+00
      5.101      0.019     3.5256     32.923     64.124  47.829972     0.6721      6.180   186.8706 1.2268e+00    16.4422      5.002      7.255    12.2993 0.0000e+00
      5.104      0.017     3.5275     32.927     64.129  47.831117     0.6307      6.179   188.4245 1.2217e+00    16.6642      5.005      7.259    12.2964 0.0000e+00
      5.108      0.020     3.5290     32.940     64.132  47.831221     0.6257      6.178   189.8247 1.2172e+00    16.6757      5.010      7.265    12.2950 0.0000e+00
      5.111      0.026     3.5241     32.944     64.132  47.831231     0.6708      6.178   191.1531 1.2164e+00    16.5131      5.012      7.269    12.2940 0.0000e+00
      5.116      0.035     3.5238     32.933     64.131  47.831231     0.7431      6.178   192.9563 1.2181e+00    16.2347      5.016      7.275    12.2921 0.0000e+00
      5.126      0.045     3.5237     32.907     64.133  47.831222     0.7756      6.177   195.1934 1.2089e+00    16.0765      5.025      7.289    12.2894 0.0000e+00
      5.140      0.055     3.5273     32.877     64.140  47.831118     0.7723      6.176   197.7235 1.1789e+00    16.0011      5.038      7.309    12.2875 0.0000e+00
      5.158      0.061     3.5269     32.871     64.145  47.829974     0.7873      6.175   200.3165 1.1389e+00    15.6993      5.057      7.335    12.2875 0.0000e+00
      5.178      0.065     3.5258     32.873     64.133  47.817382     0.8315      6.174   202.1964 1.1057e+00    15.2287      5.078      7.366    12.2897 0.0000e+00
      5.198      0.068     3.5235     32.867     64.121  47.805840     0.8650      6.172   203.5898 1.0917e+00    14.9906      5.099      7.395    12.2888 0.0000e+00
      5.213      0.069     3.5179     32.863     64.138  47.817393     0.8677      6.171   205.8932 1.0802e+00    15.0068      5.114      7.417    12.2835 0.0000e+00
      5.227      0.070     3.5196     32.882     64.157  47.830090     0.8311      6.170   208.6228 1.0548e+00    15.4249      5.124      7.432    12.2789 0.0000e+00
      5.244      0.073     3.5204     32.905     64.161  47.832380     0.7632      6.169   210.0932 1.0349e+00    16.2190      5.141      7.457    12.2766 0.0000e+00
      5.263      0.075     3.5196     32.908     64.176  47.845078     0.7379      6.167   210.7661 1.0172e+00    16.7173      5.162      7.486    12.2752 0.0000e+00
      5.284      0.075     3.5178     32.913     64.188  47.856631     0.7588      6.166   211.5102 9.9013e-01    16.8390      5.180      7.514    12.2736 0.0000e+00
      5.308      0.073     3.5206     32.942     64.171  47.845088     0.7575      6.165   213.2388 9.8269e-01    16.8362      5.206      7.550    12.2724 0.0000e+00
      5.330      0.069     3.5258     32.997     64.156  47.832494     0.7305      6.165   215.7496 9.8691e-01    16.8547      5.230      7.584    12.2716 0.0000e+00
      5.346      0.064     3.5232     33.063     64.152  47.831349     0.7073      6.165   217.2611 9.7106e-01    16.9940      5.244      7.605    12.2727 0.0000e+00
      5.357      0.058     3.5235     33.108     64.144  47.831244     0.7012      6.164   217.8338 9.5321e-01    17.1196      5.254      7.621    12.2765 0.0000e+00
      5.368      0.053     3.5264     33.136     64.139  47.831225     0.7065      6.162   218.8023 9.3509e-01    17.2126      5.263      7.633    12.2775 0.0000e+00
      5.381      0.052     3.5321     33.150     64.138  47.831120     0.6804      6.160   220.5388 9.0495e-01    17.3666      5.276      7.653    12.2749 0.0000e+00
      5.395      0.055     3.5425     33.137     64.137  47.829985     0.6184      6.159   222.1383 8.8364e-01    17.5470      5.294      7.677    12.2749 0.0000e+00
      5.407      0.059     3.5449     33.123     64.126  47.817497     0.5724      6.158   223.1704 8.7582e-01    17.6170      5.302      7.690    12.2821 0.0000e+00
      5.421      0.061     3.5473     33.123     64.121  47.807099     0.5662      6.157   223.9839 8.5709e-01    17.6316      5.312      7.705    12.2856 0.0000e+00
      5.441      0.061     3.5513     33.129     64.161  47.831236     0.5848      6.156   224.6609 8.2969e-01    17.6904      5.337      7.739    12.2844 0.0000e+00
      5.460      0.060     3.5465     33.130     64.197  47.855375     0.5971      6.156   225.4195 8.1183e-01    17.7466      5.357      7.770    12.2859 0.0000e+00
      5.475      0.059     3.5458     33.127     64.183  47.844985     0.5905      6.156   226.6180 7.9642e-01    17.7305      5.368      7.787    12.2822 0.0000e+00
      5.489      0.057     3.5464     33.144     64.167  47.832600     0.5715      6.156   227.8805 7.7979e-01    17.6672      5.383      7.809    12.2754 0.0000e+00
      5.502      0.054     3.5480     33.186     64.171  47.832610     0.5505      6.154   228.7241 7.6443e-01    17.7330      5.397      7.828    12.2711 0.0000e+00
      5.513      0.052     3.5488     33.216     64.192  47.845100     0.5363      6.152   228.8162 7.5574e-01    17.9102      5.405      7.840    12.2688 0.0000e+00
      5.526      0.053     3.5465     33.213     64.212  47.856635     0.5328      6.152   228.6499 7.4555e-01    17.9994      5.419      7.860    12.2694 0.0000e+00
      5.541      0.055     3.5481     33.205     64.201  47.845091     0.5332      6.151   229.3801 7.2019e-01    17.9581      5.436      7.883    12.2699 0.0000e+00
      5.555      0.056     3.5546     33.212     64.187  47.832499     0.5330      6.150   230.6760 6.8842e-01    17.8889      5.446      7.899    12.2675 0.0000e+00
      5.570      0.058     3.5598     33.235     64.188  47.831354     0.5467      6.150   231.2412 6.5957e-01    17.9144      5.460      7.920    12.2640 0.0000e+00
      5.587      0.062     3.5574     33.265     64.190  47.831251     0.5740      6.149   231.0522 6.4254e-01    18.0270      5.480      7.948    12.2613 0.0000e+00
      5.601      0.067     3.5562     33.289     64.190  47.831252     0.5979      6.147   231.3155 6.3534e-01    18.0886      5.493      7.968    12.2590 0.0000e+00
      5.615      0.072     3.5573     33.288     64.185  47.831365     0.6027      6.146   232.2739 6.2164e-01    18.0445      5.504      7.983    12.2574 0.0000e+00
      5.632      0.076     3.5599     33.266     64.178  47.832614     0.6145      6.146   233.4338 6.0351e-01    18.0062      5.522      8.008    12.2556 0.0000e+00
