Data/DataNotYetUploadedToEDI/Raw_CTD/RawDownloads/100323_bvr50_S8188002.cnv
* Sea-Bird SBE19plus  Data File:
* FileName = C:\R\Reservoirs\Data\DataNotYetUploadedToEDI\Raw_CTD\RawDownloads\092623_bvr50_S8182_0002.hex
* Software version 2.8.0.119
* Temperature SN = 8188
* Conductivity SN = 8188
* System UpLoad Time = Oct 04 2023 13:50:10
* <ApplicationData>
* <Seaterm232>
# nquan = 16
# nvalues = 2177                        
# units = specified
# name 0 = depFM: Depth [fresh water, m]
# name 1 = dz/dtM: Descent Rate [m/s]
# name 2 = sbeox0Mg/L: Oxygen, SBE 43 [mg/l]
# name 3 = sbeox0PS: Oxygen, SBE 43 [% saturation]
# name 4 = specc: Specific Conductance [uS/cm]
# name 5 = c0uS/cm: Conductivity [uS/cm]
# name 6 = wetCDOM: Fluorescence, WET Labs CDOM [mg/m^3]
# name 7 = flECO-AFL: Fluorescence, WET Labs ECO-AFL/FL [mg/m^3]
# name 8 = flECO-AFL1: Fluorescence, WET Labs ECO-AFL/FL, 2 [mg/m^3]
# name 9 = flECO-AFL2: Fluorescence, WET Labs ECO-AFL/FL, 3 [mg/m^3]
# name 10 = par/sat/log: PAR/Logarithmic, Satlantic
# name 11 = turbWETntu0: Turbidity, WET Labs ECO [NTU]
# name 12 = prdM: Pressure, Strain Gauge [db]
# name 13 = prdE: Pressure, Strain Gauge [psi]
# name 14 = tv290C: Temperature [ITS-90, deg C]
# name 15 = flag:  0.000e+00
# span 0 =     -0.667,      9.091       
# span 1 =     -0.480,      0.124       
# span 2 =     0.1566,     7.1743       
# span 3 =      1.535,     80.027       
# span 4 =   -637.423,    241.490       
# span 5 =-505.532440, 168.138793       
# span 6 =    -4.5000,   367.2000       
# span 7 =    -0.4932,     8.0443       
# span 8 =    -2.1300,    41.1516       
# span 9 =    -2.0304,     7.9524       
# span 10 = 1.1577e-01, 1.1379e+03      
# span 11 =    -3.9404,   966.8561      
# span 12 =     -0.654,      8.916      
# span 13 =     -0.948,     12.930      
# span 14 =     9.7855,    21.7078      
# span 15 = 0.0000e+00, 0.0000e+00      
# interval = seconds: 0.25
# start_time = Oct 03 2023 11:31:24 [Instrument's time stamp, header]
# bad_flag = -9.990e-29
*END*
[from data line 724]
      6.611      0.085     0.2963      2.687    180.524 128.759812     7.6500     1.1930     0.1704     0.3384 3.0714e-01     2.8832      6.484      9.404    10.6964 0.0000e+00
      6.638      0.091     0.2959      2.693    180.981 129.012050     7.7400     1.2159     0.1278     0.3384 2.4774e-01     2.8382      6.510      9.441    10.6890 0.0000e+00
      6.666      0.091     0.2962      2.685    181.338 129.198866     7.7400     1.2006     0.1278     0.3384 1.6419e-01     2.7931      6.537      9.482    10.6854 0.0000e+00
      6.693      0.085     0.2973      2.653    181.584 129.314362     7.7400     1.1396     0.1278     0.3384 1.2574e-01     2.9133      6.564      9.520    10.6774 0.0000e+00
      6.716      0.074     0.2985      2.603    181.642 129.309746     7.7400     1.1548     0.1278     0.3384 1.2650e-01     2.8382      6.586      9.552    10.6606 0.0000e+00
      6.733      0.059     0.2993      2.535    181.540 129.213629     7.7400     1.1777     0.1278     0.3384 1.5082e-01     2.8382      6.604      9.577    10.6402 0.0000e+00
      6.746      0.042     0.2985      2.437    181.365 129.087929     7.8300     1.1281     0.1278     0.3384 1.3204e-01     2.7780      6.616      9.595    10.6214 0.0000e+00
      6.753      0.026     0.2951      2.299    181.149 128.946880     7.8300     1.1663     0.1278     0.3384 1.1612e-01     3.1087      6.623      9.605    10.6050 0.0000e+00
      6.756      0.011     0.2896      2.133    180.877 128.774757     7.8300     1.1510     0.1278     0.3384 1.3585e-01     3.1388      6.626      9.610    10.5923 0.0000e+00
      6.756     -0.002     0.2820      1.974    180.581 128.595298     7.8300     1.1663     0.1278     0.3384 1.5514e-01     3.0335      6.626      9.609    10.5857 0.0000e+00
      6.754     -0.014     0.2712      1.854    180.333 128.460134     7.7400     1.1510     0.0852     0.2961 1.4662e-01     3.1388      6.623      9.606    10.5854 0.0000e+00
      6.749     -0.027     0.2558      1.786    180.158 128.378983     7.7400     1.1663     0.0852     0.2961 1.3506e-01     2.6578      6.619      9.599    10.5890 0.0000e+00
      6.742     -0.041     0.2373      1.775    180.008 128.310311     7.7400     1.1663     0.0852     0.2961 1.7100e-01     2.7480      6.612      9.589    10.5949 0.0000e+00
      6.731     -0.058     0.2195      1.821    179.790 128.190045     7.7400     1.1777     0.0852     0.2961 1.4729e-01     2.7179      6.601      9.574    10.6036 0.0000e+00
      6.716     -0.079     0.2061      1.919    179.390 127.946321     7.7400     1.1434     0.1278     0.3384 1.2317e-01     2.7931      6.587      9.553    10.6152 0.0000e+00
      6.695     -0.105     0.1985      2.051    178.708 127.522105     7.7400     1.0785     0.1278     0.3384 1.3751e-01     2.4925      6.566      9.523    10.6274 0.0000e+00
      6.667     -0.134     0.1973      2.188    177.699 126.897784     7.7400     1.0594     0.1278     0.3384 1.7026e-01     2.4624      6.539      9.483    10.6382 0.0000e+00
      6.631     -0.166     0.2024      2.308    176.341 126.066043     7.7400     1.0976     0.1278     0.3384 1.4968e-01     2.4624      6.503      9.431    10.6481 0.0000e+00
      6.585     -0.197     0.2131      2.405    174.570 124.984145     7.7400     1.0862     0.1278     0.3384 1.9355e-01     2.3271      6.458      9.366    10.6601 0.0000e+00
      6.529     -0.224     0.2276      2.480    172.475 123.715708     7.7400     1.1548     0.1278     0.3384 2.6197e-01     3.7550      6.403      9.286    10.6781 0.0000e+00
      6.463     -0.242     0.2427      2.535    170.404 122.499371     7.7400     1.1548     0.1278     0.3384 4.0361e-01     3.9203      6.338      9.193    10.7059 0.0000e+00
      6.392     -0.251     0.2558      2.571    168.688 121.539891     7.7400     1.1663     0.1278     0.3384 6.7052e-01     3.7400      6.268      9.091    10.7461 0.0000e+00
      6.319     -0.250     0.2662      2.591    167.442 120.885728     7.7400     1.1586     0.1278     0.3384 1.0006e+00     3.8301      6.197      8.988    10.7997 0.0000e+00
      6.252     -0.240     0.2741      2.596    166.627 120.491722     7.7400     1.2883     0.0852     0.3807 1.0539e+00     3.7700      6.131      8.892    10.8675 0.0000e+00
      6.192     -0.223     0.2797      2.592    166.183 120.310489     7.7400     1.2731     0.0852     0.3807 1.0056e+00     3.8903      6.072      8.807    10.9465 0.0000e+00
      6.139     -0.205     0.2832      2.585    166.061 120.309613     7.7400     1.2693     0.0852     0.3807 1.0148e+00     3.8151      6.021      8.732    11.0271 0.0000e+00
      6.092     -0.189     0.2849      2.574    166.140 120.409309     7.7400     1.2502     0.0852     0.3807 1.0962e+00     3.7851      5.975      8.665    11.0990 0.0000e+00
      6.048     -0.179     0.2851      2.560    166.200 120.463134     7.8300     1.3303     0.0852     0.2538 1.1424e+00     3.7249      5.932      8.603    11.1563 0.0000e+00
      6.007     -0.176     0.2844      2.541    166.104 120.393952     7.8300     1.3379     0.0852     0.2538 1.0962e+00     3.8602      5.891      8.545    11.1976 0.0000e+00
      5.967     -0.182     0.2835      2.519    165.807 120.185303     7.8300     1.3303     0.0852     0.2538 1.0344e+00     3.8602      5.852      8.487    11.2234 0.0000e+00
      5.924     -0.195     0.2823      2.495    165.241 119.797456     7.8300     1.3303     0.0852     0.2538 1.0459e+00     3.7700      5.809      8.426    11.2359 0.0000e+00
      5.875     -0.215     0.2806      2.475    164.320 119.176707     7.8300     1.2426     0.1278     0.3807 1.1409e+00     3.5446      5.762      8.357    11.2394 0.0000e+00
      5.819     -0.241     0.2785      2.457    162.830 118.179402     7.8300     1.2807     0.1278     0.3807 1.3391e+00     3.5897      5.707      8.277    11.2403 0.0000e+00
      5.756     -0.274     0.2761      2.435    160.445 116.585337     7.8300     1.2616     0.1278     0.3807 1.3732e+00     3.5446      5.645      8.187    11.2435 0.0000e+00
      5.684     -0.308     0.2734      2.408    156.817 114.166319     7.8300     1.2807     0.1278     0.3807 1.4648e+00     3.5596      5.574      8.085    11.2525 0.0000e+00
      5.602     -0.341     0.2711      2.376    151.581 110.684956     7.8300     1.4333     0.0852     0.3807 1.6874e+00     3.3191      5.494      7.967    11.2705 0.0000e+00
      5.507     -0.367     0.2690      2.343    144.875 106.268633     7.8300     1.4600     0.0852     0.3807 2.0770e+00     3.2590      5.401      7.833    11.3017 0.0000e+00
      5.403     -0.380     0.2663      2.325    137.426 101.441324     7.8300     1.4638     0.0852     0.3807 2.6252e+00     3.3642      5.299      7.685    11.3530 0.0000e+00
      5.293     -0.377     0.2629      2.339    130.647  97.194856     7.8300     1.4524     0.0852     0.3807 3.4154e+00     3.2440      5.191      7.529    11.4342 0.0000e+00
      5.186     -0.358     0.2586      2.405    126.217  94.671378     7.8300     1.8300     0.0852     0.3807 4.4697e+00     2.6428      5.086      7.376    11.5583 0.0000e+00
      5.089     -0.323     0.2540      2.554    124.240  93.821833     7.8300     1.8071     0.1278     0.3807 5.4600e+00     2.6428      4.991      7.238    11.7391 0.0000e+00
      5.009     -0.279     0.2506      2.831    124.257  94.246943     7.8300     1.8338     0.1278     0.3807 5.5594e+00     2.7029      4.912      7.125    11.9807 0.0000e+00
      4.948     -0.233     0.2504      3.237    125.900  95.660806     7.8300     1.8033     0.1278     0.3807 5.2165e+00     2.6879      4.852      7.037    12.2689 0.0000e+00
      4.901     -0.192     0.2557      3.664    127.756  97.018296     7.8300     1.7690     0.1278     0.3807 4.9407e+00     2.8983      4.807      6.972    12.5617 0.0000e+00
      4.865     -0.162     0.2701      3.977    128.672  97.547185     7.7400     1.7919     0.1278     0.4230 4.7347e+00     2.8832      4.771      6.920    12.8005 0.0000e+00
      4.834     -0.146     0.2986      4.099    128.499  97.255376     7.7400     1.7499     0.1278     0.4230 4.6460e+00     2.8832      4.741      6.876    12.9518 0.0000e+00
      4.804     -0.145     0.3411      4.016    127.321  96.285579     7.7400     1.7499     0.1278     0.4230 4.5988e+00     2.8532      4.712      6.834    13.0084 0.0000e+00
      4.772     -0.156     0.3864      3.743    124.887  94.490440     7.7400     1.7652     0.1278     0.4230 4.4262e+00     2.7780      4.680      6.788    12.9829 0.0000e+00
      4.735     -0.178     0.4201      3.322    120.990  91.738892     7.8300     1.7804     0.1278     0.4230 4.2964e+00     2.7179      4.644      6.736    12.9167 0.0000e+00
      4.690     -0.206     0.4337      2.818    116.170  88.431398     7.8300     1.7423     0.1278     0.4230 4.4253e+00     2.8081      4.599      6.671    12.8564 0.0000e+00
      4.634     -0.236     0.4252      2.328    110.907  84.879645     7.8300     1.7385     0.1278     0.4230 5.0811e+00     2.7931      4.544      6.591    12.8321 0.0000e+00
      4.566     -0.266     0.3964      1.943    105.364  81.157092     7.8300     2.5014     0.1278     0.4230 6.1438e+00     2.7179      4.478      6.495    12.8611 0.0000e+00
      4.490     -0.293     0.3514      1.701    100.366  77.861083     7.8300     2.4900     0.1278     0.4230 7.1859e+00     2.7780      4.403      6.387    12.9565 0.0000e+00
      4.409     -0.318     0.2974      1.580     96.433  75.331404     7.7400     2.5014     0.0852     0.4653 7.7926e+00     2.6879      4.324      6.272    13.1211 0.0000e+00
      4.326     -0.341     0.2447      1.535     92.983  73.068159     7.7400     2.4862     0.0852     0.4653 8.0089e+00     2.7480      4.243      6.153    13.3404 0.0000e+00
      4.240     -0.364     0.2031      1.541     89.208  70.453944     7.7400     3.5085     0.0852     0.4653 8.2330e+00     2.7329      4.158      6.030    13.5976 0.0000e+00
      4.147     -0.388     0.1765      1.589     84.139  66.773789     7.7400     3.4818     0.0852     0.4653 9.0139e+00     2.7480      4.066      5.898    13.8769 0.0000e+00
      4.045     -0.413     0.1627      1.678     77.653  61.990562     6.9300     3.5009     0.0426     0.5922 1.0488e+01     2.6578      3.967      5.753    14.1469 0.0000e+00
      3.934     -0.436     0.1570      1.811     71.088  57.185111     6.9300     3.4818     0.0426     0.5922 1.1886e+01     2.7480      3.858      5.596    14.3835 0.0000e+00
      3.817     -0.456     0.1566      2.004     65.531  53.177975     6.9300     2.9745     0.0426     0.5922 1.3439e+01     2.4023      3.743      5.429    14.5945 0.0000e+00
      3.695     -0.470     0.1605      2.285     60.933  49.879899     6.9300     2.9706     0.0426     0.5922 1.5603e+01     2.4023      3.623      5.255    14.8113 0.0000e+00
      3.569     -0.478     0.1682      2.703     56.971  47.013889     6.2100     3.0126     0.0852     0.5922 1.7876e+01     2.4925      3.500      5.077    15.0748 0.0000e+00
      3.444     -0.480     0.1800      3.310     53.547  44.511251     6.2100     2.9821     0.0852     0.5922 2.0330e+01     2.4925      3.377      4.898    15.4002 0.0000e+00
      3.320     -0.477     0.1973      4.160     50.476  42.231708     6.2100     4.4546     0.0852     0.5922 2.1990e+01     1.9363      3.255      4.722    15.7573 0.0000e+00
      3.199     -0.469     0.2231      5.294     47.581  40.042887     6.2100     4.4851     0.0852     0.5922 2.3313e+01     2.0716      3.137      4.550    16.1042 0.0000e+00
      3.080     -0.457     0.2620      6.733     44.890  37.987107     4.7700     4.4355     0.0852     0.6768 2.5702e+01     1.9965      3.020      4.381    16.4208 0.0000e+00
      2.962     -0.441     0.3189      8.479     42.621  36.260938     4.7700     4.4737     0.0852     0.6768 2.9711e+01     2.0416      2.905      4.214    16.7052 0.0000e+00
      2.849     -0.422     0.3988     10.509     40.861  34.938854     4.7700     6.4077     0.0852     0.6768 3.4041e+01     1.7259      2.794      4.052    16.9599 0.0000e+00
      2.741     -0.398     0.5054     12.771     39.505  33.929721     4.7700     6.3963     0.0852     0.6768 3.6223e+01     1.7710      2.688      3.899    17.1909 0.0000e+00
      2.642     -0.370     0.6405     15.199     38.478  33.172377     4.7700     6.3925     0.0852     0.6768 3.8204e+01     1.7259      2.591      3.758    17.4098 0.0000e+00
      2.551     -0.338     0.8039     17.729     37.607  32.524277     3.6900     6.4039     0.0852     1.0575 4.2165e+01     1.8913      2.502      3.628    17.6219 0.0000e+00
      2.467     -0.306     0.9934     20.296     36.770  31.885863     3.6900     6.6214     0.0852     1.0575 4.7148e+01     1.7259      2.420      3.509    17.8193 0.0000e+00
      2.393     -0.275     1.2040     22.835     36.095  31.375997     3.6900     6.5985     0.0852     1.0575 4.9456e+01     1.7560      2.347      3.404    17.9941 0.0000e+00
      2.330     -0.250     1.4298     25.281     35.762  31.149790     3.6900     6.5985     0.0852     1.0575 4.7076e+01     1.7109      2.285      3.314    18.1437 0.0000e+00
      2.275     -0.233     1.6647     27.576     35.733  31.168706     3.3300     6.5947     0.0426     1.2690 4.5290e+01     1.7259      2.232      3.237    18.2696 0.0000e+00
      2.225     -0.226     1.9026     29.686     35.824  31.271466     3.3300     6.6824     0.0426     1.2690 4.3742e+01     1.8161      2.183      3.165    18.3784 0.0000e+00
      2.175     -0.232     2.1374     31.588     35.912  31.354791     3.3300     6.6633     0.0426     1.2690 4.2533e+01     1.7860      2.133      3.094    18.4760 0.0000e+00
      2.120     -0.247     2.3634     33.250     35.910  31.349812     3.3300     6.6519     0.0426     1.2690 4.2220e+01     1.7259      2.079      3.016    18.5585 0.0000e+00
      2.057     -0.266     2.5758     34.631     35.745  31.205697     3.0600     6.6748     0.0426     1.3113 4.4471e+01     1.7259      2.018      2.926    18.6165 0.0000e+00
      1.984     -0.284     2.7720     35.700     35.434  30.945398     3.0600     5.8432     0.0426     1.3113 4.9888e+01     1.7410      1.946      2.822    18.6464 0.0000e+00
      1.902     -0.293     2.9497     36.460     35.074  30.657910     3.0600     5.8622     0.0426     1.3113 6.0836e+01     1.6808      1.866      2.706    18.6535 0.0000e+00
      1.817     -0.289     3.1055     36.966     34.799  30.454677     3.0600     5.8508     0.0426     1.3113 8.2163e+01     1.6959      1.782      2.584    18.6491 0.0000e+00
      1.734     -0.274     3.2347     37.312     34.698  30.402287     2.9700     5.8355     0.0426     1.3113 1.0790e+02     1.7710      1.701      2.467    18.6482 0.0000e+00
      1.662     -0.248     3.3335     37.610     34.759  30.482812     2.9700     5.6753     0.0426     1.3113 1.0936e+02     1.5606      1.630      2.364    18.6643 0.0000e+00
      1.604     -0.215     3.4019     37.958     34.921  30.638527     2.9700     5.6944     0.0426     1.3113 1.0098e+02     1.3351      1.573      2.281    18.7026 0.0000e+00
      1.557     -0.182     3.4454     38.409     35.151  30.843637     2.9700     5.6829     0.0426     1.3113 9.8724e+01     1.4103      1.527      2.215    18.7554 0.0000e+00
      1.520     -0.153     3.4741     38.961     35.380  31.039972     2.9700     5.6753     0.0426     1.3113 9.6120e+01     1.4854      1.490      2.161    18.8074 0.0000e+00
      1.488     -0.130     3.4992     39.561     35.518  31.151183     2.8800     5.6867     0.0426     1.1421 9.6896e+01     1.5155      1.459      2.116    18.8455 0.0000e+00
      1.460     -0.115     3.5302     40.130     35.595  31.206925     2.8800     5.8012     0.0426     1.1421 9.4258e+01     1.7860      1.431      2.076    18.8654 0.0000e+00
