Data/DataNotYetUploadedToEDI/Raw_CTD/RawDownloads/100323_bvr50_S7809002.cnv
* Sea-Bird SBE19plus  Data File:
* FileName = C:\R\Reservoirs\Data\DataNotYetUploadedToEDI\Raw_CTD\RawDownloads\092623_bvr50_S7809_0002.hex
* Software version 2.8.0.119
* Temperature SN = 7809
* Conductivity SN = 7809
* System UpLoad Time = Oct 05 2023 10:02:18
* <ApplicationData>
* <Seaterm232>
# nquan = 15
# nvalues = 1042                        
# units = specified
# name 0 = depFM: Depth [fresh water, m]
# name 1 = dz/dtM: Descent Rate [m/s]
# name 2 = sbeox0Mg/L: Oxygen, SBE 43 [mg/l]
# name 3 = sbeox0PS: Oxygen, SBE 43 [% saturation]
# name 4 = specc: Specific Conductance [uS/cm]
# name 5 = c0uS/cm: Conductivity [uS/cm]
# name 6 = flECO-AFL: Fluorescence, WET Labs ECO-AFL/FL [mg/m^3]
# name 7 = ph: pH
# name 8 = orp: Oxidation Reduction Potential [mV]
# name 9 = par/sat/log: PAR/Logarithmic, Satlantic
# name 10 = turbWETntu0: Turbidity, WET Labs ECO [NTU]
# name 11 = prdM: Pressure, Strain Gauge [db]
# name 12 = prdE: Pressure, Strain Gauge [psi]
# name 13 = tv290C: Temperature [ITS-90, deg C]
# name 14 = flag:  0.000e+00
# span 0 =     -0.666,      9.039       
# span 1 =     -0.492,      0.153       
# span 2 =     0.0940,     9.4149       
# span 3 =      0.937,    105.242       
# span 4 =      9.936,    243.261       
# span 5 =   8.947161, 169.422742       
# span 6 =    -2.1116,    11.9991       
# span 7 =      5.994,      6.733       
# span 8 =   -88.9417,   298.2333       
# span 9 = 1.2362e-01, 1.4199e+03       
# span 10 =     2.2854,     7.9574      
# span 11 =     -0.654,      8.868      
# span 12 =     -0.948,     12.862      
# span 13 =     9.8182,    21.9111      
# span 14 = 0.0000e+00, 0.0000e+00      
# interval = seconds: 0.25
# start_time = Oct 03 2023 11:31:49 [Instrument's time stamp, header]
# bad_flag = -9.990e-29
*END*
[from data line 579]
      6.075      0.073     0.2310      2.256    139.198 104.367546     4.0051      6.040    71.8116 1.0786e+00     3.2855      5.957      8.641    12.9484 0.0000e+00
      6.097      0.076     0.2300      2.243    139.919 104.617214     4.0070      6.040    70.0136 1.0445e+00     3.2932      5.977      8.670    12.8743 0.0000e+00
      6.121      0.077     0.2349      2.224    141.481 105.608611     3.9935      6.041    68.4660 1.0127e+00     3.3142      6.004      8.707    12.7708 0.0000e+00
      6.142      0.076     0.2406      2.213    142.711 106.358123     3.9586      6.043    67.2957 9.8900e-01     3.3342      6.026      8.740    12.6391 0.0000e+00
      6.157      0.073     0.2407      2.213    143.359 106.675528     3.9350      6.043    66.0166 9.7980e-01     3.2972      6.037      8.757    12.4651 0.0000e+00
      6.172      0.070     0.2401      2.214    144.060 107.090212     3.9160      6.042    64.6151 9.4382e-01     3.2760      6.051      8.776    12.3617 0.0000e+00
      6.190      0.068     0.2373      2.205    144.861 107.615064     3.8946      6.042    63.4290 8.8447e-01     3.2828      6.071      8.805    12.3264 0.0000e+00
      6.209      0.066     0.2364      2.192    145.725 108.181995     3.8687      6.043    62.4300 8.4553e-01     3.2431      6.090      8.833    12.2621 0.0000e+00
      6.227      0.062     0.2373      2.187    146.916 108.977925     3.8197      6.045    61.4845 8.3192e-01     3.2046      6.107      8.858    12.1907 0.0000e+00
      6.244      0.057     0.2380      2.188    148.147 109.787835     3.7844      6.048    60.6005 8.0898e-01     3.2274      6.123      8.881    12.1620 0.0000e+00
      6.259      0.050     0.2371      2.180    148.935 110.268840     3.7827      6.050    59.6577 7.7115e-01     3.2459      6.139      8.903    12.1434 0.0000e+00
      6.271      0.045     0.2350      2.176    149.833 110.845195     3.8074      6.051    58.3451 7.4509e-01     3.2579      6.153      8.923    12.1168 0.0000e+00
      6.280      0.043     0.2345      2.186    151.320 111.852407     3.8422      6.052    56.8611 7.3481e-01     3.3042      6.160      8.935    12.0886 0.0000e+00
      6.286      0.043     0.2364      2.189    152.206 112.383903     3.8536      6.054    55.6529 7.2494e-01     3.3269      6.163      8.939    12.0512 0.0000e+00
      6.292      0.042     0.2345      2.179    151.914 112.048747     3.8453      6.056    54.1474 6.9968e-01     3.3281      6.168      8.945    12.0130 0.0000e+00
      6.306      0.042     0.2332      2.165    151.752 111.876207     3.8091      6.056    52.1669 6.7268e-01     3.3188      6.182      8.966    11.9860 0.0000e+00
      6.323      0.043     0.2365      2.154    152.290 112.272143     3.7482      6.057    50.1191 6.5444e-01     3.2483      6.204      8.998    11.9630 0.0000e+00
      6.336      0.046     0.2369      2.143    152.700 112.568646     3.7164      6.057    47.8869 6.4190e-01     3.1922      6.218      9.018    11.9164 0.0000e+00
      6.343      0.051     0.2357      2.132    153.187 112.913513     3.7072      6.057    46.5147 6.3231e-01     3.1871      6.220      9.021    11.8650 0.0000e+00
      6.349      0.056     0.2334      2.116    154.801 114.085123     3.6627      6.058    46.1754 6.1536e-01     3.2549      6.224      9.026    11.8507 0.0000e+00
      6.363      0.062     0.2332      2.101    156.856 115.523773     3.5857      6.060    44.9029 5.9552e-01     3.3976      6.236      9.045    11.8625 0.0000e+00
      6.383      0.068     0.2316      2.105    157.841 116.103105     3.5414      6.062    42.8310 5.7457e-01     3.5120      6.258      9.077    11.8586 0.0000e+00
      6.407      0.069     0.2305      2.105    157.611 115.802385     3.5436      6.064    41.2569 5.5277e-01     3.5780      6.283      9.112    11.8480 0.0000e+00
      6.431      0.063     0.2295      2.094    157.104 115.391332     3.5294      6.067    39.8097 5.3487e-01     3.5813      6.308      9.148    11.8545 0.0000e+00
      6.450      0.052     0.2249      2.073    156.781 115.210050     3.4860      6.069    38.3251 5.0853e-01     3.5522      6.329      9.179    11.8341 0.0000e+00
      6.462      0.037     0.2291      2.054    156.553 115.139427     3.4602      6.071    36.9864 4.8143e-01     3.5677      6.340      9.196    11.7736 0.0000e+00
      6.466      0.022     0.2285      2.067    156.489 115.174562     3.4502      6.075    35.8408 4.7224e-01     3.5635      6.344      9.201    11.7204 0.0000e+00
      6.464      0.010     0.2272      2.073    156.723 115.380149     3.4403      6.078    34.9703 4.7176e-01     3.5020      6.339      9.194    11.7102 0.0000e+00
      6.462      0.005     0.2258      2.052    157.367 115.841544     3.4322      6.081    34.2057 4.7411e-01     3.4727      6.335      9.188    11.7350 0.0000e+00
      6.462      0.005     0.2192      2.040    158.312 116.485156     3.4272      6.084    33.3076 4.7766e-01     3.5171      6.337      9.190    11.7725 0.0000e+00
      6.462      0.012     0.2247      2.045    159.464 117.237447     3.4293      6.086    32.1991 4.7736e-01     3.5606      6.337      9.191    11.8036 0.0000e+00
      6.464      0.023     0.2262      2.055    160.679 117.993297     3.4251      6.088    31.3851 4.7874e-01     3.6232      6.336      9.190    11.8119 0.0000e+00
      6.469      0.035     0.2207      2.064    161.581 118.488563     3.4007      6.089    30.8645 4.8009e-01     3.7271      6.342      9.199    11.8075 0.0000e+00
      6.480      0.048     0.2202      2.057    162.275 118.829478     3.3761      6.090    30.2925 4.6324e-01     3.7580      6.353      9.214    11.7923 0.0000e+00
      6.496      0.063     0.2217      2.046    163.147 119.311749     3.3770      6.092    29.7176 4.3223e-01     3.7580      6.370      9.238    11.7618 0.0000e+00
      6.516      0.079     0.2224      2.058    164.048 119.795818     3.3287      6.094    29.0765 4.0785e-01     3.7266      6.390      9.269    11.7183 0.0000e+00
      6.535      0.094     0.2250      2.062    164.817 120.158393     3.2163      6.095    28.3909 3.8818e-01     3.6519      6.408      9.294    11.6629 0.0000e+00
      6.558      0.107     0.2244      2.043    165.646 120.573294     3.1579      6.095    27.7959 3.5613e-01     3.6057      6.427      9.321    11.6070 0.0000e+00
      6.588      0.117     0.2203      2.030    166.560 121.052806     3.1554      6.096    27.0447 3.0422e-01     3.5446      6.459      9.366    11.5664 0.0000e+00
      6.625      0.122     0.2251      2.010    167.339 121.431889     3.1452      6.097    25.6744 2.5727e-01     3.4931      6.497      9.422    11.5149 0.0000e+00
      6.662      0.122     0.2268      1.980    167.951 121.715663     3.0833      6.099    24.2201 2.2802e-01     3.4955      6.535      9.479    11.4452 0.0000e+00
      6.697      0.116     0.2215      1.972    168.510 121.998591     2.9904      6.101    23.5711 1.9730e-01     3.5046      6.570      9.529    11.3923 0.0000e+00
      6.727      0.103     0.2227      1.992    168.882 122.176276     2.9462      6.104    23.5057 1.7084e-01     3.5014      6.599      9.571    11.3384 0.0000e+00
      6.751      0.085     0.2214      2.015    168.999 122.207156     2.9396      6.108    23.3438 1.5788e-01     3.4905      6.623      9.604    11.2766 0.0000e+00
      6.772      0.067     0.2154      2.014    169.068 122.244446     2.9194      6.110    22.9037 1.4732e-01     3.4079      6.642      9.632    11.2283 0.0000e+00
      6.787      0.053     0.2155      2.002    169.241 122.372246     2.8848      6.113    22.3150 1.3526e-01     3.3223      6.659      9.658    11.1943 0.0000e+00
      6.794      0.045     0.2182      2.004    169.488 122.541636     2.8703      6.116    21.5600 1.3067e-01     3.3436      6.666      9.668    11.1655 0.0000e+00
      6.797      0.043     0.2229      2.015    169.816 122.763131     2.8771      6.119    20.7446 1.3188e-01     3.3590      6.664      9.665    11.1476 0.0000e+00
      6.803      0.043     0.2219      2.018    170.259 123.074833     2.9003      6.120    19.9415 1.2855e-01     3.3719      6.668      9.671    11.1483 0.0000e+00
      6.816      0.047     0.2186      2.001    170.869 123.506460     2.9521      6.124    18.6462 1.2506e-01     3.4650      6.682      9.692    11.1531 0.0000e+00
      6.833      0.058     0.2201      1.975    172.248 124.476918     2.9869      6.128    16.9566 1.2428e-01     3.5282      6.701      9.719    11.1488 0.0000e+00
      6.850      0.075     0.2213      1.945    174.458 126.013691     2.9796      6.131    15.7745 1.2376e-01     3.5207      6.719      9.745    11.1412 0.0000e+00
      6.864      0.095     0.2230      1.922    176.227 127.173831     2.9229      6.132    15.1943 1.2366e-01     3.5102      6.731      9.762    11.1407 0.0000e+00
      6.881      0.110     0.2199      1.917    176.970 127.541451     2.8251      6.134    14.8455 1.2362e-01     3.5379      6.743      9.780    11.1399 0.0000e+00
      6.913      0.120     0.2174      1.907    177.280 127.590140     2.7712      6.136    14.1382 1.2366e-01     3.5487      6.774      9.824    11.1335 0.0000e+00
      6.960      0.125     0.2140      1.894    177.882 127.889800     2.7789      6.138    12.6653 1.2376e-01     3.5038      6.826      9.899    11.1197 0.0000e+00
      7.007      0.126     0.2098      1.889    178.749 128.423571     2.7845      6.141    11.0615 1.2382e-01     3.5078      6.877      9.976    11.0860 0.0000e+00
      7.039      0.122     0.2120      1.899    179.219 128.689502     2.7645      6.144     9.6324 1.2378e-01     3.5628      6.908     10.019    11.0328 0.0000e+00
      7.059      0.115     0.2106      1.918    179.371 128.746623     2.7450      6.146     8.2917 1.2374e-01     3.5879      6.922     10.039    10.9776 0.0000e+00
      7.079      0.106     0.2085      1.923    179.401 128.731688     2.7404      6.148     7.3262 1.2375e-01     3.5719      6.940     10.066    10.9395 0.0000e+00
      7.104      0.101     0.2082      1.906    179.223 128.572626     2.6920      6.151     6.4758 1.2379e-01     3.5066      6.966     10.103    10.9207 0.0000e+00
      7.133      0.099     0.2088      1.886    179.012 128.416976     2.5839      6.152     5.3232 1.2383e-01     3.3791      6.995     10.144    10.8978 0.0000e+00
      7.164      0.095     0.2129      1.873    178.730 128.252075     2.5157      6.153     3.8873 1.2379e-01     3.2937      7.027     10.191    10.8827 0.0000e+00
      7.192      0.090     0.2137      1.858    178.427 128.108673     2.4993      6.156     2.2783 1.2370e-01     3.2941      7.056     10.233    10.8783 0.0000e+00
      7.214      0.081     0.2110      1.840    178.370 128.149265     2.4529      6.159     0.8399 1.2365e-01     3.2819      7.077     10.264    10.8623 0.0000e+00
      7.229      0.072     0.2078      1.835    178.521 128.296770     2.3872      6.162    -0.3405 1.2368e-01     3.2487      7.089     10.283    10.8615 0.0000e+00
      7.242      0.063     0.2072      1.836    178.726 128.426118     2.3628      6.165    -1.3246 1.2371e-01     3.2345      7.102     10.301    10.8723 0.0000e+00
      7.257      0.057     0.2059      1.830    178.897 128.502065     2.3658      6.166    -2.0244 1.2375e-01     3.2466      7.117     10.323    10.8942 0.0000e+00
      7.272      0.052     0.2020      1.826    179.052 128.577564     2.3320      6.169    -2.5213 1.2379e-01     3.1900      7.133     10.345    10.9262 0.0000e+00
      7.286      0.048     0.2022      1.827    179.260 128.701497     2.2785      6.171    -2.8578 1.2378e-01     3.0975      7.146     10.365    10.9368 0.0000e+00
      7.298      0.043     0.2036      1.817    179.437 128.789373     2.2685      6.174    -3.0817 1.2372e-01     3.1176      7.158     10.382    10.9289 0.0000e+00
      7.308      0.038     0.2017      1.786    179.525 128.811347     2.2770      6.178    -3.3352 1.2371e-01     3.1602      7.168     10.396    10.9102 0.0000e+00
      7.317      0.034     0.2013      1.766    179.593 128.839651     2.2898      6.180    -3.6862 1.2374e-01     3.2032      7.175     10.407    10.8998 0.0000e+00
      7.324      0.033     0.2022      1.789    179.653 128.876587     2.3159      6.182    -4.1417 1.2375e-01     3.2949      7.183     10.417    10.8987 0.0000e+00
      7.330      0.033     0.2020      1.805    179.658 128.875477     2.3342      6.185    -4.7989 1.2375e-01     3.3470      7.188     10.426    10.8850 0.0000e+00
      7.337      0.034     0.1977      1.785    179.588 128.826224     2.3447      6.187    -5.6958 1.2375e-01     3.3200      7.194     10.434    10.8697 0.0000e+00
      7.347      0.035     0.1918      1.768    179.523 128.791029     2.3686      6.190    -6.6406 1.2374e-01     3.2420      7.204     10.448    10.8659 0.0000e+00
      7.357      0.038     0.1987      1.766    179.560 128.832405     2.4150      6.193    -7.5326 1.2370e-01     3.1890      7.217     10.467    10.8665 0.0000e+00
      7.367      0.041     0.2021      1.763    179.713 128.944053     2.4475      6.195    -8.3069 1.2375e-01     3.1915      7.225     10.480    10.8636 0.0000e+00
      7.377      0.043     0.1963      1.747    179.909 129.057299     2.4451      6.196    -8.8614 1.2383e-01     3.2050      7.232     10.489    10.8629 0.0000e+00
      7.388      0.044     0.1949      1.707    180.240 129.245459     2.4361      6.198    -9.4195 1.2383e-01     3.2154      7.244     10.506    10.8674 0.0000e+00
      7.401      0.049     0.1953      1.668    181.305 129.944111     2.4376      6.200    -9.9780 1.2384e-01     3.2495      7.258     10.526    10.8728 0.0000e+00
      7.413      0.056     0.1952      1.673    182.775 130.874761     2.4392      6.201   -10.2795 1.2387e-01     3.3097      7.270     10.544    10.8765 0.0000e+00
      7.423      0.063     0.1943      1.700    183.575 131.254169     2.4470      6.203   -10.7423 1.2382e-01     3.3627      7.280     10.558    10.8675 0.0000e+00
      7.438      0.065     0.1898      1.715    183.786 131.216358     2.4657      6.204   -11.7877 1.2375e-01     3.3773      7.291     10.573    10.8500 0.0000e+00
      7.461      0.065     0.1811      1.724    183.700 131.054905     2.4742      6.206   -12.9382 1.2372e-01     3.3504      7.315     10.609    10.8397 0.0000e+00
      7.486      0.061     0.1845      1.715    183.369 130.831972     2.4658      6.209   -13.6398 1.2374e-01     3.3103      7.346     10.655    10.8098 0.0000e+00
      7.504      0.056     0.1900      1.691    183.073 130.688446     2.4553      6.212   -13.9041 1.2378e-01     3.3027      7.364     10.680    10.7456 0.0000e+00
      7.513      0.048     0.1894      1.678    182.981 130.658377     2.4471      6.214   -14.1549 1.2376e-01     3.2927      7.368     10.686    10.6863 0.0000e+00
      7.519      0.042     0.1929      1.672    183.121 130.723456     2.4496      6.216   -14.6934 1.2376e-01     3.1892      7.372     10.693    10.6552 0.0000e+00
      7.527      0.042     0.1916      1.662    183.600 130.965273     2.4699      6.218   -15.2525 1.2381e-01     3.0757      7.382     10.706    10.6655 0.0000e+00
      7.535      0.048     0.1868      1.661    184.396 131.414513     2.4847      6.220   -15.5810 1.2377e-01     3.0477      7.389     10.717    10.6964 0.0000e+00
      7.545      0.059     0.1857      1.669    185.009 131.756182     2.4782      6.222   -15.7392 1.2370e-01     3.0557      7.396     10.729    10.7067 0.0000e+00
      7.560      0.070     0.1864      1.663    185.154 131.781135     2.4157      6.224   -15.7893 1.2374e-01     3.1041      7.411     10.749    10.6984 0.0000e+00
      7.583      0.079     0.1842      1.649    185.079 131.652381     2.3207      6.225   -15.7563 1.2377e-01     3.2229      7.434     10.783    10.6656 0.0000e+00
