Data/DataNotYetUploadedToEDI/Raw_CTD/RawDownloads/100322_fcr50_S7809001.cnv
* Sea-Bird SBE19plus  Data File:
* FileName = C:\R\Reservoirs\Data\DataNotYetUploadedToEDI\Raw_CTD\RawDownloads\100322_fcr50_S7809_0001.hex
* Software version 2.8.0.119
* Temperature SN = 7809
* Conductivity SN = 7809
* System UpLoad Time = Oct 03 2022 16:56:58
* <ApplicationData>
* <Seaterm232>
# nquan = 15
# nvalues = 2146                        
# units = specified
# name 0 = depFM: Depth [fresh water, m]
# name 1 = dz/dtM: Descent Rate [m/s]
# name 2 = sbeox0Mg/L: Oxygen, SBE 43 [mg/l]
# name 3 = sbeox0PS: Oxygen, SBE 43 [% saturation]
# name 4 = specc: Specific Conductance [uS/cm]
# name 5 = c0uS/cm: Conductivity [uS/cm]
# name 6 = flECO-AFL: Fluorescence, WET Labs ECO-AFL/FL [mg/m^3]
# name 7 = ph: pH
# name 8 = orp: Oxidation Reduction Potential [mV]
# name 9 = par/sat/log: PAR/Logarithmic, Satlantic
# name 10 = turbWETntu0: Turbidity, WET Labs ECO [NTU]
# name 11 = prdM: Pressure, Strain Gauge [db]
# name 12 = prdE: Pressure, Strain Gauge [psi]
# name 13 = tv290C: Temperature [ITS-90, deg C]
# name 14 = flag:  0.000e+00
# span 0 =     -0.615,      9.616       
# span 1 =     -0.489,      0.280       
# span 2 =     0.0393,     7.8103       
# span 3 =      0.374,     77.751       
# span 4 =      2.318,    436.953       
# span 5 =   1.857336, 322.813200       
# span 6 =    -0.4771,     6.9499       
# span 7 =      5.357,      7.542       
# span 8 = -1240.7455,   284.0826       
# span 9 = 1.2361e-01, 1.5209e+03       
# span 10 =    -1.0024,   931.5658      
# span 11 =     -0.604,      9.431      
# span 12 =     -0.876,     13.678      
# span 13 =    11.9163,    16.8277      
# span 14 = 0.0000e+00, 0.0000e+00      
# interval = seconds: 0.25
# start_time = Oct 03 2022 06:53:46 [Instrument's time stamp, header]
# bad_flag = -9.990e-29
*END*
[from data line 386]
      0.916      0.017     5.2076     51.732     41.031  32.891998     4.6052      7.184   269.0652 8.4258e+01     7.1935      0.899      1.303    15.0759 0.0000e+00
      0.917      0.017     5.2092     51.730     41.054  32.910225     4.6170      7.185   269.2570 8.4278e+01     7.2562      0.899      1.303    15.0757 0.0000e+00
      0.919      0.022     5.2082     51.745     41.048  32.903942     4.6077      7.185   269.1882 8.3601e+01     7.2867      0.900      1.305    15.0760 0.0000e+00
      0.925      0.029     5.2087     51.750     41.019  32.879431     4.5678      7.185   269.0944 8.2056e+01     7.2895      0.904      1.311    15.0769 0.0000e+00
      0.935      0.036     5.2069     51.719     41.005  32.867478     4.4919      7.185   268.9827 8.0271e+01     7.2556      0.917      1.329    15.0780 0.0000e+00
      0.947      0.042     5.2063     51.682     41.030  32.886219     4.4473      7.186   269.0418 7.8713e+01     7.2183      0.929      1.347    15.0779 0.0000e+00
      0.959      0.047     5.2084     51.663     41.068  32.915818     4.4446      7.187   269.3794 7.6895e+01     7.2146      0.940      1.362    15.0762 0.0000e+00
      0.974      0.051     5.2119     51.640     41.059  32.908330     4.4517      7.187   269.5370 7.5388e+01     7.1766      0.956      1.387    15.0745 0.0000e+00
      0.986      0.053     5.2066     51.616     40.997  32.859087     4.4757      7.187   269.5715 7.3760e+01     7.1005      0.967      1.404    15.0733 0.0000e+00
      0.997      0.053     5.2009     51.591     40.957  32.827661     4.4931      7.186   269.6243 7.1287e+01     7.0459      0.975      1.414    15.0720 0.0000e+00
      1.012      0.052     5.2024     51.567     40.978  32.845368     4.4867      7.185   269.5724 6.8837e+01     7.0283      0.993      1.439    15.0714 0.0000e+00
      1.029      0.052     5.1981     51.570     41.024  32.882978     4.4813      7.186   269.6321 6.7145e+01     7.0932      1.012      1.468    15.0710 0.0000e+00
      1.042      0.053     5.1962     51.586     41.047  32.901973     4.4865      7.188   270.0026 6.6158e+01     7.2156      1.024      1.485    15.0710 0.0000e+00
      1.052      0.055     5.1944     51.589     41.026  32.884838     4.4914      7.189   270.3523 6.5040e+01     7.2794      1.030      1.494    15.0722 0.0000e+00
      1.064      0.056     5.1892     51.585     41.004  32.866003     4.4903      7.189   270.4180 6.3345e+01     7.2495      1.041      1.509    15.0734 0.0000e+00
      1.080      0.055     5.1909     51.589     41.004  32.864446     4.4809      7.189   270.4535 6.1453e+01     7.1950      1.059      1.536    15.0743 0.0000e+00
      1.098      0.054     5.1939     51.600     41.006  32.866015     4.4948      7.190   270.5226 5.9743e+01     7.2019      1.076      1.562    15.0750 0.0000e+00
      1.114      0.050     5.1934     51.610     41.029  32.884978     4.5332      7.190   270.4800 5.8336e+01     7.2637      1.094      1.586    15.0750 0.0000e+00
      1.127      0.044     5.1925     51.608     41.051  32.903516     4.5541      7.190   270.4544 5.7327e+01     7.2933      1.108      1.607    15.0734 0.0000e+00
      1.136      0.038     5.1933     51.598     41.046  32.899943     4.5565      7.191   270.6424 5.6612e+01     7.2519      1.115      1.617    15.0711 0.0000e+00
      1.143      0.033     5.1949     51.597     41.053  32.905188     4.5367      7.191   270.8612 5.6182e+01     7.2082      1.121      1.626    15.0703 0.0000e+00
      1.149      0.029     5.1960     51.606     41.051  32.903526     4.5067      7.191   270.9488 5.5813e+01     7.2422      1.127      1.634    15.0716 0.0000e+00
      1.155      0.029     5.1959     51.613     41.022  32.879848     4.5022      7.191   271.0134 5.5254e+01     7.2872      1.132      1.641    15.0731 0.0000e+00
      1.163      0.030     5.1936     51.621     41.012  32.872507     4.5145      7.191   270.8674 5.4735e+01     7.2747      1.139      1.654    15.0734 0.0000e+00
      1.170      0.032     5.1936     51.637     41.020  32.878165     4.5138      7.192   270.4749 5.4217e+01     7.1937      1.148      1.665    15.0733 0.0000e+00
      1.179      0.032     5.1956     51.659     41.029  32.884863     4.4938      7.194   270.3966 5.3327e+01     7.0592      1.155      1.676    15.0727 0.0000e+00
      1.189      0.031     5.1960     51.672     41.035  32.890088     4.4809      7.194   270.7816 5.2369e+01     6.9803      1.167      1.692    15.0727 0.0000e+00
      1.198      0.029     5.1960     51.662     41.020  32.877937     4.4909      7.194   271.1725 5.2005e+01     6.9921      1.177      1.706    15.0730 0.0000e+00
      1.204      0.027     5.1982     51.648     41.004  32.864747     4.5072      7.195   271.3371 5.1835e+01     7.0302      1.180      1.712    15.0725 0.0000e+00
      1.210      0.025     5.2005     51.658     40.994  32.857414     4.5201      7.196   271.0509 5.1432e+01     7.0314      1.186      1.719    15.0718 0.0000e+00
      1.216      0.024     5.2033     51.675     40.989  32.852688     4.5301      7.197   270.4653 5.1147e+01     7.0074      1.192      1.729    15.0715 0.0000e+00
      1.221      0.024     5.2013     51.672     41.012  32.871005     4.5359      7.197   270.2795 5.0884e+01     7.0121      1.198      1.737    15.0717 0.0000e+00
      1.227      0.025     5.1977     51.660     41.034  32.888669     4.5404      7.196   270.3533 5.0328e+01     7.0203      1.204      1.745    15.0718 0.0000e+00
      1.234      0.026     5.2002     51.651     41.019  32.876050     4.5439      7.196   270.5829 4.9782e+01     7.0042      1.210      1.755    15.0719 0.0000e+00
      1.241      0.028     5.2033     51.631     40.982  32.845234     4.5439      7.197   270.9902 4.9373e+01     6.9885      1.217      1.764    15.0718 0.0000e+00
      1.247      0.031     5.2022     51.602     40.967  32.833092     4.5411      7.198   270.8042 4.8780e+01     7.0008      1.223      1.773    15.0714 0.0000e+00
      1.255      0.035     5.2001     51.583     40.996  32.856045     4.5602      7.198   270.1402 4.8016e+01     7.0853      1.231      1.785    15.0712 0.0000e+00
      1.263      0.037     5.2008     51.584     41.012  32.869145     4.5999      7.198   269.7600 4.7246e+01     7.1901      1.238      1.796    15.0707 0.0000e+00
      1.273      0.038     5.1984     51.593     41.007  32.864680     4.6130      7.199   269.6489 4.6335e+01     7.2084      1.246      1.808    15.0695 0.0000e+00
      1.287      0.037     5.1949     51.585     41.008  32.865458     4.6016      7.199   269.7432 4.5340e+01     7.2039      1.262      1.832    15.0687 0.0000e+00
      1.299      0.036     5.1924     51.567     41.024  32.878554     4.6046      7.199   270.1259 4.4662e+01     7.2388      1.276      1.851    15.0686 0.0000e+00
      1.307      0.033     5.1928     51.554     41.046  32.896211     4.6483      7.198   270.4902 4.4214e+01     7.2883      1.282      1.859    15.0685 0.0000e+00
      1.314      0.029     5.1955     51.560     41.036  32.888741     4.7063      7.198   270.5346 4.3749e+01     7.3251      1.288      1.868    15.0684 0.0000e+00
      1.320      0.025     5.1936     51.585     40.990  32.851651     4.7228      7.199   270.4039 4.3176e+01     7.3077      1.294      1.877    15.0685 0.0000e+00
      1.326      0.023     5.1916     51.609     40.961  32.828171     4.7150      7.199   270.2866 4.2645e+01     7.2485      1.300      1.885    15.0685 0.0000e+00
      1.331      0.023     5.1897     51.627     40.999  32.858454     4.7192      7.199   270.1490 4.2330e+01     7.2243      1.306      1.894    15.0689 0.0000e+00
      1.336      0.023     5.1894     51.642     41.052  32.900789     4.7232      7.200   270.1174 4.1990e+01     7.2202      1.311      1.899    15.0692 0.0000e+00
      1.342      0.024     5.1942     51.656     41.046  32.896210     4.7224      7.201   270.6781 4.1641e+01     7.1982      1.316      1.909    15.0692 0.0000e+00
      1.349      0.026     5.1960     51.675     41.010  32.866498     4.7263      7.201   271.5947 4.1187e+01     7.1979      1.323      1.919    15.0690 0.0000e+00
      1.354      0.029     5.1979     51.693     41.000  32.858558     4.7700      7.201   271.9074 4.0525e+01     7.2159      1.328      1.925    15.0684 0.0000e+00
      1.360      0.031     5.1995     51.708     41.007  32.863604     4.8525      7.201   271.6194 3.9791e+01     7.2458      1.333      1.933    15.0682 0.0000e+00
      1.369      0.032     5.2000     51.725     41.007  32.864115     4.8912      7.202   271.1240 3.8908e+01     7.2521      1.342      1.946    15.0683 0.0000e+00
      1.380      0.032     5.2031     51.740     41.008  32.864739     4.8881      7.203   270.8223 3.8033e+01     7.2238      1.353      1.962    15.0679 0.0000e+00
      1.390      0.031     5.2043     51.749     41.016  32.871144     4.8975      7.203   271.4122 3.7450e+01     7.2105      1.364      1.980    15.0673 0.0000e+00
      1.399      0.030     5.2060     51.745     41.024  32.878156     4.9225      7.203   272.4925 3.7146e+01     7.2278      1.374      1.993    15.0673 0.0000e+00
      1.404      0.028     5.2076     51.723     41.034  32.886112     4.9481      7.204   272.9565 3.6830e+01     7.2623      1.377      1.997    15.0672 0.0000e+00
      1.409      0.025     5.2094     51.678     41.057  32.903932     4.9495      7.205   272.7204 3.6317e+01     7.2520      1.380      2.002    15.0672 0.0000e+00
      1.415      0.023     5.2108     51.626     41.057  32.903413     4.9396      7.205   272.3047 3.5732e+01     7.2061      1.389      2.014    15.0675 0.0000e+00
      1.422      0.022     5.2098     51.595     41.028  32.879829     4.9529      7.203   272.1464 3.5268e+01     7.2202      1.396      2.024    15.0675 0.0000e+00
      1.429      0.022     5.2090     51.597     41.018  32.872393     4.9688      7.203   272.4422 3.4993e+01     7.2856      1.402      2.032    15.0676 0.0000e+00
      1.434      0.021     5.2032     51.619     41.023  32.876909     4.9656      7.205   272.9560 3.4685e+01     7.3132      1.406      2.039    15.0673 0.0000e+00
      1.439      0.021     5.1968     51.633     41.015  32.871032     4.9557      7.206   273.2825 3.4274e+01     7.2807      1.410      2.046    15.0663 0.0000e+00
      1.443      0.020     5.1937     51.648     41.008  32.864738     4.9412      7.206   273.3775 3.3985e+01     7.2347      1.415      2.054    15.0660 0.0000e+00
      1.448      0.018     5.1935     51.686     41.008  32.864218     4.9316      7.206   273.4165 3.3674e+01     7.2348      1.418      2.057    15.0666 0.0000e+00
      1.453      0.017     5.1981     51.711     41.009  32.864738     4.9395      7.206   273.4105 3.3242e+01     7.2817      1.425      2.067    15.0677 0.0000e+00
      1.459      0.014     5.1986     51.700     41.016  32.871020     4.9525      7.206   273.2185 3.2948e+01     7.3237      1.432      2.078    15.0683 0.0000e+00
      1.462      0.011     5.1983     51.695     41.023  32.876768     4.9726      7.206   272.9015 3.2823e+01     7.2639      1.435      2.081    15.0677 0.0000e+00
      1.464      0.009     5.2043     51.707     41.016  32.870833     4.9916      7.205   272.8478 3.2796e+01     7.1058      1.436      2.083    15.0668 0.0000e+00
      1.465      0.006     5.2090     51.713     41.007  32.862668     4.9988      7.204   272.9991 3.2769e+01     7.0172      1.436      2.083    15.0670 0.0000e+00
      1.465      0.005     5.2043     51.720     40.982  32.841452     5.0186      7.205   273.2671 3.2685e+01     7.0464      1.437      2.084    15.0674 0.0000e+00
      1.466      0.006     5.2034     51.721     40.937  32.804516     5.0818      7.206   273.5941 3.2591e+01     7.0833      1.438      2.085    15.0678 0.0000e+00
      1.467      0.008     5.2072     51.706     40.929  32.796493     5.1718      7.206   273.1670 3.2464e+01     7.0539      1.439      2.087    15.0678 0.0000e+00
      1.469      0.011     5.2057     51.691     40.946  32.807849     5.2162      7.206   272.1473 3.2297e+01     7.0328      1.441      2.089    15.0669 0.0000e+00
      1.471      0.016     5.2074     51.672     40.957  32.815016     5.2263      7.206   271.7618 3.2058e+01     7.0670      1.442      2.092    15.0656 0.0000e+00
      1.476      0.020     5.2090     51.656     40.966  32.819736     5.2697      7.206   272.1188 3.1768e+01     7.1936      1.447      2.099    15.0638 0.0000e+00
      1.482      0.024     5.2056     51.658     40.947  32.801522     5.3245      7.206   272.5925 3.1475e+01     7.3685      1.454      2.108    15.0616 0.0000e+00
      1.490      0.028     5.2057     51.666     40.929  32.784999     5.3392      7.207   272.8434 3.1119e+01     7.4391      1.461      2.118    15.0594 0.0000e+00
      1.498      0.030     5.2036     51.681     40.961  32.810157     5.3308      7.207   272.4839 3.0650e+01     7.4663      1.469      2.130    15.0571 0.0000e+00
      1.507      0.033     5.2008     51.717     41.012  32.852091     5.3066      7.207   271.6020 3.0208e+01     7.4587      1.479      2.145    15.0550 0.0000e+00
      1.515      0.037     5.2031     51.774     41.005  32.848198     5.2625      7.207   271.2152 2.9880e+01     7.3474      1.486      2.155    15.0505 0.0000e+00
      1.522      0.040     5.2037     51.831     40.980  32.826498     5.2391      7.208   271.5063 2.9462e+01     7.2476      1.492      2.162    15.0466 0.0000e+00
      1.533      0.042     5.2047     51.860     41.005  32.843322     5.2311      7.209   271.8518 2.8822e+01     7.2424      1.501      2.179    15.0470 0.0000e+00
      1.547      0.044     5.2083     51.856     41.032  32.861407     5.2247      7.210   271.9518 2.8097e+01     7.2844      1.516      2.200    15.0477 0.0000e+00
      1.561      0.046     5.2143     51.852     41.028  32.854944     5.2621      7.210   271.8544 2.7584e+01     7.3121      1.533      2.223    15.0506 0.0000e+00
      1.572      0.046     5.2213     51.873     40.998  32.828586     5.3255      7.211   271.7063 2.7213e+01     7.3039      1.542      2.236    15.0504 0.0000e+00
      1.582      0.046     5.2256     51.904     40.959  32.796324     5.3496      7.211   271.5374 2.6663e+01     7.2871      1.550      2.247    15.0441 0.0000e+00
      1.594      0.045     5.2239     51.919     40.941  32.781872     5.3455      7.211   271.4474 2.6123e+01     7.2802      1.564      2.269    15.0390 0.0000e+00
      1.605      0.043     5.2228     51.920     40.939  32.780662     5.3423      7.211   271.4799 2.5633e+01     7.2892      1.573      2.283    15.0358 0.0000e+00
      1.617      0.041     5.2259     51.924     40.940  32.781687     5.3451      7.211   271.5858 2.5053e+01     7.2932      1.584      2.298    15.0332 0.0000e+00
      1.628      0.038     5.2307     51.933     40.956  32.794266     5.3540      7.210   272.1257 2.4608e+01     7.2607      1.598      2.319    15.0322 0.0000e+00
      1.638      0.033     5.2316     51.936     40.971  32.805949     5.3495      7.209   272.9317 2.4278e+01     7.2367      1.607      2.330    15.0325 0.0000e+00
      1.646      0.029     5.2310     51.929     40.959  32.796137     5.2912      7.209   273.0703 2.3980e+01     7.2768      1.614      2.342    15.0327 0.0000e+00
      1.652      0.026     5.2313     51.914     40.967  32.802435     5.1979      7.210   272.8552 2.3769e+01     7.3354      1.621      2.351    15.0326 0.0000e+00
      1.656      0.025     5.2331     51.896     40.987  32.818702     5.1384      7.211   272.6546 2.3601e+01     7.3299      1.624      2.355    15.0325 0.0000e+00
      1.660      0.026     5.2335     51.900     40.967  32.802606     5.1124      7.211   272.3654 2.3417e+01     7.2796      1.627      2.360    15.0320 0.0000e+00
