Data/DataNotYetUploadedToEDI/Raw_CTD/RawDownloads/100323_fcr50_S7809003.cnv
* Sea-Bird SBE19plus  Data File:
* FileName = C:\R\Reservoirs\Data\DataNotYetUploadedToEDI\Raw_CTD\RawDownloads\092623_bvr50_S7809_0003.hex
* Software version 2.8.0.119
* Temperature SN = 7809
* Conductivity SN = 7809
* System UpLoad Time = Oct 05 2023 10:03:07
* <ApplicationData>
* <Seaterm232>
# nquan = 15
# nvalues = 1905                        
# units = specified
# name 0 = depFM: Depth [fresh water, m]
# name 1 = dz/dtM: Descent Rate [m/s]
# name 2 = sbeox0Mg/L: Oxygen, SBE 43 [mg/l]
# name 3 = sbeox0PS: Oxygen, SBE 43 [% saturation]
# name 4 = specc: Specific Conductance [uS/cm]
# name 5 = c0uS/cm: Conductivity [uS/cm]
# name 6 = flECO-AFL: Fluorescence, WET Labs ECO-AFL/FL [mg/m^3]
# name 7 = ph: pH
# name 8 = orp: Oxidation Reduction Potential [mV]
# name 9 = par/sat/log: PAR/Logarithmic, Satlantic
# name 10 = turbWETntu0: Turbidity, WET Labs ECO [NTU]
# name 11 = prdM: Pressure, Strain Gauge [db]
# name 12 = prdE: Pressure, Strain Gauge [psi]
# name 13 = tv290C: Temperature [ITS-90, deg C]
# name 14 = flag:  0.000e+00
# span 0 =     -0.575,      9.612       
# span 1 =     -0.439,      0.274       
# span 2 =    -0.5421,     9.5163       
# span 3 =     -4.762,    106.677       
# span 4 =      4.964,    415.883       
# span 5 =   4.536973, 308.981013       
# span 6 =    -0.0435,     7.4420       
# span 7 =      5.892,      6.473       
# span 8 =  -136.4362,   308.8601       
# span 9 = 1.2362e-01, 6.4876e+02       
# span 10 =    -0.2430,   263.7362      
# span 11 =     -0.567,      9.427      
# span 12 =     -0.821,     13.673      
# span 13 =    12.1410,    22.6112      
# span 14 = 0.0000e+00, 0.0000e+00      
# interval = seconds: 0.25
# start_time = Oct 03 2023 13:21:44 [Instrument's time stamp, header]
# bad_flag = -9.990e-29
*END*
[from data line 290]
     -0.047     -0.020     8.1422     90.352     44.565  40.687235     3.7206      6.329   288.9674 5.1275e+02     3.0303     -0.040     -0.058    20.6353 0.0000e+00
     -0.066     -0.023     8.1357     90.475     44.538  40.665553     3.7375      6.330   281.1504 3.7377e+02     3.0800     -0.068     -0.099    20.6327 0.0000e+00
     -0.079     -0.023     8.1307     90.573     44.511  40.640136     3.7281      6.329   277.2595 2.5831e+02     3.0830     -0.082     -0.120    20.6318 0.0000e+00
     -0.084     -0.016     8.1077     90.578     44.508  40.633779     3.7148      6.328   282.1035 2.2548e+02     3.0329     -0.081     -0.117    20.6371 0.0000e+00
     -0.088     -0.003     8.1024     90.548     44.533  40.652147     3.7190      6.328   292.5693 2.1901e+02     3.0208     -0.088     -0.128    20.6454 0.0000e+00
     -0.087      0.009     8.1230     90.473     44.554  40.671818     3.7286      6.330   298.4888 2.2354e+02     3.0392     -0.089     -0.128    20.6495 0.0000e+00
     -0.078      0.014     8.1334     90.366     44.559  40.681232     3.7310      6.334   299.2126 2.2570e+02     3.0851     -0.077     -0.112    20.6493 0.0000e+00
     -0.066      0.014     8.1297     90.317     44.574  40.702517     3.7224      6.337   297.7925 2.2511e+02     3.0970     -0.064     -0.094    20.6435 0.0000e+00
     -0.057      0.011     8.1305     90.352     44.607  40.738783     3.7169      6.340   292.6759 2.2403e+02     3.0120     -0.053     -0.077    20.6358 0.0000e+00
     -0.057      0.008     8.1248     90.432     44.603  40.738935     3.7218      6.342   284.8428 2.2320e+02     2.9457     -0.052     -0.077    20.6365 0.0000e+00
     -0.063      0.007     8.1071     90.463     44.564  40.704351     3.7400      6.343   279.7442 2.2331e+02     2.9784     -0.061     -0.091    20.6445 0.0000e+00
     -0.069      0.007     8.1037     90.408     44.563  40.701427     3.7715      6.343   277.9205 2.2293e+02     3.0315     -0.070     -0.102    20.6526 0.0000e+00
     -0.068      0.012     8.1044     90.300     44.568  40.703587     3.7863      6.343   276.7303 2.2194e+02     3.0413     -0.069     -0.100    20.6598 0.0000e+00
     -0.061      0.019     8.1162     90.166     44.531  40.666996     3.7772      6.343   276.6250 2.2355e+02     3.0292     -0.060     -0.086    20.6658 0.0000e+00
     -0.051      0.027     8.1200     90.031     44.507  40.639796     3.7859      6.344   277.2496 2.3426e+02     3.0214     -0.050     -0.072    20.6667 0.0000e+00
     -0.041      0.034     8.1128     89.903     44.502  40.628557     3.8248      6.345   278.0007 2.3719e+02     3.0491     -0.040     -0.058    20.6614 0.0000e+00
     -0.032      0.039     8.1045     89.796     44.476  40.594570     3.8558      6.344   283.7277 2.1629e+02     3.0906     -0.032     -0.046    20.6602 0.0000e+00
     -0.025      0.044     8.0900     89.741     44.436  40.546168     3.8542      6.343   291.1712 2.0043e+02     3.0798     -0.025     -0.036    20.6578 0.0000e+00
     -0.016      0.050     8.0806     89.793     44.457  40.551037     3.8132      6.340   288.4992 2.0075e+02     3.0897     -0.017     -0.025    20.6500 0.0000e+00
     -0.002      0.057     8.0688     89.937     44.513  40.589953     3.7522      6.335   281.2764 2.0514e+02     3.1759     -0.004     -0.005    20.6437 0.0000e+00
      0.015      0.065     8.0606     90.065     44.503  40.572427     3.7234      6.332   278.6089 2.3793e+02     3.2681      0.015      0.022    20.6339 0.0000e+00
      0.034      0.071     8.0555     90.164     44.465  40.529518     3.7404      6.332   278.1866 4.0018e+02     3.3507      0.033      0.048    20.6196 0.0000e+00
      0.054      0.074     8.0613     90.249     44.462  40.515388     3.7494      6.332   277.8918 5.4069e+02     3.3887      0.052      0.076    20.6017 0.0000e+00
      0.075      0.074     8.0851     90.296     44.484  40.528498     3.7408      6.333   277.6259 4.4108e+02     3.3168      0.074      0.108    20.5844 0.0000e+00
      0.096      0.072     8.0954     90.315     44.516  40.561080     3.7529      6.335   277.0364 2.9393e+02     3.1645      0.095      0.138    20.5783 0.0000e+00
      0.115      0.070     8.1038     90.311     44.540  40.592025     3.7788      6.335   276.2699 2.1854e+02     3.0510      0.114      0.165    20.5720 0.0000e+00
      0.132      0.070     8.1174     90.315     44.525  40.585334     3.7962      6.336   276.1889 1.7666e+02     3.0379      0.130      0.188    20.5562 0.0000e+00
      0.145      0.072     8.1208     90.376     44.473  40.543654     3.8043      6.336   276.6584 1.6653e+02     3.0403      0.142      0.206    20.5424 0.0000e+00
      0.159      0.076     8.1231     90.484     44.464  40.532335     3.8106      6.337   277.0431 1.5895e+02     3.0456      0.153      0.222    20.5505 0.0000e+00
      0.179      0.078     8.1187     90.564     44.519  40.575408     3.8143      6.339   276.3656 1.5478e+02     3.0676      0.172      0.251    20.5657 0.0000e+00
      0.205      0.078     8.1164     90.575     44.564  40.620177     3.8242      6.339   275.0052 1.5418e+02     3.0676      0.201      0.291    20.5685 0.0000e+00
      0.232      0.073     8.1196     90.579     44.562  40.629381     3.8382      6.340   274.6196 1.5310e+02     3.0451      0.229      0.333    20.5835 0.0000e+00
      0.254      0.066     8.1329     90.614     44.547  40.623251     3.8338      6.343   275.0590 1.5134e+02     3.0004      0.251      0.365    20.5798 0.0000e+00
      0.268      0.057     8.1463     90.624     44.529  40.609529     3.8217      6.346   275.5865 1.4879e+02     3.0056      0.265      0.385    20.5578 0.0000e+00
      0.276      0.050     8.1420     90.572     44.511  40.590397     3.8243      6.346   275.7486 1.4413e+02     3.0397      0.270      0.394    20.5671 0.0000e+00
      0.281      0.045     8.1375     90.495     44.509  40.582317     3.8488      6.346   275.5558 1.3914e+02     3.1058      0.275      0.399    20.5857 0.0000e+00
      0.289      0.043     8.1428     90.425     44.507  40.575293     3.8849      6.346   275.7507 1.3701e+02     3.2573      0.282      0.409    20.5916 0.0000e+00
      0.303      0.044     8.1452     90.393     44.502  40.568937     3.8948      6.347   276.2980 1.4541e+02     3.3347      0.295      0.427    20.5952 0.0000e+00
      0.319      0.047     8.1378     90.410     44.503  40.568927     3.8857      6.348   276.6674 1.7583e+02     3.2904      0.314      0.455    20.5939 0.0000e+00
      0.333      0.049     8.1326     90.422     44.510  40.575168     3.8742      6.349   276.7752 1.9594e+02     3.2344      0.330      0.478    20.5824 0.0000e+00
      0.343      0.050     8.1264     90.387     44.518  40.580933     3.8552      6.351   276.7410 1.8865e+02     3.2042      0.336      0.487    20.5760 0.0000e+00
      0.353      0.050     8.1217     90.317     44.514  40.575157     3.8561      6.352   276.9420 1.8604e+02     3.1641      0.345      0.501    20.5762 0.0000e+00
      0.366      0.054     8.1267     90.240     44.509  40.568801     3.8601      6.350   277.3989 1.7787e+02     3.0906      0.359      0.521    20.5754 0.0000e+00
      0.380      0.064     8.1290     90.185     44.509  40.567542     3.8449      6.347   277.7914 1.7735e+02     3.0322      0.373      0.540    20.5755 0.0000e+00
      0.393      0.074     8.1254     90.187     44.503  40.559928     3.8305      6.347   278.0736 1.8341e+02     3.0049      0.384      0.556    20.5741 0.0000e+00
      0.411      0.082     8.1185     90.260     44.485  40.540204     3.8276      6.348   278.1450 1.5559e+02     3.0343      0.398      0.578    20.5711 0.0000e+00
      0.438      0.082     8.1115     90.375     44.468  40.519449     3.8436      6.349   278.1384 1.2589e+02     3.1145      0.428      0.621    20.5687 0.0000e+00
      0.469      0.077     8.1055     90.520     44.454  40.499372     3.8490      6.351   278.1653 1.1897e+02     3.1202      0.463      0.672    20.5669 0.0000e+00
      0.495      0.065     8.1047     90.660     44.451  40.487833     3.8260      6.354   278.2122 1.1846e+02     3.0693      0.490      0.710    20.5651 0.0000e+00
      0.511      0.049     8.1142     90.790     44.476  40.506852     3.8151      6.356   278.5328 1.1846e+02     3.0462      0.505      0.732    20.5620 0.0000e+00
      0.517      0.030     8.1243     90.928     44.508  40.538925     3.8332      6.358   278.9446 1.1771e+02     3.0455      0.509      0.739    20.5564 0.0000e+00
      0.517      0.016     8.1410     91.038     44.522  40.558313     3.8545      6.360   279.0614 1.1678e+02     3.0946      0.507      0.735    20.5468 0.0000e+00
      0.515      0.011     8.1562     91.090     44.509  40.550878     3.8392      6.361   278.9119 1.1608e+02     3.0936      0.505      0.732    20.5356 0.0000e+00
      0.512      0.015     8.1661     91.090     44.468  40.512508     3.7985      6.362   278.6869 1.1507e+02     3.0326      0.503      0.729    20.5303 0.0000e+00
      0.512      0.021     8.1804     91.051     44.437  40.475170     3.7869      6.363   278.6639 1.1431e+02     3.0407      0.500      0.724    20.5349 0.0000e+00
      0.520      0.026     8.1897     90.989     44.459  40.480203     3.7984      6.365   279.0634 1.1487e+02     3.0546      0.505      0.732    20.5451 0.0000e+00
      0.536      0.030     8.1928     90.926     44.505  40.509872     3.8121      6.366   279.6455 1.1569e+02     3.0299      0.525      0.762    20.5509 0.0000e+00
      0.552      0.032     8.1923     90.898     44.516  40.516561     3.8286      6.368   279.7647 1.1551e+02     3.0155      0.546      0.792    20.5510 0.0000e+00
      0.559      0.033     8.1902     90.922     44.492  40.497605     3.8311      6.369   279.4722 1.1537e+02     3.0180      0.550      0.799    20.5417 0.0000e+00
      0.559      0.033     8.1874     90.972     44.458  40.471073     3.8337      6.372   279.3792 1.1561e+02     3.0249      0.547      0.792    20.5183 0.0000e+00
      0.563      0.033     8.1834     91.011     44.435  40.449632     3.8521      6.373   279.8451 1.1558e+02     3.0304      0.549      0.797    20.5021 0.0000e+00
      0.572      0.034     8.1795     91.030     44.422  40.428754     3.8624      6.373   280.6301 1.1565e+02     3.0165      0.561      0.814    20.5014 0.0000e+00
      0.585      0.036     8.1828     91.047     44.417  40.409021     3.8499      6.375   280.9557 1.1599e+02     2.9936      0.574      0.832    20.5053 0.0000e+00
      0.598      0.037     8.1875     91.066     44.426  40.401408     3.8344      6.378   280.8562 1.1624e+02     3.0268      0.586      0.851    20.5118 0.0000e+00
      0.609      0.037     8.1906     91.050     44.439  40.400149     3.8324      6.379   280.7178 1.1661e+02     3.0764      0.599      0.868    20.5153 0.0000e+00
      0.617      0.035     8.1937     91.020     44.445  40.393784     3.8508      6.380   280.8308 1.1721e+02     3.0818      0.606      0.878    20.5046 0.0000e+00
      0.623      0.032     8.1971     91.018     44.447  40.387896     3.8823      6.381   281.4481 1.1786e+02     3.0910      0.609      0.884    20.4811 0.0000e+00
      0.631      0.028     8.2055     91.059     44.456  40.392421     3.8883      6.382   281.9004 1.1869e+02     3.0518      0.618      0.896    20.4645 0.0000e+00
      0.640      0.023     8.2040     91.154     44.448  40.385024     3.8826      6.385   281.7397 1.1969e+02     2.9834      0.628      0.912    20.4516 0.0000e+00
      0.646      0.018     8.2021     91.238     44.421  40.361917     3.8965      6.387   281.3977 1.2055e+02     3.0157      0.635      0.921    20.4356 0.0000e+00
      0.651      0.014     8.2041     91.237     44.424  40.366900     3.9056      6.388   281.2072 1.2071e+02     3.0665      0.640      0.927    20.4269 0.0000e+00
      0.653      0.013     8.2058     91.167     44.441  40.381809     3.9014      6.388   281.3296 1.2048e+02     3.0510      0.642      0.931    20.4245 0.0000e+00
      0.651      0.014     8.2179     91.068     44.414  40.351787     3.8961      6.389   281.6729 1.2051e+02     3.0330      0.639      0.926    20.4235 0.0000e+00
      0.651      0.019     8.2285     90.953     44.392  40.321227     3.8918      6.390   282.0031 1.2077e+02     3.0532      0.637      0.923    20.4260 0.0000e+00
      0.656      0.025     8.2263     90.884     44.412  40.329609     3.8994      6.391   282.3096 1.2122e+02     3.0912      0.640      0.929    20.4300 0.0000e+00
      0.666      0.030     8.2175     90.915     44.417  40.326192     3.9129      6.392   282.1101 1.2208e+02     3.1172      0.651      0.945    20.4300 0.0000e+00
      0.679      0.035     8.2111     91.011     44.377  40.279899     3.9133      6.392   281.4838 1.2307e+02     3.1279      0.667      0.966    20.4244 0.0000e+00
      0.690      0.037     8.2003     91.124     44.320  40.214128     3.9041      6.393   281.3622 1.2379e+02     3.0843      0.678      0.984    20.4098 0.0000e+00
      0.700      0.036     8.1931     91.232     44.291  40.165576     3.8926      6.394   281.8442 1.2456e+02     3.0342      0.687      0.996    20.3970 0.0000e+00
      0.707      0.035     8.1997     91.317     44.291  40.137081     3.8992      6.395   282.4935 1.2512e+02     3.0684      0.694      1.006    20.3903 0.0000e+00
      0.714      0.034     8.2111     91.360     44.304  40.123409     3.9178      6.396   282.8453 1.2539e+02     3.0875      0.700      1.015    20.3809 0.0000e+00
      0.722      0.035     8.2243     91.381     44.326  40.127162     3.9257      6.397   282.1402 1.2554e+02     3.0259      0.708      1.028    20.3673 0.0000e+00
      0.731      0.038     8.2386     91.421     44.331  40.118971     3.9369      6.397   280.8521 1.2559e+02     2.9734      0.716      1.039    20.3403 0.0000e+00
      0.741      0.042     8.2536     91.477     44.311  40.087812     3.9450      6.397   280.7789 1.2551e+02     2.9989      0.726      1.053    20.3025 0.0000e+00
      0.752      0.045     8.2618     91.532     44.304  40.067725     3.9486      6.396   281.6851 1.2537e+02     3.0612      0.736      1.068    20.2729 0.0000e+00
      0.765      0.045     8.2637     91.580     44.312  40.066468     3.9560      6.396   282.1730 1.2529e+02     3.0777      0.748      1.086    20.2568 0.0000e+00
      0.780      0.044     8.2702     91.641     44.323  40.072604     3.9842      6.396   281.6015 1.2472e+02     3.0612      0.767      1.113    20.2458 0.0000e+00
      0.793      0.041     8.2787     91.751     44.332  40.078454     4.0321      6.396   280.4532 1.2405e+02     3.0323      0.780      1.131    20.2292 0.0000e+00
      0.801      0.037     8.2865     91.855     44.326  40.073727     4.0521      6.397   279.9906 1.2352e+02     3.0015      0.786      1.140    20.2118 0.0000e+00
      0.808      0.032     8.2925     91.874     44.326  40.078918     4.0589      6.399   280.0515 1.2269e+02     3.0315      0.793      1.151    20.2027 0.0000e+00
      0.815      0.028     8.2953     91.849     44.320  40.077763     4.0559      6.399   280.4154 1.2214e+02     3.0535      0.798      1.159    20.1998 0.0000e+00
      0.821      0.028     8.3077     91.813     44.302  40.059763     4.0328      6.399   280.8629 1.2188e+02     2.9937      0.804      1.168    20.1961 0.0000e+00
      0.828      0.031     8.3237     91.837     44.303  40.051673     4.0218      6.400   280.5588 1.2168e+02     2.9563      0.812      1.178    20.1963 0.0000e+00
      0.835      0.037     8.3176     91.931     44.307  40.043402     4.0141      6.400   280.0078 1.2158e+02     3.0118      0.819      1.187    20.2055 0.0000e+00
      0.842      0.042     8.3164     91.951     44.298  40.023212     4.0141      6.400   279.8787 1.2174e+02     3.1531      0.824      1.196    20.2128 0.0000e+00
