Data/DataNotYetUploadedToEDI/Raw_CTD/RawDownloads/100322_fcr50_S8188001.cnv
* Sea-Bird SBE19plus  Data File:
* FileName = C:\R\Reservoirs\Data\DataNotYetUploadedToEDI\Raw_CTD\RawDownloads\100322_fcr_S8188_0001.hex
* Software version 2.8.0.119
* Temperature SN = 8188
* Conductivity SN = 8188
* System UpLoad Time = Oct 04 2022 13:02:36
* <ApplicationData>
* <Seaterm232>
# nquan = 16
# nvalues = 1330                        
# units = specified
# name 0 = depFM: Depth [fresh water, m]
# name 1 = dz/dtM: Descent Rate [m/s]
# name 2 = sbeox0Mg/L: Oxygen, SBE 43 [mg/l]
# name 3 = sbeox0PS: Oxygen, SBE 43 [% saturation]
# name 4 = specc: Specific Conductance [uS/cm]
# name 5 = c0uS/cm: Conductivity [uS/cm]
# name 6 = wetCDOM: Fluorescence, WET Labs CDOM [mg/m^3]
# name 7 = flECO-AFL: Fluorescence, WET Labs ECO-AFL/FL [mg/m^3]
# name 8 = flECO-AFL1: Fluorescence, WET Labs ECO-AFL/FL, 2 [mg/m^3]
# name 9 = flECO-AFL2: Fluorescence, WET Labs ECO-AFL/FL, 3 [mg/m^3]
# name 10 = par/sat/log: PAR/Logarithmic, Satlantic
# name 11 = turbWETntu0: Turbidity, WET Labs ECO [NTU]
# name 12 = prdM: Pressure, Strain Gauge [db]
# name 13 = prdE: Pressure, Strain Gauge [psi]
# name 14 = tv290C: Temperature [ITS-90, deg C]
# name 15 = flag:  0.000e+00
# span 0 =     -0.606,      9.738       
# span 1 =     -0.252,      0.152       
# span 2 =    -2.6961,    10.0665       
# span 3 =    -25.097,     99.152       
# span 4 =   -683.381,    339.729       
# span 5 =-506.969803, 272.663041       
# span 6 =    -4.5000,    31.1400       
# span 7 =    -2.1564,     7.8078       
# span 8 =    -2.1300,    11.3316       
# span 9 =    -2.0304,     8.2485       
# span 10 = 1.1585e-01, 1.9261e+03      
# span 11 =    -2.6328,   387.2339      
# span 12 =     -0.594,      9.550      
# span 13 =     -0.861,     13.851      
# span 14 =    11.9847,    15.1802      
# span 15 = 0.0000e+00, 0.0000e+00      
# interval = seconds: 0.25
# start_time = Oct 03 2022 07:31:36 [Instrument's time stamp, header]
# bad_flag = -9.990e-29
*END*
[from data line 1085]
      9.257     -0.184     0.2026      1.888    135.118 100.445508     5.4000     2.2306     0.2982     1.9035 1.1617e-01    77.2223      9.078     13.166    12.1633 0.0000e+00
      9.199     -0.199     0.2026      1.887    134.522  99.992448     5.4000     2.2649     0.2982     1.9035 1.1623e-01    77.3425      9.021     13.084    12.1613 0.0000e+00
      9.141     -0.210     0.2017      1.879    135.481 100.689695     5.4000     2.2725     0.2982     1.9035 1.1617e-01    77.3425      8.964     13.001    12.1565 0.0000e+00
      9.083     -0.218     0.1992      1.856    135.788 100.903069     6.4800     2.2802     0.8094     3.9339 1.1615e-01    77.3726      8.907     12.918    12.1515 0.0000e+00
      9.024     -0.224     0.1944      1.811    132.856  98.714198     6.4800     2.0704     0.8094     3.9339 1.1617e-01    41.2552      8.849     12.835    12.1479 0.0000e+00
      8.964     -0.227     0.1868      1.740    126.316  93.851408     6.4800     2.1047     0.8094     3.9339 1.1605e-01    41.1800      8.791     12.750    12.1466 0.0000e+00
      8.905     -0.229     0.1768      1.647    118.759  88.238136     6.4800     2.1047     0.8094     3.9339 1.1617e-01    41.3153      8.732     12.665    12.1475 0.0000e+00
      8.846     -0.230     0.1653      1.540    113.783  84.545952     7.5600     2.0856     1.0650     3.2571 1.1620e-01    41.2852      8.675     12.582    12.1496 0.0000e+00
      8.788     -0.231     0.1538      1.433    111.829  83.098931     7.5600     1.5973     1.0650     3.2571 1.1628e-01    96.0701      8.618     12.499    12.1517 0.0000e+00
      8.731     -0.231     0.1433      1.335    111.034  82.510906     7.5600     1.5744     1.0650     3.2571 1.1633e-01    96.1002      8.562     12.418    12.1529 0.0000e+00
      8.673     -0.230     0.1350      1.258    110.519  82.128923     7.5600     1.5859     1.0650     3.2571 1.1605e-01    96.1903      8.506     12.336    12.1534 0.0000e+00
      8.616     -0.229     0.1293      1.204    109.872  81.648634     7.5600     1.5859     1.0650     3.2571 1.1630e-01    96.1903      8.449     12.255    12.1535 0.0000e+00
      8.559     -0.228     0.1262      1.175    108.560  80.673970     8.1000     1.3494     0.9798     1.7343 1.1633e-01    50.5739      8.393     12.173    12.1535 0.0000e+00
      8.501     -0.226     0.1256      1.169    106.669  79.268570     8.1000     1.3379     0.9798     1.7343 1.1600e-01    50.4687      8.337     12.092    12.1536 0.0000e+00
      8.444     -0.226     0.1268      1.181    104.307  77.514224     8.1000     1.3303     0.9798     1.7343 1.1620e-01    50.3484      8.281     12.010    12.1540 0.0000e+00
      8.386     -0.225     0.1295      1.206    101.311  75.288440     8.1000     1.3570     0.9798     1.7343 1.1605e-01    50.6340      8.224     11.928    12.1545 0.0000e+00
      8.329     -0.225     0.1332      1.241     98.657  73.317303     8.1900     1.2769     0.8946     1.3536 1.1607e-01    38.9105      8.168     11.846    12.1549 0.0000e+00
      8.274     -0.224     0.1368      1.274     97.877  72.737930     8.1900     1.2998     0.8946     1.3536 1.1612e-01    38.9255      8.114     11.768    12.1551 0.0000e+00
      8.221     -0.223     0.1399      1.303     99.679  74.076288     8.1900     1.2693     0.8946     1.3536 1.1612e-01    38.8804      8.062     11.693    12.1547 0.0000e+00
      8.170     -0.220     0.1421      1.323    102.280  76.008153     8.1900     1.2883     0.8946     1.3536 1.1600e-01    38.8203      8.012     11.620    12.1539 0.0000e+00
      8.120     -0.216     0.1432      1.334    103.050  76.577951     8.5500     1.0976     0.8946     1.0152 1.1628e-01    59.1110      7.963     11.550    12.1529 0.0000e+00
      8.071     -0.211     0.1433      1.335    102.460  76.138633     8.5500     1.1014     0.8946     1.0152 1.1612e-01    59.1260      7.915     11.480    12.1522 0.0000e+00
      8.022     -0.206     0.1424      1.327    101.847  75.682769     8.5500     1.0938     0.8946     1.0152 1.1633e-01    59.1861      7.867     11.411    12.1520 0.0000e+00
      7.973     -0.201     0.1410      1.313    101.646  75.533311     8.5500     1.1014     0.8946     1.0152 1.1640e-01    59.2012      7.819     11.341    12.1520 0.0000e+00
      7.924     -0.197     0.1398      1.302    102.167  75.920293     8.1900     1.0251     0.9372     1.0575 1.1623e-01    54.9476      7.771     11.271    12.1521 0.0000e+00
      7.875     -0.194     0.1392      1.297    103.166  76.663121     8.1900     1.0289     0.9372     1.0575 1.1615e-01    54.7522      7.723     11.201    12.1522 0.0000e+00
      7.825     -0.193     0.1389      1.294    103.090  76.606181     8.1900     1.0213     0.9372     1.0575 1.1628e-01    55.0228      7.674     11.130    12.1523 0.0000e+00
      7.775     -0.193     0.1391      1.296    101.125  75.146587     8.1900     1.0022     0.9372     1.0575 1.1628e-01    54.9326      7.624     11.058    12.1526 0.0000e+00
      7.724     -0.194     0.1402      1.306     98.956  73.536519     8.1900     0.9107     0.9372     1.0575 1.1628e-01    46.3203      7.574     10.985    12.1536 0.0000e+00
      7.672     -0.196     0.1416      1.319     97.440  72.412568     8.0100     0.9297     0.9372     1.0152 1.1623e-01    46.3354      7.524     10.912    12.1548 0.0000e+00
      7.619     -0.198     0.1431      1.333     95.799  71.195246     8.0100     0.9145     0.9372     1.0152 1.1630e-01    46.3955      7.471     10.836    12.1561 0.0000e+00
      7.563     -0.200     0.1449      1.350     93.581  69.550009     8.0100     0.9069     0.9372     1.0152 1.1617e-01    46.2602      7.417     10.757    12.1576 0.0000e+00
      7.506     -0.204     0.1473      1.373     91.253  67.823751     8.0100     0.8573     0.9372     1.0152 1.1617e-01    52.9486      7.361     10.676    12.1597 0.0000e+00
      7.449     -0.209     0.1505      1.402     89.417  66.462745     7.8300     0.8611     0.9372     0.9306 1.1630e-01    52.8134      7.305     10.595    12.1621 0.0000e+00
      7.393     -0.213     0.1538      1.433     88.103  65.490871     7.8300     0.8420     0.9372     0.9306 1.1623e-01    52.9486      7.250     10.515    12.1645 0.0000e+00
      7.338     -0.216     0.1563      1.456     87.344  64.930605     7.8300     0.8725     0.9372     0.9306 1.1617e-01    52.8885      7.196     10.437    12.1667 0.0000e+00
      7.284     -0.218     0.1586      1.477     86.989  64.670234     7.8300     0.8496     0.9372     0.9306 1.1610e-01    55.6991      7.143     10.360    12.1687 0.0000e+00
      7.231     -0.218     0.1613      1.503     86.627  64.404309     7.7400     0.8878     0.9798     0.9306 1.1620e-01    55.5639      7.092     10.285    12.1704 0.0000e+00
      7.179     -0.217     0.1642      1.530     86.091  64.008364     7.7400     0.8535     0.9798     0.9306 1.1612e-01    55.6991      7.040     10.211    12.1721 0.0000e+00
      7.126     -0.214     0.1670      1.556     85.376  63.479952     7.7400     0.8496     0.9798     0.9306 1.1605e-01    55.5639      6.988     10.135    12.1737 0.0000e+00
      7.071     -0.212     0.1694      1.579     84.435  62.783282     7.7400     0.7924     0.9798     0.9306 1.1612e-01    63.3194      6.935     10.057    12.1755 0.0000e+00
      7.016     -0.211     0.1716      1.599     83.292  61.936853     7.6500     0.7924     0.9798     0.9306 1.1620e-01    63.2894      6.881      9.979    12.1777 0.0000e+00
      6.961     -0.211     0.1737      1.618     82.212  61.137366     7.6500     0.7810     0.9798     0.9306 1.1612e-01    63.3044      6.827      9.902    12.1802 0.0000e+00
      6.908     -0.211     0.1750      1.631     81.467  60.588073     7.6500     0.8077     0.9798     0.9306 1.1630e-01    63.3194      6.774      9.825    12.1828 0.0000e+00
      6.854     -0.212     0.1753      1.634     80.996  60.241648     7.6500     0.8077     0.9798     0.9306 1.1623e-01    62.6431      6.722      9.749    12.1850 0.0000e+00
      6.801     -0.212     0.1751      1.632     80.504  59.878802     7.6500     0.7505     0.9798     0.9306 1.1638e-01    62.8234      6.669      9.673    12.1869 0.0000e+00
      6.749     -0.212     0.1749      1.631     79.994  59.501916     7.5600     0.8039     1.0224     0.8883 1.1605e-01    62.7783      6.618      9.599    12.1886 0.0000e+00
      6.699     -0.210     0.1748      1.630     79.807  59.365424     7.5600     0.7962     1.0224     0.8883 1.1612e-01    62.7783      6.569      9.528    12.1900 0.0000e+00
      6.649     -0.208     0.1748      1.630     79.891  59.428963     7.5600     0.7238     1.0224     0.8883 1.1617e-01    57.1871      6.521      9.457    12.1909 0.0000e+00
      6.598     -0.205     0.1751      1.632     79.780  59.346608     7.5600     0.7390     1.0224     0.8883 1.1625e-01    57.1871      6.470      9.384    12.1912 0.0000e+00
      6.543     -0.204     0.1756      1.637     79.304  58.993292     7.5600     0.7161     0.9798     0.9729 1.1602e-01    57.3074      6.416      9.306    12.1916 0.0000e+00
      6.486     -0.205     0.1762      1.642     78.672  58.524642     7.5600     0.7352     0.9798     0.9729 1.1623e-01    57.1120      6.360      9.224    12.1925 0.0000e+00
      6.427     -0.207     0.1764      1.644     78.099  58.101220     7.5600     0.7924     0.9798     0.9729 1.1630e-01    54.8424      6.302      9.141    12.1940 0.0000e+00
      6.369     -0.211     0.1761      1.641     77.603  57.735029     7.5600     0.7848     0.9798     0.9729 1.1628e-01    54.8575      6.246      9.059    12.1958 0.0000e+00
      6.314     -0.215     0.1755      1.636     77.151  57.401781     7.5600     0.8115     1.0224     0.8883 1.1620e-01    54.8725      6.192      8.981    12.1979 0.0000e+00
      6.263     -0.217     0.1749      1.631     76.802  57.145450     7.5600     0.7581     1.0224     0.8883 1.1620e-01    54.8875      6.142      8.908    12.2000 0.0000e+00
      6.213     -0.217     0.1742      1.624     76.591  56.990866     7.5600     0.8611     1.0224     0.8883 1.1623e-01    54.5869      6.093      8.837    12.2019 0.0000e+00
      6.164     -0.215     0.1733      1.616     76.453  56.890860     7.5600     0.8382     1.0224     0.8883 1.1607e-01    54.6019      6.044      8.767    12.2037 0.0000e+00
      6.115     -0.210     0.1729      1.612     76.395  56.850485     7.5600     0.8191     1.0224     1.0152 1.1628e-01    54.7072      5.996      8.697    12.2054 0.0000e+00
      6.068     -0.204     0.1732      1.615     76.584  56.993792     7.5600     0.8611     1.0224     1.0152 1.1625e-01    54.6771      5.950      8.630    12.2071 0.0000e+00
      6.022     -0.198     0.1740      1.623     77.088  57.370890     7.5600     0.8420     1.0224     1.0152 1.1617e-01    46.6811      5.906      8.566    12.2081 0.0000e+00
      5.976     -0.192     0.1749      1.631     77.506  57.681822     7.5600     0.8344     1.0224     1.0152 1.1623e-01    46.4556      5.860      8.500    12.2084 0.0000e+00
      5.928     -0.189     0.1760      1.641     77.328  57.549501     7.5600     0.8382     1.0224     1.0152 1.1615e-01    46.5759      5.813      8.431    12.2086 0.0000e+00
      5.877     -0.188     0.1772      1.652     76.715  57.095286     7.5600     0.8535     1.0224     0.8883 1.1648e-01    46.5458      5.763      8.359    12.2095 0.0000e+00
      5.825     -0.188     0.1784      1.664     76.169  56.691764     7.5600     0.8687     1.0224     0.8883 1.1612e-01    44.8774      5.712      8.285    12.2114 0.0000e+00
      5.771     -0.191     0.1791      1.670     75.860  56.465285     7.5600     0.8535     1.0224     0.8883 1.1620e-01    44.9225      5.660      8.209    12.2137 0.0000e+00
      5.716     -0.195     0.1792      1.671     75.679  56.333647     7.5600     0.8420     1.0224     0.8883 1.1628e-01    44.8023      5.606      8.130    12.2158 0.0000e+00
      5.659     -0.200     0.1791      1.671     75.507  56.208217     7.5600     0.8420     1.0224     0.8037 1.1625e-01    44.8324      5.550      8.049    12.2177 0.0000e+00
      5.600     -0.207     0.1796      1.675     75.303  56.059513     7.5600     0.7810     1.0224     0.8037 1.1610e-01    45.3584      5.492      7.965    12.2198 0.0000e+00
      5.540     -0.214     0.1812      1.691     75.024  55.855810     7.5600     0.7772     1.0224     0.8037 1.1620e-01    45.2833      5.432      7.879    12.2223 0.0000e+00
      5.478     -0.221     0.1842      1.718     74.648  55.580457     7.5600     0.8153     1.0224     0.8037 1.1625e-01    45.3584      5.372      7.792    12.2259 0.0000e+00
      5.417     -0.226     0.1885      1.759     74.281  55.314664     7.4700     0.7886     1.0224     0.8883 1.1623e-01    45.3584      5.312      7.704    12.2309 0.0000e+00
      5.356     -0.231     0.1942      1.813     74.045  55.148135     7.4700     0.8000     1.0224     0.8883 1.1612e-01    43.4947      5.252      7.618    12.2372 0.0000e+00
      5.296     -0.235     0.2016      1.883     73.888  55.042411     7.4700     0.8077     1.0224     0.8883 1.1630e-01    43.3744      5.193      7.532    12.2448 0.0000e+00
      5.235     -0.237     0.2114      1.975     73.682  54.901896     7.4700     0.8153     1.0224     0.8883 1.1623e-01    43.4796      5.134      7.446    12.2544 0.0000e+00
      5.174     -0.238     0.2244      2.098     73.342  54.667313     7.4700     0.7772     1.0224     0.8883 1.1645e-01    43.4346      5.073      7.358    12.2678 0.0000e+00
      5.111     -0.239     0.2421      2.266     72.820  54.305843     7.2900     0.8535     1.0224     0.9306 1.1635e-01    40.9997      5.012      7.269    12.2878 0.0000e+00
      5.048     -0.240     0.2678      2.509     72.094  53.806339     7.2900     0.8535     1.0224     0.9306 1.1625e-01    41.0899      4.950      7.179    12.3179 0.0000e+00
      4.984     -0.242     0.3060      2.873     71.243  53.229876     7.2900     0.8458     1.0224     0.9306 1.1615e-01    41.0899      4.888      7.089    12.3610 0.0000e+00
      4.920     -0.243     0.3649      3.433     70.374  52.654668     7.2900     0.8267     1.0224     0.9306 1.1716e-01    41.0598      4.825      6.998    12.4150 0.0000e+00
      4.857     -0.245     0.4556      4.296     69.485  52.070054     6.5700     1.3227     0.7668     1.0998 1.3209e-01    32.7030      4.763      6.908    12.4753 0.0000e+00
      4.794     -0.247     0.5907      5.580     68.487  51.407357     6.5700     1.3379     0.7668     1.0998 1.4318e-01    32.7030      4.701      6.818    12.5405 0.0000e+00
      4.730     -0.248     0.7814      7.396     67.178  50.519595     6.5700     1.3494     0.7668     1.0998 1.7067e-01    32.7331      4.638      6.727    12.6157 0.0000e+00
      4.666     -0.249     1.0334      9.803     65.413  49.312741     6.5700     1.3112     0.7668     1.0998 1.9021e-01    32.8082      4.575      6.636    12.7118 0.0000e+00
      4.602     -0.250     1.3457     12.798     63.478  48.006048     6.0300     1.9216     0.4686     1.2267 1.9931e-01    19.4615      4.513      6.546    12.8350 0.0000e+00
      4.540     -0.249     1.7138     16.340     61.785  46.895180     6.0300     1.9063     0.4686     1.2267 2.4126e-01    19.4615      4.452      6.457    12.9732 0.0000e+00
      4.480     -0.248     2.1322     20.378     60.259  45.899928     6.0300     1.8873     0.4686     1.2267 2.8595e-01    19.6418      4.393      6.372    13.1090 0.0000e+00
      4.422     -0.246     2.5948     24.858     58.500  44.713282     6.0300     1.9025     0.4686     1.2267 3.3707e-01    19.4615      4.336      6.290    13.2409 0.0000e+00
      4.368     -0.241     3.0913     29.688     56.542  43.375468     5.1300     2.4900     0.2556     1.2267 3.8410e-01     9.7670      4.284      6.213    13.3802 0.0000e+00
      4.320     -0.234     3.6071     34.730     55.108  42.441128     5.1300     2.4366     0.2556     1.2267 3.6458e-01     9.7670      4.237      6.145    13.5248 0.0000e+00
