Data/DataNotYetUploadedToEDI/Raw_CTD/RawDownloads/100323_bvr50_S7809002.cnv
* Sea-Bird SBE19plus  Data File:
* FileName = C:\R\Reservoirs\Data\DataNotYetUploadedToEDI\Raw_CTD\RawDownloads\092623_bvr50_S7809_0002.hex
* Software version 2.8.0.119
* Temperature SN = 7809
* Conductivity SN = 7809
* System UpLoad Time = Oct 05 2023 10:02:18
* <ApplicationData>
* <Seaterm232>
# nquan = 15
# nvalues = 1042                        
# units = specified
# name 0 = depFM: Depth [fresh water, m]
# name 1 = dz/dtM: Descent Rate [m/s]
# name 2 = sbeox0Mg/L: Oxygen, SBE 43 [mg/l]
# name 3 = sbeox0PS: Oxygen, SBE 43 [% saturation]
# name 4 = specc: Specific Conductance [uS/cm]
# name 5 = c0uS/cm: Conductivity [uS/cm]
# name 6 = flECO-AFL: Fluorescence, WET Labs ECO-AFL/FL [mg/m^3]
# name 7 = ph: pH
# name 8 = orp: Oxidation Reduction Potential [mV]
# name 9 = par/sat/log: PAR/Logarithmic, Satlantic
# name 10 = turbWETntu0: Turbidity, WET Labs ECO [NTU]
# name 11 = prdM: Pressure, Strain Gauge [db]
# name 12 = prdE: Pressure, Strain Gauge [psi]
# name 13 = tv290C: Temperature [ITS-90, deg C]
# name 14 = flag:  0.000e+00
# span 0 =     -0.666,      9.039       
# span 1 =     -0.492,      0.153       
# span 2 =     0.0940,     9.4149       
# span 3 =      0.937,    105.242       
# span 4 =      9.936,    243.261       
# span 5 =   8.947161, 169.422742       
# span 6 =    -2.1116,    11.9991       
# span 7 =      5.994,      6.733       
# span 8 =   -88.9417,   298.2333       
# span 9 = 1.2362e-01, 1.4199e+03       
# span 10 =     2.2854,     7.9574      
# span 11 =     -0.654,      8.868      
# span 12 =     -0.948,     12.862      
# span 13 =     9.8182,    21.9111      
# span 14 = 0.0000e+00, 0.0000e+00      
# interval = seconds: 0.25
# start_time = Oct 03 2023 11:31:49 [Instrument's time stamp, header]
# bad_flag = -9.990e-29
*END*
[from data line 482]
      4.417      0.057     1.3234      8.822     35.210  30.390057     4.0137      6.323   295.3166 7.7773e+00     3.3211      4.332      6.282    18.2545 0.0000e+00
      4.431      0.057     1.2035      7.639     35.329  30.475371     4.1694      6.324   295.5426 7.7272e+00     3.2519      4.345      6.301    18.2387 0.0000e+00
      4.447      0.057     1.0792      6.505     35.508  30.615606     4.1889      6.324   295.8811 7.6641e+00     3.2302      4.361      6.325    18.2160 0.0000e+00
      4.463      0.058     0.9501      5.446     35.686  30.753503     4.2082      6.324   296.1401 7.6014e+00     3.2987      4.378      6.349    18.1826 0.0000e+00
      4.477      0.060     0.8278      4.509     35.921  30.937412     4.2605      6.324   296.4371 7.5344e+00     3.3280      4.390      6.368    18.1468 0.0000e+00
      4.492      0.063     0.7214      3.693     36.238  31.189902     4.3461      6.324   296.8061 7.4382e+00     3.2775      4.404      6.388    18.1240 0.0000e+00
      4.507      0.068     0.6120      3.012     36.583  31.459191     4.3945      6.322   297.0735 7.3373e+00     3.2682      4.420      6.411    18.1088 0.0000e+00
      4.523      0.074     0.5095      2.470     36.925  31.719306     4.3802      6.318   297.2610 7.2306e+00     3.3178      4.435      6.432    18.0855 0.0000e+00
      4.542      0.080     0.4231      2.055     37.277  31.987719     4.0642      6.314   297.3518 7.0899e+00     3.3991      4.453      6.458    18.0586 0.0000e+00
      4.565      0.083     0.3447      1.769     37.521  32.166984     3.4707      6.311   297.3975 6.9317e+00     3.4657      4.476      6.492    18.0346 0.0000e+00
      4.590      0.082     0.2803      1.597     37.631  32.237340     3.1390      6.307   297.5553 6.7659e+00     3.4746      4.502      6.529    17.9976 0.0000e+00
      4.615      0.077     0.2303      1.502     37.912  32.457726     3.0822      6.305   297.6249 6.5989e+00     3.4718      4.526      6.564    17.9459 0.0000e+00
      4.638      0.070     0.1906      1.481     38.411  32.864985     2.9755      6.305   297.6367 6.4774e+00     3.5006      4.550      6.600    17.8979 0.0000e+00
      4.654      0.062     0.1634      1.533     39.160  33.481901     2.8068      6.306   297.8704 6.4267e+00     3.5154      4.567      6.625    17.8596 0.0000e+00
      4.663      0.058     0.1502      1.615     40.569  34.651028     2.7063      6.304   298.0414 6.3931e+00     3.4795      4.572      6.632    17.8261 0.0000e+00
      4.672      0.059     0.1405      1.707     42.395  36.151449     2.6850      6.302   297.9837 6.3331e+00     3.4767      4.580      6.643    17.8037 0.0000e+00
      4.682      0.064     0.1374      1.813     44.195  37.601076     2.7406      6.301   297.9464 6.2368e+00     3.5152      4.590      6.658    17.7793 0.0000e+00
      4.698      0.073     0.1457      1.918     46.230  39.233669     2.8792      6.298   297.9348 6.0961e+00     3.5359      4.605      6.678    17.7481 0.0000e+00
      4.722      0.082     0.1538      2.014     48.325  40.914445     2.9712      6.295   298.0155 5.9343e+00     3.5215      4.630      6.715    17.7155 0.0000e+00
      4.749      0.088     0.1616      2.097     49.704  41.993695     3.0451      6.291   298.2333 5.7788e+00     3.4783      4.657      6.754    17.6465 0.0000e+00
      4.775      0.090     0.1736      2.157     50.249  42.381803     3.8891      6.286   298.0734 5.6254e+00     3.6279      4.683      6.792    17.5418 0.0000e+00
      4.800      0.089     0.1838      2.197     51.043  43.004703     5.4610      6.279   297.2875 5.4799e+00     4.0330      4.709      6.830    17.4304 0.0000e+00
      4.821      0.084     0.1938      2.232     52.630  44.320160     6.3197      6.274   295.9577 5.3650e+00     4.3112      4.729      6.857    17.3269 0.0000e+00
      4.839      0.076     0.2024      2.256     54.540  45.909097     6.4065      6.271   293.4385 5.2539e+00     4.2929      4.745      6.881    17.2357 0.0000e+00
      4.859      0.070     0.2087      2.271     57.079  47.996930     6.4602      6.268   289.9729 5.1241e+00     4.1874      4.766      6.912    17.1576 0.0000e+00
      4.878      0.065     0.2115      2.300     59.954  50.327226     7.0193      6.265   287.0942 5.0118e+00     4.1624      4.786      6.942    17.1122 0.0000e+00
      4.892      0.062     0.2157      2.331     61.750  51.735149     8.0647      6.261   284.4440 4.9201e+00     4.2295      4.799      6.961    17.0994 0.0000e+00
      4.902      0.058     0.2187      2.353     62.238  52.066673     8.6365      6.255   280.2134 4.8105e+00     4.3168      4.806      6.971    17.0944 0.0000e+00
      4.916      0.052     0.2177      2.367     62.265  52.049550     8.7060      6.249   273.8001 4.6755e+00     4.3298      4.819      6.990    17.0563 0.0000e+00
      4.935      0.047     0.2227      2.377     62.731  52.417095     8.8978      6.244   266.1826 4.5473e+00     4.2490      4.840      7.021    16.9745 0.0000e+00
      4.951      0.047     0.2260      2.391     64.625  53.970462     9.2325      6.235   259.6091 4.4533e+00     4.1601      4.859      7.047    16.8796 0.0000e+00
      4.959      0.057     0.2284      2.396     67.780  56.541762     9.4151      6.219   255.3217 4.3953e+00     4.1422      4.866      7.057    16.8094 0.0000e+00
      4.961      0.070     0.2303      2.386     70.026  58.291912     9.4741      6.201   251.8579 4.3519e+00     4.1695      4.865      7.055    16.7897 0.0000e+00
      4.969      0.080     0.2301      2.374     69.916  58.045457     9.8791      6.185   246.8094 4.2401e+00     4.1148      4.864      7.056    16.7775 0.0000e+00
      4.996      0.085     0.2328      2.367     68.922  57.118805    10.6005      6.173   240.3977 4.0070e+00     3.9934      4.891      7.094    16.7584 0.0000e+00
      5.041      0.088     0.2335      2.347     68.871  57.060315    10.9800      6.163   235.5086 3.7731e+00     3.9305      4.949      7.178    16.7274 0.0000e+00
      5.078      0.086     0.2326      2.319     69.419  57.528942    10.9724      6.157   232.8666 3.6613e+00     3.9014      4.990      7.239    16.6323 0.0000e+00
      5.093      0.076     0.2311      2.293     69.786  57.830558    10.6496      6.154   230.7383 3.6152e+00     3.8806      4.997      7.248    16.4876 0.0000e+00
      5.099      0.062     0.2322      2.258     70.218  58.166361    10.0566      6.154   227.6712 3.5477e+00     3.8491      4.998      7.248    16.4025 0.0000e+00
      5.108      0.052     0.2305      2.242     71.009  58.794128     9.7210      6.153   223.8308 3.4582e+00     3.7944      5.009      7.264    16.4172 0.0000e+00
      5.120      0.052     0.2255      2.250     71.447  59.132071     9.5964      6.148   220.6133 3.3838e+00     3.7318      5.023      7.286    16.4407 0.0000e+00
      5.130      0.062     0.2258      2.252     71.411  59.076223     8.6663      6.142   218.2807 3.3258e+00     3.5701      5.030      7.296    16.4355 0.0000e+00
      5.144      0.073     0.2197      2.242     72.067  59.579889     6.9902      6.135   216.0186 3.2343e+00     3.3421      5.039      7.308    16.4161 0.0000e+00
      5.167      0.080     0.2180      2.228     73.048  60.330298     6.0845      6.129   213.3957 3.1042e+00     3.2646      5.065      7.346    16.3929 0.0000e+00
      5.195      0.083     0.2211      2.218     73.525  60.653191     6.0138      6.122   210.6577 2.9869e+00     3.3495      5.096      7.391    16.3778 0.0000e+00
      5.222      0.083     0.2205      2.207     73.782  60.815718     5.9774      6.115   208.1241 2.8919e+00     3.3786      5.122      7.430    16.3620 0.0000e+00
      5.245      0.080     0.2203      2.209     73.684  60.707109     5.5704      6.110   205.8201 2.8058e+00     3.2751      5.148      7.466    16.3397 0.0000e+00
      5.260      0.075     0.2175      2.229     73.762  60.737626     4.8376      6.105   203.7079 2.7387e+00     3.1916      5.160      7.482    16.2965 0.0000e+00
      5.273      0.070     0.2185      2.240     75.054  61.756381     4.4495      6.101   201.6001 2.6797e+00     3.2221      5.168      7.495    16.2335 0.0000e+00
      5.290      0.069     0.2163      2.238     76.881  63.177192     4.4408      6.098   199.2636 2.6168e+00     3.3026      5.188      7.524    16.2015 0.0000e+00
      5.308      0.072     0.2156      2.229     78.308  64.193075     4.5572      6.094   196.4507 2.5570e+00     3.3446      5.206      7.550    16.1958 0.0000e+00
      5.326      0.077     0.2203      2.223     80.041  65.398060     4.7587      6.090   193.0580 2.4968e+00     3.2862      5.220      7.571    16.1677 0.0000e+00
      5.348      0.082     0.2205      2.231     82.308  67.007429     4.8618      6.085   189.7326 2.4337e+00     3.2119      5.244      7.606    16.1431 0.0000e+00
      5.370      0.085     0.2207      2.246     83.974  68.082626     4.8384      6.080   186.8745 2.3757e+00     3.2324      5.267      7.639    16.1075 0.0000e+00
      5.390      0.087     0.2200      2.253     84.604  68.293521     4.6754      6.077   183.7961 2.3174e+00     3.3624      5.284      7.664    15.9969 0.0000e+00
      5.414      0.087     0.2194      2.252     85.139  68.476623     4.4068      6.074   179.9582 2.2560e+00     3.5877      5.308      7.699    15.8515 0.0000e+00
      5.440      0.086     0.2211      2.246     86.601  69.469939     4.2699      6.072   176.0044 2.2071e+00     3.7703      5.338      7.742    15.7141 0.0000e+00
      5.461      0.085     0.2243      2.244     88.571  70.833469     4.2689      6.070   172.8160 2.1760e+00     3.8278      5.357      7.770    15.5445 0.0000e+00
      5.481      0.081     0.2257      2.256     89.696  71.424675     4.3281      6.068   169.9734 2.1377e+00     3.7368      5.373      7.793    15.3436 0.0000e+00
      5.501      0.073     0.2261      2.263     89.550  71.024467     4.4366      6.067   166.8441 2.0719e+00     3.5581      5.394      7.823    15.1875 0.0000e+00
      5.523      0.062     0.2262      2.248     88.971  70.443590     4.4905      6.066   163.7169 2.0134e+00     3.4779      5.417      7.856    15.1148 0.0000e+00
      5.542      0.050     0.2247      2.222     88.500  70.121744     4.4968      6.066   160.8997 1.9888e+00     3.4840      5.438      7.886    15.0180 0.0000e+00
      5.553      0.038     0.2289      2.195     88.163  69.993311     4.4959      6.067   158.4211 1.9733e+00     3.4610      5.449      7.902    14.8057 0.0000e+00
      5.557      0.028     0.2312      2.181     88.622  70.479869     4.4638      6.068   156.1182 1.9481e+00     3.3707      5.450      7.904    14.6121 0.0000e+00
      5.557      0.023     0.2290      2.178     90.354  71.873334     4.4333      6.068   153.7048 1.9320e+00     3.2806      5.449      7.903    14.5475 0.0000e+00
      5.557      0.025     0.2263      2.177     92.443  73.366149     4.4257      6.069   151.3536 1.9310e+00     3.2257      5.450      7.904    14.5942 0.0000e+00
      5.560      0.032     0.2219      2.181     93.673  74.036093     4.4468      6.069   149.3715 1.9140e+00     3.2192      5.450      7.906    14.6993 0.0000e+00
      5.570      0.041     0.2205      2.193     94.063  74.061339     4.4888      6.070   147.2054 1.8728e+00     3.2699      5.458      7.917    14.7778 0.0000e+00
      5.586      0.048     0.2206      2.191     94.835  74.497489     4.5183      6.072   144.3508 1.8320e+00     3.2933      5.477      7.943    14.8110 0.0000e+00
      5.606      0.053     0.2207      2.171     96.797  75.939858     4.5363      6.073   141.1840 1.8075e+00     3.2971      5.499      7.976    14.7165 0.0000e+00
      5.623      0.058     0.2215      2.168     98.794  77.386827     4.5076      6.073   138.1700 1.7942e+00     3.3499      5.518      8.003    14.5019 0.0000e+00
      5.632      0.061     0.2248      2.188     99.468  77.750961     4.4285      6.073   135.1826 1.7798e+00     3.4194      5.524      8.012    14.3393 0.0000e+00
      5.642      0.064     0.2258      2.210     99.198  77.417713     4.3710      6.073   132.1664 1.7561e+00     3.4193      5.528      8.019    14.2574 0.0000e+00
      5.659      0.068     0.2213      2.218     99.090  77.299518     4.3623      6.070   129.7501 1.7341e+00     3.4168      5.548      8.047    14.2301 0.0000e+00
      5.681      0.073     0.2213      2.205     99.882  77.911403     4.3648      6.067   127.8213 1.7131e+00     3.4582      5.572      8.082    14.1798 0.0000e+00
      5.701      0.078     0.2255      2.184    101.786  79.347754     4.2922      6.065   125.8816 1.6759e+00     3.5092      5.590      8.108    14.0687 0.0000e+00
      5.723      0.083     0.2280      2.176    104.544  81.376577     4.1669      6.062   124.1068 1.6371e+00     3.5566      5.612      8.140    13.9957 0.0000e+00
      5.746      0.083     0.2296      2.181    107.684  83.618408     4.1066      6.059   122.4515 1.6086e+00     3.5518      5.635      8.173    13.9971 0.0000e+00
      5.766      0.082     0.2276      2.189    110.477  85.529492     4.0957      6.056   120.8387 1.5840e+00     3.5193      5.654      8.200    14.0090 0.0000e+00
      5.787      0.078     0.2242      2.188    111.842  86.355899     4.0933      6.054   119.1468 1.5529e+00     3.5058      5.674      8.230    13.9862 0.0000e+00
      5.808      0.073     0.2240      2.172    111.843  86.231763     4.1111      6.052   116.5365 1.5175e+00     3.5261      5.696      8.262    13.9323 0.0000e+00
      5.829      0.067     0.2254      2.166    112.585  86.763670     4.1283      6.052   112.9389 1.4982e+00     3.5590      5.717      8.291    13.8355 0.0000e+00
      5.846      0.062     0.2275      2.196    114.921  88.461205     4.1267      6.052   109.4611 1.4922e+00     3.5618      5.735      8.318    13.7039 0.0000e+00
      5.858      0.059     0.2282      2.221    116.872  89.707638     4.1000      6.051   106.2355 1.4798e+00     3.4913      5.746      8.334    13.5833 0.0000e+00
      5.867      0.058     0.2264      2.219    117.384  89.810425     4.0626      6.049   102.5902 1.4575e+00     3.3559      5.752      8.342    13.5264 0.0000e+00
      5.879      0.060     0.2226      2.223    117.337  89.576444     4.0415      6.046    98.7697 1.4279e+00     3.2573      5.763      8.359    13.5392 0.0000e+00
      5.896      0.063     0.2291      2.229    117.435  89.550453     4.0275      6.044    95.1457 1.3959e+00     3.2557      5.782      8.388    13.5231 0.0000e+00
      5.915      0.067     0.2342      2.225    117.909  89.877786     4.0018      6.043    91.4668 1.3719e+00     3.2682      5.801      8.414    13.3792 0.0000e+00
      5.934      0.069     0.2310      2.205    119.154  90.798441     3.9718      6.041    88.1873 1.3471e+00     3.2379      5.819      8.438    13.2298 0.0000e+00
      5.954      0.069     0.2336      2.176    120.643  91.838196     3.9649      6.040    86.1248 1.3121e+00     3.2314      5.840      8.470    13.1553 0.0000e+00
      5.972      0.065     0.2346      2.167    121.055  92.014681     3.9768      6.040    84.7698 1.2817e+00     3.2568      5.859      8.497    13.1125 0.0000e+00
      5.987      0.060     0.2342      2.171    120.871  91.786958     3.9989      6.041    83.1611 1.2615e+00     3.2717      5.872      8.516    13.1078 0.0000e+00
      6.002      0.057     0.2328      2.174    122.044  92.647878     4.0401      6.042    81.3864 1.2385e+00     3.2757      5.886      8.537    13.1122 0.0000e+00
      6.016      0.056     0.2271      2.182    125.199  94.978981     4.0594      6.042    79.4876 1.2175e+00     3.2371      5.902      8.559    13.0702 0.0000e+00
      6.026      0.058     0.2281      2.192    129.518  98.081645     4.0491      6.042    77.3245 1.1983e+00     3.1802      5.910      8.570    12.9898 0.0000e+00
      6.038      0.063     0.2295      2.221    134.428 101.522486     4.0322      6.042    75.2791 1.1686e+00     3.1676      5.918      8.582    12.9531 0.0000e+00
