Data/DataNotYetUploadedToEDI/Raw_CTD/RawDownloads/100322_fcr50_S8188001.cnv
* Sea-Bird SBE19plus  Data File:
* FileName = C:\R\Reservoirs\Data\DataNotYetUploadedToEDI\Raw_CTD\RawDownloads\100322_fcr_S8188_0001.hex
* Software version 2.8.0.119
* Temperature SN = 8188
* Conductivity SN = 8188
* System UpLoad Time = Oct 04 2022 13:02:36
* <ApplicationData>
* <Seaterm232>
# nquan = 16
# nvalues = 1330                        
# units = specified
# name 0 = depFM: Depth [fresh water, m]
# name 1 = dz/dtM: Descent Rate [m/s]
# name 2 = sbeox0Mg/L: Oxygen, SBE 43 [mg/l]
# name 3 = sbeox0PS: Oxygen, SBE 43 [% saturation]
# name 4 = specc: Specific Conductance [uS/cm]
# name 5 = c0uS/cm: Conductivity [uS/cm]
# name 6 = wetCDOM: Fluorescence, WET Labs CDOM [mg/m^3]
# name 7 = flECO-AFL: Fluorescence, WET Labs ECO-AFL/FL [mg/m^3]
# name 8 = flECO-AFL1: Fluorescence, WET Labs ECO-AFL/FL, 2 [mg/m^3]
# name 9 = flECO-AFL2: Fluorescence, WET Labs ECO-AFL/FL, 3 [mg/m^3]
# name 10 = par/sat/log: PAR/Logarithmic, Satlantic
# name 11 = turbWETntu0: Turbidity, WET Labs ECO [NTU]
# name 12 = prdM: Pressure, Strain Gauge [db]
# name 13 = prdE: Pressure, Strain Gauge [psi]
# name 14 = tv290C: Temperature [ITS-90, deg C]
# name 15 = flag:  0.000e+00
# span 0 =     -0.606,      9.738       
# span 1 =     -0.252,      0.152       
# span 2 =    -2.6961,    10.0665       
# span 3 =    -25.097,     99.152       
# span 4 =   -683.381,    339.729       
# span 5 =-506.969803, 272.663041       
# span 6 =    -4.5000,    31.1400       
# span 7 =    -2.1564,     7.8078       
# span 8 =    -2.1300,    11.3316       
# span 9 =    -2.0304,     8.2485       
# span 10 = 1.1585e-01, 1.9261e+03      
# span 11 =    -2.6328,   387.2339      
# span 12 =     -0.594,      9.550      
# span 13 =     -0.861,     13.851      
# span 14 =    11.9847,    15.1802      
# span 15 = 0.0000e+00, 0.0000e+00      
# interval = seconds: 0.25
# start_time = Oct 03 2022 07:31:36 [Instrument's time stamp, header]
# bad_flag = -9.990e-29
*END*
[from data line 633]
      4.703      0.116     5.5519     55.170     47.596  38.164375     4.7700     4.1036     0.1278     1.3959 1.1930e-01     7.2119      4.611      6.688    15.0886 0.0000e+00
      4.733      0.118     5.6349     55.994     47.713  38.257448     4.7700     3.8862     0.1278     1.3959 1.1605e-01     7.0616      4.642      6.732    15.0880 0.0000e+00
      4.761      0.118     5.7253     56.891     48.165  38.619461     4.9500     3.8709     0.1278     1.3113 1.2013e-01     7.0015      4.668      6.771    15.0873 0.0000e+00
      4.784      0.117     5.8192     57.824     48.519  38.903250     4.9500     3.8671     0.1278     1.3113 1.1620e-01     6.9113      4.692      6.805    15.0869 0.0000e+00
      4.805      0.113     5.9115     58.741     48.618  38.982452     4.9500     3.8862     0.1278     1.3113 1.2664e-01     6.9714      4.713      6.835    15.0869 0.0000e+00
      4.826      0.108     5.9963     59.584     48.629  38.991101     4.9500     3.8595     0.1278     1.3113 1.1620e-01     7.1217      4.733      6.864    15.0873 0.0000e+00
      4.845      0.101     6.0676     60.293     48.722  39.066203     4.9500     3.8671     0.1278     1.3113 1.1633e-01     7.0165      4.752      6.892    15.0876 0.0000e+00
      4.864      0.094     6.1192     60.806     48.933  39.235708     4.8600     3.8824     0.1278     1.2690 1.2349e-01     6.9564      4.770      6.918    15.0877 0.0000e+00
      4.881      0.086     6.1448     61.061     49.054  39.332859     4.8600     3.8671     0.1278     1.2690 1.1633e-01     7.0316      4.787      6.943    15.0877 0.0000e+00
      4.899      0.080     6.1406     61.019     48.964  39.260746     4.8600     4.0311     0.1278     1.2690 1.1617e-01     7.0165      4.805      6.969    15.0876 0.0000e+00
      4.918      0.076     6.1063     60.677     48.906  39.214077     4.8600     4.0464     0.1278     1.2690 1.1625e-01     7.0165      4.823      6.995    15.0874 0.0000e+00
      4.936      0.074     6.0458     60.076     49.037  39.319069     4.9500     4.0617     0.1278     1.3113 1.1617e-01     7.0165      4.841      7.021    15.0871 0.0000e+00
      4.954      0.072     5.9672     59.295     49.089  39.360066     4.9500     4.0502     0.1278     1.3113 1.3209e-01     6.9714      4.858      7.046    15.0867 0.0000e+00
      4.973      0.072     5.8793     58.420     48.845  39.163777     4.9500     3.9701     0.1278     1.3113 1.1605e-01     6.8211      4.877      7.073    15.0860 0.0000e+00
      4.993      0.072     5.7896     57.528     48.448  38.844257     4.9500     4.0006     0.1278     1.3113 1.2637e-01     6.5957      4.896      7.102    15.0852 0.0000e+00
      5.014      0.073     5.7042     56.678     48.092  38.557974     4.7700     3.9816     0.1704     1.3113 1.1617e-01     6.7610      4.917      7.132    15.0839 0.0000e+00
      5.037      0.075     5.6274     55.912     47.884  38.389035     4.7700     3.9968     0.1704     1.3113 1.1615e-01     6.7761      4.939      7.164    15.0819 0.0000e+00
      5.059      0.078     5.5610     55.249     47.922  38.417177     4.7700     4.0807     0.1704     1.3113 1.1610e-01     6.7310      4.961      7.195    15.0792 0.0000e+00
      5.079      0.080     5.5042     54.682     48.157  38.602363     4.7700     4.1036     0.1704     1.3113 1.1623e-01     6.7610      4.981      7.224    15.0765 0.0000e+00
      5.099      0.081     5.4539     54.180     48.319  38.730526     4.9500     4.1265     0.1278     1.2690 1.1628e-01     6.7911      5.000      7.252    15.0746 0.0000e+00
      5.119      0.082     5.4068     53.711     48.246  38.671433     4.9500     4.0922     0.1278     1.2690 1.1623e-01     6.7159      5.020      7.280    15.0736 0.0000e+00
      5.139      0.082     5.3610     53.255     47.974  38.452905     4.9500     4.0311     0.1278     1.2690 1.1610e-01     6.7460      5.040      7.310    15.0734 0.0000e+00
      5.162      0.082     5.3176     52.824     47.578  38.135522     4.9500     4.0502     0.1278     1.2690 1.1623e-01     6.8512      5.062      7.342    15.0731 0.0000e+00
      5.185      0.082     5.2796     52.446     47.187  37.820845     4.9500     4.0311     0.1278     1.2690 1.1612e-01     6.7310      5.085      7.375    15.0720 0.0000e+00
      5.210      0.084     5.2503     52.152     46.965  37.640864     4.5900     4.0426     0.1278     1.2690 1.1617e-01     6.6708      5.109      7.410    15.0699 0.0000e+00
      5.234      0.085     5.2330     51.977     47.055  37.710001     4.5900     3.9167     0.1278     1.2690 1.1623e-01     6.9564      5.133      7.444    15.0669 0.0000e+00
      5.255      0.087     5.2302     51.946     47.422  38.001134     4.5900     3.9243     0.1278     1.2690 1.1607e-01     7.1217      5.154      7.475    15.0638 0.0000e+00
      5.274      0.088     5.2409     52.049     47.726  38.243281     4.5900     3.9129     0.1278     1.2690 1.1617e-01     7.0015      5.172      7.502    15.0614 0.0000e+00
      5.292      0.087     5.2602     52.240     47.726  38.241530     4.7700     3.9243     0.1278     1.3536 1.1628e-01     6.9264      5.190      7.527    15.0602 0.0000e+00
      5.310      0.085     5.2829     52.464     47.580  38.124170     4.7700     3.8099     0.1278     1.3536 1.1620e-01     7.0466      5.207      7.552    15.0596 0.0000e+00
      5.327      0.081     5.3054     52.687     47.577  38.121373     4.7700     3.7946     0.1278     1.3536 1.1630e-01     7.0165      5.224      7.576    15.0591 0.0000e+00
      5.342      0.076     5.3264     52.894     47.714  38.230410     4.7700     3.7946     0.1278     1.3536 1.1620e-01     6.9865      5.239      7.598    15.0583 0.0000e+00
      5.357      0.071     5.3453     53.081     47.696  38.214927     4.6800     3.7756     0.1704     1.2267 1.1628e-01     7.0165      5.254      7.620    15.0574 0.0000e+00
      5.372      0.067     5.3617     53.243     47.431  38.001470     4.6800     3.9968     0.1704     1.2267 1.1623e-01     7.5877      5.268      7.641    15.0563 0.0000e+00
      5.388      0.064     5.3762     53.386     47.152  37.776758     4.6800     4.0083     0.1704     1.2267 1.1628e-01     7.4674      5.283      7.663    15.0551 0.0000e+00
      5.403      0.062     5.3911     53.531     47.064  37.704696     4.6800     4.0006     0.1704     1.2267 1.1628e-01     7.4975      5.298      7.684    15.0532 0.0000e+00
      5.417      0.061     5.4083     53.699     47.228  37.833411     4.8600     3.9816     0.1704     1.3113 1.1610e-01     7.4674      5.312      7.704    15.0508 0.0000e+00
      5.429      0.059     5.4273     53.885     47.603  38.131862     4.8600     3.4589     0.1704     1.3113 1.1623e-01    16.7110      5.324      7.722    15.0482 0.0000e+00
      5.440      0.057     5.4442     54.050     48.005  38.451847     4.8600     3.4360     0.1704     1.3113 1.1623e-01    16.6509      5.335      7.738    15.0460 0.0000e+00
      5.451      0.054     5.4547     54.153     48.302  38.688541     4.8600     3.4360     0.1704     1.3113 1.1605e-01    16.6959      5.346      7.753    15.0446 0.0000e+00
      5.462      0.052     5.4562     54.167     48.484  38.833750     4.8600     3.4322     0.1704     1.3113 1.1628e-01    16.7110      5.356      7.769    15.0441 0.0000e+00
      5.473      0.049     5.4477     54.083     48.501  38.846960     4.9500     3.2033     0.2130     1.3113 1.1638e-01    20.4084      5.367      7.785    15.0442 0.0000e+00
      5.486      0.047     5.4304     53.912     48.319  38.701982     4.9500     3.2072     0.2130     1.3113 1.1612e-01    20.4986      5.380      7.803    15.0446 0.0000e+00
      5.500      0.046     5.4071     53.680     47.996  38.443350     4.9500     3.1995     0.2130     1.3113 1.1623e-01    20.4986      5.394      7.823    15.0448 0.0000e+00
      5.516      0.047     5.3823     53.433     47.777  38.267525     4.9500     3.1919     0.2130     1.3113 1.1623e-01    20.4535      5.409      7.846    15.0445 0.0000e+00
      5.532      0.050     5.3619     53.230     47.821  38.301928     5.2200     3.0546     0.2982     1.1844 1.1620e-01    24.4214      5.425      7.869    15.0435 0.0000e+00
      5.549      0.053     5.3512     53.121     47.863  38.333885     5.2200     3.0736     0.2982     1.1844 1.1610e-01    24.2862      5.441      7.892    15.0418 0.0000e+00
      5.565      0.056     5.3519     53.126     47.812  38.290704     5.2200     3.0660     0.2982     1.1844 1.1605e-01    24.3763      5.458      7.915    15.0398 0.0000e+00
      5.582      0.059     5.3631     53.234     47.929  38.382720     5.2200     3.0584     0.2982     1.1844 1.1610e-01    24.2411      5.474      7.939    15.0374 0.0000e+00
      5.598      0.062     5.3825     53.423     48.089  38.507697     6.0300     2.4938     0.5112     1.3113 1.1620e-01    32.3273      5.490      7.962    15.0342 0.0000e+00
      5.614      0.063     5.4065     53.657     48.031  38.457302     6.0300     2.5091     0.5112     1.3113 1.1623e-01    32.2521      5.506      7.985    15.0301 0.0000e+00
      5.631      0.064     5.4317     53.900     47.992  38.420141     6.0300     2.5358     0.5112     1.3113 1.1605e-01    32.4175      5.522      8.009    15.0243 0.0000e+00
      5.647      0.065     5.4558     54.129     48.141  38.530906     6.0300     2.5014     0.5112     1.3113 1.1628e-01    32.3273      5.538      8.033    15.0153 0.0000e+00
      5.664      0.065     5.4784     54.338     48.203  38.567570     6.3900     2.0170     0.6816     1.0998 1.1623e-01    39.0307      5.555      8.056    15.0022 0.0000e+00
      5.682      0.065     5.5003     54.533     48.050  38.427004     6.3900     2.0322     0.6816     1.0998 1.1628e-01    39.1059      5.572      8.081    14.9835 0.0000e+00
      5.700      0.066     5.5234     54.728     47.960  38.327250     6.3900     2.0208     0.6816     1.0998 1.1612e-01    39.0307      5.590      8.108    14.9552 0.0000e+00
      5.719      0.067     5.5503     54.947     48.184  38.467518     6.3900     2.0170     0.6816     1.0998 1.1612e-01    39.1810      5.609      8.134    14.9153 0.0000e+00
      5.736      0.068     5.5834     55.223     48.522  38.695048     6.3900     1.6851     0.6816     1.0998 1.1605e-01    45.0578      5.625      8.159    14.8722 0.0000e+00
      5.752      0.068     5.6227     55.569     48.597  38.721885     6.7500     1.7080     0.8094     1.0575 1.1625e-01    44.8023      5.641      8.182    14.8375 0.0000e+00
      5.769      0.068     5.6666     55.973     48.482  38.606687     6.7500     1.6927     0.8094     1.0575 1.1620e-01    44.8624      5.657      8.205    14.8129 0.0000e+00
      5.785      0.068     5.7142     56.415     48.544  38.633694     6.7500     1.7080     0.8094     1.0575 1.1623e-01    44.9376      5.673      8.228    14.7895 0.0000e+00
      5.799      0.066     5.7639     56.872     48.809  38.818028     6.7500     1.4638     0.8094     1.0575 1.1617e-01    47.4626      5.687      8.248    14.7622 0.0000e+00
      5.812      0.064     5.8111     57.307     48.983  38.931524     6.9300     1.4371     0.8520     1.0152 1.1610e-01    47.4777      5.700      8.267    14.7370 0.0000e+00
      5.825      0.061     5.8498     57.668     49.028  38.950968     6.9300     1.4447     0.8520     1.0152 1.1617e-01    47.4476      5.712      8.285    14.7201 0.0000e+00
      5.837      0.058     5.8754     57.909     49.181  39.063784     6.9300     1.4638     0.8520     1.0152 1.1610e-01    47.4326      5.724      8.302    14.7110 0.0000e+00
      5.848      0.055     5.8865     58.011     49.476  39.292132     6.9300     1.3646     0.8520     1.0152 1.1630e-01    49.6119      5.735      8.317    14.7048 0.0000e+00
      5.858      0.052     5.8841     57.978     49.704  39.465140     7.0200     1.3150     0.8520     0.9729 1.1615e-01    49.5518      5.745      8.332    14.6972 0.0000e+00
      5.868      0.048     5.8692     57.821     49.784  39.519994     7.0200     1.3379     0.8520     0.9729 1.1623e-01    49.6270      5.754      8.346    14.6880 0.0000e+00
      5.878      0.045     5.8429     57.550     49.757  39.489150     7.0200     1.3379     0.8520     0.9729 1.1610e-01    49.5518      5.765      8.361    14.6788 0.0000e+00
      5.890      0.044     5.8074     57.188     49.582  39.338631     7.0200     1.3227     0.8520     0.9729 1.1623e-01    50.9797      5.776      8.377    14.6676 0.0000e+00
      5.902      0.043     5.7666     56.762     49.345  39.131304     7.0200     1.2807     0.8520     0.9729 1.1607e-01    50.9947      5.788      8.395    14.6482 0.0000e+00
      5.916      0.044     5.7247     56.308     49.281  39.045630     7.1100     1.2807     0.8520     0.9306 1.1605e-01    50.9346      5.801      8.414    14.6137 0.0000e+00
      5.929      0.045     5.6859     55.861     49.478  39.147903     7.1100     1.2921     0.8520     0.9306 1.1617e-01    50.9947      5.814      8.433    14.5601 0.0000e+00
      5.941      0.046     5.6505     55.434     49.827  39.358426     7.1100     1.2807     0.8520     0.9306 1.1610e-01    50.9647      5.826      8.450    14.4940 0.0000e+00
      5.953      0.048     5.6162     55.022     50.148  39.549109     7.1100     1.1434     0.8520     0.9306 1.1617e-01    54.9927      5.838      8.467    14.4312 0.0000e+00
      5.964      0.049     5.5804     54.614     50.363  39.669772     7.2000     1.1510     0.8946     0.9729 1.1617e-01    54.9927      5.849      8.483    14.3829 0.0000e+00
      5.976      0.049     5.5418     54.193     50.571  39.798152     7.2000     1.1472     0.8946     0.9729 1.1638e-01    55.2032      5.860      8.499    14.3473 0.0000e+00
      5.987      0.048     5.5009     53.753     50.895  40.018007     7.2000     1.1434     0.8946     0.9729 1.1607e-01    55.0829      5.871      8.515    14.3126 0.0000e+00
      5.996      0.046     5.4599     53.308     51.271  40.275048     7.2000     1.1472     0.8946     0.9729 1.1630e-01    56.4957      5.880      8.528    14.2751 0.0000e+00
      6.003      0.044     5.4197     52.882     51.528  40.447639     7.0200     1.1663     0.8946     0.9306 1.1620e-01    56.4957      5.887      8.538    14.2461 0.0000e+00
      6.009      0.040     5.3818     52.499     51.666  40.546146     7.0200     1.1663     0.8946     0.9306 1.1623e-01    56.3755      5.893      8.547    14.2359 0.0000e+00
      6.015      0.037     5.3478     52.176     51.768  40.634476     7.0200     1.1510     0.8946     0.9306 1.1623e-01    56.4807      5.898      8.555    14.2434 0.0000e+00
      6.020      0.033     5.3192     51.916     51.828  40.698546     7.0200     1.0213     0.8946     0.9306 1.1612e-01    56.6310      5.903      8.562    14.2603 0.0000e+00
      6.024      0.029     5.2969     51.719     51.846  40.731671     7.1100     1.0327     0.8946     0.8883 1.1640e-01    56.4206      5.908      8.568    14.2786 0.0000e+00
      6.029      0.025     5.2818     51.589     51.847  40.748627     7.1100     1.0289     0.8946     0.8883 1.1600e-01    56.5709      5.912      8.575    14.2938 0.0000e+00
      6.034      0.022     5.2741     51.525     51.827  40.744032     7.1100     1.0289     0.8946     0.8883 1.1625e-01    56.4356      5.917      8.582    14.3042 0.0000e+00
      6.040      0.021     5.2732     51.520     51.803  40.728547     7.1100     1.1586     0.8946     0.8883 1.1607e-01    55.5338      5.923      8.590    14.3081 0.0000e+00
      6.046      0.020     5.2792     51.574     51.815  40.733704     7.1100     1.1434     0.8946     0.8883 1.1623e-01    55.5789      5.929      8.600    14.3038 0.0000e+00
      6.053      0.021     5.2923     51.686     51.912  40.794554     7.1100     1.1701     0.8520     0.9306 1.1612e-01    55.5939      5.936      8.610    14.2893 0.0000e+00
      6.060      0.022     5.3115     51.845     52.118  40.931286     7.1100     1.1701     0.8520     0.9306 1.1628e-01    55.5038      5.943      8.620    14.2652 0.0000e+00
