Data/DataNotYetUploadedToEDI/Raw_CTD/RawDownloads/100323_fcr50_S7809003.cnv
* Sea-Bird SBE19plus  Data File:
* FileName = C:\R\Reservoirs\Data\DataNotYetUploadedToEDI\Raw_CTD\RawDownloads\092623_bvr50_S7809_0003.hex
* Software version 2.8.0.119
* Temperature SN = 7809
* Conductivity SN = 7809
* System UpLoad Time = Oct 05 2023 10:03:07
* <ApplicationData>
* <Seaterm232>
# nquan = 15
# nvalues = 1905                        
# units = specified
# name 0 = depFM: Depth [fresh water, m]
# name 1 = dz/dtM: Descent Rate [m/s]
# name 2 = sbeox0Mg/L: Oxygen, SBE 43 [mg/l]
# name 3 = sbeox0PS: Oxygen, SBE 43 [% saturation]
# name 4 = specc: Specific Conductance [uS/cm]
# name 5 = c0uS/cm: Conductivity [uS/cm]
# name 6 = flECO-AFL: Fluorescence, WET Labs ECO-AFL/FL [mg/m^3]
# name 7 = ph: pH
# name 8 = orp: Oxidation Reduction Potential [mV]
# name 9 = par/sat/log: PAR/Logarithmic, Satlantic
# name 10 = turbWETntu0: Turbidity, WET Labs ECO [NTU]
# name 11 = prdM: Pressure, Strain Gauge [db]
# name 12 = prdE: Pressure, Strain Gauge [psi]
# name 13 = tv290C: Temperature [ITS-90, deg C]
# name 14 = flag:  0.000e+00
# span 0 =     -0.575,      9.612       
# span 1 =     -0.439,      0.274       
# span 2 =    -0.5421,     9.5163       
# span 3 =     -4.762,    106.677       
# span 4 =      4.964,    415.883       
# span 5 =   4.536973, 308.981013       
# span 6 =    -0.0435,     7.4420       
# span 7 =      5.892,      6.473       
# span 8 =  -136.4362,   308.8601       
# span 9 = 1.2362e-01, 6.4876e+02       
# span 10 =    -0.2430,   263.7362      
# span 11 =     -0.567,      9.427      
# span 12 =     -0.821,     13.673      
# span 13 =    12.1410,    22.6112      
# span 14 = 0.0000e+00, 0.0000e+00      
# interval = seconds: 0.25
# start_time = Oct 03 2023 13:21:44 [Instrument's time stamp, header]
# bad_flag = -9.990e-29
*END*
[from data line 1543]
      5.446      0.007     3.5072     32.852     64.362  47.942866     0.6117      6.073   245.2218 4.5663e-01    23.3962      5.340      7.746    12.2425 0.0000e+00
      5.444      0.007     3.5084     32.886     64.360  47.941711     0.6256      6.073   244.9510 4.5621e-01    23.3187      5.337      7.741    12.2423 0.0000e+00
      5.444      0.007     3.5150     32.917     64.343  47.929004     0.6379      6.073   245.5238 4.5583e-01    23.1326      5.337      7.742    12.2420 0.0000e+00
      5.448      0.009     3.5223     32.927     64.326  47.916202     0.6360      6.073   245.9529 4.4333e-01    22.9903      5.343      7.749    12.2420 0.0000e+00
      5.451      0.012     3.5171     32.928     64.323  47.913894     0.6275      6.073   246.2672 4.3736e-01    22.9309      5.348      7.756    12.2418 0.0000e+00
      5.453      0.013     3.5248     32.903     64.306  47.901100     0.6100      6.073   246.3986 4.3340e-01    22.8586      5.347      7.756    12.2418 0.0000e+00
      5.457      0.011     3.5290     32.883     64.289  47.888498     0.5916      6.073   246.0788 4.2310e-01    22.7650      5.351      7.761    12.2420 0.0000e+00
      5.462      0.010     3.5272     32.904     64.289  47.888498     0.5881      6.073   245.9285 4.1556e-01    22.7558      5.357      7.772    12.2420 0.0000e+00
      5.466      0.010     3.5311     32.925     64.306  47.901100     0.5917      6.072   246.5602 4.0552e-01    22.7804      5.363      7.779    12.2418 0.0000e+00
      5.466      0.010     3.5256     32.921     64.322  47.913893     0.5936      6.071   247.6080 4.0284e-01    22.5854      5.362      7.776    12.2418 0.0000e+00
      5.463      0.009     3.5209     32.921     64.325  47.916201     0.5951      6.071   248.1002 4.1203e-01    22.2084      5.353      7.765    12.2420 0.0000e+00
      5.466      0.007     3.5262     32.925     64.342  47.929004     0.6090      6.070   247.8649 4.1954e-01    22.0472      5.358      7.771    12.2420 0.0000e+00
      5.474      0.003     3.5304     32.922     64.359  47.941712     0.6294      6.070   247.4300 4.1972e-01    22.0711      5.371      7.789    12.2420 0.0000e+00
      5.479      0.001     3.5267     32.927     64.360  47.942867     0.6244      6.069   247.9188 4.1582e-01    21.7806      5.375      7.795    12.2423 0.0000e+00
      5.477     -0.001     3.5277     32.928     64.359  47.942972     0.5902      6.069   249.2144 4.2210e-01    21.1989      5.372      7.792    12.2424 0.0000e+00
      5.471     -0.004     3.5292     32.925     64.358  47.942992     0.5575      6.069   249.6737 4.4036e-01    20.8791      5.365      7.782    12.2425 0.0000e+00
      5.466     -0.006     3.5268     32.930     64.358  47.943107     0.5530      6.070   249.2553 4.5726e-01    20.8861      5.359      7.771    12.2428 0.0000e+00
      5.465     -0.005     3.5288     32.922     64.359  47.944356     0.5695      6.070   248.8877 4.6742e-01    20.9419      5.358      7.771    12.2431 0.0000e+00
      5.465     -0.001     3.5289     32.896     64.378  47.958095     0.5829      6.069   249.4450 4.7877e-01    21.2119      5.360      7.775    12.2436 0.0000e+00
      5.465      0.005     3.5270     32.864     64.411  47.982242     0.5823      6.069   250.6597 4.7645e-01    21.7254      5.359      7.772    12.2442 0.0000e+00
      5.466      0.011     3.5296     32.836     64.412  47.982355     0.5703      6.068   251.0990 4.5980e-01    21.9922      5.360      7.774    12.2446 0.0000e+00
      5.470      0.017     3.5285     32.817     64.382  47.959469     0.5623      6.066   250.7982 4.5952e-01    21.9792      5.365      7.781    12.2448 0.0000e+00
      5.474      0.023     3.5250     32.793     64.382  47.959480     0.5686      6.065   250.6363 4.6491e-01    21.7382      5.370      7.787    12.2444 0.0000e+00
      5.479      0.024     3.5216     32.764     64.414  47.982482     0.5796      6.065   250.7764 4.6051e-01    21.2638      5.372      7.791    12.2440 0.0000e+00
      5.489      0.021     3.5176     32.737     64.416  47.983628     0.5788      6.064   251.0296 4.5279e-01    20.9573      5.379      7.802    12.2438 0.0000e+00
      5.503      0.017     3.5175     32.714     64.402  47.973333     0.5669      6.063   251.2023 4.4571e-01    20.8680      5.399      7.832    12.2433 0.0000e+00
      5.510      0.013     3.5141     32.714     64.418  47.984991     0.5704      6.063   251.2306 4.4266e-01    20.9695      5.410      7.847    12.2430 0.0000e+00
      5.505      0.009     3.5106     32.718     64.435  47.997604     0.5870      6.063   250.9414 4.4572e-01    21.2287      5.398      7.829    12.2425 0.0000e+00
      5.499      0.004     3.5089     32.708     64.436  47.998854     0.5843      6.063   250.5450 4.5321e-01    21.3715      5.388      7.815    12.2423 0.0000e+00
      5.499      0.002     3.5038     32.721     64.438  48.000102     0.5707      6.063   250.5668 4.6491e-01    21.3640      5.391      7.818    12.2424 0.0000e+00
      5.504      0.006     3.5051     32.764     64.455  48.012694     0.5643      6.062   250.7746 4.7113e-01    21.3087      5.399      7.830    12.2425 0.0000e+00
      5.508      0.014     3.5083     32.797     64.470  48.024125     0.5573      6.062   250.5626 4.6531e-01    21.2836      5.402      7.836    12.2426 0.0000e+00
      5.508      0.019     3.5031     32.796     64.452  48.011334     0.5521      6.063   250.0689 4.5589e-01    21.3344      5.400      7.832    12.2425 0.0000e+00
      5.512      0.014     3.5048     32.766     64.417  47.985012     0.5597      6.063   249.9671 4.4290e-01    21.4097      5.404      7.839    12.2426 0.0000e+00
      5.521     -0.010     3.5116     32.721     64.384  47.959833     0.5586      6.063   250.1925 4.2382e-01    21.3401      5.413      7.852    12.2424 0.0000e+00
      5.531     -0.059     3.5161     32.656     64.385  47.960863     0.5304      6.063   250.2989 4.0724e-01    21.1426      5.426      7.870    12.2425 0.0000e+00
      5.535     -0.130     3.5159     32.585     64.431  47.997468     0.5098      6.065   250.2214 4.2290e-01    21.0366      5.437      7.886    12.2427 0.0000e+00
      5.511     -0.205     3.5108     32.530     64.458  48.021488     0.5084      6.065   250.2021 4.9651e-01    21.0487      5.421      7.864    12.2426 0.0000e+00
      5.442     -0.261     3.5080     32.503     64.419  47.997341     0.5049      6.065   250.4091 6.3716e-01    21.0503      5.356      7.768    12.2425 0.0000e+00
      5.327     -0.285     3.4994     32.504     64.363  47.959475     0.5009      6.064   250.6594 8.6926e-01    20.7823      5.233      7.589    12.2425 0.0000e+00
      5.196     -0.273     3.4914     32.535     64.340  47.944592     0.5024      6.063   250.9058 1.1118e+00    20.3370      5.081      7.369    12.2436 0.0000e+00
      5.101     -0.227     3.4840     32.587     64.339  47.944375     0.5055      6.062   251.1508 1.2033e+00    20.1405      4.975      7.216    12.2471 0.0000e+00
      5.065     -0.156     3.4816     32.647     64.356  47.956854     0.5060      6.062   251.2986 1.1745e+00    20.1831      4.957      7.189    12.2516 0.0000e+00
      5.065     -0.076     3.4808     32.701     64.373  47.968491     0.5083      6.061   251.4889 1.1465e+00    20.5108      4.967      7.203    12.2549 0.0000e+00
      5.073     -0.009     3.4842     32.725     64.360  47.958092     0.5159      6.061   251.7307 1.1282e+00    21.0622      4.973      7.213    12.2563 0.0000e+00
      5.085      0.031     3.4912     32.749     64.361  47.958101     0.5233      6.062   251.8133 1.0974e+00    21.3492      4.987      7.233    12.2564 0.0000e+00
      5.099      0.044     3.4965     32.790     64.377  47.968605     0.5223      6.062   251.8858 1.0651e+00    21.3516      4.998      7.249    12.2562 0.0000e+00
      5.117      0.045     3.5059     32.810     64.366  47.958112     0.5123      6.063   252.0046 1.0437e+00    21.2626      5.018      7.277    12.2559 0.0000e+00
      5.132      0.043     3.5054     32.801     64.368  47.958207     0.5111      6.063   252.1303 1.0337e+00    21.1610      5.037      7.304    12.2554 0.0000e+00
      5.138      0.037     3.5067     32.796     64.386  47.969749     0.5164      6.063   252.4594 1.0356e+00    21.1138      5.040      7.310    12.2544 0.0000e+00
      5.142      0.027     3.5145     32.799     64.388  47.970684     0.5175      6.063   252.6280 1.0377e+00    21.1013      5.040      7.310    12.2527 0.0000e+00
      5.152      0.016     3.5167     32.785     64.387  47.969522     0.5253      6.064   252.4486 1.0283e+00    21.0781      5.050      7.324    12.2510 0.0000e+00
      5.162      0.006     3.5138     32.764     64.369  47.955688     0.5436      6.064   252.4418 1.0280e+00    21.0041      5.068      7.350    12.2497 0.0000e+00
      5.161     -0.002     3.5129     32.749     64.336  47.930408     0.5642      6.064   252.7174 1.0442e+00    20.9577      5.067      7.348    12.2488 0.0000e+00
      5.151     -0.010     3.5159     32.741     64.320  47.917814     0.5827      6.064   252.7694 1.0512e+00    20.9621      5.049      7.322    12.2482 0.0000e+00
      5.145     -0.016     3.5131     32.752     64.338  47.930397     0.5926      6.064   252.4685 1.0528e+00    20.8864      5.043      7.315    12.2478 0.0000e+00
      5.142     -0.019     3.5096     32.753     64.373  47.955573     0.5838      6.064   252.3487 1.0694e+00    20.7253      5.047      7.320    12.2475 0.0000e+00
      5.137     -0.019     3.5100     32.762     64.390  47.968251     0.5681      6.064   252.6116 1.0823e+00    20.6191      5.038      7.307    12.2471 0.0000e+00
      5.131     -0.019     3.5059     32.813     64.374  47.956708     0.5698      6.064   253.0665 1.0801e+00    20.5926      5.029      7.295    12.2465 0.0000e+00
      5.129     -0.023     3.5107     32.845     64.355  47.942980     0.5790      6.063   253.2884 1.0921e+00    20.6792      5.030      7.294    12.2458 0.0000e+00
      5.127     -0.023     3.5106     32.841     64.336  47.929253     0.5800      6.063   253.1430 1.1162e+00    20.8118      5.029      7.293    12.2455 0.0000e+00
      5.120     -0.015     3.5062     32.849     64.321  47.917708     0.5736      6.063   253.0287 1.1406e+00    20.8300      5.024      7.287    12.2455 0.0000e+00
      5.106     -0.004     3.5182     32.854     64.337  47.930378     0.5597      6.062   253.1122 1.1776e+00    20.7965      5.009      7.265    12.2457 0.0000e+00
      5.096      0.004     3.5219     32.846     64.370  47.955460     0.5615      6.061   253.2922 1.1918e+00    20.8169      4.989      7.236    12.2458 0.0000e+00
      5.102      0.006     3.5168     32.842     64.385  47.967014     0.5629      6.060   253.5696 1.1550e+00    20.8713      4.995      7.244    12.2458 0.0000e+00
      5.123      0.002     3.5203     32.829     64.352  47.943095     0.5426      6.060   253.8848 1.1152e+00    20.8744      5.027      7.291    12.2459 0.0000e+00
      5.138     -0.017     3.5216     32.787     64.320  47.920216     0.5244      6.060   253.7476 1.1277e+00    20.8198      5.049      7.322    12.2462 0.0000e+00
      5.134     -0.061     3.5183     32.739     64.351  47.944352     0.5082      6.061   253.2871 1.1722e+00    20.7580      5.039      7.308    12.2465 0.0000e+00
      5.118     -0.129     3.5192     32.718     64.399  47.980967     0.4971      6.063   253.7386 1.2151e+00    20.6399      5.018      7.280    12.2470 0.0000e+00
      5.091     -0.198     3.5194     32.724     64.398  47.981988     0.5062      6.064   254.6457 1.3106e+00    20.4846      5.003      7.257    12.2478 0.0000e+00
      5.034     -0.241     3.5131     32.740     64.360  47.956704     0.5189      6.063   254.6190 1.5684e+00    20.4167      4.956      7.189    12.2487 0.0000e+00
      4.932     -0.247     3.5063     32.764     64.320  47.929227     0.5165      6.061   254.4480 2.0690e+00    20.3318      4.847      7.030    12.2493 0.0000e+00
      4.812     -0.222     3.5043     32.808     64.284  47.903729     0.5532      6.061   254.4716 2.5971e+00    19.8339      4.702      6.821    12.2497 0.0000e+00
      4.730     -0.175     3.5057     32.854     64.279  47.902366     0.6294      6.061   254.9036 2.7760e+00    19.0081      4.611      6.689    12.2510 0.0000e+00
      4.712     -0.114     3.5078     32.884     64.292  47.912754     0.6724      6.060   256.1445 2.6388e+00    18.5447      4.609      6.686    12.2534 0.0000e+00
      4.731     -0.049     3.5086     32.904     64.277  47.902343     0.6817      6.060   256.9132 2.4731e+00    18.5007      4.641      6.731    12.2556 0.0000e+00
      4.751      0.002     3.5145     32.904     64.277  47.903468     0.6590      6.060   256.7122 2.4142e+00    18.6475      4.665      6.765    12.2571 0.0000e+00
      4.759      0.026     3.5206     32.903     64.307  47.926354     0.6230      6.061   256.2101 2.4308e+00    18.9533      4.669      6.773    12.2583 0.0000e+00
      4.759      0.025     3.5219     32.911     64.304  47.925104     0.6118      6.062   256.5206 2.4241e+00    19.1583      4.665      6.764    12.2591 0.0000e+00
      4.762      0.016     3.5261     32.906     64.254  47.888366     0.6149      6.063   257.6268 2.3853e+00    19.2133      4.668      6.770    12.2598 0.0000e+00
      4.767      0.010     3.5247     32.888     64.220  47.863093     0.6111      6.062   258.2277 2.3688e+00    19.2426      4.677      6.784    12.2604 0.0000e+00
      4.770      0.008     3.5230     32.870     64.233  47.873481     0.5910      6.062   258.2793 2.3795e+00    19.2394      4.679      6.786    12.2607 0.0000e+00
      4.769      0.008     3.5266     32.860     64.251  47.886990     0.5713      6.062   257.9927 2.3872e+00    19.2079      4.676      6.781    12.2613 0.0000e+00
      4.769      0.008     3.5247     32.853     64.268  47.899459     0.5643      6.062   257.6026 2.3761e+00    19.1698      4.676      6.782    12.2619 0.0000e+00
      4.772      0.007     3.5228     32.832     64.265  47.897264     0.5647      6.063   257.6919 2.3556e+00    19.1533      4.681      6.789    12.2622 0.0000e+00
      4.775      0.007     3.5205     32.804     64.217  47.860449     0.5845      6.063   258.0396 2.3335e+00    19.5218      4.683      6.792    12.2626 0.0000e+00
      4.778      0.007     3.5189     32.772     64.183  47.835254     0.6200      6.063   258.2792 2.3214e+00    20.2096      4.686      6.796    12.2627 0.0000e+00
      4.780      0.006     3.5204     32.730     64.196  47.846598     0.6280      6.063   257.6634 2.3203e+00    20.5347      4.689      6.800    12.2626 0.0000e+00
      4.780      0.005     3.5167     32.703     64.225  47.870630     0.6150      6.063   256.6170 2.3240e+00    20.5835      4.688      6.799    12.2626 0.0000e+00
      4.780      0.003     3.5135     32.681     64.223  47.871869     0.6043      6.063   256.5536 2.3285e+00    21.0040      4.687      6.797    12.2612 0.0000e+00
      4.781      0.002     3.5120     32.626     64.207  47.861572     0.5907      6.062   256.9838 2.3224e+00    21.7241      4.687      6.798    12.2608 0.0000e+00
      4.783      0.001     3.5042     32.538     64.220  47.873114     0.5832      6.062   256.6563 2.3141e+00    22.0827      4.690      6.803    12.2632 0.0000e+00
      4.784      0.002     3.5022     32.446     64.232  47.884459     0.5805      6.062   255.6045 2.3202e+00    22.0270      4.692      6.805    12.2655 0.0000e+00
      4.783      0.004     3.5019     32.363     64.212  47.871763     0.5747      6.062   255.0218 2.3459e+00    21.8364      4.691      6.803    12.2669 0.0000e+00
      4.780      0.007     3.4958     32.273     64.172  47.846588     0.5705      6.062   255.0315 2.3636e+00    21.6565      4.687      6.798    12.2685 0.0000e+00
