Data/DataNotYetUploadedToEDI/Raw_CTD/RawDownloads/100322_fcr50_S8188001.cnv
* Sea-Bird SBE19plus  Data File:
* FileName = C:\R\Reservoirs\Data\DataNotYetUploadedToEDI\Raw_CTD\RawDownloads\100322_fcr_S8188_0001.hex
* Software version 2.8.0.119
* Temperature SN = 8188
* Conductivity SN = 8188
* System UpLoad Time = Oct 04 2022 13:02:36
* <ApplicationData>
* <Seaterm232>
# nquan = 16
# nvalues = 1330                        
# units = specified
# name 0 = depFM: Depth [fresh water, m]
# name 1 = dz/dtM: Descent Rate [m/s]
# name 2 = sbeox0Mg/L: Oxygen, SBE 43 [mg/l]
# name 3 = sbeox0PS: Oxygen, SBE 43 [% saturation]
# name 4 = specc: Specific Conductance [uS/cm]
# name 5 = c0uS/cm: Conductivity [uS/cm]
# name 6 = wetCDOM: Fluorescence, WET Labs CDOM [mg/m^3]
# name 7 = flECO-AFL: Fluorescence, WET Labs ECO-AFL/FL [mg/m^3]
# name 8 = flECO-AFL1: Fluorescence, WET Labs ECO-AFL/FL, 2 [mg/m^3]
# name 9 = flECO-AFL2: Fluorescence, WET Labs ECO-AFL/FL, 3 [mg/m^3]
# name 10 = par/sat/log: PAR/Logarithmic, Satlantic
# name 11 = turbWETntu0: Turbidity, WET Labs ECO [NTU]
# name 12 = prdM: Pressure, Strain Gauge [db]
# name 13 = prdE: Pressure, Strain Gauge [psi]
# name 14 = tv290C: Temperature [ITS-90, deg C]
# name 15 = flag:  0.000e+00
# span 0 =     -0.606,      9.738       
# span 1 =     -0.252,      0.152       
# span 2 =    -2.6961,    10.0665       
# span 3 =    -25.097,     99.152       
# span 4 =   -683.381,    339.729       
# span 5 =-506.969803, 272.663041       
# span 6 =    -4.5000,    31.1400       
# span 7 =    -2.1564,     7.8078       
# span 8 =    -2.1300,    11.3316       
# span 9 =    -2.0304,     8.2485       
# span 10 = 1.1585e-01, 1.9261e+03      
# span 11 =    -2.6328,   387.2339      
# span 12 =     -0.594,      9.550      
# span 13 =     -0.861,     13.851      
# span 14 =    11.9847,    15.1802      
# span 15 = 0.0000e+00, 0.0000e+00      
# interval = seconds: 0.25
# start_time = Oct 03 2022 07:31:36 [Instrument's time stamp, header]
# bad_flag = -9.990e-29
*END*
[from data line 452]
      2.777      0.036     4.1025     40.789     45.544  36.542734     4.7700     4.5538     0.1704     1.3113 4.4552e+00     7.7380      2.723      3.949    15.1148 0.0000e+00
      2.784      0.035     4.1232     40.996     45.564  36.559469     4.7700     4.7102     0.1704     1.3113 4.3414e+00     7.2420      2.730      3.960    15.1153 0.0000e+00
      2.792      0.034     4.1392     41.155     45.543  36.542896     4.7700     4.7216     0.1704     1.3113 4.2288e+00     7.1819      2.738      3.971    15.1156 0.0000e+00
      2.800      0.033     4.1496     41.259     45.524  36.528210     4.7700     4.6987     0.1704     1.3113 4.1940e+00     7.2119      2.746      3.983    15.1159 0.0000e+00
      2.808      0.032     4.1541     41.304     45.506  36.513474     4.7700     4.7178     0.1278     1.3113 4.1722e+00     7.2570      2.753      3.994    15.1159 0.0000e+00
      2.816      0.031     4.1528     41.291     45.473  36.486837     4.7700     4.6568     0.1278     1.3113 4.1280e+00     6.9564      2.761      4.005    15.1158 0.0000e+00
      2.824      0.031     4.1466     41.229     45.441  36.461002     4.7700     4.6491     0.1278     1.3113 4.0078e+00     7.0917      2.769      4.016    15.1157 0.0000e+00
      2.831      0.031     4.1371     41.135     45.443  36.462751     4.7700     4.6568     0.1278     1.3113 3.8826e+00     6.9113      2.776      4.027    15.1155 0.0000e+00
      2.839      0.031     4.1268     41.031     45.508  36.514336     4.7700     4.6568     0.1278     1.4382 3.8978e+00     6.9714      2.784      4.038    15.1153 0.0000e+00
      2.845      0.030     4.1173     40.937     45.619  36.603765     4.7700     4.6606     0.1278     1.4382 3.9208e+00     6.8963      2.790      4.047    15.1151 0.0000e+00
      2.852      0.030     4.1091     40.855     45.729  36.691506     4.7700     4.6835     0.1278     1.4382 3.8953e+00     7.0767      2.796      4.056    15.1146 0.0000e+00
      2.858      0.029     4.1016     40.780     45.792  36.741536     4.7700     4.7102     0.1278     1.4382 3.9046e+00     7.0015      2.802      4.065    15.1140 0.0000e+00
      2.864      0.028     4.0944     40.708     45.788  36.737486     4.7700     4.7292     0.1278     1.4382 3.8315e+00     6.8512      2.809      4.074    15.1133 0.0000e+00
      2.871      0.027     4.0872     40.635     45.742  36.700064     4.8600     4.6262     0.1278     1.4382 3.7737e+00     6.9264      2.815      4.083    15.1128 0.0000e+00
      2.878      0.026     4.0797     40.561     45.696  36.662865     4.8600     4.6529     0.1278     1.4382 3.7159e+00     7.1368      2.822      4.093    15.1123 0.0000e+00
      2.885      0.026     4.0723     40.487     45.665  36.637758     4.8600     4.6339     0.1278     1.4382 3.6455e+00     7.0466      2.829      4.103    15.1119 0.0000e+00
      2.892      0.026     4.0656     40.420     45.641  36.618046     4.8600     4.6682     0.1278     1.4382 3.6487e+00     6.9865      2.836      4.113    15.1116 0.0000e+00
      2.900      0.027     4.0606     40.370     45.605  36.588569     4.7700     4.6949     0.1278     1.5228 3.5741e+00     7.0316      2.844      4.124    15.1112 0.0000e+00
      2.907      0.027     4.0575     40.339     45.554  36.547410     4.7700     4.6873     0.1278     1.5228 3.5179e+00     7.0466      2.851      4.135    15.1109 0.0000e+00
      2.915      0.028     4.0564     40.328     45.512  36.513303     4.7700     4.6911     0.1278     1.5228 3.5179e+00     7.0316      2.859      4.146    15.1108 0.0000e+00
      2.923      0.029     4.0569     40.333     45.489  36.494977     4.7700     4.7292     0.1278     1.5228 3.4014e+00     6.9564      2.866      4.157    15.1107 0.0000e+00
      2.931      0.030     4.0583     40.347     45.469  36.479623     4.7700     4.7216     0.1278     1.4805 3.3741e+00     7.0165      2.874      4.169    15.1106 0.0000e+00
      2.939      0.030     4.0601     40.365     45.439  36.455224     4.7700     4.7369     0.1278     1.4805 3.3283e+00     7.0165      2.882      4.180    15.1105 0.0000e+00
      2.947      0.031     4.0615     40.379     45.404  36.427158     4.7700     4.7102     0.1278     1.4805 3.2794e+00     6.9564      2.890      4.192    15.1105 0.0000e+00
      2.955      0.031     4.0621     40.385     45.375  36.403786     4.7700     4.7025     0.1278     1.4805 3.2702e+00     6.9414      2.898      4.203    15.1106 0.0000e+00
      2.964      0.032     4.0620     40.384     45.339  36.374914     4.8600     4.6835     0.1278     1.4805 3.2278e+00     7.1518      2.906      4.215    15.1106 0.0000e+00
      2.972      0.032     4.0614     40.378     45.286  36.332843     4.8600     4.7025     0.1278     1.4805 3.0818e+00     7.0165      2.914      4.227    15.1107 0.0000e+00
      2.980      0.032     4.0603     40.367     45.245  36.300024     4.8600     4.7064     0.1278     1.4805 3.0932e+00     7.1518      2.922      4.239    15.1109 0.0000e+00
      2.988      0.032     4.0586     40.351     45.244  36.299395     4.8600     4.6949     0.1278     1.4805 3.0465e+00     6.9414      2.930      4.250    15.1112 0.0000e+00
      2.996      0.032     4.0566     40.330     45.278  36.326828     4.8600     4.7216     0.1278     1.4805 2.9714e+00     7.0316      2.938      4.261    15.1114 0.0000e+00
      3.004      0.032     4.0541     40.305     45.344  36.379734     4.7700     4.6148     0.1278     1.3959 2.9412e+00     6.9264      2.945      4.272    15.1116 0.0000e+00
      3.010      0.031     4.0509     40.274     45.444  36.460339     4.7700     4.6148     0.1278     1.3959 2.9412e+00     6.9865      2.952      4.282    15.1116 0.0000e+00
      3.017      0.030     4.0468     40.233     45.555  36.548543     4.7700     4.6072     0.1278     1.3959 2.9012e+00     7.0165      2.958      4.291    15.1114 0.0000e+00
      3.023      0.029     4.0411     40.176     45.647  36.622314     4.7700     4.5995     0.1278     1.3959 2.8599e+00     7.0165      2.964      4.299    15.1111 0.0000e+00
      3.029      0.028     4.0327     40.093     45.719  36.679536     4.7700     4.6339     0.1278     1.4805 2.8736e+00     7.0165      2.970      4.308    15.1107 0.0000e+00
      3.034      0.026     4.0215     39.980     45.774  36.723584     4.7700     4.6377     0.1278     1.4805 2.7766e+00     6.9564      2.976      4.316    15.1102 0.0000e+00
      3.040      0.025     4.0074     39.840     45.820  36.760263     4.7700     4.6682     0.1278     1.4805 2.7978e+00     7.0015      2.981      4.324    15.1097 0.0000e+00
      3.045      0.024     3.9910     39.677     45.865  36.795392     4.7700     4.6453     0.1278     1.4805 2.7627e+00     7.0767      2.987      4.331    15.1092 0.0000e+00
      3.051      0.023     3.9732     39.499     45.904  36.826456     4.8600     4.5347     0.1278     1.5228 2.7693e+00     6.5656      2.992      4.339    15.1087 0.0000e+00
      3.056      0.022     3.9546     39.314     45.924  36.841931     4.8600     4.5347     0.1278     1.5228 2.7573e+00     6.5055      2.997      4.347    15.1082 0.0000e+00
      3.062      0.022     3.9357     39.125     45.904  36.826136     4.8600     4.5309     0.1278     1.5228 2.7508e+00     6.5356      3.003      4.355    15.1078 0.0000e+00
      3.068      0.022     3.9172     38.941     45.841  36.774861     4.8600     4.5500     0.1278     1.5228 2.6759e+00     6.5356      3.009      4.364    15.1074 0.0000e+00
      3.075      0.022     3.9003     38.773     45.753  36.704140     4.6800     4.4431     0.1278     1.6074 2.6389e+00     7.0165      3.016      4.374    15.1071 0.0000e+00
      3.082      0.023     3.8854     38.625     45.667  36.634730     4.6800     4.4279     0.1278     1.6074 2.6338e+00     6.9714      3.023      4.384    15.1069 0.0000e+00
      3.089      0.024     3.8731     38.503     45.591  36.573868     4.6800     4.4050     0.1278     1.6074 2.5643e+00     7.0466      3.030      4.394    15.1068 0.0000e+00
      3.097      0.025     3.8637     38.410     45.531  36.525133     4.6800     4.4202     0.1278     1.6074 2.5532e+00     6.9564      3.037      4.404    15.1067 0.0000e+00
      3.104      0.026     3.8570     38.343     45.488  36.491372     4.6800     4.6148     0.1278     1.6074 2.4913e+00     6.8362      3.044      4.415    15.1068 0.0000e+00
      3.111      0.027     3.8522     38.295     45.459  36.467544     4.7700     4.6110     0.1704     1.4382 2.4735e+00     6.7310      3.051      4.425    15.1068 0.0000e+00
      3.118      0.028     3.8484     38.258     45.428  36.443333     4.7700     4.5881     0.1704     1.4382 2.4234e+00     6.7310      3.058      4.435    15.1069 0.0000e+00
      3.125      0.028     3.8452     38.226     45.390  36.412285     4.7700     4.6377     0.1704     1.4382 2.3714e+00     6.7911      3.065      4.445    15.1070 0.0000e+00
      3.132      0.028     3.8422     38.196     45.364  36.391867     4.7700     4.5194     0.1704     1.4382 2.3189e+00     7.0015      3.072      4.455    15.1071 0.0000e+00
      3.139      0.028     3.8388     38.162     45.390  36.412286     4.7700     4.5461     0.1704     1.3959 2.3153e+00     6.9865      3.078      4.464    15.1073 0.0000e+00
      3.145      0.027     3.8347     38.121     45.468  36.475025     4.7700     4.5500     0.1704     1.3959 2.3209e+00     7.0165      3.084      4.473    15.1075 0.0000e+00
      3.151      0.027     3.8300     38.074     45.548  36.539377     4.7700     4.5500     0.1704     1.3959 2.3078e+00     6.9414      3.090      4.482    15.1076 0.0000e+00
      3.157      0.026     3.8246     38.021     45.570  36.557140     4.7700     4.4851     0.1704     1.3959 2.3305e+00     6.7310      3.096      4.491    15.1077 0.0000e+00
      3.164      0.026     3.8187     37.962     45.520  36.517207     4.8600     4.4813     0.1278     1.3113 2.2670e+00     6.7310      3.103      4.500    15.1077 0.0000e+00
      3.171      0.025     3.8125     37.901     45.444  36.456464     4.8600     4.4698     0.1278     1.3113 2.1867e+00     6.8211      3.109      4.510    15.1078 0.0000e+00
      3.178      0.025     3.8063     37.839     45.401  36.422093     4.8600     4.4470     0.1278     1.3113 2.1678e+00     6.7159      3.116      4.520    15.1079 0.0000e+00
      3.184      0.026     3.8000     37.776     45.397  36.418794     4.8600     4.6301     0.1278     1.3113 2.1702e+00     7.0466      3.123      4.529    15.1080 0.0000e+00
      3.191      0.026     3.7939     37.716     45.388  36.412016     4.8600     4.5919     0.1278     1.3113 2.1608e+00     7.0616      3.130      4.539    15.1080 0.0000e+00
      3.199      0.026     3.7884     37.660     45.361  36.390049     4.8600     4.6034     0.1278     1.4805 2.1374e+00     6.9414      3.137      4.550    15.1081 0.0000e+00
      3.206      0.027     3.7828     37.605     45.327  36.362879     4.8600     4.5957     0.1278     1.4805 2.1097e+00     7.1217      3.144      4.560    15.1082 0.0000e+00
      3.214      0.028     3.7775     37.553     45.289  36.333164     4.8600     4.5767     0.1278     1.4805 2.0581e+00     6.7610      3.152      4.571    15.1084 0.0000e+00
      3.222      0.028     3.7733     37.512     45.273  36.320709     4.8600     4.5500     0.1278     1.4805 1.9878e+00     6.7460      3.160      4.583    15.1089 0.0000e+00
      3.229      0.029     3.7701     37.481     45.307  36.347941     4.8600     4.5385     0.1704     1.3959 1.9620e+00     6.7761      3.167      4.594    15.1095 0.0000e+00
      3.236      0.029     3.7685     37.465     45.386  36.412218     4.8600     4.5232     0.1704     1.3959 1.9770e+00     6.7911      3.174      4.604    15.1101 0.0000e+00
      3.243      0.029     3.7686     37.467     45.484  36.491069     4.8600     4.6453     0.1704     1.3959 1.9366e+00     7.0165      3.181      4.613    15.1104 0.0000e+00
      3.249      0.029     3.7693     37.474     45.575  36.563928     4.8600     4.6529     0.1704     1.3959 1.9028e+00     7.0767      3.187      4.621    15.1104 0.0000e+00
      3.254      0.028     3.7693     37.474     45.663  36.634377     4.7700     4.6224     0.1704     1.3959 1.9307e+00     6.9564      3.192      4.629    15.1102 0.0000e+00
      3.259      0.026     3.7680     37.460     45.759  36.711301     4.7700     4.6529     0.1704     1.3959 1.8790e+00     7.0917      3.197      4.636    15.1099 0.0000e+00
      3.264      0.025     3.7645     37.426     45.855  36.787483     4.7700     4.7025     0.1704     1.3959 1.8725e+00     7.1217      3.202      4.643    15.1096 0.0000e+00
      3.269      0.023     3.7585     37.365     45.937  36.853529     4.7700     4.7216     0.1704     1.3959 1.8806e+00     7.0616      3.206      4.650    15.1093 0.0000e+00
      3.273      0.021     3.7500     37.280     45.990  36.895359     4.8600     4.6987     0.1278     1.5228 1.8757e+00     6.8963      3.210      4.656    15.1089 0.0000e+00
      3.278      0.020     3.7395     37.175     45.986  36.892438     4.8600     4.7064     0.1278     1.5228 1.8672e+00     7.0917      3.214      4.662    15.1085 0.0000e+00
      3.283      0.019     3.7278     37.059     45.926  36.843986     4.8600     4.6606     0.1278     1.5228 1.8342e+00     6.7610      3.219      4.669    15.1082 0.0000e+00
      3.288      0.019     3.7162     36.943     45.845  36.778677     4.8600     4.6453     0.1278     1.5228 1.8259e+00     6.7610      3.225      4.677    15.1080 0.0000e+00
      3.294      0.019     3.7054     36.837     45.795  36.738516     4.8600     4.6453     0.1278     1.5228 1.8006e+00     6.7610      3.230      4.684    15.1078 0.0000e+00
      3.299      0.019     3.6965     36.748     45.810  36.750426     4.8600     4.6415     0.1278     1.2267 1.7616e+00     6.7911      3.235      4.692    15.1077 0.0000e+00
      3.304      0.020     3.6894     36.677     45.872  36.799755     4.8600     4.6301     0.1278     1.2267 1.7589e+00     7.0466      3.240      4.699    15.1075 0.0000e+00
      3.309      0.020     3.6839     36.622     45.928  36.844201     4.8600     4.6568     0.1278     1.2267 1.7593e+00     6.9564      3.245      4.707    15.1074 0.0000e+00
      3.315      0.020     3.6793     36.576     45.930  36.846099     4.8600     4.6453     0.1278     1.2267 1.7673e+00     7.0165      3.251      4.715    15.1072 0.0000e+00
      3.321      0.021     3.6753     36.536     45.846  36.778225     4.8600     4.6148     0.1278     1.3959 1.7151e+00     7.1067      3.257      4.724    15.1072 0.0000e+00
      3.328      0.022     3.6717     36.501     45.689  36.652190     4.8600     4.5385     0.1278     1.3959 1.7106e+00     7.0466      3.264      4.734    15.1072 0.0000e+00
      3.336      0.023     3.6684     36.468     45.526  36.521533     4.8600     4.5271     0.1278     1.3959 1.6702e+00     6.9564      3.271      4.745    15.1075 0.0000e+00
      3.344      0.024     3.6659     36.443     45.412  36.430638     4.8600     4.5309     0.1278     1.3959 1.6507e+00     7.0165      3.279      4.757    15.1080 0.0000e+00
      3.353      0.026     3.6652     36.437     45.366  36.394881     4.8600     4.5156     0.1278     1.3536 1.5771e+00     6.9714      3.288      4.769    15.1088 0.0000e+00
      3.361      0.028     3.6669     36.455     45.385  36.410666     4.8600     4.8437     0.1278     1.3536 1.5669e+00     7.0165      3.296      4.781    15.1096 0.0000e+00
      3.369      0.030     3.6711     36.497     45.451  36.464379     4.8600     4.8399     0.1278     1.3536 1.5607e+00     6.9264      3.304      4.792    15.1104 0.0000e+00
      3.377      0.031     3.6776     36.562     45.533  36.530729     4.8600     4.8170     0.1278     1.3536 1.5703e+00     6.9264      3.312      4.803    15.1108 0.0000e+00
      3.385      0.032     3.6859     36.645     45.599  36.583838     4.7700     4.8437     0.1278     1.6074 1.5486e+00     6.8362      3.319      4.814    15.1110 0.0000e+00
