Data/DataNotYetUploadedToEDI/Raw_CTD/RawDownloads/100322_fcr50_S7809001.cnv
* Sea-Bird SBE19plus  Data File:
* FileName = C:\R\Reservoirs\Data\DataNotYetUploadedToEDI\Raw_CTD\RawDownloads\100322_fcr50_S7809_0001.hex
* Software version 2.8.0.119
* Temperature SN = 7809
* Conductivity SN = 7809
* System UpLoad Time = Oct 03 2022 16:56:58
* <ApplicationData>
* <Seaterm232>
# nquan = 15
# nvalues = 2146                        
# units = specified
# name 0 = depFM: Depth [fresh water, m]
# name 1 = dz/dtM: Descent Rate [m/s]
# name 2 = sbeox0Mg/L: Oxygen, SBE 43 [mg/l]
# name 3 = sbeox0PS: Oxygen, SBE 43 [% saturation]
# name 4 = specc: Specific Conductance [uS/cm]
# name 5 = c0uS/cm: Conductivity [uS/cm]
# name 6 = flECO-AFL: Fluorescence, WET Labs ECO-AFL/FL [mg/m^3]
# name 7 = ph: pH
# name 8 = orp: Oxidation Reduction Potential [mV]
# name 9 = par/sat/log: PAR/Logarithmic, Satlantic
# name 10 = turbWETntu0: Turbidity, WET Labs ECO [NTU]
# name 11 = prdM: Pressure, Strain Gauge [db]
# name 12 = prdE: Pressure, Strain Gauge [psi]
# name 13 = tv290C: Temperature [ITS-90, deg C]
# name 14 = flag:  0.000e+00
# span 0 =     -0.615,      9.616       
# span 1 =     -0.489,      0.280       
# span 2 =     0.0393,     7.8103       
# span 3 =      0.374,     77.751       
# span 4 =      2.318,    436.953       
# span 5 =   1.857336, 322.813200       
# span 6 =    -0.4771,     6.9499       
# span 7 =      5.357,      7.542       
# span 8 = -1240.7455,   284.0826       
# span 9 = 1.2361e-01, 1.5209e+03       
# span 10 =    -1.0024,   931.5658      
# span 11 =     -0.604,      9.431      
# span 12 =     -0.876,     13.678      
# span 13 =    11.9163,    16.8277      
# span 14 = 0.0000e+00, 0.0000e+00      
# interval = seconds: 0.25
# start_time = Oct 03 2022 06:53:46 [Instrument's time stamp, header]
# bad_flag = -9.990e-29
*END*
[from data line 1350]
      8.494      0.020     0.0498      0.449     93.513  69.388345     2.2539      6.974    98.2215 1.2390e-01    52.7293      8.331     12.083    12.0997 0.0000e+00
      8.496      0.018     0.0491      0.438     94.068  69.801966     2.2419      6.975    97.3773 1.2392e-01    52.7232      8.329     12.080    12.0981 0.0000e+00
      8.501      0.015     0.0499      0.433     94.049  69.789040     2.2326      6.976    96.8038 1.2388e-01    52.6584      8.335     12.088    12.0970 0.0000e+00
      8.508      0.013     0.0495      0.441     94.069  69.803743     2.2575      6.976    96.8809 1.2385e-01    52.4932      8.345     12.104    12.0969 0.0000e+00
      8.512      0.011     0.0485      0.449     94.050  69.789175     2.3268      6.976    96.8467 1.2385e-01    52.2287      8.349     12.110    12.0979 0.0000e+00
      8.513      0.009     0.0468      0.450     93.727  69.549377     2.3626      6.977    96.5616 1.2379e-01    52.0561      8.349     12.109    12.0993 0.0000e+00
      8.513      0.009     0.0459      0.454     93.501  69.381626     2.3570      6.978    96.1879 1.2378e-01    51.9771      8.349     12.109    12.0996 0.0000e+00
      8.514      0.009     0.0474      0.457     93.793  69.602968     2.3591      6.978    96.2862 1.2379e-01    51.8552      8.349     12.109    12.0996 0.0000e+00
      8.515      0.010     0.0490      0.452     94.237  69.938916     2.3547      6.979    96.8895 1.2376e-01    51.7435      8.349     12.108    12.0998 0.0000e+00
      8.518      0.012     0.0477      0.446     94.504  70.140514     2.3367      6.981    96.8572 1.2371e-01    51.7191      8.352     12.113    12.0990 0.0000e+00
      8.524      0.014     0.0491      0.447     94.582  70.198379     2.3335      6.982    96.2400 1.2367e-01    51.7646      8.360     12.126    12.0982 0.0000e+00
      8.529      0.017     0.0494      0.449     94.662  70.257425     2.3330      6.982    96.3097 1.2371e-01    51.9186      8.366     12.133    12.1009 0.0000e+00
      8.532      0.020     0.0489      0.447     95.038  70.536817     2.3144      6.982    97.0126 1.2380e-01    52.1466      8.367     12.135    12.1061 0.0000e+00
      8.535      0.022     0.0472      0.441     95.456  70.845010     2.2989      6.982    97.0806 1.2386e-01    52.2331      8.369     12.138    12.1079 0.0000e+00
      8.540      0.025     0.0480      0.435     96.271  71.442858     2.2954      6.982    96.8737 1.2387e-01    52.1786      8.374     12.145    12.1068 0.0000e+00
      8.549      0.032     0.0487      0.438     99.064  73.509061     2.3227      6.982    97.1781 1.2383e-01    52.2391      8.383     12.158    12.1062 0.0000e+00
      8.558      0.042     0.0479      0.443    103.118  76.513466     2.3792      6.981    97.1480 1.2382e-01    52.4865      8.394     12.174    12.1077 0.0000e+00
      8.566      0.052     0.0481      0.438    105.511  78.287994     2.4125      6.981    96.6813 1.2389e-01    52.6760      8.400     12.183    12.1070 0.0000e+00
      8.577      0.058     0.0458      0.434    105.636  78.380704     2.4175      6.980    96.4393 1.2394e-01    52.6169      8.405     12.190    12.1022 0.0000e+00
      8.597      0.058     0.0472      0.439    105.060  77.952194     2.4570      6.979    96.4597 1.2382e-01    51.8059      8.427     12.222    12.0988 0.0000e+00
      8.624      0.054     0.0483      0.444    104.695  77.682284     2.5404      6.980    95.8087 1.2371e-01    50.4198      8.461     12.271    12.0968 0.0000e+00
      8.644      0.047     0.0469      0.444    103.976  77.150730     2.5852      6.980    94.4202 1.2375e-01    49.6922      8.482     12.302    12.0964 0.0000e+00
      8.650      0.037     0.0462      0.441    102.643  76.163838     2.5734      6.981    93.9528 1.2380e-01    49.6017      8.485     12.306    12.0968 0.0000e+00
      8.651      0.025     0.0472      0.444    101.881  75.598788     2.5153      6.984    94.2877 1.2380e-01    49.7017      8.482     12.302    12.0956 0.0000e+00
      8.653      0.015     0.0479      0.448    102.045  75.719727     2.4236      6.986    93.6512 1.2380e-01    49.9784      8.485     12.307    12.0959 0.0000e+00
      8.655      0.011     0.0480      0.443    102.045  75.719957     2.3707      6.988    92.2797 1.2385e-01    50.1465      8.488     12.310    12.0978 0.0000e+00
      8.656      0.012     0.0468      0.433    101.885  75.601578     2.3583      6.989    91.5573 1.2386e-01    50.1277      8.488     12.311    12.0988 0.0000e+00
      8.659      0.015     0.0475      0.431    102.515  76.067496     2.3822      6.992    90.8537 1.2380e-01    49.8541      8.491     12.315    12.0986 0.0000e+00
      8.663      0.020     0.0490      0.439    104.250  77.350315     2.4350      6.995    89.6235 1.2371e-01    49.4685      8.496     12.322    12.0984 0.0000e+00
      8.669      0.025     0.0475      0.446    106.625  79.102342     2.4563      6.997    88.9005 1.2373e-01    49.3604      8.502     12.331    12.0985 0.0000e+00
      8.675      0.030     0.0463      0.436    108.156  80.220470     2.4473      6.998    88.9953 1.2380e-01    49.4002      8.508     12.339    12.0983 0.0000e+00
      8.684      0.033     0.0457      0.424    109.171  80.955809     2.4433      7.000    88.9626 1.2380e-01    49.3353      8.514     12.348    12.0979 0.0000e+00
      8.694      0.036     0.0472      0.432    111.816  82.908679     2.4579      7.001    88.2465 1.2374e-01    49.0878      8.525     12.365    12.0967 0.0000e+00
      8.706      0.040     0.0490      0.453    114.927  85.209109     2.4737      7.003    88.3392 1.2370e-01    48.6963      8.540     12.386    12.0928 0.0000e+00
      8.715      0.041     0.0471      0.467    116.112  86.077918     2.4770      7.005    89.2232 1.2377e-01    48.4621      8.548     12.397    12.0824 0.0000e+00
      8.723      0.041     0.0444      0.468    117.785  87.311059     2.4729      7.008    88.5235 1.2385e-01    48.3403      8.551     12.402    12.0721 0.0000e+00
      8.736      0.042     0.0458      0.459    122.541  90.835809     2.4987      7.009    87.4506 1.2385e-01    47.5653      8.566     12.424    12.0707 0.0000e+00
      8.749      0.046     0.0493      0.443    127.031  94.169657     2.5723      7.009    87.3504 1.2379e-01    46.2299      8.585     12.450    12.0689 0.0000e+00
      8.757      0.049     0.0507      0.428    127.965  94.872654     2.6298      7.010    86.5372 1.2376e-01    45.5168      8.588     12.456    12.0633 0.0000e+00
      8.766      0.048     0.0506      0.413    126.935  94.121069     2.6529      7.012    85.5337 1.2378e-01    45.3649      8.590     12.460    12.0597 0.0000e+00
      8.784      0.044     0.0499      0.399    126.740  93.986063     2.7028      7.014    85.3701 1.2382e-01    44.2227      8.612     12.491    12.0593 0.0000e+00
      8.804      0.040     0.0474      0.394    127.187  94.321598     2.7834      7.016    84.9027 1.2382e-01    42.0915      8.638     12.529    12.0617 0.0000e+00
      8.814      0.035     0.0463      0.405    126.467  93.789826     2.8284      7.018    83.9270 1.2379e-01    40.8773      8.647     12.542    12.0668 0.0000e+00
      8.815      0.028     0.0445      0.427    125.436  93.025571     2.8304      7.021    83.5536 1.2380e-01    40.7806      8.643     12.536    12.0724 0.0000e+00
      8.818      0.020     0.0423      0.442    125.786  93.284792     2.8074      7.024    82.7112 1.2378e-01    41.5376      8.646     12.541    12.0759 0.0000e+00
      8.823      0.015     0.0417      0.446    126.150  93.553635     2.7677      7.024    80.8826 1.2373e-01    42.9596      8.655     12.553    12.0775 0.0000e+00
      8.827      0.015     0.0431      0.444    125.533  93.096429     2.7502      7.026    80.2001 1.2377e-01    43.7289      8.657     12.556    12.0780 0.0000e+00
      8.829      0.017     0.0462      0.439    125.621  93.162261     2.7616      7.030    79.7937 1.2384e-01    43.7331      8.657     12.556    12.0785 0.0000e+00
      8.834      0.021     0.0482      0.437    127.050  94.222437     2.7896      7.033    78.3777 1.2387e-01    43.0110      8.663     12.565    12.0779 0.0000e+00
      8.840      0.028     0.0481      0.452    128.148  95.039941     2.8133      7.035    77.4481 1.2387e-01    41.6930      8.670     12.574    12.0772 0.0000e+00
      8.844      0.038     0.0478      0.463    128.390  95.224158     2.8148      7.036    76.8144 1.2383e-01    40.9486      8.672     12.578    12.0778 0.0000e+00
      8.852      0.048     0.0476      0.461    129.525  96.068232     2.8161      7.038    75.8770 1.2380e-01    40.7406      8.677     12.585    12.0779 0.0000e+00
      8.867      0.055     0.0455      0.447    130.923  97.104310     2.8708      7.041    75.6644 1.2382e-01    39.5189      8.692     12.607    12.0777 0.0000e+00
      8.889      0.058     0.0492      0.422    131.046  97.193085     2.9768      7.043    75.8788 1.2386e-01    37.2789      8.718     12.644    12.0789 0.0000e+00
      8.911      0.059     0.0504      0.410    132.953  98.604667     3.0416      7.044    75.0274 1.2383e-01    36.0317      8.742     12.679    12.0814 0.0000e+00
      8.926      0.056     0.0497      0.409    139.278 103.292917     3.0466      7.045    74.3192 1.2380e-01    35.9169      8.757     12.701    12.0827 0.0000e+00
      8.936      0.051     0.0493      0.401    143.670 106.542586     3.0276      7.046    74.5427 1.2381e-01    35.6517      8.764     12.711    12.0817 0.0000e+00
      8.944      0.042     0.0442      0.402    141.776 105.128296     3.0043      7.047    74.4606 1.2380e-01    35.1136      8.769     12.718    12.0809 0.0000e+00
      8.955      0.033     0.0435      0.419    139.588 103.502253     2.9976      7.049    74.5315 1.2379e-01    34.8084      8.780     12.734    12.0795 0.0000e+00
      8.968      0.024     0.0449      0.427    138.883 102.982763     2.9966      7.052    74.1089 1.2380e-01    34.7628      8.797     12.759    12.0792 0.0000e+00
      8.976      0.019     0.0427      0.433    138.362 102.600822     2.9841      7.054    72.8789 1.2381e-01    34.7668      8.806     12.772    12.0772 0.0000e+00
      8.977      0.018     0.0419      0.444    142.612 105.755530     2.9460      7.055    72.1350 1.2381e-01    35.2325      8.803     12.768    12.0709 0.0000e+00
      8.974      0.022     0.0463      0.443    151.360 112.233074     2.8936      7.057    71.3105 1.2379e-01    36.0902      8.800     12.764    12.0699 0.0000e+00
      8.972      0.029     0.0460      0.431    155.545 115.302787     2.8671      7.059    69.9648 1.2376e-01    36.5282      8.797     12.759    12.0727 0.0000e+00
      8.976      0.035     0.0458      0.432    152.865 113.275366     2.8671      7.061    68.2536 1.2373e-01    36.5315      8.796     12.758    12.0742 0.0000e+00
      8.995      0.040     0.0484      0.436    149.500 110.764431     2.8843      7.062    66.4516 1.2374e-01    36.1636      8.818     12.789    12.0756 0.0000e+00
      9.020      0.042     0.0486      0.434    148.067 109.705893     2.9170      7.063    65.8150 1.2383e-01    35.4629      8.851     12.837    12.0766 0.0000e+00
      9.035      0.041     0.0450      0.434    148.400 109.960294     2.9380      7.066    65.6328 1.2390e-01    35.0619      8.865     12.858    12.0630 0.0000e+00
      9.038      0.036     0.0464      0.427    148.996 110.403255     2.9474      7.068    64.5931 1.2391e-01    34.9697      8.863     12.853    12.0427 0.0000e+00
      9.039      0.029     0.0478      0.422    146.868 108.824155     3.0058      7.071    63.9128 1.2391e-01    34.4162      8.862     12.854    12.0398 0.0000e+00
      9.044      0.024     0.0456      0.422    143.157 106.077970     3.1029      7.076    63.8600 1.2387e-01    33.3577      8.868     12.862    12.0432 0.0000e+00
      9.051      0.024     0.0481      0.426    141.014 104.500787     3.1469      7.080    63.3528 1.2382e-01    32.7263      8.875     12.872    12.0463 0.0000e+00
      9.059      0.027     0.0453      0.431    140.253 103.945284     3.1563      7.084    62.8560 1.2382e-01    32.5894      8.884     12.886    12.0474 0.0000e+00
      9.068      0.030     0.0455      0.427    139.038 103.051911     3.1906      7.089    62.9304 1.2387e-01    31.9753      8.893     12.898    12.0440 0.0000e+00
      9.075      0.032     0.0453      0.431    138.341 102.542778     3.2376      7.093    63.3055 1.2384e-01    30.8016      8.899     12.908    12.0456 0.0000e+00
      9.081      0.033     0.0452      0.450    140.595 104.215250     3.2668      7.096    63.4339 1.2377e-01    30.1493      8.904     12.916    12.0516 0.0000e+00
      9.089      0.033     0.0476      0.448    144.083 106.793892     3.2771      7.098    62.5037 1.2374e-01    30.1680      8.911     12.925    12.0540 0.0000e+00
      9.100      0.034     0.0455      0.424    146.089 108.268527     3.2784      7.101    61.1778 1.2376e-01    30.4132      8.924     12.942    12.0558 0.0000e+00
      9.111      0.037     0.0451      0.427    146.581 108.617600     3.2659      7.105    60.3098 1.2381e-01    30.7914      8.937     12.962    12.0593 0.0000e+00
      9.118      0.040     0.0495      0.433    147.865 109.550707     3.2512      7.108    59.1495 1.2384e-01    31.0179      8.943     12.970    12.0607 0.0000e+00
      9.125      0.040     0.0503      0.412    152.442 112.930794     3.2426      7.110    57.9039 1.2381e-01    31.1012      8.946     12.974    12.0576 0.0000e+00
      9.137      0.038     0.0430      0.407    158.408 117.340665     3.1780      7.115    56.8649 1.2381e-01    31.5942      8.959     12.994    12.0531 0.0000e+00
      9.152      0.034     0.0455      0.425    162.833 120.599011     3.0619      7.119    55.5347 1.2381e-01    32.5029      8.978     13.021    12.0483 0.0000e+00
      9.164      0.033     0.0495      0.429    166.932 123.611057     2.9951      7.121    53.9527 1.2383e-01    33.0022      8.990     13.038    12.0397 0.0000e+00
      9.169      0.032     0.0425      0.433    171.646 127.073962     2.9779      7.122    52.0188 1.2386e-01    33.1220      8.993     13.043    12.0371 0.0000e+00
      9.171      0.030     0.0423      0.452    174.164 128.901326     2.9700      7.124    49.8764 1.2385e-01    34.0887      8.993     13.043    12.0371 0.0000e+00
      9.175      0.028     0.0476      0.462    173.414 128.316049     2.9584      7.126    47.1494 1.2386e-01    35.8432      8.995     13.046    12.0283 0.0000e+00
      9.185      0.028     0.0461      0.460    172.601 127.705507     2.9455      7.128    44.1704 1.2388e-01    36.8110      9.006     13.062    12.0215 0.0000e+00
      9.198      0.032     0.0450      0.460    173.965 128.717779     2.9472      7.128    42.1645 1.2388e-01    36.9086      9.023     13.087    12.0157 0.0000e+00
      9.206      0.036     0.0499      0.454    175.250 129.661823     3.0045      7.129    40.7916 1.2384e-01    36.6816      9.031     13.098    12.0020 0.0000e+00
      9.209      0.036     0.0504      0.442    174.277 128.927080     3.1139      7.131    39.2721 1.2377e-01    36.2531      9.029     13.095    11.9911 0.0000e+00
      9.218      0.035     0.0489      0.427    173.271 128.179483     3.1714      7.134    37.4735 1.2375e-01    36.0321      9.036     13.106    11.9900 0.0000e+00
      9.233      0.035     0.0501      0.412    177.422 131.261527     3.1747      7.138    35.8228 1.2379e-01    35.9903      9.056     13.135    11.9937 0.0000e+00
      9.244      0.040     0.0490      0.400    186.827 138.218034     3.1796      7.143    34.5425 1.2379e-01    35.8849      9.070     13.154    11.9924 0.0000e+00
      9.249      0.045     0.0477      0.398    193.273 142.955699     3.1878      7.147    33.3510 1.2381e-01    35.1670      9.070     13.154    11.9846 0.0000e+00
