Data/DataNotYetUploadedToEDI/Raw_CTD/RawDownloads/100323_bvr50_S7809002.cnv
* Sea-Bird SBE19plus  Data File:
* FileName = C:\R\Reservoirs\Data\DataNotYetUploadedToEDI\Raw_CTD\RawDownloads\092623_bvr50_S7809_0002.hex
* Software version 2.8.0.119
* Temperature SN = 7809
* Conductivity SN = 7809
* System UpLoad Time = Oct 05 2023 10:02:18
* <ApplicationData>
* <Seaterm232>
# nquan = 15
# nvalues = 1042                        
# units = specified
# name 0 = depFM: Depth [fresh water, m]
# name 1 = dz/dtM: Descent Rate [m/s]
# name 2 = sbeox0Mg/L: Oxygen, SBE 43 [mg/l]
# name 3 = sbeox0PS: Oxygen, SBE 43 [% saturation]
# name 4 = specc: Specific Conductance [uS/cm]
# name 5 = c0uS/cm: Conductivity [uS/cm]
# name 6 = flECO-AFL: Fluorescence, WET Labs ECO-AFL/FL [mg/m^3]
# name 7 = ph: pH
# name 8 = orp: Oxidation Reduction Potential [mV]
# name 9 = par/sat/log: PAR/Logarithmic, Satlantic
# name 10 = turbWETntu0: Turbidity, WET Labs ECO [NTU]
# name 11 = prdM: Pressure, Strain Gauge [db]
# name 12 = prdE: Pressure, Strain Gauge [psi]
# name 13 = tv290C: Temperature [ITS-90, deg C]
# name 14 = flag:  0.000e+00
# span 0 =     -0.666,      9.039       
# span 1 =     -0.492,      0.153       
# span 2 =     0.0940,     9.4149       
# span 3 =      0.937,    105.242       
# span 4 =      9.936,    243.261       
# span 5 =   8.947161, 169.422742       
# span 6 =    -2.1116,    11.9991       
# span 7 =      5.994,      6.733       
# span 8 =   -88.9417,   298.2333       
# span 9 = 1.2362e-01, 1.4199e+03       
# span 10 =     2.2854,     7.9574      
# span 11 =     -0.654,      8.868      
# span 12 =     -0.948,     12.862      
# span 13 =     9.8182,    21.9111      
# span 14 = 0.0000e+00, 0.0000e+00      
# interval = seconds: 0.25
# start_time = Oct 03 2023 11:31:49 [Instrument's time stamp, header]
# bad_flag = -9.990e-29
*END*
[from data line 772]
      8.976      0.047     0.1461      1.335    242.656 169.026527     2.0179      6.350   -59.2736 1.2377e-01     3.0236      8.800     12.762     9.8381 0.0000e+00
      8.992      0.046     0.1517      1.306    241.350 168.161796     2.0202      6.353   -60.8378 1.2371e-01     3.0154      8.817     12.787     9.8290 0.0000e+00
      9.014      0.034     0.1532      1.295    239.930 167.207244     2.0068      6.355   -63.2509 1.2377e-01     3.0230      8.841     12.823     9.8206 0.0000e+00
      9.032      0.002     0.1540      1.283    232.086 161.763719     1.9809      6.356   -65.9079 1.2382e-01     3.0470      8.862     12.852     9.8182 0.0000e+00
      9.039     -0.058     0.1525      1.259    219.415 153.035390     1.9647      6.360   -67.4953 1.2378e-01     3.0668      8.868     12.862     9.8243 0.0000e+00
      9.031     -0.142     0.1460      1.254    211.109 147.531266     1.9689      6.366   -67.9900 1.2378e-01     3.0576      8.864     12.855     9.8358 0.0000e+00
      9.000     -0.233     0.1468      1.259    207.534 145.444124     1.9902      6.371   -68.5340 1.2383e-01     3.0379      8.842     12.824     9.8460 0.0000e+00
      8.929     -0.310     0.1471      1.259    203.850 143.239964     2.0315      6.375   -69.5115 1.2384e-01     3.0682      8.775     12.729     9.8430 0.0000e+00
      8.810     -0.352     0.1404      1.270    198.869 140.018648     2.0600      6.380   -70.7754 1.2380e-01     3.1158      8.648     12.543     9.8516 0.0000e+00
      8.666     -0.351     0.1414      1.285    195.184 137.621543     2.0519      6.385   -71.6839 1.2371e-01     3.1357      8.493     12.317     9.9276 0.0000e+00
      8.536     -0.308     0.1431      1.303    195.083 137.663510     2.0498      6.389   -72.0639 1.2366e-01     3.1715      8.354     12.118    10.0455 0.0000e+00
      8.452     -0.235     0.1399      1.332    196.226 138.485998     2.0759      6.393   -72.4446 1.2375e-01     3.2420      8.267     11.990    10.1421 0.0000e+00
      8.423     -0.148     0.1430      1.347    196.778 138.829538     2.0933      6.396   -72.9321 1.2380e-01     3.2697      8.248     11.961    10.2081 0.0000e+00
      8.429     -0.069     0.1440      1.337    197.113 139.011082     2.0933      6.398   -73.2260 1.2374e-01     3.3016      8.266     11.988    10.2592 0.0000e+00
      8.443     -0.014     0.1451      1.337    197.189 139.022802     2.0762      6.398   -73.3309 1.2372e-01     4.0038      8.283     12.013    10.2911 0.0000e+00
      8.451      0.012     0.1497      1.347    196.967 138.843631     2.0363      6.399   -73.6836 1.2370e-01     5.3034      8.290     12.023    10.2908 0.0000e+00
      8.456      0.016     0.1530      1.335    197.039 138.885543     2.0106      6.402   -74.3935 1.2365e-01     6.0003      8.293     12.028    10.2727 0.0000e+00
      8.457      0.009     0.1491      1.311    197.895 139.465777     2.0069      6.403   -75.2033 1.2367e-01     6.0079      8.295     12.030    10.2580 0.0000e+00
      8.457      0.003     0.1486      1.297    199.535 140.565645     1.9827      6.404   -75.8173 1.2377e-01     5.2588      8.294     12.029    10.2472 0.0000e+00
      8.456     -0.000     0.1531      1.296    200.655 141.277446     1.9345      6.405   -76.4832 1.2383e-01     3.8780      8.293     12.028    10.2403 0.0000e+00
      8.455     -0.001     0.1503      1.315    200.431 141.056022     1.9069      6.406   -77.3177 1.2385e-01     3.1468      8.292     12.026    10.2426 0.0000e+00
      8.455     -0.002     0.1458      1.316    200.601 141.141358     1.9152      6.407   -78.0778 1.2382e-01     3.1138      8.291     12.025    10.2382 0.0000e+00
      8.455     -0.015     0.1461      1.287    200.878 141.288722     1.9606      6.408   -78.9621 1.2375e-01     3.2049      8.291     12.026    10.2231 0.0000e+00
      8.456     -0.053     0.1433      1.267    199.518 140.286335     2.0143      6.410   -79.4920 1.2371e-01     3.3262      8.291     12.026    10.2010 0.0000e+00
      8.458     -0.120     0.1490      1.262    197.390 138.843791     2.0316      6.413   -79.2356 1.2371e-01     3.3512      8.294     12.029    10.1800 0.0000e+00
      8.451     -0.204     0.1505      1.259    195.695 137.814653     2.0285      6.415   -78.8737 1.2368e-01     3.3016      8.302     12.042    10.1803 0.0000e+00
      8.404     -0.287     0.1427      1.250    194.496 137.154423     2.0263      6.417   -78.9877 1.2371e-01     3.2727      8.268     11.991    10.1692 0.0000e+00
      8.294     -0.356     0.1427      1.243    193.416 136.536913     2.0382      6.420   -79.4955 1.2380e-01     3.2414      8.148     11.818    10.1413 0.0000e+00
      8.146     -0.398     0.1415      1.253    192.267 135.832681     2.0730      6.422   -80.0235 1.2382e-01     3.2299      7.983     11.579    10.1548 0.0000e+00
      8.003     -0.399     0.1418      1.273    191.179 135.143991     2.0976      6.422   -80.4682 1.2378e-01     3.2709      7.836     11.365    10.2095 0.0000e+00
      7.890     -0.354     0.1403      1.281    190.404 134.650382     2.0940      6.423   -80.8280 1.2372e-01     3.2584      7.728     11.209    10.2614 0.0000e+00
      7.805     -0.274     0.1384      1.276    190.183 134.519295     2.0963      6.425   -81.2761 1.2367e-01     3.1476      7.647     11.090    10.2972 0.0000e+00
      7.747     -0.191     0.1395      1.283    190.263 134.579273     2.1173      6.427   -81.9286 1.2369e-01     3.0245      7.585     11.001    10.3235 0.0000e+00
      7.722     -0.130     0.1434      1.301    190.317 134.610435     2.1323      6.428   -82.3507 1.2374e-01     2.9992      7.561     10.966    10.3446 0.0000e+00
      7.727     -0.100     0.1441      1.304    190.282 134.577265     2.1356      6.430   -82.4223 1.2379e-01     3.0124      7.577     10.989    10.3598 0.0000e+00
      7.735     -0.096     0.1420      1.298    190.171 134.497019     2.1396      6.432   -82.3636 1.2383e-01     3.0132      7.596     11.017    10.3650 0.0000e+00
      7.720     -0.111     0.1425      1.288    190.031 134.405334     2.1401      6.433   -82.1563 1.2387e-01     3.0433      7.582     10.997    10.3649 0.0000e+00
      7.675     -0.142     0.1469      1.267    189.863 134.297624     2.1408      6.434   -82.1537 1.2388e-01     3.0695      7.531     10.923    10.3627 0.0000e+00
      7.617     -0.183     0.1463      1.250    189.545 134.087385     2.1482      6.436   -82.5898 1.2383e-01     3.0901      7.467     10.830    10.3590 0.0000e+00
      7.563     -0.225     0.1445      1.238    189.060 133.776203     2.1379      6.438   -82.7843 1.2377e-01     3.1561      7.415     10.753    10.3591 0.0000e+00
      7.512     -0.260     0.1458      1.228    188.708 133.595670     2.1166      6.439   -82.6982 1.2375e-01     3.2533      7.371     10.690    10.3610 0.0000e+00
      7.451     -0.284     0.1406      1.230    188.529 133.562424     2.1076      6.440   -83.0106 1.2376e-01     3.3084      7.316     10.610    10.3643 0.0000e+00
      7.371     -0.298     0.1398      1.231    188.144 133.374333     2.1035      6.440   -83.5502 1.2373e-01     3.3100      7.235     10.494    10.3679 0.0000e+00
      7.274     -0.299     0.1387      1.216    187.583 133.043055     2.1090      6.440   -83.8877 1.2369e-01     3.2388      7.134     10.347    10.3722 0.0000e+00
      7.176     -0.289     0.1363      1.207    187.188 132.808703     2.1317      6.441   -84.0806 1.2375e-01     3.1307      7.030     10.197    10.3917 0.0000e+00
      7.096     -0.266     0.1375      1.218    187.013 132.708600     2.1443      6.441   -84.1609 1.2378e-01     3.0621      6.948     10.078    10.4221 0.0000e+00
      7.039     -0.231     0.1386      1.221    186.843 132.597836     2.1368      6.442   -84.1713 1.2374e-01     3.0237      6.898     10.005    10.4438 0.0000e+00
      6.997     -0.193     0.1356      1.216    186.498 132.362051     2.1331      6.443   -84.2058 1.2374e-01     3.0077      6.863      9.955    10.4614 0.0000e+00
      6.957     -0.162     0.1328      1.223    186.088 132.089200     2.1323      6.445   -84.2338 1.2375e-01     3.0059      6.822      9.895    10.4752 0.0000e+00
      6.919     -0.145     0.1370      1.228    185.872 131.976541     2.1357      6.446   -84.3381 1.2372e-01     3.0361      6.782      9.836    10.4795 0.0000e+00
      6.887     -0.143     0.1367      1.234    185.961 132.083773     2.1410      6.446   -84.6066 1.2371e-01     3.0650      6.752      9.792    10.4814 0.0000e+00
      6.861     -0.150     0.1344      1.256    186.153 132.238218     2.1390      6.446   -85.0708 1.2398e-01     3.0822      6.729      9.760    10.4832 0.0000e+00
      6.830     -0.163     0.1369      1.273    186.264 132.313842     2.1442      6.446   -85.6489 1.2707e-01     3.1417      6.704      9.723    10.4854 0.0000e+00
      6.785     -0.181     0.1371      1.264    186.245 132.296835     2.1458      6.446   -86.2614 1.4545e-01     3.1694      6.659      9.658    10.4986 0.0000e+00
      6.730     -0.205     0.1364      1.245    185.945 132.096339     2.1413      6.447   -86.7986 1.8400e-01     3.1436      6.600      9.572    10.5154 0.0000e+00
      6.674     -0.234     0.1400      1.232    185.378 131.738558     2.1738      6.449   -86.9818 2.2826e-01     3.1034      6.545      9.492    10.5183 0.0000e+00
      6.615     -0.259     0.1438      1.226    184.538 131.222444     2.2384      6.450   -86.8422 2.8967e-01     3.0588      6.491      9.415    10.5151 0.0000e+00
      6.549     -0.275     0.1411      1.217    183.553 130.637536     2.2724      6.452   -87.0032 3.8442e-01     3.0139      6.425      9.320    10.5132 0.0000e+00
      6.470     -0.276     0.1381      1.192    183.208 130.531678     2.2862      6.452   -87.8101 5.0082e-01     2.9709      6.349      9.208    10.5143 0.0000e+00
      6.384     -0.265     0.1374      1.164    183.394 130.771448     2.4719      6.452   -88.6820 6.3324e-01     3.0172      6.260      9.079    10.5258 0.0000e+00
      6.301     -0.245     0.1360      1.166    183.198 130.667963     2.8112      6.452   -88.9417 7.4910e-01     3.1298      6.172      8.952    10.5495 0.0000e+00
      6.238     -0.220     0.1367      1.183    182.764 130.364239     2.9933      6.454   -88.3683 8.1475e-01     3.1708      6.108      8.859    10.5789 0.0000e+00
      6.198     -0.190     0.1333      1.183    182.729 130.350391     3.0172      6.455   -87.4281 8.5194e-01     3.1712      6.072      8.808    10.6240 0.0000e+00
      6.170     -0.154     0.1271      1.166    182.851 130.436794     3.1085      6.456   -86.7807 8.9754e-01     3.2710      6.056      8.782    10.6610 0.0000e+00
      6.134     -0.118     0.1288      1.169    182.274 130.006439     3.2728      6.458   -86.4769 9.7050e-01     3.4214      6.021      8.733    10.6624 0.0000e+00
      6.091     -0.088     0.1325      1.194    180.884 129.035585     3.3647      6.459   -86.2491 1.0373e+00     3.4865      5.965      8.652    10.6598 0.0000e+00
      6.065     -0.063     0.1325      1.205    179.105 127.877738     3.3791      6.462   -86.0055 1.0376e+00     3.5115      5.937      8.610    10.6661 0.0000e+00
      6.062     -0.040     0.1285      1.204    177.548 126.970871     3.3635      6.463   -85.6827 9.9078e-01     3.5191      5.944      8.621    10.6696 0.0000e+00
      6.067     -0.016     0.1279      1.189    175.997 126.102261     3.3010      6.463   -85.1004 9.6091e-01     3.4763      5.952      8.633    10.6553 0.0000e+00
      6.069      0.004     0.1347      1.165    173.849 124.769001     3.2310      6.462   -84.0413 9.2959e-01     3.4727      5.952      8.632    10.6550 0.0000e+00
      6.071      0.011     0.1336      1.179    173.269 124.553274     3.1998      6.461   -82.8568 8.7610e-01     3.5097      5.952      8.633    10.6876 0.0000e+00
      6.076      0.003     0.1339      1.199    174.736 125.788358     3.1898      6.460   -82.4813 8.3546e-01     3.5127      5.957      8.640    10.7469 0.0000e+00
      6.081     -0.021     0.1334      1.186    176.381 127.019757     3.0764      6.459   -82.7706 8.1410e-01     3.4411      5.966      8.651    10.8333 0.0000e+00
      6.085     -0.064     0.1255      1.187    178.236 128.224634     2.8530      6.458   -82.9991 8.0769e-01     3.3265      5.969      8.657    10.8804 0.0000e+00
      6.080     -0.121     0.1295      1.225    179.397 128.819241     2.7275      6.458   -83.1791 8.3250e-01     3.2880      5.969      8.657    10.9356 0.0000e+00
      6.054     -0.181     0.1357      1.260    179.284 128.536042     2.7239      6.459   -83.3125 9.4031e-01     3.2840      5.952      8.633    11.0090 0.0000e+00
      5.990     -0.235     0.1289      1.259    178.712 128.051207     2.7765      6.460   -83.2353 1.1358e+00     3.3467      5.887      8.539    11.0223 0.0000e+00
      5.895     -0.277     0.1290      1.237    177.971 127.546526     2.8642      6.461   -83.1059 1.3353e+00     3.4988      5.780      8.382    10.9835 0.0000e+00
      5.797     -0.302     0.1355      1.224    177.036 126.959646     2.9101      6.461   -83.1239 1.5019e+00     3.5516      5.678      8.235    10.8940 0.0000e+00
      5.714     -0.309     0.1414      1.212    175.708 126.118236     2.9231      6.462   -83.4524 1.6443e+00     3.5409      5.600      8.122    10.8280 0.0000e+00
      5.642     -0.299     0.1405      1.194    174.165 125.149073     2.9554      6.464   -83.9813 1.7724e+00     3.5751      5.532      8.023    10.8152 0.0000e+00
      5.573     -0.274     0.1355      1.174    172.386 124.037074     3.0004      6.464   -84.5288 1.9118e+00     3.6238      5.465      7.927    10.8242 0.0000e+00
      5.504     -0.243     0.1357      1.164    170.162 122.615244     3.0268      6.465   -84.9953 2.0761e+00     3.6170      5.399      7.830    10.8536 0.0000e+00
      5.435     -0.209     0.1341      1.170    167.960 121.213135     3.0333      6.468   -84.8893 2.2407e+00     3.5265      5.329      7.728    10.8833 0.0000e+00
      5.375     -0.171     0.1322      1.180    166.908 120.657425     3.1037      6.468   -84.3665 2.3557e+00     3.4518      5.263      7.632    10.9222 0.0000e+00
      5.336     -0.131     0.1288      1.180    167.288 121.121440     3.2528      6.466   -84.0080 2.3985e+00     3.4314      5.224      7.576    10.9733 0.0000e+00
      5.318     -0.091     0.1274      1.181    167.453 121.343870     3.3470      6.464   -83.9099 2.4051e+00     3.4172      5.213      7.560    11.0267 0.0000e+00
      5.310     -0.056     0.1282      1.191    167.895 121.690255     3.3609      6.463   -83.9555 2.4185e+00     3.4166      5.207      7.551    11.0793 0.0000e+00
      5.304     -0.030     0.1307      1.205    169.779 123.015185     3.3870      6.464   -83.9565 2.4292e+00     3.4583      5.200      7.542    11.1396 0.0000e+00
      5.301     -0.015     0.1289      1.206    170.956 123.726523     3.4543      6.465   -83.9223 2.4306e+00     3.5115      5.199      7.540    11.2122 0.0000e+00
      5.299     -0.007     0.1293      1.208    171.174 123.727483     3.5007      6.465   -83.9719 2.4279e+00     3.5473      5.197      7.537    11.2381 0.0000e+00
      5.298     -0.006     0.1299      1.213    171.724 124.046223     3.4984      6.464   -84.1259 2.4156e+00     3.5831      5.194      7.534    11.2380 0.0000e+00
      5.299     -0.015     0.1335      1.203    171.823 124.075228     3.4926      6.463   -84.3215 2.3977e+00     3.6029      5.195      7.535    11.2439 0.0000e+00
      5.300     -0.036     0.1321      1.202    170.903 123.377159     3.4971      6.463   -84.6155 2.3729e+00     3.5819      5.198      7.539    11.1854 0.0000e+00
      5.300     -0.070     0.1319      1.215    169.193 122.169819     3.4955      6.464   -85.2723 2.3703e+00     3.5337      5.200      7.543    11.1225 0.0000e+00
