Data/DataNotYetUploadedToEDI/Raw_CTD/RawDownloads/100625_fcr50_S7809002.cnv
* Sea-Bird SBE19plus  Data File:
* FileName = C:\R\Reservoirs\Data\DataNotYetUploadedToEDI\Raw_CTD\RawDownloads\092925_fcr50_S7809_0002.hex
* Software version 2.8.0.119
* Temperature SN = 7809
* Conductivity SN = 7809
* System UpLoad Time = Oct 06 2025 16:41:13
* <ApplicationData>
* <Seaterm232>
# nquan = 15
# nvalues = 2350                        
# units = specified
# name 0 = depFM: Depth [fresh water, m]
# name 1 = dz/dtM: Descent Rate [m/s]
# name 2 = sbeox0Mg/L: Oxygen, SBE 43 [mg/l]
# name 3 = sbeox0PS: Oxygen, SBE 43 [% saturation]
# name 4 = specc: Specific Conductance [uS/cm]
# name 5 = c0uS/cm: Conductivity [uS/cm]
# name 6 = flECO-AFL: Fluorescence, WET Labs ECO-AFL/FL [mg/m^3]
# name 7 = ph: pH
# name 8 = orp: Oxidation Reduction Potential [mV]
# name 9 = par/sat/log: PAR/Logarithmic, Satlantic
# name 10 = turbWETntu0: Turbidity, WET Labs ECO [NTU]
# name 11 = prdM: Pressure, Strain Gauge [db]
# name 12 = prdE: Pressure, Strain Gauge [psi]
# name 13 = tv290C: Temperature [ITS-90, deg C]
# name 14 = flag:  0.000e+00
# span 0 =     -0.555,      9.720       
# span 1 =     -0.221,      0.166       
# span 2 =    -0.0105,     6.7364       
# span 3 =     -0.091,     73.326       
# span 4 =      0.928,    493.774       
# span 5 =   0.819653, 374.036437       
# span 6 =    -0.1081,   227.5510       
# span 7 =      7.062,      9.762       
# span 8 = -1240.7455,   272.5144       
# span 9 = 1.2361e-01, 1.5536e+03       
# span 10 =    -0.1884,   451.4380      
# span 11 =     -0.544,      9.534      
# span 12 =     -0.789,     13.827      
# span 13 =    12.8517,    19.5767      
# span 14 = 0.0000e+00, 0.0000e+00      
# interval = seconds: 0.25
# start_time = Oct 06 2025 09:56:07 [Instrument's time stamp, header]
# bad_flag = -9.990e-29
*END*
[from data line 2314]
     -0.545 -1.540e-09     5.3895     59.149      4.403   3.859482     1.8925      9.696  -230.1727 3.3577e+02    55.5768     -0.534     -0.775    18.8415 0.0000e+00
     -0.545 -1.694e-08     5.4303     59.322      4.252   3.726332     0.7425      9.694  -231.1865 6.0547e+02    20.5423     -0.535     -0.776    18.8364 0.0000e+00
     -0.545 -1.863e-07     5.4659     59.467      4.087   3.581222     0.1376      9.695  -233.0535 8.4866e+02     1.5263     -0.534     -0.775    18.8315 0.0000e+00
     -0.545 -1.863e-07     5.4880     59.607      3.848   3.371939     0.0970      9.697  -237.0014 4.8316e+02    -0.1657     -0.534     -0.775    18.8264 0.0000e+00
     -0.545 -1.693e-08     5.5072     59.743      3.607   3.159706     0.0609      9.697  -243.7300 1.2351e+02    -0.1207     -0.534     -0.774    18.8216 0.0000e+00
     -0.545 -1.539e-09     5.5242     59.847      3.473   3.042265     0.0003      9.702  -250.4815 9.5057e+01     0.2612     -0.534     -0.775    18.8168 0.0000e+00
     -0.545 -1.389e-10     5.5369     59.920      3.458   3.028870    -0.0193      9.711  -253.4155 9.6222e+01     0.4887     -0.534     -0.775    18.8120 0.0000e+00
     -0.545 -9.513e-13     5.5502     59.981      3.423   2.997755    -0.0023      9.718  -252.6186 9.5289e+01     0.5457     -0.534     -0.775    18.8071 0.0000e+00
     -0.545 1.2835e-10     5.5655     60.017      3.334   2.919434     0.0070      9.722  -251.1711 9.1380e+01     1.2239     -0.535     -0.776    18.8022 0.0000e+00
     -0.545 1.4245e-09     5.5754     60.005      3.247   2.842050     0.0257      9.726  -250.7130 8.7024e+01     2.6089     -0.534     -0.774    18.7971 0.0000e+00
     -0.545 1.5670e-08     5.5812     59.928      3.152   2.758929     0.0576      9.730  -250.9510 8.4239e+01     3.4560     -0.535     -0.775    18.7914 0.0000e+00
     -0.545 1.7237e-07     5.5890     59.806      3.056   2.674583     0.0513      9.733  -251.4674 8.4958e+01     3.5077     -0.535     -0.776    18.7851 0.0000e+00
     -0.545 3.1602e-07     5.5935     59.689      3.023   2.645729    -0.0086      9.735  -252.0528 8.8661e+01     3.1999     -0.534     -0.775    18.7787 0.0000e+00
     -0.545 1.7238e-07     5.5940     59.614      3.043   2.663437    -0.0590      9.739  -252.6949 9.2206e+01     2.7400     -0.535     -0.776    18.7726 0.0000e+00
     -0.545 1.5671e-08     5.5871     59.589      3.012   2.635311    -0.0673      9.742  -253.2939 9.3159e+01     2.4561     -0.535     -0.776    18.7668 0.0000e+00
     -0.545 1.4246e-09     5.5738     59.600      2.925   2.559035    -0.0837      9.742  -253.7885 9.2458e+01     2.3293     -0.535     -0.776    18.7612 0.0000e+00
     -0.545 1.2951e-10     5.5626     59.648      2.859   2.501337    -0.1081      9.743  -254.4594 9.1684e+01     2.3003     -0.534     -0.775    18.7554 0.0000e+00
     -0.545 1.1773e-11     5.5558     59.750      2.868   2.507799    -0.0791      9.746  -255.3833 9.1930e+01     2.5829     -0.534     -0.775    18.7496 0.0000e+00
     -0.545 1.0703e-12     5.5551     59.888      2.943   2.573829    -0.0073      9.749  -256.3554 9.3975e+01     3.0825     -0.534     -0.775    18.7441 0.0000e+00
     -0.545 9.7300e-14     5.5570     60.034      2.977   2.602896     0.0188      9.752  -257.2647 9.6742e+01     3.3198     -0.534     -0.775    18.7385 0.0000e+00
     -0.545 8.8455e-15     5.5604     60.174      2.908   2.542513    -0.0131      9.754  -258.0316 1.0135e+02     3.2654     -0.535     -0.776    18.7331 0.0000e+00
     -0.545 8.0415e-16     5.5718     60.283      2.834   2.477202    -0.0186      9.755  -258.6582 1.0829e+02     3.3818     -0.535     -0.776    18.7276 0.0000e+00
     -0.545 7.3105e-17     5.5867     60.352      2.799   2.446676     0.0105      9.756  -259.3348 1.1332e+02     3.6676     -0.534     -0.775    18.7220 0.0000e+00
     -0.545 6.6460e-18     5.6005     60.392      2.777   2.426809     0.0070      9.757  -260.0177 1.1548e+02     3.7152     -0.534     -0.775    18.7165 0.0000e+00
     -0.545 6.0415e-19     5.6158     60.430      2.850   2.490369    -0.0203      9.759  -260.5484 1.1457e+02     3.6845     -0.534     -0.775    18.7111 0.0000e+00
     -0.545 5.4925e-20     5.6265     60.478      3.100   2.708409    -0.0199      9.761  -261.0184 1.0827e+02     3.9450     -0.535     -0.777    18.7058 0.0000e+00
     -0.545 4.9931e-21     5.6332     60.518      3.403   2.972696    -0.0130      9.762  -261.4845 9.7936e+01     4.2689     -0.535     -0.776    18.7003 0.0000e+00
     -0.545 4.5392e-22     5.6367     60.554      3.608   3.151988    -0.0285      9.761  -261.7963 8.8687e+01     4.3554     -0.534     -0.775    18.6946 0.0000e+00
     -0.545 4.1266e-23     5.6397     60.594      3.770   3.292546    -0.0323      9.760  -262.1213 8.4468e+01     4.3764     -0.535     -0.776    18.6890 0.0000e+00
     -0.545 3.7517e-24     5.6467     60.637      3.972   3.468566    -0.0176      9.760  -262.6613 8.4247e+01     4.3176     -0.534     -0.775    18.6837 0.0000e+00
     -0.545 3.4385e-25     5.6506     60.710      4.161   3.633182    -0.0085      9.759  -263.0770 8.4094e+01     4.0542     -0.535     -0.776    18.6781 0.0000e+00
     -0.545 6.2007e-26     5.6531     60.760      4.236   3.699191    -0.0057      9.759  -263.1897 8.2491e+01     3.8912     -0.535     -0.776    18.6732 0.0000e+00
     -0.545 -9.990e-29     5.6595 -9.990e-29 -9.990e-29 -9.990e-29 -9.990e-29 -9.990e-29 -9.990e-29 8.1151e+01 -9.990e-29     -0.534     -0.775    18.6679 0.0000e+00
     -0.545 -9.990e-29     5.6609 -9.990e-29 -9.990e-29 -9.990e-29 -9.990e-29 -9.990e-29 -9.990e-29 8.0777e+01 -9.990e-29     -0.534     -0.775    18.6631 0.0000e+00
     -0.545 -9.990e-29     5.6699 -9.990e-29 -9.990e-29 -9.990e-29 -9.990e-29 -9.990e-29 -9.990e-29 8.0573e+01 -9.990e-29     -0.535     -0.776    18.6574 0.0000e+00
     -0.545 -9.990e-29     5.6824 -9.990e-29 -9.990e-29 -9.990e-29 -9.990e-29 -9.990e-29 -9.990e-29 8.0428e+01 -9.990e-29     -0.534     -0.775    18.6531 0.0000e+00
