Data/DataNotYetUploadedToEDI/Raw_CTD/RawDownloads/100625_fcr50_S7809002.cnv
* Sea-Bird SBE19plus  Data File:
* FileName = C:\R\Reservoirs\Data\DataNotYetUploadedToEDI\Raw_CTD\RawDownloads\092925_fcr50_S7809_0002.hex
* Software version 2.8.0.119
* Temperature SN = 7809
* Conductivity SN = 7809
* System UpLoad Time = Oct 06 2025 16:41:13
* <ApplicationData>
* <Seaterm232>
# nquan = 15
# nvalues = 2350                        
# units = specified
# name 0 = depFM: Depth [fresh water, m]
# name 1 = dz/dtM: Descent Rate [m/s]
# name 2 = sbeox0Mg/L: Oxygen, SBE 43 [mg/l]
# name 3 = sbeox0PS: Oxygen, SBE 43 [% saturation]
# name 4 = specc: Specific Conductance [uS/cm]
# name 5 = c0uS/cm: Conductivity [uS/cm]
# name 6 = flECO-AFL: Fluorescence, WET Labs ECO-AFL/FL [mg/m^3]
# name 7 = ph: pH
# name 8 = orp: Oxidation Reduction Potential [mV]
# name 9 = par/sat/log: PAR/Logarithmic, Satlantic
# name 10 = turbWETntu0: Turbidity, WET Labs ECO [NTU]
# name 11 = prdM: Pressure, Strain Gauge [db]
# name 12 = prdE: Pressure, Strain Gauge [psi]
# name 13 = tv290C: Temperature [ITS-90, deg C]
# name 14 = flag:  0.000e+00
# span 0 =     -0.555,      9.720       
# span 1 =     -0.221,      0.166       
# span 2 =    -0.0105,     6.7364       
# span 3 =     -0.091,     73.326       
# span 4 =      0.928,    493.774       
# span 5 =   0.819653, 374.036437       
# span 6 =    -0.1081,   227.5510       
# span 7 =      7.062,      9.762       
# span 8 = -1240.7455,   272.5144       
# span 9 = 1.2361e-01, 1.5536e+03       
# span 10 =    -0.1884,   451.4380      
# span 11 =     -0.544,      9.534      
# span 12 =     -0.789,     13.827      
# span 13 =    12.8517,    19.5767      
# span 14 = 0.0000e+00, 0.0000e+00      
# interval = seconds: 0.25
# start_time = Oct 06 2025 09:56:07 [Instrument's time stamp, header]
# bad_flag = -9.990e-29
*END*
[from data line 579]
      0.457 2.0492e-07     5.3720     58.521     38.802  34.551740     2.4311      8.644    89.6076 3.3771e+02     7.6259      0.448      0.649    19.5175 0.0000e+00
      0.456 1.8629e-08     5.3727     58.506     38.789  34.540735     2.4551      8.644    89.6310 3.3817e+02     7.5248      0.447      0.649    19.5176 0.0000e+00
      0.456 1.6935e-09     5.3720     58.507     38.809  34.558559     2.4134      8.644    89.7990 3.3787e+02     7.4762      0.447      0.649    19.5178 0.0000e+00
      0.456 1.5396e-10     5.3748     58.506     38.829  34.576911     2.3924      8.644    89.9177 3.3762e+02     7.6188      0.447      0.649    19.5180 0.0000e+00
      0.457 1.3996e-11     5.3715     58.510     38.824  34.572293     2.4182      8.644    89.9487 3.3930e+02     7.8493      0.448      0.649    19.5181 0.0000e+00
      0.457 1.2724e-12     5.3686     58.517     38.818  34.566167     2.4423      8.645    90.0017 3.4132e+02     7.8727      0.448      0.650    19.5186 0.0000e+00
      0.457 1.1567e-13     5.3715     58.529     38.818  34.566280     2.4343      8.645    89.9555 3.4011e+02     7.7640      0.448      0.649    19.5189 0.0000e+00
      0.457 1.0515e-14     5.3692     58.552     38.826  34.573665     2.3967      8.646    89.9925 3.3856e+02     7.7309      0.447      0.649    19.5190 0.0000e+00
      0.457 9.5596e-16     5.3706     58.568     38.846  34.592013     2.3620      8.647    90.1905 3.3944e+02     7.7789      0.448      0.649    19.5191 0.0000e+00
      0.457 8.6966e-17     5.3710     58.564     38.852  34.597792     2.3645      8.648    90.2851 3.3999e+02     7.8670      0.448      0.650    19.5193 0.0000e+00
      0.456 8.5657e-18     5.3716     58.565     38.832  34.580082     2.3761      8.648    90.2758 3.3976e+02     7.8742      0.447      0.649    19.5194 0.0000e+00
      0.456 8.0359e-18     5.3743     58.585     38.818  34.568225     2.3607      8.648    90.2503 3.3917e+02     7.7629      0.447      0.649    19.5196 0.0000e+00
      0.457 8.0560e-17     5.3770     58.601     38.833  34.581330     2.3448      8.647    90.2353 3.3799e+02     7.7859      0.448      0.649    19.5201 0.0000e+00
      0.457 8.8545e-16     5.3749     58.611     38.867  34.611634     2.3503      8.647    90.3518 3.3675e+02     8.0149      0.448      0.650    19.5204 0.0000e+00
      0.457 9.7398e-15     5.3742     58.616     38.873  34.617403     2.3526      8.648    90.5406 3.3607e+02     8.1756      0.448      0.649    19.5206 0.0000e+00
      0.457 1.0714e-13     5.3778     58.608     38.839  34.587628     2.3311      8.648    90.6252 3.3708e+02     8.1227      0.448      0.649    19.5208 0.0000e+00
      0.457 1.1785e-12     5.3787     58.598     38.818  34.568860     2.3154      8.648    90.6866 3.3772e+02     7.9912      0.448      0.650    19.5209 0.0000e+00
      0.457 1.2964e-11     5.3794     58.590     38.832  34.580821     2.3455      8.649    90.7664 3.3735e+02     7.9852      0.448      0.650    19.5210 0.0000e+00
      0.457 1.4260e-10     5.3808     58.579     38.860  34.605358     2.3873      8.650    90.7297 3.3846e+02     8.0845      0.448      0.650    19.5210 0.0000e+00
      0.458 1.5686e-09     5.3790     58.566     38.868  34.611748     2.4050      8.650    90.6736 3.3960e+02     8.1325      0.449      0.651    19.5211 0.0000e+00
      0.458 1.7255e-08     5.3781     58.554     38.848  34.594643     2.4090      8.650    90.7752 3.3949e+02     8.0870      0.449      0.651    19.5211 0.0000e+00
      0.458 1.8980e-07     5.3779     58.547     38.842  34.588875     2.4027      8.650    90.9263 3.3923e+02     8.0123      0.449      0.651    19.5211 0.0000e+00
      0.458 2.2367e-07     5.3765     58.551     38.860  34.605460     2.4122      8.650    90.9513 3.3901e+02     8.0148      0.449      0.651    19.5209 0.0000e+00
      0.458 4.2675e-07     5.3757     58.561     38.860  34.604827     2.4399      8.650    90.9060 3.3884e+02     8.0841      0.449      0.651    19.5207 0.0000e+00
      0.458      0.000     5.3742     58.572     38.834  34.581217     2.4303      8.652    90.8946 3.3884e+02     8.0650      0.449      0.650    19.5207 0.0000e+00
      0.458      0.000     5.3732     58.582     38.825  34.573775     2.3960      8.652    90.9853 3.3934e+02     7.9547      0.448      0.651    19.5205 0.0000e+00
      0.458      0.001     5.3738     58.584     38.830  34.578295     2.3918      8.652    91.1429 3.3968e+02     7.9117      0.449      0.652    19.5206 0.0000e+00
      0.458      0.001     5.3751     58.585     38.823  34.572428     2.4123      8.652    91.1656 3.3846e+02     7.9894      0.449      0.651    19.5205 0.0000e+00
      0.458      0.001     5.3759     58.585     38.816  34.566283     2.4103      8.653    91.0876 3.3755e+02     8.1083      0.449      0.652    19.5203 0.0000e+00
      0.459      0.001     5.3775     58.580     38.817  34.567435     2.3686      8.654    91.0596 3.3761e+02     8.1530      0.450      0.652    19.5204 0.0000e+00
      0.459      0.001     5.3769     58.578     38.839  34.586364     2.3406      8.654    90.9998 3.3611e+02     8.1201      0.450      0.652    19.5203 0.0000e+00
      0.459      0.001     5.3771     58.579     38.859  34.604807     2.3465      8.653    90.9672 3.3530e+02     8.1211      0.450      0.653    19.5203 0.0000e+00
      0.459      0.000     5.3779     58.590     38.853  34.600087     2.3808      8.653    91.0950 3.3687e+02     8.2322      0.450      0.653    19.5208 0.0000e+00
      0.459 1.8628e-08     5.3761     58.603     38.844  34.592747     2.4233      8.653    91.2542 3.3743e+02     8.3029      0.450      0.653    19.5209 0.0000e+00
      0.459 2.0490e-07     5.3768     58.608     38.829  34.579506     2.4275      8.654    91.3427 3.3617e+02     8.2242      0.450      0.653    19.5211 0.0000e+00
      0.459 2.0490e-07     5.3760     58.617     38.815  34.566879     2.4314      8.655    91.3908 3.3572e+02     8.2026      0.450      0.653    19.5218 0.0000e+00
      0.459 1.8627e-08     5.3770     58.621     38.815  34.566968     2.4371      8.654    91.4065 3.3636e+02     8.2471      0.450      0.653    19.5223 0.0000e+00
      0.459 1.6934e-09     5.3798     58.613     38.830  34.580581     2.4217      8.654    91.3601 3.3675e+02     8.2495      0.450      0.653    19.5227 0.0000e+00
      0.459 1.5395e-10     5.3781     58.595     38.857  34.604588     2.4198      8.655    91.3463 3.3666e+02     8.2320      0.450      0.652    19.5230 0.0000e+00
      0.459 1.4100e-11     5.3804     58.566     38.856  34.603447     2.4139      8.656    91.4114 3.3655e+02     8.1728      0.450      0.653    19.5232 0.0000e+00
      0.459 2.4280e-12     5.3809     58.542     38.816  34.566785     2.4171      8.657    91.4590 3.3712e+02     8.1828      0.450      0.653    19.5232 0.0000e+00
      0.459 1.2828e-11     5.3794     58.533     38.788  34.541989     2.4590      8.657    91.4919 3.3705e+02     8.2839      0.450      0.653    19.5232 0.0000e+00
      0.459 1.3995e-10     5.3788     58.523     38.806  34.557425     2.5033      8.656    91.5514 3.3605e+02     8.3701      0.450      0.653    19.5229 0.0000e+00
      0.459 1.5395e-09     5.3750     58.508     38.813  34.563079     2.5118      8.656    91.5752 3.3565e+02     8.3715      0.450      0.653    19.5224 0.0000e+00
      0.460 1.6934e-08     5.3721     58.490     38.796  34.546910     2.4869      8.657    91.5220 3.3520e+02     8.2667      0.451      0.654    19.5218 0.0000e+00
      0.460 1.8627e-07     5.3727     58.468     38.802  34.552261     2.4864      8.658    91.4235 3.3460e+02     8.1957      0.451      0.654    19.5213 0.0000e+00
      0.460 1.8627e-07     5.3719     58.460     38.817  34.564335     2.5211      8.658    91.3316 3.3513e+02     8.1283      0.451      0.654    19.5208 0.0000e+00
      0.459 1.6934e-08     5.3698     58.467     38.819  34.566000     2.5239      8.658    91.3572 3.3568e+02     7.9978      0.450      0.653    19.5201 0.0000e+00
      0.459 1.5395e-09     5.3693     58.462     38.826  34.572392     2.4878      8.658    91.4746 3.3590e+02     7.9505      0.450      0.653    19.5195 0.0000e+00
      0.459 1.3995e-10     5.3660     58.444     38.833  34.578169     2.4666      8.658    91.6334 3.3581e+02     8.0690      0.451      0.654    19.5188 0.0000e+00
      0.459 1.2723e-11     5.3650     58.421     38.827  34.572401     2.4841      8.657    91.7284 3.3498e+02     8.2348      0.450      0.653    19.5180 0.0000e+00
      0.459 1.1566e-12     5.3677     58.396     38.820  34.566108     2.5080      8.657    91.7629 3.3472e+02     8.2473      0.450      0.653    19.5173 0.0000e+00
      0.460 1.0515e-13     5.3666     58.386     38.820  34.565526     2.4976      8.658    91.7920 3.3492e+02     8.1858      0.451      0.654    19.5168 0.0000e+00
      0.460 9.5590e-15     5.3644     58.381     38.820  34.565371     2.4580      8.659    91.8228 3.3606e+02     8.1750      0.451      0.654    19.5163 0.0000e+00
      0.460 8.6900e-16     5.3634     58.368     38.819  34.564222     2.4205      8.660    91.9618 3.3711e+02     8.1855      0.451      0.654    19.5159 0.0000e+00
      0.460 7.9000e-17     5.3593     58.368     38.804  34.551638     2.4198      8.660    92.0107 3.3564e+02     8.2776      0.451      0.655    19.5157 0.0000e+00
      0.460 7.1790e-18     5.3590     58.373     38.791  34.540107     2.4406      8.660    91.9837 3.3384e+02     8.3319      0.451      0.654    19.5158 0.0000e+00
      0.460 6.1981e-19     5.3602     58.382     38.804  34.551694     2.4392      8.660    92.0660 3.3397e+02     8.2266      0.451      0.655    19.5158 0.0000e+00
      0.460 -3.047e-19     5.3565     58.403     38.819  34.564840     2.4362      8.660    92.1449 3.3440e+02     8.2006      0.451      0.654    19.5158 0.0000e+00
      0.460 -3.999e-18     5.3579     58.413     38.827  34.572173     2.4457      8.660    92.2492 3.3376e+02     8.3248      0.451      0.654    19.5159 0.0000e+00
      0.460 -4.405e-17     5.3586     58.425     38.832  34.576901     2.4454      8.660    92.3802 3.3427e+02     8.3958      0.451      0.655    19.5159 0.0000e+00
      0.460 -4.845e-16     5.3577     58.467     38.812  34.558558     2.4413      8.660    92.4392 3.3644e+02     8.3421      0.451      0.654    19.5158 0.0000e+00
      0.460 -5.330e-15     5.3620     58.500     38.792  34.540736     2.4292      8.661    92.4464 3.3667e+02     8.2219      0.451      0.654    19.5159 0.0000e+00
      0.460 -5.863e-14     5.3624     58.490     38.804  34.551752     2.4320      8.661    92.4674 3.3467e+02     8.2060      0.451      0.655    19.5158 0.0000e+00
      0.460 -6.449e-13     5.3608     58.462     38.819  34.564856     2.4585      8.661    92.5211 3.3382e+02     8.2874      0.451      0.655    19.5159 0.0000e+00
      0.460 -7.094e-12     5.3675     58.438     38.828  34.572288     2.4595      8.662    92.5788 3.3375e+02     8.3176      0.451      0.655    19.5158 0.0000e+00
      0.460 -7.803e-11     5.3720     58.421     38.834  34.578159     2.4345      8.662    92.6488 3.3390e+02     8.2638      0.451      0.655    19.5156 0.0000e+00
      0.460 -8.584e-10     5.3690     58.408     38.827  34.572401     2.4070      8.662    92.7644 3.3548e+02     8.1493      0.451      0.655    19.5157 0.0000e+00
      0.461 -9.442e-09     5.3663     58.398     38.820  34.566113     2.4093      8.663    92.8588 3.3662e+02     8.1624      0.452      0.656    19.5157 0.0000e+00
      0.461 -1.731e-08     5.3637     58.393     38.820  34.565584     2.4463      8.663    92.8446 3.3705e+02     8.3204      0.452      0.656    19.5158 0.0000e+00
      0.461 -9.445e-09     5.3628     58.391     38.821  34.566000     2.4454      8.662    92.8503 3.3682e+02     8.3524      0.452      0.655    19.5159 0.0000e+00
      0.461 -8.585e-10     5.3612     58.388     38.826  34.571145     2.4079      8.661    92.8410 3.3567e+02     8.2067      0.451      0.654    19.5160 0.0000e+00
      0.461 -7.805e-11     5.3605     58.381     38.819  34.564338     2.4005      8.662    92.8192 3.3507e+02     8.0966      0.452      0.655    19.5159 0.0000e+00
      0.460 -7.095e-12     5.3599     58.367     38.799  34.547142     2.4222      8.663    92.9306 3.3488e+02     8.1479      0.451      0.655    19.5159 0.0000e+00
      0.460 -6.450e-13     5.3599     58.348     38.806  34.553571     2.4374      8.663    93.0692 3.3489e+02     8.2127      0.451      0.655    19.5160 0.0000e+00
      0.461 -5.865e-14     5.3598     58.334     38.834  34.578626     2.4262      8.663    93.1186 3.3428e+02     8.1622      0.452      0.655    19.5160 0.0000e+00
      0.461 -5.330e-15     5.3589     58.327     38.854  34.596297     2.4119      8.664    93.0971 3.3294e+02     8.1178      0.452      0.655    19.5162 0.0000e+00
      0.461 -4.846e-16     5.3582     58.337     38.833  34.576891     2.4140      8.665    93.1540 3.3264e+02     8.1548      0.452      0.656    19.5161 0.0000e+00
      0.461 -4.405e-17     5.3551     58.377     38.785  34.534325     2.4099      8.665    93.2908 3.3284e+02     8.1990      0.452      0.656    19.5161 0.0000e+00
      0.461 -4.005e-18     5.3547     58.410     38.775  34.525750     2.4121      8.664    93.3747 3.3253e+02     8.2085      0.452      0.656    19.5160 0.0000e+00
      0.461 -3.587e-19     5.3537     58.419     38.787  34.536661     2.4406      8.664    93.3934 3.3356e+02     8.2354      0.452      0.656    19.5158 0.0000e+00
      0.461 2.6253e-20     5.3532     58.435     38.790  34.539364     2.4721      8.664    93.4311 3.3586e+02     8.3192      0.452      0.656    19.5159 0.0000e+00
      0.461 6.4987e-19     5.3590     58.451     38.812  34.558435     2.4842      8.665    93.4863 3.3648e+02     8.3672      0.452      0.655    19.5159 0.0000e+00
      0.461 7.1814e-18     5.3635     58.452     38.833  34.576900     2.5033      8.665    93.4583 3.3538e+02     8.3379      0.452      0.656    19.5158 0.0000e+00
      0.461 7.8999e-17     5.3613     58.450     38.828  34.572286     2.5373      8.665    93.4374 3.3367e+02     8.2723      0.452      0.656    19.5157 0.0000e+00
      0.461 8.6899e-16     5.3641     58.438     38.821  34.566103     2.5373      8.665    93.4918 3.3327e+02     8.1554      0.452      0.656    19.5154 0.0000e+00
      0.461 9.5589e-15     5.3664     58.410     38.821  34.565593     2.5281      8.665    93.5996 3.3426e+02     8.1548      0.451      0.655    19.5155 0.0000e+00
      0.461 1.0515e-13     5.3649     58.381     38.822  34.566114     2.5340      8.665    93.7081 3.3481e+02     8.2986      0.452      0.655    19.5153 0.0000e+00
      0.461 1.1566e-12     5.3662     58.366     38.829  34.572402     2.5250      8.664    93.6848 3.3495e+02     8.3561      0.452      0.655    19.5150 0.0000e+00
      0.461 1.2723e-11     5.3648     58.357     38.835  34.578169     2.5031      8.664    93.5762 3.3514e+02     8.3031      0.452      0.655    19.5151 0.0000e+00
      0.461 1.3995e-10     5.3620     58.356     38.829  34.572392     2.4766      8.665    93.5993 3.3517e+02     8.2047      0.452      0.655    19.5150 0.0000e+00
      0.461 1.5395e-09     5.3583     58.370     38.822  34.566001     2.4637      8.666    93.7925 3.3451e+02     8.1918      0.452      0.656    19.5149 0.0000e+00
      0.461 1.6934e-08     5.3577     58.400     38.821  34.564337     2.4634      8.667    93.9329 3.3525e+02     8.2843      0.452      0.656    19.5147 0.0000e+00
      0.461 1.8627e-07     5.3569     58.436     38.807  34.552282     2.4489      8.667    93.9201 3.3749e+02     8.2634      0.453      0.657    19.5144 0.0000e+00
      0.461 1.8627e-07     5.3561     58.446     38.801  34.547127     2.4290      8.666    93.8960 3.3815e+02     8.1441      0.452      0.656    19.5139 0.0000e+00
