Data/DataNotYetUploadedToEDI/Raw_CTD/RawDownloads/100620_fcr50.cnv
* Sea-Bird SBE19plus  Data File:
* FileName = C:\DATA\100620_fcr50_0001.hex
* Software version 2.8.0.119
* Temperature SN = 7809
* Conductivity SN = 7809
* System UpLoad Time = Oct 06 2020 14:33:01
* <ApplicationData>
* <Seaterm232>
# nquan = 16
# nvalues = 5210                        
# units = specified
# name 0 = depFM: Depth [fresh water, m]
# name 1 = dz/dtM: Descent Rate [m/s]
# name 2 = orp: Oxidation Reduction Potential [mV]
# name 3 = sbeox0Mg/L: Oxygen, SBE 43 [mg/l]
# name 4 = sbeox0PS: Oxygen, SBE 43 [% saturation]
# name 5 = par/sat/log: PAR/Logarithmic, Satlantic
# name 6 = ph: pH
# name 7 = specc: Specific Conductance [uS/cm]
# name 8 = c0uS/cm: Conductivity [uS/cm]
# name 9 = flECO-AFL: Fluorescence, WET Labs ECO-AFL/FL [mg/m^3]
# name 10 = turbWETntu0: Turbidity, WET Labs ECO [NTU]
# name 11 = tv290C: Temperature [ITS-90, deg C]
# name 12 = density00: Density [density, kg/m^3]
# name 13 = prdE: Pressure, Strain Gauge [psi]
# name 14 = prdM: Pressure, Strain Gauge [db]
# name 15 = flag:  0.000e+00
# span 0 =     -0.626,      9.599       
# span 1 =     -0.174,      2.605       
# span 2 =  -572.5143,   258.2421       
# span 3 =     0.0664,    10.4309       
# span 4 =      0.718,    104.620       
# span 5 = 1.2354e-01, 1.3304e+03       
# span 6 =     15.669,     16.110       
# span 7 =      0.526,     82.965       
# span 8 =   0.375023,  65.386112       
# span 9 =    -2.2019,     4.8259       
# span 10 =    -3.4008,    27.1578      
# span 11 =    10.6574,    16.3170      
# span 12 =   998.9078,   999.6425      
# span 13 =     -0.891,     13.654      
# span 14 =     -0.615,      9.414      
# span 15 = 0.0000e+00, 0.0000e+00      
# interval = seconds: 0.25
# start_time = Oct 05 2020 20:28:34 [Instrument's time stamp, header]
# bad_flag = -9.990e-29
*END*
[from data line 2351]
      9.586 5.0250e-31   206.1037     1.9648     18.289 1.2366e-01     15.856     59.626  44.535250    -0.4624    23.1312    12.3412   999.5276     13.634      9.401 0.0000e+00
      9.586 4.5679e-32   206.3798     1.9710     18.205 1.2369e-01     15.856     59.651  44.554865    -0.4560    23.1014    12.3414   999.5275     13.634      9.401 0.0000e+00
      9.586 4.1266e-33   206.3431     1.9729     18.161 1.2372e-01     15.857     59.676  44.574436    -0.4663    23.1033    12.3416   999.5275     13.634      9.401 0.0000e+00
      9.586 8.9213e-35   206.1763     1.9679     18.202 1.2373e-01     15.857     59.685  44.581419    -0.4823    23.1205    12.3421   999.5275     13.634      9.401 0.0000e+00
      9.586 -3.137e-33   206.5145     1.9537     18.278 1.2373e-01     15.857     59.678  44.575810    -0.4873    23.1379    12.3427   999.5274     13.635      9.401 0.0000e+00
      9.586 -3.488e-32   207.2482     1.9463     18.296 1.2373e-01     15.857     59.670  44.570102    -0.4784    23.1076    12.3434   999.5273     13.635      9.401 0.0000e+00
      9.586 -3.838e-31   207.4763     1.9370     18.258 1.2374e-01     15.856     59.679  44.575893    -0.4614    23.0971    12.3439   999.5273     13.635      9.401 0.0000e+00
      9.586 -4.221e-30   207.2073     1.9434     18.198 1.2370e-01     15.855     59.688  44.582347    -0.4523    23.0794    12.3442   999.5272     13.636      9.402 0.0000e+00
      9.586 -4.643e-29   206.9215     1.9592     18.180 1.2369e-01     15.856     59.692  44.584637    -0.4539    23.0313    12.3443   999.5272     13.635      9.401 0.0000e+00
      9.586 -5.108e-28   207.2032     1.9565     18.191 1.2374e-01     15.857     59.717  44.603578    -0.4431    23.0298    12.3441   999.5272     13.635      9.401 0.0000e+00
      9.586 -5.618e-27   207.9472     1.9550     18.190 1.2379e-01     15.858     59.740  44.620898    -0.4166    23.0622    12.3437   999.5273     13.636      9.402 0.0000e+00
      9.586 -6.180e-26   208.1727     1.9423     18.215 1.2380e-01     15.858     59.717  44.603598    -0.3915    23.0797    12.3431   999.5274     13.634      9.401 0.0000e+00
      9.586 -6.798e-25   208.0367     1.9418     18.255 1.2380e-01     15.857     59.691  44.584864    -0.3877    23.0003    12.3428   999.5274     13.635      9.402 0.0000e+00
      9.586 -7.478e-24   207.8522     1.9481     18.290 1.2383e-01     15.857     59.691  44.584864    -0.3993    22.8919    12.3428   999.5274     13.636      9.401 0.0000e+00
      9.586 -8.226e-23   207.9207     1.9414     18.316 1.2384e-01     15.857     59.715  44.603597    -0.3988    22.8678    12.3427   999.5275     13.635      9.401 0.0000e+00
      9.586 -9.049e-22   208.4348     1.9477     18.292 1.2376e-01     15.856     59.738  44.620897    -0.3911    22.8804    12.3429   999.5274     13.634      9.401 0.0000e+00
      9.586 -9.954e-21   208.7334     1.9524     18.227 1.2368e-01     15.856     59.714  44.603575    -0.3911    22.8384    12.3431   999.5274     13.635      9.401 0.0000e+00
      9.586 -1.095e-19   208.6923     1.9546     18.199 1.2366e-01     15.857     59.688  44.584624    -0.3990    22.7036    12.3435   999.5273     13.635      9.401 0.0000e+00
      9.586 -1.204e-18   208.6260     1.9610     18.231 1.2368e-01     15.857     59.684  44.582220    -0.4107    22.6231    12.3442   999.5272     13.635      9.401 0.0000e+00
      9.586 -1.325e-17   208.6195     1.9582     18.268 1.2368e-01     15.856     59.674  44.574509    -0.4181    22.6215    12.3446   999.5272     13.635      9.401 0.0000e+00
      9.586 -1.457e-16   208.6139     1.9463     18.258 1.2366e-01     15.856     59.647  44.554872    -0.4122    22.6157    12.3447   999.5272     13.635      9.401 0.0000e+00
      9.586 -1.603e-15   208.6440     1.9426     18.214 1.2371e-01     15.857     59.620  44.535252    -0.3965    22.6210    12.3450   999.5271     13.635      9.401 0.0000e+00
      9.586 -1.763e-14   208.8120     1.9494     18.195 1.2381e-01     15.858     59.609  44.527748    -0.3901    22.6170    12.3452   999.5271     13.635      9.401 0.0000e+00
      9.587 -1.940e-13   209.0100     1.9551     18.200 1.2380e-01     15.858     59.609  44.527635    -0.4013    22.6019    12.3453   999.5271     13.636      9.402 0.0000e+00
      9.587 -2.134e-12   208.7158     1.9548     18.203 1.2375e-01     15.858     59.617  44.533890    -0.4273    22.6106    12.3458   999.5270     13.636      9.402 0.0000e+00
      9.587 -2.347e-11   208.0934     1.9445     18.198 1.2375e-01     15.857     59.625  44.539885    -0.4566    22.6531    12.3463   999.5270     13.636      9.402 0.0000e+00
      9.587 -2.582e-10   207.9375     1.9445     18.193 1.2375e-01     15.857     59.621  44.536635    -0.4698    22.6692    12.3468   999.5269     13.636      9.402 0.0000e+00
      9.587 -2.840e-09   208.2073     1.9465     18.244 1.2376e-01     15.857     59.650  44.558085    -0.4727    22.6328    12.3469   999.5269     13.635      9.401 0.0000e+00
      9.587 -3.124e-08   208.6031     1.9453     18.337 1.2376e-01     15.857     59.719  44.608770    -0.4825    22.5914    12.3469   999.5269     13.635      9.401 0.0000e+00
      9.587 -5.727e-08   208.4210     1.9476     18.408 1.2374e-01     15.857     59.764  44.641564    -0.4922    22.6153    12.3471   999.5269     13.635      9.401 0.0000e+00
      9.587 -3.124e-08   207.6398     1.9413     18.422 1.2374e-01     15.857     59.759  44.637152    -0.4848    22.7497    12.3470   999.5269     13.635      9.401 0.0000e+00
      9.587 -2.840e-09   207.4177     1.9479     18.363 1.2376e-01     15.857     59.735  44.618914    -0.4693    22.8774    12.3464   999.5269     13.636      9.402 0.0000e+00
      9.587 -2.581e-10   207.8010     1.9631     18.309 1.2376e-01     15.857     59.726  44.611518    -0.4669    22.8885    12.3458   999.5271     13.635      9.401 0.0000e+00
      9.587 -2.256e-11   208.2300     1.9680     18.267 1.2370e-01     15.856     59.726  44.611205    -0.4747    22.8503    12.3455   999.5271     13.636      9.402 0.0000e+00
      9.586 7.8640e-12   208.1300     1.9758     18.219 1.2365e-01     15.856     59.731  44.615130    -0.4876    22.8272    12.3449   999.5272     13.635      9.401 0.0000e+00
      9.586 1.0978e-10   207.5400     1.9605     18.213 1.2363e-01     15.856     59.705  44.595492    -0.4901    22.8495    12.3444   999.5272     13.635      9.401 0.0000e+00
      9.587 1.2097e-09   207.2042     1.9565     18.221 1.2369e-01     15.857     59.663  44.564224    -0.4760    22.8798    12.3440   999.5273     13.635      9.401 0.0000e+00
      9.587 1.3307e-08   207.1680     1.9564     18.237 1.2379e-01     15.857     59.649  44.554507    -0.4786    22.8500    12.3438   999.5273     13.635      9.401 0.0000e+00
      9.587 1.4637e-07   207.2735     1.9424     18.235 1.2378e-01     15.857     59.631  44.541497    -0.4938    22.8326    12.3439   999.5273     13.635      9.401 0.0000e+00
      9.587 2.6835e-07   207.3611     1.9497     18.223 1.2373e-01     15.857     59.620  44.533890    -0.4879    22.8412    12.3438   999.5273     13.636      9.402 0.0000e+00
      9.587 1.4637e-07   207.2815     1.9457     18.251 1.2375e-01     15.858     59.609  44.526011    -0.4743    22.8517    12.3439   999.5272     13.635      9.401 0.0000e+00
      9.586 1.3307e-08   207.1712     1.9511     18.278 1.2377e-01     15.858     59.586  44.509731    -0.4718    22.9247    12.3440   999.5273     13.635      9.401 0.0000e+00
      9.586 1.2097e-09   207.2314     1.9515     18.271 1.2377e-01     15.857     59.610  44.527499    -0.4765    23.0027    12.3444   999.5272     13.635      9.401 0.0000e+00
      9.586 1.0995e-10   207.3215     1.9441     18.277 1.2372e-01     15.857     59.642  44.550385    -0.4842    23.0396    12.3451   999.5271     13.635      9.401 0.0000e+00
      9.586 9.7347e-12   207.6592     1.9519     18.336 1.2366e-01     15.856     59.619  44.532493    -0.4884    23.0609    12.3458   999.5270     13.635      9.401 0.0000e+00
      9.586 -1.982e-12   208.3020     1.9566     18.406 1.2368e-01     15.856     59.579  44.501630    -0.4893    23.0547    12.3462   999.5269     13.635      9.401 0.0000e+00
      9.587 -3.171e-11   208.2966     1.9526     18.418 1.2373e-01     15.857     59.571  44.494661    -0.4852    23.0679    12.3460   999.5270     13.636      9.402 0.0000e+00
      9.587 -3.498e-10   207.8522     1.9510     18.351 1.2376e-01     15.857     59.594  44.511711    -0.4776    23.0836    12.3454   999.5271     13.636      9.402 0.0000e+00
      9.587 -3.847e-09   208.1772     1.9600     18.280 1.2377e-01     15.857     59.602  44.517321    -0.4832    23.0723    12.3446   999.5272     13.635      9.401 0.0000e+00
      9.587 -4.232e-08   209.1289     1.9700     18.279 1.2377e-01     15.857     59.578  44.499008    -0.4947    23.1030    12.3438   999.5272     13.635      9.401 0.0000e+00
      9.587 -7.759e-08   209.6367     1.9737     18.315 1.2379e-01     15.857     59.554  44.480747    -0.4733    23.2144    12.3431   999.5273     13.635      9.401 0.0000e+00
      9.587 -4.232e-08   209.4122     1.9619     18.300 1.2379e-01     15.857     59.562  44.486991    -0.4251    23.3548    12.3427   999.5274     13.636      9.402 0.0000e+00
      9.587 -3.847e-09   208.9952     1.9504     18.235 1.2377e-01     15.857     59.594  44.511012    -0.3982    23.3934    12.3423   999.5274     13.635      9.401 0.0000e+00
      9.587 -3.498e-10   209.0693     1.9525     18.216 1.2375e-01     15.857     59.603  44.517245    -0.4057    23.3035    12.3420   999.5275     13.636      9.402 0.0000e+00
      9.587 -3.239e-11   209.6207     1.9608     18.276 1.2375e-01     15.858     59.578  44.498867    -0.4393    23.1258    12.3419   999.5275     13.636      9.402 0.0000e+00
      9.587 -9.404e-12   209.9826     1.9605     18.378 1.2372e-01     15.859     59.552  44.479258    -0.4712    22.9269    12.3419   999.5275     13.635      9.401 0.0000e+00
      9.587 -7.191e-11   210.0896     1.9463     18.456 1.2372e-01     15.859     59.542  44.470620    -0.4677    22.8564    12.3420   999.5275     13.635      9.401 0.0000e+00
      9.587 -7.882e-10   210.0534     1.9442     18.464 1.2374e-01     15.859     59.525  44.457914    -0.4627    22.8559    12.3422   999.5275     13.636      9.402 0.0000e+00
      9.587 -8.670e-09   209.8033     1.9524     18.421 1.2375e-01     15.858     59.518  44.452595    -0.4780    22.7502    12.3421   999.5274     13.635      9.401 0.0000e+00
      9.587 -9.537e-08   209.7328     1.9654     18.342 1.2380e-01     15.857     59.541  44.469800    -0.4807    22.6080    12.3415   999.5275     13.635      9.401 0.0000e+00
      9.587 -1.745e-07   209.8903     1.9778     18.286 1.2382e-01     15.857     59.549  44.475479    -0.4760    22.5795    12.3410   999.5276     13.636      9.402 0.0000e+00
      9.587 -9.153e-08   209.9871     1.9746     18.297 1.2377e-01     15.858     59.525  44.457778    -0.4785    22.6107    12.3408   999.5276     13.635      9.401 0.0000e+00
      9.587 3.3863e-08   210.0424     1.9725     18.344 1.2369e-01     15.858     59.510  44.446235    -0.4834    22.6080    12.3408   999.5276     13.635      9.401 0.0000e+00
      9.587 7.7189e-08   209.6983     1.9601     18.397 1.2365e-01     15.858     59.532  44.462886    -0.4865    22.5812    12.3408   999.5276     13.635      9.401 0.0000e+00
      9.587 4.2462e-08   209.0961     1.9512     18.427 1.2367e-01     15.858     59.539  44.468645    -0.4881    22.5263    12.3410   999.5276     13.636      9.402 0.0000e+00
      9.587 3.8601e-09   208.9563     1.9561     18.440 1.2369e-01     15.858     59.516  44.452375    -0.4832    22.4941    12.3410   999.5276     13.635      9.401 0.0000e+00
      9.587 3.5092e-10   209.2122     1.9603     18.467 1.2372e-01     15.858     59.520  44.456632    -0.4657    22.5348    12.3408   999.5276     13.635      9.401 0.0000e+00
      9.587 3.1920e-11   209.5232     1.9688     18.485 1.2376e-01     15.858     59.520  44.456632    -0.4578    22.5723    12.3409   999.5276     13.635      9.401 0.0000e+00
      9.587 3.1004e-12   209.2757     1.9716     18.485 1.2374e-01     15.858     59.515  44.452375    -0.4728    22.5697    12.3413   999.5276     13.635      9.401 0.0000e+00
      9.587 2.4666e-12   208.4563     1.9695     18.474 1.2370e-01     15.858     59.537  44.468644    -0.4851    22.5725    12.3419   999.5274     13.636      9.402 0.0000e+00
      9.587 2.4257e-11   208.0478     1.9756     18.439 1.2374e-01     15.857     59.530  44.462877    -0.4633    22.6057    12.3426   999.5274     13.636      9.402 0.0000e+00
      9.587 2.6656e-10   208.2937     1.9774     18.400 1.2375e-01     15.857     59.508  44.446132    -0.4191    22.6279    12.3431   999.5273     13.636      9.402 0.0000e+00
      9.587 2.9322e-09   208.6765     1.9758     18.380 1.2372e-01     15.858     59.523  44.456634    -0.3996    22.6007    12.3428   999.5273     13.636      9.402 0.0000e+00
      9.586 3.2254e-08   208.7180     1.9772     18.373 1.2372e-01     15.858     59.532  44.462887    -0.4076    22.5853    12.3422   999.5274     13.635      9.401 0.0000e+00
      9.586 5.9132e-08   208.4508     1.9713     18.382 1.2371e-01     15.858     59.526  44.458247    -0.4111    22.6143    12.3417   999.5275     13.635      9.401 0.0000e+00
      9.587 3.2254e-08   208.1997     1.9663     18.427 1.2371e-01     15.857     59.534  44.464024    -0.4041    22.6758    12.3412   999.5275     13.635      9.401 0.0000e+00
      9.587 2.9322e-09   208.0916     1.9646     18.499 1.2377e-01     15.857     59.540  44.469247    -0.3996    22.7453    12.3409   999.5276     13.636      9.402 0.0000e+00
      9.587 2.6656e-10   208.0899     1.9649     18.564 1.2374e-01     15.857     59.525  44.457914    -0.4037    22.7684    12.3407   999.5276     13.636      9.402 0.0000e+00
      9.587 2.4232e-11   208.4369     1.9629     18.558 1.2367e-01     15.857     59.520  44.453969    -0.4158    22.7829    12.3407   999.5276     13.636      9.402 0.0000e+00
      9.587 2.2030e-12   208.9318     1.9697     18.481 1.2369e-01     15.857     59.562  44.485036    -0.4228    22.9212    12.3407   999.5276     13.636      9.402 0.0000e+00
      9.587 2.0027e-13   208.9118     1.9775     18.427 1.2372e-01     15.857     59.604  44.516112    -0.4115    23.1705    12.3406   999.5276     13.635      9.401 0.0000e+00
      9.587 1.8207e-14   208.6258     1.9879     18.426 1.2371e-01     15.857     59.599  44.512272    -0.4032    23.3245    12.3408   999.5276     13.636      9.402 0.0000e+00
      9.587 1.6551e-15   208.4847     1.9890     18.424 1.2370e-01     15.858     59.585  44.502092    -0.4084    23.3417    12.3408   999.5276     13.636      9.402 0.0000e+00
      9.587 1.5046e-16   208.9258     1.9734     18.390 1.2372e-01     15.858     59.608  44.520003    -0.4069    23.4820    12.3404   999.5277     13.635      9.401 0.0000e+00
      9.587 1.3678e-17   209.7438     1.9679     18.365 1.2369e-01     15.858     59.633  44.538368    -0.4047    23.7839    12.3405   999.5277     13.636      9.402 0.0000e+00
      9.587 1.2435e-18   210.0286     1.9702     18.367 1.2367e-01     15.858     59.627  44.533681    -0.4005    23.9701    12.3404   999.5277     13.635      9.401 0.0000e+00
      9.587 1.1305e-19   209.7882     1.9729     18.393 1.2376e-01     15.858     59.618  44.526822    -0.3850    24.0174    12.3404   999.5276     13.636      9.402 0.0000e+00
      9.587 1.0277e-20   209.8483     1.9649     18.414 1.2386e-01     15.858     59.607  44.518922    -0.3793    23.9095    12.3406   999.5276     13.635      9.401 0.0000e+00
      9.587 9.3429e-22   210.4970     1.9628     18.396 1.2386e-01     15.858     59.583  44.501652    -0.3888    23.6612    12.3407   999.5276     13.636      9.402 0.0000e+00
