Data/DataNotYetUploadedToEDI/Raw_CTD/RawDownloads/100620_fcr50.cnv
* Sea-Bird SBE19plus  Data File:
* FileName = C:\DATA\100620_fcr50_0001.hex
* Software version 2.8.0.119
* Temperature SN = 7809
* Conductivity SN = 7809
* System UpLoad Time = Oct 06 2020 14:33:01
* <ApplicationData>
* <Seaterm232>
# nquan = 16
# nvalues = 5210                        
# units = specified
# name 0 = depFM: Depth [fresh water, m]
# name 1 = dz/dtM: Descent Rate [m/s]
# name 2 = orp: Oxidation Reduction Potential [mV]
# name 3 = sbeox0Mg/L: Oxygen, SBE 43 [mg/l]
# name 4 = sbeox0PS: Oxygen, SBE 43 [% saturation]
# name 5 = par/sat/log: PAR/Logarithmic, Satlantic
# name 6 = ph: pH
# name 7 = specc: Specific Conductance [uS/cm]
# name 8 = c0uS/cm: Conductivity [uS/cm]
# name 9 = flECO-AFL: Fluorescence, WET Labs ECO-AFL/FL [mg/m^3]
# name 10 = turbWETntu0: Turbidity, WET Labs ECO [NTU]
# name 11 = tv290C: Temperature [ITS-90, deg C]
# name 12 = density00: Density [density, kg/m^3]
# name 13 = prdE: Pressure, Strain Gauge [psi]
# name 14 = prdM: Pressure, Strain Gauge [db]
# name 15 = flag:  0.000e+00
# span 0 =     -0.626,      9.599       
# span 1 =     -0.174,      2.605       
# span 2 =  -572.5143,   258.2421       
# span 3 =     0.0664,    10.4309       
# span 4 =      0.718,    104.620       
# span 5 = 1.2354e-01, 1.3304e+03       
# span 6 =     15.669,     16.110       
# span 7 =      0.526,     82.965       
# span 8 =   0.375023,  65.386112       
# span 9 =    -2.2019,     4.8259       
# span 10 =    -3.4008,    27.1578      
# span 11 =    10.6574,    16.3170      
# span 12 =   998.9078,   999.6425      
# span 13 =     -0.891,     13.654      
# span 14 =     -0.615,      9.414      
# span 15 = 0.0000e+00, 0.0000e+00      
# interval = seconds: 0.25
# start_time = Oct 05 2020 20:28:34 [Instrument's time stamp, header]
# bad_flag = -9.990e-29
*END*
[from data line 4520]
      8.595     -0.095   244.7694     2.0081     18.604 1.2380e-01     15.867     59.433  44.391591    -0.4054    23.3059    12.3421   999.5228     12.225      8.429 0.0000e+00
      8.567     -0.087   245.2944     2.0009     18.649 1.2378e-01     15.867     59.443  44.398359    -0.4052    23.3406    12.3420   999.5227     12.183      8.400 0.0000e+00
      8.547     -0.083   245.3965     1.9973     18.680 1.2378e-01     15.866     59.418  44.379040    -0.4077    23.3503    12.3421   999.5225     12.149      8.376 0.0000e+00
      8.536     -0.082   245.3162     1.9890     18.686 1.2380e-01     15.866     59.377  44.348470    -0.4167    23.3541    12.3424   999.5225     12.141      8.371 0.0000e+00
      8.526     -0.083   245.2697     1.9850     18.672 1.2377e-01     15.865     59.374  44.346172    -0.4084    23.3183    12.3426   999.5225     12.137      8.369 0.0000e+00
      8.503     -0.087   245.4366     1.9961     18.634 1.2371e-01     15.865     59.380  44.351261    -0.3939    23.1919    12.3424   999.5224     12.100      8.343 0.0000e+00
      8.470     -0.096   245.9579     1.9986     18.644 1.2371e-01     15.865     59.374  44.346515    -0.3939    23.0961    12.3419   999.5223     12.043      8.304 0.0000e+00
      8.442     -0.106   246.2377     1.9967     18.674 1.2378e-01     15.865     59.382  44.352270    -0.3986    23.0875    12.3418   999.5221     12.003      8.276 0.0000e+00
      8.418     -0.113   246.1527     2.0010     18.671 1.2382e-01     15.865     59.388  44.357368    -0.4034    23.1569    12.3419   999.5220     11.976      8.257 0.0000e+00
      8.392     -0.114   245.9616     1.9872     18.638 1.2376e-01     15.865     59.371  44.344673    -0.4238    23.2480    12.3418   999.5219     11.942      8.234 0.0000e+00
      8.358     -0.112   245.9922     1.9929     18.588 1.2371e-01     15.865     59.346  44.325742    -0.4534    23.2968    12.3419   999.5217     11.888      8.196 0.0000e+00
      8.324     -0.112   246.3512     1.9993     18.579 1.2372e-01     15.866     59.337  44.318937    -0.4758    23.3002    12.3419   999.5215     11.834      8.158 0.0000e+00
      8.297     -0.111   246.6028     1.9959     18.609 1.2372e-01     15.866     59.346  44.325876    -0.4668    23.1520    12.3423   999.5214     11.800      8.136 0.0000e+00
      8.273     -0.108   246.6243     1.9957     18.646 1.2374e-01     15.866     59.372  44.346160    -0.4298    22.9115    12.3424   999.5213     11.770      8.115 0.0000e+00
      8.246     -0.100   246.6971     1.9836     18.671 1.2374e-01     15.866     59.409  44.373738    -0.4000    22.8303    12.3425   999.5211     11.729      8.087 0.0000e+00
      8.219     -0.090   246.6236     1.9855     18.674 1.2368e-01     15.867     59.452  44.405377    -0.3826    22.8572    12.3426   999.5210     11.687      8.059 0.0000e+00
      8.194     -0.083   246.2521     1.9895     18.693 1.2368e-01     15.867     59.460  44.411269    -0.3912    22.8939    12.3426   999.5208     11.653      8.034 0.0000e+00
      8.172     -0.080   246.0768     1.9938     18.746 1.2376e-01     15.867     59.420  44.381490    -0.4089    22.9645    12.3428   999.5207     11.619      8.011 0.0000e+00
      8.158     -0.082   246.3110     1.9980     18.779 1.2379e-01     15.866     59.395  44.362759    -0.4054    23.0241    12.3429   999.5206     11.597      7.995 0.0000e+00
      8.149     -0.084   246.7600     1.9958     18.764 1.2368e-01     15.866     59.412  44.375247    -0.4064    23.0652    12.3430   999.5207     11.597      7.996 0.0000e+00
      8.130     -0.086   246.6879     1.9959     18.702 1.2363e-01     15.866     59.452  44.405503    -0.4309    23.1526    12.3427   999.5206     11.576      7.982 0.0000e+00
      8.096     -0.089   245.9546     2.0061     18.614 1.2371e-01     15.866     59.459  44.411155    -0.4632    23.2570    12.3424   999.5204     11.515      7.940 0.0000e+00
      8.062     -0.095   245.6382     2.0098     18.591 1.2376e-01     15.867     59.418  44.380096    -0.4817    23.2630    12.3422   999.5203     11.456      7.899 0.0000e+00
      8.041     -0.099   246.1321     2.0071     18.629 1.2373e-01     15.867     59.374  44.347407    -0.4745    23.2587    12.3426   999.5202     11.432      7.882 0.0000e+00
      8.026     -0.098   246.8487     2.0030     18.670 1.2369e-01     15.867     59.354  44.333357    -0.4522    23.3089    12.3431   999.5201     11.423      7.876 0.0000e+00
      8.003     -0.098   246.6461     1.9852     18.709 1.2367e-01     15.866     59.359  44.337188    -0.4302    23.3211    12.3432   999.5200     11.390      7.853 0.0000e+00
      7.973     -0.104   245.6610     1.9851     18.724 1.2368e-01     15.866     59.349  44.330248    -0.4187    23.3034    12.3431   999.5198     11.335      7.815 0.0000e+00
      7.946     -0.114   245.2626     1.9930     18.716 1.2372e-01     15.866     59.326  44.312928    -0.4179    23.3002    12.3431   999.5196     11.298      7.789 0.0000e+00
      7.922     -0.123   245.5283     1.9954     18.726 1.2374e-01     15.866     59.333  44.318235    -0.4111    23.3171    12.3434   999.5195     11.275      7.774 0.0000e+00
      7.888     -0.128   245.8631     2.0015     18.756 1.2374e-01     15.865     59.350  44.330922    -0.4127    23.2667    12.3437   999.5193     11.227      7.741 0.0000e+00
      7.846     -0.131   245.8687     2.0035     18.770 1.2373e-01     15.865     59.361  44.339361    -0.4377    23.1374    12.3438   999.5191     11.154      7.690 0.0000e+00
      7.809     -0.133   245.5965     2.0001     18.816 1.2372e-01     15.866     59.384  44.356783    -0.4650    23.0579    12.3440   999.5189     11.099      7.652 0.0000e+00
      7.779     -0.132   245.4108     1.9994     18.886 1.2370e-01     15.866     59.377  44.351121    -0.4852    23.0264    12.3442   999.5188     11.069      7.632 0.0000e+00
      7.747     -0.127   245.3443     2.0085     18.902 1.2365e-01     15.867     59.354  44.334385    -0.4917    22.9975    12.3441   999.5186     11.022      7.600 0.0000e+00
      7.711     -0.122   245.3948     2.0046     18.897 1.2364e-01     15.867     59.369  44.344888    -0.4766    22.9488    12.3442   999.5184     10.963      7.559 0.0000e+00
      7.681     -0.117   245.6777     2.0081     18.870 1.2368e-01     15.867     59.377  44.351141    -0.4553    22.8834    12.3442   999.5183     10.923      7.531 0.0000e+00
      7.654     -0.115   245.9257     2.0254     18.824 1.2374e-01     15.866     59.370  44.346500    -0.4542    22.8249    12.3443   999.5182     10.890      7.508 0.0000e+00
      7.626     -0.111   245.8113     2.0192     18.829 1.2381e-01     15.866     59.378  44.352265    -0.4623    22.7219    12.3443   999.5180     10.846      7.478 0.0000e+00
      7.596     -0.105   245.6710     2.0211     18.872 1.2382e-01     15.866     59.384  44.357363    -0.4389    22.6002    12.3443   999.5179     10.802      7.448 0.0000e+00
      7.570     -0.100   245.7782     2.0207     18.911 1.2377e-01     15.866     59.367  44.344658    -0.4003    22.5551    12.3443   999.5178     10.769      7.424 0.0000e+00
      7.543     -0.096   246.1607     2.0078     18.941 1.2373e-01     15.866     59.342  44.325622    -0.3869    22.5881    12.3443   999.5176     10.732      7.398 0.0000e+00
      7.518     -0.097   246.5971     2.0122     18.960 1.2372e-01     15.866     59.331  44.317652    -0.4100    22.7246    12.3444   999.5175     10.688      7.369 0.0000e+00
      7.499     -0.101   246.6660     2.0182     18.947 1.2370e-01     15.866     59.322  44.311781    -0.4514    22.9354    12.3444   999.5174     10.663      7.352 0.0000e+00
      7.483     -0.105   246.5641     2.0221     18.902 1.2370e-01     15.866     59.331  44.318131    -0.4669    23.0424    12.3442   999.5174     10.651      7.345 0.0000e+00
      7.455     -0.108   246.3977     2.0251     18.873 1.2370e-01     15.866     59.347  44.330932    -0.4546    23.0578    12.3446   999.5172     10.613      7.318 0.0000e+00
      7.416     -0.111   246.4609     2.0282     18.884 1.2368e-01     15.866     59.358  44.339596    -0.4549    23.0873    12.3450   999.5170     10.545      7.270 0.0000e+00
      7.380     -0.113   247.1558     2.0281     18.913 1.2372e-01     15.866     59.384  44.359397    -0.4714    23.0205    12.3452   999.5168     10.491      7.233 0.0000e+00
      7.355     -0.108   247.7438     2.0192     18.930 1.2372e-01     15.866     59.411  44.379889    -0.4825    22.8679    12.3456   999.5166     10.460      7.212 0.0000e+00
      7.330     -0.101   247.5481     2.0161     18.943 1.2367e-01     15.866     59.434  44.396906    -0.4742    22.8218    12.3459   999.5165     10.429      7.191 0.0000e+00
      7.303     -0.097   247.1988     2.0180     18.966 1.2366e-01     15.866     59.404  44.374687    -0.4572    22.8405    12.3460   999.5163     10.384      7.159 0.0000e+00
      7.282     -0.101   247.3921     2.0229     18.993 1.2369e-01     15.866     59.306  44.301704    -0.4585    22.8546    12.3460   999.5162     10.351      7.136 0.0000e+00
      7.268     -0.107   247.7342     2.0248     19.064 1.2370e-01     15.865     59.272  44.276311    -0.4700    22.8549    12.3462   999.5162     10.344      7.132 0.0000e+00
      7.244     -0.111   247.8927     2.0231     19.129 1.2370e-01     15.865     59.332  44.321601    -0.4821    22.8090    12.3466   999.5161     10.315      7.112 0.0000e+00
      7.204     -0.114   247.8463     2.0299     19.106 1.2373e-01     15.865     59.358  44.341426    -0.4813    22.8147    12.3468   999.5158     10.247      7.065 0.0000e+00
      7.161     -0.120   247.6040     2.0267     19.046 1.2373e-01     15.865     59.337  44.325553    -0.4693    22.8892    12.3471   999.5155     10.176      7.016 0.0000e+00
      7.131     -0.125   247.6299     2.0373     19.005 1.2372e-01     15.866     59.330  44.320140    -0.4698    22.9897    12.3476   999.5153     10.137      6.990 0.0000e+00
      7.111     -0.123   247.9872     2.0516     19.024 1.2380e-01     15.866     59.355  44.339470    -0.4783    23.0681    12.3479   999.5152     10.120      6.977 0.0000e+00
      7.084     -0.117   248.1383     2.0422     19.097 1.2384e-01     15.866     59.394  44.368801    -0.4865    23.0467    12.3479   999.5151     10.085      6.953 0.0000e+00
      7.046     -0.114   247.9951     2.0363     19.139 1.2382e-01     15.866     59.379  44.357353    -0.4833    22.9713    12.3475   999.5149     10.020      6.908 0.0000e+00
      7.011     -0.117   247.6313     2.0290     19.109 1.2379e-01     15.866     59.339  44.328023    -0.4682    22.9123    12.3476   999.5148      9.961      6.868 0.0000e+00
      6.987     -0.122   247.2676     2.0303     19.079 1.2374e-01     15.866     59.343  44.331615    -0.4567    22.8823    12.3482   999.5146      9.938      6.853 0.0000e+00
      6.965     -0.125   247.2111     2.0435     19.094 1.2371e-01     15.866     59.350  44.337296    -0.4583    22.8498    12.3485   999.5145      9.914      6.835 0.0000e+00
      6.932     -0.126   247.2930     2.0501     19.096 1.2371e-01     15.866     59.345  44.333227    -0.4680    22.7594    12.3484   999.5143      9.861      6.799 0.0000e+00
      6.893     -0.128   247.5690     2.0432     19.084 1.2371e-01     15.866     59.361  44.345903    -0.4695    22.6477    12.3483   999.5141      9.803      6.760 0.0000e+00
      6.857     -0.129   247.5371     2.0351     19.093 1.2372e-01     15.866     59.385  44.363593    -0.4669    22.5978    12.3487   999.5139      9.754      6.725 0.0000e+00
      6.822     -0.128   246.9078     2.0439     19.119 1.2372e-01     15.866     59.375  44.356665    -0.4658    22.6026    12.3492   999.5137      9.703      6.690 0.0000e+00
      6.789     -0.124   246.4986     2.0419     19.166 1.2370e-01     15.866     59.333  44.325619    -0.4654    22.6025    12.3494   999.5135      9.652      6.655 0.0000e+00
      6.761     -0.119   246.4613     2.0381     19.214 1.2367e-01     15.865     59.307  44.305647    -0.4714    22.5630    12.3496   999.5134      9.615      6.630 0.0000e+00
      6.736     -0.115   246.7149     2.0417     19.240 1.2369e-01     15.865     59.307  44.305648    -0.4723    22.5368    12.3498   999.5133      9.584      6.608 0.0000e+00
      6.707     -0.110   246.8116     2.0414     19.219 1.2373e-01     15.864     59.333  44.325628    -0.4666    22.5594    12.3498   999.5131      9.541      6.578 0.0000e+00
      6.675     -0.104   246.3394     2.0502     19.185 1.2376e-01     15.864     59.375  44.356770    -0.4590    22.5963    12.3499   999.5129      9.491      6.544 0.0000e+00
      6.646     -0.097   246.1684     2.0532     19.147 1.2381e-01     15.865     59.386  44.364749    -0.4385    22.6058    12.3498   999.5128      9.451      6.516 0.0000e+00
      6.621     -0.089   246.4652     2.0608     19.124 1.2380e-01     15.866     59.378  44.358619    -0.4189    22.5708    12.3500   999.5127      9.416      6.492 0.0000e+00
      6.599     -0.084   246.5719     2.0537     19.152 1.2370e-01     15.866     59.361  44.346140    -0.4120    22.5847    12.3504   999.5125      9.383      6.469 0.0000e+00
      6.584     -0.082   246.4264     2.0507     19.165 1.2370e-01     15.866     59.353  44.340843    -0.4130    22.6376    12.3506   999.5125      9.362      6.454 0.0000e+00
      6.573     -0.083   246.3405     2.0489     19.186 1.2377e-01     15.866     59.376  44.358059    -0.4299    22.5228    12.3505   999.5124      9.352      6.448 0.0000e+00
      6.554     -0.087   246.3939     2.0375     19.216 1.2376e-01     15.866     59.383  44.363843    -0.4644    22.2609    12.3500   999.5124      9.329      6.433 0.0000e+00
      6.525     -0.093   246.2979     2.0526     19.214 1.2374e-01     15.866     59.361  44.347286    -0.4959    22.1153    12.3500   999.5122      9.280      6.399 0.0000e+00
      6.493     -0.098   246.1259     2.0463     19.213 1.2375e-01     15.866     59.362  44.348336    -0.4960    22.1356    12.3502   999.5120      9.230      6.365 0.0000e+00
      6.468     -0.099   246.4653     2.0497     19.204 1.2376e-01     15.866     59.400  44.376530    -0.4566    22.5066    12.3505   999.5119      9.198      6.342 0.0000e+00
      6.444     -0.095   247.0463     2.0582     19.183 1.2371e-01     15.866     59.392  44.370746    -0.4104    23.2013    12.3507   999.5118      9.168      6.321 0.0000e+00
      6.419     -0.090   246.9551     2.0513     19.162 1.2368e-01     15.866     59.352  44.341883    -0.3857    23.5653    12.3509   999.5117      9.128      6.294 0.0000e+00
      6.397     -0.086   246.4811     2.0557     19.160 1.2371e-01     15.866     59.355  44.344985    -0.3771    23.5429    12.3510   999.5115      9.094      6.271 0.0000e+00
      6.379     -0.085   246.3056     2.0525     19.155 1.2375e-01     15.866     59.355  44.344776    -0.3834    23.3778    12.3509   999.5115      9.073      6.255 0.0000e+00
      6.361     -0.084   246.8130     2.0518     19.126 1.2376e-01     15.866     59.347  44.339356    -0.3944    23.0796    12.3510   999.5114      9.051      6.240 0.0000e+00
      6.337     -0.084   247.5393     2.0463     19.101 1.2373e-01     15.866     59.352  44.342937    -0.3958    22.8899    12.3516   999.5112      9.015      6.215 0.0000e+00
      6.312     -0.084   247.4299     2.0482     19.094 1.2378e-01     15.866     59.327  44.324596    -0.3999    22.8351    12.3525   999.5110      8.976      6.188 0.0000e+00
      6.291     -0.083   247.1244     2.0500     19.169 1.2387e-01     15.866     59.305  44.308050    -0.4163    22.7946    12.3528   999.5108      8.946      6.168 0.0000e+00
      6.271     -0.078   247.2884     2.0422     19.292 1.2388e-01     15.866     59.339  44.333349    -0.4220    22.8118    12.3529   999.5107      8.922      6.151 0.0000e+00
      6.249     -0.072   247.5194     2.0435     19.327 1.2388e-01     15.866     59.397  44.376539    -0.4117    22.8374    12.3529   999.5107      8.889      6.129 0.0000e+00
