Data/DataNotYetUploadedToEDI/Raw_CTD/RawDownloads/100625_fcr50_S7809002.cnv
* Sea-Bird SBE19plus  Data File:
* FileName = C:\R\Reservoirs\Data\DataNotYetUploadedToEDI\Raw_CTD\RawDownloads\092925_fcr50_S7809_0002.hex
* Software version 2.8.0.119
* Temperature SN = 7809
* Conductivity SN = 7809
* System UpLoad Time = Oct 06 2025 16:41:13
* <ApplicationData>
* <Seaterm232>
# nquan = 15
# nvalues = 2350                        
# units = specified
# name 0 = depFM: Depth [fresh water, m]
# name 1 = dz/dtM: Descent Rate [m/s]
# name 2 = sbeox0Mg/L: Oxygen, SBE 43 [mg/l]
# name 3 = sbeox0PS: Oxygen, SBE 43 [% saturation]
# name 4 = specc: Specific Conductance [uS/cm]
# name 5 = c0uS/cm: Conductivity [uS/cm]
# name 6 = flECO-AFL: Fluorescence, WET Labs ECO-AFL/FL [mg/m^3]
# name 7 = ph: pH
# name 8 = orp: Oxidation Reduction Potential [mV]
# name 9 = par/sat/log: PAR/Logarithmic, Satlantic
# name 10 = turbWETntu0: Turbidity, WET Labs ECO [NTU]
# name 11 = prdM: Pressure, Strain Gauge [db]
# name 12 = prdE: Pressure, Strain Gauge [psi]
# name 13 = tv290C: Temperature [ITS-90, deg C]
# name 14 = flag:  0.000e+00
# span 0 =     -0.555,      9.720       
# span 1 =     -0.221,      0.166       
# span 2 =    -0.0105,     6.7364       
# span 3 =     -0.091,     73.326       
# span 4 =      0.928,    493.774       
# span 5 =   0.819653, 374.036437       
# span 6 =    -0.1081,   227.5510       
# span 7 =      7.062,      9.762       
# span 8 = -1240.7455,   272.5144       
# span 9 = 1.2361e-01, 1.5536e+03       
# span 10 =    -0.1884,   451.4380      
# span 11 =     -0.544,      9.534      
# span 12 =     -0.789,     13.827      
# span 13 =    12.8517,    19.5767      
# span 14 = 0.0000e+00, 0.0000e+00      
# interval = seconds: 0.25
# start_time = Oct 06 2025 09:56:07 [Instrument's time stamp, header]
# bad_flag = -9.990e-29
*END*
[from data line 772]
      0.014      0.002     5.4093     58.789     38.815  34.572513     2.2424      8.603    93.3160 8.1180e+02     7.8361      0.014      0.020    19.5327 0.0000e+00
      0.015      0.001     5.4046     58.746     38.809  34.566122     2.2693      8.605    93.4375 8.0386e+02     7.8959      0.015      0.021    19.5320 0.0000e+00
      0.015     -0.001     5.4044     58.703     38.809  34.565592     2.2644      8.608    93.4627 7.9912e+02     7.8980      0.015      0.021    19.5309 0.0000e+00
      0.014     -0.003     5.4003     58.677     38.810  34.566112     2.2333      8.610    93.5342 8.0551e+02     7.9300      0.014      0.021    19.5304 0.0000e+00
      0.013     -0.003     5.3935     58.677     38.817  34.572399     2.2005      8.613    93.7001 8.2193e+02     8.0777      0.013      0.018    19.5298 0.0000e+00
      0.011     -0.003     5.3923     58.688     38.823  34.578167     2.1843      8.615    93.8340 8.3627e+02     8.1465      0.011      0.015    19.5291 0.0000e+00
      0.009     -0.002     5.3860     58.711     38.817  34.572400     2.2045      8.617    93.8624 8.3106e+02     8.1479      0.009      0.013    19.5286 0.0000e+00
      0.009      0.000     5.3838     58.736     38.811  34.566112     2.2283      8.619    93.8711 8.1980e+02     8.0942      0.009      0.013    19.5284 0.0000e+00
      0.010      0.001     5.3848     58.745     38.812  34.565592     2.2471      8.622    93.9396 8.0935e+02     8.0430      0.010      0.014    19.5282 0.0000e+00
      0.012      0.003     5.3853     58.745     38.814  34.566112     2.2816      8.625    94.0020 7.9042e+02     8.1094      0.012      0.016    19.5280 0.0000e+00
      0.013      0.004     5.3876     58.745     38.822  34.572400     2.3042      8.627    94.1090 7.8197e+02     8.1799      0.013      0.018    19.5279 0.0000e+00
      0.013      0.004     5.3914     58.726     38.829  34.578168     2.2883      8.629    94.3732 7.9161e+02     8.0761      0.012      0.018    19.5267 0.0000e+00
      0.014      0.004     5.3920     58.700     38.824  34.572400     2.2551      8.632    94.6155 7.9978e+02     7.8105      0.013      0.019    19.5245 0.0000e+00
      0.015      0.004     5.3908     58.685     38.818  34.566113     2.2520      8.634    94.6298 8.0101e+02     7.7018      0.015      0.022    19.5226 0.0000e+00
      0.017      0.004     5.3931     58.673     38.819  34.565592     2.2765      8.636    94.6313 7.9937e+02     7.8203      0.016      0.024    19.5223 0.0000e+00
      0.018      0.004     5.3903     58.673     38.820  34.566103     2.2762      8.638    94.7192 7.9523e+02     7.8432      0.018      0.026    19.5220 0.0000e+00
      0.019      0.004     5.3868     58.689     38.828  34.572286     2.2486      8.640    94.7467 7.9341e+02     7.7050      0.019      0.027    19.5201 0.0000e+00
      0.019      0.003     5.3872     58.715     38.833  34.576910     2.2340      8.642    94.8785 7.9579e+02     7.6185      0.018      0.027    19.5185 0.0000e+00
      0.020      0.001     5.3850     58.743     38.812  34.558558     2.2502      8.645    95.1077 7.9703e+02     7.6851      0.019      0.027    19.5170 0.0000e+00
      0.021     -0.001     5.3852     58.767     38.791  34.540735     2.2782      8.647    95.1087 8.0371e+02     7.8270      0.020      0.029    19.5157 0.0000e+00
      0.021     -0.003     5.3871     58.779     38.802  34.551751     2.2721      8.648    95.0629 8.1276e+02     7.8313      0.021      0.031    19.5150 0.0000e+00
      0.021     -0.003     5.3896     58.766     38.816  34.564856     2.2428      8.648    95.0701 8.1141e+02     7.7030      0.021      0.031    19.5149 0.0000e+00
      0.017     -0.002     5.3925     58.738     38.824  34.572297     2.2315      8.650    94.9376 8.1586e+02     7.6758      0.017      0.024    19.5159 0.0000e+00
      0.014      0.002     5.3944     58.718     38.829  34.578272     2.2437      8.653    95.0095 8.2411e+02     7.7757      0.013      0.018    19.5172 0.0000e+00
      0.014      0.008     5.3967     58.718     38.823  34.573662     2.2663      8.655    95.3370 8.1389e+02     7.9205      0.012      0.018    19.5182 0.0000e+00
      0.017      0.014     5.3941     58.720     38.830  34.580007     2.2554      8.657    95.5419 7.9093e+02     8.0604      0.015      0.022    19.5193 0.0000e+00
      0.022      0.019     5.3913     58.733     38.842  34.591543     2.2198      8.658    95.5935 7.5641e+02     8.1696      0.021      0.030    19.5201 0.0000e+00
      0.030      0.024     5.3879     58.765     38.836  34.586247     2.2103      8.660    95.4450 7.1656e+02     8.2156      0.029      0.043    19.5211 0.0000e+00
      0.039      0.027     5.3899     58.803     38.827  34.579426     2.2314      8.662    95.2095 7.0519e+02     8.2408      0.039      0.055    19.5220 0.0000e+00
      0.046      0.029     5.3889     58.832     38.820  34.572514     2.2587      8.664    95.1552 7.2349e+02     8.2696      0.046      0.066    19.5226 0.0000e+00
      0.052      0.029     5.3892     58.847     38.815  34.566123     2.2578      8.666    95.2191 7.2134e+02     8.2225      0.052      0.076    19.5236 0.0000e+00
      0.058      0.029     5.3936     58.869     38.817  34.565595     2.2376      8.666    95.3786 6.8640e+02     8.2180      0.055      0.080    19.5247 0.0000e+00
      0.065      0.028     5.3962     58.875     38.820  34.566115     2.2556      8.667    95.5353 6.5897e+02     8.2482      0.063      0.091    19.5257 0.0000e+00
      0.075      0.026     5.4011     58.847     38.829  34.572413     2.3086      8.668    95.3936 6.5435e+02     8.1779      0.075      0.109    19.5255 0.0000e+00
      0.084      0.025     5.3994     58.813     38.838  34.578294     2.3286      8.671    95.0415 6.7722e+02     8.0517      0.084      0.122    19.5227 0.0000e+00
      0.090      0.025     5.4041     58.785     38.834  34.573775     2.3069      8.672    94.8058 7.0320e+02     7.9187      0.089      0.129    19.5191 0.0000e+00
      0.093      0.026     5.4063     58.750     38.843  34.581215     2.2785      8.673    94.7805 7.0916e+02     7.8677      0.091      0.132    19.5161 0.0000e+00
      0.096      0.027     5.4016     58.696     38.869  34.604815     2.2515      8.674    94.9076 7.0222e+02     8.0155      0.093      0.135    19.5135 0.0000e+00
      0.101      0.027     5.3990     58.646     38.868  34.605334     2.2142      8.674    95.0525 7.0211e+02     8.2022      0.096      0.140    19.5112 0.0000e+00
      0.112      0.027     5.3966     58.614     38.847  34.587493     2.1772      8.674    95.1557 7.3451e+02     8.1782      0.108      0.158    19.5099 0.0000e+00
      0.125      0.026     5.3948     58.580     38.837  34.579428     2.1620      8.675    95.2088 7.2690e+02     8.1348      0.126      0.182    19.5093 0.0000e+00
      0.134      0.024     5.3884     58.546     38.827  34.571272     2.1723      8.676    95.0918 6.6119e+02     8.2583      0.133      0.193    19.5096 0.0000e+00
      0.137      0.022     5.3825     58.532     38.806  34.552333     2.2009      8.676    94.9464 6.1526e+02     8.4077      0.134      0.195    19.5115 0.0000e+00
      0.137      0.020     5.3813     58.535     38.792  34.540778     2.2080      8.678    95.0856 5.7218e+02     8.4036      0.134      0.195    19.5131 0.0000e+00
      0.139      0.020     5.3774     58.538     38.811  34.558450     2.1757      8.680    95.5702 5.2986e+02     8.2430      0.133      0.193    19.5138 0.0000e+00
      0.144      0.021     5.3734     58.542     38.830  34.575662     2.1507      8.681    96.0734 5.4560e+02     8.0719      0.139      0.202    19.5144 0.0000e+00
      0.153      0.022     5.3721     58.557     38.811  34.558548     2.1723      8.683    96.2663 5.8323e+02     8.0089      0.151      0.219    19.5152 0.0000e+00
      0.163      0.022     5.3735     58.577     38.793  34.541868     2.2127      8.684    96.2673 5.6138e+02     8.0618      0.161      0.233    19.5160 0.0000e+00
      0.170      0.019     5.3734     58.592     38.819  34.564333     2.2143      8.684    96.1713 5.2403e+02     8.0618      0.167      0.242    19.5167 0.0000e+00
      0.173      0.014     5.3732     58.601     38.833  34.576381     2.2084      8.685    96.0514 5.4188e+02     8.0431      0.170      0.247    19.5170 0.0000e+00
      0.174      0.009     5.3750     58.617     38.815  34.560637     2.2330      8.687    96.1947 5.6625e+02     8.1092      0.171      0.249    19.5164 0.0000e+00
      0.174      0.007     5.3771     58.645     38.820  34.564316     2.2530      8.689    96.5281 5.6302e+02     8.1436      0.171      0.248    19.5158 0.0000e+00
      0.174      0.007     5.3789     58.667     38.813  34.557415     2.2765      8.691    96.6405 5.5665e+02     8.1520      0.171      0.248    19.5152 0.0000e+00
      0.174      0.012     5.3789     58.675     38.794  34.540642     2.2836      8.692    96.6065 5.5737e+02     8.1087      0.171      0.248    19.5147 0.0000e+00
      0.176      0.019     5.3802     58.690     38.806  34.551857     2.2636      8.693    96.6339 5.6078e+02     8.0295      0.172      0.250    19.5142 0.0000e+00
      0.181      0.028     5.3835     58.700     38.822  34.566114     2.2681      8.694    96.6271 5.5896e+02     8.0825      0.176      0.255    19.5139 0.0000e+00
      0.191      0.036     5.3867     58.688     38.845  34.586129     2.2803      8.696    96.6967 5.6096e+02     8.1686      0.186      0.269    19.5138 0.0000e+00
      0.203      0.043     5.3852     58.658     38.866  34.603527     2.2611      8.696    96.8728 5.6023e+02     8.1139      0.198      0.288    19.5141 0.0000e+00
      0.217      0.048     5.3877     58.636     38.847  34.586129     2.2187      8.696    96.9505 5.4626e+02     8.0362      0.213      0.309    19.5142 0.0000e+00
      0.230      0.050     5.3895     58.631     38.824  34.566114     2.2007      8.698    96.9473 5.2656e+02     8.1514      0.226      0.327    19.5140 0.0000e+00
      0.244      0.050     5.3880     58.633     38.808  34.551865     2.2181      8.698    97.0058 5.0466e+02     8.3463      0.239      0.347    19.5135 0.0000e+00
      0.258      0.045     5.3846     58.653     38.795  34.540736     2.2133      8.698    97.0560 4.8834e+02     8.3425      0.254      0.368    19.5122 0.0000e+00
      0.271      0.039     5.3818     58.681     38.815  34.558445     2.1836      8.698    96.9517 4.7834e+02     8.2074      0.265      0.385    19.5113 0.0000e+00
      0.282      0.031     5.3829     58.687     38.835  34.575642     2.1666      8.698    96.8627 4.7425e+02     8.1478      0.278      0.403    19.5108 0.0000e+00
      0.288      0.023     5.3817     58.685     38.816  34.558330     2.1750      8.700    96.9268 4.7172e+02     8.2368      0.285      0.413    19.5109 0.0000e+00
      0.290      0.017     5.3837     58.690     38.794  34.539468     2.2019      8.700    97.0389 4.6716e+02     8.3606      0.285      0.413    19.5114 0.0000e+00
      0.290      0.012     5.3884     58.694     38.792  34.537918     2.2174      8.701    97.1856 4.6333e+02     8.2778      0.285      0.413    19.5117 0.0000e+00
      0.291      0.009     5.3878     58.694     38.794  34.539592     2.2199      8.702    97.2381 4.5959e+02     8.0898      0.286      0.414    19.5115 0.0000e+00
      0.294      0.008     5.3867     58.699     38.816  34.559704     2.2239      8.704    97.0711 4.6044e+02     8.0016      0.289      0.419    19.5113 0.0000e+00
      0.298      0.008     5.3882     58.724     38.851  34.590744     2.2411      8.705    96.8004 4.6033e+02     7.9962      0.292      0.424    19.5115 0.0000e+00
      0.300      0.008     5.3880     58.760     38.859  34.597670     2.2528      8.705    96.7193 4.5604e+02     7.9563      0.294      0.427    19.5117 0.0000e+00
      0.303      0.008     5.3883     58.782     38.839  34.579998     2.2162      8.706    96.8651 4.5141e+02     7.7929      0.297      0.431    19.5119 0.0000e+00
      0.305      0.007     5.3874     58.793     38.824  34.567413     2.1728      8.708    96.9285 4.4852e+02     7.7283      0.299      0.433    19.5120 0.0000e+00
      0.305      0.007     5.3901     58.797     38.830  34.572406     2.1688      8.710    96.9685 4.5096e+02     7.7900      0.299      0.434    19.5122 0.0000e+00
      0.306      0.010     5.3951     58.800     38.835  34.576921     2.1850      8.711    97.0908 4.5438e+02     7.8565      0.300      0.435    19.5125 0.0000e+00
      0.307      0.016     5.3962     58.809     38.815  34.558549     2.2021      8.712    97.2892 4.5408e+02     7.9515      0.301      0.436    19.5127 0.0000e+00
      0.310      0.028     5.3974     58.810     38.796  34.540616     2.2006      8.712    97.6460 4.5069e+02     7.9477      0.304      0.442    19.5128 0.0000e+00
      0.314      0.044     5.3977     58.795     38.808  34.550427     2.1832      8.710    97.8785 4.4256e+02     7.9467      0.307      0.446    19.5127 0.0000e+00
      0.324      0.060     5.3975     58.801     38.809  34.550271     2.1758      8.708    97.9486 4.2879e+02     8.0085      0.315      0.455    19.5125 0.0000e+00
      0.344      0.072     5.3985     58.817     38.798  34.538730     2.1946      8.706    98.3217 4.0855e+02     8.0795      0.334      0.483    19.5123 0.0000e+00
      0.371      0.079     5.4003     58.790     38.799  34.537785     2.2190      8.703    98.8620 3.8338e+02     8.2243      0.363      0.527    19.5115 0.0000e+00
      0.401      0.079     5.3965     58.749     38.802  34.538834     2.2117      8.702    99.1465 3.6483e+02     8.2909      0.397      0.576    19.5100 0.0000e+00
      0.426      0.073     5.3968     58.710     38.817  34.551414     2.1899      8.702    99.3521 3.5638e+02     8.3038      0.420      0.610    19.5082 0.0000e+00
      0.442      0.061     5.4035     58.659     38.830  34.563001     2.2054      8.702    99.5419 3.4892e+02     8.3465      0.434      0.630    19.5058 0.0000e+00
      0.453      0.048     5.3975     58.603     38.818  34.552038     2.2406      8.702    99.6337 3.4203e+02     8.2950      0.444      0.645    19.5032 0.0000e+00
      0.460      0.039     5.3937     58.541     38.812  34.545746     2.2494      8.703    99.8599 3.3948e+02     8.1940      0.453      0.656    19.5018 0.0000e+00
      0.465      0.038     5.3921     58.489     38.818  34.550371     2.2463      8.704   100.2128 3.3722e+02     8.1485      0.456      0.662    19.5011 0.0000e+00
      0.469      0.043     5.3855     58.472     38.813  34.544509     2.2609      8.704   100.4588 3.3167e+02     8.1894      0.458      0.665    19.5007 0.0000e+00
      0.479      0.049     5.3819     58.479     38.808  34.538312     2.2836      8.704   100.5971 3.2397e+02     8.3133      0.468      0.677    19.5002 0.0000e+00
      0.495      0.054     5.3750     58.476     38.810  34.538883     2.2711      8.704   100.6801 3.1456e+02     8.3477      0.484      0.702    19.4999 0.0000e+00
      0.515      0.057     5.3695     58.480     38.825  34.551415     2.2440      8.703   100.6885 3.0325e+02     8.2292      0.506      0.734    19.4990 0.0000e+00
      0.535      0.057     5.3679     58.510     38.838  34.562945     2.2378      8.702   100.7848 2.9549e+02     8.1451      0.526      0.763    19.4968 0.0000e+00
      0.550      0.053     5.3717     58.522     38.824  34.551401     2.2467      8.701   100.9836 2.9206e+02     8.1854      0.541      0.785    19.4940 0.0000e+00
      0.560      0.047     5.3702     58.507     38.810  34.538726     2.2683      8.702   101.1136 2.8785e+02     8.3062      0.550      0.798    19.4919 0.0000e+00
      0.569      0.042     5.3685     58.491     38.809  34.536585     2.2661      8.703   101.2384 2.8434e+02     8.3420      0.557      0.808    19.4916 0.0000e+00
