Data/DataNotYetUploadedToEDI/Raw_CTD/RawDownloads/100620_fcr50.cnv
* Sea-Bird SBE19plus  Data File:
* FileName = C:\DATA\100620_fcr50_0001.hex
* Software version 2.8.0.119
* Temperature SN = 7809
* Conductivity SN = 7809
* System UpLoad Time = Oct 06 2020 14:33:01
* <ApplicationData>
* <Seaterm232>
# nquan = 16
# nvalues = 5210                        
# units = specified
# name 0 = depFM: Depth [fresh water, m]
# name 1 = dz/dtM: Descent Rate [m/s]
# name 2 = orp: Oxidation Reduction Potential [mV]
# name 3 = sbeox0Mg/L: Oxygen, SBE 43 [mg/l]
# name 4 = sbeox0PS: Oxygen, SBE 43 [% saturation]
# name 5 = par/sat/log: PAR/Logarithmic, Satlantic
# name 6 = ph: pH
# name 7 = specc: Specific Conductance [uS/cm]
# name 8 = c0uS/cm: Conductivity [uS/cm]
# name 9 = flECO-AFL: Fluorescence, WET Labs ECO-AFL/FL [mg/m^3]
# name 10 = turbWETntu0: Turbidity, WET Labs ECO [NTU]
# name 11 = tv290C: Temperature [ITS-90, deg C]
# name 12 = density00: Density [density, kg/m^3]
# name 13 = prdE: Pressure, Strain Gauge [psi]
# name 14 = prdM: Pressure, Strain Gauge [db]
# name 15 = flag:  0.000e+00
# span 0 =     -0.626,      9.599       
# span 1 =     -0.174,      2.605       
# span 2 =  -572.5143,   258.2421       
# span 3 =     0.0664,    10.4309       
# span 4 =      0.718,    104.620       
# span 5 = 1.2354e-01, 1.3304e+03       
# span 6 =     15.669,     16.110       
# span 7 =      0.526,     82.965       
# span 8 =   0.375023,  65.386112       
# span 9 =    -2.2019,     4.8259       
# span 10 =    -3.4008,    27.1578      
# span 11 =    10.6574,    16.3170      
# span 12 =   998.9078,   999.6425      
# span 13 =     -0.891,     13.654      
# span 14 =     -0.615,      9.414      
# span 15 = 0.0000e+00, 0.0000e+00      
# interval = seconds: 0.25
# start_time = Oct 05 2020 20:28:34 [Instrument's time stamp, header]
# bad_flag = -9.990e-29
*END*
[from data line 3888]
      9.596 -1.397e-12   235.7508     1.9434     18.159 1.2372e-01     15.865     59.512  44.446349    -0.3981    23.4105    12.3390   999.5279     13.649      9.411 0.0000e+00
      9.596 -1.270e-13   236.1641     1.9519     18.159 1.2371e-01     15.865     59.503  44.439886    -0.3876    23.3088    12.3390   999.5279     13.649      9.410 0.0000e+00
      9.596 -1.154e-14   236.6102     1.9564     18.193 1.2373e-01     15.865     59.541  44.467385    -0.3925    23.3055    12.3393   999.5278     13.649      9.410 0.0000e+00
      9.596 -1.049e-15   236.6702     1.9443     18.240 1.2378e-01     15.865     59.533  44.461399    -0.3990    23.3703    12.3395   999.5278     13.649      9.410 0.0000e+00
      9.596 -9.540e-17   236.3727     1.9397     18.229 1.2379e-01     15.865     59.493  44.431000    -0.3904    23.5079    12.3395   999.5278     13.649      9.410 0.0000e+00
      9.596 -8.675e-18   236.0254     1.9415     18.199 1.2370e-01     15.865     59.475  44.417261    -0.3838    23.5611    12.3395   999.5278     13.648      9.410 0.0000e+00
      9.596 -7.885e-19   236.5145     1.9424     18.229 1.2364e-01     15.865     59.481  44.422257    -0.3950    23.5332    12.3391   999.5278     13.648      9.410 0.0000e+00
      9.596 -7.170e-20   237.5547     1.9547     18.251 1.2363e-01     15.865     59.489  44.427920    -0.4111    23.5151    12.3386   999.5279     13.649      9.411 0.0000e+00
      9.596 -6.515e-21   237.8474     1.9511     18.252 1.2368e-01     15.865     59.482  44.422246    -0.3972    23.4792    12.3384   999.5279     13.649      9.410 0.0000e+00
      9.596 -5.925e-22   237.5587     1.9398     18.282 1.2376e-01     15.865     59.475  44.417146    -0.3509    23.4077    12.3382   999.5279     13.649      9.410 0.0000e+00
      9.596 -5.382e-23   237.2475     1.9517     18.332 1.2382e-01     15.865     59.491  44.429738    -0.3285    23.3376    12.3381   999.5279     13.649      9.410 0.0000e+00
      9.596 -4.531e-24   237.5257     1.9533     18.399 1.2388e-01     15.865     59.515  44.447525    -0.3362    23.3178    12.3382   999.5279     13.649      9.410 0.0000e+00
      9.596 3.5645e-24   238.3415     1.9485     18.429 1.2389e-01     15.865     59.508  44.441750    -0.3109    23.3407    12.3381   999.5279     13.649      9.410 0.0000e+00
      9.596 4.4065e-23   238.5927     1.9562     18.389 1.2385e-01     15.865     59.483  44.423390    -0.2518    23.3400    12.3382   999.5279     13.648      9.410 0.0000e+00
      9.596 4.8515e-22   238.4131     1.9576     18.335 1.2384e-01     15.865     59.474  44.416001    -0.2208    23.3088    12.3382   999.5279     13.649      9.411 0.0000e+00
      9.596 5.3367e-21   238.3201     1.9693     18.305 1.2383e-01     15.865     59.474  44.415896    -0.2231    23.3070    12.3381   999.5280     13.650      9.411 0.0000e+00
      9.596 5.8704e-20   238.3292     1.9752     18.314 1.2377e-01     15.864     59.482  44.422120    -0.2609    23.4205    12.3382   999.5279     13.649      9.411 0.0000e+00
      9.596 6.4574e-19   238.6947     1.9650     18.325 1.2371e-01     15.864     59.490  44.427773    -0.3249    23.6177    12.3381   999.5279     13.648      9.410 0.0000e+00
      9.596 7.1032e-18   239.0394     1.9608     18.338 1.2367e-01     15.865     59.481  44.420757    -0.3578    23.7339    12.3379   999.5280     13.649      9.411 0.0000e+00
      9.596 7.8135e-17   238.8840     1.9542     18.355 1.2367e-01     15.865     59.454  44.400776    -0.3543    23.7615    12.3379   999.5280     13.649      9.411 0.0000e+00
      9.596 8.5949e-16   238.6220     1.9594     18.350 1.2368e-01     15.865     59.422  44.376640    -0.3395    23.6763    12.3379   999.5280     13.649      9.410 0.0000e+00
      9.596 9.4543e-15   238.6257     1.9597     18.353 1.2370e-01     15.865     59.430  44.382875    -0.3308    23.4588    12.3376   999.5280     13.650      9.411 0.0000e+00
      9.596 1.0400e-13   238.7559     1.9589     18.355 1.2370e-01     15.864     59.470  44.412672    -0.3350    23.2955    12.3374   999.5280     13.649      9.411 0.0000e+00
      9.596 1.1440e-12   238.9059     1.9665     18.358 1.2370e-01     15.864     59.480  44.419486    -0.3525    23.2810    12.3373   999.5280     13.649      9.411 0.0000e+00
      9.596 1.2584e-11   239.0620     1.9596     18.369 1.2373e-01     15.864     59.456  44.401785    -0.3703    23.3862    12.3372   999.5280     13.650      9.411 0.0000e+00
      9.596 1.3842e-10   239.0947     1.9633     18.345 1.2371e-01     15.865     59.439  44.389107    -0.3785    23.5033    12.3373   999.5280     13.649      9.411 0.0000e+00
      9.596 1.5226e-09   238.7853     1.9636     18.321 1.2368e-01     15.865     59.445  44.393167    -0.3858    23.5638    12.3374   999.5280     13.649      9.410 0.0000e+00
      9.596 1.6749e-08   238.4193     1.9601     18.329 1.2371e-01     15.865     59.437  44.387392    -0.4006    23.5685    12.3372   999.5280     13.649      9.410 0.0000e+00
      9.596 1.8424e-07   238.4545     1.9682     18.341 1.2373e-01     15.865     59.430  44.382760    -0.4141    23.4566    12.3373   999.5280     13.649      9.410 0.0000e+00
      9.596 3.3777e-07   238.7801     1.9609     18.353 1.2369e-01     15.865     59.454  44.400650    -0.4057    23.3439    12.3372   999.5280     13.649      9.411 0.0000e+00
      9.596 1.8424e-07   239.1740     1.9570     18.384 1.2372e-01     15.863     59.471  44.413242    -0.3947    23.3384    12.3370   999.5281     13.648      9.410 0.0000e+00
      9.596 1.6749e-08   238.9148     1.9606     18.425 1.2382e-01     15.863     59.464  44.408040    -0.3958    23.3566    12.3371   999.5280     13.650      9.411 0.0000e+00
      9.596 1.5226e-09   238.0548     1.9612     18.433 1.2386e-01     15.863     59.455  44.401232    -0.3999    23.3580    12.3372   999.5280     13.648      9.410 0.0000e+00
      9.596 1.3842e-10   237.8961     1.9619     18.426 1.2381e-01     15.863     59.445  44.394415    -0.4066    23.3896    12.3374   999.5280     13.649      9.411 0.0000e+00
      9.596 1.2584e-11   238.3726     1.9640     18.418 1.2371e-01     15.863     59.438  44.389107    -0.4092    23.4986    12.3376   999.5280     13.650      9.411 0.0000e+00
      9.596 1.1440e-12   238.6539     1.9734     18.388 1.2366e-01     15.864     59.453  44.400535    -0.4030    23.5775    12.3375   999.5280     13.649      9.410 0.0000e+00
      9.596 1.0400e-13   238.2858     1.9712     18.374 1.2371e-01     15.864     59.460  44.405625    -0.3981    23.6219    12.3375   999.5280     13.650      9.411 0.0000e+00
      9.596 9.4545e-15   237.4494     1.9692     18.402 1.2372e-01     15.864     59.435  44.387157    -0.4074    24.1389    12.3377   999.5280     13.649      9.410 0.0000e+00
      9.596 8.5950e-16   237.1449     1.9720     18.423 1.2375e-01     15.865     59.409  44.367701    -0.4201    25.0902    12.3379   999.5279     13.649      9.410 0.0000e+00
      9.596 7.8135e-17   237.5299     1.9652     18.418 1.2384e-01     15.865     59.400  44.360841    -0.4179    25.6486    12.3380   999.5279     13.649      9.411 0.0000e+00
      9.596 7.1030e-18   237.8022     1.9616     18.388 1.2386e-01     15.864     59.410  44.367700    -0.4004    25.7065    12.3380   999.5279     13.649      9.411 0.0000e+00
      9.596 6.4575e-19   237.5119     1.9692     18.348 1.2380e-01     15.864     59.436  44.387147    -0.3891    25.1720    12.3380   999.5279     13.649      9.410 0.0000e+00
      9.596 5.8705e-20   237.2032     1.9710     18.350 1.2376e-01     15.864     59.461  44.405509    -0.3968    24.1636    12.3379   999.5279     13.649      9.411 0.0000e+00
      9.596 5.3370e-21   237.2533     1.9694     18.381 1.2376e-01     15.864     59.453  44.399255    -0.4075    23.6431    12.3376   999.5280     13.649      9.411 0.0000e+00
      9.596 4.8516e-22   237.3442     1.9690     18.419 1.2376e-01     15.864     59.420  44.375015    -0.4129    23.6161    12.3374   999.5280     13.648      9.410 0.0000e+00
      9.596 4.4106e-23   237.5275     1.9577     18.438 1.2376e-01     15.864     59.409  44.366379    -0.4147    23.5284    12.3372   999.5280     13.649      9.411 0.0000e+00
      9.596 4.0096e-24   237.7487     1.9622     18.420 1.2375e-01     15.864     59.398  44.358314    -0.4101    23.4061    12.3371   999.5280     13.648      9.410 0.0000e+00
      9.596 3.6451e-25   237.7809     1.9648     18.387 1.2370e-01     15.864     59.375  44.340994    -0.4051    23.3392    12.3370   999.5281     13.649      9.410 0.0000e+00
      9.596 3.3137e-26   237.6591     1.9700     18.344 1.2368e-01     15.865     59.383  44.347426    -0.4109    23.2688    12.3369   999.5281     13.649      9.410 0.0000e+00
      9.596 3.0125e-27   237.4805     1.9745     18.332 1.2372e-01     15.865     59.417  44.372601    -0.4138    23.1729    12.3370   999.5280     13.649      9.411 0.0000e+00
      9.596 2.7386e-28   237.9454     1.9684     18.348 1.2372e-01     15.864     59.442  44.391430    -0.4019    23.1062    12.3370   999.5281     13.649      9.410 0.0000e+00
      9.596 2.4896e-29   238.8915     1.9687     18.367 1.2371e-01     15.864     59.433  44.384624    -0.3916    23.1142    12.3369   999.5280     13.649      9.411 0.0000e+00
      9.596 2.2633e-30   239.1113     1.9587     18.382 1.2375e-01     15.864     59.392  44.353795    -0.3944    23.1328    12.3370   999.5280     13.650      9.411 0.0000e+00
      9.596 2.0575e-31   238.7099     1.9591     18.366 1.2380e-01     15.864     59.368  44.336124    -0.4074    23.1254    12.3370   999.5280     13.649      9.411 0.0000e+00
      9.596 1.8705e-32   238.3407     1.9627     18.354 1.2384e-01     15.864     59.402  44.361414    -0.4143    23.1274    12.3373   999.5280     13.650      9.411 0.0000e+00
      9.596 1.7004e-33   238.6898     1.9628     18.381 1.2384e-01     15.864     59.461  44.405636    -0.4109    23.1229    12.3372   999.5280     13.649      9.411 0.0000e+00
      9.596 1.5458e-34   239.7477     1.9683     18.410 1.2378e-01     15.864     59.488  44.426399    -0.4046    23.1055    12.3373   999.5280     13.649      9.411 0.0000e+00
      9.596 1.4045e-35   240.2908     1.9638     18.413 1.2370e-01     15.864     59.482  44.421994    -0.3959    23.0891    12.3374   999.5280     13.650      9.411 0.0000e+00
      9.596 1.1882e-36   240.0090     1.9594     18.398 1.2368e-01     15.864     59.473  44.415873    -0.4004    23.0621    12.3373   999.5280     13.649      9.411 0.0000e+00
      9.596 -8.673e-37   239.5230     1.9663     18.374 1.2369e-01     15.864     59.472  44.415875    -0.4023    23.0531    12.3372   999.5280     13.649      9.411 0.0000e+00
      9.596 -1.081e-35   239.4914     1.9697     18.365 1.2368e-01     15.864     59.480  44.422015    -0.3908    23.0839    12.3375   999.5280     13.649      9.411 0.0000e+00
      9.596 -1.190e-34   239.9714     1.9694     18.395 1.2366e-01     15.863     59.486  44.426629    -0.3943    23.1247    12.3381   999.5279     13.649      9.411 0.0000e+00
      9.596 -1.309e-33   240.3360     1.9679     18.420 1.2367e-01     15.863     59.461  44.408165    -0.4066    23.3406    12.3384   999.5279     13.650      9.411 0.0000e+00
      9.596 -1.440e-32   240.3718     1.9642     18.390 1.2374e-01     15.864     59.435  44.389233    -0.4148    23.7374    12.3387   999.5278     13.649      9.410 0.0000e+00
      9.597 -1.584e-31   240.3191     1.9614     18.337 1.2380e-01     15.865     59.434  44.388184    -0.4168    23.9735    12.3390   999.5278     13.650      9.411 0.0000e+00
      9.597 -1.742e-30   240.2148     1.9665     18.301 1.2382e-01     15.866     59.444  44.395487    -0.4125    24.0329    12.3392   999.5278     13.650      9.411 0.0000e+00
      9.596 -1.916e-29   240.0571     1.9737     18.290 1.2385e-01     15.866     59.469  44.414046    -0.4204    24.2845    12.3395   999.5278     13.649      9.411 0.0000e+00
      9.596 -2.108e-28   240.1321     1.9663     18.282 1.2388e-01     15.866     59.480  44.422120    -0.4545    24.7487    12.3396   999.5277     13.649      9.410 0.0000e+00
      9.596 -2.319e-27   240.4335     1.9602     18.255 1.2385e-01     15.865     59.490  44.429623    -0.4819    24.9758    12.3395   999.5278     13.650      9.411 0.0000e+00
      9.596 -2.551e-26   240.6036     1.9554     18.234 1.2376e-01     15.864     59.506  44.441271    -0.4753    24.9713    12.3397   999.5277     13.649      9.411 0.0000e+00
      9.596 -2.806e-25   240.1244     1.9553     18.262 1.2373e-01     15.864     59.500  44.435981    -0.4513    25.0723    12.3394   999.5278     13.649      9.411 0.0000e+00
      9.597 -3.086e-24   239.3724     1.9564     18.347 1.2380e-01     15.864     59.491  44.429146    -0.4205    25.2701    12.3390   999.5278     13.650      9.411 0.0000e+00
      9.597 -3.395e-23   239.2542     1.9516     18.415 1.2386e-01     15.864     59.481  44.422120    -0.4078    25.4053    12.3387   999.5279     13.650      9.411 0.0000e+00
      9.597 -3.735e-22   239.6415     1.9483     18.443 1.2389e-01     15.864     59.471  44.414513    -0.4210    25.4373    12.3385   999.5279     13.650      9.411 0.0000e+00
      9.596 -4.108e-21   240.0982     1.9489     18.475 1.2388e-01     15.864     59.452  44.400662    -0.4278    25.4165    12.3385   999.5279     13.649      9.411 0.0000e+00
      9.596 -4.519e-20   239.7857     1.9634     18.457 1.2376e-01     15.864     59.427  44.381626    -0.4228    25.0848    12.3384   999.5279     13.649      9.411 0.0000e+00
      9.596 -4.971e-19   238.7872     1.9725     18.368 1.2365e-01     15.865     59.418  44.374800    -0.4093    24.4474    12.3384   999.5279     13.649      9.410 0.0000e+00
      9.596 -5.468e-18   238.6093     1.9693     18.314 1.2370e-01     15.864     59.427  44.381615    -0.3981    24.0963    12.3383   999.5279     13.649      9.411 0.0000e+00
      9.596 -6.015e-17   239.1834     1.9780     18.326 1.2375e-01     15.864     59.452  44.400536    -0.4114    24.1017    12.3383   999.5279     13.649      9.411 0.0000e+00
      9.597 -6.616e-16   239.5343     1.9787     18.346 1.2372e-01     15.864     59.469  44.413118    -0.4354    24.5127    12.3383   999.5279     13.650      9.411 0.0000e+00
      9.597 -7.278e-15   239.4102     1.9609     18.350 1.2368e-01     15.865     59.461  44.406770    -0.4503    25.2537    12.3382   999.5279     13.650      9.411 0.0000e+00
      9.597 -8.005e-14   238.8871     1.9548     18.329 1.2370e-01     15.865     59.435  44.387272    -0.4582    25.6452    12.3381   999.5279     13.650      9.412 0.0000e+00
      9.597 -8.806e-13   238.5433     1.9605     18.294 1.2375e-01     15.864     59.409  44.367825    -0.4644    25.6418    12.3380   999.5279     13.651      9.411 0.0000e+00
      9.596 -9.687e-12   238.5230     1.9622     18.297 1.2377e-01     15.864     59.401  44.362101    -0.4780    25.3503    12.3382   999.5279     13.649      9.410 0.0000e+00
      9.596 -1.066e-10   238.6424     1.9626     18.317 1.2375e-01     15.864     59.427  44.381552    -0.4884    24.8330    12.3382   999.5279     13.649      9.411 0.0000e+00
      9.596 -1.172e-09   238.8683     1.9623     18.337 1.2374e-01     15.864     59.468  44.412552    -0.4756    24.5373    12.3382   999.5279     13.649      9.411 0.0000e+00
      9.596 -1.289e-08   238.9311     1.9522     18.355 1.2374e-01     15.865     59.476  44.419487    -0.4575    24.4871    12.3382   999.5279     13.650      9.411 0.0000e+00
      9.596 -1.418e-07   238.8851     1.9567     18.355 1.2371e-01     15.865     59.452  44.401909    -0.4601    24.2259    12.3383   999.5279     13.649      9.411 0.0000e+00
      9.597 -2.600e-07   238.8281     1.9593     18.367 1.2368e-01     15.865     59.437  44.390481    -0.4777    23.7482    12.3383   999.5279     13.650      9.411 0.0000e+00
