Data/DataNotYetUploadedToEDI/Raw_CTD/RawDownloads/100724_fcr50_S7809001.cnv
* Sea-Bird SBE19plus  Data File:
* FileName = C:\R\Reservoirs\Data\DataNotYetUploadedToEDI\Raw_CTD\RawDownloads\100724_fcr50_S7809_0001.hex
* Software version 2.8.0.119
* Temperature SN = 7809
* Conductivity SN = 7809
* System UpLoad Time = Oct 24 2024 12:50:23
* <ApplicationData>
* <Seaterm232>
# nquan = 15
# nvalues = 1404                        
# units = specified
# name 0 = depFM: Depth [fresh water, m]
# name 1 = dz/dtM: Descent Rate [m/s]
# name 2 = sbeox0Mg/L: Oxygen, SBE 43 [mg/l]
# name 3 = sbeox0PS: Oxygen, SBE 43 [% saturation]
# name 4 = specc: Specific Conductance [uS/cm]
# name 5 = c0uS/cm: Conductivity [uS/cm]
# name 6 = flECO-AFL: Fluorescence, WET Labs ECO-AFL/FL [mg/m^3]
# name 7 = ph: pH
# name 8 = orp: Oxidation Reduction Potential [mV]
# name 9 = par/sat/log: PAR/Logarithmic, Satlantic
# name 10 = turbWETntu0: Turbidity, WET Labs ECO [NTU]
# name 11 = prdM: Pressure, Strain Gauge [db]
# name 12 = prdE: Pressure, Strain Gauge [psi]
# name 13 = tv290C: Temperature [ITS-90, deg C]
# name 14 = flag:  0.000e+00
# span 0 =     -0.674,      6.648       
# span 1 =     -0.226,      0.211       
# span 2 =     0.1592,     9.7975       
# span 3 =      1.721,    111.133       
# span 4 =      1.429,     70.473       
# span 5 =   1.448055,  58.764854       
# span 6 =    -1.2349,    12.7695       
# span 7 =     -2.056,      8.309       
# span 8 =  -599.8314,   750.2148       
# span 9 = 1.2358e-01, 2.4523e+03       
# span 10 =    -1.3196,   156.9818      
# span 11 =     -0.661,      6.524      
# span 12 =     -0.958,      9.461      
# span 13 =    13.6633,    25.6975      
# span 14 = 0.0000e+00, 0.0000e+00      
# interval = seconds: 0.25
# start_time = Oct 07 2024 12:10:18 [Instrument's time stamp, header]
# bad_flag = -9.990e-29
*END*
[from data line 193]
      0.205      0.006     9.4133    102.964     40.503  37.994674     3.0642      7.953   178.3687 3.0920e+02     6.0164      0.201      0.291    21.8966 0.0000e+00
      0.206      0.006     9.2644    102.395     40.495  37.988374     3.0377      7.956   178.5541 3.3304e+02     5.9600      0.202      0.294    21.8982 0.0000e+00
      0.208      0.007     9.1520    101.946     40.518  38.010729     3.0407      7.957   178.8508 3.0163e+02     6.0099      0.204      0.296    21.8985 0.0000e+00
      0.209      0.008     9.0761    101.618     40.520  38.011137     3.0756      7.958   179.3748 2.8243e+02     6.1755      0.205      0.297    21.8982 0.0000e+00
      0.210      0.009     9.0146    101.402     40.505  37.993302     3.0848      7.959   178.7818 3.1931e+02     6.2541      0.206      0.299    21.8984 0.0000e+00
      0.213      0.010     8.9655    101.239     40.501  37.985454     3.0682      7.960   177.4462 3.2728e+02     6.2091      0.208      0.301    21.9002 0.0000e+00
      0.217      0.010     8.9259    101.108     40.498  37.979701     3.0495      7.963   177.2500 2.7929e+02     6.1434      0.213      0.308    21.9023 0.0000e+00
      0.221      0.009     8.8961    101.021     40.509  37.987191     3.0593      7.964   178.1310 2.4828e+02     6.1430      0.218      0.315    21.9009 0.0000e+00
      0.224      0.007     8.8820    100.971     40.537  38.012564     3.1033      7.964   179.1498 2.4767e+02     6.2048      0.219      0.318    21.8952 0.0000e+00
      0.224      0.006     8.8688    100.973     40.559  38.032650     3.1322      7.966   178.8123 2.5680e+02     6.2418      0.220      0.319    21.8894 0.0000e+00
      0.224      0.004     8.8567    101.001     40.566  38.039672     3.1248      7.969   177.2338 2.9664e+02     6.2138      0.220      0.319    21.8855 0.0000e+00
      0.224      0.003     8.8513    100.999     40.559  38.034018     3.0886      7.971   176.4983 3.5391e+02     6.1739      0.220      0.319    21.8816 0.0000e+00
      0.225      0.003     8.8454    100.974     40.550  38.027739     3.0610      7.972   176.9740 4.1032e+02     6.2032      0.220      0.320    21.8804 0.0000e+00
      0.226      0.004     8.8462    100.962     40.547  38.027218     3.0650      7.973   177.8238 4.5592e+02     6.2612      0.221      0.321    21.8810 0.0000e+00
      0.226      0.005     8.8522    100.975     40.545  38.027728     3.0627      7.974   178.3410 4.1709e+02     6.2600      0.222      0.322    21.8805 0.0000e+00
      0.227      0.007     8.8504    100.986     40.550  38.033903     3.0589      7.976   178.2380 3.1338e+02     6.2568      0.223      0.323    21.8822 0.0000e+00
      0.230      0.008     8.8464    100.973     40.554  38.038422     3.0770      7.978   177.6109 2.6886e+02     6.3248      0.227      0.327    21.8852 0.0000e+00
      0.233      0.011     8.8443    100.952     40.531  38.018917     3.0979      7.979   177.1252 2.7128e+02     6.3993      0.230      0.332    21.8873 0.0000e+00
      0.235      0.013     8.8463    100.935     40.497  37.988438     3.1115      7.980   177.2700 2.7300e+02     6.4407      0.230      0.333    21.8905 0.0000e+00
      0.238      0.015     8.8480    100.915     40.499  37.987190     3.1171      7.981   177.6400 2.6423e+02     6.3802      0.231      0.337    21.8927 0.0000e+00
      0.243      0.016     8.8453    100.869     40.523  38.003815     3.1079      7.983   178.1578 2.5335e+02     6.2148      0.237      0.344    21.8932 0.0000e+00
      0.249      0.017     8.8430    100.800     40.524  37.999073     3.0918      7.984   178.7132 2.5766e+02     6.1158      0.246      0.357    21.8966 0.0000e+00
      0.254      0.017     8.8409    100.748     40.522  37.993298     3.0967      7.987   178.9345 2.6216e+02     6.1392      0.250      0.363    21.8992 0.0000e+00
      0.257      0.017     8.8412    100.728     40.531  37.997450     3.1175      7.988   179.1123 2.7113e+02     6.1902      0.252      0.366    21.8942 0.0000e+00
      0.261      0.016     8.8388    100.728     40.522  37.985809     3.1180      7.988   179.2284 2.7247e+02     6.1855      0.255      0.371    21.8861 0.0000e+00
      0.266      0.014     8.8318    100.752     40.519  37.979456     3.1040      7.989   179.9077 2.7958e+02     6.1505      0.261      0.378    21.8791 0.0000e+00
      0.270      0.014     8.8278    100.778     40.528  37.984086     3.0970      7.991   181.4754 2.8425e+02     6.1095      0.265      0.385    21.8733 0.0000e+00
      0.273      0.014     8.8282    100.795     40.523  37.978327     3.1001      7.992   182.3521 2.5081e+02     6.0649      0.268      0.388    21.8698 0.0000e+00
      0.275      0.014     8.8272    100.828     40.517  37.973278     3.1246      7.994   182.4198 2.4672e+02     6.0558      0.270      0.392    21.8657 0.0000e+00
      0.278      0.013     8.8318    100.881     40.529  37.986497     3.1523      7.995   182.1223 2.6537e+02     6.1014      0.273      0.396    21.8606 0.0000e+00
      0.283      0.013     8.8356    100.937     40.552  38.011243     3.1523      7.998   181.4225 2.5535e+02     6.1725      0.277      0.402    21.8566 0.0000e+00
      0.287      0.014     8.8355    100.988     40.556  38.018661     3.1495      8.000   181.8738 2.9669e+02     6.1980      0.282      0.408    21.8542 0.0000e+00
      0.289      0.015     8.8386    101.017     40.547  38.012745     3.1605      8.000   183.6210 3.5039e+02     6.2047      0.285      0.413    21.8544 0.0000e+00
      0.291      0.016     8.8436    100.985     40.537  38.003175     3.1766      8.000   184.6517 3.0525e+02     6.2197      0.286      0.415    21.8573 0.0000e+00
      0.295      0.017     8.8482    100.932     40.501  37.966399     3.1777      8.001   184.6127 2.3618e+02     6.1734      0.289      0.418    21.8614 0.0000e+00
      0.301      0.017     8.8511    100.917     40.485  37.948823     3.1564      8.004   184.2686 2.2146e+02     6.1231      0.296      0.429    21.8664 0.0000e+00
      0.307      0.017     8.8566    100.926     40.522  37.981038     3.1364      8.006   184.0189 2.4426e+02     6.1584      0.303      0.439    21.8704 0.0000e+00
      0.312      0.018     8.8514    100.931     40.517  37.975160     3.1265      8.007   184.1754 2.6175e+02     6.2245      0.307      0.445    21.8699 0.0000e+00
      0.316      0.018     8.8439    100.910     40.483  37.941215     3.1289      8.008   184.6118 2.6897e+02     6.2391      0.310      0.449    21.8660 0.0000e+00
      0.319      0.018     8.8461    100.865     40.497  37.951338     3.1329      8.009   185.0792 2.9414e+02     6.1990      0.313      0.453    21.8621 0.0000e+00
      0.323      0.018     8.8465    100.826     40.521  37.970647     3.1406      8.011   185.5254 3.1463e+02     6.1833      0.316      0.458    21.8600 0.0000e+00
      0.328      0.017     8.8492    100.801     40.539  37.984304     3.1645      8.012   185.7904 3.1383e+02     6.2208      0.321      0.466    21.8583 0.0000e+00
      0.334      0.016     8.8475    100.774     40.546  37.989543     3.1802      8.014   185.2719 2.9955e+02     6.2415      0.328      0.476    21.8549 0.0000e+00
      0.339      0.016     8.8429    100.728     40.526  37.970534     3.1805      8.014   184.3324 2.8440e+02     6.2286      0.334      0.484    21.8505 0.0000e+00
      0.343      0.016     8.8399    100.682     40.499  37.944832     3.1922      8.015   184.3257 2.7426e+02     6.2025      0.337      0.489    21.8471 0.0000e+00
      0.345      0.018     8.8387    100.662     40.489  37.932609     3.2147      8.017   185.1905 2.7230e+02     6.1988      0.338      0.491    21.8443 0.0000e+00
      0.346      0.023     8.8378    100.669     40.514  37.949656     3.2272      8.018   186.0124 2.6947e+02     6.2178      0.339      0.492    21.8419 0.0000e+00
      0.349      0.027     8.8330    100.689     40.533  37.960568     3.2348      8.018   185.4871 2.4605e+02     6.2268      0.341      0.494    21.8415 0.0000e+00
      0.359      0.030     8.8275    100.705     40.512  37.937626     3.2395      8.018   183.9160 2.2743e+02     6.2055      0.350      0.508    21.8422 0.0000e+00
      0.374      0.032     8.8264    100.712     40.501  37.926085     3.2594      8.018   183.2777 2.3212e+02     6.1312      0.367      0.534    21.8396 0.0000e+00
      0.386      0.032     8.8293    100.718     40.523  37.947930     3.3097      8.019   183.5341 2.5117e+02     6.1133      0.381      0.552    21.8304 0.0000e+00
      0.392      0.030     8.8328    100.700     40.522  37.947931     3.3481      8.020   184.1762 2.6219e+02     6.1942      0.385      0.558    21.8202 0.0000e+00
      0.396      0.025     8.8365    100.661     40.498  37.926100     3.3657      8.020   184.4170 2.8201e+02     6.2552      0.387      0.561    21.8151 0.0000e+00
      0.401      0.021     8.8347    100.631     40.509  37.937798     3.3890      8.021   183.6058 3.0572e+02     6.2709      0.393      0.570    21.8161 0.0000e+00
      0.407      0.019     8.8371    100.616     40.533  37.962460     3.4056      8.022   183.0584 2.8772e+02     6.3151      0.400      0.580    21.8187 0.0000e+00
      0.411      0.019     8.8355    100.625     40.539  37.970467     3.3991      8.023   183.1333 2.5761e+02     6.4139      0.403      0.584    21.8189 0.0000e+00
      0.415      0.018     8.8298    100.654     40.534  37.971152     3.3937      8.024   183.3924 2.3447e+02     6.5084      0.405      0.588    21.8185 0.0000e+00
      0.420      0.016     8.8277    100.669     40.527  37.970757     3.3819      8.026   183.8687 2.3312e+02     6.5018      0.411      0.596    21.8213 0.0000e+00
      0.425      0.014     8.8253    100.667     40.518  37.965704     3.3564      8.027   184.5040 2.5677e+02     6.4031      0.418      0.606    21.8237 0.0000e+00
      0.429      0.014     8.8254    100.655     40.524  37.973509     3.3442      8.029   184.9642 2.5228e+02     6.3400      0.421      0.611    21.8257 0.0000e+00
      0.431      0.014     8.8288    100.594     40.554  38.001679     3.3340      8.029   184.8732 2.3514e+02     6.3870      0.423      0.614    21.8332 0.0000e+00
      0.433      0.016     8.8284    100.511     40.540  37.989014     3.3331      8.029   184.5217 2.5300e+02     6.4938      0.425      0.616    21.8426 0.0000e+00
      0.435      0.019     8.8256    100.479     40.500  37.947299     3.3418      8.030   184.2419 2.5591e+02     6.5034      0.426      0.618    21.8472 0.0000e+00
      0.439      0.022     8.8283    100.498     40.502  37.941489     3.3469      8.032   185.1044 2.3785e+02     6.4007      0.429      0.623    21.8464 0.0000e+00
      0.447      0.026     8.8213    100.518     40.486  37.918754     3.3538      8.034   186.8626 2.3354e+02     6.3447      0.437      0.634    21.8474 0.0000e+00
      0.457      0.030     8.8095    100.509     40.432  37.862776     3.3579      8.036   187.6031 2.1727e+02     6.3401      0.449      0.653    21.8502 0.0000e+00
      0.466      0.031     8.8087    100.502     40.412  37.835758     3.3638      8.036   187.2610 2.0609e+02     6.3106      0.459      0.666    21.8457 0.0000e+00
      0.473      0.030     8.8143    100.509     40.435  37.845889     3.3585      8.037   186.6848 2.2164e+02     6.2607      0.463      0.671    21.8322 0.0000e+00
      0.481      0.026     8.8195    100.516     40.456  37.858349     3.3438      8.038   186.4866 2.3334e+02     6.1803      0.472      0.683    21.8219 0.0000e+00
      0.490      0.022     8.8170    100.538     40.456  37.859480     3.3361      8.040   187.1011 2.2938e+02     6.1243      0.482      0.699    21.8190 0.0000e+00
      0.495      0.019     8.8175    100.575     40.456  37.859574     3.3486      8.041   188.2647 2.2613e+02     6.1650      0.486      0.705    21.8094 0.0000e+00
      0.497      0.019     8.8233    100.625     40.464  37.859489     3.3868      8.041   189.1117 2.2236e+02     6.2285      0.487      0.706    21.7901 0.0000e+00
      0.498      0.019     8.8236    100.692     40.480  37.858444     3.4070      8.042   189.0832 2.1457e+02     6.2092      0.488      0.708    21.7804 0.0000e+00
      0.503      0.019     8.8256    100.743     40.485  37.846909     3.3924      8.044   188.5212 2.0418e+02     6.1365      0.492      0.713    21.7847 0.0000e+00
      0.510      0.021     8.8281    100.788     40.494  37.846910     3.3937      8.046   188.2546 2.2304e+02     6.1011      0.500      0.725    21.7907 0.0000e+00
      0.517      0.025     8.8325    100.859     40.509  37.858448     3.4308      8.047   188.5269 2.5394e+02     6.1568      0.508      0.736    21.7825 0.0000e+00
      0.522      0.027     8.8455    100.914     40.511  37.859496     3.4663      8.047   188.8874 2.4559e+02     6.2633      0.511      0.742    21.7553 0.0000e+00
      0.528      0.028     8.8536    100.907     40.508  37.859576     3.4728      8.048   189.0855 2.2411e+02     6.2611      0.517      0.749    21.7319 0.0000e+00
      0.537      0.027     8.8560    100.852     40.501  37.859416     3.4851      8.050   189.2871 2.0956e+02     6.2332      0.526      0.763    21.7241 0.0000e+00
      0.546      0.026     8.8653    100.769     40.493  37.857576     3.5318      8.052   189.5193 2.0054e+02     6.3697      0.536      0.780    21.7227 0.0000e+00
      0.553      0.026     8.8726    100.682     40.469  37.837333     3.5711      8.053   188.8819 2.0439e+02     6.5115      0.543      0.788    21.7212 0.0000e+00
      0.558      0.025     8.8697    100.618     40.434  37.805028     3.5938      8.054   187.6031 2.2004e+02     6.5130      0.547      0.793    21.7247 0.0000e+00
      0.563      0.023     8.8631    100.588     40.416  37.784266     3.5991      8.056   187.3062 2.2692e+02     6.4560      0.552      0.800    21.7337 0.0000e+00
      0.569      0.023     8.8538    100.590     40.420  37.776662     3.5844      8.057   187.9595 2.1483e+02     6.4027      0.558      0.809    21.7421 0.0000e+00
      0.575      0.023     8.8442    100.613     40.440  37.776529     3.5824      8.059   188.6195 1.9367e+02     6.4148      0.563      0.817    21.7455 0.0000e+00
      0.581      0.023     8.8388    100.644     40.467  37.782637     3.5835      8.060   188.1449 1.8062e+02     6.4667      0.570      0.827    21.7443 0.0000e+00
      0.588      0.022     8.8364    100.642     40.486  37.787031     3.5818      8.061   186.6954 1.8352e+02     6.4828      0.576      0.836    21.7414 0.0000e+00
      0.593      0.022     8.8398    100.581     40.474  37.766174     3.5781      8.063   185.9789 1.9488e+02     6.4729      0.582      0.844    21.7279 0.0000e+00
      0.597      0.022     8.8460    100.478     40.436  37.720812     3.5640      8.065   186.2785 1.9722e+02     6.4164      0.586      0.849    21.7011 0.0000e+00
      0.602      0.024     8.8548    100.325     40.410  37.682741     3.5692      8.065   186.8759 1.8932e+02     6.4136      0.590      0.855    21.6755 0.0000e+00
      0.607      0.026     8.8596    100.162     40.434  37.686571     3.6074      8.067   187.2649 1.8857e+02     6.5077      0.594      0.863    21.6589 0.0000e+00
      0.613      0.026     8.8530    100.068     40.469  37.703647     3.6436      8.070   187.4547 1.8367e+02     6.5289      0.600      0.870    21.6485 0.0000e+00
      0.623      0.026     8.8479    100.079     40.472  37.698813     3.6482      8.071   187.3642 1.7468e+02     6.4645      0.611      0.886    21.6393 0.0000e+00
      0.633      0.025     8.8356    100.179     40.466  37.691570     3.6387      8.071   187.0309 1.6916e+02     6.4122      0.622      0.903    21.6228 0.0000e+00
      0.639      0.023     8.8219    100.318     40.451  37.679521     3.6447      8.072   186.9521 1.6977e+02     6.4093      0.627      0.910    21.5969 0.0000e+00
      0.642      0.020     8.8173    100.476     40.447  37.680051     3.6791      8.073   187.0139 1.7564e+02     6.3955      0.629      0.913    21.5747 0.0000e+00
