Data/DataNotYetUploadedToEDI/Raw_CTD/RawDownloads/100724_bvr50_S8188001.cnv
* Sea-Bird SBE19plus  Data File:
* FileName = C:\R\Reservoirs\Data\DataNotYetUploadedToEDI\Raw_CTD\RawDownloads\100724_bvr50_S8188_0001.hex
* Software version 2.8.0.119
* Temperature SN = 8188
* Conductivity SN = 8188
* System UpLoad Time = Oct 24 2024 12:37:32
* <ApplicationData>
* <Seaterm232>
# nquan = 16
# nvalues = 1392                        
# units = specified
# name 0 = depFM: Depth [fresh water, m]
# name 1 = dz/dtM: Descent Rate [m/s]
# name 2 = sbeox0Mg/L: Oxygen, SBE 43 [mg/l]
# name 3 = sbeox0PS: Oxygen, SBE 43 [% saturation]
# name 4 = specc: Specific Conductance [uS/cm]
# name 5 = c0uS/cm: Conductivity [uS/cm]
# name 6 = wetCDOM: Fluorescence, WET Labs CDOM [mg/m^3]
# name 7 = flECO-AFL: Fluorescence, WET Labs ECO-AFL/FL [mg/m^3]
# name 8 = flECO-AFL1: Fluorescence, WET Labs ECO-AFL/FL, 2 [mg/m^3]
# name 9 = flECO-AFL2: Fluorescence, WET Labs ECO-AFL/FL, 3 [mg/m^3]
# name 10 = par/sat/log: PAR/Logarithmic, Satlantic
# name 11 = turbWETntu0: Turbidity, WET Labs ECO [NTU]
# name 12 = prdM: Pressure, Strain Gauge [db]
# name 13 = prdE: Pressure, Strain Gauge [psi]
# name 14 = tv290C: Temperature [ITS-90, deg C]
# name 15 = flag:  0.000e+00
# span 0 =     -0.738,      9.510       
# span 1 =     -0.388,      0.153       
# span 2 =    -0.9067,     9.3727       
# span 3 =     -9.864,    105.060       
# span 4 =     11.229,    232.340       
# span 5 =  10.301755, 164.354220       
# span 6 =    -4.5000,    76.3200       
# span 7 =    -1.2497,    14.6502       
# span 8 =    -2.1300,     4.2600       
# span 9 =    -4.6953,     3.2148       
# span 10 = 1.1590e-01, 1.8692e+03      
# span 11 =    -1.0346,    39.4808      
# span 12 =     -0.724,      9.326      
# span 13 =     -1.050,     13.527      
# span 14 =    10.3659,    21.0038      
# span 15 = 0.0000e+00, 0.0000e+00      
# interval = seconds: 0.25
# start_time = Oct 07 2024 10:16:18 [Instrument's time stamp, header]
# bad_flag = -9.990e-29
*END*
[from data line 1266]
      7.701     -0.207     0.0514      0.463    201.135 143.253614    58.6800     1.7716     0.1278     0.5076 1.1623e-01     5.0230      7.552     10.953    10.6014 0.0000e+00
      7.645     -0.213     0.0505      0.464    200.278 142.672911    58.6800     1.7525     0.1278     0.5076 1.1600e-01     4.9022      7.498     10.874    10.5999 0.0000e+00
      7.590     -0.216     0.0506      0.466    199.704 142.294288    57.9600     1.7640     0.1278     0.5499 1.1605e-01     4.9928      7.443     10.796    10.6003 0.0000e+00
      7.535     -0.220     0.0511      0.466    199.508 142.178990    57.9600     1.7792     0.1278     0.5499 1.1615e-01     5.2043      7.390     10.718    10.6033 0.0000e+00
      7.481     -0.227     0.0514      0.466    199.391 142.114041    57.9600     1.7449     0.1278     0.5499 1.1607e-01     5.2345      7.337     10.641    10.6089 0.0000e+00
      7.427     -0.238     0.0516      0.465    198.950 141.817781    57.9600     1.7601     0.1278     0.5499 1.1615e-01     5.1590      7.283     10.563    10.6163 0.0000e+00
      7.368     -0.253     0.0518      0.461    198.000 141.171154    58.0500     1.7640     0.1278     0.5076 1.1623e-01     5.1590      7.226     10.480    10.6240 0.0000e+00
      7.303     -0.270     0.0519      0.460    196.623 140.238032    58.0500     1.7373     0.1278     0.5076 1.1623e-01     4.6756      7.161     10.387    10.6302 0.0000e+00
      7.230     -0.287     0.0519      0.463    194.955 139.114014    58.0500     1.7678     0.1278     0.5076 1.1617e-01     4.8115      7.089     10.282    10.6348 0.0000e+00
      7.150     -0.299     0.0517      0.465    193.112 137.877813    58.0500     1.7296     0.1278     0.5076 1.1623e-01     4.7813      7.012     10.170    10.6396 0.0000e+00
      7.068     -0.306     0.0512      0.467    191.076 136.512131    57.9600     1.7411     0.1278     0.3384 1.1602e-01     4.7511      6.931     10.053    10.6475 0.0000e+00
      6.985     -0.306     0.0512      0.465    188.876 135.037181    57.9600     1.7334     0.1278     0.3384 1.1612e-01     3.3462      6.850      9.935    10.6601 0.0000e+00
      6.905     -0.301     0.0515      0.462    187.052 133.836356    57.9600     1.7525     0.1278     0.3384 1.1612e-01     3.3160      6.771      9.821    10.6772 0.0000e+00
      6.829     -0.295     0.0517      0.462    185.767 133.011817    57.9600     1.7411     0.1278     0.3384 1.1607e-01     3.2556      6.697      9.713    10.6979 0.0000e+00
      6.758     -0.293     0.0518      0.463    184.493 132.177552    57.1500     1.7525     0.1704     0.4230 1.2000e-01     3.3311      6.627      9.612    10.7212 0.0000e+00
      6.689     -0.296     0.0516      0.466    183.074 131.231209    57.1500     1.7525     0.1704     0.4230 1.1605e-01     3.1347      6.560      9.514    10.7469 0.0000e+00
      6.619     -0.305     0.0512      0.475    181.392 130.098584    57.1500     1.7373     0.1704     0.4230 1.1605e-01     2.9837      6.491      9.415    10.7744 0.0000e+00
      6.543     -0.319     0.0512      0.486    179.096 128.537690    57.1500     1.7449     0.1704     0.4230 1.1813e-01     3.1196      6.417      9.307    10.8000 0.0000e+00
      6.459     -0.336     0.0513      0.494    176.104 126.498548    57.1500     1.7487     0.1704     0.4230 1.7041e-01     3.0743      6.334      9.187    10.8215 0.0000e+00
      6.368     -0.354     0.0516      0.496    172.464 124.023767    56.7000     1.7449     0.1278     0.4653 2.0489e-01     2.7571      6.244      9.057    10.8412 0.0000e+00
      6.272     -0.369     0.0525      0.492    168.334 121.227788    56.7000     1.7754     0.1278     0.4653 3.0408e-01     2.8175      6.151      8.921    10.8625 0.0000e+00
      6.175     -0.381     0.0537      0.488    163.815 118.179342    56.7000     1.7601     0.1278     0.4653 3.4847e-01     2.8326      6.055      8.783    10.8879 0.0000e+00
      6.076     -0.387     0.0546      0.484    158.809 114.805683    56.7000     1.7678     0.1278     0.4653 4.1229e-01     2.8930      5.959      8.642    10.9208 0.0000e+00
      5.975     -0.388     0.0547      0.478    153.562 111.287206    56.2500     1.8708     0.1278     0.5076 6.2128e-01     2.3341      5.860      8.499    10.9639 0.0000e+00
      5.873     -0.384     0.0542      0.465    148.663 108.049453    56.2500     1.8784     0.1278     0.5076 9.6784e-01     2.2737      5.759      8.353    11.0183 0.0000e+00
      5.771     -0.377     0.0536      0.446    144.685 105.496551    56.2500     1.8708     0.1278     0.5076 1.5757e+00     2.3794      5.660      8.209    11.0841 0.0000e+00
      5.675     -0.368     0.0532      0.426    141.830 103.755320    56.2500     1.8746     0.1278     0.5076 1.9835e+00     2.3945      5.565      8.071    11.1617 0.0000e+00
      5.584     -0.356     0.0524      0.407    139.620 102.457390    57.1500     2.1798     0.1704     0.4653 1.8482e+00     2.3039      5.475      7.942    11.2532 0.0000e+00
      5.497     -0.343     0.0509      0.392    137.329 101.068781    57.1500     2.1721     0.1704     0.4653 2.1337e+00     2.4096      5.390      7.818    11.3587 0.0000e+00
      5.411     -0.326     0.0487      0.382    134.899  99.570930    57.1500     2.1798     0.1704     0.4653 3.0379e+00     2.3643      5.306      7.696    11.4742 0.0000e+00
      5.327     -0.306     0.0463      0.374    132.932  98.417744    57.1500     2.1492     0.1704     0.4653 3.8124e+00     2.3643      5.223      7.576    11.5919 0.0000e+00
      5.246     -0.282     0.0442      0.370    131.646  97.739365    61.7400     3.0381     0.1278     0.7191 4.5432e+00     3.1801      5.144      7.462    11.7041 0.0000e+00
      5.174     -0.254     0.0425      0.374    130.636  97.207040    61.7400     3.0495     0.1278     0.7191 5.1668e+00     3.3009      5.074      7.359    11.8095 0.0000e+00
      5.112     -0.226     0.0413      0.384    129.690  96.674816    61.7400     3.0381     0.1278     0.7191 4.9697e+00     3.2556      5.013      7.271    11.9158 0.0000e+00
      5.062     -0.198     0.0403      0.394    129.606  96.753971    61.7400     3.0419     0.1278     0.7191 4.8661e+00     3.3462      4.964      7.200    12.0259 0.0000e+00
      5.020     -0.175     0.0398      0.410    131.025  97.863169    61.7400     2.8550     0.1278     0.7191 4.7285e+00     3.0441      4.923      7.140    12.1279 0.0000e+00
      4.983     -0.160     0.0402      0.436    132.912  99.153306    67.3200     2.8702     0.2130     1.3113 4.7070e+00     2.9686      4.886      7.087    12.2096 0.0000e+00
      4.948     -0.155     0.0411      0.470    133.983  99.723542    67.3200     2.8512     0.2130     1.3113 4.7491e+00     3.0592      4.852      7.037    12.2750 0.0000e+00
      4.912     -0.159     0.0422      0.510    134.038  99.564055    67.3200     2.8702     0.2130     1.3113 4.8481e+00     3.0743      4.817      6.987    12.3293 0.0000e+00
      4.874     -0.173     0.0439      0.549    133.246  98.900113    67.3200     2.8588     0.2130     1.3113 4.8166e+00     3.0743      4.780      6.933    12.3484 0.0000e+00
      4.832     -0.194     0.0467      0.582    131.589  97.752517    65.5200     3.1144     0.1704     0.9306 4.7801e+00     3.2707      4.739      6.873    12.3048 0.0000e+00
      4.784     -0.220     0.0505      0.602    128.985  96.057054    65.5200     3.1106     0.1704     0.9306 4.7141e+00     3.2858      4.691      6.804    12.2210 0.0000e+00
      4.725     -0.247     0.0548      0.604    125.520  93.865172    65.5200     3.1220     0.1704     0.9306 5.2792e+00     3.2405      4.634      6.721    12.1494 0.0000e+00
      4.656     -0.271     0.0591      0.588    121.397  91.299711    65.5200     3.1220     0.1704     0.9306 6.3903e+00     3.3613      4.566      6.622    12.1266 0.0000e+00
      4.578     -0.288     0.0626      0.561    116.791  88.455717    66.4200     3.7972     0.1278     1.0575 7.5182e+00     4.3130      4.489      6.511    12.1663 0.0000e+00
      4.495     -0.294     0.0646      0.525    111.965  85.499649    66.4200     3.7781     0.1278     1.0575 8.7229e+00     4.2526      4.408      6.393    12.2708 0.0000e+00
      4.412     -0.290     0.0645      0.488    107.512  82.847477    66.4200     3.7972     0.1278     1.0575 9.8560e+00     4.1922      4.327      6.276    12.4393 0.0000e+00
      4.335     -0.277     0.0625      0.462    103.816  80.730496    66.4200     3.7781     0.1278     1.0575 1.0770e+01     4.1620      4.251      6.166    12.6668 0.0000e+00
      4.266     -0.260     0.0592      0.464    100.771  79.019452    66.4200     4.3313     0.1278     1.0575 1.1057e+01     4.9022      4.183      6.067    12.9447 0.0000e+00
      4.205     -0.242     0.0551      0.515     98.461  77.769143    65.8800     4.3160     0.2130     1.5228 1.1073e+01     4.8115      4.123      5.980    13.2646 0.0000e+00
      4.150     -0.227     0.0508      0.639     96.557  76.702087    65.8800     4.3542     0.2130     1.5228 1.0944e+01     4.9626      4.069      5.902    13.6122 0.0000e+00
      4.098     -0.216     0.0476      0.866     94.270  75.226327    65.8800     4.3275     0.2130     1.5228 1.0852e+01     4.9777      4.019      5.829    13.9572 0.0000e+00
      4.047     -0.209     0.0473      1.228     91.360  73.239774    65.8800     4.0871     0.2130     1.5228 1.1224e+01     4.7813      3.968      5.755    14.2730 0.0000e+00
      3.993     -0.203     0.0519      1.750     88.304  71.176694    50.2200     4.0528     0.1278     1.9035 1.2778e+01     4.7511      3.916      5.679    14.5461 0.0000e+00
      3.938     -0.195     0.0640      2.462     86.034  69.764130    50.2200     4.0795     0.1278     1.9035 1.4704e+01     4.8115      3.862      5.601    14.7641 0.0000e+00
      3.885     -0.186     0.0863      3.426     84.581  68.950693    50.2200     4.0910     0.1278     1.9035 1.5904e+01     4.7360      3.810      5.526    14.9428 0.0000e+00
      3.838     -0.175     0.1219      4.721     83.150  68.066534    50.2200     3.9880     0.1278     1.9035 1.5942e+01     3.7390      3.764      5.459    15.1267 0.0000e+00
      3.797     -0.164     0.1730      6.382     81.835  67.223088    42.5700     3.9613     0.1278     1.8189 1.5654e+01     3.8296      3.724      5.401    15.3439 0.0000e+00
      3.760     -0.157     0.2427      8.339     80.981  66.708246    42.5700     3.9918     0.1278     1.8189 1.5712e+01     3.7843      3.688      5.349    15.5788 0.0000e+00
      3.725     -0.156     0.3369     10.417     80.289  66.271004    42.5700     3.9536     0.1278     1.8189 1.5606e+01     3.7390      3.653      5.299    15.7868 0.0000e+00
      3.690     -0.163     0.4634     12.432     79.417  65.647130    42.5700     4.3504     0.1278     1.8189 1.5671e+01     4.8569      3.618      5.248    15.9517 0.0000e+00
      3.650     -0.178     0.6256     14.243     78.072  64.622373    38.8800     4.3237     0.1278     1.6497 1.5973e+01     5.0381      3.580      5.192    16.0900 0.0000e+00
      3.606     -0.197     0.8165     15.752     75.958  62.985308    38.8800     4.3465     0.1278     1.6497 1.6370e+01     4.9928      3.536      5.128    16.2028 0.0000e+00
      3.553     -0.219     1.0191     16.926     73.045  60.744275    38.8800     4.3275     0.1278     1.6497 1.7473e+01     4.9777      3.485      5.054    16.2857 0.0000e+00
      3.493     -0.239     1.2151     17.857     69.508  58.051735    38.8800     3.6523     0.1278     1.6497 1.9619e+01     4.2828      3.425      4.968    16.3506 0.0000e+00
      3.425     -0.256     1.3906     18.782     65.611  55.109170    38.8800     3.6561     0.1278     1.6497 2.2448e+01     4.3130      3.359      4.872    16.4155 0.0000e+00
      3.354     -0.267     1.5351     20.043     61.667  52.148962    35.9100     3.6599     0.1278     1.5228 2.5079e+01     4.1469      3.289      4.770    16.5044 0.0000e+00
      3.281     -0.274     1.6442     22.003     58.097  49.494271    35.9100     3.6713     0.1278     1.5228 2.7637e+01     4.2375      3.217      4.666    16.6428 0.0000e+00
      3.209     -0.278     1.7266     24.964     55.183  47.354218    35.9100     2.8512     0.1278     1.5228 2.9448e+01     3.0441      3.147      4.565    16.8423 0.0000e+00
      3.140     -0.282     1.8050     29.098     52.753  45.564780    35.9100     2.8435     0.1278     1.5228 2.9769e+01     3.0441      3.079      4.466    17.0985 0.0000e+00
      3.071     -0.286     1.9126     34.407     50.385  43.762390    36.4500     2.8588     0.1278     1.6074 3.0147e+01     2.9837      3.012      4.368    17.3957 0.0000e+00
      3.000     -0.291     2.0845     40.684     47.760  41.693603    36.4500     2.8626     0.1278     1.6074 3.2304e+01     2.9837      2.942      4.267    17.7101 0.0000e+00
      2.924     -0.296     2.3493     47.537     45.159  39.627759    36.4500     2.3018     0.1278     1.6074 3.6651e+01     2.3643      2.868      4.159    18.0133 0.0000e+00
      2.845     -0.300     2.7233     54.508     43.089  38.014253    36.4500     2.3095     0.1278     1.6074 4.3251e+01     2.3341      2.790      4.046    18.2836 0.0000e+00
      2.765     -0.304     3.2058     61.213     41.665  36.936851    31.6800     2.3095     0.0852     1.2690 4.7829e+01     2.3341      2.711      3.932    18.5182 0.0000e+00
      2.686     -0.307     3.7758     67.418     40.745  36.259657    31.6800     2.3095     0.0852     1.2690 4.9028e+01     2.3492      2.635      3.821    18.7346 0.0000e+00
      2.610     -0.309     4.3948     72.995     40.091  35.776193    31.6800     1.9432     0.0852     1.2690 4.8837e+01     1.6694      2.560      3.713    18.9553 0.0000e+00
      2.534     -0.313     5.0202     77.824     39.433  35.257934    31.6800     1.9165     0.0852     1.2690 5.3018e+01     1.6694      2.485      3.604    19.1780 0.0000e+00
      2.455     -0.320     5.6196     81.771     38.621  34.584606    31.6800     1.9700     0.0852     1.2690 6.1260e+01     1.6543      2.407      3.492    19.3768 0.0000e+00
      2.373     -0.330     6.1744     84.745     37.614  33.732036    25.2000     1.9432     0.0852     1.1421 6.3112e+01     1.6694      2.327      3.376    19.5324 0.0000e+00
      2.289     -0.343     6.6742     86.741     36.422  32.715897    25.2000     1.8212     0.0852     1.1421 6.4737e+01     1.9111      2.245      3.256    19.6440 0.0000e+00
      2.201     -0.355     7.1073     87.858     35.160  31.645668    25.2000     1.8097     0.0852     1.1421 7.4622e+01     1.9866      2.158      3.130    19.7244 0.0000e+00
      2.107     -0.366     7.4601     88.288     33.917  30.598465    25.2000     1.8212     0.0852     1.1421 8.3368e+01     1.8809      2.067      2.997    19.7907 0.0000e+00
      2.010     -0.372     7.7230     88.283     32.763  29.635601    24.9300     1.8135     0.0852     1.0575 9.6622e+01     1.9413      1.971      2.858    19.8562 0.0000e+00
      1.910     -0.375     7.8943     88.152     31.869  28.902599    24.9300     1.8250     0.0852     1.0575 1.1425e+02     1.6845      1.873      2.716    19.9310 0.0000e+00
      1.811     -0.375     7.9826     88.198     31.274  28.429029    24.9300     1.8288     0.0852     1.0575 1.2736e+02     1.6241      1.776      2.576    20.0218 0.0000e+00
      1.716     -0.375     8.0053     88.614     30.892  28.130429    24.9300     1.8212     0.0852     1.0575 1.3953e+02     1.6392      1.683      2.441    20.1286 0.0000e+00
      1.624     -0.374     7.9867     89.427     30.625  27.921199    24.2100     1.7983     0.0852     0.9729 1.3397e+02     1.6694      1.593      2.310    20.2458 0.0000e+00
      1.533     -0.374     7.9568     90.512     30.360  27.701735    24.2100     1.7411     0.0852     0.9729 1.3061e+02     1.7298      1.503      2.180    20.3614 0.0000e+00
