Data/DataNotYetUploadedToEDI/Raw_CTD/RawDownloads/100724_bvr50_S8188001.cnv
* Sea-Bird SBE19plus  Data File:
* FileName = C:\R\Reservoirs\Data\DataNotYetUploadedToEDI\Raw_CTD\RawDownloads\100724_bvr50_S8188_0001.hex
* Software version 2.8.0.119
* Temperature SN = 8188
* Conductivity SN = 8188
* System UpLoad Time = Oct 24 2024 12:37:32
* <ApplicationData>
* <Seaterm232>
# nquan = 16
# nvalues = 1392                        
# units = specified
# name 0 = depFM: Depth [fresh water, m]
# name 1 = dz/dtM: Descent Rate [m/s]
# name 2 = sbeox0Mg/L: Oxygen, SBE 43 [mg/l]
# name 3 = sbeox0PS: Oxygen, SBE 43 [% saturation]
# name 4 = specc: Specific Conductance [uS/cm]
# name 5 = c0uS/cm: Conductivity [uS/cm]
# name 6 = wetCDOM: Fluorescence, WET Labs CDOM [mg/m^3]
# name 7 = flECO-AFL: Fluorescence, WET Labs ECO-AFL/FL [mg/m^3]
# name 8 = flECO-AFL1: Fluorescence, WET Labs ECO-AFL/FL, 2 [mg/m^3]
# name 9 = flECO-AFL2: Fluorescence, WET Labs ECO-AFL/FL, 3 [mg/m^3]
# name 10 = par/sat/log: PAR/Logarithmic, Satlantic
# name 11 = turbWETntu0: Turbidity, WET Labs ECO [NTU]
# name 12 = prdM: Pressure, Strain Gauge [db]
# name 13 = prdE: Pressure, Strain Gauge [psi]
# name 14 = tv290C: Temperature [ITS-90, deg C]
# name 15 = flag:  0.000e+00
# span 0 =     -0.738,      9.510       
# span 1 =     -0.388,      0.153       
# span 2 =    -0.9067,     9.3727       
# span 3 =     -9.864,    105.060       
# span 4 =     11.229,    232.340       
# span 5 =  10.301755, 164.354220       
# span 6 =    -4.5000,    76.3200       
# span 7 =    -1.2497,    14.6502       
# span 8 =    -2.1300,     4.2600       
# span 9 =    -4.6953,     3.2148       
# span 10 = 1.1590e-01, 1.8692e+03      
# span 11 =    -1.0346,    39.4808      
# span 12 =     -0.724,      9.326      
# span 13 =     -1.050,     13.527      
# span 14 =    10.3659,    21.0038      
# span 15 = 0.0000e+00, 0.0000e+00      
# interval = seconds: 0.25
# start_time = Oct 07 2024 10:16:18 [Instrument's time stamp, header]
# bad_flag = -9.990e-29
*END*
     -0.738      0.035     9.1591    100.827     11.734  10.626958    -4.5000    -0.2312    -2.1300    -2.0304 2.4342e+02    -1.0346     -0.724     -1.050    20.0629 0.0000e+00
     -0.729      0.045     9.1558    100.833     15.457  14.016808    -4.5000    -0.2464    -2.1300    -2.0304 2.4597e+02    -1.0044     -0.715     -1.037    20.0734 0.0000e+00
     -0.718      0.058     9.1518    100.850     20.422  18.547022    -4.5000    -0.2541    -2.1300    -2.0304 2.3715e+02    -0.9440     -0.704     -1.020    20.0883 0.0000e+00
     -0.703      0.072     9.1472    100.880     25.115  22.852316     0.0000     0.2152     0.0000     0.2538 2.1873e+02     1.5939     -0.689     -0.999    20.1092 0.0000e+00
     -0.683      0.088     9.1414    100.929     28.163  25.676039     0.0000     0.2304     0.0000     0.2538 2.7737e+02     1.4428     -0.670     -0.972    20.1405 0.0000e+00
     -0.659      0.104     9.1326    101.004     29.573  27.010568     0.0000     0.2457     0.0000     0.2538 4.4885e+02     1.4881     -0.646     -0.937    20.1919 0.0000e+00
     -0.629      0.119     9.1188    101.113     30.049  27.490603     0.0000     0.2686     0.0000     0.2538 6.9378e+02     1.5637     -0.616     -0.894    20.2763 0.0000e+00
     -0.595      0.132     9.1009    101.275     30.111  27.584709     0.0000     0.8103     0.0000     0.2538 8.0846e+02     2.1377     -0.583     -0.846    20.3903 0.0000e+00
     -0.558      0.142     9.0837    101.506     29.988  27.503186     0.0000     0.8217     4.2600    -4.6953 8.9016e+02     2.0924     -0.548     -0.794    20.5106 0.0000e+00
     -0.520      0.149     9.0710    101.820     29.820  27.373645     0.0000     0.8370     4.2600    -4.6953 1.0698e+03     2.1075     -0.510     -0.739    20.6185 0.0000e+00
     -0.480      0.153     9.0646    102.222     29.693  27.275047     0.0000     0.8446     4.2600    -4.6953 1.3495e+03     2.1981     -0.470     -0.682    20.7096 0.0000e+00
     -0.439      0.153     9.0657    102.708     29.641  27.238846     0.0000     1.0239     4.2600    -4.6953 1.5757e+03     1.4579     -0.430     -0.624    20.7843 0.0000e+00
     -0.398      0.149     9.0759    103.257     29.676  27.279285    12.6900     1.0430     1.1502    -3.7647 1.7065e+03     1.4428     -0.390     -0.566    20.8432 0.0000e+00
     -0.359      0.143     9.0960    103.824     29.757  27.357365    12.6900     1.0506     1.1502    -3.7647 1.7181e+03     1.3673     -0.352     -0.511    20.8877 0.0000e+00
     -0.323      0.134     9.1261    104.350     29.792  27.390360    12.6900     1.0010     1.1502    -3.7647 1.6655e+03     1.4126     -0.316     -0.459    20.9198 0.0000e+00
     -0.289      0.123     9.1656    104.774     29.753  27.353220    12.6900     1.1879     1.1502    -3.7647 1.6184e+03     1.3975     -0.283     -0.411    20.9416 0.0000e+00
     -0.258      0.110     9.2122    105.030     29.650  27.255951    21.8700     1.2146     0.1278     0.6768 1.0324e+03     1.4126     -0.253     -0.368    20.9552 0.0000e+00
     -0.232      0.098     9.2615    105.060     29.496  27.114432    21.8700     1.1879     0.1278     0.6768 9.9751e+02     1.4277     -0.227     -0.330    20.9620 0.0000e+00
     -0.210      0.086     9.3083    104.814     29.341  26.972566    21.8700     1.1727     0.1278     0.6768 6.9017e+02     1.4730     -0.205     -0.298    20.9634 0.0000e+00
     -0.190      0.075     9.3465    104.228     29.218  26.862217    21.8700     1.2451     0.1278     0.6768 1.1251e+03     1.6996     -0.187     -0.271    20.9611 0.0000e+00
     -0.174      0.067     9.3699    103.166     29.129  26.783827    21.9600     1.2642     0.0852     0.6345 1.5978e+03     1.6996     -0.170     -0.247    20.9580 0.0000e+00
     -0.159      0.060     9.3727    101.387     29.075  26.736404    21.9600     1.2642     0.0852     0.6345 1.3411e+03     1.6090     -0.155     -0.225    20.9571 0.0000e+00
     -0.145      0.055     9.3504     98.674     29.049  26.715268    21.9600     1.2871     0.0852     0.6345 7.7931e+02     1.6543     -0.142     -0.206    20.9593 0.0000e+00
     -0.132      0.052     9.2974     95.057     29.034  26.702834    21.9600     1.3329     0.0852     0.6345 7.2712e+02     1.4730     -0.129     -0.187    20.9636 0.0000e+00
     -0.119      0.050     9.2017     90.841     29.025  26.695788    21.9600     1.3291     0.0852     0.6345 4.7463e+02     1.3673     -0.117     -0.170    20.9686 0.0000e+00
     -0.107      0.049     9.0422     86.445     29.022  26.694241    22.0500     1.3291     0.0852     0.7614 5.6659e+02     1.4428     -0.105     -0.153    20.9734 0.0000e+00
     -0.095      0.050     8.7996     82.298     29.023  26.695789    22.0500     1.3024     0.0852     0.7614 6.4591e+02     1.5486     -0.094     -0.136    20.9775 0.0000e+00
     -0.083      0.053     8.4765     78.792     29.039  26.710802    22.0500     1.2757     0.0852     0.7614 7.1056e+02     1.6694     -0.082     -0.118    20.9807 0.0000e+00
     -0.070      0.057     8.1001     76.223     29.062  26.731335    22.0500     1.2490     0.0852     0.7614 7.1926e+02     1.7298     -0.069     -0.100    20.9832 0.0000e+00
     -0.056      0.061     7.7079     74.704     29.066  26.734988    22.0500     1.2451     0.0852     0.5922 4.8033e+02     1.6543     -0.055     -0.079    20.9848 0.0000e+00
     -0.039      0.063     7.3380     74.111     29.043  26.712778    22.0500     1.2719     0.0852     0.5922 1.0159e+03     1.6845     -0.038     -0.055    20.9857 0.0000e+00
     -0.020      0.064     7.0254     74.134     28.995  26.668737    22.0500     1.3939     0.0852     0.5922 3.3539e+02     1.6996     -0.020     -0.029    20.9859 0.0000e+00
     -0.001      0.062     6.7963     74.434     28.937  26.615017    22.0500     1.3787     0.0852     0.5922 2.5606e+02     1.6543     -0.001     -0.002    20.9856 0.0000e+00
      0.016      0.057     6.6610     74.727     28.880  26.563178    22.2300     1.3863     0.0852     0.7614 4.3295e+02     1.7903      0.015      0.022    20.9849 0.0000e+00
      0.030      0.050     6.6082     74.822     28.831  26.519308    22.2300     1.3748     0.0852     0.7614 2.5964e+02     1.7601      0.029      0.042    20.9841 0.0000e+00
      0.041      0.043     6.6103     74.647     28.796  26.487639    22.2300     1.5084     0.0852     0.7614 2.7605e+02     1.5335      0.040      0.058    20.9836 0.0000e+00
      0.050      0.035     6.6370     74.252     28.778  26.471673    22.2300     1.4931     0.0852     0.7614 5.9757e+02     1.4579      0.049      0.071    20.9838 0.0000e+00
      0.057      0.028     6.6631     73.793     28.769  26.463169    22.4100     1.4931     0.0852     0.6345 3.6545e+02     1.4277      0.056      0.081    20.9846 0.0000e+00
      0.063      0.022     6.6714     73.457     28.752  26.447912    22.4100     1.5084     0.0852     0.6345 3.6976e+02     1.3975      0.062      0.090    20.9857 0.0000e+00
      0.068      0.017     6.6556     73.359     28.727  26.425816    22.4100     1.3710     0.0852     0.6345 4.4092e+02     1.6845      0.067      0.097    20.9868 0.0000e+00
      0.072      0.013     6.6203     73.476     28.706  26.406918    22.4100     1.3901     0.0852     0.6345 3.5550e+02     1.7449      0.070      0.102    20.9877 0.0000e+00
      0.074      0.009     6.5793     73.706     28.696  26.398128    22.4100     1.3863     0.0852     0.6345 5.1739e+02     1.6090      0.073      0.106    20.9883 0.0000e+00
      0.076      0.006     6.5493     73.939     28.695  26.397099    22.1400     1.3787     0.0852     0.7614 3.8093e+02     1.7147      0.074      0.108    20.9889 0.0000e+00
      0.076      0.003     6.5405     74.089     28.697  26.399576    22.1400     1.5084     0.0852     0.7614 5.5658e+02     1.7449      0.075      0.109    20.9896 0.0000e+00
      0.077      0.001     6.5508     74.118     28.704  26.406220    22.1400     1.5007     0.0852     0.7614 8.2784e+02     1.6543      0.075      0.109    20.9904 0.0000e+00
      0.077     -0.002     6.5712     74.040     28.709  26.410836    22.1400     1.5503     0.0852     0.7614 3.8384e+02     1.6543      0.075      0.109    20.9912 0.0000e+00
      0.076     -0.004     6.5918     73.912     28.708  26.410675    22.3200     1.4931     0.0852     0.7191 9.3639e+02     1.6543      0.075      0.108    20.9919 0.0000e+00
      0.075     -0.007     6.6051     73.813     28.711  26.413657    22.3200     1.3558     0.0852     0.7191 4.1544e+02     1.4277      0.074      0.107    20.9924 0.0000e+00
      0.073     -0.009     6.6077     73.797     28.719  26.420577    22.3200     1.3405     0.0852     0.7191 7.5859e+02     1.4579      0.072      0.104    20.9928 0.0000e+00
      0.071     -0.012     6.6007     73.861     28.724  26.425316    22.3200     1.3176     0.0852     0.7191 5.4604e+02     1.5335      0.069      0.100    20.9932 0.0000e+00
      0.067     -0.014     6.5892     73.983     28.720  26.421174    22.3200     1.3329     0.0852     0.6768 3.0954e+02     1.4881      0.066      0.095    20.9935 0.0000e+00
      0.062     -0.016     6.5804     74.137     28.709  26.411029    22.3200     1.2566     0.0852     0.6768 9.4620e+02     1.4277      0.061      0.089    20.9937 0.0000e+00
      0.057     -0.016     6.5789     74.271     28.702  26.404121    22.3200     1.2642     0.0852     0.6768 8.5323e+02     1.4579      0.056      0.082    20.9935 0.0000e+00
      0.053     -0.016     6.5847     74.317     28.700  26.402591    22.3200     1.2604     0.0852     0.6768 7.0029e+02     1.5335      0.052      0.075    20.9933 0.0000e+00
      0.048     -0.016     6.5956     74.229     28.704  26.406031    22.3200     1.2566     0.0852     0.7614 3.4008e+02     1.4277      0.048      0.069    20.9932 0.0000e+00
      0.045     -0.015     6.6093     74.048     28.714  26.415359    22.3200     1.3176     0.0852     0.7614 3.1655e+02     1.4881      0.044      0.064    20.9930 0.0000e+00
      0.041     -0.012     6.6214     73.902     28.733  26.433062    22.3200     1.3405     0.0852     0.7614 2.3658e+02     1.5032      0.041      0.059    20.9926 0.0000e+00
      0.038     -0.008     6.6255     73.943     28.763  26.459879    22.3200     1.3291     0.0852     0.7614 3.0867e+02     1.4277      0.037      0.054    20.9920 0.0000e+00
      0.034     -0.004     6.6178     74.277     28.797  26.491014    22.3200     1.3024     0.0852     0.7614 2.5023e+02     1.4579      0.034      0.049    20.9918 0.0000e+00
      0.033      0.000     6.6016     74.942     28.824  26.514856    22.5900     1.3100     0.0426     0.7191 5.2441e+02     1.4277      0.033      0.048    20.9920 0.0000e+00
      0.035      0.004     6.5886     75.903     28.838  26.525818    22.5900     1.3329     0.0426     0.7191 2.7876e+02     1.4881      0.035      0.050    20.9923 0.0000e+00
      0.038      0.008     6.5922     77.046     28.845  26.530803    22.5900     1.3062     0.0426     0.7191 2.3140e+02     1.5486      0.038      0.055    20.9921 0.0000e+00
      0.042      0.010     6.6221     78.190     28.846  26.531142    22.5900     1.3214     0.0426     0.7191 2.7967e+02     1.3824      0.042      0.060    20.9910 0.0000e+00
      0.045      0.012     6.6816     79.117     28.832  26.518961    22.4100     1.4435     0.0852     0.7191 2.7006e+02     1.4730      0.044      0.064    20.9889 0.0000e+00
      0.047      0.013     6.7678     79.613     28.805  26.494992    22.4100     1.4473     0.0852     0.7191 2.2642e+02     1.4428      0.047      0.068    20.9861 0.0000e+00
      0.050      0.014     6.8700     79.538     28.775  26.468775    22.4100     1.4283     0.0852     0.7191 2.5461e+02     1.4277      0.049      0.071    20.9837 0.0000e+00
      0.053      0.016     6.9721     78.880     28.749  26.445265    22.4100     1.4664     0.0852     0.7191 2.5897e+02     1.4881      0.052      0.076    20.9829 0.0000e+00
      0.058      0.019     7.0546     77.743     28.732  26.430140    22.4100     1.3863     0.0426     0.7614 2.8712e+02     1.6241      0.057      0.082    20.9836 0.0000e+00
      0.063      0.022     7.0986     76.295     28.728  26.427332    22.4100     1.3977     0.0426     0.7614 4.7587e+02     1.6241      0.062      0.090    20.9851 0.0000e+00
      0.070      0.025     7.0917     74.729     28.733  26.432109    22.4100     1.4054     0.0426     0.7614 4.7401e+02     1.7449      0.068      0.099    20.9869 0.0000e+00
      0.077      0.025     7.0329     73.215     28.740  26.437780    22.4100     1.3863     0.0426     0.7614 2.1959e+02     1.6845      0.076      0.110    20.9885 0.0000e+00
      0.085      0.024     6.9313     71.883     28.740  26.437893    22.4100     1.4435     0.0426     0.7614 5.8574e+02     1.3975      0.083      0.121    20.9897 0.0000e+00
      0.092      0.022     6.8021     70.808     28.735  26.432477    22.5900     1.4435     0.1278     0.7191 3.3299e+02     1.5183      0.090      0.131    20.9903 0.0000e+00
      0.098      0.018     6.6625     70.008     28.730  26.428054    22.5900     1.4283     0.1278     0.7191 4.6081e+02     1.3975      0.096      0.139    20.9904 0.0000e+00
      0.102      0.013     6.5275     69.462     28.729  26.427427    22.5900     1.4588     0.1278     0.7191 7.0288e+02     1.5486      0.100      0.145    20.9900 0.0000e+00
      0.104      0.009     6.4089     69.120     28.732  26.430428    22.5900     1.4016     0.1278     0.7191 7.7005e+02     1.4428      0.102      0.147    20.9894 0.0000e+00
      0.104      0.005     6.3131     68.909     28.745  26.441840    22.5000     1.3710     0.0852     0.8460 3.1347e+02     1.5486      0.102      0.148    20.9892 0.0000e+00
      0.104      0.004     6.2417     68.752     28.770  26.464706    22.5000     1.3939     0.0852     0.8460 2.8433e+02     1.5032      0.102      0.148    20.9893 0.0000e+00
      0.104      0.004     6.1930     68.581     28.799  26.489195    22.5000     1.3596     0.0852     0.8460 6.3561e+02     1.4277      0.102      0.148    20.9895 0.0000e+00
      0.105      0.005     6.1625     68.351     28.820  26.505907    22.5000     1.3443     0.0852     0.8460 4.3304e+02     1.4579      0.103      0.149    20.9896 0.0000e+00
      0.106      0.007     6.1438     68.055     28.829  26.511333    22.5000     1.3367     0.0852     0.6345 3.7129e+02     1.4428      0.104      0.151    20.9891 0.0000e+00
      0.109      0.008     6.1299     67.727     28.827  26.506920    22.5000     1.3138     0.0852     0.6345 3.8218e+02     1.4428      0.106      0.154    20.9878 0.0000e+00
      0.111      0.009     6.1150     67.409     28.825  26.503439    22.5000     1.3214     0.0852     0.6345 4.1616e+02     1.3673      0.109      0.158    20.9851 0.0000e+00
      0.114      0.009     6.0950     67.126     28.828  26.503944    22.5000     1.5351     0.0852     0.6345 4.7825e+02     1.6845      0.112      0.162    20.9808 0.0000e+00
      0.117      0.009     6.0692     66.889     28.830  26.504587    22.5900     1.4855     0.0426     0.6768 3.8493e+02     1.6241      0.115      0.166    20.9757 0.0000e+00
      0.120      0.007     6.0405     66.715     28.833  26.505539    22.5900     1.5236     0.0426     0.6768 4.9281e+02     1.6694      0.117      0.170    20.9709 0.0000e+00
      0.122      0.005     6.0127     66.642     28.831  26.503072    22.5900     1.5351     0.0426     0.6768 6.0911e+02     1.7903      0.119      0.173    20.9668 0.0000e+00
      0.123      0.004     5.9878     66.727     28.829  26.500511    22.5900     1.3672     0.0426     0.6768 5.1784e+02     1.4126      0.120      0.174    20.9635 0.0000e+00
      0.122      0.004     5.9670     67.032     28.839  26.509119    22.5900     1.3520     0.0426     0.6768 4.0211e+02     1.5183      0.120      0.173    20.9608 0.0000e+00
      0.122      0.005     5.9517     67.592     28.855  26.523227    22.5900     1.4092     0.0852     0.7614 4.6181e+02     1.4126      0.119      0.173    20.9588 0.0000e+00
