Data/DataNotYetUploadedToEDI/Raw_CTD/RawDownloads/100724_bvr50_S8188001.cnv
* Sea-Bird SBE19plus  Data File:
* FileName = C:\R\Reservoirs\Data\DataNotYetUploadedToEDI\Raw_CTD\RawDownloads\100724_bvr50_S8188_0001.hex
* Software version 2.8.0.119
* Temperature SN = 8188
* Conductivity SN = 8188
* System UpLoad Time = Oct 24 2024 12:37:32
* <ApplicationData>
* <Seaterm232>
# nquan = 16
# nvalues = 1392                        
# units = specified
# name 0 = depFM: Depth [fresh water, m]
# name 1 = dz/dtM: Descent Rate [m/s]
# name 2 = sbeox0Mg/L: Oxygen, SBE 43 [mg/l]
# name 3 = sbeox0PS: Oxygen, SBE 43 [% saturation]
# name 4 = specc: Specific Conductance [uS/cm]
# name 5 = c0uS/cm: Conductivity [uS/cm]
# name 6 = wetCDOM: Fluorescence, WET Labs CDOM [mg/m^3]
# name 7 = flECO-AFL: Fluorescence, WET Labs ECO-AFL/FL [mg/m^3]
# name 8 = flECO-AFL1: Fluorescence, WET Labs ECO-AFL/FL, 2 [mg/m^3]
# name 9 = flECO-AFL2: Fluorescence, WET Labs ECO-AFL/FL, 3 [mg/m^3]
# name 10 = par/sat/log: PAR/Logarithmic, Satlantic
# name 11 = turbWETntu0: Turbidity, WET Labs ECO [NTU]
# name 12 = prdM: Pressure, Strain Gauge [db]
# name 13 = prdE: Pressure, Strain Gauge [psi]
# name 14 = tv290C: Temperature [ITS-90, deg C]
# name 15 = flag:  0.000e+00
# span 0 =     -0.738,      9.510       
# span 1 =     -0.388,      0.153       
# span 2 =    -0.9067,     9.3727       
# span 3 =     -9.864,    105.060       
# span 4 =     11.229,    232.340       
# span 5 =  10.301755, 164.354220       
# span 6 =    -4.5000,    76.3200       
# span 7 =    -1.2497,    14.6502       
# span 8 =    -2.1300,     4.2600       
# span 9 =    -4.6953,     3.2148       
# span 10 = 1.1590e-01, 1.8692e+03      
# span 11 =    -1.0346,    39.4808      
# span 12 =     -0.724,      9.326      
# span 13 =     -1.050,     13.527      
# span 14 =    10.3659,    21.0038      
# span 15 = 0.0000e+00, 0.0000e+00      
# interval = seconds: 0.25
# start_time = Oct 07 2024 10:16:18 [Instrument's time stamp, header]
# bad_flag = -9.990e-29
*END*
[from data line 904]
      6.125      0.038     0.0920      0.813    132.679  97.636790    58.5000     1.9928     0.1278     0.5499 2.9729e-01     2.2132      6.007      8.712    11.8100 0.0000e+00
      6.134      0.033     0.0911      0.809    132.916  97.812926    58.5000     1.9738     0.1278     0.5499 3.0700e-01     2.2132      6.015      8.724    11.7995 0.0000e+00
      6.141      0.030     0.0901      0.807    133.212  98.030810    58.5000     2.0005     0.1278     0.5499 2.9491e-01     2.3190      6.022      8.735    11.7943 0.0000e+00
      6.148      0.027     0.0890      0.800    133.402  98.164704    58.5000     2.0043     0.1278     0.5499 2.8601e-01     2.3643      6.029      8.744    11.7921 0.0000e+00
      6.154      0.025     0.0880      0.794    133.410  98.160393    57.8700     1.9852     0.1278     0.5922 2.5667e-01     2.2737      6.035      8.753    11.7914 0.0000e+00
      6.160      0.024     0.0877      0.790    133.313  98.080671    57.8700     1.9890     0.1278     0.5922 2.7438e-01     2.3643      6.041      8.762    11.7921 0.0000e+00
      6.166      0.022     0.0874      0.786    133.125  97.942247    57.8700     2.0005     0.1278     0.5922 2.6220e-01     2.3492      6.047      8.770    11.7923 0.0000e+00
      6.172      0.021     0.0866      0.779    132.907  97.794130    57.8700     2.0081     0.1278     0.5922 2.9420e-01     2.4247      6.053      8.778    11.7900 0.0000e+00
      6.177      0.020     0.0859      0.772    132.865  97.782656    57.9600     2.0043     0.1278     0.5076 2.7438e-01     2.3643      6.058      8.786    11.7862 0.0000e+00
      6.182      0.019     0.0855      0.767    133.057  97.932743    57.9600     2.0195     0.1278     0.5076 2.5335e-01     2.4701      6.063      8.793    11.7832 0.0000e+00
      6.186      0.019     0.0851      0.763    133.313  98.116566    57.9600     1.9318     0.1278     0.5076 2.6004e-01     2.3039      6.067      8.799    11.7831 0.0000e+00
      6.191      0.019     0.0843      0.760    133.535  98.275239    57.9600     1.9204     0.1278     0.5076 2.7124e-01     2.2586      6.071      8.805    11.7878 0.0000e+00
      6.195      0.020     0.0836      0.756    133.715  98.413107    58.2300     1.9127     0.1704     0.5499 2.6541e-01     2.3643      6.076      8.812    11.7951 0.0000e+00
      6.201      0.021     0.0830      0.755    133.859  98.530966    58.2300     1.9356     0.1704     0.5499 2.7426e-01     2.3190      6.081      8.819    11.7984 0.0000e+00
      6.206      0.022     0.0826      0.759    133.978  98.630272    58.2300     2.0005     0.1704     0.5499 2.6837e-01     2.0622      6.086      8.827    11.7965 0.0000e+00
      6.212      0.023     0.0823      0.766    134.042  98.687549    58.2300     2.0081     0.1704     0.5499 2.5307e-01     2.1377      6.092      8.836    11.7948 0.0000e+00
      6.219      0.024     0.0819      0.774    133.996  98.666114    58.8600     2.0081     0.0852     0.5076 2.5028e-01     2.1075      6.098      8.845    11.7968 0.0000e+00
      6.225      0.024     0.0817      0.778    133.793  98.534273    58.8600     1.9967     0.0852     0.5076 2.5384e-01     2.1377      6.105      8.854    11.8013 0.0000e+00
      6.231      0.023     0.0821      0.777    133.420  98.286842    58.8600     1.9165     0.0852     0.5076 2.2349e-01     2.1226      6.111      8.863    11.8056 0.0000e+00
      6.237      0.022     0.0829      0.775    132.943  97.977740    58.8600     1.9280     0.0852     0.5076 1.9918e-01     2.1830      6.117      8.871    11.8096 0.0000e+00
      6.243      0.020     0.0838      0.774    132.476  97.686400    58.8600     1.9280     0.0852     0.5076 2.7036e-01     2.2737      6.122      8.879    11.8142 0.0000e+00
      6.247      0.019     0.0841      0.772    132.064  97.439041    58.5900     1.9432     0.1278     0.4653 2.2296e-01     2.1377      6.127      8.886    11.8208 0.0000e+00
      6.252      0.017     0.0840      0.767    131.722  97.239641    58.5900     1.9394     0.1278     0.4653 2.3505e-01     2.1075      6.131      8.892    11.8313 0.0000e+00
      6.256      0.016     0.0838      0.759    131.518  97.132939    58.5900     1.9661     0.1278     0.4653 2.2117e-01     2.2586      6.135      8.898    11.8471 0.0000e+00
      6.259      0.015     0.0837      0.750    131.438  97.104468    58.5900     1.9471     0.1278     0.4653 2.0798e-01     2.1377      6.138      8.903    11.8672 0.0000e+00
      6.263      0.014     0.0834      0.744    131.350  97.054722    57.9600     1.9394     0.1278     0.4653 1.9359e-01     2.1528      6.142      8.907    11.8885 0.0000e+00
      6.266      0.013     0.0828      0.740    131.240  96.980426    57.9600     1.9432     0.1278     0.4653 2.2589e-01     2.1679      6.145      8.912    11.9084 0.0000e+00
      6.269      0.014     0.0819      0.733    131.203  96.957680    57.9600     1.9394     0.1278     0.4653 2.6237e-01     2.1679      6.148      8.916    11.9250 0.0000e+00
      6.272      0.014     0.0810      0.723    131.250  96.994406    57.9600     1.9280     0.1278     0.4653 2.0862e-01     2.1377      6.151      8.921    11.9364 0.0000e+00
      6.276      0.015     0.0802      0.713    131.345  97.062431    58.2300     1.9432     0.1278     0.6345 2.4168e-01     2.2435      6.154      8.926    11.9423 0.0000e+00
      6.279      0.017     0.0798      0.709    131.504  97.171904    58.2300     1.9318     0.1278     0.6345 2.4710e-01     2.1679      6.158      8.931    11.9450 0.0000e+00
      6.284      0.019     0.0791      0.709    131.744  97.334035    58.2300     1.9585     0.1278     0.6345 1.9317e-01     2.1226      6.162      8.937    11.9467 0.0000e+00
      6.289      0.021     0.0779      0.708    132.055  97.540107    58.2300     1.9432     0.1278     0.6345 2.1113e-01     2.1075      6.167      8.944    11.9474 0.0000e+00
      6.294      0.023     0.0769      0.707    132.437  97.789121    57.6000     1.9471     0.1278     0.5076 2.0816e-01     2.2132      6.172      8.952    11.9466 0.0000e+00
      6.300      0.027     0.0765      0.710    132.925  98.105518    57.6000     1.9471     0.1278     0.5076 1.9677e-01     2.2737      6.178      8.961    11.9437 0.0000e+00
      6.307      0.030     0.0764      0.720    133.670  98.597649    57.6000     1.9318     0.1278     0.5076 2.0556e-01     2.2132      6.185      8.971    11.9381 0.0000e+00
      6.315      0.034     0.0763      0.735    134.711  99.288838    57.6000     1.9585     0.1278     0.5076 2.1149e-01     2.1075      6.193      8.982    11.9292 0.0000e+00
      6.324      0.038     0.0763      0.749    135.846 100.031681    57.6000     1.9471     0.1278     0.5076 1.9038e-01     2.1377      6.202      8.995    11.9168 0.0000e+00
      6.335      0.041     0.0766      0.760    137.019 100.798455    57.2400     1.8708     0.1704     0.4230 1.9042e-01     2.3492      6.212      9.010    11.9006 0.0000e+00
      6.346      0.044     0.0778      0.769    138.397 101.713691    57.2400     1.8631     0.1704     0.4230 1.8564e-01     2.3492      6.224      9.027    11.8796 0.0000e+00
      6.359      0.045     0.0795      0.772    139.924 102.723657    57.2400     1.8631     0.1704     0.4230 1.9669e-01     2.3341      6.236      9.044    11.8514 0.0000e+00
      6.371      0.045     0.0810      0.769    141.254 103.572021    57.2400     1.8631     0.1704     0.4230 1.7659e-01     2.1679      6.248      9.062    11.8172 0.0000e+00
      6.384      0.045     0.0823      0.765    142.257 104.185202    56.4300     1.8937     0.1278     0.4230 1.7934e-01     2.5909      6.260      9.079    11.7821 0.0000e+00
      6.395      0.043     0.0833      0.762    143.106 104.706718    56.4300     1.8822     0.1278     0.4230 1.6733e-01     2.6060      6.271      9.096    11.7469 0.0000e+00
      6.406      0.041     0.0837      0.757    143.895 105.201679    56.4300     1.8898     0.1278     0.4230 1.4722e-01     2.4701      6.282      9.111    11.7067 0.0000e+00
      6.416      0.039     0.0834      0.748    144.600 105.650152    56.4300     1.8708     0.1278     0.4230 1.4096e-01     2.6513      6.292      9.125    11.6612 0.0000e+00
      6.425      0.037     0.0831      0.739    145.266 106.085772    56.6100     1.8174     0.1278     0.4653 1.6700e-01     2.3945      6.301      9.138    11.6179 0.0000e+00
      6.434      0.036     0.0829      0.728    145.909 106.516757    56.6100     1.8212     0.1278     0.4653 1.5276e-01     2.3794      6.309      9.151    11.5823 0.0000e+00
      6.443      0.035     0.0823      0.716    146.519 106.930094    56.6100     1.7830     0.1278     0.4653 1.7336e-01     2.3039      6.318      9.163    11.5534 0.0000e+00
      6.451      0.036     0.0815      0.708    147.146 107.356043    56.6100     1.8288     0.1278     0.4653 1.2330e-01     2.3039      6.327      9.176    11.5301 0.0000e+00
      6.460      0.036     0.0805      0.702    147.789 107.786242    56.6100     1.8174     0.1278     0.4653 1.4697e-01     2.3945      6.335      9.188    11.5123 0.0000e+00
      6.469      0.038     0.0793      0.693    148.434 108.213462    56.7900     1.8059     0.1278     0.4653 1.1772e-01     2.2586      6.344      9.201    11.4989 0.0000e+00
      6.479      0.039     0.0780      0.684    149.076 108.637668    56.7900     1.8135     0.1278     0.4653 1.5306e-01     2.3341      6.354      9.215    11.4881 0.0000e+00
      6.489      0.041     0.0772      0.680    149.680 109.036030    56.7900     1.8288     0.1278     0.4653 1.4964e-01     2.5154      6.364      9.230    11.4771 0.0000e+00
      6.500      0.042     0.0765      0.677    150.252 109.412813    56.7900     1.8097     0.1278     0.4653 1.4710e-01     2.2737      6.374      9.245    11.4641 0.0000e+00
      6.511      0.044     0.0756      0.673    150.797 109.772521    56.9700     1.8937     0.0852     0.5076 1.1681e-01     2.3945      6.385      9.261    11.4495 0.0000e+00
      6.523      0.045     0.0747      0.671    151.299 110.103110    56.9700     1.8860     0.0852     0.5076 1.4877e-01     2.3794      6.397      9.277    11.4348 0.0000e+00
      6.535      0.045     0.0743      0.672    151.784 110.422754    56.9700     1.8670     0.0852     0.5076 1.1617e-01     2.3190      6.408      9.294    11.4206 0.0000e+00
      6.546      0.046     0.0740      0.675    152.257 110.736713    56.9700     1.8784     0.0852     0.5076 1.4713e-01     2.4247      6.420      9.311    11.4073 0.0000e+00
      6.558      0.046     0.0736      0.677    152.665 111.004741    56.7000     1.7525     0.1278     0.4230 1.4890e-01     2.6211      6.431      9.328    11.3949 0.0000e+00
      6.570      0.045     0.0734      0.677    152.996 111.218330    56.7000     1.7411     0.1278     0.4230 1.3172e-01     2.5305      6.443      9.345    11.3833 0.0000e+00
      6.582      0.044     0.0735      0.676    153.279 111.400445    56.7000     1.7868     0.1278     0.4230 1.1597e-01     2.5607      6.454      9.361    11.3725 0.0000e+00
      6.593      0.043     0.0737      0.677    153.514 111.551659    56.7000     1.7525     0.1278     0.4230 1.2005e-01     2.5909      6.466      9.377    11.3624 0.0000e+00
      6.604      0.041     0.0740      0.678    153.673 111.654306    56.4300     1.7373     0.1278     0.4230 1.2277e-01     2.6513      6.477      9.393    11.3530 0.0000e+00
      6.614      0.039     0.0740      0.677    153.745 111.699768    56.4300     1.7220     0.1278     0.4230 1.1605e-01     2.5607      6.487      9.408    11.3442 0.0000e+00
      6.624      0.038     0.0740      0.675    153.783 111.730159    56.4300     1.7449     0.1278     0.4230 1.2875e-01     2.5607      6.496      9.421    11.3363 0.0000e+00
      6.633      0.036     0.0740      0.679    153.878 111.811573    56.4300     1.7449     0.1278     0.4230 1.1638e-01     2.5758      6.505      9.434    11.3300 0.0000e+00
      6.642      0.036     0.0742      0.687    154.071 111.963721    56.4300     1.7525     0.1278     0.4230 1.2566e-01     2.5456      6.513      9.447    11.3257 0.0000e+00
      6.650      0.036     0.0741      0.692    154.316 112.143194    56.4300     1.7525     0.1278     0.4653 1.1615e-01     2.5909      6.522      9.459    11.3236 0.0000e+00
      6.659      0.038     0.0738      0.689    154.472 112.247879    56.4300     1.7868     0.1278     0.4653 1.1628e-01     2.5758      6.530      9.471    11.3246 0.0000e+00
      6.668      0.041     0.0743      0.683    154.482 112.245703    56.4300     1.7640     0.1278     0.4653 1.1610e-01     2.5607      6.539      9.484    11.3286 0.0000e+00
      6.678      0.044     0.0752      0.677    154.469 112.230066    56.4300     1.8135     0.1278     0.4653 1.1628e-01     2.3341      6.549      9.499    11.3325 0.0000e+00
      6.690      0.048     0.0757      0.670    154.607 112.322776    56.6100     1.8364     0.1278     0.4653 1.1607e-01     2.3039      6.561      9.515    11.3328 0.0000e+00
      6.703      0.052     0.0754      0.660    155.053 112.634538    56.6100     1.8288     0.1278     0.4653 1.1617e-01     2.3039      6.573      9.533    11.3300 0.0000e+00
      6.717      0.055     0.0747      0.652    155.850 113.190501    56.6100     1.8174     0.1278     0.4653 1.1620e-01     2.3945      6.587      9.553    11.3271 0.0000e+00
      6.732      0.057     0.0740      0.651    156.896 113.910960    56.6100     1.8021     0.1278     0.4653 1.1605e-01     2.5758      6.602      9.575    11.3251 0.0000e+00
      6.747      0.058     0.0732      0.654    157.987 114.646079    57.1500     1.7449     0.1278     0.5076 1.1620e-01     2.5607      6.617      9.597    11.3228 0.0000e+00
      6.763      0.058     0.0722      0.656    158.955 115.281916    57.1500     1.7411     0.1278     0.5076 1.1612e-01     2.5305      6.632      9.619    11.3189 0.0000e+00
      6.778      0.057     0.0714      0.653    159.854 115.862031    57.1500     1.7525     0.1278     0.5076 1.1620e-01     2.6211      6.647      9.640    11.3117 0.0000e+00
      6.792      0.055     0.0712      0.647    160.739 116.429117    57.1500     1.7449     0.1278     0.5076 1.1605e-01     2.3945      6.661      9.660    11.2994 0.0000e+00
      6.805      0.053     0.0716      0.646    161.500 116.910390    57.1500     1.7716     0.1278     0.5076 1.1600e-01     2.3341      6.674      9.679    11.2816 0.0000e+00
      6.818      0.051     0.0719      0.648    162.094 117.282181    56.3400     1.7640     0.0852     0.4653 1.1612e-01     2.2586      6.687      9.698    11.2605 0.0000e+00
      6.831      0.049     0.0716      0.648    162.668 117.651634    56.3400     1.7563     0.0852     0.4653 1.1605e-01     2.4701      6.699      9.716    11.2380 0.0000e+00
      6.843      0.047     0.0710      0.646    163.332 118.093263    56.3400     1.6915     0.0852     0.4653 1.1610e-01     2.4096      6.711      9.733    11.2149 0.0000e+00
      6.855      0.046     0.0709      0.648    163.987 118.532819    56.3400     1.6724     0.0852     0.4653 1.1610e-01     2.3341      6.722      9.750    11.1931 0.0000e+00
      6.866      0.045     0.0712      0.656    164.524 118.889493    55.8900     1.6953     0.1278     0.5076 1.1612e-01     2.5003      6.733      9.766    11.1750 0.0000e+00
      6.877      0.044     0.0712      0.666    164.979 119.190388    55.8900     1.6838     0.1278     0.5076 1.1615e-01     2.2737      6.744      9.781    11.1608 0.0000e+00
      6.888      0.044     0.0709      0.671    165.450 119.503740    55.8900     1.7449     0.1278     0.5076 1.1612e-01     2.4398      6.755      9.797    11.1491 0.0000e+00
      6.899      0.045     0.0712      0.674    165.966 119.849098    55.8900     1.7792     0.1278     0.5076 1.1597e-01     2.3794      6.766      9.813    11.1385 0.0000e+00
      6.911      0.046     0.0721      0.678    166.482 120.194534    55.3500     1.7601     0.1278     0.3807 1.1615e-01     2.2737      6.777      9.829    11.1290 0.0000e+00
