Data/DataNotYetUploadedToEDI/Raw_CTD/RawDownloads/100724_fcr50_S7809001.cnv
* Sea-Bird SBE19plus  Data File:
* FileName = C:\R\Reservoirs\Data\DataNotYetUploadedToEDI\Raw_CTD\RawDownloads\100724_fcr50_S7809_0001.hex
* Software version 2.8.0.119
* Temperature SN = 7809
* Conductivity SN = 7809
* System UpLoad Time = Oct 24 2024 12:50:23
* <ApplicationData>
* <Seaterm232>
# nquan = 15
# nvalues = 1404                        
# units = specified
# name 0 = depFM: Depth [fresh water, m]
# name 1 = dz/dtM: Descent Rate [m/s]
# name 2 = sbeox0Mg/L: Oxygen, SBE 43 [mg/l]
# name 3 = sbeox0PS: Oxygen, SBE 43 [% saturation]
# name 4 = specc: Specific Conductance [uS/cm]
# name 5 = c0uS/cm: Conductivity [uS/cm]
# name 6 = flECO-AFL: Fluorescence, WET Labs ECO-AFL/FL [mg/m^3]
# name 7 = ph: pH
# name 8 = orp: Oxidation Reduction Potential [mV]
# name 9 = par/sat/log: PAR/Logarithmic, Satlantic
# name 10 = turbWETntu0: Turbidity, WET Labs ECO [NTU]
# name 11 = prdM: Pressure, Strain Gauge [db]
# name 12 = prdE: Pressure, Strain Gauge [psi]
# name 13 = tv290C: Temperature [ITS-90, deg C]
# name 14 = flag:  0.000e+00
# span 0 =     -0.674,      6.648       
# span 1 =     -0.226,      0.211       
# span 2 =     0.1592,     9.7975       
# span 3 =      1.721,    111.133       
# span 4 =      1.429,     70.473       
# span 5 =   1.448055,  58.764854       
# span 6 =    -1.2349,    12.7695       
# span 7 =     -2.056,      8.309       
# span 8 =  -599.8314,   750.2148       
# span 9 = 1.2358e-01, 2.4523e+03       
# span 10 =    -1.3196,   156.9818      
# span 11 =     -0.661,      6.524      
# span 12 =     -0.958,      9.461      
# span 13 =    13.6633,    25.6975      
# span 14 = 0.0000e+00, 0.0000e+00      
# interval = seconds: 0.25
# start_time = Oct 07 2024 12:10:18 [Instrument's time stamp, header]
# bad_flag = -9.990e-29
*END*
[from data line 1157]
      5.016     -0.107     7.4258     71.632     69.877  54.201025     0.5390      7.662   233.9266 6.6106e-01    19.6556      4.907      7.117    13.7695 0.0000e+00
      5.002     -0.114     7.4193     71.601     69.884  54.206024     0.5280      7.662   233.9555 6.7061e-01    19.6506      4.902      7.110    13.7793 0.0000e+00
      4.994     -0.109     7.4186     71.561     69.861  54.191085     0.5364      7.662   234.4163 7.1691e-01    19.7009      4.907      7.117    13.7867 0.0000e+00
      4.965     -0.093     7.4210     71.539     69.803  54.147421     0.5565      7.662   234.8509 8.0988e-01    19.7507      4.879      7.077    13.7836 0.0000e+00
      4.915     -0.079     7.4156     71.546     69.775  54.122644     0.5550      7.661   234.9946 8.8827e-01    19.7071      4.816      6.984    13.7782 0.0000e+00
      4.876     -0.079     7.4155     71.533     69.810  54.145548     0.5345      7.660   235.0353 8.9708e-01    19.6511      4.764      6.909    13.7789 0.0000e+00
      4.874     -0.085     7.4081     71.490     69.847  54.170313     0.5250      7.658   234.9137 8.5632e-01    19.7226      4.772      6.921    13.7813 0.0000e+00
      4.888     -0.086     7.4039     71.451     69.846  54.168036     0.5325      7.658   234.9869 8.4855e-01    19.8895      4.804      6.967    13.7841 0.0000e+00
      4.881     -0.085     7.4094     71.436     69.861  54.181519     0.5578      7.658   235.4038 9.2914e-01    20.0293      4.803      6.966    13.7818 0.0000e+00
      4.837     -0.095     7.4082     71.446     69.892  54.206319     0.5730      7.657   235.4803 1.0521e+00    20.0808      4.748      6.887    13.7769 0.0000e+00
      4.783     -0.120     7.4025     71.455     69.903  54.213864     0.5575      7.655   234.9659 1.1192e+00    19.9992      4.675      6.781    13.7736 0.0000e+00
      4.754     -0.143     7.3983     71.445     69.895  54.209238     0.5375      7.654   234.7763 1.1182e+00    19.8277      4.652      6.748    13.7724 0.0000e+00
      4.740     -0.146     7.3958     71.445     69.896  54.213893     0.5400      7.654   235.1670 1.1698e+00    19.7496      4.661      6.759    13.7752 0.0000e+00
      4.704     -0.133     7.3983     71.501     69.881  54.206650     0.5625      7.654   235.8177 1.3418e+00    19.8071      4.629      6.713    13.7759 0.0000e+00
      4.642     -0.125     7.4003     71.587     69.854  54.185174     0.5758      7.654   235.8470 1.5113e+00    19.8736      4.544      6.590    13.7742 0.0000e+00
      4.595     -0.131     7.3987     71.653     69.887  54.208257     0.5595      7.653   235.0053 1.5484e+00    19.8358      4.488      6.508    13.7745 0.0000e+00
      4.584     -0.137     7.3943     71.691     69.918  54.231714     0.5403      7.653   234.5886 1.5203e+00    19.7261      4.495      6.520    13.7786 0.0000e+00
      4.578     -0.132     7.4012     71.696     69.893  54.214751     0.5511      7.653   234.8520 1.5836e+00    19.7084      4.504      6.533    13.7833 0.0000e+00
      4.541     -0.126     7.4135     71.681     69.863  54.193697     0.5742      7.653   235.3507 1.7769e+00    19.7930      4.464      6.475    13.7821 0.0000e+00
      4.481     -0.136     7.4192     71.650     69.830  54.167682     0.5868      7.652   235.6292 1.9497e+00    19.8606      4.384      6.360    13.7790 0.0000e+00
      4.437     -0.153     7.4252     71.598     69.814  54.154243     0.5783      7.652   235.3800 1.9878e+00    19.8432      4.336      6.289    13.7779 0.0000e+00
      4.419     -0.157     7.4234     71.537     69.817  54.158226     0.5545      7.651   235.1763 2.0288e+00    19.7528      4.340      6.295    13.7808 0.0000e+00
      4.389     -0.144     7.4216     71.492     69.806  54.152341     0.5573      7.651   235.6622 2.2205e+00    19.6908      4.321      6.268    13.7839 0.0000e+00
      4.329     -0.131     7.4196     71.475     69.800  54.146600     0.5873      7.651   236.4368 2.4366e+00    19.7078      4.241      6.150    13.7817 0.0000e+00
      4.279     -0.132     7.4134     71.455     69.810  54.152324     0.6095      7.651   236.4539 2.4970e+00    19.7535      4.177      6.059    13.7797 0.0000e+00
      4.263     -0.136     7.4062     71.415     69.818  54.158035     0.6253      7.652   235.8686 2.4845e+00    19.7649      4.178      6.061    13.7823 0.0000e+00
      4.255     -0.127     7.3994     71.366     69.806  54.152154     0.6287      7.652   236.1572 2.5746e+00    19.7430      4.186      6.071    13.7854 0.0000e+00
      4.220     -0.109     7.4003     71.322     69.791  54.144719     0.6089      7.651   237.4487 2.8081e+00    19.7285      4.151      6.019    13.7847 0.0000e+00
      4.165     -0.100     7.3989     71.254     69.772  54.131653     0.5939      7.651   238.1472 3.0281e+00    19.7603      4.077      5.914    13.7824 0.0000e+00
      4.127     -0.106     7.3947     71.154     69.760  54.121189     0.6059      7.651   237.8053 3.0530e+00    19.8199      4.030      5.846    13.7808 0.0000e+00
      4.121     -0.114     7.3875     71.062     69.791  54.145224     0.6210      7.650   237.4450 3.0015e+00    19.7999      4.041      5.861    13.7837 0.0000e+00
      4.120     -0.112     7.3840     70.986     69.816  54.168229     0.6343      7.650   237.7486 3.0779e+00    19.6544      4.051      5.876    13.7892 0.0000e+00
      4.094     -0.098     7.3787     70.918     69.778  54.145299     0.6592      7.650   238.1215 3.3117e+00    19.4956      4.027      5.840    13.7895 0.0000e+00
      4.041     -0.083     7.3641     70.838     69.742  54.122029     0.6719      7.651   238.0817 3.6044e+00    19.4526      3.965      5.751    13.7879 0.0000e+00
      3.991     -0.068     7.3566     70.750     69.765  54.140916     0.6789      7.652   237.8695 3.7325e+00    19.5440      3.896      5.652    13.7873 0.0000e+00
      3.976     -0.048     7.3475     70.673     69.819  54.183135     0.7032      7.652   237.3624 3.6350e+00    19.6439      3.885      5.635    13.7892 0.0000e+00
      3.992     -0.023     7.3410     70.574     69.823  54.187920     0.7327      7.652   236.7688 3.5182e+00    19.6359      3.918      5.683    13.7953 0.0000e+00
      4.008     -0.005     7.3323     70.426     69.748  54.135273     0.7367      7.652   236.7151 3.4696e+00    19.5833      3.935      5.707    13.7993 0.0000e+00
      4.013     -0.009     7.3206     70.240     69.718  54.118171     0.7176      7.651   236.9715 3.4436e+00    19.5208      3.935      5.709    13.7995 0.0000e+00
      4.014     -0.035     7.3157     70.034     69.781  54.171676     0.7348      7.649   236.2552 3.4468e+00    19.4265      3.937      5.710    13.7986 0.0000e+00
      4.009     -0.065     7.3060     69.815     69.820  54.210623     0.7938      7.647   234.7644 3.5321e+00    19.3652      3.937      5.710    13.7989 0.0000e+00
      3.986     -0.088     7.2896     69.606     69.795  54.208030     0.8324      7.646   234.0889 3.7735e+00    19.3602      3.922      5.687    13.8047 0.0000e+00
      3.938     -0.110     7.2677     69.370     69.758  54.203853     0.8357      7.644   234.1115 4.0575e+00    19.3318      3.863      5.603    13.8103 0.0000e+00
      3.893     -0.134     7.2479     69.081     69.732  54.223665     0.8664      7.642   233.5746 4.1679e+00    19.0906      3.803      5.516    13.8106 0.0000e+00
      3.873     -0.149     7.2213     68.818     69.705  54.257092     0.9377      7.640   232.2440 4.2037e+00    18.6985      3.795      5.504    13.8155 0.0000e+00
      3.854     -0.145     7.1995     68.563     69.671  54.290533     0.9815      7.638   231.2732 4.4721e+00    18.5530      3.796      5.506    13.8296 0.0000e+00
      3.803     -0.130     7.1770     68.164     69.614  54.310528     0.9970      7.637   231.0432 4.9777e+00    18.6297      3.739      5.425    13.8439 0.0000e+00
      3.737     -0.122     7.1351     67.494     69.529  54.308393     1.0330      7.634   230.9255 5.3093e+00    18.5331      3.648      5.292    13.8716 0.0000e+00
      3.702     -0.127     7.1019     66.495     69.488  54.328308     1.0761      7.632   230.4524 5.2738e+00    18.2046      3.613      5.240    13.9172 0.0000e+00
      3.702     -0.133     7.0772     65.133     69.467  54.360858     1.0934      7.631   229.6243 5.2065e+00    17.9366      3.635      5.271    13.9561 0.0000e+00
      3.698     -0.129     7.0337     63.444     69.428  54.384463     1.1178      7.631   228.8293 5.4138e+00    17.8895      3.641      5.281    14.0033 0.0000e+00
      3.659     -0.122     6.9567     61.519     69.395  54.423240     1.2122      7.630   228.5840 5.9067e+00    17.6357      3.602      5.225    14.0580 0.0000e+00
      3.594     -0.124     6.8524     59.526     69.315  54.448723     1.3439      7.630   228.6369 6.4084e+00    17.0192      3.518      5.103    14.0881 0.0000e+00
      3.540     -0.131     6.7053     57.666     69.180  54.438642     1.4043      7.629   228.0062 6.5878e+00    16.6180      3.454      5.009    14.1217 0.0000e+00
      3.521     -0.126     6.5224     55.977     69.082  54.428494     1.4013      7.629   226.8945 6.5755e+00    16.5084      3.450      5.004    14.1629 0.0000e+00
      3.513     -0.104     6.3155     54.385     69.063  54.453123     1.4074      7.629   225.9508 6.7453e+00    16.4798      3.455      5.013    14.2001 0.0000e+00
      3.488     -0.076     6.0891     52.815     69.043  54.482419     1.4779      7.629   225.9742 7.1317e+00    16.2375      3.427      4.970    14.2693 0.0000e+00
      3.452     -0.057     5.8901     51.293     68.965  54.465218     1.5969      7.628   226.6617 7.3950e+00    15.6632      3.377      4.897    14.3524 0.0000e+00
      3.432     -0.055     5.7136     49.951     68.915  54.435741     1.6557      7.628   226.6054 7.3494e+00    15.2752      3.355      4.866    14.4012 0.0000e+00
      3.436     -0.063     5.5532     48.799     68.937  54.443570     1.6475      7.627   225.7229 7.2140e+00    15.1668      3.369      4.887    14.4136 0.0000e+00
      3.444     -0.068     5.3898     47.745     68.994  54.496354     1.6312      7.627   224.8537 7.2047e+00    15.0701      3.383      4.905    14.4476 0.0000e+00
      3.435     -0.069     5.2188     46.819     69.040  54.565877     1.6246      7.626   224.7001 7.5037e+00    14.9938      3.382      4.905    14.5007 0.0000e+00
      3.396     -0.075     5.0837     46.175     69.000  54.585601     1.6342      7.625   224.8123 8.0772e+00    14.9961      3.338      4.842    14.4962 0.0000e+00
      3.348     -0.087     4.9738     45.844     68.876  54.544365     1.6480      7.624   224.3182 8.4045e+00    14.9948      3.268      4.740    14.4775 0.0000e+00
      3.324     -0.104     4.8658     45.685     68.769  54.511932     1.6242      7.623   223.0271 8.3566e+00    15.0814      3.250      4.714    14.4847 0.0000e+00
      3.322     -0.118     4.7585     45.530     68.700  54.511071     1.5632      7.622   221.6772 8.3528e+00    15.2575      3.265      4.734    14.5079 0.0000e+00
      3.312     -0.119     4.6882     45.290     68.650  54.534019     1.5179      7.622   220.9889 8.6344e+00    15.3471      3.258      4.726    14.5512 0.0000e+00
      3.274     -0.114     4.6567     44.970     68.649  54.598934     1.5174      7.622   220.7281 9.2713e+00    15.4131      3.223      4.675    14.5943 0.0000e+00
      3.213     -0.110     4.6432     44.541     68.639  54.660931     1.5405      7.622   219.9001 9.9589e+00    15.5435      3.147      4.564    14.6317 0.0000e+00
      3.163     -0.104     4.6284     43.964     68.516  54.648600     1.5485      7.623   217.9472 1.0187e+01    15.6935      3.082      4.470    14.6647 0.0000e+00
      3.148     -0.095     4.5961     43.263     68.321  54.576962     1.5383      7.623   216.3026 1.0114e+01    15.6898      3.083      4.471    14.7154 0.0000e+00
      3.149     -0.088     4.5605     42.475     68.136  54.493485     1.5258      7.623   216.0186 1.0117e+01    15.6008      3.093      4.486    14.7643 0.0000e+00
      3.145     -0.086     4.5157     41.594     67.936  54.401473     1.5228      7.623   216.1476 1.0224e+01    15.7450      3.087      4.477    14.8068 0.0000e+00
      3.129     -0.092     4.4487     40.631     67.763  54.353675     1.5350      7.623   215.1952 1.0572e+01    16.0335      3.076      4.462    14.8755 0.0000e+00
      3.094     -0.108     4.3688     39.630     67.680  54.360246     1.5481      7.623   213.3654 1.1183e+01    16.1503      3.040      4.409    14.9489 0.0000e+00
      3.047     -0.129     4.2876     38.621     67.540  54.290476     1.5405      7.623   212.0926 1.1754e+01    16.0985      2.984      4.328    14.9835 0.0000e+00
      3.007     -0.146     4.1949     37.634     67.290  54.145239     1.5336      7.624   210.9909 1.2057e+01    15.9536      2.940      4.264    15.0217 0.0000e+00
      2.982     -0.149     4.0875     36.696     67.084  54.064965     1.7230      7.624   209.3369 1.2352e+01    15.2868      2.928      4.245    15.1095 0.0000e+00
      2.949     -0.141     3.9811     35.825     66.913  54.018597     2.1164      7.624   207.4946 1.3091e+01    14.1845      2.906      4.215    15.1713 0.0000e+00
      2.895     -0.136     3.8782     35.068     66.423  53.711734     2.3528      7.624   206.0100 1.3898e+01    13.5912      2.836      4.113    15.1808 0.0000e+00
      2.850     -0.141     3.7742     34.441     65.733  53.276119     2.3761      7.624   205.2393 1.4161e+01    13.4430      2.778      4.029    15.2169 0.0000e+00
      2.833     -0.146     3.6750     33.844     65.496  53.260719     2.4980      7.624   205.2309 1.4261e+01    12.9040      2.779      4.030    15.2934 0.0000e+00
      2.815     -0.139     3.5796     33.190     65.539  53.462290     2.7617      7.625   205.5652 1.4914e+01    12.0616      2.777      4.029    15.3649 0.0000e+00
      2.767     -0.127     3.4974     32.454     65.374  53.427297     2.9171      7.626   205.3231 1.5949e+01    11.6616      2.717      3.942    15.4212 0.0000e+00
      2.709     -0.124     3.4348     31.559     64.967  53.155270     2.9546      7.627   204.2825 1.6578e+01    11.6881      2.641      3.831    15.4967 0.0000e+00
      2.678     -0.133     3.3676     30.456     64.429  52.777044     3.0148      7.629   203.7376 1.6694e+01    11.5622      2.617      3.796    15.6589 0.0000e+00
      2.668     -0.138     3.2901     29.260     64.112  52.601052     3.0871      7.631   204.3271 1.6854e+01    11.1640      2.620      3.799    15.8103 0.0000e+00
      2.650     -0.129     3.2174     28.116     64.103  52.678584     3.1137      7.631   204.6997 1.7479e+01    10.8702      2.610      3.785    15.8663 0.0000e+00
      2.607     -0.115     3.1300     27.091     64.057  52.698523     3.1111      7.632   204.2850 1.8609e+01    10.8455      2.566      3.723    15.9066 0.0000e+00
      2.549     -0.108     3.0122     26.218     63.847  52.588193     3.2391      7.636   203.2708 1.9516e+01    10.5925      2.490      3.611    15.9446 0.0000e+00
      2.511     -0.108     2.8838     25.499     63.377  52.297222     3.4953      7.640   202.2450 1.9647e+01     9.9621      2.448      3.550    16.0149 0.0000e+00
      2.503     -0.105     2.7646     24.923     62.702  51.847646     3.6373      7.644   201.9494 1.9521e+01     9.5435      2.454      3.560    16.1019 0.0000e+00
      2.502     -0.094     2.6609     24.474     62.267  51.597681     3.6324      7.646   202.1063 1.9715e+01     9.4587      2.461      3.569    16.1279 0.0000e+00
      2.484     -0.078     2.5729     24.070     62.084  51.561096     3.5787      7.648   202.3347 2.0422e+01     9.5522      2.447      3.550    16.1612 0.0000e+00
      2.444     -0.066     2.4986     23.594     61.905  51.532451     3.5112      7.649   201.8711 2.1359e+01     9.7517      2.398      3.478    16.2564 0.0000e+00
      2.405     -0.056     2.4366     23.025     61.725  51.505477     3.4737      7.652   200.9750 2.1735e+01     9.8556      2.342      3.396    16.3420 0.0000e+00
