Data/DataNotYetUploadedToEDI/Raw_CTD/RawDownloads/100724_fcr50_S7809001.cnv
* Sea-Bird SBE19plus  Data File:
* FileName = C:\R\Reservoirs\Data\DataNotYetUploadedToEDI\Raw_CTD\RawDownloads\100724_fcr50_S7809_0001.hex
* Software version 2.8.0.119
* Temperature SN = 7809
* Conductivity SN = 7809
* System UpLoad Time = Oct 24 2024 12:50:23
* <ApplicationData>
* <Seaterm232>
# nquan = 15
# nvalues = 1404                        
# units = specified
# name 0 = depFM: Depth [fresh water, m]
# name 1 = dz/dtM: Descent Rate [m/s]
# name 2 = sbeox0Mg/L: Oxygen, SBE 43 [mg/l]
# name 3 = sbeox0PS: Oxygen, SBE 43 [% saturation]
# name 4 = specc: Specific Conductance [uS/cm]
# name 5 = c0uS/cm: Conductivity [uS/cm]
# name 6 = flECO-AFL: Fluorescence, WET Labs ECO-AFL/FL [mg/m^3]
# name 7 = ph: pH
# name 8 = orp: Oxidation Reduction Potential [mV]
# name 9 = par/sat/log: PAR/Logarithmic, Satlantic
# name 10 = turbWETntu0: Turbidity, WET Labs ECO [NTU]
# name 11 = prdM: Pressure, Strain Gauge [db]
# name 12 = prdE: Pressure, Strain Gauge [psi]
# name 13 = tv290C: Temperature [ITS-90, deg C]
# name 14 = flag:  0.000e+00
# span 0 =     -0.674,      6.648       
# span 1 =     -0.226,      0.211       
# span 2 =     0.1592,     9.7975       
# span 3 =      1.721,    111.133       
# span 4 =      1.429,     70.473       
# span 5 =   1.448055,  58.764854       
# span 6 =    -1.2349,    12.7695       
# span 7 =     -2.056,      8.309       
# span 8 =  -599.8314,   750.2148       
# span 9 = 1.2358e-01, 2.4523e+03       
# span 10 =    -1.3196,   156.9818      
# span 11 =     -0.661,      6.524      
# span 12 =     -0.958,      9.461      
# span 13 =    13.6633,    25.6975      
# span 14 = 0.0000e+00, 0.0000e+00      
# interval = seconds: 0.25
# start_time = Oct 07 2024 12:10:18 [Instrument's time stamp, header]
# bad_flag = -9.990e-29
*END*
     -0.673 5.4548e-16     7.3210     89.883      1.590   1.612315    -0.0907     -2.056   460.7364 1.7942e+03     1.3324     -0.660     -0.957    25.6975 0.0000e+00
     -0.673 6.0003e-15     7.3264     89.916      1.535   1.556462    -0.0989     -2.056   503.7877 7.7948e+02     1.3262     -0.661     -0.958    25.6957 0.0000e+00
     -0.673 6.6004e-14     7.3314     89.930      1.506   1.526728    -0.0944     -2.056   572.2641 1.9399e+02     1.3172     -0.660     -0.958    25.6941 0.0000e+00
     -0.674 7.2604e-13     7.3300     89.937      1.486   1.506165    -0.0940     -2.056   613.0981 1.2091e+02     1.1202     -0.661     -0.958    25.6929 0.0000e+00
     -0.674 7.9864e-12     7.3325     89.945      1.478   1.497863    -0.0943     -2.056   651.2006 1.1627e+02     0.7901     -0.661     -0.958    25.6914 0.0000e+00
     -0.673 8.7851e-11     7.3375     89.951      1.470   1.489693    -0.0978     -2.056   692.5001 1.1947e+02     0.6042     -0.659     -0.957    25.6904 0.0000e+00
     -0.673 9.6636e-10     7.3370     89.960      1.451   1.470723    -0.0954     -2.056   710.0418 1.2182e+02     0.6147     -0.660     -0.956    25.6892 0.0000e+00
     -0.673 1.0630e-08     7.3382     89.972      1.439   1.458514    -0.0817     -2.056   511.6531 1.1611e+02     0.7807     -0.661     -0.958    25.6881 0.0000e+00
     -0.673 1.1693e-07     7.3388     89.983      1.449   1.468757    -0.0657     -2.055   -18.7124 1.1982e+02     1.0057     -0.660     -0.957    25.6869 0.0000e+00
     -0.673      0.000     7.3394     89.990      1.449   1.467892    -0.0436     -2.048  -599.8314 3.1635e+02     1.1828     -0.660     -0.957    25.6857 0.0000e+00
     -0.673      0.000     7.3403     90.000      1.429   1.448055    -0.0468     -1.973  -516.1234 5.4442e+02     1.4877     -0.660     -0.958    25.6843 0.0000e+00
     -0.673      0.000     7.3414     89.991      1.463   1.482261    -0.3546     -1.145   199.7683 4.0252e+02     3.5307     -0.660     -0.957    25.6835 0.0000e+00
     -0.673      0.002     7.3432     89.981      1.986   2.008162    -0.9354      1.027   696.9304 1.6393e+02     7.1660     -0.660     -0.957    25.6820 0.0000e+00
     -0.673      0.009     7.3426     90.000      7.011   7.046578    -1.2349      3.758   750.2148 1.0209e+02     9.1297     -0.660     -0.957    25.6814 0.0000e+00
     -0.673      0.027     7.3452     90.047     18.872  18.802925    -1.1789      5.835   472.0768 1.1669e+02     9.2025     -0.660     -0.958    25.6793 0.0000e+00
     -0.673      0.059     7.3444     90.108     31.235  30.760955    -0.4753      6.847   222.9284 3.8893e+02     8.2861     -0.660     -0.957    25.6800 0.0000e+00
     -0.668      0.100     7.3408     90.171     38.268  37.245334     0.8055      7.244   183.4480 7.5563e+02     6.6238     -0.661     -0.958    25.6755 0.0000e+00
     -0.644      0.143     7.3458     90.567     40.428  38.970719     1.5143      7.479   168.0918 7.4962e+02     5.7738     -0.644     -0.934    25.6782 0.0000e+00
     -0.594      0.180     7.3972     91.398     40.628  38.868748     1.6035      7.630   160.5518 7.6416e+02     5.7968     -0.589     -0.854    25.2872 0.0000e+00
     -0.524      0.204     7.5374     92.093     40.710  38.740751     1.7922      7.730   155.0914 8.0091e+02     5.9455     -0.516     -0.748    24.3731 0.0000e+00
     -0.449      0.211     7.6343     92.583     40.859  38.755466     2.1232      7.795   149.5652 4.3765e+02     6.1023     -0.436     -0.632    23.6248 0.0000e+00
     -0.386      0.197     7.7159     93.109     41.054  38.856121     2.3008      7.831   143.5517 1.4670e+02     6.1559     -0.370     -0.537    23.1644 0.0000e+00
     -0.340      0.164     7.8873     93.530     41.212  38.942302     2.3256      7.845   139.5124 1.1685e+02     6.1838     -0.331     -0.480    22.7871 0.0000e+00
     -0.304      0.124     7.9760     93.759     41.295  38.972410     2.3481      7.849   138.4109 1.1362e+02     6.2348     -0.297     -0.429    22.5392 0.0000e+00
     -0.277      0.084     8.0227     93.852     41.324  38.966250     2.3901      7.845   138.4083 1.1353e+02     6.2260     -0.265     -0.384    22.4041 0.0000e+00
     -0.265      0.052     8.0980     93.811     41.376  38.994703     2.4581      7.837   137.8453 1.1332e+02     6.1804     -0.255     -0.370    22.3133 0.0000e+00
     -0.265      0.031     8.1462     93.611     41.454  39.062558     2.4956      7.828   136.3359 1.1366e+02     6.1608     -0.260     -0.378    22.2333 0.0000e+00
     -0.266      0.018     8.1726     93.325     41.538  39.152082     2.5108      7.818   134.8719 1.1534e+02     6.1943     -0.262     -0.380    22.1755 0.0000e+00
     -0.266      0.015     8.1861     93.129     41.633  39.252160     2.5337      7.806   133.9096 1.1726e+02     6.1755     -0.262     -0.379    22.1379 0.0000e+00
     -0.262      0.021     8.1904     93.164     41.566  39.193786     2.5391      7.796   133.0473 1.1780e+02     6.0352     -0.258     -0.374    22.1112 0.0000e+00
     -0.257      0.034     8.1704     93.305     41.380  39.017435     2.5265      7.790   132.3612 1.1711e+02     5.9326     -0.254     -0.368    22.1002 0.0000e+00
     -0.248      0.049     8.1383     93.439     41.321  38.960249     2.5063      7.785   132.4107 1.1646e+02     5.9259     -0.245     -0.355    22.1238 0.0000e+00
     -0.235      0.064     8.1081     93.606     41.371  39.010029     2.5033      7.782   133.0445 1.1807e+02     6.0228     -0.233     -0.337    22.1383 0.0000e+00
     -0.217      0.074     8.1200     93.796     41.335  38.984724     2.5238      7.782   133.6578 1.3689e+02     6.1817     -0.216     -0.313    22.1428 0.0000e+00
     -0.193      0.074     8.1383     93.981     41.181  38.844693     2.5290      7.781   133.2866 1.6002e+02     6.2079     -0.190     -0.276    22.1405 0.0000e+00
     -0.164      0.061     8.1434     94.052     41.050  38.713030     2.5078      7.778   132.0846 1.6722e+02     6.1339     -0.161     -0.233    22.1351 0.0000e+00
     -0.139      0.037     8.1632     93.731     40.940  38.598502     2.5087      7.774   132.4599 2.5278e+02     6.1077     -0.131     -0.189    22.1379 0.0000e+00
     -0.124      0.011     8.1729     92.511     40.805  38.475267     2.5485      7.766   134.4687 4.5688e+02     6.1300     -0.116     -0.168    22.1522 0.0000e+00
     -0.129     -0.009     8.1952     90.790     40.742  38.428723     2.5809      7.759   135.8953 6.3824e+02     6.1644     -0.119     -0.172    22.1681 0.0000e+00
     -0.154     -0.022     8.2034     89.915     40.799  38.479969     2.5842      7.754   136.6317 7.0839e+02     6.1821     -0.147     -0.214    22.1499 0.0000e+00
     -0.181     -0.025     8.2082     89.912     40.864  38.523755     2.5637      7.751   137.4352 7.3496e+02     6.1726     -0.188     -0.274    22.1251 0.0000e+00
     -0.189     -0.019     8.1013     89.661     40.874  38.513905     2.5332      7.750   139.0709 7.0432e+02     6.1184     -0.192     -0.278    22.1346 0.0000e+00
     -0.179     -0.006     7.8644     88.769     40.864  38.487753     2.5222      7.749   141.5240 5.8707e+02     6.0390     -0.174     -0.251    22.1663 0.0000e+00
     -0.169      0.007     7.7993     87.832     40.848  38.461367     2.5397      7.748   143.3492 5.1118e+02     5.9985     -0.165     -0.239    22.1620 0.0000e+00
     -0.163      0.014     7.8592     87.582     40.843  38.448691     2.5454      7.749   144.1889 5.0440e+02     5.9705     -0.159     -0.232    22.1305 0.0000e+00
     -0.161      0.013     7.8495     88.165     40.864  38.461396     2.5328      7.750   144.5359 5.2046e+02     6.0084     -0.157     -0.228    22.1059 0.0000e+00
     -0.161      0.008     7.7506     89.261     40.902  38.488049     2.5365      7.752   144.7058 5.3154e+02     6.1485     -0.158     -0.229    22.0846 0.0000e+00
     -0.160      0.004     7.6402     90.578     40.941  38.517102     2.5404      7.754   145.2960 5.3437e+02     6.2290     -0.157     -0.228    22.0726 0.0000e+00
     -0.159      0.001     7.6178     91.850     40.988  38.558837     2.5379      7.754   146.0792 5.3657e+02     6.1970     -0.156     -0.226    22.0647 0.0000e+00
     -0.159      0.001     7.6858     92.721     41.043  38.611909     2.5479      7.755   146.5177 5.9112e+02     6.1379     -0.156     -0.226    22.0554 0.0000e+00
     -0.159      0.001     7.7909     92.980     41.086  38.651131     2.5616      7.756   146.7266 7.9677e+02     6.1281     -0.156     -0.226    22.0430 0.0000e+00
     -0.159      0.001     7.9127     92.570     41.092  38.652307     2.5791      7.757   146.5401 1.0125e+03     6.1815     -0.157     -0.227    22.0316 0.0000e+00
     -0.159      0.001     8.0396     91.503     41.069  38.626122     2.6006      7.758   145.8113 1.0822e+03     6.2711     -0.156     -0.226    22.0304 0.0000e+00
     -0.159      0.005     8.1202     89.938     41.030  38.588362     2.6140      7.758   145.4003 1.0777e+03     6.2893     -0.156     -0.226    22.0343 0.0000e+00
     -0.159      0.013     8.1432     88.152     41.010  38.576497     2.6167      7.755   145.7872 1.0163e+03     6.1958     -0.156     -0.226    22.0333 0.0000e+00
     -0.158      0.023     8.1102     86.470     41.029  38.609596     2.6246      7.752   146.2733 8.7098e+02     6.1657     -0.155     -0.224    22.0256 0.0000e+00
     -0.155      0.030     8.0123     85.243     41.018  38.607830     2.6510      7.749   146.7178 8.2263e+02     6.1985     -0.156     -0.226    22.0201 0.0000e+00
     -0.143      0.035     7.8664     84.613     40.968  38.555156     2.6699      7.747   146.8591 9.7525e+02     6.2171     -0.146     -0.212    22.0163 0.0000e+00
     -0.122      0.035     7.7019     84.488     40.901  38.480381     2.6609      7.747   146.6921 1.0546e+03     6.2192     -0.117     -0.169    22.0208 0.0000e+00
     -0.107      0.032     7.5358     84.708     40.828  38.401751     2.6434      7.748   147.1927 9.8224e+02     6.1560     -0.100     -0.145    22.0503 0.0000e+00
     -0.103      0.025     7.4225     85.005     40.798  38.365929     2.6413      7.749   148.1807 9.4945e+02     6.1356     -0.101     -0.146    22.0654 0.0000e+00
     -0.102      0.016     7.3753     85.059     40.802  38.364530     2.6684      7.751   148.9152 8.9994e+02     6.1780     -0.101     -0.146    22.0519 0.0000e+00
     -0.102      0.007     7.3693     84.714     40.829  38.384829     2.6961      7.751   149.3621 8.1855e+02     6.1565     -0.101     -0.146    22.0343 0.0000e+00
     -0.102      0.002     7.3995     84.158     40.874  38.420989     2.6934      7.752   149.5396 7.9719e+02     6.1137     -0.100     -0.145    22.0211 0.0000e+00
     -0.102      0.001     7.4379     83.794     40.879  38.420989     2.6858      7.754   149.5988 8.4167e+02     6.1053     -0.100     -0.145    22.0135 0.0000e+00
     -0.102      0.001     7.4500     83.854     40.844  38.384818     2.7113      7.756   150.1637 8.5000e+02     6.0890     -0.100     -0.145    22.0067 0.0000e+00
     -0.101      0.001     7.4149     84.272     40.825  38.364393     2.7614      7.758   151.2937 7.2356e+02     6.0538     -0.100     -0.144    22.0003 0.0000e+00
     -0.101      0.001     7.3503     84.913     40.826  38.364393     2.7759      7.761   152.4211 5.8216e+02     5.9870     -0.100     -0.144    21.9943 0.0000e+00
     -0.101      0.001     7.3110     85.672     40.848  38.384818     2.7533      7.763   153.1259 5.0198e+02     5.8960     -0.099     -0.144    21.9890 0.0000e+00
     -0.101      0.000     7.3223     86.414     40.886  38.420980     2.7379      7.764   153.4479 4.6403e+02     5.8757     -0.099     -0.143    21.9845 0.0000e+00
     -0.101      0.000     7.3638     87.009     40.884  38.420874     2.7397      7.765   153.7341 4.7173e+02     5.9469     -0.099     -0.144    21.9811 0.0000e+00
     -0.101      0.000     7.4221     87.358     40.843  38.383548     2.7580      7.768   153.9181 4.8513e+02     6.0047     -0.099     -0.143    21.9790 0.0000e+00
     -0.101      0.001     7.4934     87.433     40.807  38.350418     2.7677      7.772   154.0380 5.0411e+02     5.9605     -0.099     -0.143    21.9783 0.0000e+00
     -0.101      0.003     7.5624     87.319     40.793  38.337595     2.7574      7.775   154.4090 6.1522e+02     5.9250     -0.099     -0.144    21.9794 0.0000e+00
     -0.100      0.005     7.6169     87.151     40.810  38.355411     2.7662      7.776   155.0494 8.0938e+02     6.0531     -0.099     -0.143    21.9820 0.0000e+00
     -0.099      0.007     7.6488     86.974     40.829  38.375468     2.7996      7.779   155.7577 9.4813e+02     6.2114     -0.098     -0.142    21.9849 0.0000e+00
     -0.096      0.007     7.6520     86.774     40.842  38.389736     2.8204      7.782   156.2624 9.6328e+02     6.2332     -0.094     -0.138    21.9855 0.0000e+00
     -0.092      0.007     7.6364     86.562     40.853  38.401009     2.8166      7.784   156.5922 9.1790e+02     6.1806     -0.089     -0.130    21.9845 0.0000e+00
     -0.090      0.006     7.6208     86.368     40.836  38.384847     2.8127      7.785   156.9051 8.9870e+02     6.1223     -0.087     -0.127    21.9864 0.0000e+00
     -0.090      0.005     7.6060     86.164     40.837  38.384692     2.8229      7.786   157.2062 9.7350e+02     6.0743     -0.088     -0.127    21.9908 0.0000e+00
     -0.090      0.003     7.5873     85.864     40.853  38.399135     2.8309      7.787   157.4806 1.0291e+03     6.0444     -0.088     -0.127    21.9933 0.0000e+00
     -0.090      0.001     7.5679     85.444     40.821  38.369100     2.8352      7.789   157.7274 8.9372e+02     5.9998     -0.088     -0.127    21.9935 0.0000e+00
     -0.090      0.000     7.5497     84.937     40.789  38.338840     2.8413      7.790   158.0387 7.2853e+02     6.0130     -0.088     -0.127    21.9929 0.0000e+00
     -0.089 2.0798e-08     7.5392     84.528     40.800  38.350548     2.8552      7.793   158.5775 7.0278e+02     6.1361     -0.087     -0.127    21.9921 0.0000e+00
     -0.089 2.2878e-07     7.5097     84.187     40.833  38.383747     2.8707      7.795   159.2510 7.3738e+02     6.2237     -0.087     -0.127    21.9916 0.0000e+00
     -0.089 2.2878e-07     7.4763     83.564     40.872  38.422963     2.8792      7.797   159.6436 7.4264e+02     6.2527     -0.087     -0.126    21.9915 0.0000e+00
     -0.089 2.0798e-08     7.4232     82.751     40.892  38.443958     2.8657      7.798   159.7976 6.7710e+02     6.2137     -0.087     -0.126    21.9920 0.0000e+00
     -0.089 1.8907e-09     7.3800     82.011     40.893  38.447228     2.8237      7.799   159.9932 5.9115e+02     6.0597     -0.087     -0.127    21.9929 0.0000e+00
     -0.089 1.7189e-10     7.3791     81.349     40.905  38.462504     2.8128      7.801   160.2025 5.5563e+02     5.9618     -0.087     -0.126    21.9946 0.0000e+00
     -0.089 1.5651e-11     7.3107     80.725     40.941  38.501747     2.8424      7.804   160.4355 5.2227e+02     5.9858     -0.087     -0.126    21.9978 0.0000e+00
     -0.089 1.6960e-12     7.2283     80.107     40.976  38.540977     2.8483      7.806   160.6594 4.9756e+02     6.0090     -0.087     -0.126    22.0010 0.0000e+00
     -0.089 3.1595e-12     7.1680     79.477     40.985  38.556092     2.8338      7.808   160.9309 5.0246e+02     6.0370     -0.087     -0.126    22.0044 0.0000e+00
     -0.089 3.3346e-11     7.1084     78.854     40.979  38.557584     2.8415      7.809   161.3082 5.0796e+02     6.1200     -0.087     -0.127    22.0093 0.0000e+00
     -0.089 3.6668e-10     7.0555     78.252     40.974  38.559029     2.8673      7.811   161.6072 4.9116e+02     6.1921     -0.087     -0.126    22.0150 0.0000e+00
     -0.089 4.0334e-09     7.0005     77.610     40.983  38.573571     2.8873      7.812   161.8795 4.4377e+02     6.2597     -0.087     -0.126    22.0221 0.0000e+00
     -0.089 4.4368e-08     6.9442     76.888     41.013  38.606508     2.8928      7.813   162.3636 4.1228e+02     6.3227     -0.087     -0.127    22.0315 0.0000e+00
