Data/DataNotYetUploadedToEDI/Raw_CTD/RawDownloads/100923_bvr50_S8188004.cnv
* Sea-Bird SBE19plus  Data File:
* FileName = C:\R\Reservoirs\Data\DataNotYetUploadedToEDI\Raw_CTD\RawDownloads\100923_bvr50_S8188_0004.hex
* Software version 2.8.0.119
* Temperature SN = 8188
* Conductivity SN = 8188
* System UpLoad Time = Oct 10 2023 15:52:59
* <ApplicationData>
* <Seaterm232>
# nquan = 16
# nvalues = 952                         
# units = specified
# name 0 = depFM: Depth [fresh water, m]
# name 1 = dz/dtM: Descent Rate [m/s]
# name 2 = sbeox0Mg/L: Oxygen, SBE 43 [mg/l]
# name 3 = sbeox0PS: Oxygen, SBE 43 [% saturation]
# name 4 = specc: Specific Conductance [uS/cm]
# name 5 = c0uS/cm: Conductivity [uS/cm]
# name 6 = wetCDOM: Fluorescence, WET Labs CDOM [mg/m^3]
# name 7 = flECO-AFL: Fluorescence, WET Labs ECO-AFL/FL [mg/m^3]
# name 8 = flECO-AFL1: Fluorescence, WET Labs ECO-AFL/FL, 2 [mg/m^3]
# name 9 = flECO-AFL2: Fluorescence, WET Labs ECO-AFL/FL, 3 [mg/m^3]
# name 10 = par/sat/log: PAR/Logarithmic, Satlantic
# name 11 = turbWETntu0: Turbidity, WET Labs ECO [NTU]
# name 12 = prdM: Pressure, Strain Gauge [db]
# name 13 = prdE: Pressure, Strain Gauge [psi]
# name 14 = tv290C: Temperature [ITS-90, deg C]
# name 15 = flag:  0.000e+00
# span 0 =     -0.800,      8.723       
# span 1 =     -0.318,      0.125       
# span 2 =    -0.2752,     6.5608       
# span 3 =     -2.645,     65.537       
# span 4 =   -627.484,    231.600       
# span 5 =-450.565820, 161.927532       
# span 6 =    -4.5000,     9.3600       
# span 7 =    -0.3139,     6.5107       
# span 8 =    -2.1300,     1.0650       
# span 9 =    -2.8341,     2.2419       
# span 10 = 1.1590e-01, 1.7255e+03      
# span 11 =    -1.4154,    51.0097      
# span 12 =     -0.785,      8.554      
# span 13 =     -1.138,     12.407      
# span 14 =     9.9533,    17.3172      
# span 15 = 0.0000e+00, 0.0000e+00      
# interval = seconds: 0.25
# start_time = Oct 09 2023 10:36:28 [Instrument's time stamp, header]
# bad_flag = -9.990e-29
*END*
[from data line 543]
      4.321      0.055     4.7695     49.492     34.385  29.010265     2.9700     3.0775     0.0852     0.8037 2.2651e+00     3.4694      4.237      6.146    17.1834 0.0000e+00
      4.335      0.055     4.7682     49.485     34.379  29.005574     2.9700     3.0698     0.0426     0.7191 2.1863e+00     3.3642      4.251      6.166    17.1832 0.0000e+00
      4.349      0.055     4.7667     49.476     34.377  29.002848     2.9700     3.1423     0.0426     0.7191 2.2025e+00     3.3943      4.264      6.185    17.1827 0.0000e+00
      4.362      0.056     4.7655     49.464     34.381  29.005321     2.9700     3.1576     0.0426     0.7191 2.2077e+00     3.3642      4.278      6.204    17.1817 0.0000e+00
      4.376      0.057     4.7648     49.448     34.401  29.021570     2.9700     3.1080     0.0426     0.7191 2.1934e+00     3.5295      4.291      6.224    17.1809 0.0000e+00
      4.390      0.059     4.7642     49.433     34.444  29.055930     2.9700     3.1576     0.0426     0.7191 2.1901e+00     3.4394      4.305      6.244    17.1803 0.0000e+00
      4.405      0.061     4.7634     49.423     34.511  29.109643     2.9700     3.3941     0.0852     0.8037 2.1088e+00     3.3642      4.320      6.266    17.1796 0.0000e+00
      4.422      0.063     4.7623     49.422     34.587  29.171294     2.9700     3.3788     0.0852     0.8037 2.1088e+00     3.4544      4.336      6.289    17.1784 0.0000e+00
      4.438      0.065     4.7610     49.430     34.652  29.223664     2.9700     3.3826     0.0852     0.8037 2.0783e+00     3.4694      4.353      6.313    17.1765 0.0000e+00
      4.456      0.066     4.7598     49.449     34.712  29.270820     2.9700     3.3864     0.0852     0.8037 1.9908e+00     3.4544      4.369      6.337    17.1739 0.0000e+00
      4.473      0.066     4.7592     49.476     34.771  29.317416     2.9700     3.4933     0.0852     0.8460 1.9757e+00     3.4544      4.386      6.362    17.1709 0.0000e+00
      4.490      0.066     4.7594     49.500     34.815  29.352119     2.9700     3.4933     0.0852     0.8460 1.9358e+00     3.4093      4.403      6.386    17.1673 0.0000e+00
      4.507      0.066     4.7606     49.511     34.830  29.362403     2.9700     3.4933     0.0852     0.8460 1.8859e+00     3.5145      4.420      6.410    17.1629 0.0000e+00
      4.523      0.065     4.7629     49.506     34.816  29.351010     2.9700     3.4704     0.0852     0.8460 1.8559e+00     3.4694      4.436      6.434    17.1581 0.0000e+00
      4.540      0.065     4.7660     49.479     34.796  29.334703     2.9700     3.4475     0.0852     0.8037 1.8290e+00     3.4694      4.452      6.457    17.1536 0.0000e+00
      4.556      0.064     4.7687     49.431     34.798  29.338830     2.9700     3.4551     0.0852     0.8037 1.8318e+00     3.5295      4.468      6.480    17.1499 0.0000e+00
      4.572      0.065     4.7700     49.372     34.855  29.388252     2.9700     3.4284     0.0852     0.8037 1.7638e+00     3.4694      4.484      6.503    17.1476 0.0000e+00
      4.588      0.065     4.7695     49.313     34.945  29.464470     2.9700     3.4475     0.0852     0.8037 1.7203e+00     3.4093      4.500      6.526    17.1474 0.0000e+00
      4.605      0.065     4.7667     49.261     35.012  29.520491     2.9700     3.4513     0.0852     0.8037 1.6977e+00     3.4243      4.516      6.550    17.1491 0.0000e+00
      4.622      0.065     4.7619     49.222     35.043  29.545513     2.9700     3.4360     0.0852     0.8037 1.6177e+00     3.3943      4.532      6.574    17.1517 0.0000e+00
      4.639      0.066     4.7560     49.198     35.069  29.566010     2.9700     3.4399     0.0852     0.8037 1.5923e+00     3.4243      4.549      6.598    17.1538 0.0000e+00
      4.656      0.066     4.7503     49.186     35.139  29.623086     2.9700     3.4589     0.0852     0.8037 1.5402e+00     3.3642      4.565      6.622    17.1542 0.0000e+00
      4.672      0.065     4.7453     49.179     35.281  29.739880     2.9700     3.4017     0.0852     0.8037 1.5601e+00     3.3943      4.582      6.645    17.1533 0.0000e+00
      4.689      0.065     4.7417     49.168     35.461  29.886159     3.0600     3.3864     0.0852     0.7614 1.4856e+00     3.3642      4.598      6.669    17.1517 0.0000e+00
      4.705      0.064     4.7396     49.146     35.620  30.013813     3.0600     3.3788     0.0852     0.7614 1.4603e+00     3.5446      4.614      6.692    17.1499 0.0000e+00
      4.722      0.064     4.7386     49.113     35.732  30.101442     3.0600     3.3903     0.0852     0.7614 1.3931e+00     3.4394      4.630      6.716    17.1476 0.0000e+00
      4.738      0.063     4.7384     49.073     35.794  30.148653     3.0600     3.2491     0.0852     0.7614 1.3937e+00     3.3041      4.646      6.739    17.1432 0.0000e+00
      4.754      0.063     4.7381     49.026     35.819  30.166055     2.9700     3.2796     0.0852     0.7614 1.3391e+00     3.4995      4.662      6.762    17.1356 0.0000e+00
      4.769      0.063     4.7369     48.964     35.828  30.172150     2.9700     3.2491     0.0852     0.7614 1.3391e+00     3.4995      4.677      6.784    17.1263 0.0000e+00
      4.785      0.063     4.7346     48.887     35.849  30.188361     2.9700     3.2186     0.0852     0.7614 1.3420e+00     3.3642      4.692      6.806    17.1172 0.0000e+00
      4.800      0.064     4.7315     48.805     35.889  30.220994     2.9700     3.2033     0.0852     0.7614 1.3171e+00     3.6648      4.708      6.828    17.1101 0.0000e+00
      4.817      0.065     4.7274     48.716     35.942  30.262908     3.0600     3.2186     0.0852     0.7614 1.2641e+00     3.7249      4.724      6.851    17.1056 0.0000e+00
      4.834      0.066     4.7216     48.623     36.007  30.315381     3.0600     3.1805     0.0852     0.7614 1.2494e+00     3.6949      4.740      6.875    17.1032 0.0000e+00
      4.851      0.067     4.7143     48.535     36.092  30.384487     3.0600     3.2072     0.0852     0.7614 1.2545e+00     3.6648      4.757      6.900    17.1016 0.0000e+00
      4.868      0.069     4.7066     48.459     36.207  30.478753     3.0600     3.1919     0.0852     0.7614 1.2177e+00     3.6197      4.774      6.925    17.0996 0.0000e+00
      4.886      0.070     4.6983     48.401     36.378  30.619356     3.0600     3.1881     0.0852     0.7614 1.1867e+00     3.5897      4.791      6.949    17.0967 0.0000e+00
      4.903      0.071     4.6897     48.363     36.606  30.806170     3.0600     3.2110     0.0852     0.8037 1.1818e+00     3.6798      4.809      6.975    17.0934 0.0000e+00
      4.921      0.072     4.6816     48.336     36.850  31.005849     3.0600     3.2224     0.0852     0.8037 1.1728e+00     3.5596      4.826      7.000    17.0899 0.0000e+00
      4.940      0.074     4.6746     48.308     37.116  31.222139     3.0600     3.2339     0.0852     0.8037 1.1476e+00     3.8903      4.845      7.027    17.0859 0.0000e+00
      4.959      0.075     4.6694     48.270     37.390  31.445393     3.0600     3.2911     0.0852     0.8037 1.1357e+00     3.9504      4.863      7.054    17.0811 0.0000e+00
      4.979      0.076     4.6664     48.214     37.619  31.630198     3.0600     3.2567     0.0852     0.7614 1.1586e+00     3.9203      4.882      7.082    17.0748 0.0000e+00
      4.998      0.077     4.6646     48.126     37.831  31.802073     3.0600     3.2567     0.0852     0.7614 1.1135e+00     3.9504      4.901      7.109    17.0669 0.0000e+00
      5.018      0.077     4.6628     48.002     38.099  32.020715     3.0600     3.1881     0.0852     0.7614 1.1325e+00     4.1758      4.921      7.138    17.0575 0.0000e+00
      5.039      0.077     4.6601     47.843     38.443  32.302842     3.0600     3.2072     0.0852     0.7614 1.0525e+00     4.2059      4.941      7.166    17.0473 0.0000e+00
      5.058      0.075     4.6555     47.649     38.854  32.638540     3.0600     3.2148     0.0852     0.7614 1.0398e+00     4.0857      4.960      7.194    17.0376 0.0000e+00
      5.078      0.074     4.6478     47.426     39.392  33.077726     3.0600     3.1995     0.0852     0.7614 9.7523e-01     4.1909      4.979      7.222    17.0296 0.0000e+00
      5.096      0.072     4.6366     47.189     40.220  33.755336     3.0600     3.1499     0.0852     0.7614 9.7927e-01     5.1678      4.997      7.248    17.0224 0.0000e+00
      5.114      0.070     4.6220     46.948     41.419  34.735230     3.0600     3.1194     0.0852     0.7614 9.7058e-01     5.1077      5.015      7.274    17.0144 0.0000e+00
      5.131      0.069     4.6042     46.696     43.081  36.092566     3.2400     3.1499     0.1278     0.6768 1.0047e+00     4.9875      5.032      7.298    17.0047 0.0000e+00
      5.148      0.068     4.5837     46.424     45.608  38.155636     3.2400     3.1499     0.1278     0.6768 9.4293e-01     5.1378      5.049      7.323    16.9929 0.0000e+00
      5.166      0.067     4.5622     46.113     49.621  41.433005     3.2400     3.3903     0.1278     0.6768 9.4560e-01     6.5055      5.066      7.347    16.9776 0.0000e+00
      5.183      0.066     4.5407     45.733     55.288  46.043951     3.2400     3.3597     0.1278     0.6768 9.4068e-01     6.4153      5.083      7.371    16.9565 0.0000e+00
      5.199      0.065     4.5190     45.237     61.733  51.236884     3.2400     3.4017     0.1278     0.6768 9.1647e-01     6.7009      5.099      7.395    16.9275 0.0000e+00
      5.216      0.064     4.4962     44.552     67.810  56.056200     3.5100     3.3788     0.1278     0.8037 8.9307e-01     6.6408      5.115      7.418    16.8870 0.0000e+00
      5.232      0.064     4.4713     43.582     73.191  60.240849     3.5100     4.7865     0.1278     0.8037 8.9580e-01     7.0316      5.131      7.441    16.8264 0.0000e+00
      5.248      0.063     4.4426     42.208     78.424  64.246471     3.5100     4.7903     0.1278     0.8037 8.8323e-01     7.0015      5.147      7.464    16.7326 0.0000e+00
      5.264      0.063     4.4060     40.289     83.943  68.425238     3.5100     4.7979     0.1278     0.8037 8.7312e-01     6.9865      5.162      7.487    16.5983 0.0000e+00
      5.280      0.063     4.3534     37.694     89.276  72.385862     4.8600     4.7674     0.1704     1.0998 8.2749e-01     7.1067      5.178      7.510    16.4328 0.0000e+00
      5.296      0.063     4.2735     34.352     93.752  75.595292     4.8600     6.4955     0.1704     1.0998 8.7084e-01     6.7310      5.193      7.532    16.2507 0.0000e+00
      5.312      0.062     4.1539     30.309     97.222  77.962773     4.8600     6.5107     0.1704     1.0998 7.9696e-01     6.8512      5.209      7.554    16.0568 0.0000e+00
      5.328      0.062     3.9804     25.728     99.832  79.645244     4.8600     6.4840     0.1704     1.0998 8.4898e-01     6.7610      5.224      7.577    15.8476 0.0000e+00
      5.344      0.062     3.7393     20.846    101.929  80.946450     7.8300     6.4764     0.1704     1.4382 7.9991e-01     6.8662      5.240      7.600    15.6215 0.0000e+00
      5.360      0.061     3.4224     15.937    103.892  82.175649     7.8300     4.8513     0.1704     1.4382 7.9610e-01     4.2059      5.256      7.623    15.3846 0.0000e+00
      5.375      0.061     3.0324     11.286    105.851  83.424391     7.8300     4.8361     0.1704     1.4382 7.8972e-01     4.1458      5.271      7.645    15.1500 0.0000e+00
      5.390      0.060     2.5839      7.146    107.777  84.656426     7.8300     4.8361     0.1704     1.4382 7.6373e-01     4.1458      5.286      7.666    14.9321 0.0000e+00
      5.405      0.060     2.1003      3.707    109.644  85.848891     8.6400     4.8322     0.1278     1.0575 7.5106e-01     4.1458      5.300      7.687    14.7404 0.0000e+00
      5.420      0.061     1.6096      1.061    111.556  87.089462     8.6400     3.2453     0.1278     1.0575 6.8614e-01     3.6648      5.315      7.709    14.5749 0.0000e+00
      5.436      0.061     1.1415     -0.805    113.588  88.438916     8.6400     3.2644     0.1278     1.0575 6.7696e-01     3.6949      5.331      7.731    14.4281 0.0000e+00
      5.451      0.062     0.7227     -1.969    115.595  89.780541     8.6400     3.2491     0.1278     1.0575 6.8883e-01     3.7099      5.346      7.754    14.2919 0.0000e+00
      5.467      0.063     0.3734     -2.541    117.425  90.997494     8.6400     3.2720     0.1278     1.0575 6.9228e-01     3.7249      5.362      7.776    14.1640 0.0000e+00
      5.483      0.065     0.1037     -2.645    119.086  92.100513     8.8200     2.8791     0.1278     0.8037 6.3755e-01     3.1688      5.377      7.799    14.0469 0.0000e+00
      5.500      0.067    -0.0869     -2.410    120.702  93.183141     8.8200     2.8982     0.1278     0.8037 6.3245e-01     3.2740      5.394      7.822    13.9408 0.0000e+00
      5.517      0.069    -0.2062     -1.964    122.349  94.295735     8.8200     2.8829     0.1278     0.8037 6.3121e-01     3.1237      5.410      7.847    13.8435 0.0000e+00
      5.534      0.071    -0.2648     -1.411    124.028  95.429105     8.8200     2.8867     0.1278     0.8037 6.4690e-01     3.1688      5.428      7.872    13.7547 0.0000e+00
      5.553      0.073    -0.2752     -0.830    125.723  96.569646     8.7300     2.6502     0.0852     0.7191 6.3025e-01     3.1688      5.446      7.898    13.6758 0.0000e+00
      5.572      0.075    -0.2508     -0.268    127.416  97.699693     8.7300     2.6655     0.0852     0.7191 6.0529e-01     3.2139      5.464      7.925    13.6058 0.0000e+00
      5.592      0.077    -0.2043      0.237    129.100  98.812667     8.7300     2.6426     0.0852     0.7191 5.6463e-01     3.1388      5.484      7.953    13.5401 0.0000e+00
      5.612      0.078    -0.1468      0.656    130.726  99.875561     8.7300     2.6578     0.0852     0.7191 5.9331e-01     3.1688      5.503      7.982    13.4751 0.0000e+00
      5.632      0.078    -0.0862      0.975    132.263 100.875778     8.7300     2.2878     0.0852     0.7191 5.6783e-01     3.1538      5.523      8.010    13.4097 0.0000e+00
      5.652      0.078    -0.0276      1.191    133.736 101.835645     8.7300     2.2725     0.0852     0.7191 5.2316e-01     3.1838      5.542      8.039    13.3428 0.0000e+00
      5.672      0.077     0.0252      1.312    135.090 102.711082     8.7300     2.2687     0.0852     0.7191 4.9842e-01     3.2289      5.562      8.067    13.2733 0.0000e+00
      5.692      0.075     0.0692      1.359    136.261 103.457338     8.7300     2.2725     0.0852     0.7191 5.1214e-01     3.1688      5.581      8.095    13.2033 0.0000e+00
      5.711      0.074     0.1027      1.361    137.321 104.132324     8.7300     2.3298     0.0852     0.7191 4.8612e-01     3.1688      5.600      8.122    13.1371 0.0000e+00
      5.729      0.072     0.1255      1.344    138.232 104.705376     8.2800     2.3374     0.1278     0.5499 4.8107e-01     2.9734      5.618      8.149    13.0754 0.0000e+00
      5.747      0.069     0.1383      1.331    138.827 105.057038     8.2800     2.3336     0.1278     0.5499 4.8264e-01     2.9734      5.636      8.175    13.0170 0.0000e+00
      5.765      0.067     0.1434      1.341    139.170 105.245314     8.2800     2.3374     0.1278     0.5499 4.3921e-01     2.8682      5.653      8.200    12.9633 0.0000e+00
      5.782      0.064     0.1437      1.382    139.419 105.385994     8.2800     2.3870     0.1278     0.5499 4.2762e-01     2.8231      5.670      8.224    12.9154 0.0000e+00
      5.798      0.062     0.1421      1.452    139.621 105.500694     8.1000     2.3832     0.0852     0.5922 4.4866e-01     2.8532      5.685      8.246    12.8723 0.0000e+00
      5.812      0.060     0.1408      1.541    139.851 105.637886     8.1000     2.4022     0.0852     0.5922 4.2181e-01     2.8382      5.700      8.267    12.8360 0.0000e+00
