Data/DataNotYetUploadedToEDI/Raw_CTD/RawDownloads/100923_fcr50_S7809002.cnv
* Sea-Bird SBE19plus  Data File:
* FileName = C:\R\Reservoirs\Data\DataNotYetUploadedToEDI\Raw_CTD\RawDownloads\100923_bvr50_S7809_0002.hex
* Software version 2.8.0.119
* Temperature SN = 7809
* Conductivity SN = 7809
* System UpLoad Time = Oct 10 2023 16:04:52
* <ApplicationData>
* <Seaterm232>
# nquan = 15
# nvalues = 1365                        
# units = specified
# name 0 = depFM: Depth [fresh water, m]
# name 1 = dz/dtM: Descent Rate [m/s]
# name 2 = sbeox0Mg/L: Oxygen, SBE 43 [mg/l]
# name 3 = sbeox0PS: Oxygen, SBE 43 [% saturation]
# name 4 = specc: Specific Conductance [uS/cm]
# name 5 = c0uS/cm: Conductivity [uS/cm]
# name 6 = flECO-AFL: Fluorescence, WET Labs ECO-AFL/FL [mg/m^3]
# name 7 = ph: pH
# name 8 = orp: Oxidation Reduction Potential [mV]
# name 9 = par/sat/log: PAR/Logarithmic, Satlantic
# name 10 = turbWETntu0: Turbidity, WET Labs ECO [NTU]
# name 11 = prdM: Pressure, Strain Gauge [db]
# name 12 = prdE: Pressure, Strain Gauge [psi]
# name 13 = tv290C: Temperature [ITS-90, deg C]
# name 14 = flag:  0.000e+00
# span 0 =     -0.723,      9.541       
# span 1 =     -0.366,      2.803       
# span 2 =     0.1709,     9.5281       
# span 3 =      1.660,     98.087       
# span 4 =      0.337,    608.193       
# span 5 =   0.267130, 452.369975       
# span 6 =    -0.1186,    21.5278       
# span 7 =     -2.402,      9.332       
# span 8 = -1232.1975,  1240.2295       
# span 9 = 1.2365e-01, 4.2301e+02       
# span 10 =     1.3057,   953.0084      
# span 11 =     -0.709,      9.356      
# span 12 =     -1.028,     13.570      
# span 13 =    12.1650,    17.3413      
# span 14 = 0.0000e+00, 0.0000e+00      
# interval = seconds: 0.25
# start_time = Oct 09 2023 12:34:24 [Instrument's time stamp, header]
# bad_flag = -9.990e-29
*END*
[from data line 772]
      5.565      0.005     3.7742     35.682     65.071  48.697105     1.3871      6.137   227.0052 1.2374e-01    16.1418      5.456      7.914    12.4142 0.0000e+00
      5.565      0.008     3.7830     35.715     65.070  48.701769     1.4297      6.139   227.4958 1.2379e-01    16.2243      5.457      7.914    12.4147 0.0000e+00
      5.565      0.014     3.7940     35.720     65.039  48.684224     1.4232      6.140   228.0278 1.2382e-01    16.2647      5.458      7.916    12.4144 0.0000e+00
      5.565      0.024     3.8028     35.703     65.024  48.675458     1.4338      6.139   228.2758 1.2385e-01    16.3571      5.457      7.914    12.4134 0.0000e+00
      5.569      0.034     3.8104     35.668     65.002  48.659269     1.4743      6.136   228.3429 1.2389e-01    16.4872      5.458      7.915    12.4140 0.0000e+00
      5.579      0.042     3.8128     35.595     64.944  48.615469     1.4964      6.134   228.4956 1.2388e-01    16.5398      5.467      7.930    12.4191 0.0000e+00
      5.598      0.048     3.8127     35.480     64.911  48.590323     1.4857      6.134   228.7449 1.2383e-01    16.4808      5.491      7.964    12.4252 0.0000e+00
      5.618      0.050     3.8106     35.366     64.940  48.609198     1.4942      6.134   229.0347 1.2383e-01    16.4910      5.513      7.996    12.4264 0.0000e+00
      5.632      0.048     3.8076     35.287     65.003  48.653210     1.5238      6.133   229.1599 1.2383e-01    16.5949      5.524      8.012    12.4254 0.0000e+00
      5.641      0.043     3.8010     35.237     65.040  48.678020     1.5355      6.132   229.1394 1.2375e-01    16.6436      5.532      8.025    12.4263 0.0000e+00
      5.649      0.035     3.7861     35.212     65.010  48.655192     1.5360      6.132   229.3036 1.2373e-01    16.6021      5.540      8.035    12.4258 0.0000e+00
      5.655      0.028     3.7723     35.217     64.979  48.631164     1.5051      6.133   229.6821 1.2378e-01    16.4011      5.545      8.043    12.4238 0.0000e+00
      5.664      0.026     3.7655     35.262     64.994  48.641470     1.4361      6.133   230.0163 1.2382e-01    16.1260      5.554      8.056    12.4206 0.0000e+00
      5.670      0.027     3.7599     35.339     65.011  48.652820     1.4015      6.132   230.1614 1.2380e-01    16.0076      5.562      8.067    12.4179 0.0000e+00
      5.672      0.027     3.7574     35.406     64.999  48.641410     1.4112      6.131   230.3174 1.2377e-01    15.9953      5.561      8.066    12.4182 0.0000e+00
      5.677      0.029     3.7574     35.438     64.988  48.630495     1.4284      6.131   230.6119 1.2375e-01    15.9433      5.563      8.068    12.4180 0.0000e+00
      5.688      0.035     3.7616     35.450     65.013  48.647826     1.4346      6.130   231.0559 1.2378e-01    15.8223      5.579      8.090    12.4169 0.0000e+00
      5.699      0.044     3.7731     35.478     65.031  48.660473     1.4192      6.128   231.4691 1.2383e-01    15.7282      5.593      8.111    12.4158 0.0000e+00
      5.705      0.050     3.7806     35.480     65.024  48.656428     1.3928      6.124   231.6502 1.2382e-01    15.6941      5.592      8.111    12.4144 0.0000e+00
      5.716      0.051     3.7846     35.405     65.030  48.662408     1.3068      6.124   231.7834 1.2382e-01    15.7853      5.599      8.120    12.4127 0.0000e+00
      5.740      0.050     3.7826     35.316     65.040  48.669292     1.1615      6.125   232.0465 1.2386e-01    15.9765      5.631      8.167    12.4105 0.0000e+00
      5.762      0.050     3.7873     35.266     65.051  48.676162     1.0849      6.125   232.4224 1.2384e-01    16.0593      5.658      8.207    12.4095 0.0000e+00
      5.769      0.050     3.7935     35.275     65.059  48.681987     1.0795      6.124   232.8006 1.2377e-01    16.0340      5.659      8.207    12.4112 0.0000e+00
      5.772      0.047     3.7783     35.346     65.048  48.676224     1.0705      6.122   233.0058 1.2376e-01    15.9785      5.656      8.203    12.4129 0.0000e+00
      5.782      0.043     3.7686     35.445     65.035  48.669979     1.0513      6.122   233.0101 1.2380e-01    15.9349      5.668      8.222    12.4126 0.0000e+00
      5.797      0.042     3.7624     35.521     65.032  48.669979     1.0301      6.122   232.9390 1.2384e-01    15.8827      5.687      8.249    12.4108 0.0000e+00
      5.811      0.042     3.7627     35.559     65.038  48.676224     1.0228      6.122   233.2650 1.2390e-01    15.8261      5.701      8.267    12.4100 0.0000e+00
      5.821      0.039     3.7725     35.609     65.045  48.681992     1.0203      6.123   233.9413 1.2382e-01    15.7969      5.708      8.278    12.4128 0.0000e+00
      5.833      0.032     3.7835     35.654     65.035  48.676224     1.0001      6.123   234.1460 1.2374e-01    15.7682      5.721      8.297    12.4159 0.0000e+00
      5.843      0.023     3.7952     35.631     65.025  48.669979     0.9788      6.124   234.0187 1.2387e-01    15.7871      5.734      8.315    12.4171 0.0000e+00
      5.845      0.016     3.7926     35.533     65.023  48.669989     0.9718      6.124   234.1232 1.2397e-01    15.8203      5.733      8.315    12.4186 0.0000e+00
      5.845      0.010     3.8007     35.412     65.033  48.676338     0.9649      6.125   234.5495 1.2395e-01    15.8281      5.730      8.311    12.4192 0.0000e+00
      5.846      0.007     3.8086     35.333     65.045  48.683247     0.9537      6.125   235.2150 1.2386e-01    15.8121      5.732      8.314    12.4194 0.0000e+00
      5.846      0.009     3.8059     35.311     65.057  48.690025     0.9439      6.126   235.7165 1.2376e-01    15.7641      5.733      8.315    12.4210 0.0000e+00
      5.846      0.018     3.7937     35.316     65.067  48.694805     0.9466      6.126   235.7950 1.2375e-01    15.7606      5.732      8.314    12.4225 0.0000e+00
      5.848      0.028     3.7768     35.342     65.051  48.677537     0.9610      6.125   235.9057 1.2380e-01    15.8032      5.734      8.316    12.4220 0.0000e+00
      5.855      0.035     3.7688     35.419     65.051  48.671714     0.9602      6.123   236.4534 1.2378e-01    15.8350      5.739      8.325    12.4202 0.0000e+00
      5.870      0.040     3.7677     35.536     65.080  48.687886     0.9292      6.121   236.9961 1.2371e-01    15.8038      5.753      8.344    12.4183 0.0000e+00
      5.890      0.041     3.7699     35.646     65.078  48.682587     0.8938      6.121   237.1334 1.2373e-01    15.7339      5.778      8.378    12.4161 0.0000e+00
      5.906      0.041     3.7699     35.739     65.066  48.671130     0.8817      6.121   237.0809 1.2382e-01    15.7752      5.797      8.408    12.4124 0.0000e+00
      5.911      0.037     3.7791     35.812     65.075  48.676343     0.8904      6.120   237.2215 1.2387e-01    15.9279      5.798      8.409    12.4072 0.0000e+00
      5.913      0.031     3.7957     35.856     65.083  48.682123     0.9000      6.119   237.5431 1.2387e-01    16.0420      5.795      8.406    12.4029 0.0000e+00
      5.920      0.025     3.8063     35.869     65.078  48.677523     0.8973      6.119   237.7865 1.2382e-01    16.0617      5.804      8.419    12.3999 0.0000e+00
      5.929      0.024     3.8172     35.892     65.088  48.684221     0.8830      6.119   238.0127 1.2374e-01    16.0300      5.815      8.434    12.3978 0.0000e+00
      5.936      0.030     3.8252     35.959     65.109  48.699616     0.8686      6.118   238.0407 1.2369e-01    16.0003      5.823      8.445    12.3969 0.0000e+00
      5.940      0.041     3.8303     36.015     65.073  48.673185     0.8645      6.117   238.0400 1.2368e-01    15.9422      5.825      8.450    12.3968 0.0000e+00
      5.943      0.052     3.8309     36.043     64.998  48.618614     0.8581      6.116   238.4335 1.2367e-01    15.8737      5.824      8.449    12.3967 0.0000e+00
      5.956      0.061     3.8286     36.035     64.988  48.611224     0.8420      6.116   238.8409 1.2369e-01    15.8557      5.835      8.463    12.3961 0.0000e+00
      5.982      0.068     3.8423     35.990     65.039  48.647327     0.8280      6.115   239.0939 1.2380e-01    15.8267      5.865      8.506    12.3953 0.0000e+00
      6.011      0.069     3.8468     35.966     65.078  48.674179     0.8380      6.114   239.0836 1.2383e-01    15.8986      5.899      8.556    12.3957 0.0000e+00
      6.032      0.064     3.8494     35.954     65.088  48.681918     0.8718      6.114   238.8890 1.2379e-01    16.1437      5.918      8.584    12.3978 0.0000e+00
      6.047      0.054     3.8516     35.901     65.080  48.677408     0.8955      6.114   239.0636 1.2379e-01    16.3307      5.930      8.600    12.3980 0.0000e+00
      6.057      0.044     3.8404     35.853     65.086  48.683148     0.8996      6.114   239.3878 1.2379e-01    16.3152      5.942      8.619    12.3955 0.0000e+00
      6.062      0.037     3.8402     35.875     65.091  48.687825     0.9046      6.116   239.2812 1.2377e-01    16.1626      5.946      8.624    12.3937 0.0000e+00
      6.064      0.034     3.8425     35.905     65.069  48.670456     0.9143      6.117   238.9791 1.2378e-01    16.0225      5.944      8.621    12.3937 0.0000e+00
      6.073      0.035     3.8347     35.897     65.062  48.663625     0.9256      6.116   239.0051 1.2383e-01    15.9866      5.953      8.634    12.3946 0.0000e+00
      6.086      0.039     3.8237     35.912     65.070  48.668724     0.9412      6.116   239.2513 1.2384e-01    16.0703      5.971      8.659    12.3964 0.0000e+00
      6.097      0.043     3.8305     35.950     65.071  48.668605     0.9363      6.115   239.6324 1.2384e-01    16.1803      5.980      8.674    12.3976 0.0000e+00
      6.106      0.046     3.8386     36.005     65.065  48.662194     0.9159      6.114   239.9131 1.2384e-01    16.2233      5.985      8.679    12.3968 0.0000e+00
      6.119      0.047     3.8298     36.054     65.060  48.654695     0.9034      6.114   239.7197 1.2384e-01    16.2147      6.000      8.701    12.3949 0.0000e+00
      6.135      0.050     3.8356     36.057     65.046  48.641417     0.8933      6.113   239.5315 1.2384e-01    16.2134      6.020      8.731    12.3938 0.0000e+00
      6.145      0.055     3.8381     36.055     65.030  48.628627     0.8857      6.111   239.7895 1.2381e-01    16.2074      6.028      8.742    12.3936 0.0000e+00
      6.155      0.058     3.8444     36.056     65.027  48.627038     0.8616      6.110   240.1713 1.2382e-01    16.1078      6.032      8.748    12.3921 0.0000e+00
      6.172      0.059     3.8548     36.018     65.018  48.622211     0.8346      6.110   240.3627 1.2384e-01    16.0000      6.050      8.775    12.3893 0.0000e+00
      6.192      0.060     3.8499     35.919     65.033  48.633755     0.8336      6.110   240.4687 1.2381e-01    15.9965      6.075      8.810    12.3866 0.0000e+00
      6.210      0.062     3.8509     35.804     65.041  48.639631     0.8409      6.110   240.5926 1.2374e-01    16.0318      6.092      8.834    12.3858 0.0000e+00
      6.223      0.062     3.8524     35.740     65.027  48.629771     0.8483      6.110   240.7420 1.2371e-01    16.0516      6.103      8.852    12.3873 0.0000e+00
      6.236      0.060     3.8504     35.735     65.043  48.641521     0.8562      6.109   241.1560 1.2377e-01    16.0650      6.114      8.868    12.3885 0.0000e+00
      6.252      0.058     3.8370     35.746     65.062  48.654706     0.8532      6.107   241.7266 1.2382e-01    16.0229      6.129      8.890    12.3887 0.0000e+00
      6.269      0.059     3.8214     35.742     65.073  48.662205     0.8367      6.105   241.8766 1.2383e-01    15.9178      6.150      8.920    12.3887 0.0000e+00
      6.283      0.059     3.8145     35.784     65.083  48.668696     0.8408      6.103   241.6799 1.2384e-01    15.9553      6.164      8.940    12.3890 0.0000e+00
      6.294      0.056     3.8157     35.897     65.086  48.669699     0.8777      6.102   241.5845 1.2385e-01    16.1694      6.170      8.948    12.3896 0.0000e+00
      6.312      0.050     3.8202     35.992     65.094  48.674333     0.9077      6.101   242.0140 1.2384e-01    16.3200      6.187      8.972    12.3888 0.0000e+00
      6.332      0.043     3.8154     36.026     65.078  48.661224     0.9125      6.100   242.6562 1.2381e-01    16.3756      6.214      9.013    12.3873 0.0000e+00
      6.343      0.037     3.8174     36.037     65.049  48.638189     0.8615      6.100   242.8106 1.2383e-01    16.3644      6.224      9.028    12.3866 0.0000e+00
      6.344      0.032     3.8358     36.029     65.065  48.649782     0.7647      6.101   242.6763 1.2388e-01    16.3209      6.220      9.021    12.3860 0.0000e+00
      6.347      0.028     3.8482     35.998     65.099  48.674406     0.7074      6.101   242.8401 1.2382e-01    16.2931      6.223      9.026    12.3849 0.0000e+00
      6.352      0.027     3.8476     35.991     65.109  48.681947     0.7095      6.102   243.4997 1.2376e-01    16.2675      6.230      9.037    12.3839 0.0000e+00
      6.359      0.029     3.8502     36.008     65.103  48.677467     0.7413      6.102   244.0264 1.2385e-01    16.2848      6.234      9.042    12.3831 0.0000e+00
      6.369      0.037     3.8506     35.997     65.111  48.683735     0.7663      6.101   244.1321 1.2390e-01    16.2978      6.245      9.057    12.3824 0.0000e+00
      6.381      0.047     3.8437     35.962     65.125  48.694240     0.7705      6.099   244.0037 1.2386e-01    16.2888      6.261      9.081    12.3819 0.0000e+00
      6.389      0.055     3.8428     35.958     65.100  48.677491     0.7758      6.098   244.1947 1.2390e-01    16.2780      6.266      9.087    12.3817 0.0000e+00
      6.400      0.060     3.8484     35.982     65.089  48.671709     0.7721      6.098   244.9787 1.2392e-01    16.3379      6.269      9.092    12.3822 0.0000e+00
      6.423      0.061     3.8472     36.000     65.108  48.687828     0.7503      6.099   245.4808 1.2386e-01    16.4662      6.297      9.132    12.3823 0.0000e+00
      6.450      0.061     3.8392     36.015     65.100  48.681904     0.7285      6.099   245.4480 1.2383e-01    16.4963      6.332      9.183    12.3821 0.0000e+00
      6.466      0.061     3.8395     36.024     65.075  48.663577     0.7168      6.100   245.3566 1.2384e-01    16.4633      6.344      9.201    12.3831 0.0000e+00
      6.474      0.056     3.8443     36.013     65.066  48.656711     0.7256      6.100   245.4945 1.2383e-01    16.4770      6.346      9.204    12.3857 0.0000e+00
      6.484      0.051     3.8450     36.003     65.073  48.662378     0.7517      6.100   245.8241 1.2380e-01    16.5253      6.357      9.220    12.3876 0.0000e+00
      6.498      0.048     3.8464     35.996     65.081  48.668614     0.7741      6.101   246.0721 1.2377e-01    16.5696      6.373      9.244    12.3877 0.0000e+00
      6.510      0.050     3.8493     35.963     65.081  48.668613     0.7801      6.101   246.1696 1.2378e-01    16.5685      6.385      9.261    12.3875 0.0000e+00
      6.521      0.051     3.8461     35.926     65.071  48.662367     0.7753      6.101   246.0573 1.2379e-01    16.5463      6.394      9.274    12.3877 0.0000e+00
      6.536      0.049     3.8442     35.884     65.061  48.656585     0.7819      6.101   245.9184 1.2377e-01    16.5738      6.407      9.293    12.3879 0.0000e+00
      6.552      0.047     3.8475     35.835     65.068  48.662195     0.8099      6.100   246.2124 1.2374e-01    16.6619      6.426      9.320    12.3879 0.0000e+00
      6.565      0.046     3.8400     35.820     65.074  48.666707     0.8394      6.099   246.6861 1.2373e-01    16.7573      6.442      9.343    12.3878 0.0000e+00
      6.573      0.043     3.8373     35.838     65.049  48.647647     0.8469      6.100   246.9127 1.2378e-01    16.7705      6.447      9.350    12.3888 0.0000e+00
