Data/DataNotYetUploadedToEDI/Raw_CTD/RawDownloads/100923_fcr50_S7809002.cnv
* Sea-Bird SBE19plus  Data File:
* FileName = C:\R\Reservoirs\Data\DataNotYetUploadedToEDI\Raw_CTD\RawDownloads\100923_bvr50_S7809_0002.hex
* Software version 2.8.0.119
* Temperature SN = 7809
* Conductivity SN = 7809
* System UpLoad Time = Oct 10 2023 16:04:52
* <ApplicationData>
* <Seaterm232>
# nquan = 15
# nvalues = 1365                        
# units = specified
# name 0 = depFM: Depth [fresh water, m]
# name 1 = dz/dtM: Descent Rate [m/s]
# name 2 = sbeox0Mg/L: Oxygen, SBE 43 [mg/l]
# name 3 = sbeox0PS: Oxygen, SBE 43 [% saturation]
# name 4 = specc: Specific Conductance [uS/cm]
# name 5 = c0uS/cm: Conductivity [uS/cm]
# name 6 = flECO-AFL: Fluorescence, WET Labs ECO-AFL/FL [mg/m^3]
# name 7 = ph: pH
# name 8 = orp: Oxidation Reduction Potential [mV]
# name 9 = par/sat/log: PAR/Logarithmic, Satlantic
# name 10 = turbWETntu0: Turbidity, WET Labs ECO [NTU]
# name 11 = prdM: Pressure, Strain Gauge [db]
# name 12 = prdE: Pressure, Strain Gauge [psi]
# name 13 = tv290C: Temperature [ITS-90, deg C]
# name 14 = flag:  0.000e+00
# span 0 =     -0.723,      9.541       
# span 1 =     -0.366,      2.803       
# span 2 =     0.1709,     9.5281       
# span 3 =      1.660,     98.087       
# span 4 =      0.337,    608.193       
# span 5 =   0.267130, 452.369975       
# span 6 =    -0.1186,    21.5278       
# span 7 =     -2.402,      9.332       
# span 8 = -1232.1975,  1240.2295       
# span 9 = 1.2365e-01, 4.2301e+02       
# span 10 =     1.3057,   953.0084      
# span 11 =     -0.709,      9.356      
# span 12 =     -1.028,     13.570      
# span 13 =    12.1650,    17.3413      
# span 14 = 0.0000e+00, 0.0000e+00      
# interval = seconds: 0.25
# start_time = Oct 09 2023 12:34:24 [Instrument's time stamp, header]
# bad_flag = -9.990e-29
*END*
[from data line 579]
      3.470      0.018     2.7059     17.307     55.021  45.302856     6.3899      6.366   226.2921 3.7680e+00     3.2955      3.404      4.937    16.2508 0.0000e+00
      3.475      0.024     2.3798     16.339     55.831  45.947281     6.3469      6.367   226.3867 3.7602e+00     3.3186      3.410      4.945    16.2386 0.0000e+00
      3.478      0.030     2.0876     15.900     56.600  46.547980     6.3285      6.368   226.4203 3.7397e+00     3.2785      3.409      4.945    16.2120 0.0000e+00
      3.483      0.035     1.8417     15.728     57.101  46.915789     6.4250      6.369   226.5268 3.6987e+00     3.2889      3.413      4.949    16.1813 0.0000e+00
      3.495      0.039     1.6756     15.739     56.912  46.712249     6.6477      6.369   226.6415 3.6359e+00     3.4098      3.426      4.968    16.1649 0.0000e+00
      3.511      0.044     1.5880     15.909     55.848  45.800973     6.7830      6.369   226.6899 3.5765e+00     3.5106      3.445      4.997    16.1488 0.0000e+00
      3.525      0.048     1.5590     16.017     54.848  44.975653     6.7952      6.370   226.8532 3.5396e+00     3.5166      3.459      5.016    16.1207 0.0000e+00
      3.535      0.050     1.5442     15.730     54.970  45.112978     6.7618      6.372   227.2396 3.5034e+00     3.4825      3.465      5.025    16.0805 0.0000e+00
      3.545      0.050     1.5437     14.879     55.985  46.001328     6.7048      6.372   227.6618 3.4537e+00     3.4739      3.475      5.040    16.0333 0.0000e+00
      3.558      0.049     1.5717     13.629     56.949  46.829238     6.6804      6.371   227.8287 3.3988e+00     3.5153      3.490      5.060    15.9901 0.0000e+00
      3.573      0.049     1.5961     12.395     57.634  47.378243     6.6909      6.369   227.8802 3.3447e+00     3.5731      3.503      5.081    15.9797 0.0000e+00
      3.588      0.049     1.5748     11.652     58.176  47.750845     6.6822      6.365   228.0264 3.2998e+00     3.5918      3.519      5.104    16.0223 0.0000e+00
      3.601      0.047     1.4809     11.642     58.425  47.842415     6.5749      6.360   228.3055 3.2704e+00     3.6057      3.533      5.124    16.0864 0.0000e+00
      3.611      0.045     1.3417     12.142     58.500  47.786917     6.4005      6.355   228.7596 3.2372e+00     3.6732      3.540      5.135    16.1275 0.0000e+00
      3.621      0.043     1.2018     12.686     58.512  47.714559     6.3218      6.351   229.2154 3.1872e+00     3.7247      3.551      5.150    16.1186 0.0000e+00
      3.631      0.042     1.1184     12.904     58.489  47.665813     6.3228      6.348   229.5140 3.1420e+00     3.7500      3.562      5.165    16.0491 0.0000e+00
      3.641      0.041     1.1309     12.631     58.617  47.768887     6.1954      6.345   229.6175 3.1014e+00     3.8077      3.569      5.176    15.9410 0.0000e+00
      3.651      0.040     1.2026     11.832     58.921  48.008498     5.9467      6.342   229.6060 3.0618e+00     3.8763      3.580      5.191    15.8283 0.0000e+00
      3.664      0.038     1.2722     10.589     59.356  48.340805     5.8122      6.340   229.7188 3.0352e+00     3.9299      3.594      5.213    15.7506 0.0000e+00
      3.675      0.035     1.2983      9.130     59.729  48.612262     5.8027      6.339   229.8633 3.0064e+00     3.9782      3.606      5.229    15.7350 0.0000e+00
      3.682      0.031     1.2715      7.712     59.794  48.624012     5.7642      6.339   229.8899 2.9701e+00     4.0497      3.611      5.238    15.7482 0.0000e+00
      3.689      0.027     1.1918      6.562     59.747  48.546321     5.6721      6.338   229.9546 2.9378e+00     4.1115      3.617      5.246    15.7408 0.0000e+00
      3.696      0.026     1.0582      5.821     59.807  48.561735     5.5960      6.338   230.1291 2.9229e+00     4.0763      3.626      5.258    15.7189 0.0000e+00
      3.700      0.027     0.9053      5.426     59.926  48.619866     5.5756      6.336   230.4513 2.9228e+00     4.0007      3.629      5.264    15.6949 0.0000e+00
      3.704      0.032     0.7574      5.204     60.210  48.804692     5.6587      6.331   230.8396 2.9140e+00     4.0854      3.630      5.265    15.6540 0.0000e+00
      3.711      0.037     0.6361      5.042     60.624  49.082120     5.8107      6.326   231.0378 2.8841e+00     4.3141      3.637      5.275    15.6192 0.0000e+00
      3.722      0.042     0.5664      4.869     60.921  49.243995     5.8897      6.321   231.0416 2.8306e+00     4.4435      3.649      5.292    15.5994 0.0000e+00
      3.738      0.047     0.5359      4.640     61.099  49.301483     5.8987      6.317   231.4873 2.7647e+00     4.4541      3.665      5.315    15.5631 0.0000e+00
      3.754      0.051     0.5169      4.409     61.307  49.396124     6.0105      6.312   232.7273 2.7079e+00     4.5451      3.683      5.342    15.5267 0.0000e+00
      3.766      0.053     0.5030      4.219     61.581  49.562779     6.2424      6.306   233.9882 2.6722e+00     4.7575      3.695      5.359    15.4871 0.0000e+00
      3.776      0.051     0.4900      4.011     61.755  49.665587     6.3729      6.301   234.6012 2.6425e+00     4.9383      3.702      5.370    15.4152 0.0000e+00
      3.790      0.048     0.4644      3.748     61.809  49.686707     6.3814      6.297   234.8052 2.5921e+00     5.0235      3.714      5.388    15.3371 0.0000e+00
      3.806      0.046     0.4386      3.475     62.000  49.818120     6.3861      6.294   234.8201 2.5405e+00     5.0357      3.733      5.416    15.2761 0.0000e+00
      3.818      0.048     0.4243      3.217     62.347  50.048055     6.4383      6.289   234.6087 2.5172e+00     5.4621      3.747      5.434    15.2335 0.0000e+00
      3.825      0.049     0.4060      2.956     62.611  50.180941     6.5465      6.283   234.9177 2.5006e+00     6.4216      3.751      5.441    15.2033 0.0000e+00
      3.834      0.048     0.3758      2.671     62.767  50.218319     6.6128      6.277   236.8352 2.4620e+00     7.0372      3.757      5.449    15.1880 0.0000e+00
      3.850      0.046     0.3482      2.392     62.896  50.245896     6.6398      6.272   239.6374 2.4040e+00     7.2694      3.774      5.472    15.1829 0.0000e+00
      3.868      0.045     0.3233      2.190     62.984  50.260306     6.8993      6.268   241.4391 2.3595e+00     8.6148      3.796      5.505    15.1444 0.0000e+00
      3.880      0.044     0.2989      2.070     63.039  50.265489     7.3615      6.265   242.3572 2.3402e+00    11.0069      3.807      5.521    15.0713 0.0000e+00
      3.886      0.042     0.2701      1.982     63.127  50.308513     7.6172      6.263   243.3390 2.3302e+00    12.3144      3.811      5.526    14.9966 0.0000e+00
      3.894      0.040     0.2375      1.907     63.427  50.526479     7.7182      6.262   243.9313 2.3196e+00    12.5027      3.818      5.537    14.9336 0.0000e+00
      3.904      0.038     0.2180      1.863     63.886  50.868954     8.4991      6.261   243.5819 2.2905e+00    12.9416      3.829      5.554    14.8902 0.0000e+00
      3.914      0.037     0.2086      1.850     64.118  51.020434     9.9256      6.260   242.5566 2.2430e+00    13.6927      3.838      5.567    14.8620 0.0000e+00
      3.925      0.035     0.2006      1.850     64.167  51.024510    10.7009      6.258   241.6868 2.2121e+00    14.0696      3.848      5.581    14.8404 0.0000e+00
      3.936      0.032     0.1912      1.835     64.297  51.108700    10.8070      6.256   241.4108 2.2044e+00    14.0483      3.862      5.601    14.8270 0.0000e+00
      3.944      0.028     0.1875      1.803     64.517  51.276352    11.3755      6.255   241.1988 2.1991e+00    13.9468      3.870      5.613    14.8139 0.0000e+00
      3.949      0.026     0.1871      1.814     64.757  51.464081    12.4138      6.253   240.7578 2.1945e+00    13.7991      3.872      5.616    14.7836 0.0000e+00
      3.953      0.023     0.1876      1.864     64.850  51.537002    12.9813      6.251   240.8116 2.1884e+00    13.7310      3.876      5.622    14.7495 0.0000e+00
      3.958      0.022     0.1883      1.888     64.838  51.523039    13.0272      6.250   242.1932 2.1750e+00    13.7725      3.880      5.628    14.7363 0.0000e+00
      3.965      0.027     0.1800      1.908     65.052  51.676253    12.8353      6.247   243.9540 2.1547e+00    14.1648      3.887      5.638    14.7356 0.0000e+00
      3.971      0.035     0.1815      1.953     65.568  52.055939    12.4591      6.241   244.8939 2.1336e+00    14.8528      3.896      5.650    14.7318 0.0000e+00
      3.976      0.041     0.1919      1.982     66.017  52.367152    12.2569      6.236   245.7288 2.1116e+00    15.2595      3.898      5.654    14.7320 0.0000e+00
      3.985      0.044     0.1912      1.974     66.194  52.454433    12.2633      6.232   246.6486 2.0668e+00    15.3930      3.902      5.661    14.7324 0.0000e+00
      4.005      0.047     0.1916      1.963     66.282  52.476155    12.5039      6.228   247.1526 2.0063e+00    15.7840      3.926      5.694    14.7198 0.0000e+00
      4.025      0.052     0.1992      1.960     66.272  52.439220    12.9437      6.225   247.3495 1.9761e+00    16.3997      3.953      5.734    14.6966 0.0000e+00
      4.035      0.057     0.2033      1.945     66.062  52.261832    13.1786      6.221   247.3940 1.9683e+00    16.6891      3.959      5.742    14.6610 0.0000e+00
      4.040      0.059     0.2004      1.921     65.791  52.045943    13.2208      6.219   247.3463 1.9218e+00    16.7208      3.957      5.740    14.6163 0.0000e+00
      4.055      0.059     0.1989      1.896     65.636  51.924519    13.4208      6.217   247.1171 1.8308e+00    16.8177      3.973      5.762    14.5769 0.0000e+00
      4.078      0.060     0.2005      1.877     65.904  52.127246    15.5382      6.214   246.5160 1.7588e+00    17.4165      4.003      5.804    14.5542 0.0000e+00
      4.097      0.064     0.1980      1.869     66.464  52.528479    19.4289      6.212   245.4995 1.7285e+00    18.4263      4.021      5.832    14.5491 0.0000e+00
      4.109      0.066     0.1958      1.865     66.500  52.457536    21.5278      6.211   244.2041 1.6911e+00    18.9162      4.028      5.842    14.5504 0.0000e+00
      4.123      0.065     0.1928      1.874     66.079  51.967920    21.5238      6.207   242.6406 1.6215e+00    19.0359      4.040      5.860    14.5535 0.0000e+00
      4.142      0.061     0.1903      1.895     65.870  51.625111    19.5388      6.203   240.7911 1.5475e+00    20.1809      4.063      5.892    14.5523 0.0000e+00
      4.160      0.055     0.1906      1.919     65.900  51.487549    15.8793      6.201   238.8789 1.4792e+00    22.2729      4.081      5.919    14.5312 0.0000e+00
      4.176      0.047     0.1896      1.948     66.008  51.447496    13.8822      6.199   237.3305 1.4178e+00    23.4253      4.094      5.939    14.4561 0.0000e+00
      4.190      0.037     0.1911      1.983     66.217  51.521699    13.6689      6.198   236.2658 1.3880e+00    23.4908      4.112      5.964    14.3237 0.0000e+00
      4.198      0.027     0.1946      2.018     66.420  51.622615    13.3344      6.198   235.3839 1.3884e+00    23.1674      4.118      5.974    14.1774 0.0000e+00
      4.199      0.020     0.1973      2.065     66.333  51.524580    12.7584      6.199   234.4976 1.3852e+00    22.5896      4.116      5.971    14.0504 0.0000e+00
      4.199      0.017     0.2004      2.148     66.056  51.288844    12.4561      6.199   233.4651 1.3733e+00    22.3118      4.119      5.974    13.9580 0.0000e+00
      4.199      0.018     0.2051      2.263     65.959  51.185349    12.4756      6.198   232.3639 1.3645e+00    22.3360      4.118      5.973    13.8927 0.0000e+00
      4.202      0.023     0.2086      2.379     66.067  51.225703    12.8445      6.197   231.4215 1.3423e+00    22.3016      4.119      5.974    13.8483 0.0000e+00
      4.210      0.029     0.2119      2.479     66.272  51.332209    13.5041      6.197   230.5022 1.2920e+00    22.1691      4.127      5.986    13.8315 0.0000e+00
      4.223      0.035     0.2209      2.549     66.496  51.457035    13.8511      6.197   229.6814 1.2416e+00    22.0327      4.141      6.007    13.8228 0.0000e+00
      4.235      0.037     0.2345      2.582     66.636  51.528401    13.8516      6.196   229.1540 1.2197e+00    22.0187      4.155      6.026    13.8020 0.0000e+00
      4.245      0.035     0.2469      2.567     66.711  51.560044    13.4692      6.196   228.7722 1.1897e+00    22.1358      4.160      6.035    13.7679 0.0000e+00
      4.255      0.030     0.2582      2.517     66.771  51.585585    12.7395      6.195   228.3338 1.1463e+00    22.2874      4.174      6.054    13.7237 0.0000e+00
      4.264      0.025     0.2657      2.447     66.790  51.583196    12.3455      6.194   227.7259 1.1350e+00    22.3490      4.185      6.070    13.6847 0.0000e+00
      4.266      0.022     0.2698      2.337     66.741  51.531138    12.3175      6.194   227.1006 1.1360e+00    22.3004      4.181      6.065    13.6589 0.0000e+00
      4.268      0.020     0.2685      2.201     66.666  51.464148    12.2925      6.193   226.7106 1.1144e+00    22.2800      4.183      6.067    13.6393 0.0000e+00
      4.273      0.020     0.2607      2.071     66.597  51.408218    12.1258      6.192   226.5374 1.0807e+00    22.4436      4.190      6.077    13.6247 0.0000e+00
      4.279      0.022     0.2571      1.963     66.544  51.362896    11.8512      6.191   226.2965 1.0577e+00    22.7749      4.195      6.084    13.6122 0.0000e+00
      4.285      0.028     0.2440      1.893     66.558  51.360664    11.7106      6.189   225.9496 1.0402e+00    22.9722      4.202      6.095    13.5998 0.0000e+00
      4.292      0.038     0.2277      1.842     66.687  51.444718    11.6324      6.187   225.5265 1.0208e+00    22.9846      4.210      6.105    13.5933 0.0000e+00
      4.298      0.051     0.2156      1.800     66.836  51.553650    10.8724      6.183   224.9657 1.0096e+00    23.1644      4.215      6.113    13.5938 0.0000e+00
      4.306      0.061     0.2015      1.785     66.894  51.598239     9.4874      6.180   224.1595 9.7305e-01    23.5054      4.220      6.121    13.5931 0.0000e+00
      4.325      0.070     0.1968      1.777     66.908  51.602836     8.7282      6.179   223.0069 8.7427e-01    23.6917      4.234      6.141    13.5812 0.0000e+00
      4.356      0.078     0.1916      1.747     66.766  51.482218     8.6008      6.177   221.8704 7.6906e-01    23.7438      4.274      6.198    13.5644 0.0000e+00
      4.383      0.080     0.1857      1.725     66.439  51.219352     7.8392      6.175   220.9147 7.1710e-01    23.7254      4.306      6.245    13.5612 0.0000e+00
      4.400      0.075     0.1852      1.729     66.299  51.091546     6.4362      6.175   219.9700 6.7951e-01    23.6064      4.312      6.254    13.5674 0.0000e+00
      4.418      0.063     0.1867      1.729     66.402  51.143405     5.6608      6.176   218.9662 6.3210e-01    23.5006      4.329      6.278    13.5608 0.0000e+00
      4.439      0.047     0.1815      1.748     66.519  51.211347     5.5723      6.176   217.9843 6.1069e-01    23.4703      4.358      6.322    13.5489 0.0000e+00
      4.451      0.033     0.1770      1.777     66.621  51.278002     5.3667      6.176   217.1316 6.1367e-01    23.3428      4.369      6.338    13.5459 0.0000e+00
      4.452      0.022     0.1819      1.769     66.674  51.314311     4.9809      6.175   216.3993 6.1159e-01    23.0520      4.364      6.330    13.5321 0.0000e+00
      4.451      0.012     0.1788      1.767     66.692  51.332856     4.7613      6.175   215.7553 6.0435e-01    22.8241      4.366      6.332    13.5043 0.0000e+00
      4.451      0.006     0.1802      1.774     66.730  51.375227     4.7503      6.175   215.1097 5.9740e-01    22.7386      4.366      6.332    13.4883 0.0000e+00
