Data/DataNotYetUploadedToEDI/Raw_CTD/RawDownloads/100923_fcr50_S8188005.cnv
* Sea-Bird SBE19plus  Data File:
* FileName = C:\R\Reservoirs\Data\DataNotYetUploadedToEDI\Raw_CTD\RawDownloads\100923_bvr50_S8188_0005.hex
* Software version 2.8.0.119
* Temperature SN = 8188
* Conductivity SN = 8188
* System UpLoad Time = Oct 10 2023 15:53:18
* <ApplicationData>
* <Seaterm232>
# nquan = 16
# nvalues = 1148                        
# units = specified
# name 0 = depFM: Depth [fresh water, m]
# name 1 = dz/dtM: Descent Rate [m/s]
# name 2 = sbeox0Mg/L: Oxygen, SBE 43 [mg/l]
# name 3 = sbeox0PS: Oxygen, SBE 43 [% saturation]
# name 4 = specc: Specific Conductance [uS/cm]
# name 5 = c0uS/cm: Conductivity [uS/cm]
# name 6 = wetCDOM: Fluorescence, WET Labs CDOM [mg/m^3]
# name 7 = flECO-AFL: Fluorescence, WET Labs ECO-AFL/FL [mg/m^3]
# name 8 = flECO-AFL1: Fluorescence, WET Labs ECO-AFL/FL, 2 [mg/m^3]
# name 9 = flECO-AFL2: Fluorescence, WET Labs ECO-AFL/FL, 3 [mg/m^3]
# name 10 = par/sat/log: PAR/Logarithmic, Satlantic
# name 11 = turbWETntu0: Turbidity, WET Labs ECO [NTU]
# name 12 = prdM: Pressure, Strain Gauge [db]
# name 13 = prdE: Pressure, Strain Gauge [psi]
# name 14 = tv290C: Temperature [ITS-90, deg C]
# name 15 = flag:  0.000e+00
# span 0 =     -0.729,      9.545       
# span 1 =     -0.307,      0.096       
# span 2 =     0.2165,     7.2595       
# span 3 =      2.073,     72.077       
# span 4 =      0.669,    594.238       
# span 5 =   0.535917, 441.513924       
# span 6 =    -4.5000,    15.2100       
# span 7 =    -1.6643,    14.7239       
# span 8 =    -5.5806,     2.9820       
# span 9 =    -5.8374,    11.1672       
# span 10 = 1.1595e-01, 2.5940e+03      
# span 11 =    -2.9334,   122.2075      
# span 12 =     -0.714,      9.360      
# span 13 =     -1.036,     13.576      
# span 14 =    12.1447,    17.3177      
# span 15 = 0.0000e+00, 0.0000e+00      
# interval = seconds: 0.25
# start_time = Oct 09 2023 12:51:01 [Instrument's time stamp, header]
# bad_flag = -9.990e-29
*END*
[from data line 272]
      0.024      0.085     4.7543     42.580     45.154  38.220193     3.5100     3.1309     0.0426     1.1421 1.0184e+02     2.5526      0.024      0.035    17.3170 0.0000e+00
      0.046      0.085     4.5609     41.503     45.159  38.223964     3.5100     3.1270     0.0426     1.1421 9.6812e+01     2.5977      0.045      0.066    17.3171 0.0000e+00
      0.068      0.085     4.3794     40.702     45.155  38.220434     3.5100     3.1499     0.0426     1.1421 9.4033e+01     2.5075      0.067      0.098    17.3173 0.0000e+00
      0.090      0.084     4.2198     40.131     45.143  38.210640     3.5100     3.1309     0.0426     1.1421 9.2132e+01     2.5526      0.089      0.129    17.3175 0.0000e+00
      0.112      0.083     4.0876     39.741     45.133  38.201877     3.5100     3.6306     0.0852     1.2267 9.3159e+01     2.5526      0.109      0.159    17.3176 0.0000e+00
      0.132      0.082     3.9842     39.495     45.123  38.193789     3.5100     3.6153     0.0852     1.2267 9.4013e+01     2.5526      0.130      0.189    17.3177 0.0000e+00
      0.153      0.080     3.9073     39.362     45.117  38.188179     3.5100     3.6382     0.0852     1.2267 9.3443e+01     2.6277      0.150      0.218    17.3177 0.0000e+00
      0.174      0.078     3.8525     39.304     45.118  38.189494     3.5100     3.6077     0.0852     1.2267 9.4607e+01     2.5376      0.171      0.248    17.3176 0.0000e+00
      0.194      0.076     3.8151     39.280     45.121  38.192143     3.5100     4.0311     0.0426     1.2690 9.5724e+01     2.5225      0.190      0.276    17.3176 0.0000e+00
      0.213      0.074     3.7915     39.267     45.122  38.192870     3.5100     4.0502     0.0426     1.2690 9.9477e+01     2.5526      0.209      0.303    17.3175 0.0000e+00
      0.232      0.073     3.7788     39.254     45.126  38.195831     3.5100     4.0846     0.0426     1.2690 1.0140e+02     2.5526      0.227      0.329    17.3175 0.0000e+00
      0.249      0.073     3.7731     39.236     45.129  38.197854     3.5100     4.0388     0.0426     1.2690 1.0282e+02     2.5676      0.244      0.354    17.3174 0.0000e+00
      0.267      0.072     3.7708     39.206     45.125  38.193536     3.6000     4.1723     0.0852     1.2267 1.0648e+02     2.4624      0.262      0.380    17.3173 0.0000e+00
      0.286      0.072     3.7696     39.165     45.121  38.187667     3.6000     4.1723     0.0852     1.2267 1.0856e+02     2.6428      0.280      0.406    17.3171 0.0000e+00
      0.305      0.072     3.7684     39.120     45.120  38.184625     3.6000     4.1761     0.0852     1.2267 1.1257e+02     2.6127      0.299      0.433    17.3168 0.0000e+00
      0.324      0.071     3.7667     39.085     45.119  38.181617     3.6000     4.1532     0.0852     1.2267 1.2376e+02     2.5225      0.318      0.460    17.3161 0.0000e+00
      0.343      0.071     3.7639     39.073     45.114  38.175861     3.6000     4.2448     0.0852     1.2267 1.2763e+02     2.2670      0.336      0.487    17.3150 0.0000e+00
      0.360      0.069     3.7602     39.084     45.106  38.167803     3.6000     4.2562     0.0426     1.3959 1.3204e+02     2.3271      0.353      0.512    17.3131 0.0000e+00
      0.377      0.068     3.7561     39.114     45.095  38.157274     3.6000     4.2104     0.0426     1.3959 1.3844e+02     2.2219      0.370      0.536    17.3106 0.0000e+00
      0.394      0.068     3.7529     39.157     45.083  38.145428     3.6000     4.2181     0.0426     1.3959 1.5830e+02     2.2670      0.386      0.560    17.3083 0.0000e+00
      0.411      0.068     3.7518     39.204     45.075  38.137030     3.6000     4.2257     0.0426     1.3959 1.7836e+02     2.6277      0.403      0.584    17.3064 0.0000e+00
      0.428      0.068     3.7530     39.238     45.079  38.137764     3.5100     4.2448     0.0426     1.3113 1.9745e+02     2.5977      0.420      0.609    17.3049 0.0000e+00
      0.446      0.068     3.7560     39.242     45.093  38.147824     3.5100     4.2295     0.0426     1.3113 2.4094e+02     2.4925      0.437      0.634    17.3035 0.0000e+00
      0.464      0.069     3.7603     39.205     45.105  38.156027     3.5100     4.2143     0.0426     1.3113 2.8433e+02     2.4323      0.454      0.659    17.3017 0.0000e+00
      0.481      0.069     3.7650     39.125     45.105  38.154657     3.5100     4.3745     0.0426     1.3113 3.5643e+02     2.5977      0.472      0.684    17.2995 0.0000e+00
      0.499      0.068     3.7684     39.010     45.096  38.145330     3.6000     4.3821     0.0852     1.4382 4.0369e+02     2.4624      0.489      0.709    17.2971 0.0000e+00
      0.516      0.068     3.7689     38.868     45.081  38.131501     3.6000     4.3516     0.0852     1.4382 4.5991e+02     2.4925      0.506      0.734    17.2947 0.0000e+00
      0.533      0.068     3.7655     38.707     45.070  38.121366     3.6000     4.3630     0.0852     1.4382 4.6161e+02     2.4925      0.522      0.758    17.2926 0.0000e+00
      0.550      0.068     3.7580     38.539     45.071  38.120145     3.6000     4.4088     0.0852     1.4382 5.8932e+02     2.2971      0.539      0.783    17.2909 0.0000e+00
      0.568      0.067     3.7471     38.369     45.077  38.123553     3.6000     4.3821     0.0852     1.4382 5.4568e+02     2.3271      0.556      0.807    17.2896 0.0000e+00
      0.585      0.067     3.7335     38.200     45.085  38.128535     3.6000     4.3974     0.0852     1.4382 4.8096e+02     2.2971      0.573      0.832    17.2883 0.0000e+00
      0.602      0.067     3.7182     38.034     45.092  38.132459     3.6000     4.4241     0.0852     1.4382 5.4426e+02     2.3422      0.590      0.856    17.2869 0.0000e+00
      0.619      0.067     3.7021     37.871     45.100  38.136372     3.6000     4.2982     0.0852     1.4382 4.6919e+02     2.5225      0.606      0.880    17.2852 0.0000e+00
      0.636      0.066     3.6860     37.709     45.114  38.145277     3.6000     4.2829     0.0852     1.4382 5.1202e+02     2.5676      0.623      0.904    17.2832 0.0000e+00
      0.652      0.066     3.6700     37.553     45.124  38.151646     3.5100     4.2829     0.0426     1.5228 4.7236e+02     2.4925      0.640      0.928    17.2808 0.0000e+00
      0.669      0.065     3.6542     37.413     45.121  38.147273     3.5100     4.2829     0.0426     1.5228 4.1184e+02     2.4173      0.656      0.952    17.2782 0.0000e+00
      0.686      0.065     3.6387     37.297     45.112  38.136933     3.5100     4.0235     0.0426     1.5228 4.3996e+02     2.2520      0.673      0.976    17.2755 0.0000e+00
      0.703      0.064     3.6234     37.211     45.105  38.127775     3.5100     4.0502     0.0426     1.5228 4.3777e+02     2.4173      0.689      0.999    17.2729 0.0000e+00
      0.719      0.064     3.6086     37.166     45.101  38.121316     3.6000     4.0540     0.0426     1.4805 4.1843e+02     2.3422      0.705      1.022    17.2703 0.0000e+00
      0.734      0.063     3.5954     37.172     45.103  38.119796     3.6000     4.0388     0.0426     1.4805 4.0448e+02     2.3722      0.720      1.044    17.2677 0.0000e+00
      0.750      0.063     3.5844     37.241     45.111  38.122809     3.6000     3.9968     0.0426     1.4805 3.9270e+02     2.2820      0.736      1.067    17.2650 0.0000e+00
      0.767      0.062     3.5763     37.379     45.110  38.119275     3.6000     4.0006     0.0426     1.4805 3.3692e+02     2.3121      0.752      1.090    17.2620 0.0000e+00
      0.783      0.061     3.5722     37.576     45.100  38.108249     3.6000     3.9892     0.0426     1.5228 3.2329e+02     2.2670      0.768      1.114    17.2584 0.0000e+00
      0.798      0.060     3.5732     37.813     45.090  38.098678     3.6000     3.9930     0.0426     1.5228 2.8663e+02     2.2219      0.783      1.136    17.2543 0.0000e+00
      0.813      0.059     3.5802     38.058     45.078  38.088009     3.6000     3.9892     0.0426     1.5228 2.3891e+02     2.3873      0.798      1.157    17.2503 0.0000e+00
      0.828      0.058     3.5936     38.277     45.066  38.077357     3.6000     3.9739     0.0426     1.5228 2.2466e+02     2.4023      0.812      1.178    17.2469 0.0000e+00
      0.842      0.057     3.6128     38.442     45.070  38.079729     3.6000     4.0044     0.0426     1.5228 2.0449e+02     2.2971      0.826      1.198    17.2447 0.0000e+00
      0.857      0.056     3.6356     38.537     45.085  38.091796     3.5100     4.0006     0.0426     1.4805 2.1348e+02     2.3121      0.840      1.218    17.2434 0.0000e+00
      0.871      0.055     3.6593     38.557     45.087  38.093005     3.5100     4.0426     0.0426     1.4805 2.3105e+02     2.4624      0.854      1.239    17.2426 0.0000e+00
      0.885      0.054     3.6804     38.502     45.078  38.083680     3.5100     4.0426     0.0426     1.4805 2.7973e+02     2.6728      0.868      1.259    17.2420 0.0000e+00
      0.899      0.054     3.6962     38.388     45.072  38.077181     3.5100     4.0464     0.0426     1.4805 2.6197e+02     2.5977      0.881      1.278    17.2414 0.0000e+00
      0.912      0.054     3.7055     38.240     45.068  38.071773     3.5100     4.0617     0.0852     1.3113 2.6936e+02     2.5676      0.894      1.298    17.2407 0.0000e+00
      0.926      0.054     3.7074     38.082     45.063  38.066015     3.5100     4.1074     0.0852     1.3113 2.7450e+02     2.2670      0.908      1.317    17.2397 0.0000e+00
      0.940      0.054     3.7023     37.927     45.062  38.062332     3.5100     4.0884     0.0852     1.3113 2.7194e+02     2.3722      0.921      1.336    17.2383 0.0000e+00
      0.953      0.055     3.6914     37.780     45.061  38.059742     3.5100     4.1074     0.0852     1.3113 2.5784e+02     2.4323      0.935      1.356    17.2367 0.0000e+00
      0.967      0.055     3.6773     37.650     45.061  38.057556     3.5100     4.1265     0.0852     1.4805 2.6191e+02     2.3422      0.949      1.376    17.2348 0.0000e+00
      0.982      0.056     3.6624     37.540     45.060  38.055189     3.5100     4.1113     0.0852     1.4805 2.3772e+02     2.2370      0.963      1.396    17.2323 0.0000e+00
      0.996      0.056     3.6476     37.456     45.058  38.052010     3.5100     4.1151     0.0852     1.4805 2.3566e+02     2.2219      0.977      1.417    17.2295 0.0000e+00
      1.010      0.057     3.6337     37.401     45.054  38.047171     3.5100     4.1036     0.0852     1.4805 2.3165e+02     2.2670      0.991      1.437    17.2269 0.0000e+00
      1.025      0.058     3.6213     37.379     45.050  38.043344     3.5100     4.1151     0.0426     1.3113 2.1389e+02     2.3121      1.005      1.458    17.2248 0.0000e+00
      1.039      0.059     3.6110     37.383     45.055  38.047431     3.5100     4.0960     0.0426     1.3113 2.0462e+02     2.2370      1.019      1.478    17.2230 0.0000e+00
      1.054      0.060     3.6030     37.410     45.062  38.052600     3.5100     4.1227     0.0426     1.3113 1.9013e+02     2.2670      1.034      1.499    17.2214 0.0000e+00
      1.070      0.062     3.5978     37.454     45.058  38.048342     3.5100     4.1380     0.0426     1.3113 1.8319e+02     2.2069      1.049      1.521    17.2201 0.0000e+00
      1.086      0.064     3.5957     37.510     45.050  38.041447     3.5100     4.1227     0.0426     1.3113 1.6823e+02     2.2820      1.065      1.544    17.2192 0.0000e+00
      1.102      0.065     3.5961     37.573     45.052  38.041960     3.5100     4.1647     0.0426     1.4382 1.5233e+02     2.2670      1.081      1.568    17.2186 0.0000e+00
      1.119      0.066     3.5987     37.634     45.061  38.050018     3.5100     4.1837     0.0426     1.4382 1.5177e+02     2.4624      1.098      1.592    17.2182 0.0000e+00
      1.137      0.067     3.6031     37.687     45.068  38.055885     3.5100     4.1914     0.0426     1.4382 1.5717e+02     2.3422      1.115      1.616    17.2177 0.0000e+00
      1.154      0.068     3.6085     37.732     45.070  38.057164     3.5100     4.1990     0.0426     1.4382 1.6448e+02     2.3422      1.131      1.641    17.2170 0.0000e+00
      1.171      0.069     3.6146     37.778     45.071  38.058158     3.6000     4.1647     0.0426     1.3959 1.6754e+02     2.5977      1.148      1.665    17.2164 0.0000e+00
      1.188      0.070     3.6205     37.830     45.072  38.059131     3.6000     4.1723     0.0426     1.3959 1.6280e+02     2.4474      1.165      1.690    17.2162 0.0000e+00
      1.206      0.070     3.6255     37.888     45.074  38.060343     3.6000     4.1761     0.0426     1.3959 1.5917e+02     2.6578      1.183      1.716    17.2162 0.0000e+00
      1.224      0.071     3.6299     37.955     45.077  38.062117     3.6000     4.1685     0.0426     1.3959 1.6097e+02     2.5826      1.201      1.741    17.2163 0.0000e+00
      1.243      0.072     3.6343     38.034     45.082  38.064927     3.6000     4.1608     0.0426     1.3959 1.4838e+02     2.5526      1.219      1.768    17.2162 0.0000e+00
      1.261      0.072     3.6394     38.117     45.094  38.073483     3.6000     4.1799     0.0426     1.3959 1.4278e+02     2.6127      1.237      1.794    17.2159 0.0000e+00
      1.280      0.072     3.6450     38.203     45.111  38.086105     3.6000     4.1723     0.0426     1.3959 1.3112e+02     2.5526      1.255      1.821    17.2154 0.0000e+00
      1.299      0.071     3.6515     38.293     45.122  38.094274     3.6000     4.1914     0.0426     1.3959 1.2047e+02     2.5676      1.274      1.847    17.2145 0.0000e+00
      1.317      0.070     3.6591     38.381     45.132  38.100168     3.6000     4.1952     0.0426     1.3113 1.1842e+02     2.2971      1.292      1.873    17.2132 0.0000e+00
      1.335      0.070     3.6672     38.461     45.140  38.105360     3.6000     4.1875     0.0426     1.3113 1.1094e+02     2.3121      1.309      1.899    17.2117 0.0000e+00
      1.352      0.069     3.6757     38.530     45.145  38.107271     3.6000     4.1647     0.0426     1.3113 1.0678e+02     2.3121      1.326      1.923    17.2099 0.0000e+00
      1.369      0.069     3.6845     38.586     45.150  38.110374     3.6000     4.1837     0.0426     1.3113 1.0204e+02     2.2971      1.342      1.947    17.2079 0.0000e+00
      1.386      0.070     3.6931     38.623     45.163  38.119457     3.6000     4.1875     0.0426     1.3113 1.0268e+02     2.3572      1.359      1.972    17.2058 0.0000e+00
      1.404      0.070     3.7009     38.642     45.175  38.129019     3.6000     4.1914     0.0852     1.3113 1.0563e+02     2.3271      1.377      1.997    17.2037 0.0000e+00
      1.422      0.071     3.7078     38.643     45.182  38.133686     3.6000     4.1799     0.0852     1.3113 1.0374e+02     2.3722      1.395      2.023    17.2017 0.0000e+00
      1.441      0.072     3.7133     38.622     45.189  38.138665     3.6000     4.1952     0.0852     1.3113 1.1027e+02     2.2820      1.413      2.050    17.1999 0.0000e+00
      1.460      0.072     3.7169     38.591     45.197  38.145283     3.6000     4.1723     0.0852     1.3113 1.1497e+02     2.4323      1.431      2.076    17.1984 0.0000e+00
      1.478      0.072     3.7189     38.561     45.200  38.147382     3.5100     4.1685     0.0852     1.3959 1.2015e+02     2.3873      1.449      2.102    17.1972 0.0000e+00
      1.497      0.071     3.7190     38.540     45.199  38.145522     3.5100     4.1380     0.0852     1.3959 1.1706e+02     2.2520      1.468      2.129    17.1962 0.0000e+00
      1.515      0.070     3.7171     38.536     45.201  38.147131     3.5100     4.1647     0.0852     1.3959 1.2036e+02     2.3121      1.485      2.154    17.1954 0.0000e+00
      1.532      0.069     3.7142     38.558     45.208  38.152635     3.5100     4.1761     0.0852     1.3959 1.1958e+02     2.5826      1.503      2.180    17.1947 0.0000e+00
