Data/DataNotYetUploadedToEDI/Raw_CTD/RawDownloads/100923_fcr50_S7809002.cnv
* Sea-Bird SBE19plus  Data File:
* FileName = C:\R\Reservoirs\Data\DataNotYetUploadedToEDI\Raw_CTD\RawDownloads\100923_bvr50_S7809_0002.hex
* Software version 2.8.0.119
* Temperature SN = 7809
* Conductivity SN = 7809
* System UpLoad Time = Oct 10 2023 16:04:52
* <ApplicationData>
* <Seaterm232>
# nquan = 15
# nvalues = 1365                        
# units = specified
# name 0 = depFM: Depth [fresh water, m]
# name 1 = dz/dtM: Descent Rate [m/s]
# name 2 = sbeox0Mg/L: Oxygen, SBE 43 [mg/l]
# name 3 = sbeox0PS: Oxygen, SBE 43 [% saturation]
# name 4 = specc: Specific Conductance [uS/cm]
# name 5 = c0uS/cm: Conductivity [uS/cm]
# name 6 = flECO-AFL: Fluorescence, WET Labs ECO-AFL/FL [mg/m^3]
# name 7 = ph: pH
# name 8 = orp: Oxidation Reduction Potential [mV]
# name 9 = par/sat/log: PAR/Logarithmic, Satlantic
# name 10 = turbWETntu0: Turbidity, WET Labs ECO [NTU]
# name 11 = prdM: Pressure, Strain Gauge [db]
# name 12 = prdE: Pressure, Strain Gauge [psi]
# name 13 = tv290C: Temperature [ITS-90, deg C]
# name 14 = flag:  0.000e+00
# span 0 =     -0.723,      9.541       
# span 1 =     -0.366,      2.803       
# span 2 =     0.1709,     9.5281       
# span 3 =      1.660,     98.087       
# span 4 =      0.337,    608.193       
# span 5 =   0.267130, 452.369975       
# span 6 =    -0.1186,    21.5278       
# span 7 =     -2.402,      9.332       
# span 8 = -1232.1975,  1240.2295       
# span 9 = 1.2365e-01, 4.2301e+02       
# span 10 =     1.3057,   953.0084      
# span 11 =     -0.709,      9.356      
# span 12 =     -1.028,     13.570      
# span 13 =    12.1650,    17.3413      
# span 14 = 0.0000e+00, 0.0000e+00      
# interval = seconds: 0.25
# start_time = Oct 09 2023 12:34:24 [Instrument's time stamp, header]
# bad_flag = -9.990e-29
*END*
[from data line 1254]
      3.393     -0.209     2.3560     21.627    608.168 452.353872     4.3209      6.677   257.7869 4.0576e+00    14.1567      3.325      4.823    12.1857 0.0000e+00
      3.345     -0.197     2.3508     21.385    607.742 452.038843     4.4212      6.672   257.5447 4.2694e+00    13.9394      3.280      4.756    12.1860 0.0000e+00
      3.305     -0.197     2.3394     21.055    607.329 451.733734     4.6007      6.669   257.0832 4.3867e+00    13.4383      3.234      4.690    12.1864 0.0000e+00
      3.278     -0.209     2.3347     20.653    607.030 451.513815     4.7111      6.669   256.7671 4.5018e+00    13.1875      3.216      4.665    12.1868 0.0000e+00
      3.241     -0.224     2.3212     20.176    606.858 451.387033     4.7487      6.667   256.3043 4.8696e+00    13.1957      3.196      4.635    12.1870 0.0000e+00
      3.170     -0.237     2.2937     19.623    606.828 451.366288     4.8640      6.662   255.1869 5.4367e+00    12.8890      3.118      4.522    12.1871 0.0000e+00
      3.077     -0.247     2.2582     19.038    606.860 451.392503     5.0562      6.659   253.4093 5.9588e+00    12.2799      3.011      4.367    12.1873 0.0000e+00
      2.996     -0.253     2.2146     18.456    606.925 451.445042     5.1672      6.659   251.6756 6.3165e+00    11.9795      2.926      4.244    12.1875 0.0000e+00
      2.941     -0.251     2.1654     17.930    606.972 451.483574     5.1986      6.659   250.4859 6.5762e+00    11.9896      2.879      4.177    12.1876 0.0000e+00
      2.896     -0.245     2.1024     17.511    606.948 451.469949     5.2943      6.660   249.5214 6.9338e+00    11.7876      2.847      4.129    12.1876 0.0000e+00
      2.843     -0.242     2.0397     17.178    606.684 451.280338     5.4420      6.662   248.8767 7.3921e+00    11.3477      2.790      4.047    12.1879 0.0000e+00
      2.781     -0.243     1.9754     16.880    605.259 450.226974     5.5193      6.661   248.7994 7.8764e+00    11.0775      2.727      3.957    12.1883 0.0000e+00
      2.713     -0.248     1.9151     16.607    597.459 444.431379     5.5383      6.656   248.4149 8.4787e+00    10.9798      2.667      3.868    12.1885 0.0000e+00
      2.637     -0.252     1.8727     16.377    573.097 426.316840     5.5549      6.654   247.4964 9.1528e+00     9.9605      2.585      3.750    12.1889 0.0000e+00
      2.566     -0.250     1.8389     16.162    533.185 396.634752     5.5706      6.656   247.1592 9.7026e+00     7.9761      2.507      3.636    12.1895 0.0000e+00
      2.510     -0.240     1.8080     15.915    491.799 365.855126     5.5778      6.659   247.0912 1.0194e+01     6.8341      2.461      3.570    12.1900 0.0000e+00
      2.455     -0.231     1.7766     15.661    458.939 341.418620     5.5756      6.662   246.0707 1.0835e+01     6.7081      2.414      3.502    12.1905 0.0000e+00
      2.393     -0.227     1.7527     15.434    440.006 327.342753     5.5861      6.665   244.8022 1.1484e+01     6.5550      2.342      3.397    12.1912 0.0000e+00
      2.339     -0.230     1.7345     15.258    435.436 323.954955     5.6130      6.667   244.4017 1.1994e+01     6.2470      2.288      3.318    12.1920 0.0000e+00
      2.293     -0.238     1.7052     15.195    438.874 326.527546     5.6345      6.668   243.4645 1.2691e+01     6.0910      2.258      3.274    12.1927 0.0000e+00
      2.231     -0.251     1.6764     15.232    441.789 328.714079     5.6375      6.669   241.2147 1.3737e+01     6.1048      2.194      3.183    12.1936 0.0000e+00
      2.156     -0.267     1.6538     15.294    439.585 327.093953     5.5327      6.672   239.9997 1.4776e+01     5.9015      2.107      3.056    12.1945 0.0000e+00
      2.087     -0.281     1.6290     15.378    436.255 324.638090     5.3248      6.673   240.3894 1.5727e+01     5.4771      2.045      2.964    12.1958 0.0000e+00
      2.021     -0.286     1.6236     15.505    437.344 325.472697     5.2132      6.670   240.3342 1.7096e+01     5.2436      1.992      2.890    12.1976 0.0000e+00
      1.936     -0.281     1.6328     15.673    441.025 328.239211     5.2152      6.669   239.3321 1.8921e+01     5.1616      1.903      2.760    12.1996 0.0000e+00
      1.846     -0.272     1.6377     15.869    443.043 329.769207     5.3994      6.673   238.9417 2.0396e+01     4.8273      1.797      2.605    12.2019 0.0000e+00
      1.780     -0.261     1.6458     16.066    444.967 331.227996     5.7593      6.676   239.3136 2.1357e+01     4.2759      1.737      2.520    12.2044 0.0000e+00
      1.730     -0.249     1.6594     16.213    448.523 333.903045     5.9534      6.676   238.7527 2.2564e+01     3.9600      1.705      2.473    12.2071 0.0000e+00
      1.671     -0.241     1.6779     16.291    450.836 335.652867     5.9573      6.678   237.5802 2.4118e+01     3.9456      1.642      2.380    12.2103 0.0000e+00
      1.610     -0.242     1.6991     16.326    451.135 335.903276     5.7979      6.683   237.4406 2.5456e+01     4.0344      1.571      2.278    12.2136 0.0000e+00
      1.558     -0.252     1.7230     16.316    450.748 335.643045     5.4913      6.686   237.9257 2.6911e+01     4.1791      1.531      2.220    12.2163 0.0000e+00
      1.498     -0.262     1.7398     16.260    448.401 333.923010     5.3293      6.686   237.8530 2.9245e+01     4.2949      1.482      2.149    12.2194 0.0000e+00
      1.417     -0.271     1.7451     16.158    444.969 331.395071     5.3123      6.687   237.3353 3.2070e+01     4.3075      1.390      2.016    12.2228 0.0000e+00
      1.335     -0.280     1.7503     16.019    445.038 331.473794     5.3276      6.689   237.0871 3.4531e+01     4.2288      1.299      1.885    12.2258 0.0000e+00
      1.267     -0.283     1.7485     15.885    447.925 333.651510     5.3809      6.689   237.1756 3.6883e+01     4.1289      1.242      1.801    12.2287 0.0000e+00
      1.202     -0.273     1.7425     15.794    446.759 332.810908     5.4073      6.689   237.0286 4.0008e+01     4.0224      1.187      1.721    12.2319 0.0000e+00
      1.126     -0.251     1.7317     15.726    441.478 328.905515     5.4062      6.689   236.8573 4.3610e+01     3.8974      1.105      1.602    12.2352 0.0000e+00
      1.051     -0.223     1.7146     15.664    440.159 327.952738     5.5009      6.686   237.3422 4.6602e+01     3.8472      1.022      1.482    12.2381 0.0000e+00
      0.992     -0.195     1.6980     15.652    445.607 332.041978     5.6945      6.681   237.8156 4.8813e+01     3.8937      0.968      1.404    12.2412 0.0000e+00
      0.950     -0.171     1.6893     15.683    452.505 337.211996     5.8162      6.680   237.4180 5.0571e+01     3.9468      0.929      1.347    12.2444 0.0000e+00
      0.920     -0.154     1.6846     15.738    452.902 337.539360     5.8406      6.684   236.9225 5.1483e+01     4.0112      0.896      1.299    12.2476 0.0000e+00
      0.901     -0.145     1.6732     15.860    444.830 331.555906     5.8476      6.687   237.1597 5.2231e+01     4.0913      0.886      1.284    12.2509 0.0000e+00
      0.875     -0.150     1.6729     16.059    434.779 324.097341     5.8678      6.689   237.4460 5.4615e+01     4.1647      0.870      1.260    12.2543 0.0000e+00
      0.828     -0.170     1.6790     16.297    427.807 318.935724     5.8858      6.691   237.1150 5.8066e+01     4.2489      0.814      1.180    12.2576 0.0000e+00
      0.776     -0.201     1.6804     16.548    424.931 316.829392     5.8647      6.694   236.7712 6.1021e+01     4.2555      0.755      1.094    12.2611 0.0000e+00
      0.730     -0.230     1.6934     16.768    424.457 316.516107     5.7214      6.697   236.9895 6.4540e+01     4.0737      0.719      1.043    12.2649 0.0000e+00
      0.675     -0.246     1.7172     16.910    423.083 315.533895     5.4844      6.698   237.3450 7.0924e+01     3.8273      0.676      0.980    12.2685 0.0000e+00
      0.594     -0.250     1.7424     16.986    420.135 313.380243     5.3545      6.697   237.0258 7.9751e+01     3.7013      0.586      0.849    12.2725 0.0000e+00
      0.505     -0.246     1.7707     17.006    416.270 310.545188     5.3578      6.697   236.1410 8.7689e+01     3.6443      0.483      0.700    12.2770 0.0000e+00
      0.440     -0.241     1.7974     16.959    408.496 304.795008     5.4991      6.697   235.0789 9.3479e+01     3.5813      0.424      0.615    12.2818 0.0000e+00
      0.393     -0.235     1.8106     16.872    392.072 292.589856     5.7471      6.697   233.9061 9.9632e+01     3.5546      0.388      0.563    12.2867 0.0000e+00
      0.348     -0.231     1.8175     16.759    367.469 274.277893     5.8767      6.697   233.4043 1.0715e+02     3.5604      0.343      0.498    12.2920 0.0000e+00
      0.298     -0.236     1.8219     16.626    342.501 255.689120     5.8598      6.695   233.4848 1.1579e+02     3.5487      0.294      0.427    12.2979 0.0000e+00
      0.240     -0.254     1.8135     16.491    325.396 242.966174     5.7669      6.692   232.9872 1.2754e+02     3.5166      0.242      0.352    12.3041 0.0000e+00
      0.167     -0.282     1.8046     16.368    316.622 236.461564     5.6361      6.693   232.0338 1.4179e+02     3.4786      0.168      0.243    12.3106 0.0000e+00
      0.086     -0.313     1.7918     16.237    312.523 233.447013     5.5764      6.697   230.9916 1.5792e+02     3.5334      0.080      0.114    12.3172 0.0000e+00
      0.008     -0.343     1.7774     16.095    311.065 232.405226     5.5863      6.700   230.1083 1.8559e+02     4.5205      0.011      0.015    12.3241 0.0000e+00
     -0.078     -0.363     1.7610     15.986    312.432 233.476073     5.6218      6.701   230.6466 2.1543e+02    14.9697     -0.065     -0.095    12.3312 0.0000e+00
     -0.182     -0.366     1.7490     15.911    318.847 238.321316     5.6736      6.697   232.8546 2.2343e+02    34.0570     -0.178     -0.260    12.3383 0.0000e+00
     -0.292     -0.357     1.7369     15.866    329.393 246.256292     5.7042      6.686   234.3483 2.1508e+02    44.4540     -0.286     -0.416    12.3458 0.0000e+00
     -0.399     -0.343     1.7157     15.816    339.216 253.651468     5.7338      6.666   234.5104 2.0446e+02    44.8625     -0.394     -0.572    12.3533 0.0000e+00
     -0.487     -0.313     1.7074     15.729    351.619 262.978623     6.0318      6.647   236.6217 1.9815e+02    38.8599     -0.499     -0.723    12.3613 0.0000e+00
     -0.544     -0.266     1.6966     15.628    370.937 277.480210     6.5853      6.636   241.2910 1.9301e+02    27.7618     -0.527     -0.764    12.3694 0.0000e+00
     -0.606     -0.212     1.6937     15.536    387.624 290.014960     6.8922      6.631   244.5913 1.8207e+02    21.8990     -0.583     -0.845    12.3774 0.0000e+00
     -0.676     -0.159     1.6908     15.440    395.120 295.674054     6.8465      6.626   244.4331 1.7326e+02    23.4830     -0.686     -0.995    12.3848 0.0000e+00
     -0.712     -0.112     1.6781     15.294    398.475 298.233689     5.7407      6.620   244.5399 1.6927e+02    46.6059     -0.708     -1.026    12.3922 0.0000e+00
     -0.718     -0.074     1.6675     15.117    401.045 300.204328     3.6680      6.615   248.2917 1.6096e+02    89.0040     -0.703     -1.019    12.3995 0.0000e+00
     -0.719     -0.039     1.6556     14.964    402.807 301.568257     2.5345      6.607   254.2621 1.4911e+02   111.9233     -0.706     -1.025    12.4063 0.0000e+00
     -0.719     -0.013     1.6500     14.833    404.266 302.704559     2.4818      6.591   259.9416 1.4152e+02   111.7622     -0.704     -1.021    12.4128 0.0000e+00
     -0.719     -0.002     1.6321     14.708    406.084 304.107745     3.0884      6.568   263.7897 1.3770e+02    87.3976     -0.705     -1.022    12.4189 0.0000e+00
     -0.719 -1.117e-09     1.6096     14.594    408.295 305.804775     4.2188      6.548   265.8577 1.3505e+02    42.4438     -0.704     -1.022    12.4248 0.0000e+00
     -0.719 -1.228e-08     1.5945     14.509    410.209 307.278444     4.8293      6.536   267.4785 1.3370e+02    17.9382     -0.705     -1.023    12.4305 0.0000e+00
     -0.719 -1.351e-07     1.5809     14.477    411.514 308.294768     4.7934      6.527   273.3203 1.3281e+02    15.7011     -0.705     -1.022    12.4358 0.0000e+00
     -0.719 -1.351e-07     1.5677     14.552    405.829 304.074758     3.6847      6.512   284.5218 1.3248e+02    14.8831     -0.705     -1.023    12.4411 0.0000e+00
     -0.719 -1.228e-08     1.5530     14.657    386.907 289.931130     1.6282      6.492   292.4416 1.3181e+02    13.6836     -0.705     -1.023    12.4461 0.0000e+00
     -0.719 -1.116e-09     1.5457     14.647    364.867 273.445409     0.4957      6.478   293.5351 1.3504e+02    12.9832     -0.705     -1.023    12.4509 0.0000e+00
     -0.719 -1.015e-10     1.5366     14.598    351.847 263.714849     0.3777      6.474   292.8390 1.4427e+02    12.6999     -0.705     -1.023    12.4556 0.0000e+00
     -0.719 -9.225e-12     1.5465     14.674    351.775 263.688950     0.3018      6.476   292.4568 1.5008e+02    10.7021     -0.705     -1.023    12.4605 0.0000e+00
     -0.719 -8.390e-13     1.5699     14.915    361.587 271.074099     0.1775      6.480   292.0117 1.5057e+02     7.1033     -0.705     -1.022    12.4652 0.0000e+00
     -0.719 -7.625e-14     1.5621     15.298    370.847 278.047220     0.1064      6.481   292.1897 1.4946e+02     5.2252     -0.705     -1.023    12.4690 0.0000e+00
     -0.719 -6.930e-15     1.5476     15.697    373.869 280.344670     0.1077      6.482   292.3714 1.4750e+02     5.3469     -0.705     -1.023    12.4728 0.0000e+00
     -0.719 -6.300e-16     1.5575     16.061    375.558 281.643835     0.2516      6.485   286.9819 1.4625e+02     8.5407     -0.705     -1.022    12.4767 0.0000e+00
     -0.719 -5.730e-17     1.5816     16.486    386.350 289.771803     0.5236      6.487   280.8866 1.4629e+02    14.5325     -0.705     -1.023    12.4807 0.0000e+00
     -0.719 -5.210e-18     1.6272     16.743    413.790 310.389976     0.6823      6.487   285.2680 1.4540e+02    17.8437     -0.705     -1.022    12.4850 0.0000e+00
     -0.719 -4.735e-19     1.6793     16.658    450.160 337.709112     0.7058      6.486   288.7631 1.4303e+02    18.1401     -0.705     -1.023    12.4894 0.0000e+00
     -0.719 -4.304e-20     1.6988     16.454    473.865 355.530676     0.6331      6.485   283.4813 1.4530e+02    17.6376     -0.705     -1.023    12.4937 0.0000e+00
     -0.719 -3.913e-21     1.7618     16.201    479.679 359.930936     0.4936      6.486   273.2887 1.5580e+02    16.6532     -0.705     -1.023    12.4982 0.0000e+00
     -0.719 -3.557e-22     1.8037     15.890    484.591 363.656555     0.4178      6.488   259.3082 1.7445e+02    16.1440     -0.705     -1.023    12.5026 0.0000e+00
     -0.719 -3.234e-23     1.7696     15.634    494.890 371.425568     0.3912      6.491   250.8154 2.0553e+02    15.8188     -0.706     -1.024    12.5067 0.0000e+00
     -0.719 -2.940e-24     1.7533     15.518    498.131 373.898828     0.2714      6.494   248.9847 2.5028e+02    12.3110     -0.705     -1.023    12.5108 0.0000e+00
     -0.719 -2.673e-25     1.7270     15.523    488.533 366.735807     0.0520      6.498   248.7895 2.8681e+02     5.8419     -0.705     -1.023    12.5148 0.0000e+00
     -0.719 -2.430e-26     1.6881     15.634    472.563 354.787683    -0.0811      6.502   249.9177 2.9771e+02     2.2313     -0.706     -1.024    12.5189 0.0000e+00
     -0.719 -2.209e-27     1.6551     15.761    458.213 344.052587    -0.0894      6.506   250.2357 3.0085e+02     1.8588     -0.705     -1.023    12.5230 0.0000e+00
     -0.720 -2.008e-28     1.6468     15.749    450.926 338.620181    -0.0736      6.512   249.4517 3.0465e+02     1.8161     -0.706     -1.024    12.5271 0.0000e+00
     -0.720 -1.825e-29     1.6461     15.682    448.846 337.095660    -0.0642      6.517   248.8692 3.0112e+02     1.7488     -0.706     -1.024    12.5315 0.0000e+00
