Data/DataNotYetUploadedToEDI/Raw_CTD/RawDownloads/100923_bvr50_S7809001.cnv
* Sea-Bird SBE19plus  Data File:
* FileName = C:\R\Reservoirs\Data\DataNotYetUploadedToEDI\Raw_CTD\RawDownloads\100923_bvr50_S7809_0001.hex
* Software version 2.8.0.119
* Temperature SN = 7809
* Conductivity SN = 7809
* System UpLoad Time = Oct 10 2023 16:04:15
* <ApplicationData>
* <Seaterm232>
# nquan = 15
# nvalues = 1375                        
# units = specified
# name 0 = depFM: Depth [fresh water, m]
# name 1 = dz/dtM: Descent Rate [m/s]
# name 2 = sbeox0Mg/L: Oxygen, SBE 43 [mg/l]
# name 3 = sbeox0PS: Oxygen, SBE 43 [% saturation]
# name 4 = specc: Specific Conductance [uS/cm]
# name 5 = c0uS/cm: Conductivity [uS/cm]
# name 6 = flECO-AFL: Fluorescence, WET Labs ECO-AFL/FL [mg/m^3]
# name 7 = ph: pH
# name 8 = orp: Oxidation Reduction Potential [mV]
# name 9 = par/sat/log: PAR/Logarithmic, Satlantic
# name 10 = turbWETntu0: Turbidity, WET Labs ECO [NTU]
# name 11 = prdM: Pressure, Strain Gauge [db]
# name 12 = prdE: Pressure, Strain Gauge [psi]
# name 13 = tv290C: Temperature [ITS-90, deg C]
# name 14 = flag:  0.000e+00
# span 0 =     -0.798,      8.725       
# span 1 =     -0.862,      0.256       
# span 2 =    -0.3871,     9.7422       
# span 3 =     -3.525,     99.796       
# span 4 =     -0.543,    230.218       
# span 5 =  -0.418053, 160.934478       
# span 6 =    -0.9190,     9.5708       
# span 7 =      4.194,      6.857       
# span 8 =  -975.0425,  1240.2295       
# span 9 = 1.2370e-01, 1.9811e+03       
# span 10 =    -0.2713,    81.4112      
# span 11 =     -0.783,      8.557      
# span 12 =     -1.136,     12.411      
# span 13 =     9.9403,    17.2428      
# span 14 = 0.0000e+00, 0.0000e+00      
# interval = seconds: 0.25
# start_time = Oct 09 2023 10:22:23 [Instrument's time stamp, header]
# bad_flag = -9.990e-29
*END*
[from data line 1350]
     -0.796     -0.004     6.7463     72.525     18.443  15.478621     0.0296      6.795   192.0193 3.4887e+02     4.4968     -0.781     -1.132    17.1575 0.0000e+00
     -0.796     -0.001     6.7658     73.678     25.539  21.416131    -0.1244      6.791   195.3292 3.6922e+02     4.8329     -0.781     -1.132    17.1215 0.0000e+00
     -0.797     -0.001     6.8169     74.715     31.448  26.352843    -0.3898      6.785   204.5551 3.0666e+02     5.4133     -0.781     -1.134    17.0773 0.0000e+00
     -0.797     -0.001     6.8979     75.390     36.431  30.522662    -0.5324      6.778   215.5501 2.7764e+02     5.6735     -0.782     -1.135    17.0299 0.0000e+00
     -0.797     -0.001     7.0057     75.654     34.861  29.212057    -0.5330      6.774   210.9975 3.3374e+02     5.5531     -0.782     -1.134    16.9774 0.0000e+00
     -0.798     -0.001     7.1350     75.614     25.774  21.602889    -0.4226      6.777   197.1758 4.2311e+02     4.0603     -0.782     -1.135    16.9258 0.0000e+00
     -0.798     -0.001     7.2514     75.398     15.694  13.157784    -0.2214      6.781   183.1709 5.1866e+02     1.3564     -0.783     -1.135    16.8902 0.0000e+00
     -0.798     -0.000     7.3191     75.101      9.540   7.998799    -0.1049      6.784   168.1436 5.9177e+02    -0.0516     -0.782     -1.135    16.8803 0.0000e+00
     -0.798 -1.863e-08     7.3369     74.790      6.700   5.617570    -0.0800      6.789   148.7569 6.0943e+02    -0.1878     -0.782     -1.135    16.8934 0.0000e+00
     -0.798 -2.049e-07     7.3270     74.539      5.538   4.642332    -0.0787      6.793   131.0844 5.7271e+02    -0.2562     -0.783     -1.136    16.9112 0.0000e+00
     -0.798 -2.049e-07     7.3006     74.389      4.924   4.126664    -0.0810      6.789   109.9403 5.5261e+02    -0.0588     -0.783     -1.135    16.9222 0.0000e+00
     -0.798 -1.863e-08     7.2704     74.342      4.557   3.817277    -0.0660      6.763    88.0713 6.0177e+02     0.3550     -0.782     -1.134    16.9248 0.0000e+00
     -0.798 -1.693e-09     7.2379     74.364      4.784   4.005737    -0.0632      6.696    87.3581 7.1177e+02     0.5789     -0.783     -1.135    16.9196 0.0000e+00
     -0.798 -1.539e-10     7.2130     74.340      5.382   4.504759    -0.0808      6.606    71.6337 8.0617e+02     0.5989     -0.783     -1.136    16.9090 0.0000e+00
     -0.798 -1.400e-11     7.2025     74.196      5.793   4.846164    -0.1125      6.539    10.3166 8.1573e+02     0.7334     -0.783     -1.135    16.8953 0.0000e+00
     -0.798 -1.272e-12     7.1981     73.907      5.863   4.902688    -0.1387      6.504   -48.1336 8.4002e+02     1.0429     -0.783     -1.135    16.8802 0.0000e+00
     -0.798 -1.157e-13     7.2103     73.432      5.374   4.491278    -0.1401      6.474   -59.9101 9.4448e+02     1.2324     -0.783     -1.136    16.8639 0.0000e+00
     -0.798 -1.052e-14     7.2122     72.780      4.700   3.926377    -0.1454      6.451   -54.8100 1.0033e+03     1.2493     -0.783     -1.135    16.8456 0.0000e+00
     -0.798 -9.561e-16     7.2010     71.989      4.368   3.647461    -0.1359      6.443   -62.6990 9.9103e+02     1.3492     -0.783     -1.136    16.8253 0.0000e+00
     -0.798 -8.762e-17     7.1790     71.149      4.224   3.526241    -0.0923      6.442   -69.8582 9.6857e+02     1.5522     -0.783     -1.135    16.8034 0.0000e+00
     -0.798 -1.580e-17     7.1360     70.734      4.163   3.474301    -0.0673      6.441   -70.9912 9.3501e+02     1.6537     -0.782     -1.135    16.7830 0.0000e+00
     -0.798 -9.990e-29     7.0715 -9.990e-29 -9.990e-29 -9.990e-29 -9.990e-29 -9.990e-29 -9.990e-29 9.0144e+02 -9.990e-29     -0.783     -1.135    16.7622 0.0000e+00
     -0.798 -9.990e-29     7.0017 -9.990e-29 -9.990e-29 -9.990e-29 -9.990e-29 -9.990e-29 -9.990e-29 8.8506e+02 -9.990e-29     -0.783     -1.135    16.7444 0.0000e+00
     -0.798 -9.990e-29     6.9047 -9.990e-29 -9.990e-29 -9.990e-29 -9.990e-29 -9.990e-29 -9.990e-29 8.8206e+02 -9.990e-29     -0.783     -1.135    16.7236 0.0000e+00
     -0.798 -9.990e-29     6.8352 -9.990e-29 -9.990e-29 -9.990e-29 -9.990e-29 -9.990e-29 -9.990e-29 8.8221e+02 -9.990e-29     -0.783     -1.135    16.7087 0.0000e+00
