Data/DataNotYetUploadedToEDI/Raw_CTD/RawDownloads/100923_bvr50_S7809001.cnv
* Sea-Bird SBE19plus  Data File:
* FileName = C:\R\Reservoirs\Data\DataNotYetUploadedToEDI\Raw_CTD\RawDownloads\100923_bvr50_S7809_0001.hex
* Software version 2.8.0.119
* Temperature SN = 7809
* Conductivity SN = 7809
* System UpLoad Time = Oct 10 2023 16:04:15
* <ApplicationData>
* <Seaterm232>
# nquan = 15
# nvalues = 1375                        
# units = specified
# name 0 = depFM: Depth [fresh water, m]
# name 1 = dz/dtM: Descent Rate [m/s]
# name 2 = sbeox0Mg/L: Oxygen, SBE 43 [mg/l]
# name 3 = sbeox0PS: Oxygen, SBE 43 [% saturation]
# name 4 = specc: Specific Conductance [uS/cm]
# name 5 = c0uS/cm: Conductivity [uS/cm]
# name 6 = flECO-AFL: Fluorescence, WET Labs ECO-AFL/FL [mg/m^3]
# name 7 = ph: pH
# name 8 = orp: Oxidation Reduction Potential [mV]
# name 9 = par/sat/log: PAR/Logarithmic, Satlantic
# name 10 = turbWETntu0: Turbidity, WET Labs ECO [NTU]
# name 11 = prdM: Pressure, Strain Gauge [db]
# name 12 = prdE: Pressure, Strain Gauge [psi]
# name 13 = tv290C: Temperature [ITS-90, deg C]
# name 14 = flag:  0.000e+00
# span 0 =     -0.798,      8.725       
# span 1 =     -0.862,      0.256       
# span 2 =    -0.3871,     9.7422       
# span 3 =     -3.525,     99.796       
# span 4 =     -0.543,    230.218       
# span 5 =  -0.418053, 160.934478       
# span 6 =    -0.9190,     9.5708       
# span 7 =      4.194,      6.857       
# span 8 =  -975.0425,  1240.2295       
# span 9 = 1.2370e-01, 1.9811e+03       
# span 10 =    -0.2713,    81.4112      
# span 11 =     -0.783,      8.557      
# span 12 =     -1.136,     12.411      
# span 13 =     9.9403,    17.2428      
# span 14 = 0.0000e+00, 0.0000e+00      
# interval = seconds: 0.25
# start_time = Oct 09 2023 10:22:23 [Instrument's time stamp, header]
# bad_flag = -9.990e-29
*END*
[from data line 97]
     -0.677      0.027     9.0797     92.718     35.578  29.523195    -0.2726      5.775  1238.2419 8.5152e+02     1.6700     -0.666     -0.966    16.3311 0.0000e+00
     -0.670      0.037     9.0724     92.692     35.514  29.506876    -0.2746      5.843  1218.3658 8.6442e+02     1.7417     -0.661     -0.959    16.3948 0.0000e+00
     -0.655      0.044     9.0654     92.658     35.511  29.556789    -0.2549      5.916   999.7285 8.9807e+02     1.7276     -0.644     -0.932    16.4285 0.0000e+00
     -0.636      0.048     9.0632     92.621     35.516  29.619300    -0.2087      5.990   592.0331 9.4459e+02     1.2257     -0.624     -0.904    16.4521 0.0000e+00
     -0.620      0.050     9.0605     92.586     35.460  29.628456    -0.1493      6.054   355.8593 9.8274e+02     0.2847     -0.606     -0.880    16.4806 0.0000e+00
     -0.609      0.047     9.0452     92.576     35.296  29.540703    -0.1195      6.105   320.6203 1.0023e+03    -0.2222     -0.595     -0.863    16.5291 0.0000e+00
     -0.600      0.041     9.0289     92.594     35.057  29.382948    -0.1064      6.142   313.4323 1.0124e+03    -0.1888     -0.590     -0.856    16.6088 0.0000e+00
     -0.591      0.036     9.0073     92.618     34.847  29.243438    -0.0984      6.159   311.7983 1.0201e+03     0.2447     -0.580     -0.841    16.6963 0.0000e+00
     -0.581      0.033     8.9893     92.635     34.742  29.185980    -0.0976      6.160   309.7254 1.0149e+03     0.9885     -0.569     -0.825    16.7772 0.0000e+00
     -0.573      0.032     8.9714     92.656     34.724  29.195711    -0.0894      6.160   307.4693 9.9281e+02     1.3916     -0.562     -0.816    16.8468 0.0000e+00
     -0.567      0.031     8.9699     92.693     34.749  29.234270    -0.0913      6.163   304.9970 9.7954e+02     1.4639     -0.557     -0.807    16.9051 0.0000e+00
     -0.560      0.030     8.9521     92.893     34.858  29.335053    -0.1285      6.166   301.7731 9.9310e+02     1.6913     -0.550     -0.797    16.9582 0.0000e+00
     -0.551      0.032     8.9620     94.870     35.083  29.526261    -0.1814      6.169   299.4635 1.0167e+03     2.0238     -0.541     -0.784    17.0034 0.0000e+00
     -0.544      0.035     8.9285     98.318     35.297  29.706661    -0.2069      6.172   299.4419 1.0297e+03     2.3070     -0.533     -0.772    17.0391 0.0000e+00
     -0.537      0.038     8.9733     99.796     35.343  29.740190    -0.1696      6.173   300.2223 1.0349e+03     4.1253     -0.528     -0.766    17.0654 0.0000e+00
     -0.528      0.039     8.8951     99.243     35.312  29.677920     0.2704      6.172   301.1555 1.0539e+03    24.0083     -0.521     -0.755    17.0780 0.0000e+00
     -0.513      0.036     9.0252     98.667     35.285  29.588030     1.0593      6.170   301.3464 1.0896e+03    60.3677     -0.502     -0.728    17.0750 0.0000e+00
     -0.498      0.031     9.6341     98.357     35.231  29.477864     1.4779      6.166   299.7779 1.1216e+03    80.1511     -0.485     -0.704    17.0750 0.0000e+00
     -0.490      0.025     9.7025     97.856     35.218  29.424155     1.5199      6.161   298.7096 1.1393e+03    81.4112     -0.480     -0.696    17.0874 0.0000e+00
     -0.486      0.019     9.5516     96.817     35.276  29.446032     1.5924      6.155   298.3250 1.1424e+03    75.0563     -0.475     -0.690    17.0402 0.0000e+00
     -0.486      0.014     9.5485     95.456     35.348  29.488620     1.7140      6.147   297.5367 1.1349e+03    63.0593     -0.476     -0.690    16.9168 0.0000e+00
     -0.488      0.012     9.5425     94.373     35.368  29.495050     1.7741      6.138   296.4914 1.1256e+03    56.4617     -0.481     -0.697    16.8150 0.0000e+00
     -0.486      0.013     9.5327     94.030     35.333  29.460326     1.7617      6.130   295.7529 1.1195e+03    55.7123     -0.479     -0.695    16.7629 0.0000e+00
     -0.480      0.016     9.4194     94.110     35.256  29.385929     1.7389      6.122   295.2327 1.1160e+03    54.5113     -0.471     -0.683    16.7299 0.0000e+00
     -0.473      0.020     9.2759     93.989     35.163  29.293246     1.7148      6.114   294.2455 1.1146e+03    41.8039     -0.463     -0.672    16.7033 0.0000e+00
     -0.467      0.024     9.1439     93.767     35.098  29.227702     1.6865      6.108   293.0229 1.1160e+03    18.4497     -0.457     -0.663    16.6896 0.0000e+00
     -0.462      0.026     9.1267     93.809     35.023  29.164299     1.6630      6.103   291.2057 1.1180e+03     5.6862     -0.452     -0.656    16.6895 0.0000e+00
     -0.456      0.028     9.1754     93.935     34.932  29.097509     1.6483      6.095   285.0074 1.1187e+03     4.5454     -0.447     -0.649    16.6756 0.0000e+00
     -0.449      0.033     9.1565     93.830     34.859  29.054465     1.6495      6.079   275.6405 1.1160e+03     4.4852     -0.441     -0.639    16.6458 0.0000e+00
     -0.441      0.041     9.1144     93.675     34.792  29.024450     1.6698      6.058   271.6472 1.1098e+03     4.4801     -0.433     -0.628    16.6287 0.0000e+00
     -0.432      0.048     9.1324     93.787     34.709  28.988349     1.6769      6.043   273.5497 1.1026e+03     4.4499     -0.424     -0.615    16.6281 0.0000e+00
     -0.419      0.053     9.1608     94.260     34.599  28.935167     1.6599      6.036   276.1873 1.0855e+03     4.4278     -0.413     -0.598    16.6407 0.0000e+00
     -0.401      0.053     9.1355     95.299     34.499  28.888915     1.6562      6.030   276.8667 1.0495e+03     4.4514     -0.393     -0.570    16.6668 0.0000e+00
     -0.381      0.051     9.0915     96.464     34.439  28.873169     1.6735      6.024   276.4291 1.0114e+03     4.4966     -0.370     -0.538    16.7031 0.0000e+00
     -0.366      0.047     9.1070     96.516     34.399  28.871672     1.6771      6.018   276.8321 9.9347e+02     4.4958     -0.356     -0.516    16.7527 0.0000e+00
     -0.357      0.040     9.1187     94.725     34.364  28.870862     1.6590      6.011   277.2662 9.9087e+02     4.4413     -0.349     -0.506    16.8114 0.0000e+00
     -0.351      0.032     9.2172     91.174     34.326  28.863402     1.6877      6.003   277.2892 9.8487e+02     4.4190     -0.345     -0.500    16.8672 0.0000e+00
     -0.345      0.026     9.3869     86.478     34.281  28.844936     1.7907      5.997   277.4548 9.7282e+02     4.4651     -0.339     -0.491    16.9165 0.0000e+00
     -0.338      0.023     9.4014     81.453     34.254  28.837909     1.8722      5.992   277.8061 9.6239e+02     4.4864     -0.331     -0.480    16.9632 0.0000e+00
     -0.332      0.022     9.2154     76.594     34.246  28.841886     1.8903      5.988   278.1806 9.5449e+02     4.4372     -0.325     -0.471    17.0051 0.0000e+00
     -0.328      0.023     8.8457     72.264     34.223  28.829604     1.9357      5.984   278.5411 9.4202e+02     4.4167     -0.321     -0.465    17.0406 0.0000e+00
     -0.324      0.024     8.3498     68.982     34.199  28.816274     2.0293      5.979   280.0136 9.1755e+02     4.4435     -0.319     -0.463    17.0698 0.0000e+00
     -0.318      0.024     7.8500     67.054     34.184  28.807575     2.0730      5.976   282.2196 8.9086e+02     4.4539     -0.314     -0.455    17.0920 0.0000e+00
     -0.310      0.023     7.3714     66.309     34.159  28.787855     2.0725      5.974   282.4994 8.7966e+02     4.4405     -0.304     -0.440    17.1066 0.0000e+00
     -0.301      0.020     6.9292     66.315     34.134  28.768135     2.0744      5.971   282.1057 8.8090e+02     4.4181     -0.295     -0.428    17.1172 0.0000e+00
     -0.295      0.016     6.5981     66.595     34.124  28.759431     2.0705      5.969   282.6220 8.8066e+02     4.4563     -0.288     -0.419    17.1267 0.0000e+00
     -0.293      0.011     6.4216     66.853     34.109  28.746044     2.0665      5.968   282.5468 8.7558e+02     4.5263     -0.286     -0.415    17.1324 0.0000e+00
     -0.293      0.006     6.3644     67.068     34.096  28.733131     2.0603      5.969   282.6594 8.6961e+02     4.5132     -0.287     -0.416    17.1338 0.0000e+00
     -0.293      0.002     6.3827     67.197     34.094  28.730153     2.0532      5.971   283.2947 8.6579e+02     4.4337     -0.288     -0.418    17.1347 0.0000e+00
     -0.292      0.000     6.4225     67.135     34.069  28.710032     2.0476      5.974   284.2920 8.6360e+02     4.3861     -0.288     -0.416    17.1366 0.0000e+00
     -0.292      0.000     6.4417     66.890     34.034  28.680134     2.0504      5.975   285.8553 8.6147e+02     4.4155     -0.286     -0.414    17.1364 0.0000e+00
     -0.293      0.001     6.4658     66.576     34.041  28.685804     2.0632      5.975   286.1934 8.6047e+02     4.4810     -0.287     -0.417    17.1307 0.0000e+00
     -0.294      0.004     6.4846     66.286     34.076  28.715164     2.0683      5.974   285.6264 8.6166e+02     4.4954     -0.290     -0.420    17.1281 0.0000e+00
     -0.294      0.006     6.4770     66.066     34.077  28.717979     2.0463      5.974   285.6245 8.6143e+02     4.4520     -0.289     -0.419    17.1308 0.0000e+00
     -0.291      0.007     6.4487     65.988     34.076  28.719840     2.0130      5.975   286.0849 8.5809e+02     4.4693     -0.286     -0.414    17.1306 0.0000e+00
     -0.288      0.007     6.4148     66.098     34.095  28.737667     2.0065      5.977   286.6331 8.5609e+02     4.5337     -0.282     -0.409    17.1289 0.0000e+00
     -0.284      0.007     6.3871     66.387     34.100  28.743243     2.0178      5.977   287.0903 8.5661e+02     4.5138     -0.277     -0.403    17.1297 0.0000e+00
     -0.281      0.006     6.3615     66.828     34.076  28.723829     2.0413      5.977   287.5686 8.5600e+02     4.5023     -0.275     -0.399    17.1327 0.0000e+00
     -0.281      0.003     6.3522     67.388     34.041  28.693226     2.0828      5.978   288.0280 8.5334e+02     4.5988     -0.275     -0.398    17.1358 0.0000e+00
     -0.282      0.001     6.3629     67.944     34.038  28.690364     2.1195      5.980   288.2569 8.5052e+02     4.6903     -0.276     -0.401    17.1386 0.0000e+00
     -0.283      0.000     6.3919     68.371     34.036  28.689220     2.1362      5.980   288.1853 8.4628e+02     4.7202     -0.278     -0.403    17.1419 0.0000e+00
     -0.283      0.000     6.4340     68.680     34.023  28.679398     2.1345      5.980   288.0232 8.3918e+02     4.6867     -0.277     -0.402    17.1429 0.0000e+00
     -0.282      0.001     6.4926     68.906     34.045  28.698458     2.1070      5.980   288.1894 8.3157e+02     4.5584     -0.277     -0.401    17.1410 0.0000e+00
     -0.282      0.003     6.5536     69.038     34.081  28.729395     2.0710      5.982   289.4208 8.2390e+02     4.4324     -0.277     -0.401    17.1400 0.0000e+00
     -0.281      0.004     6.5915     69.089     34.089  28.736306     2.0646      5.984   290.7805 8.1490e+02     4.4275     -0.276     -0.400    17.1411 0.0000e+00
     -0.280      0.004     6.6191     69.064     34.069  28.718592     2.0724      5.985   291.4654 8.0600e+02     4.4320     -0.275     -0.399    17.1429 0.0000e+00
     -0.279      0.004     6.6431     68.943     34.054  28.705501     2.0645      5.986   292.6254 7.9780e+02     4.3844     -0.273     -0.397    17.1441 0.0000e+00
     -0.277      0.004     6.6539     68.712     34.055  28.704879     2.0524      5.986   292.9323 7.9041e+02     4.3985     -0.272     -0.394    17.1450 0.0000e+00
     -0.275      0.004     6.6587     68.335     34.064  28.711070     2.0512      5.988   292.7666 7.8640e+02     4.4651     -0.270     -0.392    17.1450 0.0000e+00
     -0.275      0.004     6.6580     67.912     34.073  28.716930     2.0584      5.991   294.1497 7.8560e+02     4.5064     -0.270     -0.391    17.1442 0.0000e+00
     -0.275      0.003     6.6457     67.734     34.068  28.712307     2.0975      5.992   295.1148 7.8504e+02     4.5568     -0.270     -0.392    17.1431 0.0000e+00
     -0.274      0.003     6.6255     67.709     34.076  28.718599     2.1662      5.993   294.4556 7.8349e+02     4.6639     -0.268     -0.389    17.1406 0.0000e+00
     -0.273      0.002     6.5916     67.455     34.091  28.729575     2.2148      5.994   294.1810 7.8112e+02     4.7424     -0.268     -0.388    17.1378 0.0000e+00
     -0.272      0.002     6.5308     67.013     34.081  28.718156     2.2356      5.996   295.3216 7.7914e+02     4.7205     -0.267     -0.387    17.1362 0.0000e+00
     -0.272      0.000     6.5160     66.558     34.072  28.707390     2.2096      5.996   295.6850 7.7759e+02     4.6046     -0.266     -0.386    17.1357 0.0000e+00
     -0.272     -0.006     6.5417     66.093     34.099  28.726261     2.1411      5.996   295.0465 7.7507e+02     4.4678     -0.267     -0.387    17.1350 0.0000e+00
     -0.272     -0.022     6.5066     65.675     34.139  28.756034     2.0987      5.996   295.2598 7.7196e+02     4.4674     -0.266     -0.386    17.1331 0.0000e+00
     -0.272     -0.055     6.4552     65.206     34.142  28.750225     2.0794      5.995   293.3592 7.7006e+02     4.9753     -0.267     -0.387    17.1289 0.0000e+00
     -0.276     -0.104     6.4191     64.451     34.135  28.719440     1.8828      5.988   284.3706 7.7730e+02    10.2335     -0.267     -0.387    17.1249 0.0000e+00
     -0.293     -0.158     6.3678     63.686     34.157  28.700933     1.5112      5.976   273.3934 7.9978e+02    19.8102     -0.276     -0.402    17.1170 0.0000e+00
     -0.339     -0.204     6.3299     63.547     34.287  28.780118     1.3075      5.967   275.2385 8.3116e+02    24.9842     -0.317     -0.461    17.1112 0.0000e+00
     -0.420     -0.235     6.3029     64.145     34.526  28.979103     1.2428      5.968   340.9226 8.5417e+02    25.0367     -0.405     -0.587    17.1114 0.0000e+00
     -0.519     -0.250     6.2257     65.163     34.678  29.140552     0.6871      5.982   507.7176 8.4390e+02    19.7952     -0.517     -0.750    17.0708 0.0000e+00
     -0.601     -0.246     6.1250     66.506     34.705  29.209924    -0.3262      5.996   728.0069 8.0714e+02     9.9451     -0.604     -0.877    17.0040 0.0000e+00
     -0.651     -0.220     6.1172     68.119     34.708  29.247075    -0.8796      5.996   915.9048 7.7004e+02     4.4905     -0.643     -0.932    16.9500 0.0000e+00
     -0.689     -0.177     6.1993     69.796     34.713  29.272642    -0.9190      5.973  1007.2516 7.3259e+02     3.9551     -0.670     -0.971    16.9382 0.0000e+00
     -0.733     -0.131     6.2840     71.260     34.693  29.265359    -0.8845      5.939  1032.9966 7.0013e+02     3.9164     -0.722     -1.047    17.0063 0.0000e+00
     -0.769     -0.091     6.4041     72.188     34.566  29.159024    -0.7295      5.906  1063.2810 6.8286e+02     3.5787     -0.763     -1.106    17.0889 0.0000e+00
     -0.787     -0.057     6.5628     72.491     34.386  29.001820    -0.4850      5.874  1106.7823 6.7198e+02     2.8439     -0.775     -1.124    17.1368 0.0000e+00
     -0.791     -0.021     6.7266     72.288     34.332  28.950353    -0.3588      5.839  1052.6268 6.6670e+02     2.3764     -0.778     -1.128    17.1650 0.0000e+00
     -0.789      0.023     6.8815     71.637     34.906  29.424747    -0.3266      5.815   774.9325 6.7640e+02     2.2983     -0.776     -1.125    17.1783 0.0000e+00
     -0.783      0.069     6.9747     70.802     37.390  31.502660    -0.1876      5.830   448.7712 6.9832e+02     2.0019     -0.771     -1.119    17.1769 0.0000e+00
     -0.768      0.114     6.9941     70.101     40.793  34.344873     0.0236      5.870   312.1941 7.2798e+02     1.4229     -0.758     -1.100    17.1673 0.0000e+00
     -0.735      0.155     6.9804     69.361     41.598  34.987483     0.1132      5.899   297.9403 7.6644e+02     1.1384     -0.728     -1.056    17.1588 0.0000e+00
     -0.681      0.195     6.9119     68.563     40.256  33.816752     0.1466      5.913   293.6373 8.0299e+02     1.2616     -0.673     -0.977    17.1481 0.0000e+00
