Data/DataNotYetUploadedToEDI/Raw_CTD/RawDownloads/100923_fcr50_S7809002.cnv
* Sea-Bird SBE19plus  Data File:
* FileName = C:\R\Reservoirs\Data\DataNotYetUploadedToEDI\Raw_CTD\RawDownloads\100923_bvr50_S7809_0002.hex
* Software version 2.8.0.119
* Temperature SN = 7809
* Conductivity SN = 7809
* System UpLoad Time = Oct 10 2023 16:04:52
* <ApplicationData>
* <Seaterm232>
# nquan = 15
# nvalues = 1365                        
# units = specified
# name 0 = depFM: Depth [fresh water, m]
# name 1 = dz/dtM: Descent Rate [m/s]
# name 2 = sbeox0Mg/L: Oxygen, SBE 43 [mg/l]
# name 3 = sbeox0PS: Oxygen, SBE 43 [% saturation]
# name 4 = specc: Specific Conductance [uS/cm]
# name 5 = c0uS/cm: Conductivity [uS/cm]
# name 6 = flECO-AFL: Fluorescence, WET Labs ECO-AFL/FL [mg/m^3]
# name 7 = ph: pH
# name 8 = orp: Oxidation Reduction Potential [mV]
# name 9 = par/sat/log: PAR/Logarithmic, Satlantic
# name 10 = turbWETntu0: Turbidity, WET Labs ECO [NTU]
# name 11 = prdM: Pressure, Strain Gauge [db]
# name 12 = prdE: Pressure, Strain Gauge [psi]
# name 13 = tv290C: Temperature [ITS-90, deg C]
# name 14 = flag:  0.000e+00
# span 0 =     -0.723,      9.541       
# span 1 =     -0.366,      2.803       
# span 2 =     0.1709,     9.5281       
# span 3 =      1.660,     98.087       
# span 4 =      0.337,    608.193       
# span 5 =   0.267130, 452.369975       
# span 6 =    -0.1186,    21.5278       
# span 7 =     -2.402,      9.332       
# span 8 = -1232.1975,  1240.2295       
# span 9 = 1.2365e-01, 4.2301e+02       
# span 10 =     1.3057,   953.0084      
# span 11 =     -0.709,      9.356      
# span 12 =     -1.028,     13.570      
# span 13 =    12.1650,    17.3413      
# span 14 = 0.0000e+00, 0.0000e+00      
# interval = seconds: 0.25
# start_time = Oct 09 2023 12:34:24 [Instrument's time stamp, header]
# bad_flag = -9.990e-29
*END*
[from data line 97]
     -0.722 -3.264e-13     9.5118     93.703      0.439   0.348445    -0.0996      7.816   144.1755 3.4032e+02     1.3562     -0.708     -1.027    14.6750 0.0000e+00
     -0.722 -3.590e-12     9.5127     93.686      0.463   0.367281    -0.0830      7.894   139.3737 3.2263e+02     1.4102     -0.708     -1.027    14.6748 0.0000e+00
     -0.722 -3.949e-11     9.5146     93.685      0.465   0.368993    -0.0680      7.974   152.1663 2.9159e+02     1.4729     -0.708     -1.027    14.6747 0.0000e+00
     -0.722 -4.344e-10     9.5194     93.688      0.465   0.369149    -0.0672      8.057   133.9988 2.7100e+02     1.4649     -0.708     -1.027    14.6747 0.0000e+00
     -0.722 -4.778e-09     9.5150     93.687      0.465   0.369173    -0.0741      8.115    91.9627 2.4842e+02     1.4504     -0.708     -1.027    14.6746 0.0000e+00
     -0.722 -5.256e-08     9.5126     93.669      0.465   0.369278    -0.0842      8.161    41.3270 2.1457e+02     1.4348     -0.708     -1.027    14.6744 0.0000e+00
     -0.722 -9.635e-08     9.5144     93.669      0.467   0.370419    -0.0894      8.237   -40.5512 1.9758e+02     1.4124     -0.708     -1.027    14.6743 0.0000e+00
     -0.722 -5.255e-08     9.5132     93.696      0.482   0.382968    -0.0872      8.389  -157.4802 1.9614e+02     1.4185     -0.708     -1.027    14.6742 0.0000e+00
     -0.722 -4.778e-09     9.5158     93.697      0.497   0.394328    -0.0908      8.644  -295.2395 1.9291e+02     1.4060     -0.707     -1.026    14.6740 0.0000e+00
     -0.722 -4.344e-10     9.5112     93.681      0.480   0.381099    -0.0917      8.930  -233.1085 1.8856e+02     1.4321     -0.708     -1.027    14.6740 0.0000e+00
     -0.722 -3.943e-11     9.5096     93.669      0.441   0.349691    -0.0813      9.170    -0.9636 1.8347e+02     1.5295     -0.708     -1.027    14.6739 0.0000e+00
     -0.722 -2.956e-12     9.5178     93.666      0.418   0.331275    -0.0813      9.332   -28.5327 1.7333e+02     1.5253     -0.707     -1.026    14.6738 0.0000e+00
     -0.722 6.6512e-12     9.5150     93.681      0.439   0.348446    -0.0835      9.247  -153.3696 1.6214e+02     1.4490     -0.708     -1.027    14.6737 0.0000e+00
     -0.721 7.6723e-11     9.5133     93.691      0.463   0.367291    -0.0741      8.708   -53.7966 1.5662e+02     1.4606     -0.707     -1.026    14.6736 0.0000e+00
     -0.721 8.4428e-10     9.5125     93.670      0.465   0.369108    -0.0678      7.832   136.3847 1.5615e+02     1.4606     -0.707     -1.026    14.6735 0.0000e+00
     -0.721 9.2871e-09     9.5107     93.663      0.467   0.370415    -0.0742      6.969   261.8372 1.6189e+02     1.4155     -0.707     -1.026    14.6734 0.0000e+00
     -0.721 1.0216e-07     9.5135     93.689      0.483   0.383097    -0.0843      6.337   280.6007 1.7789e+02     1.4613     -0.707     -1.026    14.6735 0.0000e+00
     -0.721      0.000     9.5166     93.701      0.499   0.395763    -0.0823      5.947   232.1290 2.0002e+02     1.5023     -0.707     -1.026    14.6734 0.0000e+00
     -0.721      0.000     9.5120     93.707      0.500   0.396879    -0.0757      5.739   152.2552 2.1794e+02     1.4678     -0.707     -1.026    14.6733 0.0000e+00
     -0.721      0.000     9.5085     93.716      0.499   0.396598    -0.0789      5.650    78.1077 2.3153e+02     1.4196     -0.707     -1.025    14.6732 0.0000e+00
     -0.721      0.001     9.5168     93.706      0.494   0.392360    -0.0879      5.541   117.1988 2.4547e+02     1.3638     -0.707     -1.025    14.6733 0.0000e+00
     -0.721      0.006     9.5154     93.703      0.591   0.472322    -0.0839      5.315   249.7706 2.5899e+02     1.3731     -0.707     -1.026    14.6732 0.0000e+00
     -0.721      0.016     9.5149     93.691      1.842   1.490088    -0.0726      5.032   243.9091 2.6894e+02     1.4296     -0.708     -1.027    14.6734 0.0000e+00
     -0.721      0.031     9.5198     93.648      8.505   6.933852    -0.0762      4.832   206.9627 2.7409e+02     1.4324     -0.707     -1.026    14.6730 0.0000e+00
     -0.716      0.053     9.5142     93.610     23.535  19.275739    -0.0859      4.868   273.0013 2.8110e+02     1.4404     -0.706     -1.024    14.6737 0.0000e+00
     -0.701      0.083     9.5158     93.579     38.515  31.669299    -0.0810      5.090   200.5688 2.8970e+02     1.4932     -0.689     -1.000    14.6741 0.0000e+00
     -0.679      0.110     9.4713     93.542     44.431  36.685440    -0.0748      5.317    86.9556 2.9419e+02     1.4894     -0.667     -0.966    14.8974 0.0000e+00
     -0.648      0.127     9.3607     93.519     44.907  37.240014    -0.0776      5.501    75.0407 3.0055e+02     1.4284     -0.644     -0.935    15.4001 0.0000e+00
     -0.598      0.129     9.2749     93.494     44.869  37.359527    -0.0654      5.658    75.1768 3.1241e+02     1.6785     -0.591     -0.857    15.8155 0.0000e+00
     -0.542      0.119     9.2220     93.468     44.728  37.369185    -0.0440      5.780    76.5561 3.2262e+02     2.2928     -0.521     -0.756    16.0750 0.0000e+00
     -0.505      0.099     9.1746     93.461     44.603  37.356949    -0.0275      5.868    77.6066 3.2590e+02     2.6733     -0.485     -0.703    16.2839 0.0000e+00
     -0.491      0.072     9.1405     93.468     44.511  37.338604    -0.0231      5.924    78.0711 3.2550e+02     2.6924     -0.480     -0.696    16.4615 0.0000e+00
     -0.488      0.043     9.1040     93.478     44.391  37.274354    -0.0334      5.953    78.3856 3.2491e+02     2.5920     -0.478     -0.694    16.6368 0.0000e+00
     -0.487      0.020     9.0723     93.493     44.296  37.214705    -0.0349      5.969    78.5703 3.2408e+02     2.4490     -0.476     -0.691    16.7850 0.0000e+00
     -0.487      0.010     9.0521     93.519     44.328  37.251973    -0.0243      5.980    78.4980 3.2343e+02     2.4330     -0.477     -0.693    16.8860 0.0000e+00
     -0.488      0.014     9.0436     93.531     44.430  37.344233    -0.0057      5.990    78.5431 3.2323e+02     2.7735     -0.478     -0.694    16.9478 0.0000e+00
     -0.488      0.024     9.0337     93.573     44.539  37.441852     0.0487      6.002    79.1161 3.2368e+02     5.7805     -0.478     -0.693    16.9861 0.0000e+00
     -0.484      0.038     9.0366     94.348     44.574  37.480450     0.6082      6.011    80.6934 3.2568e+02    39.0641     -0.477     -0.692    17.0063 0.0000e+00
     -0.473      0.051     9.0281     95.786     44.421  37.366733     1.6491      6.013    83.3318 3.2974e+02   100.1928     -0.468     -0.679    17.0154 0.0000e+00
     -0.453      0.061     9.0477     96.549     44.282  37.272587     2.2296      6.016    86.3235 3.3458e+02   133.2924     -0.444     -0.644    17.0216 0.0000e+00
     -0.429      0.065     9.0093     96.607     44.279  37.293989     2.3428      6.021    88.9027 3.3900e+02   133.3714     -0.422     -0.612    17.0277 0.0000e+00
     -0.406      0.064     9.0559     96.544     44.201  37.244801     2.8182      6.024    90.8557 3.4260e+02   100.5328     -0.398     -0.576    17.0357 0.0000e+00
     -0.387      0.058     9.3031     96.342     44.121  37.185529     3.6487      6.024    91.0089 3.4419e+02    39.7502     -0.376     -0.545    17.0514 0.0000e+00
     -0.377      0.052     9.3374     96.037     44.297  37.338810     4.1022      6.015    88.9481 3.4486e+02     6.5941     -0.370     -0.537    17.0806 0.0000e+00
     -0.370      0.057     9.3055     95.682     44.426  37.448256     4.1657      5.995    87.7071 3.4630e+02     3.5956     -0.365     -0.528    17.1126 0.0000e+00
     -0.363      0.070     9.3170     95.307     44.181  37.239715     4.2332      5.980    88.7378 3.4728e+02     3.4279     -0.354     -0.514    17.1301 0.0000e+00
     -0.355      0.085     9.2830     95.108     43.956  37.038301     4.3106      5.971    90.6554 3.4856e+02     3.5753     -0.352     -0.511    17.1366 0.0000e+00
     -0.332      0.094     9.2557     95.317     43.995  37.043534     4.3371      5.965    92.4802 3.5453e+02     3.7042     -0.340     -0.494    17.1440 0.0000e+00
     -0.285      0.096     9.2195     95.790     44.190  37.176042     4.3446      5.960    93.7652 3.6329e+02     3.7911     -0.279     -0.406    17.1426 0.0000e+00
     -0.239      0.096     9.1807     96.280     44.451  37.371303     4.3856      5.954    94.7496 3.6763e+02     3.7717     -0.221     -0.320    17.1424 0.0000e+00
     -0.218      0.096     9.1432     96.688     44.540  37.437275     4.4334      5.945    96.1223 3.6778e+02     3.6402     -0.208     -0.303    17.1382 0.0000e+00
     -0.213      0.090     9.1846     96.989     44.408  37.339130     4.4481      5.936    97.9732 3.6368e+02     3.4992     -0.210     -0.305    17.0969 0.0000e+00
     -0.206      0.077     9.2477     97.231     44.363  37.326862     4.4385      5.928    99.7492 3.1331e+02     3.4338     -0.209     -0.303    17.0550 0.0000e+00
     -0.182      0.066     9.3005     97.421     44.525  37.479351     4.4668      5.921   101.3333 2.4386e+02     3.4305     -0.184     -0.267    17.0282 0.0000e+00
     -0.148      0.060     9.3471     97.536     44.730  37.659943     4.5399      5.916   102.7573 2.4176e+02     3.4240     -0.136     -0.198    17.0107 0.0000e+00
     -0.125      0.052     9.3669     97.605     44.882  37.797076     4.5824      5.912   103.9749 2.6278e+02     3.3900     -0.116     -0.168    17.0315 0.0000e+00
     -0.119      0.040     9.3837     97.770     44.951  37.868288     4.5803      5.910   105.3013 2.5805e+02     3.3271     -0.117     -0.169    17.0721 0.0000e+00
     -0.118      0.024     9.3999     98.087     44.951  37.886416     4.5726      5.910   106.8345 2.5171e+02     3.2785     -0.116     -0.168    17.0887 0.0000e+00
     -0.118      0.011     9.4097     97.786     44.932  37.889366     4.5808      5.910   108.3161 2.5148e+02     3.2798     -0.116     -0.168    17.0913 0.0000e+00
     -0.118      0.004     9.4114     95.481     44.928  37.903987     4.6043      5.910   109.3628 2.5223e+02     3.3092     -0.116     -0.168    17.1001 0.0000e+00
     -0.117      0.003     9.4119     90.786     44.949  37.936304     4.6154      5.910   110.1127 2.5332e+02     3.3260     -0.115     -0.167    17.1162 0.0000e+00
     -0.115      0.004     9.4608     84.618     44.969  37.962840     4.6078      5.911   111.0154 2.5508e+02     3.3122     -0.113     -0.164    17.1383 0.0000e+00
     -0.114      0.004     9.4976     78.019     44.969  37.971014     4.6028      5.912   112.1899 2.5396e+02     3.3134     -0.112     -0.162    17.1604 0.0000e+00
     -0.113      0.004     9.2875     71.769     44.963  37.971690     4.6140      5.912   113.3867 2.5130e+02     3.3410     -0.111     -0.161    17.1801 0.0000e+00
     -0.112      0.003     8.7820     66.443     44.958  37.971012     4.6268      5.912   114.2999 2.5016e+02     3.3040     -0.110     -0.159    17.1956 0.0000e+00
     -0.110      0.003     8.1546     62.349     44.945  37.962826     4.6243      5.913   115.1438 2.5088e+02     3.2417     -0.108     -0.157    17.2070 0.0000e+00
     -0.110      0.002     7.4934     59.656     44.912  37.936177     4.6260      5.915   115.9324 2.5147e+02     3.2376     -0.108     -0.157    17.2158 0.0000e+00
     -0.110      0.001     6.8691     58.333     44.872  37.902623     4.6469      5.917   116.5218 2.5187e+02     3.2537     -0.109     -0.157    17.2226 0.0000e+00
     -0.110      0.001     6.3493     57.937     44.842  37.874418     4.6687      5.919   117.1940 2.5207e+02     3.2657     -0.108     -0.156    17.2266 0.0000e+00
     -0.110      0.000     5.9493     57.861     44.817  37.848979     4.6730      5.921   118.0371 2.5144e+02     3.2458     -0.109     -0.157    17.2294 0.0000e+00
     -0.110      0.000     5.6862     57.690     44.820  37.848859     4.6823      5.922   119.1445 2.5096e+02     3.2521     -0.108     -0.156    17.2311 0.0000e+00
     -0.110      0.001     5.5780     57.323     44.848  37.872971     4.7071      5.925   120.3453 2.5006e+02     3.3426     -0.107     -0.156    17.2310 0.0000e+00
     -0.110      0.001     5.5641     56.898     44.863  37.886691     4.7229      5.927   121.0260 2.4829e+02     3.4520     -0.107     -0.156    17.2273 0.0000e+00
     -0.110      0.001     5.5709     56.520     44.864  37.887835     4.7316      5.929   121.3525 2.4723e+02     3.5151     -0.107     -0.156    17.2208 0.0000e+00
     -0.110      0.002     5.5598     56.230     44.864  37.886795     4.7372      5.930   121.1960 2.4752e+02     3.4911     -0.107     -0.156    17.2178 0.0000e+00
     -0.109      0.007     5.5138     56.031     44.850  37.874117     4.7482      5.928   120.5096 2.4854e+02     3.4348     -0.107     -0.155    17.2197 0.0000e+00
     -0.109      0.015     5.4717     55.888     44.837  37.861464     4.7660      5.919   120.7115 2.4933e+02     3.4146     -0.107     -0.155    17.2217 0.0000e+00
     -0.108      0.022     5.4337     55.823     44.839  37.860724     4.7694      5.908   121.8300 2.4843e+02     3.4521     -0.106     -0.154    17.2215 0.0000e+00
     -0.102      0.026     5.4048     55.895     44.844  37.865164     4.7557      5.902   122.6753 2.4194e+02     3.5475     -0.103     -0.151    17.2196 0.0000e+00
     -0.088      0.028     5.3891     56.153     44.901  37.915143     4.7337      5.901   123.1886 2.3324e+02     3.5772     -0.087     -0.126    17.2201 0.0000e+00
     -0.073      0.026     5.3740     56.656     45.022  38.020813     4.7188      5.901   123.7341 2.2955e+02     3.5027     -0.067     -0.097    17.2177 0.0000e+00
     -0.065      0.022     5.3657     57.497     45.139  38.127493     4.7176      5.903   125.0554 2.2845e+02     3.4329     -0.062     -0.090    17.2121 0.0000e+00
     -0.064      0.015     5.3714     58.719     45.199  38.189689     4.7188      5.906   126.9467 2.2757e+02     3.4169     -0.063     -0.091    17.2141 0.0000e+00
     -0.064      0.008     5.3942     60.219     45.198  38.201721     4.7422      5.909   128.1032 2.2593e+02     3.4104     -0.063     -0.092    17.2173 0.0000e+00
     -0.064      0.003     5.4383     61.698     45.194  38.209533     4.7757      5.913   128.4562 2.2399e+02     3.3206     -0.063     -0.091    17.2188 0.0000e+00
     -0.065      0.000     5.5164     62.856     45.198  38.220697     4.7831      5.916   128.6335 2.2554e+02     3.1854     -0.063     -0.092    17.2258 0.0000e+00
     -0.065 3.0276e-08     5.6347     63.608     45.178  38.209795     4.7897      5.921   129.0418 2.2857e+02     3.1414     -0.064     -0.092    17.2409 0.0000e+00
     -0.065 3.3304e-07     5.7881     63.975     45.166  38.204641     4.7968      5.925   129.9514 2.3015e+02     3.1990     -0.063     -0.092    17.2574 0.0000e+00
     -0.065 3.3299e-07     5.9429     63.983     45.180  38.221841     4.7943      5.929   131.1994 2.3068e+02     3.2671     -0.063     -0.092    17.2700 0.0000e+00
     -0.065 2.9717e-08     6.0529     63.698     45.184  38.227396     4.7925      5.932   132.1724 2.3024e+02     3.2823     -0.063     -0.091    17.2788 0.0000e+00
     -0.065 -3.406e-09     6.1227     63.195     45.162  38.208349     4.7845      5.936   132.7684 2.3002e+02     3.2465     -0.064     -0.092    17.2840 0.0000e+00
     -0.065 -6.749e-08     6.1582     62.620     45.132  38.181926     4.7798      5.939   133.3285 2.3037e+02     3.2437     -0.063     -0.092    17.2896 0.0000e+00
     -0.065 -7.451e-07     6.1540     62.140     45.109  38.161744     4.7863      5.942   133.8678 2.3037e+02     3.3157     -0.064     -0.093    17.2955 0.0000e+00
     -0.065      0.000     6.1258     61.810     45.102  38.154704     4.7967      5.946   134.4717 2.3030e+02     3.3665     -0.064     -0.092    17.2982 0.0000e+00
     -0.065      0.000     6.0722     61.610     45.112  38.160258     4.7977      5.948   135.2091 2.3064e+02     3.3114     -0.063     -0.092    17.2972 0.0000e+00
