Data/DataNotYetUploadedToEDI/Raw_CTD/RawDownloads/100923_fcr50_S8188005.cnv
* Sea-Bird SBE19plus  Data File:
* FileName = C:\R\Reservoirs\Data\DataNotYetUploadedToEDI\Raw_CTD\RawDownloads\100923_bvr50_S8188_0005.hex
* Software version 2.8.0.119
* Temperature SN = 8188
* Conductivity SN = 8188
* System UpLoad Time = Oct 10 2023 15:53:18
* <ApplicationData>
* <Seaterm232>
# nquan = 16
# nvalues = 1148                        
# units = specified
# name 0 = depFM: Depth [fresh water, m]
# name 1 = dz/dtM: Descent Rate [m/s]
# name 2 = sbeox0Mg/L: Oxygen, SBE 43 [mg/l]
# name 3 = sbeox0PS: Oxygen, SBE 43 [% saturation]
# name 4 = specc: Specific Conductance [uS/cm]
# name 5 = c0uS/cm: Conductivity [uS/cm]
# name 6 = wetCDOM: Fluorescence, WET Labs CDOM [mg/m^3]
# name 7 = flECO-AFL: Fluorescence, WET Labs ECO-AFL/FL [mg/m^3]
# name 8 = flECO-AFL1: Fluorescence, WET Labs ECO-AFL/FL, 2 [mg/m^3]
# name 9 = flECO-AFL2: Fluorescence, WET Labs ECO-AFL/FL, 3 [mg/m^3]
# name 10 = par/sat/log: PAR/Logarithmic, Satlantic
# name 11 = turbWETntu0: Turbidity, WET Labs ECO [NTU]
# name 12 = prdM: Pressure, Strain Gauge [db]
# name 13 = prdE: Pressure, Strain Gauge [psi]
# name 14 = tv290C: Temperature [ITS-90, deg C]
# name 15 = flag:  0.000e+00
# span 0 =     -0.729,      9.545       
# span 1 =     -0.307,      0.096       
# span 2 =     0.2165,     7.2595       
# span 3 =      2.073,     72.077       
# span 4 =      0.669,    594.238       
# span 5 =   0.535917, 441.513924       
# span 6 =    -4.5000,    15.2100       
# span 7 =    -1.6643,    14.7239       
# span 8 =    -5.5806,     2.9820       
# span 9 =    -5.8374,    11.1672       
# span 10 = 1.1595e-01, 2.5940e+03      
# span 11 =    -2.9334,   122.2075      
# span 12 =     -0.714,      9.360      
# span 13 =     -1.036,     13.576      
# span 14 =    12.1447,    17.3177      
# span 15 = 0.0000e+00, 0.0000e+00      
# interval = seconds: 0.25
# start_time = Oct 09 2023 12:51:01 [Instrument's time stamp, header]
# bad_flag = -9.990e-29
*END*
[from data line 1085]
      0.966     -0.265     0.3863      3.462    582.648 433.542251     3.6900     4.0388     0.0852     1.3536 1.6834e+02     3.6648      0.947      1.373    12.1988 0.0000e+00
      0.898     -0.263     0.3827      3.440    582.443 433.397669     3.6900     4.0426     0.0852     1.3536 1.8779e+02     3.6648      0.881      1.278    12.1995 0.0000e+00
      0.831     -0.261     0.3787      3.433    582.248 433.259748     3.6900     3.9777     0.0852     1.3536 1.9979e+02     4.4163      0.815      1.182    12.2002 0.0000e+00
      0.764     -0.257     0.3745      3.450    582.062 433.128051     3.6900     4.0006     0.0852     1.3536 2.3849e+02     4.3111      0.749      1.087    12.2009 0.0000e+00
      0.698     -0.253     0.3708      3.497    581.875 432.995729     3.6900     3.9892     0.0852     1.3536 1.7366e+02     4.3712      0.684      0.993    12.2015 0.0000e+00
      0.633     -0.248     0.3684      3.571    581.678 432.855761     3.6000     3.9625     0.0852     1.3536 1.4399e+02     4.4614      0.621      0.901    12.2022 0.0000e+00
      0.571     -0.243     0.3677      3.673    581.470 432.707167     3.6000     4.0617     0.0852     1.3536 1.2582e+02     3.4093      0.560      0.812    12.2029 0.0000e+00
      0.511     -0.239     0.3695      3.807    581.257 432.554740     3.6000     4.0502     0.0852     1.3536 1.1935e+02     3.4394      0.501      0.727    12.2035 0.0000e+00
      0.452     -0.237     0.3745      3.967    581.051 432.406292     3.6000     4.0655     0.0852     1.3536 1.3591e+02     3.3943      0.443      0.643    12.2040 0.0000e+00
      0.393     -0.236     0.3824      4.140    580.856 432.266653     3.6000     4.0617     0.0852     1.2690 1.0268e+02     3.4394      0.386      0.559    12.2046 0.0000e+00
      0.334     -0.239     0.3933      4.327    580.681 432.140986     3.6000     4.1303     0.0852     1.2690 9.3911e+01     4.7921      0.327      0.474    12.2051 0.0000e+00
      0.273     -0.244     0.4077      4.533    580.534 432.036160     3.6000     4.1113     0.0852     1.2690 9.2453e+01     4.9273      0.267      0.388    12.2056 0.0000e+00
      0.211     -0.251     0.4248      4.765    580.407 431.946430     3.6000     4.1074     0.0852     1.2690 1.0331e+02     4.8823      0.207      0.301    12.2061 0.0000e+00
      0.148     -0.258     0.4433      5.031    580.289 431.864023     3.6900     4.0960     0.0852     1.3113 1.6362e+02     4.8522      0.145      0.210    12.2065 0.0000e+00
      0.080     -0.264     0.4633      5.333    580.189 431.795227     3.6900     3.7374     0.0852     1.3113 8.1594e+01     6.7310      0.079      0.114    12.2069 0.0000e+00
      0.010     -0.269     0.4854      5.678    580.115 431.745927     3.6900     3.7450     0.0852     1.3113 9.3017e+01     6.7460      0.009      0.014    12.2073 0.0000e+00
     -0.062     -0.271     0.5103      6.072    580.069 431.719127     3.6900     3.7450     0.0852     1.3113 1.1824e+02     6.7911     -0.061     -0.089    12.2078 0.0000e+00
     -0.133     -0.270     0.5387      6.511    580.065 431.723833     3.6900     3.7298     0.0852     1.3113 1.7052e+02     6.7610     -0.131     -0.190    12.2082 0.0000e+00
     -0.202     -0.266     0.5710      6.982    580.118 431.773415     3.6000     3.5581     0.1278     1.3113 5.8371e+02     7.9935     -0.198     -0.287    12.2087 0.0000e+00
     -0.269     -0.258     0.6079      7.473    580.230 431.868981     3.6000     3.5505     0.1278     1.3113 6.7769e+02     7.9183     -0.264     -0.382    12.2092 0.0000e+00
     -0.335     -0.247     0.6501      7.974    580.386 431.999678     3.6000     3.5467     0.1278     1.3113 1.1896e+02     7.8883     -0.328     -0.476    12.2098 0.0000e+00
     -0.399     -0.231     0.6972      8.473    580.572 432.155942     3.6000     3.5543     0.1278     1.3113 1.1286e+02     7.9334     -0.392     -0.568    12.2105 0.0000e+00
     -0.459     -0.211     0.7476      8.949    580.761 432.316858     3.6900     2.7036     0.1704     1.4382 2.4389e+02   122.1173     -0.451     -0.654    12.2114 0.0000e+00
     -0.513     -0.188     0.8001      9.386    580.930 432.464767     3.6900     2.7074     0.1704     1.4382 9.8638e+01   122.1323     -0.504     -0.730    12.2124 0.0000e+00
     -0.559     -0.162     0.8537      9.774    581.095 432.612867     3.6900     2.6731     0.1704     1.4382 9.5682e+01   122.2075     -0.548     -0.795    12.2136 0.0000e+00
     -0.596     -0.135     0.9071     10.110    581.279 432.776423     3.6900     2.6998     0.1704     1.4382 1.9477e+02   122.1023     -0.584     -0.848    12.2151 0.0000e+00
     -0.624     -0.109     0.9580     10.382    581.480 432.954634    13.3200     2.6693     0.0852     0.9729 8.9449e+01    78.2594     -0.613     -0.888    12.2169 0.0000e+00
     -0.647     -0.087     1.0047     10.583    581.703 433.150605    13.3200     1.2426     0.0852     0.9729 7.5192e+01    66.1902     -0.634     -0.920    12.2188 0.0000e+00
     -0.664     -0.068     1.0463     10.711    581.964 433.376214    13.3200     1.2044     0.0852     0.9729 7.7279e+01    65.9046     -0.651     -0.945    12.2210 0.0000e+00
     -0.678     -0.053     1.0821     10.759    582.268 433.635092    13.3200     1.1853     0.0852     0.9729 7.8617e+01    65.9647     -0.665     -0.964    12.2233 0.0000e+00
     -0.688     -0.041     1.1112     10.714    582.605 433.919548    13.3200     1.2159     0.0852     0.9729 8.1275e+01    65.9647     -0.675     -0.979    12.2257 0.0000e+00
     -0.696     -0.032     1.1327     10.559    582.987 434.238810    15.2100    -1.6643    -2.2152    11.1672 7.8464e+01     9.7971     -0.683     -0.991    12.2283 0.0000e+00
     -0.703     -0.025     1.1462     10.289    583.439 434.609363    15.2100    -1.6414    -2.2152    11.1672 7.4622e+01     9.8272     -0.689     -1.000    12.2310 0.0000e+00
     -0.708     -0.019     1.1513      9.909    583.949 435.023007    15.2100    -1.6643    -2.2152    11.1672 7.6961e+01     9.7971     -0.694     -1.007    12.2338 0.0000e+00
     -0.712     -0.015     1.1464      9.435    584.481 435.450724    15.2100    -1.6567    -2.2152    11.1672 7.5143e+01     9.8572     -0.698     -1.012    12.2367 0.0000e+00
     -0.715     -0.012     1.1298      8.894    585.005 435.869264     5.7600     1.0289    -2.9394     1.9035 7.3961e+01    -2.7681     -0.701     -1.017    12.2396 0.0000e+00
     -0.717     -0.009     1.1009      8.317    585.511 436.271098     5.7600     1.0594    -2.9394     1.9035 6.2715e+01    -2.8583     -0.704     -1.020    12.2425 0.0000e+00
     -0.719     -0.007     1.0602      7.735    585.993 436.650302     5.7600     1.0366    -2.9394     1.9035 6.7363e+01    -2.8132     -0.705     -1.023    12.2454 0.0000e+00
     -0.721     -0.006     1.0094      7.171    586.443 437.000970     5.7600     1.0213    -2.9394     1.9035 7.3912e+01    -2.9334     -0.707     -1.025    12.2481 0.0000e+00
     -0.722     -0.004     0.9514      6.644    586.848 437.315643     1.2600     0.0295    -4.0044    -2.4111 1.1061e+02    16.5156     -0.708     -1.027    12.2505 0.0000e+00
     -0.723     -0.003     0.8897      6.168    587.192 437.583320     1.2600     0.0066    -4.0044    -2.4111 1.8303e+02    16.3953     -0.709     -1.028    12.2526 0.0000e+00
     -0.723     -0.002     0.8274      5.748    587.479 437.806718     1.2600     0.0104    -4.0044    -2.4111 4.5296e+02    16.3953     -0.709     -1.029    12.2543 0.0000e+00
     -0.724     -0.002     0.7670      5.382    587.730 438.005021     1.2600     0.0028    -4.0044    -2.4111 5.9433e+02    16.4855     -0.710     -1.030    12.2557 0.0000e+00
     -0.724     -0.001     0.7106      5.066    587.947 438.180623     1.2600    -0.1536    -4.0044    -2.4111 2.8396e+02     2.0265     -0.710     -1.030    12.2568 0.0000e+00
     -0.725     -0.001     0.6597      4.801    588.013 438.247057     3.6000    -0.1918    -5.5806    -1.6497 1.5546e+03     2.1017     -0.711     -1.031    12.2577 0.0000e+00
     -0.725     -0.001     0.6148      4.598    587.643 437.991804     3.6000    -0.1994    -5.5806    -1.6497 2.5940e+03     2.0115     -0.711     -1.031    12.2586 0.0000e+00
     -0.725     -0.001     0.5756      4.460    586.415 437.100393     3.6000    -0.1803    -5.5806    -1.6497 5.2738e+02     2.0115     -0.711     -1.032    12.2596 0.0000e+00
     -0.725     -0.001     0.5418      4.386    583.727 435.125059     3.6000    -0.1193    -5.5806    -1.6497 2.1181e+02    -0.3933     -0.711     -1.032    12.2608 0.0000e+00
     -0.725     -0.000     0.5135      4.374    578.623 431.353220    10.8000    -0.1346     0.5112    -5.8374 8.8476e+02    -0.4534     -0.712     -1.032    12.2623 0.0000e+00
     -0.726     -0.000     0.4918      4.416    569.681 424.726536    10.8000    -0.1041     0.5112    -5.8374 1.7419e+02    -0.4084     -0.712     -1.033    12.2641 0.0000e+00
     -0.726     -0.000     0.4769      4.500    555.005 413.833366    10.8000    -0.1155     0.5112    -5.8374 4.8876e+02    -0.4534     -0.712     -1.033    12.2664 0.0000e+00
     -0.726     -0.000     0.4690      4.616    531.976 396.720047    10.8000    -0.3329     0.5112    -5.8374 1.0201e+03     0.0125     -0.712     -1.033    12.2691 0.0000e+00
     -0.726     -0.000     0.4677      4.749    498.289 371.666730    -2.9700    -0.3482    -0.7668    -2.4111 1.1561e+03     0.0876     -0.712     -1.033    12.2724 0.0000e+00
     -0.726     -0.000     0.4721      4.882    456.642 340.681976    -2.9700    -0.3749    -0.7668    -2.4111 1.2073e+02     0.0876     -0.712     -1.033    12.2766 0.0000e+00
     -0.726     -0.000     0.4810      5.006    413.905 308.885938    -2.9700    -0.3635    -0.7668    -2.4111 1.1143e+02     0.0726     -0.712     -1.033    12.2820 0.0000e+00
     -0.726     -0.000     0.4934      5.112    372.344 277.960312    -2.9700    -0.1117    -0.7668    -2.4111 9.4854e+01     1.0195     -0.712     -1.033    12.2889 0.0000e+00
     -0.727      0.000     0.5076      5.194    330.517 246.816860    -2.9700    -0.1117    -0.7668    -2.4111 6.8084e+01     1.0646     -0.713     -1.034    12.2977 0.0000e+00
     -0.727      0.000     0.5217      5.247    294.660 220.107753     1.4400    -0.1079    -1.1076    -0.9306 5.7133e+01     1.0195     -0.713     -1.034    12.3086 0.0000e+00
     -0.727      0.000     0.5349      5.265    279.856 209.080389     1.4400    -0.1269    -1.1076    -0.9306 5.0171e+01     1.0195     -0.713     -1.034    12.3218 0.0000e+00
     -0.727 -9.990e-29     0.5461 -9.990e-29 -9.990e-29 -9.990e-29     1.4400 -9.990e-29    -1.1076    -0.9306 5.1676e+01 -9.990e-29     -0.713     -1.034    12.3368 0.0000e+00
     -0.727 -9.990e-29     0.5548 -9.990e-29 -9.990e-29 -9.990e-29     1.4400 -9.990e-29    -1.1076    -0.9306 4.2046e+01 -9.990e-29     -0.713     -1.034    12.3529 0.0000e+00
     -0.727 -9.990e-29     0.5602 -9.990e-29 -9.990e-29 -9.990e-29     0.0000 -9.990e-29     2.9820     0.9306 3.5237e+01 -9.990e-29     -0.713     -1.034    12.3691 0.0000e+00
     -0.727 -9.990e-29     0.5621 -9.990e-29 -9.990e-29 -9.990e-29     0.0000 -9.990e-29     2.9820     0.9306 3.3959e+01 -9.990e-29     -0.713     -1.034    12.3771 0.0000e+00
