Data/DataNotYetUploadedToEDI/Raw_CTD/RawDownloads/100923_bvr50_S8188004.cnv
* Sea-Bird SBE19plus  Data File:
* FileName = C:\R\Reservoirs\Data\DataNotYetUploadedToEDI\Raw_CTD\RawDownloads\100923_bvr50_S8188_0004.hex
* Software version 2.8.0.119
* Temperature SN = 8188
* Conductivity SN = 8188
* System UpLoad Time = Oct 10 2023 15:52:59
* <ApplicationData>
* <Seaterm232>
# nquan = 16
# nvalues = 952                         
# units = specified
# name 0 = depFM: Depth [fresh water, m]
# name 1 = dz/dtM: Descent Rate [m/s]
# name 2 = sbeox0Mg/L: Oxygen, SBE 43 [mg/l]
# name 3 = sbeox0PS: Oxygen, SBE 43 [% saturation]
# name 4 = specc: Specific Conductance [uS/cm]
# name 5 = c0uS/cm: Conductivity [uS/cm]
# name 6 = wetCDOM: Fluorescence, WET Labs CDOM [mg/m^3]
# name 7 = flECO-AFL: Fluorescence, WET Labs ECO-AFL/FL [mg/m^3]
# name 8 = flECO-AFL1: Fluorescence, WET Labs ECO-AFL/FL, 2 [mg/m^3]
# name 9 = flECO-AFL2: Fluorescence, WET Labs ECO-AFL/FL, 3 [mg/m^3]
# name 10 = par/sat/log: PAR/Logarithmic, Satlantic
# name 11 = turbWETntu0: Turbidity, WET Labs ECO [NTU]
# name 12 = prdM: Pressure, Strain Gauge [db]
# name 13 = prdE: Pressure, Strain Gauge [psi]
# name 14 = tv290C: Temperature [ITS-90, deg C]
# name 15 = flag:  0.000e+00
# span 0 =     -0.800,      8.723       
# span 1 =     -0.318,      0.125       
# span 2 =    -0.2752,     6.5608       
# span 3 =     -2.645,     65.537       
# span 4 =   -627.484,    231.600       
# span 5 =-450.565820, 161.927532       
# span 6 =    -4.5000,     9.3600       
# span 7 =    -0.3139,     6.5107       
# span 8 =    -2.1300,     1.0650       
# span 9 =    -2.8341,     2.2419       
# span 10 = 1.1590e-01, 1.7255e+03      
# span 11 =    -1.4154,    51.0097      
# span 12 =     -0.785,      8.554      
# span 13 =     -1.138,     12.407      
# span 14 =     9.9533,    17.3172      
# span 15 = 0.0000e+00, 0.0000e+00      
# interval = seconds: 0.25
# start_time = Oct 09 2023 10:36:28 [Instrument's time stamp, header]
# bad_flag = -9.990e-29
*END*
[from data line 452]
      2.918      0.047     4.7009     48.935     34.279  28.950845     2.9700     3.2644     0.0852     0.8037 8.1529e+00     3.3943      2.861      4.150    17.2258 0.0000e+00
      2.930      0.050     4.7033     48.943     34.278  28.950008     2.9700     3.2148     0.0852     0.8037 8.0316e+00     3.4093      2.873      4.167    17.2254 0.0000e+00
      2.943      0.053     4.7052     48.948     34.277  28.948199     2.9700     3.2072     0.0852     0.8037 7.9155e+00     3.4093      2.886      4.186    17.2250 0.0000e+00
      2.957      0.056     4.7063     48.943     34.273  28.944937     2.9700     3.2033     0.0852     0.7614 7.8504e+00     3.4845      2.900      4.206    17.2247 0.0000e+00
      2.972      0.059     4.7070     48.926     34.271  28.943312     2.9700     3.2186     0.0852     0.7614 7.6817e+00     3.3943      2.914      4.227    17.2242 0.0000e+00
      2.987      0.061     4.7078     48.898     34.271  28.942891     2.9700     3.1995     0.0852     0.7614 7.6119e+00     3.3492      2.930      4.249    17.2238 0.0000e+00
      3.004      0.063     4.7083     48.863     34.272  28.943561     2.9700     3.1843     0.0852     0.7614 7.4531e+00     3.3642      2.946      4.272    17.2234 0.0000e+00
      3.020      0.064     4.7078     48.826     34.270  28.941540     2.9700     3.2186     0.0426     0.7191 7.3072e+00     3.3492      2.962      4.296    17.2231 0.0000e+00
      3.037      0.065     4.7062     48.791     34.264  28.936290     2.9700     3.1652     0.0426     0.7191 7.1890e+00     3.4394      2.979      4.320    17.2228 0.0000e+00
      3.054      0.066     4.7036     48.763     34.262  28.934331     2.9700     3.1423     0.0426     0.7191 7.0071e+00     3.5295      2.995      4.344    17.2225 0.0000e+00
      3.071      0.066     4.7003     48.749     34.268  28.939099     2.9700     3.1385     0.0426     0.7191 6.9148e+00     3.4694      3.012      4.368    17.2222 0.0000e+00
      3.088      0.066     4.6967     48.748     34.278  28.947908     2.9700     3.1232     0.0426     0.7191 6.8356e+00     3.4394      3.028      4.392    17.2219 0.0000e+00
      3.104      0.066     4.6934     48.749     34.287  28.955185     2.9700     3.1270     0.0852     0.8037 6.7236e+00     3.4243      3.045      4.416    17.2215 0.0000e+00
      3.121      0.066     4.6908     48.745     34.291  28.958912     2.9700     3.3140     0.0852     0.8037 6.6322e+00     3.4093      3.061      4.440    17.2211 0.0000e+00
      3.138      0.066     4.6894     48.739     34.292  28.960083     2.9700     3.3140     0.0852     0.8037 6.5392e+00     3.4394      3.078      4.464    17.2208 0.0000e+00
      3.155      0.066     4.6893     48.738     34.291  28.959011     2.9700     3.3178     0.0852     0.8037 6.4265e+00     3.4544      3.094      4.488    17.2207 0.0000e+00
      3.172      0.066     4.6894     48.744     34.286  28.955408     2.9700     3.3292     0.0426     0.7614 6.3903e+00     3.3642      3.111      4.512    17.2208 0.0000e+00
      3.189      0.066     4.6890     48.760     34.281  28.952274     2.9700     3.1881     0.0426     0.7614 6.2339e+00     3.4694      3.127      4.536    17.2210 0.0000e+00
      3.206      0.066     4.6884     48.784     34.286  28.956693     2.9700     3.2453     0.0426     0.7614 6.2461e+00     3.4544      3.144      4.560    17.2215 0.0000e+00
      3.223      0.066     4.6882     48.811     34.297  28.965883     2.9700     3.2072     0.0426     0.7614 6.1425e+00     3.4544      3.161      4.584    17.2221 0.0000e+00
      3.240      0.066     4.6887     48.841     34.307  28.974376     2.9700     3.1690     0.0852     0.8037 6.0118e+00     3.4995      3.178      4.608    17.2228 0.0000e+00
      3.257      0.065     4.6902     48.876     34.319  28.984436     2.9700     3.2567     0.0852     0.8037 6.0000e+00     3.4544      3.194      4.632    17.2234 0.0000e+00
      3.273      0.065     4.6925     48.914     34.326  28.990827     2.9700     3.2567     0.0852     0.8037 5.8774e+00     3.4845      3.210      4.656    17.2240 0.0000e+00
      3.290      0.065     4.6950     48.948     34.322  28.987334     2.9700     3.2491     0.0852     0.8037 5.8064e+00     3.4694      3.226      4.679    17.2243 0.0000e+00
      3.306      0.065     4.6979     48.978     34.310  28.976983     2.9700     3.2491     0.0852     0.7191 5.7424e+00     3.3792      3.243      4.703    17.2245 0.0000e+00
      3.323      0.065     4.7013     49.006     34.300  28.968896     2.9700     3.2644     0.0852     0.7191 5.7386e+00     3.3642      3.259      4.726    17.2246 0.0000e+00
      3.340      0.066     4.7049     49.034     34.295  28.964874     2.9700     3.2796     0.0852     0.7191 5.7125e+00     3.4694      3.275      4.750    17.2246 0.0000e+00
      3.356      0.067     4.7082     49.063     34.290  28.959885     2.9700     3.2720     0.0852     0.7191 5.5642e+00     3.4394      3.291      4.774    17.2246 0.0000e+00
      3.373      0.068     4.7111     49.095     34.286  28.956560     2.9700     3.2682     0.0852     0.7191 5.5149e+00     3.3943      3.308      4.798    17.2246 0.0000e+00
      3.391      0.069     4.7138     49.129     34.283  28.954011     2.9700     3.1232     0.0852     0.7191 5.4034e+00     3.4093      3.325      4.823    17.2246 0.0000e+00
      3.409      0.071     4.7165     49.165     34.276  28.947598     2.9700     3.1232     0.0852     0.7191 5.3590e+00     3.4694      3.343      4.848    17.2244 0.0000e+00
      3.427      0.073     4.7193     49.199     34.263  28.935611     2.9700     3.1194     0.0852     0.7191 5.2918e+00     3.4093      3.360      4.873    17.2242 0.0000e+00
      3.445      0.074     4.7224     49.227     34.254  28.926734     2.9700     3.1423     0.0852     0.7191 5.2700e+00     3.4243      3.378      4.900    17.2240 0.0000e+00
      3.464      0.076     4.7257     49.246     34.259  28.930477     2.9700     3.2567     0.0852     0.7191 5.0734e+00     3.4694      3.397      4.927    17.2235 0.0000e+00
      3.484      0.076     4.7292     49.258     34.272  28.939921     2.9700     3.2453     0.0852     0.7191 4.9235e+00     3.3792      3.417      4.956    17.2228 0.0000e+00
      3.504      0.075     4.7326     49.265     34.281  28.945703     2.9700     3.2339     0.0852     0.7191 4.7667e+00     3.5145      3.437      4.984    17.2218 0.0000e+00
      3.524      0.074     4.7354     49.263     34.283  28.945406     2.9700     3.2682     0.0852     0.7191 4.6713e+00     3.5145      3.456      5.013    17.2203 0.0000e+00
      3.543      0.070     4.7374     49.251     34.281  28.942910     2.9700     3.5009     0.0852     0.7614 4.5998e+00     3.4394      3.475      5.040    17.2184 0.0000e+00
      3.561      0.067     4.7388     49.232     34.276  28.937550     2.9700     3.5009     0.0852     0.7614 4.4989e+00     3.3792      3.492      5.065    17.2162 0.0000e+00
      3.577      0.062     4.7397     49.211     34.265  28.927896     2.9700     3.5085     0.0852     0.7614 4.4678e+00     3.3342      3.508      5.089    17.2139 0.0000e+00
      3.592      0.058     4.7397     49.191     34.260  28.923253     2.9700     3.4818     0.0852     0.7614 4.4552e+00     3.2891      3.523      5.110    17.2118 0.0000e+00
      3.606      0.055     4.7387     49.175     34.263  28.926342     2.9700     3.2682     0.0852     0.8460 4.4089e+00     3.4845      3.536      5.129    17.2101 0.0000e+00
      3.619      0.053     4.7370     49.163     34.267  28.930069     2.9700     3.2567     0.0852     0.8460 4.3518e+00     3.3342      3.549      5.148    17.2089 0.0000e+00
      3.632      0.051     4.7350     49.158     34.273  28.935426     2.9700     3.2491     0.0852     0.8460 4.2564e+00     3.4093      3.562      5.166    17.2081 0.0000e+00
      3.645      0.050     4.7332     49.162     34.283  28.943842     2.9700     3.2567     0.0852     0.8460 4.1940e+00     3.3792      3.575      5.184    17.2077 0.0000e+00
      3.657      0.050     4.7317     49.171     34.290  28.949643     2.9700     3.3178     0.0852     0.8460 4.1568e+00     3.3191      3.587      5.202    17.2078 0.0000e+00
      3.670      0.050     4.7305     49.185     34.296  28.954374     2.9700     3.2796     0.0852     0.8037 4.1334e+00     3.4845      3.599      5.220    17.2082 0.0000e+00
      3.683      0.050     4.7299     49.202     34.306  28.963258     2.9700     3.3254     0.0852     0.8037 4.0683e+00     3.4093      3.611      5.238    17.2089 0.0000e+00
      3.696      0.051     4.7303     49.218     34.315  28.970744     2.9700     3.3216     0.0852     0.8037 3.9930e+00     3.4394      3.624      5.256    17.2093 0.0000e+00
      3.709      0.051     4.7312     49.227     34.316  28.970909     2.9700     3.4284     0.0852     0.8037 3.9029e+00     3.3492      3.637      5.275    17.2092 0.0000e+00
      3.722      0.052     4.7325     49.227     34.312  28.967755     2.9700     3.4666     0.0852     0.8037 3.8474e+00     3.3792      3.650      5.294    17.2088 0.0000e+00
      3.735      0.053     4.7342     49.221     34.308  28.964403     2.9700     3.4437     0.0852     0.8037 3.8008e+00     3.5596      3.663      5.313    17.2085 0.0000e+00
      3.748      0.053     4.7357     49.217     34.298  28.955999     2.9700     3.4399     0.0852     0.8037 3.7280e+00     3.4394      3.676      5.332    17.2082 0.0000e+00
      3.762      0.054     4.7366     49.218     34.280  28.940300     2.9700     3.5009     0.0852     0.8037 3.6670e+00     3.4694      3.689      5.351    17.2080 0.0000e+00
      3.776      0.055     4.7366     49.225     34.267  28.928961     2.9700     3.5123     0.0852     0.8037 3.5347e+00     3.4544      3.703      5.370    17.2079 0.0000e+00
      3.790      0.056     4.7361     49.239     34.270  28.930836     2.9700     3.5162     0.0852     0.8037 3.5355e+00     3.4394      3.717      5.391    17.2079 0.0000e+00
      3.804      0.057     4.7358     49.256     34.280  28.938507     2.9700     3.5123     0.0852     0.8037 3.5202e+00     3.3492      3.731      5.411    17.2077 0.0000e+00
      3.819      0.058     4.7359     49.270     34.289  28.946098     2.9700     3.5848     0.0852     0.8037 3.4505e+00     3.4995      3.745      5.432    17.2074 0.0000e+00
      3.834      0.059     4.7366     49.285     34.301  28.955634     2.9700     3.5772     0.0852     0.8460 3.3962e+00     3.4845      3.760      5.453    17.2069 0.0000e+00
      3.849      0.060     4.7380     49.300     34.314  28.965699     2.9700     3.5505     0.0852     0.8460 3.3167e+00     3.4694      3.775      5.475    17.2062 0.0000e+00
      3.865      0.061     4.7396     49.308     34.321  28.971057     2.9700     3.5810     0.0852     0.8460 3.2468e+00     3.3792      3.790      5.497    17.2052 0.0000e+00
      3.881      0.061     4.7411     49.305     34.320  28.969177     2.9700     3.3903     0.0852     0.8460 3.1943e+00     3.5596      3.806      5.520    17.2042 0.0000e+00
      3.897      0.061     4.7427     49.296     34.314  28.963516     2.9700     3.4017     0.0852     0.8460 3.1605e+00     3.4093      3.821      5.543    17.2033 0.0000e+00
      3.912      0.061     4.7442     49.288     34.306  28.956526     2.9700     3.3712     0.0852     0.8037 3.1345e+00     3.3492      3.837      5.565    17.2025 0.0000e+00
      3.928      0.061     4.7450     49.288     34.299  28.950302     2.9700     3.3483     0.0852     0.8037 3.1155e+00     3.3492      3.852      5.587    17.2018 0.0000e+00
      3.943      0.061     4.7448     49.296     34.296  28.947144     2.9700     3.2148     0.0852     0.8037 3.0691e+00     3.4845      3.867      5.609    17.2010 0.0000e+00
      3.959      0.060     4.7440     49.308     34.295  28.946210     2.9700     3.1805     0.0852     0.8037 3.0479e+00     3.4093      3.882      5.631    17.2002 0.0000e+00
      3.975      0.060     4.7434     49.324     34.297  28.947250     2.9700     3.1728     0.0426     0.7614 3.0097e+00     3.5145      3.898      5.653    17.1995 0.0000e+00
      3.990      0.060     4.7434     49.352     34.297  28.946583     2.9700     3.1995     0.0426     0.7614 3.0169e+00     3.4694      3.912      5.675    17.1989 0.0000e+00
      4.004      0.059     4.7442     49.391     34.294  28.944030     2.9700     3.2033     0.0426     0.7614 2.9960e+00     3.4995      3.927      5.696    17.1984 0.0000e+00
      4.019      0.059     4.7454     49.434     34.294  28.942871     2.9700     3.1919     0.0426     0.7614 2.9999e+00     3.4694      3.942      5.717    17.1978 0.0000e+00
      4.034      0.060     4.7470     49.471     34.290  28.938836     2.9700     3.2224     0.0852     0.8037 2.9921e+00     3.5295      3.956      5.738    17.1972 0.0000e+00
      4.049      0.060     4.7498     49.496     34.282  28.930849     2.9700     3.1881     0.0852     0.8037 2.9373e+00     3.3642      3.971      5.760    17.1964 0.0000e+00
      4.065      0.059     4.7537     49.510     34.280  28.928660     2.9700     3.1309     0.0852     0.8037 2.8867e+00     3.5295      3.986      5.782    17.1954 0.0000e+00
      4.081      0.059     4.7580     49.518     34.284  28.931686     2.9700     3.1003     0.0852     0.8037 2.8008e+00     3.5295      4.002      5.804    17.1941 0.0000e+00
      4.096      0.058     4.7616     49.522     34.281  28.928853     2.9700     3.1499     0.0852     0.7614 2.7681e+00     3.4243      4.017      5.826    17.1928 0.0000e+00
      4.110      0.057     4.7641     49.523     34.276  28.923366     2.9700     3.1080     0.0852     0.7614 2.7537e+00     3.4845      4.031      5.846    17.1917 0.0000e+00
      4.124      0.055     4.7655     49.527     34.270  28.917722     2.9700     3.1080     0.0852     0.7614 2.7520e+00     3.4394      4.045      5.866    17.1908 0.0000e+00
      4.138      0.055     4.7664     49.533     34.262  28.910416     2.9700     3.1232     0.0852     0.7614 2.7275e+00     3.3943      4.058      5.886    17.1899 0.0000e+00
      4.152      0.054     4.7669     49.537     34.264  28.911378     2.9700     3.1461     0.0852     0.7614 2.6770e+00     3.3642      4.071      5.905    17.1890 0.0000e+00
      4.165      0.054     4.7671     49.545     34.275  28.920866     2.9700     3.1309     0.0426     0.8460 2.6614e+00     3.4544      4.085      5.924    17.1880 0.0000e+00
      4.179      0.054     4.7676     49.558     34.281  28.925569     2.9700     3.1423     0.0426     0.8460 2.6366e+00     3.3792      4.098      5.944    17.1871 0.0000e+00
      4.193      0.055     4.7683     49.572     34.283  28.926743     2.9700     3.1270     0.0426     0.8460 2.5699e+00     3.3792      4.112      5.964    17.1862 0.0000e+00
      4.207      0.055     4.7688     49.581     34.295  28.936579     2.9700     3.1232     0.0426     0.8460 2.5371e+00     3.3943      4.125      5.983    17.1855 0.0000e+00
      4.221      0.055     4.7695     49.579     34.315  28.953741     2.9700     3.1309     0.0852     0.8460 2.5130e+00     3.5596      4.139      6.003    17.1849 0.0000e+00
      4.235      0.056     4.7708     49.569     34.331  28.966966     2.9700     3.1499     0.0852     0.8460 2.4686e+00     3.4845      4.153      6.024    17.1845 0.0000e+00
      4.249      0.056     4.7722     49.556     34.342  28.975820     2.9700     3.1499     0.0852     0.8460 2.4119e+00     3.4394      4.167      6.044    17.1842 0.0000e+00
      4.264      0.056     4.7731     49.543     34.359  28.990585     2.9700     3.1347     0.0852     0.8460 2.3647e+00     3.4544      4.181      6.064    17.1839 0.0000e+00
      4.278      0.056     4.7730     49.529     34.379  29.007278     2.9700     3.1576     0.0852     0.8037 2.3575e+00     3.5446      4.195      6.085    17.1838 0.0000e+00
      4.293      0.056     4.7720     49.513     34.388  29.014511     2.9700     3.0584     0.0852     0.8037 2.3003e+00     3.3492      4.209      6.105    17.1836 0.0000e+00
