Data/DataNotYetUploadedToEDI/Raw_CTD/RawDownloads/100923_bvr50_S7809001.cnv
* Sea-Bird SBE19plus  Data File:
* FileName = C:\R\Reservoirs\Data\DataNotYetUploadedToEDI\Raw_CTD\RawDownloads\100923_bvr50_S7809_0001.hex
* Software version 2.8.0.119
* Temperature SN = 7809
* Conductivity SN = 7809
* System UpLoad Time = Oct 10 2023 16:04:15
* <ApplicationData>
* <Seaterm232>
# nquan = 15
# nvalues = 1375                        
# units = specified
# name 0 = depFM: Depth [fresh water, m]
# name 1 = dz/dtM: Descent Rate [m/s]
# name 2 = sbeox0Mg/L: Oxygen, SBE 43 [mg/l]
# name 3 = sbeox0PS: Oxygen, SBE 43 [% saturation]
# name 4 = specc: Specific Conductance [uS/cm]
# name 5 = c0uS/cm: Conductivity [uS/cm]
# name 6 = flECO-AFL: Fluorescence, WET Labs ECO-AFL/FL [mg/m^3]
# name 7 = ph: pH
# name 8 = orp: Oxidation Reduction Potential [mV]
# name 9 = par/sat/log: PAR/Logarithmic, Satlantic
# name 10 = turbWETntu0: Turbidity, WET Labs ECO [NTU]
# name 11 = prdM: Pressure, Strain Gauge [db]
# name 12 = prdE: Pressure, Strain Gauge [psi]
# name 13 = tv290C: Temperature [ITS-90, deg C]
# name 14 = flag:  0.000e+00
# span 0 =     -0.798,      8.725       
# span 1 =     -0.862,      0.256       
# span 2 =    -0.3871,     9.7422       
# span 3 =     -3.525,     99.796       
# span 4 =     -0.543,    230.218       
# span 5 =  -0.418053, 160.934478       
# span 6 =    -0.9190,     9.5708       
# span 7 =      4.194,      6.857       
# span 8 =  -975.0425,  1240.2295       
# span 9 = 1.2370e-01, 1.9811e+03       
# span 10 =    -0.2713,    81.4112      
# span 11 =     -0.783,      8.557      
# span 12 =     -1.136,     12.411      
# span 13 =     9.9403,    17.2428      
# span 14 = 0.0000e+00, 0.0000e+00      
# interval = seconds: 0.25
# start_time = Oct 09 2023 10:22:23 [Instrument's time stamp, header]
# bad_flag = -9.990e-29
*END*
[from data line 579]
      2.680      0.028     6.9166     71.776     34.001  28.718711     4.9549      6.349   318.8282 1.0526e+01     4.4775      2.628      3.812    17.2288 0.0000e+00
      2.686      0.030     6.8964     71.978     33.986  28.705460     4.9394      6.349   318.9916 1.0431e+01     4.4421      2.634      3.821    17.2288 0.0000e+00
      2.693      0.030     6.8850     72.165     33.985  28.704307     4.9450      6.350   318.9773 1.0326e+01     4.4457      2.639      3.828    17.2285 0.0000e+00
      2.702      0.031     6.8827     72.365     33.986  28.704769     4.9726      6.351   318.9133 1.0205e+01     4.4527      2.649      3.842    17.2283 0.0000e+00
      2.711      0.032     6.9020     72.585     33.994  28.711050     5.0655      6.352   319.0779 1.0107e+01     4.4247      2.659      3.856    17.2280 0.0000e+00
      2.719      0.032     6.9250     72.765     34.001  28.716815     5.2109      6.352   319.2472 1.0034e+01     4.4145      2.666      3.867    17.2274 0.0000e+00
      2.727      0.031     6.9400     72.895     33.995  28.711049     5.2825      6.353   319.2393 9.9421e+00     4.4315      2.674      3.879    17.2267 0.0000e+00
      2.735      0.030     6.9585     72.970     33.987  28.704763     5.2910      6.354   319.3267 9.8466e+00     4.4596      2.682      3.892    17.2260 0.0000e+00
      2.742      0.030     6.9842     72.943     33.987  28.704244     5.2542      6.355   319.6152 9.7712e+00     4.4466      2.690      3.902    17.2252 0.0000e+00
      2.749      0.029     7.0011     72.878     33.988  28.704774     5.1625      6.356   319.7166 9.6888e+00     4.4112      2.695      3.910    17.2248 0.0000e+00
      2.756      0.028     7.0114     72.870     33.995  28.711164     5.1064      6.357   319.6056 9.5930e+00     4.4413      2.702      3.919    17.2246 0.0000e+00
      2.764      0.027     7.0248     72.924     34.003  28.718083     5.1007      6.358   319.6500 9.5165e+00     4.4694      2.711      3.932    17.2244 0.0000e+00
      2.772      0.027     7.0175     72.993     34.011  28.725002     5.1930      6.359   319.8235 9.4797e+00     4.4434      2.719      3.943    17.2243 0.0000e+00
      2.778      0.027     7.0066     73.033     34.019  28.731388     5.3653      6.359   319.8974 9.4437e+00     4.3994      2.725      3.952    17.2244 0.0000e+00
      2.784      0.028     7.0073     73.040     34.020  28.731870     5.4434      6.359   319.9410 9.3754e+00     4.3815      2.730      3.959    17.2240 0.0000e+00
      2.790      0.029     7.0137     73.022     34.019  28.730821     5.4468      6.359   320.0060 9.2795e+00     4.4326      2.736      3.968    17.2237 0.0000e+00
      2.797      0.032     7.0229     73.009     34.004  28.718713     5.4480      6.360   319.9952 9.1619e+00     4.4702      2.743      3.979    17.2238 0.0000e+00
      2.806      0.035     7.0257     73.016     33.997  28.712318     5.4166      6.360   319.9822 9.0425e+00     4.4606      2.751      3.990    17.2235 0.0000e+00
      2.816      0.039     7.0269     73.021     34.002  28.716931     5.3676      6.360   320.0222 8.9540e+00     4.4526      2.762      4.005    17.2236 0.0000e+00
      2.827      0.041     7.0238     73.056     33.995  28.711060     5.3464      6.361   320.1341 8.8829e+00     4.4084      2.772      4.020    17.2238 0.0000e+00
      2.838      0.043     7.0208     73.144     33.987  28.704765     5.3597      6.361   320.2157 8.7978e+00     4.4034      2.782      4.035    17.2237 0.0000e+00
      2.849      0.043     7.0248     73.242     33.987  28.704244     5.4365      6.362   320.0630 8.7000e+00     4.6319      2.794      4.052    17.2235 0.0000e+00
      2.861      0.043     7.0227     73.338     33.988  28.704764     5.5600      6.363   319.8360 8.6011e+00     4.9504      2.805      4.069    17.2235 0.0000e+00
      2.872      0.043     7.0240     73.455     33.995  28.711050     5.6209      6.363   319.7087 8.5201e+00     5.0784      2.818      4.087    17.2236 0.0000e+00
      2.882      0.043     7.0363     73.571     34.002  28.716816     5.6152      6.363   319.6417 8.4472e+00     5.1212      2.828      4.101    17.2236 0.0000e+00
      2.892      0.042     7.0453     73.638     33.996  28.711049     5.5329      6.363   319.6284 8.3552e+00     5.1259      2.835      4.112    17.2234 0.0000e+00
      2.904      0.039     7.0536     73.692     33.988  28.704759     5.3906      6.363   319.6346 8.2677e+00     5.0326      2.848      4.131    17.2234 0.0000e+00
      2.917      0.035     7.0645     73.745     33.988  28.704192     5.3097      6.364   319.7164 8.2214e+00     4.9498      2.863      4.152    17.2235 0.0000e+00
      2.926      0.033     7.0801     73.710     33.988  28.704192     5.2881      6.365   319.8435 8.1952e+00     4.8760      2.870      4.163    17.2234 0.0000e+00
      2.931      0.031     7.0835     73.554     33.988  28.704759     5.2453      6.365   319.8802 8.1582e+00     4.7206      2.875      4.169    17.2229 0.0000e+00
      2.937      0.029     7.0863     73.301     33.995  28.711049     5.1745      6.365   319.8167 8.1038e+00     4.5392      2.881      4.177    17.2228 0.0000e+00
      2.944      0.029     7.0983     72.989     34.002  28.716815     5.1401      6.365   319.7635 8.0460e+00     4.4601      2.887      4.187    17.2230 0.0000e+00
      2.952      0.029     7.0943     72.700     33.996  28.711049     5.1371      6.365   319.8399 8.0007e+00     4.4129      2.895      4.199    17.2232 0.0000e+00
      2.961      0.028     7.0780     72.489     33.990  28.704755     5.1379      6.365   319.9651 7.9526e+00     4.3780      2.903      4.211    17.2238 0.0000e+00
      2.969      0.027     7.0537     72.398     33.990  28.704141     5.1581      6.366   320.0730 7.8951e+00     4.4144      2.911      4.223    17.2245 0.0000e+00
      2.977      0.024     7.0192     72.492     33.990  28.703631     5.1731      6.367   320.1120 7.8561e+00     4.4090      2.921      4.235    17.2244 0.0000e+00
      2.983      0.022     6.9900     72.744     33.985  28.698585     5.1787      6.367   320.0927 7.8510e+00     4.3805      2.927      4.244    17.2231 0.0000e+00
      2.986      0.020     6.9704     73.036     33.995  28.706552     5.1840      6.368   320.1840 7.8532e+00     4.3771      2.929      4.247    17.2213 0.0000e+00
      2.989      0.020     6.9567     73.285     34.031  28.736536     5.1959      6.370   320.3552 7.8401e+00     4.3687      2.930      4.251    17.2197 0.0000e+00
      2.993      0.020     6.9678     73.476     34.040  28.743971     5.2223      6.371   320.3552 7.8195e+00     4.4154      2.935      4.257    17.2186 0.0000e+00
      2.999      0.021     6.9969     73.576     34.027  28.733015     5.2371      6.372   320.2704 7.7935e+00     4.4632      2.940      4.265    17.2180 0.0000e+00
      3.007      0.023     7.0288     73.532     34.024  28.730928     5.2332      6.373   320.3628 7.7759e+00     4.4347      2.948      4.277    17.2175 0.0000e+00
      3.014      0.025     7.0516     73.322     34.009  28.718734     5.2157      6.373   320.5257 7.7769e+00     4.4459      2.957      4.288    17.2167 0.0000e+00
      3.019      0.026     7.0710     72.989     34.002  28.712434     5.1932      6.374   320.6050 7.7627e+00     4.5987      2.960      4.294    17.2162 0.0000e+00
      3.025      0.028     7.0840     72.684     34.008  28.718190     5.1852      6.376   320.6334 7.7142e+00     4.7449      2.966      4.301    17.2167 0.0000e+00
      3.031      0.029     7.0790     72.508     34.016  28.724900     5.1774      6.376   320.6967 7.6523e+00     4.7453      2.973      4.311    17.2175 0.0000e+00
      3.039      0.030     7.0599     72.445     34.023  28.730137     5.1655      6.375   320.7688 7.5981e+00     4.6380      2.981      4.323    17.2183 0.0000e+00
      3.049      0.030     7.0197     72.507     34.009  28.718084     5.1670      6.375   320.8173 7.5472e+00     4.5060      2.990      4.336    17.2184 0.0000e+00
      3.058      0.029     6.9858     72.667     33.994  28.706024     5.1788      6.376   320.7656 7.4961e+00     4.4475      2.999      4.350    17.2182 0.0000e+00
      3.066      0.027     6.9732     72.846     33.999  28.711165     5.1913      6.377   320.6603 7.4726e+00     4.4427      3.008      4.362    17.2177 0.0000e+00
      3.071      0.025     6.9644     73.031     34.004  28.716827     5.2265      6.378   320.6631 7.4786e+00     4.4143      3.011      4.369    17.2175 0.0000e+00
      3.075      0.023     6.9708     73.208     33.997  28.711052     5.2886      6.378   320.6274 7.4984e+00     4.3773      3.016      4.374    17.2181 0.0000e+00
      3.080      0.021     6.9915     73.329     33.989  28.704774     5.3351      6.379   320.5720 7.5339e+00     4.3707      3.020      4.380    17.2191 0.0000e+00
      3.086      0.021     7.0070     73.413     33.988  28.704358     5.3636      6.380   320.5957 7.5745e+00     4.4024      3.026      4.390    17.2202 0.0000e+00
      3.093      0.022     7.0242     73.488     33.990  28.706021     5.3914      6.381   320.5705 7.6397e+00     4.4196      3.033      4.400    17.2214 0.0000e+00
      3.098      0.023     7.0453     73.553     34.013  28.724878     5.4212      6.382   320.6116 7.7345e+00     4.3736      3.038      4.407    17.2224 0.0000e+00
      3.103      0.025     7.0547     73.611     34.033  28.742073     5.4410      6.384   320.8350 7.8112e+00     4.3243      3.042      4.412    17.2231 0.0000e+00
      3.109      0.027     7.0614     73.659     34.012  28.723630     5.4568      6.385   321.1196 7.8568e+00     4.3701      3.048      4.420    17.2234 0.0000e+00
      3.115      0.028     7.0698     73.700     33.975  28.692169     5.4778      6.384   321.2995 7.8847e+00     4.4494      3.055      4.431    17.2232 0.0000e+00
      3.124      0.029     7.0746     73.699     33.960  28.678822     5.5285      6.383   321.2898 7.8957e+00     4.4293      3.063      4.444    17.2226 0.0000e+00
      3.133      0.029     7.0821     73.616     33.973  28.689107     5.6286      6.384   321.1741 7.8818e+00     4.3998      3.073      4.457    17.2214 0.0000e+00
      3.142      0.029     7.0848     73.449     33.974  28.689665     5.6897      6.384   321.1056 7.8526e+00     4.4358      3.081      4.469    17.2205 0.0000e+00
      3.149      0.028     7.0913     73.248     33.969  28.685565     5.6852      6.384   321.1491 7.8260e+00     4.4534      3.088      4.479    17.2202 0.0000e+00
      3.154      0.027     7.0927     73.087     33.989  28.702967     5.5998      6.386   321.2700 7.7880e+00     4.4420      3.094      4.486    17.2196 0.0000e+00
      3.160      0.026     7.0848     72.995     33.997  28.709792     5.4391      6.389   321.3635 7.7312e+00     4.4343      3.099      4.494    17.2192 0.0000e+00
      3.167      0.026     7.0676     72.980     33.992  28.704651     5.3473      6.389   321.3327 7.6704e+00     4.4624      3.106      4.504    17.2193 0.0000e+00
      3.175      0.027     7.0437     73.030     33.992  28.704236     5.3389      6.389   321.3278 7.6148e+00     4.5093      3.114      4.516    17.2190 0.0000e+00
      3.182      0.028     7.0293     73.107     33.993  28.704766     5.3133      6.389   321.3906 7.5533e+00     4.4890      3.120      4.526    17.2187 0.0000e+00
      3.188      0.028     7.0187     73.178     34.001  28.711061     5.2545      6.389   321.4027 7.4718e+00     4.4224      3.126      4.534    17.2188 0.0000e+00
      3.196      0.028     7.0185     73.236     34.008  28.716931     5.2184      6.390   321.3892 7.3770e+00     4.4214      3.134      4.545    17.2185 0.0000e+00
      3.203      0.027     7.0246     73.246     34.003  28.712309     5.2184      6.390   321.3993 7.2842e+00     4.4758      3.141      4.556    17.2178 0.0000e+00
      3.210      0.026     7.0337     73.163     34.011  28.718600     5.1963      6.390   321.4380 7.1957e+00     4.5002      3.149      4.566    17.2168 0.0000e+00
      3.217      0.024     7.0405     73.034     34.024  28.729565     5.1261      6.390   321.5135 7.1147e+00     4.4428      3.155      4.576    17.2158 0.0000e+00
      3.223      0.023     7.0462     72.909     34.010  28.718032     5.0606      6.391   321.5376 7.0529e+00     4.3622      3.161      4.585    17.2150 0.0000e+00
      3.228      0.022     7.0520     72.791     33.996  28.706019     5.0453      6.392   321.3856 6.9973e+00     4.3807      3.166      4.591    17.2147 0.0000e+00
      3.233      0.023     7.0398     72.711     34.002  28.711165     5.0493      6.392   321.2246 6.9369e+00     4.4615      3.170      4.597    17.2149 0.0000e+00
      3.238      0.024     7.0250     72.686     34.009  28.716828     5.0335      6.392   321.2248 6.8796e+00     4.5185      3.176      4.606    17.2154 0.0000e+00
      3.243      0.027     7.0154     72.718     34.002  28.711052     5.0121      6.393   321.2154 6.8155e+00     4.5234      3.180      4.613    17.2159 0.0000e+00
      3.249      0.030     7.0006     72.804     33.995  28.704756     4.9991      6.394   321.1117 6.7460e+00     4.4528      3.185      4.620    17.2158 0.0000e+00
      3.259      0.033     6.9935     72.901     33.995  28.704132     4.9926      6.395   321.1756 6.7007e+00     4.3815      3.195      4.634    17.2155 0.0000e+00
      3.269      0.034     6.9915     72.991     33.994  28.703508     5.0252      6.395   321.3853 6.6795e+00     4.3786      3.206      4.651    17.2153 0.0000e+00
      3.278      0.034     6.9927     73.061     33.987  28.697213     5.0933      6.395   321.4108 6.6612e+00     4.4179      3.215      4.664    17.2149 0.0000e+00
      3.288      0.033     7.0050     73.078     33.980  28.691446     5.1255      6.395   321.3115 6.6637e+00     4.4466      3.224      4.676    17.2147 0.0000e+00
      3.297      0.030     7.0136     73.037     33.986  28.697213     5.1232      6.395   321.3029 6.7094e+00     4.4184      3.235      4.691    17.2143 0.0000e+00
      3.305      0.028     7.0227     72.982     33.993  28.703503     5.1907      6.396   321.3074 6.8143e+00     4.4185      3.242      4.702    17.2139 0.0000e+00
      3.310      0.026     7.0312     72.979     33.993  28.704070     5.3249      6.397   321.2794 6.9808e+00     4.4480      3.246      4.707    17.2139 0.0000e+00
      3.315      0.025     7.0326     73.016     33.994  28.704070     5.3981      6.397   321.3094 7.1920e+00     4.4332      3.251      4.713    17.2145 0.0000e+00
      3.321      0.025     7.0280     73.056     33.994  28.703503     5.4014      6.397   321.4117 7.4322e+00     4.4448      3.257      4.723    17.2154 0.0000e+00
      3.328      0.026     7.0178     73.108     33.987  28.697213     5.3572      6.397   321.4834 7.6677e+00     4.5205      3.263      4.733    17.2159 0.0000e+00
      3.334      0.028     7.0196     73.155     33.981  28.691448     5.2789      6.397   321.4880 7.8935e+00     4.6313      3.269      4.741    17.2161 0.0000e+00
      3.341      0.029     7.0255     73.176     33.989  28.697223     5.2461      6.398   321.4682 8.1010e+00     4.6912      3.276      4.751    17.2157 0.0000e+00
      3.350      0.029     7.0271     73.166     33.997  28.703623     5.2431      6.400   321.4155 8.2790e+00     4.6637      3.285      4.764    17.2145 0.0000e+00
      3.360      0.028     7.0343     73.129     34.000  28.705389     5.2087      6.400   321.4534 8.4560e+00     4.6061      3.296      4.780    17.2135 0.0000e+00
      3.367      0.025     7.0392     73.085     34.015  28.718584     5.1641      6.400   321.4952 8.6187e+00     4.5752      3.303      4.791    17.2124 0.0000e+00
      3.372      0.022     7.0419     73.066     34.036  28.736308     5.1445      6.400   321.4054 8.7402e+00     4.5641      3.306      4.796    17.2114 0.0000e+00
