Data/DataNotYetUploadedToEDI/Raw_CTD/RawDownloads/100923_fcr50_S8188005.cnv
* Sea-Bird SBE19plus  Data File:
* FileName = C:\R\Reservoirs\Data\DataNotYetUploadedToEDI\Raw_CTD\RawDownloads\100923_bvr50_S8188_0005.hex
* Software version 2.8.0.119
* Temperature SN = 8188
* Conductivity SN = 8188
* System UpLoad Time = Oct 10 2023 15:53:18
* <ApplicationData>
* <Seaterm232>
# nquan = 16
# nvalues = 1148                        
# units = specified
# name 0 = depFM: Depth [fresh water, m]
# name 1 = dz/dtM: Descent Rate [m/s]
# name 2 = sbeox0Mg/L: Oxygen, SBE 43 [mg/l]
# name 3 = sbeox0PS: Oxygen, SBE 43 [% saturation]
# name 4 = specc: Specific Conductance [uS/cm]
# name 5 = c0uS/cm: Conductivity [uS/cm]
# name 6 = wetCDOM: Fluorescence, WET Labs CDOM [mg/m^3]
# name 7 = flECO-AFL: Fluorescence, WET Labs ECO-AFL/FL [mg/m^3]
# name 8 = flECO-AFL1: Fluorescence, WET Labs ECO-AFL/FL, 2 [mg/m^3]
# name 9 = flECO-AFL2: Fluorescence, WET Labs ECO-AFL/FL, 3 [mg/m^3]
# name 10 = par/sat/log: PAR/Logarithmic, Satlantic
# name 11 = turbWETntu0: Turbidity, WET Labs ECO [NTU]
# name 12 = prdM: Pressure, Strain Gauge [db]
# name 13 = prdE: Pressure, Strain Gauge [psi]
# name 14 = tv290C: Temperature [ITS-90, deg C]
# name 15 = flag:  0.000e+00
# span 0 =     -0.729,      9.545       
# span 1 =     -0.307,      0.096       
# span 2 =     0.2165,     7.2595       
# span 3 =      2.073,     72.077       
# span 4 =      0.669,    594.238       
# span 5 =   0.535917, 441.513924       
# span 6 =    -4.5000,    15.2100       
# span 7 =    -1.6643,    14.7239       
# span 8 =    -5.5806,     2.9820       
# span 9 =    -5.8374,    11.1672       
# span 10 = 1.1595e-01, 2.5940e+03      
# span 11 =    -2.9334,   122.2075      
# span 12 =     -0.714,      9.360      
# span 13 =     -1.036,     13.576      
# span 14 =    12.1447,    17.3177      
# span 15 = 0.0000e+00, 0.0000e+00      
# interval = seconds: 0.25
# start_time = Oct 09 2023 12:51:01 [Instrument's time stamp, header]
# bad_flag = -9.990e-29
*END*
[from data line 724]
      6.317      0.066     2.5609     24.151     65.412  48.896650     4.0500     0.4224     0.2982     0.2115 1.1617e-01    14.5466      6.195      8.985    12.3738 0.0000e+00
      6.333      0.066     2.5625     24.225     65.409  48.894459     4.0500     0.4491     0.2982     0.2115 1.1615e-01    14.4865      6.211      9.009    12.3734 0.0000e+00
      6.351      0.067     2.5674     24.278     65.397  48.885040     4.0500     0.3575     0.2982     0.2115 1.1617e-01    14.5466      6.228      9.033    12.3731 0.0000e+00
      6.368      0.068     2.5735     24.305     65.382  48.873810     4.0500     0.3766     0.2982     0.2115 1.1612e-01    14.5466      6.245      9.058    12.3729 0.0000e+00
      6.385      0.068     2.5804     24.342     65.365  48.861736     4.0500     0.4033     0.2982     0.1269 1.1615e-01    14.5466      6.262      9.082    12.3727 0.0000e+00
      6.403      0.067     2.5884     24.400     65.349  48.849564     4.0500     0.3652     0.2982     0.1269 1.1633e-01    14.5767      6.279      9.107    12.3726 0.0000e+00
      6.421      0.066     2.5940     24.472     65.339  48.841974     4.0500     0.4071     0.2982     0.1269 1.1615e-01    14.8172      6.296      9.132    12.3726 0.0000e+00
      6.438      0.066     2.5968     24.557     65.337  48.840906     4.0500     0.3652     0.2982     0.1269 1.1605e-01    14.8623      6.313      9.156    12.3726 0.0000e+00
      6.454      0.065     2.6008     24.638     65.344  48.846076     4.0500     0.3842     0.2982     0.0846 1.1605e-01    14.7420      6.329      9.180    12.3727 0.0000e+00
      6.470      0.064     2.6070     24.741     65.356  48.854898     4.0500     0.3919     0.2982     0.0846 1.1620e-01    14.8021      6.345      9.202    12.3727 0.0000e+00
      6.486      0.062     2.6147     24.875     65.366  48.861799     4.0500     0.3652     0.2982     0.0846 1.1617e-01    15.0577      6.360      9.225    12.3728 0.0000e+00
      6.502      0.061     2.6238     24.956     65.371  48.864653     4.0500     0.3957     0.2982     0.0846 1.1633e-01    15.0276      6.376      9.248    12.3728 0.0000e+00
      6.518      0.061     2.6325     24.964     65.371  48.864222     4.0500     0.3728     0.2982     0.0846 1.1623e-01    15.1178      6.392      9.270    12.3728 0.0000e+00
      6.533      0.060     2.6434     24.921     65.371  48.864354     4.0500     0.3804     0.3408     0.1269 1.1612e-01    15.1027      6.407      9.292    12.3727 0.0000e+00
      6.548      0.058     2.6577     24.787     65.378  48.869049     4.0500     0.3919     0.3408     0.1269 1.1612e-01    14.7871      6.422      9.314    12.3725 0.0000e+00
      6.563      0.057     2.6664     24.604     65.387  48.875596     4.0500     0.3690     0.3408     0.1269 1.1617e-01    14.8773      6.436      9.335    12.3723 0.0000e+00
      6.577      0.055     2.6673     24.441     65.390  48.877812     4.0500     0.3804     0.3408     0.1269 1.1623e-01    14.7721      6.450      9.355    12.3720 0.0000e+00
      6.591      0.053     2.6627     24.182     65.389  48.876288     4.0500     0.3728     0.3408     0.2115 1.1615e-01    14.7571      6.464      9.375    12.3716 0.0000e+00
      6.604      0.052     2.6484     23.775     65.392  48.878545     4.0500     0.3079     0.3408     0.2115 1.1617e-01    14.4865      6.477      9.394    12.3713 0.0000e+00
      6.617      0.050     2.6288     23.427     65.401  48.885184     4.0500     0.3156     0.3408     0.2115 1.1620e-01    14.5767      6.489      9.411    12.3710 0.0000e+00
      6.629      0.049     2.6115     23.266     65.408  48.890050     4.0500     0.3041     0.3408     0.2115 1.1612e-01    14.5316      6.501      9.429    12.3707 0.0000e+00
      6.642      0.047     2.5839     23.249     65.409  48.890476     4.0500     0.3346     0.2982     0.0846 1.1605e-01    14.5466      6.513      9.446    12.3705 0.0000e+00
      6.654      0.046     2.5404     23.349     65.409  48.890539     4.0500     0.3194     0.2982     0.0846 1.1630e-01    14.7420      6.525      9.464    12.3704 0.0000e+00
      6.665      0.044     2.5032     23.536     65.408  48.890256     4.0500     0.3385     0.2982     0.0846 1.1600e-01    14.8322      6.537      9.480    12.3702 0.0000e+00
      6.676      0.044     2.4860     23.763     65.402  48.885588     4.0500     0.3194     0.2982     0.0846 1.1628e-01    14.7120      6.547      9.496    12.3701 0.0000e+00
      6.686      0.044     2.4842     24.051     65.394  48.879253     3.9600     0.3385     0.2982     0.2115 1.1612e-01    14.8623      6.557      9.510    12.3700 0.0000e+00
      6.697      0.045     2.4949     24.398     65.386  48.873526     3.9600     0.3804     0.2982     0.2115 1.1612e-01    14.2911      6.567      9.525    12.3700 0.0000e+00
      6.708      0.048     2.5148     24.677     65.377  48.866879     3.9600     0.3804     0.2982     0.2115 1.1615e-01    14.3663      6.578      9.541    12.3701 0.0000e+00
      6.720      0.050     2.5390     24.737     65.370  48.861505     3.9600     0.3919     0.2982     0.2115 1.1612e-01    14.3212      6.591      9.559    12.3703 0.0000e+00
      6.734      0.053     2.5698     24.634     65.374  48.863897     3.9600     0.3728     0.2982     0.2115 1.1610e-01    14.2911      6.604      9.578    12.3703 0.0000e+00
      6.748      0.056     2.6069     24.537     65.388  48.874693     4.0500     0.3728     0.2982     0.1269 1.1610e-01    14.3061      6.618      9.598    12.3703 0.0000e+00
      6.763      0.058     2.6367     24.522     65.402  48.884882     4.0500     0.3842     0.2982     0.1269 1.1615e-01    14.2310      6.632      9.620    12.3702 0.0000e+00
      6.779      0.059     2.6432     24.721     65.402  48.885288     4.0500     0.3728     0.2982     0.1269 1.1612e-01    14.2611      6.647      9.642    12.3701 0.0000e+00
      6.794      0.059     2.6322     25.151     65.395  48.879983     4.0500     0.3842     0.2982     0.1269 1.1612e-01    14.2761      6.662      9.663    12.3700 0.0000e+00
      6.809      0.058     2.6219     25.621     65.395  48.879445     4.0500     0.3766     0.3408     0.2115 1.1617e-01    14.3512      6.677      9.685    12.3699 0.0000e+00
      6.824      0.058     2.6203     25.973     65.395  48.879567     4.0500     0.4033     0.3408     0.2115 1.1607e-01    14.3512      6.692      9.706    12.3699 0.0000e+00
      6.839      0.056     2.6415     26.189     65.391  48.876415     4.0500     0.3881     0.3408     0.2115 1.1617e-01    14.2611      6.706      9.727    12.3698 0.0000e+00
      6.853      0.055     2.6874     26.207     65.387  48.873115     4.0500     0.4033     0.3408     0.2115 1.1623e-01    14.2761      6.720      9.747    12.3697 0.0000e+00
      6.867      0.054     2.7377     25.867     65.382  48.868785     4.0500     0.3881     0.2982     0.1269 1.1612e-01    14.5917      6.734      9.767    12.3696 0.0000e+00
      6.880      0.053     2.7752     25.370     65.379  48.866236     4.0500     0.3995     0.2982     0.1269 1.1623e-01    14.5767      6.747      9.786    12.3695 0.0000e+00
      6.894      0.052     2.7984     25.029     65.377  48.864787     4.0500     0.4071     0.2982     0.1269 1.1633e-01    14.6218      6.760      9.805    12.3693 0.0000e+00
      6.907      0.052     2.8003     24.841     65.371  48.860088     4.0500     0.3575     0.2982     0.1269 1.1625e-01    14.6068      6.773      9.824    12.3691 0.0000e+00
      6.920      0.051     2.7640     24.786     65.365  48.854849     4.0500     0.3652     0.2982     0.2115 1.1628e-01    14.5617      6.786      9.843    12.3689 0.0000e+00
      6.933      0.050     2.7108     24.920     65.366  48.855603     4.0500     0.3652     0.2982     0.2115 1.1617e-01    14.5767      6.799      9.862    12.3687 0.0000e+00
      6.946      0.049     2.6744     24.968     65.376  48.862548     4.0500     0.3652     0.2982     0.2115 1.1617e-01    14.5316      6.811      9.880    12.3685 0.0000e+00
      6.958      0.048     2.6544     24.640     65.386  48.869610     4.0500     0.3575     0.2982     0.2115 1.1617e-01    14.5917      6.823      9.897    12.3683 0.0000e+00
      6.970      0.048     2.6484     24.072     65.399  48.878672     4.0500     0.3957     0.2982     0.2115 1.1628e-01    14.5466      6.835      9.914    12.3681 0.0000e+00
      6.982      0.048     2.6628     23.460     65.418  48.892150     4.0500     0.3690     0.2982     0.2115 1.1623e-01    14.5166      6.847      9.931    12.3679 0.0000e+00
      6.994      0.048     2.6680     22.939     65.431  48.901748     4.0500     0.3881     0.2982     0.2115 1.1617e-01    14.5767      6.859      9.948    12.3675 0.0000e+00
      7.007      0.049     2.6330     22.728     65.432  48.902097     4.0500     0.3766     0.2982     0.2115 1.1623e-01    14.5917      6.871      9.966    12.3670 0.0000e+00
      7.019      0.050     2.5723     22.980     65.426  48.897253     4.0500     0.3652     0.2982     0.2115 1.1612e-01    14.7871      6.883      9.983    12.3666 0.0000e+00
      7.032      0.052     2.5069     23.714     65.421  48.893854     4.0500     0.3575     0.3408     0.1269 1.1612e-01    14.8322      6.896     10.001    12.3662 0.0000e+00
      7.045      0.054     2.4513     25.039     65.423  48.894955     4.0500     0.3728     0.3408     0.1269 1.1612e-01    14.6969      6.908     10.020    12.3659 0.0000e+00
      7.059      0.057     2.4288     26.968     65.426  48.896888     4.0500     0.3804     0.3408     0.1269 1.1615e-01    14.8773      6.922     10.040    12.3657 0.0000e+00
      7.074      0.059     2.4557     28.497     65.425  48.896203     4.0500     0.3804     0.3408     0.1269 1.1610e-01    14.5316      6.937     10.061    12.3655 0.0000e+00
      7.090      0.061     2.5341     28.493     65.426  48.896681     4.0500     0.3728     0.3408     0.2115 1.1633e-01    14.5617      6.952     10.083    12.3655 0.0000e+00
      7.106      0.063     2.6757     27.404     65.434  48.902414     4.0500     0.3995     0.3408     0.2115 1.1623e-01    14.4565      6.968     10.106    12.3654 0.0000e+00
      7.122      0.064     2.8818     26.133     65.440  48.907003     4.0500     0.3995     0.3408     0.2115 1.1602e-01    14.6218      6.984     10.129    12.3653 0.0000e+00
      7.138      0.066     3.0452     24.896     65.441  48.907709     4.0500     0.3842     0.3408     0.2115 1.1630e-01    14.8021      7.000     10.153    12.3652 0.0000e+00
      7.155      0.067     3.0448     23.746     65.448  48.912646     4.0500     0.3804     0.3408     0.2538 1.1607e-01    14.7270      7.017     10.177    12.3650 0.0000e+00
      7.172      0.068     2.9285     22.855     65.457  48.919168     4.0500     0.3842     0.3408     0.2538 1.1612e-01    14.8923      7.034     10.202    12.3649 0.0000e+00
      7.190      0.068     2.7927     22.398     65.460  48.921085     4.0500     0.3957     0.3408     0.2538 1.1600e-01    14.8623      7.051     10.227    12.3648 0.0000e+00
      7.208      0.068     2.6605     22.683     65.457  48.918910     4.0500     0.3575     0.3408     0.2538 1.1612e-01    14.7120      7.068     10.252    12.3647 0.0000e+00
      7.225      0.067     2.5375     23.708     65.448  48.912063     4.0500     0.3690     0.3408     0.2538 1.1623e-01    14.8322      7.086     10.277    12.3646 0.0000e+00
      7.243      0.067     2.4423     24.793     65.435  48.902681     4.1400     0.3652     0.2982     0.2538 1.1605e-01    14.7420      7.103     10.301    12.3645 0.0000e+00
      7.260      0.066     2.3935     25.591     65.426  48.896190     4.1400     0.3575     0.2982     0.2538 1.1615e-01    14.8472      7.119     10.325    12.3644 0.0000e+00
      7.276      0.065     2.4240     26.227     65.424  48.894822     4.1400     0.3804     0.2982     0.2538 1.1605e-01    14.4565      7.135     10.349    12.3644 0.0000e+00
      7.292      0.065     2.5335     26.733     65.424  48.894249     4.1400     0.3728     0.2982     0.2538 1.1628e-01    14.5917      7.151     10.372    12.3644 0.0000e+00
      7.308      0.064     2.6494     27.219     65.418  48.890355     4.0500     0.3728     0.2982     0.1692 1.1623e-01    14.5617      7.167     10.395    12.3644 0.0000e+00
      7.325      0.064     2.7347     27.825     65.407  48.882102     4.0500     0.3690     0.2982     0.1692 1.1625e-01    14.4865      7.183     10.418    12.3645 0.0000e+00
      7.341      0.063     2.8027     28.635     65.393  48.871251     4.0500     0.3919     0.2982     0.1692 1.1620e-01    14.7420      7.199     10.442    12.3646 0.0000e+00
      7.357      0.063     2.8567     29.550     65.387  48.866800     4.0500     0.3957     0.2982     0.1692 1.1620e-01    14.8472      7.215     10.465    12.3646 0.0000e+00
      7.373      0.063     2.9087     30.648     65.393  48.871527     4.1400     0.3881     0.3408     0.2538 1.1633e-01    14.7420      7.231     10.487    12.3647 0.0000e+00
      7.389      0.062     2.9735     32.100     65.397  48.874801     4.1400     0.3766     0.3408     0.2538 1.1617e-01    14.8623      7.246     10.510    12.3647 0.0000e+00
      7.405      0.061     3.0600     33.941     65.390  48.869567     4.1400     0.2927     0.3408     0.2538 1.1620e-01    14.8021      7.262     10.533    12.3648 0.0000e+00
      7.421      0.061     3.1577     36.869     65.381  48.862356     4.1400     0.3232     0.3408     0.2538 1.1610e-01    14.8021      7.277     10.555    12.3648 0.0000e+00
      7.436      0.060     3.2751     41.998     65.382  48.863138     4.1400     0.3156     0.3408     0.2538 1.1605e-01    14.8021      7.293     10.577    12.3647 0.0000e+00
      7.451      0.060     3.4304     46.039     65.389  48.868157     4.0500     0.3232     0.2982     0.2538 1.1625e-01    14.7871      7.307     10.599    12.3647 0.0000e+00
      7.466      0.060     3.6271     43.689     65.388  48.866861     4.0500     0.3995     0.2982     0.2538 1.1617e-01    14.4865      7.322     10.620    12.3646 0.0000e+00
      7.482      0.060     3.9400     36.713     65.382  48.862866     4.0500     0.3804     0.2982     0.2538 1.1610e-01    14.5617      7.337     10.642    12.3645 0.0000e+00
      7.497      0.060     4.4880     28.934     65.383  48.863036     4.0500     0.3537     0.2982     0.2538 1.1625e-01    14.6068      7.352     10.663    12.3644 0.0000e+00
      7.512      0.060     4.9199     21.353     65.389  48.867415     4.0500     0.4033     0.3408     0.1269 1.1615e-01    14.5466      7.367     10.685    12.3643 0.0000e+00
      7.527      0.061     4.6688     14.709     65.396  48.873208     4.0500     0.3804     0.3408     0.1269 1.1623e-01    14.5466      7.382     10.706    12.3642 0.0000e+00
      7.543      0.061     3.9234      9.621     65.398  48.874032     4.0500     0.3575     0.3408     0.1269 1.1623e-01    14.5015      7.397     10.728    12.3641 0.0000e+00
      7.559      0.060     3.0921      7.089     65.398  48.874071     4.0500     0.3881     0.3408     0.1269 1.1602e-01    14.5767      7.413     10.751    12.3640 0.0000e+00
      7.575      0.060     2.2819      8.769     65.402  48.877298     4.0500     0.3728     0.3408     0.1269 1.1630e-01    14.4865      7.428     10.774    12.3640 0.0000e+00
      7.590      0.059     1.5719     14.397     65.401  48.876647     4.0500     0.3804     0.3408     0.1269 1.1628e-01    14.4865      7.443     10.795    12.3640 0.0000e+00
      7.605      0.059     1.0282     20.450     65.394  48.871944     4.0500     0.3842     0.3408     0.1269 1.1605e-01    14.5466      7.458     10.816    12.3640 0.0000e+00
      7.619      0.058     0.7576     24.604     65.392  48.869862     4.0500     0.3652     0.3408     0.1269 1.1612e-01    14.6218      7.472     10.837    12.3640 0.0000e+00
