Data/DataNotYetUploadedToEDI/Raw_CTD/RawDownloads/100923_bvr50_S8188004.cnv
* Sea-Bird SBE19plus  Data File:
* FileName = C:\R\Reservoirs\Data\DataNotYetUploadedToEDI\Raw_CTD\RawDownloads\100923_bvr50_S8188_0004.hex
* Software version 2.8.0.119
* Temperature SN = 8188
* Conductivity SN = 8188
* System UpLoad Time = Oct 10 2023 15:52:59
* <ApplicationData>
* <Seaterm232>
# nquan = 16
# nvalues = 952                         
# units = specified
# name 0 = depFM: Depth [fresh water, m]
# name 1 = dz/dtM: Descent Rate [m/s]
# name 2 = sbeox0Mg/L: Oxygen, SBE 43 [mg/l]
# name 3 = sbeox0PS: Oxygen, SBE 43 [% saturation]
# name 4 = specc: Specific Conductance [uS/cm]
# name 5 = c0uS/cm: Conductivity [uS/cm]
# name 6 = wetCDOM: Fluorescence, WET Labs CDOM [mg/m^3]
# name 7 = flECO-AFL: Fluorescence, WET Labs ECO-AFL/FL [mg/m^3]
# name 8 = flECO-AFL1: Fluorescence, WET Labs ECO-AFL/FL, 2 [mg/m^3]
# name 9 = flECO-AFL2: Fluorescence, WET Labs ECO-AFL/FL, 3 [mg/m^3]
# name 10 = par/sat/log: PAR/Logarithmic, Satlantic
# name 11 = turbWETntu0: Turbidity, WET Labs ECO [NTU]
# name 12 = prdM: Pressure, Strain Gauge [db]
# name 13 = prdE: Pressure, Strain Gauge [psi]
# name 14 = tv290C: Temperature [ITS-90, deg C]
# name 15 = flag:  0.000e+00
# span 0 =     -0.800,      8.723       
# span 1 =     -0.318,      0.125       
# span 2 =    -0.2752,     6.5608       
# span 3 =     -2.645,     65.537       
# span 4 =   -627.484,    231.600       
# span 5 =-450.565820, 161.927532       
# span 6 =    -4.5000,     9.3600       
# span 7 =    -0.3139,     6.5107       
# span 8 =    -2.1300,     1.0650       
# span 9 =    -2.8341,     2.2419       
# span 10 = 1.1590e-01, 1.7255e+03      
# span 11 =    -1.4154,    51.0097      
# span 12 =     -0.785,      8.554      
# span 13 =     -1.138,     12.407      
# span 14 =     9.9533,    17.3172      
# span 15 = 0.0000e+00, 0.0000e+00      
# interval = seconds: 0.25
# start_time = Oct 09 2023 10:36:28 [Instrument's time stamp, header]
# bad_flag = -9.990e-29
*END*
     -0.800 3.1383e-08     6.4878     63.245      0.486   0.381550    -4.5000    -0.0316    -2.1300    -2.0304 4.5188e+02     3.7249     -0.784     -1.137    14.2034 0.0000e+00
     -0.800 4.0349e-08     6.4875     63.256      0.486   0.381565    -4.5000    -0.0239    -2.1300    -2.0304 4.6071e+02     3.6197     -0.784     -1.137    14.2035 0.0000e+00
     -0.800 5.1877e-08     6.4873     63.264      0.484   0.379554    -4.5000    -0.0506    -2.1300    -2.0304 4.4371e+02     3.6949     -0.784     -1.137    14.2036 0.0000e+00
     -0.800 6.6699e-08     6.4876     63.269      0.483   0.378937     0.0000    -0.0850     0.0000     0.0846 4.4352e+02     2.7780     -0.784     -1.138    14.2036 0.0000e+00
     -0.800 8.5756e-08     6.4887     63.271      0.484   0.379548     0.0000    -0.0888     0.0000     0.0846 4.3361e+02     2.8832     -0.784     -1.138    14.2037 0.0000e+00
     -0.800 1.1026e-07     6.4899     63.276      0.481   0.377596     0.0000    -0.0926     0.0000     0.0846 4.3692e+02     2.7480     -0.784     -1.138    14.2037 0.0000e+00
     -0.800 1.4176e-07     6.4907     63.279      0.480   0.376514     0.0000    -0.1193     0.0000     0.0846 4.4016e+02     2.8532     -0.784     -1.138    14.2036 0.0000e+00
     -0.800 1.8226e-07     6.4912     63.276      0.479   0.376015     0.0000    -0.0545     0.0000     0.0846 4.4178e+02     3.4093     -0.784     -1.138    14.2035 0.0000e+00
     -0.800 2.3434e-07     6.4915     63.279      0.474   0.372011     0.0000    -0.0278     0.0000     0.1269 4.4506e+02     3.5746     -0.784     -1.138    14.2034 0.0000e+00
     -0.800 3.0129e-07     6.4920     63.290      0.468   0.367389     0.0000    -0.0468     0.0000     0.1269 4.4477e+02     3.4093     -0.784     -1.138    14.2032 0.0000e+00
     -0.800 3.8738e-07     6.4923     63.299      0.465   0.364870     0.0000    -0.0545     0.0000     0.1269 4.4622e+02     3.4394     -0.784     -1.138    14.2031 0.0000e+00
     -0.800 4.9806e-07     6.4921     63.303      0.463   0.363782     0.0000    -0.0964     0.0000     0.1269 4.3872e+02     2.8532     -0.784     -1.138    14.2029 0.0000e+00
     -0.800 6.4036e-07     6.4924     63.302      0.463   0.363835     0.0000    -0.0850     0.0000     0.1692 4.3606e+02     2.8532     -0.784     -1.138    14.2026 0.0000e+00
     -0.800 8.2332e-07     6.4935     63.297      0.465   0.365044     0.0000    -0.0964     0.0000     0.1692 4.3749e+02     2.7480     -0.784     -1.138    14.2023 0.0000e+00
     -0.800      0.000     6.4945     63.292      0.469   0.367731     0.0000    -0.0850     0.0000     0.1692 4.3872e+02     2.7780     -0.784     -1.138    14.2019 0.0000e+00
     -0.800      0.000     6.4950     63.287      0.475   0.372612     0.0000    -0.0926     0.0000     0.1692 4.3474e+02     2.9133     -0.784     -1.138    14.2016 0.0000e+00
     -0.800      0.000     6.4949     63.282      0.481   0.377035     0.0000    -0.0888     0.0000     0.1269 4.3013e+02     2.9133     -0.784     -1.138    14.2014 0.0000e+00
     -0.800      0.000     6.4944     63.276      0.482   0.378225     0.0000    -0.0926     0.0000     0.1269 4.2883e+02     2.9133     -0.784     -1.138    14.2013 0.0000e+00
     -0.800      0.000     6.4939     63.271      0.485   0.380454     0.0000    -0.0773     0.0000     0.1269 4.2780e+02     2.8983     -0.784     -1.138    14.2013 0.0000e+00
     -0.800      0.000     6.4934     63.266      0.490   0.384316     0.0000    -0.0506     0.0000     0.1269 4.2855e+02     3.2139     -0.784     -1.138    14.2014 0.0000e+00
     -0.800      0.000     6.4929     63.258      0.488   0.382932     0.0000    -0.0392     0.0000     0.0846 4.3201e+02     3.1838     -0.784     -1.138    14.2015 0.0000e+00
     -0.800      0.000     6.4923     63.246      0.479   0.375933     0.0000    -0.0812     0.0000     0.0846 4.3502e+02     3.1989     -0.784     -1.138    14.2015 0.0000e+00
     -0.800      0.000     6.4917     63.240      0.470   0.369362     0.0000    -0.0430     0.0000     0.0846 4.1139e+02     3.1538     -0.784     -1.138    14.2016 0.0000e+00
     -0.800      0.000     6.4913     63.241      0.465   0.365420     0.0000    -0.1002     0.0000     0.0846 4.4496e+02     3.4243     -0.784     -1.138    14.2017 0.0000e+00
     -0.800      0.000     6.4904     63.246      0.462   0.363055     0.0000    -0.0926     0.0000     0.0846 4.3521e+02     3.4995     -0.784     -1.138    14.2017 0.0000e+00
     -0.800      0.000     6.4892     63.253      0.461   0.361638     0.0000    -0.1269     0.0000     0.0000 4.4016e+02     3.4544     -0.784     -1.138    14.2016 0.0000e+00
     -0.800      0.000     6.4885     63.264      0.460   0.360791     0.0000    -0.0773     0.0000     0.0000 4.4836e+02     3.4995     -0.784     -1.138    14.2016 0.0000e+00
     -0.800      0.000     6.4887     63.274      0.459   0.360288     0.0000    -0.1765     0.0000     0.0000 4.2752e+02     2.0716     -0.784     -1.138    14.2016 0.0000e+00
     -0.800      0.000     6.4891     63.274      0.459   0.359995     0.0000    -0.1651     0.0000     0.0000 4.4554e+02     2.0416     -0.784     -1.138    14.2016 0.0000e+00
     -0.800      0.000     6.4898     63.270      0.459   0.359832     0.0000    -0.1498     0.0000     0.1269 4.4934e+02     2.0115     -0.784     -1.138    14.2016 0.0000e+00
     -0.800      0.000     6.4910     63.269      0.459   0.359758     0.0000    -0.1422     0.0000     0.1269 4.5395e+02     2.1017     -0.785     -1.138    14.2016 0.0000e+00
     -0.800      0.000     6.4920     63.269      0.459   0.359752     0.0000     0.0447     0.0000     0.1269 4.2272e+02     4.3863     -0.785     -1.138    14.2016 0.0000e+00
     -0.800      0.000     6.4920     63.272      0.459   0.359813     0.0000     0.0104     0.0000     0.1269 3.7682e+02     4.3412     -0.785     -1.138    14.2014 0.0000e+00
     -0.800      0.000     6.4917     63.280      0.460   0.359957     0.0000     0.0295     0.0000     0.0846 3.2259e+02     4.3562     -0.785     -1.138    14.2010 0.0000e+00
     -0.800      0.000     6.4917     63.290      0.460   0.360223     0.0000     0.0295     0.0000     0.0846 3.5946e+02     4.3863     -0.785     -1.138    14.2004 0.0000e+00
     -0.800      0.000     6.4918     63.302      0.460   0.360680     0.0000    -0.1651     0.0000     0.0846 3.8284e+02     2.3121     -0.785     -1.138    14.1997 0.0000e+00
     -0.800      0.000     6.4922     63.306      0.466   0.365406     0.0000    -0.1689     0.0000     0.0846 3.8778e+02     2.2820     -0.785     -1.138    14.1990 0.0000e+00
     -0.800      0.000     6.4931     63.298      0.479   0.375661     0.0000    -0.1422    -0.0426     0.0423 4.1184e+02     2.2820     -0.785     -1.138    14.1985 0.0000e+00
     -0.800      0.000     6.4942     63.285      0.488   0.382315     0.0000    -0.1689    -0.0426     0.0423 4.9993e+02     2.3722     -0.785     -1.138    14.1980 0.0000e+00
     -0.800      0.001     6.4955     63.276      0.489   0.383191     0.0000    -0.1002    -0.0426     0.0423 9.6804e+02     0.1327     -0.784     -1.138    14.1975 0.0000e+00
     -0.800      0.001     6.4959     63.272      0.488   0.382475     0.0000    -0.1002    -0.0426     0.0423 1.1892e+03     0.1177     -0.784     -1.138    14.1968 0.0000e+00
     -0.800      0.001     6.4953     63.275      0.485   0.379977     0.0000    -0.0888    -0.0426     0.0423 1.1215e+03     0.0726     -0.784     -1.137    14.1957 0.0000e+00
     -0.800      0.001     6.4942     63.288      0.483   0.378984     0.0000    -0.1041    -0.0426     0.0846 1.0893e+03     0.0876     -0.784     -1.137    14.1945 0.0000e+00
     -0.800      0.002     6.4933     63.317      0.488   0.383186     0.0000    -0.1041    -0.0426     0.0846 1.1259e+03    -0.4084     -0.784     -1.137    14.1938 0.0000e+00
     -0.799      0.002     6.4929     63.360      0.501   0.393703     0.0000    -0.1155    -0.0426     0.0846 1.1399e+03    -0.4384     -0.783     -1.136    14.1939 0.0000e+00
     -0.799      0.003     6.4931     63.415      0.525   0.413342     0.0000    -0.0850    -0.0426     0.0846 1.1751e+03    -0.3783     -0.783     -1.136    14.1948 0.0000e+00
     -0.798      0.003     6.4943     63.495      0.561   0.443383     0.0000    -0.0812     0.0000     0.1269 1.3080e+03    -0.3182     -0.782     -1.135    14.1963 0.0000e+00
     -0.797      0.004     6.4970     63.623      0.615   0.487884     0.0000    -0.1002     0.0000     0.1269 1.5022e+03    -0.2430     -0.781     -1.134    14.1982 0.0000e+00
     -0.796      0.005     6.5010     63.838      0.705   0.562666     0.0000    -0.0964     0.0000     0.1269 1.5767e+03    -0.2130     -0.780     -1.132    14.2005 0.0000e+00
     -0.795      0.007     6.5063     63.989      0.861   0.691624     0.0000    -0.1155     0.0000     0.1269 1.6361e+03    -0.1228     -0.779     -1.130    14.2035 0.0000e+00
     -0.793      0.009     6.5139     63.746      1.125   0.909149     0.0000    -0.0850     0.0000     0.4653 1.6884e+03    -0.1228     -0.777     -1.127    14.2076 0.0000e+00
     -0.790      0.012     6.5263     63.059      1.566   1.273247     0.0000    -0.1193     0.0000     0.4653 1.7255e+03    -0.1528     -0.775     -1.124    14.2135 0.0000e+00
     -0.787      0.015     6.5472     62.154      2.304   1.881010     0.0000    -0.1002     0.0000     0.4653 1.6393e+03    -0.0927     -0.772     -1.120    14.2223 0.0000e+00
     -0.784      0.019     6.5608     61.230      3.533   2.894508     0.0000    -0.1117     0.0000     0.4653 1.5953e+03    -0.1378     -0.768     -1.114    14.2362 0.0000e+00
     -0.779      0.025     6.5330     60.427      5.583   4.584008     0.0000    -0.0888     0.0426    -0.0846 1.5523e+03    -0.0777     -0.763     -1.107    14.2584 0.0000e+00
     -0.772      0.032     6.4579     59.856      8.994   7.396089     0.0000     0.6284     0.0426    -0.0846 1.2992e+03     1.5907     -0.757     -1.098    14.2944 0.0000e+00
     -0.764      0.040     6.3574     59.619     14.082  11.604073     0.0000     0.6513     0.0426    -0.0846 1.1973e+03     1.5155     -0.749     -1.086    14.3532 0.0000e+00
     -0.753      0.051     6.2501     59.783     20.114  16.629135     0.0000     0.6513     0.0426    -0.0846 1.1288e+03     1.5606     -0.739     -1.071    14.4500 0.0000e+00
     -0.740      0.062     6.1469     60.296     25.479  21.144330     0.0000     0.6398     0.0426    -0.0846 1.3277e+03     1.5155     -0.726     -1.052    14.6100 0.0000e+00
     -0.723      0.074     6.0545     60.966     29.114  24.248037     1.4400     1.2082    -0.2130    -2.0304 1.3882e+03     3.3342     -0.709     -1.028    14.8713 0.0000e+00
     -0.701      0.084     5.9821     61.613     31.253  26.112741     1.4400     1.2578    -0.2130    -2.0304 1.4600e+03     3.4544     -0.688     -0.998    15.2424 0.0000e+00
     -0.677      0.093     5.9445     62.164     32.521  27.243620     1.4400     1.2426    -0.2130    -2.0304 1.5781e+03     3.5145     -0.663     -0.962    15.6588 0.0000e+00
     -0.650      0.101     5.9464     62.607     33.270  27.930366     1.4400     1.2197    -0.2130    -2.0304 1.5533e+03     3.4995     -0.638     -0.925    16.0382 0.0000e+00
     -0.624      0.108     5.9728     62.952     33.710  28.344235     2.8800     1.4180     0.0426     1.1844 1.5312e+03     3.4694     -0.611     -0.887    16.3458 0.0000e+00
     -0.596      0.114     6.0058     63.217     33.968  28.591634     2.8800     1.4371     0.0426     1.1844 1.5352e+03     3.4694     -0.584     -0.848    16.5836 0.0000e+00
     -0.567      0.119     6.0367     63.432     34.117  28.738536     2.8800     1.4180     0.0426     1.1844 1.5833e+03     3.3943     -0.556     -0.807    16.7637 0.0000e+00
     -0.536      0.123     6.0629     63.628     34.203  28.824116     2.8800     1.4142     0.0426     1.1844 1.6343e+03     3.4995     -0.526     -0.762    16.8967 0.0000e+00
     -0.503      0.125     6.0844     63.827     34.245  28.867236     2.6100     1.9025     0.0426    -0.1692 1.6525e+03     3.3943     -0.493     -0.715    16.9909 0.0000e+00
     -0.468      0.124     6.1020     64.040     34.253  28.875434     2.6100     1.9292     0.0426    -0.1692 1.6811e+03     3.3642     -0.459     -0.666    17.0546 0.0000e+00
     -0.434      0.118     6.1175     64.273     34.240  28.862776     2.6100     1.9101     0.0426    -0.1692 1.6906e+03     3.4544     -0.426     -0.617    17.0960 0.0000e+00
     -0.402      0.109     6.1331     64.523     34.223  28.845684     2.6100     1.9101     0.0426    -0.1692 1.6096e+03     3.3792     -0.394     -0.572    17.1224 0.0000e+00
     -0.374      0.096     6.1504     64.773     34.207  28.833460     2.7900     2.0932     0.0426     0.5922 1.5375e+03     3.4694     -0.367     -0.532    17.1374 0.0000e+00
     -0.352      0.082     6.1703     65.004     34.200  28.832742     2.7900     2.1085     0.0426     0.5922 1.5375e+03     3.5446     -0.344     -0.500    17.1426 0.0000e+00
     -0.333      0.068     6.1930     65.203     34.200  28.841360     2.7900     2.0932     0.0426     0.5922 1.5853e+03     3.5897     -0.327     -0.474    17.1409 0.0000e+00
     -0.319      0.055     6.2174     65.370     34.200  28.851714     2.7900     2.1009     0.0426     0.5922 1.6170e+03     3.4544     -0.313     -0.454    17.1383 0.0000e+00
     -0.308      0.043     6.2412     65.501     34.201  28.862605     2.7900     2.0322     0.0426     0.5922 1.6117e+03     3.4694     -0.302     -0.438    17.1403 0.0000e+00
     -0.300      0.035     6.2623     65.537     34.210  28.876937     2.8800     2.0055     0.0852     0.5922 1.5960e+03     3.4243     -0.294     -0.426    17.1487 0.0000e+00
     -0.293      0.028     6.2798     65.338     34.226  28.894574     2.8800     2.0284     0.0852     0.5922 1.5696e+03     3.4243     -0.287     -0.416    17.1619 0.0000e+00
     -0.287      0.023     6.2940     64.749     34.239  28.908340     2.8800     2.0284     0.0852     0.5922 1.5348e+03     3.4093     -0.281     -0.408    17.1769 0.0000e+00
     -0.282      0.019     6.3048     63.687     34.244  28.913986     2.8800     1.9712     0.0852     0.5922 1.5048e+03     3.4243     -0.277     -0.401    17.1906 0.0000e+00
     -0.278      0.016     6.3070     62.159     34.240  28.913016     2.7900     1.9826     0.0852     0.5499 1.4775e+03     3.4845     -0.273     -0.395    17.2007 0.0000e+00
     -0.274      0.014     6.2869     60.249     34.229  28.905174     2.7900     1.9750     0.0852     0.5499 1.4420e+03     3.4394     -0.269     -0.390    17.2071 0.0000e+00
     -0.271      0.012     6.2298     58.103     34.211  28.892326     2.7900     1.9445     0.0852     0.5499 1.3955e+03     3.4995     -0.266     -0.385    17.2111 0.0000e+00
     -0.268      0.010     6.1273     55.898     34.191  28.878967     2.7900     1.9178     0.0852     0.5499 1.3326e+03     3.4694     -0.263     -0.381    17.2140 0.0000e+00
     -0.265      0.009     5.9800     53.818     34.175  28.869454     2.8800     1.8873     0.0852     0.6345 1.2964e+03     3.4694     -0.260     -0.377    17.2167 0.0000e+00
     -0.263      0.007     5.7959     52.018     34.165  28.865211     2.8800     1.8796     0.0852     0.6345 1.2793e+03     3.3943     -0.258     -0.374    17.2195 0.0000e+00
     -0.262      0.005     5.5891     50.573     34.160  28.865105     2.8800     1.9216     0.0852     0.6345 1.2801e+03     3.3492     -0.257     -0.372    17.2229 0.0000e+00
     -0.261      0.004     5.3765     49.485     34.160  28.869108     2.8800     1.8300     0.0852     0.6345 1.2704e+03     3.4394     -0.256     -0.371    17.2276 0.0000e+00
     -0.260      0.003     5.1758     48.716     34.162  28.874329     2.8800     1.8377     0.0852     0.6345 1.2658e+03     3.4243     -0.256     -0.371    17.2336 0.0000e+00
     -0.260      0.003     5.0020     48.206     34.163  28.878200     2.8800     1.8491     0.0852     0.5499 1.2644e+03     3.4093     -0.255     -0.370    17.2399 0.0000e+00
