Data/DataNotYetUploadedToEDI/Raw_CTD/RawDownloads/101122_fcr50_S8188003.cnv
* Sea-Bird SBE19plus  Data File:
* FileName = C:\R\Reservoirs\Data\DataNotYetUploadedToEDI\Raw_CTD\RawDownloads\101122_bvr50_S8188_0003.hex
* Software version 2.8.0.119
* Temperature SN = 8188
* Conductivity SN = 8188
* System UpLoad Time = Oct 12 2022 11:44:07
* <ApplicationData>
* <Seaterm232>
# nquan = 16
# nvalues = 3385                        
# units = specified
# name 0 = depFM: Depth [fresh water, m]
# name 1 = dz/dtM: Descent Rate [m/s]
# name 2 = sbeox0Mg/L: Oxygen, SBE 43 [mg/l]
# name 3 = sbeox0PS: Oxygen, SBE 43 [% saturation]
# name 4 = specc: Specific Conductance [uS/cm]
# name 5 = c0uS/cm: Conductivity [uS/cm]
# name 6 = wetCDOM: Fluorescence, WET Labs CDOM [mg/m^3]
# name 7 = flECO-AFL: Fluorescence, WET Labs ECO-AFL/FL [mg/m^3]
# name 8 = flECO-AFL1: Fluorescence, WET Labs ECO-AFL/FL, 2 [mg/m^3]
# name 9 = flECO-AFL2: Fluorescence, WET Labs ECO-AFL/FL, 3 [mg/m^3]
# name 10 = par/sat/log: PAR/Logarithmic, Satlantic
# name 11 = turbWETntu0: Turbidity, WET Labs ECO [NTU]
# name 12 = prdM: Pressure, Strain Gauge [db]
# name 13 = prdE: Pressure, Strain Gauge [psi]
# name 14 = tv290C: Temperature [ITS-90, deg C]
# name 15 = flag:  0.000e+00
# span 0 =     -0.564,      1.738       
# span 1 =     -0.180,      0.134       
# span 2 =     5.6330,     9.7994       
# span 3 =     56.365,     97.057       
# span 4 =     -0.219,     43.684       
# span 5 =  -0.196382,  39.060572       
# span 6 =    -0.0900,    14.4900       
# span 7 =    -2.0419,   245.1962       
# span 8 =    -2.4282,     3.8340       
# span 9 =    -5.1183,     3.8493       
# span 10 = 4.6235e+01, 2.1425e+03      
# span 11 =    -0.7240,    80.9197      
# span 12 =     -0.553,      1.704      
# span 13 =     -0.802,      2.472      
# span 14 =    14.3781,    19.9993      
# span 15 = 0.0000e+00, 0.0000e+00      
# interval = seconds: 0.25
# start_time = Oct 11 2022 11:27:27 [Instrument's time stamp, header]
# bad_flag = -9.990e-29
*END*
[from data line 91]
     -0.562 -3.380e-07     7.2607     71.926     26.278  23.516478     0.0000    -0.1079     0.0000     0.0423 1.1257e+02    -0.3482     -0.551     -0.800    19.7610 0.0000e+00
     -0.562 -4.346e-07     7.2236     71.571     23.082  20.667404     0.0000    -0.0888     0.0000     0.0423 1.1385e+02    -0.3783     -0.551     -0.800    19.7889 0.0000e+00
     -0.562 -5.588e-07     7.1908     71.256     20.249  18.140392     0.0000    -0.1155     0.0000     0.0423 1.1602e+02    -0.3031     -0.551     -0.800    19.8192 0.0000e+00
     -0.562 -7.184e-07     7.1588     70.949     17.075  15.305101     0.0000    -0.1002     0.0000     0.0423 1.1880e+02    -0.3933     -0.551     -0.800    19.8484 0.0000e+00
     -0.562 -9.237e-07     7.1235     70.609     13.531  12.133601     0.0000    -0.1155     0.0000     0.0423 1.2007e+02    -0.4084     -0.551     -0.800    19.8753 0.0000e+00
     -0.562     -0.000     7.0824     70.210     10.120   9.077969     0.0000    -0.1079    -0.1704     0.6768 1.2162e+02    -0.4084     -0.551     -0.800    19.8998 0.0000e+00
     -0.562     -0.000     7.0347     69.745      7.338   6.585342     0.0000    -0.1155    -0.1704     0.6768 1.1979e+02    -0.3482     -0.551     -0.800    19.9218 0.0000e+00
     -0.562     -0.000     6.9803     69.214      5.314   4.770234     0.0000    -0.0926    -0.1704     0.6768 1.2953e+02    -0.4384     -0.551     -0.800    19.9405 0.0000e+00
     -0.562     -0.000     6.9208     68.631      3.924   3.524323     0.0000    -0.1041    -0.1704     0.6768 1.3013e+02    -0.3783     -0.551     -0.800    19.9555 0.0000e+00
     -0.562     -0.000     6.8588     68.025      3.013   2.707164     0.0000    -0.1002     0.2130     0.8883 1.3497e+02    -0.4835     -0.551     -0.800    19.9668 0.0000e+00
     -0.562     -0.000     6.7973     67.424      2.432   2.185868     0.0000    -0.1002     0.2130     0.8883 1.3835e+02    -0.4084     -0.551     -0.800    19.9750 0.0000e+00
     -0.562     -0.000     6.7391     66.855      2.070   1.860966     0.0000    -0.1041     0.2130     0.8883 1.3769e+02    -0.4534     -0.551     -0.800    19.9808 0.0000e+00
     -0.562     -0.000     6.6854     66.332      1.850   1.663614     0.0000    -0.1155     0.2130     0.8883 1.2808e+02    -0.3332     -0.551     -0.799    19.9848 0.0000e+00
     -0.562     -0.000     6.6371     65.862      1.722   1.549093     0.0000    -0.1002     0.2130     0.8883 1.1948e+02    -0.4234     -0.551     -0.799    19.9877 0.0000e+00
     -0.562     -0.000     6.5944     65.448      1.661   1.494771     0.0000    -0.0926     0.6390     1.0575 1.1524e+02    -0.4384     -0.551     -0.799    19.9899 0.0000e+00
     -0.562     -0.000     6.5568     65.085      1.632   1.468368     0.0000    -0.1002     0.6390     1.0575 1.2263e+02    -0.3783     -0.551     -0.799    19.9918 0.0000e+00
     -0.562     -0.000     6.5229     64.760      1.582   1.423300     0.0000    -0.1117     0.6390     1.0575 1.3281e+02    -0.2130     -0.551     -0.799    19.9937 0.0000e+00
     -0.562     -0.000     6.4908     64.452      1.493   1.343596     0.0000    -0.1193     0.6390     1.0575 1.4528e+02    -0.4835     -0.551     -0.799    19.9959 0.0000e+00
     -0.562     -0.000     6.4584     64.144      1.399   1.259406     0.0000    -0.0926    -2.4282    -5.1183 1.5813e+02    -0.4084     -0.551     -0.799    19.9979 0.0000e+00
     -0.562     -0.000     6.4245     63.822      1.352   1.217481     0.0000    -0.0773    -2.4282    -5.1183 1.6663e+02    -0.4384     -0.551     -0.800    19.9992 0.0000e+00
     -0.563     -0.000     6.3885     63.485      1.382   1.244206     0.0000    -0.1079    -2.4282    -5.1183 1.6656e+02    -0.3482     -0.552     -0.800    19.9993 0.0000e+00
     -0.563     -0.000     6.3499     63.135      1.485   1.336824     0.0000    -0.1002    -2.4282    -5.1183 1.7227e+02    -0.4084     -0.552     -0.800    19.9982 0.0000e+00
     -0.563     -0.000     6.3086     62.770      1.614   1.452807     0.0000    -0.1117     0.0426     1.1844 1.7366e+02    -0.4084     -0.552     -0.800    19.9963 0.0000e+00
     -0.563     -0.000     6.2650     62.389      1.709   1.538067     0.0000    -0.1079     0.0426     1.1844 1.7605e+02    -0.3933     -0.552     -0.800    19.9939 0.0000e+00
     -0.563     -0.000     6.2203     61.993      1.777   1.599523     0.0000    -0.0850     0.0426     1.1844 1.8722e+02    -0.3783     -0.552     -0.800    19.9911 0.0000e+00
     -0.563     -0.000     6.1755     61.586      1.895   1.704969     0.0000    -0.0926     0.0426     1.1844 2.0184e+02    -0.4084     -0.552     -0.800    19.9883 0.0000e+00
     -0.563     -0.000     6.1307     61.171      2.002   1.801455     0.0000    -0.0926     0.7242     1.7343 2.6111e+02    -0.3783     -0.552     -0.801    19.9854 0.0000e+00
     -0.563     -0.000     6.0857     60.747      1.921   1.728850     0.0000    -0.1079     0.7242     1.7343 5.9304e+02    -0.2881     -0.552     -0.801    19.9826 0.0000e+00
     -0.563     -0.000     6.0401     60.312      1.677   1.509318     0.0000    -0.0964     0.7242     1.7343 3.4952e+02    -0.3783     -0.552     -0.801    19.9800 0.0000e+00
     -0.563     -0.000     5.9938     59.866      1.414   1.272153     0.0000    -0.1155     0.7242     1.7343 9.1805e+02    -0.4685     -0.552     -0.801    19.9776 0.0000e+00
     -0.564     -0.001     5.9479     59.422      1.184   1.064835     0.0000    -0.1117     0.7242     1.7343 1.1386e+03    -0.3933     -0.553     -0.801    19.9752 0.0000e+00
     -0.564     -0.001     5.9041     58.996      0.997   0.897325     0.0000    -0.0888     0.0000     1.8612 1.2464e+03    -0.4534     -0.553     -0.801    19.9730 0.0000e+00
     -0.564     -0.001     5.8632     58.599      0.856   0.770427     0.0000    -0.1079     0.0000     1.8612 1.0893e+03    -0.5136     -0.553     -0.802    19.9709 0.0000e+00
     -0.564     -0.000     5.8257     58.235      0.749   0.674026     0.0000    -0.1079     0.0000     1.8612 1.0375e+03    -0.4384     -0.553     -0.802    19.9689 0.0000e+00
     -0.564     -0.000     5.7920     57.907      0.665   0.598234     0.0000    -0.1117     0.0000     1.8612 9.9189e+02    -0.4384     -0.553     -0.802    19.9668 0.0000e+00
     -0.564     -0.000     5.7620     57.617      0.594   0.534700     0.0000    -0.0850     0.0000    -1.5228 1.0210e+03    -0.4835     -0.553     -0.802    19.9647 0.0000e+00
     -0.564 6.3656e-07     5.7359     57.364      0.530   0.476369     0.0000    -0.0926     0.0000    -1.5228 1.1164e+03    -0.4084     -0.553     -0.802    19.9624 0.0000e+00
     -0.564 8.1843e-07     5.7128     57.141      0.467   0.419548     0.0000    -0.1002     0.0000    -1.5228 9.9643e+02    -0.4534     -0.553     -0.802    19.9600 0.0000e+00
     -0.564      0.000     5.6919     56.940      0.404   0.362925     0.0000    -0.1308     0.0000    -1.5228 1.0407e+03    -0.3783     -0.553     -0.802    19.9575 0.0000e+00
     -0.564      0.000     5.6731     56.759      0.346   0.311169     0.0000    -0.1308     0.1278     0.6768 1.1516e+03    -0.4534     -0.553     -0.802    19.9549 0.0000e+00
     -0.564      0.000     5.6571     56.604      0.301   0.270252     0.0000    -0.1079     0.1278     0.6768 4.3342e+02    -0.4534     -0.553     -0.802    19.9521 0.0000e+00
     -0.564      0.000     5.6448     56.483      0.259   0.233214     0.0000    -0.1346     0.1278     0.6768 2.7749e+02    -0.4084     -0.553     -0.802    19.9492 0.0000e+00
     -0.564      0.000     5.6367     56.401      0.211   0.190181     0.0000    -0.1193     0.1278     0.6768 2.5824e+02    -0.4084     -0.553     -0.802    19.9462 0.0000e+00
     -0.564      0.000     5.6330     56.365      0.157   0.141538     0.0000    -0.1041    -0.8520     1.9881 2.6679e+02    -0.3783     -0.553     -0.802    19.9431 0.0000e+00
     -0.564      0.000     5.6351     56.392      0.100   0.090131     0.0000    -0.1231    -0.8520     1.9881 3.0027e+02    -0.4084     -0.553     -0.802    19.9399 0.0000e+00
     -0.564      0.000     5.6438     56.488      0.047   0.042022     0.0000    -0.1269    -0.8520     1.9881 2.8881e+02    -0.4234     -0.553     -0.802    19.9366 0.0000e+00
     -0.564      0.000     5.6582     56.638      0.007   0.006128     0.0000    -0.1079    -0.8520     1.9881 2.7307e+02    -0.3482     -0.553     -0.802    19.9332 0.0000e+00
     -0.564      0.000     5.6755     56.815     -0.017  -0.015259     0.0000    -0.1041    -0.8520     1.9881 2.6123e+02    -0.2881     -0.553     -0.802    19.9298 0.0000e+00
     -0.564      0.000     5.6925     56.988     -0.029  -0.025865     0.0000    -0.1193     0.9372     1.6497 2.6443e+02    -0.3633     -0.553     -0.802    19.9264 0.0000e+00
     -0.564      0.000     5.7069     57.140     -0.032  -0.028520     0.0000    -0.1269     0.9372     1.6497 2.7581e+02    -0.4534     -0.553     -0.802    19.9229 0.0000e+00
     -0.564      0.000     5.7184     57.266     -0.031  -0.027884     0.0000    -0.1651     0.9372     1.6497 2.7840e+02    -0.6338     -0.553     -0.801    19.9194 0.0000e+00
     -0.563      0.000     5.7282     57.370     -0.031  -0.027743     0.0000    -0.1918     0.9372     1.6497 2.7503e+02    -0.5136     -0.553     -0.801    19.9159 0.0000e+00
     -0.563      0.000     5.7377     57.460     -0.031  -0.028058     0.0000    -0.1651    -0.1278     0.3384 2.9241e+02    -0.6639     -0.553     -0.801    19.9124 0.0000e+00
     -0.563      0.000     5.7483     57.550     -0.032  -0.028914     0.0000    -0.1765    -0.1278     0.3384 3.0099e+02    -0.5887     -0.553     -0.801    19.9089 0.0000e+00
     -0.563      0.000     5.7608     57.647     -0.034  -0.030539     0.0000    -0.1575    -0.1278     0.3384 3.0099e+02    -0.3783     -0.552     -0.801    19.9055 0.0000e+00
     -0.563      0.000     5.7753     57.757     -0.039  -0.035343     0.0000    -0.1765    -0.1278     0.3384 3.0381e+02    -0.3783     -0.552     -0.801    19.9021 0.0000e+00
     -0.563      0.000     5.7910     57.879     -0.047  -0.042631     0.0000    -0.1880     0.2130     0.6345 3.3083e+02    -0.3633     -0.552     -0.801    19.8988 0.0000e+00
     -0.563      0.000     5.8068     58.007     -0.049  -0.044460     0.0000    -0.1575     0.2130     0.6345 3.6457e+02    -0.3633     -0.552     -0.800    19.8954 0.0000e+00
     -0.563      0.000     5.8222     58.140     -0.044  -0.039342     0.0000    -0.4626     0.2130     0.6345 1.8647e+03     2.8382     -0.552     -0.800    19.8921 0.0000e+00
     -0.562      0.000     5.8383     58.294     -0.038  -0.033819     0.0000    -0.5008     0.2130     0.6345 2.1337e+03     2.7931     -0.551     -0.800    19.8888 0.0000e+00
     -0.562      0.000     5.8595     58.516     -0.034  -0.030374     0.0000    -0.4855    -0.3408    -1.0575 1.9053e+03     2.7931     -0.551     -0.800    19.8856 0.0000e+00
     -0.562      0.000     5.8932     58.876     -0.031  -0.028087     0.0000    -0.4741    -0.3408    -1.0575 1.8394e+03     2.7329     -0.551     -0.800    19.8825 0.0000e+00
     -0.562      0.000     5.9486     59.452     -0.029  -0.026348     0.0000     9.8525    -0.3408    -1.0575 1.8462e+03    46.4706     -0.551     -0.799    19.8794 0.0000e+00
     -0.562      0.001     6.0322     60.305     -0.027  -0.024695     0.0000     9.8372    -0.3408    -1.0575 7.7357e+02    46.5308     -0.551     -0.799    19.8764 0.0000e+00
     -0.561      0.001     6.1462     61.454     -0.027  -0.024663     0.0000     9.8410    -0.3408    -1.0575 1.7032e+03    46.4556     -0.550     -0.798    19.8734 0.0000e+00
     -0.561      0.001     6.2897     62.899     -0.026  -0.024266    -0.0900     9.8601    -0.3408    -0.1269 6.0292e+02    46.5308     -0.550     -0.797    19.8702 0.0000e+00
     -0.560      0.001     6.4613     64.631     -0.018  -0.017467    -0.0900     1.0862    -0.3408    -0.1269 6.0344e+02     2.7630     -0.549     -0.796    19.8666 0.0000e+00
     -0.559      0.002     6.6618     66.650     -0.003  -0.004432    -0.0900     1.0900    -0.3408    -0.1269 1.1784e+03     2.6728     -0.548     -0.795    19.8624 0.0000e+00
     -0.558      0.002     6.8906     68.944      0.020   0.014364    -0.0900     1.0976    -0.3408    -0.1269 1.3861e+03     2.8231     -0.547     -0.793    19.8572 0.0000e+00
     -0.556      0.003     7.1386     71.423      0.055   0.043931     4.3200     1.0594     0.0852     0.8460 1.7229e+03     2.7480     -0.546     -0.791    19.8502 0.0000e+00
     -0.554      0.003     7.3872     73.906      0.113   0.092155     4.3200     1.2731     0.0852     0.8460 7.9418e+02     2.8532     -0.544     -0.788    19.8403 0.0000e+00
     -0.552      0.004     7.6144     76.177      0.208   0.171894     4.3200     1.2540     0.0852     0.8460 7.8067e+02     2.8532     -0.541     -0.785    19.8254 0.0000e+00
     -0.549      0.005     7.8007     78.037      0.367   0.304413     4.3200     1.2807     0.0852     0.8460 4.8327e+02     2.9434     -0.538     -0.781    19.8024 0.0000e+00
     -0.545      0.007     7.9303     79.323      0.632   0.525051     4.1400     1.2921     0.0426     0.8037 9.8652e+02     2.8832     -0.535     -0.775    19.7658 0.0000e+00
     -0.541      0.009     7.9921     79.927      1.072   0.892643     4.1400     1.4524     0.0426     0.8037 1.8442e+03     2.8231     -0.530     -0.768    19.7064 0.0000e+00
     -0.534      0.011     7.9821     79.812      1.806   1.505215     4.1400     1.4524     0.0426     0.8037 7.9764e+02     2.8832     -0.524     -0.759    19.6092 0.0000e+00
     -0.526      0.015     7.9053     79.033      3.029   2.526118     4.1400     1.4600     0.0426     0.8037 1.6855e+03     2.9885     -0.516     -0.748    19.4487 0.0000e+00
     -0.516      0.019     7.7763     77.734      5.066   4.225617     4.1400     1.4638     0.0426     0.8037 1.8929e+03     2.8983     -0.506     -0.733    19.1829 0.0000e+00
     -0.503      0.024     7.6136     76.103      8.474   7.070751     4.1400     1.5134     0.0426     0.8460 1.9257e+03     2.9734     -0.493     -0.715    18.7624 0.0000e+00
     -0.486      0.031     7.4344     74.309     13.651  11.377285     4.1400     1.5439     0.0426     0.8460 2.0086e+03     2.8832     -0.476     -0.690    18.2022 0.0000e+00
     -0.464      0.040     7.2513     72.481     20.119  16.709473     4.1400     1.5477     0.0426     0.8460 2.0474e+03     2.9434     -0.455     -0.660    17.6055 0.0000e+00
     -0.440      0.050     7.0731     70.704     26.719  22.085607     4.1400     1.5287     0.0426     0.8460 2.0855e+03     2.9734     -0.431     -0.625    17.0657 0.0000e+00
     -0.412      0.062     6.9055     69.035     32.205  26.487221     4.0500     1.5287     0.0852     0.9306 2.0756e+03     2.9434     -0.404     -0.586    16.6132 0.0000e+00
     -0.382      0.075     6.7515     67.504     35.900  29.383558     4.0500     1.5325     0.0852     0.9306 2.0792e+03     2.9584     -0.375     -0.543    16.2436 0.0000e+00
     -0.350      0.087     6.6127     66.125     38.113  31.051971     4.0500     1.5363     0.0852     0.9306 2.0639e+03     2.9734     -0.344     -0.498    15.9419 0.0000e+00
     -0.317      0.099     6.4896     64.904     39.458  32.010637     4.0500     1.5287     0.0852     0.9306 2.0389e+03     2.9283     -0.311     -0.451    15.6937 0.0000e+00
     -0.282      0.109     6.3818     63.838     40.311  32.576585     4.2300     1.4676     0.0852     0.8460 2.0341e+03     2.9133     -0.277     -0.402    15.4892 0.0000e+00
     -0.246      0.118     6.2891     62.926     40.892  32.936375     4.2300     1.4486     0.0852     0.8460 1.9817e+03     2.9734     -0.242     -0.351    15.3234 0.0000e+00
     -0.210      0.125     6.2113     62.166     41.324  33.193869     4.2300     1.4447     0.0852     0.8460 1.3214e+03     2.9734     -0.207     -0.299    15.1943 0.0000e+00
