Data/DataNotYetUploadedToEDI/Raw_CTD/RawDownloads/101122_fcr50_S8188004.cnv
* Sea-Bird SBE19plus  Data File:
* FileName = C:\R\Reservoirs\Data\DataNotYetUploadedToEDI\Raw_CTD\RawDownloads\101122_bvr50_S8188_0004.hex
* Software version 2.8.0.119
* Temperature SN = 8188
* Conductivity SN = 8188
* System UpLoad Time = Oct 12 2022 11:44:55
* <ApplicationData>
* <Seaterm232>
# nquan = 16
# nvalues = 3424                        
# units = specified
# name 0 = depFM: Depth [fresh water, m]
# name 1 = dz/dtM: Descent Rate [m/s]
# name 2 = sbeox0Mg/L: Oxygen, SBE 43 [mg/l]
# name 3 = sbeox0PS: Oxygen, SBE 43 [% saturation]
# name 4 = specc: Specific Conductance [uS/cm]
# name 5 = c0uS/cm: Conductivity [uS/cm]
# name 6 = wetCDOM: Fluorescence, WET Labs CDOM [mg/m^3]
# name 7 = flECO-AFL: Fluorescence, WET Labs ECO-AFL/FL [mg/m^3]
# name 8 = flECO-AFL1: Fluorescence, WET Labs ECO-AFL/FL, 2 [mg/m^3]
# name 9 = flECO-AFL2: Fluorescence, WET Labs ECO-AFL/FL, 3 [mg/m^3]
# name 10 = par/sat/log: PAR/Logarithmic, Satlantic
# name 11 = turbWETntu0: Turbidity, WET Labs ECO [NTU]
# name 12 = prdM: Pressure, Strain Gauge [db]
# name 13 = prdE: Pressure, Strain Gauge [psi]
# name 14 = tv290C: Temperature [ITS-90, deg C]
# name 15 = flag:  0.000e+00
# span 0 =     -0.562,      1.737       
# span 1 =     -0.285,      0.256       
# span 2 =     6.7805,     9.5768       
# span 3 =     66.959,     94.104       
# span 4 =      0.066,     41.750       
# span 5 =   0.052892,  33.278355       
# span 6 =    -5.1300,    18.6300       
# span 7 =    -0.6152,     4.6301       
# span 8 =    -2.1300,     0.3408       
# span 9 =    -4.1877,     4.1877       
# span 10 = 1.7834e+01, 1.9378e+03      
# span 11 =    -3.5196,   139.1615      
# span 12 =     -0.551,      1.703      
# span 13 =     -0.799,      2.470      
# span 14 =    14.3484,    14.9545      
# span 15 = 0.0000e+00, 0.0000e+00      
# interval = seconds: 0.25
# start_time = Oct 11 2022 12:09:38 [Instrument's time stamp, header]
# bad_flag = -9.990e-29
*END*
[from data line 91]
     -0.047      0.098     8.4660     82.955     41.688  33.204712     4.3200     1.7118     0.0000     1.0998 1.8708e+03     2.9734     -0.046     -0.067    14.8216 0.0000e+00
     -0.034      0.087     8.4566     82.864     41.670  33.187563     4.3200     1.6965     0.0000     1.0998 1.8684e+03     2.9885     -0.033     -0.048    14.8184 0.0000e+00
     -0.022      0.076     8.4485     82.786     41.647  33.164796     4.3200     1.7499     0.0426     1.0998 1.8737e+03     2.9734     -0.022     -0.031    14.8135 0.0000e+00
     -0.011      0.067     8.4446     82.752     41.621  33.140239     4.3200     1.6927     0.0426     1.0998 1.8794e+03     2.9133     -0.011     -0.015    14.8083 0.0000e+00
     -0.000      0.059     8.4447     82.759     41.600  33.119226     4.3200     1.8949     0.0426     1.0998 7.8971e+02     3.0185      0.000      0.000    14.8039 0.0000e+00
      0.009      0.052     8.4466     82.787     41.584  33.104076     4.3200     1.8911     0.0426     1.0998 1.2464e+03     2.8832      0.009      0.014    14.8002 0.0000e+00
      0.017      0.047     8.4487     82.819     41.570  33.090747     4.3200     1.9216     0.0426     1.0998 1.2510e+03     2.9885      0.017      0.025    14.7973 0.0000e+00
      0.023      0.042     8.4517     82.858     41.562  33.083607     4.3200     1.9254     0.0426     1.0998 1.4474e+03     3.0486      0.023      0.034    14.7965 0.0000e+00
      0.029      0.037     8.4566     82.912     41.566  33.088673     4.3200     1.9674     0.0426     1.0998 1.3037e+03     2.9584      0.029      0.041    14.7991 0.0000e+00
      0.033      0.033     8.4629     82.975     41.577  33.103334     4.3200     1.9483     0.0426     1.0998 1.4427e+03     3.0185      0.033      0.047    14.8058 0.0000e+00
      0.037      0.028     8.4692     83.035     41.592  33.123580     4.3200     1.9445     0.0426     1.0575 1.3762e+03     2.9734      0.036      0.052    14.8164 0.0000e+00
      0.040      0.024     8.4751     83.092     41.607  33.146889     4.3200     1.9368     0.0426     1.0575 1.3425e+03     3.0035      0.039      0.057    14.8300 0.0000e+00
      0.043      0.020     8.4810     83.148     41.619  33.169575     4.3200     2.0131     0.0426     1.0575 1.2824e+03     2.9434      0.042      0.061    14.8450 0.0000e+00
      0.046      0.017     8.4867     83.202     41.627  33.187786     4.3200     2.0131     0.0426     1.0575 1.3037e+03     2.9885      0.045      0.065    14.8600 0.0000e+00
      0.049      0.015     8.4903     83.236     41.634  33.204400     4.3200     2.0551     0.0426     1.0575 1.4147e+03     3.0185      0.047      0.069    14.8735 0.0000e+00
      0.052      0.013     8.4896     83.229     41.641  33.219886     4.3200     2.0360     0.0426     0.9729 1.3335e+03     2.9584      0.050      0.073    14.8850 0.0000e+00
      0.055      0.012     8.4842     83.178     41.644  33.230454     4.3200     2.0093     0.0426     0.9729 1.3367e+03     2.9734      0.054      0.078    14.8945 0.0000e+00
      0.059      0.012     8.4747     83.090     41.649  33.240901     4.3200     2.0093     0.0426     0.9729 1.2429e+03     2.8231      0.058      0.084    14.9022 0.0000e+00
      0.064      0.013     8.4628     82.980     41.659  33.254014     4.3200     2.0093     0.0426     0.9729 1.2688e+03     3.0035      0.063      0.091    14.9086 0.0000e+00
      0.070      0.014     8.4509     82.872     41.668  33.265369     4.3200     2.0398     0.0426     0.9729 1.2964e+03     2.9584      0.069      0.100    14.9138 0.0000e+00
      0.079      0.017     8.4418     82.792     41.674  33.274033     4.3200     2.0971     0.0426     0.9729 1.1188e+03     2.9434      0.077      0.112    14.9177 0.0000e+00
      0.088      0.020     8.4378     82.762     41.677  33.278355     4.3200     2.1085     0.0426     0.9729 6.7725e+02     2.8983      0.086      0.125    14.9203 0.0000e+00
      0.096      0.023     8.4406     82.799     41.673  33.275529     4.3200     2.1161     0.0426     0.9729 8.5082e+02     2.9133      0.094      0.137    14.9208 0.0000e+00
      0.103      0.026     8.4502     82.900     41.668  33.268760     4.3200     2.0551     0.0852     1.0152 8.3634e+02     2.9434      0.101      0.146    14.9176 0.0000e+00
      0.108      0.027     8.4647     83.046     41.666  33.260206     4.3200     1.9635     0.0852     1.0152 8.7653e+02     2.8983      0.105      0.153    14.9091 0.0000e+00
      0.110      0.027     8.4821     83.218     41.665  33.247584     4.3200     1.9712     0.0852     1.0152 9.6657e+02     2.8532      0.108      0.157    14.8956 0.0000e+00
      0.112      0.025     8.5007     83.401     41.662  33.231489     4.3200     1.9902     0.0852     1.0152 1.0071e+03     2.9584      0.109      0.159    14.8788 0.0000e+00
      0.112      0.021     8.5184     83.575     41.663  33.217529     4.3200     1.9559     0.0426     1.0998 9.4477e+02     3.0185      0.110      0.159    14.8611 0.0000e+00
      0.112      0.016     8.5333     83.721     41.668  33.207923     4.3200     1.6774     0.0426     1.0998 9.9211e+02     2.7931      0.110      0.159    14.8447 0.0000e+00
      0.112      0.011     8.5442     83.828     41.673  33.200107     4.3200     1.7003     0.0426     1.0998 8.9403e+02     2.7329      0.110      0.159    14.8309 0.0000e+00
      0.113      0.007     8.5503     83.887     41.676  33.193977     4.3200     1.7308     0.0426     1.0998 1.5926e+03     2.8832      0.110      0.160    14.8202 0.0000e+00
      0.113      0.004     8.5517     83.897     41.679  33.189880     4.3200     1.7194     0.0426     1.0998 1.0448e+03     2.9133      0.111      0.161    14.8122 0.0000e+00
      0.114      0.002     8.5489     83.865     41.681  33.186721     4.3200     1.7652     0.0426     1.1844 1.3103e+03     2.8081      0.112      0.162    14.8064 0.0000e+00
      0.115      0.002     8.5425     83.797     41.682  33.183660     4.3200     1.7995     0.0426     1.1844 1.1120e+03     2.7179      0.112      0.163    14.8026 0.0000e+00
      0.115      0.002     8.5335     83.704     41.680  33.179879     4.3200     1.7766     0.0426     1.1844 1.2978e+03     2.8682      0.113      0.164    14.7998 0.0000e+00
      0.116      0.002     8.5227     83.593     41.675  33.174370     4.3200     1.7690     0.0426     1.1844 8.5843e+02     2.8081      0.114      0.165    14.7973 0.0000e+00
      0.117      0.002     8.5102     83.467     41.672  33.169624     4.3200     1.9025     0.0426     1.0998 1.1566e+03     2.7630      0.114      0.166    14.7947 0.0000e+00
      0.117      0.003     8.4966     83.331     41.673  33.168337     4.3200     1.8949     0.0426     1.0998 1.1779e+03     2.8532      0.115      0.166    14.7922 0.0000e+00
      0.118      0.003     8.4831     83.194     41.673  33.166205     4.3200     1.8949     0.0426     1.0998 1.1975e+03     2.7931      0.116      0.167    14.7900 0.0000e+00
      0.118      0.003     8.4705     83.066     41.671  33.162659     4.3200     1.8949     0.0426     1.0998 9.4026e+02     2.7780      0.116      0.168    14.7880 0.0000e+00
      0.119      0.002     8.4592     82.950     41.670  33.160713     4.3200     1.8873     0.0426     1.0575 7.9764e+02     2.7780      0.117      0.169    14.7863 0.0000e+00
      0.119      0.002     8.4489     82.845     41.665  33.155890     4.3200     1.8987     0.0426     1.0575 1.0782e+03     2.7780      0.117      0.169    14.7849 0.0000e+00
      0.119      0.002     8.4394     82.751     41.655  33.146901     4.3200     1.8949     0.0426     1.0575 1.1439e+03     2.8081      0.117      0.170    14.7842 0.0000e+00
      0.119      0.002     8.4309     82.669     41.645  33.139272     4.3200     1.9025     0.0426     1.0575 1.0924e+03     2.7480      0.117      0.170    14.7840 0.0000e+00
      0.119      0.001     8.4232     82.597     41.644  33.138889     4.3200     1.9788     0.0852     1.0998 1.1516e+03     2.8532      0.117      0.169    14.7845 0.0000e+00
      0.119      0.001     8.4160     82.530     41.657  33.149612     4.3200     1.9635     0.0852     1.0998 9.4436e+02     2.8832      0.116      0.169    14.7854 0.0000e+00
      0.119      0.001     8.4098     82.470     41.674  33.164396     4.3200     1.9521     0.0852     1.0998 1.0791e+03     2.7329      0.117      0.169    14.7865 0.0000e+00
      0.119      0.000     8.4054     82.427     41.684  33.173324     4.3200     1.9712     0.0852     1.0998 9.9081e+02     2.8832      0.117      0.169    14.7874 0.0000e+00
      0.119      0.000     8.4037     82.409     41.688  33.176795     4.3200     1.9521     0.0852     1.0998 8.7387e+02     2.8532      0.116      0.169    14.7881 0.0000e+00
      0.119     -0.000     8.4047     82.418     41.689  33.177715     4.3200     1.9521     0.0426     1.1844 1.1069e+03     2.7630      0.116      0.169    14.7884 0.0000e+00
      0.119      0.000     8.4082     82.452     41.687  33.176330     4.3200     1.9635     0.0426     1.1844 9.7883e+02     2.7780      0.117      0.169    14.7885 0.0000e+00
      0.119      0.000     8.4143     82.513     41.687  33.176231     4.3200     1.9864     0.0426     1.1844 9.2386e+02     2.8231      0.117      0.170    14.7881 0.0000e+00
      0.120      0.001     8.4227     82.598     41.695  33.181352     4.3200     2.0780     0.0426     1.1844 1.0703e+03     2.7931      0.118      0.171    14.7872 0.0000e+00
      0.121      0.001     8.4322     82.696     41.706  33.189099     4.3200     2.1009     0.0426     1.1844 1.2804e+03     2.7630      0.119      0.173    14.7860 0.0000e+00
      0.123      0.002     8.4420     82.799     41.715  33.195595     4.3200     2.1009     0.0426     1.1844 8.9539e+02     2.7931      0.120      0.175    14.7846 0.0000e+00
      0.125      0.003     8.4519     82.904     41.723  33.200594     4.3200     2.0932     0.0426     1.1844 1.1421e+03     2.8832      0.122      0.177    14.7836 0.0000e+00
      0.127      0.004     8.4623     83.014     41.730  33.205427     4.3200     2.0589     0.0426     1.1844 1.0738e+03     2.7480      0.124      0.180    14.7830 0.0000e+00
      0.129      0.005     8.4732     83.130     41.735  33.209404     4.3200     2.0665     0.0852     1.2690 1.2077e+03     2.7179      0.127      0.184    14.7829 0.0000e+00
      0.133      0.007     8.4843     83.247     41.737  33.211605     4.3200     2.0932     0.0852     1.2690 1.2383e+03     2.9283      0.130      0.188    14.7834 0.0000e+00
      0.136      0.008     8.4953     83.359     41.740  33.214597     4.3200     2.0894     0.0852     1.2690 1.1268e+03     2.8983      0.134      0.194    14.7844 0.0000e+00
      0.141      0.010     8.5054     83.459     41.746  33.221158     4.3200     2.0894     0.0852     1.2690 8.8226e+02     2.7480      0.138      0.201    14.7864 0.0000e+00
      0.147      0.012     8.5131     83.532     41.750  33.227096     4.3200     2.0742     0.0852     1.1844 9.5904e+02     2.8532      0.144      0.208    14.7898 0.0000e+00
      0.152      0.014     8.5171     83.569     41.741  33.224094     4.3200     2.1009     0.0852     1.1844 1.0466e+03     2.8382      0.150      0.217    14.7949 0.0000e+00
      0.159      0.017     8.5171     83.568     41.715  33.207391     4.3200     2.0856     0.0852     1.1844 1.0587e+03     2.7480      0.156      0.226    14.7999 0.0000e+00
      0.167      0.020     8.5144     83.540     41.674  33.176493     4.3200     2.0894     0.0852     1.1844 1.0794e+03     2.8832      0.164      0.238    14.8015 0.0000e+00
      0.179      0.023     8.5107     83.505     41.628  33.137025     4.3200     2.0932     0.0852     1.1844 1.0617e+03     2.8231      0.176      0.255    14.7975 0.0000e+00
      0.195      0.029     8.5073     83.472     41.585  33.094303     4.3200     2.1085     0.0852     1.0575 9.6888e+02     2.8231      0.191      0.277    14.7874 0.0000e+00
      0.215      0.036     8.5045     83.446     41.542  33.046836     4.3200     2.0894     0.0852     1.0575 8.7159e+02     2.6879      0.211      0.306    14.7719 0.0000e+00
      0.237      0.046     8.5028     83.431     41.506  33.001770     4.3200     2.0780     0.0852     1.0575 1.0104e+03     3.0335      0.233      0.338    14.7525 0.0000e+00
      0.262      0.056     8.5031     83.433     41.488  32.970848     4.3200     2.0704     0.0852     1.0575 8.7977e+02     3.0335      0.257      0.373    14.7317 0.0000e+00
      0.288      0.068     8.5055     83.453     41.486  32.953745     4.3200     2.0742     0.0426     1.2690 9.4046e+02     2.9734      0.283      0.410    14.7130 0.0000e+00
      0.316      0.079     8.5087     83.481     41.486  32.941940     4.3200     2.0894     0.0426     1.2690 8.1872e+02     2.9885      0.310      0.449    14.6988 0.0000e+00
      0.345      0.089     8.5111     83.502     41.483  32.932282     4.3200     2.2840     0.0426     1.2690 7.5170e+02     2.8983      0.338      0.491    14.6901 0.0000e+00
      0.377      0.098     8.5120     83.507     41.484  32.930119     4.3200     2.2725     0.0426     1.2690 8.1340e+02     2.9734      0.370      0.536    14.6865 0.0000e+00
      0.413      0.106     8.5113     83.499     41.486  32.930913     4.3200     2.2916     0.0426     1.3113 7.1801e+02     2.9133      0.405      0.587    14.6858 0.0000e+00
      0.453      0.116     8.5095     83.480     41.474  32.919033     4.3200     2.2764     0.0426     1.3113 7.7206e+02     2.8832      0.444      0.645    14.6830 0.0000e+00
      0.497      0.126     8.5066     83.452     41.441  32.883390     4.3200     2.5358     0.0426     1.3113 5.4651e+02     2.9434      0.487      0.707    14.6714 0.0000e+00
      0.544      0.137     8.5030     83.417     41.405  32.834285     4.3200     2.5091     0.0426     1.3113 5.3535e+02     3.0035      0.533      0.773    14.6462 0.0000e+00
      0.592      0.149     8.4992     83.382     41.390  32.792284     4.3200     2.5129     0.0852     1.2690 4.9485e+02     2.9133      0.580      0.842    14.6102 0.0000e+00
      0.643      0.161     8.4960     83.352     41.397  32.765990     4.3200     2.5091     0.0852     1.2690 5.4143e+02     2.9885      0.630      0.915    14.5714 0.0000e+00
      0.697      0.174     8.4936     83.331     41.413  32.748389     4.3200     2.6655     0.0852     1.2690 4.7815e+02     2.9885      0.684      0.992    14.5357 0.0000e+00
      0.755      0.186     8.4917     83.314     41.414  32.724884     4.3200     2.6464     0.0852     1.2690 3.8922e+02     3.0786      0.741      1.075    14.5058 0.0000e+00
      0.816      0.198     8.4895     83.294     41.412  32.703067     4.3200     2.6273     0.0852     1.2690 3.6944e+02     3.0486      0.800      1.161    14.4822 0.0000e+00
      0.879      0.209     8.4871     83.271     41.425  32.698905     4.3200     2.6159     0.0852     1.4382 3.1204e+02     2.9734      0.861      1.250    14.4641 0.0000e+00
      0.942      0.219     8.4842     83.242     41.451  32.707325     4.3200     3.0126     0.0852     1.4382 3.0223e+02     3.2440      0.923      1.339    14.4499 0.0000e+00
      1.005      0.228     8.4805     83.206     41.475  32.716711     4.3200     3.0240     0.0852     1.4382 2.8341e+02     3.1388      0.985      1.430    14.4384 0.0000e+00
      1.070      0.236     8.4762     83.164     41.489  32.719665     4.3200     3.0164     0.0852     1.4382 2.5852e+02     3.1688      1.049      1.522    14.4285 0.0000e+00
      1.136      0.243     8.4715     83.117     41.490  32.713013     4.4100     3.0202     0.0852     1.5228 2.2335e+02     3.1838      1.114      1.616    14.4195 0.0000e+00
      1.204      0.248     8.4666     83.069     41.481  32.698941     4.4100     3.4742     0.0852     1.5228 1.9957e+02     3.3041      1.180      1.712    14.4114 0.0000e+00
