Data/DataNotYetUploadedToEDI/Raw_CTD/RawDownloads/101122_fcr50_S7809002.cnv
* Sea-Bird SBE19plus  Data File:
* FileName = C:\R\Reservoirs\Data\DataNotYetUploadedToEDI\Raw_CTD\RawDownloads\101122_bvr50_S7809_0002.hex
* Software version 2.8.0.119
* Temperature SN = 7809
* Conductivity SN = 7809
* System UpLoad Time = Oct 12 2022 10:48:29
* <ApplicationData>
* <Seaterm232>
# nquan = 15
# nvalues = 2023                        
# units = specified
# name 0 = depFM: Depth [fresh water, m]
# name 1 = dz/dtM: Descent Rate [m/s]
# name 2 = sbeox0Mg/L: Oxygen, SBE 43 [mg/l]
# name 3 = sbeox0PS: Oxygen, SBE 43 [% saturation]
# name 4 = specc: Specific Conductance [uS/cm]
# name 5 = c0uS/cm: Conductivity [uS/cm]
# name 6 = flECO-AFL: Fluorescence, WET Labs ECO-AFL/FL [mg/m^3]
# name 7 = ph: pH
# name 8 = orp: Oxidation Reduction Potential [mV]
# name 9 = par/sat/log: PAR/Logarithmic, Satlantic
# name 10 = turbWETntu0: Turbidity, WET Labs ECO [NTU]
# name 11 = prdM: Pressure, Strain Gauge [db]
# name 12 = prdE: Pressure, Strain Gauge [psi]
# name 13 = tv290C: Temperature [ITS-90, deg C]
# name 14 = flag:  0.000e+00
# span 0 =     -0.557,      9.641       
# span 1 =     -0.185,      0.135       
# span 2 =     0.0372,     7.6390       
# span 3 =      0.369,     75.664       
# span 4 =      2.348,    465.172       
# span 5 =   1.840844, 348.909186       
# span 6 =    -0.7829,     6.1178       
# span 7 =      5.726,      7.677       
# span 8 =  -357.7102,   441.8686       
# span 9 = 1.2362e-01, 1.7706e+03       
# span 10 =   -11.5828,   155.9068      
# span 11 =     -0.546,      9.456      
# span 12 =     -0.792,     13.715      
# span 13 =    12.4861,    18.8456      
# span 14 = 0.0000e+00, 0.0000e+00      
# interval = seconds: 0.25
# start_time = Oct 11 2022 09:59:03 [Instrument's time stamp, header]
# bad_flag = -9.990e-29
*END*
[from data line 675]
      3.451      0.030     6.2387     60.886     41.411  32.558683     5.0394      7.588   235.1350 1.4914e+01     3.2185      3.384      4.907    14.3227 0.0000e+00
      3.459      0.039     6.2351     60.831     41.437  32.572423     5.0978      7.588   235.2023 1.4794e+01     3.1993      3.391      4.919    14.3163 0.0000e+00
      3.471      0.045     6.2312     60.746     41.476  32.596641     5.1280      7.588   235.2487 1.4578e+01     3.1936      3.401      4.934    14.3112 0.0000e+00
      3.488      0.045     6.2337     60.631     41.480  32.597889     5.1295      7.588   235.3515 1.4259e+01     3.2518      3.419      4.960    14.3132 0.0000e+00
      3.508      0.042     6.2337     60.498     41.468  32.587505     5.1241      7.587   235.1553 1.4036e+01     3.3227      3.445      4.996    14.3102 0.0000e+00
      3.520      0.035     6.2276     60.363     41.483  32.597889     5.1045      7.586   234.7692 1.4006e+01     3.3331      3.457      5.014    14.2996 0.0000e+00
      3.524      0.025     6.2218     60.232     41.486  32.596642     5.0844      7.586   234.7269 1.4029e+01     3.3086      3.456      5.013    14.2903 0.0000e+00
      3.525      0.015     6.2086     60.120     41.457  32.572426     5.0732      7.585   235.0735 1.4032e+01     3.2661      3.456      5.014    14.2897 0.0000e+00
      3.526      0.007     6.1943     60.029     41.438  32.558698     5.1020      7.585   235.4322 1.4042e+01     3.2289      3.458      5.016    14.2908 0.0000e+00
      3.526      0.004     6.1816     59.947     41.433  32.557459     5.1576      7.585   235.5363 1.4050e+01     3.2349      3.458      5.015    14.2874 0.0000e+00
      3.526      0.007     6.1670     59.862     41.430  32.557450     5.1798      7.585   235.2148 1.4050e+01     3.2368      3.458      5.015    14.2825 0.0000e+00
      3.527      0.014     6.1569     59.815     41.430  32.558592     5.1867      7.585   234.6425 1.4055e+01     3.2181      3.459      5.017    14.2802 0.0000e+00
      3.528      0.023     6.1468     59.805     41.445  32.571272     5.1824      7.585   234.4672 1.4023e+01     3.2476      3.459      5.017    14.2824 0.0000e+00
      3.533      0.030     6.1398     59.771     41.460  32.583953     5.1535      7.585   234.7293 1.3888e+01     3.3201      3.461      5.019    14.2865 0.0000e+00
      3.545      0.034     6.1286     59.759     41.462  32.585114     5.1284      7.584   234.9725 1.3654e+01     3.3431      3.474      5.038    14.2886 0.0000e+00
      3.563      0.035     6.1205     59.757     41.463  32.585314     5.1199      7.584   235.0840 1.3462e+01     3.2869      3.497      5.072    14.2896 0.0000e+00
      3.575      0.032     6.1285     59.755     41.468  32.586372     5.1346      7.585   235.0450 1.3407e+01     3.2213      3.510      5.093    14.2918 0.0000e+00
      3.580      0.027     6.1161     59.825     41.486  32.597901     5.1646      7.585   234.8455 1.3373e+01     3.2323      3.511      5.092    14.2935 0.0000e+00
      3.583      0.018     6.1182     59.907     41.489  32.597903     5.1905      7.585   234.7361 1.3309e+01     3.2832      3.513      5.095    14.2929 0.0000e+00
      3.587      0.011     6.1215     59.949     41.474  32.586385     5.1986      7.584   234.8412 1.3277e+01     3.2567      3.517      5.103    14.2914 0.0000e+00
      3.588      0.006     6.1120     59.980     41.472  32.585440     5.1871      7.583   234.9984 1.3267e+01     3.2186      3.518      5.104    14.2886 0.0000e+00
      3.589      0.004     6.1276     59.968     41.472  32.586488     5.1846      7.583   235.0881 1.3247e+01     3.2666      3.519      5.103    14.2841 0.0000e+00
      3.589      0.003     6.1381     59.882     41.484  32.599056     5.1943      7.583   235.1516 1.3225e+01     3.3254      3.520      5.105    14.2807 0.0000e+00
      3.589      0.002     6.1388     59.789     41.494  32.610592     5.1960      7.583   235.1635 1.3203e+01     3.3484      3.520      5.105    14.2809 0.0000e+00
      3.590      0.002     6.1435     59.719     41.475  32.599169     5.1963      7.583   235.0600 1.3198e+01     3.3064      3.521      5.106    14.2823 0.0000e+00
      3.590      0.002     6.1463     59.645     41.458  32.587744     5.2482      7.583   235.0178 1.3202e+01     3.2267      3.521      5.107    14.2844 0.0000e+00
      3.590      0.002     6.1306     59.596     41.469  32.599272     5.3579      7.583   235.0839 1.3174e+01     3.2382      3.521      5.107    14.2876 0.0000e+00
      3.591      0.002     6.1201     59.590     41.482  32.611744     5.4315      7.582   235.1708 1.3138e+01     3.3091      3.522      5.108    14.2925 0.0000e+00
      3.592      0.002     6.1155     59.617     41.478  32.611742     5.4396      7.581   235.3799 1.3113e+01     3.3322      3.522      5.109    14.2973 0.0000e+00
      3.592      0.001     6.1045     59.673     41.458  32.599260     5.4059      7.581   235.6334 1.3085e+01     3.3468      3.523      5.110    14.2986 0.0000e+00
      3.593      0.001     6.0990     59.745     41.438  32.587628     5.3571      7.581   235.7407 1.3065e+01     3.4177      3.523      5.110    14.3016 0.0000e+00
      3.593      0.001     6.0984     59.779     41.446  32.597909     5.3399      7.581   235.7309 1.3066e+01     3.5064      3.523      5.110    14.3058 0.0000e+00
      3.593      0.001     6.1013     59.768     41.442  32.596764     5.3564      7.581   235.6883 1.3069e+01     3.5312      3.524      5.110    14.3084 0.0000e+00
      3.593      0.001     6.1057     59.768     41.413  32.573794     5.3658      7.581   235.7416 1.3054e+01     3.4437      3.524      5.110    14.3118 0.0000e+00
      3.593      0.001     6.1159     59.779     41.414  32.573784     5.3528      7.581   235.9448 1.3043e+01     3.3036      3.524      5.111    14.3172 0.0000e+00
      3.593      0.001     6.1194     59.780     41.444  32.596639     5.3415      7.581   236.0798 1.3048e+01     3.2367      3.524      5.111    14.3232 0.0000e+00
      3.594      0.001     6.1135     59.814     41.444  32.596527     5.3445      7.581   235.9978 1.3049e+01     3.2503      3.524      5.111    14.3255 0.0000e+00
      3.594      0.001     6.1141     59.880     41.413  32.572423     5.3561      7.580   235.8992 1.3048e+01     3.2635      3.525      5.112    14.3246 0.0000e+00
      3.594      0.001     6.1190     59.971     41.393  32.558808     5.3575      7.580   235.9206 1.3055e+01     3.2254      3.525      5.112    14.3235 0.0000e+00
      3.594      0.001     6.1138     60.045     41.393  32.558724     5.3443      7.581   235.9978 1.3059e+01     3.1990      3.525      5.112    14.3223 0.0000e+00
      3.594      0.002     6.1201     60.055     41.410  32.571405     5.3385      7.581   236.0583 1.3066e+01     3.2174      3.525      5.112    14.3207 0.0000e+00
      3.594      0.005     6.1259     60.085     41.429  32.585335     5.3456      7.580   236.2219 1.3079e+01     3.2090      3.525      5.112    14.3226 0.0000e+00
      3.594      0.010     6.1346     60.162     41.452  32.600330     5.3885      7.579   236.4278 1.3079e+01     3.1999      3.525      5.112    14.3265 0.0000e+00
      3.595      0.015     6.1497     60.227     41.495  32.625900     5.4657      7.579   236.4825 1.3052e+01     3.2095      3.526      5.113    14.3259 0.0000e+00
      3.599      0.019     6.1413     60.231     41.527  32.640889     5.5055      7.579   236.4526 1.2952e+01     3.2570      3.527      5.115    14.3240 0.0000e+00
      3.609      0.022     6.1460     60.174     41.552  32.654735     5.5025      7.579   236.3252 1.2784e+01     3.2962      3.538      5.131    14.3239 0.0000e+00
      3.620      0.022     6.1566     60.099     41.566  32.666501     5.4713      7.580   236.2328 1.2679e+01     3.2735      3.552      5.153    14.3222 0.0000e+00
      3.626      0.021     6.1663     59.988     41.546  32.656346     5.4112      7.580   236.2814 1.2657e+01     3.2557      3.558      5.160    14.3119 0.0000e+00
      3.629      0.021     6.1703     59.838     41.541  32.658776     5.3667      7.580   236.3113 1.2645e+01     3.2175      3.559      5.163    14.2947 0.0000e+00
      3.631      0.024     6.1604     59.676     41.593  32.695883     5.3497      7.580   236.3359 1.2639e+01     3.2221      3.561      5.165    14.2869 0.0000e+00
      3.633      0.029     6.1562     59.500     41.646  32.724582     5.3468      7.580   236.4061 1.2600e+01     3.2775      3.561      5.164    14.2888 0.0000e+00
      3.638      0.038     6.1432     59.321     41.701  32.752137     5.3486      7.580   236.4724 1.2480e+01     3.3059      3.564      5.171    14.2976 0.0000e+00
      3.651      0.046     6.1236     59.117     41.746  32.775423     5.3556      7.581   236.4491 1.2290e+01     3.3261      3.578      5.190    14.3106 0.0000e+00
      3.668      0.051     6.1096     58.856     41.729  32.752503     5.3557      7.581   236.3820 1.2060e+01     3.2836      3.597      5.218    14.3070 0.0000e+00
      3.688      0.051     6.0924     58.538     41.706  32.728621     5.2675      7.581   236.4355 1.1840e+01     3.2348      3.616      5.245    14.2851 0.0000e+00
      3.706      0.046     6.0779     58.152     41.726  32.740274     5.1125      7.581   236.4931 1.1701e+01     3.2492      3.636      5.274    14.2647 0.0000e+00
      3.717      0.041     6.0615     57.674     41.760  32.766587     5.0296      7.581   236.4763 1.1668e+01     3.2185      3.649      5.292    14.2511 0.0000e+00
      3.720      0.036     6.0342     57.128     41.793  32.793147     5.0226      7.581   236.4904 1.1667e+01     3.1705      3.648      5.292    14.2406 0.0000e+00
      3.722      0.032     6.0039     56.579     41.815  32.807802     5.0615      7.580   236.4917 1.1626e+01     3.2155      3.649      5.293    14.2322 0.0000e+00
      3.728      0.031     5.9666     56.081     41.832  32.816968     5.1412      7.579   236.4918 1.1510e+01     3.2846      3.654      5.300    14.2272 0.0000e+00
      3.740      0.032     5.9163     55.645     41.867  32.840568     5.1962      7.579   236.5782 1.1345e+01     3.3227      3.666      5.317    14.2284 0.0000e+00
      3.754      0.035     5.8569     55.247     41.867  32.839531     5.2020      7.579   236.6762 1.1238e+01     3.2997      3.684      5.343    14.2310 0.0000e+00
      3.763      0.035     5.7991     54.871     41.822  32.804429     5.1941      7.578   236.7302 1.1197e+01     3.2117      3.692      5.355    14.2274 0.0000e+00
      3.768      0.031     5.7485     54.517     41.810  32.796573     5.2011      7.577   236.7151 1.1112e+01     3.1822      3.693      5.356    14.2204 0.0000e+00
      3.776      0.027     5.7058     54.202     41.823  32.807944     5.2200      7.576   236.6651 1.0984e+01     3.2152      3.703      5.371    14.2161 0.0000e+00
      3.785      0.025     5.6655     53.960     41.831  32.815111     5.2394      7.575   236.7276 1.0920e+01     3.2354      3.716      5.389    14.2150 0.0000e+00
      3.790      0.027     5.6270     53.803     41.836  32.819831     5.2530      7.574   236.7833 1.0919e+01     3.2556      3.718      5.392    14.2156 0.0000e+00
      3.792      0.031     5.5900     53.698     41.812  32.801602     5.2765      7.574   236.8216 1.0883e+01     3.3227      3.717      5.391    14.2169 0.0000e+00
      3.797      0.032     5.5560     53.644     41.792  32.784921     5.3232      7.574   236.9328 1.0761e+01     3.4324      3.721      5.397    14.2183 0.0000e+00
      3.810      0.032     5.5298     53.669     41.822  32.808350     5.3605      7.574   236.9233 1.0578e+01     3.4885      3.734      5.416    14.2201 0.0000e+00
      3.826      0.032     5.5157     53.730     41.849  32.831264     5.3692      7.573   236.8798 1.0437e+01     3.4887      3.755      5.445    14.2228 0.0000e+00
      3.836      0.031     5.5056     53.777     41.819  32.808365     5.3699      7.573   236.9225 1.0402e+01     3.4346      3.766      5.461    14.2227 0.0000e+00
      3.839      0.027     5.4968     53.802     41.791  32.785093     5.3778      7.572   237.0086 1.0381e+01     3.3132      3.764      5.459    14.2191 0.0000e+00
      3.842      0.022     5.5029     53.815     41.816  32.803488     5.3889      7.571   237.1471 1.0311e+01     3.2506      3.765      5.461    14.2195 0.0000e+00
      3.847      0.019     5.5105     53.817     41.864  32.840581     5.4045      7.570   237.2201 1.0262e+01     3.2591      3.774      5.475    14.2245 0.0000e+00
      3.851      0.017     5.5150     53.807     41.884  32.853153     5.4333      7.570   237.1179 1.0237e+01     3.2785      3.778      5.479    14.2248 0.0000e+00
      3.855      0.017     5.5179     53.782     41.855  32.828681     5.4632      7.570   237.0299 1.0179e+01     3.2803      3.779      5.480    14.2202 0.0000e+00
      3.862      0.017     5.5190     53.734     41.816  32.798304     5.4657      7.570   237.1022 1.0111e+01     3.2116      3.788      5.494    14.2199 0.0000e+00
      3.867      0.017     5.5195     53.674     41.821  32.802886     5.4632      7.569   237.1315 1.0080e+01     3.1654      3.794      5.503    14.2210 0.0000e+00
      3.869      0.017     5.5185     53.595     41.844  32.820684     5.4834      7.567   237.1259 1.0066e+01     3.2009      3.794      5.503    14.2163 0.0000e+00
      3.872      0.018     5.5176     53.491     41.848  32.823281     5.4929      7.566   237.2073 1.0021e+01     3.2308      3.795      5.506    14.2130 0.0000e+00
      3.877      0.020     5.5111     53.385     41.862  32.834290     5.4789      7.565   237.2545 9.9674e+00     3.2184      3.802      5.514    14.2148 0.0000e+00
      3.882      0.022     5.5055     53.287     41.852  32.826980     5.4636      7.565   237.2660 9.9213e+00     3.1879      3.808      5.523    14.2153 0.0000e+00
      3.888      0.024     5.4984     53.203     41.813  32.798304     5.4576      7.565   237.3466 9.8445e+00     3.1694      3.812      5.529    14.2135 0.0000e+00
      3.895      0.024     5.4861     53.162     41.819  32.804588     5.4485      7.564   237.3687 9.7635e+00     3.2008      3.820      5.541    14.2128 0.0000e+00
      3.904      0.024     5.4749     53.167     41.862  32.839563     5.4287      7.563   237.2760 9.7170e+00     3.2929      3.829      5.554    14.2136 0.0000e+00
      3.909      0.023     5.4657     53.213     41.862  32.840760     5.4094      7.562   237.2572 9.6855e+00     3.3948      3.834      5.561    14.2142 0.0000e+00
      3.914      0.020     5.4542     53.318     41.833  32.819054     5.3979      7.562   237.3993 9.6369e+00     3.4770      3.837      5.565    14.2167 0.0000e+00
      3.919      0.017     5.4500     53.448     41.847  32.830736     5.3981      7.561   237.5313 9.5719e+00     3.5700      3.842      5.572    14.2188 0.0000e+00
      3.924      0.013     5.4519     53.565     41.877  32.855209     5.4112      7.560   237.5628 9.5374e+00     3.6654      3.850      5.583    14.2191 0.0000e+00
      3.928      0.009     5.4533     53.664     41.885  32.861336     5.4242      7.560   237.6087 9.5456e+00     3.6735      3.853      5.589    14.2211 0.0000e+00
      3.928      0.006     5.4667     53.727     41.861  32.841419     5.4214      7.559   237.6566 9.5439e+00     3.6684      3.852      5.588    14.2239 0.0000e+00
      3.928      0.003     5.4816     53.740     41.816  32.804600     5.4273      7.558   237.6255 9.5222e+00     3.6714      3.853      5.587    14.2237 0.0000e+00
      3.928      0.001     5.4928     53.727     41.808  32.796580     5.4535      7.558   237.7485 9.5089e+00     3.5738      3.852      5.588    14.2246 0.0000e+00
      3.928      0.000     5.5038     53.711     41.825  32.807847     5.4729      7.557   238.1110 9.5048e+00     3.4781      3.853      5.587    14.2256 0.0000e+00
      3.928 1.5424e-07     5.5118     53.682     41.836  32.814025     5.4782      7.557   238.3091 9.5053e+00     3.4361      3.853      5.588    14.2236 0.0000e+00
