Data/DataNotYetUploadedToEDI/Raw_CTD/RawDownloads/101122_fcr50_S7809002.cnv
* Sea-Bird SBE19plus  Data File:
* FileName = C:\R\Reservoirs\Data\DataNotYetUploadedToEDI\Raw_CTD\RawDownloads\101122_bvr50_S7809_0002.hex
* Software version 2.8.0.119
* Temperature SN = 7809
* Conductivity SN = 7809
* System UpLoad Time = Oct 12 2022 10:48:29
* <ApplicationData>
* <Seaterm232>
# nquan = 15
# nvalues = 2023                        
# units = specified
# name 0 = depFM: Depth [fresh water, m]
# name 1 = dz/dtM: Descent Rate [m/s]
# name 2 = sbeox0Mg/L: Oxygen, SBE 43 [mg/l]
# name 3 = sbeox0PS: Oxygen, SBE 43 [% saturation]
# name 4 = specc: Specific Conductance [uS/cm]
# name 5 = c0uS/cm: Conductivity [uS/cm]
# name 6 = flECO-AFL: Fluorescence, WET Labs ECO-AFL/FL [mg/m^3]
# name 7 = ph: pH
# name 8 = orp: Oxidation Reduction Potential [mV]
# name 9 = par/sat/log: PAR/Logarithmic, Satlantic
# name 10 = turbWETntu0: Turbidity, WET Labs ECO [NTU]
# name 11 = prdM: Pressure, Strain Gauge [db]
# name 12 = prdE: Pressure, Strain Gauge [psi]
# name 13 = tv290C: Temperature [ITS-90, deg C]
# name 14 = flag:  0.000e+00
# span 0 =     -0.557,      9.641       
# span 1 =     -0.185,      0.135       
# span 2 =     0.0372,     7.6390       
# span 3 =      0.369,     75.664       
# span 4 =      2.348,    465.172       
# span 5 =   1.840844, 348.909186       
# span 6 =    -0.7829,     6.1178       
# span 7 =      5.726,      7.677       
# span 8 =  -357.7102,   441.8686       
# span 9 = 1.2362e-01, 1.7706e+03       
# span 10 =   -11.5828,   155.9068      
# span 11 =     -0.546,      9.456      
# span 12 =     -0.792,     13.715      
# span 13 =    12.4861,    18.8456      
# span 14 = 0.0000e+00, 0.0000e+00      
# interval = seconds: 0.25
# start_time = Oct 11 2022 09:59:03 [Instrument's time stamp, header]
# bad_flag = -9.990e-29
*END*
[from data line 1928]
      0.550     -0.116     6.0269     59.420     41.486  32.614489     3.8828      7.502   221.5862 1.4648e+02     3.2753      0.542      0.785    14.3035 0.0000e+00
      0.520     -0.107     6.0458     59.495     41.482  32.613241     3.8696      7.506   221.0860 1.3600e+02     3.2395      0.509      0.737    14.3025 0.0000e+00
      0.492     -0.100     6.0617     59.562     41.478  32.613221     3.8328      7.509   220.8627 1.2941e+02     3.2072      0.483      0.700    14.3027 0.0000e+00
      0.466     -0.096     6.0742     59.632     41.474  32.614250     3.8033      7.512   221.0379 1.2591e+02     3.2261      0.456      0.661    14.3033 0.0000e+00
      0.446     -0.095     6.0830     59.696     41.485  32.625680     3.7968      7.514   221.3118 1.2431e+02     3.2972      0.434      0.630    14.3036 0.0000e+00
      0.429     -0.096     6.0906     59.757     41.483  32.624631     3.8193      7.516   221.3345 1.2307e+02     3.3157      0.423      0.614    14.3051 0.0000e+00
      0.407     -0.099     6.0954     59.849     41.454  32.601566     3.8516      7.519   220.9689 1.2263e+02     3.2791      0.404      0.585    14.3097 0.0000e+00
      0.377     -0.101     6.1029     59.965     41.453  32.600413     3.8706      7.522   220.4187 1.2354e+02     3.2637      0.369      0.535    14.3165 0.0000e+00
      0.345     -0.105     6.1093     60.068     41.466  32.610693     3.8828      7.524   220.1885 1.2503e+02     3.2670      0.336      0.488    14.3202 0.0000e+00
      0.316     -0.111     6.1129     60.136     41.448  32.599052     3.8990      7.526   220.2502 1.2613e+02     3.2510      0.309      0.449    14.3197 0.0000e+00
      0.291     -0.118     6.1233     60.175     41.427  32.586474     3.9170      7.529   220.2186 1.2723e+02     3.2060      0.283      0.412    14.3186 0.0000e+00
      0.267     -0.125     6.1369     60.209     41.417  32.585422     3.9175      7.533   219.9781 1.2938e+02     3.1672      0.264      0.383    14.3179 0.0000e+00
      0.239     -0.130     6.1482     60.247     41.409  32.586346     3.8968      7.536   219.7526 1.3354e+02     3.1915      0.240      0.348    14.3189 0.0000e+00
      0.199     -0.134     6.1545     60.265     41.417  32.597656     3.7173      7.539   219.6425 1.3962e+02     3.2608      0.198      0.287    14.3211 0.0000e+00
      0.153     -0.136     6.1571     60.295     41.411  32.595369     3.3783      7.542   219.0768 1.4803e+02     3.2880      0.146      0.211    14.3255 0.0000e+00
      0.116     -0.136     6.1581     60.393     41.363  32.558689     3.1928      7.545   218.2468 1.6015e+02     3.2477      0.109      0.158    14.3342 0.0000e+00
      0.087     -0.131     6.1630     60.523     41.330  32.534586     3.1726      7.547   218.0398 1.7569e+02     3.2176      0.086      0.125    14.3443 0.0000e+00
      0.058     -0.122     6.1631     60.651     41.357  32.557555     3.0925      7.550   218.2081 1.8377e+02     3.2648      0.058      0.083    14.3512 0.0000e+00
      0.026     -0.113     6.1604     60.768     41.388  32.582802     2.9565      7.553   218.4741 1.7902e+02     3.3403      0.025      0.036    14.3533 0.0000e+00
     -0.005     -0.104     6.1752     60.857     41.392  32.586230     2.8854      7.556   218.8475 1.7653e+02     3.3450     -0.008     -0.011    14.3535 0.0000e+00
     -0.031     -0.096     6.1887     60.947     41.408  32.599004     2.8738      7.559   218.4206 1.7848e+02     3.2871     -0.032     -0.046    14.3557 0.0000e+00
     -0.054     -0.088     6.2006     61.048     41.422  32.610446     2.8742      7.563   217.2708 1.7873e+02     3.2214     -0.053     -0.076    14.3589 0.0000e+00
     -0.076     -0.082     6.2149     61.131     41.405  32.597768     2.8733      7.566   216.8190 1.7969e+02     3.2003     -0.077     -0.112    14.3598 0.0000e+00
     -0.091     -0.079     6.2214     61.191     41.372  32.572522     2.8548      7.568   217.3464 1.8118e+02     3.2705     -0.092     -0.133    14.3595 0.0000e+00
     -0.106     -0.075     6.2301     61.246     41.353  32.558812     2.8330      7.570   218.1402 1.8319e+02     3.3181     -0.101     -0.145    14.3599 0.0000e+00
     -0.126     -0.070     6.2424     61.282     41.350  32.558812     2.8185      7.572   218.4156 1.8688e+02     3.2639     -0.121     -0.176    14.3600 0.0000e+00
     -0.152     -0.062     6.2512     61.288     41.364  32.572530     2.8380      7.573   217.6651 1.9321e+02     3.2302     -0.151     -0.219    14.3603 0.0000e+00
     -0.174     -0.052     6.2553     61.287     41.391  32.597871     2.9018      7.576   216.4643 2.2629e+02     3.2517     -0.175     -0.253    14.3614 0.0000e+00
     -0.185     -0.042     6.2619     61.279     41.402  32.611601     2.9483      7.579   215.9421 2.9857e+02     3.2512     -0.184     -0.267    14.3630 0.0000e+00
     -0.188     -0.036     6.2665     61.259     41.397  32.611746     2.9513      7.583   216.0838 3.2256e+02     3.2582     -0.185     -0.268    14.3654 0.0000e+00
     -0.188     -0.042     6.2644     61.249     41.382  32.599628     2.9468      7.585   216.1131 2.6587e+02     3.7118     -0.184     -0.267    14.3690 0.0000e+00
     -0.189     -0.066     6.2639     61.257     41.376  32.591883     2.9600      7.588   214.5756 2.5872e+02     4.6019     -0.184     -0.267    14.3746 0.0000e+00
     -0.197     -0.103     6.2632     61.228     41.448  32.644910     2.9698      7.594   213.2391 2.8379e+02     5.1051     -0.186     -0.270    14.3819 0.0000e+00
     -0.222     -0.143     6.2588     61.116     41.566  32.733547     2.8989      7.603   214.3216 2.3366e+02     5.0477     -0.206     -0.299    14.3872 0.0000e+00
     -0.272     -0.171     6.2567     60.939     41.624  32.775943     2.2030      7.613   214.0700 1.8115e+02     3.7370     -0.260     -0.375    14.3865 0.0000e+00
     -0.342     -0.185     6.2610     60.731     41.628  32.777092     0.9562      7.623   212.5195 1.6698e+02     1.3509     -0.333     -0.483    14.3825 0.0000e+00
     -0.415     -0.182     6.2613     60.528     41.593  32.747437     0.2842      7.628   213.2132 1.5280e+02     0.0747     -0.413     -0.599    14.3769 0.0000e+00
     -0.469     -0.160     6.2490     60.349     40.936  32.227175     0.2031      7.626   215.1447 1.4308e+02    -0.0454     -0.476     -0.690    14.3711 0.0000e+00
     -0.495     -0.125     6.2305     60.197     33.163  26.106236    -0.0582      7.626   216.3420 1.3971e+02    -0.0666     -0.486     -0.706    14.3679 0.0000e+00
     -0.511     -0.086     6.2078     60.086     18.421  14.500346    -0.5197      7.631   216.7628 1.3113e+02    -0.0451     -0.496     -0.720    14.3657 0.0000e+00
     -0.529     -0.053     6.1865     60.048      9.658   7.602448    -0.7662      7.638   217.3080 1.1491e+02     0.0096     -0.527     -0.764    14.3629 0.0000e+00
     -0.537     -0.030     6.1695     60.148      8.267   6.507255    -0.7829      7.643   217.7710 1.0033e+02     0.0139     -0.528     -0.766    14.3594 0.0000e+00
     -0.537     -0.017     6.1535     60.458      8.116   6.387557    -0.7550      7.643   216.0800 9.1874e+01    -0.3001     -0.526     -0.762    14.3558 0.0000e+00
     -0.537     -0.008     6.1423     60.974      8.224   6.471772    -0.4372      7.644   212.0905 8.8875e+01    -3.2408     -0.528     -0.765    14.3534 0.0000e+00
     -0.537     -0.002     6.1362     61.656      7.954   6.259097     0.1464      7.648   210.1447 9.1964e+01    -8.5567     -0.527     -0.764    14.3515 0.0000e+00
     -0.537     -0.001     6.1427     62.476      7.587   5.968976     0.4676      7.648   211.3112 1.2909e+02   -11.4559     -0.528     -0.764    14.3498 0.0000e+00
     -0.537     -0.001     6.1754     63.354      7.792   6.129903     0.5328      7.640   212.7718 4.3025e+02   -11.5828     -0.526     -0.762    14.3479 0.0000e+00
     -0.537     -0.002     6.2314     64.190      8.015   6.305283     0.9435      7.628   213.1776 1.0618e+03    -9.5773     -0.527     -0.764    14.3450 0.0000e+00
     -0.538     -0.003     6.3007     64.923      7.547   5.936623     1.6875      7.618   212.8624 1.5652e+03    -5.7564     -0.528     -0.765    14.3412 0.0000e+00
     -0.539     -0.004     6.3889     65.518      6.554   5.154988     2.0795      7.613   213.7794 1.6334e+03    -3.6442     -0.528     -0.766    14.3361 0.0000e+00
     -0.541     -0.004     6.4841     65.994      5.581   4.389299     2.0632      7.610   215.3174 1.2676e+03    -3.3382     -0.531     -0.769    14.3310 0.0000e+00
     -0.543     -0.003     6.5710     66.374      5.036   3.959966     1.6063      7.611   215.6267 1.0220e+03    -1.8864     -0.533     -0.772    14.3270 0.0000e+00
     -0.543     -0.003     6.6495     66.655      4.625   3.636160     0.7667      7.615   215.1096 1.0334e+03     0.7930     -0.532     -0.773    14.3231 0.0000e+00
     -0.543     -0.002     6.7090     66.852      3.986   3.133253     0.3099      7.619   214.9152 6.8091e+02     2.2764     -0.533     -0.772    14.3191 0.0000e+00
     -0.543     -0.001     6.7570     67.008      3.343   2.627628     0.2865      7.621   215.1702 4.5595e+02     2.5228     -0.533     -0.773    14.3155 0.0000e+00
     -0.543     -0.001     6.7976     67.161      2.970   2.334170     0.4173      7.622   215.9557 8.3639e+02     4.0451     -0.533     -0.773    14.3117 0.0000e+00
     -0.543     -0.001     6.8261     67.322      2.936   2.307305     0.6512      7.626   218.0462 1.4108e+03     6.8476     -0.533     -0.773    14.3080 0.0000e+00
     -0.543     -0.001     6.8452     67.477      3.092   2.429425     0.7673      7.631   220.0543 1.7706e+03     8.3289     -0.532     -0.772    14.3045 0.0000e+00
     -0.544     -0.001     6.8599     67.601      3.238   2.544571     0.7640      7.635   219.7576 1.5584e+03     8.3944     -0.533     -0.773    14.3011 0.0000e+00
     -0.544     -0.000     6.8761     67.703      3.500   2.749919     0.7774      7.634   218.3311 1.1803e+03     8.2199     -0.533     -0.774    14.2976 0.0000e+00
     -0.544 1.1565e-12     6.8931     67.816      4.076   3.202930     0.9952      7.630   217.7771 1.2549e+03     6.3901     -0.534     -0.774    14.2941 0.0000e+00
     -0.544 1.2722e-11     6.9114     67.926      4.650   3.653538     1.4002      7.625   217.1036 1.3988e+03     3.0431     -0.534     -0.774    14.2908 0.0000e+00
     -0.544 1.3994e-10     6.9242     68.001      4.875   3.829789     1.6290      7.622   217.3276 1.4005e+03     1.2612     -0.533     -0.773    14.2874 0.0000e+00
     -0.543 1.5393e-09     6.9327     68.048      4.937   3.877816     1.6229      7.622   219.3674 1.4687e+03     1.1402     -0.533     -0.773    14.2841 0.0000e+00
     -0.543 1.6933e-08     6.9458     68.080      4.988   3.917671     1.1939      7.622   220.5150 1.5428e+03     0.7945     -0.532     -0.772    14.2809 0.0000e+00
     -0.543 1.8626e-07     6.9595     68.092      4.925   3.868490     0.3954      7.625   220.7065 1.5860e+03     0.1207     -0.533     -0.773    14.2781 0.0000e+00
     -0.543 1.8626e-07     6.9669     68.104      4.745   3.726346    -0.0420      7.628   220.9952 1.6057e+03    -0.2770     -0.532     -0.772    14.2752 0.0000e+00
     -0.543 1.6933e-08     6.9712     68.142      4.493   3.528569    -0.0750      7.630   221.0801 1.6132e+03    -0.2567     -0.533     -0.773    14.2723 0.0000e+00
     -0.543 1.5394e-09     6.9758     68.185      4.219   3.313204     0.0052      7.631   220.6151 1.6121e+03     0.6395     -0.533     -0.774    14.2696 0.0000e+00
     -0.543 1.4001e-10     6.9764     68.207      4.010   3.148324     0.1536      7.633   220.5348 1.6009e+03     2.2579     -0.533     -0.773    14.2669 0.0000e+00
     -0.544 1.3521e-11     6.9762     68.232      3.810   2.991155     0.2379      7.636   219.6790 1.5916e+03     3.1539     -0.533     -0.773    14.2641 0.0000e+00
     -0.544 9.9477e-12     6.9819     68.271      3.655   2.868985     0.2421      7.638   216.3762 1.5951e+03     3.2060     -0.533     -0.773    14.2614 0.0000e+00
     -0.544 9.6808e-11     6.9891     68.321      3.661   2.874050     0.1042      7.638   216.3082 1.6086e+03     2.6149     -0.533     -0.773    14.2586 0.0000e+00
     -0.544 1.0637e-09     6.9889     68.386      3.647   2.862470    -0.1559      7.638   220.2332 1.5763e+03     1.5414     -0.533     -0.773    14.2558 0.0000e+00
     -0.543 1.1701e-08     6.9923     68.461      3.477   2.728983    -0.2974      7.639   222.7062 1.2584e+03     0.9863     -0.533     -0.773    14.2531 0.0000e+00
     -0.543 2.1452e-08     6.9971     68.523      3.219   2.526238    -0.3083      7.640   223.7527 8.8458e+02     0.9581     -0.533     -0.773    14.2502 0.0000e+00
     -0.543 1.1701e-08     7.0020     68.543      2.944   2.310323    -0.2538      7.642   223.7657 1.0333e+03     1.0301     -0.533     -0.773    14.2470 0.0000e+00
     -0.543 1.0637e-09     7.0098     68.531      2.732   2.144215     0.4189      7.643   223.5520 1.3889e+03     1.6523     -0.533     -0.773    14.2439 0.0000e+00
     -0.543 9.6700e-11     7.0180     68.528      2.596   2.037200     1.6669      7.643   219.9644 1.5087e+03     2.7767     -0.533     -0.773    14.2408 0.0000e+00
     -0.544 8.7911e-12     7.0275     68.568      2.505   1.966015     2.3670      7.639   207.4043 1.5191e+03     3.4212     -0.533     -0.774    14.2375 0.0000e+00
     -0.544 8.0018e-13     7.0286     68.612      2.442   1.916571     2.5255      7.636   192.7466 1.5180e+03     3.6371     -0.533     -0.773    14.2344 0.0000e+00
     -0.544 8.3379e-14     7.0268     68.607      2.399   1.882514     3.4665      7.641   189.0916 1.5115e+03     5.3876     -0.533     -0.774    14.2318 0.0000e+00
     -0.544 1.2457e-13     7.0244     68.590      2.384   1.870760     5.1803      7.647   181.1077 1.5061e+03     8.6341     -0.533     -0.773    14.2291 0.0000e+00
     -0.544 1.2982e-12     7.0305     68.612      2.424   1.901072     6.1178      7.647   156.6146 1.5069e+03    10.4382     -0.533     -0.773    14.2264 0.0000e+00
     -0.544 1.4274e-11     7.0400     68.658      2.464   1.932484     6.1119      7.652   154.7651 1.5125e+03    10.5310     -0.533     -0.773    14.2241 0.0000e+00
     -0.544 1.5701e-10     7.0362     68.700      2.466   1.934042     4.9926      7.666   187.4831 1.5175e+03     9.8580     -0.533     -0.773    14.2216 0.0000e+00
     -0.543 1.7271e-09     7.0325     68.712      2.448   1.919905     2.9136      7.673   211.7467 1.5200e+03     8.6895     -0.533     -0.773    14.2192 0.0000e+00
     -0.543 1.8998e-08     7.0368     68.708      2.408   1.888173     1.7666      7.670   211.6980 1.5211e+03     8.0515     -0.533     -0.773    14.2168 0.0000e+00
     -0.544 3.4842e-08     7.0423     68.720      2.381   1.866891     1.6273      7.669   212.8783 1.5213e+03     7.9167     -0.534     -0.774    14.2144 0.0000e+00
     -0.544 1.9154e-08     7.0487     68.745      2.363   1.852505     1.2715      7.674   224.0396 1.5212e+03     7.5375     -0.533     -0.773    14.2120 0.0000e+00
     -0.544 3.4540e-09     7.0497     68.758      2.348   1.840844     0.9516      7.677   230.0649 1.5213e+03     7.2236     -0.533     -0.773    14.2097 0.0000e+00
     -0.544 -9.990e-29     7.0474 -9.990e-29 -9.990e-29 -9.990e-29 -9.990e-29 -9.990e-29 -9.990e-29 1.5210e+03 -9.990e-29     -0.533     -0.773    14.2073 0.0000e+00
     -0.544 -9.990e-29     7.0497 -9.990e-29 -9.990e-29 -9.990e-29 -9.990e-29 -9.990e-29 -9.990e-29 1.5200e+03 -9.990e-29     -0.533     -0.773    14.2051 0.0000e+00
     -0.544 -9.990e-29     7.0536 -9.990e-29 -9.990e-29 -9.990e-29 -9.990e-29 -9.990e-29 -9.990e-29 1.5192e+03 -9.990e-29     -0.533     -0.773    14.2025 0.0000e+00
     -0.544 -9.990e-29     7.0564 -9.990e-29 -9.990e-29 -9.990e-29 -9.990e-29 -9.990e-29 -9.990e-29 1.5190e+03 -9.990e-29     -0.533     -0.773    14.2006 0.0000e+00
