Data/DataNotYetUploadedToEDI/Raw_CTD/RawDownloads/101122_fcr50_S8188003.cnv
* Sea-Bird SBE19plus  Data File:
* FileName = C:\R\Reservoirs\Data\DataNotYetUploadedToEDI\Raw_CTD\RawDownloads\101122_bvr50_S8188_0003.hex
* Software version 2.8.0.119
* Temperature SN = 8188
* Conductivity SN = 8188
* System UpLoad Time = Oct 12 2022 11:44:07
* <ApplicationData>
* <Seaterm232>
# nquan = 16
# nvalues = 3385                        
# units = specified
# name 0 = depFM: Depth [fresh water, m]
# name 1 = dz/dtM: Descent Rate [m/s]
# name 2 = sbeox0Mg/L: Oxygen, SBE 43 [mg/l]
# name 3 = sbeox0PS: Oxygen, SBE 43 [% saturation]
# name 4 = specc: Specific Conductance [uS/cm]
# name 5 = c0uS/cm: Conductivity [uS/cm]
# name 6 = wetCDOM: Fluorescence, WET Labs CDOM [mg/m^3]
# name 7 = flECO-AFL: Fluorescence, WET Labs ECO-AFL/FL [mg/m^3]
# name 8 = flECO-AFL1: Fluorescence, WET Labs ECO-AFL/FL, 2 [mg/m^3]
# name 9 = flECO-AFL2: Fluorescence, WET Labs ECO-AFL/FL, 3 [mg/m^3]
# name 10 = par/sat/log: PAR/Logarithmic, Satlantic
# name 11 = turbWETntu0: Turbidity, WET Labs ECO [NTU]
# name 12 = prdM: Pressure, Strain Gauge [db]
# name 13 = prdE: Pressure, Strain Gauge [psi]
# name 14 = tv290C: Temperature [ITS-90, deg C]
# name 15 = flag:  0.000e+00
# span 0 =     -0.564,      1.738       
# span 1 =     -0.180,      0.134       
# span 2 =     5.6330,     9.7994       
# span 3 =     56.365,     97.057       
# span 4 =     -0.219,     43.684       
# span 5 =  -0.196382,  39.060572       
# span 6 =    -0.0900,    14.4900       
# span 7 =    -2.0419,   245.1962       
# span 8 =    -2.4282,     3.8340       
# span 9 =    -5.1183,     3.8493       
# span 10 = 4.6235e+01, 2.1425e+03      
# span 11 =    -0.7240,    80.9197      
# span 12 =     -0.553,      1.704      
# span 13 =     -0.802,      2.472      
# span 14 =    14.3781,    19.9993      
# span 15 = 0.0000e+00, 0.0000e+00      
# interval = seconds: 0.25
# start_time = Oct 11 2022 11:27:27 [Instrument's time stamp, header]
# bad_flag = -9.990e-29
*END*
[from data line 814]
      1.648 9.0419e-09     8.2887     81.185     41.330  32.601224     4.3200     3.5505     0.0852     1.4382 1.0437e+02     3.0937      1.616      2.343    14.4363 0.0000e+00
      1.648 1.1625e-08     8.2865     81.163     41.330  32.600905     4.3200     3.5619     0.0852     1.4382 1.0244e+02     3.1989      1.616      2.343    14.4362 0.0000e+00
      1.648 1.4947e-08     8.2841     81.141     41.328  32.598915     4.3200     3.4284     0.0852     1.4382 1.0360e+02     3.1087      1.616      2.343    14.4359 0.0000e+00
      1.648 1.9217e-08     8.2817     81.120     41.333  32.602646     4.2300     3.4284     0.0426     1.5228 1.0244e+02     3.1538      1.616      2.343    14.4354 0.0000e+00
      1.648 2.4708e-08     8.2788     81.092     41.332  32.601211     4.2300     3.4437     0.0426     1.5228 1.0315e+02     3.1388      1.616      2.343    14.4350 0.0000e+00
      1.648 3.1768e-08     8.2753     81.058     41.323  32.594227     4.2300     3.4513     0.0426     1.5228 1.0327e+02     3.1989      1.616      2.343    14.4349 0.0000e+00
      1.648 4.0844e-08     8.2715     81.022     41.319  32.591714     4.2300     3.5581     0.0426     1.5228 1.0242e+02     3.1688      1.616      2.343    14.4354 0.0000e+00
      1.648 5.2514e-08     8.2688     80.995     41.325  32.596961     4.3200     3.5505     0.0426     1.4382 1.0180e+02     3.1989      1.616      2.344    14.4361 0.0000e+00
      1.648 6.7518e-08     8.2686     80.992     41.338  32.607408     4.3200     3.5734     0.0426     1.4382 1.0124e+02     3.1989      1.616      2.344    14.4368 0.0000e+00
      1.648 8.6808e-08     8.2712     81.017     41.351  32.617920     4.3200     3.5810     0.0426     1.4382 1.0107e+02     3.1538      1.616      2.344    14.4372 0.0000e+00
      1.648 1.1161e-07     8.2754     81.058     41.353  32.619417     4.3200     3.4933     0.0426     1.4382 1.0008e+02     3.1838      1.616      2.344    14.4370 0.0000e+00
      1.648 1.4350e-07     8.2803     81.105     41.339  32.608340     4.4100     3.4742     0.0426     1.4805 9.9240e+01     3.2139      1.616      2.344    14.4365 0.0000e+00
      1.648 1.8450e-07     8.2851     81.153     41.326  32.597575     4.4100     3.5047     0.0426     1.4805 9.8552e+01     3.1237      1.616      2.344    14.4358 0.0000e+00
      1.648 2.3721e-07     8.2894     81.195     41.320  32.592173     4.4100     3.4856     0.0426     1.4805 9.7678e+01     3.1838      1.616      2.344    14.4352 0.0000e+00
      1.648 3.0499e-07     8.2930     81.231     41.319  32.590694     4.4100     3.5657     0.0426     1.4805 9.7254e+01     3.1688      1.616      2.344    14.4349 0.0000e+00
      1.648 3.9213e-07     8.2959     81.259     41.326  32.596704     4.3200     3.5734     0.0852     1.6074 9.7064e+01     3.1388      1.616      2.344    14.4349 0.0000e+00
      1.648 3.9213e-07     8.2980     81.281     41.335  32.603884     4.3200     3.5543     0.0852     1.6074 9.5932e+01     3.1688      1.616      2.344    14.4350 0.0000e+00
      1.648 3.0499e-07     8.3001     81.302     41.338  32.606228     4.3200     3.5505     0.0852     1.6074 9.5932e+01     3.1087      1.616      2.344    14.4350 0.0000e+00
      1.648 2.3721e-07     8.3022     81.322     41.341  32.608322     4.3200     3.5352     0.0852     1.6074 9.6099e+01     3.1688      1.616      2.344    14.4349 0.0000e+00
      1.648 1.8450e-07     8.3034     81.334     41.349  32.614684     4.3200     3.5505     0.0852     1.6074 9.6141e+01     3.1388      1.616      2.344    14.4347 0.0000e+00
      1.648 1.4350e-07     8.3028     81.328     41.360  32.623051     4.4100     3.5505     0.0426     1.6074 9.4731e+01     3.2440      1.616      2.344    14.4343 0.0000e+00
      1.648 1.1161e-07     8.3000     81.299     41.371  32.631693     4.4100     3.5619     0.0426     1.6074 9.5143e+01     3.1838      1.616      2.344    14.4336 0.0000e+00
      1.648 8.6808e-08     8.2952     81.252     41.382  32.638954     4.4100     3.5581     0.0426     1.6074 9.4648e+01     3.1237      1.616      2.344    14.4326 0.0000e+00
      1.648 6.7518e-08     8.2904     81.203     41.383  32.638849     4.4100     3.5543     0.0426     1.6074 9.3952e+01     3.1838      1.616      2.344    14.4316 0.0000e+00
      1.648 5.2514e-08     8.2871     81.169     41.375  32.631350     4.4100     3.5505     0.0852     1.6074 9.3829e+01     3.2590      1.616      2.344    14.4306 0.0000e+00
      1.648 4.0844e-08     8.2859     81.154     41.364  32.622380     4.4100     3.5772     0.0852     1.6074 9.3809e+01     3.0486      1.616      2.344    14.4299 0.0000e+00
      1.648 3.1768e-08     8.2864     81.157     41.358  32.617466     4.4100     3.4360     0.0852     1.6074 9.3727e+01     3.1838      1.616      2.344    14.4295 0.0000e+00
      1.648 2.4708e-08     8.2883     81.173     41.361  32.619259     4.4100     3.4170     0.0852     1.6074 9.4607e+01     3.2139      1.616      2.344    14.4293 0.0000e+00
      1.648 1.9218e-08     8.2911     81.199     41.362  32.620316     4.4100     3.4437     0.0852     1.6074 9.5765e+01     3.1388      1.616      2.344    14.4294 0.0000e+00
      1.648 1.4947e-08     8.2939     81.225     41.352  32.612998     4.4100     3.4589     0.0852     1.6074 9.4937e+01     3.1688      1.616      2.344    14.4297 0.0000e+00
      1.648 1.1625e-08     8.2955     81.239     41.339  32.603275     4.4100     3.3903     0.0852     1.6074 9.5061e+01     3.1388      1.616      2.344    14.4302 0.0000e+00
      1.648 9.0420e-09     8.2952     81.235     41.330  32.596474     4.4100     3.3712     0.0852     1.6074 9.5724e+01     3.2590      1.616      2.344    14.4308 0.0000e+00
      1.648 7.0327e-09     8.2933     81.216     41.317  32.586821     4.4100     3.3483     0.0852     1.6074 9.5329e+01     3.0486      1.616      2.344    14.4315 0.0000e+00
      1.648 5.4699e-09     8.2906     81.188     41.302  32.575703     4.4100     3.3674     0.0426     1.6497 9.5019e+01     3.1688      1.616      2.344    14.4319 0.0000e+00
      1.648 4.2543e-09     8.2884     81.166     41.298  32.572038     4.4100     3.4437     0.0426     1.6497 9.5123e+01     3.1688      1.616      2.344    14.4321 0.0000e+00
      1.648 3.3089e-09     8.2873     81.154     41.301  32.574846     4.4100     3.4437     0.0426     1.6497 9.5454e+01     3.2740      1.616      2.344    14.4323 0.0000e+00
      1.648 2.5736e-09     8.2870     81.150     41.309  32.580918     4.4100     3.4627     0.0426     1.6497 9.6371e+01     3.1688      1.616      2.344    14.4326 0.0000e+00
      1.648 2.0017e-09     8.2868     81.148     41.312  32.583951     4.4100     3.4322     0.0852     1.7343 9.6580e+01     3.2440      1.616      2.344    14.4327 0.0000e+00
      1.648 1.5569e-09     8.2865     81.145     41.309  32.580792     4.4100     3.4666     0.0852     1.7343 9.6224e+01     3.0937      1.616      2.344    14.4325 0.0000e+00
      1.648 1.2109e-09     8.2855     81.136     41.317  32.586442     4.4100     3.4208     0.0852     1.7343 9.6392e+01     3.1989      1.616      2.344    14.4317 0.0000e+00
      1.648 9.4180e-10     8.2839     81.120     41.338  32.602408     4.4100     3.4437     0.0852     1.7343 9.6329e+01     3.2590      1.616      2.344    14.4305 0.0000e+00
      1.648 7.3252e-10     8.2815     81.097     41.353  32.613144     4.2300     3.4551     0.0852     1.6074 9.6917e+01     3.2440      1.616      2.344    14.4288 0.0000e+00
      1.648 5.6974e-10     8.2783     81.065     41.361  32.617552     4.2300     3.3636     0.0852     1.6074 9.7954e+01     3.0786      1.616      2.344    14.4270 0.0000e+00
      1.648 4.4313e-10     8.2745     81.028     41.366  32.620770     4.2300     3.3712     0.0852     1.6074 9.8360e+01     3.0786      1.616      2.344    14.4254 0.0000e+00
      1.648 3.4465e-10     8.2711     80.995     41.366  32.619693     4.2300     3.3712     0.0852     1.6074 9.7805e+01     3.1538      1.616      2.344    14.4243 0.0000e+00
      1.648 2.6806e-10     8.2689     80.973     41.360  32.614036     4.3200     3.3864     0.0426     1.5651 9.7212e+01     3.2590      1.616      2.344    14.4237 0.0000e+00
      1.648 2.0849e-10     8.2680     80.964     41.355  32.610209     4.3200     3.4856     0.0426     1.5651 9.6770e+01     3.1688      1.616      2.344    14.4237 0.0000e+00
      1.648 1.6216e-10     8.2680     80.965     41.351  32.607194     4.3200     3.5238     0.0426     1.5651 9.7572e+01     3.1087      1.616      2.344    14.4242 0.0000e+00
      1.648 1.2613e-10     8.2682     80.967     41.341  32.600226     4.3200     3.4933     0.0426     1.5651 9.7933e+01     3.1388      1.616      2.344    14.4248 0.0000e+00
      1.648 9.8099e-11     8.2686     80.971     41.329  32.591407     4.3200     3.5009     0.0426     1.5651 9.7997e+01     3.1688      1.616      2.344    14.4254 0.0000e+00
      1.648 7.6299e-11     8.2699     80.983     41.317  32.582344     4.4100     3.4360     0.0852     1.5228 9.7763e+01     3.4243      1.616      2.344    14.4261 0.0000e+00
      1.648 5.9343e-11     8.2726     81.010     41.301  32.570623     4.4100     3.4170     0.0852     1.5228 9.8210e+01     3.4394      1.616      2.344    14.4271 0.0000e+00
      1.648 4.6156e-11     8.2764     81.047     41.292  32.564998     4.4100     3.4322     0.0852     1.5228 9.7487e+01     3.4694      1.616      2.344    14.4288 0.0000e+00
      1.648 3.5899e-11     8.2804     81.087     41.299  32.571892     4.4100     3.4208     0.0852     1.5228 9.7360e+01     3.3943      1.616      2.344    14.4307 0.0000e+00
      1.648 2.7921e-11     8.2839     81.122     41.304  32.577299     4.2300     3.4284     0.0852     1.5651 9.7614e+01     3.1388      1.616      2.344    14.4324 0.0000e+00
      1.648 2.1716e-11     8.2860     81.143     41.305  32.578703     4.2300     3.4170     0.0852     1.5651 9.7107e+01     3.1538      1.616      2.344    14.4329 0.0000e+00
      1.648 1.6891e-11     8.2858     81.142     41.314  32.584398     4.2300     3.4513     0.0852     1.5651 9.6224e+01     3.1989      1.616      2.344    14.4319 0.0000e+00
      1.648 1.3137e-11     8.2836     81.121     41.325  32.591942     4.2300     3.4360     0.0852     1.5651 9.6580e+01     3.1688      1.616      2.344    14.4300 0.0000e+00
      1.648 1.0218e-11     8.2795     81.083     41.337  32.599386     4.4100     3.4513     0.0852     1.5228 9.6539e+01     3.1388      1.616      2.344    14.4280 0.0000e+00
      1.648 7.9471e-12     8.2744     81.034     41.340  32.600795     4.4100     3.4513     0.0852     1.5228 9.6224e+01     3.1989      1.616      2.344    14.4264 0.0000e+00
      1.648 6.1811e-12     8.2691     80.982     41.331  32.592583     4.4100     3.4513     0.0852     1.5228 9.7085e+01     3.0786      1.616      2.344    14.4251 0.0000e+00
      1.648 4.8076e-12     8.2641     80.935     41.322  32.584443     4.4100     3.4589     0.0852     1.5228 9.6896e+01     3.0786      1.616      2.344    14.4240 0.0000e+00
      1.648 3.7392e-12     8.2599     80.893     41.325  32.586085     4.3200     3.4208     0.0852     1.4382 9.7001e+01     3.1538      1.616      2.344    14.4232 0.0000e+00
      1.648 2.9083e-12     8.2561     80.855     41.340  32.597946     4.3200     3.4017     0.0852     1.4382 9.6685e+01     3.0937      1.616      2.344    14.4228 0.0000e+00
      1.648 2.2620e-12     8.2528     80.822     41.357  32.611310     4.3200     3.4589     0.0852     1.4382 9.6959e+01     3.1237      1.616      2.344    14.4230 0.0000e+00
      1.648 1.7593e-12     8.2501     80.794     41.365  32.617857     4.3200     3.4437     0.0852     1.4382 9.7318e+01     3.1688      1.616      2.344    14.4234 0.0000e+00
      1.648 1.3684e-12     8.2484     80.776     41.366  32.619333     4.3200     3.4360     0.0852     1.4382 9.5724e+01     3.2289      1.616      2.344    14.4240 0.0000e+00
      1.648 1.0643e-12     8.2477     80.767     41.366  32.620092     4.4100     3.4284     0.0852     1.4382 9.5890e+01     3.1087      1.616      2.344    14.4246 0.0000e+00
      1.648 8.2779e-13     8.2477     80.765     41.361  32.616377     4.4100     3.4513     0.0852     1.4382 9.6036e+01     3.2139      1.616      2.344    14.4251 0.0000e+00
      1.648 6.4383e-13     8.2487     80.772     41.349  32.607197     4.4100     3.4551     0.0852     1.4382 9.6287e+01     3.2289      1.616      2.344    14.4254 0.0000e+00
      1.648 5.0075e-13     8.2506     80.789     41.338  32.598024     4.4100     3.4780     0.0852     1.4382 9.6518e+01     3.1989      1.617      2.345    14.4255 0.0000e+00
      1.648 3.8948e-13     8.2532     80.813     41.328  32.590373     4.3200     3.4360     0.0852     1.5228 9.6580e+01     3.1989      1.617      2.345    14.4253 0.0000e+00
      1.648 3.0293e-13     8.2561     80.839     41.318  32.582205     4.3200     3.4551     0.0852     1.5228 9.6539e+01     3.2440      1.617      2.345    14.4248 0.0000e+00
      1.648 2.3561e-13     8.2587     80.864     41.315  32.579261     4.3200     3.4322     0.0852     1.5228 9.6938e+01     3.2289      1.616      2.344    14.4240 0.0000e+00
      1.648 1.8325e-13     8.2604     80.879     41.323  32.584718     4.3200     3.5505     0.0852     1.5228 9.8039e+01     3.2440      1.616      2.344    14.4231 0.0000e+00
      1.648 1.4253e-13     8.2612     80.885     41.323  32.584188     4.5000     3.5467     0.0852     1.6074 9.8402e+01     3.1538      1.616      2.345    14.4221 0.0000e+00
      1.648 1.1086e-13     8.2619     80.891     41.306  32.569608     4.5000     3.5390     0.0852     1.6074 9.8189e+01     3.2440      1.617      2.345    14.4212 0.0000e+00
      1.648 8.6221e-14     8.2636     80.905     41.286  32.552934     4.5000     3.5696     0.0852     1.6074 9.7022e+01     3.1388      1.617      2.345    14.4205 0.0000e+00
      1.648 6.7061e-14     8.2667     80.933     41.277  32.545560     4.5000     3.5543     0.0852     1.6074 9.8039e+01     3.1989      1.617      2.345    14.4200 0.0000e+00
      1.648 5.2159e-14     8.2713     80.976     41.282  32.549482     4.2300     3.5734     0.0852     1.6074 9.8488e+01     3.1388      1.617      2.345    14.4199 0.0000e+00
      1.648 4.0568e-14     8.2769     81.030     41.292  32.557823     4.2300     3.5696     0.0852     1.6074 9.9802e+01     3.2139      1.617      2.345    14.4200 0.0000e+00
      1.648 3.1553e-14     8.2827     81.084     41.301  32.564886     4.2300     3.5543     0.0852     1.6074 1.0085e+02     3.1087      1.617      2.345    14.4205 0.0000e+00
      1.648 2.4541e-14     8.2876     81.130     41.315  32.576516     4.2300     3.4818     0.0852     1.6074 1.0030e+02     3.1388      1.617      2.345    14.4212 0.0000e+00
      1.648 1.9088e-14     8.2915     81.167     41.333  32.591853     4.2300     3.5314     0.0852     1.6074 9.9197e+01     3.1688      1.617      2.345    14.4222 0.0000e+00
      1.648 1.4846e-14     8.2943     81.194     41.346  32.603107     4.2300     3.5238     0.0426     1.5228 9.7827e+01     3.1688      1.617      2.345    14.4235 0.0000e+00
      1.649 1.1547e-14     8.2960     81.211     41.353  32.609317     4.2300     3.4589     0.0426     1.5228 9.9067e+01     3.2139      1.617      2.345    14.4248 0.0000e+00
      1.649 8.9809e-15     8.2968     81.218     41.355  32.612139     4.2300     3.5085     0.0426     1.5228 9.9889e+01     3.2440      1.617      2.345    14.4261 0.0000e+00
      1.649 6.9851e-15     8.2965     81.215     41.354  32.612327     4.2300     3.5009     0.0426     1.5228 1.0177e+02     3.1688      1.617      2.345    14.4271 0.0000e+00
      1.649 5.4329e-15     8.2952     81.202     41.350  32.609930     4.3200     3.5085     0.0852     1.6074 1.0043e+02     3.1388      1.617      2.345    14.4278 0.0000e+00
