Data/DataNotYetUploadedToEDI/Raw_CTD/RawDownloads/101122_bvr50_S8188001.cnv
* Sea-Bird SBE19plus  Data File:
* FileName = C:\R\Reservoirs\Data\DataNotYetUploadedToEDI\Raw_CTD\RawDownloads\101122_bvr50_S8188_0001.hex
* Software version 2.8.0.119
* Temperature SN = 8188
* Conductivity SN = 8188
* System UpLoad Time = Oct 12 2022 11:42:41
* <ApplicationData>
* <Seaterm232>
# nquan = 16
# nvalues = 1691                        
# units = specified
# name 0 = depFM: Depth [fresh water, m]
# name 1 = dz/dtM: Descent Rate [m/s]
# name 2 = sbeox0Mg/L: Oxygen, SBE 43 [mg/l]
# name 3 = sbeox0PS: Oxygen, SBE 43 [% saturation]
# name 4 = specc: Specific Conductance [uS/cm]
# name 5 = c0uS/cm: Conductivity [uS/cm]
# name 6 = wetCDOM: Fluorescence, WET Labs CDOM [mg/m^3]
# name 7 = flECO-AFL: Fluorescence, WET Labs ECO-AFL/FL [mg/m^3]
# name 8 = flECO-AFL1: Fluorescence, WET Labs ECO-AFL/FL, 2 [mg/m^3]
# name 9 = flECO-AFL2: Fluorescence, WET Labs ECO-AFL/FL, 3 [mg/m^3]
# name 10 = par/sat/log: PAR/Logarithmic, Satlantic
# name 11 = turbWETntu0: Turbidity, WET Labs ECO [NTU]
# name 12 = prdM: Pressure, Strain Gauge [db]
# name 13 = prdE: Pressure, Strain Gauge [psi]
# name 14 = tv290C: Temperature [ITS-90, deg C]
# name 15 = flag:  0.000e+00
# span 0 =     -0.631,      7.415       
# span 1 =     -0.225,      0.157       
# span 2 =    -0.2630,     8.4861       
# span 3 =     -2.539,     83.882       
# span 4 =   -617.713,    266.292       
# span 5 =-464.652718, 189.314935       
# span 6 =    -1.4400,    11.6100       
# span 7 =    -2.9155,     4.6797       
# span 8 =     0.0000,     1.4910       
# span 9 =    -4.6953,     1.6497       
# span 10 = 1.1587e-01, 1.8843e+03      
# span 11 =    -4.0607,    44.9676      
# span 12 =     -0.619,      7.272      
# span 13 =     -0.898,     10.547      
# span 14 =    10.5223,    15.2881      
# span 15 = 0.0000e+00, 0.0000e+00      
# interval = seconds: 0.25
# start_time = Oct 11 2022 07:53:39 [Instrument's time stamp, header]
# bad_flag = -9.990e-29
*END*
[from data line 633]
      2.691      0.044     3.9365     38.470     34.963  27.593070     5.2200     3.5886     0.1704     0.5499 2.0233e+01     6.6107      2.639      3.827    14.4573 0.0000e+00
      2.703      0.044     3.9858     38.952     34.962  27.591348     5.3100     3.5772     0.1704     0.5076 1.9980e+01     6.5205      2.651      3.845    14.4558 0.0000e+00
      2.715      0.045     4.0285     39.369     34.962  27.590569     5.3100     3.6840     0.1704     0.5076 1.9525e+01     6.9865      2.663      3.862    14.4547 0.0000e+00
      2.728      0.046     4.0607     39.684     34.968  27.594482     5.3100     3.6764     0.1704     0.5076 1.9060e+01     7.0616      2.675      3.880    14.4537 0.0000e+00
      2.740      0.046     4.0807     39.880     34.976  27.600173     5.3100     3.6840     0.1704     0.5076 1.8850e+01     6.9865      2.687      3.897    14.4527 0.0000e+00
      2.751      0.047     4.0886     39.958     34.972  27.597279     5.2200     3.6802     0.2130     0.5499 1.8760e+01     7.0165      2.698      3.913    14.4521 0.0000e+00
      2.762      0.047     4.0855     39.927     34.957  27.585030     5.2200     3.6153     0.2130     0.5499 1.8585e+01     6.7911      2.708      3.928    14.4521 0.0000e+00
      2.772      0.046     4.0735     39.809     34.945  27.575997     5.2200     3.6420     0.2130     0.5499 1.8465e+01     6.7460      2.718      3.942    14.4524 0.0000e+00
      2.781      0.045     4.0551     39.627     34.940  27.571730     5.2200     3.6153     0.2130     0.5499 1.8293e+01     6.8813      2.728      3.956    14.4529 0.0000e+00
      2.790      0.043     4.0329     39.407     34.934  27.567133     5.2200     3.6153     0.2130     0.7191 1.8305e+01     6.8211      2.737      3.968    14.4534 0.0000e+00
      2.799      0.041     4.0083     39.163     34.930  27.564939     5.2200     3.3292     0.2130     0.7191 1.8123e+01     6.5807      2.745      3.981    14.4539 0.0000e+00
      2.808      0.039     3.9818     38.899     34.929  27.564562     5.2200     3.3445     0.2130     0.7191 1.7904e+01     6.5957      2.754      3.994    14.4546 0.0000e+00
      2.817      0.037     3.9531     38.612     34.920  27.557984     5.2200     3.2873     0.2130     0.7191 1.7834e+01     6.5506      2.762      4.006    14.4556 0.0000e+00
      2.825      0.036     3.9198     38.282     34.910  27.551368     5.4000     3.3102     0.2130     0.5499 1.7341e+01     6.5055      2.771      4.019    14.4569 0.0000e+00
      2.834      0.035     3.8789     37.879     34.913  27.554831     5.4000     3.4513     0.2130     0.5499 1.7176e+01     6.5957      2.780      4.031    14.4583 0.0000e+00
      2.842      0.035     3.8278     37.377     34.915  27.557416     5.4000     3.4475     0.2130     0.5499 1.7094e+01     6.5356      2.788      4.043    14.4594 0.0000e+00
      2.850      0.034     3.7652     36.765     34.913  27.555854     5.4000     3.4399     0.2130     0.5499 1.7142e+01     6.5055      2.795      4.054    14.4599 0.0000e+00
      2.857      0.033     3.6930     36.059     34.921  27.561607     5.4000     3.4513     0.2130     0.5499 1.6610e+01     6.5506      2.802      4.064    14.4596 0.0000e+00
      2.864      0.032     3.6156     35.303     34.935  27.572248     5.1300     3.3292     0.1704     0.6768 1.6672e+01     6.7911      2.809      4.074    14.4586 0.0000e+00
      2.870      0.031     3.5377     34.544     34.950  27.582698     5.1300     3.2987     0.1704     0.6768 1.6564e+01     6.7610      2.815      4.083    14.4572 0.0000e+00
      2.876      0.029     3.4643     33.829     34.962  27.591782     5.1300     3.3292     0.1704     0.6768 1.6474e+01     6.7159      2.821      4.091    14.4557 0.0000e+00
      2.881      0.027     3.4012     33.214     34.966  27.594005     5.1300     3.3140     0.1704     0.6768 1.6495e+01     6.8211      2.825      4.098    14.4545 0.0000e+00
      2.886      0.025     3.3540     32.754     34.962  27.589958     5.3100     3.2567     0.1704     0.6345 1.6445e+01     6.9414      2.830      4.104    14.4535 0.0000e+00
      2.890      0.023     3.3264     32.484     34.958  27.586482     5.3100     3.2567     0.1704     0.6345 1.6417e+01     7.0466      2.834      4.110    14.4525 0.0000e+00
      2.894      0.021     3.3194     32.415     34.959  27.586609     5.3100     3.2644     0.1704     0.6345 1.6410e+01     6.9865      2.838      4.116    14.4516 0.0000e+00
      2.899      0.020     3.3319     32.538     34.970  27.594333     5.3100     3.2567     0.1704     0.6345 1.6413e+01     7.0767      2.843      4.123    14.4506 0.0000e+00
      2.904      0.019     3.3620     32.834     34.993  27.611714     5.3100     3.5734     0.2130     0.5922 1.6342e+01     7.1067      2.847      4.130    14.4495 0.0000e+00
      2.909      0.018     3.4088     33.294     35.020  27.631507     5.3100     3.5619     0.2130     0.5922 1.6260e+01     6.9414      2.853      4.138    14.4479 0.0000e+00
      2.916      0.019     3.4725     33.917     35.047  27.651071     5.3100     3.5467     0.2130     0.5922 1.5911e+01     7.0316      2.860      4.148    14.4456 0.0000e+00
      2.923      0.020     3.5517     34.689     35.070  27.667705     5.3100     3.5657     0.2130     0.5922 1.5572e+01     7.0466      2.867      4.158    14.4428 0.0000e+00
      2.931      0.022     3.6413     35.560     35.080  27.673964     5.3100     3.6726     0.1704     0.5499 1.5562e+01     6.7911      2.874      4.169    14.4402 0.0000e+00
      2.939      0.024     3.7325     36.447     35.084  27.675479     5.3100     3.6954     0.1704     0.5499 1.5361e+01     6.7310      2.882      4.180    14.4382 0.0000e+00
      2.946      0.026     3.8141     37.240     35.087  27.676613     5.3100     3.6993     0.1704     0.5499 1.5165e+01     6.7009      2.889      4.191    14.4366 0.0000e+00
      2.954      0.028     3.8737     37.818     35.084  27.673708     5.3100     3.6649     0.1704     0.5499 1.5001e+01     6.7911      2.897      4.202    14.4352 0.0000e+00
      2.962      0.029     3.9011     38.079     35.086  27.673908     5.3100     3.5619     0.1704     0.5499 1.4998e+01     7.0917      2.904      4.212    14.4341 0.0000e+00
      2.969      0.030     3.8899     37.965     35.091  27.677267     5.4000     3.5848     0.2130     0.5922 1.4962e+01     6.9564      2.912      4.223    14.4328 0.0000e+00
      2.976      0.030     3.8387     37.460     35.092  27.676761     5.4000     3.5810     0.2130     0.5922 1.4897e+01     7.0015      2.919      4.234    14.4308 0.0000e+00
      2.984      0.030     3.7505     36.595     35.099  27.680176     5.4000     3.5581     0.2130     0.5922 1.4730e+01     7.1217      2.926      4.245    14.4281 0.0000e+00
      2.993      0.030     3.6330     35.444     35.117  27.692380     5.4000     3.4360     0.2130     0.5922 1.4510e+01     7.1668      2.935      4.256    14.4250 0.0000e+00
      3.001      0.030     3.4972     34.114     35.141  27.708709     5.4000     3.4742     0.2130     0.5922 1.4291e+01     7.0015      2.943      4.269    14.4220 0.0000e+00
      3.010      0.031     3.3543     32.716     35.165  27.725598     5.4000     3.4627     0.2130     0.5922 1.4119e+01     6.9564      2.952      4.282    14.4190 0.0000e+00
      3.019      0.032     3.2144     31.349     35.185  27.739631     5.4000     3.4360     0.2130     0.5922 1.4006e+01     6.9865      2.961      4.294    14.4160 0.0000e+00
      3.028      0.033     3.0841     30.076     35.202  27.750592     5.4000     3.6268     0.2130     0.5922 1.3878e+01     7.1368      2.969      4.307    14.4130 0.0000e+00
      3.037      0.034     2.9660     28.925     35.218  27.761403     5.4900     3.6306     0.2556     0.5499 1.3696e+01     7.0165      2.978      4.319    14.4098 0.0000e+00
      3.046      0.034     2.8622     27.913     35.238  27.774947     5.4900     3.6230     0.2556     0.5499 1.3518e+01     7.1518      2.987      4.332    14.4068 0.0000e+00
      3.055      0.035     2.7759     27.070     35.258  27.788895     5.4900     3.6230     0.2556     0.5499 1.3410e+01     6.9865      2.995      4.344    14.4040 0.0000e+00
      3.063      0.035     2.7100     26.427     35.276  27.801029     5.4900     3.6115     0.2556     0.5499 1.3291e+01     7.2119      3.004      4.357    14.4014 0.0000e+00
      3.072      0.034     2.6650     25.987     35.298  27.816564     5.4900     3.6230     0.2556     0.5499 1.3119e+01     7.1668      3.012      4.369    14.3988 0.0000e+00
      3.080      0.034     2.6383     25.726     35.320  27.831723     5.5800     3.6077     0.2130     0.5922 1.3011e+01     7.1819      3.020      4.381    14.3959 0.0000e+00
      3.089      0.034     2.6252     25.597     35.335  27.840649     5.5800     3.6153     0.2130     0.5922 1.2840e+01     7.3773      3.029      4.393    14.3922 0.0000e+00
      3.097      0.034     2.6215     25.559     35.350  27.849683     5.5800     3.3750     0.2130     0.5922 1.2723e+01     7.5276      3.037      4.405    14.3878 0.0000e+00
      3.105      0.034     2.6220     25.562     35.366  27.859252     5.5800     3.3941     0.2130     0.5922 1.2621e+01     7.4374      3.045      4.416    14.3836 0.0000e+00
      3.114      0.033     2.6209     25.548     35.380  27.867950     5.4900     3.3864     0.2556     0.4230 1.2534e+01     7.5125      3.053      4.428    14.3805 0.0000e+00
      3.122      0.033     2.6130     25.467     35.397  27.880076     5.4900     3.3750     0.2556     0.4230 1.2509e+01     7.5726      3.062      4.441    14.3783 0.0000e+00
      3.132      0.033     2.5955     25.291     35.424  27.898862     5.4900     3.5657     0.2556     0.4230 1.2412e+01     8.1889      3.071      4.454    14.3755 0.0000e+00
      3.142      0.034     2.5676     25.015     35.462  27.925360     5.4900     3.5734     0.2556     0.4230 1.2090e+01     8.2490      3.081      4.469    14.3700 0.0000e+00
      3.152      0.035     2.5305     24.648     35.505  27.952777     5.5800     3.5581     0.2556     0.4653 1.1843e+01     8.2189      3.091      4.484    14.3612 0.0000e+00
      3.163      0.036     2.4851     24.202     35.542  27.974564     5.5800     3.5772     0.2556     0.4653 1.1727e+01     8.2490      3.102      4.499    14.3511 0.0000e+00
      3.174      0.038     2.4323     23.683     35.562  27.984653     5.5800     3.2072     0.2556     0.4653 1.1588e+01     8.2490      3.113      4.514    14.3427 0.0000e+00
      3.185      0.039     2.3722     23.093     35.564  27.981773     5.5800     3.1576     0.2556     0.4653 1.1443e+01     8.2340      3.123      4.529    14.3370 0.0000e+00
      3.195      0.040     2.3039     22.424     35.555  27.973075     5.5800     3.1957     0.2556     0.4653 1.1207e+01     8.1137      3.133      4.544    14.3338 0.0000e+00
      3.205      0.041     2.2257     21.660     35.551  27.968120     5.5800     3.1728     0.2556     0.4653 1.1139e+01     8.2189      3.142      4.558    14.3322 0.0000e+00
      3.214      0.041     2.1354     20.779     35.563  27.977465     5.5800     3.2529     0.2556     0.4653 1.1146e+01     8.3843      3.151      4.570    14.3314 0.0000e+00
      3.222      0.040     2.0324     19.776     35.582  27.991723     5.5800     3.2796     0.2556     0.4653 1.1090e+01     8.4895      3.160      4.583    14.3313 0.0000e+00
      3.230      0.038     1.9199     18.682     35.585  27.994898     5.5800     3.2873     0.2556     0.4653 1.0978e+01     8.4745      3.168      4.595    14.3316 0.0000e+00
      3.239      0.037     1.8037     17.551     35.576  27.987837     5.5800     3.2567     0.2130     0.5076 1.0973e+01     8.3843      3.176      4.607    14.3324 0.0000e+00
      3.247      0.036     1.6903     16.448     35.560  27.976575     5.5800     3.1232     0.2130     0.5076 1.0817e+01     7.7680      3.185      4.619    14.3333 0.0000e+00
      3.257      0.035     1.5873     15.446     35.546  27.966029     5.5800     3.1309     0.2130     0.5076 1.0765e+01     7.6628      3.193      4.632    14.3339 0.0000e+00
      3.266      0.034     1.5022     14.618     35.535  27.957347     5.5800     3.1309     0.2130     0.5076 1.0584e+01     7.6328      3.203      4.646    14.3343 0.0000e+00
      3.276      0.035     1.4414     14.025     35.523  27.948213     5.4900     3.1461     0.2556     0.5076 1.0274e+01     7.7530      3.213      4.660    14.3347 0.0000e+00
      3.286      0.035     1.4077     13.696     35.512  27.940151     5.4900     3.1156     0.2556     0.5076 9.9875e+00     7.7530      3.222      4.674    14.3353 0.0000e+00
      3.295      0.036     1.3998     13.619     35.510  27.938931     5.4900     3.1194     0.2556     0.5076 9.9010e+00     7.6929      3.232      4.687    14.3359 0.0000e+00
      3.304      0.036     1.4129     13.745     35.517  27.944228     5.4900     3.1309     0.2556     0.5076 9.8154e+00     7.6929      3.240      4.699    14.3361 0.0000e+00
      3.311      0.036     1.4399     14.006     35.524  27.949533     5.6700     3.1194     0.2130     0.5922 1.0070e+01     7.6628      3.246      4.709    14.3356 0.0000e+00
      3.317      0.035     1.4729     14.325     35.534  27.956263     5.6700     3.2567     0.2130     0.5922 1.0116e+01     7.4073      3.253      4.718    14.3341 0.0000e+00
      3.324      0.033     1.5050     14.638     35.554  27.970171     5.6700     3.2796     0.2130     0.5922 9.8967e+00     7.4073      3.259      4.727    14.3319 0.0000e+00
      3.330      0.031     1.5320     14.899     35.577  27.987047     5.6700     3.2606     0.2130     0.5922 9.5461e+00     7.5426      3.266      4.737    14.3297 0.0000e+00
      3.337      0.029     1.5515     15.088     35.594  27.999512     5.4900     3.2835     0.2556     0.5499 9.6274e+00     7.5125      3.272      4.746    14.3282 0.0000e+00
      3.342      0.027     1.5646     15.214     35.609  28.010889     5.4900     3.3369     0.2556     0.5499 9.5523e+00     7.7079      3.278      4.754    14.3274 0.0000e+00
      3.347      0.025     1.5738     15.302     35.627  28.024214     5.4900     3.3178     0.2556     0.5499 9.6044e+00     7.8131      3.282      4.760    14.3268 0.0000e+00
      3.351      0.023     1.5808     15.368     35.642  28.035119     5.4900     3.3369     0.2556     0.5499 9.6378e+00     7.6929      3.286      4.766    14.3258 0.0000e+00
      3.354      0.022     1.5867     15.423     35.653  28.042555     5.4900     3.2987     0.2556     0.5499 9.6546e+00     7.7680      3.289      4.771    14.3233 0.0000e+00
      3.358      0.020     1.5920     15.474     35.654  28.040583     5.6700     3.3903     0.2556     0.4653 9.4985e+00     7.6929      3.293      4.776    14.3193 0.0000e+00
      3.361      0.018     1.5961     15.512     35.637  28.024718     5.6700     3.3979     0.2556     0.4653 9.3166e+00     7.7680      3.296      4.781    14.3158 0.0000e+00
      3.364      0.016     1.5978     15.527     35.611  28.002609     5.6700     3.3941     0.2556     0.4653 9.3308e+00     7.7831      3.299      4.785    14.3144 0.0000e+00
      3.366      0.014     1.5964     15.511     35.587  27.984198     5.6700     3.3903     0.2556     0.4653 9.4471e+00     7.8883      3.301      4.788    14.3153 0.0000e+00
      3.368      0.013     1.5912     15.459     35.575  27.976455     5.5800     3.3712     0.2130     0.4653 9.5544e+00     7.6628      3.303      4.790    14.3175 0.0000e+00
      3.369      0.011     1.5826     15.374     35.574  27.977314     5.5800     3.3140     0.2130     0.4653 9.5233e+00     7.7680      3.304      4.792    14.3201 0.0000e+00
      3.370      0.010     1.5714     15.264     35.584  27.987005     5.5800     3.3330     0.2130     0.4653 9.5440e+00     7.7680      3.305      4.794    14.3223 0.0000e+00
      3.372      0.008     1.5573     15.127     35.604  28.004153     5.5800     3.3140     0.2130     0.4653 9.4389e+00     7.7680      3.307      4.796    14.3240 0.0000e+00
