Data/DataNotYetUploadedToEDI/Raw_CTD/RawDownloads/101122_fcr50_S7809003.cnv
* Sea-Bird SBE19plus  Data File:
* FileName = C:\R\Reservoirs\Data\DataNotYetUploadedToEDI\Raw_CTD\RawDownloads\101122_bvr50_S7809_0003.hex
* Software version 2.8.0.119
* Temperature SN = 7809
* Conductivity SN = 7809
* System UpLoad Time = Oct 12 2022 10:50:25
* <ApplicationData>
* <Seaterm232>
# nquan = 15
# nvalues = 4607                        
# units = specified
# name 0 = depFM: Depth [fresh water, m]
# name 1 = dz/dtM: Descent Rate [m/s]
# name 2 = sbeox0Mg/L: Oxygen, SBE 43 [mg/l]
# name 3 = sbeox0PS: Oxygen, SBE 43 [% saturation]
# name 4 = specc: Specific Conductance [uS/cm]
# name 5 = c0uS/cm: Conductivity [uS/cm]
# name 6 = flECO-AFL: Fluorescence, WET Labs ECO-AFL/FL [mg/m^3]
# name 7 = ph: pH
# name 8 = orp: Oxidation Reduction Potential [mV]
# name 9 = par/sat/log: PAR/Logarithmic, Satlantic
# name 10 = turbWETntu0: Turbidity, WET Labs ECO [NTU]
# name 11 = prdM: Pressure, Strain Gauge [db]
# name 12 = prdE: Pressure, Strain Gauge [psi]
# name 13 = tv290C: Temperature [ITS-90, deg C]
# name 14 = flag:  0.000e+00
# span 0 =     -0.571,      1.742       
# span 1 =     -4.859,      4.749       
# span 2 =     6.0350,     7.7821       
# span 3 =     60.066,     77.421       
# span 4 =      0.570,     42.223       
# span 5 =   0.532967,  33.918218       
# span 6 =    -0.4279,     5.9138       
# span 7 =      5.954,      7.813       
# span 8 = -1240.7455,   298.0922       
# span 9 = 3.1802e+01, 1.8451e+03       
# span 10 =    -1.3563,   204.2298      
# span 11 =     -0.560,      1.708      
# span 12 =     -0.812,      2.478      
# span 13 =    14.3474,    21.7815      
# span 14 = 0.0000e+00, 0.0000e+00      
# interval = seconds: 0.25
# start_time = Oct 11 2022 11:46:28 [Instrument's time stamp, header]
# bad_flag = -9.990e-29
*END*
[from data line 2603]
      1.738 -1.580e-10     6.3769     62.291     41.363  32.571353     5.1917      7.751   287.1462 7.8696e+01     3.6255      1.705      2.473    14.3733 0.0000e+00
      1.738 -1.738e-09     6.3693     62.283     41.380  32.583834     5.2137      7.751   287.1109 7.8038e+01     3.5925      1.705      2.472    14.3732 0.0000e+00
      1.738 -1.912e-08     6.3652     62.268     41.380  32.583835     5.2295      7.750   287.0263 7.7564e+01     3.5950      1.705      2.472    14.3711 0.0000e+00
      1.738 -2.103e-07     6.3684     62.232     41.365  32.571363     5.2401      7.749   286.9830 7.7202e+01     3.6223      1.704      2.472    14.3697 0.0000e+00
      1.738     -0.000     6.3671     62.188     41.350  32.559844     5.3002      7.749   286.8464 7.6707e+01     3.6483      1.705      2.473    14.3691 0.0000e+00
      1.738     -0.000     6.3665     62.182     41.364  32.571371     5.3992      7.749   286.7507 7.6236e+01     3.6018      1.705      2.472    14.3685 0.0000e+00
      1.738     -0.000     6.3659     62.209     41.379  32.583927     5.4469      7.749   286.8580 7.5957e+01     3.5053      1.705      2.472    14.3678 0.0000e+00
      1.738     -0.003     6.3627     62.230     41.380  32.584862     5.4444      7.749   287.0253 7.5890e+01     3.4035      1.705      2.473    14.3674 0.0000e+00
      1.738     -0.034     6.3546     62.230     41.377  32.582670     5.3938      7.749   287.1389 7.5865e+01     3.3958      1.705      2.472    14.3677 0.0000e+00
      1.738     -0.373     6.3548     62.218     41.345  32.557424     5.3009      7.749   287.1996 7.5842e+01     3.4799      1.705      2.473    14.3682 0.0000e+00
      1.738     -4.098     6.3594     62.210     41.315  32.533227     5.2448      7.749   287.1563 7.5919e+01     3.4644      1.705      2.472    14.3688 0.0000e+00
      1.738     -4.098     6.3619     62.204     41.329  32.543717     5.2230      7.749   287.0463 7.6047e+01     3.3792      1.704      2.471    14.3691 0.0000e+00
      1.738     -0.373     6.3615     62.204     41.347  32.557443     5.2124      7.749   286.9877 7.6223e+01     3.3713      1.704      2.472    14.3694 0.0000e+00
      1.738     -0.034     6.3592     62.201     41.366  32.572391     5.2253      7.749   287.1357 7.6401e+01     3.4376      1.704      2.472    14.3693 0.0000e+00
      1.738     -0.003     6.3594     62.194     41.398  32.597637     5.2368      7.748   287.3733 7.6620e+01     3.4980      1.705      2.472    14.3682 0.0000e+00
      1.738     -0.000     6.3579     62.198     41.413  32.609078     5.2354      7.748   287.3649 7.6831e+01     3.4867      1.704      2.471    14.3671 0.0000e+00
      1.738     -0.000     6.3589     62.209     41.381  32.583928     5.2084      7.749   287.2072 7.6918e+01     3.4722      1.704      2.471    14.3668 0.0000e+00
      1.738     -0.000     6.3588     62.223     41.335  32.547153     5.1510      7.751   287.1002 7.6918e+01     3.5271      1.705      2.472    14.3672 0.0000e+00
      1.738 -2.103e-07     6.3566     62.234     41.332  32.544858     5.1167      7.751   287.1040 7.6942e+01     3.5353      1.704      2.472    14.3675 0.0000e+00
      1.738 -1.911e-08     6.3579     62.246     41.347  32.556178     5.1183      7.750   287.3392 7.6907e+01     3.4690      1.704      2.472    14.3676 0.0000e+00
      1.738 -1.737e-09     6.3587     62.270     41.348  32.557207     5.1194      7.749   287.5347 7.6707e+01     3.4427      1.705      2.472    14.3674 0.0000e+00
      1.738 -1.580e-10     6.3609     62.297     41.347  32.557311     5.1295      7.749   287.4897 7.6577e+01     3.5248      1.704      2.472    14.3669 0.0000e+00
      1.738 -1.436e-11     6.3619     62.313     41.347  32.557433     5.1659      7.749   287.4828 7.6397e+01     3.6767      1.704      2.472    14.3665 0.0000e+00
      1.738 -1.306e-12     6.3622     62.310     41.349  32.558681     5.1937      7.750   287.4510 7.6142e+01     3.7413      1.705      2.472    14.3664 0.0000e+00
      1.738 -1.187e-13     6.3654     62.304     41.366  32.572400     5.1908      7.750   287.3637 7.5943e+01     3.6918      1.704      2.472    14.3667 0.0000e+00
      1.738 -1.079e-14     6.3684     62.307     41.397  32.596505     5.1814      7.749   287.4602 7.5607e+01     3.6238      1.705      2.473    14.3670 0.0000e+00
      1.738 -9.810e-16     6.3706     62.303     41.397  32.596515     5.1798      7.748   287.6715 7.5134e+01     3.6032      1.705      2.472    14.3671 0.0000e+00
      1.738 -8.915e-17     6.3698     62.297     41.367  32.572526     5.1803      7.747   287.7672 7.4613e+01     3.6464      1.705      2.473    14.3670 0.0000e+00
      1.738 -8.105e-18     6.3676     62.301     41.351  32.560064     5.1864      7.748   287.6709 7.4322e+01     3.6682      1.705      2.472    14.3671 0.0000e+00
      1.738 -7.370e-19     6.3701     62.314     41.367  32.572641     5.1877      7.750   287.5401 7.4047e+01     3.5941      1.704      2.472    14.3669 0.0000e+00
      1.738 -6.700e-20     6.3689     62.329     41.399  32.597783     5.1794      7.750   287.4765 7.3457e+01     3.5013      1.704      2.472    14.3668 0.0000e+00
      1.738 -6.090e-21     6.3674     62.327     41.416  32.610453     5.1775      7.749   287.4170 7.2925e+01     3.4687      1.704      2.472    14.3670 0.0000e+00
      1.738 -5.535e-22     6.3687     62.315     41.401  32.599020     5.1815      7.749   287.4236 7.2472e+01     3.4729      1.705      2.472    14.3668 0.0000e+00
      1.738 -5.035e-23     6.3693     62.309     41.385  32.586358     5.2108      7.749   287.4702 7.2027e+01     3.4845      1.704      2.472    14.3662 0.0000e+00
      1.738 -4.576e-24     6.3730     62.301     41.381  32.584167     5.2566      7.749   287.4641 7.1647e+01     3.4718      1.705      2.472    14.3658 0.0000e+00
      1.738 -4.160e-25     6.3715     62.281     41.366  32.572526     5.2779      7.749   287.5224 7.1271e+01     3.4566      1.704      2.472    14.3660 0.0000e+00
      1.739 -3.782e-26     6.3696     62.251     41.366  32.572411     5.2846      7.749   287.6586 7.0828e+01     3.4719      1.705      2.473    14.3662 0.0000e+00
      1.739 -3.438e-27     6.3697     62.231     41.379  32.582785     5.2795      7.749   287.5614 7.0357e+01     3.4854      1.705      2.473    14.3663 0.0000e+00
      1.739 -3.126e-28     6.3689     62.231     41.364  32.571153     5.2583      7.749   287.2937 6.9999e+01     3.4483      1.705      2.473    14.3668 0.0000e+00
      1.738 -2.841e-29     6.3670     62.227     41.348  32.558568     5.2457      7.749   287.2614 6.9675e+01     3.3991      1.705      2.472    14.3675 0.0000e+00
      1.738 -2.583e-30     6.3628     62.200     41.347  32.557425     5.2431      7.749   287.3430 6.9331e+01     3.4380      1.705      2.472    14.3680 0.0000e+00
      1.738 -2.348e-31     6.3597     62.138     41.347  32.557330     5.2431      7.750   287.4199 6.8992e+01     3.4739      1.705      2.472    14.3683 0.0000e+00
      1.738 -2.135e-32     6.3619     62.053     41.347  32.557424     5.2708      7.750   287.5026 6.8686e+01     3.3892      1.705      2.473    14.3681 0.0000e+00
      1.738 -1.940e-33     6.3614     61.979     41.349  32.558567     5.3201      7.749   287.3964 6.8420e+01     3.3025      1.704      2.472    14.3675 0.0000e+00
      1.738 -1.764e-34     6.3596     61.928     41.365  32.571143     5.3393      7.749   287.1688 6.8135e+01     3.3138      1.704      2.472    14.3671 0.0000e+00
      1.738 -1.604e-35     6.3535     61.916     41.380  32.582671     5.3367      7.750   287.0740 6.7864e+01     3.3885      1.705      2.472    14.3669 0.0000e+00
      1.738 -1.458e-36     6.3416     61.940     41.365  32.571143     5.3557      7.751   287.1101 6.7527e+01     3.5228      1.704      2.472    14.3669 0.0000e+00
      1.738 -1.326e-37     6.3359     61.989     41.350  32.558568     5.3854      7.750   287.1755 6.7123e+01     3.6397      1.704      2.472    14.3666 0.0000e+00
      1.738 -1.205e-38     6.3285     62.049     41.349  32.557426     5.3966      7.749   287.2625 6.6765e+01     3.6745      1.704      2.471    14.3664 0.0000e+00
      1.738 -1.096e-39     6.3278     62.099     41.349  32.557332     5.3913      7.748   287.3012 6.6537e+01     3.7042      1.704      2.472    14.3664 0.0000e+00
      1.738 -9.960e-41     6.3314     62.151     41.350  32.557436     5.3546      7.748   287.2129 6.6376e+01     3.7254      1.705      2.473    14.3664 0.0000e+00
      1.738 -9.055e-42     6.3355     62.197     41.352  32.558683     5.2937      7.748   287.1421 6.6154e+01     3.6924      1.704      2.472    14.3662 0.0000e+00
      1.739 -8.230e-43     6.3446     62.208     41.369  32.572411     5.2543      7.749   287.2200 6.5913e+01     3.6473      1.705      2.473    14.3659 0.0000e+00
      1.739 -7.480e-44     6.3472     62.183     41.400  32.596619     5.2364      7.749   287.2943 6.5543e+01     3.6582      1.705      2.473    14.3654 0.0000e+00
      1.739 -6.800e-45     6.3536     62.143     41.402  32.597772     5.2435      7.749   287.2661 6.5045e+01     3.7212      1.705      2.472    14.3648 0.0000e+00
      1.739 -6.185e-46     6.3598     62.118     41.388  32.586349     5.2736      7.749   287.3091 6.4651e+01     3.7607      1.705      2.473    14.3645 0.0000e+00
      1.739 -5.620e-47     6.3608     62.113     41.387  32.585302     5.2923      7.749   287.4686 6.4431e+01     3.7248      1.704      2.472    14.3644 0.0000e+00
      1.739 -5.114e-48     6.3576     62.108     41.387  32.585112     5.2944      7.749   287.4751 6.4141e+01     3.6634      1.705      2.472    14.3643 0.0000e+00
      1.738 -5.094e-49     6.3520     62.106     41.385  32.584055     5.2825      7.749   287.3008 6.3858e+01     3.6672      1.705      2.473    14.3638 0.0000e+00
      1.738 -5.358e-49     6.3490     62.127     41.369  32.572527     5.2650      7.748   287.2546 6.3724e+01     3.7023      1.705      2.472    14.3636 0.0000e+00
      1.738 -5.433e-48     6.3502     62.142     41.369  32.572536     5.2584      7.748   287.3469 6.3438e+01     3.6784      1.705      2.472    14.3636 0.0000e+00
      1.738 -5.972e-47     6.3499     62.151     41.384  32.584158     5.2519      7.749   287.5554 6.3181e+01     3.6517      1.705      2.473    14.3635 0.0000e+00
      1.738 -6.569e-46     6.3467     62.162     41.386  32.586245     5.2367      7.749   287.7974 6.3092e+01     3.6526      1.704      2.472    14.3635 0.0000e+00
      1.738 -7.226e-45     6.3521     62.149     41.401  32.597773     5.2159      7.749   287.7770 6.2929e+01     3.6543      1.705      2.472    14.3641 0.0000e+00
      1.738 -7.949e-44     6.3532     62.134     41.399  32.596733     5.2005      7.749   287.6534 6.2787e+01     3.7064      1.705      2.472    14.3644 0.0000e+00
      1.738 -8.744e-43     6.3521     62.148     41.369  32.573670     5.1920      7.749   287.5939 6.2710e+01     3.7365      1.704      2.472    14.3647 0.0000e+00
      1.738 -9.618e-42     6.3566     62.164     41.368  32.572528     5.1884      7.749   287.6595 6.2750e+01     3.7108      1.704      2.472    14.3650 0.0000e+00
      1.739 -1.058e-40     6.3538     62.167     41.382  32.582920     5.1978      7.749   287.8445 6.2922e+01     3.7031      1.705      2.473    14.3648 0.0000e+00
      1.739 -1.164e-39     6.3494     62.173     41.369  32.572516     5.2233      7.749   287.9379 6.3083e+01     3.7112      1.705      2.473    14.3649 0.0000e+00
      1.739 -1.280e-38     6.3536     62.181     41.370  32.573546     5.2464      7.749   287.9285 6.3294e+01     3.7409      1.705      2.472    14.3651 0.0000e+00
      1.739 -1.408e-37     6.3558     62.194     41.397  32.595371     5.2434      7.749   287.9024 6.3579e+01     3.7205      1.705      2.473    14.3653 0.0000e+00
      1.739 -1.549e-36     6.3545     62.210     41.381  32.582795     5.2703      7.750   287.8809 6.3871e+01     3.6013      1.705      2.473    14.3652 0.0000e+00
      1.739 -1.704e-35     6.3558     62.213     41.336  32.548298     5.3469      7.750   287.8408 6.4281e+01     3.4955      1.705      2.473    14.3650 0.0000e+00
      1.738 -1.874e-34     6.3566     62.214     41.347  32.558681     5.3959      7.750   287.7613 6.4702e+01     3.4658      1.705      2.472    14.3652 0.0000e+00
      1.738 -2.062e-33     6.3569     62.218     41.374  32.581538     5.4048      7.750   287.6942 6.4870e+01     3.4812      1.705      2.472    14.3657 0.0000e+00
      1.738 -2.268e-32     6.3607     62.211     41.359  32.571050     5.4047      7.750   287.7172 6.5031e+01     3.5451      1.705      2.472    14.3662 0.0000e+00
      1.738 -2.495e-31     6.3595     62.195     41.344  32.558682     5.4031      7.749   287.7821 6.5469e+01     3.6231      1.704      2.472    14.3666 0.0000e+00
      1.738 -2.744e-30     6.3588     62.167     41.345  32.558796     5.4024      7.749   287.8762 6.5909e+01     3.6739      1.704      2.472    14.3681 0.0000e+00
      1.739 -3.019e-29     6.3610     62.149     41.364  32.572421     5.4046      7.749   287.8232 6.6114e+01     3.7145      1.705      2.473    14.3707 0.0000e+00
      1.739 -3.320e-28     6.3578     62.145     41.396  32.596619     5.3793      7.749   287.5702 6.6324e+01     3.6710      1.705      2.473    14.3726 0.0000e+00
      1.738 -3.652e-27     6.3584     62.118     41.398  32.597762     5.3213      7.750   287.4857 6.6650e+01     3.5566      1.705      2.472    14.3724 0.0000e+00
      1.738 -4.018e-26     6.3536     62.082     41.383  32.586244     5.2853      7.751   287.5747 6.6989e+01     3.4928      1.704      2.472    14.3709 0.0000e+00
      1.739 -4.419e-25     6.3511     62.066     41.380  32.584156     5.2855      7.751   287.6140 6.7215e+01     3.4794      1.705      2.473    14.3693 0.0000e+00
      1.739 -4.861e-24     6.3544     62.060     41.365  32.572526     5.2910      7.750   287.6169 6.7333e+01     3.4631      1.705      2.473    14.3685 0.0000e+00
      1.739 -5.347e-23     6.3501     62.066     41.363  32.572422     5.2772      7.749   287.6104 6.7483e+01     3.4670      1.705      2.473    14.3681 0.0000e+00
      1.739 -5.882e-22     6.3445     62.081     41.374  32.582901     5.2511      7.750   287.5353 6.7537e+01     3.4929      1.705      2.472    14.3677 0.0000e+00
      1.739 -6.470e-21     6.3445     62.087     41.360  32.572421     5.2332      7.750   287.4832 6.7520e+01     3.4693      1.705      2.473    14.3678 0.0000e+00
      1.738 -7.118e-20     6.3434     62.101     41.360  32.572526     5.2272      7.750   287.4105 6.7514e+01     3.4546      1.705      2.472    14.3680 0.0000e+00
      1.738 -7.829e-19     6.3427     62.116     41.375  32.584157     5.2374      7.750   287.2585 6.7398e+01     3.5540      1.705      2.472    14.3699 0.0000e+00
      1.739 -8.612e-18     6.3470     62.113     41.377  32.586253     5.2563      7.750   287.2804 6.7245e+01     3.6809      1.705      2.473    14.3727 0.0000e+00
      1.739 -9.473e-17     6.3447     62.112     41.392  32.597865     5.2641      7.749   287.5034 6.7093e+01     3.6899      1.705      2.473    14.3740 0.0000e+00
      1.739 -1.042e-15     6.3467     62.125     41.392  32.597750     5.2654      7.749   287.6309 6.6888e+01     3.6299      1.705      2.473    14.3741 0.0000e+00
      1.738 -1.146e-14     6.3504     62.142     41.375  32.584872     5.2794      7.750   287.5319 6.6712e+01     3.6375      1.705      2.472    14.3735 0.0000e+00
      1.738 -1.261e-13     6.3477     62.151     41.355  32.568962     5.3012      7.750   287.4247 6.6518e+01     3.6796      1.705      2.472    14.3731 0.0000e+00
      1.739 -1.387e-12     6.3480     62.149     41.309  32.532187     5.3043      7.749   287.4533 6.6251e+01     3.6608      1.705      2.473    14.3731 0.0000e+00
