Data/DataNotYetUploadedToEDI/Raw_CTD/RawDownloads/101122_bvr50_S7809001.cnv
* Sea-Bird SBE19plus  Data File:
* FileName = C:\R\Reservoirs\Data\DataNotYetUploadedToEDI\Raw_CTD\RawDownloads\101122_bvr50_S7809_0001.hex
* Software version 2.8.0.119
* Temperature SN = 7809
* Conductivity SN = 7809
* System UpLoad Time = Oct 12 2022 10:47:37
* <ApplicationData>
* <Seaterm232>
# nquan = 15
# nvalues = 1763                        
# units = specified
# name 0 = depFM: Depth [fresh water, m]
# name 1 = dz/dtM: Descent Rate [m/s]
# name 2 = sbeox0Mg/L: Oxygen, SBE 43 [mg/l]
# name 3 = sbeox0PS: Oxygen, SBE 43 [% saturation]
# name 4 = specc: Specific Conductance [uS/cm]
# name 5 = c0uS/cm: Conductivity [uS/cm]
# name 6 = flECO-AFL: Fluorescence, WET Labs ECO-AFL/FL [mg/m^3]
# name 7 = ph: pH
# name 8 = orp: Oxidation Reduction Potential [mV]
# name 9 = par/sat/log: PAR/Logarithmic, Satlantic
# name 10 = turbWETntu0: Turbidity, WET Labs ECO [NTU]
# name 11 = prdM: Pressure, Strain Gauge [db]
# name 12 = prdE: Pressure, Strain Gauge [psi]
# name 13 = tv290C: Temperature [ITS-90, deg C]
# name 14 = flag:  0.000e+00
# span 0 =     -0.641,      7.405       
# span 1 =     -0.323,      0.173       
# span 2 =     0.0443,     7.1422       
# span 3 =      0.422,     71.081       
# span 4 =      3.490,    253.593       
# span 5 =   2.750557, 180.531703       
# span 6 =    -1.2396,     4.8447       
# span 7 =      5.587,      7.918       
# span 8 = -1240.7455,   257.3590       
# span 9 = 1.2366e-01, 1.7776e+03       
# span 10 =    -7.7150,   931.6395      
# span 11 =     -0.629,      7.262      
# span 12 =     -0.912,     10.533      
# span 13 =    10.5628,    17.1309      
# span 14 = 0.0000e+00, 0.0000e+00      
# interval = seconds: 0.25
# start_time = Oct 11 2022 08:06:48 [Instrument's time stamp, header]
# bad_flag = -9.990e-29
*END*
[from data line 1446]
      7.055     -0.245     0.0513      0.434    202.638 147.263882     2.6905      7.731   -82.5817 1.2381e-01     6.0637      6.910     10.023    11.0678 0.0000e+00
      7.016     -0.228     0.0504      0.451    202.184 147.068967     2.6695      7.732   -82.4613 1.2388e-01     6.2179      6.883      9.983    11.2051 0.0000e+00
      6.972     -0.206     0.0477      0.463    202.074 147.095434     2.6592      7.734   -82.4790 1.2382e-01     6.3291      6.845      9.927    11.2807 0.0000e+00
      6.916     -0.196     0.0443      0.486    200.664 146.117449     2.6574      7.734   -82.7093 1.2375e-01     6.3149      6.782      9.838    11.3042 0.0000e+00
      6.858     -0.201     0.0475      0.521    197.812 144.106777     2.6562      7.733   -83.0091 1.2381e-01     6.2513      6.719      9.745    11.3309 0.0000e+00
      6.811     -0.212     0.0501      0.554    194.825 142.102934     2.6530      7.732   -83.1779 1.2390e-01     6.1741      6.676      9.683    11.3698 0.0000e+00
      6.767     -0.217     0.0493      0.569    193.071 141.078468     2.6518      7.731   -83.4600 1.2390e-01     6.1335      6.643      9.635    11.4020 0.0000e+00
      6.712     -0.211     0.0531      0.578    193.545 141.664836     2.6500      7.731   -84.0111 1.2384e-01     6.1029      6.588      9.555    11.4055 0.0000e+00
      6.644     -0.198     0.0565      0.589    194.782 142.690854     2.6484      7.733   -84.4211 1.2380e-01     6.0432      6.515      9.449    11.4080 0.0000e+00
      6.577     -0.185     0.0618      0.589    195.085 142.902157     2.6664      7.735   -84.6307 1.2380e-01     6.0606      6.443      9.345    11.4597 0.0000e+00
      6.528     -0.176     0.0621      0.577    194.867 142.689773     2.6999      7.736   -84.8247 1.2375e-01     6.1428      6.391      9.270    11.5329 0.0000e+00
      6.504     -0.172     0.0622      0.563    194.189 142.162888     2.7204      7.735   -84.8742 1.2375e-01     6.1483      6.375      9.247    11.6069 0.0000e+00
      6.486     -0.175     0.0648      0.566    193.099 141.376380     2.7226      7.733   -84.9714 1.2379e-01     6.0923      6.369      9.239    11.6411 0.0000e+00
      6.449     -0.184     0.0643      0.575    192.713 141.148506     2.7106      7.731   -85.2255 1.2377e-01     6.1154      6.333      9.186    11.6242 0.0000e+00
      6.388     -0.196     0.0635      0.573    193.126 141.511416     2.6831      7.729   -85.3654 1.2377e-01     6.2229      6.266      9.089    11.6066 0.0000e+00
      6.318     -0.208     0.0599      0.577    193.333 141.684686     2.6565      7.727   -85.3717 1.2384e-01     6.2981      6.195      8.985    11.5982 0.0000e+00
      6.252     -0.214     0.0611      0.591    193.033 141.458658     2.6392      7.725   -85.3880 1.2384e-01     6.3080      6.126      8.885    11.5989 0.0000e+00
      6.198     -0.211     0.0638      0.592    192.415 141.009626     2.6159      7.724   -85.4760 1.2379e-01     6.3415      6.071      8.806    11.6176 0.0000e+00
      6.158     -0.200     0.0617      0.586    191.885 140.653851     2.5908      7.723   -85.4890 1.2379e-01     6.4647      6.041      8.762    11.6399 0.0000e+00
      6.114     -0.183     0.0617      0.574    191.916 140.726701     2.5848      7.722   -85.2881 1.2378e-01     6.5675      6.001      8.704    11.6429 0.0000e+00
      6.062     -0.165     0.0654      0.550    192.236 140.998117     2.5857      7.723   -85.1986 1.2381e-01     6.5943      5.944      8.622    11.6365 0.0000e+00
      6.011     -0.153     0.0647      0.539    192.217 141.003369     2.5772      7.723   -85.5244 1.2385e-01     6.6184      5.891      8.543    11.6364 0.0000e+00
      5.971     -0.147     0.0632      0.555    191.646 140.598975     2.5724      7.722   -85.8724 1.2381e-01     6.6199      5.848      8.481    11.6448 0.0000e+00
      5.947     -0.145     0.0637      0.583    190.721 139.933249     2.5784      7.721   -85.7061 1.2378e-01     6.6115      5.830      8.456    11.6634 0.0000e+00
      5.927     -0.148     0.0587      0.592    189.504 139.073334     2.5822      7.721   -85.4067 1.2377e-01     6.6205      5.818      8.440    11.6725 0.0000e+00
      5.893     -0.157     0.0572      0.576    188.603 138.487907     2.5686      7.720   -85.4359 1.2378e-01     6.6602      5.784      8.391    11.6746 0.0000e+00
      5.846     -0.167     0.0596      0.564    188.880 138.782602     2.5472      7.717   -85.3708 1.2438e-01     6.7833      5.735      8.317    11.6806 0.0000e+00
      5.791     -0.175     0.0640      0.566    189.469 139.258493     2.5398      7.715   -85.1357 1.3138e-01     6.8789      5.679      8.237    11.6808 0.0000e+00
      5.735     -0.172     0.0661      0.571    189.230 139.079192     2.5462      7.715   -84.9155 1.4614e-01     6.8946      5.621      8.153    11.6857 0.0000e+00
      5.686     -0.155     0.0616      0.571    188.991 138.909273     2.5660      7.716   -84.4300 1.5752e-01     6.9396      5.571      8.081    11.7083 0.0000e+00
      5.648     -0.129     0.0601      0.562    189.267 139.116166     2.5874      7.716   -83.9977 1.7283e-01     7.0130      5.536      8.030    11.7416 0.0000e+00
      5.619     -0.100     0.0616      0.558    189.627 139.349899     2.5889      7.717   -84.0769 1.8904e-01     7.0298      5.506      7.986    11.7544 0.0000e+00
      5.600     -0.078     0.0618      0.565    189.651 139.313202     2.5921      7.717   -84.4411 1.8681e-01     6.9728      5.488      7.960    11.7411 0.0000e+00
      5.590     -0.069     0.0627      0.565    188.331 138.289901     2.6014      7.716   -84.8735 1.8683e-01     6.8702      5.481      7.949    11.7474 0.0000e+00
      5.585     -0.074     0.0606      0.553    186.269 136.792464     2.5936      7.715   -85.2609 1.9925e-01     6.7789      5.477      7.943    11.7547 0.0000e+00
      5.578     -0.088     0.0594      0.531    185.629 136.440222     2.5891      7.714   -85.5120 2.1405e-01     6.7578      5.477      7.944    11.7401 0.0000e+00
      5.556     -0.104     0.0622      0.515    186.868 137.472634     2.5966      7.714   -85.5865 2.3968e-01     6.7514      5.457      7.914    11.7289 0.0000e+00
      5.515     -0.116     0.0612      0.518    188.149 138.440924     2.6021      7.714   -85.4721 2.7488e-01     6.7016      5.411      7.848    11.7044 0.0000e+00
      5.467     -0.123     0.0608      0.538    188.503 138.651562     2.6051      7.713   -85.2486 3.0569e-01     6.6337      5.358      7.772    11.7016 0.0000e+00
      5.427     -0.124     0.0574      0.558    188.881 138.872184     2.6081      7.713   -84.9481 3.2159e-01     6.5791      5.314      7.706    11.7483 0.0000e+00
      5.403     -0.119     0.0545      0.564    189.472 139.260000     2.6051      7.712   -84.5923 3.3648e-01     6.5876      5.297      7.683    11.7931 0.0000e+00
      5.384     -0.110     0.0557      0.570    189.714 139.388831     2.5687      7.710   -84.4749 3.6640e-01     7.0104      5.285      7.665    11.7957 0.0000e+00
      5.359     -0.103     0.0577      0.585    189.620 139.282529     2.5087      7.709   -84.8190 3.9319e-01     7.7972      5.256      7.624    11.7728 0.0000e+00
      5.332     -0.095     0.0617      0.586    188.976 138.803274     2.4798      7.708   -85.2253 4.1509e-01     8.2438      5.229      7.585    11.7574 0.0000e+00
      5.304     -0.085     0.0610      0.575    187.220 137.545839     2.4850      7.707   -85.4289 4.4934e-01     8.3793      5.203      7.546    11.7483 0.0000e+00
      5.273     -0.070     0.0606      0.572    184.896 135.933555     2.5134      7.706   -85.8179 4.7718e-01     9.2309      5.169      7.498    11.7332 0.0000e+00
      5.250     -0.053     0.0644      0.570    182.607 134.413687     2.5566      7.705   -86.2299 4.7925e-01    10.7858      5.139      7.454    11.7195 0.0000e+00
      5.247     -0.041     0.0644      0.561    181.263 133.635063     2.5836      7.702   -86.4514 4.7376e-01    11.6709      5.140      7.454    11.7204 0.0000e+00
      5.254     -0.036     0.0613      0.546    182.065 134.421079     2.5901      7.700   -86.8624 4.7301e-01    11.7349      5.158      7.480    11.7239 0.0000e+00
      5.254     -0.042     0.0621      0.528    183.890 135.824790     2.5843      7.699   -87.3274 4.7716e-01    11.5935      5.155      7.476    11.7499 0.0000e+00
      5.245     -0.061     0.0620      0.527    185.130 136.651594     2.5557      7.697   -87.6856 4.8659e-01    10.5766      5.145      7.463    11.7975 0.0000e+00
      5.229     -0.086     0.0604      0.547    185.808 137.025334     2.5100      7.696   -87.9233 5.0649e-01     8.7988      5.135      7.448    11.8566 0.0000e+00
      5.200     -0.106     0.0598      0.566    186.377 137.348168     2.4817      7.696   -87.8785 5.4847e-01     7.8615      5.103      7.401    11.9301 0.0000e+00
      5.160     -0.113     0.0560      0.576    186.668 137.495699     2.4709      7.697   -87.7462 6.0734e-01     7.8172      5.060      7.339    11.9461 0.0000e+00
      5.117     -0.106     0.0554      0.583    186.171 137.088288     2.4800      7.697   -87.8732 6.6634e-01     8.5715      5.015      7.275    11.9046 0.0000e+00
      5.081     -0.086     0.0598      0.600    185.717 136.755829     2.5174      7.697   -88.1228 6.9821e-01    10.0133      4.976      7.217    11.8658 0.0000e+00
      5.060     -0.056     0.0613      0.624    185.981 136.981114     2.5479      7.698   -88.0976 6.9379e-01    10.8002      4.957      7.190    11.8409 0.0000e+00
      5.055     -0.025     0.0628      0.634    185.649 136.753178     2.5575      7.700   -87.9119 6.7702e-01    10.8434      4.955      7.186    11.8256 0.0000e+00
      5.059      0.000     0.0625      0.629    184.321 135.784421     2.5749      7.701   -87.9423 6.6102e-01    10.0917      4.957      7.190    11.8098 0.0000e+00
      5.072      0.012     0.0641      0.624    183.036 134.891008     2.6001      7.701   -88.3797 6.4069e-01     8.6121      4.972      7.213    11.8109 0.0000e+00
      5.087      0.007     0.0687      0.612    182.603 134.681603     2.6041      7.701   -89.2420 6.2818e-01     7.7795      4.993      7.243    11.8276 0.0000e+00
      5.094     -0.014     0.0693      0.583    182.782 134.909573     2.5910      7.702   -90.0225 6.3453e-01     7.7109      4.996      7.248    11.8299 0.0000e+00
      5.093     -0.047     0.0675      0.556    183.004 135.098513     2.5413      7.702   -90.0739 6.4910e-01     7.7822      4.997      7.247    11.8262 0.0000e+00
      5.080     -0.086     0.0678      0.546    182.881 134.990609     2.4607      7.701   -89.6056 6.8436e-01     7.9237      4.992      7.240    11.8369 0.0000e+00
      5.048     -0.122     0.0674      0.546    181.366 133.859757     2.4149      7.701   -89.3500 7.5175e-01     7.9862      4.955      7.187    11.8770 0.0000e+00
      5.002     -0.148     0.0625      0.543    179.842 132.767705     2.4036      7.700   -89.5649 8.3731e-01     8.0603      4.903      7.113    11.9124 0.0000e+00
      4.953     -0.156     0.0594      0.540    180.320 133.192672     2.4242      7.700   -90.0527 9.3468e-01     8.9568      4.858      7.045    11.9108 0.0000e+00
      4.903     -0.143     0.0583      0.546    181.047 133.773332     2.4816      7.701   -90.5158 1.0387e+00    10.5584      4.809      6.975    11.9044 0.0000e+00
      4.853     -0.113     0.0594      0.558    180.902 133.671598     2.5233      7.703   -90.7762 1.1269e+00    11.4392      4.753      6.894    11.8953 0.0000e+00
      4.819     -0.077     0.0587      0.575    180.566 133.428207     2.5367      7.703   -90.9643 1.1494e+00    11.5791      4.712      6.834    11.9019 0.0000e+00
      4.814     -0.042     0.0577      0.587    179.276 132.487265     2.5935      7.704   -91.0689 1.1055e+00    11.8058      4.714      6.837    11.9355 0.0000e+00
      4.828     -0.014     0.0588      0.585    177.314 131.087489     2.6856      7.704   -90.9225 1.0695e+00    12.1307      4.739      6.873    11.9473 0.0000e+00
      4.839      0.001     0.0599      0.580    176.472 130.584784     2.7184      7.705   -90.6574 1.0686e+00    12.2957      4.749      6.888    11.9402 0.0000e+00
      4.841     -0.003     0.0620      0.589    175.152 129.722651     2.7072      7.705   -90.5303 1.0668e+00    12.2983      4.747      6.885    11.9453 0.0000e+00
      4.842     -0.026     0.0641      0.584    170.921 126.651756     2.6834      7.704   -90.7627 1.0482e+00    12.4349      4.749      6.886    11.9457 0.0000e+00
      4.839     -0.058     0.0637      0.568    167.342 124.094622     2.6387      7.703   -91.1447 1.0489e+00    12.7522      4.752      6.891    11.9500 0.0000e+00
      4.824     -0.087     0.0608      0.566    167.916 124.665934     2.6078      7.703   -91.1912 1.1154e+00    12.9236      4.739      6.872    11.9962 0.0000e+00
      4.793     -0.106     0.0646      0.584    169.831 126.171945     2.6095      7.703   -91.1522 1.2370e+00    12.9364      4.703      6.822    12.0407 0.0000e+00
      4.750     -0.113     0.0636      0.612    171.326 127.272454     2.7262      7.705   -91.2763 1.3611e+00    13.2139      4.660      6.758    12.0413 0.0000e+00
      4.704     -0.107     0.0599      0.628    172.601 128.162253     2.9370      7.707   -91.4867 1.4626e+00    13.7512      4.610      6.687    12.0630 0.0000e+00
      4.668     -0.090     0.0606      0.660    173.084 128.457991     3.0444      7.710   -91.8027 1.5136e+00    14.0360      4.568      6.626    12.1297 0.0000e+00
      4.653     -0.068     0.0613      0.700    173.349 128.618590     3.0666      7.712   -92.1726 1.5068e+00    14.0611      4.558      6.609    12.1553 0.0000e+00
      4.651     -0.050     0.0677      0.712    172.970 128.320288     3.1216      7.712   -92.7752 1.4971e+00    14.2596      4.565      6.620    12.1427 0.0000e+00
      4.650     -0.042     0.0659      0.715    171.652 127.335588     3.1940      7.712   -93.5812 1.4891e+00    14.6254      4.560      6.615    12.1265 0.0000e+00
      4.647     -0.047     0.0697      0.720    170.609 126.586556     3.2349      7.712   -94.1746 1.4842e+00    14.7946      4.557      6.609    12.1000 0.0000e+00
      4.640     -0.064     0.0780      0.722    169.351 125.697701     3.2326      7.712   -94.4438 1.5393e+00    14.8022      4.557      6.610    12.0937 0.0000e+00
      4.620     -0.091     0.0759      0.720    166.023 123.276602     3.0925      7.712   -94.2551 1.6520e+00    14.6146      4.535      6.578    12.0914 0.0000e+00
      4.589     -0.122     0.0769      0.702    162.076 120.432136     2.8306      7.712   -93.5275 1.7591e+00    14.1661      4.498      6.524    12.0830 0.0000e+00
      4.556     -0.154     0.0777      0.666    159.979 119.008696     2.6877      7.712   -93.1319 1.8682e+00    13.8881      4.469      6.482    12.0933 0.0000e+00
      4.517     -0.176     0.0776      0.646    158.230 117.847302     2.6709      7.713   -94.1184 2.0478e+00    13.8841      4.436      6.434    12.1108 0.0000e+00
      4.464     -0.176     0.0779      0.656    156.107 116.386369     2.6696      7.717   -95.7333 2.3178e+00    13.9122      4.384      6.358    12.1192 0.0000e+00
      4.398     -0.155     0.0768      0.675    154.596 115.352152     2.7304      7.721   -95.7074 2.6500e+00    13.8178      4.314      6.257    12.1416 0.0000e+00
      4.335     -0.122     0.0707      0.713    153.812 114.828957     2.8476      7.725   -93.5466 2.8926e+00    13.6655      4.237      6.146    12.1936 0.0000e+00
      4.301     -0.082     0.0670      0.774    153.337 114.516914     2.9134      7.727   -91.2888 2.9007e+00    13.6085      4.201      6.092    12.2392 0.0000e+00
      4.305     -0.042     0.0710      0.852    151.406 113.107177     2.9354      7.728   -90.4349 2.7715e+00    13.6065      4.217      6.116    12.2777 0.0000e+00
      4.325     -0.008     0.0709      0.929    147.784 110.451414     3.0797      7.729   -90.4494 2.6789e+00    13.6756      4.246      6.159    12.3097 0.0000e+00
