Data/DataNotYetUploadedToEDI/Raw_CTD/RawDownloads/101122_fcr50_S8188002.cnv
* Sea-Bird SBE19plus  Data File:
* FileName = C:\R\Reservoirs\Data\DataNotYetUploadedToEDI\Raw_CTD\RawDownloads\101122_bvr50_S8188_0002.hex
* Software version 2.8.0.119
* Temperature SN = 8188
* Conductivity SN = 8188
* System UpLoad Time = Oct 12 2022 11:43:19
* <ApplicationData>
* <Seaterm232>
# nquan = 16
# nvalues = 2602                        
# units = specified
# name 0 = depFM: Depth [fresh water, m]
# name 1 = dz/dtM: Descent Rate [m/s]
# name 2 = sbeox0Mg/L: Oxygen, SBE 43 [mg/l]
# name 3 = sbeox0PS: Oxygen, SBE 43 [% saturation]
# name 4 = specc: Specific Conductance [uS/cm]
# name 5 = c0uS/cm: Conductivity [uS/cm]
# name 6 = wetCDOM: Fluorescence, WET Labs CDOM [mg/m^3]
# name 7 = flECO-AFL: Fluorescence, WET Labs ECO-AFL/FL [mg/m^3]
# name 8 = flECO-AFL1: Fluorescence, WET Labs ECO-AFL/FL, 2 [mg/m^3]
# name 9 = flECO-AFL2: Fluorescence, WET Labs ECO-AFL/FL, 3 [mg/m^3]
# name 10 = par/sat/log: PAR/Logarithmic, Satlantic
# name 11 = turbWETntu0: Turbidity, WET Labs ECO [NTU]
# name 12 = prdM: Pressure, Strain Gauge [db]
# name 13 = prdE: Pressure, Strain Gauge [psi]
# name 14 = tv290C: Temperature [ITS-90, deg C]
# name 15 = flag:  0.000e+00
# span 0 =     -0.553,      9.639       
# span 1 =     -0.172,      0.106       
# span 2 =     5.7871,    18.8315       
# span 3 =     55.572,    179.813       
# span 4 =     -0.451,     48.689       
# span 5 =  -0.361711,  37.092669       
# span 6 =    -1.4400,    10.2600       
# span 7 =    -1.0501,    12.4961       
# span 8 =    -1.4910,     5.1972       
# span 9 =    -7.4025,     8.8407       
# span 10 = 1.1592e-01, 1.5140e+03      
# span 11 =    -3.8803,   293.4458      
# span 12 =     -0.542,      9.453      
# span 13 =     -0.787,     13.710      
# span 14 =    12.9335,    19.4307      
# span 15 = 0.0000e+00, 0.0000e+00      
# interval = seconds: 0.25
# start_time = Oct 11 2022 10:14:03 [Instrument's time stamp, header]
# bad_flag = -9.990e-29
*END*
[from data line 2351]
      2.495     -0.060    10.5429    100.318     44.628  33.887767     4.6800     3.1385     0.0852     1.3536 4.5934e+01     7.5276      2.447      3.549    12.9636 0.0000e+00
      2.482     -0.056    10.5258    100.159     44.624  33.885067     4.6800     3.1194     0.0852     1.3536 4.7436e+01     7.4975      2.434      3.530    12.9644 0.0000e+00
      2.467     -0.053    10.5107    100.019     44.625  33.886442     4.6800     3.1118     0.0852     1.3536 5.0951e+01     7.4374      2.419      3.509    12.9653 0.0000e+00
      2.452     -0.051    10.4943     99.866     44.626  33.888297     4.6800     3.3712     0.0852     1.3536 5.3924e+01     7.4374      2.404      3.487    12.9661 0.0000e+00
      2.438     -0.051    10.4756     99.691     44.624  33.887166     4.6800     3.3674     0.0852     1.3536 5.4030e+01     7.3773      2.390      3.467    12.9670 0.0000e+00
      2.427     -0.052    10.4556     99.505     44.622  33.886709     4.7700     3.3559     0.1278     1.3113 5.2354e+01     7.2720      2.379      3.451    12.9678 0.0000e+00
      2.417     -0.052    10.4353     99.315     44.627  33.890763     4.7700     3.3864     0.1278     1.3113 5.2354e+01     7.4524      2.370      3.438    12.9687 0.0000e+00
      2.409     -0.050    10.4150     99.124     44.633  33.896449     4.7700     3.1576     0.1278     1.3113 5.2377e+01     7.4073      2.362      3.426    12.9696 0.0000e+00
      2.400     -0.048    10.3951     98.939     44.638  33.901323     4.7700     3.1576     0.1278     1.3113 5.2456e+01     7.3923      2.353      3.413    12.9705 0.0000e+00
      2.390     -0.044    10.3761     98.762     44.644  33.906684     4.5900     3.1995     0.0852     1.3536 5.1811e+01     7.4674      2.343      3.398    12.9714 0.0000e+00
      2.378     -0.042    10.3568     98.582     44.647  33.910002     4.5900     3.1805     0.0852     1.3536 5.2149e+01     7.3923      2.331      3.381    12.9723 0.0000e+00
      2.362     -0.041    10.3361     98.389     44.644  33.908199     4.5900     3.5505     0.0852     1.3536 5.3469e+01     7.1518      2.316      3.360    12.9732 0.0000e+00
      2.344     -0.044    10.3142     98.183     44.638  33.904758     4.5900     3.5429     0.0852     1.3536 5.7432e+01     7.1969      2.298      3.333    12.9741 0.0000e+00
      2.323     -0.049    10.2922     97.978     44.634  33.902720     4.5000     3.5734     0.0852     1.4382 6.3139e+01     7.3171      2.277      3.303    12.9750 0.0000e+00
      2.302     -0.056    10.2722     97.791     44.632  33.901542     4.5000     3.5543     0.0852     1.4382 6.5132e+01     7.2119      2.257      3.273    12.9760 0.0000e+00
      2.283     -0.063    10.2556     97.638     44.630  33.900910     4.5000     3.1728     0.0852     1.4382 6.3690e+01     6.8211      2.238      3.246    12.9769 0.0000e+00
      2.266     -0.068    10.2428     97.520     44.634  33.904617     4.5000     3.1843     0.0852     1.4382 6.4414e+01     6.7009      2.222      3.223    12.9778 0.0000e+00
      2.250     -0.071    10.2327     97.428     44.644  33.913652     4.5900     3.1957     0.0852     1.3113 6.3718e+01     6.8211      2.207      3.201    12.9787 0.0000e+00
      2.235     -0.072    10.2231     97.341     44.650  33.918540     4.5900     3.1919     0.0852     1.3113 6.3718e+01     6.7159      2.192      3.179    12.9796 0.0000e+00
      2.218     -0.071    10.2117     97.237     44.646  33.916624     4.5900     3.4437     0.0852     1.3113 6.4162e+01     7.0316      2.176      3.155    12.9806 0.0000e+00
      2.200     -0.069    10.1979     97.109     44.638  33.911356     4.5900     3.4284     0.0852     1.3113 6.8380e+01     6.9865      2.158      3.129    12.9816 0.0000e+00
      2.180     -0.068    10.1824     96.965     44.629  33.905290     4.5900     3.4055     0.0852     1.3113 7.4574e+01     6.9865      2.138      3.101    12.9825 0.0000e+00
      2.160     -0.068    10.1664     96.817     44.627  33.904732     4.5000     3.3941     0.0852     1.3536 7.6014e+01     6.9564      2.119      3.073    12.9835 0.0000e+00
      2.143     -0.069    10.1523     96.687     44.632  33.909531     4.5000     3.2720     0.0852     1.3536 7.4509e+01     6.1899      2.102      3.048    12.9845 0.0000e+00
      2.128     -0.069    10.1417     96.590     44.636  33.913047     4.5000     3.2339     0.0852     1.3536 7.5045e+01     6.2801      2.087      3.027    12.9855 0.0000e+00
      2.114     -0.069    10.1354     96.534     44.634  33.912256     4.5000     3.2186     0.0852     1.3536 7.4202e+01     6.2801      2.073      3.007    12.9865 0.0000e+00
      2.101     -0.067    10.1329     96.514     44.631  33.910907     4.5000     3.2567     0.0852     1.4805 7.3832e+01     6.2801      2.060      2.988    12.9875 0.0000e+00
      2.086     -0.065    10.1317     96.507     44.631  33.912602     4.5000     3.4055     0.0852     1.4805 7.3752e+01     6.2650      2.046      2.967    12.9886 0.0000e+00
      2.070     -0.062    10.1286     96.480     44.632  33.913833     4.5000     3.4208     0.0852     1.4805 7.4138e+01     6.2801      2.030      2.944    12.9896 0.0000e+00
      2.051     -0.061    10.1211     96.412     44.627  33.910966     4.5000     3.4513     0.0852     1.4805 7.7700e+01     6.3101      2.011      2.917    12.9907 0.0000e+00
      2.029     -0.062    10.1085     96.296     44.621  33.907198     4.5900     3.4437     0.1278     1.3959 8.6074e+01     6.2500      1.990      2.886    12.9917 0.0000e+00
      2.007     -0.065    10.0920     96.142     44.617  33.905485     4.5900     3.1805     0.1278     1.3959 9.0289e+01     6.0245      1.968      2.855    12.9928 0.0000e+00
      1.987     -0.069    10.0737     95.972     44.616  33.905370     4.5900     3.2300     0.1278     1.3959 8.8752e+01     5.8893      1.949      2.826    12.9938 0.0000e+00
      1.969     -0.073    10.0568     95.814     44.616  33.906824     4.5900     3.1881     0.1278     1.3959 8.9294e+01     6.0245      1.931      2.801    12.9949 0.0000e+00
      1.953     -0.075    10.0430     95.687     44.620  33.910233     4.4100     3.1805     0.1278     1.4382 8.8675e+01     6.0546      1.915      2.778    12.9959 0.0000e+00
      1.937     -0.075    10.0334     95.599     44.627  33.916507     4.4100     3.3330     0.1278     1.4382 8.8907e+01     6.0546      1.899      2.755    12.9970 0.0000e+00
      1.920     -0.074    10.0293     95.563     44.635  33.923358     4.4100     3.3521     0.1278     1.4382 8.9644e+01     6.0396      1.883      2.731    12.9981 0.0000e+00
      1.902     -0.072    10.0313     95.586     44.640  33.928652     4.4100     3.3483     0.1278     1.4382 9.6329e+01     6.0396      1.865      2.706    12.9992 0.0000e+00
      1.883     -0.070    10.0396     95.669     44.646  33.933800     4.4100     3.3712     0.1278     1.4382 1.0448e+02     6.0095      1.847      2.679    13.0003 0.0000e+00
      1.865     -0.068    10.0524     95.795     44.648  33.936216     4.5000     3.2873     0.1278     1.4805 1.0336e+02     5.7841      1.829      2.653    13.0014 0.0000e+00
      1.850     -0.068    10.0659     95.927     44.642  33.932583     4.5000     3.2796     0.1278     1.4805 1.0318e+02     5.8292      1.814      2.631    13.0025 0.0000e+00
      1.836     -0.067    10.0781     96.047     44.631  33.925892     4.5000     3.3292     0.1278     1.4805 1.0282e+02     5.8292      1.801      2.612    13.0036 0.0000e+00
      1.823     -0.065    10.0889     96.153     44.625  33.922280     4.5000     3.3063     0.1278     1.4805 1.0257e+02     5.7690      1.788      2.593    13.0048 0.0000e+00
      1.810     -0.063    10.0966     96.230     44.622  33.920786     4.5900     3.5314     0.0852     1.4382 1.0182e+02     5.7089      1.775      2.575    13.0059 0.0000e+00
      1.796     -0.060    10.0986     96.252     44.616  33.917049     4.5900     3.5848     0.0852     1.4382 1.0284e+02     5.7540      1.761      2.555    13.0071 0.0000e+00
      1.780     -0.058    10.0936     96.206     44.611  33.914034     4.5900     3.5467     0.0852     1.4382 1.0599e+02     5.7841      1.746      2.532    13.0083 0.0000e+00
      1.763     -0.057    10.0815     96.094     44.610  33.914898     4.5900     3.5505     0.0852     1.4382 1.1467e+02     5.7390      1.729      2.507    13.0095 0.0000e+00
      1.744     -0.057    10.0634     95.923     44.610  33.915911     4.4100     3.3636     0.0852     1.3959 1.2454e+02     5.6638      1.710      2.481    13.0107 0.0000e+00
      1.727     -0.060    10.0410     95.711     44.605  33.913382     4.4100     3.3483     0.0852     1.3959 1.2078e+02     5.4985      1.694      2.457    13.0119 0.0000e+00
      1.713     -0.062    10.0156     95.472     44.600  33.910597     4.4100     3.3788     0.0852     1.3959 1.2218e+02     5.5436      1.680      2.436    13.0130 0.0000e+00
      1.700     -0.062     9.9888     95.221     44.599  33.910774     4.4100     3.3788     0.0852     1.3959 1.2144e+02     5.5135      1.667      2.418    13.0142 0.0000e+00
      1.689     -0.062     9.9627     94.978     44.602  33.913961     4.5900     3.5505     0.1278     1.4805 1.1971e+02     5.3031      1.656      2.402    13.0154 0.0000e+00
      1.677     -0.060     9.9394     94.762     44.605  33.917046     4.5900     3.5619     0.1278     1.4805 1.2013e+02     5.3031      1.644      2.385    13.0166 0.0000e+00
      1.663     -0.057     9.9206     94.588     44.603  33.916893     4.5900     3.5390     0.1278     1.4805 1.2144e+02     5.2881      1.631      2.366    13.0178 0.0000e+00
      1.648     -0.054     9.9072     94.466     44.602  33.917420     4.5900     3.5429     0.1278     1.4805 1.2730e+02     5.3332      1.616      2.345    13.0190 0.0000e+00
      1.632     -0.053     9.8990     94.394     44.608  33.922729     4.5900     3.3140     0.1278     1.4805 1.3998e+02     5.3332      1.600      2.321    13.0203 0.0000e+00
      1.615     -0.054     9.8956     94.367     44.616  33.930275     4.4100     3.3292     0.0852     1.4805 1.4256e+02     5.2881      1.583      2.296    13.0215 0.0000e+00
      1.599     -0.056     9.8962     94.378     44.620  33.934150     4.4100     3.2987     0.0852     1.4805 1.4105e+02     5.2881      1.568      2.274    13.0227 0.0000e+00
      1.585     -0.058     9.9002     94.421     44.620  33.935385     4.4100     3.2949     0.0852     1.4805 1.4176e+02     5.2881      1.554      2.254    13.0240 0.0000e+00
      1.571     -0.059     9.9071     94.491     44.622  33.938272     4.4100     3.5009     0.0852     1.4805 1.4210e+02     5.4083      1.540      2.234    13.0252 0.0000e+00
      1.556     -0.060     9.9156     94.577     44.623  33.939620     4.3200     3.4894     0.0852     1.4382 1.4194e+02     5.3332      1.526      2.213    13.0265 0.0000e+00
      1.540     -0.060     9.9246     94.668     44.621  33.939787     4.3200     3.4818     0.0852     1.4382 1.4403e+02     5.2580      1.511      2.191    13.0278 0.0000e+00
      1.522     -0.060     9.9333     94.756     44.624  33.942781     4.3200     3.4742     0.0852     1.4382 1.5426e+02     5.2279      1.493      2.165    13.0291 0.0000e+00
      1.502     -0.062     9.9412     94.836     44.626  33.945437     4.3200     3.3903     0.0852     1.4382 1.6897e+02     5.1077      1.473      2.136    13.0304 0.0000e+00
      1.482     -0.064     9.9482     94.908     44.623  33.944504     4.5000     3.3826     0.0852     1.4805 1.7617e+02     5.0175      1.453      2.108    13.0316 0.0000e+00
      1.464     -0.067     9.9544     94.973     44.615  33.939732     4.5000     3.3712     0.0852     1.4805 1.7396e+02     5.1077      1.435      2.082    13.0329 0.0000e+00
      1.447     -0.069     9.9593     95.027     44.606  33.933811     4.5000     3.3788     0.0852     1.4805 1.7404e+02     5.1378      1.419      2.059    13.0342 0.0000e+00
      1.432     -0.070     9.9622     95.063     44.598  33.929123     4.5000     3.3712     0.0852     1.4805 1.7294e+02     5.3031      1.405      2.037    13.0355 0.0000e+00
      1.417     -0.070     9.9631     95.083     44.591  33.924416     4.5000     3.3674     0.0852     1.4805 1.7253e+02     5.2129      1.390      2.015    13.0368 0.0000e+00
      1.400     -0.069     9.9623     95.092     44.581  33.918435     4.5000     3.3864     0.0852     1.4382 1.7472e+02     5.3632      1.373      1.991    13.0380 0.0000e+00
      1.381     -0.067     9.9601     95.095     44.574  33.913548     4.5000     3.3521     0.0852     1.4382 1.9062e+02     5.2430      1.355      1.964    13.0393 0.0000e+00
      1.361     -0.067     9.9561     95.091     44.571  33.912411     4.5000     3.2949     0.0852     1.4382 2.1557e+02     5.3332      1.334      1.935    13.0404 0.0000e+00
      1.341     -0.068     9.9505     95.078     44.567  33.910760     4.5000     3.3140     0.0852     1.4382 2.1098e+02     5.3031      1.315      1.907    13.0416 0.0000e+00
      1.324     -0.069     9.9429     95.049     44.563  33.908155     4.5900     3.3140     0.0426     1.3959 2.1186e+02     5.3332      1.298      1.883    13.0427 0.0000e+00
      1.308     -0.070     9.9317     94.989     44.566  33.911824     4.5900     3.3025     0.0426     1.3959 2.0907e+02     5.2881      1.283      1.861    13.0438 0.0000e+00
      1.294     -0.070     9.9140     94.877     44.579  33.922745     4.5900     3.4666     0.0426     1.3959 2.0757e+02     5.2881      1.269      1.840    13.0450 0.0000e+00
      1.279     -0.069     9.8860     94.674     44.589  33.931948     4.5900     3.5085     0.0426     1.3959 2.0753e+02     5.2580      1.255      1.819    13.0462 0.0000e+00
      1.263     -0.067     9.8425     94.319     44.596  33.937925     4.5900     3.4856     0.0852     1.5651 2.0880e+02     5.3031      1.239      1.797    13.0475 0.0000e+00
      1.245     -0.065     9.7759     93.731     44.605  33.946233     4.5900     3.4933     0.0852     1.5651 2.2855e+02     5.2730      1.221      1.771    13.0488 0.0000e+00
      1.226     -0.064     9.6744     92.794     44.610  33.951164     4.5900     3.4360     0.0852     1.5651 2.5550e+02     4.9875      1.202      1.744    13.0502 0.0000e+00
      1.207     -0.064     9.5284     91.418     44.607  33.950073     4.5900     3.4399     0.0852     1.5651 2.5050e+02     5.2279      1.184      1.717    13.0515 0.0000e+00
      1.191     -0.066     9.3336     89.565     44.606  33.950590     4.5000     3.4360     0.0852     1.4805 2.5153e+02     5.0175      1.168      1.694    13.0529 0.0000e+00
      1.176     -0.067     9.0849     87.189     44.613  33.956815     4.5000     3.4322     0.0852     1.4805 2.5143e+02     5.0927      1.154      1.673    13.0544 0.0000e+00
      1.162     -0.066     8.7790     84.262     44.624  33.966446     4.5000     3.2491     0.0852     1.4805 2.4871e+02     4.8522      1.140      1.654    13.0558 0.0000e+00
      1.148     -0.065     8.4238     80.859     44.627  33.970170     4.5000     3.2339     0.0852     1.4805 2.4936e+02     4.8522      1.126      1.634    13.0572 0.0000e+00
      1.133     -0.063     8.0393     77.175     44.618  33.965018     4.5000     3.2300     0.0852     1.4805 2.5175e+02     4.7620      1.111      1.612    13.0587 0.0000e+00
      1.116     -0.062     7.6511     73.454     44.607  33.957539     4.4100     3.2377     0.0852     1.5228 2.6830e+02     4.7770      1.094      1.587    13.0601 0.0000e+00
      1.097     -0.061     7.2795     69.891     44.595  33.949698     4.4100     3.3636     0.0852     1.5228 2.9458e+02     5.0175      1.076      1.560    13.0615 0.0000e+00
      1.078     -0.062     6.9377     66.612     44.580  33.939406     4.4100     3.3521     0.0852     1.5228 3.1395e+02     5.0476      1.057      1.534    13.0629 0.0000e+00
