Data/DataNotYetUploadedToEDI/Raw_CTD/RawDownloads/101122_bvr50_S8188001.cnv
* Sea-Bird SBE19plus  Data File:
* FileName = C:\R\Reservoirs\Data\DataNotYetUploadedToEDI\Raw_CTD\RawDownloads\101122_bvr50_S8188_0001.hex
* Software version 2.8.0.119
* Temperature SN = 8188
* Conductivity SN = 8188
* System UpLoad Time = Oct 12 2022 11:42:41
* <ApplicationData>
* <Seaterm232>
# nquan = 16
# nvalues = 1691                        
# units = specified
# name 0 = depFM: Depth [fresh water, m]
# name 1 = dz/dtM: Descent Rate [m/s]
# name 2 = sbeox0Mg/L: Oxygen, SBE 43 [mg/l]
# name 3 = sbeox0PS: Oxygen, SBE 43 [% saturation]
# name 4 = specc: Specific Conductance [uS/cm]
# name 5 = c0uS/cm: Conductivity [uS/cm]
# name 6 = wetCDOM: Fluorescence, WET Labs CDOM [mg/m^3]
# name 7 = flECO-AFL: Fluorescence, WET Labs ECO-AFL/FL [mg/m^3]
# name 8 = flECO-AFL1: Fluorescence, WET Labs ECO-AFL/FL, 2 [mg/m^3]
# name 9 = flECO-AFL2: Fluorescence, WET Labs ECO-AFL/FL, 3 [mg/m^3]
# name 10 = par/sat/log: PAR/Logarithmic, Satlantic
# name 11 = turbWETntu0: Turbidity, WET Labs ECO [NTU]
# name 12 = prdM: Pressure, Strain Gauge [db]
# name 13 = prdE: Pressure, Strain Gauge [psi]
# name 14 = tv290C: Temperature [ITS-90, deg C]
# name 15 = flag:  0.000e+00
# span 0 =     -0.631,      7.415       
# span 1 =     -0.225,      0.157       
# span 2 =    -0.2630,     8.4861       
# span 3 =     -2.539,     83.882       
# span 4 =   -617.713,    266.292       
# span 5 =-464.652718, 189.314935       
# span 6 =    -1.4400,    11.6100       
# span 7 =    -2.9155,     4.6797       
# span 8 =     0.0000,     1.4910       
# span 9 =    -4.6953,     1.6497       
# span 10 = 1.1587e-01, 1.8843e+03      
# span 11 =    -4.0607,    44.9676      
# span 12 =     -0.619,      7.272      
# span 13 =     -0.898,     10.547      
# span 14 =    10.5223,    15.2881      
# span 15 = 0.0000e+00, 0.0000e+00      
# interval = seconds: 0.25
# start_time = Oct 11 2022 07:53:39 [Instrument's time stamp, header]
# bad_flag = -9.990e-29
*END*
[from data line 91]
      0.033      0.018     6.9963     69.103     34.541  27.719770     5.0400     1.9368     0.1704     0.4653 6.8598e+02     5.4985      0.033      0.048    15.1221 0.0000e+00
      0.037      0.019     6.9968     69.108     34.540  27.715482     5.0400     1.9826     0.1278     0.5499 6.8807e+02     5.6187      0.036      0.053    15.1178 0.0000e+00
      0.040      0.019     6.9968     69.107     34.532  27.705661     5.0400     2.0932     0.1278     0.5499 7.3955e+02     5.6037      0.039      0.057    15.1128 0.0000e+00
      0.042      0.018     6.9964     69.101     34.523  27.695607     5.0400     2.0818     0.1278     0.5499 7.0564e+02     5.4684      0.041      0.060    15.1078 0.0000e+00
      0.044      0.016     6.9961     69.096     34.516  27.686596     5.0400     2.1009     0.1278     0.5499 6.3423e+02     5.5736      0.043      0.062    15.1030 0.0000e+00
      0.045      0.013     6.9961     69.094     34.512  27.680187     5.1300     2.1085     0.1704     0.5076 6.2006e+02     5.5286      0.044      0.064    15.0987 0.0000e+00
      0.046      0.011     6.9961     69.093     34.513  27.678630     5.1300     2.1467     0.1704     0.5076 6.6355e+02     5.6638      0.045      0.066    15.0951 0.0000e+00
      0.047      0.008     6.9965     69.097     34.514  27.677548     5.1300     2.1428     0.1704     0.5076 6.6993e+02     5.6037      0.046      0.067    15.0920 0.0000e+00
      0.048      0.007     6.9972     69.104     34.511  27.672695     5.1300     2.1657     0.1704     0.5076 6.6789e+02     5.5736      0.047      0.068    15.0894 0.0000e+00
      0.048      0.005     6.9972     69.105     34.505  27.666735     5.1300     2.1467     0.1704     0.5076 6.7007e+02     5.4985      0.047      0.068    15.0873 0.0000e+00
      0.048      0.004     6.9962     69.096     34.500  27.662038     5.0400     2.2268     0.1278     0.6768 6.5254e+02     5.5135      0.047      0.069    15.0857 0.0000e+00
      0.048      0.003     6.9950     69.086     34.496  27.657354     5.0400     2.2229     0.1278     0.6768 6.7343e+02     5.6037      0.047      0.069    15.0844 0.0000e+00
      0.048      0.002     6.9941     69.080     34.494  27.655391     5.0400     2.1924     0.1278     0.6768 6.3935e+02     5.7089      0.047      0.068    15.0832 0.0000e+00
      0.048      0.001     6.9936     69.078     34.496  27.655627     5.0400     2.2153     0.1278     0.6768 7.1304e+02     5.6338      0.047      0.068    15.0823 0.0000e+00
      0.047      0.001     6.9933     69.079     34.495  27.654164     5.0400     2.2764     0.1278     0.5076 6.4873e+02     5.9043      0.046      0.068    15.0816 0.0000e+00
      0.047      0.000     6.9933     69.083     34.496  27.654571     5.0400     2.2725     0.1278     0.5076 6.5581e+02     5.9043      0.046      0.068    15.0809 0.0000e+00
      0.048     -0.000     6.9936     69.090     34.499  27.656959     5.0400     2.2878     0.1278     0.5076 6.3713e+02     5.9494      0.047      0.068    15.0804 0.0000e+00
      0.048     -0.000     6.9941     69.098     34.501  27.658003     5.0400     2.2649     0.1278     0.5076 6.5028e+02     5.8742      0.047      0.068    15.0799 0.0000e+00
      0.048     -0.000     6.9942     69.101     34.501  27.657981     5.0400     2.2649     0.1704     0.5076 6.4046e+02     5.9945      0.047      0.068    15.0794 0.0000e+00
      0.048     -0.000     6.9934     69.095     34.500  27.656889     5.0400     2.2802     0.1704     0.5076 6.4802e+02     6.1147      0.047      0.069    15.0790 0.0000e+00
      0.049      0.000     6.9917     69.080     34.502  27.658395     5.0400     2.3069     0.1704     0.5076 6.4563e+02     6.0245      0.048      0.069    15.0787 0.0000e+00
      0.049      0.001     6.9891     69.057     34.508  27.662901     5.0400     2.2687     0.1704     0.5076 6.3024e+02     5.9494      0.048      0.070    15.0783 0.0000e+00
      0.050      0.001     6.9856     69.025     34.514  27.667647     5.0400     2.3412     0.1278     0.5076 6.0990e+02     6.0396      0.049      0.071    15.0780 0.0000e+00
      0.050      0.001     6.9814     68.985     34.522  27.673900     5.0400     2.3221     0.1278     0.5076 6.2208e+02     6.1448      0.049      0.071    15.0776 0.0000e+00
      0.050      0.001     6.9775     68.948     34.529  27.679368     5.0400     2.3412     0.1278     0.5076 6.1456e+02     6.0095      0.049      0.072    15.0773 0.0000e+00
      0.051      0.002     6.9742     68.916     34.532  27.681550     5.0400     2.3298     0.1278     0.5076 6.1858e+02     5.9795      0.050      0.072    15.0770 0.0000e+00
      0.051      0.002     6.9715     68.891     34.532  27.681026     5.0400     2.3488     0.1278     0.5076 6.0765e+02     5.5887      0.050      0.072    15.0767 0.0000e+00
      0.051      0.001     6.9693     68.873     34.528  27.677659     5.0400     2.3527     0.1704     0.4653 6.1656e+02     5.5135      0.050      0.072    15.0763 0.0000e+00
      0.051      0.001     6.9678     68.861     34.519  27.670548     5.0400     2.3336     0.1704     0.4653 6.1176e+02     5.6187      0.050      0.072    15.0760 0.0000e+00
      0.051      0.001     6.9674     68.858     34.509  27.661759     5.0400     2.3298     0.1704     0.4653 6.1123e+02     5.6789      0.050      0.072    15.0758 0.0000e+00
      0.051      0.001     6.9682     68.866     34.503  27.656867     5.0400     2.3641     0.1704     0.4653 6.1710e+02     5.5586      0.050      0.072    15.0755 0.0000e+00
      0.051      0.000     6.9703     68.884     34.500  27.654566     5.1300     2.3374     0.1704     0.5076 6.2629e+02     5.7390      0.050      0.072    15.0752 0.0000e+00
      0.050      0.000     6.9734     68.908     34.495  27.650283     5.1300     2.3450     0.1704     0.5076 6.2724e+02     5.4684      0.049      0.071    15.0750 0.0000e+00
      0.050     -0.000     6.9777     68.941     34.491  27.646836     5.1300     2.3565     0.1704     0.5076 6.0594e+02     5.6638      0.049      0.071    15.0747 0.0000e+00
      0.050     -0.000     6.9834     68.986     34.492  27.647266     5.1300     2.4595     0.1704     0.5076 6.2615e+02     5.8893      0.049      0.071    15.0744 0.0000e+00
      0.050     -0.001     6.9907     69.047     34.498  27.651686     5.0400     2.4785     0.1704     0.5499 6.1992e+02     5.8141      0.049      0.071    15.0741 0.0000e+00
      0.050     -0.001     6.9989     69.121     34.505  27.657317     5.0400     2.4518     0.1704     0.5499 6.2262e+02     5.8742      0.049      0.070    15.0738 0.0000e+00
      0.049     -0.001     7.0071     69.199     34.506  27.657741     5.0400     2.4671     0.1704     0.5499 6.1242e+02     5.7690      0.048      0.070    15.0735 0.0000e+00
      0.049     -0.001     7.0142     69.269     34.500  27.653070     5.0400     2.4633     0.1704     0.5499 6.0673e+02     5.6037      0.048      0.070    15.0732 0.0000e+00
      0.049     -0.001     7.0193     69.321     34.496  27.649978     5.0400     2.4785     0.1704     0.5922 6.0082e+02     5.6488      0.048      0.070    15.0729 0.0000e+00
      0.049     -0.001     7.0219     69.351     34.499  27.651600     5.0400     2.4442     0.1704     0.5922 5.9666e+02     5.6037      0.048      0.070    15.0726 0.0000e+00
      0.049     -0.000     7.0223     69.360     34.502  27.654410     5.0400     2.4595     0.1704     0.5922 5.9718e+02     5.5586      0.048      0.070    15.0724 0.0000e+00
      0.049     -0.000     7.0215     69.356     34.504  27.655196     5.0400     2.4595     0.1704     0.5922 5.9679e+02     5.6338      0.048      0.070    15.0721 0.0000e+00
      0.049     -0.000     7.0204     69.348     34.503  27.654169     5.0400     2.4595     0.1704     0.5922 5.8714e+02     5.5736      0.048      0.070    15.0718 0.0000e+00
      0.050      0.000     7.0191     69.338     34.499  27.651054     5.0400     2.4785     0.1704     0.5499 5.7966e+02     5.4684      0.049      0.070    15.0716 0.0000e+00
      0.050      0.000     7.0176     69.326     34.497  27.648981     5.0400     2.4518     0.1704     0.5499 5.8282e+02     5.6789      0.049      0.071    15.0714 0.0000e+00
      0.050      0.000     7.0165     69.319     34.500  27.651356     5.0400     2.2878     0.1704     0.5499 5.7129e+02     5.8292      0.049      0.071    15.0711 0.0000e+00
      0.050      0.000     7.0161     69.319     34.504  27.654854     5.0400     2.2649     0.1704     0.5499 5.7778e+02     5.8893      0.049      0.071    15.0708 0.0000e+00
      0.049      0.000     7.0159     69.323     34.507  27.656446     5.1300     2.2649     0.1704     0.5076 5.6757e+02     5.8141      0.049      0.070    15.0706 0.0000e+00
      0.049      0.000     7.0155     69.326     34.507  27.656558     5.1300     2.2535     0.1704     0.5076 5.7005e+02     5.8742      0.049      0.070    15.0703 0.0000e+00
      0.049     -0.000     7.0147     69.327     34.505  27.655220     5.1300     2.2268     0.1704     0.5076 5.7365e+02     5.4684      0.048      0.070    15.0701 0.0000e+00
      0.049     -0.000     7.0137     69.328     34.502  27.652075     5.1300     2.2229     0.1704     0.5076 5.7066e+02     5.5135      0.048      0.070    15.0698 0.0000e+00
      0.049     -0.000     7.0127     69.330     34.495  27.646284     5.1300     2.2153     0.1704     0.5076 5.7665e+02     5.5436      0.048      0.069    15.0696 0.0000e+00
      0.049     -0.001     7.0118     69.335     34.487  27.640263     5.1300     2.2191     0.1704     0.5076 5.6597e+02     5.6338      0.048      0.069    15.0693 0.0000e+00
      0.049     -0.001     7.0110     69.342     34.483  27.636365     5.1300     2.2001     0.1704     0.5076 5.6733e+02     5.5887      0.048      0.069    15.0691 0.0000e+00
      0.049     -0.000     7.0100     69.346     34.479  27.633551     5.1300     2.1924     0.1704     0.5076 5.5045e+02     5.5586      0.048      0.069    15.0688 0.0000e+00
      0.049     -0.000     7.0090     69.348     34.477  27.631070     5.1300     2.2382     0.1704     0.6768 5.4675e+02     5.6338      0.048      0.070    15.0685 0.0000e+00
      0.050     -0.000     7.0080     69.346     34.478  27.632220     5.1300     2.2229     0.1704     0.6768 5.3581e+02     5.5436      0.049      0.070    15.0682 0.0000e+00
      0.050      0.000     7.0064     69.333     34.490  27.641269     5.1300     2.2039     0.1704     0.6768 5.3546e+02     5.6338      0.049      0.071    15.0678 0.0000e+00
      0.050      0.001     7.0041     69.308     34.505  27.652708     5.1300     2.1352     0.1704     0.6768 5.3118e+02     5.6338      0.049      0.072    15.0674 0.0000e+00
      0.051      0.001     7.0008     69.271     34.511  27.657711     5.1300     2.1390     0.1704     0.6768 5.2304e+02     5.7089      0.050      0.072    15.0669 0.0000e+00
      0.051      0.001     6.9966     69.224     34.512  27.657612     5.0400     2.1200     0.1704     0.4653 5.2350e+02     5.4684      0.050      0.073    15.0661 0.0000e+00
      0.051      0.001     6.9921     69.172     34.511  27.656343     5.0400     2.1352     0.1704     0.4653 5.2395e+02     5.5887      0.050      0.073    15.0650 0.0000e+00
      0.051      0.001     6.9876     69.122     34.509  27.653566     5.0400     2.2229     0.1704     0.4653 5.1807e+02     5.8442      0.050      0.073    15.0632 0.0000e+00
      0.051      0.001     6.9834     69.075     34.510  27.652500     5.0400     2.1962     0.1704     0.4653 5.2066e+02     5.8893      0.050      0.073    15.0604 0.0000e+00
      0.051      0.001     6.9799     69.038     34.520  27.656820     5.0400     2.2306     0.2130     0.5076 5.0386e+02     5.7690      0.050      0.073    15.0559 0.0000e+00
      0.051      0.001     6.9777     69.015     34.535  27.663719     5.0400     2.2153     0.2130     0.5076 5.0903e+02     5.7841      0.050      0.073    15.0485 0.0000e+00
      0.051      0.000     6.9764     69.001     34.555  27.671077     5.0400     2.2878     0.2130     0.5076 5.0473e+02     5.8592      0.050      0.073    15.0362 0.0000e+00
      0.051     -0.000     6.9748     68.985     34.574  27.672937     5.0400     2.2802     0.2130     0.5076 5.0638e+02     5.8592      0.050      0.072    15.0165 0.0000e+00
      0.050     -0.000     6.9729     68.965     34.583  27.661875     4.9500     2.2725     0.1704     0.5076 4.9335e+02     5.8893      0.049      0.071    14.9894 0.0000e+00
      0.050     -0.001     6.9715     68.948     34.590  27.646819     4.9500     2.2573     0.1704     0.5076 5.0517e+02     5.8292      0.049      0.070    14.9600 0.0000e+00
      0.049     -0.001     6.9705     68.935     34.609  27.643551     4.9500     2.3412     0.1704     0.5076 5.0309e+02     5.7390      0.048      0.069    14.9333 0.0000e+00
      0.048     -0.001     6.9697     68.922     34.648  27.659118     4.9500     2.3450     0.1704     0.5076 5.0495e+02     5.8592      0.047      0.069    14.9111 0.0000e+00
      0.048     -0.002     6.9685     68.907     34.685  27.675893     5.2200     2.3259     0.1704     0.5499 4.9238e+02     5.6638      0.047      0.068    14.8930 0.0000e+00
      0.047     -0.002     6.9668     68.885     34.693  27.672611     5.2200     2.3183     0.1704     0.5499 4.9917e+02     5.9043      0.046      0.067    14.8785 0.0000e+00
      0.047     -0.002     6.9650     68.865     34.690  27.662256     5.2200     2.2992     0.1704     0.5499 4.9356e+02     5.8292      0.046      0.066    14.8671 0.0000e+00
      0.046     -0.002     6.9639     68.853     34.704  27.667802     5.2200     2.2878     0.1704     0.5499 4.9700e+02     5.8292      0.045      0.066    14.8588 0.0000e+00
      0.046     -0.002     6.9636     68.851     34.725  27.680831     5.2200     2.2992     0.1704     0.5499 4.9906e+02     5.8893      0.045      0.065    14.8533 0.0000e+00
      0.045     -0.002     6.9640     68.858     34.726  27.679080     5.0400     2.2764     0.1704     0.5499 4.8918e+02     5.8592      0.044      0.064    14.8495 0.0000e+00
      0.045     -0.002     6.9651     68.873     34.716  27.668019     5.0400     2.2725     0.1704     0.5499 5.0638e+02     5.8742      0.044      0.063    14.8458 0.0000e+00
      0.044     -0.002     6.9670     68.894     34.707  27.658559     5.0400     2.2840     0.1704     0.5499 5.7129e+02     5.8292      0.043      0.063    14.8418 0.0000e+00
      0.044     -0.002     6.9691     68.916     34.697  27.648177     5.0400     2.2802     0.1704     0.5499 6.5240e+02     5.8893      0.043      0.062    14.8382 0.0000e+00
      0.044     -0.002     6.9705     68.929     34.692  27.642024     5.0400     2.2573     0.1704     0.5076 6.2819e+02     5.8141      0.043      0.062    14.8358 0.0000e+00
      0.043     -0.002     6.9704     68.925     34.698  27.646376     5.0400     2.3107     0.1704     0.5076 5.8765e+02     5.7991      0.042      0.061    14.8343 0.0000e+00
      0.043     -0.002     6.9700     68.919     34.710  27.654477     5.0400     2.3565     0.1704     0.5076 5.6573e+02     5.8592      0.042      0.061    14.8327 0.0000e+00
      0.043     -0.002     6.9709     68.924     34.725  27.664526     5.0400     2.3221     0.1704     0.5076 5.7640e+02     5.9043      0.042      0.060    14.8304 0.0000e+00
      0.042     -0.002     6.9733     68.943     34.746  27.679204     5.1300     2.3527     0.1704     0.5076 5.6303e+02     5.8592      0.041      0.060    14.8271 0.0000e+00
      0.042     -0.001     6.9765     68.968     34.754  27.682625     5.1300     2.2687     0.1704     0.5076 5.6548e+02     5.7841      0.041      0.060    14.8234 0.0000e+00
      0.042     -0.001     6.9798     68.993     34.743  27.671744     5.1300     2.2725     0.1704     0.5076 5.4592e+02     5.8742      0.041      0.060    14.8201 0.0000e+00
