Data/DataNotYetUploadedToEDI/Raw_CTD/RawDownloads/101122_bvr50_S7809001.cnv
* Sea-Bird SBE19plus  Data File:
* FileName = C:\R\Reservoirs\Data\DataNotYetUploadedToEDI\Raw_CTD\RawDownloads\101122_bvr50_S7809_0001.hex
* Software version 2.8.0.119
* Temperature SN = 7809
* Conductivity SN = 7809
* System UpLoad Time = Oct 12 2022 10:47:37
* <ApplicationData>
* <Seaterm232>
# nquan = 15
# nvalues = 1763                        
# units = specified
# name 0 = depFM: Depth [fresh water, m]
# name 1 = dz/dtM: Descent Rate [m/s]
# name 2 = sbeox0Mg/L: Oxygen, SBE 43 [mg/l]
# name 3 = sbeox0PS: Oxygen, SBE 43 [% saturation]
# name 4 = specc: Specific Conductance [uS/cm]
# name 5 = c0uS/cm: Conductivity [uS/cm]
# name 6 = flECO-AFL: Fluorescence, WET Labs ECO-AFL/FL [mg/m^3]
# name 7 = ph: pH
# name 8 = orp: Oxidation Reduction Potential [mV]
# name 9 = par/sat/log: PAR/Logarithmic, Satlantic
# name 10 = turbWETntu0: Turbidity, WET Labs ECO [NTU]
# name 11 = prdM: Pressure, Strain Gauge [db]
# name 12 = prdE: Pressure, Strain Gauge [psi]
# name 13 = tv290C: Temperature [ITS-90, deg C]
# name 14 = flag:  0.000e+00
# span 0 =     -0.641,      7.405       
# span 1 =     -0.323,      0.173       
# span 2 =     0.0443,     7.1422       
# span 3 =      0.422,     71.081       
# span 4 =      3.490,    253.593       
# span 5 =   2.750557, 180.531703       
# span 6 =    -1.2396,     4.8447       
# span 7 =      5.587,      7.918       
# span 8 = -1240.7455,   257.3590       
# span 9 = 1.2366e-01, 1.7776e+03       
# span 10 =    -7.7150,   931.6395      
# span 11 =     -0.629,      7.262      
# span 12 =     -0.912,     10.533      
# span 13 =    10.5628,    17.1309      
# span 14 = 0.0000e+00, 0.0000e+00      
# interval = seconds: 0.25
# start_time = Oct 11 2022 08:06:48 [Instrument's time stamp, header]
# bad_flag = -9.990e-29
*END*
[from data line 290]
     -0.115     -0.002     5.3895     53.286     34.376  27.355154     1.0706      7.502   194.4603 1.1536e+03     5.3794     -0.113     -0.164    14.7920 0.0000e+00
     -0.115     -0.001     5.3860     53.311     34.391  27.366575     1.0691      7.502   194.4091 1.1509e+03     5.3618     -0.113     -0.164    14.7896 0.0000e+00
     -0.115     -0.000     5.3873     53.313     34.376  27.355154     1.0521      7.503   194.4911 1.1480e+03     5.3751     -0.114     -0.165    14.7866 0.0000e+00
     -0.115      0.001     5.3918     53.298     34.361  27.343828     1.0244      7.503   194.4193 1.1502e+03     5.4378     -0.113     -0.164    14.7845 0.0000e+00
     -0.115      0.001     5.3997     53.251     34.376  27.356410     1.0003      7.504   194.4868 1.1570e+03     5.4373     -0.114     -0.165    14.7838 0.0000e+00
     -0.115      0.001     5.4014     53.186     34.408  27.380507     0.9856      7.505   194.7913 1.1622e+03     5.3690     -0.113     -0.164    14.7837 0.0000e+00
     -0.114      0.002     5.4004     53.139     34.412  27.381642     0.9885      7.506   195.0038 1.1635e+03     5.3974     -0.112     -0.162    14.7848 0.0000e+00
     -0.114      0.002     5.4006     53.117     34.401  27.370126     1.0025      7.507   195.1626 1.1651e+03     5.4384     -0.111     -0.161    14.7868 0.0000e+00
     -0.114      0.001     5.3947     53.117     34.400  27.368041     1.0133      7.508   195.3354 1.1692e+03     5.4209     -0.112     -0.162    14.7878 0.0000e+00
     -0.113      0.001     5.3866     53.145     34.386  27.356422     1.0106      7.508   195.4585 1.1715e+03     5.4245     -0.111     -0.161    14.7856 0.0000e+00
     -0.113      0.000     5.3825     53.178     34.385  27.356422     1.0026      7.509   195.6182 1.1716e+03     5.4138     -0.111     -0.160    14.7813 0.0000e+00
     -0.113 1.8780e-08     5.3810     53.188     34.397  27.368041     1.0163      7.510   195.8040 1.1720e+03     5.4624     -0.110     -0.160    14.7775 0.0000e+00
     -0.113 2.0659e-07     5.3806     53.184     34.398  27.370136     1.0513      7.510   195.8977 1.1713e+03     5.5681     -0.111     -0.160    14.7743 0.0000e+00
     -0.113 2.0659e-07     5.3843     53.176     34.411  27.381756     1.0763      7.510   195.8907 1.1689e+03     5.5981     -0.111     -0.161    14.7732 0.0000e+00
     -0.114 1.8781e-08     5.3899     53.166     34.410  27.381765     1.0778      7.510   195.8911 1.1679e+03     5.6206     -0.112     -0.162    14.7754 0.0000e+00
     -0.114 1.7077e-09     5.3884     53.175     34.395  27.370250     1.0775      7.512   195.9017 1.1696e+03     5.6011     -0.112     -0.162    14.7792 0.0000e+00
     -0.113 1.5980e-10     5.3880     53.205     34.394  27.369298     1.0892      7.512   195.9338 1.1714e+03     5.4991     -0.111     -0.162    14.7812 0.0000e+00
     -0.113 2.0572e-10     5.3877     53.245     34.394  27.370251     1.0862      7.512   196.1075 1.1724e+03     5.4474     -0.110     -0.160    14.7818 0.0000e+00
     -0.113 2.2629e-09     5.3850     53.305     34.408  27.381777     1.0741      7.512   196.3672 1.1741e+03     5.4529     -0.111     -0.160    14.7827 0.0000e+00
     -0.112 2.4892e-08     5.3855     53.369     34.409  27.381881     1.0850      7.513   196.5783 1.1749e+03     5.4296     -0.110     -0.160    14.7837 0.0000e+00
     -0.112 2.7381e-07     5.3898     53.412     34.397  27.371508     1.1006      7.515   196.6813 1.1736e+03     5.4045     -0.110     -0.160    14.7848 0.0000e+00
     -0.113 2.7381e-07     5.3924     53.440     34.412  27.383137     1.1042      7.517   196.7517 1.1718e+03     5.4234     -0.111     -0.161    14.7861 0.0000e+00
     -0.113 2.4892e-08     5.3989     53.444     34.427  27.395709     1.0958      7.517   196.8276 1.1718e+03     5.3846     -0.111     -0.161    14.7862 0.0000e+00
     -0.113 2.2654e-09     5.4081     53.427     34.428  27.396739     1.0824      7.517   196.9105 1.1727e+03     5.3107     -0.111     -0.161    14.7853 0.0000e+00
     -0.113 2.3369e-10     5.4103     53.398     34.428  27.395595     1.0754      7.517   197.0656 1.1726e+03     5.3498     -0.111     -0.160    14.7840 0.0000e+00
     -0.113 3.2637e-10     5.4150     53.348     34.412  27.381879     1.0696      7.519   197.2401 1.1718e+03     5.4130     -0.111     -0.161    14.7834 0.0000e+00
     -0.113 3.3860e-09     5.4148     53.303     34.381  27.357679     1.0696      7.520   197.4723 1.1711e+03     5.3917     -0.111     -0.160    14.7851 0.0000e+00
     -0.114 3.7227e-08     5.4118     53.274     34.381  27.356537     1.0680      7.520   197.8074 1.1706e+03     5.3653     -0.112     -0.161    14.7852 0.0000e+00
     -0.114 4.0950e-07     5.4112     53.256     34.397  27.368062     1.0756      7.522   198.0224 1.1710e+03     5.3674     -0.112     -0.162    14.7825 0.0000e+00
     -0.113      0.000     5.4037     53.248     34.399  27.370252     1.1115      7.524   198.0939 1.1724e+03     5.3833     -0.111     -0.161    14.7820 0.0000e+00
     -0.113      0.000     5.3989     53.247     34.412  27.383022     1.1359      7.524   198.2412 1.1749e+03     5.4203     -0.111     -0.161    14.7828 0.0000e+00
     -0.112      0.001     5.3972     53.254     34.426  27.395697     1.1290      7.523   198.4261 1.1763e+03     5.4401     -0.110     -0.160    14.7803 0.0000e+00
     -0.112      0.001     5.3950     53.274     34.429  27.396737     1.1271      7.523   198.5235 1.1751e+03     5.4169     -0.110     -0.160    14.7768 0.0000e+00
     -0.113      0.001     5.3949     53.316     34.429  27.395586     1.1388      7.523   198.5587 1.1758e+03     5.4130     -0.111     -0.160    14.7781 0.0000e+00
     -0.113      0.000     5.3935     53.371     34.414  27.381785     1.1462      7.524   198.6788 1.1794e+03     5.4615     -0.111     -0.160    14.7840 0.0000e+00
     -0.112 1.5227e-08     5.3942     53.420     34.383  27.356640     1.1492      7.524   198.8574 1.1819e+03     5.4561     -0.110     -0.159    14.7870 0.0000e+00
     -0.112 1.6749e-07     5.3955     53.462     34.369  27.345098     1.1415      7.524   198.9117 1.1816e+03     5.3830     -0.110     -0.159    14.7845 0.0000e+00
     -0.112 -2.051e-07     5.4007     53.474     34.400  27.369005     1.1369      7.526   198.9912 1.1800e+03     5.3627     -0.110     -0.159    14.7815 0.0000e+00
     -0.112      0.000     5.4078     53.438     34.429  27.392158     1.1432      7.526   199.1299 1.1788e+03     5.3822     -0.110     -0.159    14.7796 0.0000e+00
     -0.112      0.000     5.4118     53.367     34.403  27.371489     1.1346      7.527   199.2124 1.1784e+03     5.3787     -0.110     -0.159    14.7788 0.0000e+00
     -0.112     -0.001     5.4176     53.290     34.404  27.372641     1.1161      7.528   199.2995 1.1779e+03     5.3886     -0.110     -0.160    14.7782 0.0000e+00
     -0.113     -0.001     5.4199     53.245     34.445  27.406090     1.1102      7.528   199.4099 1.1767e+03     5.4000     -0.111     -0.160    14.7771 0.0000e+00
     -0.113     -0.001     5.4154     53.248     34.432  27.395605     1.1223      7.529   199.6003 1.1750e+03     5.3798     -0.111     -0.160    14.7762 0.0000e+00
     -0.113     -0.001     5.4076     53.280     34.404  27.372634     1.1371      7.530   199.5358 1.1729e+03     5.3836     -0.111     -0.160    14.7758 0.0000e+00
     -0.113     -0.001     5.3977     53.324     34.415  27.381890     1.1316      7.531   198.8885 1.1678e+03     5.3771     -0.111     -0.160    14.7777 0.0000e+00
     -0.114     -0.001     5.3920     53.383     34.410  27.380756     1.1223      7.532   198.0544 1.1608e+03     5.3362     -0.112     -0.162    14.7792 0.0000e+00
     -0.114      0.000     5.3939     53.445     34.380  27.358926     1.1330      7.532   197.5386 1.1602e+03     5.3666     -0.113     -0.164    14.7789 0.0000e+00
     -0.114      0.002     5.3979     53.477     34.394  27.371487     1.1442      7.533   197.5575 1.1676e+03     5.4366     -0.112     -0.163    14.7787 0.0000e+00
     -0.114      0.004     5.4018     53.475     34.438  27.405861     1.1417      7.534   197.8523 1.1786e+03     5.4656     -0.112     -0.162    14.7786 0.0000e+00
     -0.113      0.005     5.4072     53.444     34.425  27.394225     1.1440      7.534   197.6610 1.1927e+03     5.4442     -0.111     -0.160    14.7820 0.0000e+00
     -0.111      0.007     5.4156     53.407     34.382  27.357555     1.1632      7.535   197.1377 1.2092e+03     5.4175     -0.109     -0.157    14.7867 0.0000e+00
     -0.108      0.008     5.4179     53.389     34.366  27.342800     1.1824      7.535   197.1176 1.2256e+03     5.4496     -0.106     -0.154    14.7878 0.0000e+00
     -0.106      0.010     5.4177     53.374     34.366  27.342602     1.1853      7.535   197.3318 1.2409e+03     5.4566     -0.104     -0.151    14.7875 0.0000e+00
     -0.105      0.011     5.4148     53.371     34.382  27.355155     1.1483      7.534   197.4902 1.2621e+03     5.4006     -0.103     -0.150    14.7849 0.0000e+00
     -0.101      0.011     5.4082     53.388     34.397  27.367811     1.0844      7.533   197.7429 1.2916e+03     5.3528     -0.100     -0.145    14.7800 0.0000e+00
     -0.096      0.010     5.4105     53.404     34.397  27.368859     1.0629      7.532   197.9780 1.3162e+03     5.3573     -0.094     -0.137    14.7776 0.0000e+00
     -0.092      0.008     5.4067     53.422     34.395  27.367822     1.0791      7.533   198.1812 1.3305e+03     5.3861     -0.090     -0.131    14.7780 0.0000e+00
     -0.090      0.005     5.4058     53.422     34.380  27.355268     1.0966      7.533   198.3935 1.3363e+03     5.3936     -0.089     -0.128    14.7784 0.0000e+00
     -0.090      0.001     5.4100     53.401     34.370  27.343848     1.1166      7.534   198.6519 1.3285e+03     5.4138     -0.088     -0.128    14.7787 0.0000e+00
     -0.091     -0.001     5.4091     53.391     34.390  27.356515     1.1299      7.534   198.8103 1.3121e+03     5.4248     -0.090     -0.130    14.7799 0.0000e+00
     -0.093     -0.003     5.4130     53.398     34.424  27.381651     1.1405      7.536   198.7593 1.2984e+03     5.3908     -0.092     -0.133    14.7816 0.0000e+00
     -0.095     -0.003     5.4134     53.409     34.440  27.394214     1.1363      7.538   198.7239 1.2887e+03     5.2763     -0.094     -0.136    14.7815 0.0000e+00
     -0.096     -0.003     5.4096     53.414     34.425  27.381641     1.1047      7.538   198.8129 1.2818e+03     5.0989     -0.095     -0.137    14.7763 0.0000e+00
     -0.096     -0.002     5.4094     53.421     34.392  27.356401     1.0752      7.538   198.8022 1.2809e+03     5.0563     -0.095     -0.137    14.7696 0.0000e+00
     -0.096      0.000     5.4113     53.445     34.372  27.342591     1.0701      7.538   198.5946 1.2862e+03     5.1716     -0.095     -0.137    14.7666 0.0000e+00
     -0.096      0.001     5.4125     53.461     34.371  27.341439     1.0760      7.539   198.5404 1.2911e+03     5.2284     -0.094     -0.136    14.7667 0.0000e+00
     -0.096      0.002     5.4131     53.439     34.374  27.342469     1.0803      7.540   198.8353 1.2922e+03     5.2305     -0.094     -0.136    14.7665 0.0000e+00
     -0.095      0.003     5.4123     53.403     34.391  27.355041     1.0976      7.540   199.2344 1.2950e+03     5.2998     -0.094     -0.136    14.7679 0.0000e+00
     -0.094      0.004     5.4156     53.395     34.406  27.366668     1.1178      7.539   199.4947 1.3063e+03     5.3837     -0.093     -0.135    14.7716 0.0000e+00
     -0.093      0.004     5.4192     53.406     34.394  27.356287     1.1250      7.539   199.6593 1.3212e+03     5.4238     -0.091     -0.132    14.7709 0.0000e+00
     -0.091      0.003     5.4161     53.410     34.394  27.356297     1.1267      7.540   199.9343 1.3306e+03     5.4085     -0.089     -0.129    14.7675 0.0000e+00
     -0.090      0.002     5.4101     53.403     34.408  27.366783     1.1296      7.540   200.2378 1.3332e+03     5.3701     -0.088     -0.127    14.7667 0.0000e+00
     -0.090      0.000     5.4100     53.372     34.396  27.356297     1.1361      7.539   200.4036 1.3311e+03     5.3691     -0.087     -0.126    14.7670 0.0000e+00
     -0.090     -0.002     5.4133     53.321     34.397  27.356289     1.1380      7.539   200.5628 1.3259e+03     5.3976     -0.088     -0.128    14.7667 0.0000e+00
     -0.091     -0.004     5.4123     53.290     34.412  27.366680     1.1365      7.540   200.7855 1.3169e+03     5.4061     -0.089     -0.129    14.7657 0.0000e+00
     -0.092     -0.006     5.4132     53.292     34.397  27.355165     1.1424      7.541   201.0318 1.3022e+03     5.4041     -0.090     -0.131    14.7645 0.0000e+00
     -0.095     -0.006     5.4104     53.308     34.382  27.343831     1.1431      7.543   201.2181 1.2837e+03     5.4079     -0.093     -0.134    14.7635 0.0000e+00
     -0.097     -0.005     5.4027     53.322     34.397  27.356412     1.1361      7.545   201.2311 1.2679e+03     5.4174     -0.095     -0.139    14.7615 0.0000e+00
     -0.099     -0.004     5.4000     53.335     34.426  27.380508     1.1329      7.546   201.1888 1.2590e+03     5.4168     -0.097     -0.141    14.7591 0.0000e+00
     -0.100     -0.003     5.4008     53.363     34.426  27.381643     1.1208      7.547   201.2222 1.2560e+03     5.3667     -0.098     -0.142    14.7602 0.0000e+00
     -0.100     -0.001     5.4033     53.417     34.409  27.370127     1.1066      7.547   201.2916 1.2576e+03     5.3237     -0.098     -0.142    14.7621 0.0000e+00
     -0.099     -0.000     5.4039     53.477     34.403  27.368041     1.1108      7.547   201.4256 1.2631e+03     5.3413     -0.097     -0.141    14.7613 0.0000e+00
     -0.099     -0.000     5.4051     53.517     34.383  27.356421     1.1471      7.548   201.5513 1.2693e+03     5.4086     -0.097     -0.141    14.7622 0.0000e+00
     -0.099     -0.000     5.4066     53.535     34.379  27.356413     1.1873      7.548   201.6926 1.2703e+03     5.4541     -0.096     -0.140    14.7657 0.0000e+00
     -0.099     -0.001     5.4126     53.535     34.390  27.367947     1.1892      7.548   202.0155 1.2643e+03     5.4135     -0.096     -0.139    14.7678 0.0000e+00
     -0.100     -0.002     5.4200     53.533     34.391  27.369107     1.1867      7.549   202.2730 1.2568e+03     5.3612     -0.098     -0.141    14.7725 0.0000e+00
     -0.101     -0.002     5.4222     53.523     34.396  27.370441     1.1907      7.550   202.3107 1.2500e+03     5.3350     -0.099     -0.143    14.7789 0.0000e+00
     -0.101     -0.003     5.4242     53.486     34.418  27.384071     1.1701      7.550   202.2987 1.2413e+03     5.3354     -0.099     -0.143    14.7835 0.0000e+00
     -0.102     -0.004     5.4226     53.438     34.451  27.407130     1.1372      7.550   202.3003 1.2330e+03     5.3664     -0.100     -0.145    14.7872 0.0000e+00
     -0.102     -0.005     5.4221     53.393     34.438  27.395702     1.1179      7.552   202.0721 1.2273e+03     5.3674     -0.101     -0.146    14.7887 0.0000e+00
     -0.103     -0.005     5.4238     53.368     34.409  27.372662     1.1287      7.553   201.6899 1.2174e+03     5.3818     -0.100     -0.145    14.7855 0.0000e+00
     -0.105     -0.005     5.4188     53.373     34.419  27.382110     1.1673      7.553   201.7236 1.1988e+03     5.4048     -0.103     -0.149    14.7775 0.0000e+00
     -0.109     -0.004     5.4147     53.383     34.418  27.383158     1.1932      7.553   202.0494 1.1796e+03     5.3714     -0.108     -0.155    14.7723 0.0000e+00
     -0.111     -0.004     5.4099     53.385     34.418  27.385339     1.1843      7.554   202.2732 1.1778e+03     5.3196     -0.110     -0.159    14.7717 0.0000e+00
     -0.111     -0.004     5.4058     53.394     34.444  27.408482     1.1765      7.555   202.4516 1.1967e+03     5.2908     -0.110     -0.159    14.7715 0.0000e+00
