Data/DataNotYetUploadedToEDI/Raw_CTD/RawDownloads/101122_fcr50_S8188003.cnv
* Sea-Bird SBE19plus  Data File:
* FileName = C:\R\Reservoirs\Data\DataNotYetUploadedToEDI\Raw_CTD\RawDownloads\101122_bvr50_S8188_0003.hex
* Software version 2.8.0.119
* Temperature SN = 8188
* Conductivity SN = 8188
* System UpLoad Time = Oct 12 2022 11:44:07
* <ApplicationData>
* <Seaterm232>
# nquan = 16
# nvalues = 3385                        
# units = specified
# name 0 = depFM: Depth [fresh water, m]
# name 1 = dz/dtM: Descent Rate [m/s]
# name 2 = sbeox0Mg/L: Oxygen, SBE 43 [mg/l]
# name 3 = sbeox0PS: Oxygen, SBE 43 [% saturation]
# name 4 = specc: Specific Conductance [uS/cm]
# name 5 = c0uS/cm: Conductivity [uS/cm]
# name 6 = wetCDOM: Fluorescence, WET Labs CDOM [mg/m^3]
# name 7 = flECO-AFL: Fluorescence, WET Labs ECO-AFL/FL [mg/m^3]
# name 8 = flECO-AFL1: Fluorescence, WET Labs ECO-AFL/FL, 2 [mg/m^3]
# name 9 = flECO-AFL2: Fluorescence, WET Labs ECO-AFL/FL, 3 [mg/m^3]
# name 10 = par/sat/log: PAR/Logarithmic, Satlantic
# name 11 = turbWETntu0: Turbidity, WET Labs ECO [NTU]
# name 12 = prdM: Pressure, Strain Gauge [db]
# name 13 = prdE: Pressure, Strain Gauge [psi]
# name 14 = tv290C: Temperature [ITS-90, deg C]
# name 15 = flag:  0.000e+00
# span 0 =     -0.564,      1.738       
# span 1 =     -0.180,      0.134       
# span 2 =     5.6330,     9.7994       
# span 3 =     56.365,     97.057       
# span 4 =     -0.219,     43.684       
# span 5 =  -0.196382,  39.060572       
# span 6 =    -0.0900,    14.4900       
# span 7 =    -2.0419,   245.1962       
# span 8 =    -2.4282,     3.8340       
# span 9 =    -5.1183,     3.8493       
# span 10 = 4.6235e+01, 2.1425e+03      
# span 11 =    -0.7240,    80.9197      
# span 12 =     -0.553,      1.704      
# span 13 =     -0.802,      2.472      
# span 14 =    14.3781,    19.9993      
# span 15 = 0.0000e+00, 0.0000e+00      
# interval = seconds: 0.25
# start_time = Oct 11 2022 11:27:27 [Instrument's time stamp, header]
# bad_flag = -9.990e-29
*END*
[from data line 2984]
      1.657 2.6357e-22     8.2778     81.003     41.454  32.653350     4.4100     3.6802     0.0852     1.6497 7.4283e+01     3.1989      1.625      2.357    14.3819 0.0000e+00
      1.657 2.0455e-22     8.2773     80.997     41.466  32.662417     4.4100     3.7412     0.0852     1.6497 7.4331e+01     3.1388      1.625      2.357    14.3817 0.0000e+00
      1.657 1.5852e-22     8.2760     80.985     41.476  32.670374     4.4100     3.7374     0.0852     1.6497 7.4250e+01     3.1237      1.625      2.357    14.3815 0.0000e+00
      1.657 1.2256e-22     8.2741     80.967     41.472  32.667461     4.5000     3.7298     0.0852     1.5651 7.4541e+01     3.1989      1.625      2.357    14.3814 0.0000e+00
      1.657 9.4376e-23     8.2728     80.954     41.464  32.660822     4.5000     3.7336     0.0852     1.5651 7.4283e+01     3.1237      1.625      2.357    14.3813 0.0000e+00
      1.657 7.2185e-23     8.2730     80.956     41.459  32.656608     4.5000     3.7183     0.0852     1.5651 7.4687e+01     3.1989      1.625      2.357    14.3812 0.0000e+00
      1.657 5.4577e-23     8.2751     80.977     41.455  32.653696     4.5000     3.7450     0.0852     1.5651 7.5078e+01     3.1087      1.625      2.357    14.3812 0.0000e+00
      1.657 4.0433e-23     8.2794     81.018     41.457  32.655269     4.5000     3.7374     0.0852     1.5651 7.5389e+01     3.1538      1.625      2.357    14.3812 0.0000e+00
      1.657 2.8857e-23     8.2848     81.072     41.465  32.661746     4.6800     3.7260     0.0426     1.6497 7.4170e+01     3.1688      1.625      2.357    14.3811 0.0000e+00
      1.657 1.9113e-23     8.2896     81.119     41.467  32.662973     4.6800     3.6153     0.0426     1.6497 7.5700e+01     3.1989      1.625      2.357    14.3811 0.0000e+00
      1.657 1.0583e-23     8.2928     81.151     41.457  32.655318     4.6800     3.6382     0.0426     1.6497 7.5997e+01     3.1237      1.625      2.357    14.3811 0.0000e+00
      1.657 2.7251e-24     8.2950     81.172     41.438  32.640698     4.6800     3.6192     0.0426     1.6497 7.5176e+01     3.1688      1.625      2.357    14.3811 0.0000e+00
      1.657 -4.960e-24     8.2964     81.186     41.416  32.623137     4.4100     3.6306     0.0426     1.6497 7.7011e+01     3.2289      1.625      2.357    14.3811 0.0000e+00
      1.657 -1.296e-23     8.2976     81.198     41.409  32.617754     4.4100     3.6764     0.0426     1.6497 7.6378e+01     3.1989      1.625      2.357    14.3811 0.0000e+00
      1.657 -2.178e-23     8.2987     81.209     41.416  32.623113     4.4100     3.6840     0.0426     1.6497 7.6428e+01     3.1388      1.625      2.357    14.3812 0.0000e+00
      1.657 -3.199e-23     8.2990     81.212     41.418  32.624802     4.4100     3.6726     0.0426     1.6497 7.7819e+01     3.2289      1.625      2.357    14.3812 0.0000e+00
      1.657 -4.423e-23     8.2981     81.203     41.421  32.627232     4.3200     3.6878     0.0426     1.6497 7.7616e+01     3.1989      1.625      2.357    14.3812 0.0000e+00
      1.657 -5.927e-23     8.2962     81.185     41.431  32.635010     4.3200     3.6115     0.0426     1.6497 7.7633e+01     3.1989      1.625      2.357    14.3812 0.0000e+00
      1.657 -7.808e-23     8.2942     81.166     41.440  32.642291     4.3200     3.6153     0.0426     1.6497 7.8788e+01     3.1989      1.625      2.357    14.3812 0.0000e+00
      1.657 -1.018e-22     8.2927     81.151     41.446  32.647056     4.3200     3.6077     0.0426     1.6497 7.8260e+01     3.1989      1.625      2.357    14.3812 0.0000e+00
      1.657 -1.321e-22     8.2911     81.137     41.451  32.650574     4.3200     3.6192     0.0426     1.6497 7.8703e+01     3.1688      1.625      2.357    14.3811 0.0000e+00
      1.657 -1.707e-22     8.2895     81.121     41.455  32.653784     4.5000     3.6802     0.0426     1.6920 7.9615e+01     3.1087      1.625      2.357    14.3810 0.0000e+00
      1.657 -2.202e-22     8.2885     81.112     41.455  32.653581     4.5000     3.6802     0.0426     1.6920 7.9149e+01     3.1388      1.625      2.357    14.3809 0.0000e+00
      1.657 -2.836e-22     8.2882     81.108     41.451  32.649911     4.5000     3.7031     0.0426     1.6920 7.9840e+01     3.1688      1.625      2.357    14.3807 0.0000e+00
      1.657 -3.650e-22     8.2880     81.107     41.446  32.645757     4.5000     3.6840     0.0426     1.6920 7.9805e+01     3.2139      1.625      2.357    14.3805 0.0000e+00
      1.657 -4.696e-22     8.2878     81.105     41.439  32.640011     4.4100     3.6115     0.0426     1.7343 7.9770e+01     3.3342      1.625      2.357    14.3802 0.0000e+00
      1.657 -6.041e-22     8.2875     81.102     41.433  32.635100     4.4100     3.6344     0.0426     1.7343 7.9996e+01     3.3943      1.625      2.357    14.3798 0.0000e+00
      1.657 -7.769e-22     8.2876     81.103     41.431  32.633677     4.4100     3.6077     0.0426     1.7343 7.9857e+01     3.3642      1.625      2.357    14.3795 0.0000e+00
      1.657 -9.990e-22     8.2887     81.114     41.434  32.635360     4.4100     3.6153     0.0426     1.7343 7.9996e+01     3.3943      1.625      2.357    14.3792 0.0000e+00
      1.657 -1.285e-21     8.2910     81.137     41.436  32.636639     4.5000     3.6916     0.0852     1.6497 7.9770e+01     3.4093      1.625      2.357    14.3789 0.0000e+00
      1.657 -1.652e-21     8.2948     81.174     41.432  32.633893     4.5000     3.6802     0.0852     1.6497 8.0188e+01     3.4243      1.625      2.357    14.3786 0.0000e+00
      1.657 -2.124e-21     8.3002     81.227     41.428  32.630352     4.5000     3.6840     0.0852     1.6497 8.0031e+01     3.5596      1.625      2.357    14.3784 0.0000e+00
      1.657 -2.730e-21     8.3061     81.284     41.427  32.629031     4.5000     3.6954     0.0852     1.6497 7.9770e+01     3.3943      1.625      2.357    14.3783 0.0000e+00
      1.657 -3.510e-21     8.3113     81.335     41.427  32.629579     4.4100     3.7717     0.0852     1.5228 7.9770e+01     3.2289      1.625      2.357    14.3782 0.0000e+00
      1.657 -4.514e-21     8.3153     81.374     41.431  32.632141     4.4100     3.7298     0.0852     1.5228 8.0013e+01     3.1538      1.625      2.357    14.3781 0.0000e+00
      1.657 -5.803e-21     8.3178     81.399     41.437  32.637400     4.4100     3.7260     0.0852     1.5228 7.9304e+01     3.1388      1.625      2.357    14.3781 0.0000e+00
      1.657 -7.461e-21     8.3188     81.409     41.449  32.646759     4.4100     3.7565     0.0852     1.5228 7.9909e+01     3.2139      1.625      2.357    14.3781 0.0000e+00
      1.657 -9.593e-21     8.3183     81.404     41.464  32.658754     4.4100     3.6954     0.0852     1.5228 7.8960e+01     3.1688      1.625      2.357    14.3782 0.0000e+00
      1.657 -1.233e-20     8.3168     81.389     41.477  32.668661     4.4100     3.6802     0.0852     1.6497 7.9684e+01     3.1388      1.625      2.357    14.3784 0.0000e+00
      1.657 -1.586e-20     8.3151     81.373     41.480  32.671202     4.4100     3.6954     0.0852     1.6497 7.9166e+01     3.2440      1.625      2.357    14.3785 0.0000e+00
      1.657 -2.039e-20     8.3137     81.359     41.470  32.663093     4.4100     3.6993     0.0852     1.6497 7.8669e+01     3.2590      1.625      2.357    14.3786 0.0000e+00
      1.657 -2.621e-20     8.3124     81.346     41.453  32.650093     4.4100     3.6268     0.0852     1.6497 7.8754e+01     3.1989      1.625      2.357    14.3788 0.0000e+00
      1.657 -3.370e-20     8.3108     81.330     41.446  32.644578     4.5900     3.6268     0.0852     1.5651 7.8840e+01     3.1538      1.625      2.357    14.3789 0.0000e+00
      1.657 -4.333e-20     8.3087     81.309     41.447  32.645078     4.5900     3.6306     0.0852     1.5651 7.8209e+01     3.1538      1.625      2.357    14.3790 0.0000e+00
      1.657 -5.571e-20     8.3059     81.282     41.440  32.639843     4.5900     3.6115     0.0852     1.5651 7.8447e+01     3.2440      1.625      2.357    14.3791 0.0000e+00
      1.657 -7.163e-20     8.3024     81.248     41.434  32.635399     4.5900     3.6726     0.0852     1.5651 7.8022e+01     3.1538      1.625      2.357    14.3791 0.0000e+00
      1.657 -9.210e-20     8.2980     81.205     41.443  32.642443     4.5000     3.6649     0.0426     1.5228 7.8345e+01     3.2139      1.625      2.357    14.3791 0.0000e+00
      1.657 -1.184e-19     8.2932     81.158     41.459  32.654931     4.5000     3.6764     0.0426     1.5228 7.7565e+01     3.1989      1.625      2.357    14.3790 0.0000e+00
      1.657 -1.522e-19     8.2887     81.114     41.471  32.664313     4.5000     3.6726     0.0426     1.5228 7.7751e+01     3.1237      1.625      2.357    14.3789 0.0000e+00
      1.657 -1.957e-19     8.2845     81.073     41.472  32.665170     4.5000     3.6573     0.0426     1.5228 7.7667e+01     3.1989      1.625      2.357    14.3789 0.0000e+00
      1.657 -2.517e-19     8.2805     81.033     41.462  32.657729     4.3200     3.6802     0.0426     1.6497 7.7279e+01     3.1538      1.625      2.357    14.3788 0.0000e+00
      1.657 -3.236e-19     8.2765     80.995     41.455  32.651888     4.3200     3.6726     0.0426     1.6497 7.7464e+01     3.1388      1.625      2.357    14.3787 0.0000e+00
      1.657 -4.160e-19     8.2731     80.961     41.453  32.650049     4.3200     3.6878     0.0426     1.6497 7.7481e+01     3.2139      1.625      2.357    14.3786 0.0000e+00
      1.657 -5.349e-19     8.2709     80.940     41.450  32.647763     4.3200     3.5543     0.0426     1.6497 7.7380e+01     3.1688      1.625      2.357    14.3786 0.0000e+00
      1.657 -6.877e-19     8.2707     80.937     41.446  32.644419     4.3200     3.5429     0.0426     1.6497 7.6861e+01     3.1538      1.625      2.357    14.3786 0.0000e+00
      1.657 -8.842e-19     8.2714     80.944     41.439  32.639127     4.4100     3.5581     0.0426     1.5228 7.7061e+01     3.1688      1.625      2.357    14.3785 0.0000e+00
      1.657 -1.137e-18     8.2726     80.956     41.428  32.630473     4.4100     3.5581     0.0426     1.5228 7.7128e+01     3.1989      1.625      2.357    14.3785 0.0000e+00
      1.657 -1.462e-18     8.2742     80.972     41.420  32.624073     4.4100     3.5657     0.0426     1.5228 7.6844e+01     3.1989      1.625      2.357    14.3785 0.0000e+00
      1.657 -1.879e-18     8.2762     80.991     41.423  32.626139     4.4100     3.5505     0.0426     1.5228 7.6894e+01     3.1838      1.625      2.357    14.3784 0.0000e+00
      1.657 -2.416e-18     8.2779     81.008     41.427  32.629303     4.5900     3.5810     0.0426     1.6497 7.6877e+01     3.1388      1.625      2.357    14.3784 0.0000e+00
      1.657 -3.107e-18     8.2787     81.015     41.429  32.630447     4.5900     3.5581     0.0426     1.6497 7.6761e+01     3.1087      1.625      2.357    14.3784 0.0000e+00
      1.657 -3.994e-18     8.2783     81.011     41.433  32.633836     4.5900     3.6993     0.0426     1.6497 7.6827e+01     3.1989      1.625      2.357    14.3784 0.0000e+00
      1.657 -5.135e-18     8.2771     80.999     41.441  32.640375     4.5900     3.6954     0.0426     1.6497 7.6777e+01     3.1237      1.625      2.357    14.3785 0.0000e+00
      1.657 -6.603e-18     8.2760     80.989     41.451  32.647847     4.5000     3.6726     0.0426     1.6074 7.6711e+01     3.2289      1.625      2.357    14.3785 0.0000e+00
      1.657 -8.489e-18     8.2757     80.985     41.454  32.650323     4.5000     3.6878     0.0426     1.6074 7.6711e+01     3.0937      1.625      2.357    14.3786 0.0000e+00
      1.657 -1.091e-17     8.2763     80.991     41.451  32.648464     4.5000     3.6420     0.0426     1.6074 7.6527e+01     3.1388      1.625      2.357    14.3787 0.0000e+00
      1.657 -1.403e-17     8.2776     81.004     41.452  32.649694     4.5000     3.6001     0.0426     1.6074 7.6928e+01     3.1989      1.625      2.357    14.3789 0.0000e+00
      1.657 -1.804e-17     8.2795     81.022     41.453  32.650382     4.4100     3.6001     0.0852     1.6074 7.6944e+01     3.1388      1.625      2.357    14.3791 0.0000e+00
      1.657 -2.320e-17     8.2814     81.041     41.443  32.642789     4.4100     3.6192     0.0852     1.6074 7.6911e+01     3.2440      1.625      2.357    14.3793 0.0000e+00
      1.657 -2.982e-17     8.2825     81.052     41.435  32.636773     4.4100     3.6726     0.0852     1.6074 7.6994e+01     3.0786      1.625      2.357    14.3796 0.0000e+00
      1.657 -3.835e-17     8.2822     81.049     41.437  32.638650     4.4100     3.6954     0.0852     1.6074 7.6877e+01     3.2289      1.625      2.357    14.3798 0.0000e+00
      1.657 -4.930e-17     8.2807     81.033     41.435  32.637040     4.4100     3.6726     0.0852     1.6074 7.7095e+01     3.1688      1.625      2.356    14.3801 0.0000e+00
      1.657 -6.339e-17     8.2788     81.015     41.427  32.631512     4.4100     3.6802     0.0426     1.5228 7.7633e+01     3.1688      1.625      2.356    14.3804 0.0000e+00
      1.657 -8.150e-17     8.2780     81.006     41.428  32.632474     4.4100     3.6993     0.0426     1.5228 7.7296e+01     3.2440      1.625      2.357    14.3808 0.0000e+00
      1.657 -1.048e-16     8.2786     81.012     41.433  32.636224     4.4100     3.6878     0.0426     1.5228 7.8107e+01     3.1688      1.625      2.357    14.3811 0.0000e+00
      1.657 -1.347e-16     8.2796     81.021     41.432  32.635839     4.4100     3.6573     0.0426     1.5228 7.8073e+01     3.1688      1.625      2.357    14.3815 0.0000e+00
      1.657 -1.732e-16     8.2796     81.021     41.431  32.635177     4.4100     3.6649     0.0426     1.6497 7.8141e+01     3.1388      1.625      2.357    14.3818 0.0000e+00
      1.657 -2.227e-16     8.2782     81.008     41.434  32.638022     4.4100     3.6306     0.0426     1.6497 7.8549e+01     3.1388      1.625      2.357    14.3821 0.0000e+00
      1.657 -2.863e-16     8.2762     80.988     41.443  32.645134     4.4100     3.6077     0.0426     1.6497 7.8430e+01     3.1388      1.625      2.357    14.3824 0.0000e+00
      1.657 -3.681e-16     8.2746     80.972     41.454  32.654447     4.4100     3.6306     0.0426     1.6497 7.9097e+01     3.1989      1.625      2.357    14.3827 0.0000e+00
      1.657 -4.733e-16     8.2735     80.961     41.461  32.660526     4.5000     3.6077     0.0852     1.5651 7.8891e+01     3.1538      1.625      2.357    14.3829 0.0000e+00
      1.657 -6.086e-16     8.2728     80.954     41.467  32.664991     4.5000     3.6344     0.0852     1.5651 7.9736e+01     3.1688      1.625      2.357    14.3832 0.0000e+00
      1.657 -7.824e-16     8.2728     80.955     41.477  32.672992     4.5000     3.6382     0.0852     1.5651 7.9632e+01     3.1087      1.625      2.357    14.3834 0.0000e+00
      1.657 -1.006e-15     8.2738     80.964     41.481  32.676761     4.5000     3.6153     0.0852     1.5651 7.9892e+01     3.1989      1.625      2.357    14.3836 0.0000e+00
      1.657 -1.293e-15     8.2752     80.978     41.474  32.671364     4.5000     3.6115     0.0852     1.5651 7.9892e+01     3.1688      1.625      2.357    14.3837 0.0000e+00
      1.657 -1.663e-15     8.2762     80.987     41.467  32.665263     4.4100     3.6192     0.0852     1.6074 8.0205e+01     3.1388      1.625      2.357    14.3838 0.0000e+00
      1.657 -2.138e-15     8.2771     80.996     41.458  32.658810     4.4100     3.6077     0.0852     1.6074 8.0135e+01     3.0937      1.625      2.357    14.3839 0.0000e+00
      1.657 -2.749e-15     8.2783     81.007     41.453  32.654246     4.4100     3.6344     0.0852     1.6074 8.0554e+01     3.1688      1.625      2.357    14.3839 0.0000e+00
      1.657 -3.534e-15     8.2798     81.022     41.458  32.658274     4.4100     3.6230     0.0852     1.6074 8.0031e+01     3.1538      1.625      2.357    14.3840 0.0000e+00
