Data/DataNotYetUploadedToEDI/Raw_CTD/RawDownloads/101122_fcr50_S8188004.cnv
* Sea-Bird SBE19plus  Data File:
* FileName = C:\R\Reservoirs\Data\DataNotYetUploadedToEDI\Raw_CTD\RawDownloads\101122_bvr50_S8188_0004.hex
* Software version 2.8.0.119
* Temperature SN = 8188
* Conductivity SN = 8188
* System UpLoad Time = Oct 12 2022 11:44:55
* <ApplicationData>
* <Seaterm232>
# nquan = 16
# nvalues = 3424                        
# units = specified
# name 0 = depFM: Depth [fresh water, m]
# name 1 = dz/dtM: Descent Rate [m/s]
# name 2 = sbeox0Mg/L: Oxygen, SBE 43 [mg/l]
# name 3 = sbeox0PS: Oxygen, SBE 43 [% saturation]
# name 4 = specc: Specific Conductance [uS/cm]
# name 5 = c0uS/cm: Conductivity [uS/cm]
# name 6 = wetCDOM: Fluorescence, WET Labs CDOM [mg/m^3]
# name 7 = flECO-AFL: Fluorescence, WET Labs ECO-AFL/FL [mg/m^3]
# name 8 = flECO-AFL1: Fluorescence, WET Labs ECO-AFL/FL, 2 [mg/m^3]
# name 9 = flECO-AFL2: Fluorescence, WET Labs ECO-AFL/FL, 3 [mg/m^3]
# name 10 = par/sat/log: PAR/Logarithmic, Satlantic
# name 11 = turbWETntu0: Turbidity, WET Labs ECO [NTU]
# name 12 = prdM: Pressure, Strain Gauge [db]
# name 13 = prdE: Pressure, Strain Gauge [psi]
# name 14 = tv290C: Temperature [ITS-90, deg C]
# name 15 = flag:  0.000e+00
# span 0 =     -0.562,      1.737       
# span 1 =     -0.285,      0.256       
# span 2 =     6.7805,     9.5768       
# span 3 =     66.959,     94.104       
# span 4 =      0.066,     41.750       
# span 5 =   0.052892,  33.278355       
# span 6 =    -5.1300,    18.6300       
# span 7 =    -0.6152,     4.6301       
# span 8 =    -2.1300,     0.3408       
# span 9 =    -4.1877,     4.1877       
# span 10 = 1.7834e+01, 1.9378e+03      
# span 11 =    -3.5196,   139.1615      
# span 12 =     -0.551,      1.703      
# span 13 =     -0.799,      2.470      
# span 14 =    14.3484,    14.9545      
# span 15 = 0.0000e+00, 0.0000e+00      
# interval = seconds: 0.25
# start_time = Oct 11 2022 12:09:38 [Instrument's time stamp, header]
# bad_flag = -9.990e-29
*END*
[from data line 543]
      1.725 2.7920e-11     8.2600     80.865     41.489  32.715178     4.4100     3.9320     0.0852     1.7766 6.3318e+01     2.9434      1.691      2.453    14.4227 0.0000e+00
      1.725 3.5898e-11     8.2619     80.884     41.475  32.703369     4.4100     3.9358     0.0852     1.7766 6.3249e+01     2.9434      1.691      2.453    14.4222 0.0000e+00
      1.725 4.6155e-11     8.2637     80.902     41.468  32.697412     4.4100     3.9167     0.0852     1.6497 6.2920e+01     2.8832      1.691      2.453    14.4216 0.0000e+00
      1.725 5.9343e-11     8.2652     80.917     41.466  32.695717     4.4100     3.9510     0.0852     1.6497 6.2975e+01     2.9434      1.691      2.453    14.4209 0.0000e+00
      1.725 7.6298e-11     8.2661     80.926     41.470  32.697832     4.4100     3.9358     0.0852     1.6497 6.2797e+01     3.0486      1.691      2.453    14.4201 0.0000e+00
      1.725 9.8098e-11     8.2657     80.922     41.474  32.700360     4.4100     3.9243     0.0852     1.6497 6.2756e+01     3.0185      1.691      2.453    14.4194 0.0000e+00
      1.725 1.2613e-10     8.2640     80.905     41.474  32.700016     4.4100     4.0044     0.0426     1.5228 6.2688e+01     2.9133      1.691      2.453    14.4187 0.0000e+00
      1.725 1.6216e-10     8.2615     80.882     41.476  32.700668     4.4100     4.0083     0.0426     1.5228 6.2308e+01     3.0035      1.691      2.453    14.4181 0.0000e+00
      1.725 2.0849e-10     8.2586     80.853     41.478  32.702490     4.4100     4.0273     0.0426     1.5228 6.2335e+01     3.0035      1.691      2.453    14.4176 0.0000e+00
      1.725 2.6806e-10     8.2559     80.826     41.478  32.702006     4.4100     3.9816     0.0426     1.5228 6.2213e+01     2.9885      1.691      2.453    14.4174 0.0000e+00
      1.725 3.4465e-10     8.2533     80.801     41.479  32.703050     4.4100     3.9816     0.0426     1.6497 6.1889e+01     2.9133      1.691      2.453    14.4173 0.0000e+00
      1.725 4.4313e-10     8.2506     80.775     41.481  32.703918     4.4100     4.0006     0.0426     1.6497 6.1983e+01     3.0185      1.691      2.453    14.4173 0.0000e+00
      1.725 5.6973e-10     8.2482     80.751     41.479  32.702863     4.4100     3.9587     0.0426     1.6497 6.1742e+01     3.0035      1.691      2.453    14.4174 0.0000e+00
      1.725 7.3251e-10     8.2464     80.734     41.482  32.705543     4.4100     3.9587     0.0426     1.6497 6.1930e+01     2.9734      1.691      2.454    14.4176 0.0000e+00
      1.725 9.4180e-10     8.2451     80.721     41.483  32.706732     4.4100     4.0578     0.0426     1.5651 6.1460e+01     2.9885      1.691      2.454    14.4179 0.0000e+00
      1.725 1.2109e-09     8.2444     80.714     41.478  32.702787     4.4100     4.0502     0.0426     1.5651 6.1916e+01     2.9434      1.691      2.454    14.4182 0.0000e+00
      1.725 1.5569e-09     8.2446     80.715     41.475  32.700577     4.4100     4.0273     0.0426     1.5651 6.1487e+01     2.9283      1.691      2.454    14.4185 0.0000e+00
      1.725 2.0017e-09     8.2457     80.726     41.478  32.703474     4.4100     4.0578     0.0426     1.5651 6.1314e+01     2.9584      1.691      2.454    14.4190 0.0000e+00
      1.725 2.5736e-09     8.2471     80.740     41.481  32.706308     4.4100     4.0388     0.0426     1.5651 6.1514e+01     3.0786      1.691      2.454    14.4195 0.0000e+00
      1.725 3.3089e-09     8.2479     80.747     41.478  32.703894     4.4100     4.0311     0.0852     1.4805 6.1061e+01     3.1538      1.691      2.454    14.4201 0.0000e+00
      1.725 4.2543e-09     8.2475     80.743     41.474  32.701531     4.4100     4.0464     0.0852     1.4805 6.1088e+01     3.1688      1.692      2.454    14.4206 0.0000e+00
      1.725 5.4698e-09     8.2460     80.727     41.477  32.704528     4.4100     4.0121     0.0852     1.4805 6.0704e+01     3.1087      1.692      2.454    14.4210 0.0000e+00
      1.725 7.0326e-09     8.2432     80.699     41.483  32.709724     4.4100     4.1151     0.0852     1.4805 6.0757e+01     2.9734      1.692      2.454    14.4214 0.0000e+00
      1.725 9.0419e-09     8.2390     80.657     41.484  32.710585     4.4100     4.0922     0.0426     1.4805 6.0546e+01     2.9734      1.692      2.454    14.4215 0.0000e+00
      1.725 1.1625e-08     8.2341     80.607     41.480  32.707338     4.4100     4.0998     0.0426     1.4805 6.0349e+01     2.9434      1.692      2.454    14.4216 0.0000e+00
      1.725 1.4947e-08     8.2294     80.561     41.485  32.711001     4.4100     4.0998     0.0426     1.4805 6.0113e+01     2.9434      1.691      2.453    14.4215 0.0000e+00
      1.725 1.9217e-08     8.2258     80.524     41.505  32.726510     4.4100     4.1113     0.0426     1.4805 5.9710e+01     3.0786      1.691      2.453    14.4213 0.0000e+00
      1.725 2.4708e-08     8.2235     80.500     41.523  32.740179     4.4100     4.0884     0.0852     1.4382 5.9774e+01     2.9434      1.691      2.453    14.4208 0.0000e+00
      1.725 3.1768e-08     8.2216     80.481     41.523  32.739811     4.4100     4.1265     0.0852     1.4382 5.9373e+01     3.0486      1.691      2.453    14.4201 0.0000e+00
      1.725 4.0844e-08     8.2195     80.459     41.516  32.733229     4.4100     4.1303     0.0852     1.4382 5.9154e+01     3.0786      1.691      2.453    14.4191 0.0000e+00
      1.725 5.2514e-08     8.2167     80.430     41.511  32.728578     4.4100     4.1074     0.0852     1.4382 5.8872e+01     2.9584      1.691      2.453    14.4180 0.0000e+00
      1.725 6.7518e-08     8.2130     80.392     41.502  32.720659     4.4100     4.0884     0.0852     1.6074 5.8681e+01     3.0636      1.691      2.453    14.4168 0.0000e+00
      1.725 8.6808e-08     8.2088     80.351     41.494  32.713299     4.4100     4.1151     0.0852     1.6074 5.8617e+01     3.0486      1.691      2.453    14.4157 0.0000e+00
      1.725 1.1161e-07     8.2052     80.315     41.497  32.714438     4.4100     4.0731     0.0852     1.6074 5.8046e+01     2.9133      1.691      2.453    14.4146 0.0000e+00
      1.725 1.4350e-07     8.2026     80.290     41.500  32.716458     4.4100     4.0960     0.0852     1.6074 5.7946e+01     2.9283      1.691      2.453    14.4137 0.0000e+00
      1.725 1.8450e-07     8.2014     80.278     41.500  32.715937     4.4100     4.1074     0.0852     1.6074 5.7319e+01     2.9434      1.691      2.453    14.4131 0.0000e+00
      1.725 2.3721e-07     8.2017     80.281     41.507  32.720658     4.4100     4.0922     0.0852     1.6497 5.7170e+01     2.9734      1.691      2.453    14.4126 0.0000e+00
      1.725 3.0499e-07     8.2029     80.293     41.519  32.729898     4.4100     4.1113     0.0852     1.6497 5.6663e+01     2.9434      1.691      2.453    14.4120 0.0000e+00
      1.725 3.9213e-07     8.2033     80.296     41.528  32.736222     4.4100     4.0197     0.0852     1.6497 5.6405e+01     3.0486      1.691      2.453    14.4112 0.0000e+00
      1.725 3.9213e-07     8.2019     80.283     41.533  32.739334     4.4100     4.0464     0.0852     1.6497 5.6051e+01     2.9734      1.691      2.453    14.4105 0.0000e+00
      1.725 3.0499e-07     8.1991     80.255     41.535  32.740065     4.4100     4.0655     0.0852     1.6920 5.5590e+01     2.9584      1.691      2.453    14.4097 0.0000e+00
      1.725 2.3721e-07     8.1952     80.216     41.531  32.736630     4.4100     4.0426     0.0852     1.6920 5.5590e+01     3.0786      1.691      2.453    14.4091 0.0000e+00
      1.725 1.8450e-07     8.1897     80.162     41.523  32.730092     4.4100     4.1074     0.0852     1.6920 5.4989e+01     2.9734      1.691      2.453    14.4084 0.0000e+00
      1.725 1.4350e-07     8.1824     80.090     41.512  32.720689     4.4100     4.1074     0.0852     1.6920 5.4941e+01     3.0486      1.691      2.453    14.4078 0.0000e+00
      1.725 1.1161e-07     8.1739     80.006     41.499  32.709873     4.4100     4.0693     0.0852     1.6497 5.4703e+01     2.9734      1.691      2.453    14.4070 0.0000e+00
      1.725 8.6808e-08     8.1660     79.928     41.491  32.702681     4.4100     4.1074     0.0852     1.6497 5.4371e+01     2.9434      1.691      2.453    14.4061 0.0000e+00
      1.725 6.7518e-08     8.1600     79.869     41.490  32.701156     4.4100     4.1608     0.0852     1.6497 5.4171e+01     3.2740      1.691      2.453    14.4051 0.0000e+00
      1.725 5.2514e-08     8.1562     79.830     41.496  32.704891     4.4100     4.1837     0.0852     1.6497 5.3725e+01     3.2740      1.691      2.453    14.4042 0.0000e+00
      1.725 4.0844e-08     8.1532     79.799     41.502  32.708942     4.4100     4.1647     0.0852     1.6497 5.3702e+01     3.1989      1.691      2.453    14.4033 0.0000e+00
      1.725 3.1768e-08     8.1501     79.768     41.497  32.704487     4.4100     4.1647     0.0852     1.6920 5.3376e+01     3.3642      1.691      2.453    14.4026 0.0000e+00
      1.725 2.4708e-08     8.1469     79.735     41.488  32.696279     4.4100     4.1074     0.0852     1.6920 5.3122e+01     3.2440      1.691      2.453    14.4018 0.0000e+00
      1.725 1.9218e-08     8.1432     79.698     41.488  32.695991     4.4100     4.0960     0.0852     1.6920 5.3029e+01     3.2139      1.691      2.453    14.4010 0.0000e+00
      1.725 1.4947e-08     8.1388     79.655     41.498  32.703547     4.4100     4.0884     0.0852     1.6920 5.2673e+01     3.1688      1.691      2.453    14.4003 0.0000e+00
      1.725 1.1625e-08     8.1338     79.605     41.511  32.713040     4.4100     4.0998     0.0852     1.6920 5.2286e+01     3.2139      1.691      2.453    14.3997 0.0000e+00
      1.725 9.0420e-09     8.1287     79.555     41.519  32.719080     4.4100     3.9625     0.0852     1.6920 5.2184e+01     2.9734      1.692      2.454    14.3994 0.0000e+00
      1.725 7.0327e-09     8.1249     79.518     41.524  32.723278     4.4100     3.9968     0.0852     1.6920 5.1957e+01     2.9584      1.692      2.454    14.3991 0.0000e+00
      1.725 5.4699e-09     8.1232     79.501     41.526  32.724773     4.4100     3.9663     0.0852     1.6920 5.1867e+01     2.9734      1.692      2.454    14.3990 0.0000e+00
      1.725 4.2543e-09     8.1224     79.493     41.518  32.718023     4.3200     4.0006     0.0426     1.6074 5.1485e+01     3.0185      1.692      2.454    14.3990 0.0000e+00
      1.725 3.3089e-09     8.1208     79.478     41.509  32.711130     4.3200     3.9777     0.0426     1.6074 5.1240e+01     2.9283      1.692      2.454    14.3990 0.0000e+00
      1.725 2.5736e-09     8.1171     79.442     41.510  32.712157     4.3200     3.9739     0.0426     1.6074 5.1195e+01     2.9885      1.692      2.454    14.3991 0.0000e+00
      1.725 2.0017e-09     8.1113     79.386     41.517  32.717417     4.3200     4.0121     0.0426     1.6074 5.0851e+01     3.0185      1.692      2.454    14.3992 0.0000e+00
      1.725 1.5569e-09     8.1046     79.321     41.520  32.720392     4.3200     3.9816     0.0426     1.6074 5.0730e+01     2.9434      1.692      2.454    14.3993 0.0000e+00
      1.725 1.2109e-09     8.0987     79.264     41.517  32.717915     4.3200     3.8900     0.0426     1.6074 5.0455e+01     3.0185      1.692      2.454    14.3995 0.0000e+00
      1.725 9.4180e-10     8.0954     79.232     41.506  32.709324     4.3200     3.9434     0.0426     1.6074 5.0368e+01     3.0185      1.692      2.454    14.3996 0.0000e+00
      1.725 7.3252e-10     8.0961     79.240     41.490  32.696290     4.3200     3.9358     0.0426     1.6074 5.0084e+01     2.9584      1.692      2.454    14.3996 0.0000e+00
      1.725 5.6974e-10     8.1009     79.287     41.478  32.687219     4.3200     3.9014     0.0426     1.6074 4.9932e+01     2.8983      1.692      2.454    14.3994 0.0000e+00
      1.725 4.4313e-10     8.1086     79.362     41.479  32.687612     4.4100     3.8709     0.0426     1.5228 4.9769e+01     3.0035      1.692      2.454    14.3990 0.0000e+00
      1.725 3.4465e-10     8.1178     79.453     41.487  32.693613     4.4100     3.8557     0.0426     1.5228 4.9500e+01     2.9885      1.692      2.454    14.3985 0.0000e+00
      1.725 2.6806e-10     8.1267     79.540     41.495  32.698902     4.4100     3.8671     0.0426     1.5228 4.9532e+01     2.9434      1.692      2.454    14.3979 0.0000e+00
      1.725 2.0849e-10     8.1333     79.604     41.498  32.700930     4.4100     3.8671     0.0426     1.5228 4.9221e+01     2.9283      1.692      2.454    14.3972 0.0000e+00
      1.725 1.6216e-10     8.1371     79.641     41.503  32.704196     4.4100     3.8061     0.0852     1.5228 4.9199e+01     3.0035      1.692      2.454    14.3965 0.0000e+00
      1.725 1.2613e-10     8.1393     79.663     41.511  32.709573     4.4100     3.7984     0.0852     1.5228 4.8965e+01     2.9283      1.692      2.454    14.3958 0.0000e+00
      1.725 9.8099e-11     8.1411     79.679     41.513  32.710572     4.4100     3.8213     0.0852     1.5228 4.8784e+01     3.0937      1.692      2.454    14.3951 0.0000e+00
      1.725 7.6299e-11     8.1428     79.696     41.509  32.707461     4.4100     3.8061     0.0852     1.5228 4.8467e+01     2.9434      1.692      2.454    14.3944 0.0000e+00
      1.725 5.9343e-11     8.1446     79.712     41.502  32.701390     4.4100     3.8595     0.0852     1.5651 4.8488e+01     3.0185      1.692      2.454    14.3938 0.0000e+00
      1.725 4.6156e-11     8.1464     79.729     41.487  32.688760     4.4100     3.8709     0.0852     1.5651 4.8320e+01     2.8983      1.692      2.454    14.3933 0.0000e+00
      1.725 3.5899e-11     8.1488     79.752     41.471  32.676104     4.4100     3.8442     0.0852     1.5651 4.8163e+01     3.0185      1.692      2.454    14.3929 0.0000e+00
      1.725 2.7921e-11     8.1520     79.783     41.469  32.673908     4.4100     3.8519     0.0852     1.5651 4.8089e+01     3.0185      1.692      2.454    14.3925 0.0000e+00
      1.725 2.1716e-11     8.1550     79.811     41.484  32.685549     4.4100     3.8633     0.0852     1.5228 4.8058e+01     2.9734      1.692      2.454    14.3923 0.0000e+00
      1.725 1.6891e-11     8.1574     79.835     41.510  32.706208     4.4100     3.8366     0.0852     1.5228 4.7746e+01     3.0035      1.692      2.454    14.3922 0.0000e+00
      1.725 1.3137e-11     8.1601     79.860     41.527  32.719613     4.4100     3.8786     0.0852     1.5228 4.7870e+01     2.9434      1.692      2.454    14.3922 0.0000e+00
      1.725 1.0218e-11     8.1632     79.890     41.522  32.715475     4.4100     3.8366     0.0852     1.5228 4.7487e+01     2.9434      1.692      2.454    14.3922 0.0000e+00
      1.725 7.9471e-12     8.1659     79.915     41.505  32.702593     4.4100     3.8786     0.0852     1.5228 4.7528e+01     2.9584      1.692      2.454    14.3921 0.0000e+00
      1.725 6.1811e-12     8.1675     79.930     41.496  32.695353     4.4100     3.8442     0.0852     1.6074 4.7302e+01     2.9584      1.692      2.454    14.3921 0.0000e+00
      1.725 4.8076e-12     8.1677     79.931     41.502  32.699748     4.4100     3.8480     0.0852     1.6074 4.7250e+01     3.0486      1.692      2.454    14.3920 0.0000e+00
      1.725 3.7392e-12     8.1669     79.923     41.514  32.709026     4.4100     3.8633     0.0852     1.6074 4.7045e+01     3.0185      1.692      2.454    14.3918 0.0000e+00
      1.725 2.9083e-12     8.1660     79.914     41.517  32.711802     4.4100     3.9053     0.0852     1.6074 4.6994e+01     3.2740      1.692      2.454    14.3916 0.0000e+00
      1.725 2.2620e-12     8.1653     79.908     41.516  32.710794     4.4100     3.9320     0.0852     1.6074 4.6913e+01     3.1989      1.692      2.454    14.3914 0.0000e+00
      1.725 1.7593e-12     8.1651     79.906     41.527  32.719596     4.4100     3.9434     0.0852     1.6074 4.6760e+01     3.1989      1.692      2.454    14.3913 0.0000e+00
