Data/DataNotYetUploadedToEDI/Raw_CTD/RawDownloads/101122_fcr50_S7809003.cnv
* Sea-Bird SBE19plus  Data File:
* FileName = C:\R\Reservoirs\Data\DataNotYetUploadedToEDI\Raw_CTD\RawDownloads\101122_bvr50_S7809_0003.hex
* Software version 2.8.0.119
* Temperature SN = 7809
* Conductivity SN = 7809
* System UpLoad Time = Oct 12 2022 10:50:25
* <ApplicationData>
* <Seaterm232>
# nquan = 15
# nvalues = 4607                        
# units = specified
# name 0 = depFM: Depth [fresh water, m]
# name 1 = dz/dtM: Descent Rate [m/s]
# name 2 = sbeox0Mg/L: Oxygen, SBE 43 [mg/l]
# name 3 = sbeox0PS: Oxygen, SBE 43 [% saturation]
# name 4 = specc: Specific Conductance [uS/cm]
# name 5 = c0uS/cm: Conductivity [uS/cm]
# name 6 = flECO-AFL: Fluorescence, WET Labs ECO-AFL/FL [mg/m^3]
# name 7 = ph: pH
# name 8 = orp: Oxidation Reduction Potential [mV]
# name 9 = par/sat/log: PAR/Logarithmic, Satlantic
# name 10 = turbWETntu0: Turbidity, WET Labs ECO [NTU]
# name 11 = prdM: Pressure, Strain Gauge [db]
# name 12 = prdE: Pressure, Strain Gauge [psi]
# name 13 = tv290C: Temperature [ITS-90, deg C]
# name 14 = flag:  0.000e+00
# span 0 =     -0.571,      1.742       
# span 1 =     -4.859,      4.749       
# span 2 =     6.0350,     7.7821       
# span 3 =     60.066,     77.421       
# span 4 =      0.570,     42.223       
# span 5 =   0.532967,  33.918218       
# span 6 =    -0.4279,     5.9138       
# span 7 =      5.954,      7.813       
# span 8 = -1240.7455,   298.0922       
# span 9 = 3.1802e+01, 1.8451e+03       
# span 10 =    -1.3563,   204.2298      
# span 11 =     -0.560,      1.708      
# span 12 =     -0.812,      2.478      
# span 13 =    14.3474,    21.7815      
# span 14 = 0.0000e+00, 0.0000e+00      
# interval = seconds: 0.25
# start_time = Oct 11 2022 11:46:28 [Instrument's time stamp, header]
# bad_flag = -9.990e-29
*END*
[from data line 2217]
      1.739 2.4370e-07     6.3375     61.748     41.390  32.584988     5.2245      7.752   284.0524 7.9705e+01     3.4937      1.706      2.474    14.3611 0.0000e+00
      1.739 2.2155e-08     6.3297     61.723     41.358  32.559826     5.2195      7.752   284.0399 7.9760e+01     3.4397      1.705      2.473    14.3606 0.0000e+00
      1.739 2.0140e-09     6.3227     61.724     41.355  32.557540     5.2185      7.753   284.0223 7.9637e+01     3.4327      1.705      2.473    14.3605 0.0000e+00
      1.739 1.8310e-10     6.3160     61.762     41.354  32.557341     5.2130      7.753   284.0110 7.9473e+01     3.4772      1.706      2.474    14.3601 0.0000e+00
      1.739 1.6645e-11     6.3129     61.824     41.354  32.557426     5.1943      7.753   284.0756 7.9429e+01     3.4662      1.705      2.473    14.3597 0.0000e+00
      1.739 1.5132e-12     6.3095     61.900     41.355  32.558568     5.1833      7.752   284.2013 7.9378e+01     3.4359      1.705      2.473    14.3598 0.0000e+00
      1.739 1.3756e-13     6.3084     61.955     41.370  32.571143     5.1801      7.752   284.2398 7.9332e+01     3.4182      1.706      2.474    14.3600 0.0000e+00
      1.739 1.2505e-14     6.3140     61.979     41.384  32.582671     5.1730      7.752   284.1970 7.9301e+01     3.3885      1.705      2.473    14.3604 0.0000e+00
      1.739 1.1369e-15     6.3195     62.007     41.369  32.571143     5.1967      7.752   284.1147 7.9196e+01     3.4183      1.705      2.473    14.3607 0.0000e+00
      1.739 1.0335e-16     6.3293     62.047     41.353  32.558569     5.2508      7.753   284.0191 7.9115e+01     3.4705      1.705      2.473    14.3612 0.0000e+00
      1.739 9.3955e-18     6.3358     62.072     41.351  32.557435     5.2772      7.753   284.0738 7.8989e+01     3.4395      1.706      2.474    14.3616 0.0000e+00
      1.739 8.5415e-19     6.3354     62.067     41.351  32.557435     5.2835      7.753   284.2595 7.8761e+01     3.4201      1.705      2.473    14.3622 0.0000e+00
      1.739 7.7651e-20     6.3382     62.017     41.353  32.558570     5.2765      7.753   284.3709 7.8503e+01     3.4397      1.705      2.473    14.3625 0.0000e+00
      1.739 7.0606e-21     6.3443     61.945     41.368  32.571155     5.2520      7.753   284.3020 7.8339e+01     3.4379      1.705      2.473    14.3628 0.0000e+00
      1.739 6.4315e-22     6.3464     61.883     41.383  32.582796     5.2366      7.753   284.2011 7.8366e+01     3.4324      1.706      2.474    14.3632 0.0000e+00
      1.739 5.8800e-23     6.3474     61.818     41.369  32.572516     5.2316      7.753   284.2696 7.8338e+01     3.4078      1.706      2.474    14.3636 0.0000e+00
      1.739 4.4915e-24     6.3411     61.770     41.371  32.573669     5.2158      7.753   284.4416 7.8116e+01     3.3798      1.706      2.474    14.3638 0.0000e+00
      1.739 6.3059e-20     6.3309     61.772     41.401  32.596733     5.1951      7.752   284.6470 7.7914e+01     3.4006      1.706      2.474    14.3639 0.0000e+00
      1.739 6.9364e-19     6.3274     61.812     41.401  32.597773     5.1900      7.751   284.7744 7.7820e+01     3.4548      1.705      2.473    14.3643 0.0000e+00
      1.739 7.6301e-18     6.3188     61.877     41.386  32.586246     5.1876      7.751   284.6905 7.7673e+01     3.4541      1.706      2.474    14.3644 0.0000e+00
      1.739 8.3931e-17     6.3125     61.967     41.384  32.584168     5.1903      7.752   284.4934 7.7468e+01     3.4257      1.706      2.474    14.3643 0.0000e+00
      1.739 9.2324e-16     6.3131     62.032     41.369  32.572640     5.2144      7.752   284.3697 7.7334e+01     3.4527      1.705      2.473    14.3645 0.0000e+00
      1.739 1.0156e-14     6.3188     62.053     41.369  32.573670     5.2468      7.753   284.3996 7.7199e+01     3.4737      1.706      2.474    14.3647 0.0000e+00
      1.739 1.1171e-13     6.3231     62.064     41.398  32.596620     5.2656      7.753   284.4241 7.7013e+01     3.4744      1.705      2.473    14.3650 0.0000e+00
      1.739 1.2288e-12     6.3360     62.064     41.398  32.596515     5.2664      7.753   284.4084 7.6943e+01     3.4619      1.706      2.474    14.3651 0.0000e+00
      1.739 1.3517e-11     6.3442     62.045     41.367  32.572412     5.2647      7.753   284.4675 7.6860e+01     3.4250      1.705      2.473    14.3654 0.0000e+00
      1.739 1.4869e-10     6.3419     62.000     41.350  32.558796     5.2706      7.754   284.5373 7.6641e+01     3.4378      1.706      2.474    14.3659 0.0000e+00
      1.739 1.6356e-09     6.3459     61.948     41.350  32.558692     5.2792      7.754   284.5634 7.6416e+01     3.4458      1.706      2.474    14.3661 0.0000e+00
      1.739 1.7991e-08     6.3444     61.921     41.365  32.571154     5.2780      7.753   284.4391 7.6142e+01     3.3858      1.705      2.473    14.3661 0.0000e+00
      1.739 1.9791e-07     6.3437     61.881     41.380  32.582671     5.2722      7.753   284.3255 7.5846e+01     3.3618      1.706      2.474    14.3662 0.0000e+00
      1.740      0.000     6.3390     61.818     41.365  32.571143     5.2751      7.753   284.3933 7.5621e+01     3.3937      1.706      2.474    14.3663 0.0000e+00
      1.740      0.000     6.3300     61.774     41.348  32.558568     5.2805      7.754   284.3992 7.5501e+01     3.4306      1.706      2.474    14.3665 0.0000e+00
      1.739      0.000     6.3308     61.757     41.347  32.557434     5.2878      7.754   284.3966 7.5401e+01     3.4656      1.706      2.474    14.3668 0.0000e+00
      1.739      0.003     6.3273     61.754     41.347  32.557435     5.2798      7.754   284.4482 7.5236e+01     3.5105      1.705      2.473    14.3668 0.0000e+00
      1.739      0.032     6.3174     61.768     41.349  32.558578     5.2498      7.754   284.4206 7.4993e+01     3.5626      1.706      2.475    14.3671 0.0000e+00
      1.739      0.351     6.3136     61.795     41.365  32.571257     5.2338      7.754   284.3214 7.4751e+01     3.6179      1.706      2.474    14.3673 0.0000e+00
      1.739      3.857     6.3128     61.836     41.381  32.583929     5.2362      7.754   284.1953 7.4528e+01     3.6668      1.705      2.473    14.3676 0.0000e+00
      1.739 4.2423e-99     6.3115     61.894     41.382  32.584987     5.2206      7.752   284.1860 7.4166e+01     3.6064      1.705      2.473    14.3678 0.0000e+00
      1.739 4.6665e-98     6.3136     61.937     41.381  32.584053     5.1777      7.752   284.2959 7.3892e+01     3.4686      1.706      2.474    14.3676 0.0000e+00
      1.739 5.1331e-97     6.3165     61.956     41.366  32.572639     5.1587      7.753   284.4051 7.3749e+01     3.4352      1.706      2.474    14.3677 0.0000e+00
      1.739 5.6465e-96     6.3193     61.968     41.367  32.573782     5.1740      7.753   284.3878 7.3525e+01     3.4762      1.706      2.474    14.3678 0.0000e+00
      1.739 6.2111e-95     6.3278     61.979     41.398  32.597876     5.2052      7.754   284.1728 7.3315e+01     3.4859      1.706      2.474    14.3679 0.0000e+00
      1.739 6.8322e-94     6.3324     61.998     41.414  32.610347     5.2524      7.754   284.0422 7.3060e+01     3.4508      1.706      2.474    14.3681 0.0000e+00
      1.739 7.5154e-93     6.3330     62.025     41.398  32.597762     5.2785      7.753   284.0992 7.2710e+01     3.3932      1.706      2.474    14.3681 0.0000e+00
      1.740 8.2670e-92     6.3346     62.047     41.366  32.572525     5.2805      7.753   284.1734 7.2360e+01     3.4033      1.706      2.475    14.3681 0.0000e+00
      1.740 9.0937e-91     6.3352     62.069     41.348  32.558806     5.2765      7.753   284.2517 7.2049e+01     3.4363      1.706      2.474    14.3681 0.0000e+00
      1.739 1.0003e-89     6.3367     62.085     41.348  32.558692     5.2624      7.753   284.3573 7.1828e+01     3.4163      1.706      2.474    14.3681 0.0000e+00
      1.739 1.1003e-88     6.3409     62.076     41.363  32.571154     5.2431      7.753   284.3315 7.1674e+01     3.4005      1.705      2.473    14.3681 0.0000e+00
      1.739 1.2104e-87     6.3420     62.047     41.378  32.582671     5.2261      7.753   284.1972 7.1498e+01     3.3824      1.705      2.473    14.3681 0.0000e+00
      1.739 1.3314e-86     6.3445     62.007     41.363  32.571143     5.2239      7.754   284.1969 7.1292e+01     3.3689      1.706      2.474    14.3682 0.0000e+00
      1.739 1.4645e-85     6.3477     61.954     41.348  32.558577     5.2494      7.754   284.2422 7.1086e+01     3.4072      1.706      2.474    14.3685 0.0000e+00
      1.739 1.6110e-84     6.3461     61.894     41.347  32.557538     5.2763      7.753   284.2279 7.0794e+01     3.4702      1.706      2.474    14.3685 0.0000e+00
      1.739 1.7721e-83     6.3423     61.832     41.349  32.558578     5.2743      7.753   284.2824 7.0514e+01     3.4812      1.706      2.474    14.3684 0.0000e+00
      1.739 1.9493e-82     6.3390     61.778     41.365  32.571154     5.2676      7.754   284.4713 7.0326e+01     3.4386      1.706      2.474    14.3686 0.0000e+00
      1.739 2.1442e-81     6.3332     61.773     41.381  32.582786     5.2613      7.754   284.6190 7.0040e+01     3.4328      1.706      2.474    14.3683 0.0000e+00
      1.739 2.3587e-80     6.3266     61.809     41.368  32.572411     5.2488      7.754   284.5191 6.9680e+01     3.4793      1.705      2.473    14.3677 0.0000e+00
      1.739 2.5945e-79     6.3213     61.859     41.368  32.572516     5.2323      7.754   284.2961 6.9360e+01     3.4884      1.706      2.474    14.3670 0.0000e+00
      1.739 2.8540e-78     6.3123     61.920     41.383  32.584053     5.2113      7.752   284.1597 6.9050e+01     3.4405      1.706      2.474    14.3667 0.0000e+00
      1.739 3.1394e-77     6.3130     61.996     41.385  32.585102     5.2038      7.752   284.2472 6.8652e+01     3.4131      1.705      2.473    14.3662 0.0000e+00
      1.739 3.4533e-76     6.3186     62.061     41.385  32.585197     5.2160      7.754   284.4934 6.8240e+01     3.4303      1.705      2.473    14.3658 0.0000e+00
      1.739 3.7987e-75     6.3232     62.075     41.385  32.585205     5.2340      7.754   284.5548 6.7959e+01     3.4438      1.706      2.474    14.3654 0.0000e+00
      1.739 4.1785e-74     6.3288     62.036     41.385  32.585197     5.2383      7.754   284.4742 6.7636e+01     3.4052      1.706      2.474    14.3652 0.0000e+00
      1.739 4.5964e-73     6.3379     61.983     41.385  32.585092     5.2182      7.754   284.4649 6.7141e+01     3.3736      1.706      2.474    14.3651 0.0000e+00
      1.739 5.0560e-72     6.3466     61.965     41.383  32.583939     5.1990      7.754   284.4418 6.6621e+01     3.4376      1.706      2.474    14.3649 0.0000e+00
      1.739 5.5616e-71     6.3479     61.980     41.367  32.571259     5.1972      7.754   284.5398 6.6329e+01     3.4952      1.705      2.473    14.3647 0.0000e+00
      1.739 6.1178e-70     6.3424     61.970     41.351  32.558579     5.1883      7.754   284.7892 6.6177e+01     3.4902      1.705      2.473    14.3647 0.0000e+00
      1.739 6.7296e-69     6.3346     61.942     41.350  32.557437     5.1665      7.753   284.8752 6.5790e+01     3.4791      1.706      2.474    14.3649 0.0000e+00
      1.739 7.4025e-68     6.3325     61.949     41.350  32.557445     5.1582      7.752   284.8066 6.5250e+01     3.4634      1.705      2.473    14.3646 0.0000e+00
      1.739 8.1428e-67     6.3376     61.968     41.352  32.558684     5.1712      7.752   284.7339 6.4817e+01     3.4718      1.706      2.474    14.3646 0.0000e+00
      1.739 8.9570e-66     6.3372     61.976     41.369  32.572411     5.1829      7.752   284.6843 6.4476e+01     3.4778      1.705      2.473    14.3645 0.0000e+00
      1.739 9.8527e-65     6.3287     61.989     41.400  32.596618     5.1827      7.752   284.7225 6.4151e+01     3.4334      1.705      2.473    14.3644 0.0000e+00
      1.739 1.0838e-63     6.3332     62.003     41.402  32.597762     5.1940      7.752   284.8518 6.3835e+01     3.3786      1.705      2.473    14.3645 0.0000e+00
      1.739 1.1922e-62     6.3358     62.005     41.387  32.586235     5.2370      7.753   284.9570 6.3490e+01     3.3958      1.706      2.474    14.3643 0.0000e+00
      1.739 1.3114e-61     6.3350     62.000     41.384  32.584054     5.2853      7.754   284.9624 6.3091e+01     3.4708      1.705      2.473    14.3641 0.0000e+00
      1.739 1.4425e-60     6.3370     61.993     41.368  32.571394     5.3123      7.754   284.8318 6.2726e+01     3.4999      1.706      2.474    14.3641 0.0000e+00
      1.739 1.5868e-59     6.3392     61.970     41.353  32.559962     5.2966      7.754   284.6677 6.2424e+01     3.4741      1.705      2.473    14.3639 0.0000e+00
      1.739 1.7455e-58     6.3395     61.956     41.369  32.572642     5.2535      7.754   284.6128 6.2097e+01     3.4316      1.706      2.474    14.3638 0.0000e+00
      1.739 1.9200e-57     6.3370     61.958     41.401  32.597897     5.2330      7.754   284.5982 6.1748e+01     3.3964      1.706      2.474    14.3639 0.0000e+00
      1.739 2.1120e-56     6.3395     61.957     41.419  32.611710     5.2307      7.754   284.6635 6.1412e+01     3.4249      1.706      2.474    14.3642 0.0000e+00
      1.739 2.3232e-55     6.3338     61.962     41.420  32.612853     5.2263      7.754   284.8862 6.1003e+01     3.4683      1.705      2.473    14.3644 0.0000e+00
      1.739 2.5555e-54     6.3327     61.982     41.418  32.611709     5.2220      7.754   285.0538 6.0487e+01     3.4430      1.706      2.474    14.3645 0.0000e+00
      1.739 2.8111e-53     6.3344     61.993     41.401  32.597887     5.2284      7.754   285.0557 5.9983e+01     3.4601      1.705      2.473    14.3650 0.0000e+00
      1.739 3.0922e-52     6.3334     61.983     41.369  32.572528     5.2365      7.753   284.9079 5.9552e+01     3.5389      1.706      2.474    14.3653 0.0000e+00
      1.739 3.4014e-51     6.3331     61.989     41.351  32.558704     5.2371      7.753   284.7294 5.9106e+01     3.5422      1.706      2.474    14.3654 0.0000e+00
      1.739 3.7416e-50     6.3363     61.996     41.349  32.557551     5.2351      7.753   284.7056 5.8624e+01     3.4660      1.706      2.474    14.3653 0.0000e+00
      1.739 4.1157e-49     6.3394     61.971     41.351  32.558589     5.2293      7.752   284.7061 5.8133e+01     3.4025      1.705      2.473    14.3654 0.0000e+00
      1.739 4.5273e-48     6.3344     61.935     41.367  32.571259     5.2343      7.752   284.7351 5.7659e+01     3.4234      1.705      2.474    14.3652 0.0000e+00
      1.739 4.9800e-47     6.3366     61.911     41.383  32.583939     5.2532      7.752   284.8844 5.7232e+01     3.4457      1.706      2.473    14.3652 0.0000e+00
      1.739 5.4780e-46     6.3399     61.891     41.384  32.585091     5.2586      7.753   284.8762 5.6849e+01     3.4328      1.705      2.472    14.3654 0.0000e+00
      1.739 6.0258e-45     6.3352     61.898     41.384  32.585196     5.2415      7.754   284.6361 5.6460e+01     3.4384      1.705      2.473    14.3653 0.0000e+00
      1.739 6.6284e-44     6.3301     61.943     41.384  32.585205     5.2210      7.754   284.5626 5.6048e+01     3.4119      1.705      2.473    14.3654 0.0000e+00
      1.739 7.2913e-43     6.3296     61.978     41.384  32.585197     5.2109      7.753   284.6758 5.5747e+01     3.3852      1.706      2.474    14.3655 0.0000e+00
      1.739 8.0204e-42     6.3256     61.975     41.384  32.585092     5.2189      7.752   284.7139 5.5552e+01     3.4225      1.705      2.473    14.3655 0.0000e+00
      1.739 8.8224e-41     6.3253     61.974     41.382  32.583940     5.2334      7.752   284.7649 5.5319e+01     3.4528      1.705      2.472    14.3658 0.0000e+00
      1.739 9.7047e-40     6.3325     62.003     41.366  32.571268     5.2291      7.754   284.7762 5.5107e+01     3.4096      1.705      2.473    14.3662 0.0000e+00
      1.739 1.0675e-38     6.3380     62.032     41.349  32.558693     5.2167      7.755   284.5927 5.4980e+01     3.3783      1.705      2.473    14.3663 0.0000e+00
