Data/DataNotYetUploadedToEDI/Raw_CTD/RawDownloads/101122_bvr50_S8188001.cnv
* Sea-Bird SBE19plus  Data File:
* FileName = C:\R\Reservoirs\Data\DataNotYetUploadedToEDI\Raw_CTD\RawDownloads\101122_bvr50_S8188_0001.hex
* Software version 2.8.0.119
* Temperature SN = 8188
* Conductivity SN = 8188
* System UpLoad Time = Oct 12 2022 11:42:41
* <ApplicationData>
* <Seaterm232>
# nquan = 16
# nvalues = 1691                        
# units = specified
# name 0 = depFM: Depth [fresh water, m]
# name 1 = dz/dtM: Descent Rate [m/s]
# name 2 = sbeox0Mg/L: Oxygen, SBE 43 [mg/l]
# name 3 = sbeox0PS: Oxygen, SBE 43 [% saturation]
# name 4 = specc: Specific Conductance [uS/cm]
# name 5 = c0uS/cm: Conductivity [uS/cm]
# name 6 = wetCDOM: Fluorescence, WET Labs CDOM [mg/m^3]
# name 7 = flECO-AFL: Fluorescence, WET Labs ECO-AFL/FL [mg/m^3]
# name 8 = flECO-AFL1: Fluorescence, WET Labs ECO-AFL/FL, 2 [mg/m^3]
# name 9 = flECO-AFL2: Fluorescence, WET Labs ECO-AFL/FL, 3 [mg/m^3]
# name 10 = par/sat/log: PAR/Logarithmic, Satlantic
# name 11 = turbWETntu0: Turbidity, WET Labs ECO [NTU]
# name 12 = prdM: Pressure, Strain Gauge [db]
# name 13 = prdE: Pressure, Strain Gauge [psi]
# name 14 = tv290C: Temperature [ITS-90, deg C]
# name 15 = flag:  0.000e+00
# span 0 =     -0.631,      7.415       
# span 1 =     -0.225,      0.157       
# span 2 =    -0.2630,     8.4861       
# span 3 =     -2.539,     83.882       
# span 4 =   -617.713,    266.292       
# span 5 =-464.652718, 189.314935       
# span 6 =    -1.4400,    11.6100       
# span 7 =    -2.9155,     4.6797       
# span 8 =     0.0000,     1.4910       
# span 9 =    -4.6953,     1.6497       
# span 10 = 1.1587e-01, 1.8843e+03      
# span 11 =    -4.0607,    44.9676      
# span 12 =     -0.619,      7.272      
# span 13 =     -0.898,     10.547      
# span 14 =    10.5223,    15.2881      
# span 15 = 0.0000e+00, 0.0000e+00      
# interval = seconds: 0.25
# start_time = Oct 11 2022 07:53:39 [Instrument's time stamp, header]
# bad_flag = -9.990e-29
*END*
[from data line 1085]
      5.480      0.022     0.1191      1.114    130.909  99.029344     7.5600     1.4638     0.2982     0.8460 2.9503e-01     9.4514      5.374      7.794    12.8236 0.0000e+00
      5.485      0.022     0.1192      1.115    132.579 100.237878     7.5600     1.4905     0.2130     0.9306 3.2768e-01     9.4063      5.379      7.802    12.8025 0.0000e+00
      5.491      0.022     0.1192      1.114    133.996 101.265732     7.5600     1.4600     0.2130     0.9306 2.8292e-01     9.3612      5.384      7.809    12.7859 0.0000e+00
      5.496      0.022     0.1193      1.115    135.607 102.448596     7.5600     1.4714     0.2130     0.9306 2.8982e-01     9.4063      5.389      7.817    12.7728 0.0000e+00
      5.501      0.022     0.1198      1.120    137.566 103.893262     7.5600     1.4905     0.2130     0.9306 3.0428e-01     8.1889      5.394      7.824    12.7600 0.0000e+00
      5.506      0.021     0.1205      1.126    139.674 105.444470     7.6500     1.4714     0.2556     0.8883 2.6802e-01     8.1438      5.400      7.832    12.7453 0.0000e+00
      5.512      0.021     0.1214      1.134    141.598 106.852113     7.6500     1.4524     0.2556     0.8883 2.6237e-01     8.1889      5.405      7.839    12.7292 0.0000e+00
      5.517      0.021     0.1228      1.147    143.199 108.016557     7.6500     1.4524     0.2556     0.8883 2.8102e-01     8.2039      5.410      7.847    12.7139 0.0000e+00
      5.523      0.021     0.1245      1.162    144.589 109.027693     7.6500     1.5401     0.2556     0.8883 2.4645e-01     7.9634      5.416      7.855    12.7006 0.0000e+00
      5.528      0.021     0.1255      1.172    145.910 109.992163     7.6500     1.5248     0.2556     0.8037 2.8619e-01     8.0386      5.421      7.863    12.6896 0.0000e+00
      5.534      0.021     0.1260      1.176    147.291 111.006149     7.6500     1.5210     0.2556     0.8037 2.9331e-01     7.9785      5.427      7.871    12.6804 0.0000e+00
      5.539      0.021     0.1261      1.176    148.845 112.151198     7.6500     1.5287     0.2556     0.8037 2.7426e-01     8.0085      5.432      7.879    12.6716 0.0000e+00
      5.545      0.022     0.1257      1.173    150.474 113.350961     7.6500     1.5248     0.2556     0.8037 2.5329e-01     7.6328      5.438      7.887    12.6624 0.0000e+00
      5.551      0.022     0.1252      1.168    151.930 114.418407     7.6500     1.5401     0.2556     0.8037 2.6123e-01     7.7380      5.444      7.896    12.6527 0.0000e+00
      5.558      0.023     0.1248      1.164    153.060 115.240540     7.6500     1.5058     0.3408     0.8037 2.5678e-01     7.6328      5.450      7.905    12.6431 0.0000e+00
      5.564      0.023     0.1245      1.161    153.827 115.792023     7.6500     1.5096     0.3408     0.8037 2.5340e-01     7.7530      5.456      7.914    12.6344 0.0000e+00
      5.569      0.023     0.1249      1.164    154.269 116.102601     7.6500     1.5821     0.3408     0.8037 2.4828e-01     7.7380      5.462      7.921    12.6273 0.0000e+00
      5.574      0.023     0.1256      1.171    154.460 116.231231     7.6500     1.5668     0.3408     0.8037 2.3571e-01     7.7680      5.466      7.928    12.6224 0.0000e+00
      5.578      0.022     0.1256      1.171    154.465 116.228122     7.6500     1.5706     0.3408     0.9306 2.4726e-01     7.7680      5.470      7.934    12.6200 0.0000e+00
      5.582      0.021     0.1247      1.162    154.346 116.138180     7.6500     1.5821     0.3408     0.9306 2.6837e-01     7.6628      5.474      7.939    12.6199 0.0000e+00
      5.584      0.019     0.1234      1.149    154.131 115.979179     7.6500     1.5859     0.3408     0.9306 2.4453e-01     7.6929      5.476      7.943    12.6206 0.0000e+00
      5.587      0.017     0.1219      1.136    153.808 115.738545     7.6500     1.5821     0.3408     0.9306 2.4469e-01     7.7380      5.479      7.946    12.6213 0.0000e+00
      5.589      0.015     0.1199      1.117    153.349 115.395854     7.6500     1.5935     0.2982     1.0575 2.3485e-01     7.7380      5.481      7.949    12.6222 0.0000e+00
      5.591      0.013     0.1180      1.099    152.730 114.935282     7.6500     1.5783     0.2982     1.0575 2.1656e-01     7.8582      5.483      7.952    12.6239 0.0000e+00
      5.593      0.011     0.1174      1.094    151.924 114.337405     7.6500     1.5935     0.2982     1.0575 2.3095e-01     7.8582      5.485      7.954    12.6267 0.0000e+00
      5.594      0.009     0.1178      1.098    150.832 113.526300     7.6500     1.5935     0.2982     1.0575 2.6237e-01     7.6628      5.486      7.957    12.6299 0.0000e+00
      5.596      0.008     0.1189      1.107    149.207 112.311522     7.6500     1.5859     0.2982     1.0575 2.2036e-01     7.7380      5.488      7.959    12.6325 0.0000e+00
      5.597      0.007     0.1205      1.121    146.616 110.365155     7.7400     1.5783     0.2556     0.9306 2.3040e-01     7.7680      5.489      7.961    12.6334 0.0000e+00
      5.599      0.007     0.1219      1.134    142.383 107.178107     7.7400     1.5096     0.2556     0.9306 2.4817e-01     7.7831      5.491      7.963    12.6324 0.0000e+00
      5.600      0.006     0.1225      1.140    135.385 101.906466     7.7400     1.5210     0.2556     0.9306 2.2613e-01     7.7230      5.492      7.965    12.6300 0.0000e+00
      5.602      0.006     0.1228      1.143    123.741  93.138494     7.7400     1.5248     0.2556     0.9306 2.2559e-01     7.7079      5.494      7.967    12.6271 0.0000e+00
      5.603      0.006     0.1232      1.146    104.426  78.599689     7.7400     1.5363     0.2130     0.8037 2.3592e-01     7.7530      5.495      7.969    12.6239 0.0000e+00
      5.605      0.006     0.1235      1.149     72.430  54.522391     7.7400     1.4676     0.2130     0.8037 2.3819e-01     8.2039      5.496      7.971    12.6209 0.0000e+00
      5.606      0.006     0.1236      1.150     19.253  14.513825     7.7400     1.4638     0.2130     0.8037 2.2598e-01     8.2490      5.498      7.973    12.6183 0.0000e+00
      5.608      0.006     0.1235      1.149    -69.347 -52.140692     7.7400     1.4791     0.2130     0.8037 2.2031e-01     8.1438      5.499      7.976    12.6159 0.0000e+00
      5.609      0.006     0.1232      1.146   -217.147 -163.325054     7.8300     1.4791     0.2130     0.8037 2.0245e-01     8.2340      5.501      7.978    12.6138 0.0000e+00
      5.611      0.006     0.1226      1.140   -463.737 -348.821641     7.8300     1.5363     0.2130     0.8037 2.1117e-01     7.0165      5.503      7.981    12.6116 0.0000e+00
      5.613      0.006     0.1215      1.130   -617.713 -464.652718     7.8300     1.5058     0.2130     0.8037 2.0489e-01     6.9714      5.505      7.984    12.6093 0.0000e+00
      5.615      0.006     0.1200      1.116   -462.965 -348.257121     7.8300     1.4981     0.2130     0.8037 2.5584e-01     6.9865      5.507      7.987    12.6064 0.0000e+00
      5.617      0.007     0.1185      1.101   -215.688 -162.262215     7.9200     1.5287     0.2130     1.0152 2.3613e-01     7.0316      5.509      7.990    12.6024 0.0000e+00
      5.620      0.007     0.1173      1.091    -67.385 -50.721636     7.9200     1.4943     0.2130     1.0152 2.0259e-01     6.4754      5.511      7.993    12.5972 0.0000e+00
      5.622      0.008     0.1167      1.085     21.498  16.120703     7.9200     1.5363     0.2130     1.0152 2.2756e-01     6.5055      5.513      7.996    12.5917 0.0000e+00
      5.624      0.008     0.1164      1.081     74.777  56.182882     7.9200     1.5287     0.2130     1.0152 2.2865e-01     6.5506      5.516      7.999    12.5867 0.0000e+00
      5.626      0.009     0.1163      1.080    106.774  80.237630     7.9200     1.5325     0.2130     1.0152 2.0471e-01     6.5656      5.518      8.002    12.5823 0.0000e+00
      5.628      0.009     0.1167      1.084    126.072  94.741303     8.0100     1.5210     0.2130     1.0152 2.2486e-01     6.5205      5.519      8.005    12.5781 0.0000e+00
      5.630      0.009     0.1176      1.091    137.786 103.539674     8.0100     1.5096     0.2130     1.0152 2.2311e-01     6.2801      5.521      8.008    12.5740 0.0000e+00
      5.632      0.008     0.1185      1.100    144.947 108.913356     8.0100     1.5363     0.2130     1.0152 2.1149e-01     6.3853      5.523      8.011    12.5699 0.0000e+00
      5.634      0.008     0.1194      1.108    149.364 112.223746     8.0100     1.4943     0.2130     1.0152 1.9754e-01     6.1748      5.526      8.014    12.5660 0.0000e+00
      5.637      0.008     0.1202      1.116    152.191 114.339695     8.1900     1.5096     0.2130     0.8883 2.2330e-01     6.3402      5.528      8.017    12.5627 0.0000e+00
      5.639      0.008     0.1211      1.124    154.189 115.833409     8.1900     1.5058     0.2130     0.8883 2.0462e-01     6.8061      5.530      8.021    12.5600 0.0000e+00
      5.642      0.009     0.1218      1.130    155.826 117.055488     8.1900     1.5401     0.2130     0.8883 1.9588e-01     6.8512      5.533      8.025    12.5572 0.0000e+00
      5.646      0.009     0.1220      1.132    157.330 118.174725     8.1900     1.5096     0.2130     0.8883 2.1979e-01     6.7310      5.537      8.030    12.5538 0.0000e+00
      5.650      0.010     0.1219      1.131    158.619 119.131621     8.1900     1.5287     0.1704     0.8460 1.9355e-01     6.8512      5.540      8.036    12.5501 0.0000e+00
      5.654      0.012     0.1217      1.129    159.499 119.783603     8.1900     1.5210     0.1704     0.8460 1.9596e-01     5.8893      5.545      8.042    12.5471 0.0000e+00
      5.659      0.013     0.1211      1.123    160.018 120.169294     8.1900     1.5210     0.1704     0.8460 1.8791e-01     5.9344      5.550      8.049    12.5459 0.0000e+00
      5.664      0.015     0.1202      1.115    160.372 120.435302     8.1900     1.5325     0.1704     0.8460 1.9030e-01     5.9494      5.555      8.056    12.5458 0.0000e+00
      5.669      0.016     0.1195      1.108    160.658 120.646596     8.1900     1.5210     0.1704     0.8460 2.2098e-01     5.8141      5.560      8.064    12.5447 0.0000e+00
      5.675      0.018     0.1194      1.107    160.845 120.775988     8.3700     1.4638     0.1704     0.9729 2.0789e-01     5.6939      5.565      8.072    12.5414 0.0000e+00
      5.680      0.019     0.1197      1.109    160.895 120.800304     8.3700     1.4714     0.1704     0.9729 2.0516e-01     5.7089      5.571      8.079    12.5372 0.0000e+00
      5.686      0.020     0.1198      1.110    160.819 120.733982     8.3700     1.4714     0.1704     0.9729 2.1950e-01     5.5286      5.576      8.087    12.5344 0.0000e+00
      5.691      0.021     0.1194      1.106    160.587 120.559337     8.3700     1.4905     0.1704     0.9729 1.6718e-01     5.5286      5.581      8.095    12.5344 0.0000e+00
      5.697      0.021     0.1188      1.100    160.111 120.213883     8.2800     1.4447     0.1704     1.0575 2.0245e-01     5.5586      5.586      8.103    12.5380 0.0000e+00
      5.702      0.021     0.1182      1.095    159.426 119.722843     8.2800     1.4524     0.1704     1.0575 1.7026e-01     5.6488      5.592      8.111    12.5453 0.0000e+00
      5.708      0.021     0.1173      1.086    158.903 119.357000     8.2800     1.4638     0.1704     1.0575 1.4977e-01     5.6488      5.598      8.119    12.5538 0.0000e+00
      5.715      0.022     0.1159      1.073    158.985 119.438412     8.2800     1.4791     0.1704     1.0575 1.7201e-01     5.5586      5.604      8.128    12.5601 0.0000e+00
      5.721      0.022     0.1150      1.065    159.766 120.028568     8.4600     1.5287     0.1704     1.0575 1.9397e-01     5.7841      5.610      8.137    12.5613 0.0000e+00
      5.727      0.023     0.1150      1.065    160.958 120.906989     8.4600     1.5363     0.1704     1.0575 1.7594e-01     5.9043      5.616      8.146    12.5560 0.0000e+00
      5.734      0.023     0.1161      1.074    162.116 121.743099     8.4600     1.5096     0.1704     1.0575 1.7108e-01     5.7841      5.623      8.155    12.5456 0.0000e+00
      5.740      0.024     0.1174      1.086    163.013 122.377990     8.4600     1.5401     0.1704     1.0575 1.5851e-01     5.7841      5.629      8.165    12.5337 0.0000e+00
      5.747      0.024     0.1189      1.099    163.779 122.919303     8.3700     1.5935     0.1704     1.1844 1.7268e-01     5.4083      5.635      8.174    12.5233 0.0000e+00
      5.753      0.025     0.1209      1.117    164.613 123.519343     8.3700     1.6202     0.1704     1.1844 1.8492e-01     5.3181      5.642      8.183    12.5154 0.0000e+00
      5.759      0.025     0.1227      1.134    165.484 124.149152     8.3700     1.5783     0.1704     1.1844 1.5197e-01     5.3332      5.648      8.192    12.5083 0.0000e+00
      5.766      0.025     0.1236      1.141    166.254 124.700186     8.3700     1.5821     0.1704     1.1844 1.7033e-01     5.3332      5.655      8.201    12.5003 0.0000e+00
      5.773      0.026     0.1228      1.134    166.942 125.186107     8.3700     1.6355     0.1704     1.1844 1.3742e-01     5.3332      5.661      8.211    12.4912 0.0000e+00
      5.780      0.026     0.1208      1.114    167.644 125.678803     8.4600     1.6393     0.1278     0.9306 1.4919e-01     5.3482      5.668      8.222    12.4811 0.0000e+00
      5.788      0.027     0.1187      1.095    168.311 126.140564     8.4600     1.6584     0.1278     0.9306 1.4409e-01     5.3933      5.676      8.232    12.4696 0.0000e+00
      5.796      0.027     0.1175      1.084    168.700 126.388150     8.4600     1.6164     0.1278     0.9306 1.7033e-01     5.3031      5.684      8.243    12.4563 0.0000e+00
      5.804      0.028     0.1171      1.079    168.516 126.203084     8.4600     1.6584     0.1278     0.9306 1.5290e-01     5.0476      5.692      8.255    12.4421 0.0000e+00
      5.812      0.029     0.1172      1.079    167.492 125.392761     8.6400     1.6317     0.1278     1.0575 1.4745e-01     5.1378      5.700      8.267    12.4287 0.0000e+00
      5.820      0.030     0.1178      1.085    165.295 123.713239     8.6400     1.6355     0.1278     1.0575 1.2900e-01     5.0476      5.708      8.278    12.4178 0.0000e+00
      5.828      0.031     0.1192      1.097    161.385 120.764396     8.6400     1.6507     0.1278     1.0575 1.4994e-01     5.0776      5.715      8.289    12.4102 0.0000e+00
      5.835      0.031     0.1207      1.111    154.756 115.791705     8.6400     1.6660     0.1278     1.0575 1.6207e-01     5.1077      5.722      8.299    12.4051 0.0000e+00
      5.841      0.031     0.1216      1.119    143.536 107.389532     8.6400     1.6469     0.1278     1.0575 1.3529e-01     5.1077      5.729      8.308    12.4008 0.0000e+00
      5.848      0.030     0.1218      1.121    124.546  93.178019     8.6400     1.6355     0.1278     1.0575 1.4418e-01     5.0927      5.735      8.318    12.3964 0.0000e+00
      5.855      0.029     0.1218      1.121     92.585  69.267943     8.6400     1.6507     0.1278     1.0575 1.3968e-01     5.1227      5.742      8.328    12.3917 0.0000e+00
      5.862      0.028     0.1214      1.117     39.074  29.249459     8.6400     1.7232     0.1278     1.0575 1.2897e-01     5.3031      5.749      8.338    12.3873 0.0000e+00
      5.869      0.027     0.1203      1.107    -50.318 -37.590815     8.6400     1.7156     0.1278     1.0575 1.2338e-01     5.3332      5.755      8.347    12.3837 0.0000e+00
      5.875      0.027     0.1190      1.095   -199.549-149.162513     8.7300     1.7003     0.1278     1.1421 1.2002e-01     5.3031      5.761      8.356    12.3811 0.0000e+00
      5.880      0.026     0.1175      1.080   -448.488-335.269823     8.7300     1.7118     0.1278     1.1421 1.2659e-01     5.3933      5.767      8.364    12.3796 0.0000e+00
      5.886      0.025     0.1156      1.062   -604.070-451.578990     8.7300     1.6431     0.1278     1.1421 1.1612e-01     5.0626      5.772      8.371    12.3799 0.0000e+00
