Data/DataNotYetUploadedToEDI/Raw_CTD/RawDownloads/101122_fcr50_S8188002.cnv
* Sea-Bird SBE19plus  Data File:
* FileName = C:\R\Reservoirs\Data\DataNotYetUploadedToEDI\Raw_CTD\RawDownloads\101122_bvr50_S8188_0002.hex
* Software version 2.8.0.119
* Temperature SN = 8188
* Conductivity SN = 8188
* System UpLoad Time = Oct 12 2022 11:43:19
* <ApplicationData>
* <Seaterm232>
# nquan = 16
# nvalues = 2602                        
# units = specified
# name 0 = depFM: Depth [fresh water, m]
# name 1 = dz/dtM: Descent Rate [m/s]
# name 2 = sbeox0Mg/L: Oxygen, SBE 43 [mg/l]
# name 3 = sbeox0PS: Oxygen, SBE 43 [% saturation]
# name 4 = specc: Specific Conductance [uS/cm]
# name 5 = c0uS/cm: Conductivity [uS/cm]
# name 6 = wetCDOM: Fluorescence, WET Labs CDOM [mg/m^3]
# name 7 = flECO-AFL: Fluorescence, WET Labs ECO-AFL/FL [mg/m^3]
# name 8 = flECO-AFL1: Fluorescence, WET Labs ECO-AFL/FL, 2 [mg/m^3]
# name 9 = flECO-AFL2: Fluorescence, WET Labs ECO-AFL/FL, 3 [mg/m^3]
# name 10 = par/sat/log: PAR/Logarithmic, Satlantic
# name 11 = turbWETntu0: Turbidity, WET Labs ECO [NTU]
# name 12 = prdM: Pressure, Strain Gauge [db]
# name 13 = prdE: Pressure, Strain Gauge [psi]
# name 14 = tv290C: Temperature [ITS-90, deg C]
# name 15 = flag:  0.000e+00
# span 0 =     -0.553,      9.639       
# span 1 =     -0.172,      0.106       
# span 2 =     5.7871,    18.8315       
# span 3 =     55.572,    179.813       
# span 4 =     -0.451,     48.689       
# span 5 =  -0.361711,  37.092669       
# span 6 =    -1.4400,    10.2600       
# span 7 =    -1.0501,    12.4961       
# span 8 =    -1.4910,     5.1972       
# span 9 =    -7.4025,     8.8407       
# span 10 = 1.1592e-01, 1.5140e+03      
# span 11 =    -3.8803,   293.4458      
# span 12 =     -0.542,      9.453      
# span 13 =     -0.787,     13.710      
# span 14 =    12.9335,    19.4307      
# span 15 = 0.0000e+00, 0.0000e+00      
# interval = seconds: 0.25
# start_time = Oct 11 2022 10:14:03 [Instrument's time stamp, header]
# bad_flag = -9.990e-29
*END*
[from data line 633]
      2.679      0.018    12.8408    126.453     19.822  15.771043     4.3200     4.0273     0.0852     1.5651 3.4993e+01     3.1237      2.627      3.811    14.7782 0.0000e+00
      2.683      0.018    12.8472    126.511     19.826  15.774144     4.3200     4.0350     0.0852     1.5651 3.4811e+01     3.1388      2.632      3.817    14.7781 0.0000e+00
      2.687      0.018    12.8537    126.571     19.821  15.769903     4.3200     4.0884     0.0852     1.5651 3.4728e+01     3.1087      2.636      3.823    14.7780 0.0000e+00
      2.692      0.018    12.8605    126.634     19.815  15.765104     4.4100     4.1113     0.0426     1.4382 3.4623e+01     3.1087      2.640      3.829    14.7779 0.0000e+00
      2.696      0.017    12.8675    126.699     19.812  15.762424     4.4100     4.0846     0.0426     1.4382 3.4286e+01     3.2139      2.644      3.835    14.7779 0.0000e+00
      2.701      0.017    12.8745    126.763     19.810  15.761148     4.4100     4.0807     0.0426     1.4382 3.3915e+01     3.1087      2.649      3.841    14.7778 0.0000e+00
      2.706      0.017    12.8811    126.825     19.810  15.760937     4.4100     4.0388     0.0426     1.4382 3.3695e+01     3.1087      2.654      3.848    14.7777 0.0000e+00
      2.711      0.018    12.8871    126.881     19.811  15.761733     4.4100     4.0502     0.0426     1.4382 3.3396e+01     3.0636      2.659      3.856    14.7777 0.0000e+00
      2.716      0.018    12.8925    126.931     19.808  15.759793     4.2300     4.0464     0.0852     1.4382 3.3215e+01     3.1838      2.664      3.863    14.7776 0.0000e+00
      2.721      0.018    12.8979    126.979     19.802  15.754598     4.2300     4.0311     0.0852     1.4382 3.2820e+01     3.1388      2.668      3.870    14.7776 0.0000e+00
      2.726      0.019    12.9032    127.026     19.799  15.752678     4.2300     4.0807     0.0852     1.4382 3.2593e+01     3.1838      2.673      3.877    14.7775 0.0000e+00
      2.731      0.019    12.9086    127.073     19.800  15.753521     4.2300     4.1074     0.0852     1.4382 3.2276e+01     3.0786      2.678      3.884    14.7775 0.0000e+00
      2.735      0.019    12.9145    127.124     19.800  15.753395     4.3200     4.0884     0.0852     1.5651 3.1692e+01     3.1087      2.683      3.891    14.7775 0.0000e+00
      2.740      0.019    12.9206    127.176     19.799  15.752265     4.3200     4.1074     0.0852     1.5651 3.1527e+01     3.1087      2.687      3.898    14.7774 0.0000e+00
      2.745      0.019    12.9263    127.225     19.796  15.749830     4.3200     4.1036     0.0852     1.5651 3.1425e+01     3.1087      2.692      3.904    14.7774 0.0000e+00
      2.749      0.019    12.9318    127.272     19.795  15.749399     4.3200     4.1341     0.0852     1.5651 3.1024e+01     3.1388      2.696      3.910    14.7775 0.0000e+00
      2.753      0.018    12.9372    127.319     19.802  15.754813     4.1400     4.1151     0.0426     1.4805 3.0803e+01     3.0636      2.700      3.916    14.7775 0.0000e+00
      2.758      0.018    12.9429    127.369     19.808  15.759602     4.1400     4.1074     0.0426     1.4805 3.0516e+01     3.1087      2.705      3.922    14.7775 0.0000e+00
      2.762      0.018    12.9490    127.424     19.805  15.757128     4.1400     4.2219     0.0426     1.4805 3.0344e+01     3.1237      2.709      3.929    14.7775 0.0000e+00
      2.767      0.018    12.9555    127.484     19.797  15.750689     4.1400     4.2219     0.0426     1.4805 2.9756e+01     3.1388      2.714      3.936    14.7775 0.0000e+00
      2.772      0.018    12.9625    127.548     19.786  15.742526     4.1400     4.2410     0.0426     1.4805 2.9397e+01     3.2289      2.719      3.943    14.7775 0.0000e+00
      2.777      0.018    12.9699    127.616     19.776  15.734418     4.3200     4.2295     0.0852     1.4805 2.9111e+01     3.0786      2.724      3.950    14.7775 0.0000e+00
      2.782      0.018    12.9775    127.688     19.774  15.732118     4.3200     4.1036     0.0852     1.4805 2.8783e+01     3.0486      2.729      3.958    14.7775 0.0000e+00
      2.788      0.019    12.9852    127.761     19.777  15.735013     4.3200     4.0884     0.0852     1.4805 2.8294e+01     3.1237      2.734      3.965    14.7775 0.0000e+00
      2.793      0.020    12.9923    127.828     19.778  15.735960     4.3200     4.1227     0.0852     1.4805 2.7764e+01     3.1989      2.739      3.973    14.7775 0.0000e+00
      2.799      0.020    12.9987    127.889     19.772  15.731254     4.1400     4.0998     0.0852     1.5228 2.7356e+01     3.1538      2.745      3.981    14.7775 0.0000e+00
      2.804      0.021    13.0047    127.946     19.763  15.723598     4.1400     4.0998     0.0852     1.5228 2.7126e+01     3.1388      2.750      3.989    14.7775 0.0000e+00
      2.810      0.021    13.0105    128.001     19.757  15.718865     4.1400     4.0807     0.0852     1.5228 2.6873e+01     3.0786      2.756      3.997    14.7775 0.0000e+00
      2.816      0.021    13.0161    128.054     19.758  15.719749     4.1400     4.1303     0.0852     1.5228 2.6485e+01     3.1989      2.761      4.005    14.7774 0.0000e+00
      2.822      0.022    13.0214    128.105     19.761  15.722530     4.2300     4.0998     0.0426     1.4382 2.5876e+01     3.1237      2.767      4.014    14.7774 0.0000e+00
      2.828      0.022    13.0262    128.151     19.763  15.723991     4.2300     4.0311     0.0426     1.4382 2.5513e+01     3.1538      2.774      4.023    14.7773 0.0000e+00
      2.835      0.023    13.0307    128.194     19.764  15.724522     4.2300     4.0350     0.0426     1.4382 2.5128e+01     3.2139      2.780      4.032    14.7772 0.0000e+00
      2.842      0.024    13.0352    128.237     19.764  15.724264     4.2300     4.0502     0.0426     1.4382 2.4349e+01     3.2740      2.787      4.042    14.7771 0.0000e+00
      2.848      0.024    13.0399    128.281     19.762  15.723150     4.2300     4.0311     0.0426     1.5228 2.4075e+01     2.9885      2.793      4.052    14.7770 0.0000e+00
      2.855      0.025    13.0449    128.329     19.760  15.720882     4.2300     4.1074     0.0426     1.5228 2.3877e+01     3.1538      2.800      4.061    14.7768 0.0000e+00
      2.861      0.025    13.0504    128.383     19.760  15.720811     4.2300     4.0960     0.0426     1.5228 2.3405e+01     3.2590      2.806      4.069    14.7767 0.0000e+00
      2.867      0.025    13.0566    128.442     19.762  15.722921     4.2300     4.1074     0.0426     1.5228 2.2921e+01     3.1538      2.811      4.078    14.7766 0.0000e+00
      2.872      0.025    13.0635    128.509     19.759  15.719857     4.2300     4.0884     0.0426     1.5228 2.2901e+01     3.0786      2.817      4.086    14.7764 0.0000e+00
      2.878      0.024    13.0712    128.584     19.747  15.710805     4.2300     4.1341     0.0852     1.5228 2.2507e+01     3.1087      2.822      4.093    14.7762 0.0000e+00
      2.884      0.024    13.0792    128.661     19.735  15.701263     4.2300     4.1723     0.0852     1.5228 2.2230e+01     3.1688      2.828      4.101    14.7760 0.0000e+00
      2.889      0.023    13.0866    128.734     19.725  15.692645     4.2300     4.1532     0.0852     1.5228 2.1923e+01     3.0636      2.834      4.110    14.7757 0.0000e+00
      2.895      0.022    13.0937    128.802     19.712  15.682653     4.2300     4.1837     0.0852     1.5228 2.1363e+01     3.1237      2.839      4.118    14.7753 0.0000e+00
      2.901      0.022    13.1005    128.868     19.695  15.668621     4.2300     4.1227     0.0852     1.4382 2.1229e+01     3.1688      2.845      4.126    14.7746 0.0000e+00
      2.906      0.022    13.1068    128.929     19.671  15.648787     4.2300     4.0960     0.0852     1.4382 2.1155e+01     3.1989      2.850      4.133    14.7737 0.0000e+00
      2.911      0.021    13.1124    128.983     19.637  15.621819     4.2300     4.1113     0.0852     1.4382 2.0804e+01     3.1989      2.854      4.140    14.7724 0.0000e+00
      2.915      0.021    13.1176    129.034     19.599  15.590419     4.2300     4.1074     0.0852     1.4382 2.0602e+01     3.0937      2.859      4.146    14.7703 0.0000e+00
      2.920      0.020    13.1225    129.081     19.565  15.562041     4.3200     4.1227     0.0852     1.5651 2.0455e+01     3.1087      2.863      4.153    14.7674 0.0000e+00
      2.924      0.020    13.1272    129.126     19.540  15.540991     4.3200     4.1227     0.0852     1.5651 2.0120e+01     3.2590      2.868      4.159    14.7637 0.0000e+00
      2.928      0.019    13.1319    129.172     19.528  15.529569     4.3200     4.0807     0.0852     1.5651 1.9924e+01     3.1688      2.872      4.165    14.7595 0.0000e+00
      2.932      0.018    13.1368    129.218     19.524  15.524728     4.3200     4.0998     0.0852     1.5651 1.9898e+01     3.1538      2.876      4.171    14.7551 0.0000e+00
      2.937      0.018    13.1420    129.267     19.517  15.517265     4.4100     4.0578     0.0852     1.4805 1.9636e+01     3.1688      2.880      4.177    14.7509 0.0000e+00
      2.941      0.017    13.1479    129.322     19.508  15.509145     4.4100     4.0311     0.0852     1.4805 1.9407e+01     3.0486      2.884      4.183    14.7471 0.0000e+00
      2.945      0.017    13.1545    129.382     19.506  15.506118     4.4100     4.0311     0.0852     1.4805 1.9230e+01     3.0786      2.888      4.189    14.7438 0.0000e+00
      2.949      0.016    13.1614    129.444     19.504  15.503419     4.4100     4.0273     0.0852     1.4805 1.9093e+01     3.2139      2.892      4.195    14.7408 0.0000e+00
      2.954      0.016    13.1691    129.510     19.501  15.500328     4.4100     4.4050     0.0852     1.4805 1.8788e+01     3.1989      2.896      4.201    14.7383 0.0000e+00
      2.958      0.016    13.1790    129.596     19.502  15.499978     4.5000     4.4050     0.0426     1.5228 1.8549e+01     3.1838      2.901      4.208    14.7362 0.0000e+00
      2.962      0.016    13.1907    129.697     19.506  15.502276     4.5000     4.4012     0.0426     1.5228 1.8529e+01     3.0937      2.905      4.214    14.7344 0.0000e+00
      2.967      0.017    13.2004    129.776     19.509  15.503878     4.5000     4.4241     0.0426     1.5228 1.8349e+01     3.0786      2.909      4.220    14.7328 0.0000e+00
      2.971      0.017    13.2062    129.816     19.506  15.501254     4.5000     4.0540     0.0426     1.5228 1.8221e+01     3.1087      2.913      4.225    14.7315 0.0000e+00
      2.975      0.017    13.2103    129.840     19.502  15.497661     4.4100     4.0426     0.0852     1.5228 1.8225e+01     3.1989      2.917      4.231    14.7303 0.0000e+00
      2.979      0.016    13.2142    129.863     19.500  15.496097     4.4100     4.0464     0.0852     1.5228 1.8103e+01     3.1989      2.921      4.237    14.7294 0.0000e+00
      2.983      0.016    13.2184    129.891     19.501  15.496146     4.4100     4.0578     0.0852     1.5228 1.7993e+01     3.1989      2.925      4.242    14.7285 0.0000e+00
      2.987      0.016    13.2240    129.935     19.503  15.497822     4.4100     4.0350     0.0852     1.5228 1.7919e+01     3.1838      2.929      4.248    14.7278 0.0000e+00
      2.991      0.016    13.2301    129.985     19.503  15.497613     4.3200     4.0578     0.0426     1.3536 1.7741e+01     3.1087      2.933      4.254    14.7272 0.0000e+00
      2.995      0.016    13.2367    130.042     19.496  15.491506     4.3200     4.0578     0.0426     1.3536 1.7826e+01     3.1237      2.937      4.259    14.7266 0.0000e+00
      2.999      0.016    13.2457    130.124     19.489  15.485788     4.3200     4.0273     0.0426     1.3536 1.7683e+01     3.1989      2.941      4.265    14.7262 0.0000e+00
      3.003      0.016    13.2563    130.223     19.491  15.486848     4.3200     4.1151     0.0426     1.3536 1.7668e+01     3.2139      2.945      4.271    14.7257 0.0000e+00
      3.007      0.016    13.2666    130.319     19.496  15.491011     4.4100     4.1227     0.0426     1.3536 1.7672e+01     3.2139      2.949      4.276    14.7253 0.0000e+00
      3.011      0.016    13.2758    130.407     19.497  15.491474     4.4100     4.1151     0.0426     1.3536 1.7668e+01     3.1388      2.953      4.282    14.7250 0.0000e+00
      3.015      0.016    13.2835    130.479     19.493  15.488359     4.4100     4.1189     0.0426     1.3536 1.7557e+01     3.1688      2.957      4.289    14.7247 0.0000e+00
      3.020      0.016    13.2895    130.536     19.493  15.488752     4.4100     4.1341     0.0426     1.3536 1.7473e+01     3.1087      2.962      4.295    14.7244 0.0000e+00
      3.025      0.016    13.2953    130.590     19.494  15.488798     4.4100     4.1608     0.0426     1.3536 1.7262e+01     3.1989      2.966      4.302    14.7241 0.0000e+00
      3.030      0.017    13.3014    130.649     19.488  15.484553     4.3200     4.1608     0.0426     1.4382 1.7262e+01     3.2440      2.971      4.309    14.7238 0.0000e+00
      3.035      0.018    13.3074    130.706     19.486  15.482800     4.3200     4.1761     0.0426     1.4382 1.7333e+01     3.1388      2.976      4.316    14.7236 0.0000e+00
      3.040      0.018    13.3132    130.762     19.487  15.483071     4.3200     4.0998     0.0426     1.4382 1.7168e+01     3.2440      2.981      4.323    14.7234 0.0000e+00
      3.045      0.019    13.3190    130.818     19.485  15.481482     4.3200     4.1227     0.0426     1.4382 1.7023e+01     3.1989      2.986      4.331    14.7232 0.0000e+00
      3.050      0.019    13.3253    130.879     19.485  15.481565     4.4100     4.0998     0.0426     1.3536 1.7142e+01     3.1388      2.991      4.338    14.7229 0.0000e+00
      3.056      0.020    13.3322    130.947     19.488  15.483343     4.4100     4.0998     0.0426     1.3536 1.6902e+01     3.0486      2.997      4.346    14.7227 0.0000e+00
      3.062      0.020    13.3391    131.015     19.483  15.479375     4.4100     4.1113     0.0426     1.3536 1.6567e+01     3.0486      3.002      4.354    14.7225 0.0000e+00
      3.067      0.021    13.3453    131.075     19.474  15.472560     4.4100     4.1189     0.0426     1.3536 1.6665e+01     3.0486      3.008      4.363    14.7223 0.0000e+00
      3.073      0.021    13.3508    131.129     19.470  15.468996     4.2300     4.0960     0.0426     1.3113 1.6610e+01     3.2440      3.013      4.370    14.7221 0.0000e+00
      3.078      0.022    13.3560    131.179     19.463  15.463775     4.2300     4.1036     0.0426     1.3113 1.6542e+01     3.1838      3.018      4.378    14.7219 0.0000e+00
      3.083      0.022    13.3613    131.231     19.453  15.455505     4.2300     4.0578     0.0426     1.3113 1.6417e+01     3.1989      3.024      4.385    14.7218 0.0000e+00
      3.088      0.022    13.3667    131.283     19.451  15.453852     4.2300     4.0350     0.0426     1.3113 1.6356e+01     3.1087      3.029      4.393    14.7216 0.0000e+00
      3.094      0.022    13.3722    131.335     19.462  15.462332     4.2300     4.0617     0.0426     1.5228 1.6299e+01     3.1538      3.034      4.401    14.7214 0.0000e+00
      3.099      0.021    13.3778    131.390     19.473  15.471335     4.2300     4.0578     0.0426     1.5228 1.6046e+01     3.1688      3.040      4.409    14.7212 0.0000e+00
      3.105      0.021    13.3840    131.449     19.478  15.475347     4.2300     4.1151     0.0426     1.5228 1.5956e+01     3.1688      3.046      4.417    14.7210 0.0000e+00
      3.111      0.022    13.3903    131.510     19.479  15.475439     4.2300     4.1113     0.0426     1.5228 1.5825e+01     3.2740      3.051      4.426    14.7207 0.0000e+00
      3.118      0.022    13.3965    131.569     19.474  15.471635     4.2300     4.0960     0.0426     1.5228 1.5610e+01     3.1688      3.057      4.434    14.7205 0.0000e+00
      3.124      0.022    13.4026    131.628     19.468  15.466878     4.2300     4.0922     0.0852     1.3959 1.5307e+01     3.1538      3.063      4.443    14.7203 0.0000e+00
