Data/DataNotYetUploadedToEDI/Raw_CTD/RawDownloads/101122_fcr50_S7809003.cnv
* Sea-Bird SBE19plus  Data File:
* FileName = C:\R\Reservoirs\Data\DataNotYetUploadedToEDI\Raw_CTD\RawDownloads\101122_bvr50_S7809_0003.hex
* Software version 2.8.0.119
* Temperature SN = 7809
* Conductivity SN = 7809
* System UpLoad Time = Oct 12 2022 10:50:25
* <ApplicationData>
* <Seaterm232>
# nquan = 15
# nvalues = 4607                        
# units = specified
# name 0 = depFM: Depth [fresh water, m]
# name 1 = dz/dtM: Descent Rate [m/s]
# name 2 = sbeox0Mg/L: Oxygen, SBE 43 [mg/l]
# name 3 = sbeox0PS: Oxygen, SBE 43 [% saturation]
# name 4 = specc: Specific Conductance [uS/cm]
# name 5 = c0uS/cm: Conductivity [uS/cm]
# name 6 = flECO-AFL: Fluorescence, WET Labs ECO-AFL/FL [mg/m^3]
# name 7 = ph: pH
# name 8 = orp: Oxidation Reduction Potential [mV]
# name 9 = par/sat/log: PAR/Logarithmic, Satlantic
# name 10 = turbWETntu0: Turbidity, WET Labs ECO [NTU]
# name 11 = prdM: Pressure, Strain Gauge [db]
# name 12 = prdE: Pressure, Strain Gauge [psi]
# name 13 = tv290C: Temperature [ITS-90, deg C]
# name 14 = flag:  0.000e+00
# span 0 =     -0.571,      1.742       
# span 1 =     -4.859,      4.749       
# span 2 =     6.0350,     7.7821       
# span 3 =     60.066,     77.421       
# span 4 =      0.570,     42.223       
# span 5 =   0.532967,  33.918218       
# span 6 =    -0.4279,     5.9138       
# span 7 =      5.954,      7.813       
# span 8 = -1240.7455,   298.0922       
# span 9 = 3.1802e+01, 1.8451e+03       
# span 10 =    -1.3563,   204.2298      
# span 11 =     -0.560,      1.708      
# span 12 =     -0.812,      2.478      
# span 13 =    14.3474,    21.7815      
# span 14 = 0.0000e+00, 0.0000e+00      
# interval = seconds: 0.25
# start_time = Oct 11 2022 11:46:28 [Instrument's time stamp, header]
# bad_flag = -9.990e-29
*END*
[from data line 4049]
      1.740 1.8825e-20     6.2809     61.410     41.384  32.582670     5.2371      7.749   294.9153 6.3126e+01     3.4131      1.706      2.474    14.3641 0.0000e+00
      1.740 1.7113e-21     6.2794     61.433     41.369  32.571143     5.2400      7.748   294.9893 6.3508e+01     3.4075      1.706      2.474    14.3640 0.0000e+00
      1.740 1.5558e-22     6.2747     61.441     41.353  32.558568     5.2504      7.748   295.1372 6.3966e+01     3.3953      1.707      2.475    14.3635 0.0000e+00
      1.740 1.4143e-23     6.2736     61.436     41.352  32.557425     5.2628      7.748   295.1546 6.4264e+01     3.3679      1.706      2.475    14.3630 0.0000e+00
      1.739 1.2857e-24     6.2788     61.424     41.353  32.557321     5.2730      7.748   295.1128 6.4409e+01     3.3840      1.706      2.474    14.3629 0.0000e+00
      1.739 1.1689e-25     6.2809     61.406     41.354  32.557311     5.2821      7.748   295.1485 6.4694e+01     3.4527      1.706      2.474    14.3626 0.0000e+00
      1.740 1.0626e-26     6.2816     61.385     41.355  32.557310     5.2900      7.747   295.1555 6.5068e+01     3.4478      1.706      2.474    14.3625 0.0000e+00
      1.740 9.6600e-28     6.2811     61.366     41.356  32.557310     5.3104      7.747   295.1116 6.5382e+01     3.3938      1.706      2.474    14.3622 0.0000e+00
      1.740 8.7820e-29     6.2797     61.367     41.357  32.557310     5.3623      7.748   295.0480 6.5662e+01     3.4133      1.706      2.474    14.3619 0.0000e+00
      1.740 7.9845e-30     6.2778     61.388     41.358  32.557311     5.4014      7.748   295.0745 6.5910e+01     3.4784      1.706      2.474    14.3613 0.0000e+00
      1.740 7.3605e-31     6.2762     61.420     41.359  32.557312     5.4092      7.748   295.1741 6.6196e+01     3.4989      1.706      2.474    14.3599 0.0000e+00
      1.740 1.7870e-31     6.2731     61.460     41.359  32.557322     5.4232      7.748   295.2203 6.6514e+01     3.4904      1.706      2.475    14.3585 0.0000e+00
      1.740 1.2460e-30     6.2735     61.489     41.359  32.557436     5.4371      7.748   295.2030 6.6780e+01     3.4433      1.706      2.474    14.3575 0.0000e+00
      1.740 1.3640e-29     6.2768     61.490     41.361  32.558683     5.4438      7.748   295.1369 6.7083e+01     3.4076      1.706      2.474    14.3567 0.0000e+00
      1.740 1.5004e-28     6.2789     61.462     41.379  32.572402     5.4552      7.749   295.1093 6.7408e+01     3.4349      1.707      2.475    14.3561 0.0000e+00
      1.740 1.6504e-27     6.2848     61.427     41.410  32.596506     5.4246      7.749   295.2132 6.7685e+01     3.4656      1.706      2.475    14.3558 0.0000e+00
      1.739 1.8154e-26     6.2880     61.404     41.410  32.596516     5.3405      7.749   295.3612 6.7937e+01     3.4711      1.706      2.474    14.3557 0.0000e+00
      1.739 1.9970e-25     6.2884     61.396     41.380  32.572516     5.2869      7.749   295.4366 6.8152e+01     3.4327      1.706      2.474    14.3556 0.0000e+00
      1.739 2.1967e-24     6.2847     61.390     41.365  32.559940     5.2846      7.749   295.4352 6.8337e+01     3.4117      1.706      2.474    14.3555 0.0000e+00
      1.739 2.4163e-23     6.2799     61.371     41.379  32.571269     5.3046      7.749   295.3451 6.8556e+01     3.4561      1.706      2.474    14.3553 0.0000e+00
      1.739 2.6580e-22     6.2781     61.357     41.394  32.582684     5.3288      7.749   295.2929 6.8836e+01     3.4569      1.706      2.474    14.3547 0.0000e+00
      1.739 2.9238e-21     6.2773     61.351     41.379  32.571144     5.3360      7.748   295.4067 6.9053e+01     3.3883      1.706      2.474    14.3539 0.0000e+00
      1.739 3.2162e-20     6.2787     61.336     41.363  32.558558     5.3333      7.748   295.6033 6.9212e+01     3.3442      1.706      2.474    14.3533 0.0000e+00
      1.739 3.5378e-19     6.2748     61.332     41.362  32.557311     5.3368      7.748   295.6909 6.9397e+01     3.3670      1.706      2.474    14.3528 0.0000e+00
      1.739 3.8915e-18     6.2728     61.343     41.360  32.556064     5.3457      7.748   295.6053 6.9612e+01     3.4254      1.706      2.475    14.3526 0.0000e+00
      1.739 4.2807e-17     6.2751     61.344     41.344  32.543479     5.3412      7.748   295.5146 6.9829e+01     3.4347      1.706      2.474    14.3526 0.0000e+00
      1.740 4.7088e-16     6.2707     61.343     41.329  32.531950     5.3321      7.748   295.6265 6.9992e+01     3.4122      1.706      2.474    14.3527 0.0000e+00
      1.740 5.1796e-15     6.2705     61.339     41.344  32.543478     5.3360      7.748   295.7538 7.0134e+01     3.3924      1.706      2.475    14.3528 0.0000e+00
      1.740 5.6976e-14     6.2737     61.319     41.360  32.556053     5.3460      7.749   295.6774 7.0306e+01     3.3998      1.706      2.474    14.3530 0.0000e+00
      1.740 6.2674e-13     6.2723     61.302     41.362  32.557197     5.3531      7.749   295.6492 7.0478e+01     3.4678      1.706      2.475    14.3535 0.0000e+00
      1.740 6.8941e-12     6.2722     61.296     41.361  32.557311     5.3469      7.749   295.6710 7.0583e+01     3.4970      1.706      2.474    14.3538 0.0000e+00
      1.740 7.5835e-11     6.2732     61.301     41.358  32.557424     5.3376      7.749   295.5968 7.0704e+01     3.4451      1.706      2.474    14.3540 0.0000e+00
      1.740 8.3419e-10     6.2695     61.324     41.358  32.558568     5.3577      7.749   295.5258 7.0828e+01     3.4205      1.706      2.474    14.3536 0.0000e+00
      1.740 9.1761e-09     6.2676     61.338     41.374  32.571143     5.3983      7.748   295.5864 7.0868e+01     3.4737      1.707      2.475    14.3531 0.0000e+00
      1.740 1.0094e-07     6.2677     61.352     41.390  32.582671     5.4119      7.748   295.8136 7.0905e+01     3.5077      1.706      2.474    14.3543 0.0000e+00
      1.740 1.8505e-07     6.2658     61.377     41.375  32.571145     5.3979      7.747   295.9498 7.0959e+01     3.4899      1.706      2.474    14.3570 0.0000e+00
      1.740 1.0094e-07     6.2711     61.395     41.360  32.558579     5.3623      7.747   295.8572 7.0969e+01     3.4971      1.706      2.474    14.3590 0.0000e+00
      1.740 9.1765e-09     6.2713     61.403     41.358  32.557539     5.3140      7.748   295.8118 7.0984e+01     3.5271      1.706      2.474    14.3591 0.0000e+00
      1.740 8.3421e-10     6.2713     61.392     41.358  32.558578     5.2969      7.748   295.8316 7.1065e+01     3.5102      1.706      2.474    14.3578 0.0000e+00
      1.740 7.5908e-11     6.2770     61.379     41.372  32.571144     5.3058      7.748   295.7521 7.1111e+01     3.4641      1.706      2.475    14.3571 0.0000e+00
      1.740 7.6954e-12     6.2767     61.381     41.386  32.582671     5.3301      7.748   295.7114 7.1116e+01     3.4139      1.707      2.475    14.3566 0.0000e+00
      1.740 9.4374e-12     6.2798     61.374     41.372  32.571143     5.3739      7.748   295.7698 7.1163e+01     3.3818      1.706      2.474    14.3563 0.0000e+00
      1.740 9.6975e-11     6.2771     61.364     41.356  32.558568     5.4030      7.747   295.8561 7.1187e+01     3.4172      1.706      2.474    14.3580 0.0000e+00
      1.740 1.0661e-09     6.2737     61.359     41.355  32.557425     5.4069      7.747   295.8936 7.1196e+01     3.4312      1.706      2.475    14.3607 0.0000e+00
      1.740 1.1727e-08     6.2763     61.347     41.356  32.557321     5.4049      7.747   295.7071 7.1273e+01     3.3808      1.706      2.475    14.3618 0.0000e+00
      1.740 1.2900e-07     6.2748     61.332     41.357  32.557311     5.3944      7.747   295.4087 7.1373e+01     3.3547      1.706      2.474    14.3608 0.0000e+00
      1.740 2.3657e-07     6.2729     61.308     41.357  32.557310     5.3806      7.747   295.3833 7.1462e+01     3.3881      1.706      2.474    14.3600 0.0000e+00
      1.740 1.2997e-07     6.2741     61.252     41.357  32.557310     5.3878      7.746   295.5715 7.1507e+01     3.4441      1.706      2.474    14.3599 0.0000e+00
      1.740 2.2477e-08     6.2721     61.187     41.356  32.557310     5.3977      7.746   295.7054 7.1493e+01     3.4504      1.706      2.474    14.3589 0.0000e+00
      1.740 1.1933e-07     6.2701     61.135     41.355  32.557310     5.3755      7.747   295.7980 7.1428e+01     3.4640      1.706      2.474    14.3582 0.0000e+00
      1.740 2.1691e-07     6.2707     61.105     41.355  32.557310     5.3445      7.748   295.7447 7.1356e+01     3.5735      1.706      2.475    14.3579 0.0000e+00
      1.740 1.1827e-07     6.2625     61.105     41.355  32.557310     5.3394      7.747   295.4909 7.1364e+01     3.6829      1.706      2.474    14.3574 0.0000e+00
      1.740 1.0752e-08     6.2553     61.121     41.355  32.557311     5.3553      7.747   295.3965 7.1353e+01     3.7277      1.706      2.474    14.3580 0.0000e+00
      1.740 9.7745e-10     6.2498     61.141     41.355  32.557321     5.3788      7.747   295.5500 7.1289e+01     3.7389      1.706      2.474    14.3599 0.0000e+00
      1.740 8.8860e-11     6.2457     61.161     41.356  32.557435     5.3904      7.747   295.6255 7.1261e+01     3.7159      1.706      2.474    14.3606 0.0000e+00
      1.740 8.0780e-12     6.2469     61.190     41.360  32.558682     5.3869      7.746   295.6215 7.1226e+01     3.6894      1.706      2.474    14.3595 0.0000e+00
      1.740 7.3435e-13     6.2487     61.228     41.380  32.572402     5.3870      7.745   295.5875 7.1180e+01     3.6916      1.706      2.474    14.3592 0.0000e+00
      1.740 6.6760e-14     6.2513     61.263     41.413  32.596505     5.3668      7.745   295.4728 7.1095e+01     3.6396      1.707      2.475    14.3595 0.0000e+00
      1.740 6.0690e-15     6.2526     61.284     41.414  32.596506     5.3165      7.745   295.4386 7.0928e+01     3.5055      1.706      2.475    14.3586 0.0000e+00
      1.740 5.5175e-16     6.2560     61.278     41.384  32.572412     5.2860      7.745   295.5186 7.0809e+01     3.4016      1.706      2.475    14.3563 0.0000e+00
      1.740 5.0160e-17     6.2608     61.241     41.367  32.558797     5.2898      7.745   295.5801 7.0734e+01     3.4078      1.706      2.475    14.3539 0.0000e+00
      1.740 4.5598e-18     6.2649     61.188     41.368  32.558693     5.2875      7.745   295.5797 7.0585e+01     3.4781      1.706      2.475    14.3524 0.0000e+00
      1.740 4.1455e-19     6.2677     61.152     41.385  32.571156     5.2675      7.745   295.6002 7.0366e+01     3.5004      1.706      2.474    14.3512 0.0000e+00
      1.740 3.7853e-20     6.2673     61.157     41.400  32.582674     5.2472      7.746   295.5693 7.0133e+01     3.4379      1.706      2.475    14.3503 0.0000e+00
      1.740 5.2804e-21     6.2636     61.187     41.385  32.571145     5.2246      7.746   295.4647 6.9990e+01     3.3719      1.706      2.475    14.3498 0.0000e+00
      1.740 2.0711e-20     6.2566     61.230     41.369  32.558569     5.2275      7.746   295.3671 6.9844e+01     3.4539      1.707      2.475    14.3490 0.0000e+00
      1.740 2.2443e-19     6.2517     61.273     41.367  32.557426     5.2747      7.745   295.3364 6.9578e+01     3.6437      1.707      2.475    14.3481 0.0000e+00
      1.740 2.4684e-18     6.2533     61.297     41.366  32.557322     5.3046      7.745   295.4371 6.9275e+01     3.7196      1.706      2.474    14.3476 0.0000e+00
      1.740 2.7152e-17     6.2571     61.329     41.364  32.557312     5.2969      7.746   295.4671 6.8986e+01     3.6882      1.707      2.475    14.3474 0.0000e+00
      1.740 2.9868e-16     6.2609     61.383     41.364  32.557311     5.2898      7.746   295.4402 6.8751e+01     3.6739      1.707      2.475    14.3478 0.0000e+00
      1.739 3.2854e-15     6.2677     61.403     41.364  32.557312     5.3192      7.746   295.4562 6.8499e+01     3.6829      1.706      2.474    14.3485 0.0000e+00
      1.739 3.6140e-14     6.2681     61.391     41.363  32.557321     5.3774      7.746   295.4882 6.8172e+01     3.6951      1.706      2.474    14.3495 0.0000e+00
      1.740 3.9754e-13     6.2687     61.391     41.363  32.557425     5.4020      7.746   295.5696 6.7893e+01     3.6844      1.706      2.475    14.3507 0.0000e+00
      1.740 4.3729e-12     6.2798     61.398     41.365  32.558569     5.4004      7.745   295.5793 6.7641e+01     3.6567      1.706      2.475    14.3512 0.0000e+00
      1.740 4.8102e-11     6.2803     61.410     41.380  32.571144     5.3993      7.745   295.6058 6.7392e+01     3.6336      1.707      2.475    14.3516 0.0000e+00
      1.740 5.2912e-10     6.2759     61.419     41.395  32.582672     5.3980      7.745   295.7179 6.7188e+01     3.6438      1.706      2.475    14.3520 0.0000e+00
      1.740 5.8204e-09     6.2782     61.398     41.380  32.571144     5.4100      7.745   295.7296 6.6958e+01     3.6776      1.705      2.474    14.3521 0.0000e+00
      1.740 6.4024e-08     6.2777     61.336     41.364  32.558569     5.4100      7.745   295.6612 6.6732e+01     3.6663      1.706      2.474    14.3520 0.0000e+00
      1.740 1.1861e-07     6.2796     61.268     41.363  32.557425     5.3730      7.745   295.5793 6.6505e+01     3.6782      1.706      2.475    14.3520 0.0000e+00
      1.740 8.0199e-08     6.2814     61.219     41.363  32.557311     5.3288      7.745   295.5137 6.6219e+01     3.7534      1.706      2.474    14.3521 0.0000e+00
      1.740 1.8521e-07     6.2807     61.174     41.363  32.557198     5.3092      7.745   295.6427 6.5950e+01     3.7895      1.707      2.475    14.3522 0.0000e+00
      1.740 4.7221e-07     6.2719     61.151     41.361  32.556053     5.3018      7.745   295.9343 6.5728e+01     3.7733      1.706      2.474    14.3520 0.0000e+00
      1.740 4.7798e-07     6.2633     61.160     41.345  32.543478     5.2988      7.745   296.0288 6.5544e+01     3.6603      1.706      2.475    14.3522 0.0000e+00
      1.740 1.8623e-07     6.2608     61.186     41.330  32.531950     5.3138      7.745   295.9243 6.5408e+01     3.4826      1.706      2.475    14.3525 0.0000e+00
      1.740 1.6930e-08     6.2540     61.225     41.345  32.543479     5.3409      7.744   295.8755 6.5182e+01     3.4344      1.706      2.474    14.3526 0.0000e+00
      1.740 1.5391e-09     6.2516     61.270     41.361  32.556064     5.3525      7.744   295.8681 6.5000e+01     3.4538      1.706      2.474    14.3525 0.0000e+00
      1.740 1.3991e-10     6.2536     61.318     41.362  32.557311     5.3290      7.745   295.9216 6.4941e+01     3.4093      1.706      2.475    14.3527 0.0000e+00
      1.740 1.2720e-11     6.2559     61.348     41.364  32.558558     5.2899      7.745   296.0916 6.4690e+01     3.3743      1.706      2.475    14.3529 0.0000e+00
      1.740 1.1563e-12     6.2605     61.352     41.380  32.571144     5.2719      7.744   296.2032 6.4453e+01     3.4064      1.706      2.474    14.3528 0.0000e+00
      1.740 1.0512e-13     6.2646     61.354     41.395  32.582683     5.2767      7.744   296.1522 6.4372e+01     3.4554      1.706      2.474    14.3528 0.0000e+00
      1.740 9.5565e-15     6.2706     61.343     41.381  32.571269     5.2815      7.745   296.0776 6.4097e+01     3.4552      1.706      2.474    14.3530 0.0000e+00
      1.740 8.6875e-16     6.2748     61.305     41.367  32.559941     5.2713      7.745   295.9893 6.3716e+01     3.4038      1.706      2.474    14.3533 0.0000e+00
      1.740 7.8980e-17     6.2724     61.273     41.383  32.572516     5.2451      7.744   295.9450 6.3519e+01     3.3798      1.706      2.474    14.3535 0.0000e+00
      1.740 7.1800e-18     6.2740     61.245     41.414  32.596516     5.2236      7.744   296.0585 6.3442e+01     3.4386      1.706      2.475    14.3531 0.0000e+00
      1.740 6.5270e-19     6.2749     61.237     41.414  32.596506     5.2187      7.744   296.1573 6.3161e+01     3.5004      1.707      2.475    14.3526 0.0000e+00
