Data/DataNotYetUploadedToEDI/Raw_CTD/RawDownloads/101122_fcr50_S8188004.cnv
* Sea-Bird SBE19plus  Data File:
* FileName = C:\R\Reservoirs\Data\DataNotYetUploadedToEDI\Raw_CTD\RawDownloads\101122_bvr50_S8188_0004.hex
* Software version 2.8.0.119
* Temperature SN = 8188
* Conductivity SN = 8188
* System UpLoad Time = Oct 12 2022 11:44:55
* <ApplicationData>
* <Seaterm232>
# nquan = 16
# nvalues = 3424                        
# units = specified
# name 0 = depFM: Depth [fresh water, m]
# name 1 = dz/dtM: Descent Rate [m/s]
# name 2 = sbeox0Mg/L: Oxygen, SBE 43 [mg/l]
# name 3 = sbeox0PS: Oxygen, SBE 43 [% saturation]
# name 4 = specc: Specific Conductance [uS/cm]
# name 5 = c0uS/cm: Conductivity [uS/cm]
# name 6 = wetCDOM: Fluorescence, WET Labs CDOM [mg/m^3]
# name 7 = flECO-AFL: Fluorescence, WET Labs ECO-AFL/FL [mg/m^3]
# name 8 = flECO-AFL1: Fluorescence, WET Labs ECO-AFL/FL, 2 [mg/m^3]
# name 9 = flECO-AFL2: Fluorescence, WET Labs ECO-AFL/FL, 3 [mg/m^3]
# name 10 = par/sat/log: PAR/Logarithmic, Satlantic
# name 11 = turbWETntu0: Turbidity, WET Labs ECO [NTU]
# name 12 = prdM: Pressure, Strain Gauge [db]
# name 13 = prdE: Pressure, Strain Gauge [psi]
# name 14 = tv290C: Temperature [ITS-90, deg C]
# name 15 = flag:  0.000e+00
# span 0 =     -0.562,      1.737       
# span 1 =     -0.285,      0.256       
# span 2 =     6.7805,     9.5768       
# span 3 =     66.959,     94.104       
# span 4 =      0.066,     41.750       
# span 5 =   0.052892,  33.278355       
# span 6 =    -5.1300,    18.6300       
# span 7 =    -0.6152,     4.6301       
# span 8 =    -2.1300,     0.3408       
# span 9 =    -4.1877,     4.1877       
# span 10 = 1.7834e+01, 1.9378e+03      
# span 11 =    -3.5196,   139.1615      
# span 12 =     -0.551,      1.703      
# span 13 =     -0.799,      2.470      
# span 14 =    14.3484,    14.9545      
# span 15 = 0.0000e+00, 0.0000e+00      
# interval = seconds: 0.25
# start_time = Oct 11 2022 12:09:38 [Instrument's time stamp, header]
# bad_flag = -9.990e-29
*END*
[from data line 2984]
      1.736 2.4326e-12     8.2159     80.380     41.522  32.698657     4.5000     4.0235     0.0852     1.7343 4.7642e+01     3.1989      1.702      2.469    14.3719 0.0000e+00
      1.736 1.8920e-12     8.2203     80.422     41.519  32.696086     4.5000     4.0578     0.0852     1.7343 4.7374e+01     3.2440      1.702      2.469    14.3719 0.0000e+00
      1.736 1.4716e-12     8.2240     80.459     41.510  32.689501     4.5000     4.0388     0.0852     1.7343 4.7056e+01     3.2440      1.702      2.469    14.3718 0.0000e+00
      1.736 1.1446e-12     8.2267     80.485     41.500  32.681107     4.5000     4.0311     0.0852     1.7343 4.6780e+01     3.2590      1.702      2.469    14.3718 0.0000e+00
      1.736 8.9022e-13     8.2288     80.505     41.494  32.676587     4.5000     4.0350     0.0852     1.5651 4.6588e+01     3.2440      1.702      2.469    14.3717 0.0000e+00
      1.736 6.9240e-13     8.2303     80.521     41.497  32.678694     4.5000     4.0540     0.0852     1.5651 4.6275e+01     3.2740      1.702      2.469    14.3717 0.0000e+00
      1.736 5.3853e-13     8.2312     80.530     41.498  32.680072     4.5000     4.0311     0.0852     1.5651 4.5984e+01     3.0786      1.702      2.469    14.3717 0.0000e+00
      1.736 4.1885e-13     8.2311     80.528     41.495  32.677125     4.5000     4.1151     0.0852     1.5651 4.5705e+01     2.9734      1.702      2.469    14.3717 0.0000e+00
      1.736 3.2578e-13     8.2296     80.514     41.499  32.680950     4.5000     4.1113     0.0852     1.5651 4.5596e+01     2.9283      1.702      2.469    14.3718 0.0000e+00
      1.736 2.5338e-13     8.2267     80.486     41.514  32.692568     4.5000     4.1151     0.0852     1.6074 4.5270e+01     2.9584      1.702      2.469    14.3718 0.0000e+00
      1.736 1.9708e-13     8.2231     80.451     41.522  32.699233     4.5000     4.1151     0.0852     1.6074 4.5015e+01     2.9734      1.702      2.469    14.3719 0.0000e+00
      1.736 1.5328e-13     8.2197     80.417     41.527  32.702723     4.5000     4.1036     0.0852     1.6074 4.4733e+01     3.1688      1.702      2.469    14.3719 0.0000e+00
      1.736 1.1922e-13     8.2170     80.392     41.536  32.709910     4.5000     4.1113     0.0852     1.6074 4.4452e+01     3.1388      1.702      2.469    14.3719 0.0000e+00
      1.736 9.2726e-14     8.2151     80.373     41.540  32.712809     4.5000     4.1151     0.0852     1.5651 4.4249e+01     3.2740      1.702      2.469    14.3719 0.0000e+00
      1.736 7.2120e-14     8.2142     80.364     41.536  32.710214     4.5000     4.0846     0.0852     1.5651 4.4038e+01     3.1388      1.702      2.469    14.3719 0.0000e+00
      1.736 5.6093e-14     8.2147     80.369     41.533  32.707372     4.5000     3.9091     0.0852     1.5651 4.3742e+01     3.2139      1.702      2.469    14.3719 0.0000e+00
      1.736 4.3627e-14     8.2171     80.393     41.528  32.703525     4.5000     3.9434     0.0852     1.5651 4.3468e+01     3.1688      1.702      2.469    14.3719 0.0000e+00
      1.736 3.3932e-14     8.2211     80.431     41.520  32.697648     4.5000     3.9167     0.0426     1.6074 4.3326e+01     3.3041      1.702      2.469    14.3719 0.0000e+00
      1.736 2.6391e-14     8.2251     80.471     41.508  32.688174     4.5000     3.9014     0.0426     1.6074 4.3054e+01     3.2590      1.702      2.469    14.3719 0.0000e+00
      1.736 2.0526e-14     8.2282     80.501     41.499  32.680497     4.5000     3.9205     0.0426     1.6074 4.2802e+01     2.9434      1.702      2.469    14.3719 0.0000e+00
      1.736 1.5964e-14     8.2303     80.522     41.499  32.680492     4.5000     3.9243     0.0426     1.6074 4.2459e+01     2.9734      1.702      2.469    14.3719 0.0000e+00
      1.736 1.2416e-14     8.2318     80.537     41.503  32.684196     4.5000     3.9243     0.0852     1.6074 4.2367e+01     3.0486      1.702      2.469    14.3719 0.0000e+00
      1.736 9.6559e-15     8.2324     80.542     41.504  32.684675     4.5000     3.8900     0.0852     1.6074 4.2211e+01     2.9283      1.702      2.469    14.3719 0.0000e+00
      1.736 7.5090e-15     8.2320     80.539     41.501  32.682058     4.5000     4.0502     0.0852     1.6074 4.2092e+01     2.9734      1.702      2.469    14.3719 0.0000e+00
      1.736 5.8389e-15     8.2313     80.533     41.503  32.683568     4.5000     4.0235     0.0852     1.6074 4.1873e+01     2.8832      1.702      2.469    14.3719 0.0000e+00
      1.736 4.5395e-15     8.2308     80.527     41.505  32.685647     4.5000     4.0311     0.0852     1.6074 4.1773e+01     2.9734      1.702      2.469    14.3719 0.0000e+00
      1.736 3.5283e-15     8.2302     80.522     41.504  32.684889     4.5000     4.0121     0.0852     1.5651 4.1737e+01     2.9133      1.702      2.469    14.3719 0.0000e+00
      1.736 2.7411e-15     8.2293     80.513     41.510  32.689013     4.5000     4.0960     0.0852     1.5651 4.1592e+01     3.2740      1.702      2.469    14.3719 0.0000e+00
      1.736 2.1279e-15     8.2281     80.501     41.517  32.695158     4.5000     4.0922     0.0852     1.5651 4.1466e+01     3.1989      1.702      2.469    14.3719 0.0000e+00
      1.736 1.6499e-15     8.2270     80.490     41.520  32.697042     4.5000     4.0922     0.0852     1.5651 4.1403e+01     3.2590      1.702      2.469    14.3719 0.0000e+00
      1.736 1.2766e-15     8.2262     80.482     41.522  32.699127     4.4100     4.1036     0.0852     1.6497 4.1421e+01     3.1989      1.702      2.469    14.3719 0.0000e+00
      1.736 9.8443e-16     8.2256     80.476     41.526  32.701970     4.4100     4.0998     0.0852     1.6497 4.1448e+01     3.2440      1.702      2.469    14.3719 0.0000e+00
      1.736 7.5471e-16     8.2245     80.465     41.526  32.702368     4.4100     4.1074     0.0852     1.6497 4.1475e+01     3.1388      1.702      2.469    14.3719 0.0000e+00
      1.736 5.7291e-16     8.2232     80.452     41.524  32.700428     4.4100     4.0807     0.0852     1.6497 4.1421e+01     3.1989      1.702      2.469    14.3720 0.0000e+00
      1.736 4.2749e-16     8.2228     80.449     41.523  32.699592     4.5000     4.1227     0.0426     1.7343 4.1439e+01     3.2440      1.702      2.469    14.3720 0.0000e+00
      1.736 3.0920e-16     8.2242     80.463     41.528  32.703599     4.5000     4.0388     0.0426     1.7343 4.1403e+01     3.3191      1.702      2.469    14.3720 0.0000e+00
      1.736 2.1055e-16     8.2264     80.485     41.530  32.705595     4.5000     4.0426     0.0426     1.7343 4.1529e+01     3.2289      1.702      2.469    14.3720 0.0000e+00
      1.736 1.2527e-16     8.2282     80.502     41.526  32.702152     4.5000     4.0502     0.0426     1.7343 4.1673e+01     3.2440      1.702      2.469    14.3720 0.0000e+00
      1.736 4.7942e-17     8.2291     80.510     41.524  32.700274     4.5000     4.0617     0.0426     1.7343 4.1773e+01     3.1838      1.702      2.469    14.3720 0.0000e+00
      1.736 -2.634e-17     8.2288     80.508     41.528  32.703419     4.5000     3.9816     0.0852     1.6920 4.1864e+01     3.3342      1.702      2.469    14.3721 0.0000e+00
      1.736 -1.023e-16     8.2277     80.497     41.534  32.708467     4.5000     3.9854     0.0852     1.6920 4.1973e+01     3.1087      1.702      2.469    14.3721 0.0000e+00
      1.736 -1.848e-16     8.2261     80.481     41.535  32.708842     4.5000     3.9892     0.0852     1.6920 4.2101e+01     3.2590      1.702      2.469    14.3720 0.0000e+00
      1.736 -2.789e-16     8.2242     80.463     41.529  32.704643     4.5000     3.9663     0.0852     1.6920 4.2284e+01     3.2440      1.702      2.469    14.3720 0.0000e+00
      1.736 -3.908e-16     8.2219     80.441     41.527  32.702673     4.5000     4.0044     0.0426     1.6497 4.2330e+01     2.9434      1.702      2.469    14.3720 0.0000e+00
      1.736 -5.275e-16     8.2199     80.421     41.527  32.702407     4.5000     3.9663     0.0426     1.6497 4.2533e+01     2.9434      1.703      2.469    14.3720 0.0000e+00
      1.736 -6.977e-16     8.2188     80.411     41.523  32.699812     4.5000     4.0006     0.0426     1.6497 4.2681e+01     2.9885      1.703      2.469    14.3719 0.0000e+00
      1.736 -9.123e-16     8.2191     80.413     41.516  32.694197     4.5000     3.9816     0.0426     1.6497 4.2802e+01     2.8682      1.702      2.469    14.3719 0.0000e+00
      1.736 -1.185e-15     8.2203     80.424     41.508  32.688025     4.4100     4.0006     0.0426     1.7766 4.3007e+01     3.0486      1.702      2.469    14.3720 0.0000e+00
      1.736 -1.532e-15     8.2216     80.438     41.507  32.687571     4.4100     3.9739     0.0426     1.7766 4.3251e+01     2.9283      1.702      2.469    14.3720 0.0000e+00
      1.736 -1.977e-15     8.2225     80.446     41.514  32.692715     4.4100     4.0197     0.0426     1.7766 4.3345e+01     3.0786      1.702      2.469    14.3721 0.0000e+00
      1.736 -2.548e-15     8.2227     80.448     41.524  32.700866     4.4100     3.9739     0.0426     1.7766 4.3610e+01     2.8983      1.702      2.469    14.3721 0.0000e+00
      1.736 -3.280e-15     8.2225     80.446     41.536  32.710238     4.5000     3.9701     0.0852     1.6497 4.3800e+01     3.0335      1.702      2.469    14.3721 0.0000e+00
      1.736 -4.220e-15     8.2222     80.443     41.543  32.715410     4.5000     3.9816     0.0852     1.6497 4.4076e+01     2.9434      1.702      2.469    14.3722 0.0000e+00
      1.736 -5.429e-15     8.2215     80.436     41.546  32.717761     4.5000     3.9510     0.0852     1.6497 4.4230e+01     2.8532      1.702      2.469    14.3722 0.0000e+00
      1.736 -6.982e-15     8.2206     80.427     41.551  32.721878     4.5000     3.9816     0.0852     1.6497 4.4500e+01     2.9434      1.702      2.469    14.3722 0.0000e+00
      1.736 -8.979e-15     8.2205     80.426     41.555  32.724898     4.5000     3.9739     0.0852     1.6497 4.4752e+01     2.9133      1.702      2.469    14.3722 0.0000e+00
      1.736 -1.155e-14     8.2220     80.441     41.553  32.723666     4.5000     3.9816     0.0852     1.6074 4.5015e+01     2.9885      1.702      2.469    14.3722 0.0000e+00
      1.736 -1.484e-14     8.2248     80.468     41.546  32.717855     4.5000     3.9739     0.0852     1.6074 4.5251e+01     2.8983      1.702      2.469    14.3722 0.0000e+00
      1.736 -1.909e-14     8.2279     80.498     41.536  32.709874     4.5000     3.9930     0.0852     1.6074 4.5626e+01     2.9734      1.702      2.469    14.3722 0.0000e+00
      1.736 -2.454e-14     8.2303     80.522     41.523  32.699576     4.5000     4.1303     0.0852     1.6074 4.5914e+01     2.8832      1.702      2.469    14.3722 0.0000e+00
      1.736 -3.155e-14     8.2317     80.536     41.506  32.686194     4.5000     4.0807     0.0852     1.5651 4.6205e+01     2.9133      1.702      2.469    14.3722 0.0000e+00
      1.736 -4.057e-14     8.2313     80.532     41.498  32.680022     4.5000     4.1151     0.0852     1.5651 4.6426e+01     2.9734      1.702      2.469    14.3722 0.0000e+00
      1.736 -5.216e-14     8.2286     80.505     41.505  32.685355     4.5000     4.1151     0.0852     1.5651 4.6923e+01     3.0035      1.702      2.469    14.3722 0.0000e+00
      1.736 -6.706e-14     8.2237     80.457     41.513  32.691733     4.5000     4.0350     0.0852     1.5651 4.7199e+01     3.2139      1.702      2.469    14.3722 0.0000e+00
      1.736 -8.622e-14     8.2174     80.395     41.514  32.692936     4.5000     4.0426     0.0426     1.4382 4.7508e+01     3.1087      1.702      2.469    14.3722 0.0000e+00
      1.736 -1.109e-13     8.2108     80.330     41.515  32.693247     4.5000     4.0578     0.0426     1.4382 4.7943e+01     3.1688      1.702      2.469    14.3722 0.0000e+00
      1.736 -1.425e-13     8.2051     80.275     41.514  32.692747     4.5000     4.0769     0.0426     1.4382 4.8184e+01     3.1989      1.702      2.469    14.3722 0.0000e+00
      1.736 -1.833e-13     8.2012     80.237     41.507  32.687342     4.5000     3.9739     0.0426     1.4382 4.8530e+01     3.1989      1.702      2.469    14.3722 0.0000e+00
      1.736 -2.356e-13     8.1991     80.216     41.497  32.679553     4.5000     3.9739     0.0852     1.5228 4.8911e+01     3.1538      1.702      2.469    14.3723 0.0000e+00
      1.736 -3.029e-13     8.1987     80.212     41.491  32.675223     4.5000     3.9510     0.0852     1.5228 4.9338e+01     3.1688      1.702      2.469    14.3723 0.0000e+00
      1.736 -3.895e-13     8.2007     80.231     41.494  32.677157     4.5000     3.9777     0.0852     1.5228 4.9596e+01     3.3041      1.702      2.469    14.3723 0.0000e+00
      1.736 -5.008e-13     8.2047     80.271     41.500  32.681912     4.5000     3.9777     0.0852     1.5228 4.9823e+01     3.1388      1.702      2.469    14.3724 0.0000e+00
      1.736 -6.438e-13     8.2095     80.318     41.506  32.686794     4.5000     3.9854     0.0852     1.5228 5.0291e+01     3.1688      1.703      2.470    14.3724 0.0000e+00
      1.736 -8.278e-13     8.2145     80.366     41.514  32.693105     4.5000     3.9892     0.0426     1.6074 5.0587e+01     3.1688      1.703      2.470    14.3724 0.0000e+00
      1.736 -1.064e-12     8.2196     80.416     41.521  32.698568     4.5000     3.9892     0.0426     1.6074 5.0973e+01     3.1989      1.703      2.470    14.3723 0.0000e+00
      1.736 -1.368e-12     8.2242     80.462     41.524  32.700678     4.5000     4.0235     0.0426     1.6074 5.1318e+01     3.2440      1.703      2.470    14.3723 0.0000e+00
      1.736 -1.759e-12     8.2278     80.497     41.523  32.700000     4.5000     4.0159     0.0426     1.6074 5.1631e+01     3.2440      1.703      2.469    14.3723 0.0000e+00
      1.736 -2.262e-12     8.2299     80.518     41.519  32.696351     4.4100     4.0540     0.0852     1.5651 5.1822e+01     3.1989      1.702      2.469    14.3722 0.0000e+00
      1.736 -2.908e-12     8.2304     80.523     41.514  32.692720     4.4100     4.0159     0.0852     1.5651 5.2127e+01     3.1688      1.702      2.469    14.3721 0.0000e+00
      1.736 -3.739e-12     8.2304     80.523     41.513  32.692098     4.4100     4.0846     0.0852     1.5651 5.2399e+01     3.2139      1.702      2.469    14.3720 0.0000e+00
      1.736 -4.808e-12     8.2309     80.528     41.511  32.690359     4.4100     4.1303     0.0852     1.5651 5.2673e+01     3.1838      1.702      2.469    14.3720 0.0000e+00
      1.736 -6.181e-12     8.2319     80.537     41.507  32.687039     4.4100     4.1151     0.0852     1.5228 5.2926e+01     3.2139      1.702      2.469    14.3719 0.0000e+00
      1.736 -7.947e-12     8.2333     80.551     41.505  32.685215     4.4100     4.1074     0.0852     1.5228 5.3133e+01     3.1388      1.702      2.469    14.3718 0.0000e+00
      1.736 -1.022e-11     8.2357     80.575     41.499  32.680437     4.4100     4.1647     0.0852     1.5228 5.3249e+01     3.1388      1.702      2.469    14.3717 0.0000e+00
      1.736 -1.314e-11     8.2393     80.610     41.497  32.679355     4.4100     4.1875     0.0852     1.5228 5.3469e+01     3.1838      1.702      2.469    14.3716 0.0000e+00
      1.736 -1.689e-11     8.2434     80.650     41.508  32.687619     4.5000     4.1723     0.0852     1.6920 5.3609e+01     3.2440      1.702      2.469    14.3715 0.0000e+00
      1.736 -2.172e-11     8.2470     80.686     41.511  32.689612     4.5000     4.1647     0.0852     1.6920 5.3690e+01     3.1989      1.703      2.469    14.3715 0.0000e+00
      1.736 -2.792e-11     8.2494     80.709     41.503  32.683884     4.5000     4.0044     0.0852     1.6920 5.3807e+01     3.1989      1.703      2.470    14.3714 0.0000e+00
      1.736 -3.590e-11     8.2504     80.720     41.502  32.682770     4.5000     3.9739     0.0852     1.6920 5.3936e+01     3.2440      1.703      2.470    14.3714 0.0000e+00
