Data/DataNotYetUploadedToEDI/Raw_CTD/RawDownloads/101122_fcr50_S8188003.cnv
* Sea-Bird SBE19plus  Data File:
* FileName = C:\R\Reservoirs\Data\DataNotYetUploadedToEDI\Raw_CTD\RawDownloads\101122_bvr50_S8188_0003.hex
* Software version 2.8.0.119
* Temperature SN = 8188
* Conductivity SN = 8188
* System UpLoad Time = Oct 12 2022 11:44:07
* <ApplicationData>
* <Seaterm232>
# nquan = 16
# nvalues = 3385                        
# units = specified
# name 0 = depFM: Depth [fresh water, m]
# name 1 = dz/dtM: Descent Rate [m/s]
# name 2 = sbeox0Mg/L: Oxygen, SBE 43 [mg/l]
# name 3 = sbeox0PS: Oxygen, SBE 43 [% saturation]
# name 4 = specc: Specific Conductance [uS/cm]
# name 5 = c0uS/cm: Conductivity [uS/cm]
# name 6 = wetCDOM: Fluorescence, WET Labs CDOM [mg/m^3]
# name 7 = flECO-AFL: Fluorescence, WET Labs ECO-AFL/FL [mg/m^3]
# name 8 = flECO-AFL1: Fluorescence, WET Labs ECO-AFL/FL, 2 [mg/m^3]
# name 9 = flECO-AFL2: Fluorescence, WET Labs ECO-AFL/FL, 3 [mg/m^3]
# name 10 = par/sat/log: PAR/Logarithmic, Satlantic
# name 11 = turbWETntu0: Turbidity, WET Labs ECO [NTU]
# name 12 = prdM: Pressure, Strain Gauge [db]
# name 13 = prdE: Pressure, Strain Gauge [psi]
# name 14 = tv290C: Temperature [ITS-90, deg C]
# name 15 = flag:  0.000e+00
# span 0 =     -0.564,      1.738       
# span 1 =     -0.180,      0.134       
# span 2 =     5.6330,     9.7994       
# span 3 =     56.365,     97.057       
# span 4 =     -0.219,     43.684       
# span 5 =  -0.196382,  39.060572       
# span 6 =    -0.0900,    14.4900       
# span 7 =    -2.0419,   245.1962       
# span 8 =    -2.4282,     3.8340       
# span 9 =    -5.1183,     3.8493       
# span 10 = 4.6235e+01, 2.1425e+03      
# span 11 =    -0.7240,    80.9197      
# span 12 =     -0.553,      1.704      
# span 13 =     -0.802,      2.472      
# span 14 =    14.3781,    19.9993      
# span 15 = 0.0000e+00, 0.0000e+00      
# interval = seconds: 0.25
# start_time = Oct 11 2022 11:27:27 [Instrument's time stamp, header]
# bad_flag = -9.990e-29
*END*
[from data line 3255]
      1.656 -3.779e-07     7.7774     76.298     41.458  32.656140     4.4100     3.7069     0.0852     1.6074 6.6073e+01     3.1989      1.624      2.356    14.3815 0.0000e+00
      1.656 -4.858e-07     7.7877     76.400     41.464  32.661175     4.5000     3.7374     0.0852     1.5228 6.7671e+01     3.1538      1.624      2.356    14.3814 0.0000e+00
      1.656 -6.246e-07     7.7959     76.480     41.459  32.656847     4.5000     3.7221     0.0852     1.5228 6.6722e+01     3.1989      1.624      2.356    14.3813 0.0000e+00
      1.656 -8.031e-07     7.8028     76.548     41.450  32.649924     4.5000     3.6077     0.0852     1.5228 6.6736e+01     3.4544      1.624      2.356    14.3813 0.0000e+00
      1.656     -0.000     7.8090     76.609     41.441  32.642520     4.5000     3.6077     0.0852     1.5228 6.7071e+01     3.4694      1.624      2.356    14.3812 0.0000e+00
      1.656     -0.000     7.8140     76.658     41.434  32.636621     4.5000     3.6268     0.0426     1.5651 6.6635e+01     3.3943      1.624      2.356    14.3812 0.0000e+00
      1.656     -0.000     7.8172     76.690     41.431  32.634614     4.5000     3.6230     0.0426     1.5651 6.6144e+01     3.4694      1.624      2.356    14.3812 0.0000e+00
      1.656     -0.000     7.8184     76.702     41.433  32.635964     4.5000     3.6306     0.0426     1.5651 6.6635e+01     3.5446      1.624      2.356    14.3811 0.0000e+00
      1.656     -0.000 -9.990e-29 -9.990e-29     41.439  32.641032     4.5000     3.6077     0.0426     1.5651 6.6332e+01     3.5446      1.624      2.356    14.3810 0.0000e+00
      1.656     -0.000 -9.990e-29 -9.990e-29     41.447  32.647208     4.5000     3.6382     0.0426     1.5651 6.6447e+01     3.3492      1.624      2.356    14.3810 0.0000e+00
      1.656     -0.000 -9.990e-29 -9.990e-29     41.448  32.648217     4.5000     3.6001     0.0426     1.6074 6.5829e+01     3.3792      1.624      2.356    14.3809 0.0000e+00
      1.656     -0.000 -9.990e-29 -9.990e-29     41.438  32.640370     4.5000     3.6268     0.0426     1.6074 6.4948e+01     3.2289      1.624      2.356    14.3809 0.0000e+00
      1.656     -0.000 -9.990e-29 -9.990e-29     41.424  32.629493     4.5000     3.6039     0.0426     1.6074 6.5629e+01     3.1989      1.624      2.356    14.3808 0.0000e+00
      1.656     -0.000 -9.990e-29 -9.990e-29     41.418  32.624568     4.5000     3.6306     0.0426     1.6074 6.5061e+01     3.0937      1.624      2.356    14.3807 0.0000e+00
      1.656     -0.000 -9.990e-29 -9.990e-29     41.418  32.624282     4.4100     3.6573     0.0852     1.6497 6.5019e+01     3.2590      1.624      2.356    14.3806 0.0000e+00
      1.656     -0.000 -9.990e-29 -9.990e-29     41.424  32.628558     4.4100     3.6649     0.0852     1.6497 6.4610e+01     3.1388      1.624      2.356    14.3805 0.0000e+00
      1.656     -0.000 -9.990e-29 -9.990e-29     41.442  32.642498     4.4100     3.6916     0.0852     1.6497 6.4962e+01     3.1538      1.624      2.356    14.3804 0.0000e+00
      1.656     -0.000 -9.990e-29 -9.990e-29     41.461  32.657937     4.4100     3.6649     0.0852     1.6497 6.4498e+01     3.2440      1.624      2.356    14.3803 0.0000e+00
      1.656     -0.000 -9.990e-29 -9.990e-29     41.468  32.663149     4.4100     3.6497     0.0852     1.6074 6.3290e+01     3.2440      1.624      2.356    14.3803 0.0000e+00
      1.656     -0.000 -9.990e-29 -9.990e-29     41.468  32.663486     4.4100     3.7221     0.0852     1.6074 6.4751e+01     3.1087      1.624      2.356    14.3803 0.0000e+00
      1.656     -0.000 -9.990e-29 -9.990e-29     41.473  32.666957     4.4100     3.7374     0.0852     1.6074 6.3359e+01     3.1838      1.624      2.356    14.3802 0.0000e+00
      1.656     -0.000 -9.990e-29 -9.990e-29     41.477  32.670529     4.4100     3.7374     0.0852     1.6074 6.4037e+01     3.1989      1.624      2.356    14.3802 0.0000e+00
      1.656     -0.000 -9.990e-29 -9.990e-29     41.478  32.671194     4.4100     3.7374     0.0852     1.6074 6.3016e+01     3.1688      1.624      2.356    14.3801 0.0000e+00
      1.656     -0.000 -9.990e-29 -9.990e-29     41.475  32.669127     4.5000     3.6878     0.0852     1.7343 6.3235e+01     3.4243      1.624      2.356    14.3801 0.0000e+00
      1.656     -0.000 -9.990e-29 -9.990e-29     41.469  32.663780     4.5000     3.6878     0.0852     1.7343 6.2879e+01     3.5295      1.624      2.355    14.3800 0.0000e+00
      1.656     -0.000 -9.990e-29 -9.990e-29     41.466  32.661646     4.5000     3.6726     0.0852     1.7343 6.2742e+01     3.5145      1.624      2.355    14.3800 0.0000e+00
      1.655     -0.000 -9.990e-29 -9.990e-29     41.472  32.666116     4.5000     3.6726     0.0852     1.7343 6.3139e+01     3.4995      1.623      2.355    14.3799 0.0000e+00
      1.655     -0.000 -9.990e-29 -9.990e-29     41.473  32.666503     4.5000     3.4093     0.0852     1.6074 6.2213e+01     3.1087      1.623      2.355    14.3799 0.0000e+00
      1.655     -0.000 -9.990e-29 -9.990e-29     41.468  32.662908     4.5000     3.4360     0.0852     1.6074 6.2552e+01     3.2590      1.623      2.354    14.3798 0.0000e+00
      1.655     -0.001 -9.990e-29 -9.990e-29     41.467  32.662293     4.5000     3.4360     0.0852     1.6074 6.2172e+01     3.1688      1.623      2.354    14.3798 0.0000e+00
      1.654     -0.001 -9.990e-29 -9.990e-29     41.465  32.660536     4.5000     3.4437     0.0852     1.6074 6.2497e+01     3.1388      1.622      2.353    14.3799 0.0000e+00
      1.654     -0.001 -9.990e-29 -9.990e-29     41.461  32.657166     4.4100     3.2682     0.0426     1.5228 6.2443e+01     3.1989      1.622      2.353    14.3799 0.0000e+00
      1.653     -0.001 -9.990e-29 -9.990e-29     41.458  32.655247     4.4100     3.2682     0.0426     1.5228 6.2294e+01     3.2289      1.621      2.352    14.3798 0.0000e+00
      1.652     -0.002 -9.990e-29 -9.990e-29     41.457  32.654265     4.4100     3.2682     0.0426     1.5228 6.1849e+01     3.1087      1.620      2.351    14.3798 0.0000e+00
      1.651     -0.002 -9.990e-29 -9.990e-29     41.457  32.653959     4.4100     3.2644     0.0426     1.5228 6.2620e+01     3.1388      1.619      2.349    14.3797 0.0000e+00
      1.650     -0.002 -9.990e-29 -9.990e-29     41.452  32.650287     4.3200     3.3903     0.0852     1.4382 6.1943e+01     3.3342      1.618      2.347    14.3796 0.0000e+00
      1.648     -0.003 -9.990e-29 -9.990e-29     41.447  32.646230     4.3200     3.3788     0.0852     1.4382 6.2186e+01     3.2440      1.616      2.344    14.3794 0.0000e+00
      1.646     -0.004 -9.990e-29 -9.990e-29     41.450  32.648628     4.3200     3.3674     0.0852     1.4382 6.2064e+01     3.1087      1.614      2.341    14.3792 0.0000e+00
      1.643     -0.005 -9.990e-29 -9.990e-29     41.453  32.650200     4.3200     3.3750     0.0852     1.4382 6.1728e+01     3.1989      1.611      2.337    14.3790 0.0000e+00
      1.639     -0.007 -9.990e-29 -9.990e-29     41.449  32.647402     4.3200     3.3712     0.0852     1.4382 6.1957e+01     3.1989      1.608      2.331    14.3788 0.0000e+00
      1.635     -0.009 -9.990e-29 -9.990e-29     41.455  32.651372     4.5000     3.3712     0.0426     1.6074 6.2105e+01     3.1087      1.603      2.325    14.3786 0.0000e+00
      1.629     -0.011 -9.990e-29 -9.990e-29     41.470  32.663168     4.5000     3.3712     0.0426     1.6074 6.5005e+01     3.2891      1.597      2.316    14.3785 0.0000e+00
      1.621     -0.015 -9.990e-29 -9.990e-29     41.478  32.670094     4.5000     3.3636     0.0426     1.6074 6.9989e+01     3.2289      1.589      2.305    14.3791 0.0000e+00
      1.611     -0.019 -9.990e-29 -9.990e-29     41.477  32.670035     4.5000     3.5123     0.0426     1.6074 7.7313e+01     3.1989      1.580      2.291    14.3803 0.0000e+00
      1.599     -0.023 -9.990e-29 -9.990e-29     41.476  32.670897     4.5900     3.5009     0.0852     1.6074 8.1807e+01     3.1989      1.568      2.274    14.3821 0.0000e+00
      1.585     -0.029 -9.990e-29 -9.990e-29     41.481  32.676870     4.5900     3.4971     0.0852     1.6074 8.3513e+01     3.1989      1.554      2.254    14.3843 0.0000e+00
      1.569     -0.036 -9.990e-29 -9.990e-29     41.489  32.685588     4.5900     3.4666     0.0852     1.6074 8.4922e+01     3.2891      1.539      2.232    14.3870 0.0000e+00
      1.551     -0.043 -9.990e-29 -9.990e-29     41.493  32.691454     4.5900     3.3140     0.0852     1.6074 8.3441e+01     3.2139      1.521      2.205    14.3902 0.0000e+00
      1.528     -0.052 -9.990e-29 -9.990e-29     41.489  32.692071     4.5000     3.3216     0.0426     1.6074 8.6581e+01     3.1989      1.499      2.174    14.3945 0.0000e+00
      1.501     -0.061 -9.990e-29 -9.990e-29     41.483  32.691564     4.5000     3.2987     0.0426     1.6074 9.5578e+01     3.1538      1.472      2.135    14.4003 0.0000e+00
      1.469     -0.073 -9.990e-29 -9.990e-29     41.479  32.693760     4.5000     3.3178     0.0426     1.6074 1.0433e+02     3.2440      1.440      2.089    14.4069 0.0000e+00
      1.433     -0.086 -9.990e-29 -9.990e-29     41.479  32.699245     4.5000     3.1805     0.0426     1.6074 1.0982e+02     3.1087      1.405      2.038    14.4134 0.0000e+00
      1.395     -0.100 -9.990e-29 -9.990e-29     41.481  32.705520     4.2300     3.1957     0.0426     1.4805 1.2099e+02     3.1838      1.368      1.983    14.4189 0.0000e+00
      1.355     -0.114 -9.990e-29 -9.990e-29     41.483  32.710298     4.2300     3.1843     0.0426     1.4805 1.2538e+02     3.1688      1.328      1.927    14.4227 0.0000e+00
      1.314     -0.127 -9.990e-29 -9.990e-29     41.487  32.714855     4.2300     3.1957     0.0426     1.4805 1.3204e+02     3.1087      1.288      1.869    14.4247 0.0000e+00
      1.272     -0.139 -9.990e-29 -9.990e-29     41.493  32.720405     4.2300     2.9592     0.0426     1.4805 1.4421e+02     3.1989      1.247      1.809    14.4253 0.0000e+00
      1.230     -0.148 -9.990e-29 -9.990e-29     41.501  32.726448     4.2300     2.9363     0.0426     1.4805 1.5534e+02     3.1688      1.206      1.749    14.4249 0.0000e+00
      1.188     -0.155 -9.990e-29 -9.990e-29     41.505  32.728655     4.4100     2.9096     0.0852     1.4382 1.5440e+02     3.2139      1.165      1.689    14.4244 0.0000e+00
      1.145     -0.159 -9.990e-29 -9.990e-29     41.506  32.729593     4.4100     2.9592     0.0852     1.4382 1.6394e+02     3.2590      1.123      1.629    14.4243 0.0000e+00
      1.103     -0.162 -9.990e-29 -9.990e-29     41.510  32.733475     4.4100     2.8219     0.0852     1.4382 1.7697e+02     3.1989      1.081      1.569    14.4250 0.0000e+00
      1.059     -0.164 -9.990e-29 -9.990e-29     41.509  32.733413     4.4100     2.8142     0.0852     1.4382 1.7701e+02     3.1087      1.039      1.507    14.4260 0.0000e+00
      1.015     -0.166 -9.990e-29 -9.990e-29     41.503  32.729393     4.5000     2.8333     0.0852     1.3536 1.8722e+02     3.1388      0.996      1.444    14.4268 0.0000e+00
      0.971     -0.168 -9.990e-29 -9.990e-29     41.501  32.728262     4.5000     2.8066     0.0852     1.3536 2.1278e+02     3.1087      0.952      1.381    14.4274 0.0000e+00
      0.926     -0.169 -9.990e-29 -9.990e-29     41.505  32.731701     4.5000     2.5739     0.0852     1.3536 2.2141e+02     3.1989      0.908      1.317    14.4277 0.0000e+00
      0.882     -0.171 -9.990e-29 -9.990e-29     41.516  32.740625     4.5000     2.5586     0.0852     1.3536 2.1769e+02     3.1838      0.865      1.254    14.4281 0.0000e+00
      0.838     -0.172 -9.990e-29 -9.990e-29     41.524  32.747513     4.5000     2.5777     0.0426     1.3113 2.2588e+02     3.1688      0.821      1.191    14.4286 0.0000e+00
      0.793     -0.173 -9.990e-29 -9.990e-29     41.517  32.742320     4.5000     2.5663     0.0426     1.3113 2.7426e+02     3.0636      0.777      1.127    14.4293 0.0000e+00
      0.747     -0.174 -9.990e-29 -9.990e-29     41.502  32.731583     4.5000     2.3717     0.0426     1.3113 2.5467e+02     3.1989      0.732      1.063    14.4301 0.0000e+00
      0.701     -0.175 -9.990e-29 -9.990e-29     41.497  32.728282     4.5000     2.3832     0.0426     1.3113 2.7147e+02     3.1688      0.687      0.997    14.4310 0.0000e+00
      0.654     -0.177 -9.990e-29 -9.990e-29     41.503  32.733515     4.5000     2.3946     0.0852     1.3536 3.0362e+02     3.1989      0.641      0.930    14.4320 0.0000e+00
      0.607     -0.178 -9.990e-29 -9.990e-29     41.508  32.738777     4.5000     2.3755     0.0852     1.3536 2.9007e+02     3.1688      0.595      0.864    14.4330 0.0000e+00
      0.561     -0.179 -9.990e-29 -9.990e-29     41.508  32.739531     4.5000     2.2573     0.0852     1.3536 3.6473e+02     3.2289      0.550      0.798    14.4338 0.0000e+00
      0.516     -0.180 -9.990e-29 -9.990e-29     41.511  32.741918     4.5000     2.2687     0.0852     1.3536 2.9039e+02     3.1838      0.506      0.734    14.4345 0.0000e+00
      0.472     -0.180 -9.990e-29 -9.990e-29     41.516  32.746576     4.5000     2.2802     0.0852     1.3536 3.2196e+02     3.1388      0.462      0.671    14.4351 0.0000e+00
      0.428     -0.180 -9.990e-29 -9.990e-29     41.513  32.744844     4.4100     2.2611     0.0426     1.0998 3.3721e+02     3.2590      0.419      0.608    14.4357 0.0000e+00
      0.385     -0.178 -9.990e-29 -9.990e-29     41.504  32.738241     4.4100     2.0360     0.0426     1.0998 3.7978e+02     3.1989      0.377      0.547    14.4362 0.0000e+00
      0.343     -0.176 -9.990e-29 -9.990e-29     41.494  32.730947     4.4100     2.0131     0.0426     1.0998 4.5881e+02     3.1087      0.336      0.488    14.4369 0.0000e+00
      0.302     -0.173 -9.990e-29 -9.990e-29     41.486  32.724978     4.4100     2.0093     0.0426     1.0998 5.4214e+02     3.3492      0.296      0.430    14.4376 0.0000e+00
      0.263     -0.169 -9.990e-29 -9.990e-29     41.487  32.726663     4.4100     2.0131     0.0852     1.1421 4.4265e+02     3.1688      0.257      0.373    14.4386 0.0000e+00
      0.224     -0.166 -9.990e-29 -9.990e-29     41.496  32.734472     4.4100     1.9483     0.0852     1.1421 5.5779e+02     3.1989      0.219      0.318    14.4400 0.0000e+00
      0.186     -0.162 -9.990e-29 -9.990e-29     41.499  32.738605     4.4100     1.9407     0.0852     1.1421 8.8418e+02     3.2440      0.182      0.264    14.4420 0.0000e+00
      0.150     -0.158 -9.990e-29 -9.990e-29     41.492  32.736204     4.4100     1.9483     0.0852     1.1421 6.8912e+02     3.2440      0.147      0.213    14.4449 0.0000e+00
      0.116     -0.153 -9.990e-29 -9.990e-29     41.486  32.734549    10.6200     1.9597     2.5986     3.8493 6.8778e+02     3.2440      0.113      0.164    14.4488 0.0000e+00
      0.083     -0.148 -9.990e-29 -9.990e-29     41.484  32.737161    10.6200     3.2567     2.5986     3.8493 4.6534e+02    47.8835      0.082      0.119    14.4535 0.0000e+00
      0.053     -0.142 -9.990e-29 -9.990e-29     41.481  32.738795    10.6200     3.2186     2.5986     3.8493 8.8765e+02    48.0939      0.052      0.076    14.4584 0.0000e+00
      0.025     -0.136 -9.990e-29 -9.990e-29     41.475  32.737907    10.6200     3.2720     2.5986     3.8493 9.0105e+02    47.9286      0.025      0.036    14.4632 0.0000e+00
     -0.000     -0.129 -9.990e-29 -9.990e-29     41.468  32.736241    10.6200     3.2529     2.5986     3.8493 9.0872e+02    47.9436      0.000     -0.000    14.4679 0.0000e+00
     -0.023     -0.121 -9.990e-29 -9.990e-29     41.464  32.737312    14.4900     5.3587    -1.2780    -4.6953 9.2587e+02     4.8221     -0.022     -0.032    14.4733 0.0000e+00
     -0.043     -0.112 -9.990e-29 -9.990e-29     41.465  32.743386    14.4900     5.3549    -1.2780    -4.6953 9.3557e+02     4.8522     -0.042     -0.061    14.4793 0.0000e+00
