Data/DataNotYetUploadedToEDI/Raw_CTD/RawDownloads/101122_fcr50_S8188002.cnv
* Sea-Bird SBE19plus  Data File:
* FileName = C:\R\Reservoirs\Data\DataNotYetUploadedToEDI\Raw_CTD\RawDownloads\101122_bvr50_S8188_0002.hex
* Software version 2.8.0.119
* Temperature SN = 8188
* Conductivity SN = 8188
* System UpLoad Time = Oct 12 2022 11:43:19
* <ApplicationData>
* <Seaterm232>
# nquan = 16
# nvalues = 2602                        
# units = specified
# name 0 = depFM: Depth [fresh water, m]
# name 1 = dz/dtM: Descent Rate [m/s]
# name 2 = sbeox0Mg/L: Oxygen, SBE 43 [mg/l]
# name 3 = sbeox0PS: Oxygen, SBE 43 [% saturation]
# name 4 = specc: Specific Conductance [uS/cm]
# name 5 = c0uS/cm: Conductivity [uS/cm]
# name 6 = wetCDOM: Fluorescence, WET Labs CDOM [mg/m^3]
# name 7 = flECO-AFL: Fluorescence, WET Labs ECO-AFL/FL [mg/m^3]
# name 8 = flECO-AFL1: Fluorescence, WET Labs ECO-AFL/FL, 2 [mg/m^3]
# name 9 = flECO-AFL2: Fluorescence, WET Labs ECO-AFL/FL, 3 [mg/m^3]
# name 10 = par/sat/log: PAR/Logarithmic, Satlantic
# name 11 = turbWETntu0: Turbidity, WET Labs ECO [NTU]
# name 12 = prdM: Pressure, Strain Gauge [db]
# name 13 = prdE: Pressure, Strain Gauge [psi]
# name 14 = tv290C: Temperature [ITS-90, deg C]
# name 15 = flag:  0.000e+00
# span 0 =     -0.553,      9.639       
# span 1 =     -0.172,      0.106       
# span 2 =     5.7871,    18.8315       
# span 3 =     55.572,    179.813       
# span 4 =     -0.451,     48.689       
# span 5 =  -0.361711,  37.092669       
# span 6 =    -1.4400,    10.2600       
# span 7 =    -1.0501,    12.4961       
# span 8 =    -1.4910,     5.1972       
# span 9 =    -7.4025,     8.8407       
# span 10 = 1.1592e-01, 1.5140e+03      
# span 11 =    -3.8803,   293.4458      
# span 12 =     -0.542,      9.453      
# span 13 =     -0.787,     13.710      
# span 14 =    12.9335,    19.4307      
# span 15 = 0.0000e+00, 0.0000e+00      
# interval = seconds: 0.25
# start_time = Oct 11 2022 10:14:03 [Instrument's time stamp, header]
# bad_flag = -9.990e-29
*END*
[from data line 1447]
      7.762      0.024    18.7525    179.050     45.531  35.042083     8.1900     0.9641     1.3206     0.8037 1.1620e-01    74.7273      7.612     11.040    13.4790 0.0000e+00
      7.769      0.025    18.7527    179.049     45.560  35.062562     8.1900     0.9603     1.3206     0.8037 1.1612e-01    74.7874      7.619     11.050    13.4764 0.0000e+00
      7.776      0.025    18.7531    179.050     45.581  35.076328     8.1900     0.9717     1.3206     0.8037 1.1605e-01    74.7874      7.626     11.060    13.4740 0.0000e+00
      7.784      0.026    18.7535    179.051     45.597  35.087054     8.1900     0.9069     1.3206     0.8037 1.1617e-01    76.2303      7.633     11.071    13.4718 0.0000e+00
      7.791      0.027    18.7538    179.052     45.613  35.097600     8.1900     0.9221     1.3206     0.8460 1.1623e-01    76.1251      7.640     11.082    13.4697 0.0000e+00
      7.799      0.028    18.7540    179.052     45.633  35.110777     8.1900     0.8840     1.3206     0.8460 1.1617e-01    76.2153      7.648     11.092    13.4677 0.0000e+00
      7.806      0.028    18.7542    179.052     45.655  35.126139     8.1900     0.8496     1.3206     0.8460 1.1612e-01    76.3205      7.655     11.103    13.4659 0.0000e+00
      7.814      0.029    18.7541    179.049     45.675  35.139859     8.1900     0.9069     1.3206     0.8460 1.1612e-01    75.0580      7.662     11.114    13.4641 0.0000e+00
      7.821      0.029    18.7538    179.044     45.692  35.151636     8.1000     0.9145     1.2780     0.8037 1.1615e-01    75.0129      7.670     11.124    13.4624 0.0000e+00
      7.828      0.029    18.7538    179.042     45.706  35.160649     8.1000     0.8878     1.2780     0.8037 1.1605e-01    75.2233      7.677     11.134    13.4609 0.0000e+00
      7.835      0.029    18.7541    179.043     45.714  35.165341     8.1000     0.9183     1.2780     0.8037 1.1617e-01    74.9828      7.684     11.144    13.4594 0.0000e+00
      7.842      0.029    18.7546    179.046     45.722  35.170923     8.1000     0.9717     1.2780     0.8037 1.1612e-01    75.5389      7.691     11.154    13.4580 0.0000e+00
      7.850      0.029    18.7551    179.049     45.734  35.178883     8.1000     0.9717     1.2780     0.8037 1.1610e-01    75.5990      7.698     11.165    13.4567 0.0000e+00
      7.858      0.029    18.7556    179.051     45.742  35.183424     8.1000     0.9526     1.3206     0.8037 1.1628e-01    75.5690      7.706     11.176    13.4553 0.0000e+00
      7.866      0.029    18.7560    179.052     45.747  35.185754     8.1000     0.9755     1.3206     0.8037 1.1612e-01    75.5089      7.714     11.188    13.4540 0.0000e+00
      7.875      0.030    18.7562    179.052     45.754  35.190458     8.1000     0.9145     1.3206     0.8037 1.1620e-01    74.7574      7.722     11.200    13.4527 0.0000e+00
      7.883      0.031    18.7564    179.053     45.762  35.194827     8.1000     0.8954     1.3206     0.8037 1.1630e-01    74.7724      7.731     11.212    13.4514 0.0000e+00
      7.892      0.031    18.7566    179.052     45.765  35.196066     8.1000     0.9069     1.3206     0.6768 1.1625e-01    74.8024      7.739     11.225    13.4501 0.0000e+00
      7.901      0.032    18.7563    179.048     45.764  35.194505     8.1000     0.9030     1.3206     0.6768 1.1612e-01    74.8175      7.748     11.237    13.4489 0.0000e+00
      7.910      0.033    18.7558    179.041     45.759  35.189728     8.1000     0.9412     1.3206     0.6768 1.1617e-01    75.0880      7.757     11.250    13.4478 0.0000e+00
      7.919      0.034    18.7557    179.038     45.754  35.184423     8.1000     0.9221     1.3206     0.6768 1.1607e-01    75.0429      7.766     11.263    13.4467 0.0000e+00
      7.928      0.034    18.7561    179.039     45.751  35.181135     8.1000     0.8992     1.2780     0.8037 1.1612e-01    75.0730      7.775     11.276    13.4456 0.0000e+00
      7.937      0.035    18.7567    179.043     45.749  35.178987     8.1000     0.9030     1.2780     0.8037 1.1623e-01    75.0129      7.784     11.289    13.4446 0.0000e+00
      7.946      0.035    18.7571    179.044     45.748  35.177407     8.1000     1.0137     1.2780     0.8037 1.1628e-01    75.3435      7.793     11.302    13.4436 0.0000e+00
      7.955      0.036    18.7571    179.041     45.747  35.175974     8.1000     1.0137     1.2780     0.8037 1.1623e-01    75.2834      7.802     11.315    13.4427 0.0000e+00
      7.964      0.036    18.7574    179.040     45.751  35.178267     8.1000     1.0366     1.3206     0.8037 1.1623e-01    75.1932      7.810     11.328    13.4419 0.0000e+00
      7.973      0.036    18.7582    179.044     45.761  35.184896     8.1000     1.0099     1.3206     0.8037 1.1625e-01    75.3435      7.819     11.340    13.4410 0.0000e+00
      7.982      0.035    18.7593    179.050     45.766  35.187726     8.1000     0.9679     1.3206     0.8037 1.1620e-01    75.2233      7.827     11.352    13.4403 0.0000e+00
      7.990      0.035    18.7603    179.052     45.764  35.185533     8.1000     0.9336     1.3206     0.8037 1.1610e-01    75.3736      7.835     11.364    13.4395 0.0000e+00
      7.998      0.034    18.7613    179.051     45.762  35.183673     8.1000     0.9565     1.3206     0.8037 1.1628e-01    75.2684      7.844     11.376    13.4387 0.0000e+00
      8.007      0.034    18.7627    179.050     45.763  35.183629     8.1900     0.9717     1.3206     0.6345 1.1617e-01    75.3435      7.852     11.388    13.4380 0.0000e+00
      8.016      0.034    18.7644    179.048     45.766  35.185391     8.1900     0.8420     1.3206     0.6345 1.1612e-01    75.2834      7.861     11.401    13.4373 0.0000e+00
      8.025      0.034    18.7662    179.046     45.767  35.185468     8.1900     0.8229     1.3206     0.6345 1.1617e-01    75.1782      7.869     11.414    13.4366 0.0000e+00
      8.033      0.034    18.7675    179.042     45.766  35.183879     8.1900     0.8344     1.3206     0.6345 1.1610e-01    75.3135      7.878     11.426    13.4359 0.0000e+00
      8.042      0.034    18.7682    179.036     45.767  35.184162     8.1900     0.8458     1.2780     0.6345 1.1615e-01    75.3135      7.886     11.438    13.4352 0.0000e+00
      8.050      0.034    18.7687    179.031     45.766  35.182431     8.1900     0.9641     1.2780     0.6345 1.1610e-01    74.9978      7.894     11.450    13.4346 0.0000e+00
      8.058      0.034    18.7690    179.028     45.756  35.174264     8.1900     0.9870     1.2780     0.6345 1.1612e-01    75.0880      7.902     11.461    13.4339 0.0000e+00
      8.066      0.034    18.7691    179.023     45.745  35.165405     8.1900     0.9793     1.2780     0.6345 1.1628e-01    74.9528      7.910     11.473    13.4332 0.0000e+00
      8.075      0.033    18.7692    179.020     45.746  35.165375     8.1000     0.9526     1.3206     0.6768 1.1643e-01    74.9828      7.919     11.485    13.4325 0.0000e+00
      8.084      0.033    18.7694    179.018     45.753  35.170204     8.1000     0.9679     1.3206     0.6768 1.1620e-01    74.9978      7.927     11.498    13.4318 0.0000e+00
      8.093      0.033    18.7695    179.014     45.758  35.173259     8.1000     0.9603     1.3206     0.6768 1.1602e-01    75.1031      7.937     11.511    13.4311 0.0000e+00
      8.103      0.034    18.7693    179.008     45.762  35.175353     8.1000     0.9488     1.3206     0.6768 1.1628e-01    75.0279      7.946     11.525    13.4303 0.0000e+00
      8.113      0.035    18.7692    179.004     45.760  35.173084     8.1000     0.9679     1.3206     0.7191 1.1607e-01    74.9978      7.956     11.540    13.4294 0.0000e+00
      8.124      0.036    18.7702    179.009     45.744  35.159906     8.1000     0.8802     1.3206     0.7191 1.1628e-01    74.5770      7.966     11.555    13.4283 0.0000e+00
      8.134      0.037    18.7716    179.019     45.707  35.130324     8.1000     0.9030     1.3206     0.7191 1.1605e-01    74.4868      7.977     11.569    13.4270 0.0000e+00
      8.144      0.038    18.7729    179.028     45.641  35.078429     8.1000     0.9259     1.3206     0.7191 1.1612e-01    74.5018      7.986     11.583    13.4252 0.0000e+00
      8.153      0.039    18.7740    179.036     45.548  35.004248     8.1000     0.8992     1.3206     0.7191 1.1615e-01    74.6521      7.996     11.597    13.4227 0.0000e+00
      8.162      0.039    18.7752    179.044     45.465  34.937510     8.1000     0.9374     1.3206     0.8037 1.1620e-01    74.7724      8.004     11.609    13.4192 0.0000e+00
      8.170      0.038    18.7765    179.054     45.440  34.913892     8.1000     0.9793     1.3206     0.8037 1.1607e-01    74.7874      8.013     11.621    13.4146 0.0000e+00
      8.178      0.037    18.7775    179.061     45.450  34.917193     8.1000     0.9603     1.3206     0.8037 1.1612e-01    74.7874      8.021     11.633    13.4092 0.0000e+00
      8.186      0.036    18.7779    179.062     45.454  34.914625     8.1000     0.9717     1.3206     0.8037 1.1607e-01    74.8175      8.028     11.644    13.4037 0.0000e+00
      8.195      0.035    18.7777    179.057     45.453  34.909465     8.1900     0.9793     1.3206     0.7614 1.1612e-01    75.3736      8.036     11.656    13.3989 0.0000e+00
      8.203      0.034    18.7775    179.053     45.466  34.916179     8.1900     0.9488     1.3206     0.7614 1.1623e-01    75.3736      8.044     11.667    13.3949 0.0000e+00
      8.211      0.033    18.7774    179.049     45.491  34.932598     8.1900     0.9603     1.3206     0.7614 1.1610e-01    75.3135      8.052     11.679    13.3918 0.0000e+00
      8.220      0.032    18.7774    179.047     45.513  34.947255     8.1900     0.9641     1.3206     0.7614 1.1610e-01    75.3135      8.061     11.691    13.3892 0.0000e+00
      8.229      0.032    18.7773    179.043     45.527  34.956136     8.1000     0.9107     1.3206     0.7191 1.1620e-01    75.9598      8.070     11.704    13.3870 0.0000e+00
      8.238      0.033    18.7768    179.036     45.537  34.961611     8.1000     0.9069     1.3206     0.7191 1.1630e-01    75.9898      8.078     11.717    13.3850 0.0000e+00
      8.247      0.033    18.7757    179.023     45.543  34.965140     8.1000     0.8992     1.3206     0.7191 1.1628e-01    75.9297      8.087     11.730    13.3833 0.0000e+00
      8.256      0.034    18.7741    179.006     45.549  34.967662     8.1000     0.9030     1.3206     0.7191 1.1610e-01    75.9147      8.096     11.743    13.3818 0.0000e+00
      8.265      0.035    18.7727    178.989     45.553  34.969851     8.1000     0.9069     1.3206     0.7191 1.1623e-01    74.9828      8.105     11.756    13.3804 0.0000e+00
      8.274      0.035    18.7724    178.985     45.558  34.972291     8.1000     0.9183     1.3206     0.8037 1.1615e-01    75.0580      8.114     11.769    13.3792 0.0000e+00
      8.283      0.035    18.7734    178.992     45.564  34.975632     8.1000     0.9183     1.3206     0.8037 1.1630e-01    75.0730      8.122     11.781    13.3780 0.0000e+00
      8.291      0.035    18.7750    179.005     45.571  34.980764     8.1000     0.9221     1.3206     0.8037 1.1605e-01    75.0279      8.130     11.792    13.3770 0.0000e+00
      8.299      0.035    18.7769    179.021     45.583  34.989057     8.1000     0.9069     1.3206     0.8037 1.1617e-01    75.7043      8.138     11.804    13.3760 0.0000e+00
      8.307      0.034    18.7792    179.040     45.597  34.998760     8.1000     0.9107     1.3206     0.7191 1.1595e-01    75.7944      8.146     11.816    13.3751 0.0000e+00
      8.316      0.033    18.7815    179.060     45.606  35.004540     8.1000     0.9374     1.3206     0.7191 1.1610e-01    75.8245      8.155     11.828    13.3742 0.0000e+00
      8.324      0.033    18.7831    179.073     45.611  35.007938     8.1000     0.8992     1.3206     0.7191 1.1600e-01    75.7944      8.163     11.840    13.3733 0.0000e+00
      8.332      0.033    18.7835    179.074     45.620  35.013820     8.1000     0.9832     1.3206     0.7191 1.1617e-01    75.6742      8.171     11.851    13.3725 0.0000e+00
      8.340      0.032    18.7829    179.067     45.629  35.019794     8.2800     0.9755     1.3206     0.7614 1.1602e-01    75.9147      8.179     11.863    13.3716 0.0000e+00
      8.349      0.032    18.7821    179.057     45.635  35.023492     8.2800     0.9565     1.3206     0.7614 1.1625e-01    75.7193      8.187     11.875    13.3708 0.0000e+00
      8.357      0.033    18.7814    179.048     45.639  35.025901     8.2800     0.9717     1.3206     0.7614 1.1625e-01    75.7644      8.195     11.887    13.3700 0.0000e+00
      8.365      0.033    18.7808    179.040     45.647  35.031623     8.2800     1.0289     1.3206     0.7614 1.1623e-01    75.7944      8.204     11.899    13.3691 0.0000e+00
      8.374      0.032    18.7801    179.032     45.662  35.042184     8.1900     1.0137     1.2780     0.7614 1.1612e-01    75.8245      8.212     11.910    13.3683 0.0000e+00
      8.381      0.032    18.7800    179.028     45.676  35.052479     8.1900     0.9984     1.2780     0.7614 1.1615e-01    75.7343      8.219     11.921    13.3674 0.0000e+00
      8.389      0.032    18.7805    179.030     45.689  35.061292     8.1900     1.0213     1.2780     0.7614 1.1600e-01    75.8395      8.227     11.932    13.3664 0.0000e+00
      8.396      0.031    18.7811    179.033     45.698  35.067011     8.1900     0.9450     1.2780     0.7614 1.1617e-01    75.5840      8.234     11.942    13.3654 0.0000e+00
      8.403      0.031    18.7817    179.037     45.699  35.067202     8.1900     0.8992     1.2780     0.7614 1.1630e-01    75.6592      8.241     11.952    13.3644 0.0000e+00
      8.409      0.030    18.7824    179.041     45.699  35.065876     8.1900     0.9069     1.2780     0.8037 1.1617e-01    75.4938      8.247     11.961    13.3634 0.0000e+00
      8.416      0.029    18.7831    179.046     45.701  35.066640     8.1900     0.9145     1.2780     0.8037 1.1612e-01    75.4638      8.253     11.970    13.3624 0.0000e+00
      8.422      0.028    18.7836    179.048     45.700  35.065737     8.1900     0.8878     1.2780     0.8037 1.1617e-01    75.0880      8.260     11.980    13.3615 0.0000e+00
      8.429      0.027    18.7838    179.047     45.698  35.062926     8.1900     0.9145     1.2780     0.8037 1.1617e-01    75.0279      8.266     11.989    13.3606 0.0000e+00
      8.436      0.026    18.7836    179.043     45.697  35.061418     8.1000     0.8992     1.3632     0.6768 1.1617e-01    74.9828      8.273     11.999    13.3597 0.0000e+00
      8.442      0.026    18.7832    179.038     45.697  35.060812     8.1000     0.9069     1.3632     0.6768 1.1623e-01    75.1481      8.279     12.008    13.3589 0.0000e+00
      8.449      0.026    18.7831    179.034     45.698  35.060945     8.1000     1.0137     1.3632     0.6768 1.1605e-01    75.2383      8.285     12.017    13.3581 0.0000e+00
      8.456      0.026    18.7834    179.033     45.695  35.057893     8.1000     1.0366     1.3632     0.6768 1.1620e-01    75.3135      8.292     12.027    13.3573 0.0000e+00
      8.463      0.026    18.7839    179.036     45.687  35.050841     8.1000     1.0404     1.3206     0.6768 1.1623e-01    75.2834      8.299     12.037    13.3565 0.0000e+00
      8.471      0.027    18.7845    179.039     45.681  35.045831     8.1000     1.0366     1.3206     0.6768 1.1617e-01    75.2834      8.307     12.048    13.3557 0.0000e+00
      8.479      0.027    18.7851    179.042     45.682  35.045487     8.1000     0.8229     1.3206     0.6768 1.1615e-01    75.0580      8.315     12.060    13.3549 0.0000e+00
      8.487      0.028    18.7857    179.045     45.688  35.049719     8.1000     0.8496     1.3206     0.6768 1.1615e-01    74.9528      8.323     12.072    13.3541 0.0000e+00
