Data/DataNotYetUploadedToEDI/Raw_CTD/RawDownloads/101122_bvr50_S7809001.cnv
* Sea-Bird SBE19plus  Data File:
* FileName = C:\R\Reservoirs\Data\DataNotYetUploadedToEDI\Raw_CTD\RawDownloads\101122_bvr50_S7809_0001.hex
* Software version 2.8.0.119
* Temperature SN = 7809
* Conductivity SN = 7809
* System UpLoad Time = Oct 12 2022 10:47:37
* <ApplicationData>
* <Seaterm232>
# nquan = 15
# nvalues = 1763                        
# units = specified
# name 0 = depFM: Depth [fresh water, m]
# name 1 = dz/dtM: Descent Rate [m/s]
# name 2 = sbeox0Mg/L: Oxygen, SBE 43 [mg/l]
# name 3 = sbeox0PS: Oxygen, SBE 43 [% saturation]
# name 4 = specc: Specific Conductance [uS/cm]
# name 5 = c0uS/cm: Conductivity [uS/cm]
# name 6 = flECO-AFL: Fluorescence, WET Labs ECO-AFL/FL [mg/m^3]
# name 7 = ph: pH
# name 8 = orp: Oxidation Reduction Potential [mV]
# name 9 = par/sat/log: PAR/Logarithmic, Satlantic
# name 10 = turbWETntu0: Turbidity, WET Labs ECO [NTU]
# name 11 = prdM: Pressure, Strain Gauge [db]
# name 12 = prdE: Pressure, Strain Gauge [psi]
# name 13 = tv290C: Temperature [ITS-90, deg C]
# name 14 = flag:  0.000e+00
# span 0 =     -0.641,      7.405       
# span 1 =     -0.323,      0.173       
# span 2 =     0.0443,     7.1422       
# span 3 =      0.422,     71.081       
# span 4 =      3.490,    253.593       
# span 5 =   2.750557, 180.531703       
# span 6 =    -1.2396,     4.8447       
# span 7 =      5.587,      7.918       
# span 8 = -1240.7455,   257.3590       
# span 9 = 1.2366e-01, 1.7776e+03       
# span 10 =    -7.7150,   931.6395      
# span 11 =     -0.629,      7.262      
# span 12 =     -0.912,     10.533      
# span 13 =    10.5628,    17.1309      
# span 14 = 0.0000e+00, 0.0000e+00      
# interval = seconds: 0.25
# start_time = Oct 11 2022 08:06:48 [Instrument's time stamp, header]
# bad_flag = -9.990e-29
*END*
[from data line 1639]
      2.457     -0.132     1.5103     18.607     51.865  40.396729     3.6547      7.805    52.3107 3.1474e+01     6.8764      2.413      3.499    13.9502 0.0000e+00
      2.407     -0.158     1.6104     19.366     51.738  40.290609     3.6864      7.803    53.6129 3.3268e+01     6.8600      2.358      3.420    13.9543 0.0000e+00
      2.358     -0.177     1.7177     19.923     51.822  40.350218     3.7353      7.799    54.9163 3.4951e+01     6.8311      2.311      3.352    13.9494 0.0000e+00
      2.313     -0.182     1.8292     20.249     52.242  40.673462     3.7545      7.798    56.1103 3.6767e+01     6.8006      2.268      3.289    13.9481 0.0000e+00
      2.267     -0.170     1.9256     20.386     52.786  41.090927     3.7522      7.798    57.2076 3.8997e+01     6.7982      2.225      3.226    13.9403 0.0000e+00
      2.217     -0.145     2.0054     20.400     52.541  40.894306     3.7654      7.799    58.6333 4.1562e+01     6.8364      2.175      3.154    13.9317 0.0000e+00
      2.168     -0.112     2.0658     20.341     51.326  39.945255     3.8060      7.802    60.4429 4.3655e+01     6.8182      2.121      3.076    13.9287 0.0000e+00
      2.136     -0.077     2.0967     20.246     49.861  38.812903     3.8606      7.804    62.3962 4.4382e+01     6.6810      2.085      3.024    13.9240 0.0000e+00
      2.129     -0.044     2.1085     20.108     49.172  38.302348     3.8840      7.805    64.5265 4.3933e+01     6.5426      2.081      3.019    13.9211 0.0000e+00
      2.138     -0.016     2.1091     19.940     49.667  38.719132     3.8812      7.806    66.5822 4.3171e+01     6.5463      2.096      3.041    13.9114 0.0000e+00
      2.149      0.003     2.1007     19.798     50.302  39.222478     3.9427      7.806    68.4951 4.2850e+01     6.6575      2.110      3.062    13.9063 0.0000e+00
      2.154      0.012     2.0923     19.730     50.354  39.251120     4.0537      7.804    70.2754 4.2941e+01     6.7257      2.114      3.066    13.9104 0.0000e+00
      2.153      0.010     2.0766     19.758     49.969  38.938585     4.0998      7.800    71.9322 4.3021e+01     6.7214      2.110      3.061    13.9385 0.0000e+00
      2.152     -0.001     2.0539     19.866     49.068  38.234236     4.0919      7.795    73.6430 4.2978e+01     6.7084      2.109      3.059    13.9873 0.0000e+00
      2.154     -0.020     2.0377     20.004     47.892  37.330640     4.0172      7.791    75.3007 4.2822e+01     6.6711      2.113      3.063    13.9923 0.0000e+00
      2.156     -0.043     2.0308     20.134     47.054  36.701706     3.8700      7.787    77.0045 4.2850e+01     6.6457      2.116      3.068    13.9690 0.0000e+00
      2.151     -0.068     2.0346     20.282     46.474  36.274037     3.7767      7.785    78.7563 4.3700e+01     6.6407      2.116      3.069    13.9563 0.0000e+00
      2.129     -0.093     2.0483     20.511     45.972  35.901232     3.7547      7.784    80.2204 4.5556e+01     6.5769      2.094      3.038    13.9510 0.0000e+00
      2.091     -0.118     2.0643     20.896     45.919  35.872172     3.7296      7.781    81.3707 4.7834e+01     6.5234      2.053      2.977    13.9654 0.0000e+00
      2.049     -0.140     2.0742     21.463     46.221  36.112925     3.6984      7.778    82.3398 5.0094e+01     6.5402      2.009      2.914    13.9961 0.0000e+00
      2.009     -0.157     2.0862     22.168     46.513  36.339042     3.6930      7.776    83.3342 5.2430e+01     6.5743      1.969      2.855    14.0256 0.0000e+00
      1.971     -0.166     2.1056     22.974     46.741  36.513472     3.6983      7.778    84.4448 5.4943e+01     6.5608      1.934      2.805    14.0452 0.0000e+00
      1.930     -0.162     2.1428     23.824     46.740  36.509748     3.6952      7.782    85.5298 5.7761e+01     6.5472      1.896      2.749    14.0587 0.0000e+00
      1.883     -0.142     2.2043     24.619     46.546  36.357428     3.6970      7.787    86.5584 6.1263e+01     6.5807      1.850      2.683    14.0653 0.0000e+00
      1.832     -0.112     2.2772     25.256     46.252  36.130332     3.7115      7.792    87.5891 6.4915e+01     6.5907      1.793      2.602    14.0591 0.0000e+00
      1.792     -0.076     2.3626     25.663     45.896  35.856603     3.7205      7.796    88.6136 6.6693e+01     6.6002      1.744      2.530    14.0552 0.0000e+00
      1.779     -0.039     2.4540     25.847     45.541  35.584338     3.7227      7.799    89.7405 6.5915e+01     6.5923      1.735      2.517    14.0533 0.0000e+00
      1.792     -0.006     2.5398     25.873     44.778  34.994427     3.8307      7.801    91.2340 6.4150e+01     6.4610      1.754      2.544    14.0497 0.0000e+00
      1.812      0.019     2.6088     25.813     43.145  33.733454     4.0360      7.804    92.9050 6.2776e+01     6.3107      1.780      2.581    14.0537 0.0000e+00
      1.827      0.031     2.6493     25.721     41.458  32.448720     4.1487      7.806    94.3701 6.2309e+01     6.2782      1.796      2.604    14.0587 0.0000e+00
      1.833      0.025     2.6655     25.664     41.251  32.332025     4.1618      7.809    95.6993 6.2279e+01     6.3067      1.798      2.608    14.0649 0.0000e+00
      1.835      0.002     2.6643     25.731     42.254  33.146913     4.0780      7.810    96.9300 6.1948e+01     6.3824      1.798      2.608    14.0700 0.0000e+00
      1.838     -0.031     2.6571     26.050     43.013  33.742077     3.9092      7.809    97.8935 6.1515e+01     6.4757      1.802      2.613    14.0791 0.0000e+00
      1.839     -0.068     2.6420     26.753     43.054  33.758322     3.8266      7.807    98.8301 6.2123e+01     6.5470      1.810      2.627    14.1247 0.0000e+00
      1.823     -0.104     2.6290     27.828     42.867  33.596942     3.8282      7.804    99.8233 6.4755e+01     6.5955      1.799      2.609    14.1952 0.0000e+00
      1.783     -0.138     2.6297     29.058     42.594  33.375983     3.8207      7.801   100.6102 6.8844e+01     6.5502      1.752      2.542    14.2343 0.0000e+00
      1.729     -0.168     2.6557     30.168     42.103  32.988850     3.7941      7.799   101.3749 7.3394e+01     6.4087      1.694      2.457    14.2265 0.0000e+00
      1.675     -0.188     2.7296     31.033     41.837  32.783812     3.7645      7.798   102.2717 7.7820e+01     6.2853      1.639      2.377    14.1982 0.0000e+00
      1.626     -0.193     2.8498     31.651     41.685  32.672232     3.7629      7.795   103.2801 8.2346e+01     6.2873      1.598      2.316    14.1802 0.0000e+00
      1.574     -0.184     2.9895     32.036     41.168  32.273770     3.8080      7.794   104.1895 8.7509e+01     6.3309      1.546      2.243    14.1753 0.0000e+00
      1.521     -0.165     3.1069     32.247     40.190  31.516551     3.8681      7.795   104.8351 9.1813e+01     6.3336      1.483      2.152    14.1687 0.0000e+00
      1.478     -0.137     3.1941     32.363     38.940  30.554128     3.8907      7.798   105.4081 9.4978e+01     6.3204      1.447      2.097    14.1744 0.0000e+00
      1.444     -0.104     3.2569     32.454     38.063  29.893258     3.8808      7.803   106.0408 9.8387e+01     6.2734      1.417      2.054    14.1884 0.0000e+00
      1.418     -0.068     3.2939     32.629     37.588  29.548711     3.8989      7.807   106.9783 1.0034e+02     6.2099      1.383      2.006    14.1931 0.0000e+00
      1.408     -0.036     3.3111     33.021     37.088  29.177581     3.9594      7.808   108.2254 9.9732e+01     6.1326      1.373      1.992    14.2013 0.0000e+00
      1.413     -0.012     3.3202     33.707     36.703  28.892556     3.9972      7.808   109.4178 9.8214e+01     6.0910      1.385      2.008    14.2235 0.0000e+00
      1.423      0.004     3.3226     34.693     36.603  28.828351     3.9977      7.807   110.3828 9.7395e+01     6.1169      1.396      2.026    14.2643 0.0000e+00
      1.430      0.012     3.3313     35.947     36.772  28.971825     3.9895      7.807   111.2897 9.7509e+01     6.1041      1.404      2.037    14.3067 0.0000e+00
      1.431      0.012     3.3668     37.382     37.094  29.232685     3.9480      7.807   112.2949 9.7588e+01     6.0728      1.404      2.037    14.3347 0.0000e+00
      1.431      0.006     3.4356     38.854     37.281  29.383345     3.8706      7.807   113.3301 9.7936e+01     6.0797      1.402      2.034    14.3574 0.0000e+00
      1.432     -0.007     3.5357     40.254     37.301  29.398838     3.8193      7.808   114.2554 9.8766e+01     6.0517      1.405      2.037    14.3777 0.0000e+00
      1.434     -0.027     3.6651     41.499     37.252  29.356620     3.8110      7.808   114.8794 9.9477e+01     6.0412      1.406      2.040    14.3924 0.0000e+00
      1.434     -0.054     3.8180     42.511     37.289  29.380022     3.8040      7.807   115.1968 1.0153e+02     6.0551      1.408      2.043    14.4005 0.0000e+00
      1.425     -0.087     3.9712     43.232     37.600  29.618377     3.7843      7.806   115.5116 1.0666e+02     5.9811      1.404      2.037    14.4061 0.0000e+00
      1.398     -0.124     4.1165     43.660     38.121  30.019804     3.7721      7.805   116.0178 1.1414e+02     5.8629      1.376      1.997    14.4076 0.0000e+00
      1.354     -0.160     4.2476     43.827     38.660  30.429999     3.7652      7.804   116.6718 1.2168e+02     5.7878      1.330      1.929    14.3994 0.0000e+00
      1.302     -0.190     4.3543     43.791     38.875  30.584102     3.7593      7.803   117.3956 1.3025e+02     5.8591      1.278      1.852    14.3904 0.0000e+00
      1.246     -0.201     4.4280     43.593     38.528  30.298155     3.7676      7.803   117.9727 1.4133e+02     6.0414      1.225      1.776    14.3849 0.0000e+00
      1.184     -0.189     4.4722     43.253     37.852  29.761999     3.7738      7.805   118.4864 1.5454e+02     6.1124      1.164      1.689    14.3718 0.0000e+00
      1.120     -0.158     4.4883     42.802     37.335  29.363209     3.7759      7.807   119.3048 1.6902e+02     6.0691      1.093      1.586    14.3543 0.0000e+00
      1.070     -0.117     4.4851     42.263     36.969  29.089879     3.8183      7.809   120.2105 1.7930e+02     6.0646      1.039      1.506    14.3328 0.0000e+00
      1.048     -0.075     4.4672     41.717     36.583  28.802699     3.8944      7.810   120.9192 1.8070e+02     6.0931      1.019      1.478    14.3115 0.0000e+00
      1.052     -0.036     4.4308     41.292     36.327  28.616761     3.9392      7.810   121.5926 1.7560e+02     6.1054      1.029      1.493    14.3043 0.0000e+00
      1.066     -0.004     4.3840     41.091     36.232  28.553281     3.9434      7.811   122.4160 1.6957e+02     6.1104      1.048      1.520    14.3171 0.0000e+00
      1.074      0.013     4.3238     41.159     36.288  28.605696     3.9372      7.811   123.3897 1.6765e+02     6.0856      1.056      1.532    14.3403 0.0000e+00
      1.076      0.012     4.2597     41.473     36.375  28.680011     3.9230      7.809   124.1593 1.7056e+02     6.0783      1.055      1.529    14.3621 0.0000e+00
      1.077     -0.009     4.2114     41.988     36.467  28.754526     3.8967      7.807   124.4938 1.7269e+02     6.1253      1.053      1.527    14.3857 0.0000e+00
      1.082     -0.043     4.1869     42.665     36.701  28.936146     3.8768      7.806   124.7673 1.7210e+02     6.1406      1.061      1.539    14.4019 0.0000e+00
      1.082     -0.082     4.1941     43.389     36.919  29.101012     3.8645      7.805   125.3145 1.7750e+02     6.0930      1.070      1.553    14.4126 0.0000e+00
      1.062     -0.122     4.2283     44.026     37.009  29.163128     3.8148      7.804   125.9477 1.9648e+02     6.0624      1.052      1.527    14.4211 0.0000e+00
      1.015     -0.156     4.2795     44.511     37.042  29.180048     3.7418      7.804   126.4862 2.2773e+02     6.1123      1.000      1.451    14.4228 0.0000e+00
      0.951     -0.176     4.3546     44.803     37.047  29.178798     3.7148      7.804   127.0077 2.5243e+02     6.1495      0.934      1.353    14.4203 0.0000e+00
      0.886     -0.177     4.4356     44.895     37.011  29.148007     3.7216      7.804   127.4357 2.6610e+02     6.1368      0.866      1.257    14.4095 0.0000e+00
      0.829     -0.163     4.5025     44.833     36.898  29.061313     3.7318      7.805   127.8747 2.8894e+02     6.0955      0.806      1.170    14.3957 0.0000e+00
      0.792     -0.142     4.5557     44.678     36.758  28.954687     3.7463      7.807   128.5304 3.0845e+02     6.0601      0.767      1.114    14.3843 0.0000e+00
      0.776     -0.123     4.5866     44.484     36.650  28.873068     3.7560      7.809   129.2547 3.1470e+02     6.1182      0.760      1.102    14.3758 0.0000e+00
      0.763     -0.113     4.5943     44.297     36.516  28.771770     3.7570      7.810   129.9205 3.2559e+02     6.1842      0.755      1.095    14.3718 0.0000e+00
      0.740     -0.112     4.5855     44.149     36.315  28.617370     3.7090      7.812   130.5571 3.3098e+02     6.1053      0.730      1.058    14.3746 0.0000e+00
      0.706     -0.120     4.5670     44.054     36.114  28.464224     3.6249      7.813   131.1879 3.2373e+02     5.9498      0.694      1.007    14.3814 0.0000e+00
      0.668     -0.134     4.5448     44.018     35.915  28.314666     3.5890      7.814   131.6965 3.2995e+02     5.9108      0.656      0.952    14.3873 0.0000e+00
      0.629     -0.150     4.5244     44.093     35.765  28.203645     3.5831      7.815   132.0606 3.5643e+02     5.9062      0.615      0.892    14.3924 0.0000e+00
      0.592     -0.165     4.5076     44.306     35.752  28.199495     3.5456      7.817   132.4074 3.8365e+02     5.8259      0.579      0.841    14.3977 0.0000e+00
      0.557     -0.173     4.4986     44.620     35.751  28.201121     3.4849      7.819   132.7917 3.9634e+02     5.7938      0.551      0.798    14.4059 0.0000e+00
      0.512     -0.172     4.4907     44.998     35.698  28.159920     3.4573      7.821   133.1794 4.1707e+02     5.8605      0.511      0.740    14.4146 0.0000e+00
      0.452     -0.164     4.4956     45.411     35.597  28.081660     3.4692      7.823   133.3963 5.2112e+02     5.9153      0.443      0.642    14.4248 0.0000e+00
      0.394     -0.155     4.5196     45.854     35.427  27.952161     3.4790      7.824   133.6072 5.8953e+02     5.9436      0.376      0.545    14.4363 0.0000e+00
      0.359     -0.145     4.5510     46.287     35.303  27.861923     3.4763      7.825   134.0939 5.0936e+02     5.9966      0.345      0.499    14.4383 0.0000e+00
      0.340     -0.135     4.5927     46.644     35.235  27.814656     3.4696      7.826   134.5495 5.0417e+02     6.0101      0.336      0.488    14.4363 0.0000e+00
      0.319     -0.134     4.6329     46.923     35.162  27.760994     3.4728      7.827   134.8993 6.0851e+02     6.0036      0.317      0.460    14.4392 0.0000e+00
      0.289     -0.144     4.6792     47.161     35.105  27.720212     3.4743      7.830   135.3116 5.8867e+02     6.0554      0.285      0.413    14.4458 0.0000e+00
      0.251     -0.161     4.7262     47.401     35.075  27.701894     3.3701      7.832   135.6628 5.7217e+02     6.0559      0.249      0.361    14.4583 0.0000e+00
      0.206     -0.175     4.7603     47.666     35.024  27.666291     3.1702      7.834   135.9626 6.6111e+02     5.9070      0.208      0.300    14.4687 0.0000e+00
      0.148     -0.177     4.7874     47.957     34.943  27.606673     3.0556      7.835   136.3551 6.3777e+02     5.7584      0.149      0.216    14.4720 0.0000e+00
      0.086     -0.167     4.8090     48.271     34.867  27.551551     3.0415      7.835   136.7949 6.2767e+02     5.7619      0.079      0.114    14.4775 0.0000e+00
      0.037     -0.159     4.8319     48.604     34.802  27.506908     3.0243      7.837   137.1507 7.4526e+02     5.9157      0.028      0.042    14.4868 0.0000e+00
