Data/DataNotYetUploadedToEDI/Raw_CTD/RawDownloads/101122_fcr50_S7809002.cnv
* Sea-Bird SBE19plus  Data File:
* FileName = C:\R\Reservoirs\Data\DataNotYetUploadedToEDI\Raw_CTD\RawDownloads\101122_bvr50_S7809_0002.hex
* Software version 2.8.0.119
* Temperature SN = 7809
* Conductivity SN = 7809
* System UpLoad Time = Oct 12 2022 10:48:29
* <ApplicationData>
* <Seaterm232>
# nquan = 15
# nvalues = 2023                        
# units = specified
# name 0 = depFM: Depth [fresh water, m]
# name 1 = dz/dtM: Descent Rate [m/s]
# name 2 = sbeox0Mg/L: Oxygen, SBE 43 [mg/l]
# name 3 = sbeox0PS: Oxygen, SBE 43 [% saturation]
# name 4 = specc: Specific Conductance [uS/cm]
# name 5 = c0uS/cm: Conductivity [uS/cm]
# name 6 = flECO-AFL: Fluorescence, WET Labs ECO-AFL/FL [mg/m^3]
# name 7 = ph: pH
# name 8 = orp: Oxidation Reduction Potential [mV]
# name 9 = par/sat/log: PAR/Logarithmic, Satlantic
# name 10 = turbWETntu0: Turbidity, WET Labs ECO [NTU]
# name 11 = prdM: Pressure, Strain Gauge [db]
# name 12 = prdE: Pressure, Strain Gauge [psi]
# name 13 = tv290C: Temperature [ITS-90, deg C]
# name 14 = flag:  0.000e+00
# span 0 =     -0.557,      9.641       
# span 1 =     -0.185,      0.135       
# span 2 =     0.0372,     7.6390       
# span 3 =      0.369,     75.664       
# span 4 =      2.348,    465.172       
# span 5 =   1.840844, 348.909186       
# span 6 =    -0.7829,     6.1178       
# span 7 =      5.726,      7.677       
# span 8 =  -357.7102,   441.8686       
# span 9 = 1.2362e-01, 1.7706e+03       
# span 10 =   -11.5828,   155.9068      
# span 11 =     -0.546,      9.456      
# span 12 =     -0.792,     13.715      
# span 13 =    12.4861,    18.8456      
# span 14 = 0.0000e+00, 0.0000e+00      
# interval = seconds: 0.25
# start_time = Oct 11 2022 09:59:03 [Instrument's time stamp, header]
# bad_flag = -9.990e-29
*END*
[from data line 964]
      5.101 1.4276e-11     4.6895     45.927     42.811  33.519817     5.4297      7.352   246.8090 2.1163e+00     5.6994      5.002      7.255    14.1281 0.0000e+00
      5.101 4.3652e-12     4.6978     45.993     42.802  33.511655     5.4298      7.352   246.3168 2.1206e+00     5.8132      5.003      7.256    14.1347 0.0000e+00
      5.101 3.4137e-11     4.7031     46.071     42.776  33.492719     5.4326      7.351   246.7808 2.1174e+00     5.8598      5.002      7.255    14.1403 0.0000e+00
      5.101 3.7425e-10     4.7105     46.161     42.757  33.481075     5.4217      7.350   247.3425 2.1149e+00     5.8196      5.002      7.255    14.1468 0.0000e+00
      5.101 4.1166e-09     4.7178     46.262     42.778  33.497685     5.4062      7.350   247.1721 2.1009e+00     5.8046      5.002      7.255    14.1465 0.0000e+00
      5.101 4.5283e-08     4.7239     46.393     42.790  33.503340     5.3947      7.350   246.2694 2.0840e+00     5.7480      5.002      7.255    14.1422 0.0000e+00
      5.101 4.9811e-07     4.7318     46.543     42.775  33.486038     5.3824      7.349   245.7196 2.0810e+00     5.6473      5.002      7.255    14.1455 0.0000e+00
      5.101      0.000     4.7412     46.677     42.770  33.478698     5.3656      7.348   245.7727 2.0893e+00     5.5774      5.003      7.256    14.1508 0.0000e+00
      5.101      0.000     4.7497     46.777     42.770  33.477992     5.3486      7.348   246.0513 2.0927e+00     5.5860      5.003      7.256    14.1514 0.0000e+00
      5.101      0.001     4.7644     46.846     42.770  33.477497     5.3609      7.347   246.3353 2.0916e+00     5.6487      5.003      7.256    14.1446 0.0000e+00
      5.101      0.002     4.7830     46.916     42.765  33.472708     5.3977      7.346   246.6256 2.0941e+00     5.6861      5.002      7.255    14.1359 0.0000e+00
      5.102      0.005     4.7965     46.983     42.784  33.483501     5.4193      7.346   246.9801 2.0955e+00     5.6630      5.003      7.256    14.1337 0.0000e+00
      5.102      0.012     4.8082     47.027     42.871  33.544584     5.4218      7.347   247.0067 2.0922e+00     5.6081      5.004      7.257    14.1345 0.0000e+00
      5.103      0.027     4.8124     47.077     43.004  33.640589     5.3789      7.347   246.6030 2.0864e+00     5.6030      5.004      7.258    14.1336 0.0000e+00
      5.107      0.045     4.8200     47.135     43.079  33.693194     5.2999      7.347   246.3156 2.0755e+00     5.6347      5.008      7.263    14.1331 0.0000e+00
      5.115      0.059     4.8300     47.169     43.058  33.673382     5.2569      7.346   246.2849 2.0295e+00     5.6162      5.012      7.268    14.1298 0.0000e+00
      5.135      0.065     4.8322     47.157     43.036  33.654658     5.2429      7.345   246.7480 1.9286e+00     5.5842      5.028      7.293    14.1199 0.0000e+00
      5.170      0.065     4.8389     47.058     43.039  33.657025     5.1552      7.342   247.6138 1.8215e+00     5.5898      5.072      7.357    14.1083 0.0000e+00
      5.201      0.059     4.8475     46.845     43.014  33.638595     4.9952      7.340   247.9768 1.7763e+00     5.6157      5.111      7.413    14.1023 0.0000e+00
      5.211      0.049     4.8511     46.554     42.991  33.622032     4.9144      7.340   247.9530 1.7759e+00     5.6583      5.114      7.416    14.0991 0.0000e+00
      5.210      0.041     4.8521     46.235     43.022  33.646985     4.9191      7.340   247.6704 1.7745e+00     5.6951      5.106      7.405    14.0965 0.0000e+00
      5.211      0.040     4.8440     45.949     43.073  33.686682     4.9691      7.340   247.1410 1.7705e+00     5.6496      5.110      7.413    14.0980 0.0000e+00
      5.213      0.046     4.8189     45.731     43.122  33.721568     5.0608      7.339   247.6611 1.7610e+00     5.5867      5.112      7.414    14.0986 0.0000e+00
      5.221      0.053     4.7885     45.573     43.167  33.751751     5.1118      7.339   249.1407 1.7129e+00     5.6178      5.112      7.413    14.0991 0.0000e+00
      5.247      0.058     4.7524     45.460     43.153  33.734585     5.1199      7.339   249.8877 1.6183e+00     5.6840      5.141      7.457    14.1025 0.0000e+00
      5.281      0.060     4.7211     45.389     43.119  33.704218     5.1089      7.339   249.8106 1.5550e+00     5.7046      5.189      7.525    14.1023 0.0000e+00
      5.299      0.058     4.7004     45.339     43.116  33.701614     4.9792      7.339   249.4986 1.5611e+00     5.6618      5.204      7.548    14.0978 0.0000e+00
      5.302      0.053     4.6851     45.259     43.117  33.703101     4.7579      7.338   249.1276 1.5586e+00     5.6439      5.196      7.536    14.0917 0.0000e+00
      5.307      0.044     4.6749     45.134     43.143  33.722204     4.6469      7.338   249.1963 1.5254e+00     5.6937      5.202      7.544    14.0820 0.0000e+00
      5.317      0.036     4.6673     44.991     43.173  33.742362     4.6445      7.337   249.6405 1.5030e+00     5.7168      5.215      7.564    14.0773 0.0000e+00
      5.329      0.034     4.6660     44.870     43.194  33.756606     4.7296      7.335   249.9389 1.4795e+00     5.8549      5.225      7.579    14.0792 0.0000e+00
      5.342      0.034     4.6574     44.790     43.207  33.767616     4.9016      7.335   250.0504 1.4483e+00     6.1674      5.241      7.599    14.0814 0.0000e+00
      5.351      0.032     4.6435     44.727     43.182  33.748669     5.0012      7.335   250.1284 1.4234e+00     6.3530      5.251      7.616    14.0801 0.0000e+00
      5.355      0.026     4.6280     44.651     43.141  33.717739     5.0184      7.334   250.1931 1.4023e+00     6.3912      5.248      7.613    14.0734 0.0000e+00
      5.361      0.020     4.6145     44.571     43.130  33.710674     5.0265      7.332   249.8864 1.3873e+00     6.5273      5.256      7.624    14.0707 0.0000e+00
      5.370      0.015     4.6075     44.520     43.148  33.726656     5.0155      7.331   249.3456 1.3898e+00     6.7353      5.271      7.645    14.0728 0.0000e+00
      5.371      0.010     4.6024     44.490     43.138  33.720764     4.9938      7.331   249.3327 1.3976e+00     6.8218      5.268      7.641    14.0730 0.0000e+00
      5.370      0.007     4.5943     44.460     43.113  33.702837     4.9970      7.330   249.7309 1.3919e+00     6.8215      5.263      7.634    14.0742 0.0000e+00
      5.372      0.004     4.5830     44.441     43.107  33.700126     5.0633      7.329   250.1158 1.3864e+00     6.8005      5.269      7.641    14.0777 0.0000e+00
      5.372      0.001     4.5791     44.442     43.087  33.687985     5.1457      7.328   250.2871 1.3879e+00     6.7720      5.269      7.642    14.0792 0.0000e+00
      5.372      0.001     4.5769     44.467     43.076  33.682851     5.1687      7.327   249.6507 1.3857e+00     6.7501      5.267      7.639    14.0803 0.0000e+00
      5.372      0.002     4.5725     44.527     43.096  33.701466     5.1673      7.327   248.5304 1.3808e+00     6.7074      5.269      7.642    14.0831 0.0000e+00
      5.372      0.006     4.5702     44.620     43.121  33.722850     5.1951      7.327   248.0984 1.3771e+00     6.5968      5.268      7.641    14.0855 0.0000e+00
      5.372      0.013     4.5700     44.720     43.158  33.751190     5.2390      7.327   248.1270 1.3803e+00     6.4038      5.268      7.640    14.0888 0.0000e+00
      5.373      0.021     4.5717     44.813     43.213  33.790490     5.2476      7.326   248.3600 1.3934e+00     6.2866      5.269      7.642    14.0939 0.0000e+00
      5.378      0.027     4.5765     44.902     43.257  33.817577     5.2250      7.326   248.5070 1.3845e+00     6.3073      5.271      7.645    14.0981 0.0000e+00
      5.389      0.031     4.5882     44.976     43.277  33.825062     5.2238      7.325   247.9254 1.3275e+00     6.3463      5.281      7.661    14.0997 0.0000e+00
      5.404      0.032     4.5985     45.019     43.274  33.817586     5.2668      7.324   247.4370 1.2704e+00     6.3485      5.301      7.689    14.0991 0.0000e+00
      5.417      0.033     4.6083     45.009     43.240  33.790578     5.3288      7.324   247.4199 1.2563e+00     6.3333      5.315      7.709    14.0950 0.0000e+00
      5.423      0.037     4.6189     44.950     43.188  33.752135     5.3568      7.325   247.5459 1.2572e+00     6.2993      5.318      7.713    14.0863 0.0000e+00
      5.425      0.043     4.6277     44.854     43.163  33.733218     5.3475      7.326   247.7558 1.2543e+00     6.2792      5.321      7.716    14.0745 0.0000e+00
      5.429      0.049     4.6347     44.723     43.187  33.752078     5.2749      7.325   247.9789 1.2426e+00     6.3637      5.323      7.719    14.0677 0.0000e+00
      5.442      0.052     4.6329     44.593     43.237  33.789952     5.1532      7.324   248.0927 1.1855e+00     6.5011      5.329      7.729    14.0693 0.0000e+00
      5.467      0.052     4.6251     44.512     43.268  33.810698     5.0907      7.324   248.0129 1.1073e+00     6.5405      5.360      7.774    14.0729 0.0000e+00
      5.494      0.048     4.6168     44.477     43.273  33.812693     5.0681      7.323   248.0468 1.0718e+00     6.5325      5.396      7.825    14.0737 0.0000e+00
      5.506      0.040     4.6010     44.431     43.276  33.814070     4.9051      7.323   247.9865 1.0686e+00     6.6770      5.404      7.838    14.0739 0.0000e+00
      5.508      0.028     4.5857     44.363     43.291  33.827345     4.6180      7.322   247.7999 1.0707e+00     6.9219      5.400      7.832    14.0734 0.0000e+00
      5.508      0.015     4.5775     44.321     43.311  33.846396     4.4688      7.321   248.4582 1.0753e+00     7.0339      5.401      7.834    14.0683 0.0000e+00
      5.508      0.005     4.5775     44.299     43.319  33.854196     4.4658      7.321   249.6655 1.0808e+00     7.0404      5.402      7.835    14.0647 0.0000e+00
      5.508      0.002     4.5744     44.265     43.324  33.858245     4.5320      7.321   250.0932 1.0859e+00     7.0343      5.401      7.833    14.0643 0.0000e+00
      5.509      0.003     4.5619     44.208     43.290  33.831953     4.6620      7.320   249.7573 1.0917e+00     7.0285      5.402      7.836    14.0665 0.0000e+00
      5.509      0.004     4.5600     44.158     43.235  33.789932     4.7393      7.319   249.3033 1.0964e+00     7.0731      5.403      7.837    14.0706 0.0000e+00
      5.510      0.005     4.5578     44.143     43.239  33.794015     4.7505      7.318   249.1644 1.0892e+00     7.0952      5.402      7.836    14.0723 0.0000e+00
      5.511      0.008     4.5557     44.159     43.266  33.817915     4.8387      7.317   249.7993 1.0720e+00     6.9877      5.404      7.838    14.0724 0.0000e+00
      5.513      0.010     4.5479     44.196     43.274  33.825280     5.0149      7.317   250.9578 1.0598e+00     6.8332      5.407      7.842    14.0726 0.0000e+00
      5.515      0.012     4.5410     44.226     43.267  33.819662     5.1166      7.317   251.6423 1.0547e+00     6.7975      5.409      7.845    14.0730 0.0000e+00
      5.520      0.012     4.5408     44.262     43.258  33.813387     5.1361      7.317   251.5363 1.0487e+00     6.8631      5.413      7.849    14.0751 0.0000e+00
      5.526      0.012     4.5407     44.321     43.256  33.812817     5.1424      7.316   251.1380 1.0472e+00     6.8760      5.421      7.862    14.0787 0.0000e+00
      5.530      0.012     4.5476     44.364     43.256  33.812775     5.1593      7.316   250.9562 1.0476e+00     6.8168      5.426      7.868    14.0797 0.0000e+00
      5.530      0.013     4.5492     44.370     43.257  33.812875     5.2078      7.316   250.9735 1.0402e+00     6.7961      5.422      7.863    14.0785 0.0000e+00
      5.530      0.015     4.5510     44.348     43.260  33.814027     5.2448      7.316   251.0887 1.0354e+00     6.8308      5.423      7.865    14.0801 0.0000e+00
      5.533      0.019     4.5601     44.306     43.278  33.826709     5.2495      7.316   251.4023 1.0352e+00     6.8606      5.425      7.869    14.0823 0.0000e+00
      5.539      0.026     4.5648     44.263     43.296  33.839396     5.2570      7.316   251.6678 1.0261e+00     6.8485      5.429      7.875    14.0814 0.0000e+00
      5.548      0.034     4.5650     44.243     43.298  33.840610     5.2766      7.316   251.7183 1.0037e+00     6.7871      5.442      7.891    14.0803 0.0000e+00
      5.558      0.039     4.5629     44.241     43.303  33.841382     5.2954      7.316   251.6692 9.7925e-01     6.7680      5.451      7.905    14.0789 0.0000e+00
      5.568      0.039     4.5581     44.225     43.316  33.848719     5.3094      7.316   251.3322 9.6362e-01     6.8225      5.458      7.916    14.0766 0.0000e+00
      5.583      0.036     4.5523     44.194     43.340  33.865918     5.2878      7.316   250.7415 9.5241e-01     6.8647      5.475      7.941    14.0757 0.0000e+00
      5.596      0.030     4.5503     44.159     43.332  33.859116     5.2254      7.315   250.5499 9.4052e-01     6.8346      5.491      7.966    14.0754 0.0000e+00
      5.602      0.024     4.5529     44.121     43.295  33.829881     5.1801      7.313   250.9084 9.3087e-01     6.7657      5.496      7.972    14.0721 0.0000e+00
      5.603      0.016     4.5509     44.094     43.294  33.829469     5.1722      7.311   251.3753 9.1370e-01     6.7830      5.494      7.969    14.0676 0.0000e+00
      5.604      0.010     4.5471     44.069     43.324  33.854135     5.1636      7.312   251.5492 9.0011e-01     6.8390      5.496      7.970    14.0665 0.0000e+00
      5.606      0.005     4.5444     44.032     43.348  33.874493     5.1425      7.313   250.9462 9.0721e-01     6.8278      5.498      7.974    14.0667 0.0000e+00
      5.607      0.005     4.5393     44.007     43.362  33.885401     5.1245      7.313   249.8490 9.1413e-01     6.8182      5.498      7.975    14.0652 0.0000e+00
      5.607      0.006     4.5367     44.009     43.409  33.922607     5.1129      7.313   249.3819 9.1448e-01     6.8254      5.498      7.975    14.0661 0.0000e+00
      5.608      0.009     4.5359     44.028     43.517  34.007317     5.1272      7.312   249.7731 9.0611e-01     6.8133      5.499      7.976    14.0678 0.0000e+00
      5.609      0.013     4.5294     44.050     43.781  34.212148     5.1643      7.312   250.3621 8.8542e-01     6.8079      5.500      7.977    14.0696 0.0000e+00
      5.612      0.018     4.5266     44.074     44.232  34.560366     5.1949      7.313   250.3086 8.7596e-01     6.8285      5.503      7.982    14.0702 0.0000e+00
      5.617      0.022     4.5276     44.091     44.787  34.983769     5.2058      7.313   249.7292 8.7656e-01     6.8572      5.507      7.988    14.0696 0.0000e+00
      5.625      0.027     4.5297     44.054     46.308  36.160999     5.1968      7.313   249.3789 8.6148e-01     6.9159      5.513      7.998    14.0701 0.0000e+00
      5.635      0.032     4.5327     43.937     49.528  38.647756     5.2184      7.313   249.3424 8.3712e-01     7.0259      5.527      8.017    14.0706 0.0000e+00
      5.644      0.037     4.5338     43.690     52.756  41.078348     5.2757      7.313   249.5468 8.2437e-01     7.0940      5.537      8.033    14.0666 0.0000e+00
      5.649      0.042     4.5413     43.222     54.405  42.209078     5.2982      7.313   249.7851 8.1431e-01     7.0903      5.539      8.033    14.0525 0.0000e+00
      5.658      0.046     4.5382     42.432     55.615  42.995183     5.2909      7.314   250.0726 7.9016e-01     7.0835      5.545      8.041    14.0402 0.0000e+00
      5.675      0.050     4.5271     41.074     57.306  44.175872     5.3126      7.314   250.3564 7.6080e-01     7.2508      5.566      8.073    14.0376 0.0000e+00
      5.692      0.051     4.5147     38.905     58.135  44.685125     5.3697      7.314   250.2048 7.3680e-01     7.5765      5.585      8.100    13.9657 0.0000e+00
      5.705      0.050     4.4841     35.959     57.570  44.140735     5.4148      7.314   249.9600 7.1184e-01     7.7421      5.594      8.113    13.7800 0.0000e+00
