Data/DataNotYetUploadedToEDI/Raw_CTD/RawDownloads/101122_bvr50_S8188001.cnv
* Sea-Bird SBE19plus  Data File:
* FileName = C:\R\Reservoirs\Data\DataNotYetUploadedToEDI\Raw_CTD\RawDownloads\101122_bvr50_S8188_0001.hex
* Software version 2.8.0.119
* Temperature SN = 8188
* Conductivity SN = 8188
* System UpLoad Time = Oct 12 2022 11:42:41
* <ApplicationData>
* <Seaterm232>
# nquan = 16
# nvalues = 1691                        
# units = specified
# name 0 = depFM: Depth [fresh water, m]
# name 1 = dz/dtM: Descent Rate [m/s]
# name 2 = sbeox0Mg/L: Oxygen, SBE 43 [mg/l]
# name 3 = sbeox0PS: Oxygen, SBE 43 [% saturation]
# name 4 = specc: Specific Conductance [uS/cm]
# name 5 = c0uS/cm: Conductivity [uS/cm]
# name 6 = wetCDOM: Fluorescence, WET Labs CDOM [mg/m^3]
# name 7 = flECO-AFL: Fluorescence, WET Labs ECO-AFL/FL [mg/m^3]
# name 8 = flECO-AFL1: Fluorescence, WET Labs ECO-AFL/FL, 2 [mg/m^3]
# name 9 = flECO-AFL2: Fluorescence, WET Labs ECO-AFL/FL, 3 [mg/m^3]
# name 10 = par/sat/log: PAR/Logarithmic, Satlantic
# name 11 = turbWETntu0: Turbidity, WET Labs ECO [NTU]
# name 12 = prdM: Pressure, Strain Gauge [db]
# name 13 = prdE: Pressure, Strain Gauge [psi]
# name 14 = tv290C: Temperature [ITS-90, deg C]
# name 15 = flag:  0.000e+00
# span 0 =     -0.631,      7.415       
# span 1 =     -0.225,      0.157       
# span 2 =    -0.2630,     8.4861       
# span 3 =     -2.539,     83.882       
# span 4 =   -617.713,    266.292       
# span 5 =-464.652718, 189.314935       
# span 6 =    -1.4400,    11.6100       
# span 7 =    -2.9155,     4.6797       
# span 8 =     0.0000,     1.4910       
# span 9 =    -4.6953,     1.6497       
# span 10 = 1.1587e-01, 1.8843e+03      
# span 11 =    -4.0607,    44.9676      
# span 12 =     -0.619,      7.272      
# span 13 =     -0.898,     10.547      
# span 14 =    10.5223,    15.2881      
# span 15 = 0.0000e+00, 0.0000e+00      
# interval = seconds: 0.25
# start_time = Oct 11 2022 07:53:39 [Instrument's time stamp, header]
# bad_flag = -9.990e-29
*END*
[from data line 362]
      0.198      0.041     6.8865     67.632     34.721  27.650761     5.1300     1.9674     0.1704     0.5076 2.9664e+02     5.8592      0.193      0.281    14.8150 0.0000e+00
      0.213      0.043     6.8943     67.707     34.719  27.645068     5.1300     1.9445     0.1704     0.5076 2.9677e+02     5.9644      0.208      0.303    14.8094 0.0000e+00
      0.228      0.046     6.9007     67.769     34.706  27.630895     5.1300     1.9635     0.1704     0.5076 2.9127e+02     5.8742      0.223      0.324    14.8041 0.0000e+00
      0.243      0.050     6.9043     67.804     34.692  27.616340     5.0400     1.9597     0.1704     0.4653 3.2022e+02     5.9193      0.238      0.346    14.7992 0.0000e+00
      0.258      0.053     6.9050     67.810     34.688  27.609402     5.0400     2.0894     0.1704     0.4653 2.9683e+02     5.6488      0.253      0.367    14.7940 0.0000e+00
      0.272      0.056     6.9030     67.791     34.696  27.612189     5.0400     2.0742     0.1704     0.4653 2.2875e+02     5.6638      0.267      0.387    14.7882 0.0000e+00
      0.286      0.057     6.8985     67.746     34.713  27.621484     5.0400     2.1047     0.1704     0.4653 2.0658e+02     5.6037      0.280      0.406    14.7826 0.0000e+00
      0.297      0.057     6.8926     67.688     34.729  27.631847     5.1300     2.0780     0.1704     0.6345 4.1426e+02     5.5586      0.292      0.423    14.7784 0.0000e+00
      0.307      0.054     6.8872     67.635     34.739  27.638123     5.1300     2.0742     0.1704     0.6345 3.3393e+02     5.8442      0.301      0.437    14.7765 0.0000e+00
      0.315      0.051     6.8831     67.595     34.738  27.638024     5.1300     2.0704     0.1704     0.6345 3.0381e+02     5.8442      0.309      0.448    14.7775 0.0000e+00
      0.322      0.047     6.8803     67.567     34.731  27.635484     5.1300     2.0894     0.1704     0.6345 5.5284e+02     5.7841      0.315      0.458    14.7810 0.0000e+00
      0.327      0.041     6.8788     67.552     34.725  27.633787     5.0400     2.0665     0.1704     0.5076 3.2343e+02     5.8292      0.321      0.465    14.7862 0.0000e+00
      0.331      0.036     6.8779     67.544     34.719  27.632479     5.0400     2.4595     0.1704     0.5076 4.5267e+02     5.8292      0.324      0.471    14.7913 0.0000e+00
      0.334      0.030     6.8775     67.541     34.714  27.631211     5.0400     2.4518     0.1704     0.5076 4.5504e+02     5.7841      0.327      0.475    14.7946 0.0000e+00
      0.336      0.024     6.8786     67.551     34.712  27.629647     5.0400     2.4366     0.1704     0.5076 3.2154e+02     5.7841      0.330      0.478    14.7951 0.0000e+00
      0.339      0.020     6.8816     67.581     34.716  27.631328     5.0400     2.4785     0.1704     0.5076 2.6197e+02     5.7841      0.332      0.483    14.7928 0.0000e+00
      0.343      0.016     6.8862     67.627     34.731  27.640661     5.0400     2.6807     0.1704     0.6345 2.6877e+02     5.8592      0.336      0.488    14.7892 0.0000e+00
      0.347      0.014     6.8917     67.681     34.743  27.648258     5.0400     2.7379     0.1704     0.6345 2.3489e+02     5.8442      0.340      0.494    14.7862 0.0000e+00
      0.352      0.014     6.8970     67.733     34.739  27.644264     5.0400     2.6998     0.1704     0.6345 3.6016e+02     5.7841      0.345      0.501    14.7844 0.0000e+00
      0.357      0.014     6.9011     67.774     34.730  27.635535     5.0400     2.7074     0.1704     0.6345 3.4231e+02     5.7841      0.350      0.509    14.7830 0.0000e+00
      0.364      0.016     6.9041     67.802     34.722  27.627662     5.1300     2.7456     0.1704     0.5499 3.2140e+02     5.7239      0.357      0.518    14.7809 0.0000e+00
      0.372      0.019     6.9057     67.817     34.713  27.618544     5.1300     2.7799     0.1704     0.5499 4.1292e+02     5.7690      0.365      0.530    14.7780 0.0000e+00
      0.382      0.022     6.9060     67.818     34.705  27.609711     5.1300     2.7608     0.1704     0.5499 2.6288e+02     5.8742      0.375      0.544    14.7747 0.0000e+00
      0.393      0.026     6.9057     67.814     34.700  27.602766     5.1300     2.7685     0.1704     0.5499 3.0263e+02     5.8292      0.385      0.559    14.7703 0.0000e+00
      0.406      0.030     6.9057     67.813     34.697  27.595858     5.1300     2.7036     0.1704     0.6345 2.4068e+02     5.8893      0.398      0.577    14.7638 0.0000e+00
      0.420      0.036     6.9065     67.820     34.694  27.587142     5.1300     2.6998     0.1704     0.6345 2.3296e+02     5.7089      0.412      0.598    14.7547 0.0000e+00
      0.437      0.041     6.9081     67.835     34.687  27.574296     5.1300     2.6960     0.1704     0.6345 2.2084e+02     5.9193      0.428      0.621    14.7438 0.0000e+00
      0.454      0.047     6.9101     67.852     34.676  27.557852     5.1300     2.7227     0.1704     0.6345 2.2652e+02     5.8442      0.445      0.646    14.7326 0.0000e+00
      0.471      0.053     6.9120     67.869     34.670  27.545305     5.1300     2.7151     0.1704     0.6345 2.1417e+02     5.6488      0.462      0.670    14.7217 0.0000e+00
      0.488      0.058     6.9137     67.884     34.674  27.541226     5.1300     2.6998     0.1704     0.6768 2.2243e+02     5.6338      0.479      0.694    14.7107 0.0000e+00
      0.505      0.062     6.9142     67.888     34.679  27.536609     5.1300     2.7151     0.1704     0.6768 2.2554e+02     5.6338      0.496      0.719    14.6990 0.0000e+00
      0.524      0.065     6.9124     67.870     34.677  27.526263     5.1300     2.7151     0.1704     0.6768 2.3669e+02     5.6037      0.514      0.745    14.6865 0.0000e+00
      0.543      0.067     6.9080     67.827     34.673  27.515347     5.1300     2.8905     0.1704     0.6768 2.8163e+02     5.7841      0.532      0.772    14.6743 0.0000e+00
      0.563      0.069     6.9012     67.760     34.669  27.504911     5.0400     2.9325     0.2130     0.6768 2.6225e+02     5.8592      0.552      0.800    14.6638 0.0000e+00
      0.581      0.071     6.8931     67.680     34.666  27.496129     5.0400     2.8791     0.2130     0.6768 2.8279e+02     5.8893      0.570      0.827    14.6553 0.0000e+00
      0.599      0.072     6.8853     67.604     34.665  27.490620     5.0400     2.8562     0.2130     0.6768 2.8545e+02     5.8592      0.587      0.852    14.6485 0.0000e+00
      0.615      0.072     6.8787     67.538     34.665  27.486914     5.0400     2.8905     0.2130     0.6768 2.6656e+02     5.5887      0.603      0.875    14.6429 0.0000e+00
      0.630      0.071     6.8726     67.477     34.666  27.484023     5.1300     2.8905     0.1704     0.6345 2.9433e+02     5.6338      0.618      0.897    14.6382 0.0000e+00
      0.644      0.069     6.8669     67.421     34.665  27.481176     5.1300     2.8600     0.1704     0.6345 2.9942e+02     5.4835      0.631      0.916    14.6348 0.0000e+00
      0.656      0.066     6.8619     67.371     34.667  27.481573     5.1300     2.8867     0.1704     0.6345 3.2245e+02     5.4985      0.643      0.933    14.6331 0.0000e+00
      0.667      0.061     6.8570     67.322     34.667  27.481360     5.1300     2.9287     0.1704     0.6345 3.0243e+02     5.8292      0.654      0.948    14.6326 0.0000e+00
      0.677      0.056     6.8520     67.272     34.657  27.472561     5.0400     2.9058     0.1704     0.6768 2.6743e+02     5.8893      0.664      0.963    14.6317 0.0000e+00
      0.687      0.051     6.8475     67.226     34.649  27.464709     5.0400     2.8905     0.1704     0.6768 2.8712e+02     5.8292      0.673      0.977    14.6294 0.0000e+00
      0.696      0.047     6.8436     67.188     34.650  27.463630     5.0400     2.8867     0.1704     0.6768 3.0494e+02     5.8292      0.683      0.990    14.6262 0.0000e+00
      0.705      0.043     6.8410     67.162     34.654  27.465075     5.0400     3.0012     0.1704     0.6768 3.2421e+02     5.5586      0.691      1.002    14.6241 0.0000e+00
      0.712      0.040     6.8403     67.156     34.665  27.473388     5.0400     3.0164     0.1704     0.6768 2.4806e+02     5.6338      0.698      1.012    14.6240 0.0000e+00
      0.717      0.036     6.8417     67.169     34.680  27.486829     5.1300     2.9821     0.1704     0.5922 2.6731e+02     5.5736      0.703      1.020    14.6255 0.0000e+00
      0.722      0.033     6.8449     67.200     34.691  27.497101     5.1300     3.0355     0.1704     0.5922 3.1821e+02     5.5436      0.708      1.027    14.6282 0.0000e+00
      0.725      0.029     6.8497     67.247     34.695  27.502985     5.1300     3.0431     0.1704     0.5922 2.9677e+02     5.6338      0.711      1.032    14.6316 0.0000e+00
      0.728      0.025     6.8550     67.297     34.696  27.506051     5.1300     2.9935     0.1704     0.5922 2.9058e+02     5.6338      0.714      1.036    14.6348 0.0000e+00
      0.731      0.021     6.8596     67.342     34.695  27.507115     5.2200     2.9745     0.1704     0.6345 2.9077e+02     5.6338      0.717      1.040    14.6376 0.0000e+00
      0.734      0.018     6.8631     67.377     34.692  27.506463     5.2200     3.0050     0.1704     0.6345 3.1245e+02     5.5586      0.720      1.044    14.6397 0.0000e+00
      0.737      0.015     6.8652     67.397     34.688  27.503919     5.2200     3.0775     0.1704     0.6345 2.8588e+02     5.7690      0.723      1.048    14.6408 0.0000e+00
      0.740      0.013     6.8657     67.401     34.682  27.498806     5.2200     3.0813     0.1704     0.6345 3.3575e+02     5.7841      0.725      1.052    14.6406 0.0000e+00
      0.744      0.012     6.8653     67.395     34.676  27.493720     5.0400     3.0584     0.1704     0.5922 3.3263e+02     5.8893      0.729      1.058    14.6400 0.0000e+00
      0.748      0.012     6.8645     67.384     34.673  27.491263     5.0400     3.0546     0.1704     0.5922 2.9529e+02     5.7239      0.734      1.064    14.6398 0.0000e+00
      0.754      0.013     6.8637     67.374     34.672  27.490781     5.0400     3.0240     0.1704     0.5922 2.8800e+02     5.5286      0.739      1.072    14.6408 0.0000e+00
      0.760      0.015     6.8638     67.370     34.677  27.496105     5.0400     2.9821     0.1704     0.5922 2.7986e+02     5.6789      0.746      1.082    14.6426 0.0000e+00
      0.767      0.017     6.8647     67.375     34.686  27.504694     5.0400     3.0393     0.1704     0.6345 2.8034e+02     5.5586      0.753      1.092    14.6440 0.0000e+00
      0.775      0.020     6.8657     67.380     34.689  27.506961     5.0400     3.0279     0.1704     0.6345 2.8242e+02     5.5286      0.760      1.102    14.6440 0.0000e+00
      0.782      0.023     6.8660     67.380     34.686  27.503510     5.0400     3.0202     0.1704     0.6345 2.9115e+02     5.8292      0.766      1.112    14.6425 0.0000e+00
      0.789      0.025     6.8660     67.378     34.681  27.497381     5.0400     3.0088     0.1704     0.6345 2.8126e+02     5.8592      0.773      1.122    14.6398 0.0000e+00
      0.796      0.026     6.8660     67.377     34.676  27.490899     5.0400     2.9859     0.1704     0.6345 2.7762e+02     5.8592      0.781      1.133    14.6362 0.0000e+00
      0.806      0.028     6.8662     67.378     34.674  27.486295     5.0400     2.9897     0.1704     0.6345 2.6145e+02     5.8592      0.790      1.146    14.6317 0.0000e+00
      0.817      0.030     6.8669     67.384     34.673  27.482340     5.0400     2.9592     0.1704     0.6345 2.6259e+02     5.8742      0.801      1.161    14.6265 0.0000e+00
      0.829      0.033     6.8679     67.391     34.677  27.481940     5.0400     2.9363     0.1704     0.6345 2.3597e+02     5.8292      0.813      1.179    14.6214 0.0000e+00
      0.841      0.036     6.8685     67.395     34.690  27.488947     5.0400     2.9516     0.1704     0.6345 2.2623e+02     5.8292      0.825      1.196    14.6177 0.0000e+00
      0.853      0.039     6.8683     67.392     34.701  27.497310     5.0400     2.9554     0.2130     0.6768 2.1802e+02     5.8592      0.836      1.213    14.6162 0.0000e+00
      0.863      0.042     6.8671     67.379     34.696  27.493421     5.0400     2.8867     0.2130     0.6768 2.1473e+02     5.5586      0.847      1.228    14.6166 0.0000e+00
      0.874      0.044     6.8649     67.356     34.674  27.476244     5.0400     2.8867     0.2130     0.6768 1.8889e+02     5.5135      0.857      1.243    14.6170 0.0000e+00
      0.885      0.045     6.8627     67.335     34.650  27.457036     5.0400     2.8638     0.2130     0.6768 1.5598e+02     5.6488      0.867      1.258    14.6164 0.0000e+00
      0.896      0.045     6.8617     67.326     34.633  27.442553     5.0400     2.9058     0.1704     0.5499 1.3790e+02     5.6037      0.879      1.275    14.6151 0.0000e+00
      0.908      0.045     6.8622     67.332     34.627  27.436852     5.0400     2.8867     0.1704     0.5499 1.3397e+02     5.5887      0.891      1.292    14.6138 0.0000e+00
      0.920      0.044     6.8644     67.355     34.631  27.438413     5.0400     2.9096     0.1704     0.5499 1.4266e+02     5.5736      0.902      1.308    14.6123 0.0000e+00
      0.932      0.044     6.8677     67.388     34.640  27.443692     5.0400     2.8600     0.1704     0.5499 1.6663e+02     5.5586      0.914      1.325    14.6097 0.0000e+00
      0.944      0.045     6.8707     67.418     34.652  27.450139     5.1300     2.8829     0.1704     0.5922 1.7544e+02     5.5586      0.926      1.343    14.6052 0.0000e+00
      0.956      0.046     6.8725     67.436     34.659  27.451552     5.1300     2.8371     0.1704     0.5922 1.8204e+02     5.6037      0.938      1.361    14.5988 0.0000e+00
      0.969      0.047     6.8719     67.430     34.661  27.448309     5.1300     2.8181     0.1704     0.5922 1.7961e+02     5.6037      0.951      1.379    14.5915 0.0000e+00
      0.982      0.048     6.8690     67.401     34.661  27.443504     5.1300     2.8486     0.1704     0.5922 1.8439e+02     5.5286      0.963      1.397    14.5848 0.0000e+00
      0.994      0.048     6.8655     67.366     34.661  27.439815     5.1300     2.8219     0.1704     0.5922 1.8427e+02     5.5436      0.975      1.414    14.5795 0.0000e+00
      1.006      0.048     6.8630     67.340     34.665  27.440217     5.0400     2.8867     0.1278     0.6345 1.8272e+02     5.7690      0.987      1.431    14.5756 0.0000e+00
      1.018      0.048     6.8624     67.333     34.668  27.440858     5.0400     2.8867     0.1278     0.6345 1.7770e+02     5.8141      0.998      1.448    14.5728 0.0000e+00
      1.028      0.048     6.8634     67.341     34.661  27.433991     5.0400     2.9020     0.1278     0.6345 1.7693e+02     5.7841      1.008      1.463    14.5710 0.0000e+00
      1.038      0.047     6.8656     67.361     34.642  27.417783     5.0400     2.9096     0.1278     0.6345 1.7809e+02     5.8893      1.018      1.477    14.5697 0.0000e+00
      1.047      0.045     6.8684     67.387     34.625  27.403750     5.0400     2.8905     0.1704     0.6345 1.7716e+02     5.8592      1.027      1.490    14.5687 0.0000e+00
      1.056      0.043     6.8711     67.413     34.621  27.400029     5.0400     2.8791     0.1704     0.6345 1.7586e+02     5.8592      1.036      1.502    14.5677 0.0000e+00
      1.065      0.040     6.8737     67.438     34.629  27.405629     5.0400     2.9020     0.1704     0.6345 1.6667e+02     5.8592      1.044      1.514    14.5665 0.0000e+00
      1.073      0.038     6.8754     67.456     34.646  27.418081     5.0400     2.9287     0.1704     0.6345 1.6573e+02     5.8893      1.052      1.525    14.5650 0.0000e+00
      1.080      0.036     6.8760     67.461     34.666  27.432789     5.1300     2.9363     0.1704     0.6345 1.6122e+02     5.8893      1.059      1.536    14.5633 0.0000e+00
