Data/DataNotYetUploadedToEDI/Raw_CTD/RawDownloads/101325_fcr50_S7809001.cnv
* Sea-Bird SBE19plus  Data File:
* FileName = C:\R\Reservoirs\Data\DataNotYetUploadedToEDI\Raw_CTD\RawDownloads\101325_fcr50_S7809_0001.hex
* Software version 2.8.0.119
* Temperature SN = 7809
* Conductivity SN = 7809
* System UpLoad Time = Oct 16 2025 15:02:44
* <ApplicationData>
* <Seaterm232>
# nquan = 15
# nvalues = 1933                        
# units = specified
# name 0 = depFM: Depth [fresh water, m]
# name 1 = dz/dtM: Descent Rate [m/s]
# name 2 = sbeox0Mg/L: Oxygen, SBE 43 [mg/l]
# name 3 = sbeox0PS: Oxygen, SBE 43 [% saturation]
# name 4 = specc: Specific Conductance [uS/cm]
# name 5 = c0uS/cm: Conductivity [uS/cm]
# name 6 = flECO-AFL: Fluorescence, WET Labs ECO-AFL/FL [mg/m^3]
# name 7 = ph: pH
# name 8 = orp: Oxidation Reduction Potential [mV]
# name 9 = par/sat/log: PAR/Logarithmic, Satlantic
# name 10 = turbWETntu0: Turbidity, WET Labs ECO [NTU]
# name 11 = prdM: Pressure, Strain Gauge [db]
# name 12 = prdE: Pressure, Strain Gauge [psi]
# name 13 = tv290C: Temperature [ITS-90, deg C]
# name 14 = flag:  0.000e+00
# span 0 =     -0.674,      9.522       
# span 1 =     -0.161,      0.260       
# span 2 =    -0.2912,     9.2957       
# span 3 =     -2.550,     96.702       
# span 4 =      0.880,    420.615       
# span 5 =   0.736635, 319.590356       
# span 6 =    -0.3148,     1.8206       
# span 7 =     -2.335,      8.804       
# span 8 = -1240.7455,   310.3891       
# span 9 = 1.2365e-01, 1.5140e+03       
# span 10 =    -0.9822,   210.7669      
# span 11 =     -0.661,      9.339      
# span 12 =     -0.958,     13.544      
# span 13 =    12.9371,    17.3376      
# span 14 = 0.0000e+00, 0.0000e+00      
# interval = seconds: 0.25
# start_time = Oct 13 2025 11:11:17 [Instrument's time stamp, header]
# bad_flag = -9.990e-29
*END*
[from data line 1832]
      9.347      0.029     1.5944      1.411    310.558 236.297031     0.0582      8.279   -11.9630 1.2377e-01    19.6253      9.166     13.295    13.0274 0.0000e+00
      9.355      0.027     1.1246      1.003    367.364 279.468821     0.0177      8.279   -12.6591 1.2385e-01    14.8670      9.174     13.307    13.0352 0.0000e+00
      9.362      0.025     0.6614      1.978    381.899 290.464423    -0.0162      8.279   -13.8109 1.2384e-01    11.2549      9.182     13.317    13.0398 0.0000e+00
      9.369      0.023     0.3063      3.687    393.178 298.980989    -0.0343      8.280   -15.3058 1.2383e-01     5.4649      9.188     13.325    13.0449 0.0000e+00
      9.374      0.021     0.0881      5.249    408.372 310.462564    -0.0184      8.280   -16.7962 1.2383e-01     2.3504      9.194     13.334    13.0447 0.0000e+00
      9.379      0.020     0.0502      5.960    416.817 316.794770     0.0094      8.280   -17.8062 1.2377e-01     2.1550      9.198     13.340    13.0343 0.0000e+00
      9.383      0.019     0.1792      5.603    420.615 319.590356     0.0270      8.280   -18.4838 1.2371e-01     2.1468      9.201     13.345    13.0252 0.0000e+00
      9.387      0.018     0.3948      4.408    419.243 318.466176     0.0360      8.279   -19.2252 1.2377e-01     1.9431      9.206     13.353    13.0188 0.0000e+00
      9.392      0.018     0.5885      2.728    413.722 314.199933     0.0356      8.279   -20.0590 1.2387e-01     1.8109      9.211     13.359    13.0102 0.0000e+00
      9.397      0.019     0.6704      0.851    410.580 311.750920     0.0142      8.279   -20.7359 1.2388e-01     1.7778      9.216     13.366    12.9988 0.0000e+00
      9.402      0.019     0.6217     -0.840    410.154 311.371353    -0.0238      8.279   -20.9566 1.2380e-01     1.5427      9.220     13.373    12.9872 0.0000e+00
      9.407      0.018     0.4785     -2.010    408.916 310.382339    -0.0488      8.279   -20.9203 1.2375e-01     1.2233      9.226     13.380    12.9775 0.0000e+00
      9.412      0.017     0.2979     -2.550    405.945 308.088740    -0.0548      8.279   -21.4158 1.2381e-01     1.0925      9.230     13.388    12.9688 0.0000e+00
      9.416      0.016     0.0819     -2.539    401.894 304.988680    -0.0553      8.280   -22.2153 1.2386e-01     1.0543      9.235     13.394    12.9612 0.0000e+00
      9.420      0.016    -0.1104     -2.205    397.842 301.898408    -0.0458      8.280   -22.4993 1.2379e-01     0.8638      9.238     13.399    12.9546 0.0000e+00
      9.423      0.015    -0.2355     -1.776    393.794 298.818724    -0.0157      8.281   -22.4402 1.2369e-01     0.6335      9.241     13.403    12.9483 0.0000e+00
      9.427      0.014    -0.2912     -1.360    390.724 296.485011     0.0168      8.281   -22.3609 1.2370e-01     0.5935      9.244     13.408    12.9432 0.0000e+00
      9.431      0.013    -0.2786     -0.970    389.388 295.470135     0.0070      8.281   -22.5735 1.2375e-01     0.5502      9.249     13.414    12.9404 0.0000e+00
      9.435      0.013    -0.2349     -0.629    388.892 295.095551    -0.0345      8.281   -23.2903 1.2376e-01     0.4174      9.253     13.420    12.9386 0.0000e+00
      9.438      0.012    -0.1852     -0.356    388.985 295.169110    -0.0521      8.281   -24.2305 1.2379e-01     0.3547      9.256     13.424    12.9376 0.0000e+00
      9.441      0.012    -0.1433     -0.144    389.871 295.845417    -0.0308      8.281   -24.9932 1.2386e-01     0.3722      9.259     13.429    12.9372 0.0000e+00
      9.443      0.011    -0.1002      0.008    391.099 296.782005     0.0057      8.281   -25.3703 1.2385e-01     0.4591      9.260     13.431    12.9371 0.0000e+00
      9.446      0.010    -0.0632      0.125    392.203 297.624545     0.0234      8.280   -25.4348 1.2375e-01     0.6534      9.263     13.434    12.9374 0.0000e+00
      9.449      0.009    -0.0359      0.229    393.028 298.255957     0.0171      8.280   -25.4293 1.2369e-01     0.8421      9.266     13.439    12.9377 0.0000e+00
      9.451      0.009    -0.0124      0.317    393.686 298.760483     0.0128      8.281   -25.7334 1.2368e-01     0.8961      9.269     13.443    12.9383 0.0000e+00
      9.453      0.009     0.0019      0.369    394.376 299.289876     0.0045      8.281   -26.1004 1.2370e-01     0.8636      9.271     13.446    12.9388 0.0000e+00
      9.455      0.009     0.0134      0.379    395.173 299.900450    -0.0255      8.280   -26.1667 1.2376e-01     0.7226      9.272     13.447    12.9395 0.0000e+00
      9.457      0.009     0.0243      0.361    395.853 300.422242    -0.0501      8.280   -26.1905 1.2382e-01     0.4884      9.274     13.450    12.9403 0.0000e+00
      9.458      0.009     0.0349      0.333    396.059 300.585133    -0.0434      8.280   -26.3025 1.2384e-01     0.3553      9.275     13.452    12.9409 0.0000e+00
      9.461      0.009     0.0411      0.331    395.712 300.327258    -0.0110      8.280   -26.5744 1.2383e-01     0.4107      9.278     13.457    12.9416 0.0000e+00
      9.465      0.010     0.0404      0.362    395.109 299.875460     0.0172      8.281   -27.0697 1.2379e-01     0.4407      9.282     13.462    12.9424 0.0000e+00
      9.467      0.010     0.0391      0.391    394.684 299.557697     0.0147      8.281   -27.7302 1.2378e-01     0.2733      9.284     13.466    12.9431 0.0000e+00
      9.469      0.009     0.0336      0.408    394.524 299.441982    -0.0075      8.281   -28.3665 1.2388e-01     0.0610      9.286     13.469    12.9439 0.0000e+00
      9.471      0.008     0.0330      0.436    394.345 299.311963    -0.0270      8.281   -28.7397 1.2390e-01    -0.0082      9.288     13.471    12.9446 0.0000e+00
      9.473      0.007     0.0388      0.481    394.114 299.142617    -0.0382      8.280   -29.0597 1.2383e-01     0.2903      9.290     13.474    12.9453 0.0000e+00
      9.475      0.006     0.0421      0.507    394.004 299.065609    -0.0510      8.279   -29.5675 1.2383e-01     0.7333      9.292     13.477    12.9459 0.0000e+00
      9.476      0.005     0.0423      0.498    393.941 299.023628    -0.0565      8.279   -29.9763 1.2388e-01     0.8386      9.293     13.479    12.9467 0.0000e+00
      9.478      0.005     0.0446      0.462    393.760 298.892141    -0.0308      8.280   -30.1303 1.2388e-01     0.8460      9.294     13.480    12.9474 0.0000e+00
      9.479      0.004     0.0519      0.423    393.411 298.632750     0.0105      8.282   -30.1380 1.2388e-01     0.8228      9.295     13.482    12.9482 0.0000e+00
      9.480      0.004     0.0547      0.397    393.005 298.329774     0.0274      8.283   -30.0701 1.2387e-01     0.5932      9.296     13.483    12.9490 0.0000e+00
      9.480      0.003     0.0538      0.375    392.637 298.056910     0.0062      8.282   -30.1696 1.2387e-01     0.3587      9.297     13.484    12.9496 0.0000e+00
      9.481      0.003     0.0487      0.363    392.258 297.775942    -0.0283      8.281   -30.4811 1.2390e-01     0.1731      9.298     13.485    12.9505 0.0000e+00
      9.482      0.003     0.0435      0.368    391.891 297.503471    -0.0413      8.280   -30.8243 1.2385e-01     0.0221      9.298     13.486    12.9511 0.0000e+00
      9.483      0.003     0.0421      0.374    391.660 297.333322    -0.0262      8.280   -31.1364 1.2377e-01    -0.0317      9.299     13.488    12.9518 0.0000e+00
      9.484      0.003     0.0393      0.375    391.558 297.261179    -0.0112      8.280   -31.2433 1.2379e-01    -0.0328      9.300     13.489    12.9528 0.0000e+00
      9.484      0.002     0.0367      0.375    391.483 297.209622    -0.0104      8.281   -31.2564 1.2385e-01    -0.0260      9.301     13.490    12.9535 0.0000e+00
      9.485      0.002     0.0393      0.374    391.410 297.159841    -0.0001      8.282   -31.4668 1.2383e-01     0.0501      9.301     13.491    12.9542 0.0000e+00
      9.485      0.002     0.0395      0.364    391.335 297.109172     0.0137      8.282   -31.7216 1.2380e-01     0.1365      9.301     13.491    12.9551 0.0000e+00
      9.485      0.001     0.0393      0.342    391.245 297.046880     0.0068      8.282   -31.9286 1.2381e-01     0.0962      9.302     13.492    12.9557 0.0000e+00
      9.486      0.000     0.0397      0.312    391.071 296.920832    -0.0173      8.282   -32.1624 1.2383e-01    -0.0278      9.302     13.491    12.9564 0.0000e+00
      9.486 5.0816e-07     0.0396      0.285    390.658 296.613438    -0.0362      8.283   -32.4836 1.2381e-01    -0.0987      9.303     13.493    12.9571 0.0000e+00
      9.486      0.000     0.0389      0.260    389.797 295.965189    -0.0217      8.283   -33.0587 1.2378e-01    -0.1120      9.303     13.494    12.9579 0.0000e+00
      9.485      0.000     0.0362      0.249    384.619 292.039205     0.0163      8.283   -33.7819 1.2377e-01    -0.0520      9.302     13.491    12.9586 0.0000e+00
      9.484      0.001     0.0328      0.267    372.371 282.744630     0.0319      8.283   -34.3448 1.2372e-01     0.0808      9.300     13.489    12.9594 0.0000e+00
      9.484      0.002     0.0298      0.293    361.386 274.410171     0.0177      8.283   -34.7024 1.2375e-01     0.1272      9.301     13.490    12.9602 0.0000e+00
      9.485      0.004     0.0276      0.304    358.450 272.186057    -0.0060      8.284   -35.0945 1.2388e-01     0.0309      9.302     13.491    12.9608 0.0000e+00
      9.487      0.005     0.0241      0.313    363.485 276.014469    -0.0304      8.284   -35.5579 1.2391e-01    -0.0934      9.303     13.493    12.9616 0.0000e+00
      9.489      0.005     0.0280      0.335    373.447 283.584274    -0.0352      8.285   -35.6586 1.2383e-01    -0.1115      9.305     13.496    12.9624 0.0000e+00
      9.491      0.004     0.0320      0.370    373.672 283.760522    -0.0142      8.286   -36.1400 1.2377e-01    -0.0173      9.308     13.499    12.9633 0.0000e+00
      9.493      0.003     0.0318      0.372    361.696 274.670231     0.0066      8.286   -38.4540 1.2376e-01     0.0888      9.309     13.502    12.9640 0.0000e+00
      9.493      0.002     0.0328      0.327    353.926 268.773402     0.0086      8.286   -41.6967 1.2376e-01     0.1130      9.309     13.502    12.9647 0.0000e+00
      9.492      0.001     0.0338      0.292    353.251 268.264124    -0.0068      8.286   -44.2871 1.2378e-01     0.0365      9.308     13.500    12.9654 0.0000e+00
      9.492      0.001     0.0403      0.274    355.010 269.603641    -0.0293      8.288   -46.3711 1.2378e-01     0.0853      9.308     13.501    12.9661 0.0000e+00
      9.492      0.001     0.0426      0.259    363.744 276.240622    -0.0469      8.291   -48.2240 1.2377e-01     0.3618      9.309     13.501    12.9667 0.0000e+00
      9.492      0.002     0.0326      0.244    378.577 287.508696    -0.0371      8.293   -49.8266 1.2385e-01     0.6128      9.308     13.500    12.9671 0.0000e+00
      9.493      0.003     0.0302      0.225    382.256 290.305862    -0.0024      8.295   -51.3793 1.2390e-01     0.7964      9.308     13.501    12.9677 0.0000e+00
      9.494      0.004     0.0293      0.221    363.866 276.342534     0.0233      8.298   -52.9726 1.2387e-01     1.1474      9.311     13.504    12.9681 0.0000e+00
      9.496      0.004     0.0269      0.246    336.841 255.821564     0.0154      8.302   -54.5502 1.2382e-01     1.5776      9.313     13.507    12.9687 0.0000e+00
      9.497      0.005     0.0267      0.271    319.616 242.742229    -0.0227      8.307   -56.0000 1.2383e-01     1.6934      9.313     13.508    12.9692 0.0000e+00
      9.497      0.005     0.0228      0.264    313.815 238.337783    -0.0460      8.313   -57.2518 1.2392e-01     1.5575      9.313     13.508    12.9696 0.0000e+00
      9.498      0.005     0.0219      0.251    311.531 236.605193    -0.0419      8.320   -58.2432 1.2391e-01     1.0958      9.315     13.510    12.9701 0.0000e+00
      9.501      0.005     0.0256      0.252    313.118 237.813598    -0.0230      8.329   -59.0378 1.2385e-01     0.3815      9.317     13.514    12.9704 0.0000e+00
      9.503      0.005     0.0311      0.237    327.975 249.100260     0.0072      8.339   -59.7183 1.2378e-01     0.0943      9.319     13.516    12.9709 0.0000e+00
      9.504      0.005     0.0280      0.227    352.053 267.390995     0.0234      8.353   -60.2761 1.2374e-01     0.1510      9.320     13.517    12.9711 0.0000e+00
      9.505      0.006     0.0246      0.242    363.655 276.206266     0.0068      8.372   -60.9638 1.2376e-01     0.1444      9.321     13.519    12.9715 0.0000e+00
      9.506      0.007     0.0285      0.252    353.150 268.229377    -0.0271      8.392   -62.0967 1.2377e-01     0.0494      9.322     13.520    12.9719 0.0000e+00
      9.507      0.007     0.0250      0.252    335.490 254.818690    -0.0446      8.411   -63.5629 1.2378e-01    -0.0077      9.322     13.521    12.9723 0.0000e+00
      9.509      0.007     0.0215      0.250    325.288 247.072549    -0.0472      8.429   -64.8394 1.2378e-01     0.0000      9.325     13.525    12.9729 0.0000e+00
      9.513      0.006     0.0268      0.233    321.540 244.229251    -0.0496      8.447   -65.7429 1.2382e-01    -0.0626      9.329     13.530    12.9733 0.0000e+00
      9.515      0.006     0.0271      0.218    321.614 244.288921    -0.0489      8.464   -66.7437 1.2386e-01    -0.1160      9.331     13.533    12.9736 0.0000e+00
      9.515      0.005     0.0257      0.211    324.623 246.577113    -0.0308      8.481   -67.9919 1.2382e-01    -0.0299      9.331     13.534    12.9739 0.0000e+00
      9.516      0.004     0.0282      0.202    336.008 255.227920     0.0025      8.496   -69.1335 1.2379e-01     0.1243      9.332     13.534    12.9744 0.0000e+00
      9.516      0.003     0.0239      0.193    358.296 272.161460     0.0205      8.509   -69.9643 1.2377e-01     0.1771      9.332     13.534    12.9748 0.0000e+00
      9.517      0.002     0.0223      0.169    378.643 287.620087     0.0043      8.519   -70.4658 1.2373e-01     0.0962      9.334     13.537    12.9755 0.0000e+00
      9.518      0.002     0.0230      0.148    389.436 295.822440    -0.0270      8.529   -70.8092 1.2374e-01    -0.0335      9.335     13.539    12.9759 0.0000e+00
      9.518      0.002     0.0203      0.169    393.441 298.868079    -0.0407      8.539   -71.1905 1.2377e-01    -0.1275      9.334     13.538    12.9762 0.0000e+00
      9.519      0.002     0.0214      0.199    394.620 299.767533    -0.0278      8.548   -71.5484 1.2380e-01    -0.1175      9.335     13.539    12.9769 0.0000e+00
      9.519      0.002     0.0185      0.206    395.530 300.462905     0.0030      8.556   -71.9528 1.2385e-01    -0.0150      9.335     13.539    12.9772 0.0000e+00
      9.519      0.002     0.0122      0.198    396.200 300.976470     0.0231      8.565   -72.4668 1.2384e-01     0.0861      9.335     13.539    12.9777 0.0000e+00
      9.520      0.002     0.0180      0.176    396.769 301.413165     0.0073      8.574   -72.9448 1.2388e-01     0.0470      9.335     13.539    12.9782 0.0000e+00
      9.521      0.002     0.0226      0.155    397.725 302.143128    -0.0288      8.581   -73.3447 1.2398e-01    -0.0781      9.337     13.541    12.9787 0.0000e+00
      9.521      0.002     0.0213      0.140    398.493 302.731167    -0.0468      8.587   -73.6878 1.2398e-01    -0.1295      9.337     13.542    12.9792 0.0000e+00
      9.521      0.001     0.0223      0.137    398.663 302.866052    -0.0358      8.594   -74.0827 1.2390e-01    -0.0956      9.337     13.542    12.9798 0.0000e+00
      9.522      0.001     0.0175      0.137    398.498 302.745445    -0.0212      8.600   -74.5052 1.2385e-01    -0.0448      9.338     13.543    12.9804 0.0000e+00
      9.522      0.001     0.0169      0.134    398.074 302.430076    -0.0113      8.605   -74.8380 1.2383e-01    -0.0278      9.338     13.543    12.9808 0.0000e+00
