Data/DataNotYetUploadedToEDI/Raw_CTD/RawDownloads/101325_fcr40_S7809005.cnv
* Sea-Bird SBE19plus  Data File:
* FileName = C:\R\Reservoirs\Data\DataNotYetUploadedToEDI\Raw_CTD\RawDownloads\101325_fcr50_S7809_0005.hex
* Software version 2.8.0.119
* Temperature SN = 7809
* Conductivity SN = 7809
* System UpLoad Time = Oct 16 2025 15:05:09
* <ApplicationData>
* <Seaterm232>
# nquan = 15
# nvalues = 1015                        
# units = specified
# name 0 = depFM: Depth [fresh water, m]
# name 1 = dz/dtM: Descent Rate [m/s]
# name 2 = sbeox0Mg/L: Oxygen, SBE 43 [mg/l]
# name 3 = sbeox0PS: Oxygen, SBE 43 [% saturation]
# name 4 = specc: Specific Conductance [uS/cm]
# name 5 = c0uS/cm: Conductivity [uS/cm]
# name 6 = flECO-AFL: Fluorescence, WET Labs ECO-AFL/FL [mg/m^3]
# name 7 = ph: pH
# name 8 = orp: Oxidation Reduction Potential [mV]
# name 9 = par/sat/log: PAR/Logarithmic, Satlantic
# name 10 = turbWETntu0: Turbidity, WET Labs ECO [NTU]
# name 11 = prdM: Pressure, Strain Gauge [db]
# name 12 = prdE: Pressure, Strain Gauge [psi]
# name 13 = tv290C: Temperature [ITS-90, deg C]
# name 14 = flag:  0.000e+00
# span 0 =     -0.676,      5.620       
# span 1 =     -0.198,      0.333       
# span 2 =     0.2110,     9.4356       
# span 3 =      2.178,     98.899       
# span 4 =      1.223,     69.173       
# span 5 =   1.027578,  56.934372       
# span 6 =    -1.0256,     2.2946       
# span 7 =      8.468,      9.192       
# span 8 =  -149.1663,   151.6393       
# span 9 = 1.2366e-01, 1.8714e+03       
# span 10 =     1.2064,    39.3777      
# span 11 =     -0.664,      5.512      
# span 12 =     -0.962,      7.995      
# span 13 =    13.1423,    17.7028      
# span 14 = 0.0000e+00, 0.0000e+00      
# interval = seconds: 0.25
# start_time = Oct 13 2025 13:27:22 [Instrument's time stamp, header]
# bad_flag = -9.990e-29
*END*
[from data line 772]
      2.478      0.122     6.4570     67.189     40.156  33.950317     1.7194      9.128   -99.0937 5.5004e+00     3.8966      2.434      3.529    17.2690 0.0000e+00
      2.510      0.113     6.4586     67.158     40.163  33.955990     1.7004      9.129   -99.0060 5.3235e+00     3.8583      2.465      3.574    17.2687 0.0000e+00
      2.532      0.101     6.4615     67.109     40.142  33.938262     1.7054      9.129   -98.9804 5.1977e+00     3.8471      2.485      3.604    17.2687 0.0000e+00
      2.548      0.090     6.4596     67.056     40.128  33.926301     1.7547      9.129   -99.1283 5.0762e+00     3.8636      2.499      3.623    17.2686 0.0000e+00
      2.567      0.084     6.4566     67.037     40.142  33.938261     1.7799      9.129   -99.3310 4.9028e+00     3.8186      2.515      3.648    17.2687 0.0000e+00
      2.590      0.082     6.4547     67.083     40.163  33.955980     1.7601      9.130   -99.3668 4.7075e+00     3.8153      2.541      3.685    17.2687 0.0000e+00
      2.612      0.084     6.4494     67.161     40.156  33.950203     1.7483      9.131   -99.3890 4.5424e+00     3.8574      2.563      3.717    17.2686 0.0000e+00
      2.633      0.087     6.4429     67.194     40.135  33.931852     1.7540      9.131   -99.4270 4.3961e+00     3.9175      2.582      3.745    17.2685 0.0000e+00
      2.655      0.087     6.4395     67.170     40.126  33.924430     1.7540      9.131   -99.3969 4.2661e+00     3.9618      2.605      3.778    17.2684 0.0000e+00
      2.677      0.083     6.4444     67.125     40.125  33.923910     1.7317      9.131   -99.3684 4.1413e+00     3.8805      2.625      3.808    17.2683 0.0000e+00
      2.700      0.076     6.4567     67.079     40.127  33.925565     1.7005      9.131   -99.3414 3.9847e+00     3.8229      2.646      3.838    17.2681 0.0000e+00
      2.724      0.066     6.4596     67.044     40.150  33.944435     1.6931      9.131   -99.3284 3.8533e+00     3.9144      2.674      3.879    17.2681 0.0000e+00
      2.743      0.057     6.4551     67.020     40.170  33.961738     1.7012      9.132   -99.3831 3.8033e+00     3.9956      2.694      3.909    17.2681 0.0000e+00
      2.752      0.048     6.4511     67.008     40.149  33.944435     1.6977      9.132   -99.4864 3.7869e+00     3.9507      2.700      3.915    17.2682 0.0000e+00
      2.757      0.040     6.4452     67.008     40.127  33.925565     1.6677      9.132   -99.6306 3.7501e+00     3.8499      2.702      3.919    17.2680 0.0000e+00
      2.763      0.034     6.4426     66.995     40.126  33.923911     1.6219      9.131   -99.7509 3.6896e+00     3.8009      2.708      3.928    17.2681 0.0000e+00
      2.774      0.030     6.4404     66.980     40.127  33.924441     1.5850      9.130   -99.7350 3.6290e+00     3.8024      2.720      3.945    17.2682 0.0000e+00
      2.785      0.029     6.4378     66.987     40.136  33.931967     1.5715      9.129   -99.6969 3.5938e+00     3.8001      2.733      3.964    17.2681 0.0000e+00
      2.792      0.028     6.4409     66.998     40.160  33.951472     1.5666      9.129   -99.7208 3.5812e+00     3.7392      2.740      3.974    17.2679 0.0000e+00
      2.796      0.025     6.4385     67.006     40.181  33.969932     1.5676      9.128   -99.6800 3.5603e+00     3.6470      2.742      3.978    17.2673 0.0000e+00
      2.801      0.021     6.4350     67.009     40.176  33.964836     1.5998      9.128   -99.5474 3.5292e+00     3.6421      2.745      3.982    17.2668 0.0000e+00
      2.807      0.017     6.4381     66.993     40.166  33.953301     1.6481      9.127   -99.4086 3.5067e+00     3.7145      2.752      3.992    17.2662 0.0000e+00
      2.812      0.015     6.4387     66.955     40.175  33.957350     1.6771      9.126   -99.2919 3.4973e+00     3.7695      2.759      4.000    17.2662 0.0000e+00
      2.816      0.013     6.4393     66.883     40.170  33.950341     1.6766      9.126   -99.0824 3.4778e+00     3.7269      2.762      4.006    17.2666 0.0000e+00
      2.818      0.010     6.4408     66.771     40.150  33.932000     1.6746      9.126   -98.8551 3.4486e+00     3.6438      2.764      4.009    17.2662 0.0000e+00
      2.820      0.009     6.4391     66.649     40.143  33.925910     1.6943      9.126   -98.7811 3.4449e+00     3.6863      2.765      4.010    17.2633 0.0000e+00
      2.821      0.011     6.4366     66.542     40.161  33.940157     1.7232      9.126   -98.7891 3.4528e+00     3.7628      2.766      4.012    17.2574 0.0000e+00
      2.821      0.014     6.4314     66.457     40.207  33.977371     1.7329      9.126   -98.7801 3.4355e+00     3.7149      2.766      4.012    17.2534 0.0000e+00
      2.823      0.016     6.4186     66.388     40.232  33.995195     1.7117      9.126   -98.6722 3.3944e+00     3.6197      2.767      4.013    17.2526 0.0000e+00
      2.829      0.018     6.4063     66.310     40.201  33.965317     1.6913      9.126   -98.4312 3.3398e+00     3.6029      2.773      4.022    17.2517 0.0000e+00
      2.839      0.018     6.3963     66.225     40.163  33.933342     1.7023      9.126   -98.1025 3.2856e+00     3.6816      2.785      4.039    17.2516 0.0000e+00
      2.847      0.019     6.3877     66.180     40.152  33.925807     1.7293      9.125   -97.7953 3.2710e+00     3.7518      2.795      4.054    17.2504 0.0000e+00
      2.848      0.022     6.3836     66.184     40.163  33.937664     1.7262      9.125   -97.4704 3.2877e+00     3.7001      2.795      4.054    17.2440 0.0000e+00
      2.848      0.027     6.3773     66.182     40.175  33.949814     1.7137      9.125   -97.1859 3.2844e+00     3.6367      2.791      4.047    17.2372 0.0000e+00
      2.853      0.032     6.3666     66.152     40.167  33.945821     1.7119      9.125   -97.1938 3.2468e+00     3.7029      2.795      4.054    17.2385 0.0000e+00
      2.863      0.040     6.3603     66.113     40.172  33.952838     1.7050      9.125   -97.2217 3.1832e+00     3.7835      2.807      4.071    17.2437 0.0000e+00
      2.877      0.048     6.3642     66.082     40.193  33.971210     1.7051      9.125   -97.0928 3.1057e+00     3.7907      2.821      4.091    17.2456 0.0000e+00
      2.893      0.053     6.3640     66.060     40.205  33.977621     1.6960      9.125   -97.0984 3.0210e+00     3.7900      2.837      4.115    17.2486 0.0000e+00
      2.910      0.054     6.3592     66.051     40.200  33.966910     1.6952      9.125   -97.2902 2.9349e+00     3.8438      2.855      4.140    17.2527 0.0000e+00
      2.925      0.050     6.3548     66.060     40.209  33.968594     1.7207      9.124   -97.4328 2.8844e+00     3.9290      2.870      4.161    17.2562 0.0000e+00
      2.938      0.044     6.3514     66.079     40.249  33.997964     1.7382      9.124   -97.4453 2.8565e+00     3.9663      2.881      4.178    17.2582 0.0000e+00
      2.948      0.037     6.3501     66.119     40.260  34.004792     1.7242      9.125   -97.5276 2.8125e+00     3.9519      2.891      4.194    17.2535 0.0000e+00
      2.956      0.031     6.3493     66.166     40.242  33.987699     1.6925      9.125   -97.5682 2.7797e+00     3.8929      2.900      4.206    17.2428 0.0000e+00
      2.961      0.029     6.3531     66.189     40.235  33.981631     1.6871      9.125   -97.4195 2.7602e+00     3.9012      2.904      4.212    17.2343 0.0000e+00
      2.966      0.032     6.3540     66.205     40.250  33.994869     1.7086      9.124   -97.1922 2.7351e+00     4.0523      2.909      4.219    17.2309 0.0000e+00
      2.971      0.037     6.3584     66.240     40.282  34.020873     1.7110      9.124   -96.8852 2.7061e+00     4.1143      2.914      4.225    17.2268 0.0000e+00
      2.979      0.043     6.3663     66.252     40.314  34.042261     1.6913      9.125   -96.5465 2.6584e+00     4.0361      2.918      4.232    17.2239 0.0000e+00
      2.993      0.049     6.3664     66.191     40.352  34.063122     1.6787      9.125   -96.2805 2.5835e+00     4.0298      2.933      4.254    17.2256 0.0000e+00
      3.012      0.054     6.3664     66.087     40.388  34.082748     1.6671      9.126   -96.0785 2.5077e+00     4.0718      2.955      4.286    17.2266 0.0000e+00
      3.028      0.058     6.3713     65.950     40.403  34.089218     1.6588      9.126   -95.8243 2.4562e+00     4.0310      2.971      4.311    17.2267 0.0000e+00
      3.041      0.060     6.3768     65.747     40.393  34.077884     1.6533      9.126   -95.5308 2.4059e+00     3.9815      2.982      4.325    17.2219 0.0000e+00
      3.056      0.060     6.3705     65.503     40.384  34.072599     1.6347      9.125   -95.3686 2.3391e+00     3.9850      2.996      4.345    17.2026 0.0000e+00
      3.071      0.061     6.3613     65.219     40.399  34.088764     1.6245      9.123   -95.3258 2.2856e+00     4.0059      3.013      4.371    17.1873 0.0000e+00
      3.086      0.062     6.3532     64.887     40.394  34.083007     1.6295      9.123   -95.1850 2.2437e+00     4.0970      3.025      4.389    17.1815 0.0000e+00
      3.101      0.062     6.3308     64.557     40.380  34.066432     1.6206      9.123   -94.8718 2.1877e+00     4.1646      3.039      4.408    17.1751 0.0000e+00
      3.120      0.063     6.3071     64.237     40.400  34.078697     1.5921      9.123   -94.5507 2.1351e+00     4.1059      3.060      4.438    17.1811 0.0000e+00
      3.138      0.065     6.2808     63.909     40.437  34.104396     1.5686      9.123   -94.3127 2.0973e+00     4.1039      3.079      4.466    17.1891 0.0000e+00
      3.152      0.070     6.2454     63.639     40.469  34.123365     1.5190      9.123   -94.2322 2.0566e+00     4.2424      3.092      4.484    17.1862 0.0000e+00
      3.166      0.074     6.2143     63.464     40.471  34.117702     1.4334      9.123   -94.2651 1.9993e+00     4.4146      3.102      4.499    17.1789 0.0000e+00
      3.184      0.078     6.1874     63.343     40.456  34.099372     1.3741      9.122   -94.1947 1.9116e+00     4.4441      3.120      4.525    17.1728 0.0000e+00
      3.208      0.081     6.1519     63.230     40.452  34.092058     1.3435      9.122   -94.1552 1.8228e+00     4.3258      3.145      4.562    17.1673 0.0000e+00
      3.233      0.082     6.1255     63.104     40.457  34.092709     1.3297      9.122   -94.2177 1.7689e+00     4.2827      3.172      4.600    17.1558 0.0000e+00
      3.256      0.079     6.1134     62.976     40.478  34.107235     1.3327      9.121   -94.2614 1.7191e+00     4.2982      3.194      4.632    17.1443 0.0000e+00
      3.277      0.072     6.1029     62.854     40.521  34.140799     1.3288      9.120   -94.4267 1.6637e+00     4.2747      3.215      4.663    17.1386 0.0000e+00
      3.295      0.064     6.0946     62.733     40.570  34.181297     1.3155      9.120   -94.6670 1.6274e+00     4.2030      3.234      4.691    17.1355 0.0000e+00
      3.308      0.055     6.0810     62.599     40.615  34.216218     1.3295      9.119   -94.7577 1.6034e+00     4.0801      3.245      4.706    17.1309 0.0000e+00
      3.319      0.049     6.0700     62.468     40.655  34.245800     1.3822      9.118   -94.8345 1.5811e+00     4.0867      3.254      4.720    17.1253 0.0000e+00
      3.329      0.044     6.0581     62.392     40.709  34.285185     1.4288      9.117   -94.9935 1.5645e+00     4.2151      3.267      4.738    17.1224 0.0000e+00
      3.339      0.041     6.0475     62.371     40.749  34.311735     1.4351      9.116   -94.9600 1.5439e+00     4.2320      3.276      4.751    17.1224 0.0000e+00
      3.349      0.039     6.0349     62.351     40.759  34.313025     1.4083      9.114   -94.7730 1.5059e+00     4.1544      3.282      4.762    17.1202 0.0000e+00
      3.360      0.037     6.0199     62.318     40.752  34.300767     1.3623      9.113   -94.7116 1.4725e+00     4.0963      3.295      4.780    17.1142 0.0000e+00
      3.371      0.036     6.0134     62.274     40.746  34.290407     1.3207      9.112   -94.6480 1.4620e+00     4.1109      3.308      4.798    17.1068 0.0000e+00
      3.379      0.036     6.0156     62.174     40.781  34.314643     1.3132      9.111   -94.5196 1.4601e+00     4.1254      3.315      4.807    17.0962 0.0000e+00
      3.386      0.037     6.0157     61.982     40.815  34.340021     1.3129      9.111   -94.5357 1.4457e+00     4.0670      3.320      4.814    17.0870 0.0000e+00
      3.395      0.037     6.0108     61.706     40.823  34.343464     1.3178      9.111   -94.5856 1.4162e+00     4.0882      3.329      4.828    17.0809 0.0000e+00
      3.405      0.037     6.0115     61.403     40.843  34.356269     1.3388      9.110   -94.5199 1.3941e+00     4.2103      3.339      4.842    17.0737 0.0000e+00
      3.415      0.037     6.0028     61.117     40.863  34.367940     1.3502      9.109   -94.4297 1.3745e+00     4.2794      3.348      4.856    17.0677 0.0000e+00
      3.429      0.040     5.9853     60.827     40.854  34.357675     1.3643      9.108   -94.3560 1.3524e+00     4.2409      3.362      4.877    17.0640 0.0000e+00
      3.439      0.047     5.9564     60.572     40.857  34.359047     1.3676      9.106   -94.3170 1.3512e+00     4.1879      3.376      4.898    17.0607 0.0000e+00
      3.444      0.054     5.9249     60.394     40.890  34.384530     1.3562      9.106   -94.3020 1.3437e+00     4.2882      3.377      4.897    17.0550 0.0000e+00
      3.452      0.061     5.9017     60.238     40.929  34.411998     1.3522      9.105   -94.2609 1.2994e+00     4.4632      3.378      4.899    17.0478 0.0000e+00
      3.473      0.066     5.8716     60.073     40.966  34.437368     1.3522      9.104   -94.1636 1.2437e+00     4.5284      3.402      4.934    17.0444 0.0000e+00
      3.500      0.073     5.8439     59.956     40.971  34.437483     1.3397      9.104   -94.0718 1.1971e+00     4.4614      3.436      4.982    17.0449 0.0000e+00
      3.523      0.079     5.8306     59.893     40.946  34.413385     1.3008      9.104   -94.1842 1.1586e+00     4.3352      3.458      5.015    17.0426 0.0000e+00
      3.539      0.082     5.8190     59.856     40.933  34.399782     1.2888      9.104   -94.4893 1.1134e+00     4.3357      3.470      5.034    17.0344 0.0000e+00
      3.556      0.081     5.7991     59.821     40.940  34.399897     1.3120      9.103   -94.7498 1.0618e+00     4.4675      3.484      5.053    17.0261 0.0000e+00
      3.577      0.079     5.7894     59.756     40.967  34.414771     1.3069      9.102   -94.9245 1.0170e+00     4.5277      3.507      5.086    17.0213 0.0000e+00
      3.602      0.077     5.7850     59.672     41.021  34.452714     1.2601      9.100   -95.1397 9.7820e-01     4.4490      3.533      5.125    17.0192 0.0000e+00
      3.624      0.073     5.7816     59.587     41.058  34.477979     1.2210      9.099   -95.3724 9.5592e-01     4.3361      3.555      5.158    17.0169 0.0000e+00
      3.642      0.067     5.7819     59.470     41.050  34.466454     1.2331      9.099   -95.5014 9.5038e-01     4.3240      3.572      5.180    17.0092 0.0000e+00
      3.658      0.059     5.7753     59.294     41.024  34.440256     1.2487      9.098   -95.5808 9.3462e-01     4.3365      3.588      5.204    16.9978 0.0000e+00
      3.671      0.053     5.7676     59.092     40.998  34.415003     1.2272      9.096   -95.7304 9.0200e-01     4.2810      3.603      5.224    16.9889 0.0000e+00
      3.681      0.048     5.7611     58.902     41.002  34.414901     1.2054      9.096   -95.9333 8.7603e-01     4.2687      3.609      5.235    16.9828 0.0000e+00
      3.690      0.046     5.7531     58.758     41.037  34.439012     1.2015      9.095   -96.1407 8.6571e-01     4.2898      3.618      5.248    16.9760 0.0000e+00
      3.701      0.046     5.7338     58.711     41.059  34.452741     1.2213      9.093   -96.3447 8.4417e-01     4.3320      3.629      5.263    16.9705 0.0000e+00
