Data/DataNotYetUploadedToEDI/Raw_CTD/RawDownloads/101325_fcr40_S7809005.cnv
* Sea-Bird SBE19plus  Data File:
* FileName = C:\R\Reservoirs\Data\DataNotYetUploadedToEDI\Raw_CTD\RawDownloads\101325_fcr50_S7809_0005.hex
* Software version 2.8.0.119
* Temperature SN = 7809
* Conductivity SN = 7809
* System UpLoad Time = Oct 16 2025 15:05:09
* <ApplicationData>
* <Seaterm232>
# nquan = 15
# nvalues = 1015                        
# units = specified
# name 0 = depFM: Depth [fresh water, m]
# name 1 = dz/dtM: Descent Rate [m/s]
# name 2 = sbeox0Mg/L: Oxygen, SBE 43 [mg/l]
# name 3 = sbeox0PS: Oxygen, SBE 43 [% saturation]
# name 4 = specc: Specific Conductance [uS/cm]
# name 5 = c0uS/cm: Conductivity [uS/cm]
# name 6 = flECO-AFL: Fluorescence, WET Labs ECO-AFL/FL [mg/m^3]
# name 7 = ph: pH
# name 8 = orp: Oxidation Reduction Potential [mV]
# name 9 = par/sat/log: PAR/Logarithmic, Satlantic
# name 10 = turbWETntu0: Turbidity, WET Labs ECO [NTU]
# name 11 = prdM: Pressure, Strain Gauge [db]
# name 12 = prdE: Pressure, Strain Gauge [psi]
# name 13 = tv290C: Temperature [ITS-90, deg C]
# name 14 = flag:  0.000e+00
# span 0 =     -0.676,      5.620       
# span 1 =     -0.198,      0.333       
# span 2 =     0.2110,     9.4356       
# span 3 =      2.178,     98.899       
# span 4 =      1.223,     69.173       
# span 5 =   1.027578,  56.934372       
# span 6 =    -1.0256,     2.2946       
# span 7 =      8.468,      9.192       
# span 8 =  -149.1663,   151.6393       
# span 9 = 1.2366e-01, 1.8714e+03       
# span 10 =     1.2064,    39.3777      
# span 11 =     -0.664,      5.512      
# span 12 =     -0.962,      7.995      
# span 13 =    13.1423,    17.7028      
# span 14 = 0.0000e+00, 0.0000e+00      
# interval = seconds: 0.25
# start_time = Oct 13 2025 13:27:22 [Instrument's time stamp, header]
# bad_flag = -9.990e-29
*END*
[from data line 579]
      0.777      0.028     6.9410     72.582     40.176  34.174532     1.4831      9.152   -58.4222 7.0290e+01     3.7234      0.762      1.105    17.5329 0.0000e+00
      0.783      0.033     6.9397     72.529     40.158  34.160269     1.4801      9.152   -58.7435 6.9683e+01     3.7224      0.767      1.113    17.5245 0.0000e+00
      0.791      0.041     6.9382     72.472     40.134  34.140087     1.4873      9.152   -58.8562 6.9234e+01     3.7080      0.775      1.124    17.5223 0.0000e+00
      0.801      0.051     6.9418     72.407     40.115  34.120850     1.5281      9.153   -59.0109 6.9101e+01     3.6858      0.786      1.140    17.5237 0.0000e+00
      0.814      0.061     6.9393     72.338     40.119  34.118010     1.5408      9.153   -59.1505 6.9250e+01     3.6593      0.796      1.155    17.5271 0.0000e+00
      0.832      0.071     6.9316     72.266     40.114  34.105736     1.5079      9.152   -59.0816 6.9491e+01     3.5931      0.814      1.181    17.5291 0.0000e+00
      0.853      0.077     6.9275     72.178     40.115  34.099325     1.4882      9.152   -58.8666 6.9443e+01     3.5686      0.836      1.211    17.5294 0.0000e+00
      0.878      0.079     6.9214     72.096     40.128  34.103939     1.5017      9.153   -58.7017 6.9044e+01     3.7040      0.860      1.248    17.5252 0.0000e+00
      0.904      0.078     6.9155     72.040     40.126  34.098068     1.5379      9.153   -58.7237 6.8898e+01     3.9326      0.888      1.288    17.5173 0.0000e+00
      0.924      0.075     6.9114     71.994     40.122  34.091771     1.5519      9.153   -58.7876 6.8698e+01     3.9754      0.909      1.318    17.5076 0.0000e+00
      0.938      0.069     6.9034     71.973     40.126  34.091250     1.5299      9.153   -58.7864 6.8388e+01     3.8798      0.920      1.334    17.4969 0.0000e+00
      0.951      0.060     6.8949     71.986     40.133  34.091761     1.5129      9.153   -58.7948 6.7370e+01     3.9037      0.929      1.349    17.4889 0.0000e+00
      0.969      0.051     6.8927     72.002     40.144  34.097945     1.5042      9.154   -58.8891 6.5645e+01     3.9911      0.951      1.379    17.4843 0.0000e+00
      0.986      0.043     6.8872     72.023     40.151  34.102569     1.5001      9.154   -59.0663 6.4720e+01     4.0141      0.970      1.406    17.4808 0.0000e+00
      0.996      0.037     6.8845     72.054     40.132  34.084218     1.4882      9.154   -59.3029 6.4258e+01     3.9429      0.978      1.419    17.4766 0.0000e+00
      1.001      0.031     6.8899     72.058     40.114  34.066395     1.4604      9.153   -59.5125 6.3937e+01     3.8131      0.982      1.424    17.4688 0.0000e+00
      1.005      0.025     6.8909     71.996     40.128  34.077411     1.4631      9.153   -59.6212 6.3831e+01     3.7426      0.984      1.428    17.4640 0.0000e+00
      1.010      0.021     6.8923     71.886     40.141  34.090515     1.4956      9.152   -59.7574 6.3415e+01     3.7404      0.991      1.437    17.4654 0.0000e+00
      1.016      0.021     6.8974     71.760     40.146  34.097946     1.5127      9.152   -60.1266 6.3063e+01     3.7867      0.997      1.445    17.4620 0.0000e+00
      1.020      0.022     6.9007     71.631     40.150  34.103817     1.5206      9.152   -60.6441 6.3113e+01     3.8583      1.000      1.451    17.4563 0.0000e+00
      1.025      0.024     6.8935     71.518     40.144  34.098063     1.5397      9.152   -60.9374 6.3204e+01     3.9223      1.005      1.458    17.4560 0.0000e+00
      1.031      0.027     6.8810     71.442     40.139  34.091825     1.5694      9.152   -61.0059 6.3266e+01     3.9801      1.011      1.466    17.4584 0.0000e+00
      1.038      0.031     6.8687     71.427     40.144  34.091825     1.6052      9.152   -61.1280 6.3368e+01     3.9767      1.018      1.476    17.4633 0.0000e+00
      1.047      0.034     6.8543     71.472     40.158  34.098055     1.6404      9.152   -61.2954 6.3502e+01     3.9147      1.025      1.487    17.4669 0.0000e+00
      1.057      0.036     6.8440     71.547     40.169  34.103704     1.6534      9.152   -61.3957 6.3468e+01     3.8451      1.037      1.503    17.4664 0.0000e+00
      1.068      0.037     6.8352     71.608     40.161  34.096677     1.6370      9.152   -61.4797 6.3116e+01     3.8523      1.049      1.521    17.4649 0.0000e+00
      1.077      0.037     6.8345     71.624     40.140  34.076538     1.6345      9.151   -61.7097 6.2611e+01     3.9340      1.057      1.534    17.4583 0.0000e+00
      1.086      0.036     6.8420     71.618     40.114  34.050547     1.6557      9.151   -62.0248 6.2031e+01     3.9452      1.065      1.545    17.4485 0.0000e+00
      1.095      0.035     6.8504     71.619     40.102  34.036185     1.6437      9.152   -62.1928 6.1852e+01     3.8165      1.075      1.559    17.4452 0.0000e+00
      1.104      0.035     6.8585     71.598     40.099  34.029775     1.5969      9.152   -62.1916 6.1792e+01     3.6418      1.082      1.570    17.4462 0.0000e+00
      1.112      0.034     6.8588     71.536     40.110  34.036488     1.5733      9.152   -62.0964 6.1277e+01     3.6093      1.090      1.581    17.4438 0.0000e+00
      1.122      0.034     6.8571     71.463     40.134  34.053896     1.5829      9.152   -61.9875 6.0855e+01     3.7303      1.101      1.596    17.4370 0.0000e+00
      1.131      0.033     6.8598     71.377     40.133  34.049915     1.5884      9.151   -61.9936 6.0425e+01     3.8413      1.110      1.610    17.4321 0.0000e+00
      1.140      0.033     6.8601     71.263     40.138  34.051797     1.5641      9.151   -62.0842 5.9796e+01     3.8578      1.118      1.621    17.4287 0.0000e+00
      1.147      0.032     6.8516     71.136     40.168  34.076656     1.5560      9.152   -62.2235 5.9326e+01     3.8958      1.125      1.631    17.4239 0.0000e+00
      1.155      0.030     6.8460     70.972     40.190  34.096691     1.5821      9.152   -62.4727 5.9042e+01     3.9941      1.133      1.643    17.4214 0.0000e+00
      1.163      0.030     6.8400     70.773     40.196  34.103708     1.6128      9.151   -62.6888 5.8960e+01     4.0207      1.141      1.655    17.4175 0.0000e+00
      1.170      0.029     6.8269     70.590     40.188  34.098054     1.6361      9.151   -62.7711 5.8942e+01     3.9443      1.148      1.665    17.4129 0.0000e+00
      1.177      0.027     6.8175     70.449     40.178  34.091777     1.6306      9.151   -62.8651 5.8716e+01     3.8224      1.154      1.674    17.4123 0.0000e+00
      1.185      0.025     6.8015     70.369     40.174  34.091257     1.6302      9.151   -62.9650 5.8424e+01     3.8116      1.162      1.685    17.4153 0.0000e+00
      1.192      0.023     6.7786     70.360     40.172  34.091777     1.6639      9.151   -62.9462 5.8471e+01     3.8467      1.168      1.696    17.4174 0.0000e+00
      1.197      0.021     6.7614     70.385     40.176  34.098064     1.7050      9.151   -62.9817 5.8560e+01     3.8023      1.174      1.703    17.4183 0.0000e+00
      1.201      0.021     6.7465     70.433     40.179  34.103831     1.7112      9.151   -63.2220 5.8464e+01     3.7528      1.178      1.709    17.4215 0.0000e+00
      1.205      0.020     6.7370     70.504     40.169  34.098063     1.6804      9.151   -63.4427 5.8400e+01     3.6593      1.181      1.714    17.4248 0.0000e+00
      1.210      0.020     6.7388     70.565     40.159  34.091774     1.6664      9.151   -63.5001 5.7879e+01     3.6283      1.186      1.719    17.4276 0.0000e+00
      1.216      0.020     6.7404     70.589     40.158  34.091245     1.6669      9.151   -63.5711 5.7023e+01     3.6848      1.192      1.728    17.4310 0.0000e+00
      1.222      0.019     6.7434     70.585     40.158  34.091661     1.6439      9.151   -63.7851 5.6371e+01     3.6596      1.199      1.738    17.4361 0.0000e+00
      1.228      0.017     6.7521     70.575     40.165  34.096804     1.6136      9.151   -64.0231 5.5932e+01     3.5970      1.205      1.747    17.4399 0.0000e+00
      1.232      0.014     6.7583     70.569     40.157  34.089989     1.6084      9.150   -64.1251 5.5924e+01     3.5768      1.209      1.754    17.4412 0.0000e+00
      1.235      0.012     6.7601     70.574     40.134  34.072699     1.6305      9.150   -64.2446 5.6061e+01     3.6538      1.211      1.758    17.4430 0.0000e+00
      1.237      0.011     6.7583     70.578     40.136  34.078098     1.6472      9.149   -64.5218 5.6133e+01     3.7085      1.213      1.759    17.4432 0.0000e+00
      1.237      0.012     6.7581     70.570     40.147  34.091816     1.6360      9.149   -64.6367 5.6263e+01     3.6234      1.213      1.759    17.4409 0.0000e+00
      1.238      0.016     6.7567     70.559     40.167  34.111678     1.6203      9.149   -64.6007 5.6102e+01     3.5813      1.212      1.759    17.4406 0.0000e+00
      1.242      0.022     6.7577     70.554     40.187  34.127927     1.6153      9.150   -64.6899 5.5598e+01     3.7127      1.216      1.764    17.4433 0.0000e+00
      1.249      0.027     6.7576     70.567     40.152  34.097934     1.6178      9.150   -64.8552 5.5076e+01     3.9134      1.225      1.777    17.4492 0.0000e+00
      1.259      0.031     6.7553     70.602     40.115  34.066260     1.6083      9.150   -65.0500 5.4300e+01     3.9586      1.234      1.790    17.4561 0.0000e+00
      1.270      0.035     6.7534     70.656     40.114  34.062185     1.5841      9.149   -65.2382 5.3381e+01     3.8831      1.244      1.805    17.4600 0.0000e+00
      1.280      0.037     6.7528     70.742     40.109  34.048664     1.5997      9.149   -65.4102 5.2896e+01     3.9569      1.255      1.822    17.4582 0.0000e+00
      1.289      0.037     6.7544     70.877     40.104  34.029650     1.6552      9.149   -65.4950 5.2332e+01     4.1340      1.265      1.834    17.4558 0.0000e+00
      1.296      0.035     6.7572     71.011     40.117  34.022615     1.6817      9.149   -65.4027 5.1368e+01     4.2140      1.271      1.842    17.4590 0.0000e+00
      1.306      0.032     6.7633     71.096     40.139  34.027022     1.6610      9.149   -65.3268 5.0273e+01     4.1722      1.279      1.855    17.4548 0.0000e+00
      1.316      0.030     6.7705     71.136     40.138  34.019469     1.5884      9.149   -65.3516 4.9286e+01     4.0043      1.292      1.874    17.4438 0.0000e+00
      1.324      0.028     6.7894     71.154     40.111  33.994724     1.5027      9.150   -65.3589 4.8703e+01     3.8576      1.301      1.888    17.4261 0.0000e+00
      1.329      0.026     6.8080     71.114     40.097  33.981609     1.4827      9.150   -65.3287 4.8330e+01     3.7997      1.303      1.890    17.3978 0.0000e+00
      1.333      0.023     6.8184     70.945     40.109  33.987792     1.4963      9.149   -65.2451 4.7902e+01     3.7482      1.306      1.893    17.3777 0.0000e+00
      1.340      0.021     6.8217     70.673     40.140  34.006031     1.4840      9.149   -65.2072 4.7402e+01     3.7125      1.314      1.906    17.3717 0.0000e+00
      1.346      0.020     6.8238     70.372     40.156  34.011790     1.4583      9.150   -65.3008 4.7086e+01     3.6750      1.322      1.917    17.3718 0.0000e+00
      1.350      0.022     6.8251     70.070     40.141  33.993967     1.4603      9.150   -65.4312 4.6956e+01     3.7051      1.325      1.921    17.3717 0.0000e+00
      1.354      0.026     6.8077     69.789     40.130  33.980863     1.4833      9.150   -65.5789 4.6660e+01     3.7354      1.327      1.924    17.3668 0.0000e+00
      1.358      0.031     6.7794     69.548     40.134  33.980240     1.4783      9.150   -65.7969 4.6246e+01     3.6664      1.331      1.931    17.3544 0.0000e+00
      1.366      0.038     6.7526     69.338     40.147  33.986424     1.4334      9.151   -66.0011 4.5622e+01     3.6209      1.339      1.941    17.3429 0.0000e+00
      1.376      0.046     6.7231     69.177     40.159  33.992181     1.3906      9.151   -66.0692 4.4722e+01     3.6979      1.348      1.955    17.3391 0.0000e+00
      1.391      0.051     6.6953     69.097     40.157  33.986405     1.3926      9.150   -66.1897 4.3671e+01     3.8116      1.363      1.976    17.3354 0.0000e+00
      1.408      0.053     6.6744     69.068     40.153  33.980023     1.4166      9.150   -66.4262 4.2407e+01     3.7665      1.381      2.002    17.3298 0.0000e+00
      1.426      0.051     6.6541     69.003     40.153  33.978454     1.4136      9.150   -66.5189 4.1282e+01     3.6648      1.399      2.029    17.3236 0.0000e+00
      1.440      0.046     6.6377     68.898     40.140  33.967430     1.4068      9.150   -66.6224 4.0578e+01     3.7433      1.415      2.052    17.3173 0.0000e+00
      1.450      0.040     6.6312     68.788     40.145  33.973620     1.4179      9.150   -66.9043 4.0081e+01     3.9293      1.423      2.064    17.3122 0.0000e+00
      1.455      0.035     6.6343     68.643     40.163  33.989865     1.4229      9.150   -67.1733 3.9636e+01     4.0357      1.426      2.069    17.3083 0.0000e+00
      1.461      0.031     6.6282     68.471     40.144  33.973512     1.4002      9.150   -67.3794 3.9079e+01     3.9716      1.432      2.078    17.3058 0.0000e+00
      1.468      0.030     6.6142     68.320     40.139  33.966224     1.3511      9.150   -67.5032 3.8390e+01     3.8371      1.440      2.089    17.3057 0.0000e+00
      1.477      0.030     6.6071     68.208     40.140  33.965184     1.3372      9.149   -67.5526 3.7767e+01     3.8442      1.449      2.102    17.3096 0.0000e+00
      1.486      0.031     6.5918     68.155     40.137  33.960938     1.3576      9.148   -67.5466 3.7211e+01     3.9550      1.457      2.114    17.3125 0.0000e+00
      1.493      0.031     6.5726     68.160     40.159  33.978332     1.3733      9.148   -67.4298 3.6737e+01     4.0148      1.465      2.125    17.3106 0.0000e+00
      1.500      0.031     6.5594     68.185     40.168  33.985157     1.3770      9.148   -67.3456 3.6364e+01     3.9864      1.471      2.134    17.3074 0.0000e+00
      1.508      0.030     6.5475     68.182     40.163  33.980015     1.3606      9.147   -67.4746 3.5883e+01     3.8858      1.478      2.143    17.3044 0.0000e+00
      1.516      0.029     6.5427     68.156     40.163  33.979599     1.3584      9.146   -67.6989 3.5332e+01     3.8568      1.487      2.157    17.3021 0.0000e+00
      1.525      0.029     6.5450     68.152     40.164  33.980128     1.3673      9.146   -67.8214 3.4957e+01     3.9087      1.497      2.171    17.3006 0.0000e+00
      1.532      0.030     6.5494     68.185     40.172  33.986406     1.3681      9.146   -67.9228 3.4682e+01     3.9330      1.503      2.179    17.2993 0.0000e+00
      1.537      0.031     6.5496     68.218     40.181  33.992070     1.3683      9.146   -68.1510 3.4378e+01     3.9116      1.508      2.187    17.2984 0.0000e+00
      1.543      0.033     6.5442     68.230     40.174  33.985158     1.3531      9.146   -68.5147 3.4005e+01     3.8203      1.512      2.194    17.2982 0.0000e+00
      1.552      0.035     6.5434     68.236     40.153  33.966278     1.3334      9.145   -68.8784 3.3493e+01     3.7523      1.521      2.205    17.2979 0.0000e+00
      1.564      0.036     6.5488     68.245     40.139  33.954127     1.3302      9.145   -69.1931 3.2901e+01     3.7043      1.533      2.223    17.2969 0.0000e+00
      1.576      0.036     6.5532     68.245     40.152  33.965133     1.3310      9.144   -69.5666 3.2380e+01     3.6148      1.546      2.242    17.2952 0.0000e+00
      1.587      0.034     6.5536     68.222     40.161  33.972461     1.3265      9.143   -69.7810 3.1994e+01     3.5589      1.557      2.259    17.2935 0.0000e+00
      1.595      0.031     6.5535     68.146     40.169  33.979276     1.3255      9.143   -69.8066 3.1679e+01     3.5406      1.565      2.270    17.2923 0.0000e+00
