Data/DataNotYetUploadedToEDI/Raw_CTD/RawDownloads/101325_fcr30_S7809004.cnv
* Sea-Bird SBE19plus  Data File:
* FileName = C:\R\Reservoirs\Data\DataNotYetUploadedToEDI\Raw_CTD\RawDownloads\101325_fcr50_S7809_0004.hex
* Software version 2.8.0.119
* Temperature SN = 7809
* Conductivity SN = 7809
* System UpLoad Time = Oct 16 2025 15:04:33
* <ApplicationData>
* <Seaterm232>
# nquan = 15
# nvalues = 1256                        
# units = specified
# name 0 = depFM: Depth [fresh water, m]
# name 1 = dz/dtM: Descent Rate [m/s]
# name 2 = sbeox0Mg/L: Oxygen, SBE 43 [mg/l]
# name 3 = sbeox0PS: Oxygen, SBE 43 [% saturation]
# name 4 = specc: Specific Conductance [uS/cm]
# name 5 = c0uS/cm: Conductivity [uS/cm]
# name 6 = flECO-AFL: Fluorescence, WET Labs ECO-AFL/FL [mg/m^3]
# name 7 = ph: pH
# name 8 = orp: Oxidation Reduction Potential [mV]
# name 9 = par/sat/log: PAR/Logarithmic, Satlantic
# name 10 = turbWETntu0: Turbidity, WET Labs ECO [NTU]
# name 11 = prdM: Pressure, Strain Gauge [db]
# name 12 = prdE: Pressure, Strain Gauge [psi]
# name 13 = tv290C: Temperature [ITS-90, deg C]
# name 14 = flag:  0.000e+00
# span 0 =     -0.682,      5.103       
# span 1 =     -0.228,      0.323       
# span 2 =    -0.3482,     9.2640       
# span 3 =     -3.209,     97.496       
# span 4 =      0.760,     79.858       
# span 5 =   0.664711,  64.064287       
# span 6 =    -0.0639,     2.3103       
# span 7 =     -2.273,      9.053       
# span 8 = -1240.7455,   152.3240       
# span 9 = 1.2356e-01, 7.3082e+02       
# span 10 =     1.1134,   143.9226      
# span 11 =     -0.669,      5.005      
# span 12 =     -0.971,      7.259      
# span 13 =    13.1567,    18.6847      
# span 14 = 0.0000e+00, 0.0000e+00      
# interval = seconds: 0.25
# start_time = Oct 13 2025 13:16:22 [Instrument's time stamp, header]
# bad_flag = -9.990e-29
*END*
[from data line 482]
      0.462      0.001     6.6804     69.684     40.779  34.776345     1.2247      9.010   142.0113 9.0330e+01     3.6261      0.453      0.657    17.6517 0.0000e+00
      0.462      0.000     6.6808     69.566     40.763  34.763855     1.2226      9.010   142.1133 9.0491e+01     3.5571      0.453      0.657    17.6480 0.0000e+00
      0.461 4.3150e-07     6.6773     69.430     40.775  34.776344     1.2441      9.010   142.2125 9.1238e+01     3.6803      0.452      0.656    17.6389 0.0000e+00
      0.461      0.000     6.6596     69.344     40.801  34.800455     1.2438      9.011   142.3505 9.1650e+01     3.6810      0.452      0.656    17.6349 0.0000e+00
      0.461      0.000     6.6424     69.334     40.799  34.801588     1.2194      9.011   142.4913 9.1608e+01     3.5658      0.452      0.655    17.6354 0.0000e+00
      0.461      0.001     6.6383     69.354     40.781  34.790051     1.1985      9.012   142.5378 9.1860e+01     3.5169      0.452      0.656    17.6371 0.0000e+00
      0.462      0.001     6.6181     69.439     40.776  34.787868     1.2075      9.012   142.4826 9.2293e+01     3.6023      0.453      0.657    17.6395 0.0000e+00
      0.462      0.002     6.6083     69.556     40.763  34.775189     1.2374      9.012   142.4261 9.2316e+01     3.7781      0.453      0.657    17.6417 0.0000e+00
      0.462      0.002     6.6124     69.577     40.753  34.763647     1.2428      9.013   142.4574 9.2228e+01     3.8663      0.453      0.657    17.6456 0.0000e+00
      0.463      0.002     6.6092     69.554     40.773  34.775192     1.2225      9.013   142.6024 9.2410e+01     3.8139      0.454      0.658    17.6513 0.0000e+00
      0.464      0.002     6.6159     69.564     40.798  34.787881     1.2088      9.013   142.7168 9.2383e+01     3.7597      0.455      0.660    17.6552 0.0000e+00
      0.464      0.002     6.6384     69.571     40.811  34.790171     1.2357      9.014   142.7220 9.2064e+01     3.8263      0.455      0.660    17.6525 0.0000e+00
      0.464      0.002     6.6350     69.581     40.836  34.802862     1.2900      9.014   142.7511 9.1955e+01     3.9020      0.455      0.661    17.6476 0.0000e+00
      0.464      0.002     6.6290     69.590     40.859  34.814418     1.2994      9.014   142.8967 9.2265e+01     3.8553      0.455      0.661    17.6416 0.0000e+00
      0.464      0.002     6.6372     69.570     40.853  34.802988     1.2661      9.014   143.0198 9.2682e+01     3.8419      0.455      0.660    17.6308 0.0000e+00
      0.465      0.002     6.6360     69.513     40.845  34.791558     1.2531      9.014   143.0352 9.2437e+01     3.8766      0.456      0.662    17.6196 0.0000e+00
      0.466      0.001     6.6399     69.460     40.864  34.803103     1.2758      9.013   142.9970 9.2239e+01     3.8992      0.457      0.663    17.6084 0.0000e+00
      0.466      0.000     6.6427     69.424     40.881  34.815678     1.3063      9.012   142.9879 9.2771e+01     3.9098      0.458      0.665    17.5977 0.0000e+00
      0.466     -0.001     6.6431     69.361     40.882  34.816709     1.3065      9.012   143.0965 9.3578e+01     3.8343      0.458      0.665    17.5906 0.0000e+00
      0.465     -0.002     6.6362     69.285     40.883  34.815565     1.2783      9.012   143.1920 9.4137e+01     3.8055      0.456      0.662    17.5856 0.0000e+00
      0.464     -0.002     6.6298     69.207     40.872  34.801846     1.2728      9.012   143.1955 9.4251e+01     3.9033      0.454      0.660    17.5797 0.0000e+00
      0.463     -0.002     6.6319     69.124     40.851  34.777717     1.3073      9.012   143.2259 9.4551e+01     3.9920      0.453      0.658    17.5767 0.0000e+00
      0.463     -0.002     6.6226     69.083     40.861  34.777613     1.3373      9.012   143.3013 9.4829e+01     3.9570      0.454      0.658    17.5788 0.0000e+00
      0.463     -0.002     6.6153     69.088     40.895  34.800581     1.3273      9.012   143.4187 9.4826e+01     3.8550      0.454      0.659    17.5771 0.0000e+00
      0.463     -0.002     6.6105     69.088     40.900  34.801621     1.3201      9.012   143.5267 9.5442e+01     3.9205      0.455      0.660    17.5714 0.0000e+00
      0.462     -0.002     6.5997     69.047     40.889  34.790179     1.3502      9.012   143.5750 9.6712e+01     4.1344      0.454      0.659    17.5635 0.0000e+00
      0.460     -0.001     6.5981     68.972     40.890  34.789131     1.3584      9.012   143.6589 9.7676e+01     4.1860      0.451      0.654    17.5506 0.0000e+00
      0.459     -0.001     6.6019     68.886     40.891  34.788941     1.3352      9.012   143.7657 9.7449e+01     4.0665      0.449      0.651    17.5427 0.0000e+00
      0.460     -0.000     6.6038     68.795     40.891  34.787883     1.3189      9.012   143.7477 9.7060e+01     4.0220      0.451      0.653    17.5407 0.0000e+00
      0.461      0.000     6.5994     68.727     40.877  34.776347     1.3124      9.012   143.7003 9.7894e+01     4.0918      0.453      0.657    17.5381 0.0000e+00
      0.462      0.000     6.5912     68.697     40.876  34.776347     1.3227      9.012   143.7948 9.8536e+01     4.1926      0.453      0.658    17.5356 0.0000e+00
      0.463     -0.001     6.5842     68.686     40.891  34.787883     1.3191      9.012   143.9440 9.8501e+01     4.2164      0.454      0.658    17.5341 0.0000e+00
      0.463     -0.003     6.5739     68.686     40.900  34.788931     1.3015      9.012   144.0410 9.8639e+01     4.0714      0.454      0.659    17.5335 0.0000e+00
      0.461     -0.003     6.5665     68.714     40.912  34.789019     1.3095      9.012   144.1079 9.9634e+01     3.8751      0.453      0.657    17.5330 0.0000e+00
      0.458     -0.003     6.5650     68.754     40.923  34.788935     1.3327      9.012   144.1502 1.0208e+02     3.8585      0.449      0.652    17.5355 0.0000e+00
      0.457     -0.003     6.5640     68.758     40.929  34.787897     1.3577      9.012   144.2084 1.0294e+02     4.0073      0.447      0.648    17.5356 0.0000e+00
      0.457     -0.008     6.5640     68.707     40.916  34.776466     1.3613      9.012   144.2954 1.0118e+02     4.0348      0.447      0.648    17.5270 0.0000e+00
      0.459     -0.021     6.5688     68.592     40.912  34.777618     1.3511      9.012   144.0827 1.0051e+02     3.9175      0.450      0.653    17.5138 0.0000e+00
      0.459     -0.047     6.5774     68.434     40.931  34.801833     1.3512      9.011   143.4440 1.0172e+02     3.8530      0.452      0.656    17.5001 0.0000e+00
      0.453     -0.092     6.5788     68.315     40.929  34.815465     1.3546      9.008   143.1119 1.0536e+02     3.8697      0.448      0.649    17.4909 0.0000e+00
      0.435     -0.147     6.5740     68.274     40.907  34.815567     1.3674      9.007   142.9924 1.1381e+02     3.9485      0.432      0.627    17.4918 0.0000e+00
      0.400     -0.195     6.5630     68.300     40.875  34.803093     1.3643      9.006   142.2574 1.2914e+02     3.9514      0.402      0.584    17.4975 0.0000e+00
      0.333     -0.224     6.5419     68.394     40.856  34.791567     1.3501      9.006   141.6244 1.5953e+02     3.9049      0.342      0.496    17.5044 0.0000e+00
      0.234     -0.228     6.5270     68.537     40.881  34.803105     1.3624      9.006   141.5337 1.9918e+02     3.9666      0.229      0.332    17.5244 0.0000e+00
      0.139     -0.205     6.5214     68.712     40.916  34.815691     1.3720      9.006   141.4189 2.2361e+02     4.0141      0.118      0.171    17.5519 0.0000e+00
      0.084     -0.163     6.5189     68.892     40.936  34.816827     1.3580      9.006   141.2699 2.3421e+02     4.0018      0.070      0.102    17.5740 0.0000e+00
      0.065     -0.112     6.5291     69.008     40.949  34.816818     1.3425      9.006   141.1941 2.4256e+02     3.9882      0.058      0.084    17.5806 0.0000e+00
      0.065     -0.067     6.5448     69.001     40.956  34.815569     1.3423      9.006   141.1042 2.4231e+02     4.0546      0.059      0.086    17.5646 0.0000e+00
      0.074     -0.042     6.5654     68.896     40.945  34.801718     1.3558      9.006   141.0432 2.3543e+02     4.2239      0.074      0.108    17.5399 0.0000e+00
      0.076     -0.038     6.5880     68.766     40.915  34.776235     1.3473      9.006   141.0601 2.3242e+02     4.2585      0.082      0.119    17.5202 0.0000e+00
      0.062     -0.048     6.6037     68.657     40.892  34.761249     1.3067      9.006   140.9642 2.3946e+02     4.1320      0.064      0.093    17.5064 0.0000e+00
      0.037     -0.063     6.6034     68.581     40.865  34.747414     1.2812      9.006   140.7438 2.5778e+02     4.0602      0.035      0.050    17.4975 0.0000e+00
      0.012     -0.075     6.5900     68.511     40.836  34.735876     1.2793      9.006   140.5457 2.7384e+02     4.0739      0.008      0.013    17.4931 0.0000e+00
     -0.008     -0.082     6.5773     68.445     40.828  34.748657     1.2758      9.005   140.3758 2.7252e+02     4.0586     -0.008     -0.012    17.4915 0.0000e+00
     -0.025     -0.082     6.5645     68.430     40.826  34.775071     1.2563      9.005   140.3244 2.7901e+02     3.9097     -0.023     -0.033    17.4976 0.0000e+00
     -0.045     -0.077     6.5579     68.492     40.830  34.801486     1.2265      9.006   140.2687 3.0802e+02     3.7762     -0.045     -0.064    17.5104 0.0000e+00
     -0.067     -0.072     6.5498     68.636     40.843  34.814289     1.2155      9.006   140.0468 3.3414e+02     3.7770     -0.065     -0.094    17.5231 0.0000e+00
     -0.089     -0.065     6.5377     68.827     40.844  34.802973     1.2226      9.006   139.9639 3.6148e+02     3.7827     -0.090     -0.130    17.5440 0.0000e+00
     -0.105     -0.054     6.5305     69.030     40.845  34.791553     1.2373      9.006   140.0411 3.9995e+02     3.7771     -0.107     -0.154    17.5858 0.0000e+00
     -0.117     -0.039     6.5302     69.215     40.871  34.803090     1.2432      9.007   140.0331 4.2883e+02     3.7770     -0.112     -0.163    17.6261 0.0000e+00
     -0.129     -0.024     6.5460     69.337     40.895  34.815554     1.2191      9.008   139.9537 4.3566e+02     3.7815     -0.129     -0.187    17.6225 0.0000e+00
     -0.134     -0.009     6.5694     69.380     40.897  34.815345     1.2045      9.009   139.9421 4.3999e+02     3.8310     -0.135     -0.196    17.5978 0.0000e+00
     -0.129      0.001     6.5895     69.352     40.879  34.800566     1.2405      9.010   140.0645 4.3457e+02     3.9665     -0.126     -0.182    17.5871 0.0000e+00
     -0.122      0.007     6.6126     69.277     40.832  34.763756     1.2969      9.010   140.1421 4.2345e+02     4.0872     -0.119     -0.172    17.5716 0.0000e+00
     -0.117      0.010     6.6257     69.182     40.809  34.750961     1.3121      9.010   140.1065 4.3343e+02     4.0612     -0.113     -0.165    17.5596 0.0000e+00
     -0.114      0.009     6.6296     69.095     40.824  34.772773     1.2831      9.010   140.0642 4.3784e+02     4.0616     -0.111     -0.162    17.5595 0.0000e+00
     -0.113      0.006     6.6264     69.056     40.814  34.773706     1.2457      9.010   140.0616 4.4095e+02     4.0586     -0.111     -0.161    17.5599 0.0000e+00
     -0.113      0.002     6.6167     69.085     40.794  34.762254     1.2178      9.011   140.0743 4.5896e+02     3.8878     -0.111     -0.161    17.5643 0.0000e+00
     -0.114      0.000     6.6071     69.162     40.791  34.761212     1.2128      9.012   140.0458 4.8344e+02     3.7043     -0.111     -0.162    17.5721 0.0000e+00
     -0.115      0.000     6.5947     69.260     40.790  34.761108     1.2005      9.013   139.9753 5.1873e+02     3.5828     -0.113     -0.164    17.5832 0.0000e+00
     -0.115      0.001     6.5884     69.350     40.786  34.760994     1.1776      9.014   139.9100 5.6232e+02     3.5800     -0.113     -0.164    17.5974 0.0000e+00
     -0.114      0.003     6.5914     69.428     40.776  34.759838     1.1862      9.014   139.9441 5.9651e+02     3.7049     -0.112     -0.162    17.6052 0.0000e+00
     -0.114      0.006     6.5995     69.514     40.746  34.747138     1.2050      9.015   140.0439 6.1026e+02     3.7596     -0.112     -0.162    17.6049 0.0000e+00
     -0.113      0.007     6.6098     69.601     40.706  34.734341     1.2054      9.015   140.0844 6.1199e+02     3.6951     -0.110     -0.160    17.6048 0.0000e+00
     -0.110      0.007     6.6189     69.694     40.676  34.732040     1.1904      9.014   140.0895 6.0340e+02     3.6083     -0.108     -0.156    17.6088 0.0000e+00
     -0.106      0.006     6.6224     69.787     40.644  34.719349     1.1821      9.014   140.1063 6.0924e+02     3.6324     -0.104     -0.150    17.6171 0.0000e+00
     -0.103      0.004     6.6310     69.857     40.624  34.707803     1.1958      9.015   140.2004 6.5518e+02     3.7471     -0.100     -0.145    17.6301 0.0000e+00
     -0.102      0.001     6.6345     69.946     40.633  34.719347     1.1982      9.015   140.2813 7.1360e+02     3.7309     -0.099     -0.144    17.6578 0.0000e+00
     -0.103     -0.001     6.6372     70.066     40.646  34.732036     1.1786      9.016   140.1380 7.3082e+02     3.6074     -0.102     -0.147    17.6957 0.0000e+00
     -0.105     -0.003     6.6478     70.184     40.651  34.734322     1.1656      9.016   140.0160 7.0374e+02     3.5526     -0.104     -0.150    17.7132 0.0000e+00
     -0.107     -0.003     6.6496     70.265     40.664  34.746986     1.1746      9.016   140.0969 6.8581e+02     3.6149     -0.105     -0.153    17.7126 0.0000e+00
     -0.108     -0.002     6.6585     70.315     40.669  34.758269     1.1962      9.016   140.1702 6.8132e+02     3.7452     -0.107     -0.156    17.7192 0.0000e+00
     -0.107      0.000     6.6699     70.355     40.642  34.743864     1.1937      9.017   140.2142 6.6615e+02     3.7623     -0.106     -0.154    17.7237 0.0000e+00
     -0.106      0.001     6.6841     70.380     40.585  34.699713     1.1697      9.017   140.2837 6.5798e+02     3.6844     -0.103     -0.150    17.7152 0.0000e+00
     -0.105      0.002     6.6914     70.410     40.546  34.668576     1.1632      9.017   140.3227 6.3955e+02     3.6578     -0.103     -0.149    17.7161 0.0000e+00
     -0.105      0.002     6.6924     70.440     40.563  34.684622     1.1736      9.017   140.3418 6.0414e+02     3.6794     -0.104     -0.150    17.7295 0.0000e+00
     -0.105      0.002     6.6967     70.465     40.584  34.703384     1.1866      9.018   140.3426 5.9530e+02     3.7745     -0.103     -0.149    17.7411 0.0000e+00
     -0.105      0.002     6.6959     70.507     40.586  34.705090     1.1712      9.019   140.3328 5.9628e+02     3.8174     -0.103     -0.149    17.7462 0.0000e+00
     -0.105      0.003     6.6997     70.580     40.586  34.705245     1.1289      9.019   140.3957 5.8851e+02     3.7547     -0.104     -0.151    17.7474 0.0000e+00
     -0.104      0.003     6.7025     70.633     40.583  34.705269     1.1168      9.019   140.5012 5.6489e+02     3.7335     -0.102     -0.149    17.7500 0.0000e+00
     -0.103      0.003     6.7039     70.607     40.577  34.705384     1.1326      9.020   140.5750 5.2424e+02     3.7654     -0.101     -0.147    17.7509 0.0000e+00
     -0.101     -0.001     6.7063     70.505     40.571  34.706641     1.1287      9.021   140.6856 5.1262e+02     3.7312     -0.099     -0.144    17.7507 0.0000e+00
     -0.099     -0.006     6.7161     70.388     40.583  34.720473     1.1027      9.021   140.8924 5.4602e+02     3.5934     -0.097     -0.141    17.7495 0.0000e+00
     -0.098     -0.009     6.7237     70.315     40.612  34.745737     1.1009      9.022   141.0104 5.7675e+02     3.5677     -0.095     -0.139    17.7506 0.0000e+00
     -0.103     -0.006     6.7195     70.312     40.628  34.758322     1.1234      9.022   140.9075 5.6236e+02     3.6938     -0.098     -0.143    17.7601 0.0000e+00
     -0.112      0.004     6.7060     70.381     40.613  34.745736     1.1341      9.023   140.7670 5.4760e+02     3.7515     -0.110     -0.160    17.7700 0.0000e+00
