Data/DataNotYetUploadedToEDI/Raw_CTD/RawDownloads/101325_fcr40_S7809005.cnv
* Sea-Bird SBE19plus  Data File:
* FileName = C:\R\Reservoirs\Data\DataNotYetUploadedToEDI\Raw_CTD\RawDownloads\101325_fcr50_S7809_0005.hex
* Software version 2.8.0.119
* Temperature SN = 7809
* Conductivity SN = 7809
* System UpLoad Time = Oct 16 2025 15:05:09
* <ApplicationData>
* <Seaterm232>
# nquan = 15
# nvalues = 1015                        
# units = specified
# name 0 = depFM: Depth [fresh water, m]
# name 1 = dz/dtM: Descent Rate [m/s]
# name 2 = sbeox0Mg/L: Oxygen, SBE 43 [mg/l]
# name 3 = sbeox0PS: Oxygen, SBE 43 [% saturation]
# name 4 = specc: Specific Conductance [uS/cm]
# name 5 = c0uS/cm: Conductivity [uS/cm]
# name 6 = flECO-AFL: Fluorescence, WET Labs ECO-AFL/FL [mg/m^3]
# name 7 = ph: pH
# name 8 = orp: Oxidation Reduction Potential [mV]
# name 9 = par/sat/log: PAR/Logarithmic, Satlantic
# name 10 = turbWETntu0: Turbidity, WET Labs ECO [NTU]
# name 11 = prdM: Pressure, Strain Gauge [db]
# name 12 = prdE: Pressure, Strain Gauge [psi]
# name 13 = tv290C: Temperature [ITS-90, deg C]
# name 14 = flag:  0.000e+00
# span 0 =     -0.676,      5.620       
# span 1 =     -0.198,      0.333       
# span 2 =     0.2110,     9.4356       
# span 3 =      2.178,     98.899       
# span 4 =      1.223,     69.173       
# span 5 =   1.027578,  56.934372       
# span 6 =    -1.0256,     2.2946       
# span 7 =      8.468,      9.192       
# span 8 =  -149.1663,   151.6393       
# span 9 = 1.2366e-01, 1.8714e+03       
# span 10 =     1.2064,    39.3777      
# span 11 =     -0.664,      5.512      
# span 12 =     -0.962,      7.995      
# span 13 =    13.1423,    17.7028      
# span 14 = 0.0000e+00, 0.0000e+00      
# interval = seconds: 0.25
# start_time = Oct 13 2025 13:27:22 [Instrument's time stamp, header]
# bad_flag = -9.990e-29
*END*
     -0.675 7.1470e-15     8.9084     92.259      1.238   1.040438     0.6130      9.046   131.7906 5.9730e+01     1.2490     -0.662     -0.960    17.0095 0.0000e+00
     -0.675 7.8617e-14     8.9135     92.275      1.253   1.052059     0.5994      9.060   135.8122 6.4267e+01     1.3305     -0.662     -0.961    17.0084 0.0000e+00
     -0.675 8.6479e-13     8.9180     92.286      1.268   1.064529     0.5709      9.067   139.6784 6.8276e+01     1.4816     -0.662     -0.961    17.0074 0.0000e+00
     -0.675 9.5127e-12     8.9154     92.284      1.268   1.064530     0.3765      9.065   143.6047 6.7586e+01     1.9831     -0.662     -0.961    17.0065 0.0000e+00
     -0.675 1.0464e-10     8.9140     92.278      1.253   1.052070     0.0310      9.055   148.2667 6.9231e+01     2.8848     -0.663     -0.961    17.0054 0.0000e+00
     -0.675 1.1510e-09     8.9176     92.274      1.239   1.040552    -0.1449      9.038   151.5642 7.6921e+01     3.4339     -0.662     -0.961    17.0044 0.0000e+00
     -0.675 1.2661e-08     8.9191     92.285      1.252   1.051957    -0.1439      9.025   151.6393 8.9921e+01     3.4994     -0.662     -0.961    17.0033 0.0000e+00
     -0.675 1.3928e-07     8.9180     92.307      1.266   1.063281    -0.1733      9.021   144.3569 1.1343e+02     2.9244     -0.663     -0.961    17.0022 0.0000e+00
     -0.675      0.000     8.9187     92.332      1.251   1.050788    -0.2672      9.019   131.0544 1.4159e+02     1.8109     -0.662     -0.961    17.0012 0.0000e+00
     -0.675      0.000     8.9165     92.335      1.223   1.027578    -0.3388      9.019   117.3627 1.5925e+02     1.2064     -0.662     -0.961    17.0004 0.0000e+00
     -0.675      0.000     8.9191     92.307      1.233   1.036024    -0.3563      9.025    96.2556 1.7354e+02     1.3543     -0.662     -0.960    16.9989 0.0000e+00
     -0.675      0.002     8.9207     92.270      1.673   1.406271    -0.5201      9.048    35.8841 2.8115e+02     3.2914     -0.662     -0.961    16.9985 0.0000e+00
     -0.676      0.012     8.9250     92.259      6.693   5.630882    -0.8542      9.094   -35.0886 4.9580e+02     6.7622     -0.662     -0.960    16.9971 0.0000e+00
     -0.676      0.042     8.9259     92.290     19.722  16.630822    -1.0256      9.139   -47.0556 6.7848e+02     8.6819     -0.663     -0.962    16.9979 0.0000e+00
     -0.675      0.089     8.9216     92.285     33.166  28.050935    -0.9699      9.163   -32.6637 9.1586e+02     8.8081     -0.662     -0.961    16.9952 0.0000e+00
     -0.669      0.145     8.9180     92.239     39.057  33.141176    -0.4795      9.177   -30.8332 1.3059e+03     7.5029     -0.664     -0.962    16.9975 0.0000e+00
     -0.633      0.204     8.9143     92.289     40.004  34.036342     0.3925      9.186   -29.4822 1.6264e+03     5.0269     -0.644     -0.934    16.9912 0.0000e+00
     -0.552      0.261     8.9128     92.498     40.029  34.116257     0.8669      9.189   -23.5558 1.7299e+03     3.6701     -0.547     -0.793    17.0461 0.0000e+00
     -0.452      0.307     8.8766     92.876     39.907  34.044038     0.9208      9.191   -18.1148 1.7422e+03     3.6007     -0.433     -0.628    17.2459 0.0000e+00
     -0.362      0.333     8.8274     93.446     39.823  33.987978     1.0022      9.192   -24.0963 1.8189e+03     3.7097     -0.356     -0.518    17.4397 0.0000e+00
     -0.273      0.332     8.8117     94.182     39.842  34.009453     1.1190      9.191   -33.8423 1.8714e+03     3.7239     -0.271     -0.394    17.5509 0.0000e+00
     -0.179      0.307     8.8193     95.031     39.888  34.049913     1.1666      9.191   -38.7287 1.4406e+03     3.7042     -0.171     -0.248    17.6220 0.0000e+00
     -0.095      0.271     8.8461     95.924     39.944  34.096514     1.1619      9.192   -41.5343 6.1542e+02     3.7111     -0.085     -0.124    17.6575 0.0000e+00
     -0.029      0.231     8.8997     96.760     39.985  34.128781     1.1538      9.192   -44.4477 1.5297e+02     3.6356     -0.025     -0.036    17.6727 0.0000e+00
      0.022      0.189     8.9706     97.466     39.980  34.122822     1.1601      9.192   -47.9709 8.8913e+01     3.6113      0.027      0.038    17.6782 0.0000e+00
      0.059      0.149     9.0530     98.026     39.940  34.087907     1.1890      9.191   -51.3524 7.4179e+01     3.7249      0.062      0.090    17.6787 0.0000e+00
      0.084      0.117     9.1428     98.420     39.866  34.023847     1.2034      9.188   -53.9287 6.6244e+01     3.8822      0.083      0.120    17.6754 0.0000e+00
      0.105      0.094     9.2260     98.651     39.821  33.982725     1.2172      9.186   -55.9767 6.2066e+01     4.0092      0.104      0.151    17.6732 0.0000e+00
      0.124      0.076     9.2930     98.784     39.816  33.971377     1.2314      9.186   -57.9600 5.9350e+01     4.0996      0.122      0.177    17.6709 0.0000e+00
      0.144      0.063     9.3477     98.866     39.805  33.950071     1.2086      9.185   -59.9260 5.7700e+01     4.1216      0.142      0.205    17.6693 0.0000e+00
      0.162      0.053     9.3863     98.899     39.776  33.915436     1.1741      9.183   -61.8507 5.7793e+01     4.0706      0.161      0.234    17.6683 0.0000e+00
      0.173      0.045     9.4049     98.889     39.731  33.869823     1.1646      9.183   -63.6796 5.8878e+01     4.0971      0.173      0.250    17.6674 0.0000e+00
      0.179      0.037     9.4177     98.863     39.706  33.842667     1.1683      9.182   -65.2615 6.0094e+01     4.1347      0.174      0.252    17.6587 0.0000e+00
      0.185      0.028     9.4296     98.828     39.711  33.840872     1.1438      9.181   -66.6082 6.0970e+01     4.0123      0.180      0.260    17.6407 0.0000e+00
      0.195      0.022     9.4356     98.791     39.728  33.848104     1.1009      9.181   -67.9169 6.1926e+01     3.8816      0.192      0.279    17.6268 0.0000e+00
      0.201      0.017     9.4346     98.766     39.756  33.866656     1.0832      9.181   -69.2980 6.2367e+01     3.8529      0.198      0.288    17.6183 0.0000e+00
      0.202      0.013     9.4330     98.722     39.767  33.874838     1.0963      9.180   -70.6590 6.1735e+01     3.9375      0.199      0.289    17.6131 0.0000e+00
      0.202      0.009     9.4319     98.656     39.776  33.883594     1.1267      9.179   -71.8977 6.0698e+01     4.1193      0.198      0.288    17.6062 0.0000e+00
      0.203      0.007     9.4281     98.598     39.801  33.909077     1.1334      9.179   -72.8308 5.9329e+01     4.1724      0.199      0.289    17.5948 0.0000e+00
      0.204      0.007     9.4296     98.535     39.817  33.929179     1.1104      9.178   -73.4240 5.7907e+01     4.1009      0.201      0.291    17.5883 0.0000e+00
      0.207      0.009     9.4262     98.467     39.818  33.936316     1.0993      9.177   -73.9936 5.6722e+01     4.0067      0.203      0.295    17.5870 0.0000e+00
      0.209      0.012     9.4165     98.415     39.808  33.931942     1.1065      9.176   -74.5549 5.6169e+01     3.9208      0.205      0.297    17.5881 0.0000e+00
      0.212      0.014     9.4126     98.402     39.813  33.939746     1.1227      9.177   -74.8764 5.6410e+01     3.9163      0.207      0.300    17.5936 0.0000e+00
      0.216      0.016     9.4038     98.427     39.842  33.967223     1.1210      9.177   -74.8698 5.6354e+01     3.8843      0.212      0.307    17.6030 0.0000e+00
      0.222      0.020     9.3950     98.489     39.887  34.010394     1.1020      9.176   -74.6466 5.6337e+01     3.8416      0.218      0.316    17.6114 0.0000e+00
      0.227      0.033     9.3883     98.592     39.963  34.081061     1.0929      9.175   -74.4149 5.6256e+01     3.8785      0.222      0.322    17.6155 0.0000e+00
      0.231      0.063     9.3863     98.697     40.005  34.123760     1.0937      9.176   -74.1333 5.5589e+01     3.9206      0.228      0.329    17.6184 0.0000e+00
      0.235      0.110     9.3894     98.759     39.948  34.082546     1.1127      9.178   -73.9956 5.4971e+01     3.9061      0.230      0.332    17.6229 0.0000e+00
      0.250      0.161     9.3910     98.456     39.878  34.026877     1.1312      9.178   -74.2981 5.3684e+01     3.8746      0.236      0.342    17.6288 0.0000e+00
      0.293      0.202     9.4046     97.317     39.877  34.021680     1.1842      9.177   -74.7794 5.0708e+01     3.9151      0.271      0.392    17.6356 0.0000e+00
      0.378      0.225     9.4100     95.599     39.894  34.019708     1.2951      9.176   -75.2551 4.6618e+01     3.9861      0.362      0.525    17.6452 0.0000e+00
      0.479      0.224     9.4211     94.014     39.899  34.003003     1.3655      9.176   -75.7477 4.3419e+01     4.0151      0.482      0.699    17.6546 0.0000e+00
      0.558      0.198     9.4229     92.880     39.925  34.010009     1.3778      9.175   -76.0896 4.1874e+01     3.9928      0.560      0.813    17.6630 0.0000e+00
      0.601      0.150     9.3006     92.176     39.970  34.040953     1.3685      9.175   -76.1195 4.0727e+01     3.8541      0.599      0.868    17.6613 0.0000e+00
      0.617      0.094     9.1053     91.707     39.992  34.059910     1.3616      9.174   -75.7647 3.9421e+01     3.7383      0.611      0.886    17.6354 0.0000e+00
      0.618      0.045     8.9556     90.963     39.974  34.048885     1.3778      9.173   -75.3273 3.8329e+01     3.7883      0.607      0.881    17.6037 0.0000e+00
      0.613      0.016     8.8528     89.334     39.951  34.034541     1.3724      9.171   -74.9603 3.7922e+01     3.7754      0.600      0.871    17.5844 0.0000e+00
      0.608      0.004     8.7902     86.555     39.921  34.013382     1.3214      9.170   -74.5969 3.8090e+01     3.6500      0.594      0.861    17.5756 0.0000e+00
      0.608      0.003     8.7643     82.856     39.882  33.983391     1.2771      9.169   -74.3750 3.8402e+01     3.6045      0.595      0.863    17.5770 0.0000e+00
      0.613      0.005     8.7174     78.765     39.887  33.989150     1.2860      9.168   -74.2569 3.9022e+01     3.6693      0.600      0.871    17.5847 0.0000e+00
      0.618      0.006     8.5697     74.777     39.923  34.019566     1.3210      9.167   -74.2877 3.9869e+01     3.7853      0.608      0.881    17.5922 0.0000e+00
      0.622      0.005     8.2944     71.207     39.939  34.033930     1.3347      9.166   -74.4885 4.0543e+01     3.8104      0.612      0.887    17.5975 0.0000e+00
      0.622      0.002     7.9197     68.245     39.940  34.035925     1.3267      9.165   -74.7055 4.0898e+01     3.7680      0.611      0.886    17.6010 0.0000e+00
      0.619     -0.002     7.5116     65.998     39.948  34.043697     1.3238      9.164   -74.8466 4.0765e+01     3.7517      0.607      0.881    17.6030 0.0000e+00
      0.617     -0.003     7.1219     64.448     39.971  34.064461     1.3410      9.163   -74.9047 4.0357e+01     3.7152      0.604      0.877    17.6032 0.0000e+00
      0.616     -0.002     6.7753     63.452     40.008  34.096640     1.3522      9.164   -74.8917 3.9933e+01     3.6683      0.604      0.876    17.6030 0.0000e+00
      0.615      0.001     6.4877     62.768     40.030  34.115550     1.3094      9.164   -74.6890 3.9320e+01     3.5947      0.604      0.876    17.6044 0.0000e+00
      0.615      0.009     6.2742     62.196     40.014  34.102757     1.2396      9.163   -74.4334 3.8671e+01     3.6106      0.603      0.874    17.6063 0.0000e+00
      0.617      0.021     6.1305     61.676     39.972  34.068862     1.2075      9.163   -74.3824 3.8251e+01     3.6899      0.604      0.876    17.6077 0.0000e+00
      0.621      0.035     6.0452     61.311     39.912  34.022953     1.2205      9.163   -74.3305 3.7923e+01     3.6996      0.608      0.882    17.6082 0.0000e+00
      0.628      0.046     5.9875     61.312     39.869  33.991798     1.2552      9.163   -74.1503 3.7852e+01     3.6938      0.612      0.888    17.6073 0.0000e+00
      0.644      0.055     5.9341     61.734     39.885  34.009400     1.2771      9.162   -73.9240 3.7660e+01     3.6203      0.626      0.907    17.6087 0.0000e+00
      0.669      0.062     5.8820     62.465     39.925  34.045449     1.2776      9.162   -73.7452 3.6845e+01     3.5964      0.659      0.956    17.6122 0.0000e+00
      0.691      0.068     5.8348     63.447     39.926  34.046998     1.2868      9.162   -73.7959 3.6317e+01     3.7115      0.684      0.992    17.6177 0.0000e+00
      0.703      0.071     5.8325     64.607     39.902  34.028127     1.2882      9.162   -74.0202 3.6037e+01     3.7824      0.689      0.998    17.6263 0.0000e+00
      0.715      0.069     5.8796     65.723     39.877  34.007611     1.2536      9.162   -74.2201 3.5515e+01     3.7360      0.697      1.011    17.6317 0.0000e+00
      0.735      0.064     5.9493     66.537     39.855  33.989280     1.2180      9.161   -74.3198 3.5119e+01     3.6286      0.719      1.043    17.6332 0.0000e+00
      0.758      0.057     6.0428     66.877     39.863  33.996815     1.2070      9.161   -74.3655 3.4573e+01     3.6114      0.746      1.082    17.6340 0.0000e+00
      0.777      0.048     6.1636     66.750     39.908  34.035275     1.2197      9.160   -74.4288 3.3962e+01     3.6996      0.765      1.109    17.6350 0.0000e+00
      0.789      0.034     6.2780     66.284     39.953  34.073632     1.2307      9.159   -74.4823 3.3538e+01     3.7038      0.775      1.125    17.6369 0.0000e+00
      0.794      0.019     6.3628     65.618     39.961  34.079919     1.2150      9.159   -74.3247 3.2996e+01     3.5938      0.781      1.132    17.6380 0.0000e+00
      0.793      0.007     6.3948     64.907     39.924  34.047848     1.2055      9.159   -73.8992 3.2432e+01     3.4970      0.780      1.130    17.6376 0.0000e+00
      0.789      0.000     6.3757     64.254     39.873  34.003090     1.2396      9.158   -73.4680 3.2115e+01     3.4892      0.774      1.123    17.6373 0.0000e+00
      0.784     -0.002     6.3292     63.707     39.851  33.982859     1.2950      9.158   -73.2409 3.1966e+01     3.5340      0.768      1.113    17.6375 0.0000e+00
      0.782     -0.002     6.2579     63.261     39.866  33.993560     1.3087      9.158   -73.1324 3.1978e+01     3.4925      0.765      1.110    17.6374 0.0000e+00
      0.784      0.001     6.1879     62.838     39.882  34.005595     1.2804      9.158   -73.0163 3.2270e+01     3.3635      0.768      1.114    17.6370 0.0000e+00
      0.787      0.005     6.1243     62.369     39.878  34.001481     1.2610      9.157   -72.9554 3.2568e+01     3.3748      0.772      1.119    17.6349 0.0000e+00
      0.789      0.007     6.0718     61.859     39.886  34.007258     1.2738      9.157   -72.9992 3.2638e+01     3.5606      0.774      1.122    17.6321 0.0000e+00
      0.791      0.007     6.0332     61.333     39.893  34.011999     1.3023      9.156   -73.2014 3.2645e+01     3.6975      0.777      1.126    17.6304 0.0000e+00
      0.792      0.006     5.9960     60.793     39.876  33.995350     1.3062      9.156   -73.3352 3.2786e+01     3.6979      0.778      1.128    17.6290 0.0000e+00
      0.793      0.003     5.9506     60.281     39.879  33.996296     1.2877      9.155   -73.2399 3.2958e+01     3.6671      0.777      1.127    17.6277 0.0000e+00
      0.794     -0.002     5.9003     59.843     39.913  34.023431     1.3197      9.154   -73.1677 3.3051e+01     3.7003      0.779      1.129    17.6266 0.0000e+00
      0.795     -0.006     5.8519     59.438     39.968  34.069653     1.3935      9.153   -73.0648 3.3064e+01     3.7586      0.780      1.132    17.6251 0.0000e+00
      0.795     -0.008     5.7989     59.064     40.017  34.111057     1.4222      9.153   -72.8558 3.3013e+01     3.7227      0.781      1.133    17.6229 0.0000e+00
      0.790     -0.006     5.7469     58.862     39.980  34.079926     1.4088      9.153   -72.7052 3.3110e+01     3.6419      0.777      1.127    17.6201 0.0000e+00
      0.782     -0.001     5.7084     58.923     39.900  34.010470     1.4063      9.153   -72.7072 3.3317e+01     3.6702      0.768      1.113    17.6180 0.0000e+00
