Data/DataNotYetUploadedToEDI/Raw_CTD/RawDownloads/101325_fcr10_S7809002.cnv
* Sea-Bird SBE19plus  Data File:
* FileName = C:\R\Reservoirs\Data\DataNotYetUploadedToEDI\Raw_CTD\RawDownloads\101325_fcr50_S7809_0002.hex
* Software version 2.8.0.119
* Temperature SN = 7809
* Conductivity SN = 7809
* System UpLoad Time = Oct 16 2025 15:03:11
* <ApplicationData>
* <Seaterm232>
# nquan = 15
# nvalues = 835                         
# units = specified
# name 0 = depFM: Depth [fresh water, m]
# name 1 = dz/dtM: Descent Rate [m/s]
# name 2 = sbeox0Mg/L: Oxygen, SBE 43 [mg/l]
# name 3 = sbeox0PS: Oxygen, SBE 43 [% saturation]
# name 4 = specc: Specific Conductance [uS/cm]
# name 5 = c0uS/cm: Conductivity [uS/cm]
# name 6 = flECO-AFL: Fluorescence, WET Labs ECO-AFL/FL [mg/m^3]
# name 7 = ph: pH
# name 8 = orp: Oxidation Reduction Potential [mV]
# name 9 = par/sat/log: PAR/Logarithmic, Satlantic
# name 10 = turbWETntu0: Turbidity, WET Labs ECO [NTU]
# name 11 = prdM: Pressure, Strain Gauge [db]
# name 12 = prdE: Pressure, Strain Gauge [psi]
# name 13 = tv290C: Temperature [ITS-90, deg C]
# name 14 = flag:  0.000e+00
# span 0 =     -0.683,      2.036       
# span 1 =     -0.164,      0.185       
# span 2 =     3.6858,     9.0370       
# span 3 =     38.601,     94.084       
# span 4 =      1.394,     43.124       
# span 5 =   1.263512,  36.428024       
# span 6 =    -1.1363,    49.4981       
# span 7 =      4.303,      8.727       
# span 8 = -1240.7455,  1150.1999       
# span 9 = 1.2536e+01, 1.5733e+03       
# span 10 =    -0.5419,   180.7047      
# span 11 =     -0.670,      1.997      
# span 12 =     -0.972,      2.896      
# span 13 =    16.8032,    20.3423      
# span 14 = 0.0000e+00, 0.0000e+00      
# interval = seconds: 0.25
# start_time = Oct 13 2025 12:38:09 [Instrument's time stamp, header]
# bad_flag = -9.990e-29
*END*
[from data line 290]
      0.791 -1.068e-10     5.6840     58.808     41.498  34.818289     1.3153      8.531   131.0224 1.4182e+02     4.5156      0.776      1.127    16.9456 0.0000e+00
      0.792 -1.174e-09     5.6812     58.831     41.498  34.817136     1.3122      8.530   131.0887 1.4243e+02     4.3898      0.777      1.128    16.9470 0.0000e+00
      0.791 -1.292e-08     5.6851     58.846     41.501  34.817032     1.2824      8.530   131.2505 1.4292e+02     4.3058      0.776      1.126    16.9483 0.0000e+00
      0.789 -1.421e-07     5.6871     58.880     41.504  34.817022     1.2461      8.530   131.3437 1.4312e+02     4.3535      0.774      1.124    16.9494 0.0000e+00
      0.789 2.6406e-07     5.6882     58.925     41.505  34.817021     1.2478      8.531   131.3550 1.4298e+02     4.4549      0.773      1.122    16.9479 0.0000e+00
      0.790      0.000     5.6935     58.957     41.506  34.817021     1.2693      8.531   131.3875 1.4283e+02     4.4380      0.775      1.124    16.9460 0.0000e+00
      0.791      0.000     5.6915     58.979     41.508  34.817022     1.2575      8.530   131.4787 1.4313e+02     4.3203      0.776      1.126    16.9440 0.0000e+00
      0.791      0.001     5.6968     58.987     41.508  34.817022     1.2217      8.530   131.5963 1.4392e+02     4.2616      0.776      1.126    16.9399 0.0000e+00
      0.791      0.002     5.7026     58.988     41.509  34.817023     1.2187      8.531   131.6910 1.4416e+02     4.3435      0.776      1.125    16.9390 0.0000e+00
      0.791      0.002     5.7045     58.972     41.512  34.817034     1.2550      8.533   131.7639 1.4323e+02     4.4905      0.775      1.124    16.9379 0.0000e+00
      0.791      0.001     5.7086     58.922     41.515  34.817159     1.2688      8.534   131.7893 1.4242e+02     4.5356      0.775      1.124    16.9350 0.0000e+00
      0.793      0.001     5.7075     58.848     41.518  34.818521     1.2441      8.535   131.8254 1.4243e+02     4.5127      0.777      1.128    16.9358 0.0000e+00
      0.794      0.001     5.7087     58.760     41.535  34.833498     1.2393      8.536   131.9432 1.4276e+02     4.5901      0.779      1.130    16.9357 0.0000e+00
      0.793      0.002     5.7084     58.669     41.577  34.871356     1.2613      8.537   132.0942 1.4338e+02     4.7196      0.778      1.129    16.9317 0.0000e+00
      0.792      0.003     5.7033     58.578     41.601  34.895580     1.2596      8.538   132.2743 1.4379e+02     4.7124      0.777      1.127    16.9281 0.0000e+00
      0.792      0.003     5.6960     58.504     41.568  34.872603     1.2526      8.541   132.4002 1.4342e+02     4.5377      0.776      1.126    16.9274 0.0000e+00
      0.794      0.003     5.6868     58.492     41.535  34.847338     1.2760      8.543   132.4119 1.4320e+02     4.3489      0.778      1.129    16.9289 0.0000e+00
      0.796      0.003     5.6777     58.549     41.533  34.843898     1.3097      8.544   132.4161 1.4345e+02     4.3426      0.781      1.134    16.9303 0.0000e+00
      0.798      0.004     5.6685     58.649     41.518  34.831001     1.3356      8.545   132.4511 1.4322e+02     4.4621      0.783      1.136    16.9357 0.0000e+00
      0.798      0.004     5.6575     58.774     41.502  34.818293     1.3562      8.546   132.4905 1.4270e+02     4.4614      0.783      1.135    16.9450 0.0000e+00
      0.798      0.004     5.6556     58.879     41.499  34.817147     1.3672      8.547   132.5487 1.4230e+02     4.3674      0.782      1.134    16.9474 0.0000e+00
      0.799      0.003     5.6642     58.931     41.499  34.817146     1.3522      8.548   132.6387 1.4165e+02     4.3504      0.782      1.135    16.9437 0.0000e+00
      0.800      0.003     5.6729     58.940     41.503  34.818279     1.3489      8.549   132.7185 1.4118e+02     4.4267      0.785      1.138    16.9408 0.0000e+00
      0.802      0.003     5.6872     58.917     41.521  34.830854     1.3613      8.550   132.7386 1.4157e+02     4.5046      0.787      1.141    16.9434 0.0000e+00
      0.803      0.005     5.6989     58.904     41.536  34.842286     1.3605      8.552   132.7095 1.4177e+02     4.5409      0.787      1.142    16.9470 0.0000e+00
      0.803      0.010     5.7019     58.912     41.523  34.829608     1.3635      8.554   132.7112 1.4140e+02     4.5578      0.787      1.142    16.9456 0.0000e+00
      0.803      0.021     5.7047     58.887     41.496  34.804448     1.3569      8.555   132.8456 1.4115e+02     4.5728      0.787      1.142    16.9425 0.0000e+00
      0.804      0.035     5.6998     58.826     41.486  34.791873     1.3474      8.553   132.9581 1.4017e+02     4.5849      0.787      1.142    16.9401 0.0000e+00
      0.809      0.046     5.6979     58.787     41.506  34.804449     1.3320      8.551   132.9520 1.3628e+02     4.4996      0.788      1.143    16.9377 0.0000e+00
      0.828      0.053     5.7026     58.802     41.541  34.829609     1.3033      8.551   133.0295 1.2871e+02     4.3272      0.806      1.169    16.9359 0.0000e+00
      0.856      0.054     5.7003     58.844     41.559  34.842289     1.2921      8.551   133.2075 1.2157e+02     4.2427      0.843      1.223    16.9337 0.0000e+00
      0.878      0.047     5.6921     58.897     41.547  34.830858     1.3123      8.550   133.3829 1.1869e+02     4.2972      0.868      1.258    16.9287 0.0000e+00
      0.887      0.028     5.6875     58.945     41.533  34.818283     1.3485      8.547   133.5149 1.1815e+02     4.4055      0.871      1.263    16.9217 0.0000e+00
      0.890     -0.002     5.6920     58.962     41.532  34.817139     1.3383      8.545   133.5998 1.1753e+02     4.4243      0.873      1.265    16.9165 0.0000e+00
      0.890     -0.034     5.6963     58.957     41.529  34.817034     1.2897      8.544   133.6355 1.1813e+02     4.3541      0.874      1.268    16.9140 0.0000e+00
      0.881     -0.058     5.7014     58.945     41.521  34.817024     1.2759      8.543   133.6881 1.2333e+02     4.3088      0.871      1.264    16.9130 0.0000e+00
      0.856     -0.070     5.7090     58.950     41.512  34.817023     1.2967      8.541   133.8053 1.3326e+02     4.3538      0.847      1.228    16.9120 0.0000e+00
      0.819     -0.072     5.7085     58.986     41.505  34.817023     1.3245      8.541   133.8482 1.4285e+02     4.4890      0.800      1.160    16.9107 0.0000e+00
      0.789     -0.064     5.7083     59.019     41.501  34.817033     1.3297      8.542   133.8627 1.4789e+02     4.5080      0.766      1.111    16.9134 0.0000e+00
      0.774     -0.048     5.7051     59.020     41.499  34.817157     1.3090      8.542   133.9810 1.4901e+02     4.3794      0.756      1.096    16.9234 0.0000e+00
      0.771     -0.028     5.7024     58.990     41.500  34.818518     1.3076      8.542   134.0739 1.4826e+02     4.3345      0.755      1.095    16.9337 0.0000e+00
      0.774     -0.009     5.7085     58.974     41.521  34.833496     1.3298      8.543   134.2117 1.4701e+02     4.3748      0.758      1.100    16.9390 0.0000e+00
      0.778      0.003     5.7107     58.980     41.569  34.871356     1.3445      8.545   134.4424 1.4586e+02     4.4232      0.764      1.108    16.9426 0.0000e+00
      0.781      0.005     5.7120     58.955     41.599  34.895593     1.3268      8.546   134.5403 1.4496e+02     4.4410      0.767      1.112    16.9466 0.0000e+00
      0.783     -0.005     5.7057     58.890     41.571  34.872751     1.2828      8.546   134.6205 1.4427e+02     4.4190      0.767      1.113    16.9474 0.0000e+00
      0.785     -0.027     5.7039     58.809     41.539  34.848964     1.2610      8.546   134.7244 1.4392e+02     4.4999      0.769      1.116    16.9421 0.0000e+00
      0.785     -0.062     5.7094     58.736     41.549  34.861778     1.2712      8.546   134.7644 1.4575e+02     4.5302      0.772      1.121    16.9378 0.0000e+00
      0.776     -0.101     5.7056     58.682     41.589  34.900800     1.2731      8.545   134.8456 1.5270e+02     4.4433      0.769      1.115    16.9380 0.0000e+00
      0.747     -0.133     5.6989     58.638     41.624  34.940097     1.2592      8.545   134.9318 1.6795e+02     4.4408      0.743      1.077    16.9389 0.0000e+00
      0.694     -0.151     5.6896     58.599     41.631  34.956246     1.2440      8.545   135.0328 1.9228e+02     4.4651      0.687      0.996    16.9421 0.0000e+00
      0.627     -0.151     5.6812     58.593     41.635  34.969162     1.2470      8.543   135.2053 2.1863e+02     4.4981      0.611      0.887    16.9471 0.0000e+00
      0.570     -0.133     5.6760     58.670     41.627  34.969380     1.2713      8.541   135.3829 2.3543e+02     4.4656      0.547      0.795    16.9543 0.0000e+00
      0.537     -0.099     5.6703     58.818     41.609  34.958894     1.2708      8.541   135.5457 2.3913e+02     4.3448      0.517      0.749    16.9671 0.0000e+00
      0.527     -0.059     5.6649     58.985     41.619  34.969277     1.2418      8.542   135.7111 2.3701e+02     4.3006      0.514      0.746    16.9801 0.0000e+00
      0.531     -0.023     5.6593     59.145     41.616  34.968028     1.2372      8.543   135.8344 2.3532e+02     4.3747      0.521      0.756    16.9908 0.0000e+00
      0.538      0.001     5.6669     59.265     41.587  34.943793     1.2651      8.544   135.9180 2.3401e+02     4.4893      0.528      0.765    17.0001 0.0000e+00
      0.544      0.011     5.6834     59.327     41.572  34.930054     1.2715      8.547   135.9474 2.3313e+02     4.5256      0.535      0.775    17.0056 0.0000e+00
      0.547      0.012     5.6989     59.352     41.573  34.928796     1.2556      8.551   135.9322 2.3320e+02     4.5068      0.537      0.779    17.0079 0.0000e+00
      0.548      0.010     5.7160     59.347     41.576  34.928579     1.2809      8.552   135.9915 2.3330e+02     4.5698      0.538      0.780    17.0088 0.0000e+00
      0.549      0.009     5.7286     59.296     41.578  34.927424     1.3274      8.553   136.1483 2.3415e+02     4.7066      0.539      0.781    17.0090 0.0000e+00
      0.550      0.009     5.7333     59.215     41.566  34.914838     1.3444      8.555   136.2797 2.3345e+02     4.7938      0.539      0.782    17.0081 0.0000e+00
      0.552      0.008     5.7350     59.134     41.556  34.903293     1.3277      8.556   136.3760 2.3000e+02     4.7016      0.540      0.783    17.0053 0.0000e+00
      0.556      0.007     5.7375     59.050     41.573  34.914725     1.2997      8.557   136.5384 2.2947e+02     4.4800      0.546      0.791    17.0014 0.0000e+00
      0.560      0.005     5.7313     58.954     41.589  34.926166     1.3057      8.558   136.6941 2.3063e+02     4.4022      0.550      0.798    16.9975 0.0000e+00
      0.562      0.003     5.7226     58.872     41.577  34.914724     1.3345      8.559   136.7951 2.3108e+02     4.4794      0.552      0.800    16.9945 0.0000e+00
      0.561      0.001     5.7156     58.838     41.562  34.903283     1.3484      8.559   136.8992 2.3443e+02     4.4912      0.550      0.798    16.9910 0.0000e+00
      0.558     -0.001     5.7087     58.846     41.574  34.914725     1.3315      8.560   137.0066 2.3742e+02     4.4081      0.547      0.794    16.9874 0.0000e+00
      0.557     -0.002     5.6989     58.875     41.586  34.926165     1.2876      8.562   137.1473 2.3642e+02     4.3965      0.545      0.791    16.9850 0.0000e+00
      0.557     -0.002     5.6885     58.931     41.572  34.914715     1.2849      8.563   137.3099 2.3440e+02     4.4883      0.545      0.791    16.9835 0.0000e+00
      0.558     -0.002     5.6863     59.032     41.557  34.903179     1.3157      8.564   137.4243 2.3309e+02     4.4933      0.547      0.794    16.9842 0.0000e+00
      0.558     -0.002     5.6880     59.165     41.569  34.913580     1.3177      8.565   137.4979 2.3223e+02     4.3875      0.548      0.795    16.9863 0.0000e+00
      0.557     -0.001     5.6900     59.257     41.570  34.913571     1.3095      8.567   137.5975 2.3077e+02     4.3375      0.547      0.794    16.9883 0.0000e+00
      0.555     -0.001     5.6946     59.257     41.560  34.903074     1.3005      8.568   137.6817 2.2955e+02     4.3660      0.544      0.789    16.9894 0.0000e+00
      0.554      0.000     5.7040     59.222     41.575  34.913560     1.3003      8.568   137.6554 2.3122e+02     4.4251      0.542      0.787    16.9901 0.0000e+00
      0.555      0.001     5.7198     59.220     41.577  34.913465     1.3068      8.569   137.6246 2.3440e+02     4.4366      0.544      0.788    16.9903 0.0000e+00
      0.556      0.003     5.7326     59.238     41.566  34.901921     1.2961      8.570   137.6529 2.3475e+02     4.3690      0.546      0.791    16.9895 0.0000e+00
      0.557      0.004     5.7289     59.259     41.567  34.900872     1.2871      8.573   137.7395 2.3320e+02     4.3589      0.546      0.793    16.9872 0.0000e+00
      0.558      0.004     5.7224     59.274     41.567  34.900776     1.2981      8.574   137.8973 2.3326e+02     4.4505      0.547      0.794    16.9842 0.0000e+00
      0.559      0.004     5.7247     59.266     41.567  34.900758     1.3200      8.574   138.0121 2.3324e+02     4.5554      0.548      0.795    16.9823 0.0000e+00
      0.561      0.004     5.7271     59.252     41.567  34.900663     1.3279      8.575   138.0951 2.3194e+02     4.5342      0.550      0.798    16.9802 0.0000e+00
      0.562      0.003     5.7286     59.247     41.566  34.899624     1.3108      8.577   138.2123 2.3033e+02     4.3983      0.551      0.799    16.9779 0.0000e+00
      0.562      0.003     5.7327     59.224     41.553  34.888193     1.3045      8.578   138.3112 2.3064e+02     4.3814      0.551      0.799    16.9766 0.0000e+00
      0.563      0.003     5.7298     59.187     41.557  34.889346     1.3435      8.579   138.3443 2.3370e+02     4.5694      0.552      0.801    16.9769 0.0000e+00
      0.563      0.002     5.7276     59.173     41.588  34.913562     1.3900      8.580   138.3550 2.3504e+02     4.7581      0.552      0.801    16.9780 0.0000e+00
      0.564      0.001     5.7291     59.194     41.604  34.927195     1.3846      8.581   138.5264 2.3376e+02     4.7502      0.553      0.802    16.9776 0.0000e+00
      0.564     -0.001     5.7269     59.215     41.604  34.927290     1.3529      8.581   138.6956 2.3233e+02     4.6097      0.553      0.803    16.9757 0.0000e+00
      0.564     -0.003     5.7219     59.215     41.587  34.914705     1.3564      8.582   138.6800 2.3163e+02     4.5289      0.554      0.804    16.9737 0.0000e+00
      0.563     -0.005     5.7195     59.198     41.571  34.901930     1.3859      8.584   138.7682 2.3393e+02     4.5257      0.553      0.803    16.9715 0.0000e+00
      0.561     -0.005     5.7245     59.183     41.570  34.899729     1.4012      8.586   138.9872 2.3973e+02     4.5358      0.551      0.799    16.9700 0.0000e+00
      0.558     -0.005     5.7267     59.195     41.558  34.888089     1.3920      8.586   139.1768 2.4411e+02     4.5147      0.547      0.794    16.9715 0.0000e+00
      0.556     -0.004     5.7258     59.219     41.559  34.888079     1.3824      8.586   139.3395 2.4324e+02     4.5442      0.544      0.790    16.9748 0.0000e+00
      0.555     -0.003     5.7238     59.234     41.574  34.899605     1.3930      8.586   139.4920 2.3973e+02     4.6868      0.544      0.789    16.9758 0.0000e+00
      0.556     -0.001     5.7210     59.259     41.576  34.900558     1.3952      8.587   139.5580 2.3741e+02     4.7020      0.545      0.791    16.9738 0.0000e+00
      0.557      0.000     5.7230     59.300     41.575  34.899604     1.3845      8.588   139.5348 2.3717e+02     4.6596      0.546      0.792    16.9717 0.0000e+00
      0.557      0.002     5.7276     59.316     41.560  34.888067     1.3877      8.589   139.5554 2.3830e+02     4.6870      0.547      0.793    16.9705 0.0000e+00
