Data/DataNotYetUploadedToEDI/Raw_CTD/RawDownloads/101325_fcr20_S7809003.cnv
* Sea-Bird SBE19plus  Data File:
* FileName = C:\R\Reservoirs\Data\DataNotYetUploadedToEDI\Raw_CTD\RawDownloads\101325_fcr50_S7809_0003.hex
* Software version 2.8.0.119
* Temperature SN = 7809
* Conductivity SN = 7809
* System UpLoad Time = Oct 16 2025 15:03:51
* <ApplicationData>
* <Seaterm232>
# nquan = 15
# nvalues = 1149                        
# units = specified
# name 0 = depFM: Depth [fresh water, m]
# name 1 = dz/dtM: Descent Rate [m/s]
# name 2 = sbeox0Mg/L: Oxygen, SBE 43 [mg/l]
# name 3 = sbeox0PS: Oxygen, SBE 43 [% saturation]
# name 4 = specc: Specific Conductance [uS/cm]
# name 5 = c0uS/cm: Conductivity [uS/cm]
# name 6 = flECO-AFL: Fluorescence, WET Labs ECO-AFL/FL [mg/m^3]
# name 7 = ph: pH
# name 8 = orp: Oxidation Reduction Potential [mV]
# name 9 = par/sat/log: PAR/Logarithmic, Satlantic
# name 10 = turbWETntu0: Turbidity, WET Labs ECO [NTU]
# name 11 = prdM: Pressure, Strain Gauge [db]
# name 12 = prdE: Pressure, Strain Gauge [psi]
# name 13 = tv290C: Temperature [ITS-90, deg C]
# name 14 = flag:  0.000e+00
# span 0 =     -0.669,      3.587       
# span 1 =     -0.238,      0.289       
# span 2 =     3.6625,     9.2038       
# span 3 =     38.823,     96.106       
# span 4 =      1.660,    225.924       
# span 5 =   1.419574, 186.738240       
# span 6 =    -0.3256,     6.5388       
# span 7 =      8.687,      8.920       
# span 8 =    43.5167,   187.5960       
# span 9 = 7.3820e-01, 1.8484e+03       
# span 10 =    -0.2295,   112.5405      
# span 11 =     -0.657,      3.518      
# span 12 =     -0.953,      5.103      
# span 13 =    16.2675,    17.7910      
# span 14 = 0.0000e+00, 0.0000e+00      
# interval = seconds: 0.25
# start_time = Oct 13 2025 12:46:39 [Instrument's time stamp, header]
# bad_flag = -9.990e-29
*END*
[from data line 482]
      0.726 -2.626e-08     6.0770     62.929     41.423  34.800539     1.4563      8.878   165.2160 1.9717e+02     7.4477      0.712      1.033    17.0032 0.0000e+00
      0.726 -2.888e-07     6.0799     62.923     41.394  34.776419     1.4497      8.878   165.3100 1.9819e+02     7.4055      0.712      1.032    17.0025 0.0000e+00
      0.725      0.000     6.0836     62.940     41.378  34.763938     1.4837      8.878   165.3125 1.9766e+02     7.4930      0.711      1.031    17.0015 0.0000e+00
      0.725      0.000     6.0837     62.945     41.393  34.776532     1.4940      8.877   165.2455 1.9528e+02     7.5151      0.710      1.030    17.0014 0.0000e+00
      0.725     -0.000     6.0805     62.913     41.423  34.801787     1.4660      8.877   165.2736 1.9428e+02     7.4336      0.711      1.031    17.0020 0.0000e+00
      0.725     -0.001     6.0790     62.870     41.440  34.815516     1.4531      8.877   165.3091 1.9503e+02     7.3619      0.711      1.031    17.0027 0.0000e+00
      0.726     -0.003     6.0822     62.836     41.441  34.815629     1.4711      8.877   165.3301 1.9549e+02     7.3998      0.712      1.032    17.0032 0.0000e+00
      0.726     -0.006     6.0847     62.821     41.426  34.803159     1.4837      8.877   165.4415 1.9668e+02     7.4479      0.712      1.032    17.0037 0.0000e+00
      0.725     -0.009     6.0789     62.815     41.411  34.791624     1.4731      8.878   165.5381 1.9825e+02     7.3619      0.711      1.031    17.0038 0.0000e+00
      0.721     -0.010     6.0750     62.794     41.424  34.803057     1.4589      8.878   165.5519 1.9946e+02     7.2824      0.709      1.027    17.0033 0.0000e+00
      0.715     -0.008     6.0712     62.765     41.439  34.814497     1.4533      8.878   165.6074 2.0321e+02     7.3411      0.702      1.017    17.0029 0.0000e+00
      0.710     -0.003     6.0697     62.742     41.426  34.803056     1.4632      8.878   165.6927 2.0710e+02     7.4567      0.694      1.007    17.0028 0.0000e+00
      0.707      0.002     6.0710     62.716     41.413  34.791624     1.4786      8.878   165.7228 2.0463e+02     7.4849      0.692      1.003    17.0035 0.0000e+00
      0.711      0.006     6.0679     62.690     41.428  34.803159     1.4730      8.878   165.8003 1.9860e+02     7.4087      0.695      1.007    17.0039 0.0000e+00
      0.719      0.010     6.0645     62.698     41.443  34.815629     1.4715      8.879   165.9413 1.9501e+02     7.4236      0.706      1.023    17.0033 0.0000e+00
      0.726      0.011     6.0628     62.726     41.443  34.815505     1.5010      8.880   165.9648 1.9481e+02     7.5619      0.715      1.036    17.0024 0.0000e+00
      0.728      0.010     6.0615     62.735     41.427  34.801663     1.5395      8.879   165.9125 1.9511e+02     7.6127      0.715      1.037    17.0014 0.0000e+00
      0.727      0.008     6.0562     62.735     41.395  34.775159     1.5458      8.879   165.9108 1.9417e+02     7.5251      0.712      1.033    17.0004 0.0000e+00
      0.726      0.006     6.0576     62.740     41.364  34.748836     1.5183      8.879   165.9444 1.9378e+02     7.4251      0.711      1.031    17.0000 0.0000e+00
      0.727      0.006     6.0637     62.741     41.350  34.737176     1.5153      8.880   166.0609 1.9244e+02     7.4276      0.712      1.034    16.9998 0.0000e+00
      0.730      0.007     6.0624     62.739     41.379  34.761078     1.5343      8.880   166.2008 1.9028e+02     7.4876      0.717      1.040    16.9995 0.0000e+00
      0.734      0.007     6.0622     62.739     41.407  34.784044     1.5231      8.880   166.2593 1.8921e+02     7.5010      0.719      1.043    16.9995 0.0000e+00
      0.737      0.007     6.0632     62.743     41.381  34.761066     1.4881      8.880   166.2516 1.8806e+02     7.4879      0.723      1.048    16.9997 0.0000e+00
      0.738      0.007     6.0634     62.763     41.353  34.737050     1.4529      8.880   166.1936 1.9059e+02     7.4649      0.726      1.053    16.9996 0.0000e+00
      0.738      0.008     6.0628     62.794     41.366  34.747452     1.4550      8.880   166.1610 1.9485e+02     7.4965      0.724      1.049    16.9990 0.0000e+00
      0.738      0.009     6.0632     62.816     41.381  34.759933     1.4969      8.880   166.2014 1.9278e+02     7.5633      0.723      1.048    16.9985 0.0000e+00
      0.739      0.011     6.0629     62.842     41.382  34.761066     1.5014      8.880   166.2519 1.8792e+02     7.4866      0.724      1.050    16.9977 0.0000e+00
      0.743      0.014     6.0645     62.882     41.382  34.761160     1.4676      8.881   166.3412 1.8380e+02     7.3546      0.728      1.056    16.9962 0.0000e+00
      0.749      0.019     6.0701     62.930     41.382  34.761066     1.4546      8.881   166.4217 1.7986e+02     7.3341      0.735      1.066    16.9953 0.0000e+00
      0.755      0.022     6.0704     62.980     41.380  34.759923     1.4701      8.881   166.4502 1.7829e+02     7.3411      0.741      1.074    16.9956 0.0000e+00
      0.760      0.020     6.0727     63.017     41.365  34.747339     1.4957      8.881   166.5136 1.7766e+02     7.2682      0.745      1.080    16.9959 0.0000e+00
      0.766      0.007     6.0769     63.033     41.351  34.735815     1.4900      8.882   166.5002 1.7405e+02     7.1705      0.750      1.087    16.9962 0.0000e+00
      0.776     -0.020     6.0819     63.040     41.366  34.747475     1.4595      8.883   166.4597 1.6982e+02     7.2184      0.761      1.104    16.9963 0.0000e+00
      0.781     -0.057     6.0868     63.030     41.381  34.761433     1.4517      8.881   166.6265 1.7200e+02     7.4031      0.773      1.120    16.9966 0.0000e+00
      0.771     -0.098     6.0913     62.990     41.396  34.777688     1.4699      8.880   166.7960 1.8593e+02     7.5250      0.764      1.109    16.9970 0.0000e+00
      0.736     -0.135     6.0917     62.925     41.438  34.817128     1.4962      8.879   166.7021 2.0971e+02     7.4962      0.729      1.059    16.9965 0.0000e+00
      0.680     -0.165     6.0925     62.842     41.480  34.857618     1.4961      8.877   166.5236 2.3710e+02     7.3976      0.672      0.974    16.9961 0.0000e+00
      0.614     -0.191     6.0934     62.779     41.509  34.886573     1.4689      8.877   166.2721 2.6295e+02     7.3908      0.599      0.868    16.9969 0.0000e+00
      0.558     -0.215     6.0872     62.744     41.536  34.913438     1.4493      8.877   165.8134 2.8337e+02     7.4821      0.537      0.778    17.0003 0.0000e+00
      0.520     -0.232     6.0817     62.727     41.551  34.928653     1.4422      8.877   165.4511 3.0755e+02     7.5453      0.511      0.742    17.0068 0.0000e+00
      0.478     -0.238     6.0696     62.751     41.566  34.943652     1.4416      8.877   165.3335 3.4210e+02     7.5394      0.482      0.699    17.0140 0.0000e+00
      0.408     -0.232     6.0628     62.814     41.592  34.967889     1.4581      8.877   165.1648 3.7563e+02     7.4458      0.406      0.589    17.0192 0.0000e+00
      0.321     -0.213     6.0608     62.886     41.590  34.967909     1.5008      8.877   164.9598 4.4208e+02     7.4041      0.312      0.453    17.0235 0.0000e+00
      0.244     -0.183     6.0559     62.921     41.561  34.943905     1.5413      8.876   164.8346 5.3739e+02     7.5135      0.228      0.330    17.0281 0.0000e+00
      0.194     -0.142     6.0589     62.900     41.548  34.931446     1.5573      8.876   164.6827 5.6947e+02     7.6073      0.178      0.258    17.0311 0.0000e+00
      0.177     -0.097     6.0655     62.855     41.565  34.944166     1.5606      8.876   164.5009 5.4689e+02     7.5482      0.166      0.241    17.0321 0.0000e+00
      0.180     -0.057     6.0738     62.804     41.598  34.970805     1.5646      8.877   164.3573 5.8474e+02     7.4132      0.174      0.252    17.0349 0.0000e+00
      0.189     -0.034     6.0786     62.744     41.631  34.999738     1.5816      8.877   164.2362 6.2369e+02     7.4097      0.192      0.279    17.0370 0.0000e+00
      0.187     -0.029     6.0744     62.685     41.676  35.040208     1.6068      8.877   164.0692 5.7089e+02     7.5400      0.189      0.274    17.0338 0.0000e+00
      0.172     -0.039     6.0701     62.650     41.716  35.079429     1.5946      8.877   163.8875 5.7329e+02     7.5535      0.165      0.240    17.0305 0.0000e+00
      0.159     -0.054     6.0662     62.660     41.722  35.093281     1.5428      8.876   163.6739 6.3531e+02     7.4030      0.155      0.225    17.0294 0.0000e+00
      0.145     -0.067     6.0595     62.686     41.699  35.080811     1.5129      8.875   163.4658 6.4357e+02     7.3254      0.146      0.212    17.0303 0.0000e+00
      0.125     -0.077     6.0528     62.678     41.668  35.055566     1.5246      8.875   163.3503 6.5469e+02     7.3669      0.124      0.179    17.0332 0.0000e+00
      0.101     -0.085     6.0471     62.623     41.655  35.041839     1.5515      8.875   163.2241 7.1827e+02     7.3925      0.098      0.141    17.0388 0.0000e+00
      0.079     -0.091     6.0476     62.530     41.658  35.041725     1.5631      8.875   163.0574 8.6239e+02     7.3618      0.076      0.111    17.0520 0.0000e+00
      0.057     -0.092     6.0517     62.428     41.676  35.054187     1.5576      8.875   162.9699 9.9923e+02     7.3363      0.060      0.087    17.0636 0.0000e+00
      0.029     -0.087     6.0503     62.360     41.691  35.065611     1.5510      8.875   162.9397 1.0509e+03     7.3928      0.031      0.045    17.0634 0.0000e+00
     -0.001     -0.077     6.0461     62.334     41.676  35.052956     1.5662      8.873   162.8648 9.9050e+02     7.4976     -0.006     -0.008    17.0583 0.0000e+00
     -0.022     -0.069     6.0364     62.327     41.646  35.028078     1.5921      8.872   162.7531 7.6544e+02     7.5111     -0.026     -0.037    17.0540 0.0000e+00
     -0.034     -0.062     6.0248     62.337     41.634  35.018598     1.5888      8.873   162.6219 6.3021e+02     7.4186     -0.035     -0.051    17.0511 0.0000e+00
     -0.041     -0.057     6.0180     62.362     41.688  35.065230     1.5844      8.874   162.4826 7.4376e+02     7.4039     -0.040     -0.059    17.0497 0.0000e+00
     -0.047     -0.053     6.0175     62.383     41.780  35.147773     1.5885      8.873   162.3594 7.7286e+02     7.4360     -0.044     -0.063    17.0498 0.0000e+00
     -0.062     -0.049     6.0164     62.419     41.822  35.191798     1.5886      8.873   162.3365 7.8302e+02     7.4306     -0.056     -0.083    17.0502 0.0000e+00
     -0.084     -0.044     6.0165     62.474     41.837  35.216852     1.5950      8.873   162.3775 1.0496e+03     7.4417     -0.083     -0.122    17.0511 0.0000e+00
     -0.103     -0.037     6.0210     62.512     41.868  35.260368     1.5817      8.873   162.3387 1.2451e+03     7.3994     -0.108     -0.155    17.0518 0.0000e+00
     -0.111     -0.028     6.0206     62.546     41.859  35.273830     1.5782      8.873   162.2984 1.2885e+03     7.3978     -0.112     -0.163    17.0561 0.0000e+00
     -0.111     -0.017     6.0218     62.602     41.814  35.252749     1.6197      8.872   162.3205 1.3674e+03     7.4559     -0.110     -0.158    17.0689 0.0000e+00
     -0.108     -0.006     6.0284     62.655     41.810  35.259284     1.6586      8.872   162.3480 1.4814e+03     7.4868     -0.106     -0.153    17.0824 0.0000e+00
     -0.107      0.000     6.0286     62.670     41.840  35.289411     1.6573      8.872   162.3716 1.5166e+03     7.4984     -0.104     -0.151    17.1018 0.0000e+00
     -0.108      0.002     6.0257     62.636     41.846  35.299780     1.6373      8.873   162.4349 1.4454e+03     7.4255     -0.106     -0.153    17.1329 0.0000e+00
     -0.108      0.001     6.0306     62.578     41.861  35.321215     1.6325      8.872   162.5105 1.4112e+03     7.4249     -0.106     -0.154    17.1548 0.0000e+00
     -0.108     -0.001     6.0356     62.526     41.887  35.358243     1.6415      8.872   162.5113 1.4269e+03     7.5256     -0.106     -0.154    17.1623 0.0000e+00
     -0.108     -0.002     6.0374     62.484     41.877  35.366798     1.6457      8.872   162.4447 1.4367e+03     7.5496     -0.106     -0.154    17.1676 0.0000e+00
     -0.108     -0.003     6.0322     62.469     41.854  35.361234     1.6172      8.873   162.3942 1.4150e+03     7.5110     -0.106     -0.154    17.1718 0.0000e+00
     -0.108     -0.004     6.0238     62.489     41.837  35.354436     1.5634      8.873   162.4158 1.4397e+03     7.5018     -0.105     -0.152    17.1814 0.0000e+00
     -0.110     -0.004     6.0172     62.521     41.825  35.348059     1.5350      8.872   162.4488 1.4806e+03     7.5412     -0.107     -0.155    17.2002 0.0000e+00
     -0.113     -0.004     6.0092     62.535     41.821  35.347581     1.5408      8.872   162.4487 1.4151e+03     7.5436     -0.111     -0.161    17.2243 0.0000e+00
     -0.114     -0.004     6.0048     62.538     41.817  35.348663     1.5413      8.873   162.4146 1.3516e+03     7.4964     -0.113     -0.163    17.2436 0.0000e+00
     -0.114     -0.004     6.0068     62.555     41.821  35.361139     1.5092      8.873   162.3807 1.4005e+03     7.4824     -0.112     -0.162    17.2498 0.0000e+00
     -0.114     -0.003     6.0110     62.577     41.816  35.371539     1.4689      8.873   162.3832 1.4523e+03     7.5804     -0.111     -0.161    17.2529 0.0000e+00
     -0.115     -0.003     6.0116     62.600     41.773  35.347531     1.4702      8.873   162.3592 1.4392e+03     7.7248     -0.113     -0.163    17.2574 0.0000e+00
     -0.116     -0.003     6.0097     62.650     41.748  35.324678     1.5000      8.873   162.3476 1.4493e+03     7.7593     -0.114     -0.165    17.2595 0.0000e+00
     -0.117     -0.002     6.0112     62.727     41.789  35.349019     1.4965      8.873   162.4149 1.5122e+03     7.6898     -0.113     -0.164    17.2683 0.0000e+00
     -0.118     -0.001     6.0112     62.822     41.839  35.388024     1.4684      8.873   162.4846 1.6156e+03     7.6027     -0.116     -0.167    17.2912 0.0000e+00
     -0.119      0.002     6.0088     62.923     41.858  35.415587     1.4511      8.873   162.5031 1.6891e+03     7.5598     -0.119     -0.172    17.3119 0.0000e+00
     -0.119      0.006     6.0144     62.997     41.849  35.428492     1.4372      8.873   162.5517 1.6639e+03     7.5810     -0.117     -0.171    17.3097 0.0000e+00
     -0.116      0.010     6.0254     63.036     41.814  35.417191     1.4260      8.872   162.6425 1.5951e+03     7.5513     -0.114     -0.165    17.2872 0.0000e+00
     -0.113      0.014     6.0350     63.074     41.784  35.405873     1.4157      8.871   162.6535 1.5040e+03     7.4398     -0.111     -0.160    17.2771 0.0000e+00
     -0.108      0.015     6.0443     63.128     41.785  35.418563     1.4207      8.871   162.6000 1.3948e+03     7.4293     -0.106     -0.154    17.2973 0.0000e+00
     -0.103      0.015     6.0485     63.200     41.805  35.443732     1.4445      8.872   162.5973 1.3313e+03     7.5258     -0.101     -0.146    17.3259 0.0000e+00
     -0.098      0.012     6.0470     63.294     41.815  35.456411     1.4539      8.873   162.6210 1.3838e+03     7.5821     -0.095     -0.138    17.3492 0.0000e+00
     -0.093      0.008     6.0484     63.387     41.799  35.444970     1.4345      8.873   162.6277 1.4862e+03     7.5287     -0.091     -0.131    17.3646 0.0000e+00
     -0.092      0.004     6.0523     63.466     41.782  35.432299     1.4016      8.873   162.6783 1.5085e+03     7.3932     -0.089     -0.129    17.3791 0.0000e+00
     -0.094     -0.001     6.0567     63.542     41.781  35.430106     1.3976      8.873   162.7175 1.4256e+03     7.3774     -0.092     -0.133    17.3898 0.0000e+00
     -0.096     -0.005     6.0673     63.587     41.769  35.418457     1.4280      8.872   162.6712 1.3322e+03     7.5093     -0.095     -0.137    17.3910 0.0000e+00
     -0.097     -0.008     6.0766     63.601     41.771  35.418343     1.4525      8.872   162.6348 1.3285e+03     7.5525     -0.095     -0.137    17.3955 0.0000e+00
