Data/DataNotYetUploadedToEDI/Raw_CTD/RawDownloads/101325_fcr50_S7809001.cnv
* Sea-Bird SBE19plus  Data File:
* FileName = C:\R\Reservoirs\Data\DataNotYetUploadedToEDI\Raw_CTD\RawDownloads\101325_fcr50_S7809_0001.hex
* Software version 2.8.0.119
* Temperature SN = 7809
* Conductivity SN = 7809
* System UpLoad Time = Oct 16 2025 15:02:44
* <ApplicationData>
* <Seaterm232>
# nquan = 15
# nvalues = 1933                        
# units = specified
# name 0 = depFM: Depth [fresh water, m]
# name 1 = dz/dtM: Descent Rate [m/s]
# name 2 = sbeox0Mg/L: Oxygen, SBE 43 [mg/l]
# name 3 = sbeox0PS: Oxygen, SBE 43 [% saturation]
# name 4 = specc: Specific Conductance [uS/cm]
# name 5 = c0uS/cm: Conductivity [uS/cm]
# name 6 = flECO-AFL: Fluorescence, WET Labs ECO-AFL/FL [mg/m^3]
# name 7 = ph: pH
# name 8 = orp: Oxidation Reduction Potential [mV]
# name 9 = par/sat/log: PAR/Logarithmic, Satlantic
# name 10 = turbWETntu0: Turbidity, WET Labs ECO [NTU]
# name 11 = prdM: Pressure, Strain Gauge [db]
# name 12 = prdE: Pressure, Strain Gauge [psi]
# name 13 = tv290C: Temperature [ITS-90, deg C]
# name 14 = flag:  0.000e+00
# span 0 =     -0.674,      9.522       
# span 1 =     -0.161,      0.260       
# span 2 =    -0.2912,     9.2957       
# span 3 =     -2.550,     96.702       
# span 4 =      0.880,    420.615       
# span 5 =   0.736635, 319.590356       
# span 6 =    -0.3148,     1.8206       
# span 7 =     -2.335,      8.804       
# span 8 = -1240.7455,   310.3891       
# span 9 = 1.2365e-01, 1.5140e+03       
# span 10 =    -0.9822,   210.7669      
# span 11 =     -0.661,      9.339      
# span 12 =     -0.958,     13.544      
# span 13 =    12.9371,    17.3376      
# span 14 = 0.0000e+00, 0.0000e+00      
# interval = seconds: 0.25
# start_time = Oct 13 2025 11:11:17 [Instrument's time stamp, header]
# bad_flag = -9.990e-29
*END*
[from data line 386]
      0.395     -0.001     6.5949     68.593     40.130  33.977506     1.4444      8.444   149.2678 6.8325e+01     4.6748      0.388      0.562    17.3296 0.0000e+00
      0.395     -0.001     6.5933     68.548     40.149  33.993570     1.4545      8.446   149.2783 6.7530e+01     4.8118      0.387      0.561    17.3301 0.0000e+00
      0.395     -0.001     6.5917     68.473     40.169  34.010770     1.4416      8.447   149.2905 6.6560e+01     4.7622      0.387      0.561    17.3304 0.0000e+00
      0.394     -0.001     6.5873     68.388     40.151  33.995130     1.4218      8.448   149.3287 6.5890e+01     4.6895      0.386      0.560    17.3305 0.0000e+00
      0.394      0.000     6.5828     68.340     40.152  33.994808     1.4308      8.450   149.3961 6.4659e+01     4.7525      0.386      0.560    17.3304 0.0000e+00
      0.394 3.9133e-07     6.5805     68.357     40.167  34.006872     1.4507      8.453   149.5039 6.2806e+01     4.7731      0.387      0.561    17.3303 0.0000e+00
      0.394      0.000     6.5723     68.427     40.177  34.014105     1.4540      8.456   149.7723 6.1596e+01     4.6997      0.386      0.560    17.3306 0.0000e+00
      0.394      0.000     6.5620     68.522     40.184  34.018815     1.4631      8.458   149.9734 6.0617e+01     4.6841      0.387      0.561    17.3304 0.0000e+00
      0.394      0.001     6.5563     68.619     40.164  34.000368     1.4771      8.461   150.0424 5.9807e+01     4.6874      0.387      0.561    17.3295 0.0000e+00
      0.394      0.001     6.5593     68.704     40.143  33.981403     1.4990      8.463   150.0907 5.9623e+01     4.7393      0.386      0.560    17.3282 0.0000e+00
      0.394      0.001     6.5669     68.759     40.141  33.979833     1.5026      8.464   150.0405 5.8850e+01     4.7312      0.387      0.561    17.3260 0.0000e+00
      0.395      0.001     6.5775     68.762     40.143  33.981392     1.4796      8.465   150.0385 5.8724e+01     4.6235      0.387      0.562    17.3241 0.0000e+00
      0.395      0.001     6.5870     68.703     40.164  34.000254     1.4784      8.467   150.4097 5.9450e+01     4.5980      0.388      0.562    17.3226 0.0000e+00
      0.395      0.000     6.5960     68.633     40.183  34.017556     1.5134      8.469   150.9156 5.9063e+01     4.6621      0.388      0.563    17.3210 0.0000e+00
      0.395 1.8631e-08     6.6023     68.614     40.162  34.000257     1.5525      8.471   150.9927 5.8821e+01     4.7505      0.388      0.562    17.3209 0.0000e+00
      0.395 2.0494e-07     6.6031     68.634     40.140  33.981433     1.5518      8.471   150.9120 5.9631e+01     4.7439      0.387      0.562    17.3219 0.0000e+00
      0.395 2.0527e-07     6.5955     68.655     40.139  33.980289     1.5129      8.472   150.9723 5.9776e+01     4.5827      0.387      0.562    17.3232 0.0000e+00
      0.395 2.2689e-08     6.5848     68.674     40.146  33.986425     1.4822      8.474   151.1195 5.9880e+01     4.4406      0.387      0.562    17.3241 0.0000e+00
      0.395 4.6369e-08     6.5848     68.694     40.152  33.992179     1.4892      8.475   151.4871 6.0319e+01     4.4602      0.387      0.562    17.3243 0.0000e+00
      0.395 4.9158e-07     6.5885     68.713     40.145  33.986409     1.5139      8.476   151.8035 6.2045e+01     4.5476      0.388      0.562    17.3239 0.0000e+00
      0.395      0.000     6.5898     68.708     40.137  33.980113     1.5060      8.477   151.8466 6.3847e+01     4.5748      0.387      0.561    17.3239 0.0000e+00
      0.395      0.000     6.5920     68.653     40.136  33.979498     1.4691      8.479   151.7510 6.4774e+01     4.5834      0.387      0.561    17.3246 0.0000e+00
      0.395      0.001     6.5934     68.580     40.136  33.978978     1.4676      8.482   151.5080 6.5485e+01     4.6857      0.387      0.561    17.3252 0.0000e+00
      0.395      0.002     6.5956     68.550     40.130  33.973825     1.5042      8.483   151.4043 6.4229e+01     4.8213      0.387      0.562    17.3259 0.0000e+00
      0.396      0.004     6.5975     68.555     40.139  33.980631     1.5287      8.484   151.7009 6.3204e+01     4.7537      0.388      0.563    17.3262 0.0000e+00
      0.396      0.006     6.5907     68.568     40.160  33.997831     1.5128      8.484   151.9963 6.3094e+01     4.5179      0.389      0.564    17.3258 0.0000e+00
      0.397      0.007     6.5801     68.591     40.152  33.991448     1.4711      8.483   152.1363 6.2996e+01     4.4303      0.389      0.564    17.3254 0.0000e+00
      0.400      0.007     6.5787     68.626     40.123  33.966903     1.4653      8.481   152.1901 6.3019e+01     4.5135      0.392      0.567    17.3252 0.0000e+00
      0.404      0.007     6.5806     68.666     40.109  33.954839     1.4931      8.479   152.1307 6.2470e+01     4.5339      0.397      0.576    17.3246 0.0000e+00
      0.407      0.006     6.5811     68.707     40.130  33.972473     1.5162      8.477   152.1059 6.2346e+01     4.4375      0.399      0.580    17.3246 0.0000e+00
      0.407      0.005     6.5831     68.747     40.151  33.989776     1.5364      8.474   152.2340 6.3603e+01     4.3380      0.399      0.579    17.3248 0.0000e+00
      0.407      0.003     6.5870     68.775     40.132  33.973712     1.5374      8.473   152.4759 6.4877e+01     4.3559      0.400      0.580    17.3244 0.0000e+00
      0.407      0.001     6.5911     68.787     40.125  33.968577     1.5451      8.474   152.7073 6.5438e+01     4.4830      0.400      0.580    17.3243 0.0000e+00
      0.408      0.001     6.5947     68.814     40.151  33.991138     1.5622      8.475   152.9669 6.5746e+01     4.5090      0.400      0.581    17.3244 0.0000e+00
      0.408      0.001     6.5992     68.840     40.152  33.992708     1.5447      8.476   153.2057 6.6910e+01     4.3960      0.400      0.581    17.3238 0.0000e+00
      0.408      0.001     6.6029     68.829     40.146  33.987564     1.5247      8.476   153.0132 6.8674e+01     4.3133      0.400      0.581    17.3234 0.0000e+00
      0.409      0.001     6.6014     68.787     40.151  33.992396     1.5202      8.476   152.5326 7.1281e+01     4.2943      0.401      0.581    17.3243 0.0000e+00
      0.409      0.001     6.6047     68.723     40.145  33.987679     1.5157      8.477   152.4709 7.3878e+01     4.3710      0.401      0.581    17.3257 0.0000e+00
      0.409      0.000     6.6096     68.649     40.153  33.993976     1.5033      8.478   152.8688 7.3089e+01     4.4546      0.402      0.582    17.3264 0.0000e+00
      0.409 1.8626e-08     6.6069     68.585     40.166  34.005095     1.4792      8.479   153.3854 7.2759e+01     4.3833      0.401      0.582    17.3266 0.0000e+00
      0.409 2.0489e-07     6.6033     68.549     40.155  33.995225     1.4812      8.481   153.6412 7.3207e+01     4.3628      0.402      0.582    17.3265 0.0000e+00
      0.409 2.0471e-07     6.5966     68.548     40.163  34.001521     1.5028      8.482   153.1230 7.2277e+01     4.5488      0.401      0.582    17.3266 0.0000e+00
      0.409 1.6537e-08     6.5886     68.565     40.183  34.017784     1.4913      8.483   152.3685 7.1982e+01     4.7191      0.401      0.582    17.3269 0.0000e+00
      0.409 -2.130e-08     6.5819     68.594     40.164  34.001522     1.4501      8.484   152.3475 7.3134e+01     4.7137      0.401      0.582    17.3267 0.0000e+00
      0.409 -2.528e-07     6.5780     68.654     40.157  33.995235     1.4125      8.486   152.5253 7.5707e+01     4.6202      0.402      0.583    17.3260 0.0000e+00
      0.409      0.000     6.5790     68.731     40.169  34.005211     1.4110      8.488   152.7110 7.6451e+01     4.6147      0.401      0.582    17.3252 0.0000e+00
      0.409      0.000     6.5814     68.775     40.158  33.995247     1.4324      8.490   153.2162 7.5063e+01     4.6462      0.401      0.582    17.3246 0.0000e+00
      0.409      0.000     6.5829     68.790     40.166  34.001650     1.4384      8.492   153.1273 7.3988e+01     4.6593      0.401      0.582    17.3243 0.0000e+00
      0.409     -0.004     6.5885     68.797     40.187  34.019179     1.4332      8.492   152.0670 7.3806e+01     4.7046      0.401      0.582    17.3235 0.0000e+00
      0.409     -0.016     6.5999     68.797     40.184  34.016856     1.4354      8.486   150.7210 7.3726e+01     4.6811      0.401      0.582    17.3226 0.0000e+00
      0.409     -0.043     6.6027     68.812     40.207  34.037014     1.4570      8.471   149.7588 7.4848e+01     4.6150      0.401      0.582    17.3224 0.0000e+00
      0.407     -0.085     6.6029     68.829     40.248  34.072573     1.4617      8.454   149.3807 7.8121e+01     4.5202      0.401      0.582    17.3220 0.0000e+00
      0.396     -0.126     6.6053     68.823     40.239  34.066124     1.4345      8.438   148.9886 8.0345e+01     4.4569      0.398      0.577    17.3217 0.0000e+00
      0.358     -0.152     6.6026     68.817     40.186  34.022494     1.4022      8.419   148.3730 7.7192e+01     4.4654      0.367      0.533    17.3220 0.0000e+00
      0.286     -0.160     6.6051     68.826     40.145  33.989165     1.3793      8.401   148.1330 6.8873e+01     4.4514      0.286      0.416    17.3226 0.0000e+00
      0.206     -0.149     6.6083     68.823     40.133  33.980372     1.3900      8.391   148.2377 6.3837e+01     4.4927      0.186      0.270    17.3238 0.0000e+00
      0.156     -0.121     6.6059     68.807     40.132  33.979625     1.3983      8.387   148.3489 6.7156e+01     4.4864      0.136      0.198    17.3247 0.0000e+00
      0.145     -0.080     6.6040     68.796     40.133  33.980134     1.3714      8.386   148.4440 7.4821e+01     4.3750      0.139      0.202    17.3261 0.0000e+00
      0.151     -0.036     6.6066     68.775     40.140  33.986523     1.3488      8.386   148.6995 8.1841e+01     4.3761      0.148      0.215    17.3287 0.0000e+00
      0.159     -0.003     6.6059     68.732     40.147  33.993434     1.3583      8.389   149.0289 9.1687e+01     4.5676      0.157      0.227    17.3302 0.0000e+00
      0.166      0.012     6.6030     68.704     40.154  34.000252     1.3862      8.394   148.9847 1.1316e+02     4.7779      0.164      0.238    17.3304 0.0000e+00
      0.169      0.012     6.6030     68.725     40.159  34.005509     1.3944      8.399   148.6813 1.3329e+02     4.7669      0.165      0.240    17.3306 0.0000e+00
      0.170      0.009     6.6019     68.780     40.145  33.993558     1.3740      8.404   148.4585 1.4590e+02     4.6390      0.166      0.241    17.3310 0.0000e+00
      0.171      0.005     6.5959     68.840     40.132  33.982648     1.3729      8.407   148.3568 1.7690e+02     4.6661      0.167      0.243    17.3322 0.0000e+00
      0.171      0.003     6.5908     68.903     40.153  34.000479     1.3972      8.410   148.8273 1.9801e+02     4.7866      0.168      0.243    17.3340 0.0000e+00
      0.172      0.002     6.5942     68.956     40.174  34.018822     1.4022      8.413   149.7598 1.8211e+02     4.8326      0.169      0.244    17.3349 0.0000e+00
      0.172     -0.001     6.6005     68.970     40.169  34.014094     1.3837      8.416   149.9947 1.6629e+02     4.7787      0.169      0.245    17.3351 0.0000e+00
      0.172     -0.011     6.6062     68.949     40.160  34.006758     1.3566      8.419   149.4306 1.4958e+02     4.6816      0.169      0.245    17.3348 0.0000e+00
      0.172     -0.025     6.6119     68.907     40.145  33.993558     1.3568      8.420   148.7904 1.4424e+02     4.6821      0.169      0.245    17.3345 0.0000e+00
      0.171     -0.038     6.6195     68.833     40.131  33.981390     1.3939      8.420   148.5345 1.4733e+02     4.7166      0.168      0.244    17.3345 0.0000e+00
      0.162     -0.043     6.6201     68.748     40.137  33.986534     1.4146      8.419   149.0895 1.1623e+02     4.5867      0.167      0.242    17.3349 0.0000e+00
      0.137     -0.043     6.6166     68.665     40.144  33.992300     1.3915      8.418   149.9942 8.8249e+01     4.4097      0.138      0.200    17.3351 0.0000e+00
      0.107     -0.038     6.6147     68.581     40.138  33.987668     1.3553      8.419   150.2678 8.7489e+01     4.4219      0.092      0.134    17.3349 0.0000e+00
      0.098     -0.029     6.6057     68.511     40.146  33.993964     1.3511      8.421   150.2466 9.4363e+01     4.5628      0.091      0.132    17.3342 0.0000e+00
      0.104     -0.016     6.5972     68.470     40.159  34.004989     1.3651      8.423   150.1678 1.1401e+02     4.6102      0.105      0.153    17.3333 0.0000e+00
      0.109     -0.002     6.5902     68.467     40.146  33.994078     1.3584      8.424   149.8313 1.5187e+02     4.5853      0.107      0.155    17.3336 0.0000e+00
      0.111      0.008     6.5809     68.495     40.140  33.988925     1.3450      8.427   149.9636 2.0939e+02     4.6030      0.109      0.158    17.3339 0.0000e+00
      0.112      0.012     6.5738     68.532     40.160  34.006134     1.3446      8.431   150.6484 3.3938e+02     4.6884      0.110      0.160    17.3340 0.0000e+00
      0.113      0.014     6.5695     68.572     40.166  34.011812     1.3461      8.434   151.0568 5.8903e+02     4.7632      0.111      0.161    17.3339 0.0000e+00
      0.114      0.017     6.5695     68.625     40.145  33.994131     1.3545      8.437   151.0292 7.1515e+02     4.7215      0.112      0.163    17.3338 0.0000e+00
      0.119      0.020     6.5729     68.685     40.131  33.982699     1.3804      8.439   150.8311 6.2745e+02     4.6629      0.114      0.167    17.3340 0.0000e+00
      0.128      0.021     6.5771     68.722     40.152  34.000484     1.4004      8.440   150.6408 5.8075e+02     4.6358      0.124      0.181    17.3342 0.0000e+00
      0.139      0.020     6.5800     68.737     40.174  34.018823     1.4050      8.440   150.7070 5.5389e+02     4.6668      0.138      0.200    17.3344 0.0000e+00
      0.145      0.019     6.5848     68.753     40.169  34.014093     1.4022      8.440   150.9434 5.2445e+02     4.7639      0.143      0.208    17.3348 0.0000e+00
      0.147      0.016     6.5926     68.769     40.160  34.006747     1.3829      8.441   151.0892 5.0538e+02     4.7512      0.144      0.208    17.3353 0.0000e+00
      0.148      0.012     6.5961     68.781     40.144  33.993442     1.3554      8.444   151.0940 4.5041e+02     4.6498      0.145      0.210    17.3355 0.0000e+00
      0.150      0.010     6.5957     68.788     40.129  33.980121     1.3610      8.448   151.0872 4.9398e+02     4.6648      0.147      0.214    17.3354 0.0000e+00
      0.151      0.009     6.5983     68.798     40.120  33.972566     1.3928      8.452   151.0073 5.4154e+02     4.7961      0.148      0.215    17.3348 0.0000e+00
      0.154      0.009     6.5996     68.816     40.112  33.965550     1.4065      8.455   150.8158 4.5614e+02     4.8708      0.151      0.218    17.3346 0.0000e+00
      0.158      0.009     6.6008     68.823     40.104  33.958725     1.3932      8.458   150.7505 4.3587e+02     4.7824      0.156      0.226    17.3348 0.0000e+00
      0.161      0.008     6.6016     68.832     40.098  33.953495     1.3654      8.462   150.9062 5.2259e+02     4.6158      0.158      0.229    17.3347 0.0000e+00
      0.162      0.002     6.6013     68.865     40.113  33.965758     1.3783      8.465   151.1492 5.3819e+02     4.5639      0.158      0.229    17.3346 0.0000e+00
      0.163     -0.014     6.6049     68.895     40.130  33.980110     1.4240      8.465   151.1087 4.9152e+02     4.5316      0.160      0.232    17.3347 0.0000e+00
      0.165     -0.042     6.6050     68.888     40.154  34.000135     1.4436      8.465   150.5020 4.4392e+02     4.4304      0.163      0.237    17.3345 0.0000e+00
      0.165     -0.071     6.6037     68.857     40.174  34.017543     1.4407      8.463   149.8366 4.2400e+02     4.3987      0.166      0.240    17.3343 0.0000e+00
