Data/DataNotYetUploadedToEDI/Raw_CTD/RawDownloads/101320_fcr50.cnv
* Sea-Bird SBE19plus  Data File:
* FileName = C:\DATA\101320_fcr50_0002.hex
* Software version 2.8.0.119
* Temperature SN = 7809
* Conductivity SN = 7809
* System UpLoad Time = Oct 13 2020 17:49:07
* <ApplicationData>
* <Seaterm232>
# nquan = 16
# nvalues = 4048                        
# units = specified
# name 0 = depFM: Depth [fresh water, m]
# name 1 = dz/dtM: Descent Rate [m/s]
# name 2 = orp: Oxidation Reduction Potential [mV]
# name 3 = sbeox0Mg/L: Oxygen, SBE 43 [mg/l]
# name 4 = sbeox0PS: Oxygen, SBE 43 [% saturation]
# name 5 = par/sat/log: PAR/Logarithmic, Satlantic
# name 6 = ph: pH
# name 7 = specc: Specific Conductance [uS/cm]
# name 8 = c0uS/cm: Conductivity [uS/cm]
# name 9 = flECO-AFL: Fluorescence, WET Labs ECO-AFL/FL [mg/m^3]
# name 10 = turbWETntu0: Turbidity, WET Labs ECO [NTU]
# name 11 = tv290C: Temperature [ITS-90, deg C]
# name 12 = density00: Density [density, kg/m^3]
# name 13 = prdE: Pressure, Strain Gauge [psi]
# name 14 = prdM: Pressure, Strain Gauge [db]
# name 15 = flag:  0.000e+00
# span 0 =     -0.672,      9.722       
# span 1 =     -4.098,      4.999       
# span 2 = -1240.7455,  1031.3258       
# span 3 =    -0.0058,    10.2317       
# span 4 =     -0.029,    107.333       
# span 5 = 1.2352e-01, 3.6839e+02       
# span 6 =     15.503,     15.906       
# span 7 =      1.017,    387.584       
# span 8 =   0.943322, 292.043958       
# span 9 =    -1.0787,     7.7994       
# span 10 =    -1.0285,   102.6346      
# span 11 =    12.5810,    21.3632      
# span 12 =   997.9194,   999.6099      
# span 13 =     -0.956,     13.829      
# span 14 =     -0.659,      9.534      
# span 15 = 0.0000e+00, 0.0000e+00      
# interval = seconds: 0.25
# start_time = Oct 12 2020 21:45:52 [Instrument's time stamp, header]
# bad_flag = -9.990e-29
*END*
[from data line 1628]
      9.631 1.8912e-32   183.3530     1.1920     11.744 1.2372e-01     15.715     83.181  62.584448    -0.4564    33.1918    12.6172   999.5012     13.699      9.445 0.0000e+00
      9.631 2.0803e-31   183.4224     1.2030     11.869 1.2371e-01     15.715     82.269  61.898379    -0.4680    33.1558    12.6169   999.5011     13.698      9.445 0.0000e+00
      9.630 2.2883e-30   183.4647     1.2267     12.068 1.2372e-01     15.715     80.800  60.793398    -0.4625    33.0933    12.6167   999.5010     13.698      9.444 0.0000e+00
      9.630 2.5171e-29   183.4352     1.2380     12.363 1.2375e-01     15.714     79.780  60.026238    -0.4279    33.0541    12.6166   999.5025     13.698      9.444 0.0000e+00
      9.630 2.7689e-28   183.4092     1.2468     12.723 1.2374e-01     15.713     79.060  59.484701    -0.4115    32.9902    12.6165   999.5034     13.697      9.444 0.0000e+00
      9.631 3.0457e-27   183.4939     1.2587     13.128 1.2374e-01     15.713     78.600  59.137940    -0.4267    32.9038    12.6166   999.5024     13.698      9.445 0.0000e+00
      9.631 3.3503e-26   183.5997     1.2773     13.509 1.2378e-01     15.713     78.516  59.073786    -0.4397    32.9367    12.6169   999.5019     13.698      9.445 0.0000e+00
      9.630 3.6854e-25   183.6560     1.3126     13.780 1.2378e-01     15.714     79.890  60.106729    -0.4355    33.0789    12.6169   999.5017     13.698      9.444 0.0000e+00
      9.630 4.0539e-24   183.7443     1.3487     13.865 1.2374e-01     15.714     81.269  61.143350    -0.4236    33.1816    12.6167   999.5013     13.698      9.444 0.0000e+00
      9.630 4.4593e-23   183.8063     1.3962     13.775 1.2372e-01     15.713     80.146  60.297722    -0.4286    33.2176    12.6163   999.5014     13.698      9.445 0.0000e+00
      9.630 4.9052e-22   183.8896     1.4396     13.694 1.2371e-01     15.713     78.633  59.158976    -0.4390    33.3761    12.6159   999.5011     13.697      9.444 0.0000e+00
      9.630 5.3957e-21   184.0626     1.4708     13.727 1.2367e-01     15.713     78.932  59.383495    -0.4441    33.6568    12.6153   999.5017     13.697      9.444 0.0000e+00
      9.630 5.9353e-20   184.1779     1.4835     13.835 1.2365e-01     15.713     80.124  60.280375    -0.4529    33.7961    12.6148   999.5030     13.698      9.445 0.0000e+00
      9.630 6.5288e-19   184.2510     1.4611     13.944 1.2365e-01     15.712     81.561  61.362320    -0.4504    33.8231    12.6145   999.5020     13.698      9.444 0.0000e+00
      9.631 7.1817e-18   184.3445     1.4496     13.999 1.2361e-01     15.712     83.735  62.997948    -0.4420    33.7779    12.6143   999.5012     13.698      9.445 0.0000e+00
      9.631 7.8999e-17   184.4479     1.4561     13.990 1.2359e-01     15.713     86.223  64.869628    -0.4372    33.6280    12.6140   999.5017     13.698      9.445 0.0000e+00
      9.631 8.6899e-16   184.4688     1.4696     13.937 1.2362e-01     15.713     87.652  65.945123    -0.4394    33.5206    12.6141   999.5022     13.698      9.445 0.0000e+00
      9.630 9.5589e-15   184.3384     1.4853     13.925 1.2369e-01     15.713     87.588  65.897054    -0.4500    33.5094    12.6142   999.5025     13.697      9.444 0.0000e+00
      9.630 1.0515e-13   184.3342     1.4884     13.989 1.2369e-01     15.711     86.211  64.860440    -0.4509    33.3557    12.6144   999.5033     13.697      9.444 0.0000e+00
      9.630 1.1566e-12   184.5902     1.4903     14.069 1.2364e-01     15.711     84.340  63.452548    -0.4412    33.0015    12.6146   999.5044     13.697      9.444 0.0000e+00
      9.630 1.2723e-11   184.7669     1.4783     14.103 1.2367e-01     15.713     83.968  63.172841    -0.4281    32.7977    12.6145   999.5049     13.697      9.444 0.0000e+00
      9.630 1.3995e-10   184.7496     1.4752     14.025 1.2372e-01     15.713     85.940  64.655946    -0.4258    32.7446    12.6143   999.5048     13.698      9.444 0.0000e+00
      9.630 1.5395e-09   184.7250     1.4871     13.864 1.2373e-01     15.713     89.508  67.340215    -0.4321    32.6683    12.6141   999.5045     13.698      9.445 0.0000e+00
      9.630 1.6934e-08   184.7283     1.4950     13.655 1.2370e-01     15.714     90.697  68.234982    -0.4181    32.6304    12.6141   999.5033     13.698      9.444 0.0000e+00
      9.631 1.8627e-07   184.7897     1.5048     13.368 1.2370e-01     15.714     86.800  65.303767    -0.3902    32.6634    12.6141   999.5032     13.699      9.445 0.0000e+00
      9.631 1.8627e-07   184.7781     1.4935     13.029 1.2375e-01     15.713     82.525  62.088229    -0.3716    32.6906    12.6138   999.5039     13.698      9.445 0.0000e+00
      9.631 1.6934e-08   184.5878     1.4731     12.728 1.2376e-01     15.713     80.917  60.878564    -0.3744    32.6496    12.6136   999.5057     13.698      9.444 0.0000e+00
      9.631 1.5395e-09   184.5540     1.4555     12.522 1.2372e-01     15.713     80.450  60.526800    -0.4057    32.7181    12.6136   999.5071     13.699      9.445 0.0000e+00
      9.631 1.3995e-10   184.7137     1.4228     12.392 1.2368e-01     15.713     79.999  60.186011    -0.4447    32.9346    12.6139   999.5042     13.699      9.445 0.0000e+00
      9.631 1.2723e-11   184.7985     1.3826     12.265 1.2368e-01     15.713     79.581  59.871402    -0.4645    33.0701    12.6145   999.5024     13.699      9.445 0.0000e+00
      9.631 1.1566e-12   184.8045     1.3485     12.136 1.2367e-01     15.713     79.451  59.772639    -0.4638    33.1205    12.6148   999.5023     13.698      9.445 0.0000e+00
      9.631 1.0515e-13   184.7869     1.3266     12.044 1.2365e-01     15.713     79.344  59.690771    -0.4460    33.0629    12.6145   999.5021     13.699      9.445 0.0000e+00
      9.631 9.5590e-15   184.7576     1.3179     11.965 1.2361e-01     15.713     80.549  60.596962    -0.4305    32.8546    12.6140   999.5021     13.698      9.444 0.0000e+00
      9.631 8.6901e-16   184.7946     1.3043     11.909 1.2362e-01     15.713     85.824  64.565773    -0.4275    32.6963    12.6136   999.5019     13.697      9.444 0.0000e+00
      9.631 7.9060e-17   184.8897     1.2863     11.952 1.2370e-01     15.713     93.205  70.118821    -0.4300    32.6593    12.6130   999.5021     13.699      9.445 0.0000e+00
      9.631 7.8349e-18   184.9611     1.2803     12.175 1.2375e-01     15.713     96.293  72.442971    -0.4414    32.8540    12.6124   999.5020     13.699      9.445 0.0000e+00
      9.631 7.8346e-18   185.0558     1.2716     12.585 1.2375e-01     15.713     94.700  71.246611    -0.4506    33.1957    12.6122   999.5019     13.699      9.445 0.0000e+00
      9.631 7.9058e-17   185.1742     1.2612     13.054 1.2373e-01     15.712     92.308  69.449137    -0.4464    33.3580    12.6122   999.5037     13.699      9.445 0.0000e+00
      9.631 8.6899e-16   185.2737     1.2638     13.478 1.2373e-01     15.712     90.212  67.873618    -0.4287    33.4080    12.6122   999.5078     13.698      9.444 0.0000e+00
      9.631 9.5589e-15   185.3987     1.2838     13.797 1.2373e-01     15.712     89.059  67.007291    -0.4272    33.4570    12.6130   999.5087     13.698      9.444 0.0000e+00
      9.631 1.0515e-13   185.5675     1.3364     13.907 1.2369e-01     15.712     88.942  66.919683    -0.4477    33.5046    12.6141   999.5071     13.698      9.444 0.0000e+00
      9.631 1.1566e-12   185.6791     1.3898     13.784 1.2365e-01     15.712     88.802  66.814366    -0.4568    33.5371    12.6152   999.5063     13.698      9.444 0.0000e+00
      9.631 1.2723e-11   185.6292     1.4334     13.429 1.2368e-01     15.712     87.872  66.115237    -0.4519    33.5411    12.6160   999.5052     13.699      9.445 0.0000e+00
      9.631 1.3995e-10   185.5672     1.4764     12.894 1.2374e-01     15.711     86.069  64.758484    -0.4173    33.4158    12.6166   999.5048     13.700      9.445 0.0000e+00
      9.631 1.5395e-09   185.7033     1.4851     12.300 1.2375e-01     15.711     84.483  63.565274    -0.3718    33.1549    12.6170   999.5050     13.699      9.445 0.0000e+00
      9.631 1.6934e-08   185.8986     1.4739     11.763 1.2372e-01     15.711     83.733  63.000115    -0.3685    32.9963    12.6172   999.5049     13.700      9.445 0.0000e+00
      9.631 1.8627e-07   185.9491     1.4346     11.402 1.2367e-01     15.711     83.324  62.691228    -0.3870    32.9398    12.6173   999.5046     13.699      9.445 0.0000e+00
      9.631 1.8627e-07   185.8836     1.3709     11.232 1.2360e-01     15.711     83.069  62.499417    -0.3864    32.9867    12.6172   999.5038     13.699      9.445 0.0000e+00
      9.631 1.6934e-08   185.7957     1.3062     11.188 1.2359e-01     15.709     83.018  62.460194    -0.3802    33.1512    12.6172   999.5031     13.699      9.445 0.0000e+00
      9.631 1.5395e-09   185.8327     1.2418     11.233 1.2366e-01     15.709     83.033  62.471151    -0.3777    33.2464    12.6168   999.5030     13.699      9.445 0.0000e+00
      9.631 1.3995e-10   185.9007     1.2031     11.326 1.2370e-01     15.710     82.909  62.377723    -0.3663    33.2109    12.6162   999.5029     13.699      9.445 0.0000e+00
      9.631 1.2723e-11   185.8442     1.1904     11.461 1.2372e-01     15.712     82.531  62.093090    -0.3661    33.1344    12.6158   999.5030     13.699      9.445 0.0000e+00
      9.631 1.1566e-12   185.7510     1.1846     11.659 1.2372e-01     15.712     82.176  61.825536    -0.3951    33.0765    12.6156   999.5029     13.699      9.445 0.0000e+00
      9.631 1.0515e-13   185.6339     1.1924     11.913 1.2368e-01     15.712     82.834  62.319839    -0.4306    33.0256    12.6154   999.5030     13.699      9.445 0.0000e+00
      9.631 9.5590e-15   185.5473     1.2027     12.211 1.2370e-01     15.712     83.889  63.113104    -0.4421    33.0002    12.6152   999.5029     13.699      9.445 0.0000e+00
      9.631 8.6900e-16   185.5640     1.2141     12.514 1.2373e-01     15.711     83.693  62.965449    -0.4381    33.0437    12.6148   999.5030     13.698      9.445 0.0000e+00
      9.631 7.9000e-17   185.5782     1.2381     12.785 1.2373e-01     15.710     84.009  63.203602    -0.4305    33.3460    12.6145   999.5025     13.699      9.445 0.0000e+00
      9.631 7.1820e-18   185.6327     1.2623     12.952 1.2374e-01     15.710     86.702  65.229856    -0.4269    33.8050    12.6143   999.5028     13.699      9.445 0.0000e+00
      9.631 6.5290e-19   185.7933     1.2992     13.055 1.2372e-01     15.710     89.055  67.001177    -0.4426    33.9932    12.6141   999.5038     13.699      9.445 0.0000e+00
      9.631 5.9355e-20   185.7990     1.3286     13.193 1.2374e-01     15.710     89.326  67.207017    -0.4580    34.0073    12.6142   999.5034     13.699      9.445 0.0000e+00
      9.631 5.3960e-21   185.6157     1.3641     13.313 1.2380e-01     15.710     89.159  67.083371    -0.4511    34.2160    12.6141   999.5029     13.698      9.444 0.0000e+00
      9.631 4.9052e-22   185.5557     1.3810     13.404 1.2379e-01     15.710     88.243  66.396140    -0.4346    34.5948    12.6139   999.5046     13.699      9.445 0.0000e+00
      9.632 4.4593e-23   185.6765     1.3807     13.437 1.2373e-01     15.710     86.131  64.808395    -0.4306    34.8103    12.6146   999.5057     13.699      9.445 0.0000e+00
      9.632 4.0539e-24   185.8711     1.4061     13.367 1.2369e-01     15.709     83.911  63.138829    -0.4311    34.7962    12.6157   999.5050     13.700      9.446 0.0000e+00
      9.632 3.6854e-25   186.0146     1.4139     13.242 1.2371e-01     15.709     82.104  61.778948    -0.4211    34.4930    12.6167   999.5051     13.700      9.446 0.0000e+00
      9.632 3.3503e-26   186.0356     1.4259     13.099 1.2367e-01     15.709     81.084  61.011422    -0.3961    33.9937    12.6181   999.5047     13.700      9.446 0.0000e+00
      9.632 3.0458e-27   186.1253     1.4334     12.903 1.2365e-01     15.708     81.037  60.975351    -0.3771    33.7373    12.6190   999.5036     13.700      9.446 0.0000e+00
      9.632 2.7689e-28   186.2392     1.4213     12.647 1.2374e-01     15.708     81.187  61.088644    -0.3722    33.6593    12.6193   999.5029     13.699      9.445 0.0000e+00
      9.631 2.5172e-29   186.2075     1.4070     12.375 1.2368e-01     15.708     80.372  60.475048    -0.3661    33.3936    12.6192   999.5020     13.699      9.445 0.0000e+00
      9.631 2.2883e-30   186.2590     1.3935     12.097 1.2357e-01     15.708     78.861  59.338279    -0.3701    32.9626    12.6191   999.5017     13.698      9.445 0.0000e+00
      9.631 2.0803e-31   186.4308     1.3752     11.891 1.2361e-01     15.708     78.120  58.780429    -0.3723    32.7059    12.6192   999.5018     13.699      9.445 0.0000e+00
      9.631 1.8912e-32   186.4779     1.3419     11.813 1.2372e-01     15.708     78.500  59.066968    -0.3733    32.6575    12.6190   999.5021     13.699      9.445 0.0000e+00
      9.631 1.7192e-33   186.4846     1.3171     11.804 1.2379e-01     15.707     78.990  59.435601    -0.3923    32.7898    12.6189   999.5018     13.700      9.446 0.0000e+00
      9.631 1.5629e-34   186.5984     1.2830     11.904 1.2374e-01     15.707     79.314  59.679738    -0.4111    33.0355    12.6188   999.5009     13.699      9.445 0.0000e+00
      9.631 1.4209e-35   186.7353     1.2549     12.112 1.2367e-01     15.707     79.552  59.858631    -0.4197    33.1565    12.6190   999.5006     13.699      9.445 0.0000e+00
      9.632 1.2917e-36   186.8493     1.2563     12.344 1.2363e-01     15.707     79.838  60.073737    -0.4296    33.1877    12.6192   999.5010     13.700      9.446 0.0000e+00
      9.632 1.1743e-37   186.9433     1.2487     12.599 1.2363e-01     15.707     80.238  60.374454    -0.4443    33.1723    12.6191   999.5011     13.699      9.445 0.0000e+00
      9.632 1.0675e-38   187.0121     1.2588     12.849 1.2368e-01     15.707     80.248  60.381297    -0.4450    33.1078    12.6193   999.5012     13.700      9.446 0.0000e+00
      9.632 9.7050e-40   187.0785     1.2890     13.074 1.2366e-01     15.707     79.949  60.156516    -0.4286    33.0261    12.6193   999.5013     13.699      9.445 0.0000e+00
      9.632 8.8225e-41   187.2295     1.3089     13.311 1.2363e-01     15.707     79.668  59.943956    -0.4181    32.9741    12.6191   999.5013     13.700      9.446 0.0000e+00
      9.632 8.0205e-42   187.3759     1.3390     13.560 1.2369e-01     15.707     79.959  60.162080    -0.4228    32.9608    12.6192   999.5017     13.699      9.445 0.0000e+00
      9.632 7.2915e-43   187.3863     1.3676     13.794 1.2372e-01     15.707     80.671  60.697088    -0.4281    32.8647    12.6190   999.5016     13.699      9.445 0.0000e+00
      9.632 6.6285e-44   187.4406     1.3872     13.998 1.2367e-01     15.707     80.667  60.694366    -0.4155    32.7043    12.6188   999.5015     13.699      9.445 0.0000e+00
      9.632 6.0260e-45   187.6029     1.4139     14.129 1.2362e-01     15.707     80.000  60.192745    -0.3935    32.6694    12.6184   999.5013     13.699      9.445 0.0000e+00
      9.632 5.4780e-46   187.7993     1.4419     14.151 1.2360e-01     15.707     79.450  59.778533    -0.3726    32.7514    12.6179   999.5014     13.699      9.445 0.0000e+00
      9.632 4.9801e-47   188.0084     1.4660     14.108 1.2366e-01     15.707     79.078  59.498323    -0.3635    32.8031    12.6174   999.5020     13.699      9.445 0.0000e+00
      9.632 4.5310e-48   188.0665     1.4903     14.111 1.2371e-01     15.706     78.707  59.219060    -0.3689    32.8481    12.6172   999.5021     13.699      9.445 0.0000e+00
      9.632 4.5133e-49   188.0719     1.5059     14.177 1.2366e-01     15.706     78.425  59.006872    -0.3719    32.9189    12.6172   999.5017     13.700      9.446 0.0000e+00
      9.632 4.7469e-49   188.1596     1.5071     14.207 1.2357e-01     15.706     77.948  58.648175    -0.3799    32.9729    12.6170   999.5015     13.699      9.445 0.0000e+00
