Data/DataNotYetUploadedToEDI/Raw_CTD/RawDownloads/101325_fcr30_S7809004.cnv
* Sea-Bird SBE19plus  Data File:
* FileName = C:\R\Reservoirs\Data\DataNotYetUploadedToEDI\Raw_CTD\RawDownloads\101325_fcr50_S7809_0004.hex
* Software version 2.8.0.119
* Temperature SN = 7809
* Conductivity SN = 7809
* System UpLoad Time = Oct 16 2025 15:04:33
* <ApplicationData>
* <Seaterm232>
# nquan = 15
# nvalues = 1256                        
# units = specified
# name 0 = depFM: Depth [fresh water, m]
# name 1 = dz/dtM: Descent Rate [m/s]
# name 2 = sbeox0Mg/L: Oxygen, SBE 43 [mg/l]
# name 3 = sbeox0PS: Oxygen, SBE 43 [% saturation]
# name 4 = specc: Specific Conductance [uS/cm]
# name 5 = c0uS/cm: Conductivity [uS/cm]
# name 6 = flECO-AFL: Fluorescence, WET Labs ECO-AFL/FL [mg/m^3]
# name 7 = ph: pH
# name 8 = orp: Oxidation Reduction Potential [mV]
# name 9 = par/sat/log: PAR/Logarithmic, Satlantic
# name 10 = turbWETntu0: Turbidity, WET Labs ECO [NTU]
# name 11 = prdM: Pressure, Strain Gauge [db]
# name 12 = prdE: Pressure, Strain Gauge [psi]
# name 13 = tv290C: Temperature [ITS-90, deg C]
# name 14 = flag:  0.000e+00
# span 0 =     -0.682,      5.103       
# span 1 =     -0.228,      0.323       
# span 2 =    -0.3482,     9.2640       
# span 3 =     -3.209,     97.496       
# span 4 =      0.760,     79.858       
# span 5 =   0.664711,  64.064287       
# span 6 =    -0.0639,     2.3103       
# span 7 =     -2.273,      9.053       
# span 8 = -1240.7455,   152.3240       
# span 9 = 1.2356e-01, 7.3082e+02       
# span 10 =     1.1134,   143.9226      
# span 11 =     -0.669,      5.005      
# span 12 =     -0.971,      7.259      
# span 13 =    13.1567,    18.6847      
# span 14 = 0.0000e+00, 0.0000e+00      
# interval = seconds: 0.25
# start_time = Oct 13 2025 13:16:22 [Instrument's time stamp, header]
# bad_flag = -9.990e-29
*END*
[from data line 1157]
      5.021      0.000     4.0202     38.196     66.067  50.456735     0.3550      8.435    67.8391 1.2368e-01    24.6230      4.924      7.141    13.1736 0.0000e+00
      5.020     -0.004     4.0104     38.255     66.072  50.466063     0.3420      8.434    67.7846 1.2377e-01    24.6707      4.923      7.140    13.1725 0.0000e+00
      5.018     -0.007     4.0026     38.314     66.098  50.492681     0.3125      8.433    67.6771 1.2379e-01    24.5684      4.921      7.137    13.1759 0.0000e+00
      5.014     -0.007     4.0018     38.362     66.131  50.524578     0.3154      8.432    67.4007 1.2376e-01    24.5134      4.917      7.131    13.1805 0.0000e+00
      5.010     -0.003     4.0066     38.380     66.136  50.534246     0.3435      8.431    67.0235 1.2381e-01    24.5194      4.913      7.126    13.1825 0.0000e+00
      5.008      0.003     4.0138     38.372     66.142  50.546082     0.3529      8.430    66.8157 1.2381e-01    24.5039      4.909      7.121    13.1868 0.0000e+00
      5.009      0.009     4.0187     38.359     66.207  50.604197     0.3373      8.430    66.6949 1.2375e-01    24.4620      4.912      7.124    13.1923 0.0000e+00
      5.014      0.013     4.0252     38.329     66.272  50.665444     0.3215      8.428    66.4236 1.2371e-01    24.6273      4.915      7.130    13.1965 0.0000e+00
      5.021      0.015     4.0265     38.271     66.317  50.715145     0.3276      8.426    66.0306 1.2367e-01    25.0688      4.924      7.141    13.2017 0.0000e+00
      5.029      0.015     4.0231     38.183     66.349  50.760655     0.3456      8.426    65.6424 1.2364e-01    25.4271      4.934      7.155    13.2074 0.0000e+00
      5.033      0.012     4.0229     38.063     66.343  50.771235     0.3719      8.426    65.3443 1.2367e-01    25.6119      4.938      7.162    13.2127 0.0000e+00
      5.033      0.006     4.0191     37.913     66.345  50.779586     0.3714      8.425    65.0929 1.2370e-01    25.6304      4.936      7.159    13.2214 0.0000e+00
      5.033      0.000     4.0117     37.700     66.358  50.798135     0.3302      8.424    64.9260 1.2367e-01    25.5136      4.933      7.156    13.2316 0.0000e+00
      5.035     -0.005     4.0020     37.387     66.349  50.805030     0.3077      8.423    64.7031 1.2367e-01    25.4290      4.939      7.164    13.2504 0.0000e+00
      5.033     -0.009     3.9863     36.991     66.325  50.799465     0.3077      8.423    64.2910 1.2370e-01    25.4277      4.938      7.162    13.2662 0.0000e+00
      5.028     -0.010     3.9728     36.557     66.306  50.794361     0.3210      8.423    63.9006 1.2372e-01    25.3605      4.930      7.151    13.2639 0.0000e+00
      5.023     -0.011     3.9524     36.123     66.318  50.806831     0.3353      8.421    63.5972 1.2372e-01    25.0606      4.926      7.145    13.2705 0.0000e+00
      5.019     -0.011     3.9168     35.723     66.342  50.823238     0.3307      8.419    63.2895 1.2370e-01    24.7738      4.921      7.137    13.2842 0.0000e+00
      5.017     -0.010     3.8727     35.370     66.318  50.802239     0.3238      8.419    62.9327 1.2365e-01    24.6936      4.918      7.133    13.2938 0.0000e+00
      5.018     -0.007     3.8254     35.063     66.243  50.743420     0.3110      8.419    62.4671 1.2361e-01    24.6721      4.923      7.140    13.3017 0.0000e+00
      5.017     -0.003     3.7785     34.835     66.170  50.683557     0.3086      8.417    61.8761 1.2358e-01    24.5826      4.922      7.138    13.3039 0.0000e+00
      5.013      0.001     3.7358     34.706     66.142  50.649926     0.3363      8.417    61.3797 1.2365e-01    24.4648      4.914      7.128    13.3010 0.0000e+00
      5.012      0.003     3.7009     34.685     66.169  50.654266     0.3544      8.417    61.1108 1.2377e-01    24.4098      4.914      7.127    13.2982 0.0000e+00
      5.015      0.002     3.6658     34.775     66.208  50.672507     0.3368      8.416    60.9478 1.2379e-01    24.3609      4.916      7.130    13.2985 0.0000e+00
      5.020     -0.000     3.6418     34.950     66.219  50.679978     0.3147      8.415    60.8721 1.2379e-01    24.3867      4.922      7.139    13.2973 0.0000e+00
      5.024     -0.002     3.6292     35.194     66.215  50.681099     0.3196      8.415    60.7972 1.2385e-01    24.5510      4.931      7.151    13.2881 0.0000e+00
      5.022     -0.003     3.6273     35.518     66.220  50.686060     0.3372      8.415    60.6447 1.2391e-01    24.6734      4.926      7.146    13.2708 0.0000e+00
      5.014     -0.003     3.6395     35.889     66.212  50.676470     0.3457      8.415    60.4910 1.2389e-01    24.7054      4.915      7.129    13.2609 0.0000e+00
      5.009     -0.002     3.6582     36.215     66.158  50.628636     0.3303      8.415    60.3156 1.2383e-01    24.7665      4.909      7.120    13.2628 0.0000e+00
      5.009      0.001     3.6825     36.471     66.070  50.552183     0.3008      8.415    60.1583 1.2377e-01    24.9337      4.911      7.123    13.2676 0.0000e+00
      5.014      0.006     3.7160     36.676     66.038  50.514049     0.2891      8.414    60.1380 1.2368e-01    25.0527      4.918      7.133    13.2698 0.0000e+00
      5.017      0.010     3.7617     36.806     66.105  50.548531     0.3130      8.413    60.2421 1.2362e-01    25.0791      4.920      7.136    13.2667 0.0000e+00
      5.020      0.012     3.7962     36.876     66.173  50.588091     0.3482      8.412    60.2131 1.2367e-01    25.3550      4.922      7.139    13.2599 0.0000e+00
      5.025      0.010     3.8211     36.941     66.205  50.611367     0.3405      8.412    59.8732 1.2378e-01    25.7928      4.929      7.148    13.2552 0.0000e+00
      5.029      0.007     3.8462     37.020     66.232  50.639459     0.3037      8.411    59.5734 1.2385e-01    26.0003      4.932      7.154    13.2451 0.0000e+00
      5.030      0.004     3.8607     37.124     66.263  50.673770     0.2860      8.411    59.5998 1.2387e-01    26.0192      4.934      7.156    13.2279 0.0000e+00
      5.029      0.001     3.8652     37.272     66.297  50.708740     0.3014      8.411    59.6758 1.2385e-01    26.0553      4.931      7.152    13.2182 0.0000e+00
      5.028     -0.002     3.8724     37.412     66.333  50.744801     0.3318      8.410    59.6326 1.2380e-01    26.1634      4.928      7.148    13.2171 0.0000e+00
      5.028     -0.004     3.8806     37.484     66.384  50.792300     0.3284      8.410    59.5070 1.2376e-01    26.1993      4.932      7.153    13.2249 0.0000e+00
      5.027     -0.004     3.8872     37.474     66.430  50.838559     0.2936      8.410    59.3616 1.2373e-01    26.1478      4.931      7.152    13.2345 0.0000e+00
      5.024     -0.004     3.9066     37.390     66.439  50.859637     0.2776      8.409    59.3376 1.2380e-01    26.1212      4.926      7.143    13.2402 0.0000e+00
      5.023     -0.004     3.9223     37.227     66.416  50.856673     0.3012      8.409    59.3040 1.2393e-01    26.1168      4.925      7.143    13.2468 0.0000e+00
      5.023     -0.005     3.9301     37.001     66.413  50.866241     0.3376      8.409    59.1266 1.2393e-01    26.1288      4.927      7.146    13.2530 0.0000e+00
      5.023     -0.005     3.9273     36.728     66.459  50.911832     0.3513      8.409    58.9996 1.2386e-01    26.1296      4.926      7.145    13.2603 0.0000e+00
      5.022     -0.007     3.9183     36.409     66.515  50.963436     0.3502      8.408    58.9734 1.2382e-01    26.0577      4.925      7.143    13.2714 0.0000e+00
      5.020     -0.011     3.9000     36.084     66.531  50.982201     0.3410      8.407    58.8957 1.2377e-01    25.8737      4.922      7.140    13.2840 0.0000e+00
      5.018     -0.015     3.8728     35.761     66.483  50.948226     0.3316      8.406    58.8335 1.2372e-01    25.7498      4.920      7.137    13.2934 0.0000e+00
      5.014     -0.016     3.8471     35.433     66.385  50.870150     0.3449      8.406    58.8239 1.2374e-01    25.8248      4.919      7.134    13.2999 0.0000e+00
      5.007     -0.014     3.8082     35.114     66.309  50.800172     0.3603      8.406    58.7802 1.2379e-01    25.8917      4.911      7.123    13.3076 0.0000e+00
      5.000     -0.010     3.7751     34.799     66.252  50.737100     0.3426      8.406    58.7354 1.2377e-01    25.7729      4.901      7.109    13.3124 0.0000e+00
      4.995     -0.005     3.7420     34.497     66.204  50.679017     0.3062      8.406    58.7115 1.2375e-01    25.5502      4.897      7.103    13.3148 0.0000e+00
      4.995      0.000     3.7057     34.277     66.218  50.669356     0.3029      8.406    58.5775 1.2376e-01    25.4878      4.897      7.104    13.3142 0.0000e+00
      5.000      0.007     3.6745     34.208     66.255  50.683762     0.3278      8.406    58.1480 1.2373e-01    25.6672      4.903      7.111    13.3038 0.0000e+00
      5.005      0.016     3.6426     34.293     66.238  50.662691     0.3497      8.405    57.6483 1.2373e-01    26.2841      4.910      7.121    13.2889 0.0000e+00
      5.009      0.026     3.6099     34.543     66.177  50.605070     0.3675      8.405    57.4403 1.2381e-01    27.1745      4.913      7.126    13.2712 0.0000e+00
      5.011      0.033     3.5829     34.905     66.143  50.558542     0.3685      8.406    57.3543 1.2387e-01    27.5859      4.913      7.125    13.2550 0.0000e+00
      5.018      0.036     3.5803     35.282     66.158  50.544587     0.3780      8.407    57.2956 1.2381e-01    27.8417      4.916      7.130    13.2441 0.0000e+00
      5.034      0.033     3.5865     35.677     66.203  50.563307     0.4578      8.405    57.2464 1.2375e-01    30.1652      4.935      7.158    13.2398 0.0000e+00
      5.054      0.026     3.6143     36.072     66.248  50.594374     0.5763      8.403    57.0174 1.2378e-01    34.2616      4.959      7.193    13.2360 0.0000e+00
      5.064      0.018     3.6618     36.392     66.251  50.602714     0.6200      8.402    56.7647 1.2374e-01    36.4130      4.971      7.210    13.2173 0.0000e+00
      5.063      0.009     3.6989     36.609     66.241  50.600659     0.5950      8.403    56.6006 1.2368e-01    36.4336      4.969      7.207    13.1938 0.0000e+00
      5.053     -0.001     3.7426     36.751     66.280  50.633041     0.5569      8.403    56.4950 1.2377e-01    35.2627      4.954      7.185    13.1807 0.0000e+00
      5.047     -0.009     3.7886     36.828     66.331  50.676746     0.5086      8.402    56.4351 1.2386e-01    33.1865      4.944      7.170    13.1799 0.0000e+00
      5.048     -0.013     3.8224     36.853     66.327  50.684608     0.4936      8.401    56.3071 1.2384e-01    32.1330      4.949      7.179    13.1877 0.0000e+00
      5.050     -0.012     3.8422     36.869     66.283  50.664613     0.5176      8.401    56.1511 1.2380e-01    32.0211      4.955      7.186    13.1928 0.0000e+00
      5.047     -0.008     3.8573     36.883     66.219  50.625503     0.5156      8.400    56.0111 1.2375e-01    31.8334      4.951      7.181    13.1921 0.0000e+00
      5.039     -0.004     3.8659     36.874     66.176  50.592735     0.4529      8.400    55.9058 1.2372e-01    31.0604      4.942      7.168    13.1944 0.0000e+00
      5.033     -0.002     3.8640     36.848     66.178  50.585904     0.3831      8.400    55.9101 1.2371e-01    29.7792      4.934      7.155    13.2041 0.0000e+00
      5.034     -0.002     3.8652     36.805     66.216  50.606404     0.3716      8.399    55.8908 1.2368e-01    29.1866      4.935      7.157    13.2160 0.0000e+00
      5.040     -0.001     3.8677     36.750     66.279  50.650084     0.3966      8.397    55.7589 1.2370e-01    29.1214      4.942      7.168    13.2254 0.0000e+00
      5.045     -0.001     3.8653     36.701     66.304  50.669547     0.4114      8.397    55.6054 1.2378e-01    28.4100      4.950      7.179    13.2257 0.0000e+00
      5.045     -0.001     3.8639     36.679     66.280  50.651246     0.4008      8.397    55.3256 1.2382e-01    27.2462      4.950      7.180    13.2163 0.0000e+00
      5.039     -0.000     3.8604     36.687     66.244  50.619301     0.3765      8.397    54.9573 1.2384e-01    26.6992      4.941      7.167    13.2077 0.0000e+00
      5.033      0.002     3.8535     36.696     66.234  50.600784     0.3754      8.397    54.6796 1.2383e-01    27.0908      4.934      7.157    13.2049 0.0000e+00
      5.033      0.007     3.8476     36.686     66.271  50.617839     0.4622      8.398    54.3762 1.2373e-01    31.4684      4.933      7.154    13.2069 0.0000e+00
      5.038      0.017     3.8446     36.656     66.304  50.635002     0.6107      8.398    54.1288 1.2370e-01    39.4230      4.940      7.163    13.2082 0.0000e+00
      5.045      0.028     3.8472     36.597     66.291  50.617800     0.6812      8.397    54.0112 1.2381e-01    43.8485      4.949      7.177    13.2056 0.0000e+00
      5.051      0.035     3.8502     36.501     66.280  50.600333     0.6732      8.397    53.9011 1.2385e-01    46.0346      4.951      7.181    13.1958 0.0000e+00
      5.063      0.037     3.8492     36.385     66.307  50.614293     0.6889      8.397    53.9162 1.2373e-01    66.7423      4.962      7.196    13.1847 0.0000e+00
      5.081      0.035     3.8470     36.255     66.367  50.659593     0.7298      8.397    53.9361 1.2367e-01   104.6730      4.985      7.230    13.1811 0.0000e+00
      5.093      0.030     3.8422     36.104     66.420  50.703559     0.7513      8.397    53.7980 1.2370e-01   125.3795      4.998      7.249    13.1766 0.0000e+00
      5.097      0.023     3.8313     35.937     66.411  50.701395     0.7485      8.397    53.6222 1.2374e-01   127.5870      4.999      7.250    13.1675 0.0000e+00
      5.098      0.015     3.8195     35.767     66.400  50.696939     0.7543      8.396    53.4461 1.2378e-01   131.8429      5.000      7.251    13.1618 0.0000e+00
      5.099      0.008     3.8067     35.605     66.419  50.713178     0.7799      8.394    53.3891 1.2376e-01   139.4318      5.001      7.253    13.1622 0.0000e+00
      5.099      0.004     3.7898     35.456     66.411  50.707250     0.8084      8.394    53.3630 1.2365e-01   143.5443      5.001      7.253    13.1658 0.0000e+00
      5.100      0.003     3.7720     35.324     66.387  50.688760     0.8334      8.394    53.2163 1.2356e-01   143.9226      5.002      7.255    13.1697 0.0000e+00
      5.102      0.002     3.7530     35.229     66.375  50.680120     0.8321      8.393    53.1643 1.2360e-01   143.7316      5.003      7.257    13.1723 0.0000e+00
      5.102      0.002     3.7358     35.183     66.356  50.666276     0.7930      8.392    53.1650 1.2366e-01   141.0986      5.003      7.257    13.1739 0.0000e+00
      5.102      0.001     3.7206     35.183     66.333  50.648372     0.7519      8.392    53.0517 1.2366e-01   136.3411      5.003      7.257    13.1739 0.0000e+00
      5.103      0.001     3.7053     35.228     66.340  50.654144     0.7511      8.392    52.9127 1.2368e-01   133.7940      5.004      7.258    13.1736 0.0000e+00
      5.103      0.000     3.6952     35.325     66.364  50.672563     0.7835      8.391    52.7754 1.2375e-01   133.8029      5.004      7.258    13.1741 0.0000e+00
      5.102 1.8797e-08     3.6902     35.463     66.374  50.680583     0.7931      8.390    52.5964 1.2377e-01   135.5603      5.004      7.257    13.1744 0.0000e+00
      5.102 2.0677e-07     3.6908     35.612     66.384  50.687609     0.7677      8.390    52.4691 1.2376e-01   138.6803      5.004      7.257    13.1741 0.0000e+00
      5.103 2.0832e-07     3.6944     35.741     66.393  50.694015     0.7429      8.390    52.5272 1.2376e-01   140.3389      5.004      7.257    13.1744 0.0000e+00
      5.103 3.7566e-08     3.7052     35.796     66.394  50.694545     0.7347      8.390    52.6103 1.2377e-01   140.4478      5.004      7.257    13.1752 0.0000e+00
      5.103 -9.990e-29     3.7215 -9.990e-29 -9.990e-29 -9.990e-29 -9.990e-29 -9.990e-29 -9.990e-29 1.2373e-01 -9.990e-29      5.004      7.258    13.1753 0.0000e+00
