Data/DataNotYetUploadedToEDI/Raw_CTD/RawDownloads/101320_fcr50.cnv
* Sea-Bird SBE19plus  Data File:
* FileName = C:\DATA\101320_fcr50_0002.hex
* Software version 2.8.0.119
* Temperature SN = 7809
* Conductivity SN = 7809
* System UpLoad Time = Oct 13 2020 17:49:07
* <ApplicationData>
* <Seaterm232>
# nquan = 16
# nvalues = 4048                        
# units = specified
# name 0 = depFM: Depth [fresh water, m]
# name 1 = dz/dtM: Descent Rate [m/s]
# name 2 = orp: Oxidation Reduction Potential [mV]
# name 3 = sbeox0Mg/L: Oxygen, SBE 43 [mg/l]
# name 4 = sbeox0PS: Oxygen, SBE 43 [% saturation]
# name 5 = par/sat/log: PAR/Logarithmic, Satlantic
# name 6 = ph: pH
# name 7 = specc: Specific Conductance [uS/cm]
# name 8 = c0uS/cm: Conductivity [uS/cm]
# name 9 = flECO-AFL: Fluorescence, WET Labs ECO-AFL/FL [mg/m^3]
# name 10 = turbWETntu0: Turbidity, WET Labs ECO [NTU]
# name 11 = tv290C: Temperature [ITS-90, deg C]
# name 12 = density00: Density [density, kg/m^3]
# name 13 = prdE: Pressure, Strain Gauge [psi]
# name 14 = prdM: Pressure, Strain Gauge [db]
# name 15 = flag:  0.000e+00
# span 0 =     -0.672,      9.722       
# span 1 =     -4.098,      4.999       
# span 2 = -1240.7455,  1031.3258       
# span 3 =    -0.0058,    10.2317       
# span 4 =     -0.029,    107.333       
# span 5 = 1.2352e-01, 3.6839e+02       
# span 6 =     15.503,     15.906       
# span 7 =      1.017,    387.584       
# span 8 =   0.943322, 292.043958       
# span 9 =    -1.0787,     7.7994       
# span 10 =    -1.0285,   102.6346      
# span 11 =    12.5810,    21.3632      
# span 12 =   997.9194,   999.6099      
# span 13 =     -0.956,     13.829      
# span 14 =     -0.659,      9.534      
# span 15 = 0.0000e+00, 0.0000e+00      
# interval = seconds: 0.25
# start_time = Oct 12 2020 21:45:52 [Instrument's time stamp, header]
# bad_flag = -9.990e-29
*END*
[from data line 3978]
     -0.123     -0.164   117.4513     7.8616     81.810 2.1507e+02     15.528     37.785  31.632869     6.0863    14.9266    16.7711   998.8324     -0.182     -0.125 0.0000e+00
     -0.148     -0.164   115.9581     7.8694     82.091 2.1966e+02     15.527     37.786  31.650922     6.0731    14.8991    16.7857   998.8298     -0.200     -0.139 0.0000e+00
     -0.184     -0.168   115.0152     7.8882     82.414 2.2078e+02     15.524     37.763  31.651247     5.7836    14.4619    16.8083   998.8258     -0.252     -0.174 0.0000e+00
     -0.237     -0.171   114.2246     7.9084     82.737 2.1505e+02     15.523     37.723  31.636820     5.2567    13.7939    16.8350   998.8208     -0.338     -0.233 0.0000e+00
     -0.294     -0.170   113.1971     7.9296     83.036 2.0565e+02     15.523     37.666  31.603396     4.9576    13.4839    16.8555   998.8171     -0.423     -0.292 0.0000e+00
     -0.344     -0.160   110.7654     7.9506     83.273 1.9655e+02     15.523     37.612  31.564375     4.8182    13.2882    16.8748   998.8136     -0.495     -0.341 0.0000e+00
     -0.387     -0.140   107.1929     7.9816     83.402 1.9090e+02     15.523     37.592  31.545690     3.5425    10.9132    16.9035   998.8084     -0.556     -0.384 0.0000e+00
     -0.418     -0.118   105.6224     8.0071     83.400 1.8854e+02     15.524     37.626  31.567818     1.1972     6.5340    16.9317   998.8033     -0.601     -0.413 0.0000e+00
     -0.440     -0.108   108.2968     8.0344     83.231 1.8599e+02     15.526     37.800  31.705030    -0.0779     4.1827    16.9520   998.7997     -0.627     -0.432 0.0000e+00
     -0.456     -0.115   112.1679     8.0580     82.875 1.8457e+02     15.526     38.168  31.999223    -0.1832     4.0452    16.9614   998.7980     -0.651     -0.449 0.0000e+00
     -0.467     -0.127   114.2262     8.0708     82.388 1.8275e+02     15.527     38.523  32.269789    -0.1999     3.9784    16.9554   998.7990     -0.665     -0.459 0.0000e+00
     -0.489     -0.132   114.5989     8.0752     82.023 1.7467e+02     15.528     38.689  32.375078    -0.3658     3.2038    16.9447   998.8009     -0.668     -0.461 0.0000e+00
     -0.549     -0.130   113.4053     8.0594     82.028 1.6439e+02     15.531     38.815  32.447417    -0.6818     1.8898    16.9373   998.8019     -0.766     -0.528 0.0000e+00
     -0.620     -0.120   111.7529     8.0293     82.306 1.5538e+02     15.533     39.379  32.890594    -0.8538     1.2405    16.9218   998.8042     -0.918     -0.633 0.0000e+00
     -0.655     -0.101   111.1403     7.9773     82.469 1.4839e+02     15.534     38.136  31.832488    -0.8623     1.2237    16.8841   998.8108     -0.947     -0.654 0.0000e+00
     -0.660     -0.072   111.2467     7.9374     82.062 1.4529e+02     15.535     29.333  24.474469    -0.8704     0.8970    16.8339   998.8194     -0.935     -0.645 0.0000e+00
     -0.660     -0.037   111.6626     7.9500     80.630 1.4542e+02     15.537     16.713  13.938951    -0.9039     0.2084    16.7902   998.8270     -0.941     -0.649 0.0000e+00
     -0.660     -0.011   112.5560     7.9990     77.993 1.5016e+02     15.538     10.123   8.439541    -0.9440    -0.2003    16.7556   998.8329     -0.937     -0.647 0.0000e+00
     -0.660     -0.001   113.5298     8.0336     74.580 1.5667e+02     15.538      8.842   7.369671    -0.9550    -0.2339    16.7278   998.8387     -0.939     -0.648 0.0000e+00
     -0.660      0.001   114.0584     8.0143     71.114 1.5781e+02     15.538      9.036   7.530314    -0.9601    -0.2325    16.7063   998.8392     -0.938     -0.647 0.0000e+00
     -0.660      0.003   114.4738     7.8920     68.226 1.5420e+02     15.539      9.341   7.783793    -0.9864    -0.2870    16.6880   998.8361     -0.940     -0.648 0.0000e+00
     -0.660      0.004   116.2289     7.6168     66.260 1.5090e+02     15.540      8.643   7.202649    -0.9961    -0.3088    16.6757   998.8373     -0.940     -0.648 0.0000e+00
     -0.659      0.003   118.4159     7.2577     65.105 1.5063e+02     15.540      7.674   6.397014    -0.9816    -0.2549    16.6686   998.8384     -0.938     -0.647 0.0000e+00
     -0.656      0.002   118.9763     6.9013     64.594 1.5554e+02     15.540      7.304   6.090594    -0.9650    -0.2875    16.6649   998.8390     -0.937     -0.646 0.0000e+00
     -0.651     -0.000   119.2190     6.6028     64.717 1.6135e+02     15.540      7.310   6.095775    -0.9479    -0.4290    16.6600   998.8403     -0.922     -0.635 0.0000e+00
     -0.652     -0.002   120.2317     6.4223     65.368 1.6049e+02     15.539      7.138   5.952739    -0.9264    -0.4890    16.6607   998.8398     -0.921     -0.635 0.0000e+00
     -0.658     -0.004   122.1005     6.3170     66.413 1.5524e+02     15.538      6.826   5.691811    -0.9062    -0.4983    16.6787   998.8364     -0.943     -0.650 0.0000e+00
     -0.661     -0.005   125.4676     6.2579     67.674 1.5229e+02     15.537      6.415   5.348742    -0.8649    -0.5071    16.6907   998.8343     -0.942     -0.650 0.0000e+00
     -0.661     -0.005   128.6780     6.2788     68.912 1.5199e+02     15.539      5.965   4.972847    -0.7901    -0.4232    16.6912   998.8344     -0.940     -0.648 0.0000e+00
     -0.661     -0.003   130.1146     6.3449     70.017 1.4981e+02     15.540      5.785   4.821886    -0.7456    -0.3084    16.6904   998.8343     -0.942     -0.649 0.0000e+00
     -0.662     -0.001   130.4476     6.4512     70.972 1.4623e+02     15.539      5.900   4.917436    -0.7374    -0.2523    16.6878   998.8347     -0.942     -0.648 0.0000e+00
     -0.662 -6.425e-10   130.7261     6.5873     71.761 1.4866e+02     15.538      5.985   4.987641    -0.7380    -0.2598    16.6847   998.8352     -0.943     -0.650 0.0000e+00
     -0.661 -7.068e-09   131.3310     6.7092     72.371 1.6092e+02     15.533      5.816   4.847032    -0.8293    -0.3298    16.6798   998.8358     -0.941     -0.649 0.0000e+00
     -0.661 -7.774e-08   131.5664     6.8182     72.797 1.7365e+02     15.525      5.686   4.738000    -0.9838    -0.4124    16.6742   998.8367     -0.941     -0.649 0.0000e+00
     -0.662 -7.769e-08   131.6797     6.9124     73.079 1.8249e+02     15.514      5.926   4.936559    -1.0505    -0.4345    16.6688   998.8377     -0.942     -0.649 0.0000e+00
     -0.662 -6.435e-09   132.3563     6.9900     73.279 1.9627e+02     15.506      6.267   5.220243    -1.0541    -0.4598    16.6640   998.8386     -0.942     -0.649 0.0000e+00
     -0.662 -1.400e-10   133.4660     7.0512     73.462 2.0920e+02     15.503      6.383   5.316733    -1.0281    -0.4438    16.6595   998.8392     -0.942     -0.650 0.0000e+00
     -0.662 -1.540e-09   134.6863     7.0913     73.672 2.1270e+02     15.506      6.339   5.279518    -0.9648    -0.3092    16.6549   998.8399     -0.942     -0.649 0.0000e+00
     -0.662 -1.694e-08   135.4953     7.1178     73.929 2.2237e+02     15.511      6.337   5.277175    -0.9370    -0.2400    16.6498   998.8409     -0.941     -0.649 0.0000e+00
     -0.662 -1.863e-07   135.9348     7.1352     74.155 2.4621e+02     15.515      6.504   5.415124    -0.9397    -0.2938    16.6445   998.8419     -0.942     -0.650 0.0000e+00
     -0.663 -1.863e-07   136.2152     7.1524     74.230 2.6266e+02     15.519      6.747   5.616842    -0.9503    -0.5139    16.6399   998.8427     -0.943     -0.650 0.0000e+00
     -0.663 -1.693e-08   136.6483     7.1726     74.215 2.6801e+02     15.523      6.758   5.625151    -0.9789    -0.8416    16.6355   998.8434     -0.943     -0.650 0.0000e+00
     -0.663 -1.539e-09   137.7302     7.1989     74.210 2.7870e+02     15.525      6.398   5.325496    -0.9985    -0.9937    16.6313   998.8441     -0.942     -0.649 0.0000e+00
     -0.663 -1.400e-10   139.2288     7.2320     74.263 2.8485e+02     15.526      5.897   4.908402    -1.0062    -1.0135    16.6273   998.8449     -0.943     -0.650 0.0000e+00
     -0.663 -1.272e-11   140.4855     7.2331     74.358 2.7333e+02     15.526      5.496   4.573892    -0.9963    -1.0134    16.6232   998.8456     -0.943     -0.650 0.0000e+00
     -0.663 -1.157e-12   141.2239     7.2283     74.384 2.5533e+02     15.526      5.118   4.258924    -0.9552    -0.9924    16.6192   998.8464     -0.943     -0.650 0.0000e+00
     -0.663 -1.052e-13   141.6178     7.2293     74.366 2.4755e+02     15.526      4.673   3.887946    -0.9292    -0.9990    16.6150   998.8470     -0.942     -0.650 0.0000e+00
     -0.663 -9.560e-15   142.3226     7.2307     74.383 2.6198e+02     15.527      4.372   3.636484    -0.9394    -1.0247    16.6107   998.8475     -0.943     -0.651 0.0000e+00
     -0.663 -8.690e-16   143.4642     7.2520     74.447 2.9300e+02     15.527      4.207   3.499406    -0.9547    -1.0285    16.6064   998.8481     -0.943     -0.650 0.0000e+00
     -0.663 -7.900e-17   144.4078     7.2502     74.555 3.1320e+02     15.527      4.053   3.370974    -0.9897    -0.6670    16.6020   998.8488     -0.942     -0.650 0.0000e+00
     -0.663 -7.180e-18   144.3541     7.2453     74.637 3.0460e+02     15.527      3.953   3.287390    -1.0481     0.0496    16.5975   998.8494     -0.943     -0.650 0.0000e+00
     -0.663 -6.530e-19   143.2441     7.2502     74.703 2.7373e+02     15.527      3.907   3.249068    -1.0787     0.4263    16.5930   998.8502     -0.942     -0.650 0.0000e+00
     -0.663 -5.935e-20   142.2581     7.2531     74.808 2.5821e+02     15.529      3.802   3.161057    -1.0744     0.4545    16.5887   998.8509     -0.943     -0.650 0.0000e+00
     -0.663 -5.395e-21   142.3274     7.2712     74.904 2.9190e+02     15.533      3.513   2.920161    -1.0629     0.3214    16.5842   998.8515     -0.943     -0.650 0.0000e+00
     -0.663 -4.905e-22   143.3937     7.2787     74.969 3.3542e+02     15.539      3.149   2.617190    -1.0532    -0.0497    16.5797   998.8523     -0.943     -0.650 0.0000e+00
     -0.663 -4.459e-23   144.2242     7.2803     75.022 3.4676e+02     15.544      2.903   2.412151    -1.0524    -0.2905    16.5751   998.8531     -0.944     -0.651 0.0000e+00
     -0.663 -4.054e-24   144.3671     7.2968     75.074 3.5386e+02     15.547      2.818   2.341660    -1.0635    -0.2895    16.5705   998.8538     -0.942     -0.650 0.0000e+00
     -0.663 -3.686e-25   144.6909     7.3067     75.149 3.6839e+02     15.549      2.810   2.335075    -1.0545    -0.2780    16.5651   998.8546     -0.943     -0.650 0.0000e+00
     -0.663 -3.351e-26   145.2144     7.3127     75.214 3.6317e+02     15.551      2.807   2.332532    -1.0282    -0.3235    16.5571   998.8559     -0.944     -0.651 0.0000e+00
     -0.663 -3.046e-27   145.4479     7.3204     75.207 3.3351e+02     15.552      2.782   2.310906    -1.0227    -0.3932    16.5491   998.8572     -0.944     -0.651 0.0000e+00
     -0.663 -2.769e-28   145.4489     7.3236     75.155 3.0108e+02     15.553      2.802   2.327002    -1.0164    -0.3644    16.5427   998.8583     -0.943     -0.650 0.0000e+00
     -0.663 -2.517e-29   143.5922     7.3333     75.123 2.8396e+02     15.552      3.044   2.527152    -0.9999    -0.2848    16.5368   998.8593     -0.943     -0.650 0.0000e+00
     -0.663 -2.289e-30   141.5824     7.3447     75.123 2.7712e+02     15.552      3.485   2.893654    -1.0048    -0.2890    16.5314   998.8602     -0.943     -0.650 0.0000e+00
     -0.663 -2.081e-31   144.8955     7.3427     75.153 2.7133e+02     15.554      3.943   3.273873    -1.0176    -0.2782    16.5263   998.8610     -0.944     -0.651 0.0000e+00
     -0.663 -1.907e-32   151.3003     7.3350     75.213 2.7247e+02     15.556      4.308   3.576448    -1.0111    -0.2226    16.5215   998.8618     -0.944     -0.651 0.0000e+00
     -0.663 -3.439e-33   154.2353     7.3329     75.249 2.7978e+02     15.556      4.458   3.701033    -1.0027    -0.2010    16.5173   998.8626     -0.943     -0.650 0.0000e+00
     -0.663 -9.990e-29 -9.990e-29     7.3341 -9.990e-29 2.8500e+02 -9.990e-29 -9.990e-29 -9.990e-29 -9.990e-29 -9.990e-29    16.5130   998.8634     -0.943     -0.650 0.0000e+00
     -0.663 -9.990e-29 -9.990e-29     7.3364 -9.990e-29 2.8960e+02 -9.990e-29 -9.990e-29 -9.990e-29 -9.990e-29 -9.990e-29    16.5093   998.8642     -0.943     -0.650 0.0000e+00
     -0.663 -9.990e-29 -9.990e-29     7.3453 -9.990e-29 2.9483e+02 -9.990e-29 -9.990e-29 -9.990e-29 -9.990e-29 -9.990e-29    16.5045   998.8651     -0.944     -0.651 0.0000e+00
     -0.663 -9.990e-29 -9.990e-29     7.3531 -9.990e-29 2.9715e+02 -9.990e-29 -9.990e-29 -9.990e-29 -9.990e-29 -9.990e-29    16.5008   998.8657     -0.944     -0.651 0.0000e+00
