Data/DataNotYetUploadedToEDI/Raw_CTD/RawDownloads/101325_fcr20_S7809003.cnv
* Sea-Bird SBE19plus  Data File:
* FileName = C:\R\Reservoirs\Data\DataNotYetUploadedToEDI\Raw_CTD\RawDownloads\101325_fcr50_S7809_0003.hex
* Software version 2.8.0.119
* Temperature SN = 7809
* Conductivity SN = 7809
* System UpLoad Time = Oct 16 2025 15:03:51
* <ApplicationData>
* <Seaterm232>
# nquan = 15
# nvalues = 1149                        
# units = specified
# name 0 = depFM: Depth [fresh water, m]
# name 1 = dz/dtM: Descent Rate [m/s]
# name 2 = sbeox0Mg/L: Oxygen, SBE 43 [mg/l]
# name 3 = sbeox0PS: Oxygen, SBE 43 [% saturation]
# name 4 = specc: Specific Conductance [uS/cm]
# name 5 = c0uS/cm: Conductivity [uS/cm]
# name 6 = flECO-AFL: Fluorescence, WET Labs ECO-AFL/FL [mg/m^3]
# name 7 = ph: pH
# name 8 = orp: Oxidation Reduction Potential [mV]
# name 9 = par/sat/log: PAR/Logarithmic, Satlantic
# name 10 = turbWETntu0: Turbidity, WET Labs ECO [NTU]
# name 11 = prdM: Pressure, Strain Gauge [db]
# name 12 = prdE: Pressure, Strain Gauge [psi]
# name 13 = tv290C: Temperature [ITS-90, deg C]
# name 14 = flag:  0.000e+00
# span 0 =     -0.669,      3.587       
# span 1 =     -0.238,      0.289       
# span 2 =     3.6625,     9.2038       
# span 3 =     38.823,     96.106       
# span 4 =      1.660,    225.924       
# span 5 =   1.419574, 186.738240       
# span 6 =    -0.3256,     6.5388       
# span 7 =      8.687,      8.920       
# span 8 =    43.5167,   187.5960       
# span 9 = 7.3820e-01, 1.8484e+03       
# span 10 =    -0.2295,   112.5405      
# span 11 =     -0.657,      3.518      
# span 12 =     -0.953,      5.103      
# span 13 =    16.2675,    17.7910      
# span 14 = 0.0000e+00, 0.0000e+00      
# interval = seconds: 0.25
# start_time = Oct 13 2025 12:46:39 [Instrument's time stamp, header]
# bad_flag = -9.990e-29
*END*
[from data line 772]
      1.352      0.017     6.1267     63.203     41.136  34.523906     1.5664      8.912   173.8263 5.6501e+01     7.0913      1.327      1.924    16.9596 0.0000e+00
      1.355      0.016     6.1233     63.184     41.149  34.535442     1.5534      8.912   173.8453 5.6226e+01     7.0906      1.330      1.929    16.9591 0.0000e+00
      1.358      0.016     6.1211     63.205     41.137  34.525050     1.5590      8.912   173.9301 5.5915e+01     7.1577      1.331      1.931    16.9589 0.0000e+00
      1.361      0.015     6.1185     63.230     41.137  34.525154     1.5586      8.913   173.9920 5.5474e+01     7.2197      1.335      1.936    16.9589 0.0000e+00
      1.366      0.014     6.1115     63.237     41.152  34.536690     1.5324      8.914   173.9913 5.4949e+01     7.1917      1.339      1.942    16.9592 0.0000e+00
      1.370      0.014     6.1092     63.247     41.154  34.537635     1.5172      8.913   173.9211 5.4442e+01     7.1267      1.344      1.949    16.9597 0.0000e+00
      1.374      0.015     6.1131     63.288     41.154  34.536586     1.5166      8.912   173.8314 5.4069e+01     7.1507      1.347      1.955    16.9598 0.0000e+00
      1.377      0.016     6.1169     63.348     41.140  34.524011     1.5086      8.912   173.8536 5.3812e+01     7.2772      1.350      1.960    16.9592 0.0000e+00
      1.380      0.016     6.1159     63.391     41.128  34.512477     1.4867      8.912   173.9319 5.3517e+01     7.2894      1.352      1.962    16.9584 0.0000e+00
      1.384      0.015     6.1163     63.407     41.144  34.524021     1.4602      8.911   174.0036 5.3013e+01     7.1616      1.356      1.966    16.9575 0.0000e+00
      1.390      0.014     6.1200     63.358     41.161  34.536701     1.4620      8.911   174.0326 5.2343e+01     7.1331      1.362      1.975    16.9563 0.0000e+00
      1.395      0.012     6.1292     63.223     41.165  34.538884     1.4752      8.912   174.0238 5.1830e+01     7.2186      1.369      1.985    16.9553 0.0000e+00
      1.400      0.010     6.1319     63.094     41.179  34.550419     1.4627      8.913   174.0690 5.1680e+01     7.2720      1.374      1.992    16.9540 0.0000e+00
      1.400      0.009     6.1353     63.014     41.176  34.549276     1.4351      8.913   174.0628 5.1869e+01     7.2316      1.374      1.993    16.9514 0.0000e+00
      1.399      0.009     6.1344     62.951     41.146  34.525062     1.4081      8.913   173.9493 5.2082e+01     7.1402      1.371      1.989    16.9490 0.0000e+00
      1.399      0.009     6.1149     62.916     41.130  34.511439     1.4358      8.914   173.9005 5.1853e+01     7.1924      1.370      1.987    16.9476 0.0000e+00
      1.402      0.010     6.1009     62.917     41.130  34.511447     1.5201      8.914   173.9887 5.1238e+01     7.3500      1.374      1.993    16.9475 0.0000e+00
      1.408      0.012     6.0967     62.932     41.146  34.525166     1.5696      8.914   174.1564 5.0672e+01     7.4404      1.381      2.003    16.9486 0.0000e+00
      1.413      0.012     6.0885     62.963     41.176  34.550420     1.5602      8.914   174.2932 5.0294e+01     7.4649      1.386      2.010    16.9499 0.0000e+00
      1.416      0.012     6.0843     63.008     41.190  34.563005     1.5229      8.914   174.2660 5.0059e+01     7.4082      1.389      2.015    16.9505 0.0000e+00
      1.417      0.011     6.0871     63.046     41.175  34.550434     1.4934      8.914   174.1722 4.9879e+01     7.3696      1.390      2.016    16.9504 0.0000e+00
      1.418      0.010     6.0866     63.068     41.146  34.525327     1.4947      8.914   174.1916 4.9646e+01     7.3056      1.390      2.016    16.9500 0.0000e+00
      1.421      0.010     6.0904     63.081     41.132  34.513220     1.4892      8.914   174.2416 4.9400e+01     7.1804      1.393      2.021    16.9504 0.0000e+00
      1.424      0.011     6.0953     63.084     41.154  34.530944     1.4510      8.914   174.2613 4.9084e+01     7.1882      1.396      2.025    16.9511 0.0000e+00
      1.428      0.012     6.0996     63.071     41.178  34.549289     1.4157      8.914   174.2571 4.8696e+01     7.3322      1.400      2.030    16.9515 0.0000e+00
      1.431      0.013     6.1011     63.046     41.175  34.544679     1.4126      8.915   174.1910 4.8430e+01     7.4857      1.404      2.036    16.9513 0.0000e+00
      1.434      0.014     6.1025     63.015     41.169  34.538647     1.4221      8.916   174.1503 4.8238e+01     7.5080      1.406      2.039    16.9502 0.0000e+00
      1.437      0.015     6.1038     62.980     41.171  34.539801     1.4132      8.916   174.1951 4.8017e+01     7.4303      1.409      2.043    16.9488 0.0000e+00
      1.440      0.015     6.1019     62.935     41.194  34.558627     1.3964      8.915   174.3028 4.7660e+01     7.3668      1.412      2.047    16.9465 0.0000e+00
      1.444      0.015     6.1000     62.878     41.214  34.575935     1.3938      8.915   174.4197 4.7168e+01     7.2867      1.416      2.054    16.9440 0.0000e+00
      1.449      0.014     6.0969     62.810     41.194  34.558736     1.4071      8.915   174.4905 4.6758e+01     7.2470      1.422      2.063    16.9430 0.0000e+00
      1.454      0.012     6.0939     62.724     41.174  34.541013     1.4158      8.915   174.4707 4.6469e+01     7.2295      1.426      2.069    16.9429 0.0000e+00
      1.457      0.010     6.0895     62.616     41.187  34.551986     1.4077      8.915   174.4386 4.6299e+01     7.1762      1.429      2.073    16.9429 0.0000e+00
      1.458      0.010     6.0839     62.509     41.202  34.564519     1.4170      8.915   174.5320 4.6274e+01     7.2180      1.431      2.075    16.9424 0.0000e+00
      1.458      0.010     6.0777     62.454     41.203  34.565659     1.4455      8.916   174.5673 4.6191e+01     7.3253      1.430      2.074    16.9414 0.0000e+00
      1.459      0.012     6.0699     62.469     41.203  34.565763     1.4528      8.917   174.4349 4.5885e+01     7.3797      1.430      2.075    16.9409 0.0000e+00
      1.463      0.015     6.0587     62.533     41.203  34.565783     1.4305      8.917   174.3947 4.5470e+01     7.3972      1.435      2.081    16.9407 0.0000e+00
      1.468      0.018     6.0464     62.637     41.204  34.565893     1.4009      8.917   174.5107 4.4988e+01     7.3998      1.439      2.088    16.9406 0.0000e+00
      1.474      0.021     6.0395     62.762     41.207  34.567090     1.4019      8.916   174.5469 4.4356e+01     7.4800      1.445      2.095    16.9412 0.0000e+00
      1.482      0.023     6.0431     62.850     41.224  34.580256     1.4268      8.915   174.4884 4.3771e+01     7.5810      1.453      2.107    16.9425 0.0000e+00
      1.488      0.024     6.0491     62.876     41.246  34.598188     1.4351      8.915   174.4923 4.3426e+01     7.5285      1.459      2.117    16.9426 0.0000e+00
      1.493      0.026     6.0587     62.866     41.241  34.593565     1.4188      8.916   174.5078 4.3054e+01     7.3914      1.462      2.122    16.9402 0.0000e+00
      1.498      0.030     6.0749     62.823     41.235  34.587797     1.3958      8.917   174.5041 4.2489e+01     7.3242      1.468      2.129    16.9382 0.0000e+00
      1.505      0.036     6.0842     62.751     41.241  34.591902     1.3979      8.917   174.5329 4.1779e+01     7.3991      1.475      2.139    16.9377 0.0000e+00
      1.514      0.041     6.0847     62.685     41.227  34.579742     1.4110      8.917   174.5118 4.0924e+01     7.4090      1.483      2.152    16.9367 0.0000e+00
      1.525      0.045     6.0843     62.627     41.213  34.567668     1.4054      8.917   174.4208 3.9936e+01     7.2390      1.494      2.167    16.9357 0.0000e+00
      1.539      0.044     6.0809     62.576     41.220  34.572810     1.3963      8.917   174.3796 3.8593e+01     7.1200      1.507      2.186    16.9354 0.0000e+00
      1.557      0.039     6.0712     62.557     41.227  34.578474     1.3924      8.917   174.4443 3.7288e+01     7.1313      1.528      2.218    16.9351 0.0000e+00
      1.571      0.032     6.0656     62.571     41.220  34.572702     1.4084      8.917   174.5149 3.6773e+01     7.2052      1.545      2.240    16.9343 0.0000e+00
      1.576      0.023     6.0612     62.582     41.212  34.566460     1.4224      8.917   174.5439 3.6777e+01     7.2275      1.547      2.244    16.9334 0.0000e+00
      1.576      0.016     6.0538     62.561     41.212  34.566459     1.4048      8.917   174.5366 3.6827e+01     7.1962      1.546      2.242    16.9328 0.0000e+00
      1.574      0.016     6.0527     62.532     41.219  34.572689     1.3863      8.917   174.5133 3.6834e+01     7.1672      1.544      2.238    16.9326 0.0000e+00
      1.574      0.023     6.0548     62.515     41.225  34.578339     1.3825      8.918   174.5203 3.6748e+01     7.1171      1.543      2.237    16.9328 0.0000e+00
      1.577      0.033     6.0582     62.495     41.217  34.571323     1.4089      8.919   174.4494 3.6308e+01     7.2054      1.544      2.239    16.9332 0.0000e+00
      1.587      0.046     6.0541     62.492     41.194  34.551307     1.4551      8.919   174.3445 3.5133e+01     7.3806      1.551      2.250    16.9340 0.0000e+00
      1.606      0.057     6.0498     62.511     41.165  34.526667     1.4756      8.918   174.3700 3.3617e+01     7.3911      1.574      2.283    16.9348 0.0000e+00
      1.628      0.065     6.0507     62.520     41.167  34.527187     1.4818      8.918   174.4992 3.2501e+01     7.4002      1.599      2.320    16.9353 0.0000e+00
      1.645      0.068     6.0466     62.482     41.203  34.557586     1.4970      8.918   174.6171 3.1538e+01     7.5256      1.612      2.339    16.9342 0.0000e+00
      1.663      0.065     6.0464     62.391     41.227  34.576988     1.5095      8.919   174.6762 3.0328e+01     7.6082      1.628      2.361    16.9331 0.0000e+00
      1.683      0.058     6.0497     62.284     41.221  34.571439     1.4990      8.919   174.6974 2.9315e+01     7.5793      1.653      2.397    16.9326 0.0000e+00
      1.698      0.051     6.0521     62.199     41.202  34.553939     1.4714      8.919   174.6150 2.8746e+01     7.4493      1.668      2.419    16.9318 0.0000e+00
      1.707      0.045     6.0490     62.135     41.207  34.555726     1.4574      8.918   174.4553 2.8304e+01     7.3343      1.674      2.427    16.9314 0.0000e+00
      1.715      0.038     6.0385     62.081     41.252  34.593048     1.4550      8.918   174.4007 2.7863e+01     7.2819      1.682      2.440    16.9316 0.0000e+00
      1.724      0.031     6.0262     62.055     41.289  34.624514     1.4510      8.918   174.4709 2.7493e+01     7.2601      1.691      2.452    16.9307 0.0000e+00
      1.732      0.026     6.0190     62.061     41.283  34.618945     1.4330      8.918   174.5303 2.7168e+01     7.2420      1.699      2.463    16.9285 0.0000e+00
      1.739      0.022     6.0140     62.083     41.248  34.589161     1.4044      8.918   174.5171 2.6857e+01     7.2340      1.705      2.473    16.9256 0.0000e+00
      1.744      0.018     6.0076     62.108     41.239  34.581635     1.4046      8.918   174.4827 2.6641e+01     7.2996      1.711      2.482    16.9242 0.0000e+00
      1.748      0.014     6.0049     62.136     41.250  34.591394     1.4271      8.918   174.5445 2.6548e+01     7.2836      1.715      2.488    16.9247 0.0000e+00
      1.750      0.012     6.0062     62.154     41.236  34.580264     1.4360      8.918   174.6620 2.6477e+01     7.1780      1.716      2.488    16.9250 0.0000e+00
      1.751      0.012     6.0094     62.164     41.229  34.573957     1.4624      8.918   174.6127 2.6374e+01     7.1491      1.716      2.489    16.9244 0.0000e+00
      1.753      0.013     6.0107     62.179     41.234  34.578580     1.5289      8.918   174.4651 2.6219e+01     7.2078      1.719      2.492    16.9241 0.0000e+00
      1.757      0.015     6.0148     62.186     41.227  34.572713     1.5832      8.918   174.4251 2.5989e+01     7.3073      1.722      2.498    16.9248 0.0000e+00
      1.762      0.017     6.0162     62.178     41.219  34.566463     1.6112      8.918   174.4740 2.5726e+01     7.2933      1.728      2.506    16.9256 0.0000e+00
      1.767      0.018     6.0157     62.173     41.219  34.566462     1.6173      8.919   174.5395 2.5421e+01     7.1748      1.733      2.513    16.9261 0.0000e+00
      1.773      0.018     6.0185     62.168     41.226  34.572702     1.6074      8.919   174.6152 2.5138e+01     7.1728      1.738      2.521    16.9260 0.0000e+00
      1.778      0.018     6.0198     62.160     41.231  34.578466     1.6156      8.918   174.7012 2.4977e+01     7.3378      1.743      2.530    16.9256 0.0000e+00
      1.781      0.019     6.0176     62.171     41.224  34.572707     1.6413      8.918   174.6323 2.4877e+01     7.5292      1.746      2.533    16.9259 0.0000e+00
      1.784      0.021     6.0172     62.200     41.217  34.566523     1.6693      8.919   174.4708 2.4701e+01     7.5741      1.748      2.535    16.9265 0.0000e+00
      1.789      0.022     6.0177     62.231     41.218  34.567148     1.6876      8.919   174.4699 2.4367e+01     7.4713      1.752      2.542    16.9271 0.0000e+00
      1.796      0.023     6.0146     62.286     41.234  34.580263     1.7044      8.919   174.5352 2.3952e+01     7.4478      1.761      2.554    16.9281 0.0000e+00
      1.805      0.023     6.0160     62.361     41.256  34.598191     1.7313      8.919   174.5719 2.3587e+01     7.5283      1.771      2.568    16.9290 0.0000e+00
      1.812      0.023     6.0206     62.428     41.251  34.593567     1.7461      8.919   174.6549 2.3363e+01     7.5569      1.778      2.579    16.9291 0.0000e+00
      1.816      0.023     6.0213     62.484     41.245  34.587800     1.7251      8.919   174.6792 2.3235e+01     7.4867      1.782      2.584    16.9287 0.0000e+00
      1.820      0.023     6.0271     62.515     41.250  34.591905     1.6944      8.920   174.6077 2.3075e+01     7.3967      1.784      2.588    16.9282 0.0000e+00
      1.824      0.024     6.0367     62.523     41.236  34.579755     1.6997      8.920   174.6497 2.2820e+01     7.4250      1.788      2.594    16.9272 0.0000e+00
      1.830      0.025     6.0416     62.516     41.222  34.567795     1.7219      8.919   174.7581 2.2490e+01     7.5205      1.795      2.603    16.9261 0.0000e+00
      1.838      0.028     6.0490     62.481     41.230  34.574186     1.7050      8.919   174.7997 2.2140e+01     7.5612      1.803      2.615    16.9257 0.0000e+00
      1.846      0.030     6.0516     62.405     41.255  34.593589     1.6447      8.919   174.8084 2.1809e+01     7.5072      1.810      2.626    16.9253 0.0000e+00
      1.854      0.030     6.0515     62.298     41.280  34.612047     1.5930      8.919   174.8626 2.1491e+01     7.4142      1.818      2.637    16.9251 0.0000e+00
      1.862      0.030     6.0519     62.183     41.275  34.607019     1.5794      8.919   174.9389 2.1151e+01     7.4272      1.826      2.648    16.9251 0.0000e+00
      1.871      0.029     6.0492     62.081     41.264  34.596236     1.5554      8.919   174.8705 2.0809e+01     7.4940      1.835      2.661    16.9247 0.0000e+00
      1.879      0.026     6.0415     61.996     41.280  34.608562     1.4930      8.919   174.7240 2.0526e+01     7.4695      1.843      2.673    16.9231 0.0000e+00
      1.886      0.023     6.0305     61.903     41.305  34.629162     1.4498      8.919   174.7163 2.0342e+01     7.4055      1.850      2.683    16.9200 0.0000e+00
      1.891      0.020     6.0193     61.800     41.336  34.654966     1.4413      8.920   174.7769 2.0214e+01     7.3685      1.854      2.690    16.9175 0.0000e+00
      1.895      0.017     6.0082     61.695     41.350  34.666767     1.4388      8.920   174.7690 2.0094e+01     7.3636      1.858      2.695    16.9160 0.0000e+00
