Data/DataNotYetUploadedToEDI/Raw_CTD/RawDownloads/101325_fcr20_S7809003.cnv
* Sea-Bird SBE19plus  Data File:
* FileName = C:\R\Reservoirs\Data\DataNotYetUploadedToEDI\Raw_CTD\RawDownloads\101325_fcr50_S7809_0003.hex
* Software version 2.8.0.119
* Temperature SN = 7809
* Conductivity SN = 7809
* System UpLoad Time = Oct 16 2025 15:03:51
* <ApplicationData>
* <Seaterm232>
# nquan = 15
# nvalues = 1149                        
# units = specified
# name 0 = depFM: Depth [fresh water, m]
# name 1 = dz/dtM: Descent Rate [m/s]
# name 2 = sbeox0Mg/L: Oxygen, SBE 43 [mg/l]
# name 3 = sbeox0PS: Oxygen, SBE 43 [% saturation]
# name 4 = specc: Specific Conductance [uS/cm]
# name 5 = c0uS/cm: Conductivity [uS/cm]
# name 6 = flECO-AFL: Fluorescence, WET Labs ECO-AFL/FL [mg/m^3]
# name 7 = ph: pH
# name 8 = orp: Oxidation Reduction Potential [mV]
# name 9 = par/sat/log: PAR/Logarithmic, Satlantic
# name 10 = turbWETntu0: Turbidity, WET Labs ECO [NTU]
# name 11 = prdM: Pressure, Strain Gauge [db]
# name 12 = prdE: Pressure, Strain Gauge [psi]
# name 13 = tv290C: Temperature [ITS-90, deg C]
# name 14 = flag:  0.000e+00
# span 0 =     -0.669,      3.587       
# span 1 =     -0.238,      0.289       
# span 2 =     3.6625,     9.2038       
# span 3 =     38.823,     96.106       
# span 4 =      1.660,    225.924       
# span 5 =   1.419574, 186.738240       
# span 6 =    -0.3256,     6.5388       
# span 7 =      8.687,      8.920       
# span 8 =    43.5167,   187.5960       
# span 9 = 7.3820e-01, 1.8484e+03       
# span 10 =    -0.2295,   112.5405      
# span 11 =     -0.657,      3.518      
# span 12 =     -0.953,      5.103      
# span 13 =    16.2675,    17.7910      
# span 14 = 0.0000e+00, 0.0000e+00      
# interval = seconds: 0.25
# start_time = Oct 13 2025 12:46:39 [Instrument's time stamp, header]
# bad_flag = -9.990e-29
*END*
[from data line 579]
     -0.102     -0.004     6.0914     63.629     41.773  35.417094     1.4136      8.872   162.6828 1.5169e+03     7.3633     -0.099     -0.145    17.3957 0.0000e+00
     -0.107      0.004     6.0970     63.609     41.760  35.404603     1.4121      8.872   162.7738 1.7061e+03     7.3926     -0.105     -0.152    17.3934 0.0000e+00
     -0.109      0.015     6.0947     63.612     41.765  35.404593     1.4266      8.873   162.7746 1.8464e+03     7.5021     -0.109     -0.158    17.3915 0.0000e+00
     -0.104      0.026     6.0991     63.624     41.787  35.416970     1.4137      8.874   162.7793 1.7308e+03     7.5609     -0.105     -0.152    17.3900 0.0000e+00
     -0.093      0.038     6.1017     63.615     41.812  35.427345     1.3973      8.874   162.7446 1.4291e+03     7.5562     -0.093     -0.136    17.3884 0.0000e+00
     -0.078      0.048     6.0956     63.591     41.797  35.403121     1.3953      8.875   162.7847 9.9059e+02     7.5477     -0.078     -0.113    17.3863 0.0000e+00
     -0.062      0.055     6.0984     63.544     41.780  35.377857     1.3981      8.875   163.0067 6.4680e+02     7.5603     -0.060     -0.088    17.3825 0.0000e+00
     -0.047      0.057     6.1022     63.465     41.788  35.375664     1.4228      8.876   163.1912 6.6535e+02     7.5733     -0.044     -0.064    17.3750 0.0000e+00
     -0.033      0.057     6.1013     63.349     41.798  35.376599     1.4686      8.878   163.2938 8.5520e+02     7.5676     -0.033     -0.048    17.3603 0.0000e+00
     -0.018      0.056     6.1024     63.209     41.821  35.389159     1.4943      8.878   163.3015 1.0129e+03     7.5601     -0.018     -0.026    17.3456 0.0000e+00
     -0.002      0.053     6.0991     63.072     41.843  35.400609     1.5016      8.877   163.1980 1.0149e+03     7.5849     -0.000     -0.001    17.3328 0.0000e+00
      0.011      0.052     6.0937     62.949     41.834  35.388128     1.5232      8.875   163.1616 8.5736e+02     7.6628      0.011      0.014    17.3214 0.0000e+00
      0.023      0.052     6.0829     62.862     41.810  35.365152     1.5385      8.875   163.2906 8.2053e+02     7.7162      0.022      0.032    17.3151 0.0000e+00
      0.035      0.056     6.0688     62.810     41.825  35.376602     1.5205      8.876   163.4674 9.2099e+02     7.6840      0.035      0.050    17.3074 0.0000e+00
      0.045      0.061     6.0576     62.776     41.852  35.399666     1.5128      8.876   163.4924 9.0263e+02     7.6825      0.044      0.062    17.2965 0.0000e+00
      0.058      0.066     6.0449     62.767     41.838  35.390216     1.5123      8.877   163.5069 7.6125e+02     7.7666      0.053      0.077    17.2901 0.0000e+00
      0.078      0.069     6.0369     62.763     41.833  35.389249     1.4813      8.878   163.7288 6.7204e+02     7.8134      0.075      0.108    17.2886 0.0000e+00
      0.104      0.070     6.0337     62.730     41.832  35.387978     1.4462      8.878   163.9382 6.5801e+02     7.7355      0.104      0.151    17.2870 0.0000e+00
      0.127      0.070     6.0290     62.675     41.820  35.374846     1.4122      8.878   164.0594 6.0683e+02     7.6106      0.127      0.185    17.2860 0.0000e+00
      0.142      0.069     6.0287     62.624     41.806  35.357366     1.4124      8.878   164.1620 5.6633e+02     7.6012      0.140      0.204    17.2902 0.0000e+00
      0.153      0.066     6.0295     62.595     41.760  35.303513     1.4644      8.878   164.3187 5.9585e+02     7.6564      0.148      0.215    17.2957 0.0000e+00
      0.167      0.065     6.0256     62.580     41.714  35.231289     1.4996      8.878   164.6639 5.9780e+02     7.6971      0.162      0.235    17.2954 0.0000e+00
      0.185      0.069     6.0202     62.557     41.709  35.182004     1.4968      8.879   165.0660 5.3899e+02     7.7178      0.181      0.263    17.2903 0.0000e+00
      0.204      0.076     6.0147     62.533     41.719  35.151700     1.5054      8.880   165.3940 4.8101e+02     7.6673      0.200      0.290    17.2862 0.0000e+00
      0.223      0.083     6.0135     62.513     41.708  35.118638     1.5534      8.880   165.6187 4.6227e+02     7.6678      0.218      0.316    17.2743 0.0000e+00
      0.244      0.088     6.0193     62.468     41.701  35.099454     1.6035      8.880   165.8042 4.8418e+02     7.6888      0.237      0.344    17.2322 0.0000e+00
      0.269      0.090     6.0243     62.391     41.725  35.110079     1.6200      8.881   166.0022 4.9558e+02     7.6823      0.263      0.381    17.1667 0.0000e+00
      0.295      0.087     6.0275     62.301     41.745  35.120200     1.6027      8.883   166.2062 4.6460e+02     7.7257      0.290      0.420    17.1156 0.0000e+00
      0.321      0.080     6.0306     62.226     41.719  35.094920     1.5776      8.883   166.4635 4.2443e+02     7.6670      0.315      0.457    17.0933 0.0000e+00
      0.343      0.070     6.0278     62.172     41.676  35.058212     1.5836      8.883   166.7041 3.8365e+02     7.5191      0.337      0.491    17.0798 0.0000e+00
      0.360      0.060     6.0214     62.134     41.674  35.057058     1.6081      8.884   166.8784 3.5364e+02     7.4403      0.355      0.515    17.0676 0.0000e+00
      0.371      0.050     6.0120     62.112     41.702  35.080960     1.6081      8.885   167.0216 3.5447e+02     7.3979      0.367      0.532    17.0602 0.0000e+00
      0.378      0.042     6.0057     62.124     41.717  35.093420     1.5746      8.885   167.1460 3.6002e+02     7.3823      0.371      0.538    17.0565 0.0000e+00
      0.384      0.036     6.0004     62.173     41.703  35.080813     1.5368      8.885   167.2640 3.5350e+02     7.4214      0.375      0.545    17.0564 0.0000e+00
      0.394      0.034     5.9970     62.213     41.675  35.055433     1.5336      8.884   167.4153 3.5020e+02     7.4610      0.386      0.560    17.0574 0.0000e+00
      0.404      0.036     5.9939     62.245     41.659  35.040342     1.5436      8.884   167.5135 3.5564e+02     7.4522      0.397      0.576    17.0585 0.0000e+00
      0.413      0.041     5.9936     62.277     41.642  35.025242     1.5161      8.884   167.5049 3.6275e+02     7.4168      0.406      0.588    17.0586 0.0000e+00
      0.422      0.047     6.0027     62.297     41.614  34.999749     1.4850      8.884   167.5694 3.6145e+02     7.4436      0.414      0.601    17.0570 0.0000e+00
      0.431      0.053     6.0053     62.311     41.601  34.985895     1.4834      8.885   167.7767 3.4984e+02     7.5371      0.422      0.612    17.0546 0.0000e+00
      0.445      0.057     6.0081     62.322     41.604  34.984626     1.4886      8.885   167.9471 3.2639e+02     7.5901      0.433      0.629    17.0522 0.0000e+00
      0.465      0.058     6.0131     62.331     41.608  34.984408     1.4813      8.885   167.9940 3.0885e+02     7.5382      0.454      0.659    17.0513 0.0000e+00
      0.487      0.057     6.0135     62.335     41.608  34.983253     1.4615      8.885   168.0856 3.0250e+02     7.4223      0.480      0.696    17.0502 0.0000e+00
      0.504      0.052     6.0161     62.355     41.594  34.970657     1.4650      8.884   168.1936 2.8994e+02     7.4182      0.496      0.720    17.0459 0.0000e+00
      0.514      0.045     6.0174     62.402     41.582  34.959006     1.4907      8.884   168.2677 2.7968e+02     7.5229      0.504      0.730    17.0402 0.0000e+00
      0.521      0.036     6.0192     62.444     41.595  34.969274     1.5143      8.884   168.3798 2.7368e+02     7.5613      0.511      0.741    17.0362 0.0000e+00
      0.527      0.031     6.0195     62.479     41.593  34.967912     1.5261      8.885   168.4298 2.7013e+02     7.5068      0.518      0.751    17.0343 0.0000e+00
      0.532      0.031     6.0194     62.528     41.563  34.942532     1.5161      8.886   168.4426 2.6812e+02     7.3758      0.522      0.757    17.0331 0.0000e+00
      0.538      0.036     6.0276     62.576     41.533  34.916199     1.5186      8.886   168.5345 2.6426e+02     7.3095      0.528      0.765    17.0318 0.0000e+00
      0.546      0.043     6.0308     62.619     41.520  34.903310     1.5319      8.886   168.5945 2.6217e+02     7.3550      0.535      0.776    17.0310 0.0000e+00
      0.558      0.048     6.0324     62.658     41.535  34.913588     1.5181      8.887   168.6515 2.5872e+02     7.3791      0.544      0.789    17.0311 0.0000e+00
      0.575      0.050     6.0393     62.698     41.537  34.913578     1.4858      8.887   168.7945 2.5113e+02     7.3612      0.562      0.816    17.0317 0.0000e+00
      0.595      0.050     6.0429     62.731     41.525  34.903186     1.4578      8.886   168.8598 2.4150e+02     7.3434      0.585      0.848    17.0314 0.0000e+00
      0.610      0.048     6.0482     62.746     41.539  34.914826     1.4608      8.886   168.9249 2.3631e+02     7.4032      0.601      0.871    17.0288 0.0000e+00
      0.619      0.043     6.0513     62.750     41.554  34.927430     1.4810      8.887   169.0658 2.3520e+02     7.4692      0.607      0.881    17.0251 0.0000e+00
      0.625      0.037     6.0562     62.742     41.554  34.928678     1.4774      8.887   169.1869 2.3091e+02     7.4583      0.612      0.887    17.0231 0.0000e+00
      0.634      0.032     6.0602     62.731     41.554  34.929916     1.4588      8.887   169.2701 2.2555e+02     7.4422      0.621      0.901    17.0228 0.0000e+00
      0.643      0.029     6.0607     62.717     41.569  34.942396     1.4475      8.887   169.2979 2.2159e+02     7.4116      0.630      0.915    17.0224 0.0000e+00
      0.650      0.029     6.0617     62.690     41.582  34.952685     1.4573      8.887   169.3502 2.1830e+02     7.3961      0.638      0.925    17.0231 0.0000e+00
      0.656      0.029     6.0597     62.648     41.552  34.927420     1.4703      8.888   169.4724 2.1580e+02     7.3916      0.644      0.933    17.0249 0.0000e+00
      0.662      0.028     6.0590     62.631     41.508  34.890715     1.4625      8.888   169.4855 2.1422e+02     7.3561      0.650      0.942    17.0258 0.0000e+00
      0.670      0.028     6.0579     62.646     41.507  34.889570     1.4628      8.888   169.4223 2.1216e+02     7.4111      0.657      0.953    17.0255 0.0000e+00
      0.677      0.029     6.0563     62.651     41.536  34.913577     1.4824      8.888   169.4822 2.0961e+02     7.5440      0.665      0.964    17.0249 0.0000e+00
      0.684      0.030     6.0495     62.633     41.553  34.927182     1.4991      8.888   169.6083 2.0780e+02     7.6311      0.672      0.973    17.0251 0.0000e+00
      0.691      0.030     6.0472     62.622     41.553  34.927180     1.4902      8.888   169.7423 2.0457e+02     7.5758      0.678      0.983    17.0253 0.0000e+00
      0.699      0.030     6.0518     62.627     41.538  34.913554     1.4581      8.888   169.8115 2.0055e+02     7.4221      0.686      0.995    17.0248 0.0000e+00
      0.708      0.031     6.0523     62.630     41.510  34.889320     1.4511      8.888   169.7567 1.9735e+02     7.4124      0.695      1.007    17.0242 0.0000e+00
      0.716      0.031     6.0494     62.639     41.510  34.887959     1.4815      8.890   169.7681 1.9483e+02     7.5264      0.702      1.018    17.0236 0.0000e+00
      0.724      0.030     6.0473     62.657     41.522  34.897092     1.5015      8.891   169.8624 1.9292e+02     7.5714      0.710      1.030    17.0232 0.0000e+00
      0.732      0.028     6.0501     62.668     41.493  34.872857     1.4842      8.891   169.8652 1.9057e+02     7.5122      0.718      1.041    17.0223 0.0000e+00
      0.739      0.026     6.0495     62.685     41.465  34.848727     1.4642      8.890   169.8880 1.8670e+02     7.4602      0.725      1.052    17.0207 0.0000e+00
      0.746      0.024     6.0498     62.718     41.479  34.859118     1.4764      8.890   169.9660 1.8230e+02     7.4891      0.732      1.062    17.0193 0.0000e+00
      0.751      0.022     6.0537     62.762     41.494  34.871598     1.4983      8.889   170.0335 1.8079e+02     7.4515      0.736      1.068    17.0188 0.0000e+00
      0.755      0.020     6.0531     62.810     41.496  34.872731     1.5118      8.889   170.1020 1.8086e+02     7.3811      0.741      1.074    17.0182 0.0000e+00
      0.760      0.018     6.0547     62.846     41.495  34.872825     1.5069      8.890   170.1062 1.7909e+02     7.3888      0.746      1.081    17.0170 0.0000e+00
      0.765      0.017     6.0590     62.877     41.495  34.872732     1.4806      8.890   170.0839 1.7726e+02     7.4424      0.751      1.088    17.0162 0.0000e+00
      0.769      0.016     6.0624     62.907     41.494  34.871598     1.4776      8.889   170.1768 1.7703e+02     7.5513      0.754      1.093    17.0156 0.0000e+00
      0.772      0.015     6.0689     62.933     41.479  34.859117     1.5030      8.889   170.3688 1.7716e+02     7.5437      0.757      1.099    17.0157 0.0000e+00
      0.776      0.013     6.0710     62.951     41.467  34.848727     1.5045      8.890   170.4272 1.7602e+02     7.4195      0.762      1.105    17.0168 0.0000e+00
      0.780      0.013     6.0738     62.945     41.496  34.872857     1.4720      8.891   170.3662 1.7369e+02     7.4498      0.765      1.110    17.0167 0.0000e+00
      0.782      0.013     6.0777     62.914     41.526  34.897082     1.4503      8.890   170.4054 1.7276e+02     7.6368      0.767      1.113    17.0167 0.0000e+00
      0.785      0.014     6.0790     62.868     41.515  34.887834     1.4669      8.890   170.5570 1.7236e+02     7.8021      0.769      1.116    17.0169 0.0000e+00
      0.788      0.015     6.0828     62.819     41.515  34.887937     1.4900      8.890   170.6506 1.6970e+02     7.8090      0.773      1.121    17.0158 0.0000e+00
      0.792      0.016     6.0817     62.784     41.528  34.898329     1.4799      8.891   170.6768 1.6702e+02     7.6851      0.777      1.127    17.0144 0.0000e+00
      0.797      0.017     6.0788     62.786     41.513  34.886586     1.4695      8.892   170.7016 1.6572e+02     7.6375      0.782      1.134    17.0135 0.0000e+00
      0.802      0.018     6.0737     62.818     41.497  34.872848     1.4894      8.892   170.6934 1.6468e+02     7.7113      0.788      1.142    17.0136 0.0000e+00
      0.806      0.019     6.0684     62.847     41.482  34.859118     1.5039      8.891   170.7498 1.6375e+02     7.7574      0.792      1.148    17.0140 0.0000e+00
      0.810      0.019     6.0640     62.871     41.468  34.847478     1.4947      8.891   170.8668 1.6228e+02     7.6828      0.794      1.152    17.0142 0.0000e+00
      0.815      0.020     6.0639     62.893     41.482  34.858993     1.4703      8.892   170.9029 1.5990e+02     7.5261      0.799      1.159    17.0141 0.0000e+00
      0.821      0.020     6.0700     62.908     41.497  34.871463     1.4587      8.892   170.8421 1.5765e+02     7.4683      0.805      1.168    17.0136 0.0000e+00
      0.827      0.020     6.0715     62.918     41.496  34.871348     1.4789      8.892   170.8198 1.5567e+02     7.5307      0.811      1.176    17.0130 0.0000e+00
      0.833      0.020     6.0738     62.893     41.480  34.857609     1.4980      8.892   170.8916 1.5377e+02     7.5623      0.817      1.185    17.0125 0.0000e+00
      0.838      0.019     6.0768     62.813     41.451  34.832238     1.4895      8.892   170.9358 1.5237e+02     7.5089      0.822      1.192    17.0123 0.0000e+00
      0.842      0.018     6.0771     62.720     41.436  34.818387     1.4679      8.892   170.9238 1.5121e+02     7.4321      0.825      1.197    17.0127 0.0000e+00
      0.845      0.017     6.0797     62.663     41.436  34.817025     1.4694      8.892   170.9194 1.5006e+02     7.4879      0.829      1.201    17.0136 0.0000e+00
      0.850      0.016     6.0788     62.660     41.436  34.815767     1.4923      8.892   170.9683 1.4889e+02     7.6034      0.833      1.208    17.0132 0.0000e+00
