Data/DataNotYetUploadedToEDI/Raw_CTD/RawDownloads/101325_fcr50_S7809001.cnv
* Sea-Bird SBE19plus  Data File:
* FileName = C:\R\Reservoirs\Data\DataNotYetUploadedToEDI\Raw_CTD\RawDownloads\101325_fcr50_S7809_0001.hex
* Software version 2.8.0.119
* Temperature SN = 7809
* Conductivity SN = 7809
* System UpLoad Time = Oct 16 2025 15:02:44
* <ApplicationData>
* <Seaterm232>
# nquan = 15
# nvalues = 1933                        
# units = specified
# name 0 = depFM: Depth [fresh water, m]
# name 1 = dz/dtM: Descent Rate [m/s]
# name 2 = sbeox0Mg/L: Oxygen, SBE 43 [mg/l]
# name 3 = sbeox0PS: Oxygen, SBE 43 [% saturation]
# name 4 = specc: Specific Conductance [uS/cm]
# name 5 = c0uS/cm: Conductivity [uS/cm]
# name 6 = flECO-AFL: Fluorescence, WET Labs ECO-AFL/FL [mg/m^3]
# name 7 = ph: pH
# name 8 = orp: Oxidation Reduction Potential [mV]
# name 9 = par/sat/log: PAR/Logarithmic, Satlantic
# name 10 = turbWETntu0: Turbidity, WET Labs ECO [NTU]
# name 11 = prdM: Pressure, Strain Gauge [db]
# name 12 = prdE: Pressure, Strain Gauge [psi]
# name 13 = tv290C: Temperature [ITS-90, deg C]
# name 14 = flag:  0.000e+00
# span 0 =     -0.674,      9.522       
# span 1 =     -0.161,      0.260       
# span 2 =    -0.2912,     9.2957       
# span 3 =     -2.550,     96.702       
# span 4 =      0.880,    420.615       
# span 5 =   0.736635, 319.590356       
# span 6 =    -0.3148,     1.8206       
# span 7 =     -2.335,      8.804       
# span 8 = -1240.7455,   310.3891       
# span 9 = 1.2365e-01, 1.5140e+03       
# span 10 =    -0.9822,   210.7669      
# span 11 =     -0.661,      9.339      
# span 12 =     -0.958,     13.544      
# span 13 =    12.9371,    17.3376      
# span 14 = 0.0000e+00, 0.0000e+00      
# interval = seconds: 0.25
# start_time = Oct 13 2025 11:11:17 [Instrument's time stamp, header]
# bad_flag = -9.990e-29
*END*
[from data line 1254]
      3.921      0.027     4.4003     42.186     49.748  41.149891     1.3944      8.785   176.2475 5.1175e-01    12.5045      3.845      5.577    16.5475 0.0000e+00
      3.929      0.027     4.3170     41.456     50.746  41.935965     1.3631      8.785   176.5007 4.9789e-01    12.6603      3.855      5.591    16.5302 0.0000e+00
      3.935      0.028     4.2457     40.500     51.666  42.647446     1.3430      8.785   176.4387 5.1198e-01    12.6545      3.859      5.597    16.4562 0.0000e+00
      3.941      0.028     4.1892     39.333     52.346  43.151266     1.3268      8.784   176.1006 5.2213e-01    13.1515      3.863      5.604    16.3820 0.0000e+00
      3.949      0.028     4.1348     37.973     52.644  43.330586     1.3078      8.783   175.8540 5.1933e-01    14.0235      3.873      5.618    16.3590 0.0000e+00
      3.958      0.028     4.0736     36.363     52.596  43.228659     1.2881      8.783   175.7802 5.0868e-01    14.4198      3.882      5.630    16.3196 0.0000e+00
      3.965      0.029     3.9813     34.484     52.216  42.870900     1.2558      8.783   175.7247 4.9875e-01    14.3213      3.889      5.640    16.2705 0.0000e+00
      3.972      0.031     3.8684     32.386     51.780  42.495931     1.2330      8.783   175.7856 4.9697e-01    14.3019      3.895      5.649    16.2192 0.0000e+00
      3.978      0.034     3.7459     30.278     52.252  42.884116     1.2289      8.781   175.9143 4.8971e-01    15.0402      3.902      5.659    16.1487 0.0000e+00
      3.986      0.038     3.5908     28.488     54.034  44.327064     1.2225      8.780   175.9043 4.6935e-01    16.4493      3.908      5.668    16.0857 0.0000e+00
      3.996      0.042     3.4096     27.171     55.814  45.723833     1.2062      8.780   175.8359 4.4450e-01    17.2314      3.917      5.681    16.0360 0.0000e+00
      4.008      0.045     3.1977     26.356     56.876  46.505312     1.1817      8.780   175.7760 4.3494e-01    17.3225      3.930      5.700    16.0220 0.0000e+00
      4.023      0.047     2.9713     25.971     57.805  47.173537     1.1259      8.780   175.9545 4.3908e-01    18.3367      3.946      5.723    16.0415 0.0000e+00
      4.038      0.048     2.7928     25.688     59.117  48.152937     1.0562      8.780   176.3587 4.2825e-01    20.3736      3.961      5.745    16.0324 0.0000e+00
      4.050      0.049     2.6669     25.118     60.611  49.268109     1.0452      8.779   176.5335 4.1399e-01    21.5578      3.973      5.762    15.9659 0.0000e+00
      4.060      0.050     2.5888     24.039     61.734  50.053822     1.0602      8.776   176.4336 4.0480e-01    21.6558      3.981      5.774    15.8781 0.0000e+00
      4.070      0.051     2.5702     22.374     62.459  50.478000     1.0211      8.771   176.5273 3.8581e-01    21.6263      3.989      5.786    15.8001 0.0000e+00
      4.083      0.053     2.5619     20.149     62.816  50.586830     0.9473      8.763   177.0644 3.7285e-01    21.6798      4.003      5.806    15.7260 0.0000e+00
      4.099      0.056     2.5162     17.473     63.118  50.671003     0.9000      8.754   177.4213 3.6765e-01    21.7903      4.019      5.829    15.6466 0.0000e+00
      4.115      0.059     2.4155     14.460     63.744  51.051025     0.8992      8.742   177.2285 3.5438e-01    21.9027      4.036      5.854    15.5504 0.0000e+00
      4.131      0.061     2.2570     11.315     64.346  51.435077     0.8954      8.729   176.8845 3.3975e-01    21.6723      4.052      5.877    15.4124 0.0000e+00
      4.146      0.063     2.0347      8.301     64.706  51.631490     0.8633      8.715   176.7891 3.2572e-01    21.0887      4.067      5.898    15.2534 0.0000e+00
      4.161      0.064     1.7701      5.666     65.081  51.838223     0.8437      8.700   177.0224 3.1017e-01    20.7555      4.079      5.917    15.1248 0.0000e+00
      4.177      0.064     1.4623      3.662     65.671  52.220018     0.8336      8.685   177.2963 2.9737e-01    20.7175      4.095      5.939    15.0338 0.0000e+00
      4.196      0.065     1.1356      2.392     66.350  52.691496     0.8233      8.672   177.3466 2.8990e-01    20.2536      4.115      5.969    14.9634 0.0000e+00
      4.213      0.065     0.8274      1.774     66.976  53.157001     0.8275      8.657   177.0287 2.7964e-01    19.3140      4.131      5.993    14.8944 0.0000e+00
      4.229      0.064     0.5489      1.688     67.781  53.784050     0.8347      8.641   176.5502 2.6043e-01    18.7509      4.146      6.013    14.8206 0.0000e+00
      4.245      0.061     0.3437      2.006     68.946  54.684454     0.8190      8.626   176.5507 2.5372e-01    18.6036      4.163      6.038    14.7525 0.0000e+00
      4.261      0.058     0.2197      2.505     70.068  55.533400     0.7872      8.611   176.9495 2.5875e-01    18.6608      4.179      6.061    14.6911 0.0000e+00
      4.276      0.054     0.1623      2.952     70.549  55.855565     0.7584      8.596   176.9836 2.5182e-01    18.9301      4.194      6.083    14.6724 0.0000e+00
      4.289      0.050     0.1552      3.183     70.159  55.467531     0.7455      8.583   176.7056 2.3777e-01    19.0922      4.207      6.102    14.6799 0.0000e+00
      4.301      0.046     0.1980      3.135     69.231  54.652360     0.7640      8.571   176.6847 2.2544e-01    19.1177      4.219      6.118    14.6559 0.0000e+00
      4.311      0.044     0.2569      2.862     68.493  54.001767     0.7658      8.559   177.0755 2.2373e-01    19.0687      4.229      6.132    14.6302 0.0000e+00
      4.321      0.043     0.3083      2.432     68.162  53.698177     0.7346      8.547   177.6446 2.2638e-01    19.0458      4.237      6.146    14.5905 0.0000e+00
      4.332      0.042     0.3361      1.916     68.025  53.585463     0.7195      8.537   177.8016 2.1578e-01    19.1473      4.248      6.161    14.5255 0.0000e+00
      4.343      0.041     0.3269      1.382     68.010  53.591567     0.7335      8.527   177.5115 2.0992e-01    19.2713      4.259      6.177    14.4636 0.0000e+00
      4.354      0.038     0.2983      0.921     68.070  53.644991     0.7616      8.519   177.4053 2.0502e-01    19.3843      4.269      6.192    14.4116 0.0000e+00
      4.366      0.035     0.2513      0.634     68.111  53.659848     0.7684      8.512   177.5500 1.8487e-01    19.4547      4.282      6.211    14.3750 0.0000e+00
      4.376      0.032     0.1964      0.533     68.039  53.580656     0.7487      8.504   177.7131 1.8258e-01    19.5072      4.293      6.226    14.3750 0.0000e+00
      4.381      0.029     0.1396      0.560     67.962  53.513047     0.7394      8.496   177.7422 1.9148e-01    19.5754      4.297      6.232    14.4028 0.0000e+00
      4.386      0.026     0.0866      0.675     67.995  53.540960     0.7563      8.489   177.6437 1.7644e-01    19.6979      4.299      6.237    14.4081 0.0000e+00
      4.391      0.023     0.0575      0.836     68.005  53.537118     0.7865      8.482   177.6408 1.6611e-01    19.9983      4.305      6.244    14.3899 0.0000e+00
      4.399      0.022     0.0507      1.015     67.943  53.466578     0.7970      8.475   177.8788 1.7444e-01    20.3719      4.314      6.257    14.3650 0.0000e+00
      4.405      0.023     0.0536      1.198     67.916  53.450125     0.7748      8.468   178.1985 1.8485e-01    20.4914      4.321      6.268    14.3622 0.0000e+00
      4.408      0.025     0.0677      1.363     67.880  53.465197     0.7426      8.461   178.0650 1.9198e-01    20.3839      4.323      6.270    14.3738 0.0000e+00
      4.413      0.026     0.0847      1.482     67.738  53.394845     0.7246      8.455   177.6407 1.8843e-01    20.6442      4.326      6.274    14.3652 0.0000e+00
      4.421      0.027     0.1038      1.592     67.538  53.234615     0.7227      8.450   177.7147 1.7890e-01    21.3163      4.334      6.286    14.3354 0.0000e+00
      4.431      0.030     0.1226      1.729     67.360  53.052021     0.7291      8.444   178.1853 1.7053e-01    21.6775      4.346      6.303    14.3310 0.0000e+00
      4.439      0.033     0.1423      1.874     67.239  52.901721     0.7262      8.438   178.3403 1.6551e-01    21.6296      4.353      6.314    14.3802 0.0000e+00
      4.445      0.035     0.1517      2.008     67.190  52.814399     0.6629      8.433   178.1268 1.6161e-01    21.5917      4.358      6.321    14.4234 0.0000e+00
      4.455      0.036     0.1604      2.096     67.245  52.821719     0.5713      8.428   177.7552 1.5956e-01    21.7321      4.369      6.335    14.4197 0.0000e+00
      4.465      0.036     0.1774      2.111     67.334  52.863177     0.5348      8.424   177.3741 1.5382e-01    21.8925      4.380      6.352    14.3779 0.0000e+00
      4.474      0.035     0.1911      2.040     67.383  52.871094     0.5289      8.420   177.1322 1.4060e-01    21.9250      4.389      6.365    14.3328 0.0000e+00
      4.484      0.034     0.2079      1.890     67.382  52.853911     0.5169      8.416   176.8955 1.3148e-01    21.8859      4.396      6.377    14.2944 0.0000e+00
      4.493      0.032     0.2169      1.702     67.195  52.718906     0.4974      8.413   176.6634 1.3073e-01    21.7956      4.406      6.392    14.2679 0.0000e+00
      4.501      0.029     0.2197      1.516     66.895  52.508856     0.4844      8.410   176.2179 1.3195e-01    21.7207      4.415      6.404    14.2544 0.0000e+00
      4.508      0.026     0.2123      1.358     66.759  52.409881     0.4853      8.406   175.5544 1.3101e-01    21.7657      4.420      6.411    14.2245 0.0000e+00
      4.514      0.023     0.1952      1.258     66.784  52.411267     0.4988      8.402   175.1803 1.3330e-01    21.8965      4.426      6.419    14.2058 0.0000e+00
      4.520      0.019     0.1743      1.240     66.887  52.462087     0.4985      8.399   175.1353 1.3450e-01    21.9365      4.434      6.430    14.2216 0.0000e+00
      4.525      0.017     0.1544      1.295     67.062  52.579788     0.4740      8.398   174.7522 1.3017e-01    21.8729      4.438      6.437    14.2491 0.0000e+00
      4.529      0.016     0.1374      1.424     67.202  52.691285     0.4596      8.395   173.6457 1.2856e-01    21.8108      4.442      6.442    14.2587 0.0000e+00
      4.531      0.017     0.1251      1.597     67.069  52.603610     0.4410      8.392   172.6835 1.2851e-01    21.8006      4.444      6.445    14.2382 0.0000e+00
      4.532      0.018     0.1254      1.775     66.631  52.281776     0.4326      8.391   172.3246 1.2581e-01    21.9537      4.444      6.445    14.2110 0.0000e+00
      4.537      0.021     0.1295      1.940     66.125  51.911711     0.4497      8.389   171.9731 1.2405e-01    22.0915      4.447      6.450    14.1913 0.0000e+00
      4.544      0.024     0.1445      2.093     65.712  51.621857     0.4641      8.385   171.2732 1.2504e-01    22.0655      4.456      6.464    14.1962 0.0000e+00
      4.553      0.026     0.1640      2.262     65.445  51.444291     0.4654      8.383   170.3158 1.2610e-01    22.0505      4.466      6.478    14.2125 0.0000e+00
      4.561      0.027     0.1825      2.523     65.240  51.288834     0.4484      8.381   169.4318 1.2505e-01    22.0796      4.472      6.487    14.2264 0.0000e+00
      4.568      0.027     0.1994      3.006     65.115  51.139257     0.4502      8.378   168.8439 1.2392e-01    22.1450      4.479      6.497    14.2474 0.0000e+00
      4.575      0.026     0.2142      3.826     65.190  51.096197     0.4791      8.375   168.6278 1.2381e-01    22.1912      4.487      6.508    14.2738 0.0000e+00
      4.580      0.024     0.2289      5.021     65.306  51.085571     0.4906      8.374   168.4539 1.2379e-01    22.1943      4.492      6.514    14.3063 0.0000e+00
      4.586      0.022     0.2499      6.539     65.376  51.074161     0.4721      8.373   167.8598 1.2381e-01    22.1482      4.498      6.523    14.3219 0.0000e+00
      4.592      0.022     0.2954      8.359     65.511  51.148652     0.4389      8.372   167.1232 1.2386e-01    22.0781      4.505      6.534    14.2841 0.0000e+00
      4.597      0.022     0.3780     10.466     65.700  51.287713     0.4215      8.371   166.8602 1.2390e-01    22.0642      4.508      6.538    14.1842 0.0000e+00
      4.602      0.022     0.5053     12.666     65.883  51.422023     0.4375      8.370   166.8309 1.2384e-01    22.0824      4.512      6.544    14.0969 0.0000e+00
      4.608      0.022     0.6636     14.653     66.009  51.502569     0.4735      8.368   166.4250 1.2381e-01    22.1273      4.518      6.553    14.0509 0.0000e+00
      4.614      0.022     0.8478     16.176     66.109  51.563065     0.4822      8.367   165.7379 1.2385e-01    22.0949      4.524      6.562    14.0263 0.0000e+00
      4.620      0.022     1.0730     17.038     66.228  51.645451     0.4512      8.366   164.8900 1.2385e-01    21.9985      4.530      6.571    14.0309 0.0000e+00
      4.625      0.023     1.3136     17.176     66.194  51.609674     0.4237      8.364   164.2616 1.2382e-01    21.9519      4.536      6.579    14.0262 0.0000e+00
      4.630      0.024     1.5252     16.663     65.926  51.384477     0.4147      8.362   164.0764 1.2377e-01    21.9410      4.541      6.587    14.0085 0.0000e+00
      4.636      0.025     1.6926     15.645     65.634  51.145108     0.4349      8.361   163.7697 1.2372e-01    22.1066      4.546      6.593    13.9919 0.0000e+00
      4.642      0.025     1.7832     14.352     65.449  51.001472     0.4602      8.360   163.2206 1.2374e-01    22.3833      4.552      6.603    13.9859 0.0000e+00
      4.650      0.025     1.7936     13.052     65.335  50.917767     0.4538      8.359   162.5990 1.2379e-01    22.4509      4.560      6.614    13.9849 0.0000e+00
      4.658      0.024     1.7376     12.051     65.217  50.831545     0.4406      8.357   162.0188 1.2385e-01    22.4109      4.569      6.625    13.9657 0.0000e+00
      4.664      0.024     1.6234     11.621     65.079  50.720958     0.4426      8.355   161.6267 1.2390e-01    22.4807      4.574      6.634    13.9526 0.0000e+00
      4.668      0.023     1.4811     11.889     65.042  50.660141     0.4609      8.354   161.3852 1.2385e-01    22.6116      4.578      6.640    13.9594 0.0000e+00
      4.673      0.021     1.3353     12.869     65.119  50.667653     0.4623      8.353   161.1641 1.2379e-01    22.6272      4.583      6.647    13.9635 0.0000e+00
      4.679      0.019     1.2206     14.519     65.194  50.684732     0.4428      8.351   160.4155 1.2379e-01    22.4983      4.589      6.655    13.9675 0.0000e+00
      4.685      0.019     1.1717     16.668     65.206  50.676090     0.4339      8.350   159.0450 1.2384e-01    22.4198      4.595      6.664    13.9762 0.0000e+00
      4.690      0.019     1.2016     19.041     65.159  50.626645     0.4379      8.349   157.8435 1.2387e-01    22.4977      4.600      6.671    13.9490 0.0000e+00
      4.694      0.020     1.3035     21.426     65.081  50.531373     0.4659      8.347   156.8155 1.2387e-01    22.6206      4.603      6.676    13.8946 0.0000e+00
      4.698      0.023     1.4814     23.669     65.014  50.413088     0.4888      8.345   155.3064 1.2388e-01    22.6764      4.605      6.680    13.8610 0.0000e+00
      4.703      0.025     1.7163     25.596     65.033  50.339348     0.4735      8.344   153.4484 1.2386e-01    22.6934      4.611      6.687    13.8530 0.0000e+00
      4.710      0.028     1.9686     27.086     65.136  50.338157     0.4475      8.343   151.9036 1.2378e-01    22.6896      4.619      6.698    13.8523 0.0000e+00
      4.719      0.030     2.2205     28.165     65.267  50.398585     0.4411      8.342   150.8237 1.2377e-01    22.7329      4.627      6.712    13.8289 0.0000e+00
      4.728      0.030     2.4627     28.951     65.387  50.498464     0.4453      8.341   149.8564 1.2381e-01    22.8075      4.637      6.725    13.7744 0.0000e+00
