Data/DataNotYetUploadedToEDI/Raw_CTD/RawDownloads/101325_fcr10_S7809002.cnv
* Sea-Bird SBE19plus  Data File:
* FileName = C:\R\Reservoirs\Data\DataNotYetUploadedToEDI\Raw_CTD\RawDownloads\101325_fcr50_S7809_0002.hex
* Software version 2.8.0.119
* Temperature SN = 7809
* Conductivity SN = 7809
* System UpLoad Time = Oct 16 2025 15:03:11
* <ApplicationData>
* <Seaterm232>
# nquan = 15
# nvalues = 835                         
# units = specified
# name 0 = depFM: Depth [fresh water, m]
# name 1 = dz/dtM: Descent Rate [m/s]
# name 2 = sbeox0Mg/L: Oxygen, SBE 43 [mg/l]
# name 3 = sbeox0PS: Oxygen, SBE 43 [% saturation]
# name 4 = specc: Specific Conductance [uS/cm]
# name 5 = c0uS/cm: Conductivity [uS/cm]
# name 6 = flECO-AFL: Fluorescence, WET Labs ECO-AFL/FL [mg/m^3]
# name 7 = ph: pH
# name 8 = orp: Oxidation Reduction Potential [mV]
# name 9 = par/sat/log: PAR/Logarithmic, Satlantic
# name 10 = turbWETntu0: Turbidity, WET Labs ECO [NTU]
# name 11 = prdM: Pressure, Strain Gauge [db]
# name 12 = prdE: Pressure, Strain Gauge [psi]
# name 13 = tv290C: Temperature [ITS-90, deg C]
# name 14 = flag:  0.000e+00
# span 0 =     -0.683,      2.036       
# span 1 =     -0.164,      0.185       
# span 2 =     3.6858,     9.0370       
# span 3 =     38.601,     94.084       
# span 4 =      1.394,     43.124       
# span 5 =   1.263512,  36.428024       
# span 6 =    -1.1363,    49.4981       
# span 7 =      4.303,      8.727       
# span 8 = -1240.7455,  1150.1999       
# span 9 = 1.2536e+01, 1.5733e+03       
# span 10 =    -0.5419,   180.7047      
# span 11 =     -0.670,      1.997      
# span 12 =     -0.972,      2.896      
# span 13 =    16.8032,    20.3423      
# span 14 = 0.0000e+00, 0.0000e+00      
# interval = seconds: 0.25
# start_time = Oct 13 2025 12:38:09 [Instrument's time stamp, header]
# bad_flag = -9.990e-29
*END*
[from data line 772]
      1.686      0.026     5.6019     57.578     41.829  35.028968     1.4119      8.724   161.4267 2.6413e+01     5.0832      1.654      2.399    16.8732 0.0000e+00
      1.692      0.021     5.6060     57.461     41.858  35.053290     1.4227      8.723   161.4254 2.6246e+01     5.1441      1.659      2.407    16.8714 0.0000e+00
      1.696      0.016     5.6010     57.292     41.876  35.068182     1.4460      8.724   161.3792 2.6145e+01     5.1693      1.664      2.412    16.8698 0.0000e+00
      1.697      0.016     5.5834     57.111     41.893  35.082130     1.4432      8.724   161.3848 2.6121e+01     5.0128      1.666      2.415    16.8684 0.0000e+00
      1.698      0.019     5.5826     56.937     41.908  35.095036     1.4223      8.724   161.4068 2.6056e+01     4.8910      1.665      2.415    16.8675 0.0000e+00
      1.701      0.024     5.5705     56.823     41.912  35.097334     1.4266      8.724   161.3878 2.5786e+01     4.9608      1.667      2.416    16.8674 0.0000e+00
      1.709      0.028     5.5510     56.788     41.928  35.109910     1.4451      8.724   161.4131 2.5273e+01     5.1397      1.674      2.427    16.8675 0.0000e+00
      1.720      0.029     5.5356     56.779     41.941  35.120198     1.4550      8.723   161.5396 2.4656e+01     5.3107      1.686      2.445    16.8675 0.0000e+00
      1.732      0.027     5.5144     56.754     41.911  35.094820     1.4462      8.722   161.6275 2.4148e+01     5.3557      1.700      2.465    16.8675 0.0000e+00
      1.741      0.022     5.5033     56.732     41.866  35.056866     1.4221      8.721   161.5295 2.3890e+01     5.3759      1.710      2.480    16.8667 0.0000e+00
      1.745      0.017     5.5023     56.707     41.847  35.041993     1.4127      8.722   161.4727 2.3858e+01     5.4522      1.713      2.485    16.8651 0.0000e+00
      1.745      0.012     5.5041     56.643     41.845  35.041889     1.3909      8.724   161.6292 2.3903e+01     5.3912      1.711      2.482    16.8640 0.0000e+00
      1.744      0.011     5.4997     56.579     41.860  35.055609     1.3414      8.724   161.7011 2.3948e+01     5.1844      1.710      2.480    16.8642 0.0000e+00
      1.744      0.014     5.4970     56.528     41.890  35.080978     1.3140      8.724   161.6538 2.3916e+01     5.0700      1.709      2.479    16.8646 0.0000e+00
      1.746      0.020     5.4988     56.462     41.906  35.094831     1.3012      8.723   161.7455 2.3685e+01     5.1010      1.711      2.481    16.8652 0.0000e+00
      1.753      0.025     5.4882     56.413     41.908  35.096209     1.3368      8.722   161.8632 2.3217e+01     5.2166      1.717      2.490    16.8664 0.0000e+00
      1.764      0.029     5.4813     56.396     41.910  35.097649     1.4109      8.723   161.8723 2.2661e+01     5.2729      1.729      2.508    16.8683 0.0000e+00
      1.775      0.031     5.4798     56.386     41.927  35.112237     1.4399      8.723   161.8563 2.2276e+01     5.1674      1.744      2.529    16.8701 0.0000e+00
      1.783      0.031     5.4697     56.384     41.968  35.145694     1.4374      8.722   161.8414 2.2063e+01     5.0683      1.751      2.539    16.8702 0.0000e+00
      1.788      0.030     5.4651     56.396     42.018  35.184928     1.4233      8.722   161.8649 2.1859e+01     5.2008      1.753      2.542    16.8687 0.0000e+00
      1.793      0.028     5.4651     56.403     42.046  35.205918     1.4107      8.721   161.8811 2.1640e+01     5.4719      1.757      2.549    16.8682 0.0000e+00
      1.800      0.027     5.4636     56.403     42.053  35.209136     1.3932      8.721   161.8657 2.1371e+01     5.5105      1.765      2.559    16.8689 0.0000e+00
      1.809      0.029     5.4627     56.387     42.073  35.223831     1.3615      8.721   161.8499 2.1074e+01     5.3268      1.774      2.573    16.8684 0.0000e+00
      1.816      0.032     5.4659     56.316     42.116  35.256681     1.3610      8.722   161.8625 2.0800e+01     5.2323      1.782      2.584    16.8653 0.0000e+00
      1.823      0.033     5.4666     56.177     42.159  35.289078     1.4034      8.723   161.9328 2.0455e+01     5.2898      1.787      2.591    16.8613 0.0000e+00
      1.833      0.032     5.4667     55.997     42.173  35.298300     1.4493      8.722   162.0111 2.0014e+01     5.4066      1.796      2.605    16.8585 0.0000e+00
      1.843      0.031     5.4677     55.785     42.182  35.304732     1.4489      8.722   162.0353 1.9628e+01     5.4494      1.808      2.623    16.8562 0.0000e+00
      1.853      0.031     5.4617     55.520     42.181  35.303383     1.4243      8.723   161.9671 1.9392e+01     5.5341      1.819      2.638    16.8526 0.0000e+00
      1.858      0.030     5.4473     55.229     42.156  35.281985     1.4766      8.723   161.8741 1.9231e+01     5.7819      1.823      2.644    16.8482 0.0000e+00
      1.863      0.027     5.4291     54.940     42.178  35.299811     1.5902      8.722   161.8578 1.9013e+01     5.9513      1.826      2.648    16.8444 0.0000e+00
      1.870      0.024     5.4117     54.672     42.214  35.328568     1.6488      8.722   161.9425 1.8747e+01     6.0109      1.834      2.660    16.8432 0.0000e+00
      1.878      0.022     5.3833     54.452     42.196  35.312439     1.6279      8.722   162.0376 1.8529e+01     5.9895      1.843      2.673    16.8431 0.0000e+00
      1.884      0.021     5.3542     54.285     42.173  35.295144     1.5545      8.722   162.0615 1.8338e+01     5.9667      1.848      2.681    16.8428 0.0000e+00
      1.889      0.020     5.3268     54.159     42.186  35.309806     1.4770      8.723   162.0593 1.8161e+01     6.1114      1.853      2.688    16.8432 0.0000e+00
      1.893      0.020     5.2985     54.066     42.248  35.362821     1.4473      8.724   162.0111 1.8032e+01     6.2361      1.856      2.692    16.8406 0.0000e+00
      1.896      0.023     5.2783     54.027     42.333  35.428555     1.4533      8.724   161.8229 1.7906e+01     6.2440      1.858      2.697    16.8379 0.0000e+00
      1.900      0.028     5.2618     54.038     42.390  35.470089     1.4669      8.724   161.5904 1.7718e+01     6.4463      1.863      2.701    16.8406 0.0000e+00
      1.907      0.032     5.2498     54.047     42.413  35.484289     1.4798      8.724   161.5222 1.7406e+01     6.9392      1.869      2.709    16.8476 0.0000e+00
      1.918      0.034     5.2390     53.986     42.404  35.473344     1.5007      8.724   161.6011 1.6944e+01     7.3187      1.880      2.725    16.8500 0.0000e+00
      1.932      0.033     5.2357     53.801     42.397  35.464653     1.5268      8.723   161.5983 1.6491e+01     7.4146      1.895      2.748    16.8421 0.0000e+00
      1.944      0.032     5.2406     53.481     42.449  35.506108     1.6041      8.722   161.5738 1.6246e+01     7.8937      1.908      2.768    16.8329 0.0000e+00
      1.950      0.030     5.2441     53.053     42.554  35.593870     1.7444      8.722   161.6484 1.6171e+01     8.9092      1.913      2.776    16.8272 0.0000e+00
      1.953      0.029     5.2410     52.568     42.682  35.700930     1.8835      8.722   161.6406 1.6082e+01     9.6844      1.915      2.778    16.8229 0.0000e+00
      1.957      0.028     5.2238     52.074     42.786  35.785353     2.5116      8.721   161.5660 1.5886e+01    11.3909      1.918      2.782    16.8200 0.0000e+00
      1.964      0.028     5.1913     51.597     42.794  35.789753     9.0558      8.721   161.5200 1.5567e+01    28.2447      1.924      2.790    16.8183 0.0000e+00
      1.974      0.028     5.1489     51.170     42.753  35.754136    21.0163      8.721   161.5155 1.5216e+01    59.0278      1.936      2.807    16.8183 0.0000e+00
      1.985      0.027     5.0985     50.780     42.731  35.735412    27.5804      8.721   161.5969 1.4967e+01    76.0493      1.949      2.827    16.8188 0.0000e+00
      1.993      0.025     5.0519     50.366     42.754  35.753714    28.6529      8.720   161.7300 1.4809e+01    80.0258      1.956      2.837    16.8157 0.0000e+00
      1.998      0.020     5.0038     49.940     42.792  35.785071    34.0339      8.720   161.8345 1.4680e+01   105.9798      1.960      2.842    16.8116 0.0000e+00
      2.000      0.015     4.9620     49.526     42.807  35.797288    43.8104      8.720   161.8272 1.4543e+01   153.0978      1.961      2.844    16.8099 0.0000e+00
      2.003      0.012     4.9295     49.166     42.857  35.837979    49.1205      8.720   161.7282 1.4401e+01   178.7014      1.964      2.849    16.8095 0.0000e+00
      2.005      0.011     4.8861     48.882     42.927  35.896364    49.4981      8.720   161.6699 1.4305e+01   180.7047      1.967      2.853    16.8095 0.0000e+00
      2.007      0.011     4.8458     48.683     42.972  35.932154    48.5008      8.720   161.7245 1.4230e+01   178.0373      1.968      2.854    16.8087 0.0000e+00
      2.009      0.012     4.8029     48.565     42.999  35.953455    37.1628      8.721   161.7869 1.4111e+01   146.7914      1.969      2.856    16.8077 0.0000e+00
      2.013      0.012     4.7676     48.501     43.011  35.963557    16.3832      8.722   161.8209 1.3949e+01    89.3749      1.974      2.863    16.8077 0.0000e+00
      2.017      0.013     4.7404     48.472     43.043  35.990841     5.0262      8.721   161.8783 1.3769e+01    57.8338      1.978      2.869    16.8066 0.0000e+00
      2.021      0.013     4.7202     48.431     43.089  36.029546     3.8940      8.721   161.8784 1.3599e+01    53.8374      1.982      2.875    16.8043 0.0000e+00
      2.025      0.013     4.7114     48.340     43.115  36.050831     2.9354      8.721   161.8217 1.3433e+01    41.5339      1.986      2.880    16.8035 0.0000e+00
      2.027      0.013     4.7045     48.281     43.124  36.057839     2.1416      8.721   161.7957 1.3247e+01    30.4416      1.988      2.883    16.8036 0.0000e+00
      2.030 -9.990e-29     4.7035 -9.990e-29 -9.990e-29 -9.990e-29 -9.990e-29 -9.990e-29 -9.990e-29 1.3028e+01 -9.990e-29      1.990      2.886    16.8035 0.0000e+00
      2.033 -9.990e-29     4.7026 -9.990e-29 -9.990e-29 -9.990e-29 -9.990e-29 -9.990e-29 -9.990e-29 1.2783e+01 -9.990e-29      1.993      2.891    16.8040 0.0000e+00
      2.035 -9.990e-29     4.6902 -9.990e-29 -9.990e-29 -9.990e-29 -9.990e-29 -9.990e-29 -9.990e-29 1.2597e+01 -9.990e-29      1.996      2.895    16.8038 0.0000e+00
      2.036 -9.990e-29     4.6778 -9.990e-29 -9.990e-29 -9.990e-29 -9.990e-29 -9.990e-29 -9.990e-29 1.2536e+01 -9.990e-29      1.997      2.896    16.8032 0.0000e+00
