Data/DataNotYetUploadedToEDI/Raw_CTD/RawDownloads/101325_fcr10_S7809002.cnv
* Sea-Bird SBE19plus  Data File:
* FileName = C:\R\Reservoirs\Data\DataNotYetUploadedToEDI\Raw_CTD\RawDownloads\101325_fcr50_S7809_0002.hex
* Software version 2.8.0.119
* Temperature SN = 7809
* Conductivity SN = 7809
* System UpLoad Time = Oct 16 2025 15:03:11
* <ApplicationData>
* <Seaterm232>
# nquan = 15
# nvalues = 835                         
# units = specified
# name 0 = depFM: Depth [fresh water, m]
# name 1 = dz/dtM: Descent Rate [m/s]
# name 2 = sbeox0Mg/L: Oxygen, SBE 43 [mg/l]
# name 3 = sbeox0PS: Oxygen, SBE 43 [% saturation]
# name 4 = specc: Specific Conductance [uS/cm]
# name 5 = c0uS/cm: Conductivity [uS/cm]
# name 6 = flECO-AFL: Fluorescence, WET Labs ECO-AFL/FL [mg/m^3]
# name 7 = ph: pH
# name 8 = orp: Oxidation Reduction Potential [mV]
# name 9 = par/sat/log: PAR/Logarithmic, Satlantic
# name 10 = turbWETntu0: Turbidity, WET Labs ECO [NTU]
# name 11 = prdM: Pressure, Strain Gauge [db]
# name 12 = prdE: Pressure, Strain Gauge [psi]
# name 13 = tv290C: Temperature [ITS-90, deg C]
# name 14 = flag:  0.000e+00
# span 0 =     -0.683,      2.036       
# span 1 =     -0.164,      0.185       
# span 2 =     3.6858,     9.0370       
# span 3 =     38.601,     94.084       
# span 4 =      1.394,     43.124       
# span 5 =   1.263512,  36.428024       
# span 6 =    -1.1363,    49.4981       
# span 7 =      4.303,      8.727       
# span 8 = -1240.7455,  1150.1999       
# span 9 = 1.2536e+01, 1.5733e+03       
# span 10 =    -0.5419,   180.7047      
# span 11 =     -0.670,      1.997      
# span 12 =     -0.972,      2.896      
# span 13 =    16.8032,    20.3423      
# span 14 = 0.0000e+00, 0.0000e+00      
# interval = seconds: 0.25
# start_time = Oct 13 2025 12:38:09 [Instrument's time stamp, header]
# bad_flag = -9.990e-29
*END*
[from data line 482]
      0.590      0.004     5.6457     58.607     41.568  34.872729     1.2962      8.631   146.9572 2.3425e+02     4.4813      0.578      0.839    16.9441 0.0000e+00
      0.591      0.005     5.6431     58.733     41.568  34.871594     1.3071      8.632   147.0814 2.3484e+02     4.5168      0.580      0.841    16.9425 0.0000e+00
      0.592      0.005     5.6447     58.873     41.554  34.859001     1.3356      8.633   147.1968 2.3108e+02     4.5187      0.581      0.842    16.9420 0.0000e+00
      0.593      0.004     5.6583     58.974     41.540  34.847361     1.3254      8.634   147.2335 2.2839e+02     4.3686      0.582      0.844    16.9429 0.0000e+00
      0.595      0.004     5.6711     59.016     41.553  34.857753     1.2925      8.634   147.2670 2.3024e+02     4.2727      0.584      0.847    16.9421 0.0000e+00
      0.596      0.004     5.6806     59.024     41.553  34.857753     1.2868      8.634   147.4308 2.3399e+02     4.3839      0.585      0.848    16.9411 0.0000e+00
      0.596      0.004     5.6984     58.979     41.541  34.847361     1.3068      8.634   147.6648 2.3463e+02     4.5522      0.585      0.848    16.9411 0.0000e+00
      0.597      0.004     5.7090     58.893     41.555  34.859000     1.3169      8.634   147.7723 2.3195e+02     4.5994      0.586      0.849    16.9409 0.0000e+00
      0.598      0.004     5.7099     58.816     41.570  34.871585     1.3014      8.635   147.7848 2.2957e+02     4.5786      0.586      0.849    16.9398 0.0000e+00
      0.600      0.004     5.7138     58.756     41.572  34.872626     1.2939      8.636   147.8155 2.2742e+02     4.6429      0.589      0.854    16.9393 0.0000e+00
      0.602      0.003     5.7088     58.701     41.571  34.871586     1.3169      8.636   147.8850 2.2491e+02     4.7621      0.591      0.857    16.9392 0.0000e+00
      0.603      0.002     5.6971     58.652     41.556  34.859011     1.3391      8.636   148.0237 2.2307e+02     4.7210      0.591      0.857    16.9393 0.0000e+00
      0.602      0.002     5.6907     58.593     41.545  34.847477     1.3289      8.636   148.1163 2.2205e+02     4.5213      0.590      0.856    16.9390 0.0000e+00
      0.602      0.001     5.6852     58.538     41.561  34.859021     1.3026      8.636   148.1439 2.2271e+02     4.3631      0.590      0.856    16.9390 0.0000e+00
      0.602     -0.001     5.6792     58.531     41.577  34.871700     1.3039      8.637   148.1853 2.2279e+02     4.3793      0.590      0.856    16.9395 0.0000e+00
      0.603     -0.003     5.6759     58.559     41.579  34.873884     1.3112      8.638   148.2724 2.2250e+02     4.4443      0.591      0.857    16.9383 0.0000e+00
      0.603     -0.005     5.6708     58.591     41.592  34.885428     1.3078      8.638   148.3369 2.2402e+02     4.4319      0.592      0.859    16.9354 0.0000e+00
      0.601     -0.005     5.6617     58.621     41.591  34.884379     1.3120      8.639   148.3624 2.2537e+02     4.4689      0.591      0.857    16.9324 0.0000e+00
      0.597     -0.004     5.6636     58.648     41.564  34.861204     1.2965      8.639   148.4091 2.2772e+02     4.5151      0.586      0.849    16.9315 0.0000e+00
      0.593     -0.002     5.6671     58.690     41.562  34.859001     1.2950      8.639   148.3844 2.3190e+02     4.5815      0.581      0.843    16.9326 0.0000e+00
      0.592      0.001     5.6697     58.740     41.561  34.857742     1.3190      8.639   148.3226 2.3390e+02     4.6219      0.580      0.842    16.9339 0.0000e+00
      0.594      0.005     5.6735     58.789     41.546  34.845988     1.3277      8.639   148.3501 2.3050e+02     4.4568      0.582      0.843    16.9338 0.0000e+00
      0.598      0.008     5.6744     58.844     41.543  34.843775     1.3258      8.639   148.4593 2.2613e+02     4.2934      0.586      0.849    16.9322 0.0000e+00
      0.603      0.009     5.6797     58.895     41.528  34.830990     1.3041      8.639   148.6103 2.2325e+02     4.3208      0.592      0.858    16.9317 0.0000e+00
      0.607      0.008     5.6848     58.928     41.513  34.818302     1.3061      8.640   148.7132 2.1876e+02     4.4457      0.596      0.864    16.9327 0.0000e+00
      0.608      0.008     5.6886     58.945     41.512  34.817262     1.3427      8.641   148.6705 2.1786e+02     4.4720      0.597      0.866    16.9325 0.0000e+00
      0.607      0.009     5.6945     58.960     41.515  34.818416     1.3470      8.642   148.6106 2.2227e+02     4.3649      0.596      0.864    16.9324 0.0000e+00
      0.606      0.009     5.7004     58.998     41.533  34.832250     1.3335      8.643   148.6774 2.2257e+02     4.3122      0.593      0.861    16.9333 0.0000e+00
      0.608      0.009     5.7029     59.039     41.565  34.857628     1.3458      8.644   148.7899 2.1745e+02     4.4496      0.595      0.862    16.9332 0.0000e+00
      0.614      0.006     5.7049     59.033     41.582  34.871471     1.3791      8.644   148.7663 2.1397e+02     4.6950      0.602      0.873    16.9324 0.0000e+00
      0.621     -0.001     5.7046     59.018     41.581  34.872730     1.3861      8.645   148.7360 2.1397e+02     4.7506      0.611      0.886    16.9312 0.0000e+00
      0.624     -0.008     5.7086     59.027     41.576  34.872844     1.3566      8.646   148.8537 2.1604e+02     4.6091      0.615      0.891    16.9291 0.0000e+00
      0.619     -0.014     5.7175     59.021     41.568  34.872853     1.3385      8.647   148.8985 2.2174e+02     4.5566      0.611      0.886    16.9266 0.0000e+00
      0.607     -0.016     5.7135     58.983     41.562  34.872853     1.3413      8.647   148.8470 2.3139e+02     4.5935      0.597      0.864    16.9265 0.0000e+00
      0.594     -0.013     5.7098     58.926     41.559  34.872853     1.3489      8.647   148.9203 2.3719e+02     4.5769      0.578      0.837    16.9287 0.0000e+00
      0.589     -0.007     5.7134     58.846     41.561  34.872853     1.3390      8.647   149.0961 2.3496e+02     4.4919      0.574      0.832    16.9335 0.0000e+00
      0.593      0.003     5.7120     58.770     41.566  34.872854     1.3054      8.647   149.1662 2.2947e+02     4.4547      0.582      0.843    16.9423 0.0000e+00
      0.599      0.012     5.7056     58.732     41.573  34.872855     1.2994      8.647   149.2513 2.2454e+02     4.5363      0.587      0.852    16.9507 0.0000e+00
      0.606      0.017     5.7016     58.725     41.579  34.872855     1.3330      8.647   149.4362 2.2075e+02     4.5911      0.593      0.860    16.9539 0.0000e+00
      0.613      0.017     5.6922     58.724     41.582  34.872855     1.3536      8.646   149.5092 2.1680e+02     4.5709      0.602      0.874    16.9513 0.0000e+00
      0.618      0.013     5.6841     58.717     41.584  34.872847     1.3407      8.646   149.5319 2.1452e+02     4.4970      0.608      0.882    16.9447 0.0000e+00
      0.621      0.006     5.6824     58.715     41.584  34.872752     1.3101      8.647   149.6243 2.1456e+02     4.4143      0.609      0.883    16.9365 0.0000e+00
      0.621     -0.004     5.6826     58.732     41.581  34.871713     1.2998      8.648   149.6805 2.1586e+02     4.4598      0.609      0.883    16.9306 0.0000e+00
      0.620     -0.019     5.6846     58.799     41.565  34.860281     1.3161      8.649   149.6091 2.1814e+02     4.5004      0.608      0.882    16.9273 0.0000e+00
      0.617     -0.036     5.6820     58.881     41.561  34.861434     1.3246      8.650   149.6208 2.2045e+02     4.4614      0.606      0.879    16.9263 0.0000e+00
      0.609     -0.051     5.6831     58.919     41.584  34.885660     1.3110      8.650   149.7364 2.2848e+02     4.4324      0.602      0.873    16.9268 0.0000e+00
      0.592     -0.061     5.6815     58.924     41.595  34.899406     1.2932      8.649   149.7163 2.4428e+02     4.4234      0.586      0.849    16.9277 0.0000e+00
      0.565     -0.066     5.6893     58.928     41.594  34.900748     1.3094      8.649   149.7219 2.5845e+02     4.4892      0.553      0.804    16.9302 0.0000e+00
      0.540     -0.068     5.7008     58.951     41.594  34.901891     1.3401      8.649   149.8903 2.6717e+02     4.4758      0.525      0.762    16.9350 0.0000e+00
      0.522     -0.065     5.7012     58.984     41.606  34.913228     1.3228      8.648   150.0311 2.7734e+02     4.3294      0.510      0.740    16.9419 0.0000e+00
      0.512     -0.062     5.7006     59.009     41.601  34.910931     1.2672      8.646   149.9619 2.8644e+02     4.2914      0.501      0.727    16.9479 0.0000e+00
      0.502     -0.065     5.6994     59.012     41.557  34.874121     1.2421      8.645   149.7422 2.8775e+02     4.4256      0.493      0.715    16.9504 0.0000e+00
      0.491     -0.080     5.7023     59.013     41.528  34.848847     1.2601      8.645   149.3541 2.9001e+02     4.5511      0.484      0.702    16.9514 0.0000e+00
      0.475     -0.105     5.7058     59.024     41.542  34.859134     1.2769      8.645   148.7958 3.0237e+02     4.5114      0.470      0.682    16.9532 0.0000e+00
      0.450     -0.133     5.7090     59.038     41.556  34.871605     1.2790      8.644   148.4126 3.3971e+02     4.3895      0.447      0.649    16.9555 0.0000e+00
      0.410     -0.154     5.7081     59.067     41.556  34.872738     1.2943      8.642   148.2477 4.0275e+02     4.3747      0.408      0.591    16.9558 0.0000e+00
      0.355     -0.164     5.7073     59.093     41.554  34.872841     1.3197      8.641   148.0068 4.5852e+02     4.5034      0.351      0.509    16.9537 0.0000e+00
      0.295     -0.160     5.7103     59.103     41.552  34.872851     1.3286      8.641   147.7378 5.1373e+02     4.5798      0.284      0.413    16.9518 0.0000e+00
      0.245     -0.145     5.7099     59.141     41.552  34.872862     1.3181      8.641   147.6621 5.5936e+02     4.4783      0.231      0.336    16.9519 0.0000e+00
      0.214     -0.124     5.7134     59.214     41.552  34.872976     1.2930      8.641   147.6076 5.5475e+02     4.3703      0.206      0.299    16.9543 0.0000e+00
      0.195     -0.106     5.7173     59.284     41.554  34.874224     1.2908      8.641   147.4231 5.4479e+02     4.4347      0.190      0.274    16.9574 0.0000e+00
      0.182     -0.101     5.7149     59.372     41.571  34.887952     1.3080      8.641   147.2378 6.5447e+02     4.5046      0.176      0.256    16.9591 0.0000e+00
      0.169     -0.111     5.7176     59.467     41.599  34.912072     1.3102      8.641   147.0025 8.5113e+02     4.4637      0.170      0.248    16.9595 0.0000e+00
      0.147     -0.130     5.7289     59.523     41.597  34.912072     1.3093      8.641   146.7293 8.8973e+02     4.4188      0.151      0.218    16.9587 0.0000e+00
      0.107     -0.146     5.7327     59.581     41.567  34.887952     1.2975      8.641   146.6010 7.3046e+02     4.4066      0.111      0.161    16.9580 0.0000e+00
      0.052     -0.151     5.7410     59.637     41.550  34.874222     1.3003      8.641   146.5700 7.0295e+02     4.4870      0.054      0.078    16.9574 0.0000e+00
     -0.007     -0.145     5.7555     59.647     41.548  34.872963     1.3093      8.641   146.6121 1.0123e+03     4.5369     -0.013     -0.018    16.9581 0.0000e+00
     -0.052     -0.127     5.7556     59.652     41.549  34.872735     1.2820      8.640   146.6802 1.1511e+03     4.4633     -0.061     -0.088    16.9601 0.0000e+00
     -0.076     -0.102     5.7614     59.696     41.550  34.871467     1.2615      8.640   146.6198 9.1636e+02     4.3818     -0.081     -0.116    16.9617 0.0000e+00
     -0.085     -0.072     5.7711     59.760     41.535  34.857624     1.2532      8.640   146.5700 8.5564e+02     4.4058     -0.083     -0.121    16.9632 0.0000e+00
     -0.093     -0.046     5.7681     59.818     41.508  34.832256     1.2647      8.639   146.5942 1.0715e+03     4.5824     -0.090     -0.129    16.9633 0.0000e+00
     -0.104     -0.026     5.7671     59.842     41.494  34.818527     1.2922      8.639   146.5687 1.3389e+03     4.6733     -0.104     -0.150    16.9617 0.0000e+00
     -0.113     -0.015     5.7734     59.829     41.495  34.818517     1.2860      8.639   146.5190 1.4678e+03     4.5832     -0.115     -0.167    16.9597 0.0000e+00
     -0.115     -0.007     5.7799     59.806     41.512  34.832140     1.2812      8.640   146.5092 1.4131e+03     4.5514     -0.115     -0.167    16.9574 0.0000e+00
     -0.112      0.000     5.7875     59.772     41.541  34.856355     1.3167      8.641   146.5366 1.4060e+03     4.5962     -0.110     -0.159    16.9550 0.0000e+00
     -0.108      0.005     5.7903     59.715     41.543  34.857500     1.3661      8.642   146.5064 1.3918e+03     4.6124     -0.105     -0.152    16.9526 0.0000e+00
     -0.105      0.007     5.7873     59.648     41.530  34.845983     1.3799      8.643   146.4023 1.2461e+03     4.5422     -0.102     -0.148    16.9506 0.0000e+00
     -0.103      0.006     5.7858     59.592     41.529  34.843998     1.3581      8.644   146.3967 1.1872e+03     4.3963     -0.101     -0.146    16.9498 0.0000e+00
     -0.102      0.004     5.7833     59.537     41.516  34.833503     1.3604      8.644   146.5245 1.2132e+03     4.3861     -0.098     -0.143    16.9495 0.0000e+00
     -0.102      0.002     5.7774     59.475     41.531  34.845985     1.3911      8.644   146.6566 1.2273e+03     4.5205     -0.099     -0.144    16.9494 0.0000e+00
     -0.102      0.002     5.7693     59.401     41.557  34.868018     1.4048      8.645   146.7033 1.2722e+03     4.5870     -0.102     -0.147    16.9486 0.0000e+00
     -0.102      0.002     5.7652     59.328     41.531  34.846108     1.3932      8.647   146.6585 1.3343e+03     4.5073     -0.101     -0.147    16.9480 0.0000e+00
     -0.101      0.003     5.7599     59.298     41.518  34.834867     1.3666      8.649   146.6312 1.4275e+03     4.3765     -0.099     -0.144    16.9483 0.0000e+00
     -0.099      0.004     5.7540     59.327     41.548  34.858997     1.3579      8.649   146.7179 1.5028e+03     4.3716     -0.098     -0.141    16.9486 0.0000e+00
     -0.098      0.005     5.7472     59.403     41.579  34.884072     1.3880      8.650   146.8466 1.4428e+03     4.4824     -0.096     -0.139    16.9483 0.0000e+00
     -0.097      0.006     5.7375     59.521     41.579  34.884254     1.4154      8.651   146.8963 1.3650e+03     4.5547     -0.095     -0.138    16.9475 0.0000e+00
     -0.096      0.009     5.7344     59.651     41.551  34.861190     1.4049      8.652   146.8884 1.4430e+03     4.5287     -0.094     -0.136    16.9470 0.0000e+00
     -0.094      0.010     5.7384     59.745     41.547  34.859007     1.3694      8.652   146.8375 1.4829e+03     4.4749     -0.092     -0.134    16.9463 0.0000e+00
     -0.092      0.010     5.7454     59.785     41.546  34.857864     1.3444      8.653   146.7971 1.3152e+03     4.4854     -0.092     -0.134    16.9457 0.0000e+00
     -0.087      0.009     5.7572     59.749     41.533  34.847368     1.3357      8.654   146.8303 1.1625e+03     4.4847     -0.086     -0.125    16.9455 0.0000e+00
     -0.081      0.009     5.7734     59.659     41.546  34.858997     1.3305      8.656   146.8941 1.1899e+03     4.4667     -0.076     -0.111    16.9458 0.0000e+00
     -0.078      0.010     5.7812     59.579     41.561  34.871581     1.3061      8.656   147.0527 1.2894e+03     4.4722     -0.074     -0.108    16.9465 0.0000e+00
     -0.081      0.014     5.7866     59.502     41.562  34.872622     1.2654      8.655   147.1992 1.3964e+03     4.4493     -0.080     -0.116    16.9471 0.0000e+00
     -0.083      0.020     5.7836     59.436     41.560  34.871582     1.2635      8.654   147.2031 1.5195e+03     4.4626     -0.085     -0.123    16.9475 0.0000e+00
     -0.079      0.029     5.7689     59.410     41.544  34.859006     1.2833      8.652   147.1857 1.5733e+03     4.4626     -0.081     -0.116    16.9476 0.0000e+00
     -0.068      0.039     5.7647     59.421     41.530  34.847461     1.2884      8.650   147.2472 1.5362e+03     4.3801     -0.067     -0.098    16.9481 0.0000e+00
