Data/DataNotYetUploadedToEDI/Raw_CTD/RawDownloads/101320_fcr50.cnv
* Sea-Bird SBE19plus  Data File:
* FileName = C:\DATA\101320_fcr50_0002.hex
* Software version 2.8.0.119
* Temperature SN = 7809
* Conductivity SN = 7809
* System UpLoad Time = Oct 13 2020 17:49:07
* <ApplicationData>
* <Seaterm232>
# nquan = 16
# nvalues = 4048                        
# units = specified
# name 0 = depFM: Depth [fresh water, m]
# name 1 = dz/dtM: Descent Rate [m/s]
# name 2 = orp: Oxidation Reduction Potential [mV]
# name 3 = sbeox0Mg/L: Oxygen, SBE 43 [mg/l]
# name 4 = sbeox0PS: Oxygen, SBE 43 [% saturation]
# name 5 = par/sat/log: PAR/Logarithmic, Satlantic
# name 6 = ph: pH
# name 7 = specc: Specific Conductance [uS/cm]
# name 8 = c0uS/cm: Conductivity [uS/cm]
# name 9 = flECO-AFL: Fluorescence, WET Labs ECO-AFL/FL [mg/m^3]
# name 10 = turbWETntu0: Turbidity, WET Labs ECO [NTU]
# name 11 = tv290C: Temperature [ITS-90, deg C]
# name 12 = density00: Density [density, kg/m^3]
# name 13 = prdE: Pressure, Strain Gauge [psi]
# name 14 = prdM: Pressure, Strain Gauge [db]
# name 15 = flag:  0.000e+00
# span 0 =     -0.672,      9.722       
# span 1 =     -4.098,      4.999       
# span 2 = -1240.7455,  1031.3258       
# span 3 =    -0.0058,    10.2317       
# span 4 =     -0.029,    107.333       
# span 5 = 1.2352e-01, 3.6839e+02       
# span 6 =     15.503,     15.906       
# span 7 =      1.017,    387.584       
# span 8 =   0.943322, 292.043958       
# span 9 =    -1.0787,     7.7994       
# span 10 =    -1.0285,   102.6346      
# span 11 =    12.5810,    21.3632      
# span 12 =   997.9194,   999.6099      
# span 13 =     -0.956,     13.829      
# span 14 =     -0.659,      9.534      
# span 15 = 0.0000e+00, 0.0000e+00      
# interval = seconds: 0.25
# start_time = Oct 12 2020 21:45:52 [Instrument's time stamp, header]
# bad_flag = -9.990e-29
*END*
[from data line 2351]
      9.634 6.1835e-46   202.1410     1.4933     13.868 1.2367e-01     15.663     83.656  62.947406    -0.3667    34.5648    12.6212   999.5042     13.702      9.447 0.0000e+00
      9.634 6.8019e-45   202.2164     1.4817     13.788 1.2369e-01     15.663     82.461  62.048480    -0.3804    34.4923    12.6212   999.5040     13.703      9.448 0.0000e+00
      9.634 7.4821e-44   202.2456     1.4684     13.575 1.2367e-01     15.664     81.764  61.523550    -0.3817    34.4233    12.6208   999.5034     13.702      9.447 0.0000e+00
      9.634 8.2303e-43   202.4075     1.4699     13.259 1.2367e-01     15.665     81.049  60.984916    -0.3913    34.4177    12.6205   999.5031     13.702      9.447 0.0000e+00
      9.633 9.0533e-42   202.6259     1.4778     12.868 1.2370e-01     15.665     80.057  60.237806    -0.4011    34.4588    12.6202   999.5026     13.701      9.447 0.0000e+00
      9.633 9.9586e-41   202.7348     1.4717     12.508 1.2369e-01     15.666     79.050  59.479419    -0.3861    34.2681    12.6199   999.5021     13.702      9.447 0.0000e+00
      9.633 1.0954e-39   202.7780     1.4438     12.231 1.2367e-01     15.666     78.408  58.994817    -0.3623    33.8617    12.6196   999.5021     13.701      9.447 0.0000e+00
      9.634 1.2050e-38   202.8902     1.4146     12.017 1.2372e-01     15.666     78.185  58.825903    -0.3616    33.6311    12.6194   999.5019     13.702      9.447 0.0000e+00
      9.634 1.3255e-37   203.1450     1.3644     11.900 1.2375e-01     15.666     78.367  58.961866    -0.3871    33.5399    12.6189   999.5016     13.703      9.448 0.0000e+00
      9.634 1.4580e-36   203.3636     1.3244     11.916 1.2372e-01     15.666     78.402  58.986875    -0.4228    33.3428    12.6181   999.5011     13.702      9.447 0.0000e+00
      9.634 1.6038e-35   203.3817     1.2994     12.087 1.2368e-01     15.666     77.662  58.429365    -0.4403    33.0676    12.6175   999.5010     13.703      9.448 0.0000e+00
      9.634 1.7642e-34   203.4507     1.2720     12.354 1.2369e-01     15.666     76.757  57.748295    -0.4272    32.9588    12.6168   999.5011     13.703      9.448 0.0000e+00
      9.634 1.9407e-33   203.6812     1.2605     12.588 1.2375e-01     15.666     76.495  57.549845    -0.4265    32.9886    12.6160   999.5013     13.702      9.447 0.0000e+00
      9.634 2.1347e-32   203.8455     1.2593     12.738 1.2378e-01     15.665     77.094  57.999292    -0.4414    32.9478    12.6156   999.5015     13.702      9.447 0.0000e+00
      9.634 2.3482e-31   203.8889     1.2795     12.867 1.2380e-01     15.665     77.397  58.227242    -0.4450    32.8432    12.6153   999.5010     13.702      9.447 0.0000e+00
      9.634 2.5830e-30   203.8610     1.3153     13.070 1.2380e-01     15.665     76.867  57.828294    -0.4415    32.8220    12.6146   999.5008     13.703      9.448 0.0000e+00
      9.633 2.8413e-29   203.8529     1.3420     13.356 1.2372e-01     15.665     76.679  57.686245    -0.4372    32.9330    12.6136   999.5008     13.702      9.447 0.0000e+00
      9.633 3.1254e-28   204.0487     1.3546     13.632 1.2366e-01     15.665     76.890  57.843925    -0.4218    33.1546    12.6130   999.5013     13.702      9.447 0.0000e+00
      9.633 3.4380e-27   204.2499     1.3639     13.838 1.2371e-01     15.665     76.955  57.892466    -0.3987    33.4070    12.6127   999.5016     13.702      9.447 0.0000e+00
      9.633 3.7818e-26   204.2202     1.3839     13.974 1.2377e-01     15.664     77.123  58.019031    -0.3962    33.5125    12.6125   999.5010     13.702      9.447 0.0000e+00
      9.634 4.1600e-25   204.1207     1.4208     14.088 1.2372e-01     15.664     77.827  58.548317    -0.4002    33.5379    12.6122   999.5011     13.702      9.447 0.0000e+00
      9.634 4.5760e-24   204.0792     1.4516     14.250 1.2364e-01     15.664     78.961  59.400139    -0.3806    33.6792    12.6120   999.5014     13.703      9.448 0.0000e+00
      9.634 5.0336e-23   204.0617     1.4730     14.451 1.2369e-01     15.665     79.922  60.122634    -0.3497    33.9168    12.6117   999.5013     13.702      9.447 0.0000e+00
      9.634 5.5369e-22   204.0821     1.4871     14.622 1.2373e-01     15.666     80.742  60.739913    -0.3407    34.0421    12.6113   999.5013     13.702      9.447 0.0000e+00
      9.634 6.0906e-21   204.1534     1.4935     14.696 1.2370e-01     15.666     81.535  61.335833    -0.3492    34.0269    12.6112   999.5015     13.703      9.448 0.0000e+00
      9.634 6.6997e-20   204.1499     1.5128     14.694 1.2367e-01     15.666     81.645  61.418728    -0.3663    34.0073    12.6109   999.5021     13.703      9.448 0.0000e+00
      9.633 7.3696e-19   204.1249     1.5364     14.689 1.2366e-01     15.666     81.399  61.233927    -0.3858    33.9759    12.6105   999.5025     13.701      9.447 0.0000e+00
      9.633 8.1066e-18   204.2824     1.5585     14.680 1.2369e-01     15.665     81.099  61.007615    -0.3751    33.9225    12.6105   999.5026     13.701      9.447 0.0000e+00
      9.633 8.9172e-17   204.5048     1.5659     14.656 1.2373e-01     15.663     80.711  60.715593    -0.3510    33.9111    12.6103   999.5032     13.702      9.447 0.0000e+00
      9.633 9.8090e-16   204.4908     1.5594     14.620 1.2376e-01     15.663     80.592  60.625861    -0.3522    33.9066    12.6101   999.5032     13.702      9.447 0.0000e+00
      9.633 1.0790e-14   204.2856     1.5621     14.588 1.2376e-01     15.663     80.164  60.303935    -0.3901    33.6970    12.6101   999.5030     13.702      9.447 0.0000e+00
      9.633 1.1869e-13   204.1742     1.5602     14.525 1.2372e-01     15.664     79.423  59.745927    -0.4366    33.3332    12.6101   999.5031     13.703      9.448 0.0000e+00
      9.633 1.3056e-12   204.3486     1.5585     14.333 1.2369e-01     15.665     79.056  59.470218    -0.4566    33.1472    12.6102   999.5027     13.702      9.447 0.0000e+00
      9.633 1.4361e-11   204.5878     1.5534     14.023 1.2367e-01     15.665     79.281  59.638827    -0.4599    33.1308    12.6100   999.5029     13.701      9.447 0.0000e+00
      9.633 1.5797e-10   204.5715     1.5493     13.721 1.2367e-01     15.665     80.107  60.259740    -0.4481    33.1010    12.6101   999.5027     13.703      9.448 0.0000e+00
      9.633 1.7377e-09   204.5818     1.5508     13.535 1.2369e-01     15.665     81.267  61.132280    -0.4377    32.9925    12.6098   999.5023     13.702      9.447 0.0000e+00
      9.633 1.9115e-08   204.7981     1.5281     13.445 1.2365e-01     15.665     81.820  61.547455    -0.4488    32.8835    12.6094   999.5023     13.701      9.447 0.0000e+00
      9.633 2.1026e-07   205.0353     1.4902     13.420 1.2364e-01     15.665     81.714  61.467247    -0.4590    32.8809    12.6094   999.5023     13.702      9.447 0.0000e+00
      9.633      0.000   205.2135     1.4519     13.467 1.2366e-01     15.665     82.007  61.687461    -0.4560    32.8924    12.6090   999.5027     13.702      9.447 0.0000e+00
      9.633      0.000   205.3172     1.4347     13.530 1.2364e-01     15.664     81.813  61.541330    -0.4413    32.8169    12.6088   999.5033     13.702      9.447 0.0000e+00
      9.633      0.000   205.5143     1.4284     13.596 1.2363e-01     15.664     80.380  60.462731    -0.4236    32.7584    12.6085   999.5036     13.702      9.447 0.0000e+00
      9.633      0.003   205.7904     1.4204     13.634 1.2370e-01     15.664     79.031  59.447756    -0.4138    32.7678    12.6082   999.5031     13.702      9.447 0.0000e+00
      9.633      0.034   205.9027     1.4331     13.618 1.2379e-01     15.665     78.255  58.863458    -0.4090    32.7934    12.6082   999.5035     13.702      9.447 0.0000e+00
      9.633      0.372   205.9251     1.4366     13.609 1.2379e-01     15.665     77.746  58.480684    -0.3941    32.8965    12.6081   999.5037     13.702      9.447 0.0000e+00
      9.633      4.097   205.9747     1.4450     13.572 1.2377e-01     15.665     77.609  58.377439    -0.3762    33.0193    12.6080   999.5028     13.702      9.447 0.0000e+00
      9.634      4.097   206.0726     1.4545     13.497 1.2371e-01     15.664     77.694  58.441033    -0.3747    33.0413    12.6076   999.5024     13.703      9.448 0.0000e+00
      9.634      0.372   206.2482     1.4430     13.412 1.2368e-01     15.664     77.418  58.233100    -0.3856    32.9913    12.6074   999.5023     13.703      9.448 0.0000e+00
      9.633      0.034   206.3777     1.4490     13.316 1.2372e-01     15.665     76.971  57.896293    -0.4030    32.8605    12.6071   999.5021     13.702      9.447 0.0000e+00
      9.633      0.003   206.3475     1.4448     13.308 1.2377e-01     15.666     76.927  57.862864    -0.4123    32.6963    12.6068   999.5020     13.702      9.447 0.0000e+00
      9.633      0.000   206.3130     1.4318     13.404 1.2378e-01     15.666     77.051  57.955986    -0.4029    32.6535    12.6064   999.5023     13.702      9.447 0.0000e+00
      9.633      0.000   206.5630     1.4299     13.519 1.2374e-01     15.665     77.202  58.069299    -0.3852    32.7214    12.6062   999.5022     13.702      9.447 0.0000e+00
      9.633      0.000   206.8758     1.4096     13.654 1.2374e-01     15.665     77.145  58.025845    -0.3882    32.7617    12.6061   999.5018     13.702      9.448 0.0000e+00
      9.633 2.1026e-07   206.9112     1.4085     13.786 1.2378e-01     15.665     76.692  57.684690    -0.4117    32.7622    12.6059   999.5019     13.701      9.447 0.0000e+00
      9.633 1.9115e-08   206.9051     1.4272     13.910 1.2373e-01     15.666     76.618  57.629093    -0.4297    32.7625    12.6056   999.5020     13.702      9.447 0.0000e+00
      9.633 1.7377e-09   206.9740     1.4339     14.035 1.2362e-01     15.666     76.675  57.671264    -0.4439    32.7998    12.6054   999.5021     13.701      9.447 0.0000e+00
      9.633 1.5797e-10   207.0561     1.4520     14.134 1.2362e-01     15.665     76.358  57.432188    -0.4411    33.8309    12.6052   999.5023     13.701      9.447 0.0000e+00
      9.633 1.4361e-11   207.2090     1.4662     14.216 1.2366e-01     15.664     76.239  57.343083    -0.4241    35.8219    12.6048   999.5019     13.702      9.447 0.0000e+00
      9.633 1.3056e-12   207.3602     1.4768     14.280 1.2362e-01     15.664     75.919  57.102188    -0.4201    36.8919    12.6046   999.5019     13.701      9.447 0.0000e+00
      9.633 1.1869e-13   207.4219     1.4945     14.325 1.2363e-01     15.665     75.357  56.679453    -0.4301    36.8458    12.6046   999.5023     13.701      9.447 0.0000e+00
      9.633 1.0790e-14   207.4385     1.5019     14.365 1.2370e-01     15.665     75.271  56.615141    -0.4495    35.8136    12.6044   999.5018     13.701      9.447 0.0000e+00
      9.633 9.8090e-16   207.5616     1.5118     14.390 1.2374e-01     15.664     75.476  56.769288    -0.4641    34.0593    12.6043   999.5020     13.701      9.447 0.0000e+00
      9.633 8.9170e-17   207.7056     1.5190     14.402 1.2369e-01     15.663     75.554  56.828050    -0.4550    33.1793    12.6044   999.5020     13.701      9.446 0.0000e+00
      9.633 8.1065e-18   207.7165     1.5219     14.427 1.2362e-01     15.663     75.371  56.690380    -0.4344    33.1723    12.6043   999.5015     13.702      9.447 0.0000e+00
      9.633 7.3695e-19   207.6931     1.5276     14.465 1.2363e-01     15.663     75.290  56.629324    -0.4337    33.0827    12.6042   999.5016     13.702      9.447 0.0000e+00
      9.633 6.6995e-20   207.6815     1.5303     14.503 1.2371e-01     15.663     75.587  56.852110    -0.4468    32.8162    12.6044   999.5017     13.702      9.447 0.0000e+00
      9.633 6.0905e-21   207.7471     1.5297     14.529 1.2376e-01     15.663     75.575  56.843049    -0.4499    32.6966    12.6043   999.5017     13.701      9.447 0.0000e+00
      9.633 5.5370e-22   207.8843     1.5330     14.591 1.2378e-01     15.663     74.892  56.329194    -0.4514    32.8044    12.6041   999.5017     13.701      9.446 0.0000e+00
      9.633 5.0335e-23   207.8781     1.5369     14.711 1.2375e-01     15.663     73.999  55.657570    -0.4466    33.3642    12.6040   999.5015     13.701      9.447 0.0000e+00
      9.633 4.5759e-24   207.7572     1.5426     14.790 1.2371e-01     15.664     73.309  55.138345    -0.4300    34.2807    12.6041   999.5019     13.701      9.447 0.0000e+00
      9.633 4.1599e-25   207.8001     1.5436     14.820 1.2366e-01     15.664     73.049  54.942436    -0.4216    34.7535    12.6041   999.5019     13.701      9.446 0.0000e+00
      9.633 3.7817e-26   207.8809     1.5451     14.885 1.2361e-01     15.664     73.047  54.940393    -0.4311    34.7548    12.6040   999.5015     13.701      9.446 0.0000e+00
      9.633 3.4379e-27   207.8741     1.5679     14.995 1.2358e-01     15.664     72.856  54.796051    -0.4491    34.6738    12.6039   999.5011     13.701      9.446 0.0000e+00
      9.633 3.1254e-28   207.9759     1.5744     15.080 1.2361e-01     15.664     72.504  54.531102    -0.4500    34.2886    12.6038   999.5009     13.701      9.447 0.0000e+00
      9.633 2.8413e-29   208.0794     1.5725     15.064 1.2368e-01     15.663     72.504  54.531752    -0.4220    33.6336    12.6037   999.5009     13.701      9.446 0.0000e+00
      9.632 2.5830e-30   208.0926     1.5804     15.000 1.2366e-01     15.663     72.698  54.676862    -0.3880    33.2783    12.6034   999.5010     13.700      9.446 0.0000e+00
      9.632 2.3482e-31   208.1353     1.5936     15.009 1.2365e-01     15.663     72.557  54.570622    -0.3824    33.1850    12.6031   999.5010     13.700      9.446 0.0000e+00
      9.632 2.1347e-32   208.2509     1.6088     15.117 1.2371e-01     15.663     72.402  54.454067    -0.4105    32.9526    12.6029   999.5007     13.702      9.447 0.0000e+00
      9.632 1.9406e-33   208.2857     1.6038     15.273 1.2375e-01     15.663     72.514  54.537974    -0.4418    32.6314    12.6027   999.5008     13.701      9.446 0.0000e+00
      9.633 1.7642e-34   208.2123     1.5901     15.411 1.2373e-01     15.663     72.724  54.695879    -0.4470    32.4599    12.6025   999.5011     13.700      9.447 0.0000e+00
      9.633 1.6038e-35   208.2242     1.5911     15.501 1.2369e-01     15.663     72.998  54.902356    -0.4349    32.4589    12.6023   999.5009     13.701      9.447 0.0000e+00
      9.633 1.4580e-36   208.3429     1.6047     15.569 1.2368e-01     15.663     73.215  55.065371    -0.4385    32.4813    12.6023   999.5008     13.701      9.447 0.0000e+00
      9.633 1.3158e-37   208.4430     1.6244     15.648 1.2370e-01     15.663     73.317  55.142407    -0.4520    32.4553    12.6023   999.5009     13.701      9.447 0.0000e+00
      9.633 1.3734e-39   208.4881     1.6407     15.743 1.2374e-01     15.663     73.138  55.008031    -0.4549    32.4203    12.6024   999.5009     13.702      9.447 0.0000e+00
      9.633 -1.163e-37   208.5451     1.6479     15.788 1.2373e-01     15.663     72.828  54.774541    -0.4446    32.4353    12.6025   999.5011     13.701      9.447 0.0000e+00
      9.633 -1.292e-36   208.6146     1.6551     15.768 1.2366e-01     15.664     72.857  54.796554    -0.4039    32.5340    12.6024   999.5011     13.700      9.446 0.0000e+00
      9.633 -1.421e-35   208.8127     1.6608     15.753 1.2361e-01     15.665     73.155  55.020139    -0.3540    32.6524    12.6025   999.5012     13.701      9.447 0.0000e+00
      9.633 -1.563e-34   209.0475     1.6760     15.764 1.2361e-01     15.665     73.552  55.318211    -0.3467    32.6646    12.6024   999.5011     13.701      9.446 0.0000e+00
      9.633 -1.719e-33   209.1306     1.6824     15.795 1.2367e-01     15.665     73.681  55.415051    -0.3724    32.6131    12.6024   999.5009     13.701      9.447 0.0000e+00
      9.633 -1.891e-32   209.1294     1.6738     15.798 1.2369e-01     15.665     73.446  55.238208    -0.3974    32.7501    12.6023   999.5010     13.700      9.446 0.0000e+00
