Data/DataNotYetUploadedToEDI/Raw_CTD/RawDownloads/101325_fcr30_S7809004.cnv
* Sea-Bird SBE19plus  Data File:
* FileName = C:\R\Reservoirs\Data\DataNotYetUploadedToEDI\Raw_CTD\RawDownloads\101325_fcr50_S7809_0004.hex
* Software version 2.8.0.119
* Temperature SN = 7809
* Conductivity SN = 7809
* System UpLoad Time = Oct 16 2025 15:04:33
* <ApplicationData>
* <Seaterm232>
# nquan = 15
# nvalues = 1256                        
# units = specified
# name 0 = depFM: Depth [fresh water, m]
# name 1 = dz/dtM: Descent Rate [m/s]
# name 2 = sbeox0Mg/L: Oxygen, SBE 43 [mg/l]
# name 3 = sbeox0PS: Oxygen, SBE 43 [% saturation]
# name 4 = specc: Specific Conductance [uS/cm]
# name 5 = c0uS/cm: Conductivity [uS/cm]
# name 6 = flECO-AFL: Fluorescence, WET Labs ECO-AFL/FL [mg/m^3]
# name 7 = ph: pH
# name 8 = orp: Oxidation Reduction Potential [mV]
# name 9 = par/sat/log: PAR/Logarithmic, Satlantic
# name 10 = turbWETntu0: Turbidity, WET Labs ECO [NTU]
# name 11 = prdM: Pressure, Strain Gauge [db]
# name 12 = prdE: Pressure, Strain Gauge [psi]
# name 13 = tv290C: Temperature [ITS-90, deg C]
# name 14 = flag:  0.000e+00
# span 0 =     -0.682,      5.103       
# span 1 =     -0.228,      0.323       
# span 2 =    -0.3482,     9.2640       
# span 3 =     -3.209,     97.496       
# span 4 =      0.760,     79.858       
# span 5 =   0.664711,  64.064287       
# span 6 =    -0.0639,     2.3103       
# span 7 =     -2.273,      9.053       
# span 8 = -1240.7455,   152.3240       
# span 9 = 1.2356e-01, 7.3082e+02       
# span 10 =     1.1134,   143.9226      
# span 11 =     -0.669,      5.005      
# span 12 =     -0.971,      7.259      
# span 13 =    13.1567,    18.6847      
# span 14 = 0.0000e+00, 0.0000e+00      
# interval = seconds: 0.25
# start_time = Oct 13 2025 13:16:22 [Instrument's time stamp, header]
# bad_flag = -9.990e-29
*END*
     -0.680 -1.177e-20     8.5401     91.627      0.851   0.743899    -0.0557     -2.273 -1240.7455 1.3415e+02     2.7773     -0.667     -0.968    18.6847 0.0000e+00
     -0.680 -1.295e-19     8.5469     91.664      0.821   0.717412    -0.0639     -2.273 -1240.7455 1.3512e+02     2.7888     -0.667     -0.968    18.6845 0.0000e+00
     -0.681 -1.424e-18     8.5475     91.644      0.789   0.689908    -0.0581     -2.273 -1240.7455 1.3398e+02     2.8052     -0.668     -0.969    18.6845 0.0000e+00
     -0.681 -1.567e-17     8.5452     91.631      0.760   0.664711    -0.0597     -2.273 -1240.7455 1.2147e+02     2.3272     -0.668     -0.968    18.6845 0.0000e+00
     -0.681 -1.724e-16     8.5549     91.669      0.762   0.666114    -0.0587     -2.273 -1240.7455 9.8633e+01     1.5180     -0.668     -0.968    18.6843 0.0000e+00
     -0.681 -1.896e-15     8.5604     91.688      0.809   0.706869    -0.0381     -2.273 -1240.7455 7.8987e+01     1.1508     -0.667     -0.968    18.6843 0.0000e+00
     -0.681 -2.086e-14     8.5547     91.639      0.890   0.777445    -0.0100     -2.273 -1240.7455 6.8259e+01     1.1328     -0.668     -0.969    18.6844 0.0000e+00
     -0.680 -2.294e-13     8.5513     91.619      0.942   0.822703    -0.0187     -2.273 -1240.7455 6.2366e+01     1.1645     -0.667     -0.968    18.6842 0.0000e+00
     -0.680 -2.524e-12     8.5574     91.654      0.928   0.810703    -0.0424     -2.273 -1240.7455 5.6684e+01     1.3289     -0.667     -0.968    18.6844 0.0000e+00
     -0.680 -2.776e-11     8.5650     91.699      0.941   0.822369    -0.0306     -2.273 -1240.7455 5.1561e+01     1.4808     -0.668     -0.968    18.6846 0.0000e+00
     -0.680 -3.054e-10     8.5514     91.716      0.958   0.837071    -0.0268     -2.273 -1240.7455 4.9773e+01     1.4978     -0.667     -0.967    18.6844 0.0000e+00
     -0.680 -3.359e-09     8.5509     91.710      0.914   0.798447    -0.0547     -2.273 -1240.7455 5.0288e+01     1.3981     -0.667     -0.968    18.6843 0.0000e+00
     -0.680 -3.695e-08     8.5567     91.755      0.914   0.798745    -0.0598     -2.273 -1240.7455 4.9497e+01     1.3002     -0.667     -0.967    18.6837 0.0000e+00
     -0.680 -4.064e-07     8.5603     91.805      0.962   0.840680    -0.0387     -2.273 -1240.7455 4.5534e+01     1.2361     -0.668     -0.968    18.6834 0.0000e+00
     -0.680     -0.000     8.5657     91.762      0.987   0.862098    -0.0319     -2.273 -1240.7455 4.2394e+01     1.1701     -0.667     -0.968    18.6831 0.0000e+00
     -0.681     -0.000     8.5569     91.671      0.993   0.867687    -0.0445     -2.273 -1240.7455 4.5652e+01     1.1848     -0.668     -0.968    18.6826 0.0000e+00
     -0.681     -0.001     8.5659     91.615      0.967   0.844922    -0.0496     -2.273 -1240.7455 5.2138e+01     1.2774     -0.668     -0.969    18.6823 0.0000e+00
     -0.681     -0.001     8.5751     91.522      0.962   0.840210    -0.0349     -2.273 -1240.7455 5.4967e+01     1.4023     -0.668     -0.969    18.6817 0.0000e+00
     -0.681     -0.000     8.5697     91.333      1.001   0.874048    -0.0338     -2.273 -1240.7455 5.4680e+01     1.4298     -0.668     -0.968    18.6810 0.0000e+00
     -0.681 -1.850e-08     8.5543     91.106      1.001   0.874010    -0.0519     -2.273 -1240.7455 5.3935e+01     1.3717     -0.668     -0.969    18.6804 0.0000e+00
     -0.681 -2.035e-07     8.5551     90.868      0.962   0.839756    -0.0460     -2.273 -1240.7455 5.3162e+01     1.4170     -0.668     -0.969    18.6796 0.0000e+00
     -0.681 -2.064e-07     8.5502     90.645      0.962   0.839924    -0.0214     -2.273 -1240.7455 5.2465e+01     1.4654     -0.669     -0.970    18.6790 0.0000e+00
     -0.681 -5.376e-08     8.5266     90.477      1.003   0.876044    -0.0284     -2.273 -1240.7455 5.1987e+01     1.3752     -0.668     -0.969    18.6788 0.0000e+00
     -0.681 -3.898e-07     8.5071     90.350      1.027   0.896439    -0.0559     -2.273 -1240.7454 5.3712e+01     1.3174     -0.667     -0.968    18.6785 0.0000e+00
     -0.681     -0.000     8.4833     90.252      1.027   0.896496    -0.0460     -2.273 -1240.7443 6.2630e+01     1.3474     -0.668     -0.968    18.6784 0.0000e+00
     -0.681     -0.000     8.4606     90.219      1.004   0.876737    -0.0255     -2.272 -1240.7322 8.7181e+01     1.2599     -0.667     -0.968    18.6784 0.0000e+00
     -0.681     -0.001     8.4455     90.245      0.970   0.847552    -0.0405     -2.263 -1240.5994 1.2091e+02     1.1134     -0.668     -0.968    18.6784 0.0000e+00
     -0.681     -0.001     8.4358     90.300      1.058   0.923662    -0.0365     -2.164 -1239.1385 1.4358e+02     1.1475     -0.668     -0.969    18.6785 0.0000e+00
     -0.682      0.002     8.4229     90.359      1.914   1.670295     0.0904     -1.074 -1223.0690 1.5850e+02     1.8769     -0.669     -0.970    18.6782 0.0000e+00
     -0.682      0.012     8.4214     90.402      7.115   6.201189     0.3029      1.675 -1046.3036 1.8278e+02     3.1687     -0.669     -0.970    18.6783 0.0000e+00
     -0.681      0.031     8.4249     90.434     18.014  15.660306     0.4192      4.704  -600.4291 2.1371e+02     3.8550     -0.667     -0.968    18.6773 0.0000e+00
     -0.680      0.058     8.4304     90.464     29.328  25.412633     0.4308      6.669  -167.9006 2.4196e+02     3.8894     -0.669     -0.971    18.6778 0.0000e+00
     -0.670      0.090     8.4380     90.508     36.672  31.682712     0.5514      7.733    -4.6851 2.7056e+02     3.9255     -0.666     -0.966    18.6764 0.0000e+00
     -0.642      0.123     8.4402     90.569     39.519  34.073471     0.7878      8.315    10.9074 3.0112e+02     3.9495     -0.635     -0.921    18.6776 0.0000e+00
     -0.597      0.154     8.4610     90.655     40.031  34.464395     0.9078      8.640    13.3992 3.3172e+02     3.8727     -0.588     -0.854    18.5761 0.0000e+00
     -0.544      0.186     8.5017     90.774     40.273  34.632790     0.9123      8.825    16.5812 3.5742e+02     3.8170     -0.532     -0.772    18.3477 0.0000e+00
     -0.490      0.226     8.5350     90.928     40.408  34.713640     0.9418      8.925    19.4393 3.6655e+02     3.9245     -0.481     -0.696    18.1817 0.0000e+00
     -0.440      0.268     8.5552     91.197     40.475  34.743981     0.9979      8.975    22.1441 3.5678e+02     4.1478     -0.430     -0.624    18.0980 0.0000e+00
     -0.387      0.302     8.5729     91.689     40.497  34.745816     1.0167      9.000    25.3665 3.3861e+02     4.2287     -0.388     -0.564    18.0374 0.0000e+00
     -0.307      0.322     8.5937     92.410     40.486  34.735810     0.9939      9.013    29.3198 3.0216e+02     4.1177     -0.321     -0.466    17.9922 0.0000e+00
     -0.189      0.323     8.6134     93.295     40.485  34.749886     0.9808      9.022    33.2043 2.3666e+02     4.0350     -0.182     -0.264    17.9468 0.0000e+00
     -0.069      0.306     8.6392     94.267     40.510  34.789137     1.0663      9.027    34.9914 1.8034e+02     4.0823     -0.053     -0.078    17.9122 0.0000e+00
      0.017      0.271     8.6909     95.230     40.554  34.829724     1.2288      9.028    35.8715 1.5904e+02     4.2111      0.028      0.041    17.8885 0.0000e+00
      0.070      0.219     8.7629     96.088     40.606  34.859949     1.2973      9.027    37.4788 1.5244e+02     4.2260      0.077      0.112    17.8853 0.0000e+00
      0.102      0.161     8.8435     96.763     40.682  34.900765     1.2704      9.026    39.2818 1.4084e+02     4.0925      0.101      0.146    17.9127 0.0000e+00
      0.126      0.112     8.9344     97.216     40.758  34.942516     1.2361      9.024    40.8933 1.2351e+02     4.0655      0.124      0.180    17.9418 0.0000e+00
      0.146      0.080     9.0271     97.444     40.826  34.984040     1.2070      9.022    42.4237 1.1019e+02     4.1718      0.146      0.212    17.9474 0.0000e+00
      0.162      0.058     9.1162     97.496     40.883  35.022122     1.1939      9.020    43.9335 1.0539e+02     4.2509      0.160      0.231    17.9251 0.0000e+00
      0.175      0.041     9.1876     97.458     40.892  35.022258     1.1772      9.018    45.3818 1.0639e+02     4.2021      0.172      0.250    17.8888 0.0000e+00
      0.185      0.026     9.2369     97.355     40.852  34.985669     1.1392      9.018    46.6843 1.0900e+02     4.1284      0.184      0.266    17.8581 0.0000e+00
      0.189      0.015     9.2610     97.105     40.820  34.960414     1.1170      9.018    47.8953 1.1310e+02     4.1791      0.188      0.272    17.8383 0.0000e+00
      0.188      0.008     9.2640     96.585     40.828  34.970702     1.1245      9.019    49.0969 1.2084e+02     4.2004      0.186      0.271    17.8271 0.0000e+00
      0.183      0.003     9.2603     95.645     40.840  34.983163     1.1376      9.020    50.3717 1.2697e+02     4.1815      0.178      0.258    17.8171 0.0000e+00
      0.181      0.003     9.2562     94.128     40.840  34.984191     1.1176      9.020    51.6923 1.2849e+02     4.1217      0.175      0.253    17.8131 0.0000e+00
      0.184      0.007     9.2343     91.762     40.837  34.983141     1.0656      9.019    52.8471 1.3097e+02     3.9897      0.181      0.262    17.8180 0.0000e+00
      0.188      0.012     9.1896     88.225     40.821  34.970462     1.0511      9.018    53.8382 1.3145e+02     3.9855      0.185      0.269    17.8238 0.0000e+00
      0.192      0.014     9.1048     83.705     40.804  34.957783     1.0747      9.017    54.8128 1.2873e+02     4.0024      0.187      0.271    17.8258 0.0000e+00
      0.197      0.012     8.9659     78.831     40.802  34.956735     1.0759      9.017    55.8554 1.2609e+02     3.9205      0.192      0.280    17.8264 0.0000e+00
      0.204      0.008     8.7618     74.056     40.803  34.957794     1.0493      9.017    56.8938 1.2190e+02     3.8836      0.202      0.294    17.8276 0.0000e+00
      0.208      0.006     8.4182     69.758     40.820  34.970589     1.0440      9.016    57.9037 1.2075e+02     3.9324      0.208      0.301    17.8296 0.0000e+00
      0.205      0.007     7.9577     66.415     40.842  34.984536     1.0706      9.016    59.0313 1.2371e+02     3.9987      0.202      0.293    17.8316 0.0000e+00
      0.199      0.010     7.4837     64.282     40.868  34.999524     1.0795      9.016    60.1171 1.2646e+02     4.0021      0.193      0.281    17.8326 0.0000e+00
      0.198      0.012     7.0217     63.284     40.903  35.024904     1.1016      9.015    60.9655 1.2725e+02     4.0411      0.190      0.276    17.8345 0.0000e+00
      0.206      0.012     6.5905     63.113     40.919  35.037613     1.1795      9.014    61.6318 1.2627e+02     4.1972      0.199      0.290    17.8335 0.0000e+00
      0.219      0.009     6.2672     63.383     40.904  35.026287     1.2474      9.014    62.3227 1.2442e+02     4.3521      0.216      0.314    17.8246 0.0000e+00
      0.227      0.001     6.0686     63.815     40.890  35.014867     1.2818      9.014    63.2966 1.2227e+02     4.4449      0.227      0.329    17.8154 0.0000e+00
      0.227     -0.009     5.9858     64.219     40.909  35.026426     1.3038      9.013    64.3730 1.2207e+02     4.4314      0.226      0.328    17.8090 0.0000e+00
      0.217     -0.018     5.9851     64.424     40.936  35.039141     1.3140      9.012    65.2703 1.2437e+02     4.3589      0.215      0.312    17.8064 0.0000e+00
      0.203     -0.023     6.0183     64.271     40.953  35.041703     1.3228      9.012    65.9717 1.2922e+02     4.3552      0.199      0.289    17.8110 0.0000e+00
      0.191     -0.021     6.0647     63.727     40.982  35.057384     1.3429      9.012    66.6592 1.3322e+02     4.4205      0.185      0.268    17.8145 0.0000e+00
      0.185     -0.015     6.1088     62.973     41.042  35.101821     1.3660      9.013    67.4735 1.3437e+02     4.4651      0.177      0.257    17.8095 0.0000e+00
      0.186     -0.007     6.1369     62.292     41.085  35.134843     1.3605      9.013    68.2466 1.3508e+02     4.4167      0.180      0.263    17.7942 0.0000e+00
      0.191     -0.001     6.1265     61.870     41.094  35.139413     1.3342      9.013    68.9507 1.3521e+02     4.3467      0.190      0.274    17.7768 0.0000e+00
      0.194      0.003     6.0695     61.767     41.120  35.157065     1.3312      9.013    69.7058 1.3472e+02     4.3711      0.193      0.279    17.7656 0.0000e+00
      0.194      0.003     5.9864     61.936     41.125  35.157924     1.3413      9.013    70.4938 1.3407e+02     4.3353      0.191      0.276    17.7586 0.0000e+00
      0.193      0.002     5.9171     62.251     41.120  35.149789     1.3480      9.013    71.1653 1.3357e+02     4.1882      0.189      0.274    17.7540 0.0000e+00
      0.192      0.001     5.8749     62.556     41.165  35.185604     1.3540      9.012    71.7162 1.3202e+02     4.1288      0.188      0.273    17.7506 0.0000e+00
      0.192      0.004     5.8679     62.712     41.197  35.210265     1.3388      9.012    72.4226 1.2984e+02     4.1641      0.187      0.272    17.7459 0.0000e+00
      0.192      0.011     5.8888     62.644     41.181  35.194170     1.3384      9.012    73.2524 1.2881e+02     4.3077      0.188      0.273    17.7403 0.0000e+00
      0.194      0.022     5.9253     62.422     41.168  35.181335     1.3584      9.012    74.0057 1.2790e+02     4.4298      0.189      0.275    17.7360 0.0000e+00
      0.199      0.037     5.9592     62.242     41.169  35.181984     1.3479      9.012    74.9062 1.2558e+02     4.3768      0.193      0.280    17.7327 0.0000e+00
      0.208      0.061     5.9777     62.245     41.194  35.202013     1.3279      9.014    76.1383 1.2228e+02     4.3149      0.203      0.295    17.7293 0.0000e+00
      0.223      0.094     5.9701     62.477     41.233  35.233153     1.3326      9.015    77.4600 1.1823e+02     4.3657      0.215      0.313    17.7267 0.0000e+00
      0.244      0.124     5.9398     62.979     41.244  35.241241     1.3552      9.014    78.5825 1.1349e+02     4.4446      0.237      0.344    17.7250 0.0000e+00
      0.277      0.137     5.9180     63.749     41.226  35.236351     1.3588      9.013    79.3860 1.0549e+02     4.4148      0.262      0.380    17.7246 0.0000e+00
      0.333      0.133     5.9185     64.704     41.195  35.237503     1.3353      9.013    80.0343 9.0656e+01     4.3468      0.317      0.459    17.7239 0.0000e+00
      0.402      0.117     5.9386     65.718     41.181  35.255200     1.3204      9.012    80.7424 7.8846e+01     4.3393      0.410      0.594    17.7216 0.0000e+00
      0.440      0.093     5.9868     66.605     41.166  35.260017     1.3288      9.011    81.4080 7.7456e+01     4.3926      0.449      0.651    17.7135 0.0000e+00
      0.438      0.064     6.0634     67.182     41.132  35.232321     1.3531      9.010    82.0597 7.9836e+01     4.4783      0.431      0.625    17.7207 0.0000e+00
      0.427      0.034     6.1514     67.349     41.149  35.237571     1.3645      9.011    82.8582 8.1398e+01     4.4534      0.413      0.601    17.7644 0.0000e+00
      0.425      0.011     6.2492     67.068     41.190  35.260029     1.3505      9.011    83.6623 8.1726e+01     4.3312      0.412      0.599    17.8091 0.0000e+00
      0.433      0.002     6.3383     66.381     41.193  35.250054     1.3575      9.011    84.2976 8.1266e+01     4.2650      0.424      0.615    17.8294 0.0000e+00
      0.440      0.002     6.3951     65.377     41.202  35.243845     1.3998      9.011    84.8608 8.1131e+01     4.2680      0.434      0.629    17.8286 0.0000e+00
      0.442      0.002     6.4151     64.159     41.228  35.248384     1.4302      9.011    85.4806 8.1985e+01     4.2987      0.435      0.631    17.8138 0.0000e+00
      0.438      0.000     6.3890     62.882     41.239  35.241466     1.4249      9.011    86.1132 8.3051e+01     4.2603      0.429      0.623    17.7965 0.0000e+00
      0.434     -0.004     6.3213     61.689     41.234  35.223626     1.3854      9.011    86.7451 8.3582e+01     4.1794      0.424      0.616    17.7832 0.0000e+00
