Data/DataNotYetUploadedToEDI/Raw_CTD/RawDownloads/101420_bvr50_0001.cnv
* Sea-Bird SBE19plus  Data File:
* FileName = C:\DATA\101420_bvr50_0001.hex
* Software version 2.8.0.119
* Temperature SN = 7809
* Conductivity SN = 7809
* System UpLoad Time = Oct 14 2020 16:40:03
* <ApplicationData>
* <Seaterm232>
# nquan = 16
# nvalues = 2646                        
# units = specified
# name 0 = depFM: Depth [fresh water, m]
# name 1 = dz/dtM: Descent Rate [m/s]
# name 2 = orp: Oxidation Reduction Potential [mV]
# name 3 = sbeox0Mg/L: Oxygen, SBE 43 [mg/l]
# name 4 = sbeox0PS: Oxygen, SBE 43 [% saturation]
# name 5 = par/sat/log: PAR/Logarithmic, Satlantic
# name 6 = ph: pH
# name 7 = specc: Specific Conductance [uS/cm]
# name 8 = c0uS/cm: Conductivity [uS/cm]
# name 9 = flECO-AFL: Fluorescence, WET Labs ECO-AFL/FL [mg/m^3]
# name 10 = turbWETntu0: Turbidity, WET Labs ECO [NTU]
# name 11 = tv290C: Temperature [ITS-90, deg C]
# name 12 = density00: Density [density, kg/m^3]
# name 13 = prdE: Pressure, Strain Gauge [psi]
# name 14 = prdM: Pressure, Strain Gauge [db]
# name 15 = flag:  0.000e+00
# span 0 =     -0.709,     10.341       
# span 1 =     -0.360,      0.086       
# span 2 =  -150.3505,   214.5404       
# span 3 =     0.0380,     9.5958       
# span 4 =      0.406,     99.191       
# span 5 = 1.2354e-01, 1.3593e+03       
# span 6 =     15.581,     15.932       
# span 7 =      3.037,    162.485       
# span 8 =   2.532945, 114.972412       
# span 9 =    -1.7738,    10.2937       
# span 10 =    -0.3005,    11.9236      
# span 11 =    10.3628,    17.2662      
# span 12 =   998.7371,   999.7769      
# span 13 =     -1.009,     14.709      
# span 14 =     -0.696,     10.142      
# span 15 = 0.0000e+00, 0.0000e+00      
# interval = seconds: 0.25
# start_time = Oct 13 2020 21:10:11 [Instrument's time stamp, header]
# bad_flag = -9.990e-29
*END*
[from data line 181]
      0.952      0.022   159.9831     6.0628     63.312 8.2373e+01     15.748     28.218  23.793636     7.1992     3.8094    17.1571   998.7673      1.354      0.934 0.0000e+00
      0.956      0.018   159.7920     6.0516     63.561 8.1602e+01     15.748     28.192  23.770560     7.1763     3.7713    17.1568   998.7674      1.360      0.937 0.0000e+00
      0.959      0.015   159.4194     6.0528     63.802 8.0350e+01     15.749     28.191  23.769407     7.1412     3.6841    17.1569   998.7674      1.364      0.940 0.0000e+00
      0.964      0.015   159.6943     6.0735     63.999 7.9867e+01     15.750     28.204  23.779689     7.0987     3.6136    17.1566   998.7675      1.370      0.945 0.0000e+00
      0.968      0.015   160.2769     6.0988     64.076 8.0337e+01     15.750     28.191  23.768044     7.0819     3.6051    17.1555   998.7677      1.378      0.950 0.0000e+00
      0.970      0.015   160.3550     6.1229     64.024 7.9636e+01     15.749     28.176  23.755446     7.0813     3.5810    17.1541   998.7679      1.380      0.952 0.0000e+00
      0.974      0.016   160.2085     6.1468     63.921 7.8499e+01     15.749     28.175  23.754206     7.0721     3.5276    17.1533   998.7681      1.382      0.953 0.0000e+00
      0.979      0.017   160.4850     6.1700     63.845 7.7696e+01     15.749     28.173  23.753057     7.1042     3.5781    17.1524   998.7682      1.391      0.960 0.0000e+00
      0.984      0.019   161.1156     6.1779     63.782 7.7944e+01     15.749     28.159  23.741550     7.1737     3.7113    17.1517   998.7684      1.401      0.966 0.0000e+00
      0.987      0.019   161.6378     6.1698     63.678 7.7569e+01     15.749     28.159  23.741921     7.1978     3.7647    17.1508   998.7685      1.404      0.968 0.0000e+00
      0.992      0.019   161.7232     6.1556     63.526 7.5497e+01     15.749     28.176  23.757540     7.1950     3.7428    17.1505   998.7686      1.408      0.972 0.0000e+00
      0.999      0.017   161.4600     6.1500     63.375 7.4622e+01     15.748     28.155  23.740138     7.2063     3.7554    17.1515   998.7685      1.421      0.981 0.0000e+00
      1.006      0.016   161.2082     6.1460     63.278 7.4607e+01     15.748     28.133  23.721783     7.2200     3.8144    17.1524   998.7684      1.434      0.988 0.0000e+00
      1.009      0.016   161.6902     6.1362     63.238 7.4752e+01     15.749     28.137  23.725871     7.2172     3.8381    17.1531   998.7682      1.436      0.990 0.0000e+00
      1.009      0.019   162.8997     6.1198     63.247 7.4792e+01     15.749     28.137  23.726143     7.2019     3.8023    17.1541   998.7681      1.436      0.990 0.0000e+00
      1.010      0.023   163.4430     6.1017     63.272 7.3606e+01     15.749     28.136  23.725076     7.2631     3.7923    17.1556   998.7678      1.435      0.989 0.0000e+00
      1.014      0.028   163.0109     6.0940     63.283 7.2481e+01     15.749     28.121  23.712967     7.3941     3.8205    17.1570   998.7676      1.439      0.992 0.0000e+00
      1.025      0.032   162.4927     6.0888     63.244 7.0721e+01     15.750     28.113  23.706574     7.4616     3.8342    17.1577   998.7675      1.455      1.003 0.0000e+00
      1.041      0.033   162.2539     6.0919     63.135 6.8325e+01     15.750     28.118  23.711195     7.4591     3.8203    17.1582   998.7675      1.483      1.022 0.0000e+00
      1.053      0.032   162.1889     6.0949     63.026 6.7348e+01     15.749     28.111  23.705430     7.4025     3.7902    17.1583   998.7676      1.503      1.036 0.0000e+00
      1.059      0.027   162.1367     6.0966     62.994 6.7238e+01     15.748     28.105  23.700275     7.3108     3.7793    17.1583   998.7675      1.506      1.038 0.0000e+00
      1.062      0.021   162.1392     6.0957     63.018 6.7232e+01     15.748     28.119  23.712285     7.2759     3.7913    17.1591   998.7674      1.510      1.041 0.0000e+00
      1.066      0.015   162.2189     6.0806     63.029 6.6964e+01     15.749     28.133  23.723806     7.2760     3.7987    17.1599   998.7673      1.516      1.045 0.0000e+00
      1.069      0.012   162.4988     6.0671     63.014 6.7014e+01     15.750     28.120  23.712738     7.2826     3.8002    17.1603   998.7672      1.520      1.048 0.0000e+00
      1.071      0.012   163.0281     6.0643     62.929 6.7487e+01     15.750     28.112  23.705305     7.3179     3.8092    17.1604   998.7673      1.524      1.050 0.0000e+00
      1.073      0.012   163.3703     6.0722     62.754 6.7334e+01     15.749     28.102  23.697347     7.3414     3.8385    17.1598   998.7673      1.526      1.052 0.0000e+00
      1.075      0.011   163.4518     6.0707     62.532 6.6826e+01     15.748     28.082  23.679946     7.3466     3.8457    17.1593   998.7675      1.527      1.053 0.0000e+00
      1.079      0.011   163.8414     6.0715     62.267 6.6360e+01     15.748     28.088  23.685168     7.3517     3.7931    17.1591   998.7675      1.534      1.058 0.0000e+00
      1.084      0.013   164.3817     6.0665     62.002 6.5892e+01     15.749     28.102  23.697065     7.3932     3.7516    17.1588   998.7676      1.543      1.064 0.0000e+00
      1.086      0.016   164.4779     6.0439     61.755 6.5222e+01     15.749     28.102  23.696950     7.4866     3.7560    17.1585   998.7676      1.545      1.066 0.0000e+00
      1.087      0.017   164.2307     6.0264     61.518 6.4220e+01     15.749     28.087  23.683785     7.5362     3.7436    17.1583   998.7677      1.544      1.065 0.0000e+00
      1.091      0.017   163.8016     5.9968     61.313 6.3152e+01     15.748     28.064  23.664725     7.5254     3.7042    17.1582   998.7677      1.549      1.068 0.0000e+00
      1.099      0.015   163.5057     5.9710     61.141 6.1988e+01     15.748     28.055  23.656758     7.4706     3.6576    17.1583   998.7677      1.562      1.077 0.0000e+00
      1.107      0.013   163.6647     5.9495     61.025 6.1193e+01     15.749     28.048  23.650880     7.3792     3.5924    17.1581   998.7678      1.579      1.088 0.0000e+00
      1.111      0.012   164.1752     5.9228     60.971 6.1870e+01     15.749     28.055  23.657065     7.3357     3.5677    17.1581   998.7678      1.585      1.093 0.0000e+00
      1.109      0.009   164.5152     5.9062     60.979 6.2394e+01     15.749     28.068  23.668122     7.3364     3.5649    17.1577   998.7679      1.578      1.088 0.0000e+00
      1.107      0.006   164.2486     5.8863     61.037 6.2604e+01     15.748     28.056  23.657735     7.3492     3.5239    17.1576   998.7679      1.572      1.084 0.0000e+00
      1.109      0.005   163.9633     5.8761     61.087 6.3264e+01     15.748     28.057  23.658311     7.3847     3.5189    17.1578   998.7678      1.577      1.088 0.0000e+00
      1.113      0.005   163.9902     5.8713     61.095 6.2777e+01     15.748     28.077  23.675091     7.4135     3.5384    17.1581   998.7678      1.583      1.092 0.0000e+00
      1.115      0.008   164.0579     5.8706     61.069 6.1586e+01     15.748     28.071  23.670366     7.4120     3.5545    17.1578   998.7679      1.586      1.094 0.0000e+00
      1.116      0.013   164.1800     5.8807     61.009 6.0949e+01     15.748     28.064  23.664591     7.3567     3.5758    17.1572   998.7680      1.587      1.094 0.0000e+00
      1.117      0.018   164.6065     5.8854     60.882 6.1204e+01     15.747     28.069  23.668688     7.2593     3.5548    17.1571   998.7680      1.587      1.094 0.0000e+00
      1.120      0.024   165.2570     5.8867     60.718 6.1266e+01     15.747     28.054  23.656481     7.2068     3.5416    17.1569   998.7681      1.591      1.096 0.0000e+00
      1.128      0.030   165.8491     5.8820     60.570 5.9744e+01     15.747     28.039  23.643845     7.2084     3.5535    17.1570   998.7681      1.603      1.104 0.0000e+00
      1.140      0.035   166.4313     5.8802     60.418 5.7534e+01     15.747     28.038  23.642747     7.2032     3.5272    17.1572   998.7681      1.622      1.118 0.0000e+00
      1.152      0.037   166.6186     5.8662     60.274 5.6447e+01     15.747     28.039  23.643205     7.1435     3.5677    17.1571   998.7682      1.639      1.130 0.0000e+00
      1.163      0.036   166.2205     5.8461     60.154 5.5855e+01     15.747     28.046  23.649381     7.0499     3.6995    17.1570   998.7682      1.655      1.141 0.0000e+00
      1.172      0.034   165.8337     5.8359     60.054 5.4856e+01     15.747     28.051  23.654001     7.0050     3.7819    17.1571   998.7682      1.668      1.150 0.0000e+00
      1.180      0.030   165.7284     5.8193     60.025 5.3918e+01     15.747     28.029  23.635647     7.0117     3.8084    17.1572   998.7683      1.679      1.157 0.0000e+00
      1.186      0.026   165.8074     5.8042     60.086 5.3387e+01     15.747     28.008  23.617724     7.0454     3.7794    17.1574   998.7683      1.687      1.163 0.0000e+00
      1.191      0.023   165.9285     5.7950     60.148 5.2970e+01     15.747     28.020  23.627553     7.0975     3.7405    17.1575   998.7683      1.693      1.168 0.0000e+00
      1.197      0.021   165.9016     5.7823     60.167 5.2501e+01     15.747     28.020  23.627648     7.1363     3.7845    17.1573   998.7683      1.702      1.174 0.0000e+00
      1.203      0.020   165.7411     5.7764     60.170 5.2233e+01     15.747     28.010  23.618866     7.1425     3.8300    17.1573   998.7684      1.712      1.181 0.0000e+00
      1.207      0.019   165.6218     5.7892     60.190 5.1872e+01     15.747     28.045  23.648216     7.1725     3.8101    17.1577   998.7683      1.717      1.184 0.0000e+00
      1.211      0.018   165.6638     5.7955     60.237 5.1342e+01     15.747     28.065  23.665417     7.2601     3.7844    17.1576   998.7683      1.722      1.188 0.0000e+00
      1.216      0.018   165.9054     5.7957     60.267 5.0949e+01     15.747     28.031  23.636582     7.3242     3.7934    17.1575   998.7684      1.729      1.192 0.0000e+00
      1.220      0.018   166.3058     5.7958     60.261 5.0812e+01     15.746     28.008  23.616664     7.3469     3.8159    17.1576   998.7684      1.736      1.197 0.0000e+00
      1.225      0.018   166.5471     5.7954     60.248 5.0401e+01     15.746     28.006  23.614857     7.3346     3.7829    17.1575   998.7684      1.740      1.200 0.0000e+00
      1.230      0.016   166.5859     5.8036     60.256 4.9310e+01     15.746     28.006  23.614735     7.2898     3.7028    17.1573   998.7685      1.748      1.205 0.0000e+00
      1.237      0.013   166.8604     5.8066     60.247 4.8445e+01     15.746     28.007  23.615188     7.2722     3.7062    17.1570   998.7686      1.760      1.214 0.0000e+00
      1.241      0.011   167.4576     5.8052     60.199 4.8567e+01     15.746     28.013  23.620334     7.2748     3.7890    17.1566   998.7686      1.768      1.220 0.0000e+00
      1.240      0.011   167.9554     5.8016     60.169 4.9111e+01     15.747     28.005  23.613529     7.2254     3.7772    17.1563   998.7687      1.765      1.217 0.0000e+00
      1.239      0.011   168.0613     5.8048     60.178 4.9353e+01     15.748     27.985  23.596337     7.1230     3.6324    17.1560   998.7687      1.759      1.213 0.0000e+00
      1.241      0.013   167.9633     5.8062     60.188 4.8907e+01     15.748     27.993  23.602722     7.0578     3.5482    17.1557   998.7688      1.764      1.216 0.0000e+00
      1.246      0.016   167.6308     5.7970     60.174 4.8371e+01     15.748     28.023  23.627303     7.0564     3.5829    17.1554   998.7689      1.773      1.222 0.0000e+00
      1.251      0.019   167.1395     5.7943     60.133 4.7998e+01     15.747     28.038  23.639873     7.0687     3.5715    17.1548   998.7690      1.780      1.227 0.0000e+00
      1.258      0.020   166.9271     5.7971     60.079 4.7088e+01     15.747     28.024  23.627860     7.0441     3.5136    17.1543   998.7691      1.788      1.233 0.0000e+00
      1.266      0.019   166.9553     5.7991     60.031 4.6459e+01     15.747     28.002  23.608895     6.9867     3.5006    17.1539   998.7692      1.802      1.242 0.0000e+00
      1.271      0.018   167.1358     5.7974     59.977 4.6611e+01     15.748     27.992  23.600835     6.9569     3.5178    17.1533   998.7694      1.811      1.248 0.0000e+00
      1.274      0.017   167.3883     5.7940     59.930 4.6614e+01     15.748     27.984  23.593823     6.9606     3.5490    17.1527   998.7695      1.811      1.248 0.0000e+00
      1.276      0.014   167.5136     5.7860     59.866 4.6050e+01     15.748     27.977  23.587523     6.9548     3.6042    17.1521   998.7696      1.815      1.251 0.0000e+00
      1.280      0.011   167.6188     5.7842     59.753 4.5796e+01     15.747     27.978  23.588084     6.9344     3.6703    17.1520   998.7696      1.821      1.256 0.0000e+00
      1.284      0.009   167.7129     5.7773     59.631 4.6012e+01     15.746     27.993  23.600614     6.9338     3.7295    17.1522   998.7696      1.826      1.259 0.0000e+00
      1.286      0.007   167.7056     5.7724     59.453 4.5478e+01     15.746     28.007  23.612177     6.9568     3.8056    17.1517   998.7697      1.831      1.262 0.0000e+00
      1.288      0.005   167.8741     5.7719     59.191 4.5383e+01     15.746     27.994  23.601047     6.9940     3.8346    17.1512   998.7698      1.833      1.263 0.0000e+00
      1.288      0.004   168.2880     5.7538     58.905 4.5704e+01     15.746     27.984  23.592884     7.0305     3.7714    17.1507   998.7699      1.833      1.263 0.0000e+00
      1.288      0.003   168.5798     5.7470     58.576 4.5444e+01     15.746     27.965  23.576907     7.0445     3.6935    17.1502   998.7700      1.832      1.263 0.0000e+00
      1.288      0.003   168.7350     5.7327     58.236 4.5685e+01     15.747     27.915  23.534702     7.0585     3.6821    17.1501   998.7700      1.830      1.262 0.0000e+00
      1.289      0.003   168.9596     5.7000     57.946 4.5905e+01     15.747     27.906  23.526532     7.0760     3.7022    17.1501   998.7700      1.833      1.263 0.0000e+00
      1.291      0.003   169.2311     5.6781     57.690 4.5721e+01     15.747     27.924  23.541534     7.0752     3.6278    17.1503   998.7700      1.837      1.266 0.0000e+00
      1.293      0.003   169.6088     5.6439     57.482 4.5275e+01     15.747     27.905  23.525835     7.0577     3.5382    17.1501   998.7700      1.839      1.268 0.0000e+00
      1.293      0.003   170.1713     5.6066     57.315 4.5066e+01     15.747     27.906  23.526972     7.0562     3.5458    17.1498   998.7700      1.839      1.268 0.0000e+00
      1.292      0.002   170.4384     5.5833     57.186 4.5514e+01     15.747     27.939  23.555286     7.1522     3.6503    17.1498   998.7700      1.838      1.267 0.0000e+00
      1.292      0.000   170.0851     5.5549     57.091 4.5664e+01     15.746     27.934  23.551081     7.3220     3.7728    17.1500   998.7700      1.837      1.267 0.0000e+00
      1.293      0.000   169.5139     5.5363     56.969 4.5517e+01     15.746     27.920  23.539550     7.4115     3.7903    17.1501   998.7700      1.839      1.268 0.0000e+00
      1.293      0.000   169.0385     5.5215     56.847 4.5499e+01     15.747     27.923  23.542708     7.4049     3.7592    17.1501   998.7700      1.840      1.268 0.0000e+00
      1.293      0.001   168.8972     5.5056     56.749 4.5479e+01     15.747     27.903  23.525837     7.3849     3.7401    17.1502   998.7700      1.839      1.268 0.0000e+00
      1.292      0.004   169.0961     5.5035     56.639 4.5337e+01     15.746     27.903  23.525824     7.3702     3.6623    17.1507   998.7699      1.838      1.267 0.0000e+00
      1.292      0.006   169.2920     5.4881     56.540 4.5268e+01     15.745     27.923  23.542553     7.3508     3.5388    17.1508   998.7699      1.838      1.267 0.0000e+00
      1.293      0.009   169.3732     5.4733     56.409 4.5163e+01     15.746     27.918  23.537849     7.3322     3.4832    17.1510   998.7698      1.838      1.267 0.0000e+00
