Data/DataNotYetUploadedToEDI/Raw_CTD/RawDownloads/101420_bvr50_0001.cnv
* Sea-Bird SBE19plus  Data File:
* FileName = C:\DATA\101420_bvr50_0001.hex
* Software version 2.8.0.119
* Temperature SN = 7809
* Conductivity SN = 7809
* System UpLoad Time = Oct 14 2020 16:40:03
* <ApplicationData>
* <Seaterm232>
# nquan = 16
# nvalues = 2646                        
# units = specified
# name 0 = depFM: Depth [fresh water, m]
# name 1 = dz/dtM: Descent Rate [m/s]
# name 2 = orp: Oxidation Reduction Potential [mV]
# name 3 = sbeox0Mg/L: Oxygen, SBE 43 [mg/l]
# name 4 = sbeox0PS: Oxygen, SBE 43 [% saturation]
# name 5 = par/sat/log: PAR/Logarithmic, Satlantic
# name 6 = ph: pH
# name 7 = specc: Specific Conductance [uS/cm]
# name 8 = c0uS/cm: Conductivity [uS/cm]
# name 9 = flECO-AFL: Fluorescence, WET Labs ECO-AFL/FL [mg/m^3]
# name 10 = turbWETntu0: Turbidity, WET Labs ECO [NTU]
# name 11 = tv290C: Temperature [ITS-90, deg C]
# name 12 = density00: Density [density, kg/m^3]
# name 13 = prdE: Pressure, Strain Gauge [psi]
# name 14 = prdM: Pressure, Strain Gauge [db]
# name 15 = flag:  0.000e+00
# span 0 =     -0.709,     10.341       
# span 1 =     -0.360,      0.086       
# span 2 =  -150.3505,   214.5404       
# span 3 =     0.0380,     9.5958       
# span 4 =      0.406,     99.191       
# span 5 = 1.2354e-01, 1.3593e+03       
# span 6 =     15.581,     15.932       
# span 7 =      3.037,    162.485       
# span 8 =   2.532945, 114.972412       
# span 9 =    -1.7738,    10.2937       
# span 10 =    -0.3005,    11.9236      
# span 11 =    10.3628,    17.2662      
# span 12 =   998.7371,   999.7769      
# span 13 =     -1.009,     14.709      
# span 14 =     -0.696,     10.142      
# span 15 = 0.0000e+00, 0.0000e+00      
# interval = seconds: 0.25
# start_time = Oct 13 2020 21:10:11 [Instrument's time stamp, header]
# bad_flag = -9.990e-29
*END*
[from data line 272]
      1.302      0.014   169.4082     5.4533     56.154 4.4791e+01     15.746     27.920  23.539721     7.3146     3.5669    17.1515   998.7698      1.853      1.278 0.0000e+00
      1.306      0.016   169.5938     5.4488     56.082 4.4662e+01     15.746     27.948  23.563308     7.2789     3.6091    17.1516   998.7698      1.859      1.282 0.0000e+00
      1.310      0.018   169.9131     5.4370     56.012 4.4378e+01     15.746     27.948  23.563880     7.2474     3.5690    17.1515   998.7698      1.864      1.285 0.0000e+00
      1.314      0.018   170.0851     5.4140     55.944 4.3999e+01     15.746     27.928  23.546645     7.2586     3.5286    17.1517   998.7698      1.867      1.288 0.0000e+00
      1.319      0.017   170.0394     5.4102     55.855 4.3484e+01     15.746     27.926  23.545167     7.2991     3.5327    17.1518   998.7698      1.874      1.292 0.0000e+00
      1.324      0.017   170.0490     5.4024     55.744 4.3003e+01     15.746     27.927  23.546011     7.3280     3.5153    17.1520   998.7698      1.884      1.299 0.0000e+00
      1.329      0.017   170.3731     5.3955     55.627 4.2635e+01     15.746     27.940  23.556847     7.3314     3.4900    17.1523   998.7698      1.892      1.304 0.0000e+00
      1.333      0.016   170.9466     5.3902     55.525 4.2369e+01     15.746     27.931  23.549350     7.3295     3.5014    17.1525   998.7697      1.896      1.308 0.0000e+00
      1.336      0.015   171.6487     5.3816     55.465 4.2076e+01     15.746     27.894  23.518794     7.3527     3.5844    17.1527   998.7697      1.899      1.310 0.0000e+00
      1.339      0.014   172.3225     5.3702     55.461 4.1819e+01     15.746     27.877  23.504486     7.4017     3.7036    17.1530   998.7697      1.905      1.313 0.0000e+00
      1.343      0.014   172.6406     5.3580     55.446 4.1747e+01     15.746     27.876  23.503194     7.4264     3.7411    17.1531   998.7697      1.910      1.317 0.0000e+00
      1.347      0.014   172.4843     5.3481     55.397 4.1589e+01     15.746     27.876  23.503179     7.4037     3.7288    17.1529   998.7697      1.915      1.321 0.0000e+00
      1.350      0.014   172.1523     5.3392     55.348 4.1268e+01     15.745     27.877  23.504304     7.3563     3.7607    17.1529   998.7697      1.920      1.324 0.0000e+00
      1.354      0.013   171.9819     5.3443     55.306 4.1001e+01     15.744     27.892  23.516791     7.3114     3.8187    17.1529   998.7698      1.925      1.327 0.0000e+00
      1.358      0.012   171.8879     5.3431     55.287 4.0778e+01     15.744     27.905  23.527325     7.2900     3.8466    17.1525   998.7699      1.931      1.331 0.0000e+00
      1.360      0.010   171.7889     5.3354     55.262 4.0588e+01     15.745     27.878  23.504826     7.2790     3.8231    17.1526   998.7698      1.935      1.334 0.0000e+00
      1.362      0.009   171.7314     5.3326     55.188 4.0444e+01     15.746     27.871  23.498433     7.2734     3.7411    17.1526   998.7699      1.939      1.336 0.0000e+00
      1.364      0.008   171.6238     5.3262     55.085 4.0359e+01     15.746     27.888  23.513444     7.2893     3.6092    17.1524   998.7699      1.941      1.338 0.0000e+00
      1.365      0.006   171.6065     5.3256     54.960 4.0301e+01     15.746     27.867  23.496066     7.3185     3.4987    17.1524   998.7699      1.942      1.339 0.0000e+00
      1.367      0.005   171.7798     5.3266     54.828 4.0218e+01     15.746     27.847  23.478582     7.3312     3.4694    17.1524   998.7699      1.945      1.341 0.0000e+00
      1.369      0.004   171.9126     5.3168     54.727 4.0082e+01     15.745     27.863  23.492303     7.3280     3.4953    17.1525   998.7699      1.948      1.343 0.0000e+00
      1.370      0.004   171.9216     5.3069     54.633 4.0034e+01     15.745     27.914  23.535126     7.3367     3.5717    17.1524   998.7699      1.949      1.344 0.0000e+00
      1.371      0.003   171.9748     5.2962     54.556 4.0141e+01     15.746     27.935  23.552418     7.3511     3.7067    17.1524   998.7699      1.950      1.344 0.0000e+00
      1.371      0.003   172.0398     5.2786     54.487 4.0120e+01     15.746     27.886  23.511116     7.3489     3.7881    17.1526   998.7699      1.951      1.345 0.0000e+00
      1.371      0.004   172.1052     5.2731     54.388 4.0018e+01     15.746     27.849  23.479677     7.3385     3.7668    17.1527   998.7699      1.950      1.345 0.0000e+00
      1.372      0.006   172.3350     5.2624     54.317 3.9959e+01     15.747     27.860  23.489398     7.3876     3.7578    17.1526   998.7699      1.951      1.345 0.0000e+00
      1.373      0.009   172.8400     5.2532     54.272 3.9736e+01     15.748     27.875  23.501811     7.4943     3.7825    17.1526   998.7699      1.952      1.346 0.0000e+00
      1.375      0.012   173.5645     5.2531     54.236 3.9463e+01     15.747     27.876  23.502930     7.5507     3.7900    17.1526   998.7699      1.955      1.347 0.0000e+00
      1.379      0.014   174.2116     5.2361     54.234 3.9202e+01     15.747     27.876  23.502929     7.5546     3.7804    17.1527   998.7699      1.961      1.352 0.0000e+00
      1.385      0.015   174.6420     5.2318     54.249 3.8744e+01     15.747     27.875  23.501794     7.6849     3.7013    17.1527   998.7699      1.969      1.358 0.0000e+00
      1.390      0.015   174.8105     5.2293     54.280 3.8397e+01     15.746     27.860  23.489207     7.9625     3.5885    17.1526   998.7700      1.978      1.363 0.0000e+00
      1.394      0.014   174.6995     5.2215     54.304 3.8264e+01     15.746     27.847  23.477573     8.1361     3.5493    17.1526   998.7700      1.983      1.367 0.0000e+00
      1.397      0.013   174.5041     5.2257     54.358 3.8079e+01     15.747     27.859  23.487969     8.1439     3.5370    17.1527   998.7700      1.987      1.370 0.0000e+00
      1.400      0.011   174.1691     5.2236     54.446 3.7932e+01     15.747     27.859  23.488073     8.0376     3.5774    17.1517   998.7702      1.991      1.372 0.0000e+00
      1.402      0.010   173.6599     5.2313     54.463 3.7804e+01     15.747     27.849  23.478818     7.8519     3.7280    17.1508   998.7703      1.995      1.375 0.0000e+00
      1.405      0.010   173.2522     5.2304     54.408 3.7574e+01     15.746     27.878  23.502918     7.7205     3.8480    17.1509   998.7703      1.998      1.378 0.0000e+00
      1.407      0.010   173.1107     5.2325     54.306 3.7338e+01     15.745     27.905  23.525779     7.6798     3.8602    17.1508   998.7704      2.002      1.380 0.0000e+00
      1.409      0.010   173.2406     5.2509     54.191 3.7173e+01     15.745     27.876  23.501556     7.6638     3.8066    17.1508   998.7704      2.004      1.382 0.0000e+00
      1.412      0.011   173.4459     5.2483     54.146 3.7037e+01     15.745     27.832  23.463714     7.6128     3.7493    17.1504   998.7704      2.008      1.385 0.0000e+00
      1.414      0.011   173.6136     5.2427     54.141 3.6897e+01     15.745     27.814  23.448752     7.5403     3.7515    17.1497   998.7706      2.012      1.387 0.0000e+00
      1.417      0.012   173.7197     5.2343     54.122 3.6717e+01     15.746     27.813  23.447495     7.4925     3.7646    17.1498   998.7706      2.016      1.390 0.0000e+00
      1.420      0.012   173.7828     5.2158     54.125 3.6557e+01     15.746     27.814  23.448515     7.4649     3.7360    17.1497   998.7706      2.020      1.393 0.0000e+00
      1.424      0.012   173.9464     5.2150     54.145 3.6436e+01     15.746     27.829  23.461083     7.4256     3.7141    17.1487   998.7708      2.026      1.397 0.0000e+00
      1.428      0.011   174.1490     5.2188     54.177 3.6241e+01     15.746     27.844  23.472613     7.3794     3.7404    17.1479   998.7710      2.032      1.400 0.0000e+00
      1.431      0.009   174.3393     5.2115     54.197 3.6066e+01     15.746     27.830  23.461083     7.3643     3.7798    17.1478   998.7710      2.035      1.403 0.0000e+00
      1.433      0.007   174.6125     5.2151     54.165 3.6030e+01     15.746     27.815  23.448514     7.3574     3.7780    17.1476   998.7710      2.038      1.405 0.0000e+00
      1.434      0.005   174.8705     5.2160     54.113 3.6020e+01     15.746     27.814  23.447484     7.3537     3.6843    17.1470   998.7711      2.040      1.406 0.0000e+00
      1.435      0.003   174.8784     5.2187     54.033 3.5927e+01     15.747     27.816  23.448628     7.3766     3.5744    17.1465   998.7712      2.041      1.407 0.0000e+00
      1.435      0.002   174.7079     5.2259     53.938 3.5994e+01     15.748     27.832  23.462342     7.4048     3.5821    17.1464   998.7713      2.042      1.408 0.0000e+00
      1.435      0.001   174.7017     5.2173     53.891 3.6115e+01     15.747     27.861  23.486460     7.4182     3.6060    17.1465   998.7712      2.041      1.407 0.0000e+00
      1.435      0.001   174.8892     5.2150     53.864 3.6071e+01     15.746     27.861  23.486563     7.3481     3.6232    17.1462   998.7713      2.042      1.408 0.0000e+00
      1.436      0.001   174.9962     5.2079     53.821 3.6080e+01     15.746     27.833  23.463587     7.2064     3.7217    17.1461   998.7713      2.042      1.408 0.0000e+00
      1.436      0.000   174.9627     5.1928     53.798 3.6106e+01     15.746     27.832  23.462330     7.1350     3.8010    17.1461   998.7713      2.043      1.408 0.0000e+00
      1.436      0.000   174.9144     5.1921     53.793 3.6061e+01     15.746     27.843  23.471365     7.1435     3.7919    17.1455   998.7714      2.043      1.409 0.0000e+00
      1.436      0.001   175.0151     5.1913     53.763 3.6045e+01     15.746     27.813  23.445998     7.1471     3.7492    17.1453   998.7715      2.043      1.409 0.0000e+00
      1.436      0.002   175.3195     5.1842     53.689 3.6070e+01     15.745     27.769  23.409298     7.1211     3.7645    17.1455   998.7714      2.043      1.409 0.0000e+00
      1.436      0.003   175.5837     5.1818     53.564 3.6021e+01     15.745     27.768  23.408143     7.0854     3.8393    17.1455   998.7714      2.042      1.408 0.0000e+00
      1.436      0.005   175.7148     5.1846     53.453 3.5934e+01     15.745     27.796  23.432036     7.0684     3.8648    17.1454   998.7715      2.042      1.408 0.0000e+00
      1.438      0.006   175.7864     5.1805     53.401 3.5762e+01     15.745     27.811  23.444501     7.0694     3.8321    17.1455   998.7714      2.046      1.411 0.0000e+00
      1.442      0.007   175.7605     5.1758     53.358 3.5662e+01     15.745     27.796  23.432026     7.0677     3.7195    17.1457   998.7714      2.051      1.414 0.0000e+00
      1.444      0.008   175.6599     5.1605     53.330 3.5737e+01     15.745     27.767  23.408029     7.0673     3.5670    17.1458   998.7714      2.054      1.416 0.0000e+00
      1.445      0.009   175.6029     5.1454     53.315 3.5688e+01     15.745     27.767  23.408039     7.0741     3.5332    17.1459   998.7714      2.055      1.417 0.0000e+00
      1.446      0.009   175.6733     5.1472     53.273 3.5494e+01     15.745     27.796  23.432150     7.0732     3.5512    17.1461   998.7713      2.057      1.418 0.0000e+00
      1.449      0.010   175.8228     5.1394     53.210 3.5300e+01     15.745     27.813  23.445871     7.0762     3.5789    17.1460   998.7714      2.060      1.420 0.0000e+00
      1.452      0.011   176.0328     5.1369     53.133 3.5084e+01     15.745     27.815  23.447108     7.1000     3.6620    17.1460   998.7714      2.065      1.424 0.0000e+00
      1.456      0.012   176.3205     5.1391     53.099 3.4799e+01     15.745     27.815  23.447108     7.1322     3.7657    17.1461   998.7714      2.071      1.428 0.0000e+00
      1.459      0.012   176.5485     5.1323     53.139 3.4610e+01     15.744     27.813  23.445860     7.1614     3.8717    17.1458   998.7715      2.076      1.431 0.0000e+00
      1.462      0.011   176.5518     5.1282     53.154 3.4450e+01     15.744     27.797  23.432024     7.1479     3.8800    17.1452   998.7716      2.080      1.434 0.0000e+00
      1.466      0.010   176.3603     5.1184     53.129 3.4256e+01     15.744     27.767  23.406656     7.0917     3.7973    17.1451   998.7716      2.085      1.437 0.0000e+00
      1.468      0.010   176.2121     5.1101     53.114 3.4205e+01     15.744     27.750  23.392821     7.0736     3.7986    17.1454   998.7716      2.088      1.440 0.0000e+00
      1.469      0.011   176.2227     5.1230     53.123 3.4186e+01     15.744     27.749  23.391572     7.0920     3.8616    17.1451   998.7716      2.090      1.441 0.0000e+00
      1.470      0.012   176.3161     5.1231     53.150 3.4073e+01     15.744     27.749  23.391552     7.1325     3.8031    17.1446   998.7717      2.091      1.442 0.0000e+00
      1.473      0.015   176.3953     5.1174     53.152 3.3845e+01     15.744     27.751  23.392582     7.1910     3.6404    17.1445   998.7717      2.094      1.444 0.0000e+00
      1.477      0.019   176.4056     5.1178     53.161 3.3593e+01     15.745     27.765  23.404017     7.1994     3.5429    17.1448   998.7717      2.100      1.448 0.0000e+00
      1.483      0.024   176.5268     5.1156     53.205 3.3270e+01     15.745     27.764  23.402978     7.1862     3.5517    17.1444   998.7718      2.109      1.454 0.0000e+00
      1.490      0.029   176.7427     5.1241     53.245 3.2787e+01     15.745     27.737  23.380021     7.2023     3.5747    17.1434   998.7720      2.119      1.461 0.0000e+00
      1.498      0.033   176.7791     5.1206     53.286 3.2257e+01     15.745     27.737  23.380116     7.2514     3.5805    17.1431   998.7721      2.130      1.468 0.0000e+00
      1.507      0.035   176.7943     5.1194     53.346 3.1619e+01     15.745     27.766  23.404130     7.3316     3.6568    17.1434   998.7721      2.142      1.477 0.0000e+00
      1.518      0.035   176.9260     5.1282     53.451 3.1022e+01     15.745     27.782  23.416690     7.3800     3.7763    17.1433   998.7721      2.157      1.489 0.0000e+00
      1.528      0.034   176.9953     5.1296     53.611 3.0582e+01     15.745     27.768  23.405149     7.3888     3.8230    17.1422   998.7723      2.175      1.500 0.0000e+00
      1.537      0.032   177.0299     5.1342     53.794 3.0212e+01     15.745     27.752  23.391426     7.3707     3.8101    17.1413   998.7726      2.188      1.508 0.0000e+00
      1.545      0.028   177.0866     5.1386     53.978 2.9848e+01     15.745     27.737  23.377600     7.3137     3.7916    17.1406   998.7728      2.198      1.516 0.0000e+00
      1.551      0.023   177.1647     5.1477     54.145 2.9523e+01     15.745     27.722  23.364822     7.2820     3.8052    17.1400   998.7729      2.208      1.523 0.0000e+00
      1.556      0.019   177.2858     5.1660     54.298 2.9337e+01     15.745     27.722  23.363764     7.2922     3.8377    17.1399   998.7729      2.215      1.527 0.0000e+00
      1.560      0.017   177.4322     5.1828     54.455 2.9230e+01     15.745     27.724  23.364811     7.2750     3.8057    17.1390   998.7731      2.219      1.530 0.0000e+00
      1.563      0.017   177.6446     5.2030     54.641 2.9090e+01     15.745     27.739  23.377476     7.2272     3.7620    17.1377   998.7733      2.222      1.533 0.0000e+00
      1.566      0.017   177.8749     5.2174     54.743 2.8888e+01     15.745     27.755  23.390055     7.2006     3.7905    17.1366   998.7735      2.228      1.536 0.0000e+00
      1.571      0.018   177.9784     5.2336     54.641 2.8618e+01     15.745     27.755  23.390065     7.2106     3.8420    17.1358   998.7737      2.235      1.541 0.0000e+00
      1.577      0.018   178.0363     5.2449     54.424 2.8301e+01     15.745     27.741  23.377590     7.2714     3.8686    17.1351   998.7738      2.243      1.546 0.0000e+00
