Data/DataNotYetUploadedToEDI/Raw_CTD/RawDownloads/101425_ccr50_S8188001.cnv
* Sea-Bird SBE19plus  Data File:
* FileName = C:\R\Reservoirs\Data\DataNotYetUploadedToEDI\Raw_CTD\RawDownloads\101425_cr50_S8188_0001.hex
* Software version 2.8.0.119
* Temperature SN = 8188
* Conductivity SN = 8188
* System UpLoad Time = Oct 16 2025 15:40:31
* <ApplicationData>
* <Seaterm232>
# nquan = 16
# nvalues = 3995                        
# units = specified
# name 0 = depFM: Depth [fresh water, m]
# name 1 = dz/dtM: Descent Rate [m/s]
# name 2 = sbeox0Mg/L: Oxygen, SBE 43 [mg/l]
# name 3 = sbeox0PS: Oxygen, SBE 43 [% saturation]
# name 4 = specc: Specific Conductance [uS/cm]
# name 5 = c0uS/cm: Conductivity [uS/cm]
# name 6 = wetCDOM: Fluorescence, WET Labs CDOM [mg/m^3]
# name 7 = flECO-AFL: Fluorescence, WET Labs ECO-AFL/FL [mg/m^3]
# name 8 = flECO-AFL1: Fluorescence, WET Labs ECO-AFL/FL, 2 [mg/m^3]
# name 9 = flECO-AFL2: Fluorescence, WET Labs ECO-AFL/FL, 3 [mg/m^3]
# name 10 = par/sat/log: PAR/Logarithmic, Satlantic
# name 11 = turbWETntu0: Turbidity, WET Labs ECO [NTU]
# name 12 = prdM: Pressure, Strain Gauge [db]
# name 13 = prdE: Pressure, Strain Gauge [psi]
# name 14 = tv290C: Temperature [ITS-90, deg C]
# name 15 = flag:  0.000e+00
# span 0 =     -0.472,     20.169       
# span 1 =     -0.341,      0.149       
# span 2 =     0.0237,     9.3544       
# span 3 =      0.224,    102.728       
# span 4 =   -627.365,    291.259       
# span 5 =-488.588462, 208.469814       
# span 6 =    -6.0300,    48.0600       
# span 7 =    -2.7298,    12.8000       
# span 8 =    -5.5380,     0.6390       
# span 9 =   -13.4937,     7.9524       
# span 10 = 1.1570e-01, 1.7955e+03      
# span 11 =   -11.3977,   331.4881      
# span 12 =     -0.463,     19.779      
# span 13 =     -0.672,     28.687      
# span 14 =    10.7805,    19.9169      
# span 15 = 0.0000e+00, 0.0000e+00      
# interval = seconds: 0.25
# start_time = Oct 14 2025 10:04:48 [Instrument's time stamp, header]
# bad_flag = -9.990e-29
*END*
[from data line 2984]
     15.497      0.016     4.2886     41.286    127.209  98.234580    23.7600     0.4860     0.1278     0.4230 1.1612e-01     2.8326     15.197     22.041    13.6099 0.0000e+00
     15.501      0.016     4.2911     41.261    127.149  98.187429    23.7600     0.4975     0.1278     0.4230 1.1607e-01     2.8628     15.201     22.047    13.6095 0.0000e+00
     15.505      0.015     4.2923     41.234    127.106  98.154139    23.7600     0.4898     0.0852     0.3807 1.1607e-01     2.9081     15.205     22.053    13.6091 0.0000e+00
     15.509      0.014     4.2919     41.207    127.101  98.149811    23.7600     0.5051     0.0852     0.3807 1.1623e-01     2.8628     15.209     22.059    13.6087 0.0000e+00
     15.512      0.013     4.2902     41.178    127.091  98.141319    23.7600     0.4784     0.0852     0.3807 1.1617e-01     2.8477     15.212     22.064    13.6084 0.0000e+00
     15.515      0.012     4.2877     41.153    127.077  98.130397    23.7600     0.4746     0.0852     0.3807 1.1610e-01     2.7571     15.215     22.068    13.6081 0.0000e+00
     15.518      0.011     4.2849     41.138    127.082  98.134112    23.7600     0.4708     0.0852     0.3807 1.1628e-01     2.7722     15.218     22.072    13.6079 0.0000e+00
     15.521      0.010     4.2821     41.131    127.076  98.129478    23.7600     0.4936     0.0852     0.3807 1.1605e-01     2.8930     15.221     22.076    13.6077 0.0000e+00
     15.524      0.009     4.2791     41.128    127.078  98.131243    23.7600     0.4860     0.0852     0.3807 1.1610e-01     2.8477     15.224     22.079    13.6075 0.0000e+00
     15.526      0.009     4.2765     41.123    127.112  98.157863    23.7600     0.4898     0.0852     0.3807 1.1612e-01     2.8175     15.226     22.082    13.6073 0.0000e+00
     15.528      0.008     4.2749     41.115    127.138  98.178471    23.7600     0.4936     0.1278     0.3384 1.1617e-01     3.0441     15.228     22.085    13.6072 0.0000e+00
     15.529      0.007     4.2742     41.107    127.156  98.192566    23.7600     0.4669     0.1278     0.3384 1.1612e-01     3.0290     15.229     22.088    13.6073 0.0000e+00
     15.531      0.007     4.2739     41.099    127.189  98.217897    23.7600     0.4784     0.1278     0.3384 1.1617e-01     3.0139     15.231     22.091    13.6074 0.0000e+00
     15.533      0.008     4.2733     41.088    127.224  98.245230    23.7600     0.4860     0.1278     0.3384 1.1602e-01     3.0894     15.233     22.093    13.6075 0.0000e+00
     15.535      0.008     4.2725     41.074    127.238  98.255878    23.7600     0.4936     0.1278     0.3384 1.1602e-01     3.0441     15.235     22.096    13.6076 0.0000e+00
     15.537      0.009     4.2717     41.060    127.222  98.242689    23.7600     0.4784     0.1278     0.2961 1.1617e-01     2.9988     15.237     22.098    13.6077 0.0000e+00
     15.539      0.010     4.2708     41.049    127.183  98.212137    23.7600     0.4784     0.1278     0.2961 1.1607e-01     2.9988     15.239     22.102    13.6078 0.0000e+00
     15.542      0.012     4.2697     41.039    127.124  98.166066    23.7600     0.4822     0.1278     0.2961 1.1617e-01     3.0894     15.242     22.106    13.6078 0.0000e+00
     15.545      0.014     4.2683     41.022    127.076  98.128159    23.7600     0.4784     0.1278     0.2961 1.1610e-01     3.2103     15.245     22.110    13.6077 0.0000e+00
     15.549      0.016     4.2669     40.992    127.087  98.136265    23.7600     0.4784     0.0852     0.3384 1.1607e-01     3.1801     15.248     22.115    13.6075 0.0000e+00
     15.553      0.017     4.2657     40.951    127.150  98.184552    23.7600     0.4708     0.0852     0.3384 1.1612e-01     3.2707     15.253     22.122    13.6073 0.0000e+00
     15.558      0.019     4.2646     40.905    127.214  98.233944    23.7600     0.4784     0.0852     0.3384 1.1610e-01     3.2556     15.258     22.129    13.6070 0.0000e+00
     15.564      0.019     4.2629     40.857    127.255  98.265639    23.7600     0.4631     0.0852     0.3384 1.1617e-01     3.3462     15.263     22.137    13.6068 0.0000e+00
     15.569      0.020     4.2599     40.809    127.276  98.282095    23.7600     0.4860     0.1278     0.3384 1.1592e-01     3.3462     15.268     22.144    13.6066 0.0000e+00
     15.574      0.020     4.2557     40.767    127.275  98.281705    23.7600     0.4593     0.1278     0.3384 1.1628e-01     3.3462     15.273     22.151    13.6064 0.0000e+00
     15.579      0.020     4.2508     40.736    127.248  98.260368    23.7600     0.4593     0.1278     0.3384 1.1610e-01     3.2405     15.278     22.159    13.6064 0.0000e+00
     15.584      0.019     4.2458     40.714    127.196  98.220387    23.7600     0.4860     0.1278     0.3384 1.1605e-01     3.0139     15.283     22.166    13.6065 0.0000e+00
     15.589      0.019     4.2408     40.698    127.124  98.165088    23.7600     0.4631     0.1278     0.3384 1.1605e-01     3.0894     15.288     22.173    13.6065 0.0000e+00
     15.594      0.018     4.2365     40.681    127.057  98.113697    23.7600     0.4898     0.1278     0.4230 1.1612e-01     3.0139     15.292     22.180    13.6066 0.0000e+00
     15.599      0.018     4.2332     40.659    127.040  98.100465    23.7600     0.5051     0.1278     0.4230 1.1597e-01     3.0743     15.297     22.186    13.6066 0.0000e+00
     15.603      0.018     4.2310     40.631    127.063  98.117868    23.7600     0.5394     0.1278     0.4230 1.1602e-01     3.0592     15.301     22.193    13.6066 0.0000e+00
     15.608      0.017     4.2293     40.596    127.079  98.130582    23.7600     0.5547     0.1278     0.4230 1.1600e-01     3.0139     15.306     22.199    13.6067 0.0000e+00
     15.612      0.017     4.2276     40.560    127.089  98.138001    23.6700     0.5394     0.1278     0.4230 1.1600e-01     2.9686     15.310     22.205    13.6067 0.0000e+00
     15.616      0.016     4.2253     40.526    127.104  98.150097    23.6700     0.5585     0.1278     0.4230 1.1617e-01     3.0743     15.314     22.211    13.6067 0.0000e+00
     15.620      0.015     4.2223     40.493    127.114  98.158105    23.6700     0.4631     0.1278     0.4230 1.1610e-01     3.1649     15.318     22.217    13.6067 0.0000e+00
     15.624      0.015     4.2187     40.459    127.127  98.168158    23.6700     0.4669     0.1278     0.4230 1.1617e-01     3.0139     15.322     22.223    13.6067 0.0000e+00
     15.627      0.014     4.2150     40.431    127.161  98.194926    23.7600     0.4936     0.1278     0.4230 1.1612e-01     3.0139     15.325     22.228    13.6067 0.0000e+00
     15.630      0.014     4.2115     40.410    127.206  98.229561    23.7600     0.4669     0.1278     0.4230 1.1630e-01     3.0894     15.328     22.232    13.6068 0.0000e+00
     15.634      0.015     4.2079     40.404    127.231  98.249327    23.7600     0.4860     0.1278     0.4230 1.1610e-01     3.3462     15.332     22.236    13.6069 0.0000e+00
     15.637      0.016     4.2044     40.417    127.229  98.247505    23.7600     0.4822     0.1278     0.4230 1.1617e-01     3.3160     15.335     22.242    13.6071 0.0000e+00
     15.641      0.019     4.2015     40.450    127.209  98.231603    23.6700     0.4975     0.1278     0.3384 1.1615e-01     3.3764     15.339     22.248    13.6073 0.0000e+00
     15.646      0.022     4.1994     40.499    127.186  98.213365    23.6700     0.4936     0.1278     0.3384 1.1602e-01     3.2707     15.344     22.254    13.6073 0.0000e+00
     15.652      0.025     4.1987     40.554    127.185  98.211908    23.6700     0.4784     0.1278     0.3384 1.1617e-01     3.3462     15.349     22.262    13.6073 0.0000e+00
     15.658      0.029     4.2000     40.605    127.216  98.234836    23.6700     0.4708     0.1278     0.3384 1.1607e-01     3.2707     15.356     22.271    13.6072 0.0000e+00
     15.666      0.033     4.2035     40.640    127.265  98.272277    23.6700     0.4860     0.1278     0.3384 1.1595e-01     3.3613     15.363     22.282    13.6071 0.0000e+00
     15.676      0.036     4.2085     40.654    127.307  98.304241    23.6700     0.4822     0.1278     0.3807 1.1607e-01     3.2707     15.373     22.296    13.6069 0.0000e+00
     15.686      0.039     4.2143     40.638    127.334  98.325265    23.6700     0.5280     0.1278     0.3807 1.1612e-01     3.6030     15.383     22.311    13.6066 0.0000e+00
     15.697      0.040     4.2197     40.581    127.365  98.348947    23.6700     0.5242     0.1278     0.3807 1.1595e-01     3.4520     15.394     22.327    13.6064 0.0000e+00
     15.708      0.041     4.2233     40.486    127.378  98.359621    23.6700     0.5509     0.1278     0.3807 1.1600e-01     3.4671     15.404     22.342    13.6061 0.0000e+00
     15.718      0.040     4.2247     40.368    127.352  98.340153    23.7600     0.5318     0.1278     0.4230 1.1600e-01     3.5275     15.414     22.357    13.6060 0.0000e+00
     15.728      0.039     4.2231     40.233    127.317  98.313324    23.7600     0.5356     0.1278     0.4230 1.1612e-01     3.5728     15.424     22.371    13.6060 0.0000e+00
     15.738      0.038     4.2171     40.088    127.302  98.301956    23.7600     0.5509     0.1278     0.4230 1.1617e-01     3.5124     15.434     22.385    13.6060 0.0000e+00
     15.748      0.037     4.2073     39.943    127.300  98.301019    23.7600     0.5127     0.1278     0.4230 1.1605e-01     3.5275     15.444     22.399    13.6061 0.0000e+00
     15.757      0.036     4.1950     39.809    127.304  98.304267    23.7600     0.5394     0.1278     0.5499 1.1620e-01     3.4822     15.453     22.412    13.6062 0.0000e+00
     15.766      0.034     4.1810     39.697    127.315  98.312567    23.7600     0.5547     0.1278     0.5499 1.1605e-01     3.4973     15.461     22.425    13.6064 0.0000e+00
     15.774      0.034     4.1659     39.616    127.319  98.316143    23.7600     0.5585     0.1278     0.5499 1.1617e-01     3.4520     15.469     22.437    13.6065 0.0000e+00
     15.782      0.033     4.1508     39.559    127.332  98.325939    23.7600     0.5547     0.1278     0.5499 1.1620e-01     3.5577     15.477     22.448    13.6066 0.0000e+00
     15.790      0.033     4.1368     39.517    127.352  98.340572    23.7600     0.5547     0.1278     0.3807 1.1600e-01     3.4671     15.485     22.459    13.6067 0.0000e+00
     15.799      0.033     4.1253     39.490    127.349  98.337966    23.7600     0.5470     0.1278     0.3807 1.1620e-01     3.8598     15.493     22.471    13.6067 0.0000e+00
     15.807      0.034     4.1168     39.473    127.318  98.313430    23.7600     0.5356     0.1278     0.3807 1.1607e-01     3.7692     15.501     22.483    13.6067 0.0000e+00
     15.817      0.034     4.1109     39.462    127.271  98.276406    23.7600     0.5547     0.1278     0.3807 1.1605e-01     3.8296     15.510     22.496    13.6066 0.0000e+00
     15.826      0.034     4.1066     39.443    127.238  98.250991    23.7600     0.5509     0.1278     0.3807 1.1625e-01     3.7843     15.519     22.509    13.6064 0.0000e+00
     15.834      0.034     4.1037     39.410    127.209  98.228412    23.8500     0.5280     0.1278     0.3384 1.1623e-01     3.5426     15.528     22.522    13.6062 0.0000e+00
     15.843      0.034     4.1020     39.381    127.171  98.198649    23.8500     0.5509     0.1278     0.3384 1.1597e-01     3.5426     15.537     22.534    13.6061 0.0000e+00
     15.852      0.034     4.1009     39.366    127.160  98.189734    23.8500     0.5509     0.1278     0.3384 1.1623e-01     3.4973     15.545     22.546    13.6060 0.0000e+00
     15.860      0.034     4.0990     39.359    127.193  98.215278    23.8500     0.5242     0.1278     0.3384 1.1595e-01     3.5426     15.554     22.558    13.6059 0.0000e+00
     15.869      0.035     4.0956     39.357    127.242  98.252116    23.8500     0.5203     0.1278     0.3384 1.1605e-01     3.5124     15.562     22.570    13.6058 0.0000e+00
     15.877      0.037     4.0925     39.359    127.274  98.276103    23.8500     0.5509     0.1278     0.3384 1.1602e-01     3.6030     15.571     22.583    13.6057 0.0000e+00
     15.887      0.038     4.0910     39.369    127.293  98.289637    23.8500     0.5356     0.1278     0.3384 1.1592e-01     3.5426     15.580     22.596    13.6056 0.0000e+00
     15.897      0.040     4.0903     39.387    127.296  98.290334    23.8500     0.5470     0.1278     0.3384 1.1620e-01     3.5728     15.590     22.611    13.6054 0.0000e+00
     15.908      0.041     4.0901     39.409    127.294  98.286373    23.8500     0.5356     0.1278     0.3384 1.1623e-01     3.7692     15.600     22.626    13.6051 0.0000e+00
     15.918      0.042     4.0903     39.429    127.303  98.290684    23.8500     0.5432     0.1278     0.3384 1.1612e-01     3.7994     15.611     22.641    13.6048 0.0000e+00
     15.929      0.043     4.0914     39.451    127.297  98.284435    23.8500     0.5356     0.1278     0.3384 1.1625e-01     3.8598     15.622     22.657    13.6043 0.0000e+00
     15.941      0.042     4.0934     39.477    127.272  98.263961    23.8500     0.5318     0.1278     0.3384 1.1617e-01     3.6635     15.633     22.673    13.6036 0.0000e+00
     15.953      0.041     4.0956     39.514    127.260  98.253776    23.8500     0.5470     0.1278     0.3384 1.1615e-01     3.5879     15.644     22.690    13.6028 0.0000e+00
     15.963      0.039     4.0979     39.563    127.282  98.271146    23.9400     0.5432     0.1278     0.2538 1.1612e-01     3.5426     15.655     22.705    13.6019 0.0000e+00
     15.973      0.037     4.1002     39.619    127.323  98.302719    23.9400     0.5432     0.1278     0.2538 1.1605e-01     3.5426     15.664     22.719    13.6011 0.0000e+00
     15.982      0.036     4.1030     39.673    127.336  98.312953    23.9400     0.5699     0.1278     0.2538 1.1625e-01     3.7390     15.673     22.731    13.6006 0.0000e+00
     15.990      0.035     4.1069     39.722    127.305  98.288591    23.9400     0.5470     0.1278     0.2538 1.1617e-01     3.2858     15.681     22.743    13.6003 0.0000e+00
     15.998      0.036     4.1120     39.762    127.251  98.247115    23.8500     0.5699     0.0852     0.2961 1.1617e-01     3.3764     15.689     22.755    13.6003 0.0000e+00
     16.006      0.037     4.1177     39.792    127.211  98.215432    23.8500     0.5699     0.0852     0.2961 1.1610e-01     3.3764     15.697     22.767    13.6004 0.0000e+00
     16.016      0.039     4.1234     39.812    127.193  98.201080    23.8500     0.5966     0.0852     0.2961 1.1617e-01     3.3160     15.706     22.780    13.6004 0.0000e+00
     16.026      0.042     4.1285     39.818    127.193  98.200230    23.8500     0.5661     0.0852     0.2961 1.1605e-01     3.4067     15.716     22.795    13.6004 0.0000e+00
     16.038      0.044     4.1326     39.808    127.220  98.220649    23.8500     0.6653     0.0852     0.2538 1.1607e-01     3.5426     15.728     22.811    13.6003 0.0000e+00
     16.050      0.047     4.1357     39.784    127.266  98.255793    23.8500     0.6500     0.0852     0.2538 1.1605e-01     3.5124     15.740     22.829    13.6001 0.0000e+00
     16.062      0.050     4.1379     39.741    127.323  98.299047    23.8500     0.6462     0.0852     0.2538 1.1595e-01     3.4218     15.752     22.846    13.5998 0.0000e+00
     16.074      0.052     4.1385     39.663    127.371  98.335968    23.8500     0.6348     0.0852     0.2538 1.1602e-01     3.5124     15.764     22.863    13.5995 0.0000e+00
     16.088      0.055     4.1374     39.529    127.373  98.336437    23.9400     0.6806     0.1704     0.4653 1.1617e-01     3.6937     15.777     22.882    13.5993 0.0000e+00
     16.102      0.057     4.1350     39.303    127.342  98.312568    23.9400     0.6348     0.1704     0.4653 1.1612e-01     3.7390     15.791     22.903    13.5992 0.0000e+00
