Data/DataNotYetUploadedToEDI/Raw_CTD/RawDownloads/101420_bvr50_0001.cnv
* Sea-Bird SBE19plus  Data File:
* FileName = C:\DATA\101420_bvr50_0001.hex
* Software version 2.8.0.119
* Temperature SN = 7809
* Conductivity SN = 7809
* System UpLoad Time = Oct 14 2020 16:40:03
* <ApplicationData>
* <Seaterm232>
# nquan = 16
# nvalues = 2646                        
# units = specified
# name 0 = depFM: Depth [fresh water, m]
# name 1 = dz/dtM: Descent Rate [m/s]
# name 2 = orp: Oxidation Reduction Potential [mV]
# name 3 = sbeox0Mg/L: Oxygen, SBE 43 [mg/l]
# name 4 = sbeox0PS: Oxygen, SBE 43 [% saturation]
# name 5 = par/sat/log: PAR/Logarithmic, Satlantic
# name 6 = ph: pH
# name 7 = specc: Specific Conductance [uS/cm]
# name 8 = c0uS/cm: Conductivity [uS/cm]
# name 9 = flECO-AFL: Fluorescence, WET Labs ECO-AFL/FL [mg/m^3]
# name 10 = turbWETntu0: Turbidity, WET Labs ECO [NTU]
# name 11 = tv290C: Temperature [ITS-90, deg C]
# name 12 = density00: Density [density, kg/m^3]
# name 13 = prdE: Pressure, Strain Gauge [psi]
# name 14 = prdM: Pressure, Strain Gauge [db]
# name 15 = flag:  0.000e+00
# span 0 =     -0.709,     10.341       
# span 1 =     -0.360,      0.086       
# span 2 =  -150.3505,   214.5404       
# span 3 =     0.0380,     9.5958       
# span 4 =      0.406,     99.191       
# span 5 = 1.2354e-01, 1.3593e+03       
# span 6 =     15.581,     15.932       
# span 7 =      3.037,    162.485       
# span 8 =   2.532945, 114.972412       
# span 9 =    -1.7738,    10.2937       
# span 10 =    -0.3005,    11.9236      
# span 11 =    10.3628,    17.2662      
# span 12 =   998.7371,   999.7769      
# span 13 =     -1.009,     14.709      
# span 14 =     -0.696,     10.142      
# span 15 = 0.0000e+00, 0.0000e+00      
# interval = seconds: 0.25
# start_time = Oct 13 2020 21:10:11 [Instrument's time stamp, header]
# bad_flag = -9.990e-29
*END*
[from data line 995]
      4.814      0.025   210.9985     5.8677     60.189 1.2570e-01     15.745     27.867  23.421758     7.3074     3.8638    17.0224   998.8083      6.847      4.721 0.0000e+00
      4.819      0.027   210.9986     5.8566     60.109 1.2495e-01     15.744     27.852  23.409065     7.4338     3.8333    17.0225   998.8083      6.855      4.726 0.0000e+00
      4.827      0.028   210.8606     5.8468     60.221 1.2414e-01     15.744     27.874  23.429649     7.6763     3.7672    17.0212   998.8085      6.863      4.731 0.0000e+00
      4.838      0.028   210.7920     5.8349     60.522 1.2392e-01     15.744     27.858  23.416957     7.8073     3.7858    17.0206   998.8087      6.881      4.744 0.0000e+00
      4.848      0.027   210.8573     5.8098     60.980 1.2416e-01     15.744     27.818  23.382441     7.8067     3.8182    17.0195   998.8090      6.898      4.756 0.0000e+00
      4.853      0.027   211.0477     5.7991     61.558 1.2451e-01     15.745     27.831  23.392837     7.8692     3.7809    17.0191   998.8091      6.904      4.760 0.0000e+00
      4.857      0.027   211.2877     5.8111     62.304 1.2414e-01     15.745     27.859  23.415813     8.0188     3.7471    17.0235   998.8082      6.908      4.763 0.0000e+00
      4.862      0.028   211.5218     5.8391     63.248 1.2378e-01     15.745     27.848  23.406571     8.1093     3.7521    17.0258   998.8079      6.914      4.767 0.0000e+00
      4.868      0.030   211.5553     5.8887     64.354 1.2375e-01     15.745     27.850  23.407922     8.1337     3.8071    17.0232   998.8083      6.923      4.773 0.0000e+00
      4.877      0.033   211.5210     5.9395     65.514 1.2372e-01     15.745     27.880  23.432154     8.2655     3.8981    17.0213   998.8086      6.936      4.782 0.0000e+00
      4.888      0.036   211.7953     6.0115     66.589 1.2367e-01     15.745     27.897  23.445878     8.4920     3.9583    17.0211   998.8088      6.951      4.793 0.0000e+00
      4.898      0.037   212.2052     6.1041     67.490 1.2365e-01     15.745     27.898  23.447013     8.6219     3.9864    17.0209   998.8089      6.969      4.805 0.0000e+00
      4.908      0.037   212.3463     6.2134     68.107 1.2366e-01     15.745     27.897  23.445878     8.6434     4.0323    17.0202   998.8090      6.983      4.814 0.0000e+00
      4.917      0.036   212.4690     6.3337     68.356 1.2369e-01     15.746     27.881  23.432156     8.5420     4.0663    17.0196   998.8092      6.993      4.821 0.0000e+00
      4.926      0.034   212.8290     6.4368     68.273 1.2379e-01     15.746     27.853  23.407931     8.3306     4.0208    17.0191   998.8093      7.006      4.831 0.0000e+00
      4.935      0.031   213.0850     6.5296     67.960 1.2383e-01     15.745     27.852  23.406665     8.2045     3.9627    17.0186   998.8095      7.020      4.840 0.0000e+00
      4.942      0.029   213.3261     6.5932     67.528 1.2378e-01     15.745     27.864  23.416845     8.1906     3.9812    17.0180   998.8096      7.030      4.847 0.0000e+00
      4.950      0.029   213.8526     6.6146     67.033 1.2372e-01     15.745     27.849  23.404170     8.1913     4.0046    17.0172   998.8098      7.041      4.854 0.0000e+00
      4.957      0.028   214.1164     6.6040     66.538 1.2367e-01     15.745     27.822  23.380259     8.1271     4.0042    17.0163   998.8100      7.052      4.863 0.0000e+00
      4.962      0.028   213.7620     6.5680     66.083 1.2369e-01     15.746     27.824  23.381410     8.0052     4.0113    17.0157   998.8101      7.058      4.867 0.0000e+00
      4.969      0.027   213.3527     6.5266     65.658 1.2373e-01     15.746     27.868  23.418090     7.9387     4.0223    17.0148   998.8103      7.066      4.871 0.0000e+00
      4.978      0.026   213.2986     6.4761     65.272 1.2369e-01     15.746     27.898  23.443230     7.9336     4.0683    17.0147   998.8103      7.081      4.881 0.0000e+00
      4.986      0.025   213.4519     6.4257     64.905 1.2369e-01     15.746     27.884  23.431700     7.8676     4.1907    17.0140   998.8105      7.093      4.891 0.0000e+00
      4.991      0.025   213.8285     6.3851     64.573 1.2375e-01     15.746     27.854  23.405521     7.7321     4.3687    17.0124   998.8108      7.099      4.895 0.0000e+00
      4.997      0.024   214.1531     6.3407     64.338 1.2380e-01     15.746     27.825  23.380381     7.6677     4.5041    17.0130   998.8107      7.106      4.900 0.0000e+00
      5.002      0.023   213.9356     6.3059     64.162 1.2380e-01     15.746     27.826  23.381413     7.6622     4.5575    17.0132   998.8107      7.115      4.906 0.0000e+00
      5.008      0.023   213.6080     6.2711     64.005 1.2380e-01     15.746     27.870  23.417990     7.4936     4.4649    17.0112   998.8111      7.122      4.911 0.0000e+00
      5.015      0.024   213.7189     6.2337     63.925 1.2382e-01     15.746     27.899  23.442117     7.1740     4.2766    17.0094   998.8114      7.133      4.918 0.0000e+00
      5.021      0.026   214.2443     6.2147     63.963 1.2381e-01     15.745     27.873  23.419452     6.9920     4.2041    17.0090   998.8115      7.144      4.926 0.0000e+00
      5.026      0.028   214.5404     6.2006     64.078 1.2376e-01     15.745     27.847  23.397629     6.9052     4.2744    17.0083   998.8117      7.148      4.929 0.0000e+00
      5.031      0.028   214.1151     6.1811     64.158 1.2372e-01     15.745     27.887  23.431939     6.0007     4.5771    17.0078   998.8117      7.153      4.933 0.0000e+00
      5.041      0.027   213.5763     6.1722     64.129 1.2362e-01     15.745     27.912  23.453773     4.3048     5.0139    17.0080   998.8118      7.169      4.942 0.0000e+00
      5.051      0.027   213.5326     6.1769     64.043 1.2357e-01     15.745     27.858  23.407933     3.3664     5.1955    17.0073   998.8119      7.187      4.954 0.0000e+00
      5.059      0.027   213.7587     6.1931     63.992 1.2367e-01     15.745     27.831  23.385050     3.2854     5.2290    17.0060   998.8121      7.198      4.962 0.0000e+00
      5.063      0.026   213.8151     6.2043     63.976 1.2373e-01     15.745     27.886  23.430783     3.2689     5.4183    17.0082   998.8118      7.201      4.965 0.0000e+00
      5.067      0.024   213.6980     6.1983     63.905 1.2374e-01     15.746     27.912  23.453532     3.2234     5.6648    17.0102   998.8115      7.205      4.967 0.0000e+00
      5.074      0.020   213.6327     6.1859     63.745 1.2376e-01     15.746     27.856  23.406427     3.1747     5.7375    17.0088   998.8117      7.217      4.976 0.0000e+00
      5.082      0.018   213.5417     6.1806     63.516 1.2373e-01     15.745     27.811  23.368594     3.1377     5.7137    17.0068   998.8122      7.229      4.985 0.0000e+00
      5.087      0.017   213.2862     6.1850     63.265 1.2372e-01     15.745     27.822  23.376619     3.1096     5.7204    17.0069   998.8121      7.236      4.990 0.0000e+00
      5.090      0.015   213.2107     6.1777     63.049 1.2375e-01     15.746     27.823  23.376610     2.9693     5.6811    17.0105   998.8116      7.240      4.992 0.0000e+00
      5.092      0.013   213.3180     6.1609     62.855 1.2378e-01     15.746     27.814  23.368492     2.7094     5.6165    17.0116   998.8114      7.242      4.993 0.0000e+00
      5.094      0.011   213.1207     6.1387     62.664 1.2382e-01     15.746     27.859  23.405292     2.5702     5.6252    17.0092   998.8118      7.245      4.995 0.0000e+00
      5.097      0.010   212.8038     6.1103     62.469 1.2384e-01     15.745     27.902  23.441045     2.5837     5.6829    17.0071   998.8122      7.249      4.998 0.0000e+00
      5.101      0.011   212.5842     6.0920     62.269 1.2382e-01     15.745     27.879  23.420262     2.8921     5.7305    17.0055   998.8125      7.255      5.002 0.0000e+00
      5.103      0.013   212.2725     6.0740     62.112 1.2377e-01     15.745     27.866  23.407684     3.4655     5.7551    17.0038   998.8128      7.259      5.005 0.0000e+00
      5.104      0.015   212.0460     6.0550     62.007 1.2370e-01     15.745     27.878  23.415804     3.7755     5.7060    17.0030   998.8130      7.260      5.006 0.0000e+00
      5.108      0.017   211.9961     6.0382     61.959 1.2370e-01     15.744     27.851  23.391591     3.8266     5.6861    17.0023   998.8131      7.264      5.009 0.0000e+00
      5.114      0.020   212.0136     6.0151     61.959 1.2378e-01     15.744     27.825  23.368607     4.0836     5.6864    17.0008   998.8133      7.275      5.016 0.0000e+00
      5.119      0.022   211.9991     6.0007     61.874 1.2378e-01     15.745     27.853  23.391581     4.5377     5.5719    16.9973   998.8140      7.281      5.020 0.0000e+00
      5.126      0.022   211.7353     5.9930     61.716 1.2379e-01     15.745     27.883  23.415681     4.7775     5.4692    16.9922   998.8150      7.290      5.026 0.0000e+00
      5.133      0.021   211.1475     5.9837     61.583 1.2383e-01     15.746     27.872  23.406325     4.7796     5.4395    16.9891   998.8155      7.303      5.035 0.0000e+00
      5.139      0.019   210.3985     5.9946     61.383 1.2375e-01     15.747     27.872  23.405294     4.6970     5.5217    16.9876   998.8158      7.311      5.042 0.0000e+00
      5.144      0.016   209.7347     5.9865     61.129 1.2370e-01     15.747     27.870  23.403216     4.5610     5.6736    16.9862   998.8160      7.318      5.045 0.0000e+00
      5.147      0.014   209.1434     5.9593     60.897 1.2380e-01     15.746     27.844  23.381195     4.4796     5.6973    16.9846   998.8163      7.323      5.048 0.0000e+00
      5.149      0.012   208.6694     5.9599     60.671 1.2383e-01     15.746     27.859  23.392717     4.4090     5.6709    16.9831   998.8166      7.324      5.050 0.0000e+00
      5.150      0.012   208.4779     5.9363     60.464 1.2378e-01     15.747     27.886  23.415692     3.8317     5.8692    16.9822   998.8168      7.324      5.050 0.0000e+00
      5.153      0.012   208.4629     5.9066     60.251 1.2375e-01     15.748     27.874  23.405304     2.7918     6.2413    16.9815   998.8169      7.329      5.053 0.0000e+00
      5.157      0.013   208.4021     5.8895     60.016 1.2375e-01     15.747     27.861  23.393963     2.2304     6.4272    16.9810   998.8170      7.335      5.057 0.0000e+00
      5.161      0.014   208.2594     5.8633     59.819 1.2376e-01     15.746     27.874  23.405408     2.1745     6.4002    16.9807   998.8171      7.341      5.061 0.0000e+00
      5.165      0.015   208.2004     5.8463     59.691 1.2377e-01     15.746     27.889  23.416846     2.1353     6.3608    16.9802   998.8172      7.347      5.065 0.0000e+00
      5.169      0.015   208.2900     5.8271     59.588 1.2375e-01     15.746     27.876  23.405420     1.9278     6.3297    16.9797   998.8173      7.353      5.069 0.0000e+00
      5.173      0.016   208.2241     5.8007     59.469 1.2375e-01     15.746     27.862  23.394087     1.5640     6.2635    16.9797   998.8173      7.359      5.073 0.0000e+00
      5.176      0.016   207.9203     5.7802     59.339 1.2378e-01     15.746     27.877  23.406667     1.3615     6.1782    16.9792   998.8174      7.362      5.076 0.0000e+00
      5.180      0.016   207.7145     5.7703     59.188 1.2376e-01     15.747     27.906  23.430673     1.3382     6.1572    16.9785   998.8176      7.367      5.079 0.0000e+00
      5.185      0.017   207.5424     5.7626     59.018 1.2372e-01     15.747     27.906  23.430663     1.3019     6.3189    16.9783   998.8176      7.375      5.085 0.0000e+00
      5.190      0.018   207.3014     5.7496     58.915 1.2370e-01     15.747     27.879  23.406552     1.2463     6.5884    16.9784   998.8176      7.383      5.090 0.0000e+00
      5.194      0.020   206.7800     5.7372     58.888 1.2366e-01     15.746     27.864  23.392830     1.2191     6.7033    16.9782   998.8176      7.386      5.093 0.0000e+00
      5.198      0.022   205.6263     5.7256     58.878 1.2365e-01     15.746     27.864  23.391582     1.2118     6.6774    16.9775   998.8178      7.392      5.097 0.0000e+00
      5.204      0.023   204.1930     5.7021     58.861 1.2368e-01     15.746     27.864  23.391459     1.2337     6.7903    16.9777   998.8178      7.401      5.103 0.0000e+00
      5.212      0.023   203.0442     5.6929     58.772 1.2376e-01     15.746     27.864  23.391345     1.2741     7.0393    16.9761   998.8181      7.412      5.111 0.0000e+00
      5.219      0.023   202.3193     5.6955     58.624 1.2378e-01     15.746     27.864  23.390200     1.2897     7.1467    16.9723   998.8188      7.423      5.118 0.0000e+00
      5.225      0.022   201.7952     5.6913     58.461 1.2371e-01     15.747     27.849  23.377621     1.2888     7.0934    16.9705   998.8191      7.431      5.124 0.0000e+00
      5.230      0.019   201.4393     5.6965     58.280 1.2367e-01     15.747     27.835  23.366089     1.3878     7.1504    16.9699   998.8193      7.438      5.129 0.0000e+00
      5.234      0.015   201.2860     5.6854     58.084 1.2372e-01     15.746     27.850  23.377611     1.6092     7.3550    16.9694   998.8194      7.445      5.133 0.0000e+00
      5.238      0.012   201.1461     5.6684     57.854 1.2377e-01     15.746     27.865  23.390086     1.7345     7.4388    16.9691   998.8195      7.451      5.137 0.0000e+00
      5.240      0.009   201.0385     5.6552     57.598 1.2377e-01     15.746     27.865  23.390086     1.7204     7.3730    16.9685   998.8196      7.453      5.139 0.0000e+00
      5.242      0.007   200.8451     5.6350     57.335 1.2378e-01     15.747     27.851  23.377612     1.5905     7.2810    16.9681   998.8196      7.456      5.141 0.0000e+00
      5.242      0.006   200.5284     5.6194     57.116 1.2380e-01     15.747     27.837  23.366101     1.3663     7.1852    16.9676   998.8197      7.457      5.142 0.0000e+00
      5.242      0.006   200.2210     5.5951     57.016 1.2379e-01     15.746     27.852  23.377736     1.2409     7.1414    16.9671   998.8198      7.456      5.141 0.0000e+00
      5.243      0.007   199.8820     5.5707     56.986 1.2376e-01     15.746     27.869  23.391458     1.2198     7.1292    16.9664   998.8200      7.457      5.142 0.0000e+00
      5.244      0.009   199.6130     5.5446     56.928 1.2374e-01     15.746     27.886  23.405171     1.2056     7.0720    16.9652   998.8202      7.458      5.142 0.0000e+00
      5.248      0.012   199.3768     5.5177     56.828 1.2372e-01     15.745     27.901  23.416703     1.1837     6.9980    16.9642   998.8203      7.464      5.146 0.0000e+00
      5.253      0.014   199.1769     5.5116     56.730 1.2372e-01     15.745     27.886  23.404047     1.1554     6.9222    16.9634   998.8205      7.472      5.152 0.0000e+00
      5.257      0.017   199.1757     5.5137     56.665 1.2375e-01     15.746     27.857  23.378984     1.1403     6.8421    16.9629   998.8206      7.477      5.155 0.0000e+00
      5.260      0.019   199.1902     5.5075     56.649 1.2374e-01     15.747     27.844  23.367349     1.1251     6.8538    16.9622   998.8208      7.482      5.159 0.0000e+00
      5.265      0.020   199.2665     5.4959     56.660 1.2378e-01     15.746     27.873  23.390213     1.1051     6.9606    16.9610   998.8210      7.487      5.163 0.0000e+00
      5.270      0.023   199.4957     5.4858     56.662 1.2379e-01     15.746     27.890  23.401744     1.0973     7.0003    16.9600   998.8211      7.494      5.167 0.0000e+00
      5.277      0.025   199.4666     5.4791     56.677 1.2373e-01     15.747     27.871  23.379931     1.0979     6.9215    16.9593   998.8213      7.507      5.176 0.0000e+00
      5.284      0.026   199.2584     5.4776     56.758 1.2370e-01     15.748     27.877  23.380131     1.0941     6.8323    16.9580   998.8215      7.515      5.182 0.0000e+00
