Data/DataNotYetUploadedToEDI/Raw_CTD/RawDownloads/101425_ccr50_S8188001.cnv
* Sea-Bird SBE19plus  Data File:
* FileName = C:\R\Reservoirs\Data\DataNotYetUploadedToEDI\Raw_CTD\RawDownloads\101425_cr50_S8188_0001.hex
* Software version 2.8.0.119
* Temperature SN = 8188
* Conductivity SN = 8188
* System UpLoad Time = Oct 16 2025 15:40:31
* <ApplicationData>
* <Seaterm232>
# nquan = 16
# nvalues = 3995                        
# units = specified
# name 0 = depFM: Depth [fresh water, m]
# name 1 = dz/dtM: Descent Rate [m/s]
# name 2 = sbeox0Mg/L: Oxygen, SBE 43 [mg/l]
# name 3 = sbeox0PS: Oxygen, SBE 43 [% saturation]
# name 4 = specc: Specific Conductance [uS/cm]
# name 5 = c0uS/cm: Conductivity [uS/cm]
# name 6 = wetCDOM: Fluorescence, WET Labs CDOM [mg/m^3]
# name 7 = flECO-AFL: Fluorescence, WET Labs ECO-AFL/FL [mg/m^3]
# name 8 = flECO-AFL1: Fluorescence, WET Labs ECO-AFL/FL, 2 [mg/m^3]
# name 9 = flECO-AFL2: Fluorescence, WET Labs ECO-AFL/FL, 3 [mg/m^3]
# name 10 = par/sat/log: PAR/Logarithmic, Satlantic
# name 11 = turbWETntu0: Turbidity, WET Labs ECO [NTU]
# name 12 = prdM: Pressure, Strain Gauge [db]
# name 13 = prdE: Pressure, Strain Gauge [psi]
# name 14 = tv290C: Temperature [ITS-90, deg C]
# name 15 = flag:  0.000e+00
# span 0 =     -0.472,     20.169       
# span 1 =     -0.341,      0.149       
# span 2 =     0.0237,     9.3544       
# span 3 =      0.224,    102.728       
# span 4 =   -627.365,    291.259       
# span 5 =-488.588462, 208.469814       
# span 6 =    -6.0300,    48.0600       
# span 7 =    -2.7298,    12.8000       
# span 8 =    -5.5380,     0.6390       
# span 9 =   -13.4937,     7.9524       
# span 10 = 1.1570e-01, 1.7955e+03      
# span 11 =   -11.3977,   331.4881      
# span 12 =     -0.463,     19.779      
# span 13 =     -0.672,     28.687      
# span 14 =    10.7805,    19.9169      
# span 15 = 0.0000e+00, 0.0000e+00      
# interval = seconds: 0.25
# start_time = Oct 14 2025 10:04:48 [Instrument's time stamp, header]
# bad_flag = -9.990e-29
*END*
[from data line 181]
      0.155      0.004     6.3220     72.786    104.117  93.360699    11.2500     0.8332     0.0852     0.2961 4.9856e+01     0.1588      0.152      0.221    19.8340 0.0000e+00
      0.157      0.004     6.3887     73.542    104.102  93.344490    11.2500     0.8332     0.0852     0.2961 5.2903e+01     0.2947      0.154      0.223    19.8324 0.0000e+00
      0.158      0.004     6.4693     74.077    104.086  93.327962    10.9800     0.8141     0.0852     0.0423 6.7951e+01     0.2192      0.155      0.225    19.8316 0.0000e+00
      0.159      0.004     6.5559     74.360    104.074  93.316696    10.9800     0.8866     0.0852     0.0423 5.3539e+01     0.4911      0.156      0.226    19.8309 0.0000e+00
      0.160      0.003     6.6384     74.390    104.066  93.311683    10.9800     0.8789     0.0852     0.0423 4.8414e+01     0.5364      0.157      0.227    19.8297 0.0000e+00
      0.160      0.002     6.7075     74.196    104.061  93.311586    10.9800     0.8980     0.0852     0.0423 4.5329e+01     0.4911      0.157      0.228    19.8283 0.0000e+00
      0.161      0.001     6.7565     73.826    104.054  93.310388    11.2500     0.8866     0.0852     0.7191 6.4372e+01     0.4911      0.158      0.228    19.8273 0.0000e+00
      0.161      0.001     6.7823     73.326    104.041  93.303772    11.2500     0.8217     0.0852     0.7191 5.1128e+01     0.1437      0.158      0.228    19.8273 0.0000e+00
      0.161      0.000     6.7849     72.730    104.025  93.295968    11.2500     0.8446     0.0852     0.7191 4.7528e+01     0.2494      0.158      0.229    19.8284 0.0000e+00
      0.161      0.000     6.7670     72.068    104.008  93.286894    11.2500     0.8293     0.0852     0.7191 5.2525e+01     0.2192      0.158      0.229    19.8304 0.0000e+00
      0.161      0.000     6.7328     71.373    103.984  93.272130    11.4300     0.8293     0.0852     0.5076 5.7569e+01     0.1890      0.158      0.229    19.8328 0.0000e+00
      0.161      0.000     6.6869     70.671    103.960  93.257731    11.4300     0.8866     0.0852     0.5076 4.6174e+01     0.5062      0.158      0.229    19.8353 0.0000e+00
      0.161     -0.001     6.6322     69.990    103.952  93.255838    11.4300     0.9018     0.0852     0.5076 5.3866e+01     0.4911      0.158      0.228    19.8382 0.0000e+00
      0.160     -0.001     6.5715     69.350    103.962  93.267945    11.4300     0.9209     0.0852     0.5076 5.0962e+01     0.5062      0.157      0.228    19.8413 0.0000e+00
      0.160     -0.001     6.5076     68.765    103.984  93.287291    11.4300     0.8904     0.0852     0.5076 4.9167e+01     0.4458      0.157      0.228    19.8447 0.0000e+00
      0.160     -0.001     6.4431     68.252    103.998  93.299058    10.9800     0.9018     0.0426     0.7191 4.9456e+01     0.5515      0.157      0.228    19.8481 0.0000e+00
      0.160     -0.001     6.3807     67.838    103.994  93.294398    10.9800     0.9018     0.0426     0.7191 5.0995e+01     0.5062      0.157      0.227    19.8506 0.0000e+00
      0.159     -0.001     6.3223     67.522    103.985  93.284053    10.9800     0.8904     0.0426     0.7191 5.9347e+01     0.4156      0.156      0.226    19.8518 0.0000e+00
      0.159     -0.001     6.2689     67.280    103.978  93.275254    10.9800     0.8637     0.0426     0.7191 5.3574e+01     0.5062      0.156      0.226    19.8519 0.0000e+00
      0.159     -0.001     6.2222     67.082    103.975  93.269650    11.3400     0.8293     0.0852     0.2961 4.6104e+01     0.4156      0.156      0.226    19.8515 0.0000e+00
      0.158     -0.001     6.1845     66.915    103.980  93.269742    11.3400     0.8179     0.0852     0.2961 5.2995e+01     0.4005      0.155      0.225    19.8508 0.0000e+00
      0.158     -0.001     6.1558     66.776    103.983  93.269560    11.3400     0.8446     0.0852     0.2961 5.1318e+01     0.5213      0.155      0.224    19.8500 0.0000e+00
      0.157     -0.001     6.1338     66.670    103.978  93.263064    11.3400     0.8255     0.0852     0.2961 5.3725e+01     0.4911      0.154      0.224    19.8488 0.0000e+00
      0.157     -0.001     6.1160     66.597    103.969  93.254513    11.2500     0.9056     0.0426     0.5922 5.4667e+01     0.4156      0.154      0.224    19.8471 0.0000e+00
      0.157     -0.000     6.1010     66.553    103.964  93.251617    11.2500     0.8713     0.0426     0.5922 4.8173e+01     0.5062      0.154      0.224    19.8451 0.0000e+00
      0.157     -0.000     6.0885     66.539    103.963  93.253603    11.2500     0.8942     0.0426     0.5922 4.9424e+01     0.4911      0.154      0.224    19.8436 0.0000e+00
      0.157     -0.000     6.0790     66.559    103.958  93.253010    11.2500     0.8675     0.0426     0.5922 6.1809e+01     0.4005      0.154      0.224    19.8428 0.0000e+00
      0.157     -0.000     6.0723     66.610    103.949  93.249679    11.2500     0.8217     0.0426     0.5922 5.5193e+01     0.5515      0.154      0.223    19.8427 0.0000e+00
      0.157     -0.000     6.0683     66.672    103.940  93.246719    11.2500     0.8599     0.0852     0.5922 5.7407e+01     0.5062      0.154      0.223    19.8432 0.0000e+00
      0.157     -0.000     6.0668     66.712    103.929  93.243340    11.2500     0.8179     0.0852     0.5922 4.4423e+01     0.4005      0.154      0.223    19.8445 0.0000e+00
      0.157     -0.000     6.0684     66.713    103.918  93.238642    11.2500     0.8217     0.0852     0.5922 5.1318e+01     0.4156      0.154      0.223    19.8465 0.0000e+00
      0.157     -0.000     6.0728     66.675    103.899  93.227376    11.2500     0.8332     0.0852     0.5922 5.8046e+01     0.4307      0.154      0.223    19.8489 0.0000e+00
      0.157      0.000     6.0781     66.602    103.880  93.214529    11.1600     0.8599     0.0426     0.3384 6.1889e+01     0.5515      0.154      0.223    19.8515 0.0000e+00
      0.157      0.000     6.0814     66.488    103.873  93.212658    11.1600     0.8484     0.0426     0.3384 5.0741e+01     0.4911      0.154      0.222    19.8543 0.0000e+00
      0.157      0.000     6.0811     66.325    103.874  93.217268    11.1600     0.8217     0.0426     0.3384 4.6476e+01     0.4156      0.154      0.222    19.8570 0.0000e+00
      0.157      0.000     6.0774     66.121    103.875  93.221597    11.1600     0.8904     0.0426     0.3384 6.8277e+01     0.4458      0.154      0.223    19.8595 0.0000e+00
      0.157      0.000     6.0705     65.898    103.877  93.226801    11.1600     0.8866     0.0852     0.2538 4.9715e+01     0.4911      0.154      0.223    19.8616 0.0000e+00
      0.157      0.000     6.0599     65.674    103.874  93.228273    11.1600     0.8827     0.0852     0.2538 5.3866e+01     0.5213      0.154      0.223    19.8635 0.0000e+00
      0.157      0.001     6.0448     65.462    103.865  93.224409    11.1600     0.8904     0.0852     0.2538 5.1935e+01     0.4307      0.154      0.223    19.8654 0.0000e+00
      0.157      0.001     6.0260     65.274    103.861  93.224167    11.1600     0.9514     0.0852     0.2538 5.9826e+01     0.4458      0.154      0.223    19.8671 0.0000e+00
      0.157      0.001     6.0054     65.111    103.864  93.229481    11.3400     0.9552     0.0852     0.5922 5.3866e+01     0.4760      0.154      0.223    19.8689 0.0000e+00
      0.157      0.001     5.9848     64.974    103.866  93.233777    11.3400     0.9476     0.0852     0.5922 5.0675e+01     0.4911      0.154      0.223    19.8709 0.0000e+00
      0.158      0.001     5.9653     64.861    103.857  93.228212    11.3400     0.9667     0.0852     0.5922 4.9704e+01     0.5666      0.155      0.224    19.8729 0.0000e+00
      0.158      0.002     5.9479     64.778    103.838  93.213299    11.3400     0.9323     0.0852     0.5922 4.9489e+01     0.4005      0.155      0.225    19.8744 0.0000e+00
      0.159      0.002     5.9330     64.720    103.822  93.199047    11.3400     0.9323     0.0852     0.5922 5.6026e+01     0.4005      0.156      0.225    19.8757 0.0000e+00
      0.160      0.001     5.9203     64.673    103.820  93.195639    11.2500     0.9857     0.0852     0.3384 5.3307e+01     0.5515      0.156      0.226    19.8770 0.0000e+00
      0.160      0.001     5.9099     64.632    103.835  93.206161    11.2500     0.9514     0.0852     0.3384 5.1969e+01     0.4911      0.157      0.228    19.8783 0.0000e+00
      0.161      0.000     5.9022     64.613    103.847  93.213441    11.2500     0.8866     0.0852     0.3384 5.7920e+01     0.2343      0.157      0.228    19.8792 0.0000e+00
      0.160      0.000     5.8969     64.647    103.847  93.211430    11.2500     0.8866     0.0852     0.3384 6.3538e+01     0.1890      0.157      0.227    19.8794 0.0000e+00
      0.160      0.000     5.8928     64.742    103.846  93.207583    11.3400     0.9018     0.1278     0.5499 5.2799e+01     0.1588      0.157      0.227    19.8786 0.0000e+00
      0.160      0.000     5.8891     64.867    103.842  93.200874    11.3400     0.8980     0.1278     0.5499 4.9338e+01     0.0983      0.157      0.227    19.8772 0.0000e+00
      0.160      0.000     5.8876     64.981    103.838  93.193508    11.3400     0.8217     0.1278     0.5499 4.7570e+01     0.4911      0.157      0.227    19.8757 0.0000e+00
      0.160      0.000     5.8908     65.061    103.835  93.187518    11.3400     0.8255     0.1278     0.5499 5.7770e+01     0.5364      0.157      0.227    19.8744 0.0000e+00
      0.160      0.000     5.8996     65.102    103.832  93.181304    11.2500     0.8293     0.0852     0.3384 5.6368e+01     0.5213      0.157      0.227    19.8731 0.0000e+00
      0.160      0.001     5.9112     65.106    103.828  93.177206    11.2500     0.8446     0.0852     0.3384 4.5162e+01     0.5969      0.157      0.227    19.8716 0.0000e+00
      0.160      0.001     5.9218     65.086    103.829  93.178126    11.2500     0.9247     0.0852     0.3384 4.9683e+01     0.4911      0.157      0.228    19.8697 0.0000e+00
      0.160      0.001     5.9293     65.076    103.830  93.180314    11.2500     0.8866     0.0852     0.3384 5.3772e+01     0.4458      0.157      0.228    19.8679 0.0000e+00
      0.160      0.001     5.9332     65.127    103.831  93.184354    11.2500     0.8980     0.0852     0.3384 5.0324e+01     0.4911      0.157      0.228    19.8665 0.0000e+00
      0.161      0.002     5.9337     65.282    103.830  93.187327    11.3400     0.8866     0.0852     0.2961 5.7444e+01     0.5515      0.158      0.229    19.8660 0.0000e+00
      0.161      0.002     5.9318     65.570    103.820  93.182036    11.3400     0.8408     0.0852     0.2961 5.0686e+01     0.2343      0.158      0.230    19.8662 0.0000e+00
      0.162      0.003     5.9308     66.015    103.805  93.171065    11.3400     0.8217     0.0852     0.2961 6.0375e+01     0.0983      0.159      0.230    19.8670 0.0000e+00
      0.163      0.003     5.9353     66.617    103.791  93.159480    11.3400     0.8141     0.0852     0.2961 5.3690e+01     0.2494      0.160      0.232    19.8683 0.0000e+00
      0.164      0.003     5.9492     67.360    103.782  93.152183    11.2500     0.8217     0.0852     0.5076 4.6315e+01     0.1739      0.161      0.233    19.8701 0.0000e+00
      0.165      0.004     5.9753     68.215    103.776  93.147227    11.2500     0.8942     0.0852     0.5076 5.4241e+01     0.2645      0.162      0.234    19.8717 0.0000e+00
      0.166      0.004     6.0156     69.136    103.771  93.143291    11.2500     0.9247     0.0852     0.5076 5.7096e+01     0.2343      0.163      0.236    19.8729 0.0000e+00
      0.167      0.004     6.0704     70.063    103.771  93.143321    11.2500     0.9018     0.0852     0.5076 5.1743e+01     0.2192      0.164      0.237    19.8737 0.0000e+00
      0.168      0.003     6.1381     70.939    103.766  93.139334    11.3400     0.8675     0.0852     0.2538 5.0291e+01     0.1739      0.165      0.239    19.8741 0.0000e+00
      0.169      0.003     6.2159     71.719    103.752  93.126272    11.3400     0.9362     0.0852     0.2538 5.2036e+01     0.4156      0.166      0.240    19.8742 0.0000e+00
      0.169      0.003     6.2998     72.365    103.743  93.116632    11.3400     0.9781     0.0852     0.2538 6.2770e+01     0.5364      0.166      0.241    19.8744 0.0000e+00
      0.170      0.002     6.3843     72.838    103.747  93.119830    11.3400     0.9476     0.0852     0.2538 5.1452e+01     0.4307      0.167      0.242    19.8745 0.0000e+00
      0.170      0.002     6.4641     73.119    103.753  93.124732    11.3400     0.9438     0.0426     0.5922 5.1385e+01     0.4911      0.167      0.243    19.8745 0.0000e+00
      0.171      0.001     6.5353     73.207    103.748  93.120661    11.3400     1.0163     0.0426     0.5922 4.3045e+01     0.4609      0.168      0.243    19.8742 0.0000e+00
      0.171      0.001     6.5942     73.121    103.741  93.114520    11.3400     1.0086     0.0426     0.5922 6.0035e+01     0.4911      0.168      0.243    19.8738 0.0000e+00
      0.171      0.000     6.6374     72.888    103.738  93.112664    11.3400     1.0353     0.0426     0.5922 5.4253e+01     0.4911      0.168      0.243    19.8734 0.0000e+00
      0.171      0.000     6.6629     72.541    103.734  93.110602    11.3400     1.0086     0.0426     0.5922 4.5369e+01     0.4911      0.168      0.243    19.8734 0.0000e+00
      0.171      0.000     6.6709     72.125    103.724  93.103788    11.3400     0.9018     0.0000     0.1692 5.0149e+01     0.2494      0.168      0.243    19.8734 0.0000e+00
      0.171      0.000     6.6631     71.681    103.715  93.098397    11.3400     0.8942     0.0000     0.1692 5.1788e+01     0.1588      0.168      0.243    19.8736 0.0000e+00
      0.171      0.000     6.6418     71.239    103.719  93.104977    11.3400     0.9247     0.0000     0.1692 5.2616e+01     0.2041      0.168      0.243    19.8740 0.0000e+00
      0.171      0.000     6.6102     70.819    103.729  93.117292    11.3400     0.9018     0.0000     0.1692 4.9704e+01     0.3703      0.168      0.243    19.8748 0.0000e+00
      0.171      0.000     6.5721     70.436    103.728  93.118650    11.3400     0.9094     0.0852     0.2538 4.7086e+01     0.5364      0.168      0.243    19.8759 0.0000e+00
      0.171      0.000     6.5315     70.099    103.716  93.109413    11.3400     0.9476     0.0852     0.2538 5.4407e+01     0.5666      0.168      0.243    19.8772 0.0000e+00
      0.171      0.000     6.4910     69.797    103.704  93.099103    11.3400     0.9209     0.0852     0.2538 4.4086e+01     0.5515      0.168      0.243    19.8785 0.0000e+00
      0.171      0.000     6.4526     69.501    103.699  93.092963    11.3400     0.9438     0.0852     0.2538 5.2161e+01     0.4911      0.168      0.243    19.8799 0.0000e+00
      0.171     -0.001     6.4175     69.189    103.702  93.093350    11.0700     0.9590     0.0852     0.3807 4.8330e+01     0.4911      0.168      0.243    19.8811 0.0000e+00
      0.171     -0.001     6.3867     68.866    103.708  93.096372    11.0700     0.9514     0.0852     0.3807 5.4965e+01     0.5213      0.168      0.243    19.8820 0.0000e+00
      0.170     -0.001     6.3592     68.540    103.713  93.098839    11.0700     0.9705     0.0852     0.3807 6.0651e+01     0.5666      0.167      0.242    19.8821 0.0000e+00
      0.170     -0.001     6.3323     68.218    103.717  93.101408    11.0700     0.9590     0.0852     0.3807 5.1162e+01     0.4609      0.167      0.242    19.8814 0.0000e+00
      0.170     -0.001     6.3040     67.901    103.715  93.100771    11.2500     0.9514     0.0852     0.5076 4.7704e+01     0.4156      0.167      0.242    19.8802 0.0000e+00
      0.169     -0.001     6.2747     67.605    103.705  93.092761    11.2500     0.9514     0.0852     0.5076 5.2696e+01     0.4458      0.166      0.241    19.8790 0.0000e+00
      0.169     -0.001     6.2451     67.359    103.692  93.083234    11.2500     0.9552     0.0852     0.5076 5.5385e+01     0.5364      0.166      0.241    19.8781 0.0000e+00
