Data/DataNotYetUploadedToEDI/Raw_CTD/RawDownloads/101420_bvr50_0001.cnv
* Sea-Bird SBE19plus  Data File:
* FileName = C:\DATA\101420_bvr50_0001.hex
* Software version 2.8.0.119
* Temperature SN = 7809
* Conductivity SN = 7809
* System UpLoad Time = Oct 14 2020 16:40:03
* <ApplicationData>
* <Seaterm232>
# nquan = 16
# nvalues = 2646                        
# units = specified
# name 0 = depFM: Depth [fresh water, m]
# name 1 = dz/dtM: Descent Rate [m/s]
# name 2 = orp: Oxidation Reduction Potential [mV]
# name 3 = sbeox0Mg/L: Oxygen, SBE 43 [mg/l]
# name 4 = sbeox0PS: Oxygen, SBE 43 [% saturation]
# name 5 = par/sat/log: PAR/Logarithmic, Satlantic
# name 6 = ph: pH
# name 7 = specc: Specific Conductance [uS/cm]
# name 8 = c0uS/cm: Conductivity [uS/cm]
# name 9 = flECO-AFL: Fluorescence, WET Labs ECO-AFL/FL [mg/m^3]
# name 10 = turbWETntu0: Turbidity, WET Labs ECO [NTU]
# name 11 = tv290C: Temperature [ITS-90, deg C]
# name 12 = density00: Density [density, kg/m^3]
# name 13 = prdE: Pressure, Strain Gauge [psi]
# name 14 = prdM: Pressure, Strain Gauge [db]
# name 15 = flag:  0.000e+00
# span 0 =     -0.709,     10.341       
# span 1 =     -0.360,      0.086       
# span 2 =  -150.3505,   214.5404       
# span 3 =     0.0380,     9.5958       
# span 4 =      0.406,     99.191       
# span 5 = 1.2354e-01, 1.3593e+03       
# span 6 =     15.581,     15.932       
# span 7 =      3.037,    162.485       
# span 8 =   2.532945, 114.972412       
# span 9 =    -1.7738,    10.2937       
# span 10 =    -0.3005,    11.9236      
# span 11 =    10.3628,    17.2662      
# span 12 =   998.7371,   999.7769      
# span 13 =     -1.009,     14.709      
# span 14 =     -0.696,     10.142      
# span 15 = 0.0000e+00, 0.0000e+00      
# interval = seconds: 0.25
# start_time = Oct 13 2020 21:10:11 [Instrument's time stamp, header]
# bad_flag = -9.990e-29
*END*
[from data line 1537]
      7.730      0.021   -81.0210     0.0664      0.715 1.2370e-01     15.912    133.808  96.977441     1.1435     2.6595    11.2174   999.6704     10.994      7.581 0.0000e+00
      7.734      0.019   -81.1587     0.0634      0.779 1.2378e-01     15.912    133.907  97.035858     1.1428     2.6783    11.2339   999.6686     11.000      7.584 0.0000e+00
      7.737      0.017   -81.1227     0.0702      0.755 1.2383e-01     15.913    133.922  97.037276     1.1163     2.5650    11.2427   999.6678     11.004      7.587 0.0000e+00
      7.742      0.016   -81.1876     0.0711      0.658 1.2383e-01     15.913    133.867  96.994571     1.0617     2.3538    11.2413   999.6679     11.011      7.592 0.0000e+00
      7.747      0.017   -81.4264     0.0754      0.574 1.2375e-01     15.912    133.820  96.965081     1.0264     2.2190    11.2347   999.6686     11.021      7.598 0.0000e+00
      7.751      0.019   -81.6016     0.0916      0.558 1.2371e-01     15.912    133.852  96.998973     1.0239     2.1706    11.2294   999.6693     11.026      7.602 0.0000e+00
      7.754      0.022   -81.6707     0.0856      0.603 1.2370e-01     15.912    133.970  97.086108     1.0407     2.1470    11.2259   999.6697     11.029      7.604 0.0000e+00
      7.757      0.024   -81.7459     0.0710      0.644 1.2367e-01     15.913    134.146  97.191148     1.0576     2.1395    11.2238   999.6699     11.031      7.605 0.0000e+00
      7.764      0.025   -81.8228     0.0603      0.661 1.2365e-01     15.914    134.285  97.250533     1.0566     2.1481    11.2258   999.6697     11.040      7.612 0.0000e+00
      7.775      0.027   -81.9978     0.0576      0.688 1.2368e-01     15.914    134.398  97.294843     1.0668     2.1824    11.2319   999.6692     11.058      7.625 0.0000e+00
      7.785      0.029   -82.2276     0.0671      0.702 1.2372e-01     15.914    134.586  97.408594     1.0943     2.2118    11.2357   999.6688     11.076      7.637 0.0000e+00
      7.791      0.030   -82.3635     0.0728      0.684 1.2371e-01     15.914    134.793  97.543747     1.1037     2.2282    11.2262   999.6699     11.083      7.641 0.0000e+00
      7.796      0.030   -82.5229     0.0706      0.655 1.2368e-01     15.914    134.969  97.655872     1.0855     2.2097    11.2069   999.6720     11.087      7.644 0.0000e+00
      7.803      0.030   -82.7780     0.0762      0.640 1.2367e-01     15.914    135.204  97.809462     1.0735     2.1592    11.1911   999.6736     11.098      7.652 0.0000e+00
      7.811      0.032   -83.0387     0.0796      0.675 1.2365e-01     15.915    135.572  98.064014     1.0740     2.1326    11.1848   999.6745     11.109      7.660 0.0000e+00
      7.820      0.035   -83.2666     0.0739      0.702 1.2365e-01     15.916    136.102  98.442027     1.0621     2.1290    11.1806   999.6750     11.123      7.669 0.0000e+00
      7.830      0.037   -83.4681     0.0738      0.691 1.2374e-01     15.916    136.716  98.878872     1.0536     2.1498    11.1748   999.6757     11.137      7.679 0.0000e+00
      7.839      0.038   -83.6680     0.0653      0.676 1.2379e-01     15.916    137.190  99.208104     1.0672     2.1779    11.1675   999.6766     11.150      7.688 0.0000e+00
      7.849      0.039   -83.7909     0.0754      0.654 1.2374e-01     15.916    137.524  99.430788     1.0832     2.2624    11.1630   999.6772     11.164      7.697 0.0000e+00
      7.860      0.041   -83.8356     0.0805      0.672 1.2369e-01     15.916    137.872  99.661509     1.0844     2.4163    11.1628   999.6775     11.180      7.708 0.0000e+00
      7.870      0.042   -83.9505     0.0732      0.714 1.2372e-01     15.916    138.150  99.833249     1.0723     2.4587    11.1606   999.6780     11.194      7.718 0.0000e+00
      7.880      0.042   -84.1466     0.0777      0.728 1.2378e-01     15.917    138.316  99.915727     1.0607     2.3974    11.1552   999.6788     11.207      7.727 0.0000e+00
      7.892      0.041   -84.3140     0.0676      0.688 1.2380e-01     15.919    138.423  99.958422     1.0587     2.3625    11.1475   999.6797     11.225      7.739 0.0000e+00
      7.906      0.038   -84.5116     0.0732      0.614 1.2379e-01     15.919    138.383  99.903807     1.0574     2.3105    11.1413   999.6806     11.247      7.755 0.0000e+00
      7.917      0.034   -84.8162     0.0801      0.594 1.2375e-01     15.919    138.117  99.700975     1.0649     2.2152    11.1314   999.6818     11.263      7.766 0.0000e+00
      7.923      0.028   -84.9855     0.0816      0.644 1.2370e-01     15.918    137.705  99.415820     1.0827     2.1726    11.1154   999.6835     11.270      7.770 0.0000e+00
      7.929      0.022   -85.0099     0.0790      0.676 1.2372e-01     15.918    137.433  99.257105     1.0910     2.2069    11.1020   999.6849     11.277      7.775 0.0000e+00
      7.934      0.017   -85.1108     0.0640      0.650 1.2373e-01     15.918    137.439  99.309846     1.0885     2.2524    11.0929   999.6859     11.286      7.781 0.0000e+00
      7.938      0.013   -85.2583     0.0616      0.632 1.2371e-01     15.917    137.617  99.480625     1.0910     2.2754    11.0870   999.6864     11.292      7.785 0.0000e+00
      7.939      0.011   -85.4177     0.0715      0.646 1.2371e-01     15.917    137.843  99.666865     1.0928     2.2451    11.0907   999.6858     11.294      7.787 0.0000e+00
      7.940      0.011   -85.5754     0.0794      0.690 1.2367e-01     15.917    137.914  99.715516     1.0812     2.1954    11.1073   999.6840     11.293      7.786 0.0000e+00
      7.941      0.013   -85.7019     0.0688      0.715 1.2365e-01     15.917    138.070  99.814219     1.0654     2.2236    11.1270   999.6821     11.294      7.787 0.0000e+00
      7.944      0.018   -85.8293     0.0688      0.659 1.2374e-01     15.917    138.665 100.223615     1.0548     2.3121    11.1436   999.6804     11.299      7.790 0.0000e+00
      7.949      0.024   -85.9973     0.0697      0.593 1.2376e-01     15.917    139.405 100.718425     1.0575     2.4067    11.1541   999.6795     11.305      7.795 0.0000e+00
      7.956      0.029   -86.1848     0.0745      0.550 1.2368e-01     15.917    140.090 101.149476     1.0695     2.4745    11.1502   999.6799     11.314      7.801 0.0000e+00
      7.966      0.034   -86.2892     0.0861      0.563 1.2365e-01     15.919    140.657 101.488117     1.0766     2.4793    11.1426   999.6807     11.329      7.811 0.0000e+00
      7.978      0.036   -86.3131     0.0697      0.657 1.2365e-01     15.920    141.026 101.693209     1.0760     2.4648    11.1397   999.6814     11.348      7.824 0.0000e+00
      7.988      0.036   -86.3874     0.0650      0.727 1.2364e-01     15.920    141.302 101.846487     1.0720     2.4371    11.1254   999.6832     11.362      7.834 0.0000e+00
      7.998      0.033   -86.4989     0.0599      0.734 1.2369e-01     15.920    141.477 101.940659     1.0655     2.3839    11.0996   999.6861     11.375      7.844 0.0000e+00
      8.008      0.028   -86.5431     0.0544      0.669 1.2369e-01     15.921    141.588 102.004113     1.0558     2.3034    11.0727   999.6892     11.391      7.854 0.0000e+00
      8.015      0.025   -86.5778     0.0770      0.573 1.2365e-01     15.921    141.733 102.104348     1.0497     2.1849    11.0498   999.6916     11.402      7.861 0.0000e+00
      8.018      0.025   -86.6603     0.0810      0.560 1.2370e-01     15.921    141.867 102.197560     1.0492     2.1184    11.0345   999.6933     11.405      7.863 0.0000e+00
      8.020      0.028   -86.7660     0.0842      0.633 1.2377e-01     15.920    142.025 102.303438     1.0501     2.1505    11.0229   999.6947     11.405      7.863 0.0000e+00
      8.025      0.033   -86.9097     0.0773      0.710 1.2379e-01     15.920    142.312 102.493125     1.0406     2.1950    11.0165   999.6953     11.411      7.867 0.0000e+00
      8.034      0.038   -87.1078     0.0570      0.732 1.2383e-01     15.921    142.656 102.708290     1.0206     2.2104    11.0177   999.6952     11.425      7.877 0.0000e+00
      8.048      0.043   -87.3544     0.0586      0.705 1.2384e-01     15.922    142.936 102.867498     1.0082     2.2335    11.0172   999.6954     11.446      7.892 0.0000e+00
      8.064      0.046   -87.5683     0.0691      0.645 1.2378e-01     15.923    143.112 102.953623     1.0062     2.2341    11.0139   999.6958     11.472      7.910 0.0000e+00
      8.077      0.046   -87.6280     0.0820      0.581 1.2375e-01     15.922    143.112 102.921848     1.0149     2.2182    11.0099   999.6964     11.490      7.922 0.0000e+00
      8.087      0.043   -87.6460     0.0819      0.559 1.2379e-01     15.922    142.969 102.801625     1.0368     2.2475    10.9975   999.6979     11.503      7.931 0.0000e+00
      8.097      0.038   -87.8722     0.0793      0.586 1.2383e-01     15.922    142.929 102.773425     1.0611     2.3139    10.9809   999.6997     11.518      7.942 0.0000e+00
      8.107      0.035   -88.1262     0.0720      0.645 1.2384e-01     15.922    143.180 102.962908     1.0706     2.3686    10.9662   999.7013     11.532      7.951 0.0000e+00
      8.115      0.034   -88.2212     0.0614      0.695 1.2383e-01     15.921    143.661 103.309864     1.0563     2.3600    10.9540   999.7026     11.543      7.958 0.0000e+00
      8.121      0.033   -88.3326     0.0603      0.692 1.2378e-01     15.921    144.084 103.593824     1.0308     2.2780    10.9475   999.7032     11.551      7.964 0.0000e+00
      8.129      0.031   -88.4416     0.0631      0.652 1.2374e-01     15.922    144.216 103.658306     1.0204     2.2013    10.9488   999.7031     11.561      7.970 0.0000e+00
      8.139      0.030   -88.5929     0.0715      0.624 1.2377e-01     15.923    144.128 103.580096     1.0255     2.2219    10.9543   999.7027     11.576      7.981 0.0000e+00
      8.148      0.029   -88.8708     0.0795      0.605 1.2372e-01     15.923    143.875 103.412257     1.0164     2.2528    10.9567   999.7026     11.592      7.992 0.0000e+00
      8.155      0.029   -89.2198     0.0784      0.569 1.2367e-01     15.923    143.658 103.284478     0.9966     2.2658    10.9484   999.7037     11.599      7.998 0.0000e+00
      8.160      0.031   -89.5433     0.0707      0.565 1.2366e-01     15.922    143.930 103.499629     0.9858     2.3452    10.9336   999.7053     11.605      8.003 0.0000e+00
      8.165      0.035   -89.7715     0.0674      0.608 1.2368e-01     15.922    144.596 103.976112     0.9811     2.4222    10.9263   999.7060     11.614      8.009 0.0000e+00
      8.172      0.037   -89.9995     0.0696      0.643 1.2374e-01     15.922    145.226 104.397417     0.9881     2.4421    10.9339   999.7052     11.620      8.012 0.0000e+00
      8.184      0.038   -90.1490     0.0611      0.676 1.2374e-01     15.923    145.643 104.645709     1.0031     2.3791    10.9468   999.7037     11.636      8.022 0.0000e+00
      8.201      0.038   -90.2022     0.0583      0.684 1.2369e-01     15.924    145.776 104.685802     1.0192     2.2783    10.9546   999.7031     11.668      8.045 0.0000e+00
      8.215      0.038   -90.3851     0.0706      0.659 1.2370e-01     15.925    146.020 104.818437     1.0303     2.2533    10.9552   999.7035     11.690      8.060 0.0000e+00
      8.220      0.039   -90.6397     0.0689      0.623 1.2375e-01     15.925    146.710 105.294152     1.0233     2.2486    10.9433   999.7048     11.693      8.062 0.0000e+00
      8.223      0.039   -90.7856     0.0761      0.587 1.2373e-01     15.924    147.322 105.725432     1.0111     2.2557    10.9225   999.7072     11.694      8.063 0.0000e+00
      8.230      0.040   -90.9451     0.0780      0.614 1.2369e-01     15.924    147.579 105.893897     1.0070     2.3392    10.9027   999.7092     11.701      8.068 0.0000e+00
      8.242      0.042   -91.1915     0.0710      0.677 1.2369e-01     15.925    147.745 105.993749     1.0018     2.4011    10.8849   999.7110     11.720      8.080 0.0000e+00
      8.259      0.046   -91.4405     0.0722      0.722 1.2370e-01     15.925    148.114 106.232227     0.9958     2.3861    10.8810   999.7119     11.749      8.100 0.0000e+00
      8.275      0.050   -91.6334     0.0592      0.732 1.2365e-01     15.925    148.790 106.675796     1.0013     2.3292    10.8825   999.7121     11.773      8.118 0.0000e+00
      8.286      0.051   -91.8886     0.0672      0.703 1.2367e-01     15.926    149.448 107.090129     1.0105     2.2622    10.8738   999.7130     11.786      8.126 0.0000e+00
      8.295      0.048   -92.2034     0.0764      0.677 1.2374e-01     15.927    149.819 107.293471     1.0122     2.2622    10.8686   999.7136     11.795      8.132 0.0000e+00
      8.307      0.043   -92.4279     0.0802      0.651 1.2369e-01     15.927    149.879 107.287474     1.0130     2.2956    10.8611   999.7145     11.813      8.145 0.0000e+00
      8.322      0.037   -92.6239     0.0848      0.631 1.2365e-01     15.927    149.806 107.208617     1.0109     2.2541    10.8475   999.7163     11.837      8.162 0.0000e+00
      8.334      0.032   -92.8532     0.0753      0.601 1.2369e-01     15.927    149.851 107.231577     1.0057     2.1718    10.8273   999.7186     11.856      8.174 0.0000e+00
      8.340      0.027   -93.1349     0.0767      0.564 1.2372e-01     15.927    149.787 107.182962     0.9976     2.1243    10.8032   999.7212     11.864      8.179 0.0000e+00
      8.343      0.021   -93.4491     0.0709      0.549 1.2371e-01     15.927    149.247 106.811860     0.9887     2.1264    10.7860   999.7229     11.866      8.182 0.0000e+00
      8.345      0.016   -93.8122     0.0705      0.554 1.2365e-01     15.927    148.475 106.310901     0.9936     2.1978    10.7770   999.7236     11.869      8.184 0.0000e+00
      8.348      0.014   -94.1703     0.0682      0.612 1.2364e-01     15.926    148.160 106.156908     1.0089     2.3349    10.7770   999.7238     11.873      8.186 0.0000e+00
      8.351      0.017   -94.4235     0.0595      0.694 1.2371e-01     15.925    148.628 106.542075     1.0218     2.4454    10.7747   999.7240     11.879      8.190 0.0000e+00
      8.355      0.022   -94.6369     0.0621      0.714 1.2374e-01     15.925    149.473 107.147021     1.0248     2.4693    10.7749   999.7238     11.884      8.194 0.0000e+00
      8.359      0.027   -94.8564     0.0577      0.673 1.2374e-01     15.926    150.094 107.548711     1.0167     2.4513    10.7954   999.7215     11.888      8.197 0.0000e+00
      8.367      0.030   -95.0127     0.0661      0.628 1.2370e-01     15.928    150.305 107.641426     1.0093     2.4697    10.8256   999.7183     11.898      8.203 0.0000e+00
      8.378      0.031   -95.1506     0.0805      0.604 1.2362e-01     15.928    150.268 107.567431     1.0026     2.4850    10.8458   999.7166     11.916      8.216 0.0000e+00
      8.389      0.031   -95.4044     0.0822      0.618 1.2363e-01     15.927    150.192 107.481909     0.9934     2.4304    10.8448   999.7171     11.935      8.229 0.0000e+00
      8.399      0.030   -95.7584     0.0738      0.645 1.2371e-01     15.927    150.149 107.435274     0.9931     2.3937    10.8260   999.7193     11.948      8.238 0.0000e+00
      8.405      0.028   -96.1629     0.0685      0.610 1.2376e-01     15.927    150.082 107.385659     0.9987     2.4187    10.8030   999.7217     11.954      8.243 0.0000e+00
      8.409      0.028   -96.5086     0.0660      0.581 1.2377e-01     15.927    150.082 107.391509     1.0033     2.4569    10.7869   999.7232     11.960      8.247 0.0000e+00
      8.414      0.029   -96.5823     0.0654      0.640 1.2375e-01     15.927    150.231 107.505998     1.0112     2.4780    10.7775   999.7241     11.968      8.252 0.0000e+00
      8.419      0.030   -96.5377     0.0772      0.694 1.2371e-01     15.927    150.301 107.559921     1.0179     2.4337    10.7720   999.7246     11.973      8.255 0.0000e+00
      8.428      0.031   -96.7435     0.0682      0.698 1.2368e-01     15.927    150.172 107.470325     1.0179     2.3674    10.7723   999.7247     11.986      8.264 0.0000e+00
