Data/DataNotYetUploadedToEDI/Raw_CTD/RawDownloads/101425_ccr50_S8188001.cnv
* Sea-Bird SBE19plus  Data File:
* FileName = C:\R\Reservoirs\Data\DataNotYetUploadedToEDI\Raw_CTD\RawDownloads\101425_cr50_S8188_0001.hex
* Software version 2.8.0.119
* Temperature SN = 8188
* Conductivity SN = 8188
* System UpLoad Time = Oct 16 2025 15:40:31
* <ApplicationData>
* <Seaterm232>
# nquan = 16
# nvalues = 3995                        
# units = specified
# name 0 = depFM: Depth [fresh water, m]
# name 1 = dz/dtM: Descent Rate [m/s]
# name 2 = sbeox0Mg/L: Oxygen, SBE 43 [mg/l]
# name 3 = sbeox0PS: Oxygen, SBE 43 [% saturation]
# name 4 = specc: Specific Conductance [uS/cm]
# name 5 = c0uS/cm: Conductivity [uS/cm]
# name 6 = wetCDOM: Fluorescence, WET Labs CDOM [mg/m^3]
# name 7 = flECO-AFL: Fluorescence, WET Labs ECO-AFL/FL [mg/m^3]
# name 8 = flECO-AFL1: Fluorescence, WET Labs ECO-AFL/FL, 2 [mg/m^3]
# name 9 = flECO-AFL2: Fluorescence, WET Labs ECO-AFL/FL, 3 [mg/m^3]
# name 10 = par/sat/log: PAR/Logarithmic, Satlantic
# name 11 = turbWETntu0: Turbidity, WET Labs ECO [NTU]
# name 12 = prdM: Pressure, Strain Gauge [db]
# name 13 = prdE: Pressure, Strain Gauge [psi]
# name 14 = tv290C: Temperature [ITS-90, deg C]
# name 15 = flag:  0.000e+00
# span 0 =     -0.472,     20.169       
# span 1 =     -0.341,      0.149       
# span 2 =     0.0237,     9.3544       
# span 3 =      0.224,    102.728       
# span 4 =   -627.365,    291.259       
# span 5 =-488.588462, 208.469814       
# span 6 =    -6.0300,    48.0600       
# span 7 =    -2.7298,    12.8000       
# span 8 =    -5.5380,     0.6390       
# span 9 =   -13.4937,     7.9524       
# span 10 = 1.1570e-01, 1.7955e+03      
# span 11 =   -11.3977,   331.4881      
# span 12 =     -0.463,     19.779      
# span 13 =     -0.672,     28.687      
# span 14 =    10.7805,    19.9169      
# span 15 = 0.0000e+00, 0.0000e+00      
# interval = seconds: 0.25
# start_time = Oct 14 2025 10:04:48 [Instrument's time stamp, header]
# bad_flag = -9.990e-29
*END*
[from data line 1628]
      4.607      0.026     8.1862     90.252    104.307  93.531898    11.7900     1.5808     0.0852     0.5922 5.1396e+01     0.4911      4.518      6.553    19.8311 0.0000e+00
      4.614      0.027     8.1987     90.319    104.382  93.598942    11.7000     1.6381     0.0852     0.5922 5.0368e+01     0.5515      4.525      6.563    19.8311 0.0000e+00
      4.621      0.028     8.2109     90.348    104.432  93.643610    11.7000     1.6343     0.0852     0.5922 5.0598e+01     0.5213      4.532      6.573    19.8309 0.0000e+00
      4.629      0.028     8.2220     90.343    104.440  93.649848    11.7000     1.6381     0.0852     0.5922 5.0499e+01     0.4156      4.540      6.584    19.8307 0.0000e+00
      4.637      0.028     8.2312     90.309    104.433  93.643290    11.7000     1.6381     0.0852     0.5922 4.9178e+01     0.4911      4.547      6.595    19.8304 0.0000e+00
      4.644      0.027     8.2373     90.243    104.435  93.644164    11.7900     1.5732     0.0852     0.5499 4.9456e+01     0.4760      4.554      6.605    19.8301 0.0000e+00
      4.651      0.026     8.2400     90.145    104.425  93.634722    11.7900     1.5808     0.0852     0.5499 4.9446e+01     0.4609      4.561      6.615    19.8298 0.0000e+00
      4.657      0.025     8.2396     90.024    104.404  93.614444    11.7900     1.5618     0.0852     0.5499 4.9178e+01     0.4911      4.567      6.624    19.8295 0.0000e+00
      4.663      0.023     8.2365     89.904    104.374  93.585915    11.7900     1.5885     0.0852     0.5499 4.8425e+01     0.5213      4.573      6.633    19.8292 0.0000e+00
      4.669      0.021     8.2306     89.810    104.339  93.553511    11.7900     1.6190     0.0852     0.5499 4.8689e+01     0.4911      4.579      6.641    19.8289 0.0000e+00
      4.674      0.020     8.2218     89.757    104.326  93.540558    11.7000     1.6228     0.0852     0.6345 4.9050e+01     0.4911      4.584      6.649    19.8285 0.0000e+00
      4.679      0.018     8.2108     89.755    104.331  93.543600    11.7000     1.6304     0.0852     0.6345 4.8330e+01     0.5213      4.589      6.655    19.8280 0.0000e+00
      4.683      0.016     8.2000     89.799    104.343  93.553459    11.7000     1.6381     0.0852     0.6345 4.8225e+01     0.5213      4.593      6.661    19.8275 0.0000e+00
      4.687      0.015     8.1914     89.866    104.335  93.544797    11.7000     1.6495     0.0852     0.6345 4.8720e+01     0.4609      4.597      6.667    19.8270 0.0000e+00
      4.691      0.014     8.1867     89.926    104.305  93.517301    11.7000     1.6075     0.0852     0.4653 4.8933e+01     0.4911      4.600      6.672    19.8263 0.0000e+00
      4.694      0.013     8.1866     89.952    104.305  93.517578    11.7000     1.6457     0.0852     0.4653 4.7975e+01     0.5213      4.604      6.676    19.8256 0.0000e+00
      4.697      0.013     8.1908     89.928    104.326  93.535712    11.7000     1.6495     0.0852     0.4653 4.7632e+01     0.5062      4.607      6.681    19.8249 0.0000e+00
      4.700      0.012     8.1970     89.854    104.315  93.526598    11.7000     1.5808     0.0852     0.4653 4.8037e+01     0.5817      4.609      6.685    19.8245 0.0000e+00
      4.703      0.012     8.2025     89.743    104.280  93.495794    11.7000     1.5656     0.0426     0.6345 4.8309e+01     0.5213      4.612      6.689    19.8242 0.0000e+00
      4.707      0.013     8.2049     89.614    104.261  93.479037    11.7000     1.5770     0.0426     0.6345 4.7632e+01     0.4156      4.616      6.694    19.8240 0.0000e+00
      4.710      0.013     8.2027     89.494    104.266  93.483846    11.7000     1.5732     0.0426     0.6345 4.7508e+01     0.4307      4.619      6.699    19.8240 0.0000e+00
      4.713      0.014     8.1960     89.404    104.295  93.509504    11.7000     1.5541     0.0426     0.6345 4.7767e+01     0.4911      4.622      6.704    19.8241 0.0000e+00
      4.717      0.015     8.1858     89.360    104.337  93.546872    11.7000     1.5808     0.0426     0.6345 4.7912e+01     0.4760      4.625      6.709    19.8243 0.0000e+00
      4.721      0.016     8.1740     89.360    104.340  93.549977    11.7900     1.5808     0.0852     0.5922 4.6801e+01     0.5364      4.629      6.714    19.8245 0.0000e+00
      4.725      0.017     8.1630     89.385    104.297  93.511656    11.7900     1.5351     0.0852     0.5922 4.6892e+01     0.4760      4.633      6.720    19.8245 0.0000e+00
      4.729      0.018     8.1549     89.407    104.239  93.459647    11.7900     1.6228     0.0852     0.5922 4.6974e+01     0.5515      4.637      6.726    19.8246 0.0000e+00
      4.734      0.019     8.1508     89.407    104.179  93.406054    11.7900     1.6571     0.0852     0.5922 4.7066e+01     0.4458      4.642      6.733    19.8246 0.0000e+00
      4.739      0.021     8.1509     89.376    104.160  93.388524    11.7900     1.6457     0.0426     0.5922 4.6084e+01     0.4458      4.647      6.741    19.8246 0.0000e+00
      4.745      0.022     8.1531     89.328    104.189  93.414370    11.7900     1.6381     0.0426     0.5922 4.6669e+01     0.5666      4.653      6.749    19.8246 0.0000e+00
      4.750      0.024     8.1551     89.297    104.225  93.446534    11.7900     1.6800     0.0426     0.5922 4.6396e+01     0.5515      4.658      6.757    19.8247 0.0000e+00
      4.756      0.025     8.1551     89.313    104.276  93.491596    11.7900     1.6228     0.0426     0.5922 4.6497e+01     0.5515      4.664      6.765    19.8247 0.0000e+00
      4.763      0.027     8.1522     89.386    104.334  93.543592    11.7900     1.6343     0.0852     0.5922 4.6054e+01     0.4458      4.670      6.774    19.8247 0.0000e+00
      4.770      0.028     8.1478     89.519    104.356  93.562448    11.7900     1.6343     0.0852     0.5922 4.5785e+01     0.5213      4.678      6.785    19.8247 0.0000e+00
      4.778      0.030     8.1451     89.704    104.357  93.563181    11.7900     1.5808     0.0852     0.5922 4.5954e+01     0.5666      4.686      6.796    19.8246 0.0000e+00
      4.786      0.031     8.1466     89.910    104.371  93.575953    11.7900     1.5961     0.0852     0.5922 4.5084e+01     0.5817      4.693      6.808    19.8243 0.0000e+00
      4.794      0.031     8.1532     90.104    104.394  93.596179    11.7000     1.5770     0.0852     0.5499 4.4869e+01     0.3552      4.701      6.819    19.8241 0.0000e+00
      4.802      0.032     8.1655     90.251    104.413  93.613271    11.7000     1.5732     0.0852     0.5499 4.5084e+01     0.5817      4.709      6.830    19.8238 0.0000e+00
      4.810      0.032     8.1823     90.325    104.397  93.597824    11.7000     1.6266     0.0852     0.5499 4.4268e+01     0.4156      4.717      6.842    19.8237 0.0000e+00
      4.818      0.033     8.2011     90.326    104.348  93.553709    11.7000     1.6457     0.0852     0.5499 4.3914e+01     0.4911      4.725      6.853    19.8236 0.0000e+00
      4.827      0.033     8.2189     90.270    104.303  93.513114    11.7000     1.6304     0.0852     0.5499 4.4124e+01     0.5364      4.733      6.865    19.8235 0.0000e+00
      4.836      0.033     8.2322     90.182    104.255  93.469209    11.7900     1.6152     0.0852     0.6345 4.3581e+01     0.4458      4.742      6.878    19.8234 0.0000e+00
      4.845      0.033     8.2391     90.090    104.225  93.442250    11.7900     1.5580     0.0852     0.6345 4.2989e+01     0.4005      4.751      6.890    19.8232 0.0000e+00
      4.853      0.032     8.2392     90.026    104.240  93.455013    11.7900     1.5694     0.0852     0.6345 4.3534e+01     0.4911      4.759      6.903    19.8229 0.0000e+00
      4.861      0.031     8.2341     90.009    104.269  93.480937    11.7900     1.5732     0.0852     0.6345 4.3260e+01     0.4458      4.767      6.914    19.8226 0.0000e+00
      4.868      0.030     8.2261     90.035    104.296  93.504960    11.7900     1.5694     0.0852     0.6768 4.3157e+01     0.5817      4.774      6.924    19.8224 0.0000e+00
      4.876      0.029     8.2178     90.077    104.319  93.525495    11.7900     1.5732     0.0852     0.6768 4.2895e+01     0.4307      4.782      6.935    19.8222 0.0000e+00
      4.883      0.028     8.2120     90.110    104.345  93.548020    11.7900     1.5427     0.0852     0.6768 4.2728e+01     0.4760      4.789      6.945    19.8221 0.0000e+00
      4.890      0.028     8.2105     90.111    104.388  93.586532    11.7900     1.5694     0.0852     0.6768 4.2432e+01     0.4307      4.795      6.955    19.8220 0.0000e+00
      4.897      0.028     8.2128     90.075    104.438  93.631322    11.7900     1.5808     0.0426     0.5499 4.2469e+01     0.4609      4.802      6.965    19.8219 0.0000e+00
      4.904      0.029     8.2167     90.019    104.467  93.656378    11.7900     1.5808     0.0426     0.5499 4.2580e+01     0.7328      4.809      6.974    19.8218 0.0000e+00
      4.911      0.029     8.2198     89.960    104.465  93.654397    11.7900     1.5732     0.0426     0.5499 4.2386e+01     0.7781      4.816      6.985    19.8216 0.0000e+00
      4.919      0.030     8.2198     89.915    104.452  93.642830    11.7900     1.5770     0.0426     0.5499 4.2110e+01     0.7479      4.823      6.996    19.8215 0.0000e+00
      4.926      0.031     8.2166     89.896    104.432  93.624586    11.7000     1.5541     0.0852     0.5076 4.1855e+01     0.7781      4.831      7.007    19.8214 0.0000e+00
      4.935      0.032     8.2115     89.902    104.394  93.590805    11.7000     1.6228     0.0852     0.5076 4.1800e+01     0.6573      4.839      7.018    19.8213 0.0000e+00
      4.943      0.032     8.2061     89.915    104.352  93.552456    11.7000     1.6304     0.0852     0.5076 4.1565e+01     0.6724      4.847      7.030    19.8212 0.0000e+00
      4.951      0.032     8.2021     89.911    104.333  93.535272    11.7000     1.6304     0.0852     0.5076 4.1080e+01     0.8235      4.855      7.042    19.8210 0.0000e+00
      4.959      0.032     8.2003     89.873    104.346  93.546656    11.7000     1.6495     0.0852     0.5076 4.0955e+01     0.7479      4.863      7.054    19.8209 0.0000e+00
      4.967      0.033     8.2008     89.805    104.362  93.561678    11.7900     1.6419     0.0852     0.5499 4.0955e+01     0.6724      4.871      7.065    19.8209 0.0000e+00
      4.976      0.033     8.2021     89.731    104.383  93.580346    11.7900     1.7029     0.0852     0.5499 4.0813e+01     0.5213      4.879      7.077    19.8208 0.0000e+00
      4.984      0.034     8.2017     89.669    104.416  93.609637    11.7900     1.6800     0.0852     0.5499 4.0513e+01     0.4760      4.888      7.089    19.8208 0.0000e+00
      4.993      0.035     8.1982     89.627    104.436  93.627394    11.7900     1.7067     0.0852     0.5499 4.0153e+01     0.5213      4.896      7.102    19.8207 0.0000e+00
      5.002      0.035     8.1920     89.608    104.438  93.628365    11.7900     1.6648     0.0426     0.5076 4.0014e+01     0.4156      4.905      7.115    19.8207 0.0000e+00
      5.011      0.036     8.1853     89.613    104.432  93.622797    11.7900     1.6953     0.0426     0.5076 3.9884e+01     0.6120      4.914      7.128    19.8206 0.0000e+00
      5.020      0.036     8.1797     89.638    104.434  93.625188    11.7900     1.6953     0.0426     0.5076 3.9256e+01     0.4609      4.923      7.141    19.8205 0.0000e+00
      5.029      0.036     8.1758     89.671    104.440  93.630181    11.7900     1.7144     0.0426     0.5076 3.9367e+01     0.4307      4.932      7.154    19.8204 0.0000e+00
      5.039      0.036     8.1741     89.693    104.416  93.609142    11.7900     1.6915     0.0426     0.5076 3.9265e+01     0.4307      4.941      7.167    19.8203 0.0000e+00
      5.048      0.036     8.1746     89.700    104.378  93.574439    11.7900     1.6953     0.0426     0.5076 3.8790e+01     0.5062      4.951      7.181    19.8202 0.0000e+00
      5.058      0.035     8.1770     89.699    104.356  93.554777    11.7900     1.7029     0.0426     0.5076 3.8731e+01     0.5515      4.960      7.194    19.8201 0.0000e+00
      5.066      0.034     8.1800     89.699    104.358  93.556899    11.7900     1.7182     0.0426     0.5076 3.8714e+01     0.5062      4.969      7.207    19.8201 0.0000e+00
      5.075      0.034     8.1820     89.699    104.390  93.585365    11.7900     1.6915     0.0426     0.5076 3.8171e+01     0.5817      4.977      7.219    19.8200 0.0000e+00
      5.083      0.033     8.1826     89.694    104.428  93.619799    11.7900     1.6877     0.0852     0.5076 3.8588e+01     0.5364      4.985      7.230    19.8200 0.0000e+00
      5.091      0.033     8.1825     89.681    104.424  93.615442    11.7900     1.6724     0.0852     0.5076 3.8212e+01     0.4911      4.993      7.242    19.8200 0.0000e+00
      5.100      0.033     8.1825     89.661    104.377  93.573131    11.7900     1.7067     0.0852     0.5076 3.7939e+01     0.5062      5.001      7.254    19.8200 0.0000e+00
      5.108      0.033     8.1825     89.639    104.344  93.543513    11.7900     1.6877     0.0852     0.5076 3.7939e+01     0.4307      5.010      7.266    19.8200 0.0000e+00
      5.117      0.033     8.1821     89.626    104.345  93.544662    11.7900     1.6953     0.0852     0.4653 3.7399e+01     0.4911      5.018      7.279    19.8200 0.0000e+00
      5.126      0.033     8.1809     89.637    104.381  93.576883    11.7900     1.6915     0.0852     0.4653 3.6971e+01     0.6120      5.027      7.291    19.8200 0.0000e+00
      5.134      0.032     8.1790     89.684    104.443  93.632788    11.7900     1.7220     0.0852     0.4653 3.6899e+01     0.5213      5.035      7.303    19.8199 0.0000e+00
      5.142      0.031     8.1770     89.768    104.484  93.669347    11.7900     1.6724     0.0852     0.4653 3.7644e+01     0.4911      5.042      7.314    19.8199 0.0000e+00
      5.149      0.031     8.1759     89.868    104.485  93.670341    11.7900     1.8288     0.0852     0.5922 3.7497e+01     0.5213      5.050      7.324    19.8199 0.0000e+00
      5.157      0.030     8.1769     89.953    104.467  93.654014    11.7900     1.8326     0.0852     0.5922 3.6875e+01     0.5213      5.057      7.335    19.8199 0.0000e+00
      5.165      0.030     8.1812     90.006    104.449  93.637987    11.7900     1.8212     0.0852     0.5922 3.6635e+01     0.4156      5.065      7.346    19.8199 0.0000e+00
      5.173      0.029     8.1888     90.018    104.429  93.619985    11.7900     1.8441     0.0852     0.5922 3.6595e+01     0.4760      5.073      7.357    19.8200 0.0000e+00
      5.180      0.028     8.1979     89.991    104.381  93.577226    11.7900     1.6838     0.0426     0.5076 3.6460e+01     0.4911      5.080      7.368    19.8200 0.0000e+00
      5.187      0.027     8.2057     89.934    104.329  93.530272    11.7900     1.7105     0.0426     0.5076 3.6121e+01     0.4458      5.087      7.378    19.8200 0.0000e+00
      5.194      0.026     8.2105     89.859    104.311  93.514549    11.7900     1.6915     0.0426     0.5076 3.5855e+01     0.5213      5.093      7.387    19.8200 0.0000e+00
      5.200      0.026     8.2116     89.788    104.317  93.519871    11.7900     1.6877     0.0426     0.5076 3.5972e+01     0.4458      5.099      7.396    19.8200 0.0000e+00
      5.206      0.027     8.2092     89.735    104.328  93.529676    11.7900     1.6495     0.0426     0.5076 3.5925e+01     0.5213      5.105      7.404    19.8200 0.0000e+00
      5.212      0.028     8.2039     89.705    104.329  93.530599    11.7000     1.6304     0.0852     0.4653 3.6105e+01     0.5062      5.112      7.414    19.8201 0.0000e+00
      5.220      0.030     8.1971     89.694    104.316  93.518889    11.7000     1.6419     0.0852     0.4653 3.5739e+01     0.5515      5.119      7.424    19.8201 0.0000e+00
