Data/DataNotYetUploadedToEDI/Raw_CTD/RawDownloads/101524_fcr30_S7809006.cnv
* Sea-Bird SBE19plus  Data File:
* FileName = C:\R\Reservoirs\Data\DataNotYetUploadedToEDI\Raw_CTD\RawDownloads\100724_fcr50_S7809_0006.hex
* Software version 2.8.0.119
* Temperature SN = 7809
* Conductivity SN = 7809
* System UpLoad Time = Oct 24 2024 12:50:57
* <ApplicationData>
* <Seaterm232>
# nquan = 15
# nvalues = 141                         
# units = specified
# name 0 = depFM: Depth [fresh water, m]
# name 1 = dz/dtM: Descent Rate [m/s]
# name 2 = sbeox0Mg/L: Oxygen, SBE 43 [mg/l]
# name 3 = sbeox0PS: Oxygen, SBE 43 [% saturation]
# name 4 = specc: Specific Conductance [uS/cm]
# name 5 = c0uS/cm: Conductivity [uS/cm]
# name 6 = flECO-AFL: Fluorescence, WET Labs ECO-AFL/FL [mg/m^3]
# name 7 = ph: pH
# name 8 = orp: Oxidation Reduction Potential [mV]
# name 9 = par/sat/log: PAR/Logarithmic, Satlantic
# name 10 = turbWETntu0: Turbidity, WET Labs ECO [NTU]
# name 11 = prdM: Pressure, Strain Gauge [db]
# name 12 = prdE: Pressure, Strain Gauge [psi]
# name 13 = tv290C: Temperature [ITS-90, deg C]
# name 14 = flag:  0.000e+00
# span 0 =     -0.679,      0.287       
# span 1 =     -0.001,      0.190       
# span 2 =     5.4296,     9.5637       
# span 3 =     56.082,     98.492       
# span 4 =      2.878,     41.665       
# span 5 =   2.281540,  34.660129       
# span 6 =    -0.1031,     3.8217       
# span 7 =      8.460,      8.710       
# span 8 =   149.2306,   318.4553       
# span 9 = 5.3575e+01, 2.7648e+02       
# span 10 =     0.7081,     6.9796      
# span 11 =     -0.666,      0.304      
# span 12 =     -0.966,      0.441      
# span 13 =    14.6247,    17.0986      
# span 14 = 0.0000e+00, 0.0000e+00      
# interval = seconds: 0.25
# start_time = Oct 15 2024 12:41:24 [Instrument's time stamp, header]
# bad_flag = -9.990e-29
*END*
     -0.679      0.000     9.4309     92.882      4.813   3.815837    -0.0778      8.704   149.2306 2.7616e+02     5.9611     -0.665     -0.965    14.6446 0.0000e+00
     -0.679      0.000     9.4358     92.957      5.579   4.423610    -0.0923      8.692   187.3912 2.7327e+02     5.9099     -0.666     -0.966    14.6421 0.0000e+00
     -0.679      0.001     9.4367     93.013      5.456   4.325836    -0.0923      8.686   217.8104 2.6536e+02     5.8172     -0.666     -0.966    14.6400 0.0000e+00
     -0.679      0.001     9.4408     92.912      5.000   3.964066    -0.0861      8.691   225.0958 2.4901e+02     4.7377     -0.665     -0.965    14.6393 0.0000e+00
     -0.679      0.001     9.4350     92.759      4.697   3.723871    -0.0841      8.698   223.0806 2.1918e+02     2.8320     -0.666     -0.966    14.6392 0.0000e+00
     -0.678      0.002     9.4443     92.658      4.589   3.638927    -0.0767      8.702   227.0859 1.8202e+02     1.8701     -0.665     -0.965    14.6395 0.0000e+00
     -0.677      0.002     9.4649     92.649      4.583   3.633857    -0.0628      8.702   238.4198 1.5675e+02     1.7847     -0.664     -0.963    14.6398 0.0000e+00
     -0.676      0.001     9.4404     92.690      4.460   3.535877    -0.0662      8.696   270.2920 1.5208e+02     1.5259     -0.663     -0.962    14.6396 0.0000e+00
     -0.676      0.001     9.4260     92.699      4.134   3.277794    -0.0761      8.688   310.8834 1.5634e+02     1.1673     -0.663     -0.962    14.6392 0.0000e+00
     -0.676      0.001     9.4123     92.704      3.844   3.047364    -0.0666      8.690   318.4553 1.5776e+02     1.0350     -0.663     -0.962    14.6390 0.0000e+00
     -0.676      0.000     9.4125     92.742      3.742   2.966967    -0.0671      8.701   301.1854 1.5612e+02     1.0191     -0.663     -0.962    14.6386 0.0000e+00
     -0.676 1.5255e-08     9.4241     92.787      3.707   2.939201    -0.0901      8.708   285.0795 1.5505e+02     0.9066     -0.663     -0.962    14.6381 0.0000e+00
     -0.676 1.6781e-07     9.4199     92.802      3.580   2.838337    -0.1031      8.710   270.6754 1.5690e+02     0.7678     -0.662     -0.961    14.6374 0.0000e+00
     -0.676 -2.047e-07     9.4205     92.814      3.403   2.697637    -0.0918      8.710   260.4743 1.6150e+02     0.7410     -0.663     -0.962    14.6370 0.0000e+00
     -0.676      0.000     9.4243     92.829      3.320   2.631634    -0.0696      8.708   255.6078 1.6593e+02     0.7884     -0.664     -0.963    14.6366 0.0000e+00
     -0.676      0.000     9.4332     92.833      3.293   2.610427    -0.0686      8.706   252.0147 1.7060e+02     0.7603     -0.663     -0.962    14.6361 0.0000e+00
     -0.677     -0.001     9.4310     92.835      3.239   2.567919    -0.0794      8.706   246.5418 1.7864e+02     0.7081     -0.663     -0.962    14.6354 0.0000e+00
     -0.677     -0.001     9.4330     92.843      3.151   2.497749    -0.0664      8.707   238.5639 1.8899e+02     0.7721     -0.663     -0.962    14.6351 0.0000e+00
     -0.677     -0.001     9.4360     92.843      3.022   2.395477    -0.0535      8.708   228.7736 1.9896e+02     0.9539     -0.664     -0.963    14.6340 0.0000e+00
     -0.677     -0.001     9.4353     92.878      2.878   2.281540    -0.0070      8.709   219.1986 2.0831e+02     2.4282     -0.664     -0.963    14.6343 0.0000e+00
     -0.678      0.001     9.4353     92.994      3.008   2.387060     0.6968      8.709   210.3806 2.1689e+02     5.2063     -0.665     -0.964    14.6325 0.0000e+00
     -0.678      0.006     9.4372     93.095      4.759   3.797996     2.0138      8.701   205.0121 2.2367e+02     6.7382     -0.665     -0.964    14.6339 0.0000e+00
     -0.678      0.017     9.4373     93.129     11.266   9.078147     2.7241      8.686   204.9658 2.2919e+02     6.8423     -0.664     -0.964    14.6300 0.0000e+00
     -0.678      0.034     9.4337     93.125     24.104  19.590527     2.7850      8.680   206.7237 2.3458e+02     6.8068     -0.664     -0.964    14.6345 0.0000e+00
     -0.673      0.055     9.4557     93.096     36.566  29.920167     3.0244      8.683   210.0917 2.4067e+02     6.8217     -0.665     -0.964    14.6247 0.0000e+00
     -0.658      0.078     9.4603     93.079     41.434  34.103162     3.4965      8.685   213.8532 2.4731e+02     6.9193     -0.650     -0.944    14.6608 0.0000e+00
     -0.631      0.100     9.3957     93.078     41.665  34.460542     3.7657      8.681   215.3783 2.5307e+02     6.9619     -0.619     -0.899    14.9730 0.0000e+00
     -0.596      0.120     9.2995     93.124     41.566  34.495207     3.7738      8.673   216.0561 2.5769e+02     6.8926     -0.586     -0.849    15.4633 0.0000e+00
     -0.558      0.139     9.2101     93.278     41.496  34.522429     3.7606      8.668   216.7998 2.6209e+02     6.8681     -0.547     -0.793    15.8772 0.0000e+00
     -0.520      0.156     9.1517     93.454     41.429  34.535999     3.7642      8.664   217.4872 2.6677e+02     6.9041     -0.509     -0.738    16.1760 0.0000e+00
     -0.485      0.171     9.1140     93.586     41.353  34.532469     3.7595      8.653   218.1728 2.7125e+02     6.9189     -0.476     -0.692    16.3737 0.0000e+00
     -0.445      0.184     9.0867     93.748     41.232  34.479816     3.7621      8.638   218.7225 2.7478e+02     6.9102     -0.441     -0.640    16.5024 0.0000e+00
     -0.394      0.190     9.0896     93.983     41.105  34.407015     3.7035      8.627   219.0574 2.7648e+02     6.8327     -0.390     -0.567    16.6000 0.0000e+00
     -0.334      0.189     9.0960     94.287     41.085  34.413628     3.5670      8.618   219.3828 2.7358e+02     6.8013     -0.329     -0.477    16.6796 0.0000e+00
     -0.274      0.180     9.0881     94.632     41.081  34.432909     3.4940      8.612   219.8170 2.6455e+02     6.8725     -0.266     -0.385    16.7519 0.0000e+00
     -0.222      0.164     9.0919     94.998     40.999  34.386384     3.4947      8.608   220.3495 2.5487e+02     6.9075     -0.210     -0.305    16.8168 0.0000e+00
     -0.187      0.141     9.1076     95.391     40.942  34.358685     3.5002      8.603   220.7451 2.4789e+02     6.8827     -0.178     -0.258    16.8534 0.0000e+00
     -0.165      0.117     9.1337     95.765     40.916  34.351819     3.5110      8.599   220.9007 2.2522e+02     6.8459     -0.165     -0.239    16.8752 0.0000e+00
     -0.141      0.097     9.1636     96.088     40.850  34.303390     3.5335      8.596   221.0261 1.8741e+02     6.8391     -0.138     -0.201    16.9049 0.0000e+00
     -0.117      0.082     9.1908     96.368     40.823  34.280707     3.5562      8.593   221.1436 1.6785e+02     6.8691     -0.111     -0.162    16.9324 0.0000e+00
     -0.099      0.071     9.2277     96.613     40.882  34.331347     3.5520      8.591   221.2883 1.6135e+02     6.8661     -0.099     -0.143    16.9576 0.0000e+00
     -0.080      0.060     9.2609     96.827     40.966  34.408101     3.5250      8.587   221.5704 1.5079e+02     6.8033     -0.079     -0.113    16.9790 0.0000e+00
     -0.063      0.047     9.2891     96.965     41.005  34.447387     3.5124      8.582   221.9734 1.4435e+02     6.7584     -0.057     -0.083    16.9861 0.0000e+00
     -0.053      0.032     9.3182     97.015     40.979  34.425690     3.5241      8.578   222.2896 1.4134e+02     6.8018     -0.050     -0.072    16.9817 0.0000e+00
     -0.048      0.020     9.3397     97.016     40.953  34.399544     3.5424      8.575   222.3819 1.3968e+02     6.9187     -0.046     -0.067    16.9813 0.0000e+00
     -0.046      0.013     9.3618     96.964     40.935  34.385037     3.5418      8.572   222.4012 1.4276e+02     6.9414     -0.044     -0.064    16.9914 0.0000e+00
     -0.049      0.013     9.3739     96.859     40.925  34.377186     3.5257      8.567   222.5226 1.4776e+02     6.8369     -0.047     -0.067    17.0029 0.0000e+00
     -0.053      0.022     9.3747     96.735     40.995  34.431505     3.5219      8.562   222.7319 1.4869e+02     6.7825     -0.054     -0.078    17.0027 0.0000e+00
     -0.051      0.034     9.3802     96.641     41.119  34.534223     3.5291      8.558   222.9526 1.4205e+02     6.8310     -0.055     -0.080    16.9894 0.0000e+00
     -0.039      0.049     9.3725     96.637     41.198  34.603994     3.5372      8.554   223.7287 1.3316e+02     6.9110     -0.040     -0.059    16.9948 0.0000e+00
     -0.019      0.061     9.3617     97.002     41.234  34.640644     3.5370      8.551   230.1365 1.2661e+02     6.9296     -0.018     -0.026    17.0009 0.0000e+00
      0.004      0.069     9.3481     97.872     41.244  34.660129     3.5267      8.548   241.2344 1.1824e+02     6.8848      0.004      0.005    16.9872 0.0000e+00
      0.026      0.071     9.3415     98.492     41.214  34.649263     3.5216      8.547   244.5977 1.0966e+02     6.8471      0.028      0.040    16.9870 0.0000e+00
      0.046      0.066     9.3306     97.818     41.178  34.636165     3.5421      8.547   241.4628 1.0469e+02     6.8500      0.048      0.069    16.9918 0.0000e+00
      0.062      0.056     9.3437     95.512     41.151  34.628679     3.5829      8.546   238.2622 1.0105e+02     6.8858      0.060      0.087    16.9991 0.0000e+00
      0.076      0.045     9.4619     91.934     41.131  34.622223     3.5984      8.545   232.5712 9.7577e+01     6.9044      0.075      0.110    17.0135 0.0000e+00
      0.086      0.034     9.5637     87.626     41.123  34.621563     3.5884      8.542   229.8705 9.4996e+01     6.8696      0.087      0.126    17.0294 0.0000e+00
      0.092      0.024     9.5035     83.047     41.118  34.620709     3.5783      8.539   231.2473 9.3413e+01     6.8746      0.092      0.132    17.0531 0.0000e+00
      0.095      0.015     9.2582     78.532     41.106  34.611895     3.5678      8.537   233.4732 9.3155e+01     6.9306      0.094      0.136    17.0741 0.0000e+00
      0.097      0.009     8.8918     74.498     41.066  34.578441     3.5613      8.537   238.0281 9.3353e+01     6.9329      0.095      0.138    17.0861 0.0000e+00
      0.098      0.005     8.4594     71.494     41.013  34.533452     3.5497      8.536   237.9661 9.3347e+01     6.9021      0.096      0.139    17.0924 0.0000e+00
      0.098      0.002     8.0069     69.679     40.991  34.512069     3.5350      8.534   233.4107 9.3592e+01     6.8998      0.096      0.139    17.0955 0.0000e+00
      0.098      0.001     7.5625     68.721     40.993  34.510239     3.5665      8.533   233.8846 9.3680e+01     6.9394      0.096      0.140    17.0967 0.0000e+00
      0.098      0.000     7.1445     68.234     40.994  34.511322     3.6402      8.533   235.6085 9.3493e+01     6.9367      0.095      0.139    17.0975 0.0000e+00
      0.098 -2.955e-07     6.8503     68.024     41.008  34.525159     3.6764      8.531   232.6576 9.3404e+01     6.9013      0.096      0.139    17.0984 0.0000e+00
      0.098      0.000     6.6921     67.974     41.036  34.550650     3.6634      8.529   229.5241 9.3666e+01     6.8870      0.097      0.140    17.0937 0.0000e+00
      0.098      0.000     6.6159     68.005     41.052  34.565755     3.6490      8.527   228.6961 9.4024e+01     6.8665      0.096      0.139    17.0869 0.0000e+00
      0.098      0.000     6.5727     68.084     41.069  34.580898     3.6528      8.526   228.1540 9.4037e+01     6.8919      0.096      0.139    17.0875 0.0000e+00
      0.098      0.000     6.5554     68.115     41.100  34.606849     3.6674      8.523   227.6148 9.4242e+01     6.9215      0.097      0.140    17.0919 0.0000e+00
      0.097      0.004     6.5551     68.052     41.126  34.625736     3.6761      8.521   227.2531 9.4924e+01     6.9169      0.096      0.140    17.0947 0.0000e+00
      0.097      0.010     6.5546     67.945     41.125  34.618921     3.6420      8.519   226.9639 9.5143e+01     6.9047      0.094      0.137    17.0963 0.0000e+00
      0.097      0.017     6.5690     67.858     41.097  34.587891     3.5704      8.517   226.7846 9.3936e+01     6.8772      0.093      0.135    17.0981 0.0000e+00
      0.102      0.023     6.5729     67.829     41.081  34.567781     3.5339      8.517   226.6347 9.1011e+01     6.8905      0.098      0.142    17.0986 0.0000e+00
      0.112      0.028     6.5643     67.869     41.083  34.566099     3.5424      8.515   226.6140 8.6986e+01     6.9292      0.110      0.158    17.0946 0.0000e+00
      0.125      0.030     6.5539     68.015     41.085  34.567545     3.5315      8.513   226.7062 8.3214e+01     6.9013      0.123      0.178    17.0862 0.0000e+00
      0.135      0.029     6.5441     68.281     41.106  34.585262     3.4865      8.511   226.7173 8.0504e+01     6.8259      0.134      0.195    17.0759 0.0000e+00
      0.142      0.026     6.5445     68.644     41.111  34.589979     3.4560      8.509   226.6622 7.8659e+01     6.8033      0.139      0.202    17.0672 0.0000e+00
      0.146      0.021     6.5456     69.039     41.079  34.561131     3.4702      8.508   226.6422 7.7568e+01     6.8674      0.143      0.207    17.0636 0.0000e+00
      0.148      0.016     6.5595     69.341     41.072  34.553692     3.5164      8.508   226.6474 7.7217e+01     6.9174      0.145      0.210    17.0644 0.0000e+00
      0.152      0.012     6.5864     69.493     41.085  34.563478     3.5569      8.507   226.7259 7.7445e+01     6.8620      0.148      0.215    17.0655 0.0000e+00
      0.156      0.009     6.6218     69.524     41.072  34.552567     3.5769      8.505   226.9026 7.8253e+01     6.8461      0.153      0.224    17.0654 0.0000e+00
      0.158      0.008     6.6671     69.442     41.067  34.548663     3.5914      8.502   226.9763 7.9243e+01     6.9309      0.155      0.226    17.0638 0.0000e+00
      0.158      0.006     6.6986     69.318     41.103  34.579714     3.6245      8.501   226.8431 7.9764e+01     6.9645      0.155      0.225    17.0604 0.0000e+00
      0.159      0.005     6.7104     69.293     41.139  34.610765     3.6698      8.501   226.7549 7.9715e+01     6.9108      0.156      0.226    17.0582 0.0000e+00
      0.160      0.004     6.7144     69.273     41.133  34.606869     3.6894      8.501   226.8566 7.9243e+01     6.8278      0.157      0.228    17.0587 0.0000e+00
      0.161      0.004     6.7062     69.118     41.119  34.596062     3.7034      8.500   226.9542 7.8471e+01     6.8147      0.158      0.230    17.0598 0.0000e+00
      0.163      0.005     6.6827     68.913     41.132  34.606983     3.7214      8.498   226.9026 7.7531e+01     6.8895      0.159      0.231    17.0607 0.0000e+00
      0.164      0.005     6.6865     68.695     41.137  34.612023     3.7077      8.497   226.9201 7.6561e+01     6.9463      0.160      0.232    17.0618 0.0000e+00
      0.165      0.004     6.6953     68.449     41.113  34.593557     3.6714      8.495   227.0802 7.5820e+01     6.9208      0.162      0.235    17.0630 0.0000e+00
      0.167      0.004     6.6689     68.221     41.089  34.574050     3.6403      8.494   227.1173 7.5604e+01     6.8551      0.164      0.238    17.0640 0.0000e+00
      0.168      0.003     6.6510     68.075     41.081  34.566510     3.6317      8.492   227.1106 7.5930e+01     6.8686      0.165      0.239    17.0647 0.0000e+00
      0.168      0.002     6.6316     68.090     41.081  34.565835     3.6505      8.492   227.1716 7.6512e+01     6.9473      0.164      0.238    17.0655 0.0000e+00
      0.168      0.002     6.6040     68.276     41.081  34.565886     3.6680      8.492   227.1663 7.7189e+01     6.9538      0.164      0.238    17.0669 0.0000e+00
      0.168      0.002     6.5817     68.547     41.083  34.567127     3.6685      8.491   227.2190 7.7747e+01     6.8787      0.165      0.239    17.0677 0.0000e+00
      0.168      0.003     6.5629     68.811     41.098  34.580843     3.6647      8.490   227.3790 7.7885e+01     6.7901      0.165      0.239    17.0675 0.0000e+00
      0.169      0.004     6.5642     69.013     41.127  34.604837     3.7049      8.489   227.4658 7.7556e+01     6.7708      0.166      0.240    17.0664 0.0000e+00
