Data/DataNotYetUploadedToEDI/Raw_CTD/RawDownloads/101524_fcr50_S7809002.cnv
* Sea-Bird SBE19plus  Data File:
* FileName = C:\R\Reservoirs\Data\DataNotYetUploadedToEDI\Raw_CTD\RawDownloads\100724_fcr50_S7809_0002.hex
* Software version 2.8.0.119
* Temperature SN = 7809
* Conductivity SN = 7809
* System UpLoad Time = Oct 24 2024 12:50:32
* <ApplicationData>
* <Seaterm232>
# nquan = 15
# nvalues = 253                         
# units = specified
# name 0 = depFM: Depth [fresh water, m]
# name 1 = dz/dtM: Descent Rate [m/s]
# name 2 = sbeox0Mg/L: Oxygen, SBE 43 [mg/l]
# name 3 = sbeox0PS: Oxygen, SBE 43 [% saturation]
# name 4 = specc: Specific Conductance [uS/cm]
# name 5 = c0uS/cm: Conductivity [uS/cm]
# name 6 = flECO-AFL: Fluorescence, WET Labs ECO-AFL/FL [mg/m^3]
# name 7 = ph: pH
# name 8 = orp: Oxidation Reduction Potential [mV]
# name 9 = par/sat/log: PAR/Logarithmic, Satlantic
# name 10 = turbWETntu0: Turbidity, WET Labs ECO [NTU]
# name 11 = prdM: Pressure, Strain Gauge [db]
# name 12 = prdE: Pressure, Strain Gauge [psi]
# name 13 = tv290C: Temperature [ITS-90, deg C]
# name 14 = flag:  0.000e+00
# span 0 =     -0.680,      0.055       
# span 1 =     -0.002,      4.442       
# span 2 =     5.0143,     8.0060       
# span 3 =     51.884,     82.699       
# span 4 =      3.088,     46.895       
# span 5 =   2.475738,  38.718245       
# span 6 =    -0.1533,     4.2955       
# span 7 =      8.017,      8.100       
# span 8 =   224.0327,   304.8257       
# span 9 = 4.9310e+01, 1.3353e+02       
# span 10 =     0.7283,    41.7296      
# span 11 =     -0.667,      0.055      
# span 12 =     -0.968,      0.079      
# span 13 =    15.0704,    17.1951      
# span 14 = 0.0000e+00, 0.0000e+00      
# interval = seconds: 0.25
# start_time = Oct 15 2024 11:09:52 [Instrument's time stamp, header]
# bad_flag = -9.990e-29
*END*
[from data line 97]
      0.050      0.002     6.8567     68.255     42.348  35.637373     3.8334      8.029   244.5677 7.0810e+01     5.5015      0.049      0.072    17.0692 0.0000e+00
      0.050      0.001     6.7986     67.422     42.277  35.579154     3.8144      8.030   244.9720 7.0710e+01     5.4399      0.050      0.072    17.0706 0.0000e+00
      0.050      0.000     6.7425     66.611     42.222  35.533674     3.8276      8.030   245.5500 7.0633e+01     5.4363      0.049      0.071    17.0709 0.0000e+00
      0.050 1.9503e-08     6.6643     65.927     42.220  35.531629     3.8685      8.029   245.5338 7.0330e+01     5.4920      0.049      0.072    17.0712 0.0000e+00
      0.051 2.1454e-07     6.5871     65.422     42.249  35.554429     3.8915      8.028   244.8614 6.9820e+01     5.4985      0.050      0.072    17.0726 0.0000e+00
      0.051 2.1454e-07     6.5059     65.112     42.254  35.555549     3.8890      8.029   244.3891 6.9579e+01     5.4465      0.050      0.073    17.0750 0.0000e+00
      0.051 1.9504e-08     6.4208     65.014     42.245  35.545156     3.8807      8.029   244.3839 6.9588e+01     5.4099      0.050      0.072    17.0761 0.0000e+00
      0.051 1.7730e-09     6.3555     65.153     42.261  35.555661     3.8996      8.030   244.4547 6.9484e+01     5.4319      0.050      0.072    17.0759 0.0000e+00
      0.051 1.6118e-10     6.3052     65.527     42.263  35.555661     3.9426      8.030   244.4702 6.9376e+01     5.4734      0.050      0.072    17.0738 0.0000e+00
      0.050 1.4653e-11     6.2767     66.090     42.252  35.545166     3.9672      8.030   244.9159 6.9445e+01     5.5016      0.049      0.072    17.0698 0.0000e+00
      0.050 1.3321e-12     6.2657     66.738     42.265  35.555663     3.9644      8.030   245.5414 6.9465e+01     5.4996      0.049      0.072    17.0658 0.0000e+00
      0.051 1.2110e-13     6.2799     67.353     42.266  35.555673     3.9588      8.030   245.5802 6.9486e+01     5.4495      0.050      0.072    17.0627 0.0000e+00
      0.051 1.1009e-14     6.3175     67.859     42.254  35.545291     3.9825      8.030   245.2993 6.9636e+01     5.4423      0.050      0.073    17.0602 0.0000e+00
      0.051 1.0008e-15     6.3754     68.199     42.269  35.557037     4.0101      8.031   245.0708 6.9799e+01     5.4808      0.050      0.073    17.0588 0.0000e+00
      0.051 9.0985e-17     6.4438     68.339     42.286  35.570790     4.0008      8.031   245.0536 6.9846e+01     5.4366      0.050      0.072    17.0583 0.0000e+00
      0.051 8.2715e-18     6.5040     68.280     42.303  35.584676     4.0035      8.031   245.6078 6.9783e+01     5.3526      0.050      0.073    17.0576 0.0000e+00
      0.051 7.5195e-19     6.5560     68.053     42.319  35.598034     4.0507      8.031   246.5228 6.9943e+01     5.3531      0.050      0.072    17.0567 0.0000e+00
      0.051 6.8360e-20     6.5896     67.716     42.329  35.605394     4.0893      8.032   246.9110 7.0187e+01     5.4084      0.050      0.072    17.0563 0.0000e+00
      0.051 6.2145e-21     6.6031     67.315     42.336  35.610219     4.1120      8.033   246.7736 7.0144e+01     5.4739      0.050      0.073    17.0558 0.0000e+00
      0.051 5.6495e-22     6.5970     66.877     42.316  35.592916     4.1087      8.033   246.4965 7.0042e+01     5.4960      0.050      0.073    17.0554 0.0000e+00
      0.051 5.1360e-23     6.5721     66.449     42.309  35.586533     4.0665      8.032   246.4004 6.9999e+01     5.4369      0.050      0.072    17.0549 0.0000e+00
      0.051 4.6690e-24     6.5382     66.070     42.321  35.596502     4.0423      8.032   246.9019 6.9928e+01     5.3737      0.050      0.073    17.0540 0.0000e+00
      0.051 4.2445e-25     6.4995     65.729     42.310  35.586541     4.0496      8.033   247.3978 6.9842e+01     5.3815      0.051      0.074    17.0530 0.0000e+00
      0.051 3.8586e-26     6.4555     65.431     42.318  35.592995     4.0382      8.033   247.4055 6.9752e+01     5.4288      0.050      0.073    17.0519 0.0000e+00
      0.051 3.5078e-27     6.4120     65.210     42.340  35.611093     3.9795      8.034   247.1675 6.9693e+01     5.4329      0.051      0.074    17.0510 0.0000e+00
      0.051 3.1890e-28     6.3772     65.044     42.345  35.615007     3.9220      8.035   246.9292 6.9617e+01     5.4310      0.050      0.073    17.0508 0.0000e+00
      0.051 2.8990e-29     6.3443     64.895     42.375  35.640325     3.9092      8.035   246.8470 6.9555e+01     5.4400      0.050      0.073    17.0507 0.0000e+00
      0.052 2.6355e-30     6.3128     64.773     42.402  35.663412     3.9158      8.034   246.8619 6.9530e+01     5.4399      0.051      0.074    17.0503 0.0000e+00
      0.052 2.3959e-31     6.2929     64.666     42.374  35.640351     3.9104      8.034   246.8515 6.9444e+01     5.4296      0.051      0.074    17.0499 0.0000e+00
      0.051 2.1781e-32     6.2797     64.585     42.343  35.615294     3.8850      8.035   246.8935 6.9309e+01     5.3830      0.050      0.073    17.0494 0.0000e+00
      0.051 1.9801e-33     6.2630     64.568     42.342  35.614239     3.8595      8.035   247.0256 6.9121e+01     5.3886      0.050      0.073    17.0490 0.0000e+00
      0.052 1.8001e-34     6.2527     64.549     42.360  35.627603     3.8597      8.036   247.0731 6.8851e+01     5.4646      0.051      0.074    17.0496 0.0000e+00
      0.052 1.6364e-35     6.2428     64.456     42.390  35.649976     3.8627      8.037   246.7781 6.8624e+01     5.5159      0.051      0.074    17.0505 0.0000e+00
      0.052 1.4877e-36     6.2303     64.319     42.371  35.630940     3.8448      8.037   246.2988 6.8446e+01     5.4959      0.051      0.074    17.0515 0.0000e+00
      0.051 1.3524e-37     6.2328     64.148     42.324  35.587793     3.8271      8.038   246.1825 6.8253e+01     5.4282      0.050      0.073    17.0519 0.0000e+00
      0.051 1.2295e-38     6.2354     63.904     42.309  35.572438     3.8155      8.038   246.4041 6.8110e+01     5.4137      0.050      0.073    17.0500 0.0000e+00
      0.052 1.1177e-39     6.2238     63.599     42.311  35.572176     3.8380      8.037   246.5691 6.8094e+01     5.5264      0.051      0.074    17.0462 0.0000e+00
      0.052 1.0161e-40     6.2104     63.251     42.328  35.584623     3.9075      8.037   246.5425 6.8159e+01     5.6977      0.051      0.074    17.0418 0.0000e+00
      0.052 9.2375e-42     6.1977     62.851     42.343  35.596034     3.9562      8.038   246.4261 6.8195e+01     5.7422      0.051      0.074    17.0376 0.0000e+00
      0.052 8.3975e-43     6.1730     62.446     42.331  35.583239     3.9527      8.039   246.3669 6.8257e+01     5.6895      0.051      0.074    17.0349 0.0000e+00
      0.052 7.6340e-44     6.1419     62.076     42.304  35.556821     3.9393      8.039   246.3431 6.8337e+01     5.7089      0.051      0.074    17.0332 0.0000e+00
      0.052 6.9400e-45     6.1116     61.701     42.276  35.530411     3.9446      8.040   246.3106 6.8389e+01     5.7718      0.051      0.074    17.0311 0.0000e+00
      0.052 6.3090e-46     6.0700     61.317     42.266  35.517712     3.9413      8.041   246.3174 6.8485e+01     5.7677      0.051      0.074    17.0289 0.0000e+00
      0.052 5.7355e-47     6.0286     60.954     42.285  35.530164     3.9337      8.042   246.4252 6.8617e+01     5.6928      0.051      0.074    17.0257 0.0000e+00
      0.052 5.2182e-48     5.9968     60.589     42.318  35.554067     3.9362      8.041   246.5820 6.8735e+01     5.5841      0.051      0.074    17.0217 0.0000e+00
      0.052 5.1980e-49     5.9617     60.223     42.321  35.552922     3.9290      8.041   246.6640 6.8756e+01     5.4772      0.051      0.074    17.0174 0.0000e+00
      0.052 5.4671e-49     5.9214     59.870     42.281  35.516319     3.9305      8.042   246.6435 6.8669e+01     5.4596      0.051      0.075    17.0129 0.0000e+00
      0.052 5.5437e-48     5.8904     59.502     42.256  35.492196     3.9367      8.043   246.5910 6.8700e+01     5.4744      0.051      0.074    17.0085 0.0000e+00
      0.052 6.0938e-47     5.8551     59.127     42.287  35.515050     3.9287      8.043   246.6320 6.8825e+01     5.4852      0.051      0.074    17.0042 0.0000e+00
      0.052 6.7031e-46     5.8180     58.759     42.319  35.538841     3.9176      8.043   246.7093 6.8893e+01     5.5552      0.051      0.074    16.9999 0.0000e+00
      0.052 7.3734e-45     5.7879     58.409     42.308  35.526047     3.9200      8.043   246.7516 6.9013e+01     5.6376      0.051      0.074    16.9961 0.0000e+00
      0.052 8.1108e-44     5.7506     58.076     42.265  35.487251     3.9401      8.043   246.7993 6.9190e+01     5.6960      0.051      0.074    16.9924 0.0000e+00
      0.052 8.9218e-43     5.7154     57.774     42.225  35.450459     3.9528      8.044   246.7694 6.9197e+01     5.6809      0.051      0.074    16.9886 0.0000e+00
      0.052 9.8140e-42     5.6789     57.504     42.242  35.461893     3.9316      8.046   246.7343 6.9126e+01     5.6261      0.051      0.074    16.9850 0.0000e+00
      0.053 1.0795e-40     5.6463     57.217     42.290  35.498591     3.8919      8.047   246.7188 6.9254e+01     5.6140      0.052      0.075    16.9813 0.0000e+00
      0.053 1.1875e-39     5.6141     56.920     42.312  35.513463     3.8726      8.047   246.6673 6.9345e+01     5.6720      0.052      0.075    16.9777 0.0000e+00
      0.052 1.3062e-38     5.5837     56.666     42.318  35.514816     3.8726      8.048   246.7140 6.9335e+01     5.7801      0.051      0.074    16.9741 0.0000e+00
      0.052 1.4369e-37     5.5620     56.431     42.322  35.514949     3.8754      8.048   246.7680 6.9409e+01     5.7260      0.051      0.074    16.9703 0.0000e+00
      0.052 1.5806e-36     5.5343     56.177     42.327  35.515065     3.8726      8.047   246.7183 6.9418e+01     5.4952      0.051      0.074    16.9664 0.0000e+00
      0.052 1.7386e-35     5.5019     55.918     42.332  35.516210     3.8730      8.047   246.7148 6.9344e+01     5.3807      0.051      0.074    16.9623 0.0000e+00
      0.052 1.9125e-34     5.4800     55.656     42.351  35.528795     3.8881      8.047   246.8115 6.9301e+01     5.4346      0.052      0.075    16.9581 0.0000e+00
      0.052 2.1037e-33     5.4602     55.396     42.368  35.540323     3.8975      8.048   246.8556 6.9305e+01     5.4982      0.051      0.074    16.9541 0.0000e+00
      0.052 2.3141e-32     5.4336     55.159     42.358  35.528682     3.8861      8.049   246.8169 6.9323e+01     5.4663      0.051      0.074    16.9502 0.0000e+00
      0.052 2.5455e-31     5.4101     54.929     42.345  35.514943     3.8672      8.050   246.8603 6.9285e+01     5.3902      0.051      0.074    16.9461 0.0000e+00
      0.053 2.8001e-30     5.3852     54.689     42.332  35.501100     3.8685      8.050   246.9498 6.9252e+01     5.3979      0.052      0.075    16.9423 0.0000e+00
      0.053 3.0801e-29     5.3584     54.445     42.321  35.488212     3.9024      8.049   247.0390 6.9265e+01     5.4570      0.052      0.075    16.9383 0.0000e+00
      0.053 3.3881e-28     5.3376     54.215     42.321  35.486011     3.9442      8.049   247.1649 6.9269e+01     5.4903      0.052      0.075    16.9344 0.0000e+00
      0.053 3.7269e-27     5.3162     54.007     42.311  35.474475     3.9581      8.050   247.1814 6.9266e+01     5.4583      0.052      0.075    16.9311 0.0000e+00
      0.053 4.0996e-26     5.2933     53.812     42.316  35.475628     3.9456      8.052   247.1523 6.9268e+01     5.3773      0.051      0.074    16.9275 0.0000e+00
      0.053 4.5095e-25     5.2694     53.629     42.348  35.499958     3.9419      8.053   247.2432 6.9262e+01     5.3658      0.052      0.075    16.9240 0.0000e+00
      0.053 4.9605e-24     5.2465     53.444     42.369  35.514841     3.9558      8.053   247.3342 6.9223e+01     5.4216      0.052      0.075    16.9207 0.0000e+00
      0.053 5.4565e-23     5.2280     53.258     42.389  35.528676     3.9641      8.054   247.3060 6.8998e+01     5.4712      0.051      0.074    16.9172 0.0000e+00
      0.053 6.0022e-22     5.2086     53.084     42.405  35.540326     3.9501      8.054   247.1603 6.8722e+01     5.4875      0.052      0.075    16.9138 0.0000e+00
      0.053 6.6024e-21     5.1928     52.922     42.394  35.528801     3.9281      8.054   247.0357 6.8833e+01     5.4139      0.052      0.075    16.9106 0.0000e+00
      0.053 7.2626e-20     5.1747     52.762     42.382  35.516217     3.9477      8.054   247.0902 6.9091e+01     5.3662      0.052      0.075    16.9074 0.0000e+00
      0.053 7.9889e-19     5.1560     52.592     42.384  35.515075     3.9961      8.055   247.2160 6.9155e+01     5.4233      0.052      0.075    16.9045 0.0000e+00
      0.053 8.7878e-18     5.1404     52.425     42.387  35.514992     4.0057      8.055   247.2664 6.9206e+01     5.4559      0.052      0.075    16.9014 0.0000e+00
      0.053 9.6665e-17     5.1243     52.270     42.390  35.515211     3.9891      8.055   247.2695 6.9159e+01     5.4187      0.052      0.075    16.8982 0.0000e+00
      0.053 1.0633e-15     5.1113     52.120     42.396  35.517716     3.9951      8.055   247.2526 6.8995e+01     5.3835      0.052      0.075    16.8952 0.0000e+00
      0.053 1.1697e-14     5.0932     51.976     42.431  35.545283     4.0279      8.057   247.2346 6.8959e+01     5.4058      0.052      0.075    16.8924 0.0000e+00
      0.053 1.2866e-13     5.0773     51.884     42.409  35.531273     4.0604      8.057   247.2240 6.8959e+01     5.4485      0.051      0.074    16.8894 0.0000e+00
      0.053 1.4153e-12     5.0632     52.171     42.234  35.411759     4.0636      8.056   247.2105 6.8937e+01     5.4566      0.052      0.075    16.8870 0.0000e+00
      0.053 1.5568e-11     5.0484     53.603     42.041  35.305828     4.0336      8.056   247.3295 6.8933e+01     5.4010      0.052      0.075    16.8836 0.0000e+00
      0.053 1.7125e-10     5.0355     56.799     41.923  35.265739     4.0057      8.056   247.5440 6.8875e+01     5.3565      0.052      0.076    16.8817 0.0000e+00
      0.053 1.8837e-09     5.0195     61.464     41.851  35.244365     4.0090      8.057   247.6535 6.8844e+01     5.3966      0.052      0.076    16.8768 0.0000e+00
      0.053 2.0721e-08     5.0143     66.715     41.820  35.237791     4.0239      8.059   247.7071 6.8864e+01     5.4417      0.052      0.076    16.9019 0.0000e+00
      0.053 2.2793e-07     5.1109     71.780     41.824  35.249726     4.0195      8.059   247.6766 6.8754e+01     5.4244      0.052      0.075    16.9867 0.0000e+00
      0.054      0.000     5.4271     76.169     41.833  35.261779     4.0054      8.059   247.5416 6.8658e+01     5.4265      0.053      0.076    17.0677 0.0000e+00
      0.054      0.000     5.9095     79.591     41.821  35.256633     4.0030      8.059   247.6242 6.8810e+01     5.4665      0.053      0.076    17.1105 0.0000e+00
      0.054      0.000     6.4376     81.814     41.809  35.250959     4.0079      8.060   247.9874 6.8934e+01     5.4650      0.053      0.077    17.1307 0.0000e+00
      0.053      0.003     6.9413     82.699     41.811  35.256632     4.0223      8.060   248.2327 6.8843e+01     5.4424      0.052      0.076    17.1374 0.0000e+00
      0.053      0.037     7.3713     82.472     41.815  35.261786     4.0357      8.060   248.1806 6.8416e+01     5.3969      0.052      0.076    17.1416 0.0000e+00
      0.053      0.404     7.7074     81.652     41.802  35.249823     4.0455      8.060   248.0457 6.8049e+01     5.3938      0.053      0.076    17.1473 0.0000e+00
      0.053      4.442     7.9292     80.656     41.792  35.238893     4.0650      8.060   248.0651 6.8401e+01     5.4726      0.052      0.076    17.1538 0.0000e+00
      0.053      4.442     8.0060     79.708     41.816  35.256517     4.0719      8.060   248.1570 6.8776e+01     5.4618      0.053      0.076    17.1590 0.0000e+00
