Data/DataNotYetUploadedToEDI/Raw_CTD/RawDownloads/101524_fcr20_S7809005.cnv
* Sea-Bird SBE19plus  Data File:
* FileName = C:\R\Reservoirs\Data\DataNotYetUploadedToEDI\Raw_CTD\RawDownloads\100724_fcr50_S7809_0005.hex
* Software version 2.8.0.119
* Temperature SN = 7809
* Conductivity SN = 7809
* System UpLoad Time = Oct 24 2024 12:50:50
* <ApplicationData>
* <Seaterm232>
# nquan = 15
# nvalues = 15                          
# units = specified
# name 0 = depFM: Depth [fresh water, m]
# name 1 = dz/dtM: Descent Rate [m/s]
# name 2 = sbeox0Mg/L: Oxygen, SBE 43 [mg/l]
# name 3 = sbeox0PS: Oxygen, SBE 43 [% saturation]
# name 4 = specc: Specific Conductance [uS/cm]
# name 5 = c0uS/cm: Conductivity [uS/cm]
# name 6 = flECO-AFL: Fluorescence, WET Labs ECO-AFL/FL [mg/m^3]
# name 7 = ph: pH
# name 8 = orp: Oxidation Reduction Potential [mV]
# name 9 = par/sat/log: PAR/Logarithmic, Satlantic
# name 10 = turbWETntu0: Turbidity, WET Labs ECO [NTU]
# name 11 = prdM: Pressure, Strain Gauge [db]
# name 12 = prdE: Pressure, Strain Gauge [psi]
# name 13 = tv290C: Temperature [ITS-90, deg C]
# name 14 = flag:  0.000e+00
# span 0 =     -0.679,     -0.676       
# span 1 =      0.000,      0.002       
# span 2 =     9.4759,     9.5128       
# span 3 =     92.402,     92.555       
# span 4 =      3.443,      4.544       
# span 5 =   2.697802,   3.563362       
# span 6 =    -0.0928,    -0.0645       
# span 7 =      8.349,      8.934       
# span 8 =  -667.1690,   351.4588       
# span 9 = 1.3797e+02, 2.2937e+02       
# span 10 =     0.7147,     3.4239      
# span 11 =     -0.666,     -0.662      
# span 12 =     -0.966,     -0.961      
# span 13 =    14.1731,    14.2296      
# span 14 = 0.0000e+00, 0.0000e+00      
# interval = seconds: 0.25
# start_time = Oct 15 2024 12:32:43 [Instrument's time stamp, header]
# bad_flag = -9.990e-29
*END*
     -0.679      0.001     9.4858     92.555      3.670   2.879753    -0.0689      8.934  -667.1690 2.2937e+02     3.4239     -0.666     -0.965    14.2296 0.0000e+00
     -0.679      0.002     9.5128     92.526      3.898   3.058036    -0.0704      8.696  -474.5735 2.1512e+02     3.2604     -0.666     -0.966    14.2285 0.0000e+00
     -0.678      0.002     9.5102     92.506      3.956   3.103246    -0.0741      8.511  -234.3295 1.8895e+02     2.7437     -0.665     -0.965    14.2270 0.0000e+00
     -0.677      0.002     9.4943     92.465      4.045   3.172982    -0.0645      8.391    38.4366 1.6260e+02     1.8565     -0.664     -0.963    14.2256 0.0000e+00
     -0.676      0.001     9.4914     92.413      4.247   3.331073    -0.0709      8.349   226.7527 1.4888e+02     1.3464     -0.663     -0.962    14.2245 0.0000e+00
     -0.676      0.001     9.4875     92.402      4.455   3.494345    -0.0928      8.377   289.3630 1.4593e+02     1.2554     -0.662     -0.961    14.2231 0.0000e+00
     -0.676      0.000     9.4889     92.450      4.544   3.563362    -0.0887      8.422   294.3599 1.4409e+02     1.2354     -0.663     -0.962    14.2217 0.0000e+00
     -0.677 1.8795e-08     9.4841     92.508      4.344   3.405352    -0.0703      8.444   310.6589 1.4219e+02     1.1038     -0.664     -0.963    14.2202 0.0000e+00
     -0.677 2.0675e-07     9.4768     92.528      3.880   3.040892    -0.0713      8.446   345.0694 1.4276e+02     0.8263     -0.664     -0.963    14.2165 0.0000e+00
     -0.677 2.0830e-07     9.4759     92.527      3.532   2.767562    -0.0748      8.455   351.4588 1.4323e+02     0.7147     -0.663     -0.962    14.2099 0.0000e+00
     -0.677 3.7563e-08     9.4851     92.527      3.443   2.697802    -0.0717      8.465   342.9997 1.4339e+02     0.7450     -0.664     -0.963    14.2010 0.0000e+00
     -0.677 -9.990e-29     9.4966 -9.990e-29 -9.990e-29 -9.990e-29 -9.990e-29 -9.990e-29 -9.990e-29 1.4477e+02 -9.990e-29     -0.664     -0.963    14.1895 0.0000e+00
     -0.677 -9.990e-29     9.4979 -9.990e-29 -9.990e-29 -9.990e-29 -9.990e-29 -9.990e-29 -9.990e-29 1.4329e+02 -9.990e-29     -0.663     -0.962    14.1824 0.0000e+00
     -0.677 -9.990e-29     9.4981 -9.990e-29 -9.990e-29 -9.990e-29 -9.990e-29 -9.990e-29 -9.990e-29 1.3945e+02 -9.990e-29     -0.664     -0.963    14.1775 0.0000e+00
     -0.677 -9.990e-29     9.4997 -9.990e-29 -9.990e-29 -9.990e-29 -9.990e-29 -9.990e-29 -9.990e-29 1.3797e+02 -9.990e-29     -0.664     -0.963    14.1731 0.0000e+00
