Data/DataNotYetUploadedToEDI/Raw_CTD/RawDownloads/101524_fcr50_S7809002.cnv
* Sea-Bird SBE19plus  Data File:
* FileName = C:\R\Reservoirs\Data\DataNotYetUploadedToEDI\Raw_CTD\RawDownloads\100724_fcr50_S7809_0002.hex
* Software version 2.8.0.119
* Temperature SN = 7809
* Conductivity SN = 7809
* System UpLoad Time = Oct 24 2024 12:50:32
* <ApplicationData>
* <Seaterm232>
# nquan = 15
# nvalues = 253                         
# units = specified
# name 0 = depFM: Depth [fresh water, m]
# name 1 = dz/dtM: Descent Rate [m/s]
# name 2 = sbeox0Mg/L: Oxygen, SBE 43 [mg/l]
# name 3 = sbeox0PS: Oxygen, SBE 43 [% saturation]
# name 4 = specc: Specific Conductance [uS/cm]
# name 5 = c0uS/cm: Conductivity [uS/cm]
# name 6 = flECO-AFL: Fluorescence, WET Labs ECO-AFL/FL [mg/m^3]
# name 7 = ph: pH
# name 8 = orp: Oxidation Reduction Potential [mV]
# name 9 = par/sat/log: PAR/Logarithmic, Satlantic
# name 10 = turbWETntu0: Turbidity, WET Labs ECO [NTU]
# name 11 = prdM: Pressure, Strain Gauge [db]
# name 12 = prdE: Pressure, Strain Gauge [psi]
# name 13 = tv290C: Temperature [ITS-90, deg C]
# name 14 = flag:  0.000e+00
# span 0 =     -0.680,      0.055       
# span 1 =     -0.002,      4.442       
# span 2 =     5.0143,     8.0060       
# span 3 =     51.884,     82.699       
# span 4 =      3.088,     46.895       
# span 5 =   2.475738,  38.718245       
# span 6 =    -0.1533,     4.2955       
# span 7 =      8.017,      8.100       
# span 8 =   224.0327,   304.8257       
# span 9 = 4.9310e+01, 1.3353e+02       
# span 10 =     0.7283,    41.7296      
# span 11 =     -0.667,      0.055      
# span 12 =     -0.968,      0.079      
# span 13 =    15.0704,    17.1951      
# span 14 = 0.0000e+00, 0.0000e+00      
# interval = seconds: 0.25
# start_time = Oct 15 2024 11:09:52 [Instrument's time stamp, header]
# bad_flag = -9.990e-29
*END*
[from data line 193]
      0.054      0.037     7.8689     78.220     41.799  35.242554     4.1353      8.061   248.5424 6.8528e+01     5.3429      0.053      0.076    17.1596 0.0000e+00
      0.054      0.003     7.7664     77.701     41.760  35.210934     4.1683      8.063   248.6395 6.8508e+01     5.4180      0.053      0.077    17.1549 0.0000e+00
      0.054      0.000     7.6732     77.323     41.754  35.207493     4.1783      8.064   248.5243 6.8423e+01     5.5227      0.052      0.076    17.1513 0.0000e+00
      0.054      0.000     7.5958     77.024     41.744  35.200949     4.1908      8.064   248.3538 6.8449e+01     5.5497      0.053      0.077    17.1517 0.0000e+00
      0.054      0.000     7.5291     76.767     41.739  35.195262     4.1946      8.064   248.2133 6.8521e+01     5.4708      0.053      0.077    17.1529 0.0000e+00
      0.054 2.2793e-07     7.4793     76.576     41.751  35.202182     4.1820      8.064   248.2016 6.8482e+01     5.3886      0.053      0.076    17.1544 0.0000e+00
      0.054 2.0721e-08     7.4452     76.445     41.779  35.221170     4.1720      8.064   248.2990 6.8479e+01     5.4102      0.052      0.076    17.1566 0.0000e+00
      0.054 1.8837e-09     7.4184     76.330     41.800  35.234484     4.1744      8.065   248.4447 6.8491e+01     5.4925      0.053      0.076    17.1596 0.0000e+00
      0.054 1.7125e-10     7.3910     76.228     41.806  35.236262     4.1770      8.066   248.5864 6.8493e+01     5.4961      0.052      0.076    17.1585 0.0000e+00
      0.054 1.5568e-11     7.3739     76.150     41.816  35.242665     4.1705      8.066   248.3765 6.8534e+01     5.4193      0.053      0.077    17.1525 0.0000e+00
      0.054 1.4153e-12     7.3651     76.101     41.822  35.248444     4.1620      8.065   247.8861 6.8505e+01     5.3490      0.053      0.076    17.1475 0.0000e+00
      0.054 1.2866e-13     7.3538     76.068     41.814  35.242686     4.1650      8.065   247.7332 6.8453e+01     5.3296      0.053      0.076    17.1424 0.0000e+00
      0.054 1.1696e-14     7.3448     76.030     41.804  35.236502     4.1824      8.065   247.8183 6.8420e+01     5.3901      0.053      0.077    17.1370 0.0000e+00
      0.054 1.0633e-15     7.3371     76.003     41.801  35.237125     4.1889      8.066   247.8832 6.8440e+01     5.4319      0.053      0.077    17.1352 0.0000e+00
      0.054 9.6665e-17     7.3323     76.006     41.811  35.250229     4.1774      8.068   248.0876 6.8485e+01     5.3905      0.053      0.076    17.1367 0.0000e+00
      0.054 8.7875e-18     7.3308     76.032     41.829  35.268043     4.1683      8.068   248.1391 6.8427e+01     5.3679      0.053      0.076    17.1389 0.0000e+00
      0.054 7.9890e-19     7.3250     76.061     41.820  35.262169     4.1710      8.068   247.8173 6.8446e+01     5.4318      0.053      0.077    17.1408 0.0000e+00
      0.054 7.2625e-20     7.3214     76.075     41.797  35.242663     4.1847      8.069   247.5526 6.8507e+01     5.5136      0.053      0.077    17.1443 0.0000e+00
      0.054 6.6025e-21     7.3209     76.074     41.774  35.222533     4.1834      8.069   247.5198 6.8428e+01     5.5037      0.053      0.077    17.1503 0.0000e+00
      0.054 6.0020e-22     7.3241     76.084     41.758  35.209125     4.1641      8.069   247.5062 6.8342e+01     5.4484      0.053      0.076    17.1542 0.0000e+00
      0.054 5.4565e-23     7.3271     76.118     41.754  35.207442     4.1677      8.070   247.5599 6.8341e+01     5.4597      0.053      0.077    17.1552 0.0000e+00
      0.054 4.9605e-24     7.3288     76.153     41.745  35.202192     4.1944      8.071   247.8259 6.8380e+01     5.5032      0.053      0.077    17.1551 0.0000e+00
      0.054 4.5095e-25     7.3277     76.170     41.754  35.209104     4.2039      8.071   248.0546 6.8384e+01     5.4962      0.053      0.077    17.1541 0.0000e+00
      0.054 4.0995e-26     7.3273     76.169     41.780  35.227555     4.1901      8.071   248.0011 6.8479e+01     5.4445      0.053      0.077    17.1543 0.0000e+00
      0.054 3.7269e-27     7.3322     76.147     41.795  35.234940     4.1857      8.071   247.7819 6.8650e+01     5.3901      0.053      0.077    17.1566 0.0000e+00
      0.054 3.3881e-28     7.3350     76.087     41.802  35.234932     4.2097      8.072   247.6415 6.8667e+01     5.4181      0.053      0.077    17.1600 0.0000e+00
      0.054 3.0801e-29     7.3373     76.016     41.798  35.227452     4.2387      8.073   248.0250 6.8610e+01     5.5103      0.053      0.077    17.1606 0.0000e+00
      0.054 2.8018e-30     7.3366     75.969     41.778  35.207951     4.2447      8.075   248.6329 6.8644e+01     5.5480      0.053      0.077    17.1556 0.0000e+00
      0.054 2.7346e-31     7.3381     75.931     41.757  35.189485     4.2325      8.075   248.7962 6.8706e+01     5.4990      0.054      0.078    17.1479 0.0000e+00
      0.054 2.3117e-31     7.3322     75.903     41.764  35.194524     4.2248      8.075   248.7952 6.8620e+01     5.4305      0.053      0.077    17.1397 0.0000e+00
      0.055 2.2904e-30     7.3236     75.925     41.777  35.205425     4.2268      8.075   248.7064 6.8407e+01     5.4374      0.054      0.078    17.1337 0.0000e+00
      0.055 2.5172e-29     7.3213     75.983     41.761  35.194397     4.2309      8.075   248.4106 6.8359e+01     5.4790      0.054      0.078    17.1325 0.0000e+00
      0.054 2.7689e-28     7.3180     76.046     41.744  35.188084     4.2411      8.076   248.4029 6.8452e+01     5.4902      0.053      0.077    17.1320 0.0000e+00
      0.054 3.0458e-27     7.3127     76.128     41.735  35.192550     4.2419      8.077   248.8713 6.8452e+01     5.4363      0.053      0.077    17.1297 0.0000e+00
      0.055 3.3503e-26     7.3157     76.201     41.713  35.184960     4.2244      8.077   249.2561 6.8460e+01     5.3740      0.054      0.078    17.1296 0.0000e+00
      0.055 3.6854e-25     7.3241     76.241     41.674  35.159784     4.2209      8.077   249.2693 6.8443e+01     5.4202      0.054      0.078    17.1315 0.0000e+00
      0.055 4.0539e-24     7.3254     76.265     41.647  35.141959     4.2159      8.078   249.2032 6.8412e+01     5.4479      0.054      0.078    17.1397 0.0000e+00
      0.055 4.4593e-23     7.3331     76.254     41.667  35.159782     4.1805      8.078   249.1452 6.8493e+01     5.3679      0.054      0.078    17.1573 0.0000e+00
      0.055 4.9052e-22     7.3394     76.219     41.698  35.184932     4.1509      8.078   249.0844 6.8548e+01     5.3401      0.054      0.078    17.1726 0.0000e+00
      0.055 5.3958e-21     7.3393     76.204     41.709  35.192261     4.1494      8.079   249.1555 6.8601e+01     5.3846      0.054      0.078    17.1814 0.0000e+00
      0.055 5.9353e-20     7.3432     76.202     41.704  35.184936     4.1621      8.080   249.3167 6.8594e+01     5.3942      0.054      0.078    17.1871 0.0000e+00
      0.055 6.5289e-19     7.3413     76.203     41.679  35.159818     4.1880      8.080   249.4844 6.8427e+01     5.3872      0.054      0.078    17.1886 0.0000e+00
      0.055 7.1818e-18     7.3353     76.223     41.663  35.142344     4.2126      8.080   249.6346 6.8366e+01     5.4022      0.054      0.078    17.1867 0.0000e+00
      0.055 7.8999e-17     7.3357     76.238     41.692  35.164001     4.2097      8.080   249.4121 6.8399e+01     5.4056      0.054      0.079    17.1840 0.0000e+00
      0.055 8.6899e-16     7.3368     76.220     41.698  35.167878     4.2033      8.081   248.8593 6.8290e+01     5.3942      0.054      0.078    17.1805 0.0000e+00
      0.055 9.5589e-15     7.3358     76.202     41.649  35.125773     4.2093      8.081   248.6298 6.8233e+01     5.4354      0.054      0.078    17.1758 0.0000e+00
      0.055 1.0515e-13     7.3396     76.194     41.618  35.099045     4.2085      8.081   248.8747 6.8378e+01     5.4590      0.054      0.078    17.1694 0.0000e+00
      0.055 1.1566e-12     7.3443     76.176     41.614  35.098514     4.1938      8.082   249.2382 6.8461e+01     5.4070      0.053      0.077    17.1663 0.0000e+00
      0.055 1.2723e-11     7.3394     76.146     41.634  35.119353     4.1810      8.083   249.3260 6.8401e+01     5.4211      0.054      0.078    17.1660 0.0000e+00
      0.055 1.3995e-10     7.3377     76.104     41.678  35.160662     4.2123      8.084   248.9895 6.8359e+01     5.4921      0.054      0.078    17.1647 0.0000e+00
      0.055 1.5395e-09     7.3393     76.080     41.664  35.153842     4.2728      8.084   248.4386 6.8323e+01     5.5148      0.054      0.079    17.1637 0.0000e+00
      0.055 1.6934e-08     7.3355     76.093     41.595  35.100357     4.2955      8.083   248.1723 6.8264e+01     5.4906      0.054      0.079    17.1658 0.0000e+00
      0.055 1.8628e-07     7.3335     76.131     41.573  35.085007     4.2880      8.083   248.2652 6.8224e+01     5.4391      0.054      0.079    17.1712 0.0000e+00
      0.055 1.8629e-07     7.3264     76.171     41.584  35.095147     4.2727      8.084   248.4423 6.8269e+01     5.5409      0.055      0.079    17.1769 0.0000e+00
      0.055 1.7074e-08     7.3223     76.178     41.585  35.096068     4.2444      8.085   248.6798 6.8304e+01     5.8324      0.054      0.078    17.1832 0.0000e+00
      0.055 3.0789e-09     7.3241     76.168     41.585  35.096144     4.2283      8.086   248.8133 6.8213e+01     5.9921      0.055      0.079    17.1897 0.0000e+00
      0.055 -9.990e-29     7.3263 -9.990e-29 -9.990e-29 -9.990e-29 -9.990e-29 -9.990e-29 -9.990e-29 6.8170e+01 -9.990e-29      0.054      0.079    17.1941 0.0000e+00
      0.055 -9.990e-29     7.3332 -9.990e-29 -9.990e-29 -9.990e-29 -9.990e-29 -9.990e-29 -9.990e-29 6.8230e+01 -9.990e-29      0.055      0.079    17.1938 0.0000e+00
      0.055 -9.990e-29     7.3331 -9.990e-29 -9.990e-29 -9.990e-29 -9.990e-29 -9.990e-29 -9.990e-29 6.8240e+01 -9.990e-29      0.054      0.078    17.1936 0.0000e+00
      0.055 -9.990e-29     7.3285 -9.990e-29 -9.990e-29 -9.990e-29 -9.990e-29 -9.990e-29 -9.990e-29 6.8213e+01 -9.990e-29      0.054      0.078    17.1951 0.0000e+00
