Data/DataNotYetUploadedToEDI/Raw_CTD/RawDownloads/101524_fcr30_S7809006.cnv
* Sea-Bird SBE19plus  Data File:
* FileName = C:\R\Reservoirs\Data\DataNotYetUploadedToEDI\Raw_CTD\RawDownloads\100724_fcr50_S7809_0006.hex
* Software version 2.8.0.119
* Temperature SN = 7809
* Conductivity SN = 7809
* System UpLoad Time = Oct 24 2024 12:50:57
* <ApplicationData>
* <Seaterm232>
# nquan = 15
# nvalues = 141                         
# units = specified
# name 0 = depFM: Depth [fresh water, m]
# name 1 = dz/dtM: Descent Rate [m/s]
# name 2 = sbeox0Mg/L: Oxygen, SBE 43 [mg/l]
# name 3 = sbeox0PS: Oxygen, SBE 43 [% saturation]
# name 4 = specc: Specific Conductance [uS/cm]
# name 5 = c0uS/cm: Conductivity [uS/cm]
# name 6 = flECO-AFL: Fluorescence, WET Labs ECO-AFL/FL [mg/m^3]
# name 7 = ph: pH
# name 8 = orp: Oxidation Reduction Potential [mV]
# name 9 = par/sat/log: PAR/Logarithmic, Satlantic
# name 10 = turbWETntu0: Turbidity, WET Labs ECO [NTU]
# name 11 = prdM: Pressure, Strain Gauge [db]
# name 12 = prdE: Pressure, Strain Gauge [psi]
# name 13 = tv290C: Temperature [ITS-90, deg C]
# name 14 = flag:  0.000e+00
# span 0 =     -0.679,      0.287       
# span 1 =     -0.001,      0.190       
# span 2 =     5.4296,     9.5637       
# span 3 =     56.082,     98.492       
# span 4 =      2.878,     41.665       
# span 5 =   2.281540,  34.660129       
# span 6 =    -0.1031,     3.8217       
# span 7 =      8.460,      8.710       
# span 8 =   149.2306,   318.4553       
# span 9 = 5.3575e+01, 2.7648e+02       
# span 10 =     0.7081,     6.9796      
# span 11 =     -0.666,      0.304      
# span 12 =     -0.966,      0.441      
# span 13 =    14.6247,    17.0986      
# span 14 = 0.0000e+00, 0.0000e+00      
# interval = seconds: 0.25
# start_time = Oct 15 2024 12:41:24 [Instrument's time stamp, header]
# bad_flag = -9.990e-29
*END*
[from data line 97]
      0.171      0.004     6.6159     69.050     41.084  34.563994     3.8217      8.487   227.2839 7.5771e+01     6.8857      0.169      0.244    17.0662 0.0000e+00
      0.173      0.005     6.6422     68.793     41.026  34.508527     3.8114      8.487   227.2531 7.5293e+01     6.8348      0.171      0.247    17.0673 0.0000e+00
      0.175      0.005     6.6635     68.343     40.959  34.440364     3.7804      8.486   227.2941 7.5027e+01     6.8150      0.171      0.248    17.0677 0.0000e+00
      0.175      0.004     6.6745     67.751     40.895  34.374290     3.7300      8.485   227.3498 7.4734e+01     6.8505      0.172      0.249    17.0654 0.0000e+00
      0.176      0.004     6.6713     67.087     40.869  34.344077     3.7179      8.486   227.4973 7.4594e+01     6.8890      0.172      0.250    17.0615 0.0000e+00
      0.177      0.004     6.6470     66.421     40.854  34.328840     3.7177      8.486   227.6148 7.4661e+01     6.9048      0.173      0.251    17.0555 0.0000e+00
      0.179      0.004     6.6037     65.782     40.840  34.316950     3.7024      8.485   227.6510 7.4926e+01     6.9050      0.175      0.254    17.0402 0.0000e+00
      0.180      0.005     6.5473     65.185     40.853  34.327205     3.7083      8.484   227.7639 7.5252e+01     6.8918      0.177      0.256    17.0203 0.0000e+00
      0.181      0.005     6.4807     64.643     40.854  34.325944     3.7387      8.484   227.9473 7.5306e+01     6.8817      0.177      0.257    17.0105 0.0000e+00
      0.182      0.004     6.4167     64.184     40.829  34.301699     3.7703      8.483   228.0612 7.4916e+01     6.8856      0.178      0.258    17.0104 0.0000e+00
      0.184      0.004     6.3538     63.810     40.816  34.287845     3.7742      8.481   227.9363 7.4333e+01     6.8709      0.180      0.262    17.0108 0.0000e+00
      0.186      0.003     6.2968     63.476     40.817  34.285323     3.7603      8.480   227.7276 7.3774e+01     6.8748      0.182      0.264    17.0089 0.0000e+00
      0.186      0.003     6.2432     63.155     40.804  34.271197     3.7606      8.480   227.7747 7.3276e+01     6.8983      0.182      0.264    17.0058 0.0000e+00
      0.186      0.003     6.1983     62.835     40.774  34.243937     3.7785      8.479   227.9899 7.2911e+01     6.8813      0.182      0.264    17.0026 0.0000e+00
      0.186      0.003     6.1661     62.530     40.736  34.209500     3.7852      8.478   228.1781 7.2620e+01     6.8745      0.182      0.264    16.9990 0.0000e+00
      0.187      0.003     6.1339     62.247     40.696  34.172048     3.7421      8.478   228.3291 7.2402e+01     6.8496      0.183      0.265    16.9950 0.0000e+00
      0.188      0.003     6.1048     61.947     40.699  34.171775     3.6729      8.477   228.3531 7.2461e+01     6.7854      0.185      0.269    16.9913 0.0000e+00
      0.190      0.002     6.0732     61.610     40.743  34.206203     3.6477      8.475   228.2964 7.2655e+01     6.8159      0.187      0.271    16.9882 0.0000e+00
      0.190      0.001     6.0430     61.260     40.748  34.207633     3.6620      8.475   228.3323 7.2855e+01     6.8774      0.187      0.271    16.9850 0.0000e+00
      0.190      0.001     6.0187     60.882     40.729  34.189066     3.6536      8.474   228.4425 7.3259e+01     6.8449      0.187      0.271    16.9811 0.0000e+00
      0.189      0.002     5.9914     60.483     40.713  34.172048     3.6135      8.473   228.5975 7.3744e+01     6.7997      0.186      0.270    16.9770 0.0000e+00
      0.189      0.004     5.9566     60.163     40.664  34.128757     3.5775      8.472   228.7435 7.3834e+01     6.8077      0.184      0.266    16.9737 0.0000e+00
      0.189      0.005     5.9242     59.900     40.643  34.109752     3.5760      8.471   228.8314 7.3219e+01     6.8735      0.184      0.267    16.9706 0.0000e+00
      0.193      0.007     5.8907     59.588     40.673  34.132588     3.5783      8.471   228.8849 7.2268e+01     6.9126      0.189      0.274    16.9663 0.0000e+00
      0.197      0.009     5.8445     59.249     40.698  34.151089     3.5553      8.470   228.8746 7.1624e+01     6.8704      0.193      0.280    16.9631 0.0000e+00
      0.199      0.011     5.8150     58.929     40.693  34.143104     3.5396      8.469   228.8792 7.1349e+01     6.8418      0.195      0.282    16.9606 0.0000e+00
      0.200      0.011     5.7984     58.648     40.644  34.099488     3.5294      8.469   229.0267 7.0880e+01     6.8402      0.195      0.282    16.9585 0.0000e+00
      0.202      0.010     5.7635     58.413     40.609  34.067843     3.5153      8.468   229.1949 7.0004e+01     6.8513      0.197      0.286    16.9569 0.0000e+00
      0.207      0.008     5.7304     58.172     40.624  34.077704     3.5020      8.467   229.1923 6.9315e+01     6.8384      0.204      0.296    16.9526 0.0000e+00
      0.211      0.006     5.7004     57.897     40.644  34.091829     3.4857      8.467   229.1672 6.9340e+01     6.7867      0.209      0.303    16.9480 0.0000e+00
      0.211      0.004     5.6712     57.629     40.673  34.111721     3.4767      8.466   229.2357 6.9865e+01     6.7735      0.208      0.301    16.9444 0.0000e+00
      0.210      0.003     5.6527     57.403     40.697  34.127880     3.4756      8.465   229.3312 7.0271e+01     6.7813      0.205      0.298    16.9417 0.0000e+00
      0.209      0.001     5.6306     57.214     40.664  34.096869     3.5146      8.464   229.4622 7.0324e+01     6.7783      0.204      0.296    16.9401 0.0000e+00
      0.209      0.001     5.6021     57.030     40.616  34.053995     3.5976      8.463   229.5296 7.0085e+01     6.7717      0.205      0.297    16.9353 0.0000e+00
      0.210      0.002     5.5754     56.824     40.618  34.053608     3.6390      8.463   229.5440 6.9569e+01     6.7693      0.206      0.299    16.9295 0.0000e+00
      0.212      0.003     5.5546     56.607     40.668  34.092177     3.6408      8.463   229.6357 6.8999e+01     6.8175      0.208      0.302    16.9254 0.0000e+00
      0.213      0.005     5.5377     56.410     40.729  34.139656     3.6684      8.463   229.7778 6.8664e+01     6.9112      0.210      0.305    16.9209 0.0000e+00
      0.212      0.010     5.5220     56.244     40.788  34.183555     3.7150      8.462   230.1437 6.8440e+01     6.9796      0.209      0.302    16.9163 0.0000e+00
      0.212      0.020     5.5017     56.126     40.866  34.242275     3.7305      8.461   230.7903 6.7913e+01     6.9608      0.207      0.301    16.9147 0.0000e+00
      0.214      0.027     5.4792     56.082     40.914  34.278616     3.7229      8.460   231.1426 6.6675e+01     6.9225      0.207      0.300    16.9123 0.0000e+00
      0.222 -9.990e-29     5.4611 -9.990e-29 -9.990e-29 -9.990e-29 -9.990e-29 -9.990e-29 -9.990e-29 6.4706e+01 -9.990e-29      0.217      0.314    16.9067 0.0000e+00
      0.238 -9.990e-29     5.4449 -9.990e-29 -9.990e-29 -9.990e-29 -9.990e-29 -9.990e-29 -9.990e-29 6.1293e+01 -9.990e-29      0.225      0.327    16.9008 0.0000e+00
      0.268 -9.990e-29     5.4336 -9.990e-29 -9.990e-29 -9.990e-29 -9.990e-29 -9.990e-29 -9.990e-29 5.6289e+01 -9.990e-29      0.264      0.382    16.8905 0.0000e+00
      0.287 -9.990e-29     5.4296 -9.990e-29 -9.990e-29 -9.990e-29 -9.990e-29 -9.990e-29 -9.990e-29 5.3575e+01 -9.990e-29      0.304      0.441    16.8835 0.0000e+00
