Data/DataNotYetUploadedToEDI/Raw_CTD/RawDownloads/101524_fcr10_S7809003.cnv
* Sea-Bird SBE19plus  Data File:
* FileName = C:\R\Reservoirs\Data\DataNotYetUploadedToEDI\Raw_CTD\RawDownloads\100724_fcr50_S7809_0003.hex
* Software version 2.8.0.119
* Temperature SN = 7809
* Conductivity SN = 7809
* System UpLoad Time = Oct 24 2024 12:50:42
* <ApplicationData>
* <Seaterm232>
# nquan = 15
# nvalues = 234                         
# units = specified
# name 0 = depFM: Depth [fresh water, m]
# name 1 = dz/dtM: Descent Rate [m/s]
# name 2 = sbeox0Mg/L: Oxygen, SBE 43 [mg/l]
# name 3 = sbeox0PS: Oxygen, SBE 43 [% saturation]
# name 4 = specc: Specific Conductance [uS/cm]
# name 5 = c0uS/cm: Conductivity [uS/cm]
# name 6 = flECO-AFL: Fluorescence, WET Labs ECO-AFL/FL [mg/m^3]
# name 7 = ph: pH
# name 8 = orp: Oxidation Reduction Potential [mV]
# name 9 = par/sat/log: PAR/Logarithmic, Satlantic
# name 10 = turbWETntu0: Turbidity, WET Labs ECO [NTU]
# name 11 = prdM: Pressure, Strain Gauge [db]
# name 12 = prdE: Pressure, Strain Gauge [psi]
# name 13 = tv290C: Temperature [ITS-90, deg C]
# name 14 = flag:  0.000e+00
# span 0 =     -0.671,      0.611       
# span 1 =     -0.008,      0.155       
# span 2 =     5.3397,    10.6681       
# span 3 =     54.009,    101.625       
# span 4 =      1.148,     43.987       
# span 5 =   0.803935,  34.848238       
# span 6 =    -0.1070,     4.1621       
# span 7 =     -2.558,      7.688       
# span 8 =    45.1552,  1196.6989       
# span 9 = 2.6928e+01, 1.5481e+02       
# span 10 =     0.8812,     3.7552      
# span 11 =     -0.658,      0.600      
# span 12 =     -0.956,      0.870      
# span 13 =    10.0038,    16.8086      
# span 14 = 0.0000e+00, 0.0000e+00      
# interval = seconds: 0.25
# start_time = Oct 15 2024 12:24:16 [Instrument's time stamp, header]
# bad_flag = -9.990e-29
*END*
[from data line 97]
     -0.032      0.008     6.6960     67.907     41.128  34.210033     3.4373      7.533   154.8500 6.9014e+01     3.4823     -0.031     -0.044    16.5359 0.0000e+00
     -0.033      0.003     6.6737     67.840     41.095  34.192742     3.4406      7.534   155.3423 6.9504e+01     3.5463     -0.032     -0.046    16.5276 0.0000e+00
     -0.033     -0.002     6.6454     67.760     41.108  34.210044     3.4566      7.535   155.8983 6.9284e+01     3.5676     -0.033     -0.047    16.5472 0.0000e+00
     -0.034     -0.006     6.6284     67.636     41.125  34.228904     3.4644      7.537   156.4968 6.9302e+01     3.5349     -0.033     -0.047    16.5703 0.0000e+00
     -0.035     -0.008     6.6184     67.461     41.120  34.230447     3.4679      7.539   156.9853 6.9949e+01     3.4919     -0.035     -0.049    16.5876 0.0000e+00
     -0.038     -0.008     6.6116     67.271     41.112  34.228708     3.4658      7.541   157.4173 7.0917e+01     3.4920     -0.039     -0.055    16.5989 0.0000e+00
     -0.041     -0.008     6.6038     67.103     41.084  34.207885     3.4886      7.542   157.8485 7.1913e+01     3.5367     -0.041     -0.059    16.6058 0.0000e+00
     -0.044     -0.007     6.5919     66.964     41.040  34.169018     3.5366      7.544   158.2401 7.2837e+01     3.5193     -0.043     -0.062    16.6119 0.0000e+00
     -0.046     -0.005     6.5716     66.858     41.012  34.139446     3.5636      7.545   158.7112 7.3311e+01     3.4520     -0.046     -0.065    16.6190 0.0000e+00
     -0.048      0.000     6.5508     66.742     40.978  34.104105     3.5734      7.545   159.2426 7.3269e+01     3.4412     -0.047     -0.069    16.6258 0.0000e+00
     -0.048      0.004     6.5344     66.567     40.932  34.058926     3.5715      7.546   159.7601 7.2801e+01     3.4566     -0.048     -0.070    16.6295 0.0000e+00
     -0.046      0.006     6.5203     66.358     40.922  34.037295     3.5733      7.547   160.2368 7.1624e+01     3.4677     -0.046     -0.066    16.6260 0.0000e+00
     -0.042      0.008     6.5127     66.134     40.946  34.032886     3.5791      7.550   160.5318 7.0437e+01     3.4732     -0.041     -0.060    16.6170 0.0000e+00
     -0.037      0.008     6.5065     65.878     40.951  34.005591     3.5662      7.552   160.6603 7.0154e+01     3.4537     -0.036     -0.052    16.6085 0.0000e+00
     -0.035      0.008     6.4868     65.542     40.928  33.961009     3.5516      7.553   160.8437 7.0490e+01     3.4374     -0.033     -0.047    16.6025 0.0000e+00
     -0.035      0.007     6.4686     65.128     40.917  33.937937     3.5433      7.555   161.1148 7.1038e+01     3.4477     -0.033     -0.049    16.5901 0.0000e+00
     -0.035      0.007     6.4511     64.722     40.899  33.916943     3.5329      7.557   161.4433 7.1255e+01     3.4762     -0.035     -0.051    16.5573 0.0000e+00
     -0.034      0.007     6.4343     64.342     40.881  33.897509     3.5175      7.558   161.8043 7.0622e+01     3.4735     -0.035     -0.050    16.5129 0.0000e+00
     -0.032      0.007     6.4079     63.973     40.884  33.893290     3.5067      7.559   162.1238 6.9697e+01     3.4153     -0.031     -0.045    16.4789 0.0000e+00
     -0.027      0.007     6.3627     63.625     40.862  33.865925     3.5026      7.560   162.4671 6.9173e+01     3.4216     -0.026     -0.038    16.4629 0.0000e+00
     -0.024      0.006     6.3250     63.282     40.820  33.820399     3.4929      7.561   162.8581 6.8959e+01     3.5153     -0.023     -0.032    16.4596 0.0000e+00
     -0.023      0.004     6.2893     62.928     40.793  33.786938     3.4806      7.563   163.2366 6.8889e+01     3.5569     -0.022     -0.031    16.4573 0.0000e+00
     -0.023      0.002     6.2527     62.575     40.796  33.778554     3.4700      7.565   163.6883 6.9064e+01     3.5158     -0.023     -0.033    16.4482 0.0000e+00
     -0.024      0.000     6.2215     62.227     40.813  33.782469     3.4641      7.566   164.1036 6.9240e+01     3.4615     -0.023     -0.033    16.4350 0.0000e+00
     -0.025      0.000     6.1908     61.880     40.809  33.770809     3.4769      7.568   164.2145 6.9117e+01     3.4808     -0.024     -0.034    16.4219 0.0000e+00
     -0.025      0.003     6.1566     61.534     40.812  33.764455     3.5002      7.569   164.3404 6.9106e+01     3.5440     -0.025     -0.036    16.4088 0.0000e+00
     -0.025      0.008     6.1240     61.205     40.828  33.769083     3.5119      7.569   164.7654 6.9181e+01     3.5770     -0.025     -0.036    16.3956 0.0000e+00
     -0.024      0.015     6.0917     60.906     40.831  33.763317     3.4939      7.569   165.2242 6.8756e+01     3.5727     -0.023     -0.034    16.3830 0.0000e+00
     -0.021      0.022     6.0593     60.639     40.829  33.758165     3.4578      7.568   165.6715 6.7431e+01     3.5262     -0.021     -0.032    16.3719 0.0000e+00
     -0.014      0.027     6.0261     60.413     40.837  33.770227     3.4490      7.567   166.1296 6.4638e+01     3.4927     -0.017     -0.025    16.3618 0.0000e+00
     -0.001      0.028     5.9940     60.197     40.841  33.782281     3.4630      7.567   166.4616 6.1508e+01     3.5097     -0.001     -0.002    16.3520 0.0000e+00
      0.011      0.027     5.9676     59.944     40.826  33.777031     3.4688      7.566   166.8452 5.9595e+01     3.5270      0.013      0.019    16.3383 0.0000e+00
      0.018      0.023     5.9407     59.663     40.813  33.770198     3.5022      7.566   167.3262 5.8549e+01     3.4968      0.019      0.028    16.3317 0.0000e+00
      0.022      0.017     5.9184     59.368     40.804  33.763115     3.5755      7.567   167.7180 5.8202e+01     3.4865      0.022      0.032    16.3435 0.0000e+00
      0.024      0.012     5.8985     59.053     40.802  33.754837     3.6316      7.569   168.0551 5.8130e+01     3.5387      0.023      0.034    16.3571 0.0000e+00
      0.024      0.007     5.8715     58.733     40.792  33.733546     3.6560      7.570   168.3036 5.7586e+01     3.5813      0.024      0.035    16.3652 0.0000e+00
      0.025      0.005     5.8419     58.417     40.771  33.696003     3.6629      7.571   168.4862 5.7004e+01     3.5576      0.024      0.035    16.3696 0.0000e+00
      0.027      0.005     5.8152     58.099     40.781  33.681546     3.6639      7.573   168.8007 5.6919e+01     3.4913      0.026      0.038    16.3700 0.0000e+00
      0.028      0.008     5.7831     57.813     40.814  33.685609     3.6691      7.575   169.1804 5.7155e+01     3.4624      0.028      0.040    16.3647 0.0000e+00
      0.028      0.014     5.7536     57.588     40.834  33.681664     3.6757      7.575   169.6357 5.7192e+01     3.4820      0.028      0.040    16.3479 0.0000e+00
      0.029      0.022     5.7271     57.407     40.875  33.697255     3.6429      7.575   171.4663 5.6762e+01     3.4889      0.030      0.041    16.3209 0.0000e+00
      0.034      0.030     5.6978     57.261     40.951  33.747213     3.5564      7.575   173.2457 5.5612e+01     3.4779      0.032      0.046    16.2912 0.0000e+00
      0.044      0.036     5.6711     57.166     40.994  33.778137     3.4949      7.575   172.3942 5.3345e+01     3.5197      0.040      0.057    16.2626 0.0000e+00
      0.061      0.041     5.6535     57.105     40.972  33.753924     3.4902      7.575   171.3229 5.0444e+01     3.5499      0.060      0.087    16.2389 0.0000e+00
      0.076      0.045     5.6392     57.037     40.934  33.708228     3.5085      7.575   171.3914 4.7919e+01     3.5017      0.078      0.112    16.2144 0.0000e+00
      0.086      0.049     5.6253     56.963     40.909  33.669719     3.5244      7.575   171.5875 4.6113e+01     3.4488      0.084      0.122    16.1946 0.0000e+00
      0.093      0.051     5.6172     56.916     40.929  33.668957     3.5238      7.574   171.8881 4.4663e+01     3.4224      0.089      0.129    16.1961 0.0000e+00
      0.105      0.054     5.6132     56.874     40.979  33.698984     3.5178      7.573   172.1861 4.3579e+01     3.4905      0.100      0.146    16.1933 0.0000e+00
      0.121      0.058     5.6098     56.807     41.009  33.715542     3.5360      7.573   172.5237 4.3219e+01     3.5895      0.118      0.172    16.1716 0.0000e+00
      0.138      0.061     5.6018     56.708     41.050  33.742266     3.5687      7.573   172.8717 4.3475e+01     3.5601      0.135      0.196    16.1471 0.0000e+00
      0.156      0.061     5.6027     56.572     41.087  33.768314     3.5792      7.573   173.2106 4.4118e+01     3.4771      0.154      0.223    16.1246 0.0000e+00
      0.174      0.057     5.6011     56.416     41.101  33.776701     3.5726      7.574   173.6965 4.4667e+01     3.4734      0.172      0.247    16.1103 0.0000e+00
      0.190      0.050     5.5947     56.259     41.112  33.780231     3.5719      7.574   174.1867 4.5082e+01     3.5154      0.188      0.271    16.1040 0.0000e+00
      0.202      0.042     5.5873     56.086     41.080  33.747531     3.6121      7.575   174.4911 4.5669e+01     3.5410      0.200      0.290    16.0942 0.0000e+00
      0.210      0.033     5.5732     55.874     41.028  33.698548     3.6752      7.577   174.8825 4.6004e+01     3.5438      0.206      0.298    16.0881 0.0000e+00
      0.216      0.025     5.5574     55.654     41.036  33.695527     3.7030      7.577   175.3920 4.6105e+01     3.5143      0.212      0.307    16.0884 0.0000e+00
      0.221      0.019     5.5426     55.446     41.071  33.710997     3.7073      7.577   175.6609 4.6361e+01     3.4931      0.218      0.316    16.0807 0.0000e+00
      0.224      0.015     5.5294     55.239     41.072  33.695246     3.7520      7.578   175.8955 4.6726e+01     3.5262      0.220      0.320    16.0708 0.0000e+00
      0.226      0.012     5.5069     55.051     41.092  33.695387     3.8437      7.580   176.3363 4.7094e+01     3.6074      0.222      0.322    16.0649 0.0000e+00
      0.229      0.010     5.4848     54.896     41.132  33.712690     3.8834      7.580   176.6886 4.7506e+01     3.5866      0.225      0.326    16.0553 0.0000e+00
      0.231      0.009     5.4688     54.767     41.152  33.714099     3.8659      7.581   176.8857 4.7981e+01     3.4459      0.227      0.330    16.0377 0.0000e+00
      0.233      0.008     5.4484     54.659     41.167  33.712410     3.8317      7.583   177.1705 4.8289e+01     3.4420      0.228      0.330    16.0165 0.0000e+00
      0.236      0.008     5.4326     54.567     41.162  33.692247     3.7779      7.586   177.6365 4.8379e+01     3.6084      0.231      0.335    15.9962 0.0000e+00
      0.240      0.008     5.4196     54.478     41.144  33.660631     3.7565      7.586   178.1324 4.8518e+01     3.7502      0.236      0.342    15.9765 0.0000e+00
      0.241      0.009     5.4091     54.387     41.145  33.647331     3.7569      7.587   178.6065 4.8769e+01     3.7552      0.237      0.344    15.9587 0.0000e+00
      0.241      0.011     5.4003     54.312     41.172  33.658308     3.7576      7.589   178.9802 4.8852e+01     3.6355      0.235      0.341    15.9431 0.0000e+00
      0.241      0.015     5.3935     54.250     41.196  33.666461     3.7816      7.591   179.4680 4.8527e+01     3.5325      0.236      0.342    15.9238 0.0000e+00
      0.246      0.023     5.3887     54.198     41.231  33.682447     3.8057      7.591   180.3746 4.7931e+01     3.5348      0.241      0.349    15.9012 0.0000e+00
      0.253      0.033     5.3797     54.184     41.296  33.724691     3.8159      7.590   181.2511 4.7325e+01     3.5609      0.249      0.361    15.8830 0.0000e+00
      0.260      0.044     5.3743     54.224     41.314  33.733105     3.7968      7.590   181.8066 4.6534e+01     3.5399      0.254      0.368    15.8721 0.0000e+00
      0.271      0.054     5.3707     54.319     41.293  33.720715     3.7493      7.590   182.1872 4.4915e+01     3.4854      0.260      0.377    15.8570 0.0000e+00
      0.291      0.061     5.3650     54.455     41.334  33.765228     3.7331      7.589   182.5835 4.2693e+01     3.4836      0.284      0.412    15.8423 0.0000e+00
      0.313      0.063     5.3653     54.575     41.395  33.827216     3.7502      7.589   183.0699 4.0990e+01     3.5518      0.310      0.449    15.8278 0.0000e+00
      0.331      0.063     5.3709     54.645     41.392  33.835769     3.7561      7.589   183.5079 3.9794e+01     3.5592      0.325      0.471    15.8131 0.0000e+00
      0.347      0.059     5.3784     54.654     41.348  33.805219     3.7719      7.590   183.9229 3.8841e+01     3.5039      0.342      0.495    15.8257 0.0000e+00
      0.361      0.055     5.3932     54.546     41.318  33.775065     3.8169      7.590   184.4733 3.8498e+01     3.4987      0.357      0.518    15.8422 0.0000e+00
      0.371      0.056     5.4056     54.338     41.348  33.788399     3.8582      7.590   185.0862 3.8449e+01     3.5297      0.363      0.528    15.8528 0.0000e+00
      0.379      0.061     5.4080     54.153     41.420  33.839526     3.8886      7.589   185.5687 3.8234e+01     3.5717      0.370      0.538    15.8728 0.0000e+00
      0.389      0.064     5.4127     54.045     41.466  33.885681     3.9758      7.589   186.0048 3.7505e+01     3.6658      0.378      0.548    15.8807 0.0000e+00
      0.411      0.064     5.4031     54.009     41.616  34.029232     4.1053      7.590   186.4880 3.6060e+01     3.7443      0.397      0.576    15.8708 0.0000e+00
      0.441      0.060     5.3773     54.138     41.903  34.306308     4.1475      7.590   186.8510 3.4748e+01     3.7350      0.437      0.634    15.8536 0.0000e+00
      0.463      0.053     5.3596     54.771     42.009  34.507667     4.1367      7.590   187.1240 3.4192e+01     3.7240      0.461      0.668    15.8368 0.0000e+00
      0.472      0.043     5.3496     56.505     41.848  34.560598     4.1497      7.591   187.4656 3.4088e+01     3.6803      0.464      0.674    15.8486 0.0000e+00
      0.474      0.034     5.3397     59.830     41.639  34.565853     4.1555      7.593   187.7983 3.4196e+01     3.5478      0.466      0.676    15.8825 0.0000e+00
      0.474      0.029     5.3406     64.600     41.502  34.571422     4.1485      7.594   188.1348 3.4209e+01     3.4550      0.463      0.673    15.8958 0.0000e+00
      0.476      0.029     5.3657     70.047     41.412  34.564636     4.1397      7.597   188.5234 3.3702e+01     3.4455      0.464      0.674    16.0215 0.0000e+00
      0.486      0.032     5.4796     75.281     41.350  34.547331     4.1411      7.598   188.8830 3.2756e+01     3.4677      0.474      0.686    16.3040 0.0000e+00
      0.501      0.033     5.7844     79.726     41.338  34.552573     4.1567      7.599   189.2126 3.1903e+01     3.4846      0.491      0.712    16.5342 0.0000e+00
      0.516      0.032     6.2621     83.079     41.344  34.564585     4.1621      7.602   189.4974 3.1456e+01     3.4788      0.509      0.737    16.6653 0.0000e+00
      0.525      0.027     6.8177     85.184     41.340  34.565676     4.1386      7.605   189.6595 3.1364e+01     3.4653      0.517      0.749    16.7426 0.0000e+00
      0.528      0.019     7.3369     86.034     41.337  34.565775     4.0227      7.606   189.7959 3.1462e+01     3.4931      0.518      0.751    16.7765 0.0000e+00
      0.528      0.011     7.7755     85.802     41.335  34.565784     3.8266      7.607   190.0284 3.1597e+01     3.5754      0.518      0.751    16.7922 0.0000e+00
      0.528      0.005     8.1060     84.905     41.335  34.565784     3.7150      7.610   190.3193 3.1670e+01     3.6055      0.518      0.752    16.7982 0.0000e+00
      0.529      0.002     8.3080     83.770     41.336  34.565774     3.6978      7.613   190.6459 3.1690e+01     3.5496      0.519      0.753    16.8037 0.0000e+00
      0.529      0.001     8.3882     82.685     41.337  34.565660     3.6931      7.616   190.9656 3.1720e+01     3.4804      0.519      0.753    16.8066 0.0000e+00
