Data/DataNotYetUploadedToEDI/Raw_CTD/RawDownloads/101524_fcr10_S7809003.cnv
* Sea-Bird SBE19plus  Data File:
* FileName = C:\R\Reservoirs\Data\DataNotYetUploadedToEDI\Raw_CTD\RawDownloads\100724_fcr50_S7809_0003.hex
* Software version 2.8.0.119
* Temperature SN = 7809
* Conductivity SN = 7809
* System UpLoad Time = Oct 24 2024 12:50:42
* <ApplicationData>
* <Seaterm232>
# nquan = 15
# nvalues = 234                         
# units = specified
# name 0 = depFM: Depth [fresh water, m]
# name 1 = dz/dtM: Descent Rate [m/s]
# name 2 = sbeox0Mg/L: Oxygen, SBE 43 [mg/l]
# name 3 = sbeox0PS: Oxygen, SBE 43 [% saturation]
# name 4 = specc: Specific Conductance [uS/cm]
# name 5 = c0uS/cm: Conductivity [uS/cm]
# name 6 = flECO-AFL: Fluorescence, WET Labs ECO-AFL/FL [mg/m^3]
# name 7 = ph: pH
# name 8 = orp: Oxidation Reduction Potential [mV]
# name 9 = par/sat/log: PAR/Logarithmic, Satlantic
# name 10 = turbWETntu0: Turbidity, WET Labs ECO [NTU]
# name 11 = prdM: Pressure, Strain Gauge [db]
# name 12 = prdE: Pressure, Strain Gauge [psi]
# name 13 = tv290C: Temperature [ITS-90, deg C]
# name 14 = flag:  0.000e+00
# span 0 =     -0.671,      0.611       
# span 1 =     -0.008,      0.155       
# span 2 =     5.3397,    10.6681       
# span 3 =     54.009,    101.625       
# span 4 =      1.148,     43.987       
# span 5 =   0.803935,  34.848238       
# span 6 =    -0.1070,     4.1621       
# span 7 =     -2.558,      7.688       
# span 8 =    45.1552,  1196.6989       
# span 9 = 2.6928e+01, 1.5481e+02       
# span 10 =     0.8812,     3.7552      
# span 11 =     -0.658,      0.600      
# span 12 =     -0.956,      0.870      
# span 13 =    10.0038,    16.8086      
# span 14 = 0.0000e+00, 0.0000e+00      
# interval = seconds: 0.25
# start_time = Oct 15 2024 12:24:16 [Instrument's time stamp, header]
# bad_flag = -9.990e-29
*END*
     -0.671      0.000    10.4862     93.911      1.285   0.899678    -0.0944     -2.558   900.0078 9.8565e+01     0.9705     -0.658     -0.954    10.0038 0.0000e+00
     -0.670      0.000    10.4664     93.346      1.280   0.895686    -0.0760     -2.557   900.0529 9.2778e+01     1.0379     -0.657     -0.953    10.0039 0.0000e+00
     -0.670      0.001    10.5242     93.040      1.235   0.864286    -0.0790     -2.556   901.1229 8.8342e+01     1.0439     -0.657     -0.953    10.0042 0.0000e+00
     -0.670      0.001    10.6681     92.975      1.196   0.836731    -0.0975     -2.544   903.9109 8.5353e+01     1.0082     -0.658     -0.954    10.0044 0.0000e+00
     -0.670      0.000    10.6175     92.883      1.256   0.879228    -0.1070     -2.419   905.3696 8.2343e+01     1.0509     -0.657     -0.952    10.0049 0.0000e+00
     -0.670 1.8474e-08    10.5120     92.688      1.335   0.934722    -0.1027     -1.876   891.3138 8.1030e+01     1.0816     -0.657     -0.952    10.0053 0.0000e+00
     -0.670 2.0321e-07    10.4919     92.494      1.339   0.937630    -0.0952     -0.771   744.4602 8.1299e+01     1.0028     -0.657     -0.952    10.0058 0.0000e+00
     -0.670 2.0321e-07    10.4966     92.514      1.305   0.914390    -0.0917      0.614   353.1673 7.9799e+01     0.9869     -0.657     -0.953    10.0062 0.0000e+00
     -0.670 1.8474e-08    10.4884     92.798      1.295   0.907093    -0.0849      1.816    45.1552 7.7519e+01     1.0606     -0.657     -0.953    10.0068 0.0000e+00
     -0.670 1.6794e-09    10.4614     93.038      1.303   0.912749    -0.0719      2.447   114.0255 7.8855e+01     1.0731     -0.657     -0.953    10.0074 0.0000e+00
     -0.670 1.5268e-10    10.4305     93.052      1.313   0.919425    -0.0750      2.581   285.4725 8.3485e+01     1.0011     -0.657     -0.952    10.0077 0.0000e+00
     -0.670 1.3942e-11    10.4223     92.955      1.320   0.924479    -0.0897      2.564   384.1560 8.8584e+01     0.9078     -0.657     -0.953    10.0080 0.0000e+00
     -0.670 1.9441e-12    10.4786     92.932      1.300   0.910507    -0.0917      2.474   496.2796 9.3153e+01     0.9019     -0.657     -0.953    10.0086 0.0000e+00
     -0.670 7.6206e-12    10.5117     92.994      1.252   0.877175    -0.0823      2.285   617.3687 9.6529e+01     0.9637     -0.657     -0.953    10.0090 0.0000e+00
     -0.670 8.2575e-11    10.5057     93.004      1.197   0.838179    -0.0758      2.132   681.5419 9.6832e+01     0.9723     -0.657     -0.953    10.0094 0.0000e+00
     -0.670 9.0821e-10    10.4859     92.973      1.170   0.819058    -0.0794      2.146   684.4575 9.6245e+01     0.9718     -0.658     -0.954    10.0096 0.0000e+00
     -0.670 9.9903e-09    10.4799     92.945      1.194   0.836008    -0.0842      2.301   671.4637 9.7459e+01     1.0252     -0.657     -0.953    10.0095 0.0000e+00
     -0.670 1.0989e-07    10.5017     92.924      1.218   0.853103    -0.0924      2.540   657.7952 9.9604e+01     1.0034     -0.657     -0.953    10.0096 0.0000e+00
     -0.670      0.000    10.4961     92.926      1.193   0.835728    -0.1034      2.831   646.1015 1.0163e+02     0.9138     -0.658     -0.954    10.0095 0.0000e+00
     -0.670      0.000    10.4910     92.901      1.165   0.815945    -0.1013      3.171   649.3267 1.0303e+02     0.9319     -0.657     -0.953    10.0098 0.0000e+00
     -0.670      0.000    10.4908     92.826      1.148   0.803935    -0.0921      3.791   794.2736 1.0690e+02     0.9490     -0.657     -0.953    10.0096 0.0000e+00
     -0.671      0.002    10.4828     92.804      1.166   0.817201    -0.0925      4.875  1069.4210 1.1460e+02     0.8812     -0.658     -0.954    10.0100 0.0000e+00
     -0.671      0.008    10.4894     92.960      1.298   0.913000    -0.0895      5.941  1196.6989 1.2204e+02     0.8979     -0.658     -0.954    10.0091 0.0000e+00
     -0.671      0.020    10.4865     93.159      2.025   1.455499    -0.0135      6.527   928.2443 1.2875e+02     1.0142     -0.658     -0.954    10.0101 0.0000e+00
     -0.670      0.037    10.4764     93.175      8.140   6.046318     0.8012      6.791   411.3624 1.3549e+02     1.6729     -0.658     -0.956    10.0083 0.0000e+00
     -0.664      0.057    10.4605     93.038     22.999  17.385970     2.2873      6.951   128.2349 1.3974e+02     2.8504     -0.657     -0.953    10.0112 0.0000e+00
     -0.646      0.079    10.4888     92.887     37.627  28.908083     3.0814      7.055   102.3278 1.4139e+02     3.4310     -0.638     -0.925    10.0065 0.0000e+00
     -0.618      0.102    10.5202     92.805     43.567  34.024195     3.1531      7.129   100.5313 1.4305e+02     3.4668     -0.606     -0.879    10.0276 0.0000e+00
     -0.586      0.123    10.3376     92.838     43.987  34.848238     3.3036      7.187   101.4372 1.4670e+02     3.5563     -0.575     -0.835    10.7642 0.0000e+00
     -0.551      0.138     9.9785     92.956     43.457  34.811648     3.5527      7.235   102.8699 1.5107e+02     3.5571     -0.540     -0.785    12.2086 0.0000e+00
     -0.513      0.147     9.7134     93.125     42.979  34.724309     3.6770      7.272   104.0014 1.5400e+02     3.4773     -0.502     -0.729    13.3239 0.0000e+00
     -0.473      0.150     9.5431     93.309     42.637  34.680852     3.6832      7.300   104.3636 1.5481e+02     3.4796     -0.464     -0.674    14.0725 0.0000e+00
     -0.431      0.151     9.4239     93.397     42.406  34.667181     3.6605      7.322   104.5817 1.5393e+02     3.5501     -0.424     -0.614    14.6691 0.0000e+00
     -0.389      0.154     9.3565     93.446     42.207  34.622662     3.6185      7.338   105.6920 1.5219e+02     3.6122     -0.381     -0.552    15.0816 0.0000e+00
     -0.352      0.155     9.3004     93.552     41.989  34.523402     3.5836      7.350   107.2915 1.4943e+02     3.5810     -0.342     -0.496    15.4196 0.0000e+00
     -0.320      0.153     9.2776     93.693     41.779  34.418822     3.5548      7.360   108.6927 1.4274e+02     3.4802     -0.317     -0.460    15.6901 0.0000e+00
     -0.280      0.144     9.2387     93.852     41.644  34.373430     3.5032      7.368   109.9855 1.3142e+02     3.4866     -0.280     -0.407    15.8966 0.0000e+00
     -0.233      0.131     9.2124     94.046     41.550  34.355334     3.4347      7.374   111.3071 1.2162e+02     3.6243     -0.223     -0.324    16.0287 0.0000e+00
     -0.192      0.115     9.2114     94.310     41.463  34.326989     3.4082      7.380   112.7132 1.1642e+02     3.7443     -0.183     -0.264    16.1096 0.0000e+00
     -0.165      0.096     9.2097     94.620     41.394  34.284553     3.4081      7.385   114.1667 1.0792e+02     3.7425     -0.157     -0.229    16.1839 0.0000e+00
     -0.150      0.075     9.2093     94.942     41.343  34.222928     3.3994      7.387   115.6314 9.3879e+01     3.6711     -0.144     -0.209    16.2717 0.0000e+00
     -0.141      0.054     9.2103     95.231     41.276  34.152875     3.3947      7.388   117.0868 8.3529e+01     3.5985     -0.139     -0.201    16.3430 0.0000e+00
     -0.132      0.039     9.2282     95.445     41.241  34.135428     3.3942      7.390   118.2557 7.9297e+01     3.5480     -0.130     -0.189    16.4015 0.0000e+00
     -0.122      0.029     9.2524     95.593     41.306  34.202332     3.4016      7.394   119.1808 7.7948e+01     3.5727     -0.118     -0.171    16.4323 0.0000e+00
     -0.113      0.023     9.2961     95.703     41.378  34.263922     3.4091      7.399   120.2703 7.7404e+01     3.5557     -0.109     -0.158    16.3793 0.0000e+00
     -0.109      0.019     9.3330     95.759     41.358  34.245655     3.4256      7.404   121.4493 7.7201e+01     3.4791     -0.106     -0.153    16.3476 0.0000e+00
     -0.107      0.014     9.3452     95.744     41.271  34.171797     3.4686      7.408   122.5078 7.7192e+01     3.5001     -0.104     -0.152    16.3873 0.0000e+00
     -0.106      0.009     9.3545     95.684     41.224  34.132264     3.5125      7.412   123.5183 7.6830e+01     3.5701     -0.104     -0.152    16.4047 0.0000e+00
     -0.103      0.004     9.3674     95.607     41.232  34.148332     3.5323      7.417   124.5467 7.6690e+01     3.6087     -0.101     -0.146    16.3990 0.0000e+00
     -0.101      0.003     9.3746     95.525     41.241  34.175751     3.4995      7.422   125.4780 7.6997e+01     3.5570     -0.098     -0.142    16.3970 0.0000e+00
     -0.101      0.004     9.3715     95.434     41.260  34.210025     3.4317      7.427   126.3466 7.7445e+01     3.4911     -0.097     -0.141    16.3964 0.0000e+00
     -0.103      0.005     9.3662     95.338     41.290  34.245533     3.4039      7.432   127.2194 7.7755e+01     3.5299     -0.101     -0.147    16.3894 0.0000e+00
     -0.105      0.006     9.3566     95.304     41.337  34.287858     3.4130      7.436   128.1155 7.7919e+01     3.5473     -0.105     -0.153    16.3996 0.0000e+00
     -0.102      0.006     9.3414     95.546     41.400  34.341099     3.4254      7.438   129.1796 7.7195e+01     3.4967     -0.102     -0.148    16.4319 0.0000e+00
     -0.096      0.005     9.3298     96.716     41.444  34.381698     3.4371      7.440   130.1913 7.5655e+01     3.4644     -0.093     -0.136    16.4571 0.0000e+00
     -0.091      0.004     9.3130     99.091     41.453  34.398058     3.4384      7.443   131.0552 7.5030e+01     3.4989     -0.088     -0.128    16.4686 0.0000e+00
     -0.091      0.002     9.3093    101.301     41.456  34.412035     3.4411      7.447   131.9675 7.6110e+01     3.5722     -0.087     -0.127    16.4704 0.0000e+00
     -0.094     -0.001     9.3080    101.625     41.454  34.423808     3.4619      7.449   132.7900 7.7301e+01     3.6333     -0.092     -0.133    16.4684 0.0000e+00
     -0.098     -0.002     9.3848     99.746     41.425  34.413530     3.4892      7.453   133.4291 7.7669e+01     3.6912     -0.097     -0.140    16.4735 0.0000e+00
     -0.100     -0.002     9.6815     96.136     41.412  34.414672     3.5043      7.458   134.0163 7.7832e+01     3.7253     -0.099     -0.143    16.4862 0.0000e+00
     -0.099     -0.001     9.9772     91.331     41.427  34.437635     3.5123      7.462   134.6412 7.7696e+01     3.7379     -0.097     -0.141    16.4995 0.0000e+00
     -0.097      0.001     9.9990     86.074     41.417  34.437405     3.5270      7.466   135.3062 7.7026e+01     3.7079     -0.094     -0.137    16.5163 0.0000e+00
     -0.095      0.003     9.7884     80.943     41.382  34.411901     3.5321      7.469   136.0341 7.6262e+01     3.6005     -0.093     -0.135    16.5346 0.0000e+00
     -0.095      0.003     9.4245     76.263     41.347  34.383061     3.5165      7.474   136.7306 7.6433e+01     3.4988     -0.093     -0.135    16.5493 0.0000e+00
     -0.095      0.002     8.9196     72.558     41.304  34.342485     3.5045      7.479   137.3611 7.7228e+01     3.4346     -0.093     -0.136    16.5616 0.0000e+00
     -0.095      0.000     8.3836     70.250     41.267  34.301971     3.5030      7.482   138.0641 7.7459e+01     3.4051     -0.094     -0.137    16.5713 0.0000e+00
     -0.094      0.000     7.8822     69.175     41.244  34.273879     3.5070      7.485   138.7778 7.7445e+01     3.4501     -0.093     -0.135    16.5763 0.0000e+00
     -0.094      0.001     7.4017     68.850     41.225  34.256592     3.5112      7.489   139.4512 7.7635e+01     3.5002     -0.091     -0.133    16.5767 0.0000e+00
     -0.095      0.004     7.0203     68.871     41.177  34.219849     3.5033      7.492   140.0112 7.7650e+01     3.4984     -0.092     -0.133    16.5724 0.0000e+00
     -0.095      0.006     6.8080     68.986     41.088  34.146859     3.5033      7.494   140.5589 7.7013e+01     3.5305     -0.094     -0.137    16.5572 0.0000e+00
     -0.094      0.006     6.7262     69.069     41.076  34.135417     3.5201      7.497   141.2554 7.6154e+01     3.5814     -0.094     -0.136    16.5413 0.0000e+00
     -0.090      0.007     6.7068     69.098     41.164  34.208394     3.5316      7.499   141.8930 7.6164e+01     3.5663     -0.088     -0.128    16.5420 0.0000e+00
     -0.085      0.009     6.7161     69.058     41.233  34.267873     3.5258      7.501   142.5030 7.7008e+01     3.5189     -0.081     -0.118    16.5508 0.0000e+00
     -0.085      0.012     6.7314     68.891     41.252  34.283568     3.5077      7.502   143.2105 7.7579e+01     3.4872     -0.082     -0.119    16.5519 0.0000e+00
     -0.085      0.014     6.7407     68.617     41.239  34.271267     3.5127      7.505   143.7367 7.7159e+01     3.5249     -0.085     -0.123    16.5455 0.0000e+00
     -0.082      0.014     6.7419     68.324     41.212  34.246029     3.5363      7.507   144.1334 7.5575e+01     3.5994     -0.082     -0.120    16.5464 0.0000e+00
     -0.076      0.014     6.7425     68.074     41.200  34.232199     3.5435      7.507   144.7377 7.3365e+01     3.6021     -0.075     -0.109    16.5512 0.0000e+00
     -0.069      0.013     6.7248     67.959     41.200  34.230943     3.5340      7.509   145.4502 7.1751e+01     3.5575     -0.067     -0.097    16.5504 0.0000e+00
     -0.064      0.011     6.6936     68.052     41.199  34.230828     3.5130      7.512   146.0363 7.1414e+01     3.5373     -0.061     -0.089    16.5482 0.0000e+00
     -0.062      0.009     6.6651     68.321     41.194  34.230818     3.5049      7.514   146.4902 7.2096e+01     3.5630     -0.059     -0.086    16.5449 0.0000e+00
     -0.063      0.007     6.6378     68.714     41.188  34.230826     3.5199      7.515   146.9806 7.3044e+01     3.5950     -0.062     -0.090    16.5397 0.0000e+00
     -0.064      0.007     6.6227     69.177     41.183  34.230930     3.5279      7.516   147.4914 7.3123e+01     3.5480     -0.065     -0.094    16.5360 0.0000e+00
     -0.064      0.008     6.6345     69.609     41.180  34.232073     3.5429      7.516   147.9347 7.2135e+01     3.4391     -0.064     -0.092    16.5378 0.0000e+00
     -0.060      0.009     6.6621     69.948     41.191  34.244657     3.5854      7.517   148.3825 7.0948e+01     3.4051     -0.059     -0.085    16.5444 0.0000e+00
     -0.055      0.009     6.6991     70.180     41.201  34.256192     3.6257      7.518   149.0343 7.0036e+01     3.4787     -0.054     -0.078    16.5508 0.0000e+00
     -0.050      0.008     6.7498     70.316     41.182  34.244657     3.6465      7.519   149.8792 6.9731e+01     3.5782     -0.048     -0.070    16.5557 0.0000e+00
     -0.048      0.005     6.7921     70.360     41.162  34.232081     3.6374      7.520   150.5096 6.9612e+01     3.6179     -0.046     -0.067    16.5608 0.0000e+00
     -0.049      0.000     6.8255     70.282     41.154  34.231041     3.5659      7.522   150.9784 6.9894e+01     3.5489     -0.048     -0.069    16.5639 0.0000e+00
     -0.050     -0.003     6.8469     70.087     41.149  34.232089     3.4565      7.523   151.5033 7.1397e+01     3.4609     -0.049     -0.071    16.5675 0.0000e+00
     -0.053     -0.004     6.8582     69.821     41.161  34.244753     3.4045      7.524   151.7794 7.2823e+01     3.4759     -0.051     -0.074    16.5733 0.0000e+00
     -0.056     -0.002     6.8647     69.534     41.174  34.257276     3.4117      7.525   151.9079 7.3513e+01     3.5593     -0.055     -0.080    16.5784 0.0000e+00
     -0.057      0.003     6.8550     69.220     41.179  34.256609     3.4359      7.527   152.1964 7.4036e+01     3.5471     -0.057     -0.083    16.5860 0.0000e+00
     -0.057      0.008     6.8338     68.895     41.175  34.236685     3.4724      7.528   152.5150 7.3896e+01     3.4653     -0.057     -0.083    16.5931 0.0000e+00
     -0.054      0.013     6.8044     68.622     41.165  34.206704     3.4936      7.529   152.9205 7.3024e+01     3.4588     -0.054     -0.079    16.5944 0.0000e+00
     -0.047      0.015     6.7775     68.377     41.178  34.211306     3.5019      7.530   153.3999 7.1389e+01     3.5025     -0.046     -0.067    16.5972 0.0000e+00
     -0.038      0.015     6.7475     68.153     41.187  34.228872     3.4983      7.531   153.8371 6.9213e+01     3.5153     -0.036     -0.052    16.5993 0.0000e+00
