Data/DataNotYetUploadedToEDI/Raw_CTD/RawDownloads/101524_fcr10_S7809003.cnv
* Sea-Bird SBE19plus  Data File:
* FileName = C:\R\Reservoirs\Data\DataNotYetUploadedToEDI\Raw_CTD\RawDownloads\100724_fcr50_S7809_0003.hex
* Software version 2.8.0.119
* Temperature SN = 7809
* Conductivity SN = 7809
* System UpLoad Time = Oct 24 2024 12:50:42
* <ApplicationData>
* <Seaterm232>
# nquan = 15
# nvalues = 234                         
# units = specified
# name 0 = depFM: Depth [fresh water, m]
# name 1 = dz/dtM: Descent Rate [m/s]
# name 2 = sbeox0Mg/L: Oxygen, SBE 43 [mg/l]
# name 3 = sbeox0PS: Oxygen, SBE 43 [% saturation]
# name 4 = specc: Specific Conductance [uS/cm]
# name 5 = c0uS/cm: Conductivity [uS/cm]
# name 6 = flECO-AFL: Fluorescence, WET Labs ECO-AFL/FL [mg/m^3]
# name 7 = ph: pH
# name 8 = orp: Oxidation Reduction Potential [mV]
# name 9 = par/sat/log: PAR/Logarithmic, Satlantic
# name 10 = turbWETntu0: Turbidity, WET Labs ECO [NTU]
# name 11 = prdM: Pressure, Strain Gauge [db]
# name 12 = prdE: Pressure, Strain Gauge [psi]
# name 13 = tv290C: Temperature [ITS-90, deg C]
# name 14 = flag:  0.000e+00
# span 0 =     -0.671,      0.611       
# span 1 =     -0.008,      0.155       
# span 2 =     5.3397,    10.6681       
# span 3 =     54.009,    101.625       
# span 4 =      1.148,     43.987       
# span 5 =   0.803935,  34.848238       
# span 6 =    -0.1070,     4.1621       
# span 7 =     -2.558,      7.688       
# span 8 =    45.1552,  1196.6989       
# span 9 = 2.6928e+01, 1.5481e+02       
# span 10 =     0.8812,     3.7552      
# span 11 =     -0.658,      0.600      
# span 12 =     -0.956,      0.870      
# span 13 =    10.0038,    16.8086      
# span 14 = 0.0000e+00, 0.0000e+00      
# interval = seconds: 0.25
# start_time = Oct 15 2024 12:24:16 [Instrument's time stamp, header]
# bad_flag = -9.990e-29
*END*
[from data line 193]
      0.529      0.003     8.2449     81.112     41.330  34.550685     3.9424      7.620   191.5286 3.1656e+01     3.5575      0.519      0.753    16.8086 0.0000e+00
      0.529      0.004     8.1252     80.574     41.306  34.526565     4.0402      7.623   191.8138 3.1559e+01     3.5505      0.519      0.753    16.8077 0.0000e+00
      0.530      0.005     8.0149     80.172     41.307  34.526565     4.0424      7.625   192.1271 3.1343e+01     3.4706      0.520      0.754    16.8054 0.0000e+00
      0.533      0.005     7.9300     79.894     41.336  34.550685     4.0355      7.626   192.3916 3.1070e+01     3.4796      0.522      0.758    16.8024 0.0000e+00
      0.536      0.005     7.8678     79.677     41.351  34.564414     4.0484      7.629   192.6022 3.0923e+01     3.5911      0.527      0.764    16.7945 0.0000e+00
      0.538      0.005     7.8170     79.505     41.353  34.565662     4.0564      7.632   192.8668 3.0959e+01     3.6233      0.528      0.765    16.7872 0.0000e+00
      0.537      0.005     7.7760     79.360     41.354  34.565775     4.0572      7.635   193.2681 3.1053e+01     3.5273      0.526      0.763    16.7874 0.0000e+00
      0.537      0.006     7.7548     79.218     41.356  34.565776     4.0414      7.636   193.5820 3.1094e+01     3.3858      0.527      0.764    16.7885 0.0000e+00
      0.538      0.008     7.7316     79.105     41.357  34.565672     4.0074      7.639   193.6510 3.1108e+01     3.3141      0.528      0.766    16.7894 0.0000e+00
      0.540      0.011     7.7154     79.012     41.357  34.564519     4.0036      7.641   193.7578 3.1062e+01     3.3436      0.529      0.768    16.7898 0.0000e+00
      0.543      0.013     7.7048     78.913     41.344  34.551829     4.0037      7.642   194.0137 3.0876e+01     3.3318      0.533      0.773    16.7874 0.0000e+00
      0.548      0.014     7.6874     78.833     41.331  34.539139     3.9413      7.645   194.2492 3.0546e+01     3.3426      0.538      0.780    16.7861 0.0000e+00
      0.554      0.013     7.6783     78.812     41.332  34.537977     3.8489      7.647   194.4550 3.0111e+01     3.4396      0.544      0.788    16.7854 0.0000e+00
      0.559      0.012     7.6708     78.829     41.333  34.537768     3.8100      7.648   194.6946 2.9709e+01     3.5147      0.550      0.797    16.7842 0.0000e+00
      0.562      0.009     7.6604     78.853     41.332  34.536614     3.8212      7.648   194.9955 2.9462e+01     3.5677      0.552      0.801    16.7819 0.0000e+00
      0.562      0.006     7.6507     78.896     41.317  34.524028     3.7847      7.649   195.2540 2.9344e+01     3.5674      0.551      0.800    16.7796 0.0000e+00
      0.562      0.003     7.6499     78.950     41.302  34.512484     3.6852      7.651   195.4103 2.9281e+01     3.5454      0.552      0.800    16.7775 0.0000e+00
      0.562      0.001     7.6548     78.998     41.315  34.523925     3.6252      7.652   195.5952 2.9259e+01     3.5405      0.551      0.799    16.7746 0.0000e+00
      0.563      0.001     7.6548     79.043     41.330  34.535470     3.6330      7.655   195.8552 2.9324e+01     3.5077      0.552      0.801    16.7741 0.0000e+00
      0.564      0.002     7.6597     79.071     41.320  34.525183     3.6542      7.657   196.0588 2.9498e+01     3.4907      0.554      0.803    16.7755 0.0000e+00
      0.564      0.002     7.6659     79.064     41.323  34.526430     3.6658      7.659   196.2500 2.9709e+01     3.4718      0.553      0.802    16.7762 0.0000e+00
      0.564      0.002     7.6694     79.038     41.353  34.550549     3.6813      7.660   196.5319 2.9818e+01     3.4498      0.552      0.801    16.7765 0.0000e+00
      0.565      0.002     7.6748     79.008     41.369  34.563020     3.6922      7.661   196.8004 2.9779e+01     3.4639      0.554      0.804    16.7758 0.0000e+00
      0.567      0.002     7.6794     78.947     41.354  34.550323     3.6973      7.664   197.0014 2.9697e+01     3.5055      0.556      0.806    16.7726 0.0000e+00
      0.567      0.002     7.6777     78.858     41.322  34.523915     3.7518      7.666   197.2407 2.9630e+01     3.5783      0.556      0.806    16.7723 0.0000e+00
      0.567      0.002     7.6735     78.778     41.288  34.497507     3.8351      7.668   197.5429 2.9499e+01     3.5916      0.556      0.806    16.7726 0.0000e+00
      0.567      0.002     7.6734     78.712     41.272  34.484818     3.8644      7.669   197.7296 2.9287e+01     3.4947      0.556      0.807    16.7709 0.0000e+00
      0.568      0.002     7.6674     78.670     41.287  34.497384     3.8640      7.672   197.8642 2.9079e+01     3.4325      0.557      0.808    16.7698 0.0000e+00
      0.568      0.002     7.6562     78.674     41.317  34.522553     3.8632      7.674   198.1374 2.8907e+01     3.4881      0.557      0.808    16.7697 0.0000e+00
      0.569      0.003     7.6489     78.704     41.330  34.535346     3.8470      7.675   198.3654 2.8751e+01     3.5524      0.558      0.809    16.7728 0.0000e+00
      0.570      0.003     7.6420     78.743     41.317  34.525172     3.8259      7.677   198.3845 2.8625e+01     3.5270      0.559      0.811    16.7746 0.0000e+00
      0.571      0.004     7.6364     78.814     41.322  34.526446     3.7995      7.679   198.3673 2.8570e+01     3.4884      0.559      0.811    16.7722 0.0000e+00
      0.572      0.007     7.6383     78.907     41.356  34.550735     3.7534      7.681   198.4158 2.8574e+01     3.5298      0.561      0.814    16.7726 0.0000e+00
      0.572      0.011     7.6420     78.989     41.373  34.565050     3.6849      7.683   198.5409 2.8593e+01     3.5493      0.562      0.815    16.7762 0.0000e+00
      0.573      0.016     7.6426     79.041     41.378  34.572643     3.6446      7.685   198.7624 2.8540e+01     3.5192      0.561      0.814    16.7793 0.0000e+00
      0.578      0.020     7.6514     79.064     41.379  34.579095     3.6409      7.687   198.9421 2.8293e+01     3.5069      0.566      0.821    16.7750 0.0000e+00
      0.585      0.022     7.6637     79.069     41.376  34.579629     3.6392      7.688   198.9926 2.7903e+01     3.5030      0.574      0.832    16.7644 0.0000e+00
      0.595 -9.990e-29     7.6716 -9.990e-29 -9.990e-29 -9.990e-29 -9.990e-29 -9.990e-29 -9.990e-29 2.7499e+01 -9.990e-29      0.584      0.847    16.7662 0.0000e+00
      0.603 -9.990e-29     7.6760 -9.990e-29 -9.990e-29 -9.990e-29 -9.990e-29 -9.990e-29 -9.990e-29 2.7162e+01 -9.990e-29      0.593      0.860    16.7735 0.0000e+00
      0.609 -9.990e-29     7.6757 -9.990e-29 -9.990e-29 -9.990e-29 -9.990e-29 -9.990e-29 -9.990e-29 2.6975e+01 -9.990e-29      0.598      0.868    16.7809 0.0000e+00
      0.611 -9.990e-29     7.6755 -9.990e-29 -9.990e-29 -9.990e-29 -9.990e-29 -9.990e-29 -9.990e-29 2.6928e+01 -9.990e-29      0.600      0.870    16.7876 0.0000e+00
