Data/DataNotYetUploadedToEDI/Raw_CTD/RawDownloads/101524_fcr50_S7809002.cnv
* Sea-Bird SBE19plus  Data File:
* FileName = C:\R\Reservoirs\Data\DataNotYetUploadedToEDI\Raw_CTD\RawDownloads\100724_fcr50_S7809_0002.hex
* Software version 2.8.0.119
* Temperature SN = 7809
* Conductivity SN = 7809
* System UpLoad Time = Oct 24 2024 12:50:32
* <ApplicationData>
* <Seaterm232>
# nquan = 15
# nvalues = 253                         
# units = specified
# name 0 = depFM: Depth [fresh water, m]
# name 1 = dz/dtM: Descent Rate [m/s]
# name 2 = sbeox0Mg/L: Oxygen, SBE 43 [mg/l]
# name 3 = sbeox0PS: Oxygen, SBE 43 [% saturation]
# name 4 = specc: Specific Conductance [uS/cm]
# name 5 = c0uS/cm: Conductivity [uS/cm]
# name 6 = flECO-AFL: Fluorescence, WET Labs ECO-AFL/FL [mg/m^3]
# name 7 = ph: pH
# name 8 = orp: Oxidation Reduction Potential [mV]
# name 9 = par/sat/log: PAR/Logarithmic, Satlantic
# name 10 = turbWETntu0: Turbidity, WET Labs ECO [NTU]
# name 11 = prdM: Pressure, Strain Gauge [db]
# name 12 = prdE: Pressure, Strain Gauge [psi]
# name 13 = tv290C: Temperature [ITS-90, deg C]
# name 14 = flag:  0.000e+00
# span 0 =     -0.680,      0.055       
# span 1 =     -0.002,      4.442       
# span 2 =     5.0143,     8.0060       
# span 3 =     51.884,     82.699       
# span 4 =      3.088,     46.895       
# span 5 =   2.475738,  38.718245       
# span 6 =    -0.1533,     4.2955       
# span 7 =      8.017,      8.100       
# span 8 =   224.0327,   304.8257       
# span 9 = 4.9310e+01, 1.3353e+02       
# span 10 =     0.7283,    41.7296      
# span 11 =     -0.667,      0.055      
# span 12 =     -0.968,      0.079      
# span 13 =    15.0704,    17.1951      
# span 14 = 0.0000e+00, 0.0000e+00      
# interval = seconds: 0.25
# start_time = Oct 15 2024 11:09:52 [Instrument's time stamp, header]
# bad_flag = -9.990e-29
*END*
     -0.677 2.8040e-18     7.0980     71.309      7.249   5.810310    -0.0828      8.020   224.0327 8.7807e+01     2.9266     -0.664     -0.963    15.0724 0.0000e+00
     -0.677 2.5374e-19     7.1115     71.554      6.769   5.425102    -0.0608      8.021   224.6217 9.5384e+01     2.9586     -0.664     -0.963    15.0722 0.0000e+00
     -0.677 1.0225e-20     7.1306     71.800      6.570   5.266256    -0.0713      8.024   228.0327 1.0265e+02     2.9333     -0.664     -0.963    15.0720 0.0000e+00
     -0.677 -1.403e-19     7.1518     72.069      6.908   5.536961    -0.0932      8.034   228.5364 1.0847e+02     2.5188     -0.664     -0.963    15.0718 0.0000e+00
     -0.677 -1.567e-18     7.1804     72.333      7.374   5.910525    -0.1082      8.040   226.4960 1.1277e+02     1.7731     -0.665     -0.964    15.0716 0.0000e+00
     -0.677 -1.724e-17     7.2046     72.649      7.700   6.171700    -0.1197      8.033   234.2507 1.1183e+02     1.3632     -0.664     -0.963    15.0714 0.0000e+00
     -0.678 -1.896e-16     7.2263     73.094      8.002   6.413949    -0.1245      8.023   247.0135 1.0535e+02     1.3205     -0.665     -0.964    15.0713 0.0000e+00
     -0.678 -2.086e-15     7.2579     73.541      8.182   6.558649    -0.1328      8.018   252.6977 9.7878e+01     1.2233     -0.665     -0.964    15.0714 0.0000e+00
     -0.677 -2.294e-14     7.2817     73.825      8.222   6.590729    -0.1453      8.017   254.6234 9.3625e+01     1.0759     -0.664     -0.963    15.0712 0.0000e+00
     -0.677 -2.524e-13     7.3065     73.915      8.169   6.548399    -0.1428      8.017   256.2727 8.9527e+01     1.0749     -0.664     -0.963    15.0714 0.0000e+00
     -0.677 -2.776e-12     7.3589     73.777      8.018   6.426984    -0.1355      8.018   256.9804 8.4135e+01     1.0751     -0.664     -0.963    15.0723 0.0000e+00
     -0.677 -3.054e-11     7.4117     73.328      7.814   6.263169    -0.1325      8.021   257.4153 8.4036e+01     0.9754     -0.664     -0.963    15.0732 0.0000e+00
     -0.677 -3.359e-10     7.4387     72.611      7.516   6.024967    -0.1058      8.023   257.7449 8.8808e+01     0.9624     -0.664     -0.963    15.0738 0.0000e+00
     -0.677 -3.695e-09     7.4476     71.726      7.191   5.764404    -0.0707      8.025   258.8152 9.5557e+01     0.9864     -0.664     -0.963    15.0740 0.0000e+00
     -0.677 -4.064e-08     7.4408     70.750      6.966   5.583648    -0.0659      8.027   260.8917 1.0261e+02     0.9588     -0.664     -0.963    15.0742 0.0000e+00
     -0.677 -4.471e-07     7.3916     69.804      6.766   5.423368    -0.0894      8.028   262.3744 1.0488e+02     0.9702     -0.664     -0.963    15.0743 0.0000e+00
     -0.677     -0.000     7.3150     68.967      6.434   5.156931    -0.1139      8.029   262.6315 1.0519e+02     1.0214     -0.664     -0.963    15.0738 0.0000e+00
     -0.677     -0.000     7.2256     68.225      6.030   4.833010    -0.1202      8.032   263.1405 1.0929e+02     1.0658     -0.664     -0.963    15.0731 0.0000e+00
     -0.677     -0.001     7.1213     67.590      5.674   4.547858    -0.1165      8.036   264.4848 1.1617e+02     1.0633     -0.664     -0.963    15.0725 0.0000e+00
     -0.677     -0.002     7.0226     67.108      5.373   4.306650    -0.1105      8.039   269.4210 1.2271e+02     1.0244     -0.664     -0.963    15.0718 0.0000e+00
     -0.677     -0.002     6.9411     66.765      5.158   4.133919    -0.0974      8.042   277.6526 1.2795e+02     1.0396     -0.664     -0.963    15.0714 0.0000e+00
     -0.678     -0.002     6.8662     66.506      4.965   3.979821    -0.0835      8.043   282.0167 1.3192e+02     1.0761     -0.664     -0.964    15.0710 0.0000e+00
     -0.679     -0.002     6.7985     66.268      4.708   3.773835    -0.0845      8.044   282.4369 1.2853e+02     1.0556     -0.666     -0.967    15.0706 0.0000e+00
     -0.680     -0.002     6.7520     66.052      4.422   3.543869    -0.1005      8.046   283.2496 1.1292e+02     0.9971     -0.667     -0.968    15.0705 0.0000e+00
     -0.680     -0.001     6.7185     65.911      4.184   3.353202    -0.1183      8.048   284.8744 9.5867e+01     0.9841     -0.667     -0.967    15.0706 0.0000e+00
     -0.680     -0.001     6.6962     65.859      4.045   3.242270    -0.1332      8.048   287.1110 8.6661e+01     0.9997     -0.667     -0.968    15.0704 0.0000e+00
     -0.680     -0.000     6.6720     65.870      3.934   3.152832    -0.1473      8.050   289.7288 7.8671e+01     0.9808     -0.667     -0.967    15.0705 0.0000e+00
     -0.680 -1.878e-08     6.6471     65.921      3.783   3.032004    -0.1479      8.052   291.4029 6.9198e+01     0.9956     -0.667     -0.967    15.0705 0.0000e+00
     -0.680 -2.066e-07     6.6327     66.015      3.645   2.921605    -0.1320      8.053   292.1231 6.0769e+01     1.0426     -0.667     -0.967    15.0707 0.0000e+00
     -0.680 -2.066e-07     6.6285     66.153      3.532   2.831573    -0.1294      8.054   292.9304 5.2806e+01     1.0366     -0.667     -0.967    15.0710 0.0000e+00
     -0.680 -1.878e-08     6.6308     66.308      3.452   2.766948    -0.1423      8.056   293.6784 4.9310e+01     1.0255     -0.667     -0.967    15.0714 0.0000e+00
     -0.680 -1.707e-09     6.6355     66.450      3.461   2.773692    -0.1460      8.059   294.1980 5.3587e+01     1.0447     -0.667     -0.967    15.0716 0.0000e+00
     -0.680 -1.552e-10     6.6445     66.581      3.477   2.786421    -0.1412      8.061   294.7383 6.1423e+01     0.9944     -0.666     -0.966    15.0719 0.0000e+00
     -0.680 -1.410e-11     6.6594     66.741      3.407   2.730820    -0.1341      8.062   295.4796 6.7502e+01     0.8619     -0.667     -0.967    15.0724 0.0000e+00
     -0.680 -1.211e-12     6.6768     66.978      3.333   2.671539    -0.1348      8.064   296.1912 7.1800e+01     0.7410     -0.666     -0.966    15.0727 0.0000e+00
     -0.680 6.7339e-13     6.6905     67.297      3.294   2.639782    -0.1412      8.067   296.4590 7.3411e+01     0.7283     -0.667     -0.967    15.0729 0.0000e+00
     -0.680 8.6793e-12     6.7026     67.662      3.244   2.600228    -0.1362      8.069   296.5668 6.9839e+01     0.8449     -0.667     -0.967    15.0730 0.0000e+00
     -0.680 9.5588e-11     6.7161     68.046      3.210   2.573380    -0.1333      8.070   298.1832 6.4905e+01     0.9557     -0.666     -0.966    15.0732 0.0000e+00
     -0.680 1.0515e-09     6.7395     68.443      3.205   2.568550    -0.1478      8.071   301.6345 6.3786e+01     1.0086     -0.666     -0.966    15.0735 0.0000e+00
     -0.680 1.1566e-08     6.7740     68.839      3.171   2.541832    -0.1533      8.072   303.9658 6.7732e+01     1.0750     -0.666     -0.966    15.0737 0.0000e+00
     -0.680 1.2723e-07     6.8114     69.186      3.123   2.503716    -0.1412      8.074   304.1726 7.5729e+01     1.1087     -0.667     -0.967    15.0740 0.0000e+00
     -0.680      0.000     6.8500     69.461      3.103   2.487771    -0.1269      8.077   304.3078 8.4859e+01     1.2802     -0.667     -0.967    15.0746 0.0000e+00
     -0.680      0.000     6.8900     69.684      3.088   2.475738    -0.0970      8.080   304.8257 9.0467e+01     1.7132     -0.667     -0.967    15.0745 0.0000e+00
     -0.680      0.000     6.9319     69.866      3.099   2.484918    -0.0623      8.083   304.5833 9.0727e+01     2.1087     -0.666     -0.967    15.0749 0.0000e+00
     -0.680      0.002     6.9690     70.039      3.554   2.852150    -0.0075      8.087   301.5498 8.9119e+01     3.0553     -0.666     -0.967    15.0743 0.0000e+00
     -0.680      0.010     6.9934     70.221      7.239   5.839020     0.5907      8.089   282.6021 8.9664e+01    13.0569     -0.666     -0.967    15.0756 0.0000e+00
     -0.680      0.030     7.0178     70.387     19.742  16.042790     1.7115      8.091   250.7503 9.3906e+01    31.4902     -0.666     -0.967    15.0742 0.0000e+00
     -0.679      0.059     7.0336     70.546     36.934  30.188396     2.3406      8.094   235.2073 1.0110e+02    41.5377     -0.666     -0.966    15.0773 0.0000e+00
     -0.673      0.093     7.0496     70.693     46.182  37.944027     2.4453      8.098   236.6381 1.0807e+02    41.7296     -0.667     -0.968    15.0731 0.0000e+00
     -0.646      0.125     7.0698     70.825     46.895  38.718245     2.6949      8.100   238.7968 1.1299e+02    32.7511     -0.645     -0.936    15.0860 0.0000e+00
     -0.595      0.148     7.0439     70.970     45.790  37.963657     3.1032      8.098   239.7123 1.1699e+02    15.9861     -0.583     -0.846    15.3478 0.0000e+00
     -0.537      0.157     6.9940     71.120     45.012  37.451059     3.3199      8.095   240.0492 1.2080e+02     6.8170     -0.524     -0.760    15.7890 0.0000e+00
     -0.484      0.149     6.9639     71.245     44.603  37.216472     3.3422      8.093   240.2888 1.2403e+02     6.0228     -0.474     -0.687    16.0941 0.0000e+00
     -0.440      0.125     6.9459     71.367     44.363  37.094543     3.3557      8.090   240.4586 1.2605e+02     6.0078     -0.425     -0.616    16.2899 0.0000e+00
     -0.413      0.092     6.9358     71.513     44.246  37.055659     3.3681      8.088   240.4674 1.2687e+02     5.9858     -0.399     -0.578    16.4596 0.0000e+00
     -0.403      0.059     6.9309     71.674     44.361  37.190581     3.3663      8.087   240.5679 1.2722e+02     5.9287     -0.393     -0.570    16.6097 0.0000e+00
     -0.400      0.034     6.9245     71.851     44.655  37.456812     3.3593      8.086   240.9858 1.2751e+02     5.8984     -0.392     -0.569    16.7259 0.0000e+00
     -0.399      0.019     6.9222     72.038     44.827  37.609528     3.3593      8.083   241.6478 1.2767e+02     5.8925     -0.391     -0.568    16.8102 0.0000e+00
     -0.399      0.015     6.9285     72.226     45.012  37.767964     3.3655      8.079   242.1198 1.2765e+02     5.9250     -0.391     -0.567    16.8790 0.0000e+00
     -0.398      0.019     6.9363     72.408     45.412  38.103296     3.3679      8.077   242.3033 1.2772e+02     5.9162     -0.389     -0.565    16.9218 0.0000e+00
     -0.396      0.024     6.9522     72.576     45.646  38.300763     3.3549      8.076   242.4050 1.2836e+02     5.8546     -0.390     -0.565    16.9399 0.0000e+00
     -0.386      0.027     6.9689     72.766     45.510  38.188352     3.3418      8.075   242.4895 1.2942e+02     5.8290     -0.385     -0.557    16.9470 0.0000e+00
     -0.370      0.031     6.9868     73.035     45.077  37.822922     3.3753      8.072   242.6364 1.3019e+02     5.8116     -0.360     -0.522    16.9513 0.0000e+00
     -0.358      0.038     7.0059     73.325     44.850  37.626342     3.4434      8.067   242.8905 1.3033e+02     5.7801     -0.348     -0.504    16.9463 0.0000e+00
     -0.355      0.045     7.0203     73.518     45.191  37.905571     3.4748      8.063   243.0663 1.3005e+02     5.7219     -0.348     -0.504    16.9504 0.0000e+00
     -0.353      0.048     7.0350     73.664     45.423  38.089666     3.4720      8.062   243.0409 1.3007e+02     5.6545     -0.349     -0.507    16.9530 0.0000e+00
     -0.341      0.051     7.0624     73.834     45.355  38.011976     3.5170      8.061   242.9279 1.3092e+02     5.7175     -0.343     -0.497    16.9505 0.0000e+00
     -0.315      0.056     7.1011     74.009     45.426  38.044989     3.6198      8.059   242.8182 1.3190e+02     5.9026     -0.305     -0.441    16.9435 0.0000e+00
     -0.295      0.058     7.1150     74.193     45.529  38.108040     3.6836      8.056   242.8334 1.3228e+02     6.0137     -0.283     -0.412    16.9354 0.0000e+00
     -0.284      0.056     7.1261     74.398     45.439  38.012807     3.6803      8.054   242.9392 1.3278e+02     5.9677     -0.283     -0.411    16.9314 0.0000e+00
     -0.269      0.049     7.1510     74.617     45.180  37.781910     3.6549      8.053   242.9795 1.3353e+02     5.8922     -0.262     -0.380    16.9024 0.0000e+00
     -0.254      0.042     7.1706     74.846     44.896  37.537264     3.6425      8.053   242.9760 1.3337e+02     5.9213     -0.246     -0.356    16.8688 0.0000e+00
     -0.249      0.039     7.1923     75.123     44.656  37.339237     3.6556      8.053   243.0694 1.3257e+02     5.9782     -0.244     -0.353    16.8465 0.0000e+00
     -0.245      0.039     7.2154     75.419     44.276  37.037446     3.6632      8.052   243.4200 1.3236e+02     5.9644     -0.243     -0.352    16.8217 0.0000e+00
     -0.236      0.047     7.2407     75.624     43.742  36.616891     3.6258      8.050   243.9458 1.3281e+02     5.8574     -0.234     -0.339    16.8056 0.0000e+00
     -0.223      0.067     7.2616     75.776     43.654  36.569229     3.5616      8.047   244.3504 1.3314e+02     5.7438     -0.217     -0.314    16.7982 0.0000e+00
     -0.212      0.091     7.2869     75.926     44.104  36.968804     3.5370      8.044   244.4402 1.3198e+02     5.7527     -0.207     -0.299    16.7985 0.0000e+00
     -0.196      0.106     7.3228     76.067     44.278  37.133304     3.5449      8.041   244.4297 1.1773e+02     5.7595     -0.204     -0.296    16.8171 0.0000e+00
     -0.156      0.111     7.3315     76.285     43.923  36.844967     3.5658      8.039   244.8254 9.3369e+01     5.6547     -0.164     -0.239    16.8535 0.0000e+00
     -0.099      0.106     7.3389     76.644     43.387  36.401446     3.6056      8.037   245.4399 8.2441e+01     5.5449     -0.085     -0.124    16.8833 0.0000e+00
     -0.059      0.096     7.3544     77.219     42.921  36.022100     3.6267      8.035   245.6635 8.0735e+01     5.4916     -0.045     -0.066    16.9059 0.0000e+00
     -0.047      0.082     7.3574     78.176     42.650  35.811657     3.6381      8.034   245.5508 7.7717e+01     5.4881     -0.045     -0.066    16.9332 0.0000e+00
     -0.045      0.062     7.3759     79.423     42.567  35.760559     3.6521      8.034   245.4538 7.8304e+01     5.5025     -0.044     -0.064    16.9403 0.0000e+00
     -0.041      0.045     7.4112     80.534     42.574  35.785007     3.6954      8.034   245.5233 7.8841e+01     5.4601     -0.043     -0.063    16.9410 0.0000e+00
     -0.030      0.038     7.4534     81.199     42.562  35.790032     3.7791      8.033   245.7025 7.6649e+01     5.3856     -0.032     -0.047    16.9578 0.0000e+00
     -0.014      0.036     7.5427     81.273     42.512  35.757882     3.8154      8.033   245.9862 7.5458e+01     5.3871     -0.011     -0.016    16.9793 0.0000e+00
      0.000      0.034     7.6836     80.676     42.452  35.713547     3.8174      8.034   246.3717 7.4925e+01     5.4449      0.003      0.004    17.0004 0.0000e+00
      0.009      0.029     7.7941     79.474     42.428  35.698139     3.8447      8.034   246.5782 7.4455e+01     5.4355      0.009      0.014    17.0238 0.0000e+00
      0.014      0.025     7.8592     77.874     42.577  35.825388     3.8632      8.033   246.5037 7.4578e+01     5.3751      0.014      0.021    17.0439 0.0000e+00
      0.015      0.022     7.8691     76.119     42.841  36.046538     3.8652      8.032   246.1594 7.4682e+01     5.3632      0.016      0.023    17.0531 0.0000e+00
      0.016      0.022     7.8080     74.437     42.892  36.087819     3.8693      8.031   245.6846 7.4903e+01     5.3951      0.015      0.022    17.0595 0.0000e+00
      0.021      0.023     7.6835     73.040     42.720  35.943800     3.8638      8.031   245.5806 7.3777e+01     5.4527      0.016      0.024    17.0648 0.0000e+00
      0.032      0.023     7.5185     71.965     42.580  35.828048     3.8397      8.030   245.7629 7.1419e+01     5.4456      0.031      0.045    17.0693 0.0000e+00
      0.044      0.022     7.3448     71.130     42.505  35.766939     3.8107      8.029   246.0819 7.0488e+01     5.3432      0.047      0.067    17.0672 0.0000e+00
      0.049      0.018     7.1716     70.462     42.439  35.712548     3.8135      8.030   246.5983 7.0632e+01     5.3420      0.049      0.071    17.0615 0.0000e+00
      0.050      0.012     7.0370     69.810     42.398  35.678005     3.8409      8.030   246.2426 7.0715e+01     5.4649      0.048      0.070    17.0646 0.0000e+00
