Data/DataNotYetUploadedToEDI/Raw_CTD/RawDownloads/101620_fcr50_0004.cnv
* Sea-Bird SBE19plus  Data File:
* FileName = C:\DATA\101620_fcr50_0004.hex
* Software version 2.8.0.119
* Temperature SN = 7809
* Conductivity SN = 7809
* System UpLoad Time = Oct 17 2020 10:21:29
* <ApplicationData>
* <Seaterm232>
# nquan = 16
# nvalues = 1895                        
# units = specified
# name 0 = depFM: Depth [fresh water, m]
# name 1 = dz/dtM: Descent Rate [m/s]
# name 2 = orp: Oxidation Reduction Potential [mV]
# name 3 = sbeox0Mg/L: Oxygen, SBE 43 [mg/l]
# name 4 = sbeox0PS: Oxygen, SBE 43 [% saturation]
# name 5 = par/sat/log: PAR/Logarithmic, Satlantic
# name 6 = ph: pH
# name 7 = specc: Specific Conductance [uS/cm]
# name 8 = c0uS/cm: Conductivity [uS/cm]
# name 9 = flECO-AFL: Fluorescence, WET Labs ECO-AFL/FL [mg/m^3]
# name 10 = turbWETntu0: Turbidity, WET Labs ECO [NTU]
# name 11 = tv290C: Temperature [ITS-90, deg C]
# name 12 = density00: Density [density, kg/m^3]
# name 13 = prdE: Pressure, Strain Gauge [psi]
# name 14 = prdM: Pressure, Strain Gauge [db]
# name 15 = flag:  0.000e+00
# span 0 =     -0.645,      9.569       
# span 1 =     -0.218,      0.131       
# span 2 =  -153.3091,   302.5666       
# span 3 =     0.1356,    12.1735       
# span 4 =      1.339,    108.819       
# span 5 = 1.2353e-01, 1.6913e-01       
# span 6 =     15.727,     16.175       
# span 7 =      1.387,     78.766       
# span 8 =   0.820672,  60.633126       
# span 9 =    -1.0181,     4.8342       
# span 10 =    -0.3270,   408.8925      
# span 11 =     4.5701,    15.8698      
# span 12 =   998.9903,   999.9708      
# span 13 =     -0.917,     13.610      
# span 14 =     -0.633,      9.384      
# span 15 = 0.0000e+00, 0.0000e+00      
# interval = seconds: 0.25
# start_time = Oct 16 2020 12:25:34 [Instrument's time stamp, header]
# bad_flag = -9.990e-29
*END*
[from data line 1356]
      9.497      0.032   166.2495     2.6302     24.735 1.2368e-01     15.885     61.786  46.574984    -0.3878    37.6218    12.6878   999.4861     13.512      9.316 0.0000e+00
      9.501      0.026   166.1182     2.6282     24.660 1.2370e-01     15.885     61.792  46.579917    -0.3868    37.6258    12.6876   999.4861     13.515      9.318 0.0000e+00
      9.504      0.021   165.9280     2.6347     24.660 1.2373e-01     15.886     61.795  46.582677    -0.3929    37.6917    12.6877   999.4861     13.516      9.319 0.0000e+00
      9.508      0.018   165.9294     2.6355     24.750 1.2372e-01     15.886     61.830  46.608357    -0.4049    37.8687    12.6878   999.4862     13.523      9.324 0.0000e+00
      9.513      0.018   166.1349     2.6243     24.839 1.2374e-01     15.886     61.867  46.636439    -0.4162    38.0156    12.6877   999.4862     13.533      9.329 0.0000e+00
      9.518      0.021   166.2618     2.6125     24.815 1.2375e-01     15.886     61.909  46.668242    -0.4162    38.0948    12.6876   999.4862     13.540      9.335 0.0000e+00
      9.522      0.023   166.2595     2.6121     24.715 1.2378e-01     15.885     62.255  46.929390    -0.4049    38.0025    12.6877   999.4862     13.543      9.338 0.0000e+00
      9.527      0.024   166.1931     2.6249     24.641 1.2384e-01     15.884     63.696  48.016107    -0.4035    37.7929    12.6878   999.4862     13.547      9.341 0.0000e+00
      9.535      0.024   166.1466     2.6415     24.605 1.2388e-01     15.885     66.364  50.028887    -0.4089    37.7230    12.6877   999.4863     13.562      9.351 0.0000e+00
      9.545      0.023   166.2997     2.6368     24.599 1.2384e-01     15.885     68.589  51.707142    -0.4128    37.7752    12.6878   999.4863     13.579      9.362 0.0000e+00
      9.550      0.021   166.4961     2.6182     24.574 1.2379e-01     15.885     69.379  52.304481    -0.4122    37.7023    12.6878   999.4864     13.584      9.366 0.0000e+00
      9.554      0.018   166.4567     2.6142     24.500 1.2375e-01     15.885     69.622  52.488149    -0.4019    37.3916    12.6884   999.4867     13.589      9.370 0.0000e+00
      9.558      0.013   166.3391     2.6077     24.364 1.2371e-01     15.886     69.931  52.721135    -0.3928    37.1082    12.6893   999.4879     13.595      9.373 0.0000e+00
      9.560      0.009   166.3651     2.6104     24.042 1.2369e-01     15.886     70.420  53.089094    -0.3975    37.0222    12.6910   999.4886     13.598      9.375 0.0000e+00
      9.562      0.007   166.4268     2.6103     23.482 1.2371e-01     15.885     73.586  55.476317    -0.4114    37.0046    12.6921   999.4885     13.600      9.377 0.0000e+00
      9.563      0.006   166.3967     2.5974     22.751 1.2373e-01     15.885     78.556  59.222762    -0.4084    37.0328    12.6919   999.4884     13.602      9.378 0.0000e+00
      9.564      0.005   166.2595     2.5935     21.926 1.2372e-01     15.886     78.766  59.381416    -0.3900    37.1232    12.6917   999.4889     13.603      9.379 0.0000e+00
      9.565      0.004   166.1439     2.5602     21.127 1.2366e-01     15.886     74.870  56.443797    -0.3796    37.1704    12.6916   999.4886     13.605      9.380 0.0000e+00
      9.566      0.004   166.2040     2.4970     20.509 1.2363e-01     15.887     71.386  53.817537    -0.3876    37.1573    12.6916   999.4893     13.606      9.381 0.0000e+00
      9.567      0.003   166.3838     2.4168     20.092 1.2367e-01     15.887     68.666  51.765818    -0.4001    37.2053    12.6917   999.4930     13.608      9.382 0.0000e+00
      9.568      0.002   166.5966     2.3266     19.812 1.2369e-01     15.886     66.820  50.373016    -0.3871    37.3387    12.6922   999.4924     13.609      9.383 0.0000e+00
      9.568      0.001   166.6258     2.2319     19.614 1.2371e-01     15.886     65.647  49.488602    -0.3651    37.4303    12.6921   999.4900     13.610      9.383 0.0000e+00
      9.569     -0.001   166.4796     2.1671     19.443 1.2372e-01     15.886     64.424  48.565914    -0.3623    37.4552    12.6915   999.4894     13.610      9.384 0.0000e+00
      9.569     -0.007   166.6346     2.1280     19.425 1.2370e-01     15.886     63.142  47.598964    -0.3723    37.3643    12.6908   999.4882     13.610      9.384 0.0000e+00
      9.568     -0.022   167.1232     2.0956     19.695 1.2373e-01     15.886     62.271  46.941019    -0.3916    37.1898    12.6901   999.4878     13.609      9.383 0.0000e+00
      9.567     -0.047   167.3973     2.0847     20.237 1.2379e-01     15.886     61.961  46.706422    -0.4141    37.1302    12.6898   999.4876     13.609      9.383 0.0000e+00
      9.562     -0.083   167.4541     2.0559     20.954 1.2372e-01     15.886     61.911  46.667311    -0.4148    37.1597    12.6896   999.4871     13.605      9.380 0.0000e+00
      9.545     -0.122   167.6378     2.0482     21.710 1.2366e-01     15.886     61.902  46.658608    -0.3909    37.2037    12.6891   999.4866     13.587      9.368 0.0000e+00
      9.508     -0.157   167.8118     2.0795     22.406 1.2372e-01     15.886     61.912  46.664690    -0.3827    37.2492    12.6885   999.4862     13.538      9.333 0.0000e+00
      9.448     -0.182   168.0095     2.1392     23.003 1.2375e-01     15.886     61.931  46.677356    -0.4019    37.2633    12.6877   999.4859     13.444      9.270 0.0000e+00
      9.377     -0.194   168.2211     2.2230     23.543 1.2380e-01     15.886     61.943  46.684762    -0.4131    37.2713    12.6865   999.4857     13.331      9.191 0.0000e+00
      9.315     -0.191   168.2190     2.3053     24.076 1.2384e-01     15.885     61.952  46.690738    -0.4035    37.3808    12.6850   999.4856     13.241      9.128 0.0000e+00
      9.270     -0.173   168.2422     2.3824     24.571 1.2378e-01     15.885     61.947  46.686115    -0.3914    37.5568    12.6834   999.4856     13.182      9.089 0.0000e+00
      9.235     -0.145   168.4153     2.4427     24.945 1.2369e-01     15.885     61.955  46.692360    -0.3905    37.6136    12.6821   999.4856     13.135      9.057 0.0000e+00
      9.203     -0.117   168.5923     2.4972     25.150 1.2367e-01     15.885     61.968  46.702760    -0.4020    37.5872    12.6804   999.4857     13.088      9.024 0.0000e+00
      9.176     -0.096   168.8327     2.5557     25.260 1.2368e-01     15.886     61.942  46.684866    -0.4068    37.5817    12.6793   999.4857     13.047      8.995 0.0000e+00
      9.157     -0.083   169.0842     2.6118     25.340 1.2373e-01     15.887     61.916  46.666500    -0.3912    37.6155    12.6791   999.4856     13.021      8.978 0.0000e+00
      9.144     -0.073   169.1384     2.6551     25.349 1.2377e-01     15.887     61.920  46.671180    -0.3755    37.6524    12.6791   999.4856     13.006      8.967 0.0000e+00
      9.129     -0.067   169.0579     2.6724     25.300 1.2376e-01     15.887     61.928  46.677953    -0.3789    37.6151    12.6797   999.4855     12.987      8.954 0.0000e+00
      9.112     -0.062   169.2297     2.6787     25.237 1.2376e-01     15.887     61.937  46.684908    -0.3939    37.5427    12.6809   999.4852     12.960      8.936 0.0000e+00
      9.093     -0.060   169.6669     2.6932     25.164 1.2374e-01     15.887     61.946  46.691772    -0.4045    37.3956    12.6823   999.4849     12.932      8.916 0.0000e+00
      9.076     -0.060   169.8705     2.6916     25.112 1.2369e-01     15.886     61.954  46.697448    -0.4015    37.2093    12.6835   999.4847     12.906      8.898 0.0000e+00
      9.062     -0.064   169.7117     2.6839     25.093 1.2361e-01     15.885     61.944  46.690049    -0.3868    37.1787    12.6841   999.4846     12.888      8.886 0.0000e+00
      9.052     -0.074   169.5539     2.6786     25.031 1.2359e-01     15.885     61.911  46.665805    -0.3788    37.1969    12.6844   999.4845     12.875      8.877 0.0000e+00
      9.039     -0.088   169.6833     2.6692     24.936 1.2366e-01     15.885     61.900  46.658292    -0.3908    37.1545    12.6845   999.4845     12.861      8.867 0.0000e+00
      9.019     -0.100   169.9859     2.6612     24.882 1.2374e-01     15.886     61.906  46.662705    -0.4084    37.1130    12.6844   999.4844     12.836      8.850 0.0000e+00
      8.985     -0.106   170.2009     2.6649     24.837 1.2377e-01     15.887     61.898  46.655670    -0.4095    37.1066    12.6844   999.4842     12.785      8.815 0.0000e+00
      8.942     -0.103   170.2181     2.6592     24.837 1.2373e-01     15.887     61.873  46.636725    -0.3948    37.1460    12.6850   999.4839     12.715      8.767 0.0000e+00
      8.904     -0.093   170.1939     2.6400     24.898 1.2368e-01     15.887     61.856  46.624130    -0.3930    37.2807    12.6855   999.4836     12.654      8.725 0.0000e+00
      8.881     -0.078   170.3384     2.6424     24.933 1.2366e-01     15.886     61.863  46.630375    -0.4167    37.4642    12.6855   999.4835     12.622      8.704 0.0000e+00
      8.873     -0.066   170.5028     2.6334     24.946 1.2362e-01     15.885     61.886  46.648736    -0.4332    37.5120    12.6849   999.4836     12.617      8.699 0.0000e+00
      8.872     -0.062   170.6328     2.6297     24.943 1.2364e-01     15.885     61.894  46.655648    -0.4205    37.5150    12.6846   999.4836     12.621      8.702 0.0000e+00
      8.868     -0.067   170.7921     2.6460     24.912 1.2374e-01     15.885     61.888  46.650462    -0.3965    37.5343    12.6848   999.4836     12.619      8.700 0.0000e+00
      8.853     -0.081   170.8795     2.6450     24.908 1.2371e-01     15.885     61.887  46.649517    -0.3915    37.4707    12.6854   999.4834     12.601      8.688 0.0000e+00
      8.823     -0.097   170.9152     2.6462     24.893 1.2365e-01     15.885     61.881  46.644228    -0.4084    37.3988    12.6864   999.4832     12.554      8.656 0.0000e+00
      8.784     -0.111   170.9655     2.6501     24.841 1.2365e-01     15.885     61.890  46.650010    -0.4193    37.3854    12.6867   999.4830     12.491      8.612 0.0000e+00
      8.749     -0.119   171.0573     2.6393     24.845 1.2365e-01     15.885     61.898  46.655928    -0.4085    37.4118    12.6864   999.4828     12.440      8.577 0.0000e+00
      8.720     -0.122   171.1658     2.6428     24.896 1.2372e-01     15.885     61.893  46.652292    -0.3916    37.4441    12.6860   999.4828     12.403      8.552 0.0000e+00
      8.693     -0.118   171.1582     2.6456     24.907 1.2381e-01     15.885     61.916  46.669552    -0.3867    37.4667    12.6853   999.4827     12.365      8.526 0.0000e+00
      8.663     -0.112   171.0517     2.6311     24.901 1.2379e-01     15.885     61.922  46.674137    -0.3973    37.4437    12.6849   999.4826     12.322      8.497 0.0000e+00
      8.633     -0.107   171.0823     2.6329     24.910 1.2373e-01     15.885     61.882  46.644227    -0.4151    37.3727    12.6850   999.4825     12.278      8.465 0.0000e+00
      8.604     -0.102   171.2703     2.6454     24.916 1.2373e-01     15.886     61.857  46.625378    -0.4111    37.3634    12.6849   999.4823     12.237      8.437 0.0000e+00
      8.578     -0.097   171.4322     2.6427     24.933 1.2378e-01     15.886     61.871  46.636723    -0.3866    37.4006    12.6848   999.4822     12.200      8.411 0.0000e+00
      8.555     -0.090   171.4044     2.6400     24.948 1.2382e-01     15.885     61.894  46.654408    -0.3775    37.4101    12.6848   999.4822     12.168      8.389 0.0000e+00
      8.534     -0.081   171.1928     2.6449     24.976 1.2378e-01     15.885     61.886  46.648734    -0.3866    37.4097    12.6847   999.4820     12.138      8.369 0.0000e+00
      8.514     -0.069   171.0250     2.6411     25.022 1.2373e-01     15.885     61.863  46.631611    -0.3912    37.4988    12.6849   999.4819     12.108      8.349 0.0000e+00
      8.494     -0.055   171.0961     2.6467     25.034 1.2373e-01     15.885     61.870  46.637856    -0.3859    37.7316    12.6852   999.4818     12.080      8.329 0.0000e+00
      8.479     -0.043   171.3639     2.6465     24.997 1.2375e-01     15.886     61.899  46.660746    -0.3799    37.9239    12.6860   999.4816     12.055      8.311 0.0000e+00
      8.471     -0.035   171.4244     2.6473     24.906 1.2377e-01     15.886     61.891  46.654396    -0.3754    37.9704    12.6864   999.4815     12.045      8.305 0.0000e+00
      8.471     -0.034   171.3112     2.6579     24.822 1.2373e-01     15.885     61.851  46.624586    -0.3791    37.8128    12.6865   999.4815     12.050      8.309 0.0000e+00
      8.471     -0.042   171.3717     2.6560     24.818 1.2368e-01     15.885     61.841  46.617779    -0.3961    37.4950    12.6871   999.4815     12.052      8.310 0.0000e+00
      8.465     -0.056   171.4676     2.6557     24.874 1.2368e-01     15.885     61.865  46.635587    -0.4095    37.3205    12.6877   999.4814     12.045      8.304 0.0000e+00
      8.449     -0.074   171.6103     2.6420     24.927 1.2373e-01     15.885     61.884  46.649421    -0.4078    37.3514    12.6882   999.4813     12.025      8.291 0.0000e+00
      8.423     -0.090   171.7210     2.6289     24.940 1.2372e-01     15.885     61.896  46.658058    -0.3942    37.4914    12.6885   999.4811     11.984      8.263 0.0000e+00
      8.389     -0.100   171.6875     2.6306     24.924 1.2370e-01     15.885     61.921  46.676529    -0.3880    37.6392    12.6886   999.4809     11.931      8.225 0.0000e+00
      8.357     -0.103   171.7203     2.6389     24.914 1.2371e-01     15.885     61.929  46.682268    -0.4001    37.6620    12.6886   999.4807     11.883      8.193 0.0000e+00
      8.329     -0.100   171.7737     2.6469     24.932 1.2369e-01     15.885     61.905  46.663951    -0.4076    37.6304    12.6881   999.4807     11.844      8.166 0.0000e+00
      8.306     -0.091   171.9036     2.6466     24.945 1.2365e-01     15.885     61.881  46.645537    -0.4013    37.5662    12.6876   999.4806     11.812      8.144 0.0000e+00
      8.286     -0.076   172.1716     2.6447     24.941 1.2361e-01     15.885     61.886  46.650112    -0.3903    37.4692    12.6871   999.4806     11.786      8.126 0.0000e+00
      8.267     -0.061   172.2612     2.6405     24.942 1.2361e-01     15.886     61.893  46.655781    -0.3894    37.4182    12.6868   999.4806     11.761      8.109 0.0000e+00
      8.248     -0.047   172.1272     2.6461     24.942 1.2366e-01     15.886     61.886  46.650584    -0.4007    37.3625    12.6872   999.4804     11.728      8.086 0.0000e+00
      8.237     -0.033   172.0990     2.6476     24.932 1.2371e-01     15.887     61.886  46.650774    -0.4116    37.3103    12.6874   999.4803     11.708      8.073 0.0000e+00
      8.237     -0.021   172.3508     2.6448     24.903 1.2375e-01     15.887     61.895  46.658067    -0.4076    37.4387    12.6872   999.4804     11.715      8.077 0.0000e+00
      8.237     -0.010   172.6761     2.6469     24.882 1.2380e-01     15.886     61.918  46.675275    -0.3900    37.7479    12.6874   999.4804     11.719      8.080 0.0000e+00
      8.236     -0.003   172.8486     2.6455     24.890 1.2384e-01     15.885     61.908  46.668353    -0.3891    37.9253    12.6878   999.4803     11.712      8.075 0.0000e+00
      8.236     -0.000   172.8887     2.6467     24.930 1.2380e-01     15.885     61.868  46.637866    -0.4068    37.9009    12.6881   999.4803     11.712      8.076 0.0000e+00
      8.237     -0.003   172.8168     2.6414     24.997 1.2376e-01     15.885     61.850  46.624127    -0.4131    37.7616    12.6883   999.4802     11.718      8.079 0.0000e+00
      8.237     -0.011   172.7535     2.6380     25.027 1.2375e-01     15.885     61.857  46.629226    -0.3979    37.5458    12.6882   999.4803     11.716      8.078 0.0000e+00
      8.237     -0.025   172.8976     2.6405     25.022 1.2378e-01     15.885     61.866  46.636030    -0.3861    37.4204    12.6884   999.4802     11.714      8.078 0.0000e+00
      8.235     -0.043   173.0965     2.6418     25.013 1.2382e-01     15.885     61.875  46.642894    -0.3854    37.3793    12.6883   999.4802     11.717      8.079 0.0000e+00
