Data/DataNotYetUploadedToEDI/Raw_CTD/RawDownloads/101620_fcr50_0001.cnv
* Sea-Bird SBE19plus  Data File:
* FileName = C:\DATA\101620_fcr50_0001.hex
* Software version 2.8.0.119
* Temperature SN = 7809
* Conductivity SN = 7809
* System UpLoad Time = Oct 17 2020 10:18:47
* <ApplicationData>
* <Seaterm232>
# nquan = 16
# nvalues = 2206                        
# units = specified
# name 0 = depFM: Depth [fresh water, m]
# name 1 = dz/dtM: Descent Rate [m/s]
# name 2 = orp: Oxidation Reduction Potential [mV]
# name 3 = sbeox0Mg/L: Oxygen, SBE 43 [mg/l]
# name 4 = sbeox0PS: Oxygen, SBE 43 [% saturation]
# name 5 = par/sat/log: PAR/Logarithmic, Satlantic
# name 6 = ph: pH
# name 7 = specc: Specific Conductance [uS/cm]
# name 8 = c0uS/cm: Conductivity [uS/cm]
# name 9 = flECO-AFL: Fluorescence, WET Labs ECO-AFL/FL [mg/m^3]
# name 10 = turbWETntu0: Turbidity, WET Labs ECO [NTU]
# name 11 = tv290C: Temperature [ITS-90, deg C]
# name 12 = density00: Density [density, kg/m^3]
# name 13 = prdE: Pressure, Strain Gauge [psi]
# name 14 = prdM: Pressure, Strain Gauge [db]
# name 15 = flag:  0.000e+00
# span 0 =     -0.649,      9.598       
# span 1 =     -0.203,      0.125       
# span 2 = -1240.7455,   602.2279       
# span 3 =     0.0561,    10.2450       
# span 4 =      0.637,    103.860       
# span 5 = 1.2356e-01, 1.4643e+02       
# span 6 =      5.845,     15.923       
# span 7 =      0.801,    103.496       
# span 8 =   0.592858,  78.014520       
# span 9 =    -1.0191,     4.1902       
# span 10 =    -0.3324,    56.7711      
# span 11 =    11.9812,    16.6924      
# span 12 =   998.8504,   999.5052      
# span 13 =     -0.923,     13.652      
# span 14 =     -0.636,      9.413      
# span 15 = 0.0000e+00, 0.0000e+00      
# interval = seconds: 0.25
# start_time = Oct 16 2020 01:15:32 [Instrument's time stamp, header]
# bad_flag = -9.990e-29
*END*
[from data line 1176]
      6.695      0.020   146.0006     2.6351     24.864 1.2374e-01     15.912     61.627  46.443092    -0.4607    35.7601    12.6788   999.4742      9.522      6.565 0.0000e+00
      6.699      0.021   145.9905     2.6353     24.892 1.2375e-01     15.912     61.624  46.442989    -0.4637    35.7554    12.6777   999.4743      9.527      6.569 0.0000e+00
      6.706      0.022   146.2068     2.6408     24.894 1.2375e-01     15.912     61.651  46.465877    -0.4767    35.7702    12.6768   999.4745      9.538      6.576 0.0000e+00
      6.715      0.024   146.6369     2.6376     24.885 1.2372e-01     15.913     61.649  46.465866    -0.4851    35.8359    12.6764   999.4746      9.552      6.586 0.0000e+00
      6.722      0.024   147.0607     2.6358     24.870 1.2372e-01     15.913     61.617  46.442864    -0.4691    35.8972    12.6771   999.4745      9.563      6.593 0.0000e+00
      6.728      0.023   147.2872     2.6440     24.809 1.2371e-01     15.913     61.616  46.441727    -0.4461    35.9626    12.6796   999.4742      9.571      6.598 0.0000e+00
      6.732      0.021   147.3960     2.6418     24.787 1.2365e-01     15.912     61.630  46.452127    -0.4452    35.8707    12.6819   999.4740      9.576      6.602 0.0000e+00
      6.737      0.020   147.4300     2.6382     24.832 1.2366e-01     15.912     61.615  46.441615    -0.4575    35.6097    12.6831   999.4739      9.582      6.607 0.0000e+00
      6.742      0.018   147.4408     2.6441     24.858 1.2374e-01     15.912     61.615  46.441614    -0.4618    35.4848    12.6836   999.4738      9.589      6.612 0.0000e+00
      6.747      0.017   147.6985     2.6292     24.859 1.2377e-01     15.913     61.630  46.452116    -0.4494    35.5278    12.6833   999.4739      9.596      6.616 0.0000e+00
      6.752      0.015   148.0507     2.6254     24.849 1.2374e-01     15.913     61.618  46.441614    -0.4405    35.6151    12.6836   999.4739      9.605      6.622 0.0000e+00
      6.756      0.014   148.1715     2.6378     24.822 1.2376e-01     15.913     61.620  46.441604    -0.4505    35.6829    12.6840   999.4738      9.610      6.626 0.0000e+00
      6.758      0.013   148.0406     2.6380     24.822 1.2379e-01     15.913     61.635  46.452004    -0.4650    35.6600    12.6838   999.4738      9.612      6.627 0.0000e+00
      6.760      0.013   147.8442     2.6369     24.862 1.2376e-01     15.913     61.620  46.440365    -0.4733    35.6133    12.6831   999.4740      9.615      6.629 0.0000e+00
      6.763      0.013   147.8625     2.6387     24.898 1.2372e-01     15.913     61.602  46.427866    -0.4652    35.6327    12.6821   999.4741      9.618      6.632 0.0000e+00
      6.767      0.014   148.1757     2.6320     24.908 1.2372e-01     15.912     61.600  46.427864    -0.4422    35.6889    12.6811   999.4742      9.624      6.635 0.0000e+00
      6.772      0.015   148.2752     2.6313     24.870 1.2371e-01     15.912     61.615  46.440345    -0.4332    35.7431    12.6802   999.4744      9.631      6.641 0.0000e+00
      6.776      0.017   147.9465     2.6396     24.810 1.2369e-01     15.912     61.629  46.451786    -0.4422    35.7396    12.6799   999.4744      9.638      6.645 0.0000e+00
      6.780      0.017   147.8152     2.6418     24.751 1.2369e-01     15.912     61.612  46.439211    -0.4564    35.6801    12.6802   999.4744      9.644      6.649 0.0000e+00
      6.784      0.016   148.0651     2.6461     24.710 1.2374e-01     15.911     61.581  46.415282    -0.4617    35.6760    12.6813   999.4743      9.649      6.652 0.0000e+00
      6.789      0.016   148.4724     2.6393     24.717 1.2381e-01     15.911     61.585  46.416436    -0.4488    35.7241    12.6824   999.4742      9.655      6.657 0.0000e+00
      6.793      0.015   148.7824     2.6317     24.762 1.2386e-01     15.912     61.637  46.453169    -0.4444    35.7466    12.6838   999.4740      9.663      6.663 0.0000e+00
      6.797      0.014   148.8014     2.6267     24.820 1.2388e-01     15.912     61.674  46.478452    -0.4556    35.7085    12.6841   999.4740      9.668      6.666 0.0000e+00
      6.800      0.014   148.8746     2.6182     24.820 1.2385e-01     15.912     61.663  46.468157    -0.4703    35.7101    12.6832   999.4741      9.671      6.668 0.0000e+00
      6.803      0.014   149.0650     2.6227     24.783 1.2378e-01     15.912     61.649  46.455677    -0.4693    35.8685    12.6822   999.4742      9.677      6.672 0.0000e+00
      6.807      0.013   149.1245     2.6246     24.796 1.2375e-01     15.912     61.649  46.454543    -0.4437    36.0102    12.6804   999.4745      9.682      6.676 0.0000e+00
      6.810      0.013   149.5084     2.6376     24.855 1.2374e-01     15.912     61.650  46.454440    -0.4271    35.9817    12.6780   999.4748      9.684      6.677 0.0000e+00
      6.814      0.013   150.1790     2.6367     24.909 1.2372e-01     15.912     61.651  46.454431    -0.4411    35.7291    12.6759   999.4751      9.691      6.682 0.0000e+00
      6.818      0.013   150.2633     2.6254     24.878 1.2377e-01     15.912     61.651  46.454438    -0.4692    35.3593    12.6745   999.4753      9.698      6.687 0.0000e+00
      6.821      0.013   150.0109     2.6310     24.772 1.2382e-01     15.912     61.651  46.454533    -0.4717    35.2182    12.6735   999.4754      9.702      6.689 0.0000e+00
      6.824      0.014   150.1385     2.6361     24.718 1.2378e-01     15.912     61.653  46.455573    -0.4426    35.2599    12.6730   999.4755      9.705      6.691 0.0000e+00
      6.827      0.014   150.6878     2.6483     24.782 1.2375e-01     15.912     61.668  46.467013    -0.4134    35.2449    12.6727   999.4756      9.710      6.695 0.0000e+00
      6.831      0.014   151.3184     2.6442     24.861 1.2380e-01     15.912     61.667  46.465868    -0.3948    35.2094    12.6724   999.4756      9.716      6.699 0.0000e+00
      6.834      0.014   151.6541     2.6269     24.890 1.2380e-01     15.911     61.635  46.441730    -0.3893    35.2071    12.6722   999.4757      9.721      6.702 0.0000e+00
      6.838      0.014   151.6486     2.6156     24.895 1.2376e-01     15.911     61.618  46.429127    -0.3945    35.2518    12.6721   999.4757      9.727      6.707 0.0000e+00
      6.842      0.014   151.6835     2.6308     24.865 1.2376e-01     15.912     61.633  46.440470    -0.4104    35.3373    12.6720   999.4757      9.732      6.710 0.0000e+00
      6.846      0.013   152.0757     2.6420     24.814 1.2379e-01     15.913     61.648  46.451892    -0.4289    35.4169    12.6721   999.4757      9.738      6.714 0.0000e+00
      6.850      0.013   152.4334     2.6402     24.756 1.2379e-01     15.913     61.632  46.440242    -0.4362    35.4250    12.6719   999.4757      9.742      6.717 0.0000e+00
      6.852      0.013   152.5662     2.6451     24.717 1.2373e-01     15.912     61.614  46.426597    -0.4412    35.3672    12.6718   999.4757      9.745      6.719 0.0000e+00
      6.855      0.013   152.6489     2.6383     24.728 1.2368e-01     15.912     61.597  46.413900    -0.4331    35.3366    12.6719   999.4757      9.749      6.722 0.0000e+00
      6.858      0.014   152.6586     2.6348     24.805 1.2371e-01     15.912     61.596  46.413710    -0.4046    35.3294    12.6720   999.4758      9.755      6.726 0.0000e+00
      6.862      0.014   152.6841     2.6259     24.871 1.2370e-01     15.912     61.610  46.424299    -0.3828    35.3147    12.6719   999.4758      9.761      6.730 0.0000e+00
      6.866      0.015   152.8706     2.6219     24.865 1.2367e-01     15.912     61.598  46.414948    -0.3792    35.2616    12.6720   999.4758      9.766      6.733 0.0000e+00
      6.870      0.016   153.1931     2.6205     24.839 1.2366e-01     15.912     61.613  46.427638    -0.3900    35.1679    12.6722   999.4758      9.772      6.738 0.0000e+00
      6.874      0.016   153.4869     2.6323     24.830 1.2368e-01     15.911     61.643  46.450745    -0.4084    35.1090    12.6725   999.4758      9.777      6.741 0.0000e+00
      6.878      0.015   153.4107     2.6453     24.862 1.2373e-01     15.911     61.629  46.440365    -0.4295    35.0982    12.6730   999.4758      9.782      6.744 0.0000e+00
      6.883      0.015   153.0464     2.6372     24.884 1.2375e-01     15.911     61.614  46.429116    -0.4362    35.1064    12.6731   999.4757      9.790      6.750 0.0000e+00
      6.887      0.015   153.0399     2.6370     24.840 1.2376e-01     15.911     61.630  46.441719    -0.4221    35.0709    12.6735   999.4757      9.796      6.754 0.0000e+00
      6.890      0.016   153.5041     2.6313     24.747 1.2373e-01     15.912     61.662  46.465763    -0.4307    35.0454    12.6741   999.4757      9.800      6.757 0.0000e+00
      6.893      0.020   153.9267     2.6390     24.638 1.2366e-01     15.912     61.662  46.465858    -0.4546    35.1419    12.6743   999.4756      9.804      6.759 0.0000e+00
      6.896      0.025   153.7615     2.6444     24.547 1.2369e-01     15.912     61.632  46.442865    -0.4622    35.2418    12.6746   999.4756      9.807      6.762 0.0000e+00
      6.901      0.029   153.2270     2.6368     24.451 1.2370e-01     15.912     61.632  46.441730    -0.4660    35.2579    12.6748   999.4756      9.812      6.765 0.0000e+00
      6.911      0.033   153.1427     2.6282     24.377 1.2369e-01     15.912     61.646  46.452130    -0.4634    35.4059    12.6749   999.4757      9.828      6.775 0.0000e+00
      6.925      0.036   153.5168     2.6118     24.391 1.2375e-01     15.912     61.632  46.441617    -0.4683    35.6917    12.6746   999.4758      9.851      6.792 0.0000e+00
      6.936      0.037   153.7932     2.6067     24.451 1.2383e-01     15.912     61.632  46.441606    -0.4782    35.8302    12.6741   999.4759      9.869      6.804 0.0000e+00
      6.943      0.037   153.8164     2.5949     24.475 1.2384e-01     15.913     61.646  46.452006    -0.4773    35.8434    12.6737   999.4759      9.876      6.809 0.0000e+00
      6.950      0.034   153.7984     2.5817     24.429 1.2379e-01     15.913     61.630  46.440367    -0.4673    35.8170    12.6735   999.4760      9.883      6.814 0.0000e+00
      6.959      0.033   153.9189     2.5867     24.337 1.2373e-01     15.912     61.614  46.427868    -0.4526    35.7178    12.6736   999.4760      9.900      6.826 0.0000e+00
      6.969      0.033   154.1550     2.5969     24.301 1.2371e-01     15.912     61.614  46.427868    -0.4611    35.6395    12.6737   999.4761      9.915      6.836 0.0000e+00
      6.976      0.036   154.5882     2.5996     24.345 1.2377e-01     15.912     61.631  46.440367    -0.4747    35.6260    12.6737   999.4761      9.923      6.841 0.0000e+00
      6.983      0.041   155.1995     2.5961     24.410 1.2384e-01     15.913     61.646  46.452006    -0.4655    35.5877    12.6735   999.4761      9.932      6.847 0.0000e+00
      6.993      0.048   155.6946     2.5796     24.475 1.2381e-01     15.913     61.632  46.441616    -0.4544    35.5200    12.6736   999.4762      9.947      6.858 0.0000e+00
      7.005      0.054   155.8426     2.5737     24.492 1.2376e-01     15.912     61.632  46.441720    -0.4544    35.4602    12.6737   999.4762      9.962      6.868 0.0000e+00
      7.020      0.057   155.6985     2.5857     24.471 1.2373e-01     15.912     61.647  46.453264    -0.4660    35.4142    12.6736   999.4763      9.980      6.880 0.0000e+00
      7.041      0.058   155.8448     2.5878     24.454 1.2373e-01     15.912     61.649  46.454210    -0.4795    35.4784    12.6736   999.4764     10.013      6.904 0.0000e+00
      7.062      0.057   156.4928     2.6009     24.447 1.2378e-01     15.912     61.647  46.453152    -0.4748    35.6526    12.6738   999.4765     10.051      6.930 0.0000e+00
      7.076      0.054   157.0811     2.6012     24.474 1.2384e-01     15.911     61.631  46.440472    -0.4569    35.7699    12.6742   999.4765     10.070      6.943 0.0000e+00
      7.083      0.050   157.2787     2.5948     24.492 1.2385e-01     15.910     61.615  46.427878    -0.4437    35.7630    12.6738   999.4766     10.073      6.945 0.0000e+00
      7.091      0.043   157.2473     2.5974     24.485 1.2383e-01     15.910     61.615  46.427868    -0.4492    35.7069    12.6733   999.4767     10.081      6.952 0.0000e+00
      7.104      0.037   157.3899     2.5901     24.490 1.2378e-01     15.910     61.631  46.440348    -0.4659    35.7094    12.6734   999.4768     10.104      6.967 0.0000e+00
      7.117      0.033   157.7986     2.5990     24.501 1.2382e-01     15.910     61.646  46.451788    -0.4739    35.8281    12.6733   999.4768     10.126      6.983 0.0000e+00
      7.127      0.030   158.0582     2.6009     24.513 1.2389e-01     15.911     61.629  46.439202    -0.4703    35.9739    12.6730   999.4769     10.140      6.992 0.0000e+00
      7.131      0.027   158.1201     2.5966     24.530 1.2382e-01     15.912     61.596  46.415160    -0.4505    36.0301    12.6729   999.4769     10.144      6.994 0.0000e+00
      7.134      0.025   158.2026     2.5997     24.565 1.2369e-01     15.912     61.596  46.415064    -0.4351    36.0961    12.6729   999.4769     10.146      6.995 0.0000e+00
      7.138      0.025   158.3684     2.5996     24.585 1.2363e-01     15.911     61.626  46.438049    -0.4464    36.2566    12.6731   999.4769     10.152      6.999 0.0000e+00
      7.144      0.029   158.6610     2.6022     24.549 1.2368e-01     15.911     61.627  46.439089    -0.4633    36.3581    12.6732   999.4769     10.160      7.005 0.0000e+00
      7.151      0.034   158.8150     2.6012     24.487 1.2376e-01     15.911     61.612  46.427640    -0.4586    36.3955    12.6736   999.4769     10.169      7.011 0.0000e+00
      7.162      0.038   158.8548     2.6073     24.446 1.2381e-01     15.910     61.610  46.426608    -0.4470    36.5026    12.6741   999.4769     10.184      7.021 0.0000e+00
      7.176      0.041   158.7977     2.6122     24.439 1.2381e-01     15.910     61.610  46.426608    -0.4460    36.6240    12.6744   999.4770     10.207      7.037 0.0000e+00
      7.188      0.043   158.5543     2.6060     24.433 1.2377e-01     15.910     61.611  46.427641    -0.4471    36.6617    12.6744   999.4770     10.226      7.051 0.0000e+00
      7.197      0.043   158.4937     2.5977     24.399 1.2376e-01     15.911     61.626  46.439099    -0.4510    36.6153    12.6743   999.4770     10.236      7.058 0.0000e+00
      7.206      0.042   158.6671     2.5924     24.387 1.2374e-01     15.911     61.624  46.438163    -0.4447    36.4743    12.6744   999.4771     10.247      7.065 0.0000e+00
      7.216      0.042   158.9301     2.5934     24.432 1.2374e-01     15.911     61.594  46.416324    -0.4283    36.2960    12.6744   999.4771     10.264      7.077 0.0000e+00
      7.228      0.043   158.9199     2.5951     24.479 1.2378e-01     15.911     61.611  46.429013    -0.4246    36.2101    12.6748   999.4771     10.282      7.089 0.0000e+00
      7.240      0.043   158.5442     2.5885     24.503 1.2379e-01     15.911     61.658  46.464599    -0.4376    36.1574    12.6751   999.4771     10.297      7.099 0.0000e+00
      7.252      0.043   158.5181     2.5838     24.498 1.2383e-01     15.911     61.660  46.465631    -0.4526    35.8985    12.6754   999.4772     10.313      7.111 0.0000e+00
      7.264      0.043   158.9479     2.5939     24.467 1.2388e-01     15.911     61.630  46.441493    -0.4527    35.5173    12.6763   999.4771     10.333      7.125 0.0000e+00
      7.274      0.043   159.2662     2.5982     24.423 1.2388e-01     15.910     61.610  46.426721    -0.4487    35.3249    12.6768   999.4771     10.348      7.136 0.0000e+00
      7.283      0.042   159.2692     2.6014     24.403 1.2390e-01     15.910     61.593  46.414016    -0.4512    35.2887    12.6763   999.4772     10.357      7.141 0.0000e+00
