Data/DataNotYetUploadedToEDI/Raw_CTD/RawDownloads/101620_fcr50_0006.cnv
* Sea-Bird SBE19plus  Data File:
* FileName = C:\DATA\101620_fcr50_0006.hex
* Software version 2.8.0.119
* Temperature SN = 7809
* Conductivity SN = 7809
* System UpLoad Time = Oct 17 2020 10:22:57
* <ApplicationData>
* <Seaterm232>
# nquan = 16
# nvalues = 1726                        
# units = specified
# name 0 = depFM: Depth [fresh water, m]
# name 1 = dz/dtM: Descent Rate [m/s]
# name 2 = orp: Oxidation Reduction Potential [mV]
# name 3 = sbeox0Mg/L: Oxygen, SBE 43 [mg/l]
# name 4 = sbeox0PS: Oxygen, SBE 43 [% saturation]
# name 5 = par/sat/log: PAR/Logarithmic, Satlantic
# name 6 = ph: pH
# name 7 = specc: Specific Conductance [uS/cm]
# name 8 = c0uS/cm: Conductivity [uS/cm]
# name 9 = flECO-AFL: Fluorescence, WET Labs ECO-AFL/FL [mg/m^3]
# name 10 = turbWETntu0: Turbidity, WET Labs ECO [NTU]
# name 11 = tv290C: Temperature [ITS-90, deg C]
# name 12 = density00: Density [density, kg/m^3]
# name 13 = prdE: Pressure, Strain Gauge [psi]
# name 14 = prdM: Pressure, Strain Gauge [db]
# name 15 = flag:  0.000e+00
# span 0 =     -0.595,      9.633       
# span 1 =     -0.261,      0.099       
# span 2 =    89.0640,  1206.4702       
# span 3 =    -0.0710,    12.0776       
# span 4 =     -0.513,    112.132       
# span 5 = 1.2357e-01, 8.1539e+02       
# span 6 =      5.544,     15.973       
# span 7 =      0.576,    104.722       
# span 8 =   0.344322,  78.946319       
# span 9 =    -1.3909,     6.8352       
# span 10 =    -0.4854,    94.2513      
# span 11 =     4.8717,    15.3523      
# span 12 =   999.0608,   999.9678      
# span 13 =     -0.847,     13.703      
# span 14 =     -0.584,      9.448      
# span 15 = 0.0000e+00, 0.0000e+00      
# interval = seconds: 0.25
# start_time = Oct 16 2020 20:22:30 [Instrument's time stamp, header]
# bad_flag = -9.990e-29
*END*
[from data line 272]
      1.370      0.036   179.3712     7.4288     74.176 4.8863e+00     15.778     39.068  31.513569     3.4416    12.8378    15.3313   999.0740      1.953      1.346 0.0000e+00
      1.377      0.031   179.3660     7.4367     74.131 4.8457e+00     15.778     39.070  31.514081     3.4554    12.5629    15.3299   999.0743      1.961      1.352 0.0000e+00
      1.380      0.027   179.3688     7.4329     74.148 4.8167e+00     15.777     39.081  31.520265     3.4668    12.4069    15.3260   999.0749      1.961      1.352 0.0000e+00
      1.383      0.026   179.4906     7.4331     74.201 4.7771e+00     15.777     39.091  31.524889     3.4649    12.3929    15.3270   999.0747      1.965      1.355 0.0000e+00
      1.390      0.028   179.4621     7.4268     74.218 4.7448e+00     15.777     39.069  31.506538     3.4907    12.5319    15.3286   999.0745      1.977      1.363 0.0000e+00
      1.397      0.033   179.6262     7.4184     74.209 4.7322e+00     15.777     39.047  31.488714     3.5499    12.8160    15.3278   999.0746      1.989      1.371 0.0000e+00
      1.405      0.038   180.0120     7.4223     74.204 4.6654e+00     15.778     39.061  31.499720     3.5886    13.0131    15.3227   999.0755      1.996      1.377 0.0000e+00
      1.415      0.041   179.9961     7.4334     74.223 4.5422e+00     15.778     39.077  31.512720     3.5961    13.0615    15.3177   999.0763      2.013      1.388 0.0000e+00
      1.428      0.041   179.6922     7.4329     74.278 4.4062e+00     15.778     39.084  31.519007     3.6123    13.0575    15.3170   999.0765      2.032      1.401 0.0000e+00
      1.443      0.040   179.5220     7.4308     74.308 4.2864e+00     15.778     39.077  31.512293     3.6411    13.0335    15.3174   999.0765      2.052      1.415 0.0000e+00
      1.455      0.036   179.4012     7.4310     74.269 4.2227e+00     15.778     39.060  31.494992     3.6394    13.0117    15.3175   999.0765      2.072      1.428 0.0000e+00
      1.462      0.031   179.1777     7.4298     74.216 4.1902e+00     15.779     39.072  31.500148     3.6299    13.0351    15.3177   999.0765      2.080      1.434 0.0000e+00
      1.467      0.027   179.2286     7.4392     74.194 4.1417e+00     15.779     39.090  31.511182     3.6115    13.0074    15.3183   999.0764      2.085      1.437 0.0000e+00
      1.472      0.027   179.5870     7.4451     74.203 4.0916e+00     15.780     39.078  31.501510     3.5508    12.8825    15.3182   999.0765      2.095      1.444 0.0000e+00
      1.476      0.029   179.5527     7.4380     74.242 4.0483e+00     15.780     39.086  31.510094     3.5064    12.7950    15.3139   999.0771      2.100      1.448 0.0000e+00
      1.481      0.034   179.3303     7.4316     74.224 3.9781e+00     15.779     39.135  31.551526     3.5037    12.7737    15.3058   999.0785      2.103      1.451 0.0000e+00
      1.491      0.039   179.3938     7.4335     74.149 3.8772e+00     15.779     39.140  31.558344     3.5181    12.7966    15.2997   999.0795      2.119      1.461 0.0000e+00
      1.505      0.043   179.2873     7.4294     74.072 3.7859e+00     15.779     39.100  31.529090     3.5379    12.9335    15.3009   999.0793      2.142      1.477 0.0000e+00
      1.518      0.046   179.2476     7.4402     73.953 3.7262e+00     15.779     39.080  31.515050     3.5522    13.1930    15.3057   999.0786      2.161      1.490 0.0000e+00
      1.531      0.046   179.6885     7.4388     73.863 3.6598e+00     15.779     39.078  31.515475     3.5674    13.3598    15.3064   999.0787      2.178      1.502 0.0000e+00
      1.545      0.043   179.8852     7.4222     73.832 3.5786e+00     15.779     39.098  31.534234     3.5781    13.3363    15.3092   999.0783      2.198      1.516 0.0000e+00
      1.555      0.037   179.4742     7.4243     73.847 3.5113e+00     15.779     39.118  31.551527     3.5673    13.1848    15.3151   999.0773      2.213      1.526 0.0000e+00
      1.564      0.032   179.0214     7.4026     73.953 3.4578e+00     15.779     39.095  31.534234     3.5511    12.9347    15.3169   999.0771      2.223      1.533 0.0000e+00
      1.572      0.027   178.9711     7.3934     74.119 3.4194e+00     15.779     39.073  31.515475     3.5349    12.7497    15.3193   999.0768      2.237      1.543 0.0000e+00
      1.577      0.025   179.1238     7.3936     74.308 3.3856e+00     15.779     39.076  31.515060     3.5049    12.7681    15.3235   999.0762      2.245      1.548 0.0000e+00
      1.579      0.026   179.0607     7.3875     74.498 3.3346e+00     15.780     39.099  31.529204     3.5030    12.8821    15.3255   999.0759      2.247      1.549 0.0000e+00
      1.583      0.031   179.0691     7.4039     74.693 3.2665e+00     15.780     39.141  31.559592     3.5500    12.9276    15.3264   999.0757      2.248      1.550 0.0000e+00
      1.590      0.041   179.3967     7.4193     74.861 3.1918e+00     15.780     39.150  31.565255     3.5871    12.8712    15.3265   999.0757      2.257      1.556 0.0000e+00
      1.601      0.052   179.5809     7.4413     74.949 3.1103e+00     15.780     39.112  31.534224     3.5898    12.7835    15.3230   999.0763      2.275      1.569 0.0000e+00
      1.616      0.062   179.5747     7.4601     74.924 2.9897e+00     15.780     39.072  31.501622     3.6010    12.8291    15.3151   999.0776      2.294      1.582 0.0000e+00
      1.636      0.069   179.6661     7.4810     74.742 2.8265e+00     15.780     39.054  31.488289     3.6374    12.9765    15.3094   999.0787      2.324      1.602 0.0000e+00
      1.659      0.070   179.7401     7.5025     74.504 2.6844e+00     15.780     39.064  31.499919     3.6482    13.0199    15.3102   999.0786      2.362      1.629 0.0000e+00
      1.681      0.067   179.6093     7.5081     74.322 2.5854e+00     15.780     39.078  31.515348     3.6259    12.9769    15.3099   999.0787      2.393      1.650 0.0000e+00
      1.698      0.060   179.6326     7.5130     74.165 2.5141e+00     15.780     39.114  31.547951     3.5593    12.9023    15.3078   999.0791      2.416      1.666 0.0000e+00
      1.712      0.054   179.9358     7.4883     74.037 2.4665e+00     15.780     39.148  31.576893     3.4533    12.8391    15.3088   999.0791      2.435      1.679 0.0000e+00
      1.722      0.051   180.3507     7.4564     73.961 2.4427e+00     15.780     39.112  31.548064     3.4019    12.8653    15.3132   999.0784      2.452      1.690 0.0000e+00
      1.729      0.052   180.7762     7.4437     73.956 2.4239e+00     15.780     39.074  31.516609     3.3964    12.8761    15.3199   999.0774      2.460      1.696 0.0000e+00
      1.738      0.055   180.7790     7.4241     74.026 2.3574e+00     15.781     39.071  31.513802     3.3861    12.7969    15.3246   999.0767      2.466      1.700 0.0000e+00
      1.753      0.058   180.3846     7.4109     74.099 2.2413e+00     15.781     39.073  31.514113     3.4213    12.7658    15.3271   999.0764      2.489      1.716 0.0000e+00
      1.774      0.058   180.1370     7.4029     74.069 2.1223e+00     15.781     39.083  31.520373     3.4973    12.8440    15.3273   999.0765      2.522      1.739 0.0000e+00
      1.797      0.057   180.2809     7.4008     73.918 2.0373e+00     15.782     39.090  31.526034     3.5327    12.8835    15.3256   999.0768      2.561      1.765 0.0000e+00
      1.813      0.054   180.4900     7.4118     73.749 1.9973e+00     15.782     39.079  31.519122     3.5245    12.7972    15.3252   999.0770      2.585      1.783 0.0000e+00
      1.821      0.050   180.5135     7.4233     73.650 1.9714e+00     15.782     39.053  31.500250     3.4455    12.6590    15.3237   999.0773      2.590      1.786 0.0000e+00
      1.826      0.046   180.4794     7.4233     73.678 1.9221e+00     15.782     39.036  31.488185     3.3224    12.5858    15.3208   999.0777      2.595      1.789 0.0000e+00
      1.835      0.044   180.5080     7.4013     73.862 1.8484e+00     15.782     39.050  31.500136     3.2763    12.5998    15.3201   999.0779      2.608      1.798 0.0000e+00
      1.849      0.046   180.4286     7.3817     74.137 1.7787e+00     15.782     39.073  31.517863     3.2784    12.6216    15.3230   999.0775      2.628      1.812 0.0000e+00
      1.864      0.051   180.2084     7.3701     74.429 1.7332e+00     15.782     39.067  31.512190     3.3103    12.5750    15.3273   999.0769      2.653      1.829 0.0000e+00
      1.878      0.054   180.2547     7.3685     74.633 1.7037e+00     15.782     39.048  31.494992     3.3848    12.4821    15.3300   999.0765      2.673      1.843 0.0000e+00
      1.892      0.055   180.5582     7.3930     74.659 1.6727e+00     15.782     39.055  31.500250     3.4354    12.4949    15.3291   999.0767      2.689      1.855 0.0000e+00
      1.905      0.054   180.8663     7.4207     74.537 1.6308e+00     15.782     39.069  31.512316     3.4546    12.5914    15.3283   999.0770      2.709      1.869 0.0000e+00
      1.919      0.052   180.9687     7.4547     74.364 1.5710e+00     15.782     39.070  31.513990     3.4826    12.5508    15.3280   999.0771      2.729      1.881 0.0000e+00
      1.934      0.048   180.5055     7.4807     74.243 1.5022e+00     15.782     39.079  31.520485     3.5264    12.3822    15.3252   999.0776      2.752      1.897 0.0000e+00
      1.949      0.045   179.9123     7.4802     74.172 1.4575e+00     15.782     39.092  31.527407     3.5557    12.3033    15.3233   999.0779      2.774      1.912 0.0000e+00
      1.959      0.044   179.8186     7.4660     74.093 1.4293e+00     15.782     39.106  31.534236     3.5605    12.3525    15.3246   999.0778      2.787      1.922 0.0000e+00
      1.966      0.044   180.0616     7.4416     73.980 1.3953e+00     15.782     39.117  31.539599     3.4894    12.4617    15.3276   999.0773      2.797      1.928 0.0000e+00
      1.973      0.046   180.3549     7.4312     73.837 1.3610e+00     15.782     39.102  31.528801     3.3349    12.5588    15.3267   999.0775      2.805      1.934 0.0000e+00
      1.984      0.049   180.6110     7.4281     73.752 1.3106e+00     15.783     39.098  31.530570     3.2369    12.5315    15.3215   999.0783      2.820      1.943 0.0000e+00
      2.000      0.052   180.6636     7.4209     73.831 1.2558e+00     15.783     39.128  31.560985     3.2195    12.4409    15.3148   999.0794      2.844      1.961 0.0000e+00
      2.017      0.053   180.4750     7.4121     74.053 1.2191e+00     15.782     39.144  31.579336     3.2112    12.4248    15.3089   999.0805      2.870      1.979 0.0000e+00
      2.033      0.049   180.3946     7.3939     74.319 1.1913e+00     15.782     39.118  31.562119     3.2032    12.4392    15.3105   999.0803      2.891      1.993 0.0000e+00
      2.048      0.041   180.2937     7.3779     74.540 1.1836e+00     15.782     39.093  31.543151     3.1884    12.3748    15.3181   999.0792      2.916      2.010 0.0000e+00
      2.058      0.031   180.1163     7.3863     74.637 1.1919e+00     15.783     39.088  31.540333     3.1659    12.2639    15.3266   999.0779      2.933      2.021 0.0000e+00
      2.063      0.022   180.1423     7.4126     74.626 1.1940e+00     15.783     39.072  31.528060     3.1614    12.2318    15.3342   999.0768      2.936      2.024 0.0000e+00
      2.064      0.016   180.1776     7.4391     74.541 1.1927e+00     15.782     39.064  31.521648     3.1814    12.1579    15.3391   999.0760      2.937      2.025 0.0000e+00
      2.064      0.011   180.2859     7.4673     74.443 1.1966e+00     15.782     39.070  31.526251     3.1969    11.9549    15.3416   999.0756      2.936      2.024 0.0000e+00
      2.066      0.009   180.5053     7.4734     74.435 1.2040e+00     15.782     39.063  31.520266     3.1878    11.8370    15.3427   999.0754      2.937      2.025 0.0000e+00
      2.070      0.009   180.5073     7.4715     74.504 1.2001e+00     15.782     39.057  31.512731     3.1757    11.7967    15.3426   999.0755      2.943      2.029 0.0000e+00
      2.074      0.010   180.3953     7.4630     74.579 1.1868e+00     15.782     39.043  31.498585     3.2033    11.7766    15.3420   999.0756      2.952      2.034 0.0000e+00
      2.076      0.010   180.2706     7.4450     74.630 1.1759e+00     15.783     39.020  31.476120     3.2546    11.8336    15.3422   999.0756      2.954      2.036 0.0000e+00
      2.078      0.011   180.4611     7.4473     74.656 1.1573e+00     15.783     39.048  31.494878     3.2804    11.9025    15.3421   999.0756      2.954      2.037 0.0000e+00
      2.080      0.013   180.8926     7.4578     74.668 1.1400e+00     15.783     39.105  31.535053     3.2860    11.9226    15.3391   999.0760      2.957      2.039 0.0000e+00
      2.082      0.015   180.9269     7.4670     74.713 1.1314e+00     15.783     39.095  31.517741     3.3036    12.0779    15.3346   999.0768      2.962      2.042 0.0000e+00
      2.086      0.016   180.7900     7.4714     74.768 1.1140e+00     15.783     39.055  31.475894     3.3497    12.4757    15.3302   999.0774      2.965      2.044 0.0000e+00
      2.093      0.016   180.6997     7.4768     74.754 1.1056e+00     15.783     39.060  31.473190     3.3955    12.7829    15.3263   999.0781      2.976      2.052 0.0000e+00
      2.100      0.016   180.6961     7.4746     74.659 1.1170e+00     15.784     39.080  31.485038     3.3996    12.8395    15.3191   999.0793      2.990      2.062 0.0000e+00
      2.103      0.017   180.9185     7.4822     74.522 1.1274e+00     15.784     39.091  31.492252     3.4378    12.8517    15.3052   999.0814      2.991      2.063 0.0000e+00
      2.104      0.018   181.1523     7.4958     74.436 1.1254e+00     15.785     39.098  31.496958     3.5430    12.8965    15.2929   999.0832      2.990      2.062 0.0000e+00
      2.107      0.021   181.2858     7.4928     74.418 1.0996e+00     15.785     39.077  31.478501     3.6120    12.9341    15.2847   999.0846      2.995      2.065 0.0000e+00
      2.112      0.026   181.4141     7.4863     74.379 1.0683e+00     15.785     39.055  31.459417     3.6434    12.9975    15.2783   999.0856      3.003      2.071 0.0000e+00
      2.119      0.030   181.4130     7.4661     74.263 1.0482e+00     15.785     39.049  31.456553     3.6462    13.0100    15.2763   999.0859      3.013      2.078 0.0000e+00
      2.129      0.032   181.1865     7.4570     74.130 1.0267e+00     15.785     39.028  31.443873     3.5885    13.0172    15.2763   999.0860      3.026      2.087 0.0000e+00
      2.142      0.030   181.0841     7.4608     74.127 1.0062e+00     15.785     39.008  31.432999     3.5273    13.1532    15.2741   999.0864      3.049      2.102 0.0000e+00
      2.153      0.027   181.2070     7.4593     74.312 1.0004e+00     15.786     39.028  31.451970     3.5173    13.2814    15.2703   999.0870      3.066      2.114 0.0000e+00
      2.158      0.022   181.2958     7.4463     74.584 1.0133e+00     15.786     39.066  31.482916     3.5340    13.2961    15.2722   999.0868      3.070      2.117 0.0000e+00
      2.159      0.017   181.4703     7.4233     74.777 1.0217e+00     15.786     39.075  31.489942     3.5285    13.2286    15.2808   999.0854      3.071      2.118 0.0000e+00
      2.161      0.013   181.5950     7.4199     74.803 1.0149e+00     15.786     39.055  31.473472     3.4985    13.1519    15.2880   999.0843      3.073      2.118 0.0000e+00
      2.163      0.012   181.5139     7.4421     74.739 1.0075e+00     15.786     39.055  31.474115     3.4858    13.1587    15.2918   999.0838      3.077      2.121 0.0000e+00
      2.166      0.012   181.4355     7.4764     74.710 9.9401e-01     15.786     39.081  31.497716     3.4995    13.2070    15.2919   999.0837      3.080      2.123 0.0000e+00
      2.171      0.013   181.3351     7.5001     74.712 9.6978e-01     15.786     39.088  31.505053     3.4925    13.1525    15.2897   999.0840      3.089      2.129 0.0000e+00
