Data/DataNotYetUploadedToEDI/Raw_CTD/RawDownloads/101620_fcr50_0001.cnv
* Sea-Bird SBE19plus  Data File:
* FileName = C:\DATA\101620_fcr50_0001.hex
* Software version 2.8.0.119
* Temperature SN = 7809
* Conductivity SN = 7809
* System UpLoad Time = Oct 17 2020 10:18:47
* <ApplicationData>
* <Seaterm232>
# nquan = 16
# nvalues = 2206                        
# units = specified
# name 0 = depFM: Depth [fresh water, m]
# name 1 = dz/dtM: Descent Rate [m/s]
# name 2 = orp: Oxidation Reduction Potential [mV]
# name 3 = sbeox0Mg/L: Oxygen, SBE 43 [mg/l]
# name 4 = sbeox0PS: Oxygen, SBE 43 [% saturation]
# name 5 = par/sat/log: PAR/Logarithmic, Satlantic
# name 6 = ph: pH
# name 7 = specc: Specific Conductance [uS/cm]
# name 8 = c0uS/cm: Conductivity [uS/cm]
# name 9 = flECO-AFL: Fluorescence, WET Labs ECO-AFL/FL [mg/m^3]
# name 10 = turbWETntu0: Turbidity, WET Labs ECO [NTU]
# name 11 = tv290C: Temperature [ITS-90, deg C]
# name 12 = density00: Density [density, kg/m^3]
# name 13 = prdE: Pressure, Strain Gauge [psi]
# name 14 = prdM: Pressure, Strain Gauge [db]
# name 15 = flag:  0.000e+00
# span 0 =     -0.649,      9.598       
# span 1 =     -0.203,      0.125       
# span 2 = -1240.7455,   602.2279       
# span 3 =     0.0561,    10.2450       
# span 4 =      0.637,    103.860       
# span 5 = 1.2356e-01, 1.4643e+02       
# span 6 =      5.845,     15.923       
# span 7 =      0.801,    103.496       
# span 8 =   0.592858,  78.014520       
# span 9 =    -1.0191,     4.1902       
# span 10 =    -0.3324,    56.7711      
# span 11 =    11.9812,    16.6924      
# span 12 =   998.8504,   999.5052      
# span 13 =     -0.923,     13.652      
# span 14 =     -0.636,      9.413      
# span 15 = 0.0000e+00, 0.0000e+00      
# interval = seconds: 0.25
# start_time = Oct 16 2020 01:15:32 [Instrument's time stamp, header]
# bad_flag = -9.990e-29
*END*
[from data line 1899]
      3.636     -0.077    91.0722     0.9778      9.589 1.2378e-01     15.868     60.733  47.122898     0.1923     9.8636    13.8442   999.3089      5.174      3.566 0.0000e+00
      3.613     -0.081    91.2448     0.9685      9.726 1.2378e-01     15.867     60.375  46.882198     0.1933     9.5298    13.8185   999.3123      5.142      3.544 0.0000e+00
      3.586     -0.085    91.2621     0.9728      9.958 1.2378e-01     15.865     59.541  46.277873     0.2153     9.5509    13.7689   999.3187      5.099      3.516 0.0000e+00
      3.563     -0.088    91.3674     0.9849     10.209 1.2383e-01     15.864     58.976  45.911438     0.2208     9.6728    13.7487   999.3211      5.062      3.490 0.0000e+00
      3.547     -0.090    91.4851     0.9915     10.377 1.2383e-01     15.861     58.742  45.816887     0.2215     9.8700    13.7944   999.3150      5.048      3.480 0.0000e+00
      3.528     -0.092    91.9116     1.0002     10.457 1.2375e-01     15.859     58.421  45.642693     0.2329     9.9775    13.8258   999.3106      5.024      3.464 0.0000e+00
      3.502     -0.093    92.5659     1.0290     10.502 1.2367e-01     15.857     58.022  45.392618     0.2542     9.9774    13.8430   999.3076      4.981      3.434 0.0000e+00
      3.474     -0.094    92.8573     1.0581     10.552 1.2367e-01     15.856     57.792  45.269419     0.3361     9.7314    13.9166   999.2971      4.941      3.407 0.0000e+00
      3.447     -0.095    93.0260     1.0731     10.618 1.2378e-01     15.855     57.752  45.295981     0.4599     9.2009    14.0005   999.2854      4.903      3.381 0.0000e+00
      3.422     -0.092    93.4008     1.0766     10.709 1.2383e-01     15.854     57.822  45.396397     0.5106     8.8502    14.0662   999.2760      4.866      3.355 0.0000e+00
      3.400     -0.087    93.8615     1.0789     10.844 1.2378e-01     15.853     57.888  45.467758     0.5193     8.7875    14.1154   999.2689      4.835      3.334 0.0000e+00
      3.380     -0.080    94.4661     1.0833     11.048 1.2376e-01     15.853     57.558  45.206493     0.6229     8.8555    14.1593   999.2626      4.808      3.315 0.0000e+00
      3.360     -0.072    95.2044     1.0872     11.241 1.2380e-01     15.853     56.766  44.586530     0.7903     8.9851    14.2176   999.2542      4.778      3.294 0.0000e+00
      3.341     -0.065    95.6475     1.0974     11.363 1.2378e-01     15.851     55.984  44.003141     0.8753     9.0498    14.2614   999.2480      4.750      3.275 0.0000e+00
      3.326     -0.060    95.3492     1.1052     11.463 1.2373e-01     15.849     55.745  43.866566     0.8869     9.0543    14.2772   999.2457      4.729      3.260 0.0000e+00
      3.313     -0.058    94.6950     1.1331     11.585 1.2373e-01     15.849     55.885  44.014542     0.9120     9.0048    14.2660   999.2471      4.710      3.248 0.0000e+00
      3.303     -0.058    94.6210     1.1560     11.748 1.2376e-01     15.849     55.873  44.014784     0.9687     8.9314    14.2559   999.2482      4.698      3.239 0.0000e+00
      3.291     -0.059    95.3147     1.1634     11.978 1.2376e-01     15.849     55.611  43.806021     1.0195     8.8883    14.2885   999.2432      4.685      3.230 0.0000e+00
      3.273     -0.061    96.1996     1.1714     12.298 1.2373e-01     15.848     54.676  43.077519     1.0397     8.8618    14.3484   999.2345      4.658      3.212 0.0000e+00
      3.253     -0.066    96.8027     1.1823     12.675 1.2370e-01     15.847     53.176  41.935532     1.0793     8.8518    14.3885   999.2288      4.623      3.187 0.0000e+00
      3.237     -0.068    97.0998     1.1983     13.061 1.2367e-01     15.845     52.264  41.297867     1.1454     8.8350    14.3872   999.2288      4.601      3.172 0.0000e+00
      3.222     -0.068    97.3818     1.2198     13.429 1.2365e-01     15.841     52.032  41.207781     1.1905     8.8303    14.3788   999.2300      4.586      3.162 0.0000e+00
      3.202     -0.067    97.6322     1.2547     13.778 1.2367e-01     15.839     51.562  40.909901     1.2147     8.8291    14.3809   999.2294      4.556      3.142 0.0000e+00
      3.182     -0.070    97.6319     1.2945     14.193 1.2370e-01     15.838     50.317  39.981391     1.2092     8.7871    14.4090   999.2244      4.521      3.116 0.0000e+00
      3.168     -0.079    97.6374     1.3319     14.871 1.2369e-01     15.836     48.829  38.867461     1.1330     8.6997    14.5018   999.2107      4.504      3.105 0.0000e+00
      3.155     -0.092    97.8701     1.3668     15.936 1.2367e-01     15.833     48.159  38.421982     1.0284     8.5968    14.6056   999.1956      4.494      3.099 0.0000e+00
      3.135     -0.103    97.9497     1.3984     17.316 1.2367e-01     15.830     48.354  38.657302     0.9932     8.5729    14.6738   999.1855      4.467      3.080 0.0000e+00
      3.102     -0.110    97.9987     1.4301     18.909 1.2369e-01     15.829     48.549  38.856747     1.0212     8.5823    14.7236   999.1775      4.417      3.046 0.0000e+00
      3.062     -0.112    98.2902     1.4895     20.698 1.2370e-01     15.829     48.137  38.548677     1.1099     8.4012    14.7847   999.1676      4.353      3.001 0.0000e+00
      3.025     -0.105    98.7197     1.6001     22.808 1.2368e-01     15.828     47.233  37.851966     1.2553     8.1347    14.8903   999.1515      4.298      2.962 0.0000e+00
      2.995     -0.089    99.2350     1.7395     25.318 1.2369e-01     15.826     46.308  37.160318     1.3392     8.0712    14.9872   999.1370      4.254      2.932 0.0000e+00
      2.975     -0.068    99.5301     1.9000     27.971 1.2369e-01     15.825     45.839  36.849850     1.3709     8.1489    15.0236   999.1315      4.223      2.912 0.0000e+00
      2.966     -0.047    99.7064     2.0758     30.397 1.2364e-01     15.822     45.893  36.954052     1.6202     8.5585    15.0333   999.1300      4.217      2.906 0.0000e+00
      2.963     -0.032    99.8184     2.2766     32.344 1.2364e-01     15.820     46.013  37.087581     2.0646     9.2823    15.0573   999.1260      4.216      2.907 0.0000e+00
      2.960     -0.023    99.8517     2.5420     33.841 1.2370e-01     15.819     46.048  37.131674     2.3091     9.6902    15.1122   999.1173      4.211      2.903 0.0000e+00
      2.956     -0.020   100.2810     2.8176     35.269 1.2375e-01     15.820     46.327  37.360271     2.3450     9.8162    15.1930   999.1047      4.206      2.900 0.0000e+00
      2.951     -0.020   100.9655     3.0643     36.809 1.2376e-01     15.820     46.832  37.757221     2.3552    10.2229    15.2711   999.0928      4.200      2.896 0.0000e+00
      2.944     -0.021   101.5030     3.2621     38.258 1.2379e-01     15.820     47.238  38.059831     2.3558    10.8314    15.3065   999.0874      4.188      2.887 0.0000e+00
      2.938     -0.023   101.9605     3.3875     39.321 1.2381e-01     15.821     47.477  38.226607     2.3528    11.0963    15.3157   999.0859      4.177      2.880 0.0000e+00
      2.934     -0.026   102.1092     3.5223     39.763 1.2379e-01     15.822     47.442  38.187006     2.3473    11.1255    15.3259   999.0843      4.173      2.877 0.0000e+00
      2.929     -0.029   101.8383     3.6907     39.598 1.2373e-01     15.822     47.160  37.961798     2.3177    11.1844    15.3153   999.0862      4.168      2.873 0.0000e+00
      2.922     -0.032   101.6966     3.8457     38.945 1.2367e-01     15.822     47.014  37.851887     2.2624    11.1907    15.2821   999.0914      4.156      2.866 0.0000e+00
      2.912     -0.034   101.8586     3.9694     37.842 1.2369e-01     15.821     46.873  37.746617     2.2221    11.1665    15.2461   999.0969      4.144      2.857 0.0000e+00
      2.901     -0.034   102.0770     4.0106     36.397 1.2378e-01     15.821     46.335  37.323635     2.2027    11.1327    15.2366   999.0984      4.127      2.846 0.0000e+00
      2.890     -0.032   102.3587     3.9861     34.860 1.2381e-01     15.821     45.734  36.862792     2.1987    11.0914    15.2439   999.0971      4.108      2.832 0.0000e+00
      2.881     -0.028   102.7688     3.9227     33.564 1.2377e-01     15.820     45.459  36.680525     2.2506    11.1133    15.2512   999.0959      4.096      2.824 0.0000e+00
      2.875     -0.023   102.9913     3.8070     32.814 1.2374e-01     15.819     45.213  36.516090     2.3528    11.2595    15.2638   999.0940      4.089      2.820 0.0000e+00
      2.871     -0.019   102.9841     3.6528     32.732 1.2376e-01     15.817     44.882  36.270800     2.4039    11.3828    15.2655   999.0934      4.084      2.816 0.0000e+00
      2.869     -0.018   102.9398     3.4848     33.276 1.2381e-01     15.815     44.754  36.189741     2.3921    11.3691    15.2878   999.0896      4.080      2.813 0.0000e+00
      2.867     -0.021   102.9720     3.3383     34.346 1.2380e-01     15.815     44.864  36.297564     2.4110    11.2995    15.3463   999.0807      4.078      2.812 0.0000e+00
      2.864     -0.027   103.3727     3.2559     35.743 1.2378e-01     15.816     45.025  36.432214     2.4696    11.2275    15.3858   999.0745      4.076      2.811 0.0000e+00
      2.857     -0.033   103.4830     3.2515     37.270 1.2379e-01     15.816     45.183  36.548589     2.4998    11.1850    15.3999   999.0721      4.066      2.804 0.0000e+00
      2.845     -0.041   102.9290     3.3041     38.783 1.2383e-01     15.816     45.384  36.689250     2.4804    11.1294    15.4278   999.0677      4.046      2.790 0.0000e+00
      2.831     -0.047   102.6982     3.4181     40.106 1.2384e-01     15.817     45.551  36.800225     2.4077    10.8640    15.4579   999.0630      4.026      2.776 0.0000e+00
      2.818     -0.051   103.1009     3.5651     41.105 1.2382e-01     15.818     45.666  36.874960     2.3170    10.4825    15.4599   999.0627      4.009      2.764 0.0000e+00
      2.804     -0.054   103.4962     3.7212     41.706 1.2379e-01     15.819     45.701  36.894765     2.2890    10.3276    15.4454   999.0649      3.989      2.750 0.0000e+00
      2.789     -0.055   103.6915     3.8827     41.892 1.2374e-01     15.819     45.565  36.785820     2.2890    10.2958    15.4190   999.0690      3.966      2.734 0.0000e+00
      2.776     -0.057   103.8285     4.0221     41.737 1.2375e-01     15.818     45.451  36.700032     2.2212    10.0977    15.3883   999.0738      3.947      2.721 0.0000e+00
      2.763     -0.059   103.6039     4.1254     41.326 1.2386e-01     15.818     45.499  36.745983     2.1182     9.8555    15.3662   999.0772      3.931      2.711 0.0000e+00
      2.748     -0.061   103.1262     4.1891     40.758 1.2388e-01     15.818     45.528  36.770270     2.0828     9.8042    15.3571   999.0786      3.910      2.696 0.0000e+00
      2.731     -0.063   103.1286     4.2020     40.185 1.2375e-01     15.818     45.416  36.676376     2.0983     9.8212    15.3612   999.0777      3.882      2.677 0.0000e+00
      2.714     -0.063   103.5467     4.1839     39.802 1.2368e-01     15.818     45.266  36.562645     2.0963     9.8553    15.3678   999.0766      3.861      2.663 0.0000e+00
      2.697     -0.062   103.7085     4.1391     39.737 1.2373e-01     15.817     45.216  36.537463     2.0873    10.0105    15.3801   999.0747      3.838      2.646 0.0000e+00
      2.679     -0.060   103.5357     4.0758     39.907 1.2377e-01     15.817     45.238  36.562304     2.0848    10.1865    15.3835   999.0741      3.808      2.625 0.0000e+00
      2.664     -0.055   103.3507     4.0140     40.161 1.2379e-01     15.817     45.229  36.545709     2.0757    10.3019    15.3692   999.0762      3.787      2.612 0.0000e+00
      2.651     -0.050   103.4500     3.9655     40.380 1.2379e-01     15.816     45.062  36.400256     2.0719    10.3062    15.3768   999.0749      3.771      2.600 0.0000e+00
      2.639     -0.045   103.7037     3.9650     40.577 1.2377e-01     15.816     44.804  36.199766     2.0670    10.3412    15.4056   999.0703      3.752      2.586 0.0000e+00
      2.628     -0.041   103.8363     3.9842     40.864 1.2380e-01     15.816     44.558  36.025429     2.0645    10.5543    15.4165   999.0685      3.737      2.576 0.0000e+00
      2.619     -0.038   104.1940     4.0174     41.240 1.2380e-01     15.815     44.268  35.815428     2.0801    10.7194    15.3978   999.0715      3.723      2.567 0.0000e+00
      2.613     -0.036   104.6726     4.0417     41.615 1.2380e-01     15.814     44.008  35.627910     2.1029    10.7584    15.3742   999.0750      3.715      2.562 0.0000e+00
      2.605     -0.033   104.8050     4.0512     41.932 1.2395e-01     15.814     43.859  35.535034     2.1884    10.8541    15.3860   999.0730      3.708      2.558 0.0000e+00
      2.593     -0.029   104.7626     4.0801     42.300 1.2547e-01     15.814     43.803  35.517463     2.3222    11.0186    15.4236   999.0672      3.688      2.543 0.0000e+00
      2.583     -0.026   104.7616     4.1167     42.823 1.2684e-01     15.814     43.734  35.478958     2.3947    11.1338    15.4524   999.0624      3.670      2.530 0.0000e+00
      2.578     -0.024   104.9658     4.1589     43.543 1.2543e-01     15.813     43.610  35.386788     2.4263    11.2163    15.4713   999.0594      3.666      2.528 0.0000e+00
      2.575     -0.021   105.5100     4.1796     44.501 1.2391e-01     15.812     43.482  35.291451     2.5422    11.3295    15.5046   999.0541      3.662      2.525 0.0000e+00
      2.571     -0.019   106.0936     4.2084     45.574 1.2380e-01     15.811     43.454  35.278119     2.7179    11.4038    15.5456   999.0477      3.657      2.522 0.0000e+00
      2.567     -0.019   106.2576     4.2614     46.547 1.2382e-01     15.811     43.614  35.415970     2.7958    11.3933    15.5627   999.0449      3.653      2.518 0.0000e+00
      2.563     -0.021   105.9439     4.3257     47.289 1.2383e-01     15.811     43.790  35.562148     2.7976    11.4088    15.5661   999.0443      3.647      2.514 0.0000e+00
      2.557     -0.026   105.5707     4.4270     47.779 1.2378e-01     15.811     43.822  35.586026     2.7303    11.3855    15.5768   999.0426      3.639      2.509 0.0000e+00
      2.550     -0.031   105.5304     4.5422     48.160 1.2374e-01     15.812     43.818  35.577761     2.5819    11.2487    15.5903   999.0404      3.627      2.501 0.0000e+00
      2.543     -0.037   105.6285     4.6408     48.518 1.2379e-01     15.812     43.843  35.589121     2.4917    11.1625    15.6002   999.0389      3.617      2.494 0.0000e+00
      2.534     -0.042   105.7248     4.7180     48.699 1.2386e-01     15.813     43.706  35.469534     2.4602    11.1327    15.6032   999.0384      3.605      2.486 0.0000e+00
      2.522     -0.046   105.9194     4.7593     48.567 1.2389e-01     15.813     43.381  35.210615     2.3912    10.9914    15.6000   999.0389      3.588      2.474 0.0000e+00
      2.507     -0.048   106.1751     4.7910     48.165 1.2389e-01     15.812     43.090  34.996845     2.2968    10.7253    15.5949   999.0396      3.566      2.459 0.0000e+00
      2.492     -0.049   106.4938     4.8378     47.631 1.2453e-01     15.810     42.964  34.915506     2.2447    10.5579    15.5858   999.0410      3.542      2.442 0.0000e+00
      2.479     -0.049   106.9340     4.8641     47.201 1.2772e-01     15.810     42.969  34.925189     2.2277    10.5122    15.5665   999.0439      3.526      2.431 0.0000e+00
      2.468     -0.050   107.2809     4.8461     47.091 1.3345e-01     15.810     42.974  34.923565     2.2154    10.6195    15.5687   999.0434      3.511      2.420 0.0000e+00
      2.458     -0.052   107.2465     4.7998     47.395 1.4081e-01     15.810     42.944  34.895870     2.2960    10.9633    15.6060   999.0374      3.495      2.410 0.0000e+00
      2.446     -0.053   107.2927     4.7337     48.168 1.4666e-01     15.810     42.879  34.844147     2.4676    11.2007    15.6387   999.0321      3.481      2.401 0.0000e+00
