Data/DataNotYetUploadedToEDI/Raw_CTD/RawDownloads/101620_fcr50_0003.cnv
* Sea-Bird SBE19plus  Data File:
* FileName = C:\DATA\101620_fcr50_0003.hex
* Software version 2.8.0.119
* Temperature SN = 7809
* Conductivity SN = 7809
* System UpLoad Time = Oct 17 2020 10:20:40
* <ApplicationData>
* <Seaterm232>
# nquan = 16
# nvalues = 2427                        
# units = specified
# name 0 = depFM: Depth [fresh water, m]
# name 1 = dz/dtM: Descent Rate [m/s]
# name 2 = orp: Oxidation Reduction Potential [mV]
# name 3 = sbeox0Mg/L: Oxygen, SBE 43 [mg/l]
# name 4 = sbeox0PS: Oxygen, SBE 43 [% saturation]
# name 5 = par/sat/log: PAR/Logarithmic, Satlantic
# name 6 = ph: pH
# name 7 = specc: Specific Conductance [uS/cm]
# name 8 = c0uS/cm: Conductivity [uS/cm]
# name 9 = flECO-AFL: Fluorescence, WET Labs ECO-AFL/FL [mg/m^3]
# name 10 = turbWETntu0: Turbidity, WET Labs ECO [NTU]
# name 11 = tv290C: Temperature [ITS-90, deg C]
# name 12 = density00: Density [density, kg/m^3]
# name 13 = prdE: Pressure, Strain Gauge [psi]
# name 14 = prdM: Pressure, Strain Gauge [db]
# name 15 = flag:  0.000e+00
# span 0 =     -0.646,      9.567       
# span 1 =     -0.241,      0.081       
# span 2 = -1240.7455,   405.5028       
# span 3 =     0.0765,    11.6455       
# span 4 =      0.749,    109.498       
# span 5 = 1.2355e-01, 3.1921e-01       
# span 6 =     15.671,     16.531       
# span 7 =     -1.411,     78.574       
# span 8 =  -0.886771,  61.486377       
# span 9 =    -1.0161,     5.5806       
# span 10 =    -0.3440,   282.1352      
# span 11 =     6.4001,    16.1776      
# span 12 =   998.9308,   999.9284      
# span 13 =     -0.920,     13.609      
# span 14 =     -0.634,      9.383      
# span 15 = 0.0000e+00, 0.0000e+00      
# interval = seconds: 0.25
# start_time = Oct 16 2020 08:13:15 [Instrument's time stamp, header]
# bad_flag = -9.990e-29
*END*
[from data line 1356]
      6.243      0.044   124.0685     2.5733     24.122 1.2366e-01     15.907     61.730  46.537080    -0.4038    36.9495    12.6905   999.4707      8.881      6.124 0.0000e+00
      6.258      0.041   124.4031     2.5754     24.155 1.2368e-01     15.907     61.732  46.539265    -0.4022    36.8604    12.6910   999.4707      8.904      6.139 0.0000e+00
      6.269      0.036   124.6261     2.5709     24.198 1.2368e-01     15.906     61.746  46.550818    -0.4234    36.8449    12.6912   999.4707      8.919      6.149 0.0000e+00
      6.275      0.028   124.6136     2.5590     24.238 1.2368e-01     15.906     61.743  46.549778    -0.4314    36.9334    12.6914   999.4707      8.927      6.154 0.0000e+00
      6.280      0.021   124.6820     2.5557     24.283 1.2368e-01     15.906     61.711  46.526689    -0.4223    37.0725    12.6912   999.4708      8.932      6.157 0.0000e+00
      6.284      0.016   124.9366     2.5629     24.324 1.2368e-01     15.905     61.709  46.525629    -0.4092    37.1531    12.6913   999.4708      8.939      6.163 0.0000e+00
      6.287      0.013   125.1972     2.5674     24.350 1.2371e-01     15.905     61.724  46.536963    -0.4060    37.1532    12.6923   999.4707      8.943      6.166 0.0000e+00
      6.289      0.012   125.3380     2.5702     24.325 1.2373e-01     15.905     61.723  46.536746    -0.4130    37.1767    12.6939   999.4705      8.943      6.166 0.0000e+00
      6.291      0.012   125.4343     2.5764     24.265 1.2374e-01     15.906     61.703  46.522998    -0.4165    37.2657    12.6945   999.4704      8.947      6.169 0.0000e+00
      6.294      0.014   125.5869     2.5800     24.261 1.2369e-01     15.907     61.669  46.497725    -0.4106    37.3357    12.6941   999.4705      8.953      6.174 0.0000e+00
      6.297      0.018   125.8066     2.5846     24.316 1.2366e-01     15.907     61.654  46.485146    -0.3994    37.3708    12.6943   999.4705      8.957      6.176 0.0000e+00
      6.301      0.021   126.1979     2.5842     24.391 1.2372e-01     15.906     61.672  46.497897    -0.3961    37.3821    12.6955   999.4703      8.959      6.177 0.0000e+00
      6.307      0.023   126.6184     2.5686     24.423 1.2379e-01     15.906     61.709  46.524898    -0.4085    37.3347    12.6963   999.4702      8.968      6.183 0.0000e+00
      6.316      0.025   126.7612     2.5722     24.395 1.2377e-01     15.906     61.755  46.557640    -0.4252    37.2785    12.6961   999.4703      8.985      6.194 0.0000e+00
      6.324      0.027   126.8056     2.5777     24.389 1.2371e-01     15.906     61.781  46.576319    -0.4258    37.2855    12.6956   999.4704      8.996      6.203 0.0000e+00
      6.329      0.027   126.8972     2.5883     24.392 1.2371e-01     15.906     61.760  46.560262    -0.4163    37.1800    12.6952   999.4705      9.003      6.207 0.0000e+00
      6.336      0.026   127.0948     2.5963     24.411 1.2377e-01     15.906     61.752  46.553976    -0.4058    36.9292    12.6942   999.4707      9.011      6.213 0.0000e+00
      6.344      0.026   127.4741     2.5834     24.460 1.2380e-01     15.906     61.765  46.563805    -0.4031    36.7943    12.6927   999.4709      9.024      6.222 0.0000e+00
      6.350      0.026   127.7833     2.5882     24.451 1.2373e-01     15.906     61.750  46.552114    -0.4123    36.7503    12.6916   999.4711      9.032      6.227 0.0000e+00
      6.355      0.027   127.9944     2.5882     24.391 1.2365e-01     15.905     61.734  46.539611    -0.4118    36.8778    12.6913   999.4711      9.037      6.231 0.0000e+00
      6.362      0.027   128.2199     2.5848     24.324 1.2364e-01     15.905     61.735  46.539609    -0.4075    37.1684    12.6911   999.4712      9.047      6.238 0.0000e+00
      6.370      0.026   128.2720     2.6003     24.261 1.2369e-01     15.905     61.751  46.552089    -0.4083    37.3123    12.6911   999.4712      9.061      6.247 0.0000e+00
      6.377      0.025   128.1942     2.5954     24.236 1.2377e-01     15.905     61.766  46.563518    -0.4108    37.3128    12.6909   999.4713      9.072      6.255 0.0000e+00
      6.384      0.023   128.3122     2.5865     24.255 1.2383e-01     15.905     61.749  46.550818    -0.4287    37.2424    12.6905   999.4713      9.079      6.261 0.0000e+00
      6.389      0.021   128.5801     2.5819     24.300 1.2381e-01     15.905     61.716  46.525528    -0.4437    37.1480    12.6900   999.4714      9.089      6.267 0.0000e+00
      6.394      0.019   128.6800     2.5707     24.340 1.2378e-01     15.905     61.698  46.511694    -0.4297    37.0982    12.6900   999.4715      9.097      6.272 0.0000e+00
      6.397      0.018   128.6603     2.5703     24.364 1.2377e-01     15.905     61.697  46.510540    -0.4122    37.0872    12.6908   999.4714      9.099      6.273 0.0000e+00
      6.401      0.017   128.7718     2.5709     24.366 1.2372e-01     15.905     61.698  46.511580    -0.4137    37.0484    12.6906   999.4714      9.102      6.276 0.0000e+00
      6.407      0.015   128.9095     2.5793     24.380 1.2370e-01     15.906     61.715  46.524268    -0.4188    36.8349    12.6900   999.4715      9.113      6.283 0.0000e+00
      6.412      0.015   129.0340     2.5819     24.415 1.2371e-01     15.907     61.732  46.536966    -0.4167    36.5318    12.6898   999.4716      9.122      6.289 0.0000e+00
      6.415      0.015   129.1592     2.5859     24.390 1.2373e-01     15.906     61.733  46.538120    -0.4164    36.3710    12.6900   999.4715      9.124      6.291 0.0000e+00
      6.417      0.014   129.2189     2.5854     24.333 1.2376e-01     15.906     61.734  46.538215    -0.4152    36.3670    12.6901   999.4715      9.128      6.294 0.0000e+00
      6.420      0.013   129.3259     2.5818     24.302 1.2379e-01     15.906     61.734  46.538121    -0.4117    36.4487    12.6903   999.4715      9.132      6.296 0.0000e+00
      6.424      0.012   129.4198     2.5964     24.340 1.2378e-01     15.906     61.732  46.536977    -0.4122    36.5006    12.6902   999.4716      9.137      6.300 0.0000e+00
      6.428      0.012   129.4940     2.5871     24.424 1.2377e-01     15.906     61.715  46.524382    -0.4125    36.5137    12.6899   999.4716      9.142      6.304 0.0000e+00
      6.432      0.012   129.7070     2.5807     24.460 1.2378e-01     15.906     61.700  46.512828    -0.4147    36.6081    12.6896   999.4717      9.148      6.307 0.0000e+00
      6.434      0.013   130.0165     2.5758     24.459 1.2372e-01     15.905     61.715  46.524258    -0.4012    36.7481    12.6894   999.4717      9.151      6.309 0.0000e+00
      6.435      0.014   130.2237     2.5775     24.434 1.2364e-01     15.905     61.730  46.535602    -0.3725    36.7994    12.6894   999.4717      9.151      6.310 0.0000e+00
      6.438      0.015   130.3188     2.5965     24.383 1.2361e-01     15.905     61.713  46.522999    -0.3645    36.7478    12.6894   999.4717      9.156      6.313 0.0000e+00
      6.443      0.016   130.4788     2.5944     24.338 1.2364e-01     15.905     61.682  46.498860    -0.3612    36.7419    12.6896   999.4717      9.164      6.318 0.0000e+00
      6.449      0.017   130.7819     2.5959     24.328 1.2369e-01     15.904     61.681  46.497715    -0.3615    36.7967    12.6901   999.4717      9.173      6.325 0.0000e+00
      6.454      0.017   131.1442     2.5938     24.353 1.2374e-01     15.903     61.696  46.509156    -0.3861    36.8267    12.6902   999.4717      9.181      6.330 0.0000e+00
      6.458      0.016   131.3319     2.5857     24.385 1.2379e-01     15.903     61.697  46.510205    -0.4118    36.8299    12.6900   999.4718      9.186      6.333 0.0000e+00
      6.462      0.015   131.3309     2.5808     24.410 1.2380e-01     15.904     61.697  46.510405    -0.4246    36.8014    12.6897   999.4718      9.192      6.338 0.0000e+00
      6.465      0.013   131.5612     2.5790     24.420 1.2383e-01     15.905     61.699  46.511568    -0.4258    36.7907    12.6894   999.4718      9.196      6.341 0.0000e+00
      6.468      0.012   132.0517     2.5838     24.423 1.2388e-01     15.905     61.717  46.524267    -0.4163    36.8375    12.6897   999.4718      9.199      6.342 0.0000e+00
      6.472      0.011   132.3577     2.5868     24.443 1.2386e-01     15.904     61.734  46.536966    -0.3961    36.8871    12.6897   999.4718      9.205      6.347 0.0000e+00
      6.475      0.011   132.4210     2.5902     24.468 1.2375e-01     15.904     61.735  46.538120    -0.3916    36.8758    12.6892   999.4719      9.211      6.350 0.0000e+00
      6.477      0.012   132.4736     2.5914     24.477 1.2370e-01     15.904     61.735  46.538215    -0.4086    36.8379    12.6890   999.4719      9.212      6.351 0.0000e+00
      6.479      0.012   132.6498     2.5895     24.465 1.2375e-01     15.905     61.734  46.538121    -0.4112    36.7719    12.6889   999.4720      9.214      6.353 0.0000e+00
      6.482      0.013   132.8298     2.5929     24.413 1.2376e-01     15.905     61.732  46.536977    -0.4037    36.6966    12.6887   999.4720      9.220      6.357 0.0000e+00
      6.487      0.014   133.0162     2.5968     24.348 1.2375e-01     15.905     61.715  46.524383    -0.3944    36.7167    12.6886   999.4721      9.226      6.361 0.0000e+00
      6.491      0.015   133.3544     2.5969     24.347 1.2370e-01     15.905     61.700  46.512839    -0.3848    36.7064    12.6888   999.4720      9.232      6.365 0.0000e+00
      6.494      0.015   133.6489     2.5974     24.391 1.2360e-01     15.905     61.716  46.524383    -0.3933    36.6061    12.6894   999.4720      9.237      6.368 0.0000e+00
      6.498      0.015   133.6526     2.5917     24.408 1.2360e-01     15.904     61.733  46.536977    -0.4113    36.5685    12.6897   999.4720      9.243      6.373 0.0000e+00
      6.502      0.015   133.5708     2.5788     24.405 1.2373e-01     15.904     61.734  46.538122    -0.4111    36.6291    12.6897   999.4720      9.248      6.376 0.0000e+00
      6.505      0.015   133.6930     2.5805     24.438 1.2383e-01     15.905     61.734  46.538235    -0.3998    36.7201    12.6899   999.4720      9.253      6.380 0.0000e+00
      6.509      0.015   133.9249     2.5900     24.520 1.2377e-01     15.905     61.734  46.538339    -0.3992    36.9146    12.6898   999.4720      9.259      6.384 0.0000e+00
      6.513      0.015   134.1381     2.5899     24.572 1.2369e-01     15.905     61.736  46.539381    -0.4142    37.1951    12.6896   999.4720      9.262      6.386 0.0000e+00
      6.517      0.014   134.1196     2.5881     24.569 1.2373e-01     15.905     61.751  46.550829    -0.4277    37.3303    12.6894   999.4721      9.268      6.390 0.0000e+00
      6.522      0.013   133.9595     2.5882     24.522 1.2378e-01     15.905     61.749  46.549779    -0.4193    37.3477    12.6893   999.4721      9.276      6.396 0.0000e+00
      6.526      0.012   134.0948     2.6043     24.472 1.2375e-01     15.905     61.719  46.526682    -0.3992    37.1994    12.6892   999.4722      9.283      6.400 0.0000e+00
      6.528      0.011   134.3797     2.6085     24.489 1.2373e-01     15.904     61.717  46.525528    -0.3937    36.8424    12.6893   999.4722      9.285      6.402 0.0000e+00
      6.529      0.010   134.3927     2.6077     24.489 1.2378e-01     15.904     61.731  46.535833    -0.4009    36.6022    12.6896   999.4721      9.286      6.402 0.0000e+00
      6.531      0.008   134.2515     2.6040     24.416 1.2380e-01     15.904     61.715  46.524295    -0.4000    36.5942    12.6894   999.4722      9.290      6.405 0.0000e+00
      6.535      0.006   134.2209     2.5895     24.341 1.2374e-01     15.905     61.700  46.513000    -0.3932    36.5739    12.6893   999.4722      9.295      6.409 0.0000e+00
      6.536      0.005   134.1953     2.6001     24.321 1.2373e-01     15.905     61.718  46.526260    -0.3852    36.3917    12.6896   999.4722      9.297      6.410 0.0000e+00
      6.536      0.004   134.2849     2.6025     24.372 1.2378e-01     15.904     61.760  46.557630    -0.3891    36.2112    12.6896   999.4722      9.297      6.410 0.0000e+00
      6.536      0.003   134.6159     2.5891     24.467 1.2382e-01     15.904     61.783  46.574833    -0.4022    36.1417    12.6894   999.4722      9.296      6.410 0.0000e+00
      6.537      0.003   134.8423     2.5803     24.517 1.2382e-01     15.904     61.743  46.543768    -0.4099    36.1352    12.6894   999.4722      9.297      6.411 0.0000e+00
      6.538      0.004   134.8709     2.5770     24.482 1.2377e-01     15.904     61.684  46.499500    -0.4246    36.1671    12.6892   999.4722      9.299      6.411 0.0000e+00
      6.539      0.005   134.8769     2.5831     24.442 1.2373e-01     15.904     61.664  46.484035    -0.4469    36.2187    12.6890   999.4722      9.300      6.412 0.0000e+00
      6.540      0.006   134.9141     2.5977     24.450 1.2373e-01     15.904     61.664  46.483775    -0.4609    36.2101    12.6889   999.4723      9.303      6.414 0.0000e+00
      6.542      0.007   135.2350     2.6062     24.447 1.2378e-01     15.904     61.681  46.496355    -0.4603    36.1315    12.6884   999.4723      9.306      6.416 0.0000e+00
      6.544      0.008   135.7453     2.5967     24.404 1.2379e-01     15.904     61.698  46.509146    -0.4678    36.1601    12.6883   999.4723      9.308      6.418 0.0000e+00
      6.545      0.009   136.0073     2.5895     24.345 1.2376e-01     15.904     61.701  46.511444    -0.4845    36.3166    12.6882   999.4723      9.309      6.418 0.0000e+00
      6.548      0.010   136.0806     2.5948     24.290 1.2376e-01     15.904     61.718  46.524143    -0.4714    36.4444    12.6881   999.4724      9.313      6.421 0.0000e+00
      6.552      0.010   136.2010     2.5962     24.300 1.2378e-01     15.905     61.733  46.535706    -0.4521    36.4697    12.6879   999.4724      9.320      6.425 0.0000e+00
      6.554      0.011   136.5168     2.5884     24.386 1.2376e-01     15.905     61.717  46.524258    -0.4612    36.4511    12.6878   999.4725      9.322      6.428 0.0000e+00
      6.557      0.011   136.9736     2.5837     24.451 1.2372e-01     15.905     61.701  46.512714    -0.4774    36.4937    12.6880   999.4724      9.325      6.430 0.0000e+00
      6.560      0.010   137.2501     2.5747     24.480 1.2374e-01     15.904     61.714  46.523112    -0.4856    36.5729    12.6881   999.4724      9.330      6.433 0.0000e+00
      6.563      0.010   137.3651     2.5721     24.527 1.2376e-01     15.904     61.714  46.522999    -0.4838    36.6184    12.6884   999.4724      9.334      6.436 0.0000e+00
      6.565      0.011   137.5034     2.5902     24.577 1.2376e-01     15.904     61.698  46.511350    -0.4562    36.7009    12.6886   999.4724      9.337      6.438 0.0000e+00
      6.566      0.013   137.6311     2.5959     24.582 1.2381e-01     15.904     61.695  46.509250    -0.4094    36.8144    12.6888   999.4724      9.339      6.439 0.0000e+00
      6.568      0.017   137.8766     2.5946     24.531 1.2387e-01     15.904     61.680  46.497611    -0.3940    36.8588    12.6890   999.4724      9.342      6.442 0.0000e+00
      6.572      0.023   138.2356     2.6022     24.484 1.2394e-01     15.904     61.680  46.497602    -0.4133    36.8939    12.6894   999.4723      9.345      6.444 0.0000e+00
      6.578      0.029   138.4445     2.6086     24.482 1.2396e-01     15.903     61.696  46.509145    -0.4318    36.9638    12.6896   999.4723      9.354      6.449 0.0000e+00
      6.588      0.035   138.3367     2.6117     24.510 1.2388e-01     15.903     61.698  46.510195    -0.4472    37.0522    12.6895   999.4724      9.369      6.459 0.0000e+00
      6.599      0.040   138.1365     2.6010     24.489 1.2381e-01     15.904     61.698  46.510291    -0.4558    37.1377    12.6894   999.4724      9.386      6.471 0.0000e+00
      6.611      0.044   138.3472     2.5957     24.372 1.2381e-01     15.904     61.698  46.510310    -0.4598    37.1405    12.6895   999.4725      9.404      6.483 0.0000e+00
