Data/DataNotYetUploadedToEDI/Raw_CTD/RawDownloads/101620_fcr50_0004.cnv
* Sea-Bird SBE19plus  Data File:
* FileName = C:\DATA\101620_fcr50_0004.hex
* Software version 2.8.0.119
* Temperature SN = 7809
* Conductivity SN = 7809
* System UpLoad Time = Oct 17 2020 10:21:29
* <ApplicationData>
* <Seaterm232>
# nquan = 16
# nvalues = 1895                        
# units = specified
# name 0 = depFM: Depth [fresh water, m]
# name 1 = dz/dtM: Descent Rate [m/s]
# name 2 = orp: Oxidation Reduction Potential [mV]
# name 3 = sbeox0Mg/L: Oxygen, SBE 43 [mg/l]
# name 4 = sbeox0PS: Oxygen, SBE 43 [% saturation]
# name 5 = par/sat/log: PAR/Logarithmic, Satlantic
# name 6 = ph: pH
# name 7 = specc: Specific Conductance [uS/cm]
# name 8 = c0uS/cm: Conductivity [uS/cm]
# name 9 = flECO-AFL: Fluorescence, WET Labs ECO-AFL/FL [mg/m^3]
# name 10 = turbWETntu0: Turbidity, WET Labs ECO [NTU]
# name 11 = tv290C: Temperature [ITS-90, deg C]
# name 12 = density00: Density [density, kg/m^3]
# name 13 = prdE: Pressure, Strain Gauge [psi]
# name 14 = prdM: Pressure, Strain Gauge [db]
# name 15 = flag:  0.000e+00
# span 0 =     -0.645,      9.569       
# span 1 =     -0.218,      0.131       
# span 2 =  -153.3091,   302.5666       
# span 3 =     0.1356,    12.1735       
# span 4 =      1.339,    108.819       
# span 5 = 1.2353e-01, 1.6913e-01       
# span 6 =     15.727,     16.175       
# span 7 =      1.387,     78.766       
# span 8 =   0.820672,  60.633126       
# span 9 =    -1.0181,     4.8342       
# span 10 =    -0.3270,   408.8925      
# span 11 =     4.5701,    15.8698      
# span 12 =   998.9903,   999.9708      
# span 13 =     -0.917,     13.610      
# span 14 =     -0.633,      9.384      
# span 15 = 0.0000e+00, 0.0000e+00      
# interval = seconds: 0.25
# start_time = Oct 16 2020 12:25:34 [Instrument's time stamp, header]
# bad_flag = -9.990e-29
*END*
[from data line 904]
      5.165      0.041    63.2422     2.2067     22.514 1.2376e-01     15.897     61.829  46.650176     0.1950    29.8766    12.7304   999.4609      7.348      5.066 0.0000e+00
      5.176      0.038    63.6352     2.2502     22.631 1.2385e-01     15.897     61.840  46.657826     0.2104    29.8876    12.7276   999.4612      7.364      5.077 0.0000e+00
      5.185      0.033    64.1969     2.3089     22.703 1.2383e-01     15.897     61.862  46.673362     0.1925    29.8590    12.7251   999.4615      7.375      5.085 0.0000e+00
      5.192      0.028    64.9575     2.3663     22.813 1.2377e-01     15.896     61.829  46.647544     0.1597    29.8051    12.7233   999.4618      7.385      5.092 0.0000e+00
      5.199      0.023    65.6041     2.3932     22.955 1.2379e-01     15.896     61.766  46.599637     0.1572    29.7853    12.7221   999.4620      7.394      5.098 0.0000e+00
      5.204      0.021    66.0778     2.4003     23.063 1.2382e-01     15.897     61.771  46.602069     0.1810    29.8253    12.7213   999.4621      7.402      5.103 0.0000e+00
      5.208      0.022    66.5548     2.4043     23.112 1.2381e-01     15.897     61.786  46.613452     0.1711    30.0826    12.7204   999.4623      7.409      5.107 0.0000e+00
      5.210      0.025    67.0703     2.4164     23.118 1.2380e-01     15.897     61.781  46.610278     0.1234    30.5276    12.7195   999.4624      7.411      5.109 0.0000e+00
      5.214      0.027    67.4926     2.4355     23.128 1.2376e-01     15.896     61.798  46.627191     0.0913    30.7424    12.7192   999.4624      7.414      5.112 0.0000e+00
      5.223      0.029    67.6166     2.4479     23.209 1.2375e-01     15.895     61.788  46.627464     0.0876    30.7914    12.7188   999.4625      7.427      5.120 0.0000e+00
      5.235      0.031    67.6238     2.4510     23.269 1.2380e-01     15.894     61.757  46.613592     0.0597    31.2916    12.7184   999.4626      7.448      5.135 0.0000e+00
      5.247      0.035    67.9240     2.4531     23.241 1.2380e-01     15.894     61.796  46.649956    -0.0074    32.1895    12.7181   999.4627      7.466      5.148 0.0000e+00
      5.253      0.040    68.7506     2.4455     23.222 1.2380e-01     15.895     61.843  46.686182    -0.0568    32.6527    12.7201   999.4625      7.474      5.153 0.0000e+00
      5.258      0.046    69.9609     2.4610     23.233 1.2382e-01     15.897     61.829  46.670637    -0.0791    32.6347    12.7285   999.4615      7.476      5.154 0.0000e+00
      5.266      0.051    71.0282     2.4736     23.284 1.2381e-01     15.898     61.815  46.652475    -0.0955    32.6583    12.7378   999.4603      7.485      5.161 0.0000e+00
      5.282      0.055    71.7612     2.4580     23.349 1.2385e-01     15.897     61.830  46.657060    -0.1115    33.3158    12.7439   999.4596      7.508      5.177 0.0000e+00
      5.305      0.059    72.4562     2.4615     23.354 1.2389e-01     15.896     61.843  46.662573    -0.1303    34.5430    12.7452   999.4597      7.544      5.202 0.0000e+00
      5.326      0.063    73.3229     2.4596     23.312 1.2384e-01     15.897     61.836  46.655628    -0.1418    35.2048    12.7386   999.4605      7.582      5.228 0.0000e+00
      5.340      0.064    74.1525     2.4659     23.264 1.2377e-01     15.897     61.812  46.636579    -0.1466    35.2066    12.7316   999.4615      7.599      5.240 0.0000e+00
      5.350      0.062    74.8288     2.4797     23.247 1.2370e-01     15.897     61.796  46.622736    -0.1594    35.1826    12.7263   999.4622      7.605      5.244 0.0000e+00
      5.363      0.058    75.5631     2.4766     23.294 1.2365e-01     15.897     61.791  46.615243    -0.1814    35.2229    12.7232   999.4626      7.625      5.256 0.0000e+00
      5.381      0.056    76.4057     2.4714     23.359 1.2364e-01     15.896     61.788  46.609466    -0.1939    35.2480    12.7224   999.4628      7.655      5.278 0.0000e+00
      5.398      0.056    77.1876     2.4657     23.421 1.2365e-01     15.896     61.802  46.616379    -0.2050    35.2460    12.7215   999.4630      7.682      5.296 0.0000e+00
      5.412      0.054    77.7893     2.4606     23.516 1.2370e-01     15.897     61.829  46.635331    -0.2485    35.4389    12.7206   999.4631      7.698      5.307 0.0000e+00
      5.424      0.050    78.2607     2.4691     23.631 1.2378e-01     15.898     61.848  46.648125    -0.3004    35.8983    12.7174   999.4636      7.714      5.319 0.0000e+00
      5.439      0.046    78.9299     2.4788     23.801 1.2378e-01     15.898     61.843  46.644085    -0.3176    36.2338    12.7138   999.4641      7.738      5.335 0.0000e+00
      5.450      0.043    79.9434     2.4793     23.989 1.2371e-01     15.897     61.852  46.649977    -0.3140    36.3018    12.7113   999.4644      7.756      5.348 0.0000e+00
      5.457      0.042    80.8780     2.4954     24.097 1.2368e-01     15.897     61.861  46.655869    -0.3140    36.3775    12.7097   999.4647      7.762      5.352 0.0000e+00
      5.465      0.041    81.5400     2.5024     24.138 1.2374e-01     15.897     61.857  46.651829    -0.3362    36.4969    12.7089   999.4649      7.771      5.357 0.0000e+00
      5.477      0.040    82.1839     2.5210     24.106 1.2380e-01     15.896     61.875  46.664623    -0.3533    36.5785    12.7083   999.4650      7.789      5.370 0.0000e+00
      5.490      0.041    82.9840     2.5508     24.050 1.2380e-01     15.896     61.900  46.683565    -0.3398    36.6770    12.7079   999.4651      7.811      5.385 0.0000e+00
      5.501      0.043    83.9015     2.5548     24.045 1.2377e-01     15.896     61.909  46.690379    -0.3256    36.7962    12.7075   999.4652      7.826      5.396 0.0000e+00
      5.510      0.046    84.9300     2.5643     24.086 1.2376e-01     15.897     61.900  46.683514    -0.3242    36.8864    12.7068   999.4653      7.836      5.403 0.0000e+00
      5.520      0.050    85.9561     2.5581     24.190 1.2375e-01     15.897     61.874  46.664060    -0.3423    36.9089    12.7060   999.4655      7.850      5.413 0.0000e+00
      5.533      0.057    86.7578     2.5457     24.310 1.2371e-01     15.897     61.849  46.645637    -0.3637    36.8974    12.7058   999.4656      7.871      5.427 0.0000e+00
      5.546      0.063    87.3091     2.5506     24.367 1.2371e-01     15.897     61.856  46.651243    -0.3540    36.9180    12.7057   999.4657      7.887      5.438 0.0000e+00
      5.563      0.066    87.8045     2.5500     24.374 1.2372e-01     15.896     61.878  46.668350    -0.3299    36.9868    12.7058   999.4657      7.907      5.452 0.0000e+00
      5.586      0.066    88.6174     2.5642     24.332 1.2371e-01     15.896     61.869  46.661991    -0.3289    37.0073    12.7061   999.4658      7.943      5.477 0.0000e+00
      5.610      0.063    89.4802     2.5823     24.252 1.2373e-01     15.896     61.836  46.637852    -0.3433    36.9264    12.7066   999.4658      7.984      5.505 0.0000e+00
      5.625      0.055    89.8908     2.5848     24.194 1.2378e-01     15.897     61.826  46.630462    -0.3511    36.8673    12.7067   999.4659      8.006      5.520 0.0000e+00
      5.635      0.045    90.2266     2.5862     24.166 1.2383e-01     15.897     61.832  46.636136    -0.3468    36.8766    12.7067   999.4659      8.013      5.525 0.0000e+00
      5.644      0.035    90.8726     2.5835     24.171 1.2383e-01     15.897     61.840  46.642963    -0.3298    36.9356    12.7072   999.4659      8.027      5.535 0.0000e+00
      5.652      0.026    91.5072     2.5692     24.219 1.2380e-01     15.897     61.849  46.649512    -0.3266    36.9631    12.7076   999.4659      8.043      5.546 0.0000e+00
      5.656      0.022    91.9632     2.5646     24.239 1.2374e-01     15.896     61.852  46.651819    -0.3460    36.8649    12.7082   999.4658      8.046      5.548 0.0000e+00
      5.657      0.022    92.4276     2.5626     24.223 1.2369e-01     15.896     61.877  46.670867    -0.3546    36.7444    12.7088   999.4658      8.045      5.547 0.0000e+00
      5.661      0.023    92.9921     2.5590     24.238 1.2376e-01     15.896     61.902  46.689342    -0.3456    36.6734    12.7089   999.4658      8.051      5.551 0.0000e+00
      5.667      0.026    93.6276     2.5707     24.294 1.2387e-01     15.896     61.897  46.684709    -0.3325    36.6587    12.7091   999.4658      8.059      5.557 0.0000e+00
      5.676      0.029    94.1741     2.5724     24.327 1.2386e-01     15.896     61.889  46.678351    -0.3197    36.6694    12.7097   999.4657      8.071      5.565 0.0000e+00
      5.687      0.030    94.6959     2.5665     24.293 1.2379e-01     15.897     61.885  46.675956    -0.3142    36.6313    12.7100   999.4658      8.089      5.578 0.0000e+00
      5.697      0.029    95.1177     2.5674     24.221 1.2374e-01     15.897     61.860  46.655756    -0.3236    36.6103    12.7098   999.4658      8.105      5.588 0.0000e+00
      5.704      0.026    95.3166     2.5775     24.179 1.2369e-01     15.897     61.820  46.624588    -0.3371    36.6553    12.7089   999.4659      8.115      5.595 0.0000e+00
      5.709      0.022    95.6373     2.5829     24.199 1.2371e-01     15.896     61.810  46.616569    -0.3444    36.6949    12.7084   999.4661      8.121      5.599 0.0000e+00
      5.713      0.020    96.1561     2.5775     24.229 1.2378e-01     15.896     61.820  46.622292    -0.3545    36.7800    12.7085   999.4661      8.127      5.603 0.0000e+00
      5.717      0.019    96.6853     2.5678     24.239 1.2375e-01     15.897     61.832  46.630296    -0.3546    36.9637    12.7082   999.4661      8.131      5.606 0.0000e+00
      5.720      0.020    97.1322     2.5593     24.196 1.2367e-01     15.897     61.858  46.649849    -0.3466    37.0959    12.7072   999.4662      8.134      5.608 0.0000e+00
      5.725      0.025    97.5147     2.5677     24.132 1.2367e-01     15.897     61.883  46.668224    -0.3524    37.1426    12.7059   999.4664      8.143      5.614 0.0000e+00
      5.731      0.031    97.9553     2.5690     24.147 1.2367e-01     15.897     61.875  46.661979    -0.3482    37.2196    12.7049   999.4666      8.153      5.621 0.0000e+00
      5.739      0.037    98.3298     2.5731     24.227 1.2367e-01     15.896     61.844  46.637842    -0.3346    37.3061    12.7044   999.4667      8.161      5.627 0.0000e+00
      5.749      0.042    98.7732     2.5691     24.303 1.2373e-01     15.896     61.835  46.630359    -0.3301    37.2958    12.7041   999.4668      8.174      5.636 0.0000e+00
      5.763      0.046    99.5305     2.5531     24.335 1.2375e-01     15.896     61.843  46.634991    -0.3324    37.2663    12.7038   999.4669      8.196      5.651 0.0000e+00
      5.778      0.047   100.0863     2.5590     24.335 1.2370e-01     15.896     61.838  46.630349    -0.3437    37.2929    12.7036   999.4670      8.221      5.668 0.0000e+00
      5.792      0.046   100.2457     2.5693     24.373 1.2372e-01     15.897     61.847  46.637729    -0.3424    37.2741    12.7034   999.4671      8.239      5.681 0.0000e+00
      5.802      0.042   100.5108     2.5795     24.468 1.2376e-01     15.897     61.877  46.660721    -0.3353    37.1760    12.7025   999.4672      8.252      5.689 0.0000e+00
      5.813      0.038   101.0542     2.5829     24.543 1.2377e-01     15.896     61.869  46.654372    -0.3347    37.0690    12.7014   999.4674      8.269      5.701 0.0000e+00
      5.823      0.034   101.6540     2.5791     24.555 1.2378e-01     15.896     61.829  46.624461    -0.3350    37.0435    12.7009   999.4675      8.286      5.713 0.0000e+00
      5.829      0.032   102.0844     2.5813     24.555 1.2380e-01     15.897     61.819  46.616532    -0.3582    37.1430    12.7008   999.4675      8.292      5.717 0.0000e+00
      5.834      0.031   102.3862     2.5961     24.579 1.2380e-01     15.897     61.828  46.621996    -0.3863    37.3105    12.7011   999.4676      8.296      5.720 0.0000e+00
      5.842      0.031   102.7212     2.6073     24.627 1.2374e-01     15.896     61.835  46.627034    -0.3884    37.4208    12.7013   999.4675      8.308      5.728 0.0000e+00
      5.851      0.035   103.1243     2.6032     24.658 1.2369e-01     15.896     61.817  46.613957    -0.3830    37.4118    12.7010   999.4676      8.324      5.739 0.0000e+00
      5.859      0.043   103.6464     2.6037     24.642 1.2361e-01     15.896     61.787  46.590868    -0.3887    37.2365    12.7008   999.4677      8.334      5.745 0.0000e+00
      5.866      0.051   104.3021     2.6056     24.648 1.2356e-01     15.897     61.802  46.601836    -0.3999    37.0178    12.7003   999.4678      8.342      5.751 0.0000e+00
      5.878      0.056   104.7712     2.6117     24.711 1.2358e-01     15.897     61.825  46.619581    -0.4032    36.9992    12.6998   999.4679      8.357      5.762 0.0000e+00
      5.898      0.056   104.9299     2.6195     24.791 1.2367e-01     15.897     61.818  46.614950    -0.3906    37.0450    12.6999   999.4680      8.387      5.782 0.0000e+00
      5.922      0.053   105.1886     2.6114     24.841 1.2378e-01     15.897     61.810  46.609330    -0.3624    37.0235    12.6998   999.4681      8.427      5.810 0.0000e+00
      5.941      0.046   105.6621     2.6112     24.821 1.2380e-01     15.896     61.817  46.615121    -0.3396    37.0483    12.6995   999.4682      8.457      5.830 0.0000e+00
      5.949      0.036   106.0954     2.6210     24.759 1.2375e-01     15.895     61.826  46.621480    -0.3431    37.1041    12.6997   999.4683      8.464      5.836 0.0000e+00
      5.950      0.026   106.4700     2.6295     24.711 1.2373e-01     15.895     61.828  46.622730    -0.3476    37.1483    12.7005   999.4681      8.462      5.835 0.0000e+00
      5.952      0.016   106.8352     2.6384     24.685 1.2374e-01     15.895     61.838  46.630224    -0.3369    37.0680    12.7011   999.4681      8.464      5.836 0.0000e+00
      5.955      0.011   106.9829     2.6348     24.708 1.2379e-01     15.895     61.863  46.648596    -0.3277    36.8200    12.7007   999.4681      8.470      5.840 0.0000e+00
      5.958      0.010   107.0511     2.6235     24.763 1.2385e-01     15.895     61.871  46.654383    -0.3318    36.6565    12.7004   999.4682      8.474      5.843 0.0000e+00
      5.962      0.011   107.4878     2.6214     24.805 1.2384e-01     15.895     61.848  46.636698    -0.3488    36.6351    12.7005   999.4682      8.479      5.846 0.0000e+00
      5.964      0.013   108.0473     2.6157     24.844 1.2374e-01     15.895     61.833  46.625248    -0.3611    36.6303    12.7003   999.4682      8.483      5.849 0.0000e+00
      5.965      0.014   108.3963     2.6177     24.835 1.2368e-01     15.895     61.856  46.642943    -0.3671    36.7013    12.6998   999.4683      8.484      5.850 0.0000e+00
      5.969      0.016   108.6956     2.6297     24.806 1.2375e-01     15.895     61.879  46.660156    -0.3732    36.8421    12.6996   999.4684      8.487      5.853 0.0000e+00
      5.974      0.017   108.9991     2.6281     24.837 1.2385e-01     15.895     61.856  46.642881    -0.3867    36.8909    12.6995   999.4684      8.497      5.859 0.0000e+00
      5.980      0.019   109.3124     2.6380     24.856 1.2388e-01     15.895     61.831  46.624562    -0.4068    36.8794    12.6997   999.4684      8.508      5.866 0.0000e+00
      5.985      0.021   109.6445     2.6369     24.820 1.2384e-01     15.895     61.837  46.629142    -0.3960    36.9426    12.6996   999.4684      8.513      5.869 0.0000e+00
      5.989      0.021   109.9175     2.6242     24.751 1.2382e-01     15.894     61.845  46.634758    -0.3518    37.0377    12.6995   999.4685      8.518      5.873 0.0000e+00
      5.994      0.020   110.1174     2.6371     24.689 1.2380e-01     15.893     61.838  46.628965    -0.3206    37.1018    12.6998   999.4684      8.525      5.878 0.0000e+00
      6.000      0.020   110.3410     2.6385     24.699 1.2370e-01     15.894     61.830  46.622600    -0.3245    37.1342    12.7000   999.4684      8.535      5.884 0.0000e+00
