Data/DataNotYetUploadedToEDI/Raw_CTD/RawDownloads/101620_fcr50_0004.cnv
* Sea-Bird SBE19plus  Data File:
* FileName = C:\DATA\101620_fcr50_0004.hex
* Software version 2.8.0.119
* Temperature SN = 7809
* Conductivity SN = 7809
* System UpLoad Time = Oct 17 2020 10:21:29
* <ApplicationData>
* <Seaterm232>
# nquan = 16
# nvalues = 1895                        
# units = specified
# name 0 = depFM: Depth [fresh water, m]
# name 1 = dz/dtM: Descent Rate [m/s]
# name 2 = orp: Oxidation Reduction Potential [mV]
# name 3 = sbeox0Mg/L: Oxygen, SBE 43 [mg/l]
# name 4 = sbeox0PS: Oxygen, SBE 43 [% saturation]
# name 5 = par/sat/log: PAR/Logarithmic, Satlantic
# name 6 = ph: pH
# name 7 = specc: Specific Conductance [uS/cm]
# name 8 = c0uS/cm: Conductivity [uS/cm]
# name 9 = flECO-AFL: Fluorescence, WET Labs ECO-AFL/FL [mg/m^3]
# name 10 = turbWETntu0: Turbidity, WET Labs ECO [NTU]
# name 11 = tv290C: Temperature [ITS-90, deg C]
# name 12 = density00: Density [density, kg/m^3]
# name 13 = prdE: Pressure, Strain Gauge [psi]
# name 14 = prdM: Pressure, Strain Gauge [db]
# name 15 = flag:  0.000e+00
# span 0 =     -0.645,      9.569       
# span 1 =     -0.218,      0.131       
# span 2 =  -153.3091,   302.5666       
# span 3 =     0.1356,    12.1735       
# span 4 =      1.339,    108.819       
# span 5 = 1.2353e-01, 1.6913e-01       
# span 6 =     15.727,     16.175       
# span 7 =      1.387,     78.766       
# span 8 =   0.820672,  60.633126       
# span 9 =    -1.0181,     4.8342       
# span 10 =    -0.3270,   408.8925      
# span 11 =     4.5701,    15.8698      
# span 12 =   998.9903,   999.9708      
# span 13 =     -0.917,     13.610      
# span 14 =     -0.633,      9.384      
# span 15 = 0.0000e+00, 0.0000e+00      
# interval = seconds: 0.25
# start_time = Oct 16 2020 12:25:34 [Instrument's time stamp, header]
# bad_flag = -9.990e-29
*END*
[from data line 1718]
      2.160     -0.071    97.8837     6.8037     68.329 1.2367e-01     15.807     46.076  36.994294     2.9682    12.8766    15.1934   999.1015      3.068      2.115 0.0000e+00
      2.151     -0.065    98.3694     7.0173     66.315 1.2367e-01     15.808     45.970  36.904738     2.9812    12.8345    15.0832   999.1180      3.064      2.113 0.0000e+00
      2.137     -0.058    98.8541     7.0979     64.252 1.2368e-01     15.808     45.736  36.713407     2.9919    12.8405    15.0695   999.1197      3.045      2.100 0.0000e+00
      2.118     -0.052    99.0975     7.0435     62.698 1.2367e-01     15.808     45.256  36.330923     3.0211    12.8800    15.1366   999.1097      3.011      2.075 0.0000e+00
      2.099     -0.046    99.3326     6.8915     61.800 1.2368e-01     15.808     44.698  35.897433     3.1046    13.0034    15.1516   999.1073      2.983      2.057 0.0000e+00
      2.086     -0.040    99.8038     6.6696     61.397 1.2371e-01     15.807     44.281  35.597021     3.2109    13.1992    15.1319   999.1101      2.964      2.044 0.0000e+00
      2.080     -0.035   100.2349     6.4377     61.376 1.2371e-01     15.804     44.162  35.554366     3.2568    13.2898    15.1303   999.1104      2.956      2.038 0.0000e+00
      2.077     -0.038   100.2440     6.2765     61.627 1.2372e-01     15.803     44.520  35.889424     3.2684    13.3092    15.1318   999.1099      2.954      2.037 0.0000e+00
      2.075     -0.051    99.7413     6.1983     62.142 1.2375e-01     15.803     44.924  36.221437     3.2656    13.2961    15.1428   999.1080      2.952      2.035 0.0000e+00
      2.070     -0.073    99.2325     6.1508     62.992 1.2374e-01     15.804     45.026  36.268838     3.1468    12.9943    15.1814   999.1020      2.951      2.035 0.0000e+00
      2.052     -0.099    98.9969     6.1467     64.017 1.2373e-01     15.804     45.239  36.399056     2.9288    12.4418    15.2498   999.0913      2.929      2.020 0.0000e+00
      2.017     -0.122    98.6999     6.1643     65.014 1.2377e-01     15.804     45.514  36.590087     2.8041    12.1089    15.3242   999.0799      2.876      1.983 0.0000e+00
      1.971     -0.137    98.4808     6.2040     65.830 1.2378e-01     15.805     45.570  36.611269     2.8126    12.0942    15.3316   999.0787      2.802      1.932 0.0000e+00
      1.922     -0.138    98.6703     6.3097     66.272 1.2378e-01     15.808     45.494  36.528221     2.8973    12.2973    15.2693   999.0880      2.730      1.883 0.0000e+00
      1.880     -0.126    99.0984     6.4264     66.254 1.2375e-01     15.809     45.284  36.347462     3.0079    12.6075    15.2187   999.0957      2.671      1.842 0.0000e+00
      1.848     -0.107    99.3550     6.5324     65.876 1.2369e-01     15.808     45.021  36.139152     3.0534    12.7545    15.1925   999.0997      2.620      1.807 0.0000e+00
      1.828     -0.091    99.3630     6.6281     65.313 1.2364e-01     15.808     44.801  35.976836     3.0563    12.7714    15.1665   999.1036      2.593      1.788 0.0000e+00
      1.820     -0.082    99.1096     6.6800     64.736 1.2364e-01     15.808     44.612  35.844501     3.1008    12.7084    15.1391   999.1078      2.590      1.786 0.0000e+00
      1.811     -0.083    98.7863     6.6755     64.275 1.2364e-01     15.807     44.465  35.744851     3.1818    12.5417    15.1213   999.1102      2.583      1.781 0.0000e+00
      1.792     -0.094    98.7243     6.6301     64.018 1.2374e-01     15.806     44.502  35.787336     3.2143    12.4046    15.1277   999.1091      2.554      1.762 0.0000e+00
      1.764     -0.109    98.6169     6.5647     64.015 1.2383e-01     15.806     44.818  36.040902     3.1892    12.3207    15.1468   999.1060      2.511      1.731 0.0000e+00
      1.729     -0.125    98.6074     6.4985     64.228 1.2387e-01     15.807     45.125  36.272329     3.1258    12.2827    15.1699   999.1023      2.460      1.696 0.0000e+00
      1.690     -0.135    98.8665     6.4471     64.606 1.2392e-01     15.808     45.191  36.300934     3.0396    12.3227    15.1939   999.0983      2.404      1.658 0.0000e+00
      1.651     -0.137    98.9110     6.4147     65.091 1.2392e-01     15.808     45.086  36.196354     3.0048    12.3921    15.2096   999.0957      2.348      1.619 0.0000e+00
      1.614     -0.133    98.8875     6.4182     65.598 1.2386e-01     15.808     44.958  36.086654     3.0108    12.4011    15.2127   999.0952      2.293      1.582 0.0000e+00
      1.580     -0.124    99.1843     6.4433     66.012 1.2373e-01     15.808     44.593  35.799535     3.0456    12.5351    15.1910   999.0985      2.245      1.548 0.0000e+00
      1.550     -0.114    99.4018     6.4875     66.194 1.2367e-01     15.808     44.061  35.390079     3.1290    12.8437    15.1582   999.1034      2.203      1.519 0.0000e+00
      1.523     -0.107    99.2803     6.5440     66.111 1.2372e-01     15.807     43.780  35.197309     3.1989    13.0422    15.1317   999.1073      2.164      1.492 0.0000e+00
      1.500     -0.103    99.4366     6.5978     65.888 1.2374e-01     15.806     43.484  34.991817     3.2331    13.1503    15.1267   999.1080      2.132      1.470 0.0000e+00
      1.479     -0.099   100.0869     6.6466     65.723 1.2373e-01     15.804     42.834  34.491938     3.2376    13.1552    15.1335   999.1068      2.106      1.452 0.0000e+00
      1.454     -0.095   100.6898     6.6632     65.719 1.2374e-01     15.803     42.156  33.975909     3.2151    13.0327    15.1473   999.1042      2.075      1.431 0.0000e+00
      1.422     -0.093   100.5323     6.6442     65.933 1.2379e-01     15.802     41.995  33.892364     3.2087    13.0088    15.1938   999.0969      2.021      1.393 0.0000e+00
      1.394     -0.094    99.8169     6.6054     66.508 1.2377e-01     15.801     42.145  34.052976     3.2275    13.0721    15.2399   999.0897      1.972      1.360 0.0000e+00
      1.377     -0.093    99.6111     6.5834     67.465 1.2372e-01     15.800     42.158  34.077776     3.2416    13.0770    15.2559   999.0870      1.959      1.351 0.0000e+00
      1.362     -0.087   100.0231     6.5813     68.633 1.2372e-01     15.800     41.988  33.938427     3.2177    12.9649    15.2818   999.0826      1.947      1.342 0.0000e+00
      1.335     -0.077   100.5824     6.5835     69.888 1.2375e-01     15.800     41.621  33.637165     3.1673    12.8150    15.3520   999.0716      1.903      1.312 0.0000e+00
      1.305     -0.065   101.2104     6.6306     71.147 1.2376e-01     15.800     41.256  33.354030     3.1475    12.8096    15.4111   999.0623      1.848      1.275 0.0000e+00
      1.285     -0.053   101.8521     6.7356     72.297 1.2370e-01     15.799     41.083  33.243517     3.1593    12.8996    15.4195   999.0609      1.818      1.253 0.0000e+00
      1.278     -0.042   102.0608     6.8565     73.290 1.2362e-01     15.798     41.058  33.252766     3.1951    13.0449    15.4132   999.0619      1.815      1.251 0.0000e+00
      1.277     -0.034   101.4109     6.9847     74.064 1.2361e-01     15.797     41.139  33.338995     3.2461    13.2272    15.3983   999.0640      1.816      1.252 0.0000e+00
      1.277     -0.034   100.7054     7.1171     74.605 1.2361e-01     15.797     41.199  33.397809     3.2618    13.2844    15.4079   999.0624      1.818      1.253 0.0000e+00
      1.274     -0.039   100.7576     7.2225     75.058 1.2372e-01     15.797     41.113  33.329394     3.2604    13.2902    15.4576   999.0546      1.817      1.252 0.0000e+00
      1.262     -0.044   100.9227     7.3184     75.558 1.2383e-01     15.797     40.884  33.146299     3.2770    13.2286    15.4969   999.0484      1.803      1.243 0.0000e+00
      1.239     -0.046   100.8095     7.3959     76.102 1.2380e-01     15.796     40.562  32.897198     3.2818    13.0203    15.5190   999.0449      1.764      1.216 0.0000e+00
      1.216     -0.043   100.6788     7.4382     76.582 1.2374e-01     15.795     40.327  32.728641     3.2603    12.9008    15.5340   999.0424      1.720      1.185 0.0000e+00
      1.205     -0.036   100.8916     7.4797     76.911 1.2374e-01     15.794     40.407  32.821456     3.2470    12.9508    15.5304   999.0429      1.708      1.178 0.0000e+00
      1.204     -0.027   101.5758     7.5289     77.041 1.2379e-01     15.794     40.685  33.067699     3.3210    13.1435    15.5279   999.0433      1.712      1.181 0.0000e+00
      1.204     -0.022   102.0673     7.5877     77.065 1.2378e-01     15.794     40.807  33.167986     3.4675    13.4115    15.5440   999.0406      1.712      1.181 0.0000e+00
      1.204     -0.030   101.8445     7.6318     77.157 1.2370e-01     15.794     40.716  33.082268     3.5409    13.5140    15.5705   999.0364      1.712      1.181 0.0000e+00
      1.203     -0.052   101.4632     7.6619     77.388 1.2370e-01     15.794     40.610  32.983030     3.5313    13.4558    15.6128   999.0296      1.713      1.180 0.0000e+00
      1.196     -0.081   101.4153     7.6661     77.741 1.2374e-01     15.795     40.622  32.983302     3.5037    13.2226    15.6462   999.0246      1.709      1.179 0.0000e+00
      1.174     -0.108   101.3506     7.6584     78.041 1.2379e-01     15.797     40.683  33.022096     3.3127    12.6166    15.6432   999.0250      1.682      1.160 0.0000e+00
      1.132     -0.123   101.4561     7.6735     78.151 1.2378e-01     15.797     40.601  32.944470     2.9662    11.9655    15.6200   999.0284      1.616      1.114 0.0000e+00
      1.079     -0.121   102.0026     7.6941     78.065 1.2366e-01     15.796     40.435  32.806107     2.7576    11.6672    15.6044   999.0306      1.529      1.055 0.0000e+00
      1.030     -0.104   102.5368     7.7424     77.860 1.2359e-01     15.795     40.347  32.745053     2.7262    11.6193    15.5951   999.0317      1.458      1.005 0.0000e+00
      0.999     -0.076   102.7528     7.7789     77.692 1.2361e-01     15.795     40.288  32.713874     2.8637    12.1075    15.5820   999.0337      1.407      0.970 0.0000e+00
      0.993     -0.043   102.8088     7.7907     77.609 1.2366e-01     15.795     40.231  32.682940     3.1322    13.0384    15.5642   999.0364      1.400      0.965 0.0000e+00
      1.004     -0.014   102.9551     7.7850     77.601 1.2371e-01     15.794     40.144  32.624852     3.2832    13.5358    15.5553   999.0378      1.431      0.987 0.0000e+00
      1.015      0.005   103.4041     7.7498     77.663 1.2370e-01     15.793     39.922  32.455694     3.2878    13.5890    15.5726   999.0352      1.450      0.999 0.0000e+00
      1.018      0.010   103.9347     7.7313     77.793 1.2365e-01     15.793     39.701  32.287326     3.2638    13.5798    15.5982   999.0311      1.449      0.999 0.0000e+00
      1.018      0.000   103.7776     7.7193     78.010 1.2362e-01     15.793     39.704  32.302246     3.2604    13.5615    15.6176   999.0280      1.448      0.998 0.0000e+00
      1.018     -0.021   103.2255     7.7164     78.291 1.2365e-01     15.793     39.790  32.382308     3.2758    13.5726    15.6302   999.0261      1.448      0.999 0.0000e+00
      1.017     -0.047   103.2824     7.7216     78.636 1.2369e-01     15.793     39.769  32.367102     3.2780    13.5773    15.6446   999.0237      1.449      1.000 0.0000e+00
      1.010     -0.073   103.6912     7.7287     79.019 1.2372e-01     15.793     39.779  32.372182     3.1905    13.2406    15.6595   999.0212      1.446      0.997 0.0000e+00
      0.987     -0.098   103.6937     7.7517     79.389 1.2376e-01     15.792     39.875  32.443730     3.0295    12.6256    15.6744   999.0188      1.413      0.974 0.0000e+00
      0.948     -0.118   103.5714     7.7745     79.718 1.2382e-01     15.792     39.922  32.470795     2.9521    12.3899    15.6923   999.0158      1.349      0.930 0.0000e+00
      0.907     -0.128   103.7613     7.8098     79.978 1.2384e-01     15.793     39.907  32.445618     2.9602    12.4507    15.6927   999.0155      1.287      0.888 0.0000e+00
      0.867     -0.126   104.2683     7.8522     80.168 1.2378e-01     15.794     39.851  32.393095     3.0038    12.5713    15.6868   999.0162      1.232      0.850 0.0000e+00
      0.830     -0.115   104.8836     7.8888     80.258 1.2372e-01     15.795     39.789  32.343320     3.0793    12.8190    15.6820   999.0169      1.177      0.811 0.0000e+00
      0.801     -0.106   105.0924     7.9269     80.211 1.2374e-01     15.794     39.792  32.351375     3.1188    12.9732    15.6648   999.0195      1.131      0.780 0.0000e+00
      0.784     -0.106   104.8136     7.9556     80.113 1.2372e-01     15.794     39.802  32.363600     3.1202    13.0287    15.6445   999.0226      1.109      0.765 0.0000e+00
      0.775     -0.117   104.6095     7.9755     80.023 1.2366e-01     15.794     39.804  32.364252     3.1143    13.0428    15.6351   999.0241      1.106      0.763 0.0000e+00
      0.756     -0.136   104.6895     7.9897     79.918 1.2370e-01     15.793     39.803  32.359253     3.0288    12.8006    15.6382   999.0234      1.087      0.750 0.0000e+00
      0.715     -0.159   104.7485     7.9770     79.892 1.2373e-01     15.793     39.740  32.303161     2.8780    12.4694    15.6476   999.0218      1.027      0.708 0.0000e+00
      0.657     -0.180   104.8927     7.9620     79.953 1.2367e-01     15.794     39.609  32.193618     2.7975    12.3337    15.6538   999.0205      0.936      0.645 0.0000e+00
      0.595     -0.193   105.4010     7.9610     80.037 1.2365e-01     15.794     39.429  32.049942     2.7897    12.3274    15.6517   999.0206      0.844      0.581 0.0000e+00
      0.539     -0.194   106.0765     7.9417     80.128 1.2368e-01     15.793     39.229  31.898381     2.8124    12.4968    15.6460   999.0212      0.764      0.527 0.0000e+00
      0.489     -0.186   106.0907     7.9415     80.168 1.2369e-01     15.792     39.032  31.756939     2.8439    12.7334    15.6386   999.0221      0.691      0.477 0.0000e+00
      0.446     -0.176   105.3145     7.9544     80.195 1.2371e-01     15.791     38.902  31.672174     2.8546    12.8191    15.6329   999.0228      0.631      0.435 0.0000e+00
      0.411     -0.169   104.7787     7.9575     80.331 1.2373e-01     15.791     38.833  31.634878     2.8652    12.8465    15.6346   999.0224      0.586      0.404 0.0000e+00
      0.376     -0.164   104.8616     7.9716     80.634 1.2370e-01     15.791     38.802  31.623247     2.8673    12.8245    15.6493   999.0198      0.540      0.372 0.0000e+00
      0.332     -0.161   105.0252     7.9679     81.083 1.2369e-01     15.791     38.836  31.658456     2.8418    12.6903    15.6751   999.0154      0.477      0.329 0.0000e+00
      0.282     -0.160   104.9504     7.9594     81.578 1.2374e-01     15.791     38.861  31.679919     2.8150    12.5630    15.7049   999.0105      0.397      0.273 0.0000e+00
      0.237     -0.158   104.8176     7.9677     82.029 1.2376e-01     15.792     38.801  31.628977     2.8007    12.5208    15.7309   999.0061      0.330      0.227 0.0000e+00
      0.202     -0.152   104.7961     7.9947     82.437 1.2371e-01     15.792     38.707  31.550076     2.8310    12.5233    15.7480   999.0031      0.289      0.200 0.0000e+00
      0.168     -0.139   104.9489     8.0417     82.782 1.2362e-01     15.792     38.629  31.487279     2.9045    12.5250    15.7581   999.0015      0.243      0.167 0.0000e+00
      0.130     -0.117   105.3753     8.0958     83.028 1.2360e-01     15.792     38.564  31.440705     2.9457    12.5413    15.7594   999.0010      0.183      0.125 0.0000e+00
      0.094     -0.089   106.0791     8.1385     83.163 1.2365e-01     15.791     38.537  31.431084     2.9480    12.5836    15.7540   999.0017      0.131      0.091 0.0000e+00
      0.064     -0.061   106.6615     8.1812     83.184 1.2368e-01     15.789     38.523  31.434412     2.9425    12.8989    15.7497   999.0022      0.084      0.057 0.0000e+00
