Data/DataNotYetUploadedToEDI/Raw_CTD/RawDownloads/101620_fcr50_0006.cnv
* Sea-Bird SBE19plus  Data File:
* FileName = C:\DATA\101620_fcr50_0006.hex
* Software version 2.8.0.119
* Temperature SN = 7809
* Conductivity SN = 7809
* System UpLoad Time = Oct 17 2020 10:22:57
* <ApplicationData>
* <Seaterm232>
# nquan = 16
# nvalues = 1726                        
# units = specified
# name 0 = depFM: Depth [fresh water, m]
# name 1 = dz/dtM: Descent Rate [m/s]
# name 2 = orp: Oxidation Reduction Potential [mV]
# name 3 = sbeox0Mg/L: Oxygen, SBE 43 [mg/l]
# name 4 = sbeox0PS: Oxygen, SBE 43 [% saturation]
# name 5 = par/sat/log: PAR/Logarithmic, Satlantic
# name 6 = ph: pH
# name 7 = specc: Specific Conductance [uS/cm]
# name 8 = c0uS/cm: Conductivity [uS/cm]
# name 9 = flECO-AFL: Fluorescence, WET Labs ECO-AFL/FL [mg/m^3]
# name 10 = turbWETntu0: Turbidity, WET Labs ECO [NTU]
# name 11 = tv290C: Temperature [ITS-90, deg C]
# name 12 = density00: Density [density, kg/m^3]
# name 13 = prdE: Pressure, Strain Gauge [psi]
# name 14 = prdM: Pressure, Strain Gauge [db]
# name 15 = flag:  0.000e+00
# span 0 =     -0.595,      9.633       
# span 1 =     -0.261,      0.099       
# span 2 =    89.0640,  1206.4702       
# span 3 =    -0.0710,    12.0776       
# span 4 =     -0.513,    112.132       
# span 5 = 1.2357e-01, 8.1539e+02       
# span 6 =      5.544,     15.973       
# span 7 =      0.576,    104.722       
# span 8 =   0.344322,  78.946319       
# span 9 =    -1.3909,     6.8352       
# span 10 =    -0.4854,    94.2513      
# span 11 =     4.8717,    15.3523      
# span 12 =   999.0608,   999.9678      
# span 13 =     -0.847,     13.703      
# span 14 =     -0.584,      9.448      
# span 15 = 0.0000e+00, 0.0000e+00      
# interval = seconds: 0.25
# start_time = Oct 16 2020 20:22:30 [Instrument's time stamp, header]
# bad_flag = -9.990e-29
*END*
[from data line 1356]
      6.161     -0.070   187.1456     2.6365     24.807 1.2366e-01     15.828     61.897  46.677115    -0.4371    36.6049    12.7006   999.4692      8.771      6.047 0.0000e+00
      6.136     -0.084   187.0387     2.6467     24.832 1.2365e-01     15.828     61.897  46.677211    -0.4323    36.5494    12.7014   999.4689      8.731      6.020 0.0000e+00
      6.106     -0.094   186.9993     2.6420     24.874 1.2369e-01     15.827     61.890  46.670880    -0.4192    36.4874    12.7023   999.4686      8.680      5.985 0.0000e+00
      6.081     -0.095   187.0993     2.6253     24.885 1.2375e-01     15.827     61.882  46.664073    -0.4118    36.4387    12.7024   999.4685      8.649      5.963 0.0000e+00
      6.056     -0.088   187.2155     2.6325     24.844 1.2374e-01     15.827     61.875  46.658401    -0.4100    36.4062    12.7023   999.4684      8.618      5.941 0.0000e+00
      6.028     -0.077   187.1998     2.6311     24.824 1.2372e-01     15.827     61.885  46.665790    -0.4257    36.4043    12.7024   999.4683      8.571      5.909 0.0000e+00
      6.006     -0.066   187.0812     2.6392     24.820 1.2372e-01     15.827     61.916  46.689919    -0.4304    36.5183    12.7018   999.4682      8.534      5.883 0.0000e+00
      5.996     -0.056   187.0727     2.6440     24.792 1.2373e-01     15.827     61.925  46.696172    -0.4186    36.6511    12.7009   999.4683      8.525      5.879 0.0000e+00
      5.992     -0.047   187.1824     2.6317     24.766 1.2376e-01     15.827     61.900  46.677901    -0.4168    36.6718    12.7001   999.4684      8.529      5.880 0.0000e+00
      5.983     -0.040   187.2030     2.6323     24.782 1.2378e-01     15.826     61.875  46.659483    -0.4184    36.6310    12.7003   999.4683      8.512      5.869 0.0000e+00
      5.969     -0.036   187.2361     2.6339     24.830 1.2378e-01     15.826     61.880  46.663958    -0.4190    36.6390    12.7011   999.4682      8.486      5.851 0.0000e+00
      5.959     -0.036   187.3239     2.6300     24.880 1.2374e-01     15.826     61.885  46.668518    -0.4244    36.6995    12.7009   999.4681      8.475      5.842 0.0000e+00
      5.951     -0.034   187.3186     2.6238     24.875 1.2369e-01     15.827     61.861  46.651131    -0.4262    36.7438    12.7009   999.4682      8.468      5.838 0.0000e+00
      5.942     -0.031   187.3441     2.6277     24.797 1.2371e-01     15.827     61.850  46.644214    -0.4213    36.7973    12.7019   999.4680      8.449      5.826 0.0000e+00
      5.935     -0.030   187.4598     2.6325     24.742 1.2375e-01     15.827     61.855  46.648378    -0.4228    36.8662    12.7027   999.4678      8.438      5.818 0.0000e+00
      5.930     -0.030   187.5129     2.6404     24.746 1.2375e-01     15.827     61.841  46.637979    -0.4252    36.9243    12.7030   999.4678      8.436      5.816 0.0000e+00
      5.924     -0.032   187.4707     2.6433     24.746 1.2377e-01     15.826     61.851  46.645472    -0.4217    36.9850    12.7034   999.4677      8.426      5.810 0.0000e+00
      5.916     -0.034   187.3793     2.6276     24.725 1.2377e-01     15.826     61.892  46.675491    -0.4177    37.0500    12.7042   999.4675      8.414      5.801 0.0000e+00
      5.907     -0.035   187.2688     2.6199     24.697 1.2375e-01     15.826     61.903  46.683464    -0.4157    37.0927    12.7048   999.4674      8.403      5.794 0.0000e+00
      5.895     -0.035   187.2525     2.6261     24.708 1.2377e-01     15.825     61.896  46.678376    -0.4167    37.0894    12.7048   999.4674      8.385      5.781 0.0000e+00
      5.882     -0.034   187.3545     2.6248     24.781 1.2377e-01     15.825     61.895  46.677458    -0.4205    37.0791    12.7045   999.4673      8.365      5.767 0.0000e+00
      5.873     -0.032   187.3835     2.6227     24.870 1.2374e-01     15.825     61.887  46.672368    -0.4233    37.0710    12.7043   999.4674      8.351      5.757 0.0000e+00
      5.868     -0.030   187.3453     2.6180     24.920 1.2372e-01     15.824     61.897  46.680331    -0.4218    37.0599    12.7042   999.4673      8.346      5.754 0.0000e+00
      5.864     -0.029   187.4945     2.6161     24.861 1.2369e-01     15.824     61.937  46.710246    -0.4213    37.0824    12.7038   999.4674      8.343      5.752 0.0000e+00
      5.859     -0.029   187.7244     2.6293     24.750 1.2369e-01     15.825     61.945  46.716596    -0.4266    37.0686    12.7040   999.4673      8.334      5.746 0.0000e+00
      5.850     -0.033   187.7162     2.6366     24.684 1.2378e-01     15.825     61.915  46.693611    -0.4381    36.9954    12.7045   999.4672      8.321      5.737 0.0000e+00
      5.841     -0.041   187.5681     2.6491     24.668 1.2383e-01     15.824     61.905  46.686325    -0.4459    36.8499    12.7049   999.4671      8.306      5.727 0.0000e+00
      5.832     -0.051   187.3966     2.6398     24.738 1.2379e-01     15.823     61.912  46.691993    -0.4354    36.6836    12.7048   999.4671      8.297      5.721 0.0000e+00
      5.822     -0.060   187.1906     2.6192     24.808 1.2372e-01     15.822     61.921  46.698650    -0.4156    36.6667    12.7046   999.4671      8.286      5.712 0.0000e+00
      5.803     -0.067   187.2292     2.6198     24.779 1.2365e-01     15.822     61.928  46.703315    -0.4073    36.6453    12.7048   999.4670      8.256      5.692 0.0000e+00
      5.780     -0.071   187.5190     2.6095     24.727 1.2365e-01     15.822     61.904  46.684900    -0.4110    36.5964    12.7047   999.4669      8.219      5.667 0.0000e+00
      5.756     -0.074   187.5962     2.6226     24.681 1.2368e-01     15.823     61.879  46.666483    -0.4226    36.6929    12.7049   999.4667      8.187      5.645 0.0000e+00
      5.736     -0.075   187.4746     2.6391     24.669 1.2373e-01     15.823     61.885  46.671109    -0.4231    36.8164    12.7051   999.4666      8.155      5.624 0.0000e+00
      5.721     -0.074   187.4252     2.6255     24.749 1.2375e-01     15.823     61.895  46.677344    -0.4076    36.8889    12.7051   999.4666      8.136      5.610 0.0000e+00
      5.708     -0.071   187.4296     2.6227     24.829 1.2366e-01     15.822     61.897  46.678375    -0.4071    36.8819    12.7048   999.4665      8.124      5.602 0.0000e+00
      5.688     -0.070   187.4412     2.6178     24.823 1.2362e-01     15.822     61.904  46.683579    -0.4170    36.8007    12.7046   999.4664      8.094      5.580 0.0000e+00
      5.666     -0.071   187.3935     2.6097     24.788 1.2365e-01     15.823     61.895  46.676771    -0.4223    36.7650    12.7048   999.4663      8.056      5.554 0.0000e+00
      5.647     -0.074   187.1974     2.6245     24.738 1.2366e-01     15.824     61.872  46.659554    -0.4234    36.8276    12.7043   999.4663      8.030      5.536 0.0000e+00
      5.631     -0.074   186.9629     2.6400     24.726 1.2368e-01     15.824     61.882  46.665894    -0.4206    36.9062    12.7032   999.4664      8.011      5.523 0.0000e+00
      5.615     -0.070   186.8805     2.6306     24.779 1.2371e-01     15.824     61.914  46.689937    -0.4266    36.8912    12.7031   999.4663      7.989      5.508 0.0000e+00
      5.594     -0.062   186.9767     2.6308     24.778 1.2373e-01     15.824     61.921  46.696277    -0.4386    36.8526    12.7037   999.4661      7.958      5.487 0.0000e+00
      5.573     -0.055   187.0934     2.6235     24.732 1.2372e-01     15.825     61.898  46.679060    -0.4424    36.8853    12.7035   999.4660      7.924      5.463 0.0000e+00
      5.558     -0.048   187.0866     2.6146     24.678 1.2371e-01     15.825     61.889  46.672251    -0.4344    36.9088    12.7027   999.4661      7.899      5.447 0.0000e+00
      5.551     -0.043   187.0668     2.6352     24.646 1.2376e-01     15.824     61.896  46.677446    -0.4175    36.8283    12.7024   999.4661      7.894      5.442 0.0000e+00
      5.548     -0.041   187.1114     2.6277     24.669 1.2374e-01     15.823     61.896  46.678382    -0.4105    36.7018    12.7030   999.4660      7.893      5.442 0.0000e+00
      5.542     -0.042   187.1094     2.6230     24.691 1.2369e-01     15.823     61.902  46.683568    -0.4168    36.6143    12.7035   999.4659      7.884      5.436 0.0000e+00
      5.532     -0.045   187.1296     2.6181     24.715 1.2369e-01     15.823     61.892  46.676651    -0.4261    36.5958    12.7032   999.4659      7.869      5.425 0.0000e+00
      5.517     -0.049   187.2693     2.6080     24.737 1.2371e-01     15.823     61.867  46.658241    -0.4271    36.6490    12.7030   999.4659      7.850      5.412 0.0000e+00
      5.498     -0.051   187.3368     2.6195     24.738 1.2374e-01     15.823     61.857  46.651467    -0.4111    36.7085    12.7038   999.4656      7.820      5.392 0.0000e+00
      5.480     -0.051   187.2565     2.6168     24.756 1.2375e-01     15.822     61.865  46.658241    -0.4039    36.7318    12.7050   999.4654      7.788      5.369 0.0000e+00
      5.469     -0.049   187.1579     2.6207     24.797 1.2372e-01     15.822     61.889  46.676651    -0.4065    36.6902    12.7052   999.4654      7.777      5.362 0.0000e+00
      5.463     -0.046   187.1775     2.6256     24.815 1.2368e-01     15.823     61.898  46.683577    -0.4046    36.7887    12.7053   999.4653      7.773      5.359 0.0000e+00
      5.453     -0.042   187.2355     2.6216     24.764 1.2368e-01     15.823     61.891  46.678496    -0.4003    37.1333    12.7059   999.4652      7.757      5.347 0.0000e+00
      5.440     -0.040   187.2574     2.6243     24.674 1.2366e-01     15.823     61.890  46.678705    -0.3921    37.3549    12.7063   999.4651      7.738      5.335 0.0000e+00
      5.429     -0.040   187.2699     2.6302     24.631 1.2365e-01     15.822     61.900  46.686105    -0.3914    37.4084    12.7065   999.4650      7.720      5.323 0.0000e+00
      5.419     -0.039   187.2145     2.6349     24.668 1.2369e-01     15.822     61.924  46.704477    -0.4024    37.4018    12.7070   999.4649      7.706      5.313 0.0000e+00
      5.409     -0.038   187.1895     2.6285     24.729 1.2372e-01     15.821     61.931  46.710357    -0.4194    37.2416    12.7073   999.4648      7.695      5.305 0.0000e+00
      5.399     -0.038   187.3125     2.6139     24.771 1.2373e-01     15.820     61.909  46.693712    -0.4247    37.1196    12.7078   999.4647      7.679      5.295 0.0000e+00
      5.391     -0.039   187.4968     2.6078     24.788 1.2379e-01     15.820     61.909  46.693703    -0.4093    37.1618    12.7080   999.4647      7.667      5.286 0.0000e+00
      5.383     -0.041   187.5254     2.6153     24.767 1.2382e-01     15.821     61.931  46.710245    -0.3951    37.1682    12.7080   999.4646      7.657      5.280 0.0000e+00
      5.373     -0.046   187.4003     2.6237     24.721 1.2381e-01     15.822     61.922  46.703233    -0.3968    36.8880    12.7082   999.4646      7.645      5.271 0.0000e+00
      5.360     -0.051   187.2747     2.6269     24.686 1.2378e-01     15.822     61.882  46.672419    -0.4109    36.4175    12.7083   999.4645      7.624      5.257 0.0000e+00
      5.345     -0.055   187.2972     2.6304     24.662 1.2378e-01     15.821     61.858  46.655149    -0.4223    36.1835    12.7083   999.4644      7.602      5.241 0.0000e+00
      5.330     -0.055   187.5006     2.6280     24.682 1.2379e-01     15.820     61.898  46.684907    -0.4208    36.1869    12.7082   999.4644      7.585      5.229 0.0000e+00
      5.313     -0.054   187.6696     2.6196     24.746 1.2379e-01     15.821     61.938  46.714757    -0.4110    36.3213    12.7081   999.4643      7.558      5.211 0.0000e+00
      5.296     -0.051   187.7055     2.6185     24.781 1.2376e-01     15.821     61.917  46.698584    -0.4086    36.5381    12.7079   999.4642      7.527      5.190 0.0000e+00
      5.285     -0.049   187.5903     2.6134     24.778 1.2372e-01     15.821     61.892  46.679849    -0.4110    36.5756    12.7078   999.4641      7.514      5.181 0.0000e+00
      5.278     -0.049   187.3952     2.6139     24.774 1.2373e-01     15.821     61.891  46.678715    -0.4019    36.5351    12.7078   999.4642      7.508      5.177 0.0000e+00
      5.269     -0.049   187.4104     2.6270     24.769 1.2376e-01     15.820     61.899  46.684865    -0.3943    36.5639    12.7076   999.4642      7.494      5.168 0.0000e+00
      5.256     -0.048   187.6024     2.6296     24.754 1.2379e-01     15.820     61.907  46.690729    -0.3955    36.5463    12.7078   999.4641      7.478      5.156 0.0000e+00
      5.239     -0.046   187.7387     2.6267     24.721 1.2379e-01     15.820     61.902  46.686114    -0.3966    36.4593    12.7077   999.4640      7.453      5.138 0.0000e+00
      5.223     -0.043   187.7680     2.6275     24.680 1.2375e-01     15.820     61.910  46.692568    -0.3985    36.3699    12.7075   999.4639      7.425      5.119 0.0000e+00
      5.211     -0.042   187.6123     2.6267     24.658 1.2372e-01     15.820     61.926  46.705258    -0.3991    36.4267    12.7075   999.4639      7.409      5.108 0.0000e+00
      5.205     -0.044   187.4898     2.6261     24.679 1.2373e-01     15.820     61.936  46.712561    -0.3950    36.6310    12.7069   999.4639      7.400      5.103 0.0000e+00
      5.202     -0.047   187.5774     2.6217     24.697 1.2373e-01     15.820     61.942  46.717374    -0.3959    36.7465    12.7068   999.4639      7.402      5.103 0.0000e+00
      5.194     -0.050   187.6395     2.6168     24.655 1.2372e-01     15.819     61.919  46.699959    -0.4013    36.6904    12.7070   999.4639      7.396      5.099 0.0000e+00
      5.174     -0.054   187.5522     2.6124     24.638 1.2373e-01     15.819     61.909  46.692475    -0.4033    36.6045    12.7071   999.4638      7.361      5.076 0.0000e+00
      5.151     -0.056   187.5551     2.6160     24.690 1.2375e-01     15.819     61.906  46.690385    -0.4002    36.5320    12.7074   999.4636      7.322      5.049 0.0000e+00
      5.133     -0.053   187.6742     2.6243     24.707 1.2378e-01     15.819     61.885  46.674686    -0.4022    36.4320    12.7075   999.4636      7.299      5.033 0.0000e+00
      5.121     -0.047   187.6156     2.6128     24.674 1.2383e-01     15.818     61.908  46.693148    -0.4088    36.3903    12.7074   999.4635      7.282      5.022 0.0000e+00
      5.112     -0.040   187.5344     2.6069     24.639 1.2385e-01     15.818     61.945  46.723118    -0.4037    36.4056    12.7075   999.4634      7.269      5.012 0.0000e+00
      5.107     -0.035   187.5530     2.6222     24.635 1.2380e-01     15.818     61.938  46.719588    -0.4063    36.3431    12.7073   999.4634      7.261      5.007 0.0000e+00
      5.103     -0.033   187.5830     2.6219     24.684 1.2370e-01     15.817     61.930  46.713976    -0.4218    36.2180    12.7076   999.4634      7.260      5.006 0.0000e+00
      5.095     -0.036   187.6387     2.6155     24.719 1.2362e-01     15.817     61.935  46.718761    -0.4293    36.1290    12.7087   999.4632      7.252      4.999 0.0000e+00
      5.082     -0.044   187.6243     2.6130     24.689 1.2364e-01     15.816     61.929  46.713945    -0.4203    36.1251    12.7106   999.4629      7.228      4.983 0.0000e+00
      5.070     -0.055   187.4943     2.6074     24.621 1.2370e-01     15.816     61.937  46.719234    -0.3987    36.2053    12.7120   999.4627      7.210      4.971 0.0000e+00
      5.060     -0.067   187.3579     2.6191     24.560 1.2372e-01     15.816     61.937  46.719224    -0.3877    36.2750    12.7125   999.4626      7.201      4.965 0.0000e+00
      5.043     -0.078   187.1797     2.6239     24.514 1.2369e-01     15.816     61.931  46.713819    -0.4017    36.2805    12.7129   999.4625      7.177      4.948 0.0000e+00
      5.019     -0.086   186.9738     2.6196     24.509 1.2369e-01     15.816     61.937  46.717383    -0.4249    36.2727    12.7127   999.4624      7.140      4.922 0.0000e+00
      4.992     -0.091   187.0193     2.6094     24.573 1.2375e-01     15.816     61.913  46.698821    -0.4292    36.2839    12.7122   999.4623      7.100      4.895 0.0000e+00
