Data/DataNotYetUploadedToEDI/Raw_CTD/RawDownloads/101620_fcr50_0003.cnv
* Sea-Bird SBE19plus  Data File:
* FileName = C:\DATA\101620_fcr50_0003.hex
* Software version 2.8.0.119
* Temperature SN = 7809
* Conductivity SN = 7809
* System UpLoad Time = Oct 17 2020 10:20:40
* <ApplicationData>
* <Seaterm232>
# nquan = 16
# nvalues = 2427                        
# units = specified
# name 0 = depFM: Depth [fresh water, m]
# name 1 = dz/dtM: Descent Rate [m/s]
# name 2 = orp: Oxidation Reduction Potential [mV]
# name 3 = sbeox0Mg/L: Oxygen, SBE 43 [mg/l]
# name 4 = sbeox0PS: Oxygen, SBE 43 [% saturation]
# name 5 = par/sat/log: PAR/Logarithmic, Satlantic
# name 6 = ph: pH
# name 7 = specc: Specific Conductance [uS/cm]
# name 8 = c0uS/cm: Conductivity [uS/cm]
# name 9 = flECO-AFL: Fluorescence, WET Labs ECO-AFL/FL [mg/m^3]
# name 10 = turbWETntu0: Turbidity, WET Labs ECO [NTU]
# name 11 = tv290C: Temperature [ITS-90, deg C]
# name 12 = density00: Density [density, kg/m^3]
# name 13 = prdE: Pressure, Strain Gauge [psi]
# name 14 = prdM: Pressure, Strain Gauge [db]
# name 15 = flag:  0.000e+00
# span 0 =     -0.646,      9.567       
# span 1 =     -0.241,      0.081       
# span 2 = -1240.7455,   405.5028       
# span 3 =     0.0765,    11.6455       
# span 4 =      0.749,    109.498       
# span 5 = 1.2355e-01, 3.1921e-01       
# span 6 =     15.671,     16.531       
# span 7 =     -1.411,     78.574       
# span 8 =  -0.886771,  61.486377       
# span 9 =    -1.0161,     5.5806       
# span 10 =    -0.3440,   282.1352      
# span 11 =     6.4001,    16.1776      
# span 12 =   998.9308,   999.9284      
# span 13 =     -0.920,     13.609      
# span 14 =     -0.634,      9.383      
# span 15 = 0.0000e+00, 0.0000e+00      
# interval = seconds: 0.25
# start_time = Oct 16 2020 08:13:15 [Instrument's time stamp, header]
# bad_flag = -9.990e-29
*END*
[from data line 91]
     -0.644      0.022    46.1271    11.6053     93.999 1.2358e-01     16.531      0.742   0.499043     0.7839     2.2115     6.4135   999.9279     -0.915     -0.631 0.0000e+00
     -0.643      0.032   280.2134    11.5940     93.649 1.2360e-01     16.337      1.451   1.039349     0.8585     2.2115     6.4350   999.9274     -0.918     -0.634 0.0000e+00
     -0.633      0.042   361.5486    11.6142     93.365 1.2369e-01     16.139      6.078   4.501474     0.8889     2.1620     6.4001   999.9281     -0.911     -0.628 0.0000e+00
     -0.611      0.052   389.3261    11.5604     93.213 1.2367e-01     16.014     14.105  10.548602     0.8840     2.1614     6.5832   999.9224     -0.864     -0.596 0.0000e+00
     -0.592      0.061   401.4864    11.1575     93.148 1.2366e-01     15.940     18.729  14.143222     0.8854     2.1704     7.9595   999.8516     -0.837     -0.578 0.0000e+00
     -0.580      0.066   405.5028    10.5824     93.135 1.2374e-01     15.897     21.567  16.467999     0.8581     2.1670     9.9233   999.7096     -0.828     -0.571 0.0000e+00
     -0.566      0.066   366.8191    10.2174     93.081 1.2380e-01     15.871     27.986  21.538984     0.8017     2.2576    11.3069   999.5775     -0.806     -0.557 0.0000e+00
     -0.546      0.066   289.4514    10.0034     93.011 1.2377e-01     15.853     34.485  26.693346     0.7658     2.3732    12.1766   999.4858     -0.779     -0.538 0.0000e+00
     -0.526      0.066   244.4097     9.8590     92.996 1.2372e-01     15.839     36.955  28.752126     0.7673     2.4332    12.7734   999.4152     -0.742     -0.512 0.0000e+00
     -0.511      0.065   234.2661     9.7782     93.023 1.2371e-01     15.830     37.240  29.116491     0.8103     2.4670    13.1804   999.3636     -0.727     -0.501 0.0000e+00
     -0.495      0.062   228.8402     9.7132     93.056 1.2370e-01     15.821     37.464  29.449633     0.8660     2.5075    13.4331   999.3337     -0.710     -0.490 0.0000e+00
     -0.475      0.061   228.5363     9.6481     93.071 1.2371e-01     15.808     37.689  29.798695     0.8975     2.8191    13.6847   999.3031     -0.668     -0.461 0.0000e+00
     -0.461      0.064   229.3874     9.6002     93.068 1.2371e-01     15.794     37.872  30.101755     0.9522     5.8577    13.9126   999.2725     -0.649     -0.447 0.0000e+00
     -0.454      0.069   229.9240     9.5698     93.047 1.2366e-01     15.787     37.983  30.322711     1.4041    38.3537    14.0734   999.2499     -0.649     -0.448 0.0000e+00
     -0.440      0.072   231.4109     9.5302     93.012 1.2364e-01     15.785     37.983  30.440302     2.2217    97.7859    14.2895   999.2197     -0.633     -0.437 0.0000e+00
     -0.415      0.072   232.3949     9.4787     92.971 1.2371e-01     15.784     37.844  30.445166     2.6652   129.9400    14.5373   999.1842     -0.593     -0.409 0.0000e+00
     -0.386      0.070   231.5826     9.4357     92.921 1.2375e-01     15.782     37.617  30.381648     2.7035   130.2161    14.7523   999.1531     -0.545     -0.376 0.0000e+00
     -0.363      0.065   231.9150     9.3977     92.877 1.2372e-01     15.779     37.387  30.306882     2.8186   100.9862    14.9206   999.1282     -0.513     -0.353 0.0000e+00
     -0.349      0.058   234.3479     9.3656     92.864 1.2369e-01     15.777     37.114  30.175729     3.0268    46.7921    15.0664   999.1063     -0.494     -0.340 0.0000e+00
     -0.340      0.050   235.6174     9.3301     92.808 1.2369e-01     15.768     36.833  30.001376     3.1412    17.1094    15.2161   999.0835     -0.482     -0.333 0.0000e+00
     -0.335      0.046   235.3912     9.2930     92.688 1.2373e-01     15.748     36.625  29.848315     3.1712    14.3549    15.3854   999.0574     -0.479     -0.330 0.0000e+00
     -0.327      0.050   232.0424     9.2539     92.685 1.2372e-01     15.735     36.310  29.593898     3.1810    14.1056    15.5360   999.0339     -0.469     -0.324 0.0000e+00
     -0.315      0.057   223.9506     9.2325     92.911 1.2368e-01     15.741     35.914  29.272495     3.1831    14.0602    15.6658   999.0133     -0.449     -0.311 0.0000e+00
     -0.299      0.066   216.9695     9.2141     93.299 1.2370e-01     15.752     35.659  29.070761     3.1875    14.0117    15.7476   999.0003     -0.428     -0.295 0.0000e+00
     -0.278      0.073   214.5727     9.1923     93.683 1.2370e-01     15.761     35.567  28.994461     3.1762    13.9665    15.7469   999.0005     -0.397     -0.274 0.0000e+00
     -0.253      0.078   215.1903     9.1847     94.093 1.2371e-01     15.769     35.916  29.238071     3.1610    13.9605    15.7485   999.0003     -0.358     -0.247 0.0000e+00
     -0.232      0.081   216.6933     9.2169     96.093 1.2375e-01     15.777     36.856  29.922698     3.1856    13.9380    15.7475   999.0003     -0.329     -0.226 0.0000e+00
     -0.215      0.081   216.8275     9.2496    101.037 1.2375e-01     15.782     37.625  30.484096     3.2546    13.8666    15.7535   998.9993     -0.307     -0.212 0.0000e+00
     -0.195      0.078   216.5549     9.3067    106.598 1.2375e-01     15.784     37.731  30.569955     3.2983    13.7839    15.7826   998.9948     -0.279     -0.192 0.0000e+00
     -0.174      0.073   216.8388     9.3028    109.498 1.2377e-01     15.782     37.601  30.516733     3.3041    13.6929    15.7281   999.0037     -0.248     -0.171 0.0000e+00
     -0.154      0.068   217.4210     9.4021    108.464 1.2374e-01     15.779     37.543  30.538522     3.3528    13.6937    15.5815   999.0273     -0.219     -0.150 0.0000e+00
     -0.134      0.063   218.3456    10.0666    104.376 1.2373e-01     15.777     37.518  30.579718     3.4578    13.7934    15.4690   999.0454     -0.187     -0.128 0.0000e+00
     -0.120      0.057   218.8121    10.7563     99.904 1.2373e-01     15.775     37.528  30.634253     3.5253    13.8340    15.4793   999.0438     -0.167     -0.115 0.0000e+00
     -0.110      0.051   218.7588    11.0475     96.723 1.2368e-01     15.774     37.558  30.690424     3.5299    13.7722    15.5712   999.0293     -0.158     -0.109 0.0000e+00
     -0.098      0.046   219.1647    10.9176     94.407 1.2365e-01     15.773     37.527  30.687932     3.4652    13.6304    15.6725   999.0134     -0.140     -0.097 0.0000e+00
     -0.087      0.044   220.6219    10.3485     92.203 1.2369e-01     15.772     37.480  30.667594     3.3636    13.4933    15.7592   998.9996     -0.121     -0.084 0.0000e+00
     -0.077      0.044   223.1284     9.8293     90.147 1.2371e-01     15.771     37.496  30.698303     3.3216    13.4874    15.8185   998.9902     -0.110     -0.076 0.0000e+00
     -0.067      0.045   225.3798     9.5469     88.610 1.2366e-01     15.771     37.530  30.742039     3.3201    13.4913    15.8581   998.9840     -0.096     -0.066 0.0000e+00
     -0.055      0.045   224.4394     9.3455     87.641 1.2365e-01     15.771     37.530  30.752331     3.3738    13.4028    15.8861   998.9795     -0.078     -0.054 0.0000e+00
     -0.042      0.044   220.8784     9.1163     87.054 1.2371e-01     15.770     37.529  30.759302     3.4843    13.3773    15.9075   998.9760     -0.060     -0.041 0.0000e+00
     -0.029      0.041   219.0626     8.8856     86.525 1.2375e-01     15.769     37.520  30.762900     3.5499    13.4579    15.9324   998.9722     -0.042     -0.029 0.0000e+00
     -0.018      0.037   219.1774     8.7333     85.816 1.2374e-01     15.769     37.469  30.732407     3.5674    13.5193    15.9564   998.9683     -0.024     -0.016 0.0000e+00
     -0.008      0.031   218.9965     8.6418     85.181 1.2373e-01     15.769     37.424  30.707838     3.5230    13.3295    15.9676   998.9666     -0.010     -0.007 0.0000e+00
     -0.002      0.024   218.4230     8.5919     84.890 1.2374e-01     15.768     37.427  30.719614     3.4231    12.9485    15.9752   998.9653     -0.002     -0.001 0.0000e+00
      0.003      0.019   218.1810     8.5563     84.848 1.2378e-01     15.768     37.453  30.747920     3.3711    12.7593    15.9909   998.9629      0.004      0.003 0.0000e+00
      0.006      0.015   218.6511     8.4646     84.881 1.2379e-01     15.768     37.429  30.732884     3.3714    12.7588    16.0071   998.9602      0.010      0.006 0.0000e+00
      0.008      0.014   219.2895     8.3845     84.768 1.2380e-01     15.768     37.344  30.664705     3.3787    12.7695    16.0233   998.9576      0.012      0.008 0.0000e+00
      0.009      0.014   219.7915     8.3657     84.456 1.2378e-01     15.767     37.291  30.621435     3.4111    13.0264    16.0385   998.9550      0.012      0.008 0.0000e+00
      0.013      0.015   220.2456     8.3602     84.101 1.2377e-01     15.768     37.265  30.590366     3.4672    13.5639    16.0466   998.9537      0.017      0.011 0.0000e+00
      0.018      0.016   220.4781     8.3751     83.781 1.2380e-01     15.769     37.235  30.542813     3.5045    13.9136    16.0515   998.9530      0.026      0.018 0.0000e+00
      0.024      0.017   220.7963     8.3669     83.536 1.2377e-01     15.770     37.279  30.553985     3.5088    13.9927    16.0543   998.9525      0.034      0.023 0.0000e+00
      0.029      0.017   221.1668     8.3231     83.326 1.2368e-01     15.772     37.347  30.598529     3.4906    14.0052    16.0579   998.9520      0.041      0.028 0.0000e+00
      0.033      0.016   221.0011     8.2909     82.984 1.2367e-01     15.772     37.324  30.573834     3.4656    13.9623    16.0503   998.9533      0.048      0.034 0.0000e+00
      0.037      0.013   220.5136     8.2639     82.496 1.2370e-01     15.773     37.268  30.509168     3.4455    13.8856    16.0116   998.9595      0.053      0.037 0.0000e+00
      0.040      0.010   220.1762     8.2460     81.976 1.2370e-01     15.774     37.222  30.451060     3.4474    13.9009    15.9651   998.9671      0.056      0.039 0.0000e+00
      0.042      0.007   219.8468     8.2389     81.489 1.2369e-01     15.774     37.143  30.378765     3.4798    13.8734    15.9579   998.9683      0.061      0.042 0.0000e+00
      0.044      0.005   219.2845     8.2019     81.041 1.2369e-01     15.774     37.021  30.269464     3.5037    13.6558    15.9659   998.9670      0.063      0.044 0.0000e+00
      0.044      0.003   219.2282     8.1534     80.546 1.2370e-01     15.774     36.967  30.207999     3.4970    13.4669    15.9304   998.9727      0.063      0.043 0.0000e+00
      0.044      0.002   219.3377     8.1094     79.946 1.2375e-01     15.774     36.972  30.206538     3.4841    13.3756    15.8874   998.9796      0.064      0.044 0.0000e+00
      0.044      0.001   218.4574     8.0575     79.325 1.2377e-01     15.775     36.864  30.124914     3.4533    13.1697    15.8923   998.9788      0.063      0.044 0.0000e+00
      0.044      0.001   217.7045     8.0192     78.802 1.2372e-01     15.775     36.765  30.045830     3.4016    12.8317    15.8884   998.9794      0.063      0.044 0.0000e+00
      0.045      0.002   217.8925     7.9816     78.387 1.2367e-01     15.774     36.804  30.075077     3.3745    12.5845    15.8418   998.9868      0.063      0.044 0.0000e+00
      0.046      0.002   218.4071     7.9181     77.983 1.2367e-01     15.774     36.835  30.097892     3.3725    12.4812    15.8393   998.9873      0.065      0.045 0.0000e+00
      0.047      0.003   218.9366     7.8473     77.535 1.2365e-01     15.774     36.811  30.067919     3.3972    12.6467    15.8621   998.9836      0.067      0.046 0.0000e+00
      0.047      0.003   219.6485     7.7954     77.098 1.2364e-01     15.775     36.789  30.029863     3.4632    13.0403    15.8586   998.9841      0.067      0.047 0.0000e+00
      0.048      0.003   220.6480     7.7605     76.767 1.2367e-01     15.777     36.720  29.954939     3.5213    13.2575    15.8550   998.9847      0.068      0.047 0.0000e+00
      0.050      0.002   221.4706     7.7228     76.562 1.2368e-01     15.778     36.621  29.859833     3.5275    13.2468    15.8545   998.9848      0.070      0.049 0.0000e+00
      0.050      0.002   221.8506     7.6775     76.400 1.2370e-01     15.779     36.601  29.831527     3.5009    13.1857    15.8439   998.9865      0.071      0.049 0.0000e+00
      0.050      0.002   221.9742     7.6357     76.188 1.2375e-01     15.780     36.656  29.866447     3.4950    13.2053    15.8091   998.9921      0.071      0.049 0.0000e+00
      0.051      0.001   222.0187     7.6060     75.908 1.2372e-01     15.780     36.710  29.901397     3.5134    13.3128    15.7811   998.9965      0.072      0.050 0.0000e+00
      0.051      0.000   222.0433     7.5922     75.615 1.2370e-01     15.780     36.686  29.873452     3.5219    13.3524    15.7665   998.9988      0.072      0.050 0.0000e+00
      0.051 2.0350e-08   221.9275     7.5832     75.327 1.2377e-01     15.781     36.588  29.782313     3.5228    13.3065    15.7476   999.0018      0.072      0.050 0.0000e+00
      0.051 2.2385e-07   221.5653     7.5652     75.041 1.2377e-01     15.782     36.570  29.751033     3.5139    13.3418    15.7344   999.0040      0.072      0.050 0.0000e+00
      0.051 2.2693e-07   220.8476     7.5357     74.772 1.2370e-01     15.783     36.668  29.812433     3.5104    13.5384    15.7225   999.0059      0.072      0.050 0.0000e+00
      0.051 5.7507e-08   219.5311     7.5078     74.493 1.2368e-01     15.783     36.702  29.826832     3.5175    13.7259    15.7118   999.0076      0.071      0.049 0.0000e+00
      0.051 4.1088e-07   217.9510     7.4828     74.195 1.2369e-01     15.783     36.605  29.734792     3.5145    13.7554    15.7013   999.0092      0.072      0.050 0.0000e+00
      0.051      0.000   218.0039     7.4553     73.881 1.2367e-01     15.783     36.521  29.651164     3.5030    13.7920    15.6750   999.0134      0.072      0.050 0.0000e+00
      0.051      0.000   221.4604     7.4368     73.569 1.2367e-01     15.783     36.523  29.640386     3.4932    13.9626    15.6425   999.0186      0.072      0.050 0.0000e+00
      0.051      0.001   224.6396     7.4111     73.324 1.2372e-01     15.784     36.487  29.604461     3.5008    14.1358    15.6300   999.0206      0.072      0.050 0.0000e+00
      0.051      0.001   223.5766     7.3821     73.148 1.2374e-01     15.785     36.409  29.533982     3.5187    14.2391    15.6165   999.0226      0.071      0.049 0.0000e+00
      0.051      0.001   221.5139     7.3579     73.018 1.2372e-01     15.786     36.363  29.486053     3.5178    14.0096    15.5870   999.0273      0.073      0.050 0.0000e+00
      0.052      0.000   221.8981     7.3232     72.884 1.2372e-01     15.786     36.276  29.405573     3.4995    13.4891    15.5696   999.0300      0.074      0.051 0.0000e+00
      0.052     -0.004   221.8552     7.3017     72.674 1.2375e-01     15.786     36.256  29.385594     3.4886    13.2340    15.5669   999.0304      0.074      0.051 0.0000e+00
      0.053     -0.011   219.1886     7.2862     72.420 1.2377e-01     15.786     36.399  29.498239     3.5006    13.2249    15.5582   999.0317      0.075      0.052 0.0000e+00
      0.053     -0.018   217.8770     7.2759     72.170 1.2375e-01     15.787     36.419  29.498781     3.4822    12.8983    15.5394   999.0347      0.077      0.053 0.0000e+00
      0.048     -0.025   218.7301     7.2717     71.938 1.2372e-01     15.788     36.315  29.392126     3.3910    12.2032    15.5257   999.0368      0.072      0.050 0.0000e+00
      0.036     -0.033   219.0066     7.2470     71.771 1.2368e-01     15.789     36.364  29.413988     3.3125    11.7905    15.5161   999.0382      0.052      0.036 0.0000e+00
      0.023     -0.040   218.6392     7.2194     71.701 1.2366e-01     15.790     36.515  29.509346     3.3058    11.7871    15.5283   999.0363      0.030      0.021 0.0000e+00
      0.013     -0.045   218.4179     7.1983     71.654 1.2363e-01     15.791     36.585  29.530035     3.3200    11.8535    15.5009   999.0406      0.019      0.013 0.0000e+00
