Data/DataNotYetUploadedToEDI/Raw_CTD/RawDownloads/101620_fcr50_0001.cnv
* Sea-Bird SBE19plus  Data File:
* FileName = C:\DATA\101620_fcr50_0001.hex
* Software version 2.8.0.119
* Temperature SN = 7809
* Conductivity SN = 7809
* System UpLoad Time = Oct 17 2020 10:18:47
* <ApplicationData>
* <Seaterm232>
# nquan = 16
# nvalues = 2206                        
# units = specified
# name 0 = depFM: Depth [fresh water, m]
# name 1 = dz/dtM: Descent Rate [m/s]
# name 2 = orp: Oxidation Reduction Potential [mV]
# name 3 = sbeox0Mg/L: Oxygen, SBE 43 [mg/l]
# name 4 = sbeox0PS: Oxygen, SBE 43 [% saturation]
# name 5 = par/sat/log: PAR/Logarithmic, Satlantic
# name 6 = ph: pH
# name 7 = specc: Specific Conductance [uS/cm]
# name 8 = c0uS/cm: Conductivity [uS/cm]
# name 9 = flECO-AFL: Fluorescence, WET Labs ECO-AFL/FL [mg/m^3]
# name 10 = turbWETntu0: Turbidity, WET Labs ECO [NTU]
# name 11 = tv290C: Temperature [ITS-90, deg C]
# name 12 = density00: Density [density, kg/m^3]
# name 13 = prdE: Pressure, Strain Gauge [psi]
# name 14 = prdM: Pressure, Strain Gauge [db]
# name 15 = flag:  0.000e+00
# span 0 =     -0.649,      9.598       
# span 1 =     -0.203,      0.125       
# span 2 = -1240.7455,   602.2279       
# span 3 =     0.0561,    10.2450       
# span 4 =      0.637,    103.860       
# span 5 = 1.2356e-01, 1.4643e+02       
# span 6 =      5.845,     15.923       
# span 7 =      0.801,    103.496       
# span 8 =   0.592858,  78.014520       
# span 9 =    -1.0191,     4.1902       
# span 10 =    -0.3324,    56.7711      
# span 11 =    11.9812,    16.6924      
# span 12 =   998.8504,   999.5052      
# span 13 =     -0.923,     13.652      
# span 14 =     -0.636,      9.413      
# span 15 = 0.0000e+00, 0.0000e+00      
# interval = seconds: 0.25
# start_time = Oct 16 2020 01:15:32 [Instrument's time stamp, header]
# bad_flag = -9.990e-29
*END*
[from data line 1989]
      2.413     -0.056   108.0869     4.6720     50.466 1.5357e-01     15.810     42.512  34.553759     2.5444    11.1386    15.6276   999.0337      3.431      2.366 0.0000e+00
      2.396     -0.060   107.8808     4.6966     51.563 1.6038e-01     15.810     42.151  34.276874     2.5754    11.0983    15.6242   999.0342      3.404      2.347 0.0000e+00
      2.384     -0.066   107.4985     4.7771     52.478 1.6413e-01     15.810     41.844  34.059680     2.6814    11.0465    15.6282   999.0335      3.390      2.338 0.0000e+00
      2.373     -0.071   107.5944     4.9033     53.164 1.6969e-01     15.808     41.668  33.958246     2.7581    10.9930    15.6264   999.0337      3.379      2.329 0.0000e+00
      2.356     -0.073   108.0941     5.0224     53.729 1.8051e-01     15.806     41.599  33.938844     2.7595    10.9316    15.6324   999.0327      3.356      2.313 0.0000e+00
      2.330     -0.074   108.4636     5.1331     54.331 1.9606e-01     15.806     41.584  33.952038     2.7552    11.0253    15.6473   999.0300      3.317      2.287 0.0000e+00
      2.303     -0.074   108.7931     5.2244     55.158 2.1368e-01     15.805     41.531  33.927445     2.7732    11.3020    15.6880   999.0233      3.272      2.255 0.0000e+00
      2.283     -0.071   108.9802     5.2784     56.400 2.3004e-01     15.805     41.395  33.831879     2.7769    11.4623    15.7492   999.0134      3.243      2.236 0.0000e+00
      2.269     -0.065   108.7474     5.3247     57.999 2.4724e-01     15.804     41.195  33.684907     2.7709    11.4873    15.7953   999.0060      3.229      2.227 0.0000e+00
      2.257     -0.057   108.7321     5.3759     59.608 2.6473e-01     15.803     41.082  33.609840     2.8340    11.8102    15.8226   999.0016      3.209      2.213 0.0000e+00
      2.245     -0.049   109.3115     5.4446     60.876 2.7468e-01     15.803     41.077  33.622244     2.9580    12.4821    15.8433   998.9981      3.193      2.202 0.0000e+00
      2.231     -0.044   109.9013     5.5672     61.716 2.7338e-01     15.803     41.093  33.644555     3.0213    12.9162    15.8616   998.9952      3.175      2.189 0.0000e+00
      2.218     -0.040   110.0986     5.7386     62.332 2.7738e-01     15.802     41.066  33.625803     3.0173    12.9383    15.8787   998.9922      3.151      2.172 0.0000e+00
      2.208     -0.036   109.9765     5.9095     63.023 2.8721e-01     15.802     40.933  33.522426     3.0531    12.6468    15.9030   998.9882      3.140      2.165 0.0000e+00
      2.203     -0.032   109.6293     6.0346     63.873 2.8994e-01     15.802     40.702  33.346404     3.1397    12.2410    15.9263   998.9845      3.135      2.162 0.0000e+00
      2.196     -0.029   109.4287     6.1080     64.703 2.9512e-01     15.801     40.432  33.147282     3.1959    12.1179    15.9364   998.9828      3.124      2.154 0.0000e+00
      2.189     -0.027   109.7878     6.1552     65.358 3.0682e-01     15.800     40.245  33.018405     3.2082    12.1876    15.9367   998.9828      3.112      2.146 0.0000e+00
      2.183     -0.026   110.5300     6.2188     65.808 3.2749e-01     15.799     40.266  33.057204     3.2017    12.1919    15.9378   998.9825      3.105      2.140 0.0000e+00
      2.176     -0.027   110.8311     6.3124     66.218 3.4449e-01     15.799     40.469  33.235709     3.1662    12.2385    15.9563   998.9794      3.095      2.134 0.0000e+00
      2.168     -0.032   110.3309     6.3931     66.765 3.4555e-01     15.799     40.674  33.400101     3.1119    12.4077    15.9879   998.9741      3.083      2.126 0.0000e+00
      2.163     -0.041   109.8162     6.4575     67.451 3.4993e-01     15.800     40.766  33.458595     3.0804    12.5213    16.0173   998.9692      3.078      2.122 0.0000e+00
      2.157     -0.050   109.8571     6.4901     68.246 3.6000e-01     15.801     40.762  33.435322     3.0802    12.5471    16.0493   998.9641      3.073      2.118 0.0000e+00
      2.144     -0.059   110.0501     6.5166     69.013 3.7601e-01     15.801     40.702  33.372482     3.0335    12.2387    16.0696   998.9608      3.056      2.107 0.0000e+00
      2.121     -0.068   110.0853     6.5784     69.527 4.0222e-01     15.801     40.660  33.333292     2.9256    11.5737    16.0611   998.9621      3.018      2.081 0.0000e+00
      2.097     -0.076   110.1972     6.6458     69.631 4.2383e-01     15.801     40.675  33.342188     2.8621    11.2018    16.0356   998.9662      2.977      2.053 0.0000e+00
      2.077     -0.081   110.4557     6.7347     69.259 4.4518e-01     15.801     40.692  33.353139     2.8675    11.2102    16.0047   998.9711      2.953      2.037 0.0000e+00
      2.060     -0.082   110.8018     6.8230     68.527 4.7625e-01     15.801     40.678  33.338792     2.9430    11.4691    15.9871   998.9738      2.933      2.022 0.0000e+00
      2.039     -0.082   111.2843     6.8778     67.753 5.0380e-01     15.801     40.628  33.295617     3.0408    11.8939    15.9859   998.9740      2.901      2.000 0.0000e+00
      2.016     -0.082   111.7307     6.8924     67.236 5.2662e-01     15.801     40.527  33.211818     3.0673    12.0898    15.9833   998.9743      2.866      1.976 0.0000e+00
      1.994     -0.083   111.8965     6.8532     67.041 5.5451e-01     15.801     40.373  33.086996     3.0733    12.1203    15.9782   998.9750      2.836      1.955 0.0000e+00
      1.974     -0.083   112.0842     6.7677     67.091 5.8095e-01     15.801     40.249  32.991954     3.0939    12.1948    15.9758   998.9753      2.807      1.936 0.0000e+00
      1.953     -0.078   112.6232     6.6790     67.291 6.0572e-01     15.800     40.181  32.950988     3.0972    12.2354    15.9717   998.9758      2.778      1.915 0.0000e+00
      1.931     -0.070   113.3380     6.6281     67.570 6.3985e-01     15.799     40.101  32.908940     3.0839    12.1986    15.9696   998.9760      2.747      1.893 0.0000e+00
      1.909     -0.062   113.9292     6.6126     68.002 6.7285e-01     15.799     40.012  32.864288     3.0667    12.1625    15.9715   998.9755      2.713      1.870 0.0000e+00
      1.893     -0.055   114.1795     6.6185     68.635 6.9532e-01     15.798     39.891  32.791828     3.0993    12.4162    15.9778   998.9744      2.687      1.853 0.0000e+00
      1.885     -0.050   114.0410     6.6417     69.407 7.1794e-01     15.796     39.711  32.667367     3.1830    12.9316    15.9950   998.9716      2.681      1.849 0.0000e+00
      1.879     -0.050   114.0605     6.6598     70.336 7.3497e-01     15.795     39.557  32.564997     3.2296    13.2098    16.0257   998.9665      2.676      1.845 0.0000e+00
      1.871     -0.055   114.5017     6.6915     71.348 7.5191e-01     15.795     39.462  32.505841     3.2337    13.1705    16.0659   998.9600      2.662      1.836 0.0000e+00
      1.857     -0.062   114.7291     6.7584     72.303 7.8837e-01     15.795     39.394  32.459730     3.2227    13.0749    16.1018   998.9540      2.644      1.823 0.0000e+00
      1.837     -0.067   114.9171     6.8237     73.213 8.3367e-01     15.795     39.377  32.451623     3.1823    12.9463    16.1260   998.9498      2.616      1.804 0.0000e+00
      1.813     -0.069   115.3986     6.9144     74.154 8.7939e-01     15.795     39.394  32.471271     3.1369    12.7820    16.1588   998.9444      2.578      1.778 0.0000e+00
      1.790     -0.067   115.8190     7.0179     75.153 9.1980e-01     15.795     39.356  32.443510     3.1025    12.6682    16.1900   998.9391      2.543      1.753 0.0000e+00
      1.771     -0.064   116.2140     7.1078     76.194 9.3898e-01     15.794     39.261  32.369768     3.0906    12.5664    16.1952   998.9381      2.515      1.734 0.0000e+00
      1.761     -0.061   116.3892     7.1930     77.149 9.4621e-01     15.794     39.217  32.341041     3.1169    12.4787    16.2018   998.9370      2.503      1.726 0.0000e+00
      1.753     -0.058   116.2164     7.2831     77.772 9.7308e-01     15.794     39.222  32.349966     3.1447    12.5007    16.2125   998.9352      2.497      1.721 0.0000e+00
      1.740     -0.055   116.4479     7.3823     78.076 1.0266e+00     15.793     39.222  32.350796     3.1593    12.5908    16.2146   998.9348      2.477      1.708 0.0000e+00
      1.721     -0.054   117.1229     7.4841     78.280 1.0863e+00     15.792     39.219  32.351074     3.1693    12.6413    16.2180   998.9341      2.448      1.688 0.0000e+00
      1.702     -0.055   117.3225     7.5931     78.544 1.1348e+00     15.792     39.214  32.353334     3.2088    12.6991    16.2299   998.9320      2.419      1.667 0.0000e+00
      1.688     -0.060   117.1400     7.6500     78.971 1.1540e+00     15.792     39.242  32.378137     3.2835    12.7756    16.2379   998.9306      2.395      1.652 0.0000e+00
      1.680     -0.068   116.9814     7.6677     79.447 1.1646e+00     15.793     39.273  32.397171     3.3283    12.8108    16.2359   998.9309      2.388      1.647 0.0000e+00
      1.671     -0.081   116.6961     7.6864     79.734 1.2248e+00     15.793     39.205  32.329673     3.3404    12.8496    16.2391   998.9304      2.383      1.643 0.0000e+00
      1.651     -0.096   116.6166     7.7020     79.777 1.3243e+00     15.793     39.052  32.196489     3.2492    12.6952    16.2493   998.9286      2.355      1.622 0.0000e+00
      1.620     -0.109   116.8802     7.7481     79.639 1.4339e+00     15.793     38.956  32.119242     3.0551    12.3181    16.2566   998.9272      2.308      1.591 0.0000e+00
      1.581     -0.114   117.2152     7.8101     79.425 1.5754e+00     15.793     38.913  32.093597     2.9576    12.1347    16.2448   998.9290      2.252      1.554 0.0000e+00
      1.540     -0.109   117.5701     7.8403     79.263 1.7324e+00     15.793     38.791  32.013330     2.9580    12.1951    16.2237   998.9323      2.187      1.508 0.0000e+00
      1.504     -0.094   117.7292     7.8442     79.268 1.8503e+00     15.792     38.626  31.910130     3.0123    12.5322    16.2144   998.9336      2.131      1.469 0.0000e+00
      1.483     -0.074   117.5899     7.8269     79.589 1.8990e+00     15.790     38.516  31.860997     3.1278    13.0867    16.2175   998.9330      2.103      1.450 0.0000e+00
      1.475     -0.054   117.6933     7.7976     80.295 1.8987e+00     15.789     38.471  31.863446     3.2000    13.3380    16.2305   998.9308      2.097      1.446 0.0000e+00
      1.473     -0.038   118.2052     7.7765     81.304 1.9044e+00     15.787     38.452  31.876339     3.2181    13.3040    16.2532   998.9270      2.096      1.445 0.0000e+00
      1.468     -0.028   118.6170     7.7627     82.566 1.9419e+00     15.787     38.448  31.890031     3.2225    13.2944    16.2969   998.9197      2.090      1.441 0.0000e+00
      1.461     -0.026   118.8003     7.7796     84.081 1.9863e+00     15.786     38.453  31.902120     3.2530    13.4278    16.3598   998.9092      2.078      1.432 0.0000e+00
      1.453     -0.028   118.8725     7.8464     85.799 2.0173e+00     15.785     38.442  31.895627     3.3300    13.6467    16.4155   998.8999      2.067      1.425 0.0000e+00
      1.446     -0.029   118.8878     7.9398     87.554 2.0553e+00     15.785     38.413  31.874979     3.3805    13.7433    16.4509   998.8939      2.058      1.419 0.0000e+00
      1.438     -0.028   119.0709     8.0587     89.054 2.1033e+00     15.785     38.368  31.842804     3.3955    13.7716    16.4700   998.8906      2.045      1.410 0.0000e+00
      1.429     -0.026   119.4524     8.2072     90.099 2.1377e+00     15.785     38.333  31.823837     3.4162    13.7495    16.4797   998.8889      2.032      1.400 0.0000e+00
      1.422     -0.023   119.8864     8.3783     90.694 2.1621e+00     15.786     38.334  31.836006     3.4217    13.6135    16.4818   998.8886      2.022      1.393 0.0000e+00
      1.416     -0.020   120.3606     8.5630     90.931 2.1844e+00     15.786     38.357  31.863056     3.4047    13.4997    16.4837   998.8883      2.013      1.388 0.0000e+00
      1.413     -0.018   120.4532     8.7161     90.916 2.2027e+00     15.785     38.395  31.897122     3.3917    13.4723    16.4900   998.8872      2.009      1.385 0.0000e+00
      1.411     -0.018   120.0599     8.8133     90.771 2.2158e+00     15.785     38.441  31.930670     3.3697    13.5223    16.5053   998.8846      2.006      1.383 0.0000e+00
      1.407     -0.019   119.9938     8.8644     90.587 2.2289e+00     15.786     38.479  31.951444     3.3291    13.6242    16.5222   998.8818      2.003      1.381 0.0000e+00
      1.402     -0.019   120.4288     8.8831     90.431 2.2641e+00     15.788     38.498  31.957943     3.3015    13.6399    16.5321   998.8800      1.997      1.377 0.0000e+00
      1.395     -0.019   120.7589     8.8745     90.320 2.3108e+00     15.788     38.490  31.945784     3.2842    13.5746    16.5399   998.8787      1.984      1.367 0.0000e+00
      1.387     -0.018   120.8018     8.8598     90.178 2.3372e+00     15.787     38.476  31.931329     3.2818    13.4868    16.5313   998.8801      1.971      1.358 0.0000e+00
      1.383     -0.016   120.9471     8.8431     89.939 2.3425e+00     15.787     38.451  31.910057     3.3008    13.3673    16.5130   998.8832      1.966      1.356 0.0000e+00
      1.381     -0.013   121.3969     8.8275     89.600 2.3486e+00     15.788     38.411  31.878920     3.3038    13.3320    16.5006   998.8853      1.965      1.355 0.0000e+00
      1.378     -0.013   121.9385     8.8236     89.225 2.3616e+00     15.788     38.399  31.872094     3.2994    13.3342    16.4931   998.8865      1.960      1.352 0.0000e+00
      1.376     -0.018   122.1612     8.8117     88.896 2.3683e+00     15.787     38.420  31.890974     3.3623    13.1547    16.4898   998.8871      1.957      1.350 0.0000e+00
      1.375     -0.029   121.9384     8.7895     88.639 2.3820e+00     15.787     38.449  31.916853     3.4919    12.9127    16.4874   998.8875      1.955      1.348 0.0000e+00
      1.371     -0.048   121.6537     8.7529     88.464 2.4334e+00     15.787     38.466  31.931214     3.5691    12.8795    16.4932   998.8864      1.954      1.347 0.0000e+00
      1.361     -0.070   121.4718     8.7106     88.451 2.5445e+00     15.788     38.482  31.937729     3.5720    12.9590    16.5008   998.8852      1.941      1.339 0.0000e+00
      1.341     -0.090   121.3740     8.6788     88.608 2.7375e+00     15.789     38.491  31.932173     3.5555    12.9125    16.4981   998.8855      1.913      1.319 0.0000e+00
      1.309     -0.104   121.4176     8.6545     88.781 3.0109e+00     15.790     38.500  31.927466     3.4452    12.6617    16.5007   998.8849      1.866      1.286 0.0000e+00
      1.271     -0.109   121.8276     8.6319     88.847 3.3034e+00     15.790     38.527  31.944251     3.2590    12.3985    16.5073   998.8836      1.806      1.245 0.0000e+00
      1.233     -0.104   122.4591     8.6295     88.733 3.5511e+00     15.789     38.530  31.944770     3.1642    12.3381    16.4967   998.8852      1.747      1.205 0.0000e+00
      1.203     -0.094   122.6010     8.6591     88.466 3.7190e+00     15.789     38.515  31.933735     3.1562    12.3437    16.4739   998.8889      1.703      1.174 0.0000e+00
      1.186     -0.083   122.4242     8.6814     88.228 3.8070e+00     15.789     38.517  31.937722     3.2490    12.3632    16.4572   998.8916      1.682      1.159 0.0000e+00
      1.176     -0.071   122.5590     8.6911     88.103 3.8957e+00     15.790     38.503  31.929542     3.4377    12.4715    16.4511   998.8927      1.676      1.156 0.0000e+00
      1.165     -0.061   122.7675     8.6832     88.077 4.0630e+00     15.790     38.459  31.898272     3.5394    12.5893    16.4502   998.8928      1.662      1.146 0.0000e+00
      1.145     -0.054   123.1383     8.6442     88.129 4.2806e+00     15.789     38.425  31.876882     3.5442    12.6540    16.4516   998.8925      1.630      1.124 0.0000e+00
      1.125     -0.052   123.6008     8.6193     88.171 4.4570e+00     15.788     38.398  31.861260     3.4776    12.7390    16.4551   998.8918      1.595      1.100 0.0000e+00
