Data/DataNotYetUploadedToEDI/Raw_CTD/RawDownloads/101620_fcr50_0003.cnv
* Sea-Bird SBE19plus  Data File:
* FileName = C:\DATA\101620_fcr50_0003.hex
* Software version 2.8.0.119
* Temperature SN = 7809
* Conductivity SN = 7809
* System UpLoad Time = Oct 17 2020 10:20:40
* <ApplicationData>
* <Seaterm232>
# nquan = 16
# nvalues = 2427                        
# units = specified
# name 0 = depFM: Depth [fresh water, m]
# name 1 = dz/dtM: Descent Rate [m/s]
# name 2 = orp: Oxidation Reduction Potential [mV]
# name 3 = sbeox0Mg/L: Oxygen, SBE 43 [mg/l]
# name 4 = sbeox0PS: Oxygen, SBE 43 [% saturation]
# name 5 = par/sat/log: PAR/Logarithmic, Satlantic
# name 6 = ph: pH
# name 7 = specc: Specific Conductance [uS/cm]
# name 8 = c0uS/cm: Conductivity [uS/cm]
# name 9 = flECO-AFL: Fluorescence, WET Labs ECO-AFL/FL [mg/m^3]
# name 10 = turbWETntu0: Turbidity, WET Labs ECO [NTU]
# name 11 = tv290C: Temperature [ITS-90, deg C]
# name 12 = density00: Density [density, kg/m^3]
# name 13 = prdE: Pressure, Strain Gauge [psi]
# name 14 = prdM: Pressure, Strain Gauge [db]
# name 15 = flag:  0.000e+00
# span 0 =     -0.646,      9.567       
# span 1 =     -0.241,      0.081       
# span 2 = -1240.7455,   405.5028       
# span 3 =     0.0765,    11.6455       
# span 4 =      0.749,    109.498       
# span 5 = 1.2355e-01, 3.1921e-01       
# span 6 =     15.671,     16.531       
# span 7 =     -1.411,     78.574       
# span 8 =  -0.886771,  61.486377       
# span 9 =    -1.0161,     5.5806       
# span 10 =    -0.3440,   282.1352      
# span 11 =     6.4001,    16.1776      
# span 12 =   998.9308,   999.9284      
# span 13 =     -0.920,     13.609      
# span 14 =     -0.634,      9.383      
# span 15 = 0.0000e+00, 0.0000e+00      
# interval = seconds: 0.25
# start_time = Oct 16 2020 08:13:15 [Instrument's time stamp, header]
# bad_flag = -9.990e-29
*END*
[from data line 1989]
      6.405      0.003   185.4963     2.5693     24.191 1.2372e-01     15.896     61.728  46.524670    -0.4370    36.9134    12.6821   999.4725      9.110      6.281 0.0000e+00
      6.408     -0.003   185.3696     2.5786     24.183 1.2374e-01     15.896     61.714  46.514115    -0.4420    36.9193    12.6821   999.4725      9.113      6.283 0.0000e+00
      6.410     -0.014   185.1937     2.5713     24.149 1.2374e-01     15.896     61.746  46.538239    -0.4597    36.8826    12.6820   999.4725      9.118      6.286 0.0000e+00
      6.408     -0.028   185.3479     2.5618     24.143 1.2372e-01     15.897     61.778  46.562375    -0.4605    36.8473    12.6820   999.4725      9.117      6.287 0.0000e+00
      6.398     -0.042   185.6000     2.5687     24.154 1.2373e-01     15.897     61.764  46.551975    -0.4420    36.8350    12.6820   999.4725      9.105      6.278 0.0000e+00
      6.381     -0.055   185.6615     2.5678     24.167 1.2376e-01     15.897     61.747  46.539484    -0.4360    36.8718    12.6820   999.4724      9.078      6.259 0.0000e+00
      6.361     -0.066   185.4888     2.5599     24.195 1.2382e-01     15.897     61.746  46.538339    -0.4555    37.0168    12.6820   999.4723      9.046      6.238 0.0000e+00
      6.343     -0.074   185.5763     2.5606     24.196 1.2384e-01     15.897     61.746  46.538133    -0.4772    37.2148    12.6820   999.4722      9.021      6.220 0.0000e+00
      6.324     -0.075   185.9453     2.5645     24.175 1.2380e-01     15.896     61.744  46.536987    -0.4788    37.3095    12.6820   999.4721      8.998      6.204 0.0000e+00
      6.303     -0.071   186.1646     2.5613     24.169 1.2372e-01     15.896     61.728  46.524487    -0.4762    37.3376    12.6820   999.4720      8.966      6.182 0.0000e+00
      6.281     -0.066   186.2489     2.5695     24.132 1.2364e-01     15.896     61.714  46.513984    -0.4645    37.2800    12.6820   999.4719      8.930      6.157 0.0000e+00
      6.263     -0.062   186.3629     2.5689     24.073 1.2365e-01     15.896     61.744  46.536977    -0.4415    37.0945    12.6822   999.4718      8.905      6.140 0.0000e+00
      6.252     -0.057   186.6822     2.5621     24.058 1.2366e-01     15.896     61.760  46.548521    -0.4361    36.9485    12.6821   999.4718      8.892      6.131 0.0000e+00
      6.242     -0.052   186.9256     2.5671     24.084 1.2366e-01     15.896     61.731  46.526577    -0.4467    36.8880    12.6820   999.4717      8.881      6.123 0.0000e+00
      6.230     -0.050   186.8965     2.5623     24.127 1.2372e-01     15.896     61.730  46.525632    -0.4365    36.9464    12.6821   999.4716      8.863      6.111 0.0000e+00
      6.216     -0.050   186.8460     2.5508     24.163 1.2379e-01     15.896     61.745  46.537090    -0.3992    37.1047    12.6822   999.4716      8.839      6.095 0.0000e+00
      6.203     -0.051   186.8317     2.5512     24.141 1.2379e-01     15.896     61.746  46.538132    -0.3775    37.1889    12.6820   999.4716      8.821      6.082 0.0000e+00
      6.191     -0.051   186.9823     2.5553     24.086 1.2379e-01     15.896     61.746  46.538226    -0.3740    37.1751    12.6821   999.4714      8.806      6.071 0.0000e+00
      6.178     -0.051   187.1179     2.5587     24.063 1.2378e-01     15.897     61.746  46.538235    -0.3755    37.1431    12.6822   999.4714      8.787      6.058 0.0000e+00
      6.164     -0.053   187.0079     2.5676     24.072 1.2378e-01     15.897     61.746  46.538235    -0.3961    37.1106    12.6820   999.4714      8.767      6.045 0.0000e+00
      6.152     -0.057   186.9442     2.5630     24.108 1.2381e-01     15.897     61.746  46.538235    -0.4222    37.0570    12.6820   999.4713      8.748      6.032 0.0000e+00
      6.140     -0.062   186.9501     2.5532     24.196 1.2383e-01     15.897     61.746  46.538235    -0.4337    37.0101    12.6820   999.4713      8.735      6.022 0.0000e+00
      6.124     -0.067   186.9930     2.5520     24.309 1.2379e-01     15.896     61.746  46.538235    -0.4298    36.9559    12.6820   999.4712      8.715      6.009 0.0000e+00
      6.103     -0.073   187.2038     2.5538     24.356 1.2374e-01     15.896     61.746  46.538235    -0.4330    36.8822    12.6820   999.4711      8.680      5.985 0.0000e+00
      6.082     -0.080   187.2619     2.5555     24.319 1.2375e-01     15.896     61.746  46.538235    -0.4526    36.8746    12.6820   999.4710      8.649      5.963 0.0000e+00
      6.063     -0.087   187.0069     2.5648     24.244 1.2380e-01     15.896     61.746  46.538235    -0.4672    36.8976    12.6821   999.4709      8.625      5.946 0.0000e+00
      6.043     -0.091   186.7876     2.5834     24.175 1.2381e-01     15.896     61.746  46.538236    -0.4662    36.8862    12.6820   999.4708      8.596      5.926 0.0000e+00
      6.018     -0.090   186.8476     2.5881     24.163 1.2382e-01     15.896     61.746  46.538245    -0.4512    36.8741    12.6821   999.4707      8.560      5.902 0.0000e+00
      5.989     -0.087   186.9587     2.5807     24.191 1.2383e-01     15.896     61.746  46.538349    -0.4477    36.8545    12.6823   999.4705      8.519      5.873 0.0000e+00
      5.962     -0.084   186.9266     2.5732     24.210 1.2375e-01     15.896     61.748  46.539494    -0.4615    36.8545    12.6823   999.4704      8.476      5.845 0.0000e+00
      5.942     -0.080   187.0615     2.5615     24.204 1.2367e-01     15.896     61.764  46.552089    -0.4653    36.8746    12.6823   999.4703      8.445      5.823 0.0000e+00
      5.928     -0.078   187.1266     2.5619     24.164 1.2368e-01     15.897     61.779  46.563648    -0.4460    36.8228    12.6823   999.4703      8.432      5.814 0.0000e+00
      5.914     -0.078   186.8531     2.5683     24.132 1.2375e-01     15.897     61.764  46.552269    -0.4094    36.7090    12.6823   999.4702      8.417      5.803 0.0000e+00
      5.896     -0.081   186.7666     2.5685     24.143 1.2378e-01     15.897     61.749  46.541497    -0.3944    36.6313    12.6822   999.4701      8.386      5.782 0.0000e+00
      5.874     -0.086   186.9411     2.5710     24.182 1.2375e-01     15.897     61.774  46.560388    -0.4074    36.6392    12.6822   999.4700      8.356      5.761 0.0000e+00
      5.848     -0.089   187.1557     2.5631     24.211 1.2374e-01     15.897     61.814  46.590195    -0.4329    36.7355    12.6825   999.4699      8.321      5.736 0.0000e+00
      5.819     -0.089   187.3823     2.5582     24.198 1.2374e-01     15.897     61.806  46.584427    -0.4549    36.9029    12.6828   999.4697      8.274      5.705 0.0000e+00
      5.794     -0.087   187.4446     2.5609     24.195 1.2371e-01     15.897     61.765  46.554148    -0.4545    37.0158    12.6830   999.4695      8.235      5.678 0.0000e+00
      5.774     -0.082   187.4786     2.5654     24.245 1.2369e-01     15.897     61.748  46.541555    -0.4569    36.9676    12.6830   999.4694      8.211      5.661 0.0000e+00
      5.758     -0.077   187.6219     2.5722     24.307 1.2373e-01     15.898     61.772  46.559158    -0.4649    36.8001    12.6830   999.4694      8.193      5.649 0.0000e+00
      5.740     -0.076   187.8007     2.5667     24.332 1.2373e-01     15.898     61.795  46.576503    -0.4658    36.6046    12.6831   999.4693      8.165      5.630 0.0000e+00
      5.722     -0.079   188.0052     2.5638     24.299 1.2372e-01     15.898     61.775  46.560798    -0.4574    36.4921    12.6833   999.4692      8.135      5.609 0.0000e+00
      5.704     -0.085   188.1152     2.5721     24.225 1.2376e-01     15.898     61.774  46.559748    -0.4408    36.4703    12.6833   999.4691      8.115      5.595 0.0000e+00
      5.683     -0.091   188.2711     2.5807     24.186 1.2377e-01     15.897     61.779  46.563808    -0.4458    36.4436    12.6831   999.4690      8.089      5.577 0.0000e+00
      5.656     -0.095   188.6850     2.5836     24.200 1.2376e-01     15.896     61.757  46.546396    -0.4506    36.4440    12.6832   999.4689      8.046      5.547 0.0000e+00
      5.626     -0.099   189.0750     2.5810     24.201 1.2372e-01     15.896     61.748  46.539705    -0.4222    36.5090    12.6831   999.4687      8.000      5.516 0.0000e+00
      5.599     -0.103   189.0300     2.5681     24.170 1.2367e-01     15.896     61.758  46.546391    -0.3895    36.5767    12.6828   999.4686      7.961      5.489 0.0000e+00
      5.576     -0.104   188.8285     2.5628     24.149 1.2369e-01     15.896     61.781  46.563751    -0.3700    36.6447    12.6824   999.4686      7.930      5.468 0.0000e+00
      5.553     -0.098   188.9620     2.5693     24.180 1.2374e-01     15.897     61.775  46.559119    -0.3953    36.6450    12.6822   999.4685      7.901      5.448 0.0000e+00
      5.525     -0.088   189.3539     2.5695     24.259 1.2377e-01     15.897     61.768  46.553885    -0.4481    36.5809    12.6820   999.4684      7.861      5.420 0.0000e+00
      5.493     -0.078   189.6946     2.5641     24.337 1.2380e-01     15.897     61.781  46.563955    -0.4651    36.5560    12.6817   999.4683      7.808      5.384 0.0000e+00
      5.470     -0.071   189.8124     2.5597     24.337 1.2386e-01     15.897     61.768  46.553885    -0.4569    36.5841    12.6817   999.4682      7.768      5.356 0.0000e+00
      5.461     -0.066   189.6596     2.5637     24.284 1.2389e-01     15.897     61.775  46.559119    -0.4440    36.7488    12.6818   999.4681      7.765      5.353 0.0000e+00
      5.458     -0.065   189.3958     2.5733     24.296 1.2382e-01     15.897     61.781  46.563750    -0.4430    36.9684    12.6817   999.4682      7.769      5.357 0.0000e+00
      5.448     -0.069   189.1173     2.5861     24.351 1.2375e-01     15.897     61.758  46.546380    -0.4641    37.0414    12.6815   999.4682      7.754      5.346 0.0000e+00
      5.428     -0.078   188.7878     2.5867     24.365 1.2375e-01     15.896     61.749  46.539589    -0.4799    37.0484    12.6814   999.4681      7.723      5.325 0.0000e+00
      5.399     -0.088   188.7668     2.5716     24.340 1.2373e-01     15.895     61.756  46.545130    -0.4525    36.9838    12.6814   999.4679      7.681      5.296 0.0000e+00
      5.369     -0.093   189.2081     2.5751     24.255 1.2368e-01     15.895     61.762  46.549885    -0.3995    36.8100    12.6814   999.4678      7.635      5.264 0.0000e+00
      5.341     -0.091   189.5646     2.5881     24.158 1.2371e-01     15.894     61.740  46.533595    -0.3833    36.6985    12.6817   999.4676      7.596      5.237 0.0000e+00
      5.316     -0.083   189.3768     2.5844     24.156 1.2379e-01     15.894     61.747  46.538643    -0.3906    36.6309    12.6819   999.4674      7.560      5.212 0.0000e+00
      5.297     -0.070   189.0883     2.5859     24.208 1.2379e-01     15.894     61.758  46.547430    -0.3919    36.5768    12.6819   999.4673      7.529      5.191 0.0000e+00
      5.284     -0.055   189.0877     2.5761     24.290 1.2371e-01     15.894     61.711  46.512849    -0.3894    36.6274    12.6817   999.4674      7.515      5.182 0.0000e+00
      5.272     -0.041   189.1975     2.5557     24.396 1.2364e-01     15.894     61.696  46.501491    -0.3804    36.6943    12.6819   999.4673      7.501      5.172 0.0000e+00
      5.261     -0.029   189.3834     2.5629     24.449 1.2365e-01     15.894     61.743  46.537086    -0.3774    36.6988    12.6821   999.4672      7.478      5.156 0.0000e+00
      5.255     -0.019   189.4417     2.5679     24.441 1.2375e-01     15.894     61.777  46.562266    -0.3825    36.6818    12.6820   999.4672      7.471      5.151 0.0000e+00
      5.255     -0.011   189.3865     2.5738     24.406 1.2382e-01     15.894     61.763  46.551961    -0.3945    36.6601    12.6825   999.4671      7.476      5.155 0.0000e+00
      5.255     -0.005   189.5760     2.5928     24.368 1.2380e-01     15.894     61.746  46.539479    -0.3980    36.6762    12.6826   999.4671      7.473      5.152 0.0000e+00
      5.255     -0.003   189.8403     2.5963     24.353 1.2379e-01     15.894     61.745  46.538334    -0.3860    36.7058    12.6826   999.4671      7.474      5.153 0.0000e+00
      5.257     -0.008   190.0013     2.5936     24.330 1.2381e-01     15.894     61.745  46.538116    -0.3836    36.7084    12.6828   999.4671      7.479      5.156 0.0000e+00
      5.257     -0.020   190.2325     2.5907     24.308 1.2378e-01     15.895     61.743  46.536848    -0.4070    36.6052    12.6828   999.4671      7.478      5.156 0.0000e+00
      5.256     -0.037   190.2268     2.5827     24.310 1.2379e-01     15.895     61.725  46.523004    -0.4403    36.3507    12.6828   999.4671      7.479      5.156 0.0000e+00
      5.249     -0.057   189.9316     2.5852     24.311 1.2385e-01     15.894     61.692  46.497722    -0.4428    36.2059    12.6827   999.4671      7.472      5.152 0.0000e+00
      5.230     -0.075   190.1052     2.5823     24.337 1.2384e-01     15.893     61.675  46.485127    -0.4273    36.2622    12.6826   999.4670      7.442      5.131 0.0000e+00
      5.201     -0.090   190.7770     2.5758     24.367 1.2378e-01     15.893     61.691  46.497710    -0.4146    36.4122    12.6825   999.4669      7.398      5.101 0.0000e+00
      5.171     -0.102   191.0850     2.5824     24.411 1.2374e-01     15.894     61.724  46.522879    -0.4044    36.5781    12.6825   999.4667      7.352      5.069 0.0000e+00
      5.141     -0.107   190.9038     2.5757     24.460 1.2376e-01     15.894     61.740  46.535471    -0.4093    36.6209    12.6827   999.4665      7.310      5.040 0.0000e+00
      5.115     -0.101   190.8232     2.5834     24.454 1.2376e-01     15.894     61.723  46.522981    -0.4069    36.6541    12.6830   999.4664      7.275      5.016 0.0000e+00
      5.089     -0.083   190.9709     2.5851     24.428 1.2371e-01     15.894     61.691  46.498845    -0.3848    36.7389    12.6832   999.4662      7.242      4.993 0.0000e+00
      5.059     -0.061   191.3131     2.5872     24.399 1.2368e-01     15.894     61.689  46.497606    -0.3712    36.7535    12.6834   999.4661      7.195      4.960 0.0000e+00
      5.036     -0.041   191.7781     2.6011     24.386 1.2368e-01     15.894     61.703  46.508006    -0.3754    36.7280    12.6836   999.4659      7.147      4.927 0.0000e+00
      5.035     -0.028   192.0323     2.5929     24.427 1.2371e-01     15.894     61.689  46.497606    -0.3880    36.6713    12.6837   999.4659      7.152      4.932 0.0000e+00
      5.050     -0.023   191.8914     2.5928     24.484 1.2373e-01     15.894     61.690  46.498845    -0.4000    36.5827    12.6838   999.4660      7.190      4.958 0.0000e+00
      5.058     -0.027   191.4511     2.5887     24.504 1.2373e-01     15.893     61.722  46.522991    -0.3963    36.5152    12.6837   999.4661      7.203      4.966 0.0000e+00
      5.050     -0.038   191.1832     2.5839     24.504 1.2371e-01     15.893     61.737  46.535585    -0.3812    36.4737    12.6838   999.4660      7.187      4.955 0.0000e+00
      5.032     -0.054   191.3192     2.5907     24.494 1.2371e-01     15.894     61.721  46.524137    -0.3795    36.4247    12.6837   999.4659      7.158      4.936 0.0000e+00
      5.008     -0.066   191.7190     2.6006     24.481 1.2376e-01     15.895     61.704  46.511552    -0.3859    36.4018    12.6839   999.4658      7.126      4.913 0.0000e+00
      4.982     -0.070   192.0587     2.5996     24.483 1.2381e-01     15.895     61.702  46.510409    -0.3815    36.4037    12.6844   999.4656      7.084      4.884 0.0000e+00
      4.959     -0.066   191.8133     2.6003     24.500 1.2379e-01     15.894     61.703  46.510314    -0.3743    36.3447    12.6851   999.4654      7.047      4.859 0.0000e+00
      4.947     -0.057   191.5045     2.5990     24.465 1.2382e-01     15.893     61.703  46.510411    -0.3662    36.2718    12.6861   999.4652      7.034      4.850 0.0000e+00
      4.940     -0.047   191.8526     2.5964     24.332 1.2381e-01     15.893     61.705  46.511584    -0.3590    36.2089    12.6865   999.4651      7.028      4.846 0.0000e+00
