Data/DataNotYetUploadedToEDI/Raw_CTD/RawDownloads/101620_fcr50_0006.cnv
* Sea-Bird SBE19plus  Data File:
* FileName = C:\DATA\101620_fcr50_0006.hex
* Software version 2.8.0.119
* Temperature SN = 7809
* Conductivity SN = 7809
* System UpLoad Time = Oct 17 2020 10:22:57
* <ApplicationData>
* <Seaterm232>
# nquan = 16
# nvalues = 1726                        
# units = specified
# name 0 = depFM: Depth [fresh water, m]
# name 1 = dz/dtM: Descent Rate [m/s]
# name 2 = orp: Oxidation Reduction Potential [mV]
# name 3 = sbeox0Mg/L: Oxygen, SBE 43 [mg/l]
# name 4 = sbeox0PS: Oxygen, SBE 43 [% saturation]
# name 5 = par/sat/log: PAR/Logarithmic, Satlantic
# name 6 = ph: pH
# name 7 = specc: Specific Conductance [uS/cm]
# name 8 = c0uS/cm: Conductivity [uS/cm]
# name 9 = flECO-AFL: Fluorescence, WET Labs ECO-AFL/FL [mg/m^3]
# name 10 = turbWETntu0: Turbidity, WET Labs ECO [NTU]
# name 11 = tv290C: Temperature [ITS-90, deg C]
# name 12 = density00: Density [density, kg/m^3]
# name 13 = prdE: Pressure, Strain Gauge [psi]
# name 14 = prdM: Pressure, Strain Gauge [db]
# name 15 = flag:  0.000e+00
# span 0 =     -0.595,      9.633       
# span 1 =     -0.261,      0.099       
# span 2 =    89.0640,  1206.4702       
# span 3 =    -0.0710,    12.0776       
# span 4 =     -0.513,    112.132       
# span 5 = 1.2357e-01, 8.1539e+02       
# span 6 =      5.544,     15.973       
# span 7 =      0.576,    104.722       
# span 8 =   0.344322,  78.946319       
# span 9 =    -1.3909,     6.8352       
# span 10 =    -0.4854,    94.2513      
# span 11 =     4.8717,    15.3523      
# span 12 =   999.0608,   999.9678      
# span 13 =     -0.847,     13.703      
# span 14 =     -0.584,      9.448      
# span 15 = 0.0000e+00, 0.0000e+00      
# interval = seconds: 0.25
# start_time = Oct 16 2020 20:22:30 [Instrument's time stamp, header]
# bad_flag = -9.990e-29
*END*
[from data line 724]
      5.377      0.042    96.1067     2.3576     22.334 1.2369e-01     15.875     61.964  46.764854    -0.0947    25.7622    12.7368   999.4609      7.643      5.270 0.0000e+00
      5.389      0.047    96.3122     2.3611     22.556 1.2374e-01     15.875     61.947  46.748201    -0.1078    26.2503    12.7308   999.4619      7.663      5.283 0.0000e+00
      5.404      0.052    96.6566     2.3465     22.768 1.2383e-01     15.875     61.935  46.735607    -0.1388    27.2094    12.7316   999.4618      7.689      5.301 0.0000e+00
      5.418      0.054    97.0007     2.3497     22.893 1.2384e-01     15.876     61.945  46.739573    -0.1542    27.7799    12.7345   999.4615      7.704      5.312 0.0000e+00
      5.433      0.052    97.3762     2.3619     23.005 1.2373e-01     15.877     61.940  46.732648    -0.1603    27.8954    12.7330   999.4617      7.724      5.325 0.0000e+00
      5.451      0.049    97.6687     2.3911     23.176 1.2365e-01     15.878     61.920  46.715364    -0.1844    28.2271    12.7296   999.4623      7.756      5.347 0.0000e+00
      5.466      0.046    97.7843     2.4192     23.330 1.2363e-01     15.878     61.929  46.721079    -0.2254    28.8038    12.7268   999.4627      7.779      5.364 0.0000e+00
      5.471      0.041    97.9142     2.4267     23.418 1.2359e-01     15.877     61.954  46.738252    -0.2460    29.1006    12.7234   999.4631      7.781      5.365 0.0000e+00
      5.476      0.035    98.2057     2.4346     23.516 1.2359e-01     15.877     61.948  46.732514    -0.2526    29.1377    12.7204   999.4635      7.784      5.366 0.0000e+00
      5.488      0.031    98.6414     2.4574     23.627 1.2372e-01     15.877     61.926  46.715196    -0.2585    29.1845    12.7191   999.4637      7.806      5.382 0.0000e+00
      5.499      0.032    99.1390     2.4793     23.734 1.2384e-01     15.876     61.931  46.719351    -0.2404    29.0829    12.7184   999.4639      7.826      5.397 0.0000e+00
      5.504      0.040    99.5765     2.4790     23.811 1.2387e-01     15.876     61.931  46.719248    -0.2055    28.8360    12.7171   999.4641      7.830      5.399 0.0000e+00
      5.506      0.047    99.9727     2.4940     23.850 1.2387e-01     15.875     61.923  46.713948    -0.1794    28.7050    12.7162   999.4642      7.829      5.398 0.0000e+00
      5.516      0.052   100.4887     2.5048     23.905 1.2384e-01     15.875     61.929  46.718771    -0.1823    28.8036    12.7160   999.4642      7.838      5.403 0.0000e+00
      5.536      0.054   101.2549     2.5165     23.948 1.2379e-01     15.876     61.922  46.714062    -0.2409    30.1311    12.7158   999.4644      7.869      5.425 0.0000e+00
      5.561      0.056   102.0955     2.5287     23.952 1.2376e-01     15.876     61.929  46.720507    -0.3249    32.5338    12.7159   999.4645      7.916      5.458 0.0000e+00
      5.580      0.055   102.7362     2.5248     23.931 1.2379e-01     15.875     61.945  46.733205    -0.3598    33.7873    12.7162   999.4645      7.945      5.478 0.0000e+00
      5.588      0.050   103.2371     2.5363     23.914 1.2382e-01     15.875     61.954  46.740595    -0.3571    33.8537    12.7165   999.4645      7.947      5.480 0.0000e+00
      5.594      0.040   103.7637     2.5402     23.913 1.2377e-01     15.875     61.961  46.746373    -0.3398    33.9888    12.7171   999.4645      7.952      5.483 0.0000e+00
      5.604      0.031   104.3712     2.5404     23.884 1.2373e-01     15.875     61.953  46.739573    -0.3126    34.2886    12.7176   999.4645      7.972      5.497 0.0000e+00
      5.614      0.027   104.9037     2.5377     23.855 1.2376e-01     15.875     61.930  46.721870    -0.3050    34.4562    12.7185   999.4644      7.990      5.510 0.0000e+00
      5.619      0.027   105.2980     2.5325     23.865 1.2378e-01     15.876     61.932  46.722815    -0.3048    34.4025    12.7192   999.4643      7.995      5.512 0.0000e+00
      5.622      0.026   105.6966     2.5382     23.893 1.2373e-01     15.876     61.969  46.750995    -0.3006    34.0852    12.7193   999.4643      7.994      5.511 0.0000e+00
      5.628      0.026   106.1097     2.5322     23.970 1.2369e-01     15.876     61.960  46.745119    -0.3012    33.6416    12.7189   999.4644      8.003      5.518 0.0000e+00
      5.637      0.026   106.4215     2.5255     24.065 1.2369e-01     15.875     61.920  46.715270    -0.2934    33.4675    12.7181   999.4646      8.018      5.528 0.0000e+00
      5.645      0.029   106.6275     2.5318     24.120 1.2369e-01     15.875     61.910  46.707560    -0.2831    33.4564    12.7177   999.4646      8.030      5.537 0.0000e+00
      5.652      0.034   106.7074     2.5298     24.140 1.2369e-01     15.875     61.921  46.715385    -0.2625    32.9578    12.7181   999.4647      8.040      5.542 0.0000e+00
      5.658      0.040   106.6989     2.5393     24.060 1.2369e-01     15.875     61.963  46.746388    -0.2345    31.9714    12.7188   999.4646      8.047      5.548 0.0000e+00
      5.667      0.048   106.9550     2.5559     23.925 1.2373e-01     15.875     61.990  46.764952    -0.2403    31.3833    12.7191   999.4646      8.059      5.557 0.0000e+00
      5.680      0.056   107.3954     2.5545     23.885 1.2383e-01     15.875     61.972  46.749347    -0.2470    31.3406    12.7189   999.4647      8.077      5.570 0.0000e+00
      5.697      0.061   107.7215     2.5656     23.940 1.2388e-01     15.876     61.972  46.748194    -0.2305    31.3521    12.7187   999.4647      8.100      5.585 0.0000e+00
      5.718      0.062   107.9722     2.5547     24.032 1.2383e-01     15.876     61.977  46.751004    -0.2210    31.1097    12.7180   999.4649      8.130      5.605 0.0000e+00
      5.740      0.059   108.1027     2.5296     24.123 1.2382e-01     15.876     61.936  46.719832    -0.2188    30.6762    12.7165   999.4652      8.166      5.631 0.0000e+00
      5.758      0.054   108.2672     2.5294     24.191 1.2388e-01     15.876     61.895  46.688763    -0.2225    30.4021    12.7151   999.4655      8.194      5.649 0.0000e+00
      5.767      0.050   108.6717     2.5369     24.231 1.2384e-01     15.876     61.901  46.692822    -0.2277    30.3364    12.7139   999.4657      8.204      5.656 0.0000e+00
      5.772      0.049   109.1210     2.5481     24.266 1.2373e-01     15.876     61.918  46.705407    -0.2243    30.3974    12.7131   999.4658      8.208      5.659 0.0000e+00
      5.778      0.049   109.7424     2.5588     24.316 1.2365e-01     15.875     61.930  46.713941    -0.2193    30.5204    12.7127   999.4659      8.215      5.664 0.0000e+00
      5.792      0.053   110.5915     2.5664     24.341 1.2361e-01     15.875     61.955  46.732515    -0.2250    30.5887    12.7128   999.4659      8.235      5.678 0.0000e+00
      5.811      0.059   111.2142     2.5695     24.327 1.2368e-01     15.875     61.965  46.739504    -0.2353    30.6047    12.7129   999.4660      8.267      5.700 0.0000e+00
      5.829      0.063   111.5922     2.5715     24.315 1.2379e-01     15.875     61.960  46.734944    -0.2296    30.8522    12.7126   999.4661      8.293      5.718 0.0000e+00
      5.845      0.061   112.0653     2.5790     24.306 1.2381e-01     15.875     61.968  46.740878    -0.2140    31.3488    12.7123   999.4662      8.311      5.731 0.0000e+00
      5.864      0.055   112.7180     2.5841     24.330 1.2374e-01     15.875     61.978  46.747754    -0.2076    31.6308    12.7118   999.4664      8.341      5.751 0.0000e+00
      5.881      0.046   113.2894     2.5775     24.391 1.2368e-01     15.876     61.987  46.754586    -0.2196    31.6519    12.7112   999.4666      8.370      5.771 0.0000e+00
      5.891      0.036   113.6390     2.5792     24.412 1.2364e-01     15.876     61.994  46.759989    -0.2538    31.8103    12.7107   999.4667      8.381      5.778 0.0000e+00
      5.896      0.027   113.9337     2.5764     24.378 1.2364e-01     15.875     61.980  46.749589    -0.2880    32.1733    12.7104   999.4667      8.385      5.780 0.0000e+00
      5.900      0.021   114.3576     2.5759     24.310 1.2368e-01     15.875     61.988  46.755833    -0.2994    32.4012    12.7102   999.4668      8.393      5.786 0.0000e+00
      5.903      0.018   114.9785     2.5905     24.265 1.2373e-01     15.875     62.009  46.771991    -0.2955    32.4375    12.7101   999.4668      8.397      5.789 0.0000e+00
      5.904      0.017   115.6760     2.5894     24.307 1.2381e-01     15.875     61.986  46.754471    -0.3085    32.7151    12.7101   999.4668      8.396      5.789 0.0000e+00
      5.909      0.019   116.2523     2.5870     24.400 1.2386e-01     15.875     61.960  46.734478    -0.3417    33.2515    12.7102   999.4668      8.402      5.793 0.0000e+00
      5.917      0.022   116.6980     2.5775     24.470 1.2387e-01     15.875     61.941  46.720738    -0.3541    33.5669    12.7108   999.4668      8.418      5.804 0.0000e+00
      5.922      0.025   117.1071     2.5674     24.485 1.2387e-01     15.876     61.935  46.715325    -0.3531    33.6435    12.7109   999.4668      8.425      5.810 0.0000e+00
      5.926      0.025   117.5000     2.5761     24.469 1.2376e-01     15.877     61.958  46.732523    -0.3581    33.5603    12.7105   999.4668      8.424      5.808 0.0000e+00
      5.935      0.023   117.8341     2.5879     24.424 1.2370e-01     15.876     61.966  46.738194    -0.3677    33.3169    12.7107   999.4669      8.439      5.818 0.0000e+00
      5.946      0.019   118.0500     2.5984     24.399 1.2374e-01     15.875     61.943  46.720396    -0.3827    33.1719    12.7110   999.4669      8.462      5.835 0.0000e+00
      5.951      0.017   118.3025     2.5958     24.421 1.2378e-01     15.875     61.926  46.707811    -0.3775    33.2157    12.7105   999.4669      8.468      5.838 0.0000e+00
      5.951      0.017   118.6510     2.5970     24.430 1.2380e-01     15.875     61.932  46.713016    -0.3615    33.2968    12.7096   999.4671      8.463      5.835 0.0000e+00
      5.952      0.018   118.9931     2.5894     24.438 1.2380e-01     15.875     61.940  46.719838    -0.3605    33.4998    12.7095   999.4671      8.466      5.837 0.0000e+00
      5.954      0.023   119.4276     2.5824     24.442 1.2378e-01     15.875     61.949  46.726807    -0.3659    33.8852    12.7094   999.4671      8.467      5.837 0.0000e+00
      5.959      0.031   119.9476     2.5932     24.452 1.2374e-01     15.874     61.958  46.733781    -0.3792    34.1113    12.7095   999.4671      8.471      5.840 0.0000e+00
      5.969      0.041   120.2900     2.5887     24.517 1.2374e-01     15.874     61.967  46.740659    -0.3881    34.1736    12.7102   999.4671      8.489      5.853 0.0000e+00
      5.983      0.048   120.4705     2.5916     24.581 1.2374e-01     15.875     61.975  46.746484    -0.3779    34.6391    12.7104   999.4671      8.511      5.868 0.0000e+00
      5.998      0.051   120.7532     2.5933     24.572 1.2374e-01     15.875     61.968  46.740712    -0.3614    35.4471    12.7103   999.4672      8.531      5.882 0.0000e+00
      6.015      0.048   121.1271     2.5881     24.541 1.2382e-01     15.874     61.959  46.734363    -0.3598    35.8062    12.7107   999.4672      8.554      5.898 0.0000e+00
      6.031      0.042   121.5495     2.5995     24.529 1.2387e-01     15.874     61.957  46.733218    -0.3778    35.7881    12.7112   999.4672      8.582      5.917 0.0000e+00
      6.042      0.036   121.9020     2.6115     24.553 1.2382e-01     15.876     61.948  46.726868    -0.4065    35.7087    12.7109   999.4674      8.599      5.929 0.0000e+00
      6.046      0.031   122.1197     2.6053     24.622 1.2373e-01     15.876     61.940  46.721083    -0.4313    35.5331    12.7107   999.4674      8.600      5.930 0.0000e+00
      6.048      0.029   122.3756     2.6008     24.652 1.2372e-01     15.876     61.947  46.726755    -0.4291    35.4509    12.7110   999.4673      8.600      5.929 0.0000e+00
      6.053      0.030   122.7593     2.6010     24.614 1.2373e-01     15.876     61.955  46.731960    -0.4186    35.4352    12.7108   999.4674      8.609      5.936 0.0000e+00
      6.060      0.031   123.3171     2.5988     24.556 1.2377e-01     15.875     61.941  46.720511    -0.4176    35.5833    12.7111   999.4674      8.616      5.941 0.0000e+00
      6.071      0.032   123.9580     2.6141     24.513 1.2381e-01     15.874     61.934  46.715317    -0.4171    35.9358    12.7120   999.4673      8.630      5.950 0.0000e+00
      6.086      0.032   124.4854     2.6170     24.513 1.2382e-01     15.875     61.955  46.732652    -0.4130    36.1616    12.7123   999.4674      8.661      5.972 0.0000e+00
      6.095      0.032   124.8744     2.6099     24.541 1.2381e-01     15.876     61.963  46.739629    -0.4056    36.2200    12.7117   999.4675      8.676      5.981 0.0000e+00
      6.097      0.032   125.2202     2.6037     24.566 1.2376e-01     15.876     61.958  46.736194    -0.4142    36.2981    12.7104   999.4676      8.669      5.978 0.0000e+00
      6.101      0.032   125.5689     2.5967     24.568 1.2375e-01     15.876     61.983  46.754607    -0.4406    36.4188    12.7102   999.4677      8.675      5.981 0.0000e+00
      6.110      0.032   125.9066     2.5983     24.572 1.2374e-01     15.876     62.006  46.771776    -0.4575    36.4780    12.7118   999.4676      8.692      5.992 0.0000e+00
      6.120      0.035   126.2067     2.6020     24.605 1.2370e-01     15.875     61.982  46.753306    -0.4475    36.5338    12.7127   999.4675      8.704      6.001 0.0000e+00
      6.130      0.040   126.3578     2.6063     24.641 1.2367e-01     15.875     61.941  46.721770    -0.4250    36.6131    12.7126   999.4675      8.719      6.011 0.0000e+00
      6.140      0.043   126.3578     2.6048     24.648 1.2367e-01     15.875     61.921  46.707936    -0.4138    36.6466    12.7130   999.4675      8.733      6.021 0.0000e+00
      6.152      0.044   126.6358     2.6034     24.639 1.2366e-01     15.875     61.926  46.713027    -0.4073    36.6989    12.7127   999.4677      8.749      6.032 0.0000e+00
      6.165      0.046   127.1383     2.6090     24.644 1.2366e-01     15.874     61.932  46.719834    -0.4028    36.7640    12.7118   999.4678      8.769      6.046 0.0000e+00
      6.176      0.046   127.4431     2.6141     24.629 1.2371e-01     15.873     61.941  46.726744    -0.4076    36.8163    12.7116   999.4679      8.785      6.057 0.0000e+00
      6.187      0.044   127.6549     2.6147     24.587 1.2377e-01     15.873     61.951  46.733084    -0.4081    36.9189    12.7124   999.4678      8.800      6.067 0.0000e+00
      6.200      0.041   127.8918     2.6106     24.572 1.2378e-01     15.873     61.954  46.732989    -0.4095    37.0433    12.7139   999.4677      8.818      6.080 0.0000e+00
      6.212      0.037   128.2419     2.6137     24.567 1.2374e-01     15.874     61.946  46.725600    -0.4149    37.0847    12.7158   999.4675      8.837      6.093 0.0000e+00
      6.222      0.035   128.7048     2.6143     24.556 1.2372e-01     15.874     61.923  46.707239    -0.4061    37.0758    12.7169   999.4674      8.851      6.102 0.0000e+00
      6.228      0.035   129.1864     2.6032     24.522 1.2371e-01     15.874     61.917  46.701462    -0.3986    37.2790    12.7153   999.4676      8.859      6.108 0.0000e+00
      6.233      0.036   129.5055     2.6061     24.463 1.2372e-01     15.875     61.942  46.719252    -0.4005    37.6540    12.7131   999.4679      8.863      6.111 0.0000e+00
      6.240      0.038   129.5518     2.6048     24.441 1.2378e-01     15.875     61.959  46.731846    -0.4009    37.7979    12.7115   999.4682      8.872      6.117 0.0000e+00
      6.252      0.040   129.6603     2.6039     24.440 1.2379e-01     15.874     61.953  46.726746    -0.4030    37.7489    12.7102   999.4684      8.892      6.131 0.0000e+00
