Data/DataNotYetUploadedToEDI/Raw_CTD/RawDownloads/101722_fcr50_S7809001.cnv
* Sea-Bird SBE19plus  Data File:
* FileName = C:\R\Reservoirs\Data\DataNotYetUploadedToEDI\Raw_CTD\RawDownloads\101722_fcr50_S7809_0001.hex
* Software version 2.8.0.119
* Temperature SN = 7809
* Conductivity SN = 7809
* System UpLoad Time = Oct 26 2022 16:52:57
* <ApplicationData>
* <Seaterm232>
# nquan = 15
# nvalues = 1473                        
# units = specified
# name 0 = depFM: Depth [fresh water, m]
# name 1 = dz/dtM: Descent Rate [m/s]
# name 2 = sbeox0Mg/L: Oxygen, SBE 43 [mg/l]
# name 3 = sbeox0PS: Oxygen, SBE 43 [% saturation]
# name 4 = specc: Specific Conductance [uS/cm]
# name 5 = c0uS/cm: Conductivity [uS/cm]
# name 6 = flECO-AFL: Fluorescence, WET Labs ECO-AFL/FL [mg/m^3]
# name 7 = ph: pH
# name 8 = orp: Oxidation Reduction Potential [mV]
# name 9 = par/sat/log: PAR/Logarithmic, Satlantic
# name 10 = turbWETntu0: Turbidity, WET Labs ECO [NTU]
# name 11 = prdM: Pressure, Strain Gauge [db]
# name 12 = prdE: Pressure, Strain Gauge [psi]
# name 13 = tv290C: Temperature [ITS-90, deg C]
# name 14 = flag:  0.000e+00
# span 0 =     -0.750,      9.588       
# span 1 =     -0.429,      0.206       
# span 2 =     0.0507,     7.6430       
# span 3 =      0.486,     76.153       
# span 4 =      1.428,    578.203       
# span 5 =   1.201770, 435.579884       
# span 6 =    -0.1640,     8.3096       
# span 7 =     -2.600,      8.388       
# span 8 = -1240.7455,  1143.6141       
# span 9 = 1.2366e-01, 1.4606e+02       
# span 10 =    -0.3223,   159.4481      
# span 11 =     -0.736,      9.403      
# span 12 =     -1.068,     13.638      
# span 13 =    12.6473,    17.0770      
# span 14 = 0.0000e+00, 0.0000e+00      
# interval = seconds: 0.25
# start_time = Oct 17 2022 07:51:14 [Instrument's time stamp, header]
# bad_flag = -9.990e-29
*END*
[from data line 97]
      0.184      0.041     7.1814     66.142     41.149  33.115288     3.9744      7.248   283.6071 6.9055e+01     2.3949      0.181      0.263    15.2530 0.0000e+00
      0.188      0.028     7.0184     65.255     41.169  33.130149     3.9706      7.256   283.1293 6.9007e+01     2.3916      0.184      0.267    15.2471 0.0000e+00
      0.193      0.017     6.8657     64.575     41.200  33.154460     3.9709      7.264   282.7137 6.8962e+01     2.3699      0.190      0.275    15.2427 0.0000e+00
      0.197      0.010     6.7371     64.090     41.202  33.155622     3.9862      7.271   282.0236 6.8922e+01     2.3369      0.193      0.280    15.2381 0.0000e+00
      0.199      0.007     6.6285     63.743     41.188  33.144200     4.0136      7.277   281.1523 6.8819e+01     2.3345      0.195      0.283    15.2334 0.0000e+00
      0.199      0.005     6.5394     63.478     41.188  33.143161     4.0271      7.283   280.6969 6.8736e+01     2.3753      0.196      0.284    15.2330 0.0000e+00
      0.200      0.003     6.4706     63.234     41.188  33.143057     4.0246      7.290   280.7337 6.8642e+01     2.3851      0.196      0.284    15.2336 0.0000e+00
      0.200      0.002     6.4253     62.960     41.187  33.142945     4.0175      7.297   280.8221 6.8430e+01     2.3171      0.196      0.284    15.2326 0.0000e+00
      0.200      0.001     6.3919     62.657     41.184  33.141800     3.9992      7.304   280.8201 6.8360e+01     2.2012      0.196      0.284    15.2311 0.0000e+00
      0.201      0.001     6.3677     62.335     41.166  33.129224     3.9785      7.311   280.8813 6.8426e+01     2.1107      0.197      0.286    15.2303 0.0000e+00
      0.201      0.001     6.3460     61.981     41.149  33.117697     3.9748      7.316   280.8738 6.8495e+01     2.0781      0.198      0.287    15.2307 0.0000e+00
      0.201      0.001     6.3174     61.599     41.161  33.129234     3.9796      7.322   280.7298 6.8690e+01     2.1143      0.197      0.286    15.2311 0.0000e+00
      0.202      0.001     6.2866     61.288     41.175  33.141915     3.9867      7.329   280.6031 6.8788e+01     2.1720      0.198      0.287    15.2325 0.0000e+00
      0.202      0.000     6.2539     61.133     41.175  33.144211     3.9937      7.335   280.3740 6.8701e+01     2.1620      0.198      0.287    15.2351 0.0000e+00
      0.202 1.8589e-08     6.2202     61.126     41.189  33.157005     3.9895      7.341   280.1099 6.8648e+01     2.0953      0.198      0.287    15.2377 0.0000e+00
      0.202 2.0447e-07     6.1761     61.245     41.204  33.169790     4.0018      7.348   280.0775 6.8589e+01     2.0831      0.198      0.287    15.2396 0.0000e+00
      0.202 2.0016e-07     6.1405     61.480     41.205  33.171992     4.0346      7.355   280.0680 6.8531e+01     2.1170      0.198      0.287    15.2417 0.0000e+00
      0.202 -3.354e-08     6.1270     61.786     41.217  33.183634     4.0534      7.361   279.8232 6.8558e+01     2.1290      0.198      0.287    15.2440 0.0000e+00
      0.202 -9.786e-08     6.1261     62.085     41.214  33.183748     4.0542      7.367   279.4409 6.8576e+01     2.1270      0.198      0.287    15.2460 0.0000e+00
      0.202 -1.031e-07     6.1384     62.326     41.197  33.173373     4.0534      7.372   279.0594 6.8543e+01     2.1265      0.198      0.287    15.2479 0.0000e+00
      0.202 -9.913e-08     6.1622     62.496     41.208  33.185007     4.0689      7.377   278.6522 6.8503e+01     2.1561      0.198      0.288    15.2492 0.0000e+00
      0.202 -5.195e-08     6.1970     62.597     41.221  33.197602     4.0911      7.383   278.2176 6.8428e+01     2.1432      0.198      0.287    15.2512 0.0000e+00
      0.202 -4.722e-09     6.2280     62.618     41.219  33.198849     4.0974      7.389   277.8478 6.8342e+01     2.1075      0.198      0.287    15.2543 0.0000e+00
      0.202 -4.293e-10     6.2516     62.546     41.219  33.200087     4.0947      7.394   277.4505 6.8275e+01     2.1343      0.198      0.287    15.2581 0.0000e+00
      0.202 -3.903e-11     6.2684     62.427     41.233  33.212578     4.1083      7.399   276.8554 6.8260e+01     2.1940      0.198      0.287    15.2620 0.0000e+00
      0.202 -3.548e-12     6.2777     62.298     41.245  33.223068     4.1369      7.403   276.1587 6.8230e+01     2.2835      0.199      0.288    15.2650 0.0000e+00
      0.202 -3.221e-13     6.2817     62.140     41.215  33.200117     4.1578      7.408   275.4797 6.8171e+01     2.3625      0.198      0.287    15.2676 0.0000e+00
      0.202 -2.441e-14     6.2715     61.946     41.200  33.188694     4.1610      7.413   274.8410 6.8186e+01     2.3621      0.198      0.288    15.2692 0.0000e+00
      0.202 5.1373e-14     6.2568     61.738     41.229  33.211760     4.1426      7.418   274.3731 6.8202e+01     2.2793      0.198      0.287    15.2709 0.0000e+00
      0.202 5.9419e-13     6.2461     61.524     41.245  33.225394     4.1098      7.424   274.0382 6.8199e+01     2.2158      0.198      0.288    15.2724 0.0000e+00
      0.202 6.5387e-12     6.2301     61.313     41.245  33.226727     4.0890      7.430   273.6311 6.8221e+01     2.2097      0.199      0.288    15.2733 0.0000e+00
      0.202 7.1926e-11     6.2092     61.113     41.244  33.227877     4.0918      7.436   273.4083 6.8303e+01     2.1705      0.198      0.288    15.2737 0.0000e+00
      0.202 7.9119e-10     6.1886     60.924     41.257  33.239311     4.1272      7.440   273.4948 6.8383e+01     2.1522      0.198      0.287    15.2740 0.0000e+00
      0.202 8.7030e-09     6.1665     60.744     41.254  33.238160     4.1833      7.444   273.5594 6.8309e+01     2.2275      0.198      0.287    15.2747 0.0000e+00
      0.202 9.5733e-08     6.1451     60.591     41.222  33.213961     4.2123      7.449   273.6738 6.8258e+01     2.3292      0.198      0.287    15.2760 0.0000e+00
      0.202 5.8566e-07     6.1244     60.455     41.203  33.200345     4.2198      7.453   273.8453 6.8303e+01     2.3915      0.198      0.287    15.2781 0.0000e+00
      0.202      0.000     6.1061     60.312     41.199  33.200344     4.2080      7.456   273.9108 6.8287e+01     2.3319      0.198      0.288    15.2802 0.0000e+00
      0.202      0.000     6.0863     60.192     41.213  33.213951     4.1694      7.461   273.8643 6.8325e+01     2.1884      0.198      0.287    15.2818 0.0000e+00
      0.202      0.001     6.0707     60.085     41.239  33.238064     4.1521      7.466   273.7132 6.8460e+01     2.1596      0.198      0.287    15.2835 0.0000e+00
      0.202      0.002     6.0603     59.978     41.236  33.238282     4.1657      7.470   273.5462 6.8497e+01     2.2236      0.198      0.288    15.2857 0.0000e+00
      0.202      0.004     6.0411     59.893     41.204  33.216580     4.2082      7.474   273.3086 6.8410e+01     2.2105      0.198      0.287    15.2885 0.0000e+00
      0.203      0.007     6.0308     59.823     41.213  33.229286     4.2754      7.478   272.9904 6.8250e+01     2.1380      0.198      0.287    15.2915 0.0000e+00
      0.205      0.011     6.0211     59.770     41.252  33.265109     4.3122      7.483   272.6244 6.8076e+01     2.0975      0.200      0.290    15.2948 0.0000e+00
      0.208      0.018     6.0064     59.744     41.253  33.269293     4.3201      7.487   272.2384 6.7955e+01     2.0966      0.204      0.295    15.2988 0.0000e+00
      0.211      0.028     6.0000     59.723     41.263  33.279883     4.3296      7.491   272.1963 6.7727e+01     2.0928      0.207      0.299    15.3033 0.0000e+00
      0.217      0.038     5.9908     59.667     41.322  33.329743     4.3440      7.493   272.2006 6.7256e+01     2.1198      0.211      0.305    15.3099 0.0000e+00
      0.228      0.047     5.9842     59.561     41.361  33.364920     4.3608      7.495   272.0331 6.6646e+01     2.2190      0.222      0.322    15.3167 0.0000e+00
      0.244      0.053     5.9822     59.431     41.383  33.388187     4.3662      7.497   271.9776 6.5897e+01     2.3007      0.238      0.346    15.3204 0.0000e+00
      0.264      0.057     5.9809     59.276     41.418  33.420846     4.3753      7.499   271.7874 6.5067e+01     2.3569      0.258      0.376    15.3233 0.0000e+00
      0.281      0.057     5.9769     59.073     41.441  33.442779     4.3383      7.500   271.5405 6.4488e+01     2.4199      0.277      0.403    15.3250 0.0000e+00
      0.295      0.052     5.9629     58.822     41.463  33.463165     4.2350      7.500   271.3148 6.4103e+01     2.4142      0.288      0.419    15.3292 0.0000e+00
      0.309      0.044     5.9496     58.532     41.478  33.477124     4.1756      7.500   271.1232 6.3788e+01     2.3556      0.303      0.440    15.3377 0.0000e+00
      0.319      0.036     5.9348     58.209     41.484  33.484742     4.1693      7.502   270.8589 6.3584e+01     2.3261      0.314      0.455    15.3429 0.0000e+00
      0.325      0.030     5.9135     57.862     41.489  33.491873     4.1671      7.505   270.3565 6.3457e+01     2.3318      0.320      0.464    15.3460 0.0000e+00
      0.330      0.025     5.8880     57.507     41.496  33.499941     4.1736      7.508   270.1251 6.3440e+01     2.3553      0.324      0.470    15.3488 0.0000e+00
      0.335      0.021     5.8582     57.161     41.517  33.518900     4.1812      7.511   270.2111 6.3447e+01     2.3710      0.328      0.475    15.3514 0.0000e+00
      0.340      0.018     5.8255     56.829     41.528  33.530888     4.1757      7.514   270.2791 6.3362e+01     2.3511      0.332      0.484    15.3553 0.0000e+00
      0.345      0.015     5.7890     56.506     41.508  33.518076     4.1819      7.516   270.4309 6.3312e+01     2.2859      0.338      0.491    15.3589 0.0000e+00
      0.350      0.013     5.7530     56.195     41.469  33.490802     4.2146      7.519   270.4978 6.3334e+01     2.1969      0.343      0.499    15.3618 0.0000e+00
      0.353      0.010     5.7176     55.905     41.341  33.391346     4.2382      7.521   270.4854 6.3193e+01     2.1635      0.346      0.502    15.3641 0.0000e+00
      0.354      0.006     5.6850     55.644     41.112  33.203231     4.2349      7.523   270.5384 6.3138e+01     2.1552      0.347      0.503    15.3669 0.0000e+00
      0.354      0.004     5.6511     55.435     40.954  33.055041     4.2496      7.527   270.4506 6.3270e+01     2.0969      0.347      0.504    15.3718 0.0000e+00
      0.354      0.003     5.6201     55.550     40.922  32.994465     4.3078      7.531   270.2848 6.3298e+01     2.0735      0.347      0.504    15.3774 0.0000e+00
      0.354      0.003     5.5883     56.441     40.940  32.978001     4.3471      7.536   270.3399 6.3345e+01     2.0775      0.347      0.503    15.3832 0.0000e+00
      0.355      0.004     5.5643     58.195     40.970  32.982742     4.3423      7.539   270.7724 6.3434e+01     2.0764      0.348      0.504    15.3873 0.0000e+00
      0.356      0.006     5.5395     60.511     40.991  32.988367     4.3246      7.541   271.3853 6.3399e+01     2.0944      0.348      0.505    15.3614 0.0000e+00
      0.358      0.007     5.5309     62.996     40.992  32.982591     4.2738      7.543   271.8137 6.3423e+01     2.1245      0.351      0.508    15.3061 0.0000e+00
      0.361      0.007     5.6255     65.358     40.988  32.976297     4.1945      7.545   271.9086 6.3537e+01     2.2696      0.354      0.515    15.2659 0.0000e+00
      0.365      0.007     5.8168     67.426     40.988  32.975674     4.1574      7.548   271.7578 6.3558e+01     2.4137      0.357      0.518    15.2460 0.0000e+00
      0.367      0.006     6.0655     69.049     40.987  32.975049     4.1656      7.550   271.6249 6.3589e+01     2.3991      0.359      0.521    15.2328 0.0000e+00
      0.367      0.004     6.3273     70.140     40.980  32.968748     4.1938      7.552   271.6787 6.3594e+01     2.3655      0.360      0.522    15.2251 0.0000e+00
      0.367      0.000     6.5674     70.702     40.973  32.962889     4.2405      7.553   271.0319 6.3458e+01     2.3831      0.360      0.522    15.2220 0.0000e+00
      0.367     -0.006     6.7826     70.837     40.979  32.967614     4.2811      7.557   269.4826 6.3353e+01     2.4063      0.360      0.522    15.2223 0.0000e+00
      0.367     -0.016     6.9475     70.728     40.971  32.962473     4.2930      7.565   268.7785 6.3259e+01     2.4073      0.360      0.522    15.2222 0.0000e+00
      0.366     -0.024     7.0574     70.534     40.970  32.964134     4.2679      7.572   269.0571 6.3102e+01     2.3614      0.360      0.523    15.2211 0.0000e+00
      0.361     -0.029     7.1108     70.369     40.998  32.987709     4.2361      7.577   268.9797 6.3853e+01     2.3290      0.360      0.522    15.2208 0.0000e+00
      0.344     -0.030     7.1160     70.259     41.007  32.993897     4.2245      7.581   268.3580 6.5469e+01     2.3570      0.340      0.495    15.2210 0.0000e+00
      0.324     -0.028     7.1001     70.165     40.987  32.975549     4.2276      7.582   267.9928 6.6068e+01     2.3592      0.309      0.450    15.2215 0.0000e+00
      0.317     -0.026     7.0755     70.077     40.965  32.956066     4.2571      7.581   268.2648 6.5657e+01     2.3208      0.307      0.446    15.2263 0.0000e+00
      0.320     -0.028     7.0570     70.008     40.956  32.948536     4.2975      7.581   268.3768 6.5445e+01     2.3028      0.315      0.458    15.2297 0.0000e+00
      0.322     -0.042     7.0499     69.953     40.956  32.947911     4.3251      7.581   267.7124 6.5390e+01     2.3121      0.315      0.457    15.2259 0.0000e+00
      0.321     -0.074     7.0406     69.887     40.957  32.948515     4.3411      7.584   266.4261 6.5468e+01     2.3309      0.315      0.457    15.2220 0.0000e+00
      0.311     -0.123     7.0312     69.822     40.967  32.955835     4.2993      7.591   264.8698 6.6155e+01     2.2904      0.312      0.453    15.2206 0.0000e+00
      0.280     -0.173     7.0244     69.785     40.989  32.973021     4.2024      7.597   263.5225 6.7876e+01     2.1644      0.288      0.417    15.2196 0.0000e+00
      0.219     -0.211     7.0211     69.776     40.980  32.966105     4.1443      7.600   262.9559 7.0980e+01     2.0719      0.224      0.323    15.2196 0.0000e+00
      0.135     -0.226     7.0133     69.787     40.943  32.935614     4.1462      7.602   262.9231 7.6186e+01     2.0589      0.133      0.193    15.2202 0.0000e+00
      0.049     -0.216     7.0050     69.804     40.926  32.921364     4.1586      7.602   263.1259 8.2467e+01     2.0424      0.042      0.061    15.2190 0.0000e+00
     -0.021     -0.185     7.0027     69.809     40.926  32.920627     4.1360      7.601   263.4289 8.4901e+01     2.0777     -0.034     -0.049    15.2179 0.0000e+00
     -0.060     -0.142     7.0014     69.790     40.935  32.926692     4.0979      7.601   262.9738 8.3357e+01     2.2124     -0.070     -0.101    15.2183 0.0000e+00
     -0.071     -0.099     7.0033     69.762     40.943  32.931302     4.0978      7.602   261.9243 8.3332e+01     2.3047     -0.072     -0.105    15.2182 0.0000e+00
     -0.072     -0.065     7.0053     69.737     40.922  32.912962     4.1173      7.604   261.4091 8.5783e+01     2.3402     -0.069     -0.100    15.2175 0.0000e+00
     -0.076     -0.043     7.0075     69.722     40.900  32.895150     4.1253      7.605   261.3037 8.8416e+01     2.3335     -0.071     -0.101    15.2160 0.0000e+00
     -0.091     -0.033     7.0043     69.739     40.914  32.906158     4.1207      7.606   261.1662 9.0724e+01     2.2240     -0.088     -0.126    15.2145 0.0000e+00
     -0.108     -0.033     7.0014     69.751     40.930  32.919243     4.1113      7.608   261.1227 9.1929e+01     2.1086     -0.110     -0.160    15.2124 0.0000e+00
     -0.118     -0.041     7.0002     69.720     40.939  32.926555     4.1033      7.612   260.8649 9.1046e+01     2.0657     -0.118     -0.172    15.2104 0.0000e+00
