Data/DataNotYetUploadedToEDI/Raw_CTD/RawDownloads/101723_fcr50_S8188002.cnv
* Sea-Bird SBE19plus  Data File:
* FileName = C:\R\Reservoirs\Data\DataNotYetUploadedToEDI\Raw_CTD\RawDownloads\101823_bvr50_S8188_0002.hex
* Software version 2.8.0.119
* Temperature SN = 8188
* Conductivity SN = 8188
* System UpLoad Time = Oct 18 2023 15:31:12
* <ApplicationData>
* <Seaterm232>
# nquan = 16
# nvalues = 925                         
# units = specified
# name 0 = depFM: Depth [fresh water, m]
# name 1 = dz/dtM: Descent Rate [m/s]
# name 2 = sbeox0Mg/L: Oxygen, SBE 43 [mg/l]
# name 3 = sbeox0PS: Oxygen, SBE 43 [% saturation]
# name 4 = specc: Specific Conductance [uS/cm]
# name 5 = c0uS/cm: Conductivity [uS/cm]
# name 6 = wetCDOM: Fluorescence, WET Labs CDOM [mg/m^3]
# name 7 = flECO-AFL: Fluorescence, WET Labs ECO-AFL/FL [mg/m^3]
# name 8 = flECO-AFL1: Fluorescence, WET Labs ECO-AFL/FL, 2 [mg/m^3]
# name 9 = flECO-AFL2: Fluorescence, WET Labs ECO-AFL/FL, 3 [mg/m^3]
# name 10 = par/sat/log: PAR/Logarithmic, Satlantic
# name 11 = turbWETntu0: Turbidity, WET Labs ECO [NTU]
# name 12 = prdM: Pressure, Strain Gauge [db]
# name 13 = prdE: Pressure, Strain Gauge [psi]
# name 14 = tv290C: Temperature [ITS-90, deg C]
# name 15 = flag:  0.000e+00
# span 0 =     -0.667,      9.376       
# span 1 =     -0.524,      0.141       
# span 2 =     2.1203,     6.5349       
# span 3 =     20.723,     64.241       
# span 4 =      0.591,     33.307       
# span 5 =   0.467093,  26.107450       
# span 6 =    -4.5000,     4.0500       
# span 7 =    -0.1384,     5.2786       
# span 8 =    -2.1300,     0.9372       
# span 9 =    -2.0304,     3.4686       
# span 10 = 1.1592e-01, 4.5563e+02      
# span 11 =    -0.2430,   270.0890      
# span 12 =     -0.654,      9.195      
# span 13 =     -0.949,     13.335      
# span 14 =    14.1789,    15.2447      
# span 15 = 0.0000e+00, 0.0000e+00      
# interval = seconds: 0.25
# start_time = Oct 17 2023 13:44:50 [Instrument's time stamp, header]
# bad_flag = -9.990e-29
*END*
[from data line 452]
      3.918      0.085     4.0617     40.501      2.465   1.983222     3.3300     4.4737     0.0852     0.8460 4.7388e+00     2.7480      3.843      5.573    15.2285 0.0000e+00
      3.940      0.084     4.0613     40.520      2.484   1.998690     3.3300     4.4508     0.0852     0.8460 4.6409e+00     2.9133      3.864      5.604    15.2288 0.0000e+00
      3.961      0.082     4.0617     40.536      2.503   2.014317     3.3300     4.4775     0.0852     0.8460 4.5451e+00     2.8231      3.885      5.635    15.2291 0.0000e+00
      3.982      0.080     4.0626     40.533      2.486   2.000656     3.3300     4.4851     0.0852     0.8883 4.5048e+00     2.7480      3.906      5.665    15.2293 0.0000e+00
      4.003      0.078     4.0639     40.514      2.448   1.969883     3.3300     4.0807     0.0852     0.8883 4.4775e+00     2.8081      3.926      5.693    15.2296 0.0000e+00
      4.022      0.077     4.0657     40.490      2.403   1.933565     3.3300     4.1074     0.0852     0.8883 4.3377e+00     2.8231      3.945      5.721    15.2299 0.0000e+00
      4.041      0.076     4.0673     40.460      2.344   1.885970     3.3300     4.1227     0.0852     0.8883 4.3142e+00     2.8532      3.963      5.748    15.2302 0.0000e+00
      4.060      0.075     4.0669     40.429      2.277   1.832202     3.3300     4.0922     0.0426     0.9306 4.2315e+00     2.7931      3.982      5.775    15.2305 0.0000e+00
      4.079      0.075     4.0650     40.399      2.214   1.781651     3.3300     3.9816     0.0426     0.9306 4.1758e+00     2.7179      4.000      5.801    15.2307 0.0000e+00
      4.098      0.075     4.0626     40.368      2.156   1.734676     3.3300     3.9854     0.0426     0.9306 4.1012e+00     2.8832      4.019      5.829    15.2310 0.0000e+00
      4.118      0.075     4.0596     40.343      2.101   1.690614     3.3300     3.9930     0.0426     0.9306 3.9610e+00     2.7931      4.038      5.856    15.2312 0.0000e+00
      4.137      0.075     4.0564     40.326      2.055   1.653534     3.3300     3.9739     0.0426     0.7614 3.8465e+00     2.7931      4.057      5.885    15.2315 0.0000e+00
      4.157      0.074     4.0534     40.316      2.020   1.625411     3.3300     3.7450     0.0426     0.7614 3.8058e+00     2.9734      4.076      5.912    15.2317 0.0000e+00
      4.176      0.072     4.0503     40.311      2.002   1.610609     3.3300     3.7336     0.0426     0.7614 3.7207e+00     3.0185      4.095      5.939    15.2320 0.0000e+00
      4.194      0.070     4.0477     40.311      2.005   1.613090     3.3300     3.7145     0.0426     0.7614 3.6392e+00     2.8983      4.113      5.965    15.2322 0.0000e+00
      4.212      0.068     4.0460     40.312      2.025   1.629560     3.3300     3.7221     0.0852     0.8883 3.5741e+00     2.9133      4.130      5.990    15.2325 0.0000e+00
      4.229      0.066     4.0450     40.312      2.063   1.660458     3.3300     3.6230     0.0852     0.8883 3.5209e+00     3.2440      4.147      6.015    15.2327 0.0000e+00
      4.245      0.064     4.0445     40.311      2.115   1.702158     3.3300     3.6153     0.0852     0.8883 3.4867e+00     3.2740      4.163      6.038    15.2330 0.0000e+00
      4.261      0.064     4.0444     40.302      2.165   1.742056     3.3300     3.6268     0.0852     0.8883 3.4513e+00     3.1087      4.179      6.060    15.2333 0.0000e+00
      4.277      0.064     4.0445     40.287      2.201   1.771016     3.3300     3.6230     0.0852     0.8883 3.3947e+00     3.1688      4.194      6.083    15.2336 0.0000e+00
      4.292      0.065     4.0445     40.270      2.213   1.780945     3.4200     3.2567     0.0852     0.8883 3.3326e+00     3.6197      4.210      6.105    15.2338 0.0000e+00
      4.309      0.066     4.0443     40.250      2.205   1.774490     3.4200     3.2491     0.0852     0.8883 3.2844e+00     3.6949      4.226      6.129    15.2341 0.0000e+00
      4.326      0.067     4.0434     40.233      2.189   1.761793     3.4200     3.2491     0.0852     0.8883 3.2398e+00     3.6498      4.243      6.153    15.2343 0.0000e+00
      4.344      0.069     4.0419     40.221      2.171   1.747377     3.4200     3.2529     0.0852     0.8883 3.1798e+00     3.5897      4.260      6.178    15.2346 0.0000e+00
      4.362      0.069     4.0401     40.210      2.161   1.739262     3.3300     2.9134     0.1278     0.6768 3.1027e+00     5.3632      4.278      6.204    15.2348 0.0000e+00
      4.380      0.069     4.0382     40.200      2.156   1.735283     3.3300     2.8905     0.1278     0.6768 3.0485e+00     5.2730      4.296      6.230    15.2350 0.0000e+00
      4.398      0.069     4.0364     40.193      2.145   1.726470     3.3300     2.8791     0.1278     0.6768 3.0071e+00     5.3031      4.313      6.255    15.2353 0.0000e+00
      4.415      0.068     4.0352     40.184      2.140   1.722337     3.3300     2.9134     0.1278     0.6768 2.9610e+00     5.3332      4.330      6.280    15.2355 0.0000e+00
      4.432      0.068     4.0341     40.171      2.149   1.729690     3.4200     2.8867     0.1704     0.8460 2.9348e+00     8.9103      4.347      6.304    15.2357 0.0000e+00
      4.450      0.067     4.0331     40.154      2.160   1.738626     3.4200     2.8753     0.1704     0.8460 2.9290e+00     8.8652      4.364      6.329    15.2360 0.0000e+00
      4.467      0.067     4.0323     40.134      2.172   1.747575     3.4200     2.8867     0.1704     0.8460 2.8717e+00     8.8652      4.380      6.353    15.2362 0.0000e+00
      4.483      0.068     4.0315     40.116      2.191   1.762877     3.4200     2.8791     0.1704     0.8460 2.8112e+00     8.9254      4.397      6.377    15.2365 0.0000e+00
      4.500      0.068     4.0302     40.101      2.218   1.784659     3.5100     2.7723     0.2130     1.0998 2.8045e+00     9.8723      4.413      6.401    15.2367 0.0000e+00
      4.518      0.068     4.0284     40.090      2.250   1.810819     3.5100     2.7418     0.2130     1.0998 2.7151e+00     9.8572      4.430      6.426    15.2370 0.0000e+00
      4.536      0.068     4.0264     40.084      2.282   1.836470     3.5100     2.7570     0.2130     1.0998 2.6870e+00     9.8873      4.448      6.451    15.2372 0.0000e+00
      4.554      0.067     4.0245     40.080      2.304   1.854611     3.5100     2.7570     0.2130     1.0998 2.6206e+00     9.8572      4.466      6.477    15.2374 0.0000e+00
      4.571      0.066     4.0230     40.077      2.316   1.864150     3.5100     2.3946     0.2130     1.0998 2.6036e+00    11.2400      4.483      6.502    15.2376 0.0000e+00
      4.588      0.064     4.0219     40.072      2.320   1.867629     3.6000     2.3794     0.2130     1.1844 2.5833e+00    11.2550      4.499      6.526    15.2378 0.0000e+00
      4.604      0.061     4.0212     40.061      2.316   1.863999     3.6000     2.3755     0.2130     1.1844 2.5196e+00    11.3001      4.515      6.549    15.2381 0.0000e+00
      4.619      0.060     4.0208     40.047      2.306   1.856246     3.6000     2.3832     0.2130     1.1844 2.5371e+00    11.2701      4.530      6.570    15.2383 0.0000e+00
      4.633      0.059     4.0205     40.033      2.304   1.854166     3.6000     2.2306     0.2130     1.1844 2.5560e+00    11.4805      4.543      6.590    15.2385 0.0000e+00
      4.647      0.060     4.0200     40.017      2.307   1.857204     3.6900     2.2115     0.2556     1.0152 2.5130e+00    11.4504      4.557      6.610    15.2388 0.0000e+00
      4.662      0.062     4.0188     39.999      2.306   1.856286     3.6900     2.2153     0.2556     1.0152 2.5070e+00    11.4354      4.571      6.630    15.2390 0.0000e+00
      4.677      0.065     4.0174     39.982      2.302   1.853142     3.6900     2.2229     0.2556     1.0152 2.4729e+00    11.5256      4.587      6.652    15.2392 0.0000e+00
      4.694      0.068     4.0161     39.966      2.302   1.852867     3.6900     1.6927     0.2556     1.0152 2.4182e+00    11.6759      4.603      6.676    15.2394 0.0000e+00
      4.712      0.071     4.0144     39.950      2.310   1.859341     3.6900     1.7041     0.2556     0.8037 2.3801e+00    11.6759      4.621      6.702    15.2396 0.0000e+00
      4.732      0.074     4.0126     39.930      2.334   1.878246     3.6900     1.7194     0.2556     0.8037 2.2873e+00    11.7661      4.640      6.730    15.2398 0.0000e+00
      4.751      0.076     4.0109     39.900      2.362   1.900782     3.6900     1.7347     0.2556     0.8037 2.2854e+00    11.7961      4.660      6.758    15.2400 0.0000e+00
      4.771      0.077     4.0093     39.864      2.384   1.919117     3.6900     1.3379     0.2556     0.8037 2.2348e+00    12.4424      4.679      6.787    15.2402 0.0000e+00
      4.791      0.077     4.0076     39.824      2.408   1.938142     3.6900     1.3341     0.2556     0.6345 2.1886e+00    12.3823      4.699      6.815    15.2404 0.0000e+00
      4.811      0.076     4.0055     39.786      2.426   1.953043     3.6900     1.3341     0.2556     0.6345 2.1617e+00    12.4875      4.718      6.843    15.2406 0.0000e+00
      4.830      0.075     4.0026     39.749      2.427   1.953954     3.6900     1.3379     0.2556     0.6345 2.1458e+00    12.3823      4.737      6.870    15.2409 0.0000e+00
      4.849      0.074     3.9989     39.715      2.411   1.941116     3.6900     1.0213     0.2556     0.6345 2.0666e+00    12.4725      4.756      6.897    15.2411 0.0000e+00
      4.868      0.074     3.9949     39.687      2.391   1.924947     3.6900     1.0213     0.2556     0.6345 2.0363e+00    12.3823      4.774      6.924    15.2413 0.0000e+00
      4.886      0.074     3.9910     39.668      2.386   1.920909     3.6900     1.0251     0.2982     0.6768 2.0297e+00    12.4424      4.792      6.950    15.2414 0.0000e+00
      4.904      0.074     3.9873     39.655      2.400   1.931878     3.6900     1.0213     0.2982     0.6768 2.0527e+00    12.4574      4.810      6.976    15.2416 0.0000e+00
      4.923      0.076     3.9839     39.644      2.406   1.937053     3.6900     0.8573     0.2982     0.6768 1.9869e+00    12.7130      4.828      7.002    15.2418 0.0000e+00
      4.942      0.077     3.9811     39.636      2.385   1.920019     3.6900     0.8306     0.2982     0.6768 1.9612e+00    12.6829      4.847      7.030    15.2420 0.0000e+00
      4.963      0.079     3.9791     39.637      2.346   1.888096     3.7800     0.8725     0.2982     0.5499 1.8708e+00    12.6077      4.867      7.059    15.2422 0.0000e+00
      4.983      0.080     3.9778     39.645      2.304   1.854522     3.7800     0.8535     0.2982     0.5499 1.8647e+00    12.6829      4.887      7.088    15.2424 0.0000e+00
      5.004      0.081     3.9767     39.663      2.264   1.822207     3.7800     0.7466     0.2982     0.5499 1.7963e+00    13.5546      4.907      7.118    15.2425 0.0000e+00
      5.025      0.081     3.9759     39.694      2.217   1.784511     3.7800     0.7581     0.2982     0.5499 1.7847e+00    13.6899      4.928      7.147    15.2427 0.0000e+00
      5.046      0.081     3.9760     39.741      2.166   1.743244     3.8700     0.7085     0.2556     0.2538 1.6973e+00    13.6148      4.948      7.177    15.2429 0.0000e+00
      5.066      0.080     3.9768     39.804      2.121   1.707176     3.8700     0.7161     0.2556     0.2538 1.7021e+00    13.5246      4.968      7.206    15.2430 0.0000e+00
      5.087      0.079     3.9785     39.881      2.090   1.682506     3.8700     0.6894     0.2556     0.2538 1.6511e+00    14.2611      4.988      7.235    15.2432 0.0000e+00
      5.107      0.078     3.9816     39.955      2.085   1.678474     3.8700     0.6970     0.2556     0.2538 1.6407e+00    14.3963      5.008      7.264    15.2434 0.0000e+00
      5.127      0.077     3.9863     40.014      2.105   1.694003     3.9600     0.6665     0.2982     0.2961 1.6006e+00    14.2761      5.027      7.292    15.2435 0.0000e+00
      5.146      0.077     3.9927     40.064      2.134   1.717417     3.9600     0.6818     0.2982     0.2961 1.5809e+00    14.4414      5.046      7.319    15.2437 0.0000e+00
      5.165      0.077     4.0003     40.106      2.166   1.743097     3.9600     0.6131     0.2982     0.2961 1.5672e+00    14.3061      5.065      7.346    15.2438 0.0000e+00
      5.184      0.077     4.0077     40.139      2.194   1.766027     3.9600     0.6436     0.2982     0.2961 1.4769e+00    14.5617      5.084      7.374    15.2439 0.0000e+00
      5.204      0.077     4.0137     40.159      2.212   1.780458     3.9600     0.6208     0.2982     0.2961 1.4455e+00    14.3212      5.103      7.402    15.2441 0.0000e+00
      5.224      0.077     4.0187     40.160      2.224   1.790238     3.8700     0.6131     0.2982     0.2538 1.4037e+00    14.3512      5.123      7.431    15.2442 0.0000e+00
      5.244      0.077     4.0229     40.150      2.234   1.797977     3.8700     0.5292     0.2982     0.2538 1.2981e+00    14.4264      5.143      7.459    15.2443 0.0000e+00
      5.264      0.077     4.0262     40.136      2.229   1.793872     3.8700     0.4987     0.2982     0.2538 1.2829e+00    14.4565      5.162      7.487    15.2444 0.0000e+00
      5.283      0.076     4.0282     40.116      2.202   1.772877     3.8700     0.4987     0.2982     0.2538 1.2746e+00    14.3813      5.181      7.515    15.2444 0.0000e+00
      5.302      0.075     4.0283     40.091      2.173   1.749163     3.9600     0.4949     0.3408     0.2961 1.2012e+00    14.3212      5.200      7.542    15.2445 0.0000e+00
      5.321      0.074     4.0273     40.056      2.167   1.744089     3.9600     0.5445     0.3408     0.2961 1.1524e+00    14.7871      5.218      7.569    15.2445 0.0000e+00
      5.340      0.073     4.0259     40.003      2.192   1.764212     3.9600     0.5521     0.3408     0.2961 1.1173e+00    14.8773      5.237      7.595    15.2446 0.0000e+00
      5.358      0.073     4.0239     39.940      2.230   1.795123     3.9600     0.5712     0.3408     0.2961 1.0787e+00    14.8623      5.255      7.621    15.2446 0.0000e+00
      5.376      0.073     4.0214     39.881      2.255   1.815409     3.9600     0.5673     0.2982     0.3384 1.0675e+00    14.8021      5.272      7.647    15.2447 0.0000e+00
      5.394      0.074     4.0179     39.831      2.262   1.820592     3.9600     0.5521     0.2982     0.3384 1.0548e+00    14.7871      5.290      7.673    15.2447 0.0000e+00
      5.413      0.075     4.0125     39.788      2.273   1.829849     3.9600     0.5750     0.2982     0.3384 1.0122e+00    14.8172      5.308      7.699    15.2447 0.0000e+00
      5.433      0.076     4.0062     39.756      2.303   1.853559     3.9600     0.5712     0.2982     0.3384 9.6805e-01    14.6819      5.327      7.727    15.2447 0.0000e+00
      5.452      0.077     4.0003     39.745      2.328   1.874316     4.0500     0.5635     0.2982     0.2538 9.0637e-01    14.8172      5.347      7.755    15.2446 0.0000e+00
      5.472      0.077     3.9953     39.757      2.330   1.875907     4.0500     0.6589     0.2982     0.2538 8.9853e-01    14.7721      5.367      7.784    15.2446 0.0000e+00
      5.492      0.077     3.9910     39.777      2.312   1.860732     4.0500     0.6208     0.2982     0.2538 8.9172e-01    14.7721      5.386      7.812    15.2445 0.0000e+00
      5.512      0.076     3.9878     39.795      2.282   1.836608     4.0500     0.6208     0.2982     0.2538 8.1926e-01    14.8172      5.405      7.840    15.2444 0.0000e+00
      5.531      0.075     3.9868     39.804      2.245   1.806990     4.0500     0.6436     0.2982     0.2538 7.7140e-01    14.8021      5.424      7.867    15.2443 0.0000e+00
      5.550      0.073     3.9879     39.794      2.201   1.771888     3.9600     0.5788     0.2982     0.2538 7.7881e-01    14.8623      5.443      7.894    15.2441 0.0000e+00
      5.568      0.071     3.9900     39.760      2.149   1.729850     3.9600     0.5635     0.2982     0.2538 7.2115e-01    14.6969      5.461      7.920    15.2440 0.0000e+00
