Data/DataNotYetUploadedToEDI/Raw_CTD/RawDownloads/101723_bvr50_S7809001.cnv
* Sea-Bird SBE19plus  Data File:
* FileName = C:\R\Reservoirs\Data\DataNotYetUploadedToEDI\Raw_CTD\RawDownloads\101723_bvr50_S7809_0001.hex
* Software version 2.8.0.119
* Temperature SN = 7809
* Conductivity SN = 7809
* System UpLoad Time = Oct 18 2023 15:20:55
* <ApplicationData>
* <Seaterm232>
# nquan = 15
# nvalues = 1759                        
# units = specified
# name 0 = depFM: Depth [fresh water, m]
# name 1 = dz/dtM: Descent Rate [m/s]
# name 2 = sbeox0Mg/L: Oxygen, SBE 43 [mg/l]
# name 3 = sbeox0PS: Oxygen, SBE 43 [% saturation]
# name 4 = specc: Specific Conductance [uS/cm]
# name 5 = c0uS/cm: Conductivity [uS/cm]
# name 6 = flECO-AFL: Fluorescence, WET Labs ECO-AFL/FL [mg/m^3]
# name 7 = ph: pH
# name 8 = orp: Oxidation Reduction Potential [mV]
# name 9 = par/sat/log: PAR/Logarithmic, Satlantic
# name 10 = turbWETntu0: Turbidity, WET Labs ECO [NTU]
# name 11 = prdM: Pressure, Strain Gauge [db]
# name 12 = prdE: Pressure, Strain Gauge [psi]
# name 13 = tv290C: Temperature [ITS-90, deg C]
# name 14 = flag:  0.000e+00
# span 0 =     -0.744,      8.870       
# span 1 =     -0.367,      0.088       
# span 2 =    -1.0437,    10.2499       
# span 3 =     -9.294,    101.696       
# span 4 =      4.376,    226.937       
# span 5 =   3.512231, 159.618058       
# span 6 =    -1.0949,     5.8613       
# span 7 =      5.941,      6.992       
# span 8 =  -143.8740,   554.5454       
# span 9 = 1.2361e-01, 2.0415e+03       
# span 10 =    -3.1917,    23.2906      
# span 11 =     -0.732,      8.698      
# span 12 =     -1.061,     12.616      
# span 13 =    10.1322,    15.1790      
# span 14 = 0.0000e+00, 0.0000e+00      
# interval = seconds: 0.25
# start_time = Oct 17 2023 10:45:27 [Instrument's time stamp, header]
# bad_flag = -9.990e-29
*END*
[from data line 675]
      4.057      0.040     6.9199     68.809     34.674  27.836770     4.0278      6.461   278.0574 3.2934e+00     7.0861      3.980      5.775    15.1393 0.0000e+00
      4.064      0.032     6.9225     68.772     34.660  27.825134     4.0105      6.461   277.9975 3.2823e+00     7.1910      3.986      5.781    15.1382 0.0000e+00
      4.068      0.023     6.9217     68.697     34.645  27.812658     4.0014      6.461   277.9801 3.2830e+00     7.2866      3.990      5.786    15.1375 0.0000e+00
      4.071      0.018     6.9182     68.607     34.645  27.812770     4.0016      6.462   277.9331 3.2856e+00     7.3196      3.992      5.791    15.1371 0.0000e+00
      4.074      0.018     6.9186     68.554     34.662  27.826495     3.9464      6.463   277.7738 3.2867e+00     7.3167      3.995      5.796    15.1369 0.0000e+00
      4.076      0.021     6.9152     68.538     34.693  27.851752     3.8325      6.463   277.6881 3.2799e+00     7.3198      3.996      5.796    15.1367 0.0000e+00
      4.080      0.026     6.9073     68.538     34.709  27.864446     3.7731      6.464   277.6717 3.2482e+00     7.3224      3.999      5.801    15.1367 0.0000e+00
      4.089      0.032     6.8953     68.598     34.695  27.853123     3.7857      6.465   277.6621 3.2033e+00     7.3139      4.010      5.816    15.1367 0.0000e+00
      4.099      0.038     6.8897     68.722     34.681  27.841696     3.8608      6.465   277.6575 3.1697e+00     7.2517      4.020      5.831    15.1369 0.0000e+00
      4.110      0.043     6.8916     68.852     34.695  27.853134     3.9657      6.465   277.6170 3.1341e+00     7.0825      4.031      5.846    15.1367 0.0000e+00
      4.123      0.046     6.8869     68.940     34.709  27.864572     4.0043      6.464   277.6021 3.0826e+00     7.0107      4.043      5.864    15.1366 0.0000e+00
      4.135      0.047     6.8933     68.957     34.695  27.853134     4.0033      6.463   277.5627 3.0379e+00     7.0672      4.056      5.881    15.1364 0.0000e+00
      4.148      0.046     6.9093     68.913     34.681  27.841697     4.0032      6.464   277.3994 3.0084e+00     7.0474      4.067      5.899    15.1362 0.0000e+00
      4.162      0.043     6.9230     68.843     34.695  27.853133     3.9694      6.465   277.2623 2.9768e+00     6.9766      4.081      5.919    15.1364 0.0000e+00
      4.173      0.040     6.9337     68.735     34.710  27.864560     3.9119      6.465   277.2817 2.9443e+00     6.9625      4.094      5.938    15.1364 0.0000e+00
      4.182      0.037     6.9351     68.605     34.696  27.853010     3.8818      6.465   277.2900 2.9207e+00     7.0477      4.103      5.951    15.1363 0.0000e+00
      4.189      0.035     6.9277     68.524     34.680  27.840335     3.8717      6.466   277.1909 2.8854e+00     7.1185      4.107      5.957    15.1359 0.0000e+00
      4.196      0.034     6.9228     68.495     34.677  27.838151     3.7813      6.468   277.1149 2.8326e+00     7.0667      4.113      5.966    15.1358 0.0000e+00
      4.204      0.034     6.9122     68.510     34.662  27.826610     3.6130      6.469   277.0602 2.7910e+00     7.0024      4.122      5.979    15.1357 0.0000e+00
      4.213      0.035     6.8940     68.571     34.663  27.827648     3.5180      6.468   277.0457 2.7743e+00     6.9894      4.132      5.993    15.1356 0.0000e+00
      4.223      0.036     6.8874     68.636     34.692  27.850700     3.5148      6.468   277.1972 2.7647e+00     7.0121      4.141      6.007    15.1355 0.0000e+00
      4.234      0.035     6.8856     68.704     34.693  27.851627     3.5084      6.468   277.3432 2.7353e+00     7.1066      4.152      6.022    15.1354 0.0000e+00
      4.244      0.033     6.8844     68.799     34.677  27.838847     3.4654      6.469   277.2627 2.7062e+00     7.2106      4.163      6.037    15.1359 0.0000e+00
      4.252      0.030     6.8945     68.861     34.657  27.823035     3.4198      6.469   277.1703 2.6921e+00     7.2438      4.170      6.048    15.1361 0.0000e+00
      4.259      0.027     6.9009     68.870     34.612  27.787296     3.4138      6.470   277.1727 2.6615e+00     7.2689      4.177      6.058    15.1363 0.0000e+00
      4.265      0.026     6.9040     68.861     34.612  27.787296     3.4850      6.472   277.1191 2.6195e+00     7.3776      4.183      6.067    15.1366 0.0000e+00
      4.269      0.027     6.9188     68.849     34.656  27.823035     3.5980      6.473   277.0381 2.5966e+00     7.5340      4.187      6.073    15.1368 0.0000e+00
      4.274      0.031     6.9254     68.849     34.676  27.838847     3.6480      6.475   277.0545 2.5884e+00     7.5880      4.191      6.079    15.1372 0.0000e+00
      4.281      0.036     6.9229     68.847     34.692  27.851628     3.6482      6.476   277.1449 2.5596e+00     7.5175      4.197      6.087    15.1374 0.0000e+00
      4.291      0.041     6.9236     68.813     34.691  27.850711     3.7249      6.474   277.1848 2.5153e+00     7.4332      4.206      6.100    15.1373 0.0000e+00
      4.305      0.044     6.9204     68.764     34.662  27.827763     3.8690      6.474   277.1067 2.4764e+00     7.3548      4.221      6.123    15.1374 0.0000e+00
      4.320      0.045     6.9212     68.731     34.662  27.827869     3.9342      6.475   276.9742 2.4379e+00     7.2866      4.238      6.146    15.1374 0.0000e+00
      4.334      0.046     6.9231     68.720     34.692  27.851990     3.9302      6.476   276.9600 2.4108e+00     7.2572      4.251      6.166    15.1376 0.0000e+00
      4.344      0.047     6.9182     68.705     34.710  27.865714     3.9199      6.476   277.0212 2.3956e+00     7.2396      4.261      6.180    15.1379 0.0000e+00
      4.351      0.049     6.9124     68.681     34.711  27.866953     3.8601      6.475   277.1122 2.3709e+00     7.2097      4.266      6.187    15.1381 0.0000e+00
      4.360      0.051     6.9080     68.672     34.711  27.866963     3.7650      6.475   277.2000 2.3205e+00     7.1355      4.274      6.198    15.1382 0.0000e+00
      4.375      0.051     6.9091     68.669     34.709  27.865839     3.7106      6.474   277.1370 2.2592e+00     7.0595      4.289      6.221    15.1383 0.0000e+00
      4.395      0.050     6.9078     68.674     34.694  27.853364     3.6934      6.473   277.0378 2.2162e+00     7.0765      4.310      6.252    15.1382 0.0000e+00
      4.412      0.047     6.9029     68.704     34.682  27.842976     3.6232      6.473   277.0333 2.1951e+00     7.1700      4.328      6.278    15.1384 0.0000e+00
      4.424      0.040     6.9038     68.741     34.712  27.867087     3.5026      6.473   276.9963 2.1849e+00     7.2671      4.339      6.294    15.1383 0.0000e+00
      4.431      0.030     6.9031     68.752     34.743  27.891189     3.4422      6.473   276.8483 2.1817e+00     7.2949      4.347      6.304    15.1382 0.0000e+00
      4.435      0.022     6.9022     68.733     34.730  27.880687     3.4421      6.473   276.7064 2.1832e+00     7.2669      4.350      6.309    15.1380 0.0000e+00
      4.437      0.017     6.9067     68.709     34.713  27.866962     3.5356      6.474   276.6572 2.1737e+00     7.3385      4.351      6.311    15.1376 0.0000e+00
      4.440      0.015     6.9115     68.689     34.695  27.852095     3.7229      6.475   276.6837 2.1598e+00     7.5117      4.353      6.314    15.1371 0.0000e+00
      4.443      0.017     6.9135     68.676     34.665  27.827776     3.8175      6.475   276.6823 2.1593e+00     7.5503      4.357      6.318    15.1362 0.0000e+00
      4.447      0.021     6.9095     68.655     34.664  27.826622     3.8218      6.475   276.4683 2.1518e+00     7.4641      4.360      6.324    15.1358 0.0000e+00
      4.452      0.023     6.9075     68.610     34.678  27.838143     3.8584      6.475   276.1622 2.1251e+00     7.3921      4.365      6.331    15.1355 0.0000e+00
      4.461      0.024     6.9057     68.590     34.680  27.840222     3.9103      6.475   275.9920 2.0969e+00     7.3290      4.373      6.343    15.1349 0.0000e+00
      4.470      0.025     6.9037     68.601     34.695  27.851754     3.9419      6.474   275.8734 2.0739e+00     7.3149      4.384      6.360    15.1346 0.0000e+00
      4.477      0.026     6.9055     68.625     34.694  27.850733     3.9486      6.474   275.8474 2.0585e+00     7.3238      4.392      6.371    15.1341 0.0000e+00
      4.480      0.028     6.8954     68.669     34.665  27.827868     3.9248      6.475   275.9350 2.0473e+00     7.3348      4.394      6.373    15.1340 0.0000e+00
      4.484      0.029     6.8944     68.686     34.666  27.829002     3.8039      6.475   275.9863 2.0275e+00     7.3795      4.395      6.376    15.1341 0.0000e+00
      4.492      0.029     6.8980     68.676     34.710  27.864447     3.6034      6.475   275.9511 2.0087e+00     7.4210      4.404      6.387    15.1339 0.0000e+00
      4.503      0.030     6.8966     68.697     34.724  27.875876     3.4976      6.475   275.7672 1.9897e+00     7.4259      4.417      6.406    15.1340 0.0000e+00
      4.514      0.032     6.9061     68.752     34.679  27.840336     3.4896      6.475   275.5694 1.9602e+00     7.3709      4.428      6.421    15.1344 0.0000e+00
      4.522      0.032     6.9070     68.808     34.648  27.815288     3.5241      6.475   275.5394 1.9370e+00     7.3359      4.434      6.431    15.1350 0.0000e+00
      4.528      0.031     6.9023     68.863     34.662  27.826736     3.6063      6.475   275.4903 1.9267e+00     7.3786      4.439      6.439    15.1357 0.0000e+00
      4.535      0.029     6.9048     68.917     34.693  27.851899     3.6597      6.474   275.4061 1.9207e+00     7.3750      4.447      6.450    15.1360 0.0000e+00
      4.542      0.027     6.9124     68.948     34.711  27.865821     3.6703      6.474   275.4669 1.8971e+00     7.3262      4.455      6.461    15.1361 0.0000e+00
      4.549      0.027     6.9175     68.951     34.715  27.868221     3.7091      6.475   275.5375 1.8493e+00     7.2328      4.462      6.472    15.1364 0.0000e+00
      4.556      0.028     6.9226     68.945     34.730  27.880916     3.7794      6.477   275.5712 1.8174e+00     7.0998      4.468      6.481    15.1367 0.0000e+00
      4.563      0.030     6.9291     68.922     34.745  27.892459     3.8134      6.477   275.7031 1.8053e+00     7.0840      4.475      6.490    15.1365 0.0000e+00
      4.569      0.032     6.9333     68.873     34.731  27.880938     3.8208      6.477   275.9269 1.7947e+00     7.1103      4.480      6.499    15.1361 0.0000e+00
      4.576      0.032     6.9315     68.829     34.715  27.868461     3.8183      6.477   276.1264 1.7814e+00     7.1108      4.486      6.506    15.1358 0.0000e+00
      4.587      0.032     6.9318     68.805     34.715  27.868461     3.7913      6.478   276.1368 1.7568e+00     7.1924      4.498      6.523    15.1356 0.0000e+00
      4.599      0.031     6.9310     68.815     34.730  27.880927     3.7684      6.478   276.0523 1.7353e+00     7.3109      4.512      6.544    15.1355 0.0000e+00
      4.607      0.027     6.9231     68.846     34.745  27.892346     3.7588      6.478   276.1374 1.7292e+00     7.3475      4.518      6.554    15.1352 0.0000e+00
      4.612      0.021     6.9196     68.879     34.729  27.879669     3.7247      6.479   276.3046 1.7297e+00     7.2591      4.523      6.560    15.1350 0.0000e+00
      4.617      0.014     6.9157     68.904     34.697  27.854508     3.6645      6.481   276.4396 1.7200e+00     7.1302      4.528      6.568    15.1351 0.0000e+00
      4.621      0.008     6.9174     68.899     34.682  27.841833     3.6461      6.482   276.4801 1.6967e+00     7.0873      4.533      6.575    15.1352 0.0000e+00
      4.621      0.004     6.9219     68.882     34.696  27.853261     3.6698      6.482   276.3638 1.6897e+00     7.1166      4.533      6.575    15.1354 0.0000e+00
      4.618      0.002     6.9243     68.877     34.712  27.865831     3.7351      6.483   276.4094 1.7022e+00     7.2118      4.527      6.566    15.1356 0.0000e+00
      4.616      0.002     6.9291     68.866     34.713  27.866963     3.8281      6.484   276.6877 1.7047e+00     7.3156      4.524      6.563    15.1356 0.0000e+00
      4.617      0.004     6.9273     68.848     34.713  27.866953     3.8697      6.483   276.8894 1.6976e+00     7.3466      4.529      6.569    15.1356 0.0000e+00
      4.619      0.008     6.9239     68.842     34.711  27.865705     3.8794      6.483   276.9545 1.6854e+00     7.3814      4.530      6.570    15.1354 0.0000e+00
      4.622      0.013     6.9253     68.833     34.694  27.851878     3.8871      6.483   276.9598 1.6638e+00     7.4290      4.530      6.571    15.1353 0.0000e+00
      4.627      0.018     6.9240     68.807     34.663  27.826622     3.7975      6.484   276.9527 1.6465e+00     7.4097      4.537      6.581    15.1353 0.0000e+00
      4.633      0.024     6.9205     68.785     34.647  27.814042     3.6192      6.485   276.8682 1.6391e+00     7.3535      4.543      6.590    15.1353 0.0000e+00
      4.638      0.029     6.9211     68.778     34.663  27.826621     3.5289      6.485   276.7131 1.6292e+00     7.3305      4.546      6.594    15.1355 0.0000e+00
      4.644      0.033     6.9212     68.781     34.694  27.851868     3.5381      6.485   276.7123 1.6139e+00     7.3361      4.552      6.602    15.1354 0.0000e+00
      4.655      0.036     6.9172     68.791     34.711  27.865593     3.5809      6.485   276.8579 1.5981e+00     7.4554      4.564      6.620    15.1353 0.0000e+00
      4.668      0.038     6.9145     68.800     34.711  27.865715     3.6309      6.485   276.9252 1.5870e+00     7.6459      4.578      6.640    15.1353 0.0000e+00
      4.679      0.040     6.9143     68.799     34.696  27.853343     3.6425      6.485   276.9239 1.5760e+00     7.7274      4.589      6.655    15.1355 0.0000e+00
      4.688      0.040     6.9144     68.788     34.682  27.842861     3.6458      6.484   276.9276 1.5591e+00     7.7561      4.598      6.669    15.1359 0.0000e+00
      4.696      0.038     6.9159     68.780     34.711  27.865831     3.6541      6.484   276.8831 1.5294e+00     7.6514      4.605      6.679    15.1361 0.0000e+00
      4.706      0.037     6.9172     68.787     34.725  27.877363     3.6512      6.483   276.9032 1.4953e+00     7.3504      4.613      6.691    15.1362 0.0000e+00
      4.718      0.037     6.9169     68.805     34.698  27.855443     3.6525      6.482   276.9991 1.4804e+00     7.1214      4.628      6.713    15.1361 0.0000e+00
      4.727      0.038     6.9156     68.824     34.697  27.854498     3.6533      6.479   277.0955 1.4694e+00     7.0357      4.637      6.725    15.1360 0.0000e+00
      4.732      0.039     6.9137     68.824     34.712  27.865945     3.6948      6.477   277.2086 1.4522e+00     7.0999      4.638      6.727    15.1362 0.0000e+00
      4.742      0.039     6.9152     68.796     34.713  27.866985     3.7788      6.476   277.2476 1.4358e+00     7.2493      4.647      6.740    15.1364 0.0000e+00
      4.756      0.038     6.9170     68.748     34.713  27.867079     3.8131      6.476   277.2241 1.4139e+00     7.2697      4.665      6.766    15.1364 0.0000e+00
      4.768      0.037     6.9198     68.689     34.713  27.867088     3.8015      6.476   277.2685 1.3925e+00     7.2442      4.677      6.784    15.1360 0.0000e+00
      4.777      0.036     6.9204     68.634     34.713  27.867089     3.7870      6.477   277.4394 1.3797e+00     7.2832      4.684      6.793    15.1357 0.0000e+00
      4.784      0.035     6.9169     68.623     34.713  27.867089     3.7797      6.478   277.5695 1.3723e+00     7.3305      4.693      6.806    15.1357 0.0000e+00
      4.791      0.034     6.9118     68.664     34.714  27.867090     3.7800      6.479   277.6365 1.3686e+00     7.3379      4.698      6.814    15.1356 0.0000e+00
      4.798      0.035     6.9059     68.718     34.714  27.867100     3.7652      6.480   277.8195 1.3584e+00     7.3046      4.705      6.823    15.1354 0.0000e+00
