Data/DataNotYetUploadedToEDI/Raw_CTD/RawDownloads/101722_fcr50_S8188001.cnv
* Sea-Bird SBE19plus  Data File:
* FileName = C:\R\Reservoirs\Data\DataNotYetUploadedToEDI\Raw_CTD\RawDownloads\101722_fcr50_S8188_0001.hex
* Software version 2.8.0.119
* Temperature SN = 8188
* Conductivity SN = 8188
* System UpLoad Time = Oct 26 2022 17:16:27
* <ApplicationData>
* <Seaterm232>
# nquan = 16
# nvalues = 1245                        
# units = specified
# name 0 = depFM: Depth [fresh water, m]
# name 1 = dz/dtM: Descent Rate [m/s]
# name 2 = sbeox0Mg/L: Oxygen, SBE 43 [mg/l]
# name 3 = sbeox0PS: Oxygen, SBE 43 [% saturation]
# name 4 = specc: Specific Conductance [uS/cm]
# name 5 = c0uS/cm: Conductivity [uS/cm]
# name 6 = wetCDOM: Fluorescence, WET Labs CDOM [mg/m^3]
# name 7 = flECO-AFL: Fluorescence, WET Labs ECO-AFL/FL [mg/m^3]
# name 8 = flECO-AFL1: Fluorescence, WET Labs ECO-AFL/FL, 2 [mg/m^3]
# name 9 = flECO-AFL2: Fluorescence, WET Labs ECO-AFL/FL, 3 [mg/m^3]
# name 10 = par/sat/log: PAR/Logarithmic, Satlantic
# name 11 = turbWETntu0: Turbidity, WET Labs ECO [NTU]
# name 12 = prdM: Pressure, Strain Gauge [db]
# name 13 = prdE: Pressure, Strain Gauge [psi]
# name 14 = tv290C: Temperature [ITS-90, deg C]
# name 15 = flag:  0.000e+00
# span 0 =     -0.751,      8.896       
# span 1 =     -0.391,      0.154       
# span 2 =     0.3568,     9.7587       
# span 3 =      3.388,     97.368       
# span 4 =      0.061,     64.258       
# span 5 =   0.050971,  48.849740       
# span 6 =    -4.5000,    30.2400       
# span 7 =    -0.2032,     6.2056       
# span 8 =    -2.1300,     1.4058       
# span 9 =    -2.0304,     4.3992       
# span 10 = 1.1595e-01, 2.2132e+02      
# span 11 =    -0.6338,   592.8762      
# span 12 =     -0.736,      8.723      
# span 13 =     -1.068,     12.653      
# span 14 =    13.0038,    17.0621      
# span 15 = 0.0000e+00, 0.0000e+00      
# interval = seconds: 0.25
# start_time = Oct 17 2022 07:40:31 [Instrument's time stamp, header]
# bad_flag = -9.990e-29
*END*
     -0.750 2.9363e-07     8.8960     89.667      0.148   0.124345    -4.5000     0.1630    -2.1300    -2.0304 1.3739e+02   592.8161     -0.736     -1.067    17.0621 0.0000e+00
     -0.750 3.7753e-07     8.9159     89.878      0.151   0.126850    -4.5000     0.1592    -2.1300    -2.0304 1.3444e+02   592.7109     -0.736     -1.067    17.0616 0.0000e+00
     -0.750 4.8539e-07     8.9361     90.089      0.151   0.126627    -4.5000     0.1439    -2.1300    -2.0304 1.3712e+02   592.8762     -0.736     -1.067    17.0611 0.0000e+00
     -0.751 6.2408e-07     8.9548     90.284      0.152   0.127571     1.3500    -0.0430     1.4058     0.1692 1.1464e+02   124.6574     -0.736     -1.067    17.0605 0.0000e+00
     -0.751 8.0238e-07     8.9715     90.459      0.150   0.125980     1.3500    -0.0583     1.4058     0.1692 1.0175e+02   124.6274     -0.736     -1.067    17.0599 0.0000e+00
     -0.751      0.000     8.9860     90.613      0.145   0.121431     1.3500    -0.0583     1.4058     0.1692 9.9650e+01   124.6574     -0.736     -1.067    17.0591 0.0000e+00
     -0.751      0.000     8.9985     90.747      0.144   0.120617     1.3500    -0.0430     1.4058     0.1692 9.1713e+01   124.5823     -0.736     -1.067    17.0582 0.0000e+00
     -0.751      0.000     9.0090     90.859      0.147   0.123321     1.3500    -0.0926     1.4058     0.1692 9.4854e+01     0.3882     -0.736     -1.068    17.0573 0.0000e+00
     -0.751      0.000     9.0176     90.951      0.141   0.118404     0.1800    -0.1460     0.0426     0.0846 1.0659e+02     0.4333     -0.736     -1.068    17.0564 0.0000e+00
     -0.750      0.000     9.0247     91.027      0.124   0.104552     0.1800    -0.1079     0.0426     0.0846 1.1289e+02     0.4634     -0.736     -1.067    17.0553 0.0000e+00
     -0.750      0.000     9.0303     91.086      0.112   0.093890     0.1800    -0.1308     0.0426     0.0846 1.2319e+02     0.2680     -0.736     -1.067    17.0541 0.0000e+00
     -0.750      0.000     9.0338     91.125      0.104   0.087527     0.1800    -0.1308     0.0426     0.0846 1.3558e+02     0.1327     -0.736     -1.067    17.0528 0.0000e+00
     -0.750      0.000     9.0353     91.143      0.095   0.079814     0.1800    -0.0926     0.0000     0.1269 1.3611e+02     0.1327     -0.736     -1.067    17.0515 0.0000e+00
     -0.750      0.000     9.0355     91.148      0.087   0.072647     0.1800    -0.1269     0.0000     0.1269 1.2872e+02     0.1628     -0.736     -1.067    17.0503 0.0000e+00
     -0.750      0.000     9.0352     91.147      0.081   0.068069     0.1800    -0.1002     0.0000     0.1269 1.3514e+02     0.0426     -0.736     -1.067    17.0491 0.0000e+00
     -0.750      0.000     9.0350     91.147      0.077   0.064860     0.1800    -0.1269     0.0000     0.1269 1.4620e+02    -0.3933     -0.736     -1.067    17.0481 0.0000e+00
     -0.750      0.000     9.0350     91.150      0.074   0.062164     0.0000    -0.1002    -0.1704     0.0846 1.5306e+02    -0.3332     -0.736     -1.067    17.0472 0.0000e+00
     -0.750      0.000     9.0353     91.157      0.071   0.059262     0.0000    -0.1231    -0.1704     0.0846 1.4990e+02    -0.4384     -0.736     -1.067    17.0467 0.0000e+00
     -0.750      0.000     9.0359     91.166      0.066   0.055380     0.0000    -0.1269    -0.1704     0.0846 1.4668e+02    -0.3783     -0.736     -1.067    17.0463 0.0000e+00
     -0.750      0.000     9.0367     91.177      0.064   0.053437     0.0000    -0.0850    -0.1704     0.0846 1.4244e+02    -0.3482     -0.736     -1.067    17.0459 0.0000e+00
     -0.750      0.000     9.0372     91.185      0.068   0.056868     0.0000    -0.1041     0.0000     0.1269 1.3865e+02    -0.3783     -0.736     -1.067    17.0455 0.0000e+00
     -0.750      0.000     9.0372     91.187      0.075   0.062635     0.0000    -0.1155     0.0000     0.1269 1.4544e+02    -0.3783     -0.736     -1.067    17.0451 0.0000e+00
     -0.750      0.000     9.0371     91.189      0.081   0.068322     0.0000    -0.1269     0.0000     0.1269 1.5180e+02    -0.3332     -0.736     -1.067    17.0446 0.0000e+00
     -0.750      0.000     9.0369     91.191      0.085   0.071491     0.0000    -0.1193     0.0000     0.1269 1.5134e+02    -0.3332     -0.736     -1.067    17.0442 0.0000e+00
     -0.750      0.000     9.0367     91.191      0.082   0.069032     0.0000    -0.1002     0.0000     0.1269 1.5279e+02    -0.3482     -0.736     -1.067    17.0438 0.0000e+00
     -0.750      0.000     9.0366     91.193      0.076   0.064245     0.0000    -0.1079    -0.0426     0.1269 1.6154e+02    -0.4985     -0.736     -1.066    17.0434 0.0000e+00
     -0.750      0.000     9.0369     91.198      0.071   0.059806     0.0000    -0.0964    -0.0426     0.1269 1.6052e+02    -0.3031     -0.735     -1.066    17.0430 0.0000e+00
     -0.749      0.000     9.0377     91.209      0.065   0.054532     0.0000    -0.1117    -0.0426     0.1269 1.6077e+02    -0.4234     -0.735     -1.066    17.0424 0.0000e+00
     -0.749      0.000     9.0391     91.224      0.061   0.050971     0.0000    -0.1155    -0.0426     0.1269 1.5574e+02    -0.3933     -0.735     -1.066    17.0418 0.0000e+00
     -0.749      0.000     9.0406     91.242      0.062   0.052127     0.0000    -0.1041     0.0000     0.1692 1.5666e+02    -0.3332     -0.735     -1.065    17.0410 0.0000e+00
     -0.749      0.001     9.0421     91.258      0.065   0.054354     0.0000    -0.1155     0.0000     0.1692 1.5339e+02    -0.3783     -0.734     -1.065    17.0400 0.0000e+00
     -0.748      0.001     9.0435     91.273      0.065   0.054292     0.0000    -0.1117     0.0000     0.1692 1.7089e+02    -0.3783     -0.734     -1.064    17.0390 0.0000e+00
     -0.748      0.001     9.0447     91.286      0.067   0.055879     0.0000    -0.1155     0.0000     0.1692 1.7782e+02    -0.3482     -0.733     -1.064    17.0381 0.0000e+00
     -0.747      0.001     9.0456     91.295      0.076   0.063492     0.0000    -0.1346     0.0000    -0.2115 9.7848e+01    -0.3933     -0.733     -1.063    17.0372 0.0000e+00
     -0.746      0.002     9.0462     91.298      0.090   0.075208     0.0000    -0.1117     0.0000    -0.2115 6.6606e+01    -0.3933     -0.732     -1.061    17.0364 0.0000e+00
     -0.745      0.002     9.0468     91.298      0.108   0.090195     0.0000    -0.0926     0.0000    -0.2115 5.4739e+01    -0.2881     -0.730     -1.060    17.0354 0.0000e+00
     -0.744      0.002     9.0473     91.291      0.135   0.112451     0.0000    -0.1079     0.0000    -0.2115 5.1006e+01    -0.3182     -0.729     -1.058    17.0340 0.0000e+00
     -0.742      0.003     9.0481     91.277      0.179   0.147911     0.0000    -0.1079    -0.0426     0.3807 4.7487e+01    -0.4084     -0.727     -1.055    17.0321 0.0000e+00
     -0.740      0.004     9.0498     91.257      0.250   0.206031     0.0000    -0.1155    -0.0426     0.3807 5.1575e+01    -0.3482     -0.725     -1.052    17.0292 0.0000e+00
     -0.737      0.005     9.0532     91.229      0.367   0.302310     0.0000    -0.1193    -0.0426     0.3807 6.5529e+01    -0.3783     -0.722     -1.047    17.0246 0.0000e+00
     -0.733      0.007     9.0578     91.189      0.562   0.462421     0.0000    -0.1193    -0.0426     0.3807 7.5356e+01    -0.3482     -0.719     -1.042    17.0175 0.0000e+00
     -0.728      0.009     9.0625     91.148      0.893   0.733014     0.0000    -0.1002    -0.0426     0.3807 7.8413e+01    -0.3182     -0.714     -1.035    17.0061 0.0000e+00
     -0.722      0.011     9.0661     91.112      1.446   1.186249     0.0000    -0.1117    -0.0852     0.0000 9.1872e+01    -0.3182     -0.708     -1.027    16.9877 0.0000e+00
     -0.714      0.014     9.0680     91.087      2.360   1.935080     0.0000    -0.0926    -0.0852     0.0000 1.1385e+02    -0.4084     -0.700     -1.015    16.9577 0.0000e+00
     -0.704      0.019     9.0687     91.077      3.879   3.179194     0.0000    -0.1269    -0.0852     0.0000 1.4228e+02    -0.4084     -0.690     -1.001    16.9082 0.0000e+00
     -0.691      0.024     9.0698     91.087      6.407   5.250357     0.0000    -0.1079    -0.0852     0.0000 1.5830e+02    -0.3482     -0.677     -0.982    16.8263 0.0000e+00
     -0.674      0.031     9.0725     91.114     10.622   8.702854     0.0000    -0.1041     0.0000     0.0846 1.6598e+02    -0.3482     -0.661     -0.958    16.6900 0.0000e+00
     -0.652      0.040     9.0774     91.160     16.877  13.814647     0.0000     0.7848     0.0000     0.0846 1.6867e+02    26.7060     -0.639     -0.927    16.4847 0.0000e+00
     -0.625      0.051     9.0841     91.221     23.996  19.598899     0.0000     0.8000     0.0000     0.0846 1.6765e+02    26.6760     -0.612     -0.888    16.2348 0.0000e+00
     -0.591      0.065     9.0910     91.286     29.989  24.424271     0.0000     0.7962     0.0000     0.0846 1.7257e+02    26.7511     -0.579     -0.840    15.9911 0.0000e+00
     -0.552      0.081     9.0977     91.347     34.040  27.645727     4.0500     0.8039     0.0852     0.9306 1.7575e+02    26.7060     -0.541     -0.785    15.7855 0.0000e+00
     -0.511      0.099     9.1043     91.406     36.566  29.625358     4.0500     2.7875     0.0852     0.9306 1.8669e+02     1.8462     -0.501     -0.727    15.6240 0.0000e+00
     -0.470      0.116     9.1103     91.459     38.136  30.837594     4.0500     2.7608     0.0852     0.9306 1.8540e+02     1.8462     -0.461     -0.669    15.5030 0.0000e+00
     -0.430      0.131     9.1157     91.507     39.100  31.572032     4.0500     2.7570     0.0852     0.9306 1.9477e+02     1.8161     -0.422     -0.612    15.4174 0.0000e+00
     -0.391      0.143     9.1206     91.551     39.665  31.998775     3.9600     2.7303     0.0852     1.0998 2.0052e+02     1.9514     -0.384     -0.556    15.3612 0.0000e+00
     -0.353      0.150     9.1249     91.589     39.993  32.245484     3.9600     3.0088     0.0852     1.0998 2.0857e+02     1.8762     -0.346     -0.502    15.3284 0.0000e+00
     -0.316      0.154     9.1287     91.620     40.202  32.407649     3.9600     3.0126     0.0852     1.0998 2.1562e+02     1.7560     -0.310     -0.450    15.3131 0.0000e+00
     -0.281      0.153     9.1333     91.657     40.340  32.520596     3.9600     3.0164     0.0852     1.0998 2.1845e+02     1.8161     -0.275     -0.399    15.3109 0.0000e+00
     -0.247      0.150     9.1408     91.721     40.419  32.590680     3.9600     3.0202     0.0852     1.0998 2.2036e+02     1.8011     -0.242     -0.352    15.3168 0.0000e+00
     -0.215      0.146     9.1522     91.822     40.459  32.632630     4.0500     3.2072     0.0000     1.1421 1.1213e+02     2.0716     -0.211     -0.306    15.3271 0.0000e+00
     -0.186      0.140     9.1675     91.962     40.480  32.661594     4.0500     3.1766     0.0000     1.1421 1.2346e+02     2.0716     -0.182     -0.265    15.3404 0.0000e+00
     -0.160      0.134     9.1865     92.136     40.489  32.681336     4.0500     3.1805     0.0000     1.1421 1.3041e+02     2.1017     -0.157     -0.228    15.3554 0.0000e+00
     -0.138      0.125     9.2086     92.339     40.494  32.697120     4.0500     3.1919     0.0000     1.1421 1.2858e+02     2.0265     -0.136     -0.196    15.3701 0.0000e+00
     -0.120      0.116     9.2333     92.561     40.501  32.713157     4.0500     3.3369     0.0426     1.3113 1.1927e+02     1.7710     -0.118     -0.171    15.3823 0.0000e+00
     -0.106      0.105     9.2591     92.793     40.507  32.725803     4.0500     3.3292     0.0426     1.3113 1.1595e+02     1.7410     -0.104     -0.150    15.3914 0.0000e+00
     -0.094      0.092     9.2841     93.017     40.511  32.734468     4.0500     3.3216     0.0426     1.3113 1.1375e+02     1.7259     -0.092     -0.134    15.3978 0.0000e+00
     -0.085      0.079     9.3070     93.218     40.516  32.741465     4.0500     3.3102     0.0426     1.3113 1.1395e+02     1.9063     -0.083     -0.121    15.4022 0.0000e+00
     -0.077      0.067     9.3276     93.392     40.521  32.748659     4.0500     3.2835     0.0426     1.2267 1.1487e+02     1.7860     -0.076     -0.110    15.4054 0.0000e+00
     -0.072      0.055     9.3457     93.541     40.530  32.757968     4.0500     3.2491     0.0426     1.2267 1.1017e+02     1.8462     -0.070     -0.102    15.4084 0.0000e+00
     -0.067      0.044     9.3609     93.663     40.541  32.769895     4.0500     3.2529     0.0426     1.2267 1.0917e+02     1.8762     -0.066     -0.096    15.4117 0.0000e+00
     -0.064      0.035     9.3726     93.755     40.554  32.783660     4.0500     3.2682     0.0426     1.2267 1.0799e+02     1.7259     -0.062     -0.091    15.4157 0.0000e+00
     -0.061      0.028     9.3810     93.818     40.566  32.796992     4.0500     3.3330     0.0426     1.2267 1.0458e+02     1.8612     -0.060     -0.087    15.4201 0.0000e+00
     -0.059      0.022     9.3867     93.859     40.572  32.805525     4.0500     3.2949     0.0852     1.2690 1.0560e+02     1.8311     -0.058     -0.084    15.4250 0.0000e+00
     -0.057      0.018     9.3898     93.879     40.574  32.811536     4.0500     3.3216     0.0852     1.2690 1.0501e+02     1.7860     -0.056     -0.081    15.4300 0.0000e+00
     -0.055      0.014     9.3909     93.883     40.581  32.820587     4.0500     3.2796     0.0852     1.2690 1.0611e+02     1.9063     -0.054     -0.079    15.4349 0.0000e+00
     -0.054      0.011     9.3907     93.876     40.589  32.831133     4.0500     3.2567     0.0852     1.2690 1.0485e+02     1.8762     -0.053     -0.077    15.4398 0.0000e+00
     -0.053      0.009     9.3889     93.854     40.597  32.842025     4.0500     3.2529     0.0426     1.1844 1.0467e+02     1.7410     -0.052     -0.075    15.4446 0.0000e+00
     -0.052      0.007     9.3853     93.815     40.605  32.852207     4.0500     3.2453     0.0426     1.1844 1.0480e+02     1.7860     -0.051     -0.074    15.4493 0.0000e+00
     -0.051      0.006     9.3810     93.768     40.611  32.860433     4.0500     3.2567     0.0426     1.1844 1.0295e+02     1.9063     -0.050     -0.072    15.4539 0.0000e+00
     -0.050      0.005     9.3768     93.719     40.617  32.868898     4.0500     3.2644     0.0426     1.1844 1.0135e+02     1.8161     -0.049     -0.070    15.4584 0.0000e+00
     -0.048      0.005     9.3731     93.674     40.621  32.875899     4.0500     3.2529     0.0426     1.1844 1.0160e+02     1.7860     -0.047     -0.068    15.4629 0.0000e+00
     -0.046      0.005     9.3713     93.648     40.620  32.879342     4.0500     3.2567     0.0426     1.1844 1.0080e+02     1.8161     -0.045     -0.066    15.4676 0.0000e+00
     -0.044      0.005     9.3720     93.653     40.616  32.880145     4.0500     3.2529     0.0426     1.1844 9.9911e+01     1.8762     -0.043     -0.063    15.4725 0.0000e+00
     -0.042      0.006     9.3754     93.692     40.609  32.878523     4.0500     3.2644     0.0426     1.1844 9.7614e+01     1.7560     -0.041     -0.059    15.4779 0.0000e+00
     -0.038      0.007     9.3825     93.771     40.598  32.874043     4.0500     3.2262     0.0426     1.1844 9.8274e+01     1.7860     -0.037     -0.054    15.4841 0.0000e+00
     -0.034      0.008     9.3936     93.887     40.579  32.865510     4.0500     3.2377     0.0426     1.1844 9.5849e+01     1.8762     -0.034     -0.049    15.4921 0.0000e+00
     -0.029      0.010     9.4078     94.028     40.554  32.854610     4.0500     3.2644     0.0426     1.1844 9.3219e+01     1.8612     -0.029     -0.042    15.5041 0.0000e+00
     -0.024      0.012     9.4244     94.187     40.525  32.846357     4.0500     3.3712     0.0426     1.1844 9.3748e+01     1.7860     -0.024     -0.034    15.5223 0.0000e+00
     -0.019      0.014     9.4425     94.357     40.491  32.838551     4.0500     3.3636     0.0426     1.1844 9.3382e+01     1.8762     -0.019     -0.027    15.5468 0.0000e+00
     -0.013      0.016     9.4605     94.523     40.452  32.829112     4.0500     3.3941     0.0426     1.2267 9.1355e+01     1.8161     -0.013     -0.019    15.5739 0.0000e+00
