Data/DataNotYetUploadedToEDI/Raw_CTD/RawDownloads/101723_fcr50_S7809002.cnv
* Sea-Bird SBE19plus  Data File:
* FileName = C:\R\Reservoirs\Data\DataNotYetUploadedToEDI\Raw_CTD\RawDownloads\101723_bvr50_S7809_0002.hex
* Software version 2.8.0.119
* Temperature SN = 7809
* Conductivity SN = 7809
* System UpLoad Time = Oct 18 2023 15:21:22
* <ApplicationData>
* <Seaterm232>
# nquan = 15
# nvalues = 1016                        
# units = specified
# name 0 = depFM: Depth [fresh water, m]
# name 1 = dz/dtM: Descent Rate [m/s]
# name 2 = sbeox0Mg/L: Oxygen, SBE 43 [mg/l]
# name 3 = sbeox0PS: Oxygen, SBE 43 [% saturation]
# name 4 = specc: Specific Conductance [uS/cm]
# name 5 = c0uS/cm: Conductivity [uS/cm]
# name 6 = flECO-AFL: Fluorescence, WET Labs ECO-AFL/FL [mg/m^3]
# name 7 = ph: pH
# name 8 = orp: Oxidation Reduction Potential [mV]
# name 9 = par/sat/log: PAR/Logarithmic, Satlantic
# name 10 = turbWETntu0: Turbidity, WET Labs ECO [NTU]
# name 11 = prdM: Pressure, Strain Gauge [db]
# name 12 = prdE: Pressure, Strain Gauge [psi]
# name 13 = tv290C: Temperature [ITS-90, deg C]
# name 14 = flag:  0.000e+00
# span 0 =     -0.664,      9.478       
# span 1 =     -0.387,      0.148       
# span 2 =     0.7001,     9.0320       
# span 3 =      6.646,     90.246       
# span 4 =      0.290,    459.748       
# span 5 =   0.231954, 343.956698       
# span 6 =    -0.1380,     8.1249       
# span 7 =     -2.391,      6.423       
# span 8 = -1240.7455,   479.7409       
# span 9 = 1.2367e-01, 3.2635e+02       
# span 10 =     0.9476,    80.9321      
# span 11 =     -0.651,      9.296      
# span 12 =     -0.944,     13.482      
# span 13 =    12.3991,    15.5220      
# span 14 = 0.0000e+00, 0.0000e+00      
# interval = seconds: 0.25
# start_time = Oct 17 2023 13:34:15 [Instrument's time stamp, header]
# bad_flag = -9.990e-29
*END*
[from data line 868]
      8.932      0.021     1.0165      9.423    458.515 343.092930     1.8114      6.118   275.4344 1.2371e-01    55.2978      8.761     12.706    12.4133 0.0000e+00
      8.935      0.016     1.0127      9.390    457.782 342.535703     1.7520      6.118   274.9226 1.2378e-01    61.9068      8.763     12.710    12.4127 0.0000e+00
      8.936      0.009     1.0115      9.372    457.163 342.063597     1.6195      6.119   274.6353 1.2387e-01    73.8565      8.762     12.708    12.4120 0.0000e+00
      8.938      0.003     1.0088      9.360    456.774 341.764576     1.5488      6.119   274.4555 1.2391e-01    80.3940      8.765     12.713    12.4114 0.0000e+00
      8.941     -0.002     1.0051      9.329    456.857 341.818642     1.5552      6.119   274.2106 1.2382e-01    80.9321      8.769     12.718    12.4106 0.0000e+00
      8.939     -0.004     1.0001      9.284    457.466 342.266427     1.5722      6.119   274.0845 1.2372e-01    79.4741      8.768     12.716    12.4095 0.0000e+00
      8.934     -0.002     0.9989      9.241    458.273 342.863289     1.5874      6.121   274.0495 1.2372e-01    76.6342      8.762     12.709    12.4086 0.0000e+00
      8.929     -0.002     0.9996      9.191    458.953 343.367140     1.5886      6.121   273.8735 1.2374e-01    75.0502      8.755     12.698    12.4078 0.0000e+00
      8.928     -0.009     0.9954      9.125    459.431 343.720801     1.5867      6.122   273.5914 1.2376e-01    74.7037      8.751     12.693    12.4068 0.0000e+00
      8.934     -0.034     0.9897      9.048    459.698 343.918728     1.5822      6.123   273.4776 1.2385e-01    72.1713      8.760     12.705    12.4060 0.0000e+00
      8.940     -0.080     0.9858      8.988    459.748 343.956698     1.5578      6.125   273.6160 1.2390e-01    67.4543      8.771     12.720    12.4051 0.0000e+00
      8.935     -0.143     0.9807      8.946    459.701 343.922259     1.5332      6.128   273.8874 1.2385e-01    64.8111      8.770     12.720    12.4047 0.0000e+00
      8.902     -0.213     0.9744      8.907    459.659 343.888856     1.5187      6.131   274.0914 1.2380e-01    64.0218      8.749     12.689    12.4042 0.0000e+00
      8.826     -0.278     0.9636      8.883    459.559 343.810506     1.4576      6.133   274.0186 1.2377e-01    58.2867      8.671     12.575    12.4040 0.0000e+00
      8.716     -0.328     0.9576      8.872    459.394 343.683515     1.3437      6.135   273.7814 1.2377e-01    47.8691      8.545     12.393    12.4040 0.0000e+00
      8.602     -0.355     0.9548      8.866    459.258 343.577299     1.2903      6.136   273.7184 1.2377e-01    42.2153      8.431     12.227    12.4042 0.0000e+00
      8.500     -0.362     0.9484      8.836    459.150 343.492484     1.3108      6.137   273.7733 1.2378e-01    41.5074      8.333     12.086    12.4040 0.0000e+00
      8.411     -0.355     0.9475      8.791    458.985 343.366581     1.2915      6.139   273.8424 1.2378e-01    38.6951      8.241     11.952    12.4035 0.0000e+00
      8.337     -0.343     0.9451      8.763    458.785 343.214484     1.2239      6.142   274.0379 1.2373e-01    33.5241      8.173     11.854    12.4032 0.0000e+00
      8.265     -0.334     0.9470      8.738    458.595 343.070585     1.1849      6.143   274.4170 1.2373e-01    30.6010      8.114     11.768    12.4027 0.0000e+00
      8.178     -0.332     0.9436      8.721    458.390 342.914978     1.1773      6.145   274.8122 1.2376e-01    30.1322      8.024     11.637    12.4023 0.0000e+00
      8.083     -0.334     0.9352      8.705    458.172 342.750128     1.1393      6.147   274.9440 1.2377e-01    28.0616      7.922     11.489    12.4020 0.0000e+00
      7.993     -0.339     0.9358      8.681    458.004 342.623282     1.0671      6.147   274.9784 1.2381e-01    24.1820      7.838     11.368    12.4017 0.0000e+00
      7.908     -0.345     0.9309      8.664    457.894 342.540715     1.0286      6.148   275.1420 1.2381e-01    22.0291      7.756     11.248    12.4015 0.0000e+00
      7.825     -0.350     0.9299      8.632    457.784 342.460356     1.0236      6.149   275.3735 1.2376e-01    21.7754      7.672     11.127    12.4014 0.0000e+00
      7.742     -0.359     0.9297      8.582    457.647 342.360212     0.9979      6.150   275.5403 1.2373e-01    21.1147      7.596     11.017    12.4012 0.0000e+00
      7.652     -0.371     0.9242      8.544    457.385 342.167240     0.9593      6.152   275.6953 1.2371e-01    19.9167      7.508     10.889    12.4009 0.0000e+00
      7.551     -0.381     0.9252      8.509    456.978 341.866233     0.9395      6.152   275.9578 1.2373e-01    19.2457      7.406     10.741    12.4010 0.0000e+00
      7.446     -0.387     0.9218      8.463    456.557 341.554762     0.9331      6.152   276.2191 1.2378e-01    19.1503      7.304     10.593    12.4012 0.0000e+00
      7.340     -0.387     0.9141      8.447    456.125 341.235245     0.9328      6.152   276.4451 1.2380e-01    18.8995      7.196     10.438    12.4013 0.0000e+00
      7.238     -0.380     0.9107      8.451    455.587 340.836894     0.9358      6.152   276.4535 1.2383e-01    18.4678      7.095     10.291    12.4018 0.0000e+00
      7.143     -0.367     0.9096      8.428    455.008 340.409462     0.9446      6.152   276.3208 1.2386e-01    18.2692      7.005     10.160    12.4021 0.0000e+00
      7.053     -0.351     0.9004      8.389    454.533 340.060298     0.9638      6.152   276.5615 1.2383e-01    18.3090      6.914     10.028    12.4025 0.0000e+00
      6.967     -0.336     0.8993      8.349    454.137 339.770968     0.9849      6.150   277.0410 1.2379e-01    18.3339      6.831      9.908    12.4028 0.0000e+00
      6.884     -0.328     0.9041      8.302    453.747 339.487299     0.9995      6.147   277.3857 1.2375e-01    18.2964      6.751      9.791    12.4034 0.0000e+00
      6.804     -0.328     0.8983      8.245    453.356 339.206566     0.9991      6.146   277.6317 1.2372e-01    18.2323      6.670      9.675    12.4040 0.0000e+00
      6.728     -0.335     0.8952      8.194    452.987 338.952705     0.9975      6.147   277.7786 1.2374e-01    18.2078      6.599      9.571    12.4046 0.0000e+00
      6.649     -0.345     0.8900      8.149    452.646 338.736316     0.9796      6.147   277.6993 1.2380e-01    18.2389      6.526      9.466    12.4055 0.0000e+00
      6.558     -0.359     0.8867      8.109    452.297 338.522268     0.9414      6.148   277.4478 1.2415e-01    18.2670      6.437      9.336    12.4063 0.0000e+00
      6.457     -0.372     0.8785      8.102    451.941 338.296688     0.9175      6.150   277.3180 1.2809e-01    18.2752      6.330      9.180    12.4073 0.0000e+00
      6.357     -0.382     0.8731      8.095    451.599 338.069634     0.8993      6.151   277.4205 1.5394e-01    18.2694      6.233      9.040    12.4093 0.0000e+00
      6.257     -0.385     0.8700      8.065    451.262 337.837729     0.8958      6.151   277.8279 1.9935e-01    18.1968      6.140      8.904    12.4140 0.0000e+00
      6.154     -0.382     0.8614      8.043    450.950 337.617856     0.9169      6.152   278.3716 2.4201e-01    18.0797      6.033      8.750    12.4200 0.0000e+00
      6.055     -0.377     0.8643      8.047    450.655 337.407458     0.9301      6.152   278.4871 2.8629e-01    17.9807      5.936      8.610    12.4246 0.0000e+00
      5.963     -0.375     0.8645      8.036    450.315 337.161311     0.9302      6.152   278.2779 3.4469e-01    17.9569      5.848      8.481    12.4277 0.0000e+00
      5.874     -0.373     0.8590      7.985    449.949 336.895534     0.9348      6.152   278.3375 4.1680e-01    17.9970      5.760      8.355    12.4299 0.0000e+00
      5.783     -0.368     0.8553      7.930    449.599 336.640940     0.9442      6.154   278.6920 4.9587e-01    17.9869      5.675      8.232    12.4313 0.0000e+00
      5.683     -0.362     0.8585      7.895    449.268 336.401193     0.9518      6.155   278.6930 5.8307e-01    17.9370      5.575      8.085    12.4323 0.0000e+00
      5.583     -0.357     0.8590      7.871    448.969 336.186115     0.9521      6.154   278.2627 6.8131e-01    17.9070      5.471      7.935    12.4333 0.0000e+00
      5.493     -0.354     0.8508      7.840    448.670 335.972206     0.9320      6.154   278.2217 7.9083e-01    17.8633      5.384      7.808    12.4341 0.0000e+00
      5.410     -0.353     0.8440      7.806    448.355 335.746583     0.9000      6.155   278.6277 9.0554e-01    17.7828      5.304      7.692    12.4349 0.0000e+00
      5.329     -0.350     0.8405      7.766    448.035 335.518631     0.8815      6.155   278.7828 1.0396e+00    17.6862      5.227      7.582    12.4358 0.0000e+00
      5.242     -0.349     0.8398      7.726    447.697 335.276529     0.8829      6.154   278.7198 1.2199e+00    17.5828      5.145      7.463    12.4369 0.0000e+00
      5.146     -0.352     0.8352      7.699    447.325 335.008577     0.9338      6.153   278.6409 1.4181e+00    17.3871      5.047      7.320    12.4379 0.0000e+00
      5.050     -0.357     0.8321      7.662    446.932 334.725597     1.0220      6.152   278.4313 1.5934e+00    17.1307      4.947      7.175    12.4390 0.0000e+00
      4.960     -0.365     0.8283      7.623    446.523 334.430536     1.0673      6.152   278.2503 1.7734e+00    17.0105      4.864      7.055    12.4403 0.0000e+00
      4.875     -0.371     0.8217      7.608    446.128 334.145250     1.0737      6.153   278.2593 1.9907e+00    16.9240      4.784      6.939    12.4415 0.0000e+00
      4.783     -0.373     0.8215      7.590    445.807 333.916030     1.1985      6.153   278.4548 2.2456e+00    16.5300      4.694      6.808    12.4427 0.0000e+00
      4.683     -0.374     0.8170      7.567    445.531 333.719375     1.4454      6.152   278.7203 2.5319e+00    15.9687      4.595      6.664    12.4441 0.0000e+00
      4.578     -0.374     0.8097      7.547    445.231 333.505899     1.5868      6.151   279.0612 2.8184e+00    15.7396      4.488      6.509    12.4453 0.0000e+00
      4.478     -0.371     0.8117      7.517    444.894 333.266419     1.6341      6.150   279.0483 3.0855e+00    15.7080      4.387      6.363    12.4464 0.0000e+00
      4.387     -0.366     0.8090      7.469    444.538 333.012855     1.9761      6.150   278.2209 3.3513e+00    14.9712      4.301      6.239    12.4478 0.0000e+00
      4.298     -0.361     0.8054      7.411    444.181 332.757835     2.5920      6.150   277.4028 3.6278e+00    13.5945      4.215      6.114    12.4490 0.0000e+00
      4.213     -0.358     0.8048      7.366    443.822 332.500720     2.9221      6.151   277.0718 3.9207e+00    12.7944      4.131      5.991    12.4501 0.0000e+00
      4.126     -0.357     0.8013      7.336    443.432 332.221796     2.9707      6.153   276.7134 4.2769e+00    12.5735      4.052      5.877    12.4516 0.0000e+00
      4.030     -0.357     0.7965      7.304    442.895 331.831808     3.2971      6.153   275.3064 4.7012e+00    11.4701      3.953      5.733    12.4531 0.0000e+00
      3.932     -0.355     0.7886      7.274    441.861 331.068693     3.9053      6.147   272.6219 5.1308e+00     9.4622      3.852      5.587    12.4545 0.0000e+00
      3.840     -0.352     0.7840      7.250    439.404 329.239470     4.2395      6.138   270.8422 5.5455e+00     8.3477      3.766      5.463    12.4558 0.0000e+00
      3.750     -0.349     0.7818      7.237    434.808 325.807175     4.2834      6.135   270.7377 5.9380e+00     8.2086      3.674      5.330    12.4573 0.0000e+00
      3.667     -0.345     0.7781      7.242    428.518 321.106273     4.4115      6.137   270.5843 6.3488e+00     7.7803      3.594      5.213    12.4587 0.0000e+00
      3.586     -0.343     0.7742      7.243    420.354 315.001177     4.6391      6.139   269.9341 6.8776e+00     7.0289      3.522      5.108    12.4600 0.0000e+00
      3.498     -0.344     0.7724      7.222    409.825 307.122919     4.7720      6.142   269.4143 7.4901e+00     6.6390      3.432      4.979    12.4612 0.0000e+00
      3.407     -0.349     0.7694      7.204    398.160 298.392904     4.7945      6.146   268.7735 8.1073e+00     6.5837      3.339      4.843    12.4626 0.0000e+00
      3.317     -0.356     0.7713      7.185    387.120 290.127082     4.9366      6.152   267.8655 8.7693e+00     6.2240      3.254      4.719    12.4642 0.0000e+00
      3.227     -0.362     0.7735      7.151    376.160 281.918368     5.2165      6.160   267.6424 9.4799e+00     5.5358      3.165      4.591    12.4656 0.0000e+00
      3.136     -0.363     0.7682      7.122    363.838 272.688726     5.3740      6.165   267.3663 1.0251e+01     5.1285      3.076      4.461    12.4671 0.0000e+00
      3.041     -0.363     0.7669      7.094    352.295 264.053692     5.4179      6.168   266.1618 1.1159e+01     5.0907      2.986      4.330    12.4686 0.0000e+00
      2.942     -0.364     0.7671      7.064    340.134 254.983701     5.6139      6.173   265.6405 1.2106e+01     4.9075      2.883      4.180    12.4697 0.0000e+00
      2.849     -0.364     0.7601      6.988    314.159 235.577471     5.9291      6.179   266.2258 1.2989e+01     4.4845      2.789      4.045    12.4702 0.0000e+00
      2.762     -0.363     0.7594      6.832    261.496 196.152481     6.0825      6.184   266.5267 1.3969e+01     4.2121      2.713      3.936    12.4709 0.0000e+00
      2.672     -0.360     0.7553      6.696    182.191 136.751543     6.0874      6.189   266.2674 1.5114e+01     4.1765      2.623      3.804    12.4716 0.0000e+00
      2.577     -0.355     0.7530      6.646    104.511  78.635874     6.0799      6.193   266.3606 1.6316e+01     4.1905      2.525      3.662    12.4779 0.0000e+00
      2.482     -0.349     0.7502      6.671     63.971  48.505032     6.0594      6.198   266.7071 1.7569e+01     4.1770      2.434      3.530    12.4919 0.0000e+00
      2.390     -0.341     0.7251      6.776     53.961  41.375172     6.0465      6.200   266.4133 1.8785e+01     4.1839      2.342      3.397    12.5031 0.0000e+00
      2.304     -0.330     0.7083      6.960     51.530  39.922042     6.0578      6.200   265.6468 1.9938e+01     4.2394      2.259      3.276    12.5205 0.0000e+00
      2.223     -0.319     0.7044      7.310     50.412  39.376865     6.2203      6.200   265.3554 2.1113e+01     4.1984      2.180      3.162    12.6257 0.0000e+00
      2.147     -0.311     0.7001      8.160     49.758  39.099385     6.5208      6.204   265.3849 2.2282e+01     4.0299      2.103      3.050    12.9266 0.0000e+00
      2.073     -0.306     0.7059     10.094     49.075  38.725040     6.6783      6.211   264.7126 2.3494e+01     3.9109      2.034      2.951    13.3648 0.0000e+00
      1.998     -0.302     0.7174     13.789     48.432  38.341199     6.7013      6.220   263.6800 2.4842e+01     3.9205      1.960      2.844    13.7720 0.0000e+00
      1.918     -0.298     0.7367     19.664     48.433  38.456504     6.7159      6.226   262.8805 2.6257e+01     3.9419      1.880      2.727    14.0844 0.0000e+00
      1.839     -0.298     0.7973     27.346     49.030  39.040501     6.6387      6.232   261.9294 2.7675e+01     3.9294      1.802      2.614    14.3116 0.0000e+00
      1.762     -0.300     0.9668     35.852     49.500  39.500559     6.4754      6.237   261.1279 2.9077e+01     3.9404      1.726      2.503    14.4676 0.0000e+00
      1.690     -0.305     1.3180     44.361     49.370  39.449914     6.3725      6.241   260.7610 3.0418e+01     3.9385      1.655      2.401    14.5809 0.0000e+00
      1.620     -0.311     1.9238     52.268     48.994  39.189770     6.3596      6.246   260.5914 3.1837e+01     3.9409      1.593      2.310    14.6945 0.0000e+00
      1.542     -0.319     2.7449     59.084     48.880  39.147568     6.3369      6.252   260.6259 3.3483e+01     3.9344      1.516      2.199    14.8181 0.0000e+00
