Data/DataNotYetUploadedToEDI/Raw_CTD/RawDownloads/101722_fcr50_S8188001.cnv
* Sea-Bird SBE19plus  Data File:
* FileName = C:\R\Reservoirs\Data\DataNotYetUploadedToEDI\Raw_CTD\RawDownloads\101722_fcr50_S8188_0001.hex
* Software version 2.8.0.119
* Temperature SN = 8188
* Conductivity SN = 8188
* System UpLoad Time = Oct 26 2022 17:16:27
* <ApplicationData>
* <Seaterm232>
# nquan = 16
# nvalues = 1245                        
# units = specified
# name 0 = depFM: Depth [fresh water, m]
# name 1 = dz/dtM: Descent Rate [m/s]
# name 2 = sbeox0Mg/L: Oxygen, SBE 43 [mg/l]
# name 3 = sbeox0PS: Oxygen, SBE 43 [% saturation]
# name 4 = specc: Specific Conductance [uS/cm]
# name 5 = c0uS/cm: Conductivity [uS/cm]
# name 6 = wetCDOM: Fluorescence, WET Labs CDOM [mg/m^3]
# name 7 = flECO-AFL: Fluorescence, WET Labs ECO-AFL/FL [mg/m^3]
# name 8 = flECO-AFL1: Fluorescence, WET Labs ECO-AFL/FL, 2 [mg/m^3]
# name 9 = flECO-AFL2: Fluorescence, WET Labs ECO-AFL/FL, 3 [mg/m^3]
# name 10 = par/sat/log: PAR/Logarithmic, Satlantic
# name 11 = turbWETntu0: Turbidity, WET Labs ECO [NTU]
# name 12 = prdM: Pressure, Strain Gauge [db]
# name 13 = prdE: Pressure, Strain Gauge [psi]
# name 14 = tv290C: Temperature [ITS-90, deg C]
# name 15 = flag:  0.000e+00
# span 0 =     -0.751,      8.896       
# span 1 =     -0.391,      0.154       
# span 2 =     0.3568,     9.7587       
# span 3 =      3.388,     97.368       
# span 4 =      0.061,     64.258       
# span 5 =   0.050971,  48.849740       
# span 6 =    -4.5000,    30.2400       
# span 7 =    -0.2032,     6.2056       
# span 8 =    -2.1300,     1.4058       
# span 9 =    -2.0304,     4.3992       
# span 10 = 1.1595e-01, 2.2132e+02      
# span 11 =    -0.6338,   592.8762      
# span 12 =     -0.736,      8.723      
# span 13 =     -1.068,     12.653      
# span 14 =    13.0038,    17.0621      
# span 15 = 0.0000e+00, 0.0000e+00      
# interval = seconds: 0.25
# start_time = Oct 17 2022 07:40:31 [Instrument's time stamp, header]
# bad_flag = -9.990e-29
*END*
[from data line 181]
     -0.188      0.033     6.6532     66.314     40.420  32.759565     4.0500     3.1423     0.0426     1.1421 1.4108e+02     1.8762     -0.184     -0.267    15.5208 0.0000e+00
     -0.175      0.038     6.5693     65.467     40.427  32.757706     4.0500     3.1385     0.0852     1.1844 1.1595e+02     1.8161     -0.171     -0.249    15.5108 0.0000e+00
     -0.162      0.042     6.4944     64.710     40.433  32.752458     4.0500     3.1270     0.0852     1.1844 1.0394e+02     1.8913     -0.159     -0.231    15.4983 0.0000e+00
     -0.150      0.045     6.4293     64.051     40.437  32.744400     4.0500     3.1805     0.0852     1.1844 1.2462e+02     1.8612     -0.147     -0.214    15.4849 0.0000e+00
     -0.139      0.047     6.3745     63.494     40.444  32.739304     4.0500     3.2186     0.0852     1.1844 1.1358e+02     1.8311     -0.136     -0.197    15.4715 0.0000e+00
     -0.128      0.048     6.3300     63.042     40.461  32.741751     4.0500     3.2033     0.0852     1.1844 1.0390e+02     1.7860     -0.125     -0.182    15.4569 0.0000e+00
     -0.118      0.047     6.2953     62.688     40.483  32.746454     4.0500     3.2033     0.0426     1.1421 1.0275e+02     1.9363     -0.115     -0.168    15.4407 0.0000e+00
     -0.109      0.045     6.2686     62.415     40.502  32.748725     4.0500     3.1499     0.0426     1.1421 1.0444e+02     1.8612     -0.106     -0.154    15.4246 0.0000e+00
     -0.100      0.043     6.2484     62.207     40.520  32.751148     4.0500     3.1232     0.0426     1.1421 1.0839e+02     1.8161     -0.098     -0.142    15.4103 0.0000e+00
     -0.092      0.041     6.2334     62.053     40.539  32.756351     4.0500     3.1156     0.0426     1.1421 1.0492e+02     1.7560     -0.091     -0.131    15.3977 0.0000e+00
     -0.085      0.038     6.2228     61.941     40.559  32.763740     4.0500     3.1385     0.0000     1.2267 1.0191e+02     1.8161     -0.084     -0.121    15.3872 0.0000e+00
     -0.079      0.035     6.2161     61.869     40.576  32.771324     4.0500     3.1919     0.0000     1.2267 1.0142e+02     1.8311     -0.078     -0.113    15.3791 0.0000e+00
     -0.074      0.032     6.2137     61.840     40.591  32.779145     4.0500     3.1919     0.0000     1.2267 1.0215e+02     1.7710     -0.072     -0.105    15.3735 0.0000e+00
     -0.069      0.029     6.2153     61.851     40.603  32.785329     4.0500     3.1995     0.0000     1.2267 1.0738e+02     1.7560     -0.067     -0.098    15.3699 0.0000e+00
     -0.064      0.026     6.2198     61.891     40.608  32.787563     4.0500     3.1843     0.0426     1.2267 1.0620e+02     1.9063     -0.063     -0.091    15.3675 0.0000e+00
     -0.059      0.024     6.2255     61.944     40.613  32.790404     4.0500     3.1881     0.0426     1.2267 1.0604e+02     1.8612     -0.058     -0.085    15.3658 0.0000e+00
     -0.055      0.022     6.2310     61.993     40.620  32.794610     4.0500     3.1881     0.0426     1.2267 1.0767e+02     1.8762     -0.054     -0.078    15.3640 0.0000e+00
     -0.049      0.020     6.2350     62.029     40.625  32.797341     4.0500     3.2072     0.0426     1.2267 1.0905e+02     1.8462     -0.049     -0.070    15.3616 0.0000e+00
     -0.043      0.020     6.2365     62.040     40.631  32.799326     4.1400     3.2072     0.0426     1.2267 1.0870e+02     1.8161     -0.043     -0.062    15.3584 0.0000e+00
     -0.036      0.020     6.2344     62.016     40.633  32.797134     4.1400     3.2033     0.0426     1.2267 1.0868e+02     1.7410     -0.035     -0.051    15.3543 0.0000e+00
     -0.027      0.022     6.2287     61.958     40.628  32.790179     4.1400     3.2110     0.0426     1.2267 1.0832e+02     1.6658     -0.026     -0.038    15.3504 0.0000e+00
     -0.016      0.025     6.2207     61.878     40.622  32.784528     4.1400     3.2148     0.0426     1.2267 1.0331e+02     1.7710     -0.016     -0.023    15.3492 0.0000e+00
     -0.003      0.029     6.2126     61.798     40.617  32.782634     4.1400     3.2072     0.0426     1.2267 1.0248e+02     1.8161     -0.003     -0.005    15.3520 0.0000e+00
      0.010      0.034     6.2062     61.740     40.614  32.783993     4.0500     3.2720     0.0426     1.2267 1.0268e+02     1.8161      0.010      0.015    15.3564 0.0000e+00
      0.024      0.039     6.2025     61.713     40.618  32.788967     4.0500     3.2491     0.0426     1.2267 1.0129e+02     1.7410      0.024      0.035    15.3591 0.0000e+00
      0.039      0.044     6.2022     61.725     40.631  32.798883     4.0500     3.2567     0.0426     1.2267 9.8767e+01     1.8762      0.038      0.055    15.3587 0.0000e+00
      0.052      0.048     6.2069     61.787     40.651  32.812425     4.0500     3.2377     0.0426     1.2267 9.9629e+01     1.7860      0.051      0.075    15.3552 0.0000e+00
      0.065      0.051     6.2193     61.924     40.672  32.825282     4.0500     3.3140     0.0426     1.2267 9.7318e+01     1.7259      0.064      0.093    15.3495 0.0000e+00
      0.077      0.052     6.2409     62.148     40.694  32.836923     4.0500     3.3178     0.0426     1.2267 9.7445e+01     1.9363      0.075      0.109    15.3428 0.0000e+00
      0.087      0.052     6.2701     62.445     40.713  32.846490     4.0500     3.3178     0.0426     1.2267 9.8167e+01     1.8311      0.086      0.124    15.3353 0.0000e+00
      0.097      0.050     6.3027     62.772     40.729  32.852575     4.0500     3.2987     0.0426     1.2267 9.8917e+01     1.7560      0.095      0.138    15.3270 0.0000e+00
      0.106      0.047     6.3337     63.082     40.743  32.856798     4.0500     3.3636     0.0426     1.1844 9.9003e+01     1.8462      0.104      0.150    15.3186 0.0000e+00
      0.114      0.044     6.3588     63.331     40.755  32.860287     4.0500     3.3750     0.0426     1.1844 9.9046e+01     1.7710      0.112      0.163    15.3112 0.0000e+00
      0.123      0.041     6.3749     63.490     40.765  32.863972     4.0500     3.3597     0.0426     1.1844 9.9672e+01     1.8161      0.121      0.175    15.3050 0.0000e+00
      0.132      0.038     6.3803     63.541     40.777  32.868834     4.0500     3.3750     0.0426     1.1844 9.9499e+01     1.8462      0.129      0.188    15.2995 0.0000e+00
      0.141      0.036     6.3757     63.491     40.791  32.876171     4.0500     3.4284     0.0426     1.1844 9.8360e+01     1.8612      0.138      0.201    15.2942 0.0000e+00
      0.150      0.035     6.3645     63.372     40.801  32.880017     4.0500     3.4513     0.0426     1.1844 9.8724e+01     1.8161      0.147      0.214    15.2891 0.0000e+00
      0.160      0.035     6.3517     63.235     40.798  32.873477     4.0500     3.4513     0.0426     1.1844 9.8724e+01     1.8762      0.156      0.227    15.2843 0.0000e+00
      0.169      0.035     6.3424     63.130     40.794  32.866688     4.0500     3.4399     0.0426     1.1844 9.7763e+01     1.7710      0.165      0.240    15.2800 0.0000e+00
      0.178      0.036     6.3405     63.095     40.802  32.869722     4.0500     3.5696     0.0426     1.1844 9.8402e+01     2.0716      0.175      0.253    15.2764 0.0000e+00
      0.187      0.036     6.3484     63.158     40.807  32.871505     4.1400     3.5429     0.0426     1.2690 9.9283e+01     2.1317      0.184      0.267    15.2734 0.0000e+00
      0.197      0.036     6.3663     63.323     40.800  32.864592     4.1400     3.5543     0.0426     1.2690 9.6854e+01     2.0265      0.193      0.280    15.2718 0.0000e+00
      0.207      0.037     6.3912     63.561     40.792  32.859022     4.1400     3.5696     0.0426     1.2690 9.4792e+01     2.0416      0.203      0.294    15.2727 0.0000e+00
      0.216      0.037     6.4184     63.822     40.791  32.861230     4.1400     3.7412     0.0426     1.2690 9.4792e+01     2.2069      0.212      0.308    15.2763 0.0000e+00
      0.226      0.037     6.4431     64.058     40.794  32.867843     4.1400     3.7565     0.0426     1.1844 9.3280e+01     1.9514      0.221      0.321    15.2816 0.0000e+00
      0.234      0.037     6.4619     64.237     40.794  32.872706     4.1400     3.7298     0.0426     1.1844 9.4279e+01     2.0566      0.230      0.333    15.2873 0.0000e+00
      0.242      0.037     6.4729     64.338     40.794  32.877115     4.1400     3.7565     0.0426     1.1844 9.3768e+01     2.1017      0.238      0.345    15.2928 0.0000e+00
      0.250      0.036     6.4746     64.346     40.800  32.886206     4.1400     3.5696     0.0426     1.1844 9.3666e+01     1.9063      0.245      0.356    15.2980 0.0000e+00
      0.258      0.035     6.4659     64.252     40.812  32.898443     4.0500     3.5238     0.0426     1.0998 9.3483e+01     1.8311      0.253      0.367    15.3013 0.0000e+00
      0.267      0.034     6.4476     64.063     40.825  32.909168     4.0500     3.5657     0.0426     1.0998 9.3301e+01     1.7860      0.262      0.380    15.3020 0.0000e+00
      0.277      0.034     6.4218     63.799     40.831  32.913322     4.0500     3.5276     0.0426     1.0998 9.2896e+01     1.8462      0.272      0.394    15.3004 0.0000e+00
      0.289      0.035     6.3909     63.485     40.827  32.908049     4.0500     3.4322     0.0426     1.0998 9.1275e+01     1.8161      0.283      0.411    15.2983 0.0000e+00
      0.302      0.037     6.3576     63.146     40.817  32.899866     4.0500     3.4437     0.0426     1.0998 8.8540e+01     1.8161      0.296      0.430    15.2976 0.0000e+00
      0.317      0.040     6.3244     62.809     40.819  32.902431     4.1400     3.4284     0.0426     1.1844 8.6130e+01     1.8913      0.310      0.450    15.2997 0.0000e+00
      0.332      0.044     6.2942     62.502     40.832  32.916430     4.1400     3.4246     0.0426     1.1844 8.4591e+01     1.8311      0.325      0.472    15.3038 0.0000e+00
      0.347      0.048     6.2702     62.255     40.845  32.929754     4.1400     3.5505     0.0426     1.1844 8.3350e+01     1.8311      0.340      0.493    15.3069 0.0000e+00
      0.362      0.052     6.2555     62.100     40.856  32.938033     4.1400     3.5696     0.0426     1.1844 8.1842e+01     1.8161      0.354      0.514    15.3067 0.0000e+00
      0.376      0.055     6.2523     62.057     40.866  32.943477     4.1400     3.5390     0.0426     1.2690 8.0975e+01     1.6959      0.369      0.535    15.3029 0.0000e+00
      0.390      0.056     6.2604     62.129     40.878  32.947537     4.1400     3.5657     0.0426     1.2690 7.9684e+01     1.8311      0.383      0.555    15.2969 0.0000e+00
      0.404      0.057     6.2778     62.291     40.889  32.951296     4.1400     3.6611     0.0426     1.2690 7.8345e+01     1.9814      0.397      0.575    15.2902 0.0000e+00
      0.418      0.057     6.3012     62.513     40.901  32.955754     4.1400     3.6993     0.0426     1.2690 7.7565e+01     1.9814      0.410      0.595    15.2837 0.0000e+00
      0.431      0.056     6.3275     62.762     40.915  32.962101     4.1400     3.6764     0.0426     1.1844 7.6361e+01     2.1017      0.423      0.613    15.2780 0.0000e+00
      0.444      0.055     6.3534     63.008     40.927  32.968069     4.1400     3.6878     0.0426     1.1844 7.5111e+01     2.0416      0.436      0.631    15.2731 0.0000e+00
      0.456      0.054     6.3766     63.228     40.936  32.971288     4.1400     3.6153     0.0426     1.1844 7.5290e+01     2.1017      0.447      0.649    15.2684 0.0000e+00
      0.468      0.052     6.3944     63.396     40.936  32.968656     4.1400     3.6306     0.0426     1.1844 7.4444e+01     2.0265      0.459      0.666    15.2643 0.0000e+00
      0.480      0.051     6.4059     63.497     40.927  32.959471     4.1400     3.6192     0.0426     1.1844 7.3066e+01     2.0866      0.471      0.683    15.2627 0.0000e+00
      0.492      0.050     6.4112     63.537     40.917  32.953166     4.1400     3.6077     0.0426     1.1844 7.0938e+01     2.1017      0.483      0.700    15.2650 0.0000e+00
      0.505      0.049     6.4113     63.526     40.909  32.952018     4.1400     3.6878     0.0426     1.1844 7.0631e+01     2.0866      0.495      0.718    15.2707 0.0000e+00
      0.517      0.048     6.4067     63.470     40.903  32.951762     4.1400     3.6878     0.0426     1.1844 6.9761e+01     2.1768      0.507      0.735    15.2766 0.0000e+00
      0.528      0.048     6.3984     63.377     40.901  32.952331     4.1400     3.6726     0.0426     1.1844 6.8678e+01     2.1317      0.518      0.751    15.2797 0.0000e+00
      0.540      0.047     6.3880     63.261     40.903  32.953877     4.0500     3.7221     0.0426     1.2690 6.8188e+01     2.1167      0.529      0.767    15.2791 0.0000e+00
      0.551      0.047     6.3767     63.136     40.910  32.956811     4.0500     3.7603     0.0426     1.2690 6.7539e+01     1.7710      0.540      0.783    15.2760 0.0000e+00
      0.562      0.046     6.3652     63.011     40.916  32.957954     4.0500     3.7221     0.0426     1.2690 6.6144e+01     1.8311      0.551      0.799    15.2716 0.0000e+00
      0.573      0.046     6.3538     62.889     40.915  32.953652     4.0500     3.7374     0.0426     1.2690 6.5359e+01     1.8462      0.562      0.815    15.2667 0.0000e+00
      0.585      0.045     6.3428     62.773     40.912  32.946717     4.1400     3.7298     0.0426     1.2690 6.4638e+01     1.8462      0.573      0.831    15.2614 0.0000e+00
      0.596      0.045     6.3325     62.665     40.913  32.943221     4.1400     3.7794     0.0426     1.2690 6.3718e+01     1.9965      0.584      0.847    15.2565 0.0000e+00
      0.606      0.044     6.3219     62.556     40.921  32.946192     4.1400     3.8099     0.0426     1.2690 6.3180e+01     2.0716      0.595      0.862    15.2524 0.0000e+00
      0.617      0.044     6.3100     62.434     40.932  32.952461     4.1400     3.8213     0.0426     1.2690 6.2975e+01     2.0416      0.605      0.877    15.2491 0.0000e+00
      0.627      0.043     6.2965     62.297     40.943  32.959739     4.1400     3.8099     0.0426     1.3113 6.2920e+01     2.0416      0.615      0.891    15.2470 0.0000e+00
      0.637      0.042     6.2812     62.143     40.952  32.966008     4.1400     3.8671     0.0426     1.3113 6.2267e+01     2.1017      0.625      0.906    15.2461 0.0000e+00
      0.647      0.042     6.2638     61.967     40.951  32.965016     4.1400     3.8595     0.0426     1.3113 6.1809e+01     2.0866      0.635      0.921    15.2456 0.0000e+00
      0.658      0.041     6.2443     61.769     40.941  32.956500     4.1400     3.8747     0.0426     1.3113 6.0743e+01     2.0265      0.645      0.936    15.2451 0.0000e+00
      0.668      0.041     6.2233     61.555     40.929  32.946110     4.1400     3.8786     0.0426     1.2267 6.0192e+01     2.1017      0.655      0.950    15.2441 0.0000e+00
      0.678      0.041     6.2025     61.342     40.917  32.935035     4.1400     3.8099     0.0426     1.2267 6.0257e+01     2.0416      0.665      0.965    15.2427 0.0000e+00
      0.687      0.040     6.1835     61.148     40.899  32.920323     4.1400     3.7794     0.0426     1.2267 6.0048e+01     2.0866      0.674      0.978    15.2421 0.0000e+00
      0.696      0.040     6.1671     60.980     40.879  32.905971     4.1400     3.8251     0.0426     1.2267 5.9347e+01     2.1017      0.683      0.991    15.2445 0.0000e+00
      0.705      0.039     6.1535     60.839     40.864  32.900033     4.1400     3.8099     0.0426     1.2267 5.8949e+01     2.0866      0.691      1.003    15.2516 0.0000e+00
      0.713      0.038     6.1419     60.719     40.855  32.900927     4.1400     3.7908     0.0426     1.3113 5.9116e+01     1.8161      0.699      1.014    15.2622 0.0000e+00
      0.720      0.036     6.1306     60.603     40.844  32.900970     4.1400     3.7946     0.0426     1.3113 5.9244e+01     1.8612      0.706      1.024    15.2726 0.0000e+00
      0.727      0.034     6.1191     60.486     40.831  32.896213     4.1400     3.8366     0.0426     1.3113 5.9425e+01     1.8462      0.713      1.034    15.2801 0.0000e+00
