Data/DataNotYetUploadedToEDI/Raw_CTD/RawDownloads/101723_bvr50_S8188001.cnv
* Sea-Bird SBE19plus  Data File:
* FileName = C:\R\Reservoirs\Data\DataNotYetUploadedToEDI\Raw_CTD\RawDownloads\101823_bvr50_S8188_0001.hex
* Software version 2.8.0.119
* Temperature SN = 8188
* Conductivity SN = 8188
* System UpLoad Time = Oct 18 2023 15:30:57
* <ApplicationData>
* <Seaterm232>
# nquan = 16
# nvalues = 1374                        
# units = specified
# name 0 = depFM: Depth [fresh water, m]
# name 1 = dz/dtM: Descent Rate [m/s]
# name 2 = sbeox0Mg/L: Oxygen, SBE 43 [mg/l]
# name 3 = sbeox0PS: Oxygen, SBE 43 [% saturation]
# name 4 = specc: Specific Conductance [uS/cm]
# name 5 = c0uS/cm: Conductivity [uS/cm]
# name 6 = wetCDOM: Fluorescence, WET Labs CDOM [mg/m^3]
# name 7 = flECO-AFL: Fluorescence, WET Labs ECO-AFL/FL [mg/m^3]
# name 8 = flECO-AFL1: Fluorescence, WET Labs ECO-AFL/FL, 2 [mg/m^3]
# name 9 = flECO-AFL2: Fluorescence, WET Labs ECO-AFL/FL, 3 [mg/m^3]
# name 10 = par/sat/log: PAR/Logarithmic, Satlantic
# name 11 = turbWETntu0: Turbidity, WET Labs ECO [NTU]
# name 12 = prdM: Pressure, Strain Gauge [db]
# name 13 = prdE: Pressure, Strain Gauge [psi]
# name 14 = tv290C: Temperature [ITS-90, deg C]
# name 15 = flag:  0.000e+00
# span 0 =     -0.710,      8.866       
# span 1 =     -0.245,      0.064       
# span 2 =    -0.3054,     6.6142       
# span 3 =     -2.841,     65.740       
# span 4 =     12.063,    259.741       
# span 5 =   9.693579, 182.453723       
# span 6 =    -4.5000,     9.4500       
# span 7 =    -0.1422,     2.9706       
# span 8 =    -2.1300,     2.8968       
# span 9 =    -4.4415,     3.0456       
# span 10 = 1.1587e-01, 1.6461e+03      
# span 11 =    -7.9986,    87.8787      
# span 12 =     -0.696,      8.694      
# span 13 =     -1.010,     12.610      
# span 14 =    10.0949,    15.2089      
# span 15 = 0.0000e+00, 0.0000e+00      
# interval = seconds: 0.25
# start_time = Oct 17 2023 11:06:53 [Instrument's time stamp, header]
# bad_flag = -9.990e-29
*END*
[from data line 543]
      4.185      0.028     4.7565     47.299     34.988  28.086494     3.7800     2.3755     0.1704     0.5499 2.6235e+00     5.7690      4.104      5.953    15.1356 0.0000e+00
      4.192      0.026     4.7564     47.295     34.985  28.084798     3.7800     2.3565     0.1704     0.5499 2.6150e+00     5.8742      4.112      5.963    15.1350 0.0000e+00
      4.199      0.024     4.7562     47.288     34.970  28.073100     3.7800     2.6540     0.1278     0.5076 2.6366e+00     5.8442      4.118      5.972    15.1346 0.0000e+00
      4.204      0.021     4.7557     47.280     34.954  28.060160     3.7800     2.6464     0.1278     0.5076 2.6184e+00     5.7841      4.123      5.980    15.1344 0.0000e+00
      4.209      0.019     4.7553     47.275     34.952  28.058364     3.7800     2.6197     0.1278     0.5076 2.6110e+00     5.8292      4.128      5.987    15.1344 0.0000e+00
      4.213      0.017     4.7548     47.276     34.963  28.067235     3.7800     2.6426     0.1278     0.5076 2.6218e+00     5.7239      4.132      5.993    15.1345 0.0000e+00
      4.217      0.015     4.7541     47.279     34.971  28.073299     3.7800     2.8638     0.1704     0.5499 2.6115e+00     5.8592      4.135      5.998    15.1347 0.0000e+00
      4.221      0.015     4.7533     47.279     34.972  28.074214     3.7800     2.8371     0.1704     0.5499 2.6418e+00     5.7690      4.139      6.003    15.1348 0.0000e+00
      4.224      0.014     4.7528     47.275     34.972  28.074183     3.7800     2.8257     0.1704     0.5499 2.6229e+00     5.8893      4.142      6.008    15.1349 0.0000e+00
      4.227      0.015     4.7529     47.270     34.966  28.069239     3.7800     2.8219     0.1704     0.5499 2.6223e+00     5.7841      4.145      6.013    15.1350 0.0000e+00
      4.231      0.016     4.7532     47.269     34.952  28.058064     3.7800     2.4671     0.1704     0.5076 2.6286e+00     5.8292      4.149      6.018    15.1350 0.0000e+00
      4.235      0.017     4.7532     47.276     34.941  28.049555     3.7800     2.4366     0.1704     0.5076 2.6384e+00     5.7390      4.153      6.024    15.1350 0.0000e+00
      4.239      0.018     4.7528     47.288     34.936  28.045404     3.7800     2.4518     0.1704     0.5076 2.6178e+00     5.7841      4.157      6.030    15.1350 0.0000e+00
      4.244      0.020     4.7523     47.299     34.931  28.040544     3.7800     2.4785     0.1704     0.5076 2.5833e+00     5.8292      4.162      6.037    15.1350 0.0000e+00
      4.250      0.021     4.7523     47.309     34.927  28.037638     3.8700     2.2954     0.1704     0.5076 2.5878e+00     5.9193      4.167      6.044    15.1348 0.0000e+00
      4.255      0.022     4.7530     47.317     34.925  28.035912     3.8700     2.2725     0.1704     0.5076 2.5783e+00     5.7841      4.173      6.052    15.1346 0.0000e+00
      4.261      0.023     4.7542     47.317     34.919  28.030946     3.8700     2.2611     0.1704     0.5076 2.5305e+00     5.8893      4.179      6.061    15.1344 0.0000e+00
      4.267      0.023     4.7553     47.310     34.917  28.029335     3.8700     2.2687     0.1704     0.5076 2.5632e+00     5.8442      4.185      6.069    15.1340 0.0000e+00
      4.273      0.024     4.7563     47.302     34.924  28.034608     3.8700     2.3221     0.1704     0.5076 2.5515e+00     5.8141      4.191      6.078    15.1337 0.0000e+00
      4.279      0.025     4.7571     47.294     34.931  28.040253     3.7800     2.3298     0.1704     0.5076 2.5349e+00     5.8292      4.197      6.087    15.1335 0.0000e+00
      4.285      0.025     4.7572     47.289     34.940  28.047775     3.7800     2.3374     0.1704     0.5076 2.5179e+00     5.8742      4.203      6.096    15.1333 0.0000e+00
      4.292      0.025     4.7565     47.289     34.954  28.059180     3.7800     2.3450     0.1704     0.5076 2.5245e+00     5.8592      4.209      6.105    15.1332 0.0000e+00
      4.298      0.026     4.7556     47.297     34.967  28.069590     3.7800     2.3717     0.1704     0.5076 2.5157e+00     5.8141      4.215      6.114    15.1332 0.0000e+00
      4.305      0.027     4.7549     47.306     34.972  28.073862     3.7800     2.3908     0.2130     0.5076 2.5059e+00     5.7991      4.222      6.123    15.1333 0.0000e+00
      4.312      0.028     4.7543     47.305     34.966  28.069174     3.7800     2.3946     0.2130     0.5076 2.4929e+00     5.7841      4.229      6.133    15.1334 0.0000e+00
      4.319      0.029     4.7544     47.293     34.958  28.062198     3.7800     2.3794     0.2130     0.5076 2.5076e+00     5.7991      4.236      6.144    15.1336 0.0000e+00
      4.327      0.030     4.7552     47.280     34.954  28.058990     3.7800     2.3794     0.2130     0.5076 2.4702e+00     5.7841      4.243      6.155    15.1338 0.0000e+00
      4.335      0.030     4.7560     47.278     34.948  28.054737     3.7800     2.3794     0.1704     0.5499 2.4298e+00     5.7239      4.251      6.166    15.1339 0.0000e+00
      4.343      0.031     4.7560     47.284     34.936  28.044345     3.7800     2.4022     0.1704     0.5499 2.4187e+00     5.7841      4.259      6.177    15.1340 0.0000e+00
      4.351      0.031     4.7547     47.291     34.922  28.032962     3.7800     2.3717     0.1704     0.5499 2.4093e+00     5.8893      4.267      6.188    15.1340 0.0000e+00
      4.359      0.032     4.7534     47.295     34.918  28.029431     3.7800     2.2573     0.1704     0.5499 2.4056e+00     5.8292      4.274      6.200    15.1339 0.0000e+00
      4.367      0.032     4.7532     47.300     34.922  28.032809     3.7800     2.2649     0.1704     0.5499 2.3822e+00     5.8592      4.282      6.211    15.1338 0.0000e+00
      4.375      0.032     4.7539     47.305     34.926  28.036080     3.7800     2.2802     0.1704     0.4653 2.3848e+00     5.9193      4.291      6.223    15.1336 0.0000e+00
      4.383      0.032     4.7546     47.303     34.926  28.036156     3.7800     2.2954     0.1704     0.4653 2.3677e+00     5.8292      4.299      6.235    15.1334 0.0000e+00
      4.391      0.033     4.7550     47.295     34.923  28.033056     3.7800     2.3374     0.1704     0.4653 2.4192e+00     6.0696      4.306      6.246    15.1332 0.0000e+00
      4.400      0.034     4.7556     47.278     34.919  28.029914     3.7800     2.3412     0.1704     0.4653 2.3801e+00     6.0396      4.314      6.258    15.1330 0.0000e+00
      4.408      0.035     4.7561     47.256     34.919  28.029851     3.7800     2.3374     0.1704     0.5499 2.3386e+00     6.0396      4.323      6.270    15.1328 0.0000e+00
      4.417      0.037     4.7559     47.238     34.918  28.028892     3.7800     2.3374     0.1704     0.5499 2.3590e+00     5.9795      4.332      6.283    15.1326 0.0000e+00
      4.427      0.038     4.7551     47.227     34.911  28.022819     3.7800     2.2840     0.1704     0.5499 2.3098e+00     5.8292      4.342      6.297    15.1324 0.0000e+00
      4.437      0.039     4.7534     47.219     34.901  28.013975     3.7800     2.2764     0.1704     0.5499 2.2469e+00     5.8592      4.352      6.312    15.1321 0.0000e+00
      4.448      0.039     4.7513     47.212     34.899  28.011879     3.8700     2.2573     0.1704     0.5922 2.2406e+00     5.8592      4.362      6.326    15.1316 0.0000e+00
      4.458      0.040     4.7495     47.207     34.910  28.019931     3.8700     2.2458     0.1704     0.5922 2.2149e+00     5.8292      4.372      6.341    15.1311 0.0000e+00
      4.468      0.039     4.7485     47.203     34.921  28.028401     3.8700     2.4137     0.1704     0.5922 2.1829e+00     5.8442      4.382      6.355    15.1305 0.0000e+00
      4.478      0.039     4.7477     47.203     34.925  28.031628     3.8700     2.4137     0.1704     0.5922 2.1542e+00     5.8141      4.392      6.369    15.1299 0.0000e+00
      4.488      0.039     4.7471     47.208     34.929  28.034431     3.7800     2.3870     0.1704     0.5499 2.1754e+00     5.8141      4.401      6.383    15.1294 0.0000e+00
      4.498      0.038     4.7467     47.212     34.938  28.041517     3.7800     2.4061     0.1704     0.5499 2.1636e+00     5.9043      4.411      6.397    15.1288 0.0000e+00
      4.508      0.037     4.7463     47.213     34.950  28.050818     3.7800     2.6273     0.1704     0.5499 2.1070e+00     5.8592      4.421      6.411    15.1282 0.0000e+00
      4.518      0.037     4.7464     47.215     34.958  28.056894     3.7800     2.6426     0.1704     0.5499 2.0788e+00     5.8141      4.430      6.425    15.1276 0.0000e+00
      4.527      0.036     4.7469     47.219     34.959  28.057404     3.7800     2.6349     0.1704     0.5499 2.0933e+00     5.8292      4.439      6.438    15.1271 0.0000e+00
      4.536      0.036     4.7473     47.219     34.953  28.052486     3.7800     2.6311     0.2130     0.5499 2.1175e+00     5.9043      4.448      6.451    15.1268 0.0000e+00
      4.544      0.036     4.7475     47.215     34.943  28.044788     3.7800     2.9554     0.2130     0.5499 2.0865e+00     5.8292      4.456      6.463    15.1265 0.0000e+00
      4.553      0.037     4.7477     47.203     34.933  28.036217     3.7800     2.9554     0.2130     0.5499 2.0621e+00     5.8292      4.465      6.476    15.1262 0.0000e+00
      4.562      0.039     4.7480     47.189     34.923  28.028446     3.7800     2.9401     0.2130     0.5499 2.0639e+00     5.8292      4.474      6.489    15.1260 0.0000e+00
      4.572      0.041     4.7481     47.180     34.922  28.027322     3.7800     2.9706     0.1704     0.5076 2.0532e+00     5.8141      4.483      6.503    15.1259 0.0000e+00
      4.582      0.043     4.7477     47.178     34.923  28.028586     3.7800     2.5358     0.1704     0.5076 1.9809e+00     5.7841      4.494      6.518    15.1257 0.0000e+00
      4.594      0.045     4.7465     47.178     34.918  28.024655     3.7800     2.5129     0.1704     0.5076 1.9620e+00     5.8592      4.505      6.534    15.1255 0.0000e+00
      4.606      0.047     4.7451     47.181     34.910  28.018442     3.7800     2.5091     0.1704     0.5076 1.9153e+00     5.8893      4.517      6.552    15.1254 0.0000e+00
      4.619      0.049     4.7442     47.185     34.902  28.012248     3.7800     2.5281     0.1704     0.5922 1.8623e+00     5.8893      4.530      6.570    15.1252 0.0000e+00
      4.632      0.050     4.7440     47.189     34.897  28.008383     3.7800     2.3794     0.1704     0.5922 1.8490e+00     5.7841      4.542      6.588    15.1252 0.0000e+00
      4.645      0.050     4.7440     47.192     34.898  28.009774     3.7800     2.3946     0.1704     0.5922 1.8215e+00     5.9043      4.555      6.607    15.1254 0.0000e+00
      4.658      0.050     4.7443     47.197     34.906  28.016794     3.7800     2.3794     0.1704     0.5922 1.7708e+00     5.8292      4.568      6.625    15.1257 0.0000e+00
      4.671      0.050     4.7447     47.203     34.919  28.027353     3.7800     2.4099     0.1278     0.5922 1.7199e+00     5.7991      4.580      6.643    15.1261 0.0000e+00
      4.684      0.050     4.7450     47.211     34.930  28.036348     3.7800     2.3984     0.1278     0.5922 1.7039e+00     5.7841      4.593      6.662    15.1266 0.0000e+00
      4.696      0.050     4.7453     47.223     34.942  28.046179     3.7800     2.3946     0.1278     0.5922 1.6841e+00     5.8742      4.605      6.680    15.1271 0.0000e+00
      4.709      0.051     4.7458     47.236     34.953  28.055507     3.7800     2.4099     0.1278     0.5922 1.6709e+00     5.8893      4.618      6.697    15.1276 0.0000e+00
      4.721      0.052     4.7463     47.244     34.952  28.054941     3.7800     2.3794     0.1278     0.5922 1.6343e+00     5.8292      4.630      6.715    15.1280 0.0000e+00
      4.734      0.054     4.7470     47.248     34.944  28.048289     3.7800     2.3755     0.1278     0.4653 1.6184e+00     5.8292      4.643      6.734    15.1284 0.0000e+00
      4.748      0.056     4.7482     47.246     34.936  28.041697     3.7800     2.3870     0.1278     0.4653 1.5774e+00     5.9193      4.656      6.753    15.1288 0.0000e+00
      4.763      0.058     4.7495     47.242     34.926  28.033408     3.7800     2.4022     0.1278     0.4653 1.5452e+00     5.9494      4.671      6.774    15.1292 0.0000e+00
      4.778      0.060     4.7503     47.237     34.917  28.025169     3.7800     2.4022     0.1278     0.4653 1.5009e+00     5.8893      4.686      6.796    15.1294 0.0000e+00
      4.794      0.061     4.7507     47.232     34.914  28.022704     3.7800     2.3870     0.1278     0.4653 1.4439e+00     5.7690      4.702      6.819    15.1294 0.0000e+00
      4.811      0.062     4.7505     47.229     34.918  28.025355     3.7800     2.3832     0.1278     0.4653 1.4386e+00     5.8292      4.718      6.843    15.1291 0.0000e+00
      4.827      0.063     4.7502     47.228     34.919  28.025910     3.7800     2.4022     0.1278     0.4653 1.4345e+00     5.8592      4.733      6.865    15.1286 0.0000e+00
      4.842      0.062     4.7497     47.226     34.917  28.024516     3.7800     2.3717     0.1278     0.4653 1.4187e+00     5.8442      4.749      6.888    15.1281 0.0000e+00
      4.858      0.062     4.7492     47.221     34.918  28.024762     3.7800     2.3870     0.1278     0.5499 1.3301e+00     5.7841      4.765      6.910    15.1276 0.0000e+00
      4.874      0.061     4.7490     47.212     34.915  28.022753     3.7800     2.3832     0.1278     0.5499 1.3353e+00     5.8442      4.780      6.933    15.1271 0.0000e+00
      4.890      0.061     4.7490     47.204     34.904  28.013995     3.7800     2.4099     0.1278     0.5499 1.2933e+00     5.8292      4.796      6.955    15.1267 0.0000e+00
      4.905      0.061     4.7488     47.199     34.892  28.004070     3.7800     2.3908     0.1278     0.5499 1.3194e+00     5.7991      4.811      6.977    15.1264 0.0000e+00
      4.920      0.062     4.7483     47.198     34.885  27.998252     3.7800     2.2878     0.2130     0.5499 1.2871e+00     5.7841      4.825      6.998    15.1262 0.0000e+00
      4.936      0.063     4.7474     47.195     34.886  27.998948     3.7800     2.3145     0.2130     0.5499 1.2518e+00     5.8292      4.841      7.020    15.1261 0.0000e+00
      4.952      0.064     4.7466     47.189     34.900  28.010303     3.7800     2.2687     0.2130     0.5499 1.2209e+00     5.7991      4.856      7.043    15.1261 0.0000e+00
      4.968      0.064     4.7461     47.183     34.917  28.023468     3.7800     2.2954     0.2130     0.5499 1.1807e+00     5.7841      4.873      7.067    15.1262 0.0000e+00
      4.986      0.064     4.7459     47.178     34.926  28.030073     3.7800     2.2802     0.2130     0.5499 1.1923e+00     6.0847      4.889      7.091    15.1262 0.0000e+00
      5.002      0.064     4.7457     47.175     34.933  28.035840     3.8700     2.2687     0.1278     0.5499 1.1101e+00     6.0546      4.906      7.115    15.1261 0.0000e+00
      5.019      0.063     4.7451     47.174     34.942  28.042306     3.8700     2.2611     0.1278     0.5499 1.0895e+00     6.0546      4.922      7.138    15.1258 0.0000e+00
      5.034      0.062     4.7445     47.178     34.949  28.047237     3.8700     2.2916     0.1278     0.5499 1.1273e+00     5.9945      4.937      7.161    15.1252 0.0000e+00
      5.050      0.060     4.7441     47.190     34.956  28.051947     3.8700     2.2802     0.1278     0.5499 1.1210e+00     5.8893      4.952      7.182    15.1246 0.0000e+00
      5.065      0.059     4.7439     47.203     34.963  28.057691     3.7800     2.2725     0.2130     0.4653 1.0735e+00     5.8442      4.967      7.204    15.1239 0.0000e+00
      5.080      0.059     4.7439     47.214     34.969  28.062042     3.7800     2.2802     0.2130     0.4653 1.0416e+00     5.8592      4.982      7.225    15.1232 0.0000e+00
