Data/DataNotYetUploadedToEDI/Raw_CTD/RawDownloads/101723_bvr50_S8188001.cnv
* Sea-Bird SBE19plus  Data File:
* FileName = C:\R\Reservoirs\Data\DataNotYetUploadedToEDI\Raw_CTD\RawDownloads\101823_bvr50_S8188_0001.hex
* Software version 2.8.0.119
* Temperature SN = 8188
* Conductivity SN = 8188
* System UpLoad Time = Oct 18 2023 15:30:57
* <ApplicationData>
* <Seaterm232>
# nquan = 16
# nvalues = 1374                        
# units = specified
# name 0 = depFM: Depth [fresh water, m]
# name 1 = dz/dtM: Descent Rate [m/s]
# name 2 = sbeox0Mg/L: Oxygen, SBE 43 [mg/l]
# name 3 = sbeox0PS: Oxygen, SBE 43 [% saturation]
# name 4 = specc: Specific Conductance [uS/cm]
# name 5 = c0uS/cm: Conductivity [uS/cm]
# name 6 = wetCDOM: Fluorescence, WET Labs CDOM [mg/m^3]
# name 7 = flECO-AFL: Fluorescence, WET Labs ECO-AFL/FL [mg/m^3]
# name 8 = flECO-AFL1: Fluorescence, WET Labs ECO-AFL/FL, 2 [mg/m^3]
# name 9 = flECO-AFL2: Fluorescence, WET Labs ECO-AFL/FL, 3 [mg/m^3]
# name 10 = par/sat/log: PAR/Logarithmic, Satlantic
# name 11 = turbWETntu0: Turbidity, WET Labs ECO [NTU]
# name 12 = prdM: Pressure, Strain Gauge [db]
# name 13 = prdE: Pressure, Strain Gauge [psi]
# name 14 = tv290C: Temperature [ITS-90, deg C]
# name 15 = flag:  0.000e+00
# span 0 =     -0.710,      8.866       
# span 1 =     -0.245,      0.064       
# span 2 =    -0.3054,     6.6142       
# span 3 =     -2.841,     65.740       
# span 4 =     12.063,    259.741       
# span 5 =   9.693579, 182.453723       
# span 6 =    -4.5000,     9.4500       
# span 7 =    -0.1422,     2.9706       
# span 8 =    -2.1300,     2.8968       
# span 9 =    -4.4415,     3.0456       
# span 10 = 1.1587e-01, 1.6461e+03      
# span 11 =    -7.9986,    87.8787      
# span 12 =     -0.696,      8.694      
# span 13 =     -1.010,     12.610      
# span 14 =    10.0949,    15.2089      
# span 15 = 0.0000e+00, 0.0000e+00      
# interval = seconds: 0.25
# start_time = Oct 17 2023 11:06:53 [Instrument's time stamp, header]
# bad_flag = -9.990e-29
*END*
[from data line 904]
      8.205      0.041     0.2149      1.910    209.057 148.033012     8.6400     1.3990     0.0852     0.3807 1.1633e-01     2.6127      8.047     11.671    10.4218 0.0000e+00
      8.216      0.042     0.2140      1.914    209.344 148.216935     8.6400     1.3951     0.0852     0.3807 1.1617e-01     2.5225      8.057     11.686    10.4169 0.0000e+00
      8.227      0.044     0.2134      1.920    209.607 148.384550     8.6400     1.4142     0.0852     0.3807 1.1610e-01     2.5075      8.068     11.702    10.4120 0.0000e+00
      8.239      0.045     0.2132      1.924    209.884 148.560641     8.6400     1.4791     0.0852     0.3807 1.1620e-01     2.6277      8.080     11.719    10.4072 0.0000e+00
      8.251      0.046     0.2134      1.921    210.192 148.756314     8.6400     1.4638     0.1278     0.4230 1.1605e-01     2.5826      8.091     11.735    10.4025 0.0000e+00
      8.262      0.047     0.2139      1.912    210.518 148.962010     8.6400     1.4600     0.1278     0.4230 1.1605e-01     2.5376      8.103     11.752    10.3980 0.0000e+00
      8.275      0.048     0.2146      1.904    210.831 149.156897     8.6400     1.4562     0.1278     0.4230 1.1628e-01     2.5526      8.115     11.770    10.3935 0.0000e+00
      8.287      0.048     0.2150      1.903    211.137 149.347137     8.6400     1.4142     0.1278     0.4230 1.1610e-01     2.5225      8.127     11.788    10.3887 0.0000e+00
      8.300      0.047     0.2147      1.909    211.465 149.553584     8.6400     1.4295     0.0852     0.4653 1.1617e-01     2.5676      8.140     11.806    10.3834 0.0000e+00
      8.312      0.047     0.2138      1.915    211.837 149.791458     8.6400     1.4219     0.0852     0.4653 1.1607e-01     2.5376      8.152     11.823    10.3775 0.0000e+00
      8.324      0.047     0.2130      1.922    212.249 150.056473     8.6400     1.4066     0.0852     0.4653 1.1625e-01     2.5225      8.163     11.840    10.3712 0.0000e+00
      8.335      0.046     0.2129      1.929    212.661 150.319712     8.6400     1.4219     0.0852     0.4653 1.1625e-01     2.8081      8.174     11.856    10.3649 0.0000e+00
      8.347      0.046     0.2135      1.934    213.055 150.567718     8.6400     1.4066     0.0852     0.5922 1.1607e-01     2.8382      8.185     11.872    10.3588 0.0000e+00
      8.358      0.046     0.2142      1.930    213.456 150.818823     8.6400     1.4142     0.0852     0.5922 1.1628e-01     2.8081      8.197     11.888    10.3529 0.0000e+00
      8.370      0.047     0.2150      1.916    213.878 151.082223     8.6400     1.4142     0.0852     0.5922 1.1617e-01     2.8382      8.209     11.905    10.3468 0.0000e+00
      8.383      0.048     0.2159      1.898    214.298 151.342511     8.6400     1.4638     0.0852     0.5922 1.1617e-01     2.5676      8.220     11.922    10.3402 0.0000e+00
      8.395      0.048     0.2164      1.887    214.712 151.597387     8.6400     1.4867     0.0852     0.5922 1.1600e-01     2.4925      8.232     11.940    10.3331 0.0000e+00
      8.407      0.048     0.2160      1.882    215.138 151.861037     8.6400     1.4714     0.0852     0.4653 1.1623e-01     2.5826      8.245     11.958    10.3254 0.0000e+00
      8.420      0.048     0.2145      1.877    215.580 152.138034     8.6400     1.4524     0.0852     0.4653 1.1605e-01     2.5075      8.257     11.976    10.3173 0.0000e+00
      8.432      0.048     0.2126      1.870    216.015 152.412606     8.6400     1.4638     0.0852     0.4653 1.1625e-01     2.7329      8.269     11.994    10.3088 0.0000e+00
      8.444      0.047     0.2114      1.870    216.398 152.652395     8.6400     1.4676     0.0852     0.4653 1.1630e-01     2.8231      8.281     12.011    10.3001 0.0000e+00
      8.456      0.047     0.2108      1.878    216.696 152.835690     8.6400     1.4791     0.1278     0.4230 1.1602e-01     2.7480      8.293     12.028    10.2915 0.0000e+00
      8.468      0.046     0.2103      1.889    216.895 152.953599     8.6400     1.4524     0.1278     0.4230 1.1612e-01     2.9133      8.304     12.045    10.2834 0.0000e+00
      8.480      0.046     0.2096      1.899    216.995 153.007682     8.6400     1.5058     0.1278     0.4230 1.1607e-01     2.8832      8.316     12.062    10.2759 0.0000e+00
      8.492      0.045     0.2096      1.908    217.026 153.020331     8.6400     1.5058     0.1278     0.4230 1.1625e-01     2.8231      8.328     12.078    10.2690 0.0000e+00
      8.503      0.043     0.2106      1.918    217.025 153.014838     8.7300     1.5134     0.0852     0.5499 1.1638e-01     2.8832      8.339     12.095    10.2628 0.0000e+00
      8.514      0.042     0.2119      1.925    217.035 153.019619     8.7300     1.5096     0.0852     0.5499 1.1605e-01     2.7931      8.350     12.110    10.2575 0.0000e+00
      8.524      0.040     0.2129      1.928    217.091 153.057861     8.7300     1.5935     0.0852     0.5499 1.1623e-01     2.8532      8.360     12.125    10.2537 0.0000e+00
      8.534      0.039     0.2139      1.926    217.205 153.135778     8.7300     1.6088     0.0852     0.5499 1.1623e-01     2.9133      8.369     12.139    10.2514 0.0000e+00
      8.544      0.038     0.2150      1.919    217.396 153.266180     8.7300     1.5783     0.0852     0.5499 1.1623e-01     2.9885      8.379     12.152    10.2504 0.0000e+00
      8.553      0.038     0.2159      1.911    217.629 153.420097     8.9100     1.5859     0.0852     0.6345 1.1625e-01     3.0185      8.388     12.165    10.2499 0.0000e+00
      8.563      0.038     0.2163      1.902    217.814 153.532991     8.9100     1.6736     0.0852     0.6345 1.1617e-01     2.5225      8.397     12.179    10.2495 0.0000e+00
      8.573      0.038     0.2160      1.895    217.948 153.611063     8.9100     1.6546     0.0852     0.6345 1.1610e-01     2.5977      8.407     12.193    10.2490 0.0000e+00
      8.583      0.038     0.2153      1.890    218.148 153.738878     8.9100     1.6317     0.0852     0.6345 1.1612e-01     2.5376      8.416     12.207    10.2481 0.0000e+00
      8.593      0.038     0.2143      1.886    218.524 153.988368     9.0000     1.6584     0.0852     0.4653 1.1612e-01     2.6277      8.426     12.221    10.2456 0.0000e+00
      8.602      0.038     0.2134      1.882    219.035 154.320484     9.0000     1.6584     0.0852     0.4653 1.1607e-01     2.5676      8.436     12.235    10.2417 0.0000e+00
      8.612      0.039     0.2126      1.876    219.534 154.630553     9.0000     1.6431     0.0852     0.4653 1.1600e-01     2.5526      8.445     12.248    10.2378 0.0000e+00
      8.621      0.039     0.2120      1.867    219.957 154.883720     9.0000     1.6507     0.0852     0.4653 1.1617e-01     2.6127      8.454     12.262    10.2350 0.0000e+00
      8.631      0.039     0.2116      1.858    220.325 155.103665     9.0000     1.6355     0.0852     0.4653 1.1595e-01     2.5977      8.464     12.276    10.2315 0.0000e+00
      8.641      0.039     0.2112      1.848    220.693 155.331108     9.0000     1.7728     0.0852     0.4653 1.1623e-01     2.8832      8.474     12.290    10.2250 0.0000e+00
      8.652      0.039     0.2105      1.841    221.048 155.554979     9.0000     1.7881     0.0852     0.4653 1.1623e-01     3.0786      8.484     12.305    10.2157 0.0000e+00
      8.662      0.038     0.2096      1.833    221.253 155.679576     9.0000     1.8148     0.0852     0.4653 1.1628e-01     2.9133      8.494     12.320    10.2055 0.0000e+00
      8.672      0.036     0.2086      1.825    221.340 155.730157     9.0900     1.7804     0.0852     0.6345 1.1615e-01     3.0486      8.504     12.334    10.1965 0.0000e+00
      8.681      0.033     0.2076      1.820    221.551 155.875606     9.0900     1.9178     0.0852     0.6345 1.1605e-01     3.1989      8.513     12.347    10.1894 0.0000e+00
      8.689      0.031     0.2068      1.823    221.933 156.142757     9.0900     1.8796     0.0852     0.6345 1.1605e-01     3.2590      8.521     12.359    10.1835 0.0000e+00
      8.697      0.029     0.2060      1.832    222.349 156.431513     9.0900     1.8987     0.0852     0.6345 1.1623e-01     3.2740      8.528     12.369    10.1790 0.0000e+00
      8.703      0.028     0.2050      1.838    222.783 156.731216     9.0900     1.9140     0.0852     0.6345 1.1628e-01     3.1989      8.534     12.378    10.1765 0.0000e+00
      8.709      0.027     0.2044      1.834    223.275 157.067990     9.0900     1.8338     0.1278     0.5499 1.1633e-01     3.4243      8.541     12.387    10.1758 0.0000e+00
      8.716      0.027     0.2048      1.826    223.816 157.432024     9.0900     1.8224     0.1278     0.5499 1.1633e-01     3.4694      8.547     12.397    10.1754 0.0000e+00
      8.723      0.027     0.2058      1.823    224.397 157.816786     9.0900     1.8415     0.1278     0.5499 1.1638e-01     3.3642      8.554     12.407    10.1746 0.0000e+00
      8.730      0.028     0.2065      1.822    225.048 158.245179     9.0900     1.8377     0.1278     0.5499 1.1623e-01     3.5596      8.561     12.417    10.1734 0.0000e+00
      8.738      0.027     0.2060      1.817    225.796 158.739786     9.2700     1.8987     0.1278     0.5499 1.1612e-01     3.9053      8.569     12.428    10.1713 0.0000e+00
      8.745      0.027     0.2052      1.810    226.559 159.245199     9.2700     1.9292     0.1278     0.5499 1.1615e-01     3.8752      8.576     12.438    10.1677 0.0000e+00
      8.752      0.025     0.2049      1.805    227.225 159.682984     9.2700     1.9101     0.1278     0.5499 1.1602e-01     3.9804      8.582     12.448    10.1624 0.0000e+00
      8.758      0.023     0.2048      1.802    227.795 160.056301     9.2700     1.8720     0.1278     0.5499 1.1597e-01     3.9203      8.589     12.457    10.1559 0.0000e+00
      8.764      0.021     0.2043      1.802    228.311 160.396948     9.3600     2.0093     0.1704     0.8037 1.1620e-01     4.7320      8.594     12.465    10.1489 0.0000e+00
      8.769      0.019     0.2036      1.803    228.754 160.692141     9.3600     2.0284     0.1704     0.8037 1.1617e-01     4.6267      8.599     12.473    10.1420 0.0000e+00
      8.773      0.018     0.2029      1.804    229.090 160.920958     9.3600     2.0360     0.1704     0.8037 1.1607e-01     4.5666      8.604     12.479    10.1353 0.0000e+00
      8.778      0.016     0.2027      1.804    229.322 161.084632     9.3600     2.0246     0.1704     0.8037 1.1612e-01     4.6117      8.608     12.485    10.1293 0.0000e+00
      8.781      0.014     0.2027      1.803    229.464 161.186955     9.3600     2.1581     0.1704     0.8037 1.1620e-01     6.5356      8.612     12.490    10.1244 0.0000e+00
      8.785      0.013     0.2028      1.800    229.546 161.243256     9.4500     2.1428     0.2130     1.0152 1.1617e-01     6.4604      8.615     12.495    10.1209 0.0000e+00
      8.788      0.012     0.2030      1.795    229.582 161.262570     9.4500     2.1428     0.2130     1.0152 1.1605e-01     6.5055      8.618     12.499    10.1194 0.0000e+00
      8.791      0.012     0.2030      1.789    229.565 161.242076     9.4500     2.1390     0.2130     1.0152 1.1617e-01     6.4754      8.621     12.503    10.1195 0.0000e+00
      8.794      0.011     0.2028      1.780    229.555 161.226129     9.4500     2.3908     0.2130     1.0152 1.1612e-01    13.4043      8.624     12.507    10.1201 0.0000e+00
      8.796      0.011     0.2024      1.768    229.659 161.292182     9.3600     2.3794     0.2556     0.8883 1.1612e-01    13.3743      8.626     12.511    10.1198 0.0000e+00
      8.799      0.010     0.2020      1.757    229.932 161.477776     9.3600     2.4022     0.2556     0.8883 1.1623e-01    13.4194      8.629     12.515    10.1185 0.0000e+00
      8.801      0.010     0.2013      1.749    230.291 161.720804     9.3600     2.3755     0.2556     0.8883 1.1617e-01    13.4344      8.631     12.519    10.1166 0.0000e+00
      8.804      0.010     0.2002      1.742    230.578 161.910703     9.3600     2.5663     0.2556     0.8883 1.1600e-01    58.4797      8.634     12.522    10.1147 0.0000e+00
      8.807      0.010     0.1990      1.739    230.780 162.040317     9.3600     2.5739     0.5112     0.8037 1.1612e-01    58.4797      8.636     12.526    10.1132 0.0000e+00
      8.809      0.010     0.1977      1.743    230.995 162.182075     9.3600     2.5739     0.5112     0.8037 1.1612e-01    58.4346      8.639     12.529    10.1118 0.0000e+00
      8.812      0.009     0.1968      1.756    231.286 162.381751     9.3600     2.6121     0.5112     0.8037 1.1623e-01    58.3895      8.642     12.533    10.1099 0.0000e+00
      8.814      0.009     0.1961      1.772    231.732 162.692592     9.3600     1.3494     0.5112     0.8037 1.1612e-01    87.8486      8.644     12.536    10.1073 0.0000e+00
      8.816      0.009     0.1957      1.783    232.463 163.205460     9.2700     1.3417     0.7668     1.0575 1.1612e-01    87.8787      8.646     12.540    10.1047 0.0000e+00
      8.818      0.009     0.1962      1.790    233.677 164.057120     9.2700     1.3417     0.7668     1.0575 1.1620e-01    87.8486      8.648     12.542    10.1028 0.0000e+00
      8.820      0.008     0.1976      1.797    235.468 165.311256     9.2700     1.3532     0.7668     1.0575 1.1623e-01    87.8486      8.650     12.545    10.1017 0.0000e+00
      8.822      0.008     0.1993      1.805    237.154 166.487042     9.2700     0.1935     0.7668     1.0575 1.1625e-01     2.7780      8.652     12.548    10.1013 0.0000e+00
      8.824      0.008     0.2006      1.812    237.600 166.789687     9.2700    -0.0926     0.7668     1.0575 1.1600e-01     2.6879      8.654     12.551    10.1012 0.0000e+00
      8.827      0.008     0.2014      1.815    236.770 166.200241     8.7300    -0.1346     1.1502     1.3959 1.1607e-01     2.7480      8.656     12.554    10.1009 0.0000e+00
      8.829      0.007     0.2022      1.813    235.450 165.273222     8.7300    -0.1079     1.1502     1.3959 1.1628e-01     2.7931      8.658     12.557    10.1002 0.0000e+00
      8.831      0.007     0.2031      1.813    234.088 164.323565     8.7300    -0.1155     1.1502     1.3959 1.1625e-01     2.9133      8.660     12.560    10.0986 0.0000e+00
      8.832      0.006     0.2039      1.815    232.986 163.560434     8.7300    -0.1079     1.1502     1.3959 1.1628e-01    -0.3482      8.662     12.563    10.0965 0.0000e+00
      8.834      0.005     0.2042      1.817    232.321 163.107191     1.6200    -0.1079     0.2556     2.5380 1.1600e-01    -0.4234      8.663     12.565    10.0950 0.0000e+00
      8.835      0.004     0.2041      1.811    232.044 162.928671     1.6200    -0.1002     0.2556     2.5380 1.1617e-01    -0.5136      8.664     12.566    10.0949 0.0000e+00
      8.836      0.003     0.2041      1.797    232.180 163.041039     1.6200    -0.1231     0.2556     2.5380 1.1620e-01    -0.4084      8.665     12.568    10.0962 0.0000e+00
      8.836      0.002     0.2043      1.786    232.834 163.514121     1.6200    -0.0926     0.2556     2.5380 1.1610e-01    -0.1829      8.665     12.568    10.0985 0.0000e+00
      8.837      0.002     0.2044      1.784    234.130 164.432220     0.8100    -0.1002     0.0000     3.0456 1.1630e-01    -0.1528      8.666     12.569    10.1015 0.0000e+00
      8.837      0.002     0.2037      1.786    236.237 165.912616     0.8100    -0.1269     0.0000     3.0456 1.1607e-01    -0.0777      8.666     12.569    10.1049 0.0000e+00
      8.837      0.003     0.2022      1.787    239.418 168.140818     0.8100    -0.1346     0.0000     3.0456 1.1625e-01    -0.0777      8.666     12.569    10.1085 0.0000e+00
      8.838      0.004     0.2010      1.792    243.109 170.724183     0.8100    -0.1117     0.0000     3.0456 1.1633e-01     7.7380      8.667     12.570    10.1116 0.0000e+00
      8.839      0.006     0.2007      1.810    245.837 172.633057     0.8100    -0.0964     0.0000     3.0456 1.1620e-01     7.7680      8.668     12.572    10.1133 0.0000e+00
