Data/DataNotYetUploadedToEDI/Raw_CTD/RawDownloads/101722_fcr50_S7809001.cnv
* Sea-Bird SBE19plus  Data File:
* FileName = C:\R\Reservoirs\Data\DataNotYetUploadedToEDI\Raw_CTD\RawDownloads\101722_fcr50_S7809_0001.hex
* Software version 2.8.0.119
* Temperature SN = 7809
* Conductivity SN = 7809
* System UpLoad Time = Oct 26 2022 16:52:57
* <ApplicationData>
* <Seaterm232>
# nquan = 15
# nvalues = 1473                        
# units = specified
# name 0 = depFM: Depth [fresh water, m]
# name 1 = dz/dtM: Descent Rate [m/s]
# name 2 = sbeox0Mg/L: Oxygen, SBE 43 [mg/l]
# name 3 = sbeox0PS: Oxygen, SBE 43 [% saturation]
# name 4 = specc: Specific Conductance [uS/cm]
# name 5 = c0uS/cm: Conductivity [uS/cm]
# name 6 = flECO-AFL: Fluorescence, WET Labs ECO-AFL/FL [mg/m^3]
# name 7 = ph: pH
# name 8 = orp: Oxidation Reduction Potential [mV]
# name 9 = par/sat/log: PAR/Logarithmic, Satlantic
# name 10 = turbWETntu0: Turbidity, WET Labs ECO [NTU]
# name 11 = prdM: Pressure, Strain Gauge [db]
# name 12 = prdE: Pressure, Strain Gauge [psi]
# name 13 = tv290C: Temperature [ITS-90, deg C]
# name 14 = flag:  0.000e+00
# span 0 =     -0.750,      9.588       
# span 1 =     -0.429,      0.206       
# span 2 =     0.0507,     7.6430       
# span 3 =      0.486,     76.153       
# span 4 =      1.428,    578.203       
# span 5 =   1.201770, 435.579884       
# span 6 =    -0.1640,     8.3096       
# span 7 =     -2.600,      8.388       
# span 8 = -1240.7455,  1143.6141       
# span 9 = 1.2366e-01, 1.4606e+02       
# span 10 =    -0.3223,   159.4481      
# span 11 =     -0.736,      9.403      
# span 12 =     -1.068,     13.638      
# span 13 =    12.6473,    17.0770      
# span 14 = 0.0000e+00, 0.0000e+00      
# interval = seconds: 0.25
# start_time = Oct 17 2022 07:51:14 [Instrument's time stamp, header]
# bad_flag = -9.990e-29
*END*
[from data line 579]
      2.629      0.037     6.3199     61.902     41.200  32.501501     7.6827      7.806   271.7227 8.3534e+00     3.2456      2.577      3.739    14.4434 0.0000e+00
      2.637      0.037     6.3123     61.955     41.201  32.500148     7.7076      7.805   271.1771 8.2539e+00     3.2761      2.584      3.749    14.4427 0.0000e+00
      2.648      0.036     6.3065     62.000     41.187  32.486410     7.7095      7.805   270.8770 8.1505e+00     3.2661      2.598      3.767    14.4426 0.0000e+00
      2.660      0.034     6.3108     62.029     41.159  32.462192     7.7221      7.805   271.0199 8.0461e+00     3.2616      2.608      3.783    14.4425 0.0000e+00
      2.670      0.032     6.3181     62.030     41.158  32.460936     7.7933      7.805   271.4424 7.9607e+00     3.2908      2.618      3.797    14.4413 0.0000e+00
      2.678      0.031     6.3234     62.010     41.171  32.471216     7.8879      7.804   271.7693 7.9122e+00     3.2768      2.629      3.812    14.4379 0.0000e+00
      2.682      0.029     6.3290     61.975     41.156  32.459688     7.9252      7.804   271.5304 7.8602e+00     3.2297      2.631      3.816    14.4333 0.0000e+00
      2.686      0.028     6.3334     61.908     41.142  32.448359     7.9195      7.804   270.9633 7.7783e+00     3.1991      2.633      3.818    14.4307 0.0000e+00
      2.694      0.028     6.3326     61.818     41.159  32.461039     7.8859      7.804   270.7634 7.6949e+00     3.1800      2.641      3.831    14.4307 0.0000e+00
      2.704      0.029     6.3302     61.740     41.193  32.486192     7.8353      7.803   270.8341 7.6273e+00     3.2034      2.652      3.847    14.4310 0.0000e+00
      2.713      0.031     6.3280     61.680     41.212  32.498872     7.8151      7.803   270.9572 7.5690e+00     3.2432      2.662      3.861    14.4315 0.0000e+00
      2.719      0.033     6.3206     61.634     41.202  32.487554     7.8076      7.803   271.1338 7.5154e+00     3.2175      2.667      3.868    14.4315 0.0000e+00
      2.726      0.034     6.3097     61.596     41.191  32.476140     7.7281      7.801   270.9907 7.4367e+00     3.1662      2.672      3.876    14.4300 0.0000e+00
      2.735      0.034     6.3017     61.532     41.207  32.487680     7.5953      7.801   270.7748 7.3252e+00     3.1696      2.682      3.890    14.4283 0.0000e+00
      2.746      0.034     6.2972     61.437     41.224  32.500266     7.5332      7.801   270.9324 7.2152e+00     3.2241      2.693      3.906    14.4255 0.0000e+00
      2.756      0.033     6.2916     61.322     41.226  32.501514     7.5267      7.800   271.0895 7.1254e+00     3.2448      2.703      3.922    14.4209 0.0000e+00
      2.765      0.031     6.2912     61.189     41.229  32.502761     7.4078      7.799   270.9538 7.0570e+00     3.2150      2.712      3.932    14.4174 0.0000e+00
      2.773      0.027     6.2845     61.035     41.247  32.515347     7.1865      7.799   270.9259 7.0005e+00     3.2387      2.719      3.943    14.4159 0.0000e+00
      2.779      0.024     6.2739     60.845     41.262  32.526884     7.0731      7.798   271.3539 6.9589e+00     3.2922      2.728      3.956    14.4154 0.0000e+00
      2.784      0.022     6.2630     60.643     41.247  32.515452     7.0689      7.797   271.9132 6.9161e+00     3.2811      2.731      3.961    14.4148 0.0000e+00
      2.787      0.021     6.2484     60.462     41.232  32.503925     7.0852      7.797   272.0966 6.8510e+00     3.2412      2.731      3.961    14.4139 0.0000e+00
      2.792      0.020     6.2352     60.303     41.244  32.514319     7.1290      7.797   271.9372 6.7890e+00     3.2204      2.737      3.970    14.4124 0.0000e+00
      2.798      0.019     6.2140     60.163     41.243  32.514310     7.1658      7.796   271.7921 6.7388e+00     3.2338      2.744      3.981    14.4116 0.0000e+00
      2.805      0.019     6.1918     60.044     41.230  32.503821     7.1889      7.795   271.7193 6.6878e+00     3.2659      2.751      3.990    14.4119 0.0000e+00
      2.811      0.019     6.1737     59.961     41.243  32.514310     7.3088      7.795   271.7448 6.6517e+00     3.3355      2.757      4.000    14.4122 0.0000e+00
      2.814      0.019     6.1575     59.938     41.242  32.514319     7.5165      7.794   272.1013 6.6318e+00     3.4271      2.759      4.002    14.4136 0.0000e+00
      2.816      0.021     6.1428     59.968     41.227  32.503937     7.6281      7.793   272.5012 6.5974e+00     3.4509      2.760      4.004    14.4147 0.0000e+00
      2.819      0.025     6.1306     60.025     41.242  32.515587     7.6423      7.792   272.4499 6.5422e+00     3.4867      2.763      4.008    14.4137 0.0000e+00
      2.825      0.028     6.1205     60.101     41.260  32.528372     7.6469      7.793   272.2560 6.4598e+00     3.5525      2.768      4.014    14.4141 0.0000e+00
      2.836      0.029     6.1182     60.185     41.266  32.531708     7.6171      7.793   272.3074 6.3443e+00     3.5291      2.779      4.031    14.4157 0.0000e+00
      2.849      0.029     6.1231     60.272     41.297  32.555927     7.5567      7.793   272.2974 6.2577e+00     3.4766      2.797      4.057    14.4169 0.0000e+00
      2.858      0.027     6.1279     60.357     41.312  32.567589     7.5241      7.793   272.1346 6.2282e+00     3.4641      2.805      4.069    14.4171 0.0000e+00
      2.861      0.023     6.1373     60.415     41.282  32.545905     7.5227      7.792   272.1468 6.2101e+00     3.4470      2.805      4.069    14.4152 0.0000e+00
      2.864      0.019     6.1461     60.433     41.282  32.547363     7.5976      7.792   272.3588 6.1864e+00     3.4068      2.809      4.073    14.4134 0.0000e+00
      2.868      0.018     6.1543     60.426     41.329  32.585214     7.7395      7.792   272.5454 6.1551e+00     3.3196      2.813      4.080    14.4130 0.0000e+00
      2.871      0.018     6.1649     60.403     41.377  32.623153     7.8067      7.792   272.5960 6.1121e+00     3.2471      2.816      4.084    14.4128 0.0000e+00
      2.875      0.020     6.1712     60.383     41.382  32.625667     7.8027      7.792   272.3685 6.0612e+00     3.2136      2.819      4.088    14.4148 0.0000e+00
      2.882      0.022     6.1711     60.391     41.370  32.615605     7.7737      7.791   272.0325 6.0085e+00     3.1869      2.826      4.098    14.4180 0.0000e+00
      2.890      0.024     6.1706     60.429     41.387  32.628297     7.7229      7.791   272.0613 5.9591e+00     3.1984      2.835      4.110    14.4193 0.0000e+00
      2.897      0.024     6.1676     60.481     41.417  32.652316     7.6954      7.790   272.2001 5.9185e+00     3.1812      2.841      4.120    14.4184 0.0000e+00
      2.902      0.024     6.1643     60.520     41.417  32.652410     7.6917      7.790   272.2484 5.8784e+00     3.1493      2.845      4.127    14.4168 0.0000e+00
      2.908      0.023     6.1661     60.550     41.389  32.629439     7.6692      7.789   272.3862 5.8289e+00     3.1891      2.851      4.135    14.4157 0.0000e+00
      2.915      0.020     6.1695     60.565     41.389  32.628183     7.6241      7.789   272.3187 5.7897e+00     3.2524      2.859      4.145    14.4152 0.0000e+00
      2.921      0.018     6.1775     60.540     41.402  32.637218     7.5946      7.789   272.0344 5.7684e+00     3.2652      2.865      4.155    14.4151 0.0000e+00
      2.924      0.016     6.1798     60.487     41.370  32.611868     7.5872      7.790   271.8732 5.7433e+00     3.2420      2.867      4.159    14.4157 0.0000e+00
      2.927      0.016     6.1830     60.426     41.323  32.575293     7.5762      7.790   271.8327 5.7101e+00     3.2449      2.870      4.163    14.4153 0.0000e+00
      2.930      0.017     6.1872     60.370     41.321  32.575406     7.5542      7.790   271.8891 5.6825e+00     3.2666      2.873      4.167    14.4134 0.0000e+00
      2.933      0.019     6.1828     60.310     41.366  32.613238     7.5293      7.790   272.0393 5.6571e+00     3.2307      2.875      4.171    14.4120 0.0000e+00
      2.938      0.022     6.1781     60.254     41.414  32.652310     7.5160      7.789   272.0998 5.6179e+00     3.1863      2.880      4.178    14.4108 0.0000e+00
      2.945      0.026     6.1700     60.233     41.434  32.667400     7.5100      7.788   272.1048 5.5699e+00     3.2077      2.888      4.188    14.4110 0.0000e+00
      2.953      0.031     6.1656     60.245     41.437  32.668886     7.4073      7.788   272.1853 5.5176e+00     3.2503      2.895      4.199    14.4136 0.0000e+00
      2.961      0.035     6.1587     60.280     41.442  32.670279     7.2055      7.788   272.2129 5.4444e+00     3.2577      2.903      4.210    14.4168 0.0000e+00
      2.970      0.038     6.1503     60.322     41.462  32.684238     7.0840      7.789   272.1805 5.3526e+00     3.1950      2.912      4.222    14.4186 0.0000e+00
      2.981      0.038     6.1493     60.362     41.499  32.710858     7.0621      7.789   272.2236 5.2697e+00     3.1407      2.923      4.238    14.4183 0.0000e+00
      2.993      0.038     6.1506     60.374     41.538  32.738527     7.0322      7.786   272.3897 5.2135e+00     3.1472      2.936      4.258    14.4163 0.0000e+00
      3.003      0.037     6.1559     60.347     41.573  32.765161     6.9812      7.784   272.5539 5.1758e+00     3.1715      2.946      4.273    14.4136 0.0000e+00
      3.012      0.035     6.1599     60.288     41.593  32.779281     6.9621      7.784   272.5739 5.1292e+00     3.2295      2.953      4.283    14.4105 0.0000e+00
      3.020      0.032     6.1661     60.208     41.599  32.782441     6.9757      7.784   272.5455 5.0627e+00     3.2676      2.961      4.294    14.4076 0.0000e+00
      3.028      0.029     6.1681     60.117     41.628  32.803359     7.0539      7.784   272.4691 5.0077e+00     3.2223      2.970      4.308    14.4054 0.0000e+00
      3.035      0.027     6.1646     59.973     41.681  32.841983     7.1999      7.783   272.4246 4.9578e+00     3.1943      2.976      4.317    14.4031 0.0000e+00
      3.040      0.026     6.1598     59.758     41.721  32.869021     7.2846      7.782   272.4373 4.8920e+00     3.2369      2.981      4.323    14.4008 0.0000e+00
      3.047      0.025     6.1492     59.522     41.737  32.876658     7.2955      7.782   272.3644 4.8476e+00     3.2591      2.988      4.334    14.3995 0.0000e+00
      3.054      0.024     6.1434     59.300     41.735  32.870911     7.2396      7.782   272.4038 4.8182e+00     3.2238      2.996      4.344    14.3980 0.0000e+00
      3.061      0.025     6.1304     59.086     41.727  32.862939     7.1169      7.781   272.4842 4.7726e+00     3.1848      3.002      4.354    14.3938 0.0000e+00
      3.067      0.028     6.1060     58.862     41.706  32.843672     7.0526      7.780   272.3897 4.7351e+00     3.1987      3.009      4.364    14.3883 0.0000e+00
      3.071      0.030     6.0817     58.635     41.691  32.828157     7.0615      7.779   272.2930 4.7139e+00     3.2551      3.011      4.367    14.3812 0.0000e+00
      3.077      0.033     6.0600     58.442     41.744  32.865557     7.0665      7.778   272.3483 4.6635e+00     3.2856      3.014      4.373    14.3761 0.0000e+00
      3.088      0.036     6.0393     58.292     41.813  32.915433     7.0620      7.778   272.4562 4.5868e+00     3.2610      3.028      4.393    14.3754 0.0000e+00
      3.100      0.038     6.0170     58.170     41.829  32.923970     7.0578      7.778   272.4791 4.5220e+00     3.1961      3.041      4.410    14.3722 0.0000e+00
      3.110      0.038     5.9923     58.063     41.807  32.905370     7.0568      7.778   272.4525 4.4582e+00     3.1835      3.050      4.423    14.3664 0.0000e+00
      3.121      0.036     5.9725     57.931     41.776  32.880762     7.0676      7.775   272.3923 4.3987e+00     3.2454      3.060      4.439    14.3621 0.0000e+00
      3.131      0.031     5.9598     57.760     41.776  32.880046     7.1376      7.774   272.3539 4.3579e+00     3.2610      3.071      4.454    14.3567 0.0000e+00
      3.138      0.027     5.9469     57.593     41.798  32.896715     7.2698      7.775   272.4193 4.3246e+00     3.2363      3.079      4.464    14.3507 0.0000e+00
      3.143      0.026     5.9388     57.469     41.793  32.892093     7.3523      7.775   272.4944 4.2956e+00     3.2202      3.082      4.471    14.3494 0.0000e+00
      3.148      0.027     5.9262     57.380     41.788  32.887567     7.3610      7.775   272.6591 4.2765e+00     3.2025      3.087      4.477    14.3495 0.0000e+00
      3.153      0.029     5.9063     57.321     41.812  32.905387     7.3575      7.774   272.8624 4.2575e+00     3.1930      3.091      4.482    14.3491 0.0000e+00
      3.158      0.033     5.8875     57.288     41.828  32.917340     7.3521      7.774   272.7146 4.2186e+00     3.1741      3.096      4.490    14.3488 0.0000e+00
      3.168      0.037     5.8757     57.259     41.811  32.905284     7.3460      7.773   272.4213 4.1500e+00     3.1790      3.106      4.505    14.3480 0.0000e+00
      3.182      0.039     5.8674     57.227     41.781  32.886434     7.3339      7.772   272.4989 4.0687e+00     3.2170      3.120      4.526    14.3473 0.0000e+00
      3.195      0.041     5.8604     57.193     41.771  32.879643     7.1559      7.772   272.8788 4.0137e+00     3.2923      3.135      4.547    14.3460 0.0000e+00
      3.205      0.041     5.8597     57.167     41.783  32.886571     6.8163      7.771   273.0563 3.9919e+00     3.4061      3.143      4.559    14.3437 0.0000e+00
      3.212      0.039     5.8554     57.152     41.815  32.906794     6.6236      7.770   272.9248 3.9560e+00     3.4314      3.149      4.567    14.3456 0.0000e+00
      3.221      0.035     5.8521     57.137     41.855  32.933942     6.5992      7.769   272.9241 3.8952e+00     3.4280      3.158      4.580    14.3530 0.0000e+00
      3.233      0.032     5.8473     57.117     41.891  32.961195     6.6295      7.768   273.0476 3.8530e+00     3.5358      3.171      4.599    14.3562 0.0000e+00
      3.243      0.030     5.8447     57.092     41.919  32.982694     6.6977      7.766   272.9550 3.8341e+00     3.6766      3.182      4.615    14.3520 0.0000e+00
      3.248      0.029     5.8454     57.069     41.948  33.003673     6.7336      7.765   272.7511 3.8206e+00     3.7298      3.186      4.620    14.3441 0.0000e+00
      3.252      0.028     5.8443     57.032     41.978  33.024634     6.7387      7.765   272.7334 3.8018e+00     3.7002      3.188      4.622    14.3379 0.0000e+00
      3.258      0.027     5.8430     56.969     42.010  33.045914     6.8015      7.764   272.8268 3.7697e+00     3.6951      3.194      4.632    14.3371 0.0000e+00
      3.266      0.027     5.8390     56.883     42.047  33.070758     6.9263      7.762   272.9347 3.7270e+00     3.7357      3.202      4.645    14.3382 0.0000e+00
      3.274      0.027     5.8383     56.790     42.052  33.071392     6.9994      7.760   273.1764 3.6807e+00     3.7476      3.211      4.657    14.3366 0.0000e+00
      3.283      0.025     5.8351     56.680     42.030  33.053582     7.0114      7.758   273.1681 3.6425e+00     3.7024      3.219      4.669    14.3323 0.0000e+00
      3.290      0.021     5.8298     56.540     42.018  33.045627     7.0129      7.757   272.7486 3.6264e+00     3.6678      3.228      4.682    14.3277 0.0000e+00
      3.295      0.017     5.8200     56.404     42.006  33.038621     6.9837      7.757   272.4934 3.6246e+00     3.7045      3.232      4.688    14.3222 0.0000e+00
      3.297      0.014     5.8119     56.280     41.996  33.032280     6.9332      7.757   272.4909 3.6188e+00     3.7360      3.232      4.688    14.3173 0.0000e+00
      3.298      0.014     5.8026     56.147     41.995  33.032364     6.9024      7.756   272.5463 3.6083e+00     3.7066      3.234      4.690    14.3167 0.0000e+00
