Data/DataNotYetUploadedToEDI/Raw_CTD/RawDownloads/101722_fcr50_S7809001.cnv
* Sea-Bird SBE19plus  Data File:
* FileName = C:\R\Reservoirs\Data\DataNotYetUploadedToEDI\Raw_CTD\RawDownloads\101722_fcr50_S7809_0001.hex
* Software version 2.8.0.119
* Temperature SN = 7809
* Conductivity SN = 7809
* System UpLoad Time = Oct 26 2022 16:52:57
* <ApplicationData>
* <Seaterm232>
# nquan = 15
# nvalues = 1473                        
# units = specified
# name 0 = depFM: Depth [fresh water, m]
# name 1 = dz/dtM: Descent Rate [m/s]
# name 2 = sbeox0Mg/L: Oxygen, SBE 43 [mg/l]
# name 3 = sbeox0PS: Oxygen, SBE 43 [% saturation]
# name 4 = specc: Specific Conductance [uS/cm]
# name 5 = c0uS/cm: Conductivity [uS/cm]
# name 6 = flECO-AFL: Fluorescence, WET Labs ECO-AFL/FL [mg/m^3]
# name 7 = ph: pH
# name 8 = orp: Oxidation Reduction Potential [mV]
# name 9 = par/sat/log: PAR/Logarithmic, Satlantic
# name 10 = turbWETntu0: Turbidity, WET Labs ECO [NTU]
# name 11 = prdM: Pressure, Strain Gauge [db]
# name 12 = prdE: Pressure, Strain Gauge [psi]
# name 13 = tv290C: Temperature [ITS-90, deg C]
# name 14 = flag:  0.000e+00
# span 0 =     -0.750,      9.588       
# span 1 =     -0.429,      0.206       
# span 2 =     0.0507,     7.6430       
# span 3 =      0.486,     76.153       
# span 4 =      1.428,    578.203       
# span 5 =   1.201770, 435.579884       
# span 6 =    -0.1640,     8.3096       
# span 7 =     -2.600,      8.388       
# span 8 = -1240.7455,  1143.6141       
# span 9 = 1.2366e-01, 1.4606e+02       
# span 10 =    -0.3223,   159.4481      
# span 11 =     -0.736,      9.403      
# span 12 =     -1.068,     13.638      
# span 13 =    12.6473,    17.0770      
# span 14 = 0.0000e+00, 0.0000e+00      
# interval = seconds: 0.25
# start_time = Oct 17 2022 07:51:14 [Instrument's time stamp, header]
# bad_flag = -9.990e-29
*END*
[from data line 1254]
      8.226     -0.195     0.0561      0.486    569.639 428.950314     1.7415      8.256   192.4571 1.2390e-01    76.8107      8.077     11.714    12.6484 0.0000e+00
      8.230     -0.216     0.0563      0.493    565.619 425.929779     1.7797      8.243   193.5639 1.2383e-01    77.7537      8.081     11.720    12.6475 0.0000e+00
      8.204     -0.288     0.0528      0.513    562.523 423.604044     1.7795      8.231   194.4334 1.2380e-01    77.6965      8.060     11.689    12.6473 0.0000e+00
      8.126     -0.364     0.0507      0.530    552.782 416.275621     1.7304      8.221   195.0543 1.2383e-01    76.0155      8.001     11.605    12.6475 0.0000e+00
      7.969     -0.400     0.0520      0.533    518.055 390.137760     1.6440      8.212   195.7367 1.2384e-01    73.0396      7.839     11.370    12.6480 0.0000e+00
      7.766     -0.385     0.0509      0.528    456.883 344.092106     1.5930      8.203   195.8017 1.2383e-01    71.4350      7.592     11.012    12.6487 0.0000e+00
      7.615     -0.329     0.0548      0.525    375.773 283.043963     1.5961      8.193   195.4949 1.2380e-01    71.2002      7.421     10.764    12.6492 0.0000e+00
      7.567     -0.245     0.0570      0.525    265.925 200.364814     1.6062      8.184   195.8990 1.2373e-01    70.3710      7.400     10.733    12.6496 0.0000e+00
      7.580     -0.164     0.0565      0.512    150.025 113.132869     1.5911      8.174   196.9022 1.2373e-01    68.8564      7.440     10.791    12.6508 0.0000e+00
      7.594     -0.134     0.0561      0.496     85.883  64.899235     1.5801      8.163   198.5044 1.2383e-01    68.0198      7.455     10.812    12.6534 0.0000e+00
      7.591     -0.184     0.0547      0.498     70.293  53.245333     1.5891      8.151   199.8696 1.2388e-01    67.9754      7.446     10.800    12.6567 0.0000e+00
      7.567     -0.288     0.0568      0.536     66.587  50.524965     1.5839      8.140   200.4176 1.2389e-01    68.2517      7.437     10.786    12.6710 0.0000e+00
      7.495     -0.383     0.0543      0.668     65.282  49.587245     1.5580      8.129   200.7413 1.2387e-01    68.7983      7.384     10.710    12.7158 0.0000e+00
      7.340     -0.429     0.0515      0.967     64.741  49.205258     1.5423      8.118   201.2023 1.2382e-01    69.1187      7.225     10.479    12.7956 0.0000e+00
      7.131     -0.420     0.0521      1.473     64.474  49.015778     1.5361      8.108   201.9486 1.2383e-01    69.1202      6.979     10.122    12.8842 0.0000e+00
      6.956     -0.368     0.0531      2.193     64.375  48.946097     1.5335      8.098   202.7094 1.2391e-01    69.0557      6.778      9.831    12.9464 0.0000e+00
      6.881     -0.285     0.0641      3.106     64.357  48.933839     1.5438      8.091   203.0876 1.2392e-01    68.5431      6.718      9.743    12.9821 0.0000e+00
      6.883     -0.200     0.0938      4.141     64.353  48.931034     1.5523      8.081   203.3377 1.2385e-01    67.5680      6.750      9.790    13.0027 0.0000e+00
      6.899     -0.157     0.1473      5.198     64.412  48.975647     1.5441      8.070   204.0134 1.2380e-01    67.0357      6.775      9.827    13.0112 0.0000e+00
      6.898     -0.182     0.2237      6.196     64.480  49.029068     1.5286      8.060   204.7180 1.2377e-01    67.0262      6.769      9.819    13.0138 0.0000e+00
      6.872     -0.253     0.3219      7.073     64.446  49.005868     1.5388      8.051   205.2312 1.2374e-01    67.4875      6.757      9.800    13.0142 0.0000e+00
      6.796     -0.318     0.4362      7.819     64.369  48.948950     1.5758      8.043   205.4862 1.2373e-01    68.3777      6.695      9.710    13.0143 0.0000e+00
      6.651     -0.344     0.5491      8.415     64.319  48.911971     1.6023      8.035   205.3063 1.2378e-01    68.8731      6.535      9.479    13.0145 0.0000e+00
      6.481     -0.329     0.6579      8.828     64.272  48.876041     1.6088      8.027   205.3803 1.2383e-01    68.9006      6.333      9.186    13.0154 0.0000e+00
      6.365     -0.283     0.7496      9.101     64.215  48.831795     1.6300      8.020   206.0359 1.2381e-01    68.5391      6.204      8.998    13.0173 0.0000e+00
      6.333     -0.223     0.8278      9.273     64.202  48.821166     1.6838      8.012   206.8668 1.2378e-01    67.8837      6.197      8.988    13.0193 0.0000e+00
      6.342     -0.182     0.8949      9.384     64.273  48.874440     1.7265      8.002   207.2527 1.2384e-01    67.5691      6.227      9.032    13.0202 0.0000e+00
      6.343     -0.187     0.9338      9.487     64.313  48.904845     1.7309      7.992   207.2599 1.2389e-01    67.6042      6.225      9.029    13.0200 0.0000e+00
      6.322     -0.235     0.9621      9.579     64.268  48.871525     1.7283      7.983   207.4700 1.2388e-01    68.2401      6.209      9.006    13.0191 0.0000e+00
      6.264     -0.288     0.9793      9.643     64.157  48.788837     1.7444      7.975   207.8139 1.2386e-01    69.4162      6.171      8.949    13.0181 0.0000e+00
      6.140     -0.312     0.9874      9.702     63.994  48.666525     1.7591      7.966   208.1492 1.2384e-01    70.0393      6.044      8.766    13.0175 0.0000e+00
      5.975     -0.299     0.9995      9.794     63.903  48.598284     1.7648      7.957   208.4272 1.2376e-01    70.1034      5.839      8.469    13.0176 0.0000e+00
      5.856     -0.254     1.0099      9.885     63.903  48.598282     1.7892      7.950   208.5075 1.2373e-01    70.2602      5.701      8.269    13.0186 0.0000e+00
      5.826     -0.187     1.0165      9.940     63.910  48.603047     1.8207      7.943   208.6034 1.2379e-01    70.5003      5.698      8.263    13.0199 0.0000e+00
      5.841     -0.120     1.0189      9.995     63.897  48.592444     1.8294      7.935   208.8987 1.2388e-01    70.5810      5.737      8.321    13.0209 0.0000e+00
      5.850     -0.096     1.0313     10.076     63.904  48.596988     1.8193      7.925   209.5817 1.2389e-01    70.4849      5.741      8.328    13.0216 0.0000e+00
      5.847     -0.144     1.0436     10.168     63.984  48.657996     1.7901      7.915   210.4096 1.2389e-01    69.6795      5.731      8.312    13.0222 0.0000e+00
      5.834     -0.243     1.0457     10.238     64.115  48.759013     1.7511      7.906   210.7343 1.2404e-01    68.1870      5.734      8.316    13.0222 0.0000e+00
      5.784     -0.336     1.0515     10.299     64.170  48.803130     1.7303      7.897   210.6688 1.2569e-01    67.3332      5.703      8.271    13.0212 0.0000e+00
      5.656     -0.384     1.0600     10.379     64.094  48.747236     1.7216      7.888   210.8227 1.4353e-01    67.2132      5.578      8.089    13.0203 0.0000e+00
      5.465     -0.384     1.0725     10.450     63.970  48.654285     1.7123      7.880   211.3894 1.9420e-01    67.0780      5.352      7.763    13.0202 0.0000e+00
      5.291     -0.343     1.0787     10.493     63.855  48.567615     1.7100      7.875   211.8425 2.3600e-01    66.1421      5.146      7.464    13.0213 0.0000e+00
      5.210     -0.268     1.0822     10.517     63.798  48.524217     1.7186      7.869   211.8272 2.1238e-01    64.5391      5.078      7.365    13.0234 0.0000e+00
      5.210     -0.181     1.0939     10.534     63.779  48.510282     1.7250      7.861   211.7210 1.6096e-01    63.6836      5.108      7.408    13.0252 0.0000e+00
      5.226     -0.124     1.1016     10.555     63.799  48.526039     1.7204      7.852   212.2785 1.3855e-01    63.5857      5.133      7.444    13.0262 0.0000e+00
      5.229     -0.137     1.1053     10.574     63.880  48.587826     1.7214      7.844   213.3204 1.3403e-01    63.2531      5.130      7.440    13.0265 0.0000e+00
      5.219     -0.216     1.1077     10.584     63.925  48.622827     1.7371      7.836   214.0789 1.3931e-01    62.6348      5.126      7.435    13.0267 0.0000e+00
      5.177     -0.309     1.1086     10.599     63.851  48.568518     1.7606      7.828   214.3090 1.9249e-01    62.3270      5.102      7.400    13.0271 0.0000e+00
      5.067     -0.368     1.1113     10.642     63.508  48.311907     1.7806      7.819   214.1236 3.6122e-01    62.1958      4.999      7.252    13.0276 0.0000e+00
      4.891     -0.379     1.1138     10.691     62.994  47.931347     1.8372      7.814   214.0739 6.2144e-01    60.5706      4.798      6.959    13.0278 0.0000e+00
      4.715     -0.349     1.1144     10.728     62.598  47.647427     1.9293      7.809   214.3101 7.9594e-01    57.5700      4.588      6.654    13.0275 0.0000e+00
      4.618     -0.283     1.1140     10.765     62.268  47.417116     1.9785      7.805   214.4849 7.8072e-01    55.9081      4.496      6.522    13.0293 0.0000e+00
      4.601     -0.196     1.1202     10.821     62.013  47.240545     2.0075      7.801   214.4669 6.8787e-01    55.6091      4.508      6.540    13.0319 0.0000e+00
      4.609     -0.122     1.1264     10.931     62.057  47.289120     2.1219      7.796   214.0919 6.4219e-01    53.8179      4.526      6.564    13.0383 0.0000e+00
      4.609     -0.104     1.1283     11.098     62.319  47.496856     2.3042      7.791   213.7364 6.0507e-01    50.4760      4.519      6.554    13.0545 0.0000e+00
      4.606     -0.156     1.1324     11.295     62.282  47.468095     2.3969      7.786   214.2126 5.5517e-01    48.6105      4.518      6.555    13.0723 0.0000e+00
      4.589     -0.249     1.1352     11.526     61.759  47.068280     2.3937      7.782   215.2036 5.9725e-01    48.3421      4.516      6.550    13.0868 0.0000e+00
      4.526     -0.333     1.1463     11.790     61.045  46.533100     2.3743      7.780   215.7380 8.1371e-01    47.5731      4.465      6.476    13.0998 0.0000e+00
      4.397     -0.378     1.1662     12.073     60.410  46.073102     2.3370      7.779   215.4254 1.1883e+00    46.2470      4.331      6.281    13.1083 0.0000e+00
      4.222     -0.379     1.1853     12.349     59.706  45.567074     2.3094      7.776   214.9512 1.6058e+00    45.5614      4.134      5.996    13.1049 0.0000e+00
      4.066     -0.339     1.2106     12.604     58.812  44.919309     2.3063      7.774   215.0807 1.8392e+00    45.4672      3.956      5.738    13.0992 0.0000e+00
      3.983     -0.267     1.2384     12.874     57.990  44.331561     2.3159      7.773   215.5288 1.7814e+00    45.0732      3.877      5.623    13.1062 0.0000e+00
      3.969     -0.188     1.2684     13.211     57.724  44.170396     2.4925      7.771   215.8950 1.6324e+00    41.6518      3.888      5.639    13.1287 0.0000e+00
      3.977     -0.143     1.2981     13.636     58.271  44.620108     2.8272      7.768   216.0669 1.5559e+00    35.4925      3.905      5.663    13.1557 0.0000e+00
      3.980     -0.162     1.3219     14.151     58.609  44.884145     2.9997      7.764   216.0582 1.5243e+00    32.1911      3.904      5.662    13.1840 0.0000e+00
      3.967     -0.231     1.3468     14.769     58.130  44.508065     2.9888      7.760   216.1341 1.5790e+00    31.9994      3.903      5.661    13.2203 0.0000e+00
      3.914     -0.306     1.3803     15.493     57.224  43.815969     2.9037      7.756   216.2969 1.8761e+00    32.8334      3.867      5.607    13.2587 0.0000e+00
      3.793     -0.349     1.4240     16.251     55.864  42.796524     2.7779      7.753   216.3912 2.4849e+00    34.4868      3.744      5.430    13.2934 0.0000e+00
      3.620     -0.351     1.4776     16.935     54.455  41.760872     2.7249      7.749   216.4999 3.1790e+00    35.4233      3.540      5.135    13.2945 0.0000e+00
      3.470     -0.314     1.5418     17.532     53.799  41.316580     2.7452      7.746   216.5795 3.5122e+00    35.3433      3.365      4.880    13.2738 0.0000e+00
      3.402     -0.245     1.6199     18.078     53.947  41.484350     2.9072      7.745   216.5796 3.4012e+00    33.3487      3.314      4.807    13.2742 0.0000e+00
      3.396     -0.168     1.7055     18.638     54.265  41.759646     3.1942      7.745   216.5864 3.2112e+00    29.6500      3.331      4.831    13.2952 0.0000e+00
      3.402     -0.119     1.7740     19.318     54.294  41.790806     3.3427      7.743   216.6623 3.1062e+00    27.6175      3.340      4.843    13.3343 0.0000e+00
      3.403     -0.130     1.8326     20.171     54.224  41.734257     3.3547      7.740   217.0673 3.0176e+00    27.4246      3.339      4.842    13.3969 0.0000e+00
      3.394     -0.198     1.8859     21.118     54.199  41.710233     3.3639      7.738   217.6971 3.0576e+00    27.0786      3.338      4.841    13.4566 0.0000e+00
      3.353     -0.278     1.9374     22.028     53.847  41.436911     3.3634      7.738   217.6524 3.4475e+00    26.4396      3.311      4.801    13.4814 0.0000e+00
      3.256     -0.331     2.0060     22.847     52.817  40.649597     3.3484      7.739   217.0434 4.2471e+00    26.0866      3.215      4.664    13.4848 0.0000e+00
      3.105     -0.346     2.0978     23.535     51.517  39.675446     3.3574      7.740   216.9580 5.2771e+00    25.9536      3.050      4.423    13.4808 0.0000e+00
      2.951     -0.323     2.2047     24.073     50.717  39.109155     3.5298      7.740   217.4798 6.0667e+00    24.9000      2.866      4.158    13.4743 0.0000e+00
      2.856     -0.270     2.2991     24.493     50.343  38.876723     3.8259      7.739   218.0183 6.2269e+00    22.9803      2.771      4.019    13.4709 0.0000e+00
      2.830     -0.207     2.3865     24.856     50.229  38.831302     3.9744      7.737   218.2205 6.0065e+00    21.9065      2.770      4.019    13.4721 0.0000e+00
      2.829     -0.171     2.4594     25.319     50.584  39.130807     3.9857      7.735   218.2894 5.8212e+00    21.7542      2.776      4.027    13.4928 0.0000e+00
      2.828     -0.187     2.5080     26.018     51.162  39.580582     3.9957      7.733   218.5936 5.7586e+00    21.6854      2.775      4.024    13.5520 0.0000e+00
      2.811     -0.248     2.5501     26.953     51.505  39.829833     4.0128      7.733   218.8016 6.0222e+00    21.4505      2.773      4.022    13.6158 0.0000e+00
      2.751     -0.318     2.5762     28.022     51.078  39.480623     4.0341      7.735   218.6527 6.9781e+00    21.0657      2.725      3.952    13.6563 0.0000e+00
      2.624     -0.359     2.6171     29.048     50.013  38.656293     4.0370      7.738   218.5151 8.5852e+00    20.8593      2.593      3.761    13.6849 0.0000e+00
      2.455     -0.361     2.6908     29.900     49.183  38.044494     4.0398      7.740   218.5999 1.0261e+01    20.7998      2.398      3.478    13.6867 0.0000e+00
      2.311     -0.326     2.7913     30.515     48.633  37.664589     4.1257      7.740   218.9899 1.1221e+01    20.4824      2.233      3.239    13.6644 0.0000e+00
      2.239     -0.263     2.9138     30.920     48.102  37.297329     4.2681      7.738   219.5309 1.1291e+01    19.8905      2.175      3.156    13.6373 0.0000e+00
      2.223     -0.203     3.0240     31.233     48.034  37.282281     4.3381      7.736   219.9784 1.1079e+01    19.5531      2.180      3.161    13.6303 0.0000e+00
      2.223     -0.184     3.1130     31.607     48.507  37.672928     4.3403      7.735   220.3560 1.0948e+01    19.4433      2.181      3.162    13.6671 0.0000e+00
      2.218     -0.222     3.1721     32.137     48.882  37.961874     4.2951      7.736   220.5697 1.1009e+01    19.1091      2.180      3.161    13.7231 0.0000e+00
      2.189     -0.290     3.2062     32.839     48.768  37.858664     4.2146      7.739   220.4974 1.1803e+01    18.6548      2.169      3.146    13.7666 0.0000e+00
      2.099     -0.345     3.2295     33.694     48.153  37.376281     4.1830      7.742   220.3423 1.3920e+01    18.4601      2.091      3.033    13.8083 0.0000e+00
      1.935     -0.366     3.2612     34.612     47.336  36.758934     4.2043      7.745   220.3285 1.6964e+01    18.3951      1.905      2.764    13.8410 0.0000e+00
