Data/DataNotYetUploadedToEDI/Raw_CTD/RawDownloads/101723_fcr50_S7809002.cnv
* Sea-Bird SBE19plus  Data File:
* FileName = C:\R\Reservoirs\Data\DataNotYetUploadedToEDI\Raw_CTD\RawDownloads\101723_bvr50_S7809_0002.hex
* Software version 2.8.0.119
* Temperature SN = 7809
* Conductivity SN = 7809
* System UpLoad Time = Oct 18 2023 15:21:22
* <ApplicationData>
* <Seaterm232>
# nquan = 15
# nvalues = 1016                        
# units = specified
# name 0 = depFM: Depth [fresh water, m]
# name 1 = dz/dtM: Descent Rate [m/s]
# name 2 = sbeox0Mg/L: Oxygen, SBE 43 [mg/l]
# name 3 = sbeox0PS: Oxygen, SBE 43 [% saturation]
# name 4 = specc: Specific Conductance [uS/cm]
# name 5 = c0uS/cm: Conductivity [uS/cm]
# name 6 = flECO-AFL: Fluorescence, WET Labs ECO-AFL/FL [mg/m^3]
# name 7 = ph: pH
# name 8 = orp: Oxidation Reduction Potential [mV]
# name 9 = par/sat/log: PAR/Logarithmic, Satlantic
# name 10 = turbWETntu0: Turbidity, WET Labs ECO [NTU]
# name 11 = prdM: Pressure, Strain Gauge [db]
# name 12 = prdE: Pressure, Strain Gauge [psi]
# name 13 = tv290C: Temperature [ITS-90, deg C]
# name 14 = flag:  0.000e+00
# span 0 =     -0.664,      9.478       
# span 1 =     -0.387,      0.148       
# span 2 =     0.7001,     9.0320       
# span 3 =      6.646,     90.246       
# span 4 =      0.290,    459.748       
# span 5 =   0.231954, 343.956698       
# span 6 =    -0.1380,     8.1249       
# span 7 =     -2.391,      6.423       
# span 8 = -1240.7455,   479.7409       
# span 9 = 1.2367e-01, 3.2635e+02       
# span 10 =     0.9476,    80.9321      
# span 11 =     -0.651,      9.296      
# span 12 =     -0.944,     13.482      
# span 13 =    12.3991,    15.5220      
# span 14 = 0.0000e+00, 0.0000e+00      
# interval = seconds: 0.25
# start_time = Oct 17 2023 13:34:15 [Instrument's time stamp, header]
# bad_flag = -9.990e-29
*END*
[from data line 386]
      1.560      0.047     7.2064     71.986     45.747  37.053007     6.1008      6.324   245.9060 3.6267e+01     3.4773      1.528      2.217    15.4908 0.0000e+00
      1.573      0.046     7.1971     72.044     45.759  37.062676     6.2018      6.325   246.0958 3.5874e+01     3.4802      1.542      2.236    15.4917 0.0000e+00
      1.584      0.046     7.1758     72.059     45.749  37.054548     6.2070      6.326   246.2649 3.5529e+01     3.4538      1.554      2.254    15.4927 0.0000e+00
      1.594      0.047     7.1732     72.064     45.704  37.018192     6.3298      6.329   246.4019 3.5245e+01     3.4654      1.563      2.268    15.4938 0.0000e+00
      1.606      0.048     7.1807     72.082     45.687  37.003823     6.5718      6.331   246.3762 3.4916e+01     3.5523      1.574      2.283    15.4946 0.0000e+00
      1.619      0.049     7.1904     72.118     45.692  37.007728     6.7106      6.332   246.2119 3.4516e+01     3.6160      1.587      2.302    15.4947 0.0000e+00
      1.632      0.049     7.1880     72.171     45.685  37.001945     6.7179      6.333   246.2228 3.4121e+01     3.5874      1.600      2.321    15.4944 0.0000e+00
      1.645      0.049     7.1890     72.234     45.679  36.997359     6.6017      6.333   246.4219 3.3761e+01     3.5138      1.612      2.340    15.4939 0.0000e+00
      1.658      0.047     7.1902     72.319     45.701  37.015730     6.3965      6.334   246.7261 3.3398e+01     3.4768      1.626      2.359    15.4937 0.0000e+00
      1.672      0.045     7.1937     72.417     45.723  37.033712     6.2925      6.334   246.9755 3.3079e+01     3.5166      1.641      2.380    15.4936 0.0000e+00
      1.683      0.045     7.2003     72.527     45.713  37.024411     6.2843      6.333   246.7696 3.2870e+01     3.5514      1.652      2.396    15.4935 0.0000e+00
      1.691      0.046     7.2046     72.637     45.720  37.030181     6.3473      6.331   246.3021 3.2678e+01     3.5211      1.658      2.404    15.4936 0.0000e+00
      1.700      0.048     7.2147     72.715     45.732  37.040016     6.4878      6.329   246.3130 3.2372e+01     3.4922      1.665      2.415    15.4938 0.0000e+00
      1.714      0.050     7.2236     72.728     45.703  37.016418     6.5846      6.329   246.6431 3.1978e+01     3.5097      1.680      2.436    15.4935 0.0000e+00
      1.730      0.052     7.2354     72.678     45.681  36.998685     6.6026      6.331   246.8525 3.1611e+01     3.5277      1.697      2.461    15.4931 0.0000e+00
      1.745      0.054     7.2474     72.573     45.702  37.015966     6.4816      6.332   246.7799 3.1311e+01     3.5040      1.712      2.483    15.4931 0.0000e+00
      1.759      0.057     7.2571     72.425     45.726  37.034998     6.2371      6.332   246.4536 3.1041e+01     3.4626      1.725      2.501    15.4932 0.0000e+00
      1.772      0.059     7.2578     72.282     45.730  37.038431     6.0926      6.329   246.3484 3.0788e+01     3.4366      1.738      2.521    15.4935 0.0000e+00
      1.784      0.061     7.2516     72.122     45.754  37.057467     6.0826      6.327   246.4550 3.0526e+01     3.4634      1.749      2.537    15.4936 0.0000e+00
      1.799      0.063     7.2432     71.901     45.776  37.074801     6.0999      6.328   246.5379 3.0169e+01     3.5137      1.762      2.555    15.4932 0.0000e+00
      1.819      0.065     7.2236     71.688     45.756  37.057654     6.1185      6.328   246.5757 2.9764e+01     3.4977      1.784      2.588    15.4928 0.0000e+00
      1.839      0.065     7.2108     71.545     45.737  37.040505     6.1325      6.329   246.6541 2.9438e+01     3.4406      1.806      2.620    15.4927 0.0000e+00
      1.856      0.065     7.2000     71.472     45.762  37.057811     6.1360      6.329   246.7966 2.9177e+01     3.4386      1.821      2.640    15.4929 0.0000e+00
      1.871      0.064     7.1715     71.455     45.787  37.076536     6.1445      6.330   246.8365 2.8969e+01     3.5076      1.836      2.663    15.4927 0.0000e+00
      1.884      0.064     7.1492     71.489     45.788  37.076536     6.1931      6.332   246.7921 2.8793e+01     3.5240      1.848      2.681    15.4916 0.0000e+00
      1.898      0.064     7.1357     71.588     45.766  37.057811     6.2664      6.333   246.7766 2.8528e+01     3.4653      1.860      2.698    15.4895 0.0000e+00
      1.916      0.065     7.1292     71.738     45.746  37.040504     6.3059      6.333   247.0787 2.8191e+01     3.4474      1.878      2.724    15.4865 0.0000e+00
      1.935      0.067     7.1287     71.878     45.768  37.057640     6.3130      6.334   247.6063 2.7871e+01     3.4436      1.898      2.752    15.4843 0.0000e+00
      1.954      0.068     7.1309     71.972     45.791  37.074632     6.3193      6.335   247.8212 2.7591e+01     3.4536      1.917      2.781    15.4831 0.0000e+00
      1.970      0.067     7.1411     72.005     45.770  37.055586     6.3326      6.335   247.7843 2.7331e+01     3.5001      1.932      2.803    15.4822 0.0000e+00
      1.987      0.066     7.1590     71.956     45.725  37.017721     6.3324      6.336   247.6760 2.7036e+01     3.4937      1.947      2.823    15.4816 0.0000e+00
      2.005      0.063     7.1751     71.849     45.703  36.997531     6.3082      6.337   247.4576 2.6758e+01     3.4782      1.967      2.853    15.4806 0.0000e+00
      2.021      0.061     7.1832     71.728     45.711  37.001834     6.2819      6.338   247.6398 2.6537e+01     3.4845      1.983      2.876    15.4791 0.0000e+00
      2.035      0.059     7.1898     71.638     45.720  37.006288     6.2643      6.338   248.2437 2.6302e+01     3.4320      1.996      2.893    15.4771 0.0000e+00
      2.050      0.057     7.1833     71.628     45.701  36.987919     6.2610      6.339   248.5649 2.6080e+01     3.3216      2.011      2.916    15.4745 0.0000e+00
      2.064      0.054     7.1712     71.682     45.683  36.970102     6.2587      6.339   248.5983 2.5875e+01     3.2092      2.024      2.936    15.4727 0.0000e+00
      2.077      0.051     7.1590     71.771     45.700  36.981223     6.2121      6.339   248.5608 2.5628e+01     3.1997      2.036      2.953    15.4707 0.0000e+00
      2.091      0.048     7.1465     71.897     45.720  36.995473     6.1300      6.340   248.6279 2.5393e+01     3.2759      2.051      2.975    15.4677 0.0000e+00
      2.104      0.044     7.1479     72.025     45.747  37.015492     6.0899      6.341   248.8930 2.5233e+01     3.3104      2.064      2.993    15.4644 0.0000e+00
      2.114      0.041     7.1561     72.125     45.771  37.032902     6.1023      6.343   249.0993 2.5126e+01     3.2749      2.074      3.007    15.4605 0.0000e+00
      2.123      0.039     7.1631     72.169     45.751  37.015611     6.1132      6.344   249.1428 2.5025e+01     3.2226      2.083      3.022    15.4573 0.0000e+00
      2.132      0.038     7.1787     72.096     45.729  36.996784     6.1721      6.345   249.1613 2.4919e+01     3.2249      2.091      3.033    15.4551 0.0000e+00
      2.140      0.039     7.1931     71.932     45.728  36.995629     6.3058      6.347   249.2371 2.4827e+01     3.2681      2.098      3.043    15.4525 0.0000e+00
      2.149      0.042     7.2024     71.752     45.737  37.001652     6.3901      6.348   249.1983 2.4708e+01     3.3015      2.107      3.054    15.4501 0.0000e+00
      2.159      0.046     7.2125     71.595     45.746  37.006151     6.4085      6.349   249.1232 2.4499e+01     3.3206      2.115      3.069    15.4492 0.0000e+00
      2.172      0.051     7.2029     71.473     45.725  36.986562     6.4623      6.350   249.2748 2.4235e+01     3.3627      2.130      3.090    15.4490 0.0000e+00
      2.187      0.056     7.1824     71.371     45.688  36.955157     6.5496      6.351   249.4823 2.3971e+01     3.4351      2.145      3.112    15.4483 0.0000e+00
      2.202      0.059     7.1651     71.302     45.677  36.943716     6.6066      6.352   249.5668 2.3702e+01     3.5122      2.159      3.131    15.4467 0.0000e+00
      2.217      0.059     7.1481     71.290     45.720  36.975129     6.6191      6.353   249.3512 2.3419e+01     3.5777      2.174      3.153    15.4435 0.0000e+00
      2.234      0.057     7.1382     71.285     45.777  37.017698     6.5588      6.354   248.9403 2.3095e+01     3.5786      2.190      3.177    15.4408 0.0000e+00
      2.251      0.053     7.1281     71.230     45.777  37.014227     6.4433      6.356   248.8148 2.2802e+01     3.5226      2.208      3.205    15.4393 0.0000e+00
      2.266      0.048     7.1182     71.142     45.759  36.996606     6.3883      6.358   248.9518 2.2643e+01     3.4813      2.225      3.227    15.4368 0.0000e+00
      2.275      0.044     7.1214     71.066     45.761  36.995004     6.3925      6.360   249.2206 2.2550e+01     3.4898      2.232      3.237    15.4338 0.0000e+00
      2.282      0.041     7.1236     71.003     45.764  36.994859     6.3698      6.362   249.4827 2.2421e+01     3.4881      2.237      3.245    15.4294 0.0000e+00
      2.291      0.039     7.1182     70.942     45.768  36.994836     6.3214      6.363   249.2819 2.2262e+01     3.4267      2.246      3.257    15.4244 0.0000e+00
      2.301      0.038     7.1071     70.892     45.771  36.994722     6.2988      6.365   248.8579 2.2074e+01     3.3966      2.256      3.272    15.4214 0.0000e+00
      2.312      0.039     7.1004     70.838     45.771  36.993478     6.3210      6.365   248.8306 2.1862e+01     3.4658      2.268      3.289    15.4188 0.0000e+00
      2.323      0.040     7.0960     70.780     45.755  36.979799     6.3736      6.366   249.1239 2.1665e+01     3.5115      2.279      3.306    15.4152 0.0000e+00
      2.333      0.041     7.0885     70.733     45.727  36.956238     6.4183      6.367   249.4784 2.1480e+01     3.4027      2.288      3.319    15.4108 0.0000e+00
      2.341      0.042     7.0861     70.720     45.737  36.962427     6.4292      6.369   249.5898 2.1297e+01     3.2772      2.295      3.330    15.4081 0.0000e+00
      2.351      0.044     7.0796     70.700     45.774  36.991174     6.4308      6.370   249.4379 2.1093e+01     3.2243      2.305      3.344    15.4076 0.0000e+00
      2.362      0.046     7.0744     70.607     45.769  36.986541     6.4373      6.370   249.3627 2.0819e+01     3.1734      2.316      3.359    15.4073 0.0000e+00
      2.376      0.046     7.0680     70.511     45.749  36.969855     6.4833      6.371   249.3696 2.0509e+01     3.2427      2.329      3.378    15.4061 0.0000e+00
      2.391      0.045     7.0676     70.479     45.764  36.979788     6.5624      6.371   249.4338 2.0235e+01     3.4126      2.345      3.401    15.4043 0.0000e+00
      2.404      0.044     7.0724     70.476     45.768  36.979737     6.5943      6.372   249.5373 2.0021e+01     3.4515      2.358      3.421    15.4025 0.0000e+00
      2.413      0.044     7.0572     70.460     45.758  36.969227     6.6027      6.374   249.6738 1.9863e+01     3.4064      2.368      3.434    15.4021 0.0000e+00
      2.420      0.045     7.0444     70.420     45.773  36.979620     6.7295      6.374   249.8806 1.9669e+01     3.4132      2.372      3.441    15.4015 0.0000e+00
      2.429      0.048     7.0451     70.415     45.774  36.978485     6.9540      6.374   250.0590 1.9404e+01     3.4315      2.381      3.453    15.3991 0.0000e+00
      2.442      0.052     7.0457     70.487     45.748  36.955497     7.0623      6.375   250.1965 1.9134e+01     3.4225      2.394      3.472    15.3958 0.0000e+00
      2.458      0.056     7.0463     70.567     45.748  36.955487     7.0493      6.375   250.2522 1.8857e+01     3.4066      2.409      3.494    15.3929 0.0000e+00
      2.476      0.057     7.0396     70.581     45.778  36.978362     6.9625      6.375   250.3022 1.8576e+01     3.4097      2.428      3.522    15.3903 0.0000e+00
      2.493      0.057     7.0364     70.556     45.780  36.978258     6.8116      6.376   250.4564 1.8333e+01     3.4603      2.447      3.548    15.3880 0.0000e+00
      2.507      0.057     7.0474     70.532     45.755  36.954229     6.7320      6.377   250.5683 1.8125e+01     3.5057      2.460      3.567    15.3870 0.0000e+00
      2.518      0.058     7.0600     70.462     45.747  36.941643     6.7318      6.377   250.7080 1.7940e+01     3.4808      2.470      3.581    15.3866 0.0000e+00
      2.529      0.060     7.0591     70.325     45.770  36.952982     6.8512      6.376   250.9414 1.7718e+01     3.5013      2.480      3.596    15.3853 0.0000e+00
      2.544      0.065     7.0534     70.159     45.793  36.964407     7.0932      6.375   251.0673 1.7408e+01     3.6504      2.494      3.617    15.3834 0.0000e+00
      2.563      0.070     7.0563     70.004     45.785  36.952870     7.2359      6.373   251.1114 1.7066e+01     3.7804      2.512      3.643    15.3797 0.0000e+00
      2.584      0.074     7.0507     69.898     45.775  36.940388     7.2616      6.371   251.2170 1.6729e+01     3.8093      2.533      3.674    15.3728 0.0000e+00
      2.607      0.076     7.0357     69.819     45.778  36.940398     7.3960      6.370   251.3975 1.6398e+01     3.7612      2.556      3.707    15.3643 0.0000e+00
      2.628      0.076     7.0201     69.730     45.797  36.952985     7.6446      6.368   251.5725 1.6106e+01     3.6770      2.578      3.738    15.3562 0.0000e+00
      2.645      0.076     7.0024     69.668     45.815  36.965656     7.7876      6.367   251.7845 1.5863e+01     3.6789      2.595      3.764    15.3500 0.0000e+00
      2.661      0.074     6.9942     69.671     45.819  36.966704     7.8184      6.366   251.9817 1.5606e+01     3.7507      2.609      3.784    15.3457 0.0000e+00
      2.680      0.070     6.9893     69.692     45.820  36.965656     7.8259      6.366   251.9781 1.5293e+01     3.7593      2.627      3.810    15.3427 0.0000e+00
      2.701      0.064     6.9785     69.698     45.806  36.952976     7.8703      6.366   251.9132 1.4993e+01     3.7148      2.650      3.844    15.3406 0.0000e+00
      2.720      0.057     6.9697     69.733     45.791  36.940296     7.9804      6.369   251.8858 1.4764e+01     3.7247      2.670      3.872    15.3388 0.0000e+00
      2.735      0.052     6.9732     69.789     45.790  36.939246     8.0582      6.371   251.9044 1.4613e+01     3.7761      2.685      3.893    15.3368 0.0000e+00
      2.745      0.047     6.9786     69.788     45.792  36.940285     8.0783      6.372   252.0520 1.4527e+01     3.7902      2.693      3.907    15.3348 0.0000e+00
      2.751      0.047     6.9750     69.721     45.808  36.952862     8.0569      6.374   252.2076 1.4427e+01     3.7583      2.696      3.911    15.3330 0.0000e+00
      2.758      0.050     6.9789     69.649     45.823  36.964400     8.0082      6.375   252.2374 1.4277e+01     3.6979      2.702      3.920    15.3318 0.0000e+00
      2.770      0.057     6.9898     69.598     45.811  36.952878     7.9805      6.376   252.2399 1.4072e+01     3.6752      2.714      3.937    15.3315 0.0000e+00
      2.788      0.064     6.9895     69.531     45.796  36.940457     7.9717      6.378   252.3244 1.3803e+01     3.7229      2.732      3.963    15.3316 0.0000e+00
      2.809      0.069     6.9794     69.444     45.798  36.941124     7.8772      6.378   252.4846 1.3512e+01     3.6933      2.755      3.995    15.3312 0.0000e+00
      2.831      0.071     6.9711     69.362     45.823  36.960949     7.6945      6.379   252.6284 1.3255e+01     3.5563      2.778      4.029    15.3300 0.0000e+00
      2.851      0.069     6.9690     69.277     45.860  36.989791     7.5931      6.380   252.6862 1.3039e+01     3.4672      2.797      4.057    15.3288 0.0000e+00
      2.868      0.064     6.9626     69.188     45.840  36.972581     7.5843      6.381   252.7529 1.2850e+01     3.4354      2.814      4.081    15.3280 0.0000e+00
