Data/DataNotYetUploadedToEDI/Raw_CTD/RawDownloads/101723_bvr50_S7809001.cnv
* Sea-Bird SBE19plus  Data File:
* FileName = C:\R\Reservoirs\Data\DataNotYetUploadedToEDI\Raw_CTD\RawDownloads\101723_bvr50_S7809_0001.hex
* Software version 2.8.0.119
* Temperature SN = 7809
* Conductivity SN = 7809
* System UpLoad Time = Oct 18 2023 15:20:55
* <ApplicationData>
* <Seaterm232>
# nquan = 15
# nvalues = 1759                        
# units = specified
# name 0 = depFM: Depth [fresh water, m]
# name 1 = dz/dtM: Descent Rate [m/s]
# name 2 = sbeox0Mg/L: Oxygen, SBE 43 [mg/l]
# name 3 = sbeox0PS: Oxygen, SBE 43 [% saturation]
# name 4 = specc: Specific Conductance [uS/cm]
# name 5 = c0uS/cm: Conductivity [uS/cm]
# name 6 = flECO-AFL: Fluorescence, WET Labs ECO-AFL/FL [mg/m^3]
# name 7 = ph: pH
# name 8 = orp: Oxidation Reduction Potential [mV]
# name 9 = par/sat/log: PAR/Logarithmic, Satlantic
# name 10 = turbWETntu0: Turbidity, WET Labs ECO [NTU]
# name 11 = prdM: Pressure, Strain Gauge [db]
# name 12 = prdE: Pressure, Strain Gauge [psi]
# name 13 = tv290C: Temperature [ITS-90, deg C]
# name 14 = flag:  0.000e+00
# span 0 =     -0.744,      8.870       
# span 1 =     -0.367,      0.088       
# span 2 =    -1.0437,    10.2499       
# span 3 =     -9.294,    101.696       
# span 4 =      4.376,    226.937       
# span 5 =   3.512231, 159.618058       
# span 6 =    -1.0949,     5.8613       
# span 7 =      5.941,      6.992       
# span 8 =  -143.8740,   554.5454       
# span 9 = 1.2361e-01, 2.0415e+03       
# span 10 =    -3.1917,    23.2906      
# span 11 =     -0.732,      8.698      
# span 12 =     -1.061,     12.616      
# span 13 =    10.1322,    15.1790      
# span 14 = 0.0000e+00, 0.0000e+00      
# interval = seconds: 0.25
# start_time = Oct 17 2023 10:45:27 [Instrument's time stamp, header]
# bad_flag = -9.990e-29
*END*
      0.109      0.016     9.6799     99.627     37.524  30.056610     2.1660      6.345   234.2041 1.0744e+02     7.1716      0.100      0.145    14.9562 0.0000e+00
      0.124      0.017     9.7235    100.542     37.436  29.989030     2.1882      6.330   234.7043 8.1365e+01     7.1073      0.129      0.187    15.0056 0.0000e+00
      0.128      0.018     9.8093    101.166     38.307  30.690490     2.1733      6.312   234.6996 6.5223e+01     7.0923      0.131      0.190    15.0396 0.0000e+00
      0.121      0.019     9.9238    101.529     39.154  31.369799     2.0782      6.293   234.8366 6.1080e+01     7.1609      0.114      0.165    15.0430 0.0000e+00
      0.121      0.016    10.0430    101.696     38.898  31.161189     1.9289      6.273   235.2413 6.0352e+01     7.3209      0.116      0.167    15.0460 0.0000e+00
      0.131      0.013    10.1378    101.659     38.023  30.451895     1.8491      6.254   235.7218 6.2885e+01     7.3882      0.128      0.185    15.0508 0.0000e+00
      0.141      0.015    10.1982    101.452     37.419  29.961990     1.8293      6.235   236.3434 6.7250e+01     7.2920      0.141      0.205    15.0553 0.0000e+00
      0.145      0.021    10.2288    101.178     37.064  29.678172     1.8138      6.216   237.5093 7.1499e+01     7.1826      0.145      0.210    15.0578 0.0000e+00
      0.144      0.028    10.2499    100.931     36.829  29.494127     1.8207      6.196   238.7197 7.5818e+01     7.1243      0.141      0.204    15.0554 0.0000e+00
      0.144      0.033    10.2482    100.777     36.687  29.385944     1.8371      6.175   239.1907 7.8033e+01     7.0989      0.138      0.200    15.0392 0.0000e+00
      0.153      0.038    10.2246    100.704     36.520  29.258181     1.8371      6.156   239.2465 7.8926e+01     7.0797      0.146      0.211    15.0293 0.0000e+00
      0.171      0.043    10.1937    100.575     36.384  29.154546     1.8965      6.141   239.6516 7.8208e+01     7.0639      0.168      0.244    15.0308 0.0000e+00
      0.191      0.047    10.1652    100.250     36.292  29.084358     2.0392      6.127   240.6478 7.2797e+01     7.0784      0.191      0.277    15.0369 0.0000e+00
      0.205      0.045    10.1458     99.329     36.235  29.043852     2.1315      6.114   241.4825 6.8614e+01     7.1181      0.203      0.294    15.0460 0.0000e+00
      0.213      0.038    10.1448     96.921     36.229  29.045370     2.1468      6.102   241.5705 6.7888e+01     7.1682      0.209      0.303    15.0553 0.0000e+00
      0.221      0.028    10.1340     92.623     36.214  29.039293     2.1486      6.090   241.6261 6.7808e+01     7.1715      0.216      0.314    15.0618 0.0000e+00
      0.228      0.020    10.1045     87.069     36.201  29.033814     2.1541      6.079   242.0691 6.8078e+01     7.1236      0.226      0.327    15.0658 0.0000e+00
      0.232      0.016    10.0567     81.138     36.208  29.042552     2.1715      6.067   242.5377 6.8770e+01     7.1361      0.230      0.333    15.0731 0.0000e+00
      0.231      0.014     9.8353     75.518     36.255  29.081518     2.1840      6.056   242.5597 7.1597e+01     7.1865      0.228      0.330    15.0823 0.0000e+00
      0.230      0.011     9.3627     70.708     36.308  29.124382     2.0963      6.046   241.9055 7.5755e+01     7.1517      0.225      0.326    15.0911 0.0000e+00
      0.235      0.005     8.7715     66.976     36.220  29.053369     1.9265      6.037   241.2526 7.8047e+01     7.0915      0.228      0.329    15.0981 0.0000e+00
      0.243     -0.001     8.1518     64.477     36.055  28.920639     1.8378      6.028   241.1187 7.8922e+01     7.1411      0.240      0.348    15.1017 0.0000e+00
      0.247     -0.004     7.5659     63.276     35.969  28.851565     1.8317      6.018   241.3192 7.5785e+01     7.2401      0.248      0.361    15.1040 0.0000e+00
      0.240     -0.004     7.0756     63.124     35.970  28.852497     1.8361      6.009   241.6978 6.7700e+01     7.2284      0.237      0.344    15.1041 0.0000e+00
      0.229     -0.004     6.6954     63.467     35.990  28.868484     1.8906      6.000   242.0830 6.1667e+01     7.1369      0.221      0.320    15.1023 0.0000e+00
      0.224     -0.002     6.4386     63.855     35.975  28.854582     1.9993      5.993   242.4489 5.7708e+01     7.0901      0.216      0.314    15.1023 0.0000e+00
      0.228      0.002     6.3247     64.115     35.921  28.811266     2.0686      5.988   243.0234 5.3625e+01     7.0728      0.222      0.322    15.1035 0.0000e+00
      0.236      0.007     6.3354     64.223     35.813  28.725321     2.0883      5.985   243.7809 5.1271e+01     7.0643      0.232      0.336    15.1041 0.0000e+00
      0.241      0.011     6.3868     64.248     35.705  28.640001     2.1290      5.983   244.3808 4.9839e+01     7.0559      0.238      0.346    15.1020 0.0000e+00
      0.243      0.010     6.4294     64.275     35.660  28.604240     2.1945      5.980   244.5122 4.8565e+01     7.0398      0.239      0.347    15.0999 0.0000e+00
      0.244      0.006     6.4569     64.272     35.667  28.610085     2.2305      5.977   244.2507 4.7969e+01     7.0742      0.239      0.346    15.1000 0.0000e+00
      0.244      0.001     6.4649     64.143     35.713  28.647247     2.2482      5.974   244.0587 4.7769e+01     7.1298      0.239      0.347    15.1011 0.0000e+00
      0.244     -0.004     6.4618     63.859     35.744  28.672992     2.3167      5.971   243.9121 4.7557e+01     7.0972      0.240      0.349    15.1025 0.0000e+00
      0.244     -0.007     6.4667     63.479     35.736  28.667650     2.4096      5.971   243.6821 4.7151e+01     7.0220      0.240      0.348    15.1034 0.0000e+00
      0.242     -0.008     6.4714     63.107     35.707  28.646080     2.4481      5.970   243.7731 4.6571e+01     7.0063      0.236      0.343    15.1040 0.0000e+00
      0.237     -0.008     6.4591     62.836     35.652  28.602487     2.4580      5.969   244.1521 4.5599e+01     7.0443      0.233      0.337    15.1043 0.0000e+00
      0.232     -0.007     6.4275     62.672     35.630  28.584562     2.5040      5.969   244.4783 4.4201e+01     7.0703      0.227      0.329    15.1052 0.0000e+00
      0.230     -0.004     6.3860     62.646     35.674  28.619642     2.5629      5.969   244.7926 4.3273e+01     7.0484      0.223      0.324    15.1068 0.0000e+00
      0.231     -0.002     6.3431     62.823     35.706  28.646065     2.5949      5.971   245.2847 4.2419e+01     7.0524      0.226      0.327    15.1086 0.0000e+00
      0.234      0.000     6.3170     63.147     35.711  28.650328     2.6080      5.973   245.8683 4.1065e+01     7.1192      0.230      0.334    15.1099 0.0000e+00
      0.235      0.003     6.3014     63.547     35.736  28.671177     2.6385      5.975   246.1700 3.9993e+01     7.2063      0.231      0.335    15.1099 0.0000e+00
      0.234      0.008     6.2913     63.977     35.781  28.707871     2.6898      5.976   246.2659 3.9256e+01     7.2511      0.230      0.333    15.1096 0.0000e+00
      0.234      0.021     6.3152     64.330     36.025  28.903704     2.7122      5.973   246.5966 3.8611e+01     7.2511      0.229      0.332    15.1098 0.0000e+00
      0.234      0.041     6.3499     64.542     36.551  29.326378     2.7090      5.965   247.1571 3.8316e+01     7.2757      0.229      0.333    15.1107 0.0000e+00
      0.237      0.061     6.3895     64.647     37.010  29.695433     2.7005      5.958   247.5368 3.8120e+01     7.3090      0.227      0.330    15.1111 0.0000e+00
      0.255      0.074     6.4385     64.662     37.235  29.877228     2.6598      5.954   247.4877 3.8362e+01     7.2435      0.240      0.349    15.1120 0.0000e+00
      0.294      0.072     6.4772     64.595     37.239  29.875213     2.6079      5.954   247.0802 3.9467e+01     7.1331      0.287      0.419    15.1129 0.0000e+00
      0.334      0.055     6.4944     64.473     36.997  29.671073     2.5899      5.956   246.4813 4.1258e+01     7.1015      0.335      0.486    15.1124 0.0000e+00
      0.357      0.028     6.5055     64.315     36.640  29.375350     2.5997      5.958   246.0975 4.3354e+01     7.1009      0.359      0.520    15.1143 0.0000e+00
      0.357     -0.001     6.5068     64.227     36.370  29.154054     2.6180      5.958   246.1386 4.5636e+01     7.0916      0.359      0.522    15.1192 0.0000e+00
      0.334     -0.026     6.4975     64.267     36.287  29.088601     2.6114      5.956   246.2902 4.8596e+01     7.0569      0.332      0.480    15.1137 0.0000e+00
      0.303     -0.039     6.4912     64.323     36.287  29.091404     2.5783      5.953   246.2961 5.1363e+01     7.0233      0.291      0.423    15.0938 0.0000e+00
      0.283     -0.038     6.4707     64.281     36.246  29.061089     2.5750      5.948   246.2098 5.2725e+01     7.0603      0.269      0.392    15.0789 0.0000e+00
      0.279     -0.026     6.4585     64.112     36.137  28.975794     2.6136      5.943   246.3650 5.3047e+01     7.1297      0.271      0.394    15.0744 0.0000e+00
      0.284     -0.010     6.4692     63.841     35.941  28.821269     2.6466      5.941   246.8826 5.3412e+01     7.1443      0.279      0.405    15.0762 0.0000e+00
      0.290      0.004     6.4786     63.501     35.726  28.651613     2.6491      5.942   247.5639 5.3447e+01     7.1012      0.285      0.413    15.0819 0.0000e+00
      0.293      0.011     6.4741     63.114     35.626  28.573651     2.6348      5.945   248.1496 5.2502e+01     7.0861      0.288      0.417    15.0857 0.0000e+00
      0.294      0.011     6.4556     62.733     35.627  28.576350     2.6406      5.948   248.2848 5.1363e+01     7.0991      0.288      0.418    15.0882 0.0000e+00
      0.295      0.010     6.4264     62.391     35.603  28.557389     2.6688      5.952   248.0804 5.0432e+01     7.0525      0.288      0.418    15.0915 0.0000e+00
      0.299      0.008     6.3917     62.074     35.575  28.534683     2.6853      5.956   248.0019 4.9567e+01     7.0010      0.293      0.425    15.0961 0.0000e+00
      0.303      0.007     6.3496     61.783     35.600  28.555525     2.6983      5.960   248.1097 4.9056e+01     7.0228      0.297      0.431    15.1002 0.0000e+00
      0.305      0.007     6.3090     61.540     35.599  28.555676     2.6841      5.963   248.3516 4.9249e+01     7.0774      0.300      0.434    15.1019 0.0000e+00
      0.305      0.007     6.2767     61.362     35.573  28.536510     2.6385      5.966   248.6890 4.9682e+01     7.1152      0.300      0.436    15.1017 0.0000e+00
      0.305      0.006     6.2447     61.257     35.544  28.514066     2.6128      5.970   248.8332 4.9987e+01     7.1037      0.298      0.434    15.1012 0.0000e+00
      0.306      0.004     6.2136     61.207     35.495  28.474599     2.5979      5.972   248.8056 5.0511e+01     7.0739      0.299      0.433    15.1017 0.0000e+00
      0.309      0.004     6.1896     61.283     35.451  28.439885     2.5842      5.974   248.8711 5.1406e+01     7.0632      0.302      0.439    15.1040 0.0000e+00
      0.311      0.004     6.1688     61.492     35.416  28.411484     2.5967      5.977   249.1084 5.1984e+01     7.1106      0.305      0.443    15.1065 0.0000e+00
      0.311      0.004     6.1616     61.559     35.382  28.384916     2.6324      5.979   249.5244 5.1717e+01     7.2375      0.306      0.444    15.1077 0.0000e+00
      0.311      0.004     6.1539     61.341     35.366  28.372370     2.6491      5.982   250.0290 5.1224e+01     7.3330      0.305      0.443    15.1077 0.0000e+00
      0.311      0.004     6.1539     60.967     35.384  28.386645     2.6409      5.985   250.5633 5.0694e+01     7.3425      0.305      0.443    15.1076 0.0000e+00
      0.312      0.004     6.1936     60.532     35.439  28.430658     2.6583      5.988   251.0798 4.9852e+01     7.2853      0.306      0.444    15.1082 0.0000e+00
      0.313      0.003     6.2062     60.044     35.479  28.460528     2.6923      5.991   251.4560 4.9400e+01     7.1536      0.307      0.445    15.1091 0.0000e+00
      0.316      0.002     6.1735     59.490     35.445  28.430657     2.7031      5.993   251.7569 4.9533e+01     7.0483      0.309      0.448    15.1093 0.0000e+00
      0.319      0.001     6.1346     58.877     35.393  28.386633     2.7052      5.994   252.2233 4.9367e+01     7.0359      0.312      0.455    15.1094 0.0000e+00
      0.319      0.001     6.0907     58.297     35.377  28.372223     2.7091      5.995   252.7920 4.8998e+01     7.0727      0.314      0.455    15.1093 0.0000e+00
      0.316      0.001     6.0423     57.839     35.391  28.383280     2.7180      5.996   253.1261 4.8941e+01     7.1176      0.309      0.448    15.1063 0.0000e+00
      0.314      0.001     5.9889     57.474     35.406  28.393468     2.7213      5.998   252.9937 4.9219e+01     7.0996      0.306      0.444    15.1009 0.0000e+00
      0.315      0.003     5.9229     57.140     35.377  28.368549     2.7151      6.000   252.5690 4.9606e+01     7.0266      0.308      0.447    15.0968 0.0000e+00
      0.318      0.006     5.8601     56.835     35.338  28.335694     2.7356      6.001   252.4647 4.9550e+01     7.0207      0.312      0.452    15.0954 0.0000e+00
      0.320      0.009     5.8162     56.544     35.391  28.376789     2.7681      6.004   252.8512 4.9501e+01     7.0625      0.315      0.456    15.0955 0.0000e+00
      0.322      0.010     5.7835     56.270     35.528  28.484854     2.7759      6.006   253.1126 4.9496e+01     7.0531      0.315      0.457    15.0946 0.0000e+00
      0.325      0.009     5.7479     56.065     35.629  28.564029     2.7716      6.008   253.0433 4.8810e+01     7.0443      0.317      0.460    15.0919 0.0000e+00
      0.330      0.006     5.7191     55.882     35.642  28.572949     2.7657      6.010   252.9598 4.8351e+01     7.0581      0.323      0.469    15.0887 0.0000e+00
      0.333      0.004     5.6919     55.653     35.590  28.529265     2.7622      6.010   252.8771 4.8142e+01     7.0840      0.328      0.476    15.0867 0.0000e+00
      0.332      0.002     5.6583     55.397     35.531  28.479850     2.7722      6.011   252.9040 4.7587e+01     7.0836      0.327      0.475    15.0848 0.0000e+00
      0.329     -0.001     5.6425     55.143     35.537  28.482900     2.7860      6.014   252.9411 4.7401e+01     7.0531      0.322      0.467    15.0821 0.0000e+00
      0.327     -0.004     5.6274     54.876     35.564  28.502709     2.7793      6.017   252.7227 4.7308e+01     7.0572      0.320      0.464    15.0799 0.0000e+00
      0.328     -0.005     5.6033     54.594     35.519  28.465652     2.7410      6.018   252.5010 4.7175e+01     7.0650      0.321      0.466    15.0776 0.0000e+00
      0.328     -0.004     5.5754     54.320     35.459  28.415410     2.7063      6.019   252.4980 4.7223e+01     7.0790      0.322      0.467    15.0745 0.0000e+00
      0.326     -0.003     5.5524     54.065     35.445  28.402651     2.7084      6.021   252.6862 4.7162e+01     7.0904      0.321      0.465    15.0718 0.0000e+00
      0.323     -0.001     5.5260     53.844     35.491  28.438238     2.7170      6.023   252.9692 4.7280e+01     7.0655      0.316      0.459    15.0694 0.0000e+00
      0.322      0.000     5.4955     53.646     35.605  28.528555     2.7517      6.025   253.2525 4.7286e+01     7.1194      0.313      0.455    15.0671 0.0000e+00
      0.322      0.001     5.4694     53.422     35.705  28.606666     2.8282      6.027   253.4447 4.7080e+01     7.2640      0.315      0.458    15.0644 0.0000e+00
      0.325      0.003     5.4422     53.159     35.725  28.621541     2.8763      6.029   253.6576 4.7214e+01     7.3450      0.319      0.463    15.0616 0.0000e+00
      0.328      0.004     5.4208     52.898     35.755  28.644975     2.8926      6.029   253.8480 4.7062e+01     7.3134      0.323      0.468    15.0596 0.0000e+00
      0.328      0.002     5.4031     52.622     35.823  28.699712     2.9078      6.029   253.5967 4.6401e+01     7.1894      0.323      0.469    15.0580 0.0000e+00
