Data/DataNotYetUploadedToEDI/Raw_CTD/RawDownloads/101723_bvr50_S7809001.cnv
* Sea-Bird SBE19plus  Data File:
* FileName = C:\R\Reservoirs\Data\DataNotYetUploadedToEDI\Raw_CTD\RawDownloads\101723_bvr50_S7809_0001.hex
* Software version 2.8.0.119
* Temperature SN = 7809
* Conductivity SN = 7809
* System UpLoad Time = Oct 18 2023 15:20:55
* <ApplicationData>
* <Seaterm232>
# nquan = 15
# nvalues = 1759                        
# units = specified
# name 0 = depFM: Depth [fresh water, m]
# name 1 = dz/dtM: Descent Rate [m/s]
# name 2 = sbeox0Mg/L: Oxygen, SBE 43 [mg/l]
# name 3 = sbeox0PS: Oxygen, SBE 43 [% saturation]
# name 4 = specc: Specific Conductance [uS/cm]
# name 5 = c0uS/cm: Conductivity [uS/cm]
# name 6 = flECO-AFL: Fluorescence, WET Labs ECO-AFL/FL [mg/m^3]
# name 7 = ph: pH
# name 8 = orp: Oxidation Reduction Potential [mV]
# name 9 = par/sat/log: PAR/Logarithmic, Satlantic
# name 10 = turbWETntu0: Turbidity, WET Labs ECO [NTU]
# name 11 = prdM: Pressure, Strain Gauge [db]
# name 12 = prdE: Pressure, Strain Gauge [psi]
# name 13 = tv290C: Temperature [ITS-90, deg C]
# name 14 = flag:  0.000e+00
# span 0 =     -0.744,      8.870       
# span 1 =     -0.367,      0.088       
# span 2 =    -1.0437,    10.2499       
# span 3 =     -9.294,    101.696       
# span 4 =      4.376,    226.937       
# span 5 =   3.512231, 159.618058       
# span 6 =    -1.0949,     5.8613       
# span 7 =      5.941,      6.992       
# span 8 =  -143.8740,   554.5454       
# span 9 = 1.2361e-01, 2.0415e+03       
# span 10 =    -3.1917,    23.2906      
# span 11 =     -0.732,      8.698      
# span 12 =     -1.061,     12.616      
# span 13 =    10.1322,    15.1790      
# span 14 = 0.0000e+00, 0.0000e+00      
# interval = seconds: 0.25
# start_time = Oct 17 2023 10:45:27 [Instrument's time stamp, header]
# bad_flag = -9.990e-29
*END*
[from data line 579]
      2.899      0.015     6.9219     68.905     34.667  27.841714     3.7658      6.420   272.2150 1.2318e+01     7.0090      2.842      4.121    15.1520 0.0000e+00
      2.905      0.019     6.9195     68.946     34.681  27.853255     3.7203      6.420   272.2581 1.2212e+01     6.9937      2.847      4.130    15.1524 0.0000e+00
      2.913      0.023     6.9183     69.007     34.696  27.865939     3.6998      6.421   272.2210 1.2156e+01     7.0200      2.857      4.145    15.1523 0.0000e+00
      2.920      0.026     6.9204     69.073     34.699  27.868226     3.6435      6.422   272.1112 1.2107e+01     7.1211      2.864      4.154    15.1526 0.0000e+00
      2.926      0.030     6.9253     69.093     34.714  27.880901     3.5308      6.421   272.1349 1.1999e+01     7.2254      2.869      4.162    15.1530 0.0000e+00
      2.932      0.035     6.9276     69.061     34.729  27.892338     3.4428      6.421   272.2496 1.1933e+01     7.2569      2.876      4.171    15.1532 0.0000e+00
      2.939      0.038     6.9340     69.013     34.713  27.879663     3.4133      6.420   272.2936 1.1813e+01     7.2284      2.881      4.179    15.1535 0.0000e+00
      2.950      0.039     6.9439     68.973     34.682  27.854502     3.4072      6.418   272.2362 1.1558e+01     7.2572      2.891      4.194    15.1537 0.0000e+00
      2.965      0.037     6.9459     68.946     34.667  27.841826     3.4266      6.415   272.1592 1.1311e+01     7.2627      2.908      4.217    15.1533 0.0000e+00
      2.980      0.034     6.9403     68.926     34.682  27.853245     3.4568      6.414   272.1364 1.1130e+01     7.1252      2.926      4.244    15.1530 0.0000e+00
      2.990      0.030     6.9357     68.929     34.698  27.865711     3.4635      6.415   272.1314 1.1004e+01     6.9945      2.935      4.257    15.1530 0.0000e+00
      2.991      0.026     6.9304     68.949     34.698  27.865709     3.4664      6.416   272.0994 1.0962e+01     6.9801      2.933      4.255    15.1526 0.0000e+00
      2.991      0.022     6.9295     68.957     34.683  27.853223     3.5082      6.417   272.0934 1.0915e+01     7.0883      2.931      4.252    15.1521 0.0000e+00
      2.995      0.021     6.9260     68.953     34.669  27.841587     3.5855      6.419   272.2318 1.0780e+01     7.2435      2.935      4.258    15.1514 0.0000e+00
      3.004      0.022     6.9259     68.936     34.682  27.851872     3.6361      6.422   272.4815 1.0629e+01     7.2850      2.945      4.272    15.1504 0.0000e+00
      3.012      0.024     6.9312     68.914     34.681  27.850728     3.6459      6.424   272.6175 1.0512e+01     7.2495      2.955      4.285    15.1501 0.0000e+00
      3.019      0.027     6.9301     68.895     34.651  27.827749     3.6779      6.425   272.5862 1.0394e+01     7.1899      2.961      4.294    15.1500 0.0000e+00
      3.025      0.030     6.9309     68.867     34.651  27.827740     3.7409      6.426   272.5323 1.0254e+01     7.1107      2.966      4.302    15.1497 0.0000e+00
      3.031      0.033     6.9286     68.847     34.680  27.850614     3.7744      6.427   272.5678 1.0122e+01     7.1122      2.972      4.310    15.1498 0.0000e+00
      3.037      0.036     6.9253     68.863     34.680  27.850614     3.7666      6.428   272.6717 9.9906e+00     7.1050      2.978      4.318    15.1500 0.0000e+00
      3.047      0.039     6.9251     68.921     34.651  27.827750     3.7304      6.428   272.8422 9.8048e+00     7.0235      2.987      4.331    15.1502 0.0000e+00
      3.061      0.041     6.9209     68.996     34.651  27.827864     3.6864      6.429   273.0812 9.6107e+00     7.0159      3.002      4.354    15.1505 0.0000e+00
      3.074      0.043     6.9178     69.051     34.681  27.851986     3.6672      6.431   273.1519 9.4595e+00     7.0461      3.016      4.374    15.1506 0.0000e+00
      3.085      0.044     6.9191     69.070     34.699  27.865710     3.6647      6.432   273.0940 9.3269e+00     7.0468      3.026      4.389    15.1509 0.0000e+00
      3.094      0.045     6.9257     69.068     34.700  27.866949     3.6562      6.433   273.2425 9.2344e+00     7.0588      3.035      4.403    15.1509 0.0000e+00
      3.104      0.047     6.9355     69.063     34.700  27.866959     3.6150      6.433   273.4835 9.1498e+00     7.1229      3.043      4.414    15.1508 0.0000e+00
      3.114      0.050     6.9411     69.056     34.698  27.865834     3.5656      6.434   273.6855 9.0076e+00     7.2754      3.052      4.427    15.1510 0.0000e+00
      3.128      0.054     6.9426     69.041     34.683  27.853349     3.5504      6.434   273.9643 8.8369e+00     7.3311      3.067      4.448    15.1509 0.0000e+00
      3.144      0.057     6.9410     69.005     34.670  27.842847     3.5397      6.433   274.2724 8.6699e+00     7.2156      3.084      4.473    15.1508 0.0000e+00
      3.161      0.058     6.9410     68.959     34.698  27.865710     3.5187      6.431   274.5726 8.4981e+00     7.1089      3.100      4.496    15.1508 0.0000e+00
      3.178      0.056     6.9405     68.935     34.711  27.876089     3.5134      6.431   274.7541 8.3280e+00     7.0657      3.117      4.520    15.1508 0.0000e+00
      3.193      0.054     6.9395     68.910     34.667  27.841484     3.5246      6.431   274.7461 8.1895e+00     7.0696      3.133      4.544    15.1510 0.0000e+00
      3.205      0.054     6.9366     68.859     34.649  27.827854     3.5377      6.430   274.7344 8.0931e+00     7.0526      3.145      4.562    15.1506 0.0000e+00
      3.214      0.058     6.9283     68.814     34.662  27.838148     3.5225      6.427   274.7843 8.0309e+00     7.0311      3.153      4.573    15.1507 0.0000e+00
      3.224      0.063     6.9281     68.787     34.664  27.839093     3.4828      6.423   274.8333 7.9434e+00     7.1515      3.159      4.582    15.1516 0.0000e+00
      3.240      0.067     6.9273     68.776     34.665  27.839283     3.4737      6.420   274.8971 7.7589e+00     7.3129      3.171      4.601    15.1527 0.0000e+00
      3.265      0.068     6.9191     68.776     34.668  27.840444     3.4950      6.419   274.8673 7.5072e+00     7.3432      3.201      4.642    15.1535 0.0000e+00
      3.292      0.067     6.9148     68.781     34.684  27.853130     3.5486      6.420   274.7310 7.3031e+00     7.2445      3.233      4.687    15.1537 0.0000e+00
      3.311      0.066     6.9126     68.791     34.700  27.865814     3.6316      6.422   274.7117 7.2021e+00     7.0752      3.251      4.715    15.1528 0.0000e+00
      3.321      0.064     6.9112     68.823     34.701  27.866959     3.6825      6.423   274.8063 7.1461e+00     7.0042      3.258      4.725    15.1508 0.0000e+00
      3.328      0.062     6.9123     68.873     34.701  27.866969     3.7069      6.423   274.9281 7.0752e+00     7.0701      3.261      4.730    15.1494 0.0000e+00
      3.340      0.061     6.9129     68.914     34.699  27.865939     3.7429      6.424   275.0664 6.9401e+00     7.0860      3.271      4.746    15.1491 0.0000e+00
      3.361      0.063     6.9126     68.943     34.684  27.854504     3.7848      6.425   275.1878 6.7595e+00     7.0596      3.295      4.778    15.1492 0.0000e+00
      3.384      0.065     6.9162     68.979     34.684  27.855552     3.8055      6.428   275.2772 6.6218e+00     7.0585      3.322      4.817    15.1495 0.0000e+00
      3.403      0.065     6.9222     69.024     34.712  27.878607     3.8099      6.430   275.3730 6.5141e+00     7.0391      3.340      4.844    15.1497 0.0000e+00
      3.417      0.062     6.9271     69.076     34.713  27.879560     3.8131      6.431   275.5711 6.3963e+00     7.0299      3.351      4.860    15.1501 0.0000e+00
      3.431      0.057     6.9278     69.131     34.698  27.867084     3.7442      6.433   275.7805 6.3080e+00     7.0837      3.364      4.879    15.1513 0.0000e+00
      3.443      0.053     6.9319     69.160     34.682  27.854607     3.6094      6.434   275.9259 6.2364e+00     7.2115      3.377      4.898    15.1525 0.0000e+00
      3.456      0.050     6.9367     69.156     34.683  27.855551     3.5407      6.436   276.1234 6.1398e+00     7.3112      3.388      4.914    15.1533 0.0000e+00
      3.469      0.049     6.9409     69.119     34.712  27.878492     3.5456      6.437   276.2764 6.0560e+00     7.3317      3.402      4.935    15.1532 0.0000e+00
      3.482      0.049     6.9493     69.060     34.712  27.878282     3.5441      6.437   276.3139 5.9905e+00     7.3233      3.415      4.954    15.1532 0.0000e+00
      3.494      0.051     6.9509     69.005     34.681  27.853018     3.5139      6.437   276.4034 5.9179e+00     7.2787      3.426      4.970    15.1534 0.0000e+00
      3.505      0.054     6.9514     68.965     34.650  27.826723     3.4803      6.437   276.5853 5.8519e+00     7.2699      3.437      4.985    15.1534 0.0000e+00
      3.516      0.058     6.9473     68.945     34.635  27.814058     3.4708      6.438   276.7063 5.7722e+00     7.3539      3.447      5.000    15.1530 0.0000e+00
      3.531      0.062     6.9396     68.932     34.652  27.826733     3.4901      6.438   276.7476 5.6560e+00     7.3370      3.461      5.020    15.1527 0.0000e+00
      3.551      0.064     6.9347     68.921     34.686  27.853132     3.5140      6.437   276.8264 5.5234e+00     7.1688      3.481      5.049    15.1523 0.0000e+00
      3.571      0.064     6.9298     68.921     34.719  27.879539     3.5188      6.436   276.9709 5.3978e+00     7.0276      3.504      5.083    15.1510 0.0000e+00
      3.589      0.064     6.9295     68.942     34.734  27.892318     3.5226      6.437   277.2044 5.3032e+00     6.9969      3.522      5.109    15.1490 0.0000e+00
      3.604      0.063     6.9283     68.985     34.720  27.880788     3.5596      6.438   277.4984 5.2368e+00     7.1049      3.534      5.126    15.1475 0.0000e+00
      3.616      0.062     6.9271     69.017     34.702  27.866980     3.6169      6.438   277.6863 5.1573e+00     7.2400      3.546      5.144    15.1470 0.0000e+00
      3.630      0.060     6.9264     69.005     34.684  27.852218     3.6413      6.438   277.6689 5.0333e+00     7.2644      3.559      5.161    15.1471 0.0000e+00
      3.647      0.056     6.9281     68.970     34.655  27.829145     3.6470      6.438   277.6319 4.8950e+00     7.2636      3.575      5.185    15.1473 0.0000e+00
      3.666      0.050     6.9338     68.954     34.670  27.841715     3.6936      6.439   277.5830 4.7959e+00     7.2643      3.595      5.214    15.1474 0.0000e+00
      3.682      0.044     6.9389     68.951     34.715  27.877349     3.7641      6.440   277.5080 4.7411e+00     7.2048      3.613      5.240    15.1479 0.0000e+00
      3.692      0.037     6.9366     68.935     34.718  27.879437     3.7928      6.441   277.5855 4.7294e+00     7.1245      3.624      5.256    15.1482 0.0000e+00
      3.695      0.031     6.9306     68.904     34.703  27.866961     3.7817      6.442   277.5745 4.7199e+00     7.0444      3.624      5.257    15.1481 0.0000e+00
      3.697      0.026     6.9299     68.875     34.686  27.853350     3.7710      6.443   277.3748 4.6606e+00     6.9887      3.623      5.255    15.1478 0.0000e+00
      3.703      0.025     6.9309     68.854     34.672  27.841725     3.7974      6.445   277.2355 4.6077e+00     6.9977      3.630      5.265    15.1479 0.0000e+00
      3.710      0.030     6.9293     68.848     34.687  27.853248     3.8512      6.447   277.2666 4.5914e+00     7.0512      3.639      5.278    15.1477 0.0000e+00
      3.717      0.037     6.9250     68.847     34.703  27.865828     3.8712      6.448   277.4074 4.5598e+00     7.0546      3.645      5.287    15.1471 0.0000e+00
      3.726      0.044     6.9226     68.824     34.704  27.866971     3.8648      6.449   277.4756 4.5032e+00     7.0044      3.654      5.299    15.1469 0.0000e+00
      3.739      0.050     6.9197     68.795     34.704  27.867075     3.8742      6.449   277.4889 4.4337e+00     7.0592      3.665      5.317    15.1465 0.0000e+00
      3.754      0.053     6.9196     68.804     34.703  27.867084     3.8935      6.449   277.5671 4.3530e+00     7.2392      3.680      5.338    15.1462 0.0000e+00
      3.771      0.054     6.9212     68.847     34.702  27.867076     3.8890      6.449   277.6475 4.2933e+00     7.3358      3.698      5.363    15.1462 0.0000e+00
      3.787      0.052     6.9183     68.894     34.702  27.866971     3.8617      6.450   277.6006 4.2498e+00     7.3044      3.715      5.389    15.1462 0.0000e+00
      3.802      0.049     6.9125     68.942     34.700  27.865818     3.8051      6.450   277.4308 4.2009e+00     7.2355      3.731      5.410    15.1464 0.0000e+00
      3.813      0.047     6.9140     68.998     34.685  27.853133     3.7374      6.451   277.3151 4.1665e+00     7.1511      3.741      5.425    15.1471 0.0000e+00
      3.820      0.045     6.9203     69.073     34.669  27.840457     3.7251      6.451   277.4064 4.1410e+00     7.1041      3.746      5.433    15.1482 0.0000e+00
      3.829      0.045     6.9239     69.140     34.668  27.839398     3.7317      6.452   277.5875 4.1025e+00     7.0766      3.753      5.444    15.1487 0.0000e+00
      3.841      0.045     6.9295     69.161     34.670  27.840343     3.7093      6.453   277.6977 4.0379e+00     7.0578      3.766      5.461    15.1486 0.0000e+00
      3.855      0.046     6.9333     69.140     34.686  27.851875     3.6867      6.454   277.7925 3.9646e+00     7.0821      3.780      5.483    15.1482 0.0000e+00
      3.870      0.049     6.9426     69.099     34.687  27.851979     3.6749      6.454   277.8727 3.9122e+00     7.0627      3.796      5.505    15.1479 0.0000e+00
      3.882      0.051     6.9515     69.044     34.675  27.841600     3.6752      6.454   277.8932 3.8782e+00     7.0282      3.808      5.523    15.1475 0.0000e+00
      3.892      0.051     6.9529     68.992     34.690  27.853228     3.7404      6.455   277.8686 3.8427e+00     7.2119      3.816      5.535    15.1463 0.0000e+00
      3.903      0.051     6.9502     68.947     34.706  27.865714     3.8635      6.456   277.8336 3.7928e+00     7.5416      3.826      5.549    15.1450 0.0000e+00
      3.918      0.051     6.9461     68.888     34.706  27.865714     3.9399      6.456   277.8137 3.7375e+00     7.7352      3.841      5.572    15.1441 0.0000e+00
      3.933      0.050     6.9404     68.833     34.691  27.853238     3.9493      6.456   277.8862 3.6922e+00     7.7763      3.859      5.597    15.1435 0.0000e+00
      3.948      0.047     6.9337     68.817     34.677  27.841716     3.9356      6.456   278.0218 3.6598e+00     7.7659      3.873      5.617    15.1426 0.0000e+00
      3.960      0.044     6.9319     68.814     34.692  27.853248     3.9321      6.457   277.9911 3.6320e+00     7.7795      3.883      5.632    15.1420 0.0000e+00
      3.970      0.041     6.9249     68.787     34.708  27.865828     3.9485      6.458   277.8589 3.6116e+00     7.8380      3.894      5.648    15.1414 0.0000e+00
      3.978      0.041     6.9168     68.762     34.709  27.866961     3.9591      6.459   277.8009 3.5873e+00     7.8928      3.901      5.660    15.1410 0.0000e+00
      3.985      0.044     6.9173     68.782     34.709  27.866952     3.9516      6.459   277.8051 3.5430e+00     7.8618      3.907      5.667    15.1406 0.0000e+00
      3.994      0.048     6.9192     68.825     34.708  27.865713     3.9491      6.459   277.8245 3.5003e+00     7.5998      3.916      5.680    15.1402 0.0000e+00
      4.007      0.050     6.9151     68.849     34.692  27.851979     3.9704      6.459   277.8632 3.4471e+00     7.2184      3.929      5.697    15.1401 0.0000e+00
      4.025      0.050     6.9098     68.844     34.662  27.827753     4.0024      6.460   277.9289 3.3681e+00     7.0424      3.947      5.724    15.1401 0.0000e+00
