Data/DataNotYetUploadedToEDI/Raw_CTD/RawDownloads/101723_fcr50_S7809002.cnv
* Sea-Bird SBE19plus  Data File:
* FileName = C:\R\Reservoirs\Data\DataNotYetUploadedToEDI\Raw_CTD\RawDownloads\101723_bvr50_S7809_0002.hex
* Software version 2.8.0.119
* Temperature SN = 7809
* Conductivity SN = 7809
* System UpLoad Time = Oct 18 2023 15:21:22
* <ApplicationData>
* <Seaterm232>
# nquan = 15
# nvalues = 1016                        
# units = specified
# name 0 = depFM: Depth [fresh water, m]
# name 1 = dz/dtM: Descent Rate [m/s]
# name 2 = sbeox0Mg/L: Oxygen, SBE 43 [mg/l]
# name 3 = sbeox0PS: Oxygen, SBE 43 [% saturation]
# name 4 = specc: Specific Conductance [uS/cm]
# name 5 = c0uS/cm: Conductivity [uS/cm]
# name 6 = flECO-AFL: Fluorescence, WET Labs ECO-AFL/FL [mg/m^3]
# name 7 = ph: pH
# name 8 = orp: Oxidation Reduction Potential [mV]
# name 9 = par/sat/log: PAR/Logarithmic, Satlantic
# name 10 = turbWETntu0: Turbidity, WET Labs ECO [NTU]
# name 11 = prdM: Pressure, Strain Gauge [db]
# name 12 = prdE: Pressure, Strain Gauge [psi]
# name 13 = tv290C: Temperature [ITS-90, deg C]
# name 14 = flag:  0.000e+00
# span 0 =     -0.664,      9.478       
# span 1 =     -0.387,      0.148       
# span 2 =     0.7001,     9.0320       
# span 3 =      6.646,     90.246       
# span 4 =      0.290,    459.748       
# span 5 =   0.231954, 343.956698       
# span 6 =    -0.1380,     8.1249       
# span 7 =     -2.391,      6.423       
# span 8 = -1240.7455,   479.7409       
# span 9 = 1.2367e-01, 3.2635e+02       
# span 10 =     0.9476,    80.9321      
# span 11 =     -0.651,      9.296      
# span 12 =     -0.944,     13.482      
# span 13 =    12.3991,    15.5220      
# span 14 = 0.0000e+00, 0.0000e+00      
# interval = seconds: 0.25
# start_time = Oct 17 2023 13:34:15 [Instrument's time stamp, header]
# bad_flag = -9.990e-29
*END*
[from data line 193]
     -0.172 -2.025e-07     7.9239     75.601     45.799  37.119082     5.2487      6.124   230.0791 3.0052e+02     3.2833     -0.168     -0.244    15.5208 0.0000e+00
     -0.172 -1.038e-08     7.8073     74.926     45.785  37.107658     5.2812      6.126   230.1375 2.9994e+02     3.3059     -0.168     -0.244    15.5206 0.0000e+00
     -0.171 8.7355e-08     7.7027     74.464     45.784  37.106723     5.2797      6.127   230.1623 2.9930e+02     3.2863     -0.168     -0.244    15.5205 0.0000e+00
     -0.171 9.7922e-07     7.6190     74.146     45.786  37.107782     5.2470      6.128   230.2067 2.9892e+02     3.3192     -0.168     -0.244    15.5201 0.0000e+00
     -0.171      0.000     7.5331     73.920     45.801  37.120454     5.1935      6.130   230.3297 2.9861e+02     3.4642     -0.167     -0.243    15.5200 0.0000e+00
     -0.171      0.000     7.4604     73.762     45.816  37.133029     5.1744      6.132   230.4457 2.9816e+02     3.6060     -0.168     -0.243    15.5201 0.0000e+00
     -0.172      0.001     7.4210     73.648     45.816  37.132924     5.1825      6.135   230.4045 2.9805e+02     3.6335     -0.168     -0.244    15.5201 0.0000e+00
     -0.172      0.004     7.3895     73.558     45.799  37.119185     5.2006      6.137   230.3477 2.9813e+02     3.4883     -0.168     -0.244    15.5202 0.0000e+00
     -0.171      0.008     7.3675     73.446     45.768  37.093821     5.2266      6.139   230.4472 2.9801e+02     3.3194     -0.168     -0.244    15.5201 0.0000e+00
     -0.169      0.010     7.3537     73.290     45.750  37.080068     5.2465      6.139   230.4897 2.9816e+02     3.2988     -0.167     -0.242    15.5201 0.0000e+00
     -0.165      0.010     7.3411     73.111     45.750  37.079798     5.2583      6.139   230.4308 2.9907e+02     3.3077     -0.163     -0.236    15.5201 0.0000e+00
     -0.159      0.008     7.3353     72.930     45.764  37.090563     5.2524      6.140   230.2518 2.9980e+02     3.3242     -0.156     -0.226    15.5201 0.0000e+00
     -0.154      0.004     7.3251     72.758     45.756  37.083314     5.2329      6.141   230.1322 2.9938e+02     3.3965     -0.149     -0.217    15.5202 0.0000e+00
     -0.153     -0.001     7.3076     72.574     45.721  37.055615     5.2225      6.143   230.4463 2.9862e+02     3.4654     -0.148     -0.216    15.5200 0.0000e+00
     -0.158     -0.006     7.2900     72.367     45.742  37.072931     5.2270      6.144   230.8672 2.9863e+02     3.5071     -0.154     -0.223    15.5198 0.0000e+00
     -0.163     -0.009     7.2704     72.165     45.778  37.102307     5.2294      6.144   231.0908 2.9924e+02     3.4909     -0.161     -0.233    15.5199 0.0000e+00
     -0.168     -0.010     7.2548     72.005     45.768  37.093526     5.2009      6.144   231.1708 2.9927e+02     3.3720     -0.165     -0.239    15.5198 0.0000e+00
     -0.169     -0.009     7.2375     71.902     45.768  37.093673     5.1490      6.146   231.2320 2.9822e+02     3.2312     -0.165     -0.240    15.5197 0.0000e+00
     -0.170     -0.006     7.2149     71.827     45.781  37.104080     5.1180      6.148   231.4009 2.9677e+02     3.2237     -0.167     -0.242    15.5200 0.0000e+00
     -0.172     -0.003     7.1941     71.785     45.767  37.092449     5.1178      6.149   231.5782 2.9579e+02     3.3153     -0.169     -0.246    15.5201 0.0000e+00
     -0.172     -0.001     7.1760     71.810     45.752  37.079959     5.1462      6.149   231.6556 2.9553e+02     3.3134     -0.169     -0.245    15.5201 0.0000e+00
     -0.171     -0.000     7.1689     71.890     45.752  37.079969     5.1958      6.150   231.7336 2.9531e+02     3.2347     -0.168     -0.244    15.5202 0.0000e+00
     -0.170 -4.098e-07     7.1611     71.981     45.767  37.092564     5.2182      6.153   231.8334 2.9468e+02     3.2184     -0.166     -0.241    15.5201 0.0000e+00
     -0.170     -0.000     7.1540     72.060     45.783  37.105341     5.2081      6.156   231.9155 2.9399e+02     3.2529     -0.167     -0.242    15.5200 0.0000e+00
     -0.171     -0.000     7.1579     72.130     45.785  37.107543     5.2148      6.157   232.1244 2.9366e+02     3.3093     -0.168     -0.244    15.5197 0.0000e+00
     -0.171     -0.001     7.1677     72.210     45.800  37.119195     5.2328      6.158   232.3804 2.9349e+02     3.3201     -0.167     -0.243    15.5196 0.0000e+00
     -0.171     -0.001     7.1778     72.289     45.801  37.119308     5.2267      6.160   232.4289 2.9298e+02     3.2472     -0.168     -0.243    15.5195 0.0000e+00
     -0.171     -0.001     7.1853     72.367     45.788  37.108916     5.2157      6.161   232.3674 2.9228e+02     3.1793     -0.168     -0.243    15.5193 0.0000e+00
     -0.172     -0.001     7.1909     72.448     45.803  37.120454     5.2243      6.162   232.4107 2.9178e+02     3.1818     -0.169     -0.245    15.5193 0.0000e+00
     -0.172     -0.001     7.2002     72.512     45.817  37.131894     5.2395      6.163   232.5218 2.9193e+02     3.2438     -0.170     -0.246    15.5191 0.0000e+00
     -0.172     -0.001     7.2080     72.537     45.803  37.120339     5.2330      6.164   232.5923 2.9260e+02     3.2796     -0.169     -0.245    15.5190 0.0000e+00
     -0.172      0.000     7.2145     72.488     45.787  37.107647     5.2129      6.166   232.5752 2.9282e+02     3.2726     -0.168     -0.244    15.5188 0.0000e+00
     -0.172 -1.866e-08     7.2252     72.373     45.784  37.105350     5.1955      6.169   232.5736 2.9252e+02     3.2629     -0.169     -0.244    15.5186 0.0000e+00
     -0.173 -2.052e-07     7.2307     72.263     45.768  37.092555     5.1723      6.171   232.7451 2.9232e+02     3.2641     -0.170     -0.246    15.5184 0.0000e+00
     -0.173 -2.083e-07     7.2355     72.164     45.752  37.079864     5.1661      6.172   232.9277 2.9239e+02     3.2871     -0.169     -0.246    15.5182 0.0000e+00
     -0.172 -5.586e-08     7.2314     72.050     45.751  37.078814     5.1706      6.173   232.9738 2.9261e+02     3.2674     -0.169     -0.245    15.5182 0.0000e+00
     -0.172 -4.112e-07     7.2146     71.965     45.753  37.079854     5.1596      6.175   233.0448 2.9255e+02     3.1967     -0.168     -0.244    15.5182 0.0000e+00
     -0.172     -0.000     7.2041     71.916     45.768  37.092440     5.1831      6.175   233.0980 2.9237e+02     3.1838     -0.169     -0.245    15.5184 0.0000e+00
     -0.173     -0.000     7.1980     71.896     45.782  37.104081     5.2546      6.176   233.0155 2.9260e+02     3.2493     -0.169     -0.246    15.5183 0.0000e+00
     -0.173     -0.001     7.1813     71.891     45.770  37.093697     5.2998      6.178   233.0787 2.9289e+02     3.3389     -0.169     -0.246    15.5182 0.0000e+00
     -0.173     -0.001     7.1744     71.870     45.770  37.093802     5.3057      6.179   233.3465 2.9292e+02     3.3794     -0.169     -0.245    15.5182 0.0000e+00
     -0.173     -0.001     7.1707     71.878     45.784  37.105339     5.3255      6.179   233.5000 2.9277e+02     3.3284     -0.170     -0.246    15.5182 0.0000e+00
     -0.173     -0.000     7.1659     71.898     45.785  37.106284     5.3735      6.180   233.5581 2.9244e+02     3.3029     -0.169     -0.245    15.5182 0.0000e+00
     -0.174     -0.000     7.1721     71.903     45.783  37.105226     5.4032      6.181   233.6185 2.9219e+02     3.3445     -0.170     -0.246    15.5181 0.0000e+00
     -0.174     -0.000     7.1626     71.969     45.768  37.092553     5.4011      6.182   233.7136 2.9212e+02     3.3534     -0.171     -0.248    15.5182 0.0000e+00
     -0.173     -0.001     7.1663     72.086     45.753  37.079968     5.3821      6.183   233.8479 2.9215e+02     3.3076     -0.170     -0.247    15.5182 0.0000e+00
     -0.173     -0.001     7.1720     72.185     45.753  37.079959     5.3482      6.184   233.8660 2.9198e+02     3.2349     -0.169     -0.246    15.5184 0.0000e+00
     -0.173     -0.000     7.1650     72.282     45.768  37.092450     5.3325      6.184   233.9316 2.9156e+02     3.2263     -0.170     -0.246    15.5183 0.0000e+00
     -0.174 -1.847e-08     7.1736     72.379     45.782  37.104082     5.3491      6.184   234.2113 2.9124e+02     3.3055     -0.171     -0.248    15.5184 0.0000e+00
     -0.174 -2.032e-07     7.1897     72.423     45.770  37.093698     5.3910      6.186   234.4090 2.9104e+02     3.4071     -0.171     -0.248    15.5185 0.0000e+00
     -0.174 -2.032e-07     7.1976     72.448     45.770  37.093803     5.4320      6.189   234.4291 2.9094e+02     3.4982     -0.171     -0.248    15.5184 0.0000e+00
     -0.174 -1.847e-08     7.2052     72.483     45.784  37.105350     5.4448      6.190   234.4543 2.9086e+02     3.5182     -0.170     -0.247    15.5185 0.0000e+00
     -0.174 -1.680e-09     7.2211     72.453     45.785  37.106409     5.4552      6.191   234.4559 2.9083e+02     3.5122     -0.170     -0.247    15.5184 0.0000e+00
     -0.174 -1.527e-10     7.2217     72.314     45.785  37.106599     5.4652      6.193   234.5343 2.9101e+02     3.5283     -0.170     -0.247    15.5183 0.0000e+00
     -0.174 -1.386e-11     7.2214     72.144     45.787  37.107658     5.4661      6.195   234.8857 2.9118e+02     3.5418     -0.170     -0.247    15.5182 0.0000e+00
     -0.174 -1.007e-12     7.2300     72.002     45.802  37.119205     5.4660      6.196   235.2630 2.9113e+02     3.5391     -0.170     -0.247    15.5182 0.0000e+00
     -0.174 2.6864e-12     7.2296     71.890     45.803  37.119310     5.4555      6.197   235.3109 2.9117e+02     3.4960     -0.171     -0.248    15.5182 0.0000e+00
     -0.174 3.0802e-11     7.2111     71.813     45.790  37.108927     5.4725      6.198   235.2067 2.9141e+02     3.4308     -0.170     -0.247    15.5182 0.0000e+00
     -0.173 3.3894e-10     7.1912     71.768     45.805  37.120569     5.5295      6.200   235.2935 2.9161e+02     3.3662     -0.170     -0.246    15.5181 0.0000e+00
     -0.173 3.7283e-09     7.1796     71.803     45.821  37.133163     5.5621      6.201   235.4136 2.9176e+02     3.2954     -0.170     -0.246    15.5176 0.0000e+00
     -0.173 4.1011e-08     7.1657     71.925     45.822  37.134298     5.5591      6.202   235.4551 2.9208e+02     3.2239     -0.170     -0.247    15.5173 0.0000e+00
     -0.173 4.5112e-07     7.1611     72.039     45.821  37.134289     5.5521      6.203   235.5369 2.9259e+02     3.1842     -0.171     -0.248    15.5171 0.0000e+00
     -0.173      0.000     7.1531     72.133     45.819  37.133050     5.5266      6.203   235.6279 2.9300e+02     3.1919     -0.170     -0.247    15.5168 0.0000e+00
     -0.173      0.000     7.1541     72.231     45.803  37.119321     5.4846      6.201   235.6091 2.9310e+02     3.2485     -0.169     -0.246    15.5168 0.0000e+00
     -0.173      0.001     7.1743     72.301     45.773  37.095196     5.4603      6.198   235.3961 2.9309e+02     3.2881     -0.169     -0.245    15.5170 0.0000e+00
     -0.173      0.002     7.1841     72.327     45.773  37.095186     5.4492      6.195   235.2028 2.9330e+02     3.2608     -0.170     -0.246    15.5170 0.0000e+00
     -0.173      0.003     7.1911     72.294     45.802  37.119195     5.4416      6.194   234.4769 2.9375e+02     3.2258     -0.169     -0.246    15.5171 0.0000e+00
     -0.172      0.004     7.2043     72.183     45.817  37.131667     5.4428      6.192   233.6744 2.9450e+02     3.2408     -0.169     -0.246    15.5171 0.0000e+00
     -0.171      0.006     7.2104     72.017     45.801  37.119080     5.4555      6.187   234.2755 2.9504e+02     3.2710     -0.168     -0.243    15.5170 0.0000e+00
     -0.169      0.008     7.2135     71.837     45.770  37.093916     5.4620      6.182   234.7762 2.9239e+02     3.2491     -0.166     -0.240    15.5170 0.0000e+00
     -0.166      0.008     7.2124     71.721     45.754  37.081226     5.4387      6.179   233.6195 2.8554e+02     3.2155     -0.163     -0.237    15.5172 0.0000e+00
     -0.163      0.007     7.1987     71.723     45.767  37.092556     5.3989      6.179   231.9056 2.7821e+02     3.2061     -0.160     -0.233    15.5176 0.0000e+00
     -0.159      0.007     7.1823     71.810     45.781  37.103989     5.3878      6.181   230.9168 2.7348e+02     3.2381     -0.156     -0.227    15.5181 0.0000e+00
     -0.158      0.010     7.1600     71.877     45.767  37.092554     5.4126      6.185   231.6451 2.7193e+02     3.3296     -0.154     -0.224    15.5184 0.0000e+00
     -0.159      0.018     7.1463     71.900     45.753  37.081217     5.4081      6.187   233.7411 2.7106e+02     3.4237     -0.156     -0.227    15.5186 0.0000e+00
     -0.160      0.028     7.1477     71.971     45.768  37.093812     5.3661      6.188   235.0084 2.6610e+02     3.4880     -0.158     -0.229    15.5191 0.0000e+00
     -0.155      0.039     7.1606     72.048     45.798  37.117935     5.3465      6.190   235.0938 2.4704e+02     3.4918     -0.155     -0.226    15.5194 0.0000e+00
     -0.141      0.049     7.1714     72.065     45.798  37.119070     5.3532      6.192   235.1183 2.1151e+02     3.4696     -0.141     -0.206    15.5194 0.0000e+00
     -0.118      0.056     7.1637     72.049     45.783  37.107532     5.3981      6.193   235.1327 1.8048e+02     3.4927     -0.114     -0.165    15.5193 0.0000e+00
     -0.098      0.060     7.1757     71.945     45.780  37.105340     5.4730      6.194   234.5797 1.6850e+02     3.4983     -0.093     -0.134    15.5197 0.0000e+00
     -0.083      0.062     7.1884     71.762     45.765  37.092564     5.5012      6.196   233.4219 1.6431e+02     3.4690     -0.083     -0.121    15.5204 0.0000e+00
     -0.069      0.065     7.1833     71.685     45.750  37.079970     5.4973      6.196   231.1143 1.5964e+02     3.4799     -0.067     -0.096    15.5208 0.0000e+00
     -0.057      0.072     7.1874     71.806     45.750  37.079970     5.5097      6.195   227.7584 1.5663e+02     3.4931     -0.054     -0.078    15.5214 0.0000e+00
     -0.045      0.087     7.1785     72.001     45.765  37.092565     5.5105      6.193   225.7139 1.5049e+02     3.4580     -0.050     -0.073    15.5217 0.0000e+00
     -0.025      0.103     7.1501     72.167     45.781  37.105351     5.4819      6.193   225.2364 1.4296e+02     3.4311     -0.029     -0.041    15.5213 0.0000e+00
      0.006      0.115     7.1369     72.305     45.784  37.107648     5.4543      6.195   225.0828 1.3652e+02     3.4418      0.002      0.003    15.5210 0.0000e+00
      0.047      0.124     7.1581     72.440     45.799  37.120339     5.4593      6.199   225.1458 1.2614e+02     3.4846      0.044      0.063    15.5209 0.0000e+00
      0.091      0.126     7.1807     72.555     45.814  37.131886     5.4772      6.202   225.2238 1.1729e+02     3.4704      0.094      0.138    15.5209 0.0000e+00
      0.126      0.121     7.1962     72.564     45.800  37.120349     5.4789      6.205   225.2526 1.1237e+02     3.3388      0.125      0.182    15.5210 0.0000e+00
      0.151      0.106     7.2093     72.423     45.784  37.107763     5.4710      6.208   225.4932 1.0849e+02     3.2245      0.148      0.215    15.5211 0.0000e+00
      0.174      0.086     7.2217     72.227     45.782  37.106610     5.4646      6.209   225.8105 1.0561e+02     3.2158      0.171      0.248    15.5209 0.0000e+00
      0.196      0.066     7.2381     72.067     45.782  37.106412     5.4936      6.212   226.0770 1.0200e+02     3.2683      0.193      0.280    15.5210 0.0000e+00
      0.213      0.049     7.2420     71.953     45.781  37.105362     5.5556      6.215   226.3935 9.9426e+01     3.2784      0.213      0.309    15.5211 0.0000e+00
      0.223      0.036     7.2223     71.877     45.766  37.093917     5.5895      6.218   226.5395 9.8803e+01     3.2347      0.220      0.320    15.5214 0.0000e+00
      0.225      0.027     7.1988     71.822     45.767  37.094942     5.5875      6.221   226.7238 9.8376e+01     3.2191      0.221      0.320    15.5216 0.0000e+00
      0.225      0.026     7.1839     71.781     45.796  37.117756     5.5819      6.222   227.4173 9.7561e+01     3.2950      0.219      0.318    15.5217 0.0000e+00
