Data/DataNotYetUploadedToEDI/Raw_CTD/RawDownloads/101720_fcr50.cnv
* Sea-Bird SBE19plus  Data File:
* FileName = C:\DATA\101720_fcr50.hex
* Software version 2.8.0.119
* Temperature SN = 7809
* Conductivity SN = 7809
* System UpLoad Time = Oct 17 2020 15:50:20
* <ApplicationData>
* <Seaterm232>
# nquan = 16
# nvalues = 1919                        
# units = specified
# name 0 = depFM: Depth [fresh water, m]
# name 1 = dz/dtM: Descent Rate [m/s]
# name 2 = orp: Oxidation Reduction Potential [mV]
# name 3 = sbeox0Mg/L: Oxygen, SBE 43 [mg/l]
# name 4 = sbeox0PS: Oxygen, SBE 43 [% saturation]
# name 5 = par/sat/log: PAR/Logarithmic, Satlantic
# name 6 = ph: pH
# name 7 = specc: Specific Conductance [uS/cm]
# name 8 = c0uS/cm: Conductivity [uS/cm]
# name 9 = flECO-AFL: Fluorescence, WET Labs ECO-AFL/FL [mg/m^3]
# name 10 = turbWETntu0: Turbidity, WET Labs ECO [NTU]
# name 11 = tv290C: Temperature [ITS-90, deg C]
# name 12 = density00: Density [density, kg/m^3]
# name 13 = prdE: Pressure, Strain Gauge [psi]
# name 14 = prdM: Pressure, Strain Gauge [db]
# name 15 = flag:  0.000e+00
# span 0 =     -0.565,      9.665       
# span 1 =     -0.210,      0.143       
# span 2 =    94.3811,  1240.2295       
# span 3 =    -0.1237,     9.5555       
# span 4 =     -1.086,     96.866       
# span 5 = 1.2352e-01, 1.6550e+03       
# span 6 =     15.409,     16.103       
# span 7 =      0.818,     77.201       
# span 8 =   0.682471,  60.477382       
# span 9 =    -1.2747,     4.3391       
# span 10 =    -8.9889,   936.2546      
# span 11 =    12.6900,    16.7120      
# span 12 =   998.8298,   999.4872      
# span 13 =     -0.805,     13.748      
# span 14 =     -0.555,      9.479      
# span 15 = 0.0000e+00, 0.0000e+00      
# interval = seconds: 0.25
# start_time = Oct 17 2020 00:57:15 [Instrument's time stamp, header]
# bad_flag = -9.990e-29
*END*
[from data line 362]
      1.251      0.019   215.3791     7.8533     79.323 5.0599e+01     15.829     39.216  32.044320     3.4231    11.2111    15.8523   998.9914      1.779      1.226 0.0000e+00
      1.256      0.019   215.3396     7.8374     79.341 5.0033e+01     15.829     39.224  32.050598     3.4342    11.2266    15.8526   998.9914      1.788      1.233 0.0000e+00
      1.261      0.018   215.2186     7.8393     79.325 4.9584e+01     15.829     39.232  32.055127     3.4217    11.2641    15.8520   998.9915      1.793      1.237 0.0000e+00
      1.265      0.018   215.0346     7.8467     79.292 4.9115e+01     15.829     39.210  32.035632     3.3958    11.3550    15.8520   998.9916      1.799      1.240 0.0000e+00
      1.270      0.018   215.0082     7.8558     79.283 4.8684e+01     15.829     39.173  32.005224     3.3696    11.4323    15.8528   998.9914      1.807      1.246 0.0000e+00
      1.274      0.018   215.1582     7.8557     79.311 4.8261e+01     15.828     39.172  32.004694     3.3628    11.4441    15.8526   998.9915      1.813      1.250 0.0000e+00
      1.278      0.018   215.2136     7.8542     79.277 4.7731e+01     15.827     39.202  32.029229     3.4088    11.3253    15.8499   998.9920      1.818      1.254 0.0000e+00
      1.283      0.018   215.2472     7.8515     79.202 4.7155e+01     15.827     39.224  32.048091     3.4873    11.0603    15.8470   998.9924      1.825      1.258 0.0000e+00
      1.289      0.017   215.2198     7.8448     79.124 4.6685e+01     15.827     39.216  32.042419     3.5195    10.8839    15.8462   998.9926      1.834      1.264 0.0000e+00
      1.294      0.016   214.9691     7.8589     79.042 4.6304e+01     15.827     39.192  32.024085     3.5028    10.8407    15.8473   998.9924      1.841      1.269 0.0000e+00
      1.298      0.014   214.7112     7.8498     78.991 4.5979e+01     15.828     39.182  32.016758     3.5148    10.8822    15.8486   998.9922      1.846      1.272 0.0000e+00
      1.301      0.013   214.5967     7.8400     78.907 4.5797e+01     15.829     39.183  32.017278     3.5596    10.9727    15.8492   998.9922      1.850      1.275 0.0000e+00
      1.303      0.012   214.7894     7.8375     78.857 4.5641e+01     15.830     39.199  32.030374     3.5776    11.0084    15.8502   998.9920      1.853      1.277 0.0000e+00
      1.305      0.012   215.0618     7.8198     78.951 4.5385e+01     15.829     39.221  32.048206     3.5692    11.0043    15.8514   998.9918      1.856      1.279 0.0000e+00
      1.308      0.013   215.0511     7.8251     79.120 4.5040e+01     15.828     39.214  32.042543     3.5636    10.9915    15.8523   998.9917      1.859      1.283 0.0000e+00
      1.312      0.013   215.0906     7.8118     79.261 4.4609e+01     15.827     39.193  32.025344     3.5668    11.0942    15.8523   998.9917      1.865      1.286 0.0000e+00
      1.317      0.013   215.2810     7.7979     79.267 4.4176e+01     15.827     39.200  32.030601     3.5794    11.3541    15.8518   998.9918      1.873      1.291 0.0000e+00
      1.320      0.013   215.2889     7.8163     79.192 4.3862e+01     15.828     39.215  32.042657     3.5829    11.4900    15.8517   998.9918      1.878      1.295 0.0000e+00
      1.323      0.012   215.0992     7.8319     79.190 4.3640e+01     15.829     39.217  32.044217     3.5708    11.4320    15.8524   998.9917      1.880      1.296 0.0000e+00
      1.326      0.011   215.1384     7.8538     79.237 4.3489e+01     15.828     39.224  32.049464     3.5665    11.4779    15.8528   998.9917      1.886      1.299 0.0000e+00
      1.328      0.009   215.4188     7.8530     79.277 4.3358e+01     15.828     39.216  32.042658     3.5788    11.7356    15.8522   998.9918      1.889      1.302 0.0000e+00
      1.330      0.009   215.3917     7.8335     79.300 4.3189e+01     15.829     39.196  32.025370     3.5859    11.9387    15.8513   998.9920      1.892      1.304 0.0000e+00
      1.332      0.009   215.1556     7.8398     79.320 4.2977e+01     15.829     39.204  32.030775     3.5760    11.9419    15.8508   998.9920      1.894      1.306 0.0000e+00
      1.334      0.009   214.9735     7.8460     79.401 4.2688e+01     15.828     39.222  32.044556     3.5640    11.9454    15.8502   998.9921      1.897      1.308 0.0000e+00
      1.337      0.010   214.8247     7.8487     79.504 4.2434e+01     15.828     39.247  32.065096     3.5650    12.0850    15.8494   998.9923      1.901      1.311 0.0000e+00
      1.339      0.011   214.8189     7.8540     79.551 4.2240e+01     15.828     39.275  32.088790     3.5780    12.2217    15.8486   998.9924      1.904      1.313 0.0000e+00
      1.342      0.012   214.9032     7.8488     79.545 4.2015e+01     15.829     39.260  32.077254     3.5877    12.2594    15.8480   998.9925      1.909      1.316 0.0000e+00
      1.345      0.013   214.9831     7.8611     79.513 4.1755e+01     15.829     39.229  32.052506     3.6153    12.2326    15.8470   998.9927      1.914      1.319 0.0000e+00
      1.349      0.014   215.0107     7.8756     79.447 4.1475e+01     15.828     39.219  32.043359     3.6644    12.1721    15.8465   998.9928      1.919      1.323 0.0000e+00
      1.352      0.014   214.9792     7.8778     79.319 4.1142e+01     15.828     39.206  32.030098     3.6952    12.1447    15.8474   998.9927      1.924      1.326 0.0000e+00
      1.356      0.014   215.0317     7.8772     79.219 4.0752e+01     15.828     39.196  32.019048     3.7202    12.1765    15.8488   998.9925      1.929      1.330 0.0000e+00
      1.360      0.014   215.0439     7.8718     79.229 4.0424e+01     15.829     39.223  32.036652     3.7476    12.1454    15.8495   998.9924      1.935      1.333 0.0000e+00
      1.364      0.014   214.8686     7.8708     79.304 4.0164e+01     15.829     39.248  32.052602     3.7586    12.0082    15.8487   998.9925      1.941      1.338 0.0000e+00
      1.367      0.013   214.7193     7.8528     79.404 3.9886e+01     15.830     39.214  32.021551     3.7576    11.9252    15.8456   998.9930      1.945      1.341 0.0000e+00
      1.370      0.013   214.7004     7.8383     79.449 3.9593e+01     15.830     39.163  31.978454     3.7640    11.9311    15.8409   998.9938      1.949      1.344 0.0000e+00
      1.374      0.012   214.7261     7.8464     79.376 3.9304e+01     15.830     39.158  31.975647     3.7695    11.9078    15.8356   998.9947      1.954      1.347 0.0000e+00
      1.377      0.012   214.6857     7.8529     79.249 3.9052e+01     15.830     39.170  31.987608     3.7292    11.7814    15.8290   998.9958      1.958      1.350 0.0000e+00
      1.379      0.012   214.5563     7.8677     79.127 3.8837e+01     15.830     39.179  31.996183     3.6573    11.6385    15.8242   998.9965      1.962      1.353 0.0000e+00
      1.382      0.013   214.4526     7.8770     79.049 3.8578e+01     15.830     39.202  32.015877     3.6162    11.6230    15.8233   998.9966      1.966      1.356 0.0000e+00
      1.386      0.013   214.4645     7.8635     79.035 3.8283e+01     15.829     39.226  32.035392     3.6229    11.6960    15.8250   998.9964      1.971      1.359 0.0000e+00
      1.389      0.014   214.5276     7.8500     79.042 3.8016e+01     15.828     39.236  32.041795     3.6911    11.6630    15.8277   998.9960      1.976      1.362 0.0000e+00
      1.393      0.014   214.5267     7.8365     79.061 3.7682e+01     15.828     39.223  32.029845     3.7822    11.4985    15.8295   998.9957      1.980      1.366 0.0000e+00
      1.396      0.014   214.4544     7.8258     79.105 3.7310e+01     15.829     39.210  32.017790     3.8188    11.4247    15.8303   998.9956      1.986      1.369 0.0000e+00
      1.400      0.014   214.4283     7.8288     79.182 3.7055e+01     15.829     39.218  32.022935     3.8191    11.4569    15.8313   998.9955      1.993      1.374 0.0000e+00
      1.404      0.014   214.4685     7.8286     79.279 3.6855e+01     15.829     39.227  32.028608     3.8426    11.5789    15.8291   998.9958      1.997      1.377 0.0000e+00
      1.407      0.013   214.4239     7.8305     79.347 3.6615e+01     15.829     39.222  32.022937     3.8937    11.8006    15.8257   998.9963      2.000      1.380 0.0000e+00
      1.410      0.013   214.4055     7.8355     79.386 3.6293e+01     15.830     39.216  32.017802     3.9217    11.9061    15.8249   998.9965      2.005      1.382 0.0000e+00
      1.414      0.013   214.5907     7.8420     79.399 3.5946e+01     15.830     39.231  32.029970     3.9139    11.8934    15.8230   998.9969      2.011      1.386 0.0000e+00
      1.417      0.013   214.6838     7.8569     79.359 3.5706e+01     15.830     39.246  32.043170     3.8952    11.8521    15.8200   998.9973      2.016      1.390 0.0000e+00
      1.420      0.012   214.4984     7.8618     79.295 3.5468e+01     15.830     39.256  32.050506     3.8671    11.7846    15.8178   998.9978      2.019      1.392 0.0000e+00
      1.424      0.012   214.2418     7.8654     79.263 3.5198e+01     15.830     39.261  32.055224     3.8408    11.7642    15.8181   998.9977      2.026      1.397 0.0000e+00
      1.427      0.015   213.9905     7.8688     79.247 3.5071e+01     15.830     39.238  32.036767     3.8258    11.7435    15.8197   998.9975      2.032      1.401 0.0000e+00
      1.429      0.023   213.9554     7.8635     79.207 3.5043e+01     15.829     39.216  32.017677     3.7611    11.6370    15.8195   998.9975      2.033      1.402 0.0000e+00
      1.430      0.036   214.0751     7.8538     79.135 3.4906e+01     15.829     39.217  32.014747     3.6407    11.5059    15.8180   998.9977      2.033      1.402 0.0000e+00
      1.434      0.049   213.8892     7.8522     79.080 3.4150e+01     15.829     39.208  32.001339     3.5717    11.4286    15.8189   998.9976      2.036      1.403 0.0000e+00
      1.449      0.058   213.8591     7.8522     79.088 3.2325e+01     15.830     39.194  31.982459     3.5653    11.4239    15.8202   998.9974      2.054      1.416 0.0000e+00
      1.475      0.063   214.1406     7.8487     79.083 2.9980e+01     15.831     39.197  31.976795     3.5539    11.4153    15.8190   998.9978      2.097      1.446 0.0000e+00
      1.505      0.062   214.1951     7.8414     79.020 2.8332e+01     15.832     39.228  31.996292     3.5395    11.3241    15.8147   998.9987      2.149      1.482 0.0000e+00
      1.525      0.055   214.1746     7.8314     78.945 2.7787e+01     15.832     39.269  32.027844     3.5528    11.2482    15.8070   998.9999      2.176      1.500 0.0000e+00
      1.532      0.042   214.2367     7.8411     78.926 2.7598e+01     15.831     39.284  32.041052     3.5714    11.2183    15.7969   999.0015      2.179      1.502 0.0000e+00
      1.535      0.027   214.5158     7.8435     78.948 2.7366e+01     15.831     39.266  32.029101     3.5644    11.1685    15.7853   999.0034      2.184      1.506 0.0000e+00
      1.539      0.014   214.9679     7.8361     78.851 2.7215e+01     15.831     39.239  32.010238     3.5073    11.0928    15.7777   999.0047      2.189      1.509 0.0000e+00
      1.541      0.003   214.9707     7.8267     78.636 2.7115e+01     15.831     39.227  32.003327     3.4147    11.0235    15.7754   999.0051      2.192      1.512 0.0000e+00
      1.542     -0.008   214.3776     7.8216     78.516 2.7093e+01     15.831     39.230  32.008990     3.3700    11.0180    15.7772   999.0048      2.194      1.513 0.0000e+00
      1.542     -0.019   213.9058     7.8344     78.593 2.7227e+01     15.831     39.232  32.015267     3.3667    10.9920    15.7807   999.0042      2.193      1.512 0.0000e+00
      1.538     -0.025   213.8264     7.8256     78.878 2.7821e+01     15.830     39.225  32.015784     3.2983    10.7432    15.7847   999.0036      2.193      1.512 0.0000e+00
      1.526     -0.026   213.7619     7.7886     79.208 2.9161e+01     15.829     39.216  32.015254     3.1724    10.4130    15.7893   999.0028      2.176      1.500 0.0000e+00
      1.507     -0.021   213.6425     7.7768     79.269 3.0316e+01     15.829     39.205  32.008861     3.1125    10.2955    15.7925   999.0021      2.139      1.474 0.0000e+00
      1.496     -0.011   213.5872     7.7828     79.124 3.0271e+01     15.830     39.199  32.001940     3.1270    10.3178    15.7969   999.0014      2.119      1.460 0.0000e+00
      1.499      0.001   213.6092     7.8096     79.007 2.9609e+01     15.830     39.196  31.995020     3.2249    10.4764    15.8058   999.0000      2.130      1.468 0.0000e+00
      1.508      0.016   213.7360     7.8648     79.008 2.8973e+01     15.830     39.193  31.988623     3.3904    10.7378    15.8167   998.9983      2.145      1.479 0.0000e+00
      1.517      0.030   214.0887     7.8610     79.131 2.8385e+01     15.831     39.198  31.988037     3.4872    10.9034    15.8209   998.9976      2.158      1.488 0.0000e+00
      1.526      0.037   214.2602     7.8345     79.189 2.7819e+01     15.831     39.204  31.987932     3.5185    10.9681    15.8173   998.9983      2.170      1.496 0.0000e+00
      1.536      0.037   213.9164     7.8276     79.074 2.7105e+01     15.830     39.211  31.987346     3.5205    10.9357    15.8109   998.9994      2.183      1.505 0.0000e+00
      1.548      0.035   213.7179     7.8202     78.897 2.6355e+01     15.830     39.210  31.980949     3.4920    10.8907    15.8054   999.0003      2.202      1.518 0.0000e+00
      1.559      0.032   213.8382     7.8480     78.843 2.5836e+01     15.831     39.206  31.974029     3.4798    10.8693    15.8002   999.0012      2.219      1.531 0.0000e+00
      1.566      0.028   213.7370     7.8574     78.911 2.5584e+01     15.833     39.202  31.967119     3.4968    10.8487    15.7931   999.0023      2.230      1.538 0.0000e+00
      1.571      0.025   213.6986     7.8428     78.898 2.5365e+01     15.833     39.198  31.960842     3.5158    10.8813    15.7843   999.0038      2.234      1.540 0.0000e+00
      1.575      0.021   213.9752     7.8183     78.820 2.5056e+01     15.832     39.201  31.961571     3.5185    10.9543    15.7775   999.0049      2.239      1.544 0.0000e+00
      1.580      0.019   213.9838     7.8092     78.798 2.4796e+01     15.832     39.219  31.975932     3.5109    11.1144    15.7737   999.0055      2.249      1.551 0.0000e+00
      1.585      0.017   213.6312     7.8354     78.901 2.4529e+01     15.832     39.256  32.007589     3.5004    11.2377    15.7693   999.0063      2.255      1.554 0.0000e+00
      1.590      0.017   213.3259     7.8266     79.064 2.4246e+01     15.832     39.278  32.027094     3.5056    11.2092    15.7638   999.0071      2.261      1.559 0.0000e+00
      1.594      0.017   213.3045     7.8169     79.160 2.4074e+01     15.832     39.270  32.021431     3.5366    11.1818    15.7612   999.0076      2.268      1.564 0.0000e+00
      1.598      0.017   213.4581     7.8109     79.231 2.3945e+01     15.832     39.246  32.002569     3.5599    11.1807    15.7621   999.0075      2.272      1.567 0.0000e+00
      1.601      0.017   213.4626     7.8215     79.298 2.3730e+01     15.832     39.230  31.989370     3.5575    11.1614    15.7644   999.0071      2.277      1.569 0.0000e+00
      1.605      0.018   213.3591     7.8486     79.259 2.3432e+01     15.833     39.231  31.988737     3.5647    11.1880    15.7668   999.0068      2.283      1.574 0.0000e+00
      1.611      0.019   213.4102     7.8503     79.085 2.3129e+01     15.833     39.244  31.994921     3.6183    11.3655    15.7675   999.0067      2.290      1.580 0.0000e+00
      1.616      0.020   213.5648     7.8569     78.905 2.2865e+01     15.833     39.256  32.000678     3.6918    11.5912    15.7680   999.0066      2.299      1.586 0.0000e+00
      1.621      0.021   213.5930     7.8690     78.845 2.2611e+01     15.833     39.252  31.994900     3.7181    11.6504    15.7694   999.0064      2.306      1.590 0.0000e+00
