Data/DataNotYetUploadedToEDI/Raw_CTD/RawDownloads/101720_fcr50.cnv
* Sea-Bird SBE19plus  Data File:
* FileName = C:\DATA\101720_fcr50.hex
* Software version 2.8.0.119
* Temperature SN = 7809
* Conductivity SN = 7809
* System UpLoad Time = Oct 17 2020 15:50:20
* <ApplicationData>
* <Seaterm232>
# nquan = 16
# nvalues = 1919                        
# units = specified
# name 0 = depFM: Depth [fresh water, m]
# name 1 = dz/dtM: Descent Rate [m/s]
# name 2 = orp: Oxidation Reduction Potential [mV]
# name 3 = sbeox0Mg/L: Oxygen, SBE 43 [mg/l]
# name 4 = sbeox0PS: Oxygen, SBE 43 [% saturation]
# name 5 = par/sat/log: PAR/Logarithmic, Satlantic
# name 6 = ph: pH
# name 7 = specc: Specific Conductance [uS/cm]
# name 8 = c0uS/cm: Conductivity [uS/cm]
# name 9 = flECO-AFL: Fluorescence, WET Labs ECO-AFL/FL [mg/m^3]
# name 10 = turbWETntu0: Turbidity, WET Labs ECO [NTU]
# name 11 = tv290C: Temperature [ITS-90, deg C]
# name 12 = density00: Density [density, kg/m^3]
# name 13 = prdE: Pressure, Strain Gauge [psi]
# name 14 = prdM: Pressure, Strain Gauge [db]
# name 15 = flag:  0.000e+00
# span 0 =     -0.565,      9.665       
# span 1 =     -0.210,      0.143       
# span 2 =    94.3811,  1240.2295       
# span 3 =    -0.1237,     9.5555       
# span 4 =     -1.086,     96.866       
# span 5 = 1.2352e-01, 1.6550e+03       
# span 6 =     15.409,     16.103       
# span 7 =      0.818,     77.201       
# span 8 =   0.682471,  60.477382       
# span 9 =    -1.2747,     4.3391       
# span 10 =    -8.9889,   936.2546      
# span 11 =    12.6900,    16.7120      
# span 12 =   998.8298,   999.4872      
# span 13 =     -0.805,     13.748      
# span 14 =     -0.555,      9.479      
# span 15 = 0.0000e+00, 0.0000e+00      
# interval = seconds: 0.25
# start_time = Oct 17 2020 00:57:15 [Instrument's time stamp, header]
# bad_flag = -9.990e-29
*END*
[from data line 91]
      0.116      0.002   231.4609     7.2747     72.973 6.4830e+02     15.820     40.020  32.847895     1.5220    10.7662    16.0005   998.9623      0.166      0.115 0.0000e+00
      0.116      0.002   231.2806     7.2147     73.525 6.9614e+02     15.819     40.177  32.981758     1.6788    10.8940    16.0123   998.9605      0.165      0.114 0.0000e+00
      0.117      0.001   230.7886     7.1624     74.127 8.5259e+02     15.818     40.289  33.077113     1.7622    10.9719    16.0222   998.9589      0.166      0.114 0.0000e+00
      0.117      0.000   230.3310     7.1657     74.566 9.8817e+02     15.818     40.404  33.175986     1.7673    10.9878    16.0296   998.9578      0.166      0.114 0.0000e+00
      0.117      0.000   229.9644     7.1803     74.850 1.0882e+03     15.818     40.537  33.288918     1.8170    11.0514    16.0360   998.9568      0.166      0.115 0.0000e+00
      0.117      0.001   229.7970     7.2500     75.013 1.1448e+03     15.818     40.623  33.363912     1.9055    11.1227    16.0413   998.9560      0.166      0.114 0.0000e+00
      0.117      0.001   229.8562     7.3178     75.106 1.0829e+03     15.819     40.645  33.384778     1.9585    11.1634    16.0461   998.9553      0.166      0.115 0.0000e+00
      0.117      0.001   229.9053     7.3543     75.132 1.0675e+03     15.819     40.679  33.414315     1.9819    11.1999    16.0513   998.9545      0.166      0.114 0.0000e+00
      0.118      0.001   229.8746     7.3841     75.077 1.1270e+03     15.818     40.743  33.467239     1.9882    11.1183    16.0567   998.9536      0.167      0.115 0.0000e+00
      0.119      0.001   229.7431     7.3945     74.954 1.0538e+03     15.818     40.803  33.517059     1.9772    10.8980    16.0612   998.9529      0.169      0.116 0.0000e+00
      0.119      0.001   229.6063     7.4045     74.735 9.1781e+02     15.818     40.870  33.572529     1.9629    10.7335    16.0643   998.9524      0.170      0.117 0.0000e+00
      0.119      0.001   229.5109     7.4081     74.422 8.5557e+02     15.818     40.941  33.630320     1.9583    10.7089    16.0664   998.9521      0.169      0.117 0.0000e+00
      0.119      0.001   229.2776     7.4001     74.098 8.7323e+02     15.819     40.959  33.644736     1.9688    10.7031    16.0674   998.9520      0.169      0.117 0.0000e+00
      0.119      0.000   228.8502     7.3903     73.815 8.7493e+02     15.819     40.929  33.619930     2.0140    10.7656    16.0681   998.9519      0.170      0.117 0.0000e+00
      0.119     -0.001   228.3874     7.3697     73.578 7.3926e+02     15.819     40.885  33.584191     2.0945    10.9844    16.0687   998.9518      0.170      0.117 0.0000e+00
      0.119     -0.001   228.0708     7.3338     73.405 5.9926e+02     15.818     40.818  33.529874     2.1414    11.1524    16.0686   998.9518      0.169      0.117 0.0000e+00
      0.119     -0.002   227.9471     7.3001     73.235 6.6906e+02     15.818     40.746  33.470799     2.1521    11.1824    16.0676   998.9520      0.170      0.117 0.0000e+00
      0.118     -0.002   227.7519     7.2742     72.999 8.4286e+02     15.818     40.709  33.440994     2.1485    11.0034    16.0669   998.9521      0.168      0.116 0.0000e+00
      0.117     -0.001   227.2597     7.2476     72.736 9.8013e+02     15.818     40.687  33.423308     2.1164    10.6705    16.0674   998.9520      0.166      0.115 0.0000e+00
      0.116      0.001   227.0722     7.2333     72.491 9.5914e+02     15.818     40.638  33.383857     2.0965    10.5223    16.0684   998.9518      0.165      0.114 0.0000e+00
      0.116      0.004   227.1192     7.2219     72.279 8.4199e+02     15.818     40.588  33.344704     2.0996    10.5503    16.0691   998.9517      0.165      0.114 0.0000e+00
      0.116      0.008   226.7100     7.1937     72.095 8.3891e+02     15.818     40.567  33.330617     2.1349    10.7345    16.0692   998.9516      0.165      0.114 0.0000e+00
      0.118      0.013   226.1690     7.1676     71.926 8.7056e+02     15.818     40.575  33.340445     2.1989    11.0323    16.0697   998.9516      0.164      0.113 0.0000e+00
      0.124      0.018   226.1691     7.1416     71.670 8.7634e+02     15.819     40.570  33.336635     2.2245    11.1644    16.0707   998.9514      0.175      0.121 0.0000e+00
      0.130      0.025   226.2821     7.1226     71.349 9.3703e+02     15.819     40.507  33.284554     2.2345    11.1992    16.0719   998.9513      0.188      0.130 0.0000e+00
      0.134      0.031   225.9005     7.1011     71.153 9.7563e+02     15.819     40.427  33.218336     2.3108    11.3501    16.0767   998.9504      0.191      0.132 0.0000e+00
      0.140      0.034   225.5986     7.0894     71.048 1.0794e+03     15.819     40.368  33.170510     2.4318    11.5804    16.0815   998.9497      0.195      0.135 0.0000e+00
      0.153      0.034   225.3852     7.0688     71.023 1.1974e+03     15.819     40.348  33.150448     2.4967    11.6835    16.0818   998.9497      0.216      0.148 0.0000e+00
      0.169      0.031   224.8683     7.0184     71.255 9.8086e+02     15.820     40.375  33.166112     2.4941    11.6358    16.0799   998.9500      0.244      0.169 0.0000e+00
      0.179      0.026   224.5120     7.0095     72.029 7.2475e+02     15.820     40.388  33.169538     2.4857    11.4837    16.0799   998.9501      0.259      0.179 0.0000e+00
      0.183      0.020   224.5184     6.9995     73.711 6.9545e+02     15.820     40.343  33.128414     2.4903    11.2877    16.0835   998.9495      0.260      0.179 0.0000e+00
      0.183      0.013   224.6018     6.9869     76.196 7.0274e+02     15.820     40.251  33.049579     2.4929    11.2230    16.0801   998.9500      0.261      0.180 0.0000e+00
      0.184      0.007   224.4882     7.0087     78.858 7.9874e+02     15.819     40.090  32.914295     2.4888    11.2159    16.0678   998.9520      0.262      0.180 0.0000e+00
      0.185      0.004   224.0916     7.0624     81.082 8.7041e+02     15.819     39.910  32.761704     2.4880    11.1673    16.0588   998.9535      0.262      0.181 0.0000e+00
      0.186      0.004   223.7643     7.2326     82.460 8.0001e+02     15.820     39.798  32.663939     2.4933    11.1160    16.0545   998.9543      0.265      0.183 0.0000e+00
      0.188      0.004   223.6273     7.5085     82.915 7.6321e+02     15.820     39.753  32.620510     2.5050    11.0762    16.0508   998.9549      0.267      0.184 0.0000e+00
      0.189      0.005   223.5538     7.7905     82.687 7.3124e+02     15.820     39.754  32.617291     2.5050    11.0301    16.0466   998.9555      0.269      0.185 0.0000e+00
      0.190      0.006   223.5640     8.0272     82.132 7.5752e+02     15.820     39.766  32.625012     2.4933    10.9704    16.0414   998.9562      0.270      0.186 0.0000e+00
      0.191      0.007   223.5788     8.1671     81.591 9.4164e+02     15.820     39.722  32.586965     2.5071    11.0071    16.0331   998.9576      0.272      0.188 0.0000e+00
      0.193      0.007   223.6464     8.2022     81.205 1.0584e+03     15.821     39.666  32.537953     2.5478    11.1642    16.0243   998.9590      0.273      0.189 0.0000e+00
      0.196      0.004   223.3492     8.1690     80.879 9.2727e+02     15.821     39.750  32.603446     2.5759    11.2904    16.0194   998.9598      0.278      0.192 0.0000e+00
      0.198     -0.001   222.5670     8.1005     80.517 7.1934e+02     15.821     40.157  32.934683     2.5704    11.2633    16.0170   998.9603      0.283      0.195 0.0000e+00
      0.199     -0.008   222.1898     8.0417     80.180 6.6222e+02     15.821     40.762  33.433877     2.5384    11.0082    16.0151   998.9605      0.285      0.196 0.0000e+00
      0.198     -0.015   222.2300     8.0105     79.980 6.8172e+02     15.821     41.141  33.753484     2.5128    10.6772    16.0118   998.9610      0.285      0.196 0.0000e+00
      0.192     -0.020   222.1069     7.9848     79.984 7.3462e+02     15.821     41.282  33.880292     2.5174    10.5575    16.0058   998.9620      0.278      0.193 0.0000e+00
      0.181     -0.025   221.9060     7.9452     80.107 8.1669e+02     15.820     41.435  34.015331     2.5182    10.5562    16.0006   998.9628      0.256      0.176 0.0000e+00
      0.171     -0.026   221.8665     7.9080     80.229 7.7467e+02     15.820     41.550  34.117176     2.4846    10.4901    16.0040   998.9626      0.239      0.165 0.0000e+00
      0.165     -0.024   221.7154     7.8814     80.333 7.3304e+02     15.819     41.439  34.033003     2.4360    10.4446    16.0177   998.9604      0.237      0.163 0.0000e+00
      0.160     -0.019   221.3691     7.8832     80.380 8.4450e+02     15.818     41.179  33.822495     2.4168    10.4530    16.0327   998.9580      0.229      0.158 0.0000e+00
      0.155     -0.014   221.1207     7.9015     80.346 8.8432e+02     15.818     41.067  33.729341     2.4332    10.4548    16.0431   998.9563      0.217      0.150 0.0000e+00
      0.153     -0.010   221.0345     7.9079     80.251 7.9615e+02     15.819     41.071  33.731575     2.4533    10.4999    16.0522   998.9549      0.217      0.150 0.0000e+00
      0.153     -0.007   221.1015     7.9205     80.130 7.6995e+02     15.820     40.981  33.659144     2.4596    10.5868    16.0617   998.9533      0.220      0.151 0.0000e+00
      0.152     -0.004   221.1561     7.9254     80.075 7.8107e+02     15.820     40.848  33.551557     2.4432    10.6476    16.0658   998.9525      0.217      0.149 0.0000e+00
      0.151     -0.002   221.0928     7.9201     80.107 7.7313e+02     15.819     40.719  33.445984     2.4263    10.7188    16.0620   998.9530      0.214      0.148 0.0000e+00
      0.150     -0.001   221.0244     7.9131     80.121 7.6101e+02     15.819     40.588  33.334439     2.4262    10.7615    16.0590   998.9536      0.213      0.147 0.0000e+00
      0.150     -0.000   220.9313     7.8942     80.036 7.6885e+02     15.819     40.532  33.281536     2.4040    10.7865    16.0621   998.9531      0.214      0.147 0.0000e+00
      0.150      0.001   220.8279     7.8873     79.900 8.1024e+02     15.819     40.580  33.313937     2.3577    10.8830    16.0659   998.9523      0.213      0.147 0.0000e+00
      0.151      0.001   220.8925     7.8957     79.820 8.1779e+02     15.818     40.626  33.345482     2.3342    10.9667    16.0666   998.9522      0.214      0.147 0.0000e+00
      0.152      0.002   221.1100     7.9017     79.832 8.4520e+02     15.819     40.555  33.282229     2.3487    11.0090    16.0618   998.9530      0.216      0.149 0.0000e+00
      0.152      0.002   221.3071     7.8930     79.867 9.1897e+02     15.819     40.439  33.183644     2.3802    11.1198    16.0530   998.9544      0.216      0.149 0.0000e+00
      0.152      0.002   221.3831     7.8745     79.769 9.7826e+02     15.820     40.425  33.168717     2.3999    11.2766    16.0432   998.9560      0.217      0.149 0.0000e+00
      0.153      0.002   221.3397     7.8691     79.554 9.5570e+02     15.821     40.503  33.228642     2.4155    11.3941    16.0341   998.9575      0.218      0.150 0.0000e+00
      0.154      0.002   221.2987     7.8706     79.400 8.3245e+02     15.821     40.563  33.273682     2.4269    11.4770    16.0282   998.9585      0.219      0.151 0.0000e+00
      0.154      0.002   221.4040     7.8849     79.381 7.7044e+02     15.821     40.561  33.269131     2.4417    11.4195    16.0252   998.9589      0.220      0.151 0.0000e+00
      0.154      0.001   221.4939     7.8761     79.529 7.7487e+02     15.821     40.522  33.237065     2.4709    11.1804    16.0217   998.9594      0.220      0.151 0.0000e+00
      0.154      0.001   221.4391     7.8426     79.759 7.8947e+02     15.821     40.481  33.203223     2.4748    10.9899    16.0158   998.9604      0.220      0.151 0.0000e+00
      0.155      0.001   221.2574     7.8319     79.924 8.3652e+02     15.821     40.448  33.177201     2.4695    10.9695    16.0099   998.9615      0.221      0.152 0.0000e+00
      0.155      0.001   220.9320     7.8254     79.982 8.4139e+02     15.821     40.447  33.176243     2.4730    11.0023    16.0066   998.9620      0.221      0.152 0.0000e+00
      0.155      0.002   220.6890     7.8440     79.944 8.2594e+02     15.821     40.466  33.191635     2.4609    11.0084    16.0057   998.9621      0.221      0.152 0.0000e+00
      0.156      0.002   220.6416     7.8749     79.863 8.3687e+02     15.820     40.444  33.172957     2.4371    10.9750    16.0073   998.9618      0.222      0.153 0.0000e+00
      0.156      0.001   220.7892     7.8893     79.792 7.8183e+02     15.820     40.404  33.140765     2.4142    10.9412    16.0092   998.9615      0.222      0.153 0.0000e+00
      0.157      0.001   221.0122     7.8965     79.773 7.2135e+02     15.821     40.377  33.119652     2.4136    11.0811    16.0089   998.9615      0.223      0.154 0.0000e+00
      0.158      0.001   220.9285     7.8894     79.852 7.6530e+02     15.821     40.362  33.108031     2.4386    11.3612    16.0078   998.9618      0.224      0.155 0.0000e+00
      0.158      0.001   220.6367     7.8804     80.037 7.8419e+02     15.821     40.384  33.127161     2.4581    11.5132    16.0072   998.9619      0.225      0.155 0.0000e+00
      0.158      0.001   220.4957     7.8716     80.233 7.6344e+02     15.822     40.424  33.160608     2.4498    11.4777    16.0076   998.9617      0.224      0.154 0.0000e+00
      0.158      0.001   220.4279     7.8682     80.327 7.7090e+02     15.822     40.463  33.195188     2.4344    11.3772    16.0087   998.9616      0.224      0.155 0.0000e+00
      0.158      0.001   220.3334     7.8738     80.298 8.2621e+02     15.821     40.498  33.228009     2.4717    11.1907    16.0099   998.9614      0.225      0.155 0.0000e+00
      0.158      0.001   220.2999     7.8965     80.183 9.4049e+02     15.820     40.508  33.240198     2.5475    10.9057    16.0109   998.9612      0.225      0.155 0.0000e+00
      0.158      0.001   220.2807     7.9218     80.054 9.3890e+02     15.819     40.476  33.215665     2.5784    10.7122    16.0110   998.9612      0.226      0.156 0.0000e+00
      0.158      0.001   220.1870     7.9291     79.948 8.8016e+02     15.819     40.440  33.185183     2.5691    10.6362    16.0138   998.9608      0.225      0.155 0.0000e+00
      0.159      0.001   220.1132     7.9252     79.871 9.2251e+02     15.820     40.450  33.188893     2.5410    10.5698    16.0207   998.9596      0.226      0.156 0.0000e+00
      0.159      0.001   220.1631     7.9088     79.858 8.9564e+02     15.822     40.466  33.197066     2.5140    10.5282    16.0263   998.9588      0.226      0.156 0.0000e+00
      0.160      0.001   220.2731     7.8944     79.900 8.2066e+02     15.823     40.499  33.220550     2.5191    10.5102    16.0281   998.9585      0.227      0.157 0.0000e+00
      0.160      0.000   220.0675     7.8862     79.960 7.9912e+02     15.822     40.573  33.282484     2.5071    10.4902    16.0268   998.9587      0.229      0.158 0.0000e+00
      0.160     -0.002   219.4843     7.8753     79.959 7.8582e+02     15.820     40.602  33.311399     2.4647    10.5612    16.0215   998.9596      0.228      0.157 0.0000e+00
      0.160     -0.005   219.1583     7.8778     79.838 8.2421e+02     15.820     40.602  33.316356     2.4358    10.7156    16.0134   998.9609      0.227      0.156 0.0000e+00
      0.160     -0.008   219.3090     7.8828     79.657 8.4681e+02     15.821     40.629  33.342433     2.4347    10.7778    16.0081   998.9617      0.228      0.157 0.0000e+00
      0.158     -0.013   219.4134     7.8912     79.521 8.1034e+02     15.821     40.664  33.372891     2.4508    10.7642    16.0102   998.9615      0.226      0.156 0.0000e+00
      0.153     -0.019   219.2162     7.8950     79.498 8.0043e+02     15.821     40.733  33.430825     2.4590    10.5856    16.0176   998.9602      0.218      0.150 0.0000e+00
