Data/DataNotYetUploadedToEDI/Raw_CTD/RawDownloads/101723_bvr50_S8188001.cnv
* Sea-Bird SBE19plus  Data File:
* FileName = C:\R\Reservoirs\Data\DataNotYetUploadedToEDI\Raw_CTD\RawDownloads\101823_bvr50_S8188_0001.hex
* Software version 2.8.0.119
* Temperature SN = 8188
* Conductivity SN = 8188
* System UpLoad Time = Oct 18 2023 15:30:57
* <ApplicationData>
* <Seaterm232>
# nquan = 16
# nvalues = 1374                        
# units = specified
# name 0 = depFM: Depth [fresh water, m]
# name 1 = dz/dtM: Descent Rate [m/s]
# name 2 = sbeox0Mg/L: Oxygen, SBE 43 [mg/l]
# name 3 = sbeox0PS: Oxygen, SBE 43 [% saturation]
# name 4 = specc: Specific Conductance [uS/cm]
# name 5 = c0uS/cm: Conductivity [uS/cm]
# name 6 = wetCDOM: Fluorescence, WET Labs CDOM [mg/m^3]
# name 7 = flECO-AFL: Fluorescence, WET Labs ECO-AFL/FL [mg/m^3]
# name 8 = flECO-AFL1: Fluorescence, WET Labs ECO-AFL/FL, 2 [mg/m^3]
# name 9 = flECO-AFL2: Fluorescence, WET Labs ECO-AFL/FL, 3 [mg/m^3]
# name 10 = par/sat/log: PAR/Logarithmic, Satlantic
# name 11 = turbWETntu0: Turbidity, WET Labs ECO [NTU]
# name 12 = prdM: Pressure, Strain Gauge [db]
# name 13 = prdE: Pressure, Strain Gauge [psi]
# name 14 = tv290C: Temperature [ITS-90, deg C]
# name 15 = flag:  0.000e+00
# span 0 =     -0.710,      8.866       
# span 1 =     -0.245,      0.064       
# span 2 =    -0.3054,     6.6142       
# span 3 =     -2.841,     65.740       
# span 4 =     12.063,    259.741       
# span 5 =   9.693579, 182.453723       
# span 6 =    -4.5000,     9.4500       
# span 7 =    -0.1422,     2.9706       
# span 8 =    -2.1300,     2.8968       
# span 9 =    -4.4415,     3.0456       
# span 10 = 1.1587e-01, 1.6461e+03      
# span 11 =    -7.9986,    87.8787      
# span 12 =     -0.696,      8.694      
# span 13 =     -1.010,     12.610      
# span 14 =    10.0949,    15.2089      
# span 15 = 0.0000e+00, 0.0000e+00      
# interval = seconds: 0.25
# start_time = Oct 17 2023 11:06:53 [Instrument's time stamp, header]
# bad_flag = -9.990e-29
*END*
[from data line 995]
      8.843      0.008     0.2010      1.859    248.231 174.314559     3.7800    -0.1079     0.2556     2.6649 1.1628e-01     7.6929      8.672     12.578    10.1123 0.0000e+00
      8.846      0.008     0.2016      1.875    249.594 175.279345     3.7800    -0.1269     0.2556     2.6649 1.1610e-01    -0.4084      8.675     12.581    10.1105 0.0000e+00
      8.848      0.009     0.2037      1.891    251.337 176.513303     3.7800    -0.1346     0.2556     2.6649 1.1623e-01    -0.3482      8.677     12.585    10.1089 0.0000e+00
      8.850      0.009     0.2066      1.909    253.451 178.008459     0.5400    -0.1346     0.0426     1.8612 1.1628e-01    -0.4084      8.679     12.588    10.1083 0.0000e+00
      8.852      0.008     0.2092      1.925    255.752 179.635035     0.5400    -0.1079     0.0426     1.8612 1.1605e-01    -0.3482      8.681     12.591    10.1089 0.0000e+00
      8.855      0.008     0.2110      1.923    257.927 181.170580     0.5400    -0.1269     0.0426     1.8612 1.1612e-01    -0.2881      8.683     12.594    10.1104 0.0000e+00
      8.857      0.007     0.2127      1.904    259.356 182.178773     0.5400    -0.1269     0.0426     1.8612 1.1623e-01    -0.3933      8.685     12.597    10.1123 0.0000e+00
      8.858      0.007     0.2148      1.877    259.741 182.453723     0.0000    -0.1041     0.0000     0.4230 1.1620e-01    -0.3482      8.687     12.600    10.1145 0.0000e+00
      8.860      0.006     0.2165      1.848    259.313 182.160526     0.0000    -0.1117     0.0000     0.4230 1.1617e-01    -0.3783      8.689     12.602    10.1165 0.0000e+00
      8.862      0.005     0.2163      1.816    258.154 181.356658     0.0000    -0.1269     0.0000     0.4230 1.1620e-01    -0.3783      8.690     12.604    10.1180 0.0000e+00
      8.863      0.005     0.2141      1.781    256.563 180.252655     0.0000    -0.0964     0.0000     0.4230 1.1623e-01    -0.4384      8.691     12.606    10.1189 0.0000e+00
      8.864      0.004     0.2111      1.747    255.172 179.290179     0.0000    -0.1269     0.0000     1.0152 1.1605e-01    -0.3783      8.692     12.607    10.1198 0.0000e+00
      8.865      0.003     0.2079      1.719    254.395 178.759097     0.0000    -0.1308     0.0000     1.0152 1.1612e-01    -0.3783      8.693     12.609    10.1212 0.0000e+00
      8.866      0.002     0.2043      1.701    254.342 178.733186     0.0000    -0.1422     0.0000     1.0152 1.1612e-01    -0.4084      8.694     12.610    10.1233 0.0000e+00
      8.866      0.001     0.2003      1.697    254.231 178.662961     0.0000    -0.1308     0.0000     1.0152 1.1617e-01    -0.3933      8.694     12.610    10.1260 0.0000e+00
      8.866     -0.001     0.1965      1.706    252.884 177.721852     0.0000    -0.1041     0.0000     1.0152 1.1612e-01    -0.3182      8.694     12.610    10.1289 0.0000e+00
      8.866     -0.002     0.1933      1.726    250.974 176.386882     2.0700    -0.1155     0.0852     2.0304 1.1623e-01    -0.3182      8.694     12.610    10.1317 0.0000e+00
      8.865     -0.004     0.1912      1.750    250.538 176.088926     2.0700    -0.1117     0.0852     2.0304 1.1633e-01    -0.3482      8.694     12.609    10.1340 0.0000e+00
      8.864     -0.007     0.1907      1.777    252.708 177.621917     2.0700    -0.1155     0.0852     2.0304 1.1617e-01    -0.3933      8.692     12.608    10.1355 0.0000e+00
      8.862     -0.010     0.1918      1.805    254.918 179.182133     2.0700    -0.1002     0.0852     2.0304 1.1620e-01    -0.2881      8.691     12.605    10.1366 0.0000e+00
      8.860     -0.013     0.1940      1.836    253.239 178.009796     6.3900    -0.1155     0.3408     1.3536 1.1628e-01    -0.4084      8.688     12.601    10.1380 0.0000e+00
      8.856     -0.017     0.1968      1.864    249.049 175.077378     6.3900    -0.1155     0.3408     1.3536 1.1605e-01     0.5085      8.685     12.596    10.1397 0.0000e+00
      8.851     -0.020     0.1997      1.883    245.232 172.409842     6.3900    -0.1193     0.3408     1.3536 1.1623e-01     0.5836      8.680     12.589    10.1413 0.0000e+00
      8.845     -0.023     0.2029      1.895    241.664 169.914184     6.3900    -0.1269     0.3408     1.3536 1.1628e-01     0.5836      8.674     12.580    10.1427 0.0000e+00
      8.838     -0.025     0.2064      1.902    238.505 167.702455     3.1500    -0.1269     0.1704     1.3959 1.1630e-01     0.5536      8.667     12.570    10.1443 0.0000e+00
      8.831     -0.027     0.2095      1.898    236.253 166.125862     3.1500    -0.1041     0.1704     1.3959 1.1643e-01    26.0297      8.660     12.560    10.1470 0.0000e+00
      8.824     -0.030     0.2117      1.879    234.720 165.052993     3.1500    -0.1002     0.1704     1.3959 1.1612e-01    26.0597      8.653     12.550    10.1502 0.0000e+00
      8.817     -0.033     0.2130      1.850    233.631 164.289437     3.1500    -0.1079     0.1704     1.3959 1.1612e-01    25.9996      8.646     12.540    10.1528 0.0000e+00
      8.809     -0.038     0.2137      1.824    232.741 163.665461     3.1500    -0.1193     0.1704     1.3959 1.1623e-01    25.9996      8.638     12.529    10.1548 0.0000e+00
      8.799     -0.045     0.2133      1.808    231.907 163.080442     0.9000     0.1286     0.0852     1.8189 1.1617e-01    52.3023      8.629     12.516    10.1562 0.0000e+00
      8.788     -0.054     0.2112      1.804    230.997 162.444144     0.9000     0.1172     0.0852     1.8189 1.1635e-01    52.1971      8.618     12.500    10.1572 0.0000e+00
      8.774     -0.067     0.2080      1.811    229.876 161.664615     0.9000     0.1286     0.0852     1.8189 1.1612e-01    52.2272      8.605     12.480    10.1577 0.0000e+00
      8.757     -0.081     0.2051      1.829    228.450 160.677474     0.9000     0.1363     0.0852     1.8189 1.1600e-01    52.1220      8.588     12.456    10.1580 0.0000e+00
      8.736     -0.097     0.2032      1.858    226.778 159.526382     2.4300     0.5826     0.2130     1.8189 1.1617e-01    49.1009      8.567     12.425    10.1583 0.0000e+00
      8.709     -0.112     0.2027      1.894    225.112 158.386622     2.4300     0.5635     0.2130     1.8189 1.1617e-01    49.0408      8.541     12.387    10.1591 0.0000e+00
      8.677     -0.125     0.2035      1.919    223.672 157.410566     2.4300     0.5635     0.2130     1.8189 1.1617e-01    49.1911      8.509     12.341    10.1611 0.0000e+00
      8.640     -0.136     0.2055      1.930    222.530 156.644773     2.4300     0.5483     0.2130     1.8189 1.1615e-01    49.1009      8.473     12.289    10.1647 0.0000e+00
      8.601     -0.143     0.2087      1.935    221.680 156.082275     5.2200     1.0938     0.4260     1.6074 1.1638e-01    39.2111      8.434     12.233    10.1702 0.0000e+00
      8.562     -0.148     0.2127      1.934    221.007 155.640815     5.2200     1.1129     0.4260     1.6074 1.1607e-01    39.2712      8.397     12.178    10.1774 0.0000e+00
      8.525     -0.154     0.2155      1.939    220.316 155.184739     5.2200     1.0823     0.4260     1.6074 1.1605e-01    39.1059      8.360     12.126    10.1857 0.0000e+00
      8.488     -0.162     0.2168      1.956    219.511 154.650203     5.2200     1.1129     0.4260     1.6074 1.1617e-01    39.2111      8.324     12.074    10.1941 0.0000e+00
      8.450     -0.172     0.2172      1.978    218.622 154.060020     5.2200     0.4415     0.4260     1.6074 1.1605e-01    55.0529      8.286     12.019    10.2021 0.0000e+00
      8.407     -0.185     0.2172      1.994    217.668 153.430131     7.8300     0.4453     0.2556     1.0998 1.1612e-01    55.0378      8.244     11.957    10.2095 0.0000e+00
      8.357     -0.198     0.2177      2.002    216.666 152.771854     7.8300     0.4643     0.2556     1.0998 1.1633e-01    55.0829      8.195     11.886    10.2165 0.0000e+00
      8.301     -0.208     0.2195      2.003    215.668 152.120807     7.8300     0.4491     0.2556     1.0998 1.1623e-01    55.0529      8.141     11.807    10.2239 0.0000e+00
      8.242     -0.216     0.2219      1.999    214.674 151.474691     7.8300     0.9717     0.2556     1.0998 1.1633e-01    32.3273      8.083     11.723    10.2322 0.0000e+00
      8.184     -0.221     0.2237      1.990    213.634 150.800643     8.1000     0.9603     0.2130     0.8037 1.1610e-01    32.2822      8.025     11.640    10.2420 0.0000e+00
      8.128     -0.224     0.2246      1.976    212.601 150.136029     8.1000     0.9755     0.2130     0.8037 1.1638e-01    32.2221      7.971     11.561    10.2531 0.0000e+00
      8.074     -0.226     0.2246      1.960    211.649 149.532674     8.1000     0.9717     0.2130     0.8037 1.1623e-01    32.2521      7.917     11.483    10.2652 0.0000e+00
      8.017     -0.225     0.2240      1.950    210.742 148.963133     8.1000     1.1129     0.2130     0.8037 1.1620e-01    26.5106      7.862     11.403    10.2782 0.0000e+00
      7.958     -0.222     0.2230      1.944    209.887 148.430878     8.1000     1.0938     0.2556     0.6345 1.1605e-01    26.3303      7.804     11.319    10.2921 0.0000e+00
      7.897     -0.217     0.2213      1.935    209.166 147.991143     8.1000     1.0785     0.2556     0.6345 1.1633e-01    26.4505      7.744     11.232    10.3073 0.0000e+00
      7.838     -0.209     0.2194      1.922    208.559 147.626248     8.1000     1.0862     0.2556     0.6345 1.1612e-01    26.5257      7.687     11.149    10.3236 0.0000e+00
      7.786     -0.201     0.2182      1.913    207.946 147.250836     8.1000     1.0518     0.2556     0.6345 1.1617e-01    29.4716      7.635     11.074    10.3405 0.0000e+00
      7.739     -0.192     0.2175      1.907    207.310 146.856409     8.1900     1.0518     0.1704     0.4653 1.1625e-01    29.2762      7.589     11.008    10.3577 0.0000e+00
      7.695     -0.186     0.2164      1.907    206.762 146.522990     8.1900     1.0289     0.1704     0.4653 1.1628e-01    29.3814      7.547     10.945    10.3744 0.0000e+00
      7.652     -0.181     0.2149      1.907    206.311 146.255266     8.1900     1.0709     0.1704     0.4653 1.1643e-01    29.3814      7.504     10.883    10.3899 0.0000e+00
      7.605     -0.176     0.2137      1.895    205.850 145.977865     8.1900     1.1510     0.1704     0.4653 1.1630e-01    20.2431      7.458     10.817    10.4040 0.0000e+00
      7.557     -0.169     0.2130      1.872    205.351 145.672572     8.1900     1.1510     0.1704     0.4653 1.1625e-01    20.2431      7.411     10.749    10.4174 0.0000e+00
      7.510     -0.158     0.2129      1.848    204.843 145.359534     8.1900     1.1663     0.1278     0.3807 1.1607e-01    20.2280      7.365     10.681    10.4305 0.0000e+00
      7.468     -0.144     0.2129      1.827    204.282 145.009041     8.1900     1.1472     0.1278     0.3807 1.1643e-01    20.2431      7.323     10.621    10.4431 0.0000e+00
      7.433     -0.126     0.2114      1.809    203.606 144.579405     8.1900     1.1434     0.1278     0.3807 1.1605e-01    17.6278      7.289     10.572    10.4552 0.0000e+00
      7.405     -0.107     0.2088      1.798    202.860 144.105397     8.1900     1.1663     0.1278     0.3807 1.1633e-01    17.6428      7.262     10.533    10.4669 0.0000e+00
      7.383     -0.090     0.2062      1.797    202.223 143.713497     8.1900     1.1548     0.1278     0.5499 1.1617e-01    17.7030      7.240     10.501    10.4785 0.0000e+00
      7.364     -0.076     0.2037      1.810    201.832 143.492337     8.1900     1.1930     0.1278     0.5499 1.1612e-01    17.6879      7.222     10.474    10.4902 0.0000e+00
      7.348     -0.066     0.2017      1.834    201.605 143.378964     8.1900     1.3494     0.1278     0.5499 1.1628e-01     9.3462      7.206     10.451    10.5026 0.0000e+00
      7.333     -0.060     0.2004      1.856    201.388 143.263504     8.1900     1.3265     0.1278     0.5499 1.1620e-01     9.5115      7.191     10.430    10.5163 0.0000e+00
      7.320     -0.058     0.2002      1.863    201.129 143.113176     8.1000     1.3112     0.0852     0.5076 1.1605e-01     9.4664      7.178     10.411    10.5312 0.0000e+00
      7.307     -0.059     0.2016      1.854    200.826 142.929708     8.1000     1.3379     0.0852     0.5076 1.1625e-01     9.4364      7.165     10.393    10.5453 0.0000e+00
      7.293     -0.064     0.2042      1.834    200.455 142.700014     8.1000     1.3646     0.0852     0.5076 1.1602e-01     6.5205      7.152     10.373    10.5571 0.0000e+00
      7.277     -0.072     0.2066      1.810    200.010 142.420583     8.1000     1.3341     0.0852     0.5076 1.1623e-01     6.3853      7.137     10.351    10.5667 0.0000e+00
      7.260     -0.085     0.2074      1.783    199.557 142.140343     8.1000     1.3494     0.0852     0.5076 1.1623e-01     6.5356      7.119     10.326    10.5751 0.0000e+00
      7.239     -0.103     0.2063      1.756    199.208 141.935880     8.0100     1.3646     0.1704     0.4230 1.1635e-01     6.5356      7.099     10.296    10.5831 0.0000e+00
      7.213     -0.126     0.2040      1.737    198.970 141.810410     8.0100     1.2654     0.1704     0.4230 1.1612e-01     8.5947      7.073     10.259    10.5916 0.0000e+00
      7.180     -0.153     0.2014      1.728    198.730 141.682694     8.0100     1.2845     0.1704     0.4230 1.1635e-01     8.6398      7.041     10.213    10.6010 0.0000e+00
      7.139     -0.180     0.1983      1.729    198.382 141.480847     8.0100     1.2845     0.1704     0.4230 1.1602e-01     8.6999      7.001     10.155    10.6116 0.0000e+00
      7.088     -0.203     0.1952      1.730    197.910 141.196838     8.1000     1.2807     0.0852     0.4653 1.1607e-01     8.6999      6.951     10.082    10.6227 0.0000e+00
      7.027     -0.219     0.1930      1.723    197.384 140.882348     8.1000     1.4753     0.0852     0.4653 1.1625e-01     6.6258      6.891      9.995    10.6338 0.0000e+00
      6.961     -0.224     0.1920      1.705    196.863 140.576951     8.1000     1.4409     0.0852     0.4653 1.5128e-01     6.4754      6.826      9.900    10.6447 0.0000e+00
      6.896     -0.220     0.1920      1.679    196.383 140.302733     8.1000     1.4524     0.0852     0.4653 1.9030e-01     6.4754      6.763      9.808    10.6563 0.0000e+00
      6.838     -0.209     0.1921      1.649    196.005 140.100045     8.1000     1.4447     0.1278     0.5076 1.6751e-01     6.4754      6.706      9.726    10.6697 0.0000e+00
      6.788     -0.194     0.1913      1.622    195.703 139.944703     8.1000     1.3494     0.1278     0.5076 1.6433e-01    10.2781      6.657      9.655    10.6851 0.0000e+00
      6.744     -0.178     0.1892      1.603    195.417 139.793293     8.1000     1.3646     0.1278     0.5076 1.7930e-01    10.3532      6.614      9.593    10.7020 0.0000e+00
      6.705     -0.165     0.1863      1.592    195.234 139.710949     8.1000     1.3303     0.1278     0.5076 1.5578e-01    10.2630      6.575      9.536    10.7194 0.0000e+00
      6.666     -0.155     0.1828      1.583    195.297 139.795156     8.0100     1.3303     0.0852     0.4653 1.6930e-01    10.3683      6.537      9.481    10.7365 0.0000e+00
      6.627     -0.146     0.1798      1.573    195.605 140.034532     8.0100     1.4104     0.0852     0.4653 1.6729e-01     8.6548      6.499      9.425    10.7519 0.0000e+00
      6.588     -0.136     0.1776      1.568    195.971 140.291845     8.0100     1.4028     0.0852     0.4653 2.0776e-01     8.6398      6.460      9.370    10.7656 0.0000e+00
      6.552     -0.124     0.1763      1.574    196.064 140.339078     8.0100     1.3951     0.0852     0.4653 2.8995e-01     8.6398      6.425      9.319    10.7780 0.0000e+00
      6.520     -0.111     0.1753      1.584    195.714 140.075346     8.0100     1.3799     0.0852     0.4653 2.3206e-01     8.6248      6.394      9.274    10.7879 0.0000e+00
