Data/DataNotYetUploadedToEDI/Raw_CTD/RawDownloads/101720_fcr50.cnv
* Sea-Bird SBE19plus  Data File:
* FileName = C:\DATA\101720_fcr50.hex
* Software version 2.8.0.119
* Temperature SN = 7809
* Conductivity SN = 7809
* System UpLoad Time = Oct 17 2020 15:50:20
* <ApplicationData>
* <Seaterm232>
# nquan = 16
# nvalues = 1919                        
# units = specified
# name 0 = depFM: Depth [fresh water, m]
# name 1 = dz/dtM: Descent Rate [m/s]
# name 2 = orp: Oxidation Reduction Potential [mV]
# name 3 = sbeox0Mg/L: Oxygen, SBE 43 [mg/l]
# name 4 = sbeox0PS: Oxygen, SBE 43 [% saturation]
# name 5 = par/sat/log: PAR/Logarithmic, Satlantic
# name 6 = ph: pH
# name 7 = specc: Specific Conductance [uS/cm]
# name 8 = c0uS/cm: Conductivity [uS/cm]
# name 9 = flECO-AFL: Fluorescence, WET Labs ECO-AFL/FL [mg/m^3]
# name 10 = turbWETntu0: Turbidity, WET Labs ECO [NTU]
# name 11 = tv290C: Temperature [ITS-90, deg C]
# name 12 = density00: Density [density, kg/m^3]
# name 13 = prdE: Pressure, Strain Gauge [psi]
# name 14 = prdM: Pressure, Strain Gauge [db]
# name 15 = flag:  0.000e+00
# span 0 =     -0.565,      9.665       
# span 1 =     -0.210,      0.143       
# span 2 =    94.3811,  1240.2295       
# span 3 =    -0.1237,     9.5555       
# span 4 =     -1.086,     96.866       
# span 5 = 1.2352e-01, 1.6550e+03       
# span 6 =     15.409,     16.103       
# span 7 =      0.818,     77.201       
# span 8 =   0.682471,  60.477382       
# span 9 =    -1.2747,     4.3391       
# span 10 =    -8.9889,   936.2546      
# span 11 =    12.6900,    16.7120      
# span 12 =   998.8298,   999.4872      
# span 13 =     -0.805,     13.748      
# span 14 =     -0.555,      9.479      
# span 15 = 0.0000e+00, 0.0000e+00      
# interval = seconds: 0.25
# start_time = Oct 17 2020 00:57:15 [Instrument's time stamp, header]
# bad_flag = -9.990e-29
*END*
[from data line 814]
      4.289      0.023   214.2311     6.0744     56.976 1.2370e-01     15.854     46.125  36.919179     1.6268    13.4113    15.0811   999.1274      6.100      4.206 0.0000e+00
      4.294      0.022   214.2307     6.0302     55.655 1.2372e-01     15.855     46.460  37.172431     1.6198    13.3220    15.0635   999.1301      6.106      4.210 0.0000e+00
      4.300      0.021   214.2213     5.9589     54.246 1.2372e-01     15.856     46.773  37.409142     1.6228    13.3514    15.0503   999.1324      6.116      4.217 0.0000e+00
      4.307      0.021   214.2035     5.8647     52.751 1.2367e-01     15.857     47.055  37.623448     1.6247    13.3546    15.0356   999.1348      6.126      4.224 0.0000e+00
      4.312      0.022   214.1883     5.7488     51.078 1.2361e-01     15.857     47.283  37.796187     1.6139    13.3609    15.0174   999.1378      6.135      4.230 0.0000e+00
      4.317      0.022   214.2950     5.6135     49.175 1.2364e-01     15.857     47.598  38.038010     1.6070    13.4284    14.9998   999.1405      6.141      4.234 0.0000e+00
      4.322      0.023   214.4604     5.4728     47.130 1.2373e-01     15.857     47.971  38.325996     1.6171    13.4833    14.9855   999.1428      6.147      4.238 0.0000e+00
      4.327      0.023   214.4670     5.3284     45.123 1.2384e-01     15.858     48.265  38.549141     1.6310    13.5447    14.9741   999.1447      6.153      4.242 0.0000e+00
      4.334      0.024   214.3756     5.1633     43.252 1.2387e-01     15.858     48.871  39.022414     1.6412    13.5524    14.9640   999.1463      6.163      4.249 0.0000e+00
      4.342      0.025   214.2156     4.9692     41.538 1.2378e-01     15.858     50.011  39.922758     1.6357    13.4049    14.9542   999.1479      6.177      4.259 0.0000e+00
      4.349      0.028   214.0813     4.7549     40.022 1.2371e-01     15.858     51.129  40.803088     1.6124    13.2715    14.9436   999.1497      6.187      4.266 0.0000e+00
      4.354      0.032   213.9559     4.5501     38.691 1.2370e-01     15.858     52.241  41.668871     1.6078    13.2780    14.9314   999.1516      6.192      4.269 0.0000e+00
      4.359      0.037   213.7319     4.3644     37.417 1.2373e-01     15.859     55.111  43.916296     1.6274    13.3127    14.9200   999.1534      6.198      4.273 0.0000e+00
      4.369      0.043   213.6101     4.1875     35.839 1.2376e-01     15.861     60.786  48.359311     1.6394    13.3123    14.9106   999.1553      6.212      4.283 0.0000e+00
      4.381      0.049   213.3438     4.0377     33.524 1.2379e-01     15.864     65.310  51.831576     1.6294    13.3079    14.9012   999.1572      6.231      4.297 0.0000e+00
      4.396      0.052   213.0080     3.9061     30.443 1.2381e-01     15.868     66.257  52.434766     1.6110    13.3285    14.8828   999.1602      6.249      4.310 0.0000e+00
      4.414      0.052   213.1628     3.7928     26.898 1.2376e-01     15.871     68.476  54.065469     1.5982    13.3206    14.8506   999.1656      6.278      4.329 0.0000e+00
      4.432      0.052   213.6673     3.6608     23.051 1.2373e-01     15.874     73.203  57.700350     1.5797    13.2122    14.7977   999.1762      6.309      4.350 0.0000e+00
      4.443      0.052   213.9457     3.4330     18.902 1.2371e-01     15.877     76.250  59.985508     1.5690    13.1167    14.6892   999.1947      6.321      4.359 0.0000e+00
      4.449      0.050   213.7752     3.1134     14.651 1.2363e-01     15.881     77.054  60.477382     1.5738    13.1280    14.5499   999.2141      6.323      4.360 0.0000e+00
      4.460      0.047   213.5849     2.7506     10.597 1.2362e-01     15.883     77.201  60.470635     1.5803    13.2454    14.4651   999.2269      6.340      4.370 0.0000e+00
      4.478      0.044   213.6233     2.3685      6.977 1.2368e-01     15.884     77.157  60.348555     1.5996    13.4039    14.4202   999.2363      6.371      4.392 0.0000e+00
      4.493      0.044   213.7231     1.9370      3.999 1.2374e-01     15.885     76.906  60.081340     1.6164    13.4990    14.3399   999.2487      6.395      4.409 0.0000e+00
      4.501      0.043   213.8452     1.4932      1.788 1.2374e-01     15.886     76.203  59.463432     1.6214    13.5375    14.2326   999.2640      6.403      4.415 0.0000e+00
      4.507      0.041   213.8955     1.0738      0.342 1.2369e-01     15.887     75.153  58.595450     1.6217    13.5255    14.1511   999.2757      6.409      4.419 0.0000e+00
      4.517      0.037   213.9873     0.6928     -0.515 1.2371e-01     15.887     74.195  57.845771     1.6007    13.4219    14.1006   999.2827      6.424      4.429 0.0000e+00
      4.528      0.035   214.5240     0.3841     -0.974 1.2372e-01     15.887     73.406  57.260406     1.5678    13.2126    14.0598   999.2885      6.441      4.442 0.0000e+00
      4.539      0.035   215.1371     0.1545     -1.086 1.2371e-01     15.886     72.936  56.917725     1.5490    13.0541    14.0102   999.2952      6.458      4.453 0.0000e+00
      4.547      0.034   215.2061     0.0141     -0.870 1.2378e-01     15.885     72.880  56.878804     1.5540    13.0856    13.9662   999.3008      6.469      4.461 0.0000e+00
      4.554      0.031   215.0135    -0.0649     -0.420 1.2380e-01     15.886     72.774  56.789834     1.5715    13.2149    13.9697   999.3000      6.475      4.465 0.0000e+00
      4.562      0.029   214.9590    -0.1132      0.136 1.2373e-01     15.886     72.714  56.731343     1.5796    13.3480    14.0039   999.2951      6.488      4.474 0.0000e+00
      4.571      0.029   215.0634    -0.1237      0.817 1.2370e-01     15.887     72.932  56.870343     1.5660    13.3903    14.0203   999.2926      6.503      4.484 0.0000e+00
      4.577      0.030   215.0712    -0.0998      1.652 1.2370e-01     15.888     73.042  56.882312     1.5503    13.3489    14.0217   999.2926      6.509      4.488 0.0000e+00
      4.582      0.030   214.8808    -0.0440      2.547 1.2368e-01     15.890     72.917  56.685402     1.5705    13.7057    14.0153   999.2934      6.516      4.492 0.0000e+00
      4.591      0.029   214.6544     0.0098      3.381 1.2362e-01     15.892     72.550  56.331640     1.6104    14.4772    14.0082   999.2943      6.530      4.503 0.0000e+00
      4.601      0.028   214.3133     0.0753      3.963 1.2357e-01     15.892     72.095  55.971690     1.6323    14.9174    14.0000   999.2957      6.545      4.513 0.0000e+00
      4.609      0.028   214.1114     0.1711      4.232 1.2367e-01     15.891     72.020  55.954104     1.6339    14.9424    13.9432   999.3036      6.556      4.520 0.0000e+00
      4.614      0.027   214.1054     0.2622      4.257 1.2379e-01     15.891     72.180  56.119066     1.5918    14.9168    13.8567   999.3155      6.563      4.525 0.0000e+00
      4.619      0.024   213.8111     0.3614      4.093 1.2380e-01     15.890     72.165  56.124124     1.5139    14.9169    13.8014   999.3230      6.570      4.530 0.0000e+00
      4.625      0.023   213.7376     0.4236      3.883 1.2373e-01     15.890     72.099  56.078807     1.4750    14.9438    13.8010   999.3227      6.578      4.536 0.0000e+00
      4.631      0.024   214.4207     0.4434      3.691 1.2369e-01     15.890     71.849  55.888765     1.4836    15.0016    13.8454   999.3167      6.588      4.543 0.0000e+00
      4.637      0.025   215.1009     0.4503      3.504 1.2371e-01     15.890     71.176  55.350870     1.4276    15.1001    13.8799   999.3122      6.597      4.548 0.0000e+00
      4.642      0.027   215.0784     0.4217      3.358 1.2373e-01     15.891     70.422  54.720372     1.2932    15.2431    13.8844   999.3115      6.600      4.550 0.0000e+00
      4.648      0.029   214.6648     0.3998      3.295 1.2372e-01     15.892     69.777  54.172767     1.2134    15.3570    13.8842   999.3116      6.609      4.556 0.0000e+00
      4.657      0.030   214.4021     0.3828      3.339 1.2369e-01     15.892     69.013  53.557130     1.1966    15.5158    13.8940   999.3102      6.624      4.567 0.0000e+00
      4.667      0.032   214.3121     0.3590      3.394 1.2369e-01     15.893     67.889  52.675587     1.1089    16.3384    13.8922   999.3102      6.640      4.578 0.0000e+00
      4.677      0.032   214.1783     0.3461      3.383 1.2372e-01     15.894     66.740  51.770790     0.9353    17.6824    13.8488   999.3160      6.653      4.587 0.0000e+00
      4.684      0.030   213.9898     0.3338      3.282 1.2376e-01     15.895     66.295  51.381843     0.8341    18.3417    13.8050   999.3217      6.661      4.593 0.0000e+00
      4.691      0.027   213.9251     0.3465      3.074 1.2381e-01     15.897     66.528  51.465876     0.8195    18.3356    13.7965   999.3227      6.671      4.599 0.0000e+00
      4.699      0.023   213.6544     0.3547      2.866 1.2380e-01     15.900     66.838  51.580058     0.8063    18.2948    13.7929   999.3229      6.685      4.609 0.0000e+00
      4.706      0.019   212.4378     0.3516      2.743 1.2372e-01     15.902     66.945  51.555597     0.7898    17.9860    13.7872   999.3230      6.695      4.616 0.0000e+00
      4.709      0.017   209.7116     0.3468      2.664 1.2372e-01     15.904     66.954  51.487538     0.7716    17.4171    13.7684   999.3256      6.698      4.618 0.0000e+00
      4.711      0.016   205.3846     0.3181      2.614 1.2374e-01     15.904     66.689  51.265144     0.7581    17.0815    13.6862   999.3370      6.701      4.620 0.0000e+00
      4.713      0.017   200.0440     0.2930      2.614 1.2374e-01     15.903     65.900  50.708347     0.7407    16.8814    13.5726   999.3523      6.703      4.622 0.0000e+00
      4.716      0.018   194.6113     0.2852      2.674 1.2372e-01     15.902     65.040  50.089980     0.6850    15.3411    13.4962   999.3625      6.707      4.624 0.0000e+00
      4.721      0.020   189.7732     0.2779      2.894 1.2372e-01     15.903     64.668  49.758092     0.6001    12.5343    13.4342   999.3707      6.713      4.628 0.0000e+00
      4.728      0.022   185.6852     0.2693      3.348 1.2372e-01     15.906     64.617  49.616662     0.5536    10.9603    13.4044   999.3747      6.725      4.637 0.0000e+00
      4.736      0.024   182.2662     0.2729      3.986 1.2375e-01     15.908     64.447  49.395887     0.5511    10.7636    13.4719   999.3655      6.738      4.646 0.0000e+00
      4.742      0.024   179.4951     0.2723      4.799 1.2375e-01     15.909     64.167  49.120692     0.5034    10.7053    13.5403   999.3560      6.747      4.652 0.0000e+00
      4.747      0.023   177.3895     0.2900      5.784 1.2368e-01     15.910     63.926  48.892797     0.4060    10.7023    13.4855   999.3632      6.753      4.655 0.0000e+00
      4.752      0.021   175.9084     0.3461      7.029 1.2363e-01     15.911     63.682  48.672416     0.3565    10.7265    13.3800   999.3773      6.759      4.660 0.0000e+00
      4.757      0.019   174.7504     0.4085      8.577 1.2366e-01     15.912     63.556  48.551536     0.3533    10.7581    13.3105   999.3863      6.767      4.665 0.0000e+00
      4.763      0.019   173.4550     0.4984     10.182 1.2366e-01     15.911     63.587  48.574216     0.3767    11.2214    13.2680   999.3917      6.775      4.671 0.0000e+00
      4.768      0.019   172.1194     0.5979     11.599 1.2364e-01     15.910     63.460  48.502145     0.4296    12.0707    13.2359   999.3958      6.782      4.676 0.0000e+00
      4.772      0.018   170.9917     0.7197     12.776 1.2368e-01     15.911     63.196  48.315150     0.4586    12.5123    13.2103   999.3990      6.788      4.680 0.0000e+00
      4.776      0.018   169.8866     0.9002     13.812 1.2373e-01     15.912     63.263  48.345265     0.4608    12.5449    13.1874   999.4020      6.794      4.685 0.0000e+00
      4.780      0.017   168.8235     1.0758     14.735 1.2378e-01     15.912     63.649  48.612230     0.4750    12.5683    13.1797   999.4031      6.799      4.688 0.0000e+00
      4.785      0.017   167.9464     1.2276     15.457 1.2380e-01     15.912     63.993  48.876004     0.4960    12.5880    13.2156   999.3984      6.806      4.693 0.0000e+00
      4.790      0.016   167.1115     1.3421     15.937 1.2375e-01     15.911     64.271  49.121549     0.4956    12.5775    13.2403   999.3951      6.815      4.699 0.0000e+00
      4.794      0.016   166.2135     1.4505     16.218 1.2371e-01     15.909     64.511  49.358597     0.4802    12.5790    13.2077   999.3994      6.818      4.701 0.0000e+00
      4.797      0.015   165.3487     1.5557     16.386 1.2378e-01     15.908     64.478  49.392632     0.4721    12.6743    13.1735   999.4039      6.823      4.705 0.0000e+00
      4.801      0.015   164.3987     1.6297     16.363 1.2385e-01     15.908     64.110  49.152123     0.4640    12.8363    13.1770   999.4036      6.830      4.709 0.0000e+00
      4.805      0.015   163.2458     1.6820     16.125 1.2377e-01     15.908     63.627  48.800233     0.4493    12.8904    13.2055   999.4001      6.834      4.712 0.0000e+00
      4.808      0.015   162.2500     1.6979     15.744 1.2368e-01     15.908     63.157  48.440013     0.4370    12.8479    13.2495   999.3945      6.839      4.715 0.0000e+00
      4.813      0.016   161.7375     1.7241     15.285 1.2369e-01     15.909     62.826  48.162216     0.4201    12.8370    13.3060   999.3872      6.846      4.720 0.0000e+00
      4.817      0.017   161.5229     1.7198     14.830 1.2374e-01     15.910     62.820  48.108331     0.3978    12.8960    13.3385   999.3828      6.851      4.724 0.0000e+00
      4.821      0.018   161.4616     1.6888     14.398 1.2376e-01     15.911     63.051  48.232926     0.3967    13.0130    13.3491   999.3811      6.855      4.726 0.0000e+00
      4.826      0.018   161.5983     1.6515     14.138 1.2376e-01     15.912     63.221  48.335155     0.4154    13.0491    13.3522   999.3807      6.864      4.733 0.0000e+00
      4.831      0.018   161.6269     1.5940     14.185 1.2377e-01     15.912     63.316  48.391867     0.4243    13.0227    13.3363   999.3826      6.873      4.739 0.0000e+00
      4.836      0.018   161.5495     1.5557     14.442 1.2377e-01     15.912     63.366  48.410624     0.3986    12.8315    13.2896   999.3887      6.879      4.743 0.0000e+00
      4.841      0.018   161.7811     1.5019     14.745 1.2372e-01     15.913     63.249  48.307919     0.3533    12.3856    13.2342   999.3961      6.885      4.747 0.0000e+00
      4.845      0.018   162.1043     1.4679     15.060 1.2366e-01     15.915     63.082  48.166043     0.3439    12.1294    13.2220   999.3978      6.892      4.752 0.0000e+00
      4.849      0.018   162.2737     1.4789     15.390 1.2361e-01     15.915     63.019  48.092168     0.3610    12.1030    13.2158   999.3986      6.896      4.755 0.0000e+00
      4.854      0.018   162.4520     1.5158     15.691 1.2361e-01     15.915     62.993  48.049652     0.3602    11.7913    13.1909   999.4018      6.903      4.759 0.0000e+00
      4.860      0.018   162.5398     1.5464     15.902 1.2366e-01     15.915     62.983  48.032938     0.3533    11.2441    13.1857   999.4025      6.913      4.766 0.0000e+00
      4.865      0.018   162.4753     1.5787     16.002 1.2367e-01     15.915     62.975  48.017075     0.3540    10.9804    13.1815   999.4030      6.920      4.771 0.0000e+00
      4.869      0.018   162.5318     1.6178     16.116 1.2366e-01     15.914     62.866  47.921341     0.3586    11.0059    13.1512   999.4069      6.924      4.775 0.0000e+00
      4.872      0.018   162.7078     1.6497     16.270 1.2366e-01     15.914     62.671  47.764374     0.3805    11.1399    13.1293   999.4097      6.930      4.778 0.0000e+00
      4.877      0.017   162.7096     1.6790     16.410 1.2367e-01     15.914     62.444  47.579622     0.4188    11.3305    13.1302   999.4097      6.937      4.783 0.0000e+00
