Data/DataNotYetUploadedToEDI/Raw_CTD/RawDownloads/101722_fcr50_S8188001.cnv
* Sea-Bird SBE19plus  Data File:
* FileName = C:\R\Reservoirs\Data\DataNotYetUploadedToEDI\Raw_CTD\RawDownloads\101722_fcr50_S8188_0001.hex
* Software version 2.8.0.119
* Temperature SN = 8188
* Conductivity SN = 8188
* System UpLoad Time = Oct 26 2022 17:16:27
* <ApplicationData>
* <Seaterm232>
# nquan = 16
# nvalues = 1245                        
# units = specified
# name 0 = depFM: Depth [fresh water, m]
# name 1 = dz/dtM: Descent Rate [m/s]
# name 2 = sbeox0Mg/L: Oxygen, SBE 43 [mg/l]
# name 3 = sbeox0PS: Oxygen, SBE 43 [% saturation]
# name 4 = specc: Specific Conductance [uS/cm]
# name 5 = c0uS/cm: Conductivity [uS/cm]
# name 6 = wetCDOM: Fluorescence, WET Labs CDOM [mg/m^3]
# name 7 = flECO-AFL: Fluorescence, WET Labs ECO-AFL/FL [mg/m^3]
# name 8 = flECO-AFL1: Fluorescence, WET Labs ECO-AFL/FL, 2 [mg/m^3]
# name 9 = flECO-AFL2: Fluorescence, WET Labs ECO-AFL/FL, 3 [mg/m^3]
# name 10 = par/sat/log: PAR/Logarithmic, Satlantic
# name 11 = turbWETntu0: Turbidity, WET Labs ECO [NTU]
# name 12 = prdM: Pressure, Strain Gauge [db]
# name 13 = prdE: Pressure, Strain Gauge [psi]
# name 14 = tv290C: Temperature [ITS-90, deg C]
# name 15 = flag:  0.000e+00
# span 0 =     -0.751,      8.896       
# span 1 =     -0.391,      0.154       
# span 2 =     0.3568,     9.7587       
# span 3 =      3.388,     97.368       
# span 4 =      0.061,     64.258       
# span 5 =   0.050971,  48.849740       
# span 6 =    -4.5000,    30.2400       
# span 7 =    -0.2032,     6.2056       
# span 8 =    -2.1300,     1.4058       
# span 9 =    -2.0304,     4.3992       
# span 10 = 1.1595e-01, 2.2132e+02      
# span 11 =    -0.6338,   592.8762      
# span 12 =     -0.736,      8.723      
# span 13 =     -1.068,     12.653      
# span 14 =    13.0038,    17.0621      
# span 15 = 0.0000e+00, 0.0000e+00      
# interval = seconds: 0.25
# start_time = Oct 17 2022 07:40:31 [Instrument's time stamp, header]
# bad_flag = -9.990e-29
*END*
[from data line 814]
      6.116      0.067     2.3423     22.245     43.980  34.182978     6.9300     1.1014     1.0224     0.5922 1.1605e-01    58.6300      5.997      8.699    13.8591 0.0000e+00
      6.133      0.067     1.9121     18.159     44.082  34.260966     6.9300     1.0823     1.0224     0.5922 1.1607e-01    58.6751      6.015      8.724    13.8574 0.0000e+00
      6.151      0.067     1.5176     14.412     44.185  34.344270     6.9300     1.1052     1.0224     0.5922 1.1623e-01    58.6901      6.032      8.748    13.8607 0.0000e+00
      6.168      0.067     1.1689     11.101     44.337  34.470946     6.9300     1.0862     1.0224     0.5922 1.1605e-01    58.6300      6.049      8.773    13.8704 0.0000e+00
      6.184      0.067     0.8768      8.327     44.466  34.583674     6.9300     1.1205     1.0224     0.6768 1.1615e-01    58.2543      6.065      8.796    13.8841 0.0000e+00
      6.199      0.066     0.6492      6.165     44.572  34.678849     6.9300     1.0976     1.0224     0.6768 1.1602e-01    58.1190      6.080      8.818    13.8983 0.0000e+00
      6.214      0.065     0.4883      4.637     44.722  34.809576     6.9300     1.0862     1.0224     0.6768 1.1633e-01    58.2843      6.094      8.838    13.9136 0.0000e+00
      6.228      0.064     0.3923      3.725     44.822  34.899810     6.9300     1.0862     1.0224     0.6768 1.1623e-01    58.1641      6.108      8.858    13.9276 0.0000e+00
      6.242      0.062     0.3568      3.388     44.864  34.939946     6.8400     1.1396     0.9798     0.5922 1.1605e-01    58.2092      6.121      8.878    13.9364 0.0000e+00
      6.256      0.060     0.3753      3.564     44.949  35.010006     6.8400     1.1586     0.9798     0.5922 1.1610e-01    58.2843      6.135      8.898    13.9409 0.0000e+00
      6.269      0.058     0.4396      4.174     45.040  35.083121     6.8400     1.1510     0.9798     0.5922 1.1615e-01    58.0438      6.148      8.917    13.9435 0.0000e+00
      6.282      0.056     0.5388      5.115     45.102  35.131256     6.8400     1.1510     0.9798     0.5922 1.1617e-01    58.1641      6.161      8.935    13.9431 0.0000e+00
      6.295      0.054     0.6603      6.269     45.164  35.175169     6.9300     1.1663     1.0224     0.5499 1.1623e-01    58.6601      6.173      8.953    13.9379 0.0000e+00
      6.307      0.053     0.7927      7.527     45.197  35.192902     6.9300     1.1586     1.0224     0.5499 1.1617e-01    58.7052      6.186      8.971    13.9291 0.0000e+00
      6.320      0.052     0.9254      8.787     45.214  35.197104     6.9300     1.1434     1.0224     0.5499 1.1623e-01    58.7352      6.198      8.989    13.9194 0.0000e+00
      6.332      0.051     1.0481      9.952     45.280  35.240390     6.9300     1.1434     1.0224     0.5499 1.1605e-01    58.6601      6.210      9.007    13.9107 0.0000e+00
      6.345      0.050     1.1531     10.949     45.378  35.310536     6.9300     1.1624     1.0224     0.5499 1.1640e-01    59.4417      6.223      9.025    13.9037 0.0000e+00
      6.358      0.050     1.2359     11.735     45.451  35.362869     6.9300     1.1510     1.0650     0.6768 1.1607e-01    59.3815      6.236      9.044    13.8987 0.0000e+00
      6.372      0.050     1.2964     12.309     45.489  35.389560     6.9300     1.1510     1.0650     0.6768 1.1630e-01    59.5018      6.249      9.063    13.8957 0.0000e+00
      6.386      0.051     1.3373     12.697     45.554  35.439318     6.9300     1.1777     1.0650     0.6768 1.1620e-01    59.4116      6.263      9.084    13.8953 0.0000e+00
      6.401      0.052     1.3627     12.938     45.672  35.533332     6.9300     1.0099     1.0650     0.6768 1.1600e-01    59.3815      6.277      9.105    13.8969 0.0000e+00
      6.416      0.053     1.3773     13.078     45.775  35.615472     6.9300     1.0022     1.0224     0.5922 1.1623e-01    59.3665      6.292      9.126    13.8995 0.0000e+00
      6.431      0.055     1.3860     13.160     45.819  35.652185     6.9300     1.0480     1.0224     0.5922 1.1628e-01    59.4417      6.306      9.147    13.9017 0.0000e+00
      6.445      0.056     1.3920     13.216     45.833  35.663165     6.9300     1.0289     1.0224     0.5922 1.1612e-01    59.3966      6.321      9.168    13.9024 0.0000e+00
      6.460      0.057     1.3970     13.265     45.860  35.683030     6.9300     1.0938     1.0224     0.5922 1.1615e-01    60.7944      6.335      9.189    13.9009 0.0000e+00
      6.475      0.058     1.4017     13.309     45.893  35.705193     6.9300     1.1014     1.0650     0.6345 1.1623e-01    60.7643      6.350      9.210    13.8967 0.0000e+00
      6.490      0.058     1.4059     13.349     45.892  35.697933     6.9300     1.0938     1.0650     0.6345 1.1628e-01    60.8845      6.365      9.231    13.8898 0.0000e+00
      6.505      0.058     1.4093     13.381     45.907  35.700905     6.9300     1.1014     1.0650     0.6345 1.1628e-01    60.7342      6.379      9.252    13.8808 0.0000e+00
      6.519      0.058     1.4123     13.409     45.995  35.758474     6.9300     1.0404     1.0650     0.6345 1.1630e-01    60.2232      6.394      9.273    13.8693 0.0000e+00
      6.534      0.058     1.4161     13.446     46.067  35.800827     6.9300     1.0137     1.0224     0.5922 1.1597e-01    60.1180      6.407      9.293    13.8544 0.0000e+00
      6.547      0.058     1.4219     13.501     46.077  35.793703     6.9300     1.0289     1.0224     0.5922 1.1610e-01    60.1481      6.421      9.313    13.8382 0.0000e+00
      6.560      0.057     1.4301     13.578     46.143  35.836211     6.9300     1.0442     1.0224     0.5922 1.1628e-01    60.1932      6.433      9.331    13.8281 0.0000e+00
      6.573      0.056     1.4400     13.672     46.261  35.927801     6.9300     1.0823     1.0224     0.5922 1.1633e-01    60.4336      6.446      9.349    13.8286 0.0000e+00
      6.585      0.054     1.4506     13.772     46.315  35.976043     6.9300     1.0785     1.0224     0.5922 1.1628e-01    60.2533      6.457      9.366    13.8348 0.0000e+00
      6.596      0.052     1.4604     13.865     46.373  36.027475     6.8400     1.1205     1.0224     0.5499 1.1617e-01    60.3134      6.468      9.381    13.8417 0.0000e+00
      6.606      0.050     1.4691     13.948     46.515  36.145326     6.8400     1.1014     1.0224     0.5499 1.1612e-01    60.3885      6.478      9.396    13.8498 0.0000e+00
      6.617      0.047     1.4766     14.019     46.628  36.242185     6.8400     1.2235     1.0224     0.5499 1.1623e-01    60.4036      6.489      9.411    13.8597 0.0000e+00
      6.628      0.046     1.4825     14.075     46.637  36.256737     6.8400     1.2235     1.0224     0.5499 1.1635e-01    60.3735      6.499      9.427    13.8680 0.0000e+00
      6.639      0.044     1.4868     14.116     46.661  36.278028     6.9300     1.2082     1.0650     0.5499 1.1623e-01    60.2984      6.511      9.443    13.8711 0.0000e+00
      6.650      0.044     1.4904     14.150     46.771  36.361253     6.9300     1.2311     1.0650     0.5499 1.1612e-01    60.4186      6.522      9.460    13.8682 0.0000e+00
      6.663      0.044     1.4942     14.186     46.858  36.423631     6.9300     1.0938     1.0650     0.5499 1.1605e-01    60.5990      6.534      9.477    13.8623 0.0000e+00
      6.675      0.044     1.4986     14.227     46.865  36.424357     6.9300     1.0976     1.0650     0.5499 1.1607e-01    60.6441      6.546      9.494    13.8572 0.0000e+00
      6.687      0.045     1.5032     14.271     46.891  36.440870     6.9300     1.1052     1.0650     0.5922 1.1612e-01    60.5689      6.558      9.512    13.8532 0.0000e+00
      6.699      0.046     1.5073     14.310     46.983  36.507283     6.9300     1.1129     1.0650     0.5922 1.1615e-01    60.5990      6.570      9.529    13.8484 0.0000e+00
      6.711      0.047     1.5110     14.345     47.044  36.548215     6.9300     1.0747     1.0650     0.5922 1.1620e-01    60.5839      6.581      9.545    13.8417 0.0000e+00
      6.723      0.047     1.5149     14.382     47.035  36.532988     6.9300     1.0327     1.0650     0.5922 1.1617e-01    60.2683      6.593      9.562    13.8329 0.0000e+00
      6.734      0.047     1.5192     14.423     47.043  36.528844     6.9300     1.0327     1.0224     0.6768 1.1633e-01    60.3735      6.604      9.579    13.8219 0.0000e+00
      6.747      0.047     1.5233     14.462     47.116  36.574291     6.9300     1.0251     1.0224     0.6768 1.1612e-01    60.2984      6.617      9.596    13.8098 0.0000e+00
      6.760      0.047     1.5264     14.491     47.250  36.667584     6.9300     1.0442     1.0224     0.6768 1.1615e-01    60.2984      6.629      9.615    13.7988 0.0000e+00
      6.773      0.048     1.5281     14.508     47.388  36.766257     6.9300     1.1853     1.0224     0.6768 1.1612e-01    61.3204      6.642      9.634    13.7897 0.0000e+00
      6.786      0.048     1.5284     14.510     47.440  36.799570     6.9300     1.1701     1.0224     0.6768 1.1620e-01    61.3204      6.655      9.653    13.7820 0.0000e+00
      6.800      0.049     1.5268     14.495     47.442  36.794232     6.9300     1.1815     1.0224     0.6345 1.1605e-01    61.2904      6.668      9.672    13.7749 0.0000e+00
      6.814      0.050     1.5232     14.461     47.514  36.841912     6.9300     1.1510     1.0224     0.6345 1.1633e-01    61.3805      6.682      9.691    13.7664 0.0000e+00
      6.827      0.051     1.5177     14.408     47.626  36.917692     6.9300     1.0823     1.0224     0.6345 1.1617e-01    60.4036      6.695      9.710    13.7545 0.0000e+00
      6.841      0.052     1.5105     14.340     47.697  36.956608     6.9300     1.0938     1.0224     0.6345 1.1633e-01    60.4487      6.708      9.730    13.7380 0.0000e+00
      6.854      0.052     1.5023     14.262     47.808  37.022517     6.9300     1.0938     1.0224     0.5922 1.1605e-01    60.2984      6.721      9.748    13.7172 0.0000e+00
      6.866      0.052     1.4942     14.185     47.977  37.131013     6.9300     1.0785     1.0224     0.5922 1.1607e-01    60.3284      6.733      9.766    13.6940 0.0000e+00
      6.879      0.052     1.4865     14.112     48.087  37.194166     6.9300     1.0442     1.0224     0.5922 1.1633e-01    60.3284      6.745      9.784    13.6704 0.0000e+00
      6.891      0.051     1.4790     14.041     48.132  37.205047     6.9300     1.0099     1.0224     0.5922 1.1620e-01    60.3435      6.757      9.801    13.6463 0.0000e+00
      6.902      0.050     1.4724     13.978     48.189  37.223998     6.9300     1.0404     1.0650     0.5922 1.1623e-01    60.2833      6.769      9.818    13.6203 0.0000e+00
      6.914      0.049     1.4675     13.932     48.326  37.303611     6.9300     1.0175     1.0650     0.5922 1.1617e-01    60.3134      6.781      9.835    13.5930 0.0000e+00
      6.926      0.048     1.4643     13.901     48.510  37.419556     6.9300     1.0289     1.0650     0.5922 1.1628e-01    60.6140      6.792      9.851    13.5661 0.0000e+00
      6.937      0.047     1.4622     13.881     48.666  37.513619     6.9300     1.0327     1.0650     0.5922 1.1595e-01    60.6290      6.803      9.867    13.5398 0.0000e+00
      6.947      0.046     1.4610     13.869     48.860  37.636631     6.9300     1.0594     1.0650     0.5922 1.1617e-01    60.7493      6.813      9.882    13.5125 0.0000e+00
      6.957      0.045     1.4606     13.866     49.137  37.819414     6.9300     1.0175     1.0650     0.5922 1.1617e-01    60.5990      6.823      9.896    13.4821 0.0000e+00
      6.967      0.044     1.4609     13.868     49.413  37.997806     6.9300     1.0289     1.0650     0.5922 1.1595e-01    60.7643      6.833      9.910    13.4480 0.0000e+00
      6.977      0.043     1.4611     13.871     49.756  38.225320     6.9300     1.0556     1.0650     0.5922 1.1635e-01    60.8395      6.842      9.924    13.4117 0.0000e+00
      6.988      0.042     1.4605     13.865     50.271  38.582430     6.9300     1.0442     1.0650     0.5922 1.1633e-01    60.9296      6.853      9.939    13.3743 0.0000e+00
      6.999      0.041     1.4585     13.846     50.846  38.986092     6.9300     0.9984     1.0224     0.5922 1.1615e-01    60.7643      6.863      9.955    13.3375 0.0000e+00
      7.010      0.041     1.4561     13.823     51.492  39.444906     6.9300     0.8916     1.0224     0.5922 1.1628e-01    60.8996      6.874      9.971    13.3025 0.0000e+00
      7.021      0.041     1.4546     13.809     52.306  40.033676     6.9300     0.8954     1.0224     0.5922 1.1605e-01    60.8094      6.885      9.987    13.2693 0.0000e+00
      7.033      0.042     1.4542     13.805     53.154  40.649901     6.9300     0.9221     1.0224     0.5922 1.1612e-01    60.8094      6.897     10.004    13.2378 0.0000e+00
      7.045      0.043     1.4548     13.811     54.023  41.283583     6.9300     0.9183     1.0650     0.6345 1.1620e-01    60.8244      6.909     10.021    13.2093 0.0000e+00
      7.057      0.044     1.4567     13.828     54.995  41.998702     6.9300     1.0213     1.0650     0.6345 1.1607e-01    60.8395      6.921     10.038    13.1840 0.0000e+00
      7.070      0.045     1.4596     13.856     55.967  42.716519     6.9300     1.0251     1.0650     0.6345 1.1625e-01    60.7944      6.933     10.055    13.1615 0.0000e+00
      7.082      0.046     1.4633     13.891     56.827  43.351080     6.9300     1.0404     1.0650     0.6345 1.1620e-01    60.7342      6.945     10.073    13.1419 0.0000e+00
      7.095      0.047     1.4670     13.926     57.627  43.942816     6.9300     1.0404     1.1076     0.6768 1.1650e-01    60.9447      6.958     10.092    13.1257 0.0000e+00
      7.108      0.048     1.4692     13.947     58.506  44.598005     6.9300     0.9565     1.1076     0.6768 1.1623e-01    60.3885      6.971     10.111    13.1125 0.0000e+00
      7.122      0.049     1.4693     13.948     59.367  45.241703     6.9300     0.9641     1.1076     0.6768 1.1615e-01    60.3885      6.984     10.130    13.1014 0.0000e+00
      7.136      0.050     1.4678     13.934     60.050  45.752305     6.9300     0.9565     1.1076     0.6768 1.1628e-01    60.4186      6.998     10.150    13.0928 0.0000e+00
      7.149      0.051     1.4650     13.908     60.596  46.160952     6.9300     0.9565     1.1076     0.6768 1.1623e-01    60.3284      7.011     10.169    13.0868 0.0000e+00
      7.162      0.052     1.4609     13.868     61.052  46.503294     6.9300     0.9755     1.0650     0.5499 1.1617e-01    60.9747      7.024     10.188    13.0820 0.0000e+00
      7.175      0.052     1.4558     13.820     61.403  46.765596     6.9300     0.9641     1.0650     0.5499 1.1617e-01    61.1401      7.037     10.206    13.0777 0.0000e+00
      7.188      0.052     1.4502     13.767     61.670  46.964300     6.9300     0.9526     1.0650     0.5499 1.1602e-01    61.0348      7.049     10.224    13.0740 0.0000e+00
      7.201      0.052     1.4449     13.717     61.916  47.148430     6.9300     0.9908     1.0650     0.5499 1.1612e-01    61.0950      7.062     10.242    13.0714 0.0000e+00
      7.214      0.052     1.4410     13.680     62.142  47.317546     6.9300     1.0480     1.0650     0.5922 1.1615e-01    61.3204      7.075     10.261    13.0693 0.0000e+00
      7.227      0.051     1.4388     13.658     62.318  47.449366     6.9300     1.0556     1.0650     0.5922 1.1605e-01    61.3655      7.088     10.280    13.0671 0.0000e+00
      7.240      0.051     1.4379     13.651     62.453  47.549317     6.9300     1.0480     1.0650     0.5922 1.1628e-01    61.3805      7.101     10.298    13.0650 0.0000e+00
      7.254      0.051     1.4385     13.656     62.565  47.632162     6.9300     1.0251     1.0650     0.5922 1.1612e-01    61.3505      7.114     10.317    13.0628 0.0000e+00
