Data/DataNotYetUploadedToEDI/Raw_CTD/RawDownloads/101723_fcr50_S8188002.cnv
* Sea-Bird SBE19plus  Data File:
* FileName = C:\R\Reservoirs\Data\DataNotYetUploadedToEDI\Raw_CTD\RawDownloads\101823_bvr50_S8188_0002.hex
* Software version 2.8.0.119
* Temperature SN = 8188
* Conductivity SN = 8188
* System UpLoad Time = Oct 18 2023 15:31:12
* <ApplicationData>
* <Seaterm232>
# nquan = 16
# nvalues = 925                         
# units = specified
# name 0 = depFM: Depth [fresh water, m]
# name 1 = dz/dtM: Descent Rate [m/s]
# name 2 = sbeox0Mg/L: Oxygen, SBE 43 [mg/l]
# name 3 = sbeox0PS: Oxygen, SBE 43 [% saturation]
# name 4 = specc: Specific Conductance [uS/cm]
# name 5 = c0uS/cm: Conductivity [uS/cm]
# name 6 = wetCDOM: Fluorescence, WET Labs CDOM [mg/m^3]
# name 7 = flECO-AFL: Fluorescence, WET Labs ECO-AFL/FL [mg/m^3]
# name 8 = flECO-AFL1: Fluorescence, WET Labs ECO-AFL/FL, 2 [mg/m^3]
# name 9 = flECO-AFL2: Fluorescence, WET Labs ECO-AFL/FL, 3 [mg/m^3]
# name 10 = par/sat/log: PAR/Logarithmic, Satlantic
# name 11 = turbWETntu0: Turbidity, WET Labs ECO [NTU]
# name 12 = prdM: Pressure, Strain Gauge [db]
# name 13 = prdE: Pressure, Strain Gauge [psi]
# name 14 = tv290C: Temperature [ITS-90, deg C]
# name 15 = flag:  0.000e+00
# span 0 =     -0.667,      9.376       
# span 1 =     -0.524,      0.141       
# span 2 =     2.1203,     6.5349       
# span 3 =     20.723,     64.241       
# span 4 =      0.591,     33.307       
# span 5 =   0.467093,  26.107450       
# span 6 =    -4.5000,     4.0500       
# span 7 =    -0.1384,     5.2786       
# span 8 =    -2.1300,     0.9372       
# span 9 =    -2.0304,     3.4686       
# span 10 = 1.1592e-01, 4.5563e+02      
# span 11 =    -0.2430,   270.0890      
# span 12 =     -0.654,      9.195      
# span 13 =     -0.949,     13.335      
# span 14 =    14.1789,    15.2447      
# span 15 = 0.0000e+00, 0.0000e+00      
# interval = seconds: 0.25
# start_time = Oct 17 2023 13:44:50 [Instrument's time stamp, header]
# bad_flag = -9.990e-29
*END*
[from data line 362]
      2.079      0.080     4.2016     41.761      2.483   1.996299     3.3300     5.0955     0.0852     1.0998 2.2595e+01     2.4323      2.039      2.957    15.1838 0.0000e+00
      2.100      0.081     4.1996     41.743      2.524   2.029274     3.3300     5.0840     0.0852     1.0998 2.2196e+01     2.4624      2.059      2.986    15.1849 0.0000e+00
      2.121      0.082     4.1978     41.731      2.514   2.021131     3.3300     5.1451     0.0852     1.0998 2.1625e+01     2.5676      2.080      3.017    15.1859 0.0000e+00
      2.143      0.083     4.1960     41.720      2.475   1.989472     3.3300     5.1451     0.0426     1.0575 2.1109e+01     2.5826      2.102      3.048    15.1870 0.0000e+00
      2.165      0.082     4.1940     41.708      2.425   1.949582     3.3300     5.1298     0.0426     1.0575 2.0673e+01     2.5977      2.123      3.079    15.1879 0.0000e+00
      2.186      0.082     4.1921     41.693      2.374   1.908619     3.3300     5.1298     0.0426     1.0575 2.0539e+01     2.4925      2.144      3.109    15.1889 0.0000e+00
      2.206      0.081     4.1908     41.672      2.328   1.871477     3.3300     4.9009     0.0426     1.0575 2.0220e+01     2.6578      2.163      3.138    15.1898 0.0000e+00
      2.226      0.081     4.1896     41.646      2.296   1.846047     3.3300     4.8742     0.0426     1.0998 1.9850e+01     2.5526      2.183      3.166    15.1907 0.0000e+00
      2.246      0.081     4.1884     41.621      2.305   1.853229     3.3300     4.8589     0.0426     1.0998 1.9666e+01     2.5676      2.202      3.194    15.1916 0.0000e+00
      2.266      0.082     4.1868     41.593      2.372   1.906803     3.3300     4.8971     0.0426     1.0998 1.9327e+01     2.5526      2.222      3.223    15.1925 0.0000e+00
      2.287      0.084     4.1846     41.565      2.467   1.983486     3.3300     4.9085     0.0426     1.0998 1.8695e+01     2.5225      2.243      3.253    15.1934 0.0000e+00
      2.309      0.086     4.1819     41.537      2.543   2.044410     3.3300     4.8971     0.0426     1.0998 1.8481e+01     2.5526      2.264      3.284    15.1943 0.0000e+00
      2.331      0.088     4.1793     41.507      2.597   2.088025     3.3300     4.8742     0.0852     1.0998 1.8103e+01     2.5977      2.286      3.316    15.1952 0.0000e+00
      2.354      0.090     4.1764     41.478      2.649   2.129918     3.3300     4.9200     0.0852     1.0998 1.7664e+01     2.5376      2.308      3.348    15.1960 0.0000e+00
      2.377      0.092     4.1735     41.450      2.688   2.161486     3.3300     5.1374     0.0852     1.0998 1.7165e+01     2.7480      2.331      3.382    15.1969 0.0000e+00
      2.401      0.093     4.1706     41.422      2.693   2.165443     3.3300     5.1298     0.0852     1.0998 1.6759e+01     2.9434      2.355      3.416    15.1978 0.0000e+00
      2.426      0.093     4.1675     41.393      2.662   2.140867     3.4200     5.1298     0.0852     1.0152 1.6399e+01     2.8532      2.379      3.450    15.1986 0.0000e+00
      2.450      0.092     4.1645     41.370      2.610   2.099000     3.4200     5.1527     0.0852     1.0152 1.6190e+01     2.8832      2.402      3.484    15.1993 0.0000e+00
      2.473      0.091     4.1617     41.351      2.545   2.046473     3.4200     4.8933     0.0852     1.0152 1.5722e+01     2.6428      2.425      3.518    15.2001 0.0000e+00
      2.497      0.090     4.1588     41.334      2.483   1.996961     3.4200     4.8856     0.0852     1.0152 1.5488e+01     2.4925      2.448      3.551    15.2008 0.0000e+00
      2.519      0.088     4.1559     41.319      2.446   1.966919     3.4200     4.8666     0.0426     1.0575 1.5238e+01     2.5526      2.470      3.583    15.2015 0.0000e+00
      2.541      0.087     4.1534     41.304      2.435   1.958223     3.4200     4.8818     0.0426     1.0575 1.5195e+01     2.5977      2.492      3.614    15.2022 0.0000e+00
      2.563      0.085     4.1516     41.288      2.431   1.954713     3.4200     5.0230     0.0426     1.0575 1.5043e+01     2.8382      2.513      3.645    15.2028 0.0000e+00
      2.584      0.084     4.1498     41.275      2.414   1.941611     3.4200     5.0192     0.0426     1.0575 1.4628e+01     2.7179      2.534      3.676    15.2034 0.0000e+00
      2.606      0.082     4.1482     41.261      2.399   1.929265     3.3300     5.0077     0.0426     1.0152 1.4338e+01     2.7931      2.555      3.706    15.2039 0.0000e+00
      2.627      0.080     4.1466     41.237      2.398   1.928223     3.3300     4.9886     0.0426     1.0152 1.4140e+01     2.6879      2.576      3.736    15.2045 0.0000e+00
      2.647      0.079     4.1450     41.209      2.403   1.932276     3.3300     5.1946     0.0426     1.0152 1.4140e+01     2.4624      2.596      3.765    15.2050 0.0000e+00
      2.667      0.078     4.1437     41.181      2.408   1.936573     3.3300     5.1756     0.0426     1.0152 1.4042e+01     2.5676      2.615      3.793    15.2054 0.0000e+00
      2.686      0.077     4.1422     41.152      2.422   1.948191     3.3300     5.1946     0.0426     1.0152 1.3851e+01     2.6127      2.634      3.820    15.2059 0.0000e+00
      2.705      0.076     4.1397     41.121      2.447   1.968252     3.3300     5.2252     0.0426     0.9729 1.3731e+01     2.5526      2.652      3.847    15.2064 0.0000e+00
      2.724      0.076     4.1369     41.094      2.462   1.980354     3.3300     5.1298     0.0426     0.9729 1.3580e+01     2.6728      2.671      3.875    15.2068 0.0000e+00
      2.743      0.077     4.1341     41.074      2.459   1.977839     3.3300     5.1412     0.0426     0.9729 1.3300e+01     2.5676      2.690      3.902    15.2072 0.0000e+00
      2.763      0.078     4.1311     41.065      2.457   1.975855     3.3300     5.1298     0.0426     0.9729 1.3389e+01     2.5376      2.709      3.930    15.2076 0.0000e+00
      2.782      0.079     4.1279     41.056      2.469   1.985736     3.3300     5.1527     0.0426     0.9729 1.3300e+01     2.5676      2.728      3.958    15.2080 0.0000e+00
      2.803      0.081     4.1251     41.042      2.499   2.010116     3.3300     4.6301     0.0426     0.9729 1.2971e+01     2.5376      2.748      3.986    15.2085 0.0000e+00
      2.824      0.082     4.1231     41.023      2.551   2.051543     3.3300     4.6682     0.0426     0.9729 1.2695e+01     2.4925      2.769      4.016    15.2089 0.0000e+00
      2.845      0.082     4.1221     41.002      2.613   2.101291     3.3300     4.6644     0.0426     0.9729 1.2455e+01     2.5977      2.790      4.047    15.2093 0.0000e+00
      2.867      0.083     4.1213     40.978      2.667   2.144945     3.3300     4.6797     0.0426     0.9306 1.2200e+01     2.4774      2.811      4.077    15.2097 0.0000e+00
      2.888      0.083     4.1198     40.954      2.708   2.178327     3.3300     4.3745     0.0426     0.9306 1.2050e+01     2.5526      2.832      4.108    15.2101 0.0000e+00
      2.909      0.084     4.1180     40.930      2.733   2.198475     3.3300     4.3554     0.0426     0.9306 1.1977e+01     2.4925      2.853      4.138    15.2105 0.0000e+00
      2.930      0.084     4.1158     40.905      2.729   2.194945     3.3300     4.3859     0.0426     0.9306 1.1879e+01     2.5977      2.874      4.168    15.2109 0.0000e+00
      2.952      0.085     4.1133     40.886      2.694   2.166794     3.3300     4.3707     0.0426     0.9729 1.1715e+01     2.5225      2.895      4.198    15.2114 0.0000e+00
      2.974      0.085     4.1109     40.872      2.644   2.126289     3.3300     4.0807     0.0426     0.9729 1.1433e+01     2.5075      2.916      4.229    15.2118 0.0000e+00
      2.996      0.085     4.1084     40.855      2.589   2.082400     3.3300     4.1341     0.0426     0.9729 1.1190e+01     2.5977      2.938      4.261    15.2122 0.0000e+00
      3.019      0.085     4.1059     40.837      2.530   2.035289     3.3300     4.1074     0.0426     0.9729 1.0894e+01     2.5225      2.960      4.293    15.2126 0.0000e+00
      3.040      0.084     4.1040     40.821      2.467   1.984255     3.3300     4.1074     0.0426     0.9729 1.0826e+01     2.5526      2.981      4.324    15.2131 0.0000e+00
      3.062      0.083     4.1025     40.811      2.409   1.937440     3.3300     4.2410     0.0426     0.9729 1.0646e+01     2.5075      3.002      4.354    15.2135 0.0000e+00
      3.082      0.081     4.1008     40.806      2.365   1.902132     3.3300     4.2371     0.0426     0.9729 1.0395e+01     2.4624      3.023      4.384    15.2139 0.0000e+00
      3.103      0.079     4.0988     40.803      2.328   1.872871     3.3300     4.2371     0.0426     0.9729 1.0211e+01     2.4925      3.043      4.413    15.2144 0.0000e+00
      3.123      0.078     4.0972     40.795      2.292   1.843830     3.3300     4.2448     0.0426     0.9729 1.0031e+01     2.4925      3.062      4.442    15.2148 0.0000e+00
      3.142      0.077     4.0962     40.783      2.264   1.821105     3.3300     4.1494     0.0852     0.8883 9.9723e+00     2.5676      3.081      4.469    15.2153 0.0000e+00
      3.161      0.077     4.0957     40.773      2.253   1.812479     3.3300     4.1303     0.0852     0.8883 9.8517e+00     2.5977      3.100      4.497    15.2157 0.0000e+00
      3.181      0.077     4.0953     40.766      2.250   1.809718     3.3300     4.0884     0.0852     0.8883 9.6861e+00     2.5075      3.119      4.524    15.2162 0.0000e+00
      3.200      0.077     4.0944     40.756      2.241   1.802201     3.3300     4.0960     0.0852     0.8883 9.4738e+00     2.5826      3.138      4.552    15.2166 0.0000e+00
      3.220      0.076     4.0932     40.742      2.235   1.797808     3.3300     4.3058     0.0426     0.8460 9.2059e+00     2.4624      3.158      4.580    15.2171 0.0000e+00
      3.240      0.076     4.0922     40.728      2.244   1.805255     3.3300     4.3363     0.0426     0.8460 9.0041e+00     2.6277      3.177      4.608    15.2175 0.0000e+00
      3.259      0.075     4.0915     40.719      2.271   1.826528     3.3300     4.2905     0.0426     0.8460 8.8412e+00     2.5676      3.197      4.636    15.2180 0.0000e+00
      3.278      0.074     4.0905     40.717      2.316   1.863345     3.3300     4.3096     0.0426     0.8460 8.6681e+00     2.6127      3.215      4.663    15.2184 0.0000e+00
      3.297      0.072     4.0889     40.718      2.366   1.903775     3.3300     4.5080     0.0426     0.8460 8.5484e+00     2.5225      3.233      4.690    15.2189 0.0000e+00
      3.315      0.071     4.0875     40.713      2.395   1.926961     3.3300     4.5004     0.0426     0.8883 8.4230e+00     2.5376      3.251      4.715    15.2193 0.0000e+00
      3.332      0.070     4.0866     40.703      2.403   1.933156     3.3300     4.4927     0.0426     0.8883 8.2689e+00     2.4774      3.268      4.740    15.2197 0.0000e+00
      3.350      0.071     4.0864     40.690      2.411   1.939829     3.3300     4.4927     0.0426     0.8883 8.1423e+00     2.5225      3.285      4.765    15.2200 0.0000e+00
      3.368      0.072     4.0864     40.677      2.422   1.948761     3.3300     4.1074     0.0426     0.8883 8.0771e+00     2.5526      3.302      4.790    15.2204 0.0000e+00
      3.385      0.073     4.0859     40.668      2.419   1.946513     3.3300     4.1113     0.0426     0.9729 7.9829e+00     2.5075      3.320      4.815    15.2207 0.0000e+00
      3.404      0.075     4.0849     40.661      2.397   1.928534     3.3300     4.0998     0.0426     0.9729 7.8334e+00     2.4925      3.338      4.842    15.2210 0.0000e+00
      3.424      0.077     4.0835     40.655      2.366   1.903869     3.3300     4.1303     0.0426     0.9729 7.5970e+00     2.6127      3.358      4.870    15.2214 0.0000e+00
      3.444      0.078     4.0822     40.654      2.336   1.879781     3.3300     4.1952     0.0426     0.9729 7.3886e+00     2.5676      3.378      4.899    15.2217 0.0000e+00
      3.465      0.078     4.0813     40.654      2.309   1.857757     3.3300     4.1494     0.0426     0.8883 7.2109e+00     2.5225      3.398      4.928    15.2220 0.0000e+00
      3.485      0.077     4.0805     40.653      2.285   1.837854     3.3300     4.1761     0.0426     0.8883 7.0269e+00     2.5376      3.418      4.957    15.2224 0.0000e+00
      3.505      0.076     4.0799     40.650      2.263   1.820698     3.3300     4.1875     0.0426     0.8883 6.9570e+00     2.5225      3.437      4.985    15.2227 0.0000e+00
      3.524      0.075     4.0797     40.645      2.249   1.809622     3.3300     4.0731     0.0426     0.8883 6.9253e+00     2.5676      3.456      5.012    15.2230 0.0000e+00
      3.542      0.074     4.0797     40.639      2.234   1.797717     3.3300     4.0502     0.0426     0.8883 6.8193e+00     2.5526      3.474      5.038    15.2233 0.0000e+00
      3.561      0.074     4.0796     40.635      2.210   1.777856     3.3300     4.0540     0.0426     0.8883 6.7339e+00     2.5225      3.492      5.064    15.2235 0.0000e+00
      3.579      0.075     4.0793     40.631      2.183   1.756605     3.3300     4.0502     0.0426     0.8883 6.7397e+00     2.5826      3.510      5.090    15.2238 0.0000e+00
      3.598      0.076     4.0787     40.628      2.163   1.740161     3.3300     4.1113     0.0426     0.8883 6.5691e+00     2.6277      3.528      5.117    15.2241 0.0000e+00
      3.617      0.078     4.0782     40.627      2.153   1.732047     3.3300     4.1074     0.0426     0.8883 6.4098e+00     2.4624      3.547      5.145    15.2244 0.0000e+00
      3.638      0.079     4.0777     40.624      2.155   1.734055     3.3300     4.1189     0.0426     0.9729 6.2597e+00     2.6277      3.567      5.174    15.2247 0.0000e+00
      3.659      0.080     4.0773     40.616      2.166   1.742765     3.3300     4.1456     0.0426     0.9729 6.1478e+00     2.5526      3.588      5.204    15.2250 0.0000e+00
      3.679      0.079     4.0769     40.604      2.183   1.756545     3.3300     4.5995     0.0426     0.9729 5.9961e+00     2.5977      3.608      5.234    15.2253 0.0000e+00
      3.700      0.078     4.0768     40.586      2.211   1.779071     3.3300     4.6186     0.0426     0.9729 5.8558e+00     2.5977      3.628      5.263    15.2256 0.0000e+00
      3.720      0.077     4.0765     40.569      2.257   1.816348     3.3300     4.5995     0.0852     0.9306 5.7900e+00     2.6277      3.648      5.291    15.2259 0.0000e+00
      3.739      0.076     4.0757     40.557      2.317   1.864478     3.3300     4.6110     0.0852     0.9306 5.6631e+00     2.5526      3.667      5.318    15.2262 0.0000e+00
      3.758      0.074     4.0744     40.544      2.372   1.908612     3.3300     4.8322     0.0852     0.9306 5.5594e+00     2.4925      3.685      5.345    15.2264 0.0000e+00
      3.776      0.074     4.0726     40.529      2.419   1.946679     3.3300     4.8132     0.0852     0.9306 5.4399e+00     2.4925      3.703      5.371    15.2267 0.0000e+00
      3.794      0.074     4.0709     40.507      2.457   1.976968     3.3300     4.8437     0.0426     0.9306 5.4104e+00     2.5977      3.721      5.398    15.2269 0.0000e+00
      3.813      0.076     4.0696     40.489      2.475   1.991736     3.3300     4.8284     0.0426     0.9306 5.4340e+00     2.4925      3.739      5.424    15.2272 0.0000e+00
      3.832      0.078     4.0684     40.479      2.484   1.998877     3.3300     4.7178     0.0426     0.9306 5.3940e+00     2.4774      3.758      5.450    15.2275 0.0000e+00
      3.852      0.081     4.0668     40.475      2.491   2.004249     3.3300     4.6911     0.0426     0.9306 5.1972e+00     2.5225      3.778      5.479    15.2278 0.0000e+00
      3.873      0.083     4.0646     40.479      2.487   2.001376     3.3300     4.7292     0.0852     0.8460 5.0613e+00     2.5225      3.799      5.510    15.2280 0.0000e+00
