Data/DataNotYetUploadedToEDI/Raw_CTD/RawDownloads/101723_fcr50_S8188002.cnv
* Sea-Bird SBE19plus  Data File:
* FileName = C:\R\Reservoirs\Data\DataNotYetUploadedToEDI\Raw_CTD\RawDownloads\101823_bvr50_S8188_0002.hex
* Software version 2.8.0.119
* Temperature SN = 8188
* Conductivity SN = 8188
* System UpLoad Time = Oct 18 2023 15:31:12
* <ApplicationData>
* <Seaterm232>
# nquan = 16
# nvalues = 925                         
# units = specified
# name 0 = depFM: Depth [fresh water, m]
# name 1 = dz/dtM: Descent Rate [m/s]
# name 2 = sbeox0Mg/L: Oxygen, SBE 43 [mg/l]
# name 3 = sbeox0PS: Oxygen, SBE 43 [% saturation]
# name 4 = specc: Specific Conductance [uS/cm]
# name 5 = c0uS/cm: Conductivity [uS/cm]
# name 6 = wetCDOM: Fluorescence, WET Labs CDOM [mg/m^3]
# name 7 = flECO-AFL: Fluorescence, WET Labs ECO-AFL/FL [mg/m^3]
# name 8 = flECO-AFL1: Fluorescence, WET Labs ECO-AFL/FL, 2 [mg/m^3]
# name 9 = flECO-AFL2: Fluorescence, WET Labs ECO-AFL/FL, 3 [mg/m^3]
# name 10 = par/sat/log: PAR/Logarithmic, Satlantic
# name 11 = turbWETntu0: Turbidity, WET Labs ECO [NTU]
# name 12 = prdM: Pressure, Strain Gauge [db]
# name 13 = prdE: Pressure, Strain Gauge [psi]
# name 14 = tv290C: Temperature [ITS-90, deg C]
# name 15 = flag:  0.000e+00
# span 0 =     -0.667,      9.376       
# span 1 =     -0.524,      0.141       
# span 2 =     2.1203,     6.5349       
# span 3 =     20.723,     64.241       
# span 4 =      0.591,     33.307       
# span 5 =   0.467093,  26.107450       
# span 6 =    -4.5000,     4.0500       
# span 7 =    -0.1384,     5.2786       
# span 8 =    -2.1300,     0.9372       
# span 9 =    -2.0304,     3.4686       
# span 10 = 1.1592e-01, 4.5563e+02      
# span 11 =    -0.2430,   270.0890      
# span 12 =     -0.654,      9.195      
# span 13 =     -0.949,     13.335      
# span 14 =    14.1789,    15.2447      
# span 15 = 0.0000e+00, 0.0000e+00      
# interval = seconds: 0.25
# start_time = Oct 17 2023 13:44:50 [Instrument's time stamp, header]
# bad_flag = -9.990e-29
*END*
     -0.667      0.000     6.4464     63.395      0.595   0.469939    -4.5000    -0.1193    -2.1300    -2.0304 3.7081e+02     1.7860     -0.654     -0.949    14.5247 0.0000e+00
     -0.667      0.000     6.4494     63.455      0.593   0.468433    -4.5000    -0.1002    -2.1300    -2.0304 3.5457e+02     1.9363     -0.654     -0.949    14.5246 0.0000e+00
     -0.667      0.000     6.4521     63.541      0.598   0.472250    -4.5000    -0.1155    -2.1300    -2.0304 3.5534e+02     1.7860     -0.654     -0.949    14.5245 0.0000e+00
     -0.667      0.000     6.4547     63.651      0.606   0.478453     0.0000    -0.1079     0.0000     0.0000 3.8820e+02     1.1097     -0.654     -0.949    14.5244 0.0000e+00
     -0.667      0.000     6.4587     63.785      0.611   0.482765     0.0000    -0.0964     0.0000     0.0000 4.2263e+02     1.0496     -0.654     -0.949    14.5243 0.0000e+00
     -0.667      0.000     6.4649     63.940      0.613   0.484360     0.0000    -0.1002     0.0000     0.0000 3.4305e+02     1.1247     -0.654     -0.949    14.5242 0.0000e+00
     -0.667      0.000     6.4737     64.072      0.614   0.485639     0.0000    -0.1155     0.0000     0.0000 3.0001e+02     1.1548     -0.654     -0.949    14.5242 0.0000e+00
     -0.667      0.000     6.4848     64.108      0.616   0.486944     0.0000    -0.1079     0.0000     0.0000 2.7737e+02     0.0426     -0.654     -0.948    14.5241 0.0000e+00
     -0.666      0.001     6.4985     64.029      0.616   0.486646     0.0000    -0.1155     0.0000     0.0423 2.6163e+02     0.1478     -0.653     -0.948    14.5241 0.0000e+00
     -0.666      0.001     6.5143     63.871      0.616   0.486641     0.0000    -0.1155     0.0000     0.0423 2.4543e+02     0.1327     -0.653     -0.948    14.5241 0.0000e+00
     -0.666      0.000     6.5277     63.662      0.616   0.486928     0.0000    -0.0964     0.0000     0.0423 2.2093e+02     0.1628     -0.653     -0.948    14.5241 0.0000e+00
     -0.666      0.000     6.5315     63.422      0.614   0.485608     0.0000    -0.1231     0.0000     0.0423 2.3190e+02    -0.2430     -0.653     -0.948    14.5242 0.0000e+00
     -0.666      0.000     6.5234     63.178      0.613   0.484305     0.0000    -0.1193     0.0000     0.0423 2.3710e+02    -0.1378     -0.653     -0.948    14.5243 0.0000e+00
     -0.666      0.000     6.5072     62.975      0.613   0.484650     0.0000    -0.1041     0.0000     0.0423 2.3658e+02    -0.0627     -0.653     -0.948    14.5244 0.0000e+00
     -0.666      0.000     6.4860     62.850      0.616   0.486733     0.0000    -0.1079     0.0000     0.0423 2.3039e+02    -0.1979     -0.653     -0.947    14.5244 0.0000e+00
     -0.666      0.000     6.4615     62.807      0.619   0.489133     0.0000    -0.1269     0.0000     0.0423 2.3705e+02    -0.1078     -0.653     -0.947    14.5245 0.0000e+00
     -0.666      0.001     6.4367     62.811      0.618   0.488536     0.0000    -0.1346    -0.0426    -0.1269 2.4666e+02    -0.0777     -0.653     -0.947    14.5245 0.0000e+00
     -0.665      0.001     6.4160     62.824      0.613   0.484783     0.0000    -0.1346    -0.0426    -0.1269 2.5953e+02    -0.0627     -0.652     -0.947    14.5245 0.0000e+00
     -0.665      0.001     6.4033     62.837      0.608   0.480827     0.0000    -0.1079    -0.0426    -0.1269 2.5656e+02    -0.1078     -0.652     -0.947    14.5245 0.0000e+00
     -0.665      0.001     6.3989     62.852      0.604   0.477591     0.0000    -0.1002    -0.0426    -0.1269 1.7305e+02    -0.1378     -0.652     -0.946    14.5245 0.0000e+00
     -0.665      0.002     6.3993     62.877      0.600   0.474212     0.0000    -0.1155     0.0000    -0.0423 9.6770e+01    -0.0777     -0.652     -0.946    14.5246 0.0000e+00
     -0.664      0.002     6.4006     62.915      0.595   0.469788     0.0000    -0.1384     0.0000    -0.0423 2.2772e+01    -0.1528     -0.652     -0.945    14.5246 0.0000e+00
     -0.664      0.003     6.4019     62.964      0.591   0.467093     0.0000    -0.1117     0.0000    -0.0423 2.7888e+02    -0.2130     -0.651     -0.945    14.5246 0.0000e+00
     -0.663      0.004     6.4035     63.021      0.594   0.469365     0.0000    -0.1079     0.0000    -0.0423 3.1545e+02    -0.1378     -0.651     -0.944    14.5246 0.0000e+00
     -0.663      0.005     6.4060     63.080      0.599   0.473253     0.0000    -0.1308     0.0000    -0.0423 2.8907e+02    -0.1378     -0.650     -0.943    14.5245 0.0000e+00
     -0.662      0.006     6.4099     63.130      0.602   0.475841     0.0000    -0.1231     0.0000     0.0000 2.8089e+02    -0.2130     -0.649     -0.941    14.5245 0.0000e+00
     -0.660      0.008     6.4148     63.162      0.605   0.477819     0.0000    -0.0926     0.0000     0.0000 2.9388e+02    -0.1078     -0.647     -0.939    14.5245 0.0000e+00
     -0.658      0.010     6.4207     63.166      0.607   0.479715     0.0000    -0.1079     0.0000     0.0000 2.9388e+02    -0.1829     -0.646     -0.936    14.5244 0.0000e+00
     -0.656      0.013     6.4267     63.143      0.610   0.482033     0.0000    -0.0773     0.0000     0.0000 2.4860e+02    -0.1228     -0.643     -0.933    14.5244 0.0000e+00
     -0.653      0.016     6.4318     63.104      0.614   0.485393     0.0000    -0.1117     0.0000     0.0846 2.4495e+02    -0.2130     -0.640     -0.928    14.5243 0.0000e+00
     -0.648      0.021     6.4350     63.059      0.621   0.490689     0.0000    -0.1079     0.0000     0.0846 2.5891e+02    -0.1679     -0.636     -0.922    14.5242 0.0000e+00
     -0.643      0.027     6.4355     63.020      0.629   0.497357     0.0000     0.5750     0.0000     0.0846 2.6489e+02     0.8993     -0.631     -0.915    14.5240 0.0000e+00
     -0.636      0.035     6.4332     62.993      0.639   0.505199     0.0000     0.5521     0.0000     0.0846 2.7768e+02     0.9143     -0.624     -0.905    14.5239 0.0000e+00
     -0.627      0.044     6.4292     62.980      0.648   0.512352     0.0000     0.5788    -0.0426    -0.0423 2.7029e+02     0.8091     -0.615     -0.892    14.5237 0.0000e+00
     -0.616      0.056     6.4247     62.980      0.651   0.514790     0.0000     0.5788    -0.0426    -0.0423 2.7390e+02     0.7790     -0.604     -0.876    14.5235 0.0000e+00
     -0.601      0.068     6.4207     62.991      0.651   0.515142     0.0000     2.8448    -0.0426    -0.0423 2.7635e+02     2.4023     -0.590     -0.855    14.5233 0.0000e+00
     -0.582      0.080     6.4180     63.010      0.654   0.517456     0.0000     2.8142    -0.0426    -0.0423 2.7177e+02     2.4023     -0.571     -0.828    14.5230 0.0000e+00
     -0.559      0.091     6.4167     63.036      0.660   0.522348     1.3500     2.8295     0.4686     0.1692 2.6790e+02     2.2971     -0.548     -0.795    14.5227 0.0000e+00
     -0.532      0.099     6.4168     63.079      0.671   0.531124     1.3500     2.8371     0.4686     0.1692 2.6621e+02     2.3572     -0.522     -0.758    14.5224 0.0000e+00
     -0.504      0.103     6.4180     63.143      0.690   0.546123     1.3500     3.3826     0.4686     0.1692 2.6049e+02     2.4023     -0.494     -0.717    14.5220 0.0000e+00
     -0.475      0.103     6.4199     63.225      0.722   0.571346     1.3500     3.3864     0.4686     0.1692 2.6288e+02     2.3271     -0.466     -0.676    14.5217 0.0000e+00
     -0.447      0.098     6.4226     63.325      0.776   0.613517     1.3500     3.3750     0.4686     0.1692 2.6391e+02     2.3271     -0.438     -0.635    14.5214 0.0000e+00
     -0.421      0.090     6.4270     63.440      0.855   0.675975     3.1500     3.3903     0.0852     0.7191 2.6083e+02     2.3271     -0.412     -0.598    14.5211 0.0000e+00
     -0.398      0.080     6.4335     63.558      0.951   0.751650     3.1500     3.6878     0.0852     0.7191 2.6936e+02     2.2069     -0.390     -0.566    14.5209 0.0000e+00
     -0.379      0.068     6.4420     63.667      1.059   0.836995     3.1500     3.6726     0.0852     0.7191 2.6174e+02     2.2520     -0.372     -0.540    14.5207 0.0000e+00
     -0.364      0.057     6.4522     63.759      1.198   0.946860     3.1500     3.6954     0.0852     0.7191 2.4357e+02     2.3722     -0.357     -0.519    14.5205 0.0000e+00
     -0.353      0.048     6.4639     63.831      1.400   1.106590     3.1500     3.7031     0.0426     0.8883 2.3751e+02     2.3271     -0.346     -0.502    14.5203 0.0000e+00
     -0.343      0.040     6.4760     63.883      1.661   1.313302     3.1500     3.6993     0.0426     0.8883 2.3357e+02     2.2971     -0.336     -0.488    14.5201 0.0000e+00
     -0.334      0.034     6.4872     63.915      1.935   1.529194     3.1500     3.6954     0.0426     0.8883 2.2189e+02     2.2069     -0.328     -0.476    14.5198 0.0000e+00
     -0.327      0.030     6.4966     63.926      2.205   1.742634     3.1500     3.6687     0.0426     0.8883 2.2180e+02     2.3422     -0.321     -0.465    14.5196 0.0000e+00
     -0.320      0.027     6.5039     63.924      2.494   1.970995     3.2400     3.7031     0.0426     0.9729 2.2652e+02     2.3271     -0.314     -0.455    14.5194 0.0000e+00
     -0.313      0.026     6.5092     63.922      2.781   2.198059     3.2400     3.6344     0.0426     0.9729 2.1227e+02     2.4173     -0.308     -0.446    14.5192 0.0000e+00
     -0.307      0.024     6.5125     63.926      3.021   2.387491     3.2400     3.6230     0.0426     0.9729 2.5756e+02     2.2971     -0.302     -0.438    14.5191 0.0000e+00
     -0.302      0.023     6.5137     63.938      3.219   2.544327     3.2400     3.6497     0.0426     0.9729 3.5089e+02     2.2971     -0.296     -0.429    14.5190 0.0000e+00
     -0.296      0.022     6.5135     63.950      3.409   2.694573     3.2400     3.6382     0.0852     0.8883 3.8795e+02     2.2670     -0.290     -0.421    14.5190 0.0000e+00
     -0.290      0.021     6.5133     63.955      3.601   2.846656     3.2400     3.6306     0.0852     0.8883 4.0934e+02     2.2820     -0.284     -0.412    14.5189 0.0000e+00
     -0.285      0.021     6.5137     63.958      3.795   2.999607     3.2400     3.6382     0.0852     0.8883 4.2512e+02     2.3271     -0.279     -0.405    14.5190 0.0000e+00
     -0.280      0.021     6.5149     63.961      3.981   3.146757     3.2400     3.6459     0.0852     0.8883 4.3144e+02     2.2971     -0.274     -0.398    14.5190 0.0000e+00
     -0.275      0.021     6.5161     63.952      4.139   3.271978     3.2400     3.6230     0.0852     0.8883 4.3853e+02     2.2971     -0.270     -0.391    14.5191 0.0000e+00
     -0.270      0.022     6.5165     63.937      4.247   3.357252     3.2400     3.4284     0.0426     0.8037 4.5563e+02     2.2520     -0.265     -0.384    14.5192 0.0000e+00
     -0.265      0.024     6.5168     63.933      4.311   3.407520     3.2400     3.4551     0.0426     0.8037 4.5405e+02     2.2670     -0.260     -0.376    14.5194 0.0000e+00
     -0.258      0.025     6.5171     63.936      4.357   3.444098     3.2400     3.4322     0.0426     0.8037 4.4535e+02     2.1919     -0.253     -0.367    14.5197 0.0000e+00
     -0.251      0.026     6.5161     63.942      4.398   3.476740     3.2400     3.4513     0.0426     0.8037 4.4294e+02     2.2069     -0.246     -0.357    14.5202 0.0000e+00
     -0.243      0.027     6.5145     63.957      4.440   3.510196     3.2400     3.7450     0.0852     0.8883 4.4150e+02     2.3121     -0.239     -0.346    14.5209 0.0000e+00
     -0.236      0.028     6.5139     63.974      4.489   3.549431     3.2400     3.7641     0.0852     0.8883 4.4054e+02     2.2069     -0.232     -0.336    14.5220 0.0000e+00
     -0.230      0.028     6.5140     63.991      4.549   3.597000     3.2400     3.7641     0.0852     0.8883 4.3711e+02     2.2069     -0.225     -0.327    14.5233 0.0000e+00
     -0.223      0.029     6.5144     64.009      4.621   3.653722     3.2400     3.7679     0.0852     0.8883 4.4361e+02     2.2069     -0.219     -0.317    14.5250 0.0000e+00
     -0.216      0.030     6.5156     64.024      4.698   3.714950     3.2400     3.8709     0.0426     0.8883 4.4496e+02     2.1768     -0.212     -0.307    14.5269 0.0000e+00
     -0.208      0.031     6.5170     64.035      4.768   3.771303     3.2400     3.8747     0.0426     0.8883 4.4332e+02     2.3271     -0.204     -0.296    14.5292 0.0000e+00
     -0.200      0.032     6.5183     64.052      4.827   3.818036     3.2400     3.8862     0.0426     0.8883 4.3863e+02     2.3121     -0.196     -0.284    14.5319 0.0000e+00
     -0.191      0.032     6.5198     64.078      4.881   3.861678     3.2400     3.8633     0.0426     0.8883 4.3088e+02     2.2670     -0.188     -0.272    14.5349 0.0000e+00
     -0.182      0.031     6.5208     64.109      4.937   3.905956     3.2400     3.8099     0.0426     1.0152 4.1498e+02     2.2971     -0.179     -0.259    14.5384 0.0000e+00
     -0.174      0.029     6.5213     64.145      4.992   3.950814     3.2400     3.8366     0.0426     1.0152 4.0553e+02     2.3271     -0.170     -0.247    14.5426 0.0000e+00
     -0.166      0.026     6.5224     64.180      5.049   3.996350     3.2400     3.8519     0.0426     1.0152 4.0325e+02     2.3121     -0.163     -0.236    14.5474 0.0000e+00
     -0.159      0.023     6.5243     64.210      5.102   4.038886     3.2400     3.8099     0.0426     1.0152 4.0509e+02     2.2971     -0.156     -0.227    14.5528 0.0000e+00
     -0.154      0.019     6.5266     64.234      5.150   4.077900     3.2400     3.8671     0.0426     1.0152 4.0908e+02     2.2069     -0.151     -0.219    14.5590 0.0000e+00
     -0.150      0.016     6.5293     64.241      5.196   4.115888     3.2400     3.8747     0.0426     0.9729 4.1220e+02     2.2971     -0.147     -0.214    14.5658 0.0000e+00
     -0.147      0.013     6.5318     64.232      5.239   4.151112     3.2400     3.8519     0.0426     0.9729 4.1399e+02     2.3121     -0.144     -0.209    14.5734 0.0000e+00
     -0.145      0.010     6.5337     64.207      5.276   4.181103     3.2400     3.8824     0.0426     0.9729 4.1345e+02     2.2670     -0.142     -0.206    14.5814 0.0000e+00
     -0.142      0.009     6.5349     64.162      5.311   4.209903     3.2400     4.0502     0.0426     0.9729 4.1274e+02     2.2971     -0.140     -0.202    14.5899 0.0000e+00
     -0.140      0.008     6.5344     64.102      5.349   4.241237     3.2400     4.0578     0.0426     1.0152 4.1283e+02     2.3121     -0.138     -0.199    14.5987 0.0000e+00
     -0.138      0.007     6.5322     64.042      5.394   4.277528     3.2400     4.0502     0.0426     1.0152 4.1175e+02     2.2670     -0.136     -0.197    14.6078 0.0000e+00
     -0.137      0.006     6.5284     63.991      5.442   4.316588     3.2400     4.0311     0.0426     1.0152 4.1283e+02     2.2370     -0.135     -0.195    14.6171 0.0000e+00
     -0.135      0.006     6.5225     63.950      5.484   4.351037     3.2400     3.9434     0.0426     1.0152 4.1247e+02     2.2971     -0.133     -0.193    14.6265 0.0000e+00
     -0.134      0.005     6.5150     63.921      5.521   4.382150     3.2400     3.9472     0.0852     0.9729 4.1202e+02     2.4023     -0.132     -0.191    14.6362 0.0000e+00
     -0.133      0.005     6.5075     63.899      5.560   4.414270     3.2400     3.9472     0.0852     0.9729 4.0997e+02     2.3121     -0.130     -0.189    14.6461 0.0000e+00
     -0.131      0.004     6.5008     63.877      5.601   4.448052     3.2400     3.9548     0.0852     0.9729 4.0925e+02     2.3722     -0.129     -0.187    14.6564 0.0000e+00
     -0.131      0.003     6.4952     63.850      5.651   4.488550     3.2400     3.9739     0.0852     0.9729 4.1148e+02     2.4023     -0.128     -0.186    14.6671 0.0000e+00
     -0.130      0.003     6.4907     63.817      5.722   4.546563     3.2400     3.9243     0.0852     0.9729 4.1318e+02     2.2971     -0.128     -0.185    14.6785 0.0000e+00
     -0.130      0.002     6.4867     63.781      5.835   4.637562     3.2400     3.9243     0.0852     1.0152 4.1426e+02     2.3422     -0.127     -0.185    14.6903 0.0000e+00
