Data/DataNotYetUploadedToEDI/Raw_CTD/RawDownloads/101920_fcr50_0008.cnv
* Sea-Bird SBE19plus  Data File:
* FileName = C:\DATA\101920_fcr50_0008.hex
* Software version 2.8.0.119
* Temperature SN = 7809
* Conductivity SN = 7809
* System UpLoad Time = Oct 19 2020 19:49:23
* <ApplicationData>
* <Seaterm232>
# nquan = 16
# nvalues = 4060                        
# units = specified
# name 0 = depFM: Depth [fresh water, m]
# name 1 = dz/dtM: Descent Rate [m/s]
# name 2 = orp: Oxidation Reduction Potential [mV]
# name 3 = sbeox0Mg/L: Oxygen, SBE 43 [mg/l]
# name 4 = sbeox0PS: Oxygen, SBE 43 [% saturation]
# name 5 = par/sat/log: PAR/Logarithmic, Satlantic
# name 6 = ph: pH
# name 7 = specc: Specific Conductance [uS/cm]
# name 8 = c0uS/cm: Conductivity [uS/cm]
# name 9 = flECO-AFL: Fluorescence, WET Labs ECO-AFL/FL [mg/m^3]
# name 10 = turbWETntu0: Turbidity, WET Labs ECO [NTU]
# name 11 = tv290C: Temperature [ITS-90, deg C]
# name 12 = density00: Density [density, kg/m^3]
# name 13 = prdE: Pressure, Strain Gauge [psi]
# name 14 = prdM: Pressure, Strain Gauge [db]
# name 15 = flag:  0.000e+00
# span 0 =     -0.582,      9.718       
# span 1 =     -2.199,      3.857       
# span 2 =   154.6671,   263.5378       
# span 3 =     0.0428,     9.8332       
# span 4 =      0.613,     96.640       
# span 5 = 1.2355e-01, 1.5477e+03       
# span 6 =     15.738,     15.915       
# span 7 =      2.206,    317.168       
# span 8 =   1.697062, 239.788005       
# span 9 =    -1.9167,     4.1892       
# span 10 =    -1.9168,    98.5148      
# span 11 =    12.7507,    14.8508      
# span 12 =   999.1402,   999.5750      
# span 13 =     -0.828,     13.822      
# span 14 =     -0.571,      9.530      
# span 15 = 0.0000e+00, 0.0000e+00      
# interval = seconds: 0.25
# start_time = Oct 18 2020 22:51:56 [Instrument's time stamp, header]
# bad_flag = -9.990e-29
*END*
[from data line 452]
      1.795      0.035   217.3217     7.4116     73.096 7.7194e+00     15.849     39.515  31.423761     3.1572     9.7474    14.7585   999.1626      2.546      1.755 0.0000e+00
      1.815      0.040   217.6422     7.4089     73.059 7.4967e+00     15.849     39.552  31.453742     3.0942     9.5000    14.7586   999.1627      2.587      1.783 0.0000e+00
      1.830      0.044   217.7347     7.4030     73.054 7.4308e+00     15.849     39.545  31.447879     3.0641     9.4050    14.7588   999.1628      2.610      1.800 0.0000e+00
      1.835      0.046   217.6663     7.4138     73.095 7.3991e+00     15.849     39.505  31.416319     3.0604     9.4567    14.7588   999.1628      2.611      1.799 0.0000e+00
      1.839      0.044   217.8470     7.4091     73.130 7.2483e+00     15.849     39.472  31.389374     3.0498     9.4742    14.7589   999.1628      2.611      1.800 0.0000e+00
      1.852      0.043   217.9405     7.4038     73.086 7.0214e+00     15.849     39.455  31.375872     3.0406     9.5134    14.7589   999.1629      2.629      1.813 0.0000e+00
      1.868      0.044   217.8512     7.4019     72.971 6.8958e+00     15.849     39.460  31.379958     3.0449     9.6212    14.7591   999.1630      2.665      1.837 0.0000e+00
      1.880      0.046   217.9714     7.4085     72.838 6.7901e+00     15.849     39.455  31.375324     3.0541     9.6795    14.7592   999.1630      2.673      1.843 0.0000e+00
      1.892      0.047   218.0177     7.4156     72.663 6.6169e+00     15.849     39.465  31.383294     3.0661     9.7031    14.7587   999.1631      2.687      1.853 0.0000e+00
      1.904      0.045   217.8085     7.4113     72.487 6.5157e+00     15.849     39.503  31.412869     3.0938     9.7344    14.7582   999.1632      2.713      1.871 0.0000e+00
      1.913      0.043   217.6781     7.3950     72.437 6.4099e+00     15.849     39.507  31.415695     3.1413     9.7491    14.7576   999.1633      2.718      1.873 0.0000e+00
      1.924      0.045   217.6458     7.3848     72.495 6.2378e+00     15.849     39.510  31.417465     3.1819     9.7780    14.7572   999.1634      2.733      1.884 0.0000e+00
      1.937      0.051   217.8491     7.3676     72.532 6.1457e+00     15.849     39.532  31.434267     3.2042     9.8081    14.7571   999.1635      2.760      1.902 0.0000e+00
      1.946      0.059   218.2429     7.3396     72.494 6.0932e+00     15.849     39.525  31.428509     3.2207    10.0108    14.7565   999.1637      2.767      1.907 0.0000e+00
      1.956      0.067   218.4494     7.3384     72.414 5.9299e+00     15.849     39.504  31.411293     3.2372    10.4092    14.7557   999.1638      2.774      1.914 0.0000e+00
      1.977      0.071   218.4529     7.3490     72.277 5.6711e+00     15.849     39.511  31.416446     3.2516    10.6423    14.7551   999.1640      2.807      1.936 0.0000e+00
      2.005      0.072   218.2858     7.3573     72.102 5.4211e+00     15.848     39.525  31.427368     3.2710    10.6663    14.7548   999.1642      2.854      1.968 0.0000e+00
      2.030      0.072   218.1490     7.3470     71.896 5.2378e+00     15.848     39.511  31.416448     3.3095    10.4933    14.7544   999.1644      2.890      1.993 0.0000e+00
      2.048      0.070   218.2618     7.3443     71.681 5.1218e+00     15.848     39.505  31.411303     3.3639    10.1987    14.7538   999.1645      2.915      2.009 0.0000e+00
      2.059      0.065   218.5317     7.3275     71.607 5.0599e+00     15.848     39.527  31.428616     3.3946    10.0917    14.7531   999.1647      2.933      2.022 0.0000e+00
      2.069      0.056   218.7445     7.3084     71.690 4.9511e+00     15.847     39.536  31.435434     3.3855    10.1605    14.7527   999.1648      2.937      2.025 0.0000e+00
      2.084      0.047   218.7694     7.2926     71.827 4.7428e+00     15.847     39.529  31.430299     3.2920    10.1716    14.7526   999.1648      2.957      2.039 0.0000e+00
      2.104      0.040   218.6612     7.2574     71.937 4.6024e+00     15.847     39.529  31.429968     3.1130    10.0211    14.7524   999.1650      3.001      2.069 0.0000e+00
      2.117      0.032   218.5538     7.2528     71.983 4.5851e+00     15.848     39.531  31.431433     3.0048     9.8847    14.7523   999.1651      3.017      2.080 0.0000e+00
      2.119      0.024   218.5899     7.2656     71.978 4.5817e+00     15.848     39.552  31.448017     2.9941     9.8619    14.7522   999.1651      3.013      2.078 0.0000e+00
      2.120      0.014   218.7543     7.2822     71.941 4.5737e+00     15.848     39.542  31.440151     2.9939     9.8489    14.7523   999.1651      3.015      2.079 0.0000e+00
      2.120      0.007   218.9061     7.2953     71.856 4.5774e+00     15.849     39.491  31.399769     2.9641     9.7612    14.7523   999.1651      3.016      2.079 0.0000e+00
      2.121      0.003   219.0491     7.2985     71.678 4.5774e+00     15.849     39.497  31.403874     2.9011     9.5912    14.7522   999.1651      3.016      2.080 0.0000e+00
      2.122      0.003   219.1926     7.2976     71.451 4.5705e+00     15.849     39.525  31.426329     2.8611     9.4768    14.7523   999.1651      3.019      2.081 0.0000e+00
      2.124      0.002   219.1783     7.2929     71.251 4.5681e+00     15.848     39.514  31.417498     2.8610     9.4422    14.7522   999.1652      3.021      2.083 0.0000e+00
      2.124      0.002   219.0493     7.2890     71.120 4.5688e+00     15.848     39.523  31.423983     2.8720     9.3782    14.7520   999.1651      3.021      2.083 0.0000e+00
      2.124      0.002   219.0088     7.2681     71.084 4.5683e+00     15.848     39.544  31.441294     2.8790     9.2866    14.7518   999.1652      3.021      2.083 0.0000e+00
      2.124      0.001   219.0332     7.2405     71.097 4.5686e+00     15.848     39.539  31.436472     2.8793     9.2271    14.7515   999.1653      3.022      2.083 0.0000e+00
      2.124      0.001   219.0864     7.2222     71.180 4.5767e+00     15.848     39.529  31.429123     2.8748     9.2081    14.7512   999.1653      3.022      2.083 0.0000e+00
      2.125      0.001   219.1356     7.2036     71.355 4.5837e+00     15.848     39.512  31.415885     2.8918     9.3666    14.7510   999.1653      3.023      2.084 0.0000e+00
      2.125      0.001   219.0252     7.2062     71.537 4.5771e+00     15.848     39.497  31.403301     2.9327     9.7007    14.7508   999.1654      3.023      2.084 0.0000e+00
      2.125      0.002   218.8706     7.2052     71.712 4.5771e+00     15.848     39.497  31.403860     2.9403     9.8837    14.7507   999.1653      3.023      2.084 0.0000e+00
      2.125      0.005   218.7289     7.2094     71.877 4.5859e+00     15.848     39.521  31.422640     2.9176     9.8970    14.7507   999.1654      3.022      2.083 0.0000e+00
      2.125      0.012   218.6889     7.2361     72.008 4.5851e+00     15.848     39.543  31.440038     2.9250    10.0320    14.7506   999.1654      3.023      2.084 0.0000e+00
      2.126      0.023   218.7308     7.2511     72.063 4.5660e+00     15.848     39.523  31.423879     2.9635    10.3150    14.7507   999.1654      3.024      2.085 0.0000e+00
      2.129      0.034   218.6326     7.2701     71.983 4.5114e+00     15.849     39.515  31.417602     2.9912    10.4700    14.7509   999.1653      3.025      2.086 0.0000e+00
      2.138      0.042   218.6200     7.2874     71.799 4.3869e+00     15.850     39.527  31.427587     2.9942    10.4293    14.7508   999.1654      3.034      2.092 0.0000e+00
      2.158      0.049   218.7507     7.3015     71.651 4.2111e+00     15.850     39.515  31.417726     3.0089    10.3382    14.7508   999.1655      3.068      2.115 0.0000e+00
      2.179      0.056   218.8360     7.3108     71.606 4.0914e+00     15.850     39.524  31.425251     3.0443    10.2601    14.7511   999.1656      3.109      2.144 0.0000e+00
      2.192      0.062   218.8778     7.3027     71.636 4.0411e+00     15.851     39.562  31.455128     3.0603    10.2058    14.7511   999.1656      3.122      2.153 0.0000e+00
      2.200      0.065   218.9118     7.2760     71.711 3.9662e+00     15.851     39.570  31.461747     3.0685    10.1628    14.7508   999.1657      3.124      2.155 0.0000e+00
      2.215      0.064   218.9886     7.2583     71.772 3.8434e+00     15.850     39.545  31.441827     3.0763    10.1177    14.7507   999.1657      3.145      2.168 0.0000e+00
      2.237      0.060   219.2037     7.2577     71.818 3.6921e+00     15.849     39.500  31.404612     3.1359    10.0041    14.7506   999.1659      3.180      2.194 0.0000e+00
      2.262      0.055   219.3623     7.2588     71.849 3.5460e+00     15.849     39.485  31.392462     3.2648     9.8531    14.7504   999.1661      3.221      2.221 0.0000e+00
      2.279      0.047   219.1857     7.2715     71.820 3.4691e+00     15.849     39.522  31.421811     3.3377     9.7688    14.7505   999.1661      3.248      2.239 0.0000e+00
      2.287      0.035   218.7023     7.2762     71.765 3.4595e+00     15.849     39.547  31.442241     3.3400     9.7059    14.7505   999.1661      3.254      2.244 0.0000e+00
      2.289      0.025   218.3361     7.2793     71.714 3.4697e+00     15.849     39.556  31.449143     3.2553     9.5734    14.7502   999.1662      3.255      2.244 0.0000e+00
      2.290      0.020   218.4573     7.2878     71.614 3.4786e+00     15.849     39.546  31.441815     3.0945     9.4369    14.7496   999.1663      3.257      2.245 0.0000e+00
      2.290      0.021   218.7051     7.2818     71.515 3.4704e+00     15.849     39.515  31.417081     3.0174     9.4283    14.7492   999.1664      3.257      2.245 0.0000e+00
      2.292      0.026   218.7511     7.2731     71.529 3.4184e+00     15.849     39.500  31.403866     3.0096     9.4696    14.7491   999.1663      3.258      2.246 0.0000e+00
      2.301      0.031   218.7565     7.2735     71.623 3.3224e+00     15.848     39.507  31.408925     3.0190     9.4559    14.7493   999.1664      3.267      2.253 0.0000e+00
      2.316      0.037   218.7705     7.2616     71.726 3.2404e+00     15.848     39.514  31.414797     3.0739     9.4000    14.7496   999.1664      3.296      2.273 0.0000e+00
      2.330      0.042   218.8337     7.2424     71.752 3.2055e+00     15.849     39.510  31.411422     3.1205     9.3774    14.7497   999.1665      3.320      2.290 0.0000e+00
      2.337      0.046   218.9187     7.2496     71.656 3.1755e+00     15.849     39.536  31.431559     3.1345     9.4229    14.7491   999.1666      3.324      2.292 0.0000e+00
      2.344      0.045   218.9372     7.2606     71.531 3.0959e+00     15.849     39.581  31.467943     3.1479     9.5039    14.7480   999.1667      3.330      2.296 0.0000e+00
      2.359      0.041   218.9721     7.2734     71.461 2.9867e+00     15.849     39.585  31.470665     3.1681     9.6015    14.7478   999.1668      3.354      2.313 0.0000e+00
      2.376      0.036   218.9960     7.2817     71.465 2.9110e+00     15.850     39.578  31.464473     3.1779     9.6410    14.7481   999.1669      3.382      2.332 0.0000e+00
      2.388      0.030   218.8820     7.2638     71.501 2.8803e+00     15.850     39.568  31.456522     3.1895     9.6383    14.7478   999.1670      3.400      2.345 0.0000e+00
      2.393      0.025   218.7120     7.2500     71.547 2.8696e+00     15.849     39.545  31.437972     3.1942     9.6035    14.7471   999.1672      3.405      2.348 0.0000e+00
      2.394      0.023   218.8331     7.2412     71.604 2.8670e+00     15.849     39.535  31.430523     3.1595     9.4955    14.7468   999.1672      3.405      2.347 0.0000e+00
      2.394      0.027   219.0560     7.2445     71.614 2.8697e+00     15.850     39.534  31.429898     3.1217     9.4308    14.7463   999.1673      3.406      2.348 0.0000e+00
      2.395      0.035   218.9975     7.2497     71.592 2.8554e+00     15.850     39.535  31.430419     3.1189     9.4737    14.7460   999.1673      3.405      2.348 0.0000e+00
      2.403      0.041   218.9009     7.2509     71.555 2.7731e+00     15.850     39.544  31.436819     3.1251     9.4994    14.7464   999.1672      3.409      2.351 0.0000e+00
      2.423      0.045   218.9209     7.2630     71.467 2.6215e+00     15.849     39.554  31.443835     3.0918     9.6038    14.7465   999.1673      3.441      2.373 0.0000e+00
      2.448      0.045   218.9811     7.2615     71.355 2.5142e+00     15.849     39.564  31.451807     3.0314     9.8433    14.7462   999.1675      3.490      2.407 0.0000e+00
      2.463      0.040   219.1126     7.2569     71.244 2.4986e+00     15.849     39.587  31.469753     2.9957     9.9233    14.7459   999.1677      3.509      2.420 0.0000e+00
      2.466      0.032   219.1332     7.2586     71.147 2.5077e+00     15.850     39.589  31.470492     2.9937     9.9180    14.7449   999.1679      3.508      2.419 0.0000e+00
      2.467      0.021   218.9727     7.2458     71.110 2.5099e+00     15.850     39.577  31.460735     2.9886     9.9514    14.7438   999.1680      3.509      2.420 0.0000e+00
      2.469      0.012   218.9785     7.2340     71.130 2.4878e+00     15.849     39.599  31.478671     2.9629     9.8804    14.7438   999.1679      3.509      2.420 0.0000e+00
      2.472      0.008   219.1177     7.2244     71.155 2.4552e+00     15.849     39.623  31.497023     2.9405     9.7806    14.7436   999.1680      3.518      2.425 0.0000e+00
      2.475      0.011   219.1923     7.2098     71.150 2.4502e+00     15.849     39.617  31.492296     2.9274     9.7061    14.7431   999.1681      3.521      2.428 0.0000e+00
      2.476      0.017   219.2789     7.2083     71.171 2.4556e+00     15.848     39.608  31.484955     2.9281     9.6317    14.7426   999.1682      3.522      2.427 0.0000e+00
      2.477      0.023   219.3044     7.2112     71.260 2.4466e+00     15.848     39.591  31.471707     2.9396     9.5342    14.7424   999.1682      3.523      2.429 0.0000e+00
      2.482      0.028   219.3279     7.2172     71.373 2.4082e+00     15.849     39.576  31.459009     2.9336     9.4197    14.7425   999.1682      3.525      2.430 0.0000e+00
      2.494      0.032   219.3919     7.2127     71.453 2.3408e+00     15.850     39.576  31.458309     2.9219     9.4138    14.7425   999.1683      3.545      2.444 0.0000e+00
      2.510      0.033   219.4757     7.2122     71.471 2.2889e+00     15.849     39.582  31.463239     2.9599     9.4979    14.7425   999.1684      3.574      2.464 0.0000e+00
      2.520      0.030   219.6525     7.2251     71.494 2.2712e+00     15.849     39.572  31.455174     3.0309     9.5435    14.7422   999.1684      3.588      2.473 0.0000e+00
      2.525      0.025   219.6375     7.2370     71.599 2.2617e+00     15.850     39.534  31.424247     3.0741     9.5185    14.7414   999.1686      3.590      2.475 0.0000e+00
      2.530      0.018   219.4657     7.2490     71.740 2.2501e+00     15.850     39.512  31.406530     3.0818     9.4368    14.7409   999.1687      3.598      2.481 0.0000e+00
      2.533      0.012   219.4683     7.2467     71.826 2.2474e+00     15.850     39.542  31.431293     3.0853     9.3454    14.7404   999.1688      3.604      2.485 0.0000e+00
      2.534      0.010   219.5822     7.2448     71.843 2.2447e+00     15.850     39.591  31.469870     3.1173     9.2714    14.7397   999.1689      3.605      2.485 0.0000e+00
      2.534      0.013   219.6390     7.2577     71.785 2.2252e+00     15.850     39.620  31.492286     3.1445     9.2291    14.7395   999.1689      3.606      2.486 0.0000e+00
      2.534      0.019   219.5523     7.2782     71.698 2.2120e+00     15.850     39.645  31.511990     3.1469     9.2114    14.7401   999.1688      3.605      2.485 0.0000e+00
      2.537      0.024   219.4803     7.2841     71.638 2.1955e+00     15.850     39.653  31.517778     3.1464     9.1946    14.7405   999.1687      3.605      2.486 0.0000e+00
      2.546      0.028   219.5426     7.2879     71.549 2.1369e+00     15.850     39.630  31.498822     3.1577     9.3356    14.7404   999.1688      3.615      2.493 0.0000e+00
