Data/DataNotYetUploadedToEDI/Raw_CTD/RawDownloads/101920_fcr50_0008.cnv
* Sea-Bird SBE19plus  Data File:
* FileName = C:\DATA\101920_fcr50_0008.hex
* Software version 2.8.0.119
* Temperature SN = 7809
* Conductivity SN = 7809
* System UpLoad Time = Oct 19 2020 19:49:23
* <ApplicationData>
* <Seaterm232>
# nquan = 16
# nvalues = 4060                        
# units = specified
# name 0 = depFM: Depth [fresh water, m]
# name 1 = dz/dtM: Descent Rate [m/s]
# name 2 = orp: Oxidation Reduction Potential [mV]
# name 3 = sbeox0Mg/L: Oxygen, SBE 43 [mg/l]
# name 4 = sbeox0PS: Oxygen, SBE 43 [% saturation]
# name 5 = par/sat/log: PAR/Logarithmic, Satlantic
# name 6 = ph: pH
# name 7 = specc: Specific Conductance [uS/cm]
# name 8 = c0uS/cm: Conductivity [uS/cm]
# name 9 = flECO-AFL: Fluorescence, WET Labs ECO-AFL/FL [mg/m^3]
# name 10 = turbWETntu0: Turbidity, WET Labs ECO [NTU]
# name 11 = tv290C: Temperature [ITS-90, deg C]
# name 12 = density00: Density [density, kg/m^3]
# name 13 = prdE: Pressure, Strain Gauge [psi]
# name 14 = prdM: Pressure, Strain Gauge [db]
# name 15 = flag:  0.000e+00
# span 0 =     -0.582,      9.718       
# span 1 =     -2.199,      3.857       
# span 2 =   154.6671,   263.5378       
# span 3 =     0.0428,     9.8332       
# span 4 =      0.613,     96.640       
# span 5 = 1.2355e-01, 1.5477e+03       
# span 6 =     15.738,     15.915       
# span 7 =      2.206,    317.168       
# span 8 =   1.697062, 239.788005       
# span 9 =    -1.9167,     4.1892       
# span 10 =    -1.9168,    98.5148      
# span 11 =    12.7507,    14.8508      
# span 12 =   999.1402,   999.5750      
# span 13 =     -0.828,     13.822      
# span 14 =     -0.571,      9.530      
# span 15 = 0.0000e+00, 0.0000e+00      
# interval = seconds: 0.25
# start_time = Oct 18 2020 22:51:56 [Instrument's time stamp, header]
# bad_flag = -9.990e-29
*END*
[from data line 2622]
      9.715 -9.355e-17   220.8937     2.7206     25.719 1.2377e-01     15.907     63.288  47.796704    -0.2486    34.7844    12.7584   999.4789     13.818      9.527 0.0000e+00
      9.716 -8.505e-18   221.0858     2.7136     25.708 1.2372e-01     15.908     63.305  47.809308    -0.2440    34.9644    12.7584   999.4789     13.819      9.528 0.0000e+00
      9.716 -7.730e-19   220.9509     2.7130     25.676 1.2370e-01     15.908     63.320  47.820958    -0.2451    34.9763    12.7584   999.4789     13.819      9.528 0.0000e+00
      9.716 -7.030e-20   220.8114     2.7251     25.663 1.2373e-01     15.907     63.306  47.810558    -0.2346    34.9292    12.7584   999.4789     13.820      9.528 0.0000e+00
      9.716 -6.390e-21   220.9489     2.7244     25.681 1.2373e-01     15.906     63.306  47.810558    -0.2119    34.9441    12.7584   999.4789     13.819      9.528 0.0000e+00
      9.716 -5.810e-22   221.2363     2.7246     25.676 1.2373e-01     15.906     63.320  47.820959    -0.1989    34.9836    12.7583   999.4789     13.819      9.528 0.0000e+00
      9.716 -5.280e-23   221.3610     2.7193     25.661 1.2373e-01     15.906     63.305  47.809328    -0.1915    34.9961    12.7582   999.4790     13.818      9.527 0.0000e+00
      9.716 -4.800e-24   221.3372     2.7147     25.656 1.2371e-01     15.907     63.289  47.796923    -0.1987    34.9231    12.7582   999.4789     13.819      9.528 0.0000e+00
      9.716 -4.364e-25   221.2933     2.7237     25.672 1.2372e-01     15.908     63.290  47.797963    -0.2392    34.7880    12.7582   999.4789     13.818      9.527 0.0000e+00
      9.716 -3.967e-26   221.0880     2.7184     25.680 1.2373e-01     15.908     63.322  47.821904    -0.2708    34.7009    12.7580   999.4790     13.819      9.528 0.0000e+00
      9.716 -3.606e-27   220.8340     2.7189     25.666 1.2374e-01     15.907     63.336  47.832399    -0.2661    34.6944    12.7579   999.4790     13.819      9.528 0.0000e+00
      9.716 -3.279e-28   220.8904     2.7154     25.662 1.2376e-01     15.907     63.290  47.797868    -0.2489    34.7779    12.7579   999.4790     13.819      9.528 0.0000e+00
      9.716 -2.980e-29   221.0807     2.7197     25.696 1.2382e-01     15.907     63.274  47.785368    -0.2442    34.8859    12.7579   999.4790     13.818      9.527 0.0000e+00
      9.716 -2.709e-30   220.9847     2.7222     25.770 1.2384e-01     15.906     63.304  47.808267    -0.2573    34.9361    12.7579   999.4790     13.819      9.528 0.0000e+00
      9.716 -2.463e-31   220.7622     2.7166     25.794 1.2377e-01     15.906     63.320  47.820750    -0.2734    34.9391    12.7579   999.4790     13.819      9.528 0.0000e+00
      9.716 -2.239e-32   220.7997     2.7188     25.767 1.2372e-01     15.906     63.305  47.809300    -0.2764    34.9221    12.7579   999.4790     13.818      9.527 0.0000e+00
      9.716 -2.036e-33   220.9209     2.7165     25.719 1.2372e-01     15.906     63.289  47.796817    -0.2652    34.8676    12.7578   999.4790     13.819      9.528 0.0000e+00
      9.716 -1.851e-34   221.0235     2.7348     25.664 1.2372e-01     15.906     63.289  47.796819    -0.2518    34.7604    12.7577   999.4790     13.819      9.528 0.0000e+00
      9.716 -1.682e-35   221.0072     2.7333     25.666 1.2374e-01     15.906     63.306  47.809319    -0.2492    34.6899    12.7577   999.4790     13.819      9.528 0.0000e+00
      9.716 -1.530e-36   220.6379     2.7293     25.740 1.2369e-01     15.906     63.321  47.820959    -0.2527    34.7023    12.7576   999.4790     13.818      9.527 0.0000e+00
      9.716 -1.390e-37   220.3449     2.7262     25.789 1.2364e-01     15.908     63.307  47.810568    -0.2462    34.8758    12.7577   999.4790     13.819      9.528 0.0000e+00
      9.716 -1.264e-38   220.4753     2.7151     25.739 1.2365e-01     15.908     63.307  47.810672    -0.2371    35.1741    12.7578   999.4790     13.819      9.528 0.0000e+00
      9.716 -1.149e-39   220.7521     2.7152     25.683 1.2367e-01     15.908     63.323  47.822217    -0.2474    35.2881    12.7578   999.4790     13.819      9.528 0.0000e+00
      9.716 -1.044e-40   220.8524     2.7262     25.658 1.2366e-01     15.907     63.324  47.823163    -0.2567    35.2244    12.7576   999.4790     13.819      9.528 0.0000e+00
      9.715 -9.495e-42   220.7407     2.7396     25.668 1.2366e-01     15.907     63.322  47.822113    -0.2544    35.1252    12.7576   999.4790     13.818      9.527 0.0000e+00
      9.715 -8.635e-43   220.5202     2.7240     25.718 1.2371e-01     15.906     63.305  47.809527    -0.2582    35.0155    12.7576   999.4790     13.818      9.527 0.0000e+00
      9.716 -7.850e-44   220.3384     2.7191     25.721 1.2373e-01     15.906     63.290  47.797973    -0.2551    34.9962    12.7576   999.4790     13.819      9.528 0.0000e+00
      9.716 -7.135e-45   220.5211     2.7184     25.703 1.2369e-01     15.907     63.306  47.809403    -0.2456    35.0298    12.7576   999.4790     13.819      9.528 0.0000e+00
      9.715 -6.485e-46   220.9222     2.7135     25.726 1.2365e-01     15.907     63.321  47.820740    -0.2478    35.0778    12.7576   999.4790     13.818      9.527 0.0000e+00
      9.715 -5.895e-47   220.9725     2.7292     25.769 1.2364e-01     15.908     63.304  47.808050    -0.2533    35.1303    12.7576   999.4790     13.818      9.527 0.0000e+00
      9.715 -5.360e-48   220.7848     2.7254     25.841 1.2372e-01     15.908     63.270  47.782964    -0.2450    35.1501    12.7577   999.4790     13.819      9.528 0.0000e+00
      9.715 -4.870e-49   220.7175     2.7183     25.908 1.2378e-01     15.908     63.255  47.771418    -0.2328    35.2139    12.7576   999.4790     13.818      9.527 0.0000e+00
      9.716 -4.090e-50   220.9331     2.7268     25.918 1.2373e-01     15.907     63.287  47.795443    -0.2298    35.4895    12.7576   999.4790     13.819      9.528 0.0000e+00
      9.716 3.3388e-50   221.2411     2.7263     25.888 1.2368e-01     15.907     63.318  47.819459    -0.2372    35.9079    12.7576   999.4790     13.820      9.529 0.0000e+00
      9.716 4.1121e-49   221.2578     2.7378     25.833 1.2371e-01     15.907     63.303  47.807809    -0.2562    36.1189    12.7576   999.4790     13.819      9.528 0.0000e+00
      9.716 4.5273e-48   221.1353     2.7472     25.753 1.2375e-01     15.907     63.269  47.781579    -0.2589    36.1514    12.7577   999.4790     13.818      9.527 0.0000e+00
      9.716 4.9800e-47   221.1360     2.7467     25.688 1.2376e-01     15.908     63.235  47.756303    -0.2407    36.1629    12.7579   999.4790     13.819      9.528 0.0000e+00
      9.716 5.4780e-46   221.3534     2.7425     25.664 1.2377e-01     15.908     63.235  47.756181    -0.2365    36.0529    12.7577   999.4790     13.819      9.528 0.0000e+00
      9.716 6.0258e-45   221.6124     2.7383     25.664 1.2378e-01     15.908     63.267  47.780101    -0.2465    35.8512    12.7576   999.4790     13.819      9.528 0.0000e+00
      9.716 6.6284e-44   221.6869     2.7271     25.691 1.2378e-01     15.908     63.282  47.791539    -0.2569    35.7160    12.7577   999.4790     13.818      9.527 0.0000e+00
      9.716 7.2913e-43   221.5649     2.7180     25.724 1.2379e-01     15.908     63.250  47.767474    -0.2659    35.6878    12.7576   999.4790     13.819      9.528 0.0000e+00
      9.716 8.0204e-42   221.4283     2.7191     25.724 1.2382e-01     15.907     63.218  47.743125    -0.2702    35.7159    12.7578   999.4790     13.819      9.528 0.0000e+00
      9.716 8.8224e-41   221.4982     2.7162     25.692 1.2382e-01     15.906     63.229  47.751123    -0.2616    35.7473    12.7579   999.4790     13.819      9.528 0.0000e+00
      9.716 9.7047e-40   221.6356     2.7215     25.691 1.2377e-01     15.906     63.210  47.737184    -0.2472    35.7246    12.7578   999.4790     13.819      9.528 0.0000e+00
      9.716 1.0675e-38   221.7122     2.7256     25.724 1.2376e-01     15.907     63.163  47.701585    -0.2493    35.6472    12.7579   999.4790     13.819      9.528 0.0000e+00
      9.716 1.1743e-37   221.7370     2.7277     25.751 1.2376e-01     15.907     63.163  47.701678    -0.2586    35.4631    12.7578   999.4789     13.819      9.528 0.0000e+00
      9.716 1.2917e-36   221.5905     2.7190     25.768 1.2370e-01     15.907     63.211  47.738317    -0.2635    35.1813    12.7576   999.4790     13.819      9.528 0.0000e+00
      9.716 1.4209e-35   221.3183     2.7189     25.758 1.2363e-01     15.907     63.245  47.763592    -0.2702    35.0218    12.7575   999.4790     13.818      9.527 0.0000e+00
      9.716 1.5629e-34   221.1990     2.7271     25.771 1.2366e-01     15.907     63.231  47.753296    -0.2636    34.9768    12.7575   999.4790     13.819      9.528 0.0000e+00
      9.716 1.7192e-33   221.3525     2.7257     25.802 1.2369e-01     15.908     63.214  47.740814    -0.2407    34.8429    12.7576   999.4790     13.818      9.528 0.0000e+00
      9.716 1.8912e-32   221.5392     2.7330     25.807 1.2366e-01     15.908     63.213  47.739670    -0.2137    34.7072    12.7576   999.4790     13.819      9.527 0.0000e+00
      9.716 2.0803e-31   221.3915     2.7261     25.825 1.2366e-01     15.908     63.213  47.739462    -0.1936    34.7096    12.7576   999.4790     13.820      9.528 0.0000e+00
      9.716 2.2883e-30   221.0290     2.7273     25.806 1.2368e-01     15.908     63.211  47.738307    -0.1885    34.7340    12.7576   999.4790     13.819      9.528 0.0000e+00
      9.716 2.5171e-29   220.9428     2.7377     25.770 1.2363e-01     15.908     63.194  47.725712    -0.1909    34.6930    12.7578   999.4790     13.819      9.528 0.0000e+00
      9.716 2.7689e-28   221.1237     2.7292     25.783 1.2361e-01     15.908     63.179  47.714171    -0.2032    34.6604    12.7577   999.4790     13.819      9.528 0.0000e+00
      9.716 3.0457e-27   221.1506     2.7388     25.796 1.2366e-01     15.908     63.194  47.725753    -0.2128    34.6829    12.7576   999.4790     13.820      9.528 0.0000e+00
      9.716 3.3503e-26   220.9245     2.7363     25.836 1.2371e-01     15.908     63.211  47.738754    -0.2030    34.7258    12.7579   999.4790     13.820      9.528 0.0000e+00
      9.716 3.6854e-25   220.7126     2.7227     25.864 1.2369e-01     15.907     63.218  47.744374    -0.2079    34.9721    12.7581   999.4789     13.819      9.528 0.0000e+00
      9.716 4.0539e-24   220.7391     2.7355     25.812 1.2364e-01     15.907     63.283  47.793702    -0.2434    35.4294    12.7582   999.4789     13.818      9.527 0.0000e+00
      9.716 4.4593e-23   220.9016     2.7286     25.762 1.2364e-01     15.907     63.327  47.827193    -0.2696    35.6548    12.7582   999.4789     13.819      9.528 0.0000e+00
      9.716 4.9052e-22   220.9561     2.7358     25.759 1.2369e-01     15.906     63.249  47.768324    -0.2773    35.6376    12.7581   999.4789     13.819      9.528 0.0000e+00
      9.716 5.3957e-21   220.9674     2.7467     25.799 1.2371e-01     15.906     63.181  47.716896    -0.2798    35.6323    12.7584   999.4789     13.819      9.528 0.0000e+00
      9.716 5.9353e-20   220.9528     2.7311     25.844 1.2372e-01     15.907     63.177  47.713366    -0.2508    35.6599    12.7587   999.4789     13.819      9.528 0.0000e+00
      9.716 6.5288e-19   220.7792     2.7278     25.841 1.2373e-01     15.908     63.193  47.725640    -0.2034    35.6622    12.7587   999.4789     13.819      9.528 0.0000e+00
      9.716 7.1817e-18   220.8476     2.7260     25.807 1.2375e-01     15.907     63.210  47.738300    -0.1834    35.6603    12.7587   999.4788     13.818      9.527 0.0000e+00
      9.716 7.8999e-17   221.2632     2.7323     25.787 1.2377e-01     15.907     63.211  47.739452    -0.1906    35.7050    12.7587   999.4788     13.819      9.528 0.0000e+00
      9.716 8.6899e-16   221.4166     2.7404     25.809 1.2376e-01     15.908     63.211  47.739566    -0.2233    35.7910    12.7588   999.4788     13.819      9.528 0.0000e+00
      9.716 9.5589e-15   221.2394     2.7381     25.866 1.2373e-01     15.908     63.211  47.739680    -0.2547    35.9100    12.7587   999.4789     13.818      9.527 0.0000e+00
      9.716 1.0515e-13   221.0997     2.7327     25.908 1.2369e-01     15.907     63.213  47.740825    -0.2559    35.9429    12.7588   999.4788     13.819      9.528 0.0000e+00
      9.716 1.1566e-12   221.2761     2.7298     25.917 1.2367e-01     15.907     63.230  47.753420    -0.2475    35.8793    12.7587   999.4788     13.819      9.528 0.0000e+00
      9.716 1.2723e-11   221.6521     2.7314     25.902 1.2367e-01     15.907     63.245  47.764966    -0.2294    35.6218    12.7588   999.4788     13.819      9.528 0.0000e+00
      9.716 1.3995e-10   221.8599     2.7408     25.858 1.2366e-01     15.906     63.229  47.753430    -0.1995    35.1983    12.7589   999.4788     13.819      9.528 0.0000e+00
      9.716 1.5395e-09   221.8099     2.7462     25.811 1.2369e-01     15.906     63.213  47.740930    -0.1815    34.9815    12.7588   999.4788     13.819      9.528 0.0000e+00
      9.716 1.6934e-08   221.6501     2.7448     25.766 1.2373e-01     15.907     63.213  47.740825    -0.1730    34.9575    12.7588   999.4788     13.820      9.528 0.0000e+00
      9.716 1.8627e-07   221.6479     2.7459     25.704 1.2374e-01     15.907     63.228  47.752161    -0.1829    34.9085    12.7588   999.4789     13.820      9.528 0.0000e+00
      9.716 1.8627e-07   221.7837     2.7386     25.652 1.2381e-01     15.907     63.226  47.750997    -0.2257    34.8018    12.7589   999.4788     13.820      9.529 0.0000e+00
      9.716 1.6934e-08   221.9152     2.7331     25.661 1.2387e-01     15.907     63.194  47.726751    -0.2616    34.6969    12.7587   999.4788     13.819      9.528 0.0000e+00
      9.716 1.5395e-09   221.9476     2.7307     25.733 1.2381e-01     15.907     63.175  47.712992    -0.2631    34.7049    12.7590   999.4788     13.819      9.528 0.0000e+00
      9.716 1.3995e-10   221.7445     2.7223     25.817 1.2374e-01     15.908     63.173  47.711638    -0.2533    35.0700    12.7590   999.4788     13.820      9.528 0.0000e+00
      9.716 1.2723e-11   221.5246     2.7143     25.866 1.2378e-01     15.908     63.171  47.710380    -0.2478    35.6784    12.7591   999.4788     13.819      9.528 0.0000e+00
      9.716 1.1566e-12   221.5256     2.7146     25.866 1.2378e-01     15.908     63.154  47.697784    -0.2545    35.9491    12.7595   999.4787     13.818      9.527 0.0000e+00
      9.716 1.0515e-13   221.5842     2.7257     25.833 1.2372e-01     15.908     63.138  47.686333    -0.2770    35.9056    12.7595   999.4788     13.819      9.528 0.0000e+00
      9.716 9.5590e-15   221.6316     2.7359     25.803 1.2371e-01     15.907     63.155  47.698919    -0.2911    35.8727    12.7596   999.4787     13.819      9.528 0.0000e+00
      9.716 8.6900e-16   221.4960     2.7418     25.813 1.2368e-01     15.906     63.186  47.722963    -0.2813    35.5864    12.7599   999.4787     13.818      9.527 0.0000e+00
      9.716 7.9000e-17   221.2350     2.7411     25.848 1.2363e-01     15.906     63.186  47.723068    -0.2635    35.0524    12.7601   999.4786     13.819      9.528 0.0000e+00
      9.716 7.1820e-18   221.2293     2.7359     25.869 1.2361e-01     15.907     63.155  47.700188    -0.2572    34.7727    12.7605   999.4786     13.819      9.528 0.0000e+00
      9.716 6.5290e-19   221.4274     2.7313     25.894 1.2366e-01     15.907     63.155  47.700301    -0.2624    34.7447    12.7607   999.4786     13.819      9.528 0.0000e+00
      9.716 5.9355e-20   221.5649     2.7315     25.909 1.2369e-01     15.907     63.187  47.724440    -0.2603    34.9212    12.7609   999.4786     13.820      9.528 0.0000e+00
      9.716 5.3960e-21   221.3429     2.7404     25.904 1.2365e-01     15.907     63.206  47.738066    -0.2503    35.2925    12.7611   999.4786     13.820      9.528 0.0000e+00
