Data/DataNotYetUploadedToEDI/Raw_CTD/RawDownloads/101920_fcr50_0008.cnv
* Sea-Bird SBE19plus  Data File:
* FileName = C:\DATA\101920_fcr50_0008.hex
* Software version 2.8.0.119
* Temperature SN = 7809
* Conductivity SN = 7809
* System UpLoad Time = Oct 19 2020 19:49:23
* <ApplicationData>
* <Seaterm232>
# nquan = 16
# nvalues = 4060                        
# units = specified
# name 0 = depFM: Depth [fresh water, m]
# name 1 = dz/dtM: Descent Rate [m/s]
# name 2 = orp: Oxidation Reduction Potential [mV]
# name 3 = sbeox0Mg/L: Oxygen, SBE 43 [mg/l]
# name 4 = sbeox0PS: Oxygen, SBE 43 [% saturation]
# name 5 = par/sat/log: PAR/Logarithmic, Satlantic
# name 6 = ph: pH
# name 7 = specc: Specific Conductance [uS/cm]
# name 8 = c0uS/cm: Conductivity [uS/cm]
# name 9 = flECO-AFL: Fluorescence, WET Labs ECO-AFL/FL [mg/m^3]
# name 10 = turbWETntu0: Turbidity, WET Labs ECO [NTU]
# name 11 = tv290C: Temperature [ITS-90, deg C]
# name 12 = density00: Density [density, kg/m^3]
# name 13 = prdE: Pressure, Strain Gauge [psi]
# name 14 = prdM: Pressure, Strain Gauge [db]
# name 15 = flag:  0.000e+00
# span 0 =     -0.582,      9.718       
# span 1 =     -2.199,      3.857       
# span 2 =   154.6671,   263.5378       
# span 3 =     0.0428,     9.8332       
# span 4 =      0.613,     96.640       
# span 5 = 1.2355e-01, 1.5477e+03       
# span 6 =     15.738,     15.915       
# span 7 =      2.206,    317.168       
# span 8 =   1.697062, 239.788005       
# span 9 =    -1.9167,     4.1892       
# span 10 =    -1.9168,    98.5148      
# span 11 =    12.7507,    14.8508      
# span 12 =   999.1402,   999.5750      
# span 13 =     -0.828,     13.822      
# span 14 =     -0.571,      9.530      
# span 15 = 0.0000e+00, 0.0000e+00      
# interval = seconds: 0.25
# start_time = Oct 18 2020 22:51:56 [Instrument's time stamp, header]
# bad_flag = -9.990e-29
*END*
[from data line 3164]
      9.717 1.8284e-35   211.0084     2.7046     25.597 1.2367e-01     15.908     63.656  48.077373    -0.2024    36.7787    12.7599   999.4788     13.821      9.529 0.0000e+00
      9.717 1.6622e-36   211.3051     2.7120     25.551 1.2369e-01     15.908     63.672  48.089043    -0.2129    36.4455    12.7599   999.4789     13.822      9.530 0.0000e+00
      9.717 1.5111e-37   211.4103     2.7083     25.495 1.2368e-01     15.909     63.690  48.102898    -0.2044    35.8130    12.7600   999.4789     13.821      9.529 0.0000e+00
      9.717 1.3737e-38   211.0763     2.7085     25.492 1.2372e-01     15.909     63.710  48.117896    -0.1854    35.4829    12.7600   999.4789     13.822      9.530 0.0000e+00
      9.717 1.2488e-39   210.7080     2.7157     25.502 1.2376e-01     15.909     63.744  48.143390    -0.1832    35.4758    12.7600   999.4788     13.821      9.529 0.0000e+00
      9.717 1.1353e-40   210.6573     2.7069     25.497 1.2375e-01     15.909     63.762  48.157149    -0.1977    35.3842    12.7599   999.4789     13.821      9.529 0.0000e+00
      9.717 1.0321e-41   210.8925     2.6962     25.472 1.2369e-01     15.909     63.762  48.157254    -0.2074    35.1988    12.7600   999.4789     13.821      9.529 0.0000e+00
      9.717 9.3830e-43   211.0573     2.7005     25.451 1.2361e-01     15.909     63.745  48.144670    -0.2046    35.1228    12.7599   999.4789     13.821      9.529 0.0000e+00
      9.717 8.5300e-44   210.9296     2.7018     25.471 1.2364e-01     15.908     63.728  48.131990    -0.1930    35.1862    12.7598   999.4789     13.821      9.529 0.0000e+00
      9.717 7.7545e-45   210.5523     2.7009     25.489 1.2373e-01     15.908     63.727  48.130931    -0.1910    35.3462    12.7598   999.4789     13.821      9.529 0.0000e+00
      9.718 7.0495e-46   210.3669     2.6993     25.489 1.2372e-01     15.908     63.729  48.131866    -0.1998    35.5474    12.7600   999.4789     13.822      9.530 0.0000e+00
      9.718 6.4085e-47   210.5814     2.6919     25.491 1.2365e-01     15.908     63.744  48.143297    -0.2042    35.6276    12.7601   999.4789     13.822      9.530 0.0000e+00
      9.717 5.8260e-48   210.7366     2.6990     25.491 1.2367e-01     15.908     63.743  48.142143    -0.2054    35.5951    12.7600   999.4789     13.821      9.529 0.0000e+00
      9.717 5.2926e-49   210.5221     2.7010     25.494 1.2371e-01     15.908     63.711  48.117908    -0.1958    35.4977    12.7600   999.4789     13.821      9.529 0.0000e+00
      9.717 4.3828e-50   210.2253     2.6987     25.505 1.2372e-01     15.908     63.693  48.104273    -0.1831    35.3437    12.7600   999.4789     13.821      9.529 0.0000e+00
      9.717 -4.315e-50   210.2452     2.7006     25.511 1.2372e-01     15.907     63.693  48.104284    -0.1848    35.2428    12.7598   999.4789     13.822      9.530 0.0000e+00
      9.717 -5.224e-49   210.4190     2.7000     25.517 1.2372e-01     15.907     63.711  48.118034    -0.1973    35.2050    12.7598   999.4789     13.821      9.529 0.0000e+00
      9.717 -5.751e-48   210.4331     2.6992     25.526 1.2374e-01     15.908     63.745  48.143527    -0.2105    35.1612    12.7599   999.4789     13.821      9.529 0.0000e+00
      9.717 -6.326e-47   210.3291     2.7021     25.525 1.2373e-01     15.908     63.765  48.158526    -0.2204    35.1255    12.7599   999.4789     13.821      9.529 0.0000e+00
      9.717 -6.959e-46   210.0228     2.7024     25.535 1.2369e-01     15.908     63.784  48.172390    -0.2319    35.1168    12.7598   999.4789     13.822      9.530 0.0000e+00
      9.717 -7.654e-45   209.6550     2.7014     25.535 1.2365e-01     15.908     63.799  48.184164    -0.2540    35.0902    12.7598   999.4789     13.821      9.529 0.0000e+00
      9.717 -8.420e-44   209.5819     2.7057     25.495 1.2368e-01     15.908     63.785  48.173889    -0.2776    35.0442    12.7598   999.4789     13.821      9.529 0.0000e+00
      9.717 -9.262e-43   209.6552     2.7020     25.478 1.2377e-01     15.908     63.787  48.175140    -0.2604    34.9717    12.7598   999.4789     13.821      9.529 0.0000e+00
      9.717 -1.019e-41   209.6807     2.7040     25.507 1.2379e-01     15.908     63.819  48.199300    -0.2079    34.8668    12.7598   999.4789     13.821      9.529 0.0000e+00
      9.717 -1.121e-40   209.4606     2.7085     25.529 1.2372e-01     15.908     63.836  48.212009    -0.1763    34.8055    12.7598   999.4789     13.821      9.529 0.0000e+00
      9.717 -1.233e-39   209.0584     2.6982     25.520 1.2369e-01     15.908     63.822  48.201808    -0.1742    34.7804    12.7598   999.4789     13.822      9.530 0.0000e+00
      9.717 -1.356e-38   209.0340     2.6960     25.495 1.2372e-01     15.909     63.824  48.202962    -0.1823    34.8034    12.7598   999.4789     13.821      9.529 0.0000e+00
      9.717 -1.492e-37   209.2517     2.7025     25.475 1.2376e-01     15.909     63.854  48.225958    -0.1893    34.9114    12.7598   999.4789     13.821      9.529 0.0000e+00
      9.717 -1.641e-36   209.0235     2.7057     25.490 1.2381e-01     15.909     63.854  48.225863    -0.1916    34.9875    12.7598   999.4789     13.820      9.529 0.0000e+00
      9.717 -1.805e-35   208.5971     2.7033     25.523 1.2381e-01     15.909     63.822  48.201810    -0.1911    34.9690    12.7598   999.4789     13.821      9.529 0.0000e+00
      9.717 -1.985e-34   208.5704     2.7008     25.540 1.2370e-01     15.909     63.805  48.189130    -0.1918    35.0299    12.7597   999.4789     13.821      9.529 0.0000e+00
      9.717 -2.184e-33   208.7004     2.6962     25.545 1.2360e-01     15.908     63.819  48.199539    -0.1998    35.2429    12.7596   999.4790     13.821      9.529 0.0000e+00
      9.717 -2.402e-32   208.7068     2.6985     25.514 1.2360e-01     15.908     63.821  48.200664    -0.2031    35.4172    12.7596   999.4790     13.821      9.529 0.0000e+00
      9.717 -2.642e-31   208.5622     2.7057     25.461 1.2360e-01     15.908     63.823  48.202744    -0.2026    35.4546    12.7595   999.4790     13.821      9.529 0.0000e+00
      9.717 -2.907e-30   208.3282     2.7034     25.441 1.2363e-01     15.908     63.852  48.224680    -0.2136    35.3515    12.7597   999.4789     13.821      9.529 0.0000e+00
      9.717 -3.197e-29   208.2003     2.7083     25.457 1.2369e-01     15.908     63.835  48.211895    -0.2396    35.1322    12.7598   999.4789     13.820      9.529 0.0000e+00
      9.717 -3.517e-28   208.2211     2.7037     25.504 1.2372e-01     15.909     63.787  48.175163    -0.2695    34.9321    12.7598   999.4789     13.821      9.529 0.0000e+00
      9.717 -3.869e-27   208.3214     2.6943     25.544 1.2377e-01     15.909     63.769  48.161548    -0.2791    34.8544    12.7597   999.4789     13.821      9.529 0.0000e+00
      9.717 -4.256e-26   208.3808     2.6938     25.511 1.2377e-01     15.909     63.786  48.174265    -0.2514    34.8454    12.7597   999.4790     13.821      9.529 0.0000e+00
      9.717 -4.681e-25   208.3366     2.6950     25.446 1.2370e-01     15.909     63.822  48.201934    -0.2023    34.8224    12.7598   999.4789     13.822      9.530 0.0000e+00
      9.717 -5.149e-24   208.2172     2.7004     25.413 1.2372e-01     15.909     63.875  48.242100    -0.1812    34.7825    12.7598   999.4789     13.821      9.529 0.0000e+00
      9.717 -5.664e-23   208.1413     2.7101     25.396 1.2379e-01     15.909     63.924  48.278920    -0.1960    34.7403    12.7598   999.4789     13.821      9.529 0.0000e+00
      9.717 -6.231e-22   208.2790     2.7037     25.403 1.2379e-01     15.909     63.907  48.266126    -0.2095    34.6908    12.7598   999.4789     13.822      9.530 0.0000e+00
      9.717 -6.854e-21   208.5063     2.6919     25.453 1.2378e-01     15.909     63.839  48.214404    -0.2007    34.7328    12.7597   999.4790     13.821      9.529 0.0000e+00
      9.717 -7.539e-20   208.4798     2.6925     25.517 1.2371e-01     15.908     63.769  48.161545    -0.1854    34.9046    12.7598   999.4789     13.821      9.529 0.0000e+00
      9.717 -8.293e-19   208.3030     2.6888     25.552 1.2364e-01     15.908     63.734  48.135000    -0.1774    34.9827    12.7597   999.4790     13.821      9.529 0.0000e+00
      9.717 -9.123e-18   208.2615     2.6885     25.544 1.2367e-01     15.908     63.750  48.147443    -0.1799    34.9566    12.7598   999.4790     13.821      9.529 0.0000e+00
      9.717 -1.003e-16   208.4937     2.6954     25.527 1.2369e-01     15.908     63.800  48.184997    -0.1964    35.1724    12.7597   999.4790     13.821      9.529 0.0000e+00
      9.717 -1.104e-15   208.8742     2.7040     25.528 1.2368e-01     15.909     63.830  48.208065    -0.2062    35.6348    12.7595   999.4789     13.821      9.529 0.0000e+00
      9.717 -1.214e-14   208.9045     2.7087     25.540 1.2368e-01     15.909     63.782  48.172369    -0.2027    35.9133    12.7596   999.4789     13.822      9.530 0.0000e+00
      9.717 -1.336e-13   208.6883     2.7055     25.522 1.2371e-01     15.908     63.732  48.134384    -0.2016    35.9296    12.7598   999.4789     13.821      9.529 0.0000e+00
      9.717 -1.469e-12   208.7546     2.7029     25.461 1.2371e-01     15.908     63.727  48.129786    -0.2115    35.9687    12.7598   999.4789     13.820      9.529 0.0000e+00
      9.717 -1.616e-11   209.0181     2.7029     25.415 1.2368e-01     15.909     63.709  48.116773    -0.2375    36.1118    12.7599   999.4789     13.821      9.529 0.0000e+00
      9.717 -1.778e-10   209.1202     2.7061     25.421 1.2367e-01     15.910     63.692  48.104045    -0.2585    36.2180    12.7600   999.4789     13.820      9.529 0.0000e+00
      9.717 -1.956e-09   209.0428     2.7064     25.437 1.2364e-01     15.910     63.691  48.102888    -0.2556    36.2232    12.7598   999.4789     13.821      9.529 0.0000e+00
      9.717 -2.151e-08   208.8570     2.6955     25.423 1.2361e-01     15.910     63.691  48.102783    -0.2404    35.9684    12.7596   999.4789     13.822      9.530 0.0000e+00
      9.717 -2.366e-07   208.8523     2.6892     25.413 1.2366e-01     15.909     63.691  48.102782    -0.2177    35.4720    12.7597   999.4789     13.821      9.529 0.0000e+00
      9.717 -4.338e-07   209.1580     2.6918     25.431 1.2373e-01     15.908     63.691  48.102877    -0.2002    35.1999    12.7597   999.4789     13.822      9.530 0.0000e+00
      9.717 -2.366e-07   209.3706     2.6967     25.452 1.2371e-01     15.909     63.693  48.103927    -0.2003    35.2187    12.7597   999.4789     13.821      9.529 0.0000e+00
      9.717 -2.151e-08   209.3572     2.6924     25.471 1.2366e-01     15.909     63.709  48.115481    -0.2000    35.2536    12.7597   999.4789     13.820      9.529 0.0000e+00
      9.717 -1.955e-09   209.2543     2.6895     25.472 1.2366e-01     15.909     63.709  48.115567    -0.1967    35.2094    12.7594   999.4789     13.821      9.529 0.0000e+00
      9.717 -1.778e-10   209.1585     2.6945     25.451 1.2363e-01     15.909     63.695  48.104967    -0.1987    35.1305    12.7593   999.4789     13.822      9.530 0.0000e+00
      9.717 -1.616e-11   209.1465     2.6954     25.441 1.2361e-01     15.909     63.707  48.114318    -0.2042    35.1230    12.7594   999.4789     13.821      9.529 0.0000e+00
      9.717 -1.470e-12   209.1945     2.6984     25.450 1.2364e-01     15.908     63.690  48.101638    -0.2162    35.1873    12.7592   999.4790     13.821      9.529 0.0000e+00
      9.717 -1.408e-13   209.2228     2.6998     25.462 1.2368e-01     15.908     63.660  48.078643    -0.2103    35.6333    12.7591   999.4790     13.821      9.529 0.0000e+00
      9.717 -9.210e-14   209.1447     2.6947     25.473 1.2371e-01     15.908     63.675  48.090281    -0.1807    36.4645    12.7590   999.4790     13.822      9.530 0.0000e+00
      9.717 -8.806e-13   209.0237     2.6937     25.477 1.2375e-01     15.908     63.708  48.115366    -0.1629    36.8948    12.7591   999.4790     13.821      9.529 0.0000e+00
      9.717 -9.675e-12   209.1370     2.6961     25.485 1.2376e-01     15.908     63.724  48.127942    -0.1765    36.8188    12.7592   999.4790     13.821      9.529 0.0000e+00
      9.717 -1.064e-10   209.3961     2.6965     25.497 1.2371e-01     15.908     63.708  48.115345    -0.2026    36.3690    12.7594   999.4789     13.821      9.529 0.0000e+00
      9.717 -1.171e-09   209.4890     2.6988     25.486 1.2368e-01     15.908     63.674  48.090050    -0.2012    35.6445    12.7595   999.4789     13.821      9.529 0.0000e+00
      9.717 -1.288e-08   209.2283     2.6983     25.467 1.2368e-01     15.909     63.656  48.076100    -0.1796    35.2694    12.7594   999.4789     13.821      9.529 0.0000e+00
      9.717 -1.416e-07   208.8245     2.6985     25.474 1.2365e-01     15.910     63.652  48.073666    -0.1705    35.2679    12.7595   999.4790     13.821      9.529 0.0000e+00
      9.717     -0.000   208.8226     2.7021     25.470 1.2367e-01     15.909     63.635  48.060624    -0.1954    35.2135    12.7594   999.4789     13.820      9.529 0.0000e+00
      9.717     -0.000   209.2055     2.7008     25.461 1.2374e-01     15.909     63.615  48.045404    -0.2425    35.0580    12.7594   999.4789     13.820      9.529 0.0000e+00
      9.717     -0.000   209.4104     2.6939     25.457 1.2379e-01     15.909     63.577  48.016634    -0.2626    34.9671    12.7595   999.4789     13.820      9.529 0.0000e+00
      9.717     -0.002   209.2344     2.7005     25.447 1.2381e-01     15.909     63.427  47.903266    -0.2578    35.0413    12.7594   999.4789     13.821      9.529 0.0000e+00
      9.717     -0.008   209.0563     2.6975     25.438 1.2377e-01     15.909     63.146  47.690638    -0.2508    35.7834    12.7593   999.4789     13.820      9.529 0.0000e+00
      9.717     -0.021   209.1498     2.6956     25.425 1.2369e-01     15.908     62.865  47.477675    -0.2544    37.0741    12.7594   999.4789     13.820      9.529 0.0000e+00
      9.715     -0.045   209.5056     2.6985     25.466 1.2365e-01     15.908     62.710  47.360247    -0.2734    37.7378    12.7593   999.4789     13.819      9.528 0.0000e+00
      9.710     -0.078   209.8297     2.6928     25.550 1.2361e-01     15.908     62.697  47.350258    -0.2789    37.7310    12.7591   999.4789     13.814      9.525 0.0000e+00
      9.695     -0.110   209.9719     2.6979     25.637 1.2361e-01     15.908     62.787  47.420396    -0.2643    37.1290    12.7590   999.4787     13.800      9.515 0.0000e+00
      9.658     -0.134   210.1928     2.6883     25.701 1.2367e-01     15.908     63.067  47.636826    -0.2496    35.9872    12.7588   999.4785     13.750      9.481 0.0000e+00
      9.600     -0.148   210.5217     2.6964     25.716 1.2370e-01     15.909     63.372  47.871700    -0.2542    35.3242    12.7583   999.4782     13.656      9.416 0.0000e+00
      9.540     -0.153   210.8506     2.7068     25.752 1.2366e-01     15.909     63.337  47.847358    -0.2717    35.2238    12.7576   999.4780     13.556      9.346 0.0000e+00
      9.497     -0.149   211.1586     2.7148     25.832 1.2364e-01     15.908     63.172  47.723504    -0.2798    35.2195    12.7593   999.4776     13.494      9.303 0.0000e+00
      9.473     -0.138   211.4062     2.7267     25.899 1.2366e-01     15.907     63.151  47.707640    -0.2765    35.2372    12.7639   999.4770     13.472      9.289 0.0000e+00
      9.453     -0.121   211.6075     2.7208     25.919 1.2369e-01     15.907     63.250  47.782549    -0.2599    35.2665    12.7680   999.4767     13.453      9.276 0.0000e+00
      9.424     -0.106   211.7864     2.7246     25.905 1.2371e-01     15.907     63.362  47.867254    -0.2500    35.2646    12.7695   999.4762     13.408      9.245 0.0000e+00
      9.388     -0.096   212.1921     2.7362     25.913 1.2372e-01     15.908     63.330  47.842843    -0.2622    35.1796    12.7693   999.4760     13.349      9.204 0.0000e+00
      9.358     -0.091   212.8122     2.7451     25.997 1.2377e-01     15.909     63.199  47.741391    -0.2742    35.1325    12.7691   999.4759     13.303      9.171 0.0000e+00
