Data/DataNotYetUploadedToEDI/Raw_CTD/RawDownloads/101920_fcr50_0008.cnv
* Sea-Bird SBE19plus  Data File:
* FileName = C:\DATA\101920_fcr50_0008.hex
* Software version 2.8.0.119
* Temperature SN = 7809
* Conductivity SN = 7809
* System UpLoad Time = Oct 19 2020 19:49:23
* <ApplicationData>
* <Seaterm232>
# nquan = 16
# nvalues = 4060                        
# units = specified
# name 0 = depFM: Depth [fresh water, m]
# name 1 = dz/dtM: Descent Rate [m/s]
# name 2 = orp: Oxidation Reduction Potential [mV]
# name 3 = sbeox0Mg/L: Oxygen, SBE 43 [mg/l]
# name 4 = sbeox0PS: Oxygen, SBE 43 [% saturation]
# name 5 = par/sat/log: PAR/Logarithmic, Satlantic
# name 6 = ph: pH
# name 7 = specc: Specific Conductance [uS/cm]
# name 8 = c0uS/cm: Conductivity [uS/cm]
# name 9 = flECO-AFL: Fluorescence, WET Labs ECO-AFL/FL [mg/m^3]
# name 10 = turbWETntu0: Turbidity, WET Labs ECO [NTU]
# name 11 = tv290C: Temperature [ITS-90, deg C]
# name 12 = density00: Density [density, kg/m^3]
# name 13 = prdE: Pressure, Strain Gauge [psi]
# name 14 = prdM: Pressure, Strain Gauge [db]
# name 15 = flag:  0.000e+00
# span 0 =     -0.582,      9.718       
# span 1 =     -2.199,      3.857       
# span 2 =   154.6671,   263.5378       
# span 3 =     0.0428,     9.8332       
# span 4 =      0.613,     96.640       
# span 5 = 1.2355e-01, 1.5477e+03       
# span 6 =     15.738,     15.915       
# span 7 =      2.206,    317.168       
# span 8 =   1.697062, 239.788005       
# span 9 =    -1.9167,     4.1892       
# span 10 =    -1.9168,    98.5148      
# span 11 =    12.7507,    14.8508      
# span 12 =   999.1402,   999.5750      
# span 13 =     -0.828,     13.822      
# span 14 =     -0.571,      9.530      
# span 15 = 0.0000e+00, 0.0000e+00      
# interval = seconds: 0.25
# start_time = Oct 18 2020 22:51:56 [Instrument's time stamp, header]
# bad_flag = -9.990e-29
*END*
[from data line 2803]
      9.716 1.0516e-13   220.6996     2.7426     25.789 1.2382e-01     15.908     63.062  47.629085    -0.2614    35.0618    12.7603   999.4786     13.819      9.528 0.0000e+00
      9.716 1.1566e-12   220.6500     2.7391     25.806 1.2379e-01     15.908     63.061  47.627949    -0.2525    35.0772    12.7603   999.4786     13.819      9.528 0.0000e+00
      9.717 1.2723e-11   220.7000     2.7381     25.826 1.2375e-01     15.908     63.061  47.628063    -0.2506    35.1955    12.7603   999.4786     13.820      9.529 0.0000e+00
      9.717 1.3995e-10   220.7884     2.7325     25.832 1.2376e-01     15.908     63.064  47.630457    -0.2580    35.4276    12.7602   999.4786     13.820      9.529 0.0000e+00
      9.717 1.5395e-09   220.6861     2.7296     25.850 1.2377e-01     15.908     63.099  47.656895    -0.2655    35.5828    12.7602   999.4786     13.820      9.528 0.0000e+00
      9.717 1.6934e-08   220.4101     2.7328     25.864 1.2375e-01     15.907     63.148  47.693735    -0.2739    35.6988    12.7603   999.4786     13.821      9.529 0.0000e+00
      9.717 1.8627e-07   220.2905     2.7375     25.878 1.2377e-01     15.907     63.150  47.694907    -0.2741    36.0745    12.7601   999.4786     13.820      9.529 0.0000e+00
      9.717 1.8627e-07   220.2712     2.7337     25.876 1.2377e-01     15.907     63.118  47.671072    -0.2681    36.6236    12.7600   999.4786     13.820      9.529 0.0000e+00
      9.717 1.6934e-08   220.2630     2.7392     25.812 1.2371e-01     15.907     63.103  47.659537    -0.2676    36.8791    12.7600   999.4786     13.820      9.529 0.0000e+00
      9.716 1.5395e-09   220.1065     2.7398     25.753 1.2370e-01     15.907     63.133  47.682427    -0.2689    36.8633    12.7600   999.4787     13.820      9.528 0.0000e+00
      9.716 1.3995e-10   219.7552     2.7393     25.753 1.2375e-01     15.907     63.148  47.693850    -0.2647    36.6729    12.7600   999.4787     13.819      9.528 0.0000e+00
      9.716 1.2723e-11   219.5424     2.7467     25.808 1.2375e-01     15.908     63.118  47.670655    -0.2546    36.3623    12.7600   999.4787     13.820      9.528 0.0000e+00
      9.716 1.1566e-12   219.5992     2.7320     25.908 1.2371e-01     15.908     63.098  47.655970    -0.2517    36.1984    12.7599   999.4786     13.819      9.528 0.0000e+00
      9.716 1.0458e-13   219.7528     2.7250     25.953 1.2368e-01     15.908     63.081  47.643280    -0.2583    36.1327    12.7601   999.4787     13.820      9.529 0.0000e+00
      9.716 3.2583e-15   219.6792     2.7268     25.907 1.2367e-01     15.908     63.083  47.644217    -0.2677    36.0481    12.7603   999.4787     13.820      9.528 0.0000e+00
      9.717 -6.844e-14   219.3979     2.7293     25.862 1.2367e-01     15.908     63.113  47.667295    -0.2701    35.7587    12.7602   999.4786     13.821      9.529 0.0000e+00
      9.717 -7.623e-13   219.2773     2.7469     25.850 1.2371e-01     15.908     63.114  47.668335    -0.2672    35.2779    12.7603   999.4786     13.820      9.529 0.0000e+00
      9.717 -8.386e-12   219.3378     2.7552     25.891 1.2377e-01     15.907     63.098  47.656790    -0.2711    35.0071    12.7603   999.4786     13.821      9.529 0.0000e+00
      9.716 -9.225e-11   219.4414     2.7410     25.950 1.2379e-01     15.906     63.095  47.654699    -0.2699    34.9565    12.7604   999.4786     13.820      9.528 0.0000e+00
      9.716 -1.015e-09   219.4989     2.7392     25.950 1.2376e-01     15.907     63.080  47.643051    -0.2614    35.0091    12.7605   999.4786     13.820      9.528 0.0000e+00
      9.716 -1.116e-08   219.5163     2.7357     25.923 1.2375e-01     15.908     63.080  47.642947    -0.2545    35.1290    12.7607   999.4786     13.820      9.529 0.0000e+00
      9.716 -1.228e-07   219.5658     2.7392     25.881 1.2376e-01     15.907     63.094  47.653441    -0.2441    35.2043    12.7608   999.4785     13.820      9.528 0.0000e+00
      9.717 -2.251e-07   219.4950     2.7549     25.864 1.2375e-01     15.907     63.081  47.642937    -0.2413    35.1988    12.7606   999.4786     13.820      9.529 0.0000e+00
      9.717 -1.228e-07   219.4337     2.7465     25.924 1.2374e-01     15.907     63.081  47.642937    -0.2492    34.9245    12.7606   999.4786     13.820      9.529 0.0000e+00
      9.717 -1.116e-08   219.5131     2.7476     26.014 1.2377e-01     15.907     63.095  47.653440    -0.2535    34.4620    12.7608   999.4785     13.819      9.528 0.0000e+00
      9.717 -1.015e-09   219.5096     2.7409     26.064 1.2378e-01     15.907     63.081  47.642936    -0.2551    34.2761    12.7607   999.4786     13.820      9.529 0.0000e+00
      9.716 -9.225e-11   219.3908     2.7341     26.022 1.2373e-01     15.907     63.081  47.642926    -0.2491    34.3261    12.7606   999.4786     13.820      9.528 0.0000e+00
      9.716 -8.385e-12   219.2821     2.7460     25.933 1.2369e-01     15.907     63.095  47.653325    -0.2484    34.3795    12.7605   999.4786     13.820      9.528 0.0000e+00
      9.716 -7.625e-13   219.4000     2.7557     25.900 1.2368e-01     15.908     63.079  47.641677    -0.2550    34.4415    12.7603   999.4786     13.820      9.529 0.0000e+00
      9.716 -6.930e-14   219.6971     2.7659     25.924 1.2366e-01     15.908     63.062  47.629083    -0.2526    34.4566    12.7603   999.4786     13.819      9.528 0.0000e+00
      9.717 -6.300e-15   219.8633     2.7588     25.938 1.2370e-01     15.908     63.061  47.628042    -0.2578    34.4594    12.7603   999.4786     13.821      9.529 0.0000e+00
      9.717 -5.730e-16   219.7743     2.7427     25.922 1.2377e-01     15.908     63.063  47.629093    -0.2415    34.5444    12.7603   999.4786     13.820      9.529 0.0000e+00
      9.717 -5.205e-17   219.6539     2.7405     25.913 1.2376e-01     15.908     63.080  47.641792    -0.1988    34.6949    12.7603   999.4786     13.820      9.529 0.0000e+00
      9.716 -4.734e-18   219.7841     2.7469     25.936 1.2369e-01     15.908     63.097  47.654587    -0.1799    34.8023    12.7602   999.4786     13.820      9.528 0.0000e+00
      9.716 -4.303e-19   219.8857     2.7491     25.969 1.2365e-01     15.907     63.100  47.656801    -0.1853    34.8135    12.7600   999.4786     13.820      9.528 0.0000e+00
      9.716 -3.912e-20   219.8499     2.7451     25.964 1.2367e-01     15.907     63.115  47.668563    -0.1968    34.9677    12.7601   999.4786     13.820      9.529 0.0000e+00
      9.716 -3.556e-21   219.8672     2.7427     25.906 1.2374e-01     15.907     63.117  47.669812    -0.1944    35.3277    12.7601   999.4786     13.819      9.528 0.0000e+00
      9.717 -3.233e-22   219.7510     2.7466     25.851 1.2380e-01     15.907     63.119  47.671905    -0.1856    35.5262    12.7602   999.4786     13.820      9.529 0.0000e+00
      9.717 -2.939e-23   219.4776     2.7522     25.856 1.2381e-01     15.907     63.149  47.693860    -0.1853    35.5147    12.7603   999.4786     13.820      9.529 0.0000e+00
      9.717 -2.672e-24   219.4010     2.7529     25.908 1.2377e-01     15.908     63.132  47.681285    -0.1909    35.4628    12.7602   999.4786     13.820      9.529 0.0000e+00
      9.716 -2.429e-25   219.5987     2.7442     25.972 1.2375e-01     15.908     63.087  47.646852    -0.2159    35.4139    12.7602   999.4786     13.820      9.528 0.0000e+00
      9.716 -2.208e-26   219.8026     2.7340     25.973 1.2377e-01     15.908     63.102  47.658519    -0.2396    35.4378    12.7600   999.4786     13.819      9.528 0.0000e+00
      9.716 -2.007e-27   219.6299     2.7381     25.924 1.2378e-01     15.908     63.151  47.695359    -0.2387    35.5118    12.7600   999.4787     13.820      9.529 0.0000e+00
      9.716 -1.825e-28   219.1448     2.7423     25.904 1.2376e-01     15.908     63.172  47.711294    -0.2436    35.5536    12.7599   999.4787     13.820      9.528 0.0000e+00
      9.717 -1.659e-29   219.0133     2.7541     25.895 1.2372e-01     15.909     63.189  47.724202    -0.2609    35.3940    12.7599   999.4786     13.820      9.529 0.0000e+00
      9.717 -1.509e-30   219.1595     2.7552     25.889 1.2371e-01     15.909     63.189  47.724431    -0.2758    35.0929    12.7599   999.4787     13.821      9.529 0.0000e+00
      9.717 -1.385e-31   219.0198     2.7408     25.858 1.2369e-01     15.908     63.175  47.714061    -0.2805    34.9677    12.7599   999.4787     13.820      9.529 0.0000e+00
      9.717 -2.794e-32   218.7862     2.7456     25.803 1.2366e-01     15.907     63.191  47.725816    -0.2614    34.9790    12.7601   999.4787     13.820      9.529 0.0000e+00
      9.716 -1.714e-31   218.7439     2.7412     25.784 1.2367e-01     15.908     63.209  47.739564    -0.2444    35.0236    12.7602   999.4787     13.819      9.528 0.0000e+00
      9.716 -1.873e-30   218.7665     2.7430     25.788 1.2363e-01     15.908     63.228  47.753295    -0.2463    35.0954    12.7603   999.4786     13.820      9.528 0.0000e+00
      9.716 -2.060e-29   218.8025     2.7419     25.806 1.2362e-01     15.907     63.243  47.764840    -0.2468    35.1607    12.7603   999.4786     13.820      9.528 0.0000e+00
      9.717 -2.266e-28   218.8349     2.7287     25.829 1.2369e-01     15.907     63.226  47.752160    -0.2506    35.2283    12.7603   999.4786     13.820      9.529 0.0000e+00
      9.717 -2.493e-27   218.8129     2.7317     25.811 1.2374e-01     15.907     63.193  47.726972    -0.2546    35.2611    12.7602   999.4787     13.820      9.529 0.0000e+00
      9.717 -2.742e-26   218.7948     2.7306     25.761 1.2371e-01     15.907     63.176  47.714291    -0.2467    35.2477    12.7602   999.4787     13.820      9.529 0.0000e+00
      9.717 -3.016e-25   218.7021     2.7321     25.735 1.2366e-01     15.908     63.191  47.725826    -0.2497    35.2039    12.7601   999.4787     13.821      9.529 0.0000e+00
      9.716 -3.318e-24   218.5526     2.7383     25.739 1.2368e-01     15.908     63.209  47.739451    -0.2625    35.1434    12.7598   999.4787     13.820      9.528 0.0000e+00
      9.716 -3.650e-23   218.6228     2.7356     25.742 1.2377e-01     15.907     63.226  47.752036    -0.2583    34.9631    12.7599   999.4787     13.820      9.528 0.0000e+00
      9.716 -4.015e-22   218.7761     2.7269     25.739 1.2380e-01     15.907     63.224  47.750986    -0.2472    34.6712    12.7600   999.4787     13.820      9.529 0.0000e+00
      9.716 -4.416e-21   218.6855     2.7241     25.725 1.2373e-01     15.907     63.192  47.726761    -0.2435    34.5326    12.7599   999.4787     13.820      9.528 0.0000e+00
      9.717 -4.858e-20   218.4733     2.7273     25.703 1.2373e-01     15.907     63.174  47.713117    -0.2512    34.5230    12.7600   999.4787     13.820      9.529 0.0000e+00
      9.717 -5.343e-19   218.6203     2.7263     25.702 1.2374e-01     15.907     63.174  47.713021    -0.2641    34.4865    12.7601   999.4787     13.820      9.529 0.0000e+00
      9.717 -5.878e-18   219.0862     2.7265     25.724 1.2369e-01     15.907     63.191  47.725599    -0.2563    34.6068    12.7602   999.4787     13.820      9.529 0.0000e+00
      9.716 -6.466e-17   219.2876     2.7256     25.765 1.2366e-01     15.907     63.207  47.738194    -0.2236    34.9483    12.7602   999.4786     13.819      9.528 0.0000e+00
      9.716 -7.112e-16   219.1626     2.7211     25.820 1.2366e-01     15.907     63.207  47.738316    -0.1925    35.1819    12.7604   999.4786     13.820      9.528 0.0000e+00
      9.716 -7.823e-15   219.0368     2.7210     25.838 1.2371e-01     15.907     63.192  47.727077    -0.1855    35.1993    12.7605   999.4786     13.821      9.529 0.0000e+00
      9.716 -8.606e-14   219.1441     2.7248     25.810 1.2372e-01     15.907     63.195  47.729292    -0.1963    35.3991    12.7604   999.4786     13.820      9.528 0.0000e+00
      9.716 -9.466e-13   219.4269     2.7268     25.774 1.2369e-01     15.907     63.243  47.765100    -0.1993    35.8468    12.7605   999.4786     13.821      9.529 0.0000e+00
      9.716 -1.041e-11   219.5304     2.7373     25.750 1.2369e-01     15.907     63.261  47.779048    -0.1926    36.1146    12.7603   999.4786     13.820      9.528 0.0000e+00
      9.717 -1.145e-10   219.3636     2.7393     25.782 1.2370e-01     15.907     63.250  47.770949    -0.1916    36.1652    12.7603   999.4786     13.820      9.529 0.0000e+00
      9.717 -1.260e-09   219.2176     2.7325     25.839 1.2374e-01     15.908     63.281  47.794162    -0.2061    36.0802    12.7603   999.4786     13.820      9.529 0.0000e+00
      9.717 -1.386e-08   219.2271     2.7313     25.834 1.2376e-01     15.908     63.297  47.805728    -0.2350    35.8425    12.7606   999.4787     13.820      9.529 0.0000e+00
      9.717 -1.525e-07   219.3070     2.7235     25.764 1.2375e-01     15.908     63.268  47.783794    -0.2546    35.6608    12.7605   999.4786     13.820      9.529 0.0000e+00
      9.717 -2.795e-07   219.3226     2.7288     25.700 1.2373e-01     15.909     63.267  47.782944    -0.2536    35.6340    12.7604   999.4786     13.820      9.529 0.0000e+00
      9.717 -1.527e-07   219.2437     2.7407     25.695 1.2370e-01     15.909     63.283  47.795453    -0.2317    35.5527    12.7605   999.4787     13.821      9.529 0.0000e+00
      9.717 -1.663e-08   219.0414     2.7389     25.740 1.2371e-01     15.908     63.300  47.808039    -0.1996    35.3640    12.7604   999.4787     13.820      9.529 0.0000e+00
      9.717 -3.176e-08   218.7694     2.7284     25.762 1.2372e-01     15.908     63.300  47.808126    -0.1893    35.2409    12.7603   999.4787     13.821      9.529 0.0000e+00
      9.717 -5.602e-08   218.7081     2.7193     25.744 1.2372e-01     15.908     63.284  47.796513    -0.2024    35.1633    12.7603   999.4787     13.820      9.528 0.0000e+00
      9.717 -3.050e-08   218.8169     2.7184     25.734 1.2372e-01     15.908     63.281  47.794622    -0.2244    35.1470    12.7603   999.4787     13.820      9.529 0.0000e+00
      9.717 -2.728e-09   218.9665     2.7278     25.727 1.2371e-01     15.908     63.268  47.785262    -0.2458    35.2152    12.7603   999.4787     13.820      9.529 0.0000e+00
      9.717 2.5188e-10   218.9675     2.7317     25.728 1.2376e-01     15.907     63.301  47.810338    -0.2514    35.2669    12.7603   999.4787     13.820      9.529 0.0000e+00
      9.717 5.5209e-09   218.6571     2.7246     25.755 1.2381e-01     15.907     63.346  47.843827    -0.2545    35.2572    12.7604   999.4786     13.821      9.529 0.0000e+00
      9.716 6.0980e-08   218.4833     2.7264     25.784 1.2381e-01     15.907     63.300  47.809192    -0.2641    35.2349    12.7605   999.4787     13.820      9.528 0.0000e+00
      9.716 1.1180e-07   218.5869     2.7250     25.810 1.2378e-01     15.908     63.252  47.772554    -0.2621    35.5471    12.7607   999.4786     13.820      9.528 0.0000e+00
      9.717 6.0980e-08   218.5330     2.7225     25.819 1.2374e-01     15.908     63.264  47.781818    -0.2499    36.1477    12.7608   999.4786     13.820      9.529 0.0000e+00
      9.717 5.5440e-09   218.3475     2.7292     25.801 1.2372e-01     15.908     63.281  47.794205    -0.2402    36.4542    12.7607   999.4787     13.820      9.529 0.0000e+00
      9.717 5.0400e-10   218.2366     2.7301     25.764 1.2372e-01     15.907     63.282  47.795330    -0.2399    36.4041    12.7606   999.4786     13.820      9.528 0.0000e+00
      9.717 4.5817e-11   218.1393     2.7347     25.710 1.2371e-01     15.907     63.282  47.795422    -0.2559    36.0218    12.7607   999.4786     13.821      9.529 0.0000e+00
      9.717 4.1651e-12   218.0322     2.7361     25.680 1.2371e-01     15.907     63.282  47.795317    -0.2623    35.4363    12.7606   999.4786     13.821      9.529 0.0000e+00
      9.717 3.7865e-13   218.0596     2.7326     25.662 1.2371e-01     15.907     63.280  47.794069    -0.2506    35.1619    12.7607   999.4786     13.820      9.529 0.0000e+00
