Data/DataNotYetUploadedToEDI/Raw_CTD/RawDownloads/102025_fcr50_S7809006.cnv
* Sea-Bird SBE19plus  Data File:
* FileName = C:\R\Reservoirs\Data\DataNotYetUploadedToEDI\Raw_CTD\RawDownloads\102025_fcr50_S7809_0006.hex
* Software version 2.8.0.119
* Temperature SN = 7809
* Conductivity SN = 7809
* System UpLoad Time = Oct 20 2025 17:24:10
* <ApplicationData>
* <Seaterm232>
# nquan = 15
# nvalues = 1357                        
# units = specified
# name 0 = depFM: Depth [fresh water, m]
# name 1 = dz/dtM: Descent Rate [m/s]
# name 2 = sbeox0Mg/L: Oxygen, SBE 43 [mg/l]
# name 3 = sbeox0PS: Oxygen, SBE 43 [% saturation]
# name 4 = specc: Specific Conductance [uS/cm]
# name 5 = c0uS/cm: Conductivity [uS/cm]
# name 6 = flECO-AFL: Fluorescence, WET Labs ECO-AFL/FL [mg/m^3]
# name 7 = ph: pH
# name 8 = orp: Oxidation Reduction Potential [mV]
# name 9 = par/sat/log: PAR/Logarithmic, Satlantic
# name 10 = turbWETntu0: Turbidity, WET Labs ECO [NTU]
# name 11 = prdM: Pressure, Strain Gauge [db]
# name 12 = prdE: Pressure, Strain Gauge [psi]
# name 13 = tv290C: Temperature [ITS-90, deg C]
# name 14 = flag:  0.000e+00
# span 0 =     -0.645,      9.576       
# span 1 =     -0.020,      0.109       
# span 2 =    -0.0382,     9.7351       
# span 3 =     -0.343,     94.685       
# span 4 =      1.288,    452.552       
# span 5 =   0.958458, 342.253247       
# span 6 =    -0.1222,     2.0759       
# span 7 =      7.323,     13.988       
# span 8 =  -918.8981,  1234.8618       
# span 9 = 1.2363e-01, 1.6848e+03       
# span 10 =    -0.1337,   166.2496      
# span 11 =     -0.633,      9.390      
# span 12 =     -0.917,     13.620      
# span 13 =    12.1477,    15.7948      
# span 14 = 0.0000e+00, 0.0000e+00      
# interval = seconds: 0.25
# start_time = Oct 20 2025 10:59:07 [Instrument's time stamp, header]
# bad_flag = -9.990e-29
*END*
[from data line 868]
      5.583      0.022     2.3113     23.913     66.317  51.252551     0.2257      8.168    53.8284 1.2381e-01    17.0890      5.474      7.940    13.6974 0.0000e+00
      5.590      0.024     2.3560     24.302     66.322  51.239681     0.2388      8.166    53.1690 1.2384e-01    17.1963      5.481      7.950    13.6872 0.0000e+00
      5.598      0.027     2.4052     24.778     66.408  51.292759     0.2554      8.164    52.3470 1.2387e-01    17.3186      5.491      7.964    13.6745 0.0000e+00
      5.604      0.031     2.4496     25.311     66.556  51.386295     0.2689      8.164    52.0625 1.2374e-01    17.5089      5.497      7.973    13.6565 0.0000e+00
      5.608      0.034     2.4816     25.872     66.632  51.418091     0.2597      8.165    52.1382 1.2364e-01    17.5843      5.498      7.974    13.6360 0.0000e+00
      5.616      0.036     2.5209     26.462     66.672  51.423169     0.2361      8.165    51.5413 1.2368e-01    17.5469      5.504      7.983    13.6247 0.0000e+00
      5.631      0.037     2.5726     27.035     66.731  51.447659     0.2239      8.164    50.3523 1.2377e-01    17.5345      5.523      8.011    13.6188 0.0000e+00
      5.645      0.037     2.6307     27.490     66.771  51.460184     0.2365      8.163    49.6350 1.2383e-01    17.6058      5.539      8.033    13.6029 0.0000e+00
      5.653      0.037     2.6889     27.726     66.777  51.447585     0.2645      8.163    49.2356 1.2383e-01    17.6582      5.543      8.039    13.5791 0.0000e+00
      5.659      0.032     2.7532     27.699     66.767  51.422301     0.2624      8.162    48.7928 1.2376e-01    17.5868      5.549      8.047    13.5597 0.0000e+00
      5.667      0.027     2.8183     27.455     66.766  51.408457     0.2369      8.161    48.3262 1.2370e-01    17.5282      5.557      8.061    13.5452 0.0000e+00
      5.676      0.024     2.8701     27.110     66.774  51.407189     0.2309      8.161    47.4657 1.2372e-01    17.4965      5.567      8.075    13.5314 0.0000e+00
      5.681      0.022     2.8979     26.772     66.774  51.406955     0.2475      8.160    46.4753 1.2377e-01    17.4761      5.572      8.081    13.5182 0.0000e+00
      5.684      0.020     2.8939     26.496     66.758  51.405626     0.2797      8.160    45.7302 1.2377e-01    17.5201      5.573      8.084    13.5042 0.0000e+00
      5.688      0.019     2.8642     26.346     66.713  51.391137     0.2952      8.160    45.3394 1.2374e-01    17.5506      5.578      8.091    13.4938 0.0000e+00
      5.693      0.019     2.8240     26.376     66.653  51.358798     0.2692      8.160    45.1063 1.2377e-01    17.5377      5.584      8.098    13.4882 0.0000e+00
      5.698      0.020     2.7882     26.567     66.611  51.332133     0.2407      8.159    44.6318 1.2381e-01    17.5356      5.588      8.106    13.4861 0.0000e+00
      5.703      0.022     2.7564     26.851     66.597  51.322738     0.2489      8.159    43.9904 1.2379e-01    17.5582      5.593      8.110    13.4952 0.0000e+00
      5.709      0.023     2.7362     27.149     66.581  51.308711     0.2764      8.159    43.2883 1.2382e-01    17.6064      5.599      8.120    13.5161 0.0000e+00
      5.716      0.025     2.7401     27.393     66.557  51.289531     0.2905      8.159    43.0262 1.2384e-01    17.5719      5.606      8.131    13.5269 0.0000e+00
      5.721      0.028     2.7627     27.560     66.537  51.281322     0.2777      8.158    43.2297 1.2380e-01    17.3465      5.611      8.138    13.5281 0.0000e+00
      5.727      0.030     2.7949     27.653     66.504  51.272966     0.2472      8.158    42.8231 1.2376e-01    17.1357      5.616      8.146    13.5312 0.0000e+00
      5.734      0.031     2.8294     27.680     66.454  51.252019     0.2379      8.158    41.8966 1.2368e-01    17.1748      5.622      8.154    13.5275 0.0000e+00
      5.745      0.031     2.8552     27.661     66.404  51.218583     0.2646      8.158    41.4913 1.2363e-01    17.2726      5.633      8.170    13.5250 0.0000e+00
      5.757      0.031     2.8720     27.669     66.359  51.186188     0.2951      8.158    41.6232 1.2368e-01    17.1912      5.648      8.192    13.5299 0.0000e+00
      5.765      0.030     2.8802     27.784     66.344  51.177840     0.2916      8.157    41.5127 1.2374e-01    17.0439      5.656      8.203    13.5446 0.0000e+00
      5.770      0.028     2.8820     28.002     66.362  51.181152     0.2550      8.156    41.0150 1.2378e-01    16.9268      5.657      8.205    13.5659 0.0000e+00
      5.775      0.025     2.8774     28.270     66.365  51.162729     0.2273      8.156    40.4236 1.2379e-01    16.8338      5.663      8.213    13.5627 0.0000e+00
      5.783      0.022     2.8734     28.555     66.367  51.145559     0.2394      8.158    39.9548 1.2381e-01    16.8087      5.671      8.225    13.5602 0.0000e+00
      5.790      0.020     2.8861     28.870     66.407  51.164032     0.2770      8.158    39.8212 1.2385e-01    16.8617      5.678      8.235    13.5746 0.0000e+00
      5.795      0.020     2.9117     29.213     66.454  51.195563     0.2821      8.157    39.8405 1.2390e-01    16.8266      5.682      8.242    13.5613 0.0000e+00
      5.799      0.019     2.9426     29.538     66.484  51.209293     0.2513      8.157    39.7576 1.2393e-01    16.6573      5.687      8.248    13.5410 0.0000e+00
      5.801      0.018     2.9720     29.834     66.511  51.203040     0.2375      8.157    39.2484 1.2386e-01    16.5907      5.689      8.251    13.5294 0.0000e+00
      5.805      0.017     3.0044     30.086     66.526  51.183422     0.2483      8.158    38.5028 1.2377e-01    16.6704      5.692      8.255    13.5162 0.0000e+00
      5.811      0.016     3.0442     30.276     66.519  51.162547     0.2734      8.159    38.0562 1.2380e-01    16.7660      5.698      8.264    13.5163 0.0000e+00
      5.817      0.016     3.0768     30.430     66.495  51.141136     0.2909      8.158    37.8918 1.2383e-01    16.7568      5.706      8.276    13.5172 0.0000e+00
      5.822      0.016     3.1099     30.559     66.466  51.115041     0.2775      8.157    37.5479 1.2375e-01    16.6618      5.710      8.282    13.4910 0.0000e+00
      5.823      0.016     3.1410     30.661     66.458  51.101021     0.2530      8.157    36.6518 1.2370e-01    16.6078      5.710      8.282    13.4576 0.0000e+00
      5.824      0.016     3.1580     30.745     66.472  51.098612     0.2521      8.158    35.9191 1.2372e-01    16.6501      5.711      8.283    13.4505 0.0000e+00
      5.828      0.017     3.1747     30.842     66.468  51.085902     0.2748      8.158    35.7432 1.2370e-01    16.7635      5.715      8.288    13.4535 0.0000e+00
      5.835      0.018     3.1881     30.982     66.445  51.074335     0.2778      8.157    35.6441 1.2370e-01    16.7154      5.723      8.300    13.4500 0.0000e+00
      5.842      0.018     3.1992     31.188     66.436  51.085763     0.2639      8.157    35.4087 1.2379e-01    16.5127      5.731      8.312    13.4444 0.0000e+00
      5.846      0.017     3.2076     31.498     66.423  51.097096     0.2574      8.157    35.0485 1.2387e-01    16.4307      5.733      8.314    13.4334 0.0000e+00
      5.850      0.016     3.2166     31.893     66.369  51.084382     0.2486      8.157    34.7299 1.2388e-01    16.4749      5.736      8.319    13.4190 0.0000e+00
      5.854      0.016     3.2319     32.296     66.304  51.059073     0.2575      8.158    34.5675 1.2382e-01    16.5349      5.741      8.328    13.4270 0.0000e+00
      5.857      0.019     3.2481     32.661     66.303  51.045116     0.2817      8.159    34.7206 1.2376e-01    16.5753      5.744      8.331    13.4457 0.0000e+00
      5.860      0.024     3.2811     32.975     66.374  51.042616     0.2834      8.159    34.8604 1.2377e-01    16.5883      5.746      8.333    13.4562 0.0000e+00
      5.864      0.028     3.3243     33.200     66.440  51.028779     0.2607      8.159    34.5369 1.2378e-01    16.5208      5.749      8.339    13.4811 0.0000e+00
      5.873      0.030     3.3655     33.320     66.461  51.004738     0.2406      8.159    34.1646 1.2382e-01    16.5106      5.758      8.351    13.5127 0.0000e+00
      5.885      0.032     3.4035     33.405     66.481  51.005883     0.2312      8.159    34.3167 1.2382e-01    16.6354      5.771      8.371    13.5072 0.0000e+00
      5.897      0.032     3.4424     33.524     66.529  51.042607     0.2388      8.158    34.9994 1.2375e-01    16.7316      5.785      8.391    13.4490 0.0000e+00
      5.905      0.033     3.4728     33.703     66.555  51.067777     0.2658      8.157    35.6220 1.2375e-01    16.8197      5.793      8.402    13.3896 0.0000e+00
      5.909      0.033     3.4829     33.953     66.531  51.056221     0.2673      8.157    35.9070 1.2377e-01    16.8126      5.795      8.405    13.3622 0.0000e+00
      5.914      0.033     3.4898     34.245     66.488  51.029883     0.2478      8.157    36.1228 1.2382e-01    16.7139      5.799      8.410    13.3538 0.0000e+00
      5.922      0.033     3.5015     34.496     66.449  51.003334     0.2463      8.157    36.6832 1.2390e-01    16.6864      5.806      8.421    13.3572 0.0000e+00
      5.935      0.033     3.5193     34.671     66.430  50.989219     0.2582      8.158    37.6059 1.2391e-01    16.6853      5.820      8.441    13.3615 0.0000e+00
      5.947      0.033     3.5448     34.761     66.426  50.986217     0.2756      8.159    38.2451 1.2385e-01    16.7346      5.834      8.461    13.3663 0.0000e+00
      5.956      0.032     3.5804     34.758     66.408  50.967038     0.2730      8.158    38.4747 1.2382e-01    16.8038      5.842      8.472    13.3740 0.0000e+00
      5.961      0.031     3.6070     34.751     66.407  50.947823     0.2432      8.157    38.5758 1.2387e-01    16.8041      5.846      8.478    13.3754 0.0000e+00
      5.966      0.029     3.6238     34.804     66.445  50.944363     0.2236      8.157    38.6069 1.2392e-01    16.8063      5.850      8.485    13.3742 0.0000e+00
      5.972      0.029     3.6377     34.909     66.472  50.925167     0.2430      8.158    38.7639 1.2385e-01    16.8988      5.856      8.494    13.3765 0.0000e+00
      5.980      0.029     3.6301     35.071     66.487  50.906175     0.2783      8.160    39.0983 1.2378e-01    17.1371      5.864      8.504    13.3744 0.0000e+00
      5.990      0.029     3.6286     35.316     66.503  50.905188     0.2767      8.160    39.3805 1.2378e-01    17.4328      5.876      8.520    13.3618 0.0000e+00
      6.000      0.030     3.6379     35.647     66.516  50.913218     0.2477      8.160    39.0787 1.2379e-01    17.5363      5.887      8.538    13.3351 0.0000e+00
      6.006      0.031     3.6512     36.035     66.557  50.939768     0.2360      8.159    38.3737 1.2384e-01    17.5003      5.891      8.545    13.2998 0.0000e+00
      6.010      0.033     3.6693     36.436     66.616  50.972199     0.2521      8.158    38.3424 1.2384e-01    17.5788      5.893      8.547    13.2733 0.0000e+00
      6.016      0.034     3.6943     36.782     66.651  50.987830     0.2759      8.158    38.7861 1.2380e-01    17.6988      5.898      8.554    13.2660 0.0000e+00
      6.027      0.035     3.7314     37.050     66.677  51.001742     0.2815      8.159    38.6623 1.2381e-01    17.7561      5.909      8.571    13.2700 0.0000e+00
      6.040      0.035     3.7720     37.236     66.695  51.013407     0.2705      8.159    38.2228 1.2386e-01    17.7598      5.924      8.592    13.2672 0.0000e+00
      6.052      0.035     3.8200     37.325     66.675  51.001872     0.2518      8.159    38.2899 1.2389e-01    17.6747      5.936      8.610    13.2545 0.0000e+00
      6.061      0.036     3.8566     37.310     66.648  50.989276     0.2471      8.159    38.7854 1.2387e-01    17.6498      5.946      8.623    13.2447 0.0000e+00
      6.065      0.037     3.8847     37.208     66.639  50.988115     0.2629      8.159    39.1366 1.2377e-01    17.7318      5.949      8.628    13.2413 0.0000e+00
      6.070      0.037     3.9059     37.045     66.647  50.987842     0.2767      8.159    39.0088 1.2372e-01    17.7782      5.950      8.631    13.2396 0.0000e+00
      6.080      0.036     3.9145     36.845     66.658  50.985970     0.2712      8.159    38.7031 1.2377e-01    17.7325      5.960      8.645    13.2417 0.0000e+00
      6.095      0.035     3.9124     36.625     66.636  50.965463     0.2472      8.159    38.5376 1.2381e-01    17.7270      5.977      8.669    13.2498 0.0000e+00
      6.110      0.035     3.8991     36.404     66.587  50.930398     0.2443      8.159    38.4715 1.2383e-01    17.9501      5.995      8.693    13.2583 0.0000e+00
      6.119      0.035     3.8825     36.194     66.604  50.942994     0.2613      8.158    38.7637 1.2389e-01    18.2094      6.002      8.705    13.2509 0.0000e+00
      6.121      0.034     3.8614     36.011     66.677  50.990761     0.2698      8.158    39.3163 1.2391e-01    18.2996      6.002      8.706    13.2374 0.0000e+00
      6.124      0.031     3.8381     35.859     66.707  50.999941     0.2634      8.158    39.5609 1.2382e-01    18.3246      6.005      8.708    13.2374 0.0000e+00
      6.133      0.029     3.8140     35.716     66.705  50.990470     0.2428      8.158    39.5712 1.2377e-01    18.3397      6.013      8.721    13.2409 0.0000e+00
      6.146      0.028     3.7916     35.602     66.715  51.003235     0.2281      8.159    40.0432 1.2382e-01    18.3457      6.028      8.743    13.2422 0.0000e+00
      6.156      0.028     3.7719     35.567     66.732  51.027297     0.2276      8.159    41.0513 1.2384e-01    18.4315      6.040      8.759    13.2362 0.0000e+00
      6.161      0.026     3.7593     35.587     66.723  51.027412     0.2451      8.158    41.6934 1.2384e-01    18.4881      6.042      8.763    13.2222 0.0000e+00
      6.165      0.023     3.7446     35.600     66.688  51.004635     0.2566      8.158    41.6977 1.2385e-01    18.3479      6.044      8.766    13.2138 0.0000e+00
      6.170      0.021     3.7278     35.598     66.686  51.005904     0.2417      8.159    41.6198 1.2390e-01    18.1704      6.050      8.775    13.2197 0.0000e+00
      6.175      0.023     3.7252     35.584     66.737  51.042754     0.2316      8.159    41.9559 1.2393e-01    18.1185      6.057      8.785    13.2319 0.0000e+00
      6.180      0.029     3.7306     35.527     66.786  51.069188     0.2508      8.159    42.6642 1.2387e-01    18.2326      6.061      8.791    13.2363 0.0000e+00
      6.185      0.035     3.7315     35.437     66.806  51.071498     0.2824      8.158    43.1283 1.2377e-01    18.4570      6.063      8.794    13.2373 0.0000e+00
      6.192      0.038     3.7292     35.355     66.820  51.070678     0.2887      8.158    43.1788 1.2378e-01    18.5430      6.069      8.803    13.2415 0.0000e+00
      6.207      0.040     3.7313     35.263     66.812  51.059258     0.2772      8.157    43.1896 1.2388e-01    18.5216      6.086      8.828    13.2411 0.0000e+00
      6.225      0.043     3.7253     35.131     66.814  51.060416     0.2682      8.157    43.3441 1.2396e-01    18.6426      6.107      8.859    13.2312 0.0000e+00
      6.237      0.047     3.7133     34.950     66.849  51.084667     0.2630      8.156    43.4989 1.2393e-01    18.8443      6.119      8.876    13.2199 0.0000e+00
      6.242      0.049     3.7081     34.747     66.881  51.098481     0.2725      8.156    43.6851 1.2388e-01    19.0124      6.121      8.878    13.2104 0.0000e+00
      6.249      0.050     3.6992     34.557     66.903  51.100431     0.2837      8.159    44.0471 1.2384e-01    19.0698      6.125      8.884    13.2057 0.0000e+00
      6.264      0.051     3.6861     34.375     66.931  51.108227     0.2821      8.160    44.0031 1.2380e-01    19.1293      6.141      8.907    13.2093 0.0000e+00
