Data/DataNotYetUploadedToEDI/Raw_CTD/RawDownloads/102025_bvr50_S8188001.cnv
* Sea-Bird SBE19plus  Data File:
* FileName = C:\R\Reservoirs\Data\DataNotYetUploadedToEDI\Raw_CTD\RawDownloads\102025_bvr50_S8188_0001.hex
* Software version 2.8.0.119
* Temperature SN = 8188
* Conductivity SN = 8188
* System UpLoad Time = Oct 20 2025 17:08:05
* <ApplicationData>
* <Seaterm232>
# nquan = 16
# nvalues = 1835                        
# units = specified
# name 0 = depFM: Depth [fresh water, m]
# name 1 = dz/dtM: Descent Rate [m/s]
# name 2 = sbeox0Mg/L: Oxygen, SBE 43 [mg/l]
# name 3 = sbeox0PS: Oxygen, SBE 43 [% saturation]
# name 4 = specc: Specific Conductance [uS/cm]
# name 5 = c0uS/cm: Conductivity [uS/cm]
# name 6 = wetCDOM: Fluorescence, WET Labs CDOM [mg/m^3]
# name 7 = flECO-AFL: Fluorescence, WET Labs ECO-AFL/FL [mg/m^3]
# name 8 = flECO-AFL1: Fluorescence, WET Labs ECO-AFL/FL, 2 [mg/m^3]
# name 9 = flECO-AFL2: Fluorescence, WET Labs ECO-AFL/FL, 3 [mg/m^3]
# name 10 = par/sat/log: PAR/Logarithmic, Satlantic
# name 11 = turbWETntu0: Turbidity, WET Labs ECO [NTU]
# name 12 = prdM: Pressure, Strain Gauge [db]
# name 13 = prdE: Pressure, Strain Gauge [psi]
# name 14 = tv290C: Temperature [ITS-90, deg C]
# name 15 = flag:  0.000e+00
# span 0 =     -0.756,      5.478       
# span 1 =     -0.316,      0.205       
# span 2 =    -2.1902,    10.0317       
# span 3 =    -20.830,     99.389       
# span 4 =      0.212,    455.367       
# span 5 =   0.159128, 343.184591       
# span 6 =   -23.4000,    55.0800       
# span 7 =    -0.3113,   245.1606       
# span 8 =    -2.1300,     1.7892       
# span 9 =    -3.7224,     2.0304       
# span 10 = 1.1590e-01, 2.1848e+03      
# span 11 =    -5.9442,   333.5728      
# span 12 =     -0.742,      5.372      
# span 13 =     -1.076,      7.792      
# span 14 =    12.4549,    15.0975      
# span 15 = 0.0000e+00, 0.0000e+00      
# interval = seconds: 0.25
# start_time = Oct 20 2025 10:28:24 [Instrument's time stamp, header]
# bad_flag = -9.990e-29
*END*
[from data line 904]
      0.298     -0.054     5.5206     55.041     53.138  42.615919    45.7200     1.4893     1.3206     0.7191 1.6208e+01    54.1492      0.292      0.423    15.0965 0.0000e+00
      0.284     -0.067     5.5243     55.065     53.153  42.627853    45.7200     1.5122     1.3206     0.7191 1.5361e+01    54.0132      0.278      0.404    15.0965 0.0000e+00
      0.265     -0.081     5.5290     55.067     53.169  42.640715    45.7200     1.5007     1.3206     0.7191 1.5162e+01    54.1189      0.260      0.377    15.0964 0.0000e+00
      0.241     -0.092     5.5339     55.048     53.176  42.645980    45.7200     1.4054     1.3206     0.7191 1.8489e+01    54.3455      0.236      0.343    15.0962 0.0000e+00
      0.212     -0.099     5.5380     55.016     53.156  42.629108    45.7200     1.3710     1.3206     0.6345 2.2797e+01    54.2247      0.208      0.302    15.0960 0.0000e+00
      0.182     -0.104     5.5405     54.980     53.121  42.601544    45.7200     1.4016     1.3206     0.6345 2.4359e+01    54.2096      0.179      0.259    15.0956 0.0000e+00
      0.154     -0.106     5.5407     54.952     53.104  42.587821    45.7200     1.3825     1.3206     0.6345 2.5708e+01    54.3304      0.151      0.219    15.0952 0.0000e+00
      0.129     -0.106     5.5388     54.944     53.109  42.592252    45.7200     1.3901     1.3206     0.6345 2.5887e+01    54.3002      0.126      0.183    15.0949 0.0000e+00
      0.104     -0.106     5.5356     54.959     53.109  42.592103    45.7200     1.4168     1.3206     0.6345 2.4133e+01    54.2700      0.102      0.149    15.0948 0.0000e+00
      0.079     -0.105     5.5320     54.988     53.108  42.591322    45.8100     1.4092     1.2780     0.6345 2.5419e+01    54.3153      0.077      0.112    15.0948 0.0000e+00
      0.051     -0.104     5.5291     55.025     53.131  42.609628    45.8100     1.3901     1.2780     0.6345 3.3280e+01    54.4060      0.050      0.072    15.0949 0.0000e+00
      0.022     -0.102     5.5283     55.071     53.146  42.622010    45.8100     1.3024     1.2780     0.6345 4.0751e+01    54.3758      0.021      0.031    15.0950 0.0000e+00
     -0.006     -0.098     5.5298     55.124     53.131  42.609850    45.8100     1.3100     1.2780     0.6345 4.7497e+01    54.2700     -0.006     -0.008    15.0950 0.0000e+00
     -0.031     -0.093     5.5327     55.174     53.108  42.591825    45.7200     1.3138     1.2780     0.7614 4.5924e+01    54.4060     -0.030     -0.044    15.0950 0.0000e+00
     -0.053     -0.087     5.5364     55.211     53.100  42.585051    45.7200     1.2871     1.2780     0.7614 4.4403e+01    54.2549     -0.052     -0.075    15.0950 0.0000e+00
     -0.073     -0.081     5.5410     55.227     53.108  42.591706    45.7200     1.3825     1.2780     0.7614 5.1608e+01    54.0132     -0.071     -0.103    15.0950 0.0000e+00
     -0.092     -0.075     5.5464     55.223     53.121  42.601608    45.7200     1.3863     1.2780     0.7614 5.3214e+01    54.0585     -0.090     -0.130    15.0951 0.0000e+00
     -0.110     -0.070     5.5515     55.199     53.130  42.609426    45.7200     1.3787     1.3206     0.6345 9.8595e+01    53.9830     -0.108     -0.157    15.0953 0.0000e+00
     -0.128     -0.066     5.5551     55.154     53.135  42.613261    45.7200     1.3710     1.3206     0.6345 9.3707e+01    54.1492     -0.126     -0.183    15.0954 0.0000e+00
     -0.145     -0.060     5.5567     55.089     53.146  42.622105    45.7200     1.3596     1.3206     0.6345 1.0875e+02    54.2247     -0.142     -0.206    15.0955 0.0000e+00
     -0.160     -0.055     5.5563     55.008     53.171  42.642303    45.7200     1.4054     1.3206     0.6345 1.1201e+02    54.3758     -0.157     -0.227    15.0955 0.0000e+00
     -0.173     -0.048     5.5539     54.908     53.187  42.655326    45.8100     1.3863     1.3206     0.6345 1.8272e+02    54.4060     -0.170     -0.246    15.0956 0.0000e+00
     -0.184     -0.041     5.5493     54.790     53.184  42.652691    45.8100     1.3596     1.3206     0.6345 1.2529e+03    54.3153     -0.181     -0.262    15.0956 0.0000e+00
     -0.194     -0.035     5.5428     54.671     53.170  42.641667    45.8100     1.3825     1.3206     0.6345 1.1624e+03    54.1038     -0.190     -0.276    15.0957 0.0000e+00
     -0.202     -0.028     5.5347     54.572     53.147  42.623300    45.8100     1.3787     1.3206     0.6345 1.0564e+03    54.0887     -0.198     -0.288    15.0957 0.0000e+00
     -0.208     -0.022     5.5246     54.513     53.129  42.608634    45.8100     1.3825     1.3206     0.6345 1.1137e+03    54.0585     -0.204     -0.296    15.0956 0.0000e+00
     -0.212     -0.017     5.5128     54.504     53.136  42.613686    45.8100     1.4016     1.3206     0.6768 1.1330e+03    54.1189     -0.209     -0.302    15.0956 0.0000e+00
     -0.215     -0.013     5.5008     54.550     53.143  42.619875    45.8100     1.4092     1.3206     0.6768 1.0263e+03    54.3002     -0.211     -0.306    15.0956 0.0000e+00
     -0.217     -0.010     5.4909     54.636     53.125  42.604938    45.8100     1.3939     1.3206     0.6768 1.0384e+03    54.2549     -0.213     -0.308    15.0955 0.0000e+00
     -0.218     -0.010     5.4849     54.741     53.104  42.588805    45.8100     1.3863     1.3206     0.6768 1.0675e+03    54.2851     -0.214     -0.311    15.0954 0.0000e+00
     -0.220     -0.011     5.4841     54.839     53.102  42.587103    45.8100     1.3901     1.3206     0.6768 1.0283e+03    54.2398     -0.216     -0.313    15.0954 0.0000e+00
     -0.222     -0.014     5.4886     54.913     53.107  42.591406    45.8100     1.3825     1.3206     0.6768 1.0277e+03    54.3758     -0.218     -0.317    15.0955 0.0000e+00
     -0.226     -0.019     5.4974     54.956     53.112  42.594890    45.8100     1.3825     1.3206     0.6768 5.9770e+02    54.3909     -0.221     -0.321    15.0955 0.0000e+00
     -0.230     -0.025     5.5079     54.966     53.111  42.594499    45.8100     1.4016     1.3206     0.6768 1.5934e+02    54.2851     -0.226     -0.328    15.0956 0.0000e+00
     -0.237     -0.031     5.5177     54.953     53.106  42.590130    45.7200     1.4016     1.3206     0.6345 1.4661e+02    54.2549     -0.232     -0.338    15.0957 0.0000e+00
     -0.246     -0.036     5.5251     54.933     53.084  42.572644    45.7200     1.3901     1.3206     0.6345 8.8207e+02    54.2398     -0.241     -0.351    15.0957 0.0000e+00
     -0.258     -0.040     5.5295     54.914     53.051  42.545351    45.7200     1.3787     1.3206     0.6345 1.0121e+03    54.2549     -0.253     -0.367    15.0958 0.0000e+00
     -0.270     -0.041     5.5305     54.898     53.025  42.524887    45.7200     1.3863     1.3206     0.6345 1.0378e+03    54.3002     -0.265     -0.385    15.0958 0.0000e+00
     -0.282     -0.040     5.5291     54.878     53.012  42.513766    45.8100     1.3825     1.2780     0.6768 1.1014e+03    54.3909     -0.277     -0.402    15.0956 0.0000e+00
     -0.293     -0.036     5.5271     54.852     53.011  42.513007    45.8100     1.4588     1.2780     0.6768 1.0841e+03    54.2096     -0.287     -0.417    15.0955 0.0000e+00
     -0.302     -0.031     5.5253     54.827     53.027  42.526395    45.8100     1.4664     1.2780     0.6768 1.0141e+03    54.2851     -0.296     -0.430    15.0953 0.0000e+00
     -0.309     -0.026     5.5237     54.807     53.061  42.553512    45.8100     1.4550     1.2780     0.6768 1.0527e+03    54.2398     -0.303     -0.440    15.0952 0.0000e+00
     -0.314     -0.021     5.5217     54.777     53.111  42.593620    45.8100     1.4359     1.2780     0.6768 1.0505e+03    54.3455     -0.308     -0.447    15.0951 0.0000e+00
     -0.318     -0.017     5.5191     54.729     53.161  42.633500    45.8100     1.5236     1.3206     0.6345 1.0348e+03    54.1492     -0.312     -0.452    15.0950 0.0000e+00
     -0.321     -0.014     5.5166     54.664     53.183  42.651902    45.8100     1.5274     1.3206     0.6345 1.0470e+03    54.0736     -0.315     -0.457    15.0950 0.0000e+00
     -0.324     -0.011     5.5145     54.591     53.171  42.641775    45.8100     1.5007     1.3206     0.6345 1.0661e+03    54.0736     -0.318     -0.461    15.0950 0.0000e+00
     -0.327     -0.010     5.5116     54.519     53.124  42.604406    45.8100     1.4893     1.3206     0.6345 1.0537e+03    54.1189     -0.321     -0.465    15.0951 0.0000e+00
     -0.329     -0.008     5.5067     54.451     53.076  42.565700    45.8100     1.5580     1.2780     0.6345 1.0573e+03    54.1038     -0.323     -0.468    15.0951 0.0000e+00
     -0.331     -0.007     5.5001     54.389     53.073  42.563161    45.8100     1.5732     1.2780     0.6345 1.0500e+03    54.1794     -0.325     -0.471    15.0952 0.0000e+00
     -0.333     -0.007     5.4928     54.346     53.104  42.588142    45.8100     1.5770     1.2780     0.6345 1.0380e+03    54.0434     -0.326     -0.473    15.0952 0.0000e+00
     -0.334     -0.007     5.4856     54.335     53.128  42.607449    45.8100     1.5808     1.2780     0.6345 1.0335e+03    54.0132     -0.327     -0.475    15.0951 0.0000e+00
     -0.335     -0.007     5.4787     54.358     53.137  42.614274    45.8100     1.5580     1.3632     0.5922 1.0441e+03    54.0736     -0.329     -0.477    15.0951 0.0000e+00
     -0.337     -0.009     5.4724     54.417     53.125  42.604457    45.8100     1.5808     1.3632     0.5922 1.0163e+03    54.1038     -0.330     -0.480    15.0951 0.0000e+00
     -0.340     -0.010     5.4681     54.510     53.096  42.581359    45.8100     1.5427     1.3632     0.5922 9.6426e+02    54.0434     -0.333     -0.483    15.0950 0.0000e+00
     -0.342     -0.012     5.4670     54.616     53.080  42.568713    45.8100     1.5656     1.3632     0.5922 9.9211e+02    54.0887     -0.335     -0.487    15.0950 0.0000e+00
     -0.345     -0.014     5.4693     54.716     53.071  42.561155    45.8100     1.4359     1.3632     0.5922 1.0493e+03    54.2247     -0.338     -0.491    15.0950 0.0000e+00
     -0.349     -0.016     5.4753     54.794     53.045  42.540725    45.8100     1.4588     1.3206     0.7614 1.0185e+03    54.3002     -0.342     -0.497    15.0949 0.0000e+00
     -0.354     -0.017     5.4847     54.839     53.007  42.509948    45.8100     1.4321     1.3206     0.7614 9.7268e+02    54.2700     -0.347     -0.503    15.0949 0.0000e+00
     -0.359     -0.018     5.4954     54.845     52.975  42.484529    45.8100     1.4283     1.3206     0.7614 1.0113e+03    54.3304     -0.352     -0.510    15.0948 0.0000e+00
     -0.364     -0.019     5.5054     54.819     52.967  42.477619    45.8100     1.6381     1.3206     0.7614 1.0393e+03    54.1643     -0.357     -0.518    15.0948 0.0000e+00
     -0.370     -0.018     5.5132     54.771     52.979  42.487375    45.8100     1.6304     1.3206     0.6768 1.0099e+03    54.1189     -0.362     -0.526    15.0948 0.0000e+00
     -0.375     -0.016     5.5178     54.708     53.010  42.512412    45.8100     1.6571     1.3206     0.6768 1.0223e+03    53.9226     -0.367     -0.533    15.0948 0.0000e+00
     -0.379     -0.014     5.5184     54.639     53.059  42.551437    45.8100     1.6571     1.3206     0.6768 1.0557e+03    54.0132     -0.371     -0.539    15.0948 0.0000e+00
     -0.382     -0.011     5.5158     54.569     53.108  42.590942    45.8100     1.6228     1.3206     0.6768 1.0782e+03    54.0434     -0.374     -0.543    15.0948 0.0000e+00
     -0.384     -0.008     5.5109     54.507     53.132  42.609576    45.8100     1.5465     1.2780     0.8037 1.0693e+03    54.2700     -0.376     -0.546    15.0947 0.0000e+00
     -0.386     -0.006     5.5046     54.465     53.125  42.604338    45.8100     1.5961     1.2780     0.8037 1.0791e+03    54.2851     -0.378     -0.548    15.0947 0.0000e+00
     -0.386     -0.004     5.4977     54.442     53.112  42.593759    45.8100     1.5580     1.2780     0.8037 1.0890e+03    54.3455     -0.379     -0.550    15.0946 0.0000e+00
     -0.387     -0.002     5.4907     54.439     53.104  42.586975    45.8100     1.5694     1.2780     0.8037 1.0601e+03    54.2247     -0.379     -0.550    15.0946 0.0000e+00
     -0.387     -0.001     5.4845     54.459     53.113  42.594134    45.8100     1.5732     1.2780     0.5076 1.0938e+03    54.3455     -0.379     -0.551    15.0945 0.0000e+00
     -0.387     -0.000     5.4802     54.507     53.141  42.617144    45.8100     1.5541     1.2780     0.5076 1.0705e+03    54.2549     -0.380     -0.551    15.0945 0.0000e+00
     -0.387      0.000     5.4779     54.580     53.158  42.630257    45.8100     1.5656     1.2780     0.5076 1.0523e+03    54.4211     -0.380     -0.551    15.0945 0.0000e+00
     -0.387      0.000     5.4776     54.669     53.156  42.628998    45.8100     1.5503     1.2780     0.5076 1.0509e+03    54.3304     -0.379     -0.551    15.0945 0.0000e+00
     -0.387     -0.000     5.4796     54.764     53.146  42.621003    45.8100     1.4359     1.2780     0.5076 1.0803e+03    54.1189     -0.379     -0.550    15.0945 0.0000e+00
     -0.387     -0.001     5.4844     54.863     53.125  42.604139    45.7200     1.4244     1.3206     0.8460 1.0907e+03    53.9981     -0.379     -0.550    15.0945 0.0000e+00
     -0.387     -0.002     5.4917     54.956     53.112  42.593839    45.7200     1.4626     1.3206     0.8460 1.0893e+03    54.0887     -0.379     -0.551    15.0945 0.0000e+00
     -0.387     -0.002     5.5006     55.030     53.124  42.603296    45.7200     1.4550     1.3206     0.8460 1.0728e+03    54.0887     -0.380     -0.551    15.0945 0.0000e+00
     -0.388     -0.003     5.5103     55.079     53.153  42.627064    45.7200     1.5427     1.3206     0.8460 1.0703e+03    54.0434     -0.381     -0.553    15.0946 0.0000e+00
     -0.389     -0.003     5.5202     55.108     53.179  42.647564    45.8100     1.4855     1.3206     0.7191 1.0924e+03    54.0132     -0.382     -0.554    15.0946 0.0000e+00
     -0.390     -0.003     5.5296     55.116     53.182  42.650337    45.8100     1.4931     1.3206     0.7191 1.0677e+03    53.9528     -0.382     -0.555    15.0946 0.0000e+00
     -0.391     -0.003     5.5370     55.106     53.164  42.636122    45.8100     1.5236     1.3206     0.7191 1.0710e+03    54.0434     -0.383     -0.556    15.0947 0.0000e+00
     -0.392     -0.003     5.5419     55.082     53.141  42.617071    45.8100     1.5580     1.3206     0.7191 1.0919e+03    53.9528     -0.384     -0.557    15.0947 0.0000e+00
     -0.392     -0.003     5.5449     55.045     53.129  42.608030    45.8100     1.5503     1.3206     0.6345 1.0888e+03    54.1189     -0.385     -0.558    15.0947 0.0000e+00
     -0.393     -0.003     5.5457     55.003     53.137  42.614562    45.8100     1.5961     1.3206     0.6345 1.0710e+03    54.0434     -0.385     -0.559    15.0947 0.0000e+00
     -0.393     -0.003     5.5446     54.962     53.152  42.626451    45.8100     1.5503     1.3206     0.6345 1.0523e+03    53.9981     -0.385     -0.559    15.0947 0.0000e+00
     -0.394     -0.003     5.5422     54.922     53.163  42.634909    45.8100     1.5732     1.3206     0.6345 1.0966e+03    54.0434     -0.386     -0.560    15.0947 0.0000e+00
     -0.395     -0.004     5.5386     54.882     53.177  42.646179    45.8100     1.5694     1.2780     0.5499 1.0756e+03    53.9830     -0.387     -0.561    15.0947 0.0000e+00
     -0.396     -0.004     5.5343     54.844     53.189  42.655295    45.8100     1.5656     1.2780     0.5499 1.0789e+03    54.0887     -0.388     -0.563    15.0947 0.0000e+00
     -0.397     -0.004     5.5302     54.809     53.176  42.644759    45.8100     1.5656     1.2780     0.5499 1.0919e+03    54.1038     -0.389     -0.565    15.0946 0.0000e+00
     -0.398     -0.004     5.5262     54.778     53.145  42.619732    45.8100     1.5503     1.2780     0.5499 1.1007e+03    54.0132     -0.391     -0.567    15.0945 0.0000e+00
     -0.399     -0.003     5.5222     54.751     53.122  42.601441    45.8100     1.5656     1.2780     0.5499 1.0633e+03    54.1189     -0.392     -0.568    15.0944 0.0000e+00
