Data/DataNotYetUploadedToEDI/Raw_CTD/RawDownloads/102025_bvr50_S8188001.cnv
* Sea-Bird SBE19plus  Data File:
* FileName = C:\R\Reservoirs\Data\DataNotYetUploadedToEDI\Raw_CTD\RawDownloads\102025_bvr50_S8188_0001.hex
* Software version 2.8.0.119
* Temperature SN = 8188
* Conductivity SN = 8188
* System UpLoad Time = Oct 20 2025 17:08:05
* <ApplicationData>
* <Seaterm232>
# nquan = 16
# nvalues = 1835                        
# units = specified
# name 0 = depFM: Depth [fresh water, m]
# name 1 = dz/dtM: Descent Rate [m/s]
# name 2 = sbeox0Mg/L: Oxygen, SBE 43 [mg/l]
# name 3 = sbeox0PS: Oxygen, SBE 43 [% saturation]
# name 4 = specc: Specific Conductance [uS/cm]
# name 5 = c0uS/cm: Conductivity [uS/cm]
# name 6 = wetCDOM: Fluorescence, WET Labs CDOM [mg/m^3]
# name 7 = flECO-AFL: Fluorescence, WET Labs ECO-AFL/FL [mg/m^3]
# name 8 = flECO-AFL1: Fluorescence, WET Labs ECO-AFL/FL, 2 [mg/m^3]
# name 9 = flECO-AFL2: Fluorescence, WET Labs ECO-AFL/FL, 3 [mg/m^3]
# name 10 = par/sat/log: PAR/Logarithmic, Satlantic
# name 11 = turbWETntu0: Turbidity, WET Labs ECO [NTU]
# name 12 = prdM: Pressure, Strain Gauge [db]
# name 13 = prdE: Pressure, Strain Gauge [psi]
# name 14 = tv290C: Temperature [ITS-90, deg C]
# name 15 = flag:  0.000e+00
# span 0 =     -0.756,      5.478       
# span 1 =     -0.316,      0.205       
# span 2 =    -2.1902,    10.0317       
# span 3 =    -20.830,     99.389       
# span 4 =      0.212,    455.367       
# span 5 =   0.159128, 343.184591       
# span 6 =   -23.4000,    55.0800       
# span 7 =    -0.3113,   245.1606       
# span 8 =    -2.1300,     1.7892       
# span 9 =    -3.7224,     2.0304       
# span 10 = 1.1590e-01, 2.1848e+03      
# span 11 =    -5.9442,   333.5728      
# span 12 =     -0.742,      5.372      
# span 13 =     -1.076,      7.792      
# span 14 =    12.4549,    15.0975      
# span 15 = 0.0000e+00, 0.0000e+00      
# interval = seconds: 0.25
# start_time = Oct 20 2025 10:28:24 [Instrument's time stamp, header]
# bad_flag = -9.990e-29
*END*
[from data line 1537]
      4.276      0.037     5.5865     55.625     52.905  42.422463    45.9900     1.9509     1.2780     0.5922 1.1605e-01    53.8621      4.194      6.083    15.0897 0.0000e+00
      4.286      0.037     5.5878     55.653     52.885  42.406700    45.9900     1.9852     1.2780     0.5922 1.1625e-01    54.2851      4.203      6.096    15.0897 0.0000e+00
      4.295      0.037     5.5909     55.683     52.868  42.392672    45.9900     1.9700     1.2780     0.5922 1.1612e-01    54.3758      4.212      6.109    15.0896 0.0000e+00
      4.305      0.037     5.5945     55.712     52.848  42.376637    45.9900     2.0234     1.3206     0.7191 1.1612e-01    54.3606      4.222      6.123    15.0896 0.0000e+00
      4.314      0.036     5.5975     55.727     52.832  42.364284    45.9900     1.9928     1.3206     0.7191 1.1615e-01    54.2549      4.231      6.137    15.0896 0.0000e+00
      4.324      0.036     5.6003     55.724     52.830  42.362283    45.9900     1.8631     1.3206     0.7191 1.1638e-01    53.6053      4.240      6.150    15.0896 0.0000e+00
      4.333      0.035     5.6033     55.709     52.837  42.368106    45.9900     1.8784     1.3206     0.7191 1.1628e-01    53.6204      4.249      6.163    15.0896 0.0000e+00
      4.342      0.035     5.6062     55.693     52.854  42.381314    45.9900     1.8784     1.3206     0.6768 1.1605e-01    53.5449      4.258      6.175    15.0896 0.0000e+00
      4.350      0.035     5.6078     55.680     52.884  42.405429    45.9900     1.8937     1.3206     0.6768 1.1602e-01    53.5902      4.266      6.187    15.0896 0.0000e+00
      4.359      0.035     5.6075     55.666     52.926  42.438910    45.9900     1.8670     1.3206     0.6768 1.1605e-01    53.4845      4.275      6.200    15.0895 0.0000e+00
      4.368      0.036     5.6060     55.652     52.951  42.458802    45.9900     1.8822     1.3206     0.6768 1.1628e-01    53.5147      4.283      6.212    15.0895 0.0000e+00
      4.377      0.037     5.6044     55.642     52.936  42.446495    45.9900     1.8975     1.3206     0.6768 1.1615e-01    53.5902      4.292      6.226    15.0894 0.0000e+00
      4.387      0.038     5.6030     55.637     52.896  42.414649    45.9000     1.8746     1.2780     0.6345 1.1610e-01    53.5298      4.302      6.239    15.0893 0.0000e+00
      4.397      0.039     5.6017     55.634     52.859  42.384665    45.9000     1.9013     1.2780     0.6345 1.1612e-01    53.9830      4.312      6.254    15.0891 0.0000e+00
      4.407      0.039     5.6003     55.628     52.854  42.380430    45.9000     1.8860     1.2780     0.6345 1.1617e-01    54.1643      4.322      6.268    15.0890 0.0000e+00
      4.417      0.040     5.5993     55.620     52.874  42.396830    45.9000     1.8670     1.2780     0.6345 1.1630e-01    54.0434      4.332      6.283    15.0888 0.0000e+00
      4.427      0.040     5.5989     55.612     52.881  42.402369    45.9900     1.8670     1.3206     0.5922 1.1623e-01    54.0887      4.342      6.297    15.0887 0.0000e+00
      4.437      0.041     5.5986     55.604     52.891  42.410479    45.9900     2.0844     1.3206     0.5922 1.1607e-01    54.1189      4.351      6.311    15.0886 0.0000e+00
      4.448      0.041     5.5980     55.595     52.920  42.433288    45.9900     2.0806     1.3206     0.5922 1.1638e-01    54.0887      4.362      6.326    15.0885 0.0000e+00
      4.458      0.043     5.5972     55.585     52.942  42.450972    45.9900     2.0577     1.3206     0.5922 1.1628e-01    53.9830      4.372      6.341    15.0884 0.0000e+00
      4.469      0.044     5.5963     55.575     52.956  42.462267    45.9900     2.0882     1.3206     0.6345 1.1617e-01    53.9830      4.383      6.356    15.0884 0.0000e+00
      4.480      0.045     5.5955     55.563     52.966  42.470187    45.9900     1.9013     1.3206     0.6345 1.1605e-01    54.1340      4.394      6.372    15.0884 0.0000e+00
      4.492      0.046     5.5947     55.545     52.974  42.476843    45.9900     1.8746     1.3206     0.6345 1.1605e-01    54.0887      4.405      6.389    15.0883 0.0000e+00
      4.504      0.046     5.5937     55.523     52.974  42.476038    45.9900     1.8746     1.3206     0.6345 1.1620e-01    54.0132      4.417      6.406    15.0883 0.0000e+00
      4.516      0.047     5.5927     55.499     52.959  42.463572    45.9900     1.8746     1.2780     0.5499 1.1605e-01    53.9377      4.429      6.424    15.0882 0.0000e+00
      4.529      0.047     5.5914     55.480     52.930  42.440108    45.9900     1.9432     1.2780     0.5499 1.1607e-01    54.1794      4.441      6.441    15.0881 0.0000e+00
      4.540      0.046     5.5897     55.470     52.891  42.409350    45.9900     1.9471     1.2780     0.5499 1.1607e-01    53.9679      4.453      6.458    15.0879 0.0000e+00
      4.552      0.046     5.5874     55.469     52.881  42.400961    45.9900     1.9623     1.2780     0.5499 1.1623e-01    54.0585      4.464      6.474    15.0878 0.0000e+00
      4.564      0.046     5.5850     55.481     52.913  42.426653    45.9900     1.9432     1.2780     0.5499 1.1617e-01    54.1492      4.475      6.491    15.0877 0.0000e+00
      4.575      0.046     5.5832     55.509     52.954  42.459399    46.0800     1.9967     1.3206     0.5076 1.1617e-01    54.1038      4.487      6.507    15.0876 0.0000e+00
      4.587      0.045     5.5822     55.548     52.965  42.468077    46.0800     2.0234     1.3206     0.5076 1.1610e-01    54.1794      4.498      6.524    15.0875 0.0000e+00
      4.598      0.045     5.5821     55.589     52.949  42.454999    46.0800     1.9890     1.3206     0.5076 1.1617e-01    53.9830      4.509      6.540    15.0873 0.0000e+00
      4.610      0.045     5.5833     55.624     52.941  42.448565    46.0800     2.0005     1.3206     0.5076 1.1610e-01    54.0887      4.521      6.557    15.0872 0.0000e+00
      4.622      0.045     5.5862     55.653     52.954  42.459013    46.0800     1.6838     1.2780     0.6768 1.1630e-01    53.9830      4.532      6.573    15.0870 0.0000e+00
      4.633      0.044     5.5902     55.673     52.962  42.465218    46.0800     1.6953     1.2780     0.6768 1.1628e-01    53.9830      4.543      6.589    15.0868 0.0000e+00
      4.644      0.044     5.5943     55.681     52.942  42.448905    46.0800     1.6991     1.2780     0.6768 1.1600e-01    54.0585      4.554      6.605    15.0867 0.0000e+00
      4.655      0.043     5.5979     55.677     52.908  42.421668    46.0800     1.6953     1.2780     0.6768 1.1610e-01    54.1189      4.565      6.621    15.0865 0.0000e+00
      4.666      0.043     5.6007     55.660     52.881  42.400155    45.9900     1.6571     1.3206     0.5499 1.1625e-01    53.8168      4.575      6.636    15.0865 0.0000e+00
      4.677      0.042     5.6027     55.635     52.871  42.392580    45.9900     1.6228     1.3206     0.5499 1.1610e-01    53.8168      4.586      6.652    15.0866 0.0000e+00
      4.688      0.042     5.6035     55.606     52.869  42.390945    45.9900     1.6304     1.3206     0.5499 1.1620e-01    53.8621      4.597      6.668    15.0866 0.0000e+00
      4.698      0.041     5.6030     55.574     52.856  42.380863    45.9900     1.6495     1.3206     0.5499 1.1617e-01    53.8923      4.607      6.682    15.0867 0.0000e+00
      4.708      0.040     5.6013     55.548     52.850  42.375590    45.9900     1.7067     1.3206     0.5499 1.1623e-01    53.6053      4.617      6.697    15.0868 0.0000e+00
      4.718      0.040     5.5989     55.538     52.865  42.387668    45.9900     1.6877     1.2780     0.7614 1.1612e-01    53.4694      4.627      6.711    15.0869 0.0000e+00
      4.728      0.039     5.5959     55.542     52.878  42.398397    45.9900     1.6953     1.2780     0.7614 1.1605e-01    53.6355      4.637      6.725    15.0870 0.0000e+00
      4.738      0.040     5.5927     55.552     52.878  42.398682    45.9900     1.6953     1.2780     0.7614 1.1623e-01    53.5902      4.646      6.739    15.0870 0.0000e+00
      4.748      0.041     5.5901     55.568     52.896  42.412513    45.9900     1.7525     1.2780     0.7614 1.1605e-01    53.5147      4.656      6.754    15.0871 0.0000e+00
      4.759      0.042     5.5891     55.589     52.924  42.435605    45.9900     1.7678     1.2780     0.6345 1.1605e-01    53.5751      4.667      6.769    15.0871 0.0000e+00
      4.769      0.043     5.5894     55.619     52.933  42.442233    45.9900     1.7563     1.2780     0.6345 1.1607e-01    53.5902      4.677      6.784    15.0872 0.0000e+00
      4.781      0.044     5.5905     55.657     52.940  42.448113    45.9900     1.7792     1.2780     0.6345 1.1630e-01    53.4845      4.688      6.800    15.0872 0.0000e+00
      4.792      0.045     5.5921     55.694     52.973  42.474741    45.9900     1.7373     1.2780     0.6345 1.1592e-01    53.7413      4.699      6.816    15.0872 0.0000e+00
      4.803      0.046     5.5942     55.717     53.012  42.505306    45.9900     1.7563     1.3206     0.6768 1.1605e-01    53.5298      4.710      6.832    15.0872 0.0000e+00
      4.815      0.048     5.5972     55.725     53.015  42.508100    45.9900     1.7525     1.3206     0.6768 1.1628e-01    53.5147      4.722      6.849    15.0872 0.0000e+00
      4.827      0.050     5.6011     55.722     52.990  42.487855    45.9900     1.7487     1.3206     0.6768 1.1623e-01    53.5751      4.734      6.866    15.0872 0.0000e+00
      4.840      0.052     5.6047     55.711     52.982  42.481021    45.9900     1.7449     1.3206     0.6768 1.1612e-01    53.7413      4.746      6.884    15.0871 0.0000e+00
      4.854      0.053     5.6071     55.692     53.005  42.499725    45.9900     1.7449     1.2780     0.6345 1.1625e-01    53.8017      4.760      6.904    15.0870 0.0000e+00
      4.868      0.055     5.6079     55.664     53.035  42.523049    45.9900     1.7792     1.2780     0.6345 1.1617e-01    53.8319      4.774      6.924    15.0868 0.0000e+00
      4.883      0.056     5.6076     55.630     53.035  42.523333    45.9900     1.7754     1.2780     0.6345 1.1612e-01    53.8621      4.788      6.945    15.0867 0.0000e+00
      4.897      0.057     5.6065     55.593     53.007  42.500655    45.9900     1.7830     1.2780     0.6345 1.1623e-01    53.6960      4.803      6.966    15.0865 0.0000e+00
      4.912      0.058     5.6046     55.558     53.003  42.496794    45.9900     1.7487     1.2780     0.6345 1.1592e-01    53.5600      4.817      6.987    15.0864 0.0000e+00
      4.927      0.058     5.6019     55.528     53.027  42.514706    45.9900     1.7563     1.3206     0.6345 1.1615e-01    53.6053      4.832      7.007    15.0863 0.0000e+00
      4.942      0.058     5.5985     55.505     53.039  42.523296    45.9900     1.7373     1.3206     0.6345 1.1600e-01    53.5147      4.846      7.028    15.0861 0.0000e+00
      4.957      0.058     5.5948     55.489     53.042  42.524857    45.9900     1.7525     1.3206     0.6345 1.1625e-01    53.5147      4.861      7.050    15.0858 0.0000e+00
      4.972      0.057     5.5913     55.476     53.038  42.519803    45.9900     1.8364     1.3206     0.6345 1.1615e-01    54.1492      4.876      7.071    15.0853 0.0000e+00
      4.986      0.055     5.5883     55.463     53.018  42.502801    45.9900     1.8097     1.2780     0.5499 1.1643e-01    53.9679      4.890      7.092    15.0845 0.0000e+00
      5.000      0.052     5.5862     55.444     52.992  42.481275    45.9900     1.7945     1.2780     0.5499 1.1612e-01    53.9226      4.904      7.113    15.0834 0.0000e+00
      5.014      0.049     5.5847     55.422     52.978  42.469411    45.9900     1.8021     1.2780     0.5499 1.1615e-01    54.0585      4.917      7.132    15.0821 0.0000e+00
      5.026      0.045     5.5836     55.397     52.987  42.476004    45.9900     1.8937     1.2780     0.5499 1.1605e-01    53.5147      4.929      7.149    15.0809 0.0000e+00
      5.037      0.041     5.5824     55.373     53.000  42.486868    45.9900     1.8822     1.2780     0.5922 1.1612e-01    53.5298      4.940      7.164    15.0798 0.0000e+00
      5.047      0.037     5.5806     55.354     53.003  42.488959    45.9900     1.8784     1.2780     0.5922 1.1617e-01    53.6204      4.949      7.178    15.0791 0.0000e+00
      5.056      0.034     5.5784     55.347     53.005  42.490806    45.9900     1.8555     1.2780     0.5922 1.1625e-01    53.5298      4.958      7.190    15.0786 0.0000e+00
      5.064      0.031     5.5760     55.351     53.003  42.488915    45.9900     1.9432     1.2780     0.5922 1.1605e-01    53.3183      4.966      7.202    15.0784 0.0000e+00
      5.071      0.028     5.5735     55.363     53.002  42.488760    45.9900     1.9165     1.2780     0.5922 1.1617e-01    53.2428      4.973      7.212    15.0782 0.0000e+00
      5.078      0.026     5.5716     55.382     53.036  42.516207    45.9900     1.9509     1.2780     0.5922 1.1615e-01    53.3183      4.980      7.222    15.0782 0.0000e+00
      5.084      0.024     5.5709     55.399     53.091  42.560639    45.9900     1.9471     1.2780     0.5922 1.1607e-01    53.2730      4.986      7.231    15.0782 0.0000e+00
      5.090      0.022     5.5713     55.410     53.123  42.586078    45.9900     1.9394     1.2780     0.5922 1.1617e-01    53.5902      4.992      7.240    15.0782 0.0000e+00
      5.095      0.021     5.5725     55.414     53.128  42.589342    45.9900     1.9356     1.2780     0.5922 1.1617e-01    53.5298      4.997      7.247    15.0783 0.0000e+00
      5.100      0.020     5.5744     55.412     53.148  42.605181    45.9900     1.9509     1.2780     0.6345 1.1617e-01    53.5902      5.002      7.254    15.0785 0.0000e+00
      5.105      0.019     5.5761     55.396     53.186  42.635826    45.9900     1.9432     1.2780     0.6345 1.1615e-01    53.4845      5.007      7.262    15.0787 0.0000e+00
      5.110      0.019     5.5771     55.365     53.203  42.649591    45.9900     1.8479     1.2780     0.6345 1.1625e-01    53.5147      5.012      7.269    15.0787 0.0000e+00
      5.115      0.018     5.5776     55.329     53.194  42.642176    45.9900     1.8670     1.2780     0.6345 1.1597e-01    53.4996      5.016      7.275    15.0785 0.0000e+00
      5.119      0.018     5.5774     55.291     53.181  42.631532    45.9900     1.8860     1.3206     0.6345 1.1633e-01    53.5298      5.020      7.281    15.0783 0.0000e+00
      5.124      0.018     5.5758     55.251     53.179  42.630765    45.9900     1.8746     1.3206     0.6345 1.1623e-01    53.5298      5.025      7.288    15.0781 0.0000e+00
      5.128      0.019     5.5728     55.208     53.180  42.631697    45.9900     1.5732     1.3206     0.6345 1.1617e-01    53.2730      5.029      7.294    15.0780 0.0000e+00
      5.133      0.020     5.5691     55.166     53.174  42.626605    45.9900     1.5541     1.3206     0.6345 1.1612e-01    53.3183      5.034      7.301    15.0781 0.0000e+00
      5.138      0.022     5.5652     55.133     53.168  42.622105    45.9900     1.5732     1.3206     0.6345 1.1638e-01    53.2881      5.039      7.308    15.0783 0.0000e+00
      5.143      0.024     5.5611     55.118     53.167  42.620981    45.9900     1.5427     1.3206     0.6345 1.1610e-01    53.2730      5.044      7.316    15.0786 0.0000e+00
      5.150      0.025     5.5568     55.122     53.180  42.630904    45.9900     1.5656     1.3206     0.6345 1.1617e-01    53.1521      5.050      7.325    15.0790 0.0000e+00
      5.157      0.027     5.5525     55.138     53.226  42.666478    45.9900     1.5847     1.3206     0.6345 1.1610e-01    53.1370      5.057      7.335    15.0792 0.0000e+00
      5.164      0.028     5.5492     55.162     53.317  42.737188    45.9900     1.5694     1.3206     0.6345 1.1630e-01    53.1823      5.064      7.345    15.0794 0.0000e+00
      5.171      0.028     5.5477     55.193     53.477  42.861892    45.9900     1.5503     1.3206     0.5922 1.1630e-01    53.1370      5.072      7.356    15.0795 0.0000e+00
