Data/DataNotYetUploadedToEDI/Raw_CTD/RawDownloads/102025_fcr50_S7809007.cnv
* Sea-Bird SBE19plus  Data File:
* FileName = C:\R\Reservoirs\Data\DataNotYetUploadedToEDI\Raw_CTD\RawDownloads\102025_fcr50_S7809_0007.hex
* Software version 2.8.0.119
* Temperature SN = 7809
* Conductivity SN = 7809
* System UpLoad Time = Oct 20 2025 17:25:05
* <ApplicationData>
* <Seaterm232>
# nquan = 15
# nvalues = 1630                        
# units = specified
# name 0 = depFM: Depth [fresh water, m]
# name 1 = dz/dtM: Descent Rate [m/s]
# name 2 = sbeox0Mg/L: Oxygen, SBE 43 [mg/l]
# name 3 = sbeox0PS: Oxygen, SBE 43 [% saturation]
# name 4 = specc: Specific Conductance [uS/cm]
# name 5 = c0uS/cm: Conductivity [uS/cm]
# name 6 = flECO-AFL: Fluorescence, WET Labs ECO-AFL/FL [mg/m^3]
# name 7 = ph: pH
# name 8 = orp: Oxidation Reduction Potential [mV]
# name 9 = par/sat/log: PAR/Logarithmic, Satlantic
# name 10 = turbWETntu0: Turbidity, WET Labs ECO [NTU]
# name 11 = prdM: Pressure, Strain Gauge [db]
# name 12 = prdE: Pressure, Strain Gauge [psi]
# name 13 = tv290C: Temperature [ITS-90, deg C]
# name 14 = flag:  0.000e+00
# span 0 =     -0.637,      9.180       
# span 1 =     -0.138,      0.529       
# span 2 =     0.5177,     9.4091       
# span 3 =      4.938,     95.773       
# span 4 =      0.757,     79.057       
# span 5 =   0.648082,  60.067616       
# span 6 =    -0.0674,     2.1574       
# span 7 =     -0.189,     11.841       
# span 8 = -1240.7455,  1231.8710       
# span 9 = 1.2364e-01, 2.1180e+03       
# span 10 =     0.5663,    88.1575      
# span 11 =     -0.625,      9.003      
# span 12 =     -0.906,     13.058      
# span 13 =    12.9644,    17.8384      
# span 14 = 0.0000e+00, 0.0000e+00      
# interval = seconds: 0.25
# start_time = Oct 20 2025 12:37:58 [Instrument's time stamp, header]
# bad_flag = -9.990e-29
*END*
[from data line 482]
      0.204     -0.001     7.2993     74.162     42.619  35.068156     1.7010      8.578   179.7534 5.0711e+01     4.6768      0.200      0.290    16.1454 0.0000e+00
      0.204      0.000     7.3013     74.173     42.619  35.067202     1.6974      8.580   179.9245 5.0994e+01     4.6451      0.200      0.290    16.1429 0.0000e+00
      0.204      0.001     7.3048     74.198     42.604  35.055676     1.7148      8.580   180.0178 5.1069e+01     4.7218      0.200      0.290    16.1403 0.0000e+00
      0.204      0.002     7.2990     74.240     42.603  35.055695     1.7027      8.581   180.1074 5.1090e+01     4.7503      0.200      0.291    16.1381 0.0000e+00
      0.205      0.002     7.2959     74.285     42.616  35.067430     1.6508      8.582   180.0616 5.1113e+01     4.6476      0.201      0.292    16.1372 0.0000e+00
      0.206      0.002     7.2998     74.322     42.619  35.070671     1.6377      8.584   179.8940 5.0863e+01     4.6415      0.202      0.293    16.1371 0.0000e+00
      0.207      0.002     7.2999     74.361     42.647  35.094887     1.6612      8.585   179.9742 5.0756e+01     4.7448      0.203      0.295    16.1378 0.0000e+00
      0.207      0.001     7.3052     74.359     42.660  35.106422     1.6763      8.585   180.2572 5.0928e+01     4.7695      0.204      0.296    16.1391 0.0000e+00
      0.207      0.001     7.3109     74.294     42.632  35.083255     1.6954      8.586   180.3901 5.0933e+01     4.7346      0.203      0.295    16.1396 0.0000e+00
      0.207      0.001     7.3116     74.218     42.614  35.068572     1.7005      8.588   180.3764 5.1049e+01     4.6648      0.203      0.294    16.1399 0.0000e+00
      0.207      0.002     7.3187     74.164     42.599  35.055787     1.7047      8.589   180.3491 5.1192e+01     4.6779      0.203      0.294    16.1422 0.0000e+00
      0.207      0.004     7.3194     74.125     42.599  35.055561     1.7300      8.590   180.3184 5.1242e+01     4.7906      0.203      0.294    16.1434 0.0000e+00
      0.208      0.007     7.3102     74.104     42.611  35.065838     1.7483      8.591   180.2639 5.1424e+01     4.8991      0.204      0.296    16.1425 0.0000e+00
      0.210      0.009     7.3013     74.107     42.596  35.053157     1.7345      8.591   180.2914 5.1371e+01     4.9310      0.206      0.299    16.1420 0.0000e+00
      0.213      0.011     7.2973     74.117     42.568  35.029122     1.7046      8.591   180.3935 5.1180e+01     4.8340      0.208      0.303    16.1414 0.0000e+00
      0.217      0.011     7.2934     74.151     42.568  35.029036     1.7032      8.589   180.3795 5.1057e+01     4.8197      0.213      0.309    16.1419 0.0000e+00
      0.221      0.010     7.2899     74.215     42.598  35.052108     1.7094      8.586   180.2943 5.0941e+01     4.9301      0.218      0.315    16.1422 0.0000e+00
      0.225      0.009     7.2923     74.249     42.603  35.054291     1.6799      8.583   180.3091 5.0815e+01     4.9051      0.222      0.321    16.1415 0.0000e+00
      0.226      0.007     7.2924     74.232     42.606  35.055435     1.6449      8.580   180.3868 5.0585e+01     4.7900      0.223      0.323    16.1413 0.0000e+00
      0.226      0.005     7.2936     74.205     42.620  35.065933     1.6368      8.576   180.3733 5.0302e+01     4.7684      0.222      0.322    16.1405 0.0000e+00
      0.227      0.003     7.3051     74.202     42.607  35.054322     1.6649      8.574   180.3180 5.0149e+01     4.8484      0.222      0.323    16.1387 0.0000e+00
      0.227      0.002     7.3086     74.212     42.592  35.041947     1.7175      8.573   180.3212 5.0152e+01     4.9381      0.222      0.323    16.1365 0.0000e+00
      0.228      0.002     7.3055     74.198     42.593  35.043193     1.7315      8.573   180.4114 5.0139e+01     4.9299      0.223      0.324    16.1347 0.0000e+00
      0.228      0.003     7.3014     74.177     42.624  35.069403     1.7019      8.573   180.4628 5.0094e+01     4.8517      0.224      0.325    16.1337 0.0000e+00
      0.229      0.004     7.3015     74.172     42.667  35.105050     1.6682      8.572   180.2541 5.0032e+01     4.8466      0.225      0.326    16.1330 0.0000e+00
      0.230      0.005     7.3057     74.195     42.653  35.093514     1.6561      8.572   180.0387 5.0012e+01     4.9370      0.226      0.327    16.1328 0.0000e+00
      0.232      0.006     7.3016     74.236     42.608  35.056819     1.6731      8.569   180.0093 5.0071e+01     4.9544      0.227      0.329    16.1333 0.0000e+00
      0.233      0.008     7.3001     74.314     42.590  35.042059     1.6740      8.559   180.0707 5.0205e+01     4.8855      0.228      0.331    16.1342 0.0000e+00
      0.234      0.010     7.2972     74.409     42.589  35.041955     1.6746      8.543   180.2654 5.0458e+01     4.8905      0.229      0.332    16.1346 0.0000e+00
      0.237      0.010     7.3018     74.427     42.604  35.055563     1.7051      8.524   180.3842 5.0701e+01     4.9797      0.232      0.336    16.1350 0.0000e+00
      0.242      0.009     7.3044     74.393     42.632  35.079683     1.7268      8.506   180.3027 5.0879e+01     5.0420      0.239      0.345    16.1354 0.0000e+00
      0.246      0.008     7.3100     74.396     42.632  35.079796     1.7284      8.492   180.1406 5.1027e+01     4.9951      0.242      0.351    16.1349 0.0000e+00
      0.247      0.007     7.3279     74.396     42.605  35.056932     1.7161      8.483   180.0590 5.1112e+01     4.8904      0.242      0.352    16.1352 0.0000e+00
      0.247      0.004     7.3263     74.331     42.606  35.057037     1.7115      8.478   180.1758 5.1227e+01     4.8698      0.242      0.352    16.1367 0.0000e+00
      0.247      0.002     7.3174     74.261     42.636  35.081065     1.7311      8.476   180.2629 5.1153e+01     4.9505      0.242      0.351    16.1383 0.0000e+00
      0.247      0.000     7.3198     74.216     42.653  35.093650     1.7453      8.476   180.3378 5.0844e+01     5.0120      0.242      0.352    16.1390 0.0000e+00
      0.248 4.3749e-07     7.3257     74.177     42.640  35.082314     1.7326      8.478   180.5649 5.0724e+01     4.9645      0.243      0.352    16.1386 0.0000e+00
      0.248      0.000     7.3134     74.179     42.626  35.070892     1.7031      8.482   180.6863 5.0898e+01     4.8201      0.243      0.353    16.1375 0.0000e+00
      0.248      0.000     7.3058     74.218     42.640  35.082437     1.7054      8.486   180.6003 5.0832e+01     4.7350      0.242      0.352    16.1360 0.0000e+00
      0.248      0.001     7.3054     74.261     42.654  35.095013     1.7432      8.491   180.5571 5.0248e+01     4.7552      0.243      0.352    16.1348 0.0000e+00
      0.248      0.001     7.2967     74.284     42.654  35.096053     1.7603      8.496   180.8521 5.0034e+01     4.7576      0.243      0.352    16.1341 0.0000e+00
      0.248      0.002     7.2995     74.314     42.653  35.095013     1.7290      8.501   181.4150 5.0324e+01     4.7640      0.243      0.352    16.1333 0.0000e+00
      0.249      0.003     7.3035     74.376     42.638  35.082438     1.6731      8.505   181.6835 5.0521e+01     4.7977      0.243      0.353    16.1336 0.0000e+00
      0.250      0.003     7.3091     74.389     42.624  35.070912     1.6581      8.506   181.5185 5.0779e+01     4.8584      0.245      0.356    16.1351 0.0000e+00
      0.251      0.003     7.3107     74.339     42.638  35.082552     1.6820      8.508   181.3121 5.0854e+01     4.9516      0.246      0.357    16.1366 0.0000e+00
      0.251      0.002     7.3089     74.276     42.652  35.096271     1.6782      8.512   181.1676 5.0521e+01     4.8999      0.246      0.357    16.1369 0.0000e+00
      0.252      0.002     7.3228     74.214     42.666  35.109895     1.6452      8.516   181.3195 5.0764e+01     4.7109      0.247      0.358    16.1359 0.0000e+00
      0.252      0.002     7.3235     74.183     42.676  35.120381     1.6246      8.520   181.8580 5.1327e+01     4.6137      0.247      0.358    16.1349 0.0000e+00
      0.252      0.003     7.3145     74.180     42.643  35.096166     1.6369      8.522   182.1722 5.1135e+01     4.6468      0.247      0.358    16.1356 0.0000e+00
      0.252      0.004     7.3103     74.192     42.611  35.070901     1.6691      8.525   182.1929 5.1307e+01     4.7353      0.246      0.357    16.1383 0.0000e+00
      0.253      0.005     7.3000     74.223     42.609  35.068708     1.6896      8.529   182.1081 5.1727e+01     4.7957      0.247      0.359    16.1412 0.0000e+00
      0.256      0.005     7.2984     74.261     42.614  35.069643     1.7095      8.530   181.9211 5.1398e+01     4.8643      0.252      0.365    16.1440 0.0000e+00
      0.259      0.005     7.2978     74.269     42.633  35.082210     1.7267      8.531   181.9114 5.0878e+01     4.9844      0.254      0.369    16.1471 0.0000e+00
      0.259      0.005     7.2981     74.256     42.650  35.093754     1.7148      8.532   181.9903 5.0575e+01     4.9837      0.254      0.369    16.1493 0.0000e+00
      0.260      0.004     7.3014     74.259     42.639  35.082323     1.6993      8.533   182.0153 5.0591e+01     4.8558      0.255      0.370    16.1486 0.0000e+00
      0.260      0.002     7.3082     74.274     42.626  35.070893     1.6974      8.533   182.1274 5.0866e+01     4.8039      0.255      0.370    16.1450 0.0000e+00
      0.261      0.002     7.3093     74.280     42.639  35.082438     1.7076      8.534   182.2277 5.1458e+01     4.9034      0.256      0.371    16.1407 0.0000e+00
      0.262      0.002     7.3053     74.242     42.652  35.095023     1.7146      8.534   182.0228 5.2055e+01     5.0342      0.256      0.372    16.1373 0.0000e+00
      0.262      0.001     7.3084     74.161     42.650  35.096167     1.6995      8.534   181.7154 5.2732e+01     5.0183      0.257      0.373    16.1348 0.0000e+00
      0.262      0.001     7.3089     74.086     42.644  35.096271     1.6747      8.535   181.6949 5.3555e+01     4.8488      0.257      0.373    16.1329 0.0000e+00
      0.262      0.002     7.3120     74.064     42.637  35.096279     1.6480      8.536   181.6879 5.3930e+01     4.6580      0.257      0.373    16.1350 0.0000e+00
      0.262      0.002     7.3079     74.097     42.634  35.096278     1.6435      8.539   181.7169 5.3930e+01     4.6240      0.257      0.372    16.1372 0.0000e+00
      0.262      0.003     7.2971     74.133     42.634  35.096268     1.6698      8.542   181.9592 5.4219e+01     4.7112      0.257      0.373    16.1384 0.0000e+00
      0.263      0.004     7.2872     74.154     42.634  35.096153     1.6831      8.544   181.8651 5.5049e+01     4.7561      0.257      0.373    16.1457 0.0000e+00
      0.266      0.004     7.2825     74.190     42.633  35.094886     1.6621      8.546   181.4395 5.5954e+01     4.7222      0.260      0.378    16.1547 0.0000e+00
      0.268      0.004     7.2888     74.228     42.617  35.080948     1.6330      8.548   181.2872 5.6454e+01     4.6089      0.262      0.381    16.1578 0.0000e+00
      0.268      0.003     7.2935     74.240     42.584  35.054530     1.6390      8.549   181.4004 5.6622e+01     4.6500      0.262      0.381    16.1566 0.0000e+00
      0.269      0.002     7.2926     74.249     42.554  35.029256     1.6765      8.552   181.6039 5.6977e+01     4.8781      0.263      0.382    16.1558 0.0000e+00
      0.269      0.001     7.2977     74.256     42.555  35.029160     1.6866      8.554   181.7675 5.7070e+01     4.9420      0.264      0.383    16.1549 0.0000e+00
      0.268      0.001     7.3036     74.254     42.585  35.053367     1.6606      8.556   181.7435 5.6967e+01     4.8761      0.263      0.381    16.1545 0.0000e+00
      0.268      0.001     7.3023     74.275     42.604  35.068143     1.6541      8.558   181.5720 5.7548e+01     4.9009      0.263      0.381    16.1552 0.0000e+00
      0.269      0.001     7.3035     74.331     42.620  35.080927     1.6826      8.560   181.4154 5.7892e+01     4.9679      0.264      0.384    16.1553 0.0000e+00
      0.270      0.002     7.3060     74.413     42.620  35.081041     1.7145      8.561   181.4847 5.7427e+01     4.9693      0.265      0.385    16.1544 0.0000e+00
      0.270      0.002     7.3029     74.492     42.608  35.069515     1.7227      8.563   181.5493 5.7010e+01     4.8842      0.265      0.384    16.1525 0.0000e+00
      0.270      0.002     7.3059     74.534     42.610  35.068458     1.7072      8.564   181.5083 5.6821e+01     4.7927      0.265      0.385    16.1516 0.0000e+00
      0.271      0.002     7.3111     74.549     42.612  35.068258     1.6856      8.564   181.6781 5.7147e+01     4.7844      0.265      0.385    16.1519 0.0000e+00
      0.272      0.002     7.3200     74.550     42.611  35.067096     1.6777      8.565   181.8815 5.7977e+01     4.8180      0.266      0.386    16.1520 0.0000e+00
      0.272      0.002     7.3308     74.547     42.594  35.054415     1.6861      8.567   181.9023 5.8255e+01     4.7550      0.267      0.387    16.1502 0.0000e+00
      0.273      0.002     7.3333     74.539     42.576  35.041830     1.6707      8.568   181.8434 5.9307e+01     4.6376      0.268      0.390    16.1468 0.0000e+00
      0.274      0.002     7.3358     74.511     42.571  35.041820     1.6507      8.569   181.7721 6.1143e+01     4.7310      0.269      0.391    16.1441 0.0000e+00
      0.274      0.001     7.3349     74.446     42.580  35.054299     1.6606      8.569   181.8145 6.2255e+01     4.9627      0.269      0.390    16.1432 0.0000e+00
      0.274      0.001     7.3349     74.406     42.587  35.065824     1.6647      8.571   181.9251 6.3344e+01     5.0475      0.269      0.390    16.1453 0.0000e+00
      0.274      0.001     7.3333     74.445     42.568  35.054287     1.6588      8.573   182.0769 6.3262e+01     5.0044      0.269      0.390    16.1484 0.0000e+00
      0.274      0.001     7.3325     74.474     42.553  35.041702     1.6471      8.575   182.2736 6.2739e+01     4.9195      0.269      0.390    16.1513 0.0000e+00
      0.275      0.002     7.3219     74.400     42.557  35.040558     1.6490      8.577   182.3246 6.3190e+01     4.9091      0.269      0.390    16.1580 0.0000e+00
      0.276      0.002     7.3121     74.292     42.563  35.040455     1.6812      8.577   182.2628 6.3067e+01     5.0156      0.270      0.392    16.1676 0.0000e+00
      0.276      0.003     7.3207     74.296     42.568  35.040446     1.6953      8.578   182.2153 6.2745e+01     5.0801      0.271      0.393    16.1737 0.0000e+00
      0.277      0.004     7.3279     74.385     42.572  35.040446     1.6697      8.582   182.1798 6.2164e+01     5.0059      0.272      0.394    16.1725 0.0000e+00
      0.277      0.004     7.3200     74.420     42.575  35.040446     1.6375      8.585   182.1784 6.0784e+01     4.8692      0.272      0.394    16.1652 0.0000e+00
      0.278      0.003     7.3009     74.391     42.577  35.040446     1.6390      8.585   182.1979 6.0639e+01     4.8280      0.272      0.396    16.1585 0.0000e+00
      0.280      0.003     7.3044     74.389     42.577  35.040446     1.6725      8.585   182.1582 6.1224e+01     4.9177      0.275      0.399    16.1544 0.0000e+00
      0.281      0.002     7.3213     74.398     42.577  35.040446     1.6753      8.586   182.1286 6.0539e+01     4.9297      0.277      0.401    16.1503 0.0000e+00
      0.281      0.001     7.3257     74.397     42.577  35.040446     1.6396      8.588   182.1833 5.9706e+01     4.8361      0.276      0.400    16.1468 0.0000e+00
      0.281      0.000     7.3161     74.436     42.577  35.040448     1.6246      8.588   182.2178 6.0290e+01     4.8453      0.275      0.399    16.1453 0.0000e+00
      0.281     -0.001     7.3182     74.464     42.575  35.040467     1.6433      8.589   182.2011 6.1861e+01     4.9045      0.275      0.399    16.1450 0.0000e+00
      0.281     -0.001     7.3230     74.443     42.570  35.040674     1.6569      8.590   182.1531 6.2188e+01     4.8677      0.275      0.399    16.1453 0.0000e+00
