Data/DataNotYetUploadedToEDI/Raw_CTD/RawDownloads/102025_fcr50_S7809006.cnv
* Sea-Bird SBE19plus  Data File:
* FileName = C:\R\Reservoirs\Data\DataNotYetUploadedToEDI\Raw_CTD\RawDownloads\102025_fcr50_S7809_0006.hex
* Software version 2.8.0.119
* Temperature SN = 7809
* Conductivity SN = 7809
* System UpLoad Time = Oct 20 2025 17:24:10
* <ApplicationData>
* <Seaterm232>
# nquan = 15
# nvalues = 1357                        
# units = specified
# name 0 = depFM: Depth [fresh water, m]
# name 1 = dz/dtM: Descent Rate [m/s]
# name 2 = sbeox0Mg/L: Oxygen, SBE 43 [mg/l]
# name 3 = sbeox0PS: Oxygen, SBE 43 [% saturation]
# name 4 = specc: Specific Conductance [uS/cm]
# name 5 = c0uS/cm: Conductivity [uS/cm]
# name 6 = flECO-AFL: Fluorescence, WET Labs ECO-AFL/FL [mg/m^3]
# name 7 = ph: pH
# name 8 = orp: Oxidation Reduction Potential [mV]
# name 9 = par/sat/log: PAR/Logarithmic, Satlantic
# name 10 = turbWETntu0: Turbidity, WET Labs ECO [NTU]
# name 11 = prdM: Pressure, Strain Gauge [db]
# name 12 = prdE: Pressure, Strain Gauge [psi]
# name 13 = tv290C: Temperature [ITS-90, deg C]
# name 14 = flag:  0.000e+00
# span 0 =     -0.645,      9.576       
# span 1 =     -0.020,      0.109       
# span 2 =    -0.0382,     9.7351       
# span 3 =     -0.343,     94.685       
# span 4 =      1.288,    452.552       
# span 5 =   0.958458, 342.253247       
# span 6 =    -0.1222,     2.0759       
# span 7 =      7.323,     13.988       
# span 8 =  -918.8981,  1234.8618       
# span 9 = 1.2363e-01, 1.6848e+03       
# span 10 =    -0.1337,   166.2496      
# span 11 =     -0.633,      9.390      
# span 12 =     -0.917,     13.620      
# span 13 =    12.1477,    15.7948      
# span 14 = 0.0000e+00, 0.0000e+00      
# interval = seconds: 0.25
# start_time = Oct 20 2025 10:59:07 [Instrument's time stamp, header]
# bad_flag = -9.990e-29
*END*
[from data line 482]
      2.793      0.026     6.8794     69.283     42.900  34.957083     1.9601      8.663   170.4971 2.5558e+00     5.0911      2.736      3.969    15.7325 0.0000e+00
      2.807      0.026     6.8751     69.269     42.903  34.959161     1.9484      8.663   170.4067 2.5091e+00     5.0764      2.753      3.994    15.7323 0.0000e+00
      2.817      0.026     6.8785     69.257     42.934  34.983168     1.9250      8.663   170.6990 2.4818e+00     5.0249      2.765      4.011    15.7347 0.0000e+00
      2.821      0.023     6.8778     69.252     42.949  34.993551     1.9112      8.663   171.0202 2.4678e+00     5.0160      2.767      4.013    15.7390 0.0000e+00
      2.823      0.017     6.8751     69.242     42.907  34.957801     1.9232      8.663   171.0208 2.4515e+00     5.0025      2.767      4.013    15.7400 0.0000e+00
      2.826      0.012     6.8749     69.213     42.875  34.931603     1.9453      8.664   170.8777 2.4247e+00     4.9650      2.771      4.019    15.7388 0.0000e+00
      2.830      0.010     6.8728     69.173     42.874  34.930582     1.9363      8.665   170.6670 2.4132e+00     4.8692      2.775      4.026    15.7363 0.0000e+00
      2.832      0.011     6.8737     69.145     42.893  34.945456     1.8903      8.665   170.4525 2.4152e+00     4.8690      2.777      4.028    15.7338 0.0000e+00
      2.832      0.014     6.8734     69.145     42.943  34.984545     1.8379      8.665   170.7785 2.4148e+00     4.9973      2.778      4.029    15.7326 0.0000e+00
      2.833      0.017     6.8703     69.141     42.993  35.022517     1.8102      8.664   171.4264 2.4114e+00     5.0542      2.778      4.030    15.7321 0.0000e+00
      2.838      0.019     6.8656     69.131     42.997  35.023881     1.8220      8.664   171.5745 2.3766e+00     4.9754      2.781      4.034    15.7322 0.0000e+00
      2.846      0.019     6.8610     69.126     42.970  35.001028     1.8312      8.665   171.2785 2.3116e+00     4.8646      2.791      4.049    15.7320 0.0000e+00
      2.856      0.019     6.8643     69.106     42.968  34.999999     1.8207      8.665   170.9448 2.2675e+00     4.8762      2.803      4.067    15.7299 0.0000e+00
      2.861      0.019     6.8640     69.079     42.982  35.011441     1.8291      8.665   170.8083 2.2572e+00     4.9786      2.807      4.072    15.7263 0.0000e+00
      2.862      0.018     6.8617     69.059     42.984  35.012482     1.8488      8.665   171.0909 2.2634e+00     5.0437      2.807      4.071    15.7241 0.0000e+00
      2.863      0.018     6.8638     69.056     42.985  35.012577     1.8429      8.666   171.6090 2.2667e+00     4.9809      2.808      4.072    15.7237 0.0000e+00
      2.867      0.018     6.8600     69.073     42.986  35.012595     1.8243      8.665   171.9098 2.2537e+00     4.8334      2.811      4.076    15.7244 0.0000e+00
      2.873      0.020     6.8573     69.078     42.988  35.012700     1.8492      8.665   171.8887 2.2345e+00     4.8321      2.817      4.085    15.7248 0.0000e+00
      2.880      0.022     6.8555     69.074     42.991  35.013844     1.8932      8.666   171.6979 2.2137e+00     4.9654      2.824      4.096    15.7239 0.0000e+00
      2.888      0.022     6.8537     69.080     43.007  35.026419     1.9071      8.667   171.6687 2.1936e+00     5.0436      2.832      4.108    15.7229 0.0000e+00
      2.894      0.020     6.8587     69.097     43.022  35.037851     1.8923      8.668   171.7941 2.1806e+00     4.9930      2.840      4.118    15.7216 0.0000e+00
      2.899      0.017     6.8588     69.124     43.006  35.025162     1.8643      8.668   171.8374 2.1755e+00     4.8654      2.843      4.124    15.7196 0.0000e+00
      2.902      0.013     6.8567     69.116     42.975  34.999898     1.8676      8.668   171.9336 2.1718e+00     4.8677      2.846      4.128    15.7182 0.0000e+00
      2.904      0.010     6.8595     69.077     42.959  34.986178     1.8911      8.668   172.0964 2.1508e+00     4.9863      2.849      4.131    15.7177 0.0000e+00
      2.906      0.008     6.8584     69.062     42.959  34.986178     1.8732      8.668   172.0854 2.1175e+00     4.9675      2.850      4.133    15.7173 0.0000e+00
      2.907      0.007     6.8652     69.062     42.976  34.999897     1.8258      8.668   171.8008 2.1049e+00     4.8450      2.851      4.134    15.7170 0.0000e+00
      2.908      0.007     6.8646     69.047     43.008  35.025152     1.8008      8.669   171.4939 2.1064e+00     4.8034      2.852      4.136    15.7168 0.0000e+00
      2.910      0.007     6.8560     69.015     43.023  35.037736     1.8123      8.670   171.3869 2.0995e+00     4.8402      2.854      4.140    15.7169 0.0000e+00
      2.912      0.007     6.8567     68.983     43.008  35.025161     1.8578      8.671   171.3669 2.0924e+00     4.8467      2.856      4.142    15.7166 0.0000e+00
      2.914      0.007     6.8578     68.959     42.977  35.000001     1.9091      8.671   171.5105 2.0940e+00     4.7787      2.858      4.145    15.7160 0.0000e+00
      2.915      0.009     6.8567     68.950     42.962  34.987322     1.9332      8.670   171.7469 2.0999e+00     4.8041      2.859      4.147    15.7162 0.0000e+00
      2.918      0.013     6.8518     68.954     42.977  34.998753     1.9334      8.670   171.3851 2.1023e+00     4.9146      2.861      4.150    15.7165 0.0000e+00
      2.920      0.018     6.8494     68.987     42.993  35.011319     1.9276      8.670   170.5772 2.0939e+00     4.9527      2.863      4.153    15.7160 0.0000e+00
      2.922      0.023     6.8460     69.059     42.995  35.012359     1.9213      8.670   170.2395 2.0764e+00     4.9236      2.864      4.154    15.7154 0.0000e+00
      2.929      0.026     6.8461     69.122     42.995  35.011319     1.9069      8.670   170.4860 2.0340e+00     4.8357      2.869      4.162    15.7150 0.0000e+00
      2.942      0.027     6.8462     69.133     42.980  34.998744     1.9118      8.670   170.8900 1.9709e+00     4.8471      2.885      4.185    15.7147 0.0000e+00
      2.954      0.027     6.8469     69.085     42.966  34.987219     1.9305      8.669   170.9944 1.9465e+00     4.9250      2.901      4.207    15.7140 0.0000e+00
      2.961      0.026     6.8586     69.037     42.980  34.998869     1.9338      8.669   170.4576 1.9525e+00     4.9906      2.904      4.212    15.7131 0.0000e+00
      2.963      0.023     6.8650     69.052     42.997  35.012703     1.9269      8.670   169.5613 1.9425e+00     5.0936      2.905      4.213    15.7118 0.0000e+00
      2.966      0.021     6.8678     69.052     43.015  35.027585     1.9134      8.671   169.1054 1.9194e+00     5.0786      2.909      4.219    15.7110 0.0000e+00
      2.970      0.022     6.8610     68.987     43.045  35.051914     1.9288      8.671   169.3339 1.8882e+00     5.1162      2.914      4.226    15.7110 0.0000e+00
      2.975      0.026     6.8503     68.946     43.046  35.053067     1.9629      8.671   169.7423 1.8667e+00     5.2756      2.917      4.231    15.7110 0.0000e+00
      2.981      0.029     6.8580     68.962     43.032  35.041522     1.9681      8.671   169.7416 1.8509e+00     5.2972      2.923      4.239    15.7114 0.0000e+00
      2.990      0.031     6.8612     68.992     43.030  35.039225     1.9501      8.671   169.3261 1.8088e+00     5.2063      2.931      4.252    15.7115 0.0000e+00
      3.002      0.031     6.8482     69.017     43.013  35.025289     1.9205      8.672   169.0201 1.7583e+00     5.0990      2.944      4.270    15.7116 0.0000e+00
      3.013      0.031     6.8429     69.028     42.982  34.999919     1.9099      8.672   168.9671 1.7330e+00     5.0926      2.957      4.289    15.7122 0.0000e+00
      3.019      0.029     6.8486     69.028     42.965  34.986284     1.9383      8.671   168.9435 1.7299e+00     5.1975      2.962      4.296    15.7117 0.0000e+00
      3.024      0.025     6.8508     69.053     42.965  34.987324     1.9557      8.671   168.9062 1.7252e+00     5.2067      2.966      4.300    15.7104 0.0000e+00
      3.030      0.024     6.8541     69.095     42.995  35.012484     1.9371      8.671   169.1184 1.7087e+00     5.1009      2.973      4.311    15.7101 0.0000e+00
      3.035      0.027     6.8556     69.119     43.024  35.036699     1.9211      8.671   169.3589 1.6904e+00     5.0795      2.977      4.317    15.7103 0.0000e+00
      3.040      0.032     6.8530     69.124     43.010  35.026316     1.9370      8.670   169.1467 1.6768e+00     5.1870      2.981      4.323    15.7108 0.0000e+00
      3.046      0.036     6.8559     69.128     42.993  35.013846     1.9631      8.667   168.8762 1.6531e+00     5.2046      2.986      4.330    15.7117 0.0000e+00
      3.057      0.037     6.8622     69.122     42.991  35.012825     1.9540      8.665   168.8404 1.6007e+00     5.0879      2.995      4.344    15.7125 0.0000e+00
      3.074      0.036     6.8639     69.113     42.992  35.013970     1.9354      8.663   168.8003 1.5453e+00     5.0406      3.017      4.377    15.7132 0.0000e+00
      3.089      0.034     6.8629     69.102     43.009  35.027689     1.9381      8.662   169.0789 1.5291e+00     5.0421      3.033      4.401    15.7150 0.0000e+00
      3.094      0.030     6.8645     69.071     43.039  35.051801     1.9449      8.661   169.6286 1.5311e+00     5.0032      3.035      4.402    15.7167 0.0000e+00
      3.096      0.025     6.8629     69.023     43.039  35.051706     1.9589      8.660   169.7679 1.5267e+00     4.9467      3.036      4.403    15.7172 0.0000e+00
      3.100      0.022     6.8617     68.980     43.008  35.026547     1.9572      8.660   169.5584 1.5183e+00     4.8710      3.038      4.406    15.7179 0.0000e+00
      3.106      0.022     6.8618     68.944     42.978  35.001397     1.9488      8.660   169.3334 1.5069e+00     4.9081      3.046      4.416    15.7183 0.0000e+00
      3.112      0.025     6.8587     68.917     42.979  35.001416     1.9575      8.660   169.6275 1.4944e+00     5.0881      3.053      4.429    15.7177 0.0000e+00
      3.117      0.028     6.8526     68.936     43.011  35.026767     1.9553      8.660   170.3614 1.4674e+00     5.2025      3.055      4.433    15.7173 0.0000e+00
      3.126      0.030     6.8482     68.999     43.045  35.054122     1.9546      8.660   170.6356 1.4291e+00     5.1639      3.063      4.443    15.7171 0.0000e+00
      3.137      0.030     6.8461     69.077     43.075  35.078367     1.9489      8.660   170.5340 1.4000e+00     5.0308      3.078      4.465    15.7170 0.0000e+00
      3.146      0.030     6.8403     69.154     43.059  35.066113     1.9374      8.661   170.3375 1.3852e+00     4.9603      3.086      4.476    15.7158 0.0000e+00
      3.151      0.031     6.8430     69.218     43.018  35.032868     1.9566      8.662   170.0660 1.3684e+00     5.0279      3.088      4.480    15.7142 0.0000e+00
      3.158      0.033     6.8513     69.263     43.048  35.057097     1.9728      8.662   170.1770 1.3510e+00     5.0972      3.097      4.491    15.7136 0.0000e+00
      3.165      0.035     6.8585     69.281     43.107  35.105260     1.9668      8.662   170.6478 1.3240e+00     5.1148      3.104      4.501    15.7137 0.0000e+00
      3.173      0.037     6.8676     69.271     43.111  35.107610     1.9673      8.662   170.8540 1.2831e+00     5.1037      3.110      4.510    15.7147 0.0000e+00
      3.186      0.040     6.8729     69.241     43.085  35.085518     1.9872      8.661   170.6904 1.2566e+00     5.0999      3.123      4.529    15.7155 0.0000e+00
      3.199      0.045     6.8783     69.206     43.094  35.091942     2.0158      8.660   170.4769 1.2439e+00     5.1376      3.140      4.555    15.7148 0.0000e+00
      3.209      0.050     6.8803     69.186     43.130  35.121833     1.9978      8.657   170.3379 1.2379e+00     5.1152      3.150      4.569    15.7142 0.0000e+00
      3.216      0.052     6.8786     69.167     43.139  35.129679     1.9358      8.652   170.3005 1.2159e+00     5.0341      3.152      4.571    15.7139 0.0000e+00
      3.230      0.051     6.8760     69.129     43.131  35.123368     1.9066      8.649   170.3680 1.1589e+00     5.0108      3.161      4.586    15.7126 0.0000e+00
      3.251      0.051     6.8707     69.085     43.114  35.108971     1.9193      8.647   170.4665 1.1075e+00     5.1070      3.190      4.626    15.7120 0.0000e+00
      3.269      0.051     6.8700     69.040     43.082  35.082511     1.9485      8.645   170.5446 1.0871e+00     5.2069      3.212      4.657    15.7126 0.0000e+00
      3.278      0.051     6.8690     68.993     43.050  35.057233     1.9759      8.644   170.5384 1.0657e+00     5.1599      3.215      4.663    15.7138 0.0000e+00
      3.286      0.047     6.8640     68.957     43.048  35.057128     2.0004      8.644   170.3912 1.0350e+00     5.1537      3.219      4.670    15.7141 0.0000e+00
      3.298      0.042     6.8596     68.918     43.076  35.081239     2.0120      8.646   169.9700 1.0166e+00     5.2345      3.233      4.689    15.7134 0.0000e+00
      3.312      0.037     6.8559     68.866     43.092  35.094968     2.0002      8.647   169.5751 1.0099e+00     5.1795      3.250      4.713    15.7125 0.0000e+00
      3.323      0.032     6.8500     68.838     43.093  35.096225     1.9904      8.648   169.6597 9.9475e-01     5.0012      3.260      4.728    15.7130 0.0000e+00
      3.329      0.026     6.8467     68.849     43.093  35.096443     1.9764      8.649   169.7887 9.7165e-01     4.8555      3.265      4.736    15.7154 0.0000e+00
      3.334      0.021     6.8441     68.884     43.093  35.097598     1.9732      8.650   169.7582 9.6246e-01     4.8869      3.271      4.744    15.7175 0.0000e+00
      3.337      0.017     6.8360     68.929     43.109  35.110184     1.9848      8.650   169.5488 9.6899e-01     4.9700      3.274      4.748    15.7182 0.0000e+00
      3.339      0.017     6.8327     68.969     43.124  35.121720     1.9921      8.650   169.0638 9.6684e-01     5.0070      3.275      4.749    15.7179 0.0000e+00
      3.342      0.018     6.8352     68.993     43.111  35.110183     1.9948      8.651   168.7987 9.5326e-01     5.0942      3.276      4.751    15.7184 0.0000e+00
      3.346      0.020     6.8385     69.033     43.097  35.097597     1.9835      8.652   168.7523 9.4229e-01     5.1029      3.280      4.758    15.7195 0.0000e+00
      3.353      0.023     6.8432     69.081     43.096  35.096434     1.9810      8.653   168.7610 9.2717e-01     5.1119      3.288      4.768    15.7195 0.0000e+00
      3.361      0.027     6.8493     69.096     43.096  35.096121     1.9898      8.653   168.9036 9.0615e-01     5.2024      3.297      4.782    15.7186 0.0000e+00
      3.368      0.032     6.8488     69.077     43.094  35.093813     1.9895      8.653   168.7563 8.8871e-01     5.2077      3.304      4.793    15.7168 0.0000e+00
      3.373      0.036     6.8535     69.038     43.064  35.068529     1.9688      8.653   168.2700 8.7347e-01     5.1417      3.307      4.796    15.7154 0.0000e+00
      3.382      0.037     6.8613     69.020     43.034  35.044209     1.9317      8.653   168.0144 8.5527e-01     5.0874      3.315      4.807    15.7148 0.0000e+00
      3.395      0.037     6.8613     69.035     43.046  35.053552     1.9231      8.654   168.0752 8.3918e-01     5.0639      3.329      4.829    15.7144 0.0000e+00
      3.409      0.036     6.8607     69.060     43.047  35.054600     1.9398      8.654   168.2301 8.2272e-01     5.0270      3.344      4.850    15.7138 0.0000e+00
      3.420      0.032     6.8539     69.076     43.050  35.056879     1.9334      8.654   168.3392 8.0457e-01     4.9148      3.355      4.866    15.7131 0.0000e+00
      3.427      0.026     6.8516     69.081     43.080  35.081103     1.9119      8.655   168.1898 7.9637e-01     4.8012      3.361      4.875    15.7129 0.0000e+00
      3.431      0.021     6.8551     69.089     43.095  35.093697     1.9228      8.656   167.8007 7.8901e-01     4.8143      3.364      4.880    15.7128 0.0000e+00
