Data/DataNotYetUploadedToEDI/Raw_CTD/RawDownloads/102025_bvr50_S8188001.cnv
* Sea-Bird SBE19plus  Data File:
* FileName = C:\R\Reservoirs\Data\DataNotYetUploadedToEDI\Raw_CTD\RawDownloads\102025_bvr50_S8188_0001.hex
* Software version 2.8.0.119
* Temperature SN = 8188
* Conductivity SN = 8188
* System UpLoad Time = Oct 20 2025 17:08:05
* <ApplicationData>
* <Seaterm232>
# nquan = 16
# nvalues = 1835                        
# units = specified
# name 0 = depFM: Depth [fresh water, m]
# name 1 = dz/dtM: Descent Rate [m/s]
# name 2 = sbeox0Mg/L: Oxygen, SBE 43 [mg/l]
# name 3 = sbeox0PS: Oxygen, SBE 43 [% saturation]
# name 4 = specc: Specific Conductance [uS/cm]
# name 5 = c0uS/cm: Conductivity [uS/cm]
# name 6 = wetCDOM: Fluorescence, WET Labs CDOM [mg/m^3]
# name 7 = flECO-AFL: Fluorescence, WET Labs ECO-AFL/FL [mg/m^3]
# name 8 = flECO-AFL1: Fluorescence, WET Labs ECO-AFL/FL, 2 [mg/m^3]
# name 9 = flECO-AFL2: Fluorescence, WET Labs ECO-AFL/FL, 3 [mg/m^3]
# name 10 = par/sat/log: PAR/Logarithmic, Satlantic
# name 11 = turbWETntu0: Turbidity, WET Labs ECO [NTU]
# name 12 = prdM: Pressure, Strain Gauge [db]
# name 13 = prdE: Pressure, Strain Gauge [psi]
# name 14 = tv290C: Temperature [ITS-90, deg C]
# name 15 = flag:  0.000e+00
# span 0 =     -0.756,      5.478       
# span 1 =     -0.316,      0.205       
# span 2 =    -2.1902,    10.0317       
# span 3 =    -20.830,     99.389       
# span 4 =      0.212,    455.367       
# span 5 =   0.159128, 343.184591       
# span 6 =   -23.4000,    55.0800       
# span 7 =    -0.3113,   245.1606       
# span 8 =    -2.1300,     1.7892       
# span 9 =    -3.7224,     2.0304       
# span 10 = 1.1590e-01, 2.1848e+03      
# span 11 =    -5.9442,   333.5728      
# span 12 =     -0.742,      5.372      
# span 13 =     -1.076,      7.792      
# span 14 =    12.4549,    15.0975      
# span 15 = 0.0000e+00, 0.0000e+00      
# interval = seconds: 0.25
# start_time = Oct 20 2025 10:28:24 [Instrument's time stamp, header]
# bad_flag = -9.990e-29
*END*
[from data line 1718]
      3.337     -0.095     5.5913     53.676     54.833  43.933104    47.1600     1.3863     1.2780     0.5499 1.1602e-01    59.1645      3.272      4.747    15.0499 0.0000e+00
      3.315     -0.084     5.5335     53.409     54.884  43.975949    47.1600     1.3939     1.2780     0.5499 1.1612e-01    59.1192      3.251      4.716    15.0517 0.0000e+00
      3.297     -0.075     5.4836     53.234     54.936  44.018499    45.8100     1.2451     1.3206     0.7614 1.1620e-01    67.1558      3.234      4.690    15.0536 0.0000e+00
      3.281     -0.069     5.4406     53.150     54.984  44.058152    45.8100     1.2566     1.3206     0.7614 1.1635e-01    67.2313      3.217      4.667    15.0555 0.0000e+00
      3.265     -0.066     5.4051     53.134     55.017  44.085552    45.8100     1.2833     1.3206     0.7614 1.1605e-01    67.4126      3.202      4.644    15.0574 0.0000e+00
      3.250     -0.067     5.3780     53.156     55.009  44.080104    45.8100     1.2795     1.3206     0.7614 1.1617e-01    67.2918      3.187      4.622    15.0589 0.0000e+00
      3.234     -0.071     5.3603     53.187     54.963  44.044340    46.4400     1.4016     1.3206     0.6768 1.1620e-01    66.4911      3.171      4.599    15.0601 0.0000e+00
      3.217     -0.079     5.3517     53.203     54.930  44.018548    46.4400     1.3748     1.3206     0.6768 1.1617e-01    66.5666      3.154      4.575    15.0611 0.0000e+00
      3.198     -0.091     5.3499     53.188     54.918  44.009801    46.4400     1.3787     1.3206     0.6768 1.1605e-01    66.6271      3.136      4.548    15.0620 0.0000e+00
      3.175     -0.106     5.3521     53.135     54.888  43.985872    46.4400     1.3481     1.3206     0.6768 1.1607e-01    66.5062      3.114      4.516    15.0628 0.0000e+00
      3.148     -0.124     5.3551     53.045     54.838  43.946359    46.4400     1.3863     1.3206     0.6768 1.1615e-01    62.4728      3.087      4.477    15.0636 0.0000e+00
      3.114     -0.142     5.3567     52.935     54.766  43.888696    45.8100     1.3710     1.3206     0.7191 1.1615e-01    62.5030      3.054      4.428    15.0643 0.0000e+00
      3.073     -0.159     5.3551     52.826     54.665  43.807473    45.8100     1.3787     1.3206     0.7191 1.1612e-01    62.4124      3.014      4.371    15.0649 0.0000e+00
      3.028     -0.174     5.3497     52.736     54.581  43.740817    45.8100     1.4016     1.3206     0.7191 1.1625e-01    62.5332      2.970      4.307    15.0652 0.0000e+00
      2.980     -0.185     5.3407     52.668     54.546  43.712805    45.8100     1.4511     1.3206     0.7191 1.1617e-01    59.6328      2.922      4.238    15.0654 0.0000e+00
      2.929     -0.192     5.3295     52.625     54.530  43.700023    45.7200     1.4244     1.3206     0.5922 1.1605e-01    59.6328      2.873      4.166    15.0654 0.0000e+00
      2.878     -0.196     5.3186     52.610     54.518  43.691092    45.7200     1.4283     1.3206     0.5922 1.1623e-01    59.5422      2.822      4.093    15.0656 0.0000e+00
      2.827     -0.197     5.3095     52.621     54.506  43.681637    45.7200     1.4435     1.3206     0.5922 1.1605e-01    59.6630      2.773      4.021    15.0658 0.0000e+00
      2.777     -0.196     5.3027     52.650     54.468  43.651201    45.7200     1.5046     1.3206     0.5922 1.1607e-01    56.7172      2.724      3.950    15.0660 0.0000e+00
      2.727     -0.194     5.2983     52.693     54.384  43.583695    45.7200     1.4893     1.3206     0.6768 1.1623e-01    56.6568      2.675      3.879    15.0662 0.0000e+00
      2.677     -0.191     5.2968     52.743     54.267  43.491013    45.7200     1.5084     1.3206     0.6768 1.1623e-01    56.6870      2.626      3.808    15.0664 0.0000e+00
      2.628     -0.188     5.2978     52.794     54.158  43.404239    45.7200     1.4855     1.3206     0.6768 1.1623e-01    56.7172      2.578      3.738    15.0665 0.0000e+00
      2.581     -0.184     5.3007     52.844     54.070  43.334114    45.7200     1.3939     1.3206     0.6768 1.1617e-01    56.4907      2.531      3.671    15.0666 0.0000e+00
      2.535     -0.180     5.3051     52.890     54.006  43.283859    45.9900     1.3863     1.2780     0.6345 1.1633e-01    56.4453      2.486      3.605    15.0667 0.0000e+00
      2.489     -0.176     5.3101     52.930     53.950  43.240073    45.9900     1.3939     1.2780     0.6345 1.1617e-01    56.4151      2.441      3.541    15.0671 0.0000e+00
      2.445     -0.171     5.3151     52.963     53.896  43.197058    45.9900     1.3787     1.2780     0.6345 1.1592e-01    56.4907      2.398      3.478    15.0678 0.0000e+00
      2.401     -0.166     5.3200     52.989     53.865  43.173238    45.9900     1.4511     1.2780     0.6345 1.4974e-01    56.2036      2.355      3.416    15.0687 0.0000e+00
      2.359     -0.162     5.3246     53.007     53.838  43.152295    45.9900     1.4283     1.2780     0.6345 1.5810e-01    56.1734      2.313      3.356    15.0697 0.0000e+00
      2.319     -0.158     5.3284     53.019     53.798  43.120673    45.9000     1.4511     1.2780     0.5499 1.3529e-01    56.3547      2.274      3.298    15.0705 0.0000e+00
      2.280     -0.155     5.3317     53.033     53.743  43.077912    45.9000     1.4283     1.2780     0.5499 1.6394e-01    56.1583      2.236      3.243    15.0712 0.0000e+00
      2.242     -0.151     5.3343     53.052     53.678  43.026558    45.9000     1.4435     1.2780     0.5499 1.6412e-01    56.1734      2.199      3.189    15.0719 0.0000e+00
      2.204     -0.148     5.3360     53.066     53.632  42.990782    45.9000     1.4397     1.2780     0.5499 1.9802e-01    56.1734      2.162      3.135    15.0726 0.0000e+00
      2.165     -0.144     5.3371     53.072     53.592  42.959050    45.9900     1.4511     1.2780     0.6345 2.0232e-01    56.0979      2.124      3.080    15.0733 0.0000e+00
      2.127     -0.140     5.3385     53.070     53.533  42.912936    45.9900     1.4283     1.2780     0.6345 2.6197e-01    56.1583      2.087      3.026    15.0740 0.0000e+00
      2.091     -0.136     5.3402     53.068     53.499  42.885978    45.9900     1.4283     1.2780     0.6345 2.9852e-01    54.9347      2.051      2.975    15.0748 0.0000e+00
      2.058     -0.133     5.3416     53.069     53.506  42.892910    45.9900     1.4435     1.2780     0.6345 2.4806e-01    55.0858      2.019      2.928    15.0756 0.0000e+00
      2.027     -0.132     5.3420     53.074     53.512  42.897716    45.9900     1.4397     1.2780     0.7614 2.5953e-01    55.0253      1.988      2.884    15.0763 0.0000e+00
      1.997     -0.134     5.3418     53.085     53.499  42.887727    45.9900     1.4283     1.2780     0.7614 2.7414e-01    55.0555      1.958      2.840    15.0769 0.0000e+00
      1.964     -0.138     5.3415     53.108     53.474  42.868251    45.9900     1.3939     1.2780     0.7614 2.8638e-01    54.0132      1.926      2.793    15.0776 0.0000e+00
      1.928     -0.145     5.3415     53.144     53.416  42.822139    45.9900     1.3748     1.2780     0.7614 3.3957e-01    54.0434      1.891      2.742    15.0783 0.0000e+00
      1.889     -0.151     5.3420     53.184     53.348  42.766985    45.9900     1.3901     1.3206     0.6768 4.3493e-01    54.0887      1.852      2.686    15.0790 0.0000e+00
      1.848     -0.158     5.3431     53.218     53.319  42.743881    45.9900     1.3710     1.3206     0.6768 4.3940e-01    54.0887      1.812      2.628    15.0794 0.0000e+00
      1.806     -0.163     5.3454     53.234     53.320  42.744673    45.9900     1.4550     1.3206     0.6768 5.0146e-01    54.0434      1.771      2.569    15.0797 0.0000e+00
      1.765     -0.168     5.3490     53.230     53.316  42.741674    45.9900     1.4511     1.3206     0.6768 5.2487e-01    54.0887      1.730      2.510    15.0797 0.0000e+00
      1.722     -0.173     5.3530     53.217     53.294  42.724119    45.9900     1.4511     1.3206     0.6768 5.2899e-01    53.9679      1.689      2.450    15.0796 0.0000e+00
      1.678     -0.176     5.3565     53.199     53.250  42.689320    45.9900     1.4397     1.2780     0.6345 6.2930e-01    54.0283      1.645      2.387    15.0796 0.0000e+00
      1.631     -0.179     5.3581     53.176     53.211  42.657890    45.9900     1.3863     1.2780     0.6345 7.7797e-01    53.8319      1.599      2.320    15.0796 0.0000e+00
      1.583     -0.180     5.3577     53.149     53.202  42.651339    45.9900     1.4016     1.2780     0.6345 1.0261e+00    53.8017      1.552      2.251    15.0797 0.0000e+00
      1.535     -0.180     5.3564     53.119     53.185  42.638029    45.9900     1.3748     1.2780     0.6345 1.1421e+00    53.7715      1.505      2.184    15.0799 0.0000e+00
      1.490     -0.181     5.3546     53.093     53.127  42.592488    45.9900     1.3710     1.2780     0.6768 1.1242e+00    53.8923      1.461      2.119    15.0801 0.0000e+00
      1.446     -0.182     5.3522     53.078     53.072  42.548408    45.9900     1.3634     1.2780     0.6768 1.0909e+00    53.8772      1.418      2.057    15.0803 0.0000e+00
      1.402     -0.183     5.3494     53.080     53.046  42.527913    45.9900     1.3748     1.2780     0.6768 1.2456e+00    53.7111      1.375      1.994    15.0807 0.0000e+00
      1.355     -0.186     5.3464     53.100     53.048  42.529521    45.9900     1.3672     1.2780     0.6768 1.4728e+00    53.8017      1.329      1.927    15.0811 0.0000e+00
      1.306     -0.188     5.3436     53.143     53.078  42.553663    46.0800     1.4016     1.3206     0.5499 1.7021e+00    53.7866      1.281      1.857    15.0815 0.0000e+00
      1.256     -0.191     5.3421     53.208     53.114  42.582861    46.0800     1.3291     1.3206     0.5499 1.9990e+00    53.8017      1.231      1.786    15.0818 0.0000e+00
      1.206     -0.192     5.3423     53.285     53.126  42.593018    46.0800     1.3367     1.3206     0.5499 2.1551e+00    53.8319      1.183      1.715    15.0821 0.0000e+00
      1.157     -0.193     5.3442     53.369     53.104  42.574885    46.0800     1.3443     1.3206     0.5499 2.1758e+00    53.8621      1.135      1.646    15.0823 0.0000e+00
      1.109     -0.193     5.3486     53.450     53.059  42.539570    46.0800     1.3291     1.3206     0.5499 2.4035e+00    53.8621      1.088      1.578    15.0825 0.0000e+00
      1.060     -0.193     5.3551     53.514     53.016  42.505554    46.0800     1.4130     1.3206     0.6345 2.7139e+00    53.9981      1.040      1.508    15.0827 0.0000e+00
      1.010     -0.192     5.3628     53.557     52.979  42.475723    46.0800     1.4550     1.3206     0.6345 3.2398e+00    54.1189      0.990      1.436    15.0829 0.0000e+00
      0.960     -0.193     5.3712     53.582     52.941  42.446108    46.0800     1.4435     1.3206     0.6345 3.7006e+00    54.1794      0.941      1.365    15.0832 0.0000e+00
      0.911     -0.194     5.3794     53.580     52.909  42.420768    46.0800     1.4511     1.3206     0.6345 3.8058e+00    54.1038      0.893      1.296    15.0834 0.0000e+00
      0.863     -0.196     5.3857     53.537     52.879  42.396932    46.0800     1.4206     1.2780     0.5922 3.7014e+00    54.1038      0.847      1.228    15.0837 0.0000e+00
      0.815     -0.199     5.3900     53.446     52.850  42.374222    46.0800     1.4359     1.2780     0.5922 3.8050e+00    54.0736      0.799      1.159    15.0840 0.0000e+00
      0.764     -0.202     5.3925     53.322     52.838  42.364518    46.0800     1.4206     1.2780     0.5922 4.4755e+00    54.0132      0.750      1.087    15.0843 0.0000e+00
      0.711     -0.203     5.3923     53.199     52.841  42.367224    46.0800     1.4283     1.2780     0.5922 5.3299e+00    54.0887      0.697      1.011    15.0847 0.0000e+00
      0.656     -0.204     5.3879     53.102     52.858  42.381069    46.0800     1.4588     1.2780     0.6768 6.1666e+00    53.8168      0.643      0.933    15.0850 0.0000e+00
      0.602     -0.202     5.3787     53.046     52.883  42.401774    46.0800     1.4397     1.2780     0.6768 6.6250e+00    53.8319      0.591      0.857    15.0854 0.0000e+00
      0.551     -0.196     5.3662     53.034     52.894  42.410947    46.0800     1.4397     1.2780     0.6768 6.9404e+00    53.8470      0.541      0.783    15.0858 0.0000e+00
      0.501     -0.187     5.3538     53.065     52.874  42.395093    46.0800     1.4397     1.2780     0.6768 7.9396e+00    53.8168      0.492      0.713    15.0861 0.0000e+00
      0.453     -0.175     5.3440     53.136     52.840  42.367917    46.0800     1.4511     1.2780     0.6768 9.1879e+00    53.9226      0.445      0.645    15.0863 0.0000e+00
      0.408     -0.161     5.3383     53.227     52.830  42.360037    46.0800     1.4283     1.2780     0.6768 1.0486e+01    53.8168      0.401      0.581    15.0866 0.0000e+00
      0.368     -0.145     5.3371     53.308     52.848  42.375329    46.0800     1.4283     1.2780     0.6768 1.1076e+01    53.8319      0.361      0.523    15.0868 0.0000e+00
      0.334     -0.129     5.3402     53.360     52.874  42.395951    46.0800     1.4283     1.2780     0.6768 1.1601e+01    53.9075      0.328      0.475    15.0871 0.0000e+00
      0.304     -0.113     5.3473     53.384     52.888  42.407474    46.0800     1.5084     1.2780     0.6768 1.2974e+01    53.8621      0.299      0.433    15.0874 0.0000e+00
      0.278     -0.097     5.3565     53.391     52.894  42.412972    46.0800     1.5084     1.2780     0.6768 1.4946e+01    53.8168      0.273      0.396    15.0876 0.0000e+00
      0.255     -0.084     5.3646     53.391     52.900  42.417895    46.0800     1.5160     1.2780     0.6768 1.4794e+01    53.8621      0.251      0.364    15.0879 0.0000e+00
      0.237     -0.073     5.3697     53.390     52.907  42.423557    46.0800     1.4855     1.2780     0.6768 1.5053e+01    53.8168      0.232      0.337    15.0881 0.0000e+00
      0.221     -0.066     5.3722     53.388     52.927  42.439438    46.0800     1.4283     1.2780     0.6768 1.5066e+01    53.9075      0.217      0.315    15.0883 0.0000e+00
      0.208     -0.062     5.3729     53.376     52.940  42.449846    46.0800     1.4359     1.3206     0.6768 1.5314e+01    53.9075      0.204      0.296    15.0885 0.0000e+00
      0.194     -0.062     5.3728     53.335     52.932  42.443605    46.0800     1.4550     1.3206     0.6768 1.5060e+01    53.9830      0.191      0.277    15.0886 0.0000e+00
      0.180     -0.065     5.3727     53.262     52.951  42.458909    46.0800     1.4321     1.3206     0.6768 1.5627e+01    53.8017      0.176      0.256    15.0886 0.0000e+00
      0.163     -0.070     5.3725     53.175     52.989  42.489873    46.0800     1.3634     1.3206     0.6768 1.7507e+01    53.5449      0.160      0.232    15.0887 0.0000e+00
      0.144     -0.077     5.3712     53.100     52.996  42.494935    45.9900     1.4130     1.2780     0.5922 1.8433e+01    53.5751      0.142      0.205    15.0888 0.0000e+00
      0.123     -0.084     5.3672     53.056     52.986  42.487402    45.9900     1.4092     1.2780     0.5922 2.1451e+01    53.5600      0.121      0.176    15.0888 0.0000e+00
      0.101     -0.090     5.3598     53.060     52.971  42.475228    45.9900     1.3787     1.2780     0.5922 2.2936e+01    53.5902      0.099      0.144    15.0889 0.0000e+00
      0.077     -0.096     5.3510     53.114     52.951  42.459155    45.9900     1.3787     1.2780     0.5922 2.2307e+01    53.8621      0.076      0.110    15.0890 0.0000e+00
      0.052     -0.100     5.3434     53.203     52.950  42.458808    45.9900     1.3863     1.2780     0.5922 2.9821e+01    53.8923      0.051      0.073    15.0891 0.0000e+00
      0.025     -0.103     5.3390     53.314     52.964  42.470110    45.9900     1.3977     1.2780     0.5922 4.8467e+01    53.9075      0.024      0.035    15.0892 0.0000e+00
