Data/DataNotYetUploadedToEDI/Raw_CTD/RawDownloads/102025_fcr50_S7809007.cnv
* Sea-Bird SBE19plus  Data File:
* FileName = C:\R\Reservoirs\Data\DataNotYetUploadedToEDI\Raw_CTD\RawDownloads\102025_fcr50_S7809_0007.hex
* Software version 2.8.0.119
* Temperature SN = 7809
* Conductivity SN = 7809
* System UpLoad Time = Oct 20 2025 17:25:05
* <ApplicationData>
* <Seaterm232>
# nquan = 15
# nvalues = 1630                        
# units = specified
# name 0 = depFM: Depth [fresh water, m]
# name 1 = dz/dtM: Descent Rate [m/s]
# name 2 = sbeox0Mg/L: Oxygen, SBE 43 [mg/l]
# name 3 = sbeox0PS: Oxygen, SBE 43 [% saturation]
# name 4 = specc: Specific Conductance [uS/cm]
# name 5 = c0uS/cm: Conductivity [uS/cm]
# name 6 = flECO-AFL: Fluorescence, WET Labs ECO-AFL/FL [mg/m^3]
# name 7 = ph: pH
# name 8 = orp: Oxidation Reduction Potential [mV]
# name 9 = par/sat/log: PAR/Logarithmic, Satlantic
# name 10 = turbWETntu0: Turbidity, WET Labs ECO [NTU]
# name 11 = prdM: Pressure, Strain Gauge [db]
# name 12 = prdE: Pressure, Strain Gauge [psi]
# name 13 = tv290C: Temperature [ITS-90, deg C]
# name 14 = flag:  0.000e+00
# span 0 =     -0.637,      9.180       
# span 1 =     -0.138,      0.529       
# span 2 =     0.5177,     9.4091       
# span 3 =      4.938,     95.773       
# span 4 =      0.757,     79.057       
# span 5 =   0.648082,  60.067616       
# span 6 =    -0.0674,     2.1574       
# span 7 =     -0.189,     11.841       
# span 8 = -1240.7455,  1231.8710       
# span 9 = 1.2364e-01, 2.1180e+03       
# span 10 =     0.5663,    88.1575      
# span 11 =     -0.625,      9.003      
# span 12 =     -0.906,     13.058      
# span 13 =    12.9644,    17.8384      
# span 14 = 0.0000e+00, 0.0000e+00      
# interval = seconds: 0.25
# start_time = Oct 20 2025 12:37:58 [Instrument's time stamp, header]
# bad_flag = -9.990e-29
*END*
[from data line 772]
      1.267      0.025     6.8852     69.828     43.029  35.183345     1.9004      8.655   180.9798 2.9779e+01     5.0824      1.246      1.806    15.8880 0.0000e+00
      1.278      0.023     6.8794     69.939     43.056  35.202218     1.8728      8.656   181.0648 2.9595e+01     5.0143      1.257      1.823    15.8901 0.0000e+00
      1.282      0.018     6.8838     70.009     43.091  35.232116     1.8630      8.657   180.9420 2.9513e+01     4.9949      1.256      1.822    15.8866 0.0000e+00
      1.283      0.012     6.8970     70.028     43.076  35.227595     1.8810      8.658   180.6131 2.9314e+01     5.0872      1.258      1.824    15.8834 0.0000e+00
      1.283      0.006     6.9090     70.047     43.041  35.211017     1.8912      8.660   180.2711 2.9266e+01     5.1735      1.259      1.826    15.8794 0.0000e+00
      1.283      0.004     6.9220     70.072     43.039  35.222031     1.8704      8.662   180.0765 2.9231e+01     5.1155      1.258      1.825    15.8748 0.0000e+00
      1.284      0.007     6.9311     70.085     43.043  35.233887     1.8620      8.663   179.8959 2.9031e+01     5.1381      1.259      1.826    15.8747 0.0000e+00
      1.284      0.012     6.9268     70.102     43.036  35.227478     1.8727      8.663   180.0668 2.8786e+01     5.2759      1.260      1.827    15.8845 0.0000e+00
      1.284      0.018     6.9271     70.147     43.026  35.207982     1.8672      8.663   180.5939 2.8581e+01     5.3136      1.259      1.827    15.9002 0.0000e+00
      1.289      0.023     6.9290     70.235     43.016  35.188490     1.8452      8.664   180.5907 2.8037e+01     5.2522      1.261      1.829    15.9163 0.0000e+00
      1.300      0.027     6.9273     70.372     43.013  35.182137     1.8222      8.665   180.0279 2.7238e+01     5.1481      1.274      1.847    15.9287 0.0000e+00
      1.313      0.029     6.9279     70.526     43.025  35.194608     1.8302      8.665   179.5531 2.6722e+01     5.0795      1.290      1.872    15.9287 0.0000e+00
      1.321      0.028     6.9347     70.635     43.044  35.212383     1.8597      8.666   179.9266 2.6409e+01     5.0714      1.296      1.879    15.9113 0.0000e+00
      1.327      0.023     6.9454     70.665     43.034  35.206714     1.8715      8.668   180.9299 2.6181e+01     5.0502      1.300      1.885    15.8924 0.0000e+00
      1.332      0.016     6.9600     70.637     43.011  35.189514     1.8560      8.670   181.2732 2.6035e+01     4.9600      1.309      1.897    15.8916 0.0000e+00
      1.335      0.010     6.9775     70.579     43.016  35.194769     1.8130      8.670   181.0660 2.5944e+01     4.9377      1.311      1.901    15.8968 0.0000e+00
      1.336      0.006     6.9893     70.497     43.027  35.206810     1.7845      8.671   180.6613 2.5915e+01     5.1223      1.310      1.900    15.8993 0.0000e+00
      1.336      0.005     6.9908     70.427     43.023  35.208196     1.7946      8.672   179.9941 2.5868e+01     5.2451      1.310      1.900    15.9021 0.0000e+00
      1.336      0.008     6.9856     70.399     43.021  35.211546     1.8023      8.672   179.8815 2.5754e+01     5.2262      1.310      1.900    15.9036 0.0000e+00
      1.336      0.016     6.9814     70.424     42.985  35.183870     1.8019      8.674   180.4187 2.5655e+01     5.2012      1.310      1.900    15.9056 0.0000e+00
      1.338      0.026     6.9702     70.512     42.925  35.127360     1.8067      8.675   180.7245 2.5533e+01     5.1819      1.311      1.901    15.9087 0.0000e+00
      1.344      0.038     6.9613     70.631     42.910  35.099316     1.8273      8.675   180.5684 2.5113e+01     5.2322      1.314      1.905    15.9139 0.0000e+00
      1.357      0.051     6.9582     70.733     42.929  35.098574     1.8594      8.674   180.1649 2.4526e+01     5.2287      1.330      1.929    15.9213 0.0000e+00
      1.374      0.062     6.9582     70.767     42.968  35.118362     1.8616      8.673   179.7179 2.4030e+01     5.1047      1.348      1.956    15.9257 0.0000e+00
      1.392      0.069     6.9703     70.696     43.011  35.148210     1.8792      8.673   179.3801 2.3318e+01     4.9963      1.363      1.977    15.9172 0.0000e+00
      1.413      0.073     6.9869     70.541     43.004  35.142211     1.9479      8.674   179.1781 2.2453e+01     4.9782      1.385      2.009    15.8945 0.0000e+00
      1.435      0.073     7.0017     70.351     42.964  35.109280     2.0012      8.674   179.1681 2.1811e+01     5.0224      1.409      2.043    15.8736 0.0000e+00
      1.454      0.070     7.0094     70.152     42.916  35.067293     2.0241      8.674   179.2598 2.1300e+01     4.9842      1.428      2.070    15.8592 0.0000e+00
      1.470      0.065     7.0022     69.971     42.859  35.015235     2.0168      8.674   179.2536 2.0740e+01     4.9597      1.441      2.090    15.8522 0.0000e+00
      1.486      0.059     6.9839     69.839     42.832  34.987431     2.0051      8.674   179.0070 2.0165e+01     5.1024      1.457      2.114    15.8551 0.0000e+00
      1.501      0.054     6.9648     69.771     42.836  34.984906     2.0146      8.674   178.3431 1.9765e+01     5.2407      1.475      2.138    15.8564 0.0000e+00
      1.513      0.052     6.9446     69.747     42.844  34.984686     2.0157      8.674   177.6801 1.9447e+01     5.2656      1.485      2.152    15.8521 0.0000e+00
      1.524      0.052     6.9267     69.752     42.851  34.984771     1.9772      8.674   177.6153 1.9029e+01     5.1984      1.493      2.166    15.8448 0.0000e+00
      1.535      0.055     6.9134     69.767     42.852  34.985923     1.9062      8.674   177.9908 1.8626e+01     5.0768      1.506      2.185    15.8387 0.0000e+00
      1.548      0.057     6.9091     69.768     42.863  34.998611     1.8905      8.673   178.3481 1.8098e+01     5.0592      1.516      2.199    15.8331 0.0000e+00
      1.564      0.057     6.9081     69.736     42.875  35.011290     1.9116      8.671   177.7187 1.7303e+01     5.1907      1.530      2.220    15.8238 0.0000e+00
      1.585      0.057     6.9107     69.678     42.874  35.012339     1.8790      8.671   176.4040 1.6608e+01     5.3344      1.556      2.257    15.8152 0.0000e+00
      1.602      0.053     6.9128     69.608     42.871  35.011291     1.8124      8.671   175.8746 1.6215e+01     5.3966      1.575      2.283    15.8155 0.0000e+00
      1.613      0.048     6.9126     69.528     42.854  34.998621     1.7638      8.672   175.8774 1.5903e+01     5.3620      1.583      2.294    15.8232 0.0000e+00
      1.623      0.041     6.9093     69.494     42.836  34.986036     1.7655      8.672   176.0940 1.5573e+01     5.3601      1.592      2.309    15.8268 0.0000e+00
      1.632      0.035     6.9008     69.471     42.835  34.986027     1.8160      8.672   176.6004 1.5306e+01     5.3393      1.602      2.324    15.8270 0.0000e+00
      1.639      0.031     6.8978     69.458     42.851  34.998516     1.8756      8.672   176.4083 1.5112e+01     5.2136      1.608      2.332    15.8290 0.0000e+00
      1.645      0.029     6.8821     69.530     42.866  35.010146     1.8950      8.672   175.4057 1.4965e+01     5.1375      1.613      2.339    15.8308 0.0000e+00
      1.652      0.028     6.8830     69.615     42.854  34.999753     1.8763      8.672   174.8032 1.4775e+01     5.1029      1.620      2.350    15.8331 0.0000e+00
      1.660      0.028     6.8827     69.668     42.855  34.999753     1.8651      8.672   174.9733 1.4575e+01     5.0684      1.628      2.361    15.8355 0.0000e+00
      1.668      0.028     6.8716     69.713     42.869  35.010136     1.9013      8.674   175.3114 1.4461e+01     5.0277      1.635      2.372    15.8351 0.0000e+00
      1.675      0.028     6.8883     69.730     42.856  34.998391     1.9644      8.675   175.3637 1.4365e+01     4.9865      1.643      2.383    15.8328 0.0000e+00
      1.681      0.028     6.8967     69.738     42.841  34.984642     1.9864      8.675   175.2609 1.4299e+01     4.9810      1.649      2.392    15.8315 0.0000e+00
      1.687      0.029     6.8993     69.755     42.826  34.970788     1.9767      8.676   175.1878 1.4240e+01     5.0289      1.654      2.399    15.8314 0.0000e+00
      1.695      0.030     6.9072     69.763     42.812  34.957786     1.9720      8.677   175.0826 1.4154e+01     5.1899      1.662      2.410    15.8301 0.0000e+00
      1.704      0.031     6.9069     69.732     42.810  34.954326     1.9623      8.677   174.9347 1.4113e+01     5.3219      1.672      2.424    15.8288 0.0000e+00
      1.712      0.034     6.9071     69.676     42.782  34.928956     1.9423      8.678   174.7757 1.4052e+01     5.2929      1.678      2.434    15.8279 0.0000e+00
      1.721      0.039     6.9101     69.627     42.757  34.904825     1.9313      8.678   175.0533 1.3981e+01     5.2836      1.688      2.447    15.8250 0.0000e+00
      1.729      0.043     6.9126     69.563     42.775  34.916340     1.9619      8.678   175.5387 1.3915e+01     5.2780      1.696      2.461    15.8228 0.0000e+00
      1.738      0.047     6.9099     69.492     42.808  34.941291     2.0212      8.678   175.4825 1.3699e+01     5.1562      1.702      2.468    15.8208 0.0000e+00
      1.753      0.050     6.9012     69.432     42.822  34.952713     2.0323      8.678   175.3196 1.3340e+01     5.0062      1.717      2.490    15.8180 0.0000e+00
      1.771      0.053     6.9002     69.372     42.791  34.927540     1.9962      8.678   175.2033 1.3026e+01     4.9001      1.740      2.524    15.8141 0.0000e+00
      1.786      0.056     6.8940     69.325     42.750  34.890721     1.9752      8.679   174.9371 1.2827e+01     4.9666      1.754      2.544    15.8086 0.0000e+00
      1.796      0.057     6.8847     69.277     42.754  34.888216     1.9710      8.679   175.1984 1.2617e+01     5.1609      1.760      2.553    15.8072 0.0000e+00
      1.810      0.055     6.8816     69.198     42.770  34.897247     1.9704      8.679   175.8667 1.2296e+01     5.2679      1.773      2.572    15.8083 0.0000e+00
      1.827      0.052     6.8729     69.108     42.744  34.873012     1.9593      8.680   175.9632 1.1962e+01     5.2345      1.791      2.598    15.8092 0.0000e+00
      1.842      0.050     6.8701     69.011     42.718  34.848983     1.9198      8.681   175.7626 1.1721e+01     5.1673      1.808      2.622    15.8046 0.0000e+00
      1.855      0.046     6.8690     68.875     42.735  34.860510     1.8923      8.682   175.6777 1.1506e+01     5.2078      1.819      2.639    15.7957 0.0000e+00
      1.865      0.040     6.8597     68.709     42.768  34.885481     1.9018      8.682   175.3672 1.1290e+01     5.2457      1.829      2.654    15.7917 0.0000e+00
      1.874      0.034     6.8506     68.550     42.783  34.897112     1.9095      8.682   175.3638 1.1107e+01     5.2154      1.839      2.667    15.7888 0.0000e+00
      1.882      0.029     6.8439     68.413     42.756  34.874239     1.8938      8.682   175.8949 1.0954e+01     5.1833      1.846      2.678    15.7855 0.0000e+00
      1.889      0.025     6.8304     68.308     42.741  34.862723     1.8693      8.683   176.1099 1.0845e+01     5.1304      1.854      2.688    15.7833 0.0000e+00
      1.894      0.021     6.8116     68.252     42.766  34.884766     1.8719      8.684   175.9852 1.0752e+01     5.0885      1.858      2.695    15.7811 0.0000e+00
      1.899      0.017     6.7966     68.245     42.766  34.886969     1.9005      8.684   175.9357 1.0659e+01     5.0187      1.862      2.701    15.7793 0.0000e+00
      1.903      0.013     6.7827     68.282     42.767  34.889362     1.9244      8.684   175.9417 1.0614e+01     4.9689      1.866      2.708    15.7792 0.0000e+00
      1.906      0.010     6.7708     68.353     42.795  34.913699     1.9351      8.685   175.9720 1.0603e+01     4.9647      1.869      2.711    15.7804 0.0000e+00
      1.908      0.008     6.7656     68.442     42.811  34.927448     1.9383      8.686   176.0431 1.0585e+01     4.9338      1.871      2.715    15.7820 0.0000e+00
      1.910      0.007     6.7645     68.527     42.813  34.928698     1.9465      8.686   176.1136 1.0594e+01     4.9718      1.873      2.717    15.7843 0.0000e+00
      1.910      0.007     6.7683     68.601     42.814  34.928811     1.9599      8.687   176.1366 1.0603e+01     4.9788      1.873      2.717    15.7866 0.0000e+00
      1.911      0.008     6.7754     68.668     42.814  34.928811     1.9673      8.688   176.1487 1.0552e+01     4.8481      1.873      2.717    15.7885 0.0000e+00
      1.913      0.011     6.7853     68.712     42.812  34.928697     1.9692      8.689   176.0878 1.0480e+01     4.7579      1.876      2.721    15.7890 0.0000e+00
      1.917      0.016     6.7943     68.727     42.810  34.927439     1.9743      8.689   175.9161 1.0444e+01     4.8111      1.880      2.728    15.7882 0.0000e+00
      1.920      0.020     6.8009     68.725     42.794  34.913596     1.9962      8.690   175.7935 1.0395e+01     4.9445      1.882      2.730    15.7867 0.0000e+00
      1.925      0.023     6.8087     68.724     42.764  34.888217     2.0086      8.691   175.8105 1.0273e+01     4.9702      1.887      2.736    15.7871 0.0000e+00
      1.934      0.025     6.8133     68.736     42.747  34.874374     1.9906      8.692   175.8625 1.0139e+01     4.8490      1.897      2.751    15.7899 0.0000e+00
      1.943      0.026     6.8135     68.755     42.746  34.873117     1.9960      8.692   175.8205 1.0044e+01     4.8447      1.907      2.765    15.7901 0.0000e+00
      1.950      0.026     6.8133     68.773     42.746  34.873012     2.0234      8.692   175.7329 9.9641e+00     4.9873      1.914      2.774    15.7885 0.0000e+00
      1.955      0.025     6.8120     68.778     42.746  34.873105     2.0393      8.693   175.6637 9.8838e+00     5.0353      1.917      2.781    15.7881 0.0000e+00
      1.961      0.024     6.8144     68.742     42.748  34.874248     2.0549      8.693   175.5863 9.7871e+00     4.9475      1.923      2.789    15.7875 0.0000e+00
      1.967      0.022     6.8164     68.677     42.765  34.886832     2.0541      8.693   175.4857 9.6666e+00     4.8480      1.928      2.796    15.7869 0.0000e+00
      1.973      0.020     6.8177     68.621     42.780  34.898359     2.0536      8.694   175.3931 9.5424e+00     4.8571      1.934      2.807    15.7871 0.0000e+00
      1.979      0.020     6.8211     68.586     42.766  34.886719     2.0656      8.695   175.3270 9.4518e+00     4.8862      1.942      2.818    15.7877 0.0000e+00
      1.983      0.020     6.8159     68.562     42.749  34.872991     2.0584      8.696   175.2887 9.3843e+00     4.8919      1.945      2.821    15.7868 0.0000e+00
      1.986      0.020     6.8087     68.552     42.732  34.859272     2.0329      8.698   175.3607 9.2734e+00     4.9267      1.946      2.823    15.7848 0.0000e+00
      1.991      0.020     6.8022     68.550     42.718  34.847736     1.9985      8.698   175.5093 9.1114e+00     4.8624      1.951      2.830    15.7841 0.0000e+00
      1.998      0.021     6.8001     68.541     42.734  34.860406     1.9926      8.698   175.5363 8.9782e+00     4.8321      1.960      2.843    15.7844 0.0000e+00
      2.004      0.022     6.7969     68.550     42.765  34.885574     2.0286      8.698   175.4287 8.8821e+00     4.9361      1.967      2.852    15.7845 0.0000e+00
      2.008      0.024     6.7958     68.556     42.782  34.898244     2.0667      8.698   175.4997 8.7553e+00     5.0263      1.969      2.855    15.7839 0.0000e+00
      2.013      0.027     6.7981     68.546     42.768  34.886698     2.0783      8.698   175.6198 8.5928e+00     5.0692      1.973      2.861    15.7836 0.0000e+00
      2.020      0.031     6.7935     68.550     42.750  34.872876     2.0611      8.697   175.5038 8.4549e+00     5.0455      1.981      2.874    15.7839 0.0000e+00
