Data/DataNotYetUploadedToEDI/Raw_CTD/RawDownloads/102025_fcr50_S7809007.cnv
* Sea-Bird SBE19plus  Data File:
* FileName = C:\R\Reservoirs\Data\DataNotYetUploadedToEDI\Raw_CTD\RawDownloads\102025_fcr50_S7809_0007.hex
* Software version 2.8.0.119
* Temperature SN = 7809
* Conductivity SN = 7809
* System UpLoad Time = Oct 20 2025 17:25:05
* <ApplicationData>
* <Seaterm232>
# nquan = 15
# nvalues = 1630                        
# units = specified
# name 0 = depFM: Depth [fresh water, m]
# name 1 = dz/dtM: Descent Rate [m/s]
# name 2 = sbeox0Mg/L: Oxygen, SBE 43 [mg/l]
# name 3 = sbeox0PS: Oxygen, SBE 43 [% saturation]
# name 4 = specc: Specific Conductance [uS/cm]
# name 5 = c0uS/cm: Conductivity [uS/cm]
# name 6 = flECO-AFL: Fluorescence, WET Labs ECO-AFL/FL [mg/m^3]
# name 7 = ph: pH
# name 8 = orp: Oxidation Reduction Potential [mV]
# name 9 = par/sat/log: PAR/Logarithmic, Satlantic
# name 10 = turbWETntu0: Turbidity, WET Labs ECO [NTU]
# name 11 = prdM: Pressure, Strain Gauge [db]
# name 12 = prdE: Pressure, Strain Gauge [psi]
# name 13 = tv290C: Temperature [ITS-90, deg C]
# name 14 = flag:  0.000e+00
# span 0 =     -0.637,      9.180       
# span 1 =     -0.138,      0.529       
# span 2 =     0.5177,     9.4091       
# span 3 =      4.938,     95.773       
# span 4 =      0.757,     79.057       
# span 5 =   0.648082,  60.067616       
# span 6 =    -0.0674,     2.1574       
# span 7 =     -0.189,     11.841       
# span 8 = -1240.7455,  1231.8710       
# span 9 = 1.2364e-01, 2.1180e+03       
# span 10 =     0.5663,    88.1575      
# span 11 =     -0.625,      9.003      
# span 12 =     -0.906,     13.058      
# span 13 =    12.9644,    17.8384      
# span 14 = 0.0000e+00, 0.0000e+00      
# interval = seconds: 0.25
# start_time = Oct 20 2025 12:37:58 [Instrument's time stamp, header]
# bad_flag = -9.990e-29
*END*
[from data line 193]
      0.104      0.002     7.8703     76.929     42.604  35.121526     1.5201      8.434   165.0338 5.2960e+01     4.7278      0.102      0.148    16.2164 0.0000e+00
      0.105      0.002     7.7743     76.360     42.590  35.110095     1.5406      8.436   165.0376 5.3170e+01     4.8105      0.103      0.149    16.2141 0.0000e+00
      0.105      0.002     7.6866     75.884     42.574  35.097426     1.5467      8.438   164.8814 5.3195e+01     4.7627      0.103      0.150    16.2153 0.0000e+00
      0.105      0.001     7.6143     75.521     42.570  35.095243     1.5353      8.439   164.7809 5.2922e+01     4.6969      0.103      0.149    16.2163 0.0000e+00
      0.106      0.001     7.5577     75.234     42.555  35.083699     1.5446      8.441   164.7682 5.2480e+01     4.7663      0.104      0.150    16.2154 0.0000e+00
      0.106      0.001     7.4980     75.019     42.557  35.084752     1.5761      8.442   164.9865 5.2063e+01     4.8153      0.104      0.151    16.2142 0.0000e+00
      0.106      0.001     7.4504     74.873     42.587  35.107981     1.5914      8.444   165.4411 5.2008e+01     4.7770      0.104      0.151    16.2150 0.0000e+00
      0.106      0.001     7.4173     74.775     42.593  35.110757     1.5553      8.445   165.7906 5.2360e+01     4.7131      0.104      0.151    16.2169 0.0000e+00
      0.107      0.001     7.3881     74.718     42.604  35.118312     1.4966      8.447   165.8568 5.2513e+01     4.6916      0.105      0.152    16.2185 0.0000e+00
      0.107      0.001     7.3669     74.682     42.624  35.135876     1.4811      8.450   165.8119 5.2399e+01     4.7568      0.105      0.152    16.2180 0.0000e+00
      0.107      0.001     7.3547     74.638     42.618  35.132778     1.5013      8.451   166.2796 5.2462e+01     4.7840      0.104      0.151    16.2158 0.0000e+00
      0.107      0.001     7.3445     74.580     42.629  35.144305     1.4995      8.451   167.2097 5.2416e+01     4.7135      0.105      0.153    16.2131 0.0000e+00
      0.107      0.001     7.3408     74.550     42.634  35.148357     1.4684      8.452   167.6795 5.2204e+01     4.6218      0.105      0.152    16.2104 0.0000e+00
      0.107      0.001     7.3378     74.521     42.597  35.118321     1.4654      8.453   167.7442 5.2237e+01     4.6315      0.105      0.152    16.2110 0.0000e+00
      0.108      0.001     7.3337     74.421     42.572  35.098390     1.4973      8.456   167.7334 5.2421e+01     4.7282      0.106      0.153    16.2147 0.0000e+00
      0.108      0.001     7.3261     74.387     42.572  35.097712     1.5041      8.458   167.5493 5.2615e+01     4.7320      0.106      0.154    16.2172 0.0000e+00
      0.108      0.001     7.3201     74.474     42.587  35.110132     1.4895      8.458   167.5828 5.2540e+01     4.6440      0.106      0.154    16.2176 0.0000e+00
      0.108      0.001     7.3289     74.516     42.602  35.121653     1.4959      8.459   168.0524 5.2387e+01     4.5855      0.106      0.154    16.2178 0.0000e+00
      0.108      0.001     7.3067     74.479     42.590  35.110116     1.5145      8.461   168.4959 5.2467e+01     4.6391      0.107      0.155    16.2182 0.0000e+00
      0.108      0.001     7.2994     74.453     42.575  35.097541     1.5395      8.462   168.7280 5.2435e+01     4.7811      0.106      0.154    16.2188 0.0000e+00
      0.109      0.001     7.3210     74.467     42.574  35.096502     1.5565      8.463   168.8803 5.2199e+01     4.7992      0.107      0.155    16.2184 0.0000e+00
      0.109      0.001     7.3237     74.480     42.574  35.097557     1.5372      8.465   168.9616 5.2166e+01     4.7214      0.107      0.155    16.2166 0.0000e+00
      0.109      0.001     7.3159     74.443     42.586  35.110289     1.5141      8.467   168.7640 5.2326e+01     4.6936      0.107      0.155    16.2152 0.0000e+00
      0.109      0.001     7.3124     74.371     42.599  35.123555     1.5267      8.467   168.3837 5.2223e+01     4.7026      0.107      0.155    16.2145 0.0000e+00
      0.110      0.001     7.3164     74.325     42.605  35.131062     1.5486      8.469   168.3218 5.2111e+01     4.7283      0.108      0.156    16.2140 0.0000e+00
      0.110      0.001     7.3186     74.284     42.611  35.137602     1.5372      8.471   168.5321 5.2101e+01     4.6963      0.108      0.156    16.2155 0.0000e+00
      0.110      0.001     7.3162     74.280     42.612  35.139189     1.5136      8.471   168.8613 5.1917e+01     4.6921      0.108      0.156    16.2189 0.0000e+00
      0.110      0.000     7.3010     74.294     42.625  35.150253     1.5128      8.472   168.7747 5.1834e+01     4.7111      0.108      0.157    16.2223 0.0000e+00
      0.110 1.8628e-08     7.3026     74.240     42.617  35.144476     1.5362      8.474   168.0004 5.2224e+01     4.6872      0.108      0.157    16.2251 0.0000e+00
      0.110 2.0490e-07     7.2945     74.252     42.602  35.132784     1.5633      8.476   167.6734 5.2727e+01     4.6764      0.108      0.157    16.2268 0.0000e+00
      0.110 2.0490e-07     7.2912     74.360     42.603  35.135782     1.5497      8.477   168.0899 5.2733e+01     4.6143      0.108      0.157    16.2277 0.0000e+00
      0.110 1.8627e-08     7.3055     74.434     42.578  35.117279     1.5127      8.478   168.6482 5.2824e+01     4.5863      0.108      0.157    16.2284 0.0000e+00
      0.111 1.6935e-09     7.2858     74.456     42.556  35.099417     1.5324      8.480   169.1756 5.2806e+01     4.6784      0.108      0.157    16.2285 0.0000e+00
      0.111 1.5499e-10     7.2870     74.463     42.571  35.110172     1.5882      8.482   169.0464 5.1990e+01     4.7718      0.109      0.158    16.2296 0.0000e+00
      0.111 2.5471e-11     7.3067     74.486     42.586  35.120409     1.6042      8.482   168.2908 5.1419e+01     4.7592      0.108      0.157    16.2324 0.0000e+00
      0.111 1.4023e-10     7.3106     74.502     42.558  35.096290     1.5854      8.483   167.9552 5.1726e+01     4.6628      0.108      0.157    16.2354 0.0000e+00
      0.111 1.5426e-09     7.3126     74.469     42.531  35.072343     1.5851      8.485   168.0867 5.2243e+01     4.6646      0.109      0.158    16.2360 0.0000e+00
      0.111 1.6968e-08     7.3112     74.423     42.549  35.084658     1.6171      8.485   168.3321 5.2294e+01     4.7815      0.109      0.158    16.2334 0.0000e+00
      0.111 1.8665e-07     7.3152     74.437     42.591  35.118295     1.6221      8.486   168.6846 5.2034e+01     4.7780      0.109      0.158    16.2310 0.0000e+00
      0.111 1.9040e-07     7.3195     74.473     42.646  35.161800     1.5956      8.488   168.9075 5.1822e+01     4.6556      0.109      0.159    16.2296 0.0000e+00
      0.111 6.2317e-08     7.3156     74.477     42.654  35.166528     1.5797      8.490   168.9622 5.1700e+01     4.6011      0.109      0.158    16.2272 0.0000e+00
      0.111 5.0076e-07     7.3059     74.451     42.592  35.112013     1.5804      8.490   169.0013 5.1609e+01     4.6643      0.109      0.158    16.2246 0.0000e+00
      0.112      0.000     7.3110     74.398     42.549  35.073695     1.5950      8.491   168.8637 5.1568e+01     4.7711      0.109      0.159    16.2229 0.0000e+00
      0.112      0.000     7.3178     74.367     42.564  35.083922     1.5980      8.491   168.5897 5.1784e+01     4.7652      0.110      0.159    16.2214 0.0000e+00
      0.112      0.001     7.3164     74.370     42.595  35.108766     1.5836      8.492   168.8720 5.2178e+01     4.6611      0.109      0.159    16.2191 0.0000e+00
      0.112      0.002     7.3161     74.325     42.612  35.120282     1.5630      8.494   169.5237 5.2279e+01     4.6058      0.110      0.160    16.2155 0.0000e+00
      0.112      0.005     7.3090     74.268     42.587  35.096265     1.5480      8.496   169.6727 5.2076e+01     4.6432      0.110      0.159    16.2113 0.0000e+00
      0.112      0.009     7.3034     74.301     42.564  35.072165     1.5526      8.497   169.5543 5.2087e+01     4.7027      0.109      0.159    16.2093 0.0000e+00
      0.114      0.013     7.3106     74.348     42.581  35.082676     1.5517      8.498   169.3819 5.2031e+01     4.6768      0.112      0.162    16.2089 0.0000e+00
      0.119      0.017     7.3056     74.372     42.598  35.096457     1.5457      8.497   169.0512 5.1438e+01     4.7068      0.115      0.169    16.2074 0.0000e+00
      0.125      0.018     7.2906     74.405     42.614  35.111892     1.5470      8.495   169.1701 5.0695e+01     4.8939      0.121      0.176    16.2021 0.0000e+00
      0.132      0.017     7.3044     74.428     42.648  35.142408     1.5422      8.490   169.8733 5.0263e+01     5.0262      0.130      0.188    16.1945 0.0000e+00
      0.139      0.015     7.3097     74.408     42.654  35.148186     1.5461      8.485   170.3256 5.0037e+01     5.0081      0.137      0.201    16.1900 0.0000e+00
      0.142      0.012     7.3083     74.336     42.620  35.118298     1.5605      8.481   170.2507 4.9831e+01     4.8457      0.139      0.203    16.1903 0.0000e+00
      0.143      0.008     7.3144     74.294     42.599  35.098277     1.5827      8.478   170.0865 4.9694e+01     4.7029      0.140      0.202    16.1942 0.0000e+00
      0.143      0.004     7.3149     74.282     42.599  35.096457     1.6150      8.476   170.1472 4.9411e+01     4.7499      0.140      0.204    16.1982 0.0000e+00
      0.144      0.002     7.3170     74.235     42.599  35.096293     1.6348      8.475   170.3824 4.9361e+01     4.7984      0.141      0.204    16.1985 0.0000e+00
      0.144      0.000     7.3034     74.223     42.598  35.096292     1.6226      8.475   170.6930 4.9671e+01     4.7095      0.141      0.204    16.1949 0.0000e+00
      0.144      0.000     7.2996     74.277     42.598  35.096448     1.5832      8.476   170.9773 4.9596e+01     4.5975      0.141      0.204    16.1911 0.0000e+00
      0.143      0.000     7.3063     74.352     42.602  35.098173     1.5752      8.478   171.1528 4.9406e+01     4.6392      0.140      0.204    16.1900 0.0000e+00
      0.143      0.001     7.2941     74.422     42.628  35.117155     1.6093      8.480   171.2665 4.9583e+01     4.7700      0.140      0.203    16.1903 0.0000e+00
      0.144      0.001     7.2921     74.415     42.653  35.135604     1.6127      8.481   171.2335 4.9579e+01     4.7783      0.141      0.204    16.1910 0.0000e+00
      0.144      0.001     7.3018     74.380     42.650  35.130886     1.5665      8.482   171.0119 4.9169e+01     4.7050      0.141      0.205    16.1911 0.0000e+00
      0.145      0.001     7.3067     74.429     42.641  35.123560     1.5166      8.484   170.8234 4.9170e+01     4.6705      0.142      0.206    16.1899 0.0000e+00
      0.145      0.001     7.3200     74.486     42.623  35.110474     1.5095      8.485   170.9335 4.9664e+01     4.7018      0.142      0.206    16.1872 0.0000e+00
      0.145      0.001     7.3189     74.544     42.605  35.099567     1.5388      8.487   171.2253 4.9932e+01     4.7763      0.142      0.206    16.1840 0.0000e+00
      0.145      0.001     7.3048     74.649     42.623  35.118585     1.5461      8.489   171.5119 5.0014e+01     4.7848      0.143      0.207    16.1812 0.0000e+00
      0.145      0.001     7.3194     74.672     42.659  35.150076     1.5223      8.490   171.3876 5.0135e+01     4.7024      0.142      0.206    16.1802 0.0000e+00
      0.146      0.001     7.3249     74.607     42.675  35.163086     1.5090      8.492   170.8404 4.9893e+01     4.6347      0.143      0.207    16.1831 0.0000e+00
      0.146      0.001     7.3208     74.569     42.661  35.148989     1.5180      8.495   170.5739 4.9374e+01     4.6491      0.143      0.207    16.1880 0.0000e+00
      0.146      0.001     7.3432     74.512     42.611  35.106525     1.5321      8.496   170.5752 4.9372e+01     4.6719      0.143      0.208    16.1933 0.0000e+00
      0.146      0.001     7.3439     74.413     42.595  35.093792     1.5293      8.497   170.7699 4.9632e+01     4.6032      0.143      0.208    16.1970 0.0000e+00
      0.147      0.001     7.3276     74.352     42.628  35.121931     1.5167      8.499   171.2074 4.9568e+01     4.5697      0.144      0.209    16.1951 0.0000e+00
      0.147      0.001     7.3319     74.322     42.636  35.129515     1.5132      8.501   171.3051 4.9465e+01     4.6078      0.144      0.209    16.1915 0.0000e+00
      0.147      0.001     7.3268     74.242     42.627  35.122035     1.5287      8.501   170.9186 4.9539e+01     4.6539      0.144      0.209    16.1900 0.0000e+00
      0.147      0.001     7.3117     74.156     42.595  35.094950     1.5537      8.501   170.6640 4.9579e+01     4.7178      0.144      0.209    16.1904 0.0000e+00
      0.147      0.000     7.3057     74.140     42.550  35.055819     1.5498      8.503   170.7215 4.9508e+01     4.6976      0.144      0.209    16.1920 0.0000e+00
      0.148 4.0981e-07     7.3083     74.161     42.520  35.029596     1.5232      8.505   170.8395 4.9434e+01     4.6817      0.145      0.210    16.1936 0.0000e+00
      0.148      0.000     7.2985     74.235     42.525  35.031674     1.5240      8.508   170.9729 4.9182e+01     4.7647      0.145      0.210    16.1937 0.0000e+00
      0.147      0.000     7.2832     74.319     42.587  35.080946     1.5510      8.509   171.1300 4.9025e+01     4.8139      0.144      0.210    16.1914 0.0000e+00
      0.147      0.001     7.2890     74.301     42.634  35.117756     1.5575      8.510   171.1897 4.9390e+01     4.7638      0.144      0.210    16.1901 0.0000e+00
      0.148      0.001     7.2869     74.250     42.609  35.096037     1.5366      8.511   171.0923 4.9694e+01     4.6712      0.145      0.210    16.1886 0.0000e+00
      0.148      0.001     7.2952     74.260     42.581  35.072134     1.5153      8.512   170.9850 4.9631e+01     4.6165      0.145      0.211    16.1857 0.0000e+00
      0.148      0.001     7.3136     74.286     42.593  35.082545     1.5247      8.514   170.9249 4.9815e+01     4.6492      0.145      0.211    16.1830 0.0000e+00
      0.149      0.001     7.3056     74.282     42.607  35.095018     1.5583      8.516   171.2267 5.0056e+01     4.7592      0.146      0.212    16.1810 0.0000e+00
      0.149      0.001     7.2957     74.261     42.607  35.096048     1.5713      8.517   171.7942 4.9734e+01     4.7852      0.146      0.212    16.1798 0.0000e+00
      0.149      0.000     7.3010     74.231     42.605  35.095007     1.5577      8.519   171.9355 4.9362e+01     4.6900      0.146      0.212    16.1790 0.0000e+00
      0.149 4.2828e-07     7.3054     74.217     42.589  35.082431     1.5514      8.521   171.8165 4.9327e+01     4.6668      0.146      0.212    16.1791 0.0000e+00
      0.149      0.000     7.3030     74.238     42.574  35.070896     1.5619      8.521   171.7326 4.9360e+01     4.7440      0.146      0.212    16.1803 0.0000e+00
      0.149      0.000     7.3013     74.260     42.587  35.082432     1.5519      8.522   171.6086 4.9154e+01     4.7356      0.146      0.212    16.1821 0.0000e+00
      0.149      0.001     7.2972     74.253     42.603  35.095007     1.5221      8.525   171.9526 4.8751e+01     4.6330      0.146      0.212    16.1817 0.0000e+00
      0.149      0.001     7.2946     74.235     42.607  35.096048     1.4921      8.527   172.7082 4.8731e+01     4.5975      0.146      0.212    16.1819 0.0000e+00
      0.149      0.001     7.2976     74.227     42.608  35.095009     1.4727      8.527   173.0015 4.9102e+01     4.6818      0.146      0.212    16.1848 0.0000e+00
      0.150      0.001     7.3024     74.243     42.596  35.082442     1.4877      8.526   173.0031 4.9375e+01     4.7984      0.147      0.213    16.1863 0.0000e+00
      0.150      0.001     7.2988     74.270     42.584  35.071001     1.4979      8.526   172.9860 4.9565e+01     4.7767      0.147      0.213    16.1853 0.0000e+00
      0.150      0.001     7.2983     74.303     42.600  35.083568     1.4800      8.528   172.7941 4.9655e+01     4.6929      0.148      0.214    16.1826 0.0000e+00
