Data/DataNotYetUploadedToEDI/Raw_CTD/RawDownloads/102025_fcr50_S7809007.cnv
* Sea-Bird SBE19plus  Data File:
* FileName = C:\R\Reservoirs\Data\DataNotYetUploadedToEDI\Raw_CTD\RawDownloads\102025_fcr50_S7809_0007.hex
* Software version 2.8.0.119
* Temperature SN = 7809
* Conductivity SN = 7809
* System UpLoad Time = Oct 20 2025 17:25:05
* <ApplicationData>
* <Seaterm232>
# nquan = 15
# nvalues = 1630                        
# units = specified
# name 0 = depFM: Depth [fresh water, m]
# name 1 = dz/dtM: Descent Rate [m/s]
# name 2 = sbeox0Mg/L: Oxygen, SBE 43 [mg/l]
# name 3 = sbeox0PS: Oxygen, SBE 43 [% saturation]
# name 4 = specc: Specific Conductance [uS/cm]
# name 5 = c0uS/cm: Conductivity [uS/cm]
# name 6 = flECO-AFL: Fluorescence, WET Labs ECO-AFL/FL [mg/m^3]
# name 7 = ph: pH
# name 8 = orp: Oxidation Reduction Potential [mV]
# name 9 = par/sat/log: PAR/Logarithmic, Satlantic
# name 10 = turbWETntu0: Turbidity, WET Labs ECO [NTU]
# name 11 = prdM: Pressure, Strain Gauge [db]
# name 12 = prdE: Pressure, Strain Gauge [psi]
# name 13 = tv290C: Temperature [ITS-90, deg C]
# name 14 = flag:  0.000e+00
# span 0 =     -0.637,      9.180       
# span 1 =     -0.138,      0.529       
# span 2 =     0.5177,     9.4091       
# span 3 =      4.938,     95.773       
# span 4 =      0.757,     79.057       
# span 5 =   0.648082,  60.067616       
# span 6 =    -0.0674,     2.1574       
# span 7 =     -0.189,     11.841       
# span 8 = -1240.7455,  1231.8710       
# span 9 = 1.2364e-01, 2.1180e+03       
# span 10 =     0.5663,    88.1575      
# span 11 =     -0.625,      9.003      
# span 12 =     -0.906,     13.058      
# span 13 =    12.9644,    17.8384      
# span 14 = 0.0000e+00, 0.0000e+00      
# interval = seconds: 0.25
# start_time = Oct 20 2025 12:37:58 [Instrument's time stamp, header]
# bad_flag = -9.990e-29
*END*
[from data line 964]
      2.731      0.046     6.7239     67.880     42.720  34.828686     2.0277      8.706   167.1859 2.0898e+00     4.9543      2.680      3.888    15.7634 0.0000e+00
      2.738      0.052     6.7270     67.922     42.722  34.829745     2.0277      8.705   167.0304 2.0791e+00     4.9644      2.685      3.893    15.7623 0.0000e+00
      2.746      0.054     6.7302     67.973     42.707  34.818305     1.9968      8.703   166.9354 2.0325e+00     4.8424      2.688      3.897    15.7610 0.0000e+00
      2.765      0.053     6.7322     68.018     42.706  34.817265     1.9783      8.702   166.8975 1.9470e+00     4.7776      2.708      3.928    15.7602 0.0000e+00
      2.789      0.051     6.7319     68.060     42.706  34.817172     1.9961      8.701   166.9163 1.8719e+00     4.8298      2.738      3.972    15.7597 0.0000e+00
      2.804      0.050     6.7376     68.085     42.706  34.817173     2.0286      8.701   166.8193 1.8453e+00     4.9268      2.754      3.995    15.7599 0.0000e+00
      2.810      0.045     6.7430     68.072     42.706  34.817286     2.0217      8.701   166.4118 1.8468e+00     4.8928      2.755      3.997    15.7602 0.0000e+00
      2.816      0.039     6.7470     68.024     42.708  34.818534     1.9877      8.701   165.5169 1.8342e+00     4.7602      2.758      4.001    15.7604 0.0000e+00
      2.826      0.033     6.7516     67.968     42.724  34.832263     1.9922      8.702   163.5717 1.8087e+00     4.7916      2.772      4.020    15.7606 0.0000e+00
      2.836      0.029     6.7553     67.919     42.754  34.856384     2.0260      8.703   161.0466 1.7886e+00     4.9651      2.784      4.037    15.7604 0.0000e+00
      2.844      0.026     6.7542     67.897     42.755  34.856384     2.0388      8.703   158.9052 1.7766e+00     5.0471      2.787      4.043    15.7602 0.0000e+00
      2.851      0.021     6.7474     67.887     42.725  34.832264     2.0224      8.703   156.8671 1.7755e+00     4.9633      2.796      4.056    15.7602 0.0000e+00
      2.856      0.015     6.7428     67.897     42.708  34.818545     1.9858      8.704   154.9016 1.7731e+00     4.9086      2.803      4.066    15.7602 0.0000e+00
      2.858      0.010     6.7352     67.940     42.706  34.817401     1.9623      8.704   153.1241 1.7621e+00     5.0014      2.803      4.065    15.7600 0.0000e+00
      2.858      0.006     6.7355     67.985     42.707  34.818431     1.9713      8.705   151.4640 1.7646e+00     4.9924      2.803      4.065    15.7595 0.0000e+00
      2.858      0.002     6.7340     68.027     42.721  34.831005     1.9773      8.705   150.4020 1.7803e+00     4.9013      2.803      4.065    15.7594 0.0000e+00
      2.858      0.000     6.7324     68.055     42.733  34.842540     1.9186      8.705   149.8348 1.7838e+00     4.8902      2.803      4.065    15.7598 0.0000e+00
      2.858      0.000     6.7408     68.061     42.717  34.831005     1.8111      8.706   149.0801 1.7785e+00     4.8917      2.803      4.065    15.7603 0.0000e+00
      2.858      0.001     6.7428     68.051     42.701  34.818430     1.7686      8.708   147.9883 1.7770e+00     4.9537      2.803      4.065    15.7610 0.0000e+00
      2.858      0.001     6.7484     68.020     42.700  34.817389     1.7871      8.708   146.8720 1.7757e+00     4.9575      2.803      4.065    15.7621 0.0000e+00
      2.858      0.001     6.7515     67.982     42.701  34.818420     1.7848      8.709   145.9932 1.7711e+00     4.8359      2.803      4.065    15.7635 0.0000e+00
      2.859      0.002     6.7505     67.967     42.715  34.830891     1.7577      8.709   145.3652 1.7634e+00     4.7808      2.804      4.067    15.7652 0.0000e+00
      2.859      0.005     6.7512     67.999     42.726  34.841281     1.7497      8.710   144.8710 1.7534e+00     4.8720      2.805      4.068    15.7656 0.0000e+00
      2.859      0.012     6.7464     68.047     42.696  34.817160     1.7721      8.711   144.4923 1.7498e+00     5.0170      2.804      4.067    15.7654 0.0000e+00
      2.860      0.021     6.7423     68.064     42.666  34.793040     1.7777      8.711   144.2273 1.7501e+00     4.9955      2.804      4.067    15.7664 0.0000e+00
      2.864      0.028     6.7385     68.034     42.680  34.803432     1.7846      8.709   143.9905 1.7328e+00     4.8520      2.806      4.069    15.7680 0.0000e+00
      2.874      0.033     6.7433     67.979     42.696  34.815913     1.8312      8.707   143.5224 1.6911e+00     4.7843      2.815      4.083    15.7693 0.0000e+00
      2.891      0.036     6.7501     67.943     42.699  34.817047     1.8666      8.707   143.0408 1.6506e+00     4.8604      2.838      4.116    15.7700 0.0000e+00
      2.905      0.035     6.7520     67.929     42.699  34.817150     1.8799      8.707   143.0719 1.6250e+00     5.0210      2.853      4.138    15.7701 0.0000e+00
      2.912      0.030     6.7489     67.922     42.698  34.817160     1.9245      8.707   143.2971 1.6054e+00     5.0180      2.854      4.140    15.7691 0.0000e+00
      2.918      0.022     6.7407     67.919     42.698  34.817161     1.9907      8.707   143.5263 1.6022e+00     4.8922      2.862      4.152    15.7676 0.0000e+00
      2.922      0.014     6.7380     67.919     42.698  34.817160     2.0393      8.708   143.7780 1.6077e+00     4.9011      2.866      4.159    15.7666 0.0000e+00
      2.923      0.009     6.7375     67.918     42.698  34.817151     2.0710      8.709   143.5875 1.6145e+00     4.9890      2.867      4.157    15.7664 0.0000e+00
      2.923      0.009     6.7364     67.900     42.698  34.817046     2.0827      8.709   143.1159 1.6234e+00     5.0318      2.868      4.159    15.7675 0.0000e+00
      2.923      0.015     6.7359     67.866     42.697  34.815892     2.0647      8.709   143.0663 1.6182e+00     4.9752      2.867      4.158    15.7681 0.0000e+00
      2.924      0.027     6.7361     67.857     42.682  34.803204     2.0442      8.708   143.3313 1.6076e+00     4.8508      2.868      4.159    15.7676 0.0000e+00
      2.927      0.042     6.7367     67.885     42.668  34.790524     2.0587      8.707   143.7387 1.5960e+00     4.8593      2.869      4.161    15.7673 0.0000e+00
      2.938      0.057     6.7360     67.929     42.671  34.789475     2.0582      8.705   144.2926 1.5605e+00     4.9079      2.877      4.172    15.7672 0.0000e+00
      2.961      0.069     6.7293     67.981     42.676  34.790525     2.0210      8.705   144.2632 1.4910e+00     4.8580      2.902      4.209    15.7673 0.0000e+00
      2.989      0.077     6.7286     68.030     42.694  34.803205     2.0008      8.704   143.6421 1.4181e+00     4.8700      2.933      4.255    15.7672 0.0000e+00
      3.014      0.079     6.7332     68.044     42.710  34.815894     1.9883      8.701   143.4084 1.3723e+00     4.9174      2.959      4.291    15.7655 0.0000e+00
      3.034      0.073     6.7377     68.002     42.711  34.817047     1.9787      8.699   143.7600 1.3338e+00     4.9863      2.976      4.316    15.7610 0.0000e+00
      3.052      0.063     6.7437     67.901     42.712  34.817143     1.9674      8.699   144.1936 1.2908e+00     5.0879      2.992      4.340    15.7570 0.0000e+00
      3.068      0.051     6.7502     67.758     42.713  34.817058     1.9433      8.698   144.4356 1.2646e+00     5.0873      3.011      4.367    15.7555 0.0000e+00
      3.078      0.041     6.7530     67.629     42.713  34.816019     1.9287      8.698   144.5341 1.2526e+00     5.0475      3.020      4.380    15.7553 0.0000e+00
      3.084      0.032     6.7478     67.515     42.700  34.804578     1.9236      8.699   144.6101 1.2423e+00     5.0507      3.023      4.385    15.7549 0.0000e+00
      3.091      0.026     6.7394     67.414     42.700  34.805628     1.9231      8.699   144.7526 1.2381e+00     5.0573      3.032      4.397    15.7541 0.0000e+00
      3.097      0.022     6.7204     67.373     42.727  34.828709     1.9148      8.699   144.8816 1.2401e+00     4.9918      3.038      4.406    15.7534 0.0000e+00
      3.100      0.022     6.7090     67.382     42.728  34.829862     1.8899      8.700   144.9651 1.2371e+00     4.8733      3.040      4.409    15.7519 0.0000e+00
      3.103      0.023     6.6999     67.416     42.716  34.819566     1.8797      8.702   145.5035 1.2255e+00     4.8193      3.042      4.412    15.7513 0.0000e+00
      3.108      0.026     6.6844     67.479     42.730  34.831111     1.8836      8.704   146.3146 1.2039e+00     4.9194      3.046      4.418    15.7521 0.0000e+00
      3.117      0.031     6.6829     67.567     42.743  34.842562     1.8785      8.704   146.5126 1.1808e+00     5.1273      3.057      4.434    15.7535 0.0000e+00
      3.126      0.035     6.6842     67.657     42.727  34.831120     1.8596      8.704   146.4341 1.1708e+00     5.1803      3.068      4.449    15.7540 0.0000e+00
      3.134      0.036     6.6874     67.735     42.712  34.819670     1.8300      8.704   146.5709 1.1551e+00     5.0825      3.071      4.454    15.7526 0.0000e+00
      3.146      0.034     6.6938     67.792     42.726  34.831007     1.8368      8.704   146.6174 1.1277e+00     5.0381      3.084      4.473    15.7521 0.0000e+00
      3.159      0.031     6.7031     67.816     42.739  34.841305     1.8923      8.705   147.0832 1.1046e+00     5.0191      3.103      4.500    15.7538 0.0000e+00
      3.165      0.029     6.7128     67.826     42.709  34.817289     1.9264      8.706   148.1590 1.0863e+00     5.0246      3.105      4.504    15.7561 0.0000e+00
      3.169      0.026     6.7196     67.831     42.680  34.794416     1.9154      8.707   148.7840 1.0717e+00     5.0351      3.105      4.504    15.7572 0.0000e+00
      3.175      0.023     6.7273     67.818     42.709  34.818536     1.8924      8.707   148.8754 1.0568e+00     5.0439      3.113      4.514    15.7576 0.0000e+00
      3.180      0.022     6.7276     67.812     42.753  34.855137     1.8894      8.707   148.8339 1.0473e+00     5.1314      3.119      4.523    15.7579 0.0000e+00
      3.187      0.023     6.7282     67.842     42.754  34.856272     1.9125      8.707   148.7115 1.0441e+00     5.1714      3.125      4.533    15.7576 0.0000e+00
      3.193      0.024     6.7302     67.882     42.725  34.832255     1.9308      8.709   149.0305 1.0429e+00     5.1857      3.133      4.544    15.7582 0.0000e+00
      3.197      0.025     6.7272     67.899     42.709  34.818535     1.9448      8.711   149.7663 1.0433e+00     5.2022      3.134      4.546    15.7591 0.0000e+00
      3.203      0.028     6.7248     67.904     42.709  34.817289     1.9732      8.712   150.2078 1.0383e+00     5.1654      3.138      4.553    15.7594 0.0000e+00
      3.211      0.031     6.7292     67.902     42.712  34.817185     2.0075      8.712   150.2392 1.0227e+00     5.2193      3.150      4.569    15.7598 0.0000e+00
      3.218      0.036     6.7354     67.883     42.714  34.817279     2.0355      8.712   150.2314 1.0009e+00     5.2391      3.156      4.576    15.7599 0.0000e+00
      3.228      0.041     6.7353     67.845     42.716  34.818423     2.0293      8.713   150.3716 9.8401e-01     5.1309      3.163      4.588    15.7594 0.0000e+00
      3.240      0.043     6.7363     67.805     42.731  34.831008     1.9818      8.713   150.4724 9.6681e-01     5.0723      3.177      4.609    15.7579 0.0000e+00
      3.254      0.043     6.7371     67.770     42.745  34.842554     1.9441      8.713   150.5029 9.4246e-01     5.1113      3.191      4.628    15.7544 0.0000e+00
      3.267      0.041     6.7360     67.738     42.732  34.831134     1.9482      8.714   150.6544 9.1156e-01     5.1930      3.202      4.645    15.7513 0.0000e+00
      3.279      0.037     6.7310     67.707     42.719  34.819818     1.9645      8.715   150.8424 8.8884e-01     5.2050      3.216      4.665    15.7512 0.0000e+00
      3.288      0.031     6.7269     67.681     42.735  34.832632     1.9418      8.715   151.0547 8.8508e-01     5.1198      3.227      4.680    15.7519 0.0000e+00
      3.293      0.026     6.7235     67.670     42.767  34.859165     1.8901      8.716   151.2430 8.8756e-01     5.0513      3.229      4.683    15.7527 0.0000e+00
      3.296      0.022     6.7203     67.665     42.801  34.886842     1.8717      8.718   151.3114 8.8486e-01     5.0939      3.232      4.688    15.7522 0.0000e+00
      3.300      0.019     6.7178     67.659     42.837  34.913479     1.8862      8.719   151.4513 8.6706e-01     5.2263      3.236      4.695    15.7501 0.0000e+00
      3.305      0.018     6.7142     67.653     42.861  34.927437     1.8737      8.719   151.7304 8.4648e-01     5.2517      3.239      4.698    15.7508 0.0000e+00
      3.310      0.020     6.7139     67.647     42.868  34.928706     1.8288      8.719   151.9328 8.3653e-01     5.1268      3.245      4.707    15.7515 0.0000e+00
      3.315      0.024     6.7132     67.617     42.870  34.928811     1.8180      8.720   152.0053 8.3479e-01     5.1172      3.252      4.717    15.7522 0.0000e+00
      3.320      0.028     6.7134     67.543     42.872  34.928707     1.8435      8.721   152.1771 8.3956e-01     5.2372      3.256      4.723    15.7491 0.0000e+00
      3.325      0.032     6.7133     67.425     42.872  34.927450     1.8445      8.722   152.3753 8.3927e-01     5.2792      3.260      4.729    15.7394 0.0000e+00
      3.334      0.036     6.7150     67.288     42.856  34.913608     1.8058      8.722   152.5083 8.1949e-01     5.2155      3.269      4.740    15.7339 0.0000e+00
      3.348      0.038     6.7127     67.170     42.824  34.888229     1.7580      8.723   152.7532 7.9154e-01     5.1166      3.284      4.763    15.7344 0.0000e+00
      3.359      0.038     6.7056     67.084     42.806  34.874384     1.7581      8.723   152.9275 7.7719e-01     5.1077      3.295      4.780    15.7327 0.0000e+00
      3.368      0.037     6.6938     67.016     42.802  34.873116     1.8068      8.723   152.8948 7.6607e-01     5.1426      3.302      4.789    15.7287 0.0000e+00
      3.378      0.034     6.6779     66.986     42.800  34.872898     1.8478      8.723   152.9599 7.4549e-01     5.0940      3.315      4.808    15.7298 0.0000e+00
      3.386      0.030     6.6657     67.013     42.796  34.871754     1.8534      8.724   153.1985 7.3413e-01     5.0329      3.322      4.818    15.7313 0.0000e+00
      3.391      0.028     6.6584     67.069     42.780  34.859282     1.8332      8.725   153.3709 7.4155e-01     5.0524      3.323      4.821    15.7310 0.0000e+00
      3.398      0.027     6.6504     67.142     42.765  34.848993     1.8292      8.726   153.4957 7.4498e-01     5.1593      3.332      4.833    15.7333 0.0000e+00
      3.406      0.027     6.6451     67.227     42.795  34.874258     1.8372      8.725   153.6752 7.3462e-01     5.1986      3.342      4.847    15.7359 0.0000e+00
      3.412      0.028     6.6503     67.315     42.841  34.910964     1.8384      8.725   153.7343 7.2094e-01     5.1171      3.345      4.851    15.7384 0.0000e+00
      3.418      0.029     6.6552     67.401     42.845  34.912108     1.8361      8.726   153.6941 7.0571e-01     5.0616      3.351      4.860    15.7390 0.0000e+00
      3.426      0.029     6.6627     67.479     42.819  34.888091     1.8171      8.726   153.7056 6.8979e-01     5.0401      3.360      4.874    15.7400 0.0000e+00
      3.435      0.028     6.6713     67.537     42.805  34.874372     1.8332      8.726   153.7011 6.7719e-01     5.0966      3.368      4.886    15.7427 0.0000e+00
      3.443      0.027     6.6799     67.560     42.805  34.873126     1.8812      8.727   153.8110 6.6801e-01     5.1646      3.377      4.898    15.7418 0.0000e+00
      3.451      0.026     6.6892     67.542     42.805  34.873012     1.8821      8.727   154.0884 6.7159e-01     5.1101      3.386      4.911    15.7388 0.0000e+00
      3.456      0.026     6.6980     67.496     42.806  34.873002     1.8602      8.728   153.8721 6.7193e-01     5.0526      3.389      4.916    15.7347 0.0000e+00
