Data/DataNotYetUploadedToEDI/Raw_CTD/RawDownloads/102025_fcr50_S7809006.cnv
* Sea-Bird SBE19plus  Data File:
* FileName = C:\R\Reservoirs\Data\DataNotYetUploadedToEDI\Raw_CTD\RawDownloads\102025_fcr50_S7809_0006.hex
* Software version 2.8.0.119
* Temperature SN = 7809
* Conductivity SN = 7809
* System UpLoad Time = Oct 20 2025 17:24:10
* <ApplicationData>
* <Seaterm232>
# nquan = 15
# nvalues = 1357                        
# units = specified
# name 0 = depFM: Depth [fresh water, m]
# name 1 = dz/dtM: Descent Rate [m/s]
# name 2 = sbeox0Mg/L: Oxygen, SBE 43 [mg/l]
# name 3 = sbeox0PS: Oxygen, SBE 43 [% saturation]
# name 4 = specc: Specific Conductance [uS/cm]
# name 5 = c0uS/cm: Conductivity [uS/cm]
# name 6 = flECO-AFL: Fluorescence, WET Labs ECO-AFL/FL [mg/m^3]
# name 7 = ph: pH
# name 8 = orp: Oxidation Reduction Potential [mV]
# name 9 = par/sat/log: PAR/Logarithmic, Satlantic
# name 10 = turbWETntu0: Turbidity, WET Labs ECO [NTU]
# name 11 = prdM: Pressure, Strain Gauge [db]
# name 12 = prdE: Pressure, Strain Gauge [psi]
# name 13 = tv290C: Temperature [ITS-90, deg C]
# name 14 = flag:  0.000e+00
# span 0 =     -0.645,      9.576       
# span 1 =     -0.020,      0.109       
# span 2 =    -0.0382,     9.7351       
# span 3 =     -0.343,     94.685       
# span 4 =      1.288,    452.552       
# span 5 =   0.958458, 342.253247       
# span 6 =    -0.1222,     2.0759       
# span 7 =      7.323,     13.988       
# span 8 =  -918.8981,  1234.8618       
# span 9 = 1.2363e-01, 1.6848e+03       
# span 10 =    -0.1337,   166.2496      
# span 11 =     -0.633,      9.390      
# span 12 =     -0.917,     13.620      
# span 13 =    12.1477,    15.7948      
# span 14 = 0.0000e+00, 0.0000e+00      
# interval = seconds: 0.25
# start_time = Oct 20 2025 10:59:07 [Instrument's time stamp, header]
# bad_flag = -9.990e-29
*END*
[from data line 964]
      6.301      0.058     3.6428     34.035     67.025  51.163812     0.2457      8.160    43.6126 1.2381e-01    19.5795      6.181      8.964    13.1987 0.0000e+00
      6.314      0.058     3.6257     33.855     67.087  51.208897     0.2386      8.160    44.2766 1.2384e-01    19.7251      6.193      8.982    13.1864 0.0000e+00
      6.327      0.056     3.6069     33.652     67.120  51.229844     0.2491      8.160    44.2115 1.2380e-01    19.7492      6.203      8.997    13.1757 0.0000e+00
      6.341      0.052     3.5886     33.429     67.126  51.226575     0.2569      8.159    43.4281 1.2376e-01    19.8026      6.217      9.017    13.1675 0.0000e+00
      6.356      0.048     3.5736     33.197     67.145  51.232859     0.2573      8.158    43.1501 1.2379e-01    20.0633      6.234      9.041    13.1632 0.0000e+00
      6.369      0.043     3.5542     32.951     67.164  51.242319     0.2370      8.157    43.5179 1.2381e-01    20.2359      6.246      9.058    13.1643 0.0000e+00
      6.379      0.039     3.5333     32.675     67.210  51.277442     0.2202      8.158    43.8313 1.2382e-01    20.2507      6.255      9.072    13.1616 0.0000e+00
      6.388      0.036     3.5099     32.426     67.289  51.340032     0.2374      8.159    43.8423 1.2383e-01    20.4129      6.266      9.088    13.1537 0.0000e+00
      6.394      0.034     3.4854     32.261     67.319  51.364088     0.2697      8.159    43.8218 1.2382e-01    20.6601      6.271      9.096    13.1464 0.0000e+00
      6.400      0.034     3.4630     32.165     67.255  51.314308     0.2698      8.159    43.8425 1.2382e-01    20.6430      6.274      9.100    13.1427 0.0000e+00
      6.409      0.035     3.4297     32.100     67.166  51.246139     0.2388      8.159    43.7489 1.2382e-01    20.5131      6.284      9.115    13.1438 0.0000e+00
      6.420      0.036     3.4009     32.025     67.152  51.238359     0.2277      8.159    44.0663 1.2379e-01    20.7296      6.298      9.134    13.1464 0.0000e+00
      6.430      0.039     3.3851     31.904     67.206  51.283751     0.2439      8.159    44.6692 1.2378e-01    21.2454      6.306      9.146    13.1479 0.0000e+00
      6.439      0.041     3.3762     31.743     67.290  51.350480     0.2680      8.159    44.6713 1.2382e-01    21.5915      6.313      9.157    13.1457 0.0000e+00
      6.450      0.043     3.3714     31.594     67.365  51.410170     0.2774      8.160    44.3498 1.2387e-01    21.6354      6.325      9.174    13.1439 0.0000e+00
      6.461      0.043     3.3643     31.465     67.397  51.433959     0.2579      8.160    44.5671 1.2391e-01    21.6056      6.336      9.190    13.1480 0.0000e+00
      6.472      0.042     3.3523     31.350     67.425  51.447604     0.2321      8.159    45.2332 1.2391e-01    21.6409      6.346      9.205    13.1518 0.0000e+00
      6.485      0.040     3.3314     31.277     67.440  51.448137     0.2322      8.159    45.5211 1.2393e-01    21.7547      6.359      9.224    13.1521 0.0000e+00
      6.498      0.039     3.3157     31.193     67.441  51.440388     0.2592      8.159    45.2088 1.2397e-01    21.8882      6.374      9.244    13.1562 0.0000e+00
      6.506      0.041     3.3040     31.024     67.498  51.480904     0.2668      8.160    44.7266 1.2391e-01    21.8544      6.382      9.257    13.1569 0.0000e+00
      6.511      0.043     3.2885     30.799     67.599  51.557009     0.2406      8.159    44.6812 1.2385e-01    21.6544      6.384      9.259    13.1489 0.0000e+00
      6.518      0.044     3.2846     30.554     67.661  51.598555     0.2256      8.159    45.0048 1.2386e-01    21.5187      6.388      9.265    13.1404 0.0000e+00
      6.532      0.044     3.2814     30.294     67.674  51.602219     0.2354      8.158    45.0251 1.2384e-01    21.5121      6.404      9.288    13.1320 0.0000e+00
      6.551      0.045     3.2605     30.040     67.678  51.601304     0.2416      8.157    44.7538 1.2385e-01    21.5405      6.427      9.322    13.1308 0.0000e+00
      6.566      0.047     3.2349     29.755     67.662  51.587480     0.2510      8.157    44.3926 1.2385e-01    21.5197      6.443      9.345    13.1336 0.0000e+00
      6.574      0.048     3.2111     29.382     67.631  51.562083     0.2584      8.158    44.0991 1.2383e-01    21.4318      6.447      9.350    13.1275 0.0000e+00
      6.580      0.046     3.1816     28.981     67.615  51.548229     0.2394      8.159    44.1310 1.2381e-01    21.2968      6.450      9.355    13.1207 0.0000e+00
      6.592      0.043     3.1565     28.640     67.615  51.546969     0.2374      8.159    44.2618 1.2379e-01    21.2883      6.463      9.373    13.1191 0.0000e+00
      6.607      0.040     3.1317     28.347     67.616  51.546855     0.2680      8.159    43.7874 1.2381e-01    21.4659      6.479      9.397    13.1184 0.0000e+00
      6.622      0.039     3.0885     28.072     67.616  51.546845     0.2929      8.159    42.8694 1.2379e-01    21.6336      6.496      9.422    13.1166 0.0000e+00
      6.631      0.037     3.0416     27.847     67.613  51.546843     0.2882      8.159    42.5405 1.2376e-01    21.6428      6.505      9.435    13.1152 0.0000e+00
      6.635      0.034     3.0073     27.706     67.610  51.546833     0.2606      8.159    42.8221 1.2382e-01    21.5425      6.506      9.437    13.1151 0.0000e+00
      6.640      0.032     2.9794     27.667     67.608  51.546728     0.2516      8.160    43.0907 1.2388e-01    21.5829      6.510      9.442    13.1143 0.0000e+00
      6.649      0.032     2.9473     27.697     67.605  51.545572     0.2622      8.160    42.6912 1.2393e-01    21.7894      6.521      9.457    13.1135 0.0000e+00
      6.658      0.033     2.9234     27.757     67.586  51.532862     0.2635      8.160    41.6908 1.2400e-01    21.9210      6.530      9.470    13.1155 0.0000e+00
      6.667      0.034     2.9065     27.875     67.567  51.520057     0.2678      8.160    41.0620 1.2394e-01    21.8759      6.537      9.482    13.1181 0.0000e+00
      6.678      0.033     2.9039     28.071     67.560  51.517748     0.2638      8.160    41.0245 1.2380e-01    21.7909      6.549      9.498    13.1185 0.0000e+00
      6.688      0.030     2.9107     28.326     67.537  51.504943     0.2400      8.159    41.1519 1.2375e-01    21.8154      6.560      9.515    13.1196 0.0000e+00
      6.695      0.028     2.9133     28.591     67.516  51.492242     0.2297      8.159    41.1398 1.2376e-01    21.9339      6.568      9.525    13.1210 0.0000e+00
      6.700      0.028     2.9259     28.848     67.508  51.491192     0.2480      8.159    40.9640 1.2374e-01    22.0962      6.571      9.530    13.1209 0.0000e+00
      6.704      0.028     2.9464     29.107     67.507  51.492251     0.2775      8.160    40.7477 1.2371e-01    22.2400      6.573      9.533    13.1236 0.0000e+00
      6.709      0.029     2.9758     29.359     67.531  51.505049     0.3044      8.161    40.9335 1.2373e-01    22.3406      6.578      9.540    13.1284 0.0000e+00
      6.718      0.030     3.0041     29.568     67.558  51.518916     0.3150      8.161    41.4025 1.2382e-01    22.3901      6.588      9.554    13.1291 0.0000e+00
      6.731      0.031     3.0298     29.717     67.576  51.532915     0.2973      8.161    41.3424 1.2389e-01    22.4286      6.602      9.575    13.1335 0.0000e+00
      6.741      0.031     3.0568     29.816     67.589  51.547303     0.2987      8.161    40.8950 1.2388e-01    22.5666      6.613      9.591    13.1390 0.0000e+00
      6.747      0.032     3.0857     29.866     67.613  51.565880     0.3239      8.161    40.5537 1.2382e-01    22.6931      6.618      9.599    13.1318 0.0000e+00
      6.752      0.033     3.1091     29.859     67.704  51.630528     0.3353      8.161    40.7430 1.2377e-01    22.6937      6.620      9.602    13.1231 0.0000e+00
      6.757      0.035     3.1231     29.806     67.802  51.693936     0.3367      8.161    41.2919 1.2375e-01    22.6763      6.625      9.609    13.1254 0.0000e+00
      6.767      0.037     3.1339     29.739     67.822  51.697517     0.3162      8.162    41.1664 1.2376e-01    22.6876      6.634      9.622    13.1310 0.0000e+00
      6.780      0.038     3.1391     29.657     67.799  51.673807     0.3027      8.162    40.5168 1.2379e-01    22.8649      6.648      9.642    13.1317 0.0000e+00
      6.795      0.037     3.1390     29.509     67.783  51.661261     0.3236      8.162    40.2346 1.2384e-01    23.1801      6.666      9.668    13.1277 0.0000e+00
      6.806      0.033     3.1318     29.253     67.797  51.672831     0.3357      8.160    40.0766 1.2386e-01    23.3218      6.677      9.684    13.1189 0.0000e+00
      6.812      0.029     3.1251     28.886     67.816  51.686696     0.3166      8.160    38.6932 1.2383e-01    23.2802      6.681      9.691    13.1077 0.0000e+00
      6.816      0.025     3.1201     28.477     67.835  51.701903     0.2917      8.161    34.9507 1.2381e-01    23.1553      6.684      9.696    13.1028 0.0000e+00
      6.818      0.023     3.1053     28.121     67.865  51.729698     0.2936      8.163    29.5872 1.2385e-01    23.0409      6.686      9.698    13.1047 0.0000e+00
      6.822      0.023     3.0792     27.811     67.912  51.768753     0.3226      8.163    24.1763 1.2389e-01    23.0585      6.690      9.702    13.1065 0.0000e+00
      6.830      0.025     3.0386     27.529     67.948  51.793114     0.3508      8.162    19.2586 1.2390e-01    23.1290      6.697      9.714    13.1041 0.0000e+00
      6.840      0.029     2.9888     27.305     67.926  51.770231     0.3432      8.162    14.8682 1.2388e-01    23.2450      6.708      9.731    13.1039 0.0000e+00
      6.847      0.033     2.9542     27.132     67.897  51.746084     0.3060      8.162    10.8424 1.2386e-01    23.4360      6.716      9.742    13.1099 0.0000e+00
      6.852      0.035     2.9225     26.970     67.907  51.755151     0.2836      8.162     6.5482 1.2387e-01    23.5592      6.719      9.745    13.1139 0.0000e+00
      6.861      0.035     2.8898     26.800     67.902  51.752861     0.2970      8.161     2.0947 1.2386e-01    23.6424      6.725      9.754    13.1103 0.0000e+00
      6.875      0.033     2.8677     26.610     67.858  51.718395     0.3265      8.161    -1.6200 1.2380e-01    23.6903      6.743      9.779    13.1038 0.0000e+00
      6.888      0.033     2.8519     26.427     67.860  51.719434     0.3238      8.162    -4.5525 1.2375e-01    23.5574      6.759      9.802    13.1017 0.0000e+00
      6.894      0.032     2.8347     26.307     67.920  51.765426     0.2975      8.162    -7.5501 1.2377e-01    23.3676      6.762      9.808    13.1044 0.0000e+00
      6.899      0.031     2.8174     26.227     67.920  51.766457     0.2836      8.162   -11.2773 1.2381e-01    23.3084      6.763      9.810    13.1066 0.0000e+00
      6.904      0.030     2.7979     26.172     67.871  51.731904     0.2968      8.162   -15.2887 1.2378e-01    23.3200      6.770      9.819    13.1047 0.0000e+00
      6.912      0.028     2.7730     26.165     67.862  51.728658     0.3320      8.162   -18.7960 1.2381e-01    23.3371      6.779      9.831    13.1032 0.0000e+00
      6.921      0.027     2.7644     26.183     67.863  51.727213     0.3346      8.162   -21.7635 1.2387e-01    23.3105      6.786      9.843    13.1044 0.0000e+00
      6.931      0.026     2.7563     26.187     67.858  51.714436     0.3118      8.163   -24.5824 1.2384e-01    23.1696      6.798      9.859    13.1048 0.0000e+00
      6.939      0.024     2.7477     26.183     67.847  51.701166     0.3062      8.163   -27.3254 1.2377e-01    23.0334      6.808      9.874    13.1062 0.0000e+00
      6.943      0.024     2.7490     26.214     67.833  51.693761     0.3162      8.162   -29.7184 1.2373e-01    23.0979      6.809      9.877    13.1121 0.0000e+00
      6.944      0.026     2.7520     26.279     67.901  51.751907     0.3327      8.162   -31.5767 1.2383e-01    23.3006      6.809      9.876    13.1107 0.0000e+00
      6.948      0.030     2.7540     26.355     68.001  51.832701     0.3401      8.162   -32.6721 1.2396e-01    23.4011      6.812      9.881    13.1001 0.0000e+00
      6.956      0.032     2.7497     26.442     68.018  51.845106     0.3393      8.162   -33.4988 1.2391e-01    23.3561      6.818      9.889    13.0961 0.0000e+00
      6.969      0.034     2.7544     26.546     68.008  51.838395     0.3308      8.162   -34.9469 1.2384e-01    23.2346      6.833      9.911    13.0990 0.0000e+00
      6.984      0.036     2.7619     26.690     68.057  51.878566     0.3210      8.163   -36.6728 1.2388e-01    23.1619      6.852      9.938    13.1060 0.0000e+00
      6.994      0.038     2.7686     26.803     68.153  51.949797     0.3203      8.163   -37.6746 1.2385e-01    23.1948      6.861      9.952    13.1107 0.0000e+00
      6.998      0.039     2.7796     26.783     68.237  52.001123     0.3229      8.163   -38.0257 1.2378e-01    23.2563      6.862      9.953    13.1069 0.0000e+00
      7.002      0.038     2.7866     26.653     68.246  51.991117     0.3193      8.163   -38.6803 1.2379e-01    23.4276      6.864      9.955    13.1071 0.0000e+00
      7.013      0.037     2.8051     26.485     68.209  51.955801     0.3021      8.163   -39.8255 1.2385e-01    23.6941      6.875      9.972    13.1124 0.0000e+00
      7.029      0.038     2.8236     26.270     68.204  51.955125     0.2979      8.163   -41.0309 1.2392e-01    23.9163      6.895     10.000    13.1127 0.0000e+00
      7.043      0.039     2.8193     25.956     68.234  51.982944     0.3090      8.163   -41.7256 1.2394e-01    24.0309      6.909     10.021    13.1021 0.0000e+00
      7.049      0.041     2.8028     25.571     68.306  52.038148     0.3197      8.163   -41.9441 1.2388e-01    24.1924      6.913     10.027    13.0849 0.0000e+00
      7.054      0.041     2.7861     25.198     68.415  52.114570     0.3366      8.163   -42.3817 1.2386e-01    24.4674      6.917     10.031    13.0789 0.0000e+00
      7.062      0.040     2.7672     24.895     68.472  52.144925     0.3305      8.163   -43.1450 1.2389e-01    24.5550      6.925     10.044    13.0853 0.0000e+00
      7.075      0.040     2.7323     24.653     68.496  52.151139     0.3043      8.163   -44.2907 1.2390e-01    24.5345      6.937     10.060    13.0896 0.0000e+00
      7.091      0.040     2.6875     24.428     68.556  52.189693     0.2941      8.162   -45.6508 1.2387e-01    24.8340      6.955     10.087    13.0901 0.0000e+00
      7.105      0.039     2.6462     24.182     68.617  52.230046     0.3070      8.162   -46.6848 1.2381e-01    25.3756      6.971     10.111    13.0859 0.0000e+00
      7.111      0.036     2.6158     23.898     68.662  52.258026     0.3354      8.163   -47.5853 1.2377e-01    25.6171      6.975     10.116    13.0739 0.0000e+00
      7.116      0.034     2.5930     23.583     68.690  52.273966     0.3466      8.163   -48.9674 1.2376e-01    25.5671      6.977     10.118    13.0638 0.0000e+00
      7.123      0.032     2.5706     23.219     68.719  52.295756     0.3261      8.163   -50.4907 1.2373e-01    25.5572      6.984     10.130    13.0604 0.0000e+00
      7.132      0.032     2.5465     22.812     68.761  52.330981     0.2947      8.163   -51.4629 1.2373e-01    25.5663      6.994     10.144    13.0564 0.0000e+00
      7.141      0.033     2.5148     22.386     68.741  52.318857     0.2912      8.163   -52.1178 1.2379e-01    25.5743      7.003     10.156    13.0508 0.0000e+00
      7.151      0.033     2.4843     21.943     68.685  52.276174     0.3182      8.164   -52.5588 1.2386e-01    25.5848      7.012     10.170    13.0459 0.0000e+00
      7.160      0.033     2.4456     21.514     68.748  52.322934     0.3287      8.165   -53.1806 1.2385e-01    25.5566      7.021     10.184    13.0462 0.0000e+00
      7.168      0.034     2.4001     21.151     68.905  52.439694     0.3190      8.164   -54.3017 1.2380e-01    25.5070      7.030     10.196    13.0508 0.0000e+00
