Data/DataNotYetUploadedToEDI/Raw_CTD/RawDownloads/102025_bvr50_S8188001.cnv
* Sea-Bird SBE19plus  Data File:
* FileName = C:\R\Reservoirs\Data\DataNotYetUploadedToEDI\Raw_CTD\RawDownloads\102025_bvr50_S8188_0001.hex
* Software version 2.8.0.119
* Temperature SN = 8188
* Conductivity SN = 8188
* System UpLoad Time = Oct 20 2025 17:08:05
* <ApplicationData>
* <Seaterm232>
# nquan = 16
# nvalues = 1835                        
# units = specified
# name 0 = depFM: Depth [fresh water, m]
# name 1 = dz/dtM: Descent Rate [m/s]
# name 2 = sbeox0Mg/L: Oxygen, SBE 43 [mg/l]
# name 3 = sbeox0PS: Oxygen, SBE 43 [% saturation]
# name 4 = specc: Specific Conductance [uS/cm]
# name 5 = c0uS/cm: Conductivity [uS/cm]
# name 6 = wetCDOM: Fluorescence, WET Labs CDOM [mg/m^3]
# name 7 = flECO-AFL: Fluorescence, WET Labs ECO-AFL/FL [mg/m^3]
# name 8 = flECO-AFL1: Fluorescence, WET Labs ECO-AFL/FL, 2 [mg/m^3]
# name 9 = flECO-AFL2: Fluorescence, WET Labs ECO-AFL/FL, 3 [mg/m^3]
# name 10 = par/sat/log: PAR/Logarithmic, Satlantic
# name 11 = turbWETntu0: Turbidity, WET Labs ECO [NTU]
# name 12 = prdM: Pressure, Strain Gauge [db]
# name 13 = prdE: Pressure, Strain Gauge [psi]
# name 14 = tv290C: Temperature [ITS-90, deg C]
# name 15 = flag:  0.000e+00
# span 0 =     -0.756,      5.478       
# span 1 =     -0.316,      0.205       
# span 2 =    -2.1902,    10.0317       
# span 3 =    -20.830,     99.389       
# span 4 =      0.212,    455.367       
# span 5 =   0.159128, 343.184591       
# span 6 =   -23.4000,    55.0800       
# span 7 =    -0.3113,   245.1606       
# span 8 =    -2.1300,     1.7892       
# span 9 =    -3.7224,     2.0304       
# span 10 = 1.1590e-01, 2.1848e+03      
# span 11 =    -5.9442,   333.5728      
# span 12 =     -0.742,      5.372      
# span 13 =     -1.076,      7.792      
# span 14 =    12.4549,    15.0975      
# span 15 = 0.0000e+00, 0.0000e+00      
# interval = seconds: 0.25
# start_time = Oct 20 2025 10:28:24 [Instrument's time stamp, header]
# bad_flag = -9.990e-29
*END*
[from data line 1266]
      1.777      0.026     5.5729     55.279     52.906  42.422873    45.9000     1.5236     1.3206     0.7191 6.2087e-01    53.5600      1.742      2.528    15.0895 0.0000e+00
      1.784      0.025     5.5692     55.276     52.893  42.412477    45.9000     1.5313     1.3206     0.5922 6.3245e-01    53.4996      1.749      2.537    15.0894 0.0000e+00
      1.790      0.025     5.5661     55.280     52.909  42.425288    45.9000     1.5084     1.3206     0.5922 6.0175e-01    53.5751      1.755      2.546    15.0893 0.0000e+00
      1.796      0.024     5.5639     55.289     52.943  42.452763    45.9000     1.5503     1.3206     0.5922 6.0858e-01    53.6809      1.761      2.555    15.0893 0.0000e+00
      1.802      0.024     5.5627     55.298     52.970  42.474331    45.9000     1.5808     1.3206     0.5922 6.1738e-01    53.4996      1.767      2.564    15.0894 0.0000e+00
      1.808      0.024     5.5624     55.297     52.962  42.467843    45.9000     1.5465     1.3206     0.5499 5.7992e-01    53.6204      1.773      2.572    15.0894 0.0000e+00
      1.814      0.024     5.5628     55.284     52.939  42.449506    45.9000     1.5656     1.3206     0.5499 6.0819e-01    53.5298      1.779      2.581    15.0894 0.0000e+00
      1.820      0.024     5.5637     55.264     52.933  42.444320    45.9000     1.4511     1.3206     0.5499 5.8372e-01    53.8470      1.785      2.589    15.0893 0.0000e+00
      1.826      0.023     5.5646     55.235     52.919  42.432969    45.9000     1.4283     1.3206     0.5499 5.7904e-01    53.9075      1.791      2.598    15.0892 0.0000e+00
      1.832      0.023     5.5646     55.196     52.898  42.416410    45.9000     1.4283     1.3206     0.6345 5.9163e-01    53.7866      1.797      2.606    15.0892 0.0000e+00
      1.838      0.023     5.5633     55.152     52.908  42.424104    45.9000     1.4702     1.3206     0.6345 5.7030e-01    53.6506      1.802      2.614    15.0891 0.0000e+00
      1.844      0.023     5.5612     55.108     52.923  42.436184    45.9000     1.4626     1.3206     0.6345 5.3176e-01    53.3334      1.808      2.623    15.0891 0.0000e+00
      1.850      0.022     5.5583     55.063     52.910  42.425979    45.9000     1.4473     1.3206     0.6345 5.4569e-01    53.3183      1.814      2.631    15.0891 0.0000e+00
      1.856      0.021     5.5544     55.021     52.876  42.398738    45.9000     1.4778     1.3206     0.6345 5.4203e-01    53.2730      1.820      2.639    15.0890 0.0000e+00
      1.861      0.021     5.5500     54.988     52.844  42.373103    45.9000     1.4626     1.2780     0.5499 5.2476e-01    53.3032      1.825      2.647    15.0890 0.0000e+00
      1.866      0.021     5.5455     54.974     52.828  42.360174    45.9000     1.5656     1.2780     0.5499 5.6389e-01    53.5298      1.830      2.654    15.0889 0.0000e+00
      1.870      0.021     5.5411     54.991     52.819  42.352518    45.9000     1.5770     1.2780     0.5499 5.5562e-01    53.6053      1.834      2.660    15.0889 0.0000e+00
      1.875      0.022     5.5368     55.049     52.821  42.354070    45.9000     1.5732     1.2780     0.5499 5.4510e-01    53.6204      1.839      2.667    15.0889 0.0000e+00
      1.881      0.024     5.5335     55.146     52.847  42.375210    45.9000     1.5885     1.2780     0.5922 5.7841e-01    53.5298      1.844      2.675    15.0889 0.0000e+00
      1.887      0.026     5.5320     55.271     52.887  42.407624    45.9000     1.5007     1.2780     0.5922 5.5261e-01    53.8168      1.851      2.684    15.0889 0.0000e+00
      1.894      0.028     5.5337     55.411     52.908  42.424086    45.9000     1.5236     1.2780     0.5922 4.8201e-01    53.7564      1.858      2.694    15.0889 0.0000e+00
      1.902      0.029     5.5396     55.547     52.896  42.415037    45.9000     1.5122     1.2780     0.5922 4.6071e-01    53.8621      1.866      2.706    15.0890 0.0000e+00
      1.911      0.030     5.5494     55.656     52.880  42.401976    45.9900     1.5007     1.3206     0.6768 4.5653e-01    53.8621      1.874      2.718    15.0890 0.0000e+00
      1.919      0.030     5.5619     55.725     52.879  42.401349    45.9900     1.5351     1.3206     0.6768 4.8654e-01    53.5600      1.882      2.729    15.0891 0.0000e+00
      1.926      0.029     5.5760     55.751     52.888  42.409003    45.9900     1.5236     1.3206     0.6768 4.3314e-01    53.6355      1.889      2.740    15.0891 0.0000e+00
      1.933      0.028     5.5897     55.739     52.886  42.407051    45.9900     1.4855     1.3206     0.6768 4.4895e-01    53.5600      1.896      2.749    15.0892 0.0000e+00
      1.940      0.028     5.6007     55.696     52.873  42.396966    45.9900     1.4893     1.3206     0.6768 4.1194e-01    53.4996      1.902      2.759    15.0893 0.0000e+00
      1.947      0.028     5.6076     55.634     52.882  42.403957    45.9000     1.8593     1.3206     0.6345 4.2762e-01    53.3183      1.909      2.769    15.0893 0.0000e+00
      1.954      0.028     5.6102     55.570     52.919  42.433873    45.9000     1.8784     1.3206     0.6345 3.7674e-01    53.2428      1.916      2.779    15.0894 0.0000e+00
      1.961      0.028     5.6090     55.521     52.965  42.470779    45.9000     1.8631     1.3206     0.6345 3.9433e-01    53.3183      1.923      2.789    15.0894 0.0000e+00
      1.968      0.029     5.6046     55.496     53.005  42.502596    45.9000     1.8937     1.3206     0.6345 3.5915e-01    53.3334      1.930      2.799    15.0893 0.0000e+00
      1.976      0.029     5.5984     55.487     53.029  42.521867    45.8100     1.6800     1.3206     0.6345 3.9202e-01    53.5902      1.937      2.810    15.0893 0.0000e+00
      1.983      0.028     5.5920     55.491     53.019  42.513801    45.8100     1.6877     1.3206     0.6345 3.6033e-01    53.6204      1.945      2.821    15.0894 0.0000e+00
      1.991      0.027     5.5871     55.500     52.972  42.476248    45.8100     1.7144     1.3206     0.6345 3.5566e-01    53.4694      1.953      2.832    15.0894 0.0000e+00
      1.998      0.026     5.5845     55.507     52.916  42.431078    45.8100     1.7029     1.3206     0.6345 3.4620e-01    53.5751      1.960      2.842    15.0893 0.0000e+00
      2.005      0.024     5.5837     55.508     52.878  42.400125    45.9000     1.7563     1.3206     0.6768 3.3416e-01    53.5751      1.966      2.851    15.0893 0.0000e+00
      2.011      0.022     5.5840     55.501     52.864  42.389083    45.9000     1.7754     1.3206     0.6768 3.3957e-01    53.4996      1.972      2.860    15.0892 0.0000e+00
      2.016      0.021     5.5850     55.487     52.864  42.389029    45.9000     1.7868     1.3206     0.6768 3.4877e-01    53.6355      1.977      2.867    15.0892 0.0000e+00
      2.020      0.021     5.5857     55.468     52.875  42.397956    45.9000     1.7868     1.3206     0.6768 3.6308e-01    53.6204      1.981      2.873    15.0891 0.0000e+00
      2.024      0.022     5.5858     55.448     52.886  42.406288    45.9000     1.7563     1.2780     0.6768 3.5830e-01    53.4089      1.985      2.879    15.0891 0.0000e+00
      2.029      0.025     5.5851     55.429     52.878  42.400304    45.9000     1.7563     1.2780     0.6768 3.5954e-01    53.3183      1.990      2.886    15.0890 0.0000e+00
      2.036      0.028     5.5837     55.412     52.866  42.390366    45.9000     1.7678     1.2780     0.6768 3.6993e-01    53.3485      1.996      2.895    15.0889 0.0000e+00
      2.043      0.031     5.5818     55.397     52.868  42.391759    45.9000     1.7525     1.2780     0.6768 3.6728e-01    53.3938      2.004      2.906    15.0889 0.0000e+00
      2.052      0.035     5.5798     55.383     52.891  42.410832    45.9000     1.9852     1.2780     0.6768 3.5136e-01    54.1492      2.013      2.919    15.0888 0.0000e+00
      2.062      0.037     5.5778     55.370     52.916  42.430751    45.9000     2.0157     1.3206     0.6345 3.1890e-01    54.0434      2.022      2.933    15.0888 0.0000e+00
      2.072      0.040     5.5761     55.366     52.921  42.434906    45.9000     2.0043     1.3206     0.6345 3.4261e-01    54.1038      2.032      2.948    15.0887 0.0000e+00
      2.082      0.042     5.5746     55.377     52.928  42.440348    45.9000     1.9967     1.3206     0.6345 3.2527e-01    54.0585      2.042      2.962    15.0887 0.0000e+00
      2.093      0.044     5.5732     55.397     52.953  42.460486    45.9000     1.9356     1.3206     0.6345 3.0132e-01    53.5600      2.053      2.977    15.0887 0.0000e+00
      2.104      0.045     5.5719     55.424     52.979  42.480761    45.8100     1.9356     1.3206     0.6768 2.8341e-01    53.5902      2.064      2.993    15.0887 0.0000e+00
      2.116      0.046     5.5715     55.459     52.986  42.486651    45.8100     1.9280     1.3206     0.6768 3.0027e-01    53.5902      2.075      3.010    15.0887 0.0000e+00
      2.129      0.046     5.5726     55.507     52.982  42.483713    45.8100     1.9318     1.3206     0.6768 2.5045e-01    53.5902      2.087      3.028    15.0887 0.0000e+00
      2.142      0.045     5.5747     55.557     52.966  42.471164    45.8100     1.9509     1.3206     0.6768 2.8347e-01    53.8319      2.100      3.045    15.0887 0.0000e+00
      2.154      0.042     5.5773     55.596     52.930  42.441672    45.9000     1.9280     1.2780     0.6345 2.1637e-01    53.8168      2.112      3.063    15.0887 0.0000e+00
      2.165      0.039     5.5809     55.617     52.887  42.407300    45.9000     1.9356     1.2780     0.6345 2.1418e-01    53.7564      2.122      3.078    15.0887 0.0000e+00
      2.174      0.035     5.5857     55.619     52.847  42.374825    45.9000     1.9509     1.2780     0.6345 2.4147e-01    53.8017      2.131      3.092    15.0887 0.0000e+00
      2.182      0.032     5.5907     55.607     52.803  42.339571    45.9000     1.8517     1.2780     0.6345 2.4796e-01    53.6355      2.139      3.103    15.0887 0.0000e+00
      2.188      0.029     5.5947     55.586     52.771  42.314060    45.9000     1.8021     1.3206     0.7191 2.0803e-01    53.6355      2.146      3.112    15.0887 0.0000e+00
      2.195      0.028     5.5968     55.560     52.772  42.315400    45.9000     1.8097     1.3206     0.7191 2.4163e-01    53.6657      2.152      3.121    15.0887 0.0000e+00
      2.201      0.028     5.5970     55.534     52.806  42.341957    45.9000     1.8250     1.3206     0.7191 2.5192e-01    53.5751      2.158      3.130    15.0887 0.0000e+00
      2.208      0.030     5.5958     55.515     52.842  42.370921    45.9000     1.5618     1.3206     0.7191 2.2330e-01    53.7262      2.165      3.140    15.0887 0.0000e+00
      2.216      0.032     5.5937     55.509     52.856  42.382116    45.9000     1.5885     1.3206     0.7191 2.2860e-01    53.5449      2.173      3.151    15.0887 0.0000e+00
      2.224      0.035     5.5910     55.511     52.863  42.388493    45.9000     1.5503     1.2780     0.7191 2.2865e-01    53.6204      2.181      3.164    15.0887 0.0000e+00
      2.233      0.037     5.5884     55.516     52.877  42.399721    45.9000     1.5694     1.2780     0.7191 2.2920e-01    53.6204      2.190      3.177    15.0887 0.0000e+00
      2.243      0.038     5.5865     55.517     52.876  42.398868    45.9000     1.7296     1.2780     0.7191 1.9579e-01    53.6657      2.200      3.191    15.0887 0.0000e+00
      2.254      0.039     5.5859     55.508     52.860  42.385707    45.9000     1.7373     1.2780     0.7191 1.8177e-01    53.6506      2.210      3.206    15.0887 0.0000e+00
      2.265      0.039     5.5862     55.493     52.849  42.376655    45.9900     1.7792     1.3206     0.5922 1.9914e-01    53.6204      2.221      3.221    15.0887 0.0000e+00
      2.275      0.038     5.5867     55.480     52.857  42.383247    45.9900     1.7601     1.3206     0.5922 1.9935e-01    53.6506      2.231      3.236    15.0887 0.0000e+00
      2.285      0.036     5.5867     55.478     52.895  42.413222    45.9900     1.7182     1.3206     0.5922 1.5210e-01    53.5449      2.241      3.250    15.0886 0.0000e+00
      2.293      0.034     5.5859     55.493     52.944  42.452650    45.9900     1.6991     1.3206     0.5922 1.7926e-01    53.5298      2.249      3.262    15.0886 0.0000e+00
      2.302      0.032     5.5844     55.521     52.981  42.482154    45.9000     1.6953     1.2780     0.7191 1.8063e-01    53.6053      2.257      3.274    15.0886 0.0000e+00
      2.310      0.030     5.5830     55.559     52.985  42.485688    45.9000     1.6915     1.2780     0.7191 1.2892e-01    53.5449      2.265      3.285    15.0886 0.0000e+00
      2.317      0.028     5.5829     55.605     52.949  42.456224    45.9000     1.4283     1.2780     0.7191 1.6555e-01    53.5298      2.272      3.296    15.0885 0.0000e+00
      2.324      0.027     5.5844     55.655     52.918  42.431739    45.9000     1.4359     1.2780     0.7191 1.5903e-01    53.6053      2.279      3.305    15.0885 0.0000e+00
      2.330      0.026     5.5872     55.699     52.918  42.431609    45.9000     1.4473     1.2780     0.6768 1.5197e-01    53.6204      2.285      3.315    15.0886 0.0000e+00
      2.337      0.025     5.5910     55.726     52.915  42.429893    45.9000     1.4550     1.2780     0.6768 1.6182e-01    53.4240      2.291      3.324    15.0886 0.0000e+00
      2.343      0.025     5.5957     55.729     52.898  42.416172    45.9000     1.5580     1.2780     0.6768 1.6084e-01    53.6204      2.298      3.333    15.0886 0.0000e+00
      2.349      0.025     5.6007     55.710     52.884  42.404719    45.9000     1.5770     1.2780     0.6768 1.5831e-01    53.5751      2.304      3.342    15.0886 0.0000e+00
      2.356      0.026     5.6051     55.680     52.909  42.424367    45.9000     1.5770     1.2780     0.6768 1.5521e-01    53.4845      2.310      3.351    15.0886 0.0000e+00
      2.362      0.027     5.6078     55.645     52.946  42.454448    45.9000     1.5732     1.2780     0.4653 1.6101e-01    53.5298      2.316      3.360    15.0887 0.0000e+00
      2.369      0.029     5.6080     55.611     52.952  42.459141    45.9000     1.9280     1.2780     0.4653 1.6718e-01    53.6204      2.323      3.370    15.0887 0.0000e+00
      2.376      0.031     5.6062     55.582     52.950  42.457634    45.9000     1.9585     1.2780     0.4653 1.3067e-01    53.5449      2.330      3.380    15.0887 0.0000e+00
      2.384      0.033     5.6031     55.563     52.940  42.449524    45.9000     1.9089     1.2780     0.4653 1.2637e-01    53.5298      2.338      3.392    15.0887 0.0000e+00
      2.393      0.035     5.5996     55.553     52.923  42.436636    45.9000     1.9547     1.3206     0.5922 1.5527e-01    53.4845      2.347      3.404    15.0887 0.0000e+00
      2.402      0.037     5.5962     55.550     52.929  42.441439    45.9000     1.9432     1.3206     0.5922 1.3121e-01    53.7866      2.356      3.417    15.0887 0.0000e+00
      2.412      0.040     5.5933     55.549     52.956  42.463220    45.9000     1.9356     1.3206     0.5922 1.1762e-01    53.7715      2.365      3.431    15.0887 0.0000e+00
      2.422      0.042     5.5914     55.539     52.980  42.481881    45.9000     1.9356     1.3206     0.5922 1.1590e-01    53.8017      2.376      3.446    15.0888 0.0000e+00
      2.433      0.044     5.5904     55.515     52.980  42.482470    45.9000     1.9585     1.3206     0.5499 1.3763e-01    53.8621      2.386      3.461    15.0889 0.0000e+00
      2.445      0.046     5.5901     55.482     52.979  42.481087    45.9000     1.9547     1.3206     0.5499 1.1612e-01    53.8168      2.398      3.478    15.0890 0.0000e+00
      2.457      0.048     5.5899     55.448     52.974  42.477364    45.9000     1.9356     1.3206     0.5499 1.1612e-01    53.8319      2.410      3.495    15.0891 0.0000e+00
