Data/DataNotYetUploadedToEDI/Raw_CTD/RawDownloads/102124_bvr50_S8188002.cnv
* Sea-Bird SBE19plus  Data File:
* FileName = C:\R\Reservoirs\Data\DataNotYetUploadedToEDI\Raw_CTD\RawDownloads\100724_bvr50_S8188_0002.hex
* Software version 2.8.0.119
* Temperature SN = 8188
* Conductivity SN = 8188
* System UpLoad Time = Oct 24 2024 12:37:49
* <ApplicationData>
* <Seaterm232>
# nquan = 16
# nvalues = 1021                        
# units = specified
# name 0 = depFM: Depth [fresh water, m]
# name 1 = dz/dtM: Descent Rate [m/s]
# name 2 = sbeox0Mg/L: Oxygen, SBE 43 [mg/l]
# name 3 = sbeox0PS: Oxygen, SBE 43 [% saturation]
# name 4 = specc: Specific Conductance [uS/cm]
# name 5 = c0uS/cm: Conductivity [uS/cm]
# name 6 = wetCDOM: Fluorescence, WET Labs CDOM [mg/m^3]
# name 7 = flECO-AFL: Fluorescence, WET Labs ECO-AFL/FL [mg/m^3]
# name 8 = flECO-AFL1: Fluorescence, WET Labs ECO-AFL/FL, 2 [mg/m^3]
# name 9 = flECO-AFL2: Fluorescence, WET Labs ECO-AFL/FL, 3 [mg/m^3]
# name 10 = par/sat/log: PAR/Logarithmic, Satlantic
# name 11 = turbWETntu0: Turbidity, WET Labs ECO [NTU]
# name 12 = prdM: Pressure, Strain Gauge [db]
# name 13 = prdE: Pressure, Strain Gauge [psi]
# name 14 = tv290C: Temperature [ITS-90, deg C]
# name 15 = flag:  0.000e+00
# span 0 =     -0.644,      9.543       
# span 1 =     -0.213,      0.134       
# span 2 =    -1.0190,     9.7848       
# span 3 =     -9.715,     98.655       
# span 4 =   -621.524,    239.881       
# span 5 =-451.638197, 170.146179       
# span 6 =    -4.5000,    64.2600       
# span 7 =    -1.6846,     3.8850       
# span 8 =    -6.9012,     5.8788       
# span 9 =   -10.1943,     7.1910       
# span 10 = 1.1592e-01, 1.8262e+03      
# span 11 =    -4.1919,    19.1022      
# span 12 =     -0.631,      9.358      
# span 13 =     -0.916,     13.573      
# span 14 =    10.4625,    20.1643      
# span 15 = 0.0000e+00, 0.0000e+00      
# interval = seconds: 0.25
# start_time = Oct 21 2024 11:16:23 [Instrument's time stamp, header]
# bad_flag = -9.990e-29
*END*
[from data line 724]
      8.437     -0.100     0.0784      0.703    204.776 146.944375    56.6100     1.7945     0.1278     0.5076 1.1623e-01     2.7722      8.274     12.001    10.8610 0.0000e+00
      8.413     -0.101     0.0777      0.708    204.622 146.842482    56.5200     1.7258     0.1704     0.6768 1.1602e-01     2.9232      8.251     11.967    10.8674 0.0000e+00
      8.388     -0.103     0.0774      0.716    204.421 146.708726    56.5200     1.7716     0.1704     0.6768 1.1605e-01     2.7873      8.226     11.930    10.8716 0.0000e+00
      8.360     -0.105     0.0774      0.722    204.149 146.525465    56.5200     1.7678     0.1704     0.6768 1.1612e-01     2.6966      8.199     11.891    10.8745 0.0000e+00
      8.332     -0.108     0.0777      0.724    203.819 146.303919    56.5200     1.7487     0.1704     0.6768 1.1612e-01     2.8175      8.171     11.851    10.8767 0.0000e+00
      8.304     -0.110     0.0783      0.723    203.459 146.065130    56.4300     1.7640     0.1278     0.4230 1.1600e-01     2.7873      8.143     11.810    10.8789 0.0000e+00
      8.276     -0.111     0.0791      0.722    203.092 145.829543    56.4300     1.8174     0.1278     0.4230 1.1605e-01     2.7873      8.116     11.771    10.8814 0.0000e+00
      8.248     -0.113     0.0798      0.724    202.787 145.646501    56.4300     1.8364     0.1278     0.4230 1.1617e-01     2.7269      8.089     11.731    10.8843 0.0000e+00
      8.220     -0.114     0.0800      0.727    202.604 145.555321    56.4300     1.8021     0.1278     0.4230 1.1617e-01     2.8628      8.061     11.691    10.8881 0.0000e+00
      8.190     -0.114     0.0799      0.728    202.470 145.495637    56.4300     1.8135     0.1278     0.4230 1.1605e-01     2.8477      8.032     11.649    10.8930 0.0000e+00
      8.159     -0.112     0.0798      0.726    202.231 145.351393    56.5200     1.8860     0.1278     0.5499 1.1617e-01     2.8930      8.001     11.605    10.8997 0.0000e+00
      8.128     -0.107     0.0800      0.719    201.837 145.088129    56.5200     1.8593     0.1278     0.5499 1.1607e-01     2.8477      7.971     11.561    10.9086 0.0000e+00
      8.100     -0.100     0.0803      0.705    201.377 144.777846    56.5200     1.9051     0.1278     0.5499 1.1612e-01     2.8175      7.943     11.520    10.9186 0.0000e+00
      8.074     -0.091     0.0803      0.687    201.034 144.552102    56.5200     1.8898     0.1278     0.5499 1.1617e-01     2.8628      7.918     11.484    10.9276 0.0000e+00
      8.053     -0.080     0.0801      0.671    200.939 144.498906    55.5300     1.8708     0.1278     0.6768 1.1620e-01     2.9384      7.897     11.454    10.9343 0.0000e+00
      8.036     -0.071     0.0793      0.661    200.974 144.527967    55.5300     1.8937     0.1278     0.6768 1.1625e-01     2.7269      7.880     11.429    10.9394 0.0000e+00
      8.020     -0.065     0.0777      0.657    200.972 144.520861    55.5300     1.8860     0.1278     0.6768 1.1602e-01     2.7873      7.865     11.407    10.9443 0.0000e+00
      8.006     -0.062     0.0757      0.660    200.921 144.477696    55.5300     1.8746     0.1278     0.6768 1.1607e-01     2.8326      7.851     11.387    10.9495 0.0000e+00
      7.993     -0.062     0.0740      0.669    200.790 144.382955    56.0700     1.8784     0.1278     0.5076 1.1628e-01     2.7873      7.838     11.368    10.9534 0.0000e+00
      7.978     -0.066     0.0729      0.685    200.541 144.215379    56.0700     1.8898     0.1278     0.5076 1.1605e-01     2.9686      7.824     11.347    10.9543 0.0000e+00
      7.962     -0.073     0.0725      0.703    200.231 144.018402    56.0700     1.8708     0.1278     0.5076 1.1620e-01     2.9232      7.808     11.324    10.9529 0.0000e+00
      7.943     -0.082     0.0728      0.720    199.930 143.839637    56.0700     1.8860     0.1278     0.5076 1.1600e-01     2.8175      7.789     11.297    10.9513 0.0000e+00
      7.921     -0.091     0.0738      0.732    199.654 143.683486    55.8900     1.8326     0.1278     0.6345 1.1617e-01     2.8930      7.768     11.265    10.9512 0.0000e+00
      7.895     -0.100     0.0756      0.738    199.330 143.492289    55.8900     1.8212     0.1278     0.6345 1.1638e-01     2.8477      7.743     11.229    10.9540 0.0000e+00
      7.868     -0.108     0.0776      0.737    198.900 143.225074    55.8900     1.8212     0.1278     0.6345 1.1617e-01     2.8175      7.716     11.190    10.9605 0.0000e+00
      7.838     -0.115     0.0794      0.736    198.461 142.954777    55.8900     1.8097     0.1278     0.6345 1.1607e-01     2.8175      7.687     11.149    10.9700 0.0000e+00
      7.808     -0.119     0.0807      0.737    198.116 142.751510    55.8900     1.9661     0.1278     0.6345 1.1617e-01     2.9232      7.657     11.105    10.9806 0.0000e+00
      7.776     -0.123     0.0813      0.737    197.843 142.595114    55.5300     1.9280     0.1278     0.5076 1.1612e-01     2.7571      7.626     11.060    10.9911 0.0000e+00
      7.744     -0.126     0.0813      0.739    197.623 142.469921    55.5300     1.9432     0.1278     0.5076 1.1623e-01     2.7571      7.595     11.015    11.0019 0.0000e+00
      7.712     -0.128     0.0811      0.747    197.464 142.382596    55.5300     1.9394     0.1278     0.5076 1.1605e-01     2.8628      7.563     10.969    11.0133 0.0000e+00
      7.679     -0.130     0.0812      0.763    197.341 142.315864    55.5300     1.9318     0.1278     0.5076 1.1628e-01     2.8628      7.530     10.922    11.0247 0.0000e+00
      7.645     -0.132     0.0812      0.784    197.210 142.239913    55.7100     1.8746     0.1278     0.5499 1.1612e-01     2.8628      7.497     10.874    11.0348 0.0000e+00
      7.611     -0.133     0.0814      0.806    197.039 142.134490    55.7100     1.8784     0.1278     0.5499 1.1605e-01     2.8628      7.464     10.826    11.0433 0.0000e+00
      7.577     -0.133     0.0822      0.822    196.810 141.987503    55.7100     1.8670     0.1278     0.5499 1.1620e-01     2.8175      7.431     10.777    11.0502 0.0000e+00
      7.543     -0.134     0.0840      0.829    196.528 141.805816    55.7100     1.8746     0.1278     0.5499 1.1620e-01     2.9535      7.397     10.729    11.0557 0.0000e+00
      7.509     -0.135     0.0863      0.831    196.208 141.601055    55.8000     1.8593     0.1278     0.5076 1.1816e-01     3.1045      7.364     10.680    11.0605 0.0000e+00
      7.475     -0.136     0.0887      0.832    195.783 141.326627    55.8000     1.8975     0.1278     0.5076 1.1612e-01     3.0139      7.330     10.632    11.0650 0.0000e+00
      7.440     -0.138     0.0905      0.830    195.170 140.925374    55.8000     1.8746     0.1278     0.5076 1.3198e-01     3.0894      7.296     10.583    11.0698 0.0000e+00
      7.405     -0.141     0.0912      0.829    194.446 140.454496    55.8000     1.8708     0.1278     0.5076 1.3453e-01     3.0592      7.262     10.532    11.0752 0.0000e+00
      7.369     -0.143     0.0915      0.831    193.791 140.038731    55.8000     1.8135     0.1278     0.5076 1.4745e-01     2.8175      7.226     10.481    11.0819 0.0000e+00
      7.332     -0.145     0.0915      0.837    193.264 139.713384    55.7100     1.8326     0.1704     0.5922 1.4958e-01     2.8930      7.190     10.428    11.0903 0.0000e+00
      7.294     -0.146     0.0913      0.846    192.778 139.409720    55.7100     1.7945     0.1704     0.5922 1.7152e-01     2.9081      7.153     10.374    11.1010 0.0000e+00
      7.256     -0.146     0.0910      0.861    192.231 139.056774    55.7100     1.8059     0.1704     0.5922 1.8236e-01     2.6664      7.115     10.320    11.1143 0.0000e+00
      7.218     -0.145     0.0913      0.873    191.607 138.646527    55.7100     1.8937     0.1704     0.5922 1.9940e-01     3.1196      7.079     10.267    11.1291 0.0000e+00
      7.181     -0.142     0.0919      0.880    191.020 138.261793    55.2600     1.8517     0.1704     0.6345 2.1158e-01     3.0894      7.042     10.214    11.1434 0.0000e+00
      7.145     -0.138     0.0929      0.892    190.494 137.916106    55.2600     1.8898     0.1704     0.6345 2.4110e-01     3.0743      7.007     10.162    11.1558 0.0000e+00
      7.109     -0.133     0.0945      0.909    189.785 137.431191    55.2600     1.8784     0.1704     0.6345 2.4769e-01     3.0290      6.972     10.112    11.1669 0.0000e+00
      7.075     -0.127     0.0958      0.927    188.726 136.691752    55.2600     1.8784     0.1704     0.6345 3.1090e-01     3.2254      6.939     10.063    11.1776 0.0000e+00
      7.044     -0.120     0.0966      0.946    187.290 135.684803    55.0800     1.8860     0.1278     0.5499 3.1525e-01     3.3764      6.907     10.018    11.1882 0.0000e+00
      7.014     -0.113     0.0978      0.966    185.233 134.229922    55.0800     1.8708     0.1278     0.5499 3.1002e-01     3.2556      6.879      9.976    11.1975 0.0000e+00
      6.986     -0.107     0.0997      0.988    182.052 131.961163    55.0800     1.9089     0.1278     0.5499 3.2683e-01     3.3613      6.851      9.937    11.2051 0.0000e+00
      6.960     -0.101     0.1017      1.012    177.135 128.433687    55.0800     1.9280     0.1278     0.5499 3.4068e-01     3.1347      6.826      9.900    11.2127 0.0000e+00
      6.936     -0.097     0.1037      1.034    169.555 122.971095    54.2700     1.9432     0.1278     0.5499 3.7340e-01     3.0592      6.802      9.865    11.2220 0.0000e+00
      6.913     -0.096     0.1059      1.051    157.426 114.192773    54.2700     1.9509     0.1278     0.5499 3.5250e-01     3.1196      6.779      9.833    11.2325 0.0000e+00
      6.891     -0.096     0.1083      1.065    137.329  99.609694    54.2700     1.9432     0.1278     0.5499 3.5520e-01     3.1045      6.757      9.801    11.2435 0.0000e+00
      6.867     -0.099     0.1109      1.080    103.796  75.254963    54.2700     1.9432     0.1278     0.5499 3.5822e-01     2.7873      6.734      9.767    11.2555 0.0000e+00
      6.842     -0.104     0.1132      1.094     47.866  34.625976    54.2700     1.9280     0.1278     0.5499 3.7723e-01     2.9535      6.710      9.732    11.2677 0.0000e+00
      6.815     -0.111     0.1151      1.110    -45.397 -33.125679    53.4600     1.9547     0.1278     0.5499 4.0864e-01     2.9081      6.683      9.693    11.2774 0.0000e+00
      6.786     -0.118     0.1167      1.122   -200.739-145.977020    53.4600     1.9356     0.1278     0.5499 4.3892e-01     2.8628      6.655      9.652    11.2835 0.0000e+00
      6.755     -0.126     0.1182      1.127   -459.374-333.879600    53.4600     1.9280     0.1278     0.5499 4.4449e-01     3.1196      6.624      9.608    11.2880 0.0000e+00
      6.721     -0.132     0.1198      1.127   -621.524-451.638197    53.4600     1.9432     0.1278     0.5499 4.7453e-01     3.1045      6.591      9.560    11.2933 0.0000e+00
      6.686     -0.137     0.1214      1.118   -461.570-335.280467    53.4600     1.9661     0.1704     0.5499 5.2135e-01     3.1498      6.557      9.510    11.3014 0.0000e+00
      6.649     -0.140     0.1227      1.103   -204.898-148.623852    53.4600     1.9471     0.1704     0.5499 5.6783e-01     3.0592      6.521      9.458    11.3144 0.0000e+00
      6.612     -0.142     0.1233      1.089    -51.212 -36.821501    53.4600     2.0539     0.1704     0.5499 5.5562e-01     3.2858      6.484      9.405    11.3329 0.0000e+00
      6.575     -0.142     0.1231      1.080     40.605  30.004604    53.4600     2.0806     0.1704     0.5499 6.2998e-01     3.3009      6.448      9.353    11.3574 0.0000e+00
      6.539     -0.142     0.1221      1.079     95.216  69.782839    53.1000     2.0577     0.1704     0.5076 6.4396e-01     3.3462      6.413      9.301    11.3868 0.0000e+00
      6.503     -0.140     0.1205      1.094    127.521  93.348902    53.1000     2.0882     0.1704     0.5076 6.7329e-01     3.3462      6.378      9.250    11.4180 0.0000e+00
      6.468     -0.139     0.1188      1.129    146.446 107.191222    53.1000     1.9585     0.1704     0.5076 7.1073e-01     4.4490      6.343      9.199    11.4479 0.0000e+00
      6.432     -0.137     0.1177      1.175    157.134 115.047120    53.1000     1.9509     0.1704     0.5076 7.4634e-01     4.2828      6.308      9.149    11.4749 0.0000e+00
      6.397     -0.136     0.1175      1.227    162.490 119.035519    53.1000     1.9394     0.1704     0.5076 8.1076e-01     4.2526      6.273      9.099    11.5005 0.0000e+00
      6.363     -0.134     0.1191      1.288    164.499 120.612216    51.1200     1.9509     0.2556     0.4653 8.8208e-01     4.2828      6.240      9.051    11.5265 0.0000e+00
      6.329     -0.133     0.1228      1.358    164.558 120.795993    51.1200     1.9394     0.2556     0.4653 8.2713e-01     4.1620      6.207      9.003    11.5531 0.0000e+00
      6.296     -0.131     0.1277      1.436    163.295 120.034053    51.1200     1.9356     0.2556     0.4653 9.1687e-01     4.2526      6.174      8.955    11.5805 0.0000e+00
      6.262     -0.129     0.1333      1.526    161.117 118.619380    51.1200     1.9318     0.2556     0.4653 9.5759e-01     4.3130      6.141      8.907    11.6117 0.0000e+00
      6.228     -0.125     0.1397      1.635    158.441 116.848911    42.6600     1.9356     0.3408     0.5499 1.0124e+00     4.1771      6.108      8.859    11.6507 0.0000e+00
      6.196     -0.119     0.1472      1.770    155.482 114.870616    42.6600     2.0577     0.3408     0.5499 1.1043e+00     5.4460      6.076      8.813    11.6983 0.0000e+00
      6.165     -0.113     0.1555      1.940    152.414 112.806964    42.6600     2.0462     0.3408     0.5499 1.1120e+00     5.4460      6.046      8.769    11.7528 0.0000e+00
      6.138     -0.107     0.1650      2.148    149.462 110.815580    42.6600     2.0806     0.3408     0.5499 1.1506e+00     5.4158      6.019      8.730    11.8134 0.0000e+00
      6.112     -0.101     0.1765      2.395    146.793 109.015294    43.8300     2.0768     0.2556     0.4653 1.1382e+00     5.4611      5.994      8.694    11.8784 0.0000e+00
      6.089     -0.097     0.1907      2.688    144.560 107.517832    43.8300     1.9738     0.2556     0.4653 1.1687e+00     5.4913      5.971      8.660    11.9453 0.0000e+00
      6.066     -0.095     0.2087      3.031    142.901 106.421664    43.8300     2.0195     0.2556     0.4653 1.1571e+00     5.4762      5.948      8.627    12.0122 0.0000e+00
      6.043     -0.094     0.2307      3.418    141.590 105.552432    43.8300     1.9928     0.2556     0.4653 1.1936e+00     5.4611      5.926      8.594    12.0770 0.0000e+00
      6.019     -0.095     0.2569      3.836    140.182 104.582393    37.9800     2.0005     0.2982     0.2961 1.1949e+00     5.5216      5.902      8.560    12.1372 0.0000e+00
      5.994     -0.097     0.2880      4.277    138.267 103.220886    37.9800     2.0424     0.2982     0.2961 1.2849e+00     6.3675      5.878      8.525    12.1920 0.0000e+00
      5.969     -0.100     0.3245      4.738    135.330 101.096846    37.9800     2.0501     0.2982     0.2961 1.3032e+00     6.4279      5.853      8.490    12.2398 0.0000e+00
      5.943     -0.103     0.3657      5.203    130.839  97.833764    37.9800     2.0729     0.2982     0.2961 1.2964e+00     6.3373      5.828      8.454    12.2776 0.0000e+00
      5.917     -0.107     0.4101      5.653    124.569  93.283004    37.9800     2.0729     0.2982     0.2961 1.3554e+00     6.5639      5.803      8.416    12.3075 0.0000e+00
      5.890     -0.111     0.4570      6.090    117.174  87.939457    34.2000     1.9432     0.2556     0.2538 1.3873e+00     6.9113      5.776      8.377    12.3347 0.0000e+00
      5.861     -0.116     0.5058      6.552    109.746  82.603623    34.2000     1.9318     0.2556     0.2538 1.4667e+00     6.8207      5.748      8.337    12.3653 0.0000e+00
