Data/DataNotYetUploadedToEDI/Raw_CTD/RawDownloads/102124_bvr50_S8188002.cnv
* Sea-Bird SBE19plus  Data File:
* FileName = C:\R\Reservoirs\Data\DataNotYetUploadedToEDI\Raw_CTD\RawDownloads\100724_bvr50_S8188_0002.hex
* Software version 2.8.0.119
* Temperature SN = 8188
* Conductivity SN = 8188
* System UpLoad Time = Oct 24 2024 12:37:49
* <ApplicationData>
* <Seaterm232>
# nquan = 16
# nvalues = 1021                        
# units = specified
# name 0 = depFM: Depth [fresh water, m]
# name 1 = dz/dtM: Descent Rate [m/s]
# name 2 = sbeox0Mg/L: Oxygen, SBE 43 [mg/l]
# name 3 = sbeox0PS: Oxygen, SBE 43 [% saturation]
# name 4 = specc: Specific Conductance [uS/cm]
# name 5 = c0uS/cm: Conductivity [uS/cm]
# name 6 = wetCDOM: Fluorescence, WET Labs CDOM [mg/m^3]
# name 7 = flECO-AFL: Fluorescence, WET Labs ECO-AFL/FL [mg/m^3]
# name 8 = flECO-AFL1: Fluorescence, WET Labs ECO-AFL/FL, 2 [mg/m^3]
# name 9 = flECO-AFL2: Fluorescence, WET Labs ECO-AFL/FL, 3 [mg/m^3]
# name 10 = par/sat/log: PAR/Logarithmic, Satlantic
# name 11 = turbWETntu0: Turbidity, WET Labs ECO [NTU]
# name 12 = prdM: Pressure, Strain Gauge [db]
# name 13 = prdE: Pressure, Strain Gauge [psi]
# name 14 = tv290C: Temperature [ITS-90, deg C]
# name 15 = flag:  0.000e+00
# span 0 =     -0.644,      9.543       
# span 1 =     -0.213,      0.134       
# span 2 =    -1.0190,     9.7848       
# span 3 =     -9.715,     98.655       
# span 4 =   -621.524,    239.881       
# span 5 =-451.638197, 170.146179       
# span 6 =    -4.5000,    64.2600       
# span 7 =    -1.6846,     3.8850       
# span 8 =    -6.9012,     5.8788       
# span 9 =   -10.1943,     7.1910       
# span 10 = 1.1592e-01, 1.8262e+03      
# span 11 =    -4.1919,    19.1022      
# span 12 =     -0.631,      9.358      
# span 13 =     -0.916,     13.573      
# span 14 =    10.4625,    20.1643      
# span 15 = 0.0000e+00, 0.0000e+00      
# interval = seconds: 0.25
# start_time = Oct 21 2024 11:16:23 [Instrument's time stamp, header]
# bad_flag = -9.990e-29
*END*
[from data line 904]
      2.430     -0.165     6.2016     61.995     33.252  26.439599    27.0000     1.5160     0.1278     0.4230 6.1474e+01     3.3160      2.383      3.457    14.7356 0.0000e+00
      2.390     -0.153     6.2299     62.061     33.249  26.439209    26.9100     1.4931     0.1704     0.2961 6.0823e+01     3.3160      2.344      3.399    14.7413 0.0000e+00
      2.354     -0.144     6.2539     62.069     33.230  26.425533    26.9100     1.4931     0.1704     0.2961 6.1581e+01     3.2858      2.308      3.348    14.7452 0.0000e+00
      2.321     -0.138     6.2723     62.019     33.200  26.402889    26.9100     1.5084     0.1704     0.2961 6.3801e+01     3.4671      2.276      3.301    14.7486 0.0000e+00
      2.290     -0.137     6.2845     61.919     33.175  26.383159    26.9100     1.5007     0.1704     0.2961 6.0022e+01     3.3764      2.245      3.257    14.7523 0.0000e+00
      2.258     -0.141     6.2907     61.782     33.169  26.379003    27.0000     1.5122     0.1704     0.3807 6.3290e+01     3.2707      2.214      3.212    14.7557 0.0000e+00
      2.224     -0.150     6.2912     61.638     33.176  26.385330    27.0000     1.5198     0.1704     0.3807 6.2906e+01     3.2707      2.181      3.163    14.7581 0.0000e+00
      2.185     -0.162     6.2860     61.510     33.194  26.399846    27.0000     1.5274     0.1704     0.3807 6.8217e+01     3.2858      2.143      3.108    14.7596 0.0000e+00
      2.141     -0.175     6.2757     61.410     33.228  26.428412    27.0000     1.5198     0.1704     0.3807 6.9731e+01     3.4067      2.100      3.046    14.7604 0.0000e+00
      2.094     -0.187     6.2618     61.340     33.271  26.464707    26.9100     1.5084     0.1278     0.4230 7.8430e+01     3.2858      2.053      2.978    14.7609 0.0000e+00
      2.043     -0.198     6.2470     61.297     33.295  26.486551    26.9100     1.5084     0.1278     0.4230 8.2521e+01     3.4369      2.004      2.906    14.7614 0.0000e+00
      1.990     -0.205     6.2340     61.275     33.279  26.475874    26.9100     1.5656     0.1278     0.4230 9.7043e+01     3.3764      1.952      2.830    14.7625 0.0000e+00
      1.935     -0.209     6.2235     61.264     33.232  26.441776    26.9100     1.5923     0.1278     0.4230 9.2735e+01     3.3462      1.898      2.753    14.7646 0.0000e+00
      1.880     -0.211     6.2159     61.257     33.184  26.407025    26.9100     1.5656     0.0852     0.4230 1.1331e+02     3.3915      1.844      2.674    14.7679 0.0000e+00
      1.825     -0.210     6.2111     61.258     33.160  26.392222    26.9100     1.5961     0.0852     0.4230 1.2492e+02     3.2103      1.790      2.596    14.7717 0.0000e+00
      1.771     -0.207     6.2084     61.273     33.169  26.403375    26.9100     1.6991     0.0852     0.4230 1.1963e+02     3.3915      1.737      2.520    14.7756 0.0000e+00
      1.719     -0.203     6.2066     61.310     33.191  26.425539    26.9100     1.6953     0.0852     0.4230 1.1622e+02     3.3160      1.686      2.445    14.7802 0.0000e+00
      1.668     -0.198     6.2053     61.372     33.215  26.450685    26.9100     1.7144     0.0852     0.4230 1.2839e+02     3.2556      1.636      2.373    14.7856 0.0000e+00
      1.618     -0.194     6.2046     61.461     33.248  26.481536    26.9100     1.6877     0.1704     0.4653 1.2813e+02     3.4671      1.587      2.302    14.7914 0.0000e+00
      1.570     -0.190     6.2052     61.581     33.270  26.502426    26.9100     1.8135     0.1704     0.4653 1.4700e+02     3.3311      1.540      2.233    14.7976 0.0000e+00
      1.522     -0.187     6.2079     61.739     33.266  26.502995    26.9100     1.8135     0.1704     0.4653 1.5349e+02     3.3311      1.493      2.165    14.8051 0.0000e+00
      1.476     -0.185     6.2131     61.933     33.246  26.491359    26.9100     1.8441     0.1704     0.4653 1.6376e+02     3.3311      1.447      2.099    14.8133 0.0000e+00
      1.430     -0.184     6.2211     62.144     33.205  26.464415    26.8200     1.8097     0.1278     0.4230 1.5854e+02     3.3613      1.402      2.034    14.8205 0.0000e+00
      1.384     -0.185     6.2325     62.363     33.151  26.430910    26.8200     1.8708     0.1278     0.4230 1.7774e+02     3.2858      1.357      1.969    14.8261 0.0000e+00
      1.338     -0.187     6.2479     62.598     33.124  26.419741    26.8200     1.8708     0.1278     0.4230 1.8479e+02     3.2858      1.312      1.902    14.8312 0.0000e+00
      1.290     -0.190     6.2666     62.871     33.133  26.437888    26.8200     1.8860     0.1278     0.4230 1.9435e+02     3.3462      1.265      1.835    14.8377 0.0000e+00
      1.241     -0.194     6.2867     63.205     33.145  26.456338    26.7300     1.8708     0.1278     0.4230 1.9183e+02     3.2858      1.218      1.766    14.8473 0.0000e+00
      1.191     -0.197     6.3069     63.620     33.143  26.462091    26.7300     1.9585     0.1278     0.4230 2.5461e+02     2.9988      1.169      1.695    14.8609 0.0000e+00
      1.140     -0.200     6.3285     64.125     33.153  26.476595    26.7300     1.9585     0.1278     0.4230 2.1501e+02     3.0139      1.118      1.622    14.8771 0.0000e+00
      1.088     -0.201     6.3539     64.708     33.176  26.499734    26.7300     1.9738     0.1278     0.4230 2.1487e+02     3.0139      1.067      1.547    14.8930 0.0000e+00
      1.036     -0.201     6.3857     65.342     33.189  26.513784    26.7300     1.9356     0.1278     0.5076 3.3531e+02     3.0139      1.016      1.473    14.9068 0.0000e+00
      0.984     -0.199     6.4261     65.976     33.200  26.526475    26.7300     2.0539     0.1278     0.5076 4.2911e+02     3.2405      0.965      1.399    14.9180 0.0000e+00
      0.933     -0.195     6.4758     66.553     33.212  26.541190    26.7300     2.0768     0.1278     0.5076 2.3347e+02     3.2556      0.915      1.327    14.9270 0.0000e+00
      0.883     -0.189     6.5337     67.036     33.210  26.545925    26.7300     2.0806     0.1278     0.5076 3.1821e+02     3.2405      0.866      1.256    14.9340 0.0000e+00
      0.835     -0.182     6.5968     67.429     33.202  26.545925    26.7300     2.0653     0.1278     0.5076 4.8054e+02     3.2103      0.819      1.187    14.9401 0.0000e+00
      0.788     -0.173     6.6599     67.759     33.189  26.541190    26.6400     2.0424     0.1278     0.4653 4.3625e+02     3.0139      0.773      1.121    14.9464 0.0000e+00
      0.744     -0.162     6.7170     68.047     33.168  26.530457    26.6400     2.0539     0.1278     0.4653 3.9321e+02     3.0441      0.730      1.059    14.9540 0.0000e+00
      0.703     -0.149     6.7646     68.313     33.146  26.518830    26.6400     2.0501     0.1278     0.4653 5.2179e+02     3.0894      0.690      1.001    14.9628 0.0000e+00
      0.666     -0.135     6.8029     68.573     33.137  26.517146    26.6400     2.0691     0.1278     0.4653 3.6410e+02     3.0894      0.653      0.947    14.9721 0.0000e+00
      0.633     -0.120     6.8348     68.834     33.156  26.538897    26.5500     2.0577     0.1278     0.4230 5.9485e+02     3.0441      0.621      0.901    14.9812 0.0000e+00
      0.605     -0.106     6.8625     69.094     33.185  26.567977    26.5500     2.0653     0.1278     0.4230 3.8359e+02     3.0139      0.594      0.861    14.9900 0.0000e+00
      0.582     -0.094     6.8881     69.338     33.193  26.578292    26.5500     2.0501     0.1278     0.4230 4.6828e+02     3.1196      0.571      0.828    14.9989 0.0000e+00
      0.562     -0.086     6.9129     69.555     33.181  26.572593    26.5500     2.0424     0.1278     0.4230 4.7587e+02     3.1196      0.551      0.799    15.0083 0.0000e+00
      0.543     -0.081     6.9378     69.744     33.179  26.573253    26.6400     2.0157     0.1704     0.4230 5.2066e+02     3.1801      0.533      0.772    15.0177 0.0000e+00
      0.524     -0.081     6.9627     69.910     33.176  26.572485    26.6400     1.9928     0.1704     0.4230 4.2254e+02     3.0290      0.514      0.746    15.0260 0.0000e+00
      0.505     -0.085     6.9864     70.046     33.147  26.550172    26.6400     2.0119     0.1704     0.4230 4.1471e+02     3.0441      0.495      0.718    15.0326 0.0000e+00
      0.485     -0.093     7.0075     70.134     33.109  26.520276    26.6400     1.9852     0.1704     0.4230 5.8092e+02     3.0441      0.475      0.689    15.0379 0.0000e+00
      0.462     -0.101     7.0259     70.162     33.096  26.510667    26.6400     1.9585     0.1278     0.5076 4.5012e+02     3.1952      0.453      0.656    15.0418 0.0000e+00
      0.434     -0.110     7.0423     70.122     33.099  26.514799    26.6400     1.9356     0.1278     0.5076 4.7329e+02     3.0894      0.426      0.617    15.0439 0.0000e+00
      0.402     -0.116     7.0558     70.022     33.096  26.513863    26.6400     1.9585     0.1278     0.5076 6.4985e+02     3.1196      0.395      0.572    15.0450 0.0000e+00
      0.368     -0.118     7.0645     69.890     33.095  26.515574    26.6400     1.9471     0.1278     0.5076 7.4422e+02     3.1196      0.361      0.524    15.0461 0.0000e+00
      0.335     -0.116     7.0672     69.758     33.089  26.512423    26.6400     1.9394     0.1278     0.5076 6.8034e+02     3.0290      0.329      0.477    15.0474 0.0000e+00
      0.304     -0.110     7.0628     69.652     33.072  26.499588    26.5500     1.9432     0.1704     0.3384 7.0212e+02     3.0139      0.299      0.433    15.0494 0.0000e+00
      0.277     -0.101     7.0522     69.586     33.060  26.489576    26.5500     1.9242     0.1704     0.3384 7.1973e+02     3.0743      0.272      0.394    15.0526 0.0000e+00
      0.253     -0.092     7.0384     69.565     33.057  26.487683    26.5500     1.9318     0.1704     0.3384 8.7882e+02     3.0743      0.248      0.360    15.0561 0.0000e+00
      0.232     -0.084     7.0248     69.570     33.053  26.485438    26.5500     1.8402     0.1704     0.3384 1.7398e+03     3.1347      0.228      0.330    15.0585 0.0000e+00
      0.214     -0.078     7.0139     69.575     33.032  26.470296    26.5500     1.7945     0.1704     0.4653 1.0223e+03     3.1196      0.210      0.304    15.0593 0.0000e+00
      0.196     -0.074     7.0073     69.565     33.021  26.462112    26.5500     1.8288     0.1704     0.4653 7.7948e+02     3.0441      0.192      0.278    15.0594 0.0000e+00
      0.178     -0.071     7.0051     69.540     33.040  26.478619    26.5500     1.8288     0.1704     0.4653 6.4004e+02     3.0894      0.174      0.253    15.0599 0.0000e+00
      0.160     -0.069     7.0055     69.498     33.072  26.504304    26.5500     1.8174     0.1704     0.4653 1.1916e+03     3.0441      0.156      0.227    15.0613 0.0000e+00
      0.141     -0.067     7.0057     69.454     33.090  26.518140    26.4600     1.9013     0.1278     0.2961 8.7254e+02     3.0894      0.139      0.201    15.0632 0.0000e+00
      0.124     -0.063     7.0043     69.418     33.106  26.529790    26.4600     1.8937     0.1278     0.2961 1.0348e+03     3.1045      0.121      0.176    15.0652 0.0000e+00
      0.107     -0.059     7.0016     69.381     33.128  26.546344    26.4600     1.9013     0.1278     0.2961 1.3723e+03     3.1498      0.105      0.153    15.0666 0.0000e+00
      0.093     -0.055     6.9973     69.341     33.135  26.552302    26.4600     1.8670     0.1278     0.2961 8.3271e+02     3.0592      0.091      0.132    15.0672 0.0000e+00
      0.080     -0.053     6.9929     69.298     33.150  26.565184    26.4600     1.9356     0.1278     0.2961 9.1985e+02     3.1196      0.079      0.114    15.0664 0.0000e+00
      0.069     -0.054     6.9896     69.247     33.183  26.594399    26.5500     1.9356     0.1278     0.3807 2.4215e+02     3.1045      0.068      0.098    15.0645 0.0000e+00
      0.058     -0.060     6.9862     69.190     33.206  26.615878    26.5500     1.9509     0.1278     0.3807 7.0426e+02     3.0139      0.057      0.082    15.0628 0.0000e+00
      0.045     -0.071     6.9822     69.143     33.201  26.615436    26.5500     1.9432     0.1278     0.3807 8.1996e+02     3.0743      0.044      0.064    15.0625 0.0000e+00
      0.028     -0.086     6.9775     69.118     33.190  26.608885    26.5500     1.6266     0.1278     0.3807 9.6888e+02     3.0290      0.028      0.040    15.0646 0.0000e+00
      0.006     -0.105     6.9718     69.120     33.185  26.608418    26.4600     1.6343     0.1278     0.3384 7.7779e+02     3.1196      0.005      0.008    15.0687 0.0000e+00
     -0.024     -0.126     6.9653     69.166     33.172  26.603954    26.4600     1.6304     0.1278     0.3384 9.8888e+02     3.0441     -0.024     -0.034    15.0736 0.0000e+00
     -0.060     -0.148     6.9599     69.268     33.161  26.604258    26.4600     1.6266     0.1278     0.3384 1.5232e+03     3.1498     -0.059     -0.085    15.0783 0.0000e+00
     -0.102     -0.167     6.9567     69.410     33.163  26.619368    26.4600     1.7754     0.1278     0.3384 1.3396e+03     3.0290     -0.100     -0.145    15.0826 0.0000e+00
     -0.148     -0.181     6.9561     69.558     33.175  26.645349    26.5500     1.7563     0.1704     0.3807 1.3411e+03     3.1045     -0.145     -0.211    15.0880 0.0000e+00
     -0.199     -0.190     6.9594     69.672     33.188  26.673201    26.5500     1.7296     0.1704     0.3807 1.1067e+03     3.0894     -0.195     -0.283    15.0965 0.0000e+00
     -0.252     -0.192     6.9676     69.712     33.201  26.698404    26.5500     1.7411     0.1704     0.3807 8.6951e+02     3.0290     -0.248     -0.359    15.1101 0.0000e+00
     -0.306     -0.189     6.9789     69.638     33.220  26.723697    26.5500     1.5732     0.1704     0.3807 7.8646e+02     3.0592     -0.300     -0.435    15.1299 0.0000e+00
     -0.355     -0.179     6.9900     69.414     33.238  26.741887    14.3100     1.5732    -6.9012    -3.5109 6.7475e+02     3.0592     -0.348     -0.505    15.1553 0.0000e+00
     -0.400     -0.164     6.9975     69.013     33.230  26.733929    14.3100     1.5427    -6.9012    -3.5109 4.7144e+02     2.9837     -0.392     -0.569    15.1816 0.0000e+00
     -0.441     -0.146     6.9982     68.433     33.167  26.675798    14.3100     1.5656    -6.9012    -3.5109 2.7557e+02     3.1347     -0.432     -0.627    15.2036 0.0000e+00
     -0.477     -0.125     6.9886     67.716     33.033  26.557966    14.3100     2.2027    -6.9012    -3.5109 1.8415e+02     5.2950     -0.468     -0.678    15.2183 0.0000e+00
     -0.507     -0.103     6.9652     66.946     32.829  26.380869    14.3100     2.1836    -6.9012    -3.5109 1.9191e+02     5.1590     -0.497     -0.721    15.2242 0.0000e+00
     -0.530     -0.083     6.9254     66.235     32.516  26.115203     0.0000     2.1607     1.7040     1.3536 1.8918e+02     5.2496     -0.520     -0.754    15.2211 0.0000e+00
     -0.546     -0.066     6.8687     65.703     31.999  25.686140     0.0000     2.1874     1.7040     1.3536 1.8604e+02     5.2496     -0.536     -0.777    15.2105 0.0000e+00
     -0.558     -0.052     6.7991     65.473     31.129  24.975280     0.0000     1.1994     1.7040     1.3536 2.3296e+02     3.5728     -0.547     -0.793    15.1945 0.0000e+00
     -0.567     -0.043     6.7247     65.665     29.654  23.783103     0.0000     1.1765     1.7040     1.3536 3.5219e+02     3.6181     -0.556     -0.806    15.1743 0.0000e+00
     -0.575     -0.037     6.6565     66.398     27.154  21.771784     0.0000     1.1841     5.8788     7.1910 6.4577e+02     3.5426     -0.564     -0.817    15.1515 0.0000e+00
     -0.583     -0.034     6.6064     67.773     22.989  18.428865     0.0000     1.2108     5.8788     7.1910 6.5070e+02     3.5124     -0.572     -0.829    15.1287 0.0000e+00
     -0.593     -0.031     6.5862     69.822     17.637  14.136747     0.0000    -1.6770     5.8788     7.1910 2.1278e+02     2.6966     -0.581     -0.843    15.1083 0.0000e+00
     -0.602     -0.029     6.6080     72.456     12.977  10.399910     0.0000    -1.6464     5.8788     7.1910 1.9853e+02     2.6362     -0.590     -0.856    15.0917 0.0000e+00
