Data/DataNotYetUploadedToEDI/Raw_CTD/RawDownloads/102124_fcr50_S7809009.cnv
* Sea-Bird SBE19plus  Data File:
* FileName = C:\R\Reservoirs\Data\DataNotYetUploadedToEDI\Raw_CTD\RawDownloads\100724_fcr50_S7809_0009.hex
* Software version 2.8.0.119
* Temperature SN = 7809
* Conductivity SN = 7809
* System UpLoad Time = Oct 24 2024 12:51:59
* <ApplicationData>
* <Seaterm232>
# nquan = 15
# nvalues = 977                         
# units = specified
# name 0 = depFM: Depth [fresh water, m]
# name 1 = dz/dtM: Descent Rate [m/s]
# name 2 = sbeox0Mg/L: Oxygen, SBE 43 [mg/l]
# name 3 = sbeox0PS: Oxygen, SBE 43 [% saturation]
# name 4 = specc: Specific Conductance [uS/cm]
# name 5 = c0uS/cm: Conductivity [uS/cm]
# name 6 = flECO-AFL: Fluorescence, WET Labs ECO-AFL/FL [mg/m^3]
# name 7 = ph: pH
# name 8 = orp: Oxidation Reduction Potential [mV]
# name 9 = par/sat/log: PAR/Logarithmic, Satlantic
# name 10 = turbWETntu0: Turbidity, WET Labs ECO [NTU]
# name 11 = prdM: Pressure, Strain Gauge [db]
# name 12 = prdE: Pressure, Strain Gauge [psi]
# name 13 = tv290C: Temperature [ITS-90, deg C]
# name 14 = flag:  0.000e+00
# span 0 =     -0.573,      8.538       
# span 1 =     -0.446,      0.196       
# span 2 =     7.1799,    11.0588       
# span 3 =     73.674,    109.044       
# span 4 =      1.251,     65.423       
# span 5 =   1.195501,  51.071500       
# span 6 =    -0.8885,     5.4723       
# span 7 =      5.432,      7.408       
# span 8 = -1240.7455,   977.3684       
# span 9 = 1.2357e-01, 1.6494e+03       
# span 10 =    -1.9138,    86.2140      
# span 11 =     -0.562,      8.376      
# span 12 =     -0.816,     12.148      
# span 13 =    14.0265,    22.7877      
# span 14 = 0.0000e+00, 0.0000e+00      
# interval = seconds: 0.25
# start_time = Oct 21 2024 14:36:42 [Instrument's time stamp, header]
# bad_flag = -9.990e-29
*END*
     -0.573 1.3674e-13     7.3936     85.909      1.478   1.412415    -0.0543      5.452 -1240.7455 1.0644e+02     0.7294     -0.562     -0.815    22.7697 0.0000e+00
     -0.573 1.5042e-12     7.3946     85.948      1.428   1.364983    -0.0571      5.746 -1240.7455 1.2153e+02     0.7999     -0.562     -0.815    22.7708 0.0000e+00
     -0.573 1.6546e-11     7.3995     86.047      1.374   1.313023    -0.0581      5.904 -1240.7455 2.4812e+02     0.8650     -0.562     -0.815    22.7723 0.0000e+00
     -0.573 1.8201e-10     7.4004     86.178      1.351   1.290911    -0.0669      5.989 -1240.7455 6.9351e+02     0.7653     -0.562     -0.815    22.7732 0.0000e+00
     -0.573 2.0021e-09     7.3994     86.264      1.348   1.287645    -0.0713      6.043 -1240.7455 9.3822e+02     0.6183     -0.562     -0.815    22.7737 0.0000e+00
     -0.573 2.2023e-08     7.4020     86.293      1.333   1.273531    -0.0537      6.078 -1240.7452 5.0346e+02     0.5916     -0.562     -0.815    22.7738 0.0000e+00
     -0.573 2.4225e-07     7.4102     86.300      1.305   1.246943    -0.0289      6.096 -1240.7424 1.1734e+02     0.6135     -0.562     -0.814    22.7747 0.0000e+00
     -0.573      0.000     7.4261     86.312      1.276   1.219535    -0.0458      6.105 -1240.7114 7.3345e+01     0.5406     -0.561     -0.815    22.7749 0.0000e+00
     -0.573      0.000     7.4329     86.341      1.251   1.195501    -0.0836      6.107 -1240.3702 6.8187e+01     0.5306     -0.562     -0.814    22.7763 0.0000e+00
     -0.573      0.000     7.4336     86.362      1.267   1.209716    -0.0942      6.080 -1236.6172 7.4257e+01     0.6632     -0.561     -0.815    22.7755 0.0000e+00
     -0.573      0.004     7.4338     86.364      1.730   1.644764    -0.0829      5.765 -1195.3347 1.1383e+02     0.9140     -0.562     -0.814    22.7779 0.0000e+00
     -0.572      0.014     7.4337     86.392      5.464   5.125463     0.0702      5.432  -741.2271 4.7953e+02     3.4605     -0.561     -0.815    22.7751 0.0000e+00
     -0.572      0.034     7.4373     86.487     15.831  14.593233     0.3578      5.630   237.0447 1.1776e+03     8.2240     -0.560     -0.813    22.7811 0.0000e+00
     -0.571      0.061     7.4408     86.629     29.261  26.502431     0.5234      5.913   977.3684 1.5994e+03    10.8566     -0.562     -0.816    22.7724 0.0000e+00
     -0.561      0.088     7.4373     86.760     38.043  33.921588     0.5906      5.967   949.7129 1.6413e+03    11.0381     -0.559     -0.812    22.7877 0.0000e+00
     -0.530      0.115     7.4428     86.881     40.728  35.865867     0.9209      5.980   518.4476 1.6012e+03     9.5300     -0.527     -0.764    22.7449 0.0000e+00
     -0.482      0.142     7.5705     87.203     40.975  35.736088     1.4792      5.972   268.2491 1.5456e+03     6.6964     -0.472     -0.685    21.9340 0.0000e+00
     -0.435      0.169     7.7954     87.726     41.008  35.461067     1.7722      5.971   239.5571 1.5073e+03     5.1976     -0.420     -0.609    20.5136 0.0000e+00
     -0.396      0.188     7.9659     88.111     41.226  35.332031     1.8090      5.989   235.2906 1.5049e+03     5.0724     -0.389     -0.566    19.5301 0.0000e+00
     -0.354      0.196     8.0533     88.371     41.581  35.317611     1.9069      6.011   234.5583 1.5184e+03     5.0459     -0.355     -0.515    18.9839 0.0000e+00
     -0.297      0.191     8.1427     88.694     41.936  35.349757     2.0654      6.029   233.9723 1.5184e+03     5.0140     -0.294     -0.425    18.5780 0.0000e+00
     -0.233      0.179     8.2746     89.053     42.233  35.403121     2.1522      6.043   233.1105 1.5129e+03     5.0277     -0.226     -0.327    18.2512 0.0000e+00
     -0.177      0.159     8.3699     89.397     42.455  35.454989     2.1667      6.054   232.1398 1.5275e+03     5.0758     -0.166     -0.241    17.8543 0.0000e+00
     -0.137      0.133     8.4559     89.690     42.581  35.469126     2.1742      6.064   231.1836 1.5557e+03     5.0491     -0.128     -0.185    17.4399 0.0000e+00
     -0.113      0.103     8.5520     89.911     42.636  35.447041     2.2087      6.078   230.3256 1.5761e+03     4.9778     -0.107     -0.156    17.1108 0.0000e+00
     -0.100      0.076     8.6268     90.084     42.844  35.568573     2.2847      6.093   229.8535 1.5866e+03     4.9650     -0.097     -0.141    16.8828 0.0000e+00
     -0.091      0.058     8.6889     90.237     43.206  35.859836     2.3363      6.105   229.5193 1.5942e+03     5.0307     -0.090     -0.131    16.7351 0.0000e+00
     -0.082      0.049     8.7364     90.375     43.326  35.986496     2.3573      6.117   229.3814 1.5952e+03     5.1242     -0.083     -0.120    16.6364 0.0000e+00
     -0.070      0.045     8.7701     90.527     43.117  35.831035     2.4226      6.129   229.4770 1.5919e+03     5.1381     -0.071     -0.103    16.5648 0.0000e+00
     -0.054      0.042     8.8000     90.689     42.886  35.629917     2.5178      6.142   228.8686 1.5869e+03     5.0279     -0.051     -0.074    16.4837 0.0000e+00
     -0.041      0.038     8.8189     90.794     42.788  35.521748     2.5682      6.155   227.7901 1.5697e+03     4.9198     -0.038     -0.055    16.4701 0.0000e+00
     -0.032      0.032     8.8174     90.812     42.769  35.474893     2.5827      6.166   227.3637 1.4743e+03     4.9237     -0.032     -0.046    16.5399 0.0000e+00
     -0.026      0.024     8.8281     90.775     42.760  35.444059     2.5601      6.177   227.4124 1.3169e+03     4.9729     -0.024     -0.035    16.5572 0.0000e+00
     -0.021      0.016     8.8505     90.718     42.728  35.402706     2.4783      6.189   227.6916 1.2190e+03     4.9678     -0.020     -0.029    16.5442 0.0000e+00
     -0.018      0.010     8.8682     90.621     42.679  35.355584     2.4096      6.201   227.6421 1.1768e+03     4.9295     -0.018     -0.026    16.5091 0.0000e+00
     -0.018      0.006     8.8772     90.453     42.627  35.318446     2.3949      6.211   226.9861 1.1606e+03     4.9206     -0.017     -0.025    16.4622 0.0000e+00
     -0.018      0.002     8.8757     90.151     42.550  35.270926     2.4327      6.220   226.7277 1.1742e+03     4.9627     -0.018     -0.026    16.4397 0.0000e+00
     -0.018      0.000     8.8748     89.259     42.475  35.225183     2.5005      6.229   226.9278 1.1661e+03     5.0290     -0.018     -0.026    16.4209 0.0000e+00
     -0.018      0.000     8.8693     87.212     42.446  35.209538     2.5321      6.238   227.5124 1.1459e+03     5.0389     -0.018     -0.026    16.4109 0.0000e+00
     -0.018     -0.001     8.8506     84.749     42.444  35.208683     2.5245      6.247   228.5474 1.1574e+03     5.0142     -0.017     -0.025    16.4169 0.0000e+00
     -0.018     -0.001     8.8263     83.431     42.451  35.214836     2.4992      6.255   228.7736 1.1669e+03     5.0368     -0.018     -0.026    16.4427 0.0000e+00
     -0.018     -0.001     8.7783     83.664     42.456  35.220486     2.4767      6.262   228.0964 1.1589e+03     5.0735     -0.018     -0.026    16.4674 0.0000e+00
     -0.019     -0.001     8.5496     84.940     42.447  35.213550     2.4854      6.268   227.9312 1.1520e+03     5.0480     -0.019     -0.027    16.4753 0.0000e+00
     -0.019     -0.001     8.2208     86.670     42.432  35.194429     2.4876      6.275   228.4972 1.1522e+03     4.9684     -0.020     -0.028    16.4721 0.0000e+00
     -0.019     -0.001     8.0949     88.365     42.431  35.179631     2.4612      6.281   229.2603 1.1607e+03     4.9300     -0.019     -0.028    16.4704 0.0000e+00
     -0.019      0.000     8.1413     89.979     42.431  35.161507     2.4902      6.288   229.7589 1.1675e+03     4.9598     -0.019     -0.027    16.4755 0.0000e+00
     -0.020 -1.863e-08     8.2804     91.543     42.452  35.165613     2.5898      6.297   229.6210 1.1721e+03     5.0216     -0.019     -0.028    16.4789 0.0000e+00
     -0.020 -2.049e-07     8.4774     92.732     42.532  35.229252     2.6502      6.307   228.9690 1.1771e+03     5.0281     -0.020     -0.028    16.4713 0.0000e+00
     -0.019 -2.049e-07     8.6417     93.391     42.602  35.296470     2.6461      6.317   228.5871 1.1697e+03     4.9696     -0.019     -0.028    16.4522 0.0000e+00
     -0.019 -1.863e-08     8.7948     93.801     42.643  35.343866     2.6240      6.327   228.7893 1.1615e+03     4.9289     -0.019     -0.028    16.4275 0.0000e+00
     -0.019 -1.665e-09     8.9722     94.254     42.649  35.358189     2.6066      6.338   229.0912 1.1572e+03     4.8773     -0.019     -0.028    16.4101 0.0000e+00
     -0.019 1.5649e-10     9.0977     94.834     42.627  35.342754     2.6027      6.348   229.5705 1.1570e+03     4.8582     -0.019     -0.028    16.4063 0.0000e+00
     -0.019 3.4008e-09     9.1420     95.416     42.630  35.347595     2.6021      6.357   230.1959 1.1701e+03     4.8692     -0.019     -0.028    16.4203 0.0000e+00
     -0.019 3.7562e-08     9.1682     95.764     42.633  35.353278     2.5910      6.366   230.2864 1.1730e+03     4.8736     -0.019     -0.028    16.4412 0.0000e+00
     -0.019 4.1319e-07     9.2080     95.741     42.622  35.348022     2.5846      6.374   230.0626 1.1702e+03     4.9793     -0.019     -0.028    16.4510 0.0000e+00
     -0.019      0.000     9.2685     95.334     42.615  35.347502     2.5996      6.381   230.1563 1.1703e+03     5.0886     -0.019     -0.028    16.4524 0.0000e+00
     -0.019      0.000     9.3363     94.563     42.602  35.346989     2.6057      6.387   230.3870 1.1638e+03     5.0680     -0.020     -0.028    16.4538 0.0000e+00
     -0.019      0.001     9.3737     93.453     42.581  35.341835     2.6003      6.392   230.9592 1.1617e+03     4.9693     -0.019     -0.027    16.4585 0.0000e+00
     -0.019      0.001     9.3698     92.127     42.577  35.348650     2.6095      6.398   231.8262 1.1655e+03     4.8511     -0.019     -0.028    16.4624 0.0000e+00
     -0.019      0.002     9.3288     90.901     42.592  35.365954     2.6330      6.405   232.1802 1.1687e+03     4.8004     -0.019     -0.027    16.4668 0.0000e+00
     -0.019      0.002     9.2498     90.101     42.582  35.360714     2.6596      6.413   232.2281 1.1687e+03     4.8344     -0.019     -0.027    16.4795 0.0000e+00
     -0.018      0.002     9.1370     89.880     42.567  35.348743     2.6566      6.422   232.1467 1.1683e+03     4.8184     -0.017     -0.025    16.4972 0.0000e+00
     -0.016      0.002     8.9911     90.233     42.570  35.348119     2.6301      6.429   231.8849 1.1632e+03     4.7447     -0.016     -0.023    16.5093 0.0000e+00
     -0.016      0.002     8.8579     91.089     42.584  35.353168     2.6223      6.436   232.5036 1.1516e+03     4.7282     -0.016     -0.023    16.5147 0.0000e+00
     -0.016      0.002     8.7744     92.292     42.587  35.346333     2.6374      6.443   233.8626 1.1479e+03     4.7560     -0.016     -0.023    16.5180 0.0000e+00
     -0.016      0.001     8.7542     93.572     42.579  35.328917     2.6544      6.450   234.4648 1.1535e+03     4.7388     -0.015     -0.022    16.5187 0.0000e+00
     -0.016      0.001     8.7917     94.712     42.598  35.332917     2.6863      6.457   234.1060 1.1606e+03     4.7591     -0.016     -0.023    16.5154 0.0000e+00
     -0.015      0.001     8.8798     95.610     42.608  35.331244     2.7492      6.463   233.3960 1.1537e+03     4.9337     -0.014     -0.022    16.5077 0.0000e+00
     -0.015      0.001     9.0125     96.230     42.590  35.308674     2.7987      6.470   233.0218 1.1437e+03     5.0730     -0.015     -0.021    16.4957 0.0000e+00
     -0.014      0.001     9.1465     96.564     42.599  35.313807     2.8179      6.476   233.8832 1.1472e+03     5.0773     -0.014     -0.020    16.4825 0.0000e+00
     -0.014      0.001     9.2638     96.647     42.614  35.329862     2.8072      6.483   235.4656 1.1484e+03     5.0541     -0.013     -0.019    16.4691 0.0000e+00
     -0.014      0.001     9.3549     96.554     42.587  35.312438     2.7689      6.489   236.2366 1.1474e+03     5.0314     -0.014     -0.020    16.4553 0.0000e+00
     -0.014      0.001     9.4180     96.368     42.559  35.293498     2.7462      6.493   236.0640 1.1474e+03     5.0424     -0.014     -0.020    16.4457 0.0000e+00
     -0.014      0.001     9.4501     96.118     42.554  35.291208     2.7497      6.497   235.6151 1.1471e+03     5.1193     -0.014     -0.019    16.4440 0.0000e+00
     -0.013      0.001     9.4541     95.806     42.545  35.284760     2.7610      6.502   235.8859 1.1486e+03     5.1753     -0.013     -0.018    16.4484 0.0000e+00
     -0.013      0.001     9.4406     95.464     42.538  35.278979     2.7658      6.508   236.9302 1.1520e+03     5.1039     -0.013     -0.019    16.4554 0.0000e+00
     -0.013      0.001     9.4196     95.112     42.545  35.284757     2.7582      6.515   237.5720 1.1543e+03     4.9736     -0.013     -0.018    16.4608 0.0000e+00
     -0.013      0.001     9.3969     94.762     42.551  35.291168     2.7517      6.521   237.7094 1.1547e+03     4.9665     -0.012     -0.018    16.4634 0.0000e+00
     -0.013      0.001     9.3632     94.442     42.550  35.293050     2.7710      6.526   237.7310 1.1566e+03     5.1210     -0.012     -0.017    16.4641 0.0000e+00
     -0.013      0.001     9.3301     94.160     42.569  35.307517     2.7999      6.530   237.7471 1.1567e+03     5.2360     -0.012     -0.018    16.4637 0.0000e+00
     -0.012      0.001     9.2957     93.908     42.615  35.339195     2.8024      6.533   237.7320 1.1395e+03     5.1947     -0.012     -0.017    16.4631 0.0000e+00
     -0.012      0.000     9.2593     93.689     42.648  35.358809     2.8087      6.535   237.8926 1.0686e+03     5.1332     -0.012     -0.017    16.4650 0.0000e+00
     -0.011     -0.001     9.2274     93.529     42.648  35.354305     2.8592      6.538   238.3989 9.1223e+02     5.1427     -0.011     -0.016    16.4700 0.0000e+00
     -0.011     -0.002     9.1994     93.414     42.644  35.348180     2.9303      6.542   238.7770 6.8541e+02     5.1388     -0.010     -0.015    16.4707 0.0000e+00
     -0.011     -0.003     9.1780     93.324     42.645  35.348201     2.9524      6.546   238.7639 4.6493e+02     5.0860     -0.010     -0.015    16.4603 0.0000e+00
     -0.014     -0.005     9.1560     93.276     42.646  35.354556     2.9277      6.549   238.4129 3.1088e+02     5.0506     -0.014     -0.020    16.4482 0.0000e+00
     -0.016     -0.007     9.1425     93.212     42.635  35.361576     2.9147      6.554   238.1465 2.2776e+02     5.0185     -0.017     -0.024    16.4455 0.0000e+00
     -0.016     -0.007     9.1337     93.037     42.621  35.369649     2.8863      6.559   238.4689 2.3455e+02     5.0054     -0.016     -0.023    16.4425 0.0000e+00
     -0.018     -0.006     9.1222     92.690     42.631  35.388745     2.8253      6.562   238.9549 3.3174e+02     5.0288     -0.017     -0.024    16.4382 0.0000e+00
     -0.021     -0.005     9.1203     92.175     42.648  35.402132     2.7760      6.564   239.2042 5.3451e+02     4.9929     -0.021     -0.030    16.4416 0.0000e+00
     -0.024     -0.004     9.1137     91.578     42.659  35.404608     2.7573      6.566   239.4192 8.2743e+02     4.9480     -0.024     -0.034    16.4636 0.0000e+00
     -0.024     -0.003     9.0925     90.937     42.684  35.418678     2.7730      6.570   239.2309 1.0705e+03     5.0324     -0.024     -0.035    16.4942 0.0000e+00
     -0.024     -0.001     9.0573     90.235     42.717  35.445340     2.8241      6.572   238.7342 1.1988e+03     5.2284     -0.023     -0.034    16.5071 0.0000e+00
     -0.023      0.001     9.0025     89.540     42.743  35.473172     2.8770      6.574   238.7482 1.2385e+03     5.3699     -0.023     -0.033    16.5045 0.0000e+00
     -0.023      0.001     8.9443     88.906     42.767  35.501412     2.8877      6.578   239.0555 1.2225e+03     5.3421     -0.023     -0.032    16.4931 0.0000e+00
     -0.022      0.001     8.8877     88.297     42.795  35.532993     2.9127      6.582   239.5255 1.2074e+03     5.2340     -0.022     -0.031    16.4824 0.0000e+00
