Data/DataNotYetUploadedToEDI/Raw_CTD/RawDownloads/102124_fcr50_S7809009.cnv
* Sea-Bird SBE19plus  Data File:
* FileName = C:\R\Reservoirs\Data\DataNotYetUploadedToEDI\Raw_CTD\RawDownloads\100724_fcr50_S7809_0009.hex
* Software version 2.8.0.119
* Temperature SN = 7809
* Conductivity SN = 7809
* System UpLoad Time = Oct 24 2024 12:51:59
* <ApplicationData>
* <Seaterm232>
# nquan = 15
# nvalues = 977                         
# units = specified
# name 0 = depFM: Depth [fresh water, m]
# name 1 = dz/dtM: Descent Rate [m/s]
# name 2 = sbeox0Mg/L: Oxygen, SBE 43 [mg/l]
# name 3 = sbeox0PS: Oxygen, SBE 43 [% saturation]
# name 4 = specc: Specific Conductance [uS/cm]
# name 5 = c0uS/cm: Conductivity [uS/cm]
# name 6 = flECO-AFL: Fluorescence, WET Labs ECO-AFL/FL [mg/m^3]
# name 7 = ph: pH
# name 8 = orp: Oxidation Reduction Potential [mV]
# name 9 = par/sat/log: PAR/Logarithmic, Satlantic
# name 10 = turbWETntu0: Turbidity, WET Labs ECO [NTU]
# name 11 = prdM: Pressure, Strain Gauge [db]
# name 12 = prdE: Pressure, Strain Gauge [psi]
# name 13 = tv290C: Temperature [ITS-90, deg C]
# name 14 = flag:  0.000e+00
# span 0 =     -0.573,      8.538       
# span 1 =     -0.446,      0.196       
# span 2 =     7.1799,    11.0588       
# span 3 =     73.674,    109.044       
# span 4 =      1.251,     65.423       
# span 5 =   1.195501,  51.071500       
# span 6 =    -0.8885,     5.4723       
# span 7 =      5.432,      7.408       
# span 8 = -1240.7455,   977.3684       
# span 9 = 1.2357e-01, 1.6494e+03       
# span 10 =    -1.9138,    86.2140      
# span 11 =     -0.562,      8.376      
# span 12 =     -0.816,     12.148      
# span 13 =    14.0265,    22.7877      
# span 14 = 0.0000e+00, 0.0000e+00      
# interval = seconds: 0.25
# start_time = Oct 21 2024 14:36:42 [Instrument's time stamp, header]
# bad_flag = -9.990e-29
*END*
[from data line 97]
     -0.022     -0.003     8.7416     87.144     43.037  35.755335     3.0586      6.588   239.8037 1.2073e+03     5.1178     -0.021     -0.031    16.4907 0.0000e+00
     -0.022     -0.013     8.6824     86.517     43.233  35.937001     3.0741      6.591   238.6133 1.2084e+03     5.1121     -0.022     -0.032    16.5008 0.0000e+00
     -0.022     -0.030     8.6193     85.859     43.277  36.021135     3.0248      6.594   237.9528 1.2119e+03     5.0193     -0.022     -0.031    16.5122 0.0000e+00
     -0.024     -0.049     8.5598     85.258     43.072  35.947786     2.9198      6.593   238.4433 1.2385e+03     4.8848     -0.021     -0.031    16.5218 0.0000e+00
     -0.035     -0.062     8.5071     84.769     42.700  35.748223     2.8704      6.578   239.6398 1.2978e+03     4.9201     -0.027     -0.040    16.5356 0.0000e+00
     -0.062     -0.062     8.4418     84.519     42.416  35.575360     2.8845      6.554   240.2010 1.3324e+03     4.9671     -0.056     -0.081    16.5497 0.0000e+00
     -0.100     -0.048     8.3663     84.703     42.331  35.507501     2.8663      6.532   239.8088 1.3212e+03     4.9415     -0.103     -0.149    16.5848 0.0000e+00
     -0.128     -0.025     8.2850     85.342     42.364  35.498797     2.8003      6.517   239.5437 1.3187e+03     4.9516     -0.138     -0.200    16.7175 0.0000e+00
     -0.130      0.004     8.2055     86.266     42.528  35.596973     2.7516      6.508   239.6634 1.3294e+03     4.9872     -0.137     -0.199    16.8833 0.0000e+00
     -0.109      0.031     8.1573     87.275     42.728  35.742733     2.7530      6.507   239.9656 1.3310e+03     5.0637     -0.108     -0.156    16.9602 0.0000e+00
     -0.080      0.051     8.1763     88.196     42.741  35.738341     2.7667      6.512   240.3579 1.3240e+03     5.0912     -0.077     -0.112    16.9535 0.0000e+00
     -0.055      0.059     8.2563     88.937     42.681  35.670755     2.7675      6.521   240.5345 1.3129e+03     5.0129     -0.051     -0.074    16.8945 0.0000e+00
     -0.040      0.056     8.3621     89.479     42.712  35.686930     2.7790      6.530   240.2080 1.3018e+03     4.9366     -0.033     -0.048    16.8347 0.0000e+00
     -0.037      0.046     8.4699     89.827     42.699  35.680108     2.7976      6.541   239.6794 1.2909e+03     4.9537     -0.037     -0.054    16.8191 0.0000e+00
     -0.033      0.039     8.5636     90.008     42.662  35.651725     2.8185      6.552   239.5642 1.2160e+03     5.0490     -0.037     -0.055    16.8091 0.0000e+00
     -0.023      0.036     8.6410     90.086     42.759  35.724460     2.8567      6.562   239.9341 1.1199e+03     5.0641     -0.021     -0.029    16.7796 0.0000e+00
     -0.012      0.036     8.6966     90.126     42.933  35.861569     2.8928      6.573   240.4519 1.1594e+03     4.9649     -0.010     -0.014    16.7628 0.0000e+00
     -0.002      0.035     8.7270     90.128     43.072  35.977027     2.9056      6.586   240.7481 1.2151e+03     4.9091     -0.005     -0.007    16.7781 0.0000e+00
      0.011      0.031     8.7400     90.026     43.150  36.041784     2.9111      6.601   240.7625 1.1362e+03     4.9359      0.010      0.015    16.7889 0.0000e+00
      0.022      0.023     8.7485     89.743     43.187  36.073486     2.9016      6.616   240.7126 1.0437e+03     4.9817      0.024      0.035    16.7675 0.0000e+00
      0.026      0.016     8.7551     89.235     43.203  36.106525     2.8568      6.630   240.7463 1.0498e+03     4.9846      0.028      0.041    16.7539 0.0000e+00
      0.026      0.009     8.7565     88.517     43.173  36.124026     2.8183      6.645   240.9115 1.0956e+03     4.9370      0.026      0.037    16.7615 0.0000e+00
      0.024      0.004     8.7496     87.627     43.083  36.094781     2.8029      6.659   241.2478 1.0710e+03     4.9181      0.022      0.032    16.7619 0.0000e+00
      0.023      0.004     8.7259     86.640     42.942  36.006793     2.7713      6.670   241.6286 9.5168e+02     4.9608      0.023      0.033    16.7505 0.0000e+00
      0.023      0.011     8.6723     85.675     42.782  35.885068     2.7278      6.676   241.5582 7.1943e+02     5.0434      0.022      0.032    16.7683 0.0000e+00
      0.023      0.021     8.5895     84.834     42.636  35.765153     2.7003      6.680   241.0852 4.8928e+02     5.0631      0.022      0.031    16.8339 0.0000e+00
      0.027      0.036     8.4912     84.211     42.489  35.635582     2.6971      6.681   240.8132 4.8824e+02     4.9944      0.024      0.034    16.8926 0.0000e+00
      0.038      0.054     8.3836     83.889     42.388  35.523979     2.7721      6.680   240.8516 6.5354e+02     4.9982      0.034      0.051    16.9289 0.0000e+00
      0.055      0.072     8.2857     83.884     42.474  35.557833     2.9006      6.679   241.3774 7.7132e+02     5.0750      0.053      0.078    16.9395 0.0000e+00
      0.076      0.085     8.2013     84.138     42.699  35.727608     2.9605      6.678   242.1804 7.6879e+02     5.1038      0.071      0.103    16.9390 0.0000e+00
      0.103      0.089     8.1366     84.500     42.856  35.863531     2.9550      6.679   242.5592 6.9081e+02     5.0723      0.098      0.142    16.9423 0.0000e+00
      0.137      0.083     8.1113     84.765     42.943  35.932276     2.9500      6.684   242.5151 6.0400e+02     5.0366      0.135      0.196    16.9084 0.0000e+00
      0.166      0.070     8.1237     84.804     43.033  35.987740     3.0344      6.693   242.3351 5.5535e+02     5.0467      0.168      0.244    16.8418 0.0000e+00
      0.181      0.053     8.1576     84.619     43.093  36.026500     3.2007      6.704   242.2761 5.6405e+02     5.0581      0.183      0.265    16.8167 0.0000e+00
      0.185      0.036     8.1956     84.213     43.070  36.020195     3.2957      6.715   242.7488 6.1189e+02     5.0378      0.183      0.265    16.8473 0.0000e+00
      0.185      0.024     8.2280     83.567     42.980  35.974973     3.3013      6.727   243.5763 6.5341e+02     5.0066      0.182      0.263    16.8416 0.0000e+00
      0.186      0.019     8.2357     82.791     42.888  35.923923     3.3105      6.737   243.9352 6.7975e+02     4.9891      0.183      0.264    16.8072 0.0000e+00
      0.188      0.023     8.2201     82.022     42.779  35.847151     3.3659      6.746   243.9907 6.9733e+02     5.0309      0.183      0.265    16.7847 0.0000e+00
      0.193      0.033     8.1827     81.344     42.655  35.744697     3.4215      6.754   244.3335 6.8071e+02     5.0336      0.186      0.270    16.8005 0.0000e+00
      0.204      0.045     8.1045     80.856     42.613  35.700368     3.4411      6.760   244.8109 6.5299e+02     4.9872      0.199      0.290    16.8544 0.0000e+00
      0.217      0.056     8.0188     80.589     42.687  35.755317     3.5113      6.768   245.2014 6.3006e+02     5.0501      0.212      0.308    16.8819 0.0000e+00
      0.234      0.062     7.9415     80.511     42.792  35.838012     3.6458      6.777   245.4423 5.9378e+02     5.1792      0.227      0.329    16.8991 0.0000e+00
      0.256      0.062     7.8688     80.569     42.852  35.875368     3.7353      6.785   245.6586 5.5834e+02     5.2852      0.251      0.365    16.9031 0.0000e+00
      0.277      0.057     7.8255     80.654     42.895  35.889722     3.7782      6.794   245.9236 5.2977e+02     5.3057      0.273      0.396    16.8805 0.0000e+00
      0.292      0.051     7.8023     80.642     42.913  35.884629     3.8817      6.803   246.2375 5.1133e+02     5.2232      0.289      0.418    16.8743 0.0000e+00
      0.301      0.045     7.7950     80.477     42.847  35.813763     4.0376      6.811   246.8734 5.0369e+02     5.1764      0.297      0.430    16.8757 0.0000e+00
      0.306      0.043     7.8077     80.177     42.767  35.730818     4.1232      6.817   247.7611 4.8985e+02     5.2184      0.299      0.435    16.8597 0.0000e+00
      0.312      0.046     7.8257     79.792     42.755  35.706597     4.1518      6.822   248.4522 4.7270e+02     5.2863      0.305      0.442    16.8305 0.0000e+00
      0.321      0.051     7.8309     79.397     42.762  35.711238     4.1923      6.829   249.0357 4.5641e+02     5.3148      0.312      0.452    16.8026 0.0000e+00
      0.338      0.056     7.8159     79.033     42.769  35.723480     4.2376      6.836   249.6533 4.4302e+02     5.2889      0.329      0.478    16.7895 0.0000e+00
      0.360      0.061     7.7885     78.706     42.774  35.727722     4.2667      6.843   250.2413 4.3715e+02     5.2457      0.356      0.515    16.7717 0.0000e+00
      0.380      0.065     7.7518     78.395     42.752  35.699074     4.2693      6.849   250.7242 4.3510e+02     5.2369      0.374      0.543    16.7433 0.0000e+00
      0.395      0.066     7.7123     78.130     42.769  35.694339     4.3111      6.856   251.0180 4.3012e+02     5.2845      0.387      0.562    16.7478 0.0000e+00
      0.408      0.064     7.6734     77.967     42.837  35.733894     4.3968      6.861   251.3845 4.1835e+02     5.3093      0.400      0.580    16.7639 0.0000e+00
      0.422      0.063     7.6436     77.841     42.842  35.733156     4.4313      6.866   251.8855 4.0412e+02     5.2639      0.413      0.599    16.7623 0.0000e+00
      0.440      0.064     7.6150     77.663     42.788  35.685415     4.4371      6.871   252.3435 3.9203e+02     5.2481      0.432      0.626    16.7530 0.0000e+00
      0.458      0.068     7.5879     77.458     42.772  35.664255     4.4507      6.874   252.7919 3.8228e+02     5.2544      0.451      0.654    16.7241 0.0000e+00
      0.474      0.071     7.5812     77.303     42.777  35.667651     4.4464      6.877   253.2637 3.7275e+02     5.2377      0.464      0.674    16.6974 0.0000e+00
      0.490      0.073     7.5728     77.230     42.763  35.663027     4.4267      6.879   253.6602 3.6011e+02     5.2511      0.478      0.694    16.6992 0.0000e+00
      0.512      0.073     7.5534     77.244     42.776  35.671811     4.4036      6.883   253.9730 3.4566e+02     5.2456      0.501      0.727    16.7022 0.0000e+00
      0.534      0.072     7.5327     77.309     42.839  35.710401     4.3991      6.888   254.2922 3.3273e+02     5.2397      0.525      0.762    16.6815 0.0000e+00
      0.552      0.068     7.5180     77.371     42.902  35.748899     4.4143      6.893   254.5080 3.2086e+02     5.2827      0.543      0.786    16.6792 0.0000e+00
      0.569      0.062     7.5064     77.414     42.923  35.756560     4.4212      6.899   254.8617 3.1082e+02     5.3212      0.558      0.809    16.7028 0.0000e+00
      0.584      0.057     7.5094     77.398     42.911  35.739569     4.4079      6.905   255.4711 3.0335e+02     5.2943      0.574      0.833    16.6987 0.0000e+00
      0.597      0.053     7.5237     77.277     42.909  35.733806     4.3949      6.911   255.6806 2.9731e+02     5.2316      0.587      0.852    16.6730 0.0000e+00
      0.608      0.051     7.5300     77.062     42.934  35.750328     4.4220      6.916   255.5024 2.9220e+02     5.2457      0.596      0.865    16.6580 0.0000e+00
      0.618      0.050     7.5385     76.794     42.937  35.748978     4.4778      6.921   255.5536 2.8545e+02     5.3282      0.605      0.877    16.6482 0.0000e+00
      0.631      0.050     7.5405     76.488     42.902  35.717470     4.5039      6.928   256.1272 2.7676e+02     5.3415      0.619      0.897    16.6382 0.0000e+00
      0.646      0.052     7.5288     76.154     42.868  35.686622     4.4966      6.934   256.8457 2.6991e+02     5.2700      0.634      0.919    16.6343 0.0000e+00
      0.660      0.054     7.5062     75.848     42.887  35.693242     4.4721      6.938   257.0991 2.6482e+02     5.2143      0.648      0.939    16.6307 0.0000e+00
      0.672      0.055     7.4807     75.605     42.944  35.734052     4.4495      6.943   257.1262 2.5811e+02     5.2143      0.658      0.954    16.6241 0.0000e+00
      0.686      0.055     7.4519     75.412     42.944  35.735889     4.4557      6.947   257.1745 2.4961e+02     5.2704      0.670      0.972    16.6232 0.0000e+00
      0.703      0.055     7.4160     75.228     42.915  35.715457     4.4651      6.951   257.0795 2.4186e+02     5.2776      0.690      1.001    16.6240 0.0000e+00
      0.719      0.055     7.3873     75.019     42.948  35.740821     4.4536      6.956   257.2684 2.3621e+02     5.2681      0.706      1.025    16.6087 0.0000e+00
      0.730      0.054     7.3667     74.798     42.932  35.725316     4.4414      6.961   257.9963 2.3110e+02     5.3596      0.715      1.037    16.5944 0.0000e+00
      0.742      0.054     7.3477     74.584     42.849  35.654879     4.4504      6.966   258.6529 2.2505e+02     5.4624      0.727      1.055    16.6033 0.0000e+00
      0.756      0.054     7.3308     74.378     42.852  35.650566     4.4721      6.970   259.0129 2.1926e+02     5.5539      0.743      1.078    16.6115 0.0000e+00
      0.769      0.054     7.3101     74.192     42.887  35.673162     4.4708      6.975   259.1653 2.1414e+02     5.5783      0.755      1.095    16.6052 0.0000e+00
      0.783      0.055     7.2880     74.014     42.811  35.610835     4.4678      6.979   259.2053 2.0800e+02     5.5184      0.767      1.111    16.6016 0.0000e+00
      0.799      0.055     7.2675     73.824     42.337  35.214222     4.4937      6.983   259.4095 2.0160e+02     5.4789      0.785      1.138    16.6052 0.0000e+00
      0.814      0.055     7.2483     73.674     41.466  34.430853     4.5267      6.987   259.8276 1.9665e+02     5.4760      0.801      1.161    16.5932 0.0000e+00
      0.827      0.054     7.2320     73.879     40.962  33.816243     4.5580      6.991   260.3894 1.9201e+02     5.5172      0.811      1.176    16.5789 0.0000e+00
      0.840      0.054     7.2167     75.487     41.108  33.619852     4.5895      6.996   260.8676 1.8671e+02     5.4654      0.823      1.194    16.5872 0.0000e+00
      0.854      0.054     7.1922     79.546     41.429  33.578586     4.6158      7.001   261.1357 1.8173e+02     5.3284      0.838      1.215    16.5962 0.0000e+00
      0.868      0.055     7.1799     85.708     41.679  33.570698     4.6268      7.005   261.1348 1.7758e+02     5.2606      0.852      1.235    16.5812 0.0000e+00
      0.880      0.057     7.1941     92.546     41.862  33.587671     4.6389      7.009   260.9436 1.7337e+02     5.2257      0.863      1.251    16.3485 0.0000e+00
      0.895      0.058     7.3682     98.768     41.964  33.593322     4.6622      7.012   261.0604 1.6822e+02     5.2149      0.875      1.270    15.8696 0.0000e+00
      0.912      0.060     7.8574    103.718     41.995  33.575494     4.6679      7.013   261.4284 1.6304e+02     5.1981      0.894      1.297    15.4727 0.0000e+00
      0.928      0.062     8.5768    107.116     42.003  33.562391     4.6580      7.016   261.7797 1.5869e+02     5.1931      0.910      1.321    15.2390 0.0000e+00
      0.943      0.064     9.3419    108.874     42.010  33.561768     4.6669      7.020   262.1245 1.5429e+02     5.2574      0.924      1.339    15.0921 0.0000e+00
      0.958      0.064    10.0021    109.044     42.025  33.567952     4.7008      7.023   261.8118 1.4983e+02     5.3262      0.940      1.363    15.0108 0.0000e+00
      0.976      0.063    10.5220    107.939     42.047  33.573710     4.7259      7.026   260.9242 1.4541e+02     5.3082      0.957      1.388    14.9629 0.0000e+00
      0.994      0.062    10.8715    106.228     42.056  33.567933     4.7205      7.029   260.8557 1.4086e+02     5.2101      0.974      1.412    14.9424 0.0000e+00
      1.010      0.061    11.0481    104.562     42.057  33.561533     4.7101      7.032   261.5865 1.3714e+02     5.1985      0.992      1.439    14.9418 0.0000e+00
      1.024      0.059    11.0588    103.217     42.059  33.559756     4.7420      7.035   262.1031 1.3402e+02     5.3047      1.005      1.457    14.9389 0.0000e+00
