Data/DataNotYetUploadedToEDI/Raw_CTD/RawDownloads/102124_bvr50_S8188002.cnv
* Sea-Bird SBE19plus  Data File:
* FileName = C:\R\Reservoirs\Data\DataNotYetUploadedToEDI\Raw_CTD\RawDownloads\100724_bvr50_S8188_0002.hex
* Software version 2.8.0.119
* Temperature SN = 8188
* Conductivity SN = 8188
* System UpLoad Time = Oct 24 2024 12:37:49
* <ApplicationData>
* <Seaterm232>
# nquan = 16
# nvalues = 1021                        
# units = specified
# name 0 = depFM: Depth [fresh water, m]
# name 1 = dz/dtM: Descent Rate [m/s]
# name 2 = sbeox0Mg/L: Oxygen, SBE 43 [mg/l]
# name 3 = sbeox0PS: Oxygen, SBE 43 [% saturation]
# name 4 = specc: Specific Conductance [uS/cm]
# name 5 = c0uS/cm: Conductivity [uS/cm]
# name 6 = wetCDOM: Fluorescence, WET Labs CDOM [mg/m^3]
# name 7 = flECO-AFL: Fluorescence, WET Labs ECO-AFL/FL [mg/m^3]
# name 8 = flECO-AFL1: Fluorescence, WET Labs ECO-AFL/FL, 2 [mg/m^3]
# name 9 = flECO-AFL2: Fluorescence, WET Labs ECO-AFL/FL, 3 [mg/m^3]
# name 10 = par/sat/log: PAR/Logarithmic, Satlantic
# name 11 = turbWETntu0: Turbidity, WET Labs ECO [NTU]
# name 12 = prdM: Pressure, Strain Gauge [db]
# name 13 = prdE: Pressure, Strain Gauge [psi]
# name 14 = tv290C: Temperature [ITS-90, deg C]
# name 15 = flag:  0.000e+00
# span 0 =     -0.644,      9.543       
# span 1 =     -0.213,      0.134       
# span 2 =    -1.0190,     9.7848       
# span 3 =     -9.715,     98.655       
# span 4 =   -621.524,    239.881       
# span 5 =-451.638197, 170.146179       
# span 6 =    -4.5000,    64.2600       
# span 7 =    -1.6846,     3.8850       
# span 8 =    -6.9012,     5.8788       
# span 9 =   -10.1943,     7.1910       
# span 10 = 1.1592e-01, 1.8262e+03      
# span 11 =    -4.1919,    19.1022      
# span 12 =     -0.631,      9.358      
# span 13 =     -0.916,     13.573      
# span 14 =    10.4625,    20.1643      
# span 15 = 0.0000e+00, 0.0000e+00      
# interval = seconds: 0.25
# start_time = Oct 21 2024 11:16:23 [Instrument's time stamp, header]
# bad_flag = -9.990e-29
*END*
[from data line 543]
      6.331      0.092     2.5620     18.774     46.568  36.155377    29.6100     1.0086     0.2130     0.2961 7.9506e-01    17.8031      6.209      9.005    13.9258 0.0000e+00
      6.354      0.092     2.4556     16.407     50.012  38.797395    29.6100     1.0201     0.2130     0.2961 7.5663e-01    17.8333      6.231      9.038    13.9040 0.0000e+00
      6.378      0.092     2.3188     13.716     54.453  42.202072    31.8600     2.9656     0.2982     0.2115 7.5778e-01    18.9059      6.254      9.071    13.8822 0.0000e+00
      6.401      0.092     2.1479     10.760     59.671  46.195442    31.8600     2.9999     0.2982     0.2115 7.0749e-01    19.0116      6.277      9.105    13.8598 0.0000e+00
      6.425      0.092     1.9403      7.620     65.375  50.551047    31.8600     2.9809     0.2982     0.2115 7.0137e-01    19.0267      6.301      9.138    13.8357 0.0000e+00
      6.448      0.091     1.6963      4.395     71.403  55.142746    31.8600     2.9847     0.2982     0.2115 6.7359e-01    19.1022      6.324      9.172    13.8081 0.0000e+00
      6.472      0.090     1.4186      1.196     77.983  60.144337    34.5600     3.8544     0.4260     0.2961 6.3797e-01    15.8846      6.347      9.205    13.7752 0.0000e+00
      6.495      0.089     1.1131     -1.833     85.527  65.870576    34.5600     3.8316     0.4260     0.2961 6.2317e-01    15.9752      6.369      9.238    13.7364 0.0000e+00
      6.517      0.088     0.7882     -4.533     93.943  72.242689    34.5600     3.8506     0.4260     0.2961 6.2889e-01    15.9903      6.391      9.270    13.6928 0.0000e+00
      6.539      0.088     0.4540     -6.752    102.470  78.669240    34.5600     3.8850     0.4260     0.2961 5.7266e-01    15.9601      6.413      9.301    13.6459 0.0000e+00
      6.561      0.088     0.1219     -8.381    110.599  84.758249    34.3800     3.5035     0.4260     0.3384 5.9979e-01     9.7362      6.434      9.332    13.5967 0.0000e+00
      6.583      0.088    -0.1931     -9.367    118.125  90.360264    34.3800     3.5149     0.4260     0.3384 5.6968e-01     9.7816      6.456      9.363    13.5443 0.0000e+00
      6.606      0.088    -0.4745     -9.715    124.458  95.033569    34.3800     3.4959     0.4260     0.3384 5.1897e-01     9.7967      6.478      9.395    13.4861 0.0000e+00
      6.629      0.088    -0.7064     -9.490    129.271  98.539932    34.3800     3.4653     0.4260     0.3384 5.2192e-01     9.7665      6.500      9.428    13.4209 0.0000e+00
      6.652      0.086    -0.8774     -8.812    133.316 101.460686    34.3800     2.0424     0.4260     0.3384 5.0518e-01     3.2556      6.523      9.461    13.3495 0.0000e+00
      6.674      0.084    -0.9815     -7.838    137.649 104.594663    34.6500     2.0653     0.4260     0.3384 4.5081e-01     3.3764      6.545      9.493    13.2752 0.0000e+00
      6.696      0.082    -1.0190     -6.725    142.284 107.932084    34.6500     2.0729     0.4260     0.3384 4.5683e-01     3.3462      6.566      9.524    13.2016 0.0000e+00
      6.716      0.080    -0.9965     -5.598    146.497 110.911609    34.6500     2.0615     0.4260     0.3384 4.7515e-01     3.3764      6.586      9.552    13.1321 0.0000e+00
      6.735      0.077    -0.9262     -4.535    149.977 113.304080    34.6500     1.8746     0.4260     0.3384 4.2725e-01     2.8930      6.605      9.580    13.0683 0.0000e+00
      6.754      0.076    -0.8245     -3.581    152.862 115.233546    35.4600     1.8975     0.4686     0.3807 4.4246e-01     2.8628      6.624      9.607    13.0074 0.0000e+00
      6.773      0.076    -0.7081     -2.754    155.246 116.780522    35.4600     1.8860     0.4686     0.3807 4.3930e-01     2.8628      6.642      9.633    12.9416 0.0000e+00
      6.792      0.076    -0.5901     -2.054    157.272 118.057519    35.4600     1.8784     0.4686     0.3807 4.2108e-01     2.7873      6.661      9.660    12.8662 0.0000e+00
      6.811      0.077    -0.4787     -1.466    159.198 119.261046    35.4600     1.9928     0.4686     0.3807 3.9751e-01     2.8326      6.680      9.688    12.7841 0.0000e+00
      6.831      0.078    -0.3784     -0.975    161.094 120.435995    35.1000     2.0081     0.4686     0.4653 3.6561e-01     2.8175      6.699      9.717    12.7005 0.0000e+00
      6.852      0.079    -0.2914     -0.567    162.849 121.501598    35.1000     2.0081     0.4686     0.4653 3.8543e-01     2.8175      6.719      9.746    12.6183 0.0000e+00
      6.872      0.078    -0.2176     -0.230    164.333 122.369909    35.1000     1.9928     0.4686     0.4653 3.3766e-01     2.8628      6.739      9.775    12.5387 0.0000e+00
      6.892      0.078    -0.1555      0.044    165.540 123.046400    35.1000     2.0577     0.4686     0.4653 3.4083e-01     2.5607      6.759      9.803    12.4615 0.0000e+00
      6.912      0.077    -0.1034      0.263    166.668 123.677451    35.1000     2.0348     0.4686     0.4653 3.3372e-01     2.5456      6.779      9.831    12.3847 0.0000e+00
      6.932      0.077    -0.0601      0.433    167.959 124.425334    35.9100     2.0768     0.3408     0.6345 3.3379e-01     2.5909      6.798      9.859    12.3082 0.0000e+00
      6.951      0.076    -0.0242      0.568    169.456 125.309410    35.9100     2.0768     0.3408     0.6345 2.9497e-01     2.5909      6.816      9.886    12.2347 0.0000e+00
      6.970      0.077     0.0052      0.676    171.018 126.223281    35.9100     1.9661     0.3408     0.6345 3.3423e-01     2.5154      6.835      9.913    12.1670 0.0000e+00
      6.989      0.078     0.0286      0.764    172.486 127.060469    35.9100     2.0081     0.3408     0.6345 2.9787e-01     2.5154      6.854      9.940    12.1045 0.0000e+00
      7.009      0.079     0.0469      0.842    173.794 127.790082    38.0700     1.9852     0.2982     0.8460 2.8035e-01     2.6513      6.873      9.969    12.0421 0.0000e+00
      7.029      0.080     0.0615      0.912    174.961 128.440580    38.0700     1.9928     0.2982     0.8460 2.8255e-01     2.5909      6.894      9.999    11.9757 0.0000e+00
      7.051      0.081     0.0732      0.973    176.039 129.055344    38.0700     2.0615     0.2982     0.8460 2.5678e-01     2.8628      6.914     10.028    11.9050 0.0000e+00
      7.072      0.083     0.0828      1.028    177.121 129.698243    38.0700     2.0768     0.2982     0.8460 2.5368e-01     2.9232      6.935     10.058    11.8333 0.0000e+00
      7.092      0.086     0.0913      1.076    178.323 130.438648    46.2600     2.0615     0.2130     0.8883 2.5373e-01     2.7873      6.955     10.088    11.7656 0.0000e+00
      7.114      0.089     0.0990      1.110    179.692 131.299881    46.2600     2.0577     0.2130     0.8883 2.3839e-01     2.8930      6.976     10.118    11.7058 0.0000e+00
      7.136      0.094     0.1057      1.126    181.189 132.247411    46.2600     2.0195     0.2130     0.8883 2.7426e-01     3.1498      6.998     10.149    11.6554 0.0000e+00
      7.160      0.100     0.1118      1.128    182.757 133.241686    46.2600     1.9928     0.2130     0.8883 2.4496e-01     3.1347      7.022     10.184    11.6127 0.0000e+00
      7.187      0.106     0.1170      1.124    184.331 134.237589    55.9800     2.0234     0.1704     0.5499 2.3839e-01     3.1801      7.048     10.222    11.5736 0.0000e+00
      7.216      0.112     0.1208      1.113    185.812 135.168397    55.9800     2.0005     0.1704     0.5499 1.9948e-01     3.0441      7.076     10.263    11.5345 0.0000e+00
      7.246      0.115     0.1226      1.096    187.191 136.032095    55.9800     1.9165     0.1704     0.5499 1.6084e-01     3.2405      7.106     10.306    11.4942 0.0000e+00
      7.277      0.118     0.1230      1.070    188.551 136.892836    55.9800     1.9471     0.1704     0.5499 1.4322e-01     3.4067      7.136     10.350    11.4530 0.0000e+00
      7.308      0.118     0.1226      1.040    189.879 137.735901    55.9800     1.9471     0.1704     0.5499 1.5207e-01     3.3462      7.167     10.394    11.4118 0.0000e+00
      7.338      0.118     0.1216      1.017    191.080 138.489793    58.0500     1.9242     0.1278     0.5499 1.3772e-01     3.2556      7.196     10.437    11.3718 0.0000e+00
      7.368      0.117     0.1198      1.003    192.137 139.143317    58.0500     2.0157     0.1278     0.5499 1.2626e-01     3.3462      7.225     10.479    11.3345 0.0000e+00
      7.397      0.116     0.1171      0.995    193.067 139.710559    58.0500     1.9928     0.1278     0.5499 1.4005e-01     3.2707      7.254     10.521    11.3004 0.0000e+00
      7.427      0.115     0.1139      0.996    193.893 140.208628    58.0500     2.0005     0.1278     0.5499 1.1607e-01     3.3160      7.283     10.564    11.2684 0.0000e+00
      7.457      0.113     0.1115      1.005    194.631 140.650196    59.3100     2.0005     0.1278     0.6345 1.1610e-01     3.2405      7.312     10.606    11.2375 0.0000e+00
      7.486      0.112     0.1100      1.021    195.273 141.028861    59.3100     1.9165     0.1278     0.6345 1.2634e-01     3.0743      7.340     10.647    11.2079 0.0000e+00
      7.514      0.110     0.1092      1.035    195.812 141.341473    59.3100     1.9356     0.1278     0.6345 1.1600e-01     3.1347      7.368     10.686    11.1802 0.0000e+00
      7.541      0.107     0.1093      1.041    196.244 141.587286    59.3100     1.9585     0.1278     0.6345 1.1612e-01     3.0894      7.395     10.725    11.1545 0.0000e+00
      7.568      0.105     0.1104      1.041    196.574 141.771774    59.8500     1.9356     0.0852     0.5499 1.1635e-01     3.0139      7.421     10.764    11.1306 0.0000e+00
      7.594      0.101     0.1122      1.035    196.794 141.888060    59.8500     1.8822     0.0852     0.5499 1.1605e-01     2.8477      7.448     10.802    11.1087 0.0000e+00
      7.620      0.097     0.1138      1.024    196.898 141.933110    59.8500     1.8860     0.0852     0.5499 1.1623e-01     2.9232      7.473     10.839    11.0890 0.0000e+00
      7.645      0.093     0.1145      1.011    196.941 141.944969    59.8500     1.8822     0.0852     0.5499 1.1595e-01     2.8477      7.498     10.875    11.0721 0.0000e+00
      7.669      0.089     0.1145      0.996    196.992 141.970855    59.8500     1.8975     0.0852     0.5499 1.1612e-01     2.8628      7.521     10.908    11.0582 0.0000e+00
      7.690      0.085     0.1139      0.981    197.087 142.029687    59.4000     1.8059     0.1278     0.5922 1.1615e-01     2.8628      7.542     10.938    11.0474 0.0000e+00
      7.710      0.083     0.1127      0.967    197.253 142.131146    59.4000     1.8174     0.1278     0.5922 1.1595e-01     2.8930      7.561     10.967    11.0397 0.0000e+00
      7.730      0.083     0.1113      0.957    197.489 142.270248    59.4000     1.7983     0.1278     0.5922 1.1615e-01     2.8779      7.580     10.994    11.0348 0.0000e+00
      7.750      0.085     0.1097      0.950    197.756 142.422005    59.4000     1.8135     0.1278     0.5922 1.1605e-01     2.7722      7.600     11.022    11.0321 0.0000e+00
      7.771      0.088     0.1080      0.947    198.059 142.592841    60.2100     1.8021     0.1278     0.5499 1.1617e-01     3.0139      7.621     11.053    11.0297 0.0000e+00
      7.795      0.092     0.1065      0.946    198.407 142.794266    60.2100     1.8288     0.1278     0.5499 1.1617e-01     3.0441      7.644     11.086    11.0251 0.0000e+00
      7.819      0.096     0.1055      0.943    198.785 143.015908    60.2100     1.8174     0.1278     0.5499 1.1605e-01     3.1045      7.668     11.122    11.0174 0.0000e+00
      7.845      0.100     0.1047      0.935    199.162 143.236767    60.2100     1.8174     0.1278     0.5499 1.1623e-01     3.0139      7.693     11.158    11.0070 0.0000e+00
      7.871      0.103     0.1044      0.922    199.502 143.431623    60.3900     1.8212     0.1278     0.6345 1.1617e-01     3.1045      7.719     11.195    10.9951 0.0000e+00
      7.898      0.104     0.1043      0.905    199.811 143.606375    60.3900     1.8212     0.1278     0.6345 1.1605e-01     3.0894      7.745     11.233    10.9827 0.0000e+00
      7.925      0.105     0.1040      0.888    200.109 143.777582    60.3900     1.8288     0.1278     0.6345 1.1600e-01     2.9535      7.772     11.272    10.9701 0.0000e+00
      7.952      0.106     0.1031      0.874    200.391 143.942831    60.3900     1.8135     0.1278     0.6345 1.1602e-01     3.1347      7.798     11.311    10.9574 0.0000e+00
      7.980      0.106     0.1018      0.861    200.667 144.108137    60.8400     1.8135     0.1704     0.5922 1.1612e-01     3.0894      7.825     11.350    10.9448 0.0000e+00
      8.006      0.106     0.0999      0.851    200.982 144.301559    60.8400     1.8441     0.1704     0.5922 1.1623e-01     3.1952      7.852     11.388    10.9330 0.0000e+00
      8.033      0.106     0.0981      0.841    201.375 144.548640    60.8400     1.8212     0.1704     0.5922 1.1605e-01     3.0743      7.878     11.426    10.9224 0.0000e+00
      8.059      0.107     0.0965      0.834    201.811 144.823138    60.8400     1.8174     0.1704     0.5922 1.1600e-01     3.1196      7.904     11.464    10.9131 0.0000e+00
      8.086      0.108     0.0951      0.834    202.213 145.070074    60.8400     1.7868     0.1704     0.5922 1.1617e-01     3.1196      7.930     11.502    10.9047 0.0000e+00
      8.114      0.109     0.0940      0.840    202.549 145.271175    60.7500     1.7792     0.1278     0.5499 1.1592e-01     3.0894      7.957     11.541    10.8966 0.0000e+00
      8.142      0.110     0.0929      0.848    202.861 145.458036    60.7500     1.8135     0.1278     0.5499 1.1600e-01     3.1045      7.985     11.581    10.8880 0.0000e+00
      8.171      0.111     0.0922      0.856    203.191 145.662459    60.7500     1.8250     0.1278     0.5499 1.1610e-01     2.9988      8.013     11.623    10.8784 0.0000e+00
      8.200      0.111     0.0923      0.859    203.539 145.882874    60.7500     1.8174     0.1278     0.5499 1.1615e-01     3.3311      8.042     11.664    10.8682 0.0000e+00
      8.229      0.111     0.0929      0.861    203.931 146.135999    60.6600     1.8364     0.1278     0.6345 1.1605e-01     3.4369      8.070     11.705    10.8583 0.0000e+00
      8.257      0.110     0.0938      0.858    204.350 146.407211    60.6600     1.8288     0.1278     0.6345 1.1607e-01     3.3613      8.098     11.745    10.8493 0.0000e+00
      8.285      0.108     0.0946      0.850    204.700 146.628626    60.6600     1.8059     0.1278     0.6345 1.1600e-01     3.3462      8.125     11.784    10.8413 0.0000e+00
      8.313      0.105     0.0950      0.842    204.967 146.793187    60.6600     1.7983     0.1278     0.6345 1.1600e-01     3.1498      8.152     11.824    10.8341 0.0000e+00
      8.340      0.103     0.0952      0.835    205.222 146.952788    60.6600     1.8288     0.1704     0.5499 1.1610e-01     3.2103      8.178     11.862    10.8273 0.0000e+00
      8.366      0.101     0.0950      0.831    205.537 147.156000    60.6600     1.8212     0.1704     0.5499 1.1615e-01     3.1196      8.204     11.899    10.8203 0.0000e+00
      8.391      0.099     0.0941      0.830    205.938 147.416951    60.6600     1.8135     0.1704     0.5499 1.1612e-01     3.1196      8.228     11.934    10.8130 0.0000e+00
      8.415      0.098     0.0932      0.831    206.372 147.697061    60.6600     1.8174     0.1704     0.5499 1.1620e-01     3.3764      8.252     11.969    10.8064 0.0000e+00
      8.439      0.098     0.0924      0.832    206.778 147.954848    60.6600     1.8135     0.1704     0.5499 1.1620e-01     3.2858      8.276     12.003    10.8008 0.0000e+00
      8.464      0.098     0.0920      0.837    207.153 148.190946    60.4800     1.8059     0.1278     0.5922 1.1620e-01     3.3009      8.300     12.039    10.7954 0.0000e+00
