Data/DataNotYetUploadedToEDI/Raw_CTD/RawDownloads/102124_fcr50_S7809009.cnv
* Sea-Bird SBE19plus  Data File:
* FileName = C:\R\Reservoirs\Data\DataNotYetUploadedToEDI\Raw_CTD\RawDownloads\100724_fcr50_S7809_0009.hex
* Software version 2.8.0.119
* Temperature SN = 7809
* Conductivity SN = 7809
* System UpLoad Time = Oct 24 2024 12:51:59
* <ApplicationData>
* <Seaterm232>
# nquan = 15
# nvalues = 977                         
# units = specified
# name 0 = depFM: Depth [fresh water, m]
# name 1 = dz/dtM: Descent Rate [m/s]
# name 2 = sbeox0Mg/L: Oxygen, SBE 43 [mg/l]
# name 3 = sbeox0PS: Oxygen, SBE 43 [% saturation]
# name 4 = specc: Specific Conductance [uS/cm]
# name 5 = c0uS/cm: Conductivity [uS/cm]
# name 6 = flECO-AFL: Fluorescence, WET Labs ECO-AFL/FL [mg/m^3]
# name 7 = ph: pH
# name 8 = orp: Oxidation Reduction Potential [mV]
# name 9 = par/sat/log: PAR/Logarithmic, Satlantic
# name 10 = turbWETntu0: Turbidity, WET Labs ECO [NTU]
# name 11 = prdM: Pressure, Strain Gauge [db]
# name 12 = prdE: Pressure, Strain Gauge [psi]
# name 13 = tv290C: Temperature [ITS-90, deg C]
# name 14 = flag:  0.000e+00
# span 0 =     -0.573,      8.538       
# span 1 =     -0.446,      0.196       
# span 2 =     7.1799,    11.0588       
# span 3 =     73.674,    109.044       
# span 4 =      1.251,     65.423       
# span 5 =   1.195501,  51.071500       
# span 6 =    -0.8885,     5.4723       
# span 7 =      5.432,      7.408       
# span 8 = -1240.7455,   977.3684       
# span 9 = 1.2357e-01, 1.6494e+03       
# span 10 =    -1.9138,    86.2140      
# span 11 =     -0.562,      8.376      
# span 12 =     -0.816,     12.148      
# span 13 =    14.0265,    22.7877      
# span 14 = 0.0000e+00, 0.0000e+00      
# interval = seconds: 0.25
# start_time = Oct 21 2024 14:36:42 [Instrument's time stamp, header]
# bad_flag = -9.990e-29
*END*
[from data line 579]
      6.790      0.055     9.4432     91.688     65.001  50.749165     1.6242      7.107   306.5852 1.2372e-01    14.9840      6.657      9.656    14.0336 0.0000e+00
      6.803      0.063     9.4431     91.688     64.993  50.743487     1.6185      7.107   306.4576 1.2376e-01    14.9421      6.669      9.673    14.0335 0.0000e+00
      6.821      0.069     9.4404     91.708     64.987  50.738395     1.6240      7.107   306.9838 1.2378e-01    15.0546      6.688      9.699    14.0335 0.0000e+00
      6.844      0.072     9.4431     91.717     65.003  50.751105     1.6491      7.108   307.6127 1.2379e-01    15.3203      6.712      9.735    14.0338 0.0000e+00
      6.867      0.072     9.4401     91.722     65.028  50.770155     1.6719      7.108   307.1777 1.2374e-01    15.4557      6.735      9.769    14.0340 0.0000e+00
      6.888      0.070     9.4390     91.751     65.038  50.778237     1.6755      7.107   305.6824 1.2369e-01    15.4282      6.755      9.799    14.0339 0.0000e+00
      6.904      0.066     9.4435     91.781     65.047  50.785320     1.6596      7.107   305.3645 1.2370e-01    15.3635      6.773      9.823    14.0341 0.0000e+00
      6.916      0.061     9.4445     91.800     65.057  50.792305     1.6627      7.106   306.2592 1.2373e-01    15.2885      6.784      9.838    14.0342 0.0000e+00
      6.928      0.057     9.4415     91.816     65.066  50.799185     1.6965      7.106   306.3486 1.2380e-01    15.2031      6.792      9.851    14.0342 0.0000e+00
      6.943      0.054     9.4475     91.821     65.075  50.805013     1.7101      7.106   305.4991 1.2384e-01    15.1856      6.807      9.873    14.0342 0.0000e+00
      6.960      0.053     9.4510     91.830     65.069  50.799271     1.7106      7.107   305.0213 1.2384e-01    15.2477      6.828      9.903    14.0338 0.0000e+00
      6.975      0.055     9.4511     91.849     65.062  50.793254     1.7103      7.108   305.2177 1.2382e-01    15.2367      6.842      9.923    14.0335 0.0000e+00
      6.985      0.058     9.4552     91.885     65.065  50.795763     1.6991      7.108   305.6369 1.2381e-01    15.1897      6.849      9.934    14.0332 0.0000e+00
      6.997      0.060     9.4534     91.919     65.108  50.829605     1.6911      7.108   305.8731 1.2381e-01    15.1912      6.859      9.950    14.0325 0.0000e+00
      7.012      0.061     9.4560     91.926     65.179  50.884937     1.6889      7.107   305.7510 1.2377e-01    15.1876      6.875      9.972    14.0317 0.0000e+00
      7.030      0.063     9.4563     91.916     65.190  50.893290     1.6973      7.107   305.5366 1.2371e-01    15.2133      6.894      9.999    14.0311 0.0000e+00
      7.050      0.065     9.4614     91.902     65.157  50.867104     1.7003      7.108   305.5187 1.2369e-01    15.1948      6.914     10.030    14.0312 0.0000e+00
      7.069      0.069     9.4664     91.894     65.181  50.885809     1.6843      7.109   306.0511 1.2369e-01    15.0994      6.933     10.055    14.0316 0.0000e+00
      7.085      0.076     9.4657     91.898     65.236  50.928955     1.6700      7.109   306.8975 1.2374e-01    15.0507      6.949     10.078    14.0315 0.0000e+00
      7.098      0.083     9.4652     91.913     65.257  50.944283     1.6435      7.109   307.1476 1.2383e-01    15.0848      6.960     10.095    14.0309 0.0000e+00
      7.115      0.088     9.4625     91.928     65.257  50.944138     1.5880      7.109   306.7526 1.2389e-01    15.1702      6.971     10.112    14.0305 0.0000e+00
      7.143      0.090     9.4625     91.937     65.236  50.927209     1.5407      7.110   306.2516 1.2388e-01    15.1949      7.000     10.153    14.0308 0.0000e+00
      7.179      0.089     9.4617     91.951     65.239  50.930084     1.5215      7.110   306.8545 1.2383e-01    15.1447      7.043     10.216    14.0313 0.0000e+00
      7.208      0.085     9.4644     91.972     65.301  50.978901     1.5476      7.109   308.3631 1.2380e-01    15.1436      7.075     10.261    14.0307 0.0000e+00
      7.224      0.077     9.4668     91.983     65.341  51.009458     1.6154      7.109   308.6614 1.2376e-01    15.2157      7.087     10.277    14.0297 0.0000e+00
      7.235      0.067     9.4667     91.963     65.306  50.982050     1.6585      7.110   307.9654 1.2369e-01    15.2653      7.094     10.288    14.0296 0.0000e+00
      7.248      0.060     9.4683     91.919     65.284  50.965005     1.6689      7.111   308.0362 1.2364e-01    15.2656      7.108     10.309    14.0298 0.0000e+00
      7.262      0.059     9.4704     91.863     65.321  50.993873     1.6666      7.111   308.9142 1.2369e-01    15.2187      7.121     10.330    14.0301 0.0000e+00
      7.277      0.061     9.4735     91.803     65.346  51.013593     1.6476      7.111   309.5481 1.2378e-01    15.1430      7.135     10.349    14.0303 0.0000e+00
      7.293      0.062     9.4702     91.753     65.346  51.012937     1.6464      7.111   309.6774 1.2373e-01    15.1698      7.150     10.370    14.0302 0.0000e+00
      7.312      0.061     9.4655     91.706     65.312  50.985933     1.6605      7.111   309.4455 1.2368e-01    15.2693      7.170     10.400    14.0300 0.0000e+00
      7.330      0.059     9.4602     91.670     65.254  50.941093     1.6514      7.111   309.2385 1.2375e-01    15.2523      7.191     10.429    14.0299 0.0000e+00
      7.344      0.057     9.4519     91.652     65.221  50.915276     1.6277      7.110   309.5848 1.2380e-01    15.1357      7.203     10.447    14.0297 0.0000e+00
      7.356      0.054     9.4488     91.652     65.237  50.927766     1.6076      7.110   310.0183 1.2382e-01    15.0891      7.213     10.462    14.0295 0.0000e+00
      7.367      0.051     9.4427     91.680     65.285  50.965111     1.6086      7.110   310.1783 1.2380e-01    15.1330      7.223     10.476    14.0292 0.0000e+00
      7.380      0.049     9.4387     91.732     65.312  50.985823     1.6146      7.110   309.7979 1.2370e-01    15.1884      7.236     10.494    14.0291 0.0000e+00
      7.395      0.048     9.4373     91.795     65.315  50.987707     1.5792      7.110   308.9469 1.2364e-01    15.2127      7.253     10.519    14.0292 0.0000e+00
      7.408      0.048     9.4365     91.857     65.315  50.987887     1.5221      7.110   308.6651 1.2371e-01    15.1867      7.267     10.540    14.0292 0.0000e+00
      7.418      0.048     9.4400     91.902     65.315  50.987991     1.4820      7.110   309.0574 1.2377e-01    15.1473      7.274     10.550    14.0293 0.0000e+00
      7.428      0.047     9.4454     91.921     65.316  50.988956     1.4615      7.110   308.9584 1.2376e-01    15.1466      7.283     10.562    14.0291 0.0000e+00
      7.442      0.046     9.4529     91.923     65.330  50.999559     1.4647      7.111   307.9840 1.2378e-01    15.1784      7.298     10.585    14.0287 0.0000e+00
      7.455      0.046     9.4594     91.915     65.317  50.989192     1.4793      7.112   307.3434 1.2380e-01    15.2241      7.312     10.606    14.0287 0.0000e+00
      7.466      0.047     9.4652     91.909     65.237  50.927110     1.4711      7.112   307.6652 1.2380e-01    15.2209      7.322     10.620    14.0289 0.0000e+00
      7.476      0.048     9.4657     91.919     65.182  50.883920     1.4487      7.113   308.3473 1.2374e-01    15.1741      7.330     10.633    14.0288 0.0000e+00
      7.487      0.049     9.4662     91.939     65.217  50.911481     1.4342      7.113   308.3642 1.2366e-01    15.1711      7.342     10.648    14.0287 0.0000e+00
      7.500      0.051     9.4651     91.941     65.256  50.942851     1.4284      7.113   307.6964 1.2370e-01    15.1849      7.356     10.668    14.0288 0.0000e+00
      7.514      0.054     9.4633     91.931     65.259  50.945718     1.4379      7.113   307.4148 1.2380e-01    15.2039      7.369     10.688    14.0289 0.0000e+00
      7.528      0.055     9.4649     91.932     65.259  50.946143     1.4399      7.114   307.5399 1.2380e-01    15.1959      7.382     10.706    14.0290 0.0000e+00
      7.544      0.053     9.4681     91.932     65.262  50.947989     1.4367      7.114   307.9186 1.2375e-01    15.0871      7.397     10.729    14.0295 0.0000e+00
      7.560      0.050     9.4687     91.934     65.287  50.968039     1.4480      7.114   308.3796 1.2373e-01    14.9481      7.415     10.755    14.0295 0.0000e+00
      7.573      0.046     9.4647     91.942     65.326  50.998069     1.4606      7.113   308.2956 1.2372e-01    14.9162      7.428     10.774    14.0297 0.0000e+00
      7.583      0.045     9.4672     91.927     65.320  50.993586     1.4816      7.113   308.0214 1.2370e-01    15.0087      7.437     10.787    14.0300 0.0000e+00
      7.591      0.045     9.4664     91.905     65.300  50.977328     1.4935      7.113   308.5064 1.2368e-01    15.1445      7.444     10.797    14.0301 0.0000e+00
      7.600      0.048     9.4653     91.905     65.320  50.991998     1.4705      7.114   309.4277 1.2373e-01    15.2253      7.451     10.808    14.0303 0.0000e+00
      7.610      0.054     9.4696     91.931     65.306  50.980455     1.4365      7.115   309.6097 1.2379e-01    15.1665      7.461     10.822    14.0302 0.0000e+00
      7.625      0.058     9.4661     91.974     65.286  50.964750     1.4158      7.114   309.3312 1.2374e-01    15.1167      7.475     10.842    14.0300 0.0000e+00
      7.644      0.054     9.4624     91.992     65.321  50.992616     1.4189      7.112   309.2429 1.2368e-01    15.2041      7.495     10.870    14.0297 0.0000e+00
      7.666      0.043     9.4633     91.975     65.330  50.999881     1.4493      7.112   309.8338 1.2371e-01    15.2664      7.519     10.906    14.0292 0.0000e+00
      7.686      0.026     9.4650     91.960     65.315  50.989100     1.4836      7.112   310.9689 1.2379e-01    15.2552      7.543     10.939    14.0288 0.0000e+00
      7.691      0.009     9.4727     91.965     65.312  50.989255     1.4843      7.111   311.4389 1.2384e-01    15.2044      7.549     10.949    14.0285 0.0000e+00
      7.682     -0.006     9.4748     91.980     65.324  51.001770     1.4663      7.111   311.2136 1.2384e-01    15.1313      7.535     10.930    14.0287 0.0000e+00
      7.666     -0.012     9.4707     91.979     65.336  51.013410     1.4576      7.111   310.9986 1.2382e-01    15.1222      7.517     10.902    14.0286 0.0000e+00
      7.654     -0.009     9.4684     91.954     65.322  51.003010     1.4616      7.111   311.1618 1.2384e-01    15.1627      7.503     10.881    14.0292 0.0000e+00
      7.650      0.002     9.4692     91.924     65.324  51.003020     1.4812      7.111   311.3804 1.2383e-01    15.1773      7.499     10.876    14.0311 0.0000e+00
      7.656      0.020     9.4713     91.914     65.338  51.013535     1.4874      7.112   311.3185 1.2378e-01    15.1619      7.506     10.886    14.0339 0.0000e+00
      7.668      0.037     9.4711     91.922     65.323  51.003145     1.5034      7.113   311.2730 1.2375e-01    15.1822      7.520     10.907    14.0368 0.0000e+00
      7.683      0.050     9.4679     91.945     65.323  51.004395     1.5498      7.114   311.0029 1.2373e-01    15.2175      7.533     10.928    14.0366 0.0000e+00
      7.698      0.059     9.4631     91.973     65.356  51.028650     1.5820      7.114   310.5481 1.2364e-01    15.2127      7.548     10.948    14.0342 0.0000e+00
      7.715      0.065     9.4636     91.992     65.377  51.042401     1.6016      7.114   310.5921 1.2357e-01    15.2268      7.566     10.972    14.0341 0.0000e+00
      7.732      0.070     9.4632     92.012     65.382  51.043651     1.6038      7.115   310.9325 1.2365e-01    15.2851      7.583     10.998    14.0362 0.0000e+00
      7.748      0.075     9.4660     92.039     65.385  51.043765     1.5828      7.116   310.6204 1.2375e-01    15.3369      7.598     11.021    14.0373 0.0000e+00
      7.767      0.077     9.4702     92.059     65.387  51.043777     1.5726      7.117   309.8289 1.2379e-01    15.3406      7.615     11.045    14.0361 0.0000e+00
      7.789      0.075     9.4717     92.056     65.388  51.043787     1.5895      7.117   309.7084 1.2377e-01    15.3641      7.637     11.077    14.0334 0.0000e+00
      7.814      0.072     9.4742     92.029     65.388  51.043892     1.6204      7.117   310.1967 1.2372e-01    15.3818      7.664     11.116    14.0311 0.0000e+00
      7.835      0.067     9.4775     91.990     65.390  51.045037     1.6301      7.116   310.5703 1.2370e-01    15.2821      7.686     11.148    14.0293 0.0000e+00
      7.850      0.063     9.4810     91.951     65.408  51.057632     1.6151      7.116   310.2674 1.2375e-01    15.1832      7.699     11.166    14.0285 0.0000e+00
      7.860      0.059     9.4804     91.906     65.423  51.069186     1.6128      7.116   309.4606 1.2376e-01    15.1423      7.707     11.179    14.0282 0.0000e+00
      7.870      0.058     9.4776     91.859     65.408  51.057735     1.6192      7.116   309.2474 1.2373e-01    15.1288      7.717     11.192    14.0279 0.0000e+00
      7.883      0.060     9.4723     91.820     65.393  51.046170     1.6010      7.117   309.6680 1.2373e-01    15.2253      7.730     11.211    14.0275 0.0000e+00
      7.901      0.065     9.4700     91.788     65.404  51.056362     1.5681      7.117   309.8996 1.2374e-01    15.3866      7.748     11.237    14.0270 0.0000e+00
      7.921      0.068     9.4644     91.776     65.400  51.053959     1.5466      7.118   309.8103 1.2374e-01    15.4396      7.768     11.267    14.0267 0.0000e+00
      7.940      0.069     9.4592     91.807     65.353  51.017119     1.5317      7.118   309.6208 1.2376e-01    15.3868      7.787     11.295    14.0265 0.0000e+00
      7.959      0.068     9.4554     91.847     65.321  50.991929     1.5463      7.118   309.4153 1.2381e-01    15.3977      7.805     11.320    14.0272 0.0000e+00
      7.976      0.066     9.4514     91.846     65.337  51.003380     1.5903      7.118   309.4773 1.2379e-01    15.4687      7.823     11.346    14.0283 0.0000e+00
      7.992      0.064     9.4485     91.820     65.370  51.028570     1.6060      7.118   309.7685 1.2375e-01    15.4940      7.839     11.369    14.0291 0.0000e+00
      8.006      0.063     9.4525     91.793     65.388  51.042508     1.5942      7.118   309.9235 1.2374e-01    15.4646      7.852     11.388    14.0289 0.0000e+00
      8.021      0.062     9.4613     91.776     65.392  51.044901     1.5719      7.119   309.8887 1.2374e-01    15.3866      7.865     11.407    14.0282 0.0000e+00
      8.038      0.061     9.4581     91.778     65.407  51.057506     1.5447      7.120   309.7792 1.2370e-01    15.3706      7.881     11.431    14.0276 0.0000e+00
      8.056      0.060     9.4557     91.791     65.420  51.067918     1.5314      7.120   310.0622 1.2368e-01    15.4770      7.900     11.458    14.0272 0.0000e+00
      8.072      0.060     9.4524     91.801     65.389  51.043788     1.5363      7.120   310.5572 1.2369e-01    15.5453      7.916     11.482    14.0270 0.0000e+00
      8.086      0.061     9.4499     91.818     65.359  51.019752     1.5374      7.120   310.6010 1.2372e-01    15.4795      7.930     11.502    14.0270 0.0000e+00
      8.099      0.063     9.4509     91.850     65.374  51.031298     1.5201      7.120   310.4196 1.2378e-01    15.3640      7.944     11.521    14.0271 0.0000e+00
      8.112      0.065     9.4526     91.882     65.407  51.056384     1.5108      7.119   310.4286 1.2378e-01    15.3101      7.954     11.535    14.0271 0.0000e+00
      8.128      0.066     9.4536     91.895     65.423  51.069065     1.5156      7.120   310.6246 1.2371e-01    15.3408      7.967     11.556    14.0273 0.0000e+00
      8.150      0.065     9.4541     91.873     65.408  51.057623     1.5442      7.121   310.7244 1.2370e-01    15.4276      7.992     11.591    14.0273 0.0000e+00
