Data/DataNotYetUploadedToEDI/Raw_CTD/RawDownloads/102423_bvr50_S7809001.cnv
* Sea-Bird SBE19plus  Data File:
* FileName = C:\R\Reservoirs\Data\DataNotYetUploadedToEDI\Raw_CTD\RawDownloads\102423_bvr50_S7809_0001.hex
* Software version 2.8.0.119
* Temperature SN = 7809
* Conductivity SN = 7809
* System UpLoad Time = Oct 30 2023 21:44:46
* <ApplicationData>
* <Seaterm232>
# nquan = 15
# nvalues = 3676                        
# units = specified
# name 0 = depFM: Depth [fresh water, m]
# name 1 = dz/dtM: Descent Rate [m/s]
# name 2 = sbeox0Mg/L: Oxygen, SBE 43 [mg/l]
# name 3 = sbeox0PS: Oxygen, SBE 43 [% saturation]
# name 4 = specc: Specific Conductance [uS/cm]
# name 5 = c0uS/cm: Conductivity [uS/cm]
# name 6 = flECO-AFL: Fluorescence, WET Labs ECO-AFL/FL [mg/m^3]
# name 7 = ph: pH
# name 8 = orp: Oxidation Reduction Potential [mV]
# name 9 = par/sat/log: PAR/Logarithmic, Satlantic
# name 10 = turbWETntu0: Turbidity, WET Labs ECO [NTU]
# name 11 = prdM: Pressure, Strain Gauge [db]
# name 12 = prdE: Pressure, Strain Gauge [psi]
# name 13 = tv290C: Temperature [ITS-90, deg C]
# name 14 = flag:  0.000e+00
# span 0 =     -0.629,      9.436       
# span 1 =     -0.314,      0.294       
# span 2 =    -0.1917,    10.1743       
# span 3 =     -1.596,     97.970       
# span 4 =      2.839,    363.577       
# span 5 =   2.214333, 255.638240       
# span 6 =    -1.6839,     4.1880       
# span 7 =     -0.240,      7.051       
# span 8 =  -129.4760,   913.1284       
# span 9 = 1.2364e-01, 1.7574e+03       
# span 10 =    -6.6835,    52.8635      
# span 11 =     -0.617,      9.255      
# span 12 =     -0.895,     13.423      
# span 13 =    10.0280,    14.6633      
# span 14 = 0.0000e+00, 0.0000e+00      
# interval = seconds: 0.25
# start_time = Oct 24 2023 10:38:56 [Instrument's time stamp, header]
# bad_flag = -9.990e-29
*END*
[from data line 3278]
      6.052      0.008     5.3649     50.648     44.935  33.915195     2.3115      6.985   129.4446 1.2384e-01    15.6783      5.933      8.606    12.7062 0.0000e+00
      6.057      0.018     5.3685     50.718     44.382  33.508869     2.3525      6.981   129.8071 1.2379e-01    15.2963      5.939      8.615    12.7085 0.0000e+00
      6.066      0.025     5.3666     50.828     42.779  32.308653     2.3687      6.979   130.1430 1.2372e-01    15.2483      5.947      8.626    12.7121 0.0000e+00
      6.077      0.031     5.3631     51.037     42.057  31.774736     2.4333      6.977   130.4943 1.2376e-01    14.8590      5.962      8.647    12.7210 0.0000e+00
      6.087      0.034     5.3671     51.424     43.013  32.509366     2.5249      6.976   130.7844 1.2380e-01    14.0743      5.971      8.659    12.7350 0.0000e+00
      6.092      0.035     5.3722     51.972     43.823  33.133901     2.5689      6.974   131.0696 1.2373e-01    13.6512      5.972      8.662    12.7480 0.0000e+00
      6.101      0.032     5.3814     52.610     43.358  32.791390     2.5752      6.972   131.3626 1.2371e-01    13.7061      5.982      8.676    12.7590 0.0000e+00
      6.111      0.022     5.3964     53.295     43.373  32.809176     2.5422      6.971   131.6595 1.2377e-01    13.9853      5.994      8.692    12.7713 0.0000e+00
      6.121      0.003     5.4374     53.994     44.078  33.349089     2.4697      6.971   131.9068 1.2382e-01    14.3633      6.003      8.706    12.7868 0.0000e+00
      6.129     -0.028     5.4970     54.659     44.416  33.609630     2.4228      6.973   132.1149 1.2383e-01    14.5185      6.014      8.723    12.8024 0.0000e+00
      6.128     -0.069     5.5641     55.250     44.834  33.929180     2.3993      6.976   132.5411 1.2379e-01    14.5300      6.015      8.723    12.8123 0.0000e+00
      6.109     -0.113     5.6370     55.723     45.650  34.548025     2.3271      6.979   133.0159 1.2373e-01    14.7076      6.000      8.701    12.8188 0.0000e+00
      6.068     -0.152     5.7118     56.040     46.501  35.191477     2.2075      6.982   133.2092 1.2373e-01    14.9921      5.959      8.642    12.8272 0.0000e+00
      6.009     -0.180     5.7832     56.226     46.984  35.554621     2.1352      6.985   133.2440 1.2379e-01    15.1006      5.893      8.547    12.8337 0.0000e+00
      5.945     -0.188     5.8455     56.281     46.849  35.449045     2.1182      6.987   133.4368 1.2382e-01    15.0623      5.827      8.451    12.8367 0.0000e+00
      5.887     -0.175     5.8997     56.200     46.169  34.930148     2.1190      6.989   133.9914 1.2382e-01    15.0413      5.772      8.373    12.8381 0.0000e+00
      5.837     -0.145     5.9290     56.025     45.582  34.483507     2.1698      6.991   134.7017 1.2383e-01    14.9836      5.720      8.296    12.8375 0.0000e+00
      5.800     -0.105     5.9506     55.785     45.425  34.363250     2.2497      6.992   135.1407 1.2381e-01    14.8771      5.679      8.237    12.8347 0.0000e+00
      5.785     -0.065     5.9579     55.464     45.343  34.300950     2.2863      6.992   135.4279 1.2381e-01    14.7786      5.669      8.223    12.8303 0.0000e+00
      5.782     -0.032     5.9468     55.054     45.091  34.110934     2.2960      6.993   135.8513 1.2385e-01    14.7148      5.668      8.221    12.8255 0.0000e+00
      5.785     -0.008     5.9284     54.636     44.651  33.778833     2.3665      6.994   136.3888 1.2384e-01    14.5163      5.670      8.224    12.8217 0.0000e+00
      5.793      0.006     5.9028     54.296     44.141  33.394365     2.4813      6.997   137.0213 1.2381e-01    14.1544      5.683      8.242    12.8207 0.0000e+00
      5.799      0.013     5.8722     54.051     43.470  32.888372     2.5263      7.001   137.6486 1.2380e-01    13.9264      5.689      8.251    12.8209 0.0000e+00
      5.799      0.018     5.8231     53.902     42.511  32.165345     2.5118      7.004   138.2095 1.2380e-01    13.8768      5.687      8.248    12.8214 0.0000e+00
      5.798      0.022     5.7751     53.860     41.633  31.503926     2.5059      7.008   138.7265 1.2378e-01    13.9303      5.685      8.246    12.8224 0.0000e+00
      5.802      0.017     5.7398     53.917     41.439  31.362028     2.5134      7.013   139.1675 1.2376e-01    14.0604      5.688      8.249    12.8236 0.0000e+00
      5.812      0.002     5.7134     54.057     42.237  31.972185     2.5281      7.017   139.5837 1.2377e-01    14.1529      5.697      8.262    12.8256 0.0000e+00
      5.828     -0.026     5.6965     54.268     43.312  32.791110     2.5332      7.021   140.1443 1.2377e-01    14.1258      5.717      8.292    12.8283 0.0000e+00
      5.836     -0.062     5.6920     54.511     43.857  33.206679     2.4417      7.025   140.7837 1.2374e-01    13.9029      5.733      8.315    12.8322 0.0000e+00
      5.816     -0.099     5.6986     54.770     44.085  33.380631     2.2713      7.026   141.3780 1.2376e-01    13.5760      5.715      8.289    12.8380 0.0000e+00
      5.768     -0.131     5.7116     55.042     44.241  33.498594     2.1955      7.026   142.0816 1.2379e-01    13.4193      5.661      8.210    12.8450 0.0000e+00
      5.709     -0.152     5.7357     55.307     44.232  33.490968     2.2079      7.025   142.8386 1.2377e-01    13.4426      5.594      8.114    12.8520 0.0000e+00
      5.657     -0.153     5.7613     55.549     43.882  33.224981     2.2461      7.025   143.5615 1.2376e-01    13.6186      5.542      8.038    12.8560 0.0000e+00
      5.617     -0.133     5.7875     55.744     43.264  32.756847     2.3077      7.025   144.2826 1.2376e-01    13.9076      5.506      7.987    12.8571 0.0000e+00
      5.586     -0.101     5.8184     55.873     42.874  32.462112     2.3451      7.024   144.8461 1.2377e-01    14.1018      5.475      7.942    12.8567 0.0000e+00
      5.563     -0.071     5.8460     55.928     42.860  32.452820     2.3569      7.022   145.2990 1.2381e-01    14.1562      5.449      7.903    12.8554 0.0000e+00
      5.553     -0.060     5.8735     55.903     43.111  32.644498     2.3510      7.021   145.8867 1.2387e-01    14.0868      5.439      7.889    12.8542 0.0000e+00
      5.557     -0.071     5.8948     55.811     43.582  33.003311     2.3232      7.021   146.6181 1.2391e-01    13.9114      5.449      7.903    12.8532 0.0000e+00
      5.561     -0.101     5.9083     55.683     44.058  33.365314     2.2954      7.021   147.2591 1.2388e-01    13.7430      5.462      7.922    12.8536 0.0000e+00
      5.545     -0.141     5.9147     55.563     44.361  33.595534     2.2902      7.020   147.9578 1.2385e-01    13.6911      5.451      7.906    12.8557 0.0000e+00
      5.495     -0.177     5.9108     55.483     44.490  33.693224     2.3020      7.018   148.9567 1.2383e-01    13.7276      5.399      7.830    12.8583 0.0000e+00
      5.420     -0.197     5.8999     55.454     44.278  33.531366     2.2885      7.013   149.7872 1.2381e-01    13.9461      5.317      7.713    12.8610 0.0000e+00
      5.337     -0.195     5.8835     55.456     43.708  33.097728     2.2432      7.008   150.1695 1.2380e-01    14.3175      5.228      7.583    12.8633 0.0000e+00
      5.270     -0.173     5.8703     55.455     43.185  32.700858     2.2206      7.003   150.4806 1.2377e-01    14.5283      5.155      7.477    12.8637 0.0000e+00
      5.234     -0.135     5.8610     55.444     42.803  32.412521     2.2392      7.001   150.8822 1.2372e-01    14.6165      5.122      7.429    12.8625 0.0000e+00
      5.225     -0.092     5.8591     55.423     42.453  32.149116     2.3277      7.000   151.3262 1.2375e-01    14.6667      5.124      7.431    12.8608 0.0000e+00
      5.222     -0.052     5.8619     55.394     42.157  31.926794     2.4579      6.998   151.8044 1.2386e-01    14.6228      5.125      7.433    12.8585 0.0000e+00
      5.213     -0.025     5.8613     55.373     41.925  31.754516     2.5144      6.997   152.1909 1.2403e-01    14.5977      5.112      7.414    12.8573 0.0000e+00
      5.203     -0.010     5.8602     55.368     41.870  31.715534     2.5122      6.996   152.4709 1.2557e-01    14.6022      5.099      7.395    12.8584 0.0000e+00
      5.201     -0.003     5.8579     55.382     42.026  31.836110     2.5141      6.995   152.7808 1.2713e-01    14.5409      5.097      7.393    12.8608 0.0000e+00
      5.207      0.003     5.8532     55.427     42.331  32.070494     2.5212      6.993   153.1844 1.2720e-01    14.4374      5.107      7.407    12.8638 0.0000e+00
      5.214      0.011     5.8505     55.536     42.753  32.392510     2.5225      6.992   153.6516 1.2700e-01    14.3412      5.114      7.418    12.8671 0.0000e+00
      5.217      0.020     5.8496     55.715     43.053  32.621004     2.5211      6.991   154.1268 1.2545e-01    14.3003      5.116      7.420    12.8708 0.0000e+00
      5.218      0.025     5.8505     55.917     43.124  32.676208     2.5716      6.991   154.4563 1.2395e-01    14.1823      5.117      7.422    12.8743 0.0000e+00
      5.221      0.025     5.8529     56.094     43.127  32.679324     2.6667      6.991   154.6244 1.2386e-01    13.9048      5.117      7.421    12.8775 0.0000e+00
      5.232      0.022     5.8634     56.227     42.932  32.531804     2.7137      6.991   154.7829 1.2385e-01    13.7116      5.127      7.436    12.8803 0.0000e+00
      5.247      0.017     5.8845     56.315     42.276  32.034498     2.7074      6.993   155.0822 1.2383e-01    13.6566      5.150      7.470    12.8822 0.0000e+00
      5.256      0.011     5.9080     56.376     41.636  31.551270     2.6903      6.997   155.5755 1.2381e-01    13.6506      5.160      7.484    12.8833 0.0000e+00
      5.253      0.006     5.9263     56.404     41.579  31.510510     2.6572      6.999   156.1016 1.2379e-01    13.7414      5.153      7.473    12.8839 0.0000e+00
      5.243      0.003     5.9416     56.384     41.448  31.414849     2.6063      7.001   156.5391 1.2374e-01    13.8320      5.141      7.457    12.8842 0.0000e+00
      5.238      0.004     5.9489     56.315     41.186  31.219324     2.5745      7.001   156.9080 1.2364e-01    13.7891      5.134      7.446    12.8847 0.0000e+00
      5.240      0.006     5.9553     56.191     41.377  31.366730     2.5719      7.001   157.2917 1.2366e-01    13.7354      5.137      7.451    12.8860 0.0000e+00
      5.247      0.004     5.9600     56.060     41.530  31.484335     2.5505      7.002   157.6502 1.2378e-01    13.7297      5.145      7.462    12.8890 0.0000e+00
      5.256     -0.008     5.9549     55.956     41.549  31.499419     2.5072      7.003   157.9739 1.2382e-01    13.7201      5.153      7.474    12.8936 0.0000e+00
      5.264     -0.031     5.9504     55.878     41.780  31.675989     2.4811      7.003   158.3664 1.2379e-01    13.6868      5.166      7.493    12.8971 0.0000e+00
      5.262     -0.058     5.9330     55.853     41.999  31.842959     2.4671      7.003   158.7828 1.2373e-01    13.6005      5.169      7.497    12.8999 0.0000e+00
      5.237     -0.085     5.9173     55.903     42.116  31.932271     2.4051      7.003   159.0498 1.2368e-01    13.5990      5.144      7.460    12.9026 0.0000e+00
      5.197     -0.112     5.9078     56.011     42.281  32.058029     2.2968      7.002   158.9269 1.2409e-01    13.7717      5.096      7.391    12.9035 0.0000e+00
      5.155     -0.138     5.8976     56.159     42.497  32.221575     2.2401      7.002   158.6744 1.2479e-01    13.9116      5.050      7.325    12.9048 0.0000e+00
      5.122     -0.160     5.8931     56.329     42.633  32.323691     2.2354      7.002   158.8364 1.2744e-01    13.8906      5.022      7.284    12.9068 0.0000e+00
      5.092     -0.178     5.8996     56.460     42.573  32.277667     2.2147      7.002   159.2502 1.3443e-01    13.7906      5.000      7.252    12.9078 0.0000e+00
      5.049     -0.193     5.9125     56.528     42.436  32.172626     2.1907      7.002   159.7192 1.4169e-01    13.7272      4.957      7.190    12.9081 0.0000e+00
      4.992     -0.203     5.9265     56.545     42.467  32.195567     2.1943      7.002   160.2913 1.6161e-01    13.7394      4.896      7.101    12.9081 0.0000e+00
      4.928     -0.204     5.9493     56.523     42.607  32.301292     2.2084      7.001   160.8335 1.9441e-01    13.7670      4.835      7.011    12.9073 0.0000e+00
      4.862     -0.192     5.9635     56.463     42.617  32.309017     2.2284      6.998   161.2842 2.1448e-01    13.7885      4.767      6.914    12.9058 0.0000e+00
      4.803     -0.166     5.9699     56.364     42.424  32.162082     2.2616      6.995   161.7834 2.2496e-01    13.8281      4.702      6.820    12.9039 0.0000e+00
      4.763     -0.130     5.9718     56.259     42.106  31.920397     2.2851      6.993   162.4810 2.2638e-01    13.9038      4.665      6.765    12.9028 0.0000e+00
      4.743     -0.089     5.9687     56.175     41.943  31.797531     2.2951      6.991   163.0949 2.2476e-01    13.9530      4.651      6.744    12.9030 0.0000e+00
      4.731     -0.049     5.9639     56.115     42.052  31.881859     2.2996      6.986   163.5267 2.2731e-01    13.9102      4.638      6.728    12.9029 0.0000e+00
      4.725     -0.018     5.9508     56.075     42.191  31.988414     2.3389      6.982   164.0019 2.1980e-01    13.8307      4.630      6.716    12.9024 0.0000e+00
      4.727      0.001     5.9393     56.040     42.215  32.007422     2.4211      6.981   164.4520 2.1374e-01    13.8113      4.634      6.721    12.9018 0.0000e+00
      4.736      0.007     5.9303     56.023     42.185  31.984806     2.4701      6.982   164.8391 2.2119e-01    13.8799      4.644      6.735    12.9022 0.0000e+00
      4.746      0.007     5.9235     56.025     42.163  31.968717     2.4814      6.983   165.1551 2.2549e-01    13.9434      4.657      6.752    12.9044 0.0000e+00
      4.753      0.005     5.9206     56.040     42.125  31.939775     2.5409      6.985   165.4337 2.2330e-01    13.7588      4.666      6.766    12.9067 0.0000e+00
      4.749      0.001     5.9154     56.055     42.057  31.888625     2.6414      6.987   165.7992 2.2967e-01    13.3558      4.660      6.758    12.9075 0.0000e+00
      4.739     -0.003     5.9137     56.060     42.017  31.857776     2.6809      6.988   166.1324 2.3466e-01    13.1362      4.645      6.738    12.9075 0.0000e+00
      4.734     -0.005     5.9145     56.073     41.967  31.820539     2.6854      6.989   166.3647 2.3132e-01    13.1528      4.639      6.728    12.9076 0.0000e+00
      4.736     -0.002     5.9158     56.096     41.880  31.755595     2.7531      6.989   166.6296 2.2657e-01    13.1807      4.644      6.735    12.9078 0.0000e+00
      4.740      0.003     5.9191     56.121     41.815  31.706938     2.8591      6.990   166.9255 2.2100e-01    13.1664      4.649      6.743    12.9078 0.0000e+00
      4.742      0.008     5.9177     56.157     41.773  31.676304     2.9186      6.993   167.1887 2.2092e-01    13.1855      4.650      6.744    12.9078 0.0000e+00
      4.744      0.010     5.9191     56.194     41.723  31.638963     2.9318      6.994   167.5756 2.2554e-01    13.2400      4.651      6.746    12.9081 0.0000e+00
      4.748      0.011     5.9228     56.233     41.634  31.572640     2.9099      6.993   168.0751 2.2665e-01    13.4159      4.657      6.754    12.9087 0.0000e+00
      4.751      0.015     5.9232     56.254     41.464  31.445345     2.8531      6.992   168.4103 2.2097e-01    13.7070      4.660      6.759    12.9095 0.0000e+00
      4.751      0.019     5.9291     56.228     41.194  31.241724     2.8117      6.990   168.6177 2.1489e-01    13.8214      4.658      6.756    12.9109 0.0000e+00
      4.754      0.022     5.9314     56.179     40.975  31.077233     2.8004      6.988   168.7752 2.1924e-01    13.8081      4.660      6.757    12.9126 0.0000e+00
