Data/DataNotYetUploadedToEDI/Raw_CTD/RawDownloads/102422_bvr50_S8188002.cnv
* Sea-Bird SBE19plus  Data File:
* FileName = C:\R\Reservoirs\Data\DataNotYetUploadedToEDI\Raw_CTD\RawDownloads\101722_fcr50_S8188_0002.hex
* Software version 2.8.0.119
* Temperature SN = 8188
* Conductivity SN = 8188
* System UpLoad Time = Oct 26 2022 17:16:53
* <ApplicationData>
* <Seaterm232>
# nquan = 16
# nvalues = 1784                        
# units = specified
# name 0 = depFM: Depth [fresh water, m]
# name 1 = dz/dtM: Descent Rate [m/s]
# name 2 = sbeox0Mg/L: Oxygen, SBE 43 [mg/l]
# name 3 = sbeox0PS: Oxygen, SBE 43 [% saturation]
# name 4 = specc: Specific Conductance [uS/cm]
# name 5 = c0uS/cm: Conductivity [uS/cm]
# name 6 = wetCDOM: Fluorescence, WET Labs CDOM [mg/m^3]
# name 7 = flECO-AFL: Fluorescence, WET Labs ECO-AFL/FL [mg/m^3]
# name 8 = flECO-AFL1: Fluorescence, WET Labs ECO-AFL/FL, 2 [mg/m^3]
# name 9 = flECO-AFL2: Fluorescence, WET Labs ECO-AFL/FL, 3 [mg/m^3]
# name 10 = par/sat/log: PAR/Logarithmic, Satlantic
# name 11 = turbWETntu0: Turbidity, WET Labs ECO [NTU]
# name 12 = prdM: Pressure, Strain Gauge [db]
# name 13 = prdE: Pressure, Strain Gauge [psi]
# name 14 = tv290C: Temperature [ITS-90, deg C]
# name 15 = flag:  0.000e+00
# span 0 =     -0.692,      7.280       
# span 1 =     -0.211,      0.167       
# span 2 =     2.0517,     9.7982       
# span 3 =     18.600,     92.737       
# span 4 =      0.042,     53.007       
# span 5 =   0.035741,  38.239732       
# span 6 =    -4.5000,     8.8200       
# span 7 =    -2.5989,     9.3108       
# span 8 =    -3.3654,     2.0022       
# span 9 =    -7.7409,     4.4838       
# span 10 = 1.1597e-01, 2.0684e+03      
# span 11 =   -11.4856,   262.5739      
# span 12 =     -0.679,      7.139      
# span 13 =     -0.984,     10.354      
# span 14 =    10.9592,    17.5653      
# span 15 = 0.0000e+00, 0.0000e+00      
# interval = seconds: 0.25
# start_time = Oct 24 2022 08:17:02 [Instrument's time stamp, header]
# bad_flag = -9.990e-29
*END*
[from data line 91]
     -0.151     -0.008     8.3695     79.143     37.330  28.327986     6.2100     1.6164     0.2982     0.3807 1.1861e+03     8.6548     -0.148     -0.215    12.9402 0.0000e+00
     -0.154     -0.010     8.3709     79.156     37.364  28.354945     6.2100     1.6050     0.2982     0.3807 1.1142e+03     8.6849     -0.152     -0.220    12.9411 0.0000e+00
     -0.156     -0.011     8.3723     79.169     37.422  28.400335     6.2100     1.5973     0.2982     0.3807 1.1429e+03     8.7751     -0.153     -0.222    12.9431 0.0000e+00
     -0.156     -0.011     8.3751     79.195     37.502  28.464379     6.2100     1.6240     0.2982     0.3807 1.2007e+03     8.6698     -0.153     -0.221    12.9470 0.0000e+00
     -0.154     -0.009     8.3804     79.245     37.571  28.520600     6.2100     1.4867     0.2982     0.3807 1.2529e+03     8.6398     -0.151     -0.218    12.9526 0.0000e+00
     -0.150     -0.006     8.3880     79.315     37.586  28.536473     6.2100     1.4714     0.2982     0.3807 1.3197e+03     8.7901     -0.148     -0.213    12.9585 0.0000e+00
     -0.147     -0.002     8.3953     79.382     37.560  28.520190     6.2100     1.4638     0.2556     0.3384 1.3891e+03     8.6698     -0.144     -0.209    12.9638 0.0000e+00
     -0.145      0.002     8.4000     79.423     37.533  28.503048     6.2100     1.4714     0.2556     0.3384 1.3846e+03     8.6548     -0.142     -0.205    12.9683 0.0000e+00
     -0.143      0.006     8.3993     79.412     37.520  28.496314     6.2100     1.3951     0.2556     0.3384 1.3350e+03     8.3843     -0.140     -0.203    12.9717 0.0000e+00
     -0.141      0.008     8.3912     79.332     37.515  28.494234     6.2100     1.4295     0.2556     0.3384 1.3243e+03     8.4745     -0.139     -0.201    12.9737 0.0000e+00
     -0.141      0.009     8.3756     79.183     37.518  28.496251     6.1200     1.4257     0.2982     0.4653 1.3457e+03     8.4895     -0.138     -0.200    12.9741 0.0000e+00
     -0.140      0.008     8.3551     78.989     37.537  28.510825     6.1200     1.4142     0.2982     0.4653 1.3545e+03     8.5346     -0.138     -0.199    12.9737 0.0000e+00
     -0.140      0.007     8.3339     78.791     37.568  28.533921     6.1200     1.4867     0.2982     0.4653 1.3422e+03     8.4745     -0.137     -0.198    12.9739 0.0000e+00
     -0.139      0.005     8.3169     78.633     37.589  28.551899     6.1200     1.4714     0.2982     0.4653 1.3338e+03     8.4143     -0.137     -0.198    12.9759 0.0000e+00
     -0.139      0.004     8.3081     78.551     37.604  28.565595     6.1200     1.5134     0.2982     0.4653 1.3414e+03     8.4143     -0.136     -0.197    12.9794 0.0000e+00
     -0.138      0.003     8.3087     78.555     37.622  28.582621     6.2100     1.4562     0.2982     0.4230 1.3510e+03     8.4444     -0.136     -0.197    12.9835 0.0000e+00
     -0.138      0.002     8.3182     78.638     37.645  28.603556     6.2100     1.6011     0.2982     0.4230 1.3390e+03     8.4444     -0.136     -0.197    12.9879 0.0000e+00
     -0.138      0.002     8.3344     78.782     37.670  28.626063     6.2100     1.5973     0.2982     0.4230 1.3298e+03     8.4294     -0.136     -0.196    12.9929 0.0000e+00
     -0.138      0.001     8.3533     78.951     37.693  28.648227     6.2100     1.5935     0.2982     0.4230 1.3399e+03     8.3843     -0.136     -0.196    12.9988 0.0000e+00
     -0.138      0.001     8.3714     79.113     37.718  28.671997     6.1200     1.5859     0.2556     0.3384 1.3463e+03     8.3692     -0.135     -0.196    13.0056 0.0000e+00
     -0.138      0.001     8.3863     79.245     37.747  28.699752     6.1200     1.5973     0.2556     0.3384 1.3376e+03     8.6398     -0.135     -0.196    13.0129 0.0000e+00
     -0.138      0.001     8.3968     79.336     37.776  28.727014     6.1200     1.5859     0.2556     0.3384 1.3309e+03     8.6999     -0.135     -0.196    13.0203 0.0000e+00
     -0.138      0.001     8.4020     79.381     37.797  28.749175     6.1200     1.5935     0.2556     0.3384 1.3408e+03     8.6849     -0.135     -0.195    13.0279 0.0000e+00
     -0.137      0.001     8.4025     79.385     37.812  28.766205     6.2100     1.6088     0.2556     0.3384 1.3531e+03     8.7300     -0.134     -0.195    13.0356 0.0000e+00
     -0.137      0.001     8.4001     79.365     37.821  28.778685     6.2100     1.6088     0.2556     0.3384 1.3531e+03     8.4294     -0.134     -0.194    13.0432 0.0000e+00
     -0.136      0.001     8.3972     79.340     37.826  28.787963     6.2100     1.5706     0.2556     0.3384 1.3463e+03     8.4143     -0.133     -0.193    13.0504 0.0000e+00
     -0.135      0.001     8.3948     79.319     37.830  28.796513     6.2100     1.5783     0.2556     0.3384 1.3481e+03     8.5045     -0.133     -0.192    13.0574 0.0000e+00
     -0.134      0.002     8.3927     79.299     37.837  28.806617     6.2100     1.6050     0.2556     0.4653 1.3652e+03     8.5045     -0.132     -0.191    13.0639 0.0000e+00
     -0.134      0.002     8.3904     79.279     37.850  28.820968     6.2100     1.6546     0.2556     0.4653 1.3864e+03     8.4294     -0.131     -0.190    13.0701 0.0000e+00
     -0.133      0.002     8.3884     79.262     37.868  28.839435     6.2100     1.6736     0.2556     0.4653 1.3979e+03     8.4294     -0.130     -0.188    13.0764 0.0000e+00
     -0.132      0.003     8.3871     79.254     37.881  28.855061     6.2100     1.6660     0.2556     0.4653 1.3985e+03     8.5045     -0.130     -0.188    13.0831 0.0000e+00
     -0.132      0.003     8.3869     79.257     37.886  28.864095     6.2100     1.6736     0.2556     0.4653 1.3864e+03     8.5045     -0.129     -0.187    13.0902 0.0000e+00
     -0.132      0.003     8.3878     79.270     37.885  28.868946     6.2100     1.6660     0.2982     0.3807 1.3768e+03     8.3843     -0.129     -0.187    13.0975 0.0000e+00
     -0.132      0.002     8.3898     79.291     37.881  28.870907     6.2100     1.6622     0.2982     0.3807 1.3667e+03     8.5045     -0.130     -0.188    13.1045 0.0000e+00
     -0.132      0.002     8.3925     79.317     37.874  28.870502     6.2100     1.6851     0.2982     0.3807 1.3634e+03     8.5195     -0.130     -0.188    13.1108 0.0000e+00
     -0.133      0.001     8.3952     79.344     37.860  28.863662     6.2100     1.6584     0.2982     0.3807 1.3557e+03     8.4444     -0.130     -0.188    13.1159 0.0000e+00
     -0.133      0.000     8.3975     79.369     37.837  28.848566     6.2100     1.6431     0.2556     0.5076 1.3537e+03     8.4143     -0.130     -0.189    13.1192 0.0000e+00
     -0.133     -0.000     8.3988     79.388     37.815  28.833065     6.2100     1.6507     0.2556     0.5076 1.3566e+03     8.4594     -0.130     -0.189    13.1208 0.0000e+00
     -0.133     -0.001     8.3987     79.391     37.799  28.820946     6.2100     1.6927     0.2556     0.5076 1.3664e+03     8.4594     -0.130     -0.189    13.1210 0.0000e+00
     -0.132     -0.001     8.3973     79.378     37.786  28.810959     6.2100     1.6469     0.2556     0.5076 1.3693e+03     8.5045     -0.130     -0.188    13.1211 0.0000e+00
     -0.132     -0.000     8.3948     79.350     37.781  28.808357     6.2100     1.7232     0.2982     0.5076 1.3846e+03     8.4294     -0.130     -0.188    13.1220 0.0000e+00
     -0.132      0.000     8.3914     79.311     37.792  28.818388     6.2100     1.7308     0.2982     0.5076 1.3897e+03     8.3993     -0.130     -0.188    13.1250 0.0000e+00
     -0.132      0.000     8.3875     79.267     37.816  28.841747     6.2100     1.7156     0.2982     0.5076 1.3864e+03     8.4444     -0.130     -0.188    13.1315 0.0000e+00
     -0.133      0.000     8.3835     79.225     37.839  28.868822     6.2100     1.7194     0.2982     0.5076 1.3543e+03     8.3843     -0.130     -0.189    13.1434 0.0000e+00
     -0.134     -0.000     8.3797     79.187     37.836  28.881096     6.2100     1.8949     0.2982     0.5076 1.3684e+03     8.4444     -0.132     -0.191    13.1635 0.0000e+00
     -0.136     -0.001     8.3762     79.154     37.803  28.877882     6.2100     1.9025     0.2556     0.4230 1.3756e+03     8.4745     -0.134     -0.194    13.1925 0.0000e+00
     -0.139     -0.003     8.3732     79.126     37.764  28.874164     6.2100     1.9140     0.2556     0.4230 1.3628e+03     8.4444     -0.136     -0.197    13.2270 0.0000e+00
     -0.140     -0.004     8.3705     79.099     37.730  28.872911     6.2100     1.9063     0.2556     0.4230 1.3318e+03     8.3843     -0.138     -0.200    13.2601 0.0000e+00
     -0.142     -0.005     8.3677     79.069     37.700  28.869831     6.2100     1.8071     0.2556     0.4230 1.3188e+03     8.4745     -0.139     -0.202    13.2861 0.0000e+00
     -0.143     -0.006     8.3653     79.042     37.686  28.872022     6.2100     1.7881     0.2982     0.5076 1.3428e+03     8.4745     -0.140     -0.203    13.3028 0.0000e+00
     -0.143     -0.006     8.3637     79.021     37.702  28.891949     6.2100     1.7995     0.2982     0.5076 1.3831e+03     8.4143     -0.141     -0.204    13.3130 0.0000e+00
     -0.143     -0.005     8.3630     79.006     37.734  28.923045     6.2100     1.7843     0.2982     0.5076 1.4061e+03     8.4594     -0.141     -0.204    13.3223 0.0000e+00
     -0.144     -0.005     8.3630     79.000     37.750  28.945885     6.2100     1.9216     0.2982     0.5076 1.4037e+03     8.6698     -0.141     -0.205    13.3355 0.0000e+00
     -0.145     -0.004     8.3638     79.002     37.749  28.958640     6.1200     1.9178     0.2556     0.4230 1.3714e+03     8.7450     -0.143     -0.207    13.3538 0.0000e+00
     -0.148     -0.004     8.3651     79.012     37.746  28.972630     6.1200     1.9140     0.2556     0.4230 1.3260e+03     8.6849     -0.145     -0.210    13.3753 0.0000e+00
     -0.150     -0.004     8.3664     79.022     37.750  28.991588     6.1200     1.9368     0.2556     0.4230 1.2871e+03     8.6849     -0.147     -0.213    13.3969 0.0000e+00
     -0.153     -0.005     8.3670     79.026     37.753  29.008690     6.1200     1.7575     0.2556     0.4230 1.2696e+03     8.3692     -0.150     -0.218    13.4165 0.0000e+00
     -0.156     -0.006     8.3670     79.025     37.752  29.020579     6.2100     1.7423     0.2556     0.3807 1.2757e+03     8.5045     -0.153     -0.222    13.4328 0.0000e+00
     -0.158     -0.008     8.3665     79.022     37.747  29.026463     6.2100     1.7194     0.2556     0.3807 1.2649e+03     8.5045     -0.155     -0.225    13.4458 0.0000e+00
     -0.160     -0.009     8.3660     79.018     37.733  29.023954     6.2100     1.7156     0.2556     0.3807 1.2567e+03     8.3392     -0.157     -0.227    13.4562 0.0000e+00
     -0.161     -0.009     8.3658     79.017     37.715  29.016343     6.2100     2.0017     0.2556     0.3807 1.2704e+03     8.4444     -0.158     -0.229    13.4642 0.0000e+00
     -0.161     -0.008     8.3662     79.020     37.701  29.009518     6.2100     1.9635     0.2556     0.3807 1.3066e+03     8.4594     -0.158     -0.229    13.4699 0.0000e+00
     -0.161     -0.007     8.3661     79.017     37.693  29.005621     6.2100     1.9712     0.2556     0.3807 1.3140e+03     8.4745     -0.158     -0.229    13.4729 0.0000e+00
     -0.160     -0.005     8.3649     79.004     37.680  28.995692     6.2100     1.9788     0.2556     0.3807 1.2696e+03     8.4143     -0.157     -0.228    13.4728 0.0000e+00
     -0.160     -0.003     8.3631     78.984     37.639  28.961245     6.2100     2.0589     0.2556     0.3807 1.2475e+03     8.5045     -0.157     -0.228    13.4685 0.0000e+00
     -0.160     -0.002     8.3604     78.957     37.546  28.881215     6.2100     2.0437     0.2556     0.3807 1.2838e+03     8.4294     -0.157     -0.228    13.4570 0.0000e+00
     -0.160     -0.001     8.3570     78.923     37.382  28.738220     6.2100     2.0475     0.2556     0.4230 1.3105e+03     8.5646     -0.157     -0.228    13.4332 0.0000e+00
     -0.160     -0.000     8.3535     78.889     37.151  28.527787     6.2100     2.0246     0.2556     0.4230 1.2964e+03     8.4444     -0.157     -0.228    13.3887 0.0000e+00
     -0.160      0.000     8.3505     78.861     36.923  28.298733     6.2100     2.1161     0.2556     0.4230 1.2838e+03     8.7300     -0.157     -0.228    13.3158 0.0000e+00
     -0.160      0.000     8.3484     78.842     36.796  28.130545     6.2100     2.0932     0.2556     0.4230 1.2950e+03     8.6097     -0.157     -0.227    13.2205 0.0000e+00
     -0.160      0.000     8.3476     78.837     36.765  28.035784     6.2100     2.0971     0.2982     0.2961 1.3269e+03     8.6999     -0.157     -0.227    13.1246 0.0000e+00
     -0.160      0.000     8.3485     78.847     36.770  27.981257     6.2100     2.0932     0.2982     0.2961 1.3274e+03     8.6097     -0.156     -0.227    13.0456 0.0000e+00
     -0.160      0.000     8.3511     78.872     36.783  27.948462     6.2100     2.1238     0.2982     0.2961 1.3114e+03     8.5346     -0.156     -0.227    12.9876 0.0000e+00
     -0.159      0.000     8.3551     78.909     36.791  27.924694     6.2100     2.1619     0.2982     0.2961 1.3026e+03     8.4444     -0.156     -0.227    12.9477 0.0000e+00
     -0.159      0.000     8.3599     78.955     36.789  27.903612     6.2100     2.1581     0.2556     0.4230 1.3140e+03     8.5496     -0.156     -0.227    12.9209 0.0000e+00
     -0.159      0.000     8.3650     79.003     36.785  27.887515     6.2100     2.1810     0.2556     0.4230 1.3194e+03     8.4895     -0.156     -0.227    12.9029 0.0000e+00
     -0.159      0.000     8.3695     79.044     36.785  27.878049     6.2100     2.1810     0.2556     0.4230 1.3214e+03     8.4444     -0.156     -0.227    12.8909 0.0000e+00
     -0.159      0.000     8.3717     79.066     36.788  27.874669     6.2100     2.2229     0.2556     0.4230 1.3208e+03     8.3993     -0.156     -0.227    12.8830 0.0000e+00
     -0.159      0.000     8.3706     79.057     36.787  27.870535     6.2100     2.2306     0.2556     0.4230 1.3393e+03     8.5346     -0.156     -0.226    12.8780 0.0000e+00
     -0.159      0.000     8.3666     79.023     36.779  27.862564     6.2100     2.2229     0.2982     0.4653 1.3507e+03     8.4594     -0.156     -0.226    12.8749 0.0000e+00
     -0.159      0.000     8.3606     78.972     36.773  27.856550     6.2100     2.2001     0.2982     0.4653 1.3452e+03     8.3542     -0.156     -0.227    12.8728 0.0000e+00
     -0.159      0.000     8.3535     78.914     36.773  27.854850     6.2100     2.1734     0.2982     0.4653 1.3286e+03     8.3843     -0.156     -0.227    12.8711 0.0000e+00
     -0.160     -0.000     8.3469     78.863     36.777  27.857009     6.2100     2.1810     0.2982     0.4653 1.3120e+03     8.4444     -0.157     -0.228    12.8695 0.0000e+00
     -0.161     -0.001     8.3421     78.829     36.782  27.859644     6.2100     2.1734     0.2556     0.4653 1.2933e+03     8.4294     -0.158     -0.229    12.8681 0.0000e+00
     -0.162     -0.001     8.3397     78.815     36.783  27.859498     6.2100     2.1467     0.2556     0.4653 1.2691e+03     8.4444     -0.159     -0.231    12.8668 0.0000e+00
     -0.163     -0.002     8.3392     78.814     36.786  27.860491     6.2100     2.1734     0.2556     0.4653 1.2461e+03     8.6999     -0.159     -0.232    12.8655 0.0000e+00
     -0.163     -0.003     8.3402     78.824     36.790  27.862888     6.2100     2.1657     0.2556     0.4653 1.2418e+03     8.6398     -0.160     -0.232    12.8642 0.0000e+00
     -0.163     -0.003     8.3424     78.843     36.793  27.863368     6.2100     2.1886     0.2556     0.4230 1.2718e+03     8.6999     -0.160     -0.232    12.8626 0.0000e+00
     -0.163     -0.002     8.3455     78.869     36.793  27.862061     6.2100     2.1695     0.2556     0.4230 1.2927e+03     8.6999     -0.160     -0.232    12.8604 0.0000e+00
