Data/DataNotYetUploadedToEDI/Raw_CTD/RawDownloads/102422_bvr50_S8188002.cnv
* Sea-Bird SBE19plus  Data File:
* FileName = C:\R\Reservoirs\Data\DataNotYetUploadedToEDI\Raw_CTD\RawDownloads\101722_fcr50_S8188_0002.hex
* Software version 2.8.0.119
* Temperature SN = 8188
* Conductivity SN = 8188
* System UpLoad Time = Oct 26 2022 17:16:53
* <ApplicationData>
* <Seaterm232>
# nquan = 16
# nvalues = 1784                        
# units = specified
# name 0 = depFM: Depth [fresh water, m]
# name 1 = dz/dtM: Descent Rate [m/s]
# name 2 = sbeox0Mg/L: Oxygen, SBE 43 [mg/l]
# name 3 = sbeox0PS: Oxygen, SBE 43 [% saturation]
# name 4 = specc: Specific Conductance [uS/cm]
# name 5 = c0uS/cm: Conductivity [uS/cm]
# name 6 = wetCDOM: Fluorescence, WET Labs CDOM [mg/m^3]
# name 7 = flECO-AFL: Fluorescence, WET Labs ECO-AFL/FL [mg/m^3]
# name 8 = flECO-AFL1: Fluorescence, WET Labs ECO-AFL/FL, 2 [mg/m^3]
# name 9 = flECO-AFL2: Fluorescence, WET Labs ECO-AFL/FL, 3 [mg/m^3]
# name 10 = par/sat/log: PAR/Logarithmic, Satlantic
# name 11 = turbWETntu0: Turbidity, WET Labs ECO [NTU]
# name 12 = prdM: Pressure, Strain Gauge [db]
# name 13 = prdE: Pressure, Strain Gauge [psi]
# name 14 = tv290C: Temperature [ITS-90, deg C]
# name 15 = flag:  0.000e+00
# span 0 =     -0.692,      7.280       
# span 1 =     -0.211,      0.167       
# span 2 =     2.0517,     9.7982       
# span 3 =     18.600,     92.737       
# span 4 =      0.042,     53.007       
# span 5 =   0.035741,  38.239732       
# span 6 =    -4.5000,     8.8200       
# span 7 =    -2.5989,     9.3108       
# span 8 =    -3.3654,     2.0022       
# span 9 =    -7.7409,     4.4838       
# span 10 = 1.1597e-01, 2.0684e+03      
# span 11 =   -11.4856,   262.5739      
# span 12 =     -0.679,      7.139      
# span 13 =     -0.984,     10.354      
# span 14 =    10.9592,    17.5653      
# span 15 = 0.0000e+00, 0.0000e+00      
# interval = seconds: 0.25
# start_time = Oct 24 2022 08:17:02 [Instrument's time stamp, header]
# bad_flag = -9.990e-29
*END*
[from data line 181]
     -0.162     -0.001     8.3544     78.943     36.791  27.856075     6.2100     2.2840     0.2556     0.4230 1.2969e+03     8.4594     -0.158     -0.230    12.8539 0.0000e+00
     -0.160      0.000     8.3592     78.986     36.792  27.853761     6.2100     2.2840     0.2556     0.4653 1.3231e+03     8.4594     -0.157     -0.228    12.8505 0.0000e+00
     -0.159      0.002     8.3636     79.026     36.788  27.849077     6.2100     2.2687     0.2556     0.4653 1.3604e+03     8.4444     -0.155     -0.226    12.8476 0.0000e+00
     -0.157      0.003     8.3674     79.062     36.787  27.846712     6.2100     2.2115     0.2556     0.4653 1.3673e+03     8.5346     -0.154     -0.223    12.8456 0.0000e+00
     -0.156      0.004     8.3709     79.097     36.792  27.849995     6.2100     2.2001     0.2556     0.4653 1.3289e+03     8.4143     -0.152     -0.221    12.8445 0.0000e+00
     -0.155      0.005     8.3742     79.130     36.800  27.855842     6.2100     2.2153     0.2556     0.4653 1.3108e+03     8.4745     -0.152     -0.220    12.8447 0.0000e+00
     -0.154      0.005     8.3770     79.161     36.798  27.855913     6.2100     2.2077     0.2556     0.4230 1.2983e+03     8.3242     -0.151     -0.220    12.8469 0.0000e+00
     -0.155      0.004     8.3792     79.186     36.783  27.848248     6.2100     1.9788     0.2556     0.4230 1.2893e+03     8.6698     -0.152     -0.221    12.8511 0.0000e+00
     -0.156      0.003     8.3810     79.204     36.766  27.838722     6.2100     1.9597     0.2556     0.4230 1.2540e+03     8.7450     -0.153     -0.222    12.8557 0.0000e+00
     -0.157      0.002     8.3829     79.222     36.752  27.830734     6.2100     1.9712     0.2556     0.4230 1.2151e+03     8.6398     -0.154     -0.223    12.8591 0.0000e+00
     -0.158     -0.000     8.3855     79.241     36.742  27.824134     6.2100     1.9712     0.2556     0.5499 1.2088e+03     8.5947     -0.155     -0.224    12.8608 0.0000e+00
     -0.158     -0.001     8.3878     79.253     36.739  27.821122     6.2100     1.5859     0.2556     0.5499 1.2337e+03     8.4143     -0.155     -0.224    12.8605 0.0000e+00
     -0.157     -0.002     8.3883     79.248     36.748  27.826835     6.2100     1.5973     0.2556     0.5499 1.2434e+03     8.3091     -0.154     -0.224    12.8583 0.0000e+00
     -0.157     -0.002     8.3858     79.214     36.762  27.834875     6.2100     1.5859     0.2556     0.5499 1.2807e+03     8.4594     -0.154     -0.223    12.8549 0.0000e+00
     -0.156     -0.001     8.3792     79.146     36.769  27.837488     6.2100     1.5859     0.2982     0.4653 1.3085e+03     8.3392     -0.153     -0.221    12.8517 0.0000e+00
     -0.155     -0.000     8.3689     79.045     36.772  27.839331     6.2100     1.7232     0.2982     0.4653 1.3257e+03     8.4745     -0.152     -0.221    12.8504 0.0000e+00
     -0.155      0.001     8.3553     78.916     36.776  27.842873     6.2100     1.7232     0.2982     0.4653 1.3120e+03     8.4444     -0.152     -0.221    12.8517 0.0000e+00
     -0.155      0.001     8.3395     78.766     36.774  27.843121     6.2100     1.7270     0.2982     0.4653 1.2751e+03     8.4745     -0.152     -0.221    12.8547 0.0000e+00
     -0.156      0.001     8.3229     78.609     36.764  27.838162     6.2100     1.7232     0.2982     0.4653 1.2611e+03     8.4143     -0.153     -0.221    12.8577 0.0000e+00
     -0.156      0.001     8.3071     78.458     36.758  27.834591     6.2100     1.9025     0.2982     0.3384 1.2738e+03     8.6698     -0.153     -0.221    12.8591 0.0000e+00
     -0.155      0.001     8.2933     78.327     36.760  27.835417     6.2100     1.9368     0.2982     0.3384 1.2902e+03     8.6248     -0.152     -0.221    12.8584 0.0000e+00
     -0.155      0.000     8.2837     78.234     36.764  27.836901     6.2100     1.8987     0.2982     0.3384 1.2955e+03     8.7300     -0.152     -0.221    12.8557 0.0000e+00
     -0.154      0.000     8.2798     78.197     36.769  27.837457     6.2100     1.9368     0.2982     0.3384 1.3012e+03     8.6698     -0.151     -0.220    12.8516 0.0000e+00
     -0.153      0.000     8.2818     78.215     36.773  27.837235     6.2100     2.0284     0.2982     0.3807 1.3140e+03     8.4895     -0.150     -0.218    12.8467 0.0000e+00
     -0.153      0.001     8.2884     78.276     36.777  27.836174     6.2100     2.0322     0.2982     0.3807 1.3324e+03     8.4143     -0.150     -0.217    12.8417 0.0000e+00
     -0.152      0.001     8.2976     78.362     36.773  27.830032     6.2100     2.0360     0.2982     0.3807 1.3437e+03     8.3843     -0.149     -0.216    12.8377 0.0000e+00
     -0.152      0.002     8.3072     78.453     36.766  27.823111     6.2100     2.0665     0.2982     0.3807 1.3385e+03     8.4444     -0.149     -0.215    12.8353 0.0000e+00
     -0.151      0.002     8.3161     78.536     36.772  27.827423     6.2100     2.2229     0.2130     0.5076 1.3361e+03     8.6698     -0.148     -0.214    12.8342 0.0000e+00
     -0.150      0.002     8.3229     78.600     36.782  27.834219     6.2100     2.2229     0.2130     0.5076 1.3350e+03     8.6248     -0.147     -0.213    12.8338 0.0000e+00
     -0.150      0.002     8.3267     78.635     36.779  27.831453     6.2100     2.2191     0.2130     0.5076 1.3269e+03     8.5346     -0.147     -0.213    12.8335 0.0000e+00
     -0.150      0.002     8.3278     78.644     36.770  27.824327     6.2100     2.2001     0.2130     0.5076 1.3194e+03     8.5646     -0.147     -0.213    12.8330 0.0000e+00
     -0.149      0.002     8.3281     78.646     36.760  27.816879     6.2100     2.3412     0.2982     0.5076 1.3220e+03     8.6097     -0.146     -0.212    12.8328 0.0000e+00
     -0.149      0.002     8.3294     78.658     36.753  27.811085     6.2100     2.3488     0.2982     0.5076 1.3274e+03     8.6248     -0.146     -0.212    12.8326 0.0000e+00
     -0.148      0.002     8.3320     78.683     36.753  27.811337     6.2100     2.3717     0.2982     0.5076 1.3376e+03     8.6698     -0.145     -0.211    12.8324 0.0000e+00
     -0.148      0.002     8.3352     78.714     36.759  27.815722     6.2100     2.3527     0.2982     0.5076 1.3408e+03     8.6999     -0.145     -0.210    12.8321 0.0000e+00
     -0.147      0.002     8.3385     78.744     36.765  27.819472     6.2100     2.4022     0.2982     0.5076 1.3338e+03     8.4143     -0.144     -0.209    12.8314 0.0000e+00
     -0.146      0.002     8.3413     78.770     36.769  27.821606     6.2100     2.3870     0.2982     0.4653 1.3321e+03     8.4444     -0.144     -0.208    12.8299 0.0000e+00
     -0.146      0.002     8.3433     78.787     36.775  27.824673     6.2100     2.4061     0.2982     0.4653 1.3277e+03     8.4294     -0.143     -0.207    12.8278 0.0000e+00
     -0.145      0.002     8.3445     78.796     36.779  27.825532     6.2100     2.3794     0.2982     0.4653 1.3370e+03     8.4444     -0.142     -0.206    12.8255 0.0000e+00
     -0.144      0.003     8.3453     78.802     36.776  27.822430     6.2100     2.3374     0.2982     0.4653 1.3584e+03     8.3542     -0.141     -0.204    12.8236 0.0000e+00
     -0.143      0.003     8.3461     78.808     36.777  27.822461     6.3000     2.3221     0.2556     0.5076 1.3667e+03     8.4143     -0.140     -0.203    12.8227 0.0000e+00
     -0.143      0.003     8.3475     78.819     36.778  27.823653     6.3000     2.3183     0.2556     0.5076 1.3581e+03     8.3392     -0.140     -0.203    12.8230 0.0000e+00
     -0.142      0.003     8.3495     78.835     36.775  27.822364     6.3000     2.3412     0.2556     0.5076 1.3326e+03     8.5195     -0.140     -0.203    12.8241 0.0000e+00
     -0.142      0.002     8.3521     78.857     36.774  27.822209     6.3000     2.3488     0.2556     0.5076 1.3203e+03     8.4294     -0.139     -0.202    12.8254 0.0000e+00
     -0.142      0.002     8.3554     78.884     36.775  27.823149     6.2100     2.3298     0.2982     0.5499 1.3180e+03     8.5195     -0.139     -0.202    12.8260 0.0000e+00
     -0.141      0.002     8.3588     78.912     36.773  27.821473     6.2100     2.3298     0.2982     0.5499 1.3151e+03     8.4594     -0.138     -0.201    12.8251 0.0000e+00
     -0.140      0.002     8.3615     78.933     36.770  27.816736     6.2100     2.3450     0.2982     0.5499 1.3182e+03     8.4895     -0.137     -0.199    12.8218 0.0000e+00
     -0.138      0.002     8.3628     78.941     36.769  27.811633     6.2100     2.3450     0.2982     0.5499 1.3111e+03     8.5646     -0.135     -0.196    12.8165 0.0000e+00
     -0.135      0.003     8.3624     78.932     36.768  27.806783     6.1200     2.3412     0.2556     0.4230 1.3029e+03     8.4594     -0.132     -0.192    12.8108 0.0000e+00
     -0.132      0.005     8.3599     78.902     36.765  27.800893     6.1200     2.3450     0.2556     0.4230 1.2804e+03     8.4143     -0.129     -0.188    12.8058 0.0000e+00
     -0.127      0.007     8.3549     78.848     36.758  27.792391     6.1200     2.3298     0.2556     0.4230 1.2412e+03     8.3843     -0.125     -0.182    12.8010 0.0000e+00
     -0.122      0.009     8.3483     78.780     36.756  27.786931     6.1200     2.3641     0.2556     0.4230 1.2630e+03     8.4594     -0.120     -0.174    12.7964 0.0000e+00
     -0.116      0.012     8.3419     78.715     36.764  27.790973     6.1200     2.3374     0.2556     0.4230 1.4904e+03     8.5045     -0.113     -0.165    12.7933 0.0000e+00
     -0.108      0.016     8.3375     78.668     36.773  27.797678     6.2100     2.3794     0.2982     0.4230 1.0029e+03     8.4444     -0.105     -0.153    12.7930 0.0000e+00
     -0.099      0.020     8.3355     78.646     36.776  27.800914     6.2100     2.3450     0.2982     0.4230 9.4395e+02     8.4444     -0.097     -0.141    12.7946 0.0000e+00
     -0.091      0.023     8.3366     78.653     36.780  27.805503     6.2100     2.3374     0.2982     0.4230 7.4877e+02     8.4143     -0.089     -0.129    12.7962 0.0000e+00
     -0.084      0.026     8.3405     78.687     36.787  27.810689     6.2100     2.3488     0.2982     0.4230 5.4699e+02     8.4444     -0.082     -0.119    12.7969 0.0000e+00
     -0.079      0.028     8.3456     78.734     36.783  27.807958     6.2100     2.3374     0.2982     0.5922 7.1041e+02     8.4745     -0.077     -0.112    12.7972 0.0000e+00
     -0.076      0.027     8.3504     78.779     36.769  27.798559     6.2100     2.3565     0.2982     0.5922 2.7876e+02     8.3843     -0.075     -0.108    12.7979 0.0000e+00
     -0.076      0.025     8.3542     78.817     36.757  27.789886     6.2100     2.0055     0.2982     0.5922 2.6865e+02     8.3993     -0.074     -0.108    12.7993 0.0000e+00
     -0.077      0.020     8.3569     78.847     36.752  27.787546     6.2100     2.0398     0.2982     0.5922 2.4157e+02     8.4745     -0.076     -0.110    12.8013 0.0000e+00
     -0.079      0.014     8.3594     78.874     36.753  27.790913     6.2100     2.0208     0.2556     0.5922 5.8944e+02     8.3542     -0.078     -0.112    12.8042 0.0000e+00
     -0.082      0.008     8.3618     78.901     36.753  27.792968     6.2100     2.0246     0.2556     0.5922 2.1821e+02     8.4594     -0.080     -0.117    12.8068 0.0000e+00
     -0.086      0.002     8.3638     78.923     36.754  27.794257     6.2100     1.8033     0.2556     0.5922 4.5228e+02     8.5646     -0.084     -0.122    12.8079 0.0000e+00
     -0.090     -0.004     8.3659     78.947     36.760  27.799086     6.2100     1.7804     0.2556     0.5922 7.3891e+02     8.6097     -0.089     -0.128    12.8081 0.0000e+00
     -0.096     -0.009     8.3685     78.976     36.767  27.804780     6.2100     1.7766     0.2556     0.3807 1.0864e+03     8.7600     -0.094     -0.136    12.8091 0.0000e+00
     -0.102     -0.013     8.3710     79.002     36.770  27.808900     6.2100     1.7652     0.2556     0.3807 1.3628e+03     8.5646     -0.100     -0.145    12.8115 0.0000e+00
     -0.108     -0.016     8.3719     79.013     36.772  27.812544     6.2100     1.6622     0.2556     0.3807 1.5097e+03     8.7300     -0.106     -0.153    12.8144 0.0000e+00
     -0.112     -0.018     8.3703     79.000     36.773  27.814704     6.2100     1.6622     0.2556     0.3807 1.4123e+03     8.7300     -0.110     -0.160    12.8165 0.0000e+00
     -0.115     -0.019     8.3657     78.957     36.769  27.811997     6.2100     1.6507     0.2556     0.3807 1.3510e+03     8.6999     -0.113     -0.164    12.8168 0.0000e+00
     -0.117     -0.019     8.3584     78.887     36.760  27.803701     6.2100     1.6813     0.2982     0.3384 1.3466e+03     8.5646     -0.115     -0.166    12.8145 0.0000e+00
     -0.117     -0.017     8.3490     78.798     36.754  27.795523     6.2100     1.6050     0.2982     0.3384 8.9132e+02     8.4594     -0.115     -0.167    12.8103 0.0000e+00
     -0.117     -0.014     8.3385     78.697     36.757  27.795180     6.2100     1.6088     0.2982     0.3384 8.4971e+02     8.4895     -0.115     -0.167    12.8062 0.0000e+00
     -0.119     -0.011     8.3281     78.597     36.766  27.800602     6.2100     1.6202     0.2982     0.3384 7.6771e+02     8.4745     -0.116     -0.169    12.8038 0.0000e+00
     -0.122     -0.008     8.3190     78.510     36.768  27.801355     6.2100     1.5744     0.2982     0.4653 1.2815e+03     8.4143     -0.119     -0.173    12.8031 0.0000e+00
     -0.126     -0.007     8.3117     78.441     36.758  27.793680     6.2100     1.9712     0.2982     0.4653 1.2603e+03     8.4143     -0.123     -0.179    12.8032 0.0000e+00
     -0.131     -0.008     8.3071     78.399     36.739  27.779491     6.2100     1.9788     0.2982     0.4653 1.0562e+03     8.4294     -0.128     -0.186    12.8033 0.0000e+00
     -0.135     -0.009     8.3055     78.387     36.725  27.768862     6.2100     1.9597     0.2982     0.4653 1.0489e+03     8.4143     -0.133     -0.193    12.8027 0.0000e+00
     -0.139     -0.012     8.3064     78.400     36.730  27.770837     6.2100     1.9635     0.2556     0.3384 9.7015e+02     8.4444     -0.136     -0.198    12.8010 0.0000e+00
     -0.142     -0.014     8.3092     78.432     36.737  27.774066     6.2100     1.6164     0.2556     0.3384 1.0135e+03     8.7600     -0.139     -0.202    12.7982 0.0000e+00
     -0.144     -0.015     8.3134     78.476     36.737  27.771489     6.2100     1.6088     0.2556     0.3384 1.0047e+03     8.6698     -0.142     -0.206    12.7945 0.0000e+00
     -0.146     -0.014     8.3187     78.529     36.740  27.770338     6.2100     1.5935     0.2556     0.3384 9.2325e+02     8.6097     -0.144     -0.208    12.7904 0.0000e+00
     -0.147     -0.013     8.3247     78.588     36.748  27.774266     6.2100     1.6126     0.2556     0.4230 1.0693e+03     8.6999     -0.145     -0.210    12.7867 0.0000e+00
     -0.149     -0.011     8.3308     78.648     36.764  27.784319     6.2100     1.6698     0.2556     0.4230 9.3233e+02     8.4444     -0.146     -0.212    12.7838 0.0000e+00
     -0.150     -0.009     8.3360     78.699     36.783  27.797241     6.2100     1.6698     0.2556     0.4230 1.0259e+03     8.4444     -0.147     -0.214    12.7819 0.0000e+00
     -0.152     -0.008     8.3397     78.737     36.797  27.806577     6.2100     1.6622     0.2556     0.4230 9.6342e+02     8.3392     -0.149     -0.216    12.7807 0.0000e+00
     -0.153     -0.006     8.3423     78.762     36.803  27.810858     6.2100     1.6698     0.2556     0.4230 9.6657e+02     8.4895     -0.150     -0.218    12.7802 0.0000e+00
     -0.155     -0.006     8.3444     78.783     36.801  27.809244     6.3000     1.8720     0.2556     0.5499 9.3842e+02     8.8202     -0.152     -0.220    12.7802 0.0000e+00
     -0.156     -0.006     8.3461     78.801     36.790  27.801307     6.3000     1.8300     0.2556     0.5499 9.6699e+02     8.6698     -0.153     -0.222    12.7807 0.0000e+00
     -0.158     -0.006     8.3474     78.814     36.773  27.788888     6.3000     1.8377     0.2556     0.5499 9.4847e+02     8.7300     -0.155     -0.224    12.7812 0.0000e+00
