Data/DataNotYetUploadedToEDI/Raw_CTD/RawDownloads/102422_bvr50_S7809002.cnv
* Sea-Bird SBE19plus  Data File:
* FileName = C:\R\Reservoirs\Data\DataNotYetUploadedToEDI\Raw_CTD\RawDownloads\101722_fcr50_S7809_0002.hex
* Software version 2.8.0.119
* Temperature SN = 7809
* Conductivity SN = 7809
* System UpLoad Time = Oct 26 2022 16:53:57
* <ApplicationData>
* <Seaterm232>
# nquan = 15
# nvalues = 2354                        
# units = specified
# name 0 = depFM: Depth [fresh water, m]
# name 1 = dz/dtM: Descent Rate [m/s]
# name 2 = sbeox0Mg/L: Oxygen, SBE 43 [mg/l]
# name 3 = sbeox0PS: Oxygen, SBE 43 [% saturation]
# name 4 = specc: Specific Conductance [uS/cm]
# name 5 = c0uS/cm: Conductivity [uS/cm]
# name 6 = flECO-AFL: Fluorescence, WET Labs ECO-AFL/FL [mg/m^3]
# name 7 = ph: pH
# name 8 = orp: Oxidation Reduction Potential [mV]
# name 9 = par/sat/log: PAR/Logarithmic, Satlantic
# name 10 = turbWETntu0: Turbidity, WET Labs ECO [NTU]
# name 11 = prdM: Pressure, Strain Gauge [db]
# name 12 = prdE: Pressure, Strain Gauge [psi]
# name 13 = tv290C: Temperature [ITS-90, deg C]
# name 14 = flag:  0.000e+00
# span 0 =     -0.695,      7.316       
# span 1 =     -0.314,      0.300       
# span 2 =     0.4741,     8.3525       
# span 3 =      4.340,     78.888       
# span 4 =      5.685,    165.984       
# span 5 =   4.705294, 119.397573       
# span 6 =    -2.0223,     4.9518       
# span 7 =     -2.558,      8.697       
# span 8 =  -865.5375,  1008.7596       
# span 9 = 1.2363e-01, 2.3235e+03       
# span 10 =    -1.1473,    42.9802      
# span 11 =     -0.682,      7.175      
# span 12 =     -0.989,     10.407      
# span 13 =    10.8961,    16.3848      
# span 14 = 0.0000e+00, 0.0000e+00      
# interval = seconds: 0.25
# start_time = Oct 24 2022 07:57:09 [Instrument's time stamp, header]
# bad_flag = -9.990e-29
*END*
[from data line 1446]
      3.500      0.033     5.5027     50.631     36.487  26.731079     3.6972      7.785   273.4625 3.0223e+00     9.5946      3.437      4.984    11.6285 0.0000e+00
      3.507      0.029     5.5037     50.591     36.505  26.748889     3.6930      7.784   273.4955 3.0223e+00     9.5993      3.442      4.991    11.6248 0.0000e+00
      3.507      0.023     5.5089     50.545     36.527  26.767214     3.6900      7.783   273.5986 3.0179e+00     9.5919      3.438      4.987    11.6194 0.0000e+00
      3.507      0.016     5.5073     50.501     36.521  26.762491     3.6531      7.782   273.5907 2.9914e+00     9.6076      3.437      4.985    11.6212 0.0000e+00
      3.511      0.011     5.5024     50.462     36.514  26.755166     3.5877      7.782   273.4864 2.9550e+00     9.6519      3.442      4.992    11.6289 0.0000e+00
      3.516      0.011     5.4980     50.422     36.501  26.742037     3.5402      7.782   273.5414 2.9368e+00     9.6496      3.450      5.004    11.6354 0.0000e+00
      3.521      0.011     5.4913     50.387     36.490  26.730514     3.5206      7.781   273.6541 2.9274e+00     9.6141      3.454      5.009    11.6389 0.0000e+00
      3.522      0.010     5.4869     50.366     36.509  26.742606     3.5502      7.780   273.7302 2.9114e+00     9.6316      3.454      5.009    11.6389 0.0000e+00
      3.523      0.008     5.4834     50.344     36.536  26.761463     3.6155      7.780   273.7723 2.9036e+00     9.6571      3.455      5.010    11.6348 0.0000e+00
      3.526      0.006     5.4796     50.317     36.547  26.768368     3.6523      7.779   273.6477 2.8963e+00     9.6487      3.458      5.015    11.6284 0.0000e+00
      3.528      0.005     5.4755     50.304     36.540  26.762709     3.6455      7.779   273.5138 2.8900e+00     9.6324      3.461      5.020    11.6236 0.0000e+00
      3.529      0.005     5.4748     50.314     36.530  26.756428     3.6003      7.779   273.5305 2.8962e+00     9.6309      3.461      5.020    11.6220 0.0000e+00
      3.529      0.005     5.4728     50.343     36.527  26.755806     3.5468      7.778   273.5912 2.8915e+00     9.6655      3.460      5.019    11.6208 0.0000e+00
      3.530      0.005     5.4685     50.369     36.526  26.755181     3.5303      7.776   273.6460 2.8830e+00     9.6755      3.462      5.021    11.6188 0.0000e+00
      3.531      0.006     5.4676     50.374     36.517  26.748881     3.5346      7.776   273.6763 2.8804e+00     9.6492      3.462      5.021    11.6180 0.0000e+00
      3.533      0.007     5.4678     50.369     36.509  26.743015     3.5413      7.776   273.6996 2.8681e+00     9.6203      3.465      5.025    11.6197 0.0000e+00
      3.535      0.010     5.4719     50.369     36.516  26.747634     3.5613      7.776   273.7566 2.8483e+00     9.5986      3.467      5.028    11.6219 0.0000e+00
      3.536      0.012     5.4762     50.362     36.509  26.741348     3.5840      7.776   273.8485 2.8312e+00     9.6268      3.467      5.029    11.6220 0.0000e+00
      3.539      0.014     5.4759     50.347     36.497  26.730390     3.5919      7.776   273.9509 2.8173e+00     9.6541      3.471      5.034    11.6217 0.0000e+00
      3.544      0.015     5.4736     50.333     36.515  26.741915     3.5896      7.775   274.0474 2.7986e+00     9.6205      3.476      5.041    11.6227 0.0000e+00
      3.550      0.015     5.4753     50.306     36.533  26.753910     3.5896      7.775   274.0694 2.7851e+00     9.5970      3.482      5.050    11.6223 0.0000e+00
      3.555      0.015     5.4748     50.261     36.524  26.748663     3.5920      7.775   273.9587 2.7762e+00     9.6426      3.487      5.057    11.6202 0.0000e+00
      3.559      0.014     5.4721     50.216     36.511  26.741862     3.5940      7.775   273.9141 2.7567e+00     9.6941      3.490      5.062    11.6176 0.0000e+00
      3.561      0.012     5.4728     50.189     36.498  26.735061     3.5888      7.775   273.9593 2.7359e+00     9.6731      3.492      5.065    11.6143 0.0000e+00
      3.564      0.010     5.4698     50.169     36.486  26.729823     3.5455      7.774   273.9889 2.7360e+00     9.6267      3.495      5.070    11.6120 0.0000e+00
      3.566      0.009     5.4638     50.128     36.497  26.741913     3.4862      7.772   274.0140 2.7397e+00     9.6802      3.497      5.072    11.6151 0.0000e+00
      3.567      0.009     5.4576     50.093     36.512  26.754485     3.4719      7.771   274.0054 2.7265e+00     9.8087      3.498      5.074    11.6196 0.0000e+00
      3.570      0.008     5.4538     50.096     36.513  26.755060     3.4715      7.771   274.0565 2.7193e+00     9.8815      3.501      5.077    11.6219 0.0000e+00
      3.572      0.006     5.4547     50.125     36.507  26.748869     3.4230      7.771   274.1157 2.7126e+00     9.8777      3.503      5.080    11.6274 0.0000e+00
      3.575      0.002     5.4464     50.150     36.501  26.743013     3.3439      7.771   274.1182 2.6942e+00     9.8305      3.505      5.084    11.6339 0.0000e+00
      3.578     -0.002     5.4411     50.162     36.504  26.747633     3.3055      7.770   274.0874 2.6826e+00     9.7888      3.508      5.089    11.6357 0.0000e+00
      3.578     -0.004     5.4424     50.176     36.492  26.741347     3.3091      7.770   274.0874 2.6823e+00     9.8183      3.510      5.091    11.6355 0.0000e+00
      3.573     -0.004     5.4473     50.181     36.479  26.730398     3.2789      7.770   274.2041 2.6948e+00     9.8109      3.504      5.083    11.6322 0.0000e+00
      3.567     -0.003     5.4515     50.191     36.503  26.742018     3.2146      7.769   274.2937 2.7219e+00     9.6998      3.495      5.069    11.6276 0.0000e+00
      3.564     -0.002     5.4497     50.209     36.529  26.755063     3.1893      7.768   274.3110 2.7339e+00     9.6358      3.493      5.066    11.6332 0.0000e+00
      3.568      0.000     5.4525     50.211     36.540  26.761350     3.2061      7.768   274.3268 2.7114e+00     9.6522      3.498      5.075    11.6410 0.0000e+00
      3.573      0.003     5.4522     50.226     36.531  26.754644     3.2763      7.767   274.3995 2.6792e+00     9.6596      3.506      5.085    11.6379 0.0000e+00
      3.574      0.006     5.4529     50.252     36.509  26.737367     3.3963      7.767   274.5015 2.6748e+00     9.6222      3.507      5.086    11.6273 0.0000e+00
      3.572      0.007     5.4605     50.267     36.519  26.742611     3.4584      7.767   274.5261 2.6855e+00     9.6094      3.502      5.080    11.6174 0.0000e+00
      3.572      0.006     5.4569     50.305     36.538  26.754664     3.4619      7.766   274.5249 2.6753e+00     9.6418      3.501      5.078    11.6148 0.0000e+00
      3.574      0.006     5.4590     50.359     36.541  26.756327     3.4634      7.766   274.4879 2.6635e+00     9.6048      3.505      5.084    11.6166 0.0000e+00
      3.578      0.007     5.4649     50.365     36.549  26.762722     3.4522      7.766   274.4231 2.6652e+00     9.6050      3.510      5.091    11.6153 0.0000e+00
      3.581      0.007     5.4628     50.304     36.555  26.768597     3.4260      7.766   274.5156 2.6631e+00     9.7120      3.513      5.095    11.6121 0.0000e+00
      3.582      0.007     5.4685     50.239     36.545  26.763979     3.4055      7.766   274.6597 2.6496e+00     9.7716      3.513      5.095    11.6093 0.0000e+00
      3.583      0.006     5.4771     50.196     36.549  26.770264     3.4120      7.766   274.6164 2.6310e+00     9.8138      3.512      5.094    11.6071 0.0000e+00
      3.585      0.005     5.4808     50.177     36.559  26.781211     3.4209      7.765   274.5084 2.6256e+00     9.8471      3.515      5.099    11.6083 0.0000e+00
      3.587      0.005     5.4674     50.220     36.538  26.769581     3.4127      7.764   274.3868 2.6355e+00     9.8323      3.518      5.102    11.6115 0.0000e+00
      3.588      0.006     5.4603     50.265     36.513  26.756423     3.4130      7.764   274.2648 2.6423e+00     9.8399      3.519      5.104    11.6141 0.0000e+00
      3.588      0.006     5.4572     50.261     36.497  26.748890     3.4170      7.763   274.2377 2.6431e+00     9.8706      3.519      5.104    11.6189 0.0000e+00
      3.589      0.006     5.4489     50.280     36.482  26.741881     3.4104      7.762   274.3170 2.6390e+00     9.8621      3.518      5.103    11.6252 0.0000e+00
      3.591      0.006     5.4574     50.345     36.471  26.735071     3.4079      7.762   274.4492 2.6250e+00     9.8386      3.522      5.108    11.6299 0.0000e+00
      3.594      0.006     5.4663     50.415     36.463  26.729936     3.4121      7.763   274.4600 2.6116e+00     9.8262      3.526      5.113    11.6364 0.0000e+00
      3.596      0.007     5.4574     50.469     36.482  26.743180     3.4113      7.764   274.4472 2.6096e+00     9.8151      3.527      5.115    11.6438 0.0000e+00
      3.596      0.007     5.4596     50.500     36.519  26.768428     3.3726      7.763   274.4661 2.6105e+00     9.7722      3.526      5.115    11.6488 0.0000e+00
      3.597      0.007     5.4689     50.518     36.543  26.781673     3.2945      7.762   274.4305 2.6101e+00     9.6835      3.527      5.116    11.6511 0.0000e+00
      3.600      0.008     5.4764     50.538     36.542  26.776539     3.2409      7.762   274.4465 2.6071e+00     9.6309      3.530      5.121    11.6504 0.0000e+00
      3.602      0.010     5.4837     50.563     36.539  26.769739     3.2328      7.761   274.4889 2.5930e+00     9.6143      3.533      5.124    11.6498 0.0000e+00
      3.603      0.014     5.4858     50.555     36.534  26.762835     3.2790      7.761   274.5130 2.5712e+00     9.6193      3.533      5.124    11.6476 0.0000e+00
      3.606      0.017     5.4890     50.514     36.527  26.756444     3.3675      7.760   274.5655 2.5449e+00     9.6577      3.535      5.127    11.6417 0.0000e+00
      3.612      0.020     5.4900     50.477     36.525  26.755859     3.4119      7.759   274.6067 2.5179e+00     9.6346      3.542      5.137    11.6356 0.0000e+00
      3.620      0.022     5.4972     50.430     36.525  26.755754     3.4080      7.759   274.5809 2.4964e+00     9.5441      3.550      5.149    11.6278 0.0000e+00
      3.627      0.023     5.4970     50.345     36.527  26.755177     3.4030      7.759   274.5122 2.4738e+00     9.5206      3.557      5.159    11.6219 0.0000e+00
      3.633      0.022     5.4893     50.249     36.525  26.748881     3.4188      7.759   274.4648 2.4533e+00     9.5892      3.563      5.167    11.6221 0.0000e+00
      3.638      0.021     5.4863     50.206     36.524  26.743005     3.4578      7.757   274.4378 2.4405e+00     9.6567      3.569      5.176    11.6249 0.0000e+00
      3.643      0.018     5.4831     50.218     36.539  26.747511     3.4747      7.756   274.4428 2.4291e+00     9.6532      3.574      5.183    11.6262 0.0000e+00
      3.647      0.016     5.4731     50.209     36.535  26.739973     3.4572      7.757   274.5261 2.4121e+00     9.6149      3.576      5.186    11.6219 0.0000e+00
      3.650      0.016     5.4597     50.145     36.504  26.715243     3.4115      7.757   274.6701 2.3790e+00     9.6036      3.580      5.192    11.6149 0.0000e+00
      3.654      0.015     5.4556     50.083     36.484  26.702037     3.3470      7.757   274.7215 2.3414e+00     9.5847      3.585      5.198    11.6077 0.0000e+00
      3.658      0.015     5.4626     50.034     36.486  26.707071     3.3103      7.757   274.6313 2.3204e+00     9.5576      3.587      5.203    11.5983 0.0000e+00
      3.662      0.015     5.4652     49.970     36.488  26.712729     3.3008      7.757   274.6119 2.3169e+00     9.5831      3.591      5.209    11.5903 0.0000e+00
      3.666      0.015     5.4533     49.890     36.478  26.707061     3.2897      7.757   274.7459 2.3219e+00     9.6877      3.595      5.215    11.5882 0.0000e+00
      3.670      0.016     5.4467     49.802     36.472  26.701926     3.2929      7.757   274.8744 2.3217e+00     9.8323      3.599      5.220    11.5909 0.0000e+00
      3.673      0.017     5.4429     49.726     36.490  26.714031     3.3057      7.757   274.8746 2.3191e+00     9.8962      3.602      5.225    11.5964 0.0000e+00
      3.677      0.018     5.4339     49.676     36.506  26.726656     3.3030      7.756   274.8349 2.3166e+00     9.8800      3.605      5.229    11.6037 0.0000e+00
      3.682      0.018     5.4255     49.665     36.506  26.727803     3.3107      7.754   274.8248 2.3015e+00     9.8752      3.610      5.236    11.6063 0.0000e+00
      3.688      0.018     5.4148     49.682     36.506  26.727898     3.3412      7.754   274.8374 2.2811e+00     9.8732      3.617      5.246    11.6026 0.0000e+00
      3.693      0.018     5.4066     49.700     36.508  26.727802     3.3627      7.754   274.9015 2.2734e+00     9.8554      3.622      5.254    11.6005 0.0000e+00
      3.698      0.017     5.4001     49.717     36.509  26.726651     3.3632      7.754   274.9111 2.2670e+00     9.8300      3.626      5.260    11.6036 0.0000e+00
      3.702      0.015     5.3986     49.743     36.494  26.713975     3.3396      7.753   274.7816 2.2462e+00     9.8060      3.630      5.265    11.6059 0.0000e+00
      3.705      0.014     5.4027     49.770     36.477  26.701303     3.3098      7.752   274.7130 2.2298e+00     9.8036      3.633      5.270    11.6056 0.0000e+00
      3.707      0.013     5.4046     49.790     36.476  26.700213     3.3027      7.752   274.8556 2.2204e+00     9.8359      3.635      5.273    11.6037 0.0000e+00
      3.710      0.012     5.4058     49.796     36.478  26.700784     3.3035      7.752   274.9573 2.2074e+00     9.8551      3.638      5.277    11.6002 0.0000e+00
      3.713      0.010     5.4100     49.794     36.490  26.708213     3.2937      7.752   274.9103 2.1959e+00     9.8304      3.641      5.282    11.5975 0.0000e+00
      3.718      0.007     5.4126     49.774     36.517  26.726652     3.2843      7.752   274.8893 2.1951e+00     9.7421      3.647      5.289    11.5965 0.0000e+00
      3.720      0.005     5.4161     49.728     36.527  26.733567     3.2907      7.751   274.9622 2.2043e+00     9.6410      3.650      5.294    11.5962 0.0000e+00
      3.720      0.004     5.4158     49.691     36.521  26.728432     3.3042      7.751   275.1027 2.2056e+00     9.6327      3.650      5.293    11.5952 0.0000e+00
      3.718      0.004     5.4160     49.662     36.522  26.727957     3.3065      7.750   275.1256 2.1986e+00     9.6080      3.647      5.289    11.5938 0.0000e+00
      3.717      0.004     5.4162     49.624     36.522  26.727820     3.3512      7.750   275.0669 2.1849e+00     9.5813      3.644      5.285    11.5928 0.0000e+00
      3.719      0.005     5.4070     49.577     36.520  26.726778     3.4535      7.749   275.0804 2.1652e+00     9.6520      3.646      5.288    11.5917 0.0000e+00
      3.723      0.006     5.4048     49.527     36.504  26.715348     3.5199      7.748   275.1177 2.1585e+00     9.7110      3.652      5.296    11.5903 0.0000e+00
      3.726      0.007     5.4027     49.485     36.504  26.716395     3.5382      7.748   275.1738 2.1617e+00     9.7478      3.655      5.300    11.5889 0.0000e+00
      3.727      0.007     5.3981     49.452     36.535  26.739444     3.5245      7.748   275.1563 2.1603e+00     9.7554      3.656      5.302    11.5887 0.0000e+00
      3.727      0.007     5.3934     49.427     36.536  26.740487     3.4793      7.748   275.1648 2.1548e+00     9.6664      3.655      5.301    11.5896 0.0000e+00
      3.728      0.006     5.3864     49.412     36.521  26.729005     3.4578      7.747   275.2766 2.1466e+00     9.5947      3.656      5.303    11.5897 0.0000e+00
      3.731      0.006     5.3822     49.415     36.519  26.727386     3.4549      7.747   275.3036 2.1452e+00     9.6054      3.659      5.307    11.5903 0.0000e+00
      3.734      0.007     5.3786     49.439     36.511  26.720910     3.3782      7.747   275.3186 2.1612e+00     9.5912      3.662      5.311    11.5923 0.0000e+00
