Data/DataNotYetUploadedToEDI/Raw_CTD/RawDownloads/102422_bvr50_S7809002.cnv
* Sea-Bird SBE19plus  Data File:
* FileName = C:\R\Reservoirs\Data\DataNotYetUploadedToEDI\Raw_CTD\RawDownloads\101722_fcr50_S7809_0002.hex
* Software version 2.8.0.119
* Temperature SN = 7809
* Conductivity SN = 7809
* System UpLoad Time = Oct 26 2022 16:53:57
* <ApplicationData>
* <Seaterm232>
# nquan = 15
# nvalues = 2354                        
# units = specified
# name 0 = depFM: Depth [fresh water, m]
# name 1 = dz/dtM: Descent Rate [m/s]
# name 2 = sbeox0Mg/L: Oxygen, SBE 43 [mg/l]
# name 3 = sbeox0PS: Oxygen, SBE 43 [% saturation]
# name 4 = specc: Specific Conductance [uS/cm]
# name 5 = c0uS/cm: Conductivity [uS/cm]
# name 6 = flECO-AFL: Fluorescence, WET Labs ECO-AFL/FL [mg/m^3]
# name 7 = ph: pH
# name 8 = orp: Oxidation Reduction Potential [mV]
# name 9 = par/sat/log: PAR/Logarithmic, Satlantic
# name 10 = turbWETntu0: Turbidity, WET Labs ECO [NTU]
# name 11 = prdM: Pressure, Strain Gauge [db]
# name 12 = prdE: Pressure, Strain Gauge [psi]
# name 13 = tv290C: Temperature [ITS-90, deg C]
# name 14 = flag:  0.000e+00
# span 0 =     -0.695,      7.316       
# span 1 =     -0.314,      0.300       
# span 2 =     0.4741,     8.3525       
# span 3 =      4.340,     78.888       
# span 4 =      5.685,    165.984       
# span 5 =   4.705294, 119.397573       
# span 6 =    -2.0223,     4.9518       
# span 7 =     -2.558,      8.697       
# span 8 =  -865.5375,  1008.7596       
# span 9 = 1.2363e-01, 2.3235e+03       
# span 10 =    -1.1473,    42.9802      
# span 11 =     -0.682,      7.175      
# span 12 =     -0.989,     10.407      
# span 13 =    10.8961,    16.3848      
# span 14 = 0.0000e+00, 0.0000e+00      
# interval = seconds: 0.25
# start_time = Oct 24 2022 07:57:09 [Instrument's time stamp, header]
# bad_flag = -9.990e-29
*END*
[from data line 1928]
      5.921      0.011     4.0793     37.144     37.707  27.325173     2.6187      7.601   281.1248 1.2380e-01    11.9662      5.808      8.423    11.2303 0.0000e+00
      5.921      0.013     4.0791     37.137     37.709  27.326202     2.5629      7.601   281.0987 1.2377e-01    11.9436      5.807      8.420    11.2304 0.0000e+00
      5.923      0.013     4.0737     37.150     37.694  27.314668     2.5221      7.600   281.0870 1.2371e-01    11.9733      5.806      8.420    11.2303 0.0000e+00
      5.929      0.013     4.0761     37.169     37.692  27.312486     2.5171      7.600   281.0698 1.2363e-01    12.0179      5.814      8.432    11.2308 0.0000e+00
      5.937      0.013     4.0732     37.179     37.673  27.299819     2.5186      7.600   280.9767 1.2363e-01    12.0389      5.824      8.446    11.2315 0.0000e+00
      5.941      0.012     4.0717     37.185     37.655  27.288287     2.4988      7.599   280.9936 1.2371e-01    11.9885      5.827      8.452    11.2310 0.0000e+00
      5.941      0.011     4.0743     37.197     37.670  27.299831     2.4695      7.599   281.1025 1.2376e-01    11.9205      5.826      8.450    11.2291 0.0000e+00
      5.941      0.010     4.0774     37.211     37.686  27.312611     2.4643      7.599   281.0893 1.2376e-01    11.9344      5.825      8.449    11.2288 0.0000e+00
      5.943      0.010     4.0777     37.217     37.691  27.316049     2.4947      7.599   281.0917 1.2376e-01    11.9855      5.828      8.451    11.2303 0.0000e+00
      5.946      0.012     4.0775     37.210     37.726  27.341403     2.5453      7.598   281.2179 1.2376e-01    11.9915      5.831      8.457    11.2319 0.0000e+00
      5.949      0.015     4.0796     37.209     37.760  27.365615     2.5761      7.598   281.2389 1.2379e-01    11.9728      5.833      8.461    11.2329 0.0000e+00
      5.954      0.018     4.0806     37.219     37.745  27.355244     2.5764      7.598   281.1726 1.2382e-01    11.9638      5.838      8.468    11.2342 0.0000e+00
      5.959      0.020     4.0825     37.226     37.728  27.342776     2.5735      7.598   281.1909 1.2382e-01    11.9522      5.844      8.477    11.2347 0.0000e+00
      5.964      0.022     4.0801     37.236     37.727  27.341642     2.5736      7.597   281.2874 1.2378e-01    11.9345      5.847      8.482    11.2337 0.0000e+00
      5.969      0.022     4.0797     37.250     37.727  27.341528     2.5705      7.595   281.3935 1.2379e-01    11.9210      5.853      8.489    11.2342 0.0000e+00
      5.976      0.022     4.0822     37.253     37.727  27.341405     2.5770      7.593   281.3551 1.2382e-01    11.9260      5.860      8.499    11.2345 0.0000e+00
      5.984      0.021     4.0823     37.237     37.723  27.340156     2.5859      7.593   281.2526 1.2379e-01    11.9602      5.868      8.511    11.2339 0.0000e+00
      5.990      0.020     4.0830     37.211     37.702  27.326430     2.5200      7.593   281.2732 1.2374e-01    11.9931      5.876      8.522    11.2331 0.0000e+00
      5.993      0.017     4.0861     37.196     37.667  27.302220     2.3792      7.593   281.3466 1.2373e-01    11.9825      5.878      8.525    11.2320 0.0000e+00
      5.996      0.014     4.0864     37.203     37.663  27.300972     2.2900      7.593   281.3652 1.2378e-01    11.9343      5.879      8.528    11.2325 0.0000e+00
      5.999      0.012     4.0841     37.219     37.677  27.311344     2.2815      7.594   281.3257 1.2381e-01    11.9227      5.883      8.533    11.2348 0.0000e+00
      6.002      0.011     4.0801     37.235     37.662  27.300857     2.3184      7.594   281.2993 1.2382e-01    11.9792      5.886      8.537    11.2374 0.0000e+00
      6.004      0.012     4.0770     37.247     37.662  27.300952     2.3865      7.593   281.3900 1.2382e-01    12.0358      5.888      8.540    11.2399 0.0000e+00
      6.006      0.013     4.0794     37.259     37.679  27.312486     2.4228      7.592   281.4765 1.2379e-01    12.0267      5.890      8.543    11.2415 0.0000e+00
      6.009      0.015     4.0808     37.283     37.682  27.313545     2.4083      7.592   281.4844 1.2379e-01    11.9709      5.892      8.546    11.2424 0.0000e+00
      6.014      0.019     4.0825     37.303     37.684  27.313746     2.3691      7.592   281.4863 1.2384e-01    12.0104      5.897      8.552    11.2424 0.0000e+00
      6.019      0.024     4.0843     37.290     37.687  27.314916     2.3231      7.592   281.4131 1.2384e-01    12.1635      5.903      8.562    11.2419 0.0000e+00
      6.024      0.030     4.0844     37.259     37.708  27.327698     2.3018      7.592   281.3741 1.2384e-01    12.2507      5.908      8.568    11.2408 0.0000e+00
      6.031      0.037     4.0879     37.234     37.731  27.341509     2.2946      7.592   281.4448 1.2385e-01    12.2440      5.914      8.576    11.2390 0.0000e+00
      6.041      0.043     4.0925     37.208     37.754  27.355130     2.3110      7.593   281.5792 1.2380e-01    12.2187      5.923      8.590    11.2379 0.0000e+00
      6.054      0.048     4.0900     37.187     37.770  27.365618     2.3663      7.593   281.7082 1.2373e-01    12.2190      5.936      8.609    11.2369 0.0000e+00
      6.070      0.053     4.0851     37.172     37.738  27.341531     2.4060      7.592   281.6281 1.2367e-01    12.2473      5.953      8.635    11.2337 0.0000e+00
      6.085      0.057     4.0844     37.131     37.706  27.317445     2.4085      7.592   281.4717 1.2370e-01    12.2543      5.970      8.658    11.2291 0.0000e+00
      6.098      0.060     4.0811     37.058     37.722  27.327941     2.4038      7.592   281.3662 1.2376e-01    12.2348      5.981      8.674    11.2259 0.0000e+00
      6.113      0.062     4.0780     36.989     37.742  27.341667     2.4238      7.592   281.2986 1.2374e-01    12.3878      5.993      8.693    11.2240 0.0000e+00
      6.130      0.062     4.0792     36.952     37.764  27.356631     2.4601      7.592   281.3425 1.2377e-01    12.7031      6.011      8.719    11.2225 0.0000e+00
      6.147      0.062     4.0748     36.918     37.800  27.382099     2.4757      7.591   281.3801 1.2383e-01    12.8692      6.029      8.744    11.2214 0.0000e+00
      6.164      0.062     4.0651     36.861     37.820  27.396043     2.4710      7.591   281.3240 1.2382e-01    12.9278      6.044      8.767    11.2203 0.0000e+00
      6.180      0.062     4.0559     36.809     37.825  27.398455     2.4696      7.591   281.2658 1.2379e-01    13.0018      6.061      8.791    11.2193 0.0000e+00
      6.195      0.062     4.0534     36.777     37.844  27.411255     2.4757      7.591   281.2784 1.2378e-01    13.0818      6.077      8.812    11.2184 0.0000e+00
      6.209      0.062     4.0524     36.743     37.863  27.424038     2.4784      7.591   281.3042 1.2380e-01    13.1091      6.088      8.830    11.2177 0.0000e+00
      6.224      0.062     4.0434     36.696     37.868  27.426231     2.4773      7.591   281.3201 1.2385e-01    13.0921      6.102      8.850    11.2165 0.0000e+00
      6.241      0.063     4.0369     36.637     37.884  27.437766     2.4710      7.592   281.3837 1.2386e-01    13.2870      6.120      8.877    11.2149 0.0000e+00
      6.258      0.066     4.0357     36.556     37.883  27.436738     2.4682      7.592   281.4715 1.2389e-01    13.6548      6.138      8.902    11.2137 0.0000e+00
      6.275      0.070     4.0320     36.462     37.853  27.413794     2.4776      7.592   281.4352 1.2392e-01    13.8494      6.154      8.925    11.2122 0.0000e+00
      6.291      0.073     4.0266     36.377     37.853  27.413899     2.4766      7.592   281.3757 1.2384e-01    13.8295      6.168      8.946    11.2108 0.0000e+00
      6.309      0.074     4.0211     36.288     37.887  27.438015     2.4475      7.591   281.4401 1.2381e-01    13.6885      6.187      8.972    11.2098 0.0000e+00
      6.331      0.073     4.0124     36.187     37.907  27.451835     2.4170      7.589   281.4392 1.2389e-01    13.5102      6.209      9.005    11.2092 0.0000e+00
      6.353      0.070     3.9995     36.098     37.912  27.454216     2.4159      7.589   281.3653 1.2392e-01    13.4494      6.232      9.038    11.2089 0.0000e+00
      6.373      0.065     3.9920     36.023     37.931  27.466797     2.4170      7.590   281.4070 1.2385e-01    13.5003      6.251      9.066    11.2086 0.0000e+00
      6.389      0.057     3.9834     35.953     37.946  27.477180     2.3894      7.590   281.5125 1.2380e-01    13.4423      6.266      9.088    11.2079 0.0000e+00
      6.402      0.048     3.9699     35.897     37.914  27.452981     2.3564      7.590   281.6093 1.2382e-01    13.2605      6.279      9.107    11.2068 0.0000e+00
      6.412      0.040     3.9606     35.853     37.879  27.427751     2.3513      7.590   281.7162 1.2387e-01    13.1815      6.289      9.121    11.2056 0.0000e+00
      6.419      0.035     3.9536     35.823     37.877  27.425674     2.3611      7.589   281.7724 1.2394e-01    13.1698      6.296      9.131    11.2040 0.0000e+00
      6.425      0.030     3.9445     35.799     37.881  27.427864     2.3578      7.587   281.6874 1.2395e-01    13.1198      6.300      9.136    11.2026 0.0000e+00
      6.432      0.026     3.9394     35.764     37.918  27.454238     2.3453      7.587   281.5489 1.2389e-01    13.1570      6.307      9.147    11.2020 0.0000e+00
      6.441      0.024     3.9344     35.734     37.969  27.491013     2.3431      7.586   281.5601 1.2378e-01    13.3126      6.318      9.164    11.2015 0.0000e+00
      6.447      0.024     3.9305     35.705     37.971  27.492176     2.3561      7.585   281.6502 1.2372e-01    13.4300      6.324      9.172    11.2006 0.0000e+00
      6.451      0.023     3.9308     35.676     37.938  27.468296     2.3694      7.584   281.6921 1.2376e-01    13.4833      6.326      9.174    11.1996 0.0000e+00
      6.455      0.021     3.9242     35.646     37.922  27.455846     2.3952      7.584   281.7226 1.2381e-01    13.5472      6.330      9.180    11.1990 0.0000e+00
      6.461      0.020     3.9223     35.610     37.940  27.468420     2.4356      7.583   281.8475 1.2384e-01    13.6212      6.336      9.190    11.1990 0.0000e+00
      6.468      0.020     3.9189     35.597     37.975  27.493548     2.4580      7.582   281.9975 1.2384e-01    13.6602      6.344      9.201    11.1990 0.0000e+00
      6.473      0.021     3.9151     35.602     37.993  27.506111     2.4660      7.581   281.9874 1.2383e-01    13.6776      6.349      9.208    11.1987 0.0000e+00
      6.478      0.022     3.9141     35.594     37.975  27.493548     2.4485      7.581   281.9829 1.2383e-01    13.7291      6.351      9.211    11.1980 0.0000e+00
      6.483      0.025     3.9064     35.580     37.940  27.468422     2.3961      7.582   282.0295 1.2380e-01    13.8046      6.357      9.219    11.1974 0.0000e+00
      6.489      0.030     3.9062     35.567     37.923  27.455861     2.3576      7.582   281.9495 1.2373e-01    13.8391      6.363      9.229    11.1968 0.0000e+00
      6.495      0.036     3.9093     35.544     37.940  27.468450     2.3500      7.581   281.9614 1.2370e-01    13.8392      6.369      9.237    11.1964 0.0000e+00
      6.505      0.041     3.9065     35.509     37.974  27.493855     2.3367      7.581   282.0876 1.2370e-01    13.8395      6.378      9.250    11.1967 0.0000e+00
      6.519      0.045     3.9050     35.480     37.996  27.509495     2.3049      7.581   282.0125 1.2371e-01    13.8086      6.392      9.271    11.1970 0.0000e+00
      6.533      0.049     3.9043     35.456     38.028  27.530765     2.2903      7.581   281.9132 1.2378e-01    13.8070      6.409      9.295    11.1960 0.0000e+00
      6.547      0.051     3.9022     35.440     38.073  27.560870     2.2933      7.581   281.9206 1.2380e-01    13.8554      6.420      9.312    11.1964 0.0000e+00
      6.560      0.052     3.8967     35.435     38.070  27.556546     2.2830      7.581   281.8439 1.2380e-01    13.8125      6.433      9.330    11.1990 0.0000e+00
      6.572      0.056     3.8937     35.404     38.051  27.541867     2.2737      7.581   281.7599 1.2383e-01    13.6982      6.446      9.349    11.1987 0.0000e+00
      6.584      0.062     3.8922     35.343     38.096  27.573562     2.2812      7.581   281.6787 1.2381e-01    13.6346      6.456      9.363    11.1953 0.0000e+00
      6.597      0.067     3.8886     35.273     38.165  27.622827     2.2990      7.581   281.5502 1.2376e-01    13.6236      6.468      9.380    11.1923 0.0000e+00
      6.616      0.071     3.8919     35.193     38.176  27.630425     2.3132      7.580   281.5827 1.2374e-01    13.6004      6.486      9.407    11.1898 0.0000e+00
      6.639      0.072     3.8883     35.108     38.138  27.602030     2.3282      7.580   281.8133 1.2376e-01    13.5594      6.512      9.444    11.1876 0.0000e+00
      6.664      0.069     3.8797     35.020     38.132  27.596450     2.3476      7.580   282.0158 1.2377e-01    13.5370      6.538      9.481    11.1869 0.0000e+00
      6.684      0.064     3.8735     34.931     38.174  27.626335     2.3477      7.580   281.9660 1.2375e-01    13.5347      6.557      9.510    11.1864 0.0000e+00
      6.697      0.057     3.8636     34.839     38.204  27.646443     2.3464      7.579   281.8142 1.2377e-01    13.6005      6.569      9.528    11.1854 0.0000e+00
      6.707      0.049     3.8547     34.744     38.210  27.649405     2.3729      7.578   281.8155 1.2377e-01    13.6828      6.577      9.539    11.1840 0.0000e+00
      6.716      0.043     3.8452     34.655     38.230  27.662144     2.3939      7.578   281.8950 1.2372e-01    13.6762      6.585      9.552    11.1828 0.0000e+00
      6.726      0.040     3.8352     34.578     38.249  27.673694     2.3844      7.577   282.0016 1.2366e-01    13.6227      6.596      9.567    11.1817 0.0000e+00
      6.737      0.039     3.8260     34.505     38.234  27.662276     2.3748      7.577   281.9858 1.2367e-01    13.5825      6.607      9.583    11.1798 0.0000e+00
      6.747      0.041     3.8149     34.431     38.216  27.650856     2.3855      7.578   281.8761 1.2372e-01    13.6340      6.617      9.596    11.1774 0.0000e+00
      6.757      0.044     3.8048     34.364     38.229  27.662400     2.4051      7.578   281.7932 1.2373e-01    13.7673      6.626      9.611    11.1754 0.0000e+00
      6.767      0.046     3.7974     34.301     38.245  27.675078     2.4123      7.578   281.7581 1.2378e-01    13.8283      6.635      9.624    11.1732 0.0000e+00
      6.777      0.047     3.7897     34.247     38.250  27.677363     2.4057      7.576   281.8818 1.2385e-01    13.8244      6.645      9.637    11.1715 0.0000e+00
      6.792      0.045     3.7807     34.205     38.267  27.690031     2.3842      7.575   281.9985 1.2391e-01    13.7881      6.660      9.659    11.1737 0.0000e+00
      6.809      0.040     3.7733     34.152     38.282  27.701471     2.3433      7.575   281.9642 1.2391e-01    13.6977      6.679      9.687    11.1786 0.0000e+00
      6.822      0.034     3.7664     34.097     38.265  27.688907     2.3113      7.575   281.8975 1.2383e-01    13.6194      6.693      9.706    11.1793 0.0000e+00
      6.828      0.027     3.7595     34.068     38.235  27.664905     2.2958      7.574   281.9662 1.2374e-01    13.5930      6.697      9.713    11.1758 0.0000e+00
      6.829      0.022     3.7570     34.052     38.237  27.664812     2.2810      7.572   282.1070 1.2373e-01    13.6857      6.697      9.714    11.1757 0.0000e+00
      6.830      0.020     3.7511     34.032     38.269  27.687780     2.2664      7.571   282.1367 1.2378e-01    13.8532      6.697      9.714    11.1783 0.0000e+00
      6.833      0.023     3.7418     34.018     38.270  27.689049     2.2439      7.572   282.0677 1.2378e-01    13.9093      6.699      9.717    11.1777 0.0000e+00
      6.838      0.030     3.7412     34.014     38.257  27.680162     2.2250      7.572   282.0467 1.2377e-01    13.8856      6.705      9.725    11.1748 0.0000e+00
