Data/DataNotYetUploadedToEDI/Raw_CTD/RawDownloads/102423_fcr50_S7809002.cnv
* Sea-Bird SBE19plus  Data File:
* FileName = C:\R\Reservoirs\Data\DataNotYetUploadedToEDI\Raw_CTD\RawDownloads\102423_bvr50_S7809_0002.hex
* Software version 2.8.0.119
* Temperature SN = 7809
* Conductivity SN = 7809
* System UpLoad Time = Oct 30 2023 21:45:59
* <ApplicationData>
* <Seaterm232>
# nquan = 15
# nvalues = 2878                        
# units = specified
# name 0 = depFM: Depth [fresh water, m]
# name 1 = dz/dtM: Descent Rate [m/s]
# name 2 = sbeox0Mg/L: Oxygen, SBE 43 [mg/l]
# name 3 = sbeox0PS: Oxygen, SBE 43 [% saturation]
# name 4 = specc: Specific Conductance [uS/cm]
# name 5 = c0uS/cm: Conductivity [uS/cm]
# name 6 = flECO-AFL: Fluorescence, WET Labs ECO-AFL/FL [mg/m^3]
# name 7 = ph: pH
# name 8 = orp: Oxidation Reduction Potential [mV]
# name 9 = par/sat/log: PAR/Logarithmic, Satlantic
# name 10 = turbWETntu0: Turbidity, WET Labs ECO [NTU]
# name 11 = prdM: Pressure, Strain Gauge [db]
# name 12 = prdE: Pressure, Strain Gauge [psi]
# name 13 = tv290C: Temperature [ITS-90, deg C]
# name 14 = flag:  0.000e+00
# span 0 =     -0.556,      9.589       
# span 1 =     -0.243,      0.177       
# span 2 =     4.7598,    10.0842       
# span 3 =     45.059,     98.841       
# span 4 =      0.676,     74.514       
# span 5 =   0.592112,  56.363309       
# span 6 =    -0.1577,    10.1561       
# span 7 =      4.617,      9.575       
# span 8 =   -87.2542,  1240.2295       
# span 9 = 1.2366e-01, 9.5004e+02       
# span 10 =    -0.3570,    92.5053      
# span 11 =     -0.545,      9.404      
# span 12 =     -0.792,     13.640      
# span 13 =    12.7926,    18.7678      
# span 14 = 0.0000e+00, 0.0000e+00      
# interval = seconds: 0.25
# start_time = Oct 24 2023 14:17:14 [Instrument's time stamp, header]
# bad_flag = -9.990e-29
*END*
[from data line 1928]
      5.492      0.086     7.5064     71.489     52.655  40.460659     5.8497      6.722   300.3850 8.6420e-01     4.8993      5.387      7.813    13.4584 0.0000e+00
      5.514      0.081     7.4948     71.280     53.414  41.022831     5.7805      6.722   300.2302 8.5301e-01     4.8789      5.410      7.847    13.4450 0.0000e+00
      5.533      0.076     7.4890     71.070     54.255  41.646931     5.6634      6.722   300.5581 8.3431e-01     4.8722      5.425      7.869    13.4388 0.0000e+00
      5.552      0.071     7.4836     70.840     54.710  41.977035     5.5913      6.721   300.8220 8.0910e-01     4.8866      5.444      7.896    13.4347 0.0000e+00
      5.571      0.066     7.4607     70.564     54.473  41.777110     5.5660      6.719   300.9258 7.9822e-01     4.8817      5.465      7.926    13.4209 0.0000e+00
      5.588      0.062     7.4434     70.203     53.818  41.260673     5.4823      6.719   300.9525 7.9483e-01     4.9155      5.481      7.949    13.3974 0.0000e+00
      5.601      0.059     7.4255     69.722     53.322  40.873837     5.3290      6.718   300.8007 7.8920e-01     5.0562      5.494      7.967    13.3763 0.0000e+00
      5.613      0.056     7.4051     69.118     53.200  40.781073     5.2525      6.718   300.6392 7.9023e-01     5.1825      5.504      7.983    13.3599 0.0000e+00
      5.627      0.055     7.3807     68.464     53.189  40.773754     5.2470      6.718   300.7202 7.8513e-01     5.1786      5.516      8.001    13.3424 0.0000e+00
      5.642      0.057     7.3469     67.860     53.368  40.912282     5.2706      6.718   301.1787 7.5885e-01     5.1117      5.533      8.025    13.3260 0.0000e+00
      5.657      0.061     7.2979     67.332     54.059  41.440509     5.3469      6.718   301.6219 7.3617e-01     5.0909      5.549      8.047    13.3217 0.0000e+00
      5.671      0.067     7.2323     66.941     55.573  42.590754     5.4042      6.718   301.6054 7.2765e-01     5.1309      5.560      8.065    13.3250 0.0000e+00
      5.686      0.072     7.1560     66.718     57.970  44.410316     5.4304      6.718   301.4093 7.2275e-01     5.1867      5.574      8.085    13.3262 0.0000e+00
      5.706      0.076     7.0964     66.646     60.230  46.111597     5.5054      6.717   301.3154 7.2040e-01     5.2190      5.594      8.114    13.3273 0.0000e+00
      5.729      0.080     7.0359     66.692     61.600  47.100342     5.6208      6.717   301.8466 7.0965e-01     5.2475      5.618      8.149    13.3297 0.0000e+00
      5.753      0.081     6.9949     66.703     62.544  47.731213     5.6849      6.715   302.8421 6.8615e-01     5.2930      5.642      8.183    13.3194 0.0000e+00
      5.774      0.080     6.9780     66.523     63.216  48.152344     5.6978      6.712   303.2847 6.6351e-01     5.3586      5.664      8.215    13.3018 0.0000e+00
      5.794      0.076     6.9687     66.031     63.615  48.382747     5.7017      6.708   303.0689 6.5407e-01     5.3923      5.684      8.244    13.2881 0.0000e+00
      5.813      0.071     6.9913     65.117     63.985  48.612188     5.7074      6.706   302.7277 6.4628e-01     5.3925      5.700      8.267    13.2387 0.0000e+00
      5.831      0.066     7.0100     63.734     64.242  48.767733     5.7250      6.704   303.0316 6.3674e-01     5.4637      5.718      8.293    13.1545 0.0000e+00
      5.847      0.062     7.0073     61.959     64.416  48.866578     5.7394      6.701   303.9034 6.3769e-01     5.5364      5.735      8.318    13.0771 0.0000e+00
      5.861      0.060     6.9695     59.990     64.601  48.981870     5.7400      6.698   304.3205 6.3409e-01     5.5537      5.749      8.338    13.0186 0.0000e+00
      5.874      0.060     6.8807     58.026     64.760  49.082319     5.7077      6.696   304.2030 6.1901e-01     5.6047      5.761      8.356    12.9808 0.0000e+00
      5.887      0.060     6.7380     56.216     64.928  49.192173     5.6405      6.695   304.2899 6.0868e-01     5.6749      5.771      8.371    12.9512 0.0000e+00
      5.903      0.064     6.5443     54.685     65.083  49.294184     5.6017      6.691   304.7685 6.0306e-01     5.6850      5.789      8.396    12.9252 0.0000e+00
      5.921      0.071     6.3326     53.513     65.192  49.363294     5.5965      6.687   305.3439 5.8540e-01     5.6585      5.808      8.423    12.9068 0.0000e+00
      5.936      0.077     6.1218     52.712     65.245  49.392833     5.6029      6.683   306.1705 5.6080e-01     5.6622      5.820      8.441    12.8918 0.0000e+00
      5.956      0.079     5.9280     52.228     65.262  49.397346     5.6286      6.678   307.8800 5.4868e-01     5.6957      5.837      8.465    12.8787 0.0000e+00
      5.982      0.078     5.7641     51.970     65.297  49.417844     5.6494      6.674   310.0103 5.4100e-01     5.7217      5.866      8.508    12.8668 0.0000e+00
      6.009      0.077     5.6417     51.869     65.346  49.450187     5.6625      6.670   311.3641 5.2875e-01     5.7024      5.897      8.554    12.8562 0.0000e+00
      6.028      0.076     5.5600     51.875     65.378  49.470917     5.7120      6.665   312.1172 5.1955e-01     5.7019      5.914      8.578    12.8481 0.0000e+00
      6.039      0.073     5.5138     51.930     65.390  49.478007     5.7987      6.661   312.8343 5.1376e-01     5.7834      5.921      8.588    12.8419 0.0000e+00
      6.054      0.069     5.4895     52.008     65.385  49.472408     5.8528      6.657   313.1520 5.0131e-01     5.8342      5.934      8.607    12.8371 0.0000e+00
      6.075      0.067     5.4801     52.105     65.379  49.466715     5.8590      6.652   313.0332 4.8207e-01     5.8377      5.957      8.641    12.8336 0.0000e+00
      6.095      0.069     5.4846     52.225     65.388  49.472665     5.8154      6.645   313.2047 4.7203e-01     5.9627      5.979      8.672    12.8313 0.0000e+00
      6.111      0.072     5.4906     52.335     65.399  49.480861     5.7259      6.639   313.7628 4.7105e-01     6.1847      5.994      8.694    12.8297 0.0000e+00
      6.126      0.073     5.5000     52.421     65.429  49.502319     5.6746      6.636   314.5327 4.6779e-01     6.3350      6.006      8.712    12.8283 0.0000e+00
      6.145      0.074     5.5085     52.509     65.483  49.541623     5.6702      6.632   315.0280 4.5870e-01     6.4134      6.025      8.738    12.8275 0.0000e+00
      6.167      0.077     5.5237     52.594     65.530  49.575117     5.5723      6.626   315.3637 4.4049e-01     6.7226      6.051      8.776    12.8272 0.0000e+00
      6.187      0.084     5.5367     52.663     65.552  49.589811     5.3733      6.621   316.4403 4.2796e-01     7.2727      6.069      8.803    12.8267 0.0000e+00
      6.204      0.090     5.5430     52.716     65.558  49.592282     5.2534      6.617   317.7206 4.1436e-01     7.5310      6.081      8.820    12.8258 0.0000e+00
      6.226      0.095     5.5535     52.741     65.578  49.604998     5.2300      6.612   318.4536 3.8450e-01     7.4886      6.102      8.850    12.8248 0.0000e+00
      6.256      0.099     5.5637     52.742     65.595  49.616563     5.2065      6.607   318.5929 3.6318e-01     7.5106      6.134      8.897    12.8236 0.0000e+00
      6.287      0.102     5.5703     52.738     65.582  49.605125     5.0191      6.603   318.3724 3.5766e-01     8.1734      6.167      8.945    12.8219 0.0000e+00
      6.314      0.101     5.5771     52.734     65.568  49.593685     4.6791      6.599   318.3683 3.4883e-01     9.4219      6.192      8.982    12.8200 0.0000e+00
      6.339      0.096     5.5801     52.732     65.584  49.605240     4.4751      6.595   318.7155 3.3637e-01    10.1045      6.215      9.014    12.8184 0.0000e+00
      6.364      0.091     5.5789     52.733     65.602  49.617835     4.4080      6.591   319.3005 3.4089e-01    10.1417      6.242      9.053    12.8172 0.0000e+00
      6.386      0.086     5.5788     52.731     65.605  49.618981     4.2014      6.589   319.8491 3.4384e-01    10.3834      6.265      9.086    12.8163 0.0000e+00
      6.403      0.083     5.5785     52.733     65.606  49.619086     3.8577      6.586   319.8420 3.1637e-01    10.9437      6.279      9.107    12.8157 0.0000e+00
      6.421      0.080     5.5780     52.758     65.607  49.619106     3.6727      6.584   319.6446 2.8157e-01    11.3132      6.296      9.132    12.8148 0.0000e+00
      6.443      0.077     5.5787     52.792     65.608  49.619221     3.6630      6.581   320.0446 2.6938e-01    11.4014      6.319      9.164    12.8140 0.0000e+00
      6.467      0.073     5.5788     52.802     65.610  49.620480     3.6739      6.579   320.8057 2.6511e-01    11.4301      6.343      9.199    12.8134 0.0000e+00
      6.487      0.071     5.5770     52.781     65.630  49.634333     3.6798      6.577   321.1032 2.4229e-01    11.4549      6.363      9.229    12.8128 0.0000e+00
      6.504      0.071     5.5809     52.746     65.664  49.659723     3.6839      6.574   320.8882 2.2443e-01    11.5303      6.378      9.251    12.8125 0.0000e+00
      6.517      0.075     5.5861     52.722     65.683  49.673473     3.6824      6.571   320.6153 2.2322e-01    11.6924      6.391      9.270    12.8120 0.0000e+00
      6.530      0.080     5.5875     52.708     65.685  49.673598     3.4948      6.568   320.9869 2.1402e-01    12.3901      6.402      9.285    12.8114 0.0000e+00
      6.548      0.083     5.5845     52.686     65.670  49.661232     3.1225      6.565   321.9405 1.9366e-01    13.5097      6.417      9.307    12.8109 0.0000e+00
      6.577      0.084     5.5796     52.671     65.657  49.650947     2.9090      6.562   322.3360 1.6941e-01    14.0593      6.448      9.352    12.8106 0.0000e+00
      6.609      0.082     5.5770     52.674     65.692  49.676231     2.8864      6.560   322.2418 1.5603e-01    14.1166      6.485      9.406    12.8101 0.0000e+00
      6.633      0.078     5.5773     52.656     65.741  49.712963     2.8908      6.558   322.5223 1.5512e-01    14.2363      6.509      9.441    12.8095 0.0000e+00
      6.648      0.072     5.5742     52.605     65.743  49.714100     2.8956      6.556   323.0602 1.5264e-01    14.3803      6.522      9.458    12.8084 0.0000e+00
      6.658      0.065     5.5706     52.544     65.712  49.689971     2.8944      6.553   323.3249 1.4793e-01    14.4221      6.529      9.468    12.8076 0.0000e+00
      6.670      0.060     5.5747     52.498     65.692  49.675201     2.8850      6.551   323.3149 1.3873e-01    14.3999      6.539      9.484    12.8071 0.0000e+00
      6.686      0.059     5.5728     52.475     65.675  49.662505     2.8730      6.549   323.1968 1.3066e-01    14.3857      6.556      9.509    12.8067 0.0000e+00
      6.705      0.059     5.5660     52.457     65.677  49.663450     2.8738      6.547   323.0145 1.3278e-01    14.4901      6.576      9.538    12.8064 0.0000e+00
      6.723      0.060     5.5592     52.446     65.707  49.686633     2.8951      6.545   323.0040 1.3492e-01    14.7732      6.594      9.564    12.8061 0.0000e+00
      6.738      0.060     5.5530     52.468     65.710  49.688826     2.9140      6.544   323.3279 1.2985e-01    14.9395      6.609      9.585    12.8058 0.0000e+00
      6.751      0.059     5.5525     52.507     65.712  49.689971     2.9029      6.543   323.5756 1.2578e-01    14.8955      6.621      9.603    12.8059 0.0000e+00
      6.762      0.058     5.5508     52.534     65.726  49.700474     2.8934      6.542   323.1596 1.2509e-01    14.7195      6.630      9.617    12.8060 0.0000e+00
      6.777      0.056     5.5470     52.551     65.710  49.688826     2.9160      6.539   322.5999 1.2501e-01    14.4847      6.645      9.639    12.8059 0.0000e+00
      6.795      0.053     5.5507     52.561     65.693  49.676118     2.9431      6.537   322.7451 1.2491e-01    14.3797      6.664      9.666    12.8063 0.0000e+00
      6.812      0.050     5.5569     52.566     65.689  49.673818     2.9554      6.535   323.2803 1.2420e-01    14.3729      6.681      9.690    12.8062 0.0000e+00
      6.824      0.048     5.5581     52.566     65.672  49.661015     2.9227      6.534   323.8225 1.2378e-01    14.3674      6.693      9.708    12.8060 0.0000e+00
      6.833      0.047     5.5609     52.563     65.655  49.648307     2.8553      6.533   323.6218 1.2375e-01    14.3479      6.701      9.719    12.8060 0.0000e+00
      6.841      0.047     5.5614     52.560     65.654  49.647152     2.8229      6.531   322.7472 1.2376e-01    14.3077      6.708      9.729    12.8062 0.0000e+00
      6.851      0.051     5.5617     52.543     65.654  49.647047     2.8313      6.530   322.7980 1.2373e-01    14.3262      6.717      9.742    12.8064 0.0000e+00
      6.864      0.058     5.5624     52.512     65.654  49.647038     2.8733      6.528   323.5471 1.2373e-01    14.4686      6.731      9.762    12.8065 0.0000e+00
      6.880      0.067     5.5608     52.487     65.655  49.647047     2.9312      6.525   323.4589 1.2375e-01    14.6281      6.747      9.786    12.8066 0.0000e+00
      6.899      0.074     5.5621     52.455     65.655  49.647162     2.9488      6.523   322.5925 1.2376e-01    14.6833      6.764      9.811    12.8064 0.0000e+00
      6.921      0.076     5.5606     52.417     65.657  49.648420     2.9278      6.523   322.0198 1.2380e-01    14.6588      6.786      9.842    12.8063 0.0000e+00
      6.946      0.075     5.5550     52.396     65.675  49.662264     2.8527      6.522   322.0412 1.2381e-01    14.7414      6.812      9.880    12.8063 0.0000e+00
      6.967      0.073     5.5540     52.390     65.709  49.687557     2.7395      6.520   322.4208 1.2383e-01    14.9993      6.835      9.913    12.8062 0.0000e+00
      6.983      0.069     5.5511     52.401     65.727  49.700257     2.6828      6.516   322.8232 1.2389e-01    15.1802      6.849      9.934    12.8058 0.0000e+00
      6.998      0.066     5.5446     52.426     65.712  49.688818     2.6658      6.514   322.8632 1.2389e-01    15.1531      6.861      9.951    12.8059 0.0000e+00
      7.013      0.066     5.5438     52.432     65.696  49.676234     2.6508      6.513   322.5599 1.2386e-01    15.0466      6.877      9.974    12.8063 0.0000e+00
      7.028      0.067     5.5427     52.433     65.695  49.675091     2.6261      6.511   322.4254 1.2388e-01    15.0539      6.891      9.995    12.8061 0.0000e+00
      7.044      0.069     5.5429     52.442     65.695  49.674996     2.5754      6.508   323.0441 1.2386e-01    15.2076      6.905     10.015    12.8055 0.0000e+00
      7.064      0.069     5.5491     52.440     65.696  49.675090     2.5371      6.506   323.8453 1.2381e-01    15.3331      6.926     10.046    12.8049 0.0000e+00
      7.086      0.069     5.5478     52.448     65.698  49.676234     2.5214      6.503   323.7678 1.2377e-01    15.3761      6.951     10.081    12.8045 0.0000e+00
      7.105      0.072     5.5467     52.473     65.715  49.688828     2.4607      6.501   323.2253 1.2374e-01    15.4876      6.970     10.109    12.8042 0.0000e+00
      7.119      0.077     5.5506     52.483     65.730  49.700363     2.3598      6.499   323.0496 1.2376e-01    15.6921      6.983     10.127    12.8039 0.0000e+00
      7.131      0.080     5.5482     52.478     65.715  49.688716     2.3092      6.497   323.7944 1.2382e-01    15.8328      6.991     10.139    12.8037 0.0000e+00
      7.151      0.081     5.5480     52.469     65.697  49.674987     2.2982      6.494   325.0035 1.2382e-01    15.9255      7.008     10.165    12.8036 0.0000e+00
      7.180      0.080     5.5537     52.435     65.679  49.661353     2.2269      6.491   325.4512 1.2373e-01    16.3683      7.041     10.213    12.8036 0.0000e+00
      7.210      0.076     5.5540     52.400     65.665  49.650858     2.0885      6.489   325.1647 1.2369e-01    17.1559      7.073     10.260    12.8033 0.0000e+00
      7.230      0.070     5.5521     52.389     65.697  49.675093     2.0065      6.488   325.1530 1.2377e-01    17.5918      7.094     10.288    12.8031 0.0000e+00
