Data/DataNotYetUploadedToEDI/Raw_CTD/RawDownloads/102423_bvr50_S8188001.cnv
* Sea-Bird SBE19plus  Data File:
* FileName = C:\R\Reservoirs\Data\DataNotYetUploadedToEDI\Raw_CTD\RawDownloads\102423_bvr50_S8188_0001.hex
* Software version 2.8.0.119
* Temperature SN = 8188
* Conductivity SN = 8188
* System UpLoad Time = Oct 30 2023 22:19:57
* <ApplicationData>
* <Seaterm232>
# nquan = 16
# nvalues = 3285                        
# units = specified
# name 0 = depFM: Depth [fresh water, m]
# name 1 = dz/dtM: Descent Rate [m/s]
# name 2 = sbeox0Mg/L: Oxygen, SBE 43 [mg/l]
# name 3 = sbeox0PS: Oxygen, SBE 43 [% saturation]
# name 4 = specc: Specific Conductance [uS/cm]
# name 5 = c0uS/cm: Conductivity [uS/cm]
# name 6 = wetCDOM: Fluorescence, WET Labs CDOM [mg/m^3]
# name 7 = flECO-AFL: Fluorescence, WET Labs ECO-AFL/FL [mg/m^3]
# name 8 = flECO-AFL1: Fluorescence, WET Labs ECO-AFL/FL, 2 [mg/m^3]
# name 9 = flECO-AFL2: Fluorescence, WET Labs ECO-AFL/FL, 3 [mg/m^3]
# name 10 = par/sat/log: PAR/Logarithmic, Satlantic
# name 11 = turbWETntu0: Turbidity, WET Labs ECO [NTU]
# name 12 = prdM: Pressure, Strain Gauge [db]
# name 13 = prdE: Pressure, Strain Gauge [psi]
# name 14 = tv290C: Temperature [ITS-90, deg C]
# name 15 = flag:  0.000e+00
# span 0 =     -0.563,      9.450       
# span 1 =     -0.353,      0.199       
# span 2 =    -0.1845,     6.8431       
# span 3 =     -1.694,     65.999       
# span 4 =   -522.382,    300.284       
# span 5 =-374.569854, 219.083419       
# span 6 =    -4.5000,     9.9000       
# span 7 =    -0.3024,     2.8600       
# span 8 =    -2.1300,     1.8318       
# span 9 =    -2.0304,     1.0998       
# span 10 = 1.1590e-01, 8.7939e+02      
# span 11 =    -0.4835,    72.5028      
# span 12 =     -0.552,      9.267      
# span 13 =     -0.800,     13.440      
# span 14 =    10.1839,    13.7318      
# span 15 = 0.0000e+00, 0.0000e+00      
# interval = seconds: 0.25
# start_time = Oct 24 2023 10:38:29 [Instrument's time stamp, header]
# bad_flag = -9.990e-29
*END*
[from data line 2984]
      6.602     -0.172     0.1078      1.118    298.077 213.299931     3.3300     1.1739     0.5964     0.5076 1.1628e-01    19.0857      6.474      9.389    10.7721 0.0000e+00
      6.564     -0.165     0.1123      1.135    298.088 213.315156     3.3300     1.1663     0.5964     0.5076 1.1610e-01    18.9505      6.437      9.336    10.7733 0.0000e+00
      6.527     -0.168     0.1168      1.145    298.096 213.327566     3.3300     1.1434     0.5964     0.5076 1.1607e-01    18.9805      6.401      9.283    10.7745 0.0000e+00
      6.488     -0.180     0.1208      1.152    298.099 213.336476     4.6800     0.9832     0.6390     0.5499 1.1615e-01    25.8343      6.362      9.227    10.7756 0.0000e+00
      6.444     -0.198     0.1237      1.154    298.106 213.348258     4.6800     0.9832     0.6390     0.5499 1.1607e-01    25.7291      6.319      9.165    10.7768 0.0000e+00
      6.392     -0.217     0.1257      1.153    298.115 213.362060     4.6800     0.9793     0.6390     0.5499 1.1623e-01    25.7591      6.269      9.092    10.7779 0.0000e+00
      6.331     -0.232     0.1268      1.150    298.116 213.369575     4.6800     0.9793     0.6390     0.5499 1.1620e-01    25.8343      6.209      9.006    10.7791 0.0000e+00
      6.263     -0.238     0.1276      1.149    298.117 213.376804     4.8600     0.9946     0.5538     0.4653 1.1620e-01    26.2852      6.142      8.908    10.7803 0.0000e+00
      6.192     -0.234     0.1278      1.150    298.125 213.389671     4.8600     0.9793     0.5538     0.4653 1.1615e-01    26.3152      6.072      8.807    10.7814 0.0000e+00
      6.126     -0.220     0.1277      1.149    298.134 213.403616     4.8600     0.9717     0.5538     0.4653 1.1612e-01    26.3152      6.008      8.713    10.7826 0.0000e+00
      6.070     -0.198     0.1274      1.145    298.145 213.418361     4.8600     0.9755     0.5538     0.4653 1.1607e-01    26.3152      5.953      8.634    10.7837 0.0000e+00
      6.025     -0.172     0.1273      1.142    298.163 213.437840     4.6800     1.1701     0.6816     0.5499 1.1623e-01    20.9344      5.908      8.569    10.7849 0.0000e+00
      5.988     -0.148     0.1273      1.141    298.177 213.455258     4.6800     1.1510     0.6816     0.5499 1.1615e-01    21.0096      5.872      8.517    10.7861 0.0000e+00
      5.957     -0.129     0.1272      1.139    298.178 213.463275     4.6800     1.1777     0.6816     0.5499 1.1617e-01    21.0246      5.842      8.474    10.7872 0.0000e+00
      5.930     -0.119     0.1268      1.140    298.174 213.468023     4.6800     1.1624     0.6816     0.5499 1.1610e-01    20.9795      5.816      8.435    10.7884 0.0000e+00
      5.904     -0.117     0.1265      1.147    298.162 213.466773     4.6800     1.2235     0.6816     0.5499 1.1617e-01    18.9505      5.790      8.398    10.7896 0.0000e+00
      5.878     -0.123     0.1263      1.153    298.141 213.459192     4.9500     1.2426     0.5964     0.4653 1.1628e-01    19.0707      5.765      8.361    10.7908 0.0000e+00
      5.849     -0.139     0.1262      1.150    298.130 213.459242     4.9500     1.2311     0.5964     0.4653 1.1625e-01    18.9956      5.736      8.320    10.7921 0.0000e+00
      5.816     -0.161     0.1263      1.143    298.130 213.466938     4.9500     1.2502     0.5964     0.4653 1.1607e-01    18.9204      5.703      8.272    10.7933 0.0000e+00
      5.774     -0.188     0.1270      1.138    298.127 213.472344     4.9500     1.2273     0.5964     0.4653 1.1628e-01    17.9134      5.663      8.213    10.7946 0.0000e+00
      5.724     -0.214     0.1276      1.132    298.128 213.480900     4.8600     1.2235     0.6390     0.5499 1.1623e-01    17.9134      5.613      8.141    10.7958 0.0000e+00
      5.662     -0.235     0.1273      1.125    298.136 213.494889     4.8600     1.2311     0.6390     0.5499 1.1617e-01    17.8533      5.553      8.053    10.7971 0.0000e+00
      5.591     -0.246     0.1265      1.120    298.141 213.506053     4.8600     1.1968     0.6390     0.5499 1.1610e-01    17.8382      5.483      7.953    10.7984 0.0000e+00
      5.517     -0.245     0.1259      1.116    298.145 213.517371     4.8600     1.2387     0.6390     0.5499 1.1615e-01    19.4314      5.411      7.848    10.7997 0.0000e+00
      5.448     -0.232     0.1253      1.110    298.154 213.531861     4.9500     1.2578     0.5964     0.5499 1.3535e-01    19.5366      5.342      7.748    10.8010 0.0000e+00
      5.388     -0.210     0.1245      1.103    298.161 213.545396     4.9500     1.2311     0.5964     0.5499 1.2263e-01    19.5517      5.283      7.663    10.8024 0.0000e+00
      5.339     -0.182     0.1240      1.099    298.155 213.549597     4.9500     1.2120     0.5964     0.5499 1.1617e-01    19.6869      5.235      7.594    10.8037 0.0000e+00
      5.299     -0.155     0.1235      1.098    298.137 213.545587     4.9500     1.6126     0.5964     0.5499 1.1607e-01    14.3512      5.197      7.538    10.8051 0.0000e+00
      5.267     -0.131     0.1228      1.101    298.129 213.548278     4.9500     1.5821     0.5112     0.5499 1.1607e-01    14.2911      5.165      7.492    10.8064 0.0000e+00
      5.240     -0.114     0.1221      1.105    298.125 213.554392     4.9500     1.6011     0.5112     0.5499 1.1633e-01    14.3512      5.138      7.452    10.8078 0.0000e+00
      5.215     -0.104     0.1216      1.105    298.106 213.549578     4.9500     1.5821     0.5112     0.5499 1.1630e-01    14.3362      5.114      7.417    10.8093 0.0000e+00
      5.192     -0.101     0.1215      1.105    298.070 213.532551     4.9500     1.7003     0.5112     0.5499 1.1623e-01    13.9003      5.091      7.385    10.8107 0.0000e+00
      5.169     -0.103     0.1218      1.107    298.021 213.506764     4.9500     1.7308     0.5112     0.5499 1.1623e-01    13.7801      5.069      7.352    10.8122 0.0000e+00
      5.145     -0.112     0.1223      1.113    297.950 213.465339     4.9500     1.7003     0.5538     0.5499 1.1623e-01    13.8703      5.045      7.318    10.8137 0.0000e+00
      5.118     -0.126     0.1223      1.120    297.831 213.389240     4.9500     1.7194     0.5538     0.5499 1.1610e-01    13.8552      5.018      7.279    10.8152 0.0000e+00
      5.086     -0.144     0.1222      1.130    297.630 213.254178     4.9500     1.5439     0.5538     0.5499 1.1610e-01    13.8552      4.987      7.233    10.8167 0.0000e+00
      5.047     -0.163     0.1225      1.141    297.290 213.020142     4.9500     1.5439     0.5538     0.5499 1.1623e-01    13.9605      4.949      7.179    10.8182 0.0000e+00
      5.001     -0.182     0.1231      1.144    296.717 212.618729     5.0400     1.5287     0.5538     0.5076 1.1612e-01    13.8402      4.904      7.113    10.8198 0.0000e+00
      4.949     -0.197     0.1239      1.144    295.758 211.940898     5.0400     1.5477     0.5538     0.5076 1.1612e-01    13.8703      4.854      7.040    10.8213 0.0000e+00
      4.894     -0.208     0.1251      1.145    294.164 210.807893     5.0400     1.3913     0.5538     0.5076 1.2008e-01    15.9895      4.799      6.961    10.8229 0.0000e+00
      4.837     -0.215     0.1262      1.150    291.517 208.919578     5.0400     1.3799     0.5538     0.5076 1.3201e-01    16.0346      4.743      6.880    10.8244 0.0000e+00
      4.781     -0.217     0.1266      1.150    287.111 205.770404     4.9500     1.4142     0.5538     0.5499 1.5197e-01    16.0346      4.688      6.800    10.8260 0.0000e+00
      4.725     -0.215     0.1266      1.144    279.770 200.516598     4.9500     1.3951     0.5538     0.5499 1.5504e-01    16.0647      4.633      6.720    10.8277 0.0000e+00
      4.670     -0.209     0.1267      1.139    267.531 191.751150     4.9500     1.3456     0.5538     0.5499 1.8873e-01    17.6278      4.579      6.642    10.8293 0.0000e+00
      4.615     -0.200     0.1272      1.135    247.123 177.128618     4.9500     1.3341     0.5538     0.5499 2.8029e-01    17.7481      4.526      6.564    10.8310 0.0000e+00
      4.564     -0.189     0.1272      1.138    213.103 152.745664     4.9500     1.3379     0.5538     0.5499 2.5012e-01    17.6579      4.475      6.491    10.8327 0.0000e+00
      4.516     -0.176     0.1266      1.141    156.397 112.096171     5.0400     1.3379     0.5112     0.4653 2.2393e-01    17.6579      4.428      6.423    10.8344 0.0000e+00
      4.473     -0.164     0.1259      1.132     61.871  44.328286     5.0400     1.3570     0.5112     0.4653 2.8004e-01    21.9264      4.386      6.362    10.8361 0.0000e+00
      4.435     -0.153     0.1256      1.114    -95.683 -68.633420     5.0400     1.3074     0.5112     0.4653 2.6877e-01    21.8663      4.349      6.308    10.8379 0.0000e+00
      4.400     -0.147     0.1258      1.101   -358.267-256.904078     5.0400     1.3532     0.5112     0.4653 2.4769e-01    21.8513      4.315      6.258    10.8396 0.0000e+00
      4.367     -0.146     0.1262      1.098   -522.382-374.569854     4.9500     1.3379     0.5112     0.4230 2.2945e-01    22.0767      4.282      6.210    10.8414 0.0000e+00
      4.332     -0.150     0.1252      1.101   -358.282-256.892941     4.9500     1.1892     0.5112     0.4230 2.2122e-01    23.8052      4.248      6.162    10.8431 0.0000e+00
      4.295     -0.157     0.1232      1.100    -95.721 -68.616167     4.9500     1.1777     0.5112     0.4230 2.5678e-01    23.7601      4.212      6.109    10.8449 0.0000e+00
      4.253     -0.164     0.1217      1.095     61.807  44.348267     4.9500     1.1281     0.5112     0.4230 2.5667e-01    23.8803      4.171      6.050    10.8468 0.0000e+00
      4.207     -0.169     0.1214      1.089    156.325 112.132204     5.0400     1.1472     0.5538     0.4653 3.4953e-01    23.7601      4.126      5.985    10.8486 0.0000e+00
      4.160     -0.168     0.1217      1.087    213.042 152.811359     5.0400     1.3951     0.5538     0.4653 3.8293e-01    17.8382      4.079      5.916    10.8505 0.0000e+00
      4.113     -0.161     0.1216      1.084    247.080 177.229513     5.0400     1.3799     0.5538     0.4653 4.3588e-01    17.9134      4.033      5.850    10.8523 0.0000e+00
      4.070     -0.148     0.1210      1.082    267.516 191.894178     5.0400     1.3951     0.5538     0.4653 4.4218e-01    17.7180      3.991      5.788    10.8542 0.0000e+00
      4.032     -0.130     0.1204      1.092    279.786 200.703943     5.0400     1.3951     0.5538     0.4653 4.8076e-01    17.7931      3.954      5.735    10.8561 0.0000e+00
      4.001     -0.110     0.1202      1.113    287.156 206.000089     4.9500     1.6164     0.5112     0.4230 4.8055e-01    16.4855      3.924      5.691    10.8580 0.0000e+00
      3.977     -0.090     0.1199      1.133    291.590 209.190925     4.9500     1.6546     0.5112     0.4230 4.8296e-01    16.3953      3.901      5.657    10.8599 0.0000e+00
      3.959     -0.071     0.1196      1.146    294.257 211.115353     4.9500     1.6469     0.5112     0.4230 4.8696e-01    16.3803      3.882      5.631    10.8618 0.0000e+00
      3.945     -0.056     0.1208      1.149    295.857 212.274567     4.9500     1.6546     0.5112     0.4230 4.5356e-01    16.4705      3.869      5.611    10.8638 0.0000e+00
      3.934     -0.043     0.1230      1.140    296.810 212.969700     5.0400     1.6736     0.4686     0.4653 4.4934e-01    16.5156      3.858      5.596    10.8657 0.0000e+00
      3.926     -0.034     0.1252      1.127    297.379 213.390116     5.0400     1.7728     0.4686     0.4653 4.4739e-01    15.4635      3.850      5.584    10.8677 0.0000e+00
      3.919     -0.027     0.1266      1.111    297.733 213.655919     5.0400     1.7652     0.4686     0.4653 4.6564e-01    15.5537      3.843      5.574    10.8697 0.0000e+00
      3.914     -0.022     0.1269      1.094    297.959 213.829998     5.0400     1.7728     0.4686     0.4653 4.3921e-01    15.5987      3.838      5.567    10.8717 0.0000e+00
      3.910     -0.018     0.1260      1.082    298.104 213.946786     5.0400     1.7690     0.4686     0.4230 4.1211e-01    15.4785      3.834      5.561    10.8737 0.0000e+00
      3.906     -0.016     0.1245      1.078    298.202 214.029437     5.0400     1.6546     0.4686     0.4230 4.3005e-01    15.7040      3.830      5.555    10.8758 0.0000e+00
      3.903     -0.015     0.1228      1.079    298.266 214.088002     5.0400     1.6469     0.4686     0.4230 3.7332e-01    15.6889      3.827      5.551    10.8778 0.0000e+00
      3.899     -0.016     0.1209      1.083    298.302 214.126112     5.0400     1.6698     0.4686     0.4230 3.3715e-01    15.6589      3.824      5.546    10.8799 0.0000e+00
      3.896     -0.018     0.1195      1.089    298.323 214.153929     4.8600     1.6546     0.4686     0.4653 3.3047e-01    15.6438      3.820      5.541    10.8819 0.0000e+00
      3.891     -0.021     0.1190      1.099    298.346 214.182868     4.8600     1.8224     0.4686     0.4653 2.8907e-01    14.8021      3.816      5.535    10.8840 0.0000e+00
      3.886     -0.026     0.1192      1.107    298.369 214.212655     4.8600     1.8186     0.4686     0.4653 2.7426e-01    14.7721      3.811      5.528    10.8861 0.0000e+00
      3.880     -0.032     0.1196      1.111    298.389 214.239246     4.8600     1.8453     0.4686     0.4653 2.8047e-01    14.7871      3.805      5.518    10.8882 0.0000e+00
      3.871     -0.039     0.1203      1.114    298.402 214.261740     4.8600     1.8377     0.4686     0.4653 2.5061e-01    14.7871      3.796      5.506    10.8903 0.0000e+00
      3.860     -0.045     0.1213      1.118    298.407 214.278145     4.9500     1.7080     0.4260     0.5076 2.9248e-01    15.9444      3.785      5.491    10.8925 0.0000e+00
      3.847     -0.050     0.1222      1.126    298.409 214.292835     4.9500     1.7156     0.4260     0.5076 3.2211e-01    16.0647      3.773      5.472    10.8946 0.0000e+00
      3.832     -0.053     0.1226      1.133    298.419 214.313725     4.9500     1.7385     0.4260     0.5076 3.5212e-01    15.9444      3.758      5.451    10.8968 0.0000e+00
      3.817     -0.057     0.1230      1.133    298.435 214.338393     4.9500     1.6927     0.4260     0.5076 3.5212e-01    15.9444      3.744      5.430    10.8989 0.0000e+00
      3.803     -0.059     0.1234      1.130    298.449 214.361430     5.0400     1.8377     0.4260     0.4653 3.3987e-01    16.6809      3.729      5.409    10.9011 0.0000e+00
      3.788     -0.063     0.1243      1.133    298.460 214.382986     5.0400     1.8186     0.4260     0.4653 3.7568e-01    16.6509      3.715      5.389    10.9033 0.0000e+00
      3.773     -0.066     0.1250      1.141    298.469 214.402816     5.0400     1.8338     0.4260     0.4653 3.6158e-01    16.7561      3.700      5.367    10.9055 0.0000e+00
      3.756     -0.070     0.1251      1.150    298.477 214.422213     5.0400     1.8491     0.4260     0.4653 3.7105e-01    16.6659      3.684      5.343    10.9078 0.0000e+00
      3.737     -0.072     0.1248      1.157    298.484 214.440356     5.0400     1.7270     0.4260     0.5076 4.5475e-01    16.5156      3.665      5.316    10.9100 0.0000e+00
      3.716     -0.073     0.1251      1.165    298.487 214.456090     5.0400     1.6927     0.4260     0.5076 5.7641e-01    16.4555      3.645      5.286    10.9123 0.0000e+00
      3.695     -0.071     0.1260      1.180    298.492 214.473611     5.0400     1.7194     0.4260     0.5076 6.3410e-01    16.6809      3.624      5.256    10.9145 0.0000e+00
      3.676     -0.066     0.1269      1.203    298.500 214.493595     5.0400     1.7308     0.4260     0.5076 6.4789e-01    16.5005      3.605      5.228    10.9168 0.0000e+00
      3.659     -0.059     0.1277      1.222    298.509 214.513380     5.0400     1.7690     0.4260     0.5076 6.8228e-01    16.6809      3.588      5.205    10.9191 0.0000e+00
