Data/DataNotYetUploadedToEDI/Raw_CTD/RawDownloads/102422_bvr50_S7809002.cnv
* Sea-Bird SBE19plus  Data File:
* FileName = C:\R\Reservoirs\Data\DataNotYetUploadedToEDI\Raw_CTD\RawDownloads\101722_fcr50_S7809_0002.hex
* Software version 2.8.0.119
* Temperature SN = 7809
* Conductivity SN = 7809
* System UpLoad Time = Oct 26 2022 16:53:57
* <ApplicationData>
* <Seaterm232>
# nquan = 15
# nvalues = 2354                        
# units = specified
# name 0 = depFM: Depth [fresh water, m]
# name 1 = dz/dtM: Descent Rate [m/s]
# name 2 = sbeox0Mg/L: Oxygen, SBE 43 [mg/l]
# name 3 = sbeox0PS: Oxygen, SBE 43 [% saturation]
# name 4 = specc: Specific Conductance [uS/cm]
# name 5 = c0uS/cm: Conductivity [uS/cm]
# name 6 = flECO-AFL: Fluorescence, WET Labs ECO-AFL/FL [mg/m^3]
# name 7 = ph: pH
# name 8 = orp: Oxidation Reduction Potential [mV]
# name 9 = par/sat/log: PAR/Logarithmic, Satlantic
# name 10 = turbWETntu0: Turbidity, WET Labs ECO [NTU]
# name 11 = prdM: Pressure, Strain Gauge [db]
# name 12 = prdE: Pressure, Strain Gauge [psi]
# name 13 = tv290C: Temperature [ITS-90, deg C]
# name 14 = flag:  0.000e+00
# span 0 =     -0.695,      7.316       
# span 1 =     -0.314,      0.300       
# span 2 =     0.4741,     8.3525       
# span 3 =      4.340,     78.888       
# span 4 =      5.685,    165.984       
# span 5 =   4.705294, 119.397573       
# span 6 =    -2.0223,     4.9518       
# span 7 =     -2.558,      8.697       
# span 8 =  -865.5375,  1008.7596       
# span 9 = 1.2363e-01, 2.3235e+03       
# span 10 =    -1.1473,    42.9802      
# span 11 =     -0.682,      7.175      
# span 12 =     -0.989,     10.407      
# span 13 =    10.8961,    16.3848      
# span 14 = 0.0000e+00, 0.0000e+00      
# interval = seconds: 0.25
# start_time = Oct 24 2022 07:57:09 [Instrument's time stamp, header]
# bad_flag = -9.990e-29
*END*
[from data line 1350]
      3.178      0.014     5.8529     53.831     36.456  26.769792     3.7837      7.810   272.2177 4.9689e+00     9.6382      3.116      4.520    11.7137 0.0000e+00
      3.182      0.014     5.8510     53.781     36.434  26.758362     3.7857      7.810   272.1770 4.9494e+00     9.6938      3.120      4.526    11.7111 0.0000e+00
      3.185      0.013     5.8473     53.739     36.441  26.770254     3.8249      7.809   272.1798 4.9264e+00     9.6049      3.124      4.531    11.7079 0.0000e+00
      3.189      0.012     5.8436     53.705     36.456  26.786817     3.8924      7.809   272.1655 4.8939e+00     9.4180      3.127      4.535    11.7075 0.0000e+00
      3.191      0.010     5.8402     53.670     36.428  26.768474     3.9273      7.809   272.0900 4.8893e+00     9.3467      3.129      4.538    11.7114 0.0000e+00
      3.193      0.010     5.8320     53.638     36.390  26.738624     3.9297      7.808   272.1272 4.8758e+00     9.3586      3.131      4.542    11.7173 0.0000e+00
      3.195      0.009     5.8265     53.610     36.403  26.742829     3.9462      7.807   272.2713 4.8306e+00     9.4244      3.134      4.545    11.7270 0.0000e+00
      3.197      0.009     5.8226     53.579     36.433  26.755921     3.9687      7.807   272.1974 4.8114e+00     9.5277      3.136      4.549    11.7379 0.0000e+00
      3.199      0.009     5.8172     53.529     36.465  26.770137     3.9855      7.807   272.0076 4.8017e+00     9.5824      3.138      4.551    11.7411 0.0000e+00
      3.202      0.009     5.8148     53.463     36.499  26.787944     3.9997      7.807   272.0418 4.7748e+00     9.5732      3.140      4.554    11.7373 0.0000e+00
      3.205      0.009     5.8125     53.399     36.495  26.781059     4.0326      7.807   272.1811 4.7554e+00     9.5537      3.143      4.558    11.7303 0.0000e+00
      3.207      0.010     5.8122     53.335     36.456  26.750267     4.0920      7.807   272.2288 4.7468e+00     9.5513      3.145      4.561    11.7168 0.0000e+00
      3.208      0.011     5.8084     53.285     36.434  26.732561     4.1261      7.807   272.2743 4.7400e+00     9.5446      3.146      4.563    11.7020 0.0000e+00
      3.211      0.012     5.8008     53.265     36.469  26.757129     4.1206      7.807   272.3018 4.7224e+00     9.5749      3.149      4.567    11.6932 0.0000e+00
      3.215      0.013     5.7955     53.250     36.520  26.793788     4.1094      7.807   272.3028 4.6809e+00     9.6108      3.154      4.573    11.6884 0.0000e+00
      3.219      0.013     5.7888     53.223     36.522  26.795488     4.1394      7.808   272.3723 4.6312e+00     9.5338      3.157      4.579    11.6855 0.0000e+00
      3.223      0.013     5.7812     53.187     36.497  26.777678     4.2179      7.808   272.3687 4.6033e+00     9.3960      3.160      4.584    11.6835 0.0000e+00
      3.226      0.013     5.7823     53.138     36.485  26.768600     4.2681      7.808   272.3446 4.5815e+00     9.3442      3.163      4.588    11.6820 0.0000e+00
      3.229      0.013     5.7805     53.065     36.459  26.749124     4.2634      7.808   272.4241 4.5635e+00     9.3858      3.166      4.593    11.6812 0.0000e+00
      3.232      0.013     5.7774     52.996     36.434  26.732343     4.1689      7.807   272.4701 4.5575e+00     9.4210      3.169      4.596    11.6814 0.0000e+00
      3.235      0.014     5.7737     52.986     36.459  26.755863     3.9912      7.806   272.4709 4.5376e+00     9.3945      3.173      4.602    11.6825 0.0000e+00
      3.239      0.014     5.7683     52.999     36.484  26.779968     3.8801      7.806   272.4338 4.5053e+00     9.3389      3.176      4.607    11.6822 0.0000e+00
      3.243      0.014     5.7618     53.006     36.465  26.770257     3.8739      7.806   272.3658 4.4728e+00     9.3281      3.180      4.612    11.6806 0.0000e+00
      3.247      0.014     5.7474     53.030     36.456  26.765217     3.8661      7.807   272.3373 4.4496e+00     9.4346      3.184      4.619    11.6812 0.0000e+00
      3.250      0.013     5.7504     53.061     36.479  26.782418     3.8106      7.807   272.3477 4.4292e+00     9.6025      3.187      4.623    11.6889 0.0000e+00
      3.254      0.012     5.7519     53.098     36.485  26.788077     3.7611      7.806   272.4045 4.3973e+00     9.6510      3.191      4.628    11.6999 0.0000e+00
      3.257      0.011     5.7480     53.125     36.458  26.770257     3.7497      7.805   272.5084 4.3725e+00     9.5764      3.194      4.633    11.7058 0.0000e+00
      3.259      0.010     5.7540     53.120     36.438  26.757117     3.7732      7.805   272.5708 4.3589e+00     9.5547      3.196      4.636    11.7057 0.0000e+00
      3.261      0.010     5.7553     53.094     36.434  26.755974     3.8116      7.805   272.4701 4.3388e+00     9.6267      3.198      4.638    11.7056 0.0000e+00
      3.263      0.010     5.7602     53.064     36.433  26.756437     3.8232      7.805   272.4095 4.3255e+00     9.6623      3.201      4.641    11.7092 0.0000e+00
      3.265      0.010     5.7644     53.036     36.439  26.762713     3.8132      7.804   272.5268 4.3253e+00     9.6098      3.202      4.644    11.7117 0.0000e+00
      3.268      0.011     5.7624     53.025     36.444  26.768474     3.8072      7.804   272.5126 4.3145e+00     9.5722      3.205      4.649    11.7129 0.0000e+00
      3.272      0.013     5.7586     53.025     36.433  26.762711     3.8090      7.805   272.4095 4.2931e+00     9.5832      3.208      4.653    11.7156 0.0000e+00
      3.275      0.013     5.7551     53.023     36.422  26.756430     3.8186      7.805   272.4851 4.2767e+00     9.5723      3.212      4.658    11.7171 0.0000e+00
      3.278      0.013     5.7511     53.030     36.421  26.755920     3.8231      7.805   272.6522 4.2601e+00     9.5430      3.215      4.664    11.7191 0.0000e+00
      3.283      0.013     5.7492     53.035     36.425  26.756544     3.8132      7.806   272.7084 4.2294e+00     9.5362      3.220      4.669    11.7226 0.0000e+00
      3.287      0.013     5.7507     53.020     36.441  26.763969     3.7996      7.806   272.6483 4.1950e+00     9.5582      3.223      4.675    11.7268 0.0000e+00
      3.289      0.013     5.7480     52.984     36.472  26.782304     3.8004      7.806   272.6139 4.1749e+00     9.6044      3.226      4.679    11.7297 0.0000e+00
      3.292      0.013     5.7499     52.931     36.485  26.788067     3.8224      7.805   272.5502 4.1575e+00     9.6503      3.229      4.683    11.7293 0.0000e+00
      3.295      0.013     5.7518     52.882     36.466  26.770257     3.8406      7.804   272.4806 4.1329e+00     9.6693      3.231      4.686    11.7274 0.0000e+00
      3.298      0.013     5.7505     52.830     36.454  26.757118     3.8787      7.803   272.5471 4.1095e+00     9.6636      3.234      4.690    11.7202 0.0000e+00
      3.302      0.014     5.7485     52.759     36.460  26.755976     3.9502      7.803   272.5796 4.0862e+00     9.6501      3.239      4.696    11.7114 0.0000e+00
      3.305      0.014     5.7411     52.691     36.469  26.756439     3.9808      7.802   272.5295 4.0487e+00     9.6426      3.241      4.701    11.7077 0.0000e+00
      3.309      0.015     5.7371     52.634     36.486  26.762716     3.9743      7.802   272.5433 4.0077e+00     9.6405      3.245      4.707    11.7033 0.0000e+00
      3.313      0.015     5.7339     52.573     36.501  26.768478     3.8966      7.802   272.6608 3.9899e+00     9.6251      3.249      4.712    11.6970 0.0000e+00
      3.317      0.014     5.7254     52.529     36.499  26.762716     3.7401      7.802   272.7457 3.9822e+00     9.6267      3.253      4.717    11.6897 0.0000e+00
      3.321      0.014     5.7182     52.503     36.494  26.756430     3.6560      7.801   272.7095 3.9705e+00     9.6611      3.257      4.724    11.6807 0.0000e+00
      3.325      0.013     5.7159     52.476     36.496  26.755855     3.6367      7.801   272.7395 3.9550e+00     9.6646      3.260      4.729    11.6718 0.0000e+00
      3.327      0.013     5.7075     52.461     36.498  26.755751     3.5647      7.801   272.7644 3.9331e+00     9.6351      3.262      4.732    11.6644 0.0000e+00
      3.330      0.013     5.7033     52.442     36.498  26.755175     3.4597      7.802   272.7530 3.9113e+00     9.6460      3.265      4.735    11.6595 0.0000e+00
      3.333      0.013     5.7035     52.395     36.490  26.748888     3.4161      7.802   272.8596 3.8891e+00     9.6930      3.269      4.741    11.6560 0.0000e+00
      3.336      0.012     5.6981     52.338     36.484  26.743126     3.4286      7.801   272.9342 3.8676e+00     9.6920      3.272      4.746    11.6533 0.0000e+00
      3.340      0.012     5.6985     52.285     36.492  26.748889     3.5366      7.801   272.9676 3.8511e+00     9.6328      3.276      4.752    11.6512 0.0000e+00
      3.344      0.012     5.6983     52.227     36.497  26.755175     3.7401      7.800   273.0051 3.8399e+00     9.5578      3.279      4.756    11.6497 0.0000e+00
      3.346      0.012     5.6917     52.162     36.492  26.755750     3.8572      7.797   272.9570 3.8243e+00     9.5375      3.281      4.759    11.6486 0.0000e+00
      3.348      0.011     5.6845     52.098     36.484  26.755855     3.8704      7.796   272.9018 3.8021e+00     9.5911      3.284      4.764    11.6479 0.0000e+00
      3.351      0.010     5.6806     52.041     36.477  26.756440     3.8750      7.797   272.8541 3.7912e+00     9.6259      3.287      4.767    11.6474 0.0000e+00
      3.355      0.010     5.6731     51.976     36.481  26.762830     3.9380      7.797   272.8107 3.7882e+00     9.6509      3.290      4.772    11.6490 0.0000e+00
      3.357      0.009     5.6654     51.903     36.489  26.769735     4.0497      7.797   272.8935 3.7849e+00     9.7566      3.293      4.776    11.6563 0.0000e+00
      3.359      0.009     5.6562     51.840     36.500  26.776545     4.1105      7.797   272.9943 3.7760e+00     9.8794      3.294      4.778    11.6660 0.0000e+00
      3.360      0.009     5.6501     51.776     36.510  26.781789     4.1242      7.797   272.9969 3.7588e+00     9.9064      3.295      4.779    11.6738 0.0000e+00
      3.363      0.008     5.6435     51.737     36.496  26.769745     4.1478      7.797   273.0119 3.7456e+00     9.8774      3.298      4.783    11.6790 0.0000e+00
      3.365      0.008     5.6318     51.737     36.482  26.757692     4.1881      7.797   273.0028 3.7258e+00     9.8709      3.300      4.786    11.6806 0.0000e+00
      3.368      0.009     5.6291     51.750     36.492  26.762832     4.2114      7.797   272.9733 3.7062e+00     9.8616      3.302      4.790    11.6784 0.0000e+00
      3.370      0.010     5.6194     51.775     36.503  26.768500     4.2130      7.796   272.9986 3.6957e+00     9.8328      3.305      4.794    11.6746 0.0000e+00
      3.372      0.010     5.6145     51.810     36.501  26.762831     4.1668      7.795   272.9652 3.6675e+00     9.7613      3.306      4.796    11.6722 0.0000e+00
      3.375      0.010     5.6178     51.840     36.501  26.757679     4.0607      7.795   272.9134 3.6379e+00     9.6466      3.309      4.799    11.6695 0.0000e+00
      3.378      0.010     5.6182     51.860     36.522  26.769580     4.0034      7.796   272.9739 3.6268e+00     9.6086      3.313      4.805    11.6669 0.0000e+00
      3.382      0.009     5.6218     51.858     36.539  26.779962     4.0059      7.796   273.0088 3.6248e+00     9.6430      3.317      4.811    11.6641 0.0000e+00
      3.384      0.009     5.6271     51.844     36.510  26.756433     4.0003      7.795   272.9057 3.6304e+00     9.6523      3.319      4.813    11.6577 0.0000e+00
      3.385      0.008     5.6311     51.829     36.488  26.738621     3.9943      7.793   272.8455 3.6267e+00     9.6183      3.319      4.814    11.6505 0.0000e+00
      3.386      0.007     5.6347     51.791     36.512  26.754756     3.9917      7.792   272.8832 3.5950e+00     9.5737      3.320      4.815    11.6455 0.0000e+00
      3.388      0.007     5.6351     51.739     36.522  26.761358     3.9856      7.792   272.9310 3.5659e+00     9.5917      3.322      4.818    11.6423 0.0000e+00
      3.391      0.007     5.6315     51.684     36.515  26.755053     3.9451      7.792   272.9931 3.5575e+00     9.6649      3.325      4.822    11.6400 0.0000e+00
      3.393      0.008     5.6331     51.614     36.497  26.741903     3.8593      7.791   273.0318 3.5430e+00     9.6734      3.327      4.826    11.6378 0.0000e+00
      3.395      0.010     5.6282     51.533     36.481  26.729141     3.8055      7.791   272.9693 3.5305e+00     9.6262      3.329      4.829    11.6357 0.0000e+00
      3.396      0.011     5.6214     51.459     36.481  26.727518     3.8106      7.791   272.9258 3.5295e+00     9.6410      3.330      4.830    11.6338 0.0000e+00
      3.399      0.013     5.6177     51.392     36.476  26.722280     3.8206      7.791   273.1087 3.5191e+00     9.6810      3.332      4.833    11.6332 0.0000e+00
      3.402      0.015     5.6089     51.333     36.487  26.729185     3.8191      7.791   273.2882 3.4946e+00     9.6657      3.336      4.839    11.6331 0.0000e+00
      3.407      0.016     5.5995     51.299     36.512  26.747623     3.8174      7.791   273.2026 3.4647e+00     9.6265      3.341      4.846    11.6321 0.0000e+00
      3.412      0.017     5.5919     51.277     36.518  26.755066     3.8086      7.791   273.1058 3.4269e+00     9.6174      3.347      4.854    11.6302 0.0000e+00
      3.417      0.017     5.5853     51.233     36.513  26.755794     3.8131      7.791   273.1499 3.3932e+00     9.6581      3.351      4.861    11.6276 0.0000e+00
      3.421      0.017     5.5777     51.170     36.511  26.756428     3.8881      7.791   273.1342 3.3798e+00     9.6743      3.355      4.866    11.6251 0.0000e+00
      3.425      0.016     5.5745     51.093     36.520  26.762729     4.0070      7.791   273.0879 3.3733e+00     9.6430      3.359      4.872    11.6250 0.0000e+00
      3.428      0.016     5.5739     50.994     36.530  26.768596     4.0610      7.791   273.1924 3.3623e+00     9.6210      3.362      4.876    11.6301 0.0000e+00
      3.432      0.015     5.5675     50.894     36.525  26.763977     4.0423      7.791   273.3649 3.3433e+00     9.5795      3.366      4.881    11.6370 0.0000e+00
      3.437      0.014     5.5595     50.820     36.535  26.770262     3.9635      7.791   273.3673 3.3157e+00     9.5850      3.371      4.889    11.6402 0.0000e+00
      3.441      0.012     5.5527     50.754     36.551  26.781211     3.8323      7.790   273.2208 3.2878e+00     9.6527      3.375      4.895    11.6398 0.0000e+00
      3.445      0.011     5.5410     50.702     36.537  26.769582     3.7539      7.788   273.1428 3.2751e+00     9.6468      3.378      4.900    11.6369 0.0000e+00
      3.447      0.010     5.5279     50.678     36.520  26.756434     3.7484      7.788   273.1114 3.2762e+00     9.6165      3.380      4.902    11.6351 0.0000e+00
      3.448      0.011     5.5227     50.662     36.511  26.749005     3.6990      7.789   273.1001 3.2732e+00     9.6273      3.380      4.903    11.6350 0.0000e+00
      3.449      0.016     5.5150     50.648     36.503  26.743138     3.5892      7.789   273.2640 3.2738e+00     9.6410      3.383      4.907    11.6331 0.0000e+00
      3.451      0.024     5.5076     50.640     36.512  26.748881     3.5285      7.788   273.5444 3.2771e+00     9.6452      3.385      4.910    11.6305 0.0000e+00
      3.455      0.031     5.5080     50.648     36.523  26.755063     3.5234      7.785   273.7379 3.2456e+00     9.6107      3.385      4.910    11.6297 0.0000e+00
      3.465      0.035     5.5054     50.665     36.526  26.754497     3.5686      7.784   273.7094 3.1566e+00     9.5648      3.393      4.922    11.6286 0.0000e+00
