Data/DataNotYetUploadedToEDI/Raw_CTD/RawDownloads/102422_bvr50_S7809002.cnv
* Sea-Bird SBE19plus  Data File:
* FileName = C:\R\Reservoirs\Data\DataNotYetUploadedToEDI\Raw_CTD\RawDownloads\101722_fcr50_S7809_0002.hex
* Software version 2.8.0.119
* Temperature SN = 7809
* Conductivity SN = 7809
* System UpLoad Time = Oct 26 2022 16:53:57
* <ApplicationData>
* <Seaterm232>
# nquan = 15
# nvalues = 2354                        
# units = specified
# name 0 = depFM: Depth [fresh water, m]
# name 1 = dz/dtM: Descent Rate [m/s]
# name 2 = sbeox0Mg/L: Oxygen, SBE 43 [mg/l]
# name 3 = sbeox0PS: Oxygen, SBE 43 [% saturation]
# name 4 = specc: Specific Conductance [uS/cm]
# name 5 = c0uS/cm: Conductivity [uS/cm]
# name 6 = flECO-AFL: Fluorescence, WET Labs ECO-AFL/FL [mg/m^3]
# name 7 = ph: pH
# name 8 = orp: Oxidation Reduction Potential [mV]
# name 9 = par/sat/log: PAR/Logarithmic, Satlantic
# name 10 = turbWETntu0: Turbidity, WET Labs ECO [NTU]
# name 11 = prdM: Pressure, Strain Gauge [db]
# name 12 = prdE: Pressure, Strain Gauge [psi]
# name 13 = tv290C: Temperature [ITS-90, deg C]
# name 14 = flag:  0.000e+00
# span 0 =     -0.695,      7.316       
# span 1 =     -0.314,      0.300       
# span 2 =     0.4741,     8.3525       
# span 3 =      4.340,     78.888       
# span 4 =      5.685,    165.984       
# span 5 =   4.705294, 119.397573       
# span 6 =    -2.0223,     4.9518       
# span 7 =     -2.558,      8.697       
# span 8 =  -865.5375,  1008.7596       
# span 9 = 1.2363e-01, 2.3235e+03       
# span 10 =    -1.1473,    42.9802      
# span 11 =     -0.682,      7.175      
# span 12 =     -0.989,     10.407      
# span 13 =    10.8961,    16.3848      
# span 14 = 0.0000e+00, 0.0000e+00      
# interval = seconds: 0.25
# start_time = Oct 24 2022 07:57:09 [Instrument's time stamp, header]
# bad_flag = -9.990e-29
*END*
[from data line 868]
      1.417      0.006     6.4722     60.362     36.463  27.174087     4.1131      7.829   267.7771 6.0491e+01     9.3497      1.389      2.016    12.2534 0.0000e+00
      1.419      0.007     6.4684     60.366     36.452  27.174086     4.1468      7.829   267.7904 6.1145e+01     9.2547      1.391      2.018    12.2503 0.0000e+00
      1.420      0.008     6.4631     60.369     36.439  27.174084     4.1718      7.829   267.8056 6.2331e+01     9.2267      1.391      2.018    12.2488 0.0000e+00
      1.421      0.009     6.4655     60.386     36.429  27.174069     4.1736      7.829   267.8746 6.2709e+01     9.2150      1.393      2.020    12.2508 0.0000e+00
      1.424      0.010     6.4680     60.410     36.422  27.173910     4.1762      7.829   267.9361 6.0939e+01     9.1813      1.396      2.025    12.2568 0.0000e+00
      1.427      0.011     6.4652     60.423     36.416  27.172180     4.2034      7.830   267.8613 6.0308e+01     9.2293      1.400      2.031    12.2696 0.0000e+00
      1.431      0.011     6.4626     60.408     36.391  27.153152     4.2539      7.829   267.7439 6.1959e+01     9.3513      1.403      2.035    12.2856 0.0000e+00
      1.434      0.010     6.4633     60.397     36.366  27.133994     4.2866      7.829   267.8071 6.2579e+01     9.3923      1.407      2.040    12.2966 0.0000e+00
      1.436      0.009     6.4653     60.405     36.363  27.130708     4.2824      7.830   267.9376 6.2064e+01     9.3838      1.409      2.043    12.3023 0.0000e+00
      1.437      0.009     6.4680     60.398     36.342  27.113420     4.2453      7.830   267.9449 6.1908e+01     9.4192      1.410      2.044    12.3056 0.0000e+00
      1.438      0.010     6.4643     60.375     36.347  27.115121     4.1953      7.830   267.9816 6.2700e+01     9.4440      1.411      2.046    12.3055 0.0000e+00
      1.440      0.011     6.4615     60.355     36.403  27.151267     4.1771      7.830   268.0364 6.2915e+01     9.4450      1.412      2.048    12.3044 0.0000e+00
      1.443      0.013     6.4664     60.350     36.440  27.170141     4.1830      7.830   268.0058 6.2404e+01     9.4310      1.415      2.053    12.3021 0.0000e+00
      1.448      0.015     6.4648     60.358     36.426  27.153155     4.2006      7.830   268.0427 6.0996e+01     9.3100      1.420      2.059    12.3006 0.0000e+00
      1.453      0.015     6.4615     60.356     36.411  27.136039     4.2404      7.831   268.0512 5.8649e+01     9.1768      1.426      2.068    12.3004 0.0000e+00
      1.458      0.015     6.4610     60.347     36.443  27.153341     4.2733      7.831   267.9370 6.0498e+01     9.1868      1.430      2.074    12.2903 0.0000e+00
      1.462      0.014     6.4612     60.339     36.478  27.172186     4.2817      7.831   267.9523 6.2579e+01     9.2260      1.433      2.080    12.2767 0.0000e+00
      1.466      0.012     6.4657     60.324     36.488  27.173731     4.2084      7.831   267.9777 5.9359e+01     9.2065      1.437      2.085    12.2690 0.0000e+00
      1.468      0.010     6.4656     60.291     36.490  27.172017     4.0530      7.830   267.9001 5.7021e+01     9.1908      1.440      2.088    12.2609 0.0000e+00
      1.470      0.008     6.4657     60.239     36.465  27.151457     3.9679      7.830   267.9602 5.7015e+01     9.2069      1.442      2.091    12.2510 0.0000e+00
      1.472      0.006     6.4671     60.206     36.420  27.115304     3.9704      7.831   268.1027 5.7166e+01     9.2303      1.444      2.093    12.2405 0.0000e+00
      1.473      0.004     6.4666     60.205     36.424  27.115199     3.9996      7.832   268.1605 5.8508e+01     9.2691      1.445      2.096    12.2320 0.0000e+00
      1.475      0.003     6.4650     60.220     36.475  27.150187     4.0549      7.831   268.1435 5.9363e+01     9.3345      1.446      2.098    12.2291 0.0000e+00
      1.475      0.002     6.4565     60.236     36.490  27.158017     4.0898      7.831   268.1547 5.9908e+01     9.3709      1.446      2.098    12.2274 0.0000e+00
      1.475      0.002     6.4537     60.253     36.477  27.146491     4.0963      7.831   268.2092 6.1552e+01     9.3677      1.446      2.098    12.2226 0.0000e+00
      1.475      0.001     6.4549     60.271     36.466  27.137599     4.1004      7.830   268.2011 6.1024e+01     9.3642      1.446      2.097    12.2189 0.0000e+00
      1.476      0.001     6.4579     60.281     36.435  27.113886     4.0649      7.830   268.1422 6.0321e+01     9.2952      1.447      2.098    12.2152 0.0000e+00
      1.476      0.001     6.4601     60.267     36.433  27.113316     3.9991      7.830   268.0993 6.2445e+01     9.1818      1.447      2.099    12.2096 0.0000e+00
      1.477      0.001     6.4624     60.217     36.454  27.130705     3.9799      7.830   268.1119 6.2195e+01     9.1546      1.448      2.100    12.2072 0.0000e+00
      1.477      0.001     6.4644     60.156     36.457  27.133985     3.9911      7.830   268.2084 6.0453e+01     9.1711      1.449      2.101    12.2069 0.0000e+00
      1.477      0.002     6.4663     60.099     36.481  27.152972     3.9601      7.830   268.2347 6.0737e+01     9.2108      1.448      2.100    12.2052 0.0000e+00
      1.477      0.003     6.4660     60.045     36.504  27.170129     3.9037      7.831   268.1719 5.9513e+01     9.2929      1.448      2.101    12.2063 0.0000e+00
      1.477      0.005     6.4584     60.002     36.480  27.151273     3.8755      7.831   268.2229 5.8572e+01     9.3440      1.449      2.102    12.2095 0.0000e+00
      1.478      0.008     6.4508     59.976     36.433  27.115129     3.8848      7.831   268.3358 5.9050e+01     9.3841      1.449      2.101    12.2112 0.0000e+00
      1.480      0.012     6.4449     59.945     36.431  27.113427     3.9669      7.831   268.3316 5.8330e+01     9.3685      1.451      2.105    12.2128 0.0000e+00
      1.485      0.016     6.4391     59.961     36.454  27.130702     4.0944      7.831   268.1726 5.8652e+01     9.2580      1.456      2.112    12.2134 0.0000e+00
      1.490      0.019     6.4328     60.056     36.458  27.133832     4.1609      7.831   268.0478 5.9569e+01     9.1759      1.461      2.119    12.2120 0.0000e+00
      1.495      0.020     6.4342     60.132     36.482  27.151275     4.1720      7.831   268.1128 5.9879e+01     9.1609      1.466      2.125    12.2096 0.0000e+00
      1.501      0.020     6.4278     60.149     36.482  27.151445     4.1785      7.831   268.1844 6.0846e+01     9.2479      1.472      2.135    12.2078 0.0000e+00
      1.508      0.019     6.4248     60.121     36.461  27.135887     4.1809      7.831   268.1397 6.2061e+01     9.3737      1.480      2.146    12.2086 0.0000e+00
      1.513      0.017     6.4434     60.048     36.483  27.153320     4.1764      7.832   268.0886 6.2076e+01     9.3842      1.485      2.154    12.2099 0.0000e+00
      1.517      0.015     6.4526     60.042     36.508  27.172073     4.1736      7.832   267.9965 5.9121e+01     9.3744      1.488      2.158    12.2085 0.0000e+00
      1.519      0.014     6.4501     60.113     36.508  27.172475     4.1382      7.832   267.9722 5.5180e+01     9.4256      1.490      2.161    12.2082 0.0000e+00
      1.521      0.014     6.4533     60.132     36.488  27.158174     4.0568      7.831   268.1388 5.4229e+01     9.4568      1.492      2.164    12.2094 0.0000e+00
      1.524      0.014     6.4357     60.134     36.443  27.125934     4.0044      7.831   268.2038 5.5147e+01     9.4102      1.495      2.167    12.2103 0.0000e+00
      1.529      0.013     6.4328     60.169     36.407  27.099599     3.9966      7.831   268.1562 5.5054e+01     9.3398      1.498      2.173    12.2108 0.0000e+00
      1.534      0.011     6.4533     60.198     36.398  27.093313     3.9871      7.831   268.0799 5.4525e+01     9.3237      1.504      2.181    12.2114 0.0000e+00
      1.538      0.010     6.4484     60.240     36.426  27.113305     3.8897      7.831   267.9695 5.5370e+01     9.3172      1.510      2.189    12.2130 0.0000e+00
      1.540      0.011     6.4450     60.274     36.476  27.151163     3.7093      7.831   268.0255 5.5810e+01     9.3294      1.512      2.193    12.2145 0.0000e+00
      1.539      0.013     6.4552     60.271     36.502  27.170742     3.6048      7.830   268.1540 5.5269e+01     9.3699      1.510      2.189    12.2153 0.0000e+00
      1.538      0.015     6.4532     60.256     36.488  27.159876     3.5912      7.829   268.1470 5.4773e+01     9.3629      1.507      2.184    12.2150 0.0000e+00
      1.543      0.016     6.4598     60.212     36.470  27.146547     3.6200      7.830   268.0274 5.5069e+01     9.3464      1.511      2.191    12.2143 0.0000e+00
      1.552      0.017     6.4671     60.177     36.455  27.136357     3.6776      7.830   267.9127 5.5139e+01     9.3759      1.522      2.208    12.2148 0.0000e+00
      1.561      0.019     6.4608     60.168     36.405  27.100057     3.6965      7.830   267.8784 5.2387e+01     9.3778      1.533      2.223    12.2158 0.0000e+00
      1.566      0.022     6.4647     60.114     36.389  27.087960     3.6825      7.830   267.9561 5.0597e+01     9.3345      1.538      2.229    12.2150 0.0000e+00
      1.566      0.025     6.4563     60.052     36.431  27.116861     3.6585      7.829   268.1650 5.1189e+01     9.2972      1.537      2.228    12.2143 0.0000e+00
      1.566      0.027     6.4493     60.042     36.456  27.132572     3.6146      7.829   268.2525 5.1741e+01     9.2678      1.534      2.224    12.2154 0.0000e+00
      1.573      0.029     6.4567     60.048     36.485  27.151145     3.5844      7.830   268.0679 5.1381e+01     9.2531      1.540      2.233    12.2175 0.0000e+00
      1.588      0.030     6.4459     60.057     36.487  27.151262     3.5755      7.830   267.9117 5.0424e+01     9.2216      1.559      2.261    12.2186 0.0000e+00
      1.603      0.033     6.4359     60.077     36.463  27.133985     3.5905      7.830   267.9127 4.9806e+01     9.2285      1.575      2.286    12.2157 0.0000e+00
      1.611      0.035     6.4398     60.080     36.460  27.132405     3.6328      7.831   267.9943 4.9271e+01     9.3362      1.583      2.296    12.2095 0.0000e+00
      1.613      0.035     6.4406     60.072     36.460  27.132157     3.6533      7.831   268.1246 4.8824e+01     9.3971      1.582      2.294    12.2052 0.0000e+00
      1.617      0.034     6.4408     60.110     36.460  27.130987     3.6397      7.830   268.1969 4.7894e+01     9.3500      1.583      2.295    12.2039 0.0000e+00
      1.627      0.032     6.4447     60.148     36.443  27.118256     3.6429      7.828   268.1803 4.7564e+01     9.3128      1.594      2.313    12.2042 0.0000e+00
      1.642      0.032     6.4463     60.118     36.424  27.105002     3.6764      7.828   268.0964 4.7219e+01     9.3568      1.612      2.337    12.2052 0.0000e+00
      1.655      0.033     6.4393     60.078     36.413  27.097511     3.7028      7.828   268.0424 4.5332e+01     9.4042      1.626      2.358    12.2052 0.0000e+00
      1.661      0.033     6.4470     60.064     36.405  27.091068     3.7121      7.829   268.0430 4.5070e+01     9.3738      1.630      2.365    12.2040 0.0000e+00
      1.664      0.032     6.4570     60.031     36.405  27.090488     3.7132      7.829   268.0190 4.5892e+01     9.3308      1.630      2.365    12.2031 0.0000e+00
      1.669      0.032     6.4477     59.992     36.406  27.090487     3.7420      7.829   268.0097 4.5177e+01     9.3624      1.635      2.372    12.2045 0.0000e+00
      1.678      0.034     6.4410     59.974     36.408  27.091055     3.8016      7.830   268.0164 4.4852e+01     9.4138      1.645      2.386    12.2059 0.0000e+00
      1.689      0.037     6.4447     59.976     36.417  27.097356     3.8271      7.830   268.1001 4.3710e+01     9.4063      1.657      2.404    12.2062 0.0000e+00
      1.701      0.039     6.4387     59.987     36.424  27.103288     3.8171      7.829   268.2472 4.1773e+01     9.3740      1.668      2.420    12.2053 0.0000e+00
      1.712      0.040     6.4335     59.979     36.417  27.099398     3.7721      7.829   268.2467 4.1890e+01     9.3651      1.680      2.437    12.2033 0.0000e+00
      1.722      0.039     6.4329     59.944     36.434  27.113700     3.6987      7.829   268.0942 4.1935e+01     9.4011      1.690      2.451    12.2011 0.0000e+00
      1.731      0.037     6.4326     59.912     36.481  27.149446     3.6627      7.829   268.0373 4.1064e+01     9.4335      1.696      2.461    12.2003 0.0000e+00
      1.740      0.036     6.4357     59.895     36.483  27.151279     3.6608      7.829   268.1613 4.0306e+01     9.4159      1.707      2.476    12.2019 0.0000e+00
      1.750      0.034     6.4351     59.902     36.462  27.135872     3.6840      7.828   268.3028 3.9194e+01     9.3932      1.718      2.490    12.2045 0.0000e+00
      1.759      0.032     6.4287     59.926     36.486  27.153314     3.7274      7.827   268.3719 3.8781e+01     9.3976      1.724      2.501    12.2066 0.0000e+00
      1.767      0.030     6.4250     59.934     36.511  27.172019     3.7526      7.827   268.3943 3.9079e+01     9.4011      1.733      2.514    12.2074 0.0000e+00
      1.774      0.027     6.4234     59.957     36.511  27.171864     3.7721      7.827   268.4017 3.8528e+01     9.4020      1.741      2.525    12.2075 0.0000e+00
      1.781      0.025     6.4224     60.016     36.483  27.151447     3.8716      7.828   268.4611 3.8445e+01     9.4077      1.746      2.533    12.2078 0.0000e+00
      1.786      0.024     6.4296     60.054     36.434  27.115315     4.0482      7.828   268.5109 3.8930e+01     9.4016      1.751      2.540    12.2078 0.0000e+00
      1.791      0.022     6.4272     60.049     36.434  27.115301     4.1594      7.828   268.4872 3.8508e+01     9.3964      1.755      2.547    12.2076 0.0000e+00
      1.797      0.021     6.4277     60.053     36.481  27.151276     4.1921      7.827   268.4317 3.8037e+01     9.4132      1.761      2.555    12.2076 0.0000e+00
      1.803      0.020     6.4384     60.069     36.506  27.169977     4.3276      7.826   268.4431 3.7127e+01     9.4344      1.768      2.564    12.2082 0.0000e+00
      1.808      0.019     6.4435     60.051     36.481  27.151258     4.5751      7.827   268.5386 3.6766e+01     9.4134      1.774      2.573    12.2082 0.0000e+00
      1.813      0.017     6.4394     60.037     36.431  27.115112     4.7117      7.828   268.4681 3.7606e+01     9.3980      1.779      2.580    12.2083 0.0000e+00
      1.817      0.016     6.4385     60.052     36.426  27.113256     4.7309      7.828   268.3653 3.7365e+01     9.4194      1.782      2.585    12.2092 0.0000e+00
      1.820      0.014     6.4460     60.076     36.444  27.128814     4.7246      7.828   268.4996 3.6794e+01     9.3990      1.785      2.589    12.2101 0.0000e+00
      1.823      0.014     6.4394     60.111     36.420  27.113072     4.5522      7.828   268.6293 3.6671e+01     9.3224      1.787      2.592    12.2103 0.0000e+00
      1.826      0.014     6.4361     60.115     36.420  27.113072     4.2357      7.828   268.6429 3.6538e+01     9.2782      1.790      2.597    12.2110 0.0000e+00
      1.830      0.015     6.4417     60.081     36.443  27.128815     4.0599      7.829   268.6646 3.7100e+01     9.3089      1.795      2.604    12.2131 0.0000e+00
      1.834      0.016     6.4393     60.061     36.423  27.113258     4.0411      7.829   268.8050 3.7379e+01     9.3518      1.798      2.608    12.2166 0.0000e+00
      1.839      0.017     6.4473     60.036     36.426  27.115138     3.9926      7.829   268.9636 3.6840e+01     9.3519      1.803      2.615    12.2200 0.0000e+00
      1.844      0.017     6.4486     59.997     36.476  27.151542     3.8901      7.829   268.9476 3.6235e+01     9.3444      1.808      2.623    12.2202 0.0000e+00
