Data/DataNotYetUploadedToEDI/Raw_CTD/RawDownloads/102422_fcr50_S7809003.cnv
* Sea-Bird SBE19plus  Data File:
* FileName = C:\R\Reservoirs\Data\DataNotYetUploadedToEDI\Raw_CTD\RawDownloads\101722_fcr50_S7809_0003.hex
* Software version 2.8.0.119
* Temperature SN = 7809
* Conductivity SN = 7809
* System UpLoad Time = Oct 26 2022 16:54:44
* <ApplicationData>
* <Seaterm232>
# nquan = 15
# nvalues = 1811                        
# units = specified
# name 0 = depFM: Depth [fresh water, m]
# name 1 = dz/dtM: Descent Rate [m/s]
# name 2 = sbeox0Mg/L: Oxygen, SBE 43 [mg/l]
# name 3 = sbeox0PS: Oxygen, SBE 43 [% saturation]
# name 4 = specc: Specific Conductance [uS/cm]
# name 5 = c0uS/cm: Conductivity [uS/cm]
# name 6 = flECO-AFL: Fluorescence, WET Labs ECO-AFL/FL [mg/m^3]
# name 7 = ph: pH
# name 8 = orp: Oxidation Reduction Potential [mV]
# name 9 = par/sat/log: PAR/Logarithmic, Satlantic
# name 10 = turbWETntu0: Turbidity, WET Labs ECO [NTU]
# name 11 = prdM: Pressure, Strain Gauge [db]
# name 12 = prdE: Pressure, Strain Gauge [psi]
# name 13 = tv290C: Temperature [ITS-90, deg C]
# name 14 = flag:  0.000e+00
# span 0 =     -0.627,      9.718       
# span 1 =     -0.287,      0.232       
# span 2 =     0.0930,     7.8317       
# span 3 =      0.881,     77.144       
# span 4 =      1.048,    540.666       
# span 5 =   0.991235, 401.533259       
# span 6 =    -1.7281,     9.9074       
# span 7 =      7.468,      8.780       
# span 8 =  -433.9371,   301.3264       
# span 9 = 1.2360e-01, 2.1949e+03       
# span 10 =    -4.4843,   953.1227      
# span 11 =     -0.615,      9.532      
# span 12 =     -0.892,     13.825      
# span 13 =    12.0868,    22.3331      
# span 14 = 0.0000e+00, 0.0000e+00      
# interval = seconds: 0.25
# start_time = Oct 24 2022 10:58:45 [Instrument's time stamp, header]
# bad_flag = -9.990e-29
*END*
[from data line 868]
      4.611      0.028     6.1299     57.120     43.228  32.168029     5.4760      7.680   286.1379 2.9124e+00     5.1183      4.523      6.560    12.2071 0.0000e+00
      4.615      0.027     6.1293     57.130     43.245  32.179556     5.4983      7.680   285.9916 2.8914e+00     5.2413      4.524      6.561    12.2012 0.0000e+00
      4.622      0.026     6.1280     57.130     43.248  32.178517     5.5128      7.679   285.6008 2.8701e+00     5.2904      4.532      6.572    12.2008 0.0000e+00
      4.631      0.027     6.1254     57.114     43.223  32.155465     5.5183      7.679   285.4558 2.8423e+00     5.2683      4.542      6.588    12.2048 0.0000e+00
      4.639      0.028     6.1256     57.094     43.232  32.154437     5.5149      7.678   285.5294 2.8036e+00     5.3153      4.550      6.599    12.2063 0.0000e+00
      4.646      0.028     6.1287     57.099     43.264  32.166080     5.4880      7.678   285.6305 2.7768e+00     5.3799      4.555      6.608    12.2044 0.0000e+00
      4.652      0.027     6.1285     57.113     43.285  32.169416     5.4592      7.679   285.8176 2.7563e+00     5.3660      4.561      6.616    12.1993 0.0000e+00
      4.660      0.026     6.1283     57.104     43.328  32.194767     5.4507      7.679   285.9851 2.7245e+00     5.3181      4.570      6.629    12.1946 0.0000e+00
      4.667      0.026     6.1240     57.097     43.362  32.218983     5.4346      7.678   285.8489 2.7134e+00     5.3138      4.578      6.639    12.1885 0.0000e+00
      4.671      0.026     6.1281     57.107     43.346  32.208600     5.3894      7.676   285.6332 2.7130e+00     5.3478      4.580      6.642    12.1721 0.0000e+00
      4.676      0.025     6.1349     57.124     43.327  32.196035     5.3451      7.676   285.6134 2.6764e+00     5.3532      4.584      6.649    12.1544 0.0000e+00
      4.685      0.024     6.1322     57.136     43.324  32.193862     5.3316      7.676   285.6968 2.6238e+00     5.3113      4.595      6.665    12.1459 0.0000e+00
      4.694      0.024     6.1314     57.142     43.307  32.182326     5.3434      7.676   285.8668 2.5940e+00     5.2858      4.605      6.679    12.1462 0.0000e+00
      4.700      0.023     6.1322     57.150     43.307  32.183355     5.3539      7.676   286.1202 2.5765e+00     5.3181      4.609      6.685    12.1516 0.0000e+00
      4.704      0.021     6.1345     57.165     43.338  32.206305     5.3506      7.675   286.2649 2.5562e+00     5.3606      4.613      6.689    12.1525 0.0000e+00
      4.707      0.021     6.1364     57.204     43.338  32.206211     5.3455      7.674   286.2403 2.5377e+00     5.3542      4.616      6.695    12.1512 0.0000e+00
      4.712      0.022     6.1354     57.250     43.305  32.182211     5.3496      7.674   286.0801 2.5224e+00     5.3775      4.621      6.703    12.1531 0.0000e+00
      4.717      0.024     6.1374     57.288     43.287  32.169739     5.3587      7.674   285.8772 2.5062e+00     5.5058      4.627      6.711    12.1545 0.0000e+00
      4.724      0.024     6.1366     57.338     43.302  32.182210     5.3646      7.674   285.8522 2.4786e+00     5.5730      4.631      6.717    12.1542 0.0000e+00
      4.733      0.023     6.1422     57.387     43.333  32.206199     5.3707      7.673   286.2077 2.4437e+00     5.5414      4.642      6.732    12.1535 0.0000e+00
      4.742      0.023     6.1490     57.422     43.333  32.206189     5.3746      7.672   286.6485 2.4283e+00     5.5679      4.652      6.748    12.1542 0.0000e+00
      4.746      0.022     6.1496     57.446     43.303  32.182087     5.3775      7.673   286.6212 2.4312e+00     5.6194      4.654      6.752    12.1558 0.0000e+00
      4.747      0.020     6.1573     57.456     43.287  32.168379     5.3980      7.673   286.4810 2.4242e+00     5.6522      4.654      6.751    12.1567 0.0000e+00
      4.752      0.019     6.1622     57.471     43.289  32.167244     5.4225      7.672   286.4153 2.4050e+00     5.6575      4.659      6.757    12.1590 0.0000e+00
      4.758      0.020     6.1654     57.497     43.291  32.168369     5.4159      7.670   286.1713 2.3890e+00     5.5804      4.667      6.769    12.1587 0.0000e+00
      4.763      0.022     6.1692     57.510     43.306  32.181973     5.3174      7.670   286.2842 2.3805e+00     5.5060      4.671      6.775    12.1560 0.0000e+00
      4.767      0.023     6.1692     57.508     43.337  32.204932     5.1556      7.670   286.8341 2.3610e+00     5.5094      4.672      6.778    12.1552 0.0000e+00
      4.775      0.024     6.1706     57.494     43.324  32.192357     5.0742      7.670   287.1412 2.3228e+00     5.5531      4.682      6.790    12.1499 0.0000e+00
      4.784      0.025     6.1760     57.460     43.278  32.156727     5.0829      7.670   287.2438 2.3033e+00     5.5566      4.694      6.808    12.1484 0.0000e+00
      4.789      0.026     6.1756     57.410     43.270  32.154543     5.1278      7.670   287.1291 2.2987e+00     5.4496      4.697      6.812    12.1552 0.0000e+00
      4.793      0.026     6.1754     57.366     43.280  32.165966     5.1918      7.670   286.7857 2.2741e+00     5.3173      4.697      6.814    12.1551 0.0000e+00
      4.800      0.025     6.1754     57.348     43.282  32.168035     5.2251      7.669   286.7912 2.2451e+00     5.2894      4.706      6.826    12.1489 0.0000e+00
      4.809      0.023     6.1717     57.329     43.301  32.179562     5.2311      7.668   287.1103 2.2231e+00     5.3518      4.717      6.842    12.1464 0.0000e+00
      4.815      0.022     6.1654     57.318     43.303  32.178534     5.2894      7.668   287.3741 2.2057e+00     5.3881      4.723      6.849    12.1525 0.0000e+00
      4.820      0.021     6.1568     57.347     43.276  32.155594     5.3888      7.667   287.5721 2.1896e+00     5.3527      4.727      6.854    12.1602 0.0000e+00
      4.825      0.020     6.1582     57.387     43.280  32.155802     5.4414      7.666   287.5246 2.1769e+00     5.3342      4.733      6.864    12.1588 0.0000e+00
      4.829      0.020     6.1564     57.398     43.315  32.181050     5.4516      7.667   287.2299 2.1767e+00     5.3687      4.737      6.870    12.1537 0.0000e+00
      4.831      0.022     6.1525     57.404     43.348  32.207251     5.4285      7.667   287.2794 2.1690e+00     5.3941      4.737      6.870    12.1521 0.0000e+00
      4.834      0.025     6.1584     57.429     43.364  32.218996     5.3792      7.666   287.6064 2.1393e+00     5.3679      4.740      6.873    12.1488 0.0000e+00
      4.843      0.027     6.1660     57.440     43.339  32.196256     5.3543      7.666   287.7420 2.1013e+00     5.2919      4.748      6.886    12.1433 0.0000e+00
      4.854      0.027     6.1652     57.425     43.330  32.185891     5.3523      7.666   287.7144 2.0723e+00     5.2606      4.761      6.906    12.1437 0.0000e+00
      4.865      0.026     6.1628     57.410     43.376  32.220483     5.3471      7.666   287.6159 2.0542e+00     5.2968      4.772      6.921    12.1489 0.0000e+00
      4.872      0.024     6.1686     57.415     43.393  32.234099     5.3084      7.666   287.5840 2.0461e+00     5.2862      4.779      6.930    12.1484 0.0000e+00
      4.874      0.021     6.1714     57.445     43.379  32.223715     5.2341      7.666   287.6725 2.0523e+00     5.2687      4.781      6.934    12.1409 0.0000e+00
      4.875      0.019     6.1683     57.485     43.379  32.221732     5.1807      7.665   287.8259 2.0465e+00     5.2902      4.780      6.933    12.1359 0.0000e+00
      4.880      0.019     6.1664     57.520     43.366  32.210120     5.1707      7.665   287.9768 2.0186e+00     5.3061      4.784      6.938    12.1380 0.0000e+00
      4.886      0.021     6.1661     57.545     43.365  32.210121     5.1461      7.665   288.0333 2.0030e+00     5.3925      4.792      6.950    12.1399 0.0000e+00
      4.891      0.023     6.1699     57.549     43.374  32.221741     5.0742      7.665   288.0789 1.9885e+00     5.5153      4.796      6.957    12.1402 0.0000e+00
      4.898      0.024     6.1758     57.549     43.368  32.223827     5.0174      7.665   288.1845 1.9597e+00     5.5275      4.802      6.964    12.1382 0.0000e+00
      4.906      0.025     6.1792     57.554     43.379  32.235345     5.0087      7.664   288.1060 1.9485e+00     5.4716      4.812      6.979    12.1331 0.0000e+00
      4.912      0.027     6.1839     57.564     43.384  32.234202     4.9776      7.662   287.9036 1.9534e+00     5.4890      4.818      6.988    12.1332 0.0000e+00
      4.917      0.027     6.1814     57.584     43.367  32.209997     4.8995      7.662   287.9749 1.9499e+00     5.5662      4.821      6.992    12.1396 0.0000e+00
      4.923      0.027     6.1797     57.598     43.365  32.196279     4.8460      7.662   288.1077 1.9217e+00     5.5862      4.826      6.999    12.1497 0.0000e+00
      4.932      0.026     6.1804     57.603     43.373  32.195135     4.8307      7.661   288.1316 1.8786e+00     5.5594      4.837      7.016    12.1567 0.0000e+00
      4.941      0.026     6.1801     57.603     43.380  32.196156     4.7973      7.661   288.1784 1.8572e+00     5.5485      4.847      7.030    12.1508 0.0000e+00
      4.947      0.026     6.1874     57.608     43.398  32.208618     4.7333      7.661   287.9850 1.8481e+00     5.5579      4.851      7.037    12.1328 0.0000e+00
      4.952      0.029     6.1900     57.626     43.412  32.219000     4.6901      7.661   287.6861 1.8274e+00     5.5703      4.857      7.044    12.1173 0.0000e+00
      4.957      0.034     6.1919     57.636     43.379  32.194887     4.6749      7.660   287.6616 1.8098e+00     5.5620      4.862      7.052    12.1097 0.0000e+00
      4.963      0.039     6.1925     57.634     43.348  32.170680     4.6659      7.660   287.7753 1.7978e+00     5.5595      4.865      7.056    12.1057 0.0000e+00
      4.973      0.041     6.1914     57.639     43.361  32.179922     4.6643      7.660   288.0286 1.7583e+00     5.6084      4.872      7.066    12.1048 0.0000e+00
      4.992      0.041     6.1954     57.653     43.360  32.179818     4.6640      7.660   288.3141 1.6920e+00     5.6416      4.894      7.099    12.1060 0.0000e+00
      5.010      0.041     6.1964     57.664     43.342  32.169423     4.6706      7.658   288.1304 1.6662e+00     5.6192      4.919      7.135    12.1064 0.0000e+00
      5.017      0.039     6.1954     57.665     43.352  32.181054     4.6773      7.658   287.6143 1.6872e+00     5.6108      4.922      7.140    12.1044 0.0000e+00
      5.019      0.035     6.1958     57.655     43.368  32.193639     4.6609      7.658   287.4090 1.6830e+00     5.6766      4.917      7.133    12.1029 0.0000e+00
      5.027      0.030     6.1984     57.643     43.371  32.194794     4.6314      7.657   287.5412 1.6512e+00     5.8002      4.928      7.148    12.1032 0.0000e+00
      5.037      0.027     6.1987     57.637     43.372  32.195012     4.6209      7.657   287.8360 1.6291e+00     5.8412      4.941      7.166    12.1077 0.0000e+00
      5.044      0.027     6.1979     57.625     43.372  32.196278     4.6248      7.656   288.1343 1.6106e+00     5.7962      4.946      7.174    12.1151 0.0000e+00
      5.051      0.027     6.1969     57.626     43.389  32.210102     4.6539      7.655   287.9643 1.5893e+00     5.7697      4.951      7.183    12.1156 0.0000e+00
      5.059      0.025     6.1945     57.651     43.422  32.235348     4.7233      7.654   287.5012 1.5768e+00     5.7936      4.962      7.197    12.1119 0.0000e+00
      5.064      0.022     6.1964     57.676     43.436  32.247924     4.7816      7.653   287.3533 1.5799e+00     5.8451      4.968      7.205    12.1118 0.0000e+00
      5.068      0.020     6.1926     57.695     43.418  32.235358     4.8004      7.653   287.5521 1.5812e+00     5.8456      4.969      7.208    12.1141 0.0000e+00
      5.073      0.018     6.1920     57.705     43.385  32.210217     4.8334      7.653   287.8405 1.5613e+00     5.8009      4.975      7.215    12.1145 0.0000e+00
      5.078      0.016     6.1968     57.695     43.370  32.197538     4.9074      7.653   288.0014 1.5330e+00     5.7820      4.981      7.224    12.1153 0.0000e+00
      5.082      0.015     6.1982     57.679     43.388  32.208866     4.9538      7.653   287.8624 1.5193e+00     5.8220      4.984      7.229    12.1186 0.0000e+00
      5.085      0.016     6.2007     57.684     43.406  32.220384     4.9610      7.654   287.5362 1.5218e+00     5.8754      4.988      7.234    12.1200 0.0000e+00
      5.087      0.017     6.2019     57.693     43.392  32.209990     5.0114      7.654   287.3269 1.5286e+00     5.9146      4.989      7.235    12.1191 0.0000e+00
      5.091      0.020     6.2016     57.681     43.389  32.209998     5.1045      7.653   287.3967 1.5347e+00     5.9552      4.991      7.238    12.1171 0.0000e+00
      5.097      0.024     6.1973     57.664     43.400  32.220486     5.1633      7.652   287.6056 1.5241e+00     5.9902      4.998      7.248    12.1139 0.0000e+00
      5.105      0.027     6.2002     57.662     43.384  32.209999     5.1814      7.652   287.7015 1.5000e+00     6.0646      5.007      7.262    12.1112 0.0000e+00
      5.112      0.029     6.2026     57.682     43.381  32.209999     5.1984      7.651   287.6957 1.4772e+00     6.1025      5.012      7.270    12.1125 0.0000e+00
      5.121      0.030     6.1991     57.697     43.392  32.220486     5.2189      7.650   287.6222 1.4406e+00     5.9702      5.021      7.281    12.1155 0.0000e+00
      5.131      0.031     6.1970     57.708     43.376  32.209998     5.2295      7.650   287.5015 1.4134e+00     5.7979      5.034      7.300    12.1175 0.0000e+00
      5.137      0.032     6.1947     57.732     43.377  32.209998     5.2354      7.650   287.4400 1.4136e+00     5.7613      5.040      7.310    12.1197 0.0000e+00
      5.142      0.031     6.1994     57.758     43.394  32.220486     5.2328      7.650   287.5674 1.4060e+00     5.8018      5.040      7.310    12.1213 0.0000e+00
      5.150      0.030     6.1999     57.787     43.383  32.209999     5.1806      7.649   287.8369 1.3846e+00     5.8431      5.048      7.322    12.1247 0.0000e+00
      5.163      0.028     6.1992     57.809     43.385  32.209999     5.0947      7.649   288.0313 1.3685e+00     5.9184      5.065      7.346    12.1278 0.0000e+00
      5.172      0.026     6.2040     57.815     43.400  32.220487     5.0433      7.649   288.0250 1.3628e+00     5.9947      5.075      7.361    12.1260 0.0000e+00
      5.175      0.025     6.2062     57.824     43.388  32.209999     5.0339      7.649   287.8469 1.3540e+00     6.0478      5.075      7.360    12.1216 0.0000e+00
      5.178      0.023     6.2103     57.833     43.388  32.209999     5.0309      7.649   287.7706 1.3370e+00     6.0830      5.078      7.363    12.1195 0.0000e+00
      5.183      0.022     6.2138     57.818     43.402  32.220487     5.0162      7.648   287.8773 1.3243e+00     6.0442      5.084      7.373    12.1188 0.0000e+00
      5.188      0.024     6.2129     57.802     43.384  32.209997     4.9968      7.648   287.9326 1.3102e+00     5.9885      5.088      7.379    12.1172 0.0000e+00
      5.194      0.028     6.2141     57.814     43.379  32.209978     4.9882      7.648   288.0082 1.2934e+00     5.9909      5.092      7.386    12.1159 0.0000e+00
      5.203      0.030     6.2172     57.827     43.388  32.220257     5.0121      7.647   288.1901 1.2807e+00     5.9706      5.101      7.399    12.1152 0.0000e+00
      5.213      0.033     6.2144     57.829     43.367  32.207483     5.0522      7.647   288.2390 1.2653e+00     5.9135      5.112      7.414    12.1151 0.0000e+00
      5.222      0.036     6.2095     57.842     43.331  32.182331     5.0652      7.647   288.1687 1.2498e+00     5.8478      5.121      7.427    12.1178 0.0000e+00
