Data/DataNotYetUploadedToEDI/Raw_CTD/RawDownloads/102422_fcr50_S7809003.cnv
* Sea-Bird SBE19plus  Data File:
* FileName = C:\R\Reservoirs\Data\DataNotYetUploadedToEDI\Raw_CTD\RawDownloads\101722_fcr50_S7809_0003.hex
* Software version 2.8.0.119
* Temperature SN = 7809
* Conductivity SN = 7809
* System UpLoad Time = Oct 26 2022 16:54:44
* <ApplicationData>
* <Seaterm232>
# nquan = 15
# nvalues = 1811                        
# units = specified
# name 0 = depFM: Depth [fresh water, m]
# name 1 = dz/dtM: Descent Rate [m/s]
# name 2 = sbeox0Mg/L: Oxygen, SBE 43 [mg/l]
# name 3 = sbeox0PS: Oxygen, SBE 43 [% saturation]
# name 4 = specc: Specific Conductance [uS/cm]
# name 5 = c0uS/cm: Conductivity [uS/cm]
# name 6 = flECO-AFL: Fluorescence, WET Labs ECO-AFL/FL [mg/m^3]
# name 7 = ph: pH
# name 8 = orp: Oxidation Reduction Potential [mV]
# name 9 = par/sat/log: PAR/Logarithmic, Satlantic
# name 10 = turbWETntu0: Turbidity, WET Labs ECO [NTU]
# name 11 = prdM: Pressure, Strain Gauge [db]
# name 12 = prdE: Pressure, Strain Gauge [psi]
# name 13 = tv290C: Temperature [ITS-90, deg C]
# name 14 = flag:  0.000e+00
# span 0 =     -0.627,      9.718       
# span 1 =     -0.287,      0.232       
# span 2 =     0.0930,     7.8317       
# span 3 =      0.881,     77.144       
# span 4 =      1.048,    540.666       
# span 5 =   0.991235, 401.533259       
# span 6 =    -1.7281,     9.9074       
# span 7 =      7.468,      8.780       
# span 8 =  -433.9371,   301.3264       
# span 9 = 1.2360e-01, 2.1949e+03       
# span 10 =    -4.4843,   953.1227      
# span 11 =     -0.615,      9.532      
# span 12 =     -0.892,     13.825      
# span 13 =    12.0868,    22.3331      
# span 14 = 0.0000e+00, 0.0000e+00      
# interval = seconds: 0.25
# start_time = Oct 24 2022 10:58:45 [Instrument's time stamp, header]
# bad_flag = -9.990e-29
*END*
[from data line 1735]
      1.085     -0.108     5.8116     54.324     43.161  32.192487     4.9601      8.072   197.2112 2.7085e+02     4.6932      1.055      1.531    12.2843 0.0000e+00
      1.066     -0.100     5.8125     54.299     43.146  32.182302     4.9550      8.072   197.7367 2.6867e+02     4.6972      1.043      1.513    12.2869 0.0000e+00
      1.056     -0.097     5.8135     54.296     43.148  32.184710     5.0042      8.072   198.2743 2.7319e+02     4.6678      1.041      1.509    12.2908 0.0000e+00
      1.038     -0.105     5.8174     54.302     43.195  32.221597     5.1146      8.073   198.7209 2.7609e+02     4.6452      1.020      1.480    12.2901 0.0000e+00
      1.014     -0.125     5.8175     54.290     43.225  32.247893     5.1755      8.075   198.9199 2.7694e+02     4.6297      0.994      1.441    12.2890 0.0000e+00
      0.985     -0.153     5.8102     54.267     43.215  32.249044     5.1660      8.076   198.8742 2.9513e+02     4.6166      0.973      1.410    12.2922 0.0000e+00
      0.940     -0.180     5.8116     54.259     43.185  32.235532     5.0487      8.075   198.9427 3.3999e+02     4.5548      0.929      1.349    12.2943 0.0000e+00
      0.880     -0.202     5.8138     54.259     43.140  32.211335     4.8397      8.074   199.2316 3.6801e+02     4.4291      0.861      1.249    12.2930 0.0000e+00
      0.818     -0.216     5.8116     54.234     43.128  32.210093     4.7280      8.075   199.4426 3.5372e+02     4.3948      0.799      1.159    12.2969 0.0000e+00
      0.760     -0.221     5.8059     54.202     43.138  32.220533     4.7135      8.076   199.6869 3.5130e+02     4.3797      0.748      1.085    12.3088 0.0000e+00
      0.701     -0.218     5.8036     54.197     43.127  32.210766     4.5650      8.076   199.9479 3.7790e+02     4.2799      0.687      0.996    12.3212 0.0000e+00
      0.643     -0.214     5.8051     54.207     43.139  32.218803     4.2726      8.076   199.5867 4.0156e+02     4.1797      0.624      0.905    12.3302 0.0000e+00
      0.594     -0.213     5.7996     54.214     43.176  32.254300     4.1079      8.076   198.6753 4.4810e+02     4.1237      0.581      0.842    12.3405 0.0000e+00
      0.549     -0.215     5.7932     54.234     43.234  32.322961     4.0801      8.076   198.0483 5.2122e+02     4.1160      0.542      0.786    12.3452 0.0000e+00
      0.496     -0.216     5.7943     54.283     43.289  32.414976     3.9446      8.076   197.9433 5.5968e+02     4.1204      0.490      0.709    12.3422 0.0000e+00
      0.435     -0.214     5.7976     54.354     43.207  32.415876     3.7006      8.075   198.1795 5.9628e+02     4.1088      0.427      0.619    12.3357 0.0000e+00
      0.373     -0.209     5.7962     54.434     43.051  32.333928     3.5780      8.074   198.3230 6.8189e+02     4.1114      0.366      0.531    12.3421 0.0000e+00
      0.313     -0.205     5.7947     54.519     43.032  32.311817     3.5694      8.074   197.8720 7.6679e+02     4.1526      0.304      0.441    12.3663 0.0000e+00
      0.262     -0.203     5.7918     54.598     43.173  32.402135     3.4292      8.075   197.2001 8.1429e+02     4.1968      0.251      0.363    12.4260 0.0000e+00
      0.225     -0.200     5.7881     54.640     43.322  32.538295     3.1642      8.075   197.0824 7.8408e+02     4.2019      0.220      0.319    12.5248 0.0000e+00
      0.185     -0.199     5.7896     54.674     43.336  32.626693     3.0210      8.075   197.3085 7.6129e+02     4.1806      0.190      0.276    12.5730 0.0000e+00
      0.130     -0.203     5.8025     54.766     43.320  32.710207     3.0135      8.075   197.3533 9.9632e+02     4.1776      0.131      0.190    12.5461 0.0000e+00
      0.067     -0.210     5.8189     54.909     43.382  32.850731     3.0144      8.075   197.5381 1.2934e+03     4.1997      0.059      0.087    12.5035 0.0000e+00
      0.012     -0.221     5.8200     55.079     43.353  32.930989     2.9989      8.074   197.8219 1.3580e+03     4.2091      0.010      0.015    12.5201 0.0000e+00
     -0.041     -0.240     5.8034     55.283     43.224  32.919874     2.9666      8.072   196.5690 1.3530e+03     4.3599     -0.034     -0.050    12.6380 0.0000e+00
     -0.099     -0.263     5.7989     55.481     43.154  32.906656     2.9409      8.072   193.7455 1.3767e+03     6.2964     -0.101     -0.148    12.7593 0.0000e+00
     -0.156     -0.279     5.8051     55.643     43.223  32.961429     2.9881      8.073   191.5600 1.3981e+03    27.7598     -0.153     -0.222    12.8462 0.0000e+00
     -0.225     -0.287     5.8021     55.770     43.329  33.011499     3.5536      8.076   191.9126 1.4035e+03   264.0768     -0.199     -0.289    12.9819 0.0000e+00
     -0.328     -0.286     5.8116     55.859     43.261  32.877968     4.5601      8.082   194.2232 1.4106e+03   697.1944     -0.320     -0.463    13.1041 0.0000e+00
     -0.430     -0.269     5.8290     55.905     42.653  32.297889     5.0942      8.089   196.1810 1.4168e+03   931.6649     -0.449     -0.651    13.1371 0.0000e+00
     -0.492     -0.235     5.8455     55.890     35.443  26.758528     5.1261      8.095   197.9458 1.3993e+03   933.0243     -0.484     -0.701    13.1341 0.0000e+00
     -0.539     -0.186     5.8623     55.816     20.682  15.582953     4.9376      8.100   199.4722 1.3685e+03   713.9718     -0.522     -0.757    13.1160 0.0000e+00
     -0.585     -0.129     5.8835     55.738     10.890   8.190021     4.5713      8.101   200.1825 1.3042e+03   309.1162     -0.589     -0.854    13.0187 0.0000e+00
     -0.608     -0.081     5.9129     55.729      8.980   6.747774     4.3682      8.102   200.8550 9.7945e+02    89.9054     -0.602     -0.873    12.8472 0.0000e+00
     -0.611     -0.049     5.9304     55.858      8.321   6.250934     4.4622      8.105   201.5804 4.1898e+02    89.8491     -0.598     -0.868    12.7013 0.0000e+00
     -0.610     -0.025     5.9321     56.174      7.373   5.538750     5.8581      8.107   202.5865 1.1122e+02   309.0855     -0.599     -0.868    12.6161 0.0000e+00
     -0.609     -0.008     5.9260     56.692      6.454   4.848610     8.4195      8.106   203.2974 8.0039e+01   714.2005     -0.596     -0.865    12.5776 0.0000e+00
     -0.610     -0.001     5.9244     57.375      5.979   4.491403     9.8048      8.103   203.0347 7.5358e+01   935.0104     -0.599     -0.869    12.5645 0.0000e+00
     -0.611     -0.000     5.9367     58.166      6.428   4.828778     9.9074      8.100   203.5393 7.2333e+01   953.1227     -0.600     -0.870    12.5590 0.0000e+00
     -0.611     -0.001     5.9695     59.006      6.997   5.255446     9.7188      8.098   205.0969 7.6104e+01   933.6390     -0.600     -0.870    12.5571 0.0000e+00
     -0.611     -0.001     6.0275     59.847      6.779   5.091476     7.4983      8.098   206.2091 8.1236e+01   698.8537     -0.599     -0.869    12.5559 0.0000e+00
     -0.611     -0.000     6.1015     60.628      6.740   5.062321     3.4266      8.097   206.7474 7.7707e+01   268.0373     -0.598     -0.868    12.5552 0.0000e+00
     -0.611 -4.248e-07     6.1889     61.277      7.203   5.409471     1.2043      8.095   206.7875 7.3722e+01    33.0315     -0.599     -0.869    12.5543 0.0000e+00
     -0.611     -0.000     6.2796     61.786      7.057   5.299896     0.9784      8.094   206.9522 7.3218e+01    11.5801     -0.600     -0.870    12.5538 0.0000e+00
     -0.611     -0.000     6.3707     62.196      6.242   4.687230     0.6123      8.094   207.2761 7.3161e+01     8.3633     -0.599     -0.869    12.5527 0.0000e+00
     -0.611     -0.001     6.4592     62.547      5.518   4.143383    -0.0510      8.094   207.0033 7.4569e+01     5.7855     -0.599     -0.869    12.5497 0.0000e+00
     -0.611     -0.001     6.5278     62.873      4.962   3.726123    -0.4162      8.094   206.3217 7.6177e+01     4.4600     -0.598     -0.868    12.5469 0.0000e+00
     -0.611     -0.000     6.5802     63.187      4.245   3.187655    -0.4402      8.090   206.3474 8.0546e+01     4.2924     -0.599     -0.869    12.5453 0.0000e+00
     -0.611     -0.000     6.6229     63.469      3.930   2.950918    -0.3831      8.085   208.3469 1.0900e+02     3.2808     -0.600     -0.870    12.5439 0.0000e+00
     -0.612     -0.001     6.6591     63.704      4.271   3.206255    -0.2834      8.079   210.9666 3.6863e+02     1.3842     -0.600     -0.871    12.5425 0.0000e+00
     -0.612     -0.001     6.6931     63.885      4.648   3.489281    -0.2263      8.074   212.9846 6.6119e+02     0.3870     -0.601     -0.872    12.5408 0.0000e+00
     -0.611      0.000     6.7280     63.961      4.694   3.523997    -0.2085      8.070   214.6784 5.2430e+02     0.3448     -0.599     -0.869    12.5390 0.0000e+00
     -0.611 -4.247e-07     6.7597     63.889      4.662   3.499370    -0.2172      8.068   216.1313 2.8111e+02     0.1225     -0.599     -0.868    12.5371 0.0000e+00
     -0.612     -0.000     6.7836     63.710      4.758   3.571378    -0.2478      8.068   218.5053 3.0185e+02    -0.3190     -0.601     -0.872    12.5349 0.0000e+00
     -0.613     -0.000     6.8060     63.489      4.590   3.444969    -0.2627      8.068   222.4747 3.8307e+02    -0.5533     -0.602     -0.873    12.5330 0.0000e+00
     -0.612     -0.001     6.8172     63.262      4.482   3.363825    -0.2648      8.069   227.0427 5.2032e+02    -0.5585     -0.599     -0.870    12.5316 0.0000e+00
     -0.612     -0.001     6.8070     63.067      5.054   3.793178    -0.2231      8.070   232.2655 6.4152e+02    -0.4850     -0.600     -0.869    12.5302 0.0000e+00
     -0.612     -0.000     6.7852     62.948      5.602   4.204385    -0.1405      8.070   238.6452 4.4649e+02    -0.3810     -0.601     -0.871    12.5292 0.0000e+00
     -0.612 3.9146e-07     6.7609     62.939      5.370   4.030455    -0.0902      8.067   243.9523 3.4781e+02    -0.3257     -0.600     -0.872    12.5285 0.0000e+00
     -0.613      0.000     6.7359     63.036      4.867   3.652932    -0.0802      8.062   243.6913 9.1931e+02    -0.2946     -0.601     -0.871    12.5275 0.0000e+00
     -0.613      0.000     6.7129     63.198      4.582   3.438541    -0.0870      8.056   241.1673 1.8131e+03    -0.2790     -0.602     -0.873    12.5265 0.0000e+00
     -0.612      0.001     6.6992     63.392      4.532   3.400928    -0.1055      8.050   243.6354 2.1949e+03    -0.1705     -0.601     -0.871    12.5256 0.0000e+00
     -0.612      0.001     6.6981     63.604      4.599   3.451398    -0.1298      8.043   247.8932 1.6705e+03     0.0612     -0.600     -0.870    12.5247 0.0000e+00
     -0.612      0.001     6.7108     63.787      4.636   3.478974    -0.1477      8.037   250.4892 6.9578e+02     0.1656     -0.600     -0.871    12.5240 0.0000e+00
     -0.612      0.001     6.7300     63.882      4.639   3.481100    -0.1558      8.033   252.2227 1.6368e+02     0.1347     -0.600     -0.870    12.5232 0.0000e+00
     -0.612      0.000     6.7497     63.864      4.465   3.350478    -0.1532      8.031   253.9685 1.0742e+02     0.0292     -0.600     -0.870    12.5224 0.0000e+00
     -0.612 1.8626e-08     6.7750     63.751      4.135   3.102538    -0.1408      8.030   256.7975 9.9467e+01    -0.1543     -0.600     -0.870    12.5215 0.0000e+00
     -0.612 2.0489e-07     6.7971     63.586      3.850   2.889070    -0.1390      8.029   259.8425 9.8110e+01    -0.2732     -0.600     -0.870    12.5209 0.0000e+00
     -0.612 2.0489e-07     6.8085     63.406      3.725   2.795358    -0.1478      8.029   261.7894 1.0029e+02    -0.3152     -0.600     -0.869    12.5204 0.0000e+00
     -0.612 1.8628e-08     6.8055     63.251      3.805   2.855804    -0.1476      8.028   262.2693 1.1438e+02    -0.3207     -0.599     -0.870    12.5199 0.0000e+00
     -0.612 1.7073e-09     6.7916     63.158      3.980   2.986825    -0.1356      8.026   262.3760 1.6046e+02    -0.3054     -0.600     -0.871    12.5197 0.0000e+00
     -0.612 3.0787e-10     6.7733     63.129      4.064   3.050022    -0.1277      8.026   262.5628 4.6031e+02    -0.3013     -0.600     -0.870    12.5196 0.0000e+00
     -0.612 -9.990e-29     6.7521 -9.990e-29 -9.990e-29 -9.990e-29 -9.990e-29 -9.990e-29 -9.990e-29 7.2143e+02 -9.990e-29     -0.601     -0.871    12.5190 0.0000e+00
     -0.612 -9.990e-29     6.7343 -9.990e-29 -9.990e-29 -9.990e-29 -9.990e-29 -9.990e-29 -9.990e-29 4.5520e+02 -9.990e-29     -0.600     -0.870    12.5188 0.0000e+00
     -0.612 -9.990e-29     6.7242 -9.990e-29 -9.990e-29 -9.990e-29 -9.990e-29 -9.990e-29 -9.990e-29 1.7736e+02 -9.990e-29     -0.600     -0.870    12.5187 0.0000e+00
     -0.612 -9.990e-29     6.7223 -9.990e-29 -9.990e-29 -9.990e-29 -9.990e-29 -9.990e-29 -9.990e-29 1.6163e+02 -9.990e-29     -0.600     -0.870    12.5185 0.0000e+00
