Data/DataNotYetUploadedToEDI/Raw_CTD/RawDownloads/102423_fcr50_S7809002.cnv
* Sea-Bird SBE19plus  Data File:
* FileName = C:\R\Reservoirs\Data\DataNotYetUploadedToEDI\Raw_CTD\RawDownloads\102423_bvr50_S7809_0002.hex
* Software version 2.8.0.119
* Temperature SN = 7809
* Conductivity SN = 7809
* System UpLoad Time = Oct 30 2023 21:45:59
* <ApplicationData>
* <Seaterm232>
# nquan = 15
# nvalues = 2878                        
# units = specified
# name 0 = depFM: Depth [fresh water, m]
# name 1 = dz/dtM: Descent Rate [m/s]
# name 2 = sbeox0Mg/L: Oxygen, SBE 43 [mg/l]
# name 3 = sbeox0PS: Oxygen, SBE 43 [% saturation]
# name 4 = specc: Specific Conductance [uS/cm]
# name 5 = c0uS/cm: Conductivity [uS/cm]
# name 6 = flECO-AFL: Fluorescence, WET Labs ECO-AFL/FL [mg/m^3]
# name 7 = ph: pH
# name 8 = orp: Oxidation Reduction Potential [mV]
# name 9 = par/sat/log: PAR/Logarithmic, Satlantic
# name 10 = turbWETntu0: Turbidity, WET Labs ECO [NTU]
# name 11 = prdM: Pressure, Strain Gauge [db]
# name 12 = prdE: Pressure, Strain Gauge [psi]
# name 13 = tv290C: Temperature [ITS-90, deg C]
# name 14 = flag:  0.000e+00
# span 0 =     -0.556,      9.589       
# span 1 =     -0.243,      0.177       
# span 2 =     4.7598,    10.0842       
# span 3 =     45.059,     98.841       
# span 4 =      0.676,     74.514       
# span 5 =   0.592112,  56.363309       
# span 6 =    -0.1577,    10.1561       
# span 7 =      4.617,      9.575       
# span 8 =   -87.2542,  1240.2295       
# span 9 = 1.2366e-01, 9.5004e+02       
# span 10 =    -0.3570,    92.5053      
# span 11 =     -0.545,      9.404      
# span 12 =     -0.792,     13.640      
# span 13 =    12.7926,    18.7678      
# span 14 = 0.0000e+00, 0.0000e+00      
# interval = seconds: 0.25
# start_time = Oct 24 2023 14:17:14 [Instrument's time stamp, header]
# bad_flag = -9.990e-29
*END*
[from data line 2699]
      2.967     -0.066     7.9351     77.071     48.269  37.241595     7.0570      7.062   237.4502 1.4808e+01    12.1554      2.907      4.215    13.5663 0.0000e+00
      2.944     -0.068     7.9417     77.361     48.171  37.166280     6.9624      7.063   237.5822 1.4842e+01    12.9834      2.886      4.185    13.5702 0.0000e+00
      2.925     -0.062     7.9613     77.652     48.116  37.124510     6.9198      7.063   237.4750 1.4874e+01    13.3754      2.869      4.161    13.5715 0.0000e+00
      2.909     -0.052     7.9892     77.900     48.105  37.117291     6.9250      7.062   237.0142 1.4833e+01    13.3427      2.851      4.135    13.5731 0.0000e+00
      2.898     -0.047     8.0151     78.063     48.052  37.078991     7.1075      7.061   236.5703 1.4603e+01    12.9641      2.839      4.117    13.5739 0.0000e+00
      2.893     -0.051     8.0467     78.147     48.001  37.042168     7.4704      7.062   237.1843 1.4278e+01    12.2818      2.836      4.112    13.5739 0.0000e+00
      2.891     -0.061     8.0785     78.200     47.929  36.989348     7.6759      7.064   238.3288 1.4068e+01    11.8904      2.838      4.116    13.5746 0.0000e+00
      2.881     -0.075     8.1058     78.231     47.874  36.948002     7.6863      7.067   238.7932 1.4193e+01    11.7168      2.833      4.109    13.5765 0.0000e+00
      2.855     -0.090     8.1229     78.241     47.924  36.986442     7.6125      7.070   237.8952 1.4626e+01    11.0030      2.804      4.067    13.5787 0.0000e+00
      2.819     -0.104     8.1272     78.264     47.954  37.009932     7.4826      7.072   236.2474 1.5154e+01     9.8523      2.764      4.009    13.5821 0.0000e+00
      2.783     -0.114     8.1331     78.326     47.829  36.914748     7.4145      7.072   235.8203 1.5656e+01     9.2818      2.729      3.957    13.5846 0.0000e+00
      2.752     -0.117     8.1366     78.429     47.662  36.787412     7.4214      7.071   236.7747 1.6068e+01     9.2968      2.698      3.911    13.5851 0.0000e+00
      2.725     -0.117     8.1356     78.558     47.513  36.675962     7.4578      7.071   237.8920 1.6455e+01     9.7944      2.672      3.875    13.5856 0.0000e+00
      2.700     -0.117     8.1369     78.662     47.303  36.519028     7.5051      7.071   238.4020 1.6975e+01    10.7555      2.649      3.842    13.5863 0.0000e+00
      2.674     -0.121     8.1438     78.732     47.156  36.412839     7.5266      7.072   238.2097 1.7676e+01    11.3186      2.623      3.804    13.5870 0.0000e+00
      2.644     -0.128     8.1535     78.824     47.139  36.407308     7.5354      7.072   237.5458 1.8570e+01    11.3757      2.595      3.763    13.5882 0.0000e+00
      2.609     -0.137     8.1694     78.940     47.106  36.388705     7.6364      7.074   236.9997 1.9655e+01    11.1394      2.560      3.713    13.5919 0.0000e+00
      2.569     -0.142     8.1811     79.090     47.086  36.378282     7.8157      7.076   237.2862 2.0790e+01    10.6473      2.519      3.653    13.5973 0.0000e+00
      2.531     -0.138     8.1810     79.298     47.203  36.471645     7.9141      7.078   237.9981 2.2016e+01    10.3783      2.482      3.600    13.6045 0.0000e+00
      2.491     -0.125     8.1918     79.563     47.324  36.565753     7.9269      7.079   238.7235 2.3466e+01    10.3810      2.444      3.545    13.6146 0.0000e+00
      2.451     -0.105     8.2013     79.896     47.241  36.500880     7.9450      7.080   239.2604 2.4709e+01    10.3385      2.397      3.477    13.6225 0.0000e+00
      2.423     -0.084     8.2139     80.258     47.009  36.321809     8.1583      7.079   239.1547 2.5387e+01    10.1031      2.369      3.436    13.6271 0.0000e+00
      2.413     -0.064     8.2371     80.598     46.816  36.177299     8.5499      7.077   238.9947 2.5819e+01     9.7560      2.364      3.429    13.6311 0.0000e+00
      2.408     -0.044     8.2617     80.863     46.689  36.086143     8.7598      7.073   239.0461 2.6328e+01     9.6260      2.364      3.428    13.6315 0.0000e+00
      2.402     -0.030     8.2997     80.983     46.625  36.044547     8.7734      7.067   239.0021 2.6816e+01     9.6576      2.357      3.419    13.6285 0.0000e+00
      2.393     -0.030     8.3394     81.005     46.711  36.118534     8.6556      7.062   239.9256 2.7012e+01     9.4550      2.346      3.402    13.6287 0.0000e+00
      2.388     -0.042     8.3742     81.064     46.836  36.219295     8.4101      7.062   241.6944 2.6779e+01     9.0219      2.340      3.393    13.6335 0.0000e+00
      2.387     -0.055     8.4051     81.177     46.872  36.247603     8.2595      7.065   242.4924 2.6427e+01     8.7253      2.343      3.398    13.6419 0.0000e+00
      2.377     -0.062     8.4147     81.320     46.904  36.270456     8.2495      7.068   242.1738 2.6577e+01     8.6004      2.341      3.396    13.6512 0.0000e+00
      2.348     -0.061     8.4060     81.504     46.953  36.305244     8.4150      7.070   241.7141 2.6957e+01     7.8198      2.306      3.346    13.6593 0.0000e+00
      2.311     -0.056     8.4133     81.720     46.932  36.287501     8.7214      7.066   242.2687 2.6667e+01     6.3584      2.258      3.275    13.6645 0.0000e+00
      2.291     -0.053     8.4268     81.930     46.877  36.246290     8.8821      7.059   243.5456 2.5591e+01     5.5166      2.240      3.249    13.6642 0.0000e+00
      2.290     -0.054     8.4401     82.070     46.881  36.251133     8.8683      7.058   244.1609 2.4196e+01     5.3955      2.243      3.254    13.6611 0.0000e+00
      2.299     -0.060     8.4612     82.120     46.921  36.282604     8.6295      7.063   244.2019 2.3038e+01     5.6123      2.255      3.272    13.6579 0.0000e+00
      2.299     -0.072     8.4840     82.080     46.958  36.309546     8.1919      7.067   244.1272 2.2679e+01     6.0887      2.266      3.287    13.6559 0.0000e+00
      2.275     -0.093     8.5104     81.984     46.978  36.323077     7.9390      7.071   244.2905 2.3076e+01     6.3382      2.240      3.248    13.6569 0.0000e+00
      2.232     -0.118     8.5233     81.894     46.976  36.319291     7.8860      7.075   244.5407 2.3658e+01     6.4427      2.187      3.172    13.6601 0.0000e+00
      2.188     -0.139     8.5289     81.815     46.988  36.327223     7.6590      7.079   244.6581 2.4155e+01     8.0694      2.143      3.108    13.6610 0.0000e+00
      2.149     -0.148     8.5248     81.741     47.026  36.355533     7.2498      7.081   245.1079 2.4612e+01    11.1819      2.107      3.055    13.6590 0.0000e+00
      2.114     -0.139     8.5103     81.683     47.012  36.344315     7.0337      7.081   245.6769 2.5291e+01    12.9555      2.075      3.007    13.6564 0.0000e+00
      2.076     -0.119     8.5031     81.633     46.895  36.255035     7.0104      7.079   246.0314 2.6315e+01    13.1520      2.037      2.955    13.6537 0.0000e+00
      2.037     -0.094     8.4958     81.581     46.775  36.164404     7.0173      7.078   245.8660 2.7192e+01    13.0458      1.992      2.889    13.6520 0.0000e+00
      2.010     -0.071     8.4867     81.526     46.735  36.136834     7.2748      7.073   245.3118 2.7558e+01    11.8767      1.964      2.847    13.6512 0.0000e+00
      2.003     -0.053     8.4818     81.450     46.780  36.175516     7.7530      7.064   245.2671 2.7594e+01     9.7767      1.961      2.845    13.6514 0.0000e+00
      2.006     -0.046     8.4768     81.366     46.875  36.251395     8.0218      7.060   245.4977 2.7506e+01     8.6623      1.967      2.853    13.6514 0.0000e+00
      2.008     -0.051     8.4709     81.338     46.928  36.292841     8.0519      7.061   245.8629 2.7541e+01     8.5137      1.971      2.859    13.6529 0.0000e+00
      2.002     -0.067     8.4654     81.388     46.933  36.295926     8.0428      7.066   246.4139 2.8027e+01     8.2534      1.969      2.857    13.6580 0.0000e+00
      1.981     -0.087     8.4568     81.474     46.926  36.288699     8.0279      7.072   245.8781 2.8952e+01     7.9400      1.950      2.828    13.6628 0.0000e+00
      1.945     -0.102     8.4437     81.591     46.902  36.268908     8.0297      7.078   244.4614 3.0016e+01     7.8338      1.909      2.768    13.6660 0.0000e+00
      1.903     -0.105     8.4391     81.729     46.874  36.246990     8.0484      7.082   244.0831 3.0843e+01     8.0965      1.864      2.704    13.6666 0.0000e+00
      1.866     -0.097     8.4488     81.852     46.831  36.214055     8.0627      7.082   244.7453 3.1223e+01    10.6025      1.825      2.648    13.6645 0.0000e+00
      1.840     -0.082     8.4569     81.944     46.796  36.187964     8.0692      7.079   245.4996 3.1154e+01    15.1447      1.798      2.608    13.6625 0.0000e+00
      1.828     -0.072     8.4689     81.980     46.791  36.185324     8.0762      7.078   246.0619 3.0659e+01    17.6526      1.789      2.596    13.6614 0.0000e+00
      1.827     -0.071     8.4865     81.955     46.786  36.182142     8.0729      7.080   246.2098 3.0165e+01    17.7654      1.790      2.598    13.6610 0.0000e+00
      1.824     -0.080     8.4980     81.928     46.825  36.212947     7.9541      7.082   246.0832 3.0186e+01    16.0988      1.795      2.604    13.6609 0.0000e+00
      1.804     -0.096     8.5093     81.917     46.860  36.240527     7.7211      7.084   245.9934 3.0769e+01    12.9766      1.777      2.578    13.6618 0.0000e+00
      1.766     -0.116     8.5140     81.897     46.805  36.198339     7.5869      7.086   246.1573 3.1747e+01    11.2365      1.733      2.513    13.6635 0.0000e+00
      1.723     -0.132     8.5069     81.896     46.740  36.147023     7.5809      7.087   246.4293 3.2944e+01    11.1142      1.688      2.448    13.6646 0.0000e+00
      1.683     -0.137     8.5034     81.921     46.715  36.127691     7.5478      7.089   247.0456 3.3963e+01    11.3956      1.649      2.392    13.6655 0.0000e+00
      1.646     -0.128     8.5051     81.942     46.668  36.091507     7.4688      7.090   248.0166 3.4811e+01    11.8376      1.613      2.340    13.6662 0.0000e+00
      1.612     -0.108     8.5002     81.962     46.582  36.026789     7.4254      7.090   248.4474 3.5917e+01    12.0512      1.582      2.294    13.6661 0.0000e+00
      1.582     -0.082     8.4999     81.969     46.517  35.979711     7.4149      7.086   248.5540 3.6562e+01    12.0307      1.549      2.246    13.6653 0.0000e+00
      1.560     -0.057     8.5053     81.962     46.495  35.966456     7.4248      7.080   248.7889 3.6202e+01    11.9663      1.523      2.211    13.6645 0.0000e+00
      1.553     -0.041     8.5058     81.983     46.525  35.993422     7.6786      7.071   248.9645 3.5402e+01    11.5800      1.520      2.205    13.6647 0.0000e+00
      1.558     -0.037     8.5084     82.045     46.598  36.051957     8.1525      7.063   249.7309 3.4340e+01    10.8785      1.527      2.214    13.6667 0.0000e+00
      1.564     -0.047     8.5096     82.119     46.664  36.103140     8.4022      7.062   251.0003 3.3364e+01    10.4527      1.536      2.228    13.6703 0.0000e+00
      1.560     -0.069     8.5049     82.217     46.668  36.104663     8.3846      7.065   251.4925 3.3150e+01    10.3594      1.537      2.230    13.6746 0.0000e+00
      1.539     -0.100     8.5058     82.357     46.625  36.070373     8.0725      7.068   251.3801 3.3727e+01    10.7755      1.517      2.199    13.6788 0.0000e+00
      1.501     -0.130     8.5144     82.512     46.624  36.069239     7.5168      7.073   251.1036 3.4909e+01    11.6240      1.474      2.138    13.6814 0.0000e+00
      1.454     -0.153     8.5206     82.639     46.653  36.090954     7.2253      7.078   251.0753 3.6515e+01    12.0791      1.426      2.068    13.6813 0.0000e+00
      1.405     -0.162     8.5300     82.726     46.638  36.079132     7.2198      7.083   251.9846 3.8092e+01    12.0757      1.378      1.999    13.6796 0.0000e+00
      1.358     -0.156     8.5462     82.778     46.605  36.053202     7.3675      7.083   253.0637 3.9658e+01    11.8913      1.330      1.930    13.6780 0.0000e+00
      1.314     -0.142     8.5646     82.778     46.576  36.031247     7.6455      7.079   253.5394 4.1242e+01    11.6598      1.286      1.866    13.6771 0.0000e+00
      1.278     -0.131     8.5781     82.719     46.540  36.004037     7.8023      7.077   253.5213 4.2148e+01    11.5658      1.248      1.810    13.6766 0.0000e+00
      1.254     -0.126     8.5864     82.643     46.505  35.978008     7.8066      7.077   253.1884 4.2633e+01    11.5403      1.225      1.776    13.6762 0.0000e+00
      1.238     -0.129     8.5926     82.580     46.492  35.970346     7.7299      7.079   252.6117 4.3564e+01    11.3863      1.219      1.767    13.6764 0.0000e+00
      1.215     -0.139     8.5938     82.529     46.496  35.974847     7.5996      7.082   252.3135 4.4846e+01    11.1383      1.199      1.740    13.6768 0.0000e+00
      1.175     -0.151     8.5852     82.504     46.486  35.968982     7.5374      7.084   252.6810 4.5806e+01    11.0344      1.155      1.676    13.6772 0.0000e+00
      1.123     -0.162     8.5750     82.486     46.476  35.962893     7.5437      7.085   253.1821 4.5897e+01    11.1209      1.103      1.598    13.6784 0.0000e+00
      1.068     -0.170     8.5705     82.474     46.476  35.964669     7.5510      7.084   253.2105 4.5420e+01    11.4667      1.044      1.514    13.6804 0.0000e+00
      1.020     -0.169     8.5619     82.523     46.508  35.990463     7.5589      7.085   252.9384 4.4862e+01    12.0038      0.995      1.444    13.6830 0.0000e+00
      0.983     -0.155     8.5606     82.636     46.547  36.020967     7.5645      7.088   252.3874 4.3954e+01    12.2860      0.964      1.399    13.6852 0.0000e+00
      0.948     -0.130     8.5599     82.761     46.541  36.016227     7.5766      7.088   251.6241 4.2303e+01    12.2826      0.932      1.352    13.6863 0.0000e+00
      0.909     -0.096     8.5537     82.870     46.515  35.996612     7.5978      7.084   251.5393 4.0714e+01    12.2023      0.889      1.291    13.6878 0.0000e+00
      0.877     -0.061     8.5595     82.985     46.485  35.974154     7.7118      7.076   252.0511 3.9944e+01    11.4863      0.853      1.237    13.6893 0.0000e+00
      0.863     -0.030     8.5730     83.101     46.434  35.935044     7.9316      7.070   252.6495 3.9943e+01    10.1848      0.840      1.217    13.6900 0.0000e+00
      0.870     -0.005     8.5882     83.176     46.393  35.904444     8.0588      7.061   252.6645 4.0889e+01     9.4459      0.849      1.231    13.6901 0.0000e+00
      0.890      0.009     8.5971     83.214     46.414  35.921429     8.0926      7.048   251.8026 4.1679e+01     9.3496      0.876      1.271    13.6900 0.0000e+00
      0.906      0.007     8.6087     83.239     46.449  35.950060     8.3061      7.037   251.1764 4.1531e+01     9.0202      0.893      1.296    13.6908 0.0000e+00
      0.912     -0.012     8.6240     83.249     46.427  35.933368     8.6765      7.033   251.1166 4.0939e+01     8.2981      0.896      1.300    13.6919 0.0000e+00
      0.908     -0.041     8.6302     83.233     46.396  35.909965     8.8670      7.037   251.0796 3.9799e+01     7.8267      0.895      1.299    13.6929 0.0000e+00
      0.891     -0.071     8.6334     83.214     46.409  35.920896     8.8623      7.046   251.0726 3.8101e+01     7.8640      0.879      1.275    13.6937 0.0000e+00
      0.861     -0.091     8.6351     83.204     46.430  35.938635     8.5604      7.058   251.4628 3.6247e+01     9.1935      0.846      1.227    13.6946 0.0000e+00
      0.825     -0.099     8.6383     83.193     46.422  35.934097     7.9889      7.069   252.0977 3.4795e+01    11.6043      0.808      1.174    13.6953 0.0000e+00
      0.790     -0.095     8.6341     83.190     46.415  35.929487     7.6709      7.074   252.3816 3.3836e+01    12.8961      0.772      1.120    13.6961 0.0000e+00
      0.762     -0.086     8.6311     83.197     46.434  35.946339     7.6199      7.071   252.2284 3.3418e+01    13.0955      0.743      1.077    13.6975 0.0000e+00
