Data/DataNotYetUploadedToEDI/Raw_CTD/RawDownloads/102422_bvr50_S8188002.cnv
* Sea-Bird SBE19plus  Data File:
* FileName = C:\R\Reservoirs\Data\DataNotYetUploadedToEDI\Raw_CTD\RawDownloads\101722_fcr50_S8188_0002.hex
* Software version 2.8.0.119
* Temperature SN = 8188
* Conductivity SN = 8188
* System UpLoad Time = Oct 26 2022 17:16:53
* <ApplicationData>
* <Seaterm232>
# nquan = 16
# nvalues = 1784                        
# units = specified
# name 0 = depFM: Depth [fresh water, m]
# name 1 = dz/dtM: Descent Rate [m/s]
# name 2 = sbeox0Mg/L: Oxygen, SBE 43 [mg/l]
# name 3 = sbeox0PS: Oxygen, SBE 43 [% saturation]
# name 4 = specc: Specific Conductance [uS/cm]
# name 5 = c0uS/cm: Conductivity [uS/cm]
# name 6 = wetCDOM: Fluorescence, WET Labs CDOM [mg/m^3]
# name 7 = flECO-AFL: Fluorescence, WET Labs ECO-AFL/FL [mg/m^3]
# name 8 = flECO-AFL1: Fluorescence, WET Labs ECO-AFL/FL, 2 [mg/m^3]
# name 9 = flECO-AFL2: Fluorescence, WET Labs ECO-AFL/FL, 3 [mg/m^3]
# name 10 = par/sat/log: PAR/Logarithmic, Satlantic
# name 11 = turbWETntu0: Turbidity, WET Labs ECO [NTU]
# name 12 = prdM: Pressure, Strain Gauge [db]
# name 13 = prdE: Pressure, Strain Gauge [psi]
# name 14 = tv290C: Temperature [ITS-90, deg C]
# name 15 = flag:  0.000e+00
# span 0 =     -0.692,      7.280       
# span 1 =     -0.211,      0.167       
# span 2 =     2.0517,     9.7982       
# span 3 =     18.600,     92.737       
# span 4 =      0.042,     53.007       
# span 5 =   0.035741,  38.239732       
# span 6 =    -4.5000,     8.8200       
# span 7 =    -2.5989,     9.3108       
# span 8 =    -3.3654,     2.0022       
# span 9 =    -7.7409,     4.4838       
# span 10 = 1.1597e-01, 2.0684e+03      
# span 11 =   -11.4856,   262.5739      
# span 12 =     -0.679,      7.139      
# span 13 =     -0.984,     10.354      
# span 14 =    10.9592,    17.5653      
# span 15 = 0.0000e+00, 0.0000e+00      
# interval = seconds: 0.25
# start_time = Oct 24 2022 08:17:02 [Instrument's time stamp, header]
# bad_flag = -9.990e-29
*END*
[from data line 1628]
      3.748     -0.143     7.7783     72.999     37.320  27.158145     6.6600     1.6584     0.3408     0.3384 3.4058e+00    10.0526      3.675      5.330    11.3831 0.0000e+00
      3.709     -0.145     7.8437     73.606     37.276  27.128698     6.6600     1.6698     0.3408     0.3384 3.5881e+00    10.0075      3.638      5.276    11.3863 0.0000e+00
      3.670     -0.146     7.9375     74.481     37.218  27.091572     6.6600     1.6507     0.3408     0.3384 3.8348e+00    10.0226      3.599      5.220    11.3930 0.0000e+00
      3.629     -0.148     8.0491     75.527     37.155  27.052705     6.6600     1.6202     0.3408     0.3384 4.1415e+00    10.0075      3.559      5.162    11.4030 0.0000e+00
      3.588     -0.150     8.1667     76.629     37.100  27.021530     6.6600     1.5134     0.3408     0.3384 4.4736e+00    10.1278      3.519      5.104    11.4146 0.0000e+00
      3.547     -0.152     8.2779     77.674     37.067  27.005572     6.5700     1.5401     0.3408     0.3807 4.6865e+00    10.1428      3.479      5.045    11.4258 0.0000e+00
      3.507     -0.155     8.3751     78.587     37.050  27.000576     6.5700     1.5363     0.3408     0.3807 5.0966e+00    10.0075      3.439      4.988    11.4356 0.0000e+00
      3.468     -0.156     8.4559     79.345     37.042  27.001251     6.5700     1.5248     0.3408     0.3807 5.4886e+00    10.1278      3.401      4.933    11.4437 0.0000e+00
      3.432     -0.157     8.5188     79.936     37.045  27.007776     6.5700     1.5935     0.3408     0.3807 5.7736e+00     9.7971      3.365      4.881    11.4498 0.0000e+00
      3.398     -0.154     8.5649     80.369     37.055  27.017932     6.5700     1.5706     0.3408     0.3384 5.7399e+00     9.7670      3.333      4.833    11.4541 0.0000e+00
      3.367     -0.150     8.5972     80.675     37.063  27.026508     6.5700     1.5630     0.3408     0.3384 5.7100e+00     9.7971      3.302      4.789    11.4578 0.0000e+00
      3.337     -0.144     8.6182     80.876     37.066  27.031833     6.5700     1.5935     0.3408     0.3384 5.7013e+00     9.8723      3.273      4.746    11.4617 0.0000e+00
      3.306     -0.138     8.6297     80.990     37.067  27.035326     6.5700     1.6355     0.3408     0.3384 6.0000e+00     9.6618      3.242      4.702    11.4659 0.0000e+00
      3.273     -0.133     8.6332     81.034     37.060  27.033959     6.5700     1.6431     0.2982     0.2538 6.2774e+00     9.7069      3.210      4.655    11.4707 0.0000e+00
      3.237     -0.129     8.6302     81.018     37.045  27.027368     6.5700     1.6584     0.2982     0.2538 6.6858e+00     9.5566      3.175      4.604    11.4767 0.0000e+00
      3.199     -0.129     8.6228     80.956     37.030  27.021715     6.5700     1.6546     0.2982     0.2538 7.1083e+00     9.6318      3.138      4.551    11.4837 0.0000e+00
      3.160     -0.131     8.6132     80.868     37.020  27.019451     6.5700     1.5325     0.2982     0.2538 7.4872e+00     9.5717      3.099      4.495    11.4903 0.0000e+00
      3.121     -0.136     8.6016     80.757     37.015  27.019973     6.4800     1.5287     0.3408     0.2961 7.8538e+00     9.5717      3.060      4.439    11.4956 0.0000e+00
      3.080     -0.141     8.5885     80.628     37.010  27.019462     6.4800     1.5439     0.3408     0.2961 8.4267e+00     9.6167      3.021      4.381    11.4997 0.0000e+00
      3.040     -0.147     8.5746     80.488     36.999  27.013821     6.4800     1.5706     0.3408     0.2961 9.0610e+00     9.7220      2.982      4.324    11.5036 0.0000e+00
      3.001     -0.151     8.5602     80.342     36.989  27.009465     6.4800     1.7308     0.3408     0.2961 9.6735e+00     9.6468      2.943      4.268    11.5076 0.0000e+00
      2.963     -0.153     8.5456     80.192     36.990  27.013153     6.4800     1.7118     0.3408     0.2961 1.0169e+01     9.6017      2.906      4.215    11.5113 0.0000e+00
      2.928     -0.153     8.5306     80.037     36.999  27.021907     6.4800     1.7232     0.2982     0.3807 1.0386e+01     9.5416      2.871      4.164    11.5146 0.0000e+00
      2.894     -0.151     8.5153     79.880     37.012  27.034103     6.4800     1.7156     0.2982     0.3807 1.0440e+01     9.6017      2.838      4.116    11.5179 0.0000e+00
      2.860     -0.148     8.5003     79.726     37.023  27.045073     6.4800     1.7537     0.2982     0.3807 1.1260e+01     9.4063      2.805      4.068    11.5215 0.0000e+00
      2.827     -0.144     8.4857     79.579     37.020  27.045866     6.4800     1.7652     0.2982     0.3807 1.2134e+01     9.2711      2.772      4.021    11.5264 0.0000e+00
      2.794     -0.140     8.4720     79.441     37.005  27.040652     6.4800     1.7690     0.2982     0.2538 1.2574e+01     9.3011      2.740      3.974    11.5342 0.0000e+00
      2.763     -0.135     8.4598     79.317     36.992  27.039920     6.4800     1.7614     0.2982     0.2538 1.3583e+01     9.4364      2.709      3.929    11.5457 0.0000e+00
      2.733     -0.131     8.4497     79.213     36.981  27.043473     6.4800     1.6202     0.2982     0.2538 1.4015e+01     9.3612      2.680      3.888    11.5616 0.0000e+00
      2.706     -0.127     8.4416     79.128     36.961  27.044341     6.4800     1.6088     0.2982     0.2538 1.4310e+01     9.4214      2.654      3.849    11.5827 0.0000e+00
      2.681     -0.122     8.4356     79.062     36.934  27.042757     6.3900     1.5859     0.2982     0.3384 1.4257e+01     9.2861      2.629      3.813    11.6066 0.0000e+00
      2.657     -0.117     8.4317     79.017     36.911  27.042259     6.3900     1.5935     0.2982     0.3384 1.4382e+01     9.3462      2.606      3.779    11.6288 0.0000e+00
      2.633     -0.111     8.4297     78.993     36.895  27.042713     6.3900     1.5783     0.2982     0.3384 1.4360e+01     9.4063      2.582      3.745    11.6456 0.0000e+00
      2.607     -0.106     8.4292     78.986     36.882  27.040283     6.3900     1.6622     0.2982     0.3384 1.4332e+01     9.4364      2.556      3.708    11.6553 0.0000e+00
      2.578     -0.103 -9.990e-29 -9.990e-29     36.866  27.030362     6.4800     1.6698     0.2982     0.3384 1.5218e+01     9.3011      2.528      3.667    11.6574 0.0000e+00
      2.545     -0.103 -9.990e-29 -9.990e-29     36.858  27.022181     6.4800     1.6774     0.2982     0.3384 1.6410e+01     9.2861      2.496      3.620    11.6544 0.0000e+00
      2.508     -0.107 -9.990e-29 -9.990e-29     36.866  27.025437     6.4800     1.6393     0.2982     0.3384 1.7675e+01     9.2560      2.460      3.568    11.6503 0.0000e+00
      2.469     -0.114 -9.990e-29 -9.990e-29     36.879  27.033080     6.4800     1.8338     0.2982     0.3384 1.9093e+01     9.3312      2.422      3.512    11.6477 0.0000e+00
      2.429     -0.123 -9.990e-29 -9.990e-29     36.881  27.035269     6.4800     1.8377     0.2982     0.3384 1.9868e+01     9.4063      2.382      3.454    11.6484 0.0000e+00
      2.387     -0.133 -9.990e-29 -9.990e-29     36.877  27.036548     6.4800     1.8377     0.2982     0.2961 2.1294e+01     9.3612      2.341      3.395    11.6546 0.0000e+00
      2.343     -0.143 -9.990e-29 -9.990e-29     36.880  27.049134     6.4800     1.8224     0.2982     0.2961 2.2365e+01     9.3161      2.298      3.333    11.6686 0.0000e+00
      2.299     -0.152 -9.990e-29 -9.990e-29     36.890  27.072427     6.4800     1.9101     0.2982     0.2961 2.4932e+01     9.3462      2.255      3.271    11.6911 0.0000e+00
      2.255     -0.159 -9.990e-29 -9.990e-29     36.895  27.096799     6.4800     1.9025     0.2982     0.2961 2.6034e+01     9.3612      2.212      3.208    11.7192 0.0000e+00
      2.211     -0.165 -9.990e-29 -9.990e-29     36.892  27.116872     6.4800     1.8758     0.2982     0.2538 2.8043e+01     9.3763      2.169      3.145    11.7489 0.0000e+00
      2.169     -0.168 -9.990e-29 -9.990e-29     36.887  27.134042     6.4800     1.8949     0.2982     0.2538 3.0049e+01     9.3462      2.127      3.085    11.7774 0.0000e+00
      2.128     -0.169 -9.990e-29 -9.990e-29     36.883  27.148929     6.4800     2.0665     0.2982     0.2538 3.1472e+01     9.1057      2.086      3.026    11.8017 0.0000e+00
      2.088     -0.169 -9.990e-29 -9.990e-29     36.874  27.157582     6.4800     2.0932     0.2982     0.2538 3.1630e+01     9.0606      2.048      2.970    11.8215 0.0000e+00
      2.049     -0.167 -9.990e-29 -9.990e-29     36.864  27.162312     6.3900     2.0932     0.2982     0.3807 3.5062e+01     9.1057      2.010      2.915    11.8380 0.0000e+00
      2.012     -0.163 -9.990e-29 -9.990e-29     36.860  27.168339     6.3900     2.0932     0.2982     0.3807 3.4993e+01     9.2109      1.973      2.861    11.8509 0.0000e+00
      1.974     -0.160 -9.990e-29 -9.990e-29     36.856  27.173310     6.3900     2.2802     0.2982     0.3807 3.7997e+01     8.8953      1.936      2.808    11.8616 0.0000e+00
      1.937     -0.156 -9.990e-29 -9.990e-29     36.851  27.178551     6.3900     2.2573     0.2982     0.3807 3.8806e+01     8.8652      1.899      2.755    11.8730 0.0000e+00
      1.900     -0.152 -9.990e-29 -9.990e-29     36.852  27.189420     6.3900     2.2497     0.3408     0.3384 4.1403e+01     8.7901      1.863      2.702    11.8867 0.0000e+00
      1.863     -0.150 -9.990e-29 -9.990e-29     36.853  27.200897     6.3900     2.2649     0.3408     0.3384 4.4211e+01     8.8652      1.826      2.649    11.9012 0.0000e+00
      1.826     -0.148 -9.990e-29 -9.990e-29     36.849  27.208123     6.3900     2.4595     0.3408     0.3384 4.3298e+01     8.8352      1.790      2.597    11.9150 0.0000e+00
      1.788     -0.147 -9.990e-29 -9.990e-29     36.844  27.213027     6.3900     2.4480     0.3408     0.3384 4.9189e+01     8.7901      1.753      2.543    11.9273 0.0000e+00
      1.751     -0.146 -9.990e-29 -9.990e-29     36.838  27.216915     6.3900     2.4251     0.3408     0.3384 4.9704e+01     8.8803      1.716      2.490    11.9382 0.0000e+00
      1.714     -0.146 -9.990e-29 -9.990e-29     36.833  27.220825     6.4800     2.4328     0.3408     0.3384 5.6823e+01     8.8502      1.681      2.438    11.9481 0.0000e+00
      1.679     -0.145 -9.990e-29 -9.990e-29     36.830  27.225799     6.4800     2.3259     0.3408     0.3384 5.3795e+01     8.8953      1.646      2.388    11.9587 0.0000e+00
      1.646     -0.143 -9.990e-29 -9.990e-29     36.823  27.229205     6.4800     2.3412     0.3408     0.3384 6.1340e+01     8.8953      1.614      2.341    11.9703 0.0000e+00
      1.613     -0.141 -9.990e-29 -9.990e-29     36.815  27.231952     6.4800     2.3336     0.3408     0.3384 5.2354e+01     8.8652      1.582      2.294    11.9821 0.0000e+00
      1.579     -0.139 -9.990e-29 -9.990e-29     36.818  27.242692     6.3900     2.3069     0.2556     0.3807 5.3318e+01     8.8502      1.549      2.246    11.9933 0.0000e+00
      1.543     -0.137 -9.990e-29 -9.990e-29     36.824  27.254389     6.3900     2.7074     0.2556     0.3807 5.5978e+01     8.9254      1.513      2.195    12.0030 0.0000e+00
      1.504     -0.137 -9.990e-29 -9.990e-29     36.819  27.256304     6.3900     2.6998     0.2556     0.3807 5.5121e+01     8.8953      1.475      2.139    12.0112 0.0000e+00
      1.462     -0.139 -9.990e-29 -9.990e-29     36.811  27.254889     6.3900     2.6998     0.2556     0.3807 6.4709e+01     8.8803      1.434      2.079    12.0169 0.0000e+00
      1.419     -0.143 -9.990e-29 -9.990e-29     36.810  27.255706     6.3900     2.6883     0.2982     0.4230 6.2267e+01     9.0005      1.391      2.018    12.0195 0.0000e+00
      1.375     -0.149 -9.990e-29 -9.990e-29     36.814  27.258973     6.3900     2.4595     0.2982     0.4230 7.0447e+01     8.9254      1.348      1.956    12.0199 0.0000e+00
      1.331     -0.155 -9.990e-29 -9.990e-29     36.817  27.261600     6.3900     2.4595     0.2982     0.4230 6.8858e+01     8.8953      1.306      1.894    12.0206 0.0000e+00
      1.288     -0.161 -9.990e-29 -9.990e-29     36.812  27.260330     6.3900     2.4366     0.2982     0.4230 7.7330e+01     8.9404      1.263      1.832    12.0238 0.0000e+00
      1.244     -0.166 -9.990e-29 -9.990e-29     36.803  27.258782     6.3900     2.4595     0.2982     0.4230 7.3384e+01     8.7901      1.220      1.770    12.0307 0.0000e+00
      1.201     -0.168 -9.990e-29 -9.990e-29     36.796  27.260503     6.3900     2.5854     0.3408     0.4653 8.3459e+01     8.9855      1.178      1.709    12.0405 0.0000e+00
      1.159     -0.170 -9.990e-29 -9.990e-29     36.793  27.265954     6.3900     2.5586     0.3408     0.4653 8.0747e+01     8.8352      1.137      1.649    12.0509 0.0000e+00
      1.117     -0.169 -9.990e-29 -9.990e-29     36.791  27.272628     6.3900     2.5777     0.3408     0.4653 8.9177e+01     8.8202      1.095      1.589    12.0611 0.0000e+00
      1.074     -0.169 -9.990e-29 -9.990e-29     36.790  27.278345     6.3900     2.5663     0.3408     0.4653 8.5329e+01     8.8652      1.054      1.528    12.0704 0.0000e+00
      1.031     -0.168 -9.990e-29 -9.990e-29     36.789  27.284631     6.3900     2.4709     0.2982     0.4653 9.3301e+01     8.6398      1.012      1.467    12.0794 0.0000e+00
      0.987     -0.168 -9.990e-29 -9.990e-29     36.786  27.289203     6.3900     2.4785     0.2982     0.4653 1.0324e+02     8.6849      0.969      1.405    12.0890 0.0000e+00
      0.943     -0.168 -9.990e-29 -9.990e-29     36.776  27.289321     6.3900     2.4442     0.2982     0.4653 1.1164e+02     8.6548      0.925      1.342    12.0994 0.0000e+00
      0.898     -0.169 -9.990e-29 -9.990e-29     36.764  27.288975     6.3900     2.4442     0.2982     0.4653 1.2068e+02     8.6698      0.881      1.278    12.1104 0.0000e+00
      0.852     -0.171 -9.990e-29 -9.990e-29     36.762  27.295993     6.3900     2.6121     0.2982     0.4653 1.3585e+02     8.6999      0.836      1.213    12.1227 0.0000e+00
      0.806     -0.173 -9.990e-29 -9.990e-29     36.768  27.310267     6.3900     2.6311     0.2982     0.4653 1.6740e+02     8.6097      0.791      1.147    12.1354 0.0000e+00
      0.761     -0.175 -9.990e-29 -9.990e-29     36.775  27.323725     6.3900     2.6197     0.2982     0.4653 1.4525e+02     8.6849      0.746      1.082    12.1471 0.0000e+00
      0.716     -0.176 -9.990e-29 -9.990e-29     36.779  27.334017     6.3900     2.6235     0.2982     0.4653 1.8479e+02     8.6698      0.702      1.018    12.1574 0.0000e+00
      0.673     -0.177 -9.990e-29 -9.990e-29     36.782  27.343889     6.3900     2.5739     0.2982     0.6345 2.6558e+02     8.9254      0.660      0.957    12.1670 0.0000e+00
      0.631     -0.176 -9.990e-29 -9.990e-29     36.792  27.357951     6.3900     2.5739     0.2982     0.6345 2.8812e+02     8.8953      0.619      0.898    12.1766 0.0000e+00
      0.592     -0.173 -9.990e-29 -9.990e-29     36.808  27.377975     6.3900     2.5586     0.2982     0.6345 2.1126e+02     8.8502      0.580      0.842    12.1877 0.0000e+00
      0.554     -0.170 -9.990e-29 -9.990e-29     36.817  27.395442     6.3900     2.5663     0.2982     0.6345 2.3403e+02     8.9254      0.544      0.788    12.2023 0.0000e+00
      0.518     -0.164 -9.990e-29 -9.990e-29     36.811  27.405111     6.3900     2.5663     0.2982     0.6345 2.4736e+02     8.6698      0.509      0.737    12.2211 0.0000e+00
      0.485     -0.158 -9.990e-29 -9.990e-29     36.796  27.409562     6.3900     2.5434     0.2982     0.5499 3.7624e+02     8.6398      0.476      0.690    12.2419 0.0000e+00
      0.454     -0.151 -9.990e-29 -9.990e-29     36.778  27.409982     6.3900     2.5815     0.2982     0.5499 2.8077e+02     8.6849      0.445      0.645    12.2607 0.0000e+00
      0.426     -0.143 -9.990e-29 -9.990e-29     36.764  27.410444     6.3900     2.5510     0.2982     0.5499 3.9527e+02     8.5797      0.418      0.606    12.2758 0.0000e+00
