Data/DataNotYetUploadedToEDI/Raw_CTD/RawDownloads/102422_fcr50_S8188003.cnv
* Sea-Bird SBE19plus  Data File:
* FileName = C:\R\Reservoirs\Data\DataNotYetUploadedToEDI\Raw_CTD\RawDownloads\101722_fcr50_S8188_0003.hex
* Software version 2.8.0.119
* Temperature SN = 8188
* Conductivity SN = 8188
* System UpLoad Time = Oct 26 2022 17:17:21
* <ApplicationData>
* <Seaterm232>
# nquan = 16
# nvalues = 1901                        
# units = specified
# name 0 = depFM: Depth [fresh water, m]
# name 1 = dz/dtM: Descent Rate [m/s]
# name 2 = sbeox0Mg/L: Oxygen, SBE 43 [mg/l]
# name 3 = sbeox0PS: Oxygen, SBE 43 [% saturation]
# name 4 = specc: Specific Conductance [uS/cm]
# name 5 = c0uS/cm: Conductivity [uS/cm]
# name 6 = wetCDOM: Fluorescence, WET Labs CDOM [mg/m^3]
# name 7 = flECO-AFL: Fluorescence, WET Labs ECO-AFL/FL [mg/m^3]
# name 8 = flECO-AFL1: Fluorescence, WET Labs ECO-AFL/FL, 2 [mg/m^3]
# name 9 = flECO-AFL2: Fluorescence, WET Labs ECO-AFL/FL, 3 [mg/m^3]
# name 10 = par/sat/log: PAR/Logarithmic, Satlantic
# name 11 = turbWETntu0: Turbidity, WET Labs ECO [NTU]
# name 12 = prdM: Pressure, Strain Gauge [db]
# name 13 = prdE: Pressure, Strain Gauge [psi]
# name 14 = tv290C: Temperature [ITS-90, deg C]
# name 15 = flag:  0.000e+00
# span 0 =     -0.625,      9.655       
# span 1 =     -0.258,      0.114       
# span 2 =    -1.9686,     9.8794       
# span 3 =    -18.338,     96.456       
# span 4 =     -0.039,    537.340       
# span 5 =  -0.036637, 399.003146       
# span 6 =    -4.5000,    16.3800       
# span 7 =    -1.3667,   245.2038       
# span 8 =    -5.2398,     2.3430       
# span 9 =    -5.3721,     9.6444       
# span 10 = 1.1592e-01, 2.5162e+03      
# span 11 =   -11.6960,   207.6087      
# span 12 =     -0.613,      9.468      
# span 13 =     -0.889,     13.732      
# span 14 =    12.0862,    21.2318      
# span 15 = 0.0000e+00, 0.0000e+00      
# interval = seconds: 0.25
# start_time = Oct 24 2022 10:44:59 [Instrument's time stamp, header]
# bad_flag = -9.990e-29
*END*
[from data line 1085]
      5.055      0.021     7.4588     69.364     43.336  32.153381     4.5900     3.9091     0.0852     0.8037 1.5641e+00     5.8893      4.957      7.189    12.0947 0.0000e+00
      5.059      0.021     7.4575     69.352     43.335  32.152809     4.5900     3.9167     0.1278     0.8037 1.5563e+00     6.0245      4.962      7.196    12.0947 0.0000e+00
      5.064      0.021     7.4578     69.355     43.331  32.149821     4.5900     3.9320     0.1278     0.8037 1.5068e+00     5.6037      4.966      7.203    12.0947 0.0000e+00
      5.069      0.020     7.4590     69.366     43.334  32.151542     4.5900     3.9091     0.1278     0.8037 1.5553e+00     5.5586      4.971      7.210    12.0947 0.0000e+00
      5.074      0.020     7.4608     69.382     43.343  32.158431     4.5900     3.8862     0.1278     0.8037 1.4973e+00     5.4384      4.976      7.217    12.0948 0.0000e+00
      5.080      0.020     7.4626     69.399     43.356  32.168363     4.5900     3.9091     0.1278     0.7614 1.5392e+00     5.4684      4.981      7.225    12.0949 0.0000e+00
      5.085      0.020     7.4637     69.410     43.372  32.180027     4.5900     3.9396     0.1278     0.7614 1.5061e+00     5.7841      4.987      7.233    12.0950 0.0000e+00
      5.090      0.020     7.4639     69.413     43.383  32.188614     4.5900     3.9167     0.1278     0.7614 1.4824e+00     5.7239      4.992      7.240    12.0950 0.0000e+00
      5.096      0.020     7.4635     69.410     43.389  32.192451     4.5900     3.9167     0.1278     0.7614 1.4673e+00     5.6939      4.997      7.248    12.0950 0.0000e+00
      5.102      0.021     7.4630     69.405     43.389  32.192562     4.5900     3.8938     0.1278     0.7614 1.4744e+00     5.7239      5.003      7.256    12.0949 0.0000e+00
      5.107      0.021     7.4628     69.404     43.384  32.188978     4.5900     3.9510     0.0852     0.7614 1.4632e+00     5.8292      5.008      7.264    12.0947 0.0000e+00
      5.113      0.022     7.4638     69.413     43.373  32.180742     4.5900     3.9091     0.0852     0.7614 1.4490e+00     5.7690      5.014      7.272    12.0946 0.0000e+00
      5.118      0.022     7.4659     69.433     43.364  32.173578     4.5900     3.9358     0.0852     0.7614 1.4702e+00     5.7239      5.019      7.280    12.0946 0.0000e+00
      5.124      0.022     7.4691     69.464     43.364  32.173498     4.5900     3.9243     0.0852     0.7614 1.4187e+00     5.8292      5.025      7.288    12.0945 0.0000e+00
      5.130      0.022     7.4729     69.500     43.368  32.176519     4.5000     3.8099     0.1278     0.8037 1.3897e+00     5.5736      5.031      7.297    12.0944 0.0000e+00
      5.136      0.022     7.4763     69.531     43.367  32.175526     4.5000     3.7946     0.1278     0.8037 1.3443e+00     5.4684      5.037      7.305    12.0943 0.0000e+00
      5.142      0.022     7.4783     69.549     43.354  32.166294     4.5000     3.7870     0.1278     0.8037 1.3837e+00     5.4985      5.042      7.313    12.0943 0.0000e+00
      5.148      0.023     7.4786     69.551     43.338  32.154282     4.5000     3.8099     0.1278     0.8037 1.3347e+00     5.5887      5.048      7.321    12.0944 0.0000e+00
      5.153      0.023     7.4780     69.545     43.330  32.148169     4.5900     3.7183     0.1278     0.7614 1.3344e+00     5.8141      5.053      7.329    12.0944 0.0000e+00
      5.159      0.022     7.4778     69.542     43.333  32.150284     4.5900     3.7489     0.1278     0.7614 1.3318e+00     5.7390      5.059      7.337    12.0944 0.0000e+00
      5.164      0.022     7.4781     69.545     43.342  32.157232     4.5900     3.7298     0.1278     0.7614 1.2880e+00     5.7390      5.064      7.345    12.0943 0.0000e+00
      5.170      0.022     7.4778     69.543     43.350  32.162943     4.5900     3.7298     0.1278     0.7614 1.3237e+00     5.7690      5.070      7.353    12.0943 0.0000e+00
      5.175      0.022     7.4766     69.532     43.352  32.164981     4.5900     3.8557     0.1278     0.7614 1.2986e+00     5.7690      5.075      7.361    12.0942 0.0000e+00
      5.180      0.022     7.4757     69.523     43.356  32.167850     4.5900     3.8938     0.1278     0.8460 1.2986e+00     5.6939      5.081      7.368    12.0942 0.0000e+00
      5.186      0.022     7.4753     69.519     43.362  32.172313     4.5900     3.8404     0.1278     0.8460 1.2939e+00     5.6488      5.086      7.376    12.0942 0.0000e+00
      5.191      0.021     7.4739     69.505     43.361  32.171642     4.5900     3.8671     0.1278     0.8460 1.2829e+00     5.7390      5.091      7.384    12.0941 0.0000e+00
      5.196      0.021     7.4709     69.477     43.353  32.165656     4.5900     3.7450     0.1278     0.8460 1.2674e+00     5.8592      5.096      7.391    12.0941 0.0000e+00
      5.202      0.021     7.4673     69.444     43.346  32.160681     4.5900     3.7374     0.1278     0.8460 1.2559e+00     5.8292      5.101      7.399    12.0941 0.0000e+00
      5.207      0.021     7.4643     69.416     43.345  32.159351     4.5900     3.7565     0.1278     0.8460 1.2622e+00     5.6939      5.107      7.407    12.0941 0.0000e+00
      5.212      0.021     7.4627     69.402     43.342  32.157349     4.5900     3.7221     0.1278     0.8460 1.2636e+00     5.7239      5.112      7.414    12.0941 0.0000e+00
      5.218      0.021     7.4620     69.396     43.338  32.154142     4.5900     3.7908     0.1278     0.8460 1.2348e+00     6.0095      5.117      7.422    12.0941 0.0000e+00
      5.223      0.021     7.4618     69.394     43.336  32.152836     4.5900     3.8099     0.1278     0.8037 1.2172e+00     6.0245      5.123      7.429    12.0942 0.0000e+00
      5.229      0.021     7.4628     69.403     43.336  32.153082     4.5900     3.8099     0.1278     0.8037 1.2204e+00     5.9795      5.128      7.437    12.0942 0.0000e+00
      5.234      0.021     7.4661     69.433     43.339  32.154946     4.5900     3.8023     0.1278     0.8037 1.1991e+00     5.9193      5.133      7.445    12.0942 0.0000e+00
      5.239      0.021     7.4713     69.481     43.344  32.158925     4.5900     3.7527     0.1278     0.8037 1.1929e+00     5.9193      5.138      7.452    12.0942 0.0000e+00
      5.244      0.021     7.4770     69.534     43.354  32.166079     4.5900     3.7221     0.1278     0.9306 1.1934e+00     6.0245      5.143      7.459    12.0942 0.0000e+00
      5.249      0.021     7.4823     69.583     43.360  32.170397     4.5900     3.7603     0.1278     0.9306 1.1874e+00     5.9043      5.148      7.467    12.0941 0.0000e+00
      5.255      0.021     7.4873     69.630     43.352  32.165107     4.5900     3.7336     0.1278     0.9306 1.1962e+00     6.0546      5.153      7.474    12.0941 0.0000e+00
      5.260      0.021     7.4917     69.671     43.346  32.160681     4.5900     3.8747     0.1278     0.9306 1.1652e+00     5.8292      5.159      7.482    12.0942 0.0000e+00
      5.266      0.021     7.4941     69.693     43.356  32.167821     4.5900     3.8557     0.1278     0.9306 1.1350e+00     5.6939      5.164      7.490    12.0942 0.0000e+00
      5.271      0.021     7.4945     69.696     43.373  32.180509     4.5900     3.8595     0.1278     0.9306 1.1429e+00     5.7540      5.170      7.498    12.0944 0.0000e+00
      5.277      0.021     7.4935     69.687     43.386  32.190246     4.5900     3.8747     0.1278     0.9306 1.1519e+00     5.8141      5.175      7.505    12.0946 0.0000e+00
      5.282      0.022     7.4912     69.665     43.393  32.195670     4.5900     3.8709     0.1278     0.9306 1.1434e+00     5.4684      5.180      7.513    12.0948 0.0000e+00
      5.288      0.022     7.4881     69.636     43.396  32.198226     4.5900     3.8519     0.1278     0.9306 1.1188e+00     5.5736      5.186      7.521    12.0951 0.0000e+00
      5.294      0.022     7.4848     69.605     43.391  32.194637     4.5900     3.8519     0.1278     0.8037 1.1142e+00     5.5736      5.191      7.529    12.0952 0.0000e+00
      5.299      0.022     7.4808     69.568     43.382  32.187904     4.5900     3.8633     0.1278     0.8037 1.0924e+00     5.5286      5.197      7.537    12.0954 0.0000e+00
      5.305      0.022     7.4758     69.521     43.382  32.188114     4.5900     3.8786     0.1278     0.8037 1.1074e+00     6.0245      5.202      7.545    12.0957 0.0000e+00
      5.310      0.022     7.4706     69.473     43.391  32.195323     4.5900     3.8671     0.1278     0.8037 1.1161e+00     6.0546      5.207      7.552    12.0960 0.0000e+00
      5.315      0.021     7.4655     69.426     43.402  32.203533     4.5900     3.8671     0.1278     0.7614 1.0912e+00     5.9644      5.212      7.559    12.0962 0.0000e+00
      5.320      0.021     7.4604     69.378     43.407  32.207012     4.5900     3.8557     0.1278     0.7614 1.0626e+00     5.9795      5.217      7.566    12.0964 0.0000e+00
      5.325      0.021     7.4557     69.335     43.401  32.202727     4.5900     3.8862     0.1278     0.7614 1.0647e+00     5.8141      5.221      7.573    12.0965 0.0000e+00
      5.329      0.020     7.4523     69.304     43.388  32.193495     4.5900     3.9358     0.1278     0.7614 1.0544e+00     5.7089      5.226      7.580    12.0966 0.0000e+00
      5.334      0.020     7.4496     69.278     43.371  32.180817     4.5900     3.9320     0.0852     0.8883 1.0668e+00     5.8292      5.231      7.587    12.0966 0.0000e+00
      5.340      0.019     7.4470     69.254     43.355  32.169231     4.5900     3.9434     0.0852     0.8883 1.0834e+00     5.7390      5.236      7.595    12.0966 0.0000e+00
      5.345      0.020     7.4450     69.236     43.353  32.167529     4.5900     4.1036     0.0852     0.8883 9.9817e-01     5.6638      5.242      7.603    12.0964 0.0000e+00
      5.351      0.020     7.4432     69.220     43.359  32.171298     4.5900     4.0884     0.0852     0.8883 1.0128e+00     5.8292      5.248      7.611    12.0963 0.0000e+00
      5.357      0.021     7.4413     69.203     43.362  32.173621     4.5900     4.0807     0.0852     0.8883 1.0166e+00     5.7690      5.253      7.619    12.0962 0.0000e+00
      5.362      0.021     7.4398     69.189     43.364  32.175117     4.6800     4.0884     0.1278     0.8460 1.0330e+00     5.8292      5.259      7.627    12.0962 0.0000e+00
      5.367      0.022     7.4390     69.182     43.370  32.180147     4.6800     4.0388     0.1278     0.8460 9.7991e-01     5.7540      5.264      7.634    12.0963 0.0000e+00
      5.373      0.022     7.4385     69.176     43.384  32.190051     4.6800     4.0426     0.1278     0.8460 9.5759e-01     5.8141      5.269      7.642    12.0965 0.0000e+00
      5.378      0.022     7.4383     69.174     43.396  32.199550     4.6800     4.0273     0.1278     0.8460 9.6553e-01     5.7690      5.274      7.649    12.0966 0.0000e+00
      5.383      0.021     7.4388     69.179     43.404  32.205235     4.5900     4.0235     0.0852     0.8037 9.7969e-01     5.7239      5.279      7.656    12.0968 0.0000e+00
      5.388      0.021     7.4409     69.198     43.400  32.202683     4.5900     3.8938     0.0852     0.8037 9.5801e-01     5.7239      5.284      7.663    12.0972 0.0000e+00
      5.393      0.020     7.4448     69.234     43.386  32.193193     4.5900     3.9014     0.0852     0.8037 9.6658e-01     5.7239      5.289      7.670    12.0977 0.0000e+00
      5.398      0.020     7.4500     69.282     43.379  32.188096     4.5900     3.9434     0.0852     0.8037 9.7842e-01     5.7390      5.294      7.677    12.0980 0.0000e+00
      5.403      0.020     7.4549     69.328     43.382  32.189993     4.5900     3.9281     0.1278     0.8037 9.4642e-01     5.7540      5.299      7.685    12.0979 0.0000e+00
      5.408      0.020     7.4583     69.361     43.376  32.185528     4.5900     3.9548     0.1278     0.8037 9.0676e-01     5.7540      5.304      7.692    12.0977 0.0000e+00
      5.414      0.020     7.4601     69.378     43.363  32.175492     4.5900     3.9777     0.1278     0.8037 9.1071e-01     5.7540      5.309      7.700    12.0975 0.0000e+00
      5.419      0.020     7.4604     69.382     43.357  32.171069     4.5900     3.9892     0.1278     0.8037 8.9872e-01     5.8893      5.315      7.708    12.0972 0.0000e+00
      5.424      0.020     7.4596     69.376     43.355  32.169100     4.5900     3.9739     0.1278     0.8460 9.1329e-01     5.8292      5.320      7.715    12.0970 0.0000e+00
      5.430      0.021     7.4582     69.362     43.360  32.173020     4.5900     3.7946     0.1278     0.8460 9.1051e-01     5.7690      5.325      7.723    12.0968 0.0000e+00
      5.436      0.021     7.4565     69.347     43.375  32.183874     4.5900     3.7870     0.1278     0.8460 8.9463e-01     5.7239      5.331      7.732    12.0967 0.0000e+00
      5.442      0.022     7.4555     69.337     43.382  32.188716     4.5900     3.8061     0.1278     0.8460 8.9774e-01     5.7540      5.337      7.740    12.0966 0.0000e+00
      5.448      0.022     7.4551     69.334     43.382  32.188835     4.5900     3.8023     0.1278     0.8460 9.1230e-01     5.7841      5.343      7.749    12.0965 0.0000e+00
      5.454      0.022     7.4551     69.333     43.387  32.192184     4.5900     3.8557     0.1278     0.6768 8.8304e-01     5.4684      5.349      7.758    12.0966 0.0000e+00
      5.460      0.023     7.4550     69.331     43.386  32.191737     4.5900     3.8366     0.1278     0.6768 8.8285e-01     5.5286      5.355      7.766    12.0967 0.0000e+00
      5.466      0.023     7.4550     69.331     43.374  32.183413     4.5900     3.8862     0.1278     0.6768 8.6594e-01     5.5286      5.361      7.775    12.0969 0.0000e+00
      5.473      0.024     7.4558     69.337     43.360  32.172914     4.5900     3.8671     0.1278     0.6768 8.9307e-01     5.5286      5.367      7.784    12.0970 0.0000e+00
      5.480      0.024     7.4575     69.352     43.350  32.165359     4.5900     3.8251     0.0852     0.7191 8.1323e-01     5.7690      5.374      7.794    12.0970 0.0000e+00
      5.487      0.025     7.4602     69.377     43.346  32.162697     4.5900     3.8595     0.0852     0.7191 8.7141e-01     5.8292      5.381      7.804    12.0971 0.0000e+00
      5.495      0.025     7.4635     69.407     43.342  32.160255     4.5900     3.8671     0.0852     0.7191 8.5863e-01     5.7089      5.388      7.815    12.0973 0.0000e+00
      5.502      0.026     7.4663     69.433     43.338  32.157383     4.5900     3.8480     0.0852     0.7191 7.8869e-01     5.7089      5.395      7.825    12.0979 0.0000e+00
      5.509      0.027     7.4682     69.451     43.336  32.157276     4.5900     4.0006     0.1278     0.8883 8.4273e-01     5.8292      5.402      7.835    12.0988 0.0000e+00
      5.516      0.028     7.4693     69.461     43.339  32.159904     4.5900     4.0006     0.1278     0.8883 7.8544e-01     5.8292      5.409      7.845    12.0999 0.0000e+00
      5.523      0.028     7.4694     69.462     43.341  32.162009     4.5900     3.9968     0.1278     0.8883 7.4036e-01     5.6789      5.416      7.855    12.1007 0.0000e+00
      5.531      0.028     7.4682     69.451     43.338  32.160191     4.5900     3.9854     0.1278     0.8883 7.6973e-01     5.7690      5.424      7.867    12.1011 0.0000e+00
      5.539      0.029     7.4662     69.433     43.340  32.161886     4.5900     4.0083     0.1278     0.8883 7.8869e-01     5.8292      5.432      7.878    12.1010 0.0000e+00
      5.548      0.029     7.4637     69.410     43.348  32.167546     4.5900     4.0159     0.1278     0.7614 7.1802e-01     5.6939      5.440      7.891    12.1005 0.0000e+00
      5.557      0.030     7.4610     69.385     43.348  32.166800     4.5900     4.0159     0.1278     0.7614 6.9349e-01     5.7239      5.449      7.904    12.0999 0.0000e+00
      5.566      0.032     7.4583     69.361     43.344  32.163408     4.5900     4.0197     0.1278     0.7614 7.0335e-01     5.7991      5.458      7.917    12.0995 0.0000e+00
