Data/DataNotYetUploadedToEDI/Raw_CTD/RawDownloads/102423_bvr50_S8188001.cnv
* Sea-Bird SBE19plus  Data File:
* FileName = C:\R\Reservoirs\Data\DataNotYetUploadedToEDI\Raw_CTD\RawDownloads\102423_bvr50_S8188_0001.hex
* Software version 2.8.0.119
* Temperature SN = 8188
* Conductivity SN = 8188
* System UpLoad Time = Oct 30 2023 22:19:57
* <ApplicationData>
* <Seaterm232>
# nquan = 16
# nvalues = 3285                        
# units = specified
# name 0 = depFM: Depth [fresh water, m]
# name 1 = dz/dtM: Descent Rate [m/s]
# name 2 = sbeox0Mg/L: Oxygen, SBE 43 [mg/l]
# name 3 = sbeox0PS: Oxygen, SBE 43 [% saturation]
# name 4 = specc: Specific Conductance [uS/cm]
# name 5 = c0uS/cm: Conductivity [uS/cm]
# name 6 = wetCDOM: Fluorescence, WET Labs CDOM [mg/m^3]
# name 7 = flECO-AFL: Fluorescence, WET Labs ECO-AFL/FL [mg/m^3]
# name 8 = flECO-AFL1: Fluorescence, WET Labs ECO-AFL/FL, 2 [mg/m^3]
# name 9 = flECO-AFL2: Fluorescence, WET Labs ECO-AFL/FL, 3 [mg/m^3]
# name 10 = par/sat/log: PAR/Logarithmic, Satlantic
# name 11 = turbWETntu0: Turbidity, WET Labs ECO [NTU]
# name 12 = prdM: Pressure, Strain Gauge [db]
# name 13 = prdE: Pressure, Strain Gauge [psi]
# name 14 = tv290C: Temperature [ITS-90, deg C]
# name 15 = flag:  0.000e+00
# span 0 =     -0.563,      9.450       
# span 1 =     -0.353,      0.199       
# span 2 =    -0.1845,     6.8431       
# span 3 =     -1.694,     65.999       
# span 4 =   -522.382,    300.284       
# span 5 =-374.569854, 219.083419       
# span 6 =    -4.5000,     9.9000       
# span 7 =    -0.3024,     2.8600       
# span 8 =    -2.1300,     1.8318       
# span 9 =    -2.0304,     1.0998       
# span 10 = 1.1590e-01, 8.7939e+02      
# span 11 =    -0.4835,    72.5028      
# span 12 =     -0.552,      9.267      
# span 13 =     -0.800,     13.440      
# span 14 =    10.1839,    13.7318      
# span 15 = 0.0000e+00, 0.0000e+00      
# interval = seconds: 0.25
# start_time = Oct 24 2023 10:38:29 [Instrument's time stamp, header]
# bad_flag = -9.990e-29
*END*
[from data line 1537]
      0.152     -0.002     4.8496     46.554     35.352  27.260060     5.0400     2.0055     0.3408     0.4653 1.7614e+01    10.5787      0.149      0.215    13.5510 0.0000e+00
      0.151     -0.002     4.8458     46.580     35.353  27.260650     5.0400     2.0284     0.3408     0.4653 1.7439e+01    10.5035      0.148      0.215    13.5512 0.0000e+00
      0.151     -0.002     4.8440     46.599     35.359  27.265045     4.9500     2.0055     0.3834     0.4653 1.7710e+01    10.5186      0.148      0.214    13.5515 0.0000e+00
      0.150     -0.002     4.8434     46.619     35.366  27.270456     4.9500     2.1085     0.3834     0.4653 1.7710e+01    10.5035      0.147      0.213    13.5519 0.0000e+00
      0.150     -0.001     4.8449     46.628     35.366  27.270409     4.9500     2.0780     0.3834     0.4653 1.7892e+01    10.5787      0.147      0.212    13.5521 0.0000e+00
      0.149     -0.001     4.8476     46.609     35.360  27.264891     4.9500     2.0856     0.3834     0.4653 1.8028e+01    10.6388      0.146      0.212    13.5520 0.0000e+00
      0.149     -0.000     4.8496     46.572     35.355  27.260348     4.9500     2.1009     0.3408     0.5499 1.8289e+01    10.6538      0.146      0.212    13.5518 0.0000e+00
      0.149     -0.000     4.8517     46.532     35.355  27.259530     4.9500     2.0398     0.3408     0.5499 1.8269e+01    10.5186      0.146      0.212    13.5514 0.0000e+00
      0.149      0.000     4.8528     46.497     35.353  27.258258     4.9500     2.0246     0.3408     0.5499 1.8245e+01    10.6238      0.146      0.212    13.5509 0.0000e+00
      0.149      0.000     4.8509     46.476     35.346  27.252233     4.9500     2.0475     0.3408     0.5499 1.8301e+01    10.5486      0.146      0.212    13.5501 0.0000e+00
      0.149      0.001     4.8471     46.456     35.335  27.243809     4.9500     2.0246     0.3408     0.5922 1.8218e+01    10.6087      0.146      0.212    13.5492 0.0000e+00
      0.150      0.001     4.8430     46.432     35.323  27.234698     4.9500     1.9635     0.3408     0.5922 1.8210e+01    10.5787      0.147      0.212    13.5484 0.0000e+00
      0.150      0.001     4.8394     46.422     35.307  27.222472     4.9500     1.9712     0.3408     0.5922 1.7943e+01    10.6538      0.147      0.213    13.5480 0.0000e+00
      0.150      0.001     4.8372     46.434     35.293  27.211789     4.9500     1.9788     0.3408     0.5922 1.7818e+01    10.5486      0.147      0.213    13.5479 0.0000e+00
      0.150      0.001     4.8352     46.469     35.292  27.211677     4.9500     1.9483     0.3408     0.5922 1.7892e+01    10.5486      0.147      0.213    13.5479 0.0000e+00
      0.150      0.001     4.8327     46.522     35.301  27.218148     5.0400     2.1085     0.3834     0.5076 1.7888e+01    10.6238      0.147      0.213    13.5479 0.0000e+00
      0.150      0.000     4.8316     46.576     35.304  27.221050     5.0400     2.0780     0.3834     0.5076 1.7768e+01    10.6388      0.147      0.213    13.5480 0.0000e+00
      0.150      0.000     4.8328     46.618     35.305  27.221155     5.0400     2.0665     0.3834     0.5076 1.8013e+01    10.6087      0.147      0.214    13.5482 0.0000e+00
      0.150      0.000     4.8365     46.640     35.307  27.222452     5.0400     2.0780     0.3834     0.5076 1.8060e+01    10.4885      0.147      0.214    13.5484 0.0000e+00
      0.150      0.000     4.8420     46.638     35.306  27.221327     5.0400     2.0093     0.3408     0.5499 1.8245e+01    10.5336      0.147      0.214    13.5486 0.0000e+00
      0.150      0.000     4.8476     46.619     35.297  27.213520     5.0400     2.0246     0.3408     0.5499 1.8123e+01    10.5937      0.147      0.214    13.5486 0.0000e+00
      0.150      0.000     4.8519     46.604     35.287  27.204869     5.0400     2.0208     0.3408     0.5499 1.8001e+01    10.5336      0.148      0.214    13.5484 0.0000e+00
      0.150      0.000     4.8544     46.587     35.283  27.200985     5.0400     2.0055     0.3408     0.5499 1.8115e+01    10.5035      0.148      0.214    13.5477 0.0000e+00
      0.150      0.000     4.8542     46.549     35.279  27.196874     4.9500     2.0589     0.3834     0.5499 1.7915e+01    10.6689      0.147      0.214    13.5468 0.0000e+00
      0.150      0.000     4.8524     46.512     35.273  27.191438     4.9500     2.1352     0.3834     0.5499 1.7970e+01    10.5035      0.147      0.214    13.5455 0.0000e+00
      0.150      0.000     4.8510     46.504     35.268  27.187188     4.9500     2.1085     0.3834     0.5499 1.7935e+01    10.5486      0.147      0.214    13.5442 0.0000e+00
      0.150      0.000     4.8494     46.511     35.263  27.182991     4.9500     2.0780     0.3834     0.5499 1.7587e+01    10.6538      0.147      0.214    13.5430 0.0000e+00
      0.150      0.000     4.8455     46.521     35.261  27.181686     4.9500     2.1428     0.3408     0.5499 1.7675e+01    10.5636      0.147      0.214    13.5419 0.0000e+00
      0.150      0.000     4.8418     46.532     35.268  27.186885     4.9500     2.1161     0.3408     0.5499 1.7626e+01    10.5486      0.147      0.214    13.5410 0.0000e+00
      0.150      0.000     4.8410     46.543     35.279  27.196015     4.9500     2.1619     0.3408     0.5499 1.7845e+01    10.5336      0.147      0.214    13.5403 0.0000e+00
      0.150      0.000     4.8418     46.570     35.289  27.203592     4.9500     2.1390     0.3408     0.5499 1.7935e+01    10.5787      0.147      0.214    13.5399 0.0000e+00
      0.150      0.000     4.8428     46.619     35.294  27.207678     4.9500     2.0856     0.3408     0.5499 1.7962e+01    10.5486      0.147      0.214    13.5399 0.0000e+00
      0.150      0.000     4.8439     46.667     35.302  27.213320     5.0400     2.0780     0.3408     0.5076 1.8021e+01    10.5486      0.147      0.214    13.5403 0.0000e+00
      0.150      0.000     4.8449     46.714     35.313  27.222023     5.0400     2.0665     0.3408     0.5076 1.7962e+01    10.5486      0.147      0.214    13.5407 0.0000e+00
      0.150      0.000     4.8478     46.765     35.321  27.228190     5.0400     2.0971     0.3408     0.5076 1.7927e+01    10.4434      0.147      0.214    13.5409 0.0000e+00
      0.150      0.000     4.8529     46.799     35.318  27.225546     5.0400     2.1505     0.3408     0.5076 1.7725e+01    10.5636      0.147      0.213    13.5409 0.0000e+00
      0.150      0.000     4.8580     46.788     35.308  27.217345     4.9500     2.1352     0.3408     0.5499 1.7776e+01    10.5035      0.147      0.213    13.5409 0.0000e+00
      0.150      0.000     4.8629     46.748     35.303  27.213279     4.9500     2.1428     0.3408     0.5499 1.7718e+01    10.5937      0.147      0.213    13.5407 0.0000e+00
      0.149      0.000     4.8682     46.704     35.302  27.212264     4.9500     2.1467     0.3408     0.5499 1.7745e+01    10.6087      0.147      0.213    13.5405 0.0000e+00
      0.149      0.000     4.8717     46.659     35.299  27.210068     4.9500     2.0246     0.3408     0.5499 1.7826e+01    10.6087      0.147      0.213    13.5402 0.0000e+00
      0.149      0.000     4.8707     46.616     35.294  27.206107     5.0400     2.0284     0.3408     0.5922 1.7962e+01    10.5636      0.147      0.213    13.5400 0.0000e+00
      0.149      0.000     4.8665     46.587     35.286  27.199324     5.0400     2.0093     0.3408     0.5922 1.7985e+01    10.5486      0.147      0.213    13.5397 0.0000e+00
      0.149      0.000     4.8619     46.580     35.271  27.187911     5.0400     2.0513     0.3408     0.5922 1.8083e+01    10.6087      0.147      0.213    13.5394 0.0000e+00
      0.149      0.000     4.8573     46.592     35.256  27.176742     5.0400     2.1085     0.3408     0.5922 1.8087e+01    10.4584      0.147      0.213    13.5390 0.0000e+00
      0.149      0.000     4.8528     46.611     35.249  27.170760     4.9500     2.0932     0.3408     0.4653 1.8174e+01    10.4885      0.147      0.213    13.5387 0.0000e+00
      0.149      0.000     4.8498     46.623     35.247  27.168368     4.9500     2.0856     0.3408     0.4653 1.8119e+01    10.5787      0.147      0.213    13.5386 0.0000e+00
      0.149      0.000     4.8491     46.636     35.248  27.168928     4.9500     2.0742     0.3408     0.4653 1.8131e+01    10.6087      0.147      0.213    13.5386 0.0000e+00
      0.149      0.000     4.8503     46.649     35.247  27.168631     4.9500     2.2229     0.3408     0.4653 1.8154e+01    10.5787      0.147      0.213    13.5384 0.0000e+00
      0.149      0.000     4.8523     46.648     35.241  27.163438     4.9500     2.1962     0.3408     0.4653 1.8048e+01    10.5636      0.147      0.213    13.5381 0.0000e+00
      0.149      0.000     4.8536     46.647     35.231  27.155923     4.9500     2.1924     0.3408     0.5076 1.8028e+01    10.4885      0.147      0.213    13.5377 0.0000e+00
      0.149      0.000     4.8550     46.653     35.230  27.155961     4.9500     2.2191     0.3408     0.5076 1.8001e+01    10.5035      0.147      0.213    13.5373 0.0000e+00
      0.149      0.000     4.8564     46.650     35.245  27.167522     4.9500     2.1467     0.3408     0.5076 1.7958e+01    10.4735      0.147      0.213    13.5371 0.0000e+00
      0.149      0.000     4.8563     46.632     35.257  27.177850     4.9500     2.1467     0.3408     0.5076 1.8048e+01    10.5787      0.147      0.213    13.5371 0.0000e+00
      0.149      0.000     4.8561     46.609     35.257  27.177822     5.0400     2.1238     0.3408     0.5499 1.8068e+01    10.5636      0.147      0.213    13.5373 0.0000e+00
      0.149      0.000     4.8567     46.592     35.254  27.175348     5.0400     2.1238     0.3408     0.5499 1.8119e+01    10.5937      0.147      0.213    13.5377 0.0000e+00
      0.149      0.000     4.8564     46.589     35.257  27.177689     5.0400     2.0780     0.3408     0.5499 1.7989e+01    10.6689      0.147      0.213    13.5382 0.0000e+00
      0.149      0.000     4.8544     46.593     35.262  27.181508     5.0400     2.1009     0.3408     0.5499 1.8115e+01    10.6538      0.147      0.213    13.5388 0.0000e+00
      0.149      0.000     4.8520     46.587     35.271  27.187824     4.9500     2.1123     0.2982     0.6768 1.8123e+01    10.6689      0.147      0.213    13.5393 0.0000e+00
      0.149      0.000     4.8503     46.569     35.286  27.198322     4.9500     2.0932     0.2982     0.6768 1.8036e+01    10.6087      0.147      0.213    13.5394 0.0000e+00
      0.150      0.000     4.8499     46.557     35.299  27.207881     4.9500     2.1428     0.2982     0.6768 1.7978e+01    10.5186      0.147      0.213    13.5391 0.0000e+00
      0.150      0.000     4.8504     46.558     35.309  27.215092     4.9500     2.1352     0.2982     0.6768 1.7954e+01    10.5336      0.147      0.213    13.5383 0.0000e+00
      0.150      0.000     4.8500     46.565     35.313  27.217917     4.9500     2.1657     0.3834     0.6768 1.7911e+01    10.6087      0.147      0.213    13.5374 0.0000e+00
      0.150      0.000     4.8481     46.571     35.313  27.217111     4.9500     2.1657     0.3834     0.6768 1.8036e+01    10.5787      0.147      0.214    13.5364 0.0000e+00
      0.150      0.000     4.8470     46.576     35.317  27.220377     4.9500     2.1505     0.3834     0.6768 1.7966e+01    10.5486      0.147      0.214    13.5355 0.0000e+00
      0.150      0.000     4.8472     46.585     35.323  27.224627     4.9500     2.1505     0.3834     0.6768 1.8044e+01    10.6388      0.147      0.214    13.5349 0.0000e+00
      0.150      0.000     4.8480     46.600     35.321  27.223075     4.9500     2.1352     0.3834     0.6768 1.8060e+01    10.5787      0.147      0.214    13.5345 0.0000e+00
      0.150      0.000     4.8487     46.612     35.321  27.223226     4.9500     2.1619     0.3834     0.5499 1.8068e+01    10.5186      0.147      0.214    13.5342 0.0000e+00
      0.150      0.000     4.8492     46.610     35.329  27.229080     4.9500     2.1619     0.3834     0.5499 1.8103e+01    10.5186      0.148      0.214    13.5340 0.0000e+00
      0.151      0.000     4.8502     46.603     35.335  27.234279     4.9500     2.1276     0.3834     0.5499 1.8139e+01    10.5787      0.148      0.214    13.5338 0.0000e+00
      0.151      0.000     4.8518     46.602     35.338  27.236250     4.9500     2.1581     0.3834     0.5499 1.8142e+01    10.5636      0.148      0.214    13.5337 0.0000e+00
      0.150      0.000     4.8529     46.601     35.337  27.235519     4.9500     2.1352     0.3408     0.6345 1.8170e+01    10.6087      0.148      0.214    13.5336 0.0000e+00
      0.150      0.000     4.8528     46.597     35.332  27.231891     4.9500     2.2725     0.3408     0.6345 1.8210e+01    10.5186      0.148      0.214    13.5336 0.0000e+00
      0.150      0.000     4.8521     46.600     35.328  27.228357     4.9500     2.2802     0.3408     0.6345 1.8162e+01    10.5787      0.148      0.214    13.5335 0.0000e+00
      0.150     -0.001     4.8520     46.614     35.328  27.227935     4.9500     2.2687     0.3408     0.6345 1.8095e+01    10.4885      0.147      0.214    13.5334 0.0000e+00
      0.150     -0.001     4.8519     46.636     35.326  27.226553     4.9500     2.2878     0.3408     0.5076 1.8095e+01    10.5035      0.147      0.214    13.5334 0.0000e+00
      0.150     -0.001     4.8514     46.660     35.317  27.219883     4.9500     2.3450     0.3408     0.5076 1.8052e+01    10.5636      0.147      0.213    13.5333 0.0000e+00
      0.150     -0.001     4.8518     46.665     35.304  27.210105     4.9500     2.3450     0.3408     0.5076 1.8401e+01    10.6087      0.147      0.213    13.5333 0.0000e+00
      0.150     -0.001     4.8532     46.639     35.294  27.202531     4.9500     2.3259     0.3408     0.5076 1.8610e+01    10.4735      0.147      0.213    13.5333 0.0000e+00
      0.149     -0.001     4.8555     46.599     35.289  27.199101     4.9500     2.3221     0.3408     0.5076 1.8801e+01    10.5486      0.146      0.212    13.5334 0.0000e+00
      0.149      0.000     4.8580     46.562     35.287  27.198900     4.9500     2.1047     0.3834     0.6345 1.8891e+01    10.5486      0.146      0.212    13.5336 0.0000e+00
      0.150      0.000     4.8585     46.538     35.289  27.201875     4.9500     2.0780     0.3834     0.6345 1.9164e+01    10.5787      0.147      0.212    13.5339 0.0000e+00
      0.150     -0.000     4.8557     46.536     35.291  27.204858     4.9500     2.0894     0.3834     0.6345 1.9114e+01    10.5486      0.147      0.212    13.5342 0.0000e+00
      0.149     -0.001     4.8515     46.565     35.289  27.204688     4.9500     2.0665     0.3834     0.6345 1.9139e+01    10.6989      0.146      0.212    13.5349 0.0000e+00
      0.149     -0.001     4.8475     46.625     35.284  27.201317     4.9500     2.1009     0.3408     0.5499 1.9060e+01    10.5636      0.146      0.212    13.5361 0.0000e+00
      0.149     -0.001     4.8447     46.694     35.278  27.197808     4.9500     2.0856     0.3408     0.5499 1.8862e+01    10.6087      0.146      0.212    13.5378 0.0000e+00
      0.149     -0.001     4.8443     46.744     35.282  27.201142     4.9500     2.1123     0.3408     0.5499 1.8788e+01    10.5787      0.146      0.212    13.5398 0.0000e+00
      0.148     -0.002     4.8471     46.768     35.290  27.208250     4.9500     2.1085     0.3408     0.5499 1.8837e+01    10.5336      0.145      0.211    13.5416 0.0000e+00
      0.148     -0.002     4.8532     46.770     35.296  27.213108     4.9500     2.1390     0.3834     0.5076 1.8784e+01    10.6238      0.145      0.211    13.5431 0.0000e+00
      0.147     -0.002     4.8603     46.757     35.294  27.213052     4.9500     2.1238     0.3834     0.5076 1.8862e+01    10.6538      0.144      0.210    13.5442 0.0000e+00
      0.147     -0.002     4.8655     46.734     35.286  27.208067     4.9500     2.1695     0.3834     0.5076 1.9105e+01    10.5636      0.144      0.209    13.5451 0.0000e+00
