Data/DataNotYetUploadedToEDI/Raw_CTD/RawDownloads/102423_bvr50_S7809001.cnv
* Sea-Bird SBE19plus  Data File:
* FileName = C:\R\Reservoirs\Data\DataNotYetUploadedToEDI\Raw_CTD\RawDownloads\102423_bvr50_S7809_0001.hex
* Software version 2.8.0.119
* Temperature SN = 7809
* Conductivity SN = 7809
* System UpLoad Time = Oct 30 2023 21:44:46
* <ApplicationData>
* <Seaterm232>
# nquan = 15
# nvalues = 3676                        
# units = specified
# name 0 = depFM: Depth [fresh water, m]
# name 1 = dz/dtM: Descent Rate [m/s]
# name 2 = sbeox0Mg/L: Oxygen, SBE 43 [mg/l]
# name 3 = sbeox0PS: Oxygen, SBE 43 [% saturation]
# name 4 = specc: Specific Conductance [uS/cm]
# name 5 = c0uS/cm: Conductivity [uS/cm]
# name 6 = flECO-AFL: Fluorescence, WET Labs ECO-AFL/FL [mg/m^3]
# name 7 = ph: pH
# name 8 = orp: Oxidation Reduction Potential [mV]
# name 9 = par/sat/log: PAR/Logarithmic, Satlantic
# name 10 = turbWETntu0: Turbidity, WET Labs ECO [NTU]
# name 11 = prdM: Pressure, Strain Gauge [db]
# name 12 = prdE: Pressure, Strain Gauge [psi]
# name 13 = tv290C: Temperature [ITS-90, deg C]
# name 14 = flag:  0.000e+00
# span 0 =     -0.629,      9.436       
# span 1 =     -0.314,      0.294       
# span 2 =    -0.1917,    10.1743       
# span 3 =     -1.596,     97.970       
# span 4 =      2.839,    363.577       
# span 5 =   2.214333, 255.638240       
# span 6 =    -1.6839,     4.1880       
# span 7 =     -0.240,      7.051       
# span 8 =  -129.4760,   913.1284       
# span 9 = 1.2364e-01, 1.7574e+03       
# span 10 =    -6.6835,    52.8635      
# span 11 =     -0.617,      9.255      
# span 12 =     -0.895,     13.423      
# span 13 =    10.0280,    14.6633      
# span 14 = 0.0000e+00, 0.0000e+00      
# interval = seconds: 0.25
# start_time = Oct 24 2023 10:38:56 [Instrument's time stamp, header]
# bad_flag = -9.990e-29
*END*
[from data line 1639]
      0.787     -0.038     6.9334     66.219     35.105  27.012665     2.9658      6.660   293.4206 1.4310e+01    12.5053      0.769      1.115    13.4688 0.0000e+00
      0.793     -0.006     6.9155     66.433     35.114  27.018950     3.0061      6.660   293.5921 1.4264e+01    12.5378      0.777      1.126    13.4710 0.0000e+00
      0.802      0.011     6.9033     66.742     35.075  26.988015     3.0128      6.660   293.6109 1.4229e+01    12.4907      0.786      1.141    13.4721 0.0000e+00
      0.811      0.015     6.8919     67.058     35.034  26.955756     2.9878      6.661   293.5617 1.4236e+01    12.4134      0.797      1.157    13.4724 0.0000e+00
      0.816      0.012     6.8973     67.312     35.021  26.946028     2.9792      6.662   293.5992 1.4235e+01    12.3891      0.802      1.163    13.4717 0.0000e+00
      0.816      0.007     6.9229     67.487     35.006  26.933815     3.0249      6.663   293.6348 1.4231e+01    12.4703      0.801      1.160    13.4705 0.0000e+00
      0.813      0.003     6.9584     67.557     35.007  26.934939     3.0825      6.664   293.5622 1.4248e+01    12.6098      0.798      1.157    13.4693 0.0000e+00
      0.812     -0.000     6.9946     67.461     35.039  26.959616     3.0933      6.666   293.5808 1.4266e+01    12.6754      0.794      1.152    13.4683 0.0000e+00
      0.812     -0.000     7.0215     67.238     35.063  26.978494     3.0898      6.669   293.7744 1.4259e+01    12.6484      0.795      1.153    13.4678 0.0000e+00
      0.813      0.001     7.0387     67.015     35.056  26.972919     3.1065      6.670   293.8374 1.4215e+01    12.5914      0.797      1.156    13.4673 0.0000e+00
      0.813      0.002     7.0518     66.859     35.034  26.955631     3.1281      6.671   293.8268 1.4160e+01    12.5664      0.798      1.157    13.4672 0.0000e+00
      0.814      0.002     7.0397     66.785     35.040  26.959740     3.1347      6.672   293.9041 1.4129e+01    12.5510      0.798      1.158    13.4676 0.0000e+00
      0.814      0.001     7.0091     66.783     35.040  26.959173     3.1280      6.673   293.9977 1.4116e+01    12.5075      0.800      1.160    13.4675 0.0000e+00
      0.814      0.001     6.9850     66.842     35.026  26.948777     3.1967      6.673   294.0974 1.4114e+01    12.5198      0.799      1.159    13.4676 0.0000e+00
      0.814      0.001     6.9678     66.969     35.042  26.960885     3.3415      6.673   294.1635 1.4133e+01    12.5622      0.798      1.157    13.4674 0.0000e+00
      0.814      0.001     6.9606     67.123     35.065  26.978724     3.4215      6.673   294.1947 1.4175e+01    12.5760      0.798      1.157    13.4669 0.0000e+00
      0.815      0.000     6.9620     67.252     35.059  26.974198     3.4245      6.675   294.2169 1.4202e+01    12.5500      0.799      1.159    13.4670 0.0000e+00
      0.816      0.000     6.9658     67.336     35.053  26.969586     3.4267      6.677   294.2600 1.4211e+01    12.4868      0.800      1.160    13.4667 0.0000e+00
      0.816      0.001     6.9816     67.333     35.075  26.986382     3.4572      6.679   294.2850 1.4227e+01    12.4955      0.800      1.160    13.4667 0.0000e+00
      0.815      0.001     7.0008     67.241     35.076  26.987005     3.4856      6.679   294.2620 1.4223e+01    12.5527      0.799      1.159    13.4666 0.0000e+00
      0.815      0.001     7.0126     67.094     35.063  26.977119     3.4779      6.679   294.3260 1.4219e+01    12.5298      0.798      1.158    13.4667 0.0000e+00
      0.815      0.001     7.0252     66.937     35.084  26.993696     3.4478      6.680   294.4570 1.4234e+01    12.4575      0.799      1.159    13.4670 0.0000e+00
      0.815      0.001     7.0243     66.849     35.088  26.997165     3.4209      6.681   294.5553 1.4243e+01    12.4300      0.800      1.160    13.4670 0.0000e+00
      0.816      0.002     7.0125     66.844     35.034  26.955643     3.4111      6.682   294.6543 1.4257e+01    12.4704      0.800      1.161    13.4670 0.0000e+00
      0.817      0.002     6.9973     66.842     35.008  26.935619     3.4120      6.683   294.7927 1.4270e+01    12.5022      0.800      1.161    13.4670 0.0000e+00
      0.818      0.002     6.9758     66.808     35.020  26.945327     3.4066      6.683   294.9374 1.4288e+01    12.4730      0.802      1.163    13.4670 0.0000e+00
      0.818      0.002     6.9656     66.769     35.021  26.946177     3.3546      6.684   295.0275 1.4333e+01    12.4581      0.802      1.163    13.4670 0.0000e+00
      0.818      0.003     6.9709     66.749     35.021  26.945893     3.2744      6.685   295.0224 1.4388e+01    12.4934      0.801      1.162    13.4671 0.0000e+00
      0.818      0.003     6.9711     66.777     35.017  26.941898     3.2363      6.685   294.9609 1.4435e+01    12.5237      0.802      1.163    13.4673 0.0000e+00
      0.819      0.004     6.9656     66.852     35.042  26.961293     3.2269      6.686   294.8872 1.4471e+01    12.5507      0.803      1.165    13.4674 0.0000e+00
      0.821      0.006     6.9616     66.962     35.080  26.990132     3.1856      6.687   294.8195 1.4519e+01    12.5465      0.805      1.167    13.4676 0.0000e+00
      0.823      0.007     6.9572     67.092     35.059  26.973464     3.1193      6.687   294.8301 1.4549e+01    12.5079      0.807      1.170    13.4673 0.0000e+00
      0.824      0.008     6.9613     67.219     35.029  26.950033     3.0996      6.687   294.9289 1.4543e+01    12.5276      0.808      1.172    13.4667 0.0000e+00
      0.826      0.008     6.9692     67.322     35.043  26.960525     3.1222      6.688   294.9821 1.4564e+01    12.5462      0.810      1.175    13.4660 0.0000e+00
      0.829      0.008     6.9809     67.333     35.060  26.973474     3.1511      6.688   294.9575 1.4577e+01    12.4936      0.813      1.180    13.4657 0.0000e+00
      0.833      0.007     6.9966     67.231     35.069  26.979745     3.1921      6.688   294.9757 1.4580e+01    12.4374      0.817      1.185    13.4656 0.0000e+00
      0.834      0.006     7.0087     67.087     35.060  26.972929     3.2173      6.688   294.9432 1.4613e+01    12.4474      0.818      1.187    13.4652 0.0000e+00
      0.835      0.004     7.0236     66.961     35.037  26.954488     3.2226      6.689   294.8231 1.4629e+01    12.5129      0.818      1.187    13.4645 0.0000e+00
      0.836      0.003     7.0267     66.857     35.027  26.947052     3.2231      6.689   294.8132 1.4619e+01    12.5462      0.820      1.189    13.4641 0.0000e+00
      0.836      0.002     7.0113     66.768     35.026  26.946437     3.2161      6.689   294.9967 1.4615e+01    12.5078      0.820      1.189    13.4636 0.0000e+00
      0.836      0.002     6.9945     66.734     35.027  26.947051     3.2198      6.689   295.1491 1.4634e+01    12.4584      0.819      1.188    13.4631 0.0000e+00
      0.837      0.002     6.9809     66.764     35.036  26.954479     3.2344      6.689   295.1069 1.4662e+01    12.4619      0.820      1.189    13.4629 0.0000e+00
      0.838      0.001     6.9727     66.858     35.060  26.972825     3.2849      6.690   295.0891 1.4679e+01    12.5502      0.822      1.192    13.4630 0.0000e+00
      0.838      0.001     6.9593     67.016     35.067  26.978600     3.3732      6.691   295.1916 1.4699e+01    12.6375      0.823      1.194    13.4629 0.0000e+00
      0.838      0.001     6.9562     67.153     35.043  26.960883     3.4113      6.691   295.2281 1.4718e+01    12.6294      0.822      1.193    13.4627 0.0000e+00
      0.838      0.001     6.9612     67.250     35.026  26.948880     3.3958      6.691   295.1861 1.4736e+01    12.6570      0.821      1.191    13.4631 0.0000e+00
      0.838      0.001     6.9665     67.353     35.041  26.960317     3.3928      6.692   295.1991 1.4768e+01    12.7326      0.821      1.191    13.4636 0.0000e+00
      0.839      0.001     6.9907     67.424     35.057  26.972321     3.3921      6.692   295.2144 1.4797e+01    12.6891      0.822      1.193    13.4642 0.0000e+00
      0.839      0.002     7.0047     67.389     35.050  26.967174     3.3709      6.693   295.1985 1.4812e+01    12.5413      0.822      1.193    13.4649 0.0000e+00
      0.840      0.003     7.0104     67.250     35.043  26.961512     3.3532      6.693   295.1786 1.4832e+01    12.4488      0.823      1.194    13.4659 0.0000e+00
      0.841      0.005     7.0237     67.077     35.050  26.967277     3.3448      6.693   295.1461 1.4851e+01    12.4581      0.825      1.196    13.4664 0.0000e+00
      0.841      0.008     7.0348     66.924     35.057  26.973455     3.3353      6.694   295.1493 1.4849e+01    12.4828      0.825      1.196    13.4661 0.0000e+00
      0.842      0.011     7.0314     66.831     35.056  26.972784     3.3134      6.694   295.2177 1.4853e+01    12.4400      0.824      1.195    13.4662 0.0000e+00
      0.846      0.013     7.0125     66.806     35.038  26.959164     3.2881      6.694   295.2848 1.4865e+01    12.3854      0.828      1.202    13.4667 0.0000e+00
      0.852      0.013     6.9935     66.797     35.008  26.935619     3.2875      6.694   295.2730 1.4867e+01    12.4369      0.835      1.212    13.4670 0.0000e+00
      0.857      0.012     6.9758     66.800     35.016  26.941805     3.2478      6.694   295.2465 1.4862e+01    12.5165      0.841      1.220    13.4673 0.0000e+00
      0.861      0.009     6.9644     66.840     35.053  26.970539     3.1410      6.693   295.2230 1.4851e+01    12.5285      0.845      1.226    13.4675 0.0000e+00
      0.862      0.006     6.9659     66.866     35.047  26.965917     3.0696      6.692   295.1602 1.4830e+01    12.5125      0.846      1.228    13.4675 0.0000e+00
      0.861      0.003     6.9652     66.880     35.025  26.949343     3.0506      6.692   295.1762 1.4794e+01    12.4948      0.845      1.226    13.4675 0.0000e+00
      0.860      0.001     6.9617     66.943     35.040  26.960421     3.0614      6.692   295.2441 1.4741e+01    12.5196      0.844      1.224    13.4677 0.0000e+00
      0.860      0.000     6.9707     67.030     35.057  26.973011     3.0999      6.692   295.2070 1.4671e+01    12.5727      0.844      1.224    13.4679 0.0000e+00
      0.861     -0.001     6.9735     67.085     35.059  26.974723     3.1162      6.692   295.1578 1.4581e+01    12.5558      0.845      1.225    13.4679 0.0000e+00
      0.862     -0.003     6.9693     67.098     35.067  26.981115     3.1089      6.692   295.0796 1.4500e+01    12.4867      0.845      1.226    13.4679 0.0000e+00
      0.862     -0.006     6.9791     67.059     35.073  26.986880     3.1119      6.692   294.8628 1.4435e+01    12.4545      0.845      1.226    13.4676 0.0000e+00
      0.860     -0.008     6.9909     66.965     35.064  26.981002     3.1271      6.693   294.7738 1.4386e+01    12.4735      0.844      1.224    13.4674 0.0000e+00
      0.856     -0.008     6.9958     66.853     35.054  26.973469     3.1349      6.694   294.9502 1.4366e+01    12.4773      0.841      1.220    13.4674 0.0000e+00
      0.851     -0.008     6.9979     66.762     35.034  26.959224     3.1225      6.694   295.1881 1.4362e+01    12.4322      0.835      1.211    13.4678 0.0000e+00
      0.847     -0.007     6.9941     66.657     35.004  26.935624     3.1024      6.693   295.3275 1.4379e+01    12.4072      0.830      1.204    13.4689 0.0000e+00
      0.847     -0.004     6.9832     66.551     35.011  26.941804     3.0503      6.692   295.3452 1.4414e+01    12.4135      0.830      1.204    13.4704 0.0000e+00
      0.848     -0.001     6.9672     66.522     35.048  26.970526     2.9756      6.692   295.3161 1.4433e+01    12.4395      0.832      1.206    13.4715 0.0000e+00
      0.850      0.002     6.9616     66.551     35.042  26.965790     2.9474      6.693   295.3196 1.4457e+01    12.4830      0.833      1.208    13.4722 0.0000e+00
      0.850      0.004     6.9515     66.591     35.019  26.947959     2.9511      6.693   295.3882 1.4517e+01    12.4959      0.834      1.210    13.4726 0.0000e+00
      0.850      0.005     6.9327     66.635     35.015  26.945209     3.0116      6.692   295.4574 1.4577e+01    12.4919      0.834      1.209    13.4729 0.0000e+00
      0.851      0.005     6.9337     66.729     34.999  26.932535     3.1460      6.692   295.4681 1.4620e+01    12.5033      0.834      1.209    13.4730 0.0000e+00
      0.853      0.004     6.9380     66.866     34.984  26.921563     3.2278      6.692   295.4311 1.4665e+01    12.5309      0.836      1.214    13.4730 0.0000e+00
      0.857      0.002     6.9427     66.950     35.006  26.939393     3.2354      6.692   295.4403 1.4716e+01    12.5529      0.841      1.220    13.4730 0.0000e+00
      0.858      0.001     6.9455     67.012     35.029  26.957853     3.2713      6.692   295.4928 1.4775e+01    12.5303      0.843      1.222    13.4731 0.0000e+00
      0.857     -0.001     6.9520     67.093     35.024  26.954488     3.3462      6.693   295.5498 1.4826e+01    12.4620      0.840      1.219    13.4734 0.0000e+00
      0.854     -0.002     6.9763     67.140     35.033  26.962131     3.3993      6.693   295.6989 1.4880e+01    12.4790      0.837      1.214    13.4740 0.0000e+00
      0.852     -0.001     6.9801     67.181     35.064  26.986837     3.4148      6.693   295.8333 1.4995e+01    12.5649      0.835      1.212    13.4746 0.0000e+00
      0.852      0.000     6.9825     67.261     35.079  26.999513     3.3253      6.691   295.8842 1.5130e+01    12.5447      0.835      1.211    13.4752 0.0000e+00
      0.852      0.002     6.9980     67.330     35.064  26.988548     3.1498      6.690   295.8837 1.5227e+01    12.4736      0.834      1.210    13.4764 0.0000e+00
      0.853      0.003     6.9987     67.324     35.054  26.981114     3.0572      6.691   295.7414 1.5304e+01    12.4564      0.835      1.213    13.4777 0.0000e+00
      0.856      0.006     7.0000     67.219     35.044  26.973054     3.0539      6.691   295.6266 1.5383e+01    12.4738      0.840      1.219    13.4787 0.0000e+00
      0.858      0.008     7.0117     67.053     35.021  26.954509     3.0606      6.692   295.7865 1.5475e+01    12.4792      0.842      1.222    13.4802 0.0000e+00
      0.858      0.008     7.0214     66.942     35.013  26.947167     3.0547      6.692   295.9538 1.5583e+01    12.4522      0.841      1.219    13.4818 0.0000e+00
      0.859      0.007     7.0207     66.916     35.015  26.947703     3.0406      6.693   295.9280 1.5712e+01    12.4552      0.842      1.219    13.4828 0.0000e+00
      0.863      0.006     7.0103     66.868     35.033  26.960993     3.0483      6.693   295.9919 1.5822e+01    12.5147      0.847      1.229    13.4824 0.0000e+00
      0.867      0.005     6.9861     66.783     35.059  26.981001     3.0725      6.693   296.1238 1.5882e+01    12.5582      0.853      1.236    13.4807 0.0000e+00
      0.867      0.004     6.9726     66.752     35.084  26.999356     3.1174      6.693   296.1464 1.5936e+01    12.5362      0.852      1.234    13.4788 0.0000e+00
      0.866      0.003     6.9781     66.787     35.075  26.992647     3.1837      6.693   296.1784 1.6006e+01    12.4539      0.848      1.231    13.4772 0.0000e+00
      0.866      0.001     6.9737     66.832     35.036  26.963304     3.2159      6.693   296.2532 1.6076e+01    12.4179      0.848      1.230    13.4762 0.0000e+00
      0.867     -0.001     6.9584     66.866     35.034  26.961689     3.2241      6.693   296.2760 1.6140e+01    12.4772      0.850      1.233    13.4757 0.0000e+00
      0.867     -0.001     6.9553     66.889     35.049  26.973126     3.2328      6.693   296.2827 1.6199e+01    12.4872      0.851      1.235    13.4755 0.0000e+00
      0.866      0.000     6.9631     66.930     35.051  26.974732     3.2303      6.693   296.3342 1.6274e+01    12.4358      0.850      1.234    13.4758 0.0000e+00
