Data/DataNotYetUploadedToEDI/Raw_CTD/RawDownloads/102423_fcr50_S7809002.cnv
* Sea-Bird SBE19plus  Data File:
* FileName = C:\R\Reservoirs\Data\DataNotYetUploadedToEDI\Raw_CTD\RawDownloads\102423_bvr50_S7809_0002.hex
* Software version 2.8.0.119
* Temperature SN = 7809
* Conductivity SN = 7809
* System UpLoad Time = Oct 30 2023 21:45:59
* <ApplicationData>
* <Seaterm232>
# nquan = 15
# nvalues = 2878                        
# units = specified
# name 0 = depFM: Depth [fresh water, m]
# name 1 = dz/dtM: Descent Rate [m/s]
# name 2 = sbeox0Mg/L: Oxygen, SBE 43 [mg/l]
# name 3 = sbeox0PS: Oxygen, SBE 43 [% saturation]
# name 4 = specc: Specific Conductance [uS/cm]
# name 5 = c0uS/cm: Conductivity [uS/cm]
# name 6 = flECO-AFL: Fluorescence, WET Labs ECO-AFL/FL [mg/m^3]
# name 7 = ph: pH
# name 8 = orp: Oxidation Reduction Potential [mV]
# name 9 = par/sat/log: PAR/Logarithmic, Satlantic
# name 10 = turbWETntu0: Turbidity, WET Labs ECO [NTU]
# name 11 = prdM: Pressure, Strain Gauge [db]
# name 12 = prdE: Pressure, Strain Gauge [psi]
# name 13 = tv290C: Temperature [ITS-90, deg C]
# name 14 = flag:  0.000e+00
# span 0 =     -0.556,      9.589       
# span 1 =     -0.243,      0.177       
# span 2 =     4.7598,    10.0842       
# span 3 =     45.059,     98.841       
# span 4 =      0.676,     74.514       
# span 5 =   0.592112,  56.363309       
# span 6 =    -0.1577,    10.1561       
# span 7 =      4.617,      9.575       
# span 8 =   -87.2542,  1240.2295       
# span 9 = 1.2366e-01, 9.5004e+02       
# span 10 =    -0.3570,    92.5053      
# span 11 =     -0.545,      9.404      
# span 12 =     -0.792,     13.640      
# span 13 =    12.7926,    18.7678      
# span 14 = 0.0000e+00, 0.0000e+00      
# interval = seconds: 0.25
# start_time = Oct 24 2023 14:17:14 [Instrument's time stamp, header]
# bad_flag = -9.990e-29
*END*
[from data line 2410]
      8.164     -0.098     5.2317     49.212     67.384  50.952926     1.3579      6.717   138.4761 1.2374e-01    72.1336      8.005     11.611    12.8020 0.0000e+00
      8.135     -0.084     5.2117     49.303     67.220  50.830206     1.2333      6.719   139.5429 1.2374e-01    74.1522      7.978     11.572    12.8032 0.0000e+00
      8.110     -0.063     5.2006     49.443     67.090  50.732559     1.1804      6.722   140.6426 1.2376e-01    75.3250      7.950     11.531    12.8038 0.0000e+00
      8.094     -0.041     5.2008     49.610     66.911  50.597762     1.2009      6.726   141.2747 1.2380e-01    75.1785      7.931     11.503    12.8041 0.0000e+00
      8.092     -0.021     5.2055     49.777     66.660  50.406846     1.2397      6.728   141.5932 1.2385e-01    71.6281      7.932     11.505    12.8050 0.0000e+00
      8.098     -0.006     5.2140     49.922     66.560  50.329138     1.2835      6.729   142.2569 1.2382e-01    65.1225      7.942     11.519    12.8058 0.0000e+00
      8.103      0.004     5.2307     50.036     66.599  50.356680     1.2984      6.731   143.1901 1.2378e-01    61.5935      7.947     11.526    12.8063 0.0000e+00
      8.106      0.005     5.2489     50.126     66.604  50.358861     1.3022      6.734   143.9285 1.2375e-01    61.0001      7.949     11.529    12.8065 0.0000e+00
      8.107     -0.002     5.2675     50.200     66.601  50.355516     1.3962      6.736   144.3018 1.2375e-01    57.6071      7.951     11.531    12.8057 0.0000e+00
      8.107     -0.016     5.2840     50.281     66.717  50.443228     1.5616      6.737   144.7788 1.2379e-01    51.3802      7.950     11.531    12.8044 0.0000e+00
      8.106     -0.032     5.2947     50.391     66.916  50.593908     1.6285      6.738   145.9093 1.2379e-01    47.9851      7.950     11.532    12.8030 0.0000e+00
      8.099     -0.047     5.3056     50.531     66.993  50.653432     1.6063      6.739   147.1305 1.2380e-01    48.3586      7.947     11.526    12.8017 0.0000e+00
      8.082     -0.062     5.3115     50.680     67.077  50.718440     1.4842      6.740   147.9292 1.2382e-01    56.1358      7.929     11.500    12.8008 0.0000e+00
      8.057     -0.075     5.3192     50.804     67.362  50.935429     1.2592      6.742   148.4244 1.2382e-01    70.4193      7.900     11.458    12.8007 0.0000e+00
      8.032     -0.085     5.3313     50.888     67.602  51.118069     1.1420      6.744   148.8160 1.2382e-01    78.2045      7.875     11.422    12.8009 0.0000e+00
      8.009     -0.091     5.3461     50.915     67.557  51.085247     1.1324      6.746   149.3938 1.2382e-01    78.7370      7.855     11.392    12.8018 0.0000e+00
      7.988     -0.093     5.3641     50.891     67.421  50.983077     1.1424      6.748   150.0769 1.2378e-01    77.2677      7.835     11.363    12.8032 0.0000e+00
      7.964     -0.093     5.3768     50.839     67.392  50.962232     1.1885      6.750   150.6226 1.2373e-01    74.5822      7.811     11.329    12.8043 0.0000e+00
      7.939     -0.094     5.3867     50.739     67.556  51.087218     1.2321      6.750   151.0873 1.2375e-01    73.1500      7.785     11.292    12.8051 0.0000e+00
      7.915     -0.095     5.3898     50.586     67.820  51.287770     1.2530      6.751   151.7375 1.2380e-01    73.0674      7.761     11.257    12.8060 0.0000e+00
      7.891     -0.094     5.3842     50.408     67.909  51.355097     1.2577      6.754   152.6343 1.2381e-01    73.1054      7.739     11.225    12.8070 0.0000e+00
      7.866     -0.087     5.3815     50.230     67.876  51.329768     1.3061      6.757   153.5835 1.2385e-01    73.3709      7.715     11.189    12.8075 0.0000e+00
      7.840     -0.074     5.3707     50.084     67.751  51.235525     1.4138      6.761   154.4379 1.2388e-01    73.8858      7.688     11.150    12.8080 0.0000e+00
      7.816     -0.059     5.3525     49.970     67.494  51.041115     1.4776      6.763   154.8774 1.2388e-01    74.2068      7.663     11.114    12.8083 0.0000e+00
      7.801     -0.043     5.3338     49.873     67.287  50.884164     1.4869      6.766   154.9404 1.2390e-01    74.4174      7.646     11.089    12.8085 0.0000e+00
      7.797     -0.027     5.3123     49.793     67.258  50.861825     1.4599      6.769   155.2852 1.2389e-01    75.8514      7.644     11.087    12.8083 0.0000e+00
      7.800     -0.014     5.2980     49.740     67.308  50.898016     1.3928      6.771   155.9489 1.2388e-01    78.3940      7.651     11.097    12.8082 0.0000e+00
      7.802     -0.004     5.2862     49.717     67.281  50.877257     1.3493      6.772   156.5123 1.2388e-01    79.7790      7.652     11.097    12.8087 0.0000e+00
      7.802     -0.002     5.2761     49.716     67.182  50.801323     1.3505      6.776   157.1932 1.2382e-01    79.9921      7.651     11.096    12.8084 0.0000e+00
      7.801     -0.008     5.2672     49.730     67.188  50.805387     1.3484      6.779   157.5572 1.2377e-01    80.7326      7.650     11.095    12.8075 0.0000e+00
      7.800     -0.020     5.2612     49.765     67.264  50.862886     1.3239      6.779   157.1273 1.2377e-01    82.0360      7.648     11.093    12.8068 0.0000e+00
      7.799     -0.036     5.2600     49.847     67.179  50.798055     1.2959      6.779   157.1581 1.2377e-01    82.7027      7.649     11.094    12.8062 0.0000e+00
      7.793     -0.052     5.2592     49.961     67.076  50.720019     1.2685      6.780   158.1009 1.2380e-01    82.4394      7.647     11.091    12.8058 0.0000e+00
      7.775     -0.067     5.2621     50.081     67.109  50.744841     1.2248      6.782   159.1482 1.2381e-01    79.5014      7.629     11.064    12.8056 0.0000e+00
      7.747     -0.078     5.2625     50.206     67.239  50.844184     1.1671      6.783   160.1851 1.2383e-01    74.1661      7.597     11.018    12.8052 0.0000e+00
      7.719     -0.087     5.2733     50.322     67.403  50.968683     1.1364      6.784   161.3450 1.2381e-01    71.2537      7.567     10.975    12.8047 0.0000e+00
      7.696     -0.092     5.2867     50.433     67.416  50.980170     1.1291      6.784   162.5044 1.2374e-01    71.1378      7.545     10.944    12.8048 0.0000e+00
      7.676     -0.093     5.2980     50.522     67.251  50.856080     1.0789      6.785   163.5336 1.2371e-01    72.9009      7.527     10.918    12.8050 0.0000e+00
      7.656     -0.092     5.3137     50.579     67.095  50.738304     0.9949      6.786   164.3251 1.2373e-01    76.2085      7.510     10.892    12.8054 0.0000e+00
      7.632     -0.087     5.3233     50.589     67.044  50.699126     0.9455      6.789   164.8468 1.2378e-01    78.0631      7.486     10.858    12.8061 0.0000e+00
      7.604     -0.079     5.3379     50.556     67.045  50.699876     0.9398      6.790   165.2812 1.2383e-01    78.2793      7.458     10.816    12.8067 0.0000e+00
      7.577     -0.066     5.3459     50.511     67.024  50.683871     0.9504      6.791   165.7919 1.2380e-01    78.3105      7.429     10.775    12.8074 0.0000e+00
      7.558     -0.051     5.3533     50.465     66.873  50.569113     0.9828      6.793   166.1169 1.2378e-01    78.4069      7.406     10.743    12.8079 0.0000e+00
      7.550     -0.034     5.3549     50.435     66.639  50.391809     1.0394      6.796   166.2860 1.2378e-01    78.5894      7.401     10.734    12.8076 0.0000e+00
      7.551     -0.019     5.3481     50.423     66.543  50.318036     1.0697      6.798   166.9766 1.2380e-01    78.6729      7.406     10.741    12.8071 0.0000e+00
      7.553     -0.011     5.3454     50.418     66.620  50.375605     1.0829      6.799   168.0999 1.2383e-01    78.4259      7.407     10.743    12.8070 0.0000e+00
      7.554     -0.016     5.3382     50.419     66.640  50.389401     1.1657      6.799   168.7684 1.2385e-01    75.0229      7.407     10.743    12.8071 0.0000e+00
      7.554     -0.031     5.3358     50.454     66.515  50.294349     1.2971      6.799   168.9500 1.2385e-01    68.7139      7.409     10.746    12.8066 0.0000e+00
      7.550     -0.051     5.3348     50.544     66.445  50.242296     1.3648      6.800   169.4358 1.2384e-01    65.2710      7.408     10.744    12.8058 0.0000e+00
      7.536     -0.073     5.3350     50.652     66.478  50.268019     1.3681      6.802   170.3397 1.2379e-01    64.9248      7.395     10.726    12.8050 0.0000e+00
      7.510     -0.092     5.3337     50.757     66.503  50.287872     1.3705      6.804   171.2755 1.2375e-01    65.2123      7.367     10.685    12.8041 0.0000e+00
      7.475     -0.107     5.3353     50.875     66.507  50.291842     1.3766      6.807   172.1462 1.2376e-01    65.9117      7.331     10.633    12.8036 0.0000e+00
      7.440     -0.115     5.3481     51.005     66.539  50.316028     1.3756      6.810   172.7802 1.2385e-01    66.3437      7.295     10.579    12.8039 0.0000e+00
      7.408     -0.116     5.3604     51.135     66.552  50.326321     1.3662      6.813   173.1762 1.2385e-01    66.7463      7.263     10.534    12.8048 0.0000e+00
      7.381     -0.113     5.3694     51.247     66.503  50.289303     1.3298      6.817   173.7498 1.2379e-01    70.9163      7.238     10.498    12.8058 0.0000e+00
      7.355     -0.108     5.3825     51.321     66.450  50.249424     1.2768      6.822   174.5542 1.2379e-01    78.6411      7.214     10.463    12.8063 0.0000e+00
      7.329     -0.100     5.3967     51.366     66.418  50.225138     1.2503      6.827   175.0717 1.2380e-01    82.8781      7.187     10.424    12.8065 0.0000e+00
      7.301     -0.087     5.4108     51.402     66.367  50.186150     1.2423      6.833   175.1897 1.2377e-01    83.1345      7.160     10.384    12.8066 0.0000e+00
      7.274     -0.072     5.4240     51.421     66.247  50.095505     1.2208      6.839   175.5506 1.2374e-01    81.7408      7.133     10.345    12.8070 0.0000e+00
      7.252     -0.055     5.4314     51.425     66.145  50.018105     1.1908      6.847   176.3375 1.2378e-01    79.1440      7.107     10.308    12.8074 0.0000e+00
      7.242     -0.038     5.4342     51.420     66.138  50.012273     1.1794      6.855   177.0468 1.2384e-01    77.6983      7.096     10.292    12.8072 0.0000e+00
      7.242     -0.023     5.4396     51.417     66.155  50.024996     1.1912      6.860   177.4162 1.2386e-01    77.4127      7.102     10.302    12.8068 0.0000e+00
      7.245     -0.015     5.4413     51.429     66.182  50.044946     1.2585      6.864   177.7061 1.2381e-01    75.3832      7.105     10.306    12.8067 0.0000e+00
      7.245     -0.016     5.4410     51.449     66.206  50.062993     1.3598      6.868   178.0566 1.2376e-01    71.5375      7.104     10.304    12.8063 0.0000e+00
      7.245     -0.027     5.4413     51.492     66.192  50.052710     1.4011      6.872   178.5569 1.2379e-01    69.3780      7.107     10.309    12.8060 0.0000e+00
      7.240     -0.044     5.4385     51.560     66.185  50.047611     1.4000      6.876   179.6250 1.2380e-01    69.1541      7.104     10.303    12.8058 0.0000e+00
      7.225     -0.060     5.4423     51.620     66.208  50.064842     1.4048      6.880   180.7324 1.2380e-01    69.1376      7.088     10.280    12.8056 0.0000e+00
      7.202     -0.074     5.4426     51.662     66.214  50.070565     1.4173      6.883   180.9326 1.2380e-01    69.1101      7.064     10.246    12.8055 0.0000e+00
      7.176     -0.082     5.4466     51.707     66.191  50.053305     1.4255      6.886   180.8419 1.2380e-01    69.0264      7.039     10.209    12.8056 0.0000e+00
      7.151     -0.085     5.4561     51.754     66.181  50.046644     1.4212      6.888   181.9579 1.2383e-01    68.9112      7.012     10.170    12.8058 0.0000e+00
      7.127     -0.083     5.4625     51.758     66.190  50.053518     1.4157      6.889   184.0157 1.2381e-01    68.7432      6.987     10.134    12.8062 0.0000e+00
      7.107     -0.080     5.4666     51.742     66.216  50.072928     1.3753      6.890   185.6761 1.2374e-01    67.3019      6.968     10.107    12.8068 0.0000e+00
      7.091     -0.080     5.4688     51.735     66.407  50.217839     1.2987      6.890   186.2018 1.2371e-01    64.6015      6.954     10.086    12.8071 0.0000e+00
      7.076     -0.082     5.4794     51.715     66.659  50.408687     1.2473      6.891   185.6394 1.2374e-01    63.1126      6.940     10.065    12.8073 0.0000e+00
      7.057     -0.085     5.4766     51.709     66.664  50.412043     1.2359      6.893   185.8458 1.2379e-01    63.0321      6.923     10.041    12.8074 0.0000e+00
      7.033     -0.087     5.4729     51.734     66.545  50.321921     1.2690      6.895   187.2345 1.2381e-01    63.5951      6.899     10.006    12.8074 0.0000e+00
      7.004     -0.086     5.4757     51.751     66.479  50.271497     1.3319      6.896   188.3193 1.2382e-01    64.6578      6.868      9.961    12.8076 0.0000e+00
      6.977     -0.079     5.4704     51.724     66.531  50.310343     1.3719      6.896   188.8958 1.2382e-01    65.2585      6.839      9.919    12.8077 0.0000e+00
      6.955     -0.066     5.4695     51.681     66.748  50.474122     1.3780      6.896   189.3004 1.2379e-01    65.2557      6.818      9.889    12.8076 0.0000e+00
      6.939     -0.049     5.4733     51.614     66.999  50.664296     1.3734      6.897   189.8562 1.2379e-01    64.3164      6.802      9.866    12.8074 0.0000e+00
      6.930     -0.032     5.4790     51.504     67.221  50.831777     1.3662      6.897   190.7122 1.2381e-01    62.5783      6.793      9.852    12.8070 0.0000e+00
      6.929     -0.017     5.4720     51.406     67.411  50.975148     1.3486      6.897   191.8201 1.2386e-01    61.6954      6.794      9.854    12.8066 0.0000e+00
      6.929     -0.009     5.4686     51.326     67.529  51.064304     1.3352      6.897   193.4427 1.2392e-01    61.8404      6.796      9.857    12.8065 0.0000e+00
      6.930     -0.010     5.4648     51.236     67.388  50.957272     1.3465      6.896   193.9840 1.2392e-01    63.6823      6.795      9.856    12.8066 0.0000e+00
      6.932     -0.020     5.4473     51.135     66.877  50.570010     1.3689      6.895   192.4280 1.2384e-01    66.9873      6.799      9.862    12.8066 0.0000e+00
      6.932     -0.038     5.4381     51.009     66.378  50.191853     1.3722      6.894   191.6659 1.2379e-01    68.7355      6.801      9.864    12.8064 0.0000e+00
      6.924     -0.058     5.4318     50.849     66.213  50.067879     1.3528      6.895   192.4269 1.2379e-01    68.8332      6.794      9.854    12.8060 0.0000e+00
      6.905     -0.078     5.4209     50.675     66.238  50.087004     1.3433      6.897   192.2501 1.2383e-01    68.2022      6.776      9.827    12.8055 0.0000e+00
      6.875     -0.093     5.4116     50.529     66.263  50.105611     1.3564      6.898   191.1633 1.2392e-01    66.3667      6.743      9.780    12.8052 0.0000e+00
      6.840     -0.103     5.3989     50.436     66.258  50.102361     1.3785      6.899   191.0743 1.2395e-01    64.4381      6.707      9.727    12.8051 0.0000e+00
      6.809     -0.107     5.3807     50.411     66.269  50.111219     1.3854      6.900   191.9481 1.2384e-01    63.6710      6.675      9.681    12.8051 0.0000e+00
      6.783     -0.105     5.3608     50.486     66.319  50.149214     1.3649      6.902   192.8661 1.2376e-01    63.5485      6.651      9.647    12.8053 0.0000e+00
      6.761     -0.100     5.3438     50.682     66.361  50.180773     1.3467      6.902   193.3979 1.2377e-01    62.8534      6.631      9.617    12.8056 0.0000e+00
      6.737     -0.095     5.3347     50.946     66.354  50.175312     1.3492      6.902   193.2158 1.2378e-01    61.5867      6.608      9.584    12.8057 0.0000e+00
      6.712     -0.092     5.3302     51.215     66.316  50.146690     1.3617      6.902   192.6425 1.2379e-01    60.9062      6.582      9.547    12.8057 0.0000e+00
      6.688     -0.087     5.3359     51.465     66.322  50.152191     1.3644      6.902   192.4038 1.2397e-01    60.9454      6.557      9.510    12.8058 0.0000e+00
