Data/DataNotYetUploadedToEDI/Raw_CTD/RawDownloads/102422_fcr50_S8188003.cnv
* Sea-Bird SBE19plus  Data File:
* FileName = C:\R\Reservoirs\Data\DataNotYetUploadedToEDI\Raw_CTD\RawDownloads\101722_fcr50_S8188_0003.hex
* Software version 2.8.0.119
* Temperature SN = 8188
* Conductivity SN = 8188
* System UpLoad Time = Oct 26 2022 17:17:21
* <ApplicationData>
* <Seaterm232>
# nquan = 16
# nvalues = 1901                        
# units = specified
# name 0 = depFM: Depth [fresh water, m]
# name 1 = dz/dtM: Descent Rate [m/s]
# name 2 = sbeox0Mg/L: Oxygen, SBE 43 [mg/l]
# name 3 = sbeox0PS: Oxygen, SBE 43 [% saturation]
# name 4 = specc: Specific Conductance [uS/cm]
# name 5 = c0uS/cm: Conductivity [uS/cm]
# name 6 = wetCDOM: Fluorescence, WET Labs CDOM [mg/m^3]
# name 7 = flECO-AFL: Fluorescence, WET Labs ECO-AFL/FL [mg/m^3]
# name 8 = flECO-AFL1: Fluorescence, WET Labs ECO-AFL/FL, 2 [mg/m^3]
# name 9 = flECO-AFL2: Fluorescence, WET Labs ECO-AFL/FL, 3 [mg/m^3]
# name 10 = par/sat/log: PAR/Logarithmic, Satlantic
# name 11 = turbWETntu0: Turbidity, WET Labs ECO [NTU]
# name 12 = prdM: Pressure, Strain Gauge [db]
# name 13 = prdE: Pressure, Strain Gauge [psi]
# name 14 = tv290C: Temperature [ITS-90, deg C]
# name 15 = flag:  0.000e+00
# span 0 =     -0.625,      9.655       
# span 1 =     -0.258,      0.114       
# span 2 =    -1.9686,     9.8794       
# span 3 =    -18.338,     96.456       
# span 4 =     -0.039,    537.340       
# span 5 =  -0.036637, 399.003146       
# span 6 =    -4.5000,    16.3800       
# span 7 =    -1.3667,   245.2038       
# span 8 =    -5.2398,     2.3430       
# span 9 =    -5.3721,     9.6444       
# span 10 = 1.1592e-01, 2.5162e+03      
# span 11 =   -11.6960,   207.6087      
# span 12 =     -0.613,      9.468      
# span 13 =     -0.889,     13.732      
# span 14 =    12.0862,    21.2318      
# span 15 = 0.0000e+00, 0.0000e+00      
# interval = seconds: 0.25
# start_time = Oct 24 2022 10:44:59 [Instrument's time stamp, header]
# bad_flag = -9.990e-29
*END*
[from data line 1266]
      6.387      0.041     7.4750     69.515     43.420  32.213953     4.5900     3.9854     0.1278     0.9306 2.0241e-01     5.8141      6.264      9.085    12.0924 0.0000e+00
      6.397      0.041     7.4756     69.521     43.426  32.217910     4.5900     3.9930     0.1278     0.9306 1.9435e-01     5.7690      6.274      9.099    12.0922 0.0000e+00
      6.407      0.040     7.4762     69.527     43.427  32.218989     4.5900     3.7794     0.1278     0.9306 2.2885e-01     5.6638      6.283      9.113    12.0922 0.0000e+00
      6.417      0.040     7.4763     69.527     43.433  32.223417     4.5900     3.7679     0.1278     0.9306 2.2875e-01     5.7239      6.293      9.127    12.0923 0.0000e+00
      6.427      0.040     7.4745     69.511     43.440  32.228416     4.5900     3.8023     0.1278     0.8883 1.9935e-01     5.6338      6.302      9.141    12.0925 0.0000e+00
      6.436      0.039     7.4702     69.471     43.443  32.231358     4.5900     3.8023     0.1278     0.8883 2.0789e-01     5.7239      6.312      9.154    12.0930 0.0000e+00
      6.446      0.039     7.4641     69.414     43.445  32.233027     4.5900     3.9434     0.1278     0.8883 2.0241e-01     5.7239      6.321      9.168    12.0936 0.0000e+00
      6.455      0.038     7.4571     69.349     43.443  32.231888     4.5900     3.9091     0.1278     0.8883 1.7926e-01     5.7540      6.330      9.181    12.0942 0.0000e+00
      6.464      0.038     7.4499     69.282     43.434  32.225657     4.5900     3.9053     0.0852     0.8037 1.9075e-01     5.7239      6.339      9.193    12.0946 0.0000e+00
      6.472      0.037     7.4431     69.219     43.424  32.218614     4.5900     3.9243     0.0852     0.8037 1.7926e-01     5.7690      6.347      9.205    12.0947 0.0000e+00
      6.480      0.036     7.4377     69.168     43.419  32.214822     4.5900     3.7221     0.0852     0.8037 1.6729e-01     5.7540      6.354      9.216    12.0947 0.0000e+00
      6.487      0.034     7.4349     69.142     43.417  32.213268     4.5900     3.7069     0.0852     0.8037 1.9609e-01     5.7540      6.362      9.226    12.0947 0.0000e+00
      6.494      0.033     7.4353     69.146     43.417  32.213539     4.5900     3.7298     0.1278     0.9729 2.0498e-01     5.7841      6.369      9.237    12.0946 0.0000e+00
      6.501      0.032     7.4384     69.174     43.421  32.215706     4.5900     3.7298     0.1278     0.9729 1.6394e-01     5.7239      6.376      9.247    12.0944 0.0000e+00
      6.509      0.030     7.4429     69.216     43.425  32.218367     4.5900     3.7832     0.1278     0.9729 1.7582e-01     5.7540      6.383      9.257    12.0941 0.0000e+00
      6.516      0.029     7.4476     69.261     43.422  32.216291     4.5900     3.7870     0.1278     0.9729 1.7586e-01     5.7239      6.390      9.267    12.0935 0.0000e+00
      6.523      0.029     7.4522     69.304     43.416  32.210905     4.6800     3.7756     0.1278     0.7191 1.7037e-01     5.7690      6.397      9.278    12.0929 0.0000e+00
      6.530      0.028     7.4564     69.344     43.416  32.210674     4.6800     3.7984     0.1278     0.7191 1.7922e-01     5.7690      6.403      9.287    12.0924 0.0000e+00
      6.536      0.028     7.4597     69.375     43.423  32.215536     4.6800     3.8595     0.1278     0.7191 1.7922e-01     5.8442      6.410      9.297    12.0920 0.0000e+00
      6.543      0.028     7.4619     69.395     43.428  32.218866     4.6800     3.8519     0.1278     0.7191 1.7030e-01     5.7540      6.417      9.306    12.0918 0.0000e+00
      6.550      0.027     7.4629     69.404     43.426  32.217592     4.6800     3.8862     0.1278     0.7191 1.7279e-01     5.7841      6.423      9.316    12.0917 0.0000e+00
      6.558      0.027     7.4629     69.404     43.423  32.215335     4.5900     3.8595     0.1278     0.8460 1.6718e-01     5.7390      6.431      9.327    12.0917 0.0000e+00
      6.565      0.028     7.4621     69.395     43.421  32.213472     4.5900     3.7298     0.1278     0.8460 1.5270e-01     5.7540      6.438      9.338    12.0917 0.0000e+00
      6.573      0.028     7.4603     69.377     43.410  32.205568     4.5900     3.7565     0.1278     0.8460 1.7358e-01     5.8292      6.446      9.348    12.0918 0.0000e+00
      6.580      0.028     7.4577     69.353     43.391  32.191493     4.5900     3.7069     0.1278     0.8460 1.4977e-01     5.7390      6.452      9.358    12.0920 0.0000e+00
      6.586      0.028     7.4556     69.332     43.377  32.181356     4.5900     3.7260     0.1278     0.9306 1.5707e-01     5.8592      6.459      9.368    12.0923 0.0000e+00
      6.593      0.028     7.4549     69.325     43.375  32.180376     4.5900     3.8442     0.1278     0.9306 1.7019e-01     5.6939      6.465      9.377    12.0926 0.0000e+00
      6.599      0.028     7.4558     69.333     43.380  32.184330     4.5900     3.8709     0.1278     0.9306 1.5927e-01     5.7841      6.471      9.385    12.0929 0.0000e+00
      6.605      0.027     7.4584     69.357     43.388  32.190313     4.5900     3.8595     0.1278     0.9306 1.4958e-01     5.7540      6.477      9.394    12.0932 0.0000e+00
      6.612      0.026     7.4629     69.398     43.395  32.195958     4.5900     3.8519     0.1278     0.8460 1.6733e-01     5.7390      6.484      9.404    12.0933 0.0000e+00
      6.619      0.026     7.4692     69.456     43.399  32.198812     4.5900     3.7069     0.1278     0.8460 1.5834e-01     5.9494      6.490      9.414    12.0932 0.0000e+00
      6.626      0.026     7.4765     69.524     43.406  32.203596     4.5900     3.7298     0.1278     0.8460 1.6725e-01     5.9945      6.497      9.424    12.0929 0.0000e+00
      6.633      0.026     7.4840     69.593     43.417  32.211585     4.5900     3.7374     0.1278     0.8460 1.4038e-01     6.0546      6.505      9.434    12.0926 0.0000e+00
      6.641      0.027     7.4907     69.656     43.424  32.216989     4.5900     3.7298     0.1278     0.8460 1.2897e-01     5.9193      6.512      9.445    12.0925 0.0000e+00
      6.649      0.028     7.4957     69.703     43.422  32.215309     4.5900     3.9587     0.1278     0.8883 1.4090e-01     5.6939      6.520      9.457    12.0925 0.0000e+00
      6.657      0.029     7.4984     69.728     43.418  32.212037     4.5900     3.9777     0.1278     0.8883 1.5605e-01     5.7540      6.528      9.468    12.0925 0.0000e+00
      6.665      0.030     7.4986     69.729     43.424  32.216201     4.5900     3.9663     0.1278     0.8883 1.5477e-01     5.7690      6.537      9.480    12.0925 0.0000e+00
      6.674      0.031     7.4960     69.705     43.433  32.222971     4.5900     3.9968     0.1278     0.8883 1.2642e-01     5.7089      6.545      9.493    12.0925 0.0000e+00
      6.684      0.032     7.4915     69.664     43.435  32.224251     4.6800     3.8633     0.1278     0.8883 1.2833e-01     5.7690      6.555      9.507    12.0923 0.0000e+00
      6.695      0.034     7.4868     69.621     43.427  32.218403     4.6800     3.8595     0.1278     0.8883 1.2346e-01     5.8141      6.565      9.522    12.0919 0.0000e+00
      6.705      0.035     7.4828     69.583     43.416  32.209808     4.6800     3.8404     0.1278     0.8883 1.3668e-01     5.7991      6.576      9.537    12.0916 0.0000e+00
      6.716      0.037     7.4797     69.554     43.406  32.202115     4.6800     3.8557     0.1278     0.8883 1.2889e-01     5.6338      6.586      9.552    12.0912 0.0000e+00
      6.726      0.038     7.4780     69.539     43.400  32.197231     4.6800     3.8480     0.1278     0.9729 1.3221e-01     5.8141      6.597      9.567    12.0909 0.0000e+00
      6.737      0.040     7.4785     69.544     43.401  32.197817     4.6800     3.8786     0.1278     0.9729 1.2648e-01     5.8592      6.607      9.582    12.0907 0.0000e+00
      6.748      0.041     7.4810     69.566     43.404  32.200066     4.6800     3.8862     0.1278     0.9729 1.3126e-01     5.7239      6.618      9.598    12.0905 0.0000e+00
      6.758      0.041     7.4841     69.596     43.405  32.200619     4.6800     3.8747     0.1278     0.9729 1.3769e-01     5.7239      6.628      9.613    12.0905 0.0000e+00
      6.768      0.041     7.4864     69.617     43.403  32.199623     4.5900     3.9129     0.1278     0.8037 1.2886e-01     5.7841      6.638      9.627    12.0906 0.0000e+00
      6.778      0.041     7.4875     69.627     43.399  32.196812     4.5900     3.9053     0.1278     0.8037 1.1617e-01     5.7991      6.647      9.641    12.0908 0.0000e+00
      6.788      0.041     7.4883     69.635     43.392  32.191437     4.5900     3.9320     0.1278     0.8037 1.2330e-01     5.7390      6.657      9.655    12.0909 0.0000e+00
      6.798      0.040     7.4892     69.643     43.390  32.189985     4.5900     3.9167     0.1278     0.8037 1.3155e-01     5.8292      6.666      9.668    12.0911 0.0000e+00
      6.808      0.040     7.4896     69.646     43.403  32.199990     4.5900     3.8023     0.1278     0.8037 1.1612e-01     5.8442      6.676      9.682    12.0912 0.0000e+00
      6.817      0.039     7.4894     69.644     43.422  32.214220     4.6800     3.7946     0.0852     0.8037 1.3739e-01     5.7089      6.686      9.697    12.0913 0.0000e+00
      6.827      0.039     7.4886     69.637     43.434  32.222606     4.6800     3.7946     0.0852     0.8037 1.1610e-01     5.7690      6.695      9.711    12.0913 0.0000e+00
      6.837      0.039     7.4873     69.624     43.437  32.225406     4.6800     3.7984     0.0852     0.8037 1.1628e-01     5.7239      6.705      9.724    12.0914 0.0000e+00
      6.847      0.039     7.4849     69.601     43.437  32.225345     4.6800     3.7908     0.0852     0.8037 1.1605e-01     5.7540      6.715      9.739    12.0914 0.0000e+00
      6.857      0.039     7.4807     69.561     43.433  32.222407     4.5900     3.7946     0.0852     1.0152 1.3198e-01     5.8292      6.725      9.753    12.0914 0.0000e+00
      6.868      0.039     7.4751     69.509     43.430  32.219771     4.5900     3.7946     0.0852     1.0152 1.1607e-01     5.7841      6.735      9.768    12.0914 0.0000e+00
      6.878      0.040     7.4692     69.454     43.431  32.220692     4.5900     3.7908     0.0852     1.0152 1.2653e-01     5.7540      6.745      9.783    12.0913 0.0000e+00
      6.888      0.040     7.4641     69.407     43.429  32.219476     4.5900     3.9167     0.0852     1.0152 1.1628e-01     5.7841      6.754      9.796    12.0913 0.0000e+00
      6.897      0.039     7.4612     69.380     43.427  32.217778     4.6800     3.9320     0.1278     0.8460 1.1617e-01     5.6939      6.764      9.810    12.0913 0.0000e+00
      6.907      0.039     7.4612     69.379     43.437  32.225047     4.6800     3.9091     0.1278     0.8460 1.1602e-01     5.8742      6.773      9.824    12.0913 0.0000e+00
      6.917      0.039     7.4638     69.403     43.445  32.231341     4.6800     3.8862     0.1278     0.8460 1.1630e-01     5.6939      6.783      9.838    12.0915 0.0000e+00
      6.928      0.039     7.4685     69.447     43.433  32.222496     4.6800     3.7298     0.1278     0.8460 1.1612e-01     5.7841      6.794      9.853    12.0917 0.0000e+00
      6.938      0.039     7.4737     69.495     43.413  32.208034     4.6800     3.7450     0.1278     0.9729 1.1625e-01     5.9043      6.803      9.867    12.0919 0.0000e+00
      6.947      0.039     7.4781     69.535     43.408  32.203902     4.6800     3.7489     0.1278     0.9729 1.1623e-01     5.7991      6.812      9.880    12.0921 0.0000e+00
      6.956      0.039     7.4806     69.559     43.412  32.207016     4.6800     3.7183     0.1278     0.9729 1.1615e-01     5.6638      6.821      9.893    12.0922 0.0000e+00
      6.965      0.038     7.4799     69.553     43.416  32.210288     4.6800     3.8061     0.1278     0.9729 1.1612e-01     5.8893      6.830      9.907    12.0923 0.0000e+00
      6.975      0.038     7.4761     69.518     43.421  32.214589     4.6800     3.7984     0.1278     0.9729 1.1628e-01     5.8141      6.840      9.921    12.0924 0.0000e+00
      6.985      0.038     7.4714     69.475     43.425  32.217105     4.6800     3.7946     0.1278     0.8883 1.1628e-01     5.9043      6.850      9.935    12.0924 0.0000e+00
      6.996      0.038     7.4672     69.435     43.421  32.214547     4.6800     3.7870     0.1278     0.8883 1.1623e-01     5.7239      6.860      9.950    12.0924 0.0000e+00
      7.007      0.038     7.4636     69.401     43.415  32.210193     4.6800     3.6344     0.1278     0.8883 1.1600e-01     5.9795      6.871      9.966    12.0924 0.0000e+00
      7.017      0.039     7.4604     69.371     43.411  32.206844     4.6800     3.6268     0.1278     0.8883 1.1610e-01     5.8893      6.881      9.981    12.0924 0.0000e+00
      7.029      0.040     7.4576     69.345     43.406  32.203605     4.6800     3.6230     0.1278     0.9306 1.1615e-01     6.0396      6.892      9.997    12.0925 0.0000e+00
      7.041      0.042     7.4548     69.319     43.406  32.203574     4.6800     3.6192     0.1278     0.9306 1.1612e-01     5.9795      6.904     10.014    12.0925 0.0000e+00
      7.053      0.043     7.4519     69.292     43.416  32.210702     4.6800     3.7374     0.1278     0.9306 1.1628e-01     6.0245      6.916     10.031    12.0926 0.0000e+00
      7.065      0.044     7.4485     69.261     43.432  32.222931     4.6800     3.7374     0.1278     0.9306 1.1620e-01     6.0095      6.928     10.049    12.0927 0.0000e+00
      7.077      0.045     7.4448     69.226     43.447  32.233619     4.5900     3.7145     0.1278     0.8883 1.1610e-01     6.0095      6.940     10.066    12.0927 0.0000e+00
      7.090      0.046     7.4417     69.197     43.452  32.237696     4.5900     3.7145     0.1278     0.8883 1.1623e-01     6.0245      6.953     10.085    12.0928 0.0000e+00
      7.105      0.048     7.4403     69.185     43.450  32.236250     4.5900     3.7145     0.1278     0.8883 1.1612e-01     5.7991      6.967     10.105    12.0929 0.0000e+00
      7.119      0.050     7.4411     69.192     43.445  32.232855     4.5900     3.7221     0.1278     0.8883 1.1617e-01     5.6638      6.981     10.126    12.0929 0.0000e+00
      7.133      0.051     7.4434     69.213     43.432  32.222646     4.5900     3.7527     0.0852     0.8460 1.1612e-01     5.8292      6.995     10.145    12.0930 0.0000e+00
      7.145      0.052     7.4463     69.240     43.402  32.200919     4.5900     3.7527     0.0852     0.8460 1.1623e-01     5.6939      7.007     10.163    12.0930 0.0000e+00
      7.157      0.052     7.4485     69.260     43.379  32.183664     4.5900     3.6077     0.0852     0.8460 1.1600e-01     5.7841      7.018     10.179    12.0930 0.0000e+00
      7.167      0.052     7.4495     69.269     43.380  32.184101     4.5900     3.6153     0.0852     0.8460 1.1612e-01     5.7540      7.029     10.195    12.0930 0.0000e+00
      7.177      0.050     7.4493     69.267     43.394  32.194425     4.5900     3.5848     0.0852     0.8460 1.1617e-01     5.7239      7.038     10.208    12.0929 0.0000e+00
      7.186      0.047     7.4482     69.257     43.409  32.205508     4.5900     3.6268     0.1278     0.8460 1.1602e-01     5.8292      7.047     10.221    12.0929 0.0000e+00
      7.196      0.044     7.4468     69.243     43.418  32.212386     4.5900     3.5848     0.1278     0.8460 1.1605e-01     5.7239      7.057     10.235    12.0928 0.0000e+00
      7.206      0.042     7.4462     69.238     43.419  32.212931     4.5900     3.6268     0.1278     0.8460 1.1602e-01     5.7239      7.066     10.249    12.0927 0.0000e+00
      7.216      0.040     7.4477     69.251     43.417  32.211250     4.5900     3.6153     0.1278     0.8460 1.1620e-01     5.7540      7.077     10.264    12.0926 0.0000e+00
