Data/DataNotYetUploadedToEDI/Raw_CTD/RawDownloads/102422_fcr50_S7809003.cnv
* Sea-Bird SBE19plus  Data File:
* FileName = C:\R\Reservoirs\Data\DataNotYetUploadedToEDI\Raw_CTD\RawDownloads\101722_fcr50_S7809_0003.hex
* Software version 2.8.0.119
* Temperature SN = 7809
* Conductivity SN = 7809
* System UpLoad Time = Oct 26 2022 16:54:44
* <ApplicationData>
* <Seaterm232>
# nquan = 15
# nvalues = 1811                        
# units = specified
# name 0 = depFM: Depth [fresh water, m]
# name 1 = dz/dtM: Descent Rate [m/s]
# name 2 = sbeox0Mg/L: Oxygen, SBE 43 [mg/l]
# name 3 = sbeox0PS: Oxygen, SBE 43 [% saturation]
# name 4 = specc: Specific Conductance [uS/cm]
# name 5 = c0uS/cm: Conductivity [uS/cm]
# name 6 = flECO-AFL: Fluorescence, WET Labs ECO-AFL/FL [mg/m^3]
# name 7 = ph: pH
# name 8 = orp: Oxidation Reduction Potential [mV]
# name 9 = par/sat/log: PAR/Logarithmic, Satlantic
# name 10 = turbWETntu0: Turbidity, WET Labs ECO [NTU]
# name 11 = prdM: Pressure, Strain Gauge [db]
# name 12 = prdE: Pressure, Strain Gauge [psi]
# name 13 = tv290C: Temperature [ITS-90, deg C]
# name 14 = flag:  0.000e+00
# span 0 =     -0.627,      9.718       
# span 1 =     -0.287,      0.232       
# span 2 =     0.0930,     7.8317       
# span 3 =      0.881,     77.144       
# span 4 =      1.048,    540.666       
# span 5 =   0.991235, 401.533259       
# span 6 =    -1.7281,     9.9074       
# span 7 =      7.468,      8.780       
# span 8 =  -433.9371,   301.3264       
# span 9 = 1.2360e-01, 2.1949e+03       
# span 10 =    -4.4843,   953.1227      
# span 11 =     -0.615,      9.532      
# span 12 =     -0.892,     13.825      
# span 13 =    12.0868,    22.3331      
# span 14 = 0.0000e+00, 0.0000e+00      
# interval = seconds: 0.25
# start_time = Oct 24 2022 10:58:45 [Instrument's time stamp, header]
# bad_flag = -9.990e-29
*END*
[from data line 386]
      1.065      0.045     6.7874     66.197     43.079  33.497471     2.9882      7.921   273.5672 2.1592e+02     4.0109      1.047      1.519    13.9748 0.0000e+00
      1.072      0.052     6.7963     66.281     43.003  33.399035     2.9852      7.921   273.4441 2.1772e+02     4.0772      1.050      1.523    13.9640 0.0000e+00
      1.083      0.053     6.8094     66.351     42.926  33.280292     2.9914      7.920   273.4409 2.1411e+02     4.1106      1.054      1.529    13.9448 0.0000e+00
      1.105      0.050     6.8247     66.424     42.916  33.202986     3.0052      7.918   273.6134 2.0785e+02     4.1073      1.083      1.570    13.9111 0.0000e+00
      1.128      0.044     6.8400     66.472     42.945  33.161703     3.0110      7.917   273.7230 2.0507e+02     4.0037      1.113      1.614    13.8781 0.0000e+00
      1.138      0.037     6.8554     66.462     42.995  33.161493     3.0034      7.917   273.8204 2.0341e+02     3.9164      1.118      1.622    13.8400 0.0000e+00
      1.140      0.029     6.8713     66.408     43.055  33.200401     3.0043      7.917   273.8447 2.0078e+02     3.9059      1.117      1.620    13.7670 0.0000e+00
      1.141      0.022     6.8947     66.329     43.105  33.251700     3.0462      7.917   273.5866 1.9877e+02     3.9450      1.119      1.623    13.6765 0.0000e+00
      1.142      0.020     6.9136     66.239     43.113  33.274520     3.1103      7.916   273.2800 2.0067e+02     3.9790      1.120      1.624    13.5962 0.0000e+00
      1.147      0.024     6.9194     66.178     43.042  33.222712     3.1310      7.916   273.2355 2.0102e+02     3.9418      1.123      1.628    13.5450 0.0000e+00
      1.155      0.030     6.9126     66.148     42.962  33.132540     3.1138      7.917   273.3066 1.9641e+02     3.8700      1.131      1.641    13.5451 0.0000e+00
      1.165      0.035     6.9019     66.141     42.962  33.071888     3.1014      7.918   273.3652 1.9335e+02     3.8621      1.142      1.656    13.5653 0.0000e+00
      1.176      0.039     6.8859     66.196     42.961  32.996538     3.0890      7.917   273.3419 1.9084e+02     3.9155      1.153      1.673    13.5903 0.0000e+00
      1.186      0.041     6.8771     66.296     42.886  32.855449     3.0810      7.917   273.1979 1.8827e+02     3.9685      1.164      1.688    13.6064 0.0000e+00
      1.196      0.041     6.8818     66.379     42.821  32.697374     3.0792      7.916   273.1720 1.8683e+02     3.9909      1.173      1.700    13.5719 0.0000e+00
      1.208      0.040     6.8891     66.412     42.864  32.606832     3.0674      7.916   273.3728 1.8420e+02     3.9818      1.184      1.718    13.4886 0.0000e+00
      1.219      0.037     6.9102     66.403     42.973  32.584807     3.0637      7.916   273.4751 1.8272e+02     3.9949      1.199      1.738    13.4002 0.0000e+00
      1.228      0.033     6.9367     66.350     43.029  32.557754     3.0754      7.916   273.3758 1.8202e+02     4.0129      1.205      1.748    13.3155 0.0000e+00
      1.236      0.030     6.9667     66.255     43.048  32.533273     3.0755      7.917   273.3767 1.8078e+02     3.9942      1.212      1.757    13.1865 0.0000e+00
      1.244      0.030     6.9946     66.127     43.088  32.542379     3.0654      7.918   273.4858 1.7918e+02     3.9736      1.222      1.772    13.0214 0.0000e+00
      1.249      0.031     7.0141     65.967     43.105  32.541028     3.0609      7.919   273.4046 1.7746e+02     3.9689      1.226      1.777    12.8935 0.0000e+00
      1.253      0.034     7.0212     65.824     43.089  32.516915     3.0634      7.919   273.3412 1.7564e+02     3.9719      1.227      1.778    12.8156 0.0000e+00
      1.262      0.038     7.0156     65.734     43.086  32.504433     3.0623      7.918   273.4082 1.7331e+02     3.9746      1.235      1.789    12.7767 0.0000e+00
      1.276      0.041     7.0066     65.664     43.114  32.516905     3.0563      7.918   273.3540 1.7153e+02     3.9673      1.253      1.818    12.7599 0.0000e+00
      1.289      0.042     6.9896     65.593     43.149  32.540895     3.0568      7.919   273.3743 1.6874e+02     3.9528      1.266      1.837    12.7423 0.0000e+00
      1.301      0.040     6.9736     65.498     43.145  32.540885     3.0600      7.918   273.3956 1.6581e+02     3.9695      1.273      1.846    12.7292 0.0000e+00
      1.313      0.035     6.9698     65.366     43.110  32.516780     3.0616      7.917   273.3538 1.6431e+02     3.9992      1.291      1.872    12.7170 0.0000e+00
      1.321      0.031     6.9638     65.261     43.094  32.503061     3.0684      7.917   273.4707 1.6542e+02     3.9696      1.299      1.884    12.7044 0.0000e+00
      1.324      0.028     6.9571     65.220     43.098  32.501814     3.0829      7.917   273.6038 1.6802e+02     3.8508      1.297      1.881    12.7011 0.0000e+00
      1.328      0.027     6.9494     65.208     43.105  32.501692     3.0964      7.917   273.6730 1.6653e+02     3.7248      1.302      1.888    12.7080 0.0000e+00
      1.334      0.027     6.9289     65.193     43.116  32.501578     3.1069      7.917   273.7923 1.6348e+02     3.7097      1.307      1.896    12.7134 0.0000e+00
      1.344      0.027     6.9174     65.178     43.129  32.500424     3.1177      7.916   273.9275 1.6318e+02     3.7371      1.317      1.910    12.7096 0.0000e+00
      1.354      0.027     6.9162     65.197     43.122  32.487735     3.1271      7.915   273.9306 1.6217e+02     3.7826      1.329      1.928    12.7032 0.0000e+00
      1.361      0.027     6.9169     65.256     43.107  32.474951     3.1295      7.915   273.7441 1.5867e+02     3.8839      1.336      1.938    12.6985 0.0000e+00
      1.366      0.028     6.9170     65.321     43.107  32.472655     3.1212      7.916   273.5652 1.5663e+02     3.9712      1.340      1.944    12.6890 0.0000e+00
      1.371      0.030     6.9155     65.372     43.099  32.459974     3.1191      7.916   273.5747 1.5729e+02     4.0182      1.343      1.948    12.6737 0.0000e+00
      1.376      0.033     6.9187     65.425     43.095  32.448428     3.1366      7.917   273.6001 1.5744e+02     4.0087      1.348      1.955    12.6632 0.0000e+00
      1.384      0.037     6.9267     65.500     43.117  32.459851     3.1666      7.919   273.6138 1.5517e+02     3.9585      1.356      1.967    12.6648 0.0000e+00
      1.397      0.041     6.9350     65.585     43.134  32.471274     3.1816      7.920   273.6542 1.5141e+02     3.9231      1.368      1.985    12.6651 0.0000e+00
      1.412      0.043     6.9403     65.636     43.119  32.459736     3.1776      7.919   273.6589 1.4915e+02     3.9222      1.386      2.011    12.6552 0.0000e+00
      1.424      0.042     6.9474     65.655     43.102  32.447149     3.1755      7.918   273.6701 1.4966e+02     3.9139      1.397      2.027    12.6430 0.0000e+00
      1.434      0.038     6.9560     65.669     43.099  32.445892     3.1895      7.918   273.5321 1.5000e+02     3.8579      1.405      2.037    12.6372 0.0000e+00
      1.444      0.034     6.9684     65.671     43.096  32.444530     3.2145      7.919   273.2807 1.4915e+02     3.8244      1.419      2.057    12.6365 0.0000e+00
      1.452      0.035     6.9735     65.661     43.076  32.430688     3.2275      7.921   273.3832 1.4932e+02     3.8502      1.426      2.067    12.6357 0.0000e+00
      1.456      0.042     6.9726     65.646     43.039  32.405337     3.2383      7.922   273.6539 1.4906e+02     3.8963      1.428      2.070    12.6371 0.0000e+00
      1.461      0.050     6.9758     65.612     43.017  32.391618     3.3208      7.922   273.7145 1.4670e+02     3.9387      1.431      2.078    12.6383 0.0000e+00
      1.470      0.054     6.9754     65.572     43.019  32.391618     3.4592      7.921   273.8574 1.4186e+02     3.9528      1.434      2.081    12.6395 0.0000e+00
      1.494      0.055     6.9733     65.542     43.047  32.405338     3.5215      7.919   274.0048 1.3722e+02     3.9302      1.460      2.118    12.6406 0.0000e+00
      1.524      0.054     6.9732     65.515     43.089  32.430689     3.5246      7.918   274.0333 1.3757e+02     3.9044      1.502      2.179    12.6426 0.0000e+00
      1.540      0.052     6.9672     65.481     43.109  32.444521     3.5632      7.918   274.2028 1.3977e+02     3.9144      1.515      2.197    12.6493 0.0000e+00
      1.543      0.047     6.9624     65.443     43.108  32.445777     3.6223      7.917   274.3328 1.3952e+02     3.9480      1.513      2.193    12.6475 0.0000e+00
      1.546      0.040     6.9618     65.415     43.104  32.445882     3.6486      7.916   274.3152 1.3784e+02     3.9348      1.515      2.197    12.6360 0.0000e+00
      1.553      0.036     6.9603     65.390     43.101  32.445787     3.6474      7.915   274.4198 1.3479e+02     3.8914      1.519      2.205    12.6269 0.0000e+00
      1.566      0.040     6.9575     65.369     43.097  32.444634     3.6909      7.913   274.3933 1.3156e+02     3.9016      1.537      2.230    12.6257 0.0000e+00
      1.578      0.045     6.9509     65.361     43.082  32.431945     3.7837      7.912   274.1673 1.3094e+02     3.9218      1.549      2.246    12.6306 0.0000e+00
      1.589      0.049     6.9487     65.347     43.070  32.419170     3.8372      7.912   274.3542 1.3181e+02     3.9307      1.555      2.255    12.6340 0.0000e+00
      1.604      0.050     6.9460     65.309     43.074  32.416969     3.8391      7.912   274.7604 1.3137e+02     3.9414      1.573      2.281    12.6365 0.0000e+00
      1.619      0.049     6.9413     65.254     43.064  32.405328     3.8812      7.912   274.8624 1.2970e+02     4.0170      1.590      2.307    12.6393 0.0000e+00
      1.630      0.045     6.9427     65.195     43.069  32.405214     3.9797      7.911   274.8137 1.2711e+02     4.1617      1.597      2.317    12.6379 0.0000e+00
      1.642      0.039     6.9428     65.152     43.085  32.415588     4.0397      7.910   274.7734 1.2330e+02     4.1877      1.609      2.334    12.6326 0.0000e+00
      1.655      0.031     6.9390     65.114     43.071  32.403957     4.0412      7.910   274.7199 1.2188e+02     4.1263      1.625      2.357    12.6258 0.0000e+00
      1.662      0.025     6.9345     65.069     43.053  32.391382     4.0389      7.910   274.7685 1.2345e+02     4.1021      1.631      2.366    12.6202 0.0000e+00
      1.664      0.022     6.9264     65.031     43.048  32.390351     4.0865      7.909   275.0172 1.2466e+02     4.1003      1.632      2.367    12.6168 0.0000e+00
      1.665      0.020     6.9236     64.996     43.048  32.391495     4.1764      7.909   275.2319 1.2448e+02     4.1390      1.632      2.367    12.6145 0.0000e+00
      1.668      0.019     6.9205     64.960     43.068  32.405215     4.2266      7.908   275.2987 1.2241e+02     4.1944      1.634      2.370    12.6136 0.0000e+00
      1.674      0.021     6.9139     64.947     43.100  32.429432     4.2280      7.908   275.3086 1.2007e+02     4.1890      1.641      2.380    12.6145 0.0000e+00
      1.682      0.026     6.9102     64.960     43.101  32.430689     4.2015      7.907   275.3523 1.1882e+02     4.1757      1.650      2.394    12.6191 0.0000e+00
      1.689      0.030     6.9064     64.970     43.091  32.420409     4.1553      7.907   275.3965 1.1787e+02     4.2054      1.656      2.402    12.6204 0.0000e+00
      1.696      0.033     6.9020     64.977     43.112  32.431948     4.1270      7.907   275.4131 1.1716e+02     4.2063      1.662      2.411    12.6172 0.0000e+00
      1.705      0.033     6.8994     64.989     43.132  32.443391     4.1097      7.906   275.4671 1.1594e+02     4.1863      1.672      2.425    12.6184 0.0000e+00
      1.716      0.032     6.9035     65.014     43.117  32.431959     3.9875      7.906   275.4470 1.1524e+02     4.1684      1.684      2.441    12.6196 0.0000e+00
      1.726      0.032     6.9039     65.047     43.100  32.420536     3.7725      7.905   275.4276 1.1554e+02     4.1614      1.694      2.457    12.6163 0.0000e+00
      1.734      0.032     6.9054     65.064     43.112  32.432072     3.6661      7.904   275.4907 1.1467e+02     4.2037      1.701      2.467    12.6105 0.0000e+00
      1.739      0.032     6.9075     65.068     43.123  32.444647     3.6668      7.904   275.3500 1.1320e+02     4.2019      1.705      2.473    12.6053 0.0000e+00
      1.745      0.032     6.9097     65.070     43.116  32.445781     3.6726      7.905   275.0174 1.1237e+02     4.0714      1.710      2.481    12.6048 0.0000e+00
      1.754      0.033     6.9148     65.060     43.107  32.445781     3.6864      7.905   274.8241 1.1131e+02     3.9232      1.719      2.494    12.6080 0.0000e+00
      1.764      0.035     6.9155     65.036     43.099  32.444656     3.7002      7.905   274.8191 1.0972e+02     3.8796      1.730      2.510    12.6107 0.0000e+00
      1.774      0.035     6.9145     65.014     43.079  32.432185     3.7072      7.904   275.0432 1.0833e+02     3.9199      1.740      2.524    12.6149 0.0000e+00
      1.784      0.034     6.9142     64.995     43.063  32.421800     3.7462      7.903   275.2975 1.0773e+02     3.9319      1.749      2.538    12.6225 0.0000e+00
      1.793      0.031     6.9122     64.989     43.090  32.445894     3.8221      7.901   275.1403 1.0716e+02     3.8877      1.758      2.552    12.6318 0.0000e+00
      1.800      0.027     6.9069     64.994     43.112  32.469902     3.8668      7.900   274.7771 1.0528e+02     3.8645      1.766      2.560    12.6375 0.0000e+00
      1.807      0.024     6.9057     65.006     43.087  32.458476     3.8783      7.900   274.6061 1.0321e+02     3.8902      1.772      2.570    12.6393 0.0000e+00
      1.813      0.021     6.9019     65.036     43.048  32.434562     3.8947      7.900   274.6212 1.0234e+02     3.9251      1.779      2.580    12.6410 0.0000e+00
      1.817      0.019     6.9013     65.077     43.045  32.434372     4.0397      7.900   274.7877 1.0273e+02     3.9106      1.781      2.582    12.6439 0.0000e+00
      1.821      0.019     6.9009     65.114     43.079  32.456181     4.3167      7.900   274.9841 1.0376e+02     3.8852      1.785      2.588    12.6546 0.0000e+00
      1.825      0.020     6.8990     65.132     43.072  32.444635     4.4727      7.899   275.0166 1.0388e+02     3.8915      1.790      2.597    12.6640 0.0000e+00
      1.829      0.021     6.9028     65.133     43.047  32.421570     4.5028      7.899   274.9229 1.0270e+02     3.9190      1.792      2.599    12.6698 0.0000e+00
      1.834      0.025     6.9060     65.137     43.066  32.430915     4.6398      7.900   274.9704 1.0098e+02     4.0807      1.798      2.607    12.6746 0.0000e+00
      1.842      0.031     6.9125     65.156     43.072  32.430812     4.8715      7.900   275.0742 9.9606e+01     4.3093      1.807      2.621    12.6689 0.0000e+00
      1.848      0.037     6.9151     65.173     43.061  32.420315     4.9909      7.899   274.9733 9.8862e+01     4.3602      1.812      2.629    12.6591 0.0000e+00
      1.857      0.042     6.9152     65.188     43.073  32.430802     5.0092      7.899   274.8694 9.7581e+01     4.3198      1.817      2.635    12.6561 0.0000e+00
      1.872      0.046     6.9155     65.217     43.063  32.430800     4.9677      7.899   275.1078 9.5717e+01     4.2997      1.833      2.659    12.6500 0.0000e+00
      1.889      0.048     6.9199     65.240     43.036  32.420309     4.8638      7.897   275.5330 9.4854e+01     4.2542      1.856      2.693    12.6424 0.0000e+00
      1.901      0.047     6.9225     65.255     43.047  32.430774     4.8021      7.896   275.7080 9.4168e+01     4.1793      1.864      2.705    12.6425 0.0000e+00
      1.911      0.043     6.9220     65.259     43.055  32.430525     4.7880      7.896   275.7619 9.2381e+01     4.1117      1.871      2.715    12.6395 0.0000e+00
