Data/DataNotYetUploadedToEDI/Raw_CTD/RawDownloads/102423_bvr50_S8188001.cnv
* Sea-Bird SBE19plus  Data File:
* FileName = C:\R\Reservoirs\Data\DataNotYetUploadedToEDI\Raw_CTD\RawDownloads\102423_bvr50_S8188_0001.hex
* Software version 2.8.0.119
* Temperature SN = 8188
* Conductivity SN = 8188
* System UpLoad Time = Oct 30 2023 22:19:57
* <ApplicationData>
* <Seaterm232>
# nquan = 16
# nvalues = 3285                        
# units = specified
# name 0 = depFM: Depth [fresh water, m]
# name 1 = dz/dtM: Descent Rate [m/s]
# name 2 = sbeox0Mg/L: Oxygen, SBE 43 [mg/l]
# name 3 = sbeox0PS: Oxygen, SBE 43 [% saturation]
# name 4 = specc: Specific Conductance [uS/cm]
# name 5 = c0uS/cm: Conductivity [uS/cm]
# name 6 = wetCDOM: Fluorescence, WET Labs CDOM [mg/m^3]
# name 7 = flECO-AFL: Fluorescence, WET Labs ECO-AFL/FL [mg/m^3]
# name 8 = flECO-AFL1: Fluorescence, WET Labs ECO-AFL/FL, 2 [mg/m^3]
# name 9 = flECO-AFL2: Fluorescence, WET Labs ECO-AFL/FL, 3 [mg/m^3]
# name 10 = par/sat/log: PAR/Logarithmic, Satlantic
# name 11 = turbWETntu0: Turbidity, WET Labs ECO [NTU]
# name 12 = prdM: Pressure, Strain Gauge [db]
# name 13 = prdE: Pressure, Strain Gauge [psi]
# name 14 = tv290C: Temperature [ITS-90, deg C]
# name 15 = flag:  0.000e+00
# span 0 =     -0.563,      9.450       
# span 1 =     -0.353,      0.199       
# span 2 =    -0.1845,     6.8431       
# span 3 =     -1.694,     65.999       
# span 4 =   -522.382,    300.284       
# span 5 =-374.569854, 219.083419       
# span 6 =    -4.5000,     9.9000       
# span 7 =    -0.3024,     2.8600       
# span 8 =    -2.1300,     1.8318       
# span 9 =    -2.0304,     1.0998       
# span 10 = 1.1590e-01, 8.7939e+02      
# span 11 =    -0.4835,    72.5028      
# span 12 =     -0.552,      9.267      
# span 13 =     -0.800,     13.440      
# span 14 =    10.1839,    13.7318      
# span 15 = 0.0000e+00, 0.0000e+00      
# interval = seconds: 0.25
# start_time = Oct 24 2023 10:38:29 [Instrument's time stamp, header]
# bad_flag = -9.990e-29
*END*
[from data line 362]
      0.121 4.3312e-07     4.8164     46.190     35.279  27.184125     4.9500     2.1505     0.3408     0.5499 1.8577e+01    10.6087      0.118      0.172    13.5229 0.0000e+00
      0.121 5.5687e-07     4.8142     46.194     35.277  27.183517     4.9500     2.1505     0.3408     0.5499 1.8683e+01    10.5186      0.118      0.172    13.5231 0.0000e+00
      0.121 7.1597e-07     4.8127     46.218     35.275  27.181983     4.9500     2.0704     0.3408     0.5499 1.8711e+01    10.5186      0.118      0.172    13.5236 0.0000e+00
      0.121 9.2053e-07     4.8111     46.258     35.276  27.183071     4.9500     2.0932     0.3408     0.5499 1.8715e+01    10.5336      0.118      0.172    13.5241 0.0000e+00
      0.121      0.000     4.8099     46.312     35.280  27.187074     4.9500     2.1009     0.3408     0.6345 1.8654e+01    10.6689      0.118      0.172    13.5246 0.0000e+00
      0.121      0.000     4.8104     46.372     35.280  27.187139     4.9500     2.1009     0.3408     0.6345 1.8748e+01    10.5486      0.118      0.172    13.5250 0.0000e+00
      0.121      0.000     4.8128     46.440     35.279  27.187243     4.9500     2.3298     0.3408     0.6345 1.8646e+01    10.6989      0.118      0.172    13.5255 0.0000e+00
      0.121      0.000     4.8169     46.517     35.289  27.195332     4.9500     2.3259     0.3408     0.6345 1.8670e+01    10.6388      0.118      0.172    13.5262 0.0000e+00
      0.121      0.000     4.8224     46.588     35.302  27.205646     4.9500     2.3679     0.3408     0.5499 1.8618e+01    10.5636      0.118      0.172    13.5269 0.0000e+00
      0.121      0.000     4.8286     46.637     35.310  27.213015     4.9500     2.3298     0.3408     0.5499 1.8606e+01    10.6087      0.118      0.172    13.5275 0.0000e+00
      0.121      0.000     4.8356     46.664     35.313  27.215444     4.9500     2.3259     0.3408     0.5499 1.8679e+01    10.7891      0.118      0.172    13.5281 0.0000e+00
      0.121      0.000     4.8435     46.677     35.306  27.209623     4.9500     2.3145     0.3408     0.5499 1.8642e+01    10.6388      0.118      0.172    13.5289 0.0000e+00
      0.121      0.000     4.8508     46.680     35.301  27.205877     4.9500     2.3336     0.3834     0.5076 1.8801e+01    10.8041      0.118      0.172    13.5299 0.0000e+00
      0.121      0.000     4.8559     46.675     35.309  27.211126     4.9500     2.3221     0.3834     0.5076 1.8797e+01    10.8793      0.118      0.172    13.5308 0.0000e+00
      0.121      0.000     4.8586     46.666     35.314  27.214892     4.9500     2.1581     0.3834     0.5076 1.8792e+01    10.9394      0.118      0.172    13.5310 0.0000e+00
      0.121      0.000     4.8600     46.654     35.308  27.210260     4.9500     2.1276     0.3834     0.5076 1.8739e+01    10.7741      0.118      0.172    13.5308 0.0000e+00
      0.121      0.000     4.8603     46.631     35.299  27.203913     4.9500     2.1581     0.3834     0.5076 1.8646e+01    10.9093      0.118      0.171    13.5303 0.0000e+00
      0.120      0.000     4.8599     46.602     35.296  27.202079     4.9500     2.1657     0.3408     0.4230 1.8646e+01    10.7590      0.118      0.171    13.5298 0.0000e+00
      0.120      0.000     4.8590     46.569     35.293  27.200308     4.9500     2.2382     0.3408     0.4230 1.8642e+01    10.7290      0.118      0.171    13.5296 0.0000e+00
      0.120      0.000     4.8577     46.534     35.290  27.198128     4.9500     2.2001     0.3408     0.4230 1.8634e+01    10.7290      0.118      0.171    13.5296 0.0000e+00
      0.120      0.000     4.8553     46.499     35.291  27.198919     4.9500     2.2268     0.3408     0.4230 1.8711e+01    10.8943      0.118      0.171    13.5301 0.0000e+00
      0.120      0.000     4.8522     46.471     35.297  27.202889     4.9500     2.2039     0.3408     0.5076 1.8813e+01    10.6689      0.118      0.171    13.5308 0.0000e+00
      0.120      0.000     4.8487     46.457     35.304  27.207140     4.9500     2.2001     0.3408     0.5076 1.8764e+01    10.8192      0.118      0.171    13.5315 0.0000e+00
      0.120      0.000     4.8450     46.460     35.302  27.204885     4.9500     2.2153     0.3408     0.5076 1.8792e+01    10.7440      0.118      0.171    13.5318 0.0000e+00
      0.120      0.000     4.8414     46.479     35.295  27.199482     4.9500     2.2153     0.3408     0.5076 1.8792e+01    10.7891      0.118      0.171    13.5316 0.0000e+00
      0.120      0.000     4.8386     46.500     35.298  27.201369     4.9500     2.2191     0.3408     0.5076 1.8715e+01    10.8342      0.118      0.171    13.5307 0.0000e+00
      0.120      0.000     4.8372     46.516     35.309  27.211049     4.9500     2.2039     0.3408     0.5076 1.8748e+01    10.6238      0.118      0.171    13.5296 0.0000e+00
      0.120      0.000     4.8377     46.529     35.319  27.219224     4.9500     2.2077     0.3408     0.5076 1.8735e+01    10.5486      0.118      0.171    13.5285 0.0000e+00
      0.121      0.000     4.8398     46.532     35.314  27.216198     4.9500     2.2115     0.3408     0.5076 1.8719e+01    10.5937      0.118      0.171    13.5280 0.0000e+00
      0.121      0.000     4.8419     46.515     35.300  27.205122     4.9500     2.2268     0.3408     0.5076 1.8723e+01    10.6538      0.118      0.172    13.5282 0.0000e+00
      0.121      0.000     4.8434     46.486     35.292  27.198881     4.9500     2.2039     0.3834     0.5922 1.8776e+01    10.5486      0.118      0.172    13.5291 0.0000e+00
      0.121      0.000     4.8447     46.454     35.299  27.203729     4.9500     2.2344     0.3834     0.5922 1.8792e+01    10.6087      0.118      0.172    13.5301 0.0000e+00
      0.121      0.000     4.8449     46.425     35.312  27.213040     4.9500     2.2344     0.3834     0.5922 1.8821e+01    10.5035      0.118      0.172    13.5309 0.0000e+00
      0.121      0.000     4.8431     46.402     35.319  27.217418     4.9500     2.2268     0.3834     0.5922 1.8756e+01    10.6087      0.118      0.172    13.5312 0.0000e+00
      0.121      0.000     4.8401     46.385     35.320  27.218031     4.9500     2.1848     0.3408     0.4230 1.8768e+01    10.5186      0.118      0.172    13.5308 0.0000e+00
      0.121      0.000     4.8370     46.378     35.327  27.222961     4.9500     2.2191     0.3408     0.4230 1.8784e+01    10.5186      0.118      0.172    13.5300 0.0000e+00
      0.121      0.000     4.8340     46.386     35.336  27.229564     4.9500     2.2229     0.3408     0.4230 1.8788e+01    10.5336      0.118      0.172    13.5289 0.0000e+00
      0.121      0.000     4.8317     46.396     35.334  27.227722     4.9500     2.2115     0.3408     0.4230 1.8715e+01    10.5787      0.118      0.172    13.5278 0.0000e+00
      0.121      0.000     4.8300     46.395     35.325  27.220904     4.9500     2.1543     0.3834     0.6345 1.8646e+01    10.7440      0.119      0.172    13.5269 0.0000e+00
      0.121      0.000     4.8293     46.389     35.323  27.219168     4.9500     2.1543     0.3834     0.6345 1.8707e+01    10.5937      0.119      0.172    13.5264 0.0000e+00
      0.121      0.000     4.8302     46.382     35.328  27.222054     4.9500     2.1581     0.3834     0.6345 1.8662e+01    10.5486      0.119      0.172    13.5261 0.0000e+00
      0.122      0.000     4.8312     46.372     35.329  27.222410     4.9500     2.1505     0.3834     0.6345 1.8593e+01    10.6689      0.119      0.173    13.5259 0.0000e+00
      0.122 -3.043e-07     4.8312     46.357     35.327  27.220332     4.9500     2.1848     0.3408     0.5076 1.8723e+01    10.6388      0.119      0.173    13.5257 0.0000e+00
      0.121 -3.912e-07     4.8306     46.335     35.326  27.219226     4.9500     2.1428     0.3408     0.5076 1.8646e+01    10.5937      0.119      0.172    13.5253 0.0000e+00
      0.121 -5.030e-07     4.8299     46.306     35.321  27.214837     4.9500     2.1428     0.3408     0.5076 1.8805e+01    10.6087      0.119      0.172    13.5248 0.0000e+00
      0.121 -6.467e-07     4.8289     46.283     35.310  27.205994     4.9500     2.1200     0.3408     0.5076 1.8622e+01    10.5035      0.119      0.172    13.5242 0.0000e+00
      0.121 -8.314e-07     4.8275     46.273     35.305  27.202218     4.9500     2.2077     0.3408     0.5076 1.8602e+01    10.6238      0.119      0.172    13.5234 0.0000e+00
      0.121      0.000     4.8252     46.273     35.310  27.206462     4.9500     2.1848     0.3408     0.5922 1.8602e+01    10.5787      0.119      0.172    13.5228 0.0000e+00
      0.121      0.000     4.8223     46.285     35.317  27.211939     4.9500     2.1848     0.3408     0.5922 1.8691e+01    10.5636      0.119      0.172    13.5223 0.0000e+00
      0.121      0.000     4.8200     46.313     35.328  27.220108     4.9500     2.2115     0.3408     0.5922 1.8739e+01    10.6087      0.119      0.172    13.5220 0.0000e+00
      0.121     -0.000     4.8189     46.360     35.344  27.233148     4.9500     2.0704     0.3408     0.5922 1.8780e+01    10.6087      0.119      0.172    13.5217 0.0000e+00
      0.121     -0.000     4.8189     46.416     35.356  27.242658     4.9500     2.0856     0.3834     0.4653 1.8622e+01    10.5035      0.119      0.172    13.5217 0.0000e+00
      0.121     -0.000     4.8202     46.471     35.357  27.243256     4.9500     2.0818     0.3834     0.4653 1.8715e+01    10.5787      0.119      0.172    13.5218 0.0000e+00
      0.121     -0.000     4.8231     46.521     35.352  27.239060     4.9500     2.0856     0.3834     0.4653 1.8752e+01    10.4735      0.119      0.172    13.5221 0.0000e+00
      0.121     -0.000     4.8280     46.565     35.344  27.232910     4.9500     2.1467     0.3834     0.4653 1.8691e+01    10.4735      0.118      0.172    13.5224 0.0000e+00
      0.121      0.000     4.8338     46.594     35.331  27.223167     4.9500     2.1581     0.3408     0.6345 1.8642e+01    10.6388      0.118      0.172    13.5226 0.0000e+00
      0.121      0.000     4.8395     46.601     35.315  27.211192     4.9500     2.1505     0.3408     0.6345 1.8658e+01    10.4434      0.118      0.171    13.5227 0.0000e+00
      0.121      0.000     4.8447     46.589     35.302  27.201710     4.9500     2.1810     0.3408     0.6345 1.8699e+01    10.5336      0.118      0.171    13.5228 0.0000e+00
      0.121      0.000     4.8492     46.570     35.294  27.196153     4.9500     2.1505     0.3408     0.6345 1.8784e+01    10.6689      0.118      0.171    13.5228 0.0000e+00
      0.121      0.000     4.8521     46.558     35.290  27.193038     4.9500     2.1505     0.3408     0.5922 1.8683e+01    10.4284      0.118      0.171    13.5231 0.0000e+00
      0.121      0.000     4.8529     46.547     35.288  27.191536     4.9500     2.1695     0.3408     0.5922 1.8760e+01    10.5937      0.118      0.171    13.5236 0.0000e+00
      0.121      0.000     4.8516     46.532     35.288  27.191245     4.9500     2.1428     0.3408     0.5922 1.8739e+01    10.7290      0.118      0.171    13.5241 0.0000e+00
      0.121      0.000     4.8495     46.515     35.289  27.192087     4.9500     2.3717     0.3408     0.5922 1.8589e+01    10.5486      0.118      0.171    13.5247 0.0000e+00
      0.121      0.000     4.8482     46.500     35.292  27.194288     4.9500     2.3908     0.3408     0.5922 1.8699e+01    10.4584      0.118      0.171    13.5250 0.0000e+00
      0.121      0.000     4.8472     46.491     35.297  27.198434     4.9500     2.3870     0.3408     0.5499 1.8658e+01    10.4735      0.118      0.171    13.5250 0.0000e+00
      0.121      0.000     4.8456     46.486     35.301  27.201672     4.9500     2.3946     0.3408     0.5499 1.8650e+01    10.5035      0.118      0.171    13.5246 0.0000e+00
      0.121      0.000     4.8439     46.482     35.299  27.200905     4.9500     2.1352     0.3408     0.5499 1.8666e+01    10.5787      0.118      0.171    13.5242 0.0000e+00
      0.121      0.000     4.8424     46.478     35.292  27.195929     4.9500     2.1276     0.3408     0.5499 1.8533e+01    10.5336      0.118      0.171    13.5241 0.0000e+00
      0.121      0.000     4.8413     46.482     35.284  27.189376     4.9500     2.1619     0.3408     0.5076 1.8638e+01    10.5937      0.118      0.171    13.5243 0.0000e+00
      0.120      0.000     4.8408     46.491     35.286  27.191378     4.9500     2.1238     0.3408     0.5076 1.8735e+01    10.7290      0.118      0.171    13.5248 0.0000e+00
      0.120      0.000     4.8403     46.497     35.306  27.206428     4.9500     2.1810     0.3408     0.5076 1.8707e+01    10.5035      0.118      0.171    13.5255 0.0000e+00
      0.120      0.000     4.8398     46.497     35.327  27.222702     4.9500     2.1734     0.3408     0.5076 1.8626e+01    10.5486      0.118      0.171    13.5261 0.0000e+00
      0.120      0.000     4.8402     46.487     35.335  27.228701     4.9500     2.1390     0.3408     0.4653 1.8658e+01    10.6538      0.118      0.171    13.5265 0.0000e+00
      0.120      0.000     4.8412     46.468     35.332  27.226024     4.9500     2.1428     0.3408     0.4653 1.8557e+01    10.5486      0.118      0.171    13.5267 0.0000e+00
      0.120      0.000     4.8418     46.438     35.322  27.217918     4.9500     2.1390     0.3408     0.4653 1.8565e+01    10.4584      0.118      0.171    13.5267 0.0000e+00
      0.120      0.000     4.8417     46.401     35.307  27.206181     4.9500     2.1390     0.3408     0.4653 1.8618e+01    10.6087      0.118      0.171    13.5265 0.0000e+00
      0.120      0.000     4.8408     46.371     35.300  27.199560     4.9500     2.1352     0.3834     0.5076 1.8469e+01    10.6087      0.118      0.171    13.5262 0.0000e+00
      0.120      0.000     4.8387     46.357     35.297  27.196290     4.9500     2.1428     0.3834     0.5076 1.8565e+01    10.5186      0.118      0.171    13.5257 0.0000e+00
      0.120      0.000     4.8357     46.360     35.286  27.187580     4.9500     2.1390     0.3834     0.5076 1.8614e+01    10.5937      0.118      0.171    13.5251 0.0000e+00
      0.120      0.000     4.8320     46.376     35.276  27.179027     4.9500     2.1428     0.3834     0.5076 1.8573e+01    10.4735      0.118      0.171    13.5243 0.0000e+00
      0.120      0.000     4.8289     46.402     35.273  27.176268     4.9500     2.1238     0.3834     0.5076 1.8573e+01    10.6388      0.118      0.171    13.5232 0.0000e+00
      0.120      0.000     4.8277     46.435     35.276  27.178569     4.9500     2.1695     0.3834     0.5499 1.8585e+01    10.6238      0.118      0.171    13.5219 0.0000e+00
      0.120      0.000     4.8282     46.472     35.281  27.182582     4.9500     2.2001     0.3834     0.5499 1.8553e+01    10.5186      0.118      0.171    13.5206 0.0000e+00
      0.120      0.000     4.8300     46.505     35.283  27.185418     4.9500     2.2229     0.3834     0.5499 1.8473e+01    10.6087      0.118      0.171    13.5198 0.0000e+00
      0.120      0.000     4.8327     46.532     35.285  27.187835     4.9500     2.2001     0.3834     0.5499 1.8473e+01    10.6689      0.118      0.171    13.5194 0.0000e+00
      0.120      0.000     4.8361     46.555     35.288  27.190477     4.9500     2.2229     0.3834     0.5076 1.8598e+01    10.4434      0.118      0.171    13.5197 0.0000e+00
      0.120      0.000     4.8398     46.574     35.288  27.190089     4.9500     2.0055     0.3834     0.5076 1.8573e+01    10.5186      0.118      0.171    13.5204 0.0000e+00
      0.120      0.000     4.8432     46.584     35.283  27.186566     4.9500     2.0170     0.3834     0.5076 1.8626e+01    10.5336      0.118      0.171    13.5213 0.0000e+00
      0.120      0.000     4.8459     46.583     35.284  27.186889     4.9500     2.0170     0.3834     0.5076 1.8614e+01    10.4735      0.118      0.171    13.5222 0.0000e+00
