Data/DataNotYetUploadedToEDI/Raw_CTD/RawDownloads/102423_fcr50_S8188002.cnv
* Sea-Bird SBE19plus  Data File:
* FileName = C:\R\Reservoirs\Data\DataNotYetUploadedToEDI\Raw_CTD\RawDownloads\102423_bvr50_S8188_0002.hex
* Software version 2.8.0.119
* Temperature SN = 8188
* Conductivity SN = 8188
* System UpLoad Time = Oct 30 2023 22:20:41
* <ApplicationData>
* <Seaterm232>
# nquan = 16
# nvalues = 3074                        
# units = specified
# name 0 = depFM: Depth [fresh water, m]
# name 1 = dz/dtM: Descent Rate [m/s]
# name 2 = sbeox0Mg/L: Oxygen, SBE 43 [mg/l]
# name 3 = sbeox0PS: Oxygen, SBE 43 [% saturation]
# name 4 = specc: Specific Conductance [uS/cm]
# name 5 = c0uS/cm: Conductivity [uS/cm]
# name 6 = wetCDOM: Fluorescence, WET Labs CDOM [mg/m^3]
# name 7 = flECO-AFL: Fluorescence, WET Labs ECO-AFL/FL [mg/m^3]
# name 8 = flECO-AFL1: Fluorescence, WET Labs ECO-AFL/FL, 2 [mg/m^3]
# name 9 = flECO-AFL2: Fluorescence, WET Labs ECO-AFL/FL, 3 [mg/m^3]
# name 10 = par/sat/log: PAR/Logarithmic, Satlantic
# name 11 = turbWETntu0: Turbidity, WET Labs ECO [NTU]
# name 12 = prdM: Pressure, Strain Gauge [db]
# name 13 = prdE: Pressure, Strain Gauge [psi]
# name 14 = tv290C: Temperature [ITS-90, deg C]
# name 15 = flag:  0.000e+00
# span 0 =     -0.558,      9.395       
# span 1 =     -0.179,      0.106       
# span 2 =     3.6895,     6.8599       
# span 3 =     34.865,     67.213       
# span 4 =      1.119,     68.400       
# span 5 =   0.983783,  51.714547       
# span 6 =    -4.5000,     4.0500       
# span 7 =    -0.1422,     8.0939       
# span 8 =    -2.1300,     0.6390       
# span 9 =    -2.0304,     4.0185       
# span 10 = 1.1590e-01, 1.8835e+03      
# span 11 =    -0.4534,    31.6509      
# span 12 =     -0.547,      9.213      
# span 13 =     -0.794,     13.363      
# span 14 =    12.7924,    18.9726      
# span 15 = 0.0000e+00, 0.0000e+00      
# interval = seconds: 0.25
# start_time = Oct 24 2023 13:56:38 [Instrument's time stamp, header]
# bad_flag = -9.990e-29
*END*
[from data line 181]
      0.387     -0.003     6.5264     62.759     46.293  36.054367     3.2400     6.4497     0.0000     1.1844 5.8375e+01     2.7179      0.380      0.551    13.9540 0.0000e+00
      0.387     -0.002     6.5112     62.649     46.276  36.037276     3.2400     6.4535     0.0426     1.3113 5.9476e+01     2.8231      0.379      0.550    13.9500 0.0000e+00
      0.386     -0.002     6.4982     62.536     46.263  36.023868     3.2400     6.4154     0.0426     1.3113 6.0309e+01     2.6277      0.379      0.549    13.9458 0.0000e+00
      0.386     -0.001     6.4867     62.418     46.266  36.022450     3.2400     6.5145     0.0426     1.3113 6.0506e+01     2.5225      0.379      0.549    13.9418 0.0000e+00
      0.386     -0.001     6.4758     62.302     46.273  36.024721     3.2400     6.5031     0.0426     1.3113 6.0480e+01     2.5526      0.378      0.549    13.9379 0.0000e+00
      0.385     -0.001     6.4650     62.185     46.277  36.023366     3.2400     6.5031     0.0426     1.3113 6.1220e+01     2.5225      0.378      0.548    13.9342 0.0000e+00
      0.385     -0.001     6.4538     62.071     46.281  36.021984     3.2400     6.4726     0.0852     1.3113 6.1500e+01     2.5676      0.378      0.548    13.9305 0.0000e+00
      0.385     -0.001     6.4422     61.989     46.289  36.024167     3.2400     6.2971     0.0852     1.3113 6.2416e+01     2.5676      0.378      0.548    13.9268 0.0000e+00
      0.385     -0.001     6.4308     61.942     46.293  36.022575     3.2400     6.2933     0.0852     1.3113 6.3898e+01     2.4774      0.378      0.547    13.9228 0.0000e+00
      0.384     -0.001     6.4193     61.905     46.285  36.012822     3.2400     6.3200     0.0852     1.3113 6.4400e+01     2.5225      0.377      0.547    13.9184 0.0000e+00
      0.384     -0.001     6.4083     61.876     46.279  36.004191     3.2400     6.3047     0.0852     1.2690 6.5800e+01     2.4925      0.377      0.546    13.9135 0.0000e+00
      0.384     -0.001     6.4005     61.852     46.275  35.998340     3.2400     6.1331     0.0852     1.2690 6.8336e+01     2.4925      0.377      0.546    13.9085 0.0000e+00
      0.384     -0.001     6.3963     61.816     46.268  35.989749     3.2400     6.1216     0.0852     1.2690 7.0723e+01     2.5977      0.376      0.546    13.9038 0.0000e+00
      0.384     -0.001     6.3931     61.771     46.260  35.980088     3.2400     6.0949     0.0852     1.2690 7.2749e+01     2.4925      0.376      0.546    13.8997 0.0000e+00
      0.384     -0.001     6.3906     61.727     46.257  35.974702     3.2400     6.1483     0.0426     1.2690 7.3018e+01     2.4624      0.376      0.546    13.8961 0.0000e+00
      0.383     -0.000     6.3886     61.688     46.262  35.976116     3.2400     6.3086     0.0426     1.2690 6.9883e+01     2.4624      0.376      0.545    13.8926 0.0000e+00
      0.383     -0.000     6.3854     61.659     46.267  35.976786     3.2400     6.3086     0.0426     1.2690 6.8099e+01     2.4774      0.376      0.545    13.8891 0.0000e+00
      0.383     -0.000     6.3812     61.641     46.267  35.972929     3.2400     6.3047     0.0426     1.2690 6.7231e+01     2.4474      0.375      0.545    13.8857 0.0000e+00
      0.383      0.000     6.3772     61.625     46.266  35.967476     3.2400     6.3276     0.0852     1.3113 6.7173e+01     2.5676      0.375      0.545    13.8826 0.0000e+00
      0.383      0.000     6.3735     61.620     46.261  35.958974     3.2400     6.0568     0.0852     1.3113 6.6577e+01     2.5376      0.376      0.545    13.8797 0.0000e+00
      0.383      0.001     6.3709     61.636     46.258  35.953078     3.2400     6.0720     0.0852     1.3113 6.8574e+01     2.4624      0.376      0.545    13.8764 0.0000e+00
      0.384      0.001     6.3696     61.649     46.265  35.956136     3.2400     6.0530     0.0852     1.3113 7.1713e+01     2.6578      0.376      0.546    13.8721 0.0000e+00
      0.384      0.001     6.3687     61.641     46.278  35.965005     3.2400     6.0644     0.0852     1.3113 7.6511e+01     2.4925      0.376      0.546    13.8671 0.0000e+00
      0.384      0.001     6.3689     61.615     46.290  35.974126     3.2400     5.9805     0.0426     1.3536 8.2003e+01     2.5075      0.376      0.546    13.8622 0.0000e+00
      0.384      0.002     6.3711     61.583     46.294  35.978009     3.2400     6.0224     0.0426     1.3536 8.6581e+01     2.5225      0.377      0.546    13.8583 0.0000e+00
      0.385      0.003     6.3729     61.562     46.293  35.977690     3.2400     5.9957     0.0426     1.3536 9.2232e+01     2.5676      0.377      0.547    13.8558 0.0000e+00
      0.385      0.004     6.3722     61.555     46.292  35.977045     3.2400     5.9996     0.0426     1.3536 9.7678e+01     2.5225      0.378      0.548    13.8545 0.0000e+00
      0.386      0.005     6.3696     61.544     46.285  35.971940     3.2400     6.1521     0.0426     1.3113 1.0462e+02     2.7630      0.379      0.550    13.8542 0.0000e+00
      0.388      0.006     6.3662     61.524     46.276  35.964977     3.2400     6.1827     0.0426     1.3113 1.1617e+02     2.7179      0.380      0.552    13.8545 0.0000e+00
      0.390      0.007     6.3639     61.517     46.274  35.962220     3.2400     6.1789     0.0426     1.3113 1.2797e+02     2.7630      0.382      0.554    13.8552 0.0000e+00
      0.392      0.007     6.3632     61.519     46.271  35.958973     3.2400     6.2056     0.0426     1.3113 1.5134e+02     2.7780      0.384      0.557    13.8558 0.0000e+00
      0.394      0.007     6.3619     61.520     46.265  35.954369     3.2400     6.3696     0.0426     1.2267 1.9116e+02     2.7329      0.386      0.560    13.8560 0.0000e+00
      0.396      0.007     6.3600     61.522     46.267  35.955105     3.2400     6.3658     0.0426     1.2267 2.0596e+02     2.8231      0.388      0.564    13.8558 0.0000e+00
      0.398      0.006     6.3593     61.525     46.270  35.957414     3.2400     6.3543     0.0426     1.2267 2.1413e+02     2.6879      0.390      0.566    13.8551 0.0000e+00
      0.399      0.005     6.3596     61.527     46.262  35.950030     3.2400     6.3810     0.0426     1.2267 1.8783e+02     2.8231      0.392      0.568    13.8543 0.0000e+00
      0.400      0.003     6.3598     61.546     46.250  35.938904     3.2400     5.8241     0.0426     1.2690 2.5484e+02     2.5526      0.393      0.569    13.8537 0.0000e+00
      0.401      0.002     6.3601     61.583     46.255  35.940877     3.2400     5.8317     0.0426     1.2690 2.9254e+02     2.4474      0.393      0.570    13.8534 0.0000e+00
      0.401      0.001     6.3604     61.624     46.274  35.952513     3.2400     5.8012     0.0426     1.2690 3.5304e+02     2.4474      0.393      0.570    13.8529 0.0000e+00
      0.401      0.001     6.3608     61.657     46.282  35.957108     3.2400     5.8393     0.0426     1.2690 4.4342e+02     2.4323      0.393      0.570    13.8517 0.0000e+00
      0.401      0.001     6.3630     61.676     46.283  35.955888     3.2400     6.0301     0.0426     1.2690 4.2080e+02     2.5526      0.393      0.570    13.8496 0.0000e+00
      0.401      0.001     6.3672     61.675     46.284  35.956450     3.2400     6.0606     0.0852     1.2267 3.4142e+02     2.5826      0.393      0.570    13.8470 0.0000e+00
      0.401      0.001     6.3718     61.656     46.287  35.958944     3.2400     6.0720     0.0852     1.2267 2.1338e+02     2.6428      0.393      0.570    13.8443 0.0000e+00
      0.401      0.002     6.3755     61.633     46.293  35.964035     3.2400     6.0682     0.0852     1.2267 2.6842e+02     2.5075      0.394      0.571    13.8420 0.0000e+00
      0.402      0.002     6.3777     61.599     46.298  35.969120     3.2400     6.3086     0.0852     1.2267 3.0820e+02     2.5977      0.395      0.572    13.8406 0.0000e+00
      0.403      0.002     6.3777     61.552     46.299  35.971593     3.2400     6.3086     0.0852     1.2690 2.0048e+02     2.4925      0.395      0.573    13.8399 0.0000e+00
      0.403      0.002     6.3758     61.507     46.297  35.972114     3.2400     6.3162     0.0852     1.2690 1.3473e+02     2.5376      0.396      0.574    13.8398 0.0000e+00
      0.404      0.001     6.3733     61.475     46.293  35.970822     3.2400     6.3162     0.0852     1.2690 1.1847e+02     2.5225      0.396      0.574    13.8404 0.0000e+00
      0.404      0.001     6.3696     61.453     46.287  35.967371     3.2400     6.5908     0.0852     1.2690 8.1364e+01     2.7480      0.396      0.575    13.8418 0.0000e+00
      0.404      0.000     6.3644     61.439     46.279  35.960844     3.2400     6.6099     0.0426     1.3959 7.1901e+01     2.6879      0.396      0.575    13.8439 0.0000e+00
      0.404      0.000     6.3595     61.428     46.270  35.953459     3.2400     6.5947     0.0426     1.3959 6.6505e+01     2.7931      0.396      0.575    13.8462 0.0000e+00
      0.404     -0.001     6.3559     61.410     46.269  35.951171     3.2400     6.5985     0.0426     1.3959 6.3318e+01     2.7630      0.396      0.575    13.8481 0.0000e+00
      0.404     -0.001     6.3535     61.401     46.274  35.953368     3.2400     6.4306     0.0426     1.3959 6.0546e+01     2.4925      0.396      0.575    13.8492 0.0000e+00
      0.403     -0.001     6.3520     61.412     46.279  35.956675     3.2400     6.4306     0.0426     1.3959 5.7644e+01     2.4474      0.396      0.574    13.8491 0.0000e+00
      0.403     -0.001     6.3510     61.430     46.287  35.961974     3.2400     6.4001     0.0852     1.3113 5.7083e+01     2.4774      0.395      0.573    13.8481 0.0000e+00
      0.403     -0.001     6.3494     61.441     46.293  35.966717     3.2400     6.4383     0.0852     1.3113 5.7732e+01     2.4925      0.395      0.573    13.8467 0.0000e+00
      0.402     -0.001     6.3486     61.454     46.295  35.968208     3.2400     6.1750     0.0852     1.3113 5.9296e+01     2.5075      0.395      0.573    13.8455 0.0000e+00
      0.402     -0.001     6.3499     61.473     46.294  35.966844     3.2400     6.2094     0.0852     1.3113 6.0388e+01     2.5075      0.395      0.572    13.8445 0.0000e+00
      0.402     -0.001     6.3518     61.489     46.288  35.962261     3.2400     6.1750     0.0426     1.3113 6.0625e+01     2.5376      0.394      0.572    13.8439 0.0000e+00
      0.402     -0.001     6.3530     61.495     46.282  35.957199     3.2400     6.1483     0.0426     1.3113 6.3029e+01     2.4173      0.394      0.572    13.8435 0.0000e+00
      0.401     -0.001     6.3544     61.499     46.279  35.954269     3.2400     5.8584     0.0426     1.3113 6.7231e+01     2.5376      0.394      0.571    13.8432 0.0000e+00
      0.401     -0.001     6.3564     61.507     46.278  35.952689     3.2400     5.8927     0.0426     1.3113 9.1315e+01     2.4323      0.393      0.571    13.8429 0.0000e+00
      0.401     -0.000     6.3581     61.515     46.278  35.952039     3.3300     5.8699     0.0852     1.3536 1.2194e+02     2.4925      0.393      0.570    13.8425 0.0000e+00
      0.401     -0.000     6.3588     61.530     46.280  35.952145     3.3300     5.8584     0.0852     1.3536 1.0424e+02     2.5225      0.393      0.570    13.8420 0.0000e+00
      0.401      0.000     6.3594     61.550     46.282  35.953034     3.3300     5.9767     0.0852     1.3536 1.0231e+02     2.5676      0.393      0.570    13.8415 0.0000e+00
      0.401      0.000     6.3602     61.565     46.285  35.954944     3.3300     6.0148     0.0852     1.3536 7.8549e+01     2.6127      0.394      0.571    13.8408 0.0000e+00
      0.401      0.000     6.3612     61.573     46.291  35.958385     3.2400     5.9843     0.0426     1.2690 6.6852e+01     2.4323      0.394      0.571    13.8401 0.0000e+00
      0.401      0.000     6.3628     61.571     46.299  35.964273     3.2400     5.9881     0.0426     1.2690 6.3208e+01     2.4925      0.394      0.571    13.8392 0.0000e+00
      0.401      0.000     6.3650     61.557     46.307  35.970218     3.2400     6.0530     0.0426     1.2690 6.1701e+01     2.5075      0.394      0.571    13.8383 0.0000e+00
      0.401      0.000     6.3667     61.543     46.306  35.969882     3.2400     6.0606     0.0426     1.2690 5.9619e+01     2.5977      0.394      0.571    13.8373 0.0000e+00
      0.402      0.000     6.3677     61.533     46.302  35.967138     3.2400     6.0644     0.0426     1.2690 5.8110e+01     2.5225      0.394      0.571    13.8365 0.0000e+00
      0.402      0.000     6.3675     61.518     46.304  35.969176     3.2400     6.0759     0.0426     1.3113 5.6026e+01     2.5826      0.394      0.571    13.8361 0.0000e+00
      0.402      0.000     6.3660     61.509     46.308  35.972579     3.2400     6.1598     0.0426     1.3113 5.4763e+01     2.5977      0.394      0.572    13.8360 0.0000e+00
      0.402      0.000     6.3646     61.517     46.309  35.974292     3.2400     6.1674     0.0426     1.3113 5.3457e+01     2.5376      0.394      0.572    13.8361 0.0000e+00
      0.402      0.000     6.3635     61.536     46.309  35.974772     3.2400     6.1674     0.0426     1.3113 5.2434e+01     2.5826      0.394      0.572    13.8363 0.0000e+00
      0.402      0.000     6.3620     61.559     46.308  35.974148     3.2400     6.1750     0.0852     1.1844 5.1867e+01     2.6127      0.395      0.572    13.8367 0.0000e+00
      0.402      0.000     6.3609     61.582     46.305  35.972253     3.2400     5.9957     0.0852     1.1844 5.1407e+01     2.5225      0.395      0.572    13.8371 0.0000e+00
      0.402      0.000     6.3617     61.601     46.301  35.968582     3.2400     5.9652     0.0852     1.1844 5.1128e+01     2.5526      0.395      0.572    13.8377 0.0000e+00
      0.402      0.000     6.3636     61.601     46.297  35.966117     3.2400     6.0034     0.0852     1.1844 5.0929e+01     2.4774      0.395      0.572    13.8383 0.0000e+00
      0.402      0.000     6.3659     61.591     46.300  35.968161     3.2400     5.9957     0.0852     1.3536 5.1173e+01     2.5376      0.395      0.572    13.8389 0.0000e+00
      0.402      0.000     6.3683     61.580     46.304  35.971299     3.2400     6.0644     0.0852     1.3536 5.1306e+01     2.4925      0.394      0.572    13.8392 0.0000e+00
      0.402      0.000     6.3702     61.565     46.305  35.972406     3.2400     6.0720     0.0852     1.3536 5.1340e+01     2.4023      0.394      0.572    13.8392 0.0000e+00
      0.402      0.000     6.3702     61.555     46.304  35.971778     3.2400     6.0873     0.0852     1.3536 5.1743e+01     2.5526      0.394      0.572    13.8392 0.0000e+00
      0.402      0.000     6.3692     61.554     46.300  35.969247     3.2400     6.0606     0.0426     1.2267 5.2331e+01     2.5225      0.394      0.572    13.8392 0.0000e+00
      0.402      0.000     6.3680     61.565     46.294  35.964139     3.2400     5.9576     0.0426     1.2267 5.3099e+01     2.5075      0.394      0.571    13.8395 0.0000e+00
      0.402      0.000     6.3664     61.595     46.289  35.959051     3.2400     5.9309     0.0426     1.2267 5.4478e+01     2.5075      0.394      0.571    13.8399 0.0000e+00
      0.402      0.001     6.3653     61.629     46.288  35.956589     3.2400     5.9347     0.0426     1.2267 5.6112e+01     2.5376      0.394      0.571    13.8403 0.0000e+00
      0.402      0.001     6.3652     61.649     46.289  35.956096     3.2400     5.9500     0.0426     1.2267 5.8579e+01     2.4323      0.394      0.571    13.8403 0.0000e+00
      0.402      0.002     6.3664     61.654     46.292  35.957441     3.2400     6.1483     0.0852     1.2690 5.8706e+01     2.5526      0.394      0.572    13.8396 0.0000e+00
      0.402      0.002     6.3697     61.644     46.299  35.960981     3.2400     6.1407     0.0852     1.2690 6.0638e+01     2.4925      0.394      0.572    13.8383 0.0000e+00
      0.403      0.003     6.3734     61.624     46.308  35.967661     3.2400     6.1369     0.0852     1.2690 6.1527e+01     2.5225      0.395      0.572    13.8368 0.0000e+00
