Data/DataNotYetUploadedToEDI/Raw_CTD/RawDownloads/102423_fcr50_S8188002.cnv
* Sea-Bird SBE19plus  Data File:
* FileName = C:\R\Reservoirs\Data\DataNotYetUploadedToEDI\Raw_CTD\RawDownloads\102423_bvr50_S8188_0002.hex
* Software version 2.8.0.119
* Temperature SN = 8188
* Conductivity SN = 8188
* System UpLoad Time = Oct 30 2023 22:20:41
* <ApplicationData>
* <Seaterm232>
# nquan = 16
# nvalues = 3074                        
# units = specified
# name 0 = depFM: Depth [fresh water, m]
# name 1 = dz/dtM: Descent Rate [m/s]
# name 2 = sbeox0Mg/L: Oxygen, SBE 43 [mg/l]
# name 3 = sbeox0PS: Oxygen, SBE 43 [% saturation]
# name 4 = specc: Specific Conductance [uS/cm]
# name 5 = c0uS/cm: Conductivity [uS/cm]
# name 6 = wetCDOM: Fluorescence, WET Labs CDOM [mg/m^3]
# name 7 = flECO-AFL: Fluorescence, WET Labs ECO-AFL/FL [mg/m^3]
# name 8 = flECO-AFL1: Fluorescence, WET Labs ECO-AFL/FL, 2 [mg/m^3]
# name 9 = flECO-AFL2: Fluorescence, WET Labs ECO-AFL/FL, 3 [mg/m^3]
# name 10 = par/sat/log: PAR/Logarithmic, Satlantic
# name 11 = turbWETntu0: Turbidity, WET Labs ECO [NTU]
# name 12 = prdM: Pressure, Strain Gauge [db]
# name 13 = prdE: Pressure, Strain Gauge [psi]
# name 14 = tv290C: Temperature [ITS-90, deg C]
# name 15 = flag:  0.000e+00
# span 0 =     -0.558,      9.395       
# span 1 =     -0.179,      0.106       
# span 2 =     3.6895,     6.8599       
# span 3 =     34.865,     67.213       
# span 4 =      1.119,     68.400       
# span 5 =   0.983783,  51.714547       
# span 6 =    -4.5000,     4.0500       
# span 7 =    -0.1422,     8.0939       
# span 8 =    -2.1300,     0.6390       
# span 9 =    -2.0304,     4.0185       
# span 10 = 1.1590e-01, 1.8835e+03      
# span 11 =    -0.4534,    31.6509      
# span 12 =     -0.547,      9.213      
# span 13 =     -0.794,     13.363      
# span 14 =    12.7924,    18.9726      
# span 15 = 0.0000e+00, 0.0000e+00      
# interval = seconds: 0.25
# start_time = Oct 24 2023 13:56:38 [Instrument's time stamp, header]
# bad_flag = -9.990e-29
*END*
[from data line 2803]
      6.231     -0.088     3.8100     36.143     65.790  49.755176     3.8700     1.2311     0.3408     0.3807 3.6985e-01    15.8993      6.111      8.863    12.8087 0.0000e+00
      6.207     -0.086     3.8142     36.147     65.790  49.755473     3.8700     1.2006     0.3408     0.3807 3.7986e-01    16.0196      6.087      8.828    12.8091 0.0000e+00
      6.184     -0.081     3.8184     36.129     65.791  49.756190     3.8700     1.2197     0.3408     0.2961 4.0953e-01    16.0046      6.064      8.795    12.8095 0.0000e+00
      6.163     -0.074     3.8218     36.099     65.792  49.757520     3.8700     1.2159     0.3408     0.2961 4.2744e-01    15.9444      6.044      8.766    12.8099 0.0000e+00
      6.145     -0.067     3.8238     36.067     65.795  49.759817     3.8700     1.2082     0.3408     0.2961 4.0580e-01    16.1398      6.026      8.741    12.8103 0.0000e+00
      6.130     -0.061     3.8242     36.035     65.795  49.759730     3.8700     1.2120     0.3408     0.2961 4.2781e-01    16.1098      6.012      8.720    12.8107 0.0000e+00
      6.118     -0.058     3.8223     36.007     65.792  49.757234     3.9600     1.2159     0.2982     0.4230 3.4900e-01    16.0797      5.999      8.701    12.8109 0.0000e+00
      6.105     -0.058     3.8191     35.988     65.785  49.751664     3.9600     1.2082     0.2982     0.4230 3.5822e-01    16.0947      5.987      8.684    12.8111 0.0000e+00
      6.092     -0.060     3.8157     35.987     65.776  49.745500     3.9600     1.1968     0.2982     0.4230 3.7251e-01    17.9284      5.974      8.665    12.8111 0.0000e+00
      6.077     -0.064     3.8123     36.005     65.770  49.741062     3.9600     1.2120     0.2982     0.4230 3.7846e-01    17.8082      5.960      8.644    12.8111 0.0000e+00
      6.059     -0.067     3.8094     36.023     65.759  49.733202     3.8700     1.2006     0.3408     0.2961 4.4266e-01    17.8232      5.942      8.618    12.8111 0.0000e+00
      6.040     -0.069     3.8073     36.034     65.741  49.719824     3.8700     1.2120     0.3408     0.2961 4.7330e-01    17.8533      5.923      8.591    12.8111 0.0000e+00
      6.020     -0.069     3.8073     36.040     65.732  49.713216     3.8700     1.1510     0.3408     0.2961 4.7422e-01    16.7861      5.904      8.563    12.8111 0.0000e+00
      6.002     -0.067     3.8092     36.046     65.740  49.719545     3.8700     1.1510     0.3408     0.2961 4.7391e-01    16.9214      5.886      8.537    12.8113 0.0000e+00
      5.986     -0.064     3.8111     36.051     65.752  49.728605     3.8700     1.1472     0.3408     0.2961 4.7412e-01    16.9064      5.870      8.514    12.8115 0.0000e+00
      5.971     -0.062     3.8121     36.047     65.760  49.734886     3.8700     1.1586     0.3408     0.2538 4.4237e-01    16.8613      5.856      8.493    12.8118 0.0000e+00
      5.957     -0.062     3.8128     36.036     65.761  49.736098     3.8700     1.0862     0.3408     0.2538 4.9004e-01    16.6208      5.842      8.473    12.8121 0.0000e+00
      5.942     -0.062     3.8134     36.026     65.751  49.728601     3.8700     1.1052     0.3408     0.2538 5.1616e-01    16.7260      5.827      8.452    12.8123 0.0000e+00
      5.926     -0.065     3.8138     36.023     65.737  49.718323     3.8700     1.0938     0.3408     0.2538 4.8686e-01    16.5306      5.812      8.429    12.8126 0.0000e+00
      5.909     -0.068     3.8135     36.021     65.732  49.714415     3.9600     1.1052     0.3408     0.3807 5.2476e-01    16.5907      5.795      8.405    12.8127 0.0000e+00
      5.892     -0.072     3.8123     36.020     65.733  49.715835     3.9600     1.1434     0.3408     0.3807 5.0048e-01    15.4935      5.778      8.380    12.8128 0.0000e+00
      5.873     -0.078     3.8113     36.025     65.732  49.715035     3.9600     1.1548     0.3408     0.3807 5.2590e-01    15.6138      5.759      8.353    12.8129 0.0000e+00
      5.854     -0.085     3.8109     36.034     65.722  49.707837     3.9600     1.1510     0.3408     0.3807 5.1639e-01    15.5086      5.740      8.326    12.8130 0.0000e+00
      5.833     -0.093     3.8107     36.048     65.706  49.696284     3.8700     1.1434     0.3408     0.4230 5.1628e-01    15.5236      5.720      8.296    12.8131 0.0000e+00
      5.809     -0.102     3.8106     36.070     65.685  49.681261     3.8700     1.0213     0.3408     0.4230 5.2865e-01    16.3653      5.696      8.262    12.8133 0.0000e+00
      5.781     -0.110     3.8110     36.097     65.654  49.658761     3.8700     1.0099     0.3408     0.4230 5.9253e-01    16.3953      5.669      8.223    12.8135 0.0000e+00
      5.750     -0.116     3.8120     36.119     65.615  49.630713     3.8700     1.0442     0.3408     0.4230 6.3245e-01    16.4855      5.639      8.179    12.8138 0.0000e+00
      5.717     -0.119     3.8134     36.129     65.575  49.601529     3.8700     1.0137     0.3408     0.4230 6.2861e-01    16.4555      5.607      8.132    12.8142 0.0000e+00
      5.684     -0.118     3.8156     36.137     65.533  49.571353     3.7800     1.1624     0.3408     0.4230 6.7344e-01    16.3953      5.574      8.085    12.8148 0.0000e+00
      5.652     -0.113     3.8185     36.149     65.484  49.536104     3.7800     1.1281     0.3408     0.4230 6.6573e-01    16.4104      5.543      8.039    12.8156 0.0000e+00
      5.623     -0.106     3.8207     36.162     65.426  49.494309     3.7800     1.1548     0.3408     0.4230 6.8302e-01    16.4555      5.515      7.998    12.8165 0.0000e+00
      5.598     -0.098     3.8217     36.177     65.377  49.458605     3.7800     1.1319     0.3408     0.4230 7.0672e-01    16.3502      5.490      7.962    12.8177 0.0000e+00
      5.576     -0.092     3.8225     36.195     65.343  49.435329     3.8700     1.1548     0.2982     0.4230 6.8361e-01    16.1398      5.468      7.930    12.8189 0.0000e+00
      5.555     -0.089     3.8236     36.214     65.313  49.414307     3.8700     1.2235     0.2982     0.4230 6.5639e-01    15.9745      5.447      7.901    12.8201 0.0000e+00
      5.534     -0.088     3.8249     36.242     65.274  49.385972     3.8700     1.2235     0.2982     0.4230 6.5269e-01    16.0346      5.427      7.872    12.8215 0.0000e+00
      5.513     -0.090     3.8264     36.279     65.225  49.350695     3.8700     1.2044     0.2982     0.4230 6.2371e-01    15.9444      5.406      7.841    12.8229 0.0000e+00
      5.490     -0.092     3.8281     36.309     65.178  49.316906     3.8700     1.2082     0.3408     0.3807 6.5511e-01    16.0046      5.384      7.808    12.8243 0.0000e+00
      5.465     -0.095     3.8300     36.331     65.135  49.285504     3.8700     1.2807     0.3408     0.3807 6.7652e-01    15.3583      5.359      7.773    12.8257 0.0000e+00
      5.439     -0.096     3.8328     36.352     65.080  49.246134     3.8700     1.2807     0.3408     0.3807 7.9144e-01    15.3132      5.334      7.736    12.8269 0.0000e+00
      5.413     -0.095     3.8366     36.381     65.006  49.192260     3.8700     1.2769     0.3408     0.3807 7.8835e-01    15.1929      5.309      7.699    12.8280 0.0000e+00
      5.388     -0.093     3.8398     36.413     64.915  49.125372     3.8700     1.2654     0.3408     0.4230 8.9230e-01    15.2681      5.284      7.663    12.8292 0.0000e+00
      5.365     -0.091     3.8420     36.443     64.811  49.049434     3.8700     1.3990     0.3408     0.4230 9.0028e-01    14.8472      5.261      7.630    12.8305 0.0000e+00
      5.343     -0.089     3.8441     36.472     64.717  48.981852     3.8700     1.4219     0.3408     0.4230 8.6631e-01    14.7871      5.240      7.599    12.8318 0.0000e+00
      5.322     -0.090     3.8470     36.504     64.655  48.938295     3.8700     1.4066     0.3408     0.4230 8.9755e-01    14.7571      5.220      7.570    12.8334 0.0000e+00
      5.301     -0.094     3.8502     36.542     64.601  48.901204     3.8700     1.3990     0.3408     0.4230 8.7179e-01    14.6819      5.199      7.540    12.8351 0.0000e+00
      5.279     -0.100     3.8533     36.585     64.529  48.850778     3.8700     1.3990     0.3408     0.3807 8.7864e-01    14.8322      5.177      7.508    12.8373 0.0000e+00
      5.253     -0.107     3.8561     36.635     64.428  48.777533     3.8700     1.4028     0.3408     0.3807 8.9560e-01    14.8322      5.151      7.471    12.8398 0.0000e+00
      5.223     -0.114     3.8592     36.699     64.270  48.661939     3.8700     1.3875     0.3408     0.3807 9.7058e-01    14.7120      5.122      7.429    12.8427 0.0000e+00
      5.191     -0.119     3.8630     36.785     64.031  48.485061     3.8700     1.3913     0.3408     0.3807 1.0475e+00    14.7721      5.091      7.384    12.8456 0.0000e+00
      5.157     -0.120     3.8673     36.886     63.691  48.233423     3.7800     1.4753     0.2982     0.4230 1.0912e+00    13.8402      5.058      7.336    12.8485 0.0000e+00
      5.125     -0.118     3.8723     36.990     63.235  47.895415     3.7800     1.4447     0.2982     0.4230 1.1501e+00    13.8402      5.026      7.290    12.8513 0.0000e+00
      5.094     -0.112     3.8788     37.098     62.642  47.456209     3.7800     1.4867     0.2982     0.4230 1.1846e+00    13.9304      4.996      7.246    12.8544 0.0000e+00
      5.066     -0.103     3.8876     37.215     61.947  46.943352     3.7800     1.4447     0.2982     0.4230 1.2119e+00    13.9154      4.969      7.206    12.8579 0.0000e+00
      5.041     -0.094     3.8979     37.350     61.341  46.501481     3.7800     1.7690     0.2130     0.4230 1.2270e+00    12.1568      4.944      7.170    12.8624 0.0000e+00
      5.018     -0.086     3.9084     37.519     61.038  46.292172     3.7800     1.7652     0.2130     0.4230 1.2660e+00    12.1719      4.922      7.138    12.8684 0.0000e+00
      4.999     -0.081     3.9191     37.743     60.953  46.249703     3.7800     1.7652     0.2130     0.4230 1.2663e+00    12.0967      4.903      7.111    12.8765 0.0000e+00
      4.982     -0.078     3.9305     38.041     60.806  46.158647     3.7800     1.7728     0.2130     0.4230 1.2278e+00    12.2621      4.886      7.086    12.8874 0.0000e+00
      4.964     -0.080     3.9435     38.423     60.552  45.982833     3.6900     2.1505     0.2130     0.5076 1.2378e+00    11.5105      4.869      7.061    12.9015 0.0000e+00
      4.946     -0.085     3.9598     38.886     60.345  45.839853     3.6900     2.1428     0.2130     0.5076 1.1813e+00    11.4204      4.850      7.035    12.9184 0.0000e+00
      4.924     -0.093     3.9818     39.402     60.258  45.786695     3.6900     2.1428     0.2130     0.5076 1.2415e+00    11.5556      4.829      7.004    12.9362 0.0000e+00
      4.899     -0.100     4.0117     39.927     60.244  45.787385     3.6900     2.1390     0.2130     0.5076 1.3356e+00    11.3903      4.804      6.968    12.9527 0.0000e+00
      4.871     -0.106     4.0508     40.416     60.244  45.796534     3.6900     1.9368     0.2130     0.5076 1.5265e+00    11.2400      4.777      6.928    12.9668 0.0000e+00
      4.841     -0.110     4.0985     40.845     60.255  45.812617     3.6900     1.9864     0.1704     0.4653 1.6131e+00    11.2250      4.747      6.885    12.9789 0.0000e+00
      4.811     -0.111     4.1519     41.200     60.254  45.818128     3.6900     1.9445     0.1704     0.4653 1.6515e+00    11.2550      4.718      6.842    12.9895 0.0000e+00
      4.781     -0.108     4.2063     41.470     60.162  45.753106     3.6900     1.9788     0.1704     0.4653 1.7199e+00    11.2400      4.689      6.801    12.9987 0.0000e+00
      4.753     -0.102     4.2572     41.654     59.924  45.576434     3.6900     2.3336     0.1704     0.4653 1.8414e+00     9.7821      4.661      6.761    13.0064 0.0000e+00
      4.727     -0.094     4.3018     41.761     59.572  45.314316     3.6900     2.3221     0.2130     0.4653 1.9311e+00     9.9324      4.635      6.723    13.0126 0.0000e+00
      4.703     -0.085     4.3387     41.808     59.229  45.059342     3.6900     2.3336     0.2130     0.4653 1.9886e+00     9.7821      4.612      6.689    13.0177 0.0000e+00
      4.683     -0.076     4.3668     41.821     59.003  44.896092     3.6900     2.3298     0.2130     0.4653 1.9973e+00     9.8272      4.592      6.660    13.0218 0.0000e+00
      4.665     -0.067     4.3858     41.824     58.884  44.814720     3.6900     3.0202     0.2130     0.4653 2.0425e+00    11.9765      4.575      6.636    13.0256 0.0000e+00
      4.651     -0.060     4.3966     41.835     58.788  44.751916     3.6000     3.0050     0.2130     0.6345 2.0747e+00    11.8262      4.561      6.615    13.0297 0.0000e+00
      4.638     -0.056     4.4010     41.862     58.679  44.679044     3.6000     3.0240     0.2130     0.6345 2.1079e+00    11.9765      4.549      6.597    13.0352 0.0000e+00
      4.626     -0.056     4.4016     41.919     58.504  44.554876     3.6000     3.0126     0.2130     0.6345 2.0474e+00    12.0366      4.537      6.580    13.0423 0.0000e+00
      4.613     -0.060     4.4012     42.013     58.199  44.330449     3.6000     3.1270     0.2130     0.6345 1.9930e+00     9.0757      4.524      6.562    13.0504 0.0000e+00
      4.599     -0.066     4.4015     42.144     57.878  44.094521     3.6000     3.1118     0.1704     0.5922 1.9211e+00     9.0757      4.510      6.541    13.0590 0.0000e+00
      4.582     -0.073     4.4036     42.303     57.713  43.978355     3.6000     3.1232     0.1704     0.5922 1.9633e+00     9.1809      4.493      6.517    13.0675 0.0000e+00
      4.562     -0.080     4.4087     42.481     57.670  43.954939     3.6000     3.1156     0.1704     0.5922 2.0856e+00     9.2109      4.474      6.488    13.0753 0.0000e+00
      4.539     -0.086     4.4179     42.668     57.640  43.940757     3.6000     2.8791     0.1704     0.5922 2.2382e+00     7.9935      4.451      6.456    13.0824 0.0000e+00
      4.515     -0.089     4.4309     42.855     57.574  43.898343     3.6000     2.8676     0.1704     0.5922 2.3621e+00     7.9334      4.428      6.421    13.0897 0.0000e+00
      4.490     -0.091     4.4469     43.048     57.437  43.800536     3.5100     2.8715     0.1278     0.6345 2.4319e+00     7.8883      4.404      6.386    13.0977 0.0000e+00
      4.466     -0.089     4.4648     43.246     57.220  43.641069     3.5100     2.8829     0.1278     0.6345 2.5665e+00     8.0236      4.380      6.352    13.1060 0.0000e+00
      4.443     -0.084     4.4837     43.444     56.912  43.413081     3.5100     3.4933     0.1278     0.6345 2.6539e+00     6.9414      4.357      6.319    13.1137 0.0000e+00
      4.421     -0.078     4.5027     43.635     56.494  43.101348     3.5100     3.4818     0.1278     0.6345 2.7990e+00     6.9414      4.336      6.288    13.1204 0.0000e+00
      4.401     -0.071     4.5223     43.818     56.022  42.749544     3.5100     3.5085     0.1704     0.5499 2.8993e+00     7.0466      4.316      6.260    13.1262 0.0000e+00
      4.384     -0.063     4.5426     43.996     55.571  42.416416     3.5100     3.5047     0.1704     0.5499 2.9361e+00     6.9264      4.300      6.236    13.1317 0.0000e+00
      4.370     -0.057     4.5628     44.173     55.164  42.118136     3.5100     3.6230     0.1704     0.5499 2.9138e+00     6.2951      4.286      6.216    13.1373 0.0000e+00
      4.358     -0.052     4.5823     44.354     54.790  41.846487     3.5100     3.6192     0.1704     0.5499 2.8924e+00     6.2500      4.274      6.199    13.1437 0.0000e+00
      4.347     -0.049     4.6007     44.553     54.466  41.614218     3.5100     3.6230     0.1704     0.6768 2.9144e+00     6.2500      4.263      6.183    13.1515 0.0000e+00
      4.336     -0.050     4.6183     44.785     54.339  41.531750     3.5100     3.6153     0.1704     0.6768 2.9043e+00     6.2500      4.252      6.167    13.1612 0.0000e+00
