Data/DataNotYetUploadedToEDI/Raw_CTD/RawDownloads/102422_bvr50_S8188002.cnv
* Sea-Bird SBE19plus  Data File:
* FileName = C:\R\Reservoirs\Data\DataNotYetUploadedToEDI\Raw_CTD\RawDownloads\101722_fcr50_S8188_0002.hex
* Software version 2.8.0.119
* Temperature SN = 8188
* Conductivity SN = 8188
* System UpLoad Time = Oct 26 2022 17:16:53
* <ApplicationData>
* <Seaterm232>
# nquan = 16
# nvalues = 1784                        
# units = specified
# name 0 = depFM: Depth [fresh water, m]
# name 1 = dz/dtM: Descent Rate [m/s]
# name 2 = sbeox0Mg/L: Oxygen, SBE 43 [mg/l]
# name 3 = sbeox0PS: Oxygen, SBE 43 [% saturation]
# name 4 = specc: Specific Conductance [uS/cm]
# name 5 = c0uS/cm: Conductivity [uS/cm]
# name 6 = wetCDOM: Fluorescence, WET Labs CDOM [mg/m^3]
# name 7 = flECO-AFL: Fluorescence, WET Labs ECO-AFL/FL [mg/m^3]
# name 8 = flECO-AFL1: Fluorescence, WET Labs ECO-AFL/FL, 2 [mg/m^3]
# name 9 = flECO-AFL2: Fluorescence, WET Labs ECO-AFL/FL, 3 [mg/m^3]
# name 10 = par/sat/log: PAR/Logarithmic, Satlantic
# name 11 = turbWETntu0: Turbidity, WET Labs ECO [NTU]
# name 12 = prdM: Pressure, Strain Gauge [db]
# name 13 = prdE: Pressure, Strain Gauge [psi]
# name 14 = tv290C: Temperature [ITS-90, deg C]
# name 15 = flag:  0.000e+00
# span 0 =     -0.692,      7.280       
# span 1 =     -0.211,      0.167       
# span 2 =     2.0517,     9.7982       
# span 3 =     18.600,     92.737       
# span 4 =      0.042,     53.007       
# span 5 =   0.035741,  38.239732       
# span 6 =    -4.5000,     8.8200       
# span 7 =    -2.5989,     9.3108       
# span 8 =    -3.3654,     2.0022       
# span 9 =    -7.7409,     4.4838       
# span 10 = 1.1597e-01, 2.0684e+03      
# span 11 =   -11.4856,   262.5739      
# span 12 =     -0.679,      7.139      
# span 13 =     -0.984,     10.354      
# span 14 =    10.9592,    17.5653      
# span 15 = 0.0000e+00, 0.0000e+00      
# interval = seconds: 0.25
# start_time = Oct 24 2022 08:17:02 [Instrument's time stamp, header]
# bad_flag = -9.990e-29
*END*
[from data line 272]
     -0.159     -0.006     8.3494     78.837     36.739  27.762602     6.2100     1.7385     0.2982     0.4653 8.0164e+02     8.4444     -0.156     -0.227    12.7811 0.0000e+00
     -0.159     -0.005     8.3504     78.849     36.728  27.753604     6.2100     1.7385     0.2982     0.4653 9.8995e+02     8.3843     -0.156     -0.227    12.7803 0.0000e+00
     -0.159     -0.004     8.3519     78.864     36.723  27.749183     6.2100     1.7385     0.2982     0.4653 1.0135e+03     8.4444     -0.156     -0.226    12.7792 0.0000e+00
     -0.158     -0.003     8.3536     78.881     36.728  27.752118     6.2100     1.7499     0.2982     0.4653 1.0728e+03     8.4745     -0.155     -0.224    12.7778 0.0000e+00
     -0.156     -0.001     8.3548     78.890     36.739  27.759233     6.2100     1.7423     0.3408     0.4653 9.6573e+02     8.4594     -0.153     -0.222    12.7763 0.0000e+00
     -0.155      0.001     8.3543     78.882     36.752  27.768464     6.2100     1.7308     0.3408     0.4653 9.9535e+02     8.5346     -0.152     -0.220    12.7753 0.0000e+00
     -0.153      0.002     8.3522     78.858     36.766  27.778315     6.2100     1.7347     0.3408     0.4653 9.8759e+02     8.4444     -0.150     -0.218    12.7747 0.0000e+00
     -0.152      0.004     8.3496     78.828     36.772  27.783493     6.2100     1.7690     0.3408     0.4653 9.7840e+02     8.4294     -0.149     -0.216    12.7748 0.0000e+00
     -0.151      0.005     8.3474     78.803     36.769  27.781418     6.2100     1.9140     0.3408     0.4653 1.0333e+03     8.6849     -0.148     -0.215    12.7753 0.0000e+00
     -0.151      0.005     8.3458     78.786     36.760  27.775498     6.2100     1.9445     0.2982     0.4230 1.0014e+03     8.7149     -0.148     -0.214    12.7761 0.0000e+00
     -0.151      0.005     8.3451     78.778     36.755  27.772073     6.2100     1.9178     0.2982     0.4230 9.8931e+02     8.6398     -0.148     -0.214    12.7771 0.0000e+00
     -0.151      0.004     8.3457     78.784     36.752  27.770230     6.2100     1.8873     0.2982     0.4230 9.7247e+02     8.7149     -0.148     -0.214    12.7778 0.0000e+00
     -0.151      0.003     8.3479     78.803     36.745  27.765517     6.2100     1.9750     0.2982     0.4230 1.0285e+03     8.6698     -0.148     -0.215    12.7780 0.0000e+00
     -0.152      0.001     8.3506     78.828     36.744  27.764598     6.2100     1.9941     0.3408     0.3384 1.1872e+03     8.6398     -0.149     -0.217    12.7779 0.0000e+00
     -0.154     -0.000     8.3524     78.842     36.753  27.771186     6.2100     1.9941     0.3408     0.3384 9.4641e+02     8.6698     -0.151     -0.219    12.7775 0.0000e+00
     -0.156     -0.002     8.3517     78.833     36.764  27.779118     6.2100     1.9635     0.3408     0.3384 9.6973e+02     8.6548     -0.153     -0.222    12.7773 0.0000e+00
     -0.161     -0.004     8.3484     78.800     36.773  27.786551     6.2100     2.0208     0.3408     0.3384 1.2799e+03     8.6097     -0.157     -0.228    12.7775 0.0000e+00
     -0.167     -0.007     8.3430     78.750     36.784  27.795467     6.2100     2.0437     0.2556     0.5076 1.4782e+03     8.7450     -0.164     -0.237    12.7785 0.0000e+00
     -0.175     -0.011     8.3367     78.693     36.797  27.806264     6.2100     2.0360     0.2556     0.5076 1.5205e+03     8.7300     -0.172     -0.249    12.7807 0.0000e+00
     -0.184     -0.016     8.3309     78.641     36.803  27.813902     6.2100     2.0284     0.2556     0.5076 1.4811e+03     8.6849     -0.181     -0.262    12.7841 0.0000e+00
     -0.194     -0.021     8.3267     78.604     36.802  27.816457     6.2100     2.1619     0.2556     0.5076 1.3723e+03     8.3692     -0.191     -0.276    12.7891 0.0000e+00
     -0.206     -0.026     8.3250     78.590     36.796  27.816591     6.2100     2.1543     0.2556     0.5499 1.3347e+03     8.5195     -0.202     -0.293    12.7953 0.0000e+00
     -0.218     -0.032     8.3261     78.602     36.787  27.814340     6.2100     2.1581     0.2556     0.5499 1.6311e+03     8.3993     -0.214     -0.311    12.8016 0.0000e+00
     -0.230     -0.037     8.3298     78.639     36.778  27.811084     6.2100     2.1695     0.2556     0.5499 1.7673e+03     8.4143     -0.226     -0.328    12.8062 0.0000e+00
     -0.240     -0.040     8.3355     78.694     36.772  27.807934     6.2100     1.8415     0.2556     0.5499 1.8542e+03     8.3392     -0.235     -0.341    12.8087 0.0000e+00
     -0.246     -0.041     8.3423     78.759     36.766  27.804051     6.2100     1.8453     0.2556     0.5499 1.8526e+03     8.5045     -0.241     -0.350    12.8091 0.0000e+00
     -0.250     -0.039     8.3488     78.821     36.765  27.802359     6.3000     1.8644     0.2130     0.3807 1.8542e+03     8.4745     -0.245     -0.355    12.8080 0.0000e+00
     -0.251     -0.035     8.3532     78.861     36.772  27.806366     6.3000     1.8682     0.2130     0.3807 1.8599e+03     8.3993     -0.246     -0.358    12.8056 0.0000e+00
     -0.252     -0.029     8.3546     78.872     36.784  27.813180     6.3000     1.4142     0.2130     0.3807 1.8794e+03     8.4594     -0.246     -0.358    12.8029 0.0000e+00
     -0.250     -0.021     8.3531     78.854     36.796  27.820660     6.3000     1.4219     0.2130     0.3807 1.8822e+03     8.4143     -0.245     -0.356    12.8005 0.0000e+00
     -0.248     -0.013     8.3490     78.812     36.803  27.824861     6.2100     1.4295     0.2982     0.4653 1.8945e+03     8.3692     -0.242     -0.352    12.7989 0.0000e+00
     -0.243     -0.005     8.3435     78.755     36.799  27.820962     6.2100     1.4333     0.2982     0.4653 1.9278e+03     8.3542     -0.238     -0.346    12.7983 0.0000e+00
     -0.237      0.002     8.3378     78.697     36.789  27.813865     6.2100     1.6469     0.2982     0.4653 1.9616e+03     8.3091     -0.232     -0.338    12.7986 0.0000e+00
     -0.230      0.008     8.3324     78.642     36.780  27.807615     6.2100     1.6774     0.2982     0.4653 1.9796e+03     8.3091     -0.225     -0.327    12.7995 0.0000e+00
     -0.221      0.014     8.3277     78.594     36.774  27.804506     6.2100     1.6698     0.2982     0.3807 1.9864e+03     8.4594     -0.217     -0.315    12.8010 0.0000e+00
     -0.211      0.020     8.3242     78.559     36.774  27.805688     6.2100     1.6851     0.2982     0.3807 1.9796e+03     8.3843     -0.207     -0.300    12.8030 0.0000e+00
     -0.199      0.026     8.3223     78.539     36.777  27.809497     6.2100     1.6126     0.2982     0.3807 2.0103e+03     8.7450     -0.195     -0.283    12.8052 0.0000e+00
     -0.186      0.032     8.3215     78.531     36.781  27.812990     6.2100     1.5859     0.2982     0.3807 1.9981e+03     8.6548     -0.182     -0.264    12.8064 0.0000e+00
     -0.172      0.037     8.3215     78.530     36.776  27.809178     6.2100     1.6240     0.2982     0.5499 1.7951e+03     8.6398     -0.168     -0.244    12.8056 0.0000e+00
     -0.157      0.043     8.3223     78.536     36.766  27.799024     6.2100     1.6202     0.2982     0.5499 1.8187e+03     8.7300     -0.154     -0.223    12.8024 0.0000e+00
     -0.142      0.047     8.3242     78.554     36.753  27.785761     6.2100     1.5363     0.2982     0.5499 1.6543e+03     8.3993     -0.139     -0.202    12.7975 0.0000e+00
     -0.127      0.051     8.3270     78.579     36.743  27.773771     6.2100     1.5401     0.2982     0.5499 5.7440e+02     8.4143     -0.125     -0.181    12.7917 0.0000e+00
     -0.114      0.054     8.3295     78.602     36.745  27.771735     6.2100     1.5363     0.2982     0.5499 4.0422e+02     8.3392     -0.112     -0.162    12.7864 0.0000e+00
     -0.103      0.055     8.3307     78.614     36.753  27.775150     6.2100     1.5516     0.2982     0.4653 6.8108e+02     8.4594     -0.101     -0.147    12.7828 0.0000e+00
     -0.094      0.053     8.3308     78.615     36.757  27.777007     6.2100     1.8377     0.2982     0.4653 1.0268e+03     8.6097     -0.092     -0.134    12.7811 0.0000e+00
     -0.086      0.050     8.3300     78.608     36.764  27.781761     6.2100     1.8415     0.2982     0.4653 1.0566e+03     8.6698     -0.085     -0.123    12.7806 0.0000e+00
     -0.080      0.046     8.3284     78.593     36.774  27.788701     6.2100     1.8453     0.2982     0.4653 8.7292e+02     8.6548     -0.079     -0.114    12.7804 0.0000e+00
     -0.075      0.040     8.3263     78.573     36.773  27.787798     6.2100     1.8453     0.2556     0.5499 9.6783e+02     8.6698     -0.074     -0.107    12.7798 0.0000e+00
     -0.072      0.034     8.3246     78.558     36.762  27.778810     6.2100     1.8567     0.2556     0.5499 8.6593e+02     8.6398     -0.071     -0.102    12.7789 0.0000e+00
     -0.070      0.028     8.3250     78.561     36.753  27.771221     6.2100     1.8300     0.2556     0.5499 1.4172e+03     8.7300     -0.069     -0.100    12.7780 0.0000e+00
     -0.070      0.022     8.3280     78.588     36.756  27.772906     6.2100     1.8605     0.2556     0.5499 8.8514e+02     8.6398     -0.069     -0.100    12.7774 0.0000e+00
     -0.072      0.016     8.3323     78.627     36.771  27.784313     6.3000     1.8720     0.2982     0.5922 8.2838e+02     8.6999     -0.070     -0.102    12.7767 0.0000e+00
     -0.075      0.010     8.3365     78.665     36.788  27.796607     6.3000     1.7995     0.2982     0.5922 9.9211e+02     8.5346     -0.073     -0.106    12.7762 0.0000e+00
     -0.079      0.004     8.3407     78.703     36.800  27.805145     6.3000     1.8110     0.2982     0.5922 1.2027e+03     8.6548     -0.077     -0.112    12.7758 0.0000e+00
     -0.083     -0.002     8.3444     78.734     36.807  27.810226     6.3000     1.8148     0.2982     0.5922 1.2472e+03     8.7149     -0.082     -0.118    12.7756 0.0000e+00
     -0.087     -0.007     8.3467     78.752     36.806  27.809244     6.2100     1.7728     0.2556     0.4230 1.3507e+03     8.6398     -0.085     -0.123    12.7755 0.0000e+00
     -0.089     -0.010     8.3479     78.759     36.796  27.801937     6.2100     1.7347     0.2556     0.4230 5.2853e+02     8.3091     -0.087     -0.126    12.7752 0.0000e+00
     -0.089     -0.011     8.3484     78.761     36.787  27.794277     6.2100     1.7423     0.2556     0.4230 1.2238e+03     8.3843     -0.088     -0.127    12.7745 0.0000e+00
     -0.088     -0.011     8.3488     78.760     36.787  27.794119     6.2100     1.7537     0.2556     0.4230 1.0836e+03     8.4745     -0.086     -0.125    12.7737 0.0000e+00
     -0.086     -0.008     8.3497     78.766     36.798  27.801421     6.2100     1.7118     0.2556     0.4230 9.3071e+02     8.4294     -0.084     -0.122    12.7731 0.0000e+00
     -0.082     -0.004     8.3514     78.779     36.810  27.810211     6.2100     1.7308     0.2982     0.5076 1.2051e+03     8.4444     -0.081     -0.117    12.7728 0.0000e+00
     -0.079      0.000     8.3529     78.791     36.813  27.812935     6.2100     1.7423     0.2982     0.5076 1.8159e+03     8.4594     -0.078     -0.112    12.7728 0.0000e+00
     -0.076      0.004     8.3538     78.798     36.807  27.808339     6.2100     1.7423     0.2982     0.5076 9.2065e+02     8.3692     -0.075     -0.108    12.7730 0.0000e+00
     -0.074      0.007     8.3542     78.799     36.800  27.803116     6.2100     1.7194     0.2982     0.5076 9.7437e+02     8.3843     -0.073     -0.105    12.7730 0.0000e+00
     -0.072      0.009     8.3538     78.793     36.796  27.799834     6.3000     1.8338     0.3408     0.2115 1.0754e+03     8.4143     -0.071     -0.102    12.7727 0.0000e+00
     -0.070      0.010     8.3527     78.781     36.796  27.799597     6.3000     1.8377     0.3408     0.2115 1.0208e+03     8.3091     -0.068     -0.099    12.7721 0.0000e+00
     -0.067      0.010     8.3509     78.763     36.798  27.800361     6.3000     1.8567     0.3408     0.2115 1.1261e+03     8.4444     -0.066     -0.096    12.7713 0.0000e+00
     -0.065      0.010     8.3487     78.741     36.796  27.798372     6.3000     1.8491     0.3408     0.2115 1.1089e+03     8.4444     -0.064     -0.093    12.7702 0.0000e+00
     -0.064      0.009     8.3466     78.722     36.790  27.793099     6.2100     1.7347     0.2556     0.4230 1.1072e+03     8.6398     -0.062     -0.091    12.7691 0.0000e+00
     -0.062      0.008     8.3449     78.707     36.778  27.783135     6.2100     1.7156     0.2556     0.4230 1.1647e+03     8.6698     -0.061     -0.088    12.7682 0.0000e+00
     -0.060      0.008     8.3439     78.699     36.761  27.769782     6.2100     1.7003     0.2556     0.4230 1.1382e+03     8.7450     -0.059     -0.086    12.7672 0.0000e+00
     -0.058      0.008     8.3432     78.693     36.752  27.761360     6.2100     1.7156     0.2556     0.4230 1.0585e+03     8.6548     -0.057     -0.083    12.7658 0.0000e+00
     -0.056      0.008     8.3425     78.689     36.757  27.763542     6.2100     1.8377     0.2556     0.4230 1.1069e+03     8.6698     -0.055     -0.080    12.7638 0.0000e+00
     -0.054      0.008     8.3423     78.688     36.763  27.767009     6.3000     1.8453     0.2556     0.3384 1.1787e+03     8.7300     -0.053     -0.076    12.7615 0.0000e+00
     -0.050      0.008     8.3430     78.695     36.760  27.762787     6.3000     1.8644     0.2556     0.3384 1.0523e+03     8.6698     -0.049     -0.072    12.7592 0.0000e+00
     -0.046      0.009     8.3450     78.713     36.753  27.755691     6.3000     1.8720     0.2556     0.3384 1.1657e+03     8.6097     -0.045     -0.066    12.7570 0.0000e+00
     -0.041      0.010     8.3476     78.737     36.747  27.749766     6.3000     2.0475     0.2556     0.3384 1.0605e+03     8.4745     -0.041     -0.059    12.7546 0.0000e+00
     -0.035      0.013     8.3499     78.759     36.742  27.743434     6.3000     2.0246     0.2982     0.4653 1.0292e+03     8.3993     -0.035     -0.050    12.7515 0.0000e+00
     -0.028      0.015     8.3509     78.768     36.739  27.738964     6.3000     2.0360     0.2982     0.4653 1.0768e+03     8.4444     -0.027     -0.039    12.7479 0.0000e+00
     -0.019      0.019     8.3501     78.760     36.748  27.743085     6.3000     2.0513     0.2982     0.4653 9.2065e+02     8.4745     -0.018     -0.027    12.7442 0.0000e+00
     -0.008      0.023     8.3477     78.737     36.765  27.752935     6.3000     1.8453     0.2982     0.4653 7.4682e+02     8.6698     -0.008     -0.012    12.7409 0.0000e+00
      0.004      0.028     8.3438     78.699     36.776  27.759263     6.2100     1.8148     0.2556     0.3807 1.6325e+03     8.5947      0.004      0.005    12.7381 0.0000e+00
      0.017      0.033     8.3387     78.651     36.779  27.759796     6.2100     1.8377     0.2556     0.3807 2.9343e+02     8.6398      0.017      0.024    12.7356 0.0000e+00
      0.032      0.038     8.3337     78.603     36.775  27.754676     6.2100     1.8415     0.2556     0.3807 3.9785e+02     8.5947      0.031      0.045    12.7333 0.0000e+00
      0.048      0.044     8.3305     78.572     36.771  27.750457     6.2100     1.9292     0.2556     0.3807 2.9741e+02     8.6999      0.047      0.068    12.7316 0.0000e+00
      0.065      0.049     8.3298     78.565     36.772  27.749972     6.2100     1.9368     0.2982     0.5499 4.1544e+02     8.6698      0.064      0.092    12.7300 0.0000e+00
      0.081      0.054     8.3317     78.581     36.772  27.749134     6.2100     1.9254     0.2982     0.5499 3.9032e+02     8.7149      0.080      0.116    12.7289 0.0000e+00
      0.094      0.057     8.3350     78.612     36.775  27.751679     6.2100     1.8873     0.2982     0.5499 2.2344e+02     8.7600      0.092      0.134    12.7288 0.0000e+00
      0.102      0.057     8.3386     78.645     36.777  27.754324     6.2100     2.2573     0.2982     0.5499 3.2161e+02     8.6398      0.100      0.144    12.7301 0.0000e+00
