Data/DataNotYetUploadedToEDI/Raw_CTD/RawDownloads/102422_fcr50_S8188003.cnv
* Sea-Bird SBE19plus  Data File:
* FileName = C:\R\Reservoirs\Data\DataNotYetUploadedToEDI\Raw_CTD\RawDownloads\101722_fcr50_S8188_0003.hex
* Software version 2.8.0.119
* Temperature SN = 8188
* Conductivity SN = 8188
* System UpLoad Time = Oct 26 2022 17:17:21
* <ApplicationData>
* <Seaterm232>
# nquan = 16
# nvalues = 1901                        
# units = specified
# name 0 = depFM: Depth [fresh water, m]
# name 1 = dz/dtM: Descent Rate [m/s]
# name 2 = sbeox0Mg/L: Oxygen, SBE 43 [mg/l]
# name 3 = sbeox0PS: Oxygen, SBE 43 [% saturation]
# name 4 = specc: Specific Conductance [uS/cm]
# name 5 = c0uS/cm: Conductivity [uS/cm]
# name 6 = wetCDOM: Fluorescence, WET Labs CDOM [mg/m^3]
# name 7 = flECO-AFL: Fluorescence, WET Labs ECO-AFL/FL [mg/m^3]
# name 8 = flECO-AFL1: Fluorescence, WET Labs ECO-AFL/FL, 2 [mg/m^3]
# name 9 = flECO-AFL2: Fluorescence, WET Labs ECO-AFL/FL, 3 [mg/m^3]
# name 10 = par/sat/log: PAR/Logarithmic, Satlantic
# name 11 = turbWETntu0: Turbidity, WET Labs ECO [NTU]
# name 12 = prdM: Pressure, Strain Gauge [db]
# name 13 = prdE: Pressure, Strain Gauge [psi]
# name 14 = tv290C: Temperature [ITS-90, deg C]
# name 15 = flag:  0.000e+00
# span 0 =     -0.625,      9.655       
# span 1 =     -0.258,      0.114       
# span 2 =    -1.9686,     9.8794       
# span 3 =    -18.338,     96.456       
# span 4 =     -0.039,    537.340       
# span 5 =  -0.036637, 399.003146       
# span 6 =    -4.5000,    16.3800       
# span 7 =    -1.3667,   245.2038       
# span 8 =    -5.2398,     2.3430       
# span 9 =    -5.3721,     9.6444       
# span 10 = 1.1592e-01, 2.5162e+03      
# span 11 =   -11.6960,   207.6087      
# span 12 =     -0.613,      9.468      
# span 13 =     -0.889,     13.732      
# span 14 =    12.0862,    21.2318      
# span 15 = 0.0000e+00, 0.0000e+00      
# interval = seconds: 0.25
# start_time = Oct 24 2022 10:44:59 [Instrument's time stamp, header]
# bad_flag = -9.990e-29
*END*
[from data line 452]
      1.311      0.023     8.0722     75.758     43.038  32.465055     4.2300     3.7794     0.0426     1.0998 2.2485e+02     3.9053      1.285      1.864    12.7138 0.0000e+00
      1.316      0.023     8.0766     75.798     43.035  32.448182     4.2300     3.7641     0.0426     1.0998 2.1154e+02     3.7700      1.291      1.872    12.6974 0.0000e+00
      1.322      0.023     8.0791     75.819     43.039  32.436391     4.2300     3.7260     0.0426     1.0998 1.9617e+02     3.8452      1.296      1.880    12.6803 0.0000e+00
      1.327      0.022     8.0800     75.823     43.043  32.426537     4.2300     3.7260     0.0852     0.8883 2.0911e+02     3.7700      1.302      1.888    12.6651 0.0000e+00
      1.333      0.022     8.0798     75.816     43.037  32.412031     4.2300     3.6916     0.0852     0.8883 2.1012e+02     3.9203      1.307      1.896    12.6529 0.0000e+00
      1.338      0.022     8.0785     75.801     43.028  32.396925     4.2300     3.6573     0.0852     0.8883 1.9857e+02     3.8452      1.312      1.904    12.6434 0.0000e+00
      1.343      0.022     8.0766     75.779     43.020  32.385112     4.2300     3.6916     0.0852     0.8883 2.0404e+02     3.9504      1.317      1.911    12.6364 0.0000e+00
      1.348      0.021     8.0747     75.758     43.016  32.377401     4.3200     3.6878     0.0852     1.0575 2.0573e+02     3.8301      1.322      1.917    12.6313 0.0000e+00
      1.353      0.021     8.0732     75.741     43.018  32.375699     4.3200     3.6344     0.0852     1.0575 2.0100e+02     3.8452      1.327      1.924    12.6275 0.0000e+00
      1.357      0.020     8.0714     75.721     43.021  32.375589     4.3200     3.6115     0.0852     1.0575 2.1371e+02     3.8752      1.331      1.930    12.6247 0.0000e+00
      1.362      0.019     8.0688     75.694     43.020  32.373081     4.3200     3.6306     0.0852     1.0575 1.9694e+02     3.9203      1.336      1.937    12.6225 0.0000e+00
      1.367      0.019     8.0643     75.648     43.015  32.367508     4.3200     3.6687     0.0852     1.0575 1.9287e+02     3.9203      1.341      1.944    12.6207 0.0000e+00
      1.372      0.019     8.0559     75.566     43.008  32.361344     4.2300     3.6687     0.0852     0.9729 2.0538e+02     3.9203      1.345      1.951    12.6191 0.0000e+00
      1.377      0.019     8.0416     75.428     43.004  32.356904     4.2300     3.6649     0.0852     0.9729 1.8922e+02     3.9203      1.350      1.958    12.6175 0.0000e+00
      1.382      0.019     8.0195     75.217     43.001  32.353006     4.2300     3.6649     0.0852     0.9729 2.0018e+02     3.8452      1.356      1.966    12.6159 0.0000e+00
      1.388      0.019     7.9897     74.937     42.992  32.344648     4.2300     3.6802     0.0852     0.9729 1.9957e+02     3.8001      1.361      1.973    12.6144 0.0000e+00
      1.393      0.020     7.9561     74.620     42.976  32.331583     4.2300     3.6802     0.0852     0.9729 2.0547e+02     3.5596      1.366      1.981    12.6130 0.0000e+00
      1.399      0.020     7.9234     74.314     42.962  32.320228     4.2300     3.8023     0.0852     0.9729 1.9570e+02     3.6197      1.372      1.989    12.6119 0.0000e+00
      1.404      0.021     7.8960     74.056     42.949  32.309534     4.2300     3.7870     0.0852     0.9729 1.8000e+02     3.5295      1.377      1.997    12.6111 0.0000e+00
      1.410      0.021     7.8767     73.874     42.940  32.302592     4.2300     3.7908     0.0852     0.9729 1.9609e+02     3.6949      1.382      2.005    12.6104 0.0000e+00
      1.415      0.021     7.8669     73.780     42.939  32.301509     4.3200     3.7870     0.0426     1.0998 1.9350e+02     3.6197      1.388      2.012    12.6101 0.0000e+00
      1.420      0.022     7.8661     73.769     42.940  32.302037     4.3200     3.6802     0.0426     1.0998 1.8399e+02     3.8903      1.393      2.020    12.6099 0.0000e+00
      1.426      0.022     7.8732     73.826     42.949  32.308277     4.3200     3.6726     0.0426     1.0998 1.8204e+02     3.8151      1.398      2.027    12.6095 0.0000e+00
      1.431      0.021     7.8852     73.924     42.967  32.321892     4.3200     3.6649     0.0426     1.0998 1.8078e+02     3.9203      1.404      2.035    12.6089 0.0000e+00
      1.437      0.021     7.8977     74.025     42.985  32.334634     4.3200     3.6802     0.0852     0.9306 1.8062e+02     3.8903      1.409      2.043    12.6080 0.0000e+00
      1.442      0.021     7.9069     74.100     42.996  32.341977     4.3200     3.7984     0.0852     0.9306 1.8423e+02     3.8752      1.414      2.051    12.6070 0.0000e+00
      1.448      0.021     7.9111     74.131     43.003  32.345881     4.3200     3.8251     0.0852     0.9306 1.8086e+02     3.9203      1.419      2.059    12.6059 0.0000e+00
      1.453      0.021     7.9096     74.114     43.011  32.351346     4.3200     3.7946     0.0852     0.9306 1.7728e+02     3.8151      1.425      2.067    12.6047 0.0000e+00
      1.459      0.022     7.9023     74.042     43.024  32.359830     4.3200     3.7946     0.0852     0.9306 1.7332e+02     3.7550      1.431      2.075    12.6035 0.0000e+00
      1.465      0.022     7.8886     73.908     43.033  32.365675     4.2300     3.8480     0.0852     1.0575 1.7693e+02     3.9203      1.437      2.084    12.6023 0.0000e+00
      1.471      0.022     7.8681     73.710     43.036  32.366478     4.2300     3.8786     0.0852     1.0575 1.7317e+02     3.7550      1.442      2.092    12.6012 0.0000e+00
      1.477      0.023     7.8416     73.457     43.032  32.362454     4.2300     3.8786     0.0852     1.0575 1.7324e+02     3.7550      1.448      2.100    12.6003 0.0000e+00
      1.482      0.023     7.8112     73.170     43.030  32.360450     4.2300     3.8213     0.0852     1.0575 1.7763e+02     3.8903      1.453      2.108    12.5994 0.0000e+00
      1.487      0.022     7.7792     72.869     43.036  32.363893     4.2300     3.8595     0.0852     1.1421 1.7249e+02     3.8903      1.458      2.115    12.5986 0.0000e+00
      1.493      0.022     7.7471     72.567     43.039  32.365780     4.2300     3.8671     0.0852     1.1421 1.6530e+02     3.8151      1.464      2.123    12.5978 0.0000e+00
      1.499      0.022     7.7168     72.283     43.035  32.362653     4.2300     3.8404     0.0852     1.1421 1.6387e+02     3.8752      1.469      2.132    12.5970 0.0000e+00
      1.504      0.022     7.6902     72.036     43.030  32.357639     4.2300     3.8519     0.0852     1.1421 1.7048e+02     3.8452      1.475      2.140    12.5960 0.0000e+00
      1.510      0.022     7.6689     71.839     43.025  32.353361     4.3200     3.9091     0.1278     1.0152 1.6631e+02     3.8602      1.481      2.147    12.5950 0.0000e+00
      1.515      0.022     7.6536     71.697     43.020  32.348678     4.3200     3.9129     0.1278     1.0152 1.6864e+02     3.9053      1.486      2.155    12.5941 0.0000e+00
      1.520      0.022     7.6435     71.603     43.018  32.346303     4.3200     3.9205     0.1278     1.0152 1.6732e+02     3.8301      1.490      2.162    12.5933 0.0000e+00
      1.525      0.021     7.6381     71.550     43.018  32.345602     4.3200     3.9243     0.1278     1.0152 1.6362e+02     3.9203      1.495      2.169    12.5926 0.0000e+00
      1.530      0.021     7.6368     71.534     43.015  32.342428     4.3200     3.8709     0.0852     1.0575 1.5858e+02     3.7700      1.501      2.177    12.5917 0.0000e+00
      1.535      0.021     7.6386     71.546     43.012  32.339893     4.3200     3.8633     0.0852     1.0575 1.5851e+02     3.8452      1.506      2.184    12.5907 0.0000e+00
      1.541      0.021     7.6430     71.585     43.015  32.341284     4.3200     3.8557     0.0852     1.0575 1.5453e+02     3.9354      1.511      2.192    12.5896 0.0000e+00
      1.546      0.021     7.6495     71.648     43.019  32.343010     4.3200     3.8442     0.0852     1.0575 1.5406e+02     3.8001      1.516      2.199    12.5883 0.0000e+00
      1.551      0.020     7.6575     71.725     43.019  32.341572     4.3200     3.9739     0.0852     1.0575 1.5806e+02     4.1307      1.521      2.206    12.5868 0.0000e+00
      1.556      0.020     7.6668     71.815     43.020  32.340546     4.3200     4.0006     0.0852     1.0575 1.5456e+02     4.1007      1.526      2.213    12.5852 0.0000e+00
      1.560      0.020     7.6776     71.918     43.020  32.339658     4.3200     3.9968     0.0852     1.0575 1.6302e+02     4.1758      1.531      2.220    12.5836 0.0000e+00
      1.565      0.020     7.6899     72.033     43.015  32.334711     4.3200     3.9739     0.0852     1.0575 1.5032e+02     4.1157      1.535      2.227    12.5821 0.0000e+00
      1.570      0.020     7.7033     72.157     43.014  32.332307     4.3200     3.9816     0.0852     1.0575 1.5531e+02     3.8602      1.540      2.233    12.5809 0.0000e+00
      1.575      0.019     7.7172     72.284     43.019  32.335765     4.2300     4.0044     0.1278     1.0575 1.5670e+02     3.9504      1.544      2.240    12.5799 0.0000e+00
      1.579      0.019     7.7312     72.410     43.023  32.338086     4.2300     4.0083     0.1278     1.0575 1.4980e+02     3.8301      1.549      2.246    12.5789 0.0000e+00
      1.584      0.019     7.7455     72.540     43.027  32.339890     4.2300     3.9701     0.1278     1.0575 1.5622e+02     3.8602      1.554      2.253    12.5778 0.0000e+00
      1.590      0.019     7.7604     72.673     43.031  32.341657     4.2300     4.0083     0.1278     1.0575 1.4573e+02     4.1458      1.559      2.261    12.5762 0.0000e+00
      1.595      0.019     7.7742     72.794     43.031  32.339897     4.2300     3.9968     0.0852     1.0998 1.4658e+02     4.1458      1.564      2.268    12.5744 0.0000e+00
      1.600      0.019     7.7847     72.884     43.031  32.338102     4.2300     3.9777     0.0852     1.0998 1.4481e+02     4.1458      1.569      2.276    12.5726 0.0000e+00
      1.605      0.020     7.7912     72.938     43.035  32.339754     4.2300     4.0044     0.0852     1.0998 1.4318e+02     4.0857      1.574      2.283    12.5710 0.0000e+00
      1.610      0.020     7.7935     72.954     43.038  32.341333     4.2300     4.0502     0.0852     1.0998 1.4421e+02     4.1608      1.579      2.290    12.5696 0.0000e+00
      1.615      0.020     7.7919     72.934     43.037  32.339299     4.2300     4.0464     0.0852     1.0998 1.5010e+02     4.1758      1.584      2.297    12.5682 0.0000e+00
      1.620      0.020     7.7861     72.876     43.031  32.333110     4.3200     4.0731     0.0852     1.2267 1.4541e+02     4.1458      1.589      2.304    12.5669 0.0000e+00
      1.626      0.020     7.7764     72.782     43.016  32.321116     4.3200     4.0350     0.0852     1.2267 1.4531e+02     4.0255      1.594      2.312    12.5656 0.0000e+00
      1.631      0.020     7.7644     72.665     43.000  32.308039     4.3200     4.2486     0.0852     1.2267 1.3901e+02     4.1007      1.600      2.320    12.5642 0.0000e+00
      1.637      0.020     7.7518     72.542     42.989  32.298312     4.3200     4.2295     0.0852     1.2267 1.3339e+02     4.1758      1.605      2.329    12.5627 0.0000e+00
      1.643      0.021     7.7392     72.417     42.979  32.289342     4.3200     4.2295     0.0426     1.0575 1.3141e+02     4.1307      1.611      2.337    12.5609 0.0000e+00
      1.649      0.022     7.7259     72.284     42.975  32.284678     4.3200     4.2486     0.0426     1.0575 1.3757e+02     4.1758      1.618      2.346    12.5590 0.0000e+00
      1.656      0.022     7.7116     72.143     42.983  32.289017     4.3200     4.1189     0.0426     1.0575 1.3479e+02     4.1608      1.624      2.355    12.5572 0.0000e+00
      1.662      0.023     7.6967     71.997     42.996  32.297574     4.3200     4.1151     0.0426     1.0575 1.3697e+02     4.0857      1.630      2.364    12.5554 0.0000e+00
      1.669      0.024     7.6819     71.853     43.005  32.302731     4.3200     4.1189     0.0426     1.0998 1.2945e+02     4.1608      1.637      2.374    12.5538 0.0000e+00
      1.675      0.025     7.6675     71.713     43.006  32.301902     4.3200     4.1113     0.0426     1.0998 1.3567e+02     4.1157      1.643      2.383    12.5521 0.0000e+00
      1.682      0.025     7.6537     71.580     43.004  32.298826     4.3200     4.1074     0.0426     1.0998 1.2872e+02     4.1157      1.650      2.393    12.5504 0.0000e+00
      1.689      0.026     7.6413     71.460     43.003  32.296644     4.3200     4.0998     0.0426     1.0998 1.2937e+02     4.1307      1.657      2.403    12.5486 0.0000e+00
      1.696      0.026     7.6310     71.360     43.003  32.294773     4.3200     4.1113     0.0426     1.0998 1.2719e+02     4.1007      1.663      2.413    12.5468 0.0000e+00
      1.703      0.026     7.6230     71.283     43.002  32.292716     4.3200     4.1074     0.0426     1.0998 1.2454e+02     4.0857      1.670      2.422    12.5449 0.0000e+00
      1.709      0.027     7.6163     71.220     43.003  32.291902     4.3200     3.9777     0.0426     1.0998 1.2271e+02     4.0857      1.676      2.431    12.5431 0.0000e+00
      1.716      0.027     7.6097     71.156     43.013  32.298056     4.3200     3.9739     0.0426     1.0998 1.2408e+02     4.0857      1.683      2.440    12.5412 0.0000e+00
      1.722      0.026     7.6030     71.092     43.033  32.310839     4.3200     3.9930     0.0426     1.0998 1.2099e+02     4.1458      1.689      2.449    12.5393 0.0000e+00
      1.729      0.026     7.5961     71.024     43.042  32.315837     4.3200     4.0044     0.0852     1.0998 1.2338e+02     4.1157      1.696      2.459    12.5374 0.0000e+00
      1.736      0.026     7.5883     70.948     43.032  32.306462     4.3200     4.1303     0.0852     1.0998 1.2255e+02     3.8301      1.703      2.469    12.5352 0.0000e+00
      1.743      0.026     7.5795     70.861     43.021  32.296056     4.3200     4.0846     0.0852     1.0998 1.1989e+02     3.8602      1.710      2.479    12.5327 0.0000e+00
      1.751      0.027     7.5700     70.769     43.015  32.289765     4.3200     4.0769     0.0852     1.0998 1.1709e+02     3.9203      1.717      2.490    12.5301 0.0000e+00
      1.758      0.027     7.5605     70.678     43.008  32.281950     4.3200     4.0998     0.0852     1.1844 1.1534e+02     3.8452      1.724      2.500    12.5275 0.0000e+00
      1.765      0.028     7.5517     70.593     43.000  32.274488     4.3200     4.1227     0.0852     1.1844 1.1590e+02     4.1458      1.731      2.511    12.5252 0.0000e+00
      1.773      0.028     7.5436     70.516     42.996  32.269349     4.3200     4.0998     0.0852     1.1844 1.1502e+02     4.1307      1.738      2.521    12.5230 0.0000e+00
      1.780      0.029     7.5365     70.449     42.993  32.265164     4.3200     4.1151     0.0852     1.1844 1.1385e+02     4.1458      1.746      2.532    12.5208 0.0000e+00
      1.788      0.029     7.5309     70.396     42.990  32.260815     4.3200     4.0807     0.0852     1.1844 1.1196e+02     4.1157      1.753      2.543    12.5185 0.0000e+00
      1.796      0.029     7.5269     70.358     42.988  32.257123     4.3200     4.1799     0.0852     1.1844 1.1104e+02     4.0857      1.761      2.554    12.5163 0.0000e+00
      1.803      0.030     7.5241     70.331     42.987  32.255085     4.3200     4.1723     0.0852     1.1844 1.0898e+02     4.0857      1.768      2.565    12.5143 0.0000e+00
      1.811      0.030     7.5227     70.317     42.988  32.254157     4.3200     4.1647     0.0852     1.1844 1.0842e+02     4.1157      1.776      2.575    12.5126 0.0000e+00
      1.818      0.030     7.5223     70.313     42.992  32.256072     4.3200     4.1494     0.0852     1.2267 1.0650e+02     4.0406      1.783      2.586    12.5111 0.0000e+00
      1.826      0.030     7.5206     70.296     43.000  32.261339     4.3200     4.1723     0.0852     1.2267 1.0673e+02     4.3412      1.791      2.597    12.5098 0.0000e+00
