Data/DataNotYetUploadedToEDI/Raw_CTD/RawDownloads/102423_fcr50_S8188002.cnv
* Sea-Bird SBE19plus  Data File:
* FileName = C:\R\Reservoirs\Data\DataNotYetUploadedToEDI\Raw_CTD\RawDownloads\102423_bvr50_S8188_0002.hex
* Software version 2.8.0.119
* Temperature SN = 8188
* Conductivity SN = 8188
* System UpLoad Time = Oct 30 2023 22:20:41
* <ApplicationData>
* <Seaterm232>
# nquan = 16
# nvalues = 3074                        
# units = specified
# name 0 = depFM: Depth [fresh water, m]
# name 1 = dz/dtM: Descent Rate [m/s]
# name 2 = sbeox0Mg/L: Oxygen, SBE 43 [mg/l]
# name 3 = sbeox0PS: Oxygen, SBE 43 [% saturation]
# name 4 = specc: Specific Conductance [uS/cm]
# name 5 = c0uS/cm: Conductivity [uS/cm]
# name 6 = wetCDOM: Fluorescence, WET Labs CDOM [mg/m^3]
# name 7 = flECO-AFL: Fluorescence, WET Labs ECO-AFL/FL [mg/m^3]
# name 8 = flECO-AFL1: Fluorescence, WET Labs ECO-AFL/FL, 2 [mg/m^3]
# name 9 = flECO-AFL2: Fluorescence, WET Labs ECO-AFL/FL, 3 [mg/m^3]
# name 10 = par/sat/log: PAR/Logarithmic, Satlantic
# name 11 = turbWETntu0: Turbidity, WET Labs ECO [NTU]
# name 12 = prdM: Pressure, Strain Gauge [db]
# name 13 = prdE: Pressure, Strain Gauge [psi]
# name 14 = tv290C: Temperature [ITS-90, deg C]
# name 15 = flag:  0.000e+00
# span 0 =     -0.558,      9.395       
# span 1 =     -0.179,      0.106       
# span 2 =     3.6895,     6.8599       
# span 3 =     34.865,     67.213       
# span 4 =      1.119,     68.400       
# span 5 =   0.983783,  51.714547       
# span 6 =    -4.5000,     4.0500       
# span 7 =    -0.1422,     8.0939       
# span 8 =    -2.1300,     0.6390       
# span 9 =    -2.0304,     4.0185       
# span 10 = 1.1590e-01, 1.8835e+03      
# span 11 =    -0.4534,    31.6509      
# span 12 =     -0.547,      9.213      
# span 13 =     -0.794,     13.363      
# span 14 =    12.7924,    18.9726      
# span 15 = 0.0000e+00, 0.0000e+00      
# interval = seconds: 0.25
# start_time = Oct 24 2023 13:56:38 [Instrument's time stamp, header]
# bad_flag = -9.990e-29
*END*
[from data line 2712]
      8.075     -0.101     3.7647     35.701     66.111  49.984865     3.8700     1.2159     0.4260     0.6768 1.1628e-01    15.6138      7.919     11.485    12.8001 0.0000e+00
      8.047     -0.110     3.7707     35.703     66.123  49.994194     3.8700     1.2235     0.4260     0.6768 1.1612e-01    15.6739      7.891     11.445    12.8000 0.0000e+00
      8.016     -0.116     3.7751     35.707     66.126  49.996250     3.8700     1.1930     0.4260     0.6768 1.1617e-01    15.7490      7.861     11.401    12.8000 0.0000e+00
      7.985     -0.120     3.7774     35.709     66.119  49.991580     3.9600     1.2578     0.3834     0.5076 1.1617e-01    15.6739      7.830     11.357    12.8001 0.0000e+00
      7.953     -0.122     3.7779     35.712     66.102  49.978940     3.9600     1.2769     0.3834     0.5076 1.1612e-01    15.7340      7.799     11.312    12.8004 0.0000e+00
      7.921     -0.121     3.7780     35.717     66.086  49.966851     3.9600     1.2426     0.3834     0.5076 1.1617e-01    15.6589      7.768     11.266    12.8007 0.0000e+00
      7.889     -0.118     3.7784     35.717     66.082  49.963981     3.9600     1.2731     0.3834     0.5076 1.1623e-01    15.5987      7.737     11.221    12.8010 0.0000e+00
      7.858     -0.112     3.7787     35.715     66.100  49.977492     3.9600     1.2159     0.3834     0.5076 1.1612e-01    15.6739      7.706     11.177    12.8012 0.0000e+00
      7.829     -0.103     3.7790     35.706     66.139  50.007024     3.9600     1.1968     0.4260     0.4653 1.1630e-01    15.7190      7.678     11.136    12.8014 0.0000e+00
      7.803     -0.092     3.7795     35.689     66.183  50.040632     3.9600     1.2273     0.4260     0.4653 1.1623e-01    15.6889      7.652     11.098    12.8016 0.0000e+00
      7.780     -0.078     3.7795     35.678     66.219  50.067458     3.9600     1.2159     0.4260     0.4653 1.1623e-01    15.7340      7.630     11.066    12.8016 0.0000e+00
      7.762     -0.064     3.7792     35.681     66.239  50.082764     3.9600     1.2693     0.4260     0.4653 1.1628e-01    15.9294      7.612     11.040    12.8017 0.0000e+00
      7.748     -0.051     3.7783     35.694     66.244  50.086667     3.8700     1.2845     0.3408     0.4230 1.1623e-01    15.9895      7.599     11.021    12.8017 0.0000e+00
      7.738     -0.039     3.7765     35.699     66.236  50.080209     3.8700     1.2769     0.3408     0.4230 1.1615e-01    15.9444      7.589     11.007    12.8016 0.0000e+00
      7.731     -0.029     3.7753     35.690     66.217  50.065632     3.8700     1.2693     0.3408     0.4230 1.1602e-01    15.9144      7.582     10.997    12.8016 0.0000e+00
      7.726     -0.021     3.7757     35.673     66.193  50.046975     3.8700     1.2807     0.3408     0.4230 1.1628e-01    17.9585      7.577     10.989    12.8015 0.0000e+00
      7.723     -0.015     3.7770     35.653     66.167  50.027192     3.9600     1.2654     0.3408     0.3807 1.1617e-01    17.8984      7.573     10.984    12.8014 0.0000e+00
      7.720     -0.011     3.7776     35.629     66.148  50.012899     3.9600     1.2654     0.3408     0.3807 1.1612e-01    17.7931      7.571     10.980    12.8012 0.0000e+00
      7.718     -0.008     3.7767     35.604     66.148  50.012177     3.9600     1.2921     0.3408     0.3807 1.1615e-01    17.8833      7.569     10.977    12.8010 0.0000e+00
      7.716     -0.006     3.7749     35.584     66.165  50.024833     3.9600     1.2502     0.3408     0.3807 1.1620e-01    20.4986      7.567     10.975    12.8008 0.0000e+00
      7.716     -0.007     3.7727     35.571     66.184  50.038386     3.9600     1.2616     0.4260     0.3807 1.1620e-01    20.4084      7.567     10.974    12.8006 0.0000e+00
      7.715     -0.011     3.7702     35.564     66.187  50.040594     3.9600     1.2921     0.4260     0.3807 1.1628e-01    20.4384      7.566     10.974    12.8003 0.0000e+00
      7.714     -0.017     3.7676     35.561     66.176  50.032046     3.9600     1.2616     0.4260     0.3807 1.1610e-01    20.4986      7.565     10.972    12.8000 0.0000e+00
      7.711     -0.026     3.7655     35.561     66.164  50.022355     3.9600     1.2235     0.4260     0.3807 1.1610e-01    21.8813      7.562     10.967    12.7997 0.0000e+00
      7.704     -0.036     3.7642     35.565     66.162  50.020827     3.9600     1.1968     0.4260     0.3807 1.1612e-01    21.8513      7.555     10.957    12.7995 0.0000e+00
      7.693     -0.047     3.7635     35.572     66.170  50.027057     3.9600     1.1930     0.3834     0.5499 1.1617e-01    21.8212      7.544     10.941    12.7992 0.0000e+00
      7.678     -0.056     3.7631     35.569     66.180  50.034777     3.9600     1.1853     0.3834     0.5499 1.1592e-01    21.8062      7.529     10.920    12.7990 0.0000e+00
      7.660     -0.063     3.7631     35.558     66.190  50.042082     3.9600     1.2654     0.3834     0.5499 1.1607e-01    21.1749      7.512     10.895    12.7989 0.0000e+00
      7.642     -0.067     3.7636     35.552     66.201  50.050920     3.9600     1.2960     0.3834     0.5499 1.1638e-01    21.0547      7.494     10.869    12.7988 0.0000e+00
      7.623     -0.069     3.7643     35.560     66.212  50.059684     3.9600     1.2578     0.3834     0.4230 1.1628e-01    21.2200      7.476     10.843    12.7988 0.0000e+00
      7.605     -0.070     3.7640     35.575     66.216  50.062782     3.9600     1.2540     0.3834     0.4230 1.1628e-01    21.2350      7.458     10.817    12.7989 0.0000e+00
      7.588     -0.071     3.7628     35.597     66.209  50.057078     3.9600     1.2159     0.3834     0.4230 1.1615e-01    18.1839      7.441     10.792    12.7990 0.0000e+00
      7.571     -0.074     3.7622     35.623     66.193  50.045014     3.9600     1.1663     0.3834     0.4230 1.1610e-01    18.3042      7.424     10.768    12.7992 0.0000e+00
      7.553     -0.078     3.7630     35.652     66.169  50.027336     3.8700     1.1930     0.3834     0.3384 1.1615e-01    18.2440      7.407     10.743    12.7993 0.0000e+00
      7.534     -0.084     3.7646     35.675     66.142  50.007259     3.8700     1.2082     0.3834     0.3384 1.1617e-01    18.2741      7.388     10.716    12.7993 0.0000e+00
      7.512     -0.090     3.7669     35.679     66.120  49.991321     3.8700     1.1701     0.3834     0.3384 1.1628e-01    18.2290      7.367     10.685    12.7994 0.0000e+00
      7.487     -0.095     3.7697     35.659     66.109  49.983200     3.8700     1.1586     0.3834     0.3384 1.1607e-01    18.1990      7.342     10.649    12.7995 0.0000e+00
      7.460     -0.098     3.7727     35.626     66.105  49.980730     3.9600     1.1548     0.3408     0.4653 1.1623e-01    18.2290      7.316     10.611    12.7996 0.0000e+00
      7.432     -0.098     3.7751     35.590     66.098  49.975325     3.9600     1.1815     0.3408     0.4653 1.1612e-01    18.3493      7.288     10.571    12.7997 0.0000e+00
      7.405     -0.095     3.7755     35.565     66.090  49.969507     3.9600     1.2235     0.3408     0.4653 1.1625e-01    17.8683      7.262     10.534    12.8000 0.0000e+00
      7.381     -0.091     3.7734     35.564     66.085  49.965688     3.9600     1.2044     0.3408     0.4653 1.1628e-01    17.8984      7.239     10.499    12.8003 0.0000e+00
      7.360     -0.087     3.7699     35.584     66.076  49.958888     3.9600     1.2159     0.3408     0.4653 1.1617e-01    17.8082      7.218     10.469    12.8007 0.0000e+00
      7.341     -0.086     3.7661     35.619     66.071  49.955219     3.9600     1.2159     0.3408     0.2961 1.1625e-01    17.9434      7.199     10.441    12.8010 0.0000e+00
      7.321     -0.088     3.7634     35.665     66.074  49.957667     3.9600     1.2006     0.3408     0.2961 1.1600e-01    17.6879      7.180     10.414    12.8011 0.0000e+00
      7.300     -0.091     3.7633     35.705     66.076  49.958958     3.9600     1.2006     0.3408     0.2961 1.1600e-01    17.6729      7.160     10.384    12.8012 0.0000e+00
      7.277     -0.096     3.7654     35.722     66.071  49.955472     3.9600     1.2349     0.3408     0.2961 1.1620e-01    17.6428      7.136     10.350    12.8011 0.0000e+00
      7.250     -0.099     3.7691     35.719     66.059  49.946279     3.9600     1.1892     0.3834     0.3807 1.1617e-01    17.5977      7.110     10.312    12.8011 0.0000e+00
      7.221     -0.101     3.7739     35.715     66.046  49.936857     3.9600     1.1663     0.3834     0.3807 1.1623e-01    19.0406      7.082     10.271    12.8010 0.0000e+00
      7.193     -0.099     3.7782     35.724     66.040  49.932620     3.9600     1.1510     0.3834     0.3807 1.1612e-01    18.8753      7.054     10.232    12.8011 0.0000e+00
      7.168     -0.096     3.7801     35.738     66.035  49.928473     3.9600     1.1357     0.3834     0.3807 1.1623e-01    18.9805      7.029     10.195    12.8011 0.0000e+00
      7.145     -0.092     3.7797     35.752     66.023  49.919349     3.9600     1.1243     0.3408     0.3384 1.1612e-01    18.9354      7.007     10.162    12.8013 0.0000e+00
      7.123     -0.089     3.7793     35.774     66.011  49.910740     3.9600     1.3608     0.3408     0.3384 1.1620e-01    18.6649      6.986     10.132    12.8015 0.0000e+00
      7.103     -0.088     3.7802     35.806     66.003  49.904316     3.9600     1.3265     0.3408     0.3384 1.1595e-01    18.8453      6.966     10.103    12.8016 0.0000e+00
      7.082     -0.090     3.7816     35.839     65.990  49.894400     3.9600     1.3379     0.3408     0.3384 1.1605e-01    18.6198      6.945     10.073    12.8017 0.0000e+00
      7.059     -0.093     3.7832     35.859     65.984  49.890239     3.9600     1.3379     0.3408     0.3384 1.1620e-01    18.7250      6.923     10.041    12.8017 0.0000e+00
      7.035     -0.096     3.7855     35.862     65.995  49.898652     3.8700     1.2082     0.2982     0.3384 1.1612e-01    18.1238      6.899     10.005    12.8016 0.0000e+00
      7.008     -0.098     3.7889     35.853     66.010  49.909990     3.8700     1.2311     0.2982     0.3384 1.1628e-01    18.2290      6.873      9.968    12.8016 0.0000e+00
      6.982     -0.098     3.7924     35.840     66.016  49.915385     3.8700     1.1968     0.2982     0.3384 1.1607e-01    18.3192      6.847      9.930    12.8016 0.0000e+00
      6.956     -0.097     3.7945     35.827     66.012  49.912312     3.8700     1.2044     0.2982     0.3384 1.1612e-01    18.2741      6.822      9.894    12.8017 0.0000e+00
      6.931     -0.095     3.7948     35.814     65.996  49.899952     3.8700     1.2082     0.3408     0.3807 1.1693e-01    18.5296      6.797      9.858    12.8018 0.0000e+00
      6.908     -0.093     3.7938     35.805     65.973  49.882935     3.8700     1.2006     0.3408     0.3807 1.1704e-01    18.5146      6.774      9.825    12.8020 0.0000e+00
      6.885     -0.091     3.7924     35.800     65.954  49.868617     3.8700     1.1930     0.3408     0.3807 1.3087e-01    18.4996      6.752      9.792    12.8021 0.0000e+00
      6.863     -0.091     3.7910     35.800     65.941  49.859125     3.8700     1.2082     0.3408     0.3807 1.2015e-01    18.5296      6.730      9.761    12.8022 0.0000e+00
      6.841     -0.092     3.7897     35.817     65.934  49.853909     3.9600     1.2731     0.3834     0.4230 1.1617e-01    18.3192      6.709      9.730    12.8023 0.0000e+00
      6.818     -0.093     3.7887     35.848     65.927  49.849598     3.9600     1.2654     0.3834     0.4230 1.2648e-01    18.2891      6.686      9.697    12.8025 0.0000e+00
      6.793     -0.094     3.7881     35.881     65.923  49.847023     3.9600     1.2616     0.3834     0.4230 1.3992e-01    18.2140      6.662      9.662    12.8026 0.0000e+00
      6.768     -0.094     3.7882     35.906     65.926  49.849462     3.9600     1.2960     0.3834     0.4230 1.5098e-01    18.3342      6.637      9.626    12.8028 0.0000e+00
      6.743     -0.093     3.7899     35.925     65.931  49.853601     3.8700     1.2426     0.3408     0.4230 1.4716e-01    17.9885      6.612      9.590    12.8030 0.0000e+00
      6.719     -0.091     3.7932     35.939     65.930  49.852616     3.8700     1.2235     0.3408     0.4230 1.5376e-01    17.9134      6.589      9.556    12.8032 0.0000e+00
      6.696     -0.088     3.7967     35.946     65.921  49.846244     3.8700     1.1930     0.3408     0.4230 1.6725e-01    17.7931      6.567      9.525    12.8035 0.0000e+00
      6.675     -0.085     3.7993     35.943     65.916  49.842697     3.8700     1.2235     0.3408     0.4230 1.5233e-01    17.8382      6.546      9.495    12.8037 0.0000e+00
      6.654     -0.082     3.8012     35.933     65.922  49.846973     3.8700     1.2006     0.3408     0.4230 1.7122e-01    17.6579      6.526      9.465    12.8040 0.0000e+00
      6.633     -0.079     3.8027     35.927     65.931  49.854268     3.9600     1.2006     0.3834     0.3807 1.8220e-01    17.5827      6.505      9.435    12.8042 0.0000e+00
      6.612     -0.076     3.8034     35.934     65.939  49.860581     3.9600     1.2235     0.3834     0.3807 2.0480e-01    17.5527      6.484      9.405    12.8044 0.0000e+00
      6.593     -0.073     3.8031     35.945     65.943  49.863632     3.9600     1.1892     0.3834     0.3807 1.9961e-01    17.6278      6.465      9.377    12.8045 0.0000e+00
      6.575     -0.070     3.8020     35.951     65.939  49.860270     3.9600     1.2006     0.3834     0.3807 2.0816e-01    17.9284      6.447      9.351    12.8047 0.0000e+00
      6.558     -0.068     3.8014     35.949     65.930  49.853563     3.8700     1.2082     0.3408     0.2538 2.0219e-01    17.9434      6.431      9.328    12.8048 0.0000e+00
      6.543     -0.069     3.8021     35.944     65.919  49.845685     3.8700     1.1892     0.3408     0.2538 2.0048e-01    17.8984      6.416      9.306    12.8048 0.0000e+00
      6.527     -0.072     3.8033     35.942     65.904  49.834537     3.8700     1.2082     0.3408     0.2538 1.8256e-01    17.7631      6.401      9.284    12.8049 0.0000e+00
      6.510     -0.077     3.8039     35.937     65.881  49.817145     3.8700     1.1853     0.3408     0.2538 2.0623e-01    17.0567      6.384      9.259    12.8049 0.0000e+00
      6.490     -0.084     3.8037     35.926     65.856  49.798781     3.9600     1.2197     0.3408     0.3384 1.8508e-01    17.1318      6.365      9.231    12.8050 0.0000e+00
      6.467     -0.090     3.8032     35.915     65.844  49.790405     3.9600     1.2159     0.3408     0.3384 2.4453e-01    17.0416      6.342      9.198    12.8051 0.0000e+00
      6.441     -0.094     3.8030     35.912     65.845  49.791764     3.9600     1.2082     0.3408     0.3384 2.9210e-01    17.1619      6.317      9.161    12.8052 0.0000e+00
      6.414     -0.096     3.8025     35.920     65.846  49.793312     3.9600     1.1434     0.3408     0.3384 2.6197e-01    15.9595      6.290      9.123    12.8054 0.0000e+00
      6.388     -0.095     3.8012     35.936     65.841  49.789515     3.9600     1.1586     0.3408     0.3807 3.2492e-01    15.9745      6.264      9.085    12.8057 0.0000e+00
      6.363     -0.092     3.8000     35.956     65.829  49.781342     3.9600     1.1815     0.3408     0.3807 3.3387e-01    15.9144      6.240      9.051    12.8061 0.0000e+00
      6.341     -0.089     3.7997     35.979     65.817  49.772560     3.9600     1.1472     0.3408     0.3807 3.1539e-01    16.0196      6.218      9.019    12.8066 0.0000e+00
      6.320     -0.087     3.8005     36.011     65.806  49.764792     3.9600     1.2082     0.3408     0.3807 2.9261e-01    15.5236      6.198      8.990    12.8070 0.0000e+00
      6.300     -0.087     3.8022     36.052     65.799  49.759929     3.9600     1.2235     0.3408     0.3807 3.1239e-01    15.4484      6.178      8.961    12.8075 0.0000e+00
      6.278     -0.088     3.8042     36.092     65.799  49.760640     3.8700     1.2044     0.3408     0.3807 3.0139e-01    15.4935      6.157      8.930    12.8079 0.0000e+00
