Data/DataNotYetUploadedToEDI/Raw_CTD/RawDownloads/102423_bvr50_S7809001.cnv
* Sea-Bird SBE19plus  Data File:
* FileName = C:\R\Reservoirs\Data\DataNotYetUploadedToEDI\Raw_CTD\RawDownloads\102423_bvr50_S7809_0001.hex
* Software version 2.8.0.119
* Temperature SN = 7809
* Conductivity SN = 7809
* System UpLoad Time = Oct 30 2023 21:44:46
* <ApplicationData>
* <Seaterm232>
# nquan = 15
# nvalues = 3676                        
# units = specified
# name 0 = depFM: Depth [fresh water, m]
# name 1 = dz/dtM: Descent Rate [m/s]
# name 2 = sbeox0Mg/L: Oxygen, SBE 43 [mg/l]
# name 3 = sbeox0PS: Oxygen, SBE 43 [% saturation]
# name 4 = specc: Specific Conductance [uS/cm]
# name 5 = c0uS/cm: Conductivity [uS/cm]
# name 6 = flECO-AFL: Fluorescence, WET Labs ECO-AFL/FL [mg/m^3]
# name 7 = ph: pH
# name 8 = orp: Oxidation Reduction Potential [mV]
# name 9 = par/sat/log: PAR/Logarithmic, Satlantic
# name 10 = turbWETntu0: Turbidity, WET Labs ECO [NTU]
# name 11 = prdM: Pressure, Strain Gauge [db]
# name 12 = prdE: Pressure, Strain Gauge [psi]
# name 13 = tv290C: Temperature [ITS-90, deg C]
# name 14 = flag:  0.000e+00
# span 0 =     -0.629,      9.436       
# span 1 =     -0.314,      0.294       
# span 2 =    -0.1917,    10.1743       
# span 3 =     -1.596,     97.970       
# span 4 =      2.839,    363.577       
# span 5 =   2.214333, 255.638240       
# span 6 =    -1.6839,     4.1880       
# span 7 =     -0.240,      7.051       
# span 8 =  -129.4760,   913.1284       
# span 9 = 1.2364e-01, 1.7574e+03       
# span 10 =    -6.6835,    52.8635      
# span 11 =     -0.617,      9.255      
# span 12 =     -0.895,     13.423      
# span 13 =    10.0280,    14.6633      
# span 14 = 0.0000e+00, 0.0000e+00      
# interval = seconds: 0.25
# start_time = Oct 24 2023 10:38:56 [Instrument's time stamp, header]
# bad_flag = -9.990e-29
*END*
[from data line 2796]
      6.723      0.044     6.5380     61.969     34.784  26.461154     3.3590      6.755   312.4883 1.2380e-01    11.0636      6.593      9.562    13.0368 0.0000e+00
      6.731      0.039     6.5370     61.811     34.816  26.484688     3.3311      6.756   312.3846 1.2378e-01    10.9796      6.601      9.574    13.0355 0.0000e+00
      6.740      0.038     6.5381     61.638     34.833  26.497163     3.3110      6.757   312.5247 1.2378e-01    10.9282      6.610      9.587    13.0345 0.0000e+00
      6.750      0.041     6.5375     61.450     34.818  26.485141     3.2986      6.757   312.8066 1.2374e-01    10.9208      6.620      9.601    13.0338 0.0000e+00
      6.759      0.046     6.5269     61.282     34.793  26.466176     3.2896      6.757   312.8666 1.2371e-01    10.8898      6.628      9.613    13.0330 0.0000e+00
      6.769      0.052     6.5067     61.181     34.782  26.458113     3.2781      6.757   312.7348 1.2370e-01    10.9645      6.636      9.625    13.0323 0.0000e+00
      6.784      0.057     6.4909     61.126     34.774  26.451081     3.2585      6.756   312.6755 1.2370e-01    11.1752      6.652      9.647    13.0318 0.0000e+00
      6.801      0.062     6.4693     61.087     34.767  26.444571     3.2435      6.756   312.6656 1.2379e-01    11.3195      6.670      9.674    13.0310 0.0000e+00
      6.819      0.065     6.4485     61.080     34.765  26.442829     3.2304      6.757   312.6152 1.2386e-01    11.3080      6.688      9.699    13.0304 0.0000e+00
      6.838      0.066     6.4400     61.124     34.749  26.430010     3.2079      6.757   312.6687 1.2384e-01    11.1728      6.706      9.726    13.0308 0.0000e+00
      6.855      0.065     6.4355     61.199     34.732  26.416426     3.1879      6.757   312.7960 1.2379e-01    11.0508      6.722      9.750    13.0305 0.0000e+00
      6.871      0.063     6.4309     61.290     34.718  26.405429     3.1887      6.757   312.8630 1.2379e-01    11.0624      6.739      9.774    13.0289 0.0000e+00
      6.886      0.061     6.4285     61.372     34.660  26.360467     3.1929      6.756   312.8774 1.2382e-01    11.1089      6.753      9.795    13.0274 0.0000e+00
      6.901      0.061     6.4354     61.434     34.604  26.316744     3.1547      6.756   312.7988 1.2380e-01    11.1002      6.767      9.815    13.0264 0.0000e+00
      6.916      0.061     6.4434     61.536     34.610  26.320733     3.0849      6.756   312.7723 1.2380e-01    11.0599      6.782      9.837    13.0254 0.0000e+00
      6.931      0.060     6.4536     61.712     34.644  26.345267     3.0568      6.755   312.8153 1.2383e-01    11.0656      6.796      9.857    13.0246 0.0000e+00
      6.948      0.058     6.4649     61.934     34.665  26.359700     3.0644      6.755   312.8887 1.2379e-01    11.1355      6.811      9.879    13.0236 0.0000e+00
      6.966      0.055     6.4672     62.201     34.678  26.368392     3.0525      6.756   312.9706 1.2376e-01    11.1525      6.832      9.909    13.0223 0.0000e+00
      6.981      0.053     6.4763     62.516     34.703  26.386946     3.0214      6.756   312.9461 1.2380e-01    11.0670      6.848      9.933    13.0211 0.0000e+00
      6.991      0.051     6.4982     62.845     34.713  26.393761     2.9962      6.756   313.0217 1.2384e-01    10.9901      6.855      9.943    13.0195 0.0000e+00
      7.000      0.050     6.5209     63.136     34.706  26.387368     2.9971      6.756   313.1971 1.2384e-01    11.0081      6.862      9.953    13.0179 0.0000e+00
      7.010      0.050     6.5483     63.351     34.689  26.373070     3.0079      6.756   313.1734 1.2381e-01    11.1136      6.873      9.969    13.0165 0.0000e+00
      7.025      0.051     6.5841     63.496     34.657  26.347722     3.0176      6.756   312.9944 1.2383e-01    11.6165      6.888      9.990    13.0154 0.0000e+00
      7.041      0.051     6.6201     63.583     34.642  26.334577     3.0400      6.757   312.9252 1.2385e-01    12.4772      6.905     10.015    13.0142 0.0000e+00
      7.056      0.050     6.6537     63.621     34.653  26.340981     3.0532      6.757   313.0245 1.2383e-01    12.9122      6.920     10.036    13.0128 0.0000e+00
      7.069      0.047     6.6750     63.625     34.681  26.361728     3.0617      6.757   313.1628 1.2383e-01    12.8799      6.934     10.056    13.0113 0.0000e+00
      7.079      0.045     6.6905     63.612     34.726  26.395158     3.1006      6.758   313.2207 1.2378e-01    12.3596      6.944     10.071    13.0092 0.0000e+00
      7.088      0.043     6.6999     63.589     34.771  26.428064     3.1489      6.759   313.2086 1.2378e-01    11.3695      6.951     10.081    13.0064 0.0000e+00
      7.097      0.040     6.7035     63.556     34.791  26.442488     3.1716      6.760   313.1885 1.2386e-01    10.8489      6.958     10.091    13.0039 0.0000e+00
      7.108      0.037     6.7038     63.537     34.792  26.442716     3.1754      6.759   313.0631 1.2389e-01    10.8474      6.969     10.108    13.0026 0.0000e+00
      7.122      0.035     6.7010     63.505     34.777  26.430820     3.1201      6.758   312.8967 1.2391e-01    10.9074      6.986     10.132    13.0016 0.0000e+00
      7.132      0.035     6.7013     63.408     34.771  26.425497     3.0020      6.759   312.9837 1.2391e-01    10.9935      6.996     10.147    13.0008 0.0000e+00
      7.137      0.036     6.6940     63.231     34.794  26.441774     2.9370      6.761   313.1691 1.2382e-01    11.0348      7.000     10.152    12.9993 0.0000e+00
      7.141      0.037     6.6950     62.985     34.789  26.437362     2.9430      6.761   313.1588 1.2376e-01    11.0650      7.001     10.155    12.9976 0.0000e+00
      7.148      0.041     6.6941     62.725     34.787  26.435562     3.0074      6.761   313.1181 1.2380e-01    11.0505      7.007     10.164    12.9965 0.0000e+00
      7.161      0.047     6.6836     62.487     34.851  26.483434     3.1164      6.762   313.1921 1.2381e-01    10.9286      7.021     10.184    12.9959 0.0000e+00
      7.177      0.054     6.6662     62.263     34.885  26.508802     3.1711      6.762   313.1934 1.2376e-01    10.8211      7.038     10.208    12.9950 0.0000e+00
      7.192      0.060     6.6368     62.036     34.860  26.488596     3.1777      6.761   313.1347 1.2371e-01    10.8099      7.052     10.229    12.9939 0.0000e+00
      7.208      0.063     6.6083     61.830     34.867  26.492807     3.1873      6.761   313.2561 1.2372e-01    10.8269      7.068     10.252    12.9932 0.0000e+00
      7.225      0.063     6.5837     61.649     34.872  26.496295     3.1876      6.761   313.3711 1.2380e-01    10.8217      7.086     10.277    12.9924 0.0000e+00
      7.242      0.061     6.5622     61.478     34.836  26.467348     3.1810      6.761   313.3197 1.2387e-01    10.8156      7.102     10.301    12.9913 0.0000e+00
      7.259      0.056     6.5363     61.326     34.827  26.459909     3.1742      6.761   313.2372 1.2390e-01    10.7868      7.118     10.324    12.9900 0.0000e+00
      7.274      0.051     6.5142     61.153     34.840  26.469774     3.1642      6.762   313.1488 1.2386e-01    10.7804      7.135     10.348    12.9886 0.0000e+00
      7.286      0.046     6.4982     60.959     34.827  26.459793     3.1262      6.763   313.1107 1.2382e-01    10.7727      7.148     10.367    12.9870 0.0000e+00
      7.296      0.040     6.4771     60.834     34.836  26.466069     3.0560      6.763   313.1204 1.2385e-01    10.6947      7.155     10.378    12.9856 0.0000e+00
      7.303      0.035     6.4644     60.787     34.857  26.482232     3.0060      6.764   313.1805 1.2388e-01    10.6227      7.162     10.387    12.9845 0.0000e+00
      7.311      0.030     6.4485     60.776     34.835  26.464957     2.9880      6.764   313.3220 1.2383e-01    10.5504      7.170     10.399    12.9838 0.0000e+00
      7.319      0.028     6.4197     60.809     34.811  26.447467     2.9626      6.764   313.3679 1.2375e-01    10.5725      7.179     10.411    12.9838 0.0000e+00
      7.326      0.028     6.4087     60.890     34.829  26.461017     2.9164      6.763   313.3050 1.2376e-01    10.7186      7.184     10.419    12.9840 0.0000e+00
      7.331      0.029     6.4063     60.995     34.883  26.501953     2.8788      6.762   313.3359 1.2376e-01    10.7801      7.189     10.426    12.9841 0.0000e+00
      7.337      0.031     6.4036     61.109     34.963  26.561888     2.8731      6.762   313.3108 1.2372e-01    10.8028      7.195     10.435    12.9840 0.0000e+00
      7.345      0.036     6.4067     61.207     35.035  26.614880     2.9226      6.762   313.1746 1.2376e-01    10.9935      7.203     10.447    12.9841 0.0000e+00
      7.355      0.042     6.4169     61.242     35.065  26.635293     3.0126      6.762   313.2376 1.2386e-01    11.2424      7.213     10.461    12.9840 0.0000e+00
      7.365      0.048     6.4286     61.207     35.044  26.618435     3.0698      6.762   313.3838 1.2388e-01    11.3182      7.221     10.474    12.9838 0.0000e+00
      7.379      0.050     6.4402     61.080     35.023  26.601308     3.0724      6.761   313.3083 1.2383e-01    11.2604      7.234     10.492    12.9828 0.0000e+00
      7.397      0.050     6.4555     60.826     35.047  26.618480     3.0614      6.761   313.1843 1.2383e-01    11.1241      7.254     10.521    12.9796 0.0000e+00
      7.414      0.047     6.4575     60.483     35.072  26.635793     3.0698      6.760   313.2612 1.2384e-01    10.9685      7.274     10.550    12.9761 0.0000e+00
      7.426      0.044     6.4551     60.101     35.054  26.620365     3.0744      6.760   313.3781 1.2384e-01    10.8817      7.284     10.565    12.9745 0.0000e+00
      7.433      0.041     6.4453     59.721     35.058  26.622208     3.0590      6.761   313.3930 1.2385e-01    10.7923      7.289     10.572    12.9734 0.0000e+00
      7.438      0.040     6.4150     59.384     35.107  26.658075     3.0504      6.761   313.3553 1.2390e-01    10.7418      7.294     10.579    12.9719 0.0000e+00
      7.446      0.043     6.3779     59.103     35.127  26.673485     3.0445      6.761   313.3531 1.2392e-01    10.8182      7.300     10.589    12.9699 0.0000e+00
      7.456      0.049     6.3369     58.868     35.138  26.681690     3.0296      6.761   313.4511 1.2379e-01    10.8954      7.310     10.604    12.9673 0.0000e+00
      7.471      0.055     6.2949     58.671     35.155  26.693862     3.0121      6.761   313.5947 1.2369e-01    10.8550      7.325     10.625    12.9650 0.0000e+00
      7.490      0.060     6.2593     58.531     35.155  26.693802     2.9906      6.760   313.6272 1.2373e-01    10.7740      7.345     10.653    12.9641 0.0000e+00
      7.508      0.062     6.2300     58.435     35.139  26.680968     2.9857      6.759   313.5851 1.2379e-01    10.7705      7.364     10.680    12.9643 0.0000e+00
      7.525      0.061     6.2066     58.353     35.119  26.665537     3.0035      6.759   313.6017 1.2381e-01    10.8464      7.380     10.704    12.9636 0.0000e+00
      7.540      0.060     6.1839     58.293     35.162  26.697493     3.0143      6.759   313.6567 1.2379e-01    10.9060      7.394     10.724    12.9623 0.0000e+00
      7.554      0.059     6.1698     58.239     35.233  26.750223     3.0083      6.759   313.8188 1.2381e-01    10.8766      7.408     10.744    12.9624 0.0000e+00
      7.567      0.060     6.1622     58.181     35.210  26.732287     2.9886      6.758   313.9273 1.2385e-01    10.8321      7.422     10.763    12.9627 0.0000e+00
      7.581      0.062     6.1516     58.125     35.131  26.670902     2.9765      6.756   313.8508 1.2385e-01    10.8467      7.433     10.781    12.9616 0.0000e+00
      7.596      0.063     6.1470     58.048     35.096  26.642243     2.9868      6.753   313.7539 1.2381e-01    10.8484      7.447     10.802    12.9597 0.0000e+00
      7.616      0.062     6.1421     57.927     35.096  26.639458     3.0044      6.752   313.7014 1.2376e-01    10.8526      7.468     10.831    12.9587 0.0000e+00
      7.636      0.060     6.1347     57.773     35.096  26.637229     3.0140      6.752   313.7330 1.2371e-01    10.9998      7.491     10.864    12.9584 0.0000e+00
      7.654      0.055     6.1306     57.635     35.069  26.615298     3.0035      6.753   313.7919 1.2372e-01    11.2273      7.508     10.889    12.9565 0.0000e+00
      7.665      0.051     6.1242     57.580     35.004  26.564549     2.9939      6.753   313.8111 1.2382e-01    11.3152      7.518     10.903    12.9527 0.0000e+00
      7.673      0.047     6.1116     57.666     34.961  26.531009     2.9976      6.753   313.8795 1.2389e-01    11.2767      7.526     10.914    12.9491 0.0000e+00
      7.681      0.046     6.0936     57.897     34.956  26.526878     2.9655      6.752   314.0155 1.2386e-01    11.2062      7.532     10.924    12.9459 0.0000e+00
      7.691      0.046     6.0768     58.237     34.941  26.514604     2.9056      6.752   314.0797 1.2384e-01    11.1451      7.540     10.936    12.9436 0.0000e+00
      7.706      0.047     6.0685     58.646     34.936  26.509444     2.8717      6.752   314.0533 1.2387e-01    11.1531      7.556     10.959    12.9422 0.0000e+00
      7.722      0.049     6.0778     59.095     34.961  26.527919     2.8640      6.752   314.1272 1.2392e-01    11.1322      7.574     10.986    12.9410 0.0000e+00
      7.735      0.050     6.1042     59.543     34.987  26.547705     2.8706      6.753   314.1986 1.2386e-01    11.0638      7.586     11.003    12.9396 0.0000e+00
      7.745      0.048     6.1418     59.923     35.002  26.558410     2.8603      6.753   314.1424 1.2380e-01    11.0431      7.594     11.015    12.9381 0.0000e+00
      7.756      0.044     6.1862     60.192     35.050  26.593934     2.8394      6.753   314.1349 1.2378e-01    11.0863      7.605     11.031    12.9370 0.0000e+00
      7.770      0.039     6.2344     60.342     35.138  26.660112     2.8429      6.753   314.1087 1.2373e-01    11.1772      7.620     11.052    12.9360 0.0000e+00
      7.782      0.035     6.2854     60.388     35.222  26.724332     2.8358      6.753   314.0828 1.2376e-01    11.1857      7.633     11.070    12.9354 0.0000e+00
      7.789      0.032     6.3269     60.330     35.322  26.799612     2.7949      6.753   314.2523 1.2377e-01    11.0857      7.638     11.078    12.9349 0.0000e+00
      7.794      0.030     6.3556     60.160     35.419  26.872660     2.7567      6.754   314.4378 1.2372e-01    11.0281      7.642     11.084    12.9342 0.0000e+00
      7.799      0.030     6.3705     59.900     35.469  26.909892     2.7566      6.755   314.5185 1.2377e-01    11.0694      7.648     11.092    12.9336 0.0000e+00
      7.805      0.032     6.3751     59.560     35.499  26.932653     2.7773      6.755   314.6260 1.2381e-01    11.1413      7.654     11.101    12.9333 0.0000e+00
      7.814      0.035     6.3708     59.112     35.533  26.957591     2.7981      6.755   314.7054 1.2376e-01    11.0772      7.662     11.113    12.9331 0.0000e+00
      7.826      0.038     6.3506     58.518     35.535  26.957728     2.8169      6.755   314.7041 1.2375e-01    10.9086      7.674     11.131    12.9325 0.0000e+00
      7.837      0.041     6.3232     57.818     35.505  26.934311     2.8215      6.756   314.6969 1.2379e-01    10.8451      7.686     11.148    12.9316 0.0000e+00
      7.847      0.044     6.2880     57.069     35.497  26.928146     2.8205      6.756   314.6181 1.2380e-01    10.8565      7.694     11.161    12.9307 0.0000e+00
      7.858      0.047     6.2444     56.299     35.522  26.946607     2.8211      6.757   314.5248 1.2383e-01    10.9095      7.704     11.175    12.9298 0.0000e+00
      7.869      0.050     6.1792     55.591     35.551  26.967251     2.8208      6.757   314.5148 1.2385e-01    11.0084      7.716     11.192    12.9287 0.0000e+00
