Data/DataNotYetUploadedToEDI/Raw_CTD/RawDownloads/102620_bvr50_0001.cnv
* Sea-Bird SBE19plus  Data File:
* FileName = C:\DATA\102620_bvr50_0001.hex
* Software version 2.8.0.119
* Temperature SN = 7809
* Conductivity SN = 7809
* System UpLoad Time = Oct 26 2020 18:57:55
* <ApplicationData>
* <Seaterm232>
# nquan = 16
# nvalues = 2776                        
# units = specified
# name 0 = depFM: Depth [fresh water, m]
# name 1 = dz/dtM: Descent Rate [m/s]
# name 2 = orp: Oxidation Reduction Potential [mV]
# name 3 = sbeox0Mg/L: Oxygen, SBE 43 [mg/l]
# name 4 = sbeox0PS: Oxygen, SBE 43 [% saturation]
# name 5 = par/sat/log: PAR/Logarithmic, Satlantic
# name 6 = ph: pH
# name 7 = specc: Specific Conductance [uS/cm]
# name 8 = c0uS/cm: Conductivity [uS/cm]
# name 9 = flECO-AFL: Fluorescence, WET Labs ECO-AFL/FL [mg/m^3]
# name 10 = turbWETntu0: Turbidity, WET Labs ECO [NTU]
# name 11 = tv290C: Temperature [ITS-90, deg C]
# name 12 = density00: Density [density, kg/m^3]
# name 13 = prdE: Pressure, Strain Gauge [psi]
# name 14 = prdM: Pressure, Strain Gauge [db]
# name 15 = flag:  0.000e+00
# span 0 =     -0.716,     10.419       
# span 1 =     -0.427,      0.278       
# span 2 =  -128.7025,  1239.2195       
# span 3 =     0.0368,     9.4363       
# span 4 =      0.396,     97.563       
# span 5 = 1.2351e-01, 1.5195e+03       
# span 6 =     -1.465,     15.891       
# span 7 =      2.205,    194.775       
# span 8 =   1.959445, 137.731801       
# span 9 =    -0.7640,    11.7817       
# span 10 =    -0.1259,    53.7366      
# span 11 =    10.3486,    19.6651      
# span 12 =   998.2783,   999.7910      
# span 13 =     -1.019,     14.821      
# span 14 =     -0.702,     10.218      
# span 15 = 0.0000e+00, 0.0000e+00      
# interval = seconds: 0.25
# start_time = Oct 25 2020 23:25:58 [Instrument's time stamp, header]
# bad_flag = -9.990e-29
*END*
[from data line 362]
     -0.022     -0.015   216.2735     7.7990     77.297 1.0622e+02     15.723     28.263  23.761237     2.3557     3.1054    17.0301   998.7851     -0.030     -0.021 0.0000e+00
     -0.022     -0.043   216.0835     7.7220     76.547 1.0694e+02     15.723     28.282  23.778953     2.3489     3.0443    17.0308   998.7850     -0.029     -0.020 0.0000e+00
     -0.023     -0.088   216.1231     7.6400     75.917 1.1051e+02     15.725     28.267  23.767989     2.2668     3.0538    17.0312   998.7849     -0.030     -0.021 0.0000e+00
     -0.036     -0.146   216.2359     7.5530     75.446 1.3791e+02     15.728     28.251  23.755524     2.1157     3.0825    17.0318   998.7848     -0.037     -0.025 0.0000e+00
     -0.075     -0.205   216.4144     7.4564     75.275 1.8868e+02     15.729     28.249  23.755082     2.0286     3.0488    17.0317   998.7846     -0.090     -0.061 0.0000e+00
     -0.144     -0.250   216.6466     7.3901     75.561 2.3810e+02     15.729     28.256  23.762651     2.0061     2.9550    17.0333   998.7841     -0.193     -0.133 0.0000e+00
     -0.239     -0.267   216.8058     7.3274     76.561 2.6706e+02     15.727     28.280  23.783617     1.9390     2.3938    17.0379   998.7827     -0.333     -0.229 0.0000e+00
     -0.344     -0.247   216.7915     7.2722     78.290 2.6761e+02     15.722     28.319  23.818314     1.6080     1.3789    17.0401   998.7818     -0.501     -0.345 0.0000e+00
     -0.430     -0.187   216.6455     7.2578     80.447 2.7655e+02     15.717     28.373  23.865067     1.0938     0.7785    17.0415   998.7812     -0.633     -0.437 0.0000e+00
     -0.478     -0.100   216.4175     7.2669     82.627 2.9188e+02     15.716     28.418  23.904967     0.8335     0.6975    17.0445   998.7804     -0.698     -0.481 0.0000e+00
     -0.488     -0.003   216.3566     7.3648     84.431 2.8888e+02     15.718     28.431  23.920217     0.8351     0.8103    17.0464   998.7801     -0.716     -0.494 0.0000e+00
     -0.458      0.082   216.5981     7.5438     85.609 3.1933e+02     15.720     28.429  23.922623     1.1035     1.4554    17.0491   998.7798     -0.668     -0.460 0.0000e+00
     -0.400      0.142   216.7570     7.7645     86.117 3.6887e+02     15.721     28.439  23.934059     1.5892     2.5238    17.0511   998.7797     -0.568     -0.391 0.0000e+00
     -0.336      0.173   216.9012     7.9907     86.049 3.6066e+02     15.722     28.434  23.931649     1.8442     3.0851    17.0543   998.7795     -0.474     -0.327 0.0000e+00
     -0.280      0.180   217.3095     8.1707     85.480 4.4942e+02     15.723     28.387  23.893492     1.8694     3.0924    17.0625   998.7783     -0.391     -0.270 0.0000e+00
     -0.236      0.170   217.5631     8.2859     84.528 7.7753e+02     15.723     28.339  23.853229     1.9513     3.0919    17.0707   998.7771     -0.328     -0.226 0.0000e+00
     -0.203      0.149   217.4721     8.3262     83.365 9.2392e+02     15.723     28.308  23.825349     2.0812     3.1140    17.0760   998.7763     -0.292     -0.201 0.0000e+00
     -0.170      0.126   217.3281     8.3202     82.165 5.9634e+02     15.723     28.293  23.810088     2.1425     3.0855    17.0795   998.7759     -0.245     -0.169 0.0000e+00
     -0.135      0.102   217.1985     8.2598     81.122 2.4324e+02     15.724     28.283  23.795547     2.1595     3.0557    17.0812   998.7757     -0.185     -0.128 0.0000e+00
     -0.108      0.078   217.1959     8.1616     80.463 1.3768e+02     15.724     28.267  23.776362     2.2389     3.0628    17.0818   998.7757     -0.150     -0.104 0.0000e+00
     -0.088      0.057   217.2965     8.0441     80.318 1.1786e+02     15.724     28.263  23.768385     2.3859     3.0688    17.0809   998.7759     -0.124     -0.086 0.0000e+00
     -0.077      0.038   217.2968     7.9234     80.641 1.0352e+02     15.724     28.261  23.762506     2.4877     3.0588    17.0750   998.7770     -0.099     -0.069 0.0000e+00
     -0.080      0.022   217.2853     7.8160     81.252 9.8384e+01     15.724     28.272  23.768691     2.4963     3.0450    17.0625   998.7792     -0.110     -0.076 0.0000e+00
     -0.086      0.011   217.3290     7.7479     81.827 1.0016e+02     15.724     28.287  23.779744     2.3958     3.0733    17.0504   998.7812     -0.131     -0.090 0.0000e+00
     -0.083      0.005   217.3949     7.7400     82.190 1.0391e+02     15.724     28.275  23.769309     2.2165     3.1271    17.0432   998.7825     -0.119     -0.083 0.0000e+00
     -0.076      0.004   217.4809     7.7741     82.396 1.0849e+02     15.724     28.274  23.769356     2.1022     3.1119    17.0372   998.7836     -0.103     -0.072 0.0000e+00
     -0.075      0.006   217.5084     7.8504     82.498 1.1159e+02     15.724     28.286  23.780314     2.0722     3.0613    17.0319   998.7845     -0.106     -0.074 0.0000e+00
     -0.076      0.007   217.5541     7.9132     82.505 1.1112e+02     15.724     28.280  23.774969     2.0727     3.0300    17.0293   998.7850     -0.111     -0.076 0.0000e+00
     -0.074      0.005   217.6901     7.9414     82.386 1.0997e+02     15.724     28.271  23.768146     2.0902     3.0425    17.0289   998.7850     -0.107     -0.074 0.0000e+00
     -0.071      0.004   217.7758     7.9618     82.156 1.0947e+02     15.723     28.263  23.761236     2.1018     3.1094    17.0298   998.7849     -0.101     -0.070 0.0000e+00
     -0.070      0.004   217.8162     7.9698     81.922 1.0992e+02     15.723     28.255  23.754843     2.0989     3.1172    17.0303   998.7848     -0.099     -0.068 0.0000e+00
     -0.070      0.004   217.8345     7.9726     81.712 1.1038e+02     15.723     28.254  23.754273     2.0928     3.0681    17.0306   998.7848     -0.099     -0.068 0.0000e+00
     -0.070      0.003   217.8240     7.9619     81.416 1.0959e+02     15.723     28.255  23.754333     2.0754     3.0651    17.0320   998.7845     -0.099     -0.068 0.0000e+00
     -0.070      0.002   217.9485     7.9331     80.942 1.0842e+02     15.723     28.257  23.755576     2.0509     3.0812    17.0327   998.7844     -0.099     -0.068 0.0000e+00
     -0.069      0.002   218.1345     7.9089     80.270 1.0796e+02     15.724     28.272  23.769298     2.0450     3.0908    17.0325   998.7845     -0.099     -0.068 0.0000e+00
     -0.068      0.002   218.1807     7.8950     79.474 1.0817e+02     15.724     28.301  23.793408     2.0423     3.0788    17.0323   998.7845     -0.097     -0.067 0.0000e+00
     -0.067      0.004   218.1623     7.8692     78.684 1.0856e+02     15.723     28.301  23.793398     2.0467     3.0391    17.0318   998.7846     -0.094     -0.065 0.0000e+00
     -0.067      0.007   218.0844     7.8241     77.972 1.0807e+02     15.723     28.272  23.769184     2.0796     3.0566    17.0318   998.7846     -0.096     -0.066 0.0000e+00
     -0.067      0.012   217.9276     7.7577     77.398 1.0697e+02     15.723     28.254  23.754322     2.0970     3.0844    17.0325   998.7845     -0.095     -0.066 0.0000e+00
     -0.065      0.018   217.9003     7.6728     76.980 1.0662e+02     15.723     28.238  23.740538     2.0753     3.0324    17.0338   998.7843     -0.093     -0.064 0.0000e+00
     -0.060      0.025   218.0128     7.5970     76.660 1.0551e+02     15.723     28.225  23.729361     2.0182     3.0110    17.0337   998.7843     -0.086     -0.060 0.0000e+00
     -0.051      0.033   218.0830     7.5250     76.398 1.0166e+02     15.723     28.245  23.746028     1.9397     3.0665    17.0335   998.7844     -0.072     -0.051 0.0000e+00
     -0.040      0.040   218.0611     7.4677     76.198 9.6045e+01     15.722     28.252  23.751802     1.8985     3.0852    17.0335   998.7844     -0.057     -0.040 0.0000e+00
     -0.029      0.045   218.0926     7.4324     76.139 9.0924e+01     15.722     28.232  23.735752     1.9022     3.0319    17.0320   998.7846     -0.041     -0.028 0.0000e+00
     -0.016      0.048   218.2054     7.4007     76.243 8.7110e+01     15.722     28.240  23.742232     2.0315     3.0046    17.0312   998.7849     -0.024     -0.016 0.0000e+00
     -0.002      0.050   218.3070     7.3782     76.463 8.3553e+01     15.723     28.268  23.766719     2.2793     3.0641    17.0318   998.7849     -0.003     -0.002 0.0000e+00
      0.012      0.051   218.4601     7.3527     76.743 8.1303e+01     15.724     28.281  23.778147     2.4189     3.1331    17.0325   998.7848      0.017      0.012 0.0000e+00
      0.025      0.053   218.5074     7.3467     76.957 8.1237e+01     15.724     28.251  23.753563     2.4222     3.1189    17.0322   998.7849      0.036      0.024 0.0000e+00
      0.036      0.054   218.2770     7.3606     77.039 7.9189e+01     15.723     28.216  23.723162     2.4151     3.0635    17.0324   998.7849      0.050      0.034 0.0000e+00
      0.049      0.056   218.0825     7.3798     76.993 7.5699e+01     15.722     28.221  23.727670     2.5141     3.0478    17.0332   998.7849      0.067      0.046 0.0000e+00
      0.065      0.060   218.2212     7.4150     76.818 7.4814e+01     15.721     28.241  23.744653     2.7133     3.0658    17.0342   998.7848      0.093      0.064 0.0000e+00
      0.081      0.068   218.5767     7.4366     76.578 7.2855e+01     15.722     28.233  23.738240     2.8399     3.0756    17.0350   998.7847      0.116      0.080 0.0000e+00
      0.096      0.079   219.1117     7.4432     76.347 6.5614e+01     15.723     28.203  23.713547     2.8713     3.0631    17.0351   998.7847      0.136      0.093 0.0000e+00
      0.114      0.092   219.7007     7.4404     76.126 5.5739e+01     15.723     28.186  23.699775     3.0076     3.0862    17.0354   998.7847      0.158      0.108 0.0000e+00
      0.138      0.104   220.1052     7.4206     75.917 4.8566e+01     15.723     28.185  23.698575     3.2668     3.1488    17.0362   998.7847      0.194      0.134 0.0000e+00
      0.168      0.110   220.4744     7.3931     75.767 4.3727e+01     15.723     28.186  23.699033     3.4010     3.1333    17.0370   998.7847      0.236      0.163 0.0000e+00
      0.204      0.110   220.7230     7.3722     75.680 3.8335e+01     15.722     28.193  23.705312     3.4098     3.0702    17.0370   998.7848      0.287      0.198 0.0000e+00
      0.243      0.102   220.7020     7.3520     75.717 3.3572e+01     15.722     28.198  23.711077     3.4408     3.0386    17.0373   998.7850      0.353      0.243 0.0000e+00
      0.273      0.088   220.7374     7.3268     75.919 3.0258e+01     15.722     28.191  23.705312     3.4894     3.0259    17.0374   998.7851      0.397      0.274 0.0000e+00
      0.289      0.071   220.8922     7.3159     76.156 2.7521e+01     15.722     28.185  23.699022     3.5209     3.0879    17.0367   998.7853      0.415      0.286 0.0000e+00
      0.298      0.052   221.0256     7.3045     76.350 2.5209e+01     15.722     28.185  23.698455     3.5156     3.1363    17.0380   998.7851      0.426      0.293 0.0000e+00
      0.304      0.036   221.1454     7.3017     76.434 2.4019e+01     15.722     28.185  23.698455     3.4931     3.0961    17.0396   998.7849      0.432      0.297 0.0000e+00
      0.312      0.026   221.2215     7.3318     76.256 2.4157e+01     15.722     28.185  23.699021     3.4865     3.0816    17.0399   998.7849      0.444      0.306 0.0000e+00
      0.319      0.023   221.2584     7.3556     75.807 2.5112e+01     15.722     28.192  23.705301     3.4938     3.0991    17.0389   998.7852      0.457      0.315 0.0000e+00
      0.323      0.023   221.3330     7.3734     75.162 2.6215e+01     15.723     28.199  23.710962     3.5046     3.1014    17.0370   998.7854      0.460      0.317 0.0000e+00
      0.327      0.025   221.4347     7.3931     74.418 2.7055e+01     15.724     28.191  23.704042     3.5502     3.1098    17.0366   998.7855      0.464      0.320 0.0000e+00
      0.331      0.025   221.4562     7.3725     73.711 2.7573e+01     15.723     28.168  23.685061     3.6354     3.1316    17.0376   998.7853      0.469      0.323 0.0000e+00
      0.339      0.027   221.5076     7.3265     73.075 2.7705e+01     15.723     28.152  23.671715     3.6959     3.1247    17.0378   998.7854      0.479      0.330 0.0000e+00
      0.349      0.032   221.7974     7.2630     72.493 2.7377e+01     15.723     28.150  23.669513     3.7098     3.0957    17.0373   998.7855      0.497      0.344 0.0000e+00
      0.357      0.037   222.1205     7.1824     71.967 2.6657e+01     15.723     28.137  23.658445     3.6983     3.0555    17.0379   998.7854      0.511      0.352 0.0000e+00
      0.363      0.042   222.1455     7.1157     71.536 2.6049e+01     15.723     28.145  23.664735     3.6993     2.9818    17.0378   998.7855      0.516      0.355 0.0000e+00
      0.373      0.042   222.0127     7.0546     71.250 2.5301e+01     15.723     28.165  23.682135     3.7308     2.9946    17.0373   998.7856      0.526      0.362 0.0000e+00
      0.389      0.038   222.0642     6.9986     71.107 2.4125e+01     15.723     28.160  23.678569     3.7553     3.1066    17.0377   998.7856      0.552      0.381 0.0000e+00
      0.405      0.031   222.1657     6.9465     71.057 2.3211e+01     15.722     28.167  23.685040     3.7671     3.1338    17.0378   998.7856      0.582      0.401 0.0000e+00
      0.415      0.021   222.0356     6.9022     71.063 2.2783e+01     15.721     28.181  23.696957     3.7496     3.0837    17.0371   998.7858      0.596      0.411 0.0000e+00
      0.417      0.006   221.9531     6.8752     71.196 2.2683e+01     15.721     28.180  23.695814     3.7051     3.0844    17.0383   998.7857      0.595      0.410 0.0000e+00
      0.415     -0.010   222.0294     6.8623     71.524 2.2579e+01     15.721     28.150  23.671223     3.6967     3.1087    17.0396   998.7854      0.591      0.407 0.0000e+00
      0.410     -0.020   222.0977     6.8614     72.042 2.2863e+01     15.720     28.129  23.653316     3.7057     3.1030    17.0398   998.7853      0.589      0.406 0.0000e+00
      0.400     -0.023   222.1761     6.8572     72.705 2.3287e+01     15.720     28.149  23.669556     3.6802     3.0839    17.0394   998.7854      0.572      0.395 0.0000e+00
      0.386     -0.018   222.2032     6.8672     73.432 2.2729e+01     15.721     28.159  23.677313     3.6459     3.0487    17.0392   998.7853      0.543      0.375 0.0000e+00
      0.378     -0.005   222.2528     6.9002     74.205 2.1845e+01     15.722     28.167  23.683688     3.6443     3.0553    17.0417   998.7848      0.533      0.368 0.0000e+00
      0.379      0.019   222.3465     6.9495     74.951 2.1293e+01     15.722     28.169  23.683215     3.6599     3.0953    17.0420   998.7848      0.537      0.370 0.0000e+00
      0.384      0.051   222.3890     7.0203     75.565 2.0519e+01     15.722     28.161  23.671590     3.7014     3.0851    17.0394   998.7852      0.545      0.375 0.0000e+00
      0.394      0.082   222.5091     7.0885     76.192 1.9508e+01     15.722     28.163  23.669967     3.7739     3.0693    17.0381   998.7855      0.554      0.381 0.0000e+00
      0.419      0.105   222.7665     7.1640     77.060 1.8680e+01     15.722     28.156  23.663581     3.8118     3.0772    17.0386   998.7856      0.580      0.400 0.0000e+00
      0.464      0.117   222.9195     7.2466     78.217 1.8194e+01     15.722     28.151  23.657798     3.8258     3.0772    17.0366   998.7861      0.660      0.455 0.0000e+00
      0.511      0.117   222.8968     7.2985     79.512 1.8003e+01     15.723     28.162  23.663459     3.8765     3.0694    17.0247   998.7884      0.737      0.508 0.0000e+00
      0.546      0.107   222.9219     7.3504     80.671 1.7946e+01     15.724     28.172  23.668605     3.9390     3.0512    17.0161   998.7901      0.781      0.539 0.0000e+00
      0.570      0.088   222.9641     7.4333     81.442 1.8036e+01     15.724     28.159  23.656598     3.9612     3.0636    17.0193   998.7897      0.815      0.562 0.0000e+00
