Data/DataNotYetUploadedToEDI/Raw_CTD/RawDownloads/102620_bvr50_0001.cnv
* Sea-Bird SBE19plus  Data File:
* FileName = C:\DATA\102620_bvr50_0001.hex
* Software version 2.8.0.119
* Temperature SN = 7809
* Conductivity SN = 7809
* System UpLoad Time = Oct 26 2020 18:57:55
* <ApplicationData>
* <Seaterm232>
# nquan = 16
# nvalues = 2776                        
# units = specified
# name 0 = depFM: Depth [fresh water, m]
# name 1 = dz/dtM: Descent Rate [m/s]
# name 2 = orp: Oxidation Reduction Potential [mV]
# name 3 = sbeox0Mg/L: Oxygen, SBE 43 [mg/l]
# name 4 = sbeox0PS: Oxygen, SBE 43 [% saturation]
# name 5 = par/sat/log: PAR/Logarithmic, Satlantic
# name 6 = ph: pH
# name 7 = specc: Specific Conductance [uS/cm]
# name 8 = c0uS/cm: Conductivity [uS/cm]
# name 9 = flECO-AFL: Fluorescence, WET Labs ECO-AFL/FL [mg/m^3]
# name 10 = turbWETntu0: Turbidity, WET Labs ECO [NTU]
# name 11 = tv290C: Temperature [ITS-90, deg C]
# name 12 = density00: Density [density, kg/m^3]
# name 13 = prdE: Pressure, Strain Gauge [psi]
# name 14 = prdM: Pressure, Strain Gauge [db]
# name 15 = flag:  0.000e+00
# span 0 =     -0.716,     10.419       
# span 1 =     -0.427,      0.278       
# span 2 =  -128.7025,  1239.2195       
# span 3 =     0.0368,     9.4363       
# span 4 =      0.396,     97.563       
# span 5 = 1.2351e-01, 1.5195e+03       
# span 6 =     -1.465,     15.891       
# span 7 =      2.205,    194.775       
# span 8 =   1.959445, 137.731801       
# span 9 =    -0.7640,    11.7817       
# span 10 =    -0.1259,    53.7366      
# span 11 =    10.3486,    19.6651      
# span 12 =   998.2783,   999.7910      
# span 13 =     -1.019,     14.821      
# span 14 =     -0.702,     10.218      
# span 15 = 0.0000e+00, 0.0000e+00      
# interval = seconds: 0.25
# start_time = Oct 25 2020 23:25:58 [Instrument's time stamp, header]
# bad_flag = -9.990e-29
*END*
[from data line 1989]
      9.413     -0.004  -108.2335     0.0559      0.551 1.2379e-01     15.852    162.613 115.965948     0.6862     3.1710    10.6745   999.7434     13.390      9.232 0.0000e+00
      9.414      0.006  -108.3190     0.0565      0.506 1.2378e-01     15.852    162.563 115.922784     0.7069     3.1845    10.6691   999.7439     13.389      9.231 0.0000e+00
      9.415      0.008  -108.3819     0.0707      0.491 1.2371e-01     15.852    162.443 115.832537     0.7257     3.1695    10.6629   999.7445     13.391      9.232 0.0000e+00
      9.416      0.007  -108.4770     0.0687      0.507 1.2369e-01     15.852    162.357 115.766736     0.7217     3.0927    10.6574   999.7451     13.393      9.234 0.0000e+00
      9.419      0.002  -108.6945     0.0605      0.531 1.2370e-01     15.852    162.360 115.764304     0.7068     3.0111    10.6538   999.7454     13.398      9.236 0.0000e+00
      9.422     -0.008  -109.1192     0.0556      0.543 1.2371e-01     15.852    162.418 115.803134     0.6801     2.9383    10.6520   999.7456     13.401      9.241 0.0000e+00
      9.424     -0.026  -109.5680     0.0522      0.542 1.2376e-01     15.852    162.491 115.853958     0.6464     2.8993    10.6510   999.7457     13.405      9.243 0.0000e+00
      9.422     -0.049  -109.8187     0.0570      0.560 1.2377e-01     15.851    162.506 115.869108     0.6135     2.9518    10.6493   999.7458     13.406      9.243 0.0000e+00
      9.410     -0.074  -109.8281     0.0588      0.587 1.2374e-01     15.851    162.475 115.858899     0.5970     2.9897    10.6477   999.7459     13.392      9.234 0.0000e+00
      9.383     -0.097  -109.6813     0.0623      0.597 1.2370e-01     15.851    162.451 115.857970     0.6095     2.9799    10.6470   999.7458     13.353      9.207 0.0000e+00
      9.346     -0.117  -109.5925     0.0586      0.595 1.2363e-01     15.851    162.429 115.857893     0.6307     3.0048    10.6461   999.7458     13.293      9.165 0.0000e+00
      9.307     -0.131  -109.6144     0.0610      0.538 1.2362e-01     15.850    162.405 115.857987     0.6343     3.0162    10.6472   999.7455     13.235      9.125 0.0000e+00
      9.271     -0.136  -109.7744     0.0681      0.456 1.2371e-01     15.850    162.384 115.859131     0.6244     3.0137    10.6515   999.7449     13.186      9.092 0.0000e+00
      9.236     -0.136  -110.1507     0.0641      0.441 1.2373e-01     15.850    162.381 115.871748     0.6253     3.0097    10.6568   999.7442     13.136      9.057 0.0000e+00
      9.202     -0.131  -110.5498     0.0701      0.478 1.2371e-01     15.849    162.379 115.883129     0.6451     2.8987    10.6615   999.7436     13.088      9.023 0.0000e+00
      9.170     -0.127  -110.7278     0.0623      0.535 1.2373e-01     15.848    162.345 115.869331     0.6633     2.7357    10.6666   999.7430     13.043      8.992 0.0000e+00
      9.139     -0.124  -110.7544     0.0452      0.570 1.2376e-01     15.848    162.282 115.832356     0.6653     2.6533    10.6722   999.7422     12.998      8.962 0.0000e+00
      9.107     -0.120  -110.8717     0.0483      0.551 1.2374e-01     15.848    162.253 115.818347     0.6690     2.6242    10.6768   999.7417     12.951      8.930 0.0000e+00
      9.077     -0.112  -111.1139     0.0520      0.540 1.2369e-01     15.848    162.260 115.827386     0.6793     2.6579    10.6809   999.7411     12.909      8.900 0.0000e+00
      9.048     -0.100  -111.2735     0.0595      0.560 1.2368e-01     15.848    162.239 115.814222     0.6756     2.7165    10.6839   999.7407     12.870      8.873 0.0000e+00
      9.018     -0.083  -111.2520     0.0678      0.585 1.2370e-01     15.848    162.203 115.786610     0.6716     2.7160    10.6863   999.7403     12.825      8.842 0.0000e+00
      8.992     -0.064  -111.2846     0.0592      0.588 1.2370e-01     15.848    162.158 115.748372     0.6873     2.7200    10.6882   999.7399     12.784      8.814 0.0000e+00
      8.979     -0.043  -111.4096     0.0586      0.552 1.2368e-01     15.848    162.152 115.734160     0.6941     2.6957    10.6895   999.7398     12.764      8.801 0.0000e+00
      8.977     -0.023  -111.5586     0.0623      0.540 1.2365e-01     15.848    162.178 115.742185     0.6781     2.5593    10.6905   999.7396     12.767      8.803 0.0000e+00
      8.979     -0.008  -111.7964     0.0648      0.586 1.2366e-01     15.848    162.154 115.717963     0.6756     2.4441    10.6900   999.7397     12.772      8.806 0.0000e+00
      8.981      0.002  -111.9619     0.0689      0.618 1.2371e-01     15.848    162.127 115.696135     0.6914     2.4356    10.6877   999.7399     12.771      8.806 0.0000e+00
      8.985      0.006  -112.0109     0.0599      0.587 1.2376e-01     15.848    162.180 115.733106     0.6887     2.4236    10.6847   999.7402     12.780      8.811 0.0000e+00
      8.987      0.006  -112.0437     0.0557      0.536 1.2379e-01     15.847    162.256 115.782706     0.6720     2.4705    10.6811   999.7406     12.787      8.816 0.0000e+00
      8.987      0.004  -112.1004     0.0663      0.530 1.2377e-01     15.847    162.273 115.786151     0.6695     2.5895    10.6782   999.7409     12.783      8.814 0.0000e+00
      8.987      0.004  -112.1807     0.0723      0.569 1.2369e-01     15.848    162.273 115.774744     0.6775     2.6615    10.6780   999.7409     12.781      8.812 0.0000e+00
      8.988      0.004  -112.2397     0.0661      0.577 1.2362e-01     15.848    162.288 115.772197     0.6836     2.7227    10.6785   999.7408     12.784      8.814 0.0000e+00
      8.988      0.004  -112.3841     0.0575      0.537 1.2363e-01     15.847    162.281 115.755341     0.7052     2.6426    10.6769   999.7411     12.783      8.815 0.0000e+00
      8.989      0.005  -112.6360     0.0556      0.516 1.2370e-01     15.847    162.209 115.698351     0.7477     2.4143    10.6741   999.7413     12.784      8.814 0.0000e+00
      8.991      0.007  -112.7037     0.0657      0.549 1.2372e-01     15.847    162.148 115.656532     0.7775     2.2972    10.6706   999.7417     12.789      8.817 0.0000e+00
      8.993      0.010  -112.6006     0.0671      0.571 1.2369e-01     15.847    162.195 115.695691     0.7795     2.2567    10.6660   999.7421     12.791      8.819 0.0000e+00
      8.994      0.013  -112.5944     0.0584      0.531 1.2368e-01     15.846    162.235 115.725841     0.7722     2.2676    10.6619   999.7425     12.791      8.819 0.0000e+00
      8.998      0.015  -112.6285     0.0542      0.516 1.2368e-01     15.846    162.209 115.702531     0.7652     2.3950    10.6596   999.7428     12.797      8.823 0.0000e+00
      9.003      0.016  -112.5827     0.0607      0.547 1.2364e-01     15.846    162.170 115.668695     0.7527     2.4577    10.6609   999.7426     12.806      8.830 0.0000e+00
      9.008      0.016  -112.5567     0.0691      0.552 1.2363e-01     15.846    162.125 115.635271     0.7445     2.4078    10.6640   999.7424     12.813      8.835 0.0000e+00
      9.013      0.015  -112.6582     0.0565      0.524 1.2364e-01     15.846    162.095 115.616962     0.7520     2.3749    10.6643   999.7424     12.819      8.838 0.0000e+00
      9.017      0.013  -112.7786     0.0531      0.483 1.2364e-01     15.846    162.030 115.574751     0.7573     2.3694    10.6622   999.7427     12.826      8.843 0.0000e+00
      9.020      0.011  -112.8935     0.0647      0.500 1.2370e-01     15.845    161.929 115.507171     0.7512     2.3759    10.6598   999.7429     12.831      8.847 0.0000e+00
      9.021      0.011  -113.0148     0.0611      0.607 1.2375e-01     15.845    161.819 115.436969     0.7545     2.3853    10.6593   999.7428     12.831      8.846 0.0000e+00
      9.022      0.011  -113.1266     0.0601      0.705 1.2371e-01     15.845    161.699 115.363057     0.7689     2.3796    10.6609   999.7427     12.830      8.847 0.0000e+00
      9.025      0.007  -113.3850     0.0517      0.742 1.2362e-01     15.845    161.704 115.378038     0.7720     2.4103    10.6620   999.7426     12.837      8.851 0.0000e+00
      9.029     -0.004  -113.8157     0.0482      0.674 1.2360e-01     15.845    161.852 115.490693     0.7546     2.4476    10.6626   999.7425     12.842      8.854 0.0000e+00
      9.034     -0.024  -114.1184     0.0711      0.545 1.2367e-01     15.844    161.976 115.578392     0.7305     2.4176    10.6657   999.7422     12.848      8.859 0.0000e+00
      9.036     -0.050  -114.1201     0.0787      0.446 1.2370e-01     15.843    162.026 115.610162     0.6905     2.3919    10.6699   999.7417     12.859      8.866 0.0000e+00
      9.025     -0.076  -114.0078     0.0880      0.396 1.2365e-01     15.842    162.036 115.619980     0.6334     2.4449    10.6738   999.7413     12.849      8.860 0.0000e+00
      8.993     -0.098  -113.9658     0.0789      0.434 1.2366e-01     15.842    162.044 115.633395     0.6021     2.5094    10.6766   999.7410     12.797      8.823 0.0000e+00
      8.949     -0.114  -114.0417     0.0559      0.483 1.2371e-01     15.842    162.046 115.644949     0.6078     2.5199    10.6753   999.7409     12.724      8.772 0.0000e+00
      8.910     -0.122  -114.2376     0.0511      0.485 1.2376e-01     15.843    162.014 115.632269     0.6448     2.5709    10.6730   999.7410     12.668      8.734 0.0000e+00
      8.880     -0.121  -114.4411     0.0368      0.489 1.2377e-01     15.843    161.965 115.607510     0.6875     2.6801    10.6741   999.7407     12.630      8.707 0.0000e+00
      8.853     -0.112  -114.5233     0.0483      0.481 1.2373e-01     15.842    161.945 115.600454     0.7048     2.7076    10.6770   999.7403     12.593      8.682 0.0000e+00
      8.828     -0.102  -114.7153     0.0586      0.501 1.2369e-01     15.842    161.953 115.610669     0.7104     2.6634    10.6799   999.7399     12.555      8.656 0.0000e+00
      8.804     -0.096  -115.1273     0.0503      0.564 1.2369e-01     15.841    161.940 115.603609     0.6984     2.6603    10.6834   999.7395     12.520      8.632 0.0000e+00
      8.781     -0.092  -115.4623     0.0575      0.597 1.2369e-01     15.841    161.904 115.578808     0.6734     2.6020    10.6866   999.7390     12.490      8.611 0.0000e+00
      8.759     -0.088  -115.5808     0.0517      0.603 1.2369e-01     15.841    161.884 115.565651     0.6661     2.4737    10.6888   999.7387     12.459      8.591 0.0000e+00
      8.735     -0.081  -115.7002     0.0514      0.592 1.2371e-01     15.841    161.891 115.571961     0.6676     2.4136    10.6903   999.7385     12.424      8.567 0.0000e+00
      8.711     -0.071  -115.8738     0.0666      0.556 1.2375e-01     15.841    161.828 115.527681     0.6640     2.3898    10.6908   999.7383     12.388      8.541 0.0000e+00
      8.691     -0.057  -115.8733     0.0662      0.550 1.2376e-01     15.841    161.664 115.412523     0.6604     2.3923    10.6911   999.7381     12.359      8.521 0.0000e+00
      8.676     -0.041  -115.7800     0.0669      0.572 1.2376e-01     15.840    161.535 115.326380     0.6714     2.4776    10.6914   999.7380     12.337      8.506 0.0000e+00
      8.668     -0.026  -115.7778     0.0686      0.580 1.2378e-01     15.840    161.415 115.250673     0.7008     2.5636    10.6919   999.7380     12.324      8.498 0.0000e+00
      8.668     -0.011  -115.8464     0.0591      0.566 1.2382e-01     15.841    161.236 115.134253     0.7204     2.5387    10.6921   999.7379     12.327      8.500 0.0000e+00
      8.672      0.000  -115.9216     0.0596      0.526 1.2381e-01     15.841    161.120 115.065553     0.7075     2.4164    10.6922   999.7378     12.335      8.505 0.0000e+00
      8.674      0.006  -115.9989     0.0652      0.486 1.2372e-01     15.841    161.089 115.057132     0.6889     2.2873    10.6941   999.7376     12.337      8.506 0.0000e+00
      8.678      0.007  -116.0063     0.0646      0.490 1.2365e-01     15.841    161.038 115.032454     0.6863     2.2477    10.6975   999.7373     12.341      8.509 0.0000e+00
      8.681      0.006  -115.9252     0.0642      0.502 1.2365e-01     15.840    161.011 115.022034     0.6850     2.2465    10.7006   999.7369     12.350      8.515 0.0000e+00
      8.681      0.005  -115.9647     0.0591      0.501 1.2369e-01     15.839    161.057 115.058559     0.6838     2.2040    10.7051   999.7364     12.349      8.514 0.0000e+00
      8.680      0.005  -116.1397     0.0506      0.509 1.2372e-01     15.839    161.107 115.091826     0.6899     2.2154    10.7101   999.7359     12.344      8.511 0.0000e+00
      8.680      0.004  -116.3199     0.0541      0.508 1.2369e-01     15.839    161.134 115.105719     0.6926     2.2811    10.7136   999.7356     12.346      8.512 0.0000e+00
      8.682     -0.001  -116.5946     0.0582      0.513 1.2366e-01     15.839    161.134 115.099114     0.6881     2.3113    10.7167   999.7353     12.348      8.514 0.0000e+00
      8.685     -0.013  -116.8805     0.0529      0.532 1.2369e-01     15.839    161.106 115.075661     0.6828     2.2718    10.7184   999.7351     12.351      8.516 0.0000e+00
      8.688     -0.029  -116.9378     0.0587      0.569 1.2369e-01     15.838    161.106 115.076990     0.6664     2.1463    10.7169   999.7353     12.361      8.522 0.0000e+00
      8.684     -0.048  -116.9431     0.0556      0.639 1.2368e-01     15.838    161.154 115.115187     0.6510     2.0639    10.7147   999.7356     12.360      8.522 0.0000e+00
      8.667     -0.067  -117.0301     0.0556      0.643 1.2365e-01     15.838    161.206 115.155245     0.6497     2.0318    10.7126   999.7357     12.334      8.504 0.0000e+00
      8.639     -0.083  -117.1300     0.0609      0.577 1.2361e-01     15.838    161.237 115.179076     0.6505     1.9637    10.7112   999.7356     12.288      8.472 0.0000e+00
      8.608     -0.094  -117.2038     0.0577      0.522 1.2363e-01     15.838    161.283 115.212202     0.6510     1.9267    10.7117   999.7355     12.240      8.440 0.0000e+00
      8.581     -0.099  -117.1473     0.0764      0.504 1.2368e-01     15.838    161.318 115.237224     0.6564     1.9284    10.7135   999.7353     12.203      8.414 0.0000e+00
      8.557     -0.097  -117.1366     0.0750      0.531 1.2371e-01     15.838    161.303 115.226778     0.6681     1.9496    10.7146   999.7350     12.171      8.391 0.0000e+00
      8.533     -0.092  -117.2471     0.0614      0.541 1.2370e-01     15.837    161.283 115.213327     0.6872     2.0461    10.7147   999.7348     12.137      8.368 0.0000e+00
      8.510     -0.087  -117.2779     0.0584      0.486 1.2371e-01     15.836    161.262 115.202004     0.7066     2.2021    10.7147   999.7348     12.103      8.345 0.0000e+00
      8.489     -0.084  -117.2510     0.0520      0.436 1.2377e-01     15.835    161.185 115.153591     0.7123     2.2913    10.7147   999.7347     12.073      8.324 0.0000e+00
      8.469     -0.082  -117.2665     0.0602      0.476 1.2380e-01     15.836    161.062 115.073953     0.7181     2.3001    10.7147   999.7346     12.046      8.305 0.0000e+00
      8.449     -0.082  -117.2929     0.0637      0.562 1.2377e-01     15.837    160.953 115.003638     0.7288     2.3423    10.7151   999.7344     12.018      8.286 0.0000e+00
      8.428     -0.082  -117.2261     0.0549      0.620 1.2373e-01     15.836    160.856 114.940516     0.7173     2.4239    10.7160   999.7343     11.988      8.265 0.0000e+00
      8.408     -0.085  -117.1462     0.0421      0.625 1.2371e-01     15.836    160.764 114.884131     0.6941     2.4630    10.7183   999.7339     11.958      8.245 0.0000e+00
      8.387     -0.091  -117.2740     0.0510      0.568 1.2370e-01     15.836    160.675 114.831580     0.6868     2.4385    10.7213   999.7334     11.930      8.226 0.0000e+00
      8.365     -0.098  -117.6533     0.0653      0.523 1.2376e-01     15.836    160.640 114.814806     0.6668     2.3326    10.7234   999.7332     11.900      8.204 0.0000e+00
      8.340     -0.106  -118.1173     0.0686      0.527 1.2381e-01     15.835    160.715 114.872455     0.6240     2.2134    10.7248   999.7328     11.864      8.180 0.0000e+00
