Data/DataNotYetUploadedToEDI/Raw_CTD/RawDownloads/102620_bvr50_0001.cnv
* Sea-Bird SBE19plus  Data File:
* FileName = C:\DATA\102620_bvr50_0001.hex
* Software version 2.8.0.119
* Temperature SN = 7809
* Conductivity SN = 7809
* System UpLoad Time = Oct 26 2020 18:57:55
* <ApplicationData>
* <Seaterm232>
# nquan = 16
# nvalues = 2776                        
# units = specified
# name 0 = depFM: Depth [fresh water, m]
# name 1 = dz/dtM: Descent Rate [m/s]
# name 2 = orp: Oxidation Reduction Potential [mV]
# name 3 = sbeox0Mg/L: Oxygen, SBE 43 [mg/l]
# name 4 = sbeox0PS: Oxygen, SBE 43 [% saturation]
# name 5 = par/sat/log: PAR/Logarithmic, Satlantic
# name 6 = ph: pH
# name 7 = specc: Specific Conductance [uS/cm]
# name 8 = c0uS/cm: Conductivity [uS/cm]
# name 9 = flECO-AFL: Fluorescence, WET Labs ECO-AFL/FL [mg/m^3]
# name 10 = turbWETntu0: Turbidity, WET Labs ECO [NTU]
# name 11 = tv290C: Temperature [ITS-90, deg C]
# name 12 = density00: Density [density, kg/m^3]
# name 13 = prdE: Pressure, Strain Gauge [psi]
# name 14 = prdM: Pressure, Strain Gauge [db]
# name 15 = flag:  0.000e+00
# span 0 =     -0.716,     10.419       
# span 1 =     -0.427,      0.278       
# span 2 =  -128.7025,  1239.2195       
# span 3 =     0.0368,     9.4363       
# span 4 =      0.396,     97.563       
# span 5 = 1.2351e-01, 1.5195e+03       
# span 6 =     -1.465,     15.891       
# span 7 =      2.205,    194.775       
# span 8 =   1.959445, 137.731801       
# span 9 =    -0.7640,    11.7817       
# span 10 =    -0.1259,    53.7366      
# span 11 =    10.3486,    19.6651      
# span 12 =   998.2783,   999.7910      
# span 13 =     -1.019,     14.821      
# span 14 =     -0.702,     10.218      
# span 15 = 0.0000e+00, 0.0000e+00      
# interval = seconds: 0.25
# start_time = Oct 25 2020 23:25:58 [Instrument's time stamp, header]
# bad_flag = -9.990e-29
*END*
[from data line 724]
      1.494      0.020   231.2968     8.4519     86.515 2.3130e+01     15.736     28.232  23.433345     8.9336     3.3412    16.5036   998.8820      2.124      1.465 0.0000e+00
      1.500      0.019   231.1936     8.4476     86.453 2.3099e+01     15.735     28.265  23.459750     8.9269     3.3439    16.5029   998.8821      2.134      1.471 0.0000e+00
      1.506      0.018   231.4515     8.4451     86.457 2.3029e+01     15.735     28.281  23.472548     8.9344     3.3259    16.5011   998.8825      2.145      1.479 0.0000e+00
      1.511      0.016   231.8336     8.4527     86.597 2.2957e+01     15.736     28.268  23.461245     8.9947     3.3294    16.4990   998.8828      2.150      1.483 0.0000e+00
      1.513      0.014   231.9417     8.4526     86.829 2.2861e+01     15.736     28.253  23.449925     9.0551     3.3174    16.4972   998.8831      2.151      1.483 0.0000e+00
      1.515      0.011   231.7252     8.4408     87.071 2.2673e+01     15.736     28.268  23.462506     9.0644     3.2837    16.4955   998.8835      2.154      1.485 0.0000e+00
      1.519      0.009   231.2815     8.4380     87.206 2.2458e+01     15.735     28.298  23.486521     8.9732     3.2992    16.4943   998.8837      2.160      1.489 0.0000e+00
      1.522      0.007   231.1371     8.4554     87.156 2.2263e+01     15.735     28.298  23.486615     8.8302     3.3334    16.4942   998.8837      2.165      1.493 0.0000e+00
      1.523      0.006   231.3556     8.4791     86.965 2.2097e+01     15.735     28.270  23.463648     8.7748     3.3549    16.4949   998.8836      2.166      1.494 0.0000e+00
      1.523      0.005   231.5156     8.5082     86.716 2.2027e+01     15.735     28.269  23.462504     8.7902     3.3523    16.4954   998.8835      2.166      1.493 0.0000e+00
      1.524      0.004   231.3503     8.5248     86.469 2.2012e+01     15.736     28.282  23.472788     8.7774     3.3020    16.4948   998.8836      2.168      1.495 0.0000e+00
      1.525      0.004   231.0774     8.5176     86.273 2.1982e+01     15.736     28.269  23.461144     8.6682     3.2273    16.4939   998.8838      2.170      1.496 0.0000e+00
      1.526      0.006   230.8833     8.4951     86.160 2.1969e+01     15.736     28.254  23.448554     8.5095     3.1361    16.4937   998.8838      2.171      1.497 0.0000e+00
      1.528      0.013   230.7244     8.4700     86.155 2.2040e+01     15.736     28.254  23.447410     8.4416     3.1261    16.4940   998.8838      2.173      1.498 0.0000e+00
      1.529      0.026   230.8767     8.4433     86.266 2.2158e+01     15.736     28.254  23.447306     8.4380     3.1751    16.4936   998.8839      2.174      1.499 0.0000e+00
      1.531      0.044   231.1757     8.4237     86.444 2.2208e+01     15.735     28.255  23.447297     8.4282     3.1103    16.4924   998.8840      2.175      1.500 0.0000e+00
      1.539      0.063   231.2428     8.4123     86.648 2.2183e+01     15.735     28.256  23.447296     8.4382     3.0295    16.4910   998.8843      2.184      1.505 0.0000e+00
      1.558      0.078   231.3441     8.4103     86.878 2.2124e+01     15.736     28.257  23.447297     8.4630     3.0560    16.4901   998.8845      2.208      1.522 0.0000e+00
      1.591      0.087   231.4538     8.4245     87.131 2.1951e+01     15.736     28.258  23.447305     8.4705     3.0876    16.4891   998.8848      2.260      1.558 0.0000e+00
      1.628      0.087   231.4503     8.4436     87.320 2.1668e+01     15.736     28.260  23.447400     8.5290     3.0683    16.4879   998.8853      2.323      1.602 0.0000e+00
      1.655      0.080   231.5604     8.4635     87.291 2.1480e+01     15.735     28.261  23.448440     8.6747     3.0630    16.4867   998.8856      2.361      1.628 0.0000e+00
      1.671      0.065   231.5803     8.4854     86.996 2.1431e+01     15.735     28.276  23.459876     8.7728     3.0924    16.4855   998.8858      2.378      1.640 0.0000e+00
      1.681      0.047   231.5186     8.5127     86.532 2.1400e+01     15.735     28.276  23.458828     8.7705     3.1146    16.4838   998.8861      2.392      1.650 0.0000e+00
      1.687      0.032   231.5031     8.5397     86.092 2.1368e+01     15.735     28.248  23.435766     8.5897     3.1255    16.4817   998.8865      2.399      1.654 0.0000e+00
      1.692      0.023   231.4784     8.5383     85.850 2.1343e+01     15.736     28.246  23.434719     8.2566     3.1212    16.4803   998.8868      2.407      1.660 0.0000e+00
      1.696      0.018   231.4789     8.5060     85.797 2.1334e+01     15.737     28.259  23.446164     8.0803     3.1313    16.4790   998.8870      2.414      1.664 0.0000e+00
      1.699      0.015   231.4224     8.4540     85.807 2.1333e+01     15.736     28.260  23.447308     8.0801     3.1445    16.4782   998.8872      2.416      1.666 0.0000e+00
      1.702      0.015   231.4842     8.4023     85.808 2.1277e+01     15.736     28.261  23.448555     8.0725     3.1089    16.4782   998.8872      2.421      1.669 0.0000e+00
      1.705      0.015   231.6235     8.3802     85.846 2.1244e+01     15.736     28.276  23.461247     7.9781     3.0782    16.4788   998.8871      2.427      1.673 0.0000e+00
      1.709      0.016   231.7295     8.3810     86.018 2.1218e+01     15.736     28.291  23.473922     7.8265     3.0828    16.4802   998.8869      2.432      1.676 0.0000e+00
      1.714      0.016   231.9065     8.3841     86.261 2.1147e+01     15.736     28.292  23.474970     7.7560     3.0963    16.4815   998.8867      2.438      1.681 0.0000e+00
      1.719      0.015   231.7843     8.3830     86.384 2.1110e+01     15.735     28.291  23.473924     7.7646     3.1040    16.4821   998.8866      2.446      1.687 0.0000e+00
      1.723      0.014   231.6288     8.3801     86.344 2.1055e+01     15.735     28.276  23.461268     7.7588     3.1071    16.4823   998.8866      2.452      1.691 0.0000e+00
      1.727      0.014   231.7462     8.3987     86.274 2.1000e+01     15.735     28.260  23.448784     7.7523     3.1332    16.4827   998.8866      2.456      1.693 0.0000e+00
      1.729      0.015   231.6553     8.4339     86.329 2.1014e+01     15.735     28.260  23.449823     7.7723     3.1797    16.4824   998.8866      2.461      1.696 0.0000e+00
      1.731      0.018   231.5627     8.4459     86.500 2.0984e+01     15.736     28.288  23.473837     7.7910     3.1886    16.4822   998.8867      2.461      1.697 0.0000e+00
      1.735      0.023   231.6586     8.4369     86.661 2.0868e+01     15.736     28.301  23.485454     7.8452     3.1378    16.4827   998.8866      2.466      1.700 0.0000e+00
      1.742      0.028   231.8685     8.4221     86.744 2.0751e+01     15.736     28.272  23.463440     7.9411     3.0803    16.4835   998.8865      2.477      1.708 0.0000e+00
      1.751      0.033   232.1225     8.4275     86.784 2.0622e+01     15.736     28.268  23.461343     7.9956     3.0777    16.4854   998.8862      2.489      1.716 0.0000e+00
      1.761      0.036   232.0619     8.4517     86.864 2.0461e+01     15.736     28.267  23.460103     8.0182     3.1058    16.4875   998.8859      2.504      1.727 0.0000e+00
      1.772      0.037   231.9094     8.4676     86.916 2.0301e+01     15.735     28.254  23.448450     8.0707     3.1109    16.4888   998.8858      2.520      1.738 0.0000e+00
      1.783      0.036   231.9999     8.4762     86.829 2.0129e+01     15.734     28.254  23.447288     8.1444     3.1055    16.4909   998.8854      2.537      1.749 0.0000e+00
      1.793      0.034   232.2103     8.4721     86.633 1.9982e+01     15.734     28.254  23.446057     8.1844     3.1090    16.4941   998.8850      2.551      1.759 0.0000e+00
      1.799      0.031   232.2160     8.4840     86.394 1.9885e+01     15.735     28.240  23.433564     8.1920     3.1187    16.4945   998.8849      2.559      1.764 0.0000e+00
      1.806      0.027   231.8103     8.4974     86.204 1.9778e+01     15.735     28.229  23.423073     8.1500     3.1203    16.4917   998.8854      2.568      1.770 0.0000e+00
      1.814      0.025   231.5214     8.4835     86.123 1.9684e+01     15.735     28.258  23.446039     8.0391     3.0940    16.4893   998.8858      2.580      1.779 0.0000e+00
      1.820      0.027   231.6475     8.4656     86.135 1.9609e+01     15.736     28.273  23.457570     7.9578     3.0752    16.4875   998.8862      2.590      1.785 0.0000e+00
      1.823      0.031   232.0449     8.4373     86.224 1.9530e+01     15.736     28.247  23.435652     7.9498     3.0984    16.4851   998.8866      2.594      1.788 0.0000e+00
      1.828      0.036   232.4545     8.4167     86.324 1.9468e+01     15.736     28.247  23.434707     7.9607     3.1005    16.4825   998.8870      2.597      1.790 0.0000e+00
      1.838      0.040   232.4697     8.4118     86.380 1.9343e+01     15.736     28.262  23.446152     8.0608     3.0662    16.4805   998.8874      2.610      1.800 0.0000e+00
      1.853      0.041   232.3146     8.4115     86.430 1.9103e+01     15.736     28.264  23.447182     8.2647     3.0609    16.4792   998.8877      2.636      1.817 0.0000e+00
      1.869      0.041   232.2143     8.4239     86.489 1.8902e+01     15.736     28.264  23.447163     8.3844     3.0713    16.4787   998.8879      2.662      1.835 0.0000e+00
      1.882      0.039   232.2040     8.4372     86.490 1.8827e+01     15.736     28.264  23.445926     8.4020     3.0890    16.4782   998.8880      2.680      1.848 0.0000e+00
      1.889      0.034   232.2755     8.4395     86.392 1.8812e+01     15.736     28.248  23.432214     8.3432     3.1034    16.4770   998.8883      2.688      1.854 0.0000e+00
      1.893      0.030   232.2190     8.4433     86.227 1.8788e+01     15.736     28.218  23.408217     8.2082     3.0735    16.4752   998.8886      2.693      1.857 0.0000e+00
      1.898      0.028   232.2090     8.4542     86.084 1.8713e+01     15.736     28.220  23.409464     8.1332     3.0704    16.4730   998.8889      2.699      1.860 0.0000e+00
      1.905      0.029   232.3265     8.4548     85.995 1.8629e+01     15.736     28.266  23.447287     8.1426     3.1339    16.4716   998.8892      2.708      1.867 0.0000e+00
      1.913      0.032   232.5215     8.4453     85.901 1.8522e+01     15.736     28.312  23.485015     8.2068     3.1900    16.4717   998.8893      2.721      1.876 0.0000e+00
      1.922      0.035   232.6739     8.4240     85.781 1.8339e+01     15.736     28.312  23.485109     8.2999     3.1655    16.4730   998.8890      2.732      1.883 0.0000e+00
      1.932      0.036   232.5346     8.4083     85.666 1.8164e+01     15.736     28.268  23.448420     8.3426     3.0772    16.4731   998.8891      2.747      1.894 0.0000e+00
      1.943      0.036   232.7292     8.4039     85.542 1.8030e+01     15.736     28.237  23.421929     8.3414     3.0496    16.4718   998.8894      2.765      1.906 0.0000e+00
      1.953      0.035   233.3064     8.3961     85.403 1.7909e+01     15.736     28.233  23.418491     8.2958     3.1401    16.4712   998.8895      2.780      1.916 0.0000e+00
      1.961      0.033   233.3188     8.3809     85.263 1.7818e+01     15.737     28.219  23.406848     8.2018     3.2108    16.4711   998.8896      2.791      1.924 0.0000e+00
      1.968      0.028   232.9653     8.3717     85.151 1.7725e+01     15.737     28.221  23.407991     8.1385     3.2179    16.4711   998.8896      2.799      1.930 0.0000e+00
      1.976      0.023   232.7315     8.3606     85.201 1.7601e+01     15.737     28.251  23.432308     8.1316     3.2603    16.4707   998.8897      2.811      1.938 0.0000e+00
      1.983      0.019   232.7295     8.3436     85.377 1.7514e+01     15.737     28.269  23.447183     8.1756     3.3111    16.4699   998.8899      2.823      1.947 0.0000e+00
      1.987      0.017   232.9403     8.3354     85.559 1.7482e+01     15.736     28.286  23.461009     8.2504     3.3169    16.4697   998.8899      2.827      1.949 0.0000e+00
      1.988      0.017   233.0433     8.3115     85.775 1.7474e+01     15.736     28.300  23.472644     8.2820     3.2967    16.4693   998.8900      2.827      1.949 0.0000e+00
      1.989      0.018   233.0292     8.3209     86.016 1.7449e+01     15.736     28.286  23.461019     8.2719     3.3414    16.4684   998.8901      2.827      1.949 0.0000e+00
      1.993      0.020   232.9422     8.3463     86.181 1.7345e+01     15.736     28.270  23.447288     8.2714     3.3765    16.4681   998.8902      2.833      1.953 0.0000e+00
      2.002      0.024   232.8514     8.3589     86.280 1.7214e+01     15.735     28.255  23.433461     8.3245     3.3090    16.4678   998.8903      2.848      1.963 0.0000e+00
      2.010      0.029   232.9636     8.3793     86.282 1.7129e+01     15.735     28.240  23.420682     8.4371     3.2803    16.4667   998.8905      2.861      1.972 0.0000e+00
      2.016      0.034   233.2665     8.4117     86.190 1.7027e+01     15.736     28.240  23.419614     8.5071     3.3046    16.4659   998.8907      2.867      1.976 0.0000e+00
      2.023      0.037   233.3301     8.4241     86.241 1.6850e+01     15.737     28.242  23.420549     8.5129     3.3282    16.4649   998.8909      2.875      1.982 0.0000e+00
      2.034      0.038   233.3026     8.4325     86.430 1.6645e+01     15.737     28.256  23.431975     8.6305     3.3596    16.4642   998.8910      2.892      1.994 0.0000e+00
      2.047      0.038   233.4509     8.4440     86.642 1.6459e+01     15.737     28.256  23.430937     8.8525     3.3408    16.4634   998.8912      2.912      2.007 0.0000e+00
      2.059      0.037   233.3151     8.4114     86.876 1.6324e+01     15.737     28.229  23.407989     8.9557     3.2726    16.4619   998.8916      2.931      2.021 0.0000e+00
      2.069      0.036   233.2094     8.4249     87.051 1.6229e+01     15.737     28.230  23.408197     8.9619     3.2563    16.4598   998.8919      2.944      2.029 0.0000e+00
      2.076      0.033   233.2915     8.4504     87.155 1.6113e+01     15.737     28.261  23.433449     8.9470     3.2463    16.4588   998.8921      2.952      2.035 0.0000e+00
      2.083      0.030   233.2754     8.4639     87.188 1.6011e+01     15.736     28.294  23.459639     8.8996     3.1525    16.4582   998.8923      2.964      2.044 0.0000e+00
      2.090      0.030   233.5312     8.4970     87.139 1.5932e+01     15.736     28.309  23.471170     8.8653     3.0490    16.4573   998.8924      2.971      2.050 0.0000e+00
      2.096      0.032   233.8032     8.5102     87.059 1.5827e+01     15.737     28.280  23.446030     8.8472     2.9903    16.4563   998.8926      2.981      2.056 0.0000e+00
      2.104      0.035   233.6392     8.5218     86.956 1.5720e+01     15.737     28.239  23.409342     8.9100     3.0611    16.4548   998.8929      2.993      2.063 0.0000e+00
      2.113      0.038   233.5276     8.5267     86.788 1.5580e+01     15.737     28.241  23.408094     9.0616     3.2179    16.4539   998.8931      3.003      2.070 0.0000e+00
      2.125      0.040   233.6572     8.5188     86.578 1.5398e+01     15.736     28.271  23.430938     9.1351     3.2720    16.4516   998.8936      3.023      2.084 0.0000e+00
      2.137      0.041   233.7437     8.5110     86.391 1.5243e+01     15.736     28.276  23.431863     9.1125     3.2691    16.4482   998.8942      3.043      2.098 0.0000e+00
      2.147      0.041   233.7987     8.5054     86.287 1.5107e+01     15.736     28.265  23.419282     9.0643     3.2520    16.4448   998.8948      3.054      2.106 0.0000e+00
      2.157      0.040   233.8925     8.4878     86.287 1.4957e+01     15.737     28.253  23.405654     9.0100     3.2020    16.4399   998.8957      3.068      2.115 0.0000e+00
      2.167      0.038   234.0174     8.4655     86.335 1.4822e+01     15.737     28.242  23.393925     9.0000     3.1463    16.4348   998.8966      3.082      2.125 0.0000e+00
