Data/DataNotYetUploadedToEDI/Raw_CTD/RawDownloads/102725_bvr50_S8188001.cnv
* Sea-Bird SBE19plus  Data File:
* FileName = C:\R\Reservoirs\Data\DataNotYetUploadedToEDI\Raw_CTD\RawDownloads\102725_bvr50_S8188_0001.hex
* Software version 2.8.0.119
* Temperature SN = 8188
* Conductivity SN = 8188
* System UpLoad Time = Nov 05 2025 17:23:56
* <ApplicationData>
* <Seaterm232>
# nquan = 16
# nvalues = 1588                        
# units = specified
# name 0 = depFM: Depth [fresh water, m]
# name 1 = dz/dtM: Descent Rate [m/s]
# name 2 = sbeox0Mg/L: Oxygen, SBE 43 [mg/l]
# name 3 = sbeox0PS: Oxygen, SBE 43 [% saturation]
# name 4 = specc: Specific Conductance [uS/cm]
# name 5 = c0uS/cm: Conductivity [uS/cm]
# name 6 = wetCDOM: Fluorescence, WET Labs CDOM [mg/m^3]
# name 7 = flECO-AFL: Fluorescence, WET Labs ECO-AFL/FL [mg/m^3]
# name 8 = flECO-AFL1: Fluorescence, WET Labs ECO-AFL/FL, 2 [mg/m^3]
# name 9 = flECO-AFL2: Fluorescence, WET Labs ECO-AFL/FL, 3 [mg/m^3]
# name 10 = par/sat/log: PAR/Logarithmic, Satlantic
# name 11 = turbWETntu0: Turbidity, WET Labs ECO [NTU]
# name 12 = prdM: Pressure, Strain Gauge [db]
# name 13 = prdE: Pressure, Strain Gauge [psi]
# name 14 = tv290C: Temperature [ITS-90, deg C]
# name 15 = flag:  0.000e+00
# span 0 =     -0.618,      5.109       
# span 1 =     -0.254,      0.132       
# span 2 =     3.9231,    10.6302       
# span 3 =     36.344,     98.853       
# span 4 =     12.184,     54.586       
# span 5 =   9.039260,  40.349982       
# span 6 =    -4.5000,    47.7900       
# span 7 =    -0.2769,     1.3100       
# span 8 =    -2.1300,     1.4058       
# span 9 =    -2.0304,     0.5499       
# span 10 = 1.1590e-01, 2.1408e+02      
# span 11 =    -0.9440,    87.0510      
# span 12 =     -0.606,      5.010      
# span 13 =     -0.880,      7.266      
# span 14 =    11.8169,    12.2253      
# span 15 = 0.0000e+00, 0.0000e+00      
# interval = seconds: 0.25
# start_time = Oct 27 2025 10:16:06 [Instrument's time stamp, header]
# bad_flag = -9.990e-29
*END*
[from data line 814]
      1.599      0.017     5.7705     53.894     53.297  39.677514    47.2500     0.9857     1.3206     0.4653 6.9893e-01    51.5206      1.568      2.275    12.2199 0.0000e+00
      1.604      0.016     5.7708     53.924     53.299  39.679020    47.2500     1.0010     1.3206     0.4653 7.1990e-01    51.4904      1.573      2.281    12.2199 0.0000e+00
      1.608      0.015     5.7726     53.939     53.313  39.690073    47.2500     1.0163     1.3206     0.4653 6.6935e-01    51.3091      1.577      2.287    12.2199 0.0000e+00
      1.612      0.014     5.7752     53.932     53.310  39.687717    47.2500     1.0277     1.3206     0.4653 7.1662e-01    51.4451      1.581      2.293    12.2199 0.0000e+00
      1.615      0.012     5.7784     53.905     53.285  39.669332    47.3400     1.0124     1.3206     0.4230 6.8988e-01    51.4753      1.584      2.297    12.2200 0.0000e+00
      1.618      0.011     5.7815     53.858     53.262  39.651932    47.3400     1.0086     1.3206     0.4230 6.8213e-01    51.3545      1.587      2.301    12.2202 0.0000e+00
      1.620      0.011     5.7832     53.794     53.249  39.642832    47.3400     1.0277     1.3206     0.4230 7.4246e-01    51.1581      1.589      2.304    12.2203 0.0000e+00
      1.623      0.010     5.7824     53.732     53.234  39.631636    47.3400     1.0124     1.3206     0.4230 7.1227e-01    51.1732      1.591      2.307    12.2204 0.0000e+00
      1.625      0.011     5.7795     53.687     53.229  39.627314    47.3400     1.0163     1.3206     0.4230 7.1274e-01    51.1883      1.594      2.311    12.2205 0.0000e+00
      1.628      0.011     5.7744     53.667     53.252  39.644654    47.3400     1.0659     1.3632     0.3384 6.7858e-01    51.3847      1.596      2.315    12.2206 0.0000e+00
      1.631      0.012     5.7675     53.675     53.270  39.658391    47.3400     1.0849     1.3632     0.3384 7.0996e-01    51.3243      1.599      2.319    12.2206 0.0000e+00
      1.634      0.013     5.7609     53.704     53.276  39.662225    47.3400     1.0773     1.3632     0.3384 6.6718e-01    51.3545      1.603      2.324    12.2207 0.0000e+00
      1.638      0.014     5.7560     53.744     53.296  39.677105    47.3400     1.0659     1.3632     0.3384 6.4775e-01    51.4451      1.606      2.329    12.2207 0.0000e+00
      1.641      0.014     5.7539     53.790     53.326  39.699029    47.2500     0.8980     1.3206     0.4230 6.4620e-01    51.3847      1.610      2.334    12.2207 0.0000e+00
      1.645      0.014     5.7548     53.838     53.340  39.709932    47.2500     0.8866     1.3206     0.4230 6.2657e-01    51.2940      1.613      2.340    12.2206 0.0000e+00
      1.649      0.013     5.7579     53.874     53.344  39.712721    47.2500     0.8904     1.3206     0.4230 6.3506e-01    51.3545      1.617      2.345    12.2206 0.0000e+00
      1.652      0.013     5.7622     53.894     53.354  39.720096    47.2500     0.8675     1.3206     0.4230 6.2344e-01    51.4149      1.620      2.350    12.2205 0.0000e+00
      1.655      0.013     5.7672     53.907     53.338  39.708120    47.2500     1.0353     1.3632     0.4230 6.2875e-01    51.4149      1.623      2.354    12.2204 0.0000e+00
      1.657      0.014     5.7723     53.912     53.292  39.673600    47.2500     0.9857     1.3632     0.4230 6.1764e-01    51.3847      1.626      2.358    12.2203 0.0000e+00
      1.660      0.015     5.7761     53.913     53.256  39.647181    47.2500     0.9781     1.3632     0.4230 6.4859e-01    51.4904      1.629      2.362    12.2202 0.0000e+00
      1.664      0.017     5.7784     53.913     53.225  39.623811    47.2500     1.0163     1.3632     0.4230 6.3811e-01    51.4602      1.632      2.367    12.2202 0.0000e+00
      1.669      0.018     5.7797     53.911     53.194  39.601243    47.2500     1.0468     1.3632     0.4230 6.0845e-01    51.4300      1.637      2.374    12.2202 0.0000e+00
      1.675      0.019     5.7803     53.911     53.194  39.601353    47.3400     1.0124     1.3206     0.4230 5.9875e-01    51.5206      1.642      2.382    12.2203 0.0000e+00
      1.681      0.019     5.7803     53.919     53.201  39.606239    47.3400     1.0124     1.3206     0.4230 5.8194e-01    51.4300      1.648      2.390    12.2204 0.0000e+00
      1.686      0.017     5.7803     53.933     53.170  39.583331    47.3400     1.0163     1.3206     0.4230 5.6291e-01    51.3998      1.653      2.398    12.2205 0.0000e+00
      1.691      0.015     5.7801     53.945     53.134  39.556408    47.3400     0.9781     1.3206     0.4230 5.8156e-01    51.1128      1.658      2.405    12.2206 0.0000e+00
      1.694      0.012     5.7801     53.953     53.144  39.564118    47.2500     0.9476     1.3206     0.3384 5.4914e-01    51.1430      1.661      2.410    12.2206 0.0000e+00
      1.697      0.009     5.7810     53.955     53.170  39.582614    47.2500     0.9362     1.3206     0.3384 5.7917e-01    51.1883      1.664      2.413    12.2206 0.0000e+00
      1.698      0.007     5.7824     53.950     53.170  39.582956    47.2500     0.9552     1.3206     0.3384 5.5574e-01    51.1581      1.665      2.415    12.2205 0.0000e+00
      1.699      0.005     5.7838     53.939     53.192  39.599108    47.2500     0.9438     1.3206     0.3384 5.8473e-01    51.1128      1.666      2.417    12.2204 0.0000e+00
      1.700      0.004     5.7846     53.921     53.260  39.649325    47.2500     0.9514     1.3206     0.4230 5.7204e-01    51.1430      1.667      2.418    12.2202 0.0000e+00
      1.700      0.004     5.7849     53.904     53.319  39.693199    47.2500     0.9781     1.3206     0.4230 5.9331e-01    51.0825      1.668      2.419    12.2201 0.0000e+00
      1.701      0.004     5.7845     53.895     53.340  39.708556    47.2500     0.9705     1.3206     0.4230 5.2842e-01    51.2034      1.669      2.420    12.2199 0.0000e+00
      1.703      0.005     5.7832     53.891     53.343  39.711449    47.2500     0.9552     1.3206     0.4230 5.7578e-01    51.2336      1.670      2.422    12.2197 0.0000e+00
      1.704      0.006     5.7813     53.887     53.326  39.698663    47.2500     0.9590     1.3632     0.4230 5.6377e-01    51.2185      1.671      2.424    12.2195 0.0000e+00
      1.706      0.008     5.7795     53.881     53.296  39.676750    47.2500     0.9476     1.3632     0.4230 5.4427e-01    51.0977      1.673      2.426    12.2194 0.0000e+00
      1.708      0.009     5.7785     53.876     53.292  39.673742    47.2500     0.9438     1.3632     0.4230 5.6084e-01    51.1732      1.675      2.429    12.2194 0.0000e+00
      1.710      0.010     5.7781     53.873     53.298  39.678873    47.2500     0.9094     1.3632     0.4230 5.9035e-01    51.0674      1.677      2.432    12.2195 0.0000e+00
      1.713      0.012     5.7776     53.875     53.304  39.683549    47.2500     0.8942     1.3632     0.4230 5.3734e-01    51.2789      1.680      2.437    12.2198 0.0000e+00
      1.716      0.013     5.7770     53.882     53.333  39.704957    47.2500     0.8942     1.3206     0.4230 5.4700e-01    51.1883      1.683      2.441    12.2200 0.0000e+00
      1.720      0.014     5.7764     53.890     53.370  39.732864    47.2500     0.8980     1.3206     0.4230 5.1988e-01    51.0977      1.687      2.446    12.2203 0.0000e+00
      1.724      0.014     5.7761     53.900     53.394  39.750804    47.2500     0.9438     1.3206     0.4230 5.0485e-01    51.3545      1.690      2.452    12.2205 0.0000e+00
      1.728      0.014     5.7762     53.910     53.401  39.755590    47.2500     0.9552     1.3206     0.4230 5.3245e-01    51.5508      1.694      2.457    12.2207 0.0000e+00
      1.732      0.014     5.7769     53.913     53.391  39.748497    47.2500     0.9514     1.3206     0.3384 5.3072e-01    51.4602      1.698      2.463    12.2208 0.0000e+00
      1.735      0.013     5.7778     53.905     53.374  39.735604    47.2500     0.9438     1.3206     0.3384 5.4700e-01    51.3696      1.701      2.467    12.2209 0.0000e+00
      1.738      0.013     5.7789     53.891     53.363  39.727422    47.2500     0.9972     1.3206     0.3384 4.9314e-01    51.3545      1.704      2.472    12.2210 0.0000e+00
      1.741      0.013     5.7799     53.878     53.363  39.727747    47.2500     1.0163     1.3206     0.3384 5.3211e-01    51.3545      1.707      2.476    12.2210 0.0000e+00
      1.744      0.013     5.7802     53.872     53.375  39.736664    47.2500     1.0086     1.3632     0.4230 5.1639e-01    51.4149      1.710      2.481    12.2210 0.0000e+00
      1.748      0.014     5.7794     53.873     53.377  39.738618    47.2500     0.9781     1.3632     0.4230 5.1976e-01    51.4602      1.714      2.486    12.2211 0.0000e+00
      1.751      0.014     5.7778     53.880     53.353  39.720183    47.2500     1.1002     1.3632     0.4230 4.8665e-01    51.3394      1.717      2.491    12.2211 0.0000e+00
      1.755      0.015     5.7765     53.883     53.350  39.718287    47.2500     1.0811     1.3632     0.4230 4.6352e-01    51.4300      1.721      2.496    12.2211 0.0000e+00
      1.759      0.015     5.7758     53.880     53.369  39.732422    47.3400     1.0620     1.3206     0.3384 5.0463e-01    51.3696      1.725      2.502    12.2212 0.0000e+00
      1.763      0.015     5.7760     53.876     53.364  39.728501    47.3400     1.0735     1.3206     0.3384 4.8559e-01    51.4904      1.728      2.507    12.2212 0.0000e+00
      1.767      0.015     5.7766     53.868     53.362  39.727397    47.3400     1.0163     1.3206     0.3384 4.8296e-01    51.4149      1.732      2.513    12.2212 0.0000e+00
      1.771      0.016     5.7770     53.858     53.380  39.740769    47.3400     1.0048     1.3206     0.3384 4.8622e-01    51.3998      1.736      2.519    12.2212 0.0000e+00
      1.775      0.016     5.7767     53.849     53.390  39.748273    47.3400     1.0048     1.3206     0.3384 4.8055e-01    51.3243      1.740      2.524    12.2212 0.0000e+00
      1.779      0.016     5.7762     53.843     53.376  39.737963    47.3400     1.0124     1.3206     0.3807 4.8045e-01    51.4149      1.744      2.530    12.2212 0.0000e+00
      1.783      0.016     5.7754     53.836     53.337  39.709082    47.3400     0.9552     1.3206     0.3807 4.6900e-01    51.4602      1.748      2.536    12.2213 0.0000e+00
      1.787      0.016     5.7743     53.819     53.295  39.677839    47.3400     0.9400     1.3206     0.3807 4.7227e-01    51.3545      1.752      2.542    12.2213 0.0000e+00
      1.792      0.016     5.7734     53.786     53.268  39.657821    47.3400     0.9629     1.3206     0.3807 4.6838e-01    51.3847      1.757      2.548    12.2214 0.0000e+00
      1.796      0.015     5.7727     53.740     53.260  39.651658    47.3400     0.9590     1.3206     0.3807 4.4944e-01    51.5055      1.761      2.554    12.2214 0.0000e+00
      1.799      0.014     5.7719     53.698     53.290  39.673649    47.3400     0.9438     1.3206     0.3807 4.2967e-01    51.3696      1.765      2.560    12.2214 0.0000e+00
      1.803      0.013     5.7701     53.670     53.336  39.707738    47.3400     0.9667     1.3206     0.3807 4.3702e-01    51.3545      1.768      2.565    12.2215 0.0000e+00
      1.806      0.013     5.7666     53.655     53.343  39.713203    47.3400     0.9629     1.3206     0.3807 4.4304e-01    51.5508      1.771      2.569    12.2215 0.0000e+00
      1.809      0.013     5.7617     53.651     53.322  39.697479    47.3400     0.9590     1.3206     0.4230 4.4993e-01    51.4602      1.774      2.573    12.2215 0.0000e+00
      1.812      0.013     5.7571     53.653     53.307  39.686261    47.3400     0.9476     1.3206     0.4230 4.3749e-01    51.3394      1.777      2.577    12.2215 0.0000e+00
      1.815      0.013     5.7541     53.665     53.321  39.696484    47.3400     0.9590     1.3206     0.4230 4.4739e-01    51.4602      1.780      2.582    12.2215 0.0000e+00
      1.819      0.014     5.7526     53.691     53.354  39.720909    47.3400     0.9514     1.3206     0.4230 4.2734e-01    51.3998      1.783      2.587    12.2214 0.0000e+00
      1.822      0.015     5.7521     53.733     53.379  39.740149    47.2500     0.9590     1.3206     0.5076 4.2016e-01    51.4602      1.787      2.592    12.2214 0.0000e+00
      1.826      0.016     5.7524     53.780     53.400  39.755349    47.2500     1.0811     1.3206     0.5076 4.2475e-01    51.6717      1.791      2.598    12.2214 0.0000e+00
      1.830      0.017     5.7536     53.827     53.420  39.770561    47.2500     1.0620     1.3206     0.5076 4.5169e-01    51.6717      1.795      2.604    12.2214 0.0000e+00
      1.835      0.018     5.7565     53.868     53.460  39.799806    47.2500     1.0544     1.3206     0.5076 4.0046e-01    51.6113      1.799      2.610    12.2214 0.0000e+00
      1.839      0.019     5.7609     53.907     53.491  39.822985    47.2500     1.0582     1.3206     0.5076 4.2457e-01    51.6113      1.804      2.616    12.2213 0.0000e+00
      1.844      0.020     5.7660     53.945     53.442  39.786503    47.2500     0.9934     1.3206     0.3384 3.9330e-01    51.4149      1.808      2.623    12.2213 0.0000e+00
      1.850      0.022     5.7710     53.977     53.353  39.720482    47.2500     1.0277     1.3206     0.3384 4.0378e-01    51.4300      1.814      2.631    12.2213 0.0000e+00
      1.855      0.023     5.7755     53.999     53.310  39.689012    47.2500     1.0086     1.3206     0.3384 4.2837e-01    51.4904      1.819      2.639    12.2214 0.0000e+00
      1.862      0.023     5.7797     54.010     53.303  39.683699    47.2500     0.9934     1.3206     0.3384 3.9347e-01    51.3243      1.825      2.648    12.2214 0.0000e+00
      1.868      0.023     5.7837     54.016     53.316  39.693167    47.3400     0.9514     1.3206     0.4230 3.8812e-01    51.2185      1.832      2.657    12.2215 0.0000e+00
      1.874      0.023     5.7872     54.017     53.346  39.715953    47.3400     0.9514     1.3206     0.4230 3.7243e-01    51.1581      1.838      2.665    12.2215 0.0000e+00
      1.880      0.022     5.7895     54.006     53.360  39.726254    47.3400     0.9514     1.3206     0.4230 3.6205e-01    51.1732      1.843      2.674    12.2216 0.0000e+00
      1.886      0.021     5.7907     53.980     53.326  39.700913    47.3400     0.9590     1.3206     0.4230 3.4854e-01    51.1430      1.849      2.682    12.2216 0.0000e+00
      1.891      0.020     5.7913     53.942     53.265  39.655090    47.3400     0.9590     1.3206     0.4653 3.4628e-01    51.2789      1.854      2.690    12.2216 0.0000e+00
      1.896      0.019     5.7913     53.898     53.234  39.632358    47.3400     0.9705     1.3206     0.4653 3.9177e-01    51.1883      1.859      2.697    12.2216 0.0000e+00
      1.900      0.018     5.7901     53.857     53.256  39.648573    47.3400     0.9400     1.3206     0.4653 3.5798e-01    51.1279      1.863      2.703    12.2216 0.0000e+00
      1.904      0.018     5.7874     53.824     53.290  39.674184    47.3400     0.9285     1.3206     0.4653 3.7218e-01    51.2185      1.867      2.708    12.2217 0.0000e+00
      1.908      0.018     5.7833     53.807     53.285  39.670194    47.3400     1.0086     1.3206     0.4653 3.6960e-01    51.4149      1.871      2.714    12.2217 0.0000e+00
      1.913      0.019     5.7786     53.805     53.268  39.657455    47.3400     1.0201     1.3206     0.4230 3.4261e-01    51.3545      1.876      2.720    12.2216 0.0000e+00
      1.918      0.020     5.7742     53.810     53.285  39.670430    47.3400     1.0086     1.3206     0.4230 3.2747e-01    51.4904      1.881      2.728    12.2216 0.0000e+00
      1.923      0.021     5.7707     53.820     53.291  39.674720    47.3400     1.0201     1.3206     0.4230 3.4179e-01    51.3394      1.886      2.736    12.2216 0.0000e+00
