Data/DataNotYetUploadedToEDI/Raw_CTD/RawDownloads/102725_bvr50_S8188001.cnv
* Sea-Bird SBE19plus  Data File:
* FileName = C:\R\Reservoirs\Data\DataNotYetUploadedToEDI\Raw_CTD\RawDownloads\102725_bvr50_S8188_0001.hex
* Software version 2.8.0.119
* Temperature SN = 8188
* Conductivity SN = 8188
* System UpLoad Time = Nov 05 2025 17:23:56
* <ApplicationData>
* <Seaterm232>
# nquan = 16
# nvalues = 1588                        
# units = specified
# name 0 = depFM: Depth [fresh water, m]
# name 1 = dz/dtM: Descent Rate [m/s]
# name 2 = sbeox0Mg/L: Oxygen, SBE 43 [mg/l]
# name 3 = sbeox0PS: Oxygen, SBE 43 [% saturation]
# name 4 = specc: Specific Conductance [uS/cm]
# name 5 = c0uS/cm: Conductivity [uS/cm]
# name 6 = wetCDOM: Fluorescence, WET Labs CDOM [mg/m^3]
# name 7 = flECO-AFL: Fluorescence, WET Labs ECO-AFL/FL [mg/m^3]
# name 8 = flECO-AFL1: Fluorescence, WET Labs ECO-AFL/FL, 2 [mg/m^3]
# name 9 = flECO-AFL2: Fluorescence, WET Labs ECO-AFL/FL, 3 [mg/m^3]
# name 10 = par/sat/log: PAR/Logarithmic, Satlantic
# name 11 = turbWETntu0: Turbidity, WET Labs ECO [NTU]
# name 12 = prdM: Pressure, Strain Gauge [db]
# name 13 = prdE: Pressure, Strain Gauge [psi]
# name 14 = tv290C: Temperature [ITS-90, deg C]
# name 15 = flag:  0.000e+00
# span 0 =     -0.618,      5.109       
# span 1 =     -0.254,      0.132       
# span 2 =     3.9231,    10.6302       
# span 3 =     36.344,     98.853       
# span 4 =     12.184,     54.586       
# span 5 =   9.039260,  40.349982       
# span 6 =    -4.5000,    47.7900       
# span 7 =    -0.2769,     1.3100       
# span 8 =    -2.1300,     1.4058       
# span 9 =    -2.0304,     0.5499       
# span 10 = 1.1590e-01, 2.1408e+02      
# span 11 =    -0.9440,    87.0510      
# span 12 =     -0.606,      5.010      
# span 13 =     -0.880,      7.266      
# span 14 =    11.8169,    12.2253      
# span 15 = 0.0000e+00, 0.0000e+00      
# interval = seconds: 0.25
# start_time = Oct 27 2025 10:16:06 [Instrument's time stamp, header]
# bad_flag = -9.990e-29
*END*
[from data line 1537]
      1.076     -0.140     5.7783     54.018     53.269  39.649614    47.7000     0.7111     1.3206     0.4653 2.6695e+00    51.4904      1.055      1.530    12.2133 0.0000e+00
      1.043     -0.141     5.7818     54.035     53.269  39.649968    47.7000     0.8141     1.3206     0.4653 2.4831e+00    51.2336      1.023      1.484    12.2133 0.0000e+00
      1.011     -0.145     5.7857     54.029     53.280  39.658100    47.7000     0.8332     1.3206     0.4653 2.3863e+00    51.1883      0.992      1.439    12.2133 0.0000e+00
      0.977     -0.153     5.7894     53.995     53.291  39.666215    47.7900     0.8179     1.3632     0.4653 2.4234e+00    51.0825      0.958      1.390    12.2134 0.0000e+00
      0.938     -0.164     5.7925     53.940     53.280  39.658544    47.7900     0.8713     1.3632     0.4653 2.7412e+00    51.1581      0.920      1.334    12.2136 0.0000e+00
      0.893     -0.175     5.7943     53.873     53.270  39.650975    47.7900     0.7302     1.3632     0.4653 3.2973e+00    51.3696      0.876      1.270    12.2137 0.0000e+00
      0.844     -0.184     5.7936     53.798     53.271  39.651453    47.7900     0.6920     1.3632     0.4653 4.1199e+00    51.4904      0.827      1.200    12.2139 0.0000e+00
      0.792     -0.190     5.7900     53.713     53.266  39.648149    47.7000     0.6996     1.3206     0.3384 4.9741e+00    51.3998      0.777      1.127    12.2140 0.0000e+00
      0.741     -0.191     5.7841     53.621     53.270  39.652139    47.7000     0.7302     1.3206     0.3384 5.4293e+00    51.3847      0.727      1.055    12.2140 0.0000e+00
      0.692     -0.189     5.7769     53.531     53.273  39.654522    47.7000     0.7378     1.3206     0.3384 5.6754e+00    51.4451      0.679      0.985    12.2142 0.0000e+00
      0.645     -0.182     5.7688     53.457     53.229  39.622061    47.7000     0.6958     1.3206     0.3384 6.5805e+00    51.3847      0.632      0.917    12.2144 0.0000e+00
      0.597     -0.172     5.7596     53.406     53.177  39.583959    47.7900     0.7035     1.3206     0.4653 8.4212e+00    51.5206      0.586      0.850    12.2147 0.0000e+00
      0.552     -0.161     5.7497     53.380     53.166  39.575883    47.7900     0.6996     1.3206     0.4653 1.0702e+01    51.3696      0.542      0.786    12.2149 0.0000e+00
      0.512     -0.150     5.7400     53.382     53.182  39.587710    47.7900     0.8560     1.3206     0.4653 1.1297e+01    51.4451      0.502      0.728    12.2152 0.0000e+00
      0.477     -0.139     5.7320     53.413     53.202  39.602668    47.7900     0.8141     1.3206     0.4653 1.0994e+01    51.3998      0.467      0.678    12.2155 0.0000e+00
      0.446     -0.131     5.7266     53.464     53.215  39.612791    47.7900     0.8522     1.3632     0.4653 1.0805e+01    51.4451      0.437      0.634    12.2158 0.0000e+00
      0.416     -0.124     5.7238     53.517     53.226  39.620779    47.7900     0.8255     1.3632     0.4653 1.1059e+01    51.4451      0.408      0.592    12.2160 0.0000e+00
      0.386     -0.118     5.7239     53.562     53.242  39.632746    47.7900     0.7454     1.3632     0.4653 1.2050e+01    51.1581      0.379      0.550    12.2162 0.0000e+00
      0.355     -0.111     5.7272     53.592     53.254  39.641921    47.7900     0.7149     1.3632     0.4653 1.6116e+01    51.1581      0.348      0.505    12.2164 0.0000e+00
      0.323     -0.103     5.7326     53.605     53.236  39.628833    47.7900     0.7263     1.3632     0.4653 2.4679e+01    51.1883      0.317      0.460    12.2166 0.0000e+00
      0.295     -0.091     5.7383     53.608     53.223  39.619880    47.7900     0.6691     1.3206     0.5076 2.5232e+01    51.2638      0.289      0.419    12.2168 0.0000e+00
      0.273     -0.078     5.7431     53.609     53.248  39.638577    47.7900     0.8370     1.3206     0.5076 2.5961e+01    51.1581      0.267      0.388    12.2169 0.0000e+00
      0.256     -0.065     5.7463     53.615     53.274  39.658030    47.7900     0.8560     1.3206     0.5076 2.4190e+01    51.1883      0.252      0.365    12.2171 0.0000e+00
      0.245     -0.054     5.7477     53.634     53.281  39.663500    47.7900     0.8370     1.3206     0.5076 2.4180e+01    51.1883      0.240      0.348    12.2174 0.0000e+00
      0.235     -0.047     5.7480     53.668     53.282  39.664418    47.7000     0.8217     1.3206     0.4653 2.3359e+01    51.1128      0.231      0.335    12.2176 0.0000e+00
      0.226     -0.045     5.7481     53.712     53.293  39.672982    47.7000     0.7073     1.3206     0.4653 2.3242e+01    51.3545      0.222      0.322    12.2180 0.0000e+00
      0.217     -0.048     5.7487     53.753     53.299  39.677528    47.7000     0.7073     1.3206     0.4653 2.2837e+01    51.3545      0.213      0.309    12.2182 0.0000e+00
      0.206     -0.056     5.7507     53.782     53.277  39.661337    47.7000     0.7187     1.3206     0.4653 2.2143e+01    51.4149      0.202      0.293    12.2184 0.0000e+00
      0.193     -0.070     5.7544     53.794     53.246  39.638022    47.7000     0.7073     1.3206     0.5076 2.0858e+01    51.4300      0.189      0.274    12.2185 0.0000e+00
      0.176     -0.088     5.7590     53.785     53.231  39.627271    47.7000     0.8522     1.3206     0.5076 2.0058e+01    51.4451      0.172      0.250    12.2185 0.0000e+00
      0.154     -0.109     5.7634     53.760     53.216  39.616253    47.7000     0.8103     1.3206     0.5076 2.1363e+01    51.3545      0.151      0.218    12.2185 0.0000e+00
      0.124     -0.133     5.7666     53.724     53.143  39.562180    47.7000     0.8217     1.3206     0.5076 2.5535e+01    51.4149      0.122      0.177    12.2185 0.0000e+00
      0.087     -0.157     5.7679     53.684     52.988  39.446647    47.1600     0.7988     1.2780     0.3807 3.3819e+01    51.4602      0.086      0.124    12.2186 0.0000e+00
      0.043     -0.179     5.7669     53.648     52.751  39.270726    47.1600     0.7149     1.2780     0.3807 4.5954e+01    51.4451      0.042      0.061    12.2187 0.0000e+00
     -0.007     -0.197     5.7641     53.620     52.394  39.005438    47.1600     0.7073     1.2780     0.3807 7.1170e+01    51.3545     -0.007     -0.010    12.2188 0.0000e+00
     -0.062     -0.210     5.7603     53.601     51.843  38.595980    47.1600     0.6996     1.2780     0.3807 1.8632e+02    51.3243     -0.061     -0.088    12.2189 0.0000e+00
     -0.118     -0.218     5.7560     53.585     50.952  37.933162    47.1600     0.7492     1.2780     0.3807 1.8459e+02    51.3545     -0.116     -0.168    12.2191 0.0000e+00
     -0.174     -0.223     5.7521     53.568     49.457  36.820308    47.7000     0.7035     1.3206     0.4230 1.6970e+02    51.4149     -0.170     -0.247    12.2193 0.0000e+00
     -0.228     -0.224     5.7491     53.555     46.934  34.942725    47.7000     0.7225     1.3206     0.4230 1.4767e+02    51.4602     -0.224     -0.324    12.2196 0.0000e+00
     -0.282     -0.223     5.7470     53.561     42.710  31.797730    47.7000     0.7035     1.3206     0.4230 1.7491e+02    51.3847     -0.276     -0.401    12.2198 0.0000e+00
     -0.335     -0.221     5.7453     53.597     35.721  26.592488    47.7000     0.6767     1.3206     0.4230 1.6970e+02    51.4149     -0.328     -0.476    12.2197 0.0000e+00
     -0.386     -0.218     5.7436     53.661     26.925  20.041466    47.7900     0.3372     1.3206     0.5076 1.4938e+02    29.3293     -0.378     -0.548    12.2189 0.0000e+00
     -0.435     -0.212     5.7425     53.753     19.652  14.622540    47.7900     0.2991     1.3206     0.5076 1.2346e+02    29.4955     -0.426     -0.618    12.2169 0.0000e+00
     -0.481     -0.205     5.7438     53.871     15.138  11.255705    47.7900     0.2991     1.3206     0.5076 1.0783e+02    29.4199     -0.471     -0.684    12.2128 0.0000e+00
     -0.521     -0.197     5.7488     54.005     12.724   9.450937    47.7900     0.3029     1.3206     0.5076 9.9650e+01    29.4199     -0.511     -0.741    12.2053 0.0000e+00
     -0.554     -0.191     5.7575     54.122     12.184   9.039260    27.2700    -0.2769     0.6816     0.1269 7.7785e+01    -0.9138     -0.543     -0.788    12.1920 0.0000e+00
     -0.579     -0.188     5.7703     54.171     12.371   9.172704    27.2700    -0.2655     0.6816     0.1269 6.4330e+01    -0.9440     -0.567     -0.824    12.1708 0.0000e+00
     -0.597 -9.990e-29     5.7868 -9.990e-29 -9.990e-29 -9.990e-29    27.2700 -9.990e-29     0.6816     0.1269 5.8515e+01 -9.990e-29     -0.585     -0.850    12.1419 0.0000e+00
     -0.609 -9.990e-29     5.8057 -9.990e-29 -9.990e-29 -9.990e-29    27.2700 -9.990e-29     0.6816     0.1269 5.8325e+01 -9.990e-29     -0.597     -0.867    12.1079 0.0000e+00
     -0.616 -9.990e-29     5.8225 -9.990e-29 -9.990e-29 -9.990e-29    27.2700 -9.990e-29     0.6816     0.1269 6.5387e+01 -9.990e-29     -0.604     -0.877    12.0766 0.0000e+00
     -0.618 -9.990e-29     5.8296 -9.990e-29 -9.990e-29 -9.990e-29     2.8800 -9.990e-29    -0.0426    -0.1692 6.6882e+01 -9.990e-29     -0.606     -0.880    12.0631 0.0000e+00
