Data/DataNotYetUploadedToEDI/Raw_CTD/RawDownloads/102725_fcr50_S7809001.cnv
* Sea-Bird SBE19plus  Data File:
* FileName = C:\R\Reservoirs\Data\DataNotYetUploadedToEDI\Raw_CTD\RawDownloads\102725_fcr50_S7809_0001.hex
* Software version 2.8.0.119
* Temperature SN = 7809
* Conductivity SN = 7809
* System UpLoad Time = Nov 13 2025 15:21:10
* <ApplicationData>
* <Seaterm232>
# nquan = 15
# nvalues = 1076                        
# units = specified
# name 0 = depFM: Depth [fresh water, m]
# name 1 = dz/dtM: Descent Rate [m/s]
# name 2 = sbeox0Mg/L: Oxygen, SBE 43 [mg/l]
# name 3 = sbeox0PS: Oxygen, SBE 43 [% saturation]
# name 4 = specc: Specific Conductance [uS/cm]
# name 5 = c0uS/cm: Conductivity [uS/cm]
# name 6 = flECO-AFL: Fluorescence, WET Labs ECO-AFL/FL [mg/m^3]
# name 7 = ph: pH
# name 8 = orp: Oxidation Reduction Potential [mV]
# name 9 = par/sat/log: PAR/Logarithmic, Satlantic
# name 10 = turbWETntu0: Turbidity, WET Labs ECO [NTU]
# name 11 = prdM: Pressure, Strain Gauge [db]
# name 12 = prdE: Pressure, Strain Gauge [psi]
# name 13 = tv290C: Temperature [ITS-90, deg C]
# name 14 = flag:  0.000e+00
# span 0 =     -0.581,      9.658       
# span 1 =     -1.410,      0.111       
# span 2 =    -0.0186,    10.3306       
# span 3 =     -0.161,     91.546       
# span 4 =    -55.775,    405.175       
# span 5 = -39.059052, 305.111373       
# span 6 =    -0.0835,     4.1763       
# span 7 =      6.999,      7.911       
# span 8 = -1240.7455,    41.6269       
# span 9 = 1.2369e-01, 2.1867e+02       
# span 10 =    -0.2121,   118.6404      
# span 11 =     -0.570,      9.472      
# span 12 =     -0.827,     13.738      
# span 13 =    10.0102,    13.4920      
# span 14 = 0.0000e+00, 0.0000e+00      
# interval = seconds: 0.25
# start_time = Oct 27 2025 10:54:28 [Instrument's time stamp, header]
# bad_flag = -9.990e-29
*END*
[from data line 868]
      8.826      0.053     0.0075      0.130    158.998 119.954354     0.5754      7.331  -224.2849 1.2378e-01    12.3481      8.656     12.554    12.7270 0.0000e+00
      8.839      0.056     0.0094      0.128    159.924 120.638422     0.5737      7.332  -224.0760 1.2384e-01    12.0907      8.668     12.572    12.7273 0.0000e+00
      8.854      0.060     0.0095      0.125    160.623 121.155318     0.5736      7.332  -223.5766 1.2389e-01    12.0956      8.681     12.592    12.7266 0.0000e+00
      8.872      0.063     0.0132      0.112    161.238 121.616321     0.5901      7.332  -223.2369 1.2389e-01    12.1346      8.700     12.618    12.7244 0.0000e+00
      8.891      0.063     0.0146      0.088    161.504 121.815657     0.6155      7.331  -222.6360 1.2391e-01    12.1172      8.720     12.647    12.7193 0.0000e+00
      8.908      0.062     0.0129      0.063    161.381 121.717569     0.6220      7.331  -221.5603 1.2388e-01    12.0568      8.738     12.673    12.7134 0.0000e+00
      8.923      0.061     0.0142      0.044    161.375 121.704759     0.6280      7.331  -220.6408 1.2383e-01    12.0190      8.752     12.693    12.7101 0.0000e+00
      8.937      0.058     0.0121      0.044    161.914 122.106809     0.6372      7.331  -219.9501 1.2384e-01    11.8310      8.765     12.712    12.7101 0.0000e+00
      8.950      0.056     0.0095      0.064    162.690 122.691639     0.6332      7.331  -219.5771 1.2381e-01    11.4915      8.777     12.730    12.7107 0.0000e+00
      8.965      0.056     0.0062      0.068    162.810 122.785873     0.6133      7.331  -219.3999 1.2375e-01    11.3304      8.792     12.752    12.7084 0.0000e+00
      8.979      0.057     0.0042      0.057    161.980 122.162843     0.6048      7.331  -219.2695 1.2375e-01    11.2839      8.806     12.772    12.7052 0.0000e+00
      8.994      0.060     0.0032      0.082    161.818 122.040741     0.6474      7.331  -219.2060 1.2383e-01    11.0659      8.819     12.791    12.7039 0.0000e+00
      9.009      0.063     0.0075      0.107    163.978 123.667232     0.6952      7.331  -219.1478 1.2386e-01    10.6759      8.834     12.813    12.7038 0.0000e+00
      9.025      0.068     0.0096      0.097    167.788 126.534023     0.7085      7.331  -219.0819 1.2382e-01    10.4274      8.850     12.836    12.7052 0.0000e+00
      9.043      0.072     0.0023      0.095    171.557 129.361578     0.7175      7.331  -218.5815 1.2379e-01    10.3851      8.867     12.861    12.7068 0.0000e+00
      9.062      0.074     0.0091      0.109    173.782 131.020288     0.8031      7.331  -217.8292 1.2378e-01    10.2326      8.886     12.887    12.7062 0.0000e+00
      9.082      0.071     0.0143      0.105    173.910 131.099062     0.9530      7.331  -217.2129 1.2378e-01     9.9146      8.904     12.915    12.7057 0.0000e+00
      9.105      0.065     0.0088      0.087    173.307 130.632856     1.0404      7.331  -216.7221 1.2378e-01     9.7178      8.928     12.950    12.7046 0.0000e+00
      9.126      0.056     0.0092      0.068    173.367 130.674713     1.0765      7.331  -216.2837 1.2378e-01     9.6982      8.953     12.986    12.6999 0.0000e+00
      9.139      0.046     0.0128      0.050    173.497 130.776418     1.1320      7.331  -215.6123 1.2381e-01     9.6090      8.967     13.005    12.6935 0.0000e+00
      9.144      0.036     0.0121      0.054    173.069 130.460048     1.2117      7.332  -214.9709 1.2381e-01     9.4253      8.968     13.006    12.6878 0.0000e+00
      9.147      0.028     0.0084      0.066    173.599 130.865707     1.2582      7.332  -214.4646 1.2381e-01     9.3214      8.969     13.009    12.6844 0.0000e+00
      9.152      0.024     0.0081      0.047    176.096 132.748484     1.2536      7.332  -213.9650 1.2386e-01     9.2751      8.975     13.018    12.6836 0.0000e+00
      9.157      0.025     0.0040      0.020    178.828 134.799477     1.2716      7.332  -213.3181 1.2390e-01     8.9680      8.980     13.024    12.6850 0.0000e+00
      9.162      0.028     0.0047      0.007    180.557 136.090458     1.3351      7.331  -212.5796 1.2387e-01     8.4093      8.985     13.030    12.6871 0.0000e+00
      9.170      0.033     0.0096      0.009    182.635 137.645422     1.3809      7.331  -211.9192 1.2384e-01     8.1219      8.992     13.042    12.6892 0.0000e+00
      9.181      0.039     0.0049      0.013    186.725 140.718682     1.3927      7.332  -211.2706 1.2383e-01     8.1237      9.004     13.059    12.6901 0.0000e+00
      9.192      0.044     0.0012     -0.003    191.737 144.484480     1.5435      7.332  -210.8460 1.2386e-01     7.9524      9.015     13.074    12.6872 0.0000e+00
      9.202      0.048     0.0006     -0.002    194.686 146.691544     1.8308      7.332  -210.3994 1.2389e-01     7.5887      9.022     13.085    12.6827 0.0000e+00
      9.215      0.050    -0.0000      0.033    195.275 147.118274     1.9949      7.332  -209.7420 1.2391e-01     7.4154      9.035     13.104    12.6801 0.0000e+00
      9.231      0.050     0.0037      0.053    195.596 147.347322     2.0460      7.332  -208.9203 1.2394e-01     7.4619      9.053     13.130    12.6781 0.0000e+00
      9.247      0.050    -0.0013      0.047    197.054 148.440090     2.3077      7.332  -208.2076 1.2395e-01     7.5359      9.070     13.155    12.6752 0.0000e+00
      9.259      0.051    -0.0028      0.045    200.050 150.696222     2.7702      7.333  -207.6639 1.2392e-01     7.6266      9.082     13.173    12.6711 0.0000e+00
      9.269      0.051     0.0050      0.048    203.442 153.249521     3.0271      7.333  -206.7347 1.2386e-01     7.6701      9.089     13.183    12.6660 0.0000e+00
      9.279      0.051     0.0069      0.038    206.361 155.444912     3.0915      7.333  -205.3184 1.2383e-01     7.6524      9.098     13.195    12.6624 0.0000e+00
      9.292      0.052     0.0045      0.031    209.714 157.965883     3.3495      7.332  -203.7901 1.2382e-01     7.7548      9.112     13.216    12.6614 0.0000e+00
      9.308      0.054     0.0038      0.029    213.087 160.495295     3.7987      7.331  -202.6249 1.2380e-01     7.9854      9.128     13.240    12.6619 0.0000e+00
      9.324      0.054     0.0069      0.026    215.476 162.280156     4.0536      7.331  -201.8986 1.2382e-01     8.1171      9.145     13.263    12.6612 0.0000e+00
      9.339      0.053     0.0031      0.031    217.820 164.032306     4.0845      7.331  -201.2895 1.2391e-01     8.3234      9.158     13.283    12.6602 0.0000e+00
      9.352      0.053     0.0030      0.040    221.001 166.419645     4.1149      7.331  -200.7665 1.2401e-01    10.7192      9.172     13.303    12.6599 0.0000e+00
      9.363      0.052     0.0038      0.051    224.163 168.794658     4.1624      7.331  -200.6514 1.2392e-01    15.1539      9.182     13.317    12.6570 0.0000e+00
      9.373      0.052     0.0016      0.053    226.041 170.204268     4.1763      7.331  -200.3278 1.2377e-01    17.7746      9.190     13.329    12.6527 0.0000e+00
      9.387      0.051     0.0037      0.033    226.606 170.625438     4.1238      7.332  -199.3485 1.2378e-01    20.2362      9.205     13.351    12.6498 0.0000e+00
      9.404      0.048     0.0039      0.008    226.444 170.501708     3.5773      7.333  -198.0179 1.2380e-01    45.3279      9.224     13.378    12.6481 0.0000e+00
      9.419      0.043     0.0055     -0.008    225.842 170.049622     2.5713      7.333  -196.6285 1.2379e-01    91.3989      9.238     13.398    12.6471 0.0000e+00
      9.430      0.038     0.0072     -0.008    224.689 169.183319     2.0148      7.332  -195.3692 1.2385e-01   116.5354      9.247     13.411    12.6458 0.0000e+00
      9.438      0.034     0.0030      0.002    225.421 169.735479     1.9517      7.332  -194.2353 1.2390e-01   118.6404      9.256     13.425    12.6447 0.0000e+00
      9.443      0.033     0.0010      0.018    238.346 179.471705     1.8917      7.332  -193.2429 1.2391e-01   116.6791      9.261     13.432    12.6443 0.0000e+00
      9.447      0.035    -0.0019      0.034    283.751 213.663896     1.4214      7.331  -191.9747 1.2386e-01    93.5392      9.262     13.435    12.6449 0.0000e+00
      9.453      0.039    -0.0010      0.035    348.918 262.731771     0.5774      7.331  -190.8619 1.2376e-01    51.1926      9.268     13.442    12.6456 0.0000e+00
      9.465      0.041     0.0003      0.024    388.490 292.526756     0.1010      7.332  -190.4574 1.2373e-01    27.9733      9.280     13.460    12.6454 0.0000e+00
      9.482      0.042     0.0014      0.024    399.155 300.558701     0.0393      7.332  -190.3529 1.2379e-01    25.2680      9.299     13.487    12.6464 0.0000e+00
      9.498      0.041     0.0047      0.040    402.275 302.912183     0.0228      7.332  -190.4584 1.2379e-01    18.9270      9.316     13.511    12.6474 0.0000e+00
      9.508      0.038     0.0041      0.038    403.814 304.076386     0.0017      7.332  -193.6254 1.2374e-01     7.6004      9.326     13.526    12.6466 0.0000e+00
      9.514      0.033     0.0028      0.030    405.108 305.055885    -0.0246      7.332  -202.5746 1.2384e-01     1.4209      9.330     13.532    12.6459 0.0000e+00
      9.519      0.030     0.0004      0.027    405.175 305.111373    -0.0535      7.332  -214.1717 1.2392e-01     0.7445      9.334     13.537    12.6462 0.0000e+00
      9.525      0.029     0.0066      0.013    403.490 303.847143    -0.0730      7.331  -224.4033 1.2384e-01     0.4125      9.340     13.546    12.6468 0.0000e+00
      9.531      0.030     0.0038      0.008    400.928 301.921230    -0.0774      7.331  -232.6736 1.2378e-01     0.1400      9.347     13.556    12.6474 0.0000e+00
      9.540      0.030     0.0022      0.011    397.884 299.632741    -0.0743      7.331  -239.1412 1.2379e-01     0.0120      9.355     13.568    12.6482 0.0000e+00
      9.551      0.030     0.0046      0.013    394.814 297.325289    -0.0677      7.331  -243.8379 1.2384e-01    -0.0084      9.367     13.586    12.6488 0.0000e+00
      9.561      0.028     0.0001      0.013    392.030 295.232433    -0.0559      7.332  -247.5589 1.2387e-01     0.0991      9.378     13.601    12.6492 0.0000e+00
      9.567      0.026     0.0007      0.013    389.100 293.029778    -0.0313      7.332  -251.0073 1.2389e-01     0.2866      9.382     13.608    12.6497 0.0000e+00
      9.571      0.023     0.0014      0.014    385.974 290.677812    -0.0203      7.332  -254.2133 1.2393e-01     0.3797      9.386     13.614    12.6503 0.0000e+00
      9.575      0.020     0.0012      0.013    383.098 288.512417    -0.0403      7.332  -257.4142 1.2389e-01     0.3026      9.390     13.619    12.6509 0.0000e+00
      9.580      0.018     0.0018      0.024    380.690 286.700249    -0.0565      7.332  -260.7134 1.2376e-01     0.1055      9.394     13.625    12.6513 0.0000e+00
      9.585      0.016     0.0009      0.055    378.627 285.148226    -0.0577      7.332  -263.4732 1.2371e-01    -0.0900      9.400     13.634    12.6517 0.0000e+00
      9.590      0.014     0.0019      0.057    376.765 283.750152    -0.0467      7.331  -265.4875 1.2380e-01    -0.1487      9.406     13.642    12.6520 0.0000e+00
      9.594      0.013     0.0014      0.022    375.114 282.513769    -0.0232      7.331  -267.4293 1.2382e-01    -0.0570      9.409     13.647    12.6521 0.0000e+00
      9.596      0.012     0.0003      0.009    373.844 281.567198    -0.0150      7.331  -269.8294 1.2379e-01     0.0625      9.410     13.649    12.6522 0.0000e+00
      9.597      0.010     0.0078      0.022    373.046 280.975313    -0.0305      7.331  -272.6531 1.2383e-01     0.0655      9.411     13.650    12.6524 0.0000e+00
      9.600      0.010     0.0086      0.012    372.567 280.623412    -0.0518      7.331  -275.9313 1.2384e-01    -0.0548      9.415     13.654    12.6528 0.0000e+00
      9.604      0.010     0.0006      0.000    372.166 280.330671    -0.0647      7.331  -279.6960 1.2382e-01    -0.1626      9.418     13.660    12.6540 0.0000e+00
      9.606      0.010    -0.0012      0.019    371.718 280.004496    -0.0621      7.332  -283.2408 1.2377e-01    -0.2121      9.420     13.663    12.6554 0.0000e+00
      9.609      0.009     0.0045      0.033    371.379 279.762066    -0.0453      7.332  -286.0096 1.2372e-01    -0.1761      9.422     13.666    12.6565 0.0000e+00
      9.612      0.007     0.0018      0.028    371.294 279.711240    -0.0275      7.332  -288.8239 1.2373e-01    -0.0350      9.425     13.670    12.6576 0.0000e+00
      9.614      0.005    -0.0028      0.016    371.363 279.775268    -0.0218      7.331  -292.5745 1.2374e-01     0.0597      9.428     13.675    12.6590 0.0000e+00
      9.615      0.003     0.0032      0.023    371.507 279.894087    -0.0346      7.331  -297.2003 1.2374e-01     0.0131      9.430     13.677    12.6604 0.0000e+00
      9.615      0.001     0.0043      0.056    371.794 280.120439    -0.0577      7.332  -302.5956 1.2376e-01    -0.0868      9.429     13.676    12.6622 0.0000e+00
      9.614      0.001     0.0032      0.073    372.227 280.457164    -0.0521      7.333  -309.4537 1.2374e-01    -0.1578      9.428     13.674    12.6641 0.0000e+00
      9.613      0.001     0.0014      0.050    372.607 280.754573    -0.0169      7.332  -317.7428 1.2372e-01    -0.1616      9.427     13.672    12.6657 0.0000e+00
      9.613      0.003     0.0001      0.007    372.774 280.890820     0.0019      7.332  -326.1587 1.2372e-01    -0.0644      9.427     13.673    12.6671 0.0000e+00
      9.613      0.006     0.0073     -0.016    372.838 280.948607     0.0007      7.332  -333.6872 1.2377e-01     0.0613      9.427     13.673    12.6684 0.0000e+00
      9.615      0.009     0.0096      0.010    372.984 281.067964    -0.0145      7.331  -338.6479 1.2382e-01     0.4354      9.428     13.675    12.6698 0.0000e+00
      9.618      0.012     0.0062      0.045    373.204 281.242242    -0.0320      7.331  -340.5367 1.2383e-01     4.9710      9.432     13.680    12.6713 0.0000e+00
      9.622      0.015     0.0003      0.037    373.383 281.386091    -0.0280      7.331  -340.3498 1.2385e-01    13.4653      9.436     13.686    12.6728 0.0000e+00
      9.627      0.016    -0.0046     -0.013    373.468 281.458621    -0.0075      7.331  -336.4741 1.2389e-01    18.1843      9.441     13.693    12.6741 0.0000e+00
      9.631      0.015     0.0008     -0.056    373.483 281.477005     0.0244      7.331  -327.4899 1.2393e-01    18.6119      9.445     13.698    12.6752 0.0000e+00
      9.636      0.014     0.0069     -0.058    373.478 281.479941     0.0328      7.331  -317.2445 1.2396e-01    17.7125      9.449     13.704    12.6763 0.0000e+00
      9.641      0.012     0.0063     -0.042    373.489 281.494123    -0.0059      7.331  -309.7370 1.2392e-01    15.9529      9.456     13.714    12.6777 0.0000e+00
      9.644      0.010    -0.0020     -0.043    373.515 281.520046    -0.0518      7.331  -304.8604 1.2381e-01    14.9635      9.458     13.718    12.6788 0.0000e+00
      9.644      0.008    -0.0080     -0.052    373.529 281.536503    -0.0652      7.331  -301.5585 1.2372e-01    14.6987      9.458     13.717    12.6797 0.0000e+00
      9.645      0.006    -0.0068     -0.045    373.558 281.564664    -0.0426      7.331  -298.8955 1.2372e-01    13.9132      9.457     13.717    12.6806 0.0000e+00
      9.646      0.005    -0.0034     -0.038    373.602 281.603662    -0.0116      7.331  -296.4086 1.2381e-01    12.7080      9.460     13.720    12.6814 0.0000e+00
      9.648      0.005    -0.0035     -0.022    373.618 281.622703    -0.0064      7.331  -294.3770 1.2385e-01    12.1161      9.462     13.723    12.6822 0.0000e+00
      9.649      0.005    -0.0076      0.005    373.668 281.666457    -0.0296      7.332  -292.8298 1.2381e-01    12.0512      9.462     13.724    12.6830 0.0000e+00
