Data/DataNotYetUploadedToEDI/Raw_CTD/RawDownloads/102725_fcr50_S7809001.cnv
* Sea-Bird SBE19plus  Data File:
* FileName = C:\R\Reservoirs\Data\DataNotYetUploadedToEDI\Raw_CTD\RawDownloads\102725_fcr50_S7809_0001.hex
* Software version 2.8.0.119
* Temperature SN = 7809
* Conductivity SN = 7809
* System UpLoad Time = Nov 13 2025 15:21:10
* <ApplicationData>
* <Seaterm232>
# nquan = 15
# nvalues = 1076                        
# units = specified
# name 0 = depFM: Depth [fresh water, m]
# name 1 = dz/dtM: Descent Rate [m/s]
# name 2 = sbeox0Mg/L: Oxygen, SBE 43 [mg/l]
# name 3 = sbeox0PS: Oxygen, SBE 43 [% saturation]
# name 4 = specc: Specific Conductance [uS/cm]
# name 5 = c0uS/cm: Conductivity [uS/cm]
# name 6 = flECO-AFL: Fluorescence, WET Labs ECO-AFL/FL [mg/m^3]
# name 7 = ph: pH
# name 8 = orp: Oxidation Reduction Potential [mV]
# name 9 = par/sat/log: PAR/Logarithmic, Satlantic
# name 10 = turbWETntu0: Turbidity, WET Labs ECO [NTU]
# name 11 = prdM: Pressure, Strain Gauge [db]
# name 12 = prdE: Pressure, Strain Gauge [psi]
# name 13 = tv290C: Temperature [ITS-90, deg C]
# name 14 = flag:  0.000e+00
# span 0 =     -0.581,      9.658       
# span 1 =     -1.410,      0.111       
# span 2 =    -0.0186,    10.3306       
# span 3 =     -0.161,     91.546       
# span 4 =    -55.775,    405.175       
# span 5 = -39.059052, 305.111373       
# span 6 =    -0.0835,     4.1763       
# span 7 =      6.999,      7.911       
# span 8 = -1240.7455,    41.6269       
# span 9 = 1.2369e-01, 2.1867e+02       
# span 10 =    -0.2121,   118.6404      
# span 11 =     -0.570,      9.472      
# span 12 =     -0.827,     13.738      
# span 13 =    10.0102,    13.4920      
# span 14 = 0.0000e+00, 0.0000e+00      
# interval = seconds: 0.25
# start_time = Oct 27 2025 10:54:28 [Instrument's time stamp, header]
# bad_flag = -9.990e-29
*END*
[from data line 1061]
      9.658 2.6265e-36    -0.0097     -0.089    358.357 270.160836    -0.0102      7.331  -224.3988 1.2384e-01    17.6907      9.471     13.737    12.6935 0.0000e+00
      9.658 2.3877e-37    -0.0086     -0.094    359.261 270.837325    -0.0156      7.330  -224.2335 1.2369e-01    17.8224      9.471     13.737    12.6933 0.0000e+00
      9.658 2.1706e-38    -0.0086     -0.110    362.310 273.133394    -0.0328      7.331  -223.9188 1.2371e-01    17.7515      9.471     13.737    12.6932 0.0000e+00
      9.658 1.9733e-39    -0.0096     -0.116    364.282 274.620308    -0.0599      7.332  -223.4328 1.2376e-01    17.5850      9.472     13.738    12.6925 0.0000e+00
      9.658 1.7939e-40    -0.0096     -0.126    362.420 273.216225    -0.0690      7.331  -222.8315 1.2373e-01    17.5172      9.471     13.737    12.6913 0.0000e+00
      9.658 1.6309e-41    -0.0087     -0.153    359.632 271.114312    -0.0430      7.331  -222.3279 1.2377e-01    17.5118      9.471     13.736    12.6903 0.0000e+00
      9.658 1.4826e-42    -0.0127     -0.161    358.416 270.197627    -0.0128      7.331  -222.0749 1.2384e-01    17.4863      9.471     13.737    12.6901 0.0000e+00
      9.658 1.3478e-43    -0.0125     -0.147    359.126 270.733931    -0.0111      7.331  -222.0960 1.2384e-01    17.4481      9.472     13.738    12.6903 0.0000e+00
      9.658 1.2254e-44    -0.0116     -0.145    362.099 272.976864    -0.0394      7.332  -222.0677 1.2382e-01    17.3917      9.471     13.737    12.6903 0.0000e+00
      9.658 1.1231e-45    -0.0175     -0.152    364.496 274.785144    -0.0634      7.334  -221.8184 1.2377e-01    17.2139      9.471     13.737    12.6902 0.0000e+00
      9.658 2.0252e-46    -0.0186     -0.154    364.877 275.072746    -0.0681      7.334  -221.6626 1.2372e-01    17.0749      9.471     13.737    12.6902 0.0000e+00
      9.658 -9.990e-29    -0.0142 -9.990e-29 -9.990e-29 -9.990e-29 -9.990e-29 -9.990e-29 -9.990e-29 1.2376e-01 -9.990e-29      9.472     13.738    12.6903 0.0000e+00
      9.658 -9.990e-29    -0.0150 -9.990e-29 -9.990e-29 -9.990e-29 -9.990e-29 -9.990e-29 -9.990e-29 1.2382e-01 -9.990e-29      9.471     13.737    12.6905 0.0000e+00
      9.658 -9.990e-29    -0.0169 -9.990e-29 -9.990e-29 -9.990e-29 -9.990e-29 -9.990e-29 -9.990e-29 1.2384e-01 -9.990e-29      9.472     13.738    12.6908 0.0000e+00
      9.658 -9.990e-29    -0.0159 -9.990e-29 -9.990e-29 -9.990e-29 -9.990e-29 -9.990e-29 -9.990e-29 1.2384e-01 -9.990e-29      9.472     13.738    12.6910 0.0000e+00
