Data/DataNotYetUploadedToEDI/Raw_CTD/RawDownloads/102725_fcr50_S7809001.cnv
* Sea-Bird SBE19plus  Data File:
* FileName = C:\R\Reservoirs\Data\DataNotYetUploadedToEDI\Raw_CTD\RawDownloads\102725_fcr50_S7809_0001.hex
* Software version 2.8.0.119
* Temperature SN = 7809
* Conductivity SN = 7809
* System UpLoad Time = Nov 13 2025 15:21:10
* <ApplicationData>
* <Seaterm232>
# nquan = 15
# nvalues = 1076                        
# units = specified
# name 0 = depFM: Depth [fresh water, m]
# name 1 = dz/dtM: Descent Rate [m/s]
# name 2 = sbeox0Mg/L: Oxygen, SBE 43 [mg/l]
# name 3 = sbeox0PS: Oxygen, SBE 43 [% saturation]
# name 4 = specc: Specific Conductance [uS/cm]
# name 5 = c0uS/cm: Conductivity [uS/cm]
# name 6 = flECO-AFL: Fluorescence, WET Labs ECO-AFL/FL [mg/m^3]
# name 7 = ph: pH
# name 8 = orp: Oxidation Reduction Potential [mV]
# name 9 = par/sat/log: PAR/Logarithmic, Satlantic
# name 10 = turbWETntu0: Turbidity, WET Labs ECO [NTU]
# name 11 = prdM: Pressure, Strain Gauge [db]
# name 12 = prdE: Pressure, Strain Gauge [psi]
# name 13 = tv290C: Temperature [ITS-90, deg C]
# name 14 = flag:  0.000e+00
# span 0 =     -0.581,      9.658       
# span 1 =     -1.410,      0.111       
# span 2 =    -0.0186,    10.3306       
# span 3 =     -0.161,     91.546       
# span 4 =    -55.775,    405.175       
# span 5 = -39.059052, 305.111373       
# span 6 =    -0.0835,     4.1763       
# span 7 =      6.999,      7.911       
# span 8 = -1240.7455,    41.6269       
# span 9 = 1.2369e-01, 2.1867e+02       
# span 10 =    -0.2121,   118.6404      
# span 11 =     -0.570,      9.472      
# span 12 =     -0.827,     13.738      
# span 13 =    10.0102,    13.4920      
# span 14 = 0.0000e+00, 0.0000e+00      
# interval = seconds: 0.25
# start_time = Oct 27 2025 10:54:28 [Instrument's time stamp, header]
# bad_flag = -9.990e-29
*END*
[from data line 579]
      4.739      0.039     5.9886     57.328     44.977  34.584681     1.3430      7.326  -460.4638 1.2374e-01     6.6891      4.648      6.741    13.4385 0.0000e+00
      4.750      0.040     5.9880     57.337     45.032  34.627674     1.3407      7.326  -458.7062 1.2378e-01     6.8077      4.658      6.756    13.4391 0.0000e+00
      4.759      0.040     5.9852     57.371     45.072  34.658706     1.3379      7.326  -457.0917 1.2379e-01     6.8479      4.667      6.769    13.4418 0.0000e+00
      4.768      0.041     5.9823     57.386     45.051  34.642652     1.3338      7.326  -455.3977 1.2376e-01     6.7999      4.676      6.781    13.4429 0.0000e+00
      4.777      0.042     5.9792     57.383     45.026  34.623902     1.3164      7.326  -453.5387 1.2376e-01     6.7397      4.683      6.792    13.4444 0.0000e+00
      4.788      0.043     5.9789     57.400     45.024  34.622354     1.3185      7.325  -451.5652 1.2381e-01     6.7686      4.694      6.808    13.4463 0.0000e+00
      4.801      0.043     5.9863     57.433     45.025  34.623930     1.3599      7.325  -449.6902 1.2385e-01     6.9102      4.708      6.828    13.4454 0.0000e+00
      4.814      0.040     5.9877     57.479     45.050  34.642965     1.3837      7.325  -448.2482 1.2387e-01     7.0507      4.722      6.847    13.4441 0.0000e+00
      4.827      0.037     5.9840     57.542     45.075  34.662154     1.3642      7.325  -447.1227 1.2392e-01     7.1012      4.734      6.866    13.4450 0.0000e+00
      4.835      0.035     5.9875     57.595     45.079  34.665600     1.3336      7.325  -445.7184 1.2396e-01     7.0091      4.744      6.881    13.4457 0.0000e+00
      4.839      0.035     5.9909     57.620     45.104  34.684636     1.3300      7.326  -443.9161 1.2391e-01     6.9621      4.747      6.884    13.4457 0.0000e+00
      4.843      0.035     5.9946     57.641     45.127  34.701967     1.3369      7.326  -442.0229 1.2386e-01     7.0110      4.746      6.885    13.4456 0.0000e+00
      4.853      0.037     6.0031     57.664     45.105  34.684808     1.3258      7.326  -440.2084 1.2385e-01     6.8824      4.757      6.899    13.4457 0.0000e+00
      4.867      0.042     6.0096     57.678     45.082  34.667504     1.3201      7.326  -438.5816 1.2385e-01     6.6711      4.774      6.923    13.4457 0.0000e+00
      4.880      0.047     6.0102     57.669     45.103  34.683092     1.3186      7.326  -437.0664 1.2386e-01     6.6423      4.786      6.942    13.4457 0.0000e+00
      4.890      0.049     6.0124     57.634     45.103  34.682936     1.3237      7.326  -435.4829 1.2383e-01     6.7396      4.794      6.954    13.4457 0.0000e+00
      4.903      0.048     6.0156     57.609     45.081  34.665615     1.3485      7.326  -433.8904 1.2379e-01     6.7880      4.808      6.973    13.4458 0.0000e+00
      4.918      0.047     6.0171     57.600     45.079  34.664015     1.3515      7.326  -432.2665 1.2381e-01     6.7151      4.825      6.999    13.4457 0.0000e+00
      4.930      0.047     6.0179     57.586     45.079  34.663580     1.3279      7.326  -430.3892 1.2382e-01     6.6445      4.835      7.013    13.4451 0.0000e+00
      4.940      0.048     6.0107     57.561     45.074  34.660358     1.3124      7.325  -428.4000 1.2378e-01     6.6519      4.842      7.024    13.4450 0.0000e+00
      4.950      0.050     6.0088     57.533     45.027  34.625057     1.3134      7.325  -426.6267 1.2377e-01     6.7362      4.853      7.039    13.4449 0.0000e+00
      4.962      0.052     6.0091     57.513     44.934  34.553998     1.3156      7.325  -425.1242 1.2377e-01     6.7756      4.866      7.057    13.4450 0.0000e+00
      4.976      0.054     6.0072     57.500     44.860  34.499117     1.2966      7.325  -423.7418 1.2376e-01     6.6845      4.878      7.075    13.4450 0.0000e+00
      4.993      0.056     6.0051     57.498     44.820  34.469070     1.2749      7.325  -422.2159 1.2376e-01     6.7277      4.896      7.100    13.4454 0.0000e+00
      5.009      0.056     6.0004     57.501     44.787  34.444497     1.2951      7.326  -420.1830 1.2382e-01     6.8876      4.915      7.129    13.4456 0.0000e+00
      5.023      0.055     5.9998     57.515     44.800  34.455793     1.3407      7.327  -417.8320 1.2387e-01     6.9437      4.927      7.146    13.4459 0.0000e+00
      5.035      0.052     5.9967     57.568     44.826  34.478759     1.3530      7.327  -415.9026 1.2387e-01     6.8598      4.936      7.159    13.4484 0.0000e+00
      5.047      0.049     5.9975     57.669     44.810  34.468385     1.3268      7.327  -414.3210 1.2388e-01     6.7272      4.949      7.178    13.4499 0.0000e+00
      5.061      0.047     5.9973     57.780     44.795  34.457257     1.3242      7.327  -412.7333 1.2391e-01     6.7752      4.964      7.200    13.4501 0.0000e+00
      5.074      0.046     5.9973     57.874     44.812  34.471107     1.3628      7.327  -411.1607 1.2389e-01     6.9272      4.976      7.218    13.4518 0.0000e+00
      5.084      0.045     6.0017     57.984     44.862  34.508961     1.3854      7.327  -409.2449 1.2387e-01     6.9256      4.986      7.232    13.4549 0.0000e+00
      5.094      0.042     6.0134     58.114     44.897  34.534266     1.3634      7.327  -407.0349 1.2388e-01     6.8244      4.994      7.243    13.4573 0.0000e+00
      5.105      0.038     6.0281     58.235     44.885  34.523266     1.3304      7.327  -405.0038 1.2389e-01     6.7966      5.005      7.258    13.4580 0.0000e+00
      5.117      0.035     6.0334     58.318     44.860  34.502854     1.3363      7.327  -403.1850 1.2385e-01     6.9654      5.020      7.281    13.4584 0.0000e+00
      5.126      0.034     6.0463     58.345     44.910  34.541252     1.3674      7.326  -401.5644 1.2381e-01     7.2255      5.029      7.296    13.4580 0.0000e+00
      5.130      0.032     6.0612     58.333     45.079  34.670296     1.3663      7.326  -400.0351 1.2383e-01     7.2769      5.031      7.297    13.4560 0.0000e+00
      5.135      0.032     6.0746     58.299     45.244  34.794163     1.3311      7.326  -398.5469 1.2384e-01     7.1766      5.034      7.302    13.4541 0.0000e+00
      5.144      0.032     6.0853     58.259     45.465  34.960302     1.2915      7.326  -397.0788 1.2384e-01     7.1749      5.045      7.317    13.4538 0.0000e+00
      5.154      0.034     6.0857     58.208     45.648  35.092834     1.2787      7.326  -395.3623 1.2385e-01     7.2558      5.056      7.332    13.4531 0.0000e+00
      5.163      0.038     6.0856     58.138     45.462  34.937253     1.3013      7.326  -393.4521 1.2390e-01     7.3006      5.063      7.343    13.4530 0.0000e+00
      5.172      0.041     6.0802     58.020     45.198  34.728843     1.2987      7.327  -391.6207 1.2389e-01     7.2728      5.072      7.356    13.4491 0.0000e+00
      5.183      0.042     6.0784     57.828     45.192  34.730215     1.2472      7.327  -390.1683 1.2384e-01     7.2957      5.083      7.372    13.4449 0.0000e+00
      5.196      0.043     6.0731     57.601     45.390  34.890414     1.2026      7.327  -388.9697 1.2389e-01     7.4751      5.096      7.391    13.4393 0.0000e+00
      5.207      0.045     6.0693     57.329     45.550  35.016144     1.2006      7.327  -387.5390 1.2398e-01     7.6997      5.107      7.406    13.4181 0.0000e+00
      5.217      0.046     6.0622     57.016     45.428  34.917981     1.2311      7.326  -385.9485 1.2397e-01     7.8255      5.114      7.417    13.4087 0.0000e+00
      5.229      0.045     6.0345     56.727     45.256  34.782160     1.2710      7.325  -384.2795 1.2390e-01     7.6638      5.127      7.436    13.4218 0.0000e+00
      5.243      0.043     6.0124     56.507     45.325  34.833254     1.3172      7.325  -382.5875 1.2385e-01     7.3495      5.142      7.458    13.4347 0.0000e+00
      5.255      0.041     5.9836     56.361     45.581  35.028172     1.3490      7.325  -381.2364 1.2388e-01     7.2703      5.154      7.476    13.4369 0.0000e+00
      5.264      0.041     5.9483     56.276     45.694  35.108526     1.3472      7.326  -380.2471 1.2391e-01     7.3218      5.163      7.489    13.4284 0.0000e+00
      5.271      0.040     5.9176     56.231     45.457  34.916510     1.3205      7.327  -379.0578 1.2384e-01     7.1865      5.169      7.497    13.4233 0.0000e+00
      5.280      0.040     5.8944     56.214     45.143  34.673429     1.2760      7.327  -377.4393 1.2376e-01     6.8984      5.177      7.508    13.4237 0.0000e+00
      5.291      0.041     5.8803     56.234     45.008  34.580492     1.2675      7.327  -375.8213 1.2378e-01     6.7752      5.188      7.524    13.4233 0.0000e+00
      5.303      0.042     5.8724     56.274     45.040  34.617651     1.3009      7.327  -374.3798 1.2384e-01     6.8584      5.201      7.543    13.4163 0.0000e+00
      5.315      0.043     5.8717     56.289     45.110  34.678589     1.3299      7.327  -372.9155 1.2386e-01     6.9149      5.213      7.561    13.3989 0.0000e+00
      5.326      0.043     5.8685     56.292     45.110  34.682823     1.3436      7.327  -371.4525 1.2387e-01     6.8430      5.223      7.575    13.3949 0.0000e+00
      5.336      0.041     5.8691     56.350     45.088  34.668845     1.3333      7.327  -370.1122 1.2382e-01     6.7060      5.234      7.589    13.4134 0.0000e+00
      5.347      0.038     5.8739     56.497     45.125  34.699928     1.3383      7.326  -368.7562 1.2380e-01     6.6932      5.244      7.605    13.4300 0.0000e+00
      5.357      0.034     5.8742     56.725     45.180  34.741410     1.3709      7.326  -367.4468 1.2383e-01     6.8252      5.255      7.621    13.4369 0.0000e+00
      5.367      0.032     5.8702     56.992     45.163  34.726268     1.3868      7.327  -366.3259 1.2383e-01     6.9693      5.265      7.636    13.4398 0.0000e+00
      5.374      0.034     5.8749     57.232     45.057  34.643737     1.3719      7.328  -367.4216 1.2382e-01     7.0355      5.272      7.646    13.4430 0.0000e+00
      5.378      0.038     5.8904     57.407     44.957  34.568353     1.3407      7.328  -370.8857 1.2377e-01     6.9770      5.274      7.649    13.4468 0.0000e+00
      5.383      0.043     5.9151     57.505     44.963  34.576181     1.3337      7.327  -371.9017 1.2373e-01     6.9455      5.275      7.652    13.4456 0.0000e+00
      5.395      0.047     5.9475     57.537     45.090  34.674948     1.3375      7.327  -369.8109 1.2380e-01     6.9607      5.288      7.670    13.4413 0.0000e+00
      5.415      0.051     5.9732     57.527     45.270  34.810813     1.3110      7.327  -367.5467 1.2392e-01     6.9214      5.311      7.702    13.4399 0.0000e+00
      5.433      0.053     5.9917     57.488     45.459  34.949949     1.2802      7.328  -365.1751 1.2393e-01     6.9153      5.331      7.731    13.4429 0.0000e+00
      5.446      0.053     6.0011     57.445     45.894  35.278602     1.2559      7.328  -362.5599 1.2382e-01     6.9552      5.342      7.747    13.4467 0.0000e+00
      5.456      0.050     6.0026     57.437     47.004  36.119633     1.2091      7.328  -360.3617 1.2377e-01     7.4044      5.350      7.760    13.4490 0.0000e+00
      5.467      0.048     6.0022     57.469     48.347  37.123779     1.1554      7.328  -358.6436 1.2379e-01     8.2131      5.361      7.776    13.4460 0.0000e+00
      5.478      0.048     5.9983     57.489     48.917  37.520858     1.1232      7.328  -357.1872 1.2384e-01     8.5681      5.373      7.793    13.4376 0.0000e+00
      5.489      0.049     5.9923     57.392     49.015  37.557579     1.1029      7.328  -355.6585 1.2384e-01     8.5886      5.382      7.807    13.4314 0.0000e+00
      5.502      0.052     5.9923     57.073     49.310  37.758093     1.1009      7.328  -353.7544 1.2382e-01     8.5976      5.395      7.825    13.4265 0.0000e+00
      5.517      0.055     6.0005     56.405     49.618  37.978043     1.1079      7.328  -351.5446 1.2384e-01     8.4722      5.411      7.848    13.3982 0.0000e+00
      5.532      0.060     6.0148     55.227     49.738  38.059398     1.0959      7.328  -349.5038 1.2386e-01     8.3023      5.426      7.870    13.3448 0.0000e+00
      5.546      0.065     6.0139     53.548     49.641  37.980237     1.0794      7.328  -347.8367 1.2386e-01     8.2173      5.440      7.890    13.3033 0.0000e+00
      5.561      0.070     5.9863     51.548     49.385  37.782402     1.0426      7.329  -346.2718 1.2384e-01     8.7416      5.453      7.909    13.2807 0.0000e+00
      5.580      0.074     5.9285     49.407     49.107  37.571141     0.9676      7.329  -344.7797 1.2381e-01     9.7910      5.471      7.935    13.2647 0.0000e+00
      5.603      0.076     5.8056     47.319     48.949  37.456528     0.9130      7.329  -343.3038 1.2382e-01    10.3842      5.495      7.969    13.2546 0.0000e+00
      5.627      0.077     5.6205     45.503     48.964  37.475408     0.8979      7.328  -341.6766 1.2381e-01    10.4146      5.519      8.005    13.2505 0.0000e+00
      5.647      0.077     5.4060     44.074     48.967  37.482136     0.8853      7.327  -340.0763 1.2380e-01    10.2951      5.539      8.034    13.2489 0.0000e+00
      5.664      0.073     5.1757     43.092     48.872  37.410965     0.8773      7.327  -338.4952 1.2386e-01    10.3056      5.554      8.056    13.2492 0.0000e+00
      5.681      0.067     4.9451     42.610     48.823  37.376360     0.8922      7.326  -336.8422 1.2390e-01    10.5076      5.572      8.079    13.2576 0.0000e+00
      5.700      0.060     4.7507     42.559     48.826  37.381030     0.9069      7.326  -335.4917 1.2385e-01    10.6543      5.591      8.108    13.2670 0.0000e+00
      5.717      0.055     4.6006     42.815     48.771  37.340510     0.8971      7.327  -334.3833 1.2378e-01    10.6448      5.608      8.134    13.2697 0.0000e+00
      5.729      0.051     4.4920     43.277     48.672  37.267177     0.8825      7.328  -332.9058 1.2376e-01    10.5283      5.619      8.149    13.2711 0.0000e+00
      5.739      0.047     4.4460     43.824     48.655  37.255845     0.8960      7.328  -331.0492 1.2379e-01    10.4414      5.628      8.162    13.2747 0.0000e+00
      5.749      0.045     4.4459     44.350     48.752  37.330405     0.9276      7.328  -329.2283 1.2380e-01    10.4485      5.638      8.177    13.2771 0.0000e+00
      5.760      0.046     4.4745     44.813     48.855  37.407200     0.9477      7.328  -327.9256 1.2381e-01    10.4438      5.648      8.192    13.2782 0.0000e+00
      5.771      0.050     4.5282     45.204     48.882  37.422892     0.9322      7.327  -327.0000 1.2383e-01    10.3494      5.659      8.208    13.2805 0.0000e+00
      5.782      0.054     4.5896     45.537     48.850  37.393217     0.8810      7.327  -325.6945 1.2381e-01    10.2643      5.669      8.223    13.2831 0.0000e+00
      5.796      0.056     4.6451     45.819     48.903  37.429133     0.8609      7.328  -324.1857 1.2381e-01    10.3363      5.682      8.242    13.2840 0.0000e+00
      5.814      0.058     4.6946     46.028     49.052  37.539853     0.8805      7.328  -322.6965 1.2383e-01    10.4690      5.702      8.269    13.2817 0.0000e+00
      5.833      0.058     4.7355     46.149     49.122  37.589707     0.8775      7.328  -321.0248 1.2386e-01    10.5031      5.723      8.299    13.2758 0.0000e+00
      5.848      0.058     4.7698     46.178     49.122  37.587715     0.8579      7.327  -319.4603 1.2391e-01    10.4746      5.736      8.319    13.2699 0.0000e+00
      5.860      0.057     4.8019     46.125     49.111  37.579217     0.8509      7.327  -318.1487 1.2394e-01    10.4653      5.746      8.333    13.2653 0.0000e+00
      5.872      0.055     4.8239     46.026     49.071  37.550414     0.8602      7.327  -316.8676 1.2395e-01    10.5278      5.758      8.352    13.2616 0.0000e+00
