Data/DataNotYetUploadedToEDI/Raw_CTD/RawDownloads/102725_bvr50_S8188001.cnv
* Sea-Bird SBE19plus  Data File:
* FileName = C:\R\Reservoirs\Data\DataNotYetUploadedToEDI\Raw_CTD\RawDownloads\102725_bvr50_S8188_0001.hex
* Software version 2.8.0.119
* Temperature SN = 8188
* Conductivity SN = 8188
* System UpLoad Time = Nov 05 2025 17:23:56
* <ApplicationData>
* <Seaterm232>
# nquan = 16
# nvalues = 1588                        
# units = specified
# name 0 = depFM: Depth [fresh water, m]
# name 1 = dz/dtM: Descent Rate [m/s]
# name 2 = sbeox0Mg/L: Oxygen, SBE 43 [mg/l]
# name 3 = sbeox0PS: Oxygen, SBE 43 [% saturation]
# name 4 = specc: Specific Conductance [uS/cm]
# name 5 = c0uS/cm: Conductivity [uS/cm]
# name 6 = wetCDOM: Fluorescence, WET Labs CDOM [mg/m^3]
# name 7 = flECO-AFL: Fluorescence, WET Labs ECO-AFL/FL [mg/m^3]
# name 8 = flECO-AFL1: Fluorescence, WET Labs ECO-AFL/FL, 2 [mg/m^3]
# name 9 = flECO-AFL2: Fluorescence, WET Labs ECO-AFL/FL, 3 [mg/m^3]
# name 10 = par/sat/log: PAR/Logarithmic, Satlantic
# name 11 = turbWETntu0: Turbidity, WET Labs ECO [NTU]
# name 12 = prdM: Pressure, Strain Gauge [db]
# name 13 = prdE: Pressure, Strain Gauge [psi]
# name 14 = tv290C: Temperature [ITS-90, deg C]
# name 15 = flag:  0.000e+00
# span 0 =     -0.618,      5.109       
# span 1 =     -0.254,      0.132       
# span 2 =     3.9231,    10.6302       
# span 3 =     36.344,     98.853       
# span 4 =     12.184,     54.586       
# span 5 =   9.039260,  40.349982       
# span 6 =    -4.5000,    47.7900       
# span 7 =    -0.2769,     1.3100       
# span 8 =    -2.1300,     1.4058       
# span 9 =    -2.0304,     0.5499       
# span 10 = 1.1590e-01, 2.1408e+02      
# span 11 =    -0.9440,    87.0510      
# span 12 =     -0.606,      5.010      
# span 13 =     -0.880,      7.266      
# span 14 =    11.8169,    12.2253      
# span 15 = 0.0000e+00, 0.0000e+00      
# interval = seconds: 0.25
# start_time = Oct 27 2025 10:16:06 [Instrument's time stamp, header]
# bad_flag = -9.990e-29
*END*
[from data line 543]
      0.827      0.007     5.7871     54.061     53.155  39.571408    47.0700     0.8904     1.3206     0.4230 4.6289e+00    51.3394      0.811      1.176    12.2209 0.0000e+00
      0.828      0.005     5.7879     54.100     53.170  39.582432    47.0700     0.9018     1.3206     0.4230 4.6591e+00    51.3696      0.812      1.178    12.2208 0.0000e+00
      0.829      0.004     5.7897     54.141     53.195  39.601158    47.0700     0.8942     1.3632     0.3807 4.6581e+00    51.3998      0.813      1.179    12.2206 0.0000e+00
      0.829      0.003     5.7926     54.182     53.197  39.602690    47.0700     0.8446     1.3632     0.3807 4.6551e+00    51.4753      0.813      1.180    12.2203 0.0000e+00
      0.830      0.002     5.7963     54.223     53.185  39.593416    47.0700     0.8065     1.3632     0.3807 4.7090e+00    51.4149      0.814      1.180    12.2200 0.0000e+00
      0.830      0.002     5.8005     54.257     53.184  39.592778    47.0700     0.8141     1.3632     0.3807 4.7070e+00    51.4300      0.814      1.181    12.2198 0.0000e+00
      0.831      0.003     5.8049     54.276     53.200  39.604594    47.0700     0.8065     1.3632     0.3807 4.6632e+00    51.4300      0.815      1.182    12.2197 0.0000e+00
      0.832      0.003     5.8094     54.280     53.228  39.626034    47.0700     0.8751     1.3206     0.4653 4.6480e+00    51.4451      0.816      1.183    12.2197 0.0000e+00
      0.833      0.002     5.8137     54.266     53.243  39.636915    47.0700     0.9056     1.3206     0.4653 4.6733e+00    51.4149      0.817      1.184    12.2197 0.0000e+00
      0.834      0.002     5.8173     54.233     53.250  39.642131    47.0700     0.8866     1.3206     0.4653 4.6642e+00    51.5055      0.817      1.185    12.2197 0.0000e+00
      0.834      0.002     5.8194     54.182     53.276  39.661005    47.0700     0.9133     1.3206     0.4653 4.6218e+00    51.4904      0.818      1.186    12.2198 0.0000e+00
      0.835      0.002     5.8198     54.120     53.307  39.684622    46.9800     0.8103     1.3206     0.4230 4.6419e+00    51.3847      0.819      1.187    12.2198 0.0000e+00
      0.835      0.002     5.8183     54.051     53.324  39.697362    46.9800     0.8293     1.3206     0.4230 4.6794e+00    51.4602      0.819      1.188    12.2197 0.0000e+00
      0.835      0.002     5.8147     53.983     53.321  39.694652    46.9800     0.8370     1.3206     0.4230 4.6957e+00    51.4753      0.819      1.188    12.2196 0.0000e+00
      0.836      0.002     5.8093     53.930     53.306  39.683741    46.9800     0.8217     1.3206     0.4230 4.6845e+00    51.4451      0.819      1.189    12.2196 0.0000e+00
      0.836      0.003     5.8027     53.906     53.287  39.669689    46.9800     0.9094     1.3206     0.5076 4.6329e+00    51.4753      0.820      1.190    12.2196 0.0000e+00
      0.837      0.004     5.7952     53.916     53.270  39.656719    46.9800     0.9018     1.3206     0.5076 4.6379e+00    51.3091      0.821      1.191    12.2197 0.0000e+00
      0.838      0.005     5.7879     53.957     53.262  39.651334    46.9800     0.9094     1.3206     0.5076 4.6028e+00    51.4602      0.822      1.192    12.2198 0.0000e+00
      0.839      0.005     5.7823     54.019     53.266  39.654091    46.9800     0.8866     1.3206     0.5076 4.5739e+00    51.5055      0.823      1.194    12.2197 0.0000e+00
      0.841      0.006     5.7797     54.091     53.286  39.669711    47.0700     0.9781     1.3206     0.4230 4.5244e+00    51.4602      0.825      1.196    12.2196 0.0000e+00
      0.843      0.007     5.7808     54.159     53.314  39.690403    47.0700     0.9705     1.3206     0.4230 4.4921e+00    51.5206      0.827      1.199    12.2196 0.0000e+00
      0.845      0.008     5.7851     54.211     53.321  39.695782    47.0700     0.9438     1.3206     0.4230 4.5107e+00    51.4149      0.828      1.202    12.2198 0.0000e+00
      0.846      0.008     5.7918     54.235     53.312  39.689276    47.0700     0.9590     1.3206     0.4230 4.5235e+00    51.3998      0.830      1.204    12.2199 0.0000e+00
      0.848      0.009     5.7994     54.233     53.309  39.687082    47.0700     1.0277     1.3206     0.4230 4.5699e+00    51.3243      0.832      1.207    12.2201 0.0000e+00
      0.851      0.010     5.8067     54.212     53.308  39.686622    47.0700     1.0010     1.3206     0.3384 4.5689e+00    51.4300      0.835      1.210    12.2203 0.0000e+00
      0.853      0.011     5.8122     54.184     53.295  39.677811    47.0700     1.0048     1.3206     0.3384 4.5491e+00    51.3545      0.837      1.214    12.2205 0.0000e+00
      0.856      0.012     5.8149     54.159     53.292  39.676233    47.0700     1.0353     1.3206     0.3384 4.5432e+00    51.4300      0.840      1.218    12.2207 0.0000e+00
      0.859      0.013     5.8146     54.136     53.320  39.697407    47.0700     1.0086     1.3206     0.3384 4.4785e+00    51.4753      0.843      1.222    12.2209 0.0000e+00
      0.863      0.014     5.8124     54.119     53.346  39.717091    47.0700     1.0010     1.3632     0.3807 4.3860e+00    51.4149      0.846      1.228    12.2212 0.0000e+00
      0.867      0.014     5.8093     54.102     53.348  39.718617    47.0700     1.0010     1.3632     0.3807 4.2694e+00    51.4753      0.850      1.233    12.2216 0.0000e+00
      0.871      0.014     5.8065     54.083     53.340  39.712353    47.0700     1.0201     1.3632     0.3807 4.1858e+00    51.3847      0.854      1.239    12.2220 0.0000e+00
      0.875      0.013     5.8041     54.062     53.316  39.694638    47.0700     0.9590     1.3632     0.3807 4.0674e+00    51.3847      0.858      1.245    12.2224 0.0000e+00
      0.879      0.011     5.8021     54.038     53.282  39.668718    47.0700     0.9590     1.3206     0.4230 4.0322e+00    51.3545      0.861      1.249    12.2226 0.0000e+00
      0.881      0.009     5.8003     54.009     53.259  39.651589    47.0700     0.9629     1.3206     0.4230 4.0719e+00    51.5206      0.864      1.253    12.2228 0.0000e+00
      0.883      0.008     5.7982     53.980     53.247  39.642671    47.0700     0.9476     1.3206     0.4230 4.1030e+00    51.4300      0.866      1.256    12.2228 0.0000e+00
      0.884      0.006     5.7960     53.955     53.251  39.645563    47.0700     0.8789     1.3206     0.4230 4.1307e+00    51.4753      0.867      1.257    12.2228 0.0000e+00
      0.885      0.006     5.7935     53.931     53.270  39.659042    47.0700     0.9094     1.3206     0.4230 4.1217e+00    51.3545      0.868      1.259    12.2226 0.0000e+00
      0.887      0.005     5.7904     53.907     53.278  39.664786    46.9800     0.8789     1.3632     0.4230 4.1785e+00    51.5055      0.869      1.261    12.2224 0.0000e+00
      0.888      0.005     5.7873     53.886     53.259  39.650378    46.9800     0.8980     1.3632     0.4230 4.1931e+00    51.3998      0.870      1.262    12.2222 0.0000e+00
      0.889      0.005     5.7847     53.870     53.237  39.633896    46.9800     0.9590     1.3632     0.4230 4.1677e+00    51.4451      0.872      1.264    12.2219 0.0000e+00
      0.891      0.006     5.7821     53.862     53.242  39.636845    46.9800     0.9705     1.3632     0.4230 4.1487e+00    51.4451      0.873      1.267    12.2216 0.0000e+00
      0.892      0.006     5.7795     53.868     53.262  39.652043    47.0700     0.9629     1.3206     0.3384 4.1595e+00    51.4149      0.875      1.269    12.2212 0.0000e+00
      0.894      0.007     5.7774     53.894     53.294  39.675572    47.0700     0.9438     1.3206     0.3384 4.1858e+00    51.4753      0.877      1.271    12.2210 0.0000e+00
      0.896      0.007     5.7757     53.938     53.335  39.705736    47.0700     0.8751     1.3206     0.3384 4.1713e+00    51.6868      0.878      1.274    12.2209 0.0000e+00
      0.897      0.008     5.7748     53.992     53.360  39.724676    47.0700     0.9094     1.3206     0.3384 4.1478e+00    51.6113      0.880      1.276    12.2208 0.0000e+00
      0.899      0.009     5.7755     54.051     53.334  39.705562    47.0700     0.8904     1.3206     0.2961 4.1235e+00    51.6868      0.882      1.279    12.2207 0.0000e+00
      0.902      0.010     5.7783     54.108     53.272  39.659238    47.0700     0.8827     1.3206     0.2961 4.1146e+00    51.7321      0.884      1.282    12.2205 0.0000e+00
      0.904      0.010     5.7830     54.161     53.226  39.625155    47.0700     0.8942     1.3206     0.2961 4.0613e+00    51.4904      0.886      1.286    12.2203 0.0000e+00
      0.907      0.011     5.7889     54.211     53.224  39.624114    47.0700     0.8942     1.3206     0.2961 4.0174e+00    51.3545      0.889      1.290    12.2203 0.0000e+00
      0.910      0.011     5.7951     54.255     53.260  39.651852    47.0700     0.9133     1.3206     0.4653 3.9310e+00    51.4451      0.892      1.294    12.2204 0.0000e+00
      0.914      0.011     5.8012     54.283     53.295  39.677908    47.0700     0.9018     1.3206     0.4653 3.8633e+00    51.5055      0.896      1.299    12.2207 0.0000e+00
      0.917      0.011     5.8068     54.289     53.294  39.677349    47.0700     0.9590     1.3206     0.4653 3.8440e+00    51.3998      0.899      1.303    12.2211 0.0000e+00
      0.919      0.011     5.8121     54.275     53.278  39.665967    47.0700     0.9285     1.3206     0.4653 3.8987e+00    51.5206      0.901      1.307    12.2216 0.0000e+00
      0.922      0.011     5.8168     54.244     53.276  39.664636    47.0700     0.9400     1.3206     0.4653 3.9208e+00    51.4149      0.904      1.311    12.2221 0.0000e+00
      0.924      0.011     5.8198     54.194     53.289  39.674995    47.0700     0.9552     1.3206     0.4230 3.9636e+00    51.4753      0.906      1.314    12.2224 0.0000e+00
      0.927      0.011     5.8204     54.125     53.309  39.689843    47.0700     0.9438     1.3206     0.4230 3.9550e+00    51.4451      0.909      1.318    12.2226 0.0000e+00
      0.930      0.012     5.8189     54.040     53.311  39.691221    47.0700     0.9552     1.3206     0.4230 3.9302e+00    51.3847      0.912      1.322    12.2228 0.0000e+00
      0.933      0.012     5.8155     53.945     53.285  39.671528    47.0700     0.9400     1.3206     0.4230 3.9021e+00    51.3545      0.915      1.327    12.2229 0.0000e+00
      0.936      0.013     5.8102     53.854     53.239  39.637466    47.0700     0.9362     1.3206     0.5076 3.8357e+00    51.3998      0.918      1.331    12.2230 0.0000e+00
      0.940      0.013     5.8028     53.771     53.207  39.613825    47.0700     0.8713     1.3206     0.5076 3.8457e+00    51.1883      0.921      1.336    12.2231 0.0000e+00
      0.943      0.014     5.7936     53.700     53.205  39.612235    47.0700     0.8980     1.3206     0.5076 3.8190e+00    51.1128      0.925      1.341    12.2231 0.0000e+00
      0.947      0.014     5.7834     53.648     53.200  39.608360    47.0700     0.8904     1.3206     0.5076 3.7655e+00    51.1732      0.928      1.346    12.2231 0.0000e+00
      0.950      0.014     5.7736     53.626     53.185  39.597183    47.0700     0.8942     1.3632     0.4653 3.7451e+00    51.1581      0.932      1.351    12.2231 0.0000e+00
      0.954      0.014     5.7648     53.639     53.177  39.591662    47.0700     0.9514     1.3632     0.4653 3.7207e+00    51.4149      0.935      1.356    12.2231 0.0000e+00
      0.957      0.015     5.7572     53.681     53.186  39.598297    47.0700     0.9362     1.3632     0.4653 3.7070e+00    51.4904      0.939      1.361    12.2232 0.0000e+00
      0.961      0.015     5.7516     53.740     53.230  39.630811    47.0700     0.9400     1.3632     0.4653 3.6678e+00    51.5206      0.942      1.367    12.2232 0.0000e+00
      0.965      0.015     5.7493     53.804     53.296  39.679942    47.2500     0.9476     1.3206     0.3384 3.6813e+00    51.3545      0.946      1.372    12.2233 0.0000e+00
      0.969      0.015     5.7506     53.863     53.327  39.703000    47.2500     0.9514     1.3206     0.3384 3.6014e+00    51.1430      0.950      1.378    12.2234 0.0000e+00
      0.973      0.016     5.7551     53.908     53.310  39.690193    47.2500     0.9743     1.3206     0.3384 3.6053e+00    51.0221      0.954      1.384    12.2233 0.0000e+00
      0.977      0.016     5.7614     53.936     53.288  39.673974    47.2500     0.9819     1.3206     0.3384 3.5842e+00    51.3091      0.958      1.390    12.2233 0.0000e+00
      0.981      0.016     5.7684     53.951     53.261  39.654000    47.2500     0.9781     1.3206     0.3384 3.5478e+00    51.1732      0.963      1.396    12.2232 0.0000e+00
      0.986      0.015     5.7747     53.962     53.214  39.618970    47.0700     0.9781     1.3206     0.4230 3.4988e+00    51.3091      0.967      1.402    12.2231 0.0000e+00
      0.990      0.014     5.7795     53.971     53.179  39.593413    47.0700     0.9590     1.3206     0.4230 3.4580e+00    51.4753      0.971      1.408    12.2230 0.0000e+00
      0.993      0.013     5.7825     53.975     53.162  39.580478    47.0700     0.9590     1.3206     0.4230 3.4806e+00    51.4149      0.974      1.413    12.2230 0.0000e+00
      0.996      0.013     5.7841     53.975     53.141  39.564761    47.0700     0.9362     1.3206     0.4230 3.5401e+00    51.4602      0.977      1.417    12.2231 0.0000e+00
      0.999      0.012     5.7852     53.972     53.143  39.565980    47.0700     0.9514     1.3206     0.3807 3.5171e+00    51.4149      0.980      1.421    12.2232 0.0000e+00
      1.002      0.011     5.7862     53.967     53.189  39.600400    47.0700     0.9438     1.3206     0.3807 3.5110e+00    51.5508      0.983      1.425    12.2233 0.0000e+00
      1.004      0.010     5.7867     53.960     53.236  39.635357    47.0700     0.9476     1.3206     0.3807 3.4738e+00    51.3847      0.985      1.429    12.2234 0.0000e+00
      1.007      0.009     5.7866     53.949     53.250  39.646301    47.0700     0.9514     1.3206     0.3807 3.4423e+00    51.3847      0.988      1.433    12.2234 0.0000e+00
      1.009      0.009     5.7863     53.934     53.239  39.638141    47.1600     0.8789     1.3206     0.4230 3.4520e+00    51.3696      0.990      1.436    12.2234 0.0000e+00
      1.012      0.008     5.7857     53.919     53.213  39.618666    47.1600     0.8827     1.3206     0.4230 3.4036e+00    51.3696      0.992      1.439    12.2234 0.0000e+00
      1.013      0.007     5.7850     53.911     53.208  39.614561    47.1600     0.8789     1.3206     0.4230 3.4110e+00    51.4904      0.994      1.442    12.2234 0.0000e+00
      1.015      0.006     5.7838     53.910     53.230  39.630710    47.1600     0.9018     1.3206     0.4230 3.3442e+00    51.4300      0.996      1.444    12.2234 0.0000e+00
      1.017      0.006     5.7822     53.918     53.240  39.637546    47.1600     0.9781     1.3206     0.4230 3.3573e+00    51.4602      0.997      1.446    12.2233 0.0000e+00
      1.018      0.005     5.7806     53.934     53.236  39.634899    47.1600     0.9438     1.3206     0.4230 3.3566e+00    51.3545      0.998      1.448    12.2233 0.0000e+00
      1.019      0.005     5.7798     53.958     53.232  39.632027    47.1600     0.9590     1.3206     0.4230 3.4147e+00    51.4149      1.000      1.450    12.2232 0.0000e+00
      1.020      0.006     5.7798     53.990     53.233  39.632148    47.1600     0.9743     1.3206     0.4230 3.4723e+00    51.5811      1.001      1.451    12.2231 0.0000e+00
      1.021      0.006     5.7806     54.026     53.259  39.651235    47.1600     0.9629     1.3206     0.4230 3.4996e+00    51.4149      1.002      1.453    12.2229 0.0000e+00
      1.023      0.007     5.7823     54.059     53.303  39.684415    47.1600     0.9667     1.3206     0.2961 3.4806e+00    51.4602      1.003      1.455    12.2227 0.0000e+00
