Data/DataNotYetUploadedToEDI/Raw_CTD/RawDownloads/102820_fcr50_0001.cnv
* Sea-Bird SBE19plus  Data File:
* FileName = C:\DATA\102820_fcr50_0001.hex
* Software version 2.8.0.119
* Temperature SN = 7809
* Conductivity SN = 7809
* System UpLoad Time = Oct 28 2020 17:15:20
* <ApplicationData>
* <Seaterm232>
# nquan = 16
# nvalues = 3443                        
# units = specified
# name 0 = depFM: Depth [fresh water, m]
# name 1 = dz/dtM: Descent Rate [m/s]
# name 2 = orp: Oxidation Reduction Potential [mV]
# name 3 = sbeox0Mg/L: Oxygen, SBE 43 [mg/l]
# name 4 = sbeox0PS: Oxygen, SBE 43 [% saturation]
# name 5 = par/sat/log: PAR/Logarithmic, Satlantic
# name 6 = ph: pH
# name 7 = specc: Specific Conductance [uS/cm]
# name 8 = c0uS/cm: Conductivity [uS/cm]
# name 9 = flECO-AFL: Fluorescence, WET Labs ECO-AFL/FL [mg/m^3]
# name 10 = turbWETntu0: Turbidity, WET Labs ECO [NTU]
# name 11 = tv290C: Temperature [ITS-90, deg C]
# name 12 = density00: Density [density, kg/m^3]
# name 13 = prdE: Pressure, Strain Gauge [psi]
# name 14 = prdM: Pressure, Strain Gauge [db]
# name 15 = flag:  0.000e+00
# span 0 =     -0.638,      9.701       
# span 1 =     -4.002,      4.787       
# span 2 =  -517.4766,   249.5737       
# span 3 =     0.1765,    10.2360       
# span 4 =      1.747,    104.332       
# span 5 = 1.2350e-01, 1.5430e+02       
# span 6 =     15.606,     15.826       
# span 7 =      1.842,    137.158       
# span 8 =   1.485739, 104.272041       
# span 9 =    -1.0224,    11.6384       
# span 10 =    -0.3827,    62.2378      
# span 11 =    12.9862,    16.4116      
# span 12 =   998.8934,   999.4747      
# span 13 =     -0.908,     13.798      
# span 14 =     -0.626,      9.514      
# span 15 = 0.0000e+00, 0.0000e+00      
# interval = seconds: 0.25
# start_time = Oct 27 2020 20:58:30 [Instrument's time stamp, header]
# bad_flag = -9.990e-29
*END*
[from data line 1537]
      9.692 -2.089e-07   243.2355     2.2076     21.025 1.2368e-01     15.810     92.897  70.651221     0.2136    22.6091    13.0243   999.4561     13.785      9.504 0.0000e+00
      9.692 -1.899e-08   243.1765     2.2049     21.040 1.2368e-01     15.811     92.842  70.609327     0.1843    22.6029    13.0237   999.4560     13.785      9.504 0.0000e+00
      9.692 -1.726e-09   243.1443     2.2139     21.016 1.2368e-01     15.811     92.823  70.594957     0.1606    22.6624    13.0235   999.4561     13.785      9.504 0.0000e+00
      9.692 -1.570e-10   243.1040     2.2104     20.928 1.2371e-01     15.811     92.751  70.541042     0.1666    22.7110    13.0237   999.4560     13.785      9.504 0.0000e+00
      9.692 -1.427e-11   243.0332     2.2140     20.837 1.2372e-01     15.810     92.569  70.402417     0.1892    22.7100    13.0235   999.4559     13.785      9.504 0.0000e+00
      9.692 -1.297e-12   242.8905     2.2160     20.791 1.2367e-01     15.810     92.291  70.190225     0.2053    22.6841    13.0233   999.4559     13.785      9.504 0.0000e+00
      9.692 -1.179e-13   242.6697     2.2167     20.789 1.2362e-01     15.809     92.055  70.009622     0.1992    22.6389    13.0234   999.4559     13.785      9.504 0.0000e+00
      9.692 -1.072e-14   242.5997     2.2033     20.832 1.2365e-01     15.809     92.041  69.998650     0.1823    22.6437    13.0238   999.4558     13.786      9.505 0.0000e+00
      9.692 -9.745e-16   242.6465     2.1903     20.830 1.2370e-01     15.809     91.952  69.930433     0.1727    22.7418    13.0238   999.4558     13.786      9.505 0.0000e+00
      9.692 -8.860e-17   242.5475     2.1900     20.791 1.2377e-01     15.809     91.475  69.566191     0.1779    22.8293    13.0235   999.4557     13.786      9.505 0.0000e+00
      9.692 -8.055e-18   242.4357     2.1830     20.752 1.2381e-01     15.810     91.018  69.217909     0.1976    22.8784    13.0232   999.4556     13.786      9.505 0.0000e+00
      9.692 -7.320e-19   242.4991     2.1983     20.672 1.2371e-01     15.810     90.846  69.088369     0.2204    22.9230    13.0229   999.4558     13.786      9.505 0.0000e+00
      9.692 -6.655e-20   242.6261     2.1947     20.573 1.2361e-01     15.810     90.750  69.016954     0.2431    22.9911    13.0226   999.4559     13.785      9.504 0.0000e+00
      9.692 -6.050e-21   242.6804     2.1861     20.472 1.2363e-01     15.810     90.548  68.862959     0.2532    23.0499    13.0216   999.4557     13.785      9.504 0.0000e+00
      9.692 -5.500e-22   242.6391     2.1898     20.387 1.2369e-01     15.810     90.321  68.688399     0.2472    23.0845    13.0207   999.4556     13.785      9.504 0.0000e+00
      9.692 -5.000e-23   242.5572     2.1755     20.383 1.2370e-01     15.810     90.152  68.558999     0.2474    23.2383    13.0216   999.4555     13.786      9.505 0.0000e+00
      9.692 -4.547e-24   242.6367     2.1664     20.429 1.2371e-01     15.809     90.000  68.442534     0.2559    23.4663    13.0228   999.4553     13.786      9.505 0.0000e+00
      9.692 -4.227e-25   242.8261     2.1561     20.436 1.2371e-01     15.809     89.893  68.360789     0.2634    23.5754    13.0226   999.4552     13.786      9.505 0.0000e+00
      9.692 -1.405e-25   242.7818     2.1421     20.411 1.2365e-01     15.809     89.856  68.333362     0.2617    23.5624    13.0218   999.4552     13.785      9.504 0.0000e+00
      9.692 -1.135e-24   242.8756     2.1432     20.374 1.2358e-01     15.809     89.814  68.301598     0.2541    23.4459    13.0210   999.4553     13.786      9.505 0.0000e+00
      9.692 -1.245e-23   243.2718     2.1548     20.330 1.2353e-01     15.810     89.722  68.230991     0.2579    23.3006    13.0204   999.4553     13.786      9.505 0.0000e+00
      9.692 -1.370e-22   243.3564     2.1524     20.307 1.2358e-01     15.810     89.653  68.178840     0.2696    23.2820    13.0203   999.4553     13.786      9.505 0.0000e+00
      9.692 -1.507e-21   243.2109     2.1490     20.300 1.2369e-01     15.810     89.569  68.115965     0.2721    23.3579    13.0206   999.4552     13.785      9.504 0.0000e+00
      9.692 -1.657e-20   243.2323     2.1467     20.288 1.2370e-01     15.811     89.473  68.042835     0.2690    23.3937    13.0207   999.4552     13.785      9.504 0.0000e+00
      9.692 -1.823e-19   243.3570     2.1387     20.278 1.2369e-01     15.811     89.408  67.993799     0.2603    23.3714    13.0203   999.4552     13.785      9.504 0.0000e+00
      9.692 -2.005e-18   243.4285     2.1379     20.313 1.2370e-01     15.810     89.291  67.904443     0.2425    23.3292    13.0204   999.4552     13.786      9.505 0.0000e+00
      9.692 -2.206e-17   243.3223     2.1373     20.352 1.2369e-01     15.809     89.140  67.788723     0.2352    23.2960    13.0214   999.4550     13.786      9.505 0.0000e+00
      9.692 -2.426e-16   243.1045     2.1377     20.344 1.2371e-01     15.809     88.991  67.675158     0.2296    23.2444    13.0215   999.4549     13.786      9.505 0.0000e+00
      9.692 -2.669e-15   243.1187     2.1314     20.319 1.2375e-01     15.809     88.825  67.548308     0.2224    23.1519    13.0212   999.4550     13.786      9.505 0.0000e+00
      9.692 -2.936e-14   243.3228     2.1384     20.294 1.2375e-01     15.810     88.713  67.462614     0.2145    23.0703    13.0210   999.4550     13.786      9.505 0.0000e+00
      9.692 -3.230e-13   243.2483     2.1470     20.311 1.2367e-01     15.811     88.633  67.401759     0.2020    23.0473    13.0207   999.4549     13.786      9.505 0.0000e+00
      9.692 -3.553e-12   242.9073     2.1403     20.346 1.2361e-01     15.811     88.527  67.320984     0.1950    23.0791    13.0207   999.4549     13.785      9.504 0.0000e+00
      9.692 -3.908e-11   242.8128     2.1419     20.356 1.2367e-01     15.810     88.433  67.248671     0.1673    23.2145    13.0201   999.4549     13.785      9.504 0.0000e+00
      9.692 -4.299e-10   242.8813     2.1334     20.350 1.2376e-01     15.810     88.321  67.163019     0.1339    23.4487    13.0198   999.4549     13.785      9.504 0.0000e+00
      9.692 -4.728e-09   242.7026     2.1375     20.331 1.2369e-01     15.810     88.170  67.048062     0.1342    23.5753    13.0197   999.4549     13.786      9.505 0.0000e+00
      9.692 -5.201e-08   242.4581     2.1452     20.328 1.2358e-01     15.810     88.027  66.939220     0.1428    23.5792    13.0194   999.4549     13.786      9.505 0.0000e+00
      9.692 -9.535e-08   242.4196     2.1421     20.315 1.2364e-01     15.810     87.928  66.863944     0.1525    23.5298    13.0193   999.4549     13.784      9.504 0.0000e+00
      9.692 -5.200e-08   242.5818     2.1454     20.271 1.2376e-01     15.809     87.893  66.837039     0.1753    23.4243    13.0192   999.4549     13.785      9.505 0.0000e+00
      9.692 -4.729e-09   242.6988     2.1384     20.267 1.2373e-01     15.809     87.935  66.868147     0.1883    23.3335    13.0190   999.4548     13.786      9.505 0.0000e+00
      9.692 -4.299e-10   242.6300     2.1407     20.302 1.2371e-01     15.810     87.923  66.858722     0.1867    23.3245    13.0188   999.4548     13.785      9.504 0.0000e+00
      9.692 -3.908e-11   242.5237     2.1425     20.332 1.2371e-01     15.811     87.745  66.723085     0.1935    23.3846    13.0187   999.4548     13.786      9.505 0.0000e+00
      9.692 -3.553e-12   242.7047     2.1311     20.346 1.2366e-01     15.811     87.535  66.562855     0.2043    23.4075    13.0184   999.4548     13.786      9.505 0.0000e+00
      9.692 -3.230e-13   243.0975     2.1321     20.318 1.2367e-01     15.811     87.466  66.510317     0.1930    23.3948    13.0179   999.4549     13.786      9.505 0.0000e+00
      9.693 -2.936e-14   243.1434     2.1393     20.265 1.2374e-01     15.810     87.579  66.596303     0.1719    23.3693    13.0178   999.4549     13.786      9.505 0.0000e+00
      9.693 -2.669e-15   243.0874     2.1405     20.248 1.2379e-01     15.810     87.397  66.458489     0.1675    23.2365    13.0179   999.4548     13.786      9.505 0.0000e+00
      9.692 -2.427e-16   243.2806     2.1447     20.238 1.2381e-01     15.810     87.447  66.496399     0.1780    23.0600    13.0176   999.4548     13.785      9.504 0.0000e+00
      9.692 -2.206e-17   243.4146     2.1417     20.173 1.2373e-01     15.810     88.513  67.308724     0.1946    22.9850    13.0174   999.4547     13.785      9.504 0.0000e+00
      9.692 -2.005e-18   243.3306     2.1308     20.091 1.2368e-01     15.810     89.442  68.017789     0.2060    22.9480    13.0175   999.4549     13.785      9.504 0.0000e+00
      9.692 -1.823e-19   243.2116     2.1311     20.063 1.2374e-01     15.810     89.768  68.269011     0.2019    22.9215    13.0178   999.4547     13.786      9.505 0.0000e+00
      9.692 -1.657e-20   243.3521     2.1347     20.074 1.2379e-01     15.809     89.990  68.439389     0.1914    22.9739    13.0176   999.4544     13.786      9.505 0.0000e+00
      9.692 -1.509e-21   243.5670     2.1255     20.079 1.2379e-01     15.809     90.305  68.679455     0.1840    23.0664    13.0181   999.4553     13.786      9.505 0.0000e+00
      9.692 -1.617e-22   243.4006     2.1115     20.005 1.2377e-01     15.809     90.907  69.137610     0.1799    23.1137    13.0206   999.4552     13.785      9.504 0.0000e+00
      9.692 -2.846e-22   243.0615     2.1118     19.854 1.2373e-01     15.809     91.672  69.720122     0.1898    23.1327    13.0231   999.4549     13.786      9.505 0.0000e+00
      9.692 -2.995e-21   243.0795     2.1130     19.728 1.2370e-01     15.810     92.460  70.319509     0.2085    23.1590    13.0233   999.4550     13.786      9.505 0.0000e+00
      9.692 -3.293e-20   243.2745     2.1171     19.645 1.2369e-01     15.810     93.248  70.917969     0.2050    23.1229    13.0228   999.4549     13.786      9.505 0.0000e+00
      9.692 -3.623e-19   243.0966     2.1120     19.597 1.2369e-01     15.810     94.082  71.552685     0.1858    23.0399    13.0232   999.4552     13.786      9.505 0.0000e+00
      9.692 -3.985e-18   242.6492     2.0863     19.541 1.2367e-01     15.810     94.944  72.208833     0.1764    23.0125    13.0239   999.4554     13.786      9.505 0.0000e+00
      9.692 -4.384e-17   242.5107     2.0765     19.411 1.2367e-01     15.810     95.820  72.875545     0.1781    23.1018    13.0238   999.4557     13.786      9.505 0.0000e+00
      9.692 -4.822e-16   242.6272     2.0668     19.256 1.2374e-01     15.810     96.657  73.510621     0.1766    23.2959    13.0234   999.4560     13.786      9.505 0.0000e+00
      9.693 -5.304e-15   242.5945     2.0622     19.140 1.2375e-01     15.810     97.355  74.038403     0.1778    23.4369    13.0236   999.4563     13.786      9.505 0.0000e+00
      9.693 -5.835e-14   242.5461     2.0631     19.092 1.2371e-01     15.810     98.120  74.615657     0.1924    23.4323    13.0240   999.4565     13.786      9.505 0.0000e+00
      9.692 -6.418e-13   242.7304     2.0434     19.073 1.2372e-01     15.810     98.910  75.212911     0.1819    23.4115    13.0241   999.4568     13.786      9.505 0.0000e+00
      9.692 -7.060e-12   242.9298     2.0262     19.014 1.2377e-01     15.810     99.505  75.664497     0.1456    23.3920    13.0239   999.4573     13.786      9.505 0.0000e+00
      9.692 -7.766e-11   242.8915     2.0118     18.889 1.2379e-01     15.810    100.038  76.069957     0.1259    23.3339    13.0221   999.4576     13.786      9.505 0.0000e+00
      9.692 -8.542e-10   242.7844     2.0085     18.703 1.2374e-01     15.810    100.675  76.554493     0.1255    23.3268    13.0189   999.4583     13.785      9.504 0.0000e+00
      9.692 -9.397e-09   242.8389     2.0111     18.522 1.2367e-01     15.810    101.354  77.071883     0.1499    23.3061    13.0174   999.4589     13.786      9.505 0.0000e+00
      9.692 -1.034e-07   243.1208     2.0037     18.369 1.2368e-01     15.810    102.074  77.620136     0.1917    23.2210    13.0172   999.4590     13.786      9.505 0.0000e+00
      9.692 -1.895e-07   243.2673     1.9931     18.212 1.2368e-01     15.810    102.784  78.159718     0.2019    23.1562    13.0172   999.4592     13.786      9.505 0.0000e+00
      9.692 -1.033e-07   243.2333     1.9681     18.067 1.2366e-01     15.810    103.162  78.444984     0.1883    23.1067    13.0175   999.4595     13.786      9.505 0.0000e+00
      9.692 -9.395e-09   243.3979     1.9480     17.934 1.2372e-01     15.809    103.354  78.589157     0.1890    22.9653    13.0181   999.4597     13.786      9.505 0.0000e+00
      9.692 -8.540e-10   243.5373     1.9363     17.844 1.2379e-01     15.808    103.577  78.758206     0.1912    22.7514    13.0188   999.4597     13.786      9.505 0.0000e+00
      9.692 -7.765e-11   243.4550     1.9156     17.793 1.2379e-01     15.808    103.762  78.899080     0.1857    22.6494    13.0185   999.4602     13.785      9.504 0.0000e+00
      9.692 -7.060e-12   243.3492     1.9030     17.678 1.2380e-01     15.809    104.004  79.084155     0.1889    22.6926    13.0172   999.4604     13.786      9.505 0.0000e+00
      9.692 -6.415e-13   243.3768     1.8870     17.505 1.2380e-01     15.809    104.344  79.342452     0.2018    23.1023    13.0162   999.4605     13.785      9.505 0.0000e+00
      9.692 -5.835e-14   243.2728     1.8746     17.364 1.2373e-01     15.809    104.689  79.605468     0.2084    23.8272    13.0158   999.4607     13.786      9.505 0.0000e+00
      9.692 -5.305e-15   242.9526     1.8787     17.286 1.2367e-01     15.809    105.009  79.847583     0.2024    24.2464    13.0161   999.4607     13.785      9.504 0.0000e+00
      9.692 -4.821e-16   242.9466     1.8643     17.251 1.2365e-01     15.809    105.351  80.107514     0.1854    24.2574    13.0163   999.4608     13.786      9.505 0.0000e+00
      9.692 -4.382e-17   243.0277     1.8409     17.202 1.2365e-01     15.809    105.645  80.331525     0.1747    23.8571    13.0167   999.4608     13.786      9.505 0.0000e+00
      9.692 -3.984e-18   242.7290     1.8261     17.122 1.2369e-01     15.809    105.893  80.520915     0.1780    23.2171    13.0168   999.4610     13.786      9.505 0.0000e+00
      9.692 -3.622e-19   242.6040     1.8176     17.073 1.2374e-01     15.808    106.186  80.743807     0.1874    22.9399    13.0163   999.4611     13.786      9.505 0.0000e+00
      9.693 -3.293e-20   242.7217     1.8177     17.088 1.2373e-01     15.808    106.512  80.991279     0.1933    22.9426    13.0162   999.4613     13.786      9.505 0.0000e+00
      9.693 -2.993e-21   242.6028     1.8131     17.096 1.2370e-01     15.808    106.818  81.223422     0.1909    22.8381    13.0166   999.4613     13.786      9.505 0.0000e+00
      9.693 -2.721e-22   242.4574     1.8021     17.076 1.2368e-01     15.808    107.035  81.388159     0.1873    22.6724    13.0168   999.4613     13.786      9.505 0.0000e+00
      9.692 -2.474e-23   242.5989     1.7926     17.041 1.2364e-01     15.808    107.293  81.583854     0.1885    22.6214    13.0169   999.4615     13.785      9.505 0.0000e+00
      9.692 -2.249e-24   242.8507     1.8013     16.978 1.2360e-01     15.808    107.673  81.872245     0.1951    22.6335    13.0171   999.4615     13.785      9.505 0.0000e+00
      9.692 -2.044e-25   242.7477     1.8016     16.902 1.2360e-01     15.809    108.026  82.140098     0.1911    22.6122    13.0168   999.4617     13.786      9.505 0.0000e+00
      9.692 -1.858e-26   242.5584     1.7968     16.807 1.2363e-01     15.809    108.291  82.341856     0.1883    22.6049    13.0161   999.4619     13.785      9.505 0.0000e+00
      9.692 -1.690e-27   242.7993     1.7980     16.769 1.2373e-01     15.810    108.623  82.594337     0.1997    22.6481    13.0159   999.4619     13.785      9.504 0.0000e+00
      9.693 -1.536e-28   243.0798     1.7857     16.839 1.2383e-01     15.810    109.029  82.902978     0.2042    22.6535    13.0158   999.4621     13.786      9.505 0.0000e+00
      9.693 -1.398e-29   243.1094     1.7833     16.926 1.2380e-01     15.809    109.351  83.147685     0.1961    22.6009    13.0156   999.4623     13.786      9.505 0.0000e+00
