Data/DataNotYetUploadedToEDI/Raw_CTD/RawDownloads/102824_ccr90_S8188003.cnv
* Sea-Bird SBE19plus  Data File:
* FileName = C:\R\Reservoirs\Data\DataNotYetUploadedToEDI\Raw_CTD\RawDownloads\102824_ccr50_S8188_0003.hex
* Software version 2.8.0.119
* Temperature SN = 8188
* Conductivity SN = 8188
* System UpLoad Time = Oct 31 2024 10:23:00
* <ApplicationData>
* <Seaterm232>
# nquan = 16
# nvalues = 860                         
# units = specified
# name 0 = depFM: Depth [fresh water, m]
# name 1 = dz/dtM: Descent Rate [m/s]
# name 2 = sbeox0Mg/L: Oxygen, SBE 43 [mg/l]
# name 3 = sbeox0PS: Oxygen, SBE 43 [% saturation]
# name 4 = specc: Specific Conductance [uS/cm]
# name 5 = c0uS/cm: Conductivity [uS/cm]
# name 6 = wetCDOM: Fluorescence, WET Labs CDOM [mg/m^3]
# name 7 = flECO-AFL: Fluorescence, WET Labs ECO-AFL/FL [mg/m^3]
# name 8 = flECO-AFL1: Fluorescence, WET Labs ECO-AFL/FL, 2 [mg/m^3]
# name 9 = flECO-AFL2: Fluorescence, WET Labs ECO-AFL/FL, 3 [mg/m^3]
# name 10 = par/sat/log: PAR/Logarithmic, Satlantic
# name 11 = turbWETntu0: Turbidity, WET Labs ECO [NTU]
# name 12 = prdM: Pressure, Strain Gauge [db]
# name 13 = prdE: Pressure, Strain Gauge [psi]
# name 14 = tv290C: Temperature [ITS-90, deg C]
# name 15 = flag:  0.000e+00
# span 0 =     -0.353,      4.005       
# span 1 =     -0.559,      0.120       
# span 2 =     5.1921,    12.6851       
# span 3 =     53.189,    129.805       
# span 4 =   -573.665,    135.241       
# span 5 =-472.341285, 112.212526       
# span 6 =    -4.5000,    22.7700       
# span 7 =    -2.8595,     9.7749       
# span 8 =    -3.6210,     7.7532       
# span 9 =    -2.6226,     4.6107       
# span 10 = 3.4041e+01, 1.7596e+03      
# span 11 =    -1.0800,   119.8017      
# span 12 =     -0.346,      3.928      
# span 13 =     -0.502,      5.697      
# span 14 =    15.4892,    16.5196      
# span 15 = 0.0000e+00, 0.0000e+00      
# interval = seconds: 0.25
# start_time = Oct 28 2024 11:27:57 [Instrument's time stamp, header]
# bad_flag = -9.990e-29
*END*
[from data line 272]
      0.661      0.005     5.6414     57.168    135.015 112.094789    21.7800     3.2517     0.1278     0.6345 6.4901e+02     2.4701      0.648      0.940    16.5098 0.0000e+00
      0.662      0.005     5.6229     57.088    135.015 112.094182    21.7800     3.3242     0.1278     0.5499 6.6964e+02     2.1528      0.649      0.942    16.5094 0.0000e+00
      0.664      0.005     5.6055     57.027    135.031 112.106220    21.7800     3.3089     0.1278     0.5499 6.9817e+02     2.2132      0.651      0.944    16.5089 0.0000e+00
      0.665      0.004     5.5912     56.979    135.048 112.120114    21.7800     3.3089     0.1278     0.5499 6.5610e+02     2.1679      0.652      0.946    16.5084 0.0000e+00
      0.666      0.004     5.5804     56.941    135.054 112.125573    21.7800     3.3013     0.1278     0.5499 6.8494e+02     2.2586      0.653      0.947    16.5080 0.0000e+00
      0.667      0.004     5.5726     56.907    135.052 112.124052    21.7800     3.4806     0.1278     0.5499 6.5895e+02     2.2737      0.654      0.949    16.5077 0.0000e+00
      0.668      0.004     5.5667     56.871    135.046 112.119145    21.7800     3.4882     0.1278     0.6345 7.1180e+02     2.1377      0.655      0.950    16.5075 0.0000e+00
      0.669      0.004     5.5620     56.829    135.035 112.109544    21.7800     3.4730     0.1278     0.6345 6.9741e+02     2.2737      0.656      0.952    16.5073 0.0000e+00
      0.670      0.003     5.5583     56.778    135.020 112.096687    21.7800     3.4844     0.1278     0.6345 6.7754e+02     2.2283      0.657      0.953    16.5073 0.0000e+00
      0.671      0.003     5.5550     56.714    135.007 112.085145    21.7800     3.2937     0.1278     0.6345 6.8912e+02     2.2132      0.658      0.954    16.5073 0.0000e+00
      0.672      0.003     5.5514     56.634    135.001 112.079837    21.6900     3.2746     0.0852     0.5922 7.1164e+02     2.2132      0.658      0.955    16.5073 0.0000e+00
      0.672      0.003     5.5473     56.542    135.006 112.083348    21.6900     3.2632     0.0852     0.5922 6.5113e+02     2.2132      0.659      0.956    16.5072 0.0000e+00
      0.673      0.002     5.5424     56.444    135.017 112.092614    21.6900     3.2860     0.0852     0.5922 6.7387e+02     2.1981      0.660      0.957    16.5071 0.0000e+00
      0.674      0.002     5.5362     56.342    135.029 112.102109    21.6900     3.4730     0.0852     0.5922 6.8942e+02     2.1830      0.660      0.958    16.5069 0.0000e+00
      0.674      0.002     5.5284     56.239    135.034 112.106366    21.8700     3.5149     0.0852     0.5499 6.5610e+02     2.2132      0.661      0.959    16.5067 0.0000e+00
      0.675      0.002     5.5194     56.140    135.035 112.106520    21.8700     3.4730     0.0852     0.5499 6.3134e+02     2.0773      0.661      0.959    16.5066 0.0000e+00
      0.675      0.002     5.5098     56.053    135.040 112.110610    21.8700     3.4577     0.0852     0.5499 6.9333e+02     2.1679      0.662      0.960    16.5065 0.0000e+00
      0.676      0.002     5.4999     55.986    135.051 112.119728    21.8700     3.4005     0.0852     0.5499 7.3076e+02     2.1981      0.662      0.961    16.5064 0.0000e+00
      0.676      0.002     5.4899     55.934    135.061 112.128305    21.7800     3.4196     0.0852     0.5499 6.5183e+02     2.2132      0.663      0.962    16.5062 0.0000e+00
      0.677      0.001     5.4803     55.889    135.063 112.130632    21.7800     3.4501     0.0852     0.5499 6.3313e+02     2.1830      0.663      0.963    16.5061 0.0000e+00
      0.677      0.001     5.4718     55.850    135.059 112.127329    21.7800     3.4310     0.0852     0.5499 6.6659e+02     2.3643      0.664      0.963    16.5061 0.0000e+00
      0.677      0.001     5.4652     55.823    135.052 112.121513    21.7800     3.5378     0.0852     0.5499 6.4507e+02     2.1528      0.664      0.963    16.5061 0.0000e+00
      0.677      0.001     5.4601     55.812    135.045 112.115634    21.7800     3.5226     0.0852     0.5499 6.5453e+02     2.1981      0.664      0.963    16.5062 0.0000e+00
      0.678      0.001     5.4557     55.800    135.040 112.112123    21.7800     3.5226     0.0852     0.5922 6.6082e+02     2.1528      0.664      0.964    16.5063 0.0000e+00
      0.678      0.001     5.4518     55.775    135.032 112.106044    21.7800     3.5416     0.0852     0.5922 6.3824e+02     2.1679      0.665      0.964    16.5065 0.0000e+00
      0.678      0.001     5.4493     55.741    135.020 112.095775    21.7800     3.4424     0.0852     0.5922 6.7211e+02     2.2737      0.665      0.965    16.5066 0.0000e+00
      0.679      0.001     5.4481     55.701    135.004 112.082579    21.7800     3.4119     0.0852     0.5922 6.6226e+02     2.2132      0.665      0.965    16.5067 0.0000e+00
      0.679      0.001     5.4469     55.652    134.987 112.068935    21.7800     3.4157     0.1278     0.6768 6.3011e+02     2.3341      0.666      0.966    16.5068 0.0000e+00
      0.679      0.002     5.4445     55.586    134.978 112.061202    21.7800     3.4119     0.1278     0.6768 6.3148e+02     2.3643      0.666      0.966    16.5069 0.0000e+00
      0.680      0.002     5.4412     55.507    134.976 112.059319    21.7800     3.4692     0.1278     0.6768 6.5838e+02     2.3492      0.666      0.967    16.5070 0.0000e+00
      0.680      0.002     5.4373     55.426    134.978 112.060782    21.7800     3.4653     0.1278     0.6768 6.1979e+02     2.3945      0.667      0.967    16.5070 0.0000e+00
      0.681      0.002     5.4325     55.346    134.984 112.065982    21.6900     3.4806     0.1278     0.5922 6.1938e+02     2.2888      0.668      0.968    16.5069 0.0000e+00
      0.681      0.002     5.4260     55.272    134.996 112.076306    21.6900     3.5073     0.1278     0.5922 5.7715e+02     2.3643      0.668      0.969    16.5069 0.0000e+00
      0.682      0.003     5.4184     55.207    135.009 112.086509    21.6900     3.4310     0.1278     0.5922 6.2141e+02     2.3643      0.669      0.970    16.5068 0.0000e+00
      0.682      0.003     5.4104     55.150    135.014 112.091313    21.6900     3.4157     0.1278     0.5922 5.7652e+02     2.3492      0.669      0.971    16.5068 0.0000e+00
      0.683      0.003     5.4026     55.100    135.015 112.091998    21.6900     3.4157     0.1278     0.5922 5.1403e+02     2.3794      0.670      0.972    16.5069 0.0000e+00
      0.684      0.004     5.3953     55.050    135.007 112.084749    21.6900     3.4196     0.1278     0.6345 4.8348e+02     2.3190      0.671      0.973    16.5069 0.0000e+00
      0.685      0.004     5.3890     54.992    134.992 112.071632    21.6900     3.4577     0.1278     0.6345 4.5247e+02     2.3039      0.672      0.974    16.5070 0.0000e+00
      0.686      0.005     5.3835     54.917    134.980 112.061147    21.6900     3.4730     0.1278     0.6345 4.4035e+02     2.1679      0.673      0.976    16.5070 0.0000e+00
      0.687      0.006     5.3786     54.820    134.975 112.056495    21.6900     3.4768     0.1278     0.6345 4.6392e+02     2.1981      0.674      0.978    16.5069 0.0000e+00
      0.689      0.006     5.3738     54.700    134.981 112.060437    21.7800     3.4806     0.0852     0.5922 4.9906e+02     2.2283      0.676      0.980    16.5068 0.0000e+00
      0.691      0.007     5.3682     54.565    134.994 112.070023    21.7800     3.4577     0.0852     0.5922 5.5393e+02     2.4398      0.677      0.983    16.5066 0.0000e+00
      0.693      0.007     5.3608     54.429    135.007 112.079811    21.7800     3.4806     0.0852     0.5922 6.1070e+02     2.4096      0.679      0.985    16.5064 0.0000e+00
      0.695      0.006     5.3513     54.304    135.020 112.090412    21.7800     3.4539     0.0852     0.5922 5.9731e+02     2.4549      0.681      0.988    16.5060 0.0000e+00
      0.697      0.006     5.3397     54.204    135.028 112.096654    21.7800     3.4501     0.0852     0.6345 6.3547e+02     2.3039      0.683      0.991    16.5056 0.0000e+00
      0.698      0.005     5.3266     54.133    135.027 112.096203    21.7800     3.4653     0.0852     0.6345 6.1163e+02     2.1226      0.685      0.993    16.5052 0.0000e+00
      0.699      0.004     5.3133     54.092    135.028 112.096937    21.7800     3.4577     0.0852     0.6345 5.8702e+02     2.2737      0.686      0.994    16.5050 0.0000e+00
      0.700      0.004     5.3012     54.081    135.030 112.099051    21.7800     3.4386     0.0852     0.6345 6.1482e+02     2.1528      0.687      0.996    16.5048 0.0000e+00
      0.701      0.003     5.2914     54.098    135.029 112.099111    21.8700     3.4806     0.0852     0.5076 6.3258e+02     2.2132      0.687      0.997    16.5047 0.0000e+00
      0.702      0.002     5.2844     54.134    135.020 112.093133    21.8700     3.5340     0.0852     0.5076 6.6298e+02     2.4096      0.688      0.998    16.5047 0.0000e+00
      0.702      0.002     5.2804     54.182    135.005 112.081523    21.8700     3.5340     0.0852     0.5076 5.9614e+02     2.4398      0.688      0.998    16.5048 0.0000e+00
      0.702      0.001     5.2793     54.232    134.999 112.077181    21.8700     3.5378     0.0852     0.5076 6.2574e+02     2.5305      0.689      0.999    16.5051 0.0000e+00
      0.703      0.001     5.2809     54.274    135.005 112.082950    21.8700     3.5531     0.0852     0.5076 6.0410e+02     2.4549      0.689      0.999    16.5054 0.0000e+00
      0.703      0.001     5.2844     54.301    135.010 112.088368    21.8700     3.5111     0.0852     0.5499 6.0174e+02     2.3945      0.689      0.999    16.5057 0.0000e+00
      0.703      0.001     5.2890     54.306    135.010 112.088884    21.8700     3.4768     0.0852     0.5499 6.3244e+02     2.1075      0.689      1.000    16.5061 0.0000e+00
      0.704      0.001     5.2939     54.289    135.004 112.084634    21.8700     3.4730     0.0852     0.5499 6.1496e+02     2.0924      0.690      1.000    16.5064 0.0000e+00
      0.704      0.001     5.2981     54.257    134.996 112.078484    21.8700     3.4920     0.0852     0.5499 5.9549e+02     2.2283      0.690      1.000    16.5067 0.0000e+00
      0.704      0.001     5.3006     54.214    134.988 112.072794    21.8700     3.4653     0.0852     0.5499 5.8702e+02     2.2132      0.690      1.001    16.5069 0.0000e+00
      0.704      0.002     5.3011     54.165    134.982 112.068046    21.8700     3.6141     0.0852     0.5499 5.7590e+02     2.1226      0.691      1.001    16.5072 0.0000e+00
      0.705      0.002     5.2994     54.120    134.984 112.070971    21.8700     3.5912     0.0852     0.5499 5.2772e+02     2.1830      0.691      1.002    16.5075 0.0000e+00
      0.705      0.003     5.2963     54.082    134.988 112.074353    21.8700     3.6217     0.0852     0.5499 5.2214e+02     2.0924      0.692      1.003    16.5078 0.0000e+00
      0.706      0.003     5.2920     54.051    134.973 112.063096    21.6900     3.5874     0.1278     0.5922 4.9238e+02     2.2132      0.693      1.004    16.5081 0.0000e+00
      0.707      0.004     5.2872     54.024    134.957 112.050193    21.6900     3.4920     0.1278     0.5922 4.5971e+02     2.4398      0.693      1.005    16.5084 0.0000e+00
      0.708      0.005     5.2827     53.996    134.958 112.050202    21.6900     3.4653     0.1278     0.5922 4.5326e+02     2.3039      0.694      1.007    16.5087 0.0000e+00
      0.709      0.005     5.2790     53.954    134.969 112.059125    21.6900     3.4653     0.1278     0.5922 4.5257e+02     2.3794      0.696      1.009    16.5090 0.0000e+00
      0.711      0.005     5.2759     53.896    134.984 112.071344    21.6900     3.4730     0.1278     0.5922 4.5871e+02     2.3341      0.697      1.011    16.5092 0.0000e+00
      0.713      0.005     5.2734     53.834    134.990 112.076119    21.7800     3.5187     0.0852     0.6345 4.6392e+02     2.3794      0.699      1.014    16.5093 0.0000e+00
      0.714      0.004     5.2706     53.784    134.981 112.068726    21.7800     3.5226     0.0852     0.6345 5.0189e+02     2.3341      0.701      1.016    16.5092 0.0000e+00
      0.715      0.004     5.2665     53.749    134.970 112.059189    21.7800     3.5493     0.0852     0.6345 5.1604e+02     2.3643      0.702      1.018    16.5090 0.0000e+00
      0.716      0.003     5.2609     53.726    134.963 112.052966    21.7800     3.5302     0.0852     0.6345 5.5212e+02     2.3190      0.702      1.019    16.5089 0.0000e+00
      0.716      0.003     5.2549     53.708    134.958 112.048396    21.8700     3.4577     0.0852     0.6768 5.7129e+02     2.2737      0.702      1.019    16.5088 0.0000e+00
      0.716      0.003     5.2500     53.683    134.954 112.044259    21.8700     3.4577     0.0852     0.6768 5.8206e+02     2.1679      0.702      1.019    16.5087 0.0000e+00
      0.717      0.003     5.2466     53.636    134.952 112.041454    21.8700     3.4997     0.0852     0.6768 6.2384e+02     2.1377      0.703      1.020    16.5085 0.0000e+00
      0.718      0.004     5.2443     53.562    134.956 112.043231    21.8700     3.5149     0.0852     0.6768 6.4507e+02     2.1679      0.704      1.021    16.5084 0.0000e+00
      0.719      0.004     5.2426     53.463    134.967 112.052062    21.7800     3.3776     0.0852     0.5499 5.9485e+02     2.2435      0.705      1.023    16.5081 0.0000e+00
      0.720      0.005     5.2402     53.353    134.983 112.064304    21.7800     3.3394     0.0852     0.5499 6.7725e+02     2.0773      0.707      1.025    16.5078 0.0000e+00
      0.722      0.005     5.2357     53.256    134.991 112.071225    21.7800     3.3585     0.0852     0.5499 6.1070e+02     2.1528      0.708      1.027    16.5075 0.0000e+00
      0.723      0.004     5.2285     53.196    134.989 112.068672    21.7800     3.3280     0.0852     0.5499 6.0318e+02     2.2737      0.709      1.029    16.5071 0.0000e+00
      0.724      0.004     5.2189     53.189    134.979 112.059962    21.8700     3.7553     0.1278     0.4230 5.9163e+02     2.2737      0.710      1.030    16.5069 0.0000e+00
      0.725      0.003     5.2081     53.248    134.969 112.050771    21.8700     3.7171     0.1278     0.4230 6.3588e+02     2.1981      0.711      1.031    16.5067 0.0000e+00
      0.726      0.003     5.1987     53.394    134.962 112.042647    21.8700     3.7438     0.1278     0.4230 6.4816e+02     2.2888      0.712      1.032    16.5066 0.0000e+00
      0.727      0.003     5.1928     53.662    134.954 112.033425    21.8700     3.7019     0.1278     0.4230 6.1777e+02     2.2888      0.713      1.034    16.5064 0.0000e+00
      0.727      0.002     5.1921     54.125    134.944 112.020644    21.8700     3.5302     0.1278     0.4230 6.4591e+02     2.3039      0.713      1.035    16.5062 0.0000e+00
      0.728      0.002     5.1980     54.916    134.931 112.002896    21.8700     3.5378     0.1278     0.4653 6.5967e+02     2.3190      0.714      1.035    16.5058 0.0000e+00
      0.728      0.002     5.2124     56.264    134.931 111.991445    21.8700     3.5569     0.1278     0.4653 6.3079e+02     2.3039      0.714      1.036    16.5051 0.0000e+00
      0.728      0.001     5.2386     58.578    134.956 111.995234    21.8700     3.5226     0.1278     0.4653 6.4816e+02     2.3341      0.714      1.036    16.5040 0.0000e+00
      0.729      0.001     5.2840     62.541    134.990 112.001277    21.8700     3.2212     0.1278     0.4653 6.3437e+02     2.1981      0.714      1.036    16.5024 0.0000e+00
      0.729      0.001     5.3617     68.860    135.025 112.009184    21.8700     3.2517     0.0852     0.3807 6.1790e+02     2.2435      0.715      1.037    16.4998 0.0000e+00
      0.729      0.001     5.4938     77.668    135.073 112.031060    21.8700     3.2021     0.0852     0.3807 6.0331e+02     2.2283      0.715      1.037    16.4956 0.0000e+00
