Data/DataNotYetUploadedToEDI/Raw_CTD/RawDownloads/102825_ccr50_S8188002.cnv
* Sea-Bird SBE19plus  Data File:
* FileName = C:\R\Reservoirs\Data\DataNotYetUploadedToEDI\Raw_CTD\RawDownloads\102725_bvr50_S8188_0002.hex
* Software version 2.8.0.119
* Temperature SN = 8188
* Conductivity SN = 8188
* System UpLoad Time = Nov 05 2025 17:24:42
* <ApplicationData>
* <Seaterm232>
# nquan = 16
# nvalues = 3334                        
# units = specified
# name 0 = depFM: Depth [fresh water, m]
# name 1 = dz/dtM: Descent Rate [m/s]
# name 2 = sbeox0Mg/L: Oxygen, SBE 43 [mg/l]
# name 3 = sbeox0PS: Oxygen, SBE 43 [% saturation]
# name 4 = specc: Specific Conductance [uS/cm]
# name 5 = c0uS/cm: Conductivity [uS/cm]
# name 6 = wetCDOM: Fluorescence, WET Labs CDOM [mg/m^3]
# name 7 = flECO-AFL: Fluorescence, WET Labs ECO-AFL/FL [mg/m^3]
# name 8 = flECO-AFL1: Fluorescence, WET Labs ECO-AFL/FL, 2 [mg/m^3]
# name 9 = flECO-AFL2: Fluorescence, WET Labs ECO-AFL/FL, 3 [mg/m^3]
# name 10 = par/sat/log: PAR/Logarithmic, Satlantic
# name 11 = turbWETntu0: Turbidity, WET Labs ECO [NTU]
# name 12 = prdM: Pressure, Strain Gauge [db]
# name 13 = prdE: Pressure, Strain Gauge [psi]
# name 14 = tv290C: Temperature [ITS-90, deg C]
# name 15 = flag:  0.000e+00
# span 0 =     -0.467,     20.237       
# span 1 =     -0.338,      0.121       
# span 2 =    -0.4014,    10.8753       
# span 3 =     -3.837,    100.960       
# span 4 =   -629.987,    304.199       
# span 5 =-497.130219, 218.767768       
# span 6 =    -4.5000,    49.5000       
# span 7 =    -0.2960,    11.7014       
# span 8 =    -2.1300,     0.3834       
# span 9 =    -2.0304,     1.0575       
# span 10 = 1.1587e-01, 3.3964e+02      
# span 11 =    -1.1404,    94.2869      
# span 12 =     -0.458,     19.845      
# span 13 =     -0.665,     28.784      
# span 14 =     9.6646,    15.6679      
# span 15 = 0.0000e+00, 0.0000e+00      
# interval = seconds: 0.25
# start_time = Oct 28 2025 10:34:10 [Instrument's time stamp, header]
# bad_flag = -9.990e-29
*END*
[from data line 724]
      0.415     -0.001     5.4490     54.510    105.887  84.597334    13.8600     2.7939     0.1278     0.9306 8.2682e+01     1.0349      0.407      0.590    14.9381 0.0000e+00
      0.415     -0.001     5.4556     54.757    105.898  84.612899    13.8600     2.8054     0.1278     0.8460 8.1434e+01     0.9443      0.407      0.590    14.9367 0.0000e+00
      0.415     -0.000     5.4659     55.029    105.924  84.632223    13.8600     2.6528     0.1278     0.8460 8.6037e+01     0.8386      0.407      0.590    14.9369 0.0000e+00
      0.415     -0.000     5.4813     55.307    105.936  84.630504    13.8600     2.6528     0.1278     0.8460 8.7090e+01     0.8083      0.406      0.590    14.9394 0.0000e+00
      0.414      0.000     5.5018     55.558    105.936  84.611277    13.8600     2.6833     0.1278     0.8460 8.5906e+01     0.8235      0.406      0.590    14.9436 0.0000e+00
      0.414      0.000     5.5263     55.753    105.935  84.589383    13.8600     2.6948     0.1278     0.8883 7.1108e+01     0.7177      0.406      0.590    14.9467 0.0000e+00
      0.415      0.001     5.5539     55.874    105.943  84.576954    13.8600     2.7710     0.1278     0.8883 9.3199e+01     0.9141      0.407      0.590    14.9459 0.0000e+00
      0.415      0.001     5.5826     55.911    105.967  84.580660    13.8600     2.7520     0.1278     0.8883 8.1116e+01     0.7177      0.407      0.591    14.9406 0.0000e+00
      0.416      0.001     5.6091     55.864    105.973  84.575529    13.8600     2.7215     0.1278     0.8883 8.5125e+01     0.7781      0.407      0.591    14.9317 0.0000e+00
      0.416      0.001     5.6299     55.749    105.951  84.552203    13.8600     2.7291     0.1278     0.8460 8.4224e+01     0.8083      0.408      0.591    14.9217 0.0000e+00
      0.416      0.001     5.6433     55.580    105.966  84.560376    13.8600     2.6223     0.1278     0.8460 9.2252e+01     0.9745      0.408      0.592    14.9125 0.0000e+00
      0.417      0.001     5.6479     55.376    106.027  84.606222    13.8600     2.6146     0.1278     0.8460 7.7582e+01     0.9292      0.409      0.593    14.9055 0.0000e+00
      0.417      0.001     5.6437     55.161    106.060  84.630076    13.8600     2.5879     0.1278     0.8460 8.7014e+01     1.0047      0.409      0.593    14.9009 0.0000e+00
      0.417      0.001     5.6323     54.945    106.037  84.608347    13.8600     2.6261     0.1278     0.7191 8.6299e+01     1.0349      0.409      0.594    14.8980 0.0000e+00
      0.418      0.001     5.6155     54.743    106.003  84.577176    13.8600     2.7329     0.1278     0.7191 9.2654e+01     1.1407      0.410      0.594    14.8961 0.0000e+00
      0.418      0.001     5.5951     54.570    106.009  84.578172    13.8600     2.7367     0.1278     0.7191 7.9029e+01     1.0047      0.410      0.594    14.8949 0.0000e+00
      0.418      0.001     5.5735     54.426    106.040  84.601616    13.8600     2.7558     0.1278     0.7191 9.2092e+01     1.0652      0.410      0.595    14.8937 0.0000e+00
      0.418      0.001     5.5519     54.307    106.046  84.607832    13.8600     2.7176     0.1278     0.7191 8.5943e+01     1.0652      0.410      0.595    14.8921 0.0000e+00
      0.419      0.001     5.5317     54.210    106.014  84.586494    13.8600     2.7138     0.1278     0.7614 8.4922e+01     0.9292      0.411      0.595    14.8901 0.0000e+00
      0.419      0.001     5.5144     54.140    105.978  84.565861    13.8600     2.7367     0.1278     0.7614 8.0153e+01     0.9896      0.411      0.596    14.8885 0.0000e+00
      0.419      0.001     5.5000     54.105    105.974  84.574378    13.8600     2.7558     0.1278     0.7614 9.7614e+01     1.0349      0.411      0.596    14.8878 0.0000e+00
      0.419      0.001     5.4879     54.120    105.998  84.608327    13.8600     2.7482     0.1278     0.7614 8.0292e+01     1.0047      0.411      0.596    14.8884 0.0000e+00
      0.419      0.001     5.4779     54.185    106.012  84.634826    13.8600     2.6719     0.1278     0.8037 8.5925e+01     0.7479      0.411      0.596    14.8905 0.0000e+00
      0.419      0.001     5.4703     54.310    105.987  84.628991    13.8600     2.6604     0.1278     0.8037 9.3972e+01     0.8083      0.411      0.597    14.8943 0.0000e+00
      0.420      0.001     5.4661     54.512    105.953  84.615227    13.8600     2.6948     0.1278     0.8037 8.5850e+01     0.7479      0.412      0.597    14.8997 0.0000e+00
      0.420      0.001     5.4667     54.800    105.938  84.619817    13.8600     2.6452     0.1278     0.8037 7.7971e+01     0.7026      0.412      0.597    14.9068 0.0000e+00
      0.420      0.001     5.4725     55.163    105.922  84.626014    13.8600     2.6070     0.1278     0.8037 9.8424e+01     0.7328      0.412      0.598    14.9141 0.0000e+00
      0.421      0.001     5.4843     55.578    105.885  84.613504    13.8600     2.6108     0.1278     0.8037 7.3816e+01     0.7479      0.412      0.598    14.9205 0.0000e+00
      0.421      0.001     5.5039     56.034    105.850  84.596926    13.8600     2.6299     0.1278     0.8037 7.6394e+01     0.5817      0.413      0.599    14.9270 0.0000e+00
      0.421      0.001     5.5321     56.534    105.861  84.609801    13.8600     2.6452     0.1278     0.8037 9.4238e+01     0.8235      0.413      0.599    14.9349 0.0000e+00
      0.422      0.001     5.5676     57.086    105.909  84.645578    13.8600     2.7405     0.1278     0.8037 8.9177e+01     0.7177      0.413      0.600    14.9438 0.0000e+00
      0.422      0.001     5.6086     57.686    105.949  84.671861    13.8600     2.7520     0.1278     0.8037 7.9355e+01     0.6724      0.414      0.600    14.9519 0.0000e+00
      0.422      0.001     5.6539     58.323    105.957  84.671695    13.8600     2.7443     0.1278     0.8037 8.6205e+01     0.6875      0.414      0.600    14.9574 0.0000e+00
      0.422      0.001     5.7042     58.992    105.946  84.657018    13.8600     2.7291     0.1278     0.8037 8.9313e+01     0.6422      0.414      0.601    14.9593 0.0000e+00
      0.423      0.001     5.7600     59.689    105.951  84.655865    13.8600     2.7978     0.1278     0.8037 8.2306e+01     1.0652      0.414      0.601    14.9581 0.0000e+00
      0.423      0.001     5.8209     60.386    105.965  84.663936    13.8600     2.7749     0.1278     0.8883 8.8214e+01     1.0652      0.414      0.601    14.9553 0.0000e+00
      0.423      0.001     5.8856     61.046    105.955  84.655425    13.8600     2.8206     0.1278     0.8883 8.5496e+01     1.0349      0.414      0.601    14.9522 0.0000e+00
      0.423      0.001     5.9535     61.632    105.924  84.632056    13.8600     2.8359     0.1278     0.8883 8.6186e+01     1.0652      0.415      0.602    14.9493 0.0000e+00
      0.424      0.000     6.0241     62.121    105.921  84.633528    13.8600     2.7482     0.1278     0.8883 8.7641e+01     0.7630      0.415      0.602    14.9468 0.0000e+00
      0.424      0.000     6.0947     62.487    105.968  84.678206    13.8600     2.7367     0.1278     0.9306 8.4701e+01     0.7781      0.415      0.602    14.9454 0.0000e+00
      0.423      0.000     6.1613     62.710    106.012  84.722088    13.8600     2.7291     0.1278     0.9306 8.6205e+01     0.7479      0.415      0.602    14.9452 0.0000e+00
      0.423      0.000     6.2204     62.785    106.008  84.728953    13.8600     2.7596     0.1278     0.9306 8.7260e+01     0.6724      0.415      0.602    14.9460 0.0000e+00
      0.424      0.000     6.2694     62.727    105.985  84.722596    13.8600     2.6719     0.1278     0.9306 8.2395e+01     1.0198      0.415      0.602    14.9478 0.0000e+00
      0.424      0.000     6.3059     62.559    105.981  84.731278    13.8600     2.6642     0.1278     0.8037 9.1732e+01     1.0803      0.415      0.602    14.9508 0.0000e+00
      0.423      0.000     6.3278     62.302    105.971  84.735347    13.8600     2.6795     0.1278     0.8037 8.1807e+01     0.9594      0.415      0.602    14.9550 0.0000e+00
      0.423      0.000     6.3348     61.974    105.932  84.713924    13.8600     2.6566     0.1278     0.8037 8.4297e+01     0.9443      0.415      0.602    14.9601 0.0000e+00
      0.423      0.000     6.3282     61.600    105.908  84.703230    13.8600     2.6795     0.1278     0.8037 9.3768e+01     0.9594      0.414      0.601    14.9655 0.0000e+00
      0.423      0.000     6.3105     61.207    105.906  84.708403    13.8600     2.7024     0.1278     0.8037 8.2647e+01     1.0652      0.414      0.601    14.9712 0.0000e+00
      0.423      0.000     6.2838     60.817    105.885  84.696874    13.7700     2.6871     0.1278     0.9306 8.2898e+01     0.8839      0.414      0.602    14.9768 0.0000e+00
      0.423      0.000     6.2501     60.441    105.850  84.675554    13.7700     2.7024     0.1278     0.9306 9.1693e+01     1.0349      0.415      0.602    14.9816 0.0000e+00
      0.424      0.000     6.2118     60.084    105.821  84.660723    13.7700     2.6948     0.1278     0.9306 8.2413e+01     0.9896      0.415      0.603    14.9855 0.0000e+00
      0.424      0.000     6.1718     59.756    105.807  84.660408    13.7700     2.6757     0.1278     0.9306 8.4260e+01     1.0349      0.415      0.603    14.9886 0.0000e+00
      0.423      0.000     6.1321     59.458    105.793  84.662545    13.8600     2.6833     0.1278     0.8460 8.6430e+01     0.9443      0.415      0.603    14.9913 0.0000e+00
      0.423      0.000     6.0938     59.190    105.772  84.659716    13.8600     2.6871     0.1278     0.8460 8.4425e+01     1.0047      0.415      0.602    14.9943 0.0000e+00
      0.423      0.000     6.0573     58.953    105.757  84.659155    13.8600     2.7367     0.1278     0.8460 8.8540e+01     1.0349      0.415      0.602    14.9981 0.0000e+00
      0.423      0.000     6.0235     58.750    105.748  84.660714    13.8600     2.7672     0.1278     0.8460 7.8141e+01     0.9745      0.415      0.603    15.0032 0.0000e+00
      0.423      0.000     5.9927     58.578    105.732  84.656819    13.9500     2.7787     0.1278     0.9306 8.2970e+01     0.9443      0.415      0.603    15.0096 0.0000e+00
      0.423      0.000     5.9648     58.426    105.702  84.642440    13.9500     2.7939     0.1278     0.9306 9.2977e+01     1.0349      0.415      0.602    15.0163 0.0000e+00
      0.423      0.000     5.9403     58.283    105.686  84.637705    13.9500     2.7443     0.1278     0.9306 8.1134e+01     1.1407      0.415      0.602    15.0217 0.0000e+00
      0.423      0.000     5.9193     58.142    105.698  84.653334    13.9500     2.7367     0.1278     0.9306 7.6494e+01     1.0349      0.415      0.602    15.0260 0.0000e+00
      0.423      0.000     5.9014     57.993    105.723  84.677518    13.9500     2.7443     0.1278     0.9306 8.9527e+01     1.0349      0.415      0.602    15.0301 0.0000e+00
      0.423      0.000     5.8855     57.827    105.750  84.700733    13.8600     2.7367     0.1278     0.8460 8.7336e+01     1.0349      0.415      0.602    15.0344 0.0000e+00
      0.423      0.000     5.8706     57.640    105.788  84.729168    13.8600     2.6032     0.1278     0.8460 8.4848e+01     0.7479      0.415      0.602    15.0383 0.0000e+00
      0.423      0.000     5.8560     57.441    105.839  84.766412    13.8600     2.6223     0.1278     0.8460 8.4242e+01     0.7630      0.415      0.602    15.0413 0.0000e+00
      0.423      0.000     5.8408     57.239    105.878  84.794439    13.8600     2.6375     0.1278     0.8460 8.7223e+01     0.7479      0.415      0.602    15.0433 0.0000e+00
      0.423      0.000     5.8239     57.048    105.893  84.804748    13.8600     2.6223     0.1278     0.9729 8.4756e+01     0.7630      0.415      0.603    15.0440 0.0000e+00
      0.424      0.001     5.8053     56.877    105.896  84.808075    13.8600     2.6871     0.1278     0.9729 8.6336e+01     0.9594      0.416      0.603    15.0430 0.0000e+00
      0.424      0.001     5.7854     56.726    105.913  84.825276    13.8600     2.6948     0.1278     0.9729 8.5292e+01     1.0803      0.416      0.603    15.0414 0.0000e+00
      0.424      0.001     5.7653     56.595    105.944  84.856945    13.8600     2.6795     0.1278     0.9729 8.0572e+01     1.0349      0.416      0.603    15.0399 0.0000e+00
      0.424      0.001     5.7461     56.486    105.963  84.881574    13.8600     2.7024     0.1278     0.8037 9.5247e+01     1.0047      0.416      0.603    15.0392 0.0000e+00
      0.424      0.001     5.7289     56.399    105.963  84.891751    13.8600     2.6375     0.1278     0.8037 8.4096e+01     1.1105      0.416      0.604    15.0394 0.0000e+00
      0.425      0.001     5.7135     56.333    105.937  84.882204    13.8600     2.6146     0.1278     0.8037 8.2521e+01     0.9745      0.417      0.604    15.0412 0.0000e+00
      0.425      0.001     5.6999     56.293    105.872  84.838406    13.8600     2.6261     0.1278     0.8037 8.1967e+01     1.0954      0.417      0.605    15.0445 0.0000e+00
      0.426      0.001     5.6883     56.281    105.808  84.790614    13.8600     2.6642     0.0852     1.0152 9.3118e+01     1.1105      0.418      0.606    15.0488 0.0000e+00
      0.426      0.001     5.6789     56.295    105.787  84.776005    13.8600     2.7215     0.0852     1.0152 8.7679e+01     1.0652      0.418      0.606    15.0538 0.0000e+00
      0.426      0.001     5.6717     56.329    105.780  84.770715    13.8600     2.7443     0.0852     1.0152 8.0537e+01     0.9745      0.418      0.606    15.0590 0.0000e+00
      0.427      0.001     5.6671     56.371    105.768  84.761352    13.8600     2.7443     0.0852     1.0152 8.6487e+01     1.0349      0.418      0.607    15.0628 0.0000e+00
      0.427      0.002     5.6657     56.408    105.766  84.757401    13.8600     2.7520     0.0852     1.0152 8.9917e+01     0.9745      0.419      0.608    15.0647 0.0000e+00
      0.428      0.002     5.6670     56.426    105.771  84.757807    13.8600     2.7710     0.1278     0.9306 8.2306e+01     1.0803      0.419      0.608    15.0655 0.0000e+00
      0.428      0.002     5.6704     56.419    105.776  84.758686    13.8600     2.7596     0.1278     0.9306 8.2413e+01     1.0652      0.420      0.609    15.0659 0.0000e+00
      0.428      0.002     5.6747     56.377    105.766  84.748290    13.8600     2.7558     0.1278     0.9306 8.9995e+01     1.0349      0.420      0.609    15.0658 0.0000e+00
      0.429      0.002     5.6785     56.299    105.728  84.715859    13.8600     2.7291     0.1278     0.9306 8.4004e+01     1.0954      0.421      0.610    15.0648 0.0000e+00
      0.430      0.002     5.6806     56.189    105.683  84.676707    13.8600     2.7672     0.1278     0.8037 8.8041e+01     0.9443      0.421      0.611    15.0633 0.0000e+00
      0.430      0.001     5.6800     56.051    105.675  84.668320    13.8600     2.7978     0.1278     0.8037 7.7212e+01     0.9896      0.422      0.612    15.0617 0.0000e+00
      0.430      0.001     5.6760     55.888    105.727  84.708430    13.8600     2.8245     0.1278     0.8037 9.2493e+01     1.0803      0.422      0.612    15.0605 0.0000e+00
      0.431      0.001     5.6683     55.703    105.807  84.771790    13.8600     2.7787     0.1278     0.8037 8.1116e+01     0.8990      0.422      0.613    15.0594 0.0000e+00
      0.431      0.001     5.6573     55.502    105.854  84.809395    13.8600     2.7939     0.1278     0.8037 8.9197e+01     1.0652      0.423      0.613    15.0582 0.0000e+00
      0.431      0.001     5.6436     55.293    105.863  84.817296    13.8600     2.8550     0.1278     0.8037 8.0659e+01     0.8990      0.423      0.613    15.0571 0.0000e+00
      0.431      0.000     5.6272     55.087    105.884  84.835541    13.8600     2.8397     0.1278     0.8037 9.3199e+01     1.0047      0.423      0.613    15.0565 0.0000e+00
