Data/DataNotYetUploadedToEDI/Raw_CTD/RawDownloads/102825_ccr50_S8188002.cnv
* Sea-Bird SBE19plus  Data File:
* FileName = C:\R\Reservoirs\Data\DataNotYetUploadedToEDI\Raw_CTD\RawDownloads\102725_bvr50_S8188_0002.hex
* Software version 2.8.0.119
* Temperature SN = 8188
* Conductivity SN = 8188
* System UpLoad Time = Nov 05 2025 17:24:42
* <ApplicationData>
* <Seaterm232>
# nquan = 16
# nvalues = 3334                        
# units = specified
# name 0 = depFM: Depth [fresh water, m]
# name 1 = dz/dtM: Descent Rate [m/s]
# name 2 = sbeox0Mg/L: Oxygen, SBE 43 [mg/l]
# name 3 = sbeox0PS: Oxygen, SBE 43 [% saturation]
# name 4 = specc: Specific Conductance [uS/cm]
# name 5 = c0uS/cm: Conductivity [uS/cm]
# name 6 = wetCDOM: Fluorescence, WET Labs CDOM [mg/m^3]
# name 7 = flECO-AFL: Fluorescence, WET Labs ECO-AFL/FL [mg/m^3]
# name 8 = flECO-AFL1: Fluorescence, WET Labs ECO-AFL/FL, 2 [mg/m^3]
# name 9 = flECO-AFL2: Fluorescence, WET Labs ECO-AFL/FL, 3 [mg/m^3]
# name 10 = par/sat/log: PAR/Logarithmic, Satlantic
# name 11 = turbWETntu0: Turbidity, WET Labs ECO [NTU]
# name 12 = prdM: Pressure, Strain Gauge [db]
# name 13 = prdE: Pressure, Strain Gauge [psi]
# name 14 = tv290C: Temperature [ITS-90, deg C]
# name 15 = flag:  0.000e+00
# span 0 =     -0.467,     20.237       
# span 1 =     -0.338,      0.121       
# span 2 =    -0.4014,    10.8753       
# span 3 =     -3.837,    100.960       
# span 4 =   -629.987,    304.199       
# span 5 =-497.130219, 218.767768       
# span 6 =    -4.5000,    49.5000       
# span 7 =    -0.2960,    11.7014       
# span 8 =    -2.1300,     0.3834       
# span 9 =    -2.0304,     1.0575       
# span 10 = 1.1587e-01, 3.3964e+02      
# span 11 =    -1.1404,    94.2869      
# span 12 =     -0.458,     19.845      
# span 13 =     -0.665,     28.784      
# span 14 =     9.6646,    15.6679      
# span 15 = 0.0000e+00, 0.0000e+00      
# interval = seconds: 0.25
# start_time = Oct 28 2025 10:34:10 [Instrument's time stamp, header]
# bad_flag = -9.990e-29
*END*
[from data line 2803]
     19.808      0.074     0.0871      0.852    268.246 194.703479    35.2800     0.8904     0.1278     0.3384 1.1628e-01     2.8326     19.425     28.174    11.3775 0.0000e+00
     19.827      0.068     0.0884      0.855    268.743 195.050087    36.7200     0.9629     0.1278     0.3384 1.1610e-01     3.1196     19.444     28.201    11.3472 0.0000e+00
     19.844      0.061     0.0902      0.855    270.116 196.028303    36.7200     0.9438     0.1278     0.3384 1.1607e-01     3.0290     19.460     28.224    11.3194 0.0000e+00
     19.857      0.054     0.0921      0.850    272.048 197.372931    36.7200     0.9323     0.1278     0.3384 1.1607e-01     3.1801     19.473     28.243    11.2994 0.0000e+00
     19.869      0.048     0.0932      0.843    273.519 198.346241    36.7200     0.9476     0.1278     0.3384 1.1617e-01     3.0894     19.485     28.260    11.2896 0.0000e+00
     19.880      0.044     0.0936      0.833    274.338 198.848384    36.7200     0.9514     0.1278     0.3384 1.1623e-01     3.0894     19.496     28.276    11.2870 0.0000e+00
     19.891      0.040     0.0936      0.824    274.732 199.069465    36.6300     0.9476     0.0852     0.4230 1.1617e-01     3.1196     19.506     28.291    11.2837 0.0000e+00
     19.901      0.036     0.0931      0.818    274.206 198.660765    36.6300     0.9667     0.0852     0.4230 1.1633e-01     3.1045     19.516     28.306    11.2731 0.0000e+00
     19.910      0.033     0.0923      0.815    272.808 197.671946    36.6300     0.9629     0.0852     0.4230 1.1615e-01     3.1196     19.525     28.318    11.2560 0.0000e+00
     19.918      0.030     0.0913      0.812    271.416 196.736940    36.6300     0.9667     0.0852     0.4230 1.1623e-01     2.6513     19.532     28.330    11.2392 0.0000e+00
     19.924      0.027     0.0903      0.806    270.572 196.224862    37.8900     0.9781     0.1278     0.2961 1.1605e-01     2.6211     19.539     28.339    11.2274 0.0000e+00
     19.930      0.024     0.0896      0.791    270.085 195.967040    37.8900     0.9590     0.1278     0.2961 1.1620e-01     2.6664     19.545     28.348    11.2224 0.0000e+00
     19.936      0.023     0.0893      0.769    269.558 195.657811    37.8900     0.9590     0.1278     0.2961 1.1605e-01     2.5909     19.550     28.355    11.2267 0.0000e+00
     19.941      0.022     0.0890      0.746    269.029 195.323139    37.8900     0.9934     0.1278     0.2961 1.1623e-01     2.8930     19.555     28.363    11.2403 0.0000e+00
     19.947      0.023     0.0883      0.727    268.884 195.245202    39.9600     1.0201     0.1278     0.3384 1.1620e-01     2.9535     19.560     28.370    11.2586 0.0000e+00
     19.952      0.024     0.0866      0.713    269.321 195.563824    39.9600     1.0086     0.1278     0.3384 1.1617e-01     2.8326     19.566     28.378    11.2763 0.0000e+00
     19.958      0.026     0.0842      0.700    270.054 196.072862    39.9600     1.0353     0.1278     0.3384 1.1595e-01     2.9081     19.572     28.387    11.2899 0.0000e+00
     19.964      0.028     0.0816      0.691    270.854 196.616947    39.9600     1.0048     0.1278     0.3384 1.1602e-01     2.6362     19.578     28.396    11.2990 0.0000e+00
     19.972      0.031     0.0795      0.691    271.961 197.375299    39.9600     1.0353     0.1278     0.3384 1.1602e-01     2.6966     19.585     28.406    11.3041 0.0000e+00
     19.980      0.035     0.0780      0.700    273.722 198.588291    39.1500     1.0048     0.1278     0.3384 1.1612e-01     2.6211     19.593     28.418    11.3044 0.0000e+00
     19.989      0.040     0.0766      0.714    276.037 200.167755    39.1500     1.0353     0.1278     0.3384 1.1617e-01     2.6815     19.603     28.431    11.3002 0.0000e+00
     19.999      0.045     0.0757      0.727    278.546 201.856166    39.1500     1.0659     0.1278     0.3384 1.1628e-01     3.5728     19.613     28.446    11.2937 0.0000e+00
     20.011      0.050     0.0757      0.734    281.495 203.844728    39.1500     1.0697     0.1278     0.3384 1.1612e-01     3.6030     19.625     28.463    11.2856 0.0000e+00
     20.025      0.054     0.0767      0.741    285.459 206.541203    37.2600     1.0735     0.1704     0.3807 1.1612e-01     3.6030     19.638     28.482    11.2741 0.0000e+00
     20.040      0.058     0.0783      0.750    290.093 209.678365    37.2600     1.0659     0.1704     0.3807 1.1625e-01     3.5426     19.653     28.504    11.2564 0.0000e+00
     20.056      0.061     0.0797      0.758    294.100 212.330875    37.2600     1.0697     0.1704     0.3807 1.1605e-01     3.7692     19.668     28.526    11.2334 0.0000e+00
     20.072      0.062     0.0805      0.764    296.735 214.006513    37.2600     1.0582     0.1704     0.3807 1.1617e-01     3.8598     19.684     28.549    11.2077 0.0000e+00
     20.089      0.061     0.0813      0.772    298.591 215.166188    35.4600     1.0735     0.1704     0.2115 1.1610e-01     3.8901     19.701     28.573    11.1777 0.0000e+00
     20.105      0.059     0.0823      0.784    300.418 216.346236    35.4600     1.0582     0.1704     0.2115 1.1605e-01     3.7390     19.717     28.597    11.1405 0.0000e+00
     20.120      0.055     0.0833      0.794    302.111 217.453352    35.4600     1.5046     0.1704     0.2115 1.1600e-01     8.2105     19.731     28.618    11.0988 0.0000e+00
     20.134      0.051     0.0840      0.796    303.319 218.232068    35.4600     1.4969     0.1704     0.2115 1.1612e-01     8.2105     19.745     28.637    11.0600 0.0000e+00
     20.146      0.047     0.0850      0.789    304.002 218.660900    37.3500     1.5007     0.1278     0.2961 1.1612e-01     8.1199     19.757     28.655    11.0294 0.0000e+00
     20.157      0.042     0.0863      0.777    304.199 218.767768    37.3500     1.5236     0.1278     0.2961 1.1638e-01     8.1199     19.768     28.671    11.0063 0.0000e+00
     20.167      0.038     0.0875      0.764    303.858 218.516845    37.3500     2.4239     0.1278     0.2961 1.1602e-01    15.5220     19.778     28.685    10.9873 0.0000e+00
     20.176      0.034     0.0878      0.750    302.954 217.893480    37.3500     2.4201     0.1278     0.2961 1.1633e-01    15.4012     19.786     28.698    10.9721 0.0000e+00
     20.184      0.030     0.0870      0.735    301.800 217.111325    37.3500     2.4430     0.1278     0.2961 1.1620e-01    15.4918     19.794     28.709    10.9615 0.0000e+00
     20.191      0.027     0.0856      0.717    301.015 216.590894    40.8600     2.4277     0.1278     0.3384 1.1625e-01    15.4163     19.801     28.718    10.9557 0.0000e+00
     20.197      0.024     0.0842      0.704    300.914 216.535078    40.8600     3.7438     0.1278     0.3384 1.1615e-01    29.0272     19.807     28.727    10.9548 0.0000e+00
     20.203      0.022     0.0828      0.698    301.398 216.876740    40.8600     3.7286     0.1278     0.3384 1.1623e-01    28.9818     19.812     28.736    10.9592 0.0000e+00
     20.208      0.020     0.0810      0.693    302.262 217.501996    40.8600     3.7209     0.1278     0.3384 1.1623e-01    28.9667     19.818     28.743    10.9671 0.0000e+00
     20.213      0.018     0.0790      0.684    303.092 218.135411    44.2800     3.7438     0.1278     0.3384 1.1620e-01    29.0121     19.822     28.750    10.9744 0.0000e+00
     20.218      0.017     0.0776      0.674    303.390 218.411249    44.2800     6.2234     0.1278     0.3384 1.1605e-01    43.9221     19.827     28.756    10.9770 0.0000e+00
     20.222      0.015     0.0770      0.667    302.993 218.190010    44.2800     6.2425     0.1278     0.3384 1.1617e-01    43.6502     19.831     28.762    10.9759 0.0000e+00
     20.226      0.014     0.0763      0.670    302.147 217.633806    44.2800     6.2692     0.1278     0.3384 1.1610e-01    43.7408     19.834     28.767    10.9764 0.0000e+00
     20.229      0.012     0.0754      0.681    301.292 217.056611    49.5000     6.2158     0.1704     0.3807 1.1605e-01    43.7559     19.838     28.772    10.9824 0.0000e+00
     20.232      0.010     0.0743      0.691    300.725 216.668297    49.5000     8.0507     0.1704     0.3807 1.1623e-01    58.3790     19.840     28.776    10.9925 0.0000e+00
     20.234      0.008     0.0735      0.697    300.401 216.431639    49.5000     8.0659     0.1704     0.3807 1.1617e-01    58.3336     19.842     28.779    11.0032 0.0000e+00
     20.235      0.006     0.0738      0.700    300.007 216.136812    49.5000     8.0507     0.1704     0.3807 1.1612e-01    58.4394     19.844     28.781    11.0121 0.0000e+00
     20.236      0.003     0.0750      0.697    299.260 215.612739    49.5000     8.0888     0.1704     0.3807 1.1602e-01    58.4394     19.845     28.783    11.0185 0.0000e+00
     20.237      0.001     0.0761      0.691    298.235 214.920642    43.1100     9.3248     0.1704     0.4230 1.1615e-01    72.1711     19.845     28.784    11.0218 0.0000e+00
     20.237     -0.001     0.0767      0.682    297.166 214.211587    43.1100     9.3439     0.1704     0.4230 1.1620e-01    72.3222     19.845     28.784    11.0213 0.0000e+00
     20.236     -0.003     0.0770      0.665    296.124 213.521576    43.1100     9.3439     0.1704     0.4230 1.1628e-01    72.2467     19.845     28.783    11.0195 0.0000e+00
     20.235     -0.006     0.0767      0.652    295.092 212.837415    43.1100     9.3134     0.1704     0.4230 1.1625e-01    72.2769     19.844     28.781    11.0219 0.0000e+00
     20.234     -0.009     0.0761      0.647    294.051 212.149477    42.8400    10.7248     0.1278     0.3384 1.1628e-01    87.4135     19.842     28.779    11.0298 0.0000e+00
     20.231     -0.013     0.0750      0.645    292.973 211.443103    42.8400    10.7591     0.1278     0.3384 1.1623e-01    87.5042     19.840     28.776    11.0401 0.0000e+00
     20.228     -0.018     0.0732      0.647    291.924 210.769035    42.8400    10.7630     0.1278     0.3384 1.1620e-01    87.4437     19.837     28.771    11.0505 0.0000e+00
     20.224     -0.024     0.0717      0.647    291.120 210.275026    42.8400    10.7286     0.1278     0.3384 1.1587e-01    87.3984     19.833     28.765    11.0607 0.0000e+00
     20.218     -0.032     0.0711      0.643    290.607 209.986061    43.8300    11.7014     0.1278     0.2538 1.1623e-01    94.1963     19.827     28.756    11.0715 0.0000e+00
     20.209     -0.042     0.0710      0.638    289.583 209.322738    43.8300    11.6518     0.1278     0.2538 1.1597e-01    94.2869     19.819     28.744    11.0839 0.0000e+00
     20.198     -0.054     0.0711      0.639    286.626 207.276278    43.8300    11.6327     0.1278     0.2538 1.1623e-01    94.2416     19.808     28.729    11.0984 0.0000e+00
     20.184     -0.069     0.0711      0.641    281.059 203.403427    43.8300    11.6327     0.1278     0.2538 1.1628e-01    94.2265     19.794     28.709    11.1137 0.0000e+00
     20.166     -0.087     0.0706      0.646    273.471 198.182247    43.8300     7.2953     0.1278     0.2538 1.1625e-01    59.0890     19.776     28.683    11.1286 0.0000e+00
     20.143     -0.107     0.0701      0.652    265.764 192.991814    42.8400     7.2915     0.1704     0.3807 1.1620e-01    59.1343     19.754     28.651    11.1432 0.0000e+00
     20.115     -0.128     0.0701      0.660    259.575 188.947688    42.8400     7.2763     0.1704     0.3807 1.1605e-01    59.2098     19.726     28.610    11.1611 0.0000e+00
     20.079     -0.148     0.0703      0.666    254.529 185.700238    42.8400     7.2725     0.1704     0.3807 1.1625e-01    59.1041     19.691     28.559    11.1910 0.0000e+00
     20.036     -0.163     0.0707      0.668    250.044 182.800880    42.8400     1.3405     0.1704     0.3807 1.1610e-01     8.1199     19.649     28.498    11.2429 0.0000e+00
     19.988     -0.170     0.0713      0.672    246.728 180.694310    39.6900     1.3214     0.1704     0.2961 1.1615e-01     8.0443     19.601     28.429    11.3182 0.0000e+00
     19.937     -0.169     0.0720      0.685    245.427 179.986325    39.6900     1.3214     0.1704     0.2961 1.1623e-01     8.1199     19.551     28.357    11.4045 0.0000e+00
     19.888     -0.158     0.0725      0.708    246.150 180.652664    39.6900     1.3214     0.1704     0.2961 1.1600e-01     8.1199     19.504     28.288    11.4870 0.0000e+00
     19.846     -0.141     0.0727      0.742    248.278 182.227131    39.6900     2.2027     0.1704     0.2961 1.1617e-01    55.1462     19.463     28.228    11.5600 0.0000e+00
     19.813     -0.120     0.0730      0.796    251.328 184.369270    37.1700     2.1874     0.1704     0.4230 1.1610e-01    55.2217     19.430     28.181    11.6227 0.0000e+00
     19.789     -0.098     0.0744      0.872    255.025 186.899926    37.1700     2.2027     0.1704     0.4230 1.1595e-01    55.2821     19.406     28.146    11.6708 0.0000e+00
     19.769     -0.079     0.0767      0.963    259.131 189.667173    37.1700     2.2217     0.1704     0.4230 1.1633e-01    55.1915     19.387     28.119    11.6974 0.0000e+00
     19.754     -0.065     0.0804      1.056    263.156 192.333138    37.1700     2.1798     0.1704     0.4230 1.1600e-01    55.2368     19.372     28.097    11.6997 0.0000e+00
     19.741     -0.056     0.0864      1.136    266.876 194.759657    37.1700     2.4163     0.1704     0.4230 1.1625e-01    63.8928     19.359     28.078    11.6807 0.0000e+00
     19.729     -0.051     0.0947      1.198    270.477 197.101919    37.0800     2.4506     0.1704     0.4653 1.1620e-01    63.8928     19.348     28.061    11.6457 0.0000e+00
     19.718     -0.051     0.1047      1.239    273.775 199.229557    37.0800     2.4354     0.1704     0.4653 1.1617e-01    63.8022     19.337     28.045    11.5995 0.0000e+00
     19.707     -0.056     0.1150      1.249    276.285 200.802266    37.0800     2.4315     0.1704     0.4653 1.1610e-01    63.9230     19.326     28.029    11.5463 0.0000e+00
     19.694     -0.067     0.1239      1.227    276.921 201.062360    37.0800     1.8822     0.1704     0.4653 1.1633e-01    51.8681     19.313     28.011    11.4916 0.0000e+00
     19.679     -0.084     0.1308      1.180    274.570 199.259607    40.2300     1.8593     0.1704     0.3384 1.1610e-01    51.8681     19.298     27.990    11.4386 0.0000e+00
     19.659     -0.108     0.1354      1.120    269.559 195.686619    40.2300     1.8784     0.1704     0.3384 1.1625e-01    51.9436     19.279     27.962    11.3881 0.0000e+00
     19.632     -0.137     0.1366      1.057    262.988 191.143938    40.2300     1.8708     0.1704     0.3384 1.1612e-01    51.9436     19.253     27.923    11.3422 0.0000e+00
     19.595     -0.167     0.1343      0.991    255.822 186.285410    40.2300     1.7105     0.1704     0.3384 1.1623e-01    31.9880     19.216     27.871    11.3062 0.0000e+00
     19.546     -0.192     0.1291      0.922    248.850 181.625880    43.9200     1.6800     0.2982     0.4653 1.1623e-01    31.8370     19.168     27.801    11.2900 0.0000e+00
     19.486     -0.207     0.1226      0.854    242.793 177.640363    43.9200     1.6953     0.2982     0.4653 1.1617e-01    31.8974     19.110     27.716    11.3039 0.0000e+00
     19.421     -0.211     0.1156      0.790    238.398 174.832686    43.9200     1.6762     0.2982     0.4653 1.1617e-01    31.8370     19.046     27.623    11.3494 0.0000e+00
     19.359     -0.202     0.1082      0.734    235.828 173.290498    43.9200     1.1994     0.2982     0.4653 1.1617e-01    11.3073     18.984     27.534    11.4195 0.0000e+00
     19.305     -0.183     0.1005      0.692    234.442 172.524362    40.0500     1.2146     0.1704     0.2538 1.1623e-01    11.2167     18.932     27.458    11.5038 0.0000e+00
     19.262     -0.158     0.0929      0.671    233.717 172.157528    40.0500     1.1879     0.1704     0.2538 1.1617e-01    11.1714     18.890     27.398    11.5921 0.0000e+00
