Data/DataNotYetUploadedToEDI/Raw_CTD/RawDownloads/102820_fcr50_0006.cnv
* Sea-Bird SBE19plus  Data File:
* FileName = C:\DATA\102820_fcr50_0006.hex
* Software version 2.8.0.119
* Temperature SN = 7809
* Conductivity SN = 7809
* System UpLoad Time = Oct 28 2020 17:17:32
* <ApplicationData>
* <Seaterm232>
# nquan = 16
# nvalues = 2313                        
# units = specified
# name 0 = depFM: Depth [fresh water, m]
# name 1 = dz/dtM: Descent Rate [m/s]
# name 2 = orp: Oxidation Reduction Potential [mV]
# name 3 = sbeox0Mg/L: Oxygen, SBE 43 [mg/l]
# name 4 = sbeox0PS: Oxygen, SBE 43 [% saturation]
# name 5 = par/sat/log: PAR/Logarithmic, Satlantic
# name 6 = ph: pH
# name 7 = specc: Specific Conductance [uS/cm]
# name 8 = c0uS/cm: Conductivity [uS/cm]
# name 9 = flECO-AFL: Fluorescence, WET Labs ECO-AFL/FL [mg/m^3]
# name 10 = turbWETntu0: Turbidity, WET Labs ECO [NTU]
# name 11 = tv290C: Temperature [ITS-90, deg C]
# name 12 = density00: Density [density, kg/m^3]
# name 13 = prdE: Pressure, Strain Gauge [psi]
# name 14 = prdM: Pressure, Strain Gauge [db]
# name 15 = flag:  0.000e+00
# span 0 =     -0.655,      9.684       
# span 1 =     -0.280,      4.353       
# span 2 = -1240.7455,   404.6927       
# span 3 =     0.2377,    10.7777       
# span 4 =      2.342,    111.094       
# span 5 = 1.2354e-01, 4.5384e+02       
# span 6 =     15.598,     16.177       
# span 7 =      1.765,    147.673       
# span 8 =   1.417314, 112.227521       
# span 9 =    -1.0266,    12.3188       
# span 10 =    -0.3652,   202.0391      
# span 11 =    12.9925,    19.6957      
# span 12 =   998.2731,   999.4828      
# span 13 =     -0.932,     13.774      
# span 14 =     -0.643,      9.497      
# span 15 = 0.0000e+00, 0.0000e+00      
# interval = seconds: 0.25
# start_time = Oct 28 2020 00:45:32 [Instrument's time stamp, header]
# bad_flag = -9.990e-29
*END*
[from data line 1176]
      9.675 1.7992e-08   203.1746     1.8704     17.646 1.2365e-01     15.844     81.034  61.662836     0.6669    25.1478    13.0450   999.4489     13.761      9.488 0.0000e+00
      9.675 1.9791e-07   203.0263     1.8599     17.611 1.2375e-01     15.844     81.178  61.771869     0.6686    25.0267    13.0446   999.4489     13.762      9.488 0.0000e+00
      9.675      0.000   203.0532     1.8689     17.523 1.2375e-01     15.844     81.433  61.965053     0.6640    24.9997    13.0445   999.4489     13.762      9.488 0.0000e+00
      9.675      0.000   203.3279     1.8595     17.411 1.2375e-01     15.844     81.684  62.155902     0.6683    25.1296    13.0444   999.4490     13.762      9.489 0.0000e+00
      9.675      0.000   203.4221     1.8557     17.325 1.2377e-01     15.844     81.958  62.363768     0.6826    25.4306    13.0442   999.4490     13.762      9.488 0.0000e+00
      9.675      0.003   203.4171     1.8577     17.271 1.2376e-01     15.844     82.317  62.635602     0.6932    25.5830    13.0438   999.4491     13.761      9.488 0.0000e+00
      9.675      0.032   203.6121     1.8441     17.213 1.2373e-01     15.844     82.583  62.837332     0.6914    25.5648    13.0434   999.4493     13.762      9.489 0.0000e+00
      9.675      0.351   203.8020     1.8316     17.143 1.2371e-01     15.844     82.662  62.896553     0.6799    25.5880    13.0431   999.4494     13.761      9.488 0.0000e+00
      9.675      3.857   203.7338     1.8209     17.072 1.2374e-01     15.844     82.676  62.906832     0.6503    25.7954    13.0429   999.4495     13.761      9.488 0.0000e+00
      9.675      3.857   203.6475     1.8189     17.004 1.2374e-01     15.844     82.665  62.898071     0.6199    26.1490    13.0423   999.4497     13.762      9.488 0.0000e+00
      9.675      0.351   203.7047     1.8120     16.891 1.2373e-01     15.844     82.607  62.854162     0.6271    26.3270    13.0417   999.4499     13.762      9.488 0.0000e+00
      9.675      0.032   203.7372     1.8041     16.678 1.2372e-01     15.844     82.563  62.820744     0.6506    26.3000    13.0413   999.4500     13.761      9.488 0.0000e+00
      9.675      0.003   203.7827     1.7966     16.466 1.2367e-01     15.844     82.551  62.811740     0.6570    25.9602    13.0408   999.4501     13.762      9.489 0.0000e+00
      9.675      0.000   203.9108     1.7897     16.335 1.2362e-01     15.844     82.547  62.808836     0.6565    25.3423    13.0407   999.4501     13.762      9.488 0.0000e+00
      9.676      0.000   203.9098     1.7850     16.240 1.2358e-01     15.844     82.600  62.849186     0.6631    25.0091    13.0409   999.4500     13.762      9.489 0.0000e+00
      9.676      0.000   203.7703     1.7541     16.145 1.2359e-01     15.844     82.607  62.854793     0.6803    25.0220    13.0410   999.4500     13.762      9.489 0.0000e+00
      9.676 1.9791e-07   203.8584     1.7280     16.041 1.2361e-01     15.844     82.552  62.813076     0.7121    25.1885    13.0411   999.4500     13.762      9.488 0.0000e+00
      9.676 1.7992e-08   203.9429     1.7190     15.965 1.2363e-01     15.844     82.521  62.789598     0.7420    25.4439    13.0413   999.4499     13.763      9.489 0.0000e+00
      9.676 1.6356e-09   203.7585     1.7087     15.941 1.2368e-01     15.844     82.401  62.698023     0.7545    25.5690    13.0412   999.4500     13.763      9.489 0.0000e+00
      9.676 1.4869e-10   203.7807     1.7005     15.963 1.2372e-01     15.844     82.265  62.595473     0.7592    25.5677    13.0411   999.4500     13.762      9.489 0.0000e+00
      9.676 1.3517e-11   203.9536     1.6871     16.036 1.2369e-01     15.844     82.310  62.629918     0.7793    25.7712    13.0410   999.4499     13.763      9.489 0.0000e+00
      9.676 1.2289e-12   203.8695     1.6773     16.102 1.2362e-01     15.844     82.529  62.796782     0.8170    26.1757    13.0410   999.4500     13.762      9.489 0.0000e+00
      9.676 1.1171e-13   203.7104     1.6775     16.127 1.2362e-01     15.844     82.829  63.024398     0.8327    26.3736    13.0411   999.4499     13.762      9.489 0.0000e+00
      9.676 1.0156e-14   203.7505     1.6765     16.145 1.2362e-01     15.844     83.172  63.285019     0.8259    26.3086    13.0414   999.4498     13.763      9.489 0.0000e+00
      9.676 9.2325e-16   203.9247     1.6881     16.163 1.2365e-01     15.843     83.498  63.533201     0.8017    26.0775    13.0420   999.4497     13.762      9.489 0.0000e+00
      9.676 8.3930e-17   204.0095     1.6983     16.213 1.2371e-01     15.843     83.767  63.737482     0.7601    25.7420    13.0419   999.4498     13.762      9.489 0.0000e+00
      9.676 7.6300e-18   203.9157     1.6956     16.292 1.2374e-01     15.844     83.996  63.912106     0.7330    25.5140    13.0416   999.4500     13.763      9.489 0.0000e+00
      9.676 6.9365e-19   203.8222     1.7009     16.325 1.2373e-01     15.844     84.185  64.055875     0.7312    25.4829    13.0416   999.4501     13.762      9.488 0.0000e+00
      9.676 6.3060e-20   203.9122     1.6991     16.295 1.2373e-01     15.844     84.380  64.204811     0.7391    25.5388    13.0414   999.4503     13.763      9.489 0.0000e+00
      9.676 5.7325e-21   204.1432     1.7039     16.231 1.2376e-01     15.843     84.608  64.378361     0.7128    25.2974    13.0414   999.4503     13.762      9.489 0.0000e+00
      9.676 5.2115e-22   204.2926     1.7177     16.143 1.2377e-01     15.843     84.938  64.629074     0.6523    24.7267    13.0415   999.4504     13.763      9.489 0.0000e+00
      9.676 4.7377e-23   204.1692     1.7208     16.033 1.2379e-01     15.844     85.359  64.948350     0.6088    24.3726    13.0417   999.4504     13.763      9.489 0.0000e+00
      9.676 4.3070e-24   204.2006     1.7157     15.909 1.2374e-01     15.844     85.674  65.188270     0.5964    24.3453    13.0417   999.4505     13.763      9.489 0.0000e+00
      9.676 3.9155e-25   204.5856     1.7091     15.766 1.2366e-01     15.844     85.829  65.305645     0.5596    24.3624    13.0418   999.4506     13.764      9.490 0.0000e+00
      9.676 3.5595e-26   204.6954     1.7001     15.621 1.2367e-01     15.844     85.889  65.350677     0.4782    24.3049    13.0417   999.4507     13.763      9.489 0.0000e+00
      9.676 3.2359e-27   204.5806     1.6873     15.492 1.2369e-01     15.844     85.974  65.414988     0.4237    24.1987    13.0416   999.4509     13.763      9.489 0.0000e+00
      9.676 2.9417e-28   204.7469     1.6756     15.381 1.2366e-01     15.845     86.184  65.574807     0.4157    24.1431    13.0413   999.4511     13.763      9.489 0.0000e+00
      9.676 2.6743e-29   205.0704     1.6592     15.266 1.2366e-01     15.845     86.426  65.757756     0.4290    24.1825    13.0408   999.4511     13.762      9.489 0.0000e+00
      9.676 2.4312e-30   205.3094     1.6433     15.140 1.2366e-01     15.844     86.629  65.911069     0.4601    24.2965    13.0406   999.4512     13.763      9.489 0.0000e+00
      9.676 2.2102e-31   205.3999     1.6293     15.002 1.2358e-01     15.843     86.787  66.030308     0.4870    24.3900    13.0406   999.4512     13.763      9.489 0.0000e+00
      9.676 2.0093e-32   205.3898     1.6193     14.872 1.2356e-01     15.843     86.904  66.119041     0.4962    24.3859    13.0404   999.4513     13.764      9.489 0.0000e+00
      9.676 1.8266e-33   205.5313     1.6072     14.789 1.2360e-01     15.843     87.039  66.221279     0.4956    24.2461    13.0397   999.4515     13.763      9.490 0.0000e+00
      9.676 1.6606e-34   205.7342     1.5937     14.735 1.2363e-01     15.843     87.161  66.313126     0.4793    24.0045    13.0389   999.4517     13.762      9.489 0.0000e+00
      9.676 1.5096e-35   205.6925     1.5801     14.683 1.2369e-01     15.843     87.197  66.339783     0.4614    23.8675    13.0386   999.4518     13.763      9.489 0.0000e+00
      9.676 1.3724e-36   205.6287     1.5620     14.639 1.2374e-01     15.843     87.132  66.289365     0.4607    23.8608    13.0382   999.4518     13.763      9.489 0.0000e+00
      9.676 1.2476e-37   205.7376     1.5557     14.614 1.2373e-01     15.843     86.947  66.148423     0.4716    23.8891    13.0379   999.4520     13.763      9.489 0.0000e+00
      9.676 1.1342e-38   205.8905     1.5514     14.585 1.2369e-01     15.844     86.629  65.906753     0.4871    23.9003    13.0376   999.4520     13.763      9.489 0.0000e+00
      9.676 1.0311e-39   205.9284     1.5448     14.499 1.2367e-01     15.844     86.299  65.655321     0.4958    23.8933    13.0372   999.4521     13.764      9.490 0.0000e+00
      9.676 9.3735e-41   205.7664     1.5401     14.411 1.2366e-01     15.844     86.042  65.459870     0.4811    23.9080    13.0370   999.4521     13.763      9.489 0.0000e+00
      9.676 8.5210e-42   205.7383     1.5372     14.433 1.2364e-01     15.844     85.862  65.323060     0.4622    23.9403    13.0364   999.4521     13.764      9.490 0.0000e+00
      9.676 7.7465e-43   206.0188     1.5388     14.535 1.2363e-01     15.844     85.963  65.399326     0.4675    24.0437    13.0362   999.4520     13.763      9.489 0.0000e+00
      9.676 7.0425e-44   206.1467     1.5276     14.627 1.2370e-01     15.845     86.586  65.873566     0.4789    24.1278    13.0363   999.4519     13.763      9.490 0.0000e+00
      9.676 6.4020e-45   205.9943     1.5100     14.678 1.2376e-01     15.845     87.468  66.544720     0.4857    24.1342    13.0362   999.4518     13.764      9.489 0.0000e+00
      9.676 5.8200e-46   205.9820     1.5160     14.716 1.2372e-01     15.844     88.192  67.095126     0.4917    24.1549    13.0366   999.4517     13.763      9.489 0.0000e+00
      9.676 5.2910e-47   206.0841     1.5314     14.809 1.2363e-01     15.844     88.733  67.507500     0.5047    24.2744    13.0364   999.4517     13.763      9.489 0.0000e+00
      9.676 4.8138e-48   206.0242     1.5407     14.936 1.2358e-01     15.844     89.008  67.717187     0.5272    24.4808    13.0360   999.4520     13.763      9.489 0.0000e+00
      9.676 4.7951e-49   205.9467     1.5469     15.015 1.2364e-01     15.843     89.017  67.723663     0.5353    24.5904    13.0362   999.4524     13.763      9.489 0.0000e+00
      9.676 5.0433e-49   206.0076     1.5455     15.034 1.2366e-01     15.843     89.003  67.712921     0.5448    24.6042    13.0364   999.4525     13.763      9.490 0.0000e+00
      9.676 5.1140e-48   206.0722     1.5560     14.966 1.2363e-01     15.843     89.004  67.714431     0.5660    24.5788    13.0366   999.4527     13.763      9.489 0.0000e+00
      9.677 5.6214e-47   206.0390     1.5763     14.823 1.2364e-01     15.843     88.955  67.678359     0.5724    24.4894    13.0367   999.4528     13.764      9.490 0.0000e+00
      9.677 6.1835e-46   206.0363     1.5811     14.645 1.2369e-01     15.843     88.844  67.594572     0.5559    24.3811    13.0364   999.4528     13.763      9.490 0.0000e+00
      9.676 6.8019e-45   206.2123     1.5861     14.441 1.2374e-01     15.843     88.673  67.464084     0.5195    24.2998    13.0366   999.4528     13.763      9.489 0.0000e+00
      9.676 7.4821e-44   206.4463     1.5795     14.300 1.2373e-01     15.843     88.468  67.308270     0.4850    24.3302    13.0370   999.4528     13.763      9.489 0.0000e+00
      9.676 8.2303e-43   206.4564     1.5588     14.234 1.2371e-01     15.842     88.289  67.172493     0.4819    24.4738    13.0374   999.4527     13.763      9.489 0.0000e+00
      9.677 9.0533e-42   206.4204     1.5459     14.164 1.2374e-01     15.842     88.185  67.093578     0.5004    24.5947    13.0379   999.4526     13.763      9.490 0.0000e+00
      9.677 9.9586e-41   206.6990     1.5158     14.126 1.2376e-01     15.843     88.131  67.053263     0.5090    24.6241    13.0381   999.4525     13.763      9.490 0.0000e+00
      9.677 1.0954e-39   206.9857     1.5001     14.141 1.2376e-01     15.843     88.065  67.002833     0.5094    24.5894    13.0380   999.4525     13.763      9.490 0.0000e+00
      9.677 1.2050e-38   206.9617     1.5018     14.164 1.2375e-01     15.843     87.885  66.865183     0.5150    24.5526    13.0381   999.4523     13.764      9.490 0.0000e+00
      9.677 1.3255e-37   206.9254     1.4884     14.196 1.2372e-01     15.842     87.616  66.660088     0.5289    24.5908    13.0384   999.4523     13.763      9.489 0.0000e+00
      9.677 1.4580e-36   207.1482     1.4837     14.231 1.2369e-01     15.842     87.397  66.493313     0.5442    24.7085    13.0384   999.4523     13.764      9.490 0.0000e+00
      9.676 1.6038e-35   207.5051     1.4894     14.243 1.2368e-01     15.842     87.242  66.374072     0.5565    25.2540    13.0383   999.4523     13.763      9.489 0.0000e+00
      9.676 1.7642e-34   207.6269     1.4904     14.252 1.2365e-01     15.842     87.144  66.298805     0.5634    26.1742    13.0385   999.4522     13.762      9.489 0.0000e+00
      9.676 1.9407e-33   207.5882     1.4924     14.202 1.2358e-01     15.842     87.123  66.282375     0.5607    26.6677    13.0381   999.4521     13.763      9.489 0.0000e+00
      9.677 2.1347e-32   207.8110     1.5014     14.097 1.2356e-01     15.843     87.149  66.302537     0.5528    26.6888    13.0377   999.4521     13.763      9.490 0.0000e+00
      9.677 2.3482e-31   208.0840     1.4965     14.044 1.2363e-01     15.843     87.214  66.351907     0.5636    26.1202    13.0370   999.4521     13.764      9.490 0.0000e+00
      9.677 2.5830e-30   208.1355     1.5033     14.069 1.2368e-01     15.843     87.322  66.434424     0.6056    25.0455    13.0364   999.4522     13.763      9.489 0.0000e+00
      9.677 2.8413e-29   208.0910     1.4998     14.161 1.2369e-01     15.843     87.542  66.601131     0.6304    24.4757    13.0364   999.4522     13.763      9.490 0.0000e+00
      9.676 3.1254e-28   208.0611     1.4781     14.267 1.2369e-01     15.843     87.859  66.842187     0.6253    24.4491    13.0364   999.4522     13.763      9.489 0.0000e+00
      9.676 3.4380e-27   208.1191     1.4778     14.395 1.2366e-01     15.844     88.062  66.997406     0.6207    24.4154    13.0366   999.4522     13.763      9.489 0.0000e+00
      9.676 3.7818e-26   208.1894     1.4755     14.487 1.2365e-01     15.844     88.170  67.079623     0.5927    24.3428    13.0365   999.4522     13.763      9.489 0.0000e+00
      9.676 4.1600e-25   208.1366     1.4929     14.468 1.2367e-01     15.843     88.330  67.200683     0.5445    24.3269    13.0362   999.4523     13.763      9.489 0.0000e+00
      9.676 4.5760e-24   208.0831     1.4998     14.436 1.2367e-01     15.843     88.483  67.317093     0.5339    24.3600    13.0363   999.4525     13.763      9.489 0.0000e+00
      9.676 5.0336e-23   208.2310     1.5139     14.388 1.2367e-01     15.844     88.600  67.406632     0.5513    24.3996    13.0366   999.4525     13.763      9.489 0.0000e+00
      9.676 5.5369e-22   208.2904     1.5352     14.313 1.2375e-01     15.844     88.749  67.520583     0.5635    24.4624    13.0368   999.4525     13.764      9.490 0.0000e+00
      9.676 6.0906e-21   208.1129     1.5180     14.252 1.2383e-01     15.843     88.956  67.677927     0.5670    24.5355    13.0367   999.4526     13.763      9.489 0.0000e+00
      9.676 6.6997e-20   208.0636     1.5217     14.187 1.2379e-01     15.842     89.178  67.847186     0.5563    24.5634    13.0366   999.4526     13.763      9.489 0.0000e+00
      9.677 7.3696e-19   208.2106     1.5162     14.113 1.2373e-01     15.842     89.349  67.978084     0.5479    24.6279    13.0368   999.4526     13.764      9.490 0.0000e+00
      9.677 8.1066e-18   208.2548     1.5039     14.056 1.2370e-01     15.843     89.448  68.052953     0.5421    24.9371    13.0370   999.4527     13.763      9.490 0.0000e+00
      9.677 8.9172e-17   208.1679     1.5019     14.056 1.2368e-01     15.843     89.532  68.116809     0.5432    25.3833    13.0371   999.4527     13.763      9.490 0.0000e+00
