Data/DataNotYetUploadedToEDI/Raw_CTD/RawDownloads/102824_ccr88_S8188002.cnv
* Sea-Bird SBE19plus  Data File:
* FileName = C:\R\Reservoirs\Data\DataNotYetUploadedToEDI\Raw_CTD\RawDownloads\102824_ccr50_S8188_0002.hex
* Software version 2.8.0.119
* Temperature SN = 8188
* Conductivity SN = 8188
* System UpLoad Time = Oct 31 2024 10:22:46
* <ApplicationData>
* <Seaterm232>
# nquan = 16
# nvalues = 1303                        
# units = specified
# name 0 = depFM: Depth [fresh water, m]
# name 1 = dz/dtM: Descent Rate [m/s]
# name 2 = sbeox0Mg/L: Oxygen, SBE 43 [mg/l]
# name 3 = sbeox0PS: Oxygen, SBE 43 [% saturation]
# name 4 = specc: Specific Conductance [uS/cm]
# name 5 = c0uS/cm: Conductivity [uS/cm]
# name 6 = wetCDOM: Fluorescence, WET Labs CDOM [mg/m^3]
# name 7 = flECO-AFL: Fluorescence, WET Labs ECO-AFL/FL [mg/m^3]
# name 8 = flECO-AFL1: Fluorescence, WET Labs ECO-AFL/FL, 2 [mg/m^3]
# name 9 = flECO-AFL2: Fluorescence, WET Labs ECO-AFL/FL, 3 [mg/m^3]
# name 10 = par/sat/log: PAR/Logarithmic, Satlantic
# name 11 = turbWETntu0: Turbidity, WET Labs ECO [NTU]
# name 12 = prdM: Pressure, Strain Gauge [db]
# name 13 = prdE: Pressure, Strain Gauge [psi]
# name 14 = tv290C: Temperature [ITS-90, deg C]
# name 15 = flag:  0.000e+00
# span 0 =     -0.355,     10.652       
# span 1 =     -0.339,      0.153       
# span 2 =     4.4258,    10.9777       
# span 3 =     44.647,    112.472       
# span 4 =   -577.335,    135.362       
# span 5 =-473.833893, 112.387470       
# span 6 =    -4.5000,    30.6000       
# span 7 =    -1.8791,   245.1568       
# span 8 =    -5.3250,     1.7040       
# span 9 =    -3.5532,     7.1064       
# span 10 = 2.4774e-01, 1.6615e+03      
# span 11 =    -0.5966,   971.0642      
# span 12 =     -0.349,     10.446      
# span 13 =     -0.505,     15.151      
# span 14 =    15.4523,    16.5412      
# span 15 = 0.0000e+00, 0.0000e+00      
# interval = seconds: 0.25
# start_time = Oct 28 2024 10:39:34 [Instrument's time stamp, header]
# bad_flag = -9.990e-29
*END*
[from data line 633]
      4.142      0.035     9.4971     97.473    125.752 104.309602    22.3200     4.0375     0.1278     0.6768 4.1187e+01     1.2313      4.061      5.891    16.4705 0.0000e+00
      4.151      0.036     9.5050     97.515    129.543 107.453982    22.3200     4.0299     0.1278     0.6768 4.0442e+01     1.2162      4.071      5.905    16.4704 0.0000e+00
      4.161      0.038     9.5115     97.534    131.795 109.321617    22.3200     4.0452     0.1278     0.6768 4.0223e+01     1.2615      4.081      5.919    16.4705 0.0000e+00
      4.171      0.040     9.5171     97.518    133.123 110.422539    22.3200     4.0910     0.1278     0.6768 4.0433e+01     1.0349      4.090      5.932    16.4707 0.0000e+00
      4.180      0.042     9.5221     97.471    133.921 111.084321    22.3200     4.0871     0.0852     0.5922 4.0469e+01     0.9594      4.100      5.946    16.4708 0.0000e+00
      4.191      0.046     9.5263     97.405    134.414 111.493436    22.3200     4.1215     0.0852     0.5922 4.0354e+01     0.9745      4.110      5.960    16.4707 0.0000e+00
      4.202      0.050     9.5282     97.331    134.707 111.736986    22.3200     4.0948     0.0852     0.5922 4.0223e+01     1.0198      4.121      5.977    16.4705 0.0000e+00
      4.215      0.056     9.5266     97.261    134.871 111.873920    22.3200     4.1024     0.0852     0.5922 3.9676e+01     1.2313      4.134      5.995    16.4703 0.0000e+00
      4.230      0.061     9.5221     97.210    134.966 111.952749    22.3200     4.1100     0.0852     0.5922 3.9111e+01     1.2162      4.148      6.017    16.4701 0.0000e+00
      4.247      0.068     9.5156     97.189    135.021 111.998495    22.3200     4.0833     0.0852     0.6768 3.8521e+01     1.2615      4.165      6.040    16.4701 0.0000e+00
      4.265      0.073     9.5083     97.198    135.055 112.027356    22.3200     4.0795     0.0852     0.6768 3.7948e+01     1.2464      4.182      6.066    16.4702 0.0000e+00
      4.284      0.078     9.5015     97.221    135.086 112.053025    22.3200     4.1520     0.0852     0.6768 3.7709e+01     1.1709      4.201      6.094    16.4704 0.0000e+00
      4.305      0.081     9.4965     97.236    135.123 112.084349    22.3200     4.1673     0.0852     0.6768 3.6739e+01     1.2615      4.222      6.123    16.4706 0.0000e+00
      4.327      0.082     9.4944     97.225    135.165 112.119682    22.4100     4.1444     0.0852     0.5922 3.5452e+01     1.2011      4.244      6.155    16.4707 0.0000e+00
      4.350      0.080     9.4952     97.187    135.202 112.150450    22.4100     4.1482     0.0852     0.5922 3.4204e+01     1.1860      4.266      6.188    16.4709 0.0000e+00
      4.372      0.075     9.4974     97.129    135.239 112.180858    22.4100     4.2054     0.0852     0.5922 3.3360e+01     1.2011      4.288      6.219    16.4710 0.0000e+00
      4.392      0.069     9.4988     97.070    135.281 112.215015    22.4100     4.2283     0.0852     0.5922 3.2978e+01     1.2464      4.307      6.247    16.4711 0.0000e+00
      4.408      0.061     9.4978     97.022    135.309 112.238037    22.4100     4.2321     0.0852     0.6768 3.3021e+01     1.1709      4.323      6.270    16.4712 0.0000e+00
      4.422      0.054     9.4941     96.989    135.308 112.236064    22.4100     4.1863     0.0852     0.6768 3.3201e+01     1.2615      4.336      6.289    16.4712 0.0000e+00
      4.433      0.048     9.4885     96.970    135.285 112.216570    22.4100     4.0719     0.0852     0.6768 3.3287e+01     0.9594      4.347      6.305    16.4711 0.0000e+00
      4.443      0.043     9.4827     96.961    135.274 112.206350    22.4100     4.0948     0.0852     0.6768 3.3100e+01     0.9292      4.357      6.320    16.4709 0.0000e+00
      4.453      0.041     9.4780     96.964    135.280 112.210677    22.3200     4.0719     0.0852     0.5499 3.2949e+01     1.0349      4.367      6.334    16.4707 0.0000e+00
      4.463      0.041     9.4749     96.990    135.281 112.210708    22.3200     4.1100     0.0852     0.5499 3.2763e+01     0.9443      4.377      6.348    16.4704 0.0000e+00
      4.473      0.042     9.4731     97.043    135.276 112.206452    22.3200     4.0261     0.0852     0.5499 3.2558e+01     1.0349      4.387      6.362    16.4702 0.0000e+00
      4.483      0.043     9.4722     97.113    135.284 112.212771    22.3200     4.0337     0.0852     0.5499 3.2430e+01     0.8839      4.397      6.377    16.4699 0.0000e+00
      4.494      0.046     9.4726     97.191    135.297 112.223352    22.3200     4.0375     0.0852     0.5499 3.2367e+01     0.9745      4.408      6.392    16.4696 0.0000e+00
      4.506      0.049     9.4752     97.262    135.289 112.217019    22.3200     4.0185     0.1278     0.5922 3.2241e+01     0.8688      4.419      6.409    16.4693 0.0000e+00
      4.519      0.052     9.4804     97.309    135.267 112.200084    22.3200     4.0871     0.1278     0.5922 3.1513e+01     1.1860      4.432      6.428    16.4690 0.0000e+00
      4.533      0.054     9.4873     97.314    135.247 112.184026    22.3200     4.0948     0.1278     0.5922 3.1024e+01     1.2918      4.446      6.448    16.4689 0.0000e+00
      4.548      0.055     9.4949     97.267    135.233 112.172562    22.3200     4.0795     0.1278     0.5922 3.0404e+01     1.1709      4.461      6.469    16.4689 0.0000e+00
      4.563      0.055     9.5018     97.180    135.230 112.170634    22.3200     4.0643     0.0852     0.5499 3.0134e+01     1.0047      4.475      6.490    16.4691 0.0000e+00
      4.577      0.054     9.5064     97.074    135.233 112.173728    22.3200     4.0910     0.0852     0.5499 2.9873e+01     0.9292      4.489      6.510    16.4695 0.0000e+00
      4.591      0.052     9.5068     96.973    135.234 112.174671    22.3200     4.1024     0.0852     0.5499 2.9473e+01     0.9745      4.502      6.530    16.4698 0.0000e+00
      4.604      0.050     9.5022     96.900    135.219 112.161716    22.3200     4.1024     0.0852     0.5499 2.9429e+01     1.0652      4.515      6.548    16.4700 0.0000e+00
      4.616      0.048     9.4936     96.876    135.190 112.137409    22.4100     4.1215     0.0852     0.5076 2.9307e+01     1.0047      4.527      6.565    16.4702 0.0000e+00
      4.628      0.045     9.4832     96.902    135.175 112.125259    22.4100     4.1482     0.0852     0.5076 2.8972e+01     1.0198      4.538      6.582    16.4703 0.0000e+00
      4.639      0.043     9.4733     96.955    135.184 112.132027    22.4100     4.1444     0.0852     0.5076 2.8460e+01     0.9141      4.550      6.599    16.4704 0.0000e+00
      4.651      0.040     9.4662     97.013    135.196 112.141520    22.4100     4.1367     0.0852     0.5076 2.8232e+01     0.9443      4.561      6.614    16.4703 0.0000e+00
      4.661      0.038     9.4639     97.053    135.195 112.140272    22.4100     4.1520     0.0852     0.5076 2.8110e+01     1.0500      4.570      6.629    16.4702 0.0000e+00
      4.670      0.035     9.4665     97.049    135.193 112.137949    22.3200     4.1673     0.0852     0.5076 2.8085e+01     0.9594      4.579      6.641    16.4701 0.0000e+00
      4.678      0.034     9.4717     96.991    135.211 112.151928    22.3200     4.1444     0.0852     0.5076 2.8061e+01     1.0198      4.587      6.653    16.4699 0.0000e+00
      4.685      0.033     9.4774     96.894    135.231 112.167939    22.3200     4.1520     0.0852     0.5076 2.7982e+01     1.0047      4.595      6.664    16.4697 0.0000e+00
      4.693      0.033     9.4813     96.785    135.227 112.164259    22.3200     4.1444     0.0852     0.5076 2.7939e+01     1.0047      4.603      6.676    16.4695 0.0000e+00
      4.701      0.035     9.4810     96.695    135.213 112.151903    22.3200     4.0719     0.0852     0.4653 2.7709e+01     0.8839      4.611      6.687    16.4693 0.0000e+00
      4.710      0.037     9.4754     96.644    135.215 112.153572    22.3200     4.0986     0.0852     0.4653 2.7583e+01     0.8990      4.619      6.699    16.4691 0.0000e+00
      4.719      0.039     9.4659     96.644    135.226 112.163710    22.3200     4.0643     0.0852     0.4653 2.7464e+01     1.0047      4.628      6.713    16.4688 0.0000e+00
      4.730      0.041     9.4553     96.694    135.220 112.159026    22.3200     4.0643     0.0852     0.4653 2.7232e+01     0.9745      4.639      6.728    16.4686 0.0000e+00
      4.741      0.042     9.4465     96.784    135.202 112.144271    22.4100     4.1863     0.1278     0.5922 2.6734e+01     1.2313      4.650      6.744    16.4685 0.0000e+00
      4.754      0.042     9.4416     96.891    135.192 112.135507    22.4100     4.1634     0.1278     0.5922 2.5837e+01     1.2313      4.662      6.761    16.4685 0.0000e+00
      4.765      0.040     9.4415     96.992    135.187 112.130394    22.4100     4.1596     0.1278     0.5922 2.5636e+01     1.2918      4.673      6.778    16.4686 0.0000e+00
      4.775      0.037     9.4464     97.075    135.185 112.127571    22.4100     4.1634     0.1278     0.5922 2.5597e+01     1.2615      4.683      6.792    16.4687 0.0000e+00
      4.784      0.034     9.4553     97.149    135.179 112.122286    22.4100     4.0414     0.0852     0.5922 2.5753e+01     1.0047      4.692      6.805    16.4687 0.0000e+00
      4.792      0.032     9.4657     97.223    135.159 112.105129    22.4100     4.0490     0.0852     0.5922 2.5714e+01     0.9292      4.699      6.816    16.4686 0.0000e+00
      4.799      0.031     9.4756     97.298    135.150 112.097522    22.4100     4.0452     0.0852     0.5922 2.5535e+01     0.9292      4.706      6.826    16.4683 0.0000e+00
      4.806      0.030     9.4837     97.376    135.177 112.119430    22.4100     4.0337     0.0852     0.5922 2.5452e+01     0.8688      4.713      6.836    16.4680 0.0000e+00
      4.813      0.031     9.4910     97.454    135.201 112.138704    22.4100     3.8277     0.0852     0.5922 2.5292e+01     0.9896      4.721      6.846    16.4678 0.0000e+00
      4.821      0.033     9.4983     97.521    135.191 112.130489    22.3200     3.8316     0.0852     0.5499 2.5216e+01     0.9141      4.728      6.857    16.4676 0.0000e+00
      4.829      0.035     9.5057     97.567    135.182 112.122589    22.3200     3.8354     0.0852     0.5499 2.5079e+01     1.0198      4.736      6.869    16.4675 0.0000e+00
      4.838      0.038     9.5133     97.584    135.186 112.126894    22.3200     3.8354     0.0852     0.5499 2.4808e+01     0.9443      4.745      6.882    16.4674 0.0000e+00
      4.848      0.041     9.5209     97.570    135.184 112.126555    22.3200     4.1444     0.0852     0.5499 2.4727e+01     1.2615      4.755      6.896    16.4673 0.0000e+00
      4.859      0.045     9.5275     97.536    135.191 112.133481    22.3200     4.1596     0.0852     0.4653 2.4508e+01     1.2011      4.765      6.911    16.4672 0.0000e+00
      4.871      0.049     9.5320     97.496    135.226 112.163514    22.3200     4.1596     0.0852     0.4653 2.4248e+01     1.2313      4.777      6.928    16.4672 0.0000e+00
      4.884      0.054     9.5337     97.454    135.259 112.190671    22.3200     4.1291     0.0852     0.4653 2.3997e+01     1.2918      4.790      6.947    16.4674 0.0000e+00
      4.898      0.059     9.5322     97.414    135.251 112.184201    22.3200     4.2321     0.0852     0.4653 2.3774e+01     1.0803      4.804      6.967    16.4678 0.0000e+00
      4.914      0.065     9.5288     97.375    135.215 112.154377    22.4100     4.2245     0.0852     0.5499 2.3522e+01     1.2011      4.819      6.989    16.4683 0.0000e+00
      4.930      0.071     9.5248     97.324    135.186 112.129239    22.4100     4.1940     0.0852     0.5499 2.3207e+01     1.3220      4.835      7.013    16.4687 0.0000e+00
      4.949      0.078     9.5207     97.246    135.169 112.114079    22.4100     4.2245     0.0852     0.5499 2.3192e+01     1.2464      4.853      7.039    16.4688 0.0000e+00
      4.970      0.084     9.5168     97.150    135.157 112.102855    22.4100     4.2931     0.0852     0.5499 2.2688e+01     1.4277      4.873      7.069    16.4688 0.0000e+00
      4.993      0.088     9.5130     97.058    135.161 112.104572    22.3200     4.2741     0.0426     0.5922 2.2225e+01     1.4126      4.896      7.101    16.4687 0.0000e+00
      5.018      0.089     9.5080     96.999    135.171 112.111690    22.3200     4.3084     0.0426     0.5922 2.1137e+01     1.3975      4.921      7.137    16.4684 0.0000e+00
      5.044      0.087     9.5006     96.991    135.167 112.108109    22.3200     4.2931     0.0426     0.5922 2.0102e+01     1.4881      4.946      7.174    16.4679 0.0000e+00
      5.067      0.082     9.4912     97.032    135.171 112.110871    22.3200     4.2054     0.0426     0.5922 2.0054e+01     1.3220      4.969      7.207    16.4674 0.0000e+00
      5.088      0.075     9.4823     97.106    135.188 112.124712    22.3200     4.1482     0.0426     0.5922 1.9993e+01     1.1256      4.989      7.236    16.4669 0.0000e+00
      5.105      0.068     9.4766     97.191    135.203 112.137325    22.4100     4.1482     0.0852     0.6345 2.0028e+01     1.1860      5.006      7.261    16.4665 0.0000e+00
      5.119      0.062     9.4759     97.264    135.223 112.154076    22.4100     4.1673     0.0852     0.6345 2.0037e+01     1.3371      5.020      7.282    16.4663 0.0000e+00
      5.133      0.059     9.4800     97.311    135.248 112.175430    22.4100     4.1444     0.0852     0.6345 2.0028e+01     1.2313      5.034      7.301    16.4661 0.0000e+00
      5.146      0.058     9.4871     97.332    135.266 112.191086    22.4100     4.0337     0.0852     0.6345 2.0019e+01     1.3371      5.047      7.320    16.4661 0.0000e+00
      5.160      0.059     9.4955     97.328    135.254 112.181222    22.4100     4.0375     0.1278     0.5499 1.9842e+01     1.2011      5.060      7.340    16.4661 0.0000e+00
      5.175      0.062     9.5026     97.301    135.208 112.143210    22.4100     4.0414     0.1278     0.5499 1.9640e+01     1.2313      5.075      7.361    16.4663 0.0000e+00
      5.191      0.064     9.5072     97.250    135.150 112.094906    22.4100     4.0299     0.1278     0.5499 1.9365e+01     1.2313      5.091      7.384    16.4664 0.0000e+00
      5.209      0.065     9.5092     97.179    135.095 112.049424    22.4100     4.4267     0.1278     0.5499 1.8679e+01     0.9594      5.108      7.409    16.4665 0.0000e+00
      5.227      0.065     9.5088     97.105    135.067 112.026630    22.4100     4.3923     0.0426     0.5076 1.8433e+01     0.8839      5.126      7.435    16.4665 0.0000e+00
      5.245      0.064     9.5061     97.038    135.065 112.024442    22.4100     4.3771     0.0426     0.5076 1.8127e+01     0.9594      5.143      7.460    16.4666 0.0000e+00
      5.261      0.060     9.5011     96.979    135.074 112.032281    22.4100     4.4305     0.0426     0.5076 1.7982e+01     0.9141      5.159      7.483    16.4666 0.0000e+00
      5.276      0.056     9.4942     96.930    135.105 112.058235    22.4100     4.4991     0.0426     0.5076 1.7718e+01     1.0954      5.174      7.505    16.4666 0.0000e+00
      5.290      0.050     9.4869     96.906    135.143 112.089230    22.4100     4.5144     0.0426     0.5076 1.7580e+01     0.8688      5.187      7.524    16.4667 0.0000e+00
      5.302      0.045     9.4804     96.922    135.168 112.109535    22.3200     4.4953     0.0852     0.5499 1.7503e+01     0.9292      5.199      7.541    16.4667 0.0000e+00
      5.312      0.041     9.4747     96.972    135.179 112.118567    22.3200     4.5029     0.0852     0.5499 1.7454e+01     0.9896      5.210      7.556    16.4668 0.0000e+00
      5.322      0.037     9.4699     97.039    135.178 112.116735    22.3200     4.3923     0.0852     0.5499 1.7390e+01     0.8990      5.219      7.569    16.4668 0.0000e+00
      5.330      0.035     9.4676     97.112    135.179 112.117548    22.3200     4.4190     0.0852     0.5499 1.7394e+01     1.0047      5.227      7.581    16.4668 0.0000e+00
