Data/DataNotYetUploadedToEDI/Raw_CTD/RawDownloads/102825_ccr50_S8188002.cnv
* Sea-Bird SBE19plus  Data File:
* FileName = C:\R\Reservoirs\Data\DataNotYetUploadedToEDI\Raw_CTD\RawDownloads\102725_bvr50_S8188_0002.hex
* Software version 2.8.0.119
* Temperature SN = 8188
* Conductivity SN = 8188
* System UpLoad Time = Nov 05 2025 17:24:42
* <ApplicationData>
* <Seaterm232>
# nquan = 16
# nvalues = 3334                        
# units = specified
# name 0 = depFM: Depth [fresh water, m]
# name 1 = dz/dtM: Descent Rate [m/s]
# name 2 = sbeox0Mg/L: Oxygen, SBE 43 [mg/l]
# name 3 = sbeox0PS: Oxygen, SBE 43 [% saturation]
# name 4 = specc: Specific Conductance [uS/cm]
# name 5 = c0uS/cm: Conductivity [uS/cm]
# name 6 = wetCDOM: Fluorescence, WET Labs CDOM [mg/m^3]
# name 7 = flECO-AFL: Fluorescence, WET Labs ECO-AFL/FL [mg/m^3]
# name 8 = flECO-AFL1: Fluorescence, WET Labs ECO-AFL/FL, 2 [mg/m^3]
# name 9 = flECO-AFL2: Fluorescence, WET Labs ECO-AFL/FL, 3 [mg/m^3]
# name 10 = par/sat/log: PAR/Logarithmic, Satlantic
# name 11 = turbWETntu0: Turbidity, WET Labs ECO [NTU]
# name 12 = prdM: Pressure, Strain Gauge [db]
# name 13 = prdE: Pressure, Strain Gauge [psi]
# name 14 = tv290C: Temperature [ITS-90, deg C]
# name 15 = flag:  0.000e+00
# span 0 =     -0.467,     20.237       
# span 1 =     -0.338,      0.121       
# span 2 =    -0.4014,    10.8753       
# span 3 =     -3.837,    100.960       
# span 4 =   -629.987,    304.199       
# span 5 =-497.130219, 218.767768       
# span 6 =    -4.5000,    49.5000       
# span 7 =    -0.2960,    11.7014       
# span 8 =    -2.1300,     0.3834       
# span 9 =    -2.0304,     1.0575       
# span 10 = 1.1587e-01, 3.3964e+02      
# span 11 =    -1.1404,    94.2869      
# span 12 =     -0.458,     19.845      
# span 13 =     -0.665,     28.784      
# span 14 =     9.6646,    15.6679      
# span 15 = 0.0000e+00, 0.0000e+00      
# interval = seconds: 0.25
# start_time = Oct 28 2025 10:34:10 [Instrument's time stamp, header]
# bad_flag = -9.990e-29
*END*
[from data line 2712]
     17.731      0.039     1.8204     14.025    129.908 100.886062    24.3000     0.9476     0.1704     0.4230 1.1620e-01    11.9871     17.388     25.219    13.8222 0.0000e+00
     17.740      0.037     1.6883     13.983    130.062 100.995944    24.3000     0.9285     0.1704     0.4230 1.1625e-01    11.8965     17.397     25.232    13.8251 0.0000e+00
     17.749      0.036     1.5765     14.284    130.331 101.183197    24.0300     0.9514     0.2130     0.3384 1.1615e-01    11.8511     17.406     25.245    13.8270 0.0000e+00
     17.758      0.036     1.4947     14.835    130.599 101.359854    24.0300     1.0163     0.2130     0.3384 1.1610e-01    11.8511     17.415     25.258    13.8275 0.0000e+00
     17.767      0.036     1.4505     15.523    130.720 101.425128    24.0300     1.0086     0.2130     0.3384 1.1617e-01    11.9418     17.424     25.271    13.8266 0.0000e+00
     17.777      0.036     1.4463     16.215    130.715 101.406415    24.0300     1.0048     0.2130     0.3384 1.1605e-01    11.8814     17.433     25.285    13.8229 0.0000e+00
     17.786      0.035     1.4776     16.775    130.719 101.408647    24.0300     1.0163     0.2130     0.3384 1.1615e-01    11.8511     17.443     25.298    13.8147 0.0000e+00
     17.796      0.035     1.5351     17.085    130.820 101.490379    23.7600     0.9629     0.1704     0.3807 1.1623e-01    11.7303     17.452     25.311    13.8027 0.0000e+00
     17.804      0.036     1.6066     17.080    131.080 101.687398    23.7600     0.9552     0.1704     0.3807 1.1610e-01    11.5943     17.460     25.323    13.7916 0.0000e+00
     17.812      0.038     1.6784     16.792    131.521 102.008273    23.7600     0.9514     0.1704     0.3807 1.1617e-01    11.7605     17.468     25.335    13.7859 0.0000e+00
     17.821      0.041     1.7364     16.326    132.069 102.392676    23.7600     0.9667     0.1704     0.3807 1.1617e-01    11.7605     17.477     25.348    13.7857 0.0000e+00
     17.832      0.045     1.7683     15.803    132.636 102.775225    23.4900     0.9667     0.1704     0.2538 1.1620e-01    11.7303     17.487     25.363    13.7870 0.0000e+00
     17.844      0.050     1.7679     15.296    133.202 103.150005    23.4900     0.9857     0.1704     0.2538 1.1623e-01    11.6548     17.499     25.380    13.7853 0.0000e+00
     17.857      0.056     1.7383     14.797    133.744 103.507021    23.4900     0.9896     0.1704     0.2538 1.1610e-01    11.6548     17.512     25.399    13.7775 0.0000e+00
     17.872      0.061     1.6905     14.231    134.202 103.805559    23.4900     0.9552     0.1704     0.2538 1.1615e-01    11.6397     17.527     25.421    13.7622 0.0000e+00
     17.889      0.066     1.6372     13.488    134.581 104.047276    23.5800     1.2642     0.1704     0.3807 1.1617e-01    11.9720     17.543     25.444    13.7407 0.0000e+00
     17.907      0.071     1.5854     12.452    134.956 104.288632    23.5800     1.2413     0.1704     0.3807 1.1612e-01    11.9720     17.561     25.470    13.7167 0.0000e+00
     17.926      0.075     1.5344     11.051    135.403 104.583993    23.5800     1.2719     0.1704     0.3807 1.1597e-01    11.8814     17.580     25.497    13.6934 0.0000e+00
     17.946      0.079     1.4764      9.292    135.909 104.918174    23.5800     1.2719     0.1704     0.3807 1.1625e-01    11.8209     17.599     25.525    13.6723 0.0000e+00
     17.966      0.082     1.3998      7.268    136.366 105.208383    24.3000     0.9094     0.2556     0.4230 1.1617e-01    11.6699     17.619     25.554    13.6532 0.0000e+00
     17.988      0.085     1.2927      5.139    136.742 105.434059    24.3000     0.8942     0.2556     0.4230 1.1620e-01    11.6850     17.640     25.585    13.6352 0.0000e+00
     18.011      0.088     1.1476      3.081    137.147 105.685365    24.3000     0.9133     0.2556     0.4230 1.1607e-01    11.6548     17.662     25.617    13.6168 0.0000e+00
     18.034      0.090     0.9652      1.230    137.640 106.005324    24.3000     0.9094     0.2556     0.4230 1.1623e-01    11.6246     17.685     25.650    13.5960 0.0000e+00
     18.057      0.092     0.7551     -0.334    138.181 106.363316    24.3000     0.5966     0.2556     0.4230 1.1617e-01     9.3133     17.708     25.683    13.5729 0.0000e+00
     18.080      0.094     0.5340     -1.583    138.793 106.778842    25.2900     0.5928     0.2556     0.4653 1.1602e-01     9.2528     17.731     25.716    13.5496 0.0000e+00
     18.104      0.095     0.3200     -2.523    139.586 107.330722    25.2900     0.5623     0.2556     0.4653 1.1630e-01     9.2377     17.754     25.751    13.5274 0.0000e+00
     18.129      0.098     0.1275     -3.184    140.608 108.044180    25.2900     0.6043     0.2556     0.4653 1.1615e-01     9.2226     17.778     25.785    13.5057 0.0000e+00
     18.154      0.100    -0.0353     -3.605    141.695 108.783601    25.2900     0.5318     0.2556     0.4653 1.1630e-01     7.2588     17.803     25.821    13.4847 0.0000e+00
     18.179      0.102    -0.1654     -3.816    142.609 109.376299    25.7400     0.5356     0.2556     0.4653 1.1612e-01     7.3645     17.828     25.857    13.4647 0.0000e+00
     18.206      0.104    -0.2634     -3.837    143.310 109.810377    25.7400     0.5356     0.2556     0.4653 1.1630e-01     7.4250     17.854     25.895    13.4442 0.0000e+00
     18.233      0.105    -0.3325     -3.688    144.005 110.257568    25.7400     0.5432     0.2556     0.4653 1.1612e-01     7.4552     17.881     25.934    13.4186 0.0000e+00
     18.261      0.105    -0.3766     -3.406    144.963 110.917095    25.7400     0.5089     0.2556     0.4653 1.1607e-01     6.2920     17.909     25.974    13.3850 0.0000e+00
     18.288      0.106    -0.3990     -3.037    146.330 111.882858    25.9200     0.5509     0.2556     0.4653 1.1610e-01     6.2618     17.935     26.012    13.3467 0.0000e+00
     18.314      0.108    -0.4014     -2.625    148.100 113.134464    25.9200     0.5509     0.2556     0.4653 1.1628e-01     6.2013     17.961     26.049    13.3109 0.0000e+00
     18.341      0.110    -0.3859     -2.202    150.173 114.587762    25.9200     0.5280     0.2556     0.4653 1.1605e-01     6.2013     17.986     26.087    13.2813 0.0000e+00
     18.369      0.113    -0.3565     -1.793    152.355 116.106352    25.9200     0.5623     0.2556     0.4653 1.1635e-01     5.7481     18.014     26.127    13.2562 0.0000e+00
     18.398      0.116    -0.3181     -1.415    154.268 117.415191    25.9200     0.5699     0.2556     0.4653 1.1597e-01     5.7179     18.043     26.169    13.2296 0.0000e+00
     18.430      0.118    -0.2750     -1.077    155.544 118.255252    25.9200     0.5661     0.2556     0.4230 1.1617e-01     5.8690     18.074     26.213    13.1957 0.0000e+00
     18.462      0.118    -0.2309     -0.777    156.304 118.736532    25.9200     0.5852     0.2556     0.4230 1.1607e-01     5.6273     18.105     26.259    13.1529 0.0000e+00
     18.493      0.118    -0.1881     -0.512    157.343 119.465410    25.9200     0.5852     0.2556     0.4230 1.1620e-01     4.9626     18.135     26.303    13.1047 0.0000e+00
     18.522      0.117    -0.1486     -0.283    159.276 120.882268    25.9200     0.6043     0.2556     0.4230 1.1625e-01     4.9626     18.164     26.345    13.0562 0.0000e+00
     18.551      0.116    -0.1131     -0.090    161.837 122.748858    26.0100     0.5661     0.2130     0.3807 1.1615e-01     5.0684     18.192     26.385    13.0133 0.0000e+00
     18.579      0.117    -0.0816      0.074    164.894 124.954850    26.0100     0.6005     0.2130     0.3807 1.1597e-01     5.1288     18.220     26.425    12.9821 0.0000e+00
     18.608      0.119    -0.0538      0.217    168.651 127.658346    26.0100     0.7340     0.2130     0.3807 1.1610e-01     4.2979     18.248     26.467    12.9631 0.0000e+00
     18.639      0.120    -0.0297      0.340    172.428 130.349590    26.0100     0.7225     0.2130     0.3807 1.1615e-01     4.2979     18.278     26.510    12.9478 0.0000e+00
     18.671      0.121    -0.0094      0.442    175.113 132.207213    26.1000     0.6920     0.2130     0.4230 1.1617e-01     4.4188     18.310     26.556    12.9250 0.0000e+00
     18.703      0.121     0.0079      0.524    176.584 133.174160    26.1000     0.7035     0.2130     0.4230 1.1623e-01     4.3281     18.342     26.602    12.8918 0.0000e+00
     18.735      0.119     0.0231      0.591    177.728 133.934648    26.1000     0.7874     0.2130     0.4230 1.1617e-01     3.8296     18.373     26.648    12.8500 0.0000e+00
     18.766      0.115     0.0361      0.645    179.802 135.416054    26.1000     0.7569     0.2130     0.4230 1.1617e-01     3.7692     18.403     26.692    12.8011 0.0000e+00
     18.794      0.112     0.0469      0.690    183.367 138.001367    27.0900     0.7683     0.1704     0.3384 1.1607e-01     3.8598     18.431     26.732    12.7512 0.0000e+00
     18.821      0.110     0.0556      0.727    187.566 141.016718    27.0900     0.7492     0.1704     0.3384 1.1625e-01     3.8598     18.457     26.769    12.7098 0.0000e+00
     18.847      0.110     0.0627      0.760    191.652 143.906806    27.0900     0.8484     0.1704     0.3384 1.1617e-01     3.3462     18.482     26.807    12.6808 0.0000e+00
     18.874      0.111     0.0685      0.794    196.138 147.071890    27.0900     0.8293     0.1704     0.3384 1.1620e-01     3.3613     18.509     26.845    12.6589 0.0000e+00
     18.903      0.113     0.0733      0.828    201.101 150.566738    27.0900     0.8255     0.1704     0.3384 1.1605e-01     3.2556     18.537     26.886    12.6328 0.0000e+00
     18.933      0.115     0.0773      0.858    205.327 153.488277    27.5400     0.8560     0.1704     0.2538 1.1628e-01     3.3462     18.567     26.929    12.5952 0.0000e+00
     18.964      0.115     0.0809      0.879    207.976 155.243142    27.5400     0.7569     0.1704     0.2538 1.1612e-01     3.5728     18.597     26.973    12.5485 0.0000e+00
     18.995      0.113     0.0846      0.893    209.349 156.098890    27.5400     0.7569     0.1704     0.2538 1.1615e-01     3.5728     18.627     27.017    12.4971 0.0000e+00
     19.024      0.109     0.0883      0.904    210.499 156.850832    27.5400     0.7759     0.1704     0.2538 1.1625e-01     3.6030     18.656     27.059    12.4407 0.0000e+00
     19.052      0.104     0.0916      0.914    212.724 158.426887    28.4400     0.7836     0.1704     0.3807 1.1612e-01     3.6030     18.683     27.098    12.3806 0.0000e+00
     19.077      0.100     0.0939      0.922    216.161 160.872525    28.4400     0.7836     0.1704     0.3807 1.1600e-01     3.1649     18.708     27.133    12.3248 0.0000e+00
     19.100      0.096     0.0955      0.925    219.464 163.164404    28.4400     0.7836     0.1704     0.3807 1.1600e-01     3.1347     18.731     27.167    12.2831 0.0000e+00
     19.123      0.094     0.0968      0.923    221.752 164.680998    28.4400     0.7607     0.1704     0.3807 1.1625e-01     3.1801     18.753     27.199    12.2574 0.0000e+00
     19.146      0.093     0.0979      0.923    223.278 165.650311    28.8900     0.7607     0.1278     0.4230 1.1610e-01     3.2707     18.776     27.232    12.2381 0.0000e+00
     19.170      0.093     0.0988      0.924    224.466 166.400993    28.8900     0.7797     0.1278     0.4230 1.1610e-01     3.1347     18.799     27.266    12.2117 0.0000e+00
     19.194      0.094     0.0992      0.927    225.682 167.199383    28.8900     0.7797     0.1278     0.4230 1.1602e-01     3.0441     18.823     27.300    12.1738 0.0000e+00
     19.217      0.095     0.0991      0.928    227.134 168.184197    28.8900     0.7378     0.1278     0.4230 1.1617e-01     3.2254     18.846     27.334    12.1318 0.0000e+00
     19.241      0.096     0.0992      0.925    229.045 169.497756    28.8900     0.7721     0.1278     0.4230 1.1602e-01     3.0441     18.869     27.368    12.0946 0.0000e+00
     19.266      0.097     0.0994      0.917    232.181 171.678804    29.1600     0.8293     0.1278     0.3384 1.1602e-01     3.1045     18.893     27.403    12.0653 0.0000e+00
     19.291      0.099     0.0997      0.907    236.627 174.749397    29.1600     0.7950     0.1278     0.3384 1.1612e-01     2.9837     18.918     27.438    12.0427 0.0000e+00
     19.316      0.102     0.0999      0.899    240.992 177.667228    29.1600     0.8217     0.1278     0.3384 1.1605e-01     3.0441     18.943     27.474    12.0231 0.0000e+00
     19.342      0.103     0.0996      0.891    244.234 179.716078    29.1600     0.8293     0.1278     0.3384 1.1612e-01     3.1498     18.968     27.511    12.0019 0.0000e+00
     19.369      0.104     0.0989      0.885    246.491 181.065117    30.2400     0.8179     0.1278     0.3384 1.1600e-01     2.6211     18.995     27.550    11.9730 0.0000e+00
     19.397      0.105     0.0979      0.884    248.390 182.196467    30.2400     0.8370     0.1278     0.3384 1.1620e-01     2.6513     19.022     27.590    11.9281 0.0000e+00
     19.425      0.105     0.0971      0.888    250.277 183.345594    30.2400     0.8446     0.1278     0.3384 1.1612e-01     2.6966     19.049     27.629    11.8648 0.0000e+00
     19.451      0.104     0.0964      0.897    251.937 184.339360    30.2400     0.8293     0.1278     0.3384 1.1612e-01     2.5607     19.075     27.666    11.7942 0.0000e+00
     19.477      0.103     0.0959      0.908    253.219 185.075554    30.7800     0.8942     0.1278     0.2538 1.1628e-01     2.7571     19.100     27.703    11.7300 0.0000e+00
     19.502      0.101     0.0959      0.917    254.096 185.547797    30.7800     0.9056     0.1278     0.2538 1.1612e-01     2.8930     19.125     27.739    11.6761 0.0000e+00
     19.529      0.098     0.0965      0.919    254.546 185.751568    30.7800     0.8866     0.1278     0.2538 1.1605e-01     2.9232     19.151     27.777    11.6286 0.0000e+00
     19.555      0.094     0.0976      0.912    254.755 185.825491    30.7800     0.9056     0.1278     0.2538 1.1617e-01     2.8930     19.177     27.814    11.5839 0.0000e+00
     19.579      0.088     0.0989      0.901    254.789 185.807343    32.5800     0.8217     0.1278     0.3384 1.1617e-01     2.6664     19.201     27.849    11.5435 0.0000e+00
     19.601      0.082     0.0999      0.885    254.664 185.702316    32.5800     0.8293     0.1278     0.3384 1.1628e-01     2.6362     19.222     27.880    11.5098 0.0000e+00
     19.621      0.076     0.1001      0.866    254.644 185.695123    32.5800     0.8026     0.1278     0.3384 1.1625e-01     2.5909     19.241     27.907    11.4849 0.0000e+00
     19.638      0.071     0.0994      0.844    255.023 185.982514    32.5800     0.8293     0.1278     0.3384 1.1628e-01     2.7571     19.258     27.932    11.4692 0.0000e+00
     19.654      0.068     0.0982      0.822    256.039 186.717386    32.5800     0.8217     0.1278     0.3384 1.1623e-01     2.5607     19.274     27.955    11.4607 0.0000e+00
     19.670      0.067     0.0965      0.805    257.890 188.021458    35.1900     0.8942     0.1704     0.3384 1.1610e-01     2.6513     19.289     27.977    11.4579 0.0000e+00
     19.686      0.069     0.0945      0.795    260.195 189.604253    35.1900     0.8866     0.1704     0.3384 1.1605e-01     2.7269     19.305     28.000    11.4594 0.0000e+00
     19.703      0.072     0.0921      0.792    262.397 191.068978    35.1900     0.8789     0.1704     0.3384 1.1607e-01     2.6211     19.322     28.024    11.4617 0.0000e+00
     19.722      0.076     0.0897      0.797    264.545 192.477061    35.1900     0.8637     0.1704     0.3384 1.1623e-01     2.6211     19.341     28.051    11.4607 0.0000e+00
     19.743      0.079     0.0878      0.808    266.469 193.716167    35.2800     0.9018     0.1278     0.3384 1.1615e-01     2.8779     19.361     28.081    11.4521 0.0000e+00
     19.765      0.080     0.0867      0.825    267.687 194.454220    35.2800     0.8942     0.1278     0.3384 1.1617e-01     2.8326     19.382     28.112    11.4334 0.0000e+00
