Data/DataNotYetUploadedToEDI/Raw_CTD/RawDownloads/102824_ccr50_S8188001.cnv
* Sea-Bird SBE19plus  Data File:
* FileName = C:\R\Reservoirs\Data\DataNotYetUploadedToEDI\Raw_CTD\RawDownloads\102824_ccr50_S8188_0001.hex
* Software version 2.8.0.119
* Temperature SN = 8188
* Conductivity SN = 8188
* System UpLoad Time = Oct 31 2024 10:22:26
* <ApplicationData>
* <Seaterm232>
# nquan = 16
# nvalues = 2478                        
# units = specified
# name 0 = depFM: Depth [fresh water, m]
# name 1 = dz/dtM: Descent Rate [m/s]
# name 2 = sbeox0Mg/L: Oxygen, SBE 43 [mg/l]
# name 3 = sbeox0PS: Oxygen, SBE 43 [% saturation]
# name 4 = specc: Specific Conductance [uS/cm]
# name 5 = c0uS/cm: Conductivity [uS/cm]
# name 6 = wetCDOM: Fluorescence, WET Labs CDOM [mg/m^3]
# name 7 = flECO-AFL: Fluorescence, WET Labs ECO-AFL/FL [mg/m^3]
# name 8 = flECO-AFL1: Fluorescence, WET Labs ECO-AFL/FL, 2 [mg/m^3]
# name 9 = flECO-AFL2: Fluorescence, WET Labs ECO-AFL/FL, 3 [mg/m^3]
# name 10 = par/sat/log: PAR/Logarithmic, Satlantic
# name 11 = turbWETntu0: Turbidity, WET Labs ECO [NTU]
# name 12 = prdM: Pressure, Strain Gauge [db]
# name 13 = prdE: Pressure, Strain Gauge [psi]
# name 14 = tv290C: Temperature [ITS-90, deg C]
# name 15 = flag:  0.000e+00
# span 0 =     -0.368,     20.220       
# span 1 =     -0.359,      0.150       
# span 2 =    -0.1944,    11.8159       
# span 3 =     -1.908,    120.971       
# span 4 =   -588.753,    199.595       
# span 5 =-476.519953, 153.482577       
# span 6 =    -4.5000,    51.9300       
# span 7 =    -2.4781,     7.2953       
# span 8 =    -2.1300,     2.0448       
# span 9 =    -6.0066,     7.7409       
# span 10 = 1.1585e-01, 1.4837e+03      
# span 11 =    -7.3491,   376.3693      
# span 12 =     -0.361,     19.829      
# span 13 =     -0.524,     28.760      
# span 14 =    13.4381,    16.5145      
# span 15 = 0.0000e+00, 0.0000e+00      
# interval = seconds: 0.25
# start_time = Oct 28 2024 10:06:56 [Instrument's time stamp, header]
# bad_flag = -9.990e-29
*END*
[from data line 1989]
     18.552      0.067     1.7912     16.000    135.815 109.026525    31.4100     0.8370     0.2130     0.2115 1.1615e-01     8.5882     18.193     26.387    15.1561 0.0000e+00
     18.569      0.064     1.7225     15.777    135.882 109.059225    31.4100     0.8446     0.2130     0.2115 1.1610e-01     8.6335     18.209     26.411    15.1527 0.0000e+00
     18.585      0.061     1.6708     15.540    135.916 109.066851    31.2300     0.8370     0.2130     0.1692 1.1617e-01     8.6033     18.225     26.434    15.1480 0.0000e+00
     18.601      0.057     1.6343     15.238    135.908 109.045438    31.2300     0.8408     0.2130     0.1692 1.1620e-01     8.5731     18.241     26.456    15.1417 0.0000e+00
     18.616      0.052     1.6081     14.844    135.866 109.005269    31.2300     0.8293     0.2130     0.1692 1.1623e-01     8.5731     18.256     26.478    15.1343 0.0000e+00
     18.629      0.047     1.5860     14.372    135.844 108.987616    31.2300     0.8179     0.2130     0.1692 1.1615e-01     7.6365     18.269     26.497    15.1264 0.0000e+00
     18.640      0.041     1.5624     13.865    135.856 109.001765    31.6800     0.8408     0.2130     0.2538 1.1605e-01     7.6516     18.280     26.512    15.1192 0.0000e+00
     18.649      0.036     1.5322     13.383    135.869 109.017503    31.6800     0.8484     0.2130     0.2538 1.1617e-01     7.6969     18.289     26.525    15.1139 0.0000e+00
     18.657      0.032     1.4927     13.005    135.861 109.013037    31.6800     0.8446     0.2130     0.2538 1.1605e-01     7.6969     18.296     26.536    15.1112 0.0000e+00
     18.664      0.029     1.4453     12.796    135.877 109.021162    31.6800     0.8293     0.2130     0.2538 1.1607e-01     7.8630     18.303     26.546    15.1113 0.0000e+00
     18.670      0.027     1.3942     12.788    135.938 109.060041    31.4100     0.8332     0.2556     0.1692 1.1635e-01     7.8177     18.309     26.555    15.1130 0.0000e+00
     18.677      0.027     1.3457     12.972    135.989 109.088058    31.4100     0.8446     0.2556     0.1692 1.1633e-01     7.8328     18.315     26.564    15.1150 0.0000e+00
     18.683      0.028     1.3076     13.293    136.029 109.108685    31.4100     0.8637     0.2556     0.1692 1.1635e-01     7.9235     18.322     26.574    15.1156 0.0000e+00
     18.690      0.029     1.2866     13.656    136.097 109.153413    31.4100     0.7836     0.2556     0.1692 1.1620e-01     7.7573     18.329     26.584    15.1138 0.0000e+00
     18.697      0.030     1.2860     13.970    136.173 109.204180    31.3200     0.7874     0.2130     0.1692 1.1612e-01     7.6365     18.336     26.594    15.1101 0.0000e+00
     18.705      0.032     1.3046     14.174    136.234 109.240536    31.3200     0.7607     0.2130     0.1692 1.1605e-01     7.6969     18.343     26.605    15.1056 0.0000e+00
     18.713      0.034     1.3370     14.235    136.272 109.256179    31.3200     0.7797     0.2130     0.1692 1.1612e-01     7.6667     18.351     26.616    15.1014 0.0000e+00
     18.722      0.036     1.3737     14.152    136.303 109.265278    31.3200     0.7569     0.2130     0.1692 1.1617e-01     7.8933     18.360     26.628    15.0976 0.0000e+00
     18.731      0.038     1.4054     13.954    136.358 109.292251    31.3200     0.7416     0.2130     0.1692 1.1607e-01     7.9688     18.369     26.642    15.0938 0.0000e+00
     18.741      0.040     1.4260     13.680    136.427 109.330294    31.4100     0.7683     0.2130     0.1692 1.1612e-01     7.8933     18.378     26.656    15.0893 0.0000e+00
     18.752      0.042     1.4323     13.370    136.492 109.363562    31.4100     0.7797     0.2130     0.1692 1.1617e-01     7.9537     18.389     26.671    15.0840 0.0000e+00
     18.763      0.044     1.4242     13.048    136.562 109.400924    31.4100     0.8522     0.2130     0.1692 1.1617e-01     7.5609     18.400     26.687    15.0781 0.0000e+00
     18.774      0.045     1.4043     12.720    136.663 109.464339    31.4100     0.8484     0.2130     0.1692 1.1600e-01     7.6365     18.411     26.703    15.0720 0.0000e+00
     18.786      0.046     1.3770     12.382    136.797 109.554722    31.6800     0.8293     0.2130     0.3384 1.1592e-01     7.7573     18.423     26.720    15.0655 0.0000e+00
     18.798      0.048     1.3460     12.028    136.922 109.638193    31.6800     0.8065     0.2130     0.3384 1.1612e-01     7.5458     18.434     26.737    15.0588 0.0000e+00
     18.810      0.050     1.3138     11.651    137.010 109.691026    31.6800     0.9018     0.2130     0.3384 1.1623e-01     7.5005     18.446     26.754    15.0521 0.0000e+00
     18.822      0.052     1.2809     11.248    137.078 109.729309    31.6800     0.8904     0.2130     0.3384 1.1628e-01     7.4552     18.458     26.771    15.0455 0.0000e+00
     18.836      0.055     1.2470     10.821    137.153 109.773245    31.0500     0.8942     0.2130     0.1269 1.1602e-01     7.4099     18.471     26.790    15.0392 0.0000e+00
     18.850      0.059     1.2116     10.377    137.241 109.828553    31.0500     0.9094     0.2130     0.1269 1.1617e-01     7.3796     18.485     26.811    15.0331 0.0000e+00
     18.866      0.063     1.1738      9.923    137.327 109.881990    31.0500     0.9514     0.2130     0.1269 1.1625e-01     7.1682     18.501     26.833    15.0268 0.0000e+00
     18.882      0.068     1.1332      9.461    137.399 109.921814    31.0500     0.9362     0.2130     0.1269 1.1623e-01     7.1984     18.517     26.857    15.0208 0.0000e+00
     18.900      0.074     1.0903      9.000    137.486 109.970640    31.0500     0.9438     0.2130     0.1269 1.1602e-01     7.2286     18.534     26.882    15.0151 0.0000e+00
     18.919      0.082     1.0457      8.549    137.634 110.061482    30.5100     0.9590     0.2130     0.2538 1.1602e-01     7.2286     18.553     26.909    15.0096 0.0000e+00
     18.939      0.091     1.0001      8.109    137.847 110.194571    30.5100     1.0163     0.2130     0.2538 1.1615e-01     7.2135     18.573     26.938    15.0038 0.0000e+00
     18.962      0.102     0.9537      7.663    138.097 110.349412    30.5100     1.0010     0.2130     0.2538 1.1617e-01     7.1077     18.596     26.971    14.9974 0.0000e+00
     18.989      0.112     0.9073      7.180    138.370 110.517309    30.5100     1.0239     0.2130     0.2538 1.1620e-01     7.2135     18.622     27.009    14.9899 0.0000e+00
     19.020      0.121     0.8620      6.616    138.648 110.687047    31.3200     1.0010     0.2130     0.2538 1.1607e-01     7.1379     18.653     27.054    14.9799 0.0000e+00
     19.055      0.128     0.8178      5.927    138.922 110.853903    31.3200     0.8370     0.2130     0.2538 1.1620e-01     6.7150     18.687     27.103    14.9666 0.0000e+00
     19.091      0.131     0.7731      5.081    139.201 111.028377    31.3200     0.8370     0.2130     0.2538 1.1607e-01     6.6696     18.722     27.154    14.9503 0.0000e+00
     19.126      0.131     0.7246      4.077    139.500 111.221003    31.3200     0.8446     0.2130     0.2538 1.1617e-01     6.6999     18.757     27.204    14.9321 0.0000e+00
     19.160      0.128     0.6679      2.952    139.879 111.475150    31.3200     0.8217     0.2130     0.2538 1.1607e-01     6.7150     18.790     27.253    14.9133 0.0000e+00
     19.193      0.123     0.5986      1.776    140.449 111.872586    31.3200     0.6577     0.2130     0.2538 1.1617e-01     6.5337     18.821     27.298    14.8949 0.0000e+00
     19.223      0.118     0.5133      0.645    141.341 112.509295    31.3200     0.6348     0.2130     0.2538 1.1612e-01     6.4884     18.851     27.341    14.8776 0.0000e+00
     19.251      0.114     0.4118     -0.341    142.685 113.475084    31.3200     0.6500     0.2130     0.2538 1.1620e-01     6.3977     18.879     27.382    14.8613 0.0000e+00
     19.279      0.110     0.2982     -1.105    144.300 114.615552    30.7800     0.6500     0.2130     0.2115 1.1620e-01     6.3675     18.906     27.421    14.8447 0.0000e+00
     19.306      0.107     0.1793     -1.612    145.692 115.546886    30.7800     0.5509     0.2130     0.2115 1.1617e-01     7.8933     18.933     27.460    14.8250 0.0000e+00
     19.333      0.104     0.0649     -1.866    146.639 116.129457    30.7800     0.5280     0.2130     0.2115 1.1607e-01     7.8328     18.960     27.499    14.7993 0.0000e+00
     19.361      0.099    -0.0349     -1.908    147.232 116.464607    30.7800     0.5394     0.2130     0.2115 1.1623e-01     7.9688     18.986     27.538    14.7636 0.0000e+00
     19.387      0.094    -0.1125     -1.804    147.580 116.645704    30.7800     0.5394     0.2130     0.2115 1.1612e-01     7.8479     19.012     27.575    14.7139 0.0000e+00
     19.411      0.087    -0.1641     -1.622    147.795 116.753039    30.8700     0.6157     0.2130     0.2115 1.1612e-01     7.2286     19.035     27.608    14.6540 0.0000e+00
     19.432      0.080    -0.1900     -1.412    147.911 116.803233    30.8700     0.6081     0.2130     0.2115 1.1623e-01     7.1833     19.056     27.638    14.5960 0.0000e+00
     19.450      0.072    -0.1944     -1.208    147.896 116.769669    30.8700     0.5928     0.2130     0.2115 1.1612e-01     7.1833     19.074     27.665    14.5497 0.0000e+00
     19.467      0.064    -0.1839     -1.021    147.738 116.643396    30.8700     0.5852     0.2130     0.2115 1.1617e-01     7.2437     19.091     27.689    14.5173 0.0000e+00
     19.482      0.057    -0.1653     -0.844    147.457 116.436742    30.6900     0.6043     0.2130     0.1692 1.1605e-01     6.9869     19.106     27.710    14.4956 0.0000e+00
     19.496      0.050    -0.1440     -0.669    147.175 116.242603    30.6900     0.5776     0.2130     0.1692 1.1612e-01     6.9113     19.119     27.729    14.4813 0.0000e+00
     19.507      0.045    -0.1232     -0.489    147.081 116.199211    30.6900     0.5852     0.2130     0.1692 1.1612e-01     6.9416     19.130     27.746    14.4739 0.0000e+00
     19.517      0.041    -0.1041     -0.305    147.286 116.378996    30.6900     0.5852     0.2130     0.1692 1.1612e-01     6.9567     19.140     27.760    14.4733 0.0000e+00
     19.526      0.038    -0.0861     -0.116    147.735 116.723904    30.6900     0.6119     0.2130     0.2115 1.1605e-01     6.9264     19.149     27.773    14.4786 0.0000e+00
     19.535      0.037    -0.0682      0.077    148.216 117.063908    30.6900     0.5928     0.2130     0.2115 1.1617e-01     6.6696     19.157     27.785    14.4882 0.0000e+00
     19.544      0.038    -0.0499      0.270    148.575 117.295664    30.6900     0.6081     0.2130     0.2115 1.1607e-01     6.8509     19.166     27.798    14.4988 0.0000e+00
     19.553      0.039    -0.0311      0.454    148.872 117.484973    30.6900     0.5928     0.2130     0.2115 1.1612e-01     6.7603     19.175     27.811    14.5049 0.0000e+00
     19.563      0.041    -0.0118      0.619    149.281 117.770319    30.6900     0.6005     0.2130     0.2115 1.1617e-01     6.7150     19.185     27.826    14.5015 0.0000e+00
     19.574      0.044     0.0079      0.758    149.990 118.289797    30.7800     0.5852     0.2130     0.2115 1.1612e-01     6.7301     19.196     27.841    14.4882 0.0000e+00
     19.585      0.048     0.0275      0.871    151.244 119.219937    30.7800     0.5890     0.2130     0.2115 1.1620e-01     6.6545     19.207     27.857    14.4711 0.0000e+00
     19.597      0.053     0.0463      0.957    153.214 120.670765    30.7800     0.5928     0.2130     0.2115 1.1605e-01     6.6394     19.218     27.874    14.4563 0.0000e+00
     19.610      0.060     0.0631      1.021    155.886 122.615122    30.7800     0.5661     0.2130     0.2115 1.1625e-01     6.7301     19.231     27.893    14.4444 0.0000e+00
     19.626      0.067     0.0774      1.065    159.207 125.011392    30.8700     0.5699     0.1704     0.2961 1.1628e-01     6.5941     19.246     27.914    14.4324 0.0000e+00
     19.643      0.076     0.0890      1.091    163.076 127.788347    30.8700     0.5776     0.1704     0.2961 1.1617e-01     6.6243     19.264     27.939    14.4147 0.0000e+00
     19.664      0.085     0.0978      1.104    167.259 130.772073    30.8700     0.5966     0.1704     0.2961 1.1600e-01     6.7150     19.284     27.969    14.3839 0.0000e+00
     19.687      0.094     0.1044      1.104    171.442 133.733575    30.8700     0.6005     0.1704     0.2961 1.1607e-01     6.7150     19.307     28.002    14.3351 0.0000e+00
     19.713      0.101     0.1091      1.091    175.425 136.535851    31.1400     0.7302     0.2130     0.1692 1.1628e-01     6.2467     19.332     28.039    14.2697 0.0000e+00
     19.741      0.107     0.1120      1.062    179.255 139.231515    31.1400     0.7340     0.2130     0.1692 1.1612e-01     6.3071     19.359     28.078    14.1913 0.0000e+00
     19.770      0.111     0.1135      1.021    183.088 141.940760    31.1400     0.7225     0.2130     0.1692 1.1615e-01     6.3222     19.388     28.119    14.1042 0.0000e+00
     19.799      0.112     0.1137      0.977    186.872 144.619108    31.1400     0.7035     0.2130     0.1692 1.1625e-01     6.2013     19.417     28.162    14.0138 0.0000e+00
     19.830      0.111     0.1126      0.936    190.499 147.181725    32.2200     1.2604     0.1704     0.2115 1.1615e-01     6.4582     19.446     28.204    13.9263 0.0000e+00
     19.859      0.108     0.1097      0.902    194.081 149.723116    32.2200     1.2642     0.1704     0.2115 1.1620e-01     6.4430     19.476     28.247    13.8455 0.0000e+00
     19.887      0.102     0.1057      0.875    197.318 152.015447    32.2200     1.2833     0.1704     0.2115 1.1623e-01     6.4430     19.503     28.287    13.7713 0.0000e+00
     19.913      0.094     0.1012      0.856    199.294 153.365653    32.2200     1.2642     0.1704     0.2115 1.1615e-01     6.5337     19.528     28.324    13.7017 0.0000e+00
     19.936      0.084     0.0971      0.846    199.595 153.482577    32.2200     2.5803     0.1704     0.2115 1.1615e-01    15.5069     19.551     28.356    13.6364 0.0000e+00
     19.956      0.074     0.0937      0.847    198.671 152.734050    35.3700     2.5651     0.1704     0.2961 1.1625e-01    15.5220     19.571     28.385    13.5767 0.0000e+00
     19.974      0.064     0.0911      0.853    197.153 151.593757    35.3700     2.5574     0.1704     0.2961 1.1617e-01    15.4767     19.588     28.410    13.5234 0.0000e+00
     19.989      0.055     0.0892      0.859    195.455 150.354704    35.3700     2.5536     0.1704     0.2961 1.1620e-01    15.5522     19.603     28.431    13.4785 0.0000e+00
     20.001      0.047     0.0882      0.867    193.917 149.253441    35.3700     4.1596     0.1704     0.2961 1.1625e-01    25.0693     19.615     28.449    13.4486 0.0000e+00
     20.011      0.040     0.0883      0.875    192.828 148.497110    37.8900     4.1596     0.1704     0.2538 1.1630e-01    25.1448     19.625     28.463    13.4381 0.0000e+00
     20.020      0.035     0.0889      0.881    192.319 148.178481    37.8900     4.1444     0.1704     0.2538 1.1602e-01    24.9786     19.633     28.475    13.4444 0.0000e+00
     20.028      0.031     0.0896      0.883    192.346 148.258659    37.8900     4.1673     0.1704     0.2538 1.1617e-01    25.1448     19.640     28.486    13.4610 0.0000e+00
     20.035      0.028     0.0903      0.881    192.743 148.600790    37.8900     5.8763     0.1704     0.2538 1.1612e-01    41.7317     19.647     28.496    13.4819 0.0000e+00
     20.041      0.027     0.0911      0.878    193.421 149.133862    36.9900     5.8534     0.1704     0.1692 1.1612e-01    41.5957     19.654     28.505    13.5027 0.0000e+00
     20.048      0.026     0.0917      0.870    194.459 149.919904    36.9900     5.8305     0.1704     0.1692 1.1623e-01    41.6410     19.660     28.515    13.5215 0.0000e+00
     20.054      0.026     0.0918      0.862    195.777 150.898084    36.9900     5.8724     0.1704     0.1692 1.1602e-01    41.7770     19.666     28.524    13.5366 0.0000e+00
