Data/DataNotYetUploadedToEDI/Raw_CTD/RawDownloads/102824_ccr50_S8188001.cnv
* Sea-Bird SBE19plus  Data File:
* FileName = C:\R\Reservoirs\Data\DataNotYetUploadedToEDI\Raw_CTD\RawDownloads\102824_ccr50_S8188_0001.hex
* Software version 2.8.0.119
* Temperature SN = 8188
* Conductivity SN = 8188
* System UpLoad Time = Oct 31 2024 10:22:26
* <ApplicationData>
* <Seaterm232>
# nquan = 16
# nvalues = 2478                        
# units = specified
# name 0 = depFM: Depth [fresh water, m]
# name 1 = dz/dtM: Descent Rate [m/s]
# name 2 = sbeox0Mg/L: Oxygen, SBE 43 [mg/l]
# name 3 = sbeox0PS: Oxygen, SBE 43 [% saturation]
# name 4 = specc: Specific Conductance [uS/cm]
# name 5 = c0uS/cm: Conductivity [uS/cm]
# name 6 = wetCDOM: Fluorescence, WET Labs CDOM [mg/m^3]
# name 7 = flECO-AFL: Fluorescence, WET Labs ECO-AFL/FL [mg/m^3]
# name 8 = flECO-AFL1: Fluorescence, WET Labs ECO-AFL/FL, 2 [mg/m^3]
# name 9 = flECO-AFL2: Fluorescence, WET Labs ECO-AFL/FL, 3 [mg/m^3]
# name 10 = par/sat/log: PAR/Logarithmic, Satlantic
# name 11 = turbWETntu0: Turbidity, WET Labs ECO [NTU]
# name 12 = prdM: Pressure, Strain Gauge [db]
# name 13 = prdE: Pressure, Strain Gauge [psi]
# name 14 = tv290C: Temperature [ITS-90, deg C]
# name 15 = flag:  0.000e+00
# span 0 =     -0.368,     20.220       
# span 1 =     -0.359,      0.150       
# span 2 =    -0.1944,    11.8159       
# span 3 =     -1.908,    120.971       
# span 4 =   -588.753,    199.595       
# span 5 =-476.519953, 153.482577       
# span 6 =    -4.5000,    51.9300       
# span 7 =    -2.4781,     7.2953       
# span 8 =    -2.1300,     2.0448       
# span 9 =    -6.0066,     7.7409       
# span 10 = 1.1585e-01, 1.4837e+03      
# span 11 =    -7.3491,   376.3693      
# span 12 =     -0.361,     19.829      
# span 13 =     -0.524,     28.760      
# span 14 =    13.4381,    16.5145      
# span 15 = 0.0000e+00, 0.0000e+00      
# interval = seconds: 0.25
# start_time = Oct 28 2024 10:06:56 [Instrument's time stamp, header]
# bad_flag = -9.990e-29
*END*
[from data line 452]
      0.874      0.090     9.4416     96.680    135.011 112.079950    22.3200     3.7019     0.1278     0.5922 2.8476e+02     1.1105      0.857      1.242    16.5032 0.0000e+00
      0.898      0.093     9.4375     96.742    135.020 112.087806    22.4100     3.6751     0.0852     0.5922 2.8378e+02     1.0803      0.880      1.277    16.5032 0.0000e+00
      0.924      0.095     9.4346     96.819    135.032 112.098607    22.4100     3.6751     0.0852     0.5922 2.7527e+02     1.1105      0.906      1.314    16.5034 0.0000e+00
      0.950      0.095     9.4346     96.909    135.047 112.111233    22.4100     3.9574     0.0852     0.5922 2.7647e+02     1.3975      0.931      1.351    16.5037 0.0000e+00
      0.975      0.093     9.4381     97.011    135.068 112.129050    22.4100     3.9574     0.0852     0.5922 3.0368e+02     1.3673      0.956      1.386    16.5039 0.0000e+00
      0.998      0.089     9.4441     97.108    135.091 112.148813    22.4100     3.9574     0.0852     0.6345 2.9535e+02     1.3220      0.979      1.420    16.5041 0.0000e+00
      1.020      0.084     9.4516     97.184    135.100 112.155794    22.4100     3.9727     0.0852     0.6345 3.1347e+02     1.1407      1.001      1.451    16.5043 0.0000e+00
      1.041      0.079     9.4604     97.231    135.100 112.155855    22.4100     4.3504     0.0852     0.6345 2.7780e+02     1.3220      1.021      1.481    16.5045 0.0000e+00
      1.060      0.074     9.4702     97.248    135.102 112.157010    22.4100     4.3427     0.0852     0.6345 3.0230e+02     1.2011      1.040      1.508    16.5046 0.0000e+00
      1.078      0.069     9.4797     97.247    135.101 112.155568    22.4100     4.3656     0.0852     0.6345 2.9767e+02     1.2615      1.058      1.534    16.5046 0.0000e+00
      1.095      0.066     9.4872     97.242    135.097 112.151144    22.4100     4.3427     0.0852     0.6768 2.7289e+02     1.3371      1.074      1.558    16.5046 0.0000e+00
      1.111      0.063     9.4917     97.239    135.089 112.142559    22.4100     4.3084     0.0852     0.6768 2.8365e+02     1.1709      1.090      1.580    16.5045 0.0000e+00
      1.126      0.060     9.4934     97.245    135.074 112.127523    22.4100     4.2893     0.0852     0.6768 2.9032e+02     1.1709      1.104      1.601    16.5043 0.0000e+00
      1.141      0.058     9.4934     97.259    135.042 112.098028    22.4100     4.2817     0.0852     0.6768 3.0164e+02     1.2766      1.119      1.622    16.5040 0.0000e+00
      1.156      0.057     9.4930     97.275    135.005 112.064204    22.4100     4.2855     0.1278     0.7191 2.9248e+02     1.3069      1.133      1.643    16.5036 0.0000e+00
      1.170      0.056     9.4928     97.287    134.991 112.049024    22.4100     4.2893     0.1278     0.7191 2.6225e+02     1.0047      1.147      1.664    16.5030 0.0000e+00
      1.184      0.056     9.4936     97.287    134.983 112.040442    22.4100     4.2855     0.1278     0.7191 2.6592e+02     1.0954      1.161      1.684    16.5021 0.0000e+00
      1.198      0.055     9.4952     97.279    134.967 112.026172    22.4100     4.2817     0.1278     0.7191 2.6819e+02     1.0047      1.175      1.704    16.5009 0.0000e+00
      1.212      0.054     9.4970     97.274    134.957 112.018404    22.4100     4.2779     0.0852     0.6768 2.4806e+02     0.9745      1.189      1.724    16.4996 0.0000e+00
      1.226      0.053     9.4984     97.276    134.957 112.019067    22.4100     4.4457     0.0852     0.6768 2.5401e+02     1.1558      1.202      1.744    16.4984 0.0000e+00
      1.240      0.051     9.4986     97.281    134.965 112.026338    22.4100     4.4686     0.0852     0.6768 2.3958e+02     1.0652      1.216      1.764    16.4976 0.0000e+00
      1.253      0.049     9.4979     97.284    134.982 112.040156    22.4100     4.4648     0.0852     0.6768 2.1689e+02     1.0198      1.229      1.783    16.4974 0.0000e+00
      1.266      0.046     9.4973     97.279    135.005 112.058208    22.4100     4.4648     0.1278     0.6768 2.3628e+02     1.0349      1.241      1.800    16.4975 0.0000e+00
      1.277      0.043     9.4975     97.263    135.025 112.073308    22.4100     4.4038     0.1278     0.6768 2.4042e+02     1.0047      1.252      1.816    16.4978 0.0000e+00
      1.287      0.041     9.4980     97.245    135.025 112.071488    22.4100     4.4076     0.1278     0.6768 2.3896e+02     1.0198      1.262      1.830    16.4980 0.0000e+00
      1.297      0.039     9.4983     97.233    135.006 112.054262    22.4100     4.4190     0.1278     0.6768 2.4026e+02     1.0803      1.271      1.844    16.4980 0.0000e+00
      1.306      0.038     9.4978     97.232    134.996 112.045031    22.4100     4.4076     0.1278     0.6768 2.2721e+02     1.0047      1.280      1.857    16.4976 0.0000e+00
      1.315      0.037     9.4964     97.245    135.013 112.059328    22.4100     4.2702     0.0852     0.7191 2.2175e+02     0.9745      1.290      1.870    16.4970 0.0000e+00
      1.324      0.036     9.4948     97.272    135.046 112.086968    22.4100     4.2664     0.0852     0.7191 2.1978e+02     0.9141      1.299      1.884    16.4962 0.0000e+00
      1.334      0.035     9.4938     97.307    135.074 112.111329    22.4100     4.2931     0.0852     0.7191 2.0236e+02     1.0652      1.308      1.897    16.4956 0.0000e+00
      1.343      0.033     9.4937     97.334    135.086 112.120910    22.4100     4.3008     0.0852     0.7191 2.0866e+02     1.0198      1.317      1.910    16.4953 0.0000e+00
      1.352      0.031     9.4949     97.341    135.079 112.114267    22.5000     4.4686     0.1278     0.6768 2.2132e+02     1.0500      1.325      1.922    16.4953 0.0000e+00
      1.359      0.029     9.4975     97.323    135.061 112.097626    22.5000     4.5182     0.1278     0.6768 2.1854e+02     1.1256      1.333      1.933    16.4957 0.0000e+00
      1.366      0.028     9.5008     97.290    135.043 112.080547    22.5000     4.5144     0.1278     0.6768 2.1888e+02     1.0803      1.339      1.942    16.4959 0.0000e+00
      1.372      0.026     9.5035     97.252    135.040 112.076472    22.5000     4.5144     0.1278     0.6768 2.1935e+02     1.0349      1.346      1.951    16.4959 0.0000e+00
      1.379      0.025     9.5043     97.218    135.049 112.082315    22.4100     4.5869     0.1278     0.5922 2.1154e+02     1.0954      1.352      1.960    16.4955 0.0000e+00
      1.385      0.024     9.5027     97.195    135.062 112.091634    22.4100     4.5754     0.1278     0.5922 2.1209e+02     1.0349      1.358      1.970    16.4948 0.0000e+00
      1.391      0.023     9.4996     97.182    135.075 112.100917    22.4100     4.5297     0.1278     0.5922 2.0210e+02     0.9443      1.364      1.979    16.4940 0.0000e+00
      1.397      0.021     9.4960     97.169    135.079 112.102640    22.4100     4.5640     0.1278     0.5922 1.9191e+02     1.0198      1.370      1.987    16.4934 0.0000e+00
      1.402      0.020     9.4928     97.160    135.072 112.095264    22.4100     4.4877     0.1278     0.5922 1.8865e+02     1.0349      1.375      1.994    16.4929 0.0000e+00
      1.407      0.019     9.4907     97.167    135.047 112.072823    22.4100     4.4801     0.1278     0.7614 1.7871e+02     1.0349      1.379      2.001    16.4924 0.0000e+00
      1.411      0.019     9.4894     97.194    135.023 112.051328    22.4100     4.4877     0.1278     0.7614 1.7339e+02     0.9896      1.384      2.007    16.4918 0.0000e+00
      1.415      0.020     9.4883     97.239    135.028 112.055040    22.4100     4.4686     0.1278     0.7614 1.7678e+02     1.0047      1.388      2.013    16.4913 0.0000e+00
      1.420      0.022     9.4876     97.295    135.052 112.076950    22.4100     4.4915     0.1278     0.7614 1.8750e+02     1.0803      1.392      2.019    16.4907 0.0000e+00
      1.425      0.025     9.4884     97.354    135.079 112.102906    22.4100     4.4953     0.0852     0.8037 1.9553e+02     0.9443      1.397      2.027    16.4901 0.0000e+00
      1.432      0.028     9.4911     97.409    135.096 112.121833    22.4100     4.4991     0.0852     0.8037 2.0052e+02     1.0954      1.404      2.036    16.4895 0.0000e+00
      1.439      0.031     9.4955     97.453    135.099 112.128780    22.4100     4.5144     0.0852     0.8037 2.0052e+02     1.0198      1.412      2.048    16.4893 0.0000e+00
      1.448      0.033     9.5009     97.474    135.090 112.125600    22.4100     4.4724     0.0852     0.8037 2.0000e+02     0.9594      1.421      2.060    16.4899 0.0000e+00
      1.458      0.034     9.5064     97.465    135.081 112.121443    22.4100     4.4686     0.0852     0.7191 1.9715e+02     0.9443      1.430      2.074    16.4912 0.0000e+00
      1.468      0.033     9.5114     97.429    135.089 112.129198    22.4100     4.4801     0.0852     0.7191 2.0902e+02     1.0198      1.440      2.088    16.4930 0.0000e+00
      1.477      0.031     9.5153     97.375    135.092 112.132938    22.4100     4.4572     0.0852     0.7191 2.0127e+02     1.0047      1.448      2.100    16.4949 0.0000e+00
      1.485      0.029     9.5170     97.325    135.062 112.107663    22.4100     4.5716     0.0852     0.7191 2.0228e+02     1.0954      1.456      2.111    16.4965 0.0000e+00
      1.491      0.026     9.5160     97.289    135.021 112.072630    22.5000     4.5602     0.0852     0.7191 2.1338e+02     1.0652      1.462      2.121    16.4976 0.0000e+00
      1.497      0.024     9.5123     97.257    135.010 112.062486    22.5000     4.5678     0.0852     0.7191 2.1845e+02     0.9292      1.468      2.129    16.4982 0.0000e+00
      1.503      0.022     9.5070     97.220    135.021 112.070528    22.5000     4.5831     0.0852     0.7191 2.0757e+02     1.0652      1.474      2.137    16.4984 0.0000e+00
      1.508      0.021     9.5021     97.181    135.036 112.080903    22.5000     4.6288     0.0852     0.7191 2.0989e+02     1.0047      1.479      2.145    16.4983 0.0000e+00
      1.513      0.021     9.4986     97.148    135.061 112.100378    22.5000     4.6594     0.0852     0.7191 2.1236e+02     1.0652      1.484      2.152    16.4980 0.0000e+00
      1.519      0.021     9.4956     97.125    135.082 112.116150    22.3200     4.6288     0.1278     0.6768 2.1940e+02     1.0349      1.489      2.160    16.4976 0.0000e+00
      1.524      0.020     9.4921     97.122    135.081 112.114427    22.3200     4.6098     0.1278     0.6768 2.1427e+02     1.0349      1.495      2.167    16.4970 0.0000e+00
      1.529      0.020     9.4885     97.143    135.079 112.110747    22.3200     4.4877     0.1278     0.6768 2.1670e+02     1.0954      1.500      2.175    16.4964 0.0000e+00
      1.534      0.020     9.4853     97.191    135.082 112.112127    22.3200     4.4877     0.1278     0.6768 2.1320e+02     1.0652      1.505      2.182    16.4959 0.0000e+00
      1.539      0.021     9.4832     97.259    135.092 112.120934    22.4100     4.5144     0.1278     0.7191 2.1126e+02     1.0349      1.510      2.189    16.4954 0.0000e+00
      1.544      0.021     9.4830     97.339    135.101 112.129519    22.4100     4.5144     0.1278     0.7191 2.0889e+02     1.0652      1.515      2.197    16.4949 0.0000e+00
      1.550      0.021     9.4852     97.415    135.093 112.124175    22.4100     4.5029     0.1278     0.7191 2.0775e+02     0.9745      1.520      2.204    16.4943 0.0000e+00
      1.555      0.021     9.4899     97.465    135.085 112.119473    22.4100     4.4915     0.1278     0.7191 2.1034e+02     0.9896      1.525      2.212    16.4939 0.0000e+00
      1.561      0.022     9.4966     97.471    135.089 112.124158    22.4100     4.4762     0.1278     0.7191 2.0569e+02     1.0047      1.530      2.220    16.4939 0.0000e+00
      1.566      0.022     9.5043     97.433    135.084 112.121483    22.4100     4.5029     0.1278     0.7191 2.0502e+02     1.0198      1.536      2.228    16.4944 0.0000e+00
      1.572      0.023     9.5115     97.373    135.072 112.112734    22.4100     4.5945     0.1278     0.7191 2.0717e+02     1.0954      1.541      2.236    16.4950 0.0000e+00
      1.577      0.025     9.5163     97.315    135.081 112.121573    22.4100     4.5487     0.1278     0.7191 2.1712e+02     1.0047      1.547      2.244    16.4957 0.0000e+00
      1.584      0.027     9.5168     97.283    135.106 112.144357    22.4100     4.6059     0.1278     0.7191 2.0614e+02     0.9745      1.553      2.253    16.4962 0.0000e+00
      1.591      0.030     9.5129     97.287    135.119 112.157169    22.4100     4.5716     0.1278     0.7191 2.1366e+02     0.9443      1.560      2.263    16.4967 0.0000e+00
      1.599      0.032     9.5070     97.322    135.111 112.151427    22.4100     4.6403     0.1278     0.7191 2.0614e+02     1.0047      1.568      2.274    16.4972 0.0000e+00
      1.608      0.033     9.5013     97.379    135.094 112.137599    22.4100     4.6327     0.1278     0.7191 1.9892e+02     1.0047      1.577      2.287    16.4978 0.0000e+00
      1.617      0.033     9.4980     97.442    135.078 112.123995    22.4100     4.6098     0.1278     0.7191 2.0179e+02     1.0198      1.586      2.301    16.4984 0.0000e+00
      1.627      0.033     9.4983     97.496    135.071 112.116984    22.4100     4.6174     0.1278     0.7191 1.9371e+02     1.0652      1.595      2.314    16.4990 0.0000e+00
      1.635      0.032     9.5017     97.534    135.081 112.124694    22.4100     4.4572     0.1278     0.7191 1.8775e+02     1.0047      1.604      2.326    16.4994 0.0000e+00
      1.643      0.031     9.5072     97.556    135.095 112.135186    22.4100     4.4724     0.1278     0.7191 1.9325e+02     0.9443      1.611      2.337    16.4995 0.0000e+00
      1.650      0.030     9.5134     97.562    135.097 112.137258    22.4100     4.4724     0.1278     0.7191 1.8260e+02     1.0652      1.618      2.347    16.4994 0.0000e+00
      1.657      0.029     9.5187     97.549    135.089 112.131464    22.4100     4.4724     0.1278     0.6345 1.8319e+02     0.9896      1.625      2.357    16.4990 0.0000e+00
      1.664      0.029     9.5225     97.523    135.074 112.120258    22.4100     4.4877     0.1278     0.6345 1.8600e+02     0.9745      1.632      2.367    16.4986 0.0000e+00
      1.672      0.029     9.5247     97.490    135.064 112.112649    22.4100     4.5144     0.1278     0.6345 1.7968e+02     1.0803      1.640      2.378    16.4985 0.0000e+00
      1.680      0.029     9.5251     97.463    135.066 112.114607    22.4100     4.4801     0.1278     0.6345 1.7026e+02     0.9896      1.647      2.389    16.4986 0.0000e+00
      1.687      0.028     9.5238     97.452    135.066 112.114656    22.3200     4.5068     0.0852     0.6768 1.7242e+02     1.0349      1.655      2.400    16.4989 0.0000e+00
      1.694      0.026     9.5212     97.458    135.061 112.110809    22.3200     4.3618     0.0852     0.6768 1.6344e+02     1.0198      1.662      2.410    16.4992 0.0000e+00
      1.701      0.024     9.5179     97.476    135.063 112.112038    22.3200     4.3465     0.0852     0.6768 1.5762e+02     1.0047      1.668      2.420    16.4995 0.0000e+00
      1.707      0.022     9.5153     97.502    135.064 112.112673    22.3200     4.3580     0.0852     0.6768 1.4893e+02     1.0652      1.674      2.428    16.4996 0.0000e+00
      1.712      0.021     9.5143     97.528    135.062 112.110883    22.3200     4.3580     0.0852     0.6768 1.4238e+02     1.1407      1.679      2.436    16.4997 0.0000e+00
      1.717      0.019     9.5149     97.548    135.069 112.116190    22.4100     4.6784     0.0852     0.7614 1.3641e+02     0.7781      1.684      2.442    16.4997 0.0000e+00
      1.721      0.018     9.5166     97.566    135.088 112.132006    22.4100     4.7013     0.0852     0.7614 1.3027e+02     0.7479      1.688      2.448    16.4996 0.0000e+00
      1.726      0.018     9.5191     97.588    135.094 112.136556    22.4100     4.6899     0.0852     0.7614 1.2473e+02     0.6724      1.693      2.455    16.4995 0.0000e+00
