Data/DataNotYetUploadedToEDI/Raw_CTD/RawDownloads/102820_fcr50_0001.cnv
* Sea-Bird SBE19plus  Data File:
* FileName = C:\DATA\102820_fcr50_0001.hex
* Software version 2.8.0.119
* Temperature SN = 7809
* Conductivity SN = 7809
* System UpLoad Time = Oct 28 2020 17:15:20
* <ApplicationData>
* <Seaterm232>
# nquan = 16
# nvalues = 3443                        
# units = specified
# name 0 = depFM: Depth [fresh water, m]
# name 1 = dz/dtM: Descent Rate [m/s]
# name 2 = orp: Oxidation Reduction Potential [mV]
# name 3 = sbeox0Mg/L: Oxygen, SBE 43 [mg/l]
# name 4 = sbeox0PS: Oxygen, SBE 43 [% saturation]
# name 5 = par/sat/log: PAR/Logarithmic, Satlantic
# name 6 = ph: pH
# name 7 = specc: Specific Conductance [uS/cm]
# name 8 = c0uS/cm: Conductivity [uS/cm]
# name 9 = flECO-AFL: Fluorescence, WET Labs ECO-AFL/FL [mg/m^3]
# name 10 = turbWETntu0: Turbidity, WET Labs ECO [NTU]
# name 11 = tv290C: Temperature [ITS-90, deg C]
# name 12 = density00: Density [density, kg/m^3]
# name 13 = prdE: Pressure, Strain Gauge [psi]
# name 14 = prdM: Pressure, Strain Gauge [db]
# name 15 = flag:  0.000e+00
# span 0 =     -0.638,      9.701       
# span 1 =     -4.002,      4.787       
# span 2 =  -517.4766,   249.5737       
# span 3 =     0.1765,    10.2360       
# span 4 =      1.747,    104.332       
# span 5 = 1.2350e-01, 1.5430e+02       
# span 6 =     15.606,     15.826       
# span 7 =      1.842,    137.158       
# span 8 =   1.485739, 104.272041       
# span 9 =    -1.0224,    11.6384       
# span 10 =    -0.3827,    62.2378      
# span 11 =    12.9862,    16.4116      
# span 12 =   998.8934,   999.4747      
# span 13 =     -0.908,     13.798      
# span 14 =     -0.626,      9.514      
# span 15 = 0.0000e+00, 0.0000e+00      
# interval = seconds: 0.25
# start_time = Oct 27 2020 20:58:30 [Instrument's time stamp, header]
# bad_flag = -9.990e-29
*END*
[from data line 3255]
      2.660     -0.131   203.0649     2.0579     20.043 3.3927e+00     15.671     50.710  39.193508     3.8857     4.9135    13.6097   999.3327      3.784      2.609 0.0000e+00
      2.625     -0.135   203.1891     2.0724     19.996 3.5743e+00     15.671     49.964  38.635748     3.9698     4.8390    13.6193   999.3312      3.736      2.576 0.0000e+00
      2.589     -0.136   203.3334     2.0864     19.971 3.7543e+00     15.670     49.483  38.288943     4.1406     4.7396    13.6240   999.3304      3.681      2.538 0.0000e+00
      2.554     -0.133   203.6056     2.0895     19.953 3.9363e+00     15.670     49.380  38.237223     4.2440     4.7413    13.6260   999.3299      3.631      2.504 0.0000e+00
      2.519     -0.127   203.9844     2.0813     19.918 4.1572e+00     15.670     49.295  38.200850     4.2755     4.7565    13.6384   999.3279      3.586      2.473 0.0000e+00
      2.482     -0.122   203.9562     2.0753     19.907 4.3756e+00     15.669     49.050  38.039595     4.3698     4.7176    13.6589   999.3246      3.528      2.432 0.0000e+00
      2.451     -0.118   203.1786     2.0712     19.957 4.5292e+00     15.667     48.640  37.747256     4.5254     4.6827    13.6842   999.3209      3.479      2.399 0.0000e+00
      2.429     -0.116   202.8417     2.0712     20.037 4.6857e+00     15.665     48.242  37.458712     4.6209     4.7121    13.7150   999.3166      3.456      2.382 0.0000e+00
      2.406     -0.114   203.5826     2.0629     20.117 4.9249e+00     15.664     48.074  37.343317     4.6377     4.7981    13.7433   999.3127      3.428      2.363 0.0000e+00
      2.376     -0.114   204.4794     2.0583     20.189 5.2173e+00     15.664     48.009  37.304014     4.5760     4.9337    13.7738   999.3084      3.383      2.332 0.0000e+00
      2.341     -0.117   204.8231     2.0647     20.247 5.4837e+00     15.663     47.985  37.300834     4.4564     5.1160    13.8019   999.3042      3.327      2.294 0.0000e+00
      2.308     -0.122   204.8996     2.0732     20.328 5.6955e+00     15.662     47.965  37.304887     4.3749     5.1826    13.8219   999.3011      3.278      2.261 0.0000e+00
      2.281     -0.126   205.0592     2.0803     20.468 5.9215e+00     15.662     47.758  37.162655     4.3538     5.1552    13.8373   999.2989      3.246      2.238 0.0000e+00
      2.251     -0.128   205.1183     2.0888     20.658 6.2220e+00     15.662     47.257  36.786950     4.3723     5.1612    13.8462   999.2975      3.206      2.211 0.0000e+00
      2.217     -0.130   205.1843     2.0920     20.881 6.5681e+00     15.661     46.716  36.379634     4.4753     5.1867    13.8599   999.2954      3.153      2.175 0.0000e+00
      2.182     -0.133   205.6847     2.0972     21.130 6.9415e+00     15.661     46.423  36.172465     4.6547     5.2581    13.8848   999.2919      3.103      2.140 0.0000e+00
      2.147     -0.137   206.0927     2.1123     21.399 7.3437e+00     15.660     46.163  35.995565     4.7576     5.3377    13.9067   999.2887      3.055      2.106 0.0000e+00
      2.110     -0.140   205.2127     2.1310     21.657 7.7438e+00     15.659     45.834  35.763826     4.7650     5.3940    13.9187   999.2866      3.001      2.069 0.0000e+00
      2.075     -0.142   204.0792     2.1545     21.877 8.1204e+00     15.658     45.587  35.591641     4.6784     5.4233    13.9310   999.2845      2.949      2.033 0.0000e+00
      2.041     -0.142   204.0882     2.1781     22.061 8.5221e+00     15.658     45.368  35.436716     4.4925     5.3830    13.9533   999.2813      2.904      2.001 0.0000e+00
      2.005     -0.143   203.7742     2.2066     22.260 9.0084e+00     15.658     45.078  35.223285     4.3773     5.3532    13.9851   999.2767      2.855      1.969 0.0000e+00
      1.965     -0.144   202.6917     2.2324     22.533 9.5083e+00     15.658     44.831  35.041720     4.3823     5.3722    14.0127   999.2725      2.794      1.926 0.0000e+00
      1.927     -0.145   202.4417     2.2543     22.843 9.9435e+00     15.657     44.784  35.018238     4.5149     5.3717    14.0347   999.2692      2.736      1.886 0.0000e+00
      1.893     -0.143   202.9892     2.2710     23.107 1.0418e+01     15.657     44.906  35.129755     4.7304     5.3479    14.0534   999.2663      2.695      1.858 0.0000e+00
      1.857     -0.139   203.2027     2.2858     23.265 1.1026e+01     15.657     44.958  35.184401     4.8333     5.3248    14.0662   999.2643      2.645      1.824 0.0000e+00
      1.817     -0.135   203.0442     2.3168     23.356 1.1615e+01     15.657     44.849  35.107868     4.8331     5.3332    14.0781   999.2624      2.580      1.779 0.0000e+00
      1.782     -0.133   203.1382     2.3506     23.447 1.2080e+01     15.657     44.661  34.965896     4.9187     5.2771    14.0913   999.2602      2.529      1.744 0.0000e+00
      1.753     -0.133   203.2201     2.3804     23.534 1.2592e+01     15.657     44.441  34.800419     5.1057     5.0930    14.1112   999.2575      2.498      1.721 0.0000e+00
      1.723     -0.133   202.9165     2.3936     23.596 1.3240e+01     15.657     44.209  34.630059     5.2244     4.9273    14.1295   999.2549      2.454      1.692 0.0000e+00
      1.688     -0.136   202.9086     2.3976     23.616 1.3876e+01     15.656     43.935  34.429038     5.2384     4.8528    14.1388   999.2533      2.399      1.655 0.0000e+00
      1.654     -0.143   203.2098     2.4096     23.613 1.4515e+01     15.656     43.555  34.146653     5.3234     4.8785    14.1415   999.2527      2.353      1.622 0.0000e+00
      1.618     -0.150   203.1172     2.4172     23.606 1.5332e+01     15.656     43.028  33.753939     5.5176     4.9636    14.1473   999.2516      2.306      1.590 0.0000e+00
      1.578     -0.155   203.0787     2.4254     23.605 1.6292e+01     15.656     42.736  33.551414     5.6311     4.9891    14.1627   999.2493      2.245      1.548 0.0000e+00
      1.534     -0.157   203.4332     2.4248     23.667 1.7294e+01     15.655     42.846  33.665012     5.6372     4.9470    14.1784   999.2467      2.182      1.504 0.0000e+00
      1.491     -0.157   203.2737     2.4220     23.804 1.8357e+01     15.654     42.745  33.604633     5.6388     4.9010    14.1939   999.2442      2.123      1.463 0.0000e+00
      1.449     -0.156   202.6124     2.4229     24.037 1.9407e+01     15.654     42.295  33.265543     5.7459     4.9127    14.2163   999.2406      2.059      1.419 0.0000e+00
      1.411     -0.153   202.3212     2.4149     24.357 2.0337e+01     15.653     42.082  33.118409     5.9590     4.9857    14.2498   999.2355      2.002      1.380 0.0000e+00
      1.376     -0.148   202.4200     2.4215     24.702 2.1331e+01     15.652     42.184  33.221612     6.0700     4.9935    14.2870   999.2303      1.959      1.351 0.0000e+00
      1.340     -0.142   202.8612     2.4334     25.099 2.2553e+01     15.651     42.273  33.307821     6.0775     4.9045    14.3080   999.2271      1.909      1.316 0.0000e+00
      1.300     -0.137   203.5255     2.4540     25.519 2.3793e+01     15.651     42.300  33.335921     6.1345     4.9054    14.3180   999.2252      1.848      1.273 0.0000e+00
      1.264     -0.134   203.9980     2.4939     25.921 2.4871e+01     15.650     42.262  33.307576     6.2254     5.0384    14.3435   999.2213      1.795      1.237 0.0000e+00
      1.233     -0.133   204.1005     2.5202     26.353 2.5877e+01     15.650     42.147  33.218896     6.2710     5.1386    14.3773   999.2165      1.754      1.208 0.0000e+00
      1.203     -0.133   203.7325     2.5630     26.794 2.7017e+01     15.650     42.054  33.152023     6.2755     5.1562    14.3967   999.2136      1.714      1.182 0.0000e+00
      1.171     -0.133   203.3340     2.6098     27.172 2.8321e+01     15.649     42.013  33.133533     6.2990     5.0798    14.4022   999.2126      1.666      1.148 0.0000e+00
      1.136     -0.135   203.4129     2.6443     27.460 2.9764e+01     15.649     41.977  33.122250     6.3546     4.9363    14.4036   999.2123      1.617      1.114 0.0000e+00
      1.099     -0.138   203.6537     2.6917     27.706 3.1366e+01     15.649     41.907  33.079083     6.3946     4.8970    14.4022   999.2122      1.565      1.079 0.0000e+00
      1.061     -0.139   203.7504     2.7385     27.939 3.2893e+01     15.648     41.787  32.992315     6.4014     4.9819    14.4083   999.2112      1.507      1.039 0.0000e+00
      1.026     -0.139   203.8075     2.7791     28.228 3.4321e+01     15.648     41.653  32.898009     6.3222     4.9669    14.4266   999.2084      1.458      1.006 0.0000e+00
      0.992     -0.137   203.6565     2.8016     28.670 3.6062e+01     15.647     41.538  32.827159     6.1707     4.8190    14.4511   999.2047      1.414      0.975 0.0000e+00
      0.955     -0.134   203.4732     2.8272     29.257 3.7997e+01     15.646     41.436  32.770193     6.0866     4.7387    14.4679   999.2021      1.357      0.936 0.0000e+00
      0.919     -0.131   203.4847     2.8487     29.944 3.9715e+01     15.645     41.338  32.716860     6.0684     4.7520    14.4719   999.2013      1.304      0.900 0.0000e+00
      0.888     -0.131   203.0198     2.8702     30.671 4.1422e+01     15.644     41.272  32.689939     5.9790     4.7738    14.4829   999.1995      1.265      0.873 0.0000e+00
      0.858     -0.132   202.2406     2.9178     31.427 4.3207e+01     15.642     41.252  32.698512     5.7975     4.7618    14.5093   999.1955      1.221      0.842 0.0000e+00
      0.828     -0.132   202.2379     2.9746     32.217 4.5093e+01     15.642     41.225  32.693645     5.6768     4.7097    14.5422   999.1906      1.177      0.811 0.0000e+00
      0.794     -0.133   202.9001     3.0471     32.963 4.7530e+01     15.642     41.133  32.631114     5.6640     4.6923    14.5667   999.1868      1.134      0.782 0.0000e+00
      0.755     -0.135   203.2782     3.1196     33.663 5.0330e+01     15.642     40.968  32.513505     5.6613     4.7236    14.5972   999.1822      1.075      0.741 0.0000e+00
      0.717     -0.137   202.9377     3.1896     34.338 5.2817e+01     15.642     40.811  32.413737     5.5009     4.6771    14.6350   999.1764      1.015      0.700 0.0000e+00
      0.684     -0.139   202.5688     3.2772     35.002 5.5110e+01     15.639     40.699  32.376587     5.2039     4.5421    14.6524   999.1737      0.971      0.669 0.0000e+00
      0.653     -0.140   202.6905     3.3493     35.702 5.7749e+01     15.637     40.529  32.318192     5.0454     4.4639    14.6603   999.1725      0.931      0.642 0.0000e+00
      0.619     -0.143   202.7744     3.4182     36.490 6.0905e+01     15.635     40.301  32.215361     5.0530     4.4864    14.6744   999.1702      0.882      0.609 0.0000e+00
      0.581     -0.148   202.8082     3.4874     37.627 6.4378e+01     15.633     40.121  32.148522     5.2386     4.5395    14.6950   999.1669      0.825      0.569 0.0000e+00
      0.542     -0.154   202.7557     3.5439     39.527 6.8220e+01     15.629     40.015  32.144620     5.5636     4.5918    14.7565   999.1576      0.771      0.532 0.0000e+00
      0.502     -0.159   202.1388     3.6104     42.494 7.2722e+01     15.625     39.948  32.168274     5.7300     4.6381    14.8717   999.1403      0.717      0.495 0.0000e+00
      0.458     -0.159   201.2872     3.6707     46.463 7.7558e+01     15.622     39.886  32.180828     5.7530     4.6528    14.9692   999.1255      0.652      0.449 0.0000e+00
      0.414     -0.156   200.8897     3.7616     50.890 8.2469e+01     15.621     39.817  32.169588     5.8804     4.6661    15.0537   999.1124      0.588      0.406 0.0000e+00
      0.373     -0.147   201.2047     3.9322     55.265 8.7314e+01     15.620     39.767  32.159326     6.0976     4.6956    15.1655   999.0952      0.530      0.365 0.0000e+00
      0.336     -0.134   201.7412     4.2180     59.369 9.1699e+01     15.620     39.772  32.183672     6.2044     4.7009    15.2652   999.0797      0.475      0.327 0.0000e+00
      0.302     -0.120   201.5248     4.6359     63.057 9.5916e+01     15.620     39.802  32.210194     6.1991     4.6961    15.3466   999.0670      0.428      0.295 0.0000e+00
      0.273     -0.109   200.4817     5.0934     66.279 9.9004e+01     15.620     39.839  32.226222     6.1382     4.6712    15.3992   999.0587      0.384      0.264 0.0000e+00
      0.252     -0.099   199.4536     5.5283     68.881 1.0059e+02     15.620     39.888  32.250543     6.0302     4.5724    15.4318   999.0535      0.356      0.245 0.0000e+00
      0.235     -0.087   199.2470     5.9428     70.476 1.0352e+02     15.620     39.891  32.250457     5.9712     4.4628    15.4671   999.0479      0.340      0.235 0.0000e+00
      0.210     -0.073   199.5323     6.3103     70.920 1.0859e+02     15.619     39.833  32.225182     5.9492     4.4098    15.4677   999.0477      0.301      0.208 0.0000e+00
      0.182     -0.060   199.5475     6.6352     70.305 1.1278e+02     15.618     39.751  32.198760     5.8126     4.4470    15.4405   999.0519      0.251      0.172 0.0000e+00
      0.165     -0.048   199.5166     6.9234     68.929 1.1351e+02     15.617     39.680  32.184826     5.5780     4.5688    15.4165   999.0555      0.225      0.156 0.0000e+00
      0.163     -0.036   199.7607     7.0858     67.569 1.1253e+02     15.616     39.632  32.183658     5.4589     4.6122    15.4068   999.0570      0.232      0.160 0.0000e+00
      0.163     -0.022   200.2622     7.1186     66.979 1.1263e+02     15.614     39.602  32.184685     5.4593     4.5261    15.4358   999.0525      0.237      0.163 0.0000e+00
      0.157     -0.010   200.6752     7.0487     67.435 1.1290e+02     15.614     39.608  32.197269     5.4407     4.4206    15.4974   999.0428      0.223      0.153 0.0000e+00
      0.152     -0.004   200.8833     6.8651     68.759 1.1262e+02     15.614     39.630  32.208929     5.3392     4.3313    15.5551   999.0338      0.213      0.147 0.0000e+00
      0.152     -0.002   201.0582     6.6934     70.404 1.1194e+02     15.614     39.626  32.198757     5.1948     4.2704    15.6024   999.0263      0.214      0.148 0.0000e+00
      0.155      0.001   201.1551     6.6223     71.779 1.1084e+02     15.614     39.626  32.201171     5.1162     4.2336    15.6425   999.0200      0.220      0.152 0.0000e+00
      0.157      0.004   201.6242     6.6711     72.543 1.1036e+02     15.613     39.643  32.238112     5.0940     4.1961    15.6467   999.0193      0.225      0.155 0.0000e+00
      0.158      0.005   202.4280     6.8281     72.559 1.1038e+02     15.612     39.635  32.264745     5.0495     4.2291    15.6338   999.0214      0.225      0.155 0.0000e+00
      0.159      0.005   202.7870     7.0166     71.872 1.1003e+02     15.611     39.606  32.269442     4.9895     4.3571    15.6229   999.0231      0.226      0.156 0.0000e+00
      0.160      0.004   202.7802     7.1655     70.915 1.0949e+02     15.610     39.600  32.294938     4.9692     4.4390    15.6132   999.0246      0.228      0.157 0.0000e+00
      0.161      0.003   202.7760     7.2385     70.379 1.0898e+02     15.609     39.580  32.319260     4.9748     4.4296    15.6512   999.0187      0.229      0.158 0.0000e+00
      0.162      0.003   202.9080     7.2346     70.799 1.0817e+02     15.608     39.507  32.309778     5.0289     4.4501    15.7055   999.0100      0.230      0.159 0.0000e+00
      0.163      0.003   203.2579     7.1464     72.367 1.0717e+02     15.606     39.442  32.307243     5.1366     4.4808    15.7317   999.0059      0.231      0.160 0.0000e+00
      0.163      0.003   203.6512     7.0164     74.860 1.0624e+02     15.606     39.378  32.288681     5.2094     4.4568    15.7661   999.0005      0.232      0.160 0.0000e+00
      0.164      0.003   203.8775     6.9374     77.819 1.0561e+02     15.606     39.290  32.212286     5.2511     4.4691    15.8208   998.9916      0.233      0.161 0.0000e+00
