Data/DataNotYetUploadedToEDI/Raw_CTD/RawDownloads/102824_ccr50_S8188001.cnv
* Sea-Bird SBE19plus  Data File:
* FileName = C:\R\Reservoirs\Data\DataNotYetUploadedToEDI\Raw_CTD\RawDownloads\102824_ccr50_S8188_0001.hex
* Software version 2.8.0.119
* Temperature SN = 8188
* Conductivity SN = 8188
* System UpLoad Time = Oct 31 2024 10:22:26
* <ApplicationData>
* <Seaterm232>
# nquan = 16
# nvalues = 2478                        
# units = specified
# name 0 = depFM: Depth [fresh water, m]
# name 1 = dz/dtM: Descent Rate [m/s]
# name 2 = sbeox0Mg/L: Oxygen, SBE 43 [mg/l]
# name 3 = sbeox0PS: Oxygen, SBE 43 [% saturation]
# name 4 = specc: Specific Conductance [uS/cm]
# name 5 = c0uS/cm: Conductivity [uS/cm]
# name 6 = wetCDOM: Fluorescence, WET Labs CDOM [mg/m^3]
# name 7 = flECO-AFL: Fluorescence, WET Labs ECO-AFL/FL [mg/m^3]
# name 8 = flECO-AFL1: Fluorescence, WET Labs ECO-AFL/FL, 2 [mg/m^3]
# name 9 = flECO-AFL2: Fluorescence, WET Labs ECO-AFL/FL, 3 [mg/m^3]
# name 10 = par/sat/log: PAR/Logarithmic, Satlantic
# name 11 = turbWETntu0: Turbidity, WET Labs ECO [NTU]
# name 12 = prdM: Pressure, Strain Gauge [db]
# name 13 = prdE: Pressure, Strain Gauge [psi]
# name 14 = tv290C: Temperature [ITS-90, deg C]
# name 15 = flag:  0.000e+00
# span 0 =     -0.368,     20.220       
# span 1 =     -0.359,      0.150       
# span 2 =    -0.1944,    11.8159       
# span 3 =     -1.908,    120.971       
# span 4 =   -588.753,    199.595       
# span 5 =-476.519953, 153.482577       
# span 6 =    -4.5000,    51.9300       
# span 7 =    -2.4781,     7.2953       
# span 8 =    -2.1300,     2.0448       
# span 9 =    -6.0066,     7.7409       
# span 10 = 1.1585e-01, 1.4837e+03      
# span 11 =    -7.3491,   376.3693      
# span 12 =     -0.361,     19.829      
# span 13 =     -0.524,     28.760      
# span 14 =    13.4381,    16.5145      
# span 15 = 0.0000e+00, 0.0000e+00      
# interval = seconds: 0.25
# start_time = Oct 28 2024 10:06:56 [Instrument's time stamp, header]
# bad_flag = -9.990e-29
*END*
[from data line 2080]
     20.067      0.026     0.0913      0.851    197.284 151.956675    36.9900     7.2839     0.1704     0.1692 1.1617e-01    91.9908     19.679     28.542    13.5487 0.0000e+00
     20.074      0.027     0.0906      0.853    197.290 151.932707    35.6400     7.2953     0.1704     0.1692 1.1610e-01    92.1872     19.686     28.552    13.5451 0.0000e+00
     20.081      0.027     0.0897      0.859    197.205 151.862322    35.6400     7.2877     0.1704     0.1692 1.1617e-01    92.0814     19.693     28.562    13.5354 0.0000e+00
     20.088      0.026     0.0891      0.868    197.079 151.776840    35.6400     6.9253     0.1704     0.1692 1.1612e-01    65.1013     19.699     28.572    13.5217 0.0000e+00
     20.095      0.026     0.0887      0.880    196.976 151.717577    35.6400     6.9139     0.1704     0.1692 1.1625e-01    65.2373     19.706     28.581    13.5091 0.0000e+00
     20.101      0.025     0.0889      0.892    197.024 151.774915    37.3500     6.8948     0.1704     0.2961 1.1635e-01    65.0560     19.713     28.591    13.5019 0.0000e+00
     20.108      0.023     0.0895      0.893    197.270 151.976168    37.3500     6.8795     0.1704     0.2961 1.1615e-01    65.0409     19.719     28.600    13.5004 0.0000e+00
     20.114      0.022     0.0904      0.887    197.608 152.234759    37.3500     4.6250     0.1704     0.2961 1.1605e-01    40.6591     19.725     28.609    13.5034 0.0000e+00
     20.119      0.020     0.0917      0.880    197.840 152.401263    37.3500     4.6288     0.1704     0.2961 1.1600e-01    40.7800     19.730     28.616    13.5086 0.0000e+00
     20.124      0.019     0.0929      0.873    197.862 152.403873    39.2400     4.6441     0.1704     0.3807 1.1610e-01    40.7044     19.735     28.623    13.5135 0.0000e+00
     20.128      0.018     0.0930      0.868    197.748 152.305395    39.2400     4.6327     0.1704     0.3807 1.1590e-01    40.6742     19.739     28.629    13.5165 0.0000e+00
     20.133      0.017     0.0923      0.871    197.612 152.195775    39.2400     4.1100     0.1704     0.3807 1.1620e-01    35.3416     19.744     28.635    13.5162 0.0000e+00
     20.137      0.016     0.0916      0.878    197.484 152.097871    39.2400     4.0948     0.1704     0.3807 1.1612e-01    35.4323     19.748     28.641    13.5131 0.0000e+00
     20.141      0.016     0.0909      0.884    197.358 152.003609    39.4200     4.1444     0.1704     0.3807 1.1610e-01    35.3568     19.751     28.647    13.5095 0.0000e+00
     20.145      0.016     0.0904      0.891    197.165 151.857799    39.4200     4.0986     0.1704     0.3807 1.1605e-01    35.4323     19.755     28.653    13.5068 0.0000e+00
     20.149      0.015     0.0907      0.897    196.826 151.603526    39.4200     3.8583     0.1704     0.3807 1.1605e-01    35.9308     19.759     28.659    13.5056 0.0000e+00
     20.153      0.015     0.0914      0.898    196.386 151.281173    39.4200     3.8621     0.1704     0.3807 1.1597e-01    35.8553     19.763     28.664    13.5057 0.0000e+00
     20.157      0.015     0.0920      0.893    195.891 150.930998    39.4200     3.8583     0.1704     0.3807 1.1600e-01    35.8553     19.767     28.670    13.5065 0.0000e+00
     20.160      0.015     0.0928      0.883    195.301 150.517720    40.5900     3.8506     0.1704     0.5499 1.1612e-01    35.8402     19.771     28.675    13.5073 0.0000e+00
     20.164      0.016     0.0934      0.871    194.574 150.001256    40.5900     3.5378     0.1704     0.5499 1.1612e-01    35.1755     19.774     28.680    13.5089 0.0000e+00
     20.168      0.016     0.0936      0.861    193.695 149.366087    40.5900     3.5454     0.1704     0.5499 1.1620e-01    35.1453     19.778     28.686    13.5133 0.0000e+00
     20.172      0.017     0.0930      0.853    192.701 148.647171    40.5900     3.5531     0.1704     0.5499 1.1620e-01    35.2057     19.782     28.692    13.5212 0.0000e+00
     20.177      0.017     0.0920      0.844    191.634 147.885175    40.3200     3.5569     0.1704     0.2961 1.1610e-01    35.1302     19.787     28.698    13.5318 0.0000e+00
     20.182      0.017     0.0907      0.837    190.434 147.035152    40.3200     2.8283     0.1704     0.2961 1.1623e-01    33.0002     19.791     28.705    13.5431 0.0000e+00
     20.186      0.016     0.0896      0.834    189.158 146.138834    40.3200     2.8168     0.1704     0.2961 1.1617e-01    33.0606     19.796     28.712    13.5542 0.0000e+00
     20.191      0.015     0.0888      0.835    188.082 145.399861    40.3200     2.8054     0.1704     0.2961 1.1617e-01    33.0757     19.801     28.718    13.5668 0.0000e+00
     20.195      0.014     0.0878      0.839    187.347 144.901583    43.0200     2.8016     0.1704     0.8037 1.1617e-01    32.9699     19.804     28.724    13.5828 0.0000e+00
     20.198      0.012     0.0869      0.844    186.838 144.541172    43.0200     2.2027     0.1704     0.8037 1.1623e-01    23.8305     19.807     28.728    13.6028 0.0000e+00
     20.200      0.011     0.0866      0.852    186.432 144.236538    43.0200     2.2217     0.1704     0.8037 1.1623e-01    23.8910     19.810     28.732    13.6264 0.0000e+00
     20.203      0.009     0.0867      0.862    186.087 143.980543    43.0200     2.1912     0.1704     0.8037 1.1623e-01    23.8759     19.812     28.735    13.6507 0.0000e+00
     20.205      0.008     0.0870      0.873    185.782 143.760998    43.0200     2.2027     0.1704     0.8037 1.1595e-01    23.8910     19.814     28.738    13.6693 0.0000e+00
     20.207      0.008     0.0875      0.888    185.452 143.513351    43.2900     1.9509     0.2130     0.9306 1.1612e-01    20.3712     19.816     28.741    13.6780 0.0000e+00
     20.209      0.007     0.0883      0.903    185.007 143.167559    43.2900     1.9547     0.2130     0.9306 1.1623e-01    20.5525     19.818     28.744    13.6804 0.0000e+00
     20.210      0.007     0.0894      0.913    184.523 142.793621    43.2900     1.9432     0.2130     0.9306 1.1600e-01    20.4316     19.820     28.746    13.6833 0.0000e+00
     20.212      0.006     0.0906      0.914    184.122 142.500093    43.2900     1.9280     0.2130     0.9306 1.1617e-01    20.3561     19.822     28.749    13.6875 0.0000e+00
     20.214      0.005     0.0921      0.906    183.848 142.316840    48.9600     1.2070     0.4686     1.4382 1.1612e-01    12.6971     19.823     28.751    13.6897 0.0000e+00
     20.215      0.005     0.0936      0.893    183.765 142.281106    48.9600     1.1803     0.4686     1.4382 1.1600e-01    12.7877     19.824     28.753    13.6892 0.0000e+00
     20.216      0.004     0.0947      0.878    183.759 142.297253    48.9600     1.1879     0.4686     1.4382 1.1633e-01    12.6065     19.825     28.754    13.6895 0.0000e+00
     20.217      0.003     0.0948      0.865    183.539 142.137290    48.9600     1.2070     0.4686     1.4382 1.1595e-01    12.6065     19.826     28.755    13.6940 0.0000e+00
     20.217      0.002     0.0940      0.855    183.032 141.746545    51.9300     0.9552     0.5112     2.1150 1.1615e-01     9.0867     19.827     28.756    13.7020 0.0000e+00
     20.218      0.002     0.0926      0.850    182.445 141.295165    51.9300     0.9285     0.5112     2.1150 1.1600e-01     8.9809     19.827     28.757    13.7096 0.0000e+00
     20.218      0.001     0.0911      0.854    181.850 140.855026    51.9300     0.9705     0.5112     2.1150 1.1612e-01     9.2075     19.828     28.757    13.7152 0.0000e+00
     20.219      0.001     0.0897      0.864    181.073 140.296744    51.9300     0.9514     0.5112     2.1150 1.1628e-01     9.0867     19.828     28.758    13.7182 0.0000e+00
     20.219      0.000     0.0886      0.877    180.043 139.561551    17.7300     0.8599     0.6390     0.0000 1.1623e-01     8.3616     19.828     28.758    13.7187 0.0000e+00
     20.219      0.000     0.0881      0.888    178.823 138.701694    17.7300     0.8522     0.6390     0.0000 1.1610e-01     8.3918     19.828     28.758    13.7199 0.0000e+00
     20.219      0.000     0.0885      0.897    177.488 137.776205    17.7300     0.8141     0.6390     0.0000 1.1607e-01     8.3465     19.828     28.758    13.7257 0.0000e+00
     20.219      0.000     0.0895      0.909    176.241 136.940719    17.7300     0.8255     0.6390     0.0000 1.1615e-01     8.4069     19.828     28.758    13.7378 0.0000e+00
     20.219      0.000     0.0908      0.927    175.329 136.364846    17.7300     0.8217     0.6390     0.0000 1.1607e-01     8.8299     19.828     28.758    13.7557 0.0000e+00
     20.219      0.000     0.0919      0.954    174.702 135.971105    -0.0900     0.8217     0.2982     0.0423 1.1623e-01     8.8601     19.828     28.758    13.7798 0.0000e+00
     20.219      0.000     0.0928      0.993    174.136 135.578432    -0.0900     0.8446     0.2982     0.0423 1.1615e-01     8.8601     19.828     28.758    13.8109 0.0000e+00
     20.219      0.000     0.0940      1.043    173.557 135.154179    -0.0900     0.8293     0.2982     0.0423 1.1610e-01     8.9507     19.828     28.759    13.8484 0.0000e+00
     20.220      0.000     0.0957      1.097    173.006 134.745364    -0.0900     1.0887     0.2982     0.0423 1.1628e-01    21.7005     19.829     28.759    13.8860 0.0000e+00
     20.220     -0.001     0.0984      1.150    172.830 134.635295     0.0000     1.0659     0.0000     0.0846 1.1617e-01    21.6552     19.829     28.760    13.9126 0.0000e+00
     20.220     -0.002     0.1024      1.200    173.223 134.992771     0.0000     1.0849     0.0000     0.0846 1.1623e-01    21.7308     19.829     28.760    13.9261 0.0000e+00
     20.220     -0.004     0.1076      1.250    173.784 135.496767     0.0000     1.0735     0.0000     0.0846 1.1615e-01    21.6854     19.829     28.760    13.9335 0.0000e+00
     20.219     -0.007     0.1131      1.298    174.544 136.135587     0.0000     1.4359     0.0000     0.0846 1.1605e-01    31.1270     19.828     28.758    13.9391 0.0000e+00
     20.217     -0.011     0.1185      1.339    175.922 137.209706     2.0700     1.4359     0.0426     0.8883 1.1620e-01    31.1421     19.826     28.755    13.9468 0.0000e+00
     20.214     -0.016     0.1237      1.377    177.974 138.765330     2.0700     1.4283     0.0426     0.8883 1.1607e-01    31.1421     19.823     28.751    13.9617 0.0000e+00
     20.209     -0.021     0.1288      1.424    180.526 140.686754     2.0700     1.4511     0.0426     0.8883 1.1623e-01    31.1421     19.819     28.745    13.9813 0.0000e+00
     20.204     -0.028     0.1337      1.474    183.104 142.617346     2.0700     3.9841     0.0426     0.8883 1.1617e-01    70.4037     19.813     28.736    13.9948 0.0000e+00
     20.196     -0.035     0.1379      1.512    185.155 144.128744     2.0700     3.9803     0.0426     0.8883 1.1623e-01    70.4641     19.806     28.726    13.9951 0.0000e+00
     20.187     -0.042     0.1420      1.529    186.288 144.922994    26.1900     3.9765     0.5538     7.7409 1.1600e-01    70.5245     19.797     28.713    13.9830 0.0000e+00
     20.175     -0.049     0.1469      1.521    186.126 144.737165    26.1900     3.9651     0.5538     7.7409 1.1610e-01    70.5547     19.785     28.696    13.9642 0.0000e+00
     20.161     -0.055     0.1521      1.495    184.972 143.832146    26.1900     0.9438     0.5538     7.7409 1.1607e-01   129.0015     19.771     28.675    13.9428 0.0000e+00
     20.145     -0.060     0.1561      1.451    183.697 142.881922    26.1900     0.9438     0.5538     7.7409 1.1617e-01   129.0166     19.755     28.652    13.9193 0.0000e+00
     20.128     -0.064     0.1578      1.389    182.943 142.360069    37.3500     0.9590     1.3632     5.1606 1.1617e-01   128.9864     19.739     28.629    13.8956 0.0000e+00
     20.111     -0.067     0.1572      1.315    183.101 142.541930    37.3500     0.9705     1.3632     5.1606 1.1625e-01   129.1526     19.723     28.605    13.8792 0.0000e+00
     20.095     -0.071     0.1545      1.245    183.665 143.019399    37.3500     0.9590     1.3632     5.1606 1.1617e-01   332.6060     19.706     28.581    13.8769 0.0000e+00
     20.077     -0.076     0.1500      1.191    183.752 143.106756    37.3500     1.2566     1.3632     5.1606 1.1612e-01   376.1427     19.689     28.556    13.8880 0.0000e+00
     20.059     -0.084     0.1434      1.155    182.980 142.518889    44.2800     1.2451     1.3632     3.6378 1.1625e-01   376.3693     19.671     28.530    13.9055 0.0000e+00
     20.038     -0.097     0.1357      1.137    181.061 141.040937    44.2800     1.2375     1.3632     3.6378 1.1612e-01   376.0823     19.651     28.501    13.9214 0.0000e+00
     20.014     -0.115     0.1284      1.134    178.524 139.091823    44.2800     1.2719     1.3632     3.6378 1.1615e-01   376.2636     19.627     28.467    13.9316 0.0000e+00
     19.985     -0.138     0.1229      1.139    176.417 137.485407    44.2800     1.2757     1.3632     3.6378 1.1635e-01   303.0125     19.599     28.426    13.9371 0.0000e+00
     19.950     -0.164     0.1192      1.147    174.866 136.311897    46.9800     1.2757     2.0448     4.3146 1.1620e-01   302.9370     19.564     28.375    13.9410 0.0000e+00
     19.905     -0.189     0.1173      1.163    173.120 134.990087    46.9800     1.2642     2.0448     4.3146 1.1620e-01   302.9068     19.521     28.312    13.9458 0.0000e+00
     19.851     -0.212     0.1169      1.186    170.676 133.145455    46.9800     1.2795     2.0448     4.3146 1.1612e-01   302.8917     19.468     28.235    13.9537 0.0000e+00
     19.789     -0.228     0.1174      1.212    167.960 131.122843    46.9800     2.7291     2.0448     4.3146 1.1617e-01   231.9065     19.406     28.146    13.9639 0.0000e+00
     19.722     -0.238     0.1183      1.238    165.643 129.439732    46.9800     2.7443     2.0448     4.3146 1.1617e-01   232.0123     19.340     28.050    13.9743 0.0000e+00
     19.656     -0.242     0.1198      1.267    164.057 128.333743    44.8200     2.7405     2.0022     4.4415 1.1605e-01   232.0425     19.276     27.958    13.9862 0.0000e+00
     19.596     -0.243     0.1221      1.307    163.003 127.632017    44.8200     2.7405     2.0022     4.4415 1.1628e-01   232.0878     19.217     27.871    14.0046 0.0000e+00
     19.538     -0.242     0.1247      1.362    161.829 126.823253    44.8200     2.2027     2.0022     4.4415 1.1612e-01   148.1565     19.160     27.789    14.0335 0.0000e+00
     19.479     -0.242     0.1273      1.432    160.077 125.565718    44.8200     2.2027     2.0022     4.4415 1.1623e-01   148.3529     19.102     27.706    14.0714 0.0000e+00
     19.417     -0.244     0.1301      1.519    157.951 124.038315    46.2600     2.1988     0.8094     2.5380 1.1612e-01   148.2169     19.042     27.618    14.1120 0.0000e+00
     19.353     -0.247     0.1342      1.625    155.977 122.646102    46.2600     2.2217     0.8094     2.5380 1.1590e-01   148.3529     18.979     27.527    14.1498 0.0000e+00
     19.288     -0.249     0.1397      1.748    154.263 121.456007    46.2600     1.3863     0.8094     2.5380 1.1612e-01    52.3817     18.915     27.434    14.1842 0.0000e+00
     19.223     -0.249     0.1468      1.888    152.665 120.346726    46.2600     1.3901     0.8094     2.5380 1.1600e-01    52.4421     18.851     27.341    14.2209 0.0000e+00
     19.159     -0.250     0.1555      2.049    151.116 119.268511    47.2500     1.4130     1.0224     1.6497 1.1617e-01    52.3666     18.789     27.251    14.2654 0.0000e+00
     19.097     -0.251     0.1661      2.236    149.545 118.169884    47.2500     1.3863     1.0224     1.6497 1.1623e-01    52.4119     18.728     27.163    14.3162 0.0000e+00
     19.036     -0.253     0.1785      2.445    148.000 117.089920    47.2500     0.9667     1.0224     1.6497 1.1617e-01    14.6005     18.668     27.076    14.3673 0.0000e+00
