Data/DataNotYetUploadedToEDI/Raw_CTD/RawDownloads/102820_fcr50_0006.cnv
* Sea-Bird SBE19plus  Data File:
* FileName = C:\DATA\102820_fcr50_0006.hex
* Software version 2.8.0.119
* Temperature SN = 7809
* Conductivity SN = 7809
* System UpLoad Time = Oct 28 2020 17:17:32
* <ApplicationData>
* <Seaterm232>
# nquan = 16
# nvalues = 2313                        
# units = specified
# name 0 = depFM: Depth [fresh water, m]
# name 1 = dz/dtM: Descent Rate [m/s]
# name 2 = orp: Oxidation Reduction Potential [mV]
# name 3 = sbeox0Mg/L: Oxygen, SBE 43 [mg/l]
# name 4 = sbeox0PS: Oxygen, SBE 43 [% saturation]
# name 5 = par/sat/log: PAR/Logarithmic, Satlantic
# name 6 = ph: pH
# name 7 = specc: Specific Conductance [uS/cm]
# name 8 = c0uS/cm: Conductivity [uS/cm]
# name 9 = flECO-AFL: Fluorescence, WET Labs ECO-AFL/FL [mg/m^3]
# name 10 = turbWETntu0: Turbidity, WET Labs ECO [NTU]
# name 11 = tv290C: Temperature [ITS-90, deg C]
# name 12 = density00: Density [density, kg/m^3]
# name 13 = prdE: Pressure, Strain Gauge [psi]
# name 14 = prdM: Pressure, Strain Gauge [db]
# name 15 = flag:  0.000e+00
# span 0 =     -0.655,      9.684       
# span 1 =     -0.280,      4.353       
# span 2 = -1240.7455,   404.6927       
# span 3 =     0.2377,    10.7777       
# span 4 =      2.342,    111.094       
# span 5 = 1.2354e-01, 4.5384e+02       
# span 6 =     15.598,     16.177       
# span 7 =      1.765,    147.673       
# span 8 =   1.417314, 112.227521       
# span 9 =    -1.0266,    12.3188       
# span 10 =    -0.3652,   202.0391      
# span 11 =    12.9925,    19.6957      
# span 12 =   998.2731,   999.4828      
# span 13 =     -0.932,     13.774      
# span 14 =     -0.643,      9.497      
# span 15 = 0.0000e+00, 0.0000e+00      
# interval = seconds: 0.25
# start_time = Oct 28 2020 00:45:32 [Instrument's time stamp, header]
# bad_flag = -9.990e-29
*END*
[from data line 995]
      9.672 5.3348e-40   190.4621     2.5051     23.928 1.2369e-01     15.844     68.229  51.929597     0.4335    23.2280    13.0557   999.4431     13.756      9.484 0.0000e+00
      9.672 5.8683e-39   190.5111     2.5013     23.886 1.2368e-01     15.844     68.275  51.961778     0.4332    23.1859    13.0568   999.4429     13.756      9.485 0.0000e+00
      9.672 6.4551e-38   190.3609     2.5028     23.829 1.2368e-01     15.845     68.357  52.021967     0.4222    23.1204    13.0570   999.4428     13.756      9.485 0.0000e+00
      9.672 7.1006e-37   190.1944     2.5163     23.780 1.2368e-01     15.845     68.362  52.022224     0.4047    23.1219    13.0548   999.4432     13.756      9.485 0.0000e+00
      9.672 7.8107e-36   190.3053     2.5226     23.728 1.2370e-01     15.845     68.289  51.964889     0.4032    23.1700    13.0520   999.4436     13.756      9.485 0.0000e+00
      9.672 8.5918e-35   190.5833     2.5125     23.710 1.2370e-01     15.846     68.288  51.963839     0.4242    23.2561    13.0505   999.4437     13.758      9.486 0.0000e+00
      9.672 9.4509e-34   190.8877     2.5070     23.745 1.2370e-01     15.847     68.348  52.009534     0.4291    23.3382    13.0483   999.4441     13.757      9.485 0.0000e+00
      9.672 1.0396e-32   190.9748     2.5035     23.776 1.2370e-01     15.846     68.348  52.009290     0.4154    23.3392    13.0458   999.4444     13.756      9.485 0.0000e+00
      9.672 1.1436e-31   190.9482     2.4960     23.777 1.2370e-01     15.845     68.284  51.960890     0.4195    23.3031    13.0446   999.4445     13.757      9.485 0.0000e+00
      9.672 1.2579e-30   191.3397     2.4918     23.761 1.2369e-01     15.845     68.246  51.932418     0.4500    23.3821    13.0445   999.4445     13.756      9.484 0.0000e+00
      9.672 1.3837e-29   192.0085     2.5001     23.745 1.2367e-01     15.845     68.228  51.919079     0.4797    23.5735    13.0443   999.4446     13.756      9.485 0.0000e+00
      9.672 1.5221e-28   192.3237     2.5037     23.746 1.2364e-01     15.845     68.236  51.926628     0.4927    23.6942    13.0441   999.4446     13.757      9.485 0.0000e+00
      9.672 1.6743e-27   192.3117     2.5027     23.753 1.2363e-01     15.845     68.194  51.896671     0.4927    23.7082    13.0449   999.4445     13.757      9.485 0.0000e+00
      9.672 1.8417e-26   192.4662     2.5013     23.753 1.2361e-01     15.845     68.080  51.810914     0.4798    23.6053    13.0451   999.4445     13.756      9.485 0.0000e+00
      9.672 2.0259e-25   192.8151     2.4970     23.706 1.2359e-01     15.845     68.040  51.778886     0.4703    23.4808    13.0445   999.4445     13.757      9.485 0.0000e+00
      9.672 2.2285e-24   193.1750     2.5000     23.658 1.2361e-01     15.845     68.022  51.763463     0.4731    23.4726    13.0454   999.4444     13.758      9.486 0.0000e+00
      9.672 2.4513e-23   193.4614     2.4982     23.690 1.2369e-01     15.845     68.005  51.751461     0.4846    23.4720    13.0482   999.4440     13.757      9.485 0.0000e+00
      9.672 2.6965e-22   193.6971     2.5032     23.784 1.2379e-01     15.845     68.013  51.760781     0.4947    23.4051    13.0493   999.4438     13.757      9.485 0.0000e+00
      9.672 2.9661e-21   193.9598     2.4956     23.887 1.2381e-01     15.846     67.993  51.749143     0.4907    23.3153    13.0473   999.4441     13.757      9.485 0.0000e+00
      9.672 3.2627e-20   194.2284     2.4843     23.923 1.2376e-01     15.846     67.978  51.737766     0.4935    23.2796    13.0455   999.4443     13.757      9.485 0.0000e+00
      9.672 3.5890e-19   194.6213     2.4921     23.858 1.2374e-01     15.845     67.997  51.750247     0.4995    23.3166    13.0461   999.4442     13.757      9.485 0.0000e+00
      9.672 3.9479e-18   195.0105     2.5014     23.769 1.2372e-01     15.845     68.030  51.773028     0.4871    23.3507    13.0493   999.4438     13.757      9.485 0.0000e+00
      9.672 4.3427e-17   195.0625     2.5163     23.734 1.2371e-01     15.845     68.012  51.759162     0.4684    23.3491    13.0523   999.4434     13.757      9.485 0.0000e+00
      9.672 4.7769e-16   195.0788     2.5230     23.793 1.2369e-01     15.845     67.946  51.709612     0.4545    23.3302    13.0519   999.4435     13.757      9.485 0.0000e+00
      9.672 5.2546e-15   195.4654     2.5105     23.898 1.2365e-01     15.845     67.907  51.681998     0.4530    23.3294    13.0497   999.4438     13.757      9.485 0.0000e+00
      9.672 5.7801e-14   196.0370     2.4994     23.930 1.2366e-01     15.845     67.898  51.679333     0.4591    23.3740    13.0481   999.4440     13.757      9.485 0.0000e+00
      9.672 6.3581e-13   196.3106     2.4937     23.873 1.2366e-01     15.844     67.892  51.677395     0.4711    23.4574    13.0478   999.4440     13.757      9.485 0.0000e+00
      9.673 6.9939e-12   196.1935     2.5003     23.797 1.2361e-01     15.844     67.865  51.658569     0.4835    23.4792    13.0484   999.4439     13.758      9.486 0.0000e+00
      9.673 7.6933e-11   196.0839     2.5197     23.774 1.2359e-01     15.844     67.844  51.642232     0.4752    23.3969    13.0503   999.4437     13.758      9.486 0.0000e+00
      9.673 8.4627e-10   196.2750     2.5217     23.813 1.2364e-01     15.845     67.882  51.670397     0.4665    23.3546    13.0536   999.4432     13.758      9.486 0.0000e+00
      9.673 9.3089e-09   196.6118     2.5126     23.838 1.2369e-01     15.845     67.898  51.681558     0.4932    23.4824    13.0560   999.4429     13.758      9.486 0.0000e+00
      9.673 1.0240e-07   196.8005     2.5014     23.818 1.2363e-01     15.845     67.858  51.650163     0.5405    23.6723    13.0567   999.4428     13.758      9.486 0.0000e+00
      9.673      0.000   196.8352     2.4977     23.816 1.2358e-01     15.845     67.804  51.608348     0.5611    23.7278    13.0568   999.4428     13.758      9.486 0.0000e+00
      9.673      0.000   196.7734     2.5067     23.846 1.2368e-01     15.845     67.736  51.557032     0.5607    23.7074    13.0562   999.4429     13.757      9.485 0.0000e+00
      9.673      0.000   196.7412     2.5115     23.856 1.2373e-01     15.845     67.710  51.537771     0.5459    23.7005    13.0554   999.4430     13.758      9.486 0.0000e+00
      9.673      0.001   196.8767     2.5045     23.843 1.2372e-01     15.845     67.662  51.502488     0.5061    23.6790    13.0543   999.4431     13.758      9.486 0.0000e+00
      9.673      0.016   197.0359     2.5035     23.824 1.2371e-01     15.845     67.589  51.447970     0.4901    23.6875    13.0536   999.4433     13.758      9.486 0.0000e+00
      9.673      0.181   197.0306     2.5116     23.856 1.2369e-01     15.845     67.592  51.450186     0.5037    23.7005    13.0538   999.4432     13.757      9.485 0.0000e+00
      9.673      1.995   196.8991     2.5099     23.946 1.2368e-01     15.845     67.614  51.465773     0.5179    23.5614    13.0546   999.4431     13.758      9.486 0.0000e+00
      9.673      1.995   196.8217     2.5101     24.022 1.2368e-01     15.846     67.590  51.445902     0.5288    23.3098    13.0557   999.4429     13.758      9.486 0.0000e+00
      9.673      0.181   196.8699     2.5043     24.049 1.2370e-01     15.846     67.533  51.400446     0.5309    23.1650    13.0566   999.4427     13.758      9.486 0.0000e+00
      9.673      0.016   196.9650     2.5059     24.020 1.2369e-01     15.846     67.483  51.360727     0.5429    23.1838    13.0567   999.4428     13.758      9.486 0.0000e+00
      9.673      0.001   196.8538     2.5223     24.031 1.2365e-01     15.846     67.467  51.346715     0.5690    23.3659    13.0556   999.4429     13.758      9.486 0.0000e+00
      9.673      0.000   196.5580     2.5276     24.100 1.2363e-01     15.845     67.484  51.358038     0.5794    23.5813    13.0542   999.4431     13.758      9.486 0.0000e+00
      9.673      0.000   196.5722     2.5357     24.144 1.2367e-01     15.845     67.501  51.370612     0.5644    23.6253    13.0528   999.4432     13.758      9.486 0.0000e+00
      9.673      0.000   196.8531     2.5246     24.173 1.2372e-01     15.845     67.504  51.371735     0.5490    23.5890    13.0515   999.4434     13.758      9.486 0.0000e+00
      9.673 1.0240e-07   196.9418     2.5243     24.210 1.2371e-01     15.845     67.504  51.371620     0.5458    23.5889    13.0501   999.4435     13.759      9.486 0.0000e+00
      9.673 9.3090e-09   196.8704     2.5406     24.265 1.2372e-01     15.845     67.500  51.369215     0.5641    23.6233    13.0489   999.4437     13.758      9.486 0.0000e+00
      9.673 8.4630e-10   196.7652     2.5395     24.280 1.2376e-01     15.846     67.465  51.342656     0.6079    23.6958    13.0483   999.4438     13.758      9.486 0.0000e+00
      9.673 7.6935e-11   196.7025     2.5449     24.222 1.2373e-01     15.846     67.415  51.304534     0.6269    23.7104    13.0478   999.4439     13.758      9.486 0.0000e+00
      9.673 6.9940e-12   196.8005     2.5452     24.175 1.2368e-01     15.845     67.394  51.289332     0.6126    23.6286    13.0476   999.4439     13.758      9.486 0.0000e+00
      9.673 6.3580e-13   197.0027     2.5550     24.185 1.2364e-01     15.845     67.389  51.285870     0.5685    23.5642    13.0478   999.4438     13.758      9.486 0.0000e+00
      9.673 5.7800e-14   197.1690     2.5604     24.251 1.2362e-01     15.844     67.358  51.262678     0.5035    23.5847    13.0478   999.4438     13.759      9.486 0.0000e+00
      9.673 5.2545e-15   197.2622     2.5467     24.326 1.2366e-01     15.844     67.274  51.199446     0.4859    23.6362    13.0478   999.4438     13.759      9.487 0.0000e+00
      9.673 4.7770e-16   197.3547     2.5425     24.335 1.2374e-01     15.844     67.217  51.156406     0.4884    23.6376    13.0479   999.4438     13.759      9.486 0.0000e+00
      9.673 4.3427e-17   197.5994     2.5425     24.293 1.2371e-01     15.845     67.258  51.186851     0.4576    23.5331    13.0483   999.4437     13.759      9.486 0.0000e+00
      9.673 3.9480e-18   197.9841     2.5506     24.258 1.2359e-01     15.845     67.342  51.250002     0.4183    23.3686    13.0491   999.4437     13.759      9.486 0.0000e+00
      9.673 3.5890e-19   198.1338     2.5642     24.263 1.2356e-01     15.845     67.389  51.284892     0.4044    23.3310    13.0501   999.4435     13.759      9.486 0.0000e+00
      9.673 3.2628e-20   198.0329     2.5627     24.323 1.2361e-01     15.845     67.399  51.291164     0.4138    23.4216    13.0502   999.4434     13.758      9.486 0.0000e+00
      9.673 2.9661e-21   198.1415     2.5555     24.406 1.2361e-01     15.845     67.446  51.325833     0.4174    23.5367    13.0496   999.4435     13.759      9.487 0.0000e+00
      9.673 2.6965e-22   198.5003     2.5514     24.432 1.2361e-01     15.845     67.526  51.386519     0.4104    23.6239    13.0489   999.4437     13.759      9.486 0.0000e+00
      9.673 2.4513e-23   198.7582     2.5509     24.422 1.2366e-01     15.845     67.615  51.453341     0.4052    23.6183    13.0480   999.4438     13.758      9.486 0.0000e+00
      9.673 2.2285e-24   198.8496     2.5576     24.465 1.2370e-01     15.845     67.760  51.562196     0.4107    23.6057    13.0472   999.4439     13.759      9.486 0.0000e+00
      9.673 2.0259e-25   198.8315     2.5717     24.524 1.2368e-01     15.845     67.924  51.686527     0.4395    23.5742    13.0465   999.4440     13.759      9.486 0.0000e+00
      9.673 1.8417e-26   198.7975     2.5745     24.509 1.2368e-01     15.845     68.092  51.813452     0.4762    23.4779    13.0458   999.4441     13.758      9.486 0.0000e+00
      9.673 1.6743e-27   198.8681     2.5654     24.437 1.2368e-01     15.845     68.193  51.890161     0.4828    23.4022    13.0454   999.4442     13.758      9.486 0.0000e+00
      9.674 1.5221e-28   199.0832     2.5738     24.367 1.2365e-01     15.846     68.143  51.851885     0.4726    23.3457    13.0449   999.4443     13.759      9.487 0.0000e+00
      9.674 1.3837e-29   199.3330     2.5856     24.315 1.2368e-01     15.846     68.153  51.858740     0.4671    23.3104    13.0443   999.4445     13.759      9.487 0.0000e+00
      9.674 1.2580e-30   199.3071     2.5818     24.280 1.2367e-01     15.845     68.305  51.973039     0.4547    23.3535    13.0440   999.4445     13.759      9.486 0.0000e+00
      9.674 1.1436e-31   199.1146     2.5709     24.256 1.2360e-01     15.844     68.461  52.090682     0.4365    23.4204    13.0436   999.4446     13.759      9.487 0.0000e+00
      9.674 1.0396e-32   199.2424     2.5639     24.205 1.2363e-01     15.844     68.608  52.201481     0.4276    23.3975    13.0435   999.4447     13.759      9.486 0.0000e+00
      9.674 9.4522e-34   199.5615     2.5586     24.135 1.2373e-01     15.844     68.900  52.423544     0.4234    23.3520    13.0431   999.4446     13.759      9.486 0.0000e+00
      9.674 8.7212e-35   199.7035     2.5542     24.084 1.2380e-01     15.844     69.151  52.616219     0.4337    23.3845    13.0420   999.4449     13.759      9.487 0.0000e+00
      9.673 2.2020e-35   199.5838     2.5546     24.032 1.2380e-01     15.845     69.078  52.562234     0.4572    23.4133    13.0411   999.4451     13.758      9.486 0.0000e+00
      9.673 1.5700e-34   199.3182     2.5493     23.957 1.2373e-01     15.845     68.954  52.469459     0.4694    23.3913    13.0404   999.4452     13.758      9.486 0.0000e+00
      9.674 1.7193e-33   199.1590     2.5382     23.873 1.2366e-01     15.845     68.924  52.447179     0.4857    23.3931    13.0400   999.4453     13.759      9.487 0.0000e+00
      9.674 1.8912e-32   199.2077     2.5351     23.802 1.2366e-01     15.845     68.889  52.419864     0.4919    23.5038    13.0409   999.4454     13.759      9.486 0.0000e+00
      9.674 2.0803e-31   199.3905     2.5311     23.742 1.2369e-01     15.845     68.854  52.393248     0.4784    23.7003    13.0423   999.4451     13.759      9.486 0.0000e+00
      9.673 2.2883e-30   199.3903     2.5210     23.650 1.2369e-01     15.845     68.836  52.379404     0.4747    23.8116    13.0436   999.4449     13.759      9.486 0.0000e+00
      9.673 2.5171e-29   199.2911     2.5126     23.525 1.2362e-01     15.845     68.836  52.379499     0.4849    23.8531    13.0439   999.4448     13.759      9.486 0.0000e+00
      9.673 2.7689e-28   199.3963     2.5029     23.399 1.2362e-01     15.845     68.856  52.394407     0.5061    23.8938    13.0436   999.4449     13.758      9.486 0.0000e+00
      9.674 3.0457e-27   199.5433     2.5014     23.322 1.2366e-01     15.845     68.906  52.432630     0.5306    23.8912    13.0435   999.4449     13.759      9.486 0.0000e+00
      9.674 3.3503e-26   199.6060     2.4902     23.372 1.2372e-01     15.845     68.942  52.460581     0.5430    23.8565    13.0436   999.4448     13.759      9.487 0.0000e+00
      9.674 3.6854e-25   199.7244     2.4756     23.502 1.2374e-01     15.845     68.965  52.478312     0.5416    23.8180    13.0435   999.4449     13.759      9.486 0.0000e+00
      9.674 4.0539e-24   199.8567     2.4626     23.582 1.2367e-01     15.845     69.020  52.519988     0.5329    23.8035    13.0434   999.4449     13.759      9.486 0.0000e+00
      9.674 4.4593e-23   199.9144     2.4475     23.564 1.2364e-01     15.845     69.102  52.583413     0.5232    23.7493    13.0436   999.4449     13.759      9.486 0.0000e+00
      9.674 4.9052e-22   200.1648     2.4560     23.484 1.2370e-01     15.844     69.220  52.673565     0.5193    23.6773    13.0437   999.4449     13.760      9.487 0.0000e+00
      9.674 5.3957e-21   200.5612     2.4765     23.407 1.2375e-01     15.844     69.365  52.784345     0.5058    23.6545    13.0438   999.4448     13.759      9.486 0.0000e+00
      9.674 5.9353e-20   200.6625     2.4863     23.409 1.2371e-01     15.844     69.526  52.906646     0.4739    23.6453    13.0443   999.4449     13.759      9.486 0.0000e+00
