Data/DataNotYetUploadedToEDI/Raw_CTD/RawDownloads/102820_fcr50_0006.cnv
* Sea-Bird SBE19plus  Data File:
* FileName = C:\DATA\102820_fcr50_0006.hex
* Software version 2.8.0.119
* Temperature SN = 7809
* Conductivity SN = 7809
* System UpLoad Time = Oct 28 2020 17:17:32
* <ApplicationData>
* <Seaterm232>
# nquan = 16
# nvalues = 2313                        
# units = specified
# name 0 = depFM: Depth [fresh water, m]
# name 1 = dz/dtM: Descent Rate [m/s]
# name 2 = orp: Oxidation Reduction Potential [mV]
# name 3 = sbeox0Mg/L: Oxygen, SBE 43 [mg/l]
# name 4 = sbeox0PS: Oxygen, SBE 43 [% saturation]
# name 5 = par/sat/log: PAR/Logarithmic, Satlantic
# name 6 = ph: pH
# name 7 = specc: Specific Conductance [uS/cm]
# name 8 = c0uS/cm: Conductivity [uS/cm]
# name 9 = flECO-AFL: Fluorescence, WET Labs ECO-AFL/FL [mg/m^3]
# name 10 = turbWETntu0: Turbidity, WET Labs ECO [NTU]
# name 11 = tv290C: Temperature [ITS-90, deg C]
# name 12 = density00: Density [density, kg/m^3]
# name 13 = prdE: Pressure, Strain Gauge [psi]
# name 14 = prdM: Pressure, Strain Gauge [db]
# name 15 = flag:  0.000e+00
# span 0 =     -0.655,      9.684       
# span 1 =     -0.280,      4.353       
# span 2 = -1240.7455,   404.6927       
# span 3 =     0.2377,    10.7777       
# span 4 =      2.342,    111.094       
# span 5 = 1.2354e-01, 4.5384e+02       
# span 6 =     15.598,     16.177       
# span 7 =      1.765,    147.673       
# span 8 =   1.417314, 112.227521       
# span 9 =    -1.0266,    12.3188       
# span 10 =    -0.3652,   202.0391      
# span 11 =    12.9925,    19.6957      
# span 12 =   998.2731,   999.4828      
# span 13 =     -0.932,     13.774      
# span 14 =     -0.643,      9.497      
# span 15 = 0.0000e+00, 0.0000e+00      
# interval = seconds: 0.25
# start_time = Oct 28 2020 00:45:32 [Instrument's time stamp, header]
# bad_flag = -9.990e-29
*END*
[from data line 1356]
      9.679 6.4708e-21   213.3455     1.2611     11.681 1.2377e-01     15.842     93.195  70.887098     0.6099    25.3134    13.0269   999.4557     13.766      9.491 0.0000e+00
      9.679 7.1179e-20   213.2887     1.2490     11.596 1.2377e-01     15.842     93.170  70.868588     0.6220    25.3279    13.0272   999.4555     13.766      9.491 0.0000e+00
      9.679 7.8297e-19   213.5210     1.2450     11.567 1.2373e-01     15.841     93.103  70.818885     0.6135    25.3244    13.0275   999.4555     13.766      9.491 0.0000e+00
      9.679 8.6127e-18   213.6586     1.2405     11.579 1.2372e-01     15.841     93.071  70.794709     0.6025    25.2712    13.0280   999.4554     13.767      9.492 0.0000e+00
      9.679 9.4739e-17   213.6627     1.2303     11.597 1.2374e-01     15.842     93.117  70.830559     0.6039    25.2337    13.0284   999.4553     13.767      9.492 0.0000e+00
      9.679 1.0421e-15   213.7432     1.2177     11.641 1.2373e-01     15.842     93.170  70.870927     0.6017    25.2495    13.0289   999.4553     13.766      9.491 0.0000e+00
      9.679 1.1463e-14   213.9432     1.2151     11.672 1.2371e-01     15.842     93.210  70.901368     0.5942    25.2895    13.0294   999.4552     13.766      9.491 0.0000e+00
      9.679 1.2610e-13   214.1027     1.2211     11.677 1.2370e-01     15.842     93.266  70.944341     0.5905    25.2380    13.0296   999.4551     13.767      9.492 0.0000e+00
      9.678 1.3871e-12   214.0359     1.2176     11.692 1.2369e-01     15.842     93.352  71.009089     0.5759    25.0388    13.0301   999.4551     13.766      9.491 0.0000e+00
      9.678 1.5258e-11   213.9960     1.2266     11.697 1.2372e-01     15.842     93.404  71.048525     0.5514    24.9067    13.0302   999.4551     13.766      9.491 0.0000e+00
      9.679 1.6784e-10   214.1367     1.2312     11.715 1.2375e-01     15.842     93.393  71.039748     0.5329    24.8766    13.0301   999.4551     13.766      9.491 0.0000e+00
      9.679 1.8462e-09   214.2741     1.2263     11.741 1.2370e-01     15.842     93.382  71.030106     0.5239    24.9486    13.0302   999.4551     13.767      9.492 0.0000e+00
      9.679 2.0308e-08   214.1942     1.2335     11.718 1.2361e-01     15.842     93.421  71.059081     0.5275    25.1598    13.0301   999.4552     13.767      9.492 0.0000e+00
      9.679 2.2339e-07   213.9452     1.2300     11.698 1.2360e-01     15.843     93.522  71.135800     0.5385    25.3009    13.0299   999.4552     13.767      9.492 0.0000e+00
      9.679      0.000   213.9314     1.2316     11.732 1.2366e-01     15.843     93.684  71.258432     0.5517    25.3508    13.0295   999.4553     13.767      9.492 0.0000e+00
      9.679      0.000   213.9409     1.2401     11.754 1.2372e-01     15.843     93.869  71.397537     0.5926    25.4196    13.0290   999.4553     13.767      9.492 0.0000e+00
      9.679      0.000   213.7152     1.2335     11.740 1.2373e-01     15.843     93.982  71.482702     0.6506    25.5142    13.0287   999.4554     13.767      9.492 0.0000e+00
      9.679      0.003   213.6121     1.2271     11.704 1.2373e-01     15.843     94.039  71.525305     0.6717    25.5342    13.0283   999.4555     13.767      9.492 0.0000e+00
      9.679      0.036   213.7262     1.2369     11.654 1.2369e-01     15.842     94.130  71.594781     0.6673    25.4889    13.0279   999.4556     13.767      9.492 0.0000e+00
      9.679      0.396   213.8043     1.2394     11.659 1.2369e-01     15.842     94.252  71.687012     0.6451    25.4124    13.0273   999.4557     13.767      9.492 0.0000e+00
      9.678      4.353   213.6106     1.2351     11.704 1.2376e-01     15.842     94.336  71.750451     0.5941    25.2624    13.0268   999.4558     13.766      9.491 0.0000e+00
      9.678      4.353   213.4489     1.2356     11.711 1.2378e-01     15.842     94.388  71.789669     0.5561    25.1171    13.0268   999.4558     13.766      9.491 0.0000e+00
      9.678      0.396   213.5696     1.2225     11.654 1.2373e-01     15.842     94.458  71.843321     0.5564    25.0639    13.0267   999.4559     13.766      9.491 0.0000e+00
      9.679      0.036   213.6944     1.2254     11.529 1.2371e-01     15.842     94.520  71.890572     0.5792    25.0651    13.0265   999.4560     13.767      9.492 0.0000e+00
      9.679      0.003   213.6669     1.2353     11.411 1.2374e-01     15.841     94.553  71.915972     0.5927    25.0285    13.0263   999.4560     13.767      9.492 0.0000e+00
      9.679      0.000   213.7532     1.2336     11.311 1.2376e-01     15.841     94.611  71.959712     0.5862    24.9994    13.0262   999.4560     13.767      9.492 0.0000e+00
      9.679      0.000   213.9631     1.2323     11.207 1.2376e-01     15.841     94.714  72.037981     0.5871    25.0216    13.0261   999.4561     13.767      9.492 0.0000e+00
      9.678      0.000   213.8830     1.2115     11.150 1.2375e-01     15.842     94.795  72.099432     0.5944    25.0566    13.0261   999.4561     13.766      9.491 0.0000e+00
      9.678 2.2339e-07   213.7305     1.1999     11.145 1.2377e-01     15.842     94.836  72.130550     0.5878    25.1131    13.0261   999.4561     13.766      9.491 0.0000e+00
      9.679 2.0308e-08   213.9266     1.1935     11.182 1.2371e-01     15.842     94.874  72.159935     0.5936    25.1896    13.0263   999.4561     13.767      9.492 0.0000e+00
      9.679 1.8462e-09   214.1885     1.1754     11.190 1.2363e-01     15.843     94.927  72.200428     0.6076    25.2266    13.0265   999.4561     13.767      9.492 0.0000e+00
      9.679 1.6784e-10   214.2297     1.1736     11.123 1.2367e-01     15.843     94.977  72.238701     0.6035    25.2517    13.0264   999.4562     13.767      9.492 0.0000e+00
      9.679 1.5258e-11   214.2527     1.1704     11.074 1.2371e-01     15.842     94.981  72.241245     0.6010    25.2536    13.0261   999.4562     13.767      9.492 0.0000e+00
      9.679 1.3871e-12   214.3802     1.1775     11.050 1.2373e-01     15.842     94.967  72.231184     0.6068    25.1800    13.0260   999.4562     13.767      9.492 0.0000e+00
      9.679 1.2610e-13   214.3943     1.1848     11.014 1.2375e-01     15.842     94.984  72.244201     0.6162    25.1173    13.0262   999.4562     13.767      9.492 0.0000e+00
      9.679 1.1464e-14   214.2522     1.1671     10.989 1.2375e-01     15.842     95.020  72.271486     0.6197    25.1142    13.0264   999.4563     13.767      9.492 0.0000e+00
      9.679 1.0421e-15   214.2112     1.1647     10.959 1.2373e-01     15.842     95.067  72.306790     0.6107    25.4164    13.0265   999.4562     13.767      9.492 0.0000e+00
      9.679 9.4740e-17   214.3279     1.1658     10.941 1.2368e-01     15.842     95.129  72.353182     0.6031    26.0246    13.0265   999.4562     13.767      9.492 0.0000e+00
      9.679 8.6125e-18   214.3727     1.1569     10.945 1.2362e-01     15.842     95.174  72.387392     0.6034    26.4257    13.0267   999.4562     13.766      9.491 0.0000e+00
      9.679 7.8295e-19   214.1511     1.1584     10.905 1.2360e-01     15.842     95.195  72.402552     0.6243    26.5580    13.0264   999.4562     13.766      9.492 0.0000e+00
      9.679 7.1179e-20   213.8851     1.1537     10.877 1.2366e-01     15.842     95.205  72.409327     0.6747    26.6970    13.0262   999.4563     13.766      9.492 0.0000e+00
      9.679 6.4698e-21   213.9100     1.1484     10.942 1.2369e-01     15.841     95.201  72.405734     0.7261    26.8708    13.0262   999.4563     13.767      9.492 0.0000e+00
      9.679 5.8884e-22   213.9359     1.1565     11.002 1.2365e-01     15.841     95.224  72.422683     0.7493    26.9425    13.0258   999.4564     13.766      9.492 0.0000e+00
      9.679 5.4304e-23   213.7677     1.1488     10.994 1.2364e-01     15.841     95.309  72.487102     0.7551    26.8772    13.0254   999.4564     13.767      9.492 0.0000e+00
      9.679 4.4915e-24   213.7696     1.1373     10.934 1.2368e-01     15.841     95.391  72.548869     0.7583    26.5271    13.0251   999.4565     13.766      9.492 0.0000e+00
      9.679      0.000   213.8724     1.1542     10.864 1.2371e-01     15.841     95.455  72.597334     0.7690    25.9713    13.0248   999.4565     13.766      9.492 0.0000e+00
      9.679      0.000   213.8054     1.1617     10.894 1.2372e-01     15.841     95.580  72.691639     0.7789    25.6858    13.0245   999.4565     13.767      9.492 0.0000e+00
      9.679      0.000   213.6485     1.1582     10.969 1.2374e-01     15.841     95.722  72.799036     0.7731    25.6493    13.0243   999.4566     13.766      9.492 0.0000e+00
      9.679      0.000   213.5239     1.1544     10.934 1.2373e-01     15.841     95.828  72.878658     0.7665    25.6672    13.0241   999.4567     13.767      9.492 0.0000e+00
      9.679      0.000   213.5904     1.1372     10.840 1.2368e-01     15.841     95.929  72.955002     0.7653    25.7306    13.0239   999.4567     13.766      9.491 0.0000e+00
      9.679      0.000   213.7637     1.1431     10.778 1.2366e-01     15.841     96.019  73.022768     0.7589    25.7641    13.0236   999.4568     13.767      9.492 0.0000e+00
      9.679      0.000   213.7265     1.1636     10.741 1.2366e-01     15.842     96.072  73.062243     0.7563    25.7623    13.0231   999.4569     13.766      9.492 0.0000e+00
      9.679      0.000   213.7433     1.1523     10.692 1.2370e-01     15.842     96.141  73.114408     0.7619    25.5029    13.0227   999.4570     13.767      9.492 0.0000e+00
      9.679      0.000   213.9667     1.1390     10.603 1.2370e-01     15.841     96.265  73.208446     0.7608    24.9628    13.0222   999.4571     13.767      9.492 0.0000e+00
      9.679      0.000   213.9313     1.1342     10.515 1.2364e-01     15.841     96.399  73.309171     0.7518    24.6226    13.0217   999.4572     13.766      9.492 0.0000e+00
      9.679      0.000   213.7458     1.1305     10.450 1.2365e-01     15.841     96.491  73.378610     0.7391    24.5474    13.0215   999.4572     13.767      9.492 0.0000e+00
      9.680      0.000   213.8746     1.1289     10.386 1.2366e-01     15.842     96.536  73.412252     0.7308    24.5684    13.0215   999.4572     13.768      9.493 0.0000e+00
      9.680      0.000   214.1979     1.1155     10.299 1.2363e-01     15.842     96.602  73.461612     0.7085    24.9462    13.0212   999.4573     13.768      9.493 0.0000e+00
      9.680      0.000   214.2991     1.1060     10.186 1.2365e-01     15.842     96.693  73.530371     0.6695    25.6470    13.0209   999.4574     13.768      9.493 0.0000e+00
      9.679      0.000   214.2387     1.1004     10.081 1.2373e-01     15.841     96.712  73.544249     0.6508    26.0721    13.0204   999.4575     13.767      9.492 0.0000e+00
      9.679      0.000   214.3287     1.0943     10.000 1.2378e-01     15.840     96.657  73.502254     0.6445    26.1031    13.0199   999.4576     13.767      9.492 0.0000e+00
      9.679      0.000   214.4399     1.0862      9.931 1.2374e-01     15.837     96.612  73.467665     0.6317    25.7477    13.0196   999.4576     13.767      9.492 0.0000e+00
      9.679      0.000   214.3784     1.0720      9.856 1.2368e-01     15.833     96.582  73.443923     0.6106    25.1397    13.0191   999.4578     13.767      9.492 0.0000e+00
      9.679      0.000   214.2739     1.0599      9.747 1.2370e-01     15.828     96.532  73.405933     0.5900    24.8290    13.0192   999.4578     13.768      9.493 0.0000e+00
      9.679      0.000   214.2949     1.0533      9.653 1.2374e-01     15.824     96.427  73.326214     0.5923    24.8058    13.0193   999.4577     13.767      9.492 0.0000e+00
      9.679      0.000   214.4603     1.0447      9.600 1.2372e-01     15.821     96.317  73.242978     0.5998    24.9972    13.0189   999.4577     13.767      9.492 0.0000e+00
      9.679      0.000   214.4667     1.0408      9.550 1.2369e-01     15.821     96.294  73.226040     0.5854    25.3568    13.0187   999.4578     13.767      9.492 0.0000e+00
      9.679      0.000   214.1999     1.0257      9.524 1.2363e-01     15.820     96.324  73.248578     0.5615    25.5153    13.0186   999.4578     13.768      9.493 0.0000e+00
      9.679      0.000   214.0745     1.0126      9.503 1.2357e-01     15.819     96.341  73.261169     0.5390    25.5059    13.0185   999.4577     13.767      9.492 0.0000e+00
      9.679      0.000   213.9829     1.0137      9.473 1.2361e-01     15.819     96.327  73.251127     0.5610    25.7236    13.0190   999.4576     13.767      9.492 0.0000e+00
      9.680      0.000   213.6943     1.0025      9.478 1.2370e-01     15.819     96.330  73.254317     0.6280    26.1910    13.0190   999.4576     13.768      9.493 0.0000e+00
      9.680      0.000   213.5968     1.0028      9.487 1.2371e-01     15.819     96.389  73.299735     0.6818    26.5225    13.0187   999.4577     13.768      9.493 0.0000e+00
      9.680      0.000   213.7498     1.0027      9.476 1.2369e-01     15.819     96.461  73.355230     0.7051    26.6071    13.0188   999.4577     13.767      9.492 0.0000e+00
      9.680      0.000   213.7385     0.9938      9.454 1.2369e-01     15.820     96.542  73.416690     0.6815    26.9396    13.0189   999.4576     13.768      9.493 0.0000e+00
      9.680      0.000   213.5463     0.9989      9.424 1.2372e-01     15.820     96.697  73.534218     0.6345    27.5893    13.0193   999.4576     13.768      9.493 0.0000e+00
      9.680      0.000   213.5761     1.0000      9.414 1.2372e-01     15.820     96.908  73.695417     0.6048    27.8710    13.0197   999.4576     13.767      9.492 0.0000e+00
      9.680      0.000   213.6683     0.9975      9.398 1.2369e-01     15.819     97.098  73.839848     0.5983    27.8044    13.0200   999.4576     13.768      9.493 0.0000e+00
      9.680      0.000   213.5432     0.9967      9.335 1.2368e-01     15.818     97.238  73.945370     0.6424    27.4704    13.0201   999.4576     13.768      9.493 0.0000e+00
      9.680      0.000   213.4398     0.9906      9.268 1.2371e-01     15.818     97.333  74.017578     0.7282    26.8541    13.0201   999.4576     13.769      9.493 0.0000e+00
      9.680      0.000   213.4508     0.9908      9.243 1.2375e-01     15.818     97.412  74.077111     0.7769    26.5330    13.0203   999.4577     13.768      9.493 0.0000e+00
      9.680      0.000   213.5036     0.9929      9.244 1.2375e-01     15.818     97.517  74.156544     0.7725    26.5056    13.0202   999.4578     13.767      9.492 0.0000e+00
      9.680      0.000   213.4763     0.9827      9.235 1.2366e-01     15.818     97.678  74.278617     0.7612    26.4542    13.0200   999.4578     13.768      9.493 0.0000e+00
      9.680      0.000   213.3793     0.9735      9.204 1.2358e-01     15.818     97.848  74.408640     0.7740    26.0838    13.0198   999.4579     13.768      9.493 0.0000e+00
      9.680      0.000   213.5343     0.9720      9.148 1.2363e-01     15.818     97.995  74.520606     0.8032    25.4605    13.0196   999.4579     13.768      9.493 0.0000e+00
      9.680      0.000   213.8017     0.9746      9.084 1.2364e-01     15.819     98.118  74.615092     0.8191    25.1665    13.0195   999.4580     13.769      9.493 0.0000e+00
      9.680      0.000   213.7733     0.9728      9.007 1.2361e-01     15.819     98.178  74.660920     0.8325    25.1387    13.0195   999.4581     13.768      9.493 0.0000e+00
      9.680      0.000   213.7932     0.9706      8.894 1.2365e-01     15.818     98.220  74.693225     0.8408    25.1929    13.0196   999.4581     13.768      9.493 0.0000e+00
      9.680      0.000   214.1287     0.9633      8.775 1.2370e-01     15.818     98.297  74.751355     0.8240    25.3757    13.0196   999.4581     13.768      9.493 0.0000e+00
      9.680      0.000   214.3017     0.9558      8.660 1.2370e-01     15.818     98.350  74.791529     0.8012    25.4943    13.0199   999.4582     13.768      9.493 0.0000e+00
      9.680      0.000   214.1644     0.9520      8.573 1.2372e-01     15.818     98.358  74.797459     0.7949    25.4946    13.0204   999.4581     13.768      9.493 0.0000e+00
