Data/DataNotYetUploadedToEDI/Raw_CTD/RawDownloads/102820_fcr50_0006.cnv
* Sea-Bird SBE19plus  Data File:
* FileName = C:\DATA\102820_fcr50_0006.hex
* Software version 2.8.0.119
* Temperature SN = 7809
* Conductivity SN = 7809
* System UpLoad Time = Oct 28 2020 17:17:32
* <ApplicationData>
* <Seaterm232>
# nquan = 16
# nvalues = 2313                        
# units = specified
# name 0 = depFM: Depth [fresh water, m]
# name 1 = dz/dtM: Descent Rate [m/s]
# name 2 = orp: Oxidation Reduction Potential [mV]
# name 3 = sbeox0Mg/L: Oxygen, SBE 43 [mg/l]
# name 4 = sbeox0PS: Oxygen, SBE 43 [% saturation]
# name 5 = par/sat/log: PAR/Logarithmic, Satlantic
# name 6 = ph: pH
# name 7 = specc: Specific Conductance [uS/cm]
# name 8 = c0uS/cm: Conductivity [uS/cm]
# name 9 = flECO-AFL: Fluorescence, WET Labs ECO-AFL/FL [mg/m^3]
# name 10 = turbWETntu0: Turbidity, WET Labs ECO [NTU]
# name 11 = tv290C: Temperature [ITS-90, deg C]
# name 12 = density00: Density [density, kg/m^3]
# name 13 = prdE: Pressure, Strain Gauge [psi]
# name 14 = prdM: Pressure, Strain Gauge [db]
# name 15 = flag:  0.000e+00
# span 0 =     -0.655,      9.684       
# span 1 =     -0.280,      4.353       
# span 2 = -1240.7455,   404.6927       
# span 3 =     0.2377,    10.7777       
# span 4 =      2.342,    111.094       
# span 5 = 1.2354e-01, 4.5384e+02       
# span 6 =     15.598,     16.177       
# span 7 =      1.765,    147.673       
# span 8 =   1.417314, 112.227521       
# span 9 =    -1.0266,    12.3188       
# span 10 =    -0.3652,   202.0391      
# span 11 =    12.9925,    19.6957      
# span 12 =   998.2731,   999.4828      
# span 13 =     -0.932,     13.774      
# span 14 =     -0.643,      9.497      
# span 15 = 0.0000e+00, 0.0000e+00      
# interval = seconds: 0.25
# start_time = Oct 28 2020 00:45:32 [Instrument's time stamp, header]
# bad_flag = -9.990e-29
*END*
[from data line 2260]
     -0.643 -1.724e-08   202.7302     7.2900     79.703 2.1359e+02     15.702      6.017   4.875890    -0.1692    27.5403    15.5780   999.0159     -0.914     -0.630 0.0000e+00
     -0.642 -1.568e-09   199.6802     7.3782     81.470 2.3252e+02     15.699      5.666   4.589119    -0.2003    26.9306    15.5666   999.0182     -0.914     -0.630 0.0000e+00
     -0.642 -1.425e-10   196.2420     7.5544     82.994 2.4893e+02     15.696      5.744   4.650239    -0.3928    19.9993    15.5538   999.0204     -0.914     -0.630 0.0000e+00
     -0.642 -1.295e-11   193.5958     7.7575     84.267 2.5323e+02     15.699      5.998   4.854568    -0.7226     7.3186    15.5366   999.0231     -0.914     -0.630 0.0000e+00
     -0.642 -1.178e-12   194.7882     7.9518     85.348 2.4773e+02     15.702      6.533   5.285534    -0.9077     0.4001    15.5118   999.0264     -0.914     -0.630 0.0000e+00
     -0.643 -1.071e-13   205.4101     8.1398     86.252 2.4820e+02     15.704      6.630   5.362294    -0.9341    -0.2039    15.4895   999.0299     -0.914     -0.630 0.0000e+00
     -0.643 -9.735e-15   217.0563     8.2925     86.948 2.5174e+02     15.706      5.663   4.578706    -0.9270    -0.2250    15.4745   999.0323     -0.914     -0.630 0.0000e+00
     -0.643 -8.850e-16   199.7457     8.4194     87.458 2.4609e+02     15.701      4.539   3.667977    -0.9173    -0.2675    15.4634   999.0341     -0.914     -0.630 0.0000e+00
     -0.643 -8.045e-17   153.6467     8.5281     87.833 2.3702e+02     15.692      3.988   3.221114    -0.9305    -0.3395    15.4506   999.0363     -0.914     -0.630 0.0000e+00
     -0.643 -7.315e-18   158.2747     8.6240     88.101 2.3339e+02     15.694      3.766   3.040515    -0.9345    -0.3065    15.4384   999.0383     -0.914     -0.630 0.0000e+00
     -0.643 -6.655e-19   275.9226     8.6949     88.298 2.3499e+02     15.716      3.722   3.004907    -0.9373    -0.2462    15.4228   999.0403     -0.914     -0.630 0.0000e+00
     -0.643 -6.589e-20   404.6927     8.7475     88.459 2.3857e+02     15.736      3.849   3.107356    -0.9641    -0.2617    15.3985   999.0438     -0.914     -0.630 0.0000e+00
     -0.643 -6.533e-20   402.8664     8.7887     88.657 2.4057e+02     15.722      4.124   3.328876    -0.9818    -0.2892    15.3818   999.0463     -0.915     -0.631 0.0000e+00
     -0.643 -6.587e-19   250.1413     8.8143     88.916 2.3867e+02     15.681      4.294   3.465834    -0.9889    -0.3038    15.3734   999.0475     -0.915     -0.631 0.0000e+00
     -0.643 -7.241e-18     5.4586     8.8358     89.107 2.3289e+02     15.641      4.176   3.369458    -0.9920    -0.3012    15.3673   999.0485     -0.916     -0.631 0.0000e+00
     -0.643 -7.965e-17  -203.6019     8.8493     89.159 2.2859e+02     15.626      3.860   3.113949    -0.9911    -0.2915    15.3626   999.0492     -0.915     -0.631 0.0000e+00
     -0.643 -8.761e-16  -263.8424     8.8666     89.157 2.2737e+02     15.642      3.609   2.910734    -0.9978    -0.2902    15.3575   999.0501     -0.915     -0.631 0.0000e+00
     -0.643 -9.637e-15  -208.9061     8.9017     89.180 2.2407e+02     15.673      3.646   2.939768    -0.9965    -0.2847    15.3513   999.0512     -0.914     -0.630 0.0000e+00
     -0.643 -1.060e-13  -143.7107     8.9269     89.258 2.2021e+02     15.699      3.749   3.021516    -0.9945    -0.2940    15.3408   999.0527     -0.914     -0.630 0.0000e+00
     -0.643 -1.166e-12   -96.4300     8.9275     89.345 2.1763e+02     15.717      3.738   3.012174    -1.0120    -0.2998    15.3279   999.0546     -0.915     -0.630 0.0000e+00
     -0.643 -1.283e-11   -50.0565     8.9293     89.415 2.1980e+02     15.727      3.666   2.953521    -1.0266    -0.2864    15.3150   999.0565     -0.916     -0.631 0.0000e+00
     -0.643 -1.411e-10   -19.5753     8.9301     89.497 2.3179e+02     15.728      3.657   2.945899    -1.0188    -0.2692    15.3050   999.0581     -0.915     -0.631 0.0000e+00
     -0.644 -1.552e-09   -19.3862     8.9428     89.571 2.4715e+02     15.723      3.704   2.983372    -1.0037    -0.2635    15.2977   999.0593     -0.916     -0.632 0.0000e+00
     -0.644 -1.707e-08   -36.6707     8.9556     89.659 2.5897e+02     15.718      3.522   2.836400    -0.9966    -0.2860    15.2897   999.0605     -0.916     -0.631 0.0000e+00
     -0.644 -1.878e-07   -56.1372     8.9590     89.749 2.6922e+02     15.715      3.183   2.562682    -0.9900    -0.3009    15.2799   999.0620     -0.915     -0.631 0.0000e+00
     -0.644 -1.878e-07   -61.2518     8.9745     89.809 2.7694e+02     15.713      2.979   2.398105    -0.9808    -0.2716    15.2715   999.0632     -0.917     -0.632 0.0000e+00
     -0.643 -1.707e-08   -40.0906     8.9787     89.861 2.7771e+02     15.714      2.940   2.367004    -0.9798    -0.2408    15.2659   999.0642     -0.916     -0.631 0.0000e+00
     -0.643 -1.552e-09   -10.6451     8.9893     89.911 2.7796e+02     15.716      2.953   2.376699    -0.9886    -0.2718    15.2617   999.0648     -0.915     -0.631 0.0000e+00
     -0.644 -1.411e-10    12.6485     9.0027     89.965 2.8330e+02     15.716      2.889   2.325267    -1.0009    -0.3035    15.2574   999.0653     -0.916     -0.631 0.0000e+00
     -0.644 -1.283e-11    32.1313     9.0058     90.005 2.8904e+02     15.717      2.719   2.188622    -1.0046    -0.2807    15.2518   999.0661     -0.916     -0.632 0.0000e+00
     -0.644 -1.166e-12    47.9371     9.0146     90.032 2.9357e+02     15.720      2.553   2.054939    -0.9961    -0.2707    15.2460   999.0670     -0.916     -0.632 0.0000e+00
     -0.644 -1.060e-13    60.9292     9.0183     90.081 2.9878e+02     15.723      2.455   1.975971    -0.9925    -0.2856    15.2410   999.0678     -0.916     -0.632 0.0000e+00
     -0.644 -9.640e-15    72.4630     9.0263     90.144 3.0358e+02     15.725      2.400   1.930696    -0.9894    -0.2889    15.2367   999.0685     -0.916     -0.631 0.0000e+00
     -0.644 -8.760e-16    82.9389     9.0316     90.214 3.0795e+02     15.726      2.347   1.887633    -0.9774    -0.2763    15.2328   999.0690     -0.916     -0.631 0.0000e+00
     -0.644 -7.965e-17    92.1753     9.0319     90.290 3.1107e+02     15.728      2.282   1.835415    -0.9818    -0.2713    15.2292   999.0695     -0.917     -0.632 0.0000e+00
     -0.644 -7.240e-18   100.2504     9.0391     90.316 3.1023e+02     15.729      2.246   1.806142    -0.9956    -0.2627    15.2257   999.0701     -0.916     -0.632 0.0000e+00
     -0.644 -6.585e-19   107.5283     9.0469     90.301 3.0820e+02     15.729      2.222   1.787111    -0.9916    -0.2405    15.2222   999.0706     -0.916     -0.632 0.0000e+00
     -0.644 -5.985e-20   114.4375     9.0522     90.320 3.1128e+02     15.728      2.154   1.732011    -0.9896    -0.2774    15.2190   999.0711     -0.915     -0.631 0.0000e+00
     -0.644 -5.440e-21   121.2379     9.0649     90.371 3.1990e+02     15.726      2.048   1.646745    -1.0011    -0.3652    15.2154   999.0715     -0.916     -0.632 0.0000e+00
     -0.644 -4.946e-22   127.6304     9.0689     90.465 3.2739e+02     15.726      1.965   1.579726    -1.0051    -0.3413    15.2118   999.0721     -0.915     -0.632 0.0000e+00
     -0.644 -4.496e-23   133.5663     9.0611     90.558 3.3046e+02     15.726      1.935   1.555203    -0.9906    -0.2283    15.2081   999.0727     -0.916     -0.631 0.0000e+00
     -0.644 -4.088e-24   139.2344     9.0681     90.573 3.3126e+02     15.726      1.916   1.540286    -0.9783    -0.2015    15.2042   999.0733     -0.917     -0.632 0.0000e+00
     -0.644 -3.716e-25   144.0237     9.0710     90.578 3.3157e+02     15.726      1.899   1.526061    -0.9903    -0.2565    15.2003   999.0738     -0.916     -0.631 0.0000e+00
     -0.644 -3.378e-26   147.7652     9.0818     90.615 3.3195e+02     15.727      1.879   1.509917    -1.0032    -0.3096    15.1963   999.0744     -0.917     -0.632 0.0000e+00
     -0.644 -3.071e-27   151.0888     9.1002     90.653 3.3283e+02     15.727      1.832   1.471791    -0.9999    -0.2946    15.1922   999.0751     -0.916     -0.631 0.0000e+00
     -0.644 -2.792e-28   154.2673     9.0950     90.693 3.3386e+02     15.727      1.799   1.445186    -0.9975    -0.2812    15.1879   999.0757     -0.915     -0.631 0.0000e+00
     -0.644 -2.538e-29   157.2878     9.0952     90.740 3.3442e+02     15.726      1.794   1.441635    -1.0031    -0.3195    15.1835   999.0764     -0.916     -0.632 0.0000e+00
     -0.644 -2.326e-30   160.0755     9.1033     90.800 3.3477e+02     15.725      1.779   1.428850    -1.0014    -0.3113    15.1792   999.0771     -0.916     -0.631 0.0000e+00
     -0.644 -4.195e-31   161.3877     9.1058     90.834 3.3531e+02     15.725      1.765   1.417314    -0.9957    -0.2851    15.1752   999.0776     -0.916     -0.631 0.0000e+00
     -0.644 -9.990e-29 -9.990e-29     9.1120 -9.990e-29 3.3588e+02 -9.990e-29 -9.990e-29 -9.990e-29 -9.990e-29 -9.990e-29    15.1709   999.0783     -0.916     -0.631 0.0000e+00
     -0.644 -9.990e-29 -9.990e-29     9.1159 -9.990e-29 3.3641e+02 -9.990e-29 -9.990e-29 -9.990e-29 -9.990e-29 -9.990e-29    15.1670   999.0789     -0.916     -0.631 0.0000e+00
     -0.644 -9.990e-29 -9.990e-29     9.1245 -9.990e-29 3.3713e+02 -9.990e-29 -9.990e-29 -9.990e-29 -9.990e-29 -9.990e-29    15.1620   999.0796     -0.916     -0.632 0.0000e+00
     -0.644 -9.990e-29 -9.990e-29     9.1322 -9.990e-29 3.3756e+02 -9.990e-29 -9.990e-29 -9.990e-29 -9.990e-29 -9.990e-29    15.1584   999.0802     -0.916     -0.632 0.0000e+00
