Data/DataNotYetUploadedToEDI/Raw_CTD/RawDownloads/102820_fcr50_0001.cnv
* Sea-Bird SBE19plus  Data File:
* FileName = C:\DATA\102820_fcr50_0001.hex
* Software version 2.8.0.119
* Temperature SN = 7809
* Conductivity SN = 7809
* System UpLoad Time = Oct 28 2020 17:15:20
* <ApplicationData>
* <Seaterm232>
# nquan = 16
# nvalues = 3443                        
# units = specified
# name 0 = depFM: Depth [fresh water, m]
# name 1 = dz/dtM: Descent Rate [m/s]
# name 2 = orp: Oxidation Reduction Potential [mV]
# name 3 = sbeox0Mg/L: Oxygen, SBE 43 [mg/l]
# name 4 = sbeox0PS: Oxygen, SBE 43 [% saturation]
# name 5 = par/sat/log: PAR/Logarithmic, Satlantic
# name 6 = ph: pH
# name 7 = specc: Specific Conductance [uS/cm]
# name 8 = c0uS/cm: Conductivity [uS/cm]
# name 9 = flECO-AFL: Fluorescence, WET Labs ECO-AFL/FL [mg/m^3]
# name 10 = turbWETntu0: Turbidity, WET Labs ECO [NTU]
# name 11 = tv290C: Temperature [ITS-90, deg C]
# name 12 = density00: Density [density, kg/m^3]
# name 13 = prdE: Pressure, Strain Gauge [psi]
# name 14 = prdM: Pressure, Strain Gauge [db]
# name 15 = flag:  0.000e+00
# span 0 =     -0.638,      9.701       
# span 1 =     -4.002,      4.787       
# span 2 =  -517.4766,   249.5737       
# span 3 =     0.1765,    10.2360       
# span 4 =      1.747,    104.332       
# span 5 = 1.2350e-01, 1.5430e+02       
# span 6 =     15.606,     15.826       
# span 7 =      1.842,    137.158       
# span 8 =   1.485739, 104.272041       
# span 9 =    -1.0224,    11.6384       
# span 10 =    -0.3827,    62.2378      
# span 11 =    12.9862,    16.4116      
# span 12 =   998.8934,   999.4747      
# span 13 =     -0.908,     13.798      
# span 14 =     -0.626,      9.514      
# span 15 = 0.0000e+00, 0.0000e+00      
# interval = seconds: 0.25
# start_time = Oct 27 2020 20:58:30 [Instrument's time stamp, header]
# bad_flag = -9.990e-29
*END*
[from data line 2080]
      9.697 -1.254e-10   165.8410     1.5699     15.023 1.2371e-01     15.794    110.657  84.127744     0.4985    24.2891    13.0108   999.4640     13.792      9.510 0.0000e+00
      9.697 -1.199e-09   165.8268     1.5669     14.975 1.2376e-01     15.794    110.560  84.053099     0.5285    24.3573    13.0104   999.4641     13.792      9.510 0.0000e+00
      9.697 -1.318e-08   165.6003     1.5711     14.923 1.2374e-01     15.794    110.492  84.001810     0.5271    24.3734    13.0102   999.4641     13.792      9.509 0.0000e+00
      9.697 -1.449e-07   165.5115     1.5809     14.837 1.2374e-01     15.795    110.344  83.889282     0.5103    24.2433    13.0101   999.4640     13.793      9.510 0.0000e+00
      9.697 -2.657e-07   165.4414     1.5881     14.757 1.2374e-01     15.795    110.192  83.773918     0.5066    24.0886    13.0097   999.4640     13.792      9.510 0.0000e+00
      9.697 -1.449e-07   165.1829     1.5732     14.763 1.2372e-01     15.795    110.163  83.751945     0.5115    24.0142    13.0094   999.4640     13.792      9.510 0.0000e+00
      9.697 -1.358e-08   164.8816     1.5752     14.822 1.2369e-01     15.795    110.162  83.750833     0.5117    23.9965    13.0094   999.4640     13.792      9.509 0.0000e+00
      9.697 -5.602e-09   164.6373     1.5636     14.899 1.2365e-01     15.795    110.092  83.696868     0.5182    23.9765    13.0095   999.4639     13.792      9.510 0.0000e+00
      9.697 -4.855e-08   164.2939     1.5473     14.942 1.2364e-01     15.795    110.059  83.671940     0.5338    23.9443    13.0095   999.4638     13.792      9.510 0.0000e+00
      9.697 -9.016e-08   163.8272     1.5555     14.941 1.2367e-01     15.795    110.101  83.703879     0.5381    23.8822    13.0095   999.4639     13.792      9.510 0.0000e+00
      9.697 -6.587e-08   163.5551     1.5581     14.923 1.2371e-01     15.794    110.016  83.637759     0.5314    23.7746    13.0093   999.4639     13.792      9.510 0.0000e+00
      9.697 -1.976e-07   163.3263     1.5717     14.884 1.2378e-01     15.794    109.846  83.508596     0.5391    23.7082    13.0093   999.4639     13.792      9.510 0.0000e+00
      9.697 -3.547e-07   162.9546     1.5760     14.826 1.2379e-01     15.794    109.805  83.477986     0.5646    23.7308    13.0094   999.4637     13.792      9.509 0.0000e+00
      9.697 -1.933e-07   162.7606     1.5726     14.757 1.2367e-01     15.795    109.863  83.522101     0.5818    23.7737    13.0090   999.4638     13.792      9.510 0.0000e+00
      9.697 -1.757e-08   162.6149     1.5737     14.723 1.2359e-01     15.796    109.877  83.533103     0.5855    23.7809    13.0084   999.4639     13.792      9.509 0.0000e+00
      9.697 -1.597e-09   162.3119     1.5668     14.709 1.2360e-01     15.796    109.812  83.483794     0.6002    23.8862    13.0085   999.4638     13.793      9.510 0.0000e+00
      9.697 -1.452e-10   162.0223     1.5636     14.703 1.2361e-01     15.795    109.747  83.434783     0.6357    24.1194    13.0087   999.4638     13.792      9.509 0.0000e+00
      9.697 -1.320e-11   161.9522     1.5513     14.738 1.2363e-01     15.794    109.682  83.385788     0.6610    24.2662    13.0087   999.4638     13.792      9.510 0.0000e+00
      9.697 -1.200e-12   161.9806     1.5493     14.753 1.2367e-01     15.794    109.617  83.336667     0.6585    24.2887    13.0086   999.4639     13.792      9.509 0.0000e+00
      9.697 -1.091e-13   161.7632     1.5513     14.730 1.2370e-01     15.793    109.550  83.286124     0.6626    24.3222    13.0086   999.4638     13.792      9.510 0.0000e+00
      9.697 -9.920e-15   161.5611     1.5432     14.706 1.2373e-01     15.793    109.463  83.219943     0.6909    24.4311    13.0091   999.4637     13.793      9.510 0.0000e+00
      9.697 -9.015e-16   161.5161     1.5551     14.712 1.2379e-01     15.793    109.400  83.172562     0.7149    24.5407    13.0095   999.4637     13.792      9.510 0.0000e+00
      9.697 -8.195e-17   161.3909     1.5552     14.767 1.2380e-01     15.793    109.382  83.158503     0.7333    24.5834    13.0095   999.4636     13.792      9.509 0.0000e+00
      9.697 -7.450e-18   161.3376     1.5508     14.798 1.2371e-01     15.794    109.323  83.113570     0.7699    24.4324    13.0095   999.4636     13.793      9.510 0.0000e+00
      9.697 -6.775e-19   161.3884     1.5489     14.782 1.2366e-01     15.794    109.188  83.010924     0.8047    24.0873    13.0095   999.4636     13.792      9.510 0.0000e+00
      9.697 -6.160e-20   161.3165     1.5450     14.776 1.2373e-01     15.793    109.087  82.935151     0.8014    23.8448    13.0098   999.4635     13.793      9.511 0.0000e+00
      9.697 -5.600e-21   161.1566     1.5577     14.822 1.2383e-01     15.794    109.037  82.897100     0.7875    23.8007    13.0099   999.4636     13.793      9.510 0.0000e+00
      9.697 -5.090e-22   161.0893     1.5605     14.862 1.2383e-01     15.794    108.916  82.805281     0.7890    23.9657    13.0096   999.4635     13.792      9.510 0.0000e+00
      9.697 -4.627e-23   161.0196     1.5567     14.843 1.2380e-01     15.794    108.715  82.651869     0.8110    24.2953    13.0099   999.4634     13.792      9.510 0.0000e+00
      9.697 -4.206e-24   160.7436     1.5525     14.823 1.2380e-01     15.795    108.605  82.568777     0.8532    24.5243    13.0102   999.4634     13.792      9.510 0.0000e+00
      9.697 -3.824e-25   160.4196     1.5607     14.818 1.2384e-01     15.795    108.599  82.563911     0.8693    24.6062    13.0101   999.4633     13.793      9.510 0.0000e+00
      9.697 -3.476e-26   160.2861     1.5703     14.813 1.2389e-01     15.794    108.554  82.529427     0.8526    24.5992    13.0102   999.4634     13.792      9.510 0.0000e+00
      9.697 -3.160e-27   160.0752     1.5614     14.790 1.2387e-01     15.793    108.477  82.469870     0.8235    24.6442    13.0100   999.4633     13.792      9.510 0.0000e+00
      9.697 -2.873e-28   159.7623     1.5606     14.744 1.2381e-01     15.792    108.408  82.416273     0.7940    24.8421    13.0099   999.4632     13.793      9.510 0.0000e+00
      9.697 -2.612e-29   159.6860     1.5608     14.735 1.2381e-01     15.793    108.375  82.390235     0.7826    24.9663    13.0099   999.4632     13.792      9.510 0.0000e+00
      9.697 -2.374e-30   159.4976     1.5599     14.770 1.2380e-01     15.794    108.402  82.409471     0.7712    24.9440    13.0099   999.4632     13.793      9.510 0.0000e+00
      9.697 -2.158e-31   159.0335     1.5603     14.759 1.2372e-01     15.795    108.382  82.394435     0.7522    24.7786    13.0097   999.4632     13.792      9.510 0.0000e+00
      9.697 -1.962e-32   158.8067     1.5507     14.719 1.2367e-01     15.795    108.306  82.335644     0.7429    24.5112    13.0091   999.4633     13.791      9.509 0.0000e+00
      9.697 -1.784e-33   158.8198     1.5477     14.694 1.2368e-01     15.794    108.306  82.334684     0.7344    24.3885    13.0085   999.4633     13.792      9.509 0.0000e+00
      9.697 -1.622e-34   158.6759     1.5597     14.688 1.2373e-01     15.793    108.369  82.382832     0.7264    24.3943    13.0083   999.4634     13.793      9.510 0.0000e+00
      9.697 -1.474e-35   158.4435     1.5557     14.742 1.2375e-01     15.793    108.404  82.408954     0.7223    24.5133    13.0079   999.4634     13.792      9.510 0.0000e+00
      9.697 -1.340e-36   158.4194     1.5473     14.763 1.2375e-01     15.793    108.387  82.396095     0.7131    24.7964    13.0074   999.4634     13.792      9.509 0.0000e+00
      9.697 -1.218e-37   158.4698     1.5503     14.680 1.2373e-01     15.794    108.333  82.354571     0.7106    25.0020    13.0072   999.4635     13.792      9.510 0.0000e+00
      9.697 -1.108e-38   158.3653     1.5410     14.586 1.2372e-01     15.794    108.247  82.288517     0.7202    25.0771    13.0070   999.4635     13.792      9.510 0.0000e+00
      9.697 -1.007e-39   158.3599     1.5537     14.504 1.2376e-01     15.793    108.175  82.233505     0.7345    25.1542    13.0070   999.4635     13.793      9.510 0.0000e+00
      9.697 -9.155e-41   158.4908     1.5630     14.435 1.2376e-01     15.793    108.128  82.198274     0.7493    25.2135    13.0071   999.4635     13.792      9.510 0.0000e+00
      9.697 -8.320e-42   158.3991     1.5428     14.378 1.2379e-01     15.793    108.103  82.180567     0.7466    25.1760    13.0068   999.4635     13.793      9.510 0.0000e+00
      9.697 -7.565e-43   158.2832     1.5373     14.351 1.2389e-01     15.793    108.141  82.210227     0.7208    25.1125    13.0066   999.4635     13.793      9.510 0.0000e+00
      9.697 -6.880e-44   158.3808     1.5265     14.384 1.2392e-01     15.794    108.180  82.238866     0.6768    24.9610    13.0064   999.4635     13.792      9.510 0.0000e+00
      9.697 -6.250e-45   158.4601     1.5194     14.409 1.2383e-01     15.794    108.141  82.208813     0.6241    24.6830    13.0066   999.4635     13.792      9.510 0.0000e+00
      9.697 -5.685e-46   158.3825     1.5150     14.378 1.2370e-01     15.794    108.085  82.164883     0.5991    24.5667    13.0076   999.4633     13.793      9.510 0.0000e+00
      9.698 -5.165e-47   158.3023     1.5058     14.284 1.2361e-01     15.793    108.070  82.152943     0.6035    24.5849    13.0077   999.4634     13.793      9.510 0.0000e+00
      9.698 -4.701e-48   158.2648     1.5170     14.127 1.2361e-01     15.793    108.122  82.191673     0.6196    24.4908    13.0071   999.4635     13.793      9.510 0.0000e+00
      9.697 -4.683e-49   158.0155     1.5198     13.995 1.2368e-01     15.793    108.201  82.251521     0.6415    24.3215    13.0069   999.4635     13.793      9.510 0.0000e+00
      9.697 -4.925e-49   157.7826     1.5157     13.959 1.2373e-01     15.793    108.271  82.304110     0.6480    24.2552    13.0064   999.4635     13.793      9.510 0.0000e+00
      9.697 -4.994e-48   157.8580     1.5089     13.970 1.2376e-01     15.792    108.374  82.382290     0.6410    24.2730    13.0058   999.4636     13.793      9.510 0.0000e+00
      9.697 -5.490e-47   157.8088     1.4865     13.973 1.2379e-01     15.792    108.440  82.433512     0.6430    24.2623    13.0056   999.4636     13.792      9.510 0.0000e+00
      9.697 -6.039e-46   157.5317     1.4688     13.967 1.2379e-01     15.792    108.415  82.414586     0.6347    24.1945    13.0057   999.4637     13.793      9.510 0.0000e+00
      9.697 -6.643e-45   157.3471     1.4683     13.918 1.2377e-01     15.792    108.406  82.407872     0.6077    24.1056    13.0053   999.4637     13.793      9.510 0.0000e+00
      9.697 -7.307e-44   157.2111     1.4735     13.858 1.2372e-01     15.792    108.500  82.479556     0.6026    24.0802    13.0052   999.4638     13.794      9.511 0.0000e+00
      9.697 -8.038e-43   157.0921     1.4699     13.842 1.2372e-01     15.792    108.635  82.581640     0.6108    24.0587    13.0056   999.4637     13.793      9.510 0.0000e+00
      9.697 -8.841e-42   157.1132     1.4742     13.838 1.2378e-01     15.793    108.691  82.624450     0.5820    23.9477    13.0058   999.4637     13.793      9.510 0.0000e+00
      9.697 -9.725e-41   157.1213     1.4672     13.826 1.2375e-01     15.793    108.679  82.615532     0.5313    23.8377    13.0058   999.4637     13.793      9.510 0.0000e+00
      9.698 -1.070e-39   156.9326     1.4553     13.770 1.2363e-01     15.793    108.743  82.664631     0.5132    23.7926    13.0058   999.4637     13.793      9.510 0.0000e+00
      9.698 -1.177e-38   156.8099     1.4596     13.680 1.2359e-01     15.792    108.886  82.772851     0.5257    23.7810    13.0056   999.4638     13.793      9.510 0.0000e+00
      9.698 -1.294e-37   156.9281     1.4562     13.648 1.2362e-01     15.792    108.979  82.842695     0.5289    23.9029    13.0057   999.4638     13.793      9.510 0.0000e+00
      9.698 -1.424e-36   156.9853     1.4585     13.686 1.2368e-01     15.792    109.020  82.873039     0.5047    24.1676    13.0060   999.4637     13.793      9.510 0.0000e+00
      9.698 -1.566e-35   156.8134     1.4533     13.732 1.2372e-01     15.793    109.036  82.885308     0.4718    24.3041    13.0061   999.4638     13.793      9.510 0.0000e+00
      9.698 -1.723e-34   156.8288     1.4370     13.739 1.2369e-01     15.794    109.007  82.863819     0.4459    24.2471    13.0058   999.4639     13.792      9.510 0.0000e+00
      9.698 -1.895e-33   157.1722     1.4344     13.691 1.2368e-01     15.794    109.011  82.867642     0.4200    24.1315    13.0053   999.4640     13.793      9.511 0.0000e+00
      9.698 -2.085e-32   157.2654     1.4415     13.624 1.2370e-01     15.794    109.095  82.931527     0.3972    24.0397    13.0051   999.4640     13.794      9.510 0.0000e+00
      9.698 -2.293e-31   157.1812     1.4477     13.573 1.2369e-01     15.794    109.186  83.000178     0.3891    24.0297    13.0050   999.4640     13.793      9.511 0.0000e+00
      9.697 -2.523e-30   157.2726     1.4499     13.557 1.2369e-01     15.792    109.267  83.061614     0.3886    24.0448    13.0053   999.4640     13.793      9.510 0.0000e+00
      9.697 -2.775e-29   157.3379     1.4423     13.581 1.2371e-01     15.791    109.320  83.101869     0.3722    23.9828    13.0057   999.4639     13.792      9.510 0.0000e+00
      9.698 -3.052e-28   157.3683     1.4340     13.596 1.2367e-01     15.792    109.325  83.105259     0.3534    23.8623    13.0056   999.4640     13.793      9.510 0.0000e+00
      9.698 -3.357e-27   157.3821     1.4291     13.592 1.2365e-01     15.793    109.321  83.102593     0.3422    23.7898    13.0055   999.4640     13.793      9.510 0.0000e+00
      9.698 -3.693e-26   157.3329     1.4248     13.600 1.2366e-01     15.793    109.361  83.133238     0.3229    23.7597    13.0055   999.4640     13.793      9.510 0.0000e+00
      9.698 -4.063e-25   157.2038     1.4318     13.594 1.2369e-01     15.793    109.394  83.157744     0.3106    23.8071    13.0052   999.4641     13.793      9.510 0.0000e+00
      9.698 -4.469e-24   157.1113     1.4334     13.549 1.2375e-01     15.792    109.378  83.144459     0.3077    23.9846    13.0052   999.4641     13.792      9.509 0.0000e+00
      9.698 -4.916e-23   157.2483     1.4297     13.488 1.2374e-01     15.792    109.403  83.163447     0.3163    24.1207    13.0055   999.4640     13.793      9.510 0.0000e+00
      9.697 -5.407e-22   157.2246     1.4333     13.437 1.2370e-01     15.792    109.447  83.196488     0.3292    24.1484    13.0057   999.4640     13.793      9.510 0.0000e+00
      9.697 -5.948e-21   156.9103     1.4337     13.389 1.2369e-01     15.792    109.402  83.162312     0.3208    24.4564    13.0052   999.4641     13.793      9.510 0.0000e+00
      9.697 -6.543e-20   156.8037     1.4279     13.349 1.2371e-01     15.792    109.362  83.131873     0.3102    25.0635    13.0047   999.4641     13.792      9.510 0.0000e+00
      9.697 -7.197e-19   156.9686     1.4192     13.333 1.2377e-01     15.791    109.465  83.210112     0.3154    25.4123    13.0047   999.4642     13.792      9.510 0.0000e+00
      9.697 -7.917e-18   157.0106     1.4159     13.352 1.2373e-01     15.791    109.643  83.344981     0.3174    25.4463    13.0044   999.4642     13.792      9.509 0.0000e+00
      9.698 -8.708e-17   156.8817     1.4097     13.385 1.2359e-01     15.791    109.751  83.426771     0.3151    25.3714    13.0042   999.4643     13.794      9.510 0.0000e+00
      9.698 -9.579e-16   156.8722     1.4052     13.374 1.2361e-01     15.791    109.763  83.435726     0.3253    24.8496    13.0044   999.4642     13.793      9.511 0.0000e+00
      9.697 -1.054e-14   156.8102     1.4033     13.330 1.2372e-01     15.792    109.787  83.453261     0.3363    23.9444    13.0045   999.4641     13.793      9.510 0.0000e+00
      9.697 -1.159e-13   156.6491     1.4042     13.293 1.2374e-01     15.792    109.864  83.511561     0.3343    23.4555    13.0043   999.4643     13.793      9.510 0.0000e+00
