Data/DataNotYetUploadedToEDI/Raw_CTD/RawDownloads/102824_ccr50_S8188001.cnv
* Sea-Bird SBE19plus  Data File:
* FileName = C:\R\Reservoirs\Data\DataNotYetUploadedToEDI\Raw_CTD\RawDownloads\102824_ccr50_S8188_0001.hex
* Software version 2.8.0.119
* Temperature SN = 8188
* Conductivity SN = 8188
* System UpLoad Time = Oct 31 2024 10:22:26
* <ApplicationData>
* <Seaterm232>
# nquan = 16
# nvalues = 2478                        
# units = specified
# name 0 = depFM: Depth [fresh water, m]
# name 1 = dz/dtM: Descent Rate [m/s]
# name 2 = sbeox0Mg/L: Oxygen, SBE 43 [mg/l]
# name 3 = sbeox0PS: Oxygen, SBE 43 [% saturation]
# name 4 = specc: Specific Conductance [uS/cm]
# name 5 = c0uS/cm: Conductivity [uS/cm]
# name 6 = wetCDOM: Fluorescence, WET Labs CDOM [mg/m^3]
# name 7 = flECO-AFL: Fluorescence, WET Labs ECO-AFL/FL [mg/m^3]
# name 8 = flECO-AFL1: Fluorescence, WET Labs ECO-AFL/FL, 2 [mg/m^3]
# name 9 = flECO-AFL2: Fluorescence, WET Labs ECO-AFL/FL, 3 [mg/m^3]
# name 10 = par/sat/log: PAR/Logarithmic, Satlantic
# name 11 = turbWETntu0: Turbidity, WET Labs ECO [NTU]
# name 12 = prdM: Pressure, Strain Gauge [db]
# name 13 = prdE: Pressure, Strain Gauge [psi]
# name 14 = tv290C: Temperature [ITS-90, deg C]
# name 15 = flag:  0.000e+00
# span 0 =     -0.368,     20.220       
# span 1 =     -0.359,      0.150       
# span 2 =    -0.1944,    11.8159       
# span 3 =     -1.908,    120.971       
# span 4 =   -588.753,    199.595       
# span 5 =-476.519953, 153.482577       
# span 6 =    -4.5000,    51.9300       
# span 7 =    -2.4781,     7.2953       
# span 8 =    -2.1300,     2.0448       
# span 9 =    -6.0066,     7.7409       
# span 10 = 1.1585e-01, 1.4837e+03      
# span 11 =    -7.3491,   376.3693      
# span 12 =     -0.361,     19.829      
# span 13 =     -0.524,     28.760      
# span 14 =    13.4381,    16.5145      
# span 15 = 0.0000e+00, 0.0000e+00      
# interval = seconds: 0.25
# start_time = Oct 28 2024 10:06:56 [Instrument's time stamp, header]
# bad_flag = -9.990e-29
*END*
[from data line 272]
      0.614     -0.002     5.5971     54.987    133.084 105.483114    22.1400     3.2517     0.1278     0.7614 4.6746e+02     0.7781      0.602      0.873    14.6234 0.0000e+00
      0.613     -0.001     5.5913     54.983    133.079 105.483208    22.0500     3.2937     0.0852     0.7191 4.1906e+02     0.8386      0.601      0.872    14.6237 0.0000e+00
      0.613     -0.001     5.5885     54.967    133.071 105.480205    22.0500     3.2899     0.0852     0.7191 4.2244e+02     0.7932      0.601      0.872    14.6244 0.0000e+00
      0.614     -0.000     5.5877     54.930    133.063 105.477302    22.0500     3.2975     0.0852     0.7191 4.2780e+02     0.7781      0.602      0.872    14.6255 0.0000e+00
      0.614      0.000     5.5877     54.868    133.058 105.477722    22.0500     3.3013     0.0852     0.7191 4.4217e+02     0.7328      0.602      0.873    14.6269 0.0000e+00
      0.614      0.001     5.5872     54.786    133.047 105.473583    22.1400     3.3738     0.1278     0.6768 4.4284e+02     0.7781      0.602      0.873    14.6283 0.0000e+00
      0.614      0.001     5.5853     54.694    133.032 105.467778    22.1400     3.3509     0.1278     0.6768 4.4642e+02     0.6875      0.602      0.873    14.6296 0.0000e+00
      0.614      0.001     5.5815     54.594    133.028 105.470753    22.1400     3.3509     0.1278     0.6768 4.3098e+02     0.8386      0.602      0.873    14.6309 0.0000e+00
      0.614      0.002     5.5750     54.491    133.031 105.479304    22.1400     3.3471     0.1278     0.6768 4.2171e+02     0.7177      0.602      0.874    14.6323 0.0000e+00
      0.615      0.002     5.5665     54.388    133.033 105.487716    22.1400     3.4157     0.1278     0.6768 4.4963e+02     1.0652      0.603      0.875    14.6342 0.0000e+00
      0.616      0.002     5.5568     54.290    133.044 105.502230    22.0500     3.4119     0.1278     0.6345 4.2939e+02     1.0954      0.604      0.876    14.6363 0.0000e+00
      0.617      0.002     5.5464     54.197    133.069 105.526717    22.0500     3.4157     0.1278     0.6345 4.5692e+02     0.9594      0.605      0.877    14.6387 0.0000e+00
      0.618      0.002     5.5356     54.110    133.095 105.551715    22.0500     3.4234     0.1278     0.6345 4.3079e+02     1.0803      0.606      0.878    14.6412 0.0000e+00
      0.618      0.002     5.5248     54.032    133.109 105.567898    22.0500     3.4234     0.1278     0.6345 4.4729e+02     1.0500      0.606      0.879    14.6436 0.0000e+00
      0.618      0.001     5.5146     53.972    133.107 105.571587    22.0500     3.4615     0.1278     0.6768 4.5198e+02     1.0652      0.607      0.880    14.6457 0.0000e+00
      0.618      0.001     5.5050     53.933    133.086 105.559766    22.0500     3.4157     0.1278     0.6768 4.3379e+02     1.0047      0.607      0.880    14.6476 0.0000e+00
      0.618      0.002     5.4960     53.905    133.055 105.541279    22.0500     3.4234     0.1278     0.6768 4.4063e+02     1.0349      0.607      0.880    14.6493 0.0000e+00
      0.619      0.002     5.4879     53.876    133.030 105.527187    22.0500     3.3242     0.1278     0.6768 4.4448e+02     0.9745      0.607      0.880    14.6510 0.0000e+00
      0.619      0.003     5.4815     53.834    133.016 105.521728    22.0500     3.3585     0.1278     0.6345 4.6412e+02     1.0349      0.608      0.881    14.6529 0.0000e+00
      0.620      0.004     5.4773     53.776    133.015 105.527446    22.0500     3.3662     0.1278     0.6345 4.0642e+02     1.0803      0.609      0.882    14.6549 0.0000e+00
      0.622      0.005     5.4742     53.703    133.019 105.537868    22.0500     3.3356     0.1278     0.6345 4.2678e+02     1.0349      0.610      0.884    14.6571 0.0000e+00
      0.623      0.005     5.4710     53.613    133.018 105.543781    22.0500     3.3509     0.1278     0.6345 4.3521e+02     0.9745      0.611      0.886    14.6593 0.0000e+00
      0.625      0.005     5.4665     53.513    133.014 105.546761    22.0500     3.3585     0.1278     0.6345 4.2144e+02     1.0954      0.613      0.888    14.6617 0.0000e+00
      0.626      0.005     5.4603     53.414    133.018 105.555599    22.0500     3.3700     0.0852     0.6345 4.3606e+02     0.9443      0.614      0.890    14.6641 0.0000e+00
      0.628      0.005     5.4526     53.325    133.028 105.568655    22.0500     3.3585     0.0852     0.6345 4.3834e+02     1.0349      0.615      0.892    14.6666 0.0000e+00
      0.629      0.005     5.4432     53.254    133.033 105.577417    22.0500     3.3013     0.0852     0.6345 4.6231e+02     0.7630      0.617      0.894    14.6690 0.0000e+00
      0.630      0.005     5.4327     53.204    133.035 105.584220    22.0500     3.3089     0.0852     0.6345 4.5287e+02     0.8386      0.618      0.896    14.6714 0.0000e+00
      0.631      0.004     5.4224     53.170    133.041 105.594878    22.0500     3.2937     0.0852     0.6345 4.5901e+02     0.7479      0.619      0.897    14.6735 0.0000e+00
      0.632      0.004     5.4132     53.147    133.056 105.612232    22.0500     3.3051     0.0852     0.6345 4.7422e+02     0.7932      0.620      0.899    14.6755 0.0000e+00
      0.633      0.004     5.4057     53.133    133.081 105.636913    22.0500     3.5416     0.0852     0.6345 4.0783e+02     0.9745      0.621      0.900    14.6775 0.0000e+00
      0.634      0.004     5.4004     53.124    133.109 105.663509    22.0500     3.5760     0.0852     0.6345 4.4429e+02     1.0198      0.622      0.902    14.6794 0.0000e+00
      0.635      0.003     5.3967     53.122    133.131 105.685120    22.0500     3.5187     0.1278     0.6345 4.7742e+02     0.9896      0.623      0.903    14.6814 0.0000e+00
      0.636      0.003     5.3941     53.134    133.145 105.699511    22.0500     3.5454     0.1278     0.6345 4.3958e+02     1.0652      0.623      0.904    14.6834 0.0000e+00
      0.636      0.003     5.3925     53.157    133.152 105.708523    22.0500     3.4577     0.1278     0.6345 4.3977e+02     0.8235      0.624      0.905    14.6852 0.0000e+00
      0.637      0.003     5.3914     53.188    133.156 105.714559    22.0500     3.4844     0.1278     0.6345 4.1888e+02     0.7479      0.624      0.906    14.6869 0.0000e+00
      0.638      0.002     5.3910     53.228    133.160 105.719227    22.0500     3.4806     0.1278     0.5922 4.6432e+02     0.7479      0.625      0.907    14.6885 0.0000e+00
      0.638      0.002     5.3920     53.282    133.166 105.725773    22.0500     3.4577     0.1278     0.5922 4.8876e+02     0.7781      0.626      0.908    14.6899 0.0000e+00
      0.639      0.002     5.3943     53.350    133.175 105.733942    22.0500     3.5912     0.1278     0.5922 4.5375e+02     1.0954      0.626      0.908    14.6911 0.0000e+00
      0.639      0.002     5.3973     53.427    133.182 105.739916    22.0500     3.6027     0.1278     0.5922 4.7732e+02     1.0803      0.627      0.909    14.6921 0.0000e+00
      0.640      0.002     5.4012     53.503    133.190 105.747288    22.0500     3.6370     0.1278     0.5922 4.5277e+02     1.0349      0.627      0.910    14.6929 0.0000e+00
      0.640      0.002     5.4066     53.571    133.202 105.758022    22.1400     3.5798     0.0852     0.7614 4.5287e+02     1.1256      0.628      0.910    14.6934 0.0000e+00
      0.641      0.003     5.4135     53.633    133.210 105.766986    22.1400     3.6599     0.0852     0.7614 4.7411e+02     0.8386      0.628      0.911    14.6938 0.0000e+00
      0.641      0.003     5.4213     53.688    133.209 105.768574    22.1400     3.6751     0.0852     0.7614 4.4836e+02     0.8083      0.629      0.912    14.6941 0.0000e+00
      0.642      0.004     5.4289     53.728    133.197 105.763210    22.1400     3.6713     0.0852     0.7614 4.4865e+02     0.8688      0.630      0.914    14.6945 0.0000e+00
      0.643      0.005     5.4358     53.744    133.184 105.757460    22.0500     3.6599     0.1278     0.6345 4.5523e+02     0.7781      0.631      0.915    14.6951 0.0000e+00
      0.644      0.005     5.4420     53.732    133.172 105.753787    22.0500     3.6065     0.1278     0.6345 4.5336e+02     0.9896      0.632      0.917    14.6959 0.0000e+00
      0.646      0.006     5.4475     53.693    133.168 105.757210    22.0500     3.6179     0.1278     0.6345 4.3512e+02     1.0349      0.634      0.919    14.6969 0.0000e+00
      0.648      0.006     5.4514     53.630    133.177 105.770641    22.0500     3.6332     0.1278     0.6345 4.7545e+02     1.0198      0.635      0.921    14.6983 0.0000e+00
      0.649      0.006     5.4527     53.554    133.186 105.783669    22.1400     3.6027     0.0852     0.5922 4.5188e+02     0.9594      0.637      0.924    14.7002 0.0000e+00
      0.651      0.006     5.4513     53.480    133.188 105.789773    22.1400     3.2746     0.0852     0.5922 4.6554e+02     1.0047      0.639      0.927    14.7024 0.0000e+00
      0.653      0.006     5.4471     53.423    133.189 105.794579    22.1400     3.3013     0.0852     0.5922 5.0407e+02     1.0349      0.640      0.929    14.7048 0.0000e+00
      0.654      0.005     5.4403     53.396    133.190 105.799369    22.1400     3.3013     0.0852     0.5922 4.9195e+02     1.0500      0.642      0.931    14.7072 0.0000e+00
      0.655      0.005     5.4324     53.399    133.183 105.797424    22.1400     3.3204     0.0852     0.5922 4.7083e+02     1.0349      0.643      0.932    14.7092 0.0000e+00
      0.657      0.005     5.4247     53.427    133.171 105.792224    22.2300     3.2860     0.0852     0.7614 4.8622e+02     0.8839      0.644      0.934    14.7109 0.0000e+00
      0.658      0.005     5.4187     53.471    133.168 105.794377    22.2300     3.4806     0.0852     0.7614 4.6584e+02     0.7630      0.645      0.935    14.7124 0.0000e+00
      0.659      0.005     5.4158     53.521    133.174 105.804456    22.2300     3.4997     0.0852     0.7614 4.3701e+02     0.8386      0.646      0.937    14.7138 0.0000e+00
      0.660      0.005     5.4160     53.567    133.184 105.817153    22.2300     3.4997     0.0852     0.7614 4.8264e+02     0.7328      0.647      0.939    14.7152 0.0000e+00
      0.662      0.005     5.4186     53.601    133.197 105.831856    22.2300     3.5035     0.1278     0.7191 4.6685e+02     0.7932      0.649      0.941    14.7169 0.0000e+00
      0.663      0.004     5.4228     53.622    133.212 105.848489    22.2300     3.8926     0.1278     0.7191 5.0715e+02     1.0349      0.650      0.943    14.7187 0.0000e+00
      0.664      0.004     5.4276     53.638    133.221 105.859493    22.2300     3.8583     0.1278     0.7191 4.3201e+02     0.9745      0.651      0.944    14.7206 0.0000e+00
      0.665      0.004     5.4321     53.663    133.223 105.863805    22.2300     3.8888     0.1278     0.7191 4.2799e+02     0.9745      0.652      0.946    14.7224 0.0000e+00
      0.666      0.004     5.4354     53.711    133.217 105.862574    22.2300     3.8506     0.0852     0.6768 4.8002e+02     0.9745      0.653      0.947    14.7241 0.0000e+00
      0.667      0.005     5.4374     53.782    133.197 105.851475    22.2300     3.8125     0.0852     0.6768 5.1158e+02     0.9594      0.654      0.948    14.7257 0.0000e+00
      0.668      0.006     5.4388     53.860    133.169 105.835543    22.2300     3.8239     0.0852     0.6768 4.5228e+02     0.8688      0.655      0.950    14.7271 0.0000e+00
      0.669      0.007     5.4412     53.923    133.143 105.822524    22.2300     3.8659     0.0852     0.6768 4.7236e+02     0.9594      0.656      0.952    14.7284 0.0000e+00
      0.671      0.008     5.4459     53.950    133.125 105.816943    22.2300     3.8430     0.1278     0.8037 4.8379e+02     1.0652      0.658      0.955    14.7296 0.0000e+00
      0.674      0.008     5.4528     53.930    133.114 105.817312    22.2300     3.9078     0.1278     0.8037 4.5198e+02     1.1105      0.660      0.958    14.7313 0.0000e+00
      0.676      0.009     5.4605     53.862    133.102 105.815733    22.2300     3.9117     0.1278     0.8037 4.0712e+02     1.0954      0.663      0.962    14.7336 0.0000e+00
      0.679      0.009     5.4666     53.758    133.088 105.811787    22.2300     3.9155     0.1278     0.8037 4.2967e+02     1.0047      0.666      0.966    14.7365 0.0000e+00
      0.681      0.008     5.4690     53.636    133.079 105.812416    22.2300     3.8811     0.1278     0.8037 4.3032e+02     1.0047      0.668      0.969    14.7399 0.0000e+00
      0.683      0.008     5.4666     53.514    133.080 105.821787    22.3200     3.7820     0.0852     0.6768 4.7411e+02     0.9896      0.670      0.972    14.7432 0.0000e+00
      0.685      0.007     5.4593     53.410    133.096 105.842399    22.3200     3.7934     0.0852     0.6768 4.5022e+02     0.9745      0.671      0.974    14.7462 0.0000e+00
      0.686      0.007     5.4485     53.339    133.127 105.875750    22.3200     3.8010     0.0852     0.6768 4.5022e+02     1.0349      0.673      0.976    14.7491 0.0000e+00
      0.688      0.006     5.4357     53.306    133.171 105.918742    22.3200     3.7934     0.0852     0.6768 4.4924e+02     1.0652      0.675      0.979    14.7520 0.0000e+00
      0.690      0.006     5.4229     53.316    133.218 105.962849    22.2300     3.8506     0.0852     0.6768 4.5781e+02     1.0198      0.676      0.981    14.7551 0.0000e+00
      0.691      0.005     5.4120     53.373    133.255 105.999842    22.2300     3.8544     0.0852     0.6768 4.4895e+02     1.0349      0.678      0.984    14.7583 0.0000e+00
      0.693      0.004     5.4044     53.488    133.279 106.027593    22.2300     3.8544     0.0852     0.6768 4.5991e+02     1.0349      0.679      0.985    14.7615 0.0000e+00
      0.694      0.004     5.4008     53.669    133.292 106.049504    22.2300     3.8544     0.0852     0.6768 4.4836e+02     1.0652      0.680      0.987    14.7644 0.0000e+00
      0.694      0.003     5.4014     53.916    133.307 106.079415    22.2300     3.9841     0.0852     0.5922 4.7144e+02     1.0500      0.681      0.987    14.7671 0.0000e+00
      0.695      0.002     5.4068     54.229    133.348 106.141292    22.2300     3.9880     0.0852     0.5922 4.6443e+02     0.9443      0.681      0.988    14.7697 0.0000e+00
      0.695      0.002     5.4180     54.606    133.442 106.263631    22.2300     3.9651     0.0852     0.5922 4.5228e+02     0.9745      0.681      0.989    14.7729 0.0000e+00
      0.696      0.002     5.4357     55.066    133.612 106.475059    22.2300     3.9536     0.0852     0.5922 4.3041e+02     1.0198      0.682      0.989    14.7773 0.0000e+00
      0.696      0.002     5.4598     55.670    133.879 106.811964    22.2300     3.8811     0.0852     0.5922 4.4198e+02     0.9896      0.683      0.990    14.7840 0.0000e+00
      0.697      0.001     5.4899     56.538    134.290 107.344200    22.3200     3.9117     0.0852     0.5922 4.4332e+02     1.0047      0.683      0.991    14.7948 0.0000e+00
      0.697      0.001     5.5255     57.881    134.952 108.209698    22.3200     3.8964     0.0852     0.5922 4.5931e+02     0.9896      0.684      0.992    14.8121 0.0000e+00
      0.697      0.001     5.5679     60.030    135.674 109.321379    22.3200     3.9078     0.0852     0.5922 4.4719e+02     1.0652      0.684      0.992    14.8402 0.0000e+00
      0.697      0.001     5.6221     63.469    135.990 110.277969    22.3200     3.9307     0.0852     0.5922 4.5941e+02     1.2766      0.684      0.992    14.8858 0.0000e+00
      0.697      0.001     5.6987     68.707    135.875 110.900753    22.2300     3.8964     0.0852     0.6345 4.4178e+02     1.2464      0.684      0.992    14.9608 0.0000e+00
      0.698      0.002     5.8159     75.889    135.621 111.285867    22.2300     3.9155     0.0852     0.6345 4.3144e+02     1.2464      0.684      0.992    15.0852 0.0000e+00
