Data/DataNotYetUploadedToEDI/Raw_CTD/RawDownloads/102824_ccr90_S8188003.cnv
* Sea-Bird SBE19plus  Data File:
* FileName = C:\R\Reservoirs\Data\DataNotYetUploadedToEDI\Raw_CTD\RawDownloads\102824_ccr50_S8188_0003.hex
* Software version 2.8.0.119
* Temperature SN = 8188
* Conductivity SN = 8188
* System UpLoad Time = Oct 31 2024 10:23:00
* <ApplicationData>
* <Seaterm232>
# nquan = 16
# nvalues = 860                         
# units = specified
# name 0 = depFM: Depth [fresh water, m]
# name 1 = dz/dtM: Descent Rate [m/s]
# name 2 = sbeox0Mg/L: Oxygen, SBE 43 [mg/l]
# name 3 = sbeox0PS: Oxygen, SBE 43 [% saturation]
# name 4 = specc: Specific Conductance [uS/cm]
# name 5 = c0uS/cm: Conductivity [uS/cm]
# name 6 = wetCDOM: Fluorescence, WET Labs CDOM [mg/m^3]
# name 7 = flECO-AFL: Fluorescence, WET Labs ECO-AFL/FL [mg/m^3]
# name 8 = flECO-AFL1: Fluorescence, WET Labs ECO-AFL/FL, 2 [mg/m^3]
# name 9 = flECO-AFL2: Fluorescence, WET Labs ECO-AFL/FL, 3 [mg/m^3]
# name 10 = par/sat/log: PAR/Logarithmic, Satlantic
# name 11 = turbWETntu0: Turbidity, WET Labs ECO [NTU]
# name 12 = prdM: Pressure, Strain Gauge [db]
# name 13 = prdE: Pressure, Strain Gauge [psi]
# name 14 = tv290C: Temperature [ITS-90, deg C]
# name 15 = flag:  0.000e+00
# span 0 =     -0.353,      4.005       
# span 1 =     -0.559,      0.120       
# span 2 =     5.1921,    12.6851       
# span 3 =     53.189,    129.805       
# span 4 =   -573.665,    135.241       
# span 5 =-472.341285, 112.212526       
# span 6 =    -4.5000,    22.7700       
# span 7 =    -2.8595,     9.7749       
# span 8 =    -3.6210,     7.7532       
# span 9 =    -2.6226,     4.6107       
# span 10 = 3.4041e+01, 1.7596e+03      
# span 11 =    -1.0800,   119.8017      
# span 12 =     -0.346,      3.928      
# span 13 =     -0.502,      5.697      
# span 14 =    15.4892,    16.5196      
# span 15 = 0.0000e+00, 0.0000e+00      
# interval = seconds: 0.25
# start_time = Oct 28 2024 11:27:57 [Instrument's time stamp, header]
# bad_flag = -9.990e-29
*END*
[from data line 362]
      0.730      0.000     6.1088     99.546    135.103 112.033351    21.8700     3.4768     0.0852     0.3807 6.3796e+02     2.3190      0.715      1.038    16.4812 0.0000e+00
      0.729     -0.001     6.7271    110.193    135.100 112.024375    21.8700     3.4692     0.0852     0.3807 6.3258e+02     2.2132      0.715      1.038    16.4733 0.0000e+00
      0.729     -0.002     7.5886    119.137    135.092 112.013421    21.8700     3.4844     0.0852     0.3807 6.4116e+02     2.1679      0.715      1.037    16.4668 0.0000e+00
      0.729     -0.002     8.6269    125.573    135.069 111.993569    21.8700     3.5035     0.0852     0.3807 6.4971e+02     2.1528      0.715      1.037    16.4619 0.0000e+00
      0.728     -0.003     9.7277    129.092    135.042 111.971523    21.8700     3.7362     0.0852     0.3807 6.1336e+02     2.2132      0.714      1.036    16.4583 0.0000e+00
      0.727     -0.003    10.7685    129.805    135.031 111.963399    21.8700     3.7095     0.0852     0.3807 6.3038e+02     2.1679      0.713      1.034    16.4558 0.0000e+00
      0.726     -0.002    11.6427    128.336    135.036 111.969030    21.7800     3.7171     0.1278     0.5922 6.6891e+02     2.3039      0.712      1.032    16.4544 0.0000e+00
      0.725     -0.001    12.2717    125.553    135.033 111.967924    21.7800     3.7514     0.1278     0.5922 6.8569e+02     2.2586      0.711      1.031    16.4539 0.0000e+00
      0.725      0.001    12.6155    122.233    135.017 111.953785    21.7800     3.1067     0.1278     0.5922 6.4844e+02     2.3643      0.711      1.031    16.4540 0.0000e+00
      0.725      0.002    12.6851    118.896    135.009 111.944841    21.7800     3.1067     0.1278     0.5922 6.1844e+02     2.3643      0.711      1.031    16.4545 0.0000e+00
      0.726      0.003    12.5413    115.825    135.026 111.956700    21.8700     3.1144     0.1278     0.4230 6.8494e+02     2.4398      0.712      1.033    16.4551 0.0000e+00
      0.728      0.003    12.2692    113.144    135.046 111.970530    21.8700     3.1067     0.1278     0.4230 6.5183e+02     2.4096      0.713      1.035    16.4555 0.0000e+00
      0.729      0.002    11.9448    110.880    135.047 111.968024    21.8700     3.3623     0.1278     0.4230 5.9614e+02     2.3643      0.715      1.037    16.4554 0.0000e+00
      0.730      0.000    11.6188    109.008    135.041 111.958512    21.8700     3.3585     0.1278     0.4230 5.8244e+02     2.3492      0.716      1.038    16.4545 0.0000e+00
      0.730     -0.004    11.3190    107.480    135.038 111.949454    22.0500     3.3242     0.0852     0.3807 5.8855e+02     2.3643      0.716      1.039    16.4535 0.0000e+00
      0.730     -0.012    11.0572    106.242    135.037 111.942434    22.0500     3.3585     0.0852     0.3807 6.2033e+02     2.3945      0.716      1.038    16.4525 0.0000e+00
      0.728     -0.023    10.8362    105.240    135.038 111.939578    22.0500     3.6027     0.0852     0.3807 5.9978e+02     2.6362      0.714      1.035    16.4514 0.0000e+00
      0.723     -0.039    10.6537    104.444    135.049 111.952121    22.0500     3.5760     0.0852     0.3807 5.7515e+02     2.7269      0.709      1.029    16.4497 0.0000e+00
      0.715     -0.060    10.5049    103.831    135.076 111.985409    22.0500     3.5721     0.0852     0.4653 5.7590e+02     2.6211      0.700      1.016    16.4473 0.0000e+00
      0.699     -0.083    10.3843    103.384    135.091 112.016324    22.0500     3.5798     0.0852     0.4653 6.3134e+02     2.7269      0.685      0.994    16.4449 0.0000e+00
      0.675     -0.107    10.2867    103.076    135.090 112.037116    22.0500     3.4730     0.0852     0.4653 6.0937e+02     3.0139      0.662      0.960    16.4436 0.0000e+00
      0.642     -0.128    10.2087    102.867    135.086 112.055330    22.0500     3.4920     0.0852     0.4653 7.8458e+02     3.0894      0.630      0.913    16.4446 0.0000e+00
      0.602     -0.144    10.1479    102.715    135.062 112.053831    22.0500     3.4997     0.0852     0.4653 8.4437e+02     3.1649      0.590      0.856    16.4488 0.0000e+00
      0.558     -0.155    10.1027    102.572    135.020 112.032217    21.9600     3.4882     0.1278     0.5076 9.1348e+02     3.1801      0.547      0.793    16.4556 0.0000e+00
      0.515     -0.159    10.0709    102.408    134.987 112.014721    21.9600     2.3858     0.1278     0.5076 5.5417e+02     2.1981      0.504      0.731    16.4638 0.0000e+00
      0.474     -0.160    10.0489    102.224    134.950 111.994677    21.9600     2.3629     0.1278     0.5076 6.7226e+02     2.1830      0.464      0.673    16.4717 0.0000e+00
      0.434     -0.158    10.0326    102.055    134.888 111.952744    21.9600     2.3781     0.1278     0.5076 5.4190e+02     2.1377      0.426      0.618    16.4783 0.0000e+00
      0.395     -0.152    10.0176    101.929    134.783 111.873741    21.7800     2.3781     0.0852     0.3807 1.0452e+03     2.1830      0.388      0.562    16.4832 0.0000e+00
      0.355     -0.144    10.0008    101.857    134.607 111.734601    21.7800     2.0462     0.0852     0.3807 4.9657e+02     2.2435      0.349      0.505    16.4872 0.0000e+00
      0.316     -0.132     9.9820    101.843    134.312 111.496221    21.7800     2.0768     0.0852     0.3807 3.4395e+02     2.2132      0.310      0.450    16.4909 0.0000e+00
      0.280     -0.115     9.9647    101.883    133.804 111.081035    21.7800     2.0424     0.0852     0.3807 5.5284e+02     2.2435      0.275      0.398    16.4944 0.0000e+00
      0.249     -0.092     9.9518    101.955    132.954 110.382328    21.7800     2.0806     0.1278     0.3384 7.3554e+02     2.1528      0.245      0.355    16.4974 0.0000e+00
      0.227     -0.066     9.9442    102.026    131.573 109.241772    21.7800     2.1950     0.1278     0.3384 8.7463e+02     2.0773      0.223      0.323    16.4999 0.0000e+00
      0.215     -0.038     9.9424    102.067    129.296 107.355218    21.7800     2.1874     0.1278     0.3384 6.6154e+02     2.1830      0.211      0.306    16.5022 0.0000e+00
      0.211     -0.011     9.9458    102.060    125.494 104.199590    21.7800     2.1874     0.1278     0.3384 3.8185e+02     2.2132      0.207      0.301    16.5046 0.0000e+00
      0.214      0.012     9.9523    102.011    119.186  98.961381    21.6000     2.1950     0.0852     0.2538 1.1596e+03     2.3039      0.210      0.305    16.5069 0.0000e+00
      0.222      0.032     9.9590    101.929    108.705  90.257732    21.6000     2.2713     0.0852     0.2538 1.1869e+03     2.4398      0.218      0.317    16.5088 0.0000e+00
      0.234      0.048     9.9628    101.823     91.209  75.731676    21.6000     2.2522     0.0852     0.2538 4.9744e+02     2.3039      0.230      0.333    16.5096 0.0000e+00
      0.249      0.061     9.9623    101.709     62.036  51.519597    21.6000     2.2370     0.0852     0.2538 1.2810e+03     2.4096      0.244      0.354    16.5089 0.0000e+00
      0.267      0.072     9.9579    101.610     13.417  11.176937    21.6000     2.2599     0.0852     0.2538 6.8837e+02     2.3039      0.261      0.379    16.5066 0.0000e+00
      0.287      0.080     9.9507    101.542    -67.642 -56.072344    21.6000     2.1683     0.1278     0.3384 1.1733e+03     2.6060      0.281      0.408    16.5027 0.0000e+00
      0.310      0.086     9.9415    101.516   -202.746-168.147392    21.6000     2.1950     0.1278     0.3384 1.1017e+03     2.6211      0.304      0.440    16.4975 0.0000e+00
      0.333      0.090     9.9317    101.538   -427.909-354.916891    21.6000     2.1988     0.1278     0.3384 9.2486e+02     2.6513      0.327      0.474    16.4916 0.0000e+00
      0.358      0.091     9.9233    101.601   -568.646-471.659586    21.6000     2.1798     0.1278     0.3384 7.3538e+02     2.6060      0.351      0.509    16.4855 0.0000e+00
      0.383      0.090     9.9180    101.692   -427.943-354.964413    21.8700     2.5574     0.0852     0.4653 5.2956e+02     2.4852      0.375      0.544    16.4795 0.0000e+00
      0.406      0.086     9.9168    101.790   -202.777-168.211118    21.8700     2.5651     0.0852     0.4653 5.2715e+02     2.4096      0.398      0.578    16.4741 0.0000e+00
      0.428      0.080     9.9201    101.872    -67.642 -56.129279    21.8700     2.5651     0.0852     0.4653 1.0587e+03     2.3945      0.420      0.609    16.4696 0.0000e+00
      0.448      0.073     9.9272    101.931     13.442  11.123607    21.8700     2.5460     0.0852     0.4653 7.9349e+02     2.3341      0.440      0.638    16.4657 0.0000e+00
      0.466      0.065     9.9366    101.984     62.081  51.467643    21.8700     2.5574     0.0426     0.3384 6.8450e+02     2.2132      0.457      0.663    16.4626 0.0000e+00
      0.482      0.056     9.9465    102.040     91.270  75.681237    21.8700     2.5803     0.0426     0.3384 7.1708e+02     2.1377      0.473      0.685    16.4601 0.0000e+00
      0.495      0.047     9.9546    102.092    108.775  90.203350    21.8700     2.5689     0.0426     0.3384 6.8912e+02     2.0924      0.485      0.704    16.4585 0.0000e+00
      0.505      0.039     9.9603    102.125    119.254  98.898549    21.8700     2.5727     0.0426     0.3384 8.0129e+02     2.1377      0.496      0.719    16.4582 0.0000e+00
      0.514      0.033     9.9653    102.129    125.537 104.113546    21.8700     2.4926     0.0426     0.3384 6.4788e+02     2.4701      0.504      0.731    16.4587 0.0000e+00
      0.521      0.027     9.9706    102.091    129.306 107.243008    21.8700     2.4697     0.0852     0.5076 5.8219e+02     2.3039      0.511      0.740    16.4598 0.0000e+00
      0.526      0.023     9.9754    102.004    131.556 109.111459    21.8700     2.5155     0.0852     0.5076 5.2566e+02     2.4701      0.516      0.748    16.4611 0.0000e+00
      0.531      0.020     9.9783    101.881    132.909 110.235151    21.8700     2.4926     0.0852     0.5076 6.7695e+02     2.4398      0.520      0.755    16.4624 0.0000e+00
      0.535      0.018     9.9784    101.746    133.740 110.923731    21.8700     2.5002     0.0852     0.5076 6.1109e+02     2.4398      0.524      0.761    16.4637 0.0000e+00
      0.539      0.017     9.9745    101.621    134.240 111.336825    21.7800     2.5193     0.0852     0.4653 6.5396e+02     2.1679      0.528      0.766    16.4648 0.0000e+00
      0.543      0.017     9.9658    101.527    134.532 111.576595    21.7800     2.5155     0.0852     0.4653 6.9152e+02     2.2132      0.532      0.772    16.4657 0.0000e+00
      0.547      0.018     9.9537    101.482    134.705 111.714977    21.7800     2.5193     0.0852     0.4653 6.2901e+02     2.1679      0.536      0.777    16.4662 0.0000e+00
      0.551      0.019     9.9406    101.493    134.795 111.780875    21.7800     2.5574     0.0852     0.4653 6.2465e+02     2.4096      0.540      0.784    16.4660 0.0000e+00
      0.556      0.021     9.9284    101.557    134.842 111.807858    21.8700     2.5383     0.0852     0.5076 6.0515e+02     2.3341      0.545      0.791    16.4654 0.0000e+00
      0.562      0.023     9.9195    101.653    134.880 111.827114    21.8700     2.5651     0.0852     0.5076 4.1670e+02     2.4549      0.551      0.799    16.4644 0.0000e+00
      0.568      0.024     9.9155    101.746    134.910 111.839781    21.8700     2.5536     0.0852     0.5076 5.9731e+02     2.3341      0.557      0.808    16.4625 0.0000e+00
      0.574      0.025     9.9173    101.814    134.939 111.853232    21.8700     2.6833     0.0852     0.5076 7.1973e+02     2.2888      0.563      0.817    16.4593 0.0000e+00
      0.581      0.026     9.9244    101.854    134.961 111.863058    21.8700     2.6795     0.0852     0.4230 8.5899e+02     2.4096      0.570      0.827    16.4550 0.0000e+00
      0.588      0.025     9.9348    101.872    134.963 111.859880    21.8700     2.6642     0.0852     0.4230 5.6646e+02     2.3341      0.577      0.837    16.4503 0.0000e+00
      0.595      0.024     9.9449    101.877    134.963 111.858846    21.8700     2.6452     0.0852     0.4230 6.5014e+02     2.3643      0.584      0.847    16.4457 0.0000e+00
      0.601      0.022     9.9523    101.882    134.969 111.863682    21.8700     3.1220     0.0852     0.4230 5.1403e+02     2.4701      0.590      0.856    16.4418 0.0000e+00
      0.607      0.020     9.9568    101.896    134.978 111.871678    21.8700     3.1182     0.0852     0.4230 5.2715e+02     2.3039      0.595      0.864    16.4388 0.0000e+00
      0.611      0.019     9.9589    101.932    135.001 111.888964    21.9600     3.1296     0.1278     0.6345 6.0318e+02     2.3190      0.600      0.870    16.4371 0.0000e+00
      0.615      0.017     9.9595    101.990    135.017 111.900154    21.9600     3.1220     0.1278     0.6345 7.3315e+02     2.4096      0.603      0.875    16.4366 0.0000e+00
      0.619      0.017     9.9599    102.060    135.006 111.888238    21.9600     3.3662     0.1278     0.6345 7.3634e+02     2.3945      0.607      0.881    16.4367 0.0000e+00
      0.623      0.017     9.9614    102.126    135.007 111.886029    21.9600     3.3356     0.1278     0.6345 7.6256e+02     2.3643      0.611      0.886    16.4367 0.0000e+00
      0.627      0.018     9.9649    102.173    135.054 111.922931    21.8700     3.3547     0.0426     0.5499 6.8807e+02     2.3643      0.615      0.893    16.4362 0.0000e+00
      0.632      0.019     9.9708    102.188    135.091 111.952797    21.8700     3.3433     0.0426     0.5499 6.9847e+02     2.3945      0.620      0.899    16.4354 0.0000e+00
      0.637      0.020     9.9779    102.170    135.090 111.951598    21.8700     3.2097     0.0426     0.5499 7.1801e+02     2.3039      0.625      0.906    16.4343 0.0000e+00
      0.642      0.021     9.9845    102.135    135.090 111.951007    21.8700     3.2136     0.0426     0.5499 6.6557e+02     2.3341      0.630      0.914    16.4333 0.0000e+00
      0.647      0.023     9.9892    102.110    135.090 111.948869    21.9600     3.2364     0.0852     0.5076 6.9212e+02     2.3190      0.635      0.921    16.4325 0.0000e+00
      0.653      0.024     9.9908    102.108    135.083 111.940612    21.9600     3.2059     0.0852     0.5076 6.6557e+02     2.3945      0.641      0.930    16.4322 0.0000e+00
      0.660      0.024     9.9891    102.126    135.095 111.948031    21.9600     3.6713     0.0852     0.5076 6.6500e+02     2.3945      0.647      0.939    16.4320 0.0000e+00
      0.666      0.025     9.9858    102.144    135.115 111.963105    21.9600     3.6599     0.0852     0.5076 6.7548e+02     2.3794      0.653      0.948    16.4317 0.0000e+00
      0.673      0.025     9.9835    102.143    135.112 111.959860    21.9600     3.6523     0.0852     0.5076 6.3093e+02     2.3794      0.660      0.958    16.4310 0.0000e+00
      0.679      0.025     9.9835    102.121    135.098 111.947429    22.1400     3.6561     0.0852     0.4230 6.7182e+02     2.4852      0.666      0.967    16.4300 0.0000e+00
      0.685      0.024     9.9853    102.089    135.087 111.936494    22.1400     4.0223     0.0852     0.4230 6.9953e+02     2.3643      0.672      0.975    16.4291 0.0000e+00
      0.691      0.024     9.9872    102.053    135.074 111.924140    22.1400     4.0299     0.0852     0.4230 5.7377e+02     2.3945      0.678      0.983    16.4285 0.0000e+00
      0.697      0.024     9.9872    102.015    135.079 111.927066    22.1400     4.0185     0.0852     0.4230 6.4241e+02     2.3945      0.684      0.992    16.4282 0.0000e+00
      0.703      0.024     9.9852    101.977    135.097 111.940055    22.0500     4.0070     0.1704     0.4230 5.4925e+02     2.4096      0.689      1.000    16.4279 0.0000e+00
      0.709      0.024     9.9821    101.944    135.095 111.936577    22.0500     4.1138     0.1704     0.4230 5.2225e+02     2.4549      0.695      1.009    16.4275 0.0000e+00
