Data/DataNotYetUploadedToEDI/Raw_CTD/RawDownloads/102824_ccr90_S8188003.cnv
* Sea-Bird SBE19plus  Data File:
* FileName = C:\R\Reservoirs\Data\DataNotYetUploadedToEDI\Raw_CTD\RawDownloads\102824_ccr50_S8188_0003.hex
* Software version 2.8.0.119
* Temperature SN = 8188
* Conductivity SN = 8188
* System UpLoad Time = Oct 31 2024 10:23:00
* <ApplicationData>
* <Seaterm232>
# nquan = 16
# nvalues = 860                         
# units = specified
# name 0 = depFM: Depth [fresh water, m]
# name 1 = dz/dtM: Descent Rate [m/s]
# name 2 = sbeox0Mg/L: Oxygen, SBE 43 [mg/l]
# name 3 = sbeox0PS: Oxygen, SBE 43 [% saturation]
# name 4 = specc: Specific Conductance [uS/cm]
# name 5 = c0uS/cm: Conductivity [uS/cm]
# name 6 = wetCDOM: Fluorescence, WET Labs CDOM [mg/m^3]
# name 7 = flECO-AFL: Fluorescence, WET Labs ECO-AFL/FL [mg/m^3]
# name 8 = flECO-AFL1: Fluorescence, WET Labs ECO-AFL/FL, 2 [mg/m^3]
# name 9 = flECO-AFL2: Fluorescence, WET Labs ECO-AFL/FL, 3 [mg/m^3]
# name 10 = par/sat/log: PAR/Logarithmic, Satlantic
# name 11 = turbWETntu0: Turbidity, WET Labs ECO [NTU]
# name 12 = prdM: Pressure, Strain Gauge [db]
# name 13 = prdE: Pressure, Strain Gauge [psi]
# name 14 = tv290C: Temperature [ITS-90, deg C]
# name 15 = flag:  0.000e+00
# span 0 =     -0.353,      4.005       
# span 1 =     -0.559,      0.120       
# span 2 =     5.1921,    12.6851       
# span 3 =     53.189,    129.805       
# span 4 =   -573.665,    135.241       
# span 5 =-472.341285, 112.212526       
# span 6 =    -4.5000,    22.7700       
# span 7 =    -2.8595,     9.7749       
# span 8 =    -3.6210,     7.7532       
# span 9 =    -2.6226,     4.6107       
# span 10 = 3.4041e+01, 1.7596e+03      
# span 11 =    -1.0800,   119.8017      
# span 12 =     -0.346,      3.928      
# span 13 =     -0.502,      5.697      
# span 14 =    15.4892,    16.5196      
# span 15 = 0.0000e+00, 0.0000e+00      
# interval = seconds: 0.25
# start_time = Oct 28 2024 11:27:57 [Instrument's time stamp, header]
# bad_flag = -9.990e-29
*END*
[from data line 543]
      1.694      0.044     9.9381    100.945    135.017 111.517527    22.3200     5.6626     0.1278     0.8037 2.0324e+02     1.9715      1.661      2.409    16.3036 0.0000e+00
      1.705      0.042     9.9309    100.814    135.007 111.507215    22.3200     5.6588     0.1278     0.8037 2.0382e+02     1.9262      1.672      2.425    16.2994 0.0000e+00
      1.716      0.040     9.9214    100.683    135.003 111.502965    22.3200     5.6779     0.1278     0.8037 2.0232e+02     2.0471      1.682      2.440    16.2964 0.0000e+00
      1.725      0.038     9.9104    100.563    135.011 111.509643    22.3200     5.6664     0.1278     0.8037 2.0515e+02     2.0169      1.692      2.454    16.2946 0.0000e+00
      1.734      0.036     9.8982    100.468    135.013 111.511034    22.2300     5.5367     0.0852     0.7614 2.0730e+02     1.6241      1.700      2.466    16.2936 0.0000e+00
      1.742      0.035     9.8855    100.417    135.012 111.511508    22.2300     5.5444     0.0852     0.7614 2.0880e+02     1.7298      1.709      2.478    16.2930 0.0000e+00
      1.751      0.034     9.8727    100.428    135.023 111.521188    22.2300     5.5291     0.0852     0.7614 2.0916e+02     1.7601      1.717      2.490    16.2927 0.0000e+00
      1.759      0.035     9.8610    100.475    135.033 111.528660    22.2300     5.5444     0.0852     0.7614 2.1034e+02     1.7449      1.725      2.502    16.2925 0.0000e+00
      1.768      0.036     9.8516    100.527    135.036 111.529916    22.2300     5.7504     0.0852     0.7614 2.1053e+02     1.9715      1.734      2.515    16.2925 0.0000e+00
      1.777      0.038     9.8466    100.569    135.024 111.517295    22.1400     5.7389     0.0852     0.7191 2.1039e+02     1.9715      1.743      2.528    16.2928 0.0000e+00
      1.787      0.040     9.8476    100.594    134.994 111.489430    22.1400     5.7389     0.0852     0.7191 2.1140e+02     1.9866      1.753      2.542    16.2930 0.0000e+00
      1.798      0.043     9.8523    100.603    134.990 111.482879    22.1400     5.7237     0.0852     0.7191 2.0957e+02     1.9413      1.763      2.557    16.2929 0.0000e+00
      1.809      0.045     9.8574    100.602    135.006 111.491896    22.1400     5.6512     0.0852     0.7191 2.0748e+02     1.8507      1.774      2.573    16.2924 0.0000e+00
      1.821      0.048     9.8617    100.592    135.002 111.484894    22.2300     5.6703     0.0426     0.8037 2.0757e+02     2.0773      1.786      2.589    16.2915 0.0000e+00
      1.833      0.050     9.8644    100.569    135.007 111.485998    22.2300     5.6932     0.0426     0.8037 2.0533e+02     2.0471      1.798      2.607    16.2904 0.0000e+00
      1.846      0.053     9.8656    100.543    135.022 111.495504    22.2300     5.6817     0.0426     0.8037 2.0364e+02     1.9715      1.810      2.626    16.2889 0.0000e+00
      1.860      0.055     9.8659    100.519    135.020 111.489953    22.2300     5.7733     0.0426     0.8037 2.0109e+02     2.0320      1.824      2.645    16.2875 0.0000e+00
      1.874      0.058     9.8651    100.502    135.018 111.485859    22.2300     5.8076     0.0852     0.8037 2.0118e+02     1.9413      1.838      2.666    16.2862 0.0000e+00
      1.889      0.061     9.8631    100.497    135.027 111.490129    22.2300     5.8000     0.0852     0.8037 1.9681e+02     1.9715      1.853      2.687    16.2850 0.0000e+00
      1.905      0.064     9.8608    100.499    135.029 111.489904    22.2300     5.8114     0.0852     0.8037 1.9579e+02     1.8507      1.868      2.709    16.2838 0.0000e+00
      1.922      0.067     9.8587    100.505    135.026 111.485125    22.2300     5.7504     0.0852     0.8037 1.9422e+02     1.9111      1.885      2.733    16.2826 0.0000e+00
      1.939      0.070     9.8573    100.522    135.022 111.478516    22.2300     5.7313     0.0852     0.8037 1.8967e+02     1.9413      1.902      2.758    16.2815 0.0000e+00
      1.958      0.072     9.8570    100.561    135.016 111.468316    22.0500     5.7313     0.1278     0.8037 1.8620e+02     2.0169      1.920      2.784    16.2806 0.0000e+00
      1.977      0.073     9.8574    100.634    135.009 111.455802    22.0500     5.7237     0.1278     0.8037 1.8153e+02     2.0773      1.939      2.811    16.2798 0.0000e+00
      1.996      0.072     9.8581    100.737    135.023 111.459631    22.0500     5.6588     0.1278     0.8037 1.7670e+02     2.0320      1.958      2.839    16.2788 0.0000e+00
      2.015      0.070     9.8601    100.842    135.056 111.480826    22.0500     5.6664     0.1278     0.8037 1.7137e+02     1.9866      1.977      2.867    16.2775 0.0000e+00
      2.034      0.067     9.8643    100.931    135.065 111.485045    22.1400     5.6703     0.1278     0.8883 1.6889e+02     2.0169      1.995      2.893    16.2757 0.0000e+00
      2.051      0.062     9.8720    101.011    135.057 111.477414    22.1400     5.6512     0.1278     0.8883 1.6412e+02     1.8658      2.012      2.917    16.2732 0.0000e+00
      2.066      0.056     9.8827    101.098    135.060 111.481890    22.1400     5.6626     0.1278     0.8883 1.6323e+02     2.0471      2.027      2.939    16.2704 0.0000e+00
      2.079      0.050     9.8935    101.191    135.052 111.477674    22.1400     5.6932     0.1278     0.8883 1.6270e+02     1.9715      2.039      2.958    16.2681 0.0000e+00
      2.091      0.045     9.9024    101.266    135.015 111.449644    22.1400     5.6741     0.0852     0.7614 1.6280e+02     1.8960      2.050      2.974    16.2668 0.0000e+00
      2.101      0.040     9.9103    101.309    134.973 111.416319    22.1400     5.6817     0.0852     0.7614 1.6319e+02     1.9111      2.060      2.988    16.2666 0.0000e+00
      2.109      0.037     9.9188    101.327    134.949 111.396808    22.1400     5.8305     0.0852     0.7614 1.6287e+02     1.9111      2.069      3.001    16.2672 0.0000e+00
      2.118      0.035     9.9277    101.334    134.945 111.391904    22.1400     5.7885     0.0852     0.7614 1.6249e+02     1.9111      2.077      3.013    16.2681 0.0000e+00
      2.127      0.034     9.9349    101.335    134.954 111.396303    22.0500     5.7962     0.0852     1.0152 1.6077e+02     1.8809      2.085      3.025    16.2690 0.0000e+00
      2.135      0.033     9.9389    101.335    134.968 111.405176    22.0500     5.8076     0.0852     1.0152 1.5830e+02     2.0169      2.094      3.037    16.2697 0.0000e+00
      2.144      0.031     9.9407    101.325    134.973 111.406895    22.0500     5.7809     0.0852     1.0152 1.5659e+02     1.9413      2.102      3.050    16.2698 0.0000e+00
      2.152      0.030     9.9414    101.289    134.967 111.399917    22.0500     5.9640     0.0852     1.0152 1.5602e+02     1.9715      2.110      3.061    16.2692 0.0000e+00
      2.159      0.029     9.9418    101.248    134.960 111.392380    22.0500     5.9640     0.0852     1.0152 1.5558e+02     1.8960      2.118      3.072    16.2682 0.0000e+00
      2.166      0.028     9.9420    101.239    134.959 111.390271    22.1400     5.9716     0.0426     0.8883 1.5541e+02     1.9564      2.125      3.081    16.2671 0.0000e+00
      2.173      0.028     9.9413    101.270    134.969 111.397028    22.1400     5.9640     0.0426     0.8883 1.5510e+02     1.8507      2.131      3.091    16.2662 0.0000e+00
      2.179      0.028     9.9379    101.311    134.983 111.406454    22.1400     5.9297     0.0426     0.8883 1.5571e+02     1.9413      2.137      3.100    16.2654 0.0000e+00
      2.186      0.029     9.9339    101.342    134.988 111.407065    22.1400     5.9373     0.0426     0.8883 1.5456e+02     1.8809      2.144      3.109    16.2649 0.0000e+00
      2.194      0.032     9.9332    101.353    134.970 111.387029    22.0500     5.9220     0.0852     0.9306 1.5433e+02     1.9111      2.151      3.119    16.2644 0.0000e+00
      2.202      0.035     9.9363    101.339    134.921 111.341000    22.0500     5.9068     0.0852     0.9306 1.5346e+02     1.8809      2.159      3.131    16.2638 0.0000e+00
      2.211      0.038     9.9405    101.289    134.882 111.300695    22.0500     6.2272     0.0852     0.9306 1.5266e+02     2.2132      2.167      3.144    16.2628 0.0000e+00
      2.221      0.043     9.9439    101.171    134.875 111.283358    22.0500     6.2387     0.0852     0.9306 1.5006e+02     2.1679      2.177      3.158    16.2615 0.0000e+00
      2.232      0.047     9.9453    100.981    134.862 111.258371    22.1400     6.2081     0.0852     0.8883 1.4971e+02     2.2132      2.189      3.174    16.2598 0.0000e+00
      2.244      0.051     9.9443    100.777    134.841 111.225071    22.1400     6.2158     0.0852     0.8883 1.4938e+02     2.2132      2.201      3.192    16.2576 0.0000e+00
      2.258      0.054     9.9401    100.624    134.838 111.208566    22.1400     5.9716     0.0852     0.8883 1.4472e+02     2.4096      2.215      3.212    16.2546 0.0000e+00
      2.273      0.056     9.9295    100.553    134.851 111.208455    22.1400     5.9869     0.0852     0.8883 1.3947e+02     2.3190      2.230      3.234    16.2503 0.0000e+00
      2.289      0.058     9.9119    100.585    134.872 111.216709    22.3200     5.9831     0.0852     0.8460 1.3757e+02     2.3945      2.245      3.256    16.2449 0.0000e+00
      2.304      0.058     9.8930    100.713    134.909 111.239527    22.3200     5.9678     0.0852     0.8460 1.3709e+02     2.3945      2.260      3.277    16.2392 0.0000e+00
      2.319      0.059     9.8790    100.906    134.939 111.257002    22.3200     6.0365     0.0852     0.8460 1.3585e+02     2.1679      2.274      3.298    16.2341 0.0000e+00
      2.333      0.060     9.8729    101.139    134.952 111.259796    22.3200     6.0708     0.0852     0.8460 1.3576e+02     2.1830      2.288      3.318    16.2300 0.0000e+00
      2.347      0.062     9.8768    101.378    134.970 111.266649    22.3200     6.0556     0.0852     0.8460 1.3546e+02     2.2283      2.302      3.339    16.2267 0.0000e+00
      2.363      0.064     9.8899    101.590    134.979 111.265391    22.1400     6.0441     0.0852     0.8460 1.3192e+02     2.1528      2.317      3.361    16.2238 0.0000e+00
      2.380      0.066     9.9096    101.759    134.978 111.255688    22.1400     5.8381     0.0852     0.8460 1.2965e+02     2.2435      2.334      3.385    16.2209 0.0000e+00
      2.398      0.069     9.9331    101.883    134.983 111.250947    22.1400     5.8496     0.0852     0.8460 1.2626e+02     2.1830      2.351      3.410    16.2180 0.0000e+00
      2.416      0.071     9.9572    101.965    134.982 111.241907    22.1400     5.8343     0.0852     0.8460 1.2419e+02     2.1679      2.369      3.436    16.2149 0.0000e+00
      2.434      0.073     9.9787    102.008    134.983 111.234154    22.1400     5.8457     0.0852     0.8460 1.2311e+02     2.2888      2.387      3.463    16.2118 0.0000e+00
      2.453      0.075     9.9959    102.013    135.007 111.245614    22.1400     5.6054     0.0852     0.8460 1.2120e+02     1.9413      2.406      3.489    16.2087 0.0000e+00
      2.472      0.076    10.0088    101.971    135.027 111.255350    22.1400     5.6092     0.0852     0.8460 1.1875e+02     1.9413      2.424      3.516    16.2055 0.0000e+00
      2.492      0.077    10.0175    101.881    135.029 111.249962    22.1400     5.6130     0.0852     0.8460 1.1635e+02     2.0018      2.443      3.544    16.2022 0.0000e+00
      2.512      0.077    10.0224    101.750    135.035 111.248006    22.3200     5.5940     0.1278     0.8460 1.1529e+02     2.0169      2.463      3.573    16.1991 0.0000e+00
      2.532      0.077    10.0235    101.593    135.052 111.256960    22.3200     5.4109     0.1278     0.8460 1.1169e+02     2.0169      2.483      3.602    16.1962 0.0000e+00
      2.552      0.075    10.0200    101.427    135.085 111.279211    22.3200     5.4452     0.1278     0.8460 1.0764e+02     2.0169      2.503      3.631    16.1934 0.0000e+00
      2.572      0.073    10.0117    101.266    135.108 111.294698    22.3200     5.4490     0.1278     0.8460 1.0609e+02     1.8507      2.523      3.659    16.1909 0.0000e+00
      2.591      0.069     9.9993    101.132    135.106 111.289557    22.3200     5.4185     0.1278     0.8460 1.0480e+02     1.9715      2.541      3.685    16.1886 0.0000e+00
      2.608      0.066     9.9844    101.045    135.098 111.280411    22.2300     5.4795     0.0852     0.8883 1.0367e+02     2.2283      2.558      3.709    16.1865 0.0000e+00
      2.623      0.062     9.9684    101.011    135.080 111.262822    22.2300     5.4910     0.0852     0.8883 1.0313e+02     2.1981      2.573      3.731    16.1847 0.0000e+00
      2.638      0.058     9.9529    101.012    135.051 111.236099    22.2300     5.5062     0.0852     0.8883 1.0224e+02     2.1528      2.587      3.753    16.1833 0.0000e+00
      2.653      0.055     9.9399    101.022    135.025 111.213110    22.2300     5.4643     0.0852     0.8883 1.0011e+02     2.3039      2.601      3.773    16.1822 0.0000e+00
      2.666      0.053     9.9316    101.026    135.006 111.195722    22.2300     5.6474     0.0852     0.8037 9.9283e+01     2.1830      2.615      3.792    16.1811 0.0000e+00
      2.679      0.051     9.9285    101.023    134.992 111.183298    22.2300     5.6588     0.0852     0.8037 9.8616e+01     2.2435      2.628      3.811    16.1800 0.0000e+00
      2.692      0.050     9.9288    101.025    134.979 111.172525    22.2300     5.6932     0.0852     0.8037 9.6980e+01     2.2132      2.640      3.829    16.1791 0.0000e+00
      2.705      0.050     9.9299    101.026    134.979 111.172528    22.2300     5.6703     0.0852     0.8037 9.6539e+01     2.1981      2.653      3.847    16.1784 0.0000e+00
      2.717      0.050     9.9304    101.024    134.997 111.187304    22.2300     5.5444     0.1278     0.8460 9.6392e+01     1.9866      2.665      3.864    16.1780 0.0000e+00
      2.729      0.051     9.9302    101.040    135.009 111.196802    22.2300     5.5215     0.1278     0.8460 9.6183e+01     2.0018      2.677      3.882    16.1777 0.0000e+00
      2.742      0.053     9.9303    101.096    134.994 111.183558    22.2300     5.5673     0.1278     0.8460 9.4299e+01     1.8809      2.689      3.900    16.1776 0.0000e+00
      2.756      0.056     9.9304    101.177    134.976 111.168036    22.2300     5.5825     0.1278     0.8460 9.2775e+01     1.9715      2.703      3.920    16.1776 0.0000e+00
      2.771      0.060     9.9302    101.252    134.985 111.174088    22.2300     5.4643     0.0852     0.9306 9.3240e+01     2.2132      2.717      3.941    16.1775 0.0000e+00
      2.786      0.064     9.9318    101.298    135.012 111.195331    22.2300     5.4910     0.0852     0.9306 9.1752e+01     2.2737      2.732      3.963    16.1774 0.0000e+00
      2.803      0.067     9.9374    101.319    135.036 111.213435    22.2300     5.4872     0.0852     0.9306 8.9663e+01     2.1981      2.749      3.987    16.1772 0.0000e+00
      2.821      0.070     9.9454    101.330    135.013 111.193236    22.2300     5.4948     0.0852     0.9306 8.7147e+01     2.2586      2.767      4.013    16.1768 0.0000e+00
      2.840      0.071     9.9529    101.329    134.912 111.109355    22.2300     5.5367     0.0852     0.9306 8.5162e+01     1.9564      2.785      4.040    16.1763 0.0000e+00
      2.859      0.072     9.9576    101.301    134.745 110.971413    22.2300     5.5444     0.0852     0.7614 8.3495e+01     2.0169      2.804      4.067    16.1758 0.0000e+00
      2.878      0.072     9.9597    101.262    134.522 110.786617    22.2300     5.5215     0.0852     0.7614 8.2575e+01     1.9715      2.822      4.093    16.1754 0.0000e+00
      2.896      0.072     9.9609    101.243    134.202 110.521683    22.2300     5.5406     0.0852     0.7614 8.1240e+01     1.9111      2.840      4.119    16.1751 0.0000e+00
