Data/DataNotYetUploadedToEDI/Raw_CTD/RawDownloads/102824_ccr88_S8188002.cnv
* Sea-Bird SBE19plus  Data File:
* FileName = C:\R\Reservoirs\Data\DataNotYetUploadedToEDI\Raw_CTD\RawDownloads\102824_ccr50_S8188_0002.hex
* Software version 2.8.0.119
* Temperature SN = 8188
* Conductivity SN = 8188
* System UpLoad Time = Oct 31 2024 10:22:46
* <ApplicationData>
* <Seaterm232>
# nquan = 16
# nvalues = 1303                        
# units = specified
# name 0 = depFM: Depth [fresh water, m]
# name 1 = dz/dtM: Descent Rate [m/s]
# name 2 = sbeox0Mg/L: Oxygen, SBE 43 [mg/l]
# name 3 = sbeox0PS: Oxygen, SBE 43 [% saturation]
# name 4 = specc: Specific Conductance [uS/cm]
# name 5 = c0uS/cm: Conductivity [uS/cm]
# name 6 = wetCDOM: Fluorescence, WET Labs CDOM [mg/m^3]
# name 7 = flECO-AFL: Fluorescence, WET Labs ECO-AFL/FL [mg/m^3]
# name 8 = flECO-AFL1: Fluorescence, WET Labs ECO-AFL/FL, 2 [mg/m^3]
# name 9 = flECO-AFL2: Fluorescence, WET Labs ECO-AFL/FL, 3 [mg/m^3]
# name 10 = par/sat/log: PAR/Logarithmic, Satlantic
# name 11 = turbWETntu0: Turbidity, WET Labs ECO [NTU]
# name 12 = prdM: Pressure, Strain Gauge [db]
# name 13 = prdE: Pressure, Strain Gauge [psi]
# name 14 = tv290C: Temperature [ITS-90, deg C]
# name 15 = flag:  0.000e+00
# span 0 =     -0.355,     10.652       
# span 1 =     -0.339,      0.153       
# span 2 =     4.4258,    10.9777       
# span 3 =     44.647,    112.472       
# span 4 =   -577.335,    135.362       
# span 5 =-473.833893, 112.387470       
# span 6 =    -4.5000,    30.6000       
# span 7 =    -1.8791,   245.1568       
# span 8 =    -5.3250,     1.7040       
# span 9 =    -3.5532,     7.1064       
# span 10 = 2.4774e-01, 1.6615e+03      
# span 11 =    -0.5966,   971.0642      
# span 12 =     -0.349,     10.446      
# span 13 =     -0.505,     15.151      
# span 14 =    15.4523,    16.5412      
# span 15 = 0.0000e+00, 0.0000e+00      
# interval = seconds: 0.25
# start_time = Oct 28 2024 10:39:34 [Instrument's time stamp, header]
# bad_flag = -9.990e-29
*END*
[from data line 91]
      0.709      0.002     6.8615     69.218    133.444 109.652247    21.6900     3.2822     0.0852     0.5499 4.0751e+01     0.8990      0.696      1.009    16.1201 0.0000e+00
      0.710      0.002     6.8496     69.065    133.397 109.598449    21.6900     3.3089     0.0852     0.5499 4.0831e+01     0.8688      0.696      1.010    16.1087 0.0000e+00
      0.710      0.002     6.8398     68.893    133.321 109.523558    21.6900     3.3013     0.0852     0.5922 4.0574e+01     1.0349      0.697      1.010    16.0981 0.0000e+00
      0.710      0.001     6.8297     68.708    133.234 109.443588    21.6900     3.2822     0.0852     0.5922 4.0372e+01     0.9443      0.697      1.010    16.0888 0.0000e+00
      0.711      0.001     6.8177     68.520    133.176 109.389198    21.6900     3.2975     0.0852     0.5922 4.0521e+01     0.9141      0.697      1.011    16.0814 0.0000e+00
      0.711      0.002     6.8034     68.333    133.157 109.369875    21.6900     3.4157     0.0852     0.5922 4.0769e+01     1.0198      0.698      1.012    16.0758 0.0000e+00
      0.712      0.002     6.7871     68.148    133.167 109.376467    21.6900     3.4005     0.0852     0.5922 4.1098e+01     0.9292      0.698      1.012    16.0713 0.0000e+00
      0.712      0.002     6.7694     67.959    133.190 109.394739    21.7800     3.4234     0.0852     0.6345 4.1448e+01     1.0047      0.699      1.013    16.0679 0.0000e+00
      0.713      0.002     6.7512     67.771    133.193 109.397573    21.7800     3.3929     0.0852     0.6345 4.1719e+01     0.8990      0.699      1.014    16.0655 0.0000e+00
      0.713      0.003     6.7331     67.598    133.151 109.361733    21.7800     3.5073     0.0852     0.6345 4.1538e+01     0.9292      0.699      1.014    16.0640 0.0000e+00
      0.714      0.003     6.7149     67.445    133.087 109.301654    21.7800     3.5378     0.0852     0.6345 4.1134e+01     1.0652      0.700      1.015    16.0634 0.0000e+00
      0.715      0.004     6.6963     67.308    133.051 109.255298    21.6900     3.5531     0.0852     0.6345 4.0831e+01     0.9594      0.701      1.016    16.0634 0.0000e+00
      0.716      0.004     6.6778     67.180    133.067 109.240292    21.6900     3.5302     0.0852     0.6345 4.0955e+01     0.9443      0.702      1.018    16.0636 0.0000e+00
      0.717      0.004     6.6608     67.055    133.119 109.246635    21.6900     3.5226     0.0852     0.6345 4.1448e+01     1.0047      0.704      1.020    16.0632 0.0000e+00
      0.719      0.003     6.6461     66.932    133.176 109.254024    21.6900     3.5645     0.0852     0.6345 4.1529e+01     0.9745      0.705      1.022    16.0604 0.0000e+00
      0.719      0.002     6.6334     66.814    133.213 109.248433    21.6900     3.5454     0.0852     0.5076 4.2001e+01     0.9443      0.705      1.023    16.0539 0.0000e+00
      0.719      0.000     6.6223     66.693    133.229 109.228370    21.6900     3.5264     0.0852     0.5076 4.1909e+01     1.0500      0.705      1.023    16.0435 0.0000e+00
      0.719     -0.001     6.6119     66.570    133.233 109.200479    21.6900     3.3623     0.0852     0.5076 4.1846e+01     0.9443      0.705      1.022    16.0297 0.0000e+00
      0.718     -0.002     6.6019     66.446    133.237 109.175316    21.6900     3.3738     0.0852     0.5076 4.1592e+01     0.9443      0.704      1.021    16.0150 0.0000e+00
      0.718     -0.003     6.5921     66.319    133.258 109.170160    21.6900     3.3585     0.0852     0.5499 4.1701e+01     0.8235      0.704      1.020    16.0014 0.0000e+00
      0.717     -0.004     6.5820     66.183    133.306 109.195632    21.6900     3.3585     0.0852     0.5499 4.1891e+01     1.0500      0.703      1.019    15.9889 0.0000e+00
      0.716     -0.004     6.5715     66.039    133.359 109.230532    21.6900     3.6027     0.0852     0.5499 4.2092e+01     1.0198      0.702      1.018    15.9771 0.0000e+00
      0.715     -0.004     6.5607     65.892    133.377 109.238185    21.6900     3.5836     0.0852     0.5499 4.2413e+01     1.0349      0.701      1.016    15.9665 0.0000e+00
      0.713     -0.003     6.5493     65.752    133.350 109.208636    21.6900     3.5950     0.0852     0.5499 4.2469e+01     0.9745      0.700      1.014    15.9582 0.0000e+00
      0.712     -0.002     6.5367     65.624    133.311 109.163993    21.6900     3.6027     0.0852     0.5076 4.2284e+01     1.0198      0.699      1.013    15.9529 0.0000e+00
      0.712     -0.002     6.5228     65.501    133.295 109.132339    21.6900     3.5950     0.0852     0.5076 4.2211e+01     0.8990      0.698      1.013    15.9497 0.0000e+00
      0.712     -0.001     6.5086     65.380    133.317 109.127224    21.6900     3.6141     0.0852     0.5076 4.2083e+01     1.0198      0.698      1.012    15.9472 0.0000e+00
      0.712     -0.001     6.4952     65.258    133.365 109.141284    21.6900     3.5989     0.0852     0.5076 4.2275e+01     0.9292      0.698      1.012    15.9442 0.0000e+00
      0.712     -0.001     6.4832     65.135    133.409 109.154277    21.6900     3.6027     0.0426     0.5499 4.2635e+01     0.9443      0.698      1.012    15.9395 0.0000e+00
      0.712     -0.000     6.4720     65.020    133.423 109.143675    21.6900     3.6675     0.0426     0.5499 4.3317e+01     1.0047      0.698      1.012    15.9326 0.0000e+00
      0.711     -0.000     6.4613     64.922    133.403 109.104652    21.6900     3.6637     0.0426     0.5499 4.3195e+01     0.9896      0.698      1.012    15.9239 0.0000e+00
      0.711     -0.000     6.4505     64.840    133.379 109.058789    21.6900     3.6408     0.0426     0.5499 4.3364e+01     0.8688      0.698      1.011    15.9146 0.0000e+00
      0.711      0.000     6.4395     64.766    133.374 109.027843    21.6900     3.6904     0.0852     0.6345 4.3223e+01     0.9594      0.698      1.011    15.9058 0.0000e+00
      0.711      0.000     6.4292     64.689    133.387 109.015556    21.6900     3.7362     0.0852     0.6345 4.3045e+01     0.9443      0.698      1.012    15.8977 0.0000e+00
      0.712      0.000     6.4207     64.605    133.414 109.018652    21.6900     3.7057     0.0852     0.6345 4.3045e+01     0.9443      0.698      1.012    15.8891 0.0000e+00
      0.712      0.000     6.4140     64.512    133.448 109.029956    21.6900     3.7171     0.0852     0.6345 4.3045e+01     0.8990      0.698      1.012    15.8793 0.0000e+00
      0.712      0.000     6.4080     64.408    133.468 109.030493    21.6900     3.7286     0.0852     0.6345 4.3082e+01     0.9896      0.698      1.012    15.8693 0.0000e+00
      0.711      0.000     6.4016     64.300    133.470 109.014405    21.6900     3.5569     0.1278     0.5499 4.3458e+01     0.9896      0.698      1.012    15.8607 0.0000e+00
      0.711      0.000     6.3943     64.194    133.471 108.995398    21.6900     3.5302     0.1278     0.5499 4.3591e+01     0.9443      0.698      1.011    15.8536 0.0000e+00
      0.711      0.000     6.3859     64.092    133.480 108.982395    21.6900     3.5187     0.1278     0.5499 4.3648e+01     1.0500      0.698      1.011    15.8473 0.0000e+00
      0.711      0.000     6.3765     63.994    133.499 108.979926    21.6900     3.5378     0.1278     0.5499 4.3515e+01     1.0198      0.698      1.011    15.8412 0.0000e+00
      0.711      0.000     6.3666     63.893    133.522 108.987331    21.6900     3.4844     0.1278     0.6345 4.3619e+01     0.8688      0.698      1.012    15.8347 0.0000e+00
      0.712      0.000     6.3571     63.784    133.539 108.994590    21.6900     3.4768     0.1278     0.6345 4.3487e+01     0.9745      0.698      1.012    15.8274 0.0000e+00
      0.712      0.000     6.3481     63.668    133.540 108.991641    21.6900     3.4730     0.1278     0.6345 4.3553e+01     0.9745      0.698      1.012    15.8198 0.0000e+00
      0.712      0.000     6.3392     63.547    133.526 108.977699    21.6900     3.4653     0.1278     0.6345 4.3657e+01     0.8235      0.698      1.012    15.8132 0.0000e+00
      0.711      0.000     6.3299     63.423    133.501 108.953045    21.7800     3.4615     0.1278     0.6768 4.3828e+01     0.9594      0.697      1.011    15.8087 0.0000e+00
      0.711      0.000     6.3194     63.298    133.465 108.919101    21.7800     3.4806     0.1278     0.6768 4.3914e+01     0.9443      0.697      1.011    15.8062 0.0000e+00
      0.711      0.000     6.3081     63.179    133.443 108.894804    21.7800     3.4806     0.1278     0.6768 4.3752e+01     1.0198      0.697      1.011    15.8049 0.0000e+00
      0.711      0.000     6.2962     63.063    133.449 108.893670    21.7800     3.4730     0.1278     0.6768 4.3771e+01     0.9745      0.697      1.011    15.8038 0.0000e+00
      0.711     -0.001     6.2840     62.932    133.471 108.907396    21.7800     3.4882     0.1278     0.5922 4.3685e+01     0.8990      0.697      1.011    15.8024 0.0000e+00
      0.711     -0.001     6.2719     62.789    133.500 108.927649    21.7800     3.4882     0.1278     0.5922 4.3676e+01     1.0954      0.697      1.011    15.8005 0.0000e+00
      0.710     -0.001     6.2605     62.646    133.520 108.943834    21.7800     3.4768     0.1278     0.5922 4.3534e+01     0.9896      0.697      1.010    15.7983 0.0000e+00
      0.710     -0.001     6.2492     62.511    133.516 108.940275    21.7800     3.4882     0.1278     0.5922 4.3487e+01     0.9443      0.696      1.010    15.7961 0.0000e+00
      0.709      0.000     6.2365     62.390    133.486 108.916023    21.7800     3.6294     0.1278     0.5922 4.3771e+01     0.9141      0.696      1.009    15.7943 0.0000e+00
      0.709      0.000     6.2225     62.285    133.455 108.888601    21.6900     3.6065     0.0852     0.5499 4.4105e+01     0.9443      0.696      1.008    15.7933 0.0000e+00
      0.709      0.001     6.2083     62.192    133.441 108.874690    21.6900     3.5989     0.0852     0.5499 4.4172e+01     1.0500      0.696      1.009    15.7930 0.0000e+00
      0.710      0.001     6.1949     62.103    133.445 108.874577    21.6900     3.5874     0.0852     0.5499 4.4220e+01     0.8990      0.696      1.009    15.7931 0.0000e+00
      0.710      0.001     6.1829     62.010    133.455 108.880235    21.6900     3.6027     0.0852     0.5499 4.4067e+01     0.9594      0.697      1.010    15.7930 0.0000e+00
      0.710      0.001     6.1726     61.910    133.464 108.885176    21.7800     3.5645     0.0852     0.5499 4.3733e+01     0.9896      0.697      1.011    15.7923 0.0000e+00
      0.711      0.001     6.1636     61.801    133.465 108.882721    21.7800     3.5912     0.0852     0.5499 4.3468e+01     0.9896      0.697      1.011    15.7912 0.0000e+00
      0.711      0.001     6.1549     61.689    133.453 108.868216    21.7800     3.6141     0.0852     0.5499 4.3553e+01     1.0198      0.697      1.011    15.7900 0.0000e+00
      0.711      0.001     6.1458     61.579    133.434 108.845789    21.7800     3.5340     0.0852     0.5499 4.3800e+01     0.9443      0.697      1.011    15.7890 0.0000e+00
      0.711      0.001     6.1360     61.468    133.419 108.825456    21.6900     3.5493     0.0852     0.5922 4.4038e+01     0.8688      0.697      1.011    15.7882 0.0000e+00
      0.711      0.002     6.1254     61.356    133.416 108.813787    21.6900     3.5454     0.0852     0.5922 4.4009e+01     0.9896      0.697      1.011    15.7870 0.0000e+00
      0.712      0.002     6.1145     61.239    133.425 108.811671    21.6900     3.5607     0.0852     0.5922 4.4000e+01     0.9745      0.698      1.012    15.7852 0.0000e+00
      0.713      0.003     6.1038     61.110    133.438 108.814543    21.6900     3.5416     0.0852     0.5922 4.3819e+01     0.9745      0.699      1.013    15.7826 0.0000e+00
      0.714      0.003     6.0933     60.966    133.452 108.819170    21.6900     3.5378     0.0852     0.5922 4.3895e+01     0.9896      0.700      1.015    15.7794 0.0000e+00
      0.715      0.004     6.0826     60.811    133.463 108.822788    21.7800     3.5302     0.0852     0.4230 4.3876e+01     1.0047      0.701      1.016    15.7760 0.0000e+00
      0.716      0.004     6.0715     60.647    133.467 108.822363    21.7800     3.5569     0.0852     0.4230 4.4124e+01     0.9745      0.702      1.018    15.7727 0.0000e+00
      0.717      0.004     6.0592     60.481    133.468 108.821780    21.7800     3.5569     0.0852     0.4230 4.4529e+01     0.9443      0.703      1.019    15.7697 0.0000e+00
      0.718      0.004     6.0452     60.327    133.463 108.816884    21.7800     3.5226     0.0852     0.4230 4.4519e+01     0.9594      0.704      1.021    15.7672 0.0000e+00
      0.718      0.004     6.0300     60.202    133.445 108.802373    21.8700     3.5645     0.1278     0.6768 4.4394e+01     0.9745      0.704      1.022    15.7652 0.0000e+00
      0.719      0.003     6.0140     60.103    133.436 108.794368    21.8700     3.5454     0.1278     0.6768 4.4163e+01     0.9443      0.705      1.023    15.7638 0.0000e+00
      0.721      0.003     5.9976     60.021    133.452 108.806729    21.8700     3.5454     0.1278     0.6768 4.4423e+01     0.9443      0.707      1.025    15.7632 0.0000e+00
      0.722      0.002     5.9824     59.946    133.486 108.834755    21.8700     3.5416     0.1278     0.6768 4.4413e+01     1.0047      0.708      1.027    15.7630 0.0000e+00
      0.722      0.002     5.9700     59.885    133.525 108.869926    21.7800     3.5416     0.0852     0.5922 4.4394e+01     1.0198      0.708      1.028    15.7628 0.0000e+00
      0.722      0.001     5.9603     59.849    133.547 108.893631    21.7800     3.5226     0.0852     0.5922 4.4413e+01     0.9292      0.708      1.028    15.7625 0.0000e+00
      0.722      0.001     5.9521     59.850    133.529 108.884201    21.7800     3.4730     0.0852     0.5922 4.4762e+01     1.0349      0.708      1.028    15.7623 0.0000e+00
      0.722      0.001     5.9447     59.890    133.498 108.859116    21.7800     3.4501     0.0852     0.5922 4.5064e+01     1.0652      0.708      1.028    15.7625 0.0000e+00
      0.723      0.002     5.9384     59.964    133.506 108.855670    21.7800     3.5035     0.0852     0.5076 4.4801e+01     0.9292      0.709      1.028    15.7637 0.0000e+00
      0.724      0.002     5.9346     60.062    133.563 108.880943    21.7800     3.4806     0.0852     0.5076 4.5211e+01     0.9292      0.710      1.029    15.7659 0.0000e+00
      0.725      0.002     5.9344     60.174    133.654 108.925678    21.7800     3.4653     0.0852     0.5076 4.5497e+01     0.6573      0.711      1.031    15.7680 0.0000e+00
      0.726      0.002     5.9384     60.306    133.752 108.977811    21.7800     3.4920     0.0852     0.5076 4.5566e+01     0.7781      0.712      1.032    15.7680 0.0000e+00
      0.726      0.002     5.9462     60.469    133.820 109.013255    21.7800     3.4653     0.0852     0.5076 4.5755e+01     0.6271      0.712      1.033    15.7644 0.0000e+00
      0.726      0.002     5.9569     60.673    133.830 109.009474    21.8700     3.5035     0.1278     0.5076 4.5576e+01     0.7026      0.712      1.033    15.7565 0.0000e+00
      0.726      0.002     5.9695     60.923    133.798 108.973455    21.8700     3.4386     0.1278     0.5076 4.5636e+01     0.9443      0.712      1.033    15.7455 0.0000e+00
      0.726      0.003     5.9838     61.219    133.768 108.935582    21.8700     3.4234     0.1278     0.5076 4.5775e+01     1.0047      0.712      1.033    15.7349 0.0000e+00
      0.727      0.003     6.0009     61.548    133.774 108.919741    21.8700     3.4157     0.1278     0.5076 4.5557e+01     0.9292      0.713      1.034    15.7275 0.0000e+00
      0.729      0.004     6.0218     61.894    133.827 108.933704    21.8700     3.4310     0.0852     0.6345 4.6084e+01     0.9292      0.715      1.037    15.7231 0.0000e+00
