Data/DataNotYetUploadedToEDI/Raw_CTD/RawDownloads/102824_ccr88_S8188002.cnv
* Sea-Bird SBE19plus  Data File:
* FileName = C:\R\Reservoirs\Data\DataNotYetUploadedToEDI\Raw_CTD\RawDownloads\102824_ccr50_S8188_0002.hex
* Software version 2.8.0.119
* Temperature SN = 8188
* Conductivity SN = 8188
* System UpLoad Time = Oct 31 2024 10:22:46
* <ApplicationData>
* <Seaterm232>
# nquan = 16
# nvalues = 1303                        
# units = specified
# name 0 = depFM: Depth [fresh water, m]
# name 1 = dz/dtM: Descent Rate [m/s]
# name 2 = sbeox0Mg/L: Oxygen, SBE 43 [mg/l]
# name 3 = sbeox0PS: Oxygen, SBE 43 [% saturation]
# name 4 = specc: Specific Conductance [uS/cm]
# name 5 = c0uS/cm: Conductivity [uS/cm]
# name 6 = wetCDOM: Fluorescence, WET Labs CDOM [mg/m^3]
# name 7 = flECO-AFL: Fluorescence, WET Labs ECO-AFL/FL [mg/m^3]
# name 8 = flECO-AFL1: Fluorescence, WET Labs ECO-AFL/FL, 2 [mg/m^3]
# name 9 = flECO-AFL2: Fluorescence, WET Labs ECO-AFL/FL, 3 [mg/m^3]
# name 10 = par/sat/log: PAR/Logarithmic, Satlantic
# name 11 = turbWETntu0: Turbidity, WET Labs ECO [NTU]
# name 12 = prdM: Pressure, Strain Gauge [db]
# name 13 = prdE: Pressure, Strain Gauge [psi]
# name 14 = tv290C: Temperature [ITS-90, deg C]
# name 15 = flag:  0.000e+00
# span 0 =     -0.355,     10.652       
# span 1 =     -0.339,      0.153       
# span 2 =     4.4258,    10.9777       
# span 3 =     44.647,    112.472       
# span 4 =   -577.335,    135.362       
# span 5 =-473.833893, 112.387470       
# span 6 =    -4.5000,    30.6000       
# span 7 =    -1.8791,   245.1568       
# span 8 =    -5.3250,     1.7040       
# span 9 =    -3.5532,     7.1064       
# span 10 = 2.4774e-01, 1.6615e+03      
# span 11 =    -0.5966,   971.0642      
# span 12 =     -0.349,     10.446      
# span 13 =     -0.505,     15.151      
# span 14 =    15.4523,    16.5412      
# span 15 = 0.0000e+00, 0.0000e+00      
# interval = seconds: 0.25
# start_time = Oct 28 2024 10:39:34 [Instrument's time stamp, header]
# bad_flag = -9.990e-29
*END*
[from data line 543]
      3.226      0.034     9.5426     97.586    135.247 112.211935    22.3200     4.0986     0.0852     0.5922 7.3880e+01     1.3371      3.164      4.588    16.4795 0.0000e+00
      3.235      0.036     9.5415     97.546    135.244 112.209694    22.3200     4.0604     0.0852     0.5922 7.3066e+01     1.2615      3.173      4.601    16.4796 0.0000e+00
      3.245      0.037     9.5388     97.510    135.255 112.218896    22.3200     4.1100     0.0852     0.5922 7.2670e+01     1.2464      3.182      4.615    16.4798 0.0000e+00
      3.255      0.037     9.5352     97.481    135.273 112.233998    22.3200     4.1024     0.0852     0.5922 7.3114e+01     1.2464      3.192      4.629    16.4799 0.0000e+00
      3.264      0.036     9.5313     97.463    135.269 112.231031    22.3200     4.1100     0.0852     0.5499 7.2151e+01     1.2615      3.201      4.643    16.4800 0.0000e+00
      3.274      0.035     9.5274     97.459    135.233 112.201207    22.3200     4.1787     0.0852     0.5499 7.0954e+01     1.1709      3.211      4.656    16.4802 0.0000e+00
      3.283      0.033     9.5238     97.460    135.185 112.160567    22.3200     4.1558     0.0852     0.5499 7.0600e+01     1.2766      3.220      4.670    16.4803 0.0000e+00
      3.292      0.031     9.5210     97.447    135.161 112.140266    22.3200     4.1444     0.0852     0.5499 7.0447e+01     1.2615      3.228      4.682    16.4804 0.0000e+00
      3.299      0.029     9.5192     97.411    135.173 112.148887    22.3200     4.0223     0.0852     0.5499 7.0431e+01     0.9745      3.235      4.692    16.4804 0.0000e+00
      3.306      0.027     9.5189     97.359    135.181 112.154735    22.3200     4.0108     0.0852     0.6345 7.0661e+01     0.9896      3.242      4.702    16.4803 0.0000e+00
      3.312      0.026     9.5190     97.309    135.177 112.151372    22.3200     4.0223     0.0852     0.6345 7.1062e+01     1.0349      3.248      4.710    16.4802 0.0000e+00
      3.318      0.026     9.5177     97.279    135.188 112.159897    22.3200     4.0337     0.0852     0.6345 7.0815e+01     0.8990      3.254      4.719    16.4799 0.0000e+00
      3.324      0.027     9.5143     97.281    135.204 112.172585    22.3200     4.0375     0.0852     0.6345 7.0294e+01     0.9745      3.260      4.728    16.4796 0.0000e+00
      3.331      0.029     9.5093     97.324    135.212 112.178823    22.3200     4.0261     0.0852     0.6345 7.0202e+01     0.9594      3.266      4.737    16.4793 0.0000e+00
      3.338      0.031     9.5045     97.406    135.218 112.184272    22.3200     4.0070     0.0852     0.6345 6.9837e+01     0.9141      3.274      4.748    16.4791 0.0000e+00
      3.347      0.033     9.5015     97.513    135.235 112.198384    22.3200     4.0375     0.0852     0.6345 7.0111e+01     0.9443      3.282      4.760    16.4790 0.0000e+00
      3.355      0.036     9.5018     97.627    135.261 112.220924    22.3200     4.1100     0.0852     0.6345 6.9686e+01     1.2766      3.290      4.772    16.4789 0.0000e+00
      3.364      0.039     9.5060     97.735    135.285 112.241905    22.3200     4.0948     0.0852     0.5922 6.9308e+01     1.1256      3.299      4.785    16.4788 0.0000e+00
      3.375      0.040     9.5140     97.822    135.281 112.238928    22.3200     4.1100     0.0852     0.5922 6.8619e+01     1.1709      3.309      4.800    16.4787 0.0000e+00
      3.386      0.041     9.5245     97.876    135.243 112.207199    22.3200     4.0871     0.0852     0.5922 6.6882e+01     1.2615      3.320      4.816    16.4789 0.0000e+00
      3.398      0.041     9.5356     97.900    135.208 112.178249    22.3200     4.2588     0.0852     0.5922 6.6260e+01     1.3673      3.332      4.832    16.4792 0.0000e+00
      3.409      0.039     9.5460     97.893    135.187 112.160356    22.4100     4.2779     0.0852     0.6345 6.5987e+01     1.2011      3.343      4.848    16.4796 0.0000e+00
      3.419      0.037     9.5544     97.855    135.164 112.140749    22.4100     4.2741     0.0852     0.6345 6.5529e+01     1.2615      3.353      4.862    16.4798 0.0000e+00
      3.428      0.035     9.5597     97.789    135.143 112.122198    22.4100     4.2855     0.0852     0.6345 6.5715e+01     1.1709      3.361      4.875    16.4798 0.0000e+00
      3.436      0.032     9.5620     97.706    135.131 112.111754    22.4100     4.0452     0.0852     0.6345 6.5160e+01     0.9594      3.369      4.887    16.4797 0.0000e+00
      3.443      0.031     9.5614     97.620    135.133 112.112630    22.4100     4.0986     0.0852     0.6345 6.4920e+01     1.0803      3.377      4.897    16.4795 0.0000e+00
      3.451      0.029     9.5577     97.548    135.159 112.133058    22.3200     4.0604     0.1278     0.5922 6.4835e+01     0.9745      3.384      4.908    16.4792 0.0000e+00
      3.458      0.029     9.5514     97.496    135.201 112.166488    22.3200     4.1100     0.1278     0.5922 6.4892e+01     0.9896      3.391      4.918    16.4790 0.0000e+00
      3.465      0.028     9.5433     97.465    135.221 112.181843    22.3200     4.0910     0.1278     0.5922 6.4666e+01     1.0198      3.398      4.928    16.4787 0.0000e+00
      3.472      0.029     9.5350     97.463    135.211 112.173220    22.3200     4.1024     0.1278     0.5922 6.4610e+01     1.0047      3.405      4.938    16.4783 0.0000e+00
      3.479      0.029     9.5281     97.487    135.203 112.166312    22.3200     4.1024     0.0852     0.6345 6.4065e+01     0.9594      3.412      4.948    16.4779 0.0000e+00
      3.486      0.028     9.5230     97.525    135.214 112.175276    22.3200     4.0871     0.0852     0.6345 6.3843e+01     0.9594      3.419      4.959    16.4774 0.0000e+00
      3.494      0.028     9.5201     97.555    135.243 112.198503    22.3200     4.0719     0.0852     0.6345 6.2593e+01     0.9443      3.427      4.970    16.4770 0.0000e+00
      3.502      0.026     9.5199     97.565    135.278 112.226188    22.3200     4.1100     0.0852     0.6345 6.2879e+01     0.9443      3.434      4.981    16.4768 0.0000e+00
      3.509      0.024     9.5223     97.557    135.298 112.241720    22.3200     4.0795     0.0852     0.7191 6.2240e+01     1.0500      3.441      4.991    16.4767 0.0000e+00
      3.515      0.021     9.5260     97.539    135.303 112.245242    22.3200     4.0948     0.0852     0.7191 6.1916e+01     0.9443      3.447      4.999    16.4765 0.0000e+00
      3.519      0.018     9.5290     97.517    135.291 112.233692    22.3200     4.0757     0.0852     0.7191 6.2010e+01     0.9745      3.452      5.006    16.4763 0.0000e+00
      3.523      0.015     9.5300     97.491    135.255 112.201992    22.3200     3.9536     0.0852     0.7191 6.2213e+01     0.8839      3.455      5.011    16.4759 0.0000e+00
      3.526      0.013     9.5293     97.452    135.225 112.175681    22.3200     3.9536     0.0852     0.7191 6.2497e+01     0.9443      3.458      5.015    16.4756 0.0000e+00
      3.529      0.012     9.5276     97.396    135.210 112.161740    22.2300     3.9727     0.0852     0.5499 6.2811e+01     0.9745      3.461      5.019    16.4752 0.0000e+00
      3.531      0.011     9.5256     97.325    135.188 112.142454    22.2300     3.9460     0.0852     0.5499 6.2688e+01     0.8990      3.463      5.023    16.4747 0.0000e+00
      3.534      0.011     9.5232     97.260    135.166 112.122679    22.2300     4.0032     0.0852     0.5499 6.2402e+01     1.0500      3.466      5.026    16.4741 0.0000e+00
      3.537      0.011     9.5195     97.225    135.158 112.115137    22.2300     4.0223     0.0852     0.5499 6.2308e+01     1.0047      3.468      5.030    16.4734 0.0000e+00
      3.540      0.013     9.5142     97.225    135.150 112.107819    22.3200     4.0108     0.0852     0.5499 6.2348e+01     0.9292      3.471      5.035    16.4728 0.0000e+00
      3.543      0.015     9.5073     97.254    135.132 112.092775    22.3200     4.0223     0.0852     0.5499 6.2674e+01     0.8688      3.474      5.039    16.4724 0.0000e+00
      3.546      0.017     9.5011     97.309    135.120 112.083989    22.3200     3.9918     0.0852     0.5499 6.3139e+01     1.2464      3.478      5.044    16.4720 0.0000e+00
      3.550      0.021     9.4978     97.382    135.126 112.089116    22.3200     3.9727     0.0852     0.5499 6.3208e+01     1.3220      3.482      5.050    16.4716 0.0000e+00
      3.556      0.025     9.4978     97.455    135.137 112.099526    22.3200     3.9841     0.0426     0.6768 6.2430e+01     1.2615      3.487      5.057    16.4714 0.0000e+00
      3.563      0.030     9.5006     97.508    135.141 112.103997    22.3200     3.9651     0.0426     0.6768 6.1997e+01     1.2011      3.494      5.067    16.4714 0.0000e+00
      3.571      0.036     9.5060     97.529    135.144 112.107721    22.3200     4.2168     0.0426     0.6768 6.1970e+01     0.9443      3.502      5.079    16.4716 0.0000e+00
      3.581      0.042     9.5131     97.517    135.157 112.119690    22.3200     4.2359     0.0426     0.6768 6.1621e+01     0.9896      3.512      5.093    16.4719 0.0000e+00
      3.592      0.048     9.5201     97.478    135.166 112.127098    22.3200     4.2168     0.0852     0.5499 6.1287e+01     1.0047      3.523      5.109    16.4723 0.0000e+00
      3.605      0.054     9.5252     97.418    135.152 112.115925    22.3200     4.2245     0.0852     0.5499 6.0743e+01     0.8990      3.535      5.127    16.4728 0.0000e+00
      3.619      0.059     9.5271     97.339    135.134 112.101187    22.3200     4.0490     0.0852     0.5499 5.9931e+01     0.9745      3.549      5.147    16.4732 0.0000e+00
      3.635      0.064     9.5259     97.255    135.141 112.106947    22.3200     4.0528     0.0852     0.5499 5.8923e+01     1.0047      3.565      5.170    16.4735 0.0000e+00
      3.653      0.067     9.5220     97.182    135.161 112.122745    22.3200     4.0299     0.0852     0.5499 5.7820e+01     0.8990      3.582      5.196    16.4737 0.0000e+00
      3.672      0.068     9.5161     97.126    135.159 112.120799    22.3200     4.0452     0.1278     0.5076 5.6234e+01     0.9443      3.601      5.223    16.4738 0.0000e+00
      3.691      0.067     9.5084     97.081    135.148 112.110589    22.3200     4.0375     0.1278     0.5076 5.4501e+01     1.3220      3.620      5.250    16.4738 0.0000e+00
      3.709      0.065     9.5002     97.040    135.147 112.109387    22.3200     4.0070     0.1278     0.5076 5.3842e+01     1.2615      3.637      5.276    16.4737 0.0000e+00
      3.725      0.062     9.4931     97.012    135.158 112.118873    22.3200     4.0223     0.1278     0.5076 5.3737e+01     1.1709      3.653      5.299    16.4735 0.0000e+00
      3.740      0.059     9.4877     97.004    135.179 112.135578    22.3200     4.0719     0.0852     0.5922 5.3854e+01     1.1709      3.667      5.319    16.4733 0.0000e+00
      3.753      0.056     9.4833     97.012    135.187 112.141961    22.3200     4.0299     0.0852     0.5922 5.3924e+01     1.0047      3.680      5.338    16.4731 0.0000e+00
      3.766      0.056     9.4794     97.024    135.164 112.121727    22.3200     4.0528     0.0852     0.5922 5.3819e+01     0.8688      3.693      5.357    16.4730 0.0000e+00
      3.780      0.057     9.4767     97.029    135.111 112.077480    22.3200     4.0299     0.0852     0.5922 5.3295e+01     1.0349      3.707      5.376    16.4729 0.0000e+00
      3.794      0.060     9.4759     97.034    135.044 112.021414    22.3200     4.0185     0.0852     0.5922 5.2845e+01     0.9745      3.721      5.397    16.4727 0.0000e+00
      3.810      0.064     9.4767     97.055    134.954 111.946577    22.3200     4.0910     0.0852     0.5922 5.2274e+01     0.8990      3.736      5.419    16.4725 0.0000e+00
      3.827      0.067     9.4779     97.100    134.793 111.813016    22.3200     4.0871     0.0852     0.5922 5.1429e+01     0.7630      3.753      5.443    16.4723 0.0000e+00
      3.845      0.068     9.4785     97.164    134.495 111.565120    22.3200     4.1062     0.0852     0.5922 5.0313e+01     1.0198      3.771      5.469    16.4721 0.0000e+00
      3.864      0.068     9.4790     97.245    133.998 111.152779    22.3200     4.0986     0.0852     0.5922 4.8837e+01     0.9745      3.789      5.496    16.4719 0.0000e+00
      3.882      0.067     9.4810     97.334    133.206 110.496029    22.3200     4.2664     0.0852     0.6345 4.7777e+01     1.2313      3.807      5.522    16.4718 0.0000e+00
      3.900      0.065     9.4854     97.423    131.887 109.401742    22.3200     4.3008     0.0852     0.6345 4.7384e+01     1.1860      3.824      5.547    16.4718 0.0000e+00
      3.915      0.063     9.4917     97.500    129.634 107.532117    22.3200     4.2702     0.0852     0.6345 4.7497e+01     1.2313      3.840      5.569    16.4718 0.0000e+00
      3.930      0.061     9.4996     97.547    125.842 104.386586    22.3200     4.2855     0.0852     0.6345 4.7642e+01     1.1709      3.854      5.590    16.4718 0.0000e+00
      3.944      0.060     9.5083     97.555    119.526  99.146338    22.4100     4.0261     0.1278     0.6345 4.7261e+01     1.2464      3.868      5.610    16.4717 0.0000e+00
      3.958      0.060     9.5171     97.528    109.010  90.421971    22.4100     4.0452     0.1278     0.6345 4.7220e+01     1.2162      3.882      5.630    16.4717 0.0000e+00
      3.974      0.060     9.5246     97.471     91.494  75.890988    22.4100     4.0223     0.1278     0.6345 4.6255e+01     1.2011      3.897      5.652    16.4716 0.0000e+00
      3.990      0.060     9.5292     97.389     62.314  51.682458    22.4100     4.0337     0.1278     0.6345 4.4996e+01     1.1709      3.913      5.675    16.4716 0.0000e+00
      4.007      0.059     9.5300     97.288     13.683  11.336774    22.4100     4.2054     0.1278     0.5499 4.4220e+01     0.9141      3.929      5.699    16.4716 0.0000e+00
      4.023      0.057     9.5273     97.184    -67.383 -55.916912    22.4100     4.2207     0.1278     0.5499 4.3981e+01     1.0349      3.945      5.721    16.4716 0.0000e+00
      4.037      0.054     9.5219     97.095   -202.482-167.996917    22.4100     4.2168     0.1278     0.5499 4.3439e+01     1.0047      3.959      5.742    16.4716 0.0000e+00
      4.050      0.050     9.5138     97.033   -427.617-354.771249    22.4100     4.2092     0.1278     0.5499 4.3213e+01     1.0047      3.972      5.761    16.4714 0.0000e+00
      4.063      0.046     9.5041     96.998   -568.332-471.509940    22.4100     4.0833     0.0852     0.4230 4.2746e+01     1.0954      3.984      5.778    16.4712 0.0000e+00
      4.074      0.043     9.4940     96.987   -427.660-354.806854    22.4100     4.0948     0.0852     0.4230 4.2644e+01     0.9745      3.995      5.794    16.4710 0.0000e+00
      4.084      0.039     9.4855     97.003   -202.577-168.075622    22.4100     4.1024     0.0852     0.4230 4.2386e+01     0.9594      4.005      5.809    16.4708 0.0000e+00
      4.093      0.036     9.4798     97.052    -67.538 -56.045707    22.4100     4.1024     0.0852     0.4230 4.2074e+01     0.9141      4.014      5.822    16.4707 0.0000e+00
      4.102      0.034     9.4765     97.129     13.486  11.171532    22.4100     4.0185     0.0852     0.4230 4.1909e+01     0.8839      4.023      5.834    16.4707 0.0000e+00
      4.110      0.033     9.4753     97.216     62.108  51.508690    22.3200     4.0375     0.0852     0.6345 4.1818e+01     0.9896      4.030      5.845    16.4708 0.0000e+00
      4.117      0.032     9.4765     97.297     91.300  75.726344    22.3200     4.0261     0.0852     0.6345 4.1919e+01     1.0198      4.038      5.856    16.4708 0.0000e+00
      4.125      0.033     9.4812     97.364    108.850  90.286532    22.3200     4.0261     0.0852     0.6345 4.1973e+01     0.8990      4.045      5.866    16.4708 0.0000e+00
