Data/DataNotYetUploadedToEDI/Raw_CTD/RawDownloads/102924_fcr50_S7809010.cnv
* Sea-Bird SBE19plus  Data File:
* FileName = C:\R\Reservoirs\Data\DataNotYetUploadedToEDI\Raw_CTD\RawDownloads\102924_fcr50_S7809_0010.hex
* Software version 2.8.0.119
* Temperature SN = 7809
* Conductivity SN = 7809
* System UpLoad Time = Oct 29 2024 18:05:35
* <ApplicationData>
* <Seaterm232>
# nquan = 15
# nvalues = 1278                        
# units = specified
# name 0 = depFM: Depth [fresh water, m]
# name 1 = dz/dtM: Descent Rate [m/s]
# name 2 = sbeox0Mg/L: Oxygen, SBE 43 [mg/l]
# name 3 = sbeox0PS: Oxygen, SBE 43 [% saturation]
# name 4 = specc: Specific Conductance [uS/cm]
# name 5 = c0uS/cm: Conductivity [uS/cm]
# name 6 = flECO-AFL: Fluorescence, WET Labs ECO-AFL/FL [mg/m^3]
# name 7 = ph: pH
# name 8 = orp: Oxidation Reduction Potential [mV]
# name 9 = par/sat/log: PAR/Logarithmic, Satlantic
# name 10 = turbWETntu0: Turbidity, WET Labs ECO [NTU]
# name 11 = prdM: Pressure, Strain Gauge [db]
# name 12 = prdE: Pressure, Strain Gauge [psi]
# name 13 = tv290C: Temperature [ITS-90, deg C]
# name 14 = flag:  0.000e+00
# span 0 =     -0.530,      8.913       
# span 1 =     -0.194,      0.425       
# span 2 =     6.7805,    11.6665       
# span 3 =     66.807,    113.851       
# span 4 =      2.176,     52.019       
# span 5 =   1.707346,  41.160202       
# span 6 =    -1.1113,     6.0997       
# span 7 =      5.903,      7.460       
# span 8 =  -749.0797,  1161.9347       
# span 9 = 1.2363e-01, 5.8010e+02       
# span 10 =    -0.2535,    39.1095      
# span 11 =     -0.520,      8.742      
# span 12 =     -0.754,     12.679      
# span 13 =    14.0966,    14.9272      
# span 14 = 0.0000e+00, 0.0000e+00      
# interval = seconds: 0.25
# start_time = Oct 29 2024 10:33:02 [Instrument's time stamp, header]
# bad_flag = -9.990e-29
*END*
[from data line 97]
      0.186      0.000     9.2416     91.374     44.250  34.909818     3.5847      6.104   228.6886 2.8838e+02     5.6684      0.182      0.264    14.4401 0.0000e+00
      0.186      0.000     9.2943     91.305     44.234  34.898275     3.5897      6.108   227.5401 2.8936e+02     5.6720      0.183      0.265    14.4404 0.0000e+00
      0.186      0.000     9.3229     91.225     44.186  34.861476     3.6478      6.111   227.2669 2.8634e+02     5.7260      0.183      0.265    14.4413 0.0000e+00
      0.186      0.001     9.3301     91.157     44.165  34.845575     3.7295      6.115   227.7937 2.8330e+02     5.7405      0.182      0.264    14.4422 0.0000e+00
      0.186      0.001     9.3269     91.089     44.148  34.832905     3.7617      6.118   228.6612 2.7639e+02     5.6762      0.182      0.264    14.4430 0.0000e+00
      0.186      0.001     9.3177     90.995     44.150  34.835194     3.7711      6.121   229.7543 2.7527e+02     5.6656      0.183      0.265    14.4442 0.0000e+00
      0.186      0.001     9.3086     90.905     44.196  34.873251     3.7680      6.124   229.9109 2.8984e+02     5.7489      0.183      0.265    14.4449 0.0000e+00
      0.187      0.001     9.3016     90.840     44.245  34.912357     3.7409      6.126   229.1781 2.9783e+02     5.7955      0.184      0.266    14.4455 0.0000e+00
      0.188      0.001     9.2971     90.795     44.265  34.927334     3.7181      6.128   228.8957 2.8913e+02     5.7502      0.184      0.267    14.4469 0.0000e+00
      0.188      0.001     9.2851     90.866     44.266  34.927437     3.7001      6.130   229.1640 2.8090e+02     5.6801      0.185      0.268    14.4482 0.0000e+00
      0.188      0.001     9.2735     91.131     44.249  34.913604     3.6989      6.133   229.4967 2.8288e+02     5.6991      0.185      0.268    14.4492 0.0000e+00
      0.188      0.000     9.2702     91.344     44.215  34.886977     3.7365      6.135   229.9073 2.8960e+02     5.7409      0.184      0.267    14.4498 0.0000e+00
      0.189 1.8628e-08     9.2616     91.204     44.181  34.859292     3.7806      6.138   230.6003 2.9187e+02     5.7073      0.185      0.268    14.4492 0.0000e+00
      0.189 2.0490e-07     9.2603     90.754     44.149  34.832656     3.7830      6.140   231.4232 2.9260e+02     5.6342      0.185      0.268    14.4486 0.0000e+00
      0.189 2.0490e-07     9.2992     90.154     44.132  34.818709     3.7642      6.141   231.7688 2.9806e+02     5.5743      0.185      0.268    14.4485 0.0000e+00
      0.189 1.8627e-08     9.3397     89.456     44.131  34.817555     3.7791      6.142   231.5956 3.0049e+02     5.7350      0.185      0.268    14.4482 0.0000e+00
      0.188 1.6934e-09     9.3170     88.672     44.133  34.818697     3.8219      6.145   231.3080 2.9640e+02     6.0403      0.185      0.268    14.4471 0.0000e+00
      0.188 1.5395e-10     9.2651     87.837     44.150  34.832521     3.8398      6.147   231.3880 2.9261e+02     6.1228      0.184      0.267    14.4456 0.0000e+00
      0.188 1.3995e-11     9.2036     87.023     44.182  34.857804     3.8291      6.148   232.5645 2.9325e+02     6.0495      0.185      0.268    14.4446 0.0000e+00
      0.188 1.2724e-12     9.1319     86.320     44.198  34.870609     3.8340      6.150   234.2616 2.9740e+02     5.9730      0.185      0.268    14.4442 0.0000e+00
      0.188 1.1625e-13     9.0514     85.778     44.185  34.860447     3.8659      6.153   235.0436 2.9990e+02     5.8477      0.185      0.268    14.4440 0.0000e+00
      0.189 1.6913e-14     8.9629     85.341     44.187  34.861830     3.8978      6.156   234.8776 2.9943e+02     5.7292      0.185      0.269    14.4440 0.0000e+00
      0.189 7.1338e-14     8.8768     84.924     44.219  34.887325     3.9033      6.159   234.3206 2.9483e+02     5.6683      0.185      0.269    14.4440 0.0000e+00
      0.189 7.7429e-13     8.8016     84.489     44.253  34.914917     3.9001      6.161   234.6746 2.9184e+02     5.6917      0.185      0.268    14.4441 0.0000e+00
      0.188 8.5162e-12     8.7498     84.030     44.286  34.941652     3.9175      6.163   236.1466 2.9520e+02     5.8415      0.185      0.268    14.4444 0.0000e+00
      0.188 9.3678e-11     8.7088     83.561     44.305  34.956772     3.9475      6.164   236.9754 2.9708e+02     6.0110      0.185      0.268    14.4446 0.0000e+00
      0.188 1.0305e-09     8.6672     83.118     44.321  34.970844     3.9705      6.167   237.0393 2.9499e+02     6.0327      0.185      0.269    14.4450 0.0000e+00
      0.188 1.1335e-08     8.6224     82.676     44.338  34.984897     3.9638      6.169   237.0910 2.9277e+02     5.9341      0.184      0.268    14.4457 0.0000e+00
      0.188 1.2469e-07     8.5763     82.197     44.356  34.999790     3.9490      6.169   236.8250 2.9249e+02     5.8432      0.185      0.267    14.4465 0.0000e+00
      0.188 2.2859e-07     8.5243     81.666     44.386  35.024026     3.9491      6.170   236.6634 2.9400e+02     5.7875      0.185      0.268    14.4474 0.0000e+00
      0.188 1.2468e-07     8.4816     81.080     44.385  35.024140     3.9482      6.171   237.2881 2.9526e+02     5.7390      0.185      0.268    14.4483 0.0000e+00
      0.189 1.1335e-08     8.4382     80.509     44.355  35.001164     3.9476      6.171   237.9248 2.9605e+02     5.7009      0.185      0.268    14.4491 0.0000e+00
      0.189 1.0279e-09     8.3879     79.982     44.352  35.000019     3.9249      6.172   238.2534 2.9918e+02     5.6678      0.185      0.268    14.4501 0.0000e+00
      0.189 6.5689e-11     8.3368     79.459     44.364  35.010297     3.8899      6.172   238.5077 3.0170e+02     5.6799      0.185      0.268    14.4509 0.0000e+00
      0.189 -2.994e-10     8.2712     78.927     44.348  34.998534     3.8911      6.172   238.5899 3.0457e+02     5.7453      0.186      0.269    14.4519 0.0000e+00
      0.189 -3.386e-09     8.2117     78.399     44.330  34.984691     3.9141      6.173   238.2144 3.0606e+02     5.7755      0.185      0.268    14.4528 0.0000e+00
      0.189 -3.726e-08     8.1613     77.905     44.310  34.969817     3.9265      6.174   237.6680 3.0251e+02     5.7376      0.185      0.269    14.4537 0.0000e+00
      0.189 -4.098e-07     8.1070     77.464     44.278  34.945602     3.9247      6.176   237.8342 2.9982e+02     5.6626      0.185      0.268    14.4546 0.0000e+00
      0.189      0.000     8.0527     77.046     44.278  34.945696     3.9253      6.178   238.5027 2.9929e+02     5.6548      0.185      0.269    14.4552 0.0000e+00
      0.189      0.000     7.9971     76.626     44.309  34.970961     3.9422      6.179   239.1259 3.0076e+02     5.7116      0.185      0.269    14.4559 0.0000e+00
      0.189     -0.001     7.9455     76.213     44.342  34.997285     3.9541      6.180   239.4321 3.0211e+02     5.7001      0.185      0.269    14.4568 0.0000e+00
      0.189     -0.001     7.9021     75.813     44.358  35.010184     3.9436      6.182   238.5921 3.0166e+02     5.6179      0.185      0.268    14.4577 0.0000e+00
      0.188     -0.001     7.8608     75.405     44.344  35.000019     3.9323      6.184   236.9707 3.0076e+02     5.5723      0.185      0.268    14.4581 0.0000e+00
      0.187     -0.001     7.8169     75.005     44.344  35.001287     3.9433      6.185   236.3467 2.9888e+02     5.6267      0.184      0.267    14.4588 0.0000e+00
      0.187     -0.001     7.7735     74.631     44.374  35.025513     3.9843      6.187   236.9843 2.9820e+02     5.7287      0.183      0.266    14.4597 0.0000e+00
      0.186     -0.001     7.7351     74.274     44.390  35.039138     4.0363      6.189   237.8832 2.9775e+02     5.7468      0.183      0.265    14.4604 0.0000e+00
      0.186     -0.001     7.6916     73.924     44.389  35.039128     4.0567      6.191   237.7513 2.9666e+02     5.6756      0.183      0.265    14.4613 0.0000e+00
      0.186      0.000     7.6497     73.577     44.371  35.025399     4.0479      6.191   236.6798 2.9828e+02     5.6532      0.183      0.265    14.4621 0.0000e+00
      0.186 3.9132e-07     7.6126     73.236     44.338  35.000039     4.0639      6.191   236.1992 2.9980e+02     5.7829      0.183      0.265    14.4628 0.0000e+00
      0.186      0.000     7.5762     72.910     44.320  34.986301     4.1078      6.193   236.5005 2.9963e+02     5.9794      0.182      0.264    14.4637 0.0000e+00
      0.186      0.000     7.5405     72.593     44.319  34.986186     4.1208      6.195   236.9669 2.9976e+02     6.0145      0.183      0.265    14.4646 0.0000e+00
      0.186      0.001     7.5049     72.278     44.334  34.998647     4.1045      6.197   237.2783 2.9945e+02     5.8998      0.183      0.266    14.4652 0.0000e+00
      0.186      0.001     7.4693     71.988     44.347  35.010068     4.1017      6.198   237.5988 2.9830e+02     5.8219      0.183      0.265    14.4660 0.0000e+00
      0.187      0.001     7.4362     71.704     44.330  34.997386     4.1127      6.199   237.8300 2.9635e+02     5.7903      0.183      0.266    14.4669 0.0000e+00
      0.188      0.001     7.4051     71.405     44.298  34.972207     4.1205      6.200   237.5791 3.0014e+02     5.7565      0.184      0.267    14.4677 0.0000e+00
      0.188      0.001     7.3702     71.115     44.281  34.959422     4.1131      6.202   237.3193 3.0651e+02     5.7211      0.184      0.267    14.4685 0.0000e+00
      0.188      0.001     7.3420     70.850     44.292  34.969711     4.1061      6.202   237.3550 3.0293e+02     5.6698      0.184      0.267    14.4691 0.0000e+00
      0.188      0.001     7.3147     70.609     44.292  34.969701     4.1186      6.203   237.4084 2.9794e+02     5.6488      0.185      0.268    14.4698 0.0000e+00
      0.188      0.001     7.2819     70.379     44.278  34.959308     4.1319      6.206   238.1373 2.9826e+02     5.7054      0.184      0.267    14.4706 0.0000e+00
      0.188      0.001     7.2517     70.129     44.292  34.970949     4.1336      6.209   239.4571 2.9813e+02     5.7739      0.185      0.268    14.4715 0.0000e+00
      0.189      0.000     7.2251     69.883     44.307  34.983554     4.1311      6.211   239.9445 2.9729e+02     5.7599      0.185      0.268    14.4721 0.0000e+00
      0.189      0.000     7.2002     69.684     44.308  34.984813     4.1436      6.213   239.4700 2.9772e+02     5.7074      0.185      0.268    14.4727 0.0000e+00
      0.189      0.001     7.1790     69.500     44.309  34.986175     4.1846      6.216   238.7965 2.9937e+02     5.7187      0.185      0.268    14.4735 0.0000e+00
      0.189      0.001     7.1526     69.294     44.326  35.000028     4.2185      6.218   239.4584 2.9952e+02     5.7603      0.185      0.269    14.4741 0.0000e+00
      0.189      0.001     7.1235     69.063     44.358  35.025408     4.2200      6.220   241.3642 2.9811e+02     5.7668      0.185      0.268    14.4748 0.0000e+00
      0.189      0.001     7.1061     68.841     44.374  35.039251     4.2290      6.223   242.3941 2.9692e+02     5.7284      0.185      0.268    14.4754 0.0000e+00
      0.190      0.001     7.0886     68.665     44.375  35.040510     4.2601      6.225   242.5330 2.9615e+02     5.7056      0.186      0.270    14.4762 0.0000e+00
      0.190      0.001     7.0676     68.505     44.374  35.040625     4.2877      6.226   242.1830 2.9402e+02     5.7653      0.186      0.270    14.4769 0.0000e+00
      0.190      0.001     7.0429     68.329     44.373  35.040635     4.3136      6.226   241.5175 2.9133e+02     5.8010      0.187      0.271    14.4775 0.0000e+00
      0.191      0.001     7.0167     68.154     44.372  35.040636     4.3649      6.228   241.7141 2.9112e+02     5.7270      0.187      0.272    14.4783 0.0000e+00
      0.191      0.001     7.0018     68.001     44.371  35.040634     4.4255      6.230   242.7528 2.9136e+02     5.6569      0.188      0.272    14.4790 0.0000e+00
      0.191      0.001     6.9866     67.886     44.371  35.040624     4.4386      6.232   243.5801 2.9070e+02     5.6703      0.187      0.272    14.4797 0.0000e+00
      0.191      0.001     6.9671     67.786     44.370  35.040509     4.4324      6.234   243.8866 2.9009e+02     5.7180      0.188      0.272    14.4806 0.0000e+00
      0.192      0.001     6.9489     67.671     44.368  35.039252     4.4501      6.236   243.8783 2.8915e+02     5.7559      0.188      0.273    14.4814 0.0000e+00
      0.192      0.001     6.9318     67.556     44.349  35.025417     4.5028      6.238   243.8236 2.8796e+02     5.8884      0.189      0.273    14.4821 0.0000e+00
      0.192      0.000     6.9208     67.433     44.316  35.000142     4.5786      6.240   243.5688 2.8762e+02     6.1245      0.188      0.273    14.4828 0.0000e+00
      0.192 1.8626e-08     6.9135     67.300     44.299  34.987446     4.6171      6.241   243.1218 2.8845e+02     6.2875      0.188      0.273    14.4835 0.0000e+00
      0.192 2.0489e-07     6.8989     67.190     44.313  34.998802     4.6188      6.242   243.1511 2.8838e+02     6.3574      0.188      0.273    14.4843 0.0000e+00
      0.192 2.0475e-07     6.8881     67.088     44.327  35.010555     4.5903      6.243   243.7502 2.8636e+02     6.2517      0.189      0.274    14.4850 0.0000e+00
      0.192 1.6975e-08     6.8769     66.967     44.156  34.875760     4.5305      6.245   244.5157 2.8502e+02     6.0003      0.188      0.273    14.4855 0.0000e+00
      0.192 4.4784e-10     6.8593     66.807     43.616  34.447608     4.5030      6.247   244.8352 2.8524e+02     5.9141      0.189      0.274    14.4861 0.0000e+00
      0.192 4.9262e-09     6.8507     66.905     43.006  33.957866     4.5170      6.250   243.9129 2.8566e+02     5.9606      0.189      0.273    14.4869 0.0000e+00
      0.193 5.4188e-08     6.8399     68.252     42.712  33.712800     4.5576      6.252   242.6573 2.8589e+02     5.9146      0.189      0.274    14.4875 0.0000e+00
      0.193 5.9607e-07     6.8296     71.901     42.636  33.641667     4.6106      6.254   242.6449 2.8587e+02     5.7669      0.189      0.274    14.4879 0.0000e+00
      0.193      0.000     6.8115     77.894     42.598  33.605347     4.6260      6.255   243.1607 2.8572e+02     5.6443      0.189      0.274    14.4885 0.0000e+00
      0.193      0.000     6.7805     85.338     42.584  33.590871     4.6278      6.257   243.6457 2.8515e+02     5.6610      0.188      0.273    14.4801 0.0000e+00
      0.193      0.001     6.8691     93.200     42.591  33.593516     4.6651      6.259   243.5179 2.8492e+02     5.7305      0.189      0.274    14.4604 0.0000e+00
      0.193      0.001     7.2448    100.552     42.567  33.573888     4.7191      6.261   242.2188 2.8449e+02     5.7326      0.189      0.274    14.4461 0.0000e+00
      0.193      0.001     7.9001    106.604     42.529  33.543885     4.7399      6.262   241.4460 2.8339e+02     5.6858      0.190      0.275    14.4407 0.0000e+00
      0.194      0.001     8.6967    110.904     42.535  33.547979     4.7254      6.262   241.6595 2.8333e+02     5.6088      0.190      0.275    14.4369 0.0000e+00
      0.194      0.001     9.5305    113.277     42.553  33.559939     4.6930      6.263   242.3050 2.8285e+02     5.5883      0.191      0.276    14.4339 0.0000e+00
      0.194      0.001    10.3147    113.851     42.558  33.561595     4.6555      6.265   243.1417 2.8145e+02     5.6769      0.190      0.275    14.4331 0.0000e+00
      0.194      0.000    10.9444    113.199     42.568  33.567995     4.6389      6.267   243.1720 2.8230e+02     5.7578      0.190      0.277    14.4337 0.0000e+00
      0.194 1.8630e-08    11.3900    111.981     42.577  33.573875     4.6335      6.269   242.4137 2.8419e+02     5.7124      0.191      0.276    14.4323 0.0000e+00
      0.194 2.0493e-07    11.6332    110.594     42.572  33.569253     4.6243      6.272   241.9744 2.8409e+02     5.6406      0.190      0.275    14.4296 0.0000e+00
