Data/DataNotYetUploadedToEDI/Raw_CTD/RawDownloads/102924_fcr50_S7809010.cnv
* Sea-Bird SBE19plus  Data File:
* FileName = C:\R\Reservoirs\Data\DataNotYetUploadedToEDI\Raw_CTD\RawDownloads\102924_fcr50_S7809_0010.hex
* Software version 2.8.0.119
* Temperature SN = 7809
* Conductivity SN = 7809
* System UpLoad Time = Oct 29 2024 18:05:35
* <ApplicationData>
* <Seaterm232>
# nquan = 15
# nvalues = 1278                        
# units = specified
# name 0 = depFM: Depth [fresh water, m]
# name 1 = dz/dtM: Descent Rate [m/s]
# name 2 = sbeox0Mg/L: Oxygen, SBE 43 [mg/l]
# name 3 = sbeox0PS: Oxygen, SBE 43 [% saturation]
# name 4 = specc: Specific Conductance [uS/cm]
# name 5 = c0uS/cm: Conductivity [uS/cm]
# name 6 = flECO-AFL: Fluorescence, WET Labs ECO-AFL/FL [mg/m^3]
# name 7 = ph: pH
# name 8 = orp: Oxidation Reduction Potential [mV]
# name 9 = par/sat/log: PAR/Logarithmic, Satlantic
# name 10 = turbWETntu0: Turbidity, WET Labs ECO [NTU]
# name 11 = prdM: Pressure, Strain Gauge [db]
# name 12 = prdE: Pressure, Strain Gauge [psi]
# name 13 = tv290C: Temperature [ITS-90, deg C]
# name 14 = flag:  0.000e+00
# span 0 =     -0.530,      8.913       
# span 1 =     -0.194,      0.425       
# span 2 =     6.7805,    11.6665       
# span 3 =     66.807,    113.851       
# span 4 =      2.176,     52.019       
# span 5 =   1.707346,  41.160202       
# span 6 =    -1.1113,     6.0997       
# span 7 =      5.903,      7.460       
# span 8 =  -749.0797,  1161.9347       
# span 9 = 1.2363e-01, 5.8010e+02       
# span 10 =    -0.2535,    39.1095      
# span 11 =     -0.520,      8.742      
# span 12 =     -0.754,     12.679      
# span 13 =    14.0966,    14.9272      
# span 14 = 0.0000e+00, 0.0000e+00      
# interval = seconds: 0.25
# start_time = Oct 29 2024 10:33:02 [Instrument's time stamp, header]
# bad_flag = -9.990e-29
*END*
[from data line 193]
      0.194 2.2014e-08    11.5725    108.191     42.594  33.586564     4.5637      6.273   242.2816 2.8267e+02     5.9233      0.190      0.276    14.4250 0.0000e+00
      0.194 3.8948e-08    11.4385    107.326     42.580  33.575539     4.5279      6.274   242.5505 2.8191e+02     5.9785      0.191      0.276    14.4233 0.0000e+00
      0.194 4.0996e-07    11.2887    106.639     42.571  33.569138     4.5097      6.276   243.2637 2.8212e+02     5.9322      0.191      0.276    14.4226 0.0000e+00
      0.194      0.000    11.1470    106.076     42.575  33.572607     4.5104      6.278   244.0214 2.8351e+02     5.9107      0.190      0.276    14.4225 0.0000e+00
      0.194      0.000    11.0383    105.599     42.550  33.554038     4.5202      6.281   244.0544 2.8330e+02     5.9574      0.191      0.276    14.4226 0.0000e+00
      0.194      0.001    10.9513    105.223     42.525  33.534958     4.5284      6.283   243.5766 2.8180e+02     6.0184      0.191      0.276    14.4228 0.0000e+00
      0.195      0.001    10.8828    104.944     42.522  33.532244     4.5175      6.285   243.0626 2.8051e+02     5.9984      0.191      0.277    14.4235 0.0000e+00
      0.195      0.001    10.8276    104.717     42.509  33.521229     4.4801      6.286   243.0022 2.7976e+02     5.9217      0.191      0.277    14.4249 0.0000e+00
      0.195      0.001    10.7763    104.523     42.520  33.528661     4.4336      6.286   244.1367 2.7938e+02     5.8761      0.191      0.277    14.4262 0.0000e+00
      0.195      0.001    10.7383    104.388     42.560  33.558651     4.4129      6.286   245.8532 2.7904e+02     5.8569      0.192      0.278    14.4265 0.0000e+00
      0.195      0.000    10.7121    104.293     42.572  33.566621     4.4217      6.287   246.5492 2.7917e+02     5.8954      0.192      0.278    14.4261 0.0000e+00
      0.195 1.8474e-08    10.6904    104.177     42.568  33.561583     4.4156      6.289   246.1846 2.7983e+02     5.8964      0.192      0.278    14.4247 0.0000e+00
      0.195 2.0321e-07    10.6690    104.046     42.569  33.561178     4.3968      6.291   245.4889 2.8041e+02     5.8012      0.192      0.278    14.4229 0.0000e+00
      0.195 1.8628e-07    10.6558    103.951     42.570  33.561718     4.4031      6.291   245.1929 2.8033e+02     5.7683      0.192      0.278    14.4212 0.0000e+00
      0.196 9.7334e-15    10.6506    103.871     42.578  33.568110     4.4249      6.292   246.1334 2.7949e+02     5.7723      0.192      0.278    14.4197 0.0000e+00
      0.196 1.0707e-13    10.6386    103.782     42.586  33.575021     4.4434      6.295   247.6531 2.7872e+02     5.7132      0.192      0.278    14.4182 0.0000e+00
      0.196 1.1777e-12    10.6216    103.704     42.593  33.581837     4.4518      6.297   248.3392 2.7886e+02     5.6350      0.192      0.279    14.4164 0.0000e+00
      0.196 1.2955e-11    10.6142    103.622     42.598  33.587075     4.4433      6.297   248.4058 2.7916e+02     5.6463      0.193      0.279    14.4152 0.0000e+00
      0.196 1.4251e-10    10.6087    103.588     42.581  33.574915     4.4413      6.297   247.9428 2.7727e+02     5.7473      0.193      0.279    14.4155 0.0000e+00
      0.196 1.5676e-09    10.5944    103.631     42.563  33.561707     4.4606      6.299   247.0427 2.7492e+02     5.7628      0.192      0.278    14.4170 0.0000e+00
      0.196 1.7243e-08    10.5915    103.684     42.554  33.554267     4.4776      6.300   247.2447 2.7642e+02     5.6631      0.193      0.280    14.4185 0.0000e+00
      0.196 1.8968e-07    10.5780    103.749     42.548  33.548395     4.4710      6.302   248.4932 2.7823e+02     5.6011      0.193      0.279    14.4201 0.0000e+00
      0.196 2.2355e-07    10.5711    103.824     42.556  33.554154     4.4471      6.304   249.3173 2.7733e+02     5.6278      0.193      0.280    14.4215 0.0000e+00
      0.196 4.2674e-07    10.5829    103.880     42.566  33.560450     4.4386      6.306   249.3796 2.7582e+02     5.6788      0.192      0.279    14.4226 0.0000e+00
      0.196      0.000    10.5844    103.920     42.568  33.561074     4.4359      6.307   249.1602 2.7522e+02     5.6701      0.192      0.278    14.4230 0.0000e+00
      0.196      0.000    10.5919    103.943     42.569  33.561698     4.4141      6.308   249.0737 2.7611e+02     5.6251      0.193      0.279    14.4216 0.0000e+00
      0.196      0.001    10.6024    103.926     42.577  33.567995     4.3987      6.310   248.9360 2.7721e+02     5.6132      0.192      0.279    14.4197 0.0000e+00
      0.196      0.001    10.6073    103.883     42.583  33.573763     4.4006      6.311   248.7861 2.7783e+02     5.6292      0.193      0.280    14.4182 0.0000e+00
      0.196      0.001    10.6110    103.837     42.575  33.567999     4.4114      6.313   248.9826 2.7691e+02     5.6821      0.193      0.279    14.4174 0.0000e+00
      0.197      0.001    10.6160    103.793     42.566  33.561748     4.4219      6.314   249.4187 2.7535e+02     5.7057      0.194      0.280    14.4173 0.0000e+00
      0.198      0.001    10.6127    103.770     42.566  33.561634     4.4188      6.316   249.9296 2.7440e+02     5.6755      0.194      0.282    14.4174 0.0000e+00
      0.198      0.001    10.6070    103.773     42.575  33.566616     4.4150      6.316   249.3942 2.7330e+02     5.6589      0.195      0.283    14.4177 0.0000e+00
      0.198      0.000    10.6029    103.777     42.568  33.558538     4.4265      6.316   247.9352 2.7408e+02     5.6759      0.194      0.282    14.4186 0.0000e+00
      0.198 1.8626e-08    10.5966    103.759     42.533  33.527403     4.4415      6.317   247.4329 2.7616e+02     5.7100      0.194      0.281    14.4197 0.0000e+00
      0.198 2.0489e-07    10.5943    103.745     42.512  33.507379     4.4384      6.318   247.7087 2.7615e+02     5.6957      0.194      0.282    14.4200 0.0000e+00
      0.198 2.0475e-07    10.5955    103.740     42.513  33.506755     4.4212      6.319   248.3451 2.7599e+02     5.6386      0.194      0.281    14.4184 0.0000e+00
      0.198 1.6947e-08    10.5993    103.730     42.531  33.519857     4.4169      6.321   249.3626 2.7699e+02     5.6346      0.194      0.282    14.4145 0.0000e+00
      0.198 1.3995e-10    10.5956    103.731     42.556  33.538917     4.4280      6.323   248.9979 2.7634e+02     5.7166      0.194      0.282    14.4097 0.0000e+00
      0.198 1.5395e-09    10.5952    103.736     42.566  33.546876     4.4399      6.323   247.2054 2.7445e+02     5.7761      0.195      0.283    14.4060 0.0000e+00
      0.198 1.6934e-08    10.5972    103.741     42.573  33.552644     4.4436      6.323   246.4458 2.7391e+02     5.7387      0.195      0.282    14.4038 0.0000e+00
      0.199 1.8627e-07    10.5939    103.761     42.564  33.545213     4.4310      6.324   247.1272 2.7461e+02     5.6407      0.195      0.283    14.4028 0.0000e+00
      0.199 1.8627e-07    10.5953    103.780     42.532  33.520470     4.4210      6.326   247.9585 2.7441e+02     5.6149      0.195      0.283    14.4023 0.0000e+00
      0.198 1.6934e-08    10.5966    103.767     42.515  33.507253     4.4310      6.328   248.4100 2.7365e+02     5.7005      0.195      0.282    14.4019 0.0000e+00
      0.198 1.5395e-09    10.5956    103.741     42.520  33.512292     4.4359      6.328   248.1977 2.7408e+02     5.7199      0.195      0.282    14.4020 0.0000e+00
      0.198 1.3995e-10    10.5982    103.717     42.526  33.517956     4.4291      6.328   247.3702 2.7266e+02     5.6440      0.195      0.282    14.4021 0.0000e+00
      0.198 1.2723e-11    10.6023    103.671     42.518  33.512293     4.4483      6.329   246.7508 2.6960e+02     5.6024      0.195      0.283    14.4024 0.0000e+00
      0.198 1.1567e-12    10.5995    103.619     42.512  33.507262     4.4943      6.331   246.6456 2.6916e+02     5.6613      0.195      0.282    14.4032 0.0000e+00
      0.199 1.0523e-13    10.5945    103.567     42.528  33.520574     4.5184      6.333   246.9576 2.6912e+02     5.7416      0.195      0.283    14.4040 0.0000e+00
      0.199 1.0428e-14    10.5954    103.501     42.561  33.546368     4.5069      6.334   247.5987 2.6949e+02     5.7188      0.195      0.283    14.4050 0.0000e+00
      0.198 1.0428e-14    10.5884    103.446     42.585  33.565354     4.5048      6.335   248.0305 2.7049e+02     5.6248      0.194      0.282    14.4059 0.0000e+00
      0.198 1.0523e-13    10.5820    103.403     42.579  33.559795     4.5351      6.336   247.9618 2.7116e+02     5.5617      0.195      0.282    14.4063 0.0000e+00
      0.198 1.1566e-12    10.5799    103.375     42.557  33.542597     4.5647      6.337   247.7152 2.7200e+02     5.6046      0.195      0.282    14.4066 0.0000e+00
      0.199 1.2723e-11    10.5691    103.376     42.562  33.547751     4.5797      6.338   247.6293 2.7043e+02     5.7338      0.195      0.283    14.4065 0.0000e+00
      0.199 1.3995e-10    10.5657    103.397     42.574  33.558661     4.5758      6.338   247.5261 2.7091e+02     5.7575      0.195      0.283    14.4059 0.0000e+00
      0.199 1.5395e-09    10.5606    103.430     42.559  33.547627     4.5508      6.340   247.4130 2.7391e+02     5.6860      0.195      0.282    14.4057 0.0000e+00
      0.199 1.6934e-08    10.5566    103.470     42.551  33.541224     4.5351      6.342   248.1546 2.7461e+02     5.6890      0.195      0.283    14.4061 0.0000e+00
      0.199 1.8627e-07    10.5575    103.503     42.556  33.544694     4.5528      6.342   249.4371 2.7321e+02     5.7251      0.196      0.284    14.4076 0.0000e+00
      0.199 1.8627e-07    10.5593    103.522     42.533  33.526144     4.5809      6.342   249.8428 2.7049e+02     5.7134      0.196      0.284    14.4091 0.0000e+00
      0.199 1.6934e-08    10.5630    103.539     42.510  33.507263     4.5836      6.343   249.3602 2.7194e+02     5.6489      0.195      0.283    14.4096 0.0000e+00
      0.199 1.5397e-09    10.5668    103.554     42.510  33.506733     4.5693      6.344   248.6781 2.7418e+02     5.6284      0.195      0.283    14.4099 0.0000e+00
      0.199 1.4250e-10    10.5717    103.569     42.528  33.519742     4.5660      6.346   248.3924 2.7202e+02     5.7050      0.195      0.283    14.4096 0.0000e+00
      0.199 4.0715e-11    10.5721    103.586     42.552  33.537659     4.5689      6.348   249.4331 2.7211e+02     5.7551      0.195      0.283    14.4083 0.0000e+00
      0.199 3.0907e-10    10.5747    103.585     42.547  33.533034     4.5961      6.350   251.3667 2.7285e+02     5.7566      0.196      0.284    14.4076 0.0000e+00
      0.199 3.3872e-09    10.5765    103.560     42.539  33.527268     4.6540      6.350   252.3262 2.6898e+02     5.7909      0.196      0.284    14.4066 0.0000e+00
      0.199 3.7258e-08    10.5779    103.571     42.543  33.531381     4.6780      6.351   251.9152 2.6538e+02     5.8632      0.196      0.284    14.4052 0.0000e+00
      0.199 4.0984e-07    10.5806    103.640     42.528  33.519327     4.6775      6.352   251.0428 2.6628e+02     5.9476      0.195      0.283    14.4046 0.0000e+00
      0.199      0.000    10.5822    103.686     42.513  33.508407     4.6825      6.353   250.5544 2.6713e+02     5.9571      0.195      0.283    14.4041 0.0000e+00
      0.199      0.000    10.5761    103.698     42.535  33.526238     4.6790      6.353   251.1725 2.6596e+02     5.9102      0.196      0.284    14.4039 0.0000e+00
      0.199      0.001    10.5742    103.718     42.559  33.544590     4.6760      6.353   252.5793 2.6562e+02     5.8926      0.195      0.283    14.4046 0.0000e+00
      0.199      0.001    10.5879    103.746     42.553  33.539967     4.6716      6.354   253.3673 2.6583e+02     5.9146      0.196      0.284    14.4056 0.0000e+00
      0.200      0.001    10.5916    103.771     42.545  33.533784     4.6844      6.356   253.3870 2.6522e+02     6.0056      0.197      0.285    14.4065 0.0000e+00
      0.200      0.001    10.5894    103.792     42.543  33.533283     4.7139      6.358   253.0755 2.6424e+02     6.0714      0.196      0.285    14.4069 0.0000e+00
      0.200      0.002    10.5930    103.807     42.543  33.533898     4.7213      6.359   252.5260 2.6396e+02     6.0604      0.197      0.285    14.4067 0.0000e+00
      0.200      0.002    10.5961    103.816     42.552  33.541225     4.7154      6.359   252.3365 2.6471e+02     6.0779      0.197      0.285    14.4065 0.0000e+00
      0.201      0.002    10.5986    103.819     42.573  33.558432     4.7094      6.359   252.6765 2.6607e+02     6.0778      0.197      0.286    14.4067 0.0000e+00
      0.203      0.003    10.6008    103.809     42.564  33.551619     4.7073      6.359   253.1960 2.6652e+02     6.0252      0.199      0.288    14.4071 0.0000e+00
      0.204      0.004    10.6023    103.788     42.526  33.522290     4.7053      6.359   253.6270 2.6520e+02     5.9885      0.200      0.290    14.4079 0.0000e+00
      0.204      0.004    10.6023    103.760     42.524  33.521032     4.6862      6.359   253.7571 2.6255e+02     5.9410      0.200      0.290    14.4093 0.0000e+00
      0.205      0.004    10.6032    103.732     42.544  33.536415     4.6673      6.359   252.9623 2.6017e+02     5.8945      0.202      0.291    14.4101 0.0000e+00
      0.207      0.005    10.6022    103.716     42.520  33.517955     4.6692      6.359   251.7603 2.6120e+02     5.9046      0.204      0.294    14.4102 0.0000e+00
      0.208      0.008    10.5994    103.705     42.482  33.488163     4.6835      6.359   251.3561 2.6391e+02     5.9612      0.204      0.296    14.4101 0.0000e+00
      0.209      0.013    10.5968    103.694     42.488  33.493420     4.6822      6.358   251.3442 2.6164e+02     5.9985      0.204      0.295    14.4105 0.0000e+00
      0.212      0.019    10.5926    103.699     42.520  33.518077     4.6617      6.356   251.5317 2.5557e+02     5.9453      0.206      0.298    14.4108 0.0000e+00
      0.217      0.028    10.5916    103.711     42.540  33.532516     4.6429      6.352   252.0738 2.5121e+02     5.8989      0.212      0.308    14.4107 0.0000e+00
      0.225      0.038    10.5915    103.691     42.553  33.541108     4.6302      6.349   251.4461 2.4694e+02     5.9499      0.220      0.321    14.4108 0.0000e+00
      0.235      0.051    10.5884    103.625     42.577  33.558516     4.6249      6.348   249.6203 2.3945e+02     6.0152      0.229      0.332    14.4117 0.0000e+00
      0.248      0.062    10.5892    103.555     42.570  33.552655     4.6214      6.350   248.8411 2.2868e+02     6.0056      0.241      0.350    14.4119 0.0000e+00
      0.266      0.070    10.5932    103.532     42.545  33.533689     4.6699      6.354   249.2526 2.1567e+02     6.0042      0.259      0.376    14.4097 0.0000e+00
      0.289      0.075    10.5921    103.522     42.526  33.519527     4.7869      6.359   250.1213 2.0205e+02     6.1011      0.281      0.409    14.4070 0.0000e+00
      0.314      0.075    10.5845    103.498     42.513  33.508322     4.8621      6.366   251.2570 1.8989e+02     6.1525      0.308      0.448    14.4059 0.0000e+00
      0.336      0.070    10.5734    103.517     42.537  33.525097     4.8725      6.374   251.3682 1.8077e+02     6.1472      0.331      0.479    14.4048 0.0000e+00
      0.353      0.060    10.5737    103.575     42.545  33.532017     4.8869      6.382   250.2617 1.7460e+02     6.1053      0.348      0.504    14.4069 0.0000e+00
      0.365      0.050    10.5747    103.591     42.537  33.528537     4.9203      6.392   249.6653 1.7052e+02     5.9877      0.361      0.522    14.4093 0.0000e+00
      0.374      0.041    10.5681    103.524     42.555  33.546462     4.9523      6.402   250.2660 1.6723e+02     5.9205      0.368      0.532    14.4055 0.0000e+00
      0.382      0.036    10.5713    103.392     42.566  33.558430     4.9741      6.410   251.1577 1.6430e+02     5.9420      0.375      0.544    14.4020 0.0000e+00
      0.388      0.033    10.5815    103.240     42.551  33.546357     4.9253      6.417   251.6707 1.6313e+02     5.9402      0.381      0.552    14.4030 0.0000e+00
