Data/DataNotYetUploadedToEDI/Raw_CTD/RawDownloads/102924_fcr10_S7809011.cnv
* Sea-Bird SBE19plus  Data File:
* FileName = C:\R\Reservoirs\Data\DataNotYetUploadedToEDI\Raw_CTD\RawDownloads\102924_fcr50_S7809_0011.hex
* Software version 2.8.0.119
* Temperature SN = 7809
* Conductivity SN = 7809
* System UpLoad Time = Oct 29 2024 18:05:58
* <ApplicationData>
* <Seaterm232>
# nquan = 15
# nvalues = 808                         
# units = specified
# name 0 = depFM: Depth [fresh water, m]
# name 1 = dz/dtM: Descent Rate [m/s]
# name 2 = sbeox0Mg/L: Oxygen, SBE 43 [mg/l]
# name 3 = sbeox0PS: Oxygen, SBE 43 [% saturation]
# name 4 = specc: Specific Conductance [uS/cm]
# name 5 = c0uS/cm: Conductivity [uS/cm]
# name 6 = flECO-AFL: Fluorescence, WET Labs ECO-AFL/FL [mg/m^3]
# name 7 = ph: pH
# name 8 = orp: Oxidation Reduction Potential [mV]
# name 9 = par/sat/log: PAR/Logarithmic, Satlantic
# name 10 = turbWETntu0: Turbidity, WET Labs ECO [NTU]
# name 11 = prdM: Pressure, Strain Gauge [db]
# name 12 = prdE: Pressure, Strain Gauge [psi]
# name 13 = tv290C: Temperature [ITS-90, deg C]
# name 14 = flag:  0.000e+00
# span 0 =     -0.528,      2.645       
# span 1 =     -0.284,      0.196       
# span 2 =     6.7770,    12.0219       
# span 3 =     67.871,    117.591       
# span 4 =      1.072,     52.286       
# span 5 =   0.930393,  40.835615       
# span 6 =    -0.3438,   227.5532       
# span 7 =      6.208,     11.569       
# span 8 =  -782.6333,  1181.9966       
# span 9 = 3.9699e+00, 1.3764e+03       
# span 10 =    -8.0875,   198.8658      
# span 11 =     -0.519,      2.594      
# span 12 =     -0.753,      3.763      
# span 13 =    14.0341,    18.3985      
# span 14 = 0.0000e+00, 0.0000e+00      
# interval = seconds: 0.25
# start_time = Oct 29 2024 11:42:18 [Instrument's time stamp, header]
# bad_flag = -9.990e-29
*END*
[from data line 675]
      1.464     -0.061     9.6690     95.055     42.668  33.403560     4.4863      7.673   275.4223 3.9014e+01    16.4689      1.440      2.087    14.1312 0.0000e+00
      1.432     -0.059     9.7081     95.150     42.703  33.424532     4.4704      7.674   275.5350 4.1197e+01    14.8408      1.399      2.028    14.1295 0.0000e+00
      1.410     -0.050     9.7350     95.207     42.693  33.409330     4.4736      7.674   275.5020 4.1862e+01    14.7700      1.377      1.997    14.1361 0.0000e+00
      1.405     -0.035     9.7504     95.207     42.698  33.410078     4.4841      7.675   275.4538 4.1589e+01    15.2027      1.375      1.995    14.1455 0.0000e+00
      1.407     -0.019     9.7664     95.099     42.728  33.433573     4.4140      7.676   275.4688 4.1224e+01    20.2083      1.380      2.002    14.1435 0.0000e+00
      1.410     -0.009     9.7777     94.894     42.734  33.439633     4.2663      7.676   275.5110 4.1127e+01    29.4503      1.384      2.007    14.1321 0.0000e+00
      1.411     -0.014     9.7853     94.664     42.705  33.419898     4.1882      7.677   275.5335 4.1173e+01    34.4783      1.385      2.008    14.1223 0.0000e+00
      1.411     -0.034     9.7903     94.452     42.653  33.385301     4.1937      7.678   275.4836 4.1238e+01    34.7150      1.384      2.007    14.1190 0.0000e+00
      1.408     -0.060     9.7777     94.294     42.581  33.338555     4.1669      7.679   275.4234 4.1924e+01    31.9364      1.383      2.006    14.1201 0.0000e+00
      1.394     -0.085     9.7526     94.222     42.515  33.298805     4.0974      7.680   275.4075 4.4424e+01    26.6729      1.375      1.995    14.1220 0.0000e+00
      1.363     -0.100     9.7275     94.249     42.485  33.285366     4.0691      7.680   275.4638 4.8894e+01    23.8161      1.342      1.946    14.1242 0.0000e+00
      1.318     -0.104     9.7036     94.413     42.502  33.302967     4.0818      7.679   275.5874 5.4174e+01    23.4254      1.291      1.873    14.1297 0.0000e+00
      1.274     -0.098     9.6826     94.751     42.527  33.321290     4.1930      7.679   275.6113 5.8199e+01    21.6078      1.243      1.803    14.1426 0.0000e+00
      1.247     -0.087     9.6724     95.232     42.523  33.316571     4.4072      7.679   275.4088 5.9572e+01    18.3380      1.215      1.763    14.1597 0.0000e+00
      1.237     -0.078     9.6705     95.766     42.514  33.309347     4.5243      7.679   275.1178 5.9402e+01    16.5133      1.210      1.755    14.1721 0.0000e+00
      1.236     -0.074     9.6844     96.268     42.495  33.297396     4.5188      7.680   275.0188 5.9484e+01    16.5227      1.215      1.761    14.1764 0.0000e+00
      1.231     -0.077     9.7208     96.691     42.490  33.298965     4.4405      7.681   275.1583 6.1662e+01    19.2370      1.214      1.761    14.1734 0.0000e+00
      1.210     -0.081     9.7753     97.012     42.521  33.328322     4.3092      7.683   275.2558 6.6958e+01    24.2590      1.194      1.732    14.1693 0.0000e+00
      1.171     -0.083     9.8331     97.256     42.524  33.335137     4.2300      7.684   275.1652 7.3533e+01    27.0620      1.148      1.666    14.1702 0.0000e+00
      1.132     -0.079     9.8849     97.452     42.494  33.317932     4.1990      7.684   275.0947 7.8061e+01    28.2263      1.102      1.599    14.1742 0.0000e+00
      1.108     -0.069     9.9285     97.597     42.475  33.310642     4.0760      7.686   275.1778 7.9365e+01    39.2246      1.081      1.568    14.1812 0.0000e+00
      1.102     -0.054     9.9583     97.697     42.471  33.310442     3.7235      7.688   275.2236 7.9107e+01    59.5437      1.079      1.564    14.1876 0.0000e+00
      1.103     -0.042     9.9811     97.797     42.478  33.315522     3.3083      7.690   275.1322 7.9391e+01    70.6888      1.082      1.570    14.1899 0.0000e+00
      1.101     -0.039    10.0004     97.932     42.468  33.308617     3.1265      7.692   275.0189 8.1011e+01    71.7062      1.083      1.570    14.1992 0.0000e+00
      1.092     -0.047    10.0123     98.090     42.443  33.290390     3.1060      7.693   274.9720 8.3291e+01    71.5712      1.073      1.556    14.2128 0.0000e+00
      1.079     -0.059    10.0203     98.235     42.434  33.285476     3.1105      7.696   274.9097 8.6322e+01    69.7061      1.060      1.537    14.2133 0.0000e+00
      1.060     -0.068    10.0298     98.370     42.464  33.312659     3.1396      7.699   274.8684 9.1200e+01    66.4405      1.044      1.515    14.2101 0.0000e+00
      1.034     -0.069    10.0432     98.507     42.523  33.365284     3.1673      7.701   274.9887 9.7046e+01    64.6070      1.014      1.472    14.2126 0.0000e+00
      1.007     -0.062    10.0618     98.641     42.578  33.414219     3.2120      7.701   275.0733 1.0137e+02    63.3872      0.983      1.427    14.2139 0.0000e+00
      0.988     -0.051    10.0756     98.801     42.633  33.460224     3.5471      7.702   275.1174 1.0318e+02    52.0674      0.965      1.400    14.2158 0.0000e+00
      0.981     -0.040    10.0871     99.002     42.653  33.477432     4.1559      7.702   275.2635 1.0310e+02    31.4474      0.959      1.390    14.2204 0.0000e+00
      0.981     -0.032    10.1013     99.208     42.593  33.431944     4.5049      7.702   275.2917 1.0236e+02    20.2252      0.962      1.394    14.2274 0.0000e+00
      0.982     -0.032    10.1110     99.378     42.492  33.354345     4.5547      7.702   275.1137 1.0272e+02    18.9621      0.965      1.399    14.2365 0.0000e+00
      0.977     -0.042    10.1251     99.508     42.422  33.300514     4.6160      7.703   274.8330 1.0504e+02    16.1411      0.962      1.394    14.2407 0.0000e+00
      0.967     -0.059    10.1481     99.623     42.405  33.288622     4.7222      7.706   274.7367 1.0877e+02    11.1889      0.950      1.378    14.2404 0.0000e+00
      0.949     -0.074    10.1702     99.719     42.388  33.274016     4.7812      7.709   274.8950 1.1508e+02     8.5484      0.935      1.356    14.2432 0.0000e+00
      0.924     -0.082    10.1878     99.785     42.358  33.250796     4.7974      7.709   274.9404 1.2417e+02     8.5372      0.909      1.318    14.2441 0.0000e+00
      0.891     -0.081    10.1987     99.831     42.367  33.261644     4.7847      7.709   274.9412 1.3378e+02    10.5752      0.872      1.265    14.2455 0.0000e+00
      0.861     -0.071    10.2108     99.878     42.379  33.278292     4.7263      7.710   274.9911 1.4104e+02    14.2987      0.839      1.217    14.2487 0.0000e+00
      0.843     -0.055    10.2215     99.952     42.350  33.261765     4.6918      7.711   274.9414 1.4277e+02    16.3582      0.823      1.192    14.2464 0.0000e+00
      0.837     -0.036    10.2285    100.111     42.335  33.252153     4.6837      7.712   274.9421 1.4210e+02    16.7227      0.820      1.189    14.2440 0.0000e+00
      0.836     -0.020    10.2311    100.381     42.379  33.288964     4.6194      7.713   275.0860 1.4248e+02    18.6035      0.819      1.188    14.2485 0.0000e+00
      0.837     -0.014    10.2330    100.687     42.424  33.326193     4.5057      7.713   275.1324 1.4237e+02    22.0190      0.821      1.190    14.2605 0.0000e+00
      0.837     -0.022    10.2366    101.016     42.419  33.321623     4.4332      7.714   274.9010 1.4210e+02    23.8265      0.822      1.193    14.2694 0.0000e+00
      0.837     -0.041    10.2492    101.385     42.390  33.297160     4.4170      7.716   274.6109 1.4307e+02    23.9588      0.823      1.194    14.2685 0.0000e+00
      0.832     -0.064    10.2832    101.730     42.374  33.284185     4.4260      7.717   274.4642 1.4768e+02    23.8236      0.820      1.189    14.2706 0.0000e+00
      0.814     -0.081    10.3128    101.985     42.383  33.291628     4.4915      7.718   274.4180 1.5708e+02    21.4059      0.805      1.168    14.2750 0.0000e+00
      0.778     -0.088    10.3441    102.126     42.420  33.323717     4.5944      7.719   274.4821 1.7427e+02    16.8277      0.768      1.114    14.2733 0.0000e+00
      0.735     -0.086    10.3868    102.138     42.454  33.354945     4.6375      7.719   274.6381 1.9178e+02    14.2432      0.716      1.038    14.2711 0.0000e+00
      0.705     -0.076    10.4249    102.042     42.440  33.351993     4.6373      7.718   274.7556 1.9669e+02    13.8623      0.683      0.991    14.2702 0.0000e+00
      0.693     -0.065    10.4507    101.922     42.426  33.351470     4.7426      7.717   274.6977 1.9522e+02    12.9401      0.677      0.981    14.2708 0.0000e+00
      0.693     -0.058    10.4654    101.847     42.413  33.348636     4.9367      7.717   274.5404 1.9324e+02    11.2579      0.680      0.985    14.2744 0.0000e+00
      0.694     -0.058    10.4658    101.862     42.373  33.317745     5.0357      7.718   274.4876 1.9636e+02    10.2611      0.685      0.993    14.2784 0.0000e+00
      0.685     -0.063    10.4491    102.026     42.349  33.295193     5.0335      7.720   274.4906 2.0694e+02    10.3153      0.679      0.984    14.2882 0.0000e+00
      0.659     -0.068    10.4310    102.335     42.318  33.266284     4.9512      7.721   274.4901 2.2363e+02    12.4940      0.651      0.944    14.3038 0.0000e+00
      0.623     -0.068    10.4206    102.677     42.265  33.221978     4.8144      7.721   274.5677 2.4324e+02    16.4829      0.607      0.881    14.3135 0.0000e+00
      0.594     -0.063    10.4189    102.960     42.243  33.203589     4.7368      7.721   274.5684 2.5204e+02    18.6468      0.575      0.835    14.3137 0.0000e+00
      0.583     -0.058    10.4358    103.151     42.280  33.234277     4.6952      7.721   274.3262 2.5364e+02    18.9826      0.568      0.824    14.3076 0.0000e+00
      0.583     -0.054    10.4755    103.217     42.328  33.275808     4.5450      7.722   274.0482 2.4976e+02    20.8163      0.571      0.829    14.3009 0.0000e+00
      0.584     -0.053    10.5147    103.171     42.307  33.261633     4.3106      7.724   273.9603 2.4562e+02    24.1823      0.576      0.835    14.2978 0.0000e+00
      0.575     -0.055    10.5436    103.068     42.295  33.253233     4.2084      7.725   274.0383 2.6399e+02    26.0677      0.571      0.829    14.2964 0.0000e+00
      0.550     -0.058    10.5651    102.946     42.352  33.301122     4.2246      7.724   274.1307 2.8523e+02    26.2254      0.543      0.786    14.2984 0.0000e+00
      0.517     -0.059    10.5703    102.837     42.382  33.333116     4.2314      7.722   274.1316 2.9231e+02    26.1570      0.501      0.728    14.3041 0.0000e+00
      0.496     -0.058    10.5614    102.795     42.353  33.322863     4.2905      7.718   273.9621 2.9508e+02    26.3673      0.479      0.696    14.3065 0.0000e+00
      0.490     -0.056    10.5503    102.844     42.316  33.304052     4.4151      7.716   273.7171 2.9344e+02    26.8563      0.479      0.694    14.3075 0.0000e+00
      0.490     -0.051    10.5364    102.975     42.302  33.296012     4.4886      7.716   273.6644 2.9491e+02    27.1496      0.482      0.700    14.3096 0.0000e+00
      0.485     -0.046    10.5203    103.194     42.297  33.289102     4.4887      7.717   273.7548 3.0757e+02    27.2833      0.481      0.699    14.3191 0.0000e+00
      0.467     -0.043    10.5108    103.447     42.297  33.283950     4.3830      7.718   273.7774 3.3274e+02    28.1999      0.461      0.668    14.3376 0.0000e+00
      0.442     -0.041    10.5144    103.661     42.319  33.297157     4.1931      7.718   273.5942 3.6916e+02    29.8976      0.430      0.623    14.3513 0.0000e+00
      0.427     -0.042    10.5253    103.831     42.353  33.321902     4.0983      7.719   273.0884 3.9712e+02    30.8661      0.414      0.602    14.3543 0.0000e+00
      0.423     -0.052    10.5507    103.953     42.361  33.329355     4.1029      7.720   272.3939 3.9734e+02    30.7893      0.412      0.598    14.3497 0.0000e+00
      0.425     -0.071    10.5835    104.021     42.348  33.323836     4.1327      7.720   271.9081 3.9035e+02    28.4223      0.418      0.606    14.3421 0.0000e+00
      0.423     -0.091    10.6045    104.052     42.333  33.318626     4.1664      7.720   271.7747 3.8928e+02    24.0414      0.422      0.611    14.3363 0.0000e+00
      0.400     -0.106    10.6233    104.046     42.341  33.329804     4.1696      7.720   271.7271 4.1043e+02    21.7493      0.406      0.589    14.3334 0.0000e+00
      0.347     -0.113    10.6364    104.026     42.420  33.395557     4.1631      7.719   271.5911 4.7262e+02    22.5365      0.345      0.501    14.3346 0.0000e+00
      0.284     -0.112    10.6397    104.023     42.521  33.479198     4.0034      7.717   271.4203 5.6225e+02    33.0473      0.266      0.386    14.3411 0.0000e+00
      0.247     -0.103    10.6422    104.028     42.562  33.516348     3.6710      7.716   271.2114 6.0871e+02    52.2653      0.230      0.335    14.3500 0.0000e+00
      0.241     -0.087    10.6393    104.044     42.570  33.527510     3.4735      7.716   271.0440 6.0447e+02    62.6857      0.233      0.338    14.3560 0.0000e+00
      0.244     -0.064    10.6336    104.074     42.591  33.550717     3.4290      7.717   271.1169 6.7589e+02    63.5627      0.244      0.354    14.3594 0.0000e+00
      0.236     -0.043    10.6349    104.095     42.651  33.606617     3.3505      7.716   271.3179 7.2849e+02    62.8700      0.238      0.346    14.3646 0.0000e+00
      0.214     -0.027    10.6321    104.065     42.672  33.632412     3.2229      7.713   271.9264 6.6773e+02    61.2779      0.209      0.303    14.3705 0.0000e+00
      0.194     -0.015    10.6333    104.015     42.558  33.545388     3.1512      7.710   272.7092 6.2734e+02    60.2645      0.184      0.267    14.3757 0.0000e+00
      0.187     -0.001    10.6345    103.997     42.428  33.442638     3.1666      7.707   272.6091 6.1491e+02    59.5335      0.177      0.258    14.3819 0.0000e+00
      0.196      0.015    10.6373    103.959     42.372  33.405183     3.3249      7.703   272.0927 5.9218e+02    52.8498      0.190      0.274    14.3934 0.0000e+00
      0.216      0.028    10.6304    103.915     42.357  33.409742     3.6340      7.700   271.8859 5.4785e+02    40.6314      0.213      0.309    14.4080 0.0000e+00
      0.232      0.031    10.6178    103.929     42.361  33.434335     3.8504      7.697   271.7429 5.3343e+02    33.9569      0.232      0.337    14.4098 0.0000e+00
      0.241      0.021    10.6258    104.036     42.351  33.448784     3.9018      7.695   271.5680 5.6198e+02    33.2597      0.238      0.345    14.4029 0.0000e+00
      0.246     -0.004    10.6172    104.274     42.341  33.457583     3.8973      7.693   271.3210 5.3200e+02    32.9870      0.241      0.350    14.4105 0.0000e+00
      0.247     -0.044    10.6039    104.602     42.359  33.477305     3.8468      7.693   270.9932 5.2006e+02    31.7192      0.245      0.355    14.4328 0.0000e+00
      0.240     -0.093    10.6008    104.963     42.377  33.496925     3.7733      7.694   270.7014 5.5108e+02    29.4764      0.240      0.348    14.4583 0.0000e+00
      0.219     -0.141    10.5997    105.359     42.368  33.504480     3.7411      7.694   270.4599 5.6929e+02    28.2094      0.221      0.319    14.4902 0.0000e+00
      0.175     -0.178    10.6219    105.764     42.336  33.505225     3.7236      7.694   270.3115 6.8488e+02    27.9115      0.184      0.267    14.5132 0.0000e+00
      0.104     -0.197    10.6587    106.123     42.301  33.505960     3.5790      7.694   270.2832 8.4918e+02    26.7975      0.108      0.156    14.5128 0.0000e+00
      0.023     -0.192    10.6930    106.413     42.290  33.513410     3.3153      7.690   270.3755 7.4985e+02    24.9193      0.011      0.017    14.5138 0.0000e+00
     -0.042     -0.162    10.7307    106.615     42.313  33.531866     3.1654      7.685   270.5670 3.9987e+02    23.9556     -0.052     -0.074    14.5309 0.0000e+00
     -0.082     -0.114    10.7678    106.755     42.324  33.538776     3.1651      7.682   270.7067 2.0105e+02    23.9927     -0.087     -0.127    14.5631 0.0000e+00
