Data/DataNotYetUploadedToEDI/Raw_CTD/RawDownloads/102924_fcr30_S7809013.cnv
* Sea-Bird SBE19plus  Data File:
* FileName = C:\R\Reservoirs\Data\DataNotYetUploadedToEDI\Raw_CTD\RawDownloads\102924_fcr50_S7809_0013.hex
* Software version 2.8.0.119
* Temperature SN = 7809
* Conductivity SN = 7809
* System UpLoad Time = Oct 29 2024 18:06:59
* <ApplicationData>
* <Seaterm232>
# nquan = 15
# nvalues = 1195                        
# units = specified
# name 0 = depFM: Depth [fresh water, m]
# name 1 = dz/dtM: Descent Rate [m/s]
# name 2 = sbeox0Mg/L: Oxygen, SBE 43 [mg/l]
# name 3 = sbeox0PS: Oxygen, SBE 43 [% saturation]
# name 4 = specc: Specific Conductance [uS/cm]
# name 5 = c0uS/cm: Conductivity [uS/cm]
# name 6 = flECO-AFL: Fluorescence, WET Labs ECO-AFL/FL [mg/m^3]
# name 7 = ph: pH
# name 8 = orp: Oxidation Reduction Potential [mV]
# name 9 = par/sat/log: PAR/Logarithmic, Satlantic
# name 10 = turbWETntu0: Turbidity, WET Labs ECO [NTU]
# name 11 = prdM: Pressure, Strain Gauge [db]
# name 12 = prdE: Pressure, Strain Gauge [psi]
# name 13 = tv290C: Temperature [ITS-90, deg C]
# name 14 = flag:  0.000e+00
# span 0 =     -0.523,      5.494       
# span 1 =     -0.377,      0.263       
# span 2 =     7.0616,    12.0267       
# span 3 =     69.650,    117.255       
# span 4 =     -0.249,     44.654       
# span 5 =  -0.196754,  34.925919       
# span 6 =    -0.1937,     6.9817       
# span 7 =      4.468,      8.008       
# span 8 =  -265.7069,  1235.8070       
# span 9 = 1.2368e-01, 1.4574e+03       
# span 10 =     0.1122,   931.5577      
# span 11 =     -0.514,      5.388      
# span 12 =     -0.745,      7.814      
# span 13 =    14.0553,    14.8402      
# span 14 = 0.0000e+00, 0.0000e+00      
# interval = seconds: 0.25
# start_time = Oct 29 2024 12:02:53 [Instrument's time stamp, header]
# bad_flag = -9.990e-29
*END*
[from data line 964]
      3.957     -0.050     9.2062     89.809     43.775  34.300895     4.1579      7.833   291.3292 1.9707e-01     7.2304      3.883      5.632    14.1701 0.0000e+00
      3.954     -0.091     9.2112     89.901     43.759  34.289454     4.0270      7.833   291.3735 2.0132e-01     6.6168      3.886      5.637    14.1710 0.0000e+00
      3.928     -0.129     9.2108     89.977     43.774  34.300999     3.9717      7.833   291.3152 2.4331e-01     6.2384      3.862      5.601    14.1729 0.0000e+00
      3.875     -0.154     9.2094     90.008     43.789  34.313595     3.9798      7.833   291.1410 3.1741e-01     6.0715      3.806      5.519    14.1747 0.0000e+00
      3.806     -0.159     9.2182     90.001     43.790  34.314862     4.0834      7.832   291.0739 3.6946e-01     6.0337      3.734      5.414    14.1756 0.0000e+00
      3.739     -0.143     9.2285     89.978     43.792  34.316318     4.2925      7.832   291.1053 3.8901e-01     6.1228      3.657      5.303    14.1761 0.0000e+00
      3.699     -0.109     9.2382     89.945     43.812  34.331198     4.4104      7.832   291.0904 3.8766e-01     6.1924      3.614      5.242    14.1763 0.0000e+00
      3.689     -0.067     9.2406     89.914     43.860  34.367885     4.4267      7.832   291.0667 3.7936e-01     6.1922      3.615      5.244    14.1768 0.0000e+00
      3.694     -0.032     9.2381     89.900     43.876  34.379211     4.4388      7.833   291.0762 3.7596e-01     6.1544      3.622      5.253    14.1777 0.0000e+00
      3.701     -0.015     9.2366     89.920     43.828  34.341248     4.5412      7.833   291.1201 3.7589e-01     6.3500      3.628      5.263    14.1775 0.0000e+00
      3.709     -0.023     9.2320     89.955     43.762  34.289557     4.7497      7.833   291.1666 3.7734e-01     6.7463      3.639      5.278    14.1768 0.0000e+00
      3.710     -0.052     9.2295     89.975     43.724  34.261797     4.8702      7.833   291.1221 3.8034e-01     6.9501      3.643      5.283    14.1758 0.0000e+00
      3.699     -0.085     9.2267     89.988     43.717  34.259385     4.8658      7.833   291.0134 3.9255e-01     6.9017      3.633      5.270    14.1742 0.0000e+00
      3.670     -0.107     9.2300     90.006     43.716  34.260402     4.7055      7.833   290.8844 4.4053e-01     6.5363      3.608      5.232    14.1729 0.0000e+00
      3.620     -0.112     9.2356     90.026     43.733  34.274098     4.4134      7.833   290.8523 5.1953e-01     5.9815      3.555      5.155    14.1731 0.0000e+00
      3.563     -0.102     9.2360     90.053     43.763  34.298097     4.2633      7.834   290.8838 5.7952e-01     5.7277      3.484      5.053    14.1755 0.0000e+00
      3.528     -0.079     9.2360     90.114     43.762  34.296786     4.2557      7.835   290.7493 5.9344e-01     5.7226      3.446      4.998    14.1795 0.0000e+00
      3.523     -0.053     9.2377     90.205     43.714  34.258245     4.3046      7.835   290.5162 5.7414e-01     5.8511      3.450      5.003    14.1823 0.0000e+00
      3.533     -0.036     9.2400     90.302     43.657  34.212770     4.4139      7.835   290.4745 5.4693e-01     6.1208      3.465      5.025    14.1829 0.0000e+00
      3.544     -0.037     9.2407     90.375     43.628  34.191072     4.4860      7.835   290.5898 5.3471e-01     6.3184      3.480      5.046    14.1824 0.0000e+00
      3.546     -0.061     9.2477     90.410     43.619  34.186242     4.5031      7.835   290.6191 5.4663e-01     6.4643      3.484      5.053    14.1816 0.0000e+00
      3.530     -0.097     9.2583     90.430     43.575  34.154375     4.3964      7.836   290.5706 5.8692e-01     6.5529      3.469      5.032    14.1810 0.0000e+00
      3.494     -0.129     9.2691     90.474     43.533  34.123008     4.1774      7.836   290.5201 6.5593e-01     6.5353      3.432      4.978    14.1807 0.0000e+00
      3.441     -0.143     9.2777     90.564     43.533  34.124222     4.0609      7.835   290.5236 7.4523e-01     6.5249      3.378      4.900    14.1820 0.0000e+00
      3.380     -0.138     9.2793     90.698     43.509  34.105608     4.0779      7.835   290.5277 8.4238e-01     6.5298      3.311      4.803    14.1845 0.0000e+00
      3.330     -0.117     9.2796     90.866     43.486  34.088279     4.3165      7.835   290.4835 9.0573e-01     6.2863      3.254      4.719    14.1866 0.0000e+00
      3.307     -0.086     9.2824     91.045     43.508  34.105040     4.7325      7.836   290.4199 9.1846e-01     5.7679      3.235      4.692    14.1884 0.0000e+00
      3.303     -0.053     9.2921     91.208     43.525  34.117933     4.9465      7.836   290.3602 9.0745e-01     5.4199      3.238      4.696    14.1902 0.0000e+00
      3.306     -0.028     9.3055     91.356     43.525  34.117270     4.9552      7.836   290.3647 8.9056e-01     5.3929      3.243      4.703    14.1907 0.0000e+00
      3.308     -0.019     9.3237     91.474     43.499  34.097025     4.9131      7.836   290.3014 8.8518e-01     5.5779      3.246      4.708    14.1910 0.0000e+00
      3.308     -0.032     9.3438     91.527     43.456  34.063488     4.8446      7.837   290.1115 8.9147e-01     5.8458      3.244      4.705    14.1913 0.0000e+00
      3.303     -0.061     9.3599     91.526     43.411  34.029005     4.8094      7.839   289.9610 9.0983e-01     5.9328      3.241      4.700    14.1896 0.0000e+00
      3.292     -0.093     9.3755     91.496     43.368  33.997328     4.7957      7.840   289.9450 9.6361e-01     5.8440      3.235      4.692    14.1885 0.0000e+00
      3.265     -0.116     9.3902     91.447     43.367  33.997714     4.7787      7.841   290.0036 1.0602e+00     5.8315      3.211      4.657    14.1891 0.0000e+00
      3.218     -0.125     9.3946     91.415     43.412  34.033677     4.6209      7.843   289.9816 1.1850e+00     5.8152      3.159      4.582    14.1893 0.0000e+00
      3.162     -0.116     9.3923     91.432     43.434  34.051478     4.3198      7.844   289.8510 1.3084e+00     5.7159      3.096      4.491    14.1904 0.0000e+00
      3.117     -0.091     9.3900     91.484     43.398  34.022611     4.1501      7.844   289.7152 1.3827e+00     5.6901      3.048      4.421    14.1932 0.0000e+00
      3.096     -0.056     9.3821     91.544     43.372  34.001871     4.1257      7.843   289.7168 1.3907e+00     5.7426      3.029      4.392    14.1952 0.0000e+00
      3.098     -0.021     9.3773     91.613     43.358  33.991047     4.1835      7.841   289.8704 1.3565e+00     6.4528      3.033      4.399    14.1958 0.0000e+00
      3.113     -0.003     9.3799     91.679     43.313  33.955184     4.3077      7.840   289.9375 1.3016e+00     7.7528      3.051      4.424    14.1954 0.0000e+00
      3.133     -0.011     9.3872     91.711     43.305  33.948924     4.3707      7.838   289.9260 1.2540e+00     8.4455      3.075      4.460    14.1943 0.0000e+00
      3.145     -0.045     9.3926     91.743     43.342  33.978805     4.3632      7.838   289.9894 1.2525e+00     8.5082      3.091      4.483    14.1950 0.0000e+00
      3.138     -0.091     9.3992     91.814     43.367  33.999257     4.2502      7.838   289.9292 1.3209e+00     8.1014      3.087      4.476    14.1955 0.0000e+00
      3.103     -0.131     9.4095     91.887     43.375  34.005867     4.0525      7.838   289.8010 1.4729e+00     7.3181      3.054      4.428    14.1942 0.0000e+00
      3.042     -0.153     9.4106     91.938     43.361  33.995286     3.9540      7.840   289.8151 1.7052e+00     6.8946      2.988      4.334    14.1938 0.0000e+00
      2.970     -0.153     9.4106     92.001     43.365  33.998219     3.9498      7.841   289.8421 1.9534e+00     6.8076      2.906      4.216    14.1950 0.0000e+00
      2.913     -0.131     9.4206     92.054     43.420  34.041326     4.0103      7.841   289.8690 2.0942e+00     6.5056      2.843      4.123    14.1959 0.0000e+00
      2.888     -0.096     9.4297     92.031     43.459  34.072368     4.1434      7.842   289.9686 2.1024e+00     6.0772      2.824      4.097    14.1964 0.0000e+00
      2.885     -0.058     9.4319     91.961     43.439  34.056313     4.2358      7.842   290.0143 2.0795e+00     5.9327      2.827      4.102    14.1964 0.0000e+00
      2.890     -0.035     9.4388     91.882     43.416  34.037545     4.2614      7.842   289.9048 2.0618e+00     5.9187      2.833      4.109    14.1963 0.0000e+00
      2.895     -0.039     9.4497     91.797     43.413  34.035787     4.2538      7.843   289.7632 2.0403e+00     5.8400      2.840      4.119    14.1968 0.0000e+00
      2.896     -0.065     9.4439     91.739     43.412  34.035058     4.2448      7.844   289.7644 2.0462e+00     5.6641      2.843      4.123    14.1970 0.0000e+00
      2.884     -0.098     9.4346     91.708     43.402  34.028743     4.2513      7.845   289.8328 2.1662e+00     5.3976      2.838      4.116    14.1965 0.0000e+00
      2.849     -0.123     9.4294     91.693     43.394  34.022868     4.2503      7.846   289.8160 2.4514e+00     5.2830      2.805      4.069    14.1959 0.0000e+00
      2.791     -0.132     9.4165     91.713     43.399  34.027482     4.2492      7.846   289.7335 2.8105e+00     5.3025      2.739      3.971    14.1961 0.0000e+00
      2.730     -0.123     9.4118     91.763     43.390  34.021081     4.2707      7.845   289.6104 3.0924e+00     5.4288      2.669      3.871    14.1972 0.0000e+00
      2.690     -0.099     9.4093     91.826     43.373  34.008920     4.3191      7.844   289.5321 3.1957e+00     5.7161      2.627      3.811    14.1986 0.0000e+00
      2.678     -0.069     9.4054     91.906     43.368  34.007342     4.3603      7.843   289.5607 3.1518e+00     5.9420      2.620      3.800    14.1991 0.0000e+00
      2.683     -0.045     9.4084     91.996     43.358  34.001998     4.3685      7.841   289.6119 3.0700e+00     6.0423      2.630      3.814    14.1990 0.0000e+00
      2.691     -0.041     9.4147     92.094     43.364  34.007755     4.3350      7.839   289.5497 3.0300e+00     6.1765      2.641      3.830    14.1997 0.0000e+00
      2.692     -0.062     9.4192     92.229     43.371  34.013514     4.2716      7.839   289.4105 3.0725e+00     6.3697      2.645      3.836    14.2022 0.0000e+00
      2.682     -0.100     9.4277     92.403     43.364  34.008180     4.2434      7.839   289.3910 3.2333e+00     6.5335      2.637      3.824    14.2050 0.0000e+00
      2.651     -0.138     9.4375     92.588     43.363  34.006705     4.2519      7.839   289.4002 3.5678e+00     6.6202      2.609      3.784    14.2070 0.0000e+00
      2.597     -0.163     9.4440     92.681     43.349  33.995688     4.2155      7.838   289.3495 4.0829e+00     6.3936      2.552      3.701    14.2089 0.0000e+00
      2.530     -0.166     9.4600     92.668     43.358  34.001862     4.1360      7.837   289.2946 4.7285e+00     5.9116      2.482      3.599    14.2095 0.0000e+00
      2.466     -0.148     9.4758     92.686     43.379  34.017908     4.0985      7.837   289.1662 5.2860e+00     5.6416      2.410      3.496    14.2089 0.0000e+00
      2.422     -0.114     9.5012     92.722     43.355  33.999359     4.1288      7.838   289.0881 5.5018e+00     5.5900      2.363      3.427    14.2082 0.0000e+00
      2.407     -0.073     9.5148     92.699     43.315  33.967931     4.3183      7.840   289.1241 5.4556e+00     5.5261      2.356      3.415    14.2076 0.0000e+00
      2.411     -0.038     9.5007     92.642     43.299  33.955146     4.6265      7.841   289.0851 5.3357e+00     5.3474      2.363      3.427    14.2068 0.0000e+00
      2.419     -0.020     9.5068     92.546     43.320  33.971664     4.7757      7.841   289.0477 5.2398e+00     5.1710      2.372      3.442    14.2063 0.0000e+00
      2.425     -0.025     9.5159     92.423     43.327  33.977313     4.7736      7.841   289.1012 5.2276e+00     5.1356      2.381      3.454    14.2069 0.0000e+00
      2.423     -0.050     9.5085     92.342     43.304  33.959998     4.7006      7.842   289.0437 5.2968e+00     5.1246      2.380      3.452    14.2069 0.0000e+00
      2.412     -0.080     9.5053     92.292     43.294  33.952651     4.5590      7.844   288.8696 5.4996e+00     5.0717      2.371      3.438    14.2064 0.0000e+00
      2.386     -0.103     9.4953     92.240     43.292  33.951931     4.4762      7.847   288.8027 5.9686e+00     5.0086      2.349      3.406    14.2068 0.0000e+00
      2.340     -0.110     9.4782     92.260     43.291  33.951288     4.4659      7.847   288.7517 6.6433e+00     4.9429      2.299      3.334    14.2072 0.0000e+00
      2.289     -0.102     9.4697     92.332     43.283  33.944887     4.4672      7.847   288.5962 7.2205e+00     4.9259      2.238      3.247    14.2074 0.0000e+00
      2.253     -0.081     9.4704     92.363     43.274  33.937974     4.5257      7.847   288.5574 7.4804e+00     5.0080      2.200      3.190    14.2083 0.0000e+00
      2.241     -0.052     9.4568     92.394     43.265  33.931157     4.6484      7.847   288.6267 7.4309e+00     5.1499      2.192      3.177    14.2094 0.0000e+00
      2.245     -0.026     9.4593     92.452     43.258  33.925909     4.7109      7.846   288.6600 7.2462e+00     5.2073      2.201      3.192    14.2096 0.0000e+00
      2.255     -0.017     9.4766     92.518     43.273  33.937964     4.6816      7.846   288.7018 7.0897e+00     5.1555      2.212      3.208    14.2090 0.0000e+00
      2.263     -0.032     9.4715     92.548     43.288  33.950020     4.5451      7.847   288.7017 7.0060e+00     5.2064      2.220      3.220    14.2089 0.0000e+00
      2.265     -0.072     9.4774     92.554     43.281  33.944782     4.3254      7.847   288.5732 7.1133e+00     5.3778      2.226      3.229    14.2097 0.0000e+00
      2.251     -0.124     9.4813     92.590     43.271  33.938078     4.2058      7.847   288.4384 7.6361e+00     5.4863      2.219      3.218    14.2102 0.0000e+00
      2.211     -0.169     9.4920     92.626     43.263  33.932414     4.1883      7.848   288.4482 8.6643e+00     5.4600      2.177      3.158    14.2102 0.0000e+00
      2.145     -0.197     9.4950     92.644     43.271  33.939751     4.1805      7.850   288.5197 1.0140e+01     5.2984      2.109      3.059    14.2106 0.0000e+00
      2.065     -0.199     9.4896     92.666     43.301  33.963341     4.1869      7.850   288.5290 1.1976e+01     5.1039      2.026      2.938    14.2113 0.0000e+00
      1.989     -0.176     9.4980     92.714     43.301  33.963860     4.1985      7.848   288.4749 1.3541e+01     4.9860      1.938      2.812    14.2123 0.0000e+00
      1.939     -0.133     9.5006     92.759     43.277  33.946028     4.2128      7.845   288.4673 1.4113e+01     4.9660      1.888      2.737    14.2134 0.0000e+00
      1.923     -0.082     9.5026     92.791     43.267  33.938067     4.3428      7.844   288.5236 1.4008e+01     4.9647      1.880      2.727    14.2140 0.0000e+00
      1.926     -0.036     9.5018     92.831     43.257  33.931051     4.5807      7.844   288.5534 1.3720e+01     4.9367      1.887      2.736    14.2146 0.0000e+00
      1.936     -0.004     9.5095     92.879     43.248  33.924650     4.7167      7.845   288.5699 1.3381e+01     4.9693      1.899      2.753    14.2159 0.0000e+00
      1.945      0.006     9.5144     92.928     43.246  33.924120     4.7473      7.846   288.5501 1.3173e+01     4.9832      1.910      2.771    14.2163 0.0000e+00
      1.949     -0.005     9.5155     92.953     43.246  33.924639     4.7429      7.846   288.4866 1.3161e+01     4.8998      1.915      2.777    14.2157 0.0000e+00
      1.949     -0.030     9.5208     92.910     43.252  33.930926     4.6304      7.848   288.4032 1.3245e+01     4.7807      1.911      2.773    14.2166 0.0000e+00
      1.944     -0.065     9.5247     92.811     43.259  33.936693     4.4518      7.850   288.3163 1.3488e+01     4.7046      1.909      2.769    14.2180 0.0000e+00
      1.930     -0.097     9.5308     92.729     43.252  33.930925     4.3644      7.851   288.2965 1.4272e+01     4.7309      1.900      2.756    14.2184 0.0000e+00
