Data/DataNotYetUploadedToEDI/Raw_CTD/RawDownloads/102924_fcr10_S7809011.cnv
* Sea-Bird SBE19plus  Data File:
* FileName = C:\R\Reservoirs\Data\DataNotYetUploadedToEDI\Raw_CTD\RawDownloads\102924_fcr50_S7809_0011.hex
* Software version 2.8.0.119
* Temperature SN = 7809
* Conductivity SN = 7809
* System UpLoad Time = Oct 29 2024 18:05:58
* <ApplicationData>
* <Seaterm232>
# nquan = 15
# nvalues = 808                         
# units = specified
# name 0 = depFM: Depth [fresh water, m]
# name 1 = dz/dtM: Descent Rate [m/s]
# name 2 = sbeox0Mg/L: Oxygen, SBE 43 [mg/l]
# name 3 = sbeox0PS: Oxygen, SBE 43 [% saturation]
# name 4 = specc: Specific Conductance [uS/cm]
# name 5 = c0uS/cm: Conductivity [uS/cm]
# name 6 = flECO-AFL: Fluorescence, WET Labs ECO-AFL/FL [mg/m^3]
# name 7 = ph: pH
# name 8 = orp: Oxidation Reduction Potential [mV]
# name 9 = par/sat/log: PAR/Logarithmic, Satlantic
# name 10 = turbWETntu0: Turbidity, WET Labs ECO [NTU]
# name 11 = prdM: Pressure, Strain Gauge [db]
# name 12 = prdE: Pressure, Strain Gauge [psi]
# name 13 = tv290C: Temperature [ITS-90, deg C]
# name 14 = flag:  0.000e+00
# span 0 =     -0.528,      2.645       
# span 1 =     -0.284,      0.196       
# span 2 =     6.7770,    12.0219       
# span 3 =     67.871,    117.591       
# span 4 =      1.072,     52.286       
# span 5 =   0.930393,  40.835615       
# span 6 =    -0.3438,   227.5532       
# span 7 =      6.208,     11.569       
# span 8 =  -782.6333,  1181.9966       
# span 9 = 3.9699e+00, 1.3764e+03       
# span 10 =    -8.0875,   198.8658      
# span 11 =     -0.519,      2.594      
# span 12 =     -0.753,      3.763      
# span 13 =    14.0341,    18.3985      
# span 14 = 0.0000e+00, 0.0000e+00      
# interval = seconds: 0.25
# start_time = Oct 29 2024 11:42:18 [Instrument's time stamp, header]
# bad_flag = -9.990e-29
*END*
[from data line 386]
      1.423      0.023    10.7586    104.928     42.205  33.197083     5.6240      7.499   265.8386 4.0968e+01     4.7976      1.396      2.025    14.3275 0.0000e+00
      1.427      0.023    10.7528    104.863     42.205  33.197977     5.5695      7.501   265.8683 4.0612e+01     4.7697      1.401      2.032    14.3252 0.0000e+00
      1.432      0.022    10.7479    104.814     42.203  33.196924     5.5387      7.502   265.8048 4.0100e+01     4.7188      1.405      2.037    14.3242 0.0000e+00
      1.439      0.021    10.7419    104.764     42.187  33.184358     5.5599      7.504   265.8461 3.9449e+01     4.7284      1.411      2.047    14.3240 0.0000e+00
      1.446      0.020    10.7372    104.738     42.172  33.172928     5.6088      7.504   266.0232 3.8940e+01     4.7837      1.419      2.058    14.3244 0.0000e+00
      1.452      0.020    10.7269    104.773     42.187  33.185607     5.6134      7.505   266.0540 3.8622e+01     4.7722      1.424      2.066    14.3253 0.0000e+00
      1.455      0.021    10.7246    104.839     42.220  33.210774     5.5910      7.506   265.9595 3.8326e+01     4.7270      1.426      2.069    14.3269 0.0000e+00
      1.459      0.021    10.7183    104.920     42.237  33.223453     5.5628      7.508   265.9133 3.7911e+01     4.7155      1.430      2.074    14.3275 0.0000e+00
      1.465      0.022    10.7115    104.995     42.224  33.212023     5.5220      7.510   265.9261 3.7397e+01     4.7686      1.436      2.082    14.3274 0.0000e+00
      1.471      0.023    10.7196    105.032     42.209  33.199449     5.5055      7.511   266.0284 3.6877e+01     4.7885      1.443      2.092    14.3279 0.0000e+00
      1.478      0.025    10.7247    105.025     42.207  33.198306     5.5053      7.511   266.2037 3.6419e+01     4.7167      1.450      2.102    14.3278 0.0000e+00
      1.484      0.026    10.7348    104.985     42.207  33.198202     5.4868      7.511   266.3251 3.5931e+01     4.7204      1.455      2.110    14.3259 0.0000e+00
      1.491      0.025    10.7447    104.928     42.207  33.198192     5.4565      7.511   266.3766 3.5324e+01     4.7659      1.461      2.119    14.3234 0.0000e+00
      1.499      0.024    10.7483    104.859     42.208  33.198190     5.4380      7.512   266.4824 3.4708e+01     4.7537      1.470      2.132    14.3236 0.0000e+00
      1.506      0.024    10.7473    104.778     42.210  33.198181     5.4463      7.514   266.5725 3.4266e+01     4.7444      1.478      2.144    14.3249 0.0000e+00
      1.512      0.023    10.7418    104.674     42.212  33.198077     5.4486      7.514   266.6056 3.4037e+01     4.7210      1.484      2.152    14.3244 0.0000e+00
      1.515      0.022    10.7369    104.573     42.211  33.196934     5.4067      7.515   266.7106 3.3803e+01     4.7095      1.486      2.155    14.3239 0.0000e+00
      1.520      0.021    10.7285    104.495     42.195  33.184350     5.3483      7.517   266.8094 3.3368e+01     4.7421      1.489      2.159    14.3244 0.0000e+00
      1.527      0.021    10.7225    104.425     42.180  33.172816     5.3252      7.518   266.8531 3.2838e+01     4.7740      1.497      2.171    14.3229 0.0000e+00
      1.534      0.022    10.7108    104.345     42.196  33.184366     5.3270      7.519   266.8950 3.2426e+01     4.7877      1.505      2.182    14.3192 0.0000e+00
      1.539      0.022    10.6995    104.240     42.216  33.197115     5.2699      7.520   266.8861 3.2082e+01     4.7037      1.509      2.189    14.3185 0.0000e+00
      1.544      0.021    10.6928    104.128     42.227  33.200072     5.1595      7.520   266.9175 3.1708e+01     4.5778      1.513      2.195    14.3194 0.0000e+00
      1.550      0.019    10.6856    104.019     42.260  33.220106     5.1072      7.520   267.0164 3.1340e+01     4.5628      1.520      2.204    14.3190 0.0000e+00
      1.555      0.017    10.6790    103.919     42.301  33.249015     5.1127      7.522   267.0498 3.1008e+01     4.5567      1.525      2.213    14.3197 0.0000e+00
      1.559      0.017    10.6670    103.798     42.283  33.232381     5.1257      7.524   267.0624 3.0802e+01     4.5041      1.529      2.218    14.3171 0.0000e+00
      1.561      0.018    10.6577    103.609     42.257  33.209312     5.1394      7.525   267.0832 3.0700e+01     4.4731      1.531      2.220    14.3086 0.0000e+00
      1.564      0.019    10.6481    103.383     42.274  33.223859     5.1452      7.526   267.1287 3.0490e+01     4.4897      1.533      2.224    14.3005 0.0000e+00
      1.569      0.019    10.6388    103.134     42.262  33.217942     5.1539      7.527   267.2696 3.0041e+01     4.5334      1.538      2.230    14.2964 0.0000e+00
      1.576      0.019    10.6319    102.869     42.237  33.201227     5.1789      7.528   267.4097 2.9513e+01     4.5576      1.545      2.241    14.2940 0.0000e+00
      1.583      0.020    10.6092    102.624     42.254  33.212086     5.2056      7.529   267.4460 2.9136e+01     4.5776      1.554      2.254    14.2896 0.0000e+00
      1.589      0.021    10.5864    102.403     42.276  33.222346     5.2109      7.531   267.4505 2.8959e+01     4.6037      1.559      2.262    14.2900 0.0000e+00
      1.592      0.021    10.5600    102.191     42.259  33.198387     5.2005      7.531   267.4641 2.8825e+01     4.6690      1.561      2.264    14.2982 0.0000e+00
      1.595      0.021    10.5288    101.984     42.243  33.176149     5.1127      7.531   267.4378 2.8508e+01     4.7860      1.562      2.266    14.3017 0.0000e+00
      1.600      0.022    10.5053    101.797     42.289  33.207238     4.9324      7.532   267.4764 2.8031e+01     4.8233      1.569      2.275    14.2993 0.0000e+00
      1.608      0.024    10.4843    101.625     42.358  33.257056     4.8177      7.534   267.5868 2.7574e+01     4.7443      1.577      2.288    14.2918 0.0000e+00
      1.615      0.027    10.4679    101.433     42.382  33.270947     4.8000      7.535   267.6538 2.7207e+01     4.6850      1.585      2.299    14.2741 0.0000e+00
      1.622      0.028    10.4479    101.197     42.355  33.248303     4.7848      7.535   267.6841 2.6876e+01     4.7214      1.591      2.307    14.2613 0.0000e+00
      1.628      0.028    10.4295    100.927     42.338  33.237038     4.7510      7.536   267.6958 2.6488e+01     4.8082      1.596      2.314    14.2594 0.0000e+00
      1.636      0.028    10.4148    100.669     42.367  33.261631     4.7158      7.538   267.7097 2.6037e+01     4.8471      1.605      2.327    14.2541 0.0000e+00
      1.645      0.028    10.3977    100.458     42.410  33.291896     4.6918      7.539   267.6800 2.5599e+01     4.8155      1.613      2.340    14.2462 0.0000e+00
      1.651      0.028    10.3743    100.289     42.420  33.285738     4.6939      7.539   267.6809 2.5241e+01     4.8011      1.620      2.350    14.2439 0.0000e+00
      1.657      0.028    10.3430    100.134     42.401  33.250601     4.7079      7.539   267.8924 2.4889e+01     4.8442      1.624      2.356    14.2475 0.0000e+00
      1.664      0.027    10.3145     99.966     42.416  33.247695     4.7035      7.540   268.0858 2.4456e+01     4.8587      1.631      2.366    14.2524 0.0000e+00
      1.673      0.024    10.2928     99.741     42.425  33.250590     4.6903      7.540   268.1268 2.4016e+01     4.8058      1.641      2.381    14.2517 0.0000e+00
      1.681      0.022    10.2815     99.416     42.384  33.222155     4.6820      7.541   268.2161 2.3692e+01     4.7505      1.649      2.392    14.2338 0.0000e+00
      1.686      0.020    10.2724     99.005     42.374  33.221103     4.7035      7.543   268.3056 2.3547e+01     4.7709      1.654      2.399    14.2044 0.0000e+00
      1.688      0.018    10.2615     98.589     42.389  33.237883     4.7494      7.543   268.3478 2.3446e+01     4.8133      1.655      2.401    14.1847 0.0000e+00
      1.691      0.016    10.2416     98.205     42.379  33.234715     4.7709      7.544   268.3827 2.3270e+01     4.8183      1.657      2.404    14.1795 0.0000e+00
      1.695      0.016    10.2062     97.832     42.389  33.246250     4.7636      7.545   268.4683 2.3031e+01     4.7979      1.662      2.410    14.1873 0.0000e+00
      1.700      0.017    10.1581     97.567     42.389  33.250470     4.7193      7.545   268.6085 2.2770e+01     4.7715      1.667      2.417    14.1989 0.0000e+00
      1.704      0.020    10.1100     97.456     42.346  33.222299     4.6602      7.545   268.7025 2.2576e+01     4.8070      1.672      2.425    14.2038 0.0000e+00
      1.709      0.022    10.0770     97.444     42.341  33.222858     4.6485      7.545   268.7441 2.2376e+01     4.8171      1.675      2.430    14.2077 0.0000e+00
      1.714      0.022    10.0290     97.529     42.388  33.257229     4.6524      7.546   268.6816 2.2035e+01     4.7566      1.679      2.435    14.2124 0.0000e+00
      1.721      0.022     9.9991     97.697     42.395  33.257220     4.6240      7.549   268.6346 2.1658e+01     4.7255      1.687      2.447    14.2164 0.0000e+00
      1.728      0.023     9.9919     97.902     42.360  33.222744     4.5878      7.550   268.7784 2.1375e+01     4.7476      1.696      2.459    14.2243 0.0000e+00
      1.734      0.024     9.9854     98.086     42.374  33.221030     4.5813      7.550   268.9573 2.1208e+01     4.7853      1.701      2.467    14.2320 0.0000e+00
      1.737      0.026     9.9973     98.201     42.417  33.236482     4.5958      7.550   269.0773 2.1083e+01     4.8056      1.704      2.471    14.2281 0.0000e+00
      1.742      0.026    10.0174     98.230     42.412  33.219220     4.5963      7.550   269.1959 2.0788e+01     4.7883      1.707      2.475    14.2189 0.0000e+00
      1.750      0.026    10.0425     98.155     42.398  33.202634     4.6043      7.551   269.2739 2.0344e+01     4.7466      1.716      2.488    14.2142 0.0000e+00
      1.760      0.025    10.0658     97.942     42.427  33.226255     4.6335      7.552   269.3318 1.9966e+01     4.7453      1.727      2.504    14.1994 0.0000e+00
      1.768      0.024    10.0844     97.607     42.453  33.251056     4.6501      7.553   269.4654 1.9657e+01     4.8067      1.734      2.515    14.1724 0.0000e+00
      1.774      0.021    10.0911     97.233     42.443  33.248734     4.6555      7.554   269.5981 1.9454e+01     4.8397      1.742      2.525    14.1546 0.0000e+00
      1.779      0.019    10.0863     96.874     42.455  33.261625     4.6653      7.554   269.6456 1.9391e+01     4.7691      1.746      2.532    14.1505 0.0000e+00
      1.780      0.018    10.0647     96.557     42.475  33.280033     4.6849      7.555   269.6963 1.9329e+01     4.7383      1.746      2.532    14.1525 0.0000e+00
      1.781      0.018    10.0236     96.341     42.471  33.280983     4.7095      7.557   269.7803 1.9174e+01     4.8096      1.745      2.531    14.1588 0.0000e+00
      1.786      0.020     9.9820     96.277     42.458  33.273113     4.7220      7.558   269.8016 1.8894e+01     4.8790      1.750      2.539    14.1668 0.0000e+00
      1.794      0.023     9.9445     96.337     42.428  33.248328     4.7272      7.557   269.7811 1.8579e+01     4.8603      1.760      2.552    14.1697 0.0000e+00
      1.802      0.027     9.9093     96.465     42.418  33.235074     4.7389      7.555   269.7908 1.8364e+01     4.7548      1.769      2.564    14.1715 0.0000e+00
      1.808      0.029     9.8819     96.615     42.433  33.239742     4.7561      7.555   269.8332 1.8150e+01     4.7643      1.772      2.571    14.1794 0.0000e+00
      1.814      0.029     9.8765     96.726     42.444  33.241314     4.7770      7.556   269.9501 1.7790e+01     4.8721      1.777      2.577    14.1833 0.0000e+00
      1.824      0.028     9.8863     96.742     42.469  33.254078     4.7999      7.557   270.0846 1.7371e+01     4.9314      1.789      2.595    14.1798 0.0000e+00
      1.834      0.027     9.9011     96.661     42.491  33.267176     4.8165      7.557   270.1686 1.7060e+01     4.9690      1.800      2.611    14.1739 0.0000e+00
      1.841      0.024     9.9215     96.516     42.500  33.272787     4.8115      7.558   270.1923 1.6889e+01     4.9513      1.806      2.619    14.1641 0.0000e+00
      1.845      0.021     9.9376     96.342     42.480  33.258473     4.8051      7.558   270.1983 1.6735e+01     4.9561      1.809      2.623    14.1541 0.0000e+00
      1.850      0.019     9.9408     96.164     42.428  33.221008     4.8319      7.558   270.2416 1.6570e+01     5.0613      1.813      2.630    14.1458 0.0000e+00
      1.854      0.020     9.9318     95.994     42.399  33.200455     4.8607      7.559   270.2858 1.6485e+01     5.0960      1.818      2.638    14.1417 0.0000e+00
      1.856      0.024     9.9160     95.877     42.401  33.200303     4.8612      7.559   270.3886 1.6426e+01     5.0004      1.820      2.639    14.1409 0.0000e+00
      1.859      0.027     9.8962     95.825     42.434  33.219166     4.8632      7.559   270.5376 1.6217e+01     4.9289      1.821      2.641    14.1423 0.0000e+00
      1.868      0.028     9.8780     95.780     42.469  33.238185     4.9593      7.560   270.5391 1.5802e+01     4.9150      1.830      2.653    14.1470 0.0000e+00
      1.881      0.027     9.8572     95.735     42.475  33.239924     5.1331      7.561   270.4931 1.5361e+01     4.8670      1.845      2.675    14.1507 0.0000e+00
      1.893      0.025     9.8432     95.699     42.473  33.240186     5.2084      7.560   270.5835 1.5141e+01     4.7928      1.859      2.697    14.1503 0.0000e+00
      1.898      0.021     9.8454     95.630     42.468  33.241357     5.1874      7.559   270.6856 1.5135e+01     4.7345      1.864      2.703    14.1401 0.0000e+00
      1.899      0.016     9.8424     95.527     42.477  33.254083     5.1874      7.559   270.7813 1.5156e+01     4.7093      1.862      2.701    14.1268 0.0000e+00
      1.900      0.011     9.8369     95.424     42.489  33.267177     5.2241      7.560   270.8800 1.5125e+01     4.7616      1.862      2.701    14.1230 0.0000e+00
      1.901      0.008     9.8363     95.371     42.494  33.272802     5.2733      7.560   270.9330 1.5044e+01     4.8545      1.864      2.704    14.1261 0.0000e+00
      1.904      0.008     9.8273     95.441     42.474  33.258655     5.2918      7.561   270.9920 1.4937e+01     4.8417      1.868      2.708    14.1331 0.0000e+00
      1.908      0.010     9.8126     95.578     42.429  33.223010     5.2644      7.562   271.0768 1.4862e+01     4.7432      1.871      2.714    14.1414 0.0000e+00
      1.910      0.013     9.8016     95.681     42.429  33.222476     5.1667      7.563   271.1843 1.4826e+01     4.7564      1.873      2.717    14.1451 0.0000e+00
      1.911      0.018     9.7892     95.776     42.470  33.252197     5.0178      7.563   271.2592 1.4778e+01     4.8655      1.874      2.718    14.1477 0.0000e+00
      1.914      0.023     9.7991     95.887     42.491  33.265149     4.9375      7.562   271.2934 1.4617e+01     4.9007      1.875      2.720    14.1493 0.0000e+00
      1.921      0.027     9.8215     95.990     42.480  33.252183     4.9283      7.562   271.3405 1.4331e+01     4.8405      1.881      2.729    14.1486 0.0000e+00
      1.931      0.028     9.8264     96.037     42.447  33.222305     4.8818      7.563   271.3120 1.4038e+01     4.7523      1.894      2.747    14.1475 0.0000e+00
      1.942      0.027     9.8378     95.993     42.450  33.221109     4.7996      7.563   271.2921 1.3780e+01     4.7221      1.904      2.763    14.1444 0.0000e+00
      1.952      0.022     9.8501     95.868     42.474  33.237722     4.7656      7.563   271.3589 1.3592e+01     4.7490      1.915      2.778    14.1405 0.0000e+00
      1.958      0.017     9.8642     95.720     42.467  33.232836     4.7715      7.564   271.4310 1.3569e+01     4.7700      1.922      2.787    14.1356 0.0000e+00
