Data/DataNotYetUploadedToEDI/Raw_CTD/RawDownloads/102924_fcr30_S7809013.cnv
* Sea-Bird SBE19plus  Data File:
* FileName = C:\R\Reservoirs\Data\DataNotYetUploadedToEDI\Raw_CTD\RawDownloads\102924_fcr50_S7809_0013.hex
* Software version 2.8.0.119
* Temperature SN = 7809
* Conductivity SN = 7809
* System UpLoad Time = Oct 29 2024 18:06:59
* <ApplicationData>
* <Seaterm232>
# nquan = 15
# nvalues = 1195                        
# units = specified
# name 0 = depFM: Depth [fresh water, m]
# name 1 = dz/dtM: Descent Rate [m/s]
# name 2 = sbeox0Mg/L: Oxygen, SBE 43 [mg/l]
# name 3 = sbeox0PS: Oxygen, SBE 43 [% saturation]
# name 4 = specc: Specific Conductance [uS/cm]
# name 5 = c0uS/cm: Conductivity [uS/cm]
# name 6 = flECO-AFL: Fluorescence, WET Labs ECO-AFL/FL [mg/m^3]
# name 7 = ph: pH
# name 8 = orp: Oxidation Reduction Potential [mV]
# name 9 = par/sat/log: PAR/Logarithmic, Satlantic
# name 10 = turbWETntu0: Turbidity, WET Labs ECO [NTU]
# name 11 = prdM: Pressure, Strain Gauge [db]
# name 12 = prdE: Pressure, Strain Gauge [psi]
# name 13 = tv290C: Temperature [ITS-90, deg C]
# name 14 = flag:  0.000e+00
# span 0 =     -0.523,      5.494       
# span 1 =     -0.377,      0.263       
# span 2 =     7.0616,    12.0267       
# span 3 =     69.650,    117.255       
# span 4 =     -0.249,     44.654       
# span 5 =  -0.196754,  34.925919       
# span 6 =    -0.1937,     6.9817       
# span 7 =      4.468,      8.008       
# span 8 =  -265.7069,  1235.8070       
# span 9 = 1.2368e-01, 1.4574e+03       
# span 10 =     0.1122,   931.5577      
# span 11 =     -0.514,      5.388      
# span 12 =     -0.745,      7.814      
# span 13 =    14.0553,    14.8402      
# span 14 = 0.0000e+00, 0.0000e+00      
# interval = seconds: 0.25
# start_time = Oct 29 2024 12:02:53 [Instrument's time stamp, header]
# bad_flag = -9.990e-29
*END*
[from data line 579]
      3.017      0.039     9.5055     92.896     43.315  33.972910     5.1350      7.861   283.0970 1.5948e+00     4.7782      2.960      4.293    14.2126 0.0000e+00
      3.029      0.031     9.5063     92.914     43.292  33.955096     5.0740      7.860   283.2576 1.5715e+00     4.6809      2.973      4.312    14.2124 0.0000e+00
      3.034      0.021     9.5133     92.917     43.306  33.966113     5.0759      7.859   283.2699 1.5597e+00     4.6754      2.977      4.318    14.2125 0.0000e+00
      3.034      0.013     9.5257     92.916     43.323  33.979226     5.0829      7.859   283.2457 1.5669e+00     4.7122      2.976      4.317    14.2127 0.0000e+00
      3.033      0.008     9.5287     92.904     43.332  33.986751     5.0594      7.858   283.3099 1.5769e+00     4.7159      2.974      4.313    14.2128 0.0000e+00
      3.032      0.007     9.5305     92.856     43.340  33.993662     5.0413      7.858   283.4437 1.5759e+00     4.7198      2.972      4.311    14.2128 0.0000e+00
      3.034      0.009     9.5304     92.791     43.348  33.999335     5.0301      7.858   283.5729 1.5634e+00     4.6911      2.975      4.314    14.2126 0.0000e+00
      3.038      0.014     9.5298     92.758     43.338  33.991896     5.0246      7.858   283.5815 1.5381e+00     4.6770      2.979      4.321    14.2126 0.0000e+00
      3.044      0.018     9.5308     92.775     43.307  33.967172     5.0330      7.857   283.5470 1.5314e+00     4.6854      2.985      4.329    14.2131 0.0000e+00
      3.049      0.019     9.5250     92.817     43.290  33.954173     5.0311      7.857   283.5867 1.5371e+00     4.6561      2.990      4.336    14.2135 0.0000e+00
      3.055      0.020     9.5152     92.864     43.300  33.961614     5.0192      7.857   283.6307 1.5116e+00     4.6298      2.995      4.344    14.2136 0.0000e+00
      3.060      0.021     9.5116     92.929     43.341  33.993695     5.0382      7.858   283.6493 1.4796e+00     4.6750      3.002      4.354    14.2138 0.0000e+00
      3.065      0.023     9.5145     93.009     43.381  34.024830     5.1365      7.858   283.7251 1.4724e+00     4.7933      3.006      4.361    14.2137 0.0000e+00
      3.069      0.024     9.5203     93.073     43.376  34.020839     5.2667      7.858   283.8587 1.4686e+00     4.8301      3.009      4.364    14.2136 0.0000e+00
      3.074      0.024     9.5235     93.095     43.361  34.008889     5.3223      7.857   284.0607 1.4412e+00     4.7432      3.011      4.368    14.2137 0.0000e+00
      3.084      0.022     9.5306     93.075     43.359  34.007226     5.3012      7.856   284.1882 1.4035e+00     4.7338      3.025      4.388    14.2133 0.0000e+00
      3.094      0.018     9.5404     93.032     43.351  34.000741     5.1781      7.856   284.1959 1.3864e+00     4.8196      3.038      4.407    14.2132 0.0000e+00
      3.098      0.014     9.5478     92.989     43.341  33.993926     4.9743      7.856   284.2390 1.3869e+00     4.8586      3.040      4.408    14.2129 0.0000e+00
      3.098      0.013     9.5501     92.957     43.334  33.988266     4.8681      7.855   284.1934 1.3932e+00     4.7949      3.039      4.407    14.2125 0.0000e+00
      3.096      0.013     9.5472     92.942     43.344  33.995753     4.8676      7.855   284.1614 1.4015e+00     4.6983      3.038      4.406    14.2126 0.0000e+00
      3.095      0.016     9.5416     92.943     43.376  34.021007     4.9103      7.856   284.2821 1.3970e+00     4.7158      3.034      4.400    14.2128 0.0000e+00
      3.100      0.020     9.5372     92.939     43.400  34.039830     4.9843      7.856   284.3617 1.3659e+00     4.8017      3.036      4.404    14.2131 0.0000e+00
      3.110      0.021     9.5336     92.942     43.392  34.032998     5.0304      7.855   284.3495 1.3224e+00     4.8484      3.050      4.424    14.2133 0.0000e+00
      3.123      0.020     9.5312     92.946     43.352  34.001852     5.0425      7.855   284.3066 1.2894e+00     4.8354      3.064      4.445    14.2134 0.0000e+00
      3.131      0.017     9.5342     92.939     43.324  33.980463     5.0143      7.854   284.3601 1.2836e+00     4.7477      3.072      4.456    14.2129 0.0000e+00
      3.132      0.014     9.5316     92.939     43.304  33.964728     4.9558      7.854   284.4800 1.3069e+00     4.7105      3.073      4.456    14.2123 0.0000e+00
      3.128      0.013     9.5325     92.933     43.271  33.938498     4.9271      7.854   284.5514 1.3312e+00     4.7945      3.067      4.449    14.2122 0.0000e+00
      3.126      0.013     9.5346     92.910     43.243  33.917089     4.9333      7.855   284.6215 1.3250e+00     4.8416      3.064      4.444    14.2124 0.0000e+00
      3.130      0.016     9.5313     92.906     43.217  33.896219     4.9728      7.855   284.6386 1.2956e+00     4.7686      3.068      4.450    14.2125 0.0000e+00
      3.139      0.023     9.5328     92.921     43.193  33.876493     5.0375      7.854   284.5864 1.2653e+00     4.6630      3.078      4.464    14.2127 0.0000e+00
      3.149      0.031     9.5335     92.922     43.184  33.868927     5.0834      7.853   284.5064 1.2426e+00     4.6570      3.089      4.481    14.2129 0.0000e+00
      3.156      0.039     9.5279     92.902     43.185  33.868178     5.1033      7.853   284.4458 1.2349e+00     4.7645      3.095      4.490    14.2128 0.0000e+00
      3.163      0.045     9.5281     92.851     43.186  33.867429     5.1109      7.854   284.3703 1.2230e+00     4.8022      3.098      4.494    14.2125 0.0000e+00
      3.175      0.052     9.5319     92.780     43.177  33.859873     5.1926      7.855   284.2817 1.1826e+00     4.7023      3.111      4.513    14.2122 0.0000e+00
      3.193      0.060     9.5311     92.700     43.153  33.840262     5.3591      7.855   284.2344 1.1268e+00     4.6501      3.132      4.542    14.2116 0.0000e+00
      3.209      0.068     9.5311     92.618     43.128  33.820652     5.4592      7.856   284.2288 1.0780e+00     4.7176      3.147      4.564    14.2099 0.0000e+00
      3.225      0.072     9.5249     92.552     43.119  33.813097     5.4880      7.857   284.3002 1.0358e+00     4.8010      3.160      4.583    14.2081 0.0000e+00
      3.247      0.073     9.5176     92.502     43.119  33.812358     5.5070      7.859   284.3236 9.9215e-01     4.8050      3.183      4.616    14.2072 0.0000e+00
      3.272      0.073     9.5096     92.464     43.118  33.811724     5.5139      7.859   284.3395 9.5878e-01     4.7311      3.211      4.658    14.2069 0.0000e+00
      3.290      0.072     9.4998     92.456     43.111  33.805428     5.5218      7.859   284.4063 9.3618e-01     4.6597      3.228      4.684    14.2065 0.0000e+00
      3.304      0.069     9.4939     92.494     43.104  33.799681     5.5361      7.859   284.4433 8.9476e-01     4.6591      3.238      4.697    14.2057 0.0000e+00
      3.319      0.064     9.4891     92.553     43.112  33.805680     5.4705      7.859   284.4426 8.4359e-01     4.7234      3.253      4.719    14.2048 0.0000e+00
      3.337      0.061     9.4847     92.602     43.123  33.814515     5.3022      7.860   284.3983 8.0818e-01     4.7193      3.274      4.748    14.2044 0.0000e+00
      3.354      0.061     9.4823     92.625     43.159  33.843053     5.1913      7.861   284.4230 7.8935e-01     4.6443      3.291      4.773    14.2038 0.0000e+00
      3.367      0.060     9.4880     92.612     43.228  33.896951     5.1780      7.861   284.4838 7.8265e-01     4.6703      3.302      4.790    14.2035 0.0000e+00
      3.380      0.057     9.4957     92.592     43.308  33.958628     5.1665      7.861   284.4453 7.6975e-01     4.7601      3.313      4.805    14.2032 0.0000e+00
      3.397      0.053     9.5001     92.562     43.384  34.017774     5.1271      7.861   284.3880 7.4546e-01     4.7746      3.331      4.831    14.2033 0.0000e+00
      3.414      0.051     9.5046     92.487     43.414  34.041075     5.0923      7.861   284.3925 7.1867e-01     4.7425      3.351      4.860    14.2036 0.0000e+00
      3.425      0.050     9.5006     92.393     43.426  34.050024     5.0713      7.861   284.4136 7.0293e-01     4.6799      3.360      4.873    14.2032 0.0000e+00
      3.435      0.048     9.4983     92.314     43.442  34.062527     5.0563      7.861   284.4708 6.9172e-01     4.6659      3.365      4.882    14.2029 0.0000e+00
      3.446      0.045     9.4988     92.248     43.447  34.065366     5.0351      7.861   284.4818 6.6613e-01     4.7441      3.378      4.899    14.2023 0.0000e+00
      3.459      0.045     9.4892     92.217     43.472  34.084336     5.0152      7.862   284.3748 6.3711e-01     4.7716      3.393      4.921    14.2018 0.0000e+00
      3.471      0.048     9.4769     92.180     43.494  34.101556     5.0238      7.863   284.3810 6.2231e-01     4.7247      3.406      4.940    14.2016 0.0000e+00
      3.480      0.048     9.4718     92.114     43.472  34.083229     5.0976      7.862   284.4715 6.1419e-01     4.7575      3.412      4.950    14.2009 0.0000e+00
      3.492      0.046     9.4620     92.149     43.434  34.053088     5.2665      7.860   284.4363 5.9562e-01     4.9290      3.421      4.963    14.1999 0.0000e+00
      3.507      0.045     9.4595     92.233     43.436  34.054344     5.4261      7.860   284.3848 5.8419e-01     5.0234      3.441      4.990    14.1995 0.0000e+00
      3.522      0.046     9.4639     92.280     43.493  34.098424     5.4876      7.861   284.4520 5.8389e-01     5.0099      3.457      5.015    14.1992 0.0000e+00
      3.531      0.046     9.4421     92.366     43.548  34.141933     5.4936      7.861   284.5603 5.7838e-01     5.0050      3.464      5.024    14.1983 0.0000e+00
      3.537      0.044     9.4519     92.391     43.542  34.136280     5.5163      7.861   284.6619 5.6208e-01     4.9300      3.466      5.027    14.1975 0.0000e+00
      3.548      0.041     9.4705     92.291     43.487  34.093515     5.5865      7.861   284.7343 5.3772e-01     4.8550      3.478      5.045    14.1971 0.0000e+00
      3.564      0.039     9.4604     92.164     43.456  34.068990     5.6433      7.861   284.7476 5.2503e-01     4.8160      3.497      5.072    14.1968 0.0000e+00
      3.577      0.039     9.4812     92.007     43.488  34.093536     5.6372      7.861   284.7366 5.2235e-01     4.7311      3.510      5.091    14.1964 0.0000e+00
      3.584      0.039     9.4877     91.817     43.543  34.136519     5.5132      7.861   284.6873 5.1895e-01     4.6821      3.515      5.100    14.1958 0.0000e+00
      3.588      0.038     9.4664     91.637     43.553  34.144565     5.3089      7.860   284.6674 5.1187e-01     4.7018      3.517      5.102    14.1958 0.0000e+00
      3.595      0.038     9.4594     91.493     43.530  34.127376     5.2056      7.860   284.7539 4.9359e-01     4.7644      3.522      5.110    14.1957 0.0000e+00
      3.608      0.038     9.4415     91.412     43.520  34.119031     5.2051      7.859   284.8733 4.6826e-01     4.7909      3.539      5.133    14.1958 0.0000e+00
      3.623      0.040     9.4200     91.395     43.505  34.107105     5.1779      7.859   284.9064 4.5243e-01     4.7819      3.555      5.156    14.1961 0.0000e+00
      3.634      0.043     9.4014     91.393     43.509  34.110070     5.1180      7.860   284.8956 4.4903e-01     4.8608      3.565      5.170    14.1959 0.0000e+00
      3.641      0.046     9.3851     91.381     43.566  34.154883     5.0886      7.861   284.9152 4.3869e-01     4.9928      3.570      5.179    14.1958 0.0000e+00
      3.648      0.049     9.3763     91.376     43.630  34.204815     5.0887      7.861   284.9712 4.2119e-01     5.0802      3.576      5.186    14.1958 0.0000e+00
      3.660      0.053     9.3773     91.400     43.632  34.206221     5.1357      7.861   285.0567 4.0360e-01     5.0291      3.588      5.203    14.1957 0.0000e+00
      3.677      0.054     9.3788     91.451     43.588  34.171886     5.2246      7.861   285.0889 3.8750e-01     4.9214      3.606      5.230    14.1956 0.0000e+00
      3.697      0.053     9.3753     91.472     43.586  34.170352     5.2810      7.860   285.1017 3.8144e-01     4.9402      3.625      5.257    14.1959 0.0000e+00
      3.715      0.051     9.3752     91.447     43.609  34.187672     5.3184      7.860   285.2112 3.7471e-01     5.0170      3.645      5.287    14.1957 0.0000e+00
      3.727      0.049     9.3756     91.395     43.613  34.190961     5.4186      7.860   285.3810 3.6792e-01     4.9963      3.658      5.306    14.1951 0.0000e+00
      3.734      0.047     9.3859     91.308     43.638  34.210123     5.5604      7.860   285.5204 3.6172e-01     4.8611      3.660      5.309    14.1949 0.0000e+00
      3.740      0.047     9.3877     91.200     43.663  34.229013     5.6256      7.860   285.6049 3.4877e-01     4.7139      3.665      5.317    14.1948 0.0000e+00
      3.751      0.047     9.3831     91.103     43.663  34.229018     5.6336      7.860   285.6293 3.4133e-01     4.6858      3.676      5.333    14.1946 0.0000e+00
      3.767      0.048     9.3800     91.051     43.639  34.210179     5.6495      7.860   285.5569 3.3715e-01     4.7599      3.692      5.356    14.1945 0.0000e+00
      3.784      0.049     9.3695     91.052     43.615  34.191574     5.6251      7.859   285.5042 3.2275e-01     4.8242      3.712      5.386    14.1945 0.0000e+00
      3.797      0.049     9.3577     91.081     43.620  34.194407     5.5548      7.858   285.5947 3.0432e-01     4.8829      3.726      5.404    14.1943 0.0000e+00
      3.807      0.048     9.3462     91.113     43.603  34.180985     5.5162      7.858   285.7037 2.9301e-01     4.9232      3.733      5.415    14.1940 0.0000e+00
      3.816      0.045     9.3404     91.139     43.572  34.156185     5.5241      7.858   285.7900 2.8498e-01     4.9358      3.744      5.430    14.1938 0.0000e+00
      3.826      0.043     9.3420     91.159     43.562  34.148333     5.5169      7.858   285.8636 2.7327e-01     4.9665      3.751      5.440    14.1932 0.0000e+00
      3.839      0.043     9.3462     91.167     43.564  34.149491     5.4707      7.858   285.9052 2.5785e-01     4.9530      3.762      5.457    14.1925 0.0000e+00
      3.853      0.044     9.3494     91.142     43.590  34.170189     5.4237      7.858   285.9490 2.4750e-01     4.9086      3.780      5.483    14.1923 0.0000e+00
      3.863      0.046     9.3525     91.083     43.640  34.208251     5.3984      7.858   286.0492 2.4262e-01     4.9089      3.788      5.496    14.1923 0.0000e+00
      3.873      0.048     9.3543     91.036     43.667  34.229014     5.3314      7.859   286.1705 2.4199e-01     5.0253      3.797      5.507    14.1919 0.0000e+00
      3.884      0.049     9.3562     90.996     43.669  34.230901     5.2127      7.860   286.2105 2.4023e-01     5.1881      3.809      5.524    14.1917 0.0000e+00
      3.897      0.047     9.3549     90.931     43.669  34.231059     5.1444      7.859   286.1890 2.1936e-01     5.2035      3.820      5.540    14.1914 0.0000e+00
      3.913      0.043     9.3450     90.849     43.668  34.230919     5.1380      7.858   286.1687 1.9888e-01     5.1435      3.838      5.566    14.1906 0.0000e+00
      3.927      0.038     9.3410     90.758     43.666  34.229214     5.1860      7.857   286.2231 1.9659e-01     5.0769      3.854      5.590    14.1901 0.0000e+00
      3.937      0.035     9.3399     90.668     43.641  34.210440     5.2920      7.856   286.3310 1.9001e-01     5.0129      3.863      5.603    14.1900 0.0000e+00
      3.941      0.033     9.3309     90.610     43.621  34.194266     5.3628      7.856   286.3546 1.8795e-01     5.0195      3.866      5.608    14.1906 0.0000e+00
      3.943      0.033     9.3228     90.596     43.659  34.223998     5.3680      7.855   286.3357 2.0096e-01     5.0205      3.866      5.607    14.1911 0.0000e+00
