Data/DataNotYetUploadedToEDI/Raw_CTD/RawDownloads/102924_fcr20_S7809012.cnv
* Sea-Bird SBE19plus  Data File:
* FileName = C:\R\Reservoirs\Data\DataNotYetUploadedToEDI\Raw_CTD\RawDownloads\102924_fcr50_S7809_0012.hex
* Software version 2.8.0.119
* Temperature SN = 7809
* Conductivity SN = 7809
* System UpLoad Time = Oct 29 2024 18:06:27
* <ApplicationData>
* <Seaterm232>
# nquan = 15
# nvalues = 1063                        
# units = specified
# name 0 = depFM: Depth [fresh water, m]
# name 1 = dz/dtM: Descent Rate [m/s]
# name 2 = sbeox0Mg/L: Oxygen, SBE 43 [mg/l]
# name 3 = sbeox0PS: Oxygen, SBE 43 [% saturation]
# name 4 = specc: Specific Conductance [uS/cm]
# name 5 = c0uS/cm: Conductivity [uS/cm]
# name 6 = flECO-AFL: Fluorescence, WET Labs ECO-AFL/FL [mg/m^3]
# name 7 = ph: pH
# name 8 = orp: Oxidation Reduction Potential [mV]
# name 9 = par/sat/log: PAR/Logarithmic, Satlantic
# name 10 = turbWETntu0: Turbidity, WET Labs ECO [NTU]
# name 11 = prdM: Pressure, Strain Gauge [db]
# name 12 = prdE: Pressure, Strain Gauge [psi]
# name 13 = tv290C: Temperature [ITS-90, deg C]
# name 14 = flag:  0.000e+00
# span 0 =     -0.521,      3.038       
# span 1 =     -0.331,      0.215       
# span 2 =     6.9309,    11.6717       
# span 3 =     68.533,    114.083       
# span 4 =      1.477,     42.781       
# span 5 =   1.180169,  33.642873       
# span 6 =    -0.6241,    13.3612       
# span 7 =      7.419,      8.028       
# span 8 =  -662.1129,  1237.0415       
# span 9 = 1.8057e+00, 1.8466e+03       
# span 10 =    -8.4838,   262.8066      
# span 11 =     -0.512,      2.979      
# span 12 =     -0.742,      4.321      
# span 13 =    14.0847,    14.9258      
# span 14 = 0.0000e+00, 0.0000e+00      
# interval = seconds: 0.25
# start_time = Oct 29 2024 11:49:21 [Instrument's time stamp, header]
# bad_flag = -9.990e-29
*END*
[from data line 386]
      1.096      0.018    10.3675    101.042     42.324  33.282810     5.4850      7.808   270.6012 2.1408e+01     4.4508      1.078      1.563    14.3173 0.0000e+00
      1.097      0.012    10.3635    100.950     42.323  33.283320     5.4957      7.808   270.7614 2.1462e+01     4.4783      1.076      1.561    14.3160 0.0000e+00
      1.096      0.006    10.3568    100.853     42.338  33.296411     5.5002      7.807   270.8304 2.1444e+01     4.5664      1.074      1.558    14.3149 0.0000e+00
      1.095      0.001    10.3483    100.797     42.359  33.314218     5.3894      7.807   270.8322 2.1428e+01     4.5591      1.074      1.557    14.3148 0.0000e+00
      1.096     -0.002    10.3410    100.797     42.351  33.308294     5.1705      7.808   270.8687 2.1425e+01     4.4244      1.075      1.559    14.3155 0.0000e+00
      1.096     -0.002    10.3315    100.843     42.324  33.288227     5.0349      7.809   270.9281 2.1384e+01     4.2704      1.076      1.560    14.3168 0.0000e+00
      1.095     -0.001    10.3182    100.926     42.289  33.261920     5.0149      7.809   270.9481 2.1358e+01     4.2343      1.075      1.559    14.3186 0.0000e+00
      1.094     -0.001    10.3122    101.023     42.266  33.243995     5.0289      7.808   271.0254 2.1372e+01     4.2957      1.073      1.556    14.3197 0.0000e+00
      1.093     -0.001    10.3125    101.098     42.289  33.261818     5.0372      7.807   271.0883 2.1399e+01     4.2953      1.071      1.554    14.3204 0.0000e+00
      1.094      0.000    10.3169    101.140     42.322  33.287085     5.0240      7.808   271.1054 2.1351e+01     4.2296      1.072      1.554    14.3220 0.0000e+00
      1.095      0.004    10.3261    101.193     42.333  33.295723     5.0115      7.808   271.2329 2.1202e+01     4.1850      1.074      1.557    14.3238 0.0000e+00
      1.095      0.010    10.3375    101.268     42.342  33.302814     5.0104      7.808   271.3399 2.1158e+01     4.1650      1.075      1.559    14.3239 0.0000e+00
      1.094      0.018    10.3462    101.315     42.351  33.309381     5.0684      7.808   271.3664 2.1196e+01     4.2263      1.072      1.555    14.3230 0.0000e+00
      1.097      0.026    10.3483    101.322     42.353  33.311689     5.1809      7.808   271.3809 2.1143e+01     4.3455      1.072      1.554    14.3227 0.0000e+00
      1.107      0.034    10.3518    101.318     42.378  33.330723     5.2385      7.810   271.4297 2.1217e+01     4.4111      1.085      1.574    14.3227 0.0000e+00
      1.121      0.039    10.3639    101.314     42.403  33.349185     5.2400      7.811   271.5256 2.1414e+01     4.4383      1.100      1.595    14.3225 0.0000e+00
      1.134      0.041    10.3684    101.297     42.400  33.344571     5.2832      7.812   271.5939 2.1398e+01     4.4701      1.111      1.611    14.3222 0.0000e+00
      1.148      0.038    10.3677    101.269     42.394  33.338379     5.3781      7.812   271.6525 2.1246e+01     4.5221      1.126      1.634    14.3223 0.0000e+00
      1.158      0.032    10.3664    101.213     42.394  33.337765     5.4209      7.811   271.7190 2.1169e+01     4.5206      1.138      1.651    14.3226 0.0000e+00
      1.163      0.026    10.3677    101.090     42.393  33.337142     5.4014      7.809   271.7947 2.1106e+01     4.4521      1.141      1.655    14.3211 0.0000e+00
      1.166      0.021    10.3664    100.943     42.385  33.330845     5.3089      7.808   271.8801 2.0967e+01     4.3764      1.143      1.658    14.3178 0.0000e+00
      1.170      0.016    10.3632    100.833     42.378  33.325077     5.1426      7.808   271.9768 2.0766e+01     4.3230      1.147      1.664    14.3159 0.0000e+00
      1.174      0.015    10.3622    100.764     42.385  33.330845     5.0554      7.809   272.1036 2.0566e+01     4.3535      1.151      1.671    14.3151 0.0000e+00
      1.177      0.016    10.3459    100.729     42.393  33.337133     5.0457      7.810   272.2089 2.0401e+01     4.3685      1.154      1.674    14.3151 0.0000e+00
      1.181      0.017    10.3281    100.714     42.394  33.337662     5.0832      7.810   272.2174 2.0300e+01     4.2998      1.158      1.679    14.3154 0.0000e+00
      1.184      0.018    10.3178    100.694     42.394  33.337246     5.1852      7.811   272.2059 2.0305e+01     4.2749      1.161      1.683    14.3156 0.0000e+00
      1.189      0.019    10.3103    100.655     42.388  33.332104     5.2549      7.811   272.2423 2.0340e+01     4.3064      1.165      1.689    14.3156 0.0000e+00
      1.195      0.021    10.3079    100.627     42.396  33.338931     5.2767      7.811   272.3133 2.0354e+01     4.3392      1.172      1.700    14.3153 0.0000e+00
      1.202      0.024    10.3067    100.606     42.419  33.356348     5.3569      7.811   272.4622 2.0439e+01     4.2953      1.180      1.711    14.3151 0.0000e+00
      1.207      0.027    10.3066    100.558     42.414  33.352357     5.4999      7.811   272.5802 2.0591e+01     4.2198      1.184      1.716    14.3150 0.0000e+00
      1.212      0.029    10.2997    100.493     42.417  33.354124     5.5831      7.811   272.5357 2.0728e+01     4.2467      1.188      1.722    14.3150 0.0000e+00
      1.219      0.029    10.2971    100.442     42.447  33.377714     5.5972      7.811   272.4401 2.0757e+01     4.2438      1.195      1.733    14.3151 0.0000e+00
      1.229      0.028    10.2980    100.412     42.456  33.383802     5.5791      7.811   272.4563 2.0671e+01     4.1849      1.206      1.748    14.3147 0.0000e+00
      1.239      0.027    10.2912    100.377     42.431  33.364288     5.4631      7.811   272.5602 2.0592e+01     4.1838      1.217      1.765    14.3144 0.0000e+00
      1.246      0.026    10.2842    100.307     42.391  33.332104     5.2856      7.811   272.6630 2.0536e+01     4.2313      1.223      1.774    14.3138 0.0000e+00
      1.250      0.023    10.2779    100.196     42.366  33.311879     5.2061      7.811   272.7528 2.0449e+01     4.2806      1.226      1.778    14.3129 0.0000e+00
      1.255      0.019    10.2768    100.068     42.366  33.310083     5.2088      7.811   272.7853 2.0291e+01     4.2673      1.229      1.784    14.3125 0.0000e+00
      1.260      0.017    10.2742     99.967     42.369  33.310383     5.1436      7.811   272.7982 2.0091e+01     4.2070      1.235      1.792    14.3123 0.0000e+00
      1.265      0.015    10.2676     99.879     42.378  33.315517     5.0177      7.811   272.8227 1.9993e+01     4.1660      1.242      1.801    14.3120 0.0000e+00
      1.268      0.014    10.2558     99.764     42.372  33.308699     4.9601      7.811   272.8240 1.9971e+01     4.1815      1.243      1.803    14.3112 0.0000e+00
      1.271      0.012    10.2403     99.624     42.352  33.291387     4.9789      7.811   272.9004 1.9888e+01     4.2573      1.245      1.806    14.3089 0.0000e+00
      1.274      0.012    10.2311     99.489     42.359  33.296530     5.0706      7.811   273.0574 1.9837e+01     4.2971      1.249      1.813    14.3063 0.0000e+00
      1.276      0.012    10.2263     99.387     42.373  33.307441     5.2194      7.811   273.1737 1.9882e+01     4.2526      1.251      1.815    14.3041 0.0000e+00
      1.278      0.013    10.2126     99.307     42.359  33.296416     5.3047      7.811   273.1882 1.9895e+01     4.2329      1.253      1.817    14.3016 0.0000e+00
      1.282      0.015    10.1996     99.276     42.351  33.290119     5.3284      7.812   273.1474 1.9898e+01     4.2644      1.258      1.824    14.2994 0.0000e+00
      1.287      0.018    10.1824     99.291     42.356  33.294752     5.4389      7.812   273.1964 1.9965e+01     4.2912      1.262      1.832    14.2986 0.0000e+00
      1.291      0.021    10.1755     99.332     42.348  33.288984     5.6429      7.812   273.3493 2.0015e+01     4.2834      1.265      1.835    14.2985 0.0000e+00
      1.296      0.023    10.1645     99.405     42.343  33.283832     5.7474      7.812   273.4474 1.9966e+01     4.2389      1.270      1.842    14.2991 0.0000e+00
      1.303      0.025    10.1595     99.420     42.359  33.295895     5.7453      7.811   273.4368 1.9861e+01     4.2304      1.278      1.853    14.3001 0.0000e+00
      1.312      0.026    10.1672     99.406     42.375  33.307950     5.6755      7.811   273.4789 1.9763e+01     4.2498      1.286      1.866    14.3004 0.0000e+00
      1.319      0.026    10.1624     99.430     42.369  33.302702     5.5277      7.812   273.6122 1.9628e+01     4.2339      1.293      1.876    14.3003 0.0000e+00
      1.325      0.025    10.1830     99.466     42.361  33.295884     5.4310      7.812   273.6726 1.9449e+01     4.2085      1.300      1.885    14.2994 0.0000e+00
      1.331      0.023    10.1785     99.485     42.353  33.288958     5.4059      7.812   273.6925 1.9303e+01     4.1816      1.306      1.894    14.2983 0.0000e+00
      1.336      0.021    10.1737     99.476     42.345  33.282402     5.3982      7.812   273.7672 1.9179e+01     4.1819      1.310      1.900    14.2979 0.0000e+00
      1.341      0.020    10.1803     99.551     42.341  33.280052     5.3964      7.813   273.8011 1.9064e+01     4.2470      1.316      1.908    14.2975 0.0000e+00
      1.345      0.019    10.1822     99.728     42.316  33.260552     5.3835      7.813   273.7586 1.8955e+01     4.2857      1.320      1.914    14.2968 0.0000e+00
      1.350      0.019    10.1893     99.837     42.286  33.236953     5.3596      7.813   273.7686 1.8845e+01     4.2392      1.324      1.919    14.2963 0.0000e+00
      1.356      0.018    10.1804     99.856     42.301  33.248498     5.3405      7.813   273.8362 1.8765e+01     4.1983      1.330      1.928    14.2962 0.0000e+00
      1.361      0.017    10.1848     99.883     42.333  33.273245     5.4030      7.813   273.8880 1.8733e+01     4.2011      1.335      1.937    14.2958 0.0000e+00
      1.365      0.016    10.2155     99.897     42.345  33.282401     5.5407      7.812   274.0502 1.8740e+01     4.2391      1.338      1.941    14.2958 0.0000e+00
      1.370      0.015    10.2269     99.892     42.362  33.295766     5.6067      7.812   274.2487 1.8782e+01     4.2480      1.343      1.948    14.2962 0.0000e+00
      1.373      0.013    10.2188     99.881     42.377  33.307949     5.5932      7.812   274.3096 1.8832e+01     4.2052      1.347      1.954    14.2964 0.0000e+00
      1.374      0.008    10.2288     99.854     42.370  33.302816     5.5947      7.812   274.3570 1.8828e+01     4.2346      1.348      1.955    14.2963 0.0000e+00
      1.378      0.003    10.2276     99.843     42.363  33.297145     5.6246      7.812   274.3915 1.8734e+01     4.3303      1.351      1.959    14.2962 0.0000e+00
      1.381     -0.002    10.2267     99.847     42.369  33.302828     5.6555      7.812   274.4677 1.8611e+01     4.3708      1.357      1.967    14.2963 0.0000e+00
      1.380     -0.005    10.2274     99.820     42.375  33.308085     5.6673      7.812   274.5902 1.8599e+01     4.3140      1.355      1.965    14.2959 0.0000e+00
      1.373     -0.007    10.2221     99.788     42.360  33.297268     5.7249      7.813   274.5820 1.8725e+01     4.2934      1.346      1.952    14.2957 0.0000e+00
      1.367     -0.007    10.2203     99.786     42.363  33.298931     5.8537      7.813   274.5411 1.8851e+01     4.3607      1.339      1.941    14.2964 0.0000e+00
      1.365     -0.006    10.2240     99.756     42.400  33.328195     5.9347      7.812   274.5256 1.8926e+01     4.3758      1.338      1.940    14.2978 0.0000e+00
      1.366     -0.004    10.2202     99.733     42.407  33.333868     5.9300      7.812   274.5671 1.9039e+01     4.3394      1.340      1.943    14.2989 0.0000e+00
      1.368      0.000    10.2114     99.766     42.369  33.304081     5.7806      7.811   274.6979 1.9209e+01     4.2972      1.342      1.946    14.2990 0.0000e+00
      1.368      0.002    10.2191     99.789     42.344  33.285256     5.5091      7.811   274.7313 1.9379e+01     4.2404      1.343      1.947    14.2989 0.0000e+00
      1.367      0.002    10.2125     99.816     42.358  33.296591     5.3690      7.811   274.7119 1.9501e+01     4.2339      1.341      1.944    14.2990 0.0000e+00
      1.367      0.001    10.2048     99.842     42.380  33.314254     5.3774      7.812   274.8076 1.9564e+01     4.2868      1.340      1.943    14.2987 0.0000e+00
      1.368      0.001    10.2167     99.794     42.372  33.308481     5.3695      7.812   274.8561 1.9593e+01     4.2990      1.341      1.945    14.2988 0.0000e+00
      1.369      0.002    10.2151     99.729     42.349  33.290232     5.2480      7.812   274.8684 1.9601e+01     4.3140      1.343      1.947    14.2998 0.0000e+00
      1.370      0.005    10.2157     99.728     42.342  33.283945     5.0655      7.812   274.9559 1.9581e+01     4.4334      1.344      1.949    14.3005 0.0000e+00
      1.370      0.008    10.2269     99.748     42.358  33.295905     4.9856      7.812   275.0540 1.9546e+01     4.5466      1.343      1.948    14.3008 0.0000e+00
      1.370      0.013    10.2161     99.743     42.373  33.307951     4.9976      7.813   275.1948 1.9499e+01     4.5215      1.343      1.948    14.3016 0.0000e+00
      1.373      0.018    10.2051     99.753     42.366  33.302702     5.0938      7.813   275.2814 1.9390e+01     4.4366      1.345      1.952    14.3010 0.0000e+00
      1.378      0.025    10.2087     99.794     42.358  33.295884     5.2585      7.812   275.2409 1.9218e+01     4.4086      1.351      1.959    14.2998 0.0000e+00
      1.387      0.031    10.2132     99.828     42.351  33.288959     5.3419      7.812   275.2205 1.9078e+01     4.4221      1.361      1.973    14.2997 0.0000e+00
      1.397      0.035    10.2105     99.870     42.344  33.282412     5.3684      7.813   275.2934 1.8978e+01     4.4637      1.370      1.987    14.3000 0.0000e+00
      1.407      0.037    10.2084     99.893     42.342  33.280167     5.5129      7.813   275.3480 1.8821e+01     4.4682      1.377      1.998    14.3002 0.0000e+00
      1.419      0.037    10.2191     99.861     42.319  33.261809     5.7489      7.813   275.3637 1.8681e+01     4.4075      1.392      2.019    14.2997 0.0000e+00
      1.430      0.034    10.2177     99.816     42.305  33.250777     5.8664      7.813   275.3971 1.8640e+01     4.3788      1.404      2.037    14.2984 0.0000e+00
      1.438      0.030    10.2250     99.797     42.334  33.273677     5.8520      7.814   275.4939 1.8623e+01     4.4285      1.410      2.045    14.2970 0.0000e+00
      1.444      0.025    10.2308     99.816     42.349  33.284913     5.6750      7.814   275.5875 1.8646e+01     4.4625      1.417      2.056    14.2962 0.0000e+00
      1.449      0.021    10.2232     99.856     42.317  33.259739     5.3491      7.814   275.5828 1.8678e+01     4.3793      1.421      2.062    14.2954 0.0000e+00
      1.453      0.019    10.2191     99.896     42.270  33.223078     5.1573      7.813   275.6084 1.8684e+01     4.3107      1.424      2.066    14.2949 0.0000e+00
      1.457      0.019    10.2150     99.924     42.270  33.222313     5.1284      7.813   275.6391 1.8706e+01     4.3165      1.428      2.072    14.2951 0.0000e+00
      1.461      0.020    10.2193     99.954     42.305  33.250478     5.1087      7.814   275.6961 1.8670e+01     4.3121      1.433      2.077    14.2952 0.0000e+00
      1.466      0.021    10.2227     99.975     42.300  33.246413     5.0686      7.814   275.8680 1.8586e+01     4.2924      1.438      2.084    14.2951 0.0000e+00
      1.472      0.021    10.2294     99.963     42.288  33.236593     5.0342      7.815   275.9961 1.8508e+01     4.2487      1.444      2.093    14.2946 0.0000e+00
      1.479      0.021    10.2297     99.928     42.316  33.258635     5.0181      7.815   275.9546 1.8418e+01     4.2279      1.450      2.103    14.2943 0.0000e+00
