Data/DataNotYetUploadedToEDI/Raw_CTD/RawDownloads/102924_fcr40_S7809014.cnv
* Sea-Bird SBE19plus  Data File:
* FileName = C:\R\Reservoirs\Data\DataNotYetUploadedToEDI\Raw_CTD\RawDownloads\102924_fcr50_S7809_0014.hex
* Software version 2.8.0.119
* Temperature SN = 7809
* Conductivity SN = 7809
* System UpLoad Time = Oct 29 2024 18:07:34
* <ApplicationData>
* <Seaterm232>
# nquan = 15
# nvalues = 1355                        
# units = specified
# name 0 = depFM: Depth [fresh water, m]
# name 1 = dz/dtM: Descent Rate [m/s]
# name 2 = sbeox0Mg/L: Oxygen, SBE 43 [mg/l]
# name 3 = sbeox0PS: Oxygen, SBE 43 [% saturation]
# name 4 = specc: Specific Conductance [uS/cm]
# name 5 = c0uS/cm: Conductivity [uS/cm]
# name 6 = flECO-AFL: Fluorescence, WET Labs ECO-AFL/FL [mg/m^3]
# name 7 = ph: pH
# name 8 = orp: Oxidation Reduction Potential [mV]
# name 9 = par/sat/log: PAR/Logarithmic, Satlantic
# name 10 = turbWETntu0: Turbidity, WET Labs ECO [NTU]
# name 11 = prdM: Pressure, Strain Gauge [db]
# name 12 = prdE: Pressure, Strain Gauge [psi]
# name 13 = tv290C: Temperature [ITS-90, deg C]
# name 14 = flag:  0.000e+00
# span 0 =     -0.524,      6.242       
# span 1 =     -0.261,      0.232       
# span 2 =     6.7287,    12.4072       
# span 3 =     66.630,    121.717       
# span 4 =      1.500,     47.046       
# span 5 =   1.178766,  36.790784       
# span 6 =    -0.6516,     6.8666       
# span 7 =      7.818,      8.152       
# span 8 =   152.4561,   321.9935       
# span 9 = 1.2363e-01, 1.5765e+03       
# span 10 =    -0.7933,   375.3104      
# span 11 =     -0.516,      6.121      
# span 12 =     -0.748,      8.878      
# span 13 =    14.0361,    14.9590      
# span 14 = 0.0000e+00, 0.0000e+00      
# interval = seconds: 0.25
# start_time = Oct 29 2024 12:11:35 [Instrument's time stamp, header]
# bad_flag = -9.990e-29
*END*
[from data line 675]
      3.156      0.045     9.5067     92.748     43.517  34.112134     5.3970      7.982   286.1646 1.2065e+00     5.2003      3.096      4.491    14.1918 0.0000e+00
      3.166      0.041     9.5092     92.716     43.472  34.076915     5.3052      7.982   286.2441 1.1856e+00     5.1314      3.105      4.505    14.1917 0.0000e+00
      3.175      0.038     9.5153     92.629     43.420  34.035927     5.2896      7.982   286.2232 1.1500e+00     5.1511      3.111      4.513    14.1914 0.0000e+00
      3.186      0.037     9.5177     92.508     43.371  33.997225     5.2996      7.981   286.1700 1.1186e+00     5.1995      3.125      4.532    14.1912 0.0000e+00
      3.196      0.038     9.5181     92.393     43.361  33.989650     5.3099      7.981   286.2039 1.1053e+00     5.1699      3.136      4.549    14.1909 0.0000e+00
      3.204      0.040     9.5167     92.279     43.386  34.007781     5.3144      7.980   286.3750 1.0909e+00     5.0314      3.141      4.555    14.1906 0.0000e+00
      3.212      0.042     9.5069     92.156     43.410  34.026102     5.3034      7.980   286.4319 1.0662e+00     4.8915      3.148      4.565    14.1904 0.0000e+00
      3.224      0.043     9.4915     92.084     43.404  34.020834     5.2937      7.980   286.2887 1.0349e+00     4.9143      3.161      4.585    14.1904 0.0000e+00
      3.237      0.047     9.4812     92.117     43.388  34.007529     5.2801      7.980   286.2790 1.0028e+00     5.0676      3.176      4.606    14.1900 0.0000e+00
      3.249      0.053     9.4705     92.184     43.368  33.992128     5.2391      7.980   286.4001 9.7672e-01     5.1734      3.187      4.623    14.1891 0.0000e+00
      3.260      0.058     9.4563     92.222     43.330  33.961512     5.1980      7.980   286.3762 9.5564e-01     5.1686      3.196      4.635    14.1884 0.0000e+00
      3.274      0.063     9.4432     92.223     43.322  33.954582     5.1737      7.980   286.2480 9.1968e-01     5.1470      3.209      4.654    14.1876 0.0000e+00
      3.293      0.067     9.4536     92.222     43.344  33.971781     5.1453      7.980   286.1405 8.6654e-01     5.1849      3.230      4.685    14.1873 0.0000e+00
      3.313      0.069     9.4614     92.246     43.354  33.979117     5.1124      7.981   286.1098 8.3133e-01     5.2516      3.249      4.713    14.1868 0.0000e+00
      3.333      0.069     9.4660     92.266     43.356  33.979836     5.0920      7.981   286.2212 8.1350e-01     5.2357      3.267      4.739    14.1861 0.0000e+00
      3.352      0.066     9.4654     92.280     43.357  33.980467     5.0650      7.980   286.3690 7.8115e-01     5.1640      3.289      4.770    14.1854 0.0000e+00
      3.368      0.060     9.4619     92.261     43.365  33.986755     4.9282      7.980   286.4330 7.5379e-01     5.1006      3.305      4.794    14.1846 0.0000e+00
      3.382      0.053     9.4693     92.231     43.373  33.992419     4.7114      7.979   286.4792 7.4034e-01     5.0157      3.315      4.809    14.1842 0.0000e+00
      3.396      0.047     9.4677     92.280     43.365  33.985502     4.6069      7.978   286.4977 7.1885e-01     4.9586      3.330      4.830    14.1839 0.0000e+00
      3.407      0.042     9.4733     92.404     43.341  33.966563     4.5891      7.978   286.4842 7.0113e-01     4.9218      3.344      4.849    14.1836 0.0000e+00
      3.414      0.039     9.4703     92.491     43.324  33.953769     4.5462      7.977   286.5744 6.9048e-01     4.9124      3.348      4.855    14.1829 0.0000e+00
      3.420      0.039     9.4625     92.520     43.329  33.957702     4.4794      7.976   286.7284 6.7757e-01     4.9484      3.352      4.862    14.1821 0.0000e+00
      3.430      0.039     9.4666     92.524     43.319  33.950674     4.4304      7.976   286.7971 6.6237e-01     4.9804      3.362      4.877    14.1819 0.0000e+00
      3.442      0.039     9.4868     92.475     43.296  33.932239     4.4281      7.976   286.7163 6.4477e-01     4.9924      3.376      4.896    14.1819 0.0000e+00
      3.454      0.040     9.4965     92.429     43.288  33.925139     4.4273      7.976   286.6115 6.3366e-01     4.9562      3.387      4.913    14.1823 0.0000e+00
      3.466      0.043     9.4935     92.402     43.293  33.928282     4.3872      7.976   286.6485 6.2484e-01     4.9532      3.399      4.930    14.1830 0.0000e+00
      3.476      0.046     9.5008     92.356     43.349  33.970227     4.3426      7.976   286.7338 6.1710e-01     5.0239      3.411      4.946    14.1832 0.0000e+00
      3.482      0.050     9.4901     92.357     43.456  34.051621     4.3286      7.975   286.6963 6.1134e-01     5.0589      3.414      4.952    14.1831 0.0000e+00
      3.492      0.055     9.4833     92.368     43.505  34.087609     4.3183      7.975   286.6262 5.8962e-01     5.0696      3.421      4.961    14.1825 0.0000e+00
      3.510      0.058     9.4889     92.348     43.508  34.088130     4.2850      7.974   286.6599 5.6104e-01     5.1191      3.440      4.991    14.1815 0.0000e+00
      3.531      0.058     9.4742     92.338     43.553  34.121356     4.2497      7.974   286.7597 5.3745e-01     5.1801      3.465      5.026    14.1797 0.0000e+00
      3.550      0.055     9.4802     92.289     43.618  34.172115     4.2496      7.974   286.8861 5.1811e-01     5.2259      3.483      5.051    14.1760 0.0000e+00
      3.565      0.050     9.4864     92.205     43.728  34.257725     4.2596      7.974   286.9832 5.1192e-01     5.2289      3.498      5.074    14.1722 0.0000e+00
      3.575      0.047     9.4760     92.099     43.905  34.395110     4.2375      7.974   286.9882 5.1126e-01     5.1814      3.510      5.091    14.1700 0.0000e+00
      3.579      0.047     9.4844     91.950     44.041  34.500839     4.1981      7.974   286.9468 5.0336e-01     5.1302      3.509      5.089    14.1689 0.0000e+00
      3.585      0.050     9.4752     91.818     44.069  34.520939     4.1743      7.973   286.9119 4.8791e-01     5.1231      3.511      5.093    14.1681 0.0000e+00
      3.599      0.053     9.4663     91.728     44.059  34.511239     4.1743      7.973   286.9105 4.6565e-01     5.1632      3.526      5.116    14.1676 0.0000e+00
      3.620      0.053     9.4594     91.643     44.059  34.510440     4.1483      7.973   286.9305 4.3976e-01     5.1717      3.549      5.148    14.1672 0.0000e+00
      3.642      0.051     9.4389     91.564     44.061  34.511285     4.0846      7.973   286.9816 4.1132e-01     5.1225      3.574      5.183    14.1656 0.0000e+00
      3.659      0.048     9.4255     91.493     44.074  34.521458     4.0451      7.973   287.0123 3.9396e-01     5.0805      3.592      5.210    14.1633 0.0000e+00
      3.666      0.048     9.4196     91.403     44.055  34.506544     4.0370      7.974   286.9572 4.0132e-01     5.1089      3.598      5.218    14.1614 0.0000e+00
      3.667      0.050     9.4103     91.321     43.995  34.457855     4.0698      7.974   287.0038 4.0711e-01     5.2607      3.596      5.215    14.1601 0.0000e+00
      3.671      0.055     9.4009     91.266     43.976  34.440331     4.1341      7.974   287.0592 3.8743e-01     5.4130      3.595      5.214    14.1597 0.0000e+00
      3.686      0.060     9.3974     91.226     43.955  34.421559     4.1570      7.973   287.0257 3.4696e-01     5.4128      3.609      5.235    14.1595 0.0000e+00
      3.715      0.064     9.3850     91.210     43.875  34.357771     4.1468      7.972   287.1149 3.1179e-01     5.3602      3.644      5.286    14.1594 0.0000e+00
      3.744      0.063     9.3760     91.206     43.807  34.303542     4.1526      7.971   287.2764 3.0332e-01     5.3582      3.676      5.332    14.1582 0.0000e+00
      3.761      0.058     9.3731     91.212     43.770  34.273461     4.1514      7.970   287.3437 3.0990e-01     5.3539      3.690      5.352    14.1551 0.0000e+00
      3.771      0.050     9.3673     91.244     43.737  34.247841     4.1076      7.969   287.3269 3.2176e-01     5.2743      3.700      5.366    14.1521 0.0000e+00
      3.775      0.043     9.3677     91.250     43.737  34.247566     4.0557      7.969   287.3311 3.2647e-01     5.1817      3.702      5.370    14.1504 0.0000e+00
      3.778      0.040     9.3682     91.194     43.766  34.270129     4.0487      7.969   287.3084 3.1139e-01     5.1910      3.703      5.371    14.1494 0.0000e+00
      3.788      0.042     9.3659     91.101     43.763  34.266869     4.0727      7.969   287.3109 2.9018e-01     5.2502      3.713      5.385    14.1486 0.0000e+00
      3.803      0.046     9.3732     90.993     43.689  34.208142     4.0807      7.967   287.4471 2.8094e-01     5.2828      3.728      5.408    14.1482 0.0000e+00
      3.820      0.047     9.3759     90.906     43.591  34.131082     4.0694      7.965   287.5781 2.7981e-01     5.2436      3.747      5.434    14.1481 0.0000e+00
      3.835      0.047     9.3671     90.846     43.546  34.096489     4.0534      7.964   287.6044 2.6566e-01     5.1514      3.762      5.456    14.1477 0.0000e+00
      3.846      0.045     9.3588     90.776     43.561  34.107113     4.0360      7.964   287.5927 2.4058e-01     5.1579      3.772      5.471    14.1472 0.0000e+00
      3.855      0.042     9.3452     90.708     43.594  34.132643     4.0260      7.964   287.6096 2.2755e-01     5.2208      3.782      5.485    14.1469 0.0000e+00
      3.862      0.041     9.3353     90.646     43.618  34.151391     4.0238      7.964   287.6363 2.2792e-01     5.2285      3.787      5.492    14.1464 0.0000e+00
      3.870      0.042     9.3333     90.581     43.608  34.143454     4.0179      7.963   287.5719 2.2911e-01     5.2175      3.792      5.501    14.1458 0.0000e+00
      3.882      0.044     9.3235     90.539     43.553  34.100123     4.0039      7.963   287.4332 2.2470e-01     5.2581      3.807      5.521    14.1451 0.0000e+00
      3.895      0.048     9.3169     90.518     43.518  34.071600     4.0053      7.963   287.4208 2.1695e-01     5.3772      3.820      5.541    14.1449 0.0000e+00
      3.908      0.050     9.3123     90.488     43.575  34.115809     4.0264      7.962   287.5079 2.1508e-01     5.4619      3.832      5.558    14.1450 0.0000e+00
      3.922      0.050     9.3024     90.441     43.671  34.190529     4.0340      7.962   287.5408 2.0962e-01     5.4280      3.846      5.578    14.1448 0.0000e+00
      3.935      0.049     9.2996     90.374     43.702  34.213682     4.0314      7.962   287.5599 1.9192e-01     5.2751      3.860      5.597    14.1441 0.0000e+00
      3.949      0.047     9.2986     90.280     43.692  34.205405     4.0357      7.962   287.6529 1.8711e-01     5.1169      3.874      5.618    14.1435 0.0000e+00
      3.959      0.047     9.2962     90.180     43.709  34.217351     4.0525      7.962   287.7189 1.8851e-01     5.1205      3.884      5.633    14.1429 0.0000e+00
      3.969      0.048     9.2909     90.112     43.729  34.231231     4.0762      7.962   287.6695 1.7253e-01     5.2155      3.890      5.642    14.1422 0.0000e+00
      3.979      0.050     9.2853     90.086     43.749  34.246324     4.0737      7.962   287.6584 1.5938e-01     5.2069      3.901      5.658    14.1409 0.0000e+00
      3.993      0.053     9.2751     90.075     43.784  34.272950     4.0469      7.962   287.7568 1.5383e-01     5.2211      3.915      5.679    14.1397 0.0000e+00
      4.009      0.054     9.2626     90.044     43.819  34.299379     4.0181      7.962   287.9118 1.4870e-01     5.3540      3.931      5.702    14.1390 0.0000e+00
      4.025      0.053     9.2564     90.034     43.837  34.312082     4.0084      7.961   288.0708 1.4645e-01     5.4128      3.949      5.727    14.1376 0.0000e+00
      4.040      0.048     9.2538     90.067     43.823  34.299639     4.0207      7.960   288.1294 1.4117e-01     5.4198      3.963      5.747    14.1361 0.0000e+00
      4.054      0.042     9.2570     90.092     43.793  34.275834     4.0174      7.959   288.1054 1.3508e-01     5.4050      3.976      5.766    14.1349 0.0000e+00
      4.064      0.037     9.2504     90.102     43.796  34.278038     4.0014      7.959   288.1246 1.3650e-01     5.3701      3.987      5.782    14.1337 0.0000e+00
      4.069      0.036     9.2476     90.113     43.857  34.326289     3.9945      7.959   288.1896 1.3785e-01     5.3741      3.991      5.788    14.1326 0.0000e+00
      4.072      0.039     9.2560     90.123     43.890  34.351659     4.0006      7.959   288.2025 1.3229e-01     5.3841      3.992      5.789    14.1316 0.0000e+00
      4.078      0.045     9.2576     90.144     43.864  34.330999     4.0251      7.959   288.1941 1.2811e-01     5.3891      3.998      5.798    14.1311 0.0000e+00
      4.090      0.052     9.2573     90.189     43.864  34.330282     4.0488      7.959   288.1744 1.2576e-01     5.3656      4.010      5.815    14.1311 0.0000e+00
      4.109      0.057     9.2596     90.232     43.880  34.342991     4.0625      7.959   288.1366 1.2387e-01     5.3394      4.029      5.843    14.1311 0.0000e+00
      4.130      0.057     9.2602     90.277     43.900  34.357762     4.0741      7.960   288.2530 1.2365e-01     5.3801      4.052      5.877    14.1308 0.0000e+00
      4.149      0.052     9.2603     90.336     43.931  34.381978     4.0819      7.960   288.4635 1.2371e-01     5.4129      4.071      5.904    14.1302 0.0000e+00
      4.164      0.043     9.2684     90.396     43.931  34.381996     4.0820      7.958   288.5310 1.2381e-01     5.3263      4.085      5.925    14.1294 0.0000e+00
      4.172      0.035     9.2715     90.439     43.901  34.357981     4.0669      7.957   288.5534 1.2385e-01     5.2205      4.092      5.935    14.1290 0.0000e+00
      4.175      0.032     9.2756     90.443     43.885  34.345397     4.0486      7.957   288.6469 1.2386e-01     5.2275      4.094      5.938    14.1285 0.0000e+00
      4.175      0.034     9.2830     90.408     43.899  34.356734     4.0683      7.958   288.7159 1.2379e-01     5.3423      4.095      5.939    14.1279 0.0000e+00
      4.179      0.041     9.2890     90.354     43.914  34.368164     4.1136      7.958   288.6990 1.2369e-01     5.4129      4.095      5.939    14.1278 0.0000e+00
      4.191      0.049     9.2951     90.299     43.900  34.356713     4.1303      7.959   288.6154 1.2367e-01     5.3643      4.108      5.957    14.1279 0.0000e+00
      4.211      0.055     9.2950     90.251     43.885  34.345167     4.1214      7.959   288.6519 1.2370e-01     5.3351      4.130      5.989    14.1278 0.0000e+00
      4.232      0.057     9.2909     90.212     43.898  34.355453     4.1139      7.958   288.7957 1.2373e-01     5.3678      4.151      6.020    14.1279 0.0000e+00
      4.249      0.055     9.2843     90.178     43.897  34.354196     4.1226      7.956   288.8059 1.2374e-01     5.4180      4.169      6.047    14.1276 0.0000e+00
      4.263      0.049     9.2791     90.167     43.867  34.329971     4.1354      7.956   288.7754 1.2377e-01     5.4289      4.182      6.066    14.1273 0.0000e+00
      4.273      0.044     9.2731     90.185     43.849  34.316327     4.1274      7.956   288.7706 1.2379e-01     5.3973      4.191      6.079    14.1275 0.0000e+00
      4.280      0.044     9.2707     90.212     43.849  34.316127     4.1164      7.957   288.7477 1.2378e-01     5.3774      4.198      6.089    14.1271 0.0000e+00
      4.285      0.048     9.2656     90.232     43.864  34.327549     4.1525      7.957   288.8422 1.2381e-01     5.3936      4.202      6.094    14.1268 0.0000e+00
      4.294      0.054     9.2641     90.245     43.864  34.327541     4.2231      7.957   288.9670 1.2385e-01     5.4574      4.207      6.103    14.1265 0.0000e+00
      4.312      0.059     9.2675     90.248     43.849  34.316023     4.2453      7.957   288.9663 1.2380e-01     5.4646      4.225      6.129    14.1262 0.0000e+00
      4.336      0.061     9.2704     90.235     43.848  34.315182     4.2210      7.956   288.9194 1.2378e-01     5.4125      4.254      6.169    14.1260 0.0000e+00
