Data/DataNotYetUploadedToEDI/Raw_CTD/RawDownloads/102924_fcr30_S7809013.cnv
* Sea-Bird SBE19plus  Data File:
* FileName = C:\R\Reservoirs\Data\DataNotYetUploadedToEDI\Raw_CTD\RawDownloads\102924_fcr50_S7809_0013.hex
* Software version 2.8.0.119
* Temperature SN = 7809
* Conductivity SN = 7809
* System UpLoad Time = Oct 29 2024 18:06:59
* <ApplicationData>
* <Seaterm232>
# nquan = 15
# nvalues = 1195                        
# units = specified
# name 0 = depFM: Depth [fresh water, m]
# name 1 = dz/dtM: Descent Rate [m/s]
# name 2 = sbeox0Mg/L: Oxygen, SBE 43 [mg/l]
# name 3 = sbeox0PS: Oxygen, SBE 43 [% saturation]
# name 4 = specc: Specific Conductance [uS/cm]
# name 5 = c0uS/cm: Conductivity [uS/cm]
# name 6 = flECO-AFL: Fluorescence, WET Labs ECO-AFL/FL [mg/m^3]
# name 7 = ph: pH
# name 8 = orp: Oxidation Reduction Potential [mV]
# name 9 = par/sat/log: PAR/Logarithmic, Satlantic
# name 10 = turbWETntu0: Turbidity, WET Labs ECO [NTU]
# name 11 = prdM: Pressure, Strain Gauge [db]
# name 12 = prdE: Pressure, Strain Gauge [psi]
# name 13 = tv290C: Temperature [ITS-90, deg C]
# name 14 = flag:  0.000e+00
# span 0 =     -0.523,      5.494       
# span 1 =     -0.377,      0.263       
# span 2 =     7.0616,    12.0267       
# span 3 =     69.650,    117.255       
# span 4 =     -0.249,     44.654       
# span 5 =  -0.196754,  34.925919       
# span 6 =    -0.1937,     6.9817       
# span 7 =      4.468,      8.008       
# span 8 =  -265.7069,  1235.8070       
# span 9 = 1.2368e-01, 1.4574e+03       
# span 10 =     0.1122,   931.5577      
# span 11 =     -0.514,      5.388      
# span 12 =     -0.745,      7.814      
# span 13 =    14.0553,    14.8402      
# span 14 = 0.0000e+00, 0.0000e+00      
# interval = seconds: 0.25
# start_time = Oct 29 2024 12:02:53 [Instrument's time stamp, header]
# bad_flag = -9.990e-29
*END*
[from data line 1157]
      0.177     -0.001    10.2493    102.124     42.397  33.377335     5.0207      7.904   281.2056 7.0062e+02     4.2136      0.175      0.254    14.3774 0.0000e+00
      0.180     -0.004    10.2977    102.435     42.379  33.360034     5.0429      7.905   280.9337 7.5106e+02     4.2664      0.181      0.263    14.3742 0.0000e+00
      0.175     -0.004    10.3469    102.593     42.373  33.354901     5.0374      7.907   280.5536 9.5141e+02     4.2634      0.173      0.251    14.3685 0.0000e+00
      0.166     -0.003    10.3981    102.618     42.399  33.378719     5.0040      7.908   280.3094 1.1564e+03     4.2115      0.161      0.233    14.3638 0.0000e+00
      0.161     -0.003    10.4455    102.573     42.412  33.394234     4.9142      7.907   280.3034 1.2110e+03     4.2205      0.156      0.226    14.3586 0.0000e+00
      0.162     -0.005    10.4799    102.496     42.426  33.415619     4.7748      7.907   280.3957 1.1235e+03     4.2692      0.157      0.228    14.3550 0.0000e+00
      0.168     -0.017    10.4952    102.410     42.446  33.446969     4.6927      7.907   282.2862 9.9528e+02     4.2876      0.164      0.237    14.3544 0.0000e+00
      0.174     -0.044    10.4945    102.385     42.431  33.456090     4.6780      7.907   284.0593 8.4917e+02     4.2391      0.174      0.252    14.3577 0.0000e+00
      0.174     -0.089    10.4857    102.450     42.410  33.462475     4.6718      7.907   281.7871 7.2462e+02     4.1604      0.178      0.257    14.3637 0.0000e+00
      0.155     -0.153    10.4782    102.608     42.382  33.460765     4.5848      7.908   278.9043 7.6384e+02     4.1901      0.164      0.238    14.3740 0.0000e+00
      0.110     -0.232    10.4583    102.848     42.172  33.308549     4.4256      7.910   277.7686 9.7187e+02     4.4617      0.115      0.168    14.3938 0.0000e+00
      0.041     -0.310    10.4509    103.108     39.708  31.368286     4.3278      7.915   275.6269 1.0969e+03     6.4540      0.046      0.067    14.4209 0.0000e+00
     -0.053     -0.363    10.4508    103.340     29.602  23.385814     4.2098      7.921   272.2826 1.0766e+03    27.9030     -0.039     -0.056    14.4485 0.0000e+00
     -0.176     -0.377    10.4604    103.490     14.622  11.550909     3.1658      7.926   270.5438 9.7479e+02   264.1747     -0.164     -0.239    14.4736 0.0000e+00
     -0.315     -0.352    10.4848    103.491      5.907   4.665856     1.2841      7.931   270.5210 7.6495e+02   697.2491     -0.315     -0.458    14.4919 0.0000e+00
     -0.435     -0.297    10.5109    103.353      6.387   5.041852     0.2771      7.937   270.6299 4.8948e+02   931.5577     -0.451     -0.654    14.4960 0.0000e+00
     -0.501     -0.224    10.5366    103.112     15.422  12.168150     0.2123      7.942   270.5703 2.7197e+02   931.3708     -0.511     -0.742    14.4958 0.0000e+00
     -0.520     -0.144    10.5568    102.716     28.610  22.570359     0.4426      7.946   270.0576 1.8490e+02   695.8428     -0.512     -0.743    14.4950 0.0000e+00
     -0.522     -0.074    10.5573    102.011     34.036  26.850956     0.8894      7.948   269.3358 1.6959e+02   260.6184     -0.513     -0.743    14.4885 0.0000e+00
     -0.522     -0.027    10.5436    100.777     29.674  23.413203     1.1197      7.950   268.7259 1.6716e+02    23.0697     -0.512     -0.744    14.4745 0.0000e+00
     -0.522     -0.006    10.5256     98.855     23.180  18.293157     1.0966      7.955   268.1909 1.6761e+02     1.4620     -0.512     -0.743    14.4556 0.0000e+00
     -0.522     -0.001    10.4927     96.379     18.006  14.212208     0.7930      7.959   267.7706 1.7738e+02     0.1122     -0.512     -0.743    14.4425 0.0000e+00
     -0.523     -0.000    10.4302     93.787     14.371  11.344413     0.2539      7.960   267.6022 2.0377e+02     1.1814     -0.513     -0.744    14.4395 0.0000e+00
     -0.523 -2.019e-08    10.3106     91.425     11.766   9.288154    -0.0285      7.962   267.5307 2.4070e+02     1.9221     -0.512     -0.743    14.4475 0.0000e+00
     -0.523 -2.221e-07    10.1098     89.438      9.468   7.474175    -0.0572      7.962   267.4223 2.7842e+02     1.9966     -0.513     -0.744    14.4582 0.0000e+00
     -0.523 -2.221e-07     9.8339     87.989      8.340   6.583600    -0.0940      7.957   267.6684 3.0484e+02     2.0135     -0.514     -0.745    14.4641 0.0000e+00
     -0.523 -2.019e-08     9.5555     87.204      8.480   6.694087    -0.1400      7.944   268.0112 2.9889e+02     2.1260     -0.513     -0.744    14.4672 0.0000e+00
     -0.523 -1.833e-09     9.3147     87.066      8.592   6.782588    -0.1731      7.916   268.0395 2.6670e+02     2.1616     -0.513     -0.744    14.4688 0.0000e+00
     -0.523 -1.378e-10     9.1029     87.444      8.171   6.449856    -0.1937      7.847   268.1830 2.3258e+02     2.1367     -0.513     -0.744    14.4693 0.0000e+00
     -0.523 1.5267e-10     8.9504     88.072      7.478   5.902348    -0.1478      7.682   270.6063 1.9974e+02     2.2692     -0.513     -0.744    14.4687 0.0000e+00
     -0.523 1.6794e-09     8.8722     88.628      6.629   5.231335     0.4734      7.308   291.5740 1.7282e+02     3.2510     -0.512     -0.743    14.4665 0.0000e+00
     -0.523 1.8474e-08     8.8628     88.932      5.760   4.545534     1.5909      6.416   434.4589 1.6209e+02     4.9213     -0.513     -0.744    14.4639 0.0000e+00
     -0.523 2.0321e-07     8.9105     88.962      6.445   5.086087     2.1775      5.125   561.7035 1.6689e+02     5.7950     -0.513     -0.744    14.4615 0.0000e+00
     -0.523 3.7255e-07     8.9908     88.911      7.525   5.937780     2.2136      4.468   564.7841 2.5066e+02     5.8560     -0.512     -0.743    14.4593 0.0000e+00
     -0.523 -9.990e-29     9.0520 -9.990e-29 -9.990e-29 -9.990e-29 -9.990e-29 -9.990e-29 -9.990e-29 4.9861e+02 -9.990e-29     -0.513     -0.745    14.4570 0.0000e+00
     -0.523 -9.990e-29     9.0859 -9.990e-29 -9.990e-29 -9.990e-29 -9.990e-29 -9.990e-29 -9.990e-29 7.8772e+02 -9.990e-29     -0.513     -0.744    14.4552 0.0000e+00
     -0.523 -9.990e-29     9.0828 -9.990e-29 -9.990e-29 -9.990e-29 -9.990e-29 -9.990e-29 -9.990e-29 9.2982e+02 -9.990e-29     -0.513     -0.744    14.4529 0.0000e+00
     -0.523 -9.990e-29     9.0613 -9.990e-29 -9.990e-29 -9.990e-29 -9.990e-29 -9.990e-29 -9.990e-29 9.5278e+02 -9.990e-29     -0.513     -0.745    14.4511 0.0000e+00
