Data/DataNotYetUploadedToEDI/Raw_CTD/RawDownloads/102924_fcr40_S7809014.cnv
* Sea-Bird SBE19plus  Data File:
* FileName = C:\R\Reservoirs\Data\DataNotYetUploadedToEDI\Raw_CTD\RawDownloads\102924_fcr50_S7809_0014.hex
* Software version 2.8.0.119
* Temperature SN = 7809
* Conductivity SN = 7809
* System UpLoad Time = Oct 29 2024 18:07:34
* <ApplicationData>
* <Seaterm232>
# nquan = 15
# nvalues = 1355                        
# units = specified
# name 0 = depFM: Depth [fresh water, m]
# name 1 = dz/dtM: Descent Rate [m/s]
# name 2 = sbeox0Mg/L: Oxygen, SBE 43 [mg/l]
# name 3 = sbeox0PS: Oxygen, SBE 43 [% saturation]
# name 4 = specc: Specific Conductance [uS/cm]
# name 5 = c0uS/cm: Conductivity [uS/cm]
# name 6 = flECO-AFL: Fluorescence, WET Labs ECO-AFL/FL [mg/m^3]
# name 7 = ph: pH
# name 8 = orp: Oxidation Reduction Potential [mV]
# name 9 = par/sat/log: PAR/Logarithmic, Satlantic
# name 10 = turbWETntu0: Turbidity, WET Labs ECO [NTU]
# name 11 = prdM: Pressure, Strain Gauge [db]
# name 12 = prdE: Pressure, Strain Gauge [psi]
# name 13 = tv290C: Temperature [ITS-90, deg C]
# name 14 = flag:  0.000e+00
# span 0 =     -0.524,      6.242       
# span 1 =     -0.261,      0.232       
# span 2 =     6.7287,    12.4072       
# span 3 =     66.630,    121.717       
# span 4 =      1.500,     47.046       
# span 5 =   1.178766,  36.790784       
# span 6 =    -0.6516,     6.8666       
# span 7 =      7.818,      8.152       
# span 8 =   152.4561,   321.9935       
# span 9 = 1.2363e-01, 1.5765e+03       
# span 10 =    -0.7933,   375.3104      
# span 11 =     -0.516,      6.121      
# span 12 =     -0.748,      8.878      
# span 13 =    14.0361,    14.9590      
# span 14 = 0.0000e+00, 0.0000e+00      
# interval = seconds: 0.25
# start_time = Oct 29 2024 12:11:35 [Instrument's time stamp, header]
# bad_flag = -9.990e-29
*END*
[from data line 964]
      6.215      0.011     8.4693     80.764     44.543  34.779540     5.8839      7.872   293.7912 1.2376e-01   185.7249      6.095      8.840    14.0424 0.0000e+00
      6.218      0.010     8.4333     80.408     44.591  34.817495     4.1501      7.872   293.8290 1.2373e-01   304.8093      6.098      8.845    14.0409 0.0000e+00
      6.222      0.009     8.3977     80.112     44.640  34.856613     3.2034      7.872   293.9754 1.2374e-01   369.7328      6.103      8.851    14.0394 0.0000e+00
      6.225      0.008     8.3570     79.892     44.657  34.871818     3.0929      7.871   293.9262 1.2380e-01   375.3104      6.106      8.855    14.0379 0.0000e+00
      6.227      0.006     8.3136     79.768     44.660  34.874447     2.7476      7.870   293.7506 1.2380e-01   371.8724      6.107      8.857    14.0361 0.0000e+00
      6.228      0.004     8.2773     79.714     44.678  34.888404     2.1074      7.870   293.6585 1.2382e-01   364.5441      6.107      8.858    14.0364 0.0000e+00
      6.228      0.002     8.2453     79.691     44.711  34.913670     1.7532      7.870   293.5862 1.2387e-01   360.4204      6.107      8.858    14.0386 0.0000e+00
      6.228      0.001     8.2215     79.718     44.727  34.926142     1.7195      7.869   293.4790 1.2384e-01   358.8032      6.108      8.859    14.0408 0.0000e+00
      6.228      0.001     8.2089     79.794     44.710  34.912310     1.6669      7.869   293.3096 1.2378e-01   344.7509      6.108      8.859    14.0414 0.0000e+00
      6.229      0.001     8.2074     79.895     44.660  34.873317     1.5660      7.869   293.1729 1.2381e-01   319.0231      6.108      8.859    14.0408 0.0000e+00
      6.229      0.002     8.2020     80.013     44.611  34.835373     1.4990      7.868   293.1167 1.2387e-01   304.8829      6.109      8.860    14.0404 0.0000e+00
      6.229      0.002     8.2051     80.118     44.609  34.834219     1.4730      7.868   293.0598 1.2384e-01   302.9730      6.109      8.860    14.0401 0.0000e+00
      6.229      0.003     8.2152     80.206     44.640  34.859369     1.4422      7.868   293.0013 1.2379e-01   296.4433      6.109      8.860    14.0399 0.0000e+00
      6.230      0.004     8.2240     80.288     44.673  34.885673     1.0937      7.867   292.9253 1.2380e-01   225.4553      6.110      8.862    14.0398 0.0000e+00
      6.232      0.005     8.2391     80.365     44.688  34.898467     0.4214      7.866   292.8297 1.2384e-01    95.2285      6.112      8.864    14.0396 0.0000e+00
      6.233      0.005     8.2491     80.448     44.673  34.887158     0.0387      7.866   292.7913 1.2387e-01    24.1078      6.113      8.867    14.0401 0.0000e+00
      6.235      0.005     8.2572     80.532     44.658  34.875832    -0.0124      7.865   292.8053 1.2388e-01    17.3033      6.115      8.869    14.0412 0.0000e+00
      6.236      0.005     8.2663     80.612     44.674  34.888418    -0.0302      7.864   292.8272 1.2383e-01    13.5366      6.116      8.870    14.0424 0.0000e+00
      6.238      0.005     8.2725     80.709     44.704  34.912444    -0.0436      7.864   292.7986 1.2373e-01     7.6345      6.117      8.872    14.0434 0.0000e+00
      6.239      0.004     8.2820     80.825     44.704  34.912539    -0.0486      7.864   292.7175 1.2365e-01     4.3878      6.119      8.874    14.0441 0.0000e+00
      6.240      0.003     8.2910     80.939     44.674  34.889563    -0.0494      7.863   292.7066 1.2363e-01     4.0005      6.120      8.876    14.0444 0.0000e+00
      6.241      0.003     8.2975     81.040     44.672  34.888428    -0.0544      7.862   292.7535 1.2368e-01     3.7714      6.120      8.877    14.0446 0.0000e+00
      6.242      0.002     8.3076     81.137     44.684  34.898820    -0.0507      7.862   292.7685 1.2375e-01     3.5304      6.121      8.878    14.0448 0.0000e+00
      6.242      0.001     8.3204     81.247     44.669  34.888315    -0.0542      7.862   292.7153 1.2380e-01     3.3750      6.121      8.878    14.0450 0.0000e+00
      6.242      0.000     8.3331     81.403     44.669  34.888314    -0.0716      7.862   292.6270 1.2374e-01     3.2927      6.121      8.877    14.0455 0.0000e+00
      6.242     -0.001     8.3421     81.599     44.683  34.898809    -0.0858      7.861   292.6463 1.2374e-01     3.2537      6.121      8.878    14.0462 0.0000e+00
      6.241     -0.002     8.3522     81.762     44.669  34.888314    -0.0849      7.860   292.6903 1.2382e-01     3.2446      6.121      8.877    14.0474 0.0000e+00
      6.241     -0.004     8.3615     81.871     44.669  34.888315    -0.0690      7.860   292.7291 1.2382e-01     3.3538      6.121      8.877    14.0481 0.0000e+00
      6.241     -0.006     8.3763     81.967     44.683  34.898821    -0.0684      7.860   293.0296 1.2382e-01     4.4374      6.121      8.877    14.0481 0.0000e+00
      6.239     -0.008     8.4021     82.047     44.671  34.888441    -0.0359      7.860   293.4836 1.2382e-01    16.2779      6.120      8.876    14.0481 0.0000e+00
      6.236     -0.013     8.4190     82.061     44.673  34.889712     0.5237      7.858   293.9175 1.2378e-01    58.0779      6.116      8.870    14.0481 0.0000e+00
      6.233     -0.025     8.4272     82.002     44.703  34.914185     1.5707      7.855   294.4033 1.2380e-01   111.9136      6.112      8.865    14.0487 0.0000e+00
      6.229     -0.048     8.4371     81.884     44.721  34.930555     2.1615      7.852   294.9693 1.2387e-01   136.7056      6.109      8.860    14.0488 0.0000e+00
      6.224     -0.083     8.4491     81.753     44.755  34.960749     2.2479      7.848   295.5130 1.2387e-01   136.2769      6.106      8.856    14.0477 0.0000e+00
      6.211     -0.123     8.4499     81.691     44.832  35.025468     2.5901      7.843   295.9865 1.2387e-01   106.8328      6.098      8.845    14.0466 0.0000e+00
      6.178     -0.158     8.4433     81.765     44.895  35.078580     3.2455      7.838   296.4788 1.2393e-01    52.6767      6.068      8.802    14.0471 0.0000e+00
      6.118     -0.176     8.4300     82.075     44.912  35.095340     3.6214      7.835   296.8184 1.2390e-01    23.4192      6.007      8.712    14.0504 0.0000e+00
      6.042     -0.172     8.4103     82.673     44.917  35.101222     3.6319      7.835   296.9096 1.2380e-01    22.9773      5.923      8.590    14.0551 0.0000e+00
      5.972     -0.147     8.4033     83.482     44.978  35.149699     3.1806      7.835   296.8935 1.2378e-01    47.1965      5.844      8.476    14.0594 0.0000e+00
      5.934     -0.111     8.4052     84.431     45.091  35.237334     2.3344      7.834   296.9677 1.2383e-01    92.1322      5.807      8.422    14.0638 0.0000e+00
      5.928     -0.075     8.4321     85.435     45.136  35.272516     1.8819      7.833   297.2906 1.2384e-01   116.6158      5.810      8.426    14.0678 0.0000e+00
      5.938     -0.056     8.4998     86.377     45.117  35.257834     1.8629      7.831   297.6999 1.2380e-01   117.6036      5.824      8.446    14.0705 0.0000e+00
      5.948     -0.063     8.5838     87.187     45.107  35.250169     1.8967      7.829   297.9594 1.2380e-01   102.9140      5.837      8.465    14.0711 0.0000e+00
      5.945     -0.089     8.6836     87.793     45.097  35.243285     1.9404      7.826   298.1046 1.2389e-01    75.4708      5.840      8.469    14.0708 0.0000e+00
      5.915     -0.117     8.7937     88.159     45.089  35.238050     1.9579      7.824   298.1652 1.2392e-01    60.4667      5.812      8.428    14.0707 0.0000e+00
      5.858     -0.132     8.8911     88.332     45.104  35.250333     1.9837      7.825   298.0898 1.2382e-01    59.3678      5.749      8.338    14.0703 0.0000e+00
      5.793     -0.129     8.9778     88.371     45.122  35.264896     2.2522      7.826   297.8813 1.2376e-01    61.9803      5.675      8.231    14.0706 0.0000e+00
      5.744     -0.110     9.0423     88.305     45.152  35.287221     2.7161      7.827   297.7092 1.2379e-01    66.8778      5.619      8.149    14.0718 0.0000e+00
      5.727     -0.079     9.0765     88.164     45.207  35.329914     2.9486      7.827   297.8156 1.2383e-01    69.5308      5.608      8.134    14.0729 0.0000e+00
      5.732     -0.048     9.0922     88.000     45.217  35.336950     2.9413      7.827   298.1358 1.2384e-01    69.9745      5.623      8.156    14.0737 0.0000e+00
      5.738     -0.033     9.0951     87.850     45.182  35.308850     2.7858      7.827   298.4824 1.2380e-01    73.0973      5.628      8.162    14.0736 0.0000e+00
      5.739     -0.040     9.0881     87.700     45.179  35.307406     2.5081      7.827   298.6507 1.2371e-01    78.8668      5.628      8.164    14.0728 0.0000e+00
      5.736     -0.064     9.0712     87.553     45.194  35.319494     2.3466      7.826   298.6225 1.2369e-01    81.9696      5.630      8.166    14.0719 0.0000e+00
      5.719     -0.087     9.0524     87.435     45.204  35.328100     2.3152      7.824   298.5716 1.2376e-01    82.1241      5.617      8.146    14.0714 0.0000e+00
      5.681     -0.098     9.0390     87.355     45.228  35.348015     2.3281      7.824   298.4658 1.2382e-01    81.3498      5.577      8.089    14.0713 0.0000e+00
      5.631     -0.096     9.0230     87.306     45.256  35.369945     2.5693      7.825   298.2900 1.2383e-01    72.9151      5.517      8.002    14.0714 0.0000e+00
      5.592     -0.083     9.0064     87.281     45.298  35.402897     3.0091      7.826   298.2524 1.2376e-01    57.4433      5.472      7.937    14.0719 0.0000e+00
      5.577     -0.064     8.9940     87.282     45.331  35.429183     3.2424      7.826   298.4410 1.2373e-01    48.9559      5.465      7.927    14.0730 0.0000e+00
      5.578     -0.050     8.9859     87.303     45.336  35.433964     3.2512      7.826   298.7642 1.2379e-01    48.0417      5.470      7.933    14.0740 0.0000e+00
      5.583     -0.053     8.9811     87.325     45.370  35.460713     3.2412      7.824   299.0632 1.2384e-01    47.1756      5.475      7.941    14.0744 0.0000e+00
      5.586     -0.077     8.9785     87.354     45.419  35.498803     3.2457      7.821   299.1305 1.2389e-01    45.8277      5.483      7.953    14.0746 0.0000e+00
      5.574     -0.109     8.9779     87.394     45.438  35.513811     3.2638      7.819   298.8890 1.2394e-01    45.0663      5.477      7.943    14.0750 0.0000e+00
      5.535     -0.134     8.9817     87.421     45.439  35.515280     3.2685      7.819   298.5524 1.2393e-01    44.3571      5.439      7.889    14.0754 0.0000e+00
      5.471     -0.141     8.9834     87.449     45.440  35.516560     3.3361      7.820   298.3307 1.2392e-01    37.6975      5.367      7.784    14.0755 0.0000e+00
      5.402     -0.130     8.9851     87.481     45.456  35.529288     3.4821      7.821   298.1005 1.2387e-01    25.5546      5.287      7.667    14.0757 0.0000e+00
      5.359     -0.103     8.9921     87.480     45.472  35.542266     3.5776      7.823   297.9201 1.2384e-01    18.9404      5.241      7.601    14.0763 0.0000e+00
      5.352     -0.069     8.9929     87.463     45.477  35.546586     3.6085      7.823   297.8700 1.2382e-01    18.4278      5.244      7.606    14.0771 0.0000e+00
      5.361     -0.040     8.9947     87.476     45.522  35.581514     3.6223      7.823   297.8392 1.2377e-01    19.0146      5.260      7.629    14.0778 0.0000e+00
      5.368     -0.033     9.0015     87.505     45.606  35.647325     3.6359      7.822   297.8923 1.2377e-01    20.1606      5.265      7.638    14.0780 0.0000e+00
      5.371     -0.054     9.0000     87.520     45.683  35.707793     3.6565      7.819   297.9948 1.2382e-01    20.8052      5.270      7.644    14.0781 0.0000e+00
      5.364     -0.091     8.9949     87.516     45.726  35.741574     3.6718      7.818   298.0469 1.2383e-01    20.6606      5.267      7.639    14.0782 0.0000e+00
      5.338     -0.122     8.9983     87.499     45.721  35.738516     3.6632      7.818   298.0063 1.2386e-01    17.7635      5.245      7.606    14.0782 0.0000e+00
      5.285     -0.137     9.0021     87.475     45.714  35.734267     3.6271      7.818   297.8477 1.2391e-01    12.3862      5.190      7.527    14.0783 0.0000e+00
      5.218     -0.132     9.0039     87.455     45.739  35.753657     3.5926      7.820   297.5920 1.2389e-01     9.4461      5.111      7.413    14.0786 0.0000e+00
      5.164     -0.112     9.0029     87.451     45.776  35.782603     3.5879      7.822   297.4103 1.2386e-01     9.2003      5.049      7.323    14.0792 0.0000e+00
      5.143     -0.086     9.0009     87.457     45.837  35.830452     3.6029      7.822   297.5429 1.2388e-01     9.2092      5.035      7.302    14.0801 0.0000e+00
      5.147     -0.068     8.9979     87.484     45.910  35.888035     3.6752      7.823   297.8185 1.2391e-01     9.2797      5.048      7.320    14.0809 0.0000e+00
      5.156     -0.070     8.9945     87.531     45.934  35.907773     3.8041      7.823   297.9032 1.2391e-01     9.4044      5.058      7.336    14.0813 0.0000e+00
      5.158     -0.092     8.9956     87.587     45.896  35.878747     3.8718      7.822   297.7934 1.2391e-01     9.4185      5.066      7.347    14.0814 0.0000e+00
      5.137     -0.121     8.9949     87.642     45.864  35.854343     3.8777      7.821   297.6098 1.2382e-01     9.3490      5.052      7.327    14.0813 0.0000e+00
      5.083     -0.141     8.9977     87.662     45.879  35.866515     3.8577      7.822   297.4036 1.2371e-01     8.7350      4.993      7.242    14.0817 0.0000e+00
      5.009     -0.142     9.0035     87.667     45.919  35.899015     3.8134      7.822   297.2790 1.2371e-01     7.5625      4.908      7.118    14.0823 0.0000e+00
      4.948     -0.123     9.0078     87.705     45.959  35.930050     3.7834      7.823   297.3074 1.2382e-01     6.9228      4.837      7.016    14.0834 0.0000e+00
      4.921     -0.087     9.0166     87.741     45.952  35.924493     3.7703      7.824   297.4039 1.2391e-01     6.8071      4.814      6.982    14.0845 0.0000e+00
      4.922     -0.044     9.0177     87.766     45.914  35.895273     3.8295      7.826   297.4131 1.2389e-01     6.7096      4.826      6.999    14.0851 0.0000e+00
      4.932     -0.010     9.0135     87.803     45.912  35.894016     3.9579      7.826   297.3321 1.2383e-01     6.6328      4.837      7.016    14.0855 0.0000e+00
      4.942      0.000     9.0219     87.850     45.931  35.909295     4.0248      7.826   297.2853 1.2379e-01     6.5956      4.847      7.028    14.0857 0.0000e+00
      4.952     -0.019     9.0251     87.905     45.905  35.889657     4.0058      7.826   297.2778 1.2378e-01     6.6352      4.858      7.046    14.0858 0.0000e+00
      4.955     -0.058     9.0255     87.963     45.850  35.846930     3.8944      7.826   297.1549 1.2379e-01     6.9749      4.863      7.054    14.0860 0.0000e+00
      4.944     -0.096     9.0307     88.011     45.837  35.836855     3.7350      7.825   296.8316 1.2377e-01     7.5947      4.856      7.045    14.0864 0.0000e+00
      4.909     -0.121     9.0346     88.055     45.830  35.831292     3.6681      7.825   296.5525 1.2373e-01     7.9130      4.825      6.999    14.0869 0.0000e+00
      4.847     -0.129     9.0406     88.096     45.764  35.779671     3.6685      7.826   296.5340 1.2373e-01     7.8515      4.755      6.897    14.0874 0.0000e+00
      4.783     -0.118     9.0474     88.131     45.687  35.720314     3.7641      7.827   296.6074 1.2379e-01     7.7383      4.677      6.784    14.0876 0.0000e+00
      4.747     -0.093     9.0520     88.166     45.642  35.684672     3.9757      7.828   296.4937 1.2384e-01     7.7055      4.644      6.735    14.0879 0.0000e+00
      4.742     -0.060     9.0556     88.187     45.618  35.665985     4.1039      7.829   296.2777 1.2384e-01     7.7630      4.647      6.740    14.0884 0.0000e+00
      4.749     -0.035     9.0615     88.182     45.642  35.684723     4.1236      7.829   296.2323 1.2379e-01     7.8192      4.656      6.754    14.0887 0.0000e+00
