Data/DataNotYetUploadedToEDI/Raw_CTD/RawDownloads/102924_fcr50_S7809010.cnv
* Sea-Bird SBE19plus  Data File:
* FileName = C:\R\Reservoirs\Data\DataNotYetUploadedToEDI\Raw_CTD\RawDownloads\102924_fcr50_S7809_0010.hex
* Software version 2.8.0.119
* Temperature SN = 7809
* Conductivity SN = 7809
* System UpLoad Time = Oct 29 2024 18:05:35
* <ApplicationData>
* <Seaterm232>
# nquan = 15
# nvalues = 1278                        
# units = specified
# name 0 = depFM: Depth [fresh water, m]
# name 1 = dz/dtM: Descent Rate [m/s]
# name 2 = sbeox0Mg/L: Oxygen, SBE 43 [mg/l]
# name 3 = sbeox0PS: Oxygen, SBE 43 [% saturation]
# name 4 = specc: Specific Conductance [uS/cm]
# name 5 = c0uS/cm: Conductivity [uS/cm]
# name 6 = flECO-AFL: Fluorescence, WET Labs ECO-AFL/FL [mg/m^3]
# name 7 = ph: pH
# name 8 = orp: Oxidation Reduction Potential [mV]
# name 9 = par/sat/log: PAR/Logarithmic, Satlantic
# name 10 = turbWETntu0: Turbidity, WET Labs ECO [NTU]
# name 11 = prdM: Pressure, Strain Gauge [db]
# name 12 = prdE: Pressure, Strain Gauge [psi]
# name 13 = tv290C: Temperature [ITS-90, deg C]
# name 14 = flag:  0.000e+00
# span 0 =     -0.530,      8.913       
# span 1 =     -0.194,      0.425       
# span 2 =     6.7805,    11.6665       
# span 3 =     66.807,    113.851       
# span 4 =      2.176,     52.019       
# span 5 =   1.707346,  41.160202       
# span 6 =    -1.1113,     6.0997       
# span 7 =      5.903,      7.460       
# span 8 =  -749.0797,  1161.9347       
# span 9 = 1.2363e-01, 5.8010e+02       
# span 10 =    -0.2535,    39.1095      
# span 11 =     -0.520,      8.742      
# span 12 =     -0.754,     12.679      
# span 13 =    14.0966,    14.9272      
# span 14 = 0.0000e+00, 0.0000e+00      
# interval = seconds: 0.25
# start_time = Oct 29 2024 10:33:02 [Instrument's time stamp, header]
# bad_flag = -9.990e-29
*END*
     -0.530 4.4460e-46     9.2655     91.859      6.086   4.860375    -0.0603      5.903  -266.9999 2.2438e+02     1.6202     -0.520     -0.754    14.9272 0.0000e+00
     -0.530 4.8906e-45     9.2704     91.856      5.939   4.742716    -0.0753      5.916  -125.1770 2.8714e+02     1.5259     -0.519     -0.753    14.9270 0.0000e+00
     -0.530 5.3797e-44     9.2693     91.848      6.319   5.046660    -0.0874      5.949    -2.4507 3.3839e+02     1.4678     -0.520     -0.754    14.9269 0.0000e+00
     -0.530 5.9177e-43     9.2752     91.853      6.959   5.557711    -0.0904      5.983   -15.2945 3.3189e+02     1.3277     -0.520     -0.754    14.9267 0.0000e+00
     -0.530 6.5094e-42     9.2791     91.848      7.805   6.233514    -0.0789      5.997   -94.2813 3.0544e+02     1.0957     -0.519     -0.753    14.9265 0.0000e+00
     -0.530 7.1604e-41     9.2771     91.827      8.697   6.945389    -0.0643      5.987  -207.0389 2.6584e+02     0.9848     -0.519     -0.753    14.9261 0.0000e+00
     -0.530 7.8764e-40     9.2753     91.812      9.328   7.448882    -0.0642      5.965   -84.9506 2.2577e+02     1.0116     -0.520     -0.754    14.9258 0.0000e+00
     -0.530 8.6641e-39     9.2775     91.804      9.558   7.632547    -0.0691      5.965   227.3166 2.0834e+02     1.0447     -0.520     -0.754    14.9256 0.0000e+00
     -0.529 9.5305e-38     9.2779     91.815      9.494   7.582022    -0.0731      6.016   162.2639 2.0158e+02     1.0427     -0.519     -0.753    14.9256 0.0000e+00
     -0.529 1.0484e-36     9.2730     91.830      9.356   7.471610    -0.0798      6.066  -201.5961 1.9534e+02     1.0222     -0.519     -0.753    14.9257 0.0000e+00
     -0.530 1.1532e-35     9.2734     91.839      9.314   7.438078    -0.0751      6.067  -421.1168 1.8843e+02     1.0354     -0.520     -0.754    14.9258 0.0000e+00
     -0.530 1.2685e-34     9.2704     91.856      9.304   7.430040    -0.0651      6.042  -479.0540 1.9112e+02     0.9979     -0.519     -0.753    14.9259 0.0000e+00
     -0.530 1.3954e-33     9.2730     91.852      9.234   7.374424    -0.0685      6.021  -460.7285 1.9825e+02     0.8423     -0.520     -0.754    14.9258 0.0000e+00
     -0.530 1.5349e-32     9.2757     91.844      9.107   7.272515    -0.0660      6.008  -439.9374 1.9385e+02     0.7592     -0.519     -0.753    14.9258 0.0000e+00
     -0.530 1.6884e-31     9.2738     91.862      8.952   7.148291    -0.0517      6.001  -445.3504 1.8761e+02     0.8122     -0.519     -0.753    14.9254 0.0000e+00
     -0.530 1.8572e-30     9.2790     91.859      8.782   7.012940    -0.0451      5.997  -454.3339 1.8776e+02     0.8344     -0.519     -0.753    14.9249 0.0000e+00
     -0.530 2.0429e-29     9.2779     91.837      8.565   6.839854    -0.0531      5.992  -464.9257 1.8989e+02     0.7886     -0.519     -0.753    14.9245 0.0000e+00
     -0.529 2.2472e-28     9.2731     91.840      8.315   6.639514    -0.0732      5.989  -476.1041 1.9224e+02     0.7371     -0.519     -0.753    14.9242 0.0000e+00
     -0.529 2.4720e-27     9.2803     91.862      8.130   6.491426    -0.0801      5.989  -487.8794 1.9275e+02     0.7237     -0.519     -0.752    14.9238 0.0000e+00
     -0.529 2.7192e-26     9.2792     91.884      7.990   6.379886    -0.0698      5.989  -500.6969 1.9331e+02     0.7977     -0.519     -0.752    14.9235 0.0000e+00
     -0.529 2.9911e-25     9.2737     91.895      7.816   6.241256    -0.0738      5.989  -513.9801 1.9551e+02     0.9147     -0.519     -0.752    14.9233 0.0000e+00
     -0.529 3.2902e-24     9.2757     91.880      7.617   6.082427    -0.0788      5.989  -525.8794 1.9756e+02     1.0112     -0.519     -0.753    14.9233 0.0000e+00
     -0.529 3.6192e-23     9.2783     91.850      7.410   5.916717    -0.0709      5.990  -534.9562 2.0026e+02     1.0764     -0.519     -0.753    14.9229 0.0000e+00
     -0.529 3.9811e-22     9.2808     91.834      7.211   5.758247    -0.0704      5.991  -543.9684 2.0607e+02     1.0532     -0.519     -0.753    14.9226 0.0000e+00
     -0.529 4.3792e-21     9.2833     91.837      7.042   5.623582    -0.0725      5.990  -555.6889 2.0842e+02     0.9699     -0.519     -0.753    14.9222 0.0000e+00
     -0.529 4.8171e-20     9.2812     91.842      6.957   5.555617    -0.0715      5.989  -568.6027 1.9970e+02     0.9578     -0.519     -0.752    14.9218 0.0000e+00
     -0.529 5.2989e-19     9.2765     91.836      6.896   5.506699    -0.0666      5.989  -580.4277 1.9202e+02     1.0096     -0.519     -0.753    14.9217 0.0000e+00
     -0.529 5.8287e-18     9.2753     91.841      6.779   5.412255    -0.0718      5.988  -590.5125 1.9754e+02     1.0148     -0.519     -0.752    14.9214 0.0000e+00
     -0.529 6.4116e-17     9.2760     91.871      6.639   5.300672    -0.0924      5.988  -600.3680 1.9720e+02     0.9524     -0.519     -0.753    14.9211 0.0000e+00
     -0.529 7.0528e-16     9.2778     91.893      6.476   5.171234    -0.0994      5.988  -611.9160 1.8143e+02     0.9390     -0.519     -0.752    14.9209 0.0000e+00
     -0.529 7.7581e-15     9.2760     91.903      6.326   5.050966    -0.0819      5.987  -626.2030 1.6908e+02     1.0240     -0.519     -0.752    14.9207 0.0000e+00
     -0.529 8.5339e-14     9.2746     91.903      6.245   4.986908    -0.0634      5.986  -643.1908 1.6180e+02     1.0571     -0.519     -0.752    14.9202 0.0000e+00
     -0.529 9.3873e-13     9.2811     91.883      6.220   4.966902    -0.0678      5.988  -663.8200 1.5357e+02     0.9975     -0.519     -0.752    14.9201 0.0000e+00
     -0.529 1.0326e-11     9.2826     91.885      6.182   4.935776    -0.0686      5.992  -687.1169 1.4584e+02     0.9862     -0.518     -0.751    14.9199 0.0000e+00
     -0.529 1.1359e-10     9.2823     91.885      6.092   4.863987    -0.0571      5.993  -706.7624 1.3688e+02     1.0578     -0.519     -0.752    14.9194 0.0000e+00
     -0.529 1.2494e-09     9.2866     91.870      6.007   4.795792    -0.0692      5.991  -721.2716 1.2713e+02     1.0770     -0.519     -0.753    14.9193 0.0000e+00
     -0.529 1.3744e-08     9.2779     91.882      5.943   4.744776    -0.0822      5.990  -733.5735 1.1905e+02     1.0482     -0.519     -0.752    14.9190 0.0000e+00
     -0.529 1.5118e-07     9.2823     91.903      5.875   4.690622    -0.0639      5.989  -744.3415 1.1210e+02     1.0850     -0.519     -0.752    14.9186 0.0000e+00
     -0.529      0.000     9.2835     91.892      5.821   4.647856    -0.0564      5.987  -749.0797 1.0800e+02     1.1120     -0.519     -0.753    14.9183 0.0000e+00
     -0.529      0.000     9.2775     91.873      5.771   4.607820    -0.0745      5.986  -745.6057 1.0988e+02     1.1361     -0.518     -0.752    14.9180 0.0000e+00
     -0.529      0.000     9.2813     91.909      5.745   4.586657    -0.0662      5.991  -742.3460 1.1585e+02     1.9566     -0.519     -0.752    14.9174 0.0000e+00
     -0.529      0.002     9.2850     91.954      5.899   4.708739     0.2106      5.998  -739.8661 1.2408e+02    11.6478     -0.518     -0.752    14.9177 0.0000e+00
     -0.528      0.009     9.2845     91.945      7.075   5.640435     0.7247      6.083  -286.7170 1.3516e+02    29.4627     -0.518     -0.751    14.9169 0.0000e+00
     -0.528      0.023     9.2764     91.910     14.283  11.353487     0.9977      6.288   651.1529 1.4893e+02    39.0767     -0.518     -0.751    14.9175 0.0000e+00
     -0.527      0.041     9.2841     91.889     28.287  22.443919     1.0486      6.406  1161.9347 1.6467e+02    39.1095     -0.519     -0.753    14.9158 0.0000e+00
     -0.520      0.062     9.2923     91.895     41.857  33.169525     1.5059      6.310   960.9454 1.7982e+02    30.6453     -0.517     -0.749    14.9182 0.0000e+00
     -0.500      0.086     9.2892     91.933     50.292  39.818292     2.3489      6.157   505.1786 1.9013e+02    15.0641     -0.495     -0.717    14.9106 0.0000e+00
     -0.469      0.111     9.3037     91.961     52.019  41.160202     2.8104      6.053   249.3207 1.9751e+02     6.5881     -0.460     -0.666    14.8201 0.0000e+00
     -0.434      0.134     9.3256     91.981     50.422  39.878904     2.8658      5.987   220.5639 2.0941e+02     5.8072     -0.425     -0.617    14.6915 0.0000e+00
     -0.398      0.149     9.3416     92.346     49.392  39.050864     3.0180      5.953   214.6128 2.4788e+02     5.7249     -0.391     -0.568    14.6190 0.0000e+00
     -0.357      0.154     9.3514     93.200     48.566  38.383233     3.3113      5.939   211.8679 3.3482e+02     5.8322     -0.354     -0.512    14.5828 0.0000e+00
     -0.308      0.153     9.3680     93.951     48.053  37.962230     3.4823      5.932   210.8646 4.3159e+02     5.9771     -0.301     -0.437    14.5555 0.0000e+00
     -0.262      0.148     9.3560     94.284     47.984  37.894988     3.5042      5.932   209.2792 4.8662e+02     6.0420     -0.250     -0.363    14.5395 0.0000e+00
     -0.227      0.140     9.3731     94.440     47.744  37.697125     3.6017      5.933   206.8955 5.1023e+02     5.9673     -0.221     -0.320    14.5294 0.0000e+00
     -0.197      0.133     9.5083     94.605     48.592  38.361975     3.7869      5.928   205.8765 5.2235e+02     5.7915     -0.197     -0.285    14.5142 0.0000e+00
     -0.167      0.128     9.5985     94.820     51.113  40.348583     3.8873      5.924   205.7335 5.2875e+02     5.7278     -0.160     -0.232    14.4952 0.0000e+00
     -0.140      0.128     9.6159     95.076     51.897  40.964661     3.9080      5.924   206.0277 5.3511e+02     5.7772     -0.138     -0.199    14.4818 0.0000e+00
     -0.110      0.133     9.6307     95.336     50.080  39.528281     3.9956      5.925   207.2828 5.4269e+02     5.8423     -0.115     -0.166    14.4738 0.0000e+00
     -0.071      0.140     9.6466     95.608     49.138  38.784100     4.1386      5.928   208.6910 5.5297e+02     5.8998     -0.067     -0.098    14.4691 0.0000e+00
     -0.032      0.143     9.6701     96.009     49.428  39.011416     4.2146      5.932   209.3735 5.5306e+02     5.9261     -0.028     -0.041    14.4667 0.0000e+00
      0.003      0.139     9.6972     96.501     48.423  38.215186     4.2315      5.937   209.5980 4.9849e+02     5.9559     -0.001     -0.002    14.4628 0.0000e+00
      0.044      0.125     9.7287     96.954     46.600  36.772059     4.2437      5.944   209.8565 3.9682e+02     5.9527      0.042      0.060    14.4604 0.0000e+00
      0.088      0.104     9.7446     97.279     45.508  35.904057     4.3122      5.952   210.1763 3.3583e+02     5.8871      0.094      0.137    14.4616 0.0000e+00
      0.115      0.080     9.7901     97.398     45.036  35.525083     4.4593      5.961   210.9697 3.3159e+02     5.8461      0.120      0.175    14.4603 0.0000e+00
      0.125      0.056     9.8486     97.307     44.837  35.362466     4.5503      5.970   212.1366 3.2985e+02     5.8664      0.123      0.178    14.4564 0.0000e+00
      0.127      0.033     9.8942     96.739     44.807  35.333774     4.5715      5.979   212.8415 3.2130e+02     5.9281      0.125      0.181    14.4515 0.0000e+00
      0.129      0.015     9.9391     95.554     44.855  35.368509     4.5905      5.987   212.8682 3.2611e+02     5.9431      0.127      0.184    14.4450 0.0000e+00
      0.129      0.005     9.9430     94.385     44.820  35.338284     4.5882      5.994   212.4596 3.3665e+02     5.8766      0.127      0.184    14.4373 0.0000e+00
      0.130      0.000     9.9475     93.786     44.675  35.222134     4.5695      6.001   212.4602 3.2495e+02     5.8756      0.126      0.183    14.4303 0.0000e+00
      0.132     -0.002     9.9132     93.706     44.610  35.169684     4.5470      6.006   214.1666 2.9832e+02     5.9301      0.129      0.188    14.4252 0.0000e+00
      0.132     -0.002     9.7512     93.879     44.663  35.211708     4.4505      6.011   216.5711 2.9910e+02     5.8869      0.131      0.190    14.4213 0.0000e+00
      0.128     -0.001     9.6090     94.006     44.676  35.222653     4.2926      6.015   217.5282 3.2287e+02     5.7636      0.125      0.181    14.4182 0.0000e+00
      0.125      0.002     9.5597     94.012     44.613  35.175108     4.2028      6.019   217.7373 3.1987e+02     5.6687      0.119      0.174    14.4160 0.0000e+00
      0.126      0.005     9.5569     94.030     44.572  35.144451     4.1723      6.024   217.7231 2.9487e+02     5.6626      0.122      0.178    14.4153 0.0000e+00
      0.129      0.010     9.5914     94.086     44.601  35.169222     4.1393      6.029   217.3560 2.9121e+02     5.7246      0.126      0.183    14.4159 0.0000e+00
      0.133      0.014     9.6058     94.129     44.744  35.284276     4.1033      6.034   218.6336 2.9588e+02     5.7683      0.128      0.187    14.4170 0.0000e+00
      0.138      0.017     9.5964     94.172     44.961  35.456917     4.0791      6.039   221.3833 2.8134e+02     5.7129      0.134      0.196    14.4188 0.0000e+00
      0.144      0.017     9.5980     94.217     44.989  35.480021     4.0716      6.043   222.8978 2.6092e+02     5.6357      0.142      0.207    14.4212 0.0000e+00
      0.150      0.016     9.6082     94.233     44.773  35.309821     4.1126      6.048   222.7478 2.3735e+02     5.6541      0.148      0.215    14.4235 0.0000e+00
      0.153      0.013     9.6086     94.170     44.522  35.112189     4.1992      6.053   222.2373 2.1655e+02     5.7302      0.150      0.217    14.4259 0.0000e+00
      0.155      0.011     9.6131     93.922     44.371  34.993953     4.2447      6.057   222.8338 2.1420e+02     5.8041      0.153      0.221    14.4279 0.0000e+00
      0.157      0.010     9.6196     93.429     44.326  34.958867     4.2550      6.061   224.4544 2.2430e+02     5.7965      0.155      0.225    14.4285 0.0000e+00
      0.159      0.010     9.6208     92.669     44.303  34.941761     4.2576      6.065   225.5698 2.3962e+02     5.7072      0.154      0.224    14.4286 0.0000e+00
      0.161      0.009     9.6209     91.615     44.267  34.914024     4.1930      6.068   225.9952 2.5164e+02     5.6806      0.156      0.227    14.4289 0.0000e+00
      0.165      0.009     9.5969     90.383     44.219  34.877292     4.0813      6.071   226.1563 2.5500e+02     5.7140      0.162      0.235    14.4295 0.0000e+00
      0.168      0.010     9.5457     89.213     44.219  34.878336     4.0142      6.073   226.2272 2.5726e+02     5.7007      0.165      0.241    14.4303 0.0000e+00
      0.170      0.010     9.4715     88.267     44.279  34.926641     3.9981      6.076   226.2500 2.6210e+02     5.6564      0.167      0.242    14.4314 0.0000e+00
      0.171      0.010     9.3601     87.656     44.312  34.953763     3.9852      6.077   226.2601 2.6999e+02     5.6912      0.167      0.242    14.4325 0.0000e+00
      0.174      0.009     9.2214     87.471     44.309  34.952476     3.9589      6.078   226.6938 2.7499e+02     5.8487      0.170      0.247    14.4333 0.0000e+00
      0.176      0.009     9.0982     87.695     44.256  34.911080     3.9544      6.080   227.6223 2.7131e+02     5.9888      0.172      0.250    14.4342 0.0000e+00
      0.179      0.009     8.9981     88.245     44.157  34.833933     3.9567      6.082   228.6245 2.6838e+02     5.9848      0.176      0.255    14.4354 0.0000e+00
      0.182      0.008     8.9295     89.003     44.090  34.781079     3.8695      6.085   229.1746 2.7029e+02     5.8337      0.180      0.260    14.4370 0.0000e+00
      0.184      0.006     8.9130     89.799     44.088  34.779613     3.7243      6.087   228.4223 2.6773e+02     5.6652      0.180      0.261    14.4386 0.0000e+00
      0.185      0.004     8.9386     90.487     44.134  34.816204     3.6573      6.091   227.0147 2.6421e+02     5.6547      0.181      0.263    14.4395 0.0000e+00
      0.185      0.003     8.9978     90.990     44.167  34.842819     3.6669      6.095   226.7820 2.6901e+02     5.7420      0.182      0.264    14.4399 0.0000e+00
      0.185      0.001     9.0824     91.281     44.172  34.847610     3.6571      6.098   227.6738 2.7727e+02     5.7640      0.182      0.264    14.4401 0.0000e+00
