Data/DataNotYetUploadedToEDI/Raw_CTD/RawDownloads/102924_fcr50_S7809010.cnv
* Sea-Bird SBE19plus  Data File:
* FileName = C:\R\Reservoirs\Data\DataNotYetUploadedToEDI\Raw_CTD\RawDownloads\102924_fcr50_S7809_0010.hex
* Software version 2.8.0.119
* Temperature SN = 7809
* Conductivity SN = 7809
* System UpLoad Time = Oct 29 2024 18:05:35
* <ApplicationData>
* <Seaterm232>
# nquan = 15
# nvalues = 1278                        
# units = specified
# name 0 = depFM: Depth [fresh water, m]
# name 1 = dz/dtM: Descent Rate [m/s]
# name 2 = sbeox0Mg/L: Oxygen, SBE 43 [mg/l]
# name 3 = sbeox0PS: Oxygen, SBE 43 [% saturation]
# name 4 = specc: Specific Conductance [uS/cm]
# name 5 = c0uS/cm: Conductivity [uS/cm]
# name 6 = flECO-AFL: Fluorescence, WET Labs ECO-AFL/FL [mg/m^3]
# name 7 = ph: pH
# name 8 = orp: Oxidation Reduction Potential [mV]
# name 9 = par/sat/log: PAR/Logarithmic, Satlantic
# name 10 = turbWETntu0: Turbidity, WET Labs ECO [NTU]
# name 11 = prdM: Pressure, Strain Gauge [db]
# name 12 = prdE: Pressure, Strain Gauge [psi]
# name 13 = tv290C: Temperature [ITS-90, deg C]
# name 14 = flag:  0.000e+00
# span 0 =     -0.530,      8.913       
# span 1 =     -0.194,      0.425       
# span 2 =     6.7805,    11.6665       
# span 3 =     66.807,    113.851       
# span 4 =      2.176,     52.019       
# span 5 =   1.707346,  41.160202       
# span 6 =    -1.1113,     6.0997       
# span 7 =      5.903,      7.460       
# span 8 =  -749.0797,  1161.9347       
# span 9 = 1.2363e-01, 5.8010e+02       
# span 10 =    -0.2535,    39.1095      
# span 11 =     -0.520,      8.742      
# span 12 =     -0.754,     12.679      
# span 13 =    14.0966,    14.9272      
# span 14 = 0.0000e+00, 0.0000e+00      
# interval = seconds: 0.25
# start_time = Oct 29 2024 10:33:02 [Instrument's time stamp, header]
# bad_flag = -9.990e-29
*END*
[from data line 579]
      4.678      0.045     9.5491     92.803     47.993  37.553929     4.3637      7.141   284.2302 1.2374e-01     8.0297      4.586      6.652    14.1236 0.0000e+00
      4.685      0.045     9.5423     92.813     48.002  37.560445     4.3280      7.141   284.5807 1.2368e-01     8.0859      4.591      6.659    14.1230 0.0000e+00
      4.699      0.046     9.5361     92.832     48.012  37.567369     4.3319      7.142   284.9386 1.2374e-01     8.1042      4.606      6.679    14.1226 0.0000e+00
      4.719      0.051     9.5372     92.858     48.021  37.574192     4.2944      7.143   284.8566 1.2380e-01     8.0792      4.630      6.715    14.1215 0.0000e+00
      4.734      0.059     9.5371     92.885     48.027  37.579479     4.2155      7.144   284.5358 1.2382e-01     8.0235      4.647      6.740    14.1206 0.0000e+00
      4.743      0.066     9.5384     92.907     48.013  37.567837     4.1773      7.145   284.3300 1.2382e-01     8.0451      4.649      6.743    14.1201 0.0000e+00
      4.755      0.072     9.5406     92.919     48.004  37.560338     4.1908      7.145   284.7775 1.2385e-01     8.1354      4.658      6.756    14.1196 0.0000e+00
      4.775      0.076     9.5433     92.920     47.994  37.552277     4.3034      7.144   285.6446 1.2389e-01     8.1599      4.681      6.788    14.1195 0.0000e+00
      4.802      0.080     9.5465     92.920     47.971  37.533827     4.5067      7.143   285.8654 1.2389e-01     8.1018      4.709      6.828    14.1196 0.0000e+00
      4.828      0.084     9.5489     92.927     47.963  37.527625     4.6098      7.144   285.4687 1.2387e-01     8.0125      4.737      6.871    14.1192 0.0000e+00
      4.851      0.084     9.5503     92.923     47.980  37.540740     4.6188      7.145   284.8917 1.2387e-01     8.0038      4.759      6.903    14.1189 0.0000e+00
      4.868      0.081     9.5500     92.901     48.012  37.565490     4.6235      7.145   284.5677 1.2381e-01     8.0991      4.774      6.924    14.1187 0.0000e+00
      4.885      0.076     9.5493     92.868     48.022  37.573045     4.6169      7.145   285.2515 1.2376e-01     8.2074      4.788      6.946    14.1184 0.0000e+00
      4.905      0.070     9.5516     92.825     48.016  37.568630     4.6045      7.146   286.4476 1.2381e-01     8.2543      4.809      6.976    14.1180 0.0000e+00
      4.928      0.065     9.5512     92.770     48.024  37.575568     4.5818      7.147   286.8120 1.2387e-01     8.2225      4.835      7.012    14.1174 0.0000e+00
      4.946      0.060     9.5488     92.705     48.047  37.593470     4.5597      7.147   286.3023 1.2390e-01     8.1988      4.853      7.037    14.1172 0.0000e+00
      4.958      0.056     9.5452     92.633     48.049  37.594710     4.5616      7.147   285.5338 1.2389e-01     8.1718      4.864      7.054    14.1174 0.0000e+00
      4.968      0.055     9.5411     92.588     48.044  37.590567     4.5800      7.147   285.6929 1.2382e-01     8.1023      4.873      7.068    14.1177 0.0000e+00
      4.978      0.056     9.5351     92.601     48.065  37.606828     4.5825      7.147   286.9360 1.2378e-01     8.0412      4.880      7.079    14.1179 0.0000e+00
      4.990      0.061     9.5284     92.639     48.058  37.600956     4.5669      7.147   287.6580 1.2378e-01     8.0133      4.892      7.095    14.1182 0.0000e+00
      5.006      0.066     9.5203     92.687     48.036  37.583016     4.5489      7.147   287.6249 1.2376e-01     8.1405      4.907      7.118    14.1186 0.0000e+00
      5.028      0.070     9.5123     92.759     48.033  37.580294     4.5396      7.148   287.3961 1.2376e-01     8.3497      4.930      7.150    14.1182 0.0000e+00
      5.052      0.071     9.5174     92.836     48.018  37.568038     4.5300      7.148   287.1294 1.2379e-01     8.3572      4.957      7.189    14.1172 0.0000e+00
      5.072      0.071     9.5217     92.891     48.009  37.561741     4.4991      7.148   287.0672 1.2379e-01     8.2304      4.977      7.219    14.1165 0.0000e+00
      5.087      0.069     9.5249     92.916     48.016  37.567614     4.3746      7.148   287.3325 1.2378e-01     8.1826      4.988      7.235    14.1159 0.0000e+00
      5.101      0.068     9.5341     92.921     48.025  37.575589     4.1725      7.149   287.6699 1.2382e-01     8.2586      5.001      7.253    14.1159 0.0000e+00
      5.117      0.068     9.5427     92.915     48.050  37.594711     4.0777      7.150   287.7903 1.2388e-01     8.3635      5.018      7.278    14.1158 0.0000e+00
      5.133      0.069     9.5492     92.900     48.069  37.608442     4.0857      7.150   287.7563 1.2388e-01     8.3573      5.032      7.300    14.1159 0.0000e+00
      5.153      0.070     9.5506     92.871     48.078  37.614693     4.1277      7.151   287.4313 1.2385e-01     8.2180      5.051      7.326    14.1164 0.0000e+00
      5.175      0.070     9.5507     92.831     48.068  37.606840     4.2200      7.153   286.9577 1.2385e-01     8.0463      5.077      7.363    14.1168 0.0000e+00
      5.194      0.069     9.5504     92.806     48.030  37.576951     4.2941      7.153   286.9346 1.2390e-01     8.0225      5.096      7.391    14.1165 0.0000e+00
      5.209      0.068     9.5490     92.823     48.022  37.570597     4.3161      7.153   287.3246 1.2392e-01     8.1353      5.108      7.409    14.1155 0.0000e+00
      5.224      0.068     9.5466     92.838     48.051  37.593464     4.3196      7.153   287.6295 1.2392e-01     8.2146      5.123      7.431    14.1149 0.0000e+00
      5.240      0.067     9.5417     92.814     48.060  37.599601     4.3283      7.153   287.4375 1.2387e-01     8.2299      5.138      7.453    14.1146 0.0000e+00
      5.257      0.067     9.5361     92.779     48.037  37.581336     4.3383      7.153   286.8960 1.2379e-01     8.2525      5.153      7.474    14.1145 0.0000e+00
      5.277      0.067     9.5415     92.759     48.013  37.563000     4.3485      7.153   286.8469 1.2379e-01     8.3168      5.174      7.506    14.1147 0.0000e+00
      5.298      0.067     9.5448     92.760     48.020  37.568268     4.3524      7.153   287.2737 1.2380e-01     8.3241      5.198      7.540    14.1146 0.0000e+00
      5.314      0.067     9.5397     92.768     48.037  37.581574     4.3439      7.154   287.4959 1.2380e-01     8.2723      5.213      7.561    14.1144 0.0000e+00
      5.327      0.068     9.5364     92.778     48.057  37.596968     4.3454      7.155   287.5549 1.2378e-01     8.2718      5.223      7.576    14.1141 0.0000e+00
      5.341      0.068     9.5329     92.787     48.097  37.627486     4.3539      7.156   287.6425 1.2375e-01     8.2836      5.237      7.595    14.1140 0.0000e+00
      5.359      0.068     9.5350     92.784     48.104  37.633274     4.3554      7.157   287.7803 1.2375e-01     8.2777      5.255      7.621    14.1141 0.0000e+00
      5.380      0.069     9.5353     92.790     48.066  37.603491     4.3209      7.157   287.7593 1.2379e-01     8.2691      5.276      7.653    14.1137 0.0000e+00
      5.401      0.070     9.5362     92.820     48.042  37.584673     4.2452      7.158   287.5599 1.2385e-01     8.2127      5.297      7.683    14.1135 0.0000e+00
      5.419      0.071     9.5388     92.869     48.056  37.596116     4.1892      7.158   287.5214 1.2386e-01     8.2111      5.316      7.710    14.1133 0.0000e+00
      5.434      0.071     9.5363     92.921     48.080  37.614935     4.1684      7.157   287.4654 1.2384e-01     8.2845      5.330      7.731    14.1130 0.0000e+00
      5.448      0.071     9.5370     92.936     48.089  37.621843     4.2095      7.156   287.1409 1.2386e-01     8.3483      5.340      7.746    14.1130 0.0000e+00
      5.466      0.070     9.5405     92.919     48.082  37.616178     4.3122      7.156   286.8669 1.2386e-01     8.4368      5.357      7.770    14.1131 0.0000e+00
      5.489      0.069     9.5450     92.897     48.074  37.609898     4.3702      7.157   286.8207 1.2383e-01     8.4661      5.385      7.809    14.1130 0.0000e+00
      5.511      0.068     9.5536     92.867     48.073  37.609369     4.3687      7.158   286.8402 1.2380e-01     8.4636      5.408      7.843    14.1132 0.0000e+00
      5.526      0.068     9.5541     92.828     48.074  37.609776     4.4025      7.158   286.8445 1.2371e-01     8.5082      5.420      7.862    14.1135 0.0000e+00
      5.539      0.066     9.5503     92.770     48.079  37.614816     4.4792      7.158   286.8730 1.2367e-01     8.4932      5.431      7.877    14.1134 0.0000e+00
      5.553      0.063     9.5499     92.697     48.069  37.606854     4.5228      7.159   286.9262 1.2375e-01     8.3853      5.445      7.898    14.1133 0.0000e+00
      5.570      0.059     9.5452     92.631     48.032  37.576966     4.5295      7.160   286.8849 1.2377e-01     8.2623      5.460      7.920    14.1134 0.0000e+00
      5.589      0.056     9.5427     92.595     48.024  37.570726     4.5189      7.160   286.7181 1.2376e-01     8.2362      5.480      7.949    14.1136 0.0000e+00
      5.607      0.056     9.5364     92.599     48.055  37.594860     4.4940      7.160   286.5436 1.2379e-01     8.3077      5.503      7.981    14.1140 0.0000e+00
      5.617      0.058     9.5276     92.636     48.081  37.614946     4.4790      7.160   286.6685 1.2381e-01     8.3419      5.511      7.993    14.1138 0.0000e+00
      5.623      0.063     9.5204     92.702     48.093  37.623207     4.4782      7.161   287.0235 1.2379e-01     8.3424      5.510      7.992    14.1135 0.0000e+00
      5.636      0.068     9.5158     92.780     48.104  37.631282     4.4678      7.161   287.1366 1.2376e-01     8.3476      5.524      8.011    14.1131 0.0000e+00
      5.658      0.074     9.5176     92.855     48.127  37.649128     4.4365      7.161   287.0043 1.2376e-01     8.3371      5.548      8.047    14.1130 0.0000e+00
      5.683      0.079     9.5205     92.927     48.127  37.648609     4.4168      7.161   286.8002 1.2378e-01     8.3511      5.573      8.083    14.1124 0.0000e+00
      5.708      0.081     9.5286     92.977     48.097  37.625005     4.4202      7.162   286.7342 1.2377e-01     8.3462      5.598      8.121    14.1116 0.0000e+00
      5.730      0.078     9.5380     92.992     48.088  37.617563     4.4272      7.162   287.1512 1.2372e-01     8.2777      5.623      8.154    14.1113 0.0000e+00
      5.749      0.070     9.5442     92.966     48.094  37.622084     4.4353      7.162   287.7124 1.2373e-01     8.2071      5.639      8.178    14.1109 0.0000e+00
      5.765      0.059     9.5537     92.916     48.087  37.616206     4.4512      7.162   287.8417 1.2379e-01     8.2092      5.654      8.200    14.1107 0.0000e+00
      5.780      0.048     9.5585     92.866     48.079  37.609956     4.4692      7.162   287.7682 1.2383e-01     8.2697      5.670      8.223    14.1104 0.0000e+00
      5.792      0.042     9.5609     92.809     48.079  37.609964     4.4625      7.163   287.6836 1.2382e-01     8.2885      5.682      8.241    14.1101 0.0000e+00
      5.799      0.041     9.5581     92.751     48.086  37.616309     4.3368      7.164   287.6801 1.2377e-01     8.2662      5.688      8.250    14.1097 0.0000e+00
      5.803      0.044     9.5504     92.699     48.095  37.623218     4.1150      7.165   287.8979 1.2374e-01     8.2392      5.690      8.253    14.1095 0.0000e+00
      5.809      0.048     9.5476     92.666     48.104  37.630045     4.0020      7.165   288.0795 1.2377e-01     8.2345      5.692      8.257    14.1094 0.0000e+00
      5.824      0.053     9.5400     92.665     48.111  37.635398     4.0120      7.166   288.1546 1.2381e-01     8.3129      5.707      8.278    14.1096 0.0000e+00
      5.846      0.059     9.5346     92.680     48.097  37.624475     4.0360      7.166   288.1172 1.2385e-01     8.3673      5.733      8.317    14.1098 0.0000e+00
      5.866      0.065     9.5287     92.689     48.098  37.624891     4.0496      7.167   287.9724 1.2387e-01     8.3110      5.755      8.348    14.1097 0.0000e+00
      5.880      0.069     9.5241     92.693     48.118  37.640429     4.0526      7.169   287.9524 1.2385e-01     8.2471      5.767      8.364    14.1100 0.0000e+00
      5.894      0.071     9.5250     92.716     48.094  37.621970     4.0632      7.170   288.0466 1.2384e-01     8.2782      5.777      8.379    14.1101 0.0000e+00
      5.911      0.070     9.5276     92.757     48.056  37.592072     4.1697      7.170   288.0796 1.2384e-01     8.4133      5.795      8.405    14.1098 0.0000e+00
      5.932      0.069     9.5291     92.799     48.061  37.596224     4.3585      7.170   288.0936 1.2385e-01     8.5150      5.817      8.437    14.1096 0.0000e+00
      5.953      0.068     9.5272     92.827     48.077  37.608717     4.4490      7.170   288.1288 1.2387e-01     8.5171      5.839      8.468    14.1095 0.0000e+00
      5.973      0.070     9.5304     92.831     48.087  37.616208     4.4400      7.169   288.0757 1.2391e-01     8.5066      5.860      8.500    14.1097 0.0000e+00
      5.987      0.073     9.5351     92.818     48.096  37.623334     4.4315      7.169   287.9668 1.2393e-01     8.5590      5.874      8.520    14.1097 0.0000e+00
      5.997      0.077     9.5402     92.810     48.106  37.631414     4.4300      7.169   287.9308 1.2390e-01     8.6381      5.878      8.527    14.1097 0.0000e+00
      6.013      0.080     9.5434     92.803     48.131  37.650452     4.4222      7.170   287.8988 1.2382e-01     8.6087      5.892      8.546    14.1098 0.0000e+00
      6.041      0.081     9.5436     92.775     48.148  37.663153     4.4036      7.171   287.8379 1.2379e-01     8.5117      5.923      8.591    14.1097 0.0000e+00
      6.072      0.083     9.5412     92.755     48.143  37.658067     4.3971      7.171   287.8836 1.2385e-01     8.4889      5.959      8.642    14.1096 0.0000e+00
      6.097      0.087     9.5397     92.758     48.136  37.652407     4.4510      7.170   288.1068 1.2382e-01     8.4696      5.983      8.677    14.1095 0.0000e+00
      6.112      0.087     9.5423     92.762     48.143  37.658177     4.5475      7.170   288.2998 1.2374e-01     8.3807      5.993      8.693    14.1089 0.0000e+00
      6.126      0.084     9.5364     92.761     48.152  37.664371     4.5907      7.171   288.2388 1.2375e-01     8.3025      6.004      8.709    14.1082 0.0000e+00
      6.148      0.078     9.5338     92.735     48.152  37.663841     4.5812      7.171   288.1430 1.2377e-01     8.2420      6.027      8.741    14.1076 0.0000e+00
      6.176      0.072     9.5366     92.683     48.137  37.651765     4.5911      7.171   288.1734 1.2381e-01     8.2300      6.058      8.786    14.1072 0.0000e+00
      6.201      0.065     9.5354     92.633     48.128  37.645277     4.6269      7.171   288.2626 1.2383e-01     8.2945      6.085      8.825    14.1070 0.0000e+00
      6.217      0.058     9.5377     92.586     48.132  37.648854     4.6560      7.172   288.3607 1.2382e-01     8.3381      6.100      8.847    14.1065 0.0000e+00
      6.224      0.052     9.5350     92.545     48.110  37.631551     4.6436      7.173   288.4136 1.2383e-01     8.3129      6.105      8.855    14.1059 0.0000e+00
      6.228      0.050     9.5276     92.518     48.103  37.626444     4.5358      7.174   288.4722 1.2386e-01     8.2978      6.106      8.856    14.1056 0.0000e+00
      6.236      0.054     9.5231     92.511     48.134  37.650558     4.3933      7.175   288.4665 1.2384e-01     8.3598      6.112      8.864    14.1058 0.0000e+00
      6.252      0.061     9.5183     92.537     48.158  37.669290     4.3438      7.175   288.4306 1.2383e-01     8.4136      6.129      8.889    14.1060 0.0000e+00
      6.272      0.067     9.5132     92.590     48.149  37.662564     4.3372      7.175   288.4687 1.2381e-01     8.4024      6.149      8.920    14.1063 0.0000e+00
