Data/DataNotYetUploadedToEDI/Raw_CTD/RawDownloads/102924_fcr40_S7809014.cnv
* Sea-Bird SBE19plus  Data File:
* FileName = C:\R\Reservoirs\Data\DataNotYetUploadedToEDI\Raw_CTD\RawDownloads\102924_fcr50_S7809_0014.hex
* Software version 2.8.0.119
* Temperature SN = 7809
* Conductivity SN = 7809
* System UpLoad Time = Oct 29 2024 18:07:34
* <ApplicationData>
* <Seaterm232>
# nquan = 15
# nvalues = 1355                        
# units = specified
# name 0 = depFM: Depth [fresh water, m]
# name 1 = dz/dtM: Descent Rate [m/s]
# name 2 = sbeox0Mg/L: Oxygen, SBE 43 [mg/l]
# name 3 = sbeox0PS: Oxygen, SBE 43 [% saturation]
# name 4 = specc: Specific Conductance [uS/cm]
# name 5 = c0uS/cm: Conductivity [uS/cm]
# name 6 = flECO-AFL: Fluorescence, WET Labs ECO-AFL/FL [mg/m^3]
# name 7 = ph: pH
# name 8 = orp: Oxidation Reduction Potential [mV]
# name 9 = par/sat/log: PAR/Logarithmic, Satlantic
# name 10 = turbWETntu0: Turbidity, WET Labs ECO [NTU]
# name 11 = prdM: Pressure, Strain Gauge [db]
# name 12 = prdE: Pressure, Strain Gauge [psi]
# name 13 = tv290C: Temperature [ITS-90, deg C]
# name 14 = flag:  0.000e+00
# span 0 =     -0.524,      6.242       
# span 1 =     -0.261,      0.232       
# span 2 =     6.7287,    12.4072       
# span 3 =     66.630,    121.717       
# span 4 =      1.500,     47.046       
# span 5 =   1.178766,  36.790784       
# span 6 =    -0.6516,     6.8666       
# span 7 =      7.818,      8.152       
# span 8 =   152.4561,   321.9935       
# span 9 = 1.2363e-01, 1.5765e+03       
# span 10 =    -0.7933,   375.3104      
# span 11 =     -0.516,      6.121      
# span 12 =     -0.748,      8.878      
# span 13 =    14.0361,    14.9590      
# span 14 = 0.0000e+00, 0.0000e+00      
# interval = seconds: 0.25
# start_time = Oct 29 2024 12:11:35 [Instrument's time stamp, header]
# bad_flag = -9.990e-29
*END*
[from data line 386]
      1.248      0.018    10.5041    102.653     42.323  33.315724     5.6679      8.055   274.8751 5.6295e+01     4.8237      1.225      1.777    14.3550 0.0000e+00
      1.253      0.018    10.5014    102.613     42.333  33.323575     5.6422      8.055   274.8464 5.5939e+01     4.7332      1.228      1.782    14.3557 0.0000e+00
      1.257      0.018    10.5011    102.562     42.340  33.329343     5.6599      8.054   274.9506 5.5371e+01     4.7323      1.231      1.785    14.3560 0.0000e+00
      1.262      0.018    10.4988    102.489     42.331  33.322015     5.7078      8.054   275.0168 5.4642e+01     4.7101      1.238      1.795    14.3557 0.0000e+00
      1.267      0.017    10.4970    102.410     42.302  33.298416     5.7630      8.054   274.9583 5.4105e+01     4.6701      1.243      1.803    14.3552 0.0000e+00
      1.271      0.017    10.4918    102.355     42.302  33.297782     5.7947      8.055   274.9318 5.3634e+01     4.7271      1.246      1.806    14.3550 0.0000e+00
      1.275      0.018    10.4879    102.345     42.324  33.314356     5.8167      8.055   275.0410 5.3161e+01     4.7495      1.251      1.813    14.3554 0.0000e+00
      1.279      0.019    10.4798    102.369     42.318  33.308476     5.8283      8.054   275.2465 5.2812e+01     4.6680      1.255      1.820    14.3552 0.0000e+00
      1.282      0.021    10.4701    102.386     42.296  33.290125     5.8186      8.054   275.3510 5.2295e+01     4.6290      1.256      1.822    14.3540 0.0000e+00
      1.288      0.024    10.4649    102.389     42.288  33.282807     5.8075      8.054   275.2726 5.1400e+01     4.6895      1.261      1.830    14.3534 0.0000e+00
      1.296      0.026    10.4627    102.364     42.290  33.283441     5.8106      8.055   275.1582 5.0477e+01     4.7837      1.271      1.845    14.3530 0.0000e+00
      1.303      0.026    10.4693    102.284     42.310  33.297785     5.7740      8.055   275.1722 4.9615e+01     4.8462      1.278      1.853    14.3512 0.0000e+00
      1.311      0.026    10.4700    102.179     42.352  33.329354     5.6891      8.055   275.1840 4.8711e+01     4.8979      1.285      1.864    14.3497 0.0000e+00
      1.319      0.024    10.4706    102.055     42.377  33.347924     5.6409      8.055   275.1288 4.8074e+01     4.9304      1.295      1.878    14.3495 0.0000e+00
      1.325      0.021    10.4718    101.898     42.357  33.331976     5.6326      8.055   275.2793 4.7654e+01     4.9316      1.299      1.884    14.3476 0.0000e+00
      1.330      0.019    10.4607    101.746     42.349  33.326853     5.6389      8.055   275.4553 4.7231e+01     4.9124      1.303      1.890    14.3456 0.0000e+00
      1.334      0.017    10.4500    101.619     42.378  33.349423     5.6759      8.056   275.4489 4.6940e+01     4.8010      1.308      1.899    14.3446 0.0000e+00
      1.336      0.017    10.4401    101.504     42.383  33.351097     5.7297      8.056   275.4605 4.6674e+01     4.6443      1.310      1.900    14.3431 0.0000e+00
      1.340      0.018    10.4210    101.427     42.380  33.347088     5.7570      8.055   275.4231 4.6176e+01     4.5893      1.312      1.903    14.3426 0.0000e+00
      1.345      0.021    10.4043    101.392     42.404  33.364399     5.7485      8.054   275.3420 4.5564e+01     4.6475      1.318      1.912    14.3440 0.0000e+00
      1.350      0.026    10.3936    101.343     42.414  33.370072     5.6761      8.054   275.4260 4.5140e+01     4.7332      1.325      1.921    14.3442 0.0000e+00
      1.355      0.029    10.3798    101.287     42.394  33.352232     5.5479      8.055   275.5775 4.4603e+01     4.7371      1.327      1.925    14.3418 0.0000e+00
      1.364      0.030    10.3715    101.251     42.378  33.339024     5.4721      8.057   275.6254 4.3460e+01     4.6601      1.335      1.935    14.3395 0.0000e+00
      1.376      0.029    10.3730    101.215     42.375  33.337266     5.4746      8.057   275.5754 4.2209e+01     4.6567      1.351      1.959    14.3377 0.0000e+00
      1.387      0.028    10.3669    101.159     42.365  33.330970     5.5121      8.056   275.4894 4.1522e+01     4.7982      1.362      1.976    14.3354 0.0000e+00
      1.392      0.026    10.3599    101.074     42.358  33.326346     5.5499      8.056   275.5316 4.1179e+01     4.9707      1.366      1.981    14.3321 0.0000e+00
      1.396      0.024    10.3586    100.975     42.381  33.344802     5.5498      8.055   275.7416 4.0922e+01     5.0005      1.369      1.986    14.3308 0.0000e+00
      1.400      0.022    10.3547    100.908     42.404  33.363788     5.5270      8.055   275.8779 4.0724e+01     4.9199      1.372      1.990    14.3331 0.0000e+00
      1.404      0.021    10.3488    100.893     42.405  33.365574     5.5912      8.055   275.8030 4.0253e+01     4.9177      1.375      1.995    14.3353 0.0000e+00
      1.411      0.022    10.3403    100.902     42.406  33.366408     5.7436      8.057   275.6968 3.9457e+01     5.0085      1.382      2.006    14.3353 0.0000e+00
      1.419      0.022    10.3275    100.937     42.415  33.373858     5.8291      8.058   275.7978 3.8832e+01     5.0612      1.393      2.020    14.3354 0.0000e+00
      1.425      0.022    10.3188    101.010     42.439  33.392211     5.8259      8.057   275.9910 3.8472e+01     5.0092      1.398      2.028    14.3374 0.0000e+00
      1.430      0.021    10.3199    101.091     42.446  33.397990     5.7552      8.057   276.0540 3.8190e+01     4.9252      1.402      2.034    14.3385 0.0000e+00
      1.434      0.020    10.3201    101.138     42.425  33.380282     5.6473      8.056   276.0441 3.7957e+01     4.9339      1.407      2.040    14.3383 0.0000e+00
      1.438      0.020    10.3223    101.136     42.411  33.368436     5.6036      8.056   276.0433 3.7602e+01     5.0119      1.409      2.044    14.3384 0.0000e+00
      1.443      0.020    10.3318    101.116     42.430  33.381644     5.6019      8.056   276.0439 3.7088e+01     5.0141      1.414      2.051    14.3380 0.0000e+00
      1.449      0.021    10.3415    101.103     42.473  33.413091     5.5845      8.056   276.0515 3.6661e+01     4.9261      1.422      2.062    14.3376 0.0000e+00
      1.454      0.022    10.3476    101.049     42.499  33.431434     5.5442      8.056   276.1360 3.6303e+01     4.8019      1.426      2.068    14.3375 0.0000e+00
      1.459      0.022    10.3461    100.945     42.478  33.413091     5.5062      8.056   276.2902 3.5863e+01     4.7079      1.431      2.075    14.3361 0.0000e+00
      1.465      0.022    10.3419    100.840     42.439  33.381647     5.4987      8.056   276.3677 3.5390e+01     4.7466      1.437      2.084    14.3338 0.0000e+00
      1.471      0.021    10.3455    100.747     42.421  33.368459     5.4949      8.056   276.3849 3.4913e+01     4.7909      1.443      2.093    14.3310 0.0000e+00
      1.477      0.020    10.3410    100.654     42.434  33.380524     5.5769      8.056   276.4119 3.4547e+01     4.7662      1.450      2.103    14.3279 0.0000e+00
      1.482      0.020    10.3268    100.560     42.457  33.400634     5.7578      8.056   276.4359 3.4302e+01     4.7556      1.454      2.109    14.3259 0.0000e+00
      1.486      0.020    10.3171    100.482     42.482  33.421282     5.8680      8.056   276.4169 3.4021e+01     4.7312      1.458      2.114    14.3255 0.0000e+00
      1.491      0.020    10.3076    100.422     42.507  33.439843     5.8941      8.056   276.3544 3.3755e+01     4.7439      1.462      2.120    14.3265 0.0000e+00
      1.496      0.020    10.2983    100.364     42.505  33.434720     5.9317      8.056   276.3679 3.3435e+01     4.7728      1.465      2.126    14.3279 0.0000e+00
      1.501      0.021    10.2867    100.294     42.495  33.422780     5.9980      8.056   276.4082 3.2960e+01     4.7732      1.471      2.134    14.3302 0.0000e+00
      1.508      0.021    10.2780    100.214     42.499  33.422367     6.0475      8.056   276.4118 3.2515e+01     4.7822      1.480      2.145    14.3333 0.0000e+00
      1.514      0.020    10.2733    100.142     42.512  33.429714     6.0550      8.057   276.4973 3.2161e+01     4.7796      1.484      2.154    14.3322 0.0000e+00
      1.519      0.019    10.2686    100.079     42.538  33.448172     5.9716      8.057   276.5812 3.1906e+01     4.7411      1.490      2.161    14.3263 0.0000e+00
      1.523      0.019    10.2637    100.013     42.548  33.455211     5.8053      8.057   276.5664 3.1736e+01     4.6593      1.493      2.166    14.3210 0.0000e+00
      1.526      0.020    10.2541     99.941     42.545  33.451372     5.7008      8.057   276.5759 3.1528e+01     4.6442      1.496      2.170    14.3172 0.0000e+00
      1.530      0.022    10.2482     99.879     42.563  33.465204     5.6901      8.057   276.6099 3.1200e+01     4.7282      1.500      2.175    14.3142 0.0000e+00
      1.536      0.024    10.2425     99.833     42.602  33.495563     5.6924      8.057   276.6334 3.0651e+01     4.7879      1.505      2.183    14.3122 0.0000e+00
      1.545      0.024    10.2366     99.793     42.607  33.501222     5.6781      8.056   276.6886 3.0052e+01     4.7507      1.515      2.198    14.3113 0.0000e+00
      1.553      0.024    10.2283     99.740     42.564  33.470181     5.6595      8.056   276.7607 2.9631e+01     4.6542      1.524      2.210    14.3096 0.0000e+00
      1.559      0.023    10.2224     99.669     42.519  33.437467     5.6420      8.057   276.8168 2.9393e+01     4.6458      1.530      2.218    14.3080 0.0000e+00
      1.564      0.021    10.2181     99.603     42.499  33.422906     5.6419      8.057   276.8509 2.9257e+01     4.7180      1.534      2.225    14.3079 0.0000e+00
      1.567      0.019    10.2138     99.541     42.496  33.421016     5.7572      8.056   276.9145 2.9015e+01     4.7753      1.536      2.227    14.3098 0.0000e+00
      1.571      0.019    10.2091     99.469     42.487  33.414613     5.9705      8.055   276.9844 2.8696e+01     4.8603      1.541      2.234    14.3140 0.0000e+00
      1.576      0.019    10.1981     99.412     42.479  33.408929     6.0820      8.055   277.0071 2.8439e+01     4.9268      1.547      2.244    14.3178 0.0000e+00
      1.581      0.020    10.1924     99.422     42.489  33.415737     6.0818      8.056   277.1031 2.8118e+01     4.9636      1.550      2.248    14.3190 0.0000e+00
      1.587      0.022    10.1862     99.477     42.514  33.433484     6.0513      8.056   277.1981 2.7785e+01     5.0316      1.556      2.257    14.3195 0.0000e+00
      1.592      0.022    10.1787     99.538     42.516  33.433174     5.9884      8.056   277.1243 2.7526e+01     5.0319      1.561      2.264    14.3205 0.0000e+00
      1.598      0.023    10.1686     99.641     42.491  33.411988     5.9371      8.056   277.0713 2.7173e+01     4.9331      1.566      2.270    14.3202 0.0000e+00
      1.605      0.024    10.1715     99.776     42.517  33.431097     5.9131      8.056   277.1589 2.6801e+01     4.8622      1.575      2.284    14.3191 0.0000e+00
      1.612      0.024    10.1815     99.881     42.573  33.473881     5.8069      8.055   277.2374 2.6536e+01     4.8915      1.581      2.294    14.3171 0.0000e+00
      1.617      0.023    10.1838     99.919     42.589  33.485179     5.6106      8.054   277.2452 2.6230e+01     4.9807      1.584      2.299    14.3144 0.0000e+00
      1.623      0.022    10.1960     99.919     42.616  33.504260     5.4875      8.054   277.3397 2.5922e+01     4.9846      1.592      2.309    14.3126 0.0000e+00
      1.629      0.019    10.2127     99.886     42.632  33.514245     5.4584      8.054   277.5192 2.5702e+01     4.9044      1.598      2.318    14.3119 0.0000e+00
      1.633      0.016    10.2263     99.819     42.589  33.479018     5.4993      8.053   277.6089 2.5451e+01     4.8644      1.601      2.322    14.3107 0.0000e+00
      1.637      0.013    10.2274     99.734     42.563  33.458993     5.5994      8.052   277.5640 2.5215e+01     4.8428      1.606      2.329    14.3088 0.0000e+00
      1.641      0.010    10.2283     99.584     42.565  33.462462     5.6624      8.052   277.4925 2.5114e+01     4.8480      1.610      2.335    14.3064 0.0000e+00
      1.643      0.008    10.2273     99.399     42.557  33.457527     5.6702      8.051   277.5189 2.5129e+01     4.8248      1.611      2.337    14.3028 0.0000e+00
      1.643      0.008    10.2171     99.262     42.562  33.462763     5.7264      8.051   277.5397 2.5168e+01     4.7332      1.611      2.337    14.3003 0.0000e+00
      1.643      0.009    10.2134     99.153     42.559  33.462337     5.8593      8.051   277.5712 2.5125e+01     4.7307      1.611      2.337    14.3015 0.0000e+00
      1.645      0.012    10.1960     99.031     42.544  33.452370     5.9539      8.052   277.6423 2.4993e+01     4.7945      1.612      2.339    14.3047 0.0000e+00
      1.649      0.016    10.1704     98.948     42.564  33.469144     5.9712      8.052   277.6250 2.4768e+01     4.7874      1.616      2.344    14.3066 0.0000e+00
      1.655      0.018    10.1584     98.947     42.569  33.474816     5.9511      8.051   277.6199 2.4470e+01     4.7475      1.623      2.353    14.3076 0.0000e+00
      1.661      0.019    10.1510     99.007     42.547  33.457515     5.9530      8.051   277.6665 2.4167e+01     4.7901      1.628      2.362    14.3091 0.0000e+00
      1.667      0.018    10.1334     99.088     42.538  33.450293     6.0104      8.051   277.7588 2.3876e+01     4.9271      1.634      2.370    14.3110 0.0000e+00
      1.672      0.016    10.1225     99.153     42.539  33.450936     6.0549      8.051   277.8745 2.3689e+01     5.0374      1.642      2.380    14.3138 0.0000e+00
      1.677      0.012    10.1243     99.212     42.559  33.465289     6.0494      8.050   277.9475 2.3615e+01     5.0311      1.645      2.386    14.3154 0.0000e+00
      1.679      0.006    10.1303     99.278     42.602  33.496944     6.0269      8.049   278.0400 2.3575e+01     4.9526      1.646      2.387    14.3157 0.0000e+00
      1.680      0.001    10.1422     99.326     42.630  33.516449     6.0158      8.048   278.1310 2.3557e+01     4.9078      1.647      2.389    14.3159 0.0000e+00
      1.680     -0.004    10.1470     99.329     42.627  33.510788     6.0236      8.048   278.2743 2.3649e+01     4.9338      1.648      2.391    14.3150 0.0000e+00
      1.678     -0.006    10.1530     99.304     42.607  33.491938     6.0385      8.048   278.3953 2.3960e+01     4.9936      1.647      2.389    14.3125 0.0000e+00
      1.673     -0.005    10.1615     99.279     42.592  33.478853     5.9706      8.047   278.3040 2.4317e+01     5.0162      1.640      2.379    14.3106 0.0000e+00
      1.668      0.000    10.1684     99.242     42.592  33.479469     5.8101      8.046   278.2020 2.4454e+01     5.0018      1.634      2.370    14.3080 0.0000e+00
      1.667      0.010    10.1692     99.194     42.614  33.499389     5.7123      8.046   278.2812 2.4334e+01     4.9903      1.634      2.368    14.3032 0.0000e+00
      1.671      0.022    10.1650     99.141     42.649  33.529380     5.7045      8.046   278.4008 2.4050e+01     4.9793      1.638      2.376    14.2993 0.0000e+00
      1.677      0.033    10.1653     99.096     42.644  33.524869     5.6656      8.046   278.4435 2.3671e+01     4.9725      1.643      2.383    14.2970 0.0000e+00
      1.688      0.040    10.1599     99.086     42.625  33.508296     5.5752      8.045   278.4534 2.2969e+01     4.9421      1.651      2.394    14.2984 0.0000e+00
      1.707      0.041    10.1542     99.104     42.642  33.519322     5.5270      8.043   278.4352 2.2035e+01     4.9187      1.677      2.432    14.3032 0.0000e+00
      1.723      0.038    10.1480     99.114     42.658  33.531282     5.5315      8.042   278.4814 2.1487e+01     4.9290      1.694      2.457    14.3057 0.0000e+00
