Data/DataNotYetUploadedToEDI/Raw_CTD/RawDownloads/102924_fcr10_S7809011.cnv
* Sea-Bird SBE19plus  Data File:
* FileName = C:\R\Reservoirs\Data\DataNotYetUploadedToEDI\Raw_CTD\RawDownloads\102924_fcr50_S7809_0011.hex
* Software version 2.8.0.119
* Temperature SN = 7809
* Conductivity SN = 7809
* System UpLoad Time = Oct 29 2024 18:05:58
* <ApplicationData>
* <Seaterm232>
# nquan = 15
# nvalues = 808                         
# units = specified
# name 0 = depFM: Depth [fresh water, m]
# name 1 = dz/dtM: Descent Rate [m/s]
# name 2 = sbeox0Mg/L: Oxygen, SBE 43 [mg/l]
# name 3 = sbeox0PS: Oxygen, SBE 43 [% saturation]
# name 4 = specc: Specific Conductance [uS/cm]
# name 5 = c0uS/cm: Conductivity [uS/cm]
# name 6 = flECO-AFL: Fluorescence, WET Labs ECO-AFL/FL [mg/m^3]
# name 7 = ph: pH
# name 8 = orp: Oxidation Reduction Potential [mV]
# name 9 = par/sat/log: PAR/Logarithmic, Satlantic
# name 10 = turbWETntu0: Turbidity, WET Labs ECO [NTU]
# name 11 = prdM: Pressure, Strain Gauge [db]
# name 12 = prdE: Pressure, Strain Gauge [psi]
# name 13 = tv290C: Temperature [ITS-90, deg C]
# name 14 = flag:  0.000e+00
# span 0 =     -0.528,      2.645       
# span 1 =     -0.284,      0.196       
# span 2 =     6.7770,    12.0219       
# span 3 =     67.871,    117.591       
# span 4 =      1.072,     52.286       
# span 5 =   0.930393,  40.835615       
# span 6 =    -0.3438,   227.5532       
# span 7 =      6.208,     11.569       
# span 8 =  -782.6333,  1181.9966       
# span 9 = 3.9699e+00, 1.3764e+03       
# span 10 =    -8.0875,   198.8658      
# span 11 =     -0.519,      2.594      
# span 12 =     -0.753,      3.763      
# span 13 =    14.0341,    18.3985      
# span 14 = 0.0000e+00, 0.0000e+00      
# interval = seconds: 0.25
# start_time = Oct 29 2024 11:42:18 [Instrument's time stamp, header]
# bad_flag = -9.990e-29
*END*
[from data line 290]
      0.920      0.018    10.8678    106.645     42.218  33.307934     5.0183      7.368   259.4576 1.1414e+02     4.7570      0.900      1.305    14.4502 0.0000e+00
      0.925      0.020    10.8670    106.641     42.222  33.302686     5.0352      7.370   259.4682 1.1302e+02     4.7974      0.906      1.313    14.4488 0.0000e+00
      0.931      0.021    10.8745    106.623     42.226  33.295871     5.0454      7.372   259.5378 1.1176e+02     4.8280      0.913      1.324    14.4484 0.0000e+00
      0.938      0.021    10.8806    106.610     42.225  33.288970     5.0429      7.373   259.6983 1.1010e+02     4.7851      0.920      1.334    14.4479 0.0000e+00
      0.944      0.020    10.8834    106.610     42.221  33.282674     5.0291      7.374   259.7733 1.0880e+02     4.6883      0.927      1.345    14.4478 0.0000e+00
      0.949      0.017    10.8854    106.620     42.226  33.283193     5.0288      7.376   259.8419 1.0834e+02     4.6831      0.932      1.351    14.4355 0.0000e+00
      0.952      0.015    10.8865    106.600     42.244  33.295243     5.0393      7.378   260.0115 1.0788e+02     4.7564      0.933      1.354    14.4188 0.0000e+00
      0.955      0.013    10.8863    106.535     42.253  33.301469     5.0469      7.379   260.1037 1.0732e+02     4.7200      0.936      1.358    14.4148 0.0000e+00
      0.957      0.011    10.8861    106.474     42.245  33.295034     5.0546      7.382   260.0965 1.0683e+02     4.6180      0.938      1.361    14.4114 0.0000e+00
      0.960      0.011    10.8911    106.470     42.228  33.280877     5.0496      7.385   260.0955 1.0607e+02     4.5484      0.941      1.364    14.4069 0.0000e+00
      0.964      0.011    10.8901    106.494     42.201  33.257181     5.0446      7.387   260.0928 1.0525e+02     4.5274      0.945      1.371    14.4042 0.0000e+00
      0.967      0.012    10.8821    106.533     42.210  33.262301     5.0360      7.389   260.0630 1.0505e+02     4.6033      0.948      1.376    14.4030 0.0000e+00
      0.968      0.016    10.8713    106.598     42.230  33.279331     5.0032      7.390   260.0794 1.0483e+02     4.6807      0.949      1.375    14.4044 0.0000e+00
      0.971      0.021    10.8745    106.663     42.222  33.272767     4.9722      7.391   260.2045 1.0379e+02     4.6778      0.950      1.378    14.4028 0.0000e+00
      0.976      0.025    10.8790    106.721     42.197  33.246386     4.9707      7.393   260.3715 1.0240e+02     4.6705      0.956      1.387    14.3989 0.0000e+00
      0.983      0.028    10.8804    106.752     42.171  33.214119     5.0093      7.394   260.4641 1.0021e+02     4.6604      0.963      1.397    14.3963 0.0000e+00
      0.993      0.029    10.8907    106.722     42.164  33.199826     5.0804      7.395   260.4645 9.7562e+01     4.6242      0.973      1.411    14.3982 0.0000e+00
      1.005      0.027    10.8944    106.643     42.168  33.200449     5.1147      7.398   260.5471 9.5497e+01     4.5742      0.988      1.433    14.4026 0.0000e+00
      1.014      0.024    10.9032    106.545     42.190  33.221648     5.0994      7.401   260.6895 9.4602e+01     4.5350      0.997      1.446    14.3938 0.0000e+00
      1.017      0.020    10.9139    106.436     42.238  33.265823     5.0698      7.403   260.7230 9.4721e+01     4.5255      0.998      1.448    14.3741 0.0000e+00
      1.018      0.017    10.9117    106.332     42.263  33.290465     5.0394      7.403   260.7798 9.4528e+01     4.5279      0.998      1.448    14.3630 0.0000e+00
      1.020      0.019    10.9029    106.259     42.229  33.265822     5.0402      7.404   260.8603 9.3730e+01     4.5297      1.000      1.450    14.3616 0.0000e+00
      1.024      0.025    10.8915    106.215     42.176  33.221647     5.0463      7.405   260.9228 9.2631e+01     4.4797      1.004      1.455    14.3668 0.0000e+00
      1.029      0.034    10.8782    106.204     42.161  33.200447     5.0389      7.406   261.0183 9.1465e+01     4.4349      1.010      1.464    14.3765 0.0000e+00
      1.038      0.040    10.8636    106.205     42.176  33.199810     5.0501      7.407   261.1548 8.9190e+01     4.5004      1.014      1.471    14.3824 0.0000e+00
      1.053      0.041    10.8571    106.157     42.205  33.213935     5.0661      7.406   261.2827 8.5331e+01     4.5889      1.030      1.493    14.3859 0.0000e+00
      1.073      0.038    10.8518    106.052     42.246  33.244331     5.0655      7.406   261.2737 8.2362e+01     4.6167      1.057      1.532    14.3853 0.0000e+00
      1.086      0.032    10.8539    105.908     42.249  33.250112     5.0513      7.408   261.3046 8.1257e+01     4.5969      1.069      1.550    14.3710 0.0000e+00
      1.090      0.024    10.8630    105.738     42.204  33.220391     5.0691      7.410   261.3977 8.1119e+01     4.5884      1.071      1.552    14.3522 0.0000e+00
      1.090      0.015    10.8596    105.587     42.175  33.202206     5.1315      7.410   261.4532 8.1381e+01     4.6178      1.070      1.551    14.3413 0.0000e+00
      1.089      0.010    10.8484    105.493     42.194  33.220563     5.1562      7.411   261.5452 8.1656e+01     4.5761      1.067      1.548    14.3398 0.0000e+00
      1.089      0.010    10.8323    105.454     42.232  33.252014     5.1506      7.412   261.6499 8.1432e+01     4.4932      1.067      1.547    14.3462 0.0000e+00
      1.092      0.013    10.8113    105.471     42.251  33.265264     5.1808      7.413   261.7728 8.0679e+01     4.5382      1.071      1.552    14.3540 0.0000e+00
      1.097      0.017    10.7918    105.543     42.241  33.253887     5.2297      7.414   261.8273 7.9665e+01     4.6760      1.076      1.560    14.3599 0.0000e+00
      1.103      0.020    10.7829    105.642     42.228  33.241336     5.2677      7.416   261.7913 7.8427e+01     4.7926      1.082      1.569    14.3635 0.0000e+00
      1.111      0.020    10.7780    105.721     42.227  33.240388     5.2903      7.418   261.8540 7.7238e+01     4.8216      1.089      1.579    14.3657 0.0000e+00
      1.117      0.020    10.7796    105.751     42.228  33.242429     5.2954      7.420   261.8980 7.6426e+01     4.6847      1.097      1.590    14.3643 0.0000e+00
      1.121      0.019    10.7901    105.756     42.258  33.266012     5.2956      7.421   261.8924 7.6046e+01     4.5038      1.100      1.595    14.3580 0.0000e+00
      1.124      0.018    10.8022    105.741     42.265  33.271766     5.3099      7.423   262.0449 7.5670e+01     4.4796      1.101      1.597    14.3543 0.0000e+00
      1.128      0.017    10.8127    105.698     42.235  33.248553     5.3357      7.424   262.1921 7.4941e+01     4.5627      1.105      1.603    14.3553 0.0000e+00
      1.133      0.017    10.8126    105.675     42.223  33.239124     5.3655      7.426   262.2100 7.4186e+01     4.5858      1.112      1.612    14.3567 0.0000e+00
      1.138      0.018    10.8132    105.675     42.201  33.221197     5.3954      7.428   262.2619 7.3858e+01     4.5203      1.117      1.620    14.3576 0.0000e+00
      1.141      0.019    10.8133    105.664     42.204  33.222119     5.4215      7.429   262.3887 7.3333e+01     4.5220      1.119      1.623    14.3582 0.0000e+00
      1.145      0.018    10.8050    105.659     42.241  33.250269     5.4488      7.429   262.4527 7.2206e+01     4.6059      1.122      1.627    14.3585 0.0000e+00
      1.152      0.018    10.8027    105.679     42.235  33.244344     5.4840      7.431   262.5201 7.1050e+01     4.6800      1.129      1.638    14.3583 0.0000e+00
      1.158      0.018    10.8058    105.694     42.196  33.213930     5.5141      7.435   262.6014 7.0377e+01     4.7360      1.137      1.650    14.3582 0.0000e+00
      1.162      0.018    10.8035    105.686     42.177  33.199749     5.5222      7.437   262.5751 7.0200e+01     4.7359      1.140      1.654    14.3564 0.0000e+00
      1.164      0.017    10.8018    105.654     42.176  33.199764     5.5320      7.438   262.5463 6.9965e+01     4.7477      1.141      1.655    14.3541 0.0000e+00
      1.168      0.017    10.8068    105.580     42.194  33.214116     5.5239      7.439   262.5978 6.9290e+01     4.7755      1.145      1.659    14.3532 0.0000e+00
      1.173      0.018    10.8087    105.490     42.236  33.246389     5.4832      7.440   262.7664 6.8455e+01     4.7302      1.151      1.670    14.3525 0.0000e+00
      1.178      0.019    10.8068    105.424     42.272  33.272761     5.4554      7.441   262.9499 6.7893e+01     4.6447      1.156      1.676    14.3534 0.0000e+00
      1.183      0.021    10.8053    105.374     42.283  33.279210     5.4377      7.443   263.0103 6.7128e+01     4.5607      1.160      1.681    14.3556 0.0000e+00
      1.189      0.021    10.7959    105.314     42.264  33.260907     5.4357      7.445   263.0664 6.6126e+01     4.5356      1.166      1.691    14.3558 0.0000e+00
      1.194      0.020    10.7846    105.255     42.244  33.241785     5.4646      7.447   263.1120 6.5450e+01     4.6144      1.171      1.698    14.3542 0.0000e+00
      1.199      0.020    10.7793    105.207     42.242  33.238330     5.4952      7.448   263.1315 6.4730e+01     4.7278      1.176      1.705    14.3530 0.0000e+00
      1.204      0.020    10.7762    105.163     42.220  33.219130     5.4987      7.449   263.2158 6.4010e+01     4.7451      1.182      1.714    14.3506 0.0000e+00
      1.209      0.020    10.7703    105.141     42.199  33.199980     5.4817      7.452   263.2706 6.3591e+01     4.6869      1.186      1.721    14.3462 0.0000e+00
      1.214      0.019    10.7645    105.132     42.198  33.197115     5.4885      7.454   263.2778 6.3103e+01     4.7064      1.189      1.724    14.3403 0.0000e+00
      1.219      0.017    10.7622    105.126     42.183  33.184478     5.5310      7.455   263.2169 6.2341e+01     4.7773      1.195      1.731    14.3379 0.0000e+00
      1.224      0.017    10.7552    105.147     42.168  33.174072     5.5553      7.456   263.2224 6.1718e+01     4.7579      1.202      1.742    14.3378 0.0000e+00
      1.229      0.017    10.7546    105.177     42.199  33.198179     5.5401      7.457   263.3449 6.1441e+01     4.7103      1.206      1.749    14.3341 0.0000e+00
      1.231      0.017    10.7566    105.202     42.229  33.222184     5.5229      7.458   263.4074 6.1151e+01     4.6807      1.207      1.750    14.3298 0.0000e+00
      1.234      0.018    10.7526    105.233     42.213  33.210544     5.5299      7.459   263.5483 6.0588e+01     4.6046      1.210      1.754    14.3299 0.0000e+00
      1.239      0.018    10.7567    105.250     42.179  33.184337     5.5501      7.461   263.6709 5.9868e+01     4.5419      1.216      1.762    14.3323 0.0000e+00
      1.244      0.019    10.7602    105.229     42.146  33.159084     5.5584      7.462   263.6858 5.9223e+01     4.5033      1.220      1.770    14.3327 0.0000e+00
      1.250      0.019    10.7611    105.177     42.146  33.158979     5.5728      7.463   263.7282 5.8551e+01     4.5138      1.225      1.777    14.3318 0.0000e+00
      1.255      0.019    10.7658    105.119     42.176  33.183079     5.5997      7.465   263.7534 5.7901e+01     4.5654      1.232      1.787    14.3332 0.0000e+00
      1.260      0.019    10.7677    105.066     42.191  33.196703     5.6176      7.467   263.8193 5.7414e+01     4.5809      1.237      1.794    14.3354 0.0000e+00
      1.264      0.020    10.7656    105.024     42.189  33.196822     5.6308      7.468   264.0081 5.7065e+01     4.5659      1.240      1.798    14.3352 0.0000e+00
      1.269      0.020    10.7588    104.988     42.171  33.184517     5.6341      7.470   264.1433 5.6595e+01     4.5195      1.243      1.803    14.3345 0.0000e+00
      1.274      0.020    10.7528    104.952     42.156  33.174812     5.6491      7.472   264.0770 5.5822e+01     4.5323      1.248      1.810    14.3354 0.0000e+00
      1.281      0.021    10.7465    104.954     42.195  33.206367     5.7032      7.472   264.0671 5.5033e+01     4.5845      1.256      1.822    14.3374 0.0000e+00
      1.287      0.022    10.7416    105.004     42.249  33.248827     5.7474      7.473   264.2818 5.4395e+01     4.5696      1.263      1.832    14.3391 0.0000e+00
      1.291      0.022    10.7391    105.035     42.244  33.244099     5.7504      7.475   264.4365 5.3961e+01     4.5576      1.267      1.838    14.3413 0.0000e+00
      1.296      0.021    10.7319    105.020     42.204  33.212640     5.7489      7.476   264.3886 5.3454e+01     4.5417      1.270      1.842    14.3445 0.0000e+00
      1.302      0.020    10.7306    104.980     42.169  33.185672     5.7622      7.477   264.3905 5.2668e+01     4.5137      1.276      1.850    14.3450 0.0000e+00
      1.309      0.019    10.7405    104.931     42.151  33.171799     5.7786      7.478   264.5461 5.1860e+01     4.5265      1.284      1.862    14.3448 0.0000e+00
      1.315      0.019    10.7444    104.903     42.154  33.171790     5.7806      7.480   264.6350 5.1365e+01     4.4922      1.289      1.871    14.3448 0.0000e+00
      1.318      0.019    10.7406    104.891     42.174  33.185567     5.7689      7.480   264.6053 5.1141e+01     4.4400      1.292      1.874    14.3442 0.0000e+00
      1.320      0.018    10.7374    104.877     42.209  33.211487     5.7622      7.481   264.6175 5.0742e+01     4.4757      1.294      1.876    14.3460 0.0000e+00
      1.325      0.018    10.7295    104.903     42.237  33.231413     5.7671      7.482   264.6962 5.0084e+01     4.5477      1.298      1.882    14.3461 0.0000e+00
      1.331      0.019    10.7280    104.989     42.245  33.236151     5.7781      7.484   264.7818 4.9439e+01     4.5939      1.306      1.894    14.3433 0.0000e+00
      1.337      0.020    10.7295    105.084     42.206  33.205329     5.7526      7.485   264.8783 4.9026e+01     4.5559      1.312      1.903    14.3406 0.0000e+00
      1.341      0.021    10.7256    105.151     42.167  33.175968     5.6845      7.486   265.0023 4.8655e+01     4.4638      1.315      1.908    14.3380 0.0000e+00
      1.346      0.021    10.7275    105.190     42.196  33.198362     5.6449      7.487   265.0765 4.8129e+01     4.4373      1.318      1.913    14.3355 0.0000e+00
      1.351      0.021    10.7400    105.195     42.227  33.222313     5.6487      7.488   265.0880 4.7552e+01     4.5085      1.324      1.920    14.3338 0.0000e+00
      1.357      0.022    10.7515    105.176     42.214  33.211794     5.6722      7.489   265.1405 4.6891e+01     4.6073      1.331      1.930    14.3336 0.0000e+00
      1.364      0.023    10.7564    105.160     42.196  33.198064     5.7042      7.491   265.1959 4.6239e+01     4.6075      1.338      1.941    14.3356 0.0000e+00
      1.369      0.025    10.7617    105.154     42.177  33.183194     5.7189      7.493   265.1553 4.5789e+01     4.5115      1.344      1.949    14.3362 0.0000e+00
      1.374      0.026    10.7619    105.153     42.147  33.158881     5.7258      7.493   265.1650 4.5314e+01     4.5046      1.346      1.952    14.3338 0.0000e+00
      1.379      0.026    10.7588    105.167     42.147  33.157874     5.7382      7.494   265.3137 4.4577e+01     4.6614      1.351      1.960    14.3328 0.0000e+00
      1.388      0.027    10.7568    105.179     42.166  33.171021     5.7435      7.495   265.4049 4.3765e+01     4.8016      1.361      1.974    14.3342 0.0000e+00
      1.397      0.027    10.7567    105.151     42.194  33.190946     5.7311      7.496   265.4937 4.3100e+01     4.7988      1.371      1.988    14.3351 0.0000e+00
      1.404      0.027    10.7561    105.098     42.219  33.208448     5.7047      7.496   265.6119 4.2502e+01     4.7307      1.377      1.996    14.3340 0.0000e+00
      1.410      0.026    10.7576    105.043     42.200  33.192307     5.6985      7.497   265.6294 4.1917e+01     4.7294      1.383      2.006    14.3322 0.0000e+00
