Data/DataNotYetUploadedToEDI/Raw_CTD/RawDownloads/102924_fcr20_S7809012.cnv
* Sea-Bird SBE19plus  Data File:
* FileName = C:\R\Reservoirs\Data\DataNotYetUploadedToEDI\Raw_CTD\RawDownloads\102924_fcr50_S7809_0012.hex
* Software version 2.8.0.119
* Temperature SN = 7809
* Conductivity SN = 7809
* System UpLoad Time = Oct 29 2024 18:06:27
* <ApplicationData>
* <Seaterm232>
# nquan = 15
# nvalues = 1063                        
# units = specified
# name 0 = depFM: Depth [fresh water, m]
# name 1 = dz/dtM: Descent Rate [m/s]
# name 2 = sbeox0Mg/L: Oxygen, SBE 43 [mg/l]
# name 3 = sbeox0PS: Oxygen, SBE 43 [% saturation]
# name 4 = specc: Specific Conductance [uS/cm]
# name 5 = c0uS/cm: Conductivity [uS/cm]
# name 6 = flECO-AFL: Fluorescence, WET Labs ECO-AFL/FL [mg/m^3]
# name 7 = ph: pH
# name 8 = orp: Oxidation Reduction Potential [mV]
# name 9 = par/sat/log: PAR/Logarithmic, Satlantic
# name 10 = turbWETntu0: Turbidity, WET Labs ECO [NTU]
# name 11 = prdM: Pressure, Strain Gauge [db]
# name 12 = prdE: Pressure, Strain Gauge [psi]
# name 13 = tv290C: Temperature [ITS-90, deg C]
# name 14 = flag:  0.000e+00
# span 0 =     -0.521,      3.038       
# span 1 =     -0.331,      0.215       
# span 2 =     6.9309,    11.6717       
# span 3 =     68.533,    114.083       
# span 4 =      1.477,     42.781       
# span 5 =   1.180169,  33.642873       
# span 6 =    -0.6241,    13.3612       
# span 7 =      7.419,      8.028       
# span 8 =  -662.1129,  1237.0415       
# span 9 = 1.8057e+00, 1.8466e+03       
# span 10 =    -8.4838,   262.8066      
# span 11 =     -0.512,      2.979      
# span 12 =     -0.742,      4.321      
# span 13 =    14.0847,    14.9258      
# span 14 = 0.0000e+00, 0.0000e+00      
# interval = seconds: 0.25
# start_time = Oct 29 2024 11:49:21 [Instrument's time stamp, header]
# bad_flag = -9.990e-29
*END*
[from data line 868]
      1.877     -0.019     9.7605     95.357     42.380  33.255578     4.9125      7.882   284.6460 1.7485e+01     5.2576      1.839      2.667    14.2324 0.0000e+00
      1.883     -0.007     9.7600     95.394     42.382  33.257718     4.9946      7.882   284.5487 1.7320e+01     5.5100      1.848      2.680    14.2325 0.0000e+00
      1.887     -0.012     9.7628     95.412     42.589  33.420257     5.0253      7.883   284.5119 1.7315e+01     5.6034      1.852      2.687    14.2322 0.0000e+00
      1.887     -0.030     9.7724     95.389     42.781  33.571268     5.0259      7.885   284.6312 1.7438e+01     5.6354      1.851      2.685    14.2320 0.0000e+00
      1.882     -0.050     9.7768     95.351     42.606  33.434041     4.9521      7.886   284.7003 1.7839e+01     5.4519      1.849      2.681    14.2323 0.0000e+00
      1.865     -0.064     9.7802     95.337     42.413  33.283714     4.7988      7.887   284.6598 1.8921e+01     5.0593      1.837      2.664    14.2324 0.0000e+00
      1.834     -0.067     9.7841     95.338     42.403  33.276340     4.7048      7.888   284.6576 2.0417e+01     4.8169      1.801      2.612    14.2325 0.0000e+00
      1.799     -0.058     9.7806     95.363     42.410  33.281432     4.6806      7.887   284.6733 2.1485e+01     4.7069      1.759      2.552    14.2324 0.0000e+00
      1.777     -0.042     9.7735     95.427     42.410  33.281842     4.7469      7.885   284.5911 2.1742e+01     4.6861      1.735      2.517    14.2329 0.0000e+00
      1.775     -0.027     9.7741     95.504     42.409  33.281299     4.8986      7.883   284.5245 2.1312e+01     4.7371      1.734      2.516    14.2344 0.0000e+00
      1.786     -0.021     9.7731     95.572     42.400  33.274863     4.9831      7.882   284.5560 2.0670e+01     4.7420      1.751      2.540    14.2353 0.0000e+00
      1.798     -0.032     9.7739     95.608     42.390  33.267483     4.9786      7.881   284.6281 2.0354e+01     4.7449      1.767      2.564    14.2347 0.0000e+00
      1.800     -0.056     9.7836     95.637     42.374  33.255505     4.9525      7.880   284.7075 2.0730e+01     4.7720      1.771      2.569    14.2341 0.0000e+00
      1.785     -0.081     9.7898     95.665     42.374  33.256925     4.8673      7.881   284.7420 2.2168e+01     4.7974      1.760      2.553    14.2355 0.0000e+00
      1.746     -0.096     9.8000     95.674     42.409  33.284655     4.7305      7.881   284.7005 2.4870e+01     4.8128      1.720      2.496    14.2368 0.0000e+00
      1.691     -0.096     9.8011     95.699     42.394  33.273573     4.6555      7.881   284.6367 2.7570e+01     4.7866      1.652      2.396    14.2358 0.0000e+00
      1.649     -0.083     9.8031     95.754     42.364  33.249812     4.6510      7.881   284.6584 2.8472e+01     4.7200      1.602      2.324    14.2362 0.0000e+00
      1.637     -0.060     9.8091     95.834     42.367  33.251132     4.8177      7.881   284.7045 2.8020e+01     4.6914      1.600      2.321    14.2386 0.0000e+00
      1.643     -0.036     9.8053     95.933     42.336  33.226099     5.1557      7.881   284.6785 2.7579e+01     4.7481      1.612      2.337    14.2402 0.0000e+00
      1.649     -0.024     9.8087     96.007     42.304  33.200918     5.3590      7.881   284.6876 2.7430e+01     4.7902      1.618      2.346    14.2404 0.0000e+00
      1.652     -0.034     9.8150     96.020     42.302  33.200433     5.3621      7.881   284.7289 2.7440e+01     4.7572      1.621      2.351    14.2393 0.0000e+00
      1.649     -0.056     9.8227     96.004     42.326  33.220243     5.1764      7.883   284.7474 2.7926e+01     4.8272      1.621      2.351    14.2379 0.0000e+00
      1.634     -0.077     9.8350     95.984     42.361  33.250111     4.8620      7.883   284.7403 2.9752e+01     4.9873      1.612      2.338    14.2371 0.0000e+00
      1.598     -0.087     9.8453     95.962     42.352  33.244356     4.6981      7.884   284.6424 3.2860e+01     5.0529      1.572      2.281    14.2370 0.0000e+00
      1.553     -0.085     9.8438     95.974     42.314  33.214102     4.7086      7.884   284.5955 3.5597e+01     5.0394      1.515      2.197    14.2375 0.0000e+00
      1.520     -0.071     9.8402     96.051     42.299  33.201528     4.8399      7.884   284.6041 3.6801e+01     4.8932      1.483      2.151    14.2398 0.0000e+00
      1.508     -0.051     9.8394     96.176     42.322  33.219209     5.0623      7.883   284.5736 3.6726e+01     4.6511      1.474      2.138    14.2430 0.0000e+00
      1.510     -0.036     9.8343     96.322     42.345  33.237552     5.1914      7.881   284.6574 3.6081e+01     4.5372      1.479      2.144    14.2448 0.0000e+00
      1.516     -0.037     9.8337     96.439     42.337  33.232977     5.2024      7.880   284.7564 3.5586e+01     4.5412      1.488      2.159    14.2444 0.0000e+00
      1.521     -0.060     9.8439     96.493     42.326  33.227341     5.0706      7.880   284.7383 3.5689e+01     4.4608      1.494      2.168    14.2430 0.0000e+00
      1.515     -0.091     9.8567     96.528     42.326  33.232861     4.8128      7.880   284.6976 3.7248e+01     4.2821      1.493      2.166    14.2424 0.0000e+00
      1.487     -0.117     9.8736     96.591     42.326  33.236289     4.6744      7.880   284.6080 4.1661e+01     4.2255      1.470      2.132    14.2427 0.0000e+00
      1.429     -0.127     9.8888     96.689     42.286  33.205349     4.6794      7.879   284.5154 4.8283e+01     4.2880      1.406      2.039    14.2434 0.0000e+00
      1.363     -0.120     9.8894     96.838     42.249  33.175977     4.6894      7.877   284.5239 5.3693e+01     4.2868      1.326      1.923    14.2478 0.0000e+00
      1.320     -0.097     9.8899     97.073     42.277  33.198372     4.6950      7.876   284.5389 5.5600e+01     4.4845      1.283      1.860    14.2554 0.0000e+00
      1.309     -0.065     9.8959     97.375     42.309  33.222350     4.7150      7.873   284.5245 5.4872e+01     5.0049      1.279      1.854    14.2595 0.0000e+00
      1.316     -0.037     9.9057     97.678     42.299  33.212115     4.7388      7.870   284.5226 5.3372e+01     5.3516      1.289      1.870    14.2594 0.0000e+00
      1.328     -0.027     9.9186     97.928     42.287  33.201516     4.7585      7.868   284.5152 5.2325e+01     5.4309      1.304      1.891    14.2585 0.0000e+00
      1.334     -0.033     9.9432     98.087     42.310  33.221076     4.7447      7.868   284.5214 5.2559e+01     5.4862      1.313      1.905    14.2598 0.0000e+00
      1.327     -0.048     9.9780     98.142     42.354  33.258296     4.6970      7.869   284.5118 5.5114e+01     5.5423      1.310      1.900    14.2592 0.0000e+00
      1.301     -0.061    10.0112     98.107     42.369  33.270885     4.6728      7.870   284.4845 6.0031e+01     5.5623      1.281      1.859    14.2546 0.0000e+00
      1.263     -0.067    10.0390     98.036     42.338  33.246397     4.6848      7.871   284.4500 6.4317e+01     5.5570      1.233      1.788    14.2521 0.0000e+00
      1.237     -0.064    10.0550     97.992     42.299  33.215987     4.7753      7.873   284.4385 6.5676e+01     5.4442      1.205      1.748    14.2552 0.0000e+00
      1.227     -0.054    10.0596     97.989     42.305  33.220416     4.9270      7.873   284.5178 6.5905e+01     5.1548      1.203      1.744    14.2595 0.0000e+00
      1.224     -0.045    10.0536     97.988     42.325  33.236510     5.0041      7.873   284.5487 6.6379e+01     4.9277      1.201      1.741    14.2597 0.0000e+00
      1.221     -0.049    10.0435     97.968     42.305  33.220246     5.0173      7.874   284.4677 6.6784e+01     4.8847      1.198      1.737    14.2594 0.0000e+00
      1.218     -0.066    10.0379     97.954     42.296  33.214099     5.0026      7.874   284.3989 6.7616e+01     4.8050      1.196      1.735    14.2601 0.0000e+00
      1.208     -0.086    10.0404     97.956     42.307  33.225633     4.9520      7.873   284.4045 7.0856e+01     4.6137      1.192      1.729    14.2605 0.0000e+00
      1.179     -0.098    10.0413     97.960     42.313  33.232819     4.9206      7.869   284.4504 7.8801e+01     4.4845      1.166      1.691    14.2597 0.0000e+00
      1.131     -0.097    10.0375     97.955     42.317  33.237538     4.9146      7.862   284.5236 8.8723e+01     4.4381      1.108      1.607    14.2583 0.0000e+00
      1.083     -0.083    10.0357     97.975     42.294  33.219247     4.9301      7.856   284.6003 9.4740e+01     4.5654      1.052      1.526    14.2601 0.0000e+00
      1.058     -0.060    10.0355     98.067     42.273  33.201999     4.9656      7.853   284.6040 9.5461e+01     4.8621      1.029      1.492    14.2641 0.0000e+00
      1.058     -0.032    10.0363     98.207     42.297  33.219319     4.9868      7.852   284.5677 9.2946e+01     5.0188      1.034      1.498    14.2678 0.0000e+00
      1.070     -0.008    10.0341     98.349     42.322  33.238338     4.9862      7.852   284.5063 8.9828e+01     4.9908      1.049      1.522    14.2688 0.0000e+00
      1.082      0.001    10.0331     98.482     42.326  33.241623     4.9747      7.850   284.3782 8.8138e+01     4.8663      1.064      1.544    14.2677 0.0000e+00
      1.088     -0.010    10.0443     98.575     42.348  33.259043     4.9731      7.848   284.3087 8.8304e+01     4.6750      1.070      1.552    14.2672 0.0000e+00
      1.086     -0.037    10.0620     98.602     42.346  33.258627     4.9834      7.848   284.3551 8.9704e+01     4.5221      1.066      1.547    14.2661 0.0000e+00
      1.077     -0.068    10.0754     98.581     42.316  33.236593     4.9902      7.850   284.3366 9.2831e+01     4.4864      1.060      1.537    14.2643 0.0000e+00
      1.056     -0.092    10.0913     98.529     42.326  33.246413     4.9804      7.852   284.2576 1.0011e+02     4.5170      1.044      1.513    14.2641 0.0000e+00
      1.018     -0.102    10.1023     98.485     42.330  33.250478     4.9408      7.853   284.2599 1.1184e+02     4.5840      1.002      1.454    14.2650 0.0000e+00
      0.971     -0.098    10.1024     98.479     42.293  33.222303     4.9104      7.855   284.2778 1.2283e+02     4.6825      0.949      1.375    14.2661 0.0000e+00
      0.935     -0.083    10.1007     98.511     42.292  33.222964     4.9209      7.856   284.3024 1.2772e+02     4.7175      0.909      1.318    14.2683 0.0000e+00
      0.919     -0.061    10.0923     98.587     42.335  33.258464     4.9343      7.856   284.3851 1.2776e+02     4.6995      0.896      1.300    14.2710 0.0000e+00
      0.917     -0.039    10.0864     98.715     42.349  33.270882     5.0062      7.855   284.4176 1.2619e+02     4.6686      0.899      1.303    14.2721 0.0000e+00
      0.920     -0.027    10.0865     98.863     42.317  33.246225     5.1574      7.853   284.3513 1.2446e+02     4.6522      0.903      1.310    14.2725 0.0000e+00
      0.923     -0.034    10.0888     98.987     42.276  33.214112     5.2478      7.852   284.2723 1.2369e+02     4.7060      0.906      1.315    14.2742 0.0000e+00
      0.923     -0.055    10.0954     99.086     42.258  33.199824     5.2591      7.852   284.3226 1.2506e+02     4.7386      0.908      1.317    14.2766 0.0000e+00
      0.913     -0.076    10.1091     99.185     42.258  33.200354     5.2018      7.855   284.4430 1.3191e+02     4.6361      0.904      1.310    14.2786 0.0000e+00
      0.882     -0.089    10.1269     99.292     42.284  33.220515     5.0965      7.856   284.4370 1.4610e+02     4.5261      0.873      1.266    14.2797 0.0000e+00
      0.835     -0.090    10.1388     99.375     42.326  33.253266     5.0426      7.856   284.4224 1.6174e+02     4.5349      0.817      1.184    14.2794 0.0000e+00
      0.795     -0.080    10.1486     99.444     42.361  33.279129     5.0421      7.858   284.4385 1.7010e+02     4.5715      0.769      1.116    14.2792 0.0000e+00
      0.776     -0.060    10.1562     99.495     42.363  33.279443     5.1394      7.860   284.2873 1.7070e+02     4.4909      0.754      1.094    14.2798 0.0000e+00
      0.775     -0.035    10.1715     99.493     42.336  33.257064     5.3122      7.861   284.1428 1.6818e+02     4.3121      0.759      1.100    14.2797 0.0000e+00
      0.781     -0.012    10.1779     99.448     42.345  33.262317     5.4078      7.862   284.1540 1.6533e+02     4.2542      0.766      1.111    14.2793 0.0000e+00
      0.786      0.002    10.1847     99.348     42.369  33.279517     5.4306      7.863   284.1647 1.6437e+02     4.3374      0.772      1.121    14.2773 0.0000e+00
      0.788      0.007    10.1949     99.191     42.364  33.274687     5.4213      7.864   284.1868 1.6513e+02     4.3959      0.774      1.122    14.2745 0.0000e+00
      0.787      0.004    10.1912     99.018     42.353  33.267358     5.3872      7.864   284.2486 1.6585e+02     4.3470      0.772      1.119    14.2738 0.0000e+00
      0.787     -0.004    10.1894     98.855     42.333  33.254352     5.3668      7.865   284.2227 1.6559e+02     4.2245      0.771      1.118    14.2722 0.0000e+00
      0.788     -0.019    10.1797     98.691     42.318  33.244325     5.3662      7.866   284.1321 1.6456e+02     4.1789      0.773      1.120    14.2692 0.0000e+00
      0.789     -0.042    10.1618     98.567     42.354  33.273014     5.3717      7.867   284.1002 1.6447e+02     4.2392      0.775      1.123    14.2686 0.0000e+00
      0.785     -0.069    10.1420     98.550     42.369  33.284014     5.3002      7.870   284.0097 1.6912e+02     4.3051      0.775      1.122    14.2699 0.0000e+00
      0.767     -0.092    10.1265     98.619     42.326  33.250433     5.1512      7.872   283.8972 1.8211e+02     4.3601      0.760      1.102    14.2733 0.0000e+00
      0.730     -0.106    10.1079     98.726     42.320  33.247653     5.0766      7.873   283.9450 2.0351e+02     4.3918      0.722      1.046    14.2768 0.0000e+00
      0.680     -0.107    10.0898     98.834     42.319  33.250404     5.0809      7.872   284.0707 2.2636e+02     4.4489      0.664      0.963    14.2770 0.0000e+00
      0.637     -0.094    10.0916     98.915     42.276  33.220252     5.0528      7.871   284.2129 2.4221e+02     4.5386      0.616      0.892    14.2753 0.0000e+00
      0.614     -0.069    10.0998     99.002     42.247  33.200312     4.9778      7.870   284.2874 2.4864e+02     4.5195      0.596      0.865    14.2755 0.0000e+00
      0.609     -0.040    10.1115     99.120     42.245  33.199649     4.9242      7.870   284.1975 2.4764e+02     4.4238      0.594      0.862    14.2773 0.0000e+00
      0.613     -0.014    10.1239     99.256     42.262  33.212239     4.9125      7.871   284.0725 2.4282e+02     4.3717      0.600      0.870    14.2810 0.0000e+00
      0.620      0.003    10.1285     99.409     42.280  33.225646     4.9527      7.871   284.0669 2.3834e+02     4.3341      0.608      0.882    14.2871 0.0000e+00
      0.625      0.010    10.1350     99.579     42.290  33.234858     5.0444      7.870   284.2159 2.3769e+02     4.2760      0.614      0.891    14.2910 0.0000e+00
      0.627      0.012    10.1487     99.760     42.319  33.260179     5.0879      7.869   284.4116 2.3956e+02     4.2495      0.616      0.894    14.2917 0.0000e+00
      0.627      0.011    10.1626     99.925     42.339  33.278028     5.0715      7.868   284.5396 2.4129e+02     4.2540      0.614      0.890    14.2904 0.0000e+00
      0.627      0.007    10.1778    100.007     42.319  33.260348     5.0708      7.867   284.5581 2.4022e+02     4.3297      0.613      0.889    14.2886 0.0000e+00
      0.630      0.001    10.1971    100.069     42.294  33.236745     5.0878      7.866   284.3777 2.3643e+02     4.4819      0.618      0.896    14.2892 0.0000e+00
      0.635     -0.009    10.2122    100.167     42.308  33.246407     5.1017      7.866   284.0798 2.3258e+02     4.5565      0.624      0.905    14.2932 0.0000e+00
