Data/DataNotYetUploadedToEDI/Raw_CTD/RawDownloads/102924_fcr10_S7809011.cnv
* Sea-Bird SBE19plus  Data File:
* FileName = C:\R\Reservoirs\Data\DataNotYetUploadedToEDI\Raw_CTD\RawDownloads\102924_fcr50_S7809_0011.hex
* Software version 2.8.0.119
* Temperature SN = 7809
* Conductivity SN = 7809
* System UpLoad Time = Oct 29 2024 18:05:58
* <ApplicationData>
* <Seaterm232>
# nquan = 15
# nvalues = 808                         
# units = specified
# name 0 = depFM: Depth [fresh water, m]
# name 1 = dz/dtM: Descent Rate [m/s]
# name 2 = sbeox0Mg/L: Oxygen, SBE 43 [mg/l]
# name 3 = sbeox0PS: Oxygen, SBE 43 [% saturation]
# name 4 = specc: Specific Conductance [uS/cm]
# name 5 = c0uS/cm: Conductivity [uS/cm]
# name 6 = flECO-AFL: Fluorescence, WET Labs ECO-AFL/FL [mg/m^3]
# name 7 = ph: pH
# name 8 = orp: Oxidation Reduction Potential [mV]
# name 9 = par/sat/log: PAR/Logarithmic, Satlantic
# name 10 = turbWETntu0: Turbidity, WET Labs ECO [NTU]
# name 11 = prdM: Pressure, Strain Gauge [db]
# name 12 = prdE: Pressure, Strain Gauge [psi]
# name 13 = tv290C: Temperature [ITS-90, deg C]
# name 14 = flag:  0.000e+00
# span 0 =     -0.528,      2.645       
# span 1 =     -0.284,      0.196       
# span 2 =     6.7770,    12.0219       
# span 3 =     67.871,    117.591       
# span 4 =      1.072,     52.286       
# span 5 =   0.930393,  40.835615       
# span 6 =    -0.3438,   227.5532       
# span 7 =      6.208,     11.569       
# span 8 =  -782.6333,  1181.9966       
# span 9 = 3.9699e+00, 1.3764e+03       
# span 10 =    -8.0875,   198.8658      
# span 11 =     -0.519,      2.594      
# span 12 =     -0.753,      3.763      
# span 13 =    14.0341,    18.3985      
# span 14 = 0.0000e+00, 0.0000e+00      
# interval = seconds: 0.25
# start_time = Oct 29 2024 11:42:18 [Instrument's time stamp, header]
# bad_flag = -9.990e-29
*END*
[from data line 482]
      1.955      0.013     9.8675     95.469     42.433  33.212245     4.6236      7.565   271.7288 1.3780e+01     4.7556      1.917      2.781    14.1259 0.0000e+00
      1.954      0.018     9.8540     95.359     42.421  33.199682     4.5901      7.565   271.8237 1.3763e+01     4.7947      1.915      2.778    14.1216 0.0000e+00
      1.958      0.024     9.8339     95.291     42.431  33.200464     4.6072      7.565   271.7618 1.3543e+01     4.8677      1.918      2.781    14.1223 0.0000e+00
      1.968      0.030     9.8250     95.245     42.466  33.221693     4.6059      7.565   271.7540 1.3191e+01     4.8519      1.929      2.798    14.1295 0.0000e+00
      1.983      0.035     9.8077     95.198     42.526  33.266026     4.6163      7.565   271.9023 1.2851e+01     4.7750      1.944      2.820    14.1346 0.0000e+00
      1.996      0.037     9.7963     95.102     42.561  33.292385     4.6573      7.565   272.0053 1.2614e+01     4.7231      1.958      2.841    14.1285 0.0000e+00
      2.005      0.035     9.7944     94.968     42.553  33.286618     4.6946      7.565   272.0538 1.2487e+01     4.7371      1.968      2.855    14.1176 0.0000e+00
      2.012      0.032     9.7893     94.831     42.518  33.259744     4.7168      7.565   272.0588 1.2380e+01     4.8071      1.972      2.860    14.1116 0.0000e+00
      2.018      0.029     9.7899     94.677     42.471  33.221227     4.7017      7.565   272.0648 1.2260e+01     4.8871      1.979      2.870    14.1088 0.0000e+00
      2.023      0.029     9.7781     94.523     42.451  33.201573     4.6537      7.565   272.1266 1.2139e+01     4.9875      1.985      2.878    14.1078 0.0000e+00
      2.029      0.029     9.7617     94.400     42.469  33.212437     4.6348      7.566   272.1180 1.1967e+01     5.0638      1.989      2.884    14.1089 0.0000e+00
      2.038      0.029     9.7499     94.309     42.488  33.225688     4.6480      7.568   272.1329 1.1736e+01     5.0585      1.998      2.898    14.1094 0.0000e+00
      2.048      0.030     9.7330     94.247     42.500  33.234900     4.6805      7.569   272.3069 1.1541e+01     4.9910      2.009      2.914    14.1075 0.0000e+00
      2.057      0.033     9.7167     94.200     42.532  33.260376     4.7279      7.568   272.4146 1.1424e+01     4.9315      2.019      2.928    14.1025 0.0000e+00
      2.063      0.036     9.7057     94.129     42.561  33.279944     4.7550      7.568   272.4028 1.1309e+01     4.9875      2.023      2.935    14.0976 0.0000e+00
      2.069      0.038     9.6967     94.036     42.568  33.281157     4.7756      7.568   272.4220 1.1117e+01     5.0874      2.027      2.939    14.0963 0.0000e+00
      2.079      0.039     9.6898     93.953     42.565  33.275027     4.9026      7.569   272.4749 1.0833e+01     5.1149      2.038      2.954    14.0970 0.0000e+00
      2.094      0.039     9.6878     93.864     42.560  33.269273     5.1077      7.569   272.5263 1.0549e+01     5.0801      2.054      2.979    14.0974 0.0000e+00
      2.106      0.038     9.6811     93.753     42.570  33.275029     5.1998      7.569   272.5274 1.0344e+01     5.0094      2.067      2.998    14.0946 0.0000e+00
      2.116      0.035     9.6694     93.613     42.579  33.281170     5.1843      7.570   272.5737 1.0183e+01     5.0113      2.076      3.012    14.0885 0.0000e+00
      2.124      0.030     9.6644     93.444     42.578  33.280076     5.0778      7.570   272.7427 1.0048e+01     5.0345      2.084      3.023    14.0841 0.0000e+00
      2.129      0.026     9.6560     93.299     42.554  33.261810     4.8781      7.570   272.8489 9.9454e+00     4.9142      2.088      3.028    14.0815 0.0000e+00
      2.133      0.025     9.6447     93.215     42.542  33.250648     4.7511      7.571   272.9117 9.8770e+00     4.7530      2.092      3.034    14.0795 0.0000e+00
      2.138      0.025     9.6322     93.163     42.572  33.272003     4.7316      7.572   272.9859 9.7769e+00     4.6909      2.096      3.040    14.0783 0.0000e+00
      2.145      0.025     9.6112     93.111     42.567  33.266236     4.7751      7.572   273.0583 9.6100e+00     4.7775      2.102      3.049    14.0784 0.0000e+00
      2.153      0.026     9.5945     93.064     42.541  33.244363     4.8521      7.572   273.1839 9.4490e+00     4.9804      2.112      3.063    14.0791 0.0000e+00
      2.162      0.028     9.5881     93.024     42.563  33.261301     4.8812      7.572   273.2145 9.3083e+00     5.0607      2.120      3.075    14.0768 0.0000e+00
      2.169      0.030     9.5854     92.979     42.590  33.280711     4.8687      7.573   273.1705 9.1976e+00     4.9972      2.128      3.086    14.0732 0.0000e+00
      2.174      0.032     9.5794     92.913     42.604  33.288716     4.8600      7.574   273.1676 9.1048e+00     4.9981      2.132      3.092    14.0706 0.0000e+00
      2.181      0.032     9.5747     92.820     42.615  33.294639     4.8251      7.575   273.1790 8.9607e+00     5.0371      2.137      3.100    14.0699 0.0000e+00
      2.190      0.032     9.5709     92.694     42.610  33.288881     4.7553      7.575   273.2228 8.7712e+00     5.0590      2.147      3.114    14.0705 0.0000e+00
      2.201      0.031     9.5679     92.540     42.603  33.282538     4.7062      7.575   273.2672 8.5705e+00     5.0233      2.158      3.129    14.0684 0.0000e+00
      2.212      0.031     9.5616     92.394     42.602  33.281393     4.6972      7.575   273.2851 8.4079e+00     4.9133      2.170      3.148    14.0642 0.0000e+00
      2.220      0.031     9.5532     92.238     42.593  33.275035     4.7801      7.576   273.3540 8.3379e+00     4.8221      2.180      3.162    14.0602 0.0000e+00
      2.223      0.031     9.5418     92.056     42.583  33.269107     4.9516      7.576   273.4977 8.3104e+00     4.7739      2.181      3.162    14.0575 0.0000e+00
      2.226      0.031     9.5227     91.915     42.585  33.273158     5.0562      7.576   273.5592 8.2239e+00     4.7747      2.180      3.163    14.0568 0.0000e+00
      2.235      0.029     9.5089     91.813     42.566  33.260570     5.0537      7.576   273.5824 8.0314e+00     4.7986      2.189      3.174    14.0572 0.0000e+00
      2.248      0.027     9.4955     91.705     42.544  33.243796     5.0050      7.577   273.7779 7.8220e+00     4.8231      2.206      3.199    14.0580 0.0000e+00
      2.260      0.025     9.4713     91.739     42.567  33.260683     4.9582      7.577   273.9434 7.7233e+00     4.9009      2.220      3.219    14.0598 0.0000e+00
      2.265      0.023     9.4543     91.931     42.585  33.274416     4.9458      7.577   273.8633 7.7255e+00     5.0216      2.224      3.225    14.0638 0.0000e+00
      2.265      0.022     9.4527     92.090     42.595  33.282948     4.9388      7.577   273.8411 7.7337e+00     5.0862      2.221      3.221    14.0663 0.0000e+00
      2.265      0.022     9.4291     92.227     42.614  33.300407     4.8648      7.577   274.0193 7.6781e+00     5.0332      2.219      3.218    14.0665 0.0000e+00
      2.270      0.022     9.4289     92.352     42.604  33.295183     4.7256      7.576   274.1250 7.5372e+00     4.9616      2.224      3.225    14.0655 0.0000e+00
      2.281      0.024     9.4676     92.379     42.587  33.283224     4.6454      7.576   274.0875 7.3539e+00     5.0056      2.236      3.243    14.0641 0.0000e+00
      2.292      0.027     9.4746     92.353     42.588  33.282704     4.6440      7.577   274.0817 7.2223e+00     5.0875      2.249      3.262    14.0652 0.0000e+00
      2.298      0.029     9.4875     92.339     42.601  33.288896     4.6010      7.578   274.2271 7.1715e+00     5.0985      2.255      3.271    14.0686 0.0000e+00
      2.302      0.029     9.5085     92.296     42.614  33.294641     4.4995      7.578   274.3822 7.1217e+00     5.0693      2.257      3.273    14.0719 0.0000e+00
      2.307      0.026     9.5049     92.191     42.611  33.288718     4.4329      7.578   274.4089 6.9993e+00     5.0428      2.261      3.278    14.0741 0.0000e+00
      2.317      0.021     9.5001     92.110     42.601  33.280714     4.4198      7.577   274.4629 6.8360e+00     5.0505      2.271      3.293    14.0734 0.0000e+00
      2.327      0.017     9.5013     92.062     42.573  33.261317     4.4333      7.577   274.5198 6.7268e+00     5.0944      2.283      3.311    14.0669 0.0000e+00
      2.332      0.017     9.5034     91.974     42.545  33.244521     4.4454      7.577   274.4939 6.7258e+00     5.0958      2.289      3.322    14.0605 0.0000e+00
      2.331      0.018     9.4852     91.874     42.571  33.267964     4.4327      7.577   274.5807 6.7957e+00     5.0326      2.287      3.317    14.0574 0.0000e+00
      2.327      0.020     9.4770     91.792     42.600  33.290994     4.4214      7.577   274.7082 6.8112e+00     5.0145      2.279      3.306    14.0559 0.0000e+00
      2.330      0.021     9.4788     91.764     42.575  33.269211     4.4342      7.577   274.6601 6.6755e+00     5.0816      2.280      3.308    14.0596 0.0000e+00
      2.341      0.021     9.4622     91.801     42.561  33.258351     4.5041      7.578   274.6003 6.4749e+00     5.1605      2.296      3.330    14.0672 0.0000e+00
      2.356      0.021     9.4529     91.853     42.593  33.286580     4.5996      7.578   274.6737 6.3649e+00     5.1815      2.313      3.354    14.0715 0.0000e+00
      2.365      0.022     9.4418     91.916     42.598  33.293307     4.6410      7.578   274.7734 6.3709e+00     5.2339      2.322      3.367    14.0704 0.0000e+00
      2.365      0.024     9.4384     92.002     42.574  33.276247     4.6462      7.578   274.8595 6.4301e+00     5.3158      2.320      3.365    14.0675 0.0000e+00
      2.361      0.027     9.4465     92.097     42.565  33.270645     4.6043      7.579   274.8540 6.4656e+00     5.2833      2.314      3.356    14.0674 0.0000e+00
      2.361      0.032     9.4500     92.221     42.591  33.289010     4.5262      7.579   274.7926 6.3787e+00     5.2172      2.312      3.352    14.0714 0.0000e+00
      2.373      0.036     9.4544     92.348     42.621  33.307978     4.4760      7.578   274.8926 6.1353e+00     5.1992      2.322      3.368    14.0751 0.0000e+00
      2.393      0.039     9.4649     92.399     42.627  33.309652     4.4383      7.578   275.0300 5.8728e+00     5.2371      2.348      3.405    14.0771 0.0000e+00
      2.413      0.039     9.4728     92.409     42.624  33.309239     4.3031      7.578   275.0765 5.7458e+00     5.3677      2.372      3.440    14.0802 0.0000e+00
      2.423      0.038     9.4837     92.353     42.611  33.302980     4.0729      7.578   275.1112 5.7516e+00     5.5147      2.381      3.452    14.0793 0.0000e+00
      2.423      0.037     9.5080     92.207     42.606  33.297423     3.9443      7.578   275.1053 5.7773e+00     5.5457      2.376      3.446    14.0713 0.0000e+00
      2.422      0.036     9.5067     92.077     42.623  33.305499     3.9212      7.578   275.0917 5.7200e+00     5.5037      2.372      3.440    14.0654 0.0000e+00
      2.431      0.039     9.5093     91.940     42.672  33.337174     3.9268      7.578   275.0325 5.5571e+00     5.6562      2.380      3.453    14.0696 0.0000e+00
      2.448      0.044     9.5083     91.751     42.712  33.363177     3.9712      7.578   274.9058 5.3575e+00     6.0231      2.401      3.482    14.0763 0.0000e+00
      2.465      0.048     9.4811     91.551     42.721  33.366117     3.9919      7.577   274.8500 5.2095e+00     6.2154      2.419      3.508    14.0753 0.0000e+00
      2.480      0.048     9.4753     91.350     42.733  33.372720     3.9768      7.576   274.7889 5.1035e+00     6.1704      2.432      3.529    14.0669 0.0000e+00
      2.492      0.046     9.4653     91.125     42.742  33.379556     3.9714      7.576   274.6829 5.0070e+00     6.2311      2.444      3.547    14.0585 0.0000e+00
      2.500      0.042     9.4432     90.886     42.749  33.385335     4.0435      7.576   274.6870 4.9396e+00     7.1550      2.452      3.557    14.0522 0.0000e+00
      2.506      0.038     9.4240     90.644     42.742  33.379143     4.1915      7.575   274.7529 4.8670e+00     8.8007      2.457      3.564    14.0467 0.0000e+00
      2.516      0.036     9.4057     90.384     42.731  33.368138     4.2700      7.575   274.7911 4.7555e+00     9.6987      2.466      3.577    14.0436 0.0000e+00
      2.528      0.033     9.3816     90.150     42.747  33.379153     4.3108      7.576   274.8048 4.6620e+00    10.2246      2.480      3.596    14.0441 0.0000e+00
      2.539      0.031     9.3551     89.976     42.755  33.385440     4.8923      7.577   274.8318 4.6060e+00    15.6370      2.492      3.614    14.0452 0.0000e+00
      2.546      0.029     9.3339     89.833     42.748  33.380713     5.9833      7.577   274.8595 4.5484e+00    25.5398      2.497      3.622    14.0438 0.0000e+00
      2.551      0.026     9.3042     89.720     42.752  33.385441     6.6063      7.577   274.8820 4.4959e+00    31.2726      2.501      3.628    14.0408 0.0000e+00
      2.556      0.022     9.2779     89.644     42.741  33.379163     6.8313      7.576   274.9315 4.4549e+00    35.6253      2.506      3.634    14.0390 0.0000e+00
      2.561      0.020     9.2639     89.594     42.723  33.368253     8.6960      7.575   274.8562 4.4120e+00    77.8944      2.511      3.641    14.0391 0.0000e+00
      2.566      0.019     9.2475     89.569     42.735  33.380421    12.1309      7.576   274.7448 4.3856e+00   155.3525      2.518      3.651    14.0396 0.0000e+00
      2.571      0.019     9.2352     89.570     42.757  33.399406    13.9966      7.577   274.7901 4.3761e+00   197.4634      2.523      3.659    14.0418 0.0000e+00
      2.574      0.019     9.2275     89.586     42.768  33.407461    13.8999      7.578   274.8875 4.3524e+00   198.8658      2.525      3.662    14.0449 0.0000e+00
      2.578      0.019     9.2220     89.626     42.779  33.414378    10.7623      7.578   274.9757 4.3083e+00   171.6947      2.528      3.666    14.0472 0.0000e+00
      2.584      0.020     9.2182     89.717     42.790  33.419589     4.9671      7.579   274.9958 4.2569e+00   121.2754      2.533      3.674    14.0514 0.0000e+00
      2.590      0.020     9.2181     89.823     42.780  33.407016     1.8094      7.579   274.9591 4.2083e+00    93.6481      2.540      3.683    14.0550 0.0000e+00
      2.596      0.019     9.2207     89.917     42.760  33.389242     1.4968      7.579   274.9619 4.1816e+00    89.1706      2.545      3.692    14.0545 0.0000e+00
      2.602      0.018     9.2217     89.990     42.769  33.395015     1.0963      7.578   274.9439 4.1774e+00    66.3872      2.551      3.700    14.0522 0.0000e+00
      2.607      0.017     9.2351     89.980     42.794  33.413367     0.3878      7.578   274.9131 4.1820e+00    24.9091      2.556      3.709    14.0477 0.0000e+00
      2.610      0.015     9.2489     89.881     42.805  33.420808    -0.0202      7.579   274.9342 4.1850e+00     2.2556      2.559      3.712    14.0415 0.0000e+00
      2.611      0.014     9.2571     89.773     42.807  33.421541    -0.0667      7.580   274.9408 4.1669e+00     0.2426      2.560      3.713    14.0382 0.0000e+00
      2.614      0.012     9.2692     89.676     42.807  33.422229    -0.0582      7.581   274.9071 4.1459e+00     0.1601      2.564      3.718    14.0379 0.0000e+00
      2.619      0.011     9.2693     89.559     42.814  33.429123    -0.0413      7.581   274.9562 4.1488e+00     0.1306      2.568      3.725    14.0369 0.0000e+00
      2.623      0.011     9.2539     89.442     42.829  33.441457    -0.0376      7.581   275.0189 4.1531e+00    -0.0449      2.571      3.731    14.0351 0.0000e+00
      2.625      0.011     9.2429     89.339     42.915  33.507911    -0.0552      7.581   274.9768 4.1503e+00    -0.2202      2.574      3.734    14.0341 0.0000e+00
      2.626      0.011     9.2357     89.243     43.276  33.788506    -0.0626      7.582   274.9625 4.1498e+00    -0.2464      2.575      3.735    14.0347 0.0000e+00
