Data/DataNotYetUploadedToEDI/Raw_CTD/RawDownloads/102924_fcr40_S7809014.cnv
* Sea-Bird SBE19plus  Data File:
* FileName = C:\R\Reservoirs\Data\DataNotYetUploadedToEDI\Raw_CTD\RawDownloads\102924_fcr50_S7809_0014.hex
* Software version 2.8.0.119
* Temperature SN = 7809
* Conductivity SN = 7809
* System UpLoad Time = Oct 29 2024 18:07:34
* <ApplicationData>
* <Seaterm232>
# nquan = 15
# nvalues = 1355                        
# units = specified
# name 0 = depFM: Depth [fresh water, m]
# name 1 = dz/dtM: Descent Rate [m/s]
# name 2 = sbeox0Mg/L: Oxygen, SBE 43 [mg/l]
# name 3 = sbeox0PS: Oxygen, SBE 43 [% saturation]
# name 4 = specc: Specific Conductance [uS/cm]
# name 5 = c0uS/cm: Conductivity [uS/cm]
# name 6 = flECO-AFL: Fluorescence, WET Labs ECO-AFL/FL [mg/m^3]
# name 7 = ph: pH
# name 8 = orp: Oxidation Reduction Potential [mV]
# name 9 = par/sat/log: PAR/Logarithmic, Satlantic
# name 10 = turbWETntu0: Turbidity, WET Labs ECO [NTU]
# name 11 = prdM: Pressure, Strain Gauge [db]
# name 12 = prdE: Pressure, Strain Gauge [psi]
# name 13 = tv290C: Temperature [ITS-90, deg C]
# name 14 = flag:  0.000e+00
# span 0 =     -0.524,      6.242       
# span 1 =     -0.261,      0.232       
# span 2 =     6.7287,    12.4072       
# span 3 =     66.630,    121.717       
# span 4 =      1.500,     47.046       
# span 5 =   1.178766,  36.790784       
# span 6 =    -0.6516,     6.8666       
# span 7 =      7.818,      8.152       
# span 8 =   152.4561,   321.9935       
# span 9 = 1.2363e-01, 1.5765e+03       
# span 10 =    -0.7933,   375.3104      
# span 11 =     -0.516,      6.121      
# span 12 =     -0.748,      8.878      
# span 13 =    14.0361,    14.9590      
# span 14 = 0.0000e+00, 0.0000e+00      
# interval = seconds: 0.25
# start_time = Oct 29 2024 12:11:35 [Instrument's time stamp, header]
# bad_flag = -9.990e-29
*END*
[from data line 97]
      0.252      0.002     8.9079     87.449     42.089  33.618750     3.9410      7.999   250.6381 4.9891e+02     4.5723      0.248      0.359    14.9377 0.0000e+00
      0.253      0.002     8.8940     87.044     42.113  33.636355     3.9496      8.000   250.5598 5.1241e+02     4.5391      0.248      0.360    14.9374 0.0000e+00
      0.253      0.001     8.8813     86.560     42.120  33.640959     4.0120      8.001   250.4322 5.1950e+02     4.5036      0.249      0.360    14.9368 0.0000e+00
      0.252      0.000     8.8632     86.028     42.084  33.610977     4.1384      8.001   250.5583 5.4295e+02     4.4848      0.248      0.359    14.9356 0.0000e+00
      0.252     -0.002     8.8342     85.455     42.061  33.591057     4.2209      8.002   250.7940 5.7904e+02     4.5177      0.248      0.359    14.9339 0.0000e+00
      0.252     -0.004     8.7916     84.857     42.061  33.590441     4.2443      8.002   250.8721 5.6475e+02     4.5255      0.248      0.359    14.9322 0.0000e+00
      0.252     -0.005     8.7423     84.277     42.079  33.603527     4.2381      8.001   250.9869 5.3312e+02     4.4773      0.248      0.359    14.9309 0.0000e+00
      0.250     -0.005     8.6882     83.690     42.104  33.622389     4.1957      8.000   251.0639 5.7682e+02     4.4129      0.246      0.356    14.9295 0.0000e+00
      0.247     -0.004     8.6316     83.080     42.112  33.628165     4.1389      8.000   251.0289 6.0767e+02     4.3960      0.243      0.352    14.9283 0.0000e+00
      0.244     -0.002     8.5675     82.535     42.089  33.609917     4.1171      8.001   251.0794 5.4133e+02     4.4780      0.239      0.347    14.9273 0.0000e+00
      0.243      0.001     8.5104     82.081     42.068  33.592095     4.1241      8.002   251.1580 5.0647e+02     4.5505      0.237      0.344    14.9261 0.0000e+00
      0.245      0.003     8.4555     81.666     42.083  33.603007     4.0820      8.003   251.2916 5.1394e+02     4.5209      0.240      0.348    14.9247 0.0000e+00
      0.248      0.005     8.3865     81.259     42.098  33.614957     3.9995      8.003   251.4046 5.0537e+02     4.4959      0.243      0.353    14.9240 0.0000e+00
      0.252      0.006     8.3313     80.833     42.092  33.609701     3.9587      8.003   251.4050 5.2867e+02     4.5553      0.247      0.358    14.9236 0.0000e+00
      0.253      0.006     8.2895     80.398     42.085  33.602893     3.9552      8.003   251.4684 5.6054e+02     4.5902      0.249      0.361    14.9229 0.0000e+00
      0.253      0.005     8.2471     79.990     42.078  33.596085     3.9564      8.004   251.6554 5.5297e+02     4.4727      0.248      0.359    14.9219 0.0000e+00
      0.254      0.003     8.2082     79.598     42.073  33.590837     3.9651      8.004   251.8584 5.5138e+02     4.2963      0.248      0.359    14.9215 0.0000e+00
      0.255      0.002     8.1650     79.208     42.090  33.602882     3.9774      8.005   251.9448 5.7984e+02     4.2681      0.250      0.363    14.9208 0.0000e+00
      0.255      0.001     8.1183     78.825     42.107  33.614832     3.9966      8.005   251.9250 5.8394e+02     4.3371      0.252      0.365    14.9191 0.0000e+00
      0.255      0.001     8.0793     78.436     42.101  33.608430     4.0556      8.005   251.9627 5.6326e+02     4.4126      0.251      0.363    14.9172 0.0000e+00
      0.255      0.000     8.0403     78.001     42.078  33.588925     4.1336      8.005   252.0572 5.4122e+02     4.4979      0.250      0.362    14.9158 0.0000e+00
      0.255      0.000     8.0011     77.604     42.055  33.569325     4.1655      8.005   252.1210 5.1578e+02     4.5152      0.251      0.364    14.9143 0.0000e+00
      0.255      0.000     7.9614     77.331     42.047  33.561781     4.1668      8.006   252.2176 4.9379e+02     4.5188      0.251      0.363    14.9126 0.0000e+00
      0.255      0.001     7.9273     77.077     42.047  33.561146     4.0824      8.008   252.2789 4.9701e+02     4.5759      0.250      0.362    14.9110 0.0000e+00
      0.255      0.001     7.8800     76.789     42.048  33.561656     3.8941      8.009   252.1744 5.1113e+02     4.5899      0.250      0.362    14.9093 0.0000e+00
      0.256      0.001     7.8310     76.490     42.057  33.567943     3.7800      8.010   252.1588 5.1191e+02     4.5175      0.251      0.364    14.9079 0.0000e+00
      0.257      0.001     7.8149     76.191     42.066  33.573710     3.7767      8.010   252.4340 5.1245e+02     4.4524      0.252      0.365    14.9066 0.0000e+00
      0.257      0.001     7.7889     75.912     42.060  33.567942     3.9126      8.010   252.6625 4.9920e+02     4.4862      0.253      0.367    14.9052 0.0000e+00
      0.256      0.001     7.7580     75.636     42.054  33.561655     4.1666      8.010   252.6848 4.9540e+02     4.5499      0.252      0.365    14.9040 0.0000e+00
      0.256      0.000     7.7293     75.336     42.055  33.561135     4.2926      8.010   252.7036 5.1260e+02     4.5058      0.251      0.363    14.9030 0.0000e+00
      0.257     -0.001     7.6967     75.030     42.056  33.561646     4.2861      8.010   252.8046 5.1425e+02     4.4308      0.251      0.364    14.9022 0.0000e+00
      0.257     -0.002     7.6702     74.747     42.065  33.567829     4.2882      8.010   252.9581 5.1701e+02     4.4288      0.253      0.366    14.9009 0.0000e+00
      0.257     -0.002     7.6440     74.477     42.072  33.572452     4.3427      8.010   253.0966 5.4496e+02     4.5168      0.253      0.366    14.8994 0.0000e+00
      0.256     -0.001     7.6135     74.226     42.051  33.554096     4.4458      8.011   253.1891 5.6552e+02     4.6739      0.251      0.364    14.8980 0.0000e+00
      0.254      0.000     7.5797     73.996     42.030  33.536217     4.5116      8.012   253.2156 5.5041e+02     4.7231      0.249      0.361    14.8969 0.0000e+00
      0.253      0.001     7.5540     73.779     42.044  33.546608     4.5133      8.013   253.2454 5.3137e+02     4.6676      0.248      0.359    14.8960 0.0000e+00
      0.254      0.001     7.5253     73.570     42.052  33.552847     4.5088      8.014   253.3773 5.2463e+02     4.5826      0.249      0.361    14.8945 0.0000e+00
      0.257      0.001     7.5003     73.363     42.046  33.548209     4.5316      8.015   253.5197 5.5243e+02     4.4818      0.252      0.365    14.8931 0.0000e+00
      0.258      0.000     7.4782     73.153     42.054  33.553977     4.5644      8.015   253.5912 6.4013e+02     4.4737      0.254      0.369    14.8922 0.0000e+00
      0.258     -0.000     7.4556     72.928     42.062  33.559139     4.5719      8.015   253.6393 6.8053e+02     4.4844      0.254      0.368    14.8914 0.0000e+00
      0.256     -0.001     7.4358     72.701     42.049  33.547180     4.5564      8.016   253.6716 6.5965e+02     4.4746      0.252      0.364    14.8909 0.0000e+00
      0.254     -0.001     7.4137     72.495     42.036  33.536268     4.5519      8.016   253.7230 6.9008e+02     4.5260      0.249      0.361    14.8909 0.0000e+00
      0.254      0.000     7.3947     72.286     42.059  33.554090     4.5673      8.017   253.8306 6.8413e+02     4.5597      0.248      0.360    14.8901 0.0000e+00
      0.255      0.001     7.3713     72.061     42.083  33.572328     4.5759      8.018   253.9403 6.0580e+02     4.5403      0.251      0.363    14.8886 0.0000e+00
      0.256      0.002     7.3463     71.849     42.077  33.566457     4.5720      8.019   254.0172 5.7429e+02     4.4967      0.252      0.365    14.8874 0.0000e+00
      0.256      0.002     7.3276     71.654     42.053  33.546547     4.5795      8.019   254.0713 5.9035e+02     4.4766      0.251      0.364    14.8869 0.0000e+00
      0.257      0.002     7.3078     71.469     42.023  33.521917     4.6080      8.019   254.1645 6.1685e+02     4.5358      0.252      0.365    14.8860 0.0000e+00
      0.258      0.001     7.2827     71.295     42.025  33.522438     4.6338      8.020   254.2836 6.3097e+02     4.5640      0.253      0.368    14.8848 0.0000e+00
      0.258      0.001     7.2617     71.107     42.065  33.552845     4.6249      8.020   254.3076 5.9827e+02     4.5097      0.254      0.367    14.8837 0.0000e+00
      0.258      0.000     7.2433     70.895     42.091  33.572340     4.5833      8.020   254.2819 6.0783e+02     4.4599      0.253      0.366    14.8826 0.0000e+00
      0.258 4.0950e-07     7.2232     70.691     42.086  33.567821     4.5473      8.021   254.3173 6.7036e+02     4.4749      0.253      0.367    14.8816 0.0000e+00
      0.258      0.000     7.2079     70.500     42.080  33.561647     4.5477      8.022   254.3915 6.3522e+02     4.5540      0.253      0.366    14.8803 0.0000e+00
      0.257      0.000     7.1900     70.315     42.080  33.561137     4.5636      8.022   254.4909 5.7864e+02     4.5969      0.252      0.366    14.8789 0.0000e+00
      0.257      0.001     7.1658     70.142     42.081  33.561658     4.5481      8.023   254.5729 6.0072e+02     4.5487      0.252      0.365    14.8775 0.0000e+00
      0.257      0.001     7.1465     69.982     42.090  33.567946     4.5100      8.023   254.6084 6.1128e+02     4.4841      0.252      0.365    14.8760 0.0000e+00
      0.258      0.001     7.1274     69.810     42.099  33.573713     4.4937      8.023   254.6616 5.8989e+02     4.4996      0.254      0.368    14.8747 0.0000e+00
      0.259      0.000     7.1087     69.640     42.093  33.567946     4.5082      8.024   254.6991 5.8446e+02     4.5647      0.254      0.369    14.8738 0.0000e+00
      0.259 2.1961e-08     7.0906     69.495     42.086  33.561658     4.5698      8.025   254.7185 6.5283e+02     4.5532      0.254      0.369    14.8728 0.0000e+00
      0.259 2.4157e-07     7.0766     69.345     42.086  33.561129     4.6559      8.026   254.8960 6.9068e+02     4.4971      0.254      0.368    14.8720 0.0000e+00
      0.258 6.0978e-07     7.0589     69.186     42.087  33.561545     4.7085      8.026   255.1235 6.2759e+02     4.5351      0.253      0.366    14.8710 0.0000e+00
      0.258      0.000     7.0390     69.031     42.095  33.566687     4.7233      8.027   255.1471 5.8679e+02     4.6034      0.252      0.365    14.8701 0.0000e+00
      0.258      0.000     7.0278     68.858     42.087  33.559860     4.7259      8.027   255.0952 5.5898e+02     4.6060      0.252      0.367    14.8694 0.0000e+00
      0.259      0.001     7.0121     68.677     42.067  33.542445     4.7315      8.027   255.1841 5.3239e+02     4.5660      0.254      0.369    14.8681 0.0000e+00
      0.260      0.001     6.9952     68.519     42.072  33.546445     4.7244      8.027   255.3618 5.4836e+02     4.4962      0.255      0.369    14.8670 0.0000e+00
      0.260      0.000     6.9813     68.356     42.071  33.544780     4.7233      8.027   255.4370 5.6621e+02     4.4794      0.255      0.369    14.8663 0.0000e+00
      0.259     -0.002     6.9640     68.169     42.044  33.522315     4.7680      8.027   255.4053 5.3840e+02     4.5341      0.254      0.368    14.8657 0.0000e+00
      0.259     -0.007     6.9426     68.000     42.052  33.528603     4.8405      8.028   255.4079 5.0868e+02     4.5761      0.254      0.368    14.8648 0.0000e+00
      0.259     -0.012     6.9293     67.861     42.087  33.557353     4.8688      8.029   255.5549 5.2543e+02     4.5437      0.255      0.370    14.8635 0.0000e+00
      0.256     -0.016     6.9147     67.734     42.082  33.552722     4.8344      8.029   255.7197 5.8200e+02     4.4501      0.253      0.368    14.8625 0.0000e+00
      0.250     -0.018     6.8921     67.613     42.062  33.536042     4.7082      8.029   255.7658 6.2769e+02     4.4342      0.246      0.357    14.8621 0.0000e+00
      0.242     -0.019     6.8752     67.495     42.075  33.546016     4.5000      8.030   255.7689 6.0834e+02     4.5212      0.236      0.343    14.8625 0.0000e+00
      0.235     -0.019     6.8624     67.404     42.076  33.546433     4.3721      8.030   255.6711 5.8697e+02     4.5467      0.229      0.332    14.8635 0.0000e+00
      0.231     -0.017     6.8490     67.340     42.070  33.541082     4.3439      8.030   255.6153 5.9372e+02     4.4684      0.226      0.327    14.8628 0.0000e+00
      0.229     -0.013     6.8383     67.252     42.075  33.544762     4.3425      8.030   255.7822 6.3906e+02     4.4294      0.226      0.327    14.8614 0.0000e+00
      0.226     -0.008     6.8247     67.143     42.054  33.527473     4.4215      8.031   255.9687 7.1120e+02     4.4848      0.222      0.322    14.8610 0.0000e+00
      0.222     -0.005     6.8145     67.066     42.048  33.522380     4.5582      8.032   255.9767 6.9757e+02     4.5573      0.217      0.316    14.8608 0.0000e+00
      0.222     -0.003     6.8122     67.011     42.078  33.546622     4.6220      8.032   255.9657 6.5743e+02     4.5546      0.217      0.314    14.8602 0.0000e+00
      0.224     -0.003     6.8027     66.927     42.104  33.566808     4.6183      8.032   256.0940 6.4593e+02     4.4863      0.220      0.318    14.8594 0.0000e+00
      0.225     -0.002     6.7886     66.818     42.116  33.576118     4.6383      8.032   256.2374 6.1300e+02     4.4488      0.222      0.322    14.8590 0.0000e+00
      0.224     -0.000     6.7810     66.700     42.141  33.595736     4.6979      8.032   256.3234 6.1068e+02     4.4777      0.220      0.321    14.8587 0.0000e+00
      0.222      0.001     6.7795     66.630     42.170  33.613674     4.7478      8.032   256.3588 6.0846e+02     4.5276      0.217      0.315    14.8586 0.0000e+00
      0.221      0.002     6.7695     66.986     42.180  33.602670     4.7512      8.033   256.4070 5.9270e+02     4.5054      0.215      0.312    14.8592 0.0000e+00
      0.222      0.005     6.7571     68.782     42.205  33.589552     4.7629      8.034   256.3900 5.9579e+02     4.4487      0.216      0.314    14.8593 0.0000e+00
      0.224      0.008     6.7474     73.350     42.238  33.581927     4.8230      8.035   256.4117 5.6363e+02     4.4569      0.219      0.318    14.8574 0.0000e+00
      0.228      0.012     6.7287     80.833     42.258  33.573876     4.8784      8.036   256.5832 5.8428e+02     4.5016      0.223      0.325    14.8566 0.0000e+00
      0.230      0.013     6.7360     89.844     42.253  33.555611     4.9081      8.036   256.6569 6.6000e+02     4.5459      0.225      0.327    14.8385 0.0000e+00
      0.234      0.011     6.8565     98.945     42.256  33.551411     4.9248      8.036   256.7001 6.6304e+02     4.5478      0.228      0.331    14.7894 0.0000e+00
      0.240      0.007     7.3139    107.210     42.302  33.586536     4.9309      8.037   256.8472 6.2455e+02     4.5251      0.236      0.343    14.7434 0.0000e+00
      0.244      0.005     8.1528    113.949     42.319  33.599639     4.9403      8.038   256.8872 6.0201e+02     4.5442      0.242      0.351    14.7168 0.0000e+00
      0.242      0.005     9.1195    118.718     42.299  33.582951     4.9553      8.037   256.7541 6.2514e+02     4.5741      0.239      0.346    14.7016 0.0000e+00
      0.237      0.008    10.0712    121.278     42.291  33.575095     4.9366      8.037   256.7005 6.4422e+02     4.5451      0.230      0.335    14.6953 0.0000e+00
      0.235      0.013    10.9383    121.717     42.286  33.568090     4.8806      8.039   256.7549 5.9842e+02     4.5010      0.228      0.330    14.6945 0.0000e+00
      0.240      0.019    11.6357    120.705     42.281  33.561690     4.8449      8.040   256.8094 5.2517e+02     4.5190      0.234      0.339    14.6946 0.0000e+00
      0.250      0.025    12.1276    119.085     42.284  33.561160     4.8455      8.040   256.9301 4.9561e+02     4.5579      0.245      0.355    14.6942 0.0000e+00
      0.261      0.032    12.3924    117.385     42.286  33.561680     4.8710      8.041   257.0091 4.9905e+02     4.5618      0.256      0.371    14.6928 0.0000e+00
