Data/DataNotYetUploadedToEDI/Raw_CTD/RawDownloads/102924_fcr20_S7809012.cnv
* Sea-Bird SBE19plus  Data File:
* FileName = C:\R\Reservoirs\Data\DataNotYetUploadedToEDI\Raw_CTD\RawDownloads\102924_fcr50_S7809_0012.hex
* Software version 2.8.0.119
* Temperature SN = 7809
* Conductivity SN = 7809
* System UpLoad Time = Oct 29 2024 18:06:27
* <ApplicationData>
* <Seaterm232>
# nquan = 15
# nvalues = 1063                        
# units = specified
# name 0 = depFM: Depth [fresh water, m]
# name 1 = dz/dtM: Descent Rate [m/s]
# name 2 = sbeox0Mg/L: Oxygen, SBE 43 [mg/l]
# name 3 = sbeox0PS: Oxygen, SBE 43 [% saturation]
# name 4 = specc: Specific Conductance [uS/cm]
# name 5 = c0uS/cm: Conductivity [uS/cm]
# name 6 = flECO-AFL: Fluorescence, WET Labs ECO-AFL/FL [mg/m^3]
# name 7 = ph: pH
# name 8 = orp: Oxidation Reduction Potential [mV]
# name 9 = par/sat/log: PAR/Logarithmic, Satlantic
# name 10 = turbWETntu0: Turbidity, WET Labs ECO [NTU]
# name 11 = prdM: Pressure, Strain Gauge [db]
# name 12 = prdE: Pressure, Strain Gauge [psi]
# name 13 = tv290C: Temperature [ITS-90, deg C]
# name 14 = flag:  0.000e+00
# span 0 =     -0.521,      3.038       
# span 1 =     -0.331,      0.215       
# span 2 =     6.9309,    11.6717       
# span 3 =     68.533,    114.083       
# span 4 =      1.477,     42.781       
# span 5 =   1.180169,  33.642873       
# span 6 =    -0.6241,    13.3612       
# span 7 =      7.419,      8.028       
# span 8 =  -662.1129,  1237.0415       
# span 9 = 1.8057e+00, 1.8466e+03       
# span 10 =    -8.4838,   262.8066      
# span 11 =     -0.512,      2.979      
# span 12 =     -0.742,      4.321      
# span 13 =    14.0847,    14.9258      
# span 14 = 0.0000e+00, 0.0000e+00      
# interval = seconds: 0.25
# start_time = Oct 29 2024 11:49:21 [Instrument's time stamp, header]
# bad_flag = -9.990e-29
*END*
[from data line 772]
      3.037     -0.006     9.6625     92.399     42.639  33.346228     1.5484      7.852   283.8337 1.8255e+00   110.6657      2.978      4.320    14.0879 0.0000e+00
      3.035     -0.007     9.6449     91.960     42.635  33.351880     2.1173      7.851   283.9569 1.8401e+00   146.1067      2.976      4.317    14.0847 0.0000e+00
      3.032     -0.008     9.6043     91.620     42.636  33.358695     2.1635      7.850   284.0942 1.8566e+00   149.6982      2.973      4.312    14.0857 0.0000e+00
      3.029     -0.008     9.5539     91.446     42.643  33.365190     2.2648      7.850   284.2035 1.8616e+00   154.4663      2.969      4.307    14.0885 0.0000e+00
      3.026     -0.007     9.4986     91.491     42.646  33.366976     3.6501      7.850   284.1595 1.8464e+00   177.7614      2.967      4.304    14.0984 0.0000e+00
      3.025     -0.005     9.4497     91.714     42.662  33.380290     6.2122      7.850   283.9931 1.8475e+00   213.6249      2.967      4.303    14.1119 0.0000e+00
      3.024     -0.003     9.4108     92.029     42.686  33.399275     7.6077      7.851   283.9991 1.8613e+00   231.8749      2.966      4.302    14.1200 0.0000e+00
      3.024     -0.001     9.3889     92.355     42.696  33.406198     7.7642      7.851   284.1450 1.8548e+00   233.9088      2.966      4.301    14.1193 0.0000e+00
      3.024     -0.000     9.3977     92.649     42.690  33.400545     8.2624      7.852   284.2086 1.8449e+00   238.5580      2.966      4.302    14.1162 0.0000e+00
      3.025      0.001     9.4229     92.865     42.683  33.394371     9.1781      7.852   284.2522 1.8493e+00   246.8918      2.967      4.303    14.1180 0.0000e+00
      3.026      0.001     9.4586     92.960     42.684  33.394995     9.6804      7.852   284.2422 1.8538e+00   251.4934      2.967      4.304    14.1198 0.0000e+00
      3.026      0.002     9.4930     92.926     42.701  33.408088     9.6081      7.852   284.1729 1.8350e+00   252.1796      2.967      4.304    14.1181 0.0000e+00
      3.026      0.002     9.5254     92.782     42.725  33.425785     8.3197      7.852   284.1881 1.8333e+00   255.0525      2.967      4.304    14.1165 0.0000e+00
      3.026      0.002     9.5503     92.597     42.719  33.418644     5.9887      7.852   284.2546 1.8494e+00   260.2343      2.968      4.304    14.1158 0.0000e+00
      3.027      0.001     9.5590     92.416     42.680  33.385178     4.7457      7.851   284.3746 1.8314e+00   262.8066      2.969      4.306    14.1156 0.0000e+00
      3.029     -0.003     9.5565     92.221     42.619  33.338362     4.7346      7.851   284.5211 1.8062e+00   259.8866      2.970      4.308    14.1162 0.0000e+00
      3.029     -0.011     9.5372     91.956     42.558  33.296697     5.5877      7.850   284.7349 1.8114e+00   224.1426      2.971      4.309    14.1151 0.0000e+00
      3.028     -0.025     9.5183     91.674     42.497  33.262084     7.1457      7.850   285.0674 1.8434e+00   158.4229      2.970      4.308    14.1108 0.0000e+00
      3.024     -0.046     9.5007     91.517     42.441  33.237093     7.9916      7.849   285.3573 1.8819e+00   122.3318      2.967      4.303    14.1060 0.0000e+00
      3.015     -0.073     9.4842     91.505     42.431  33.248330     7.9750      7.847   285.5731 1.9369e+00   116.5527      2.960      4.292    14.1057 0.0000e+00
      2.996     -0.102     9.4556     91.640     42.443  33.271089     6.9700      7.844   285.6978 2.0483e+00    88.1042      2.943      4.269    14.1126 0.0000e+00
      2.964     -0.128     9.4124     91.978     42.416  33.258518     5.1205      7.842   285.7461 2.2250e+00    36.3017      2.911      4.222    14.1275 0.0000e+00
      2.919     -0.147     9.3945     92.489     42.365  33.223223     4.1062      7.840   285.8128 2.4473e+00     8.0003      2.864      4.153    14.1527 0.0000e+00
      2.870     -0.157     9.3884     93.087     42.364  33.225004     4.0287      7.840   285.9883 2.6898e+00     5.4918      2.813      4.081    14.1785 0.0000e+00
      2.823     -0.154     9.3942     93.705     42.432  33.280065     4.1823      7.839   286.1482 2.9282e+00     5.4942      2.768      4.014    14.1943 0.0000e+00
      2.780     -0.137     9.4297     94.277     42.477  33.317970     4.4659      7.839   286.1105 3.1482e+00     5.7751      2.724      3.951    14.2026 0.0000e+00
      2.745     -0.109     9.4846     94.720     42.455  33.302658     4.6118      7.840   286.1350 3.3490e+00     5.9152      2.689      3.900    14.2074 0.0000e+00
      2.717     -0.077     9.5480     95.009     42.432  33.285261     4.6146      7.840   286.2713 3.4998e+00     5.9933      2.660      3.860    14.2099 0.0000e+00
      2.701     -0.047     9.6116     95.161     42.451  33.297951     4.6075      7.840   286.2962 3.5523e+00     6.8214      2.642      3.833    14.2127 0.0000e+00
      2.699     -0.026     9.6747     95.194     42.495  33.329205     4.5093      7.841   286.2645 3.5203e+00    15.5523      2.644      3.835    14.2162 0.0000e+00
      2.707     -0.017     9.7197     95.157     42.520  33.345932     4.3183      7.842   286.3176 3.4578e+00    31.5233      2.654      3.849    14.2186 0.0000e+00
      2.715     -0.021     9.7477     95.068     42.477  33.309857     4.2038      7.842   286.3364 3.4271e+00    40.1951      2.664      3.864    14.2190 0.0000e+00
      2.715     -0.035     9.7650     94.938     42.432  33.273683     4.1573      7.843   286.3200 3.4816e+00    40.8109      2.667      3.868    14.2163 0.0000e+00
      2.703     -0.055     9.7656     94.797     42.451  33.289219     3.9639      7.843   286.3774 3.6264e+00    39.7540      2.656      3.851    14.2115 0.0000e+00
      2.679     -0.070     9.7628     94.644     42.472  33.307377     3.6377      7.844   286.3415 3.8219e+00    37.7667      2.631      3.815    14.2075 0.0000e+00
      2.649     -0.077     9.7547     94.483     42.466  33.302892     3.4672      7.846   286.2295 4.0289e+00    36.6290      2.597      3.767    14.2045 0.0000e+00
      2.620     -0.072     9.7387     94.336     42.461  33.298443     3.4676      7.848   286.1428 4.2118e+00    36.0419      2.567      3.722    14.2038 0.0000e+00
      2.598     -0.057     9.7256     94.220     42.487  33.317027     3.6344      7.850   285.9808 4.3176e+00    31.2481      2.544      3.690    14.2053 0.0000e+00
      2.587     -0.037     9.7089     94.142     42.515  33.337250     3.9692      7.852   285.8202 4.3364e+00    22.5967      2.534      3.675    14.2079 0.0000e+00
      2.585     -0.019     9.6908     94.118     42.537  33.352627     4.1787      7.853   285.8357 4.3022e+00    17.9316      2.533      3.675    14.2092 0.0000e+00
      2.590     -0.007     9.6758     94.161     42.568  33.376060     4.2201      7.854   285.9099 4.2563e+00    17.3705      2.539      3.684    14.2076 0.0000e+00
      2.596     -0.005     9.6638     94.239     42.556  33.366809     4.3941      7.856   285.9427 4.2353e+00    15.6420      2.547      3.694    14.2049 0.0000e+00
      2.597     -0.014     9.6567     94.318     42.475  33.304216     4.7348      7.857   285.9751 4.2482e+00    12.6081      2.548      3.696    14.2027 0.0000e+00
      2.594     -0.029     9.6524     94.381     42.408  33.253681     4.9434      7.858   285.9576 4.2922e+00    10.9872      2.545      3.691    14.2009 0.0000e+00
      2.588     -0.044     9.6597     94.403     42.417  33.263344     4.9856      7.859   285.9031 4.3982e+00    10.9037      2.540      3.685    14.1994 0.0000e+00
      2.573     -0.050     9.6690     94.378     42.453  33.294170     4.9699      7.861   285.8322 4.6409e+00    10.9156      2.529      3.669    14.1991 0.0000e+00
      2.546     -0.047     9.6765     94.342     42.469  33.309178     4.8119      7.861   285.7022 4.9783e+00    11.0283      2.500      3.625    14.2005 0.0000e+00
      2.519     -0.037     9.6844     94.345     42.479  33.317925     4.5570      7.862   285.6217 5.1619e+00    11.3440      2.462      3.571    14.2026 0.0000e+00
      2.509     -0.026     9.6859     94.409     42.502  33.336489     4.4269      7.863   285.6342 5.0916e+00    11.5903      2.454      3.559    14.2067 0.0000e+00
      2.519     -0.020     9.6813     94.518     42.512  33.343306     4.4039      7.863   285.6807 4.9534e+00    12.0593      2.469      3.582    14.2108 0.0000e+00
      2.530     -0.023     9.6747     94.639     42.505  33.336915     4.1789      7.863   285.6678 4.8844e+00    16.6035      2.484      3.602    14.2120 0.0000e+00
      2.535     -0.039     9.6740     94.749     42.487  33.322659     3.7615      7.863   285.5640 4.9290e+00    24.8945      2.490      3.610    14.2137 0.0000e+00
      2.527     -0.062     9.6809     94.824     42.454  33.297821     3.5520      7.863   285.5439 5.1519e+00    29.4337      2.483      3.602    14.2155 0.0000e+00
      2.502     -0.080     9.6940     94.855     42.441  33.290370     3.5695      7.864   285.5107 5.5679e+00    29.5402      2.461      3.569    14.2135 0.0000e+00
      2.460     -0.086     9.7077     94.864     42.445  33.296023     3.7067      7.865   285.4204 6.0758e+00    25.5325      2.413      3.500    14.2109 0.0000e+00
      2.417     -0.079     9.7194     94.850     42.453  33.302724     3.9375      7.867   285.3988 6.4157e+00    18.0398      2.360      3.424    14.2107 0.0000e+00
      2.393     -0.063     9.7282     94.816     42.459  33.307953     4.0538      7.868   285.4213 6.4612e+00    13.9268      2.339      3.393    14.2132 0.0000e+00
      2.391     -0.046     9.7286     94.805     42.444  33.295793     4.0565      7.868   285.5212 6.3804e+00    13.8900      2.342      3.397    14.2167 0.0000e+00
      2.397     -0.039     9.7287     94.816     42.428  33.282595     3.9953      7.868   285.5738 6.2894e+00    17.4925      2.349      3.408    14.2195 0.0000e+00
      2.403     -0.044     9.7290     94.823     42.418  33.275258     3.8711      7.868   285.5413 6.2699e+00    24.0757      2.359      3.422    14.2205 0.0000e+00
      2.398     -0.058     9.7213     94.823     42.410  33.270530     3.8026      7.868   285.5578 6.4667e+00    27.6281      2.358      3.419    14.2199 0.0000e+00
      2.376     -0.070     9.7214     94.825     42.432  33.288871     3.8167      7.869   285.5160 6.9862e+00    27.5151      2.339      3.392    14.2198 0.0000e+00
      2.336     -0.071     9.7242     94.845     42.454  33.306693     4.1256      7.870   285.3796 7.6877e+00    22.9136      2.294      3.328    14.2196 0.0000e+00
      2.295     -0.060     9.7241     94.884     42.441  33.295676     4.7074      7.871   285.2855 8.1017e+00    14.4183      2.240      3.248    14.2195 0.0000e+00
      2.276     -0.039     9.7243     94.938     42.425  33.282557     5.0161      7.872   285.3255 8.0558e+00     9.7193      2.223      3.225    14.2210 0.0000e+00
      2.281     -0.017     9.7223     95.008     42.415  33.274956     5.0205      7.872   285.4322 7.8461e+00     9.2421      2.235      3.241    14.2231 0.0000e+00
      2.296     -0.002     9.7250     95.064     42.405  33.267212     5.0016      7.871   285.3716 7.6350e+00     9.2976      2.251      3.265    14.2238 0.0000e+00
      2.312     -0.003     9.7296     95.098     42.386  33.252378     4.9542      7.870   285.1946 7.4827e+00     9.6043      2.270      3.293    14.2229 0.0000e+00
      2.320     -0.023     9.7345     95.126     42.348  33.222485     4.8634      7.870   285.1847 7.5208e+00     9.9103      2.281      3.309    14.2217 0.0000e+00
      2.314     -0.051     9.7435     95.142     42.347  33.223005     4.8025      7.873   285.2521 7.8082e+00     9.9913      2.275      3.299    14.2217 0.0000e+00
      2.290     -0.075     9.7501     95.146     42.391  33.258664     4.7838      7.874   285.2356 8.3471e+00     9.8993      2.250      3.263    14.2223 0.0000e+00
      2.253     -0.089     9.7510     95.145     42.408  33.272968     4.7532      7.874   285.1562 9.0435e+00     9.1403      2.209      3.206    14.2223 0.0000e+00
      2.213     -0.090     9.7557     95.135     42.402  33.269073     4.7153      7.875   284.9809 9.5995e+00     7.7488      2.165      3.141    14.2224 0.0000e+00
      2.186     -0.080     9.7566     95.113     42.410  33.275011     4.7085      7.876   284.9231 9.8357e+00     6.9774      2.137      3.100    14.2235 0.0000e+00
      2.173     -0.060     9.7559     95.078     42.418  33.281313     4.7128      7.876   285.0600 9.9483e+00     6.8852      2.130      3.089    14.2251 0.0000e+00
      2.166     -0.036     9.7567     95.047     42.419  33.281833     4.7760      7.877   285.0865 1.0062e+01     6.7016      2.125      3.081    14.2261 0.0000e+00
      2.161     -0.016     9.7548     95.028     42.418  33.281298     4.9316      7.878   284.9861 1.0118e+01     6.3973      2.118      3.071    14.2267 0.0000e+00
      2.159     -0.007     9.7534     95.032     42.411  33.274840     5.0300      7.877   284.9644 1.0080e+01     6.2461      2.115      3.068    14.2270 0.0000e+00
      2.163     -0.013     9.7484     95.061     42.402  33.267202     5.0332      7.876   284.9964 9.9618e+00     6.2739      2.119      3.074    14.2269 0.0000e+00
      2.170     -0.030     9.7451     95.079     42.382  33.252382     4.9616      7.876   285.0294 9.8744e+00     6.3926      2.129      3.088    14.2268 0.0000e+00
      2.173     -0.053     9.7433     95.062     42.343  33.222547     4.8308      7.877   285.1047 1.0045e+01     6.5536      2.137      3.099    14.2264 0.0000e+00
      2.158     -0.073     9.7426     95.030     42.344  33.223691     4.7668      7.878   285.1328 1.0674e+01     6.6827      2.125      3.082    14.2257 0.0000e+00
      2.123     -0.083     9.7483     95.024     42.397  33.266213     4.7705      7.878   285.0241 1.1675e+01     6.7241      2.086      3.025    14.2254 0.0000e+00
      2.077     -0.082     9.7507     95.023     42.431  33.292577     4.8083      7.877   284.8233 1.2673e+01     6.3027      2.034      2.951    14.2259 0.0000e+00
      2.042     -0.069     9.7483     95.005     42.426  33.288682     4.8741      7.874   284.6833 1.3149e+01     5.4818      1.991      2.889    14.2269 0.0000e+00
      2.030     -0.048     9.7418     95.017     42.418  33.282564     4.9008      7.872   284.7089 1.3006e+01     5.0318      1.984      2.878    14.2278 0.0000e+00
      2.036     -0.028     9.7424     95.066     42.418  33.282045     4.9059      7.871   284.7893 1.2683e+01     4.9939      1.996      2.895    14.2285 0.0000e+00
      2.046     -0.021     9.7454     95.127     42.419  33.282411     4.9196      7.871   284.7938 1.2483e+01     4.9897      2.007      2.910    14.2289 0.0000e+00
      2.051     -0.032     9.7384     95.173     42.424  33.286982     4.9749      7.871   284.7643 1.2502e+01     4.8442      2.014      2.921    14.2283 0.0000e+00
      2.046     -0.058     9.7415     95.185     42.406  33.273873     5.0754      7.872   284.7762 1.2816e+01     4.5681      2.011      2.916    14.2277 0.0000e+00
      2.030     -0.085     9.7468     95.178     42.375  33.250802     5.1276      7.873   284.7654 1.3571e+01     4.4525      1.997      2.896    14.2275 0.0000e+00
      1.997     -0.102     9.7541     95.178     42.388  33.261808     5.1316      7.875   284.7195 1.4938e+01     4.5385      1.966      2.850    14.2274 0.0000e+00
      1.948     -0.105     9.7603     95.193     42.411  33.280058     5.0646      7.876   284.7383 1.6463e+01     4.6863      1.910      2.769    14.2277 0.0000e+00
      1.903     -0.094     9.7600     95.208     42.412  33.281137     4.9252      7.877   284.7343 1.7399e+01     4.8396      1.858      2.693    14.2286 0.0000e+00
      1.879     -0.071     9.7582     95.244     42.404  33.274850     4.8529      7.879   284.6706 1.7714e+01     4.9231      1.836      2.663    14.2301 0.0000e+00
