Data/DataNotYetUploadedToEDI/Raw_CTD/RawDownloads/102924_fcr20_S7809012.cnv
* Sea-Bird SBE19plus  Data File:
* FileName = C:\R\Reservoirs\Data\DataNotYetUploadedToEDI\Raw_CTD\RawDownloads\102924_fcr50_S7809_0012.hex
* Software version 2.8.0.119
* Temperature SN = 7809
* Conductivity SN = 7809
* System UpLoad Time = Oct 29 2024 18:06:27
* <ApplicationData>
* <Seaterm232>
# nquan = 15
# nvalues = 1063                        
# units = specified
# name 0 = depFM: Depth [fresh water, m]
# name 1 = dz/dtM: Descent Rate [m/s]
# name 2 = sbeox0Mg/L: Oxygen, SBE 43 [mg/l]
# name 3 = sbeox0PS: Oxygen, SBE 43 [% saturation]
# name 4 = specc: Specific Conductance [uS/cm]
# name 5 = c0uS/cm: Conductivity [uS/cm]
# name 6 = flECO-AFL: Fluorescence, WET Labs ECO-AFL/FL [mg/m^3]
# name 7 = ph: pH
# name 8 = orp: Oxidation Reduction Potential [mV]
# name 9 = par/sat/log: PAR/Logarithmic, Satlantic
# name 10 = turbWETntu0: Turbidity, WET Labs ECO [NTU]
# name 11 = prdM: Pressure, Strain Gauge [db]
# name 12 = prdE: Pressure, Strain Gauge [psi]
# name 13 = tv290C: Temperature [ITS-90, deg C]
# name 14 = flag:  0.000e+00
# span 0 =     -0.521,      3.038       
# span 1 =     -0.331,      0.215       
# span 2 =     6.9309,    11.6717       
# span 3 =     68.533,    114.083       
# span 4 =      1.477,     42.781       
# span 5 =   1.180169,  33.642873       
# span 6 =    -0.6241,    13.3612       
# span 7 =      7.419,      8.028       
# span 8 =  -662.1129,  1237.0415       
# span 9 = 1.8057e+00, 1.8466e+03       
# span 10 =    -8.4838,   262.8066      
# span 11 =     -0.512,      2.979      
# span 12 =     -0.742,      4.321      
# span 13 =    14.0847,    14.9258      
# span 14 = 0.0000e+00, 0.0000e+00      
# interval = seconds: 0.25
# start_time = Oct 29 2024 11:49:21 [Instrument's time stamp, header]
# bad_flag = -9.990e-29
*END*
[from data line 97]
      0.188      0.000     9.0655     86.170     42.317  33.566715     4.0076      7.637   236.0467 3.0247e+01     4.1964      0.184      0.267    14.6547 0.0000e+00
      0.189      0.001     8.9608     85.930     42.310  33.561609     4.0205      7.639   236.2161 3.0131e+01     4.2237      0.185      0.269    14.6561 0.0000e+00
      0.190      0.002     8.8735     86.045     42.309  33.561609     4.0159      7.641   236.3738 3.0032e+01     4.2513      0.187      0.271    14.6563 0.0000e+00
      0.190      0.002     8.7985     86.501     42.314  33.566714     4.0024      7.643   236.4913 3.0067e+01     4.2225      0.187      0.271    14.6563 0.0000e+00
      0.189      0.002     8.7440     87.194     42.304  33.559894     3.9980      7.645   236.6041 3.0097e+01     4.2172      0.186      0.269    14.6569 0.0000e+00
      0.189      0.002     8.7146     87.994     42.280  33.542592     4.0055      7.648   236.7054 2.9981e+01     4.2559      0.185      0.269    14.6576 0.0000e+00
      0.190      0.004     8.7270     88.764     42.283  33.547848     4.0179      7.651   236.7700 2.9910e+01     4.2806      0.186      0.270    14.6588 0.0000e+00
      0.190      0.007     8.7781     89.433     42.294  33.560005     4.0396      7.653   236.8700 2.9905e+01     4.2770      0.187      0.271    14.6600 0.0000e+00
      0.191      0.010     8.8520     89.993     42.293  33.562699     4.0764      7.654   237.0532 2.9702e+01     4.2120      0.187      0.271    14.6610 0.0000e+00
      0.194      0.012     8.9389     90.416     42.313  33.580416     4.1044      7.655   237.2638 2.9016e+01     4.1438      0.189      0.274    14.6633 0.0000e+00
      0.200      0.013     9.0190     90.667     42.315  33.583895     4.1119      7.655   237.3509 2.8103e+01     4.2041      0.196      0.283    14.6669 0.0000e+00
      0.205      0.013     9.0847     90.757     42.260  33.541330     4.1086      7.656   237.4184 2.7353e+01     4.3266      0.202      0.293    14.6714 0.0000e+00
      0.210      0.012     9.1427     90.733     42.219  33.509875     4.0897      7.658   237.6497 2.6960e+01     4.3267      0.207      0.300    14.6750 0.0000e+00
      0.211      0.011     9.1867     90.667     42.231  33.520795     4.0591      7.661   237.9103 2.6938e+01     4.2392      0.208      0.302    14.6775 0.0000e+00
      0.211      0.008     9.2110     90.609     42.262  33.546474     4.0459      7.662   237.9882 2.6952e+01     4.2247      0.207      0.301    14.6797 0.0000e+00
      0.212      0.002     9.2182     90.500     42.285  33.566583     4.0470      7.663   237.9898 2.6647e+01     4.2888      0.208      0.301    14.6812 0.0000e+00
      0.216     -0.004     9.2131     90.240     42.293  33.573608     4.0388      7.664   238.1019 2.6184e+01     4.3311      0.212      0.306    14.6825 0.0000e+00
      0.219     -0.009     9.2028     89.815     42.285  33.567964     4.0215      7.664   238.3106 2.6330e+01     4.2918      0.219      0.316    14.6836 0.0000e+00
      0.217     -0.014     9.1993     89.293     42.275  33.561791     4.0130      7.664   238.5344 2.7349e+01     4.2231      0.216      0.313    14.6851 0.0000e+00
      0.207     -0.018     9.1937     88.788     42.275  33.562416     4.0862      7.665   238.7431 2.8794e+01     4.2528      0.202      0.293    14.6876 0.0000e+00
      0.196     -0.019     9.1664     88.372     42.290  33.575521     4.2322      7.666   238.9404 2.9912e+01     4.3091      0.191      0.276    14.6889 0.0000e+00
      0.190     -0.017     9.1212     88.018     42.311  33.593353     4.3122      7.666   239.1130 3.0406e+01     4.2891      0.185      0.269    14.6888 0.0000e+00
      0.189     -0.012     9.0628     87.668     42.302  33.587689     4.3047      7.667   239.2824 3.0599e+01     4.2495      0.184      0.268    14.6900 0.0000e+00
      0.188     -0.005     9.0077     87.307     42.279  33.570482     4.2916      7.667   239.4402 3.0450e+01     4.2405      0.185      0.268    14.6920 0.0000e+00
      0.188      0.000     8.9673     86.981     42.284  33.575645     4.3202      7.668   239.5577 3.0187e+01     4.3163      0.183      0.266    14.6934 0.0000e+00
      0.189      0.002     8.9336     86.711     42.297  33.586660     4.3682      7.670   239.6710 3.0001e+01     4.3462      0.184      0.267    14.6950 0.0000e+00
      0.191      0.002     8.8988     86.464     42.284  33.576779     4.3721      7.671   239.8637 2.9683e+01     4.2612      0.187      0.272    14.6971 0.0000e+00
      0.193      0.002     8.8589     86.249     42.292  33.583065     4.3506      7.672   240.0807 2.9473e+01     4.2112      0.189      0.275    14.6985 0.0000e+00
      0.193      0.001     8.8244     86.123     42.312  33.599224     4.3664      7.673   240.2296 2.9645e+01     4.2539      0.190      0.275    14.6992 0.0000e+00
      0.192      0.000     8.7997     86.088     42.290  33.581818     4.4137      7.675   240.2873 2.9847e+01     4.3333      0.188      0.273    14.6998 0.0000e+00
      0.190      0.000     8.7742     86.092     42.265  33.562948     4.4480      7.676   240.2620 2.9790e+01     4.3508      0.186      0.270    14.7002 0.0000e+00
      0.190      0.001     8.7487     86.094     42.263  33.561397     4.4565      7.678   240.3545 2.9754e+01     4.2949      0.186      0.270    14.7005 0.0000e+00
      0.191      0.002     8.7361     86.024     42.265  33.563072     4.4576      7.680   240.5450 2.9652e+01     4.3066      0.187      0.272    14.7008 0.0000e+00
      0.193      0.004     8.7356     85.801     42.290  33.583192     4.4536      7.680   240.7589 2.9399e+01     4.3897      0.189      0.274    14.7010 0.0000e+00
      0.194      0.004     8.7360     85.433     42.328  33.614335     4.4488      7.681   240.9611 2.9232e+01     4.3769      0.190      0.276    14.7013 0.0000e+00
      0.196      0.004     8.7389     84.976     42.338  33.622400     4.4587      7.683   241.0116 2.9029e+01     4.2886      0.192      0.278    14.7019 0.0000e+00
      0.197      0.003     8.7359     84.425     42.331  33.617267     4.4483      7.685   241.1107 2.8857e+01     4.1761      0.193      0.280    14.7025 0.0000e+00
      0.198      0.002     8.7130     83.789     42.328  33.615717     4.4229      7.685   241.2995 2.8860e+01     4.0752      0.194      0.282    14.7028 0.0000e+00
      0.198      0.000     8.6710     83.144     42.313  33.603652     4.4263      7.686   241.4008 2.8907e+01     4.0602      0.195      0.282    14.7033 0.0000e+00
      0.198 3.7253e-08     8.6263     82.521     42.306  33.598291     4.4394      7.687   241.4751 2.8967e+01     4.0963      0.194      0.282    14.7040 0.0000e+00
      0.197 4.0978e-07     8.5718     81.926     42.326  33.614336     4.4565      7.688   241.5959 2.9014e+01     4.1367      0.194      0.281    14.7044 0.0000e+00
      0.196      0.000     8.5008     81.368     42.316  33.607325     4.4828      7.689   241.7425 2.9018e+01     4.1728      0.192      0.279    14.7047 0.0000e+00
      0.196      0.000     8.4366     80.854     42.277  33.576955     4.5083      7.691   241.9565 2.8970e+01     4.2592      0.192      0.278    14.7053 0.0000e+00
      0.197      0.001     8.3722     80.367     42.261  33.564362     4.5235      7.693   242.2055 2.8847e+01     4.3617      0.193      0.279    14.7057 0.0000e+00
      0.198      0.001     8.3119     79.872     42.283  33.581947     4.5254      7.694   242.2578 2.8747e+01     4.3533      0.195      0.283    14.7061 0.0000e+00
      0.198      0.001     8.2549     79.385     42.305  33.599245     4.5215      7.694   242.2452 2.8777e+01     4.2604      0.196      0.284    14.7064 0.0000e+00
      0.198      0.001     8.2021     78.905     42.284  33.583181     4.5099      7.695   242.3969 2.8901e+01     4.1942      0.195      0.282    14.7067 0.0000e+00
      0.197      0.000     8.1569     78.433     42.276  33.578056     4.5099      7.697   242.5432 2.8990e+01     4.2362      0.194      0.281    14.7070 0.0000e+00
      0.197 1.1586e-12     8.1028     77.992     42.305  33.600721     4.5302      7.699   242.6375 2.8958e+01     4.3585      0.193      0.280    14.7073 0.0000e+00
      0.198 1.2745e-11     8.0548     77.576     42.308  33.603435     4.5140      7.700   242.7620 2.8841e+01     4.4095      0.195      0.281    14.7079 0.0000e+00
      0.198 1.4019e-10     8.0064     77.169     42.317  33.610875     4.4471      7.702   242.9310 2.8771e+01     4.3395      0.195      0.282    14.7083 0.0000e+00
      0.199 1.5421e-09     7.9563     76.768     42.337  33.627233     4.4045      7.704   243.1310 2.8790e+01     4.2647      0.195      0.283    14.7085 0.0000e+00
      0.199 1.6963e-08     7.9129     76.393     42.316  33.610885     4.4143      7.706   243.2883 2.8830e+01     4.2566      0.195      0.283    14.7088 0.0000e+00
      0.199 1.8660e-07     7.8702     76.035     42.306  33.603550     4.4573      7.707   243.3702 2.8850e+01     4.3441      0.195      0.283    14.7094 0.0000e+00
      0.199 1.8967e-07     7.8303     75.685     42.304  33.601990     4.5005      7.708   243.4326 2.8914e+01     4.4680      0.195      0.283    14.7099 0.0000e+00
      0.198 5.4163e-08     7.7872     75.338     42.291  33.592024     4.5042      7.710   243.5265 2.8959e+01     4.4911      0.194      0.281    14.7103 0.0000e+00
      0.198 4.1104e-07     7.7503     74.962     42.313  33.609943     4.4937      7.711   243.6452 2.8880e+01     4.4526      0.194      0.281    14.7108 0.0000e+00
      0.198      0.000     7.7144     74.577     42.336  33.628313     4.5150      7.711   243.7487 2.8817e+01     4.4124      0.195      0.282    14.7113 0.0000e+00
      0.198      0.000     7.6778     74.227     42.330  33.623794     4.5618      7.712   243.8321 2.8843e+01     4.3799      0.195      0.282    14.7116 0.0000e+00
      0.198      0.001     7.6456     73.899     42.322  33.618755     4.5841      7.714   243.9660 2.8879e+01     4.3342      0.195      0.282    14.7119 0.0000e+00
      0.198      0.001     7.6061     73.586     42.337  33.630827     4.5687      7.715   244.1627 2.8898e+01     4.2347      0.194      0.282    14.7122 0.0000e+00
      0.198      0.001     7.5639     73.287     42.352  33.642873     4.5346      7.715   244.3176 2.8921e+01     4.2018      0.194      0.282    14.7127 0.0000e+00
      0.198      0.000     7.5300     72.965     42.345  33.637512     4.4965      7.716   244.3760 2.8897e+01     4.2774      0.195      0.282    14.7133 0.0000e+00
      0.199 1.8611e-08     7.4973     72.639     42.334  33.629447     4.4732      7.717   244.5243 2.8787e+01     4.3294      0.196      0.284    14.7137 0.0000e+00
      0.199 2.0472e-07     7.4636     72.360     42.308  33.608807     4.4530      7.719   244.7338 2.8809e+01     4.3179      0.196      0.284    14.7139 0.0000e+00
      0.199 2.0444e-07     7.4373     72.099     42.269  33.578297     4.4359      7.721   244.8443 2.8999e+01     4.3093      0.196      0.284    14.7142 0.0000e+00
      0.198 1.5227e-08     7.4034     71.825     42.268  33.577767     4.4492      7.723   244.9146 2.9069e+01     4.3282      0.194      0.282    14.7146 0.0000e+00
      0.198 -3.556e-08     7.3658     71.570     42.299  33.602405     4.4799      7.723   244.8953 2.9125e+01     4.3075      0.194      0.281    14.7151 0.0000e+00
      0.198 -4.097e-07     7.3406     71.339     42.324  33.622420     4.4918      7.724   244.8693 2.9140e+01     4.2636      0.193      0.280    14.7154 0.0000e+00
      0.199      0.000     7.3157     71.101     42.333  33.629425     4.4768      7.725   245.0302 2.8986e+01     4.2416      0.194      0.282    14.7157 0.0000e+00
      0.199      0.000     7.2858     70.869     42.325  33.623667     4.4568      7.726   245.2912 2.8912e+01     4.2465      0.196      0.284    14.7162 0.0000e+00
      0.199     -0.001     7.2588     70.633     42.315  33.616247     4.4578      7.727   245.4443 2.8955e+01     4.3234      0.195      0.283    14.7164 0.0000e+00
      0.198     -0.001     7.2387     70.366     42.298  33.603145     4.4716      7.729   245.5055 2.9019e+01     4.3504      0.194      0.281    14.7165 0.0000e+00
      0.197     -0.001     7.2121     70.096     42.284  33.592139     4.4651      7.731   245.5147 2.9097e+01     4.2661      0.194      0.281    14.7170 0.0000e+00
      0.197     -0.001     7.1889     69.837     42.306  33.610065     4.4213      7.732   245.5552 2.9170e+01     4.2265      0.193      0.280    14.7174 0.0000e+00
      0.197     -0.001     7.1679     69.595     42.331  33.629559     4.3667      7.732   245.6517 2.9210e+01     4.2809      0.193      0.280    14.7178 0.0000e+00
      0.197     -0.000     7.1373     69.360     42.340  33.637509     4.3464      7.733   245.7345 2.9247e+01     4.3432      0.193      0.280    14.7182 0.0000e+00
      0.197      0.001     7.1107     69.131     42.346  33.642735     4.3585      7.734   245.9541 2.9331e+01     4.3316      0.194      0.281    14.7184 0.0000e+00
      0.197      0.002     7.0836     68.920     42.330  33.629307     4.3881      7.734   246.1558 2.9324e+01     4.2773      0.193      0.278    14.7187 0.0000e+00
      0.197      0.002     7.0594     68.713     42.295  33.602039     4.4299      7.734   246.1941 2.9114e+01     4.2670      0.192      0.279    14.7190 0.0000e+00
      0.198      0.003     7.0363     68.533     42.252  33.566818     4.4479      7.734   246.2455 2.8921e+01     4.2760      0.194      0.282    14.7195 0.0000e+00
      0.200      0.003     7.0113     68.675     42.202  33.520668     4.4479      7.736   246.3478 2.8900e+01     4.2833      0.196      0.285    14.7197 0.0000e+00
      0.200      0.003     6.9915     69.980     42.176  33.488150     4.5040      7.738   246.4839 2.8868e+01     4.2862      0.197      0.286    14.7199 0.0000e+00
      0.200      0.003     6.9708     73.463     42.192  33.490852     4.6021      7.738   246.6004 2.8744e+01     4.2426      0.196      0.285    14.7201 0.0000e+00
      0.201      0.003     6.9465     79.287     42.201  33.489875     4.6680      7.738   246.6377 2.8719e+01     4.2349      0.198      0.286    14.7204 0.0000e+00
      0.201      0.006     6.9309     86.577     42.195  33.476333     4.7017      7.739   246.6765 2.8869e+01     4.2952      0.198      0.287    14.7135 0.0000e+00
      0.201      0.011     7.0163     94.286     42.187  33.453993     4.7014      7.741   246.7253 2.8938e+01     4.3233      0.198      0.286    14.6969 0.0000e+00
      0.203      0.016     7.3631    101.521     42.164  33.410077     4.6643      7.743   246.7122 2.8551e+01     4.2677      0.196      0.285    14.6833 0.0000e+00
      0.208      0.019     8.0008    107.431     42.181  33.389417     4.6284      7.743   246.7753 2.7684e+01     4.1695      0.202      0.293    14.6754 0.0000e+00
      0.217      0.021     8.7807    111.519     42.230  33.394497     4.6258      7.744   246.9722 2.6754e+01     4.1603      0.214      0.310    14.6683 0.0000e+00
      0.227      0.021     9.5919    113.674     42.275  33.408009     4.6490      7.745   247.1141 2.6051e+01     4.2586      0.224      0.325    14.6510 0.0000e+00
      0.232      0.020    10.3730    114.083     42.313  33.425870     4.6842      7.746   247.2001 2.5589e+01     4.3331      0.229      0.333    14.6193 0.0000e+00
      0.235      0.017    10.9993    113.288     42.315  33.420105     4.7188      7.747   247.3245 2.5290e+01     4.3103      0.230      0.334    14.5751 0.0000e+00
      0.236      0.013    11.4280    111.896     42.297  33.401755     4.7260      7.747   247.4143 2.5010e+01     4.2218      0.230      0.334    14.5304 0.0000e+00
      0.239      0.011    11.6522    110.351     42.287  33.394324     4.7287      7.748   247.5109 2.4749e+01     4.1848      0.235      0.340    14.5040 0.0000e+00
