Data/DataNotYetUploadedToEDI/Raw_CTD/RawDownloads/103123_bvr50_S7809001.cnv
* Sea-Bird SBE19plus  Data File:
* FileName = C:\R\Reservoirs\Data\DataNotYetUploadedToEDI\Raw_CTD\RawDownloads\103123_bvr50_S7809_0001.hex
* Software version 2.8.0.119
* Temperature SN = 7809
* Conductivity SN = 7809
* System UpLoad Time = Nov 01 2023 16:48:01
* <ApplicationData>
* <Seaterm232>
# nquan = 15
# nvalues = 1822                        
# units = specified
# name 0 = depFM: Depth [fresh water, m]
# name 1 = dz/dtM: Descent Rate [m/s]
# name 2 = sbeox0Mg/L: Oxygen, SBE 43 [mg/l]
# name 3 = sbeox0PS: Oxygen, SBE 43 [% saturation]
# name 4 = specc: Specific Conductance [uS/cm]
# name 5 = c0uS/cm: Conductivity [uS/cm]
# name 6 = flECO-AFL: Fluorescence, WET Labs ECO-AFL/FL [mg/m^3]
# name 7 = ph: pH
# name 8 = orp: Oxidation Reduction Potential [mV]
# name 9 = par/sat/log: PAR/Logarithmic, Satlantic
# name 10 = turbWETntu0: Turbidity, WET Labs ECO [NTU]
# name 11 = prdM: Pressure, Strain Gauge [db]
# name 12 = prdE: Pressure, Strain Gauge [psi]
# name 13 = tv290C: Temperature [ITS-90, deg C]
# name 14 = flag:  0.000e+00
# span 0 =     -0.742,      8.908       
# span 1 =     -0.383,      0.110       
# span 2 =    -0.0403,    10.6332       
# span 3 =     -0.303,    105.357       
# span 4 =      1.891,    315.709       
# span 5 =   1.485227, 227.910899       
# span 6 =    -0.1301,     9.9642       
# span 7 =      5.879,      6.718       
# span 8 =   207.5595,   354.3379       
# span 9 = 1.2371e-01, 1.0371e+02       
# span 10 =    -0.2995,    73.3132      
# span 11 =     -0.728,      8.736      
# span 12 =     -1.055,     12.671      
# span 13 =    10.9826,    15.9807      
# span 14 = 0.0000e+00, 0.0000e+00      
# interval = seconds: 0.25
# start_time = Oct 31 2023 10:34:39 [Instrument's time stamp, header]
# bad_flag = -9.990e-29
*END*
[from data line 1446]
      7.311     -0.047     0.6575      6.587     52.127  39.018451     1.5806      6.608   258.5386 1.2375e-01    44.4007      7.174     10.405    12.3788 0.0000e+00
      7.305     -0.056     0.6565      6.775     51.329  38.429054     1.6200      6.610   258.3889 1.2372e-01    43.8685      7.169     10.397    12.3833 0.0000e+00
      7.289     -0.072     0.6648      7.001     50.904  38.119494     1.6763      6.612   258.2948 1.2372e-01    42.8169      7.150     10.370    12.4008 0.0000e+00
      7.265     -0.092     0.6858      7.243     50.906  38.131314     1.7035      6.612   258.2615 1.2374e-01    42.2059      7.126     10.334    12.4155 0.0000e+00
      7.236     -0.111     0.7026      7.483     50.890  38.127764     1.6900      6.613   258.1590 1.2374e-01    42.0831      7.098     10.294    12.4241 0.0000e+00
      7.204     -0.125     0.7204      7.729     51.065  38.266967     1.6559      6.614   258.0011 1.2380e-01    41.8444      7.067     10.250    12.4303 0.0000e+00
      7.168     -0.132     0.7469      8.010     51.851  38.862512     1.6152      6.614   257.9014 1.2389e-01    41.4721      7.031     10.197    12.4390 0.0000e+00
      7.129     -0.133     0.7725      8.329     52.855  39.616969     1.5967      6.614   257.7272 1.2389e-01    41.2705      6.991     10.139    12.4506 0.0000e+00
      7.092     -0.128     0.7983      8.644     53.407  40.027436     1.5906      6.614   257.1862 1.2384e-01    41.1837      6.954     10.086    12.4583 0.0000e+00
      7.058     -0.120     0.8226      8.941     53.571  40.144558     1.5496      6.614   256.6946 1.2381e-01    40.4227      6.919     10.036    12.4653 0.0000e+00
      7.030     -0.111     0.8513      9.201     53.241  39.890705     1.4925      6.614   256.8600 1.2381e-01    39.1061      6.891      9.995    12.4745 0.0000e+00
      7.006     -0.106     0.8891      9.376     52.128  39.052394     1.4743      6.613   257.3790 1.2387e-01    38.4503      6.871      9.965    12.4765 0.0000e+00
      6.985     -0.105     0.9218      9.445     51.063  38.258724     1.4883      6.612   257.8068 1.2396e-01    38.4029      6.852      9.937    12.4716 0.0000e+00
      6.962     -0.110     0.9540      9.418     50.753  38.036810     1.4864      6.612   258.0746 1.2396e-01    38.3621      6.829      9.905    12.4665 0.0000e+00
      6.934     -0.117     0.9852      9.334     50.630  37.955778     1.4189      6.612   258.2079 1.2391e-01    38.1272      6.801      9.865    12.4589 0.0000e+00
      6.901     -0.126     1.0037      9.239     50.053  37.532823     1.3295      6.612   258.2145 1.2388e-01    37.7159      6.769      9.817    12.4525 0.0000e+00
      6.865     -0.132     1.0114      9.166     49.312  36.984153     1.3035      6.612   258.1547 1.2390e-01    37.4876      6.732      9.765    12.4572 0.0000e+00
      6.827     -0.132     1.0063      9.140     48.943  36.715661     1.3135      6.612   258.2588 1.2389e-01    37.4171      6.695      9.711    12.4691 0.0000e+00
      6.790     -0.126     0.9948      9.172     48.737  36.570928     1.3337      6.612   258.4407 1.2385e-01    37.1364      6.659      9.658    12.4815 0.0000e+00
      6.755     -0.120     0.9839      9.280     48.211  36.186016     1.3651      6.611   258.3748 1.2384e-01    36.6899      6.621      9.603    12.4913 0.0000e+00
      6.725     -0.117     0.9744      9.472     47.271  35.488180     1.3841      6.610   258.1510 1.2382e-01    36.4932      6.591      9.560    12.4972 0.0000e+00
      6.705     -0.119     0.9718      9.712     46.169  34.668953     1.3973      6.611   257.9714 1.2378e-01    36.5338      6.576      9.537    12.5049 0.0000e+00
      6.684     -0.128     0.9742      9.962     45.546  34.211963     1.3838      6.612   257.8380 1.2379e-01    36.7372      6.559      9.513    12.5162 0.0000e+00
      6.654     -0.142     0.9841     10.217     45.704  34.340672     1.3290      6.613   257.8285 1.2385e-01    37.1085      6.531      9.472    12.5260 0.0000e+00
      6.613     -0.157     1.0069     10.479     46.092  34.639021     1.2918      6.614   257.8569 1.2384e-01    37.3335      6.488      9.410    12.5338 0.0000e+00
      6.563     -0.167     1.0340     10.752     46.268  34.773830     1.2923      6.614   257.8373 1.2380e-01    37.2383      6.437      9.337    12.5418 0.0000e+00
      6.509     -0.167     1.0598     11.035     46.172  34.701675     1.2684      6.615   257.8495 1.2379e-01    35.4788      6.383      9.258    12.5540 0.0000e+00
      6.458     -0.155     1.0867     11.309     45.769  34.401092     1.2107      6.616   257.8322 1.2376e-01    32.2162      6.330      9.182    12.5678 0.0000e+00
      6.417     -0.136     1.1141     11.539     44.884  33.740845     1.1781      6.616   257.8006 1.2379e-01    30.4472      6.288      9.121    12.5743 0.0000e+00
      6.389     -0.111     1.1431     11.709     43.800  32.936317     1.1731      6.616   257.8120 1.2384e-01    30.2472      6.262      9.082    12.5760 0.0000e+00
      6.370     -0.084     1.1737     11.833     43.005  32.350359     1.2001      6.616   257.7978 1.2383e-01    30.1058      6.246      9.060    12.5756 0.0000e+00
      6.355     -0.059     1.2045     11.928     42.419  31.921787     1.2547      6.614   257.6280 1.2386e-01    29.9328      6.232      9.039    12.5765 0.0000e+00
      6.340     -0.039     1.2299     11.997     42.093  31.687773     1.2759      6.612   257.5662 1.2394e-01    29.8299      6.216      9.015    12.5819 0.0000e+00
      6.331     -0.028     1.2467     12.081     42.063  31.677883     1.2733      6.612   257.9971 1.2396e-01    29.9203      6.203      8.998    12.5937 0.0000e+00
      6.331     -0.028     1.2580     12.220     42.213  31.802216     1.2733      6.613   258.2777 1.2388e-01    30.7518      6.207      9.003    12.6096 0.0000e+00
      6.336     -0.040     1.2694     12.416     42.448  31.985747     1.2590      6.614   257.9472 1.2380e-01    32.1639      6.217      9.017    12.6231 0.0000e+00
      6.333     -0.063     1.2738     12.701     42.629  32.120662     1.2334      6.615   257.7011 1.2383e-01    32.8863      6.214      9.012    12.6374 0.0000e+00
      6.320     -0.093     1.2797     13.059     42.780  32.228112     1.2137      6.615   257.7973 1.2387e-01    32.9272      6.203      8.996    12.6524 0.0000e+00
      6.292     -0.123     1.2962     13.405     42.928  32.333303     1.2121      6.615   257.9923 1.2384e-01    32.9314      6.178      8.961    12.6676 0.0000e+00
      6.245     -0.143     1.3136     13.700     42.823  32.250592     1.2222      6.616   258.1651 1.2386e-01    32.6643      6.128      8.888    12.6777 0.0000e+00
      6.188     -0.148     1.3439     13.926     42.309  31.862440     1.2358      6.616   258.3380 1.2390e-01    32.1224      6.066      8.797    12.6737 0.0000e+00
      6.138     -0.141     1.3881     14.060     41.837  31.509990     1.2435      6.615   258.5347 1.2388e-01    31.7769      6.013      8.720    12.6640 0.0000e+00
      6.103     -0.130     1.4250     14.095     41.787  31.478294     1.2322      6.615   258.5645 1.2387e-01    31.6639      5.978      8.671    12.6570 0.0000e+00
      6.083     -0.120     1.4567     14.040     41.866  31.542659     1.2248      6.614   258.4397 1.2388e-01    31.5765      5.962      8.648    12.6519 0.0000e+00
      6.071     -0.118     1.4824     13.938     41.843  31.526985     1.2368      6.614   258.3168 1.2384e-01    31.4719      5.955      8.638    12.6496 0.0000e+00
      6.051     -0.128     1.4964     13.842     41.864  31.542534     1.2361      6.616   258.2829 1.2377e-01    31.3893      5.940      8.616    12.6538 0.0000e+00
      6.016     -0.148     1.5002     13.807     41.945  31.603786     1.2242      6.619   258.2877 1.2377e-01    31.2949      5.905      8.564    12.6629 0.0000e+00
      5.967     -0.168     1.4915     13.847     42.068  31.696638     1.2102      6.621   258.2890 1.2383e-01    31.0480      5.853      8.490    12.6693 0.0000e+00
      5.913     -0.180     1.4793     13.921     42.175  31.777056     1.1915      6.622   258.3842 1.2382e-01    30.7609      5.798      8.410    12.6707 0.0000e+00
      5.858     -0.182     1.4663     14.011     42.060  31.687967     1.1886      6.621   258.4928 1.2377e-01    30.6590      5.745      8.333    12.6700 0.0000e+00
      5.806     -0.174     1.4616     14.120     41.822  31.507620     1.1834      6.621   258.4839 1.2376e-01    30.6353      5.691      8.254    12.6696 0.0000e+00
      5.762     -0.160     1.4695     14.243     41.557  31.309330     1.1787      6.622   258.4481 1.2380e-01    30.6458      5.646      8.188    12.6707 0.0000e+00
      5.730     -0.143     1.4770     14.355     41.147  31.003266     1.1983      6.624   258.5761 1.2384e-01    30.7519      5.619      8.149    12.6697 0.0000e+00
      5.700     -0.128     1.4864     14.416     40.770  30.725120     1.2208      6.625   258.7418 1.2386e-01    30.8248      5.593      8.112    12.6657 0.0000e+00
      5.668     -0.119     1.4981     14.406     40.607  30.610613     1.2358      6.627   258.6442 1.2388e-01    30.8436      5.557      8.060    12.6645 0.0000e+00
      5.638     -0.119     1.5118     14.366     40.457  30.506889     1.2375      6.628   258.4290 1.2388e-01    30.8428      5.525      8.013    12.6665 0.0000e+00
      5.614     -0.126     1.5259     14.403     40.252  30.359094     1.2406      6.629   258.3763 1.2383e-01    30.7811      5.506      7.986    12.6697 0.0000e+00
      5.589     -0.135     1.5324     14.538     40.230  30.346088     1.2734      6.630   258.4374 1.2381e-01    30.6783      5.487      7.957    12.6767 0.0000e+00
      5.553     -0.142     1.5313     14.729     40.400  30.476505     1.3014      6.632   258.4791 1.2384e-01    30.5905      5.449      7.904    12.6887 0.0000e+00
      5.507     -0.146     1.5194     14.999     40.484  30.540400     1.3042      6.633   258.5369 1.2384e-01    30.5389      5.400      7.833    12.7016 0.0000e+00
      5.460     -0.149     1.5223     15.329     40.243  30.357416     1.2997      6.633   258.7058 1.2383e-01    30.4303      5.353      7.763    12.7093 0.0000e+00
      5.419     -0.149     1.5418     15.647     39.738  29.976785     1.2883      6.634   258.8868 1.2384e-01    30.2342      5.310      7.703    12.7130 0.0000e+00
      5.387     -0.149     1.5574     15.920     39.171  29.553952     1.2904      6.636   258.9182 1.2384e-01    30.1487      5.281      7.659    12.7164 0.0000e+00
      5.357     -0.152     1.5873     16.121     38.658  29.177793     1.3089      6.636   258.9128 1.2385e-01    30.1139      5.255      7.622    12.7168 0.0000e+00
      5.324     -0.161     1.6270     16.239     38.458  29.044279     1.2706      6.637   258.9942 1.2385e-01    29.6431      5.224      7.577    12.7135 0.0000e+00
      5.284     -0.175     1.6605     16.328     38.653  29.208288     1.1696      6.639   259.1275 1.2385e-01    28.8279      5.185      7.520    12.7126 0.0000e+00
      5.234     -0.188     1.6904     16.476     38.874  29.384768     1.1105      6.640   259.2344 1.2388e-01    28.4223      5.136      7.450    12.7180 0.0000e+00
      5.177     -0.196     1.7127     16.783     38.895  29.402033     1.1218      6.640   259.0827 1.2394e-01    28.3941      5.077      7.364    12.7329 0.0000e+00
      5.118     -0.196     1.7213     17.328     38.834  29.353622     1.1398      6.640   258.7557 1.2392e-01    27.6671      5.016      7.275    12.7581 0.0000e+00
      5.063     -0.190     1.7268     18.111     38.689  29.243449     1.1284      6.640   258.5507 1.2388e-01    26.2245      4.962      7.197    12.7837 0.0000e+00
      5.018     -0.178     1.7376     19.012     38.478  29.084833     1.1176      6.640   258.4965 1.2389e-01    25.4360      4.918      7.135    12.7964 0.0000e+00
      4.977     -0.161     1.7670     19.860     38.306  28.958143     1.1254      6.640   258.5298 1.2387e-01    25.4089      4.882      7.080    12.7936 0.0000e+00
      4.938     -0.146     1.8245     20.555     38.161  28.853401     1.1389      6.639   258.5229 1.2382e-01    25.2821      4.842      7.023    12.7894 0.0000e+00
      4.902     -0.138     1.9116     21.055     38.043  28.769856     1.1475      6.639   258.4998 1.2378e-01    24.8941      4.804      6.968    12.7890 0.0000e+00
      4.872     -0.138     2.0162     21.341     37.956  28.709171     1.1470      6.639   258.5085 1.2381e-01    24.6107      4.776      6.927    12.7901 0.0000e+00
      4.845     -0.143     2.1077     21.452     37.924  28.690533     1.1579      6.639   258.5420 1.2390e-01    24.6229      4.754      6.895    12.7943 0.0000e+00
      4.813     -0.148     2.1826     21.473     37.891  28.671366     1.1710      6.640   258.6468 1.2391e-01    24.6662      4.725      6.853    12.8016 0.0000e+00
      4.770     -0.152     2.2363     21.508     37.795  28.604290     1.1808      6.641   258.8288 1.2388e-01    24.4169      4.680      6.787    12.8101 0.0000e+00
      4.720     -0.155     2.2642     21.650     37.665  28.513824     1.2014      6.641   258.9362 1.2390e-01    24.0330      4.628      6.711    12.8158 0.0000e+00
      4.675     -0.159     2.2726     21.954     37.505  28.402128     1.2119      6.642   258.8271 1.2387e-01    23.8854      4.581      6.642    12.8229 0.0000e+00
      4.638     -0.162     2.2702     22.423     37.316  28.268647     1.2168      6.643   258.7141 1.2380e-01    23.8623      4.545      6.593    12.8312 0.0000e+00
      4.606     -0.167     2.2697     23.008     37.088  28.105058     1.2270      6.643   258.6890 1.2384e-01    23.4807      4.519      6.554    12.8377 0.0000e+00
      4.569     -0.175     2.2824     23.653     36.951  28.009886     1.2262      6.644   258.6948 1.2390e-01    22.7552      4.485      6.505    12.8486 0.0000e+00
      4.524     -0.185     2.3138     24.379     37.021  28.069347     1.2162      6.644   258.6987 1.2388e-01    22.3320      4.439      6.438    12.8617 0.0000e+00
      4.469     -0.192     2.3643     25.202     37.092  28.126306     1.2134      6.643   258.7358 1.2386e-01    22.2573      4.384      6.358    12.8752 0.0000e+00
      4.410     -0.192     2.4295     26.077     37.008  28.064310     1.2259      6.643   258.8851 1.2382e-01    22.0918      4.325      6.272    12.8874 0.0000e+00
      4.353     -0.182     2.4944     26.937     36.856  27.954035     1.2432      6.644   258.9555 1.2379e-01    21.7997      4.266      6.187    12.8980 0.0000e+00
      4.303     -0.167     2.5690     27.715     36.739  27.871241     1.2474      6.644   258.8128 1.2382e-01    21.6296      4.213      6.112    12.9091 0.0000e+00
      4.267     -0.148     2.6588     28.362     36.671  27.824391     1.2353      6.644   258.6226 1.2379e-01    21.6066      4.180      6.062    12.9118 0.0000e+00
      4.240     -0.127     2.7531     28.866     36.592  27.768133     1.2132      6.644   258.6350 1.2376e-01    21.7597      4.160      6.034    12.9111 0.0000e+00
      4.214     -0.104     2.8464     29.252     36.495  27.698451     1.1876      6.644   258.8756 1.2380e-01    22.0802      4.134      5.995    12.9190 0.0000e+00
      4.184     -0.084     2.9298     29.576     36.378  27.616129     1.1756      6.642   259.2090 1.2382e-01    22.2377      4.103      5.950    12.9292 0.0000e+00
      4.159     -0.067     2.9978     29.890     36.172  27.470484     1.1767      6.640   259.3967 1.2381e-01    22.2285      4.076      5.912    12.9358 0.0000e+00
      4.144     -0.052     3.0501     30.211     35.969  27.332836     1.2016      6.639   259.3379 1.2381e-01    22.4130      4.059      5.889    12.9394 0.0000e+00
      4.139     -0.037     3.0882     30.554     35.879  27.283784     1.2515      6.637   259.3589 1.2386e-01    22.7948      4.058      5.886    12.9441 0.0000e+00
      4.138     -0.022     3.1192     30.969     35.826  27.257973     1.2728      6.632   259.5646 1.2392e-01    22.9852      4.060      5.888    12.9520 0.0000e+00
