Data/DataNotYetUploadedToEDI/Raw_CTD/RawDownloads/103123_fcr50_S8188002.cnv
* Sea-Bird SBE19plus  Data File:
* FileName = C:\R\Reservoirs\Data\DataNotYetUploadedToEDI\Raw_CTD\RawDownloads\103123_bvr50_S8188_0002.hex
* Software version 2.8.0.119
* Temperature SN = 8188
* Conductivity SN = 8188
* System UpLoad Time = Nov 01 2023 16:39:18
* <ApplicationData>
* <Seaterm232>
# nquan = 16
# nvalues = 2033                        
# units = specified
# name 0 = depFM: Depth [fresh water, m]
# name 1 = dz/dtM: Descent Rate [m/s]
# name 2 = sbeox0Mg/L: Oxygen, SBE 43 [mg/l]
# name 3 = sbeox0PS: Oxygen, SBE 43 [% saturation]
# name 4 = specc: Specific Conductance [uS/cm]
# name 5 = c0uS/cm: Conductivity [uS/cm]
# name 6 = wetCDOM: Fluorescence, WET Labs CDOM [mg/m^3]
# name 7 = flECO-AFL: Fluorescence, WET Labs ECO-AFL/FL [mg/m^3]
# name 8 = flECO-AFL1: Fluorescence, WET Labs ECO-AFL/FL, 2 [mg/m^3]
# name 9 = flECO-AFL2: Fluorescence, WET Labs ECO-AFL/FL, 3 [mg/m^3]
# name 10 = par/sat/log: PAR/Logarithmic, Satlantic
# name 11 = turbWETntu0: Turbidity, WET Labs ECO [NTU]
# name 12 = prdM: Pressure, Strain Gauge [db]
# name 13 = prdE: Pressure, Strain Gauge [psi]
# name 14 = tv290C: Temperature [ITS-90, deg C]
# name 15 = flag:  0.000e+00
# span 0 =     -0.680,      9.318       
# span 1 =     -0.249,      0.119       
# span 2 =     1.5372,    11.9422       
# span 3 =     14.590,    119.282       
# span 4 =      1.512,    410.384       
# span 5 =   0.968000, 310.995652       
# span 6 =    -4.5000,     4.1400       
# span 7 =    -0.1422,    19.4847       
# span 8 =    -2.1300,     0.7242       
# span 9 =    -2.0304,     3.6801       
# span 10 = 1.1585e-01, 1.7468e+02      
# span 11 =    -0.4534,   215.0336      
# span 12 =     -0.667,      9.138      
# span 13 =     -0.967,     13.253      
# span 14 =     7.0168,    15.4672      
# span 15 = 0.0000e+00, 0.0000e+00      
# interval = seconds: 0.25
# start_time = Oct 31 2023 13:47:08 [Instrument's time stamp, header]
# bad_flag = -9.990e-29
*END*
[from data line 181]
      0.434      0.053     7.1328     70.703     44.831  36.269640     3.6900    15.6280     0.1278     3.3840 2.3898e+01     4.2660      0.426      0.617    15.4491 0.0000e+00
      0.448      0.049     7.1099     70.572     44.846  36.280562     3.7800    15.6509     0.1278     3.4263 2.2921e+01     4.4464      0.439      0.637    15.4502 0.0000e+00
      0.461      0.045     7.0910     70.455     44.851  36.282846     3.7800    15.5975     0.1278     3.4263 2.1894e+01     4.4915      0.452      0.655    15.4500 0.0000e+00
      0.472      0.039     7.0748     70.352     44.847  36.279081     3.7800    16.7610     0.1278     3.4263 2.1220e+01     3.9804      0.462      0.671    15.4490 0.0000e+00
      0.481      0.034     7.0604     70.268     44.843  36.276187     3.7800    16.7991     0.1278     3.4263 2.1475e+01     4.0406      0.471      0.684    15.4477 0.0000e+00
      0.488      0.028     7.0476     70.202     44.835  36.269430     3.7800    16.7572     0.1278     3.4263 2.0849e+01     3.9203      0.479      0.695    15.4461 0.0000e+00
      0.495      0.023     7.0361     70.157     44.823  36.258989     3.6900    16.7419     0.1704     3.3417 2.0348e+01     3.9804      0.485      0.703    15.4447 0.0000e+00
      0.500      0.019     7.0260     70.130     44.819  36.253964     3.6900    16.3108     0.1704     3.3417 2.0339e+01     3.9354      0.490      0.711    15.4439 0.0000e+00
      0.504      0.015     7.0175     70.112     44.826  36.256976     3.6900    16.2841     0.1704     3.3417 1.9898e+01     4.0105      0.494      0.716    15.4439 0.0000e+00
      0.507      0.012     7.0110     70.099     44.835  36.260906     3.6900    16.3032     0.1704     3.3417 2.0406e+01     3.9955      0.497      0.721    15.4439 0.0000e+00
      0.509      0.010     7.0066     70.086     44.841  36.262839     3.6900    16.2765     0.1278     3.3417 1.9411e+01     3.8452      0.499      0.724    15.4431 0.0000e+00
      0.511      0.008     7.0041     70.071     44.847  36.265272     3.6900    14.8879     0.1278     3.3417 2.0176e+01     3.5897      0.501      0.727    15.4412 0.0000e+00
      0.513      0.006     7.0028     70.054     44.851  36.266874     3.6900    14.8765     0.1278     3.3417 1.9281e+01     3.7550      0.503      0.730    15.4381 0.0000e+00
      0.514      0.005     7.0020     70.042     44.856  36.270050     3.6900    14.9032     0.1278     3.3417 1.9898e+01     3.7700      0.504      0.731    15.4343 0.0000e+00
      0.515      0.004     7.0013     70.039     44.862  36.275650     3.6000    14.8879     0.1278     3.2571 1.9310e+01     3.6498      0.505      0.733    15.4309 0.0000e+00
      0.516      0.003     7.0001     70.044     44.861  36.277243     3.6000    16.6618     0.1278     3.2571 1.9297e+01     3.9804      0.506      0.734    15.4282 0.0000e+00
      0.517      0.003     6.9987     70.049     44.858  36.277235     3.6000    16.6465     0.1278     3.2571 1.9114e+01     3.9955      0.507      0.735    15.4265 0.0000e+00
      0.518      0.002     6.9976     70.053     44.860  36.281567     3.6000    16.6542     0.1278     3.2571 1.8854e+01     3.9504      0.508      0.736    15.4258 0.0000e+00
      0.518      0.002     6.9973     70.053     44.862  36.285450     3.6000    16.6771     0.1278     3.2571 1.9415e+01     3.9203      0.508      0.736    15.4265 0.0000e+00
      0.518      0.002     6.9973     70.048     44.859  36.283980     3.6000    15.7463     0.1278     3.4263 1.9006e+01     3.9654      0.508      0.737    15.4288 0.0000e+00
      0.519      0.003     6.9974     70.042     44.853  36.280725     3.6000    15.7386     0.1278     3.4263 1.9318e+01     4.0406      0.509      0.737    15.4320 0.0000e+00
      0.519      0.003     6.9973     70.039     44.848  36.278778     3.6000    15.7463     0.1278     3.4263 1.8634e+01     3.9053      0.509      0.739    15.4349 0.0000e+00
      0.521      0.003     6.9970     70.042     44.844  36.277621     3.6000    15.7653     0.1278     3.4263 1.8977e+01     3.9955      0.510      0.740    15.4370 0.0000e+00
      0.522      0.003     6.9963     70.057     44.842  36.276945     3.6900    16.1697     0.1278     3.3840 1.8638e+01     3.9504      0.512      0.742    15.4387 0.0000e+00
      0.523      0.003     6.9955     70.080     44.836  36.272608     3.6900    16.1773     0.1278     3.3840 1.8557e+01     3.8903      0.513      0.743    15.4405 0.0000e+00
      0.524      0.003     6.9948     70.102     44.825  36.263454     3.6900    16.1583     0.1278     3.3840 1.8373e+01     3.9203      0.513      0.745    15.4427 0.0000e+00
      0.524      0.002     6.9948     70.121     44.818  36.256946     3.6900    16.1697     0.1278     3.3840 1.7853e+01     3.9654      0.514      0.745    15.4450 0.0000e+00
      0.524      0.002     6.9960     70.137     44.822  36.259270     3.6900    16.1125     0.1704     3.4686 1.8441e+01     3.6648      0.514      0.746    15.4466 0.0000e+00
      0.524      0.001     6.9982     70.146     44.834  36.267084     3.6900    16.1277     0.1704     3.4686 1.8091e+01     3.7700      0.514      0.746    15.4473 0.0000e+00
      0.525      0.001     7.0005     70.142     44.840  36.270588     3.6900    16.1277     0.1704     3.4686 1.8481e+01     3.8151      0.514      0.746    15.4468 0.0000e+00
      0.525      0.001     7.0025     70.123     44.841  36.268737     3.6900    16.1125     0.1704     3.4686 1.7946e+01     3.6798      0.515      0.747    15.4457 0.0000e+00
      0.526      0.001     7.0044     70.093     44.846  36.268958     3.6900    15.5059     0.1278     3.5109 1.8221e+01     3.9804      0.516      0.748    15.4444 0.0000e+00
      0.526      0.001     7.0056     70.064     44.858  36.275273     3.6900    15.5174     0.1278     3.5109 1.8405e+01     3.8602      0.516      0.748    15.4428 0.0000e+00
      0.526      0.001     7.0054     70.040     44.875  36.285404     3.6900    15.5403     0.1278     3.5109 1.8569e+01     3.9804      0.516      0.748    15.4407 0.0000e+00
      0.526      0.000     7.0040     70.018     44.884  36.290168     3.6900    15.5136     0.1278     3.5109 1.8598e+01     3.9053      0.516      0.748    15.4375 0.0000e+00
      0.526      0.000     7.0017     69.995     44.878  36.282914     3.6900    15.5059     0.1278     3.5109 1.8445e+01     3.9804      0.516      0.748    15.4335 0.0000e+00
      0.526      0.000     6.9993     69.969     44.864  36.269629     3.6000    15.5136     0.1278     3.3840 1.8309e+01     3.9804      0.516      0.748    15.4294 0.0000e+00
      0.526      0.000     6.9974     69.943     44.852  36.258654     3.6000    15.5212     0.1278     3.3840 1.8365e+01     3.9804      0.516      0.748    15.4260 0.0000e+00
      0.526     -0.001     6.9957     69.929     44.845  36.253004     3.6000    15.5212     0.1278     3.3840 1.8182e+01     3.8602      0.516      0.748    15.4233 0.0000e+00
      0.525     -0.001     6.9937     69.933     44.844  36.253153     3.6000    16.3910     0.1278     3.3840 1.7978e+01     4.0105      0.515      0.748    15.4207 0.0000e+00
      0.525     -0.001     6.9914     69.954     44.847  36.257160     3.6000    16.4253     0.1278     3.3840 1.7880e+01     3.9354      0.515      0.748    15.4185 0.0000e+00
      0.525     -0.001     6.9891     69.990     44.853  36.264113     3.6000    16.4138     0.1278     3.3840 1.7950e+01     3.9203      0.515      0.747    15.4171 0.0000e+00
      0.525     -0.001     6.9878     70.041     44.860  36.271906     3.6000    16.3910     0.1278     3.3840 1.7911e+01     3.8903      0.515      0.747    15.4170 0.0000e+00
      0.525     -0.001     6.9880     70.107     44.861  36.274695     3.6000    16.0095     0.1278     3.3840 1.8139e+01     3.9654      0.515      0.746    15.4179 0.0000e+00
      0.524     -0.002     6.9898     70.183     44.857  36.273222     3.6000    15.9980     0.1278     3.5955 1.8095e+01     3.9504      0.514      0.746    15.4195 0.0000e+00
      0.524     -0.002     6.9931     70.253     44.854  36.271057     3.6000    15.9942     0.1278     3.5955 1.8361e+01     3.9203      0.514      0.745    15.4217 0.0000e+00
      0.524     -0.002     6.9979     70.306     44.850  36.267623     3.6000    15.9904     0.1278     3.5955 1.8305e+01     3.9804      0.513      0.744    15.4241 0.0000e+00
      0.523     -0.002     7.0041     70.337     44.848  36.265963     3.6000    16.2574     0.1278     3.5955 1.8505e+01     3.8151      0.513      0.744    15.4264 0.0000e+00
      0.523     -0.002     7.0115     70.349     44.848  36.265637     3.5100    16.2384     0.1278     3.3417 1.8473e+01     3.7249      0.513      0.743    15.4280 0.0000e+00
      0.522     -0.001     7.0184     70.347     44.847  36.264576     3.5100    16.2345     0.1278     3.3417 1.8473e+01     3.7550      0.512      0.743    15.4286 0.0000e+00
      0.522     -0.001     7.0237     70.334     44.848  36.264478     3.5100    16.2612     0.1278     3.3417 1.8477e+01     3.8301      0.512      0.742    15.4283 0.0000e+00
      0.522     -0.001     7.0269     70.311     44.846  36.263336     3.5100    16.1621     0.1278     3.3417 1.8333e+01     3.9354      0.512      0.742    15.4277 0.0000e+00
      0.521     -0.001     7.0281     70.287     44.846  36.262827     3.5100    16.1697     0.1278     3.3417 1.8241e+01     3.9504      0.511      0.741    15.4273 0.0000e+00
      0.521     -0.000     7.0280     70.273     44.850  36.266775     3.6000    16.1621     0.1278     3.3417 1.8068e+01     3.8903      0.511      0.741    15.4270 0.0000e+00
      0.521     -0.000     7.0267     70.273     44.856  36.272272     3.6000    16.1888     0.1278     3.3417 1.8123e+01     3.9955      0.511      0.741    15.4268 0.0000e+00
      0.521     -0.000     7.0244     70.288     44.855  36.272863     3.6000    17.5239     0.1278     3.3417 1.8036e+01     3.9804      0.511      0.741    15.4268 0.0000e+00
      0.521      0.000     7.0220     70.313     44.848  36.268704     3.6000    17.5049     0.1278     3.3417 1.8225e+01     3.9203      0.511      0.741    15.4269 0.0000e+00
      0.522      0.000     7.0206     70.341     44.844  36.266608     3.6900    17.5239     0.1278     3.3840 1.8241e+01     3.9354      0.511      0.742    15.4273 0.0000e+00
      0.522      0.001     7.0205     70.367     44.845  36.269980     3.6900    17.4972     0.1278     3.3840 1.8293e+01     3.9203      0.511      0.742    15.4281 0.0000e+00
      0.522      0.001     7.0217     70.386     44.850  36.275755     3.6900    17.1539     0.1278     3.3840 1.8325e+01     3.9804      0.511      0.742    15.4294 0.0000e+00
      0.522      0.001     7.0240     70.390     44.854  36.281514     3.6900    17.1196     0.1278     3.3840 1.8521e+01     3.9504      0.512      0.742    15.4310 0.0000e+00
      0.522      0.001     7.0264     70.379     44.859  36.288792     3.6000    17.1463     0.0852     3.2994 1.8557e+01     3.9354      0.512      0.743    15.4330 0.0000e+00
      0.522      0.001     7.0287     70.361     44.859  36.291607     3.6000    17.1234     0.0852     3.2994 1.8622e+01     3.9203      0.512      0.743    15.4351 0.0000e+00
      0.523      0.001     7.0303     70.338     44.850  36.286749     3.6000    16.1163     0.0852     3.2994 1.8425e+01     3.9053      0.512      0.743    15.4376 0.0000e+00
      0.523      0.000     7.0302     70.311     44.846  36.284806     3.6000    16.1315     0.0852     3.2994 1.8397e+01     3.9654      0.512      0.743    15.4405 0.0000e+00
      0.523      0.000     7.0287     70.278     44.851  36.289221     3.6000    16.1125     0.1278     3.3417 1.8233e+01     3.9504      0.513      0.743    15.4438 0.0000e+00
      0.523      0.000     7.0264     70.248     44.855  36.293251     3.6000    16.1125     0.1278     3.3417 1.8297e+01     3.9955      0.513      0.743    15.4470 0.0000e+00
      0.523      0.000     7.0237     70.226     44.856  36.294007     3.6000    17.3065     0.1278     3.3417 1.8206e+01     3.8903      0.512      0.743    15.4496 0.0000e+00
      0.522      0.000     7.0207     70.215     44.854  36.291691     3.6000    17.3256     0.1278     3.3417 1.8425e+01     3.9203      0.512      0.743    15.4513 0.0000e+00
      0.522      0.001     7.0173     70.214     44.848  36.285687     3.6000    17.2989     0.1278     3.3417 1.8509e+01     3.9654      0.512      0.743    15.4521 0.0000e+00
      0.523      0.001     7.0142     70.223     44.840  36.278353     3.6900    17.3256     0.1278     3.3417 1.8569e+01     3.9504      0.512      0.743    15.4523 0.0000e+00
      0.523      0.002     7.0121     70.243     44.836  36.275657     3.6900    17.8024     0.1278     3.3417 1.8553e+01     3.9955      0.513      0.744    15.4520 0.0000e+00
      0.524      0.002     7.0112     70.272     44.842  36.280841     3.6900    17.8024     0.1278     3.3417 1.8792e+01     3.8903      0.513      0.745    15.4513 0.0000e+00
      0.524      0.002     7.0112     70.302     44.850  36.287365     3.6900    17.8367     0.1278     3.3417 1.8679e+01     3.9354      0.514      0.745    15.4503 0.0000e+00
      0.525      0.002     7.0122     70.326     44.852  36.289046     3.6900    17.8367     0.1278     3.2994 1.8662e+01     3.9203      0.515      0.746    15.4496 0.0000e+00
      0.526      0.002     7.0142     70.339     44.848  36.286332     3.6900    17.4133     0.1278     3.2994 1.8505e+01     3.9354      0.515      0.747    15.4495 0.0000e+00
      0.526      0.001     7.0170     70.348     44.839  36.278499     3.6900    17.4400     0.1278     3.2994 1.8577e+01     3.8903      0.516      0.748    15.4499 0.0000e+00
      0.526      0.001     7.0200     70.358     44.831  36.271382     3.6900    17.4248     0.1278     3.2994 1.8397e+01     3.9203      0.516      0.748    15.4503 0.0000e+00
      0.526      0.000     7.0223     70.368     44.832  36.271005     3.6000    17.4629     0.1278     3.2571 1.8449e+01     4.0105      0.516      0.749    15.4506 0.0000e+00
      0.526     -0.001     7.0236     70.380     44.840  36.277268     3.6000    16.2956     0.1278     3.2571 1.8309e+01     4.0105      0.516      0.748    15.4507 0.0000e+00
      0.526     -0.002     7.0245     70.395     44.849  36.283917     3.6000    16.2918     0.1278     3.2571 1.8553e+01     3.8151      0.516      0.748    15.4503 0.0000e+00
      0.525     -0.002     7.0256     70.413     44.847  36.280842     3.6000    16.3032     0.1278     3.2571 1.8473e+01     3.8903      0.515      0.747    15.4496 0.0000e+00
      0.525     -0.003     7.0268     70.429     44.839  36.271186     3.6000    16.2956     0.1278     3.2571 1.8650e+01     4.0406      0.514      0.746    15.4488 0.0000e+00
      0.524     -0.003     7.0281     70.441     44.835  36.264255     3.6000    16.7076     0.1278     3.2571 1.8670e+01     3.7550      0.514      0.745    15.4481 0.0000e+00
      0.523     -0.002     7.0297     70.442     44.838  36.262164     3.6000    16.7038     0.1278     3.2571 1.9122e+01     3.7099      0.513      0.744    15.4472 0.0000e+00
      0.522     -0.002     7.0317     70.436     44.846  36.264354     3.6000    16.7266     0.1278     3.2571 1.9302e+01     3.7550      0.512      0.743    15.4457 0.0000e+00
      0.522     -0.001     7.0338     70.420     44.859  36.271408     3.6000    16.7114     0.1278     3.2571 1.9495e+01     3.7249      0.512      0.742    15.4429 0.0000e+00
      0.521     -0.001     7.0356     70.394     44.869  36.277285     3.6000    17.8787     0.1278     3.2994 1.9428e+01     4.0706      0.511      0.741    15.4384 0.0000e+00
      0.521     -0.000     7.0366     70.364     44.871  36.277612     3.6000    17.8787     0.1278     3.2994 1.9272e+01     3.8903      0.511      0.741    15.4330 0.0000e+00
      0.521      0.000     7.0367     70.334     44.873  36.278416     3.6000    17.8787     0.1278     3.2994 1.9218e+01     3.9354      0.511      0.742    15.4281 0.0000e+00
