Data/DataNotYetUploadedToEDI/Raw_CTD/RawDownloads/103123_bvr50_S7809001.cnv
* Sea-Bird SBE19plus  Data File:
* FileName = C:\R\Reservoirs\Data\DataNotYetUploadedToEDI\Raw_CTD\RawDownloads\103123_bvr50_S7809_0001.hex
* Software version 2.8.0.119
* Temperature SN = 7809
* Conductivity SN = 7809
* System UpLoad Time = Nov 01 2023 16:48:01
* <ApplicationData>
* <Seaterm232>
# nquan = 15
# nvalues = 1822                        
# units = specified
# name 0 = depFM: Depth [fresh water, m]
# name 1 = dz/dtM: Descent Rate [m/s]
# name 2 = sbeox0Mg/L: Oxygen, SBE 43 [mg/l]
# name 3 = sbeox0PS: Oxygen, SBE 43 [% saturation]
# name 4 = specc: Specific Conductance [uS/cm]
# name 5 = c0uS/cm: Conductivity [uS/cm]
# name 6 = flECO-AFL: Fluorescence, WET Labs ECO-AFL/FL [mg/m^3]
# name 7 = ph: pH
# name 8 = orp: Oxidation Reduction Potential [mV]
# name 9 = par/sat/log: PAR/Logarithmic, Satlantic
# name 10 = turbWETntu0: Turbidity, WET Labs ECO [NTU]
# name 11 = prdM: Pressure, Strain Gauge [db]
# name 12 = prdE: Pressure, Strain Gauge [psi]
# name 13 = tv290C: Temperature [ITS-90, deg C]
# name 14 = flag:  0.000e+00
# span 0 =     -0.742,      8.908       
# span 1 =     -0.383,      0.110       
# span 2 =    -0.0403,    10.6332       
# span 3 =     -0.303,    105.357       
# span 4 =      1.891,    315.709       
# span 5 =   1.485227, 227.910899       
# span 6 =    -0.1301,     9.9642       
# span 7 =      5.879,      6.718       
# span 8 =   207.5595,   354.3379       
# span 9 = 1.2371e-01, 1.0371e+02       
# span 10 =    -0.2995,    73.3132      
# span 11 =     -0.728,      8.736      
# span 12 =     -1.055,     12.671      
# span 13 =    10.9826,    15.9807      
# span 14 = 0.0000e+00, 0.0000e+00      
# interval = seconds: 0.25
# start_time = Oct 31 2023 10:34:39 [Instrument's time stamp, header]
# bad_flag = -9.990e-29
*END*
[from data line 1735]
      0.196      0.005     6.7523     65.764     34.718  27.225288     4.6042      6.687   265.8548 3.0297e+01    14.8391      0.191      0.277    14.2198 0.0000e+00
      0.197      0.004     6.7476     65.764     34.733  27.238898     4.6032      6.687   265.8469 3.0277e+01    14.8742      0.193      0.280    14.2091 0.0000e+00
      0.198      0.006     6.7498     65.734     34.743  27.249286     4.5477      6.687   266.0681 3.0236e+01    14.8908      0.196      0.283    14.2065 0.0000e+00
      0.199      0.009     6.7463     65.702     34.709  27.224040     4.4237      6.687   266.3781 3.0163e+01    14.8689      0.196      0.284    14.2060 0.0000e+00
      0.199      0.010     6.7454     65.689     34.664  27.187349     4.3447      6.686   266.4129 2.9926e+01    14.7801      0.194      0.282    14.2041 0.0000e+00
      0.203      0.010     6.7487     65.666     34.666  27.186207     4.3324      6.685   266.3166 2.9443e+01    14.7739      0.197      0.286    14.2069 0.0000e+00
      0.210      0.008     6.7420     65.643     34.696  27.210225     4.3252      6.685   266.2460 2.8966e+01    14.8626      0.208      0.300    14.2131 0.0000e+00
      0.215      0.004     6.7367     65.642     34.707  27.224051     4.2995      6.686   266.1605 2.8898e+01    14.8618      0.214      0.310    14.2164 0.0000e+00
      0.215     -0.001     6.7390     65.669     34.699  27.226545     4.2719      6.686   266.2303 2.9210e+01    14.7980      0.213      0.308    14.2129 0.0000e+00
      0.211     -0.006     6.7361     65.721     34.702  27.240380     4.2574      6.686   266.4878 2.9612e+01    14.7746      0.207      0.301    14.2068 0.0000e+00
      0.207     -0.008     6.7328     65.791     34.715  27.264490     4.2067      6.685   266.6923 2.9975e+01    14.8173      0.203      0.295    14.2057 0.0000e+00
      0.203     -0.006     6.7321     65.881     34.699  27.264385     4.1175      6.684   266.8959 3.0269e+01    14.8706      0.199      0.289    14.2145 0.0000e+00
      0.199      0.001     6.7319     65.988     34.658  27.239130     4.0607      6.682   267.1426 3.0438e+01    14.8383      0.195      0.282    14.2275 0.0000e+00
      0.199      0.008     6.7365     66.136     34.622  27.212836     4.0353      6.680   267.2656 3.0381e+01    14.8025      0.194      0.282    14.2434 0.0000e+00
      0.203      0.015     6.7388     66.316     34.608  27.200161     4.0275      6.680   267.4366 2.9914e+01    14.8484      0.197      0.287    14.2657 0.0000e+00
      0.212      0.021     6.7469     66.478     34.628  27.212723     4.0493      6.678   267.7479 2.9269e+01    14.9142      0.207      0.299    14.2863 0.0000e+00
      0.223      0.025     6.7539     66.607     34.663  27.237875     4.0829      6.676   268.0183 2.8889e+01    14.9489      0.220      0.321    14.2961 0.0000e+00
      0.228      0.024     6.7690     66.709     34.680  27.250572     4.1006      6.676   268.1244 2.8599e+01    14.9268      0.225      0.326    14.2982 0.0000e+00
      0.233      0.018     6.7912     66.772     34.665  27.239386     4.0971      6.676   268.0854 2.8239e+01    14.8861      0.227      0.328    14.2952 0.0000e+00
      0.241      0.008     6.8084     66.773     34.650  27.229472     4.0826      6.675   267.9767 2.7969e+01    14.8674      0.239      0.347    14.2880 0.0000e+00
      0.246     -0.004     6.8221     66.751     34.682  27.257560     4.0665      6.675   267.8422 2.7941e+01    14.8372      0.244      0.354    14.2854 0.0000e+00
      0.244     -0.015     6.8318     66.727     34.757  27.325293     4.0515      6.674   267.8358 2.8380e+01    14.8277      0.241      0.349    14.2841 0.0000e+00
      0.235     -0.024     6.8421     66.703     34.843  27.414199     4.0345      6.673   267.8986 2.9035e+01    14.8202      0.232      0.336    14.2840 0.0000e+00
      0.221     -0.032     6.8372     66.717     34.912  27.508016     3.9864      6.673   267.8279 2.9527e+01    14.7474      0.216      0.313    14.2888 0.0000e+00
      0.209     -0.038     6.8345     66.820     34.913  27.571724     3.9105      6.673   267.5835 3.0000e+01    14.6646      0.204      0.295    14.2915 0.0000e+00
      0.200     -0.045     6.8320     67.060     34.873  27.613734     3.8744      6.674   267.1810 3.0458e+01    14.6048      0.195      0.282    14.3004 0.0000e+00
      0.194     -0.058     6.8227     67.467     34.820  27.635502     3.8749      6.674   267.1766 3.1023e+01    14.5717      0.190      0.276    14.3270 0.0000e+00
      0.185     -0.083     6.8156     68.066     34.704  27.581290     3.8906      6.675   272.2618 3.2155e+01    14.5714      0.186      0.269    14.3796 0.0000e+00
      0.169     -0.119     6.8088     68.863     34.627  27.529141     3.9143      6.677   282.0329 3.4018e+01    14.6007      0.169      0.245    14.4764 0.0000e+00
      0.141     -0.158     6.8156     69.795     34.694  27.575812     3.9208      6.679   287.0615 3.7157e+01    14.6535      0.145      0.209    14.5956 0.0000e+00
      0.094     -0.188     6.8411     70.737     34.849  27.701597     3.9278      6.679   286.5150 4.3229e+01    14.6632      0.103      0.149    14.6924 0.0000e+00
      0.024     -0.204     6.8924     71.581     34.984  27.844915     3.9236      6.677   285.3185 5.2602e+01    14.6150      0.027      0.039    14.7513 0.0000e+00
     -0.055     -0.204     6.9744     72.286     34.974  27.913329     3.8706      6.674   284.4690 6.3528e+01    14.7885     -0.063     -0.090    14.7569 0.0000e+00
     -0.117     -0.197     7.0783     72.886     34.841  27.894622     3.8021      6.674   284.3322 7.4783e+01    15.1890     -0.125     -0.180    14.7333 0.0000e+00
     -0.155     -0.192     7.1790     73.422     34.733  27.872544     3.7614      6.677   284.3527 8.6149e+01    15.3583     -0.155     -0.225    14.7234 0.0000e+00
     -0.182     -0.200     7.2596     73.963     34.722  27.900173     3.7443      6.680   282.3938 9.5922e+01    15.2987     -0.178     -0.258    14.7672 0.0000e+00
     -0.210     -0.221     7.3087     74.676     34.780  27.975018     3.7700      6.681   280.9527 1.0172e+02    15.1169     -0.200     -0.290    14.8958 0.0000e+00
     -0.255     -0.248     7.3432     75.608     34.869  28.079833     3.8312      6.682   285.2538 1.0371e+02    14.8345     -0.235     -0.341    15.0465 0.0000e+00
     -0.336     -0.270     7.3839     76.593     34.907  28.152703     3.8684      6.684   289.5726 1.0232e+02    14.7190     -0.316     -0.459    15.1355 0.0000e+00
     -0.445     -0.280     7.4219     77.479     34.858  28.158441     3.8700      6.684   288.8602 9.9216e+01    14.7115     -0.442     -0.641    15.1753 0.0000e+00
     -0.544     -0.271     7.4842     78.179     34.802  28.149259     3.8843      6.685   289.2874 9.6611e+01    14.6405     -0.549     -0.797    15.2119 0.0000e+00
     -0.608     -0.241     7.5817     78.626     34.797  28.168580     3.9338      6.687   292.6739 9.3306e+01    14.5785     -0.603     -0.876    15.2533 0.0000e+00
     -0.652     -0.191     7.6736     78.780     34.835  28.201807     3.9763      6.689   297.2827 9.0089e+01    14.5767     -0.639     -0.926    15.3201 0.0000e+00
     -0.691     -0.136     7.7525     78.548     34.904  28.233868     3.9992      6.691   303.8848 8.7642e+01    14.6195     -0.680     -0.986    15.3928 0.0000e+00
     -0.722     -0.091     7.8176     77.894     34.967  28.239064     4.0693      6.692   310.7229 8.5105e+01    14.6853     -0.715     -1.038    15.4446 0.0000e+00
     -0.736     -0.059     7.8550     76.985     34.986  28.201151     4.1917      6.694   314.6589 8.3730e+01    14.7568     -0.725     -1.053    15.4809 0.0000e+00
     -0.740     -0.035     7.8735     76.010     34.988  28.155954     4.2639      6.694   314.9075 8.2691e+01    14.8356     -0.725     -1.052    15.4895 0.0000e+00
     -0.740     -0.017     7.8607     75.086     34.458  27.692538     4.2175      6.694   313.5575 8.1586e+01    14.7838     -0.726     -1.053    15.4551 0.0000e+00
     -0.740     -0.006     7.7987     74.368     28.143  22.597984     3.4984      6.694   313.5643 8.0443e+01    13.3794     -0.725     -1.052    15.3776 0.0000e+00
     -0.740     -0.002     7.7140     74.013     15.601  12.520055     2.1605      6.696   311.6348 7.8071e+01    10.7677     -0.726     -1.053    15.2950 0.0000e+00
     -0.740     -0.001     7.6258     74.114      7.086   5.683642     1.4254      6.691   269.8361 7.3978e+01     9.3378     -0.726     -1.053    15.2277 0.0000e+00
     -0.740     -0.001     7.5356     74.683      5.094   4.084160     1.3598      6.682   210.3274 6.8359e+01     9.2074     -0.725     -1.051    15.1724 0.0000e+00
     -0.741     -0.001     7.4637     75.642      4.930   3.951478     1.3168      6.684   207.5595 6.3097e+01     9.0207     -0.726     -1.053    15.1322 0.0000e+00
     -0.741     -0.001     7.4298     76.847      5.013   4.016046     0.9472      6.692   227.3348 5.8350e+01     7.0795     -0.727     -1.055    15.1054 0.0000e+00
     -0.741     -0.001     7.4421     78.150      4.889   3.914579     0.2952      6.698   230.9758 5.2185e+01     3.6713     -0.727     -1.054    15.0881 0.0000e+00
     -0.741     -0.001     7.5036     79.440      4.593   3.674909    -0.0407      6.702   233.5143 4.6038e+01     1.9038     -0.727     -1.055    15.0777 0.0000e+00
     -0.741     -0.000     7.6078     80.661      4.252   3.398814    -0.0599      6.705   235.3992 4.2474e+01     1.7289     -0.727     -1.054    15.0699 0.0000e+00
     -0.741 -1.863e-08     7.7357     81.780      3.894   3.110304    -0.0784      6.706   237.0737 4.0294e+01     1.5908     -0.727     -1.055    15.0575 0.0000e+00
     -0.741 -2.049e-07     7.8759     82.776      3.568   2.847193    -0.0893      6.707   238.7899 3.8144e+01     1.4295     -0.727     -1.055    15.0355 0.0000e+00
     -0.741 -2.049e-07     8.0119     83.663      3.293   2.624764    -0.0829      6.708   239.3723 3.7908e+01     1.2819     -0.727     -1.054    15.0045 0.0000e+00
     -0.741 -1.863e-08     8.1426     84.474      3.075   2.448029    -0.0850      6.710   239.2107 4.0546e+01     1.1719     -0.726     -1.054    14.9684 0.0000e+00
     -0.741 -1.693e-09     8.2643     85.263      2.964   2.357314    -0.0904      6.711   239.9337 4.3132e+01     1.1248     -0.727     -1.054    14.9286 0.0000e+00
     -0.741 -1.539e-10     8.3705     86.005      2.960   2.351432    -0.0898      6.712   241.4888 4.4034e+01     1.1223     -0.727     -1.054    14.8862 0.0000e+00
     -0.741 -1.400e-11     8.4689     86.642      2.915   2.313565    -0.0857      6.714   243.7312 4.4666e+01     1.1409     -0.726     -1.053    14.8432 0.0000e+00
     -0.741 -1.272e-12     8.5540     87.168      2.715   2.152843    -0.0905      6.714   246.6542 4.7370e+01     1.1450     -0.727     -1.054    14.8013 0.0000e+00
     -0.741 -1.157e-13     8.6435     87.591      2.434   1.928431    -0.1065      6.715   249.8147 5.3806e+01     1.1043     -0.726     -1.055    14.7609 0.0000e+00
     -0.741 -1.052e-14     8.7303     87.908      2.216   1.753940    -0.1045      6.717   253.5520 6.0606e+01     1.0588     -0.726     -1.054    14.7194 0.0000e+00
     -0.741 -9.560e-16     8.8009     88.106      2.137   1.690040    -0.0827      6.718   258.2863 6.2833e+01     1.0379     -0.727     -1.054    14.6783 0.0000e+00
     -0.741 -8.690e-17     8.8624     88.220      2.184   1.725909    -0.0754      6.717   266.1873 6.1453e+01     1.0233     -0.726     -1.053    14.6415 0.0000e+00
     -0.741 -7.900e-18     8.9109     88.298      2.290   1.807560    -0.0829      6.716   273.6259 5.9873e+01     1.0184     -0.726     -1.053    14.6070 0.0000e+00
     -0.742 -7.180e-19     8.9517     88.340      2.350   1.853814    -0.0825      6.716   276.2110 5.8653e+01     1.0470     -0.727     -1.055    14.5734 0.0000e+00
     -0.742 -6.530e-20     8.9764     88.370      2.337   1.841745    -0.0866      6.716   279.8056 5.7336e+01     1.0279     -0.727     -1.055    14.5408 0.0000e+00
     -0.741 -5.935e-21     8.9908     88.397      2.352   1.851672    -0.0997      6.717   285.3400 5.6337e+01     0.9583     -0.726     -1.054    14.5086 0.0000e+00
     -0.741 -5.395e-22     9.0078     88.404      2.347   1.847150    -0.0997      6.717   287.4586 5.5823e+01     0.9564     -0.726     -1.054    14.4764 0.0000e+00
     -0.741 -4.905e-23     9.0161     88.430      2.192   1.723719    -0.0943      6.715   285.8909 5.6344e+01     0.9713     -0.727     -1.055    14.4435 0.0000e+00
     -0.741 -4.459e-24     9.0249     88.486      1.989   1.562812    -0.0924      6.708   279.8073 5.9849e+01     0.9336     -0.726     -1.054    14.4093 0.0000e+00
     -0.741 -4.054e-25     9.0377     88.544      1.891   1.485227    -0.0855      6.695   273.8718 6.5710e+01     0.9100     -0.727     -1.054    14.3753 0.0000e+00
     -0.741 -3.686e-26     9.0414     88.676      2.050   1.609098    -0.0857      6.678   280.9777 6.9804e+01     0.9253     -0.727     -1.054    14.3418 0.0000e+00
     -0.742 -3.351e-27     9.0488     88.866      3.498   2.743808    -0.0946      6.661   300.8506 7.0522e+01     1.0162     -0.727     -1.055    14.3093 0.0000e+00
     -0.742 -3.046e-28     9.0661     88.983      5.655   4.435457    -0.1014      6.646   321.1681 7.1246e+01     1.1214     -0.727     -1.055    14.2806 0.0000e+00
     -0.742 -2.769e-29     9.0695     89.012      6.157   4.831652    -0.1015      6.634   333.2185 7.5911e+01     1.1375     -0.727     -1.054    14.2586 0.0000e+00
     -0.742 -2.538e-30     9.0859     88.974      5.479   4.303772    -0.0952      6.626   338.1408 8.3896e+01     1.1775     -0.727     -1.055    14.2393 0.0000e+00
     -0.742 -4.577e-31     9.1193     88.936      5.180   4.071487    -0.0919      6.622   339.7292 9.1255e+01     1.2289     -0.727     -1.055    14.2245 0.0000e+00
     -0.742 -9.990e-29     9.1300 -9.990e-29 -9.990e-29 -9.990e-29 -9.990e-29 -9.990e-29 -9.990e-29 9.5568e+01 -9.990e-29     -0.727     -1.055    14.2101 0.0000e+00
     -0.742 -9.990e-29     9.1330 -9.990e-29 -9.990e-29 -9.990e-29 -9.990e-29 -9.990e-29 -9.990e-29 9.7218e+01 -9.990e-29     -0.728     -1.055    14.2148 0.0000e+00
     -0.742 -9.990e-29     9.1148 -9.990e-29 -9.990e-29 -9.990e-29 -9.990e-29 -9.990e-29 -9.990e-29 9.8131e+01 -9.990e-29     -0.727     -1.055    14.2796 0.0000e+00
     -0.742 -9.990e-29     9.0930 -9.990e-29 -9.990e-29 -9.990e-29 -9.990e-29 -9.990e-29 -9.990e-29 9.8698e+01 -9.990e-29     -0.727     -1.055    14.3297 0.0000e+00
