Data/DataNotYetUploadedToEDI/Raw_CTD/RawDownloads/103123_fcr50_S8188002.cnv
* Sea-Bird SBE19plus  Data File:
* FileName = C:\R\Reservoirs\Data\DataNotYetUploadedToEDI\Raw_CTD\RawDownloads\103123_bvr50_S8188_0002.hex
* Software version 2.8.0.119
* Temperature SN = 8188
* Conductivity SN = 8188
* System UpLoad Time = Nov 01 2023 16:39:18
* <ApplicationData>
* <Seaterm232>
# nquan = 16
# nvalues = 2033                        
# units = specified
# name 0 = depFM: Depth [fresh water, m]
# name 1 = dz/dtM: Descent Rate [m/s]
# name 2 = sbeox0Mg/L: Oxygen, SBE 43 [mg/l]
# name 3 = sbeox0PS: Oxygen, SBE 43 [% saturation]
# name 4 = specc: Specific Conductance [uS/cm]
# name 5 = c0uS/cm: Conductivity [uS/cm]
# name 6 = wetCDOM: Fluorescence, WET Labs CDOM [mg/m^3]
# name 7 = flECO-AFL: Fluorescence, WET Labs ECO-AFL/FL [mg/m^3]
# name 8 = flECO-AFL1: Fluorescence, WET Labs ECO-AFL/FL, 2 [mg/m^3]
# name 9 = flECO-AFL2: Fluorescence, WET Labs ECO-AFL/FL, 3 [mg/m^3]
# name 10 = par/sat/log: PAR/Logarithmic, Satlantic
# name 11 = turbWETntu0: Turbidity, WET Labs ECO [NTU]
# name 12 = prdM: Pressure, Strain Gauge [db]
# name 13 = prdE: Pressure, Strain Gauge [psi]
# name 14 = tv290C: Temperature [ITS-90, deg C]
# name 15 = flag:  0.000e+00
# span 0 =     -0.680,      9.318       
# span 1 =     -0.249,      0.119       
# span 2 =     1.5372,    11.9422       
# span 3 =     14.590,    119.282       
# span 4 =      1.512,    410.384       
# span 5 =   0.968000, 310.995652       
# span 6 =    -4.5000,     4.1400       
# span 7 =    -0.1422,    19.4847       
# span 8 =    -2.1300,     0.7242       
# span 9 =    -2.0304,     3.6801       
# span 10 = 1.1585e-01, 1.7468e+02      
# span 11 =    -0.4534,   215.0336      
# span 12 =     -0.667,      9.138      
# span 13 =     -0.967,     13.253      
# span 14 =     7.0168,    15.4672      
# span 15 = 0.0000e+00, 0.0000e+00      
# interval = seconds: 0.25
# start_time = Oct 31 2023 13:47:08 [Instrument's time stamp, header]
# bad_flag = -9.990e-29
*END*
[from data line 995]
      2.681      0.013     5.0052     48.606     45.126  35.185558     3.5100     5.3587     0.1278     0.8883 1.1379e+00     3.5295      2.629      3.813    13.9907 0.0000e+00
      2.684      0.013     5.0103     48.565     45.120  35.178171     3.5100     5.3167     0.1278     0.8883 1.1561e+00     3.5295      2.632      3.817    13.9888 0.0000e+00
      2.687      0.013     5.0128     48.513     45.104  35.163233     3.4200     5.3434     0.0852     0.9306 1.1479e+00     3.4394      2.635      3.822    13.9871 0.0000e+00
      2.690      0.014     5.0127     48.453     45.087  35.146663     3.4200     5.3053     0.0852     0.9306 1.1431e+00     3.5295      2.638      3.826    13.9852 0.0000e+00
      2.694      0.014     5.0105     48.388     45.075  35.133944     3.4200     5.2481     0.0852     0.9306 1.1506e+00     3.3943      2.642      3.831    13.9828 0.0000e+00
      2.697      0.015     5.0066     48.324     45.073  35.129608     3.4200     5.2404     0.0852     0.9306 1.1411e+00     3.4995      2.645      3.836    13.9798 0.0000e+00
      2.701      0.015     5.0016     48.262     45.081  35.132498     3.4200     5.2442     0.0852     0.9306 1.1561e+00     3.5446      2.649      3.841    13.9765 0.0000e+00
      2.704      0.016     4.9958     48.200     45.090  35.135461     3.4200     5.2519     0.0852     0.8460 1.1364e+00     3.4394      2.652      3.847    13.9732 0.0000e+00
      2.709      0.017     4.9895     48.140     45.094  35.135329     3.4200     4.7140     0.0852     0.8460 1.1414e+00     3.6798      2.657      3.853    13.9698 0.0000e+00
      2.713      0.018     4.9833     48.085     45.098  35.136025     3.4200     4.7369     0.0852     0.8460 1.0926e+00     3.7700      2.661      3.859    13.9662 0.0000e+00
      2.718      0.018     4.9773     48.039     45.113  35.145657     3.4200     4.7025     0.0852     0.8460 1.1038e+00     3.6498      2.666      3.866    13.9625 0.0000e+00
      2.723      0.018     4.9714     48.006     45.135  35.162832     3.4200     4.7025     0.0852     0.7614 1.1038e+00     3.6949      2.671      3.873    13.9585 0.0000e+00
      2.728      0.018     4.9656     47.979     45.151  35.176288     3.4200     4.6186     0.0852     0.7614 1.0822e+00     3.4394      2.675      3.880    13.9547 0.0000e+00
      2.732      0.017     4.9602     47.955     45.157  35.181689     3.4200     4.6339     0.0852     0.7614 1.0945e+00     3.4694      2.680      3.887    13.9516 0.0000e+00
      2.736      0.017     4.9557     47.937     45.159  35.184437     3.4200     4.6377     0.0852     0.7614 1.1108e+00     3.4694      2.683      3.892    13.9497 0.0000e+00
      2.740      0.017     4.9523     47.923     45.167  35.189227     3.4200     4.6415     0.1278     0.8883 1.1149e+00     3.4544      2.687      3.898    13.9495 0.0000e+00
      2.744      0.017     4.9493     47.912     45.181  35.197336     3.4200     4.8246     0.1278     0.8883 1.1215e+00     3.1688      2.691      3.903    13.9505 0.0000e+00
      2.748      0.018     4.9467     47.903     45.209  35.214887     3.4200     4.8399     0.1278     0.8883 1.1156e+00     3.2740      2.695      3.909    13.9519 0.0000e+00
      2.753      0.019     4.9448     47.892     45.252  35.244579     3.4200     4.8170     0.1278     0.8883 1.1147e+00     3.1838      2.700      3.916    13.9526 0.0000e+00
      2.758      0.021     4.9435     47.888     45.301  35.278485     3.4200     4.8361     0.0852     0.7614 1.0654e+00     3.3041      2.705      3.923    13.9516 0.0000e+00
      2.764      0.023     4.9427     47.894     45.348  35.311785     3.4200     5.0955     0.0852     0.7614 1.0694e+00     3.5596      2.711      3.931    13.9484 0.0000e+00
      2.770      0.025     4.9422     47.895     45.397  35.345435     3.4200     5.0649     0.0852     0.7614 1.0371e+00     3.4845      2.717      3.940    13.9437 0.0000e+00
      2.777      0.026     4.9416     47.874     45.443  35.376526     3.4200     5.0916     0.0852     0.7614 1.0710e+00     3.4694      2.723      3.950    13.9389 0.0000e+00
      2.784      0.027     4.9417     47.814     45.486  35.405426     3.4200     5.0573     0.0852     0.7614 1.0384e+00     3.4694      2.730      3.960    13.9347 0.0000e+00
      2.791      0.028     4.9428     47.707     45.526  35.431920     3.4200     4.8628     0.1278     0.9306 9.8076e-01     3.7851      2.737      3.970    13.9306 0.0000e+00
      2.799      0.029     4.9434     47.553     45.557  35.451188     3.4200     4.8933     0.1278     0.9306 1.0100e+00     3.7249      2.745      3.980    13.9260 0.0000e+00
      2.806      0.029     4.9418     47.353     45.585  35.468370     3.4200     4.8971     0.1278     0.9306 9.8161e-01     3.7851      2.752      3.991    13.9210 0.0000e+00
      2.814      0.029     4.9362     47.116     45.611  35.484085     3.4200     4.9085     0.1278     0.9306 9.9731e-01     3.7550      2.759      4.002    13.9158 0.0000e+00
      2.821      0.029     4.9257     46.854     45.629  35.494602     3.4200     4.4927     0.0852     0.8037 9.7651e-01     3.4694      2.767      4.013    13.9105 0.0000e+00
      2.829      0.029     4.9104     46.579     45.644  35.502725     3.4200     4.4737     0.0852     0.8037 9.2729e-01     3.4995      2.774      4.024    13.9052 0.0000e+00
      2.836      0.029     4.8903     46.304     45.657  35.510621     3.4200     4.4737     0.0852     0.8037 9.4109e-01     3.5145      2.782      4.034    13.9001 0.0000e+00
      2.844      0.029     4.8662     46.044     45.667  35.516434     3.4200     4.4775     0.0852     0.8037 9.2729e-01     3.4694      2.789      4.045    13.8956 0.0000e+00
      2.851      0.028     4.8396     45.808     45.669  35.517752     3.6000     4.3592     0.0852     0.8460 9.0834e-01     3.1538      2.796      4.055    13.8916 0.0000e+00
      2.858      0.028     4.8116     45.596     45.671  35.518888     3.6000     4.1570     0.0852     0.8460 9.1051e-01     3.2139      2.803      4.066    13.8882 0.0000e+00
      2.866      0.028     4.7835     45.416     45.673  35.520146     3.6000     4.1685     0.0852     0.8460 9.2106e-01     3.3342      2.810      4.076    13.8855 0.0000e+00
      2.873      0.027     4.7568     45.273     45.675  35.521861     3.6000     4.1723     0.0852     0.8460 8.9853e-01     3.3041      2.817      4.086    13.8836 0.0000e+00
      2.880      0.027     4.7324     45.171     45.679  35.524489     3.4200     4.1837     0.0852     0.8037 8.9911e-01     3.1989      2.824      4.096    13.8826 0.0000e+00
      2.886      0.026     4.7107     45.109     45.680  35.524771     3.4200     4.2905     0.0852     0.8037 8.9230e-01     3.1989      2.831      4.106    13.8821 0.0000e+00
      2.893      0.025     4.6920     45.076     45.689  35.530704     3.4200     4.3363     0.0852     0.8037 8.9521e-01     3.2139      2.837      4.115    13.8820 0.0000e+00
      2.900      0.025     4.6773     45.068     45.712  35.547832     3.4200     4.3173     0.0852     0.8037 8.7998e-01     3.2590      2.844      4.124    13.8818 0.0000e+00
      2.906      0.024     4.6668     45.088     45.740  35.568838     3.4200     4.2867     0.0852     0.8037 8.9075e-01     3.2139      2.850      4.133    13.8813 0.0000e+00
      2.912      0.023     4.6604     45.135     45.761  35.583480     3.4200     4.3707     0.1278     0.8883 8.2372e-01     3.2590      2.855      4.142    13.8808 0.0000e+00
      2.918      0.023     4.6571     45.206     45.770  35.587739     3.4200     4.3707     0.1278     0.8883 8.1288e-01     3.2740      2.861      4.150    13.8803 0.0000e+00
      2.923      0.023     4.6564     45.289     45.772  35.586713     3.4200     4.3859     0.1278     0.8883 7.9731e-01     3.3191      2.867      4.158    13.8796 0.0000e+00
      2.929      0.023     4.6586     45.377     45.776  35.588049     3.4200     4.3478     0.1278     0.8883 8.7807e-01     3.1688      2.873      4.166    13.8783 0.0000e+00
      2.935      0.023     4.6637     45.470     45.789  35.596066     3.5100     3.9663     0.0852     0.8460 8.6669e-01     3.2740      2.878      4.175    13.8764 0.0000e+00
      2.941      0.023     4.6712     45.563     45.813  35.612901     3.5100     4.0044     0.0852     0.8460 8.0672e-01     3.2139      2.884      4.183    13.8738 0.0000e+00
      2.947      0.023     4.6801     45.647     45.840  35.633141     3.5100     3.9968     0.0852     0.8460 7.7611e-01     3.2139      2.890      4.191    13.8709 0.0000e+00
      2.953      0.024     4.6895     45.717     45.856  35.644357     3.5100     3.9892     0.0852     0.8460 7.8272e-01     3.2289      2.896      4.200    13.8682 0.0000e+00
      2.959      0.024     4.6993     45.769     45.861  35.647560     3.4200     4.0502     0.1278     0.8460 7.4585e-01     3.2139      2.902      4.209    13.8661 0.0000e+00
      2.965      0.023     4.7091     45.800     45.865  35.649545     3.4200     4.0235     0.1278     0.8460 7.8732e-01     3.2440      2.908      4.217    13.8647 0.0000e+00
      2.971      0.023     4.7179     45.809     45.862  35.646882     3.4200     4.0655     0.1278     0.8460 7.4683e-01     3.1989      2.914      4.226    13.8636 0.0000e+00
      2.977      0.023     4.7253     45.800     45.853  35.638860     3.4200     4.0655     0.1278     0.8460 7.1367e-01     3.2139      2.919      4.234    13.8626 0.0000e+00
      2.983      0.022     4.7308     45.773     45.849  35.635223     3.4200     4.2410     0.0852     0.7614 7.6091e-01     3.2289      2.925      4.242    13.8615 0.0000e+00
      2.988      0.022     4.7340     45.736     45.854  35.638961     3.4200     4.2143     0.0852     0.7614 7.6939e-01     3.1388      2.930      4.250    13.8604 0.0000e+00
      2.994      0.022     4.7351     45.699     45.860  35.643151     3.4200     4.2562     0.0852     0.7614 7.4780e-01     3.3041      2.936      4.258    13.8596 0.0000e+00
      2.999      0.022     4.7341     45.665     45.864  35.644948     3.4200     4.2333     0.0852     0.7614 7.8835e-01     3.2289      2.941      4.266    13.8589 0.0000e+00
      3.005      0.022     4.7314     45.633     45.870  35.648792     3.4200     4.3859     0.0852     0.7614 7.0076e-01     3.6197      2.946      4.274    13.8585 0.0000e+00
      3.011      0.023     4.7276     45.609     45.881  35.655709     3.6000     4.4241     0.0852     0.8460 7.1320e-01     3.4694      2.952      4.282    13.8581 0.0000e+00
      3.017      0.023     4.7238     45.598     45.882  35.655660     3.6000     4.4241     0.0852     0.8460 6.6313e-01     3.4995      2.958      4.291    13.8575 0.0000e+00
      3.023      0.024     4.7204     45.603     45.873  35.648630     3.6000     4.4279     0.0852     0.8460 6.7476e-01     3.3943      2.964      4.299    13.8565 0.0000e+00
      3.029      0.024     4.7173     45.626     45.869  35.644630     3.6000     4.6949     0.0852     0.8460 6.8006e-01     3.4394      2.970      4.308    13.8551 0.0000e+00
      3.035      0.024     4.7149     45.670     45.874  35.646553     3.4200     4.7216     0.1278     0.7191 6.5810e-01     3.4995      2.976      4.317    13.8538 0.0000e+00
      3.042      0.025     4.7139     45.732     45.888  35.654912     3.4200     4.7025     0.1278     0.7191 6.8332e-01     3.4243      2.983      4.326    13.8529 0.0000e+00
      3.048      0.025     4.7145     45.806     45.909  35.667976     3.4200     4.7025     0.1278     0.7191 6.6313e-01     3.5596      2.989      4.335    13.8523 0.0000e+00
      3.054      0.025     4.7170     45.885     45.931  35.681305     3.4200     4.3630     0.1278     0.7191 6.6040e-01     3.4394      2.995      4.344    13.8514 0.0000e+00
      3.061      0.026     4.7217     45.966     45.947  35.690532     3.3300     4.3859     0.1278     0.7614 6.6025e-01     3.5145      3.001      4.354    13.8495 0.0000e+00
      3.067      0.026     4.7284     46.047     45.956  35.694156     3.3300     4.3783     0.1278     0.7614 6.5497e-01     3.4995      3.008      4.363    13.8466 0.0000e+00
      3.074      0.026     4.7364     46.124     45.963  35.697103     3.3300     4.3592     0.1278     0.7614 6.2006e-01     3.4694      3.015      4.373    13.8430 0.0000e+00
      3.081      0.027     4.7450     46.190     45.973  35.702142     3.3300     4.1647     0.1278     0.7614 6.3742e-01     3.4394      3.021      4.382    13.8392 0.0000e+00
      3.088      0.027     4.7537     46.234     45.980  35.704673     3.3300     4.1914     0.1278     0.7614 6.3465e-01     3.5295      3.028      4.392    13.8355 0.0000e+00
      3.095      0.027     4.7624     46.258     45.982  35.703390     3.5100     4.1647     0.0852     0.7614 6.2875e-01     3.5295      3.035      4.401    13.8321 0.0000e+00
      3.101      0.027     4.7708     46.263     45.986  35.703894     3.5100     4.1799     0.0852     0.7614 6.4117e-01     3.5596      3.041      4.411    13.8288 0.0000e+00
      3.108      0.027     4.7778     46.250     45.995  35.708298     3.5100     4.2638     0.0852     0.7614 5.9693e-01     3.4845      3.048      4.421    13.8257 0.0000e+00
      3.115      0.027     4.7828     46.221     46.003  35.711835     3.5100     4.2448     0.0852     0.7614 6.3135e-01     3.4995      3.055      4.431    13.8227 0.0000e+00
      3.122      0.026     4.7856     46.175     46.008  35.713468     3.3300     4.2753     0.0852     0.7191 5.9628e-01     3.4093      3.062      4.440    13.8196 0.0000e+00
      3.129      0.026     4.7864     46.122     46.011  35.713633     3.3300     4.2448     0.0852     0.7191 6.0253e-01     3.4694      3.068      4.450    13.8167 0.0000e+00
      3.135      0.026     4.7853     46.073     46.009  35.710393     3.3300     4.3974     0.0852     0.7191 5.6598e-01     3.4093      3.075      4.459    13.8139 0.0000e+00
      3.142      0.026     4.7826     46.040     46.004  35.704864     3.3300     4.4050     0.0852     0.7191 5.8804e-01     3.4694      3.081      4.468    13.8113 0.0000e+00
      3.148      0.027     4.7781     46.028     45.997  35.697553     3.3300     4.4164     0.0852     0.7614 6.1257e-01     3.4694      3.087      4.478    13.8089 0.0000e+00
      3.155      0.027     4.7729     46.040     45.990  35.690472     3.3300     4.4241     0.0852     0.7614 6.0568e-01     3.4394      3.094      4.487    13.8068 0.0000e+00
      3.162      0.028     4.7680     46.072     45.987  35.685692     3.3300     4.2944     0.0852     0.7614 6.0819e-01     3.3943      3.101      4.497    13.8049 0.0000e+00
      3.169      0.028     4.7647     46.120     45.984  35.681938     3.3300     4.2829     0.0852     0.7614 5.5405e-01     3.5295      3.108      4.508    13.8030 0.0000e+00
      3.177      0.028     4.7637     46.179     45.986  35.682172     3.4200     4.3058     0.0852     0.7191 5.7503e-01     3.4995      3.116      4.519    13.8010 0.0000e+00
      3.184      0.028     4.7652     46.244     45.991  35.684475     3.4200     4.3096     0.0852     0.7191 5.4451e-01     3.4995      3.123      4.529    13.7990 0.0000e+00
      3.191      0.028     4.7688     46.310     45.991  35.683518     3.4200     4.2982     0.0852     0.7191 6.0044e-01     3.5295      3.130      4.539    13.7970 0.0000e+00
      3.199      0.028     4.7739     46.375     45.995  35.684989     3.4200     4.3058     0.0852     0.7191 5.5538e-01     3.4394      3.137      4.549    13.7951 0.0000e+00
      3.206      0.028     4.7802     46.437     46.005  35.691260     3.4200     4.2982     0.0852     0.7191 5.4926e-01     3.4845      3.144      4.559    13.7934 0.0000e+00
      3.213      0.028     4.7871     46.499     46.014  35.696082     3.5100     4.2944     0.0852     0.6768 5.2934e-01     3.4694      3.151      4.570    13.7918 0.0000e+00
