Data/DataNotYetUploadedToEDI/Raw_CTD/RawDownloads/103123_fcr50_S8188002.cnv
* Sea-Bird SBE19plus  Data File:
* FileName = C:\R\Reservoirs\Data\DataNotYetUploadedToEDI\Raw_CTD\RawDownloads\103123_bvr50_S8188_0002.hex
* Software version 2.8.0.119
* Temperature SN = 8188
* Conductivity SN = 8188
* System UpLoad Time = Nov 01 2023 16:39:18
* <ApplicationData>
* <Seaterm232>
# nquan = 16
# nvalues = 2033                        
# units = specified
# name 0 = depFM: Depth [fresh water, m]
# name 1 = dz/dtM: Descent Rate [m/s]
# name 2 = sbeox0Mg/L: Oxygen, SBE 43 [mg/l]
# name 3 = sbeox0PS: Oxygen, SBE 43 [% saturation]
# name 4 = specc: Specific Conductance [uS/cm]
# name 5 = c0uS/cm: Conductivity [uS/cm]
# name 6 = wetCDOM: Fluorescence, WET Labs CDOM [mg/m^3]
# name 7 = flECO-AFL: Fluorescence, WET Labs ECO-AFL/FL [mg/m^3]
# name 8 = flECO-AFL1: Fluorescence, WET Labs ECO-AFL/FL, 2 [mg/m^3]
# name 9 = flECO-AFL2: Fluorescence, WET Labs ECO-AFL/FL, 3 [mg/m^3]
# name 10 = par/sat/log: PAR/Logarithmic, Satlantic
# name 11 = turbWETntu0: Turbidity, WET Labs ECO [NTU]
# name 12 = prdM: Pressure, Strain Gauge [db]
# name 13 = prdE: Pressure, Strain Gauge [psi]
# name 14 = tv290C: Temperature [ITS-90, deg C]
# name 15 = flag:  0.000e+00
# span 0 =     -0.680,      9.318       
# span 1 =     -0.249,      0.119       
# span 2 =     1.5372,    11.9422       
# span 3 =     14.590,    119.282       
# span 4 =      1.512,    410.384       
# span 5 =   0.968000, 310.995652       
# span 6 =    -4.5000,     4.1400       
# span 7 =    -0.1422,    19.4847       
# span 8 =    -2.1300,     0.7242       
# span 9 =    -2.0304,     3.6801       
# span 10 = 1.1585e-01, 1.7468e+02      
# span 11 =    -0.4534,   215.0336      
# span 12 =     -0.667,      9.138      
# span 13 =     -0.967,     13.253      
# span 14 =     7.0168,    15.4672      
# span 15 = 0.0000e+00, 0.0000e+00      
# interval = seconds: 0.25
# start_time = Oct 31 2023 13:47:08 [Instrument's time stamp, header]
# bad_flag = -9.990e-29
*END*
[from data line 1899]
      4.733     -0.172     4.4438     41.468     56.555  43.136512     3.6900     1.6584     0.2130     0.4230 1.2344e-01    11.4805      4.642      6.732    13.1256 0.0000e+00
      4.691     -0.170     4.4248     41.236     56.493  43.090891     3.6900     1.7041     0.2130     0.4230 1.1620e-01    10.0977      4.600      6.672    13.1288 0.0000e+00
      4.649     -0.169     4.4035     41.016     56.402  43.024208     3.6900     1.6927     0.2130     0.4230 1.1612e-01    10.0526      4.559      6.612    13.1306 0.0000e+00
      4.606     -0.169     4.3803     40.818     56.265  42.922643     3.6900     1.7080     0.2130     0.4230 1.1610e-01    10.0677      4.517      6.552    13.1319 0.0000e+00
      4.564     -0.169     4.3557     40.648     56.077  42.782887     3.6900     1.7194     0.2130     0.4230 1.1612e-01    10.0677      4.475      6.491    13.1334 0.0000e+00
      4.520     -0.170     4.3311     40.499     55.865  42.625129     3.6900     1.8605     0.2130     0.4230 1.3215e-01     9.4214      4.433      6.430    13.1354 0.0000e+00
      4.476     -0.172     4.3078     40.376     55.632  42.452870     3.6900     1.8071     0.2130     0.4230 1.2881e-01     9.3462      4.390      6.367    13.1377 0.0000e+00
      4.432     -0.173     4.2868     40.283     55.328  42.228099     3.6900     1.8453     0.1704     0.5499 1.4014e-01     9.4514      4.346      6.304    13.1403 0.0000e+00
      4.388     -0.174     4.2685     40.212     54.964  41.958240     3.6900     1.8186     0.1704     0.5499 1.5844e-01     9.5115      4.303      6.241    13.1434 0.0000e+00
      4.344     -0.175     4.2526     40.150     54.631  41.713977     3.6900     2.0208     0.1704     0.5499 1.3591e-01     9.1057      4.260      6.178    13.1474 0.0000e+00
      4.300     -0.177     4.2392     40.084     54.366  41.523288     3.6900     2.0589     0.1704     0.5499 1.6408e-01     9.0606      4.217      6.116    13.1526 0.0000e+00
      4.255     -0.180     4.2288     40.006     54.134  41.357117     3.7800     2.0360     0.1704     0.3807 1.6281e-01     9.2109      4.173      6.052    13.1589 0.0000e+00
      4.209     -0.183     4.2207     39.902     53.932  41.212756     3.7800     1.9979     0.1704     0.3807 1.5837e-01     9.2560      4.127      5.986    13.1664 0.0000e+00
      4.161     -0.187     4.2133     39.758     53.781  41.107179     3.7800     2.2687     0.1704     0.3807 1.9129e-01     9.8121      4.081      5.919    13.1754 0.0000e+00
      4.113     -0.191     4.2055     39.560     53.635  41.004309     3.7800     2.2458     0.1704     0.3807 1.8232e-01     9.9324      4.033      5.850    13.1855 0.0000e+00
      4.063     -0.193     4.1963     39.306     53.435  40.858885     3.7800     2.2954     0.1704     0.3807 1.9418e-01     9.8873      3.985      5.779    13.1958 0.0000e+00
      4.013     -0.193     4.1846     39.010     53.190  40.679672     3.7800     2.2802     0.1704     0.5076 2.3180e-01     9.8572      3.936      5.708    13.2056 0.0000e+00
      3.962     -0.192     4.1686     38.683     52.945  40.500105     3.7800     2.1467     0.1704     0.5076 2.3813e-01     7.9183      3.886      5.636    13.2147 0.0000e+00
      3.913     -0.189     4.1471     38.343     52.721  40.337675     3.7800     2.1390     0.1704     0.5076 2.6112e-01     7.9634      3.837      5.565    13.2227 0.0000e+00
      3.864     -0.185     4.1199     38.008     52.522  40.194632     3.7800     2.1085     0.1704     0.5076 2.9832e-01     8.0236      3.790      5.497    13.2297 0.0000e+00
      3.818     -0.181     4.0881     37.696     52.365  40.084336     3.5100     2.1238     0.1704     0.5076 2.9819e-01     7.9183      3.744      5.431    13.2368 0.0000e+00
      3.774     -0.178     4.0532     37.424     52.242  39.999168     3.5100     2.2535     0.1704     0.5076 3.0468e-01     7.4524      3.701      5.367    13.2445 0.0000e+00
      3.730     -0.176     4.0168     37.197     52.098  39.896606     3.5100     2.2725     0.1704     0.5076 3.2246e-01     7.5426      3.658      5.305    13.2531 0.0000e+00
      3.686     -0.175     3.9809     37.013     51.886  39.741377     3.5100     2.2573     0.1704     0.5076 3.1614e-01     7.5726      3.615      5.243    13.2620 0.0000e+00
      3.642     -0.176     3.9475     36.866     51.587  39.519820     3.5100     2.2878     0.0852     0.5922 3.3729e-01     7.4674      3.571      5.180    13.2710 0.0000e+00
      3.597     -0.177     3.9182     36.752     51.231  39.256054     3.5100     2.1467     0.0852     0.5922 3.7218e-01     8.2640      3.527      5.116    13.2795 0.0000e+00
      3.551     -0.179     3.8938     36.668     50.854  38.978790     3.5100     2.1543     0.0852     0.5922 3.9416e-01     8.3091      3.482      5.051    13.2872 0.0000e+00
      3.505     -0.180     3.8740     36.613     50.471  38.699270     3.5100     2.1505     0.0852     0.5922 3.9390e-01     8.2189      3.437      4.985    13.2942 0.0000e+00
      3.459     -0.181     3.8580     36.586     50.144  38.463788     3.5100     2.1352     0.0852     0.4653 4.6332e-01     8.3091      3.392      4.920    13.3015 0.0000e+00
      3.413     -0.182     3.8453     36.585     49.932  38.318497     3.5100     2.3984     0.0852     0.4653 4.6991e-01     5.7690      3.347      4.854    13.3104 0.0000e+00
      3.367     -0.183     3.8355     36.617     49.834  38.258327     3.5100     2.3870     0.0852     0.4653 4.6021e-01     5.9043      3.302      4.789    13.3216 0.0000e+00
      3.320     -0.184     3.8286     36.682     49.811  38.253367     3.5100     2.3794     0.0852     0.4653 5.0375e-01     5.7089      3.256      4.722    13.3353 0.0000e+00
      3.273     -0.184     3.8244     36.778     49.811  38.262681     3.5100     2.3603     0.0852     0.4653 5.3442e-01     5.9043      3.209      4.655    13.3509 0.0000e+00
      3.225     -0.184     3.8229     36.903     49.779  38.243191     3.4200     2.7875     0.1278     0.5922 5.9888e-01     5.0175      3.163      4.587    13.3675 0.0000e+00
      3.178     -0.183     3.8249     37.054     49.684  38.173856     3.4200     2.8104     0.1278     0.5922 6.0345e-01     5.0626      3.117      4.520    13.3830 0.0000e+00
      3.131     -0.182     3.8307     37.225     49.533  38.061935     3.4200     2.8066     0.1278     0.5922 6.2087e-01     5.0776      3.071      4.454    13.3956 0.0000e+00
      3.085     -0.181     3.8399     37.409     49.358  37.933046     3.4200     2.8295     0.1278     0.5922 6.8020e-01     5.1829      3.025      4.387    13.4046 0.0000e+00
      3.039     -0.181     3.8525     37.599     49.178  37.802339     3.5100     2.7646     0.1278     0.6345 7.5498e-01     4.1758      2.980      4.323    13.4101 0.0000e+00
      2.995     -0.182     3.8680     37.793     48.974  37.654768     3.5100     2.7685     0.1278     0.6345 7.5302e-01     4.2360      2.936      4.259    13.4138 0.0000e+00
      2.950     -0.184     3.8855     37.985     48.754  37.496538     3.5100     2.7494     0.1278     0.6345 7.6739e-01     4.2360      2.893      4.195    13.4175 0.0000e+00
      2.903     -0.188     3.9041     38.168     48.568  37.364686     3.5100     2.7570     0.1278     0.6345 8.4732e-01     4.1608      2.847      4.129    13.4232 0.0000e+00
      2.854     -0.192     3.9233     38.336     48.418  37.261684     3.3300     2.8142     0.0852     0.7614 9.0834e-01     5.8592      2.799      4.060    13.4312 0.0000e+00
      2.804     -0.195     3.9427     38.492     48.259  37.152145     3.3300     2.7875     0.0852     0.7614 1.0378e+00     5.7841      2.749      3.987    13.4409 0.0000e+00
      2.752     -0.197     3.9618     38.643     48.067  37.016760     3.3300     2.8066     0.0852     0.7614 1.1173e+00     5.8292      2.699      3.914    13.4518 0.0000e+00
      2.701     -0.197     3.9798     38.793     47.871  36.880829     3.3300     2.8371     0.0852     0.7614 1.2162e+00     5.9043      2.648      3.841    13.4637 0.0000e+00
      2.650     -0.196     3.9962     38.949     47.722  36.781392     3.2400     3.0202     0.1278     0.7191 1.2231e+00     4.7320      2.599      3.769    13.4764 0.0000e+00
      2.600     -0.193     4.0113     39.122     47.630  36.725603     3.2400     3.0164     0.1278     0.7191 1.2910e+00     4.8823      2.550      3.699    13.4894 0.0000e+00
      2.551     -0.189     4.0258     39.321     47.570  36.692645     3.2400     2.9706     0.1278     0.7191 1.4414e+00     4.8071      2.502      3.629    13.5029 0.0000e+00
      2.503     -0.186     4.0401     39.556     47.505  36.653921     3.2400     3.0355     0.1278     0.7191 1.5163e+00     4.8522      2.455      3.560    13.5179 0.0000e+00
      2.457     -0.184     4.0549     39.831     47.427  36.603069     3.2400     3.5543     0.1278     0.7191 1.5509e+00     3.9654      2.409      3.494    13.5343 0.0000e+00
      2.412     -0.183     4.0715     40.137     47.343  36.546332     3.5100     3.5657     0.0852     0.6768 1.5878e+00     4.0857      2.365      3.430    13.5503 0.0000e+00
      2.366     -0.183     4.0909     40.463     47.250  36.482448     3.5100     3.5619     0.0852     0.6768 1.6583e+00     3.9504      2.321      3.365    13.5642 0.0000e+00
      2.320     -0.182     4.1144     40.793     47.151  36.414186     3.5100     3.5657     0.0852     0.6768 1.8211e+00     3.9804      2.275      3.299    13.5757 0.0000e+00
      2.273     -0.183     4.1420     41.111     47.047  36.343152     3.5100     3.3369     0.0852     0.6768 1.9817e+00     4.1909      2.228      3.232    13.5852 0.0000e+00
      2.225     -0.183     4.1731     41.408     46.933  36.266246     3.3300     3.3025     0.0852     0.7614 2.1070e+00     4.1909      2.182      3.164    13.5939 0.0000e+00
      2.178     -0.183     4.2062     41.676     46.810  36.184748     3.3300     3.3102     0.0852     0.7614 2.1157e+00     4.2059      2.136      3.098    13.6023 0.0000e+00
      2.132     -0.182     4.2396     41.911     46.686  36.104656     3.3300     3.3330     0.0852     0.7614 2.2149e+00     4.2360      2.091      3.032    13.6112 0.0000e+00
      2.086     -0.181     4.2717     42.113     46.557  36.022437     3.3300     3.4971     0.0852     0.7614 2.4077e+00     3.9203      2.046      2.967    13.6213 0.0000e+00
      2.040     -0.180     4.3014     42.293     46.427  35.939935     3.4200     3.5123     0.0852     0.8460 2.5918e+00     4.0105      2.000      2.900    13.6331 0.0000e+00
      1.993     -0.178     4.3279     42.466     46.314  35.870799     3.4200     3.5276     0.0852     0.8460 2.7335e+00     4.0105      1.955      2.834    13.6475 0.0000e+00
      1.948     -0.176     4.3506     42.651     46.220  35.816401     3.4200     3.4933     0.0852     0.8460 2.9520e+00     3.8903      1.910      2.770    13.6646 0.0000e+00
      1.903     -0.175     4.3699     42.864     46.134  35.770157     3.4200     3.5619     0.0852     0.8460 3.0149e+00     3.9804      1.867      2.707    13.6835 0.0000e+00
      1.860     -0.174     4.3867     43.109     46.067  35.737562     3.4200     3.5772     0.0852     0.8460 3.1114e+00     3.9203      1.824      2.645    13.7029 0.0000e+00
      1.817     -0.174     4.4027     43.389     46.027  35.723787     3.5100     3.5810     0.0852     0.9306 3.2624e+00     3.9203      1.782      2.584    13.7224 0.0000e+00
      1.773     -0.175     4.4199     43.705     45.999  35.715259     3.5100     3.5734     0.0852     0.9306 3.4935e+00     3.8602      1.739      2.522    13.7429 0.0000e+00
      1.728     -0.177     4.4399     44.047     45.955  35.691879     3.5100     4.0464     0.0852     0.9306 3.7111e+00     3.1838      1.695      2.458    13.7644 0.0000e+00
      1.683     -0.178     4.4632     44.405     45.886  35.649391     3.5100     4.0578     0.0852     0.9306 3.9490e+00     3.2440      1.650      2.393    13.7856 0.0000e+00
      1.636     -0.180     4.4903     44.770     45.809  35.604195     3.4200     4.0426     0.1278     0.8460 4.1940e+00     3.2289      1.605      2.327    13.8040 0.0000e+00
      1.590     -0.182     4.5215     45.132     45.736  35.566023     3.4200     4.0426     0.1278     0.8460 4.5362e+00     3.2289      1.559      2.261    13.8186 0.0000e+00
      1.543     -0.185     4.5558     45.485     45.659  35.528659     3.4200     3.8862     0.1278     0.8460 4.7357e+00     3.4093      1.514      2.195    13.8304 0.0000e+00
      1.497     -0.189     4.5915     45.826     45.576  35.486102     3.4200     3.8595     0.1278     0.8460 4.7584e+00     3.4694      1.468      2.129    13.8424 0.0000e+00
      1.450     -0.193     4.6276     46.152     45.494  35.442849     3.4200     3.8786     0.0852     0.9729 4.8661e+00     3.3792      1.422      2.063    13.8582 0.0000e+00
      1.401     -0.198     4.6629     46.465     45.423  35.407172     3.4200     3.8595     0.0852     0.9729 5.3858e+00     3.3943      1.374      1.992    13.8792 0.0000e+00
      1.348     -0.201     4.6968     46.769     45.372  35.385400     3.4200     4.1685     0.0852     0.9729 6.0275e+00     4.4314      1.322      1.918    13.9033 0.0000e+00
      1.294     -0.204     4.7295     47.073     45.347  35.383614     3.4200     4.1799     0.0852     0.9729 6.7236e+00     4.3412      1.269      1.841    13.9272 0.0000e+00
      1.241     -0.205     4.7609     47.386     45.338  35.393414     3.4200     4.1685     0.0852     1.1844 7.2565e+00     4.5215      1.217      1.764    13.9497 0.0000e+00
      1.188     -0.206     4.7909     47.713     45.323  35.397609     3.4200     4.1761     0.0852     1.1844 7.5591e+00     4.4614      1.165      1.690    13.9711 0.0000e+00
      1.137     -0.206     4.8201     48.053     45.302  35.397318     3.4200     5.0649     0.0852     1.1844 7.8011e+00     4.1608      1.115      1.617    13.9915 0.0000e+00
      1.086     -0.207     4.8494     48.404     45.287  35.400388     3.4200     5.0573     0.0852     1.1844 8.3465e+00     4.1608      1.065      1.544    14.0108 0.0000e+00
      1.033     -0.209     4.8796     48.769     45.273  35.403675     3.4200     5.1031     0.0852     1.1844 9.0139e+00     4.1157      1.013      1.470    14.0294 0.0000e+00
      0.980     -0.211     4.9114     49.146     45.258  35.408057     3.4200     5.0878     0.1278     1.3536 9.6924e+00     4.1909      0.961      1.394    14.0474 0.0000e+00
      0.925     -0.214     4.9445     49.531     45.241  35.414702     3.4200     5.5723     0.1278     1.3536 1.0871e+01     3.7700      0.907      1.315    14.0647 0.0000e+00
      0.869     -0.216     4.9788     49.915     45.220  35.421422     3.4200     5.5799     0.1278     1.3536 1.1954e+01     3.6949      0.852      1.236    14.0810 0.0000e+00
      0.814     -0.219     5.0145     50.295     45.201  35.433971     3.4200     5.5723     0.1278     1.3536 1.2490e+01     3.6798      0.798      1.158    14.0972 0.0000e+00
      0.759     -0.222     5.0514     50.672     45.195  35.459657     3.5100     5.5723     0.0852     1.5651 1.2854e+01     3.6949      0.744      1.079    14.1150 0.0000e+00
      0.703     -0.225     5.0884     51.050     45.198  35.497410     3.5100     5.7173     0.0852     1.5651 1.3957e+01     4.0255      0.689      1.000    14.1366 0.0000e+00
      0.645     -0.226     5.1249     51.438     45.207  35.545415     3.5100     5.7096     0.0852     1.5651 1.5901e+01     3.9504      0.632      0.917    14.1628 0.0000e+00
      0.585     -0.226     5.1605     51.855     45.226  35.608550     3.5100     5.7020     0.0852     1.5651 1.7865e+01     3.9955      0.574      0.832    14.1928 0.0000e+00
      0.525     -0.224     5.1954     52.319     45.238  35.673947     3.4200     5.7020     0.0852     2.1150 2.0291e+01     4.0255      0.515      0.747    14.2264 0.0000e+00
