Data/DataNotYetUploadedToEDI/Raw_CTD/RawDownloads/103123_bvr50_S8188001.cnv
* Sea-Bird SBE19plus  Data File:
* FileName = C:\R\Reservoirs\Data\DataNotYetUploadedToEDI\Raw_CTD\RawDownloads\103123_bvr50_S8188_0001.hex
* Software version 2.8.0.119
* Temperature SN = 8188
* Conductivity SN = 8188
* System UpLoad Time = Nov 01 2023 16:38:48
* <ApplicationData>
* <Seaterm232>
# nquan = 16
# nvalues = 1655                        
# units = specified
# name 0 = depFM: Depth [fresh water, m]
# name 1 = dz/dtM: Descent Rate [m/s]
# name 2 = sbeox0Mg/L: Oxygen, SBE 43 [mg/l]
# name 3 = sbeox0PS: Oxygen, SBE 43 [% saturation]
# name 4 = specc: Specific Conductance [uS/cm]
# name 5 = c0uS/cm: Conductivity [uS/cm]
# name 6 = wetCDOM: Fluorescence, WET Labs CDOM [mg/m^3]
# name 7 = flECO-AFL: Fluorescence, WET Labs ECO-AFL/FL [mg/m^3]
# name 8 = flECO-AFL1: Fluorescence, WET Labs ECO-AFL/FL, 2 [mg/m^3]
# name 9 = flECO-AFL2: Fluorescence, WET Labs ECO-AFL/FL, 3 [mg/m^3]
# name 10 = par/sat/log: PAR/Logarithmic, Satlantic
# name 11 = turbWETntu0: Turbidity, WET Labs ECO [NTU]
# name 12 = prdM: Pressure, Strain Gauge [db]
# name 13 = prdE: Pressure, Strain Gauge [psi]
# name 14 = tv290C: Temperature [ITS-90, deg C]
# name 15 = flag:  0.000e+00
# span 0 =     -0.751,      8.907       
# span 1 =     -0.324,      0.103       
# span 2 =     0.0520,     7.4207       
# span 3 =      0.488,     70.955       
# span 4 =      0.693,    299.997       
# span 5 =   0.453749, 216.728280       
# span 6 =    -4.5000,     7.6500       
# span 7 =    -0.1460,    12.9043       
# span 8 =    -2.1300,     0.9372       
# span 9 =    -2.0304,     0.8460       
# span 10 = 1.1590e-01, 1.9267e+02      
# span 11 =    -0.4534,   100.7745      
# span 12 =     -0.736,      8.735      
# span 13 =     -1.068,     12.668      
# span 14 =     7.6921,    15.9135      
# span 15 = 0.0000e+00, 0.0000e+00      
# interval = seconds: 0.25
# start_time = Oct 31 2023 11:04:40 [Instrument's time stamp, header]
# bad_flag = -9.990e-29
*END*
[from data line 724]
      1.060      0.060     4.8447     47.234     34.693  27.327228     4.8600     3.1347     0.3408     0.6345 9.1223e+00     9.1809      1.040      1.508    14.4278 0.0000e+00
      1.076      0.057     4.8427     47.150     34.690  27.318573     4.8600     3.1232     0.3408     0.6345 8.8971e+00     9.1809      1.055      1.530    14.4151 0.0000e+00
      1.090      0.053     4.8385     47.056     34.688  27.311370     4.8600     3.1270     0.3408     0.6345 8.7040e+00     9.1809      1.069      1.550    14.4027 0.0000e+00
      1.103      0.049     4.8333     46.957     34.688  27.305678     4.8600     3.1232     0.3408     0.6345 8.6137e+00     9.1508      1.082      1.569    14.3912 0.0000e+00
      1.115      0.046     4.8270     46.851     34.686  27.299978     5.0400     3.1194     0.3408     0.7614 8.4505e+00     9.0907      1.093      1.586    14.3808 0.0000e+00
      1.125      0.043     4.8193     46.733     34.683  27.292749     5.0400     3.1347     0.3408     0.7614 8.3774e+00     9.1508      1.104      1.601    14.3716 0.0000e+00
      1.135      0.040     4.8106     46.608     34.680  27.286025     5.0400     2.8715     0.3408     0.7614 8.2384e+00     9.1658      1.114      1.615    14.3634 0.0000e+00
      1.145      0.039     4.8013     46.483     34.681  27.281970     5.0400     2.8982     0.3408     0.7614 8.0281e+00     9.0606      1.123      1.629    14.3562 0.0000e+00
      1.154      0.038     4.7911     46.366     34.685  27.279505     5.0400     2.8715     0.3408     0.7614 8.0894e+00     9.1208      1.132      1.642    14.3494 0.0000e+00
      1.163      0.039     4.7798     46.253     34.697  27.281929     4.8600     2.8791     0.2982     0.7191 8.0490e+00     9.1208      1.141      1.655    14.3428 0.0000e+00
      1.173      0.039     4.7676     46.132     34.716  27.289891     4.8600     2.8295     0.2982     0.7191 7.7554e+00     9.1809      1.150      1.668    14.3362 0.0000e+00
      1.183      0.040     4.7556     46.002     34.732  27.297593     4.8600     2.8028     0.2982     0.7191 7.4953e+00     9.2109      1.160      1.683    14.3291 0.0000e+00
      1.194      0.041     4.7445     45.869     34.744  27.303130     4.8600     2.8295     0.2982     0.7191 7.3072e+00     9.1208      1.171      1.699    14.3207 0.0000e+00
      1.205      0.042     4.7339     45.741     34.751  27.307978     4.9500     2.8257     0.2982     0.5922 7.2471e+00     9.1208      1.181      1.714    14.3111 0.0000e+00
      1.215      0.043     4.7226     45.626     34.753  27.311451     4.9500     2.7646     0.2982     0.5922 7.2219e+00     9.0456      1.191      1.728    14.3014 0.0000e+00
      1.225      0.046     4.7101     45.528     34.750  27.312494     4.9500     2.7303     0.2982     0.5922 7.1953e+00     9.1508      1.202      1.743    14.2934 0.0000e+00
      1.236      0.049     4.6969     45.453     34.745  27.311385     4.9500     2.7723     0.2982     0.5922 7.0975e+00     9.2109      1.213      1.759    14.2886 0.0000e+00
      1.249      0.053     4.6839     45.411     34.736  27.305851     4.9500     2.7570     0.3408     0.7191 7.0651e+00     9.1809      1.225      1.776    14.2876 0.0000e+00
      1.263      0.057     4.6719     45.408     34.723  27.294414     4.9500     2.8104     0.3408     0.7191 6.7735e+00     9.4214      1.239      1.796    14.2900 0.0000e+00
      1.279      0.060     4.6613     45.432     34.712  27.281945     4.9500     2.8295     0.3408     0.7191 6.5278e+00     9.3612      1.254      1.819    14.2946 0.0000e+00
      1.295      0.063     4.6532     45.462     34.713  27.275016     4.9500     2.8638     0.3408     0.7191 6.3130e+00     9.3312      1.271      1.843    14.2992 0.0000e+00
      1.313      0.065     4.6487     45.481     34.722  27.271781     4.9500     2.8219     0.3408     0.5499 6.2191e+00     9.4063      1.287      1.867    14.3014 0.0000e+00
      1.330      0.066     4.6485     45.478     34.727  27.263456     4.9500     2.7532     0.3408     0.5499 6.2367e+00     9.4214      1.304      1.891    14.2998 0.0000e+00
      1.346      0.066     4.6516     45.441     34.724  27.247821     4.9500     2.7646     0.3408     0.5499 6.1666e+00     9.3913      1.320      1.915    14.2937 0.0000e+00
      1.363      0.066     4.6558     45.360     34.716  27.228626     4.9500     2.7723     0.3408     0.5499 5.9069e+00     9.4514      1.337      1.939    14.2830 0.0000e+00
      1.380      0.065     4.6593     45.229     34.706  27.208669     4.9500     2.7685     0.3408     0.5499 5.7963e+00     9.4664      1.354      1.963    14.2681 0.0000e+00
      1.397      0.063     4.6608     45.048     34.697  27.190547     5.0400     2.8333     0.3408     0.5076 5.7162e+00     9.3913      1.370      1.987    14.2502 0.0000e+00
      1.413      0.061     4.6590     44.839     34.692  27.177347     5.0400     2.8295     0.3408     0.5076 5.5401e+00     9.4364      1.386      2.010    14.2310 0.0000e+00
      1.429      0.058     4.6526     44.633     34.697  27.173468     5.0400     2.8257     0.3408     0.5076 5.4636e+00     9.4214      1.401      2.032    14.2124 0.0000e+00
      1.444      0.055     4.6409     44.450     34.712  27.177874     5.0400     2.8333     0.3408     0.5076 5.4648e+00     9.3763      1.416      2.053    14.1951 0.0000e+00
      1.457      0.052     4.6239     44.313     34.721  27.179863     4.9500     3.0584     0.3408     0.5922 5.3369e+00     9.3462      1.429      2.073    14.1796 0.0000e+00
      1.470      0.049     4.6038     44.250     34.722  27.176003     4.9500     3.0927     0.3408     0.5922 5.3555e+00     9.4664      1.441      2.090    14.1659 0.0000e+00
      1.481      0.047     4.5838     44.261     34.729  27.177146     4.9500     3.0660     0.3408     0.5922 5.4946e+00     9.3462      1.452      2.106    14.1541 0.0000e+00
      1.492      0.046     4.5660     44.320     34.749  27.187554     4.9500     3.0736     0.3408     0.5922 5.5885e+00     9.4214      1.463      2.122    14.1443 0.0000e+00
      1.503      0.045     4.5527     44.400     34.775  27.202084     4.9500     2.5434     0.3408     0.5499 5.4648e+00     9.6769      1.474      2.137    14.1364 0.0000e+00
      1.514      0.044     4.5469     44.470     34.796  27.212733     4.9500     2.5243     0.3408     0.5499 5.3415e+00     9.7370      1.485      2.154    14.1299 0.0000e+00
      1.526      0.044     4.5487     44.504     34.800  27.210461     4.9500     2.5243     0.3408     0.5499 5.2609e+00     9.7069      1.497      2.171    14.1236 0.0000e+00
      1.538      0.043     4.5555     44.484     34.792  27.198621     4.9500     2.5052     0.3408     0.5499 5.1344e+00     9.6017      1.508      2.188    14.1166 0.0000e+00
      1.549      0.041     4.5644     44.386     34.782  27.185934     4.9500     2.5510     0.3408     0.5499 5.0635e+00     9.4214      1.519      2.204    14.1086 0.0000e+00
      1.559      0.038     4.5724     44.202     34.776  27.176937     5.0400     2.5854     0.2982     0.5922 5.0022e+00     9.3462      1.529      2.218    14.1000 0.0000e+00
      1.569      0.036     4.5768     43.946     34.780  27.177148     5.0400     2.5892     0.2982     0.5922 4.9676e+00     9.3763      1.538      2.231    14.0915 0.0000e+00
      1.577      0.033     4.5756     43.644     34.795  27.186624     5.0400     2.5930     0.2982     0.5922 4.9321e+00     9.4965      1.547      2.243    14.0835 0.0000e+00
      1.585      0.031     4.5663     43.322     34.804  27.192054     5.0400     2.5739     0.2982     0.5922 4.9278e+00     9.4664      1.554      2.254    14.0765 0.0000e+00
      1.592      0.030     4.5478     43.010     34.795  27.183007     4.8600     2.5739     0.3408     0.7614 4.9299e+00     9.3913      1.562      2.265    14.0708 0.0000e+00
      1.599      0.029     4.5219     42.737     34.774  27.164989     4.8600     2.6159     0.3408     0.7614 4.9182e+00     9.4514      1.569      2.275    14.0665 0.0000e+00
      1.606      0.030     4.4912     42.525     34.753  27.145076     4.8600     2.5930     0.3408     0.7614 4.9385e+00     9.4815      1.575      2.285    14.0634 0.0000e+00
      1.614      0.031     4.4583     42.389     34.739  27.129833     4.8600     2.4556     0.3408     0.7614 4.9385e+00     9.4364      1.582      2.295    14.0610 0.0000e+00
      1.621      0.033     4.4264     42.328     34.737  27.123117     5.0400     2.4404     0.2982     0.6345 4.9257e+00     9.3913      1.590      2.306    14.0587 0.0000e+00
      1.629      0.035     4.3986     42.334     34.740  27.119175     5.0400     2.4518     0.2982     0.6345 4.8947e+00     9.3612      1.598      2.318    14.0557 0.0000e+00
      1.639      0.038     4.3772     42.387     34.741  27.112997     5.0400     2.4480     0.2982     0.6345 4.9054e+00     9.4063      1.607      2.331    14.0512 0.0000e+00
      1.649      0.041     4.3637     42.461     34.742  27.106895     5.0400     2.2992     0.2982     0.6345 4.7760e+00     9.3763      1.617      2.345    14.0449 0.0000e+00
      1.660      0.043     4.3583     42.533     34.745  27.103200     5.0400     2.2802     0.3408     0.5922 4.7162e+00     9.4214      1.627      2.361    14.0369 0.0000e+00
      1.671      0.045     4.3598     42.583     34.744  27.096968     5.0400     2.2916     0.3408     0.5922 4.6520e+00     9.4063      1.639      2.377    14.0277 0.0000e+00
      1.684      0.046     4.3662     42.602     34.742  27.090496     5.0400     2.2878     0.3408     0.5922 4.5669e+00     9.4664      1.651      2.394    14.0180 0.0000e+00
      1.696      0.047     4.3747     42.587     34.751  27.093937     5.0400     2.3145     0.3408     0.5922 4.4697e+00     9.5717      1.663      2.412    14.0086 0.0000e+00
      1.708      0.046     4.3829     42.537     34.763  27.100288     5.0400     2.2954     0.3408     0.5922 4.4291e+00     9.5717      1.675      2.430    13.9999 0.0000e+00
      1.720      0.046     4.3888     42.462     34.761  27.095405     4.9500     2.3374     0.3408     0.5922 4.3841e+00     9.6919      1.687      2.447    13.9923 0.0000e+00
      1.732      0.044     4.3914     42.375     34.748  27.081946     4.9500     2.3031     0.3408     0.5922 4.2927e+00     9.6318      1.698      2.463    13.9856 0.0000e+00
      1.743      0.043     4.3904     42.285     34.736  27.068201     4.9500     2.3527     0.3408     0.5922 4.3085e+00     9.3913      1.709      2.479    13.9799 0.0000e+00
      1.754      0.041     4.3858     42.207     34.730  27.058422     4.9500     2.3679     0.3408     0.5922 4.2546e+00     9.4514      1.720      2.494    13.9750 0.0000e+00
      1.764      0.040     4.3785     42.144     34.735  27.057921     5.0400     2.3145     0.3408     0.6345 4.1858e+00     9.4664      1.730      2.509    13.9705 0.0000e+00
      1.774      0.038     4.3699     42.082     34.746  27.062603     5.0400     2.3298     0.3408     0.6345 4.1334e+00     9.3763      1.739      2.523    13.9655 0.0000e+00
      1.783      0.037     4.3612     42.017     34.748  27.061840     5.0400     2.2802     0.3408     0.6345 4.0648e+00     9.3161      1.749      2.536    13.9594 0.0000e+00
      1.792      0.036     4.3539     41.954     34.743  27.055427     5.0400     2.2840     0.3408     0.6345 4.0701e+00     9.4063      1.757      2.549    13.9525 0.0000e+00
      1.801      0.035     4.3480     41.895     34.739  27.049575     4.9500     2.2954     0.3834     0.5922 4.0489e+00     9.5416      1.766      2.561    13.9456 0.0000e+00
      1.809      0.035     4.3422     41.836     34.744  27.050640     4.9500     2.2878     0.3834     0.5922 3.9757e+00     9.3763      1.774      2.573    13.9399 0.0000e+00
      1.818      0.035     4.3359     41.780     34.758  27.058907     4.9500     2.2649     0.3834     0.5922 3.9038e+00     9.4063      1.783      2.586    13.9359 0.0000e+00
      1.827      0.036     4.3297     41.731     34.773  27.068661     4.9500     2.2764     0.3834     0.5922 3.8449e+00     9.3462      1.792      2.599    13.9328 0.0000e+00
      1.836      0.036     4.3239     41.696     34.782  27.074584     4.9500     2.2687     0.3408     0.5076 3.7696e+00     9.4063      1.801      2.612    13.9296 0.0000e+00
      1.846      0.037     4.3182     41.674     34.783  27.074296     4.9500     2.2573     0.3408     0.5076 3.6694e+00     9.3763      1.810      2.625    13.9258 0.0000e+00
      1.855      0.037     4.3128     41.659     34.780  27.071679     4.9500     2.2077     0.3408     0.5076 3.6789e+00     9.4364      1.819      2.639    13.9219 0.0000e+00
      1.865      0.038     4.3081     41.651     34.779  27.069996     4.9500     2.2077     0.3408     0.5076 3.6077e+00     9.4063      1.829      2.652    13.9188 0.0000e+00
      1.874      0.038     4.3046     41.650     34.779  27.068797     4.9500     2.2229     0.3408     0.5076 3.5309e+00     9.4063      1.838      2.666    13.9167 0.0000e+00
      1.884      0.039     4.3024     41.655     34.779  27.067762     4.9500     2.2039     0.3408     0.5499 3.4821e+00     9.4815      1.847      2.680    13.9156 0.0000e+00
      1.894      0.039     4.3010     41.658     34.775  27.062657     4.9500     2.2802     0.3408     0.5499 3.4028e+00     9.3612      1.857      2.694    13.9147 0.0000e+00
      1.904      0.041     4.3002     41.655     34.759  27.048161     4.9500     2.2725     0.3408     0.5499 3.3807e+00     9.3312      1.867      2.708    13.9137 0.0000e+00
      1.914      0.042     4.3002     41.643     34.738  27.028327     4.9500     2.2649     0.3408     0.5499 3.3052e+00     9.3763      1.877      2.723    13.9122 0.0000e+00
      1.925      0.044     4.3009     41.618     34.719  27.009744     5.1300     2.2573     0.3408     0.5922 3.2944e+00     9.4063      1.888      2.738    13.9104 0.0000e+00
      1.936      0.046     4.3015     41.585     34.706  26.995374     5.1300     2.3145     0.3408     0.5922 3.2299e+00     9.2109      1.899      2.754    13.9079 0.0000e+00
      1.948      0.049     4.3015     41.546     34.701  26.985346     5.1300     2.3450     0.3408     0.5922 3.1784e+00     9.1508      1.911      2.771    13.9045 0.0000e+00
      1.961      0.050     4.3007     41.501     34.699  26.976984     5.1300     2.3183     0.3408     0.5922 3.0885e+00     9.1057      1.923      2.789    13.9002 0.0000e+00
      1.975      0.052     4.2987     41.455     34.695  26.968060     5.0400     2.3259     0.3408     0.5499 3.0084e+00     9.2560      1.937      2.809    13.8946 0.0000e+00
      1.989      0.052     4.2959     41.406     34.692  26.960153     5.0400     2.3832     0.3408     0.5499 2.9482e+00     9.2109      1.950      2.829    13.8875 0.0000e+00
      2.002      0.052     4.2926     41.355     34.697  26.959071     5.0400     2.4022     0.3408     0.5499 2.8804e+00     9.1658      1.964      2.848    13.8791 0.0000e+00
      2.016      0.051     4.2889     41.305     34.704  26.960568     5.0400     2.3832     0.3408     0.5499 2.7850e+00     9.1208      1.977      2.867    13.8700 0.0000e+00
      2.028      0.050     4.2849     41.252     34.705  26.957124     4.9500     2.3946     0.3408     0.5922 2.8008e+00     9.1959      1.989      2.885    13.8611 0.0000e+00
      2.041      0.049     4.2807     41.190     34.702  26.951778     4.9500     2.2725     0.3408     0.5922 2.7281e+00     9.2260      2.001      2.902    13.8530 0.0000e+00
      2.053      0.048     4.2761     41.127     34.705  26.951026     4.9500     2.2573     0.3408     0.5922 2.6829e+00     9.1508      2.013      2.920    13.8460 0.0000e+00
      2.065      0.047     4.2714     41.077     34.713  26.954666     4.9500     2.2611     0.3408     0.5922 2.6934e+00     9.1208      2.025      2.937    13.8400 0.0000e+00
