Data/DataNotYetUploadedToEDI/Raw_CTD/RawDownloads/103123_fcr50_S8188003test.cnv
* Sea-Bird SBE19plus  Data File:
* FileName = C:\R\Reservoirs\Data\DataNotYetUploadedToEDI\Raw_CTD\RawDownloads\103123_bvr50_S8188_0003.hex
* Software version 2.8.0.119
* Temperature SN = 8188
* Conductivity SN = 8188
* System UpLoad Time = Nov 01 2023 16:40:08
* <ApplicationData>
* <Seaterm232>
# nquan = 16
# nvalues = 3610                        
# units = specified
# name 0 = depFM: Depth [fresh water, m]
# name 1 = dz/dtM: Descent Rate [m/s]
# name 2 = sbeox0Mg/L: Oxygen, SBE 43 [mg/l]
# name 3 = sbeox0PS: Oxygen, SBE 43 [% saturation]
# name 4 = specc: Specific Conductance [uS/cm]
# name 5 = c0uS/cm: Conductivity [uS/cm]
# name 6 = wetCDOM: Fluorescence, WET Labs CDOM [mg/m^3]
# name 7 = flECO-AFL: Fluorescence, WET Labs ECO-AFL/FL [mg/m^3]
# name 8 = flECO-AFL1: Fluorescence, WET Labs ECO-AFL/FL, 2 [mg/m^3]
# name 9 = flECO-AFL2: Fluorescence, WET Labs ECO-AFL/FL, 3 [mg/m^3]
# name 10 = par/sat/log: PAR/Logarithmic, Satlantic
# name 11 = turbWETntu0: Turbidity, WET Labs ECO [NTU]
# name 12 = prdM: Pressure, Strain Gauge [db]
# name 13 = prdE: Pressure, Strain Gauge [psi]
# name 14 = tv290C: Temperature [ITS-90, deg C]
# name 15 = flag:  0.000e+00
# span 0 =     -0.684,      0.806       
# span 1 =     -0.329,      0.206       
# span 2 =     5.6014,     7.7533       
# span 3 =     55.051,     77.348       
# span 4 =      0.914,     45.142       
# span 5 =   0.598584,  36.497989       
# span 6 =    -4.5000,    20.7900       
# span 7 =    -0.1460,    17.6422       
# span 8 =    -2.1300,     1.5762       
# span 9 =    -2.0304,     3.8493       
# span 10 = 2.0977e+01, 1.4639e+02      
# span 11 =    -0.2430,   173.8060      
# span 12 =     -0.671,      0.790      
# span 13 =     -0.973,      1.146      
# span 14 =     7.7161,    15.4328      
# span 15 = 0.0000e+00, 0.0000e+00      
# interval = seconds: 0.25
# start_time = Oct 31 2023 15:01:09 [Instrument's time stamp, header]
# bad_flag = -9.990e-29
*END*
[from data line 1356]
      0.726 -1.495e-08     7.1906     71.874     44.987  36.357998     3.6900    16.6389     0.1278     2.6649 2.4096e+01     3.5295      0.712      1.032    15.4058 0.0000e+00
      0.726 -1.163e-08     7.1898     71.850     44.994  36.364472     3.6900    16.2956     0.1278     2.6649 2.4002e+01     3.6197      0.712      1.032    15.4056 0.0000e+00
      0.726 -9.043e-09     7.1882     71.831     45.002  36.370819     3.6900    16.3032     0.1278     2.6649 2.4007e+01     3.4694      0.712      1.032    15.4056 0.0000e+00
      0.726 -7.033e-09     7.1862     71.825     45.002  36.370807     3.6900    16.2918     0.1278     2.6649 2.4091e+01     3.4845      0.712      1.032    15.4057 0.0000e+00
      0.726 -5.470e-09     7.1838     71.830     45.004  36.372357     3.6000    16.2956     0.1278     2.8341 2.4091e+01     3.4093      0.712      1.032    15.4060 0.0000e+00
      0.726 -4.254e-09     7.1813     71.842     45.009  36.375883     3.6000    16.6656     0.1278     2.8341 2.4054e+01     3.1989      0.712      1.032    15.4062 0.0000e+00
      0.726 -3.309e-09     7.1794     71.858     45.008  36.374402     3.6000    16.6084     0.1278     2.8341 2.4086e+01     3.1388      0.712      1.032    15.4065 0.0000e+00
      0.726 -2.574e-09     7.1788     71.876     45.001  36.367519     3.6000    16.6351     0.1278     2.8341 2.4112e+01     3.2289      0.712      1.032    15.4065 0.0000e+00
      0.726 -2.002e-09     7.1794     71.889     44.990  36.357359     3.6000    16.6580     0.1278     2.8341 2.4065e+01     3.2440      0.712      1.032    15.4063 0.0000e+00
      0.726 -1.557e-09     7.1807     71.897     44.985  36.353098     3.6000    16.5855     0.1278     2.8341 2.4117e+01     3.1989      0.712      1.032    15.4058 0.0000e+00
      0.726 -1.211e-09     7.1824     71.900     44.992  36.357559     3.6000    16.5969     0.1278     2.8341 2.4065e+01     3.2590      0.712      1.032    15.4050 0.0000e+00
      0.726 -9.418e-10     7.1843     71.904     45.000  36.364010     3.6000    16.5893     0.1278     2.8341 2.4080e+01     3.2139      0.712      1.032    15.4038 0.0000e+00
      0.726 -7.324e-10     7.1858     71.914     45.007  36.370210     3.6000    16.5741     0.1278     2.8341 2.4107e+01     3.2740      0.712      1.032    15.4027 0.0000e+00
      0.726 -5.697e-10     7.1867     71.926     45.016  36.377812     3.6900    16.0591     0.0426     2.7495 2.4075e+01     3.2289      0.712      1.032    15.4017 0.0000e+00
      0.726 -4.431e-10     7.1872     71.935     45.025  36.384883     3.6900    16.0705     0.0426     2.7495 2.4054e+01     3.1989      0.712      1.032    15.4010 0.0000e+00
      0.726 -3.447e-10     7.1876     71.940     45.030  36.389347     3.6900    16.0591     0.0426     2.7495 2.4096e+01     3.2891      0.712      1.032    15.4007 0.0000e+00
      0.726 -2.681e-10     7.1886     71.942     45.033  36.392394     3.6900    16.0514     0.0426     2.7495 2.4122e+01     3.2139      0.712      1.032    15.4008 0.0000e+00
      0.726 -2.085e-10     7.1897     71.939     45.036  36.394836     3.6000    16.0438     0.1278     2.7072 2.4054e+01     3.4544      0.712      1.032    15.4013 0.0000e+00
      0.726 -1.622e-10     7.1905     71.927     45.039  36.397325     3.6000    16.0629     0.1278     2.7072 2.4133e+01     3.4243      0.712      1.032    15.4018 0.0000e+00
      0.726 -1.261e-10     7.1909     71.910     45.037  36.396564     3.6000    16.0667     0.1278     2.7072 2.4065e+01     3.4394      0.712      1.032    15.4023 0.0000e+00
      0.726 -9.810e-11     7.1911     71.893     45.032  36.392348     3.6000    16.0667     0.1278     2.7072 2.4101e+01     3.4694      0.712      1.032    15.4027 0.0000e+00
      0.726 -7.630e-11     7.1907     71.882     45.030  36.391478     3.6000    15.8035     0.1278     2.7072 2.4075e+01     3.3492      0.712      1.032    15.4029 0.0000e+00
      0.726 -5.934e-11     7.1895     71.883     45.038  36.397681     3.7800    15.8340     0.1278     2.7495 2.4091e+01     3.4394      0.712      1.032    15.4031 0.0000e+00
      0.726 -4.615e-11     7.1877     71.892     45.051  36.408652     3.7800    15.8302     0.1278     2.7495 2.4122e+01     3.4694      0.712      1.032    15.4033 0.0000e+00
      0.726 -3.590e-11     7.1860     71.899     45.059  36.415431     3.7800    15.8035     0.1278     2.7495 2.4107e+01     3.5295      0.712      1.032    15.4036 0.0000e+00
      0.726 -2.792e-11     7.1849     71.901     45.054  36.411904     3.7800    16.0018     0.1278     2.7495 2.4133e+01     3.3642      0.712      1.032    15.4040 0.0000e+00
      0.726 -2.172e-11     7.1849     71.903     45.040  36.401092     3.6000    16.0400     0.1278     2.8341 2.4101e+01     3.4845      0.712      1.032    15.4044 0.0000e+00
      0.726 -1.689e-11     7.1857     71.906     45.024  36.388034     3.6000    15.9980     0.1278     2.8341 2.4101e+01     3.3943      0.712      1.032    15.4049 0.0000e+00
      0.726 -1.314e-11     7.1863     71.909     45.011  36.377170     3.6000    16.0247     0.1278     2.8341 2.4133e+01     3.3642      0.712      1.032    15.4053 0.0000e+00
      0.726 -1.022e-11     7.1865     71.913     45.007  36.373525     3.6000    17.0051     0.1278     2.8341 2.4065e+01     3.4694      0.712      1.033    15.4055 0.0000e+00
      0.726 -7.946e-12     7.1867     71.918     45.010  36.376129     3.6900    17.0242     0.1278     2.8341 2.4101e+01     3.4544      0.712      1.033    15.4056 0.0000e+00
      0.726 -6.181e-12     7.1871     71.927     45.011  36.377753     3.6900    17.0089     0.1278     2.8341 2.4065e+01     3.4544      0.712      1.032    15.4055 0.0000e+00
      0.726 -4.808e-12     7.1874     71.941     45.012  36.378829     3.6900    17.0471     0.1278     2.8341 2.4096e+01     3.5596      0.712      1.032    15.4053 0.0000e+00
      0.726 -3.739e-12     7.1877     71.955     45.017  36.383607     3.6900    17.0433     0.1278     2.8341 2.4091e+01     3.4394      0.712      1.032    15.4052 0.0000e+00
      0.726 -2.909e-12     7.1882     71.961     45.023  36.389398     3.6000    17.0051     0.0852     2.7918 2.4070e+01     3.4093      0.712      1.032    15.4053 0.0000e+00
      0.726 -2.262e-12     7.1890     71.958     45.028  36.393785     3.6000    17.0166     0.0852     2.7918 2.4065e+01     3.4394      0.712      1.032    15.4058 0.0000e+00
      0.726 -1.760e-12     7.1903     71.951     45.033  36.397940     3.6000    17.0204     0.0852     2.7918 2.4091e+01     3.5295      0.712      1.032    15.4065 0.0000e+00
      0.726 -1.369e-12     7.1916     71.945     45.034  36.399008     3.6000    16.2269     0.0852     2.7918 2.4070e+01     3.4995      0.712      1.032    15.4072 0.0000e+00
      0.726 -1.065e-12     7.1922     71.940     45.032  36.397275     3.6000    16.2307     0.0852     2.7918 2.4049e+01     3.4995      0.712      1.032    15.4079 0.0000e+00
      0.726 -8.280e-13     7.1918     71.939     45.035  36.400200     3.6000    16.2307     0.1278     2.8341 2.4086e+01     3.4394      0.712      1.032    15.4084 0.0000e+00
      0.726 -6.440e-13     7.1910     71.947     45.045  36.408563     3.6000    16.2689     0.1278     2.8341 2.4075e+01     3.5295      0.712      1.032    15.4087 0.0000e+00
      0.726 -5.008e-13     7.1904     71.962     45.054  36.416673     3.6000    15.7997     0.1278     2.8341 2.4086e+01     3.4394      0.712      1.032    15.4090 0.0000e+00
      0.726 -3.895e-13     7.1899     71.982     45.061  36.422731     3.6000    15.8035     0.1278     2.8341 2.4059e+01     3.5295      0.712      1.032    15.4093 0.0000e+00
      0.726 -3.029e-13     7.1897     72.001     45.067  36.428352     3.6000    15.8302     0.0852     2.7495 2.4086e+01     3.5295      0.712      1.032    15.4096 0.0000e+00
      0.726 -2.356e-13     7.1904     72.015     45.070  36.431075     3.6000    15.7920     0.0852     2.7495 2.4065e+01     3.5596      0.712      1.032    15.4099 0.0000e+00
      0.726 -1.832e-13     7.1919     72.023     45.066  36.427663     3.6000    16.0858     0.0852     2.7495 2.4086e+01     3.2740      0.712      1.032    15.4104 0.0000e+00
      0.726 -1.425e-13     7.1937     72.021     45.058  36.421168     3.6000    16.1125     0.0852     2.7495 2.4054e+01     3.1688      0.712      1.032    15.4109 0.0000e+00
      0.726 -1.108e-13     7.1955     72.008     45.049  36.413821     3.6000    16.1125     0.0852     2.8764 2.4054e+01     3.2289      0.712      1.033    15.4115 0.0000e+00
      0.726 -8.621e-14     7.1969     71.986     45.041  36.407622     3.6000    16.1087     0.0852     2.8764 2.4054e+01     3.2289      0.712      1.033    15.4119 0.0000e+00
      0.726 -6.706e-14     7.1977     71.957     45.038  36.404880     3.6000    16.5016     0.0852     2.8764 2.4122e+01     3.2139      0.712      1.033    15.4122 0.0000e+00
      0.726 -5.216e-14     7.1975     71.923     45.034  36.400902     3.6000    16.5397     0.0852     2.8764 2.4059e+01     3.1688      0.712      1.033    15.4123 0.0000e+00
      0.726 -4.057e-14     7.1962     71.886     45.026  36.394627     3.6000    16.5092     0.0852     2.7495 2.4112e+01     3.2740      0.712      1.033    15.4122 0.0000e+00
      0.726 -3.155e-14     7.1941     71.851     45.024  36.392305     3.6000    16.5283     0.0852     2.7495 2.4143e+01     3.2139      0.712      1.032    15.4121 0.0000e+00
      0.726 -2.454e-14     7.1912     71.826     45.025  36.393317     3.6000    16.5397     0.0852     2.7495 2.4086e+01     3.2740      0.712      1.032    15.4118 0.0000e+00
      0.726 -1.909e-14     7.1878     71.813     45.021  36.390009     3.6000    16.5245     0.0852     2.7495 2.4054e+01     3.2891      0.712      1.033    15.4115 0.0000e+00
      0.726 -1.484e-14     7.1841     71.810     45.010  36.381500     3.6000    16.4978     0.0852     2.7495 2.4091e+01     3.2891      0.712      1.033    15.4111 0.0000e+00
      0.726 -1.155e-14     7.1808     71.814     45.005  36.377404     3.6900    16.5207     0.1278     2.7495 2.4065e+01     3.2440      0.712      1.033    15.4107 0.0000e+00
      0.726 -8.980e-15     7.1783     71.825     45.008  36.380590     3.6900    15.8874     0.1278     2.7495 2.4065e+01     3.2440      0.712      1.033    15.4105 0.0000e+00
      0.726 -6.985e-15     7.1770     71.843     45.012  36.383986     3.6900    15.8531     0.1278     2.7495 2.4054e+01     3.2440      0.712      1.033    15.4106 0.0000e+00
      0.726 -5.432e-15     7.1767     71.868     45.017  36.388497     3.6900    15.8760     0.1278     2.7495 2.4054e+01     3.1688      0.712      1.033    15.4109 0.0000e+00
      0.726 -4.223e-15     7.1770     71.894     45.025  36.395326     3.6900    15.9065     0.0852     2.7918 2.4080e+01     3.3041      0.712      1.033    15.4113 0.0000e+00
      0.726 -3.284e-15     7.1780     71.914     45.029  36.398371     3.6900    15.7386     0.0852     2.7918 2.4065e+01     3.1989      0.712      1.032    15.4117 0.0000e+00
      0.726 -2.553e-15     7.1797     71.932     45.025  36.394484     3.6900    15.7539     0.0852     2.7918 2.4117e+01     3.1388      0.712      1.032    15.4122 0.0000e+00
      0.726 -1.984e-15     7.1822     71.951     45.015  36.386589     3.6900    15.7539     0.0852     2.7918 2.4086e+01     3.1989      0.712      1.032    15.4126 0.0000e+00
      0.726 -1.541e-15     7.1848     71.968     45.008  36.380503     3.6900    15.7386     0.0852     2.9610 2.4070e+01     3.2440      0.712      1.032    15.4128 0.0000e+00
      0.726 -1.196e-15     7.1868     71.975     45.007  36.378564     3.6900    16.0400     0.0852     2.9610 2.4075e+01     3.5746      0.712      1.032    15.4128 0.0000e+00
      0.726 -9.265e-16     7.1886     71.968     45.010  36.380256     3.6900    16.0400     0.0852     2.9610 2.4023e+01     3.4394      0.712      1.032    15.4125 0.0000e+00
      0.726 -7.160e-16     7.1905     71.950     45.018  36.386030     3.6900    16.0591     0.0852     2.9610 2.4101e+01     3.5295      0.712      1.032    15.4120 0.0000e+00
      0.726 -5.511e-16     7.1923     71.925     45.028  36.393464     3.5100    16.0667     0.0852     2.8341 2.4101e+01     3.5897      0.712      1.033    15.4114 0.0000e+00
      0.726 -4.210e-16     7.1931     71.898     45.038  36.400580     3.5100    16.5779     0.0852     2.8341 2.4070e+01     3.7099      0.712      1.033    15.4108 0.0000e+00
      0.726 -3.178e-16     7.1925     71.873     45.050  36.409274     3.5100    16.5626     0.0852     2.8341 2.4054e+01     3.6648      0.712      1.032    15.4101 0.0000e+00
      0.726 -2.347e-16     7.1909     71.851     45.062  36.417904     3.5100    16.6122     0.0852     2.8341 2.4080e+01     3.7249      0.712      1.032    15.4093 0.0000e+00
      0.726 -1.665e-16     7.1885     71.838     45.073  36.424810     3.5100    16.5664     0.0852     2.8341 2.4101e+01     3.7249      0.712      1.032    15.4084 0.0000e+00
      0.726 -1.089e-16     7.1860     71.834     45.073  36.423910     3.6900    16.8220     0.0852     2.8764 2.4080e+01     3.4394      0.712      1.032    15.4072 0.0000e+00
      0.726 -5.817e-17     7.1836     71.833     45.059  36.411004     3.6900    16.8525     0.0852     2.8764 2.4086e+01     3.4093      0.712      1.032    15.4059 0.0000e+00
      0.726 -1.116e-17     7.1817     71.830     45.045  36.398496     3.6900    16.8678     0.0852     2.8764 2.4101e+01     3.4544      0.712      1.033    15.4044 0.0000e+00
      0.726 3.5146e-17     7.1806     71.821     45.041  36.394933     3.6900    16.8258     0.0852     2.8764 2.4075e+01     3.4243      0.712      1.033    15.4029 0.0000e+00
      0.726 8.3688e-17     7.1804     71.809     45.042  36.395403     3.6000    16.2727     0.0852     2.9610 2.4086e+01     3.4694      0.712      1.033    15.4014 0.0000e+00
      0.726 1.3754e-16     7.1806     71.796     45.043  36.396072     3.6000    16.2994     0.0852     2.9610 2.4033e+01     3.4394      0.712      1.033    15.4001 0.0000e+00
      0.726 2.0012e-16     7.1805     71.787     45.044  36.397118     3.6000    16.2841     0.0852     2.9610 2.4059e+01     3.4845      0.712      1.033    15.3990 0.0000e+00
      0.726 2.7541e-16     7.1797     71.785     45.046  36.398818     3.6000    16.3032     0.0852     2.9610 2.4054e+01     3.4694      0.712      1.033    15.3983 0.0000e+00
      0.726 3.6819e-16     7.1785     71.789     45.049  36.401628     3.6900    15.8111     0.1278     2.7495 2.4096e+01     3.4243      0.712      1.033    15.3981 0.0000e+00
      0.726 4.8434e-16     7.1772     71.803     45.056  36.406295     3.6900    15.8111     0.1278     2.7495 2.4049e+01     3.4995      0.712      1.033    15.3982 0.0000e+00
      0.726 6.3125e-16     7.1763     71.826     45.061  36.410104     3.6900    15.8226     0.1278     2.7495 2.4112e+01     3.3642      0.712      1.033    15.3983 0.0000e+00
      0.726 8.1823e-16     7.1760     71.852     45.062  36.410108     3.6900    15.8035     0.1278     2.7495 2.4101e+01     3.4394      0.712      1.033    15.3983 0.0000e+00
      0.726 1.0572e-15     7.1765     71.876     45.063  36.410271     3.6900    15.9790     0.1278     2.7495 2.4096e+01     3.1688      0.712      1.033    15.3980 0.0000e+00
      0.726 1.3632e-15     7.1779     71.899     45.064  36.410636     3.6000    15.9751     0.1278     2.7918 2.4086e+01     3.1388      0.712      1.033    15.3976 0.0000e+00
      0.726 1.7558e-15     7.1803     71.928     45.061  36.407338     3.6000    15.9790     0.1278     2.7918 2.4049e+01     3.2440      0.712      1.033    15.3970 0.0000e+00
      0.726 2.2599e-15     7.1830     71.962     45.056  36.403459     3.6000    16.0133     0.1278     2.7918 2.4065e+01     3.3041      0.712      1.033    15.3963 0.0000e+00
      0.726 2.9075e-15     7.1855     71.992     45.054  36.401926     3.6000    16.2460     0.1278     2.7918 2.4039e+01     3.4694      0.712      1.033    15.3957 0.0000e+00
