Data/DataNotYetUploadedToEDI/Raw_CTD/RawDownloads/103123_fcr50_S7809004test.cnv
* Sea-Bird SBE19plus  Data File:
* FileName = C:\R\Reservoirs\Data\DataNotYetUploadedToEDI\Raw_CTD\RawDownloads\103123_bvr50_S7809_0004.hex
* Software version 2.8.0.119
* Temperature SN = 7809
* Conductivity SN = 7809
* System UpLoad Time = Nov 01 2023 16:50:37
* <ApplicationData>
* <Seaterm232>
# nquan = 15
# nvalues = 3849                        
# units = specified
# name 0 = depFM: Depth [fresh water, m]
# name 1 = dz/dtM: Descent Rate [m/s]
# name 2 = sbeox0Mg/L: Oxygen, SBE 43 [mg/l]
# name 3 = sbeox0PS: Oxygen, SBE 43 [% saturation]
# name 4 = specc: Specific Conductance [uS/cm]
# name 5 = c0uS/cm: Conductivity [uS/cm]
# name 6 = flECO-AFL: Fluorescence, WET Labs ECO-AFL/FL [mg/m^3]
# name 7 = ph: pH
# name 8 = orp: Oxidation Reduction Potential [mV]
# name 9 = par/sat/log: PAR/Logarithmic, Satlantic
# name 10 = turbWETntu0: Turbidity, WET Labs ECO [NTU]
# name 11 = prdM: Pressure, Strain Gauge [db]
# name 12 = prdE: Pressure, Strain Gauge [psi]
# name 13 = tv290C: Temperature [ITS-90, deg C]
# name 14 = flag:  0.000e+00
# span 0 =     -0.673,      1.053       
# span 1 =     -4.353,      8.485       
# span 2 =     6.2304,    11.7828       
# span 3 =     62.182,    114.791       
# span 4 =      0.530,     45.640       
# span 5 =   0.345113,  36.287747       
# span 6 =    -0.1352,    24.9478       
# span 7 =      4.942,      7.430       
# span 8 =  -461.5139,   334.1851       
# span 9 = 1.5960e+01, 1.6064e+02       
# span 10 =     1.1112,   150.9982      
# span 11 =     -0.660,      1.036      
# span 12 =     -0.957,      1.504      
# span 13 =     7.5826,    15.4375      
# span 14 = 0.0000e+00, 0.0000e+00      
# interval = seconds: 0.25
# start_time = Oct 31 2023 15:01:38 [Instrument's time stamp, header]
# bad_flag = -9.990e-29
*END*
[from data line 1446]
      0.647 2.5945e-79     6.7252     66.415     42.948  34.433793    16.9709      6.853   278.2051 2.9163e+01     5.1897      0.635      0.921    15.0849 0.0000e+00
      0.647 2.8540e-78     6.7159     66.320     42.915  34.408545    16.9963      6.853   278.7509 2.9167e+01     5.1911      0.634      0.920    15.0841 0.0000e+00
      0.647 3.1394e-77     6.7075     66.241     42.839  34.347919    17.1196      6.854   278.9614 2.9197e+01     5.1400      0.634      0.920    15.0837 0.0000e+00
      0.647 3.4533e-76     6.6982     66.171     42.822  34.335231    17.3461      6.854   278.2555 2.9218e+01     5.1527      0.634      0.920    15.0836 0.0000e+00
      0.647 3.7987e-75     6.6816     66.120     42.880  34.382025    17.4709      6.854   277.0127 2.9221e+01     5.2084      0.635      0.921    15.0844 0.0000e+00
      0.647 4.1785e-74     6.6747     66.077     42.910  34.406126    17.4967      6.854   276.4964 2.9234e+01     5.2326      0.634      0.920    15.0854 0.0000e+00
      0.647 4.5964e-73     6.6664     66.034     42.868  34.372850    17.6248      6.854   276.8309 2.9240e+01     5.2405      0.634      0.920    15.0860 0.0000e+00
      0.647 5.0560e-72     6.6581     65.991     42.852  34.360369    17.8465      6.854   277.3580 2.9223e+01     5.2696      0.634      0.920    15.0868 0.0000e+00
      0.647 5.5616e-71     6.6543     65.937     42.878  34.382118    17.9626      6.855   277.1908 2.9216e+01     5.3114      0.634      0.920    15.0874 0.0000e+00
      0.647 6.1178e-70     6.6496     65.860     42.877  34.382026    17.9887      6.855   276.3573 2.9211e+01     5.3706      0.634      0.920    15.0873 0.0000e+00
      0.646 6.7296e-69     6.6457     65.799     42.848  34.359247    18.0796      6.853   275.9708 2.9194e+01     5.4388      0.634      0.920    15.0875 0.0000e+00
      0.646 7.4025e-68     6.6408     65.780     42.848  34.360492    18.2124      6.853   275.9593 2.9194e+01     5.4523      0.634      0.920    15.0878 0.0000e+00
      0.646 8.1428e-67     6.6373     65.778     42.892  34.397082    18.2705      6.853   276.0466 2.9193e+01     5.4313      0.635      0.920    15.0884 0.0000e+00
      0.646 8.9570e-66     6.6271     65.777     42.921  34.420985    18.2833      6.853   276.4231 2.9174e+01     5.4579      0.634      0.919    15.0894 0.0000e+00
      0.646 9.8527e-65     6.6186     65.766     42.890  34.395713    18.3587      6.853   276.7264 2.9177e+01     5.5012      0.634      0.919    15.0908 0.0000e+00
      0.646 1.0838e-63     6.6195     65.742     42.828  34.345308    18.4741      6.854   276.6157 2.9182e+01     5.5108      0.634      0.919    15.0923 0.0000e+00
      0.646 1.1922e-62     6.6184     65.717     42.798  34.319109    18.5305      6.854   276.3757 2.9167e+01     5.4713      0.634      0.919    15.0939 0.0000e+00
      0.647 1.3114e-61     6.6188     65.681     42.817  34.332727    18.5240      6.853   276.3202 2.9163e+01     5.3996      0.635      0.921    15.0954 0.0000e+00
      0.647 1.4425e-60     6.6182     65.623     42.881  34.383066    18.5705      6.853   276.2881 2.9165e+01     5.3955      0.635      0.920    15.0950 0.0000e+00
      0.647 1.5868e-59     6.6148     65.566     42.928  34.420178    18.6852      6.853   276.2464 2.9149e+01     5.4212      0.634      0.920    15.0927 0.0000e+00
      0.647 1.7455e-58     6.6135     65.534     42.903  34.400764    18.7541      6.853   276.7619 2.9143e+01     5.4032      0.635      0.920    15.0903 0.0000e+00
      0.647 1.9200e-57     6.6110     65.524     42.903  34.402128    18.7621      6.852   277.5306 2.9167e+01     5.3823      0.635      0.920    15.0883 0.0000e+00
      0.647 2.1120e-56     6.6042     65.550     42.945  34.436670    18.7489      6.852   277.6249 2.9191e+01     5.3737      0.635      0.921    15.0872 0.0000e+00
      0.647 2.3232e-55     6.5966     65.614     42.945  34.437720    18.7282      6.852   277.2141 2.9203e+01     5.4019      0.634      0.920    15.0875 0.0000e+00
      0.647 2.5555e-54     6.5949     65.665     42.915  34.414829    18.7194      6.853   276.7788 2.9195e+01     5.4160      0.635      0.921    15.0881 0.0000e+00
      0.647 2.8111e-53     6.5925     65.670     42.912  34.413693    18.7099      6.853   276.6638 2.9169e+01     5.3733      0.635      0.920    15.0889 0.0000e+00
      0.647 3.0922e-52     6.5942     65.621     42.924  34.423981    18.6872      6.853   277.4592 2.9139e+01     5.3289      0.634      0.919    15.0903 0.0000e+00
      0.647 3.4014e-51     6.6033     65.505     42.909  34.412333    18.6109      6.854   278.7387 2.9118e+01     5.3574      0.634      0.920    15.0917 0.0000e+00
      0.647 3.7416e-50     6.6098     65.364     42.893  34.399749    18.4871      6.855   279.2280 2.9144e+01     5.4452      0.634      0.919    15.0931 0.0000e+00
      0.647 4.1157e-49     6.6088     65.233     42.892  34.398717    18.4216      6.856   278.8154 2.9174e+01     5.4679      0.635      0.920    15.0941 0.0000e+00
      0.646 4.5273e-48     6.6062     65.063     42.894  34.399852    18.3942      6.854   278.1375 2.9164e+01     5.4265      0.634      0.919    15.0946 0.0000e+00
      0.646 4.9800e-47     6.5926     64.886     42.912  34.413477    18.2798      6.853   277.8286 2.9157e+01     5.4234      0.634      0.919    15.0949 0.0000e+00
      0.647 5.4780e-46     6.5739     64.745     42.941  34.436565    18.1035      6.854   278.3502 2.9162e+01     5.4653      0.635      0.920    15.0950 0.0000e+00
      0.647 6.0258e-45     6.5678     64.621     42.927  34.425220    18.0110      6.855   279.2812 2.9184e+01     5.4890      0.635      0.920    15.0950 0.0000e+00
      0.647 6.6284e-44     6.5467     64.526     42.900  34.403198    18.0022      6.855   279.7933 2.9222e+01     5.4707      0.635      0.920    15.0945 0.0000e+00
      0.647 7.2913e-43     6.5262     64.479     42.926  34.424086    17.9305      6.855   279.8954 2.9231e+01     5.3807      0.635      0.921    15.0941 0.0000e+00
      0.647 8.0204e-42     6.5158     64.499     42.925  34.423991    17.7926      6.855   279.7420 2.9221e+01     5.3226      0.635      0.920    15.0935 0.0000e+00
      0.647 8.8224e-41     6.5006     64.547     42.898  34.402046    17.7173      6.855   279.4010 2.9228e+01     5.3833      0.635      0.921    15.0930 0.0000e+00
      0.647 9.7047e-40     6.4921     64.597     42.912  34.412541    17.7018      6.855   279.3867 2.9218e+01     5.4322      0.635      0.920    15.0929 0.0000e+00
      0.647 1.0675e-38     6.4846     64.687     42.928  34.423991    17.6063      6.854   279.6549 2.9189e+01     5.4342      0.634      0.920    15.0935 0.0000e+00
      0.647 1.1743e-37     6.4890     64.803     42.917  34.413584    17.4188      6.854   279.8042 2.9194e+01     5.4082      0.634      0.920    15.0943 0.0000e+00
      0.647 1.2917e-36     6.4966     64.918     42.919  34.413602    17.3078      6.854   279.9016 2.9204e+01     5.3911      0.635      0.920    15.0939 0.0000e+00
      0.647 1.4209e-35     6.4971     65.014     42.934  34.424213    17.2958      6.854   279.9721 2.9193e+01     5.4325      0.634      0.920    15.0926 0.0000e+00
      0.647 1.5629e-34     6.5087     65.059     42.923  34.414983    17.2075      6.855   279.4518 2.9202e+01     5.4649      0.635      0.920    15.0913 0.0000e+00
      0.647 1.7192e-33     6.5218     65.112     42.940  34.428890    17.0226      6.855   278.6003 2.9220e+01     5.4409      0.634      0.920    15.0896 0.0000e+00
      0.647 1.8912e-32     6.5324     65.223     42.985  34.465471    16.9168      6.854   278.3669 2.9231e+01     5.3811      0.635      0.920    15.0875 0.0000e+00
      0.647 2.0803e-31     6.5468     65.345     42.999  34.476607    16.9099      6.854   278.5229 2.9236e+01     5.3573      0.634      0.920    15.0865 0.0000e+00
      0.647 2.2883e-30     6.5471     65.473     42.949  34.436639    16.9154      6.855   278.8521 2.9224e+01     5.3914      0.635      0.920    15.0852 0.0000e+00
      0.647 2.5171e-29     6.5489     65.663     42.858  34.362898    16.8321      6.855   279.3358 2.9211e+01     5.3835      0.635      0.921    15.0846 0.0000e+00
      0.647 2.7689e-28     6.5647     65.904     42.839  34.346373    16.6598      6.855   278.8638 2.9209e+01     5.3300      0.634      0.920    15.0863 0.0000e+00
      0.647 3.0457e-27     6.5767     66.142     42.861  34.363724    16.5641      6.854   277.6198 2.9227e+01     5.3255      0.635      0.920    15.0876 0.0000e+00
      0.647 3.3503e-26     6.5860     66.391     42.803  34.318903    16.5491      6.854   277.1149 2.9224e+01     5.3975      0.634      0.920    15.0874 0.0000e+00
      0.647 3.6854e-25     6.6055     66.655     42.792  34.312016    16.5865      6.855   277.4051 2.9184e+01     5.4839      0.635      0.921    15.0858 0.0000e+00
      0.647 4.0539e-24     6.6347     66.915     42.910  34.407350    16.6667      6.855   277.8596 2.9172e+01     5.4472      0.635      0.920    15.0845 0.0000e+00
      0.647 4.4593e-23     6.6557     67.175     42.970  34.456429    16.7027      6.855   278.0501 2.9207e+01     5.3293      0.634      0.920    15.0837 0.0000e+00
      0.647 4.9052e-22     6.6808     67.463     42.896  34.397864    16.7146      6.855   277.7296 2.9233e+01     5.2882      0.635      0.920    15.0851 0.0000e+00
      0.647 5.3957e-21     6.7088     67.833     42.816  34.333708    16.8691      6.855   277.1672 2.9214e+01     5.3258      0.634      0.920    15.0884 0.0000e+00
      0.647 5.9353e-20     6.7335     68.276     42.793  34.315197    17.1552      6.856   276.9295 2.9191e+01     5.4083      0.634      0.920    15.0897 0.0000e+00
      0.647 6.5288e-19     6.7598     68.726     42.774  34.300940    17.3110      6.856   277.0061 2.9187e+01     5.4325      0.634      0.920    15.0903 0.0000e+00
      0.647 7.1817e-18     6.7850     69.188     42.759  34.288211    17.3373      6.856   277.0612 2.9184e+01     5.3792      0.634      0.920    15.0906 0.0000e+00
      0.647 7.8999e-17     6.8225     69.703     42.759  34.288188    17.5895      6.855   277.4235 2.9163e+01     5.3784      0.635      0.921    15.0904 0.0000e+00
      0.647 8.6899e-16     6.8715     70.249     42.774  34.300667    18.0634      6.855   278.1172 2.9139e+01     5.4234      0.634      0.920    15.0909 0.0000e+00
      0.647 9.5589e-15     6.9160     70.792     42.789  34.312192    18.3236      6.855   278.3063 2.9130e+01     5.4444      0.634      0.919    15.0911 0.0000e+00
      0.647 1.0515e-13     6.9594     71.292     42.775  34.300646    18.3553      6.856   277.9040 2.9132e+01     5.4266      0.634      0.920    15.0910 0.0000e+00
      0.647 1.1566e-12     7.0133     71.697     42.759  34.287957    18.3968      6.855   277.6411 2.9151e+01     5.4136      0.634      0.920    15.0910 0.0000e+00
      0.647 1.2723e-11     7.0691     71.986     42.755  34.285670    18.7662      6.855   277.5370 2.9165e+01     5.4245      0.634      0.920    15.0910 0.0000e+00
      0.647 1.3995e-10     7.1250     72.175     42.738  34.272991    19.4432      6.855   277.9355 2.9141e+01     5.4219      0.634      0.920    15.0908 0.0000e+00
      0.648 1.5395e-09     7.1776     72.269     42.723  34.261549    19.8156      6.855   278.8454 2.9116e+01     5.4164      0.635      0.921    15.0908 0.0000e+00
      0.648 1.6934e-08     7.2196     72.273     42.737  34.274229    19.8728      6.855   279.1600 2.9114e+01     5.3912      0.635      0.921    15.0912 0.0000e+00
      0.648 1.8627e-07     7.2467     72.206     42.767  34.299407    20.2267      6.855   279.0725 2.9114e+01     5.3222      0.635      0.921    15.0919 0.0000e+00
      0.648 1.8627e-07     7.2658     72.067     42.781  34.312191    20.8985      6.856   278.8207 2.9106e+01     5.2999      0.635      0.922    15.0924 0.0000e+00
      0.647 1.6934e-08     7.2759     71.885     42.767  34.301903    21.2780      6.856   278.3518 2.9090e+01     5.3604      0.635      0.921    15.0936 0.0000e+00
      0.647 1.5395e-09     7.2733     71.686     42.766  34.301912    21.3368      6.856   278.8228 2.9072e+01     5.4045      0.634      0.920    15.0957 0.0000e+00
      0.647 1.3995e-10     7.2686     71.471     42.778  34.312305    21.5422      6.855   280.0421 2.9062e+01     5.4239      0.635      0.921    15.0971 0.0000e+00
      0.647 1.2723e-11     7.2520     71.241     42.763  34.300665    21.9058      6.855   280.6191 2.9045e+01     5.4927      0.635      0.921    15.0983 0.0000e+00
      0.647 1.1566e-12     7.2327     70.992     42.747  34.288071    22.1123      6.856   280.6359 2.9012e+01     5.5865      0.635      0.921    15.0999 0.0000e+00
      0.647 1.0515e-13     7.2130     70.724     42.746  34.286916    22.1501      6.857   280.3311 2.8989e+01     5.6700      0.635      0.921    15.1007 0.0000e+00
      0.647 9.5590e-15     7.1908     70.454     42.746  34.286707    22.2130      6.857   279.8593 2.8986e+01     5.6829      0.634      0.920    15.1010 0.0000e+00
      0.647 8.6900e-16     7.1680     70.203     42.744  34.285544    22.3152      6.857   279.8364 2.8991e+01     5.6059      0.634      0.920    15.1012 0.0000e+00
      0.647 7.9000e-17     7.1430     69.965     42.728  34.272855    22.3780      6.857   280.1398 2.9004e+01     5.5581      0.634      0.920    15.1013 0.0000e+00
      0.647 7.1820e-18     7.1158     69.729     42.712  34.260185    22.4066      6.857   280.4304 2.9010e+01     5.5835      0.635      0.921    15.1018 0.0000e+00
      0.647 6.5290e-19     7.0868     69.519     42.709  34.259241    22.4114      6.857   280.5973 2.8988e+01     5.6060      0.635      0.921    15.1017 0.0000e+00
      0.647 5.9355e-20     7.0625     69.357     42.711  34.261443    22.3775      6.857   280.6951 2.8959e+01     5.5910      0.634      0.920    15.1014 0.0000e+00
      0.647 5.3960e-21     7.0390     69.202     42.744  34.286811    22.3545      6.857   280.8382 2.8958e+01     5.6075      0.634      0.920    15.1016 0.0000e+00
      0.647 4.9052e-22     7.0147     69.040     42.778  34.312180    22.3505      6.857   280.4343 2.8955e+01     5.6685      0.634      0.920    15.1025 0.0000e+00
      0.647 4.4593e-23     6.9903     68.898     42.782  34.314383    22.3039      6.857   279.5120 2.8928e+01     5.7140      0.635      0.921    15.1040 0.0000e+00
      0.647 4.0539e-24     6.9776     68.759     42.781  34.313439    22.2239      6.857   279.1505 2.8898e+01     5.7130      0.635      0.921    15.1054 0.0000e+00
      0.647 3.6854e-25     6.9627     68.616     42.766  34.300769    22.1822      6.857   279.5053 2.8881e+01     5.6561      0.634      0.920    15.1047 0.0000e+00
      0.647 3.3503e-26     6.9440     68.492     42.750  34.288081    22.1747      6.856   279.9300 2.8888e+01     5.6076      0.635      0.921    15.1015 0.0000e+00
      0.647 3.0458e-27     6.9323     68.397     42.747  34.286926    22.1745      6.856   279.3811 2.8905e+01     5.6043      0.635      0.921    15.0994 0.0000e+00
      0.647 2.7689e-28     6.9181     68.301     42.745  34.286811    22.1803      6.857   278.1170 2.8915e+01     5.6156      0.635      0.921    15.0991 0.0000e+00
      0.647 2.5172e-29     6.9032     68.198     42.743  34.286687    22.1859      6.858   277.7240 2.8935e+01     5.6422      0.635      0.921    15.0989 0.0000e+00
      0.647 2.2883e-30     6.8889     68.088     42.741  34.285438    22.1846      6.858   278.0707 2.8968e+01     5.6530      0.635      0.921    15.0996 0.0000e+00
      0.647 2.0803e-31     6.8820     67.953     42.722  34.271710    22.1722      6.858   278.2655 2.8961e+01     5.6432      0.635      0.921    15.1009 0.0000e+00
      0.647 1.8912e-32     6.8718     67.817     42.692  34.247590    22.1441      6.860   278.5303 2.8935e+01     5.6955      0.634      0.920    15.1024 0.0000e+00
      0.647 1.7192e-33     6.8597     67.679     42.692  34.247590    22.1109      6.861   278.6916 2.8958e+01     5.8410      0.634      0.920    15.1041 0.0000e+00
