Data/DataNotYetUploadedToEDI/Raw_CTD/RawDownloads/103123_fcr50_S8188003test.cnv
* Sea-Bird SBE19plus  Data File:
* FileName = C:\R\Reservoirs\Data\DataNotYetUploadedToEDI\Raw_CTD\RawDownloads\103123_bvr50_S8188_0003.hex
* Software version 2.8.0.119
* Temperature SN = 8188
* Conductivity SN = 8188
* System UpLoad Time = Nov 01 2023 16:40:08
* <ApplicationData>
* <Seaterm232>
# nquan = 16
# nvalues = 3610                        
# units = specified
# name 0 = depFM: Depth [fresh water, m]
# name 1 = dz/dtM: Descent Rate [m/s]
# name 2 = sbeox0Mg/L: Oxygen, SBE 43 [mg/l]
# name 3 = sbeox0PS: Oxygen, SBE 43 [% saturation]
# name 4 = specc: Specific Conductance [uS/cm]
# name 5 = c0uS/cm: Conductivity [uS/cm]
# name 6 = wetCDOM: Fluorescence, WET Labs CDOM [mg/m^3]
# name 7 = flECO-AFL: Fluorescence, WET Labs ECO-AFL/FL [mg/m^3]
# name 8 = flECO-AFL1: Fluorescence, WET Labs ECO-AFL/FL, 2 [mg/m^3]
# name 9 = flECO-AFL2: Fluorescence, WET Labs ECO-AFL/FL, 3 [mg/m^3]
# name 10 = par/sat/log: PAR/Logarithmic, Satlantic
# name 11 = turbWETntu0: Turbidity, WET Labs ECO [NTU]
# name 12 = prdM: Pressure, Strain Gauge [db]
# name 13 = prdE: Pressure, Strain Gauge [psi]
# name 14 = tv290C: Temperature [ITS-90, deg C]
# name 15 = flag:  0.000e+00
# span 0 =     -0.684,      0.806       
# span 1 =     -0.329,      0.206       
# span 2 =     5.6014,     7.7533       
# span 3 =     55.051,     77.348       
# span 4 =      0.914,     45.142       
# span 5 =   0.598584,  36.497989       
# span 6 =    -4.5000,    20.7900       
# span 7 =    -0.1460,    17.6422       
# span 8 =    -2.1300,     1.5762       
# span 9 =    -2.0304,     3.8493       
# span 10 = 2.0977e+01, 1.4639e+02      
# span 11 =    -0.2430,   173.8060      
# span 12 =     -0.671,      0.790      
# span 13 =     -0.973,      1.146      
# span 14 =     7.7161,    15.4328      
# span 15 = 0.0000e+00, 0.0000e+00      
# interval = seconds: 0.25
# start_time = Oct 31 2023 15:01:09 [Instrument's time stamp, header]
# bad_flag = -9.990e-29
*END*
[from data line 3436]
      0.737 1.1625e-08     7.1185     71.015     45.045  36.306230     3.6000    13.9114     0.0852     2.9187 2.6364e+01     3.1989      0.723      1.048    15.3004 0.0000e+00
      0.737 1.4947e-08     7.1181     70.992     45.037  36.298996     3.6000    13.9266     0.0852     2.9187 2.6301e+01     3.3191      0.723      1.048    15.2993 0.0000e+00
      0.737 1.9217e-08     7.1174     70.961     45.037  36.297938     3.6000    13.7817     0.0852     2.9187 2.6330e+01     3.4394      0.723      1.048    15.2983 0.0000e+00
      0.737 2.4708e-08     7.1162     70.919     45.039  36.298813     3.6000    13.7969     0.0852     2.7918 2.6313e+01     3.6047      0.723      1.048    15.2972 0.0000e+00
      0.737 3.1767e-08     7.1146     70.875     45.039  36.297894     3.6000    13.8084     0.0852     2.7918 2.6290e+01     3.4544      0.723      1.048    15.2960 0.0000e+00
      0.737 4.0843e-08     7.1125     70.839     45.041  36.298895     3.6000    13.7969     0.0852     2.7918 2.6410e+01     3.4995      0.723      1.048    15.2949 0.0000e+00
      0.737 5.2513e-08     7.1096     70.817     45.051  36.306045     3.6000    13.9686     0.0852     2.7918 2.6353e+01     3.4394      0.723      1.048    15.2939 0.0000e+00
      0.737 6.7516e-08     7.1054     70.812     45.065  36.317290     3.6000    13.9686     0.1278     2.8341 2.6313e+01     3.4995      0.723      1.048    15.2931 0.0000e+00
      0.737 8.6806e-08     7.1012     70.824     45.079  36.327705     3.6000    13.9877     0.1278     2.8341 2.6347e+01     3.4544      0.723      1.048    15.2924 0.0000e+00
      0.737 1.1161e-07     7.0977     70.851     45.085  36.332146     3.6000    13.9533     0.1278     2.8341 2.6364e+01     3.4394      0.723      1.048    15.2916 0.0000e+00
      0.737 1.4350e-07     7.0956     70.885     45.080  36.327836     3.6000    13.9877     0.1278     2.8341 2.6364e+01     3.5145      0.723      1.048    15.2909 0.0000e+00
      0.737 1.8450e-07     7.0952     70.910     45.068  36.317586     3.5100    13.9877     0.0852     2.7072 2.6364e+01     3.4694      0.723      1.048    15.2903 0.0000e+00
      0.737 2.3721e-07     7.0965     70.917     45.055  36.306586     3.5100    13.9838     0.0852     2.7072 2.6387e+01     3.4544      0.723      1.048    15.2897 0.0000e+00
      0.737 3.0498e-07     7.0993     70.904     45.043  36.295862     3.5100    13.9915     0.0852     2.7072 2.6381e+01     3.5145      0.723      1.048    15.2892 0.0000e+00
      0.737 3.9212e-07     7.1028     70.885     45.032  36.286518     3.5100    13.6748     0.0852     2.7072 2.6364e+01     3.5145      0.723      1.048    15.2887 0.0000e+00
      0.737 3.9212e-07     7.1054     70.874     45.031  36.283984     3.5100    13.6901     0.0852     2.7495 2.6439e+01     3.4995      0.722      1.048    15.2881 0.0000e+00
      0.737 3.0498e-07     7.1061     70.865     45.036  36.287583     3.5100    13.6748     0.0852     2.7495 2.6381e+01     3.4394      0.722      1.048    15.2874 0.0000e+00
      0.737 2.3720e-07     7.1050     70.844     45.036  36.286393     3.5100    13.6634     0.0852     2.7495 2.6347e+01     3.3943      0.722      1.048    15.2866 0.0000e+00
      0.737 1.8448e-07     7.1032     70.806     45.024  36.276133     3.5100    13.5528     0.0852     2.7495 2.6364e+01     3.5145      0.722      1.048    15.2856 0.0000e+00
      0.737 1.4347e-07     7.1023     70.767     45.012  36.265952     3.5100    13.5947     0.0852     2.7495 2.6347e+01     3.5446      0.722      1.048    15.2845 0.0000e+00
      0.737 1.1157e-07     7.1016     70.746     45.010  36.263039     3.6000    13.5261     0.0852     2.6649 2.6410e+01     3.4694      0.722      1.048    15.2835 0.0000e+00
      0.737 8.6761e-08     7.0996     70.734     45.018  36.268596     3.6000    13.5528     0.0852     2.6649 2.6473e+01     3.3943      0.722      1.048    15.2825 0.0000e+00
      0.737 6.7457e-08     7.0960     70.711     45.032  36.278164     3.6000    13.6100     0.0852     2.6649 2.6439e+01     3.4995      0.722      1.048    15.2816 0.0000e+00
      0.737 5.2436e-08     7.0922     70.678     45.041  36.284391     3.6000    13.6253     0.0852     2.6649 2.6359e+01     3.4394      0.722      1.048    15.2806 0.0000e+00
      0.737 4.0744e-08     7.0902     70.657     45.043  36.284977     3.6000    13.6062     0.1278     2.9610 2.6399e+01     3.4243      0.723      1.048    15.2796 0.0000e+00
      0.737 3.1639e-08     7.0892     70.655     45.038  36.280078     3.6000    13.6253     0.1278     2.9610 2.6468e+01     3.3943      0.723      1.048    15.2783 0.0000e+00
      0.737 2.4543e-08     7.0871     70.662     45.030  36.272348     3.6000    13.6901     0.1278     2.9610 2.6439e+01     3.5295      0.723      1.048    15.2769 0.0000e+00
      0.737 1.9005e-08     7.0841     70.671     45.025  36.267648     3.6000    13.6443     0.1278     2.9610 2.6416e+01     3.4694      0.723      1.048    15.2756 0.0000e+00
      0.737 1.4674e-08     7.0822     70.682     45.022  36.264726     3.6000    13.6748     0.1278     2.9187 2.6450e+01     3.4093      0.723      1.048    15.2744 0.0000e+00
      0.737 1.1274e-08     7.0821     70.695     45.023  36.264782     3.6000    13.6596     0.1278     2.9187 2.6404e+01     3.4694      0.723      1.048    15.2733 0.0000e+00
      0.737 8.5906e-09     7.0829     70.706     45.035  36.273773     3.6000    13.7778     0.1278     2.9187 2.6473e+01     3.4694      0.723      1.048    15.2723 0.0000e+00
      0.737 6.4524e-09     7.0840     70.704     45.049  36.284195     3.6000    13.7244     0.1278     2.9187 2.6433e+01     3.3792      0.723      1.048    15.2714 0.0000e+00
      0.737 4.7237e-09     7.0852     70.682     45.051  36.284961     3.6000    13.7511     0.1278     3.0456 2.6376e+01     3.4995      0.723      1.048    15.2706 0.0000e+00
      0.737 3.2950e-09     7.0866     70.646     45.040  36.276275     3.6000    13.7321     0.1278     3.0456 2.6445e+01     3.3943      0.723      1.048    15.2697 0.0000e+00
      0.737 2.0755e-09     7.0878     70.608     45.030  36.267705     3.6000    13.4956     0.1278     3.0456 2.6491e+01     3.4394      0.723      1.048    15.2689 0.0000e+00
      0.737 9.8781e-10     7.0878     70.568     45.027  36.264890     3.6000    13.4879     0.1278     3.0456 2.6359e+01     3.3943      0.723      1.048    15.2682 0.0000e+00
      0.737 -3.717e-11     7.0856     70.530     45.030  36.267077     3.6000    13.5108     0.1278     3.0456 2.6439e+01     3.5295      0.723      1.048    15.2676 0.0000e+00
      0.737 -1.065e-09     7.0821     70.496     45.036  36.270888     3.6000    13.4841     0.1278     3.0879 2.6416e+01     3.4544      0.723      1.048    15.2672 0.0000e+00
      0.737 -2.159e-09     7.0783     70.474     45.034  36.269418     3.6000    13.3544     0.1278     3.0879 2.6422e+01     3.4243      0.723      1.048    15.2668 0.0000e+00
      0.737 -3.391e-09     7.0744     70.468     45.029  36.264255     3.6000    13.3544     0.1278     3.0879 2.6450e+01     3.4243      0.723      1.048    15.2664 0.0000e+00
      0.737 -4.839e-09     7.0706     70.478     45.024  36.259964     3.6000    13.3620     0.1278     3.0879 2.6496e+01     3.4694      0.723      1.048    15.2659 0.0000e+00
      0.737 -6.593e-09     7.0673     70.498     45.019  36.255400     3.6900    13.3468     0.0852     2.9187 2.6439e+01     3.4394      0.723      1.048    15.2655 0.0000e+00
      0.737 -8.767e-09     7.0651     70.521     45.018  36.253309     3.6900    12.9958     0.0852     2.9187 2.6496e+01     3.6949      0.723      1.048    15.2650 0.0000e+00
      0.737 -1.150e-08     7.0646     70.540     45.021  36.255113     3.6900    13.0034     0.0852     2.9187 2.6404e+01     3.6798      0.723      1.048    15.2644 0.0000e+00
      0.737 -1.496e-08     7.0657     70.550     45.028  36.259312     3.6900    13.0034     0.0852     2.9187 2.6456e+01     3.6047      0.723      1.048    15.2637 0.0000e+00
      0.737 -1.937e-08     7.0679     70.550     45.039  36.267026     3.6900    13.0302     0.1278     2.6649 2.6462e+01     3.7550      0.723      1.048    15.2629 0.0000e+00
      0.737 -2.500e-08     7.0703     70.537     45.046  36.272390     3.6900    12.9996     0.1278     2.6649 2.6450e+01     3.7550      0.723      1.048    15.2619 0.0000e+00
      0.737 -3.223e-08     7.0723     70.515     45.046  36.270891     3.6900    13.0302     0.1278     2.6649 2.6404e+01     3.7249      0.723      1.048    15.2608 0.0000e+00
      0.737 -4.150e-08     7.0736     70.486     45.043  36.268073     3.6900    12.9996     0.1278     2.6649 2.6502e+01     3.6648      0.723      1.048    15.2596 0.0000e+00
      0.737 -5.341e-08     7.0737     70.454     45.040  36.265164     3.6900    12.9882     0.1278     2.6649 2.6479e+01     3.6648      0.723      1.048    15.2585 0.0000e+00
      0.737 -6.871e-08     7.0727     70.424     45.039  36.263370     3.6000    13.1904     0.1278     2.7072 2.6496e+01     3.4394      0.723      1.048    15.2574 0.0000e+00
      0.737 -8.837e-08     7.0706     70.403     45.046  36.268153     3.6000    13.2018     0.1278     2.7072 2.6422e+01     3.3342      0.723      1.049    15.2564 0.0000e+00
      0.737 -1.136e-07     7.0678     70.388     45.060  36.278809     3.6000    13.2018     0.1278     2.7072 2.6473e+01     3.4694      0.723      1.049    15.2555 0.0000e+00
      0.737 -1.461e-07     7.0647     70.374     45.072  36.288275     3.6000    13.2247     0.1278     2.7072 2.6496e+01     3.4694      0.723      1.049    15.2546 0.0000e+00
      0.737 -1.879e-07     7.0619     70.358     45.079  36.293135     3.6000    13.2552     0.0852     2.6649 2.6416e+01     3.3943      0.723      1.049    15.2539 0.0000e+00
      0.737 -2.416e-07     7.0598     70.341     45.081  36.294684     3.6000    13.2400     0.0852     2.6649 2.6439e+01     3.4845      0.723      1.049    15.2531 0.0000e+00
      0.737 -3.106e-07     7.0584     70.325     45.080  36.293335     3.6000    13.2476     0.0852     2.6649 2.6462e+01     3.5145      0.723      1.049    15.2524 0.0000e+00
      0.737 -3.994e-07     7.0571     70.310     45.075  36.288729     3.6000    13.2400     0.0852     2.6649 2.6399e+01     3.4394      0.723      1.049    15.2518 0.0000e+00
      0.737 -5.135e-07     7.0556     70.295     45.070  36.283598     3.6900    13.0073     0.1278     2.6226 2.6456e+01     3.6498      0.723      1.049    15.2513 0.0000e+00
      0.737 -6.602e-07     7.0540     70.284     45.066  36.280535     3.6900    12.9920     0.1278     2.6226 2.6450e+01     3.7550      0.723      1.049    15.2509 0.0000e+00
      0.737 -8.489e-07     7.0524     70.275     45.059  36.274764     3.6900    12.9882     0.1278     2.6226 2.6496e+01     3.7550      0.723      1.049    15.2505 0.0000e+00
      0.737     -0.000     7.0510     70.269     45.050  36.266724     3.6900    13.0263     0.1278     2.6226 2.6485e+01     3.7550      0.723      1.049    15.2500 0.0000e+00
      0.737     -0.000     7.0496     70.270     45.042  36.260215     3.6900    12.9424     0.1278     2.7495 2.6491e+01     3.4694      0.723      1.049    15.2495 0.0000e+00
      0.737     -0.000     7.0485     70.277     45.031  36.251519     3.6900    12.9233     0.1278     2.7495 2.6376e+01     3.5295      0.723      1.049    15.2490 0.0000e+00
      0.737     -0.000     7.0477     70.287     45.020  36.242279     3.6900    12.9539     0.1278     2.7495 2.6347e+01     3.4694      0.723      1.049    15.2486 0.0000e+00
      0.737     -0.000     7.0471     70.297     45.014  36.237953     3.6900    12.9462     0.1278     2.7495 2.6416e+01     3.4694      0.723      1.049    15.2483 0.0000e+00
      0.737     -0.000     7.0472     70.307     45.016  36.239369     3.6900    12.9577     0.1278     2.7495 2.6336e+01     3.4394      0.723      1.049    15.2482 0.0000e+00
      0.737     -0.000     7.0480     70.313     45.023  36.244923     3.6900    12.9615     0.1278     2.8764 2.6336e+01     3.4394      0.723      1.049    15.2481 0.0000e+00
      0.737     -0.000     7.0489     70.317     45.031  36.252136     3.6900    12.9424     0.1278     2.8764 2.6313e+01     3.5145      0.723      1.049    15.2480 0.0000e+00
      0.737      0.000     7.0500     70.321     45.042  36.260949     3.6900    12.9424     0.1278     2.8764 2.6416e+01     3.4243      0.723      1.049    15.2480 0.0000e+00
      0.737      0.000     7.0510     70.324     45.053  36.269752     3.6900    12.9500     0.1278     2.8764 2.6336e+01     3.3642      0.723      1.049    15.2481 0.0000e+00
      0.737      0.000     7.0515     70.327     45.057  36.272970     3.6000    12.9996     0.0852     2.7918 2.6364e+01     3.5145      0.723      1.049    15.2482 0.0000e+00
      0.737      0.000     7.0519     70.334     45.051  36.267501     3.6000    12.9844     0.0852     2.7918 2.6387e+01     3.4995      0.723      1.049    15.2484 0.0000e+00
      0.737      0.000     7.0523     70.340     45.039  36.257826     3.6000    12.9882     0.0852     2.7918 2.6359e+01     3.5145      0.723      1.049    15.2485 0.0000e+00
      0.737      0.000     7.0526     70.342     45.030  36.251270     3.6000    12.9691     0.0852     2.7918 2.6410e+01     3.4995      0.723      1.049    15.2484 0.0000e+00
      0.737      0.000     7.0530     70.340     45.026  36.248066     3.6000    13.1522     0.0852     2.8341 2.6359e+01     3.4694      0.723      1.049    15.2482 0.0000e+00
      0.737      0.000     7.0536     70.335     45.025  36.247357     3.6000    13.1103     0.0852     2.8341 2.6324e+01     3.4694      0.723      1.049    15.2482 0.0000e+00
      0.737      0.000     7.0542     70.328     45.032  36.252917     3.6000    13.1332     0.0852     2.8341 2.6239e+01     3.4544      0.723      1.049    15.2483 0.0000e+00
      0.737      0.000     7.0544     70.327     45.044  36.262268     3.6000    13.1255     0.0852     2.8341 2.6290e+01     3.4694      0.723      1.049    15.2484 0.0000e+00
      0.737      0.000     7.0542     70.334     45.049  36.266018     3.6000    13.2476     0.0852     2.8341 2.6210e+01     3.5897      0.723      1.048    15.2484 0.0000e+00
      0.737      0.000     7.0537     70.345     45.045  36.263187     3.6000    13.2361     0.0852     2.8341 2.6290e+01     3.4995      0.723      1.048    15.2484 0.0000e+00
      0.737      0.000     7.0531     70.358     45.042  36.260943     3.6000    13.2209     0.0852     2.8341 2.6319e+01     3.4544      0.723      1.048    15.2484 0.0000e+00
      0.737      0.000     7.0529     70.370     45.039  36.258688     3.6000    13.2400     0.0852     2.8341 2.6341e+01     3.6197      0.723      1.048    15.2484 0.0000e+00
      0.737      0.000     7.0536     70.383     45.030  36.251858     3.6000    13.4193     0.0852     2.8341 2.6279e+01     3.5145      0.723      1.048    15.2484 0.0000e+00
      0.737      0.000     7.0547     70.393     45.021  36.244576     3.6900    13.4231     0.1278     2.6649 2.6341e+01     3.3943      0.723      1.048    15.2484 0.0000e+00
      0.737      0.000     7.0560     70.397     45.016  36.240839     3.6900    13.4536     0.1278     2.6649 2.6307e+01     3.4694      0.723      1.048    15.2485 0.0000e+00
      0.736     -0.001     7.0572     70.391     45.015  36.239652     3.6900    13.4040     0.1278     2.6649 2.6290e+01     3.4394      0.722      1.048    15.2487 0.0000e+00
      0.736     -0.001     7.0585     70.373     45.016  36.240699     3.6900    13.4040     0.1278     2.6649 2.6307e+01     3.7099      0.722      1.048    15.2489 0.0000e+00
      0.736     -0.001     7.0595     70.352     45.018  36.242277     3.6000    13.4193     0.1278     2.6649 2.6347e+01     3.6949      0.722      1.048    15.2490 0.0000e+00
