Data/DataNotYetUploadedToEDI/Raw_CTD/RawDownloads/103123_bvr50_S7809001.cnv
* Sea-Bird SBE19plus  Data File:
* FileName = C:\R\Reservoirs\Data\DataNotYetUploadedToEDI\Raw_CTD\RawDownloads\103123_bvr50_S7809_0001.hex
* Software version 2.8.0.119
* Temperature SN = 7809
* Conductivity SN = 7809
* System UpLoad Time = Nov 01 2023 16:48:01
* <ApplicationData>
* <Seaterm232>
# nquan = 15
# nvalues = 1822                        
# units = specified
# name 0 = depFM: Depth [fresh water, m]
# name 1 = dz/dtM: Descent Rate [m/s]
# name 2 = sbeox0Mg/L: Oxygen, SBE 43 [mg/l]
# name 3 = sbeox0PS: Oxygen, SBE 43 [% saturation]
# name 4 = specc: Specific Conductance [uS/cm]
# name 5 = c0uS/cm: Conductivity [uS/cm]
# name 6 = flECO-AFL: Fluorescence, WET Labs ECO-AFL/FL [mg/m^3]
# name 7 = ph: pH
# name 8 = orp: Oxidation Reduction Potential [mV]
# name 9 = par/sat/log: PAR/Logarithmic, Satlantic
# name 10 = turbWETntu0: Turbidity, WET Labs ECO [NTU]
# name 11 = prdM: Pressure, Strain Gauge [db]
# name 12 = prdE: Pressure, Strain Gauge [psi]
# name 13 = tv290C: Temperature [ITS-90, deg C]
# name 14 = flag:  0.000e+00
# span 0 =     -0.742,      8.908       
# span 1 =     -0.383,      0.110       
# span 2 =    -0.0403,    10.6332       
# span 3 =     -0.303,    105.357       
# span 4 =      1.891,    315.709       
# span 5 =   1.485227, 227.910899       
# span 6 =    -0.1301,     9.9642       
# span 7 =      5.879,      6.718       
# span 8 =   207.5595,   354.3379       
# span 9 = 1.2371e-01, 1.0371e+02       
# span 10 =    -0.2995,    73.3132      
# span 11 =     -0.728,      8.736      
# span 12 =     -1.055,     12.671      
# span 13 =    10.9826,    15.9807      
# span 14 = 0.0000e+00, 0.0000e+00      
# interval = seconds: 0.25
# start_time = Oct 31 2023 10:34:39 [Instrument's time stamp, header]
# bad_flag = -9.990e-29
*END*
[from data line 1254]
      7.591      0.048     1.7016     16.353     37.227  28.118596     1.5341      6.560   304.9331 1.2390e-01    26.6229      7.444     10.797    12.7647 0.0000e+00
      7.605      0.046     1.7057     16.395     37.228  28.119116     1.5092      6.560   305.0752 1.2388e-01    26.5617      7.459     10.819    12.7645 0.0000e+00
      7.617      0.043     1.7164     16.442     37.237  28.125402     1.4262      6.560   305.0908 1.2388e-01    26.4960      7.471     10.836    12.7643 0.0000e+00
      7.626      0.039     1.7267     16.466     37.244  28.131169     1.3045      6.560   305.0354 1.2392e-01    26.5124      7.479     10.847    12.7639 0.0000e+00
      7.634      0.035     1.7335     16.455     37.236  28.125412     1.2521      6.560   305.0942 1.2388e-01    26.5887      7.486     10.857    12.7632 0.0000e+00
      7.642      0.032     1.7351     16.441     37.228  28.119225     1.2508      6.560   305.1127 1.2378e-01    26.5642      7.494     10.869    12.7626 0.0000e+00
      7.651      0.031     1.7425     16.419     37.229  28.119792     1.2477      6.560   305.0020 1.2374e-01    26.3877      7.503     10.882    12.7625 0.0000e+00
      7.658      0.031     1.7468     16.389     37.246  28.132269     1.2647      6.560   304.9594 1.2380e-01    26.1623      7.510     10.892    12.7628 0.0000e+00
      7.664      0.035     1.7413     16.362     37.261  28.143224     1.2899      6.560   305.0284 1.2389e-01    26.0593      7.515     10.900    12.7630 0.0000e+00
      7.671      0.040     1.7425     16.341     37.238  28.125403     1.3026      6.559   305.0615 1.2392e-01    26.0647      7.522     10.910    12.7629 0.0000e+00
      7.680      0.046     1.7393     16.345     37.213  28.107068     1.3509      6.559   305.1011 1.2391e-01    26.1588      7.531     10.923    12.7627 0.0000e+00
      7.693      0.052     1.7354     16.367     37.220  28.111816     1.4498      6.559   305.1637 1.2391e-01    26.3778      7.543     10.939    12.7624 0.0000e+00
      7.710      0.056     1.7336     16.388     37.232  28.119385     1.5240      6.561   305.1302 1.2392e-01    26.5598      7.561     10.966    12.7621 0.0000e+00
      7.729      0.057     1.7291     16.412     37.254  28.135150     1.5406      6.561   305.0404 1.2395e-01    26.5842      7.580     10.994    12.7619 0.0000e+00
      7.745      0.055     1.7305     16.454     37.308  28.175576     1.5263      6.560   305.0238 1.2390e-01    26.5356      7.595     11.017    12.7618 0.0000e+00
      7.759      0.051     1.7342     16.529     37.377  28.227610     1.4757      6.560   305.1015 1.2382e-01    26.6559      7.610     11.037    12.7616 0.0000e+00
      7.770      0.046     1.7356     16.635     37.417  28.256873     1.3951      6.560   305.1198 1.2381e-01    26.9791      7.622     11.054    12.7602 0.0000e+00
      7.778      0.042     1.7380     16.715     37.445  28.275678     1.3591      6.559   304.9868 1.2382e-01    27.2324      7.628     11.063    12.7587 0.0000e+00
      7.787      0.038     1.7416     16.726     37.519  28.328122     1.3641      6.559   304.9568 1.2384e-01    27.3277      7.635     11.074    12.7580 0.0000e+00
      7.798      0.036     1.7488     16.666     37.596  28.383544     1.3642      6.558   305.1004 1.2385e-01    27.5851      7.648     11.092    12.7582 0.0000e+00
      7.808      0.034     1.7633     16.506     37.673  28.438344     1.3857      6.558   305.0890 1.2383e-01    28.1238      7.658     11.107    12.7578 0.0000e+00
      7.816      0.033     1.7743     16.236     37.823  28.546701     1.4247      6.558   304.9901 1.2383e-01    28.4785      7.665     11.117    12.7542 0.0000e+00
      7.824      0.033     1.7739     15.877     38.008  28.678813     1.4446      6.558   305.0231 1.2388e-01    28.5599      7.672     11.129    12.7490 0.0000e+00
      7.831      0.033     1.7696     15.454     38.138  28.767123     1.5266      6.558   305.0585 1.2389e-01    28.8352      7.680     11.139    12.7448 0.0000e+00
      7.838      0.035     1.7540     15.009     38.182  28.789857     1.6914      6.559   305.0745 1.2387e-01    29.3125      7.685     11.147    12.7409 0.0000e+00
      7.847      0.039     1.7233     14.564     38.160  28.763388     1.7983      6.559   305.1299 1.2393e-01    29.5835      7.694     11.159    12.7350 0.0000e+00
      7.857      0.044     1.6863     14.094     38.170  28.764226     1.8532      6.559   305.1257 1.2396e-01    29.7202      7.705     11.175    12.7263 0.0000e+00
      7.868      0.049     1.6389     13.574     38.220  28.799978     2.1562      6.558   305.0237 1.2387e-01    30.6583      7.714     11.188    12.7121 0.0000e+00
      7.882      0.050     1.5914     12.996     38.239  28.815080     2.6975      6.557   304.8429 1.2386e-01    32.3175      7.727     11.207    12.6972 0.0000e+00
      7.900      0.049     1.5466     12.371     38.329  28.883400     2.9963      6.557   304.6614 1.2389e-01    33.2135      7.747     11.236    12.6845 0.0000e+00
      7.916      0.049     1.4975     11.733     38.642  29.118592     3.0310      6.558   304.6358 1.2388e-01    33.3285      7.766     11.262    12.6736 0.0000e+00
      7.926      0.049     1.4430     11.137     39.157  29.502133     3.0335      6.558   304.7048 1.2388e-01    33.3319      7.774     11.275    12.6718 0.0000e+00
      7.932      0.050     1.3812     10.613     39.540  29.778304     3.0101      6.558   304.7220 1.2387e-01    33.2208      7.777     11.279    12.6765 0.0000e+00
      7.941      0.052     1.3135     10.148     39.590  29.793603     2.9886      6.557   304.6720 1.2386e-01    33.1122      7.786     11.291    12.6759 0.0000e+00
      7.956      0.057     1.2436      9.654     39.566  29.750529     2.9903      6.556   304.6157 1.2391e-01    33.0779      7.801     11.314    12.6736 0.0000e+00
      7.973      0.062     1.1788      8.961     39.701  29.828362     2.9818      6.554   304.6442 1.2393e-01    33.0790      7.819     11.340    12.6722 0.0000e+00
      7.992      0.066     1.1243      7.956     40.002  30.036885     2.8938      6.554   304.6717 1.2391e-01    33.1599      7.838     11.367    12.6573 0.0000e+00
      8.011      0.066     1.0778      6.674     40.462  30.368755     2.7418      6.553   304.6045 1.2391e-01    33.3048      7.857     11.395    12.6262 0.0000e+00
      8.029      0.065     1.0342      5.218     41.046  30.796125     2.6414      6.552   304.5196 1.2390e-01    33.3620      7.875     11.422    12.5915 0.0000e+00
      8.044      0.062     0.9675      3.721     41.613  31.207743     2.6211      6.551   304.5056 1.2385e-01    33.4076      7.890     11.443    12.5616 0.0000e+00
      8.058      0.059     0.8570      2.334     42.244  31.666282     2.6129      6.549   304.6071 1.2379e-01    33.7874      7.902     11.461    12.5382 0.0000e+00
      8.072      0.057     0.7175      1.181     43.169  32.343659     2.5916      6.548   304.7149 1.2375e-01    34.4355      7.916     11.482    12.5233 0.0000e+00
      8.086      0.057     0.5576      0.356     44.147  33.053826     2.5805      6.547   304.6904 1.2380e-01    34.7885      7.931     11.503    12.5131 0.0000e+00
      8.100      0.057     0.3918     -0.120     44.902  33.591465     2.5782      6.545   304.5685 1.2383e-01    34.8098      7.943     11.520    12.4958 0.0000e+00
      8.115      0.057     0.2403     -0.303     45.516  34.022473     2.6382      6.544   304.4456 1.2386e-01    35.1376      7.957     11.541    12.4766 0.0000e+00
      8.132      0.055     0.1130     -0.274     45.966  34.331471     2.7574      6.542   304.3234 1.2390e-01    35.7792      7.975     11.567    12.4621 0.0000e+00
      8.148      0.052     0.0244     -0.126     46.532  34.726211     2.8129      6.542   304.2092 1.2393e-01    36.0776      7.992     11.591    12.4372 0.0000e+00
      8.162      0.048    -0.0236      0.065     48.023  35.813133     2.8017      6.541   304.1835 1.2389e-01    36.1147      8.005     11.610    12.4013 0.0000e+00
      8.173      0.043    -0.0403      0.282     49.987  37.257580     2.7379      6.540   304.2710 1.2379e-01    36.2617      8.017     11.627    12.3702 0.0000e+00
      8.181      0.039    -0.0339      0.506     51.231  38.167658     2.6325      6.539   304.5783 1.2375e-01    36.4555      8.024     11.637    12.3432 0.0000e+00
      8.188      0.037    -0.0140      0.697     51.527  38.377137     2.5839      6.538   304.9743 1.2377e-01    36.5795      8.029     11.644    12.3102 0.0000e+00
      8.197      0.037     0.0060      0.854     52.061  38.774953     2.5832      6.537   305.1013 1.2377e-01    36.5644      8.038     11.659    12.2817 0.0000e+00
      8.206      0.041     0.0291      0.994     54.626  40.692790     2.5830      6.536   304.9949 1.2379e-01    36.6149      8.048     11.673    12.2646 0.0000e+00
      8.215      0.048     0.0566      1.133     58.117  43.287202     2.5979      6.535   304.8064 1.2378e-01    36.8826      8.055     11.682    12.2465 0.0000e+00
      8.226      0.055     0.0758      1.273     60.725  45.200143     2.6139      6.531   304.7147 1.2377e-01    37.1025      8.065     11.698    12.2314 0.0000e+00
      8.242      0.060     0.0920      1.389     62.848  46.746668     2.6267      6.526   304.7475 1.2384e-01    37.1555      8.081     11.721    12.2326 0.0000e+00
      8.262      0.062     0.1068      1.478     64.598  48.019609     2.6275      6.522   304.7730 1.2391e-01    37.1131      8.101     11.750    12.2493 0.0000e+00
      8.282      0.061     0.1202      1.553     66.092  49.099962     2.5645      6.519   304.7643 1.2388e-01    36.8981      8.122     11.781    12.2488 0.0000e+00
      8.299      0.057     0.1380      1.594     67.899  50.412256     2.4574      6.517   304.6416 1.2381e-01    36.5713      8.141     11.808    12.2140 0.0000e+00
      8.312      0.051     0.1503      1.588     69.926  51.885654     2.4054      6.515   304.4945 1.2376e-01    36.4069      8.154     11.826    12.1844 0.0000e+00
      8.322      0.045     0.1585      1.565     71.921  53.325692     2.4184      6.512   304.3625 1.2371e-01    36.4133      8.162     11.838    12.1674 0.0000e+00
      8.331      0.040     0.1682      1.554     74.150  54.932202     2.4565      6.509   304.2495 1.2374e-01    36.2383      8.170     11.849    12.1415 0.0000e+00
      8.341      0.038     0.1736      1.542     76.947  56.956533     2.5004      6.504   304.1607 1.2382e-01    35.7944      8.180     11.864    12.1197 0.0000e+00
      8.350      0.039     0.1716      1.514     79.773  59.000973     2.5161      6.499   304.0637 1.2382e-01    35.4865      8.189     11.878    12.1007 0.0000e+00
      8.359      0.040     0.1669      1.467     81.648  60.340942     2.5132      6.494   304.0228 1.2381e-01    35.4530      8.197     11.888    12.0714 0.0000e+00
      8.369      0.041     0.1677      1.422     82.627  61.024598     2.4651      6.488   303.8387 1.2381e-01    35.2865      8.206     11.902    12.0385 0.0000e+00
      8.381      0.042     0.1668      1.404     83.977  61.994040     2.3672      6.483   303.5585 1.2382e-01    34.8749      8.219     11.921    12.0077 0.0000e+00
      8.394      0.043     0.1641      1.408     86.201  63.612288     2.3119      6.479   303.6456 1.2382e-01    34.6098      8.232     11.940    11.9780 0.0000e+00
      8.404      0.045     0.1584      1.403     88.497  65.278226     2.2953      6.475   304.0316 1.2378e-01    34.5065      8.242     11.954    11.9479 0.0000e+00
      8.414      0.048     0.1519      1.388     90.895  67.013966     2.2743      6.470   304.2676 1.2378e-01    34.0016      8.250     11.965    11.9213 0.0000e+00
      8.425      0.051     0.1506      1.395     94.105  69.347422     2.2663      6.465   304.2628 1.2386e-01    33.1854      8.261     11.981    11.9070 0.0000e+00
      8.439      0.055     0.1525      1.415     97.505  71.819621     2.2741      6.459   304.2317 1.2394e-01    32.8011      8.276     12.003    11.8971 0.0000e+00
      8.454      0.057     0.1531      1.425     99.677  73.387674     2.2851      6.454   304.7526 1.2396e-01    32.7374      8.291     12.023    11.8799 0.0000e+00
      8.471      0.056     0.1479      1.422    100.727  74.131523     2.2915      6.449   306.0861 1.2392e-01    32.1759      8.306     12.047    11.8606 0.0000e+00
      8.489      0.053     0.1504      1.409    102.066  75.092063     2.2842      6.444   307.3629 1.2390e-01    31.1696      8.327     12.077    11.8429 0.0000e+00
      8.504      0.048     0.1539      1.396    104.157  76.609534     2.2725      6.440   307.9723 1.2391e-01    30.6131      8.343     12.100    11.8263 0.0000e+00
      8.514      0.043     0.1543      1.387    106.659  78.428367     2.2747      6.435   308.2065 1.2390e-01    30.5032      8.350     12.111    11.8099 0.0000e+00
      8.521      0.038     0.1547      1.382    109.839  80.742562     2.3281      6.429   308.1291 1.2391e-01    29.9442      8.355     12.118    11.7942 0.0000e+00
      8.527      0.035     0.1521      1.379    113.771  83.605321     2.4186      6.421   307.6393 1.2392e-01    28.9094      8.362     12.129    11.7823 0.0000e+00
      8.535      0.035     0.1510      1.381    118.134  86.775802     2.4696      6.415   306.8439 1.2389e-01    28.3074      8.370     12.140    11.7735 0.0000e+00
      8.544      0.038     0.1501      1.399    123.460  90.644136     2.4870      6.408   305.8260 1.2388e-01    28.2339      8.378     12.152    11.7635 0.0000e+00
      8.555      0.042     0.1496      1.423    129.643  95.131510     2.4872      6.398   304.7101 1.2385e-01    28.1904      8.389     12.167    11.7527 0.0000e+00
      8.566      0.044     0.1496      1.428    135.133  99.099090     2.5553      6.389   303.6759 1.2382e-01    27.9185      8.400     12.184    11.7414 0.0000e+00
      8.578      0.046     0.1489      1.416    139.990 102.594146     2.7188      6.381   303.1299 1.2379e-01    27.4742      8.411     12.199    11.7261 0.0000e+00
      8.591      0.048     0.1512      1.421    145.520 106.579986     2.8084      6.371   303.0134 1.2383e-01    27.2252      8.425     12.219    11.7084 0.0000e+00
      8.604      0.050     0.1555      1.425    150.952 110.490598     2.8064      6.363   302.6978 1.2394e-01    27.0937      8.438     12.239    11.6893 0.0000e+00
      8.616      0.050     0.1565      1.409    155.616 113.834797     2.7698      6.356   301.9809 1.2395e-01    25.8167      8.449     12.254    11.6654 0.0000e+00
      8.628      0.051     0.1521      1.396    161.193 117.843803     2.7149      6.348   301.1419 1.2387e-01    23.4679      8.460     12.271    11.6406 0.0000e+00
      8.643      0.052     0.1544      1.374    168.565 123.160409     2.7008      6.340   300.6409 1.2387e-01    22.1954      8.476     12.294    11.6181 0.0000e+00
      8.656      0.053     0.1571      1.349    176.215 128.671074     2.7247      6.332   300.3979 1.2392e-01    21.9429      8.490     12.314    11.5958 0.0000e+00
      8.668      0.053     0.1516      1.338    182.399 133.103222     2.8453      6.324   300.3547 1.2391e-01    20.4835      8.499     12.328    11.5729 0.0000e+00
      8.682      0.052     0.1533      1.326    187.197 136.523946     3.0521      6.316   300.8074 1.2386e-01    17.8720      8.513     12.347    11.5508 0.0000e+00
      8.697      0.049     0.1497      1.307    191.444 139.552336     3.1603      6.308   301.3113 1.2387e-01    16.4309      8.530     12.372    11.5305 0.0000e+00
      8.711      0.046     0.1457      1.299    194.148 141.467670     3.1721      6.302   301.1990 1.2395e-01    16.2105      8.544     12.392    11.5082 0.0000e+00
      8.721      0.041     0.1465      1.301    193.904 141.250048     3.2616      6.297   300.8263 1.2397e-01    15.6850      8.553     12.405    11.4839 0.0000e+00
