Data/DataNotYetUploadedToEDI/Raw_CTD/RawDownloads/103123_bvr50_S8188001.cnv
* Sea-Bird SBE19plus  Data File:
* FileName = C:\R\Reservoirs\Data\DataNotYetUploadedToEDI\Raw_CTD\RawDownloads\103123_bvr50_S8188_0001.hex
* Software version 2.8.0.119
* Temperature SN = 8188
* Conductivity SN = 8188
* System UpLoad Time = Nov 01 2023 16:38:48
* <ApplicationData>
* <Seaterm232>
# nquan = 16
# nvalues = 1655                        
# units = specified
# name 0 = depFM: Depth [fresh water, m]
# name 1 = dz/dtM: Descent Rate [m/s]
# name 2 = sbeox0Mg/L: Oxygen, SBE 43 [mg/l]
# name 3 = sbeox0PS: Oxygen, SBE 43 [% saturation]
# name 4 = specc: Specific Conductance [uS/cm]
# name 5 = c0uS/cm: Conductivity [uS/cm]
# name 6 = wetCDOM: Fluorescence, WET Labs CDOM [mg/m^3]
# name 7 = flECO-AFL: Fluorescence, WET Labs ECO-AFL/FL [mg/m^3]
# name 8 = flECO-AFL1: Fluorescence, WET Labs ECO-AFL/FL, 2 [mg/m^3]
# name 9 = flECO-AFL2: Fluorescence, WET Labs ECO-AFL/FL, 3 [mg/m^3]
# name 10 = par/sat/log: PAR/Logarithmic, Satlantic
# name 11 = turbWETntu0: Turbidity, WET Labs ECO [NTU]
# name 12 = prdM: Pressure, Strain Gauge [db]
# name 13 = prdE: Pressure, Strain Gauge [psi]
# name 14 = tv290C: Temperature [ITS-90, deg C]
# name 15 = flag:  0.000e+00
# span 0 =     -0.751,      8.907       
# span 1 =     -0.324,      0.103       
# span 2 =     0.0520,     7.4207       
# span 3 =      0.488,     70.955       
# span 4 =      0.693,    299.997       
# span 5 =   0.453749, 216.728280       
# span 6 =    -4.5000,     7.6500       
# span 7 =    -0.1460,    12.9043       
# span 8 =    -2.1300,     0.9372       
# span 9 =    -2.0304,     0.8460       
# span 10 = 1.1590e-01, 1.9267e+02      
# span 11 =    -0.4534,   100.7745      
# span 12 =     -0.736,      8.735      
# span 13 =     -1.068,     12.668      
# span 14 =     7.6921,    15.9135      
# span 15 = 0.0000e+00, 0.0000e+00      
# interval = seconds: 0.25
# start_time = Oct 31 2023 11:04:40 [Instrument's time stamp, header]
# bad_flag = -9.990e-29
*END*
[from data line 814]
      2.089      0.046     4.2605     41.021     34.718  26.954565     5.0400     2.2001     0.3834     0.4653 2.5918e+00     9.1809      2.048      2.971    13.8301 0.0000e+00
      2.100      0.045     4.2544     41.005     34.720  26.954756     5.0400     2.2229     0.3834     0.4653 2.5554e+00     9.1057      2.059      2.987    13.8258 0.0000e+00
      2.112      0.045     4.2496     40.993     34.719  26.952415     5.0400     2.2039     0.3834     0.4653 2.4745e+00     9.1809      2.071      3.003    13.8219 0.0000e+00
      2.123      0.044     4.2464     40.981     34.708  26.942958     5.0400     2.2382     0.3834     0.4653 2.4740e+00     9.1508      2.082      3.019    13.8185 0.0000e+00
      2.134      0.044     4.2443     40.966     34.695  26.931782     4.9500     2.1428     0.3408     0.5499 2.4489e+00     9.1959      2.093      3.035    13.8159 0.0000e+00
      2.145      0.044     4.2429     40.946     34.692  26.927784     4.9500     2.1238     0.3408     0.5499 2.3714e+00     9.1809      2.104      3.051    13.8138 0.0000e+00
      2.156      0.044     4.2418     40.919     34.696  26.929899     4.9500     2.1848     0.3408     0.5499 2.4072e+00     9.1658      2.114      3.067    13.8120 0.0000e+00
      2.167      0.044     4.2407     40.891     34.705  26.934732     4.9500     2.1619     0.3408     0.5499 2.3391e+00     9.2861      2.125      3.083    13.8103 0.0000e+00
      2.179      0.045     4.2393     40.867     34.719  26.943569     4.9500     2.2725     0.3408     0.5922 2.3391e+00     9.2260      2.137      3.099    13.8085 0.0000e+00
      2.190      0.045     4.2373     40.847     34.737  26.954810     4.9500     2.2802     0.3408     0.5922 2.3269e+00     9.0907      2.148      3.115    13.8066 0.0000e+00
      2.202      0.046     4.2347     40.832     34.752  26.963532     4.9500     2.2878     0.3408     0.5922 2.2824e+00     9.1658      2.159      3.132    13.8044 0.0000e+00
      2.213      0.047     4.2321     40.815     34.757  26.964142     4.9500     2.2802     0.3408     0.5922 2.2029e+00     9.1959      2.171      3.148    13.8017 0.0000e+00
      2.225      0.047     4.2300     40.788     34.751  26.956803     4.8600     2.2115     0.2982     0.5076 2.2159e+00     9.1959      2.182      3.165    13.7986 0.0000e+00
      2.237      0.048     4.2283     40.749     34.742  26.947476     4.8600     2.1810     0.2982     0.5076 2.1462e+00     9.2260      2.194      3.183    13.7949 0.0000e+00
      2.250      0.049     4.2270     40.704     34.737  26.941594     4.8600     2.2001     0.2982     0.5076 2.1369e+00     9.1208      2.206      3.200    13.7907 0.0000e+00
      2.262      0.049     4.2257     40.654     34.738  26.941547     4.8600     2.1924     0.2982     0.5076 2.1061e+00     9.1508      2.219      3.218    13.7864 0.0000e+00
      2.275      0.050     4.2233     40.601     34.737  26.939403     4.8600     2.0131     0.2982     0.5076 2.0824e+00     9.2260      2.231      3.236    13.7825 0.0000e+00
      2.287      0.051     4.2196     40.549     34.728  26.930631     4.8600     2.0208     0.2982     0.5499 2.0644e+00     9.1508      2.243      3.254    13.7791 0.0000e+00
      2.301      0.052     4.2152     40.498     34.718  26.920811     4.8600     2.0208     0.2982     0.5499 1.9951e+00     9.3011      2.256      3.272    13.7765 0.0000e+00
      2.314      0.052     4.2101     40.452     34.712  26.915243     4.8600     2.0322     0.2982     0.5499 1.9620e+00     9.1508      2.270      3.292    13.7744 0.0000e+00
      2.328      0.051     4.2048     40.414     34.715  26.916401     4.8600     2.0742     0.2982     0.5499 1.8946e+00     9.4664      2.283      3.311    13.7724 0.0000e+00
      2.342      0.051     4.1996     40.376     34.722  26.920634     4.8600     2.0932     0.3408     0.5922 1.9016e+00     9.4364      2.296      3.331    13.7704 0.0000e+00
      2.355      0.049     4.1945     40.333     34.724  26.921154     4.8600     2.0589     0.3408     0.5922 1.8526e+00     9.3763      2.309      3.349    13.7681 0.0000e+00
      2.367      0.048     4.1899     40.279     34.717  26.914138     4.8600     2.0513     0.3408     0.5922 1.8668e+00     9.4364      2.321      3.366    13.7660 0.0000e+00
      2.378      0.047     4.1862     40.216     34.709  26.905636     4.8600     2.1581     0.3408     0.5922 1.8486e+00     9.1809      2.332      3.383    13.7643 0.0000e+00
      2.390      0.046     4.1825     40.151     34.707  26.901298     4.8600     2.1657     0.3408     0.4653 1.8330e+00     9.2109      2.344      3.399    13.7627 0.0000e+00
      2.401      0.045     4.1781     40.096     34.709  26.899967     4.8600     2.1428     0.3408     0.4653 1.7940e+00     9.2410      2.355      3.416    13.7610 0.0000e+00
      2.413      0.045     4.1728     40.042     34.709  26.897329     4.8600     2.1505     0.3408     0.4653 1.7913e+00     9.0907      2.366      3.432    13.7590 0.0000e+00
      2.424      0.044     4.1665     39.977     34.702  26.888721     4.8600     2.1428     0.3408     0.4653 1.7263e+00     9.1658      2.377      3.448    13.7561 0.0000e+00
      2.435      0.044     4.1601     39.905     34.694  26.879767     4.8600     2.1505     0.3408     0.4653 1.7913e+00     9.1508      2.388      3.464    13.7525 0.0000e+00
      2.446      0.045     4.1548     39.830     34.692  26.875997     4.8600     2.1428     0.3408     0.5076 1.7402e+00     9.2109      2.399      3.480    13.7482 0.0000e+00
      2.458      0.045     4.1496     39.755     34.696  26.876406     4.8600     2.1390     0.3408     0.5076 1.7282e+00     9.1208      2.410      3.496    13.7438 0.0000e+00
      2.469      0.046     4.1433     39.679     34.705  26.881103     4.8600     2.2497     0.3408     0.5076 1.7062e+00     9.2109      2.421      3.512    13.7394 0.0000e+00
      2.481      0.047     4.1362     39.601     34.715  26.887381     4.8600     2.2725     0.3408     0.5076 1.6888e+00     9.1358      2.433      3.528    13.7353 0.0000e+00
      2.493      0.048     4.1287     39.522     34.723  26.892954     4.9500     2.2649     0.3408     0.5076 1.6786e+00     9.0606      2.445      3.545    13.7315 0.0000e+00
      2.505      0.049     4.1212     39.452     34.738  26.903268     4.9500     2.2764     0.3408     0.5076 1.6576e+00     9.1809      2.457      3.563    13.7282 0.0000e+00
      2.518      0.051     4.1136     39.395     34.757  26.917113     4.9500     2.0932     0.3408     0.5076 1.6233e+00     9.4815      2.469      3.581    13.7255 0.0000e+00
      2.532      0.052     4.1057     39.346     34.760  26.918386     4.9500     2.0704     0.3408     0.5076 1.6034e+00     9.3161      2.482      3.600    13.7232 0.0000e+00
      2.545      0.053     4.0977     39.302     34.741  26.903465     4.9500     2.0589     0.3408     0.4230 1.5716e+00     9.4364      2.496      3.620    13.7214 0.0000e+00
      2.559      0.053     4.0906     39.265     34.723  26.888169     4.9500     2.0971     0.3408     0.4230 1.5628e+00     9.4214      2.509      3.639    13.7199 0.0000e+00
      2.573      0.053     4.0848     39.235     34.720  26.884258     4.9500     2.0322     0.3408     0.4230 1.5355e+00     9.2410      2.522      3.658    13.7187 0.0000e+00
      2.586      0.054     4.0798     39.218     34.725  26.886727     4.9500     2.0131     0.3408     0.4230 1.5298e+00     9.2260      2.536      3.678    13.7175 0.0000e+00
      2.600      0.054     4.0754     39.212     34.724  26.884358     4.8600     2.0093     0.3408     0.5499 1.4840e+00     9.1057      2.549      3.697    13.7162 0.0000e+00
      2.613      0.055     4.0717     39.210     34.716  26.876519     4.8600     2.0017     0.3408     0.5499 1.4776e+00     9.2560      2.562      3.716    13.7147 0.0000e+00
      2.627      0.055     4.0687     39.212     34.709  26.869037     4.8600     1.9368     0.3408     0.5499 1.4686e+00     9.1959      2.576      3.736    13.7128 0.0000e+00
      2.641      0.056     4.0671     39.222     34.709  26.867838     4.8600     1.9712     0.3408     0.5499 1.4499e+00     9.2560      2.590      3.757    13.7106 0.0000e+00
      2.656      0.056     4.0668     39.241     34.718  26.872600     4.8600     1.9674     0.3408     0.5499 1.3846e+00     9.1959      2.604      3.777    13.7082 0.0000e+00
      2.670      0.055     4.0668     39.261     34.725  26.876674     4.9500     1.9521     0.3408     0.4653 1.3376e+00     9.2260      2.619      3.798    13.7056 0.0000e+00
      2.685      0.055     4.0672     39.282     34.722  26.873229     4.9500     1.9101     0.3408     0.4653 1.3414e+00     9.1208      2.633      3.819    13.7031 0.0000e+00
      2.699      0.054     4.0685     39.305     34.709  26.861345     4.9500     1.8873     0.3408     0.4653 1.3220e+00     9.1658      2.646      3.838    13.7005 0.0000e+00
      2.712      0.053     4.0706     39.333     34.696  26.849732     4.9500     1.9063     0.3408     0.4653 1.3049e+00     9.1658      2.660      3.857    13.6981 0.0000e+00
      2.725      0.053     4.0729     39.364     34.689  26.843211     4.9500     1.9025     0.3408     0.4653 1.2947e+00     9.1057      2.672      3.876    13.6959 0.0000e+00
      2.738      0.053     4.0753     39.392     34.690  26.842024     4.9500     2.0246     0.3408     0.4653 1.2936e+00     9.0005      2.685      3.894    13.6938 0.0000e+00
      2.751      0.053     4.0779     39.417     34.700  26.847833     4.9500     2.0513     0.3408     0.4653 1.2727e+00     8.9404      2.698      3.913    13.6917 0.0000e+00
      2.765      0.053     4.0810     39.444     34.713  26.856248     4.9500     2.0284     0.3408     0.4653 1.2496e+00     8.9103      2.712      3.933    13.6896 0.0000e+00
      2.779      0.053     4.0844     39.473     34.724  26.863574     4.8600     2.0093     0.3408     0.3807 1.2220e+00     8.9103      2.725      3.952    13.6872 0.0000e+00
      2.792      0.052     4.0875     39.502     34.731  26.867806     4.8600     1.8300     0.3408     0.3807 1.2185e+00     8.9705      2.738      3.971    13.6848 0.0000e+00
      2.805      0.052     4.0903     39.531     34.731  26.866112     4.8600     1.8300     0.3408     0.3807 1.2300e+00     9.0005      2.751      3.990    13.6823 0.0000e+00
      2.818      0.053     4.0934     39.555     34.727  26.861999     4.8600     1.8453     0.3408     0.3807 1.1736e+00     8.9254      2.764      4.009    13.6800 0.0000e+00
      2.831      0.053     4.0966     39.572     34.726  26.860311     5.0400     1.8224     0.3408     0.4230 1.1544e+00     8.9254      2.777      4.027    13.6780 0.0000e+00
      2.845      0.053     4.0998     39.584     34.731  26.862577     5.0400     1.8949     0.3408     0.4230 1.1833e+00     9.1508      2.790      4.047    13.6761 0.0000e+00
      2.859      0.054     4.1029     39.591     34.733  26.863461     5.0400     1.8911     0.3408     0.4230 1.0834e+00     9.2410      2.804      4.066    13.6743 0.0000e+00
      2.873      0.054     4.1055     39.592     34.731  26.861220     5.0400     1.8949     0.3408     0.4230 1.1268e+00     9.1658      2.817      4.087    13.6726 0.0000e+00
      2.887      0.053     4.1075     39.593     34.735  26.863174     5.0400     1.8834     0.3408     0.4230 1.0587e+00     9.0907      2.831      4.107    13.6710 0.0000e+00
      2.901      0.051     4.1089     39.596     34.744  26.869846     4.9500     1.8987     0.3408     0.3807 1.0348e+00     8.8953      2.845      4.126    13.6695 0.0000e+00
      2.914      0.049     4.1097     39.599     34.752  26.875096     4.9500     1.9025     0.3408     0.3807 1.0266e+00     8.8652      2.858      4.145    13.6681 0.0000e+00
      2.926      0.047     4.1100     39.603     34.755  26.876363     4.9500     1.8911     0.3408     0.3807 1.0161e+00     8.9554      2.869      4.162    13.6668 0.0000e+00
      2.937      0.045     4.1102     39.606     34.759  26.877946     4.9500     1.8834     0.3408     0.3807 1.0084e+00     8.9554      2.880      4.178    13.6656 0.0000e+00
      2.948      0.044     4.1106     39.605     34.769  26.884225     4.9500     1.8377     0.3408     0.4230 9.9212e-01     8.9254      2.891      4.193    13.6645 0.0000e+00
      2.959      0.043     4.1110     39.596     34.782  26.892916     4.9500     1.8605     0.3408     0.4230 9.8289e-01     8.9103      2.901      4.208    13.6634 0.0000e+00
      2.969      0.043     4.1115     39.577     34.793  26.898418     4.9500     1.8338     0.3408     0.4230 9.8825e-01     8.8953      2.912      4.223    13.6621 0.0000e+00
      2.980      0.043     4.1120     39.547     34.801  26.902196     4.9500     1.8071     0.3408     0.4230 9.9083e-01     8.8652      2.922      4.239    13.6606 0.0000e+00
      2.991      0.043     4.1121     39.506     34.814  26.909219     4.8600     1.8262     0.3408     0.3807 9.4273e-01     8.9554      2.933      4.254    13.6585 0.0000e+00
      3.002      0.044     4.1114     39.458     34.819  26.909481     4.8600     1.8453     0.3408     0.3807 9.3112e-01     9.0456      2.944      4.270    13.6557 0.0000e+00
      3.014      0.046     4.1097     39.411     34.804  26.895132     4.8600     1.8148     0.3408     0.3807 9.2066e-01     8.9103      2.955      4.286    13.6523 0.0000e+00
      3.025      0.047     4.1070     39.367     34.786  26.878183     4.8600     1.8377     0.3408     0.3807 8.9482e-01     8.9103      2.967      4.303    13.6482 0.0000e+00
      3.037      0.048     4.1031     39.322     34.780  26.869953     4.9500     1.7118     0.3408     0.4653 9.1587e-01     8.9103      2.978      4.320    13.6437 0.0000e+00
      3.050      0.049     4.0985     39.278     34.776  26.864287     4.9500     1.7080     0.3408     0.4653 8.8612e-01     8.8652      2.991      4.338    13.6390 0.0000e+00
      3.063      0.050     4.0941     39.233     34.766  26.853736     4.9500     1.7080     0.3408     0.4653 8.7464e-01     8.9855      3.003      4.356    13.6345 0.0000e+00
      3.076      0.050     4.0899     39.187     34.761  26.847363     4.9500     1.7156     0.3408     0.4653 8.0724e-01     8.8953      3.016      4.375    13.6300 0.0000e+00
      3.089      0.049     4.0856     39.142     34.765  26.847429     4.9500     1.7308     0.3408     0.4653 7.8835e-01     8.8652      3.029      4.394    13.6257 0.0000e+00
      3.102      0.048     4.0814     39.092     34.767  26.846032     4.9500     1.7156     0.3408     0.4653 7.4748e-01     8.9554      3.041      4.412    13.6215 0.0000e+00
      3.114      0.046     4.0771     39.033     34.768  26.844779     4.9500     1.7003     0.3408     0.4653 7.7023e-01     8.8352      3.053      4.429    13.6174 0.0000e+00
      3.125      0.045     4.0727     38.972     34.770  26.843336     4.9500     1.7385     0.3408     0.4653 7.6990e-01     8.9404      3.064      4.445    13.6134 0.0000e+00
      3.136      0.044     4.0684     38.917     34.766  26.837359     4.9500     1.7652     0.3408     0.4653 7.4020e-01     8.8502      3.075      4.461    13.6094 0.0000e+00
      3.147      0.043     4.0635     38.868     34.762  26.831193     4.7700     1.7537     0.3408     0.4230 7.3635e-01     8.8803      3.086      4.476    13.6055 0.0000e+00
      3.158      0.042     4.0578     38.826     34.763  26.829133     4.7700     1.7881     0.3408     0.4230 7.1787e-01     8.8953      3.096      4.491    13.6016 0.0000e+00
      3.169      0.041     4.0518     38.794     34.765  26.828649     4.7700     1.7499     0.3408     0.4230 6.7637e-01     8.9705      3.107      4.507    13.5977 0.0000e+00
      3.179      0.041     4.0463     38.769     34.767  26.827633     4.7700     1.7156     0.3408     0.4230 7.0091e-01     8.8953      3.118      4.522    13.5937 0.0000e+00
