Data/DataNotYetUploadedToEDI/Raw_CTD/RawDownloads/103123_fcr50_S7809004test.cnv
* Sea-Bird SBE19plus  Data File:
* FileName = C:\R\Reservoirs\Data\DataNotYetUploadedToEDI\Raw_CTD\RawDownloads\103123_bvr50_S7809_0004.hex
* Software version 2.8.0.119
* Temperature SN = 7809
* Conductivity SN = 7809
* System UpLoad Time = Nov 01 2023 16:50:37
* <ApplicationData>
* <Seaterm232>
# nquan = 15
# nvalues = 3849                        
# units = specified
# name 0 = depFM: Depth [fresh water, m]
# name 1 = dz/dtM: Descent Rate [m/s]
# name 2 = sbeox0Mg/L: Oxygen, SBE 43 [mg/l]
# name 3 = sbeox0PS: Oxygen, SBE 43 [% saturation]
# name 4 = specc: Specific Conductance [uS/cm]
# name 5 = c0uS/cm: Conductivity [uS/cm]
# name 6 = flECO-AFL: Fluorescence, WET Labs ECO-AFL/FL [mg/m^3]
# name 7 = ph: pH
# name 8 = orp: Oxidation Reduction Potential [mV]
# name 9 = par/sat/log: PAR/Logarithmic, Satlantic
# name 10 = turbWETntu0: Turbidity, WET Labs ECO [NTU]
# name 11 = prdM: Pressure, Strain Gauge [db]
# name 12 = prdE: Pressure, Strain Gauge [psi]
# name 13 = tv290C: Temperature [ITS-90, deg C]
# name 14 = flag:  0.000e+00
# span 0 =     -0.673,      1.053       
# span 1 =     -4.353,      8.485       
# span 2 =     6.2304,    11.7828       
# span 3 =     62.182,    114.791       
# span 4 =      0.530,     45.640       
# span 5 =   0.345113,  36.287747       
# span 6 =    -0.1352,    24.9478       
# span 7 =      4.942,      7.430       
# span 8 =  -461.5139,   334.1851       
# span 9 = 1.5960e+01, 1.6064e+02       
# span 10 =     1.1112,   150.9982      
# span 11 =     -0.660,      1.036      
# span 12 =     -0.957,      1.504      
# span 13 =     7.5826,    15.4375      
# span 14 = 0.0000e+00, 0.0000e+00      
# interval = seconds: 0.25
# start_time = Oct 31 2023 15:01:38 [Instrument's time stamp, header]
# bad_flag = -9.990e-29
*END*
[from data line 1061]
      0.648 -1.157e-12     6.8250     67.339     42.997  34.374269    19.5459      6.830   267.8005 2.8635e+01     5.6365      0.636      0.922    14.9825 0.0000e+00
      0.648 -1.052e-13     6.8090     67.281     43.031  34.398483    19.2274      6.830   268.4903 2.8664e+01     5.5641      0.636      0.922    14.9863 0.0000e+00
      0.648 -9.560e-15     6.8050     67.258     43.062  34.422612    19.0560      6.830   269.6934 2.8661e+01     5.5171      0.636      0.922    14.9844 0.0000e+00
      0.648 -8.690e-16     6.8010     67.252     43.048  34.412221    19.0384      6.831   270.2155 2.8632e+01     5.5803      0.636      0.922    14.9747 0.0000e+00
      0.648 -7.900e-17     6.7938     67.227     43.030  34.399750    19.0983      6.832   269.8134 2.8628e+01     5.6114      0.635      0.921    14.9682 0.0000e+00
      0.648 -7.180e-18     6.7874     67.209     43.027  34.398711    19.2298      6.832   269.1326 2.8639e+01     5.4825      0.636      0.922    14.9643 0.0000e+00
      0.648 -6.530e-19     6.7854     67.232     43.027  34.399657    19.2885      6.832   268.8678 2.8633e+01     5.3545      0.636      0.922    14.9638 0.0000e+00
      0.648 -5.935e-20     6.7875     67.250     43.041  34.411192    19.2837      6.833   269.4503 2.8628e+01     5.3270      0.636      0.922    14.9659 0.0000e+00
      0.648 -5.395e-21     6.7829     67.207     43.039  34.411287    19.3218      6.833   270.4975 2.8625e+01     5.3218      0.636      0.922    14.9679 0.0000e+00
      0.648 -4.905e-22     6.7781     67.115     43.023  34.400810    19.6658      6.834   271.1185 2.8613e+01     5.3594      0.635      0.921    14.9702 0.0000e+00
      0.648 -4.459e-23     6.7833     67.006     43.033  34.411411    20.2640      6.834   271.1948 2.8606e+01     5.4067      0.636      0.923    14.9709 0.0000e+00
      0.648 -4.054e-24     6.7877     66.868     43.033  34.412572    20.5695      6.834   270.9038 2.8611e+01     5.3808      0.636      0.922    14.9715 0.0000e+00
      0.648 -3.686e-25     6.7823     66.686     43.034  34.414850    20.5881      6.835   270.6106 2.8622e+01     5.3883      0.636      0.922    14.9735 0.0000e+00
      0.648 -3.351e-26     6.7701     66.462     43.063  34.438953    20.5471      6.836   270.9193 2.8622e+01     5.4290      0.636      0.923    14.9759 0.0000e+00
      0.648 -3.046e-27     6.7605     66.218     43.077  34.450204    20.4574      6.836   271.3664 2.8627e+01     5.3944      0.636      0.922    14.9784 0.0000e+00
      0.648 -2.769e-28     6.7466     65.997     43.044  34.423995    20.4017      6.836   271.4568 2.8632e+01     5.3456      0.636      0.922    14.9806 0.0000e+00
      0.648 -2.517e-29     6.7275     65.807     42.982  34.375858    20.3651      6.836   271.4958 2.8625e+01     5.3178      0.636      0.922    14.9821 0.0000e+00
      0.648 -2.289e-30     6.7052     65.652     42.982  34.375755    20.0977      6.836   271.6661 2.8619e+01     5.3313      0.636      0.922    14.9828 0.0000e+00
      0.648 -2.080e-31     6.6772     65.527     43.044  34.422747    19.6070      6.836   271.2792 2.8604e+01     5.4057      0.636      0.922    14.9832 0.0000e+00
      0.648 -1.891e-32     6.6562     65.429     43.065  34.436466    19.3262      6.837   270.4314 2.8580e+01     5.4321      0.636      0.923    14.9834 0.0000e+00
      0.648 -1.719e-33     6.6359     65.391     43.042  34.414728    19.2756      6.838   270.1918 2.8580e+01     5.3767      0.636      0.922    14.9843 0.0000e+00
      0.648 -1.563e-34     6.6201     65.421     43.042  34.413708    19.0529      6.837   270.3604 2.8593e+01     5.3169      0.635      0.921    14.9864 0.0000e+00
      0.648 -1.421e-35     6.6092     65.488     43.056  34.424120    18.6476      6.837   270.7495 2.8603e+01     5.3574      0.636      0.922    14.9832 0.0000e+00
      0.648 -1.292e-36     6.5976     65.587     43.042  34.413728    18.4290      6.836   271.2824 2.8613e+01     5.4578      0.636      0.922    14.9774 0.0000e+00
      0.648 -1.174e-37     6.5937     65.735     43.042  34.414956    18.4151      6.836   270.7809 2.8636e+01     5.4721      0.636      0.922    14.9746 0.0000e+00
      0.648 -1.068e-38     6.5994     65.907     43.070  34.438961    18.4133      6.837   269.5039 2.8669e+01     5.3931      0.635      0.921    14.9715 0.0000e+00
      0.648 -9.705e-40     6.6066     66.063     43.081  34.450194    18.3986      6.838   269.0068 2.8659e+01     5.2886      0.636      0.922    14.9718 0.0000e+00
      0.648 -8.825e-41     6.6137     66.183     43.046  34.423880    18.3957      6.837   269.3305 2.8632e+01     5.3016      0.635      0.923    14.9735 0.0000e+00
      0.648 -8.020e-42     6.6310     66.280     42.982  34.374588    18.4110      6.837   269.8037 2.8635e+01     5.4127      0.636      0.922    14.9738 0.0000e+00
      0.648 -7.290e-43     6.6491     66.370     42.962  34.361786    18.4416      6.838   270.0824 2.8647e+01     5.4367      0.636      0.922    14.9766 0.0000e+00
      0.648 -6.630e-44     6.6654     66.445     43.002  34.395986    18.7836      6.838   269.7755 2.8635e+01     5.3527      0.636      0.922    14.9796 0.0000e+00
      0.648 -6.025e-45     6.6767     66.480     43.017  34.407417    19.4250      6.837   269.0177 2.8628e+01     5.2853      0.636      0.922    14.9812 0.0000e+00
      0.648 -5.480e-46     6.6845     66.450     42.977  34.373103    19.7787      6.837   268.5767 2.8644e+01     5.3394      0.636      0.922    14.9833 0.0000e+00
      0.648 -4.980e-47     6.6946     66.387     42.967  34.361785    19.8226      6.838   268.5740 2.8637e+01     5.4262      0.635      0.922    14.9888 0.0000e+00
      0.648 -4.531e-48     6.7014     66.345     43.018  34.397461    19.8813      6.840   268.7270 2.8616e+01     5.4127      0.636      0.923    14.9919 0.0000e+00
      0.648 -4.513e-49     6.7075     66.298     43.057  34.423766    19.9718      6.841   268.9635 2.8621e+01     5.3807      0.635      0.922    14.9894 0.0000e+00
      0.648 -4.747e-49     6.7039     66.242     43.062  34.426054    20.0184      6.841   269.2834 2.8643e+01     5.4156      0.636      0.922    14.9875 0.0000e+00
      0.649 -4.813e-48     6.6931     66.225     43.062  34.425119    20.0118      6.841   269.5834 2.8649e+01     5.4583      0.636      0.923    14.9833 0.0000e+00
      0.649 -5.291e-47     6.6939     66.255     43.048  34.412460    19.7835      6.841   269.4931 2.8624e+01     5.4873      0.636      0.923    14.9761 0.0000e+00
      0.648 -5.820e-46     6.6901     66.335     43.035  34.399886    19.3227      6.841   269.3104 2.8590e+01     5.4578      0.635      0.922    14.9710 0.0000e+00
      0.648 -6.402e-45     6.6808     66.465     43.037  34.399972    19.0511      6.841   269.2671 2.8581e+01     5.3751      0.635      0.922    14.9696 0.0000e+00
      0.648 -7.042e-44     6.6805     66.624     43.053  34.413502    19.0055      6.841   269.6579 2.8613e+01     5.3420      0.636      0.922    14.9690 0.0000e+00
      0.648 -7.746e-43     6.6834     66.794     43.080  34.436582    18.7712      6.841   270.5947 2.8652e+01     5.3654      0.635      0.922    14.9659 0.0000e+00
      0.648 -8.521e-42     6.6916     66.971     43.065  34.425245    18.3317      6.841   271.0427 2.8644e+01     5.4188      0.635      0.922    14.9631 0.0000e+00
      0.648 -9.373e-41     6.7060     67.128     43.036  34.403318    18.0868      6.841   270.9447 2.8611e+01     5.4412      0.636      0.922    14.9624 0.0000e+00
      0.648 -1.031e-39     6.7228     67.238     43.061  34.425254    18.0487      6.841   270.6143 2.8606e+01     5.3966      0.636      0.922    14.9628 0.0000e+00
      0.648 -1.134e-38     6.7396     67.326     43.072  34.436694    17.9629      6.841   270.1448 2.8618e+01     5.3917      0.635      0.921    14.9636 0.0000e+00
      0.648 -1.248e-37     6.7576     67.394     43.040  34.414748    17.8233      6.841   270.6033 2.8622e+01     5.4506      0.635      0.922    14.9649 0.0000e+00
      0.648 -1.372e-36     6.7761     67.437     43.034  34.413698    17.7423      6.843   271.8562 2.8629e+01     5.4600      0.635      0.922    14.9669 0.0000e+00
      0.648 -1.510e-35     6.7838     67.479     43.042  34.424004    17.7077      6.844   272.4728 2.8639e+01     5.4021      0.636      0.922    14.9691 0.0000e+00
      0.648 -1.660e-34     6.7928     67.503     43.024  34.412469    17.7044      6.843   272.2946 2.8636e+01     5.3320      0.635      0.922    14.9722 0.0000e+00
      0.648 -1.827e-33     6.8009     67.498     43.006  34.401123    17.9768      6.842   272.0248 2.8622e+01     5.3297      0.635      0.921    14.9762 0.0000e+00
      0.648 -2.009e-32     6.8007     67.478     43.019  34.413716    18.4713      6.842   271.9641 2.8612e+01     5.3737      0.635      0.922    14.9807 0.0000e+00
      0.648 -2.210e-31     6.8073     67.437     43.046  34.437835    18.7314      6.843   271.9909 2.8595e+01     5.3852      0.636      0.923    14.9849 0.0000e+00
      0.648 -2.431e-30     6.8091     67.372     43.045  34.438969    18.7575      6.843   272.1761 2.8579e+01     5.4013      0.635      0.922    14.9887 0.0000e+00
      0.648 -2.674e-29     6.8065     67.305     43.027  34.427432    18.8624      6.843   272.5685 2.8582e+01     5.3979      0.635      0.922    14.9922 0.0000e+00
      0.648 -2.942e-28     6.8052     67.250     43.022  34.425238    19.0665      6.843   272.8639 2.8591e+01     5.3781      0.635      0.921    14.9955 0.0000e+00
      0.648 -3.236e-27     6.8011     67.209     43.002  34.412445    19.1785      6.843   272.9943 2.8595e+01     5.3664      0.635      0.922    14.9978 0.0000e+00
      0.648 -3.559e-26     6.7929     67.194     42.982  34.399644    19.1677      6.843   273.0268 2.8599e+01     5.3246      0.635      0.922    14.9997 0.0000e+00
      0.648 -3.915e-25     6.7850     67.205     42.975  34.397354    18.9690      6.843   272.4818 2.8602e+01     5.2826      0.636      0.922    15.0030 0.0000e+00
      0.648 -4.307e-24     6.7800     67.250     42.960  34.384769    18.6080      6.844   271.6535 2.8612e+01     5.3029      0.636      0.922    15.0054 0.0000e+00
      0.648 -4.738e-23     6.7737     67.320     42.952  34.374368    18.4233      6.844   271.6165 2.8617e+01     5.3652      0.635      0.922    15.0080 0.0000e+00
      0.648 -5.211e-22     6.7726     67.374     42.989  34.398488    18.4000      6.844   271.9477 2.8597e+01     5.3523      0.636      0.922    15.0130 0.0000e+00
      0.648 -5.732e-21     6.7722     67.414     43.021  34.422607    18.1015      6.845   272.2166 2.8579e+01     5.2497      0.635      0.921    15.0178 0.0000e+00
      0.648 -6.306e-20     6.7758     67.455     43.005  34.412205    17.5439      6.846   271.9431 2.8581e+01     5.1501      0.635      0.922    15.0182 0.0000e+00
      0.648 -6.936e-19     6.7881     67.520     42.984  34.399611    17.2430      6.846   270.8775 2.8586e+01     5.1046      0.635      0.922    15.0113 0.0000e+00
      0.648 -7.630e-18     6.7923     67.640     42.975  34.397228    17.2181      6.845   270.3460 2.8602e+01     5.1081      0.635      0.922    15.0037 0.0000e+00
      0.648 -8.393e-17     6.7967     67.802     42.954  34.383405    17.0854      6.846   270.4205 2.8627e+01     5.1245      0.635      0.922    15.0018 0.0000e+00
      0.647 -9.232e-16     6.8005     67.967     42.923  34.359380    16.8194      6.846   270.7458 2.8627e+01     5.1322      0.635      0.921    15.0044 0.0000e+00
      0.647 -1.016e-14     6.8031     68.112     42.924  34.360523    16.6738      6.846   271.3540 2.8613e+01     5.1331      0.635      0.921    15.0114 0.0000e+00
      0.647 -1.117e-13     6.8158     68.240     42.970  34.397226    16.6571      6.846   271.2341 2.8598e+01     5.1355      0.635      0.921    15.0179 0.0000e+00
      0.648 -1.229e-12     6.8330     68.350     43.000  34.422481    16.6672      6.847   270.4147 2.8598e+01     5.1265      0.635      0.921    15.0206 0.0000e+00
      0.648 -1.352e-11     6.8513     68.446     42.986  34.412091    16.8293      6.848   269.9656 2.8628e+01     5.0929      0.635      0.922    15.0214 0.0000e+00
      0.648 -1.487e-10     6.8641     68.527     42.968  34.398494    17.1187      6.848   269.9339 2.8656e+01     5.0710      0.635      0.921    15.0213 0.0000e+00
      0.648 -1.636e-09     6.8783     68.588     42.949  34.384974    17.2787      6.848   270.1170 2.8658e+01     5.1001      0.635      0.921    15.0218 0.0000e+00
      0.648 -1.799e-08     6.8886     68.677     42.935  34.375510    17.3312      6.849   270.4592 2.8668e+01     5.1384      0.635      0.921    15.0222 0.0000e+00
      0.648 -1.979e-07     6.8978     68.816     42.979  34.410957    17.6382      6.849   270.8871 2.8692e+01     5.2272      0.635      0.921    15.0230 0.0000e+00
      0.648     -0.000     6.9077     68.987     43.008  34.432884    18.1688      6.848   271.2470 2.8700e+01     5.3533      0.636      0.922    15.0249 0.0000e+00
      0.648     -0.000     6.9099     69.216     42.953  34.386846    18.4445      6.847   271.2834 2.8710e+01     5.3650      0.635      0.921    15.0266 0.0000e+00
      0.648     -0.000     6.9177     69.521     42.923  34.361886    18.4590      6.848   271.0692 2.8706e+01     5.3336      0.635      0.921    15.0284 0.0000e+00
      0.648     -0.003     6.9342     69.889     42.953  34.384871    18.5268      6.849   270.7224 2.8693e+01     5.4184      0.635      0.921    15.0296 0.0000e+00
      0.648     -0.032     6.9494     70.309     42.989  34.410977    18.6645      6.849   270.5317 2.8698e+01     5.5698      0.635      0.921    15.0268 0.0000e+00
      0.648     -0.351     6.9720     70.742     43.007  34.423742    18.7346      6.849   271.1727 2.8689e+01     5.6271      0.635      0.921    15.0238 0.0000e+00
      0.648     -3.857     7.0045     71.183     42.994  34.412308    18.7335      6.849   272.3633 2.8695e+01     5.5988      0.635      0.921    15.0251 0.0000e+00
      0.648     -3.857     7.0399     71.660     42.981  34.399630    18.7591      6.849   272.8811 2.8740e+01     5.6038      0.635      0.921    15.0232 0.0000e+00
      0.648     -0.351     7.0864     72.155     42.979  34.397343    18.8275      6.849   272.6161 2.8767e+01     5.6189      0.635      0.921    15.0186 0.0000e+00
      0.648     -0.032     7.1301     72.644     42.964  34.384654    18.8698      6.849   272.1706 2.8744e+01     5.5774      0.636      0.922    15.0182 0.0000e+00
      0.648     -0.003     7.1721     73.122     42.950  34.373099    18.8622      6.849   271.9682 2.8726e+01     5.5452      0.635      0.921    15.0169 0.0000e+00
      0.648     -0.000     7.2228     73.577     42.965  34.384530    18.7943      6.849   272.4067 2.8752e+01     5.5036      0.635      0.921    15.0135 0.0000e+00
      0.648     -0.000     7.2737     73.996     42.980  34.395971    18.6979      6.849   273.3417 2.8767e+01     5.4165      0.635      0.920    15.0123 0.0000e+00
      0.648     -0.000     7.3228     74.376     42.966  34.384540    18.6623      6.849   273.9814 2.8739e+01     5.4135      0.636      0.921    15.0121 0.0000e+00
      0.648 -1.979e-07     7.3714     74.709     42.951  34.373213    18.6463      6.849   274.1185 2.8728e+01     5.4336      0.635      0.922    15.0118 0.0000e+00
      0.648 -1.799e-08     7.4182     74.959     42.967  34.385903    18.6054      6.850   273.8810 2.8755e+01     5.3861      0.635      0.921    15.0111 0.0000e+00
      0.648 -1.636e-09     7.4607     75.116     42.999  34.411073    18.4011      6.851   273.6050 2.8764e+01     5.3504      0.635      0.921    15.0105 0.0000e+00
      0.648 -1.487e-10     7.4983     75.185     43.015  34.423763    18.0404      6.851   273.7928 2.8751e+01     5.3441      0.635      0.921    15.0103 0.0000e+00
