Data/DataNotYetUploadedToEDI/Raw_CTD/RawDownloads/103123_fcr50_S7809004test.cnv
* Sea-Bird SBE19plus  Data File:
* FileName = C:\R\Reservoirs\Data\DataNotYetUploadedToEDI\Raw_CTD\RawDownloads\103123_bvr50_S7809_0004.hex
* Software version 2.8.0.119
* Temperature SN = 7809
* Conductivity SN = 7809
* System UpLoad Time = Nov 01 2023 16:50:37
* <ApplicationData>
* <Seaterm232>
# nquan = 15
# nvalues = 3849                        
# units = specified
# name 0 = depFM: Depth [fresh water, m]
# name 1 = dz/dtM: Descent Rate [m/s]
# name 2 = sbeox0Mg/L: Oxygen, SBE 43 [mg/l]
# name 3 = sbeox0PS: Oxygen, SBE 43 [% saturation]
# name 4 = specc: Specific Conductance [uS/cm]
# name 5 = c0uS/cm: Conductivity [uS/cm]
# name 6 = flECO-AFL: Fluorescence, WET Labs ECO-AFL/FL [mg/m^3]
# name 7 = ph: pH
# name 8 = orp: Oxidation Reduction Potential [mV]
# name 9 = par/sat/log: PAR/Logarithmic, Satlantic
# name 10 = turbWETntu0: Turbidity, WET Labs ECO [NTU]
# name 11 = prdM: Pressure, Strain Gauge [db]
# name 12 = prdE: Pressure, Strain Gauge [psi]
# name 13 = tv290C: Temperature [ITS-90, deg C]
# name 14 = flag:  0.000e+00
# span 0 =     -0.673,      1.053       
# span 1 =     -4.353,      8.485       
# span 2 =     6.2304,    11.7828       
# span 3 =     62.182,    114.791       
# span 4 =      0.530,     45.640       
# span 5 =   0.345113,  36.287747       
# span 6 =    -0.1352,    24.9478       
# span 7 =      4.942,      7.430       
# span 8 =  -461.5139,   334.1851       
# span 9 = 1.5960e+01, 1.6064e+02       
# span 10 =     1.1112,   150.9982      
# span 11 =     -0.660,      1.036      
# span 12 =     -0.957,      1.504      
# span 13 =     7.5826,    15.4375      
# span 14 = 0.0000e+00, 0.0000e+00      
# interval = seconds: 0.25
# start_time = Oct 31 2023 15:01:38 [Instrument's time stamp, header]
# bad_flag = -9.990e-29
*END*
[from data line 2796]
      0.653      0.000     7.2166     71.660     41.918  33.770351    22.6480      7.055   291.9203 3.1277e+01     6.0883      0.640      0.929    15.2812 0.0000e+00
      0.653      0.000     7.2112     71.497     41.902  33.757700    22.6910      7.055   292.2426 3.1286e+01     6.0585      0.640      0.929    15.2801 0.0000e+00
      0.653      0.000     7.2098     71.295     41.902  33.756962    22.7156      7.056   292.8780 3.1282e+01     6.1423      0.640      0.929    15.2790 0.0000e+00
      0.653      0.000     7.1944     71.087     41.907  33.761434    22.7291      7.056   292.9777 3.1272e+01     6.1794      0.640      0.929    15.2782 0.0000e+00
      0.653      0.000     7.1838     70.891     41.890  33.748326    22.7377      7.056   292.3293 3.1245e+01     6.0972      0.640      0.928    15.2777 0.0000e+00
      0.653      0.000     7.1678     70.709     41.860  33.725358    22.7615      7.056   291.7501 3.1236e+01     6.0704      0.640      0.928    15.2774 0.0000e+00
      0.653      0.000     7.1455     70.569     41.874  33.737518    22.7837      7.056   291.6532 3.1254e+01     6.1287      0.640      0.928    15.2775 0.0000e+00
      0.653      0.000     7.1241     70.491     41.911  33.768458    22.7894      7.056   291.7598 3.1264e+01     6.1875      0.640      0.928    15.2777 0.0000e+00
      0.653      0.000     7.1046     70.430     41.927  33.782230    22.7384      7.057   291.9204 3.1280e+01     6.1666      0.640      0.928    15.2785 0.0000e+00
      0.653      0.000     7.0856     70.366     41.921  33.777139    22.6424      7.057   292.5625 3.1293e+01     6.0809      0.640      0.928    15.2804 0.0000e+00
      0.653      0.000     7.0683     70.333     41.913  33.770345    22.5936      7.057   293.4137 3.1288e+01     6.0392      0.640      0.928    15.2818 0.0000e+00
      0.653      0.000     7.0646     70.334     41.905  33.763539    22.5898      7.057   293.6084 3.1281e+01     6.0721      0.640      0.928    15.2828 0.0000e+00
      0.653      0.000     7.0587     70.336     41.899  33.758287    22.5297      7.057   293.1962 3.1275e+01     6.0356      0.640      0.929    15.2835 0.0000e+00
      0.653      0.000     7.0499     70.314     41.914  33.770290    22.3992      7.057   292.6462 3.1268e+01     5.8705      0.640      0.928    15.2835 0.0000e+00
      0.653      0.000     7.0467     70.266     41.929  33.781782    22.3112      7.057   293.1530 3.1268e+01     5.7843      0.640      0.929    15.2830 0.0000e+00
      0.653      0.000     7.0488     70.187     41.915  33.770347    22.2887      7.057   294.6775 3.1267e+01     5.7788      0.640      0.928    15.2820 0.0000e+00
      0.653      0.000     7.0500     70.072     41.900  33.758907    22.2367      7.056   295.4198 3.1268e+01     5.7698      0.640      0.929    15.2811 0.0000e+00
      0.653      0.000     7.0476     69.947     41.914  33.770352    22.1397      7.056   295.4171 3.1281e+01     5.8120      0.640      0.929    15.2809 0.0000e+00
      0.653      0.000     7.0428     69.821     41.928  33.781845    22.0809      7.056   295.0750 3.1271e+01     5.8101      0.641      0.929    15.2809 0.0000e+00
      0.653      0.000     7.0360     69.682     41.913  33.770976    22.0673      7.056   294.4665 3.1236e+01     5.7818      0.640      0.928    15.2808 0.0000e+00
      0.653      0.000     7.0224     69.561     41.906  33.765827    22.0166      7.056   294.5134 3.1213e+01     5.8109      0.641      0.929    15.2813 0.0000e+00
      0.653      0.000     7.0094     69.491     41.927  33.783034    21.9344      7.057   295.1256 3.1212e+01     5.8551      0.640      0.928    15.2816 0.0000e+00
      0.653      0.000     6.9987     69.446     41.933  33.788699    21.9054      7.058   295.5876 3.1223e+01     5.9052      0.640      0.928    15.2819 0.0000e+00
      0.653      0.000     6.9823     69.384     41.909  33.770866    21.9074      7.058   295.7977 3.1240e+01     5.9048      0.640      0.929    15.2829 0.0000e+00
      0.653      0.000     6.9687     69.362     41.892  33.757761    21.8917      7.058   295.8592 3.1261e+01     5.8499      0.640      0.929    15.2841 0.0000e+00
      0.653      0.000     6.9618     69.417     41.892  33.757137    21.8484      7.058   295.7277 3.1272e+01     5.8219      0.641      0.929    15.2850 0.0000e+00
      0.652      0.000     6.9616     69.453     41.900  33.763321    21.7764      7.058   295.0686 3.1259e+01     5.8409      0.640      0.928    15.2858 0.0000e+00
      0.652      0.000     6.9513     69.420     41.908  33.769089    21.7365      7.058   294.4295 3.1234e+01     5.8747      0.640      0.928    15.2868 0.0000e+00
      0.652      0.000     6.9450     69.349     41.902  33.763424    21.7320      7.058   294.6253 3.1218e+01     5.8542      0.640      0.928    15.2875 0.0000e+00
      0.653      0.000     6.9580     69.242     41.897  33.758276    21.7306      7.059   295.0273 3.1203e+01     5.8321      0.640      0.928    15.2877 0.0000e+00
      0.653      0.000     6.9631     69.124     41.912  33.770288    21.7438      7.059   295.3318 3.1189e+01     5.8811      0.640      0.929    15.2870 0.0000e+00
      0.653      0.000     6.9564     69.020     41.927  33.781772    21.7585      7.058   295.7255 3.1195e+01     5.9000      0.640      0.928    15.2858 0.0000e+00
      0.653      0.000     6.9515     68.898     41.913  33.770231    21.7591      7.058   295.1411 3.1215e+01     5.8888      0.640      0.928    15.2850 0.0000e+00
      0.653      0.000     6.9395     68.768     41.897  33.757632    21.7587      7.059   293.6866 3.1225e+01     5.8830      0.640      0.929    15.2843 0.0000e+00
      0.653      0.000     6.9251     68.678     41.896  33.756332    21.7708      7.059   293.1098 3.1224e+01     5.8639      0.640      0.928    15.2837 0.0000e+00
      0.653      0.000     6.9181     68.613     41.894  33.754511    21.7892      7.059   293.2439 3.1223e+01     5.8971      0.640      0.928    15.2832 0.0000e+00
      0.653      0.000     6.9059     68.530     41.870  33.735611    21.7977      7.059   293.5011 3.1219e+01     5.9089      0.640      0.929    15.2825 0.0000e+00
      0.653      0.000     6.8887     68.407     41.848  33.718152    21.7814      7.059   294.0696 3.1209e+01     5.8359      0.640      0.928    15.2820 0.0000e+00
      0.653      0.000     6.8821     68.235     41.868  33.733748    21.7506      7.060   293.8362 3.1196e+01     5.8005      0.641      0.929    15.2821 0.0000e+00
      0.653      0.000     6.8770     68.047     41.868  33.733851    21.7335      7.060   292.6579 3.1196e+01     5.8563      0.641      0.929    15.2823 0.0000e+00
      0.653      0.000     6.8688     67.901     41.850  33.719394    21.7328      7.060   291.9539 3.1213e+01     5.9302      0.640      0.928    15.2823 0.0000e+00
      0.653      0.000     6.8577     67.794     41.886  33.749286    21.7092      7.061   292.0355 3.1214e+01     5.9074      0.640      0.929    15.2825 0.0000e+00
      0.653      0.000     6.8392     67.695     41.921  33.778047    21.6471      7.061   292.4399 3.1188e+01     5.8197      0.640      0.928    15.2823 0.0000e+00
      0.653      0.000     6.8172     67.630     41.886  33.749925    21.6141      7.060   292.6278 3.1190e+01     5.8264      0.640      0.929    15.2819 0.0000e+00
      0.653      0.000     6.8029     67.618     41.857  33.726487    21.6194      7.060   292.6727 3.1225e+01     5.8864      0.641      0.929    15.2820 0.0000e+00
      0.653      0.000     6.7952     67.647     41.885  33.748437    21.6112      7.061   292.8112 3.1229e+01     5.8617      0.641      0.929    15.2826 0.0000e+00
      0.653      0.000     6.7818     67.710     41.901  33.761547    21.6066      7.061   292.6675 3.1210e+01     5.8013      0.640      0.928    15.2831 0.0000e+00
      0.653      0.000     6.7756     67.815     41.896  33.758104    21.6132      7.062   292.3113 3.1212e+01     5.7703      0.640      0.929    15.2838 0.0000e+00
      0.653      0.000     6.7745     67.950     41.911  33.770257    21.6163      7.062   292.1185 3.1212e+01     5.7945      0.640      0.928    15.2840 0.0000e+00
      0.653      0.000     6.7784     68.062     41.925  33.781599    21.6276      7.062   292.1434 3.1197e+01     5.8887      0.641      0.929    15.2838 0.0000e+00
      0.653      0.000     6.7838     68.144     41.909  33.768354    21.6412      7.062   292.8694 3.1196e+01     5.9528      0.641      0.929    15.2838 0.0000e+00
      0.653      0.000     6.7938     68.230     41.870  33.736999    21.6387      7.061   294.0134 3.1201e+01     5.9207      0.641      0.930    15.2838 0.0000e+00
      0.653      0.000     6.8114     68.344     41.848  33.719701    21.6222      7.061   294.1885 3.1201e+01     5.8418      0.641      0.929    15.2844 0.0000e+00
      0.653      0.000     6.8218     68.493     41.884  33.749544    21.6172      7.062   293.8681 3.1204e+01     5.8195      0.641      0.929    15.2845 0.0000e+00
      0.653      0.000     6.8284     68.646     41.922  33.780608    21.6284      7.063   293.6671 3.1191e+01     5.8903      0.641      0.929    15.2842 0.0000e+00
      0.653      0.000     6.8365     68.796     41.919  33.778078    21.6322      7.062   293.9951 3.1185e+01     5.9459      0.641      0.929    15.2842 0.0000e+00
      0.653      0.000     6.8470     68.971     41.925  33.782391    21.6297      7.062   295.1664 3.1210e+01     5.9111      0.641      0.930    15.2852 0.0000e+00
      0.653      0.000     6.8635     69.129     41.910  33.769306    21.6235      7.062   295.7835 3.1219e+01     5.8457      0.640      0.929    15.2863 0.0000e+00
      0.653      0.000     6.8797     69.224     41.883  33.746766    21.5903      7.063   295.6925 3.1213e+01     5.8383      0.641      0.929    15.2868 0.0000e+00
      0.653      0.000     6.8917     69.278     41.904  33.763635    21.5453      7.064   295.3570 3.1208e+01     5.8894      0.641      0.930    15.2863 0.0000e+00
      0.653      0.000     6.9119     69.290     41.929  33.782935    21.5200      7.064   294.8241 3.1188e+01     5.8825      0.640      0.928    15.2850 0.0000e+00
      0.653      0.000     6.9315     69.240     41.938  33.789785    21.5098      7.064   294.9286 3.1177e+01     5.8245      0.641      0.929    15.2839 0.0000e+00
      0.653      0.000     6.9375     69.149     41.930  33.783020    21.5380      7.064   295.5876 3.1184e+01     5.8366      0.641      0.930    15.2831 0.0000e+00
      0.653      0.000     6.9439     69.060     41.907  33.764578    21.5943      7.063   295.9941 3.1189e+01     5.8924      0.641      0.929    15.2825 0.0000e+00
      0.653      0.000     6.9470     68.976     41.897  33.757132    21.6244      7.063   296.1441 3.1185e+01     5.9176      0.641      0.930    15.2819 0.0000e+00
      0.653      0.000     6.9406     68.891     41.896  33.756441    21.6283      7.063   296.1975 3.1169e+01     5.8682      0.640      0.929    15.2817 0.0000e+00
      0.653      0.000     6.9294     68.805     41.896  33.756223    21.6166      7.063   296.1229 3.1172e+01     5.8073      0.641      0.929    15.2817 0.0000e+00
      0.653      0.000     6.9204     68.712     41.894  33.754502    21.6660      7.065   295.6725 3.1190e+01     5.8310      0.640      0.929    15.2819 0.0000e+00
      0.653      0.000     6.9135     68.644     41.870  33.735624    21.8092      7.065   295.1390 3.1185e+01     5.8806      0.640      0.928    15.2820 0.0000e+00
      0.653      0.000     6.9028     68.615     41.848  33.718307    21.9079      7.064   295.0931 3.1175e+01     5.8953      0.641      0.929    15.2822 0.0000e+00
      0.653      0.000     6.8971     68.586     41.869  33.735459    21.9184      7.063   295.3764 3.1169e+01     5.8726      0.640      0.929    15.2824 0.0000e+00
      0.653      0.000     6.8844     68.529     41.890  33.752671    21.9611      7.064   295.8101 3.1150e+01     5.8448      0.641      0.929    15.2827 0.0000e+00
      0.653      0.000     6.8770     68.452     41.870  33.736083    22.0665      7.064   295.9494 3.1132e+01     5.8673      0.640      0.929    15.2831 0.0000e+00
      0.653      0.000     6.8768     68.366     41.856  33.725227    22.1360      7.063   294.9956 3.1126e+01     5.9046      0.641      0.929    15.2832 0.0000e+00
      0.653      0.000     6.8742     68.234     41.885  33.748312    22.1521      7.063   293.5697 3.1141e+01     5.9198      0.640      0.929    15.2832 0.0000e+00
      0.653      0.000     6.8691     68.046     41.900  33.761422    22.1361      7.064   293.1643 3.1153e+01     5.9143      0.641      0.929    15.2832 0.0000e+00
      0.653      0.000     6.8585     67.830     41.894  33.756847    22.0916      7.065   293.7078 3.1135e+01     5.8725      0.641      0.929    15.2833 0.0000e+00
      0.653      0.000     6.8538     67.603     41.894  33.756441    22.0727      7.065   294.3754 3.1138e+01     5.8589      0.641      0.929    15.2834 0.0000e+00
      0.653      0.000     6.8401     67.373     41.894  33.756506    22.0902      7.066   294.6118 3.1166e+01     5.8864      0.641      0.929    15.2838 0.0000e+00
      0.653      0.000     6.8198     67.167     41.896  33.757632    22.1295      7.066   293.9855 3.1171e+01     5.8625      0.640      0.929    15.2842 0.0000e+00
      0.653      0.000     6.7973     66.985     41.911  33.770060    22.1730      7.066   292.9971 3.1170e+01     5.8095      0.641      0.930    15.2842 0.0000e+00
      0.653      0.000     6.7753     66.805     41.922  33.779879    22.1835      7.066   292.5562 3.1170e+01     5.7930      0.641      0.929    15.2846 0.0000e+00
      0.654      0.000     6.7505     66.641     41.884  33.749466    22.1808      7.066   292.5263 3.1168e+01     5.8332      0.641      0.930    15.2847 0.0000e+00
      0.654      0.000     6.7291     66.503     41.848  33.719563    22.1325      7.066   292.7216 3.1176e+01     5.8522      0.641      0.930    15.2845 0.0000e+00
      0.654      0.000     6.7140     66.399     41.868  33.735552    22.0080      7.066   293.1970 3.1176e+01     5.7827      0.641      0.930    15.2846 0.0000e+00
      0.653      0.000     6.6929     66.311     41.889  33.752452    21.9146      7.067   293.3699 3.1164e+01     5.7453      0.640      0.929    15.2849 0.0000e+00
      0.653      0.000     6.6780     66.216     41.865  33.733552    21.8946      7.067   293.0039 3.1173e+01     5.7753      0.640      0.928    15.2849 0.0000e+00
      0.653      0.000     6.6624     66.136     41.820  33.697377    21.8991      7.067   292.6446 3.1188e+01     5.8037      0.641      0.929    15.2846 0.0000e+00
      0.653      0.000     6.6533     66.086     41.817  33.695727    21.8444      7.068   292.5532 3.1164e+01     5.8495      0.641      0.929    15.2846 0.0000e+00
      0.653      0.000     6.6462     66.047     41.839  33.713603    21.7154      7.068   292.5007 3.1124e+01     5.9533      0.641      0.929    15.2848 0.0000e+00
      0.653      0.000     6.6348     65.980     41.851  33.723184    21.6208      7.068   292.8702 3.1130e+01     6.0343      0.641      0.929    15.2849 0.0000e+00
      0.653      0.000     6.6259     65.877     41.881  33.748125    21.5919      7.068   293.6648 3.1140e+01     6.0429      0.640      0.929    15.2856 0.0000e+00
      0.653      0.000     6.6215     65.762     41.898  33.761389    21.5737      7.068   294.0215 3.1115e+01     6.0915      0.640      0.929    15.2860 0.0000e+00
      0.654      0.000     6.6200     65.641     41.892  33.756678    21.5422      7.068   294.0000 3.1112e+01     6.1094      0.641      0.930    15.2860 0.0000e+00
      0.654      0.000     6.6132     65.508     41.889  33.754599    21.5105      7.068   293.7480 3.1117e+01     6.0194      0.641      0.930    15.2862 0.0000e+00
