Data/DataNotYetUploadedToEDI/Raw_CTD/RawDownloads/103123_fcr50_S8188003test.cnv
* Sea-Bird SBE19plus  Data File:
* FileName = C:\R\Reservoirs\Data\DataNotYetUploadedToEDI\Raw_CTD\RawDownloads\103123_bvr50_S8188_0003.hex
* Software version 2.8.0.119
* Temperature SN = 8188
* Conductivity SN = 8188
* System UpLoad Time = Nov 01 2023 16:40:08
* <ApplicationData>
* <Seaterm232>
# nquan = 16
# nvalues = 3610                        
# units = specified
# name 0 = depFM: Depth [fresh water, m]
# name 1 = dz/dtM: Descent Rate [m/s]
# name 2 = sbeox0Mg/L: Oxygen, SBE 43 [mg/l]
# name 3 = sbeox0PS: Oxygen, SBE 43 [% saturation]
# name 4 = specc: Specific Conductance [uS/cm]
# name 5 = c0uS/cm: Conductivity [uS/cm]
# name 6 = wetCDOM: Fluorescence, WET Labs CDOM [mg/m^3]
# name 7 = flECO-AFL: Fluorescence, WET Labs ECO-AFL/FL [mg/m^3]
# name 8 = flECO-AFL1: Fluorescence, WET Labs ECO-AFL/FL, 2 [mg/m^3]
# name 9 = flECO-AFL2: Fluorescence, WET Labs ECO-AFL/FL, 3 [mg/m^3]
# name 10 = par/sat/log: PAR/Logarithmic, Satlantic
# name 11 = turbWETntu0: Turbidity, WET Labs ECO [NTU]
# name 12 = prdM: Pressure, Strain Gauge [db]
# name 13 = prdE: Pressure, Strain Gauge [psi]
# name 14 = tv290C: Temperature [ITS-90, deg C]
# name 15 = flag:  0.000e+00
# span 0 =     -0.684,      0.806       
# span 1 =     -0.329,      0.206       
# span 2 =     5.6014,     7.7533       
# span 3 =     55.051,     77.348       
# span 4 =      0.914,     45.142       
# span 5 =   0.598584,  36.497989       
# span 6 =    -4.5000,    20.7900       
# span 7 =    -0.1460,    17.6422       
# span 8 =    -2.1300,     1.5762       
# span 9 =    -2.0304,     3.8493       
# span 10 = 2.0977e+01, 1.4639e+02      
# span 11 =    -0.2430,   173.8060      
# span 12 =     -0.671,      0.790      
# span 13 =     -0.973,      1.146      
# span 14 =     7.7161,    15.4328      
# span 15 = 0.0000e+00, 0.0000e+00      
# interval = seconds: 0.25
# start_time = Oct 31 2023 15:01:09 [Instrument's time stamp, header]
# bad_flag = -9.990e-29
*END*
[from data line 3164]
      0.736 -6.524e-23     7.2440     72.508     45.050  36.421042     3.6000    16.8258     0.0852     2.8341 2.5123e+01     3.4995      0.721      1.046    15.4202 0.0000e+00
      0.736 -5.074e-23     7.2428     72.536     45.051  36.421382     3.6900    16.4558     0.1278     2.6649 2.5128e+01     3.4394      0.721      1.046    15.4200 0.0000e+00
      0.736 -3.947e-23     7.2425     72.565     45.055  36.424888     3.6900    16.4482     0.1278     2.6649 2.5090e+01     3.4694      0.721      1.046    15.4197 0.0000e+00
      0.736 -3.070e-23     7.2432     72.587     45.060  36.428532     3.6900    16.4482     0.1278     2.6649 2.5128e+01     3.4394      0.721      1.046    15.4195 0.0000e+00
      0.736 -2.387e-23     7.2450     72.595     45.066  36.433287     3.6900    16.4520     0.1278     2.6649 2.5123e+01     3.5295      0.721      1.046    15.4193 0.0000e+00
      0.736 -1.857e-23     7.2478     72.594     45.065  36.432497     3.6900    16.2880     0.1278     2.6649 2.5150e+01     3.4544      0.721      1.046    15.4191 0.0000e+00
      0.736 -1.444e-23     7.2508     72.587     45.052  36.421992     3.6000    16.3108     0.1278     2.6226 2.5117e+01     3.4394      0.721      1.046    15.4189 0.0000e+00
      0.736 -1.123e-23     7.2530     72.579     45.043  36.414814     3.6000    16.2841     0.1278     2.6226 2.5134e+01     3.4694      0.721      1.046    15.4188 0.0000e+00
      0.736 -8.736e-24     7.2539     72.573     45.046  36.416972     3.6000    16.3185     0.1278     2.6226 2.5150e+01     3.4694      0.721      1.046    15.4188 0.0000e+00
      0.735 -6.795e-24     7.2538     72.569     45.051  36.421119     3.6000    16.3261     0.1278     2.6226 2.5161e+01     3.4243      0.721      1.046    15.4187 0.0000e+00
      0.735 -5.285e-24     7.2531     72.570     45.055  36.424400     3.6000    16.3261     0.0852     2.7072 2.5172e+01     3.5897      0.721      1.046    15.4187 0.0000e+00
      0.735 -4.111e-24     7.2523     72.571     45.059  36.427689     3.6000    16.3299     0.0852     2.7072 2.5166e+01     3.4995      0.721      1.046    15.4187 0.0000e+00
      0.735 -3.197e-24     7.2516     72.570     45.059  36.427903     3.6000    16.3337     0.0852     2.7072 2.5172e+01     3.4243      0.721      1.046    15.4187 0.0000e+00
      0.735 -2.487e-24     7.2513     72.567     45.051  36.421136     3.6000    16.1735     0.0852     2.7072 2.5112e+01     3.4694      0.721      1.046    15.4187 0.0000e+00
      0.735 -1.934e-24     7.2514     72.564     45.042  36.413508     3.6000    16.1926     0.0852     2.7918 2.5145e+01     3.4694      0.721      1.046    15.4187 0.0000e+00
      0.735 -1.504e-24     7.2515     72.559     45.039  36.410905     3.6000    16.1697     0.0852     2.7918 2.5123e+01     3.4394      0.721      1.046    15.4187 0.0000e+00
      0.735 -1.170e-24     7.2513     72.557     45.037  36.408674     3.6000    16.1888     0.0852     2.7918 2.5194e+01     3.4544      0.721      1.046    15.4187 0.0000e+00
      0.736 -9.101e-25     7.2511     72.562     45.034  36.406219     3.6000    16.0858     0.0852     2.7918 2.5205e+01     3.4694      0.721      1.046    15.4186 0.0000e+00
      0.736 -7.078e-25     7.2507     72.570     45.035  36.406847     3.6000    16.0743     0.0852     2.7918 2.5128e+01     3.4995      0.721      1.046    15.4184 0.0000e+00
      0.736 -5.505e-25     7.2503     72.581     45.035  36.406764     3.6000    16.0247     0.0852     2.7072 2.5172e+01     3.4694      0.721      1.046    15.4182 0.0000e+00
      0.736 -4.281e-25     7.2502     72.593     45.035  36.405948     3.6000    16.0743     0.0852     2.7072 2.5210e+01     3.5596      0.722      1.046    15.4178 0.0000e+00
      0.736 -3.330e-25     7.2508     72.597     45.038  36.408143     3.6000    16.1163     0.0852     2.7072 2.5183e+01     3.4394      0.722      1.047    15.4174 0.0000e+00
      0.736 -2.590e-25     7.2516     72.589     45.041  36.409972     3.6000    16.1048     0.0852     2.7072 2.5172e+01     3.4394      0.722      1.047    15.4170 0.0000e+00
      0.736 -2.014e-25     7.2528     72.575     45.045  36.411923     3.6900    16.1048     0.1278     2.7495 2.5194e+01     3.4394      0.722      1.047    15.4164 0.0000e+00
      0.736 -1.567e-25     7.2541     72.559     45.054  36.418479     3.6900    16.1239     0.1278     2.7495 2.5194e+01     3.5446      0.722      1.047    15.4158 0.0000e+00
      0.736 -1.218e-25     7.2545     72.541     45.066  36.427425     3.6900    15.5174     0.1278     2.7495 2.5177e+01     3.4995      0.722      1.047    15.4151 0.0000e+00
      0.736 -9.475e-26     7.2538     72.525     45.074  36.433225     3.6900    15.4983     0.1278     2.7495 2.5199e+01     3.4394      0.722      1.047    15.4144 0.0000e+00
      0.736 -7.368e-26     7.2526     72.510     45.075  36.433465     3.6000    15.5097     0.0852     2.7495 2.5232e+01     3.4995      0.722      1.047    15.4137 0.0000e+00
      0.736 -5.728e-26     7.2511     72.497     45.074  36.432169     3.6000    15.5097     0.0852     2.7495 2.5243e+01     3.5446      0.722      1.046    15.4130 0.0000e+00
      0.736 -4.452e-26     7.2495     72.491     45.075  36.432953     3.6000    15.3266     0.0852     2.7495 2.5270e+01     3.4694      0.722      1.046    15.4123 0.0000e+00
      0.736 -3.459e-26     7.2480     72.489     45.080  36.436027     3.6000    15.3114     0.0852     2.7495 2.5276e+01     3.4093      0.722      1.046    15.4116 0.0000e+00
      0.736 -2.686e-26     7.2465     72.490     45.083  36.438248     3.6000    15.3266     0.0852     2.7495 2.5287e+01     3.4694      0.722      1.046    15.4110 0.0000e+00
      0.736 -2.083e-26     7.2454     72.486     45.081  36.436247     3.6000    15.3228     0.0852     2.7495 2.5254e+01     3.4694      0.722      1.046    15.4103 0.0000e+00
      0.736 -1.612e-26     7.2448     72.477     45.078  36.433453     3.6000    15.2694     0.0852     2.7495 2.5260e+01     3.4845      0.722      1.046    15.4097 0.0000e+00
      0.736 -1.243e-26     7.2448     72.471     45.073  36.429119     3.6000    15.2389     0.0852     2.7495 2.5243e+01     3.4694      0.721      1.046    15.4091 0.0000e+00
      0.736 -9.535e-27     7.2449     72.468     45.065  36.422091     3.6000    15.2770     0.0852     2.7495 2.5298e+01     3.4544      0.721      1.046    15.4086 0.0000e+00
      0.736 -7.244e-27     7.2445     72.468     45.066  36.422379     3.6000    15.2656     0.0852     2.7495 2.5347e+01     3.4544      0.721      1.046    15.4081 0.0000e+00
      0.736 -5.414e-27     7.2438     72.469     45.076  36.430058     3.6000    15.1245     0.0852     2.7495 2.5287e+01     3.4093      0.721      1.046    15.4077 0.0000e+00
      0.736 -3.928e-27     7.2432     72.470     45.083  36.435293     3.6000    15.1626     0.0852     2.7495 2.5221e+01     3.4694      0.721      1.046    15.4074 0.0000e+00
      0.736 -2.690e-27     7.2430     72.474     45.089  36.439479     3.6000    15.1168     0.0852     2.7495 2.5292e+01     3.4995      0.721      1.046    15.4071 0.0000e+00
      0.736 -1.624e-27     7.2430     72.486     45.095  36.443734     3.6000    15.1550     0.1278     2.7495 2.5265e+01     3.4694      0.721      1.046    15.4067 0.0000e+00
      0.736 -6.601e-28     7.2432     72.510     45.098  36.445229     3.6000    14.8879     0.1278     2.7495 2.5325e+01     3.2740      0.721      1.046    15.4062 0.0000e+00
      0.736 2.6141e-28     7.2434     72.541     45.102  36.448327     3.6000    14.9108     0.1278     2.7495 2.5298e+01     3.2139      0.721      1.046    15.4056 0.0000e+00
      0.736 1.1995e-27     7.2438     72.572     45.110  36.453851     3.6000    14.9108     0.1278     2.7495 2.5287e+01     3.2590      0.721      1.046    15.4048 0.0000e+00
      0.736 2.2138e-27     7.2452     72.599     45.112  36.455353     3.5100    14.9108     0.1278     2.7495 2.5314e+01     3.2440      0.721      1.046    15.4040 0.0000e+00
      0.736 3.3688e-27     7.2478     72.622     45.104  36.449272     3.5100    14.6018     0.1278     2.7495 2.5325e+01     3.5596      0.721      1.046    15.4033 0.0000e+00
      0.736 4.7376e-27     7.2510     72.640     45.089  36.437948     3.5100    14.5866     0.1278     2.7495 2.5347e+01     3.4995      0.721      1.046    15.4026 0.0000e+00
      0.736 6.4071e-27     7.2541     72.646     45.073  36.426283     3.5100    14.5828     0.1278     2.7495 2.5336e+01     3.4544      0.721      1.046    15.4022 0.0000e+00
      0.736 8.4835e-27     7.2569     72.638     45.063  36.419090     3.5100    14.6171     0.1278     2.7072 2.5325e+01     3.5596      0.721      1.046    15.4021 0.0000e+00
      0.736 1.1098e-26     7.2591     72.618     45.061  36.418411     3.5100    14.3234     0.1278     2.7072 2.5325e+01     3.4995      0.721      1.046    15.4024 0.0000e+00
      0.736 1.4418e-26     7.2607     72.595     45.062  36.420104     3.5100    14.2852     0.1278     2.7072 2.5397e+01     3.3342      0.721      1.046    15.4031 0.0000e+00
      0.736 1.8653e-26     7.2612     72.575     45.062  36.420661     3.5100    14.2852     0.1278     2.7072 2.5364e+01     3.4394      0.721      1.046    15.4041 0.0000e+00
      0.736 2.4073e-26     7.2602     72.559     45.061  36.420228     3.5100    14.3157     0.1278     2.7072 2.5403e+01     3.3943      0.721      1.046    15.4053 0.0000e+00
      0.736 3.1021e-26     7.2580     72.544     45.060  36.418692     3.6000    13.9228     0.0852     2.8341 2.5347e+01     3.2289      0.721      1.046    15.4065 0.0000e+00
      0.736 3.9938e-26     7.2555     72.535     45.057  36.415641     3.6000    13.9304     0.0852     2.8341 2.5353e+01     3.2440      0.721      1.046    15.4075 0.0000e+00
      0.736 5.1391e-26     7.2535     72.533     45.056  36.414224     3.6000    13.9266     0.0852     2.8341 2.5364e+01     3.2440      0.721      1.046    15.4082 0.0000e+00
      0.736 6.6107e-26     7.2518     72.533     45.063  36.418024     3.6000    13.9228     0.0852     2.8341 2.5325e+01     3.2139      0.721      1.046    15.4084 0.0000e+00
      0.736 8.5020e-26     7.2504     72.532     45.072  36.424094     3.6000    13.7168     0.1278     2.9187 2.5347e+01     3.4093      0.721      1.046    15.4081 0.0000e+00
      0.736 1.0933e-25     7.2496     72.533     45.082  36.430091     3.6000    13.7283     0.1278     2.9187 2.5342e+01     3.4544      0.721      1.046    15.4071 0.0000e+00
      0.736 1.4059e-25     7.2497     72.539     45.088  36.433651     3.6000    13.7397     0.1278     2.9187 2.5419e+01     3.4544      0.721      1.046    15.4058 0.0000e+00
      0.736 1.8076e-25     7.2499     72.548     45.087  36.431764     3.6000    13.7550     0.1278     2.9187 2.5325e+01     3.3943      0.722      1.047    15.4042 0.0000e+00
      0.736 2.3242e-25     7.2500     72.557     45.084  36.427888     3.6900    13.9610     0.1278     2.7072 2.5336e+01     3.4394      0.722      1.047    15.4025 0.0000e+00
      0.736 2.9883e-25     7.2505     72.559     45.081  36.424950     3.6900    13.9724     0.1278     2.7072 2.5375e+01     3.4544      0.722      1.047    15.4008 0.0000e+00
      0.736 3.8422e-25     7.2512     72.548     45.079  36.422166     3.6900    14.0029     0.1278     2.7072 2.5359e+01     3.3642      0.722      1.047    15.3992 0.0000e+00
      0.736 4.9400e-25     7.2523     72.525     45.080  36.422755     3.6900    13.9724     0.1278     2.7072 2.5430e+01     3.4394      0.722      1.047    15.3978 0.0000e+00
      0.736 6.3515e-25     7.2535     72.492     45.086  36.426874     3.6000    13.2972     0.1278     2.8341 2.5364e+01     3.6798      0.722      1.047    15.3966 0.0000e+00
      0.736 8.1662e-25     7.2539     72.452     45.087  36.427700     3.6000    13.3277     0.1278     2.8341 2.5386e+01     3.6798      0.722      1.047    15.3956 0.0000e+00
      0.736 1.0499e-24     7.2529     72.410     45.084  36.425453     3.6000    13.3315     0.1278     2.8341 2.5347e+01     3.7550      0.722      1.047    15.3948 0.0000e+00
      0.736 1.3499e-24     7.2507     72.374     45.081  36.423493     3.6000    13.3010     0.1278     2.8341 2.5359e+01     3.6348      0.722      1.047    15.3942 0.0000e+00
      0.736 1.7356e-24     7.2475     72.344     45.078  36.421300     3.6000    13.6329     0.1278     2.8341 2.5447e+01     3.8452      0.722      1.047    15.3938 0.0000e+00
      0.736 2.2315e-24     7.2435     72.322     45.078  36.422249     3.6000    13.6291     0.1278     2.7918 2.5414e+01     3.9354      0.722      1.047    15.3936 0.0000e+00
      0.736 2.8691e-24     7.2393     72.303     45.087  36.430555     3.6000    13.6024     0.1278     2.7918 2.5419e+01     3.9504      0.722      1.047    15.3936 0.0000e+00
      0.736 3.6888e-24     7.2356     72.283     45.098  36.440510     3.6000    13.6024     0.1278     2.7918 2.5463e+01     3.8903      0.722      1.047    15.3939 0.0000e+00
      0.736 4.7428e-24     7.2325     72.261     45.100  36.442886     3.6000    14.4340     0.1278     2.7918 2.5430e+01     3.6648      0.722      1.047    15.3944 0.0000e+00
      0.736 6.0979e-24     7.2302     72.242     45.093  36.438315     3.5100    14.4798     0.1278     2.9187 2.5425e+01     3.6197      0.722      1.047    15.3952 0.0000e+00
      0.736 7.8401e-24     7.2282     72.235     45.085  36.433501     3.5100    14.4683     0.1278     2.9187 2.5381e+01     3.6798      0.722      1.047    15.3963 0.0000e+00
      0.736 1.0080e-23     7.2260     72.241     45.081  36.431123     3.5100    14.4912     0.1278     2.9187 2.5403e+01     3.7400      0.722      1.047    15.3975 0.0000e+00
      0.736 1.2960e-23     7.2235     72.257     45.079  36.430545     3.5100    14.8383     0.1278     2.9187 2.5392e+01     3.7550      0.722      1.047    15.3988 0.0000e+00
      0.736 1.6663e-23     7.2214     72.285     45.080  36.431615     3.6900    14.8383     0.1278     2.8764 2.5430e+01     3.6498      0.722      1.047    15.4001 0.0000e+00
      0.736 2.1424e-23     7.2206     72.322     45.078  36.430655     3.6900    14.8307     0.1278     2.8764 2.5381e+01     3.6949      0.722      1.047    15.4014 0.0000e+00
      0.736 2.7545e-23     7.2210     72.360     45.073  36.427411     3.6900    14.8460     0.1278     2.8764 2.5419e+01     3.8151      0.722      1.047    15.4025 0.0000e+00
      0.736 3.5415e-23     7.2224     72.394     45.069  36.424977     3.6900    14.9452     0.1278     2.8764 2.5386e+01     3.6648      0.722      1.047    15.4035 0.0000e+00
      0.736 4.5534e-23     7.2251     72.423     45.061  36.418744     3.6900    14.9604     0.1278     2.8764 2.5359e+01     3.8151      0.722      1.047    15.4044 0.0000e+00
      0.736 5.8544e-23     7.2286     72.439     45.052  36.411012     3.6900    14.9566     0.0852     2.8341 2.5447e+01     3.6498      0.722      1.047    15.4052 0.0000e+00
      0.736 7.5270e-23     7.2323     72.437     45.053  36.411602     3.6900    14.9833     0.0852     2.8341 2.5497e+01     3.6047      0.722      1.047    15.4058 0.0000e+00
      0.736 9.6776e-23     7.2357     72.417     45.065  36.420671     3.6900    15.4334     0.0852     2.8341 2.5480e+01     3.6197      0.722      1.047    15.4062 0.0000e+00
      0.736 1.2443e-22     7.2386     72.388     45.076  36.428753     3.6900    15.4258     0.0852     2.8341 2.5502e+01     3.7099      0.722      1.047    15.4064 0.0000e+00
      0.736 1.5998e-22     7.2402     72.357     45.078  36.430082     3.6000    15.4792     0.1278     2.8764 2.5474e+01     3.7550      0.722      1.047    15.4063 0.0000e+00
      0.736 2.0568e-22     7.2400     72.329     45.078  36.428973     3.6000    15.4487     0.1278     2.8764 2.5408e+01     3.6798      0.722      1.047    15.4059 0.0000e+00
      0.736 2.6445e-22     7.2381     72.304     45.079  36.429091     3.6000    15.4182     0.1278     2.8764 2.5563e+01     3.3943      0.722      1.047    15.4053 0.0000e+00
