Data/DataNotYetUploadedToEDI/Raw_CTD/RawDownloads/103123_bvr50_S8188001.cnv
* Sea-Bird SBE19plus  Data File:
* FileName = C:\R\Reservoirs\Data\DataNotYetUploadedToEDI\Raw_CTD\RawDownloads\103123_bvr50_S8188_0001.hex
* Software version 2.8.0.119
* Temperature SN = 8188
* Conductivity SN = 8188
* System UpLoad Time = Nov 01 2023 16:38:48
* <ApplicationData>
* <Seaterm232>
# nquan = 16
# nvalues = 1655                        
# units = specified
# name 0 = depFM: Depth [fresh water, m]
# name 1 = dz/dtM: Descent Rate [m/s]
# name 2 = sbeox0Mg/L: Oxygen, SBE 43 [mg/l]
# name 3 = sbeox0PS: Oxygen, SBE 43 [% saturation]
# name 4 = specc: Specific Conductance [uS/cm]
# name 5 = c0uS/cm: Conductivity [uS/cm]
# name 6 = wetCDOM: Fluorescence, WET Labs CDOM [mg/m^3]
# name 7 = flECO-AFL: Fluorescence, WET Labs ECO-AFL/FL [mg/m^3]
# name 8 = flECO-AFL1: Fluorescence, WET Labs ECO-AFL/FL, 2 [mg/m^3]
# name 9 = flECO-AFL2: Fluorescence, WET Labs ECO-AFL/FL, 3 [mg/m^3]
# name 10 = par/sat/log: PAR/Logarithmic, Satlantic
# name 11 = turbWETntu0: Turbidity, WET Labs ECO [NTU]
# name 12 = prdM: Pressure, Strain Gauge [db]
# name 13 = prdE: Pressure, Strain Gauge [psi]
# name 14 = tv290C: Temperature [ITS-90, deg C]
# name 15 = flag:  0.000e+00
# span 0 =     -0.751,      8.907       
# span 1 =     -0.324,      0.103       
# span 2 =     0.0520,     7.4207       
# span 3 =      0.488,     70.955       
# span 4 =      0.693,    299.997       
# span 5 =   0.453749, 216.728280       
# span 6 =    -4.5000,     7.6500       
# span 7 =    -0.1460,    12.9043       
# span 8 =    -2.1300,     0.9372       
# span 9 =    -2.0304,     0.8460       
# span 10 = 1.1590e-01, 1.9267e+02      
# span 11 =    -0.4534,   100.7745      
# span 12 =     -0.736,      8.735      
# span 13 =     -1.068,     12.668      
# span 14 =     7.6921,    15.9135      
# span 15 = 0.0000e+00, 0.0000e+00      
# interval = seconds: 0.25
# start_time = Oct 31 2023 11:04:40 [Instrument's time stamp, header]
# bad_flag = -9.990e-29
*END*
[from data line 452]
     -0.006 -2.816e-08     5.8360     58.787     34.705  28.345746     4.7700     3.3674     0.3408     0.7614 6.0889e+01     8.6999     -0.006     -0.008    15.8440 0.0000e+00
     -0.006 -3.620e-08     5.8322     58.770     34.697  28.338145     4.7700     3.4093     0.3408     0.7614 6.0902e+01     8.5346     -0.006     -0.009    15.8404 0.0000e+00
     -0.006 -4.655e-08     5.8283     58.758     34.697  28.336645     4.7700     3.3864     0.3408     0.7614 6.0612e+01     8.3993     -0.006     -0.009    15.8378 0.0000e+00
     -0.006 -5.985e-08     5.8249     58.752     34.704  28.340846     4.9500     3.3788     0.3408     0.7614 6.0178e+01     8.4594     -0.006     -0.009    15.8360 0.0000e+00
     -0.006 -7.695e-08     5.8224     58.747     34.715  28.347910     4.9500     3.3483     0.3408     0.7614 5.9839e+01     8.5646     -0.006     -0.009    15.8343 0.0000e+00
     -0.006 -9.893e-08     5.8209     58.735     34.725  28.355760     4.9500     3.5848     0.3408     0.7614 5.9347e+01     8.3843     -0.006     -0.009    15.8323 0.0000e+00
     -0.006 -1.272e-07     5.8200     58.713     34.738  28.366489     4.9500     3.6382     0.3408     0.7614 5.8987e+01     8.5045     -0.006     -0.009    15.8301 0.0000e+00
     -0.006 -1.635e-07     5.8197     58.679     34.753  28.378999     4.9500     3.6001     0.3408     0.7614 5.9515e+01     8.3843     -0.006     -0.009    15.8278 0.0000e+00
     -0.006 -2.103e-07     5.8194     58.634     34.763  28.388707     4.8600     3.6382     0.2982     0.7614 5.9373e+01     8.4745     -0.006     -0.009    15.8260 0.0000e+00
     -0.006 -2.703e-07     5.8184     58.583     34.768  28.394242     4.8600     3.6230     0.2982     0.7614 5.9373e+01     8.4444     -0.006     -0.009    15.8250 0.0000e+00
     -0.006 -3.476e-07     5.8161     58.538     34.764  28.393120     4.8600     3.6230     0.2982     0.7614 5.9541e+01     8.4594     -0.006     -0.009    15.8251 0.0000e+00
     -0.007 -4.469e-07     5.8126     58.514     34.748  28.381082     4.8600     3.6344     0.2982     0.7614 6.0152e+01     8.5045     -0.006     -0.009    15.8262 0.0000e+00
     -0.007 -5.746e-07     5.8080     58.516     34.730  28.366797     4.7700     3.5848     0.2982     0.7614 5.9219e+01     8.5346     -0.006     -0.009    15.8281 0.0000e+00
     -0.007 -7.387e-07     5.8026     58.540     34.724  28.362294     4.7700     3.6268     0.2982     0.7614 6.0270e+01     8.4444     -0.006     -0.010    15.8304 0.0000e+00
     -0.007 -9.498e-07     5.7979     58.579     34.730  28.366373     4.7700     3.6077     0.2982     0.7614 5.9489e+01     8.4895     -0.006     -0.010    15.8326 0.0000e+00
     -0.007     -0.000     5.7954     58.628     34.732  28.368243     4.7700     3.6344     0.2982     0.7614 5.9425e+01     8.4444     -0.006     -0.010    15.8343 0.0000e+00
     -0.007     -0.000     5.7955     58.674     34.723  28.360482     4.9500     3.6192     0.2982     0.8037 5.9710e+01     8.4444     -0.006     -0.009    15.8352 0.0000e+00
     -0.007     -0.000     5.7977     58.705     34.710  28.348941     4.9500     3.4246     0.2982     0.8037 5.9283e+01     8.7300     -0.006     -0.009    15.8356 0.0000e+00
     -0.007     -0.000     5.8016     58.715     34.704  28.342420     4.9500     3.4589     0.2982     0.8037 5.9347e+01     8.7751     -0.006     -0.009    15.8355 0.0000e+00
     -0.007     -0.000     5.8066     58.702     34.702  28.339182     4.9500     3.4246     0.2982     0.8037 5.9787e+01     8.7149     -0.006     -0.009    15.8350 0.0000e+00
     -0.007     -0.000     5.8112     58.678     34.693  28.330442     4.8600     3.4666     0.2982     0.7614 5.9619e+01     8.6849     -0.006     -0.009    15.8341 0.0000e+00
     -0.007     -0.000     5.8145     58.652     34.682  28.319810     4.8600     3.4933     0.2982     0.7614 5.9813e+01     8.4143     -0.007     -0.009    15.8327 0.0000e+00
     -0.007     -0.000     5.8157     58.628     34.681  28.318310     4.8600     3.4933     0.2982     0.7614 5.9983e+01     8.4444     -0.007     -0.009    15.8308 0.0000e+00
     -0.007      0.000     5.8147     58.600     34.689  28.323562     4.8600     3.4818     0.2982     0.7614 5.9658e+01     8.5045     -0.007     -0.010    15.8286 0.0000e+00
     -0.007      0.000     5.8125     58.575     34.695  28.327066     4.8600     3.5238     0.2982     0.7614 5.9645e+01     8.5346     -0.007     -0.010    15.8264 0.0000e+00
     -0.007      0.000     5.8103     58.555     34.694  28.325798     4.7700     3.6192     0.2982     0.7614 5.9619e+01     8.6999     -0.007     -0.010    15.8243 0.0000e+00
     -0.007      0.000     5.8080     58.543     34.692  28.323379     4.7700     3.6268     0.2982     0.7614 5.9283e+01     8.6698     -0.007     -0.010    15.8224 0.0000e+00
     -0.007      0.000     5.8055     58.532     34.697  28.327084     4.7700     3.6230     0.2982     0.7614 5.9322e+01     8.7600     -0.007     -0.010    15.8207 0.0000e+00
     -0.007      0.000     5.8032     58.516     34.706  28.333940     4.7700     3.6306     0.2982     0.7614 5.9090e+01     8.6398     -0.007     -0.010    15.8193 0.0000e+00
     -0.007      0.000     5.8014     58.493     34.707  28.333897     4.8600     3.8557     0.2982     0.7614 5.8987e+01     8.6097     -0.007     -0.010    15.8183 0.0000e+00
     -0.007      0.000     5.8002     58.468     34.705  28.330902     4.8600     3.8595     0.2982     0.7614 5.9425e+01     8.6999     -0.007     -0.010    15.8175 0.0000e+00
     -0.007      0.000     5.7993     58.443     34.709  28.332078     4.8600     3.8557     0.2982     0.7614 5.9464e+01     8.8051     -0.007     -0.010    15.8168 0.0000e+00
     -0.008      0.000     5.7978     58.412     34.712  28.333777     4.8600     3.8747     0.2982     0.7614 5.9619e+01     8.6398     -0.007     -0.011    15.8158 0.0000e+00
     -0.008      0.000     5.7957     58.378     34.712  28.332493     4.8600     3.4818     0.2982     0.8037 5.9322e+01     8.4143     -0.007     -0.011    15.8143 0.0000e+00
     -0.008      0.000     5.7935     58.349     34.712  28.331843     4.8600     3.4742     0.2982     0.8037 5.9865e+01     8.4745     -0.007     -0.011    15.8123 0.0000e+00
     -0.008      0.000     5.7913     58.326     34.717  28.335613     4.8600     3.5009     0.2982     0.8037 5.9619e+01     8.4444     -0.007     -0.011    15.8102 0.0000e+00
     -0.008      0.000     5.7885     58.308     34.719  28.336890     4.8600     3.5162     0.2982     0.8037 5.9476e+01     8.4143     -0.008     -0.011    15.8083 0.0000e+00
     -0.008      0.000     5.7853     58.294     34.708  28.328094     4.8600     3.7946     0.2982     0.8037 5.9373e+01     8.7300     -0.008     -0.011    15.8068 0.0000e+00
     -0.008      0.000     5.7825     58.288     34.692  28.314800     4.8600     3.7984     0.3408     0.8037 5.9425e+01     8.6999     -0.008     -0.011    15.8058 0.0000e+00
     -0.008     -0.001     5.7803     58.290     34.680  28.305342     4.8600     3.8099     0.3408     0.8037 5.9270e+01     8.6999     -0.008     -0.011    15.8052 0.0000e+00
     -0.008     -0.001     5.7785     58.297     34.675  28.301156     4.8600     3.7870     0.3408     0.8037 5.9231e+01     8.7149     -0.008     -0.012    15.8051 0.0000e+00
     -0.008      0.000     5.7772     58.305     34.675  28.301126     4.8600     3.8099     0.3408     0.8037 5.9322e+01     8.7149     -0.008     -0.012    15.8052 0.0000e+00
     -0.008      0.000     5.7765     58.314     34.680  28.305245     4.8600     3.8175     0.2982     0.8460 5.9425e+01     8.6698     -0.008     -0.012    15.8052 0.0000e+00
     -0.009      0.000     5.7767     58.323     34.686  28.310651     4.8600     3.7984     0.2982     0.8460 5.9710e+01     8.7300     -0.008     -0.012    15.8050 0.0000e+00
     -0.009      0.000     5.7775     58.325     34.690  28.314827     4.8600     3.8099     0.2982     0.8460 5.9593e+01     8.5797     -0.008     -0.012    15.8047 0.0000e+00
     -0.009      0.000     5.7783     58.317     34.694  28.318886     4.8600     3.6306     0.2982     0.8460 5.9645e+01     8.4444     -0.008     -0.012    15.8048 0.0000e+00
     -0.009      0.000     5.7790     58.303     34.696  28.319951     4.7700     3.6268     0.2982     0.8037 5.9334e+01     8.4444     -0.008     -0.012    15.8056 0.0000e+00
     -0.009     -0.000     5.7798     58.291     34.695  28.318306     4.7700     3.6420     0.2982     0.8037 5.9464e+01     8.4294     -0.008     -0.012    15.8068 0.0000e+00
     -0.009     -0.000     5.7799     58.281     34.699  28.321430     4.7700     3.6077     0.2982     0.8037 5.9116e+01     8.5496     -0.008     -0.012    15.8079 0.0000e+00
     -0.009      0.000     5.7790     58.270     34.706  28.326199     4.7700     3.7908     0.2982     0.8037 5.9283e+01     8.6248     -0.009     -0.013    15.8082 0.0000e+00
     -0.009     -0.001     5.7777     58.259     34.706  28.325963     4.9500     3.8061     0.3408     0.7191 5.8987e+01     8.4745     -0.009     -0.013    15.8079 0.0000e+00
     -0.009     -0.001     5.7766     58.250     34.705  28.324620     4.9500     3.8099     0.3408     0.7191 5.9334e+01     8.4745     -0.009     -0.013    15.8071 0.0000e+00
     -0.009     -0.001     5.7757     58.245     34.706  28.325772     4.9500     3.8023     0.3408     0.7191 5.9515e+01     8.4745     -0.009     -0.013    15.8059 0.0000e+00
     -0.010     -0.001     5.7747     58.247     34.711  28.329725     4.9500     3.6268     0.3408     0.7191 5.9425e+01     8.4594     -0.009     -0.014    15.8047 0.0000e+00
     -0.010     -0.001     5.7737     58.251     34.716  28.333574     4.9500     3.6230     0.3408     0.7191 5.9736e+01     8.4294     -0.010     -0.014    15.8038 0.0000e+00
     -0.010     -0.001     5.7729     58.254     34.717  28.334385     4.7700     3.6192     0.3408     0.6768 5.9541e+01     8.4143     -0.010     -0.014    15.8034 0.0000e+00
     -0.010     -0.001     5.7724     58.260     34.721  28.336336     4.7700     3.6497     0.3408     0.6768 5.9710e+01     8.4745     -0.010     -0.014    15.8035 0.0000e+00
     -0.010      0.000     5.7725     58.272     34.728  28.339945     4.7700     3.7641     0.3408     0.6768 5.9567e+01     8.5346     -0.010     -0.015    15.8039 0.0000e+00
     -0.010     -0.000     5.7729     58.282     34.728  28.338256     4.7700     3.7412     0.3408     0.6768 5.9567e+01     8.5346     -0.010     -0.015    15.8040 0.0000e+00
     -0.010     -0.000     5.7733     58.287     34.720  28.330818     4.8600     3.7489     0.2982     0.6768 5.9373e+01     8.4745     -0.010     -0.015    15.8033 0.0000e+00
     -0.011     -0.000     5.7742     58.281     34.712  28.323568     4.8600     3.7527     0.2982     0.6768 5.9813e+01     8.4745     -0.010     -0.015    15.8014 0.0000e+00
     -0.011     -0.000     5.7756     58.257     34.711  28.322491     4.8600     3.8709     0.2982     0.6768 5.9373e+01     8.3843     -0.010     -0.015    15.7991 0.0000e+00
     -0.011     -0.000     5.7769     58.217     34.717  28.327300     4.8600     3.8862     0.2982     0.6768 5.9697e+01     8.4444     -0.010     -0.015    15.7971 0.0000e+00
     -0.011     -0.000     5.7776     58.168     34.723  28.331357     4.8600     3.8938     0.2982     0.7614 5.9283e+01     8.4745     -0.011     -0.015    15.7957 0.0000e+00
     -0.011     -0.000     5.7772     58.116     34.723  28.331786     4.8600     3.8557     0.2982     0.7614 5.9438e+01     8.4294     -0.011     -0.015    15.7947 0.0000e+00
     -0.011      0.000     5.7749     58.065     34.720  28.328701     4.8600     3.7603     0.2982     0.7614 5.9749e+01     8.4444     -0.011     -0.015    15.7940 0.0000e+00
     -0.011      0.000     5.7709     58.024     34.712  28.321278     4.8600     3.7565     0.2982     0.7614 5.9438e+01     8.4745     -0.011     -0.015    15.7935 0.0000e+00
     -0.011      0.000     5.7661     57.999     34.701  28.311499     4.9500     3.7489     0.2982     0.6768 5.9632e+01     8.5496     -0.011     -0.016    15.7931 0.0000e+00
     -0.011      0.000     5.7610     57.990     34.693  28.304675     4.9500     3.7221     0.2982     0.6768 5.9645e+01     8.4594     -0.011     -0.016    15.7927 0.0000e+00
     -0.011      0.000     5.7561     57.995     34.692  28.302946     4.9500     3.9167     0.2982     0.6768 5.9710e+01     8.4444     -0.011     -0.016    15.7922 0.0000e+00
     -0.011      0.000     5.7521     58.008     34.692  28.301891     4.9500     3.9510     0.2982     0.6768 5.9671e+01     8.4143     -0.011     -0.016    15.7912 0.0000e+00
     -0.011      0.000     5.7497     58.022     34.686  28.297268     4.9500     3.9320     0.2982     0.6768 5.9606e+01     8.3993     -0.011     -0.016    15.7899 0.0000e+00
     -0.011      0.000     5.7490     58.033     34.680  28.291804     4.7700     3.9243     0.2982     0.7191 5.9206e+01     8.5797     -0.011     -0.016    15.7887 0.0000e+00
     -0.011      0.000     5.7496     58.036     34.675  28.288003     4.7700     3.8519     0.2982     0.7191 5.9606e+01     8.4745     -0.011     -0.016    15.7877 0.0000e+00
     -0.011      0.000     5.7509     58.030     34.674  28.286830     4.7700     3.8786     0.2982     0.7191 5.9206e+01     8.3993     -0.011     -0.016    15.7871 0.0000e+00
     -0.011      0.000     5.7524     58.018     34.679  28.289952     4.7700     3.8595     0.2982     0.7191 5.9039e+01     8.4895     -0.011     -0.016    15.7867 0.0000e+00
     -0.012     -0.001     5.7535     58.003     34.690  28.298202     4.9500     3.8786     0.2982     0.6768 5.8987e+01     8.4143     -0.011     -0.017    15.7865 0.0000e+00
     -0.012     -0.001     5.7538     57.985     34.704  28.309821     4.9500     3.6840     0.2982     0.6768 5.9322e+01     8.4444     -0.011     -0.017    15.7863 0.0000e+00
     -0.012      0.000     5.7533     57.965     34.713  28.318008     4.9500     3.6878     0.2982     0.6768 5.9684e+01     8.5346     -0.012     -0.017    15.7858 0.0000e+00
     -0.012      0.000     5.7522     57.951     34.713  28.319006     4.9500     3.6726     0.2982     0.6768 5.9554e+01     8.3843     -0.012     -0.017    15.7850 0.0000e+00
     -0.012      0.001     5.7509     57.949     34.709  28.317040     4.9500     3.6954     0.3408     0.7614 6.0809e+01     8.5346     -0.012     -0.018    15.7842 0.0000e+00
     -0.013      0.002     5.7491     57.961     34.709  28.319508     4.9500     3.4589     0.3408     0.7614 6.1487e+01     8.6398     -0.012     -0.018    15.7838 0.0000e+00
     -0.012      0.003     5.7470     57.981     34.712  28.323106     4.9500     3.4246     0.3408     0.7614 6.0836e+01     8.7300     -0.012     -0.017    15.7843 0.0000e+00
     -0.011      0.004     5.7454     58.011     34.707  28.320875     4.9500     3.4399     0.3408     0.7614 5.9231e+01     8.6999     -0.011     -0.016    15.7861 0.0000e+00
     -0.009      0.006     5.7450     58.055     34.701  28.316180     4.7700     3.4437     0.2982     0.7191 5.7983e+01     8.6398     -0.009     -0.013    15.7887 0.0000e+00
     -0.008      0.007     5.7458     58.111     34.696  28.311728     4.7700     3.5734     0.2982     0.7191 5.8706e+01     8.5646     -0.007     -0.011    15.7915 0.0000e+00
     -0.006      0.009     5.7475     58.165     34.696  28.310292     4.7700     3.5810     0.2982     0.7191 6.0022e+01     8.4745     -0.006     -0.008    15.7939 0.0000e+00
     -0.004      0.010     5.7502     58.205     34.700  28.311490     4.7700     3.5505     0.2982     0.7191 5.8949e+01     8.4444     -0.004     -0.005    15.7957 0.0000e+00
     -0.001      0.011     5.7544     58.230     34.698  28.307720     4.7700     3.5696     0.2982     0.7191 5.8350e+01     8.5346     -0.001     -0.001    15.7967 0.0000e+00
      0.002      0.012     5.7601     58.244     34.691  28.299959     4.9500     3.6001     0.2982     0.7191 5.6873e+01     8.6698      0.002      0.003    15.7964 0.0000e+00
