Data/DataNotYetUploadedToEDI/Raw_CTD/RawDownloads/103123_bvr50_S8188001.cnv
* Sea-Bird SBE19plus  Data File:
* FileName = C:\R\Reservoirs\Data\DataNotYetUploadedToEDI\Raw_CTD\RawDownloads\103123_bvr50_S8188_0001.hex
* Software version 2.8.0.119
* Temperature SN = 8188
* Conductivity SN = 8188
* System UpLoad Time = Nov 01 2023 16:38:48
* <ApplicationData>
* <Seaterm232>
# nquan = 16
# nvalues = 1655                        
# units = specified
# name 0 = depFM: Depth [fresh water, m]
# name 1 = dz/dtM: Descent Rate [m/s]
# name 2 = sbeox0Mg/L: Oxygen, SBE 43 [mg/l]
# name 3 = sbeox0PS: Oxygen, SBE 43 [% saturation]
# name 4 = specc: Specific Conductance [uS/cm]
# name 5 = c0uS/cm: Conductivity [uS/cm]
# name 6 = wetCDOM: Fluorescence, WET Labs CDOM [mg/m^3]
# name 7 = flECO-AFL: Fluorescence, WET Labs ECO-AFL/FL [mg/m^3]
# name 8 = flECO-AFL1: Fluorescence, WET Labs ECO-AFL/FL, 2 [mg/m^3]
# name 9 = flECO-AFL2: Fluorescence, WET Labs ECO-AFL/FL, 3 [mg/m^3]
# name 10 = par/sat/log: PAR/Logarithmic, Satlantic
# name 11 = turbWETntu0: Turbidity, WET Labs ECO [NTU]
# name 12 = prdM: Pressure, Strain Gauge [db]
# name 13 = prdE: Pressure, Strain Gauge [psi]
# name 14 = tv290C: Temperature [ITS-90, deg C]
# name 15 = flag:  0.000e+00
# span 0 =     -0.751,      8.907       
# span 1 =     -0.324,      0.103       
# span 2 =     0.0520,     7.4207       
# span 3 =      0.488,     70.955       
# span 4 =      0.693,    299.997       
# span 5 =   0.453749, 216.728280       
# span 6 =    -4.5000,     7.6500       
# span 7 =    -0.1460,    12.9043       
# span 8 =    -2.1300,     0.9372       
# span 9 =    -2.0304,     0.8460       
# span 10 = 1.1590e-01, 1.9267e+02      
# span 11 =    -0.4534,   100.7745      
# span 12 =     -0.736,      8.735      
# span 13 =     -1.068,     12.668      
# span 14 =     7.6921,    15.9135      
# span 15 = 0.0000e+00, 0.0000e+00      
# interval = seconds: 0.25
# start_time = Oct 31 2023 11:04:40 [Instrument's time stamp, header]
# bad_flag = -9.990e-29
*END*
[from data line 362]
      0.059      0.052     5.8393     59.060     34.722  28.385655     4.9500     3.7641     0.3408     0.7614 6.2961e+01     8.7600      0.057      0.083    15.8597 0.0000e+00
      0.074      0.057     5.8402     59.073     34.709  28.375834     4.9500     3.7489     0.3408     0.7614 6.0126e+01     8.7600      0.072      0.105    15.8627 0.0000e+00
      0.091      0.058     5.8416     59.079     34.699  28.366327     4.9500     3.3140     0.3408     0.7614 5.2960e+01     8.6999      0.089      0.130    15.8660 0.0000e+00
      0.109      0.055     5.8433     59.068     34.688  28.354599     4.9500     3.3292     0.3408     0.7614 4.8048e+01     8.6999      0.107      0.155    15.8692 0.0000e+00
      0.126      0.047     5.8447     59.035     34.684  28.347423     5.0400     3.3140     0.2982     0.8037 4.2979e+01     8.6548      0.123      0.179    15.8719 0.0000e+00
      0.139      0.035     5.8459     58.980     34.696  28.352783     5.0400     3.3025     0.2982     0.8037 4.3063e+01     8.6398      0.136      0.197    15.8730 0.0000e+00
      0.147      0.019     5.8467     58.901     34.707  28.358248     5.0400     3.2491     0.2982     0.8037 4.1873e+01     8.6097      0.144      0.209    15.8715 0.0000e+00
      0.150      0.001     5.8461     58.805     34.702  28.351419     5.0400     3.2339     0.2982     0.8037 4.1937e+01     8.6097      0.147      0.214    15.8672 0.0000e+00
      0.148     -0.016     5.8436     58.698     34.693  28.342351     4.9500     3.2415     0.2982     0.7614 4.0982e+01     8.7300      0.145      0.210    15.8613 0.0000e+00
      0.140     -0.031     5.8388     58.597     34.693  28.340507     4.9500     3.2415     0.2982     0.7614 4.3857e+01     8.6698      0.137      0.199    15.8551 0.0000e+00
      0.127     -0.042     5.8317     58.519     34.697  28.341436     4.9500     3.2453     0.2982     0.7614 5.0400e+01     8.5947      0.125      0.181    15.8502 0.0000e+00
      0.112     -0.048     5.8225     58.477     34.700  28.341424     4.9500     3.2339     0.2982     0.7614 6.1420e+01     8.6248      0.109      0.159    15.8468 0.0000e+00
      0.096     -0.049     5.8123     58.474     34.708  28.346409     4.9500     3.2339     0.2982     0.8037 6.6678e+01     8.7450      0.094      0.136    15.8441 0.0000e+00
      0.082     -0.046     5.8027     58.510     34.724  28.359699     4.9500     3.2491     0.2982     0.8037 6.4526e+01     8.6698      0.080      0.116    15.8410 0.0000e+00
      0.071     -0.040     5.7954     58.581     34.741  28.374939     4.9500     3.1881     0.2982     0.8037 6.4877e+01     8.4143      0.069      0.101    15.8375 0.0000e+00
      0.062     -0.033     5.7916     58.676     34.758  28.390253     4.9500     3.1995     0.2982     0.8037 6.6490e+01     8.4444      0.061      0.088    15.8343 0.0000e+00
      0.055     -0.027     5.7915     58.780     34.769  28.401807     4.9500     3.1957     0.2982     0.8037 6.4821e+01     8.4143      0.054      0.078    15.8323 0.0000e+00
      0.049     -0.022     5.7951     58.881     34.770  28.404762     4.7700     3.1995     0.3408     0.7191 6.6505e+01     8.5045      0.048      0.070    15.8323 0.0000e+00
      0.045     -0.017     5.8020     58.965     34.761  28.399905     4.7700     3.4284     0.3408     0.7191 6.3801e+01     8.6097      0.044      0.064    15.8338 0.0000e+00
      0.041     -0.014     5.8111     59.022     34.751  28.393861     4.7700     3.4284     0.3408     0.7191 6.2620e+01     8.6999      0.040      0.059    15.8364 0.0000e+00
      0.038     -0.012     5.8211     59.048     34.748  28.392939     4.7700     3.4399     0.3408     0.7191 6.2538e+01     8.7300      0.038      0.054    15.8395 0.0000e+00
      0.036     -0.010     5.8307     59.051     34.741  28.388972     4.8600     3.4284     0.2982     0.7614 6.1957e+01     8.6999      0.035      0.051    15.8427 0.0000e+00
      0.034     -0.009     5.8386     59.040     34.725  28.376944     4.8600     3.4437     0.2982     0.7614 6.1648e+01     8.6398      0.033      0.048    15.8459 0.0000e+00
      0.032     -0.008     5.8437     59.023     34.710  28.365527     4.8600     3.4284     0.2982     0.7614 6.1181e+01     8.6849      0.031      0.045    15.8490 0.0000e+00
      0.030     -0.008     5.8460     59.006     34.707  28.363553     4.8600     3.4551     0.2982     0.7614 6.1354e+01     8.6398      0.029      0.042    15.8517 0.0000e+00
      0.028     -0.007     5.8460     58.993     34.715  28.370498     4.7700     3.4627     0.3408     0.7614 6.1782e+01     8.7901      0.027      0.039    15.8539 0.0000e+00
      0.026     -0.006     5.8447     58.987     34.727  28.380293     4.7700     3.5886     0.3408     0.7614 6.1607e+01     8.6698      0.025      0.037    15.8555 0.0000e+00
      0.024     -0.006     5.8429     58.987     34.735  28.387631     4.7700     3.5429     0.3408     0.7614 6.0770e+01     8.6548      0.024      0.035    15.8564 0.0000e+00
      0.023     -0.005     5.8412     58.988     34.737  28.390511     4.7700     3.5810     0.3408     0.7614 6.0100e+01     8.5496      0.022      0.033    15.8571 0.0000e+00
      0.022     -0.005     5.8398     58.985     34.735  28.389698     4.8600     3.5772     0.3408     0.6768 5.9399e+01     8.5646      0.021      0.031    15.8578 0.0000e+00
      0.020     -0.005     5.8391     58.978     34.728  28.384978     4.8600     3.5505     0.3408     0.6768 5.8770e+01     8.6698      0.020      0.029    15.8587 0.0000e+00
      0.019     -0.005     5.8390     58.972     34.719  28.379050     4.8600     3.4666     0.3408     0.6768 5.8426e+01     8.6698      0.019      0.027    15.8599 0.0000e+00
      0.018     -0.005     5.8389     58.968     34.717  28.378254     4.8600     3.4322     0.3408     0.6768 5.7832e+01     8.6999      0.018      0.026    15.8612 0.0000e+00
      0.017     -0.005     5.8384     58.969     34.721  28.382377     4.8600     3.4551     0.3408     0.6768 5.7034e+01     8.7149      0.017      0.024    15.8627 0.0000e+00
      0.015     -0.006     5.8376     58.972     34.724  28.384599     4.7700     3.4208     0.3408     0.8037 5.7795e+01     8.6548      0.015      0.022    15.8642 0.0000e+00
      0.014     -0.006     5.8367     58.974     34.725  28.385514     4.7700     3.5734     0.3408     0.8037 5.7908e+01     8.6999      0.014      0.020    15.8658 0.0000e+00
      0.012     -0.006     5.8363     58.972     34.729  28.389323     4.7700     3.5505     0.3408     0.8037 5.9347e+01     8.6849      0.012      0.017    15.8671 0.0000e+00
      0.010     -0.005     5.8362     58.968     34.734  28.393085     4.7700     3.5581     0.3408     0.8037 5.9039e+01     8.6999      0.010      0.015    15.8682 0.0000e+00
      0.009     -0.005     5.8365     58.963     34.730  28.389882     4.6800     3.5505     0.3408     0.7191 6.0743e+01     8.7149      0.009      0.013    15.8688 0.0000e+00
      0.008     -0.004     5.8366     58.960     34.716  28.378860     4.6800     3.6573     0.3408     0.7191 5.8147e+01     8.6097      0.008      0.011    15.8689 0.0000e+00
      0.007     -0.004     5.8364     58.961     34.704  28.368959     4.6800     3.6954     0.3408     0.7191 5.9489e+01     8.6999      0.007      0.010    15.8688 0.0000e+00
      0.006     -0.004     5.8361     58.964     34.701  28.365458     4.6800     3.6649     0.3408     0.7191 5.7569e+01     8.6698      0.006      0.009    15.8688 0.0000e+00
      0.005     -0.004     5.8355     58.971     34.699  28.363464     4.8600     3.6878     0.2982     0.6768 5.9167e+01     8.6698      0.005      0.008    15.8688 0.0000e+00
      0.005     -0.004     5.8352     58.978     34.698  28.362445     4.8600     3.5047     0.2982     0.6768 5.8325e+01     8.5646      0.005      0.007    15.8688 0.0000e+00
      0.004     -0.005     5.8353     58.979     34.708  28.370050     4.8600     3.4818     0.2982     0.6768 5.8375e+01     8.4895      0.004      0.005    15.8685 0.0000e+00
      0.002     -0.006     5.8357     58.973     34.721  28.380386     4.8600     3.4894     0.2982     0.6768 5.8962e+01     8.4143      0.002      0.003    15.8679 0.0000e+00
      0.001     -0.006     5.8365     58.962     34.726  28.384330     4.9500     3.5009     0.3408     0.6768 6.0546e+01     8.4143      0.001      0.001    15.8672 0.0000e+00
     -0.001     -0.006     5.8372     58.948     34.730  28.386895     4.9500     3.3178     0.3408     0.6768 6.1340e+01     8.4594     -0.001     -0.002    15.8666 0.0000e+00
     -0.003     -0.006     5.8374     58.938     34.732  28.388763     4.9500     3.3140     0.3408     0.6768 6.2172e+01     8.5045     -0.003     -0.004    15.8658 0.0000e+00
     -0.005     -0.006     5.8369     58.934     34.730  28.386475     4.9500     3.3063     0.3408     0.6768 6.2159e+01     8.4143     -0.005     -0.007    15.8651 0.0000e+00
     -0.006     -0.005     5.8359     58.939     34.721  28.379418     4.9500     3.3178     0.3408     0.6768 6.1943e+01     8.4444     -0.006     -0.008    15.8647 0.0000e+00
     -0.007     -0.005     5.8346     58.949     34.709  28.369672     4.8600     3.5505     0.3408     0.7614 6.1514e+01     8.6698     -0.007     -0.010    15.8645 0.0000e+00
     -0.008     -0.005     5.8335     58.958     34.700  28.362556     4.8600     3.5619     0.3408     0.7614 6.1340e+01     8.6698     -0.008     -0.011    15.8644 0.0000e+00
     -0.009     -0.005     5.8331     58.964     34.702  28.364093     4.8600     3.5772     0.3408     0.7614 6.1380e+01     8.6698     -0.009     -0.013    15.8643 0.0000e+00
     -0.010     -0.005     5.8336     58.968     34.715  28.374693     4.8600     3.5505     0.3408     0.7614 6.1943e+01     8.8202     -0.010     -0.015    15.8644 0.0000e+00
     -0.012     -0.005     5.8347     58.966     34.729  28.385302     4.8600     3.3788     0.2982     0.7191 6.2308e+01     8.7149     -0.011     -0.017    15.8644 0.0000e+00
     -0.013     -0.004     5.8355     58.956     34.732  28.386872     4.8600     3.3597     0.2982     0.7191 6.2920e+01     8.7901     -0.013     -0.019    15.8643 0.0000e+00
     -0.014     -0.004     5.8362     58.942     34.724  28.379820     4.8600     3.3941     0.2982     0.7191 6.3002e+01     8.5797     -0.014     -0.021    15.8640 0.0000e+00
     -0.015     -0.003     5.8366     58.932     34.713  28.370185     4.8600     3.3826     0.2982     0.7191 6.2213e+01     8.6248     -0.015     -0.022    15.8635 0.0000e+00
     -0.016     -0.002     5.8365     58.930     34.701  28.359357     4.6800     3.5581     0.2982     0.8460 6.2538e+01     8.4594     -0.015     -0.022    15.8628 0.0000e+00
     -0.016     -0.002     5.8356     58.930     34.688  28.348409     4.6800     3.5619     0.2982     0.8460 6.2443e+01     8.3542     -0.016     -0.023    15.8620 0.0000e+00
     -0.016     -0.001     5.8344     58.926     34.677  28.338382     4.6800     3.5467     0.2982     0.8460 6.2240e+01     8.4444     -0.016     -0.023    15.8611 0.0000e+00
     -0.017     -0.001     5.8335     58.918     34.669  28.330560     4.6800     3.5238     0.2982     0.8460 6.2470e+01     8.4143     -0.016     -0.024    15.8601 0.0000e+00
     -0.017     -0.000     5.8335     58.911     34.671  28.330777     4.6800     3.6153     0.2982     0.8460 6.2010e+01     8.5195     -0.016     -0.024    15.8589 0.0000e+00
     -0.017     -0.000     5.8337     58.907     34.679  28.335132     4.8600     3.6268     0.3408     0.7614 6.2402e+01     8.6548     -0.016     -0.024    15.8576 0.0000e+00
     -0.017      0.000     5.8334     58.901     34.683  28.336867     4.8600     3.6230     0.3408     0.7614 6.1728e+01     8.7300     -0.016     -0.024    15.8560 0.0000e+00
     -0.017      0.001     5.8328     58.891     34.690  28.340403     4.8600     3.6306     0.3408     0.7614 6.2579e+01     8.7450     -0.016     -0.024    15.8543 0.0000e+00
     -0.017      0.001     5.8325     58.877     34.700  28.346683     4.8600     3.6192     0.3408     0.7614 6.2865e+01     8.7300     -0.016     -0.024    15.8522 0.0000e+00
     -0.016      0.001     5.8323     58.865     34.711  28.353422     4.9500     3.6573     0.2982     0.6345 6.1903e+01     8.6698     -0.016     -0.023    15.8498 0.0000e+00
     -0.016      0.001     5.8321     58.856     34.718  28.358458     4.9500     3.6497     0.2982     0.6345 6.1782e+01     8.6849     -0.015     -0.022    15.8471 0.0000e+00
     -0.015      0.001     5.8315     58.844     34.723  28.363133     4.9500     3.6115     0.2982     0.6345 6.1061e+01     8.7149     -0.014     -0.021    15.8440 0.0000e+00
     -0.015      0.002     5.8305     58.826     34.732  28.372654     4.9500     3.5505     0.2982     0.6345 6.1274e+01     8.3843     -0.014     -0.021    15.8409 0.0000e+00
     -0.014      0.002     5.8295     58.806     34.740  28.381640     4.8600     3.5734     0.3408     0.7614 6.3414e+01     8.4895     -0.014     -0.021    15.8385 0.0000e+00
     -0.014      0.003     5.8288     58.786     34.740  28.384568     4.8600     3.5696     0.3408     0.7614 6.3497e+01     8.3993     -0.014     -0.020    15.8375 0.0000e+00
     -0.013      0.003     5.8275     58.775     34.738  28.386180     4.8600     3.5467     0.3408     0.7614 6.1287e+01     8.4294     -0.013     -0.019    15.8383 0.0000e+00
     -0.012      0.004     5.8254     58.777     34.734  28.386905     4.8600     3.1995     0.3408     0.7614 5.8706e+01     8.6548     -0.012     -0.017    15.8406 0.0000e+00
     -0.011      0.004     5.8230     58.788     34.720  28.379017     4.8600     3.2033     0.2982     0.7614 6.0559e+01     8.6698     -0.010     -0.015    15.8443 0.0000e+00
     -0.009      0.004     5.8205     58.806     34.700  28.364372     4.8600     3.1843     0.2982     0.7614 5.9077e+01     8.5797     -0.009     -0.013    15.8490 0.0000e+00
     -0.008      0.004     5.8187     58.836     34.688  28.354905     4.8600     3.1614     0.2982     0.7614 6.0717e+01     8.6849     -0.008     -0.012    15.8544 0.0000e+00
     -0.007      0.003     5.8183     58.880     34.689  28.356010     4.8600     3.1194     0.2982     0.7614 6.1648e+01     8.4444     -0.007     -0.010    15.8597 0.0000e+00
     -0.007      0.002     5.8189     58.930     34.696  28.360062     4.8600     3.1118     0.2982     0.7614 6.0323e+01     8.4745     -0.007     -0.010    15.8640 0.0000e+00
     -0.006      0.002     5.8202     58.976     34.698  28.360222     4.8600     3.1270     0.2982     0.7191 6.0743e+01     8.4444     -0.006     -0.009    15.8669 0.0000e+00
     -0.006      0.001     5.8231     59.007     34.701  28.360492     4.8600     3.1309     0.2982     0.7191 6.0401e+01     8.3843     -0.006     -0.009    15.8682 0.0000e+00
     -0.006      0.001     5.8275     59.015     34.710  28.364905     4.8600     3.4360     0.2982     0.7191 5.9257e+01     8.8051     -0.006     -0.009    15.8677 0.0000e+00
     -0.006      0.001     5.8327     59.004     34.720  28.370678     4.8600     3.4132     0.2982     0.7191 5.8591e+01     8.7600     -0.006     -0.009    15.8659 0.0000e+00
     -0.006      0.000     5.8375     58.976     34.725  28.371430     4.8600     3.4284     0.3408     0.6768 5.9438e+01     8.6548     -0.006     -0.008    15.8633 0.0000e+00
     -0.006      0.000     5.8409     58.937     34.723  28.367361     4.8600     3.4170     0.3408     0.6768 5.9206e+01     8.6698     -0.006     -0.008    15.8601 0.0000e+00
     -0.006      0.000     5.8422     58.894     34.724  28.365306     4.8600     3.3483     0.3408     0.6768 5.9787e+01     8.6398     -0.006     -0.008    15.8566 0.0000e+00
     -0.006 -1.703e-08     5.8415     58.852     34.725  28.364717     4.8600     3.3903     0.3408     0.6768 6.0126e+01     8.7751     -0.006     -0.008    15.8527 0.0000e+00
