Data/DataNotYetUploadedToEDI/Raw_CTD/RawDownloads/103123_fcr50_S7809004test.cnv
* Sea-Bird SBE19plus  Data File:
* FileName = C:\R\Reservoirs\Data\DataNotYetUploadedToEDI\Raw_CTD\RawDownloads\103123_bvr50_S7809_0004.hex
* Software version 2.8.0.119
* Temperature SN = 7809
* Conductivity SN = 7809
* System UpLoad Time = Nov 01 2023 16:50:37
* <ApplicationData>
* <Seaterm232>
# nquan = 15
# nvalues = 3849                        
# units = specified
# name 0 = depFM: Depth [fresh water, m]
# name 1 = dz/dtM: Descent Rate [m/s]
# name 2 = sbeox0Mg/L: Oxygen, SBE 43 [mg/l]
# name 3 = sbeox0PS: Oxygen, SBE 43 [% saturation]
# name 4 = specc: Specific Conductance [uS/cm]
# name 5 = c0uS/cm: Conductivity [uS/cm]
# name 6 = flECO-AFL: Fluorescence, WET Labs ECO-AFL/FL [mg/m^3]
# name 7 = ph: pH
# name 8 = orp: Oxidation Reduction Potential [mV]
# name 9 = par/sat/log: PAR/Logarithmic, Satlantic
# name 10 = turbWETntu0: Turbidity, WET Labs ECO [NTU]
# name 11 = prdM: Pressure, Strain Gauge [db]
# name 12 = prdE: Pressure, Strain Gauge [psi]
# name 13 = tv290C: Temperature [ITS-90, deg C]
# name 14 = flag:  0.000e+00
# span 0 =     -0.673,      1.053       
# span 1 =     -4.353,      8.485       
# span 2 =     6.2304,    11.7828       
# span 3 =     62.182,    114.791       
# span 4 =      0.530,     45.640       
# span 5 =   0.345113,  36.287747       
# span 6 =    -0.1352,    24.9478       
# span 7 =      4.942,      7.430       
# span 8 =  -461.5139,   334.1851       
# span 9 = 1.5960e+01, 1.6064e+02       
# span 10 =     1.1112,   150.9982      
# span 11 =     -0.660,      1.036      
# span 12 =     -0.957,      1.504      
# span 13 =     7.5826,    15.4375      
# span 14 = 0.0000e+00, 0.0000e+00      
# interval = seconds: 0.25
# start_time = Oct 31 2023 15:01:38 [Instrument's time stamp, header]
# bad_flag = -9.990e-29
*END*
[from data line 3278]
      0.656 1.2476e-37     7.8316     77.233     43.191  34.896746    21.2074      7.100   298.1076 3.1086e+01     5.7698      0.643      0.933    15.3939 0.0000e+00
      0.656 1.3723e-36     7.7905     77.072     43.160  34.872247    21.2855      7.100   297.8327 3.1092e+01     5.6457      0.642      0.932    15.3937 0.0000e+00
      0.656 1.5096e-35     7.7631     76.966     43.120  34.840635    21.3188      7.100   297.9264 3.1108e+01     5.6056      0.643      0.933    15.3936 0.0000e+00
      0.656 1.6605e-34     7.7423     76.885     43.187  34.895212    21.3190      7.100   298.2949 3.1114e+01     5.6266      0.643      0.933    15.3939 0.0000e+00
      0.656 1.8266e-33     7.7192     76.785     43.347  35.024555    21.3288      7.100   298.7598 3.1111e+01     5.6260      0.642      0.932    15.3946 0.0000e+00
      0.656 2.0092e-32     7.7030     76.651     43.406  35.072089    21.4298      7.100   298.9014 3.1105e+01     5.5981      0.643      0.933    15.3955 0.0000e+00
      0.656 2.2102e-31     7.6931     76.492     43.349  35.025809    21.6239      7.100   298.2003 3.1089e+01     5.5977      0.643      0.933    15.3961 0.0000e+00
      0.656 2.4312e-30     7.6872     76.328     43.361  35.036021    21.7367      7.100   297.1664 3.1085e+01     5.5865      0.643      0.933    15.3965 0.0000e+00
      0.656 2.6743e-29     7.6777     76.172     43.480  35.132112    21.7707      7.100   296.8978 3.1095e+01     5.5997      0.643      0.932    15.3967 0.0000e+00
      0.656 2.9417e-28     7.6634     76.030     43.609  35.235907    21.8761      7.099   297.3610 3.1111e+01     5.5867      0.643      0.932    15.3967 0.0000e+00
      0.656 3.2359e-27     7.6472     75.922     43.659  35.275817    22.0369      7.099   297.9494 3.1121e+01     5.4295      0.643      0.932    15.3964 0.0000e+00
      0.656 3.5595e-26     7.6300     75.852     43.685  35.297414    22.1173      7.100   297.5583 3.1115e+01     5.3379      0.642      0.932    15.3962 0.0000e+00
      0.656 3.9154e-25     7.6149     75.802     43.775  35.370129    22.1234      7.100   296.2455 3.1105e+01     5.3674      0.643      0.933    15.3962 0.0000e+00
      0.656 4.3070e-24     7.5992     75.772     43.804  35.393609    22.1860      7.100   295.6716 3.1098e+01     5.4439      0.643      0.932    15.3962 0.0000e+00
      0.655 4.7377e-23     7.5884     75.777     43.722  35.327522    22.3082      7.099   296.0401 3.1109e+01     5.5806      0.643      0.932    15.3961 0.0000e+00
      0.655 5.2115e-22     7.5824     75.802     43.727  35.332474    22.3690      7.099   296.6575 3.1109e+01     5.6191      0.643      0.932    15.3958 0.0000e+00
      0.656 5.7326e-21     7.5776     75.815     43.875  35.453477    22.3636      7.100   297.0268 3.1083e+01     5.6020      0.643      0.933    15.3959 0.0000e+00
      0.656 6.3059e-20     7.5733     75.838     43.957  35.521568    22.3521      7.100   296.6333 3.1081e+01     5.6474      0.643      0.932    15.3964 0.0000e+00
      0.656 6.9364e-19     7.5743     75.892     43.955  35.521259    22.3371      7.100   295.6854 3.1108e+01     5.6894      0.643      0.932    15.3969 0.0000e+00
      0.656 7.6301e-18     7.5791     75.955     44.021  35.576649    22.3241      7.100   295.2028 3.1127e+01     5.6654      0.643      0.932    15.3975 0.0000e+00
      0.656 8.3931e-17     7.5786     76.040     44.073  35.620239    22.3034      7.101   295.2728 3.1141e+01     5.5971      0.643      0.932    15.3993 0.0000e+00
      0.656 9.2324e-16     7.5785     76.163     44.051  35.604148    22.2196      7.101   295.5849 3.1164e+01     5.5811      0.643      0.932    15.4015 0.0000e+00
      0.656 1.0156e-14     7.5867     76.323     44.089  35.635896    22.0935      7.100   296.1364 3.1182e+01     5.6093      0.643      0.933    15.4034 0.0000e+00
      0.656 1.1171e-13     7.5908     76.549     44.151  35.686847    22.0357      7.100   296.2627 3.1193e+01     5.6307      0.643      0.933    15.4056 0.0000e+00
      0.655 1.2288e-12     7.5982     76.880     44.181  35.712590    22.0359      7.100   295.8208 3.1196e+01     5.6346      0.643      0.932    15.4074 0.0000e+00
      0.655 1.3517e-11     7.6113     77.305     44.234  35.756798    22.0216      7.100   295.3537 3.1205e+01     5.5876      0.643      0.932    15.4086 0.0000e+00
      0.655 1.4869e-10     7.6256     77.802     44.259  35.777211    21.9127      7.101   295.1752 3.1229e+01     5.5406      0.643      0.932    15.4097 0.0000e+00
      0.655 1.6356e-09     7.6458     78.380     44.248  35.769055    21.7345      7.101   295.2971 3.1229e+01     5.5788      0.643      0.932    15.4112 0.0000e+00
      0.655 1.7991e-08     7.6796     79.042     44.268  35.785086    21.6402      7.101   295.7959 3.1214e+01     5.6396      0.643      0.933    15.4126 0.0000e+00
      0.655 1.9791e-07     7.7233     79.747     44.262  35.780687    21.6216      7.101   296.3878 3.1218e+01     5.6276      0.643      0.932    15.4137 0.0000e+00
      0.656      0.000     7.7720     80.427     44.260  35.779319    21.5847      7.100   296.4306 3.1233e+01     5.5687      0.643      0.932    15.4143 0.0000e+00
      0.656      0.000     7.8291     81.017     44.325  35.831999    21.5347      7.100   296.2281 3.1231e+01     5.5432      0.644      0.933    15.4147 0.0000e+00
      0.656      0.000     7.8972     81.507     44.343  35.846571    21.5167      7.101   296.0036 3.1199e+01     5.5925      0.643      0.933    15.4150 0.0000e+00
      0.656      0.003     7.9700     81.941     44.320  35.828607    21.5085      7.102   295.6098 3.1194e+01     5.6523      0.643      0.932    15.4152 0.0000e+00
      0.656      0.032     8.0401     82.286     44.370  35.868607    21.5028      7.102   296.1119 3.1222e+01     5.6173      0.643      0.932    15.4154 0.0000e+00
      0.656      0.351     8.1012     82.509     44.392  35.886046    21.5219      7.102   297.5140 3.1235e+01     5.5458      0.643      0.933    15.4155 0.0000e+00
      0.656      3.857     8.1444     82.604     44.346  35.849104    21.5477      7.103   298.1084 3.1244e+01     5.5727      0.643      0.933    15.4157 0.0000e+00
      0.656 4.2423e-99     8.1921     82.572     44.367  35.866108    21.5732      7.103   297.6196 3.1261e+01     5.6687      0.643      0.933    15.4155 0.0000e+00
      0.656 4.6665e-98     8.2274     82.471     44.411  35.901283    21.6057      7.103   296.8526 3.1263e+01     5.6822      0.643      0.933    15.4155 0.0000e+00
      0.656 5.1331e-97     8.2487     82.403     44.401  35.893703    21.6409      7.102   296.4918 3.1247e+01     5.5989      0.643      0.932    15.4159 0.0000e+00
      0.656 5.6465e-96     8.2604     82.438     44.411  35.901354    21.6576      7.102   297.1294 3.1250e+01     5.5495      0.643      0.932    15.4158 0.0000e+00
      0.656 6.2111e-95     8.2534     82.553     44.447  35.930348    21.6743      7.103   298.3671 3.1278e+01     5.5636      0.643      0.932    15.4159 0.0000e+00
      0.656 6.8322e-94     8.2404     82.713     44.443  35.926998    21.6850      7.103   298.8089 3.1293e+01     5.5989      0.643      0.933    15.4161 0.0000e+00
      0.656 7.5154e-93     8.2290     82.909     44.440  35.924305    21.6539      7.103   298.4271 3.1293e+01     5.6006      0.643      0.933    15.4161 0.0000e+00
      0.655 8.2670e-92     8.2354     83.118     44.485  35.961241    21.6144      7.103   298.2248 3.1294e+01     5.5494      0.643      0.932    15.4158 0.0000e+00
      0.655 9.0937e-91     8.2485     83.320     44.524  35.992884    21.5988      7.104   298.3421 3.1308e+01     5.5266      0.643      0.932    15.4159 0.0000e+00
      0.655 1.0003e-89     8.2633     83.510     44.520  35.989634    21.5818      7.104   298.7266 3.1347e+01     5.6316      0.643      0.932    15.4158 0.0000e+00
      0.655 1.1003e-88     8.2850     83.675     44.516  35.985404    21.5414      7.104   299.1746 3.1363e+01     5.8288      0.643      0.932    15.4155 0.0000e+00
      0.656 1.2104e-87     8.3063     83.797     44.541  36.005185    21.5024      7.104   299.3707 3.1360e+01     5.8960      0.643      0.933    15.4155 0.0000e+00
      0.656 1.3314e-86     8.3265     83.890     44.582  36.038452    21.4839      7.104   299.2908 3.1370e+01     5.8288      0.643      0.932    15.4156 0.0000e+00
      0.656 1.4645e-85     8.3457     83.947     44.621  36.070372    21.4935      7.104   298.9828 3.1379e+01     5.8359      0.643      0.932    15.4153 0.0000e+00
      0.656 1.6110e-84     8.3639     83.957     44.626  36.073877    21.5596      7.104   298.5727 3.1396e+01     5.8804      0.643      0.932    15.4149 0.0000e+00
      0.656 1.7721e-83     8.3745     83.974     44.635  36.080825    21.6501      7.104   298.4616 3.1391e+01     5.8889      0.643      0.932    15.4148 0.0000e+00
      0.656 1.9493e-82     8.3834     84.002     44.648  36.090923    21.6814      7.104   298.7575 3.1367e+01     5.9039      0.643      0.933    15.4147 0.0000e+00
      0.656 2.1442e-81     8.3928     84.002     44.621  36.069067    21.6724      7.105   299.0535 3.1375e+01     5.8574      0.643      0.932    15.4142 0.0000e+00
      0.656 2.3587e-80     8.3884     83.966     44.623  36.070368    21.7403      7.105   299.2015 3.1392e+01     5.7703      0.643      0.933    15.4139 0.0000e+00
      0.656 2.5945e-79     8.3906     83.883     44.668  36.106655    21.8860      7.105   298.7401 3.1397e+01     5.7387      0.643      0.932    15.4137 0.0000e+00
      0.656 2.8540e-78     8.3973     83.793     44.694  36.127104    21.9690      7.105   297.8629 3.1408e+01     5.7147      0.643      0.932    15.4133 0.0000e+00
      0.656 3.1394e-77     8.3942     83.738     44.694  36.127261    21.9700      7.106   297.6289 3.1437e+01     5.6507      0.643      0.932    15.4132 0.0000e+00
      0.656 3.4533e-76     8.3944     83.708     44.672  36.108553    21.9573      7.107   297.8899 3.1456e+01     5.6477      0.643      0.933    15.4131 0.0000e+00
      0.656 3.7987e-75     8.3824     83.673     44.651  36.091264    21.9646      7.106   298.2657 3.1459e+01     5.7807      0.643      0.932    15.4128 0.0000e+00
      0.656 4.1785e-74     8.3720     83.633     44.673  36.108569    21.9831      7.106   298.7302 3.1465e+01     5.8923      0.643      0.933    15.4127 0.0000e+00
      0.656 4.5964e-73     8.3674     83.633     44.698  36.127433    21.9817      7.106   298.2587 3.1482e+01     5.9038      0.643      0.933    15.4121 0.0000e+00
      0.656 5.0560e-72     8.3656     83.671     44.700  36.128993    21.9803      7.106   296.8669 3.1500e+01     5.8861      0.643      0.933    15.4116 0.0000e+00
      0.656 5.5616e-71     8.3640     83.733     44.699  36.127418    21.9923      7.106   296.2709 3.1516e+01     5.8488      0.643      0.932    15.4112 0.0000e+00
      0.656 6.1178e-70     8.3549     83.813     44.676  36.108398    22.0097      7.106   296.7309 3.1525e+01     5.8632      0.643      0.932    15.4104 0.0000e+00
      0.656 6.7296e-69     8.3579     83.867     44.653  36.089377    22.0245      7.107   297.4379 3.1514e+01     5.9240      0.642      0.932    15.4094 0.0000e+00
      0.656 7.4025e-68     8.3616     83.871     44.652  36.087788    22.0287      7.107   297.7644 3.1501e+01     5.8998      0.643      0.932    15.4084 0.0000e+00
      0.656 8.1428e-67     8.3676     83.851     44.655  36.089191    22.0780      7.107   297.2356 3.1514e+01     5.8438      0.643      0.932    15.4076 0.0000e+00
      0.656 8.9570e-66     8.3782     83.818     44.676  36.106340    22.1797      7.107   296.2934 3.1532e+01     5.8285      0.643      0.932    15.4072 0.0000e+00
      0.656 9.8527e-65     8.3846     83.720     44.675  36.104778    22.2430      7.107   296.0089 3.1532e+01     5.8170      0.643      0.933    15.4066 0.0000e+00
      0.656 1.0838e-63     8.3841     83.567     44.633  36.070312    22.2688      7.107   296.3770 3.1520e+01     5.8412      0.643      0.932    15.4061 0.0000e+00
      0.656 1.1922e-62     8.3797     83.440     44.633  36.070313    22.3573      7.107   296.6143 3.1524e+01     5.8817      0.643      0.933    15.4055 0.0000e+00
      0.656 1.3114e-61     8.3810     83.367     44.676  36.104794    22.5060      7.107   296.3831 3.1532e+01     5.8629      0.643      0.932    15.4050 0.0000e+00
      0.656 1.4425e-60     8.3712     83.364     44.679  36.106512    22.5852      7.108   295.9038 3.1517e+01     5.8191      0.643      0.933    15.4046 0.0000e+00
      0.656 1.5868e-59     8.3502     83.408     44.661  36.091080    22.5990      7.110   295.6377 3.1529e+01     5.8299      0.642      0.932    15.4045 0.0000e+00
      0.656 1.7455e-58     8.3394     83.477     44.683  36.108564    22.6405      7.110   295.5745 3.1585e+01     5.8571      0.643      0.932    15.4042 0.0000e+00
      0.656 1.9200e-57     8.3295     83.575     44.708  36.127547    22.6870      7.110   295.6565 3.1630e+01     5.8402      0.643      0.932    15.4038 0.0000e+00
      0.656 2.1120e-56     8.3309     83.670     44.711  36.130253    22.6958      7.109   295.9410 3.1634e+01     5.8311      0.643      0.933    15.4033 0.0000e+00
      0.656 2.3232e-55     8.3376     83.748     44.725  36.141279    22.6971      7.108   296.2612 3.1621e+01     5.8155      0.643      0.933    15.4023 0.0000e+00
      0.656 2.5555e-54     8.3419     83.821     44.715  36.133952    22.7859      7.109   296.4297 3.1616e+01     5.8225      0.643      0.932    15.4015 0.0000e+00
      0.656 2.8111e-53     8.3552     83.914     44.680  36.105121    22.9541      7.109   296.3446 3.1610e+01     5.8812      0.643      0.933    15.4008 0.0000e+00
      0.655 3.0922e-52     8.3642     84.053     44.685  36.109946    23.0410      7.109   296.0925 3.1594e+01     5.8762      0.642      0.932    15.4005 0.0000e+00
      0.655 3.4014e-51     8.3720     84.240     44.709  36.128834    23.0364      7.109   295.8761 3.1592e+01     5.7959      0.642      0.932    15.4003 0.0000e+00
      0.656 3.7416e-50     8.3782     84.444     44.727  36.143136    23.0317      7.109   296.3957 3.1618e+01     5.7303      0.643      0.933    15.4005 0.0000e+00
      0.656 4.1157e-49     8.3863     84.631     44.743  36.155964    23.0342      7.109   297.3848 3.1632e+01     5.7666      0.643      0.933    15.4009 0.0000e+00
      0.656 4.5273e-48     8.4000     84.795     44.744  36.157037    23.0423      7.109   297.5967 3.1600e+01     5.8585      0.642      0.932    15.4009 0.0000e+00
      0.656 4.9800e-47     8.4200     84.934     44.743  36.156102    23.0463      7.110   297.3217 3.1570e+01     5.8854      0.643      0.933    15.4008 0.0000e+00
      0.656 5.4780e-46     8.4424     85.054     44.730  36.144670    23.0412      7.110   296.8999 3.1571e+01     5.8867      0.642      0.932    15.4007 0.0000e+00
      0.656 6.0258e-45     8.4604     85.178     44.731  36.145710    23.0469      7.110   296.3686 3.1586e+01     5.9086      0.643      0.933    15.4003 0.0000e+00
      0.656 6.6284e-44     8.4774     85.332     44.759  36.168679    23.0651      7.111   296.9206 3.1611e+01     5.9106      0.643      0.932    15.4001 0.0000e+00
      0.656 7.2913e-43     8.4909     85.522     44.759  36.168584    23.0699      7.111   298.3252 3.1626e+01     5.9114      0.643      0.933    15.4000 0.0000e+00
      0.656 8.0204e-42     8.5022     85.748     44.729  36.144557    23.0552      7.111   298.8971 3.1635e+01     5.8848      0.643      0.933    15.3998 0.0000e+00
      0.655 8.8224e-41     8.5130     85.975     44.714  36.131986    23.0534      7.112   298.4147 3.1656e+01     5.8283      0.643      0.932    15.4000 0.0000e+00
      0.655 9.7047e-40     8.5291     86.214     44.728  36.143489    23.0817      7.112   297.5691 3.1663e+01     5.8077      0.642      0.932    15.3999 0.0000e+00
