Data/DataNotYetUploadedToEDI/Raw_CTD/RawDownloads/110122_fcr50_S8188001.cnv
* Sea-Bird SBE19plus  Data File:
* FileName = C:\R\Reservoirs\Data\DataNotYetUploadedToEDI\Raw_CTD\RawDownloads\110122_fcr50_S8188_0001.hex
* Software version 2.8.0.119
* Temperature SN = 8188
* Conductivity SN = 8188
* System UpLoad Time = Nov 18 2022 12:44:02
* <ApplicationData>
* <Seaterm232>
# nquan = 16
# nvalues = 1929                        
# units = specified
# name 0 = depFM: Depth [fresh water, m]
# name 1 = dz/dtM: Descent Rate [m/s]
# name 2 = sbeox0Mg/L: Oxygen, SBE 43 [mg/l]
# name 3 = sbeox0PS: Oxygen, SBE 43 [% saturation]
# name 4 = specc: Specific Conductance [uS/cm]
# name 5 = c0uS/cm: Conductivity [uS/cm]
# name 6 = wetCDOM: Fluorescence, WET Labs CDOM [mg/m^3]
# name 7 = flECO-AFL: Fluorescence, WET Labs ECO-AFL/FL [mg/m^3]
# name 8 = flECO-AFL1: Fluorescence, WET Labs ECO-AFL/FL, 2 [mg/m^3]
# name 9 = flECO-AFL2: Fluorescence, WET Labs ECO-AFL/FL, 3 [mg/m^3]
# name 10 = par/sat/log: PAR/Logarithmic, Satlantic
# name 11 = turbWETntu0: Turbidity, WET Labs ECO [NTU]
# name 12 = prdM: Pressure, Strain Gauge [db]
# name 13 = prdE: Pressure, Strain Gauge [psi]
# name 14 = tv290C: Temperature [ITS-90, deg C]
# name 15 = flag:  0.000e+00
# span 0 =     -0.634,      9.600       
# span 1 =     -0.167,      0.151       
# span 2 =     4.5622,    13.4997       
# span 3 =     43.510,    127.260       
# span 4 =      9.087,     26.604       
# span 5 =   6.894754,  20.182225       
# span 6 =    -4.5000,    11.7000       
# span 7 =    -2.6065,   245.1885       
# span 8 =    -2.1300,     2.5560       
# span 9 =    -2.8341,     4.9914       
# span 10 = 1.1595e-01, 1.7006e+03      
# span 11 =    -0.4234,   127.3177      
# span 12 =     -0.621,      9.414      
# span 13 =     -0.901,     13.654      
# span 14 =    12.6341,    14.1360      
# span 15 = 0.0000e+00, 0.0000e+00      
# interval = seconds: 0.25
# start_time = Nov 01 2022 06:34:25 [Instrument's time stamp, header]
# bad_flag = -9.990e-29
*END*
[from data line 362]
      2.147      0.035     5.2091     50.529     11.085   8.578139     4.2300     6.1445     0.0426     1.0575 1.7737e+01     2.5075      2.106      3.055    13.7003 0.0000e+00
      2.156      0.036     5.2196     50.588     11.076   8.570061     4.2300     6.2094     0.0426     1.0575 1.7729e+01     2.5526      2.114      3.066    13.6972 0.0000e+00
      2.165      0.038     5.2286     50.642     11.069   8.564331     4.2300     5.8660     0.0426     1.0575 1.7637e+01     2.5376      2.123      3.079    13.6940 0.0000e+00
      2.175      0.041     5.2363     50.688     11.068   8.563377     4.2300     5.8584     0.0426     0.9729 1.7146e+01     2.5225      2.133      3.094    13.6909 0.0000e+00
      2.186      0.044     5.2431     50.721     11.073   8.566945     4.2300     5.9042     0.0426     0.9729 1.6657e+01     2.5376      2.144      3.110    13.6882 0.0000e+00
      2.198      0.047     5.2496     50.737     11.080   8.572030     4.2300     5.8813     0.0426     0.9729 1.6657e+01     2.5676      2.156      3.127    13.6857 0.0000e+00
      2.210      0.050     5.2554     50.734     11.081   8.572077     4.2300     6.0034     0.0426     0.9729 1.6625e+01     2.5526      2.167      3.144    13.6835 0.0000e+00
      2.222      0.054     5.2603     50.712     11.070   8.563142     4.2300     5.9996     0.0426     0.9729 1.6636e+01     2.5526      2.179      3.161    13.6815 0.0000e+00
      2.236      0.057     5.2640     50.671     11.052   8.548777     4.2300     5.9767     0.0426     0.9729 1.6495e+01     2.6728      2.193      3.180    13.6796 0.0000e+00
      2.251      0.061     5.2659     50.614     11.037   8.537018     4.2300     5.9957     0.0426     0.9729 1.6229e+01     2.5826      2.207      3.201    13.6779 0.0000e+00
      2.267      0.064     5.2658     50.549     11.029   8.530663     4.2300     5.8699     0.0426     0.9729 1.5542e+01     2.5526      2.224      3.225    13.6762 0.0000e+00
      2.286      0.065     5.2638     50.487     11.026   8.528018     4.2300     5.9004     0.0426     0.9729 1.4698e+01     2.5676      2.242      3.251    13.6746 0.0000e+00
      2.304      0.064     5.2597     50.440     11.025   8.526400     4.2300     5.9080     0.0426     0.9729 1.4152e+01     2.5526      2.259      3.277    13.6730 0.0000e+00
      2.321      0.062     5.2539     50.423     11.022   8.523398     4.2300     5.8660     0.0426     0.9729 1.4267e+01     2.5225      2.276      3.301    13.6714 0.0000e+00
      2.336      0.058     5.2474     50.439     11.019   8.520191     4.2300     6.1140     0.0426     0.9729 1.4183e+01     2.8231      2.290      3.322    13.6696 0.0000e+00
      2.350      0.054     5.2411     50.484     11.014   8.515923     4.2300     6.1064     0.0426     0.9729 1.3957e+01     2.8231      2.304      3.342    13.6676 0.0000e+00
      2.363      0.051     5.2365     50.555     11.008   8.511433     4.2300     6.1369     0.0426     0.9729 1.3618e+01     2.8081      2.317      3.360    13.6652 0.0000e+00
      2.375      0.048     5.2351     50.645     11.009   8.511459     4.2300     6.0987     0.0426     0.9729 1.3707e+01     2.8983      2.329      3.378    13.6627 0.0000e+00
      2.386      0.048     5.2369     50.739     11.010   8.512052     4.2300     6.3314     0.0426     0.9729 1.3672e+01     2.5826      2.340      3.394    13.6602 0.0000e+00
      2.397      0.049     5.2419     50.822     11.005   8.507435     4.2300     6.3047     0.0426     0.9729 1.3704e+01     2.6277      2.351      3.410    13.6578 0.0000e+00
      2.409      0.051     5.2496     50.883     10.994   8.498355     4.2300     6.3086     0.0426     0.9306 1.3654e+01     2.6277      2.362      3.426    13.6555 0.0000e+00
      2.421      0.055     5.2592     50.924     10.981   8.488326     4.2300     6.3009     0.0426     0.9306 1.3651e+01     2.5225      2.374      3.444    13.6533 0.0000e+00
      2.436      0.058     5.2692     50.954     10.974   8.482584     4.2300     5.9462     0.0426     0.9306 1.3360e+01     2.5826      2.388      3.464    13.6512 0.0000e+00
      2.452      0.060     5.2780     50.975     10.976   8.483554     4.2300     5.9347     0.0426     0.9306 1.2616e+01     2.6127      2.404      3.487    13.6493 0.0000e+00
      2.470      0.061     5.2846     50.988     10.982   8.487538     4.2300     5.9385     0.0426     0.9306 1.1848e+01     2.5676      2.422      3.512    13.6474 0.0000e+00
      2.487      0.060     5.2891     50.997     10.983   8.487687     4.2300     5.9462     0.0426     0.9729 1.1730e+01     2.5826      2.438      3.536    13.6454 0.0000e+00
      2.502      0.057     5.2924     51.005     10.979   8.484042     4.2300     6.3467     0.0426     0.9729 1.1812e+01     2.5526      2.454      3.558    13.6434 0.0000e+00
      2.516      0.054     5.2949     51.009     10.974   8.479585     4.2300     6.3200     0.0426     0.9729 1.1753e+01     2.5826      2.467      3.578    13.6414 0.0000e+00
      2.528      0.051     5.2965     51.004     10.966   8.473128     4.2300     6.3009     0.0426     0.9729 1.1791e+01     2.5526      2.479      3.595    13.6393 0.0000e+00
      2.540      0.050     5.2977     50.986     10.953   8.462950     4.3200     6.2666     0.0426     0.9729 1.1722e+01     2.5376      2.491      3.612    13.6371 0.0000e+00
      2.552      0.049     5.2988     50.955     10.938   8.450291     4.3200     5.7440     0.0426     0.9729 1.1463e+01     2.5225      2.502      3.629    13.6348 0.0000e+00
      2.564      0.051     5.2995     50.915     10.930   8.443645     4.3200     5.7897     0.0426     0.9729 1.1425e+01     2.5526      2.514      3.647    13.6324 0.0000e+00
      2.577      0.053     5.2992     50.868     10.932   8.445193     4.3200     5.7402     0.0426     0.9729 1.1435e+01     2.5075      2.526      3.664    13.6300 0.0000e+00
      2.590      0.055     5.2976     50.813     10.936   8.447437     4.2300     5.7592     0.0426     1.0152 1.1443e+01     2.5225      2.539      3.683    13.6278 0.0000e+00
      2.605      0.057     5.2947     50.753     10.936   8.447021     4.2300     5.8393     0.0426     1.0152 1.1100e+01     2.5075      2.554      3.704    13.6256 0.0000e+00
      2.620      0.059     5.2908     50.699     10.932   8.443832     4.2300     5.8241     0.0426     1.0152 1.0431e+01     2.4925      2.570      3.727    13.6235 0.0000e+00
      2.636      0.060     5.2861     50.661     10.929   8.440976     4.2300     5.8164     0.0426     1.0152 1.0413e+01     2.5225      2.585      3.750    13.6215 0.0000e+00
      2.652      0.060     5.2806     50.644     10.925   8.437693     4.2300     5.8470     0.0000     0.9729 1.0429e+01     2.6578      2.601      3.772    13.6195 0.0000e+00
      2.667      0.059     5.2747     50.648     10.909   8.425194     4.2300     6.0606     0.0000     0.9729 1.0207e+01     2.6578      2.616      3.794    13.6175 0.0000e+00
      2.683      0.056     5.2693     50.666     10.888   8.408058     4.2300     6.0606     0.0000     0.9729 9.7135e+00     2.4925      2.631      3.816    13.6156 0.0000e+00
      2.697      0.052     5.2655     50.694     10.874   8.397539     4.2300     6.0530     0.0000     0.9729 9.5648e+00     2.5225      2.645      3.837    13.6140 0.0000e+00
      2.711      0.048     5.2639     50.728     10.866   8.390832     4.2300     6.0453     0.0000     0.9729 9.4861e+00     2.5526      2.658      3.855    13.6125 0.0000e+00
      2.722      0.044     5.2644     50.757     10.860   8.386148     4.2300     6.1674     0.0426     1.0575 9.5254e+00     2.5526      2.669      3.872    13.6112 0.0000e+00
      2.732      0.040     5.2664     50.772     10.861   8.386193     4.2300     6.1789     0.0426     1.0575 9.4286e+00     2.4774      2.679      3.886    13.6099 0.0000e+00
      2.741      0.036     5.2696     50.766     10.867   8.390981     4.2300     6.1865     0.0426     1.0575 9.4225e+00     2.4774      2.688      3.898    13.6086 0.0000e+00
      2.749      0.034     5.2732     50.741     10.877   8.397832     4.2300     6.1789     0.0426     1.0575 9.4409e+00     2.5676      2.696      3.910    13.6073 0.0000e+00
      2.757      0.034     5.2764     50.705     10.881   8.400662     4.3200     6.2513     0.0852     0.9306 9.4614e+00     2.5225      2.704      3.921    13.6062 0.0000e+00
      2.765      0.034     5.2780     50.665     10.881   8.400224     4.3200     6.2590     0.0852     0.9306 9.4430e+00     2.4925      2.712      3.933    13.6049 0.0000e+00
      2.774      0.035     5.2776     50.624     10.876   8.396403     4.3200     6.2437     0.0852     0.9306 9.4225e+00     2.5977      2.720      3.945    13.6036 0.0000e+00
      2.783      0.036     5.2752     50.583     10.866   8.388179     4.3200     6.2361     0.0852     0.9306 9.1560e+00     2.6127      2.729      3.958    13.6022 0.0000e+00
      2.793      0.037     5.2716     50.543     10.857   8.381270     4.2300     6.1903     0.0426     0.9306 8.8855e+00     2.5676      2.739      3.973    13.6007 0.0000e+00
      2.803      0.036     5.2676     50.507     10.853   8.377791     4.2300     6.1750     0.0426     0.9306 8.7819e+00     2.5526      2.749      3.987    13.5993 0.0000e+00
      2.812      0.035     5.2635     50.474     10.852   8.376813     4.2300     6.1865     0.0426     0.9306 8.8393e+00     2.5376      2.758      4.001    13.5978 0.0000e+00
      2.821      0.034     5.2594     50.438     10.844   8.370163     4.2300     6.1750     0.0426     0.9306 8.6399e+00     2.5225      2.767      4.013    13.5964 0.0000e+00
      2.830      0.032     5.2554     50.393     10.826   8.356069     4.3200     6.1750     0.0852     0.9306 8.4763e+00     2.6277      2.775      4.025    13.5949 0.0000e+00
      2.838      0.030     5.2519     50.336     10.814   8.346595     4.3200     6.1827     0.0852     0.9306 8.5076e+00     2.6428      2.783      4.036    13.5934 0.0000e+00
      2.845      0.028     5.2486     50.269     10.810   8.343171     4.3200     6.1827     0.0852     0.9306 8.5187e+00     2.5977      2.790      4.046    13.5919 0.0000e+00
      2.851      0.027     5.2450     50.196     10.803   8.336972     4.3200     6.1789     0.0852     0.9306 8.4708e+00     2.5676      2.796      4.055    13.5905 0.0000e+00
      2.858      0.027     5.2405     50.123     10.795   8.330300     4.3200     5.9233     0.0852     0.9306 8.5187e+00     2.2670      2.802      4.064    13.5892 0.0000e+00
      2.864      0.026     5.2347     50.054     10.794   8.329289     4.2300     5.9385     0.0852     0.8883 8.4304e+00     2.3271      2.809      4.074    13.5878 0.0000e+00
      2.871      0.027     5.2279     49.990     10.794   8.329712     4.2300     5.9462     0.0852     0.8883 8.2977e+00     2.4023      2.816      4.084    13.5863 0.0000e+00
      2.878      0.027     5.2205     49.929     10.802   8.335639     4.2300     5.9309     0.0852     0.8883 8.2923e+00     2.4023      2.822      4.094    13.5848 0.0000e+00
      2.885      0.028     5.2130     49.862     10.820   8.348650     4.2300     5.7859     0.0852     0.8883 8.2923e+00     2.3722      2.829      4.103    13.5833 0.0000e+00
      2.892      0.029     5.2060     49.785     10.830   8.356390     4.2300     5.8432     0.0852     1.0575 8.2438e+00     2.2971      2.836      4.113    13.5819 0.0000e+00
      2.899      0.030     5.1995     49.702     10.831   8.356969     4.2300     5.7783     0.0852     1.0575 8.2187e+00     2.2971      2.843      4.124    13.5805 0.0000e+00
      2.907      0.032     5.1933     49.615     10.834   8.358453     4.2300     5.7936     0.0852     1.0575 8.1423e+00     2.2520      2.851      4.135    13.5792 0.0000e+00
      2.916      0.034     5.1866     49.528     10.838   8.361236     4.2300     5.8699     0.0852     1.0575 7.9621e+00     2.5225      2.859      4.147    13.5778 0.0000e+00
      2.925      0.035     5.1787     49.446     10.834   8.358151     4.2300     5.8584     0.0852     0.9729 7.9310e+00     2.5526      2.868      4.160    13.5765 0.0000e+00
      2.935      0.036     5.1702     49.373     10.821   8.348374     4.2300     5.8813     0.0852     0.9729 7.7319e+00     2.4925      2.877      4.174    13.5751 0.0000e+00
      2.944      0.036     5.1614     49.310     10.807   8.337208     4.2300     5.8660     0.0852     0.9729 7.6434e+00     2.4774      2.887      4.188    13.5737 0.0000e+00
      2.954      0.035     5.1525     49.255     10.793   8.325634     4.2300     6.0720     0.0852     0.9729 7.6251e+00     2.5977      2.896      4.201    13.5723 0.0000e+00
      2.962      0.035     5.1441     49.206     10.779   8.314520     4.3200     6.0606     0.0852     0.9306 7.6069e+00     2.5075      2.905      4.214    13.5709 0.0000e+00
      2.971      0.034     5.1366     49.162     10.772   8.308813     4.3200     6.0759     0.0852     0.9306 7.5608e+00     2.7329      2.913      4.226    13.5696 0.0000e+00
      2.979      0.033     5.1302     49.127     10.770   8.306992     4.3200     6.0530     0.0852     0.9306 7.4823e+00     2.6127      2.921      4.238    13.5683 0.0000e+00
      2.988      0.032     5.1247     49.098     10.767   8.304616     4.3200     6.4955     0.0852     0.9306 7.3854e+00     2.5676      2.930      4.249    13.5670 0.0000e+00
      2.996      0.031     5.1197     49.074     10.763   8.301050     4.3200     6.4840     0.0852     0.9306 7.3103e+00     2.6879      2.938      4.261    13.5656 0.0000e+00
      3.004      0.030     5.1153     49.055     10.756   8.295345     4.2300     6.4650     0.0426     1.0152 7.3486e+00     2.5075      2.945      4.272    13.5641 0.0000e+00
      3.011      0.028     5.1119     49.036     10.749   8.289934     4.2300     6.4955     0.0426     1.0152 7.2062e+00     2.6428      2.953      4.283    13.5626 0.0000e+00
      3.019      0.026     5.1089     49.014     10.746   8.287330     4.2300     6.3009     0.0426     1.0152 7.0391e+00     2.5826      2.960      4.293    13.5613 0.0000e+00
      3.025      0.024     5.1066     48.984     10.746   8.286838     4.2300     6.3086     0.0426     1.0152 7.0621e+00     2.5526      2.967      4.303    13.5600 0.0000e+00
      3.031      0.022     5.1048     48.945     10.748   8.288328     4.3200     6.3086     0.0426     1.0152 7.0055e+00     2.4774      2.972      4.311    13.5588 0.0000e+00
      3.036      0.020     5.1029     48.897     10.748   8.288241     4.3200     6.3047     0.0426     1.0152 7.0406e+00     2.5826      2.977      4.318    13.5575 0.0000e+00
      3.041      0.018     5.1008     48.841     10.741   8.282597     4.3200     5.7974     0.0426     1.0152 7.0529e+00     2.5526      2.981      4.325    13.5563 0.0000e+00
      3.045      0.017     5.0979     48.779     10.735   8.277805     4.3200     5.7859     0.0426     1.0152 7.0360e+00     2.6277      2.985      4.330    13.5550 0.0000e+00
      3.049      0.016     5.0939     48.717     10.739   8.280497     4.2300     5.8050     0.0852     1.0575 7.0269e+00     2.4925      2.989      4.336    13.5538 0.0000e+00
      3.053      0.015     5.0890     48.658     10.744   8.283479     4.2300     5.8088     0.0852     1.0575 6.9903e+00     2.4925      2.993      4.342    13.5526 0.0000e+00
      3.057      0.015     5.0833     48.598     10.739   8.279636     4.2300     6.3848     0.0852     1.0575 6.9419e+00     2.6428      2.997      4.347    13.5515 0.0000e+00
      3.060      0.014     5.0770     48.535     10.729   8.271898     4.2300     6.3658     0.0852     1.0575 6.9736e+00     2.6578      3.001      4.353    13.5503 0.0000e+00
      3.064      0.014     5.0707     48.472     10.722   8.266113     4.2300     6.3620     0.0852     0.9729 6.8998e+00     2.5977      3.004      4.358    13.5491 0.0000e+00
