Data/DataNotYetUploadedToEDI/Raw_CTD/RawDownloads/110122_fcr50_S7809001.cnv
* Sea-Bird SBE19plus  Data File:
* FileName = C:\R\Reservoirs\Data\DataNotYetUploadedToEDI\Raw_CTD\RawDownloads\110122_fcr50_S7809_0001.hex
* Software version 2.8.0.119
* Temperature SN = 7809
* Conductivity SN = 7809
* System UpLoad Time = Nov 18 2022 12:27:25
* <ApplicationData>
* <Seaterm232>
# nquan = 15
# nvalues = 2364                        
# units = specified
# name 0 = depFM: Depth [fresh water, m]
# name 1 = dz/dtM: Descent Rate [m/s]
# name 2 = sbeox0Mg/L: Oxygen, SBE 43 [mg/l]
# name 3 = sbeox0PS: Oxygen, SBE 43 [% saturation]
# name 4 = specc: Specific Conductance [uS/cm]
# name 5 = c0uS/cm: Conductivity [uS/cm]
# name 6 = flECO-AFL: Fluorescence, WET Labs ECO-AFL/FL [mg/m^3]
# name 7 = ph: pH
# name 8 = orp: Oxidation Reduction Potential [mV]
# name 9 = par/sat/log: PAR/Logarithmic, Satlantic
# name 10 = turbWETntu0: Turbidity, WET Labs ECO [NTU]
# name 11 = prdM: Pressure, Strain Gauge [db]
# name 12 = prdE: Pressure, Strain Gauge [psi]
# name 13 = tv290C: Temperature [ITS-90, deg C]
# name 14 = flag:  0.000e+00
# span 0 =     -0.634,      9.593       
# span 1 =     -0.227,      0.158       
# span 2 =     2.2923,     7.6170       
# span 3 =     21.923,     72.358       
# span 4 =      1.661,    452.179       
# span 5 =   1.255675, 336.527423       
# span 6 =    -0.3836,     8.9396       
# span 7 =      6.902,      8.002       
# span 8 = -1240.7455,   266.6614       
# span 9 = 1.2368e-01, 2.8461e+02       
# span 10 =    -0.7533,   142.6392      
# span 11 =     -0.622,      9.409      
# span 12 =     -0.902,     13.645      
# span 13 =    12.2083,    13.6589      
# span 14 = 0.0000e+00, 0.0000e+00      
# interval = seconds: 0.25
# start_time = Nov 01 2022 06:16:51 [Instrument's time stamp, header]
# bad_flag = -9.990e-29
*END*
[from data line 1350]
      7.138      0.105     5.0488     47.204     44.368  33.071643     4.1053      7.455   259.9046 1.2381e-01     5.5719      6.994     10.146    12.2665 0.0000e+00
      7.166      0.120     5.0565     47.178     44.344  33.053817     4.1049      7.456   260.2200 1.2381e-01     5.5263      7.029     10.195    12.2666 0.0000e+00
      7.196      0.135     5.0539     47.138     44.334  33.045862     4.0972      7.457   260.7185 1.2387e-01     5.5387      7.056     10.234    12.2666 0.0000e+00
      7.235      0.144     5.0547     47.109     44.325  33.038860     4.0955      7.458   260.5965 1.2389e-01     5.5852      7.087     10.278    12.2668 0.0000e+00
      7.286      0.144     5.0582     47.101     44.316  33.032567     4.1003      7.461   260.2945 1.2386e-01     5.6096      7.147     10.365    12.2670 0.0000e+00
      7.336      0.137     5.0532     47.118     44.317  33.033181     4.0805      7.463   260.2504 1.2384e-01     5.5946      7.203     10.447    12.2670 0.0000e+00
      7.369      0.124     5.0483     47.149     44.334  33.046276     4.0474      7.461   259.9768 1.2379e-01     5.5748      7.231     10.487    12.2668 0.0000e+00
      7.390      0.106     5.0449     47.184     44.358  33.064087     4.0420      7.461   259.9980 1.2374e-01     5.5758      7.247     10.511    12.2665 0.0000e+00
      7.410      0.088     5.0437     47.227     44.351  33.058324     4.0651      7.463   260.7649 1.2378e-01     5.5714      7.265     10.539    12.2663 0.0000e+00
      7.430      0.074     5.0460     47.271     44.326  33.039994     4.2017      7.462   261.3340 1.2382e-01     5.5901      7.288     10.570    12.2663 0.0000e+00
      7.446      0.066     5.0505     47.306     44.316  33.032677     4.4453      7.460   261.2003 1.2382e-01     5.5970      7.304     10.594    12.2664 0.0000e+00
      7.461      0.058     5.0527     47.322     44.317  33.033259     4.5793      7.460   261.0413 1.2382e-01     5.5865      7.315     10.610    12.2664 0.0000e+00
      7.479      0.048     5.0587     47.314     44.335  33.047031     4.5899      7.459   261.2182 1.2383e-01     5.6348      7.334     10.637    12.2666 0.0000e+00
      7.494      0.037     5.0631     47.294     44.369  33.072386     4.5822      7.457   261.2746 1.2386e-01     5.6681      7.353     10.665    12.2665 0.0000e+00
      7.501      0.027     5.0679     47.305     44.387  33.086209     4.4368      7.456   261.2071 1.2386e-01     5.6475      7.358     10.670    12.2663 0.0000e+00
      7.503      0.018     5.0690     47.336     44.388  33.087353     4.1557      7.454   261.3481 1.2383e-01     5.6244      7.357     10.670    12.2664 0.0000e+00
      7.503      0.009     5.0688     47.346     44.386  33.086221     3.9967      7.452   261.6029 1.2384e-01     5.5942      7.359     10.674    12.2666 0.0000e+00
      7.503      0.004     5.0636     47.362     44.367  33.072512     3.9782      7.452   261.7931 1.2386e-01     5.5894      7.358     10.673    12.2668 0.0000e+00
      7.504      0.002     5.0649     47.373     44.334  33.048408     3.9237      7.451   261.7546 1.2388e-01     5.6005      7.358     10.672    12.2670 0.0000e+00
      7.504      0.001     5.0728     47.350     44.333  33.048408     3.8129      7.450   261.3959 1.2390e-01     5.5584      7.360     10.675    12.2676 0.0000e+00
      7.504      0.001     5.0694     47.349     44.364  33.072512     3.7457      7.449   260.9836 1.2388e-01     5.5244      7.359     10.673    12.2682 0.0000e+00
      7.505      0.001     5.0722     47.391     44.381  33.086226     3.7427      7.448   260.9848 1.2387e-01     5.5644      7.360     10.674    12.2688 0.0000e+00
      7.505      0.001     5.0766     47.415     44.382  33.087411     3.8098      7.447   261.3243 1.2388e-01     5.5994      7.361     10.676    12.2692 0.0000e+00
      7.505      0.001     5.0700     47.414     44.380  33.086848     3.9253      7.446   261.6466 1.2389e-01     5.5710      7.360     10.675    12.2697 0.0000e+00
      7.506      0.001     5.0674     47.422     44.369  33.079428     3.9822      7.446   261.5267 1.2394e-01     5.5286      7.361     10.676    12.2706 0.0000e+00
      7.506      0.001     5.0775     47.425     44.344  33.061088     3.9900      7.446   260.9932 1.2395e-01     5.5306      7.361     10.676    12.2719 0.0000e+00
      7.506      0.001     5.0789     47.384     44.336  33.055324     4.0940      7.446   260.7891 1.2389e-01     5.5615      7.361     10.676    12.2731 0.0000e+00
      7.506      0.001     5.0763     47.301     44.359  33.073139     4.2995      7.446   260.9514 1.2383e-01     5.5950      7.361     10.677    12.2740 0.0000e+00
      7.506      0.001     5.0786     47.263     44.375  33.086279     4.4110      7.445   261.0625 1.2381e-01     5.5930      7.361     10.677    12.2744 0.0000e+00
      7.507      0.001     5.0803     47.300     44.376  33.087379     4.4100      7.445   261.1863 1.2383e-01     5.5383      7.362     10.677    12.2749 0.0000e+00
      7.507      0.001     5.0773     47.325     44.374  33.086449     4.3619      7.445   261.2428 1.2385e-01     5.5137      7.362     10.678    12.2755 0.0000e+00
      7.507      0.001     5.0632     47.302     44.359  33.075026     4.2703      7.445   261.0580 1.2381e-01     5.5347      7.362     10.678    12.2763 0.0000e+00
      7.507      0.001     5.0554     47.277     44.359  33.076074     4.2108      7.445   260.9300 1.2380e-01     5.5531      7.362     10.678    12.2774 0.0000e+00
      7.508      0.001     5.0673     47.296     44.390  33.099125     4.1993      7.446   260.9865 1.2385e-01     5.5653      7.363     10.679    12.2780 0.0000e+00
      7.508      0.001     5.0697     47.346     44.391  33.100111     4.1902      7.446   261.1393 1.2388e-01     5.5801      7.363     10.679    12.2783 0.0000e+00
      7.508      0.002     5.0649     47.371     44.374  33.088002     4.1084      7.446   261.1424 1.2382e-01     5.5947      7.363     10.679    12.2790 0.0000e+00
      7.509      0.005     5.0604     47.368     44.362  33.079531     3.9604      7.448   261.0240 1.2374e-01     5.6058      7.363     10.680    12.2793 0.0000e+00
      7.510      0.010     5.0615     47.366     44.338  33.061087     3.8811      7.448   261.2567 1.2374e-01     5.6117      7.365     10.681    12.2798 0.0000e+00
      7.510      0.016     5.0726     47.390     44.330  33.055210     3.8655      7.446   261.4610 1.2385e-01     5.5976      7.365     10.681    12.2800 0.0000e+00
      7.512      0.021     5.0725     47.426     44.352  33.071877     3.8219      7.445   261.4292 1.2397e-01     5.5711      7.365     10.682    12.2802 0.0000e+00
      7.521      0.024     5.0725     47.456     44.353  33.072397     3.7708      7.445   261.5603 1.2394e-01     5.5650      7.373     10.693    12.2804 0.0000e+00
      7.535      0.027     5.0698     47.496     44.338  33.061493     3.7553      7.443   261.8410 1.2389e-01     5.6262      7.394     10.723    12.2803 0.0000e+00
      7.544      0.028     5.0736     47.517     44.345  33.066842     3.7588      7.441   262.1559 1.2385e-01     5.6963      7.402     10.735    12.2805 0.0000e+00
      7.546      0.026     5.0795     47.507     44.354  33.073663     3.7715      7.441   262.3561 1.2377e-01     5.6615      7.397     10.728    12.2807 0.0000e+00
      7.552      0.021     5.0796     47.515     44.363  33.080572     3.7916      7.440   262.4549 1.2372e-01     5.5811      7.404     10.739    12.2807 0.0000e+00
      7.560      0.016     5.0864     47.533     44.372  33.086964     3.8030      7.440   262.4041 1.2373e-01     5.5776      7.417     10.756    12.2806 0.0000e+00
      7.564      0.013     5.0905     47.527     44.373  33.087546     3.8172      7.440   262.2588 1.2376e-01     5.6197      7.418     10.759    12.2804 0.0000e+00
      7.565      0.011     5.0847     47.506     44.373  33.087608     3.8558      7.440   262.3319 1.2380e-01     5.5772      7.417     10.757    12.2804 0.0000e+00
      7.566      0.008     5.0866     47.489     44.373  33.087717     3.9030      7.439   262.4277 1.2384e-01     5.4397      7.419     10.762    12.2804 0.0000e+00
      7.567      0.007     5.0917     47.492     44.374  33.088861     3.9221      7.439   262.3855 1.2379e-01     5.3578      7.420     10.763    12.2805 0.0000e+00
      7.568      0.010     5.0889     47.501     44.390  33.101436     3.9283      7.440   262.3380 1.2373e-01     5.3731      7.420     10.762    12.2805 0.0000e+00
      7.570      0.018     5.0870     47.505     44.405  33.112963     3.9703      7.441   262.4549 1.2377e-01     5.4196      7.423     10.768    12.2808 0.0000e+00
      7.573      0.031     5.0832     47.516     44.390  33.101426     4.0223      7.440   262.7672 1.2383e-01     5.4756      7.427     10.774    12.2812 0.0000e+00
      7.576      0.044     5.0850     47.518     44.374  33.088746     4.0320      7.436   262.9298 1.2383e-01     5.5045      7.428     10.773    12.2815 0.0000e+00
      7.586      0.054     5.0869     47.511     44.373  33.086460     4.0201      7.436   262.7867 1.2383e-01     5.5300      7.433     10.780    12.2821 0.0000e+00
      7.610      0.060     5.0852     47.526     44.357  33.073780     4.0196      7.436   262.6714 1.2383e-01     5.5789      7.460     10.820    12.2825 0.0000e+00
      7.640      0.065     5.0879     47.541     44.343  33.062242     4.0182      7.436   262.8264 1.2387e-01     5.6179      7.498     10.876    12.2820 0.0000e+00
      7.659      0.065     5.0893     47.526     44.359  33.073770     3.9959      7.434   262.8541 1.2390e-01     5.6258      7.517     10.903    12.2808 0.0000e+00
      7.666      0.060     5.0854     47.520     44.376  33.086345     3.9741      7.433   262.6626 1.2386e-01     5.6389      7.514     10.900    12.2792 0.0000e+00
      7.675      0.052     5.0886     47.527     44.378  33.087478     3.9798      7.434   262.7479 1.2380e-01     5.6739      7.523     10.910    12.2780 0.0000e+00
      7.692      0.049     5.0935     47.507     44.378  33.087469     4.0148      7.434   263.0246 1.2375e-01     5.6740      7.547     10.946    12.2774 0.0000e+00
      7.706      0.051     5.0880     47.467     44.377  33.086231     4.0640      7.432   263.0825 1.2379e-01     5.6395      7.560     10.965    12.2771 0.0000e+00
      7.713      0.054     5.0871     47.447     44.360  33.072513     4.0918      7.430   263.0182 1.2385e-01     5.5982      7.561     10.966    12.2767 0.0000e+00
      7.725      0.053     5.0913     47.457     44.329  33.048408     4.0934      7.430   262.9354 1.2385e-01     5.5848      7.573     10.983    12.2762 0.0000e+00
      7.745      0.050     5.0883     47.457     44.329  33.048407     4.1082      7.430   262.8564 1.2385e-01     5.6140      7.597     11.019    12.2761 0.0000e+00
      7.763      0.047     5.0823     47.429     44.361  33.072502     4.1374      7.430   262.9231 1.2384e-01     5.6099      7.616     11.047    12.2754 0.0000e+00
      7.773      0.043     5.0787     47.394     44.379  33.086117     4.1467      7.430   263.0536 1.2379e-01     5.5698      7.624     11.058    12.2740 0.0000e+00
      7.780      0.038     5.0835     47.377     44.379  33.086210     4.1458      7.431   263.1433 1.2380e-01     5.5732      7.630     11.066    12.2733 0.0000e+00
      7.788      0.033     5.0837     47.412     44.362  33.073634     4.1683      7.431   263.1467 1.2379e-01     5.6163      7.637     11.078    12.2733 0.0000e+00
      7.796      0.028     5.0790     47.467     44.345  33.060868     4.2103      7.431   263.0091 1.2374e-01     5.6471      7.645     11.089    12.2735 0.0000e+00
      7.803      0.024     5.0757     47.483     44.342  33.058668     4.2292      7.432   262.6849 1.2379e-01     5.6380      7.652     11.098    12.2734 0.0000e+00
      7.809      0.020     5.0704     47.485     44.325  33.047036     4.2224      7.434   262.3233 1.2387e-01     5.6080      7.658     11.107    12.2734 0.0000e+00
      7.815      0.019     5.0760     47.489     44.325  33.047026     4.3034      7.436   262.4233 1.2385e-01     5.5923      7.664     11.116    12.2737 0.0000e+00
      7.818      0.021     5.0865     47.488     44.341  33.058554     4.4843      7.437   262.9476 1.2383e-01     5.6192      7.668     11.121    12.2739 0.0000e+00
      7.819      0.027     5.0847     47.492     44.342  33.059611     4.5944      7.436   263.3276 1.2384e-01     5.6606      7.667     11.120    12.2741 0.0000e+00
      7.821      0.035     5.0844     47.454     44.342  33.059811     4.6029      7.434   263.4911 1.2382e-01     5.6485      7.667     11.121    12.2746 0.0000e+00
      7.830      0.044     5.0871     47.408     44.344  33.060962     4.5950      7.432   263.4614 1.2380e-01     5.6087      7.676     11.132    12.2750 0.0000e+00
      7.847      0.050     5.0829     47.433     44.362  33.073530     4.6241      7.430   263.2266 1.2383e-01     5.5898      7.694     11.159    12.2752 0.0000e+00
      7.867      0.055     5.0889     47.466     44.378  33.084963     4.6882      7.430   263.3196 1.2384e-01     5.5913      7.716     11.190    12.2751 0.0000e+00
      7.885      0.056     5.0838     47.465     44.362  33.072387     4.7293      7.430   263.8971 1.2383e-01     5.5920      7.735     11.218    12.2750 0.0000e+00
      7.899      0.052     5.0702     47.449     44.330  33.048274     4.7215      7.429   264.1865 1.2380e-01     5.5648      7.749     11.240    12.2747 0.0000e+00
      7.909      0.044     5.0809     47.413     44.329  33.047037     4.5941      7.429   263.9794 1.2378e-01     5.5355      7.755     11.249    12.2740 0.0000e+00
      7.919      0.034     5.0857     47.408     44.343  33.057422     4.3872      7.429   263.8024 1.2376e-01     5.5446      7.764     11.261    12.2734 0.0000e+00
      7.930      0.025     5.0818     47.434     44.329  33.047037     4.2845      7.429   263.8530 1.2373e-01     5.6070      7.779     11.283    12.2726 0.0000e+00
      7.936      0.019     5.0847     47.440     44.330  33.048284     4.2755      7.429   263.9891 1.2371e-01     5.6753      7.785     11.292    12.2720 0.0000e+00
      7.937      0.014     5.0750     47.421     44.362  33.072492     4.3203      7.430   264.2432 1.2370e-01     5.7208      7.782     11.288    12.2715 0.0000e+00
      7.938      0.011     5.0751     47.381     44.380  33.086117     4.4187      7.431   264.6026 1.2373e-01     5.7481      7.783     11.289    12.2713 0.0000e+00
      7.938      0.011     5.0825     47.366     44.380  33.086217     4.4824      7.431   264.7205 1.2382e-01     5.7654      7.785     11.292    12.2719 0.0000e+00
      7.939      0.014     5.0797     47.370     44.364  33.073703     4.5002      7.430   264.4645 1.2389e-01     5.8276      7.785     11.291    12.2721 0.0000e+00
      7.943      0.019     5.0815     47.347     44.348  33.061623     4.5335      7.431   264.1736 1.2388e-01     5.8516      7.788     11.294    12.2723 0.0000e+00
      7.950      0.027     5.0715     47.320     44.355  33.066968     4.5938      7.432   264.2151 1.2382e-01     5.7821      7.797     11.308    12.2727 0.0000e+00
      7.957      0.038     5.0713     47.331     44.366  33.074913     4.6308      7.430   264.5362 1.2380e-01     5.7388      7.804     11.318    12.2726 0.0000e+00
      7.964      0.048     5.0754     47.363     44.393  33.094282     4.6307      7.427   264.8730 1.2390e-01     5.7718      7.808     11.324    12.2724 0.0000e+00
      7.976      0.055     5.0706     47.370     44.414  33.110949     4.5765      7.426   264.9305 1.2393e-01     5.8049      7.818     11.339    12.2726 0.0000e+00
      7.997      0.060     5.0659     47.390     44.379  33.086222     4.4662      7.426   264.8018 1.2384e-01     5.7974      7.840     11.371    12.2728 0.0000e+00
