Data/DataNotYetUploadedToEDI/Raw_CTD/RawDownloads/110122_fcr50_S8188001.cnv
* Sea-Bird SBE19plus  Data File:
* FileName = C:\R\Reservoirs\Data\DataNotYetUploadedToEDI\Raw_CTD\RawDownloads\110122_fcr50_S8188_0001.hex
* Software version 2.8.0.119
* Temperature SN = 8188
* Conductivity SN = 8188
* System UpLoad Time = Nov 18 2022 12:44:02
* <ApplicationData>
* <Seaterm232>
# nquan = 16
# nvalues = 1929                        
# units = specified
# name 0 = depFM: Depth [fresh water, m]
# name 1 = dz/dtM: Descent Rate [m/s]
# name 2 = sbeox0Mg/L: Oxygen, SBE 43 [mg/l]
# name 3 = sbeox0PS: Oxygen, SBE 43 [% saturation]
# name 4 = specc: Specific Conductance [uS/cm]
# name 5 = c0uS/cm: Conductivity [uS/cm]
# name 6 = wetCDOM: Fluorescence, WET Labs CDOM [mg/m^3]
# name 7 = flECO-AFL: Fluorescence, WET Labs ECO-AFL/FL [mg/m^3]
# name 8 = flECO-AFL1: Fluorescence, WET Labs ECO-AFL/FL, 2 [mg/m^3]
# name 9 = flECO-AFL2: Fluorescence, WET Labs ECO-AFL/FL, 3 [mg/m^3]
# name 10 = par/sat/log: PAR/Logarithmic, Satlantic
# name 11 = turbWETntu0: Turbidity, WET Labs ECO [NTU]
# name 12 = prdM: Pressure, Strain Gauge [db]
# name 13 = prdE: Pressure, Strain Gauge [psi]
# name 14 = tv290C: Temperature [ITS-90, deg C]
# name 15 = flag:  0.000e+00
# span 0 =     -0.634,      9.600       
# span 1 =     -0.167,      0.151       
# span 2 =     4.5622,    13.4997       
# span 3 =     43.510,    127.260       
# span 4 =      9.087,     26.604       
# span 5 =   6.894754,  20.182225       
# span 6 =    -4.5000,    11.7000       
# span 7 =    -2.6065,   245.1885       
# span 8 =    -2.1300,     2.5560       
# span 9 =    -2.8341,     4.9914       
# span 10 = 1.1595e-01, 1.7006e+03      
# span 11 =    -0.4234,   127.3177      
# span 12 =     -0.621,      9.414      
# span 13 =     -0.901,     13.654      
# span 14 =    12.6341,    14.1360      
# span 15 = 0.0000e+00, 0.0000e+00      
# interval = seconds: 0.25
# start_time = Nov 01 2022 06:34:25 [Instrument's time stamp, header]
# bad_flag = -9.990e-29
*END*
     -0.634 7.2123e-07     8.9695     87.021     12.380   9.655052    -4.5000    -0.1079    -2.1300    -2.0304 1.6433e+02     0.8842     -0.621     -0.901    13.9933 0.0000e+00
     -0.634 9.2730e-07     8.9697     87.020     12.365   9.643329    -4.5000    -0.1079    -2.1300    -2.0304 1.7609e+02     0.8391     -0.621     -0.901    13.9930 0.0000e+00
     -0.634      0.000     8.9698     87.023     12.345   9.627423    -4.5000    -0.1155    -2.1300    -2.0304 1.7601e+02     0.9143     -0.621     -0.901    13.9926 0.0000e+00
     -0.633      0.000     8.9697     87.026     12.325   9.611004     0.0000    -0.1079     0.0000     0.0846 1.4250e+02     0.1628     -0.621     -0.901    13.9921 0.0000e+00
     -0.633      0.000     8.9696     87.027     12.308   9.597607     0.0000    -0.1041     0.0000     0.0846 1.0528e+02     0.1478     -0.621     -0.901    13.9914 0.0000e+00
     -0.633      0.000     8.9697     87.024     12.296   9.587613     0.0000    -0.1002     0.0000     0.0846 1.0435e+02     0.0876     -0.621     -0.901    13.9906 0.0000e+00
     -0.633      0.000     8.9702     87.014     12.284   9.578359     0.0000    -0.0964     0.0000     0.0846 1.0199e+02     0.0876     -0.621     -0.900    13.9894 0.0000e+00
     -0.633      0.000     8.9708     86.994     12.273   9.571332     0.0000    -0.1002     0.0000     0.0846 1.0367e+02    -0.4084     -0.621     -0.900    13.9880 0.0000e+00
     -0.633      0.000     8.9713     86.965     12.262   9.564659     0.1800    -0.1079     0.0000     0.0846 1.0219e+02    -0.2581     -0.621     -0.900    13.9864 0.0000e+00
     -0.633      0.000     8.9712     86.926     12.244   9.552605     0.1800    -0.1079     0.0000     0.0846 1.1218e+02    -0.3783     -0.621     -0.900    13.9852 0.0000e+00
     -0.633      0.000     8.9700     86.875     12.218   9.535910     0.1800    -0.0850     0.0000     0.0846 1.2131e+02    -0.3633     -0.621     -0.900    13.9855 0.0000e+00
     -0.633      0.000     8.9673     86.810     12.191   9.518035     0.1800    -0.1002     0.0000     0.0846 1.0374e+02    -0.3933     -0.621     -0.900    13.9888 0.0000e+00
     -0.633      0.000     8.9629     86.728     12.167   9.502126     0.0000    -0.1041     0.0000     0.4653 1.0462e+02    -0.3332     -0.621     -0.900    13.9959 0.0000e+00
     -0.633      0.000     8.9568     86.620     12.145   9.487896     0.0000    -0.0926     0.0000     0.4653 1.0417e+02    -0.3182     -0.621     -0.900    14.0063 0.0000e+00
     -0.633      0.000     8.9492     86.483     12.126   9.475507     0.0000    -0.1079     0.0000     0.4653 1.4274e+03    -0.4084     -0.621     -0.900    14.0188 0.0000e+00
     -0.633      0.000     8.9399     86.328     12.110   9.465611     0.0000    -0.0773     0.0000     0.4653 2.0816e+02    -0.1528     -0.621     -0.900    14.0323 0.0000e+00
     -0.633      0.000     8.9288     86.163     12.089   9.451614     0.0000    -0.1231     0.0000     0.1269 1.1340e+02    -0.1528     -0.621     -0.900    14.0455 0.0000e+00
     -0.633      0.000     8.9153     85.995     12.061   9.431761     0.0000    -0.1002     0.0000     0.1269 1.1616e+03    -0.1078     -0.621     -0.900    14.0575 0.0000e+00
     -0.633      0.000     8.8991     85.835     12.040   9.416581     0.0000    -0.1079     0.0000     0.1269 2.2549e+02    -0.1378     -0.621     -0.900    14.0684 0.0000e+00
     -0.633      0.000     8.8811     85.692     12.031   9.411917     0.0000    -0.0888     0.0000     0.1269 3.4937e+02    -0.1528     -0.621     -0.900    14.0785 0.0000e+00
     -0.633      0.000     8.8623     85.574     12.030   9.412569     0.0000    -0.0926     0.0000    -0.3807 1.5103e+03    -0.0627     -0.620     -0.900    14.0877 0.0000e+00
     -0.633      0.000     8.8435     85.490     12.031   9.414756     0.0000    -0.0926     0.0000    -0.3807 1.7006e+03    -0.1228     -0.620     -0.899    14.0958 0.0000e+00
     -0.632      0.000     8.8257     85.443     12.035   9.419060     0.0000    -0.1269     0.0000    -0.3807 8.8035e+02    -0.1679     -0.620     -0.899    14.1033 0.0000e+00
     -0.632      0.000     8.8095     85.439     12.043   9.426629     0.0000    -0.1231     0.0000    -0.3807 1.9724e+02    -0.3482     -0.620     -0.899    14.1106 0.0000e+00
     -0.632      0.000     8.7960     85.487     12.057   9.437504     0.0000    -0.1193     0.0000    -0.3807 2.1204e+02    -0.4234     -0.620     -0.899    14.1178 0.0000e+00
     -0.632      0.000     8.7861     85.593     12.068   9.446672     0.0900    -0.1193    -0.0852     0.1269 1.7107e+02    -0.4084     -0.620     -0.899    14.1242 0.0000e+00
     -0.632      0.000     8.7803     85.760     12.073   9.450644     0.0900    -0.1079    -0.0852     0.1269 1.7044e+02    -0.3633     -0.620     -0.898    14.1293 0.0000e+00
     -0.631      0.001     8.7792     85.986     12.078   9.454436     0.0900    -0.1193    -0.0852     0.1269 1.3727e+02    -0.1228     -0.619     -0.898    14.1328 0.0000e+00
     -0.631      0.001     8.7837     86.260     12.090   9.463015     0.0900    -0.0697    -0.0852     0.1269 1.0905e+03    -0.0927     -0.619     -0.898    14.1348 0.0000e+00
     -0.631      0.001     8.7945     86.565     12.111   9.478668    -0.5400    -0.1231     0.0000     0.1269 1.1130e+03    -0.1378     -0.619     -0.898    14.1358 0.0000e+00
     -0.631      0.001     8.8116     86.879     12.136   9.497657    -0.5400    -0.1155     0.0000     0.1269 1.0803e+03    -0.1078     -0.619     -0.897    14.1360 0.0000e+00
     -0.630      0.002     8.8350     87.174     12.157   9.513178    -0.5400    -0.1002     0.0000     0.1269 5.0462e+02    -0.2881     -0.618     -0.897    14.1353 0.0000e+00
     -0.630      0.002     8.8635     87.430     12.173   9.525415    -0.5400    -0.0926     0.0000     0.1269 1.4671e+02    -0.3783     -0.618     -0.896    14.1336 0.0000e+00
     -0.629      0.003     8.8953     87.632     12.185   9.533674    -1.6200    -0.1079     0.0000    -0.0846 7.9476e+01    -0.3783     -0.617     -0.895    14.1309 0.0000e+00
     -0.629      0.004     8.9282     87.776     12.189   9.536201    -1.6200    -0.1002     0.0000    -0.0846 7.1744e+01    -0.3933     -0.617     -0.894    14.1276 0.0000e+00
     -0.628      0.005     8.9593     87.867     12.187   9.533671    -1.6200    -0.1231     0.0000    -0.0846 7.2041e+01    -0.3783     -0.616     -0.893    14.1238 0.0000e+00
     -0.626      0.006     8.9863     87.912     12.182   9.529365    -1.6200    -0.1117     0.0000    -0.0846 7.3305e+01    -0.4084     -0.615     -0.891    14.1200 0.0000e+00
     -0.625      0.008     9.0078     87.920     12.183   9.530046     0.7200    -0.1002     0.1278     0.0846 2.5368e+02    -0.3783     -0.613     -0.889    14.1165 0.0000e+00
     -0.623      0.010     9.0232     87.903     12.191   9.535896     0.7200    -0.1079     0.1278     0.0846 8.1093e+02    -0.3783     -0.611     -0.886    14.1136 0.0000e+00
     -0.620      0.013     9.0330     87.876     12.198   9.540563     0.7200    -0.1269     0.1278     0.0846 9.8224e+02    -0.0927     -0.608     -0.882    14.1113 0.0000e+00
     -0.617      0.017     9.0379     87.843     12.200   9.541336     0.7200    -0.0964     0.1278     0.0846 9.4292e+02    -0.0627     -0.605     -0.878    14.1094 0.0000e+00
     -0.613      0.022     9.0391     87.801     12.196   9.538421     0.7200    -0.0812     0.1278     0.0846 7.6922e+02    -0.1228     -0.601     -0.871    14.1077 0.0000e+00
     -0.607      0.028     9.0378     87.749     12.187   9.531040     0.0000    -0.1269    -0.1704     0.0846 5.7891e+02    -0.1679     -0.595     -0.863    14.1060 0.0000e+00
     -0.600      0.036     9.0353     87.687     12.170   9.517225     0.0000     0.0905    -0.1704     0.0846 2.5143e+02     1.1097     -0.588     -0.853    14.1042 0.0000e+00
     -0.591      0.046     9.0323     87.617     12.140   9.493293     0.0000     0.0943    -0.1704     0.0846 9.7022e+01     1.0496     -0.579     -0.840    14.1026 0.0000e+00
     -0.579      0.059     9.0282     87.543     12.093   9.456816     0.0000     0.0943    -0.1704     0.0846 1.1350e+02     1.1247     -0.568     -0.824    14.1012 0.0000e+00
     -0.564      0.074     9.0231     87.473     12.034   9.409936     0.0000     0.0943     0.0000     0.6345 2.6930e+02     1.1848     -0.553     -0.802    14.0999 0.0000e+00
     -0.544      0.090     9.0169     87.418     11.973   9.361911     0.0000     3.3788     0.0000     0.6345 6.5738e+02    60.1030     -0.534     -0.774    14.0988 0.0000e+00
     -0.519      0.108     9.0099     87.384     11.924   9.323668     0.0000     3.3750     0.0000     0.6345 7.9177e+02    60.1481     -0.509     -0.739    14.0977 0.0000e+00
     -0.488      0.124     9.0026     87.370     11.888   9.294900     0.0000     3.3750     0.0000     0.6345 7.1879e+02    60.1030     -0.479     -0.695    14.0964 0.0000e+00
     -0.452      0.137     8.9957     87.382     11.859   9.271890     1.4400     3.3636     0.3834     3.6378 6.1925e+02    60.1030     -0.444     -0.644    14.0950 0.0000e+00
     -0.413      0.147     8.9904     87.427     11.839   9.256416     1.4400     4.6529     0.3834     3.6378 5.9433e+02     2.6277     -0.405     -0.588    14.0934 0.0000e+00
     -0.372      0.151     8.9871     87.503     11.829   9.248307     1.4400     4.6377     0.3834     3.6378 5.0704e+02     2.6277     -0.365     -0.530    14.0919 0.0000e+00
     -0.331      0.151     8.9860     87.603     11.826   9.245401     1.4400     4.6529     0.3834     3.6378 4.9949e+02     2.5977     -0.325     -0.471    14.0906 0.0000e+00
     -0.291      0.146     8.9874     87.718     11.828   9.246921     4.2300     4.6682     0.0852     0.9729 4.9270e+02     2.5526     -0.285     -0.414    14.0896 0.0000e+00
     -0.253      0.138     8.9921     87.843     11.836   9.253275     4.2300     4.9429     0.0852     0.9729 4.7690e+02     2.8231     -0.248     -0.360    14.0887 0.0000e+00
     -0.218      0.127     9.0001     87.972     11.847   9.262199     4.2300     4.9658     0.0852     0.9729 4.7950e+02     2.7630     -0.214     -0.310    14.0881 0.0000e+00
     -0.187      0.113     9.0105     88.095     11.855   9.268162     4.2300     4.9619     0.0852     0.9729 4.7556e+02     2.7780     -0.183     -0.265    14.0876 0.0000e+00
     -0.159      0.098     9.0224     88.200     11.855   9.268798     4.2300     4.9696     0.0852     0.9729 4.8086e+02     2.8832     -0.156     -0.226    14.0874 0.0000e+00
     -0.136      0.082     9.0353     88.280     11.850   9.264278     4.2300     5.1679     0.0426     1.0152 4.8961e+02     2.6277     -0.134     -0.193    14.0873 0.0000e+00
     -0.118      0.066     9.0485     88.336     11.841   9.257350     4.2300     5.1451     0.0426     1.0152 4.9025e+02     2.5977     -0.115     -0.167    14.0873 0.0000e+00
     -0.103      0.051     9.0611     88.370     11.836   9.254080     4.2300     5.1451     0.0426     1.0152 2.5506e+02     2.5526     -0.101     -0.146    14.0874 0.0000e+00
     -0.092      0.037     9.0719     88.382     11.836   9.253596     4.2300     5.1451     0.0426     1.0152 3.1449e+02     2.5526     -0.091     -0.131    14.0876 0.0000e+00
     -0.086      0.025     9.0802     88.374     11.834   9.251813     4.2300     5.1222     0.0852     1.1421 4.0072e+02     2.5977     -0.084     -0.122    14.0877 0.0000e+00
     -0.082      0.015     9.0859     88.349     11.829   9.248254     4.2300     5.1603     0.0852     1.1421 4.6443e+02     2.5977     -0.081     -0.117    14.0879 0.0000e+00
     -0.081      0.008     9.0894     88.312     11.821   9.241972     4.2300     5.1298     0.0852     1.1421 4.5012e+02     2.5225     -0.080     -0.115    14.0880 0.0000e+00
     -0.080      0.003     9.0906     88.267     11.817   9.239203     4.2300     5.1374     0.0852     1.1421 4.4140e+02     2.4925     -0.079     -0.115    14.0880 0.0000e+00
     -0.081     -0.001     9.0898     88.219     11.823   9.243164     4.1400     5.2557     0.0426     1.0575 4.5741e+02     2.6127     -0.079     -0.115    14.0879 0.0000e+00
     -0.081     -0.004     9.0873     88.167     11.828   9.247000     4.1400     5.2595     0.0426     1.0575 4.4092e+02     2.5676     -0.080     -0.116    14.0878 0.0000e+00
     -0.082     -0.006     9.0835     88.110     11.829   9.247778     4.1400     5.2481     0.0426     1.0575 4.5563e+02     2.6578     -0.081     -0.117    14.0876 0.0000e+00
     -0.084     -0.009     9.0789     88.053     11.826   9.245704     4.1400     5.2748     0.0426     1.0575 4.5474e+02     2.5977     -0.083     -0.120    14.0874 0.0000e+00
     -0.086     -0.011     9.0740     87.999     11.825   9.244183     4.1400     5.0268     0.0426     1.0575 4.4198e+02     2.4925     -0.085     -0.123    14.0871 0.0000e+00
     -0.090     -0.012     9.0687     87.948     11.823   9.242808     4.2300     5.0154     0.0426     1.0575 4.4651e+02     2.5526     -0.088     -0.128    14.0868 0.0000e+00
     -0.094     -0.012     9.0630     87.899     11.821   9.241214     4.2300     5.0230     0.0426     1.0575 4.6706e+02     2.5977     -0.092     -0.133    14.0864 0.0000e+00
     -0.098     -0.012     9.0571     87.851     11.828   9.246885     4.2300     5.0344     0.0426     1.0575 4.6372e+02     2.5075     -0.096     -0.139    14.0860 0.0000e+00
     -0.101     -0.011     9.0516     87.810     11.842   9.257380     4.2300     4.7064     0.0426     1.0575 4.7473e+02     2.5826     -0.099     -0.144    14.0856 0.0000e+00
     -0.103     -0.009     9.0465     87.777     11.850   9.263629     4.1400     4.7102     0.0426     1.1421 4.8232e+02     2.6127     -0.101     -0.147    14.0851 0.0000e+00
     -0.105     -0.007     9.0415     87.747     11.850   9.263342     4.1400     4.7140     0.0426     1.1421 4.9603e+02     2.5977     -0.103     -0.149    14.0845 0.0000e+00
     -0.106     -0.005     9.0367     87.723     11.846   9.260399     4.1400     4.7292     0.0426     1.1421 4.8759e+02     2.6578     -0.104     -0.151    14.0840 0.0000e+00
     -0.107     -0.004     9.0326     87.708     11.843   9.257970     4.1400     4.7216     0.0426     1.1421 4.9292e+02     2.5526     -0.105     -0.153    14.0835 0.0000e+00
     -0.108     -0.003     9.0293     87.703     11.840   9.255409     4.2300     4.7254     0.0426     1.0998 4.9657e+02     2.5526     -0.106     -0.154    14.0830 0.0000e+00
     -0.109     -0.002     9.0264     87.705     11.836   9.252032     4.2300     4.7483     0.0426     1.0998 5.0145e+02     2.5977     -0.107     -0.154    14.0824 0.0000e+00
     -0.109     -0.002     9.0240     87.712     11.830   9.246938     4.2300     4.7216     0.0426     1.0998 4.9378e+02     2.5526     -0.107     -0.155    14.0819 0.0000e+00
     -0.109     -0.001     9.0226     87.722     11.825   9.242726     4.2300     4.6529     0.0426     1.0998 4.9131e+02     2.5526     -0.107     -0.155    14.0814 0.0000e+00
     -0.109     -0.001     9.0221     87.734     11.824   9.242228     4.2300     4.6568     0.0426     1.1421 4.8096e+02     2.5376     -0.107     -0.155    14.0809 0.0000e+00
     -0.109     -0.000     9.0224     87.747     11.828   9.245311     4.2300     4.6606     0.0426     1.1421 4.7597e+02     2.6578     -0.107     -0.156    14.0804 0.0000e+00
     -0.110     -0.000     9.0233     87.754     11.838   9.252798     4.2300     4.6453     0.0426     1.1421 4.6868e+02     2.5977     -0.108     -0.156    14.0799 0.0000e+00
     -0.110      0.000     9.0244     87.759     11.850   9.262728     4.2300     4.5843     0.0426     1.1421 4.6483e+02     2.5676     -0.108     -0.156    14.0794 0.0000e+00
     -0.109      0.000     9.0258     87.764     11.860   9.269838     4.2300     4.5957     0.0426     1.1421 4.7032e+02     2.6277     -0.107     -0.155    14.0789 0.0000e+00
     -0.109      0.000     9.0271     87.769     11.863   9.272068     4.2300     4.6072     0.0852     1.0575 4.7236e+02     2.5526     -0.107     -0.155    14.0784 0.0000e+00
