Data/DataNotYetUploadedToEDI/Raw_CTD/RawDownloads/110122_fcr50_S7809001.cnv
* Sea-Bird SBE19plus  Data File:
* FileName = C:\R\Reservoirs\Data\DataNotYetUploadedToEDI\Raw_CTD\RawDownloads\110122_fcr50_S7809_0001.hex
* Software version 2.8.0.119
* Temperature SN = 7809
* Conductivity SN = 7809
* System UpLoad Time = Nov 18 2022 12:27:25
* <ApplicationData>
* <Seaterm232>
# nquan = 15
# nvalues = 2364                        
# units = specified
# name 0 = depFM: Depth [fresh water, m]
# name 1 = dz/dtM: Descent Rate [m/s]
# name 2 = sbeox0Mg/L: Oxygen, SBE 43 [mg/l]
# name 3 = sbeox0PS: Oxygen, SBE 43 [% saturation]
# name 4 = specc: Specific Conductance [uS/cm]
# name 5 = c0uS/cm: Conductivity [uS/cm]
# name 6 = flECO-AFL: Fluorescence, WET Labs ECO-AFL/FL [mg/m^3]
# name 7 = ph: pH
# name 8 = orp: Oxidation Reduction Potential [mV]
# name 9 = par/sat/log: PAR/Logarithmic, Satlantic
# name 10 = turbWETntu0: Turbidity, WET Labs ECO [NTU]
# name 11 = prdM: Pressure, Strain Gauge [db]
# name 12 = prdE: Pressure, Strain Gauge [psi]
# name 13 = tv290C: Temperature [ITS-90, deg C]
# name 14 = flag:  0.000e+00
# span 0 =     -0.634,      9.593       
# span 1 =     -0.227,      0.158       
# span 2 =     2.2923,     7.6170       
# span 3 =     21.923,     72.358       
# span 4 =      1.661,    452.179       
# span 5 =   1.255675, 336.527423       
# span 6 =    -0.3836,     8.9396       
# span 7 =      6.902,      8.002       
# span 8 = -1240.7455,   266.6614       
# span 9 = 1.2368e-01, 2.8461e+02       
# span 10 =    -0.7533,   142.6392      
# span 11 =     -0.622,      9.409      
# span 12 =     -0.902,     13.645      
# span 13 =    12.2083,    13.6589      
# span 14 = 0.0000e+00, 0.0000e+00      
# interval = seconds: 0.25
# start_time = Nov 01 2022 06:16:51 [Instrument's time stamp, header]
# bad_flag = -9.990e-29
*END*
[from data line 482]
      1.595      0.058     7.0628     67.147     42.338  32.108473     7.4196      7.730   227.2097 7.8342e+00     2.7294      1.570      2.277    12.9156 0.0000e+00
      1.603      0.041     7.0645     67.177     42.321  32.095792     7.3987      7.733   226.7980 7.8134e+00     2.8029      1.573      2.282    12.9157 0.0000e+00
      1.604      0.025     7.0710     67.147     42.287  32.070640     7.4008      7.738   226.6235 7.8133e+00     2.8738      1.573      2.281    12.9156 0.0000e+00
      1.605      0.014     7.0804     67.064     42.271  32.057970     7.4032      7.740   226.6482 7.8216e+00     2.8348      1.574      2.282    12.9157 0.0000e+00
      1.606      0.008     7.0889     66.964     42.286  32.069394     7.3784      7.740   226.4946 7.8134e+00     2.7747      1.575      2.283    12.9159 0.0000e+00
      1.608      0.007     7.0934     66.885     42.303  32.081961     7.3501      7.742   225.9711 7.7989e+00     2.7964      1.576      2.287    12.9162 0.0000e+00
      1.611      0.008     7.0896     66.849     42.304  32.083111     7.3531      7.747   226.0834 7.7923e+00     2.8588      1.581      2.293    12.9164 0.0000e+00
      1.614      0.010     7.0792     66.853     42.304  32.083308     7.3645      7.749   227.0775 7.7797e+00     2.8801      1.584      2.297    12.9164 0.0000e+00
      1.615      0.010     7.0676     66.897     42.306  32.084348     7.3793      7.747   227.5795 7.7625e+00     2.8481      1.583      2.296    12.9165 0.0000e+00
      1.617      0.010     7.0574     66.968     42.321  32.095677     7.4148      7.748   227.3354 7.7300e+00     2.8133      1.584      2.297    12.9165 0.0000e+00
      1.621      0.010     7.0551     67.028     42.318  32.093485     7.4368      7.750   227.0510 7.6865e+00     2.8353      1.589      2.305    12.9168 0.0000e+00
      1.625      0.011     7.0545     67.076     42.271  32.057855     7.4377      7.753   226.6369 7.6770e+00     2.8753      1.594      2.312    12.9169 0.0000e+00
      1.627      0.012     7.0597     67.141     42.255  32.045280     7.4171      7.756   226.4581 7.6697e+00     2.8523      1.595      2.313    12.9166 0.0000e+00
      1.629      0.015     7.0694     67.211     42.285  32.068231     7.3701      7.758   227.1261 7.6242e+00     2.7965      1.597      2.317    12.9165 0.0000e+00
      1.632      0.017     7.0759     67.261     42.303  32.081751     7.3352      7.755   227.9168 7.5785e+00     2.7813      1.602      2.322    12.9164 0.0000e+00
      1.636      0.017     7.0786     67.293     42.303  32.081960     7.3283      7.752   228.1879 7.5497e+00     2.8391      1.604      2.325    12.9163 0.0000e+00
      1.642      0.017     7.0864     67.288     42.288  32.070754     7.3371      7.750   228.2541 7.4990e+00     2.8807      1.608      2.332    12.9164 0.0000e+00
      1.650      0.016     7.0959     67.247     42.291  32.073069     7.4089      7.748   228.2010 7.4343e+00     2.8066      1.619      2.347    12.9163 0.0000e+00
      1.655      0.014     7.0992     67.194     42.339  32.109948     7.5386      7.749   228.0616 7.4022e+00     2.7284      1.625      2.357    12.9162 0.0000e+00
      1.657      0.012     7.1048     67.144     42.374  32.136243     7.6064      7.751   227.9453 7.3942e+00     2.7211      1.625      2.357    12.9160 0.0000e+00
      1.658      0.009     7.1044     67.116     42.375  32.137397     7.6131      7.752   227.5703 7.3877e+00     2.7524      1.626      2.359    12.9158 0.0000e+00
      1.658      0.007     7.0978     67.108     42.357  32.123896     7.6449      7.753   227.3985 7.3783e+00     2.7990      1.625      2.358    12.9160 0.0000e+00
      1.660      0.006     7.0930     67.104     42.324  32.099802     7.6911      7.755   227.6748 7.3611e+00     2.8073      1.627      2.360    12.9164 0.0000e+00
      1.663      0.007     7.0861     67.113     42.323  32.099690     7.7139      7.755   227.9860 7.3393e+00     2.8178      1.631      2.365    12.9168 0.0000e+00
      1.665      0.008     7.0829     67.123     42.352  32.122545     7.7208      7.756   227.9775 7.3177e+00     2.8585      1.633      2.368    12.9170 0.0000e+00
      1.666      0.011     7.0842     67.130     42.352  32.122535     7.6739      7.759   227.9157 7.2955e+00     2.8891      1.634      2.370    12.9174 0.0000e+00
      1.669      0.018     7.0812     67.153     42.321  32.099566     7.5722      7.759   228.5282 7.2795e+00     2.8798      1.636      2.374    12.9186 0.0000e+00
      1.671      0.026     7.0835     67.187     42.320  32.098431     7.5057      7.753   229.1037 7.2647e+00     2.8151      1.638      2.376    12.9193 0.0000e+00
      1.674      0.033     7.0854     67.221     42.335  32.108816     7.4938      7.748   229.1948 7.1916e+00     2.7900      1.638      2.376    12.9195 0.0000e+00
      1.686      0.038     7.0839     67.251     42.323  32.098319     7.5457      7.746   229.3725 7.0095e+00     2.8495      1.647      2.389    12.9201 0.0000e+00
      1.706      0.038     7.0872     67.261     42.323  32.098318     7.6337      7.745   229.5314 6.8359e+00     2.8855      1.675      2.429    12.9211 0.0000e+00
      1.722      0.035     7.0912     67.238     42.337  32.108806     7.6754      7.744   229.4805 6.7821e+00     2.8493      1.694      2.457    12.9203 0.0000e+00
      1.729      0.029     7.0948     67.181     42.323  32.098319     7.6757      7.743   229.4454 6.7776e+00     2.7872      1.696      2.460    12.9187 0.0000e+00
      1.731      0.020     7.0990     67.095     42.323  32.098319     7.6453      7.743   229.5378 6.7684e+00     2.7838      1.698      2.462    12.9180 0.0000e+00
      1.732      0.011     7.1008     67.008     42.337  32.108807     7.5996      7.744   229.6508 6.7576e+00     2.8771      1.699      2.464    12.9174 0.0000e+00
      1.733      0.005     7.0979     66.950     42.323  32.098328     7.5801      7.746   229.6075 6.7467e+00     2.9244      1.699      2.465    12.9170 0.0000e+00
      1.734      0.002     7.0926     66.936     42.322  32.098433     7.5758      7.747   229.5301 6.7306e+00     2.8428      1.700      2.466    12.9168 0.0000e+00
      1.734      0.002     7.0820     66.976     42.337  32.110063     7.5811      7.748   229.6615 6.7125e+00     2.7792      1.701      2.467    12.9170 0.0000e+00
      1.734      0.001     7.0711     67.044     42.339  32.112151     7.6863      7.749   229.8192 6.7138e+00     2.8040      1.701      2.467    12.9176 0.0000e+00
      1.735      0.001     7.0654     67.123     42.353  32.123678     7.8738      7.750   229.8022 6.7260e+00     2.8355      1.701      2.467    12.9180 0.0000e+00
      1.735      0.001     7.0622     67.214     42.351  32.122639     7.9676      7.752   229.6285 6.7244e+00     2.8186      1.701      2.468    12.9178 0.0000e+00
      1.735      0.001     7.0683     67.282     42.320  32.099586     7.9708      7.754   229.3541 6.7212e+00     2.7702      1.701      2.467    12.9183 0.0000e+00
      1.735      0.001     7.0767     67.303     42.318  32.098547     7.9706      7.756   229.1519 6.7264e+00     2.7632      1.701      2.467    12.9195 0.0000e+00
      1.735      0.002     7.0825     67.281     42.332  32.110073     7.9733      7.759   229.0764 6.7244e+00     2.8015      1.701      2.468    12.9205 0.0000e+00
      1.735      0.003     7.0955     67.237     42.333  32.112152     7.9789      7.763   228.7852 6.7201e+00     2.8235      1.702      2.468    12.9210 0.0000e+00
      1.736      0.004     7.1028     67.192     42.347  32.123678     7.9888      7.766   228.5563 6.7083e+00     2.8249      1.702      2.469    12.9214 0.0000e+00
      1.737      0.006     7.1046     67.132     42.346  32.122638     8.1008      7.768   228.8897 6.6907e+00     2.8184      1.703      2.470    12.9223 0.0000e+00
      1.738      0.007     7.1016     67.073     42.316  32.099576     8.3182      7.768   229.2896 6.6822e+00     2.8130      1.705      2.472    12.9241 0.0000e+00
      1.740      0.007     7.0942     67.043     42.316  32.098433     8.4527      7.768   229.4326 6.6579e+00     2.8275      1.706      2.474    12.9252 0.0000e+00
      1.743      0.007     7.0926     67.050     42.330  32.108827     8.4867      7.766   229.4143 6.6269e+00     2.8571      1.709      2.479    12.9259 0.0000e+00
      1.746      0.006     7.0838     67.096     42.316  32.098444     8.5967      7.765   229.3268 6.6154e+00     2.8634      1.713      2.484    12.9264 0.0000e+00
      1.747      0.005     7.0770     67.155     42.316  32.099690     8.8002      7.765   229.4922 6.6132e+00     2.8353      1.713      2.485    12.9248 0.0000e+00
      1.748      0.004     7.0745     67.204     42.346  32.123896     8.9249      7.765   229.7805 6.6172e+00     2.8247      1.714      2.486    12.9231 0.0000e+00
      1.748      0.003     7.0737     67.241     42.364  32.137521     8.9396      7.765   229.7153 6.6242e+00     2.8379      1.714      2.487    12.9233 0.0000e+00
      1.749      0.003     7.0809     67.271     42.364  32.137616     8.8525      7.766   229.3917 6.6332e+00     2.8244      1.715      2.487    12.9244 0.0000e+00
      1.749      0.003     7.0875     67.298     42.347  32.125049     8.6875      7.768   229.2234 6.6312e+00     2.7976      1.715      2.488    12.9255 0.0000e+00
      1.750      0.003     7.0922     67.320     42.330  32.112379     8.5921      7.768   229.0568 6.6190e+00     2.8207      1.716      2.489    12.9266 0.0000e+00
      1.751      0.003     7.0959     67.324     42.328  32.111227     8.5819      7.770   228.9261 6.6134e+00     2.8652      1.717      2.490    12.9272 0.0000e+00
      1.752      0.003     7.0991     67.326     42.328  32.111122     8.5803      7.772   228.9331 6.6095e+00     2.8581      1.717      2.491    12.9271 0.0000e+00
      1.752      0.003     7.1013     67.354     42.328  32.111103     8.4737      7.773   228.7979 6.6114e+00     2.8036      1.719      2.493    12.9271 0.0000e+00
      1.752      0.004     7.1054     67.387     42.328  32.111007     8.2750      7.775   228.8404 6.6130e+00     2.7524      1.718      2.492    12.9272 0.0000e+00
      1.753      0.004     7.1047     67.400     42.326  32.109959     8.1670      7.777   229.0164 6.6025e+00     2.7506      1.720      2.493    12.9276 0.0000e+00
      1.755      0.004     7.1025     67.386     42.311  32.098433     8.1664      7.776   229.1198 6.5923e+00     2.7824      1.722      2.496    12.9283 0.0000e+00
      1.757      0.004     7.1078     67.350     42.311  32.098443     8.3016      7.774   229.3154 6.5898e+00     2.7947      1.722      2.498    12.9286 0.0000e+00
      1.758      0.004     7.1115     67.307     42.326  32.110074     8.5451      7.774   229.4034 6.5896e+00     2.7636      1.724      2.500    12.9286 0.0000e+00
      1.759      0.004     7.1134     67.281     42.329  32.112274     8.6801      7.773   229.4094 6.5805e+00     2.7481      1.725      2.502    12.9283 0.0000e+00
      1.760      0.003     7.1119     67.282     42.346  32.125041     8.7019      7.773   229.4734 6.5670e+00     2.7777      1.725      2.503    12.9278 0.0000e+00
      1.760      0.003     7.1075     67.282     42.362  32.137626     8.7088      7.774   229.6619 6.5720e+00     2.8142      1.726      2.503    12.9281 0.0000e+00
      1.761      0.004     7.1020     67.270     42.361  32.137636     8.7046      7.776   229.8811 6.5885e+00     2.8476      1.727      2.504    12.9285 0.0000e+00
      1.762      0.006     7.0976     67.272     42.344  32.125174     8.6932      7.776   229.8866 6.5982e+00     2.8402      1.728      2.506    12.9287 0.0000e+00
      1.763      0.008     7.1005     67.287     42.328  32.113750     8.6957      7.776   229.9002 6.5947e+00     2.8272      1.727      2.506    12.9288 0.0000e+00
      1.765      0.010     7.1010     67.280     42.344  32.126307     8.7106      7.776   229.7021 6.5691e+00     2.8611      1.730      2.509    12.9287 0.0000e+00
      1.770      0.011     7.0972     67.237     42.375  32.150201     8.7070      7.778   229.7277 6.5386e+00     2.8746      1.737      2.518    12.9296 0.0000e+00
      1.773      0.014     7.0978     67.176     42.373  32.149049     8.6935      7.778   230.4682 6.5163e+00     2.8539      1.739      2.523    12.9306 0.0000e+00
      1.776      0.017     7.1011     67.116     42.325  32.112369     8.6882      7.778   230.6534 6.4936e+00     2.8149      1.742      2.526    12.9314 0.0000e+00
      1.779      0.021     7.1006     67.077     42.293  32.087124     8.6672      7.779   230.3326 6.4599e+00     2.7794      1.744      2.530    12.9319 0.0000e+00
      1.784      0.026     7.0953     67.072     42.308  32.097413     8.6237      7.780   230.5470 6.4084e+00     2.8009      1.748      2.536    12.9325 0.0000e+00
      1.792      0.032     7.0877     67.102     42.327  32.109970     8.5862      7.779   231.0950 6.3616e+00     2.8004      1.758      2.550    12.9331 0.0000e+00
      1.800      0.037     7.0810     67.161     42.332  32.112142     8.5719      7.775   231.6240 6.3076e+00     2.7743      1.764      2.559    12.9332 0.0000e+00
      1.810      0.039     7.0761     67.220     42.347  32.123667     8.5596      7.770   232.1246 6.2120e+00     2.7921      1.773      2.571    12.9319 0.0000e+00
      1.824      0.038     7.0763     67.270     42.346  32.122524     8.4455      7.767   232.5014 6.1095e+00     2.8101      1.790      2.595    12.9296 0.0000e+00
      1.838      0.033     7.0795     67.330     42.314  32.098317     8.2487      7.764   232.6524 6.0396e+00     2.8212      1.805      2.618    12.9277 0.0000e+00
      1.847      0.027     7.0877     67.376     42.296  32.084589     8.1366      7.762   232.6603 6.0034e+00     2.8247      1.814      2.631    12.9262 0.0000e+00
      1.851      0.019     7.0950     67.377     42.295  32.083342     8.1046      7.762   232.5104 5.9932e+00     2.8179      1.816      2.634    12.9256 0.0000e+00
      1.852      0.012     7.0974     67.354     42.296  32.083239     8.0538      7.764   231.7869 6.0022e+00     2.8076      1.816      2.634    12.9259 0.0000e+00
      1.853      0.007     7.1059     67.353     42.296  32.083343     7.9885      7.768   230.8817 6.0234e+00     2.8024      1.817      2.636    12.9255 0.0000e+00
      1.853      0.006     7.1125     67.369     42.297  32.084599     7.9648      7.772   230.4274 6.0324e+00     2.8578      1.817      2.636    12.9248 0.0000e+00
      1.854      0.008     7.1119     67.376     42.315  32.098431     7.9758      7.777   230.1651 6.0140e+00     2.8965      1.818      2.636    12.9246 0.0000e+00
      1.855      0.012     7.1066     67.382     42.348  32.123782     8.0707      7.781   230.5500 5.9787e+00     2.8602      1.818      2.637    12.9243 0.0000e+00
      1.858      0.018     7.1068     67.381     42.365  32.137511     8.2476      7.781   231.5535 5.9458e+00     2.8631      1.822      2.643    12.9244 0.0000e+00
      1.863      0.023     7.1112     67.362     42.364  32.137624     8.3417      7.776   231.9743 5.9184e+00     2.8977      1.826      2.649    12.9250 0.0000e+00
      1.869      0.027     7.1094     67.334     42.347  32.125154     8.3511      7.771   231.6798 5.8634e+00     2.9025      1.830      2.654    12.9254 0.0000e+00
      1.880      0.027     7.1114     67.294     42.331  32.113533     8.2855      7.768   231.2623 5.7813e+00     2.8535      1.843      2.673    12.9255 0.0000e+00
      1.892      0.026     7.1119     67.251     42.345  32.123918     8.1398      7.768   230.9698 5.7321e+00     2.8166      1.857      2.695    12.9259 0.0000e+00
      1.899      0.023     7.1082     67.236     42.346  32.123908     8.0629      7.769   231.0698 5.7247e+00     2.8328      1.864      2.704    12.9269 0.0000e+00
      1.902      0.019     7.1063     67.248     42.332  32.113419     8.0789      7.771   231.4374 5.7177e+00     2.8106      1.865      2.705    12.9280 0.0000e+00
