Data/DataNotYetUploadedToEDI/Raw_CTD/RawDownloads/110122_fcr50_S7809001.cnv
* Sea-Bird SBE19plus  Data File:
* FileName = C:\R\Reservoirs\Data\DataNotYetUploadedToEDI\Raw_CTD\RawDownloads\110122_fcr50_S7809_0001.hex
* Software version 2.8.0.119
* Temperature SN = 7809
* Conductivity SN = 7809
* System UpLoad Time = Nov 18 2022 12:27:25
* <ApplicationData>
* <Seaterm232>
# nquan = 15
# nvalues = 2364                        
# units = specified
# name 0 = depFM: Depth [fresh water, m]
# name 1 = dz/dtM: Descent Rate [m/s]
# name 2 = sbeox0Mg/L: Oxygen, SBE 43 [mg/l]
# name 3 = sbeox0PS: Oxygen, SBE 43 [% saturation]
# name 4 = specc: Specific Conductance [uS/cm]
# name 5 = c0uS/cm: Conductivity [uS/cm]
# name 6 = flECO-AFL: Fluorescence, WET Labs ECO-AFL/FL [mg/m^3]
# name 7 = ph: pH
# name 8 = orp: Oxidation Reduction Potential [mV]
# name 9 = par/sat/log: PAR/Logarithmic, Satlantic
# name 10 = turbWETntu0: Turbidity, WET Labs ECO [NTU]
# name 11 = prdM: Pressure, Strain Gauge [db]
# name 12 = prdE: Pressure, Strain Gauge [psi]
# name 13 = tv290C: Temperature [ITS-90, deg C]
# name 14 = flag:  0.000e+00
# span 0 =     -0.634,      9.593       
# span 1 =     -0.227,      0.158       
# span 2 =     2.2923,     7.6170       
# span 3 =     21.923,     72.358       
# span 4 =      1.661,    452.179       
# span 5 =   1.255675, 336.527423       
# span 6 =    -0.3836,     8.9396       
# span 7 =      6.902,      8.002       
# span 8 = -1240.7455,   266.6614       
# span 9 = 1.2368e-01, 2.8461e+02       
# span 10 =    -0.7533,   142.6392      
# span 11 =     -0.622,      9.409      
# span 12 =     -0.902,     13.645      
# span 13 =    12.2083,    13.6589      
# span 14 = 0.0000e+00, 0.0000e+00      
# interval = seconds: 0.25
# start_time = Nov 01 2022 06:16:51 [Instrument's time stamp, header]
# bad_flag = -9.990e-29
*END*
[from data line 97]
     -0.159      0.049     7.5516     71.931     43.392  32.941769     6.1762      7.706   190.7518 7.9061e+01     2.8501     -0.155     -0.225    12.9503 0.0000e+00
     -0.151      0.047     7.5589     71.911     43.167  32.770870     6.1763      7.697   191.0279 7.9636e+01     2.8181     -0.149     -0.216    12.9521 0.0000e+00
     -0.141      0.050     7.5700     71.795     42.991  32.638026     6.1728      7.687   191.6729 8.0117e+01     2.7841     -0.139     -0.201    12.9541 0.0000e+00
     -0.131      0.057     7.5800     71.624     42.945  32.603631     6.1670      7.673   192.0105 8.0476e+01     2.7465     -0.129     -0.187    12.9551 0.0000e+00
     -0.117      0.065     7.5888     71.358     42.952  32.608621     6.1731      7.657   192.0125 8.0769e+01     2.7734     -0.117     -0.170    12.9554 0.0000e+00
     -0.096      0.070     7.5890     70.869     42.905  32.571555     6.1712      7.641   192.9884 8.0517e+01     2.8360     -0.097     -0.140    12.9556 0.0000e+00
     -0.071      0.071     7.5717     70.092     42.860  32.535884     6.1696      7.621   194.5174 7.5636e+01     2.8884     -0.069     -0.100    12.9559 0.0000e+00
     -0.047      0.062     7.5560     69.106     42.890  32.557734     6.2113      7.600   193.9801 6.4067e+01     2.8954     -0.042     -0.061    12.9570 0.0000e+00
     -0.031      0.042     7.5337     68.025     42.925  32.582132     6.2685      7.589   191.8268 5.5476e+01     2.8524     -0.031     -0.043    12.9571 0.0000e+00
     -0.018      0.017     7.4865     66.923     42.920  32.577257     6.2873      7.587   190.7655 5.4547e+01     2.8462     -0.017     -0.025    12.9553 0.0000e+00
     -0.011     -0.007     7.3998     65.864     42.985  32.625603     6.2803      7.585   190.8711 5.8556e+01     2.8884     -0.003     -0.005    12.9534 0.0000e+00
     -0.022     -0.025     7.2910     64.900     43.197  32.786258     6.2578      7.582   191.2971 6.7843e+01     2.9188     -0.016     -0.022    12.9515 0.0000e+00
     -0.046     -0.035     7.1762     64.082     43.309  32.871242     6.2153      7.578   191.8718 7.3444e+01     2.9068     -0.048     -0.070    12.9488 0.0000e+00
     -0.066     -0.037     7.0567     63.428     43.170  32.765490     6.1825      7.576   192.3997 7.3126e+01     2.8449     -0.070     -0.102    12.9471 0.0000e+00
     -0.075     -0.032     6.9443     62.914     43.016  32.648876     6.1866      7.575   192.7749 7.3807e+01     2.8195     -0.075     -0.109    12.9466 0.0000e+00
     -0.077     -0.021     6.8397     62.486     42.954  32.602540     6.2485      7.573   192.8806 7.3569e+01     2.8739     -0.075     -0.109    12.9465 0.0000e+00
     -0.077     -0.010     6.7530     62.119     42.931  32.585655     6.3309      7.572   192.6454 7.3271e+01     2.8870     -0.075     -0.109    12.9464 0.0000e+00
     -0.077     -0.003     6.6850     61.806     42.911  32.571534     6.3674      7.573   192.0828 7.4298e+01     2.8420     -0.076     -0.110    12.9457 0.0000e+00
     -0.077      0.000     6.6335     61.515     42.894  32.558608     6.3657      7.573   191.6699 7.4310e+01     2.8079     -0.075     -0.109    12.9462 0.0000e+00
     -0.077      0.002     6.5892     61.248     42.891  32.556177     6.3429      7.572   191.8699 7.4045e+01     2.8156     -0.076     -0.110    12.9476 0.0000e+00
     -0.077      0.004     6.5489     61.002     42.872  32.542134     6.3160      7.569   192.3494 7.3976e+01     2.8672     -0.075     -0.109    12.9480 0.0000e+00
     -0.076      0.004     6.5196     60.734     42.837  32.515619     6.2991      7.566   192.6495 7.3801e+01     2.8851     -0.075     -0.108    12.9485 0.0000e+00
     -0.073      0.005     6.4873     60.446     42.802  32.489199     6.2876      7.564   192.7450 7.3717e+01     2.8267     -0.072     -0.104    12.9490 0.0000e+00
     -0.071      0.005     6.4584     60.172     42.785  32.476300     6.2861      7.562   192.5577 7.3512e+01     2.7765     -0.069     -0.101    12.9495 0.0000e+00
     -0.070      0.004     6.4358     59.952     42.800  32.486466     6.3057      7.562   192.1060 7.3382e+01     2.8241     -0.069     -0.100    12.9499 0.0000e+00
     -0.070      0.003     6.4066     59.833     42.799  32.485314     6.3421      7.564   191.8437 7.3384e+01     2.8551     -0.068     -0.099    12.9501 0.0000e+00
     -0.070      0.001     6.3748     59.821     42.769  32.462363     6.3599      7.565   191.8816 7.3284e+01     2.7768     -0.068     -0.099    12.9498 0.0000e+00
     -0.069      0.001     6.3451     59.892     42.769  32.462580     6.3619      7.567   191.9619 7.3293e+01     2.7311     -0.068     -0.098    12.9493 0.0000e+00
     -0.069      0.000     6.3193     60.055     42.802  32.487940     6.4087      7.570   191.8675 7.3268e+01     2.8150     -0.068     -0.099    12.9487 0.0000e+00
     -0.069 4.2857e-07     6.3063     60.290     42.838  32.515379     6.4925      7.572   191.5135 7.3062e+01     2.9370     -0.068     -0.099    12.9483 0.0000e+00
     -0.069      0.000     6.3078     60.536     42.871  32.540729     6.5343      7.575   191.0380 7.2966e+01     2.9765     -0.068     -0.099    12.9482 0.0000e+00
     -0.069      0.000     6.3132     60.756     42.871  32.540843     6.5317      7.578   190.6787 7.2940e+01     2.9516     -0.068     -0.099    12.9483 0.0000e+00
     -0.069      0.001     6.3312     60.926     42.840  32.516750     6.5111      7.580   190.5245 7.2893e+01     2.9087     -0.068     -0.099    12.9486 0.0000e+00
     -0.069      0.001     6.3594     61.030     42.822  32.503032     6.4850      7.580   190.4640 7.2825e+01     2.8675     -0.068     -0.098    12.9487 0.0000e+00
     -0.069      0.001     6.3860     61.058     42.820  32.501786     6.4740      7.580   190.4644 7.2689e+01     2.8631     -0.067     -0.098    12.9487 0.0000e+00
     -0.069      0.001     6.4100     61.005     42.819  32.501682     6.4778      7.580   190.6148 7.2543e+01     2.8898     -0.067     -0.098    12.9488 0.0000e+00
     -0.069      0.000     6.4289     60.881     42.819  32.501775     6.4982      7.581   190.7341 7.2450e+01     2.8831     -0.067     -0.097    12.9488 0.0000e+00
     -0.069 1.8626e-08     6.4397     60.714     42.820  32.502919     6.5197      7.581   190.7026 7.2465e+01     2.8516     -0.067     -0.098    12.9488 0.0000e+00
     -0.068 2.0489e-07     6.4433     60.535     42.836  32.515504     6.5300      7.582   190.8364 7.2547e+01     2.8499     -0.067     -0.097    12.9488 0.0000e+00
     -0.068 2.0489e-07     6.4374     60.383     42.851  32.527135     6.5395      7.582   191.1473 7.2613e+01     2.8276     -0.067     -0.097    12.9490 0.0000e+00
     -0.068 1.8626e-08     6.4226     60.243     42.837  32.516751     6.5762      7.582   191.5362 7.2688e+01     2.7876     -0.067     -0.097    12.9496 0.0000e+00
     -0.068 1.6933e-09     6.4048     60.079     42.837  32.516751     6.6411      7.581   192.1831 7.2742e+01     2.7756     -0.067     -0.097    12.9500 0.0000e+00
     -0.068 1.5394e-10     6.3826     59.932     42.851  32.527135     6.6828      7.581   192.7737 7.2767e+01     2.7861     -0.067     -0.097    12.9503 0.0000e+00
     -0.068 1.3994e-11     6.3679     59.856     42.836  32.515504     6.6981      7.581   192.9127 7.2842e+01     2.8117     -0.067     -0.097    12.9505 0.0000e+00
     -0.068 1.2722e-12     6.3555     59.753     42.819  32.502919     6.7021      7.581   192.9175 7.2867e+01     2.8117     -0.067     -0.097    12.9504 0.0000e+00
     -0.068 1.1565e-13     6.3374     59.570     42.818  32.501775     6.6971      7.582   192.8307 7.2816e+01     2.7855     -0.066     -0.096    12.9505 0.0000e+00
     -0.068 1.0514e-14     6.3155     59.427     42.818  32.501671     6.7043      7.583   192.5518 7.2866e+01     2.8026     -0.066     -0.096    12.9505 0.0000e+00
     -0.068 9.5585e-16     6.3141     59.347     42.817  32.501671     6.7134      7.583   192.7289 7.2980e+01     2.8482     -0.066     -0.096    12.9504 0.0000e+00
     -0.068 8.6919e-17     6.3096     59.266     42.817  32.501774     6.7078      7.583   193.2518 7.3005e+01     2.8583     -0.067     -0.097    12.9502 0.0000e+00
     -0.068 8.1590e-18     6.2781     59.161     42.819  32.502918     6.6701      7.584   193.2805 7.3021e+01     2.8228     -0.066     -0.096    12.9501 0.0000e+00
     -0.068 3.5726e-18     6.2654     59.053     42.835  32.515503     6.6075      7.586   192.9037 7.3133e+01     2.7591     -0.066     -0.095    12.9505 0.0000e+00
     -0.068 3.1465e-17     6.2600     58.965     42.850  32.527136     6.5820      7.590   192.4817 7.3168e+01     2.7379     -0.067     -0.097    12.9508 0.0000e+00
     -0.068 3.4540e-16     6.2523     58.890     42.836  32.516761     6.5955      7.592   192.2226 7.3088e+01     2.7712     -0.066     -0.096    12.9511 0.0000e+00
     -0.068 3.7993e-15     6.2398     58.814     42.835  32.516867     6.6293      7.593   192.3523 7.3062e+01     2.7517     -0.066     -0.096    12.9513 0.0000e+00
     -0.067 4.1793e-14     6.2269     58.714     42.850  32.528425     6.6752      7.594   192.7592 7.3036e+01     2.6389     -0.066     -0.096    12.9515 0.0000e+00
     -0.067 4.5972e-13     6.2189     58.588     42.851  32.529697     6.6925      7.595   193.2698 7.3030e+01     2.5343     -0.066     -0.096    12.9518 0.0000e+00
     -0.067 5.0569e-12     6.2105     58.439     42.854  32.532244     6.6966      7.595   193.7088 7.3092e+01     2.5467     -0.066     -0.096    12.9523 0.0000e+00
     -0.067 5.5626e-11     6.2044     58.286     42.888  32.559225     6.7493      7.595   193.9364 7.3107e+01     2.6515     -0.066     -0.095    12.9527 0.0000e+00
     -0.068 6.1188e-10     6.1929     58.131     42.942  32.602314     6.8312      7.596   194.0437 7.3101e+01     2.7429     -0.066     -0.096    12.9533 0.0000e+00
     -0.068 6.7307e-09     6.1801     57.957     42.865  32.546009     6.8630      7.596   193.9735 7.3092e+01     2.7637     -0.066     -0.096    12.9538 0.0000e+00
     -0.067 7.4038e-08     6.1631     57.757     42.652  32.385670     6.8507      7.596   193.8614 7.3068e+01     2.7661     -0.066     -0.095    12.9541 0.0000e+00
     -0.067 1.4197e-07     6.1465     57.530     42.477  32.248731     6.7819      7.596   193.9788 7.3058e+01     2.8067     -0.065     -0.095    12.9547 0.0000e+00
     -0.067 1.5565e-07     6.1318     57.436     42.367  32.158322     6.6644      7.597   194.1031 7.3120e+01     2.8447     -0.066     -0.096    12.9568 0.0000e+00
     -0.067 9.1195e-07     6.1112     57.742     42.320  32.116757     6.5946      7.597   194.1598 7.3278e+01     2.8491     -0.066     -0.096    12.9605 0.0000e+00
     -0.067      0.000     6.0930     58.532     42.338  32.126576     6.5783      7.598   194.3203 7.3388e+01     2.8257     -0.066     -0.096    12.9635 0.0000e+00
     -0.067      0.000     6.0643     59.760     42.373  32.150231     6.5759      7.599   193.6345 7.3469e+01     2.8008     -0.066     -0.096    12.9594 0.0000e+00
     -0.067      0.001     6.0394     61.279     42.375  32.149162     6.5564      7.601   192.3210 7.3605e+01     2.8215     -0.066     -0.096    12.9489 0.0000e+00
     -0.067      0.003     6.0737     62.844     42.331  32.113643     6.5184      7.602   192.1188 7.3730e+01     2.8716     -0.066     -0.096    12.9410 0.0000e+00
     -0.067      0.006     6.1587     64.293     42.316  32.101180     6.4912      7.601   192.3085 7.3894e+01     2.8601     -0.066     -0.096    12.9370 0.0000e+00
     -0.066      0.009     6.2923     65.533     42.349  32.125283     6.4770      7.599   192.2917 7.4119e+01     2.7843     -0.066     -0.096    12.9341 0.0000e+00
     -0.063      0.011     6.4664     66.468     42.385  32.151463     6.4883      7.597   192.4312 7.4307e+01     2.7743     -0.063     -0.091    12.9309 0.0000e+00
     -0.058      0.015     6.6362     67.082     42.403  32.164115     6.5283      7.595   192.6191 7.4153e+01     2.8419     -0.056     -0.081    12.9281 0.0000e+00
     -0.053      0.020     6.7917     67.434     42.388  32.151453     6.5515      7.593   193.1862 7.0648e+01     2.8853     -0.052     -0.075    12.9267 0.0000e+00
     -0.049      0.026     6.9278     67.570     42.354  32.125160     6.5443      7.587   193.8683 6.3400e+01     2.8546     -0.048     -0.070    12.9258 0.0000e+00
     -0.046      0.031     7.0274     67.567     42.321  32.099810     6.5753      7.581   194.4987 5.2430e+01     2.8122     -0.045     -0.066    12.9246 0.0000e+00
     -0.038      0.032     7.0883     67.517     42.320  32.098563     6.6592      7.576   195.3025 4.4260e+01     2.8170     -0.042     -0.061    12.9233 0.0000e+00
     -0.022      0.031     7.1252     67.438     42.335  32.110081     6.7094      7.572   195.9294 4.8702e+01     2.8104     -0.021     -0.031    12.9223 0.0000e+00
     -0.007      0.029     7.1372     67.320     42.337  32.112271     6.6996      7.572   195.1091 5.5399e+01     2.8008     -0.001     -0.003    12.9218 0.0000e+00
     -0.001      0.025     7.1311     67.206     42.353  32.125035     6.6243      7.576   193.2138 5.6684e+01     2.8032     -0.000     -0.001    12.9215 0.0000e+00
     -0.000      0.021     7.1268     67.118     42.368  32.137610     6.4986      7.580   192.6299 5.6434e+01     2.8046     -0.001     -0.002    12.9210 0.0000e+00
      0.000      0.020     7.1201     67.035     42.368  32.137517     6.4287      7.582   193.4703 5.5604e+01     2.8178     -0.000      0.000    12.9208 0.0000e+00
      0.001      0.020     7.1042     66.976     42.351  32.123902     6.4285      7.581   194.4271 5.3457e+01     2.7926      0.000     -0.000    12.9216 0.0000e+00
      0.006      0.023     7.0906     66.956     42.320  32.099798     6.4704      7.577   194.9061 5.0352e+01     2.7728      0.004      0.004    12.9226 0.0000e+00
      0.017      0.025     7.0843     66.954     42.321  32.099685     6.5362      7.574   195.0459 4.9544e+01     2.7833      0.015      0.022    12.9234 0.0000e+00
      0.028      0.025     7.0736     66.974     42.351  32.122530     6.5658      7.576   195.1709 5.0564e+01     2.7834      0.030      0.044    12.9236 0.0000e+00
      0.036      0.025     7.0659     67.009     42.351  32.122417     6.5783      7.578   194.9541 5.0704e+01     2.8088      0.037      0.054    12.9229 0.0000e+00
      0.039      0.024     7.0670     67.024     42.320  32.098313     6.5966      7.575   195.0067 4.9725e+01     2.8159      0.038      0.056    12.9219 0.0000e+00
      0.040      0.023     7.0650     67.012     42.303  32.084698     6.5952      7.570   195.8927 4.8755e+01     2.8007      0.038      0.056    12.9214 0.0000e+00
      0.043      0.022     7.0674     66.991     42.303  32.084605     6.5876      7.565   196.8903 4.7349e+01     2.7967      0.040      0.058    12.9212 0.0000e+00
      0.053      0.021     7.0734     66.954     42.319  32.097181     6.5880      7.561   197.9482 4.6244e+01     2.8013      0.050      0.073    12.9210 0.0000e+00
      0.064      0.020     7.0753     66.909     42.336  32.109955     6.5823      7.559   198.8755 4.6591e+01     2.8219      0.065      0.094    12.9205 0.0000e+00
      0.070      0.018     7.0725     66.894     42.339  32.112250     6.5107      7.559   199.0679 4.6451e+01     2.8074      0.070      0.101    12.9199 0.0000e+00
      0.072      0.013     7.0712     66.890     42.354  32.124930     6.3801      7.562   198.9846 4.6069e+01     2.7623      0.070      0.102    12.9195 0.0000e+00
      0.072      0.008     7.0680     66.874     42.368  32.136466     6.3093      7.566   198.2977 4.7141e+01     2.7550      0.071      0.103    12.9196 0.0000e+00
      0.072      0.005     7.0594     66.851     42.352  32.124930     6.3047      7.571   197.2160 4.8044e+01     2.7874      0.071      0.103    12.9200 0.0000e+00
