Data/DataNotYetUploadedToEDI/Raw_CTD/RawDownloads/110122_fcr50_S8188001.cnv
* Sea-Bird SBE19plus  Data File:
* FileName = C:\R\Reservoirs\Data\DataNotYetUploadedToEDI\Raw_CTD\RawDownloads\110122_fcr50_S8188_0001.hex
* Software version 2.8.0.119
* Temperature SN = 8188
* Conductivity SN = 8188
* System UpLoad Time = Nov 18 2022 12:44:02
* <ApplicationData>
* <Seaterm232>
# nquan = 16
# nvalues = 1929                        
# units = specified
# name 0 = depFM: Depth [fresh water, m]
# name 1 = dz/dtM: Descent Rate [m/s]
# name 2 = sbeox0Mg/L: Oxygen, SBE 43 [mg/l]
# name 3 = sbeox0PS: Oxygen, SBE 43 [% saturation]
# name 4 = specc: Specific Conductance [uS/cm]
# name 5 = c0uS/cm: Conductivity [uS/cm]
# name 6 = wetCDOM: Fluorescence, WET Labs CDOM [mg/m^3]
# name 7 = flECO-AFL: Fluorescence, WET Labs ECO-AFL/FL [mg/m^3]
# name 8 = flECO-AFL1: Fluorescence, WET Labs ECO-AFL/FL, 2 [mg/m^3]
# name 9 = flECO-AFL2: Fluorescence, WET Labs ECO-AFL/FL, 3 [mg/m^3]
# name 10 = par/sat/log: PAR/Logarithmic, Satlantic
# name 11 = turbWETntu0: Turbidity, WET Labs ECO [NTU]
# name 12 = prdM: Pressure, Strain Gauge [db]
# name 13 = prdE: Pressure, Strain Gauge [psi]
# name 14 = tv290C: Temperature [ITS-90, deg C]
# name 15 = flag:  0.000e+00
# span 0 =     -0.634,      9.600       
# span 1 =     -0.167,      0.151       
# span 2 =     4.5622,    13.4997       
# span 3 =     43.510,    127.260       
# span 4 =      9.087,     26.604       
# span 5 =   6.894754,  20.182225       
# span 6 =    -4.5000,    11.7000       
# span 7 =    -2.6065,   245.1885       
# span 8 =    -2.1300,     2.5560       
# span 9 =    -2.8341,     4.9914       
# span 10 = 1.1595e-01, 1.7006e+03      
# span 11 =    -0.4234,   127.3177      
# span 12 =     -0.621,      9.414      
# span 13 =     -0.901,     13.654      
# span 14 =    12.6341,    14.1360      
# span 15 = 0.0000e+00, 0.0000e+00      
# interval = seconds: 0.25
# start_time = Nov 01 2022 06:34:25 [Instrument's time stamp, header]
# bad_flag = -9.990e-29
*END*
[from data line 272]
      1.206      0.033     5.0364     48.627     11.274   8.777057     4.2300     5.2099     0.0852     1.0998 4.8699e+01     2.5977      1.183      1.715    13.9277 0.0000e+00
      1.215      0.034     5.0315     48.589     11.265   8.769643     4.2300     5.1870     0.0852     1.0998 4.7818e+01     2.5676      1.192      1.728    13.9261 0.0000e+00
      1.224      0.035     5.0273     48.551     11.256   8.762419     4.2300     5.1946     0.0852     1.0998 4.6497e+01     2.5526      1.200      1.740    13.9246 0.0000e+00
      1.232      0.036     5.0236     48.511     11.255   8.761370     4.2300     5.1908     0.0852     1.0998 4.8699e+01     2.6428      1.208      1.753    13.9231 0.0000e+00
      1.241      0.037     5.0199     48.470     11.262   8.766217     4.2300     5.2519     0.0852     1.0152 4.7943e+01     2.5977      1.217      1.765    13.9216 0.0000e+00
      1.250      0.038     5.0161     48.431     11.268   8.770341     4.2300     5.2519     0.0852     1.0152 4.6295e+01     2.5826      1.227      1.779    13.9202 0.0000e+00
      1.261      0.038     5.0124     48.394     11.264   8.766929     4.2300     5.2595     0.0852     1.0152 4.5785e+01     2.5977      1.236      1.793    13.9187 0.0000e+00
      1.271      0.037     5.0084     48.362     11.249   8.755072     4.2300     5.2519     0.0852     1.0152 4.2672e+01     2.6127      1.247      1.808    13.9172 0.0000e+00
      1.281      0.035     5.0043     48.332     11.235   8.743476     4.2300     5.5799     0.0852     0.9729 4.1973e+01     2.5075      1.256      1.822    13.9157 0.0000e+00
      1.290      0.032     5.0004     48.305     11.227   8.736959     4.2300     5.5570     0.0852     0.9729 4.2635e+01     2.4925      1.265      1.835    13.9142 0.0000e+00
      1.298      0.030     4.9968     48.281     11.223   8.733785     4.2300     5.5685     0.0852     0.9729 4.4452e+01     2.5676      1.273      1.846    13.9128 0.0000e+00
      1.305      0.027     4.9936     48.255     11.223   8.733107     4.2300     5.5799     0.0852     0.9729 4.5270e+01     2.7029      1.280      1.856    13.9113 0.0000e+00
      1.311      0.025     4.9907     48.222     11.220   8.730787     4.2300     5.3358     0.0852     0.9306 4.3819e+01     2.5826      1.286      1.864    13.9097 0.0000e+00
      1.316      0.023     4.9881     48.181     11.209   8.722253     4.2300     5.3434     0.0852     0.9306 4.3185e+01     2.4925      1.291      1.872    13.9081 0.0000e+00
      1.322      0.023     4.9858     48.135     11.198   8.713139     4.2300     5.3167     0.0852     0.9306 4.2858e+01     2.6428      1.296      1.880    13.9065 0.0000e+00
      1.327      0.023     4.9833     48.087     11.199   8.712882     4.2300     5.3167     0.0852     0.9306 4.3354e+01     2.5676      1.302      1.888    13.9049 0.0000e+00
      1.333      0.024     4.9801     48.040     11.210   8.721415     4.2300     5.6257     0.0852     0.9306 4.3364e+01     2.6277      1.307      1.896    13.9033 0.0000e+00
      1.339      0.024     4.9761     47.998     11.226   8.733100     4.2300     5.6028     0.0852     0.9729 4.3176e+01     2.4925      1.313      1.905    13.9016 0.0000e+00
      1.346      0.025     4.9715     47.967     11.234   8.739187     4.2300     5.6257     0.0852     0.9729 4.2395e+01     2.5676      1.320      1.914    13.9000 0.0000e+00
      1.352      0.027     4.9667     47.950     11.227   8.733386     4.2300     5.6219     0.0852     0.9729 4.2441e+01     2.5526      1.326      1.923    13.8983 0.0000e+00
      1.359      0.028     4.9620     47.943     11.214   8.722063     4.2300     5.7020     0.0852     0.9729 4.2294e+01     2.5526      1.333      1.933    13.8965 0.0000e+00
      1.366      0.030     4.9579     47.945     11.204   8.714065     4.2300     5.6791     0.0426     0.9306 4.1864e+01     2.6277      1.340      1.943    13.8946 0.0000e+00
      1.374      0.032     4.9550     47.952     11.201   8.711215     4.2300     5.6906     0.0426     0.9306 4.1909e+01     2.6879      1.347      1.954    13.8926 0.0000e+00
      1.382      0.033     4.9534     47.966     11.199   8.708798     4.2300     5.6906     0.0426     0.9306 4.0946e+01     2.5526      1.355      1.966    13.8904 0.0000e+00
      1.391      0.034     4.9529     47.992     11.196   8.706170     4.2300     5.6257     0.0426     0.9306 3.9018e+01     2.4774      1.365      1.979    13.8881 0.0000e+00
      1.401      0.034     4.9533     48.027     11.198   8.706585     4.2300     5.6028     0.0852     1.0152 3.8832e+01     2.5826      1.374      1.993    13.8856 0.0000e+00
      1.410      0.033     4.9544     48.064     11.203   8.710154     4.2300     5.6219     0.0852     1.0152 3.9307e+01     2.5526      1.383      2.006    13.8829 0.0000e+00
      1.418      0.032     4.9562     48.102     11.214   8.717829     4.2300     5.6333     0.0852     1.0152 3.8823e+01     2.5376      1.391      2.018    13.8801 0.0000e+00
      1.426      0.031     4.9591     48.140     11.222   8.723744     4.2300     5.5761     0.0852     1.0152 3.8420e+01     2.5075      1.399      2.029    13.8772 0.0000e+00
      1.434      0.030     4.9630     48.170     11.220   8.721566     4.2300     5.5532     0.0852     1.0152 3.7890e+01     2.5225      1.406      2.039    13.8743 0.0000e+00
      1.441      0.030     4.9672     48.186     11.212   8.714669     4.2300     5.5914     0.0852     1.0152 3.7595e+01     2.5075      1.414      2.050    13.8715 0.0000e+00
      1.449      0.030     4.9714     48.183     11.200   8.705169     4.2300     5.5532     0.0852     1.0152 3.7521e+01     2.5977      1.421      2.061    13.8687 0.0000e+00
      1.456      0.031     4.9756     48.152     11.192   8.698445     4.2300     5.6372     0.0852     1.0152 3.8171e+01     2.5225      1.428      2.071    13.8661 0.0000e+00
      1.464      0.032     4.9790     48.092     11.195   8.700616     4.2300     5.6372     0.0852     1.0152 3.7350e+01     2.6127      1.436      2.082    13.8637 0.0000e+00
      1.473      0.032     4.9809     48.007     11.201   8.704349     4.2300     5.6524     0.0426     0.9729 3.6192e+01     2.5526      1.444      2.094    13.8614 0.0000e+00
      1.482      0.033     4.9809     47.911     11.199   8.702727     4.2300     5.6524     0.0426     0.9729 3.5253e+01     2.5676      1.453      2.107    13.8593 0.0000e+00
      1.491      0.032     4.9780     47.825     11.195   8.699274     4.2300     6.0530     0.0426     0.9729 3.4510e+01     2.5075      1.462      2.120    13.8572 0.0000e+00
      1.499      0.032     4.9720     47.754     11.198   8.700981     4.2300     6.0720     0.0426     0.9729 3.5008e+01     2.6277      1.470      2.132    13.8551 0.0000e+00
      1.507      0.031     4.9634     47.703     11.203   8.704347     4.2300     6.0491     0.0426     0.9729 3.5207e+01     2.4624      1.478      2.143    13.8530 0.0000e+00
      1.514      0.030     4.9537     47.672     11.201   8.702359     4.2300     6.0720     0.0426     0.9729 3.5925e+01     2.5826      1.485      2.153    13.8508 0.0000e+00
      1.521      0.031     4.9450     47.652     11.197   8.698441     4.2300     5.9385     0.0426     0.9729 3.5676e+01     2.5676      1.492      2.163    13.8486 0.0000e+00
      1.529      0.031     4.9380     47.631     11.193   8.695505     4.2300     5.9347     0.0426     0.9729 3.5630e+01     2.5376      1.499      2.174    13.8463 0.0000e+00
      1.537      0.033     4.9329     47.607     11.191   8.692767     4.2300     5.9538     0.0426     1.0152 3.4751e+01     2.5676      1.507      2.185    13.8441 0.0000e+00
      1.545      0.034     4.9299     47.577     11.187   8.689499     4.2300     5.9614     0.0426     1.0152 3.4592e+01     2.6277      1.515      2.198    13.8420 0.0000e+00
      1.554      0.036     4.9280     47.544     11.187   8.688783     4.2300     5.6715     0.0426     1.0152 3.4204e+01     2.6277      1.524      2.211    13.8400 0.0000e+00
      1.564      0.036     4.9262     47.509     11.190   8.690430     4.2300     5.6867     0.0426     1.0152 3.2671e+01     2.5676      1.534      2.224    13.8379 0.0000e+00
      1.574      0.037     4.9238     47.474     11.191   8.690922     4.2300     5.7173     0.0426     0.9729 3.1651e+01     2.5526      1.543      2.238    13.8357 0.0000e+00
      1.584      0.037     4.9210     47.445     11.191   8.690390     4.2300     5.6944     0.0426     0.9729 3.1486e+01     2.5075      1.553      2.252    13.8336 0.0000e+00
      1.593      0.037     4.9178     47.435     11.190   8.688694     4.2300     5.6066     0.0426     0.9729 3.1651e+01     2.6277      1.562      2.265    13.8315 0.0000e+00
      1.602      0.038     4.9145     47.444     11.191   8.689335     4.2300     5.6105     0.0426     0.9729 3.1692e+01     2.5977      1.570      2.278    13.8293 0.0000e+00
      1.611      0.040     4.9110     47.465     11.196   8.692486     4.2300     5.6181     0.0426     0.9729 3.2038e+01     2.5977      1.579      2.291    13.8271 0.0000e+00
      1.621      0.043     4.9083     47.492     11.195   8.691074     4.3200     5.6105     0.0426     0.9306 3.1658e+01     2.5676      1.589      2.305    13.8247 0.0000e+00
      1.632      0.045     4.9075     47.527     11.188   8.684723     4.3200     5.6066     0.0426     0.9306 3.1720e+01     2.6277      1.600      2.321    13.8223 0.0000e+00
      1.644      0.048     4.9088     47.578     11.177   8.675696     4.3200     5.6257     0.0426     0.9306 3.0876e+01     2.6428      1.612      2.338    13.8199 0.0000e+00
      1.658      0.049     4.9112     47.646     11.170   8.669496     4.3200     5.5952     0.0426     0.9306 2.9448e+01     2.6127      1.626      2.357    13.8173 0.0000e+00
      1.671      0.049     4.9142     47.722     11.174   8.672382     4.3200     5.6448     0.0852     1.0152 2.8386e+01     2.5977      1.639      2.377    13.8146 0.0000e+00
      1.684      0.048     4.9182     47.805     11.177   8.673257     4.3200     5.7363     0.0852     1.0152 2.8300e+01     2.5676      1.652      2.395    13.8118 0.0000e+00
      1.696      0.046     4.9238     47.907     11.172   8.668398     4.3200     5.7707     0.0852     1.0152 2.8165e+01     2.5376      1.663      2.412    13.8088 0.0000e+00
      1.707      0.044     4.9311     48.038     11.173   8.668377     4.3200     5.7478     0.0852     1.0152 2.7559e+01     2.5225      1.674      2.428    13.8055 0.0000e+00
      1.718      0.041     4.9394     48.190     11.170   8.665276     4.2300     5.7516     0.0852     0.9729 2.7303e+01     2.6277      1.684      2.443    13.8018 0.0000e+00
      1.728      0.040     4.9485     48.353     11.157   8.654311     4.2300     5.6944     0.0852     0.9729 2.7226e+01     2.5977      1.694      2.457    13.7977 0.0000e+00
      1.737      0.039     4.9596     48.520     11.151   8.648383     4.2300     5.6791     0.0852     0.9729 2.7114e+01     2.6879      1.704      2.471    13.7933 0.0000e+00
      1.747      0.038     4.9736     48.686     11.149   8.645912     4.2300     5.6829     0.0852     0.9729 2.7073e+01     2.6879      1.713      2.484    13.7889 0.0000e+00
      1.756      0.037     4.9899     48.843     11.145   8.642281     4.2300     5.6867     0.0852     0.9729 2.6267e+01     2.4624      1.722      2.498    13.7845 0.0000e+00
      1.766      0.035     5.0072     48.983     11.144   8.640479     4.2300     6.1941     0.0852     0.9729 2.5708e+01     2.5225      1.732      2.512    13.7802 0.0000e+00
      1.775      0.034     5.0249     49.107     11.144   8.640025     4.2300     6.1827     0.0852     0.9729 2.5803e+01     2.6578      1.741      2.525    13.7761 0.0000e+00
      1.783      0.034     5.0426     49.209     11.146   8.640799     4.2300     6.1865     0.0852     0.9729 2.5608e+01     2.5526      1.749      2.537    13.7724 0.0000e+00
      1.791      0.034     5.0591     49.288     11.144   8.639050     4.2300     6.1750     0.0852     0.9729 2.5585e+01     2.5826      1.757      2.548    13.7690 0.0000e+00
      1.799      0.035     5.0740     49.347     11.139   8.634311     4.2300     5.9423     0.0852     0.9729 2.5691e+01     2.4925      1.765      2.559    13.7659 0.0000e+00
      1.808      0.038     5.0872     49.385     11.138   8.633232     4.2300     5.9500     0.0852     0.9729 2.5826e+01     2.6127      1.773      2.571    13.7630 0.0000e+00
      1.817      0.043     5.0981     49.405     11.142   8.635524     4.2300     5.9156     0.0852     0.9729 2.6006e+01     2.5826      1.782      2.584    13.7602 0.0000e+00
      1.828      0.049     5.1065     49.406     11.145   8.637844     4.2300     5.9385     0.0852     0.9729 2.5995e+01     2.5826      1.792      2.599    13.7576 0.0000e+00
      1.840      0.056     5.1129     49.385     11.150   8.640808     4.2300     6.1827     0.0852     1.0998 2.5730e+01     2.5826      1.805      2.617    13.7551 0.0000e+00
      1.856      0.064     5.1171     49.346     11.151   8.641252     4.2300     6.1941     0.0852     1.0998 2.4976e+01     2.6277      1.820      2.639    13.7527 0.0000e+00
      1.873      0.073     5.1194     49.301     11.144   8.635338     4.2300     6.1674     0.0852     1.0998 2.4212e+01     2.5676      1.837      2.664    13.7504 0.0000e+00
      1.893      0.081     5.1198     49.261     11.132   8.625445     4.2300     6.1941     0.0852     1.0998 2.4086e+01     2.5977      1.857      2.692    13.7483 0.0000e+00
      1.915      0.088     5.1179     49.229     11.122   8.616847     4.3200     5.5914     0.0426     0.9306 2.3635e+01     2.5526      1.878      2.724    13.7462 0.0000e+00
      1.939      0.092     5.1141     49.216     11.120   8.615162     4.3200     5.5609     0.0426     0.9306 2.2095e+01     2.5826      1.902      2.758    13.7439 0.0000e+00
      1.965      0.093     5.1097     49.238     11.128   8.619942     4.3200     5.5570     0.0426     0.9306 2.0357e+01     2.5225      1.927      2.795    13.7415 0.0000e+00
      1.991      0.091     5.1059     49.301     11.135   8.624548     4.3200     5.5570     0.0426     0.9306 1.9239e+01     2.5376      1.953      2.833    13.7388 0.0000e+00
      2.016      0.087     5.1029     49.404     11.138   8.626254     4.3200     5.9576     0.0852     0.9306 1.8928e+01     2.5526      1.976      2.867    13.7359 0.0000e+00
      2.037      0.081     5.1019     49.538     11.133   8.621559     4.3200     5.9233     0.0852     0.9306 1.9039e+01     2.5526      1.997      2.898    13.7327 0.0000e+00
      2.056      0.073     5.1045     49.689     11.123   8.613166     4.3200     5.9309     0.0852     0.9306 1.8626e+01     2.5225      2.016      2.925    13.7290 0.0000e+00
      2.073      0.065     5.1115     49.838     11.116   8.606748     4.3200     5.9423     0.0852     0.9306 1.8036e+01     2.5376      2.033      2.949    13.7251 0.0000e+00
      2.089      0.057     5.1226     49.976     11.109   8.600596     4.3200     6.5718     0.0852     0.9306 1.7637e+01     2.5526      2.049      2.971    13.7214 0.0000e+00
      2.102      0.050     5.1369     50.102     11.105   8.597022     4.2300     6.5641     0.0426     0.9306 1.7818e+01     2.6879      2.062      2.990    13.7179 0.0000e+00
      2.113      0.044     5.1530     50.214     11.104   8.595076     4.2300     6.5298     0.0426     0.9306 1.7725e+01     2.5225      2.073      3.006    13.7142 0.0000e+00
      2.123      0.039     5.1689     50.313     11.098   8.590281     4.2300     6.5527     0.0426     0.9306 1.7826e+01     2.6277      2.082      3.020    13.7103 0.0000e+00
      2.131      0.036     5.1836     50.396     11.093   8.585315     4.2300     6.1750     0.0426     0.9306 1.7795e+01     2.5977      2.091      3.032    13.7067 0.0000e+00
