Data/DataNotYetUploadedToEDI/Raw_CTD/RawDownloads/110220_fcr50_0007.cnv
* Sea-Bird SBE19plus  Data File:
* FileName = C:\DATA\110220_fcr50_0007.hex
* Software version 2.8.0.119
* Temperature SN = 7809
* Conductivity SN = 7809
* System UpLoad Time = Nov 02 2020 14:53:01
* <ApplicationData>
* <Seaterm232>
# nquan = 16
# nvalues = 3390                        
# units = specified
# name 0 = depFM: Depth [fresh water, m]
# name 1 = dz/dtM: Descent Rate [m/s]
# name 2 = orp: Oxidation Reduction Potential [mV]
# name 3 = sbeox0Mg/L: Oxygen, SBE 43 [mg/l]
# name 4 = sbeox0PS: Oxygen, SBE 43 [% saturation]
# name 5 = par/sat/log: PAR/Logarithmic, Satlantic
# name 6 = ph: pH
# name 7 = specc: Specific Conductance [uS/cm]
# name 8 = c0uS/cm: Conductivity [uS/cm]
# name 9 = flECO-AFL: Fluorescence, WET Labs ECO-AFL/FL [mg/m^3]
# name 10 = turbWETntu0: Turbidity, WET Labs ECO [NTU]
# name 11 = tv290C: Temperature [ITS-90, deg C]
# name 12 = density00: Density [density, kg/m^3]
# name 13 = prdE: Pressure, Strain Gauge [psi]
# name 14 = prdM: Pressure, Strain Gauge [db]
# name 15 = flag:  0.000e+00
# span 0 =     -0.617,      9.731       
# span 1 =     -1.758,      3.857       
# span 2 = -1240.7455,  1234.9354       
# span 3 =     1.4844,    10.1709       
# span 4 =     15.256,     96.392       
# span 5 = 1.2353e-01, 1.9832e+03       
# span 6 =      8.506,     16.478       
# span 7 =      1.336,    147.865       
# span 8 =   0.985416, 112.556516       
# span 9 =    -2.5984,   259.6675       
# span 10 =    -5.9817,    87.7026      
# span 11 =    11.8308,    13.0889      
# span 12 =   999.3706,   999.5220      
# span 13 =     -0.879,     13.842      
# span 14 =     -0.606,      9.544      
# span 15 = 0.0000e+00, 0.0000e+00      
# interval = seconds: 0.25
# start_time = Nov 01 2020 21:13:10 [Instrument's time stamp, header]
# bad_flag = -9.990e-29
*END*
[from data line 362]
      1.823      0.049   298.9557     4.9221     46.946 7.2929e+00     15.797     46.535  35.433716     3.6332    12.1778    13.0689   999.3977      2.587      1.784 0.0000e+00
      1.840      0.053   298.9756     4.9139     46.844 6.9968e+00     15.798     46.518  35.420333     3.6604    12.2497    13.0689   999.3978      2.618      1.804 0.0000e+00
      1.857      0.056   299.2572     4.9287     46.776 6.7849e+00     15.798     46.477  35.388863     3.7564    12.3733    13.0690   999.3979      2.647      1.824 0.0000e+00
      1.871      0.060   299.6072     4.9492     46.768 6.5849e+00     15.798     46.453  35.370502     3.9074    12.4713    13.0689   999.3980      2.659      1.834 0.0000e+00
      1.886      0.060   300.2831     4.9408     46.782 6.3339e+00     15.798     46.477  35.388706     3.9793    12.5082    13.0686   999.3980      2.680      1.848 0.0000e+00
      1.902      0.058   300.4598     4.9257     46.800 6.1306e+00     15.798     46.517  35.418590     3.9863    12.5105    13.0684   999.3982      2.709      1.868 0.0000e+00
      1.917      0.053   299.7651     4.9171     46.802 5.9696e+00     15.799     46.513  35.414537     4.0483    12.4987    13.0682   999.3982      2.727      1.881 0.0000e+00
      1.932      0.046   299.1966     4.9204     46.810 5.7990e+00     15.799     46.498  35.403156     4.1666    12.5034    13.0679   999.3983      2.746      1.893 0.0000e+00
      1.946      0.037   298.9210     4.9199     46.866 5.6736e+00     15.799     46.504  35.407895     4.2252    12.5327    13.0676   999.3985      2.772      1.911 0.0000e+00
      1.955      0.028   298.8415     4.9244     46.921 5.6267e+00     15.799     46.504  35.408377     4.2041    12.5444    13.0673   999.3986      2.784      1.919 0.0000e+00
      1.958      0.021   299.2680     4.9242     46.927 5.6133e+00     15.799     46.505  35.408988     4.0731    12.5410    13.0670   999.3986      2.785      1.920 0.0000e+00
      1.958      0.017   299.2596     4.9201     46.895 5.5993e+00     15.799     46.513  35.415284     3.8516    12.5602    13.0668   999.3986      2.785      1.920 0.0000e+00
      1.959      0.016   298.5673     4.9311     46.885 5.5635e+00     15.799     46.520  35.421041     3.7387    12.5707    13.0667   999.3987      2.787      1.921 0.0000e+00
      1.963      0.017   298.2104     4.9380     46.942 5.4940e+00     15.799     46.513  35.415132     3.7291    12.5655    13.0668   999.3986      2.790      1.923 0.0000e+00
      1.969      0.018   298.1287     4.9387     47.025 5.3823e+00     15.799     46.503  35.407293     3.7263    12.6341    13.0669   999.3987      2.799      1.930 0.0000e+00
      1.978      0.020   298.2672     4.9323     47.060 5.2645e+00     15.799     46.479  35.389730     3.8002    12.7821    13.0672   999.3987      2.815      1.941 0.0000e+00
      1.984      0.023   298.6804     4.9284     47.041 5.2023e+00     15.799     46.484  35.393148     3.9355    12.8442    13.0672   999.3987      2.824      1.947 0.0000e+00
      1.987      0.027   298.9090     4.9368     46.994 5.1714e+00     15.799     46.557  35.448616     3.9991    12.8012    13.0670   999.3987      2.825      1.948 0.0000e+00
      1.990      0.032   298.7087     4.9496     46.932 5.1340e+00     15.800     46.610  35.489269     3.9970    12.7778    13.0671   999.3987      2.829      1.951 0.0000e+00
      1.998      0.037   298.4949     4.9530     46.899 5.0422e+00     15.800     46.630  35.503935     4.0330    12.7325    13.0670   999.3988      2.838      1.957 0.0000e+00
      2.010      0.044   298.3891     4.9484     46.872 4.8777e+00     15.800     46.706  35.562477     4.1200    12.6317    13.0669   999.3988      2.858      1.971 0.0000e+00
      2.024      0.051   298.2039     4.9460     46.829 4.7285e+00     15.800     46.789  35.625970     4.1807    12.5538    13.0671   999.3989      2.882      1.988 0.0000e+00
      2.038      0.053   298.6640     4.9343     46.823 4.5774e+00     15.800     46.803  35.637038     4.1951    12.5471    13.0669   999.3990      2.896      1.997 0.0000e+00
      2.054      0.050   299.3930     4.9329     46.821 4.3750e+00     15.800     46.797  35.632848     4.1513    12.5162    13.0668   999.3991      2.919      2.012 0.0000e+00
      2.072      0.043   299.4472     4.9341     46.779 4.2263e+00     15.800     46.805  35.638768     4.0517    12.4202    13.0673   999.3992      2.953      2.036 0.0000e+00
      2.084      0.037   298.9742     4.9219     46.742 4.1801e+00     15.800     46.813  35.645153     3.9922    12.3466    13.0680   999.3992      2.969      2.047 0.0000e+00
      2.089      0.033   298.3208     4.9258     46.740 4.1720e+00     15.799     46.815  35.646590     3.9852    12.3138    13.0686   999.3991      2.971      2.048 0.0000e+00
      2.089      0.036   298.0855     4.9279     46.748 4.1660e+00     15.799     46.828  35.656140     3.9289    12.2987    13.0687   999.3991      2.971      2.048 0.0000e+00
      2.092      0.046   298.8822     4.9204     46.757 4.1257e+00     15.800     46.799  35.633709     3.8077    12.2664    13.0685   999.3991      2.974      2.051 0.0000e+00
      2.101      0.061   299.9521     4.9146     46.733 4.0034e+00     15.800     46.710  35.565751     3.7303    12.2323    13.0685   999.3992      2.984      2.058 0.0000e+00
      2.117      0.075   300.0944     4.9172     46.647 3.7896e+00     15.800     46.668  35.532501     3.7363    12.2642    13.0682   999.3992      3.005      2.072 0.0000e+00
      2.147      0.084   299.8289     4.9176     46.596 3.5126e+00     15.801     46.691  35.548983     3.9190    12.3085    13.0680   999.3994      3.048      2.102 0.0000e+00
      2.183      0.087   299.4945     4.9181     46.616 3.2832e+00     15.801     46.725  35.574657     4.2323    12.2534    13.0683   999.3996      3.111      2.144 0.0000e+00
      2.211      0.083   299.0621     4.9222     46.660 3.1763e+00     15.801     46.744  35.589087     4.3870    12.2163    13.0680   999.3997      3.154      2.175 0.0000e+00
      2.227      0.075   299.4195     4.9036     46.727 3.0988e+00     15.800     46.753  35.596547     4.3965    12.2718    13.0667   999.4000      3.168      2.185 0.0000e+00
      2.238      0.064   300.2890     4.8981     46.784 2.9925e+00     15.800     46.758  35.601392     4.4048    12.3746    13.0654   999.4002      3.184      2.195 0.0000e+00
      2.250      0.054   300.6266     4.9052     46.816 2.9034e+00     15.800     46.734  35.584203     4.4109    12.4978    13.0646   999.4003      3.202      2.208 0.0000e+00
      2.263      0.048   300.5759     4.9060     46.836 2.8266e+00     15.800     46.727  35.579096     4.4126    12.5254    13.0647   999.4004      3.217      2.218 0.0000e+00
      2.277      0.046   300.3639     4.9168     46.831 2.7506e+00     15.800     46.758  35.603096     4.4164    12.5029    13.0656   999.4003      3.238      2.232 0.0000e+00
      2.291      0.043   299.9564     4.9229     46.796 2.6901e+00     15.800     46.780  35.620562     4.4185    12.5008    13.0666   999.4003      3.260      2.247 0.0000e+00
      2.301      0.040   299.8654     4.9243     46.761 2.6309e+00     15.801     46.753  35.599894     4.3616    12.4995    13.0680   999.4001      3.273      2.257 0.0000e+00
      2.310      0.038   300.1236     4.9278     46.731 2.5798e+00     15.801     46.679  35.543576     4.2527    12.5217    13.0688   999.4000      3.286      2.265 0.0000e+00
      2.317      0.036   300.1537     4.9282     46.716 2.5412e+00     15.801     46.635  35.510761     4.1985    12.5287    13.0691   999.4001      3.297      2.273 0.0000e+00
      2.323      0.034   300.2294     4.9215     46.722 2.4877e+00     15.801     46.648  35.520416     4.1930    12.4819    13.0693   999.4001      3.302      2.277 0.0000e+00
      2.333      0.033   300.6083     4.9188     46.692 2.4277e+00     15.801     46.665  35.533400     4.1577    12.3675    13.0695   999.4001      3.316      2.286 0.0000e+00
      2.344      0.033   300.3472     4.9160     46.646 2.3910e+00     15.802     46.675  35.540832     4.0952    12.2096    13.0696   999.4001      3.339      2.303 0.0000e+00
      2.352      0.032   299.6534     4.9110     46.659 2.3652e+00     15.802     46.683  35.546820     4.0673    12.1178    13.0695   999.4001      3.348      2.308 0.0000e+00
      2.358      0.030   299.5329     4.9177     46.725 2.3175e+00     15.801     46.678  35.542338     4.0687    12.0814    13.0694   999.4002      3.351      2.310 0.0000e+00
      2.367      0.027   299.5785     4.9133     46.795 2.2679e+00     15.801     46.688  35.550106     3.9975    11.9757    13.0692   999.4003      3.368      2.322 0.0000e+00
      2.376      0.025   299.7743     4.9025     46.821 2.2334e+00     15.801     46.723  35.577280     3.8742    11.8349    13.0691   999.4003      3.383      2.333 0.0000e+00
      2.381      0.025   300.0940     4.9064     46.816 2.2055e+00     15.802     46.775  35.617050     3.8182    11.7874    13.0692   999.4003      3.387      2.335 0.0000e+00
      2.384      0.027   299.5724     4.9146     46.821 2.2025e+00     15.802     46.819  35.650210     3.8155    11.8128    13.0692   999.4003      3.391      2.338 0.0000e+00
      2.388      0.028   298.6297     4.9247     46.840 2.1961e+00     15.802     46.833  35.660928     3.8801    11.9018    13.0693   999.4003      3.393      2.340 0.0000e+00
      2.396      0.029   298.5036     4.9273     46.865 2.1425e+00     15.802     46.862  35.683174     4.0173    12.0736    13.0691   999.4004      3.404      2.347 0.0000e+00
      2.409      0.032   298.9091     4.9228     46.848 2.0791e+00     15.801     46.922  35.728811     4.1010    12.2081    13.0692   999.4005      3.430      2.364 0.0000e+00
      2.419      0.035   299.2300     4.9256     46.768 2.0444e+00     15.801     46.975  35.768509     4.1196    12.2571    13.0693   999.4006      3.444      2.374 0.0000e+00
      2.426      0.036   299.2860     4.9257     46.703 2.0198e+00     15.802     46.993  35.782407     4.0892    12.2203    13.0691   999.4006      3.448      2.377 0.0000e+00
      2.433      0.034   298.9838     4.9311     46.671 1.9874e+00     15.802     46.977  35.769937     4.0008    12.1068    13.0689   999.4007      3.461      2.386 0.0000e+00
      2.443      0.030   298.6737     4.9328     46.661 1.9467e+00     15.802     46.943  35.744652     3.9286    12.0173    13.0690   999.4007      3.474      2.396 0.0000e+00
      2.453      0.026   298.4617     4.9172     46.684 1.9049e+00     15.802     46.925  35.730517     3.9123    12.0303    13.0690   999.4008      3.488      2.405 0.0000e+00
      2.461      0.024   298.4004     4.9113     46.704 1.8791e+00     15.802     46.919  35.725951     3.9177    12.0932    13.0689   999.4008      3.502      2.415 0.0000e+00
      2.465      0.023   298.4479     4.9100     46.693 1.8758e+00     15.803     46.872  35.689448     3.8510    12.0900    13.0689   999.4009      3.508      2.419 0.0000e+00
      2.467      0.025   298.5207     4.9054     46.630 1.8724e+00     15.803     46.680  35.543003     3.7259    12.0259    13.0689   999.4008      3.507      2.418 0.0000e+00
      2.469      0.034   298.8506     4.9117     46.489 1.8518e+00     15.802     46.514  35.414829     3.6636    12.0049    13.0688   999.4009      3.510      2.419 0.0000e+00
      2.475      0.046   299.0801     4.9144     46.375 1.8133e+00     15.802     46.592  35.472330     3.6696    12.0769    13.0687   999.4009      3.518      2.425 0.0000e+00
      2.485      0.057   298.8010     4.9122     46.388 1.7471e+00     15.803     46.683  35.540204     3.8179    12.3136    13.0685   999.4010      3.530      2.434 0.0000e+00
      2.505      0.064   298.4871     4.9108     46.464 1.6517e+00     15.803     46.679  35.537446     4.0746    12.6347    13.0679   999.4011      3.557      2.453 0.0000e+00
      2.534      0.068   298.5545     4.8896     46.568 1.5579e+00     15.802     46.717  35.565906     4.1976    12.7664    13.0666   999.4013      3.605      2.486 0.0000e+00
      2.559      0.068   299.1002     4.8711     46.704 1.5066e+00     15.802     46.801  35.630473     4.2088    12.7394    13.0638   999.4019      3.648      2.515 0.0000e+00
      2.573      0.063   299.6637     4.8793     46.804 1.4919e+00     15.803     46.869  35.683534     4.2194    12.6171    13.0619   999.4022      3.662      2.525 0.0000e+00
      2.581      0.055   299.6892     4.8884     46.862 1.4684e+00     15.804     46.888  35.699792     4.2209    12.4198    13.0622   999.4021      3.668      2.529 0.0000e+00
      2.592      0.046   299.3224     4.8958     46.903 1.4199e+00     15.803     46.887  35.700124     4.2080    12.3104    13.0621   999.4022      3.685      2.541 0.0000e+00
      2.606      0.041   299.0154     4.9166     46.898 1.3808e+00     15.803     46.869  35.687557     4.1867    12.2900    13.0621   999.4023      3.709      2.557 0.0000e+00
      2.617      0.041   299.4180     4.9261     46.860 1.3699e+00     15.803     46.853  35.674762     4.1453    12.3111    13.0636   999.4021      3.726      2.569 0.0000e+00
      2.624      0.043   300.2322     4.9285     46.802 1.3579e+00     15.803     46.851  35.672340     4.0790    12.3601    13.0658   999.4019      3.731      2.572 0.0000e+00
      2.632      0.043   300.5150     4.9377     46.756 1.3203e+00     15.803     46.834  35.658275     4.0529    12.3671    13.0673   999.4018      3.742      2.580 0.0000e+00
      2.645      0.041   300.2552     4.9335     46.757 1.2694e+00     15.803     46.801  35.631619     4.0687    12.2921    13.0680   999.4017      3.760      2.593 0.0000e+00
      2.660      0.038   299.9305     4.9302     46.723 1.2315e+00     15.803     46.765  35.603874     4.0595    12.2429    13.0681   999.4018      3.783      2.608 0.0000e+00
      2.673      0.033   299.7722     4.9245     46.632 1.2133e+00     15.803     46.729  35.576649     3.9992    12.2869    13.0675   999.4020      3.806      2.624 0.0000e+00
      2.681      0.026   299.7184     4.9137     46.563 1.2034e+00     15.803     46.703  35.556279     3.9207    12.3442    13.0658   999.4022      3.816      2.631 0.0000e+00
      2.684      0.017   299.7963     4.9218     46.572 1.1937e+00     15.804     46.693  35.547955     3.8827    12.3852    13.0641   999.4024      3.818      2.632 0.0000e+00
      2.685      0.010   299.9397     4.9191     46.667 1.1862e+00     15.805     46.681  35.539459     3.8739    12.3713    13.0636   999.4025      3.819      2.633 0.0000e+00
      2.685      0.005   299.9034     4.9039     46.790 1.1856e+00     15.805     46.651  35.517014     3.8809    12.2445    13.0632   999.4025      3.819      2.633 0.0000e+00
      2.685      0.003   299.7881     4.8963     46.859 1.1875e+00     15.804     46.586  35.466958     3.9101    12.1229    13.0625   999.4026      3.820      2.634 0.0000e+00
      2.685      0.004   299.8362     4.8954     46.856 1.1848e+00     15.804     46.472  35.378436     3.9318    12.1025    13.0625   999.4026      3.820      2.634 0.0000e+00
      2.686      0.005   299.8826     4.9083     46.821 1.1778e+00     15.804     46.417  35.335112     3.9424    12.1012    13.0632   999.4025      3.821      2.635 0.0000e+00
      2.687      0.006   299.8326     4.9253     46.787 1.1768e+00     15.804     46.487  35.387336     3.9918    12.0729    13.0636   999.4024      3.822      2.635 0.0000e+00
      2.688      0.008   299.9204     4.9330     46.749 1.1801e+00     15.804     46.555  35.438753     4.0798    12.0348    13.0628   999.4025      3.823      2.636 0.0000e+00
      2.691      0.010   300.0833     4.9309     46.730 1.1773e+00     15.804     46.569  35.449129     4.1291    12.0180    13.0612   999.4027      3.828      2.639 0.0000e+00
