Data/DataNotYetUploadedToEDI/Raw_CTD/RawDownloads/110220_fcr50_0007.cnv
* Sea-Bird SBE19plus  Data File:
* FileName = C:\DATA\110220_fcr50_0007.hex
* Software version 2.8.0.119
* Temperature SN = 7809
* Conductivity SN = 7809
* System UpLoad Time = Nov 02 2020 14:53:01
* <ApplicationData>
* <Seaterm232>
# nquan = 16
# nvalues = 3390                        
# units = specified
# name 0 = depFM: Depth [fresh water, m]
# name 1 = dz/dtM: Descent Rate [m/s]
# name 2 = orp: Oxidation Reduction Potential [mV]
# name 3 = sbeox0Mg/L: Oxygen, SBE 43 [mg/l]
# name 4 = sbeox0PS: Oxygen, SBE 43 [% saturation]
# name 5 = par/sat/log: PAR/Logarithmic, Satlantic
# name 6 = ph: pH
# name 7 = specc: Specific Conductance [uS/cm]
# name 8 = c0uS/cm: Conductivity [uS/cm]
# name 9 = flECO-AFL: Fluorescence, WET Labs ECO-AFL/FL [mg/m^3]
# name 10 = turbWETntu0: Turbidity, WET Labs ECO [NTU]
# name 11 = tv290C: Temperature [ITS-90, deg C]
# name 12 = density00: Density [density, kg/m^3]
# name 13 = prdE: Pressure, Strain Gauge [psi]
# name 14 = prdM: Pressure, Strain Gauge [db]
# name 15 = flag:  0.000e+00
# span 0 =     -0.617,      9.731       
# span 1 =     -1.758,      3.857       
# span 2 = -1240.7455,  1234.9354       
# span 3 =     1.4844,    10.1709       
# span 4 =     15.256,     96.392       
# span 5 = 1.2353e-01, 1.9832e+03       
# span 6 =      8.506,     16.478       
# span 7 =      1.336,    147.865       
# span 8 =   0.985416, 112.556516       
# span 9 =    -2.5984,   259.6675       
# span 10 =    -5.9817,    87.7026      
# span 11 =    11.8308,    13.0889      
# span 12 =   999.3706,   999.5220      
# span 13 =     -0.879,     13.842      
# span 14 =     -0.606,      9.544      
# span 15 = 0.0000e+00, 0.0000e+00      
# interval = seconds: 0.25
# start_time = Nov 01 2020 21:13:10 [Instrument's time stamp, header]
# bad_flag = -9.990e-29
*END*
[from data line 1537]
      9.711 3.6854e-25   257.6854     4.7515     45.349 1.2370e-01     15.657     46.760  35.585380     4.1539    12.0528    13.0475   999.4372     13.812      9.523 0.0000e+00
      9.711 4.0539e-24   257.9205     4.7653     45.213 1.2370e-01     15.657     46.733  35.564412     4.1514    12.0325    13.0475   999.4370     13.813      9.523 0.0000e+00
      9.711 4.4593e-23   257.5680     4.7800     45.136 1.2370e-01     15.657     46.735  35.565742     4.1514    12.0478    13.0475   999.4370     13.813      9.523 0.0000e+00
      9.711 4.9052e-22   257.2947     4.7853     45.155 1.2375e-01     15.657     46.781  35.601453     4.1535    12.0994    13.0475   999.4369     13.814      9.524 0.0000e+00
      9.711 5.3957e-21   257.1111     4.7769     45.266 1.2377e-01     15.657     46.800  35.615443     4.1385    12.1078    13.0476   999.4370     13.813      9.523 0.0000e+00
      9.711 5.9353e-20   257.6721     4.7537     45.433 1.2374e-01     15.657     46.790  35.607980     4.1220    12.0801    13.0478   999.4369     13.813      9.523 0.0000e+00
      9.711 6.5288e-19   259.0004     4.7473     45.578 1.2373e-01     15.657     46.746  35.574675     4.1260    12.0744    13.0477   999.4369     13.813      9.524 0.0000e+00
      9.711 7.1817e-18   259.7497     4.7485     45.681 1.2375e-01     15.657     46.688  35.530049     4.1023    12.1756    13.0477   999.4369     13.813      9.523 0.0000e+00
      9.711 7.8999e-17   259.5041     4.7606     45.737 1.2377e-01     15.657     46.665  35.512628     4.0352    12.3775    13.0478   999.4369     13.813      9.523 0.0000e+00
      9.711 8.6899e-16   258.9564     4.7841     45.765 1.2383e-01     15.656     46.720  35.554412     3.9914    12.4896    13.0478   999.4369     13.813      9.524 0.0000e+00
      9.711 9.5589e-15   259.0641     4.7976     45.802 1.2387e-01     15.656     46.852  35.654495     3.9920    12.5348    13.0477   999.4369     13.813      9.523 0.0000e+00
      9.712 1.0515e-13   260.0319     4.8100     45.866 1.2384e-01     15.656     47.088  35.834304     3.9855    12.8556    13.0475   999.4369     13.814      9.524 0.0000e+00
      9.712 1.1566e-12   260.7636     4.8144     45.940 1.2381e-01     15.655     47.493  36.141981     3.9511    13.4161    13.0475   999.4369     13.814      9.524 0.0000e+00
      9.712 1.2723e-11   261.0282     4.8159     46.001 1.2380e-01     15.655     47.988  36.518889     3.9286    13.7146    13.0474   999.4369     13.814      9.524 0.0000e+00
      9.712 1.3995e-10   261.0795     4.8187     46.019 1.2379e-01     15.656     48.239  36.710729     3.9332    13.7177    13.0474   999.4370     13.812      9.523 0.0000e+00
      9.712 1.5395e-09   260.7813     4.8267     45.967 1.2374e-01     15.656     48.204  36.684575     3.9502    13.6260    13.0473   999.4371     13.813      9.524 0.0000e+00
      9.712 1.6934e-08   260.3483     4.8357     45.919 1.2369e-01     15.655     48.071  36.583444     3.9709    13.4981    13.0473   999.4372     13.814      9.524 0.0000e+00
      9.713 1.8627e-07   260.1465     4.8417     45.874 1.2368e-01     15.654     47.799  36.376424     3.9832    13.4762    13.0473   999.4375     13.814      9.525 0.0000e+00
      9.713 1.8627e-07   260.3195     4.8482     45.739 1.2371e-01     15.655     47.917  36.466117     3.9947    13.5328    13.0477   999.4375     13.814      9.525 0.0000e+00
      9.712 1.6934e-08   260.7203     4.8366     45.525 1.2373e-01     15.655     50.497  38.429456     4.0047    13.3923    13.0481   999.4374     13.813      9.524 0.0000e+00
      9.712 1.5395e-09   261.1198     4.8294     45.215 1.2371e-01     15.655     52.803  40.184461     3.9990    13.0826    13.0482   999.4372     13.814      9.524 0.0000e+00
      9.712 1.3995e-10   260.5904     4.8356     44.874 1.2363e-01     15.654     50.444  38.389808     3.9922    12.9471    13.0483   999.4373     13.814      9.524 0.0000e+00
      9.712 1.2723e-11   259.3957     4.8137     44.664 1.2363e-01     15.652     47.589  36.216740     3.9894    12.9896    13.0483   999.4367     13.814      9.524 0.0000e+00
      9.712 1.1566e-12   259.1500     4.7952     44.548 1.2373e-01     15.652     47.053  35.807880     3.9842    13.0476    13.0481   999.4379     13.813      9.524 0.0000e+00
      9.712 1.0515e-13   259.7700     4.7635     44.438 1.2379e-01     15.653     47.119  35.857805     3.9863    13.0639    13.0482   999.4402     13.814      9.524 0.0000e+00
      9.712 9.5590e-15   260.5262     4.7116     44.198 1.2380e-01     15.653     47.299  35.995403     3.9866    13.0155    13.0484   999.4378     13.814      9.524 0.0000e+00
      9.712 8.6900e-16   260.8934     4.6995     43.735 1.2376e-01     15.653     47.238  35.948534     3.9783    13.0124    13.0481   999.4367     13.814      9.524 0.0000e+00
      9.712 7.9000e-17   260.1669     4.6869     43.289 1.2373e-01     15.654     47.041  35.798796     3.9815    13.0599    13.0478   999.4372     13.814      9.524 0.0000e+00
      9.712 7.1820e-18   258.8826     4.6801     43.159 1.2375e-01     15.654     46.922  35.707966     4.0256    12.9380    13.0474   999.4369     13.814      9.524 0.0000e+00
      9.712 6.5290e-19   258.4422     4.6657     43.398 1.2379e-01     15.654     46.879  35.675291     4.1006    12.7060    13.0472   999.4374     13.814      9.525 0.0000e+00
      9.712 5.9355e-20   258.7145     4.6019     43.878 1.2377e-01     15.653     46.855  35.657567     4.1356    12.5887    13.0472   999.4372     13.814      9.524 0.0000e+00
      9.712 5.3960e-21   259.2503     4.5411     44.415 1.2370e-01     15.652     46.806  35.620577     4.1249    12.5846    13.0474   999.4371     13.814      9.524 0.0000e+00
      9.713 4.9052e-22   260.0156     4.5273     44.882 1.2370e-01     15.650     46.791  35.608799     4.1230    12.8280    13.0475   999.4370     13.814      9.525 0.0000e+00
      9.713 4.4593e-23   259.8796     4.5580     45.245 1.2378e-01     15.650     46.835  35.642074     4.1330    13.2659    13.0475   999.4370     13.815      9.525 0.0000e+00
      9.713 4.0515e-24   258.8108     4.6162     45.505 1.2385e-01     15.651     46.835  35.642157     4.1313    13.4840    13.0478   999.4370     13.815      9.525 0.0000e+00
      9.713 3.4221e-25   258.2784     4.6780     45.661 1.2381e-01     15.652     46.792  35.609797     4.1214    13.4393    13.0480   999.4369     13.815      9.525 0.0000e+00
      9.713 -2.561e-25   258.5180     4.7275     45.724 1.2374e-01     15.652     46.820  35.631570     4.1082    13.0698    13.0481   999.4369     13.815      9.525 0.0000e+00
      9.713 -3.183e-24   258.9545     4.7650     45.727 1.2374e-01     15.651     46.846  35.651577     4.0865    12.4497    13.0483   999.4369     13.814      9.525 0.0000e+00
      9.713 -3.505e-23   259.3408     4.7933     45.745 1.2374e-01     15.651     46.776  35.597858     4.0680    12.1213    13.0483   999.4369     13.815      9.525 0.0000e+00
      9.713 -3.855e-22   259.4881     4.8084     45.793 1.2373e-01     15.651     46.717  35.553193     4.0659    12.1206    13.0483   999.4369     13.815      9.525 0.0000e+00
      9.713 -4.241e-21   259.3596     4.8153     45.821 1.2372e-01     15.651     46.720  35.555747     4.0702    12.2345    13.0484   999.4369     13.815      9.525 0.0000e+00
      9.713 -4.665e-20   259.1628     4.8112     45.836 1.2370e-01     15.651     46.732  35.565276     4.0632    12.4344    13.0483   999.4369     13.815      9.525 0.0000e+00
      9.713 -5.131e-19   259.0018     4.8111     45.816 1.2375e-01     15.651     46.785  35.604954     4.0582    12.5807    13.0486   999.4368     13.815      9.525 0.0000e+00
      9.713 -5.644e-18   258.9614     4.8229     45.788 1.2376e-01     15.651     46.850  35.654732     4.0661    12.5957    13.0488   999.4368     13.814      9.525 0.0000e+00
      9.713 -6.209e-17   259.6217     4.8202     45.794 1.2376e-01     15.650     46.856  35.659466     4.0923    12.5472    13.0488   999.4368     13.815      9.525 0.0000e+00
      9.713 -6.830e-16   260.7050     4.8264     45.772 1.2381e-01     15.650     46.943  35.725660     4.1272    12.5090    13.0489   999.4368     13.814      9.524 0.0000e+00
      9.713 -7.513e-15   261.0460     4.8229     45.740 1.2383e-01     15.651     47.068  35.820481     4.1345    12.5122    13.0490   999.4368     13.815      9.525 0.0000e+00
      9.713 -8.264e-14   260.6473     4.8140     45.760 1.2383e-01     15.651     47.029  35.790592     4.1336    12.5516    13.0489   999.4369     13.814      9.524 0.0000e+00
      9.713 -9.090e-13   260.1003     4.8232     45.820 1.2383e-01     15.650     46.969  35.745034     4.1451    12.5731    13.0492   999.4368     13.815      9.525 0.0000e+00
      9.713 -9.999e-12   259.9392     4.8175     45.886 1.2378e-01     15.650     46.928  35.713854     4.1112    12.4278    13.0491   999.4368     13.815      9.525 0.0000e+00
      9.713 -1.100e-10   260.8496     4.8101     45.907 1.2371e-01     15.650     46.867  35.667438     4.0288    12.1347    13.0489   999.4370     13.815      9.525 0.0000e+00
      9.713 -1.210e-09   262.2459     4.8153     45.865 1.2371e-01     15.650     46.899  35.691495     3.9786    11.9819    13.0488   999.4369     13.815      9.525 0.0000e+00
      9.713 -1.331e-08   262.5389     4.8204     45.799 1.2373e-01     15.650     47.144  35.877807     3.9811    12.0214    13.0486   999.4369     13.815      9.525 0.0000e+00
      9.713 -1.464e-07   261.9831     4.8316     45.752 1.2373e-01     15.650     47.326  36.016321     4.0021    12.0638    13.0486   999.4369     13.815      9.525 0.0000e+00
      9.713 -2.684e-07   261.7216     4.8339     45.716 1.2373e-01     15.649     47.098  35.843210     4.0039    12.0478    13.0485   999.4368     13.815      9.525 0.0000e+00
      9.713 -1.464e-07   262.1305     4.8281     45.719 1.2378e-01     15.648     46.895  35.688533     3.9829    12.0342    13.0484   999.4369     13.815      9.525 0.0000e+00
      9.713 -1.331e-08   262.9692     4.8178     45.768 1.2383e-01     15.648     46.870  35.669188     3.9771    12.0709    13.0482   999.4369     13.816      9.526 0.0000e+00
      9.713 -1.210e-09   263.4301     4.8150     45.747 1.2380e-01     15.647     46.791  35.609307     4.0098    12.3891    13.0483   999.4371     13.815      9.525 0.0000e+00
      9.713 -1.100e-10   263.4879     4.8112     45.678 1.2376e-01     15.647     46.778  35.599103     4.0534    12.9635    13.0485   999.4369     13.815      9.525 0.0000e+00
      9.714 -1.000e-11   263.3230     4.8049     45.615 1.2373e-01     15.647     46.875  35.672726     4.0565    13.2473    13.0485   999.4368     13.816      9.526 0.0000e+00
      9.714 -9.090e-13   262.9852     4.8239     45.575 1.2373e-01     15.647     46.961  35.737973     4.0375    13.2454    13.0485   999.4369     13.816      9.526 0.0000e+00
      9.714 -8.265e-14   262.9305     4.8154     45.617 1.2374e-01     15.647     46.981  35.753409     4.0250    13.3185    13.0483   999.4369     13.815      9.525 0.0000e+00
      9.714 -7.510e-15   263.1782     4.8052     45.681 1.2373e-01     15.647     46.953  35.732448     4.0096    13.4436    13.0482   999.4369     13.816      9.526 0.0000e+00
      9.714 -6.830e-16   263.3988     4.8034     45.744 1.2378e-01     15.646     46.961  35.738364     4.0042    13.4886    13.0482   999.4369     13.816      9.526 0.0000e+00
      9.714 -6.210e-17   263.5335     4.7887     45.789 1.2385e-01     15.646     46.991  35.761482     3.9985    13.4506    13.0481   999.4370     13.815      9.525 0.0000e+00
      9.714 -5.645e-18   263.6881     4.8025     45.795 1.2384e-01     15.646     46.903  35.694672     3.9883    13.4989    13.0479   999.4370     13.816      9.526 0.0000e+00
      9.713 -5.130e-19   263.8053     4.8077     45.850 1.2378e-01     15.646     46.816  35.628627     3.9944    13.6599    13.0478   999.4370     13.815      9.525 0.0000e+00
      9.713 -4.664e-20   263.4025     4.8123     45.884 1.2372e-01     15.646     46.859  35.660980     4.0055    13.7849    13.0481   999.4369     13.815      9.525 0.0000e+00
      9.713 -4.240e-21   262.6885     4.8255     45.867 1.2369e-01     15.646     46.916  35.705091     4.0175    13.8427    13.0483   999.4370     13.815      9.525 0.0000e+00
      9.714 -3.854e-22   262.5717     4.8122     45.857 1.2371e-01     15.645     46.850  35.654299     4.0255    13.8088    13.0483   999.4369     13.816      9.526 0.0000e+00
      9.714 -3.504e-23   263.0238     4.8276     45.810 1.2371e-01     15.643     46.719  35.554530     3.9976    13.8560    13.0483   999.4369     13.817      9.526 0.0000e+00
      9.714 -3.186e-24   263.5083     4.8338     45.784 1.2366e-01     15.641     46.666  35.514130     3.9569    14.1044    13.0483   999.4369     13.816      9.526 0.0000e+00
      9.714 -2.896e-25   262.9237     4.8212     45.767 1.2364e-01     15.639     46.709  35.546584     3.9530    14.2714    13.0483   999.4370     13.816      9.526 0.0000e+00
      9.714 -2.605e-26   261.5472     4.8327     45.700 1.2370e-01     15.638     46.818  35.629639     3.9686    14.2616    13.0484   999.4369     13.816      9.526 0.0000e+00
      9.714 6.5224e-28   261.1478     4.8177     45.670 1.2373e-01     15.639     46.902  35.693369     3.9834    14.0536    13.0482   999.4369     13.815      9.525 0.0000e+00
      9.714 3.3286e-26   261.7947     4.8162     45.682 1.2372e-01     15.639     46.971  35.746010     3.9986    13.6792    13.0481   999.4369     13.816      9.526 0.0000e+00
      9.714 3.6852e-25   262.6568     4.8235     45.742 1.2370e-01     15.638     46.987  35.758443     4.0106    13.4782    13.0480   999.4369     13.815      9.526 0.0000e+00
      9.714 4.0539e-24   263.0541     4.8041     45.835 1.2368e-01     15.638     46.849  35.653315     4.0322    13.5107    13.0479   999.4369     13.816      9.525 0.0000e+00
      9.714 4.4593e-23   262.5548     4.8060     45.829 1.2372e-01     15.638     46.718  35.553716     4.0981    13.6947    13.0481   999.4369     13.817      9.526 0.0000e+00
      9.714 4.9052e-22   261.5245     4.8071     45.786 1.2379e-01     15.638     46.739  35.569551     4.1878    13.9877    13.0483   999.4369     13.816      9.526 0.0000e+00
      9.714 5.3957e-21   260.9213     4.8078     45.806 1.2380e-01     15.639     46.851  35.654391     4.2298    14.1692    13.0482   999.4370     13.816      9.526 0.0000e+00
      9.714 5.9353e-20   261.0256     4.8326     45.853 1.2369e-01     15.640     46.982  35.754545     4.2430    14.2403    13.0481   999.4369     13.816      9.526 0.0000e+00
      9.714 6.5288e-19   261.4094     4.8242     45.916 1.2363e-01     15.639     47.162  35.892083     4.2804    14.3668    13.0481   999.4369     13.816      9.526 0.0000e+00
      9.714 7.1817e-18   261.6905     4.8128     45.936 1.2369e-01     15.638     47.367  36.048166     4.3292    14.5313    13.0481   999.4369     13.816      9.526 0.0000e+00
      9.714 7.8999e-17   261.7569     4.8227     45.882 1.2370e-01     15.638     47.377  36.055240     4.3571    14.6159    13.0481   999.4370     13.816      9.526 0.0000e+00
      9.714 8.6899e-16   261.5237     4.8225     45.838 1.2366e-01     15.638     47.192  35.914140     4.3592    14.6354    13.0481   999.4369     13.816      9.526 0.0000e+00
      9.714 9.5589e-15   261.0217     4.8346     45.829 1.2367e-01     15.637     47.044  35.801716     4.3651    14.4919    13.0483   999.4370     13.815      9.525 0.0000e+00
      9.714 1.0515e-13   260.7646     4.8388     45.790 1.2368e-01     15.637     46.925  35.711291     4.3897    14.1502    13.0484   999.4371     13.816      9.526 0.0000e+00
      9.714 1.1566e-12   260.9955     4.8272     45.715 1.2370e-01     15.636     47.006  35.772707     4.3989    13.9378    13.0483   999.4372     13.816      9.526 0.0000e+00
      9.714 1.2723e-11   261.6621     4.8209     45.597 1.2375e-01     15.636     47.352  36.036607     4.3807    13.9157    13.0484   999.4370     13.816      9.526 0.0000e+00
