Data/DataNotYetUploadedToEDI/Raw_CTD/RawDownloads/110220_fcr50_0007.cnv
* Sea-Bird SBE19plus  Data File:
* FileName = C:\DATA\110220_fcr50_0007.hex
* Software version 2.8.0.119
* Temperature SN = 7809
* Conductivity SN = 7809
* System UpLoad Time = Nov 02 2020 14:53:01
* <ApplicationData>
* <Seaterm232>
# nquan = 16
# nvalues = 3390                        
# units = specified
# name 0 = depFM: Depth [fresh water, m]
# name 1 = dz/dtM: Descent Rate [m/s]
# name 2 = orp: Oxidation Reduction Potential [mV]
# name 3 = sbeox0Mg/L: Oxygen, SBE 43 [mg/l]
# name 4 = sbeox0PS: Oxygen, SBE 43 [% saturation]
# name 5 = par/sat/log: PAR/Logarithmic, Satlantic
# name 6 = ph: pH
# name 7 = specc: Specific Conductance [uS/cm]
# name 8 = c0uS/cm: Conductivity [uS/cm]
# name 9 = flECO-AFL: Fluorescence, WET Labs ECO-AFL/FL [mg/m^3]
# name 10 = turbWETntu0: Turbidity, WET Labs ECO [NTU]
# name 11 = tv290C: Temperature [ITS-90, deg C]
# name 12 = density00: Density [density, kg/m^3]
# name 13 = prdE: Pressure, Strain Gauge [psi]
# name 14 = prdM: Pressure, Strain Gauge [db]
# name 15 = flag:  0.000e+00
# span 0 =     -0.617,      9.731       
# span 1 =     -1.758,      3.857       
# span 2 = -1240.7455,  1234.9354       
# span 3 =     1.4844,    10.1709       
# span 4 =     15.256,     96.392       
# span 5 = 1.2353e-01, 1.9832e+03       
# span 6 =      8.506,     16.478       
# span 7 =      1.336,    147.865       
# span 8 =   0.985416, 112.556516       
# span 9 =    -2.5984,   259.6675       
# span 10 =    -5.9817,    87.7026      
# span 11 =    11.8308,    13.0889      
# span 12 =   999.3706,   999.5220      
# span 13 =     -0.879,     13.842      
# span 14 =     -0.606,      9.544      
# span 15 = 0.0000e+00, 0.0000e+00      
# interval = seconds: 0.25
# start_time = Nov 01 2020 21:13:10 [Instrument's time stamp, header]
# bad_flag = -9.990e-29
*END*
[from data line 2803]
      9.721 -1.540e-09   266.9143     5.0452     47.671 1.2372e-01     15.547     44.691  33.978225     3.7512    26.9999    13.0108   999.4409     13.826      9.533 0.0000e+00
      9.721 -1.694e-08   267.5754     5.0333     47.701 1.2376e-01     15.547     44.779  34.045746     3.7857    27.7401    13.0110   999.4409     13.826      9.533 0.0000e+00
      9.721 -1.863e-07   267.4016     5.0250     47.795 1.2377e-01     15.548     44.849  34.099450     3.8542    29.2085    13.0112   999.4408     13.826      9.532 0.0000e+00
      9.721 -1.863e-07   266.4478     5.0231     47.912 1.2377e-01     15.549     44.875  34.119922     3.8837    30.0249    13.0115   999.4409     13.826      9.533 0.0000e+00
      9.720 -1.693e-08   265.8517     5.0190     47.997 1.2378e-01     15.549     44.853  34.102904     3.8751    30.0928    13.0119   999.4408     13.826      9.532 0.0000e+00
      9.720 -1.539e-09   265.7010     5.0208     48.019 1.2379e-01     15.549     44.828  34.084048     3.9121    30.1668    13.0124   999.4408     13.826      9.532 0.0000e+00
      9.720 -1.400e-10   265.7444     5.0334     48.004 1.2375e-01     15.550     44.825  34.082293     4.0072    30.3697    13.0127   999.4408     13.825      9.532 0.0000e+00
      9.720 -1.272e-11   265.9454     5.0469     47.947 1.2368e-01     15.551     44.824  34.081690     4.0718    30.5550    13.0132   999.4407     13.825      9.532 0.0000e+00
      9.720 -1.157e-12   266.2389     5.0588     47.818 1.2368e-01     15.551     44.818  34.076755     4.0925    30.7250    13.0133   999.4407     13.825      9.532 0.0000e+00
      9.720 -1.052e-13   266.5395     5.0584     47.691 1.2370e-01     15.551     44.831  34.086088     4.0756    31.9100    13.0132   999.4407     13.825      9.532 0.0000e+00
      9.720 -9.560e-15   266.4830     5.0560     47.616 1.2370e-01     15.551     44.890  34.131082     4.0205    34.0676    13.0134   999.4407     13.825      9.532 0.0000e+00
      9.720 -8.690e-16   266.0724     5.0552     47.563 1.2369e-01     15.551     44.950  34.176597     3.9990    35.2859    13.0133   999.4407     13.825      9.532 0.0000e+00
      9.720 -7.905e-17   265.6182     5.0355     47.536 1.2369e-01     15.551     44.970  34.192221     4.0151    35.5510    13.0132   999.4407     13.825      9.532 0.0000e+00
      9.720 -7.743e-18   265.3797     5.0194     47.529 1.2374e-01     15.550     44.971  34.193086     4.0626    36.6899    13.0133   999.4407     13.826      9.532 0.0000e+00
      9.720 -6.846e-18   265.9412     5.0160     47.534 1.2379e-01     15.550     44.963  34.187046     4.1538    38.7219    13.0133   999.4407     13.825      9.532 0.0000e+00
      9.720 -6.819e-17   267.0732     5.0076     47.556 1.2378e-01     15.550     44.958  34.182652     4.2208    39.8294    13.0134   999.4407     13.825      9.532 0.0000e+00
      9.720 -7.494e-16   267.4516     5.0058     47.575 1.2371e-01     15.550     44.985  34.203412     4.2439    39.9522    13.0133   999.4407     13.824      9.531 0.0000e+00
      9.720 -8.243e-15   266.9885     5.0065     47.591 1.2367e-01     15.549     45.043  34.247688     4.2419    40.0001    13.0134   999.4407     13.825      9.532 0.0000e+00
      9.720 -9.068e-14   266.4641     5.0043     47.582 1.2369e-01     15.549     45.077  34.273808     4.1878    39.8253    13.0136   999.4407     13.825      9.532 0.0000e+00
      9.719 -9.974e-13   266.2736     5.0103     47.544 1.2369e-01     15.550     45.066  34.265412     4.1040    39.4522    13.0135   999.4407     13.824      9.531 0.0000e+00
      9.719 -1.097e-11   266.6641     5.0100     47.543 1.2367e-01     15.551     45.076  34.273083     4.0590    39.2310    13.0134   999.4407     13.824      9.531 0.0000e+00
      9.719 -1.207e-10   267.3134     5.0130     47.582 1.2370e-01     15.552     45.115  34.303100     4.0625    39.2105    13.0134   999.4408     13.824      9.531 0.0000e+00
      9.719 -1.328e-09   267.6714     5.0147     47.617 1.2375e-01     15.552     45.126  34.311078     4.1278    39.1357    13.0136   999.4407     13.824      9.531 0.0000e+00
      9.719 -1.460e-08   267.7229     5.0041     47.627 1.2375e-01     15.552     45.120  34.306087     4.2189    38.9450    13.0135   999.4407     13.824      9.531 0.0000e+00
      9.719 -1.606e-07   267.4207     5.0059     47.606 1.2370e-01     15.551     45.120  34.306209     4.2487    38.8270    13.0137   999.4407     13.824      9.531 0.0000e+00
      9.719 -2.945e-07   266.9422     5.0119     47.588 1.2368e-01     15.551     45.128  34.312554     4.2399    38.7388    13.0139   999.4407     13.824      9.531 0.0000e+00
      9.719 -1.607e-07   266.8420     5.0156     47.578 1.2370e-01     15.552     45.137  34.319349     4.2175    38.1880    13.0139   999.4407     13.824      9.531 0.0000e+00
      9.719 -1.461e-08   266.9839     5.0185     47.568 1.2368e-01     15.554     45.144  34.324908     4.1783    37.2830    13.0139   999.4407     13.824      9.531 0.0000e+00
      9.719 -1.328e-09   267.0230     5.0129     47.573 1.2367e-01     15.554     45.133  34.316323     4.1470    36.7570    13.0139   999.4407     13.823      9.531 0.0000e+00
      9.719 -1.207e-10   266.9708     5.0117     47.571 1.2372e-01     15.553     45.084  34.278998     4.1348    36.5666    13.0138   999.4407     13.825      9.532 0.0000e+00
      9.719 -1.097e-11   266.8683     5.0120     47.537 1.2378e-01     15.552     45.052  34.254336     4.1266    36.3543    13.0139   999.4407     13.824      9.531 0.0000e+00
      9.719 -9.975e-13   266.3002     5.0084     47.517 1.2382e-01     15.551     45.075  34.271952     4.1055    36.1121    13.0139   999.4407     13.823      9.530 0.0000e+00
      9.719 -9.070e-14   265.4358     5.0103     47.521 1.2383e-01     15.551     45.114  34.301625     4.0887    35.9732    13.0137   999.4408     13.824      9.531 0.0000e+00
      9.719 -8.245e-15   265.1075     5.0133     47.511 1.2382e-01     15.552     45.106  34.295836     4.0757    35.8768    13.0136   999.4407     13.823      9.531 0.0000e+00
      9.719 -7.495e-16   265.0838     5.0053     47.494 1.2374e-01     15.553     45.066  34.265422     3.9962    35.4269    13.0134   999.4408     13.823      9.531 0.0000e+00
      9.719 -6.815e-17   265.2348     5.0029     47.506 1.2365e-01     15.553     45.047  34.251172     3.8718    34.7215    13.0135   999.4407     13.824      9.531 0.0000e+00
      9.719 -6.195e-18   265.6424     5.0066     47.562 1.2365e-01     15.554     45.046  34.250444     3.8212    34.3523    13.0134   999.4408     13.824      9.531 0.0000e+00
      9.719 -5.630e-19   265.1944     5.0042     47.613 1.2373e-01     15.554     45.054  34.256618     3.8228    34.2929    13.0135   999.4408     13.824      9.531 0.0000e+00
      9.719 -5.120e-20   263.9488     5.0014     47.608 1.2373e-01     15.554     45.062  34.262365     3.8147    34.2438    13.0137   999.4407     13.823      9.531 0.0000e+00
      9.719 -4.654e-21   263.4015     5.0004     47.553 1.2372e-01     15.554     45.054  34.256482     3.7997    34.0678    13.0138   999.4407     13.823      9.531 0.0000e+00
      9.719 -4.231e-22   263.6540     5.0097     47.497 1.2377e-01     15.553     45.044  34.248935     3.7947    33.8130    13.0140   999.4407     13.823      9.530 0.0000e+00
      9.719 -3.846e-23   263.9890     5.0177     47.501 1.2377e-01     15.553     45.025  34.234570     3.8110    33.7380    13.0141   999.4407     13.823      9.531 0.0000e+00
      9.719 -3.468e-24   264.0110     5.0158     47.517 1.2376e-01     15.553     44.992  34.209709     3.8155    33.7439    13.0141   999.4407     13.823      9.531 0.0000e+00
      9.719 -8.917e-28   263.6606     5.0097     47.530 1.2375e-01     15.553     44.982  34.202153     3.7822    33.8507    13.0141   999.4407     13.824      9.531 0.0000e+00
      9.719 3.4576e-24   263.1086     4.9975     47.599 1.2373e-01     15.553     44.988  34.206665     3.7426    34.1366    13.0142   999.4407     13.823      9.531 0.0000e+00
      9.719 3.8349e-23   262.6721     5.0029     47.664 1.2372e-01     15.552     44.980  34.200809     3.7368    34.3164    13.0143   999.4406     13.823      9.531 0.0000e+00
      9.718 4.2187e-22   262.5120     5.0073     47.682 1.2369e-01     15.551     44.972  34.194801     3.7501    34.3767    13.0142   999.4406     13.822      9.530 0.0000e+00
      9.718 4.6406e-21   262.3777     5.0000     47.656 1.2367e-01     15.548     44.976  34.197484     3.7793    34.1448    13.0143   999.4406     13.823      9.530 0.0000e+00
      9.718 5.1046e-20   262.2531     5.0151     47.595 1.2366e-01     15.547     45.023  34.233244     3.8320    33.5386    13.0143   999.4406     13.823      9.530 0.0000e+00
      9.718 5.6151e-19   262.6399     5.0221     47.559 1.2369e-01     15.547     45.040  34.246454     3.8632    33.1236    13.0143   999.4406     13.823      9.530 0.0000e+00
      9.718 6.1766e-18   263.1828     5.0226     47.575 1.2375e-01     15.548     44.935  34.166837     3.8705    33.0065    13.0145   999.4406     13.823      9.530 0.0000e+00
      9.719 6.7943e-17   263.0524     5.0221     47.635 1.2379e-01     15.549     44.841  34.095511     3.9016    32.3978    13.0147   999.4406     13.823      9.531 0.0000e+00
      9.719 7.4737e-16   262.6982     5.0103     47.723 1.2376e-01     15.551     44.823  34.082048     3.9338    31.2225    13.0148   999.4405     13.823      9.531 0.0000e+00
      9.719 8.2211e-15   262.4280     5.0068     47.797 1.2368e-01     15.551     44.803  34.067506     3.9261    30.5721    13.0151   999.4406     13.823      9.531 0.0000e+00
      9.719 9.0432e-14   262.6252     5.0089     47.802 1.2368e-01     15.551     44.775  34.046600     3.9137    30.5765    13.0156   999.4405     13.823      9.530 0.0000e+00
      9.719 9.9475e-13   263.4482     5.0155     47.751 1.2375e-01     15.550     44.740  34.019645     3.9455    31.2415    13.0158   999.4404     13.823      9.531 0.0000e+00
      9.719 1.0942e-11   263.8598     5.0261     47.736 1.2374e-01     15.549     44.708  33.995400     3.9959    32.4666    13.0157   999.4404     13.823      9.530 0.0000e+00
      9.719 1.2036e-10   263.8161     5.0368     47.766 1.2368e-01     15.549     44.723  34.007275     4.0087    33.0985    13.0159   999.4404     13.823      9.531 0.0000e+00
      9.718 1.3240e-09   263.5220     5.0382     47.788 1.2367e-01     15.550     44.761  34.036323     3.9948    33.1135    13.0163   999.4403     13.823      9.530 0.0000e+00
      9.718 1.4564e-08   262.8854     5.0259     47.800 1.2372e-01     15.551     44.752  34.029345     3.9801    33.0941    13.0166   999.4403     13.822      9.530 0.0000e+00
      9.718 1.6021e-07   262.9167     5.0247     47.780 1.2372e-01     15.550     44.696  33.986351     3.9260    32.8301    13.0168   999.4402     13.822      9.530 0.0000e+00
      9.718 2.9371e-07   263.8133     5.0325     47.716 1.2371e-01     15.550     44.663  33.960669     3.8280    32.2908    13.0169   999.4402     13.822      9.530 0.0000e+00
      9.718 1.6021e-07   264.3481     5.0320     47.674 1.2372e-01     15.550     44.679  33.972636     3.7578    31.9634    13.0170   999.4402     13.822      9.530 0.0000e+00
      9.718 1.4565e-08   264.2213     5.0352     47.732 1.2371e-01     15.551     44.721  34.004139     3.7353    31.9613    13.0166   999.4403     13.823      9.531 0.0000e+00
      9.718 1.3240e-09   263.8283     5.0347     47.861 1.2374e-01     15.552     44.748  34.024308     3.7468    32.4026    13.0163   999.4402     13.823      9.530 0.0000e+00
      9.718 1.2037e-10   263.3818     5.0248     47.963 1.2381e-01     15.553     44.750  34.026128     3.7823    33.1452    13.0161   999.4403     13.823      9.530 0.0000e+00
      9.718 1.0942e-11   263.0388     5.0158     47.961 1.2384e-01     15.553     44.750  34.026148     3.8126    33.4899    13.0158   999.4403     13.823      9.530 0.0000e+00
      9.719 9.9475e-13   262.7784     5.0235     47.862 1.2379e-01     15.553     44.748  34.024551     3.8262    33.4808    13.0155   999.4404     13.824      9.531 0.0000e+00
      9.719 9.0435e-14   262.7289     5.0426     47.817 1.2377e-01     15.553     44.724  34.006818     3.8518    33.2062    13.0154   999.4404     13.823      9.531 0.0000e+00
      9.718 8.2210e-15   262.9566     5.0550     47.905 1.2377e-01     15.553     44.718  34.002099     3.9124    32.7102    13.0153   999.4404     13.822      9.530 0.0000e+00
      9.718 7.4740e-16   263.2083     5.0573     48.015 1.2369e-01     15.551     44.756  34.030940     3.9580    32.4623    13.0153   999.4404     13.823      9.530 0.0000e+00
      9.718 6.7945e-17   263.1908     5.0381     48.074 1.2369e-01     15.550     44.766  34.038267     3.9547    32.3378    13.0154   999.4404     13.823      9.530 0.0000e+00
      9.718 6.1765e-18   262.3999     5.0276     48.064 1.2383e-01     15.551     44.751  34.027242     3.9011    31.3763    13.0152   999.4404     13.823      9.530 0.0000e+00
      9.718 5.6150e-19   261.2179     5.0465     48.016 1.2385e-01     15.551     44.748  34.024537     3.8249    29.7290    13.0152   999.4404     13.823      9.530 0.0000e+00
      9.718 5.1045e-20   260.7729     5.0588     48.021 1.2372e-01     15.551     44.723  34.005568     3.8060    28.9007    13.0152   999.4404     13.823      9.531 0.0000e+00
      9.718 4.6406e-21   260.9769     5.0650     48.037 1.2369e-01     15.551     44.700  33.988252     3.8255    28.9830    13.0152   999.4404     13.822      9.530 0.0000e+00
      9.718 4.2188e-22   261.2760     5.0659     48.022 1.2372e-01     15.550     44.723  34.005531     3.8699    30.0365    13.0150   999.4404     13.823      9.530 0.0000e+00
      9.718 3.8353e-23   261.3771     5.0522     48.028 1.2370e-01     15.549     44.748  34.024124     3.9517    31.9235    13.0149   999.4405     13.823      9.530 0.0000e+00
      9.718 3.4866e-24   260.8226     5.0569     48.002 1.2370e-01     15.548     44.746  34.022694     3.9941    32.9836    13.0149   999.4405     13.823      9.530 0.0000e+00
      9.719 3.1696e-25   259.8210     5.0639     47.935 1.2374e-01     15.547     44.701  33.988249     4.0011    33.1376    13.0147   999.4404     13.824      9.531 0.0000e+00
      9.719 2.8815e-26   259.2470     5.0527     47.890 1.2371e-01     15.546     44.617  33.924915     4.0081    33.1335    13.0146   999.4405     13.824      9.531 0.0000e+00
      9.719 2.6195e-27   259.1307     5.0616     47.874 1.2367e-01     15.545     44.573  33.891464     3.9829    32.5555    13.0146   999.4405     13.823      9.531 0.0000e+00
      9.719 2.3814e-28   259.2753     5.0584     47.919 1.2367e-01     15.546     44.586  33.901060     3.9345    31.5053    13.0143   999.4405     13.823      9.531 0.0000e+00
      9.719 2.1649e-29   259.6184     5.0453     47.993 1.2369e-01     15.547     44.602  33.914027     3.9192    30.9761    13.0144   999.4405     13.823      9.531 0.0000e+00
      9.719 1.9681e-30   259.6654     5.0451     48.002 1.2369e-01     15.547     44.612  33.921342     3.9408    30.9988    13.0145   999.4404     13.823      9.531 0.0000e+00
      9.719 1.7892e-31   259.2420     5.0383     47.940 1.2369e-01     15.547     44.619  33.926060     3.9378    31.0925    13.0144   999.4405     13.824      9.531 0.0000e+00
      9.719 1.6265e-32   258.7144     5.0454     47.904 1.2369e-01     15.547     44.594  33.907611     3.8930    31.1821    13.0145   999.4404     13.823      9.530 0.0000e+00
      9.719 1.4787e-33   258.4490     5.0575     47.924 1.2370e-01     15.547     44.569  33.888632     3.8657    31.1889    13.0147   999.4404     13.823      9.531 0.0000e+00
      9.719 1.3443e-34   258.3557     5.0602     47.979 1.2370e-01     15.548     44.567  33.886947     3.8749    31.2084    13.0149   999.4404     13.824      9.531 0.0000e+00
