Data/DataNotYetUploadedToEDI/Raw_CTD/RawDownloads/110220_fcr50_0008.cnv
* Sea-Bird SBE19plus  Data File:
* FileName = C:\DATA\110220_fcr50_0008.hex
* Software version 2.8.0.119
* Temperature SN = 7809
* Conductivity SN = 7809
* System UpLoad Time = Nov 02 2020 14:54:27
* <ApplicationData>
* <Seaterm232>
# nquan = 16
# nvalues = 3407                        
# units = specified
# name 0 = depFM: Depth [fresh water, m]
# name 1 = dz/dtM: Descent Rate [m/s]
# name 2 = orp: Oxidation Reduction Potential [mV]
# name 3 = sbeox0Mg/L: Oxygen, SBE 43 [mg/l]
# name 4 = sbeox0PS: Oxygen, SBE 43 [% saturation]
# name 5 = par/sat/log: PAR/Logarithmic, Satlantic
# name 6 = ph: pH
# name 7 = specc: Specific Conductance [uS/cm]
# name 8 = c0uS/cm: Conductivity [uS/cm]
# name 9 = flECO-AFL: Fluorescence, WET Labs ECO-AFL/FL [mg/m^3]
# name 10 = turbWETntu0: Turbidity, WET Labs ECO [NTU]
# name 11 = tv290C: Temperature [ITS-90, deg C]
# name 12 = density00: Density [density, kg/m^3]
# name 13 = prdE: Pressure, Strain Gauge [psi]
# name 14 = prdM: Pressure, Strain Gauge [db]
# name 15 = flag:  0.000e+00
# span 0 =     -0.635,      9.698       
# span 1 =     -0.263,      0.233       
# span 2 =  -101.8057,   376.0637       
# span 3 =     5.1483,    10.0915       
# span 4 =     48.991,     96.387       
# span 5 = 1.2353e-01, 1.3376e+03       
# span 6 =     15.645,     15.903       
# span 7 =      1.888,     45.977       
# span 8 =   1.417438,  35.334572       
# span 9 =    -2.0594,     6.4306       
# span 10 =    -3.7871,    42.5300      
# span 11 =    12.2989,    13.6099      
# span 12 =   999.3191,   999.4710      
# span 13 =     -0.905,     13.794      
# span 14 =     -0.624,      9.511      
# span 15 = 0.0000e+00, 0.0000e+00      
# interval = seconds: 0.25
# start_time = Nov 02 2020 02:25:21 [Instrument's time stamp, header]
# bad_flag = -9.990e-29
*END*
[from data line 2351]
      9.497 -9.214e-10   209.0713     6.0419     57.199 1.2368e-01     15.770     42.267  31.978647     3.8707    32.7831    12.8266   999.4623     13.507      9.313 0.0000e+00
      9.497 -1.013e-08   208.9961     6.0446     57.235 1.2371e-01     15.770     42.258  31.972455     3.9290    29.2398    12.8266   999.4622     13.508      9.313 0.0000e+00
      9.497 -1.115e-07   208.8185     6.0387     57.251 1.2378e-01     15.771     42.228  31.948958     3.9514    27.3552    12.8265   999.4623     13.507      9.313 0.0000e+00
      9.497 -2.043e-07   208.5584     6.0461     57.211 1.2384e-01     15.771     42.227  31.948335     3.9603    27.2663    12.8266   999.4623     13.507      9.313 0.0000e+00
      9.497 -1.111e-07   208.6039     6.0497     57.147 1.2383e-01     15.771     42.249  31.964920     3.9693    27.2037    12.8265   999.4623     13.507      9.313 0.0000e+00
      9.497 -6.236e-09   209.0245     6.0533     57.098 1.2372e-01     15.771     42.241  31.959142     3.9651    27.0447    12.8266   999.4623     13.508      9.313 0.0000e+00
      9.497 4.1959e-08   209.3430     6.0586     57.078 1.2363e-01     15.771     42.219  31.941925     3.9568    26.9570    12.8265   999.4623     13.508      9.313 0.0000e+00
      9.497 7.8530e-08   209.3573     6.0518     57.112 1.2370e-01     15.772     42.225  31.947086     3.9558    26.9326    12.8266   999.4622     13.507      9.313 0.0000e+00
      9.497 4.2873e-08   209.1978     6.0425     57.174 1.2386e-01     15.773     42.240  31.958101     4.0093    26.5780    12.8265   999.4623     13.508      9.313 0.0000e+00
      9.497 3.8975e-09   209.0484     6.0389     57.204 1.2396e-01     15.774     42.227  31.948211     4.0989    25.8285    12.8264   999.4623     13.508      9.313 0.0000e+00
      9.497 3.5432e-10   209.0144     6.0339     57.188 1.2398e-01     15.774     42.235  31.954404     4.1430    25.3549    12.8265   999.4623     13.507      9.313 0.0000e+00
      9.497 3.2211e-11   209.0439     6.0385     57.166 1.2392e-01     15.773     42.255  31.969533     4.1513    25.2464    12.8264   999.4623     13.507      9.313 0.0000e+00
      9.497 2.9283e-12   209.1472     6.0496     57.215 1.2382e-01     15.772     42.217  31.940789     4.1800    24.8594    12.8264   999.4623     13.508      9.314 0.0000e+00
      9.498 2.6621e-13   209.1445     6.0510     57.248 1.2376e-01     15.772     42.195  31.924101     4.2418    24.1781    12.8263   999.4623     13.509      9.314 0.0000e+00
      9.498 2.4201e-14   209.0112     6.0513     57.184 1.2381e-01     15.773     42.240  31.958102     4.2784    23.7729    12.8264   999.4623     13.509      9.314 0.0000e+00
      9.497 2.2001e-15   208.9992     6.0401     57.112 1.2381e-01     15.773     42.257  31.971208     4.2709    23.6677    12.8264   999.4623     13.508      9.313 0.0000e+00
      9.497 2.0000e-16   208.8266     6.0515     57.062 1.2371e-01     15.772     42.237  31.955663     4.2556    23.7983    12.8264   999.4623     13.508      9.313 0.0000e+00
      9.497 1.8182e-17   208.4729     6.0631     57.060 1.2371e-01     15.771     42.243  31.960493     4.2263    25.6270    12.8262   999.4623     13.509      9.314 0.0000e+00
      9.497 1.6529e-18   208.4223     6.0447     57.084 1.2375e-01     15.770     42.250  31.966168     4.1929    28.9550    12.8263   999.4623     13.508      9.314 0.0000e+00
      9.498 1.5027e-19   208.5587     6.0417     57.074 1.2373e-01     15.770     42.243  31.960825     4.1763    30.7341    12.8264   999.4623     13.510      9.314 0.0000e+00
      9.498 1.3660e-20   208.6599     6.0323     57.055 1.2369e-01     15.769     42.242  31.959341     4.1496    30.8647    12.8264   999.4623     13.509      9.315 0.0000e+00
      9.498 1.2418e-21   208.7852     6.0326     57.043 1.2367e-01     15.769     42.227  31.948231     4.0425    31.6317    12.8262   999.4623     13.508      9.314 0.0000e+00
      9.498 1.1290e-22   208.6116     6.0416     57.038 1.2371e-01     15.769     42.234  31.953384     3.8635    33.1082    12.8262   999.4623     13.509      9.314 0.0000e+00
      9.498 1.0264e-23   208.1091     6.0352     57.056 1.2376e-01     15.770     42.240  31.958198     3.7591    33.8509    12.8264   999.4623     13.508      9.314 0.0000e+00
      9.498 9.3305e-25   207.8725     6.0346     57.093 1.2380e-01     15.770     42.220  31.942983     3.7618    33.9164    12.8264   999.4623     13.509      9.315 0.0000e+00
      9.498 8.4823e-26   208.0737     6.0332     57.146 1.2385e-01     15.770     42.242  31.959767     3.7819    34.7240    12.8263   999.4623     13.510      9.314 0.0000e+00
      9.498 7.7420e-27   208.3898     6.0312     57.199 1.2380e-01     15.771     42.257  31.970790     3.8028    36.2685    12.8263   999.4623     13.509      9.314 0.0000e+00
      9.498 1.0423e-27   208.4254     6.0341     57.210 1.2363e-01     15.771     42.229  31.949365     3.8326    37.1403    12.8261   999.4623     13.509      9.314 0.0000e+00
      9.498 3.8186e-27   208.1600     6.0377     57.191 1.2353e-01     15.771     42.235  31.954508     3.8469    37.1284    12.8262   999.4623     13.509      9.314 0.0000e+00
      9.498 4.1309e-26   207.9341     6.0436     57.196 1.2359e-01     15.771     42.255  31.969532     3.8320    35.8837    12.8262   999.4623     13.508      9.314 0.0000e+00
      9.498 4.5434e-25   207.8455     6.0517     57.219 1.2369e-01     15.772     42.217  31.940676     3.8145    33.5931    12.8262   999.4623     13.509      9.314 0.0000e+00
      9.498 4.9977e-24   207.7773     6.0531     57.276 1.2373e-01     15.772     42.193  31.922847     3.8166    32.3336    12.8262   999.4623     13.510      9.315 0.0000e+00
      9.498 5.4974e-23   207.7119     6.0459     57.332 1.2368e-01     15.772     42.221  31.944312     3.8291    32.2596    12.8262   999.4623     13.509      9.314 0.0000e+00
      9.498 6.0472e-22   207.7429     6.0498     57.278 1.2368e-01     15.772     42.224  31.946410     3.8603    32.7325    12.8264   999.4623     13.509      9.314 0.0000e+00
      9.498 6.6519e-21   207.8942     6.0507     57.164 1.2372e-01     15.772     42.227  31.948217     3.9174    33.5535    12.8263   999.4623     13.509      9.314 0.0000e+00
      9.498 7.3171e-20   207.9925     6.0547     57.101 1.2372e-01     15.771     42.251  31.966157     3.9572    33.9803    12.8262   999.4623     13.511      9.315 0.0000e+00
      9.498 8.0488e-19   207.8984     6.0718     57.094 1.2369e-01     15.771     42.260  31.972983     3.9594    34.0473    12.8262   999.4623     13.510      9.315 0.0000e+00
      9.498 8.8537e-18   207.7034     6.0603     57.106 1.2367e-01     15.771     42.252  31.967302     3.9442    34.0207    12.8264   999.4623     13.509      9.314 0.0000e+00
      9.498 9.7391e-17   207.6138     6.0420     57.068 1.2369e-01     15.771     42.244  31.960919     3.8879    33.5907    12.8263   999.4623     13.509      9.314 0.0000e+00
      9.498 1.0713e-15   207.6749     6.0380     57.007 1.2373e-01     15.770     42.241  31.959246     3.8036    32.8652    12.8263   999.4623     13.510      9.315 0.0000e+00
      9.498 1.1784e-14   207.7543     6.0365     57.018 1.2379e-01     15.769     42.225  31.947077     3.7733    32.4919    12.8263   999.4623     13.510      9.315 0.0000e+00
      9.498 1.2963e-13   207.8856     6.0430     57.084 1.2383e-01     15.769     42.217  31.940675     3.7794    32.5106    12.8261   999.4623     13.510      9.315 0.0000e+00
      9.498 1.4259e-12   207.9711     6.0385     57.133 1.2380e-01     15.769     42.223  31.945289     3.8017    32.6108    12.8263   999.4623     13.509      9.314 0.0000e+00
      9.499 1.5685e-11   207.9277     6.0239     57.130 1.2373e-01     15.769     42.215  31.939416     3.8513    32.6736    12.8262   999.4623     13.510      9.315 0.0000e+00
      9.499 1.7253e-10   207.7918     6.0291     57.105 1.2368e-01     15.769     42.207  31.933119     3.8736    32.6513    12.8261   999.4623     13.511      9.315 0.0000e+00
      9.499 1.8979e-09   207.5318     6.0381     57.080 1.2368e-01     15.770     42.206  31.932599     3.8806    32.5476    12.8262   999.4623     13.510      9.315 0.0000e+00
      9.499 2.0877e-08   207.4523     6.0458     57.054 1.2368e-01     15.771     42.207  31.933129     3.9171    31.0767    12.8261   999.4623     13.511      9.315 0.0000e+00
      9.499 2.2964e-07   207.7763     6.0429     57.022 1.2369e-01     15.773     42.215  31.939519     3.9622    28.2559    12.8263   999.4623     13.510      9.315 0.0000e+00
      9.499 4.2101e-07   208.1793     6.0389     56.980 1.2373e-01     15.774     42.224  31.946421     3.9772    26.6639    12.8262   999.4623     13.511      9.315 0.0000e+00
      9.499 2.2964e-07   208.2810     6.0382     56.979 1.2376e-01     15.775     42.233  31.953134     3.9652    26.4531    12.8260   999.4623     13.510      9.315 0.0000e+00
      9.499 2.0877e-08   208.1456     6.0327     56.995 1.2375e-01     15.775     42.239  31.957238     4.0073    26.2227    12.8261   999.4623     13.510      9.315 0.0000e+00
      9.499 1.8979e-09   207.9183     6.0342     56.993 1.2373e-01     15.776     42.206  31.932597     4.1149    25.8344    12.8261   999.4623     13.510      9.315 0.0000e+00
      9.499 1.7253e-10   207.7705     6.0221     56.979 1.2374e-01     15.776     42.175  31.908987     4.1698    25.6029    12.8260   999.4623     13.511      9.315 0.0000e+00
      9.499 1.5685e-11   207.9933     6.0266     56.969 1.2375e-01     15.775     42.197  31.925563     4.1646    25.5871    12.8261   999.4623     13.510      9.315 0.0000e+00
      9.499 1.4259e-12   208.4617     6.0295     56.977 1.2377e-01     15.775     42.220  31.942677     4.1863    25.7811    12.8261   999.4623     13.511      9.315 0.0000e+00
      9.499 1.2963e-13   208.7008     6.0277     56.991 1.2374e-01     15.775     42.197  31.925563     4.2415    26.1978    12.8260   999.4623     13.511      9.315 0.0000e+00
      9.499 1.1784e-14   208.5618     6.0271     57.028 1.2367e-01     15.775     42.175  31.908978     4.2875    26.5052    12.8261   999.4623     13.511      9.316 0.0000e+00
      9.499 1.0713e-15   208.3300     6.0233     57.061 1.2369e-01     15.775     42.206  31.932494     4.2948    26.5793    12.8261   999.4623     13.511      9.315 0.0000e+00
      9.499 9.7402e-17   208.2211     6.0280     57.067 1.2375e-01     15.775     42.237  31.956104     4.2730    26.6480    12.8260   999.4623     13.511      9.315 0.0000e+00
      9.499 8.9786e-18   208.2780     6.0254     57.070 1.2374e-01     15.774     42.216  31.940654     4.2522    27.8846    12.8260   999.4623     13.511      9.315 0.0000e+00
      9.499 2.1756e-18   208.5006     6.0320     57.046 1.2371e-01     15.773     42.211  31.936029     4.2537    30.2697    12.8260   999.4623     13.511      9.315 0.0000e+00
      9.499 1.5151e-17   208.6755     6.0373     57.003 1.2372e-01     15.773     42.248  31.963639     4.2719    31.6253    12.8259   999.4623     13.511      9.316 0.0000e+00
      9.499 1.6587e-16   208.6718     6.0346     57.000 1.2373e-01     15.773     42.239  31.957248     4.2718    31.6412    12.8258   999.4624     13.511      9.315 0.0000e+00
      9.499 1.8245e-15   208.6284     6.0373     57.012 1.2374e-01     15.772     42.193  31.922198     4.2050    30.2898    12.8259   999.4623     13.511      9.315 0.0000e+00
      9.499 2.0069e-14   208.5819     6.0362     57.014 1.2379e-01     15.772     42.191  31.920535     4.1039    27.9199    12.8259   999.4623     13.511      9.315 0.0000e+00
      9.499 2.2076e-13   208.4531     6.0246     57.017 1.2380e-01     15.772     42.213  31.937137     4.0598    26.7454    12.8259   999.4624     13.511      9.316 0.0000e+00
      9.499 2.4284e-12   208.3615     6.0292     57.026 1.2377e-01     15.771     42.207  31.932589     4.0529    26.7319    12.8259   999.4624     13.512      9.316 0.0000e+00
      9.499 2.6712e-11   208.4203     6.0308     57.076 1.2377e-01     15.770     42.202  31.928994     4.0496    27.0701    12.8259   999.4623     13.511      9.316 0.0000e+00
      9.500 2.9383e-10   208.4766     6.0290     57.162 1.2372e-01     15.770     42.240  31.957124     4.0577    27.7107    12.8257   999.4624     13.512      9.316 0.0000e+00
      9.500 3.2322e-09   208.5257     6.0320     57.239 1.2365e-01     15.770     42.237  31.955468     4.0642    28.0909    12.8256   999.4624     13.512      9.316 0.0000e+00
      9.500 3.5554e-08   208.5830     6.0285     57.259 1.2371e-01     15.770     42.176  31.908977     4.0810    28.2340    12.8257   999.4624     13.511      9.315 0.0000e+00
      9.500 6.5182e-08   208.3100     6.0357     57.236 1.2380e-01     15.771     42.167  31.902586     4.0897    28.5484    12.8256   999.4624     13.512      9.316 0.0000e+00
      9.499 3.5554e-08   207.8057     6.0453     57.189 1.2381e-01     15.771     42.219  31.941636     4.0548    28.9393    12.8256   999.4624     13.511      9.316 0.0000e+00
      9.499 3.2321e-09   207.6483     6.0576     57.148 1.2376e-01     15.770     42.213  31.936994     4.0121    29.0803    12.8255   999.4624     13.511      9.316 0.0000e+00
      9.499 2.9383e-10   207.7835     6.0571     57.159 1.2371e-01     15.769     42.177  31.909912     4.0113    29.1206    12.8254   999.4624     13.512      9.316 0.0000e+00
      9.499 2.6712e-11   208.0631     6.0546     57.219 1.2373e-01     15.768     42.206  31.931424     3.9695    29.5981    12.8253   999.4624     13.511      9.316 0.0000e+00
      9.500 2.4284e-12   208.3619     6.0493     57.249 1.2375e-01     15.768     42.221  31.943299     3.8398    30.3907    12.8253   999.4624     13.512      9.316 0.0000e+00
      9.500 2.2076e-13   208.1265     6.0416     57.192 1.2375e-01     15.768     42.199  31.926603     3.7501    30.7722    12.8253   999.4624     13.512      9.316 0.0000e+00
      9.500 2.0069e-14   207.5404     6.0431     57.111 1.2375e-01     15.768     42.190  31.919889     3.7331    30.7445    12.8252   999.4624     13.512      9.316 0.0000e+00
      9.500 1.8245e-15   207.2986     6.0525     57.066 1.2372e-01     15.768     42.198  31.925572     3.7306    30.6388    12.8253   999.4624     13.512      9.316 0.0000e+00
      9.500 1.6586e-16   207.4392     6.0612     57.095 1.2371e-01     15.769     42.206  31.931871     3.7098    29.9747    12.8252   999.4624     13.511      9.315 0.0000e+00
      9.500 1.5078e-17   207.6909     6.0485     57.170 1.2376e-01     15.769     42.207  31.932599     3.6625    28.7579    12.8252   999.4624     13.512      9.316 0.0000e+00
      9.500 1.3708e-18   207.8471     6.0398     57.219 1.2374e-01     15.769     42.209  31.934368     3.6266    28.0463    12.8252   999.4624     13.512      9.316 0.0000e+00
      9.500 1.2461e-19   207.6934     6.0322     57.238 1.2368e-01     15.769     42.234  31.953258     3.6193    27.9626    12.8251   999.4624     13.512      9.316 0.0000e+00
      9.500 1.1329e-20   207.2950     6.0360     57.243 1.2372e-01     15.770     42.257  31.970668     3.6885    28.2262    12.8251   999.4625     13.513      9.317 0.0000e+00
      9.500 1.0314e-21   207.0748     6.0496     57.230 1.2380e-01     15.770     42.236  31.954519     3.8243    28.7615    12.8251   999.4625     13.513      9.317 0.0000e+00
      9.500 1.1074e-22   207.0957     6.0528     57.223 1.2383e-01     15.769     42.228  31.948344     3.8878    29.0790    12.8252   999.4624     13.513      9.317 0.0000e+00
      9.500 1.9682e-22   207.2038     6.0544     57.275 1.2378e-01     15.769     42.243  31.959464     3.8842    29.1813    12.8251   999.4624     13.512      9.316 0.0000e+00
      9.500 2.0721e-21   207.4350     6.0550     57.310 1.2372e-01     15.769     42.246  31.962072     3.9621    29.9635    12.8252   999.4625     13.512      9.316 0.0000e+00
