Data/DataNotYetUploadedToEDI/Raw_CTD/RawDownloads/110220_fcr50_0008.cnv
* Sea-Bird SBE19plus  Data File:
* FileName = C:\DATA\110220_fcr50_0008.hex
* Software version 2.8.0.119
* Temperature SN = 7809
* Conductivity SN = 7809
* System UpLoad Time = Nov 02 2020 14:54:27
* <ApplicationData>
* <Seaterm232>
# nquan = 16
# nvalues = 3407                        
# units = specified
# name 0 = depFM: Depth [fresh water, m]
# name 1 = dz/dtM: Descent Rate [m/s]
# name 2 = orp: Oxidation Reduction Potential [mV]
# name 3 = sbeox0Mg/L: Oxygen, SBE 43 [mg/l]
# name 4 = sbeox0PS: Oxygen, SBE 43 [% saturation]
# name 5 = par/sat/log: PAR/Logarithmic, Satlantic
# name 6 = ph: pH
# name 7 = specc: Specific Conductance [uS/cm]
# name 8 = c0uS/cm: Conductivity [uS/cm]
# name 9 = flECO-AFL: Fluorescence, WET Labs ECO-AFL/FL [mg/m^3]
# name 10 = turbWETntu0: Turbidity, WET Labs ECO [NTU]
# name 11 = tv290C: Temperature [ITS-90, deg C]
# name 12 = density00: Density [density, kg/m^3]
# name 13 = prdE: Pressure, Strain Gauge [psi]
# name 14 = prdM: Pressure, Strain Gauge [db]
# name 15 = flag:  0.000e+00
# span 0 =     -0.635,      9.698       
# span 1 =     -0.263,      0.233       
# span 2 =  -101.8057,   376.0637       
# span 3 =     5.1483,    10.0915       
# span 4 =     48.991,     96.387       
# span 5 = 1.2353e-01, 1.3376e+03       
# span 6 =     15.645,     15.903       
# span 7 =      1.888,     45.977       
# span 8 =   1.417438,  35.334572       
# span 9 =    -2.0594,     6.4306       
# span 10 =    -3.7871,    42.5300      
# span 11 =    12.2989,    13.6099      
# span 12 =   999.3191,   999.4710      
# span 13 =     -0.905,     13.794      
# span 14 =     -0.624,      9.511      
# span 15 = 0.0000e+00, 0.0000e+00      
# interval = seconds: 0.25
# start_time = Nov 02 2020 02:25:21 [Instrument's time stamp, header]
# bad_flag = -9.990e-29
*END*
[from data line 2712]
      9.501 1.0515e-13   194.5128     6.0364     57.082 1.2377e-01     15.721     42.225  31.946316     4.0048    26.1588    12.8261   999.4623     13.514      9.317 0.0000e+00
      9.501 9.5590e-15   194.4699     6.0292     57.102 1.2375e-01     15.721     42.241  31.958486     3.9403    25.0708    12.8259   999.4623     13.514      9.317 0.0000e+00
      9.501 8.6900e-16   194.5960     6.0335     57.127 1.2372e-01     15.721     42.234  31.953248     3.8856    24.4424    12.8261   999.4623     13.514      9.317 0.0000e+00
      9.501 7.9000e-17   194.8326     6.0374     57.129 1.2371e-01     15.720     42.225  31.946432     3.8764    24.3982    12.8260   999.4623     13.514      9.317 0.0000e+00
      9.501 7.1820e-18   194.9211     6.0363     57.118 1.2376e-01     15.720     42.216  31.939530     3.9058    24.9474    12.8259   999.4623     13.514      9.317 0.0000e+00
      9.501 6.5290e-19   194.8926     6.0389     57.114 1.2378e-01     15.720     42.207  31.933244     3.9551    25.9677    12.8260   999.4624     13.514      9.318 0.0000e+00
      9.501 5.9355e-20   194.6601     6.0437     57.109 1.2373e-01     15.721     42.208  31.933868     3.9675    26.4696    12.8259   999.4624     13.514      9.318 0.0000e+00
      9.501 5.3960e-21   194.3467     6.0428     57.087 1.2367e-01     15.721     42.226  31.947076     3.9408    26.4492    12.8260   999.4623     13.514      9.317 0.0000e+00
      9.501 4.9054e-22   194.6311     6.0406     57.069 1.2364e-01     15.720     42.251  31.966043     3.9191    26.4419    12.8261   999.4623     13.514      9.318 0.0000e+00
      9.501 4.4758e-23   195.2596     6.0401     57.041 1.2361e-01     15.720     42.260  31.972859     3.9150    26.6563    12.8260   999.4623     13.515      9.318 0.0000e+00
      9.501 5.8667e-24   195.3205     6.0419     56.987 1.2362e-01     15.720     42.251  31.966044     3.9103    27.0502    12.8259   999.4624     13.514      9.318 0.0000e+00
      9.502 2.0309e-23   194.9371     6.0374     57.014 1.2369e-01     15.721     42.226  31.947086     3.8905    27.2223    12.8260   999.4623     13.515      9.318 0.0000e+00
      9.502 2.1938e-22   194.6683     6.0348     57.095 1.2370e-01     15.722     42.208  31.933981     3.8670    27.2258    12.8259   999.4624     13.515      9.318 0.0000e+00
      9.501 2.4128e-21   194.5657     6.0378     57.106 1.2367e-01     15.722     42.208  31.934483     3.9024    27.7111    12.8259   999.4624     13.514      9.318 0.0000e+00
      9.501 2.6541e-20   194.8144     6.0214     57.095 1.2372e-01     15.722     42.233  31.953154     3.9938    28.6261    12.8259   999.4624     13.514      9.317 0.0000e+00
      9.501 2.9195e-19   195.4392     6.0259     57.085 1.2374e-01     15.721     42.255  31.969399     4.0475    29.1221    12.8259   999.4624     13.514      9.317 0.0000e+00
      9.501 3.2115e-18   195.7534     6.0458     57.047 1.2369e-01     15.721     42.216  31.940549     4.0461    29.0393    12.8260   999.4623     13.514      9.317 0.0000e+00
      9.501 3.5326e-17   195.6017     6.0388     57.048 1.2369e-01     15.722     42.191  31.921572     3.9953    27.7966    12.8259   999.4624     13.514      9.317 0.0000e+00
      9.501 3.8859e-16   195.3253     6.0376     57.102 1.2373e-01     15.722     42.203  31.930291     3.9296    25.6330    12.8259   999.4623     13.514      9.318 0.0000e+00
      9.501 4.2744e-15   195.1654     6.0411     57.128 1.2370e-01     15.721     42.189  31.919077     3.9095    24.5088    12.8259   999.4624     13.514      9.318 0.0000e+00
      9.502 4.7019e-14   195.3890     6.0310     57.112 1.2363e-01     15.720     42.181  31.912875     3.9054    24.5031    12.8260   999.4624     13.516      9.319 0.0000e+00
      9.502 5.1721e-13   195.8772     6.0300     57.078 1.2361e-01     15.719     42.189  31.918754     3.9084    25.7014    12.8259   999.4623     13.515      9.318 0.0000e+00
      9.502 5.6893e-12   196.2499     6.0420     57.034 1.2364e-01     15.719     42.199  31.926706     3.9362    27.9419    12.8258   999.4624     13.514      9.318 0.0000e+00
      9.502 6.2582e-11   196.3679     6.0442     57.041 1.2371e-01     15.719     42.224  31.945577     3.9649    29.2089    12.8260   999.4623     13.515      9.318 0.0000e+00
      9.502 6.8840e-10   196.2709     6.0398     57.083 1.2377e-01     15.719     42.238  31.956592     3.9785    29.4155    12.8258   999.4624     13.515      9.318 0.0000e+00
      9.502 7.5724e-09   196.0241     6.0394     57.088 1.2378e-01     15.719     42.207  31.932983     3.9577    29.4449    12.8258   999.4624     13.514      9.317 0.0000e+00
      9.502 8.3297e-08   195.7927     6.0290     57.089 1.2377e-01     15.719     42.182  31.913912     3.9045    29.7009    12.8257   999.4624     13.515      9.318 0.0000e+00
      9.502 1.5271e-07   195.7963     6.0301     57.111 1.2370e-01     15.718     42.185  31.916342     3.8690    30.3133    12.8258   999.4624     13.515      9.318 0.0000e+00
      9.502 8.3358e-08   195.9813     6.0418     57.121 1.2358e-01     15.717     42.162  31.898926     3.8812    30.7036    12.8257   999.4624     13.515      9.318 0.0000e+00
      9.502 8.2626e-09   196.1369     6.0367     57.087 1.2358e-01     15.717     42.155  31.893678     3.9089    30.7123    12.8258   999.4624     13.515      9.318 0.0000e+00
      9.502 8.2795e-09   196.2156     6.0371     57.031 1.2366e-01     15.717     42.185  31.916332     3.9374    29.8008    12.8257   999.4624     13.515      9.318 0.0000e+00
      9.502 8.3565e-08   196.3297     6.0408     57.006 1.2372e-01     15.717     42.189  31.919046     3.9782    28.1298    12.8256   999.4624     13.514      9.318 0.0000e+00
      9.502 1.5309e-07   196.2266     6.0435     57.012 1.2377e-01     15.717     42.199  31.926486     4.0014    27.2621    12.8257   999.4624     13.515      9.318 0.0000e+00
      9.502 8.3500e-08   195.8288     6.0400     57.026 1.2380e-01     15.717     42.220  31.942854     4.0084    27.1367    12.8257   999.4624     13.515      9.318 0.0000e+00
      9.502 7.5910e-09   195.7364     6.0291     57.045 1.2380e-01     15.717     42.199  31.926609     4.0241    26.3734    12.8257   999.4624     13.515      9.318 0.0000e+00
      9.502 6.9010e-10   195.9699     6.0287     57.089 1.2376e-01     15.718     42.191  31.920404     4.0295    24.9338    12.8256   999.4624     13.515      9.318 0.0000e+00
      9.502 6.2735e-11   196.2424     6.0296     57.147 1.2376e-01     15.718     42.205  31.931276     4.0157    24.1163    12.8256   999.4624     13.515      9.318 0.0000e+00
      9.502 5.6987e-12   196.5360     6.0318     57.172 1.2382e-01     15.717     42.205  31.931172     4.0102    24.0771    12.8257   999.4624     13.515      9.318 0.0000e+00
      9.502 4.6591e-13   196.6813     6.0324     57.173 1.2383e-01     15.717     42.189  31.919147     4.0014    23.7727    12.8256   999.4624     13.516      9.319 0.0000e+00
      9.502 -5.313e-13   196.2780     6.0366     57.206 1.2376e-01     15.717     42.181  31.912767     3.9756    23.0795    12.8256   999.4624     13.514      9.318 0.0000e+00
      9.502 -6.359e-12   195.6173     6.0464     57.257 1.2371e-01     15.717     42.187  31.917487     3.9659    22.7000    12.8256   999.4624     13.515      9.318 0.0000e+00
      9.502 -6.999e-11   195.4898     6.0485     57.270 1.2371e-01     15.717     42.181  31.912768     3.9594    22.6174    12.8256   999.4624     13.516      9.319 0.0000e+00
      9.502 -7.699e-10   195.8555     6.0448     57.227 1.2370e-01     15.717     42.190  31.919161     3.9267    22.2521    12.8256   999.4624     13.515      9.318 0.0000e+00
      9.502 -8.469e-09   196.3390     6.0490     57.141 1.2370e-01     15.716     42.206  31.931330     3.8847    21.6145    12.8256   999.4624     13.515      9.318 0.0000e+00
      9.502 -9.316e-08   196.6893     6.0588     57.070 1.2367e-01     15.716     42.208  31.933003     3.8517    21.2590    12.8255   999.4624     13.515      9.318 0.0000e+00
      9.502 -1.708e-07   196.4778     6.0586     57.039 1.2369e-01     15.716     42.216  31.939395     3.8240    21.3535    12.8254   999.4624     13.515      9.318 0.0000e+00
      9.502 -9.315e-08   195.8464     6.0557     57.025 1.2376e-01     15.716     42.224  31.945172     3.8077    22.7912    12.8254   999.4624     13.515      9.318 0.0000e+00
      9.502 -8.470e-09   195.5939     6.0427     57.034 1.2376e-01     15.716     42.216  31.939405     3.8452    25.5609    12.8253   999.4624     13.516      9.319 0.0000e+00
      9.502 -7.700e-10   195.8348     6.0334     57.030 1.2372e-01     15.715     42.208  31.933119     3.9338    27.2384    12.8254   999.4624     13.515      9.318 0.0000e+00
      9.502 -7.000e-11   196.0908     6.0340     57.023 1.2375e-01     15.714     42.207  31.932608     3.9825    27.4521    12.8255   999.4624     13.515      9.318 0.0000e+00
      9.502 -6.360e-12   196.1948     6.0285     57.031 1.2375e-01     15.714     42.208  31.933233     3.9669    27.4921    12.8253   999.4624     13.515      9.318 0.0000e+00
      9.502 -5.785e-13   196.2318     6.0342     57.035 1.2373e-01     15.714     42.218  31.940664     3.9636    28.0999    12.8254   999.4624     13.514      9.318 0.0000e+00
      9.502 -5.260e-14   196.1076     6.0325     57.067 1.2382e-01     15.715     42.242  31.959017     4.0100    29.2042    12.8255   999.4624     13.516      9.319 0.0000e+00
      9.502 -4.780e-15   195.9831     6.0287     57.133 1.2388e-01     15.715     42.250  31.964794     4.0517    29.8233    12.8254   999.4624     13.516      9.319 0.0000e+00
      9.502 -4.346e-16   196.1039     6.0346     57.190 1.2382e-01     15.714     42.226  31.947065     4.0480    29.8521    12.8253   999.4624     13.516      9.319 0.0000e+00
      9.502 -3.951e-17   196.3632     6.0301     57.200 1.2372e-01     15.713     42.210  31.935001     4.0312    29.4832    12.8254   999.4624     13.516      9.319 0.0000e+00
      9.502 -3.591e-18   196.6234     6.0344     57.161 1.2370e-01     15.715     42.224  31.945817     4.0392    28.8656    12.8255   999.4624     13.515      9.318 0.0000e+00
      9.502 -3.265e-19   196.8409     6.0432     57.113 1.2372e-01     15.716     42.231  31.950951     4.0591    28.5646    12.8256   999.4624     13.515      9.318 0.0000e+00
      9.502 -2.968e-20   197.0143     6.0505     57.080 1.2373e-01     15.715     42.208  31.933628     4.0522    28.6254    12.8256   999.4624     13.516      9.319 0.0000e+00
      9.502 -2.698e-21   197.0854     6.0530     57.073 1.2372e-01     15.714     42.200  31.926707     3.9753    29.5661    12.8255   999.4624     13.515      9.318 0.0000e+00
      9.502 -2.453e-22   197.1841     6.0448     57.075 1.2370e-01     15.715     42.205  31.930716     3.8645    31.3549    12.8256   999.4624     13.516      9.319 0.0000e+00
      9.502 -2.177e-23   197.2618     6.0408     57.090 1.2368e-01     15.716     42.189  31.918651     3.8280    32.4005    12.8256   999.4624     13.516      9.319 0.0000e+00
      9.502 3.7952e-24   197.2508     6.0355     57.134 1.2369e-01     15.716     42.174  31.907730     3.8483    32.4227    12.8257   999.4624     13.516      9.319 0.0000e+00
      9.503 6.3861e-23   197.6533     6.0362     57.146 1.2375e-01     15.715     42.197  31.925561     3.8618    31.5547    12.8258   999.4624     13.516      9.319 0.0000e+00
      9.503 7.0448e-22   198.3414     6.0374     57.145 1.2378e-01     15.714     42.221  31.943905     3.8473    30.0435    12.8258   999.4624     13.516      9.319 0.0000e+00
      9.503 7.7494e-21   198.6009     6.0342     57.158 1.2378e-01     15.713     42.215  31.939188     3.8165    29.1888    12.8256   999.4624     13.515      9.318 0.0000e+00
      9.503 8.5244e-20   198.4685     6.0467     57.143 1.2376e-01     15.713     42.205  31.931963     3.8138    29.1169    12.8258   999.4623     13.516      9.319 0.0000e+00
      9.503 9.3768e-19   198.2898     6.0445     57.110 1.2376e-01     15.713     42.190  31.920002     3.8146    29.1391    12.8259   999.4624     13.517      9.319 0.0000e+00
      9.503 1.0315e-17   198.3332     6.0416     57.083 1.2376e-01     15.713     42.192  31.921458     3.7977    29.0116    12.8260   999.4624     13.516      9.319 0.0000e+00
      9.503 1.1346e-16   198.9063     6.0484     57.061 1.2370e-01     15.713     42.229  31.949580     3.7915    28.8458    12.8261   999.4623     13.516      9.319 0.0000e+00
      9.502 1.2481e-15   199.7990     6.0440     57.065 1.2365e-01     15.713     42.220  31.942781     3.7970    28.8172    12.8259   999.4624     13.516      9.319 0.0000e+00
      9.502 1.3729e-14   200.2653     6.0399     57.087 1.2366e-01     15.714     42.167  31.902700     3.8159    28.9055    12.8259   999.4624     13.515      9.318 0.0000e+00
      9.502 1.5101e-13   200.1558     6.0376     57.077 1.2371e-01     15.714     42.176  31.909091     3.8482    29.2949    12.8258   999.4623     13.516      9.319 0.0000e+00
      9.502 1.6612e-12   199.9383     6.0346     57.015 1.2380e-01     15.713     42.238  31.956614     3.8537    29.9204    12.8259   999.4624     13.516      9.319 0.0000e+00
      9.502 1.8273e-11   199.9581     6.0332     56.879 1.2378e-01     15.713     42.256  31.969709     3.8256    30.2552    12.8258   999.4624     13.516      9.319 0.0000e+00
      9.503 2.0100e-10   200.3091     6.0412     56.742 1.2372e-01     15.713     42.217  31.940529     3.8131    30.2186    12.8257   999.4624     13.517      9.319 0.0000e+00
      9.503 2.2110e-09   200.8257     6.0370     56.708 1.2376e-01     15.713     42.192  31.921042     3.8462    29.6496    12.8258   999.4623     13.516      9.319 0.0000e+00
      9.503 2.4321e-08   201.2151     6.0347     56.738 1.2382e-01     15.714     42.196  31.924428     3.9008    28.6285    12.8257   999.4624     13.516      9.319 0.0000e+00
      9.503 2.6753e-07   201.4041     6.0177     56.824 1.2383e-01     15.714     42.188  31.918029     3.9210    27.9997    12.8258   999.4624     13.517      9.319 0.0000e+00
      9.503 4.0550e-07   201.5622     5.9934     56.924 1.2377e-01     15.714     42.173  31.907118     3.9088    27.8834    12.8258   999.4624     13.517      9.320 0.0000e+00
      9.503 2.4509e-07   201.5786     5.9981     56.954 1.2373e-01     15.714     42.190  31.919389     3.9244    27.8059    12.8256   999.4624     13.517      9.319 0.0000e+00
      9.503 9.2535e-08   201.5158     5.9981     56.979 1.2378e-01     15.713     42.216  31.939508     3.9673    27.6469    12.8256   999.4624     13.517      9.319 0.0000e+00
      9.503 8.4125e-09   201.7489     6.0078     57.055 1.2384e-01     15.712     42.243  31.960035     3.9888    27.5403    12.8256   999.4624     13.516      9.319 0.0000e+00
      9.503 7.6476e-10   202.1598     6.0268     57.134 1.2384e-01     15.712     42.265  31.977244     3.9830    27.4787    12.8256   999.4624     13.516      9.319 0.0000e+00
      9.503 6.9591e-11   202.4400     6.0231     57.202 1.2375e-01     15.712     42.239  31.957238     3.9834    27.2793    12.8256   999.4624     13.516      9.319 0.0000e+00
      9.503 7.0421e-12   202.5556     6.0224     57.208 1.2369e-01     15.712     42.175  31.908478     4.0134    27.0187    12.8256   999.4624     13.516      9.319 0.0000e+00
      9.503 8.5118e-12   202.6981     6.0367     57.142 1.2373e-01     15.712     42.157  31.895268     4.0506    26.8677    12.8257   999.4624     13.517      9.319 0.0000e+00
      9.503 8.7361e-11   202.6137     6.0416     57.082 1.2373e-01     15.712     42.196  31.924418     4.0610    26.7922    12.8258   999.4624     13.516      9.319 0.0000e+00
      9.503 9.6040e-10   202.3088     6.0528     57.059 1.2369e-01     15.712     42.221  31.943697     4.0432    26.8267    12.8259   999.4624     13.516      9.319 0.0000e+00
      9.503 1.0564e-08   202.3673     6.0558     57.077 1.2374e-01     15.712     42.214  31.938024     3.9979    27.8342    12.8256   999.4624     13.516      9.319 0.0000e+00
