Data/DataNotYetUploadedToEDI/Raw_CTD/RawDownloads/110220_fcr50_0007.cnv
* Sea-Bird SBE19plus  Data File:
* FileName = C:\DATA\110220_fcr50_0007.hex
* Software version 2.8.0.119
* Temperature SN = 7809
* Conductivity SN = 7809
* System UpLoad Time = Nov 02 2020 14:53:01
* <ApplicationData>
* <Seaterm232>
# nquan = 16
# nvalues = 3390                        
# units = specified
# name 0 = depFM: Depth [fresh water, m]
# name 1 = dz/dtM: Descent Rate [m/s]
# name 2 = orp: Oxidation Reduction Potential [mV]
# name 3 = sbeox0Mg/L: Oxygen, SBE 43 [mg/l]
# name 4 = sbeox0PS: Oxygen, SBE 43 [% saturation]
# name 5 = par/sat/log: PAR/Logarithmic, Satlantic
# name 6 = ph: pH
# name 7 = specc: Specific Conductance [uS/cm]
# name 8 = c0uS/cm: Conductivity [uS/cm]
# name 9 = flECO-AFL: Fluorescence, WET Labs ECO-AFL/FL [mg/m^3]
# name 10 = turbWETntu0: Turbidity, WET Labs ECO [NTU]
# name 11 = tv290C: Temperature [ITS-90, deg C]
# name 12 = density00: Density [density, kg/m^3]
# name 13 = prdE: Pressure, Strain Gauge [psi]
# name 14 = prdM: Pressure, Strain Gauge [db]
# name 15 = flag:  0.000e+00
# span 0 =     -0.617,      9.731       
# span 1 =     -1.758,      3.857       
# span 2 = -1240.7455,  1234.9354       
# span 3 =     1.4844,    10.1709       
# span 4 =     15.256,     96.392       
# span 5 = 1.2353e-01, 1.9832e+03       
# span 6 =      8.506,     16.478       
# span 7 =      1.336,    147.865       
# span 8 =   0.985416, 112.556516       
# span 9 =    -2.5984,   259.6675       
# span 10 =    -5.9817,    87.7026      
# span 11 =    11.8308,    13.0889      
# span 12 =   999.3706,   999.5220      
# span 13 =     -0.879,     13.842      
# span 14 =     -0.606,      9.544      
# span 15 = 0.0000e+00, 0.0000e+00      
# interval = seconds: 0.25
# start_time = Nov 01 2020 21:13:10 [Instrument's time stamp, header]
# bad_flag = -9.990e-29
*END*
[from data line 2893]
      9.719 1.1109e-36   258.6761     5.0425     48.118 1.2365e-01     15.549     44.574  33.892267     4.0804    32.4874    13.0150   999.4404     13.824      9.531 0.0000e+00
      9.719 1.0100e-37   259.5076     5.0475     48.090 1.2373e-01     15.549     44.564  33.884181     4.1433    32.9453    13.0151   999.4404     13.823      9.531 0.0000e+00
      9.719 9.1815e-39   259.7236     5.0500     48.010 1.2376e-01     15.548     44.524  33.852933     4.1252    33.0071    13.0149   999.4404     13.824      9.532 0.0000e+00
      9.719 8.3465e-40   259.1379     5.0641     47.925 1.2366e-01     15.547     44.496  33.831713     4.1381    33.5783    13.0145   999.4404     13.825      9.531 0.0000e+00
      9.719 7.5880e-41   258.5347     5.0719     47.888 1.2359e-01     15.547     44.479  33.817974     4.1839    34.6682    13.0143   999.4405     13.824      9.531 0.0000e+00
      9.719 6.8980e-42   258.9692     5.0663     47.922 1.2362e-01     15.548     44.475  33.813729     4.2022    35.2664    13.0142   999.4405     13.824      9.531 0.0000e+00
      9.719 6.2710e-43   260.0897     5.0572     47.993 1.2363e-01     15.548     44.515  33.843824     4.1882    35.2841    13.0137   999.4405     13.824      9.531 0.0000e+00
      9.719 5.7010e-44   260.4671     5.0456     48.070 1.2368e-01     15.548     44.543  33.864590     4.1289    35.0872    13.0132   999.4406     13.824      9.531 0.0000e+00
      9.719 5.1825e-45   260.3485     5.0400     48.112 1.2377e-01     15.549     44.557  33.874454     4.0479    34.8430    13.0127   999.4406     13.824      9.531 0.0000e+00
      9.720 4.7114e-46   260.1180     5.0467     48.087 1.2377e-01     15.551     44.590  33.899630     4.0202    34.7686    13.0118   999.4407     13.825      9.532 0.0000e+00
      9.720 4.2831e-47   259.5738     5.0544     48.047 1.2374e-01     15.551     44.611  33.915180     4.0132    34.7723    13.0109   999.4409     13.825      9.532 0.0000e+00
      9.720 3.8969e-48   259.3608     5.0643     48.060 1.2375e-01     15.550     44.638  33.935565     3.9917    34.7158    13.0100   999.4410     13.825      9.532 0.0000e+00
      9.720 3.8816e-49   259.6073     5.0714     48.095 1.2373e-01     15.548     44.664  33.955742     3.9512    34.3607    13.0094   999.4411     13.825      9.532 0.0000e+00
      9.720 4.0826e-49   259.8870     5.0664     48.115 1.2373e-01     15.547     44.680  33.968768     3.8947    33.8435    13.0091   999.4412     13.824      9.531 0.0000e+00
      9.720 4.1398e-48   260.1614     5.0565     48.090 1.2379e-01     15.544     44.677  33.966161     3.8712    33.6456    13.0091   999.4411     13.825      9.532 0.0000e+00
      9.720 4.5506e-47   260.1714     5.0628     48.066 1.2378e-01     15.541     44.622  33.924211     3.8578    33.5814    13.0095   999.4411     13.825      9.532 0.0000e+00
      9.720 5.0056e-46   259.9226     5.0655     48.107 1.2365e-01     15.541     44.597  33.905740     3.7808    33.2735    13.0098   999.4411     13.825      9.532 0.0000e+00
      9.720 5.5061e-45   259.4765     5.0704     48.167 1.2359e-01     15.541     44.633  33.933185     3.6650    32.8413    13.0103   999.4410     13.825      9.532 0.0000e+00
      9.720 6.0567e-44   258.9935     5.0667     48.200 1.2367e-01     15.541     44.640  33.938788     3.6029    32.6477    13.0105   999.4410     13.825      9.532 0.0000e+00
      9.720 6.6624e-43   258.9001     5.0568     48.180 1.2375e-01     15.541     44.602  33.910028     3.6018    32.7178    13.0105   999.4410     13.825      9.532 0.0000e+00
      9.720 7.3287e-42   258.8643     5.0688     48.139 1.2378e-01     15.541     44.592  33.902717     3.6709    33.1058    13.0105   999.4410     13.825      9.532 0.0000e+00
      9.720 8.0615e-41   258.8186     5.0728     48.087 1.2374e-01     15.541     44.606  33.913848     3.7992    33.7677    13.0106   999.4410     13.825      9.532 0.0000e+00
      9.720 8.8677e-40   258.9497     5.0806     48.002 1.2368e-01     15.539     44.611  33.917698     3.8748    34.1637    13.0107   999.4410     13.826      9.533 0.0000e+00
      9.720 9.7545e-39   258.4708     5.0754     47.958 1.2366e-01     15.538     44.652  33.949269     3.8887    34.2877    13.0110   999.4409     13.825      9.532 0.0000e+00
      9.720 1.0730e-37   257.4158     5.0685     47.984 1.2371e-01     15.539     44.690  33.978301     3.9103    34.5119    13.0112   999.4409     13.826      9.533 0.0000e+00
      9.720 1.1803e-36   256.8630     5.0699     48.053 1.2375e-01     15.541     44.655  33.951452     3.9356    34.7800    13.0113   999.4409     13.826      9.532 0.0000e+00
      9.720 1.2983e-35   256.7766     5.0518     48.116 1.2373e-01     15.541     44.643  33.941907     3.9375    34.8859    13.0118   999.4408     13.826      9.532 0.0000e+00
      9.721 1.4281e-34   256.9741     5.0488     48.092 1.2365e-01     15.541     44.706  33.989809     3.9326    34.9002    13.0121   999.4408     13.826      9.533 0.0000e+00
      9.721 1.5710e-33   257.3571     5.0527     48.007 1.2360e-01     15.541     44.750  34.022991     3.9149    34.9519    13.0123   999.4408     13.826      9.533 0.0000e+00
      9.721 1.7281e-32   257.0204     5.0596     47.924 1.2363e-01     15.541     44.754  34.025851     3.8661    35.0645    13.0122   999.4408     13.826      9.533 0.0000e+00
      9.721 1.9009e-31   256.0000     5.0737     47.887 1.2372e-01     15.541     44.752  34.024383     3.8203    35.1639    13.0121   999.4407     13.826      9.533 0.0000e+00
      9.721 2.0910e-30   255.3449     5.0669     47.920 1.2377e-01     15.541     44.727  34.005245     3.7998    35.1589    13.0119   999.4408     13.826      9.533 0.0000e+00
      9.721 2.3000e-29   255.3804     5.0564     48.007 1.2372e-01     15.542     44.701  33.984810     3.7998    35.0375    13.0114   999.4409     13.826      9.533 0.0000e+00
      9.721 2.5301e-28   255.5682     5.0459     48.053 1.2365e-01     15.542     44.679  33.967671     3.8860    34.0737    13.0111   999.4409     13.826      9.532 0.0000e+00
      9.721 2.7831e-27   255.4642     5.0408     47.994 1.2365e-01     15.542     44.623  33.924916     4.0507    32.2949    13.0109   999.4410     13.826      9.533 0.0000e+00
      9.721 3.0614e-26   255.5003     5.0450     47.960 1.2371e-01     15.542     44.607  33.912044     4.1312    31.2809    13.0106   999.4410     13.827      9.533 0.0000e+00
      9.721 3.3675e-25   255.7466     5.0564     47.976 1.2373e-01     15.543     44.643  33.938945     4.1171    31.1854    13.0101   999.4410     13.826      9.533 0.0000e+00
      9.721 3.7043e-24   255.6891     5.0706     47.976 1.2373e-01     15.544     44.636  33.932906     4.0514    31.3115    13.0096   999.4411     13.827      9.533 0.0000e+00
      9.721 4.0747e-23   255.3208     5.0515     47.990 1.2373e-01     15.544     44.596  33.902481     3.9459    31.5702    13.0091   999.4411     13.826      9.533 0.0000e+00
      9.721 4.4821e-22   254.9074     5.0476     47.992 1.2371e-01     15.543     44.578  33.888343     3.8810    31.7047    13.0087   999.4412     13.827      9.533 0.0000e+00
      9.721 4.9304e-21   254.7347     5.0587     48.026 1.2373e-01     15.543     44.579  33.888873     3.8587    31.7017    13.0082   999.4413     13.826      9.533 0.0000e+00
      9.721 5.4234e-20   255.2121     5.0488     48.097 1.2375e-01     15.543     44.605  33.908884     3.8669    32.0142    13.0078   999.4413     13.826      9.533 0.0000e+00
      9.721 5.9657e-19   256.0334     5.0586     48.082 1.2374e-01     15.543     44.646  33.939934     3.9143    32.6679    13.0076   999.4413     13.826      9.533 0.0000e+00
      9.721 6.5623e-18   256.2327     5.0541     48.017 1.2371e-01     15.543     44.655  33.947038     3.9541    33.0829    13.0073   999.4414     13.827      9.533 0.0000e+00
      9.721 7.2185e-17   256.0725     5.0536     47.992 1.2363e-01     15.544     44.635  33.931316     3.9575    33.0833    13.0071   999.4414     13.827      9.533 0.0000e+00
      9.721 7.9404e-16   255.8175     5.0743     47.997 1.2360e-01     15.544     44.646  33.940201     3.9745    32.2952    13.0071   999.4414     13.827      9.533 0.0000e+00
      9.721 8.7344e-15   255.9030     5.0660     47.991 1.2370e-01     15.544     44.713  33.991017     4.0260    30.8670    13.0069   999.4415     13.827      9.533 0.0000e+00
      9.721 9.6079e-14   256.7622     5.0554     47.960 1.2377e-01     15.544     44.775  34.038106     4.0551    30.1311    13.0068   999.4415     13.827      9.534 0.0000e+00
      9.721 1.0569e-12   257.1720     5.0544     47.926 1.2377e-01     15.543     44.811  34.065376     4.0594    30.1275    13.0067   999.4415     13.826      9.533 0.0000e+00
      9.721 1.1626e-11   256.8996     5.0564     47.907 1.2371e-01     15.542     44.814  34.066915     4.0024    30.4114    13.0066   999.4415     13.827      9.533 0.0000e+00
      9.721 1.2788e-10   256.5670     5.0573     47.935 1.2366e-01     15.542     44.801  34.056715     3.8710    30.9192    13.0067   999.4415     13.827      9.533 0.0000e+00
      9.722 1.4067e-09   256.2477     5.0511     47.966 1.2365e-01     15.544     44.817  34.068952     3.8061    31.1860    13.0067   999.4415     13.827      9.534 0.0000e+00
      9.722 1.5474e-08   256.3082     5.0488     47.903 1.2365e-01     15.545     44.842  34.087967     3.8176    31.2343    13.0066   999.4415     13.828      9.534 0.0000e+00
      9.722 1.7021e-07   256.7818     5.0443     47.811 1.2367e-01     15.544     44.853  34.096254     3.8099    31.2288    13.0065   999.4416     13.827      9.534 0.0000e+00
      9.722      0.000   257.1561     5.0467     47.774 1.2366e-01     15.544     44.866  34.105704     3.7903    30.9823    13.0062   999.4416     13.827      9.534 0.0000e+00
      9.722      0.000   257.2200     5.0603     47.777 1.2368e-01     15.544     44.910  34.138764     3.7811    30.5883    13.0061   999.4416     13.827      9.533 0.0000e+00
      9.722      0.000   257.0385     5.0466     47.798 1.2376e-01     15.546     44.962  34.178719     3.7842    30.4469    13.0058   999.4417     13.827      9.534 0.0000e+00
      9.722      0.002   256.7693     5.0324     47.792 1.2378e-01     15.546     45.001  34.208063     3.7996    30.6464    13.0054   999.4417     13.827      9.534 0.0000e+00
      9.722      0.027   256.2876     5.0328     47.757 1.2375e-01     15.544     45.042  34.239743     3.8145    32.1759    13.0053   999.4417     13.827      9.534 0.0000e+00
      9.722      0.302   255.6878     5.0304     47.737 1.2374e-01     15.543     45.048  34.244493     3.8109    34.9328    13.0051   999.4418     13.827      9.534 0.0000e+00
      9.722      3.317   255.5395     5.0377     47.749 1.2371e-01     15.544     44.993  34.202036     3.7949    36.4449    13.0050   999.4418     13.827      9.533 0.0000e+00
      9.722      3.317   255.7859     5.0357     47.757 1.2370e-01     15.546     44.951  34.170577     3.7923    36.4852    13.0050   999.4418     13.827      9.534 0.0000e+00
      9.722      0.302   256.0853     5.0300     47.745 1.2368e-01     15.547     44.965  34.181397     3.7510    35.2822    13.0052   999.4418     13.827      9.534 0.0000e+00
      9.722      0.027   256.2353     5.0267     47.725 1.2361e-01     15.547     44.997  34.205947     3.6476    33.0234    13.0053   999.4418     13.827      9.534 0.0000e+00
      9.722      0.002   255.6197     5.0305     47.687 1.2359e-01     15.546     45.007  34.213598     3.5925    31.7658    13.0055   999.4417     13.828      9.534 0.0000e+00
      9.722      0.000   254.4072     5.0323     47.641 1.2364e-01     15.546     45.003  34.210457     3.6086    31.6810    13.0058   999.4417     13.828      9.534 0.0000e+00
      9.722      0.000   253.7931     5.0286     47.601 1.2370e-01     15.546     45.031  34.231424     3.6701    31.8261    13.0060   999.4417     13.828      9.534 0.0000e+00
      9.722      0.000   253.9589     5.0289     47.567 1.2373e-01     15.546     45.090  34.276740     3.7639    32.0445    13.0060   999.4417     13.828      9.534 0.0000e+00
      9.722 1.7021e-07   254.3470     5.0236     47.549 1.2376e-01     15.546     45.140  34.314190     3.8089    32.1581    13.0058   999.4417     13.828      9.534 0.0000e+00
      9.722 1.5474e-08   254.5280     5.0180     47.557 1.2381e-01     15.546     45.126  34.303496     3.8044    32.2040    13.0056   999.4417     13.828      9.534 0.0000e+00
      9.722 1.4067e-09   254.2536     5.0140     47.563 1.2382e-01     15.545     45.088  34.274352     3.8427    32.5993    13.0055   999.4418     13.828      9.534 0.0000e+00
      9.722 1.2789e-10   253.6111     5.0105     47.529 1.2381e-01     15.545     45.094  34.279092     3.9383    33.3334    13.0053   999.4418     13.828      9.534 0.0000e+00
      9.722 1.1761e-11   253.1261     5.0069     47.436 1.2379e-01     15.545     45.118  34.297342     4.0059    33.7664    13.0053   999.4418     13.827      9.534 0.0000e+00
      9.722 2.5461e-12   253.0348     5.0106     47.344 1.2380e-01     15.546     45.128  34.304661     4.0127    33.7836    13.0052   999.4418     13.828      9.534 0.0000e+00
      9.722 1.6478e-11   253.1108     5.0109     47.304 1.2380e-01     15.546     45.127  34.304131     4.0004    33.6788    13.0053   999.4418     13.827      9.534 0.0000e+00
      9.722 1.8021e-10   253.2704     5.0106     47.294 1.2374e-01     15.546     45.109  34.290930     3.9710    33.0147    13.0054   999.4418     13.828      9.534 0.0000e+00
      9.722 1.9822e-09   253.4158     4.9970     47.309 1.2372e-01     15.546     45.084  34.271951     3.9246    31.7959    13.0052   999.4418     13.828      9.534 0.0000e+00
      9.722 2.1804e-08   253.4057     4.9833     47.305 1.2376e-01     15.546     45.075  34.265020     3.8981    31.1306    13.0053   999.4418     13.828      9.534 0.0000e+00
      9.722 2.3984e-07   253.2352     4.9844     47.322 1.2379e-01     15.546     45.083  34.270584     3.8785    31.1852    13.0054   999.4418     13.828      9.534 0.0000e+00
      9.722 4.3971e-07   253.0750     4.9786     47.392 1.2377e-01     15.546     45.089  34.275765     3.8407    32.6620    13.0053   999.4418     13.828      9.534 0.0000e+00
      9.722 2.3984e-07   253.0168     4.9862     47.409 1.2369e-01     15.544     45.074  34.264217     3.8122    35.4592    13.0053   999.4418     13.828      9.534 0.0000e+00
      9.722 2.1804e-08   253.5633     4.9834     47.384 1.2368e-01     15.544     45.066  34.257861     3.8211    37.0246    13.0052   999.4418     13.827      9.534 0.0000e+00
      9.722 1.9821e-09   254.5203     4.9787     47.394 1.2375e-01     15.545     45.072  34.262366     3.8341    37.1698    13.0052   999.4418     13.828      9.534 0.0000e+00
      9.722 1.8020e-10   254.8657     4.9978     47.430 1.2376e-01     15.545     45.062  34.255245     3.7878    37.1801    13.0053   999.4418     13.828      9.534 0.0000e+00
      9.722 1.6382e-11   254.8138     4.9966     47.513 1.2369e-01     15.545     45.036  34.235207     3.6994    37.2184    13.0052   999.4418     13.828      9.534 0.0000e+00
      9.722 1.4892e-12   254.5817     4.9871     47.617 1.2365e-01     15.543     45.003  34.210456     3.6623    37.2893    13.0054   999.4418     13.828      9.534 0.0000e+00
      9.722 1.3538e-13   254.1242     4.9942     47.686 1.2370e-01     15.542     45.002  34.209802     3.6921    37.2819    13.0056   999.4418     13.828      9.534 0.0000e+00
      9.722 1.2265e-14   254.4446     4.9930     47.723 1.2375e-01     15.541     45.025  34.227296     3.8024    36.4765    13.0057   999.4417     13.828      9.534 0.0000e+00
      9.722 6.5454e-16   255.5298     5.0036     47.739 1.2373e-01     15.541     45.031  34.231606     3.9651    34.9331    13.0058   999.4417     13.829      9.535 0.0000e+00
      9.722 -5.006e-15   256.0603     5.0193     47.780 1.2366e-01     15.542     44.987  34.198461     4.0484    34.0361    13.0060   999.4417     13.828      9.534 0.0000e+00
