Data/DataNotYetUploadedToEDI/Raw_CTD/RawDownloads/110220_fcr50_0008.cnv
* Sea-Bird SBE19plus  Data File:
* FileName = C:\DATA\110220_fcr50_0008.hex
* Software version 2.8.0.119
* Temperature SN = 7809
* Conductivity SN = 7809
* System UpLoad Time = Nov 02 2020 14:54:27
* <ApplicationData>
* <Seaterm232>
# nquan = 16
# nvalues = 3407                        
# units = specified
# name 0 = depFM: Depth [fresh water, m]
# name 1 = dz/dtM: Descent Rate [m/s]
# name 2 = orp: Oxidation Reduction Potential [mV]
# name 3 = sbeox0Mg/L: Oxygen, SBE 43 [mg/l]
# name 4 = sbeox0PS: Oxygen, SBE 43 [% saturation]
# name 5 = par/sat/log: PAR/Logarithmic, Satlantic
# name 6 = ph: pH
# name 7 = specc: Specific Conductance [uS/cm]
# name 8 = c0uS/cm: Conductivity [uS/cm]
# name 9 = flECO-AFL: Fluorescence, WET Labs ECO-AFL/FL [mg/m^3]
# name 10 = turbWETntu0: Turbidity, WET Labs ECO [NTU]
# name 11 = tv290C: Temperature [ITS-90, deg C]
# name 12 = density00: Density [density, kg/m^3]
# name 13 = prdE: Pressure, Strain Gauge [psi]
# name 14 = prdM: Pressure, Strain Gauge [db]
# name 15 = flag:  0.000e+00
# span 0 =     -0.635,      9.698       
# span 1 =     -0.263,      0.233       
# span 2 =  -101.8057,   376.0637       
# span 3 =     5.1483,    10.0915       
# span 4 =     48.991,     96.387       
# span 5 = 1.2353e-01, 1.3376e+03       
# span 6 =     15.645,     15.903       
# span 7 =      1.888,     45.977       
# span 8 =   1.417438,  35.334572       
# span 9 =    -2.0594,     6.4306       
# span 10 =    -3.7871,    42.5300      
# span 11 =    12.2989,    13.6099      
# span 12 =   999.3191,   999.4710      
# span 13 =     -0.905,     13.794      
# span 14 =     -0.624,      9.511      
# span 15 = 0.0000e+00, 0.0000e+00      
# interval = seconds: 0.25
# start_time = Nov 02 2020 02:25:21 [Instrument's time stamp, header]
# bad_flag = -9.990e-29
*END*
[from data line 904]
      4.723      0.038   276.8264     5.7043     54.193 1.2361e-01     15.839     42.655  32.373948     4.4242     9.3390    12.9502   999.4249      6.721      4.634 0.0000e+00
      4.724      0.038   276.5306     5.7116     54.352 1.2371e-01     15.839     42.573  32.310492     4.3885     9.2686    12.9474   999.4252      6.718      4.632 0.0000e+00
      4.727      0.043   276.5362     5.7165     54.529 1.2379e-01     15.839     42.508  32.257541     4.3454     9.1361    12.9468   999.4253      6.722      4.634 0.0000e+00
      4.735      0.051   276.6365     5.7121     54.679 1.2386e-01     15.839     42.493  32.241305     4.3327     9.0754    12.9464   999.4254      6.729      4.639 0.0000e+00
      4.752      0.057   276.7109     5.7068     54.717 1.2388e-01     15.839     42.499  32.241077     4.3396     9.0499    12.9462   999.4255      6.752      4.655 0.0000e+00
      4.778      0.059   276.8331     5.7366     54.610 1.2383e-01     15.840     42.520  32.254775     4.3241     8.9993    12.9448   999.4258      6.795      4.685 0.0000e+00
      4.803      0.057   276.7379     5.7521     54.571 1.2375e-01     15.840     42.554  32.280028     4.2790     8.9790    12.9403   999.4265      6.838      4.716 0.0000e+00
      4.817      0.049   276.4200     5.7710     54.651 1.2373e-01     15.839     42.571  32.292611     4.2321     9.0101    12.9338   999.4273      6.857      4.729 0.0000e+00
      4.822      0.037   276.2590     5.7875     54.852 1.2376e-01     15.839     42.555  32.280026     4.2250     9.0665    12.9279   999.4281      6.857      4.728 0.0000e+00
      4.826      0.024   276.2533     5.7532     55.147 1.2377e-01     15.840     42.522  32.254761     4.2415     9.0766    12.9256   999.4284      6.864      4.732 0.0000e+00
      4.830      0.016   276.1798     5.7567     55.387 1.2376e-01     15.840     42.503  32.240918     4.2396     9.0291    12.9252   999.4285      6.872      4.738 0.0000e+00
      4.832      0.016   276.1447     5.7638     55.571 1.2371e-01     15.839     42.500  32.239557     4.2308     9.0076    12.9242   999.4286      6.873      4.739 0.0000e+00
      4.834      0.021   276.3445     5.7805     55.713 1.2371e-01     15.839     42.499  32.238297     4.2306     9.0568    12.9239   999.4286      6.875      4.740 0.0000e+00
      4.838      0.029   276.5305     5.8273     55.772 1.2375e-01     15.840     42.484  32.225692     4.2371     9.1431    12.9240   999.4286      6.879      4.744 0.0000e+00
      4.844      0.037   276.5016     5.8454     55.768 1.2373e-01     15.840     42.472  32.214042     4.2711     9.3297    12.9245   999.4286      6.886      4.747 0.0000e+00
      4.855      0.043   276.4249     5.8652     55.737 1.2374e-01     15.840     42.490  32.224332     4.3086     9.5969    12.9259   999.4285      6.902      4.758 0.0000e+00
      4.873      0.045   276.2918     5.8836     55.668 1.2377e-01     15.840     42.492  32.223198     4.3279     9.7650    12.9268   999.4285      6.932      4.780 0.0000e+00
      4.890      0.042   276.2687     5.8883     55.591 1.2377e-01     15.840     42.463  32.200334     4.3518     9.8175    12.9250   999.4287      6.959      4.798 0.0000e+00
      4.902      0.036   276.4900     5.8852     55.548 1.2375e-01     15.840     42.465  32.201675     4.3492     9.6820    12.9210   999.4293      6.974      4.808 0.0000e+00
      4.909      0.027   276.6440     5.8863     55.576 1.2376e-01     15.839     42.514  32.239410     4.3066     9.3622    12.9171   999.4298      6.985      4.816 0.0000e+00
      4.912      0.019   276.5812     5.8759     55.640 1.2382e-01     15.839     42.562  32.275899     4.2747     9.1441    12.9137   999.4303      6.988      4.818 0.0000e+00
      4.913      0.017   276.5057     5.8676     55.678 1.2381e-01     15.839     42.544  32.262169     4.2790     9.1045    12.9121   999.4305      6.987      4.818 0.0000e+00
      4.914      0.022   276.4189     5.8604     55.709 1.2371e-01     15.839     42.462  32.200302     4.2910     9.1924    12.9128   999.4304      6.989      4.819 0.0000e+00
      4.915      0.031   276.3928     5.8636     55.724 1.2364e-01     15.839     42.413  32.162349     4.2780     9.3144    12.9133   999.4303      6.989      4.819 0.0000e+00
      4.921      0.040   276.8778     5.8776     55.727 1.2366e-01     15.839     42.443  32.183964     4.2541     9.3092    12.9132   999.4304      6.992      4.822 0.0000e+00
      4.937      0.046   277.5516     5.8747     55.726 1.2377e-01     15.838     42.477  32.207857     4.2603     9.2329    12.9132   999.4305      7.018      4.838 0.0000e+00
      4.959      0.048   277.8288     5.8831     55.726 1.2383e-01     15.838     42.463  32.197445     4.3341     9.1816    12.9134   999.4305      7.058      4.866 0.0000e+00
      4.977      0.045   277.8201     5.8818     55.741 1.2379e-01     15.839     42.445  32.184972     4.4401     9.1355    12.9132   999.4306      7.083      4.884 0.0000e+00
      4.986      0.037   277.4470     5.8830     55.757 1.2375e-01     15.839     42.443  32.183942     4.4827     9.0529    12.9110   999.4309      7.093      4.891 0.0000e+00
      4.991      0.027   277.0161     5.8837     55.775 1.2373e-01     15.840     42.444  32.184992     4.4681     8.9720    12.9090   999.4312      7.098      4.895 0.0000e+00
      4.995      0.017   277.1705     5.8812     55.800 1.2367e-01     15.841     42.461  32.197672     4.4453     8.9465    12.9088   999.4313      7.105      4.899 0.0000e+00
      4.997      0.010   277.5939     5.8855     55.864 1.2369e-01     15.841     42.479  32.210361     4.3692     8.9168    12.9102   999.4311      7.109      4.901 0.0000e+00
      4.997      0.007   277.7465     5.8848     55.980 1.2377e-01     15.840     42.482  32.211516     4.2435     8.8531    12.9117   999.4309      7.108      4.900 0.0000e+00
      4.998      0.008   277.7251     5.8887     56.100 1.2372e-01     15.840     42.482  32.211631     4.1652     8.7596    12.9118   999.4309      7.109      4.901 0.0000e+00
      4.999      0.013   277.7652     5.8885     56.146 1.2367e-01     15.840     42.482  32.211754     4.1482     8.7144    12.9111   999.4310      7.111      4.903 0.0000e+00
      5.001      0.022   277.8867     5.8950     56.077 1.2371e-01     15.840     42.484  32.213003     4.1995     8.8553    12.9102   999.4311      7.113      4.904 0.0000e+00
      5.004      0.032   277.8173     5.9091     55.928 1.2376e-01     15.841     42.502  32.226732     4.2999     9.0555    12.9095   999.4312      7.115      4.906 0.0000e+00
      5.012      0.039   277.4433     5.9257     55.793 1.2377e-01     15.841     42.534  32.250843     4.3513     9.1099    12.9091   999.4313      7.124      4.911 0.0000e+00
      5.030      0.042   277.4079     5.9322     55.704 1.2372e-01     15.840     42.534  32.250748     4.3440     9.0668    12.9091   999.4314      7.151      4.930 0.0000e+00
      5.051      0.044   277.8196     5.9240     55.653 1.2366e-01     15.840     42.501  32.225578     4.2684     8.9803    12.9090   999.4315      7.188      4.957 0.0000e+00
      5.064      0.044   278.0339     5.9030     55.674 1.2364e-01     15.841     42.468  32.200304     4.1521     8.8879    12.9090   999.4315      7.210      4.970 0.0000e+00
      5.067      0.040   278.1059     5.8871     55.751 1.2366e-01     15.841     42.466  32.198952     4.1110     8.8426    12.9086   999.4316      7.207      4.968 0.0000e+00
      5.072      0.035   278.3458     5.8813     55.856 1.2369e-01     15.841     42.480  32.209230     4.1145     8.8101    12.9084   999.4316      7.208      4.969 0.0000e+00
      5.083      0.034   278.2678     5.8708     55.953 1.2374e-01     15.841     42.465  32.197684     4.0614     8.7691    12.9084   999.4317      7.232      4.986 0.0000e+00
      5.093      0.035   277.7639     5.8759     55.990 1.2380e-01     15.841     42.450  32.186243     3.9841     8.7595    12.9083   999.4318      7.250      4.998 0.0000e+00
      5.098      0.037   277.5884     5.8851     55.965 1.2379e-01     15.841     42.466  32.197798     3.9619     8.7961    12.9077   999.4319      7.244      4.994 0.0000e+00
      5.109      0.037   277.7802     5.8961     55.896 1.2374e-01     15.841     42.483  32.210488     3.9732     8.7661    12.9077   999.4319      7.259      5.005 0.0000e+00
      5.125      0.037   278.0186     5.9107     55.839 1.2373e-01     15.841     42.486  32.212785     3.9587     8.7059    12.9083   999.4319      7.300      5.033 0.0000e+00
      5.133      0.036   278.2338     5.9128     55.837 1.2374e-01     15.841     42.503  32.225578     3.8346     8.7554    12.9078   999.4320      7.306      5.038 0.0000e+00
      5.137      0.033   278.0588     5.9108     55.885 1.2371e-01     15.841     42.520  32.238265     3.6267     8.8146    12.9072   999.4321      7.298      5.032 0.0000e+00
      5.148      0.029   277.4515     5.9010     55.970 1.2371e-01     15.840     42.521  32.239295     3.5243     8.8384    12.9073   999.4322      7.324      5.049 0.0000e+00
      5.159      0.024   277.0859     5.8917     56.039 1.2375e-01     15.840     42.519  32.238027     3.5218     8.8717    12.9074   999.4322      7.345      5.064 0.0000e+00
      5.162      0.024   277.2524     5.8942     56.065 1.2376e-01     15.840     42.499  32.222934     3.5773     8.8390    12.9071   999.4322      7.339      5.060 0.0000e+00
      5.164      0.024   277.5714     5.8974     56.075 1.2376e-01     15.841     42.447  32.183699     3.7086     8.7870    12.9071   999.4323      7.342      5.061 0.0000e+00
      5.170      0.024   277.6732     5.9100     56.055 1.2377e-01     15.842     42.395  32.144320     3.8032     8.8259    12.9072   999.4323      7.356      5.071 0.0000e+00
      5.175      0.027   277.5367     5.9192     56.013 1.2372e-01     15.842     42.375  32.127501     3.8440     8.8977    12.9072   999.4323      7.359      5.074 0.0000e+00
      5.184      0.032   277.2976     5.9176     55.970 1.2367e-01     15.842     42.350  32.107236     3.9344     8.9000    12.9073   999.4323      7.371      5.082 0.0000e+00
      5.194      0.035   277.1058     5.9224     55.936 1.2368e-01     15.842     42.329  32.089638     4.0665     8.8191    12.9072   999.4324      7.391      5.096 0.0000e+00
      5.202      0.037   277.1107     5.9185     55.901 1.2374e-01     15.842     42.350  32.105058     4.1443     8.7779    12.9067   999.4324      7.397      5.100 0.0000e+00
      5.212      0.040   277.1841     5.9136     55.835 1.2375e-01     15.841     42.347  32.103339     4.1600     8.8481    12.9056   999.4327      7.409      5.108 0.0000e+00
      5.226      0.043   277.1333     5.9095     55.796 1.2376e-01     15.841     42.302  32.068859     4.0560     8.9123    12.9043   999.4329      7.439      5.129 0.0000e+00
      5.235      0.044   277.3573     5.9044     55.822 1.2376e-01     15.841     42.303  32.068843     3.8492     8.9366    12.9023   999.4332      7.448      5.135 0.0000e+00
      5.242      0.044   277.9987     5.9060     55.861 1.2369e-01     15.841     42.349  32.103152     3.7395     8.9696    12.9007   999.4334      7.446      5.133 0.0000e+00
      5.257      0.043   278.2629     5.8940     55.900 1.2365e-01     15.841     42.349  32.102997     3.7407     9.0024    12.9018   999.4333      7.479      5.157 0.0000e+00
      5.272      0.042   277.9714     5.8868     55.928 1.2365e-01     15.841     42.302  32.066972     3.7778     8.9559    12.9023   999.4334      7.507      5.176 0.0000e+00
      5.281      0.042   277.5719     5.8956     55.935 1.2369e-01     15.841     42.278  32.048249     3.8153     8.8543    12.9005   999.4336      7.509      5.177 0.0000e+00
      5.288      0.040   277.3039     5.8979     55.954 1.2370e-01     15.841     42.303  32.066960     3.8229     8.8375    12.8995   999.4337      7.520      5.185 0.0000e+00
      5.298      0.037   277.6567     5.9025     55.967 1.2370e-01     15.841     42.350  32.102867     3.8311     8.8563    12.8997   999.4338      7.534      5.195 0.0000e+00
      5.310      0.037   278.4819     5.9078     55.936 1.2371e-01     15.841     42.349  32.101709     3.9051     8.9090    12.8996   999.4338      7.551      5.206 0.0000e+00
      5.321      0.037   278.7635     5.9045     55.906 1.2367e-01     15.841     42.285  32.052958     4.0314     9.0280    12.8990   999.4339      7.572      5.220 0.0000e+00
      5.328      0.036   278.5665     5.9084     55.949 1.2362e-01     15.841     42.243  32.020999     4.0898     9.0592    12.8983   999.4340      7.578      5.224 0.0000e+00
      5.336      0.035   278.3369     5.9128     56.026 1.2369e-01     15.841     42.258  32.032534     4.0765     9.0122    12.8978   999.4341      7.584      5.228 0.0000e+00
      5.346      0.033   278.0523     5.9071     56.049 1.2376e-01     15.841     42.301  32.065543     4.0709     9.0090    12.8976   999.4343      7.606      5.244 0.0000e+00
      5.356      0.032   278.2225     5.8994     56.019 1.2376e-01     15.841     42.351  32.102867     4.0499     8.9869    12.8979   999.4342      7.621      5.255 0.0000e+00
      5.362      0.032   278.7606     5.9055     55.962 1.2376e-01     15.841     42.352  32.103127     3.9952     8.9158    12.8980   999.4342      7.626      5.258 0.0000e+00
      5.368      0.033   279.0516     5.9207     55.916 1.2376e-01     15.841     42.307  32.068686     3.9628     8.8360    12.8981   999.4343      7.635      5.264 0.0000e+00
      5.376      0.034   279.1600     5.9194     55.905 1.2376e-01     15.840     42.305  32.067131     3.9632     8.7773    12.8983   999.4343      7.647      5.272 0.0000e+00
      5.385      0.037   279.1246     5.9168     55.906 1.2379e-01     15.840     42.329  32.084331     4.0573     8.8243    12.8980   999.4344      7.661      5.282 0.0000e+00
      5.395      0.039   278.9678     5.9095     55.944 1.2384e-01     15.841     42.332  32.086306     4.2333     8.8891    12.8973   999.4345      7.672      5.290 0.0000e+00
      5.407      0.039   278.7269     5.9015     56.010 1.2379e-01     15.841     42.339  32.091010     4.3267     8.8741    12.8968   999.4346      7.688      5.301 0.0000e+00
      5.420      0.038   278.4489     5.9051     56.057 1.2370e-01     15.841     42.322  32.077756     4.3372     8.8487    12.8963   999.4347      7.714      5.318 0.0000e+00
      5.430      0.036   278.5324     5.9012     56.092 1.2368e-01     15.841     42.290  32.052946     4.3700     8.8225    12.8957   999.4349      7.726      5.327 0.0000e+00
      5.437      0.034   278.8758     5.9059     56.132 1.2369e-01     15.841     42.280  32.044823     4.4370     8.8319    12.8950   999.4350      7.732      5.331 0.0000e+00
      5.444      0.032   279.0724     5.9172     56.162 1.2377e-01     15.841     42.278  32.042983     4.4704     8.8598    12.8946   999.4351      7.743      5.339 0.0000e+00
      5.451      0.031   279.1034     5.9195     56.163 1.2384e-01     15.842     42.263  32.030695     4.4688     8.8167    12.8940   999.4352      7.753      5.345 0.0000e+00
      5.458      0.031   278.7345     5.9238     56.172 1.2383e-01     15.842     42.254  32.023147     4.4842     8.7576    12.8936   999.4352      7.763      5.352 0.0000e+00
      5.468      0.032   278.1396     5.9275     56.172 1.2374e-01     15.842     42.245  32.015177     4.5137     8.7621    12.8927   999.4354      7.778      5.363 0.0000e+00
      5.476      0.032   277.9332     5.9338     56.129 1.2370e-01     15.842     42.224  31.997769     4.5302     8.8366    12.8920   999.4355      7.791      5.372 0.0000e+00
      5.482      0.032   278.0462     5.9304     56.139 1.2374e-01     15.841     42.233  32.003008     4.5306     8.8695    12.8919   999.4356      7.797      5.375 0.0000e+00
      5.491      0.030   278.3007     5.9307     56.210 1.2373e-01     15.840     42.250  32.015071     4.5179     8.8166    12.8915   999.4356      7.808      5.383 0.0000e+00
