Data/DataNotYetUploadedToEDI/Raw_CTD/RawDownloads/110325_fcr50_S7809002.cnv
* Sea-Bird SBE19plus  Data File:
* FileName = C:\R\Reservoirs\Data\DataNotYetUploadedToEDI\Raw_CTD\RawDownloads\102725_fcr50_S7809_0002.hex
* Software version 2.8.0.119
* Temperature SN = 7809
* Conductivity SN = 7809
* System UpLoad Time = Nov 13 2025 15:22:18
* <ApplicationData>
* <Seaterm232>
# nquan = 15
# nvalues = 2100                        
# units = specified
# name 0 = depFM: Depth [fresh water, m]
# name 1 = dz/dtM: Descent Rate [m/s]
# name 2 = sbeox0Mg/L: Oxygen, SBE 43 [mg/l]
# name 3 = sbeox0PS: Oxygen, SBE 43 [% saturation]
# name 4 = specc: Specific Conductance [uS/cm]
# name 5 = c0uS/cm: Conductivity [uS/cm]
# name 6 = flECO-AFL: Fluorescence, WET Labs ECO-AFL/FL [mg/m^3]
# name 7 = ph: pH
# name 8 = orp: Oxidation Reduction Potential [mV]
# name 9 = par/sat/log: PAR/Logarithmic, Satlantic
# name 10 = turbWETntu0: Turbidity, WET Labs ECO [NTU]
# name 11 = prdM: Pressure, Strain Gauge [db]
# name 12 = prdE: Pressure, Strain Gauge [psi]
# name 13 = tv290C: Temperature [ITS-90, deg C]
# name 14 = flag:  0.000e+00
# span 0 =     -0.631,      9.612       
# span 1 =     -0.131,      0.170       
# span 2 =     3.6724,    10.0055       
# span 3 =     34.412,     96.748       
# span 4 =      0.333,    320.422       
# span 5 =   0.300963, 236.626333       
# span 6 =    -1.4710,     1.8411       
# span 7 =     -2.228,      8.882       
# span 8 = -1240.7455,   377.8263       
# span 9 = 1.2360e-01, 1.6002e+03       
# span 10 =     0.3186,   174.7914      
# span 11 =     -0.619,      9.427      
# span 12 =     -0.898,     13.672      
# span 13 =    11.8430,    20.2675      
# span 14 = 0.0000e+00, 0.0000e+00      
# interval = seconds: 0.25
# start_time = Nov 03 2025 13:36:39 [Instrument's time stamp, header]
# bad_flag = -9.990e-29
*END*
[from data line 1928]
      7.669      0.037     5.3118     48.748     45.677  33.694162     0.6648      8.835     9.8648 1.2375e-01    12.3087      7.524     10.913    11.8795 0.0000e+00
      7.678      0.037     5.2989     48.531     45.703  33.713026     0.6639      8.835     9.1980 1.2372e-01    12.1887      7.533     10.925    11.8794 0.0000e+00
      7.682      0.036     5.2878     48.324     45.705  33.714755     0.6359      8.836     8.8866 1.2369e-01    12.0260      7.532     10.924    11.8801 0.0000e+00
      7.687      0.035     5.2877     48.153     45.705  33.715073     0.6254      8.836     9.1109 1.2372e-01    11.9812      7.535     10.929    11.8807 0.0000e+00
      7.698      0.039     5.2709     48.013     45.707  33.716869     0.6284      8.836     9.5004 1.2372e-01    12.0231      7.548     10.947    11.8807 0.0000e+00
      7.709      0.052     5.2421     47.926     45.733  33.736461     0.6557      8.836     9.8107 1.2366e-01    11.9860      7.562     10.968    11.8805 0.0000e+00
      7.718      0.071     5.2199     47.901     45.767  33.761631     0.7225      8.835     9.5926 1.2366e-01    11.9080      7.569     10.978    11.8807 0.0000e+00
      7.730      0.090     5.2022     47.916     45.777  33.767413     0.7612      8.833     8.8416 1.2372e-01    11.8665      7.573     10.983    11.8810 0.0000e+00
      7.756      0.102     5.1856     47.938     45.745  33.742927     0.7665      8.830     7.3566 1.2380e-01    11.9275      7.598     11.021    11.8814 0.0000e+00
      7.797      0.106     5.1754     47.948     45.714  33.719346     0.7778      8.828     4.3711 1.2381e-01    12.2361      7.647     11.091    11.8818 0.0000e+00
      7.839      0.102     5.1740     47.938     45.737  33.736077     0.7644      8.828     0.1050 1.2378e-01    12.5913      7.690     11.154    11.8816 0.0000e+00
      7.870      0.090     5.1776     47.911     45.763  33.754887     0.7291      8.828    -4.4747 1.2381e-01    12.6698      7.722     11.200    11.8800 0.0000e+00
      7.889      0.070     5.1803     47.841     45.765  33.756442     0.7180      8.828    -8.7557 1.2384e-01    12.6389      7.741     11.229    11.8781 0.0000e+00
      7.897      0.047     5.1822     47.715     45.761  33.754882     0.7125      8.829   -12.5083 1.2381e-01    12.6284      7.745     11.233    11.8777 0.0000e+00
      7.900      0.029     5.1802     47.585     45.733  33.736020     0.6799      8.829   -15.5171 1.2378e-01    12.6114      7.745     11.234    11.8778 0.0000e+00
      7.904      0.018     5.1786     47.486     45.708  33.718723     0.6409      8.829   -17.7744 1.2378e-01    12.6039      7.751     11.242    11.8775 0.0000e+00
      7.907      0.014     5.1730     47.411     45.728  33.736078     0.6229      8.829   -19.5828 1.2376e-01    12.5374      7.755     11.247    11.8774 0.0000e+00
      7.908      0.016     5.1555     47.360     45.752  33.755524     0.6370      8.829   -21.1212 1.2371e-01    12.4554      7.754     11.246    11.8783 0.0000e+00
      7.910      0.021     5.1398     47.347     45.762  33.763518     0.6614      8.829   -22.3501 1.2371e-01    12.4328      7.756     11.249    11.8799 0.0000e+00
      7.915      0.027     5.1301     47.380     45.770  33.769287     0.6688      8.830   -23.4288 1.2375e-01    12.4346      7.762     11.257    11.8822 0.0000e+00
      7.921      0.034     5.1215     47.449     45.761  33.761828     0.6509      8.830   -24.6995 1.2374e-01    12.3754      7.766     11.264    11.8851 0.0000e+00
      7.932      0.039     5.1153     47.546     45.729  33.736770     0.6043      8.830   -26.0986 1.2376e-01    12.3314      7.775     11.278    11.8867 0.0000e+00
      7.947      0.044     5.1128     47.671     45.707  33.720090     0.5710      8.830   -27.3535 1.2376e-01    12.4150      7.795     11.305    11.8874 0.0000e+00
      7.961      0.048     5.1173     47.799     45.750  33.750497     0.5904      8.829   -28.3426 1.2371e-01    12.4648      7.810     11.328    11.8878 0.0000e+00
      7.971      0.050     5.1254     47.901     45.803  33.787182     0.6137      8.829   -28.8513 1.2374e-01    12.4552      7.817     11.339    11.8867 0.0000e+00
      7.981      0.050     5.1351     47.977     45.799  33.782974     0.5942      8.829   -29.0300 1.2380e-01    12.4696      7.824     11.349    11.8853 0.0000e+00
      7.995      0.050     5.1503     48.019     45.774  33.763062     0.5791      8.828   -29.6432 1.2380e-01    12.5361      7.839     11.370    11.8843 0.0000e+00
      8.010      0.051     5.1661     47.987     45.739  33.736764     0.6136      8.827   -30.8444 1.2380e-01    12.7129      7.857     11.396    11.8829 0.0000e+00
      8.024      0.051     5.1765     47.881     45.714  33.718786     0.6540      8.826   -32.1111 1.2380e-01    12.7962      7.869     11.414    11.8807 0.0000e+00
      8.036      0.051     5.1847     47.744     45.736  33.736027     0.6683      8.826   -32.8272 1.2377e-01    12.7572      7.879     11.428    11.8785 0.0000e+00
      8.048      0.048     5.1923     47.590     45.761  33.754882     0.6608      8.827   -33.0497 1.2377e-01    12.6862      7.891     11.446    11.8773 0.0000e+00
      8.063      0.044     5.1886     47.411     45.763  33.756427     0.6311      8.829   -33.6822 1.2377e-01    12.5532      7.908     11.469    11.8772 0.0000e+00
      8.075      0.042     5.1748     47.247     45.760  33.754711     0.6247      8.830   -34.9684 1.2377e-01    12.5488      7.921     11.488    11.8774 0.0000e+00
      8.083      0.041     5.1588     47.146     45.733  33.734133     0.6586      8.830   -36.4704 1.2381e-01    12.5997      7.927     11.498    11.8778 0.0000e+00
      8.090      0.040     5.1443     47.107     45.684  33.697955     0.6664      8.830   -38.0764 1.2381e-01    12.5191      7.933     11.506    11.8785 0.0000e+00
      8.099      0.039     5.1225     47.126     45.684  33.697964     0.6357      8.829   -39.6731 1.2376e-01    12.4272      7.941     11.518    11.8793 0.0000e+00
      8.111      0.039     5.1016     47.165     45.732  33.734234     0.6126      8.829   -40.8913 1.2376e-01    12.4113      7.954     11.536    11.8794 0.0000e+00
      8.123      0.040     5.0927     47.201     45.761  33.755814     0.6193      8.829   -41.7923 1.2378e-01    12.4980      7.967     11.555    11.8792 0.0000e+00
      8.133      0.041     5.0871     47.273     45.779  33.768552     0.6343      8.830   -42.6517 1.2381e-01    12.6218      7.977     11.569    11.8789 0.0000e+00
      8.142      0.043     5.0914     47.376     45.769  33.761367     0.6191      8.830   -43.5392 1.2383e-01    12.6435      7.985     11.581    11.8788 0.0000e+00
      8.152      0.045     5.0980     47.464     45.729  33.732387     0.6182      8.830   -44.4349 1.2378e-01    12.6586      7.993     11.594    11.8790 0.0000e+00
      8.162      0.047     5.0977     47.539     45.733  33.735378     0.6404      8.829   -45.2213 1.2371e-01    12.7701      8.003     11.608    11.8795 0.0000e+00
      8.175      0.050     5.1062     47.615     45.731  33.734078     0.6462      8.828   -45.8208 1.2373e-01    12.7966      8.016     11.626    11.8800 0.0000e+00
      8.191      0.052     5.1207     47.675     45.707  33.716670     0.6469      8.828   -46.2630 1.2379e-01    12.6711      8.031     11.649    11.8801 0.0000e+00
      8.206      0.052     5.1292     47.718     45.705  33.715244     0.6316      8.828   -46.6964 1.2381e-01    12.5509      8.048     11.673    11.8800 0.0000e+00
      8.220      0.050     5.1357     47.740     45.708  33.716830     0.6278      8.829   -47.1024 1.2377e-01    12.5380      8.062     11.693    11.8799 0.0000e+00
      8.231      0.047     5.1461     47.717     45.735  33.735851     0.6423      8.829   -47.4724 1.2370e-01    12.5498      8.072     11.708    11.8802 0.0000e+00
      8.242      0.042     5.1521     47.671     45.760  33.754883     0.6489      8.829   -48.1590 1.2370e-01    12.5573      8.083     11.723    11.8805 0.0000e+00
      8.253      0.038     5.1556     47.624     45.762  33.756613     0.6497      8.829   -49.0365 1.2371e-01    12.5938      8.095     11.741    11.8803 0.0000e+00
      8.263      0.036     5.1617     47.571     45.761  33.756771     0.6266      8.830   -49.4784 1.2376e-01    12.5476      8.105     11.755    11.8800 0.0000e+00
      8.270      0.036     5.1564     47.525     45.760  33.756786     0.6118      8.830   -49.4577 1.2381e-01    12.5114      8.110     11.763    11.8798 0.0000e+00
      8.277      0.036     5.1501     47.485     45.760  33.756796     0.6363      8.830   -49.3892 1.2383e-01    12.5654      8.116     11.771    11.8797 0.0000e+00
      8.287      0.036     5.1470     47.455     45.760  33.756900     0.6483      8.829   -49.5097 1.2386e-01    12.5514      8.125     11.784    11.8801 0.0000e+00
      8.298      0.037     5.1390     47.469     45.762  33.758044     0.6234      8.829   -50.1407 1.2385e-01    12.4451      8.138     11.802    11.8807 0.0000e+00
      8.309      0.040     5.1350     47.516     45.779  33.770629     0.6026      8.830   -51.1680 1.2382e-01    12.3727      8.149     11.819    11.8814 0.0000e+00
      8.317      0.044     5.1308     47.552     45.795  33.782164     0.6135      8.830   -51.8638 1.2378e-01    12.4960      8.156     11.829    11.8820 0.0000e+00
      8.326      0.048     5.1250     47.565     45.780  33.770629     0.6464      8.831   -52.1006 1.2375e-01    12.7404      8.164     11.841    11.8819 0.0000e+00
      8.338      0.051     5.1272     47.574     45.764  33.758044     0.6511      8.831   -52.2244 1.2372e-01    12.8001      8.176     11.858    11.8817 0.0000e+00
      8.353      0.055     5.1351     47.575     45.763  33.756886     0.6198      8.831   -52.5860 1.2369e-01    12.7059      8.191     11.879    11.8812 0.0000e+00
      8.370      0.056     5.1394     47.561     45.763  33.756626     0.6016      8.831   -53.3755 1.2370e-01    12.6594      8.208     11.905    11.8804 0.0000e+00
      8.387      0.056     5.1391     47.550     45.762  33.754900     0.6222      8.831   -54.2848 1.2371e-01    12.7160      8.226     11.931    11.8804 0.0000e+00
      8.402      0.055     5.1403     47.525     45.737  33.736023     0.6608      8.831   -54.9769 1.2372e-01    12.8444      8.241     11.952    11.8803 0.0000e+00
      8.414      0.053     5.1422     47.488     45.714  33.718720     0.6605      8.832   -55.4623 1.2375e-01    12.8454      8.251     11.968    11.8797 0.0000e+00
      8.425      0.050     5.1380     47.469     45.738  33.736023     0.6266      8.832   -56.4541 1.2375e-01    12.6939      8.262     11.984    11.8785 0.0000e+00
      8.437      0.047     5.1390     47.442     45.763  33.754898     0.6086      8.832   -58.6236 1.2375e-01    12.5494      8.273     12.000    11.8774 0.0000e+00
      8.450      0.044     5.1371     47.412     45.764  33.756599     0.6186      8.832   -61.3021 1.2379e-01    12.4993      8.286     12.018    11.8771 0.0000e+00
      8.463      0.041     5.1289     47.405     45.764  33.756584     0.6396      8.831   -63.6304 1.2380e-01    12.5658      8.301     12.038    11.8771 0.0000e+00
      8.474      0.038     5.1308     47.394     45.761  33.754725     0.6371      8.831   -65.4368 1.2381e-01    12.5683      8.311     12.054    11.8767 0.0000e+00
      8.482      0.035     5.1272     47.363     45.732  33.734120     0.6216      8.831   -66.8816 1.2377e-01    12.5297      8.318     12.064    11.8770 0.0000e+00
      8.488      0.032     5.1210     47.342     45.682  33.697784     0.6433      8.831   -68.1929 1.2374e-01    12.6109      8.324     12.071    11.8781 0.0000e+00
      8.496      0.030     5.1231     47.331     45.680  33.696068     0.6837      8.831   -69.3319 1.2378e-01    12.6619      8.332     12.084    11.8788 0.0000e+00
      8.505      0.029     5.1226     47.313     45.703  33.713372     0.6937      8.831   -70.2428 1.2379e-01    12.6344      8.342     12.098    11.8795 0.0000e+00
      8.511      0.031     5.1166     47.308     45.708  33.716661     0.6718      8.831   -70.9478 1.2379e-01    12.6201      8.347     12.106    11.8801 0.0000e+00
      8.517      0.033     5.1145     47.331     45.735  33.735836     0.6433      8.831   -71.4880 1.2382e-01    12.6940      8.352     12.113    11.8802 0.0000e+00
      8.525      0.034     5.1156     47.359     45.761  33.754883     0.6413      8.832   -72.0425 1.2377e-01    12.8110      8.360     12.125    11.8801 0.0000e+00
      8.535      0.034     5.1113     47.372     45.763  33.756614     0.6634      8.832   -72.6615 1.2372e-01    12.8045      8.368     12.138    11.8798 0.0000e+00
      8.547      0.036     5.1102     47.396     45.764  33.756772     0.6783      8.833   -72.9504 1.2373e-01    12.6492      8.382     12.157    11.8795 0.0000e+00
      8.558      0.039     5.1140     47.434     45.765  33.756787     0.6631      8.833   -72.9536 1.2373e-01    12.4704      8.395     12.175    11.8794 0.0000e+00
      8.564      0.041     5.1186     47.453     45.768  33.756799     0.6303      8.832   -73.2165 1.2370e-01    12.4532      8.398     12.180    11.8791 0.0000e+00
      8.569      0.041     5.1182     47.451     45.773  33.756909     0.6228      8.831   -73.6340 1.2369e-01    12.5778      8.401     12.183    11.8790 0.0000e+00
      8.583      0.042     5.1195     47.422     45.779  33.758116     0.6392      8.831   -74.1308 1.2371e-01    12.6448      8.415     12.205    11.8790 0.0000e+00
      8.599      0.045     5.1276     47.367     45.799  33.771387     0.6530      8.832   -74.7479 1.2373e-01    12.6148      8.436     12.235    11.8788 0.0000e+00
      8.611      0.049     5.1278     47.312     45.826  33.790473     0.6574      8.833   -74.9874 1.2373e-01    12.5902      8.446     12.250    11.8758 0.0000e+00
      8.620      0.051     5.1293     47.267     45.840  33.798558     0.6589      8.834   -74.9613 1.2374e-01    12.6204      8.450     12.257    11.8708 0.0000e+00
      8.632      0.051     5.1270     47.208     45.853  33.805691     0.6619      8.834   -75.2927 1.2379e-01    12.7067      8.464     12.276    11.8674 0.0000e+00
      8.647      0.052     5.1194     47.160     45.865  33.813257     0.6521      8.833   -75.8105 1.2379e-01    12.7461      8.482     12.302    11.8658 0.0000e+00
      8.662      0.055     5.1126     47.162     45.884  33.826590     0.6323      8.833   -76.1464 1.2377e-01    12.6858      8.496     12.322    11.8651 0.0000e+00
      8.675      0.055     5.1103     47.173     45.904  33.840007     0.6392      8.833   -76.3427 1.2379e-01    12.6948      8.506     12.337    11.8631 0.0000e+00
      8.689      0.053     5.1039     47.145     45.918  33.848601     0.6677      8.833   -76.2911 1.2380e-01    12.7528      8.520     12.356    11.8599 0.0000e+00
      8.705      0.049     5.0941     47.052     45.944  33.867048     0.6774      8.833   -76.0382 1.2379e-01    12.7042      8.536     12.380    11.8585 0.0000e+00
      8.720      0.047     5.0989     46.897     45.952  33.872712     0.6654      8.833   -75.9518 1.2381e-01    12.5849      8.553     12.405    11.8579 0.0000e+00
      8.730      0.046     5.1015     46.712     45.927  33.853622     0.6398      8.833   -76.0206 1.2387e-01    12.5069      8.563     12.419    11.8564 0.0000e+00
      8.737      0.043     5.0993     46.503     45.890  33.826581     0.6252      8.833   -76.2678 1.2388e-01    12.5466      8.567     12.426    11.8546 0.0000e+00
      8.747      0.040     5.0907     46.276     45.853  33.799540     0.6389      8.833   -76.7907 1.2386e-01    12.6886      8.576     12.438    11.8534 0.0000e+00
      8.759      0.038     5.0703     46.058     45.827  33.780451     0.6562      8.833   -77.1797 1.2383e-01    12.7894      8.590     12.458    11.8529 0.0000e+00
      8.770      0.038     5.0516     45.865     45.834  33.786115     0.6507      8.833   -77.2714 1.2378e-01    12.7409      8.602     12.476    11.8528 0.0000e+00
