Data/DataNotYetUploadedToEDI/Raw_CTD/RawDownloads/110325_fcr50_S7809002.cnv
* Sea-Bird SBE19plus  Data File:
* FileName = C:\R\Reservoirs\Data\DataNotYetUploadedToEDI\Raw_CTD\RawDownloads\102725_fcr50_S7809_0002.hex
* Software version 2.8.0.119
* Temperature SN = 7809
* Conductivity SN = 7809
* System UpLoad Time = Nov 13 2025 15:22:18
* <ApplicationData>
* <Seaterm232>
# nquan = 15
# nvalues = 2100                        
# units = specified
# name 0 = depFM: Depth [fresh water, m]
# name 1 = dz/dtM: Descent Rate [m/s]
# name 2 = sbeox0Mg/L: Oxygen, SBE 43 [mg/l]
# name 3 = sbeox0PS: Oxygen, SBE 43 [% saturation]
# name 4 = specc: Specific Conductance [uS/cm]
# name 5 = c0uS/cm: Conductivity [uS/cm]
# name 6 = flECO-AFL: Fluorescence, WET Labs ECO-AFL/FL [mg/m^3]
# name 7 = ph: pH
# name 8 = orp: Oxidation Reduction Potential [mV]
# name 9 = par/sat/log: PAR/Logarithmic, Satlantic
# name 10 = turbWETntu0: Turbidity, WET Labs ECO [NTU]
# name 11 = prdM: Pressure, Strain Gauge [db]
# name 12 = prdE: Pressure, Strain Gauge [psi]
# name 13 = tv290C: Temperature [ITS-90, deg C]
# name 14 = flag:  0.000e+00
# span 0 =     -0.631,      9.612       
# span 1 =     -0.131,      0.170       
# span 2 =     3.6724,    10.0055       
# span 3 =     34.412,     96.748       
# span 4 =      0.333,    320.422       
# span 5 =   0.300963, 236.626333       
# span 6 =    -1.4710,     1.8411       
# span 7 =     -2.228,      8.882       
# span 8 = -1240.7455,   377.8263       
# span 9 = 1.2360e-01, 1.6002e+03       
# span 10 =     0.3186,   174.7914      
# span 11 =     -0.619,      9.427      
# span 12 =     -0.898,     13.672      
# span 13 =    11.8430,    20.2675      
# span 14 = 0.0000e+00, 0.0000e+00      
# interval = seconds: 0.25
# start_time = Nov 03 2025 13:36:39 [Instrument's time stamp, header]
# bad_flag = -9.990e-29
*END*
[from data line 868]
      0.280 4.7909e-24     6.3187     60.143     45.621  34.721134     0.6939      8.854   176.9570 3.6126e+02    10.1381      0.275      0.398    13.0737 0.0000e+00
      0.280 9.6925e-23     6.3210     60.173     45.654  34.746294     0.6702      8.854   177.0602 3.4871e+02    10.0691      0.275      0.399    13.0675 0.0000e+00
      0.280 1.0702e-21     6.3196     60.203     45.669  34.758983     0.6763      8.855   177.2028 3.5220e+02    10.1259      0.275      0.399    13.0602 0.0000e+00
      0.280 1.1773e-20     6.3229     60.228     45.650  34.747656     0.7098      8.855   177.1325 3.6776e+02    10.2429      0.276      0.400    13.0526 0.0000e+00
      0.280 1.2950e-19     6.3311     60.220     45.630  34.736235     0.7174      8.855   177.0702 3.9257e+02    10.2202      0.275      0.399    13.0498 0.0000e+00
      0.280 1.4245e-18     6.3314     60.183     45.641  34.747790     0.6934      8.854   177.0517 4.0342e+02    10.0912      0.275      0.399    13.0504 0.0000e+00
      0.280 1.5669e-17     6.3354     60.140     45.655  34.760480     0.7016      8.854   176.9092 3.7595e+02    10.1179      0.275      0.398    13.0516 0.0000e+00
      0.280 1.7236e-16     6.3392     60.115     45.653  34.762767     0.7331      8.854   176.7241 3.3880e+02    10.2699      0.275      0.399    13.0551 0.0000e+00
      0.280 1.8960e-15     6.3372     60.115     45.662  34.775455     0.7412      8.853   176.6200 3.4707e+02    10.3233      0.275      0.399    13.0597 0.0000e+00
      0.280 2.0856e-14     6.3318     60.136     45.665  34.787000     0.7254      8.853   176.5972 3.7815e+02    10.2509      0.275      0.398    13.0630 0.0000e+00
      0.280 2.2941e-13     6.3262     60.179     45.639  34.775464     0.7000      8.853   176.6205 3.7949e+02    10.1462      0.275      0.399    13.0649 0.0000e+00
      0.281 2.5236e-12     6.3224     60.231     45.620  34.762879     0.7003      8.853   176.6440 4.2741e+02    10.1172      0.276      0.400    13.0679 0.0000e+00
      0.281 2.7759e-11     6.3225     60.261     45.624  34.761735     0.7292      8.853   176.5360 4.9181e+02    10.2071      0.275      0.399    13.0746 0.0000e+00
      0.281 3.0535e-10     6.3223     60.271     45.630  34.761630     0.7497      8.854   176.3482 4.6002e+02    10.2769      0.276      0.400    13.0862 0.0000e+00
      0.281 3.3589e-09     6.3253     60.255     45.634  34.761612     0.7397      8.854   176.2661 4.5189e+02    10.2085      0.275      0.399    13.0984 0.0000e+00
      0.280 3.6947e-08     6.3329     60.220     45.634  34.761507     0.7088      8.854   176.3180 5.0757e+02    10.0981      0.275      0.399    13.1007 0.0000e+00
      0.280 4.0642e-07     6.3357     60.195     45.631  34.760363     0.6999      8.854   176.4587 4.8444e+02    10.1037      0.275      0.399    13.0929 0.0000e+00
      0.280      0.000     6.3387     60.176     45.611  34.747778     0.7069      8.853   176.5909 4.0065e+02    10.1397      0.275      0.399    13.0858 0.0000e+00
      0.280      0.000     6.3379     60.171     45.588  34.736251     0.7111      8.853   176.5394 3.6883e+02    10.0888      0.275      0.399    13.0834 0.0000e+00
      0.281      0.001     6.3309     60.190     45.594  34.747889     0.7173      8.853   176.2664 3.7864e+02    10.0351      0.276      0.400    13.0839 0.0000e+00
      0.281      0.001     6.3304     60.217     45.603  34.761608     0.7149      8.853   175.9578 3.8669e+02    10.0361      0.275      0.399    13.0846 0.0000e+00
      0.281      0.000     6.3268     60.237     45.612  34.775232     0.7241      8.853   175.9054 3.8138e+02    10.0681      0.276      0.400    13.0873 0.0000e+00
      0.281 1.8784e-08     6.3243     60.245     45.621  34.785726     0.7282      8.853   176.0625 3.5058e+02    10.0108      0.276      0.400    13.0949 0.0000e+00
      0.281 2.0663e-07     6.3269     60.253     45.589  34.761606     0.7067      8.853   176.1370 3.2787e+02     9.8902      0.277      0.401    13.1031 0.0000e+00
      0.281 2.4081e-07     6.3284     60.247     45.556  34.737382     0.6964      8.853   176.1177 3.3534e+02     9.9078      0.276      0.400    13.1104 0.0000e+00
      0.281 4.3205e-07     6.3308     60.229     45.562  34.746630     0.7128      8.853   176.0018 3.5244e+02    10.0878      0.276      0.400    13.1184 0.0000e+00
      0.281      0.000     6.3285     60.212     45.552  34.746535     0.7384      8.853   175.8533 3.6874e+02    10.2554      0.276      0.400    13.1231 0.0000e+00
      0.281      0.000     6.3318     60.184     45.532  34.736236     0.7401      8.852   175.7858 3.8148e+02    10.2270      0.275      0.399    13.1210 0.0000e+00
      0.282      0.001     6.3308     60.147     45.547  34.749016     0.7169      8.852   175.7017 5.2138e+02    10.1197      0.276      0.401    13.1201 0.0000e+00
      0.282      0.001     6.3265     60.098     45.582  34.774159     0.7155      8.852   175.6102 6.8000e+02    10.1536      0.276      0.401    13.1276 0.0000e+00
      0.282      0.002     6.3253     60.047     45.604  34.786443     0.7393      8.852   175.7983 5.9674e+02    10.2615      0.277      0.401    13.1379 0.0000e+00
      0.282      0.008     6.3202     60.019     45.593  34.770634     0.7471      8.845   176.3410 4.6613e+02    10.3310      0.277      0.402    13.1433 0.0000e+00
      0.282      0.025     6.3172     60.018     45.525  34.709905     0.7263      8.823   176.9237 4.5206e+02    10.3110      0.277      0.400    13.1446 0.0000e+00
      0.283      0.045     6.3117     60.028     45.435  34.623198     0.6962      8.794   177.1653 4.4836e+02    10.2243      0.279      0.404    13.1429 0.0000e+00
      0.286      0.054     6.3055     60.042     45.463  34.610515     0.6990      8.773   176.9385 3.8398e+02    10.2391      0.276      0.401    13.1380 0.0000e+00
      0.307      0.045     6.3040     60.060     45.603  34.683406     0.7267      8.763   176.6769 3.1350e+02    10.3196      0.286      0.414    13.1284 0.0000e+00
      0.353      0.021     6.3058     60.055     45.688  34.743106     0.7242      8.758   176.6694 2.9949e+02    10.2741      0.352      0.509    13.1196 0.0000e+00
      0.385     -0.014     6.3091     60.035     45.683  34.761315     0.7097      8.756   176.6766 3.0997e+02    10.2016      0.401      0.582    13.1092 0.0000e+00
      0.368     -0.055     6.3156     60.030     45.667  34.776695     0.7342      8.756   176.5921 3.1304e+02    10.2975      0.370      0.537    13.0642 0.0000e+00
      0.323     -0.096     6.3277     60.050     45.671  34.802201     0.7795      8.758   176.3353 3.3403e+02    10.4432      0.314      0.455    13.0089 0.0000e+00
      0.275     -0.125     6.3272     60.061     45.666  34.815941     0.7998      8.761   175.9808 4.1482e+02    10.4265      0.269      0.390    13.0072 0.0000e+00
      0.230     -0.131     6.3175     60.035     45.649  34.815941     0.7710      8.762   176.0051 5.8044e+02    10.2655      0.225      0.327    13.0442 0.0000e+00
      0.190     -0.116     6.3126     59.981     45.620  34.802220     0.7230      8.761   176.2848 7.2693e+02    10.1364      0.180      0.262    13.0762 0.0000e+00
      0.162     -0.093     6.3123     59.898     45.581  34.776955     0.7105      8.760   176.3516 6.9908e+02    10.1644      0.151      0.219    13.0995 0.0000e+00
      0.152     -0.069     6.3138     59.820     45.563  34.764257     0.7191      8.759   176.3824 5.9251e+02    10.2621      0.147      0.214    13.1188 0.0000e+00
      0.147     -0.044     6.3059     59.751     45.579  34.775584     0.6944      8.758   176.3998 5.4133e+02    10.2244      0.150      0.218    13.1332 0.0000e+00
      0.135     -0.022     6.3013     59.640     45.597  34.787015     0.6445      8.757   176.2182 5.1697e+02    10.0835      0.132      0.192    13.1427 0.0000e+00
      0.123     -0.006     6.2898     59.499     45.584  34.775573     0.6230      8.757   176.0787 5.1901e+02    10.0277      0.116      0.168    13.1461 0.0000e+00
      0.123      0.007     6.2793     59.370     45.568  34.764133     0.6423      8.756   176.0904 5.5470e+02    10.0962      0.116      0.170    13.1475 0.0000e+00
      0.133      0.020     6.2782     59.250     45.579  34.775583     0.6782      8.755   176.1007 5.6879e+02    10.1950      0.128      0.187    13.1465 0.0000e+00
      0.146      0.031     6.2641     59.103     45.588  34.787129     0.6824      8.755   176.0317 5.4418e+02    10.1979      0.145      0.210    13.1416 0.0000e+00
      0.157      0.038     6.2484     58.961     45.568  34.776841     0.6440      8.755   175.9437 5.2068e+02    10.1305      0.154      0.223    13.1407 0.0000e+00
      0.167      0.038     6.2336     58.880     45.563  34.778088     0.6140      8.757   175.8971 5.1529e+02    10.0973      0.164      0.237    13.1423 0.0000e+00
      0.177      0.034     6.2246     58.890     45.586  34.802217     0.6265      8.760   175.8130 4.7756e+02    10.1381      0.174      0.252    13.1440 0.0000e+00
      0.186      0.028     6.2061     58.993     45.594  34.814802     0.6624      8.763   175.7012 4.4576e+02    10.2137      0.183      0.266    13.1503 0.0000e+00
      0.193      0.022     6.1869     59.148     45.573  34.803361     0.6650      8.766   175.5776 5.5787e+02    10.1921      0.191      0.277    13.1564 0.0000e+00
      0.197      0.016     6.1787     59.353     45.553  34.790784     0.6332      8.768   175.4375 6.3471e+02    10.1497      0.194      0.281    13.1612 0.0000e+00
      0.199      0.011     6.1756     59.577     45.548  34.789631     0.6188      8.770   175.3833 4.9185e+02    10.1795      0.196      0.285    13.1687 0.0000e+00
      0.201      0.008     6.1908     59.768     45.546  34.789422     0.6410      8.773   175.2671 3.8112e+02    10.2106      0.198      0.287    13.1767 0.0000e+00
      0.202      0.008     6.2033     59.903     45.547  34.788269     0.6774      8.775   175.0650 3.9635e+02    10.2530      0.198      0.287    13.1812 0.0000e+00
      0.202      0.009     6.2267     59.972     45.535  34.775684     0.6757      8.775   175.0035 4.0378e+02    10.2133      0.198      0.287    13.1836 0.0000e+00
      0.203      0.005     6.2526     59.992     45.526  34.764148     0.6374      8.774   174.9548 3.8765e+02    10.1413      0.199      0.288    13.1870 0.0000e+00
      0.207     -0.006     6.2714     59.978     45.547  34.775685     0.6302      8.773   174.9057 3.9212e+02    10.1340      0.201      0.290    13.1894 0.0000e+00
      0.216     -0.026     6.2884     59.946     45.571  34.788272     0.6473      8.771   175.0127 4.0882e+02    10.0221      0.213      0.309    13.1867 0.0000e+00
      0.218     -0.050     6.2938     59.921     45.580  34.789436     0.6526      8.770   174.9573 4.1599e+02     9.8473      0.224      0.326    13.1823 0.0000e+00
      0.200     -0.073     6.2968     59.908     45.583  34.789749     0.6518      8.770   174.5803 4.4366e+02     9.7973      0.202      0.293    13.1785 0.0000e+00
      0.166     -0.093     6.2955     59.879     45.583  34.792056     0.6547      8.770   174.2400 5.4135e+02     9.9298      0.163      0.236    13.1722 0.0000e+00
      0.128     -0.108     6.2917     59.847     45.608  34.817330     0.6713      8.771   174.1125 7.0028e+02    10.1516      0.126      0.182    13.1660 0.0000e+00
      0.093     -0.117     6.2894     59.851     45.632  34.841555     0.6610      8.773   174.0714 8.3001e+02    10.2237      0.088      0.127    13.1592 0.0000e+00
      0.065     -0.117     6.2908     59.877     45.611  34.831172     0.6217      8.777   173.9150 8.9304e+02    10.1523      0.062      0.090    13.1554 0.0000e+00
      0.043     -0.110     6.2869     59.905     45.588  34.818691     0.5962      8.780   173.6845 1.0069e+03    10.1082      0.044      0.064    13.1596 0.0000e+00
      0.018     -0.100     6.2789     59.902     45.581  34.817556     0.5936      8.782   173.4346 1.3605e+03    10.1347      0.021      0.031    13.1670 0.0000e+00
     -0.014     -0.089     6.2807     59.832     45.577  34.817453     0.6076      8.784   173.1313 1.6002e+03    10.2338     -0.014     -0.020    13.1738 0.0000e+00
     -0.044     -0.076     6.2831     59.747     45.577  34.817443     0.5987      8.787   172.9422 1.4285e+03    10.2479     -0.048     -0.071    13.1798 0.0000e+00
     -0.063     -0.062     6.2851     59.671     45.579  34.817442     0.5695      8.789   172.8695 1.2712e+03    10.1674     -0.066     -0.095    13.1854 0.0000e+00
     -0.071     -0.045     6.2890     59.600     45.581  34.817433     0.5615      8.791   172.9402 1.2852e+03    10.1492     -0.070     -0.101    13.1903 0.0000e+00
     -0.076     -0.029     6.2755     59.549     45.581  34.817329     0.5858      8.793   173.0226 1.3202e+03    10.1645     -0.074     -0.107    13.1940 0.0000e+00
     -0.080     -0.016     6.2668     59.513     45.578  34.816184     0.6128      8.795   172.9187 1.3380e+03    10.2158     -0.079     -0.116    13.1943 0.0000e+00
     -0.083     -0.009     6.2606     59.504     45.560  34.803599     0.6060      8.798   172.8035 1.3360e+03    10.2232     -0.081     -0.118    13.1911 0.0000e+00
     -0.083     -0.005     6.2511     59.559     45.546  34.792063     0.5864      8.799   172.6621 1.3357e+03    10.1862     -0.082     -0.118    13.1883 0.0000e+00
     -0.082     -0.003     6.2474     59.669     45.565  34.803600     0.5928      8.800   172.4992 1.3377e+03    10.2465     -0.081     -0.117    13.1885 0.0000e+00
     -0.082     -0.001     6.2428     59.805     45.587  34.816185     0.6165      8.803   172.6408 1.3420e+03    10.3027     -0.081     -0.117    13.1912 0.0000e+00
     -0.083     -0.000     6.2392     59.965     45.593  34.817329     0.6225      8.805   172.9980 1.3480e+03    10.2849     -0.082     -0.118    13.1932 0.0000e+00
     -0.083 8.3808e-07     6.2452     60.078     45.593  34.817432     0.5990      8.806   173.0317 1.3520e+03    10.1682     -0.082     -0.119    13.1920 0.0000e+00
     -0.083      0.000     6.2609     60.090     45.592  34.817431     0.5829      8.807   172.7911 1.3498e+03    10.0190     -0.082     -0.119    13.1881 0.0000e+00
     -0.083      0.000     6.2722     60.033     45.590  34.817318     0.6015      8.808   172.5838 1.3464e+03    10.0176     -0.082     -0.119    13.1828 0.0000e+00
     -0.083      0.001     6.2946     59.949     45.589  34.816071     0.6248      8.810   172.4176 1.3477e+03    10.0153     -0.082     -0.118    13.1790 0.0000e+00
     -0.083      0.003     6.3095     59.888     45.574  34.802341     0.6396      8.811   172.5887 1.3481e+03     9.9572     -0.081     -0.118    13.1788 0.0000e+00
     -0.083      0.004     6.3069     59.841     45.548  34.778211     0.6470      8.814   173.1035 1.3447e+03     9.9973     -0.081     -0.118    13.1809 0.0000e+00
     -0.082      0.004     6.3007     59.741     45.554  34.778097     0.6484      8.815   173.3085 1.3416e+03    10.1251     -0.081     -0.117    13.1825 0.0000e+00
     -0.080      0.004     6.2888     59.609     45.590  34.800961     0.6640      8.816   173.1742 1.3419e+03    10.2721     -0.078     -0.113    13.1815 0.0000e+00
     -0.078      0.003     6.2825     59.535     45.595  34.800856     0.6533      8.818   172.9426 1.3469e+03    10.2722     -0.075     -0.109    13.1794 0.0000e+00
     -0.077      0.003     6.2834     59.528     45.566  34.776829     0.6020      8.819   172.6588 1.3550e+03    10.1262     -0.075     -0.109    13.1750 0.0000e+00
     -0.078      0.002     6.2726     59.544     45.550  34.764244     0.5760      8.821   172.7538 1.3649e+03    10.0441     -0.076     -0.111    13.1692 0.0000e+00
     -0.078      0.001     6.2531     59.553     45.566  34.775579     0.5890      8.823   173.1448 1.3736e+03    10.0994     -0.076     -0.111    13.1640 0.0000e+00
