Data/DataNotYetUploadedToEDI/Raw_CTD/RawDownloads/110325_bvr50_S8188003.cnv
* Sea-Bird SBE19plus  Data File:
* FileName = C:\R\Reservoirs\Data\DataNotYetUploadedToEDI\Raw_CTD\RawDownloads\102725_bvr50_S8188_0003.hex
* Software version 2.8.0.119
* Temperature SN = 8188
* Conductivity SN = 8188
* System UpLoad Time = Nov 05 2025 17:25:17
* <ApplicationData>
* <Seaterm232>
# nquan = 16
# nvalues = 2368                        
# units = specified
# name 0 = depFM: Depth [fresh water, m]
# name 1 = dz/dtM: Descent Rate [m/s]
# name 2 = sbeox0Mg/L: Oxygen, SBE 43 [mg/l]
# name 3 = sbeox0PS: Oxygen, SBE 43 [% saturation]
# name 4 = specc: Specific Conductance [uS/cm]
# name 5 = c0uS/cm: Conductivity [uS/cm]
# name 6 = wetCDOM: Fluorescence, WET Labs CDOM [mg/m^3]
# name 7 = flECO-AFL: Fluorescence, WET Labs ECO-AFL/FL [mg/m^3]
# name 8 = flECO-AFL1: Fluorescence, WET Labs ECO-AFL/FL, 2 [mg/m^3]
# name 9 = flECO-AFL2: Fluorescence, WET Labs ECO-AFL/FL, 3 [mg/m^3]
# name 10 = par/sat/log: PAR/Logarithmic, Satlantic
# name 11 = turbWETntu0: Turbidity, WET Labs ECO [NTU]
# name 12 = prdM: Pressure, Strain Gauge [db]
# name 13 = prdE: Pressure, Strain Gauge [psi]
# name 14 = tv290C: Temperature [ITS-90, deg C]
# name 15 = flag:  0.000e+00
# span 0 =     -0.727,      5.654       
# span 1 =     -0.170,      0.158       
# span 2 =     4.8051,    10.9885       
# span 3 =     43.916,     99.689       
# span 4 =      1.175,    323.909       
# span 5 =   0.908308, 230.268336       
# span 6 =    -4.5000,    48.0600       
# span 7 =    -0.4448,    16.9543       
# span 8 =    -2.1300,     1.4058       
# span 9 =    -2.0304,     1.3959       
# span 10 = 1.1582e-01, 2.2968e+03      
# span 11 =    -3.0136,   971.1247      
# span 12 =     -0.713,      5.545      
# span 13 =     -1.035,      8.043      
# span 14 =    10.5060,    13.6764      
# span 15 = 0.0000e+00, 0.0000e+00      
# interval = seconds: 0.25
# start_time = Nov 03 2025 11:29:26 [Instrument's time stamp, header]
# bad_flag = -9.990e-29
*END*
[from data line 2170]
      1.698     -0.043     8.0807     72.818     53.186  38.197662    47.7900     0.9781     1.2354     0.4653 1.6429e+00    48.3936      1.666      2.416    10.9063 0.0000e+00
      1.686     -0.043     8.0767     72.711     53.173  38.188171    47.7000     0.9590     1.2354     0.5076 1.7301e+00    48.4842      1.654      2.398    10.9064 0.0000e+00
      1.674     -0.040     8.0690     72.626     53.157  38.177163    47.7000     0.9514     1.2354     0.5076 1.8774e+00    48.5145      1.642      2.381    10.9065 0.0000e+00
      1.664     -0.036     8.0582     72.579     53.139  38.163693    47.7000     1.0811     1.2354     0.5076 1.8603e+00    49.7683      1.632      2.366    10.9066 0.0000e+00
      1.655     -0.031     8.0460     72.577     53.142  38.166086    47.7000     1.0887     1.2354     0.5076 1.9136e+00    49.6172      1.623      2.354    10.9067 0.0000e+00
      1.648     -0.027     8.0342     72.623     53.180  38.192951    47.7000     1.0964     1.2354     0.5076 1.8656e+00    49.5870      1.617      2.344    10.9068 0.0000e+00
      1.643     -0.024     8.0248     72.706     53.225  38.225549    47.8800     1.0735     1.1928     0.4653 1.8057e+00    49.7381      1.611      2.337    10.9068 0.0000e+00
      1.639     -0.023     8.0195     72.811     53.272  38.258628    47.8800     1.0086     1.1928     0.4653 1.8603e+00    47.8347      1.607      2.330    10.9068 0.0000e+00
      1.634     -0.023     8.0194     72.925     53.314  38.289053    47.8800     1.0048     1.1928     0.4653 1.8243e+00    47.9404      1.602      2.324    10.9067 0.0000e+00
      1.628     -0.026     8.0245     73.041     53.325  38.297044    47.8800     1.0201     1.1928     0.4653 1.8798e+00    47.7893      1.597      2.316    10.9065 0.0000e+00
      1.622     -0.030     8.0336     73.150     53.313  38.288716    47.5200     1.0010     1.2354     0.5499 1.9586e+00    47.8498      1.590      2.307    10.9064 0.0000e+00
      1.614     -0.036     8.0453     73.246     53.284  38.267827    47.5200     0.9362     1.2354     0.5499 1.9295e+00    48.1368      1.583      2.296    10.9064 0.0000e+00
      1.604     -0.041     8.0579     73.326     53.213  38.216851    47.5200     0.9590     1.2354     0.5499 2.0707e+00    48.1368      1.573      2.282    10.9064 0.0000e+00
      1.593     -0.047     8.0707     73.389     53.145  38.168021    47.5200     0.9552     1.2354     0.5499 2.0910e+00    48.2123      1.562      2.265    10.9064 0.0000e+00
      1.579     -0.051     8.0828     73.431     53.131  38.158125    47.3400     0.9209     1.2354     0.4230 2.1863e+00    48.3634      1.549      2.246    10.9064 0.0000e+00
      1.565     -0.054     8.0933     73.446     53.162  38.180538    47.3400     0.8522     1.2354     0.4230 2.1318e+00    48.4238      1.535      2.226    10.9065 0.0000e+00
      1.550     -0.053     8.1021     73.434     53.222  38.223308    47.3400     0.8217     1.2354     0.4230 2.2367e+00    48.4087      1.520      2.204    10.9066 0.0000e+00
      1.534     -0.049     8.1090     73.404     53.287  38.269944    47.3400     0.8408     1.2354     0.4230 2.5438e+00    48.4389      1.504      2.182    10.9067 0.0000e+00
      1.520     -0.041     8.1137     73.374     53.358  38.320930    47.7000     0.8484     1.2780     0.4653 2.5383e+00    48.5145      1.490      2.161    10.9067 0.0000e+00
      1.508     -0.031     8.1154     73.357     53.421  38.365952    47.7000     0.9438     1.2780     0.4653 2.7567e+00    48.2425      1.479      2.145    10.9068 0.0000e+00
      1.501     -0.019     8.1140     73.358     53.442  38.381151    47.7000     0.9438     1.2780     0.4653 2.6951e+00    48.1821      1.472      2.135    10.9069 0.0000e+00
      1.499     -0.007     8.1107     73.374     53.456  38.390507    47.7000     0.9743     1.2780     0.4653 2.5850e+00    48.2728      1.470      2.132    10.9069 0.0000e+00
      1.501      0.004     8.1074     73.398     53.495  38.418430    47.7000     0.9705     1.2780     0.4653 2.5906e+00    48.2123      1.472      2.135    10.9068 0.0000e+00
      1.505      0.010     8.1056     73.420     53.537  38.448458    47.8800     0.9362     1.1928     0.5499 2.2256e+00    48.7259      1.476      2.142    10.9066 0.0000e+00
      1.511      0.013     8.1057     73.422     53.532  38.444764    47.8800     0.9514     1.1928     0.5499 2.1655e+00    48.6353      1.482      2.150    10.9064 0.0000e+00
      1.516      0.013     8.1075     73.384     53.473  38.402378    47.8800     0.9857     1.1928     0.5499 2.2509e+00    48.8166      1.487      2.157    10.9061 0.0000e+00
      1.520      0.009     8.1103     73.301     53.405  38.353832    47.8800     0.9323     1.1928     0.5499 2.1598e+00    48.6806      1.491      2.162    10.9059 0.0000e+00
      1.522      0.004     8.1127     73.183     53.358  38.320050    47.4300     0.8293     1.2354     0.3384 2.3098e+00    50.8711      1.492      2.165    10.9058 0.0000e+00
      1.522     -0.002     8.1129     73.041     53.338  38.305971    47.4300     0.8408     1.2354     0.3384 2.2460e+00    50.8560      1.493      2.165    10.9057 0.0000e+00
      1.521     -0.008     8.1087     72.891     53.332  38.301864    47.4300     0.8255     1.2354     0.3384 2.1603e+00    50.8711      1.492      2.163    10.9058 0.0000e+00
      1.518     -0.016     8.0995     72.751     53.327  38.298663    47.4300     0.8446     1.2354     0.3384 2.1716e+00    50.9164      1.489      2.160    10.9059 0.0000e+00
      1.514     -0.024     8.0864     72.633     53.325  38.297507    47.7000     0.9514     1.2354     0.4230 2.1365e+00    48.1519      1.485      2.154    10.9061 0.0000e+00
      1.507     -0.032     8.0707     72.546     53.318  38.292112    47.7000     0.9781     1.2354     0.4230 2.1125e+00    48.3181      1.478      2.144    10.9062 0.0000e+00
      1.498     -0.040     8.0541     72.500     53.294  38.275060    47.7000     0.9743     1.2354     0.4230 2.1711e+00    48.2274      1.469      2.131    10.9064 0.0000e+00
      1.487     -0.048     8.0386     72.498     53.248  38.241805    47.7000     0.9552     1.2354     0.4230 2.2159e+00    48.2274      1.458      2.115    10.9065 0.0000e+00
      1.472     -0.053     8.0256     72.532     53.208  38.213366    47.7900     0.9476     1.2780     0.4230 2.3417e+00    49.4359      1.444      2.094    10.9066 0.0000e+00
      1.456     -0.054     8.0160     72.599     53.195  38.204073    47.7900     0.9438     1.2780     0.4230 2.5660e+00    49.5417      1.428      2.072    10.9066 0.0000e+00
      1.440     -0.052     8.0109     72.683     53.166  38.183557    47.7900     0.9476     1.2780     0.4230 2.7621e+00    49.4208      1.412      2.048    10.9066 0.0000e+00
      1.424     -0.046     8.0106     72.765     53.134  38.160293    47.7900     0.9438     1.2780     0.4230 2.9100e+00    49.4359      1.397      2.026    10.9067 0.0000e+00
      1.412     -0.037     8.0144     72.830     53.128  38.155970    47.7900     0.8904     1.2780     0.4230 2.9399e+00    50.4028      1.385      2.009    10.9068 0.0000e+00
      1.404     -0.027     8.0217     72.879     53.116  38.147520    47.7000     0.8789     1.1928     0.4230 2.8419e+00    50.4179      1.377      1.997    10.9069 0.0000e+00
      1.400     -0.017     8.0310     72.920     53.110  38.142650    47.7000     0.8827     1.1928     0.4230 2.6258e+00    50.3423      1.374      1.992    10.9070 0.0000e+00
      1.399     -0.010     8.0401     72.962     53.137  38.161980    47.7000     0.9018     1.1928     0.4230 2.5980e+00    50.4330      1.372      1.991    10.9071 0.0000e+00
      1.399     -0.005     8.0473     73.007     53.157  38.176792    47.7000     0.9018     1.1928     0.4230 2.5125e+00    50.1460      1.372      1.991    10.9070 0.0000e+00
      1.400     -0.004     8.0527     73.057     53.152  38.173105    47.7900     0.8866     1.2354     0.4653 2.5245e+00    50.1460      1.373      1.991    10.9069 0.0000e+00
      1.399     -0.005     8.0572     73.111     53.162  38.179822    47.7900     0.8980     1.2354     0.4653 2.5699e+00    50.1308      1.373      1.991    10.9068 0.0000e+00
      1.398     -0.008     8.0619     73.159     53.196  38.204712    47.7900     0.9209     1.2354     0.4653 2.4595e+00    50.1611      1.372      1.989    10.9067 0.0000e+00
      1.396     -0.013     8.0670     73.192     53.218  38.220540    47.7900     0.9056     1.2354     0.4653 2.5604e+00    49.4511      1.369      1.986    10.9066 0.0000e+00
      1.393     -0.019     8.0725     73.197     53.195  38.203634    47.7900     0.9018     1.2780     0.5076 2.5141e+00    49.3755      1.366      1.981    10.9066 0.0000e+00
      1.387     -0.027     8.0784     73.168     53.164  38.181364    47.7900     0.9018     1.2780     0.5076 2.4515e+00    49.4057      1.361      1.973    10.9066 0.0000e+00
      1.380     -0.034     8.0838     73.115     53.159  38.177676    47.7900     0.8637     1.2780     0.5076 2.5048e+00    49.4662      1.354      1.963    10.9066 0.0000e+00
      1.370     -0.042     8.0874     73.056     53.150  38.171665    47.7900     0.9209     1.2780     0.5076 2.5141e+00    48.4238      1.344      1.949    10.9066 0.0000e+00
      1.358     -0.050     8.0880     73.004     53.136  38.161727    47.7900     0.9743     1.2354     0.4230 2.5873e+00    48.5145      1.332      1.932    10.9066 0.0000e+00
      1.343     -0.055     8.0847     72.964     53.130  38.157166    47.7900     0.9476     1.2354     0.4230 2.7597e+00    48.4087      1.318      1.911    10.9067 0.0000e+00
      1.327     -0.058     8.0788     72.942     53.137  38.162743    47.7900     0.9438     1.2354     0.4230 2.8400e+00    48.5598      1.301      1.887    10.9067 0.0000e+00
      1.310     -0.057     8.0723     72.939     53.158  38.177954    47.7900     0.9018     1.2354     0.4230 2.9875e+00    47.8347      1.285      1.863    10.9068 0.0000e+00
      1.294     -0.052     8.0665     72.954     53.199  38.206854    47.7900     0.8980     1.2354     0.4230 3.2341e+00    47.7742      1.269      1.840    10.9068 0.0000e+00
      1.280     -0.045     8.0621     72.988     53.255  38.247189    47.7900     0.9209     1.2354     0.5076 3.3464e+00    47.8951      1.255      1.820    10.9069 0.0000e+00
      1.269     -0.037     8.0596     73.047     53.275  38.261896    47.7900     0.8637     1.2354     0.5076 3.3815e+00    47.7289      1.244      1.804    10.9069 0.0000e+00
      1.261     -0.028     8.0593     73.129     53.249  38.242943    47.7900     1.0849     1.2354     0.5076 3.3355e+00    48.6806      1.237      1.794    10.9070 0.0000e+00
      1.257     -0.021     8.0609     73.238     53.219  38.221138    47.7900     1.0544     1.2354     0.5076 3.2617e+00    48.7411      1.232      1.788    10.9070 0.0000e+00
      1.254     -0.015     8.0647     73.369     53.188  38.198638    47.8800     1.0659     1.2354     0.3807 3.1639e+00    48.7713      1.230      1.784    10.9070 0.0000e+00
      1.252     -0.012     8.0712     73.507     53.134  38.159479    47.8800     1.0544     1.2354     0.3807 3.2082e+00    48.5296      1.228      1.781    10.9069 0.0000e+00
      1.250     -0.012     8.0803     73.639     53.073  38.115136    47.8800     0.8637     1.2354     0.3807 3.1923e+00    48.8770      1.226      1.778    10.9067 0.0000e+00
      1.248     -0.016     8.0924     73.748     53.046  38.095625    47.8800     0.9018     1.2354     0.3807 3.0946e+00    49.0281      1.224      1.775    10.9065 0.0000e+00
      1.245     -0.023     8.1069     73.811     53.062  38.107697    47.7000     0.8866     1.2354     0.5076 2.9882e+00    48.8468      1.221      1.771    10.9063 0.0000e+00
      1.241     -0.033     8.1222     73.812     53.086  38.124685    47.7000     0.8751     1.2354     0.5076 2.8842e+00    48.9072      1.217      1.765    10.9062 0.0000e+00
      1.233     -0.045     8.1368     73.755     53.097  38.133188    47.7000     0.8179     1.2354     0.5076 2.9527e+00    49.2396      1.209      1.753    10.9060 0.0000e+00
      1.220     -0.059     8.1489     73.658     53.120  38.149420    47.7000     0.8293     1.2354     0.5076 2.9591e+00    49.2245      1.196      1.735    10.9059 0.0000e+00
      1.202     -0.071     8.1558     73.536     53.167  38.183687    47.7000     0.8217     1.2354     0.5076 3.2243e+00    49.1791      1.179      1.710    10.9059 0.0000e+00
      1.180     -0.081     8.1560     73.403     53.194  38.203286    47.5200     0.8217     1.2354     0.3807 3.4988e+00    49.1187      1.157      1.678    10.9060 0.0000e+00
      1.155     -0.088     8.1496     73.272     53.161  38.179573    47.5200     0.8789     1.2354     0.3807 3.7321e+00    48.6806      1.133      1.643    10.9061 0.0000e+00
      1.130     -0.091     8.1388     73.158     53.133  38.160019    47.5200     0.8675     1.2354     0.3807 3.9930e+00    48.6353      1.108      1.607    10.9063 0.0000e+00
      1.105     -0.091     8.1254     73.063     53.154  38.175272    47.5200     0.9056     1.2354     0.3807 4.1496e+00    48.7259      1.084      1.572    10.9065 0.0000e+00
      1.082     -0.087     8.1106     72.987     53.169  38.185568    47.7900     0.9133     1.2354     0.5076 4.2964e+00    48.6051      1.061      1.539    10.9066 0.0000e+00
      1.060     -0.081     8.0962     72.925     53.141  38.165759    47.7900     0.8789     1.2354     0.5076 4.6389e+00    48.1519      1.039      1.507    10.9068 0.0000e+00
      1.039     -0.073     8.0835     72.868     53.087  38.126502    47.7900     0.8637     1.2354     0.5076 4.9471e+00    48.1670      1.019      1.478    10.9069 0.0000e+00
      1.021     -0.064     8.0730     72.813     53.027  38.083229    47.7900     0.8942     1.2354     0.5076 5.3253e+00    48.2123      1.001      1.452    10.9070 0.0000e+00
      1.005     -0.054     8.0646     72.755     52.984  38.052296    47.8800     0.8789     1.2354     0.4653 5.3601e+00    48.1972      0.986      1.430    10.9071 0.0000e+00
      0.993     -0.044     8.0577     72.702     52.980  38.049361    47.8800     0.8332     1.2354     0.4653 5.3601e+00    48.2728      0.974      1.412    10.9071 0.0000e+00
      0.984     -0.036     8.0515     72.669     53.003  38.065671    47.8800     0.8217     1.2354     0.4653 5.3462e+00    48.1217      0.965      1.399    10.9070 0.0000e+00
      0.977     -0.029     8.0455     72.672     53.006  38.067722    47.8800     0.8446     1.2354     0.4653 5.2517e+00    48.2576      0.959      1.390    10.9069 0.0000e+00
      0.972     -0.024     8.0391     72.723     52.976  38.046099    47.8800     0.8217     1.2354     0.3807 5.0922e+00    48.2425      0.954      1.383    10.9067 0.0000e+00
      0.968     -0.023     8.0332     72.820     52.958  38.032889    47.8800     0.8332     1.2354     0.3807 5.0723e+00    48.4389      0.949      1.377    10.9066 0.0000e+00
      0.963     -0.025     8.0296     72.951     52.977  38.046487    47.8800     0.8065     1.2354     0.3807 4.8597e+00    48.4238      0.945      1.370    10.9064 0.0000e+00
      0.958     -0.030     8.0300     73.100     53.010  38.070596    47.8800     0.8332     1.2354     0.3807 4.7905e+00    48.5296      0.939      1.362    10.9063 0.0000e+00
      0.951     -0.037     8.0356     73.249     53.028  38.083750    47.8800     0.8293     1.2354     0.3807 4.7275e+00    48.4691      0.933      1.352    10.9062 0.0000e+00
      0.941     -0.045     8.0463     73.372     53.030  38.085474    48.0600     0.9438     1.2354     0.4230 4.6278e+00    48.4993      0.923      1.339    10.9061 0.0000e+00
      0.929     -0.055     8.0607     73.453     53.034  38.088180    48.0600     0.9590     1.2354     0.4230 4.8114e+00    48.5296      0.911      1.321    10.9061 0.0000e+00
