Data/DataNotYetUploadedToEDI/Raw_CTD/RawDownloads/110325_fcr50_S7809002.cnv
* Sea-Bird SBE19plus  Data File:
* FileName = C:\R\Reservoirs\Data\DataNotYetUploadedToEDI\Raw_CTD\RawDownloads\102725_fcr50_S7809_0002.hex
* Software version 2.8.0.119
* Temperature SN = 7809
* Conductivity SN = 7809
* System UpLoad Time = Nov 13 2025 15:22:18
* <ApplicationData>
* <Seaterm232>
# nquan = 15
# nvalues = 2100                        
# units = specified
# name 0 = depFM: Depth [fresh water, m]
# name 1 = dz/dtM: Descent Rate [m/s]
# name 2 = sbeox0Mg/L: Oxygen, SBE 43 [mg/l]
# name 3 = sbeox0PS: Oxygen, SBE 43 [% saturation]
# name 4 = specc: Specific Conductance [uS/cm]
# name 5 = c0uS/cm: Conductivity [uS/cm]
# name 6 = flECO-AFL: Fluorescence, WET Labs ECO-AFL/FL [mg/m^3]
# name 7 = ph: pH
# name 8 = orp: Oxidation Reduction Potential [mV]
# name 9 = par/sat/log: PAR/Logarithmic, Satlantic
# name 10 = turbWETntu0: Turbidity, WET Labs ECO [NTU]
# name 11 = prdM: Pressure, Strain Gauge [db]
# name 12 = prdE: Pressure, Strain Gauge [psi]
# name 13 = tv290C: Temperature [ITS-90, deg C]
# name 14 = flag:  0.000e+00
# span 0 =     -0.631,      9.612       
# span 1 =     -0.131,      0.170       
# span 2 =     3.6724,    10.0055       
# span 3 =     34.412,     96.748       
# span 4 =      0.333,    320.422       
# span 5 =   0.300963, 236.626333       
# span 6 =    -1.4710,     1.8411       
# span 7 =     -2.228,      8.882       
# span 8 = -1240.7455,   377.8263       
# span 9 = 1.2360e-01, 1.6002e+03       
# span 10 =     0.3186,   174.7914      
# span 11 =     -0.619,      9.427      
# span 12 =     -0.898,     13.672      
# span 13 =    11.8430,    20.2675      
# span 14 = 0.0000e+00, 0.0000e+00      
# interval = seconds: 0.25
# start_time = Nov 03 2025 13:36:39 [Instrument's time stamp, header]
# bad_flag = -9.990e-29
*END*
[from data line 1543]
      4.650      0.037     5.7327     53.342     45.497  33.757822     0.6914      8.868    70.1215 1.2373e-01    10.8880      4.560      6.616    12.0889 0.0000e+00
      4.659      0.038     5.7256     53.433     45.498  33.754790     0.6929      8.868    69.6930 1.2377e-01    11.0138      4.566      6.623    12.0938 0.0000e+00
      4.669      0.040     5.7248     53.528     45.478  33.733926     0.7140      8.869    69.2670 1.2376e-01    11.1425      4.579      6.641    12.0973 0.0000e+00
      4.679      0.043     5.7264     53.636     45.441  33.695894     0.7050      8.869    68.9284 1.2376e-01    11.1460      4.589      6.656    12.0988 0.0000e+00
      4.690      0.046     5.7340     53.755     45.436  33.675599     0.6759      8.869    68.6970 1.2376e-01    11.0560      4.598      6.668    12.0966 0.0000e+00
      4.702      0.051     5.7462     53.843     45.476  33.678852     0.6617      8.869    68.5335 1.2372e-01    11.0112      4.612      6.688    12.0939 0.0000e+00
      4.716      0.055     5.7556     53.864     45.507  33.671755     0.6743      8.869    68.2426 1.2364e-01    11.0484      4.625      6.707    12.0880 0.0000e+00
      4.730      0.056     5.7685     53.810     45.513  33.653190     0.6951      8.869    67.7603 1.2365e-01    11.0955      4.637      6.726    12.0756 0.0000e+00
      4.745      0.055     5.7861     53.682     45.518  33.644700     0.6883      8.868    67.3482 1.2375e-01    11.1026      4.652      6.748    12.0601 0.0000e+00
      4.763      0.051     5.8007     53.491     45.508  33.632531     0.6754      8.867    67.0459 1.2381e-01    11.2035      4.672      6.776    12.0299 0.0000e+00
      4.779      0.047     5.8083     53.222     45.509  33.632946     0.6895      8.867    66.6864 1.2384e-01    11.3586      4.690      6.801    11.9890 0.0000e+00
      4.789      0.045     5.8064     52.846     45.520  33.649718     0.7170      8.866    66.4434 1.2381e-01    11.4407      4.697      6.813    11.9623 0.0000e+00
      4.794      0.044     5.7930     52.397     45.497  33.644988     0.7177      8.864    66.3453 1.2374e-01    11.4443      4.700      6.818    11.9519 0.0000e+00
      4.802      0.044     5.7731     51.953     45.482  33.639224     0.6729      8.863    66.1020 1.2374e-01    11.4355      4.707      6.828    11.9483 0.0000e+00
      4.814      0.045     5.7471     51.548     45.493  33.643479     0.6246      8.862    65.7391 1.2378e-01    11.5392      4.720      6.845    11.9447 0.0000e+00
      4.828      0.048     5.7040     51.185     45.488  33.632984     0.6249      8.862    65.3127 1.2375e-01    11.6735      4.735      6.866    11.9547 0.0000e+00
      4.844      0.049     5.6475     50.873     45.505  33.639217     0.6595      8.862    65.0761 1.2372e-01    11.6932      4.751      6.891    11.9777 0.0000e+00
      4.858      0.047     5.5994     50.664     45.533  33.655381     0.6763      8.861    65.1159 1.2374e-01    11.6067      4.766      6.913    11.9813 0.0000e+00
      4.869      0.044     5.5559     50.565     45.518  33.638079     0.6614      8.860    64.9327 1.2376e-01    11.4827      4.775      6.926    11.9749 0.0000e+00
      4.879      0.041     5.5187     50.522     45.504  33.620352     0.6375      8.860    64.4103 1.2376e-01    11.4915      4.784      6.939    11.9666 0.0000e+00
      4.888      0.039     5.4831     50.553     45.529  33.631366     0.6370      8.860    63.7899 1.2372e-01    11.6439      4.793      6.952    11.9580 0.0000e+00
      4.896      0.037     5.4587     50.644     45.554  33.644358     0.6395      8.861    63.3683 1.2372e-01    11.6515      4.800      6.962    11.9550 0.0000e+00
      4.906      0.037     5.4558     50.726     45.564  33.650541     0.6175      8.861    63.4418 1.2371e-01    11.5156      4.810      6.977    11.9487 0.0000e+00
      4.916      0.038     5.4473     50.795     45.552  33.642675     0.6035      8.860    63.7324 1.2368e-01    11.4693      4.821      6.993    11.9399 0.0000e+00
      4.925      0.039     5.4527     50.850     45.508  33.612693     0.6204      8.859    63.6987 1.2368e-01    11.5353      4.830      7.005    11.9310 0.0000e+00
      4.935      0.042     5.4687     50.857     45.497  33.605263     0.6545      8.859    63.4647 1.2372e-01    11.6309      4.839      7.019    11.9243 0.0000e+00
      4.945      0.045     5.4758     50.821     45.512  33.616278     0.6583      8.859    63.1403 1.2378e-01    11.6344      4.850      7.034    11.9224 0.0000e+00
      4.956      0.047     5.4823     50.773     45.515  33.618981     0.6249      8.859    62.7015 1.2381e-01    11.5443      4.860      7.049    11.9250 0.0000e+00
      4.968      0.047     5.4912     50.725     45.539  33.637946     0.6011      8.859    62.7200 1.2374e-01    11.4632      4.871      7.065    11.9277 0.0000e+00
      4.983      0.045     5.4911     50.704     45.560  33.655258     0.6196      8.858    63.1053 1.2368e-01    11.4740      4.887      7.088    11.9285 0.0000e+00
      4.998      0.042     5.4847     50.725     45.537  33.637966     0.6743      8.858    63.1436 1.2369e-01    11.6060      4.904      7.113    11.9282 0.0000e+00
      5.009      0.037     5.4812     50.780     45.514  33.619199     0.6961      8.858    63.0116 1.2370e-01    11.6591      4.913      7.126    11.9283 0.0000e+00
      5.015      0.032     5.4731     50.865     45.516  33.618678     0.6749      8.858    62.8861 1.2373e-01    11.5695      4.918      7.133    11.9306 0.0000e+00
      5.021      0.027     5.4701     50.964     45.535  33.631670     0.6847      8.858    62.6584 1.2378e-01    11.5811      4.924      7.142    11.9327 0.0000e+00
      5.026      0.025     5.4735     51.051     45.558  33.649390     0.7222      8.857    62.6682 1.2378e-01    11.6978      4.930      7.149    11.9323 0.0000e+00
      5.031      0.025     5.4791     51.117     45.548  33.642590     0.7375      8.856    62.9177 1.2376e-01    11.7163      4.933      7.155    11.9304 0.0000e+00
      5.036      0.026     5.4892     51.147     45.508  33.612902     0.7199      8.857    63.0085 1.2379e-01    11.6003      4.938      7.162    11.9282 0.0000e+00
      5.043      0.027     5.5017     51.134     45.505  33.607665     0.6847      8.857    62.9050 1.2380e-01    11.5247      4.946      7.173    11.9265 0.0000e+00
      5.051      0.028     5.5107     51.107     45.558  33.642707     0.6692      8.857    62.6130 1.2375e-01    11.6215      4.953      7.184    11.9268 0.0000e+00
      5.060      0.028     5.5183     51.079     45.582  33.655917     0.6577      8.856    62.1448 1.2372e-01    11.6776      4.962      7.196    11.9290 0.0000e+00
      5.068      0.027     5.5228     51.056     45.567  33.640487     0.6376      8.855    61.7178 1.2375e-01    11.5879      4.970      7.209    11.9289 0.0000e+00
      5.074      0.026     5.5194     51.042     45.581  33.646473     0.6504      8.855    61.4091 1.2378e-01    11.4930      4.977      7.218    11.9247 0.0000e+00
      5.080      0.024     5.5170     51.010     45.610  33.664845     0.6879      8.856    61.1651 1.2373e-01    11.4873      4.981      7.224    11.9195 0.0000e+00
      5.086      0.022     5.5152     50.944     45.624  33.672288     0.7162      8.856    61.0046 1.2367e-01    11.6217      4.987      7.233    11.9147 0.0000e+00
      5.092      0.021     5.5116     50.863     45.627  33.673016     0.7093      8.856    60.9315 1.2367e-01    11.6831      4.993      7.243    11.9098 0.0000e+00
      5.097      0.021     5.5131     50.764     45.629  33.673640     0.6713      8.855    60.7110 1.2374e-01    11.6144      4.999      7.250    11.9053 0.0000e+00
      5.101      0.021     5.5108     50.638     45.639  33.679832     0.6319      8.854    60.1454 1.2381e-01    11.5769      5.003      7.256    11.9014 0.0000e+00
      5.105      0.021     5.5024     50.502     45.646  33.684447     0.6234      8.853    59.5138 1.2381e-01    11.5710      5.006      7.260    11.8990 0.0000e+00
      5.111      0.022     5.4938     50.358     45.621  33.665982     0.6517      8.853    59.2696 1.2376e-01    11.6460      5.012      7.269    11.8973 0.0000e+00
      5.118      0.023     5.4850     50.213     45.595  33.646910     0.6582      8.853    59.3433 1.2372e-01    11.6641      5.020      7.281    11.8961 0.0000e+00
      5.123      0.025     5.4695     50.093     45.591  33.644188     0.6266      8.853    59.3721 1.2369e-01    11.5849      5.025      7.288    11.8953 0.0000e+00
      5.128      0.026     5.4551     49.976     45.576  33.633068     0.6191      8.853    59.1886 1.2372e-01    11.6107      5.029      7.293    11.8948 0.0000e+00
      5.135      0.026     5.4405     49.842     45.583  33.639345     0.6512      8.852    58.5871 1.2377e-01    11.6692      5.036      7.304    11.8946 0.0000e+00
      5.143      0.027     5.4214     49.686     45.605  33.656638     0.6738      8.852    57.8635 1.2379e-01    11.7114      5.044      7.317    11.8944 0.0000e+00
      5.150      0.027     5.4118     49.543     45.596  33.651828     0.6598      8.853    57.7533 1.2379e-01    11.6760      5.052      7.327    11.8946 0.0000e+00
      5.157      0.028     5.3981     49.444     45.585  33.644633     0.6388      8.854    57.8558 1.2381e-01    11.5835      5.059      7.336    11.8953 0.0000e+00
      5.164      0.028     5.3852     49.380     45.569  33.633097     0.6452      8.854    57.7273 1.2381e-01    11.6179      5.065      7.346    11.8961 0.0000e+00
      5.171      0.028     5.3660     49.333     45.577  33.639232     0.6621      8.854    57.2310 1.2380e-01    11.6820      5.070      7.355    11.8977 0.0000e+00
      5.177      0.028     5.3482     49.298     45.597  33.655377     0.6686      8.854    56.3291 1.2379e-01    11.6412      5.076      7.363    11.8995 0.0000e+00
      5.185      0.028     5.3392     49.313     45.571  33.637969     0.6562      8.854    55.8572 1.2378e-01    11.5344      5.084      7.373    11.8997 0.0000e+00
      5.194      0.028     5.3319     49.394     45.544  33.619089     0.6372      8.853    55.8276 1.2378e-01    11.5174      5.094      7.388    11.9003 0.0000e+00
      5.202      0.029     5.3288     49.520     45.541  33.617434     0.6475      8.852    55.8849 1.2381e-01    11.6070      5.102      7.400    11.9014 0.0000e+00
      5.207      0.029     5.3212     49.652     45.543  33.617954     0.6725      8.852    56.0346 1.2378e-01    11.6272      5.106      7.406    11.9023 0.0000e+00
      5.213      0.028     5.3230     49.770     45.554  33.625377     0.6824      8.852    55.6590 1.2372e-01    11.5564      5.111      7.413    11.9044 0.0000e+00
      5.221      0.026     5.3320     49.883     45.581  33.643738     0.6839      8.852    54.7846 1.2372e-01    11.5031      5.119      7.425    11.9066 0.0000e+00
      5.230      0.026     5.3473     49.976     45.590  33.649621     0.6894      8.853    54.2377 1.2374e-01    11.5291      5.130      7.441    11.9068 0.0000e+00
      5.237      0.026     5.3632     50.024     45.569  33.633056     0.7078      8.853    54.0375 1.2376e-01    11.6651      5.137      7.450    11.9054 0.0000e+00
      5.241      0.026     5.3745     50.042     45.571  33.633784     0.7158      8.853    53.9985 1.2376e-01    11.7802      5.139      7.453    11.9040 0.0000e+00
      5.246      0.027     5.3876     50.049     45.604  33.658423     0.6934      8.853    54.1096 1.2375e-01    11.7260      5.144      7.460    11.9027 0.0000e+00
      5.254      0.028     5.3996     50.032     45.629  33.677190     0.6704      8.853    54.0050 1.2376e-01    11.6585      5.153      7.474    11.9015 0.0000e+00
      5.262      0.030     5.4039     49.990     45.619  33.670365     0.6713      8.852    53.5938 1.2378e-01    11.6824      5.159      7.484    11.9004 0.0000e+00
      5.269      0.030     5.4041     49.934     45.576  33.639344     0.6787      8.852    53.1815 1.2380e-01    11.7070      5.165      7.492    11.8998 0.0000e+00
      5.278      0.030     5.4071     49.887     45.548  33.619339     0.6594      8.852    52.8916 1.2378e-01    11.6494      5.176      7.507    11.8996 0.0000e+00
      5.288      0.029     5.4044     49.883     45.548  33.618819     0.6298      8.852    52.6696 1.2374e-01    11.5320      5.188      7.524    11.9002 0.0000e+00
      5.295      0.026     5.3993     49.902     45.568  33.633058     0.6288      8.852    52.4766 1.2376e-01    11.5515      5.193      7.531    11.9016 0.0000e+00
      5.300      0.023     5.3929     49.919     45.612  33.664609     0.6640      8.852    52.3648 1.2381e-01    11.6798      5.197      7.539    11.9025 0.0000e+00
      5.305      0.019     5.3849     49.948     45.638  33.683074     0.7062      8.852    52.3500 1.2380e-01    11.7168      5.205      7.549    11.9027 0.0000e+00
      5.310      0.017     5.3863     49.978     45.616  33.665981     0.7053      8.851    52.2116 1.2382e-01    11.6574      5.208      7.554    11.9024 0.0000e+00
      5.313      0.016     5.3904     49.986     45.593  33.648272     0.6782      8.851    51.8962 1.2384e-01    11.5418      5.209      7.556    11.9013 0.0000e+00
      5.316      0.016     5.3900     49.958     45.608  33.659287     0.6704      8.851    51.5472 1.2379e-01    11.5152      5.213      7.561    11.9005 0.0000e+00
      5.320      0.017     5.3945     49.900     45.628  33.672279     0.6612      8.852    51.2623 1.2375e-01    11.5749      5.217      7.566    11.8999 0.0000e+00
      5.324      0.020     5.3988     49.845     45.638  33.678461     0.6500      8.852    51.3765 1.2373e-01    11.5467      5.219      7.571    11.8987 0.0000e+00
      5.329      0.022     5.4000     49.780     45.628  33.670595     0.6511      8.851    51.6376 1.2374e-01    11.5156      5.225      7.578    11.8980 0.0000e+00
      5.336      0.024     5.3980     49.681     45.588  33.640614     0.6576      8.851    51.4086 1.2375e-01    11.6426      5.232      7.590    11.8974 0.0000e+00
      5.345      0.025     5.3886     49.596     45.578  33.633184     0.6876      8.851    51.1023 1.2373e-01    11.8530      5.241      7.602    11.8963 0.0000e+00
      5.352      0.025     5.3839     49.546     45.593  33.644198     0.7217      8.851    50.9456 1.2372e-01    11.8726      5.248      7.612    11.8952 0.0000e+00
      5.357      0.024     5.3801     49.483     45.597  33.646902     0.7207      8.852    50.7188 1.2374e-01    11.7433      5.253      7.619    11.8943 0.0000e+00
      5.362      0.023     5.3651     49.406     45.623  33.665869     0.6763      8.852    50.9407 1.2372e-01    11.6908      5.258      7.626    11.8937 0.0000e+00
      5.368      0.021     5.3548     49.336     45.646  33.683189     0.6341      8.851    51.4775 1.2371e-01    11.7501      5.264      7.635    11.8934 0.0000e+00
      5.375      0.019     5.3533     49.251     45.623  33.665987     0.6433      8.851    51.5312 1.2378e-01    11.8786      5.272      7.646    11.8932 0.0000e+00
      5.380      0.019     5.3461     49.145     45.598  33.648212     0.6710      8.851    51.2456 1.2386e-01    11.8786      5.277      7.654    11.8930 0.0000e+00
      5.383      0.020     5.3357     49.044     45.611  33.658612     0.6686      8.851    50.8641 1.2383e-01    11.7506      5.279      7.656    11.8929 0.0000e+00
      5.386      0.021     5.3300     48.946     45.617  33.664843     0.6397      8.851    50.8754 1.2376e-01    11.6625      5.281      7.659    11.8930 0.0000e+00
      5.390      0.024     5.3216     48.871     45.609  33.660110     0.6290      8.851    51.4689 1.2376e-01    11.6338      5.286      7.666    11.8932 0.0000e+00
      5.396      0.029     5.3072     48.865     45.614  33.664828     0.6485      8.851    51.6729 1.2380e-01    11.6773      5.292      7.675    11.8938 0.0000e+00
