Data/DataNotYetUploadedToEDI/Raw_CTD/RawDownloads/110325_bvr50_S8188003.cnv
* Sea-Bird SBE19plus  Data File:
* FileName = C:\R\Reservoirs\Data\DataNotYetUploadedToEDI\Raw_CTD\RawDownloads\102725_bvr50_S8188_0003.hex
* Software version 2.8.0.119
* Temperature SN = 8188
* Conductivity SN = 8188
* System UpLoad Time = Nov 05 2025 17:25:17
* <ApplicationData>
* <Seaterm232>
# nquan = 16
# nvalues = 2368                        
# units = specified
# name 0 = depFM: Depth [fresh water, m]
# name 1 = dz/dtM: Descent Rate [m/s]
# name 2 = sbeox0Mg/L: Oxygen, SBE 43 [mg/l]
# name 3 = sbeox0PS: Oxygen, SBE 43 [% saturation]
# name 4 = specc: Specific Conductance [uS/cm]
# name 5 = c0uS/cm: Conductivity [uS/cm]
# name 6 = wetCDOM: Fluorescence, WET Labs CDOM [mg/m^3]
# name 7 = flECO-AFL: Fluorescence, WET Labs ECO-AFL/FL [mg/m^3]
# name 8 = flECO-AFL1: Fluorescence, WET Labs ECO-AFL/FL, 2 [mg/m^3]
# name 9 = flECO-AFL2: Fluorescence, WET Labs ECO-AFL/FL, 3 [mg/m^3]
# name 10 = par/sat/log: PAR/Logarithmic, Satlantic
# name 11 = turbWETntu0: Turbidity, WET Labs ECO [NTU]
# name 12 = prdM: Pressure, Strain Gauge [db]
# name 13 = prdE: Pressure, Strain Gauge [psi]
# name 14 = tv290C: Temperature [ITS-90, deg C]
# name 15 = flag:  0.000e+00
# span 0 =     -0.727,      5.654       
# span 1 =     -0.170,      0.158       
# span 2 =     4.8051,    10.9885       
# span 3 =     43.916,     99.689       
# span 4 =      1.175,    323.909       
# span 5 =   0.908308, 230.268336       
# span 6 =    -4.5000,    48.0600       
# span 7 =    -0.4448,    16.9543       
# span 8 =    -2.1300,     1.4058       
# span 9 =    -2.0304,     1.3959       
# span 10 = 1.1582e-01, 2.2968e+03      
# span 11 =    -3.0136,   971.1247      
# span 12 =     -0.713,      5.545      
# span 13 =     -1.035,      8.043      
# span 14 =    10.5060,    13.6764      
# span 15 = 0.0000e+00, 0.0000e+00      
# interval = seconds: 0.25
# start_time = Nov 03 2025 11:29:26 [Instrument's time stamp, header]
# bad_flag = -9.990e-29
*END*
[from data line 1989]
      3.261     -0.016     7.9932     72.847     53.259  38.246398    47.6100     0.9972     1.2354     0.3807 1.1623e-01    48.9525      3.198      4.638    10.9053 0.0000e+00
      3.257     -0.016     8.0092     72.938     53.298  38.274445    47.6100     1.0201     1.2354     0.3807 1.1628e-01    48.9374      3.194      4.633    10.9046 0.0000e+00
      3.254     -0.016     8.0241     73.001     53.287  38.266199    47.6100     1.0048     1.2354     0.3807 1.1607e-01    48.9828      3.191      4.628    10.9040 0.0000e+00
      3.250     -0.018     8.0377     73.031     53.233  38.227430    47.6100     1.0277     1.2354     0.5076 1.1628e-01    48.1821      3.187      4.622    10.9036 0.0000e+00
      3.245     -0.021     8.0498     73.033     53.177  38.187648    47.6100     1.0010     1.2354     0.5076 1.1605e-01    48.1972      3.182      4.616    10.9033 0.0000e+00
      3.239     -0.023     8.0599     73.012     53.149  38.168122    47.6100     1.0086     1.2354     0.5076 1.1597e-01    48.1368      3.177      4.608    10.9032 0.0000e+00
      3.233     -0.024     8.0669     72.964     53.136  38.159663    47.6100     1.0124     1.2354     0.5076 1.1617e-01    48.1670      3.171      4.599    10.9032 0.0000e+00
      3.226     -0.024     8.0702     72.883     53.119  38.148059    47.6100     1.0773     1.1928     0.4653 1.1617e-01    48.0008      3.163      4.588    10.9033 0.0000e+00
      3.218     -0.023     8.0703     72.783     53.099  38.134202    47.6100     1.0201     1.1928     0.4653 1.1625e-01    48.0915      3.156      4.577    10.9036 0.0000e+00
      3.212     -0.021     8.0680     72.681     53.082  38.122364    47.6100     1.0544     1.1928     0.4653 1.1617e-01    48.1368      3.150      4.568    10.9040 0.0000e+00
      3.207     -0.018     8.0625     72.590     53.064  38.109390    47.6100     1.0735     1.1928     0.4653 1.1620e-01    48.0462      3.145      4.561    10.9046 0.0000e+00
      3.203     -0.014     8.0535     72.521     53.053  38.101783    47.6100     1.1994     1.1928     0.4653 1.1597e-01    47.5476      3.141      4.556    10.9052 0.0000e+00
      3.201     -0.012     8.0423     72.479     53.077  38.119429    47.6100     1.2070     1.2354     0.3807 1.1615e-01    47.7440      3.139      4.552    10.9056 0.0000e+00
      3.199     -0.010     8.0309     72.473     53.134  38.161057    47.6100     1.2108     1.2354     0.3807 1.1610e-01    47.6081      3.137      4.549    10.9060 0.0000e+00
      3.197     -0.010     8.0208     72.504     53.191  38.201905    47.6100     1.2070     1.2354     0.3807 1.1605e-01    47.5476      3.135      4.547    10.9064 0.0000e+00
      3.195     -0.011     8.0131     72.558     53.239  38.236926    47.6100     0.9514     1.2354     0.3807 1.1617e-01    47.6685      3.133      4.544    10.9067 0.0000e+00
      3.192     -0.014     8.0084     72.618     53.278  38.265497    47.7900     0.9590     1.2354     0.4230 1.1612e-01    47.5930      3.130      4.540    10.9071 0.0000e+00
      3.189     -0.017     8.0077     72.678     53.267  38.257381    47.7900     0.9629     1.2354     0.4230 1.1612e-01    47.5930      3.127      4.535    10.9073 0.0000e+00
      3.184     -0.021     8.0111     72.741     53.207  38.214399    47.7900     0.9705     1.2354     0.4230 1.1605e-01    47.6836      3.123      4.529    10.9076 0.0000e+00
      3.178     -0.025     8.0170     72.809     53.141  38.166930    47.7900     1.0048     1.2354     0.4230 1.1597e-01    46.8527      3.117      4.521    10.9080 0.0000e+00
      3.171     -0.028     8.0236     72.874     53.096  38.134193    47.5200     1.0277     1.2354     0.4230 1.1615e-01    46.9283      3.110      4.511    10.9082 0.0000e+00
      3.163     -0.031     8.0302     72.924     53.095  38.133359    47.5200     1.0124     1.2354     0.4230 1.1607e-01    47.0038      3.102      4.499    10.9084 0.0000e+00
      3.154     -0.033     8.0372     72.954     53.110  38.144284    47.5200     1.0124     1.2354     0.4230 1.1582e-01    46.9132      3.093      4.487    10.9083 0.0000e+00
      3.145     -0.034     8.0447     72.964     53.104  38.139994    47.5200     1.2108     1.2354     0.4230 1.1600e-01    46.4298      3.085      4.474    10.9082 0.0000e+00
      3.137     -0.035     8.0519     72.950     53.107  38.141261    47.7000     1.1803     1.2354     0.4653 1.1617e-01    46.3542      3.076      4.462    10.9081 0.0000e+00
      3.128     -0.035     8.0574     72.910     53.136  38.162369    47.7000     1.2184     1.2354     0.4653 1.1600e-01    46.3844      3.067      4.449    10.9079 0.0000e+00
      3.119     -0.035     8.0608     72.850     53.165  38.183048    47.7000     1.2070     1.2354     0.4653 1.1628e-01    46.3844      3.058      4.436    10.9078 0.0000e+00
      3.109     -0.035     8.0619     72.779     53.176  38.190879    47.7000     0.9667     1.2354     0.4653 1.1612e-01    47.6232      3.049      4.422    10.9076 0.0000e+00
      3.100     -0.033     8.0604     72.710     53.197  38.205883    47.7000     0.9400     1.2354     0.4653 1.1625e-01    47.5930      3.040      4.409    10.9074 0.0000e+00
      3.091     -0.031     8.0561     72.655     53.228  38.228075    47.7900     0.9094     1.2354     0.4230 1.1620e-01    47.5779      3.031      4.397    10.9073 0.0000e+00
      3.083     -0.029     8.0494     72.620     53.235  38.233488    47.7900     0.9362     1.2354     0.4230 1.1605e-01    47.5628      3.024      4.386    10.9073 0.0000e+00
      3.077     -0.027     8.0415     72.607     53.246  38.241496    47.7900     1.0620     1.2354     0.4230 1.1617e-01    47.5476      3.017      4.376    10.9073 0.0000e+00
      3.071     -0.026     8.0340     72.612     53.275  38.262205    47.7900     1.0620     1.2354     0.4230 1.1612e-01    47.7289      3.011      4.368    10.9073 0.0000e+00
      3.065     -0.026     8.0278     72.634     53.299  38.279220    47.7900     1.0735     1.2780     0.4230 1.1620e-01    47.5174      3.006      4.360    10.9073 0.0000e+00
      3.059     -0.028     8.0240     72.673     53.313  38.289109    47.7900     1.0582     1.2780     0.4230 1.1628e-01    47.5779      3.000      4.351    10.9074 0.0000e+00
      3.052     -0.031     8.0225     72.726     53.307  38.284549    47.7900     0.9972     1.2780     0.4230 1.1600e-01    48.5598      2.993      4.341    10.9075 0.0000e+00
      3.044     -0.035     8.0230     72.786     53.276  38.262329    47.7900     0.9819     1.2780     0.4230 1.1600e-01    48.3936      2.985      4.330    10.9076 0.0000e+00
      3.035     -0.040     8.0254     72.842     53.232  38.230471    47.7000     0.9781     1.2354     0.4653 1.1607e-01    48.4389      2.977      4.317    10.9076 0.0000e+00
      3.024     -0.045     8.0298     72.891     53.190  38.200405    47.7000     1.0277     1.2354     0.4653 1.1610e-01    48.4238      2.966      4.302    10.9075 0.0000e+00
      3.011     -0.049     8.0357     72.938     53.164  38.182044    47.7000     0.9629     1.2354     0.4653 1.1620e-01    48.7713      2.953      4.283    10.9073 0.0000e+00
      2.997     -0.051     8.0424     72.986     53.150  38.172484    47.7000     0.9285     1.2354     0.4653 1.1628e-01    48.6353      2.939      4.263    10.9071 0.0000e+00
      2.982     -0.050     8.0486     73.029     53.117  38.149252    47.7900     0.9705     1.2354     0.4653 1.1602e-01    48.7259      2.925      4.242    10.9070 0.0000e+00
      2.968     -0.048     8.0540     73.061     53.063  38.110138    47.7900     0.9400     1.2354     0.4653 1.1615e-01    48.6957      2.911      4.222    10.9071 0.0000e+00
      2.956     -0.043     8.0592     73.083     53.032  38.088543    47.7900     1.0468     1.2354     0.4653 1.1617e-01    48.5145      2.899      4.204    10.9073 0.0000e+00
      2.945     -0.037     8.0644     73.099     53.024  38.082695    47.7900     1.0849     1.2354     0.4653 1.1612e-01    48.3785      2.888      4.189    10.9076 0.0000e+00
      2.937     -0.031     8.0691     73.107     53.000  38.065132    47.7900     1.0964     1.2354     0.4653 1.1607e-01    48.4540      2.880      4.178    10.9079 0.0000e+00
      2.931     -0.025     8.0725     73.098     52.977  38.049103    47.8800     1.0506     1.2354     0.3384 1.1610e-01    48.4389      2.874      4.169    10.9081 0.0000e+00
      2.926     -0.021     8.0750     73.060     52.987  38.056234    47.8800     1.2642     1.2354     0.3384 1.1610e-01    48.0462      2.869      4.162    10.9082 0.0000e+00
      2.922     -0.017     8.0767     72.993     53.027  38.084441    47.8800     1.2566     1.2354     0.3384 1.1643e-01    48.1066      2.865      4.155    10.9082 0.0000e+00
      2.918     -0.015     8.0776     72.912     53.078  38.121324    47.8800     1.2451     1.2354     0.3384 1.1607e-01    48.1066      2.861      4.150    10.9082 0.0000e+00
      2.915     -0.014     8.0767     72.830     53.120  38.150816    47.7900     1.2299     1.2354     0.4653 1.2325e-01    48.0613      2.858      4.145    10.9082 0.0000e+00
      2.912     -0.014     8.0725     72.762     53.123  38.152889    47.7900     1.1421     1.2354     0.4653 1.1605e-01    48.1821      2.855      4.141    10.9081 0.0000e+00
      2.909     -0.015     8.0652     72.726     53.099  38.136064    47.7900     1.1498     1.2354     0.4653 1.1623e-01    48.2576      2.852      4.137    10.9080 0.0000e+00
      2.905     -0.017     8.0562     72.728     53.082  38.123749    47.7900     1.1307     1.2354     0.4653 1.1610e-01    48.3030      2.849      4.131    10.9079 0.0000e+00
      2.900     -0.019     8.0471     72.774     53.070  38.114652    47.7900     1.1154     1.2354     0.4230 1.1625e-01    48.1821      2.844      4.125    10.9077 0.0000e+00
      2.895     -0.021     8.0397     72.854     53.069  38.114317    47.7900     0.9438     1.2354     0.4230 1.1612e-01    48.1066      2.839      4.117    10.9075 0.0000e+00
      2.889     -0.021     8.0357     72.948     53.086  38.126639    47.7900     0.9705     1.2354     0.4230 1.3520e-01    48.0915      2.833      4.109    10.9073 0.0000e+00
      2.882     -0.021     8.0360     73.030     53.114  38.146935    47.7900     0.9400     1.2354     0.4230 1.1640e-01    48.0311      2.827      4.099    10.9073 0.0000e+00
      2.876     -0.019     8.0410     73.081     53.153  38.174640    47.7900     0.9285     1.2354     0.4230 1.2653e-01    48.0462      2.821      4.091    10.9073 0.0000e+00
      2.871     -0.017     8.0498     73.088     53.193  38.203194    47.7900     1.0124     1.1928     0.5076 1.3187e-01    47.0945      2.816      4.084    10.9074 0.0000e+00
      2.868     -0.015     8.0602     73.050     53.228  38.228258    47.7900     1.0124     1.1928     0.5076 1.2317e-01    47.0491      2.813      4.079    10.9075 0.0000e+00
      2.865     -0.014     8.0693     72.985     53.243  38.238585    47.7900     1.0277     1.1928     0.5076 1.1673e-01    47.0340      2.810      4.075    10.9075 0.0000e+00
      2.862     -0.014     8.0750     72.916     53.247  38.240911    47.7900     1.0353     1.1928     0.5076 1.1612e-01    47.0642      2.807      4.071    10.9074 0.0000e+00
      2.860     -0.015     8.0757     72.856     53.248  38.241836    47.7000     1.2223     1.2354     0.4230 1.2245e-01    46.8376      2.805      4.068    10.9072 0.0000e+00
      2.856     -0.018     8.0715     72.819     53.243  38.237620    47.7000     1.1994     1.2354     0.4230 1.3212e-01    46.9283      2.801      4.063    10.9070 0.0000e+00
      2.852     -0.021     8.0645     72.808     53.245  38.239094    47.7000     1.2146     1.2354     0.4230 1.1612e-01    46.9434      2.797      4.056    10.9067 0.0000e+00
      2.846     -0.025     8.0569     72.817     53.250  38.242666    47.7000     1.1994     1.2354     0.4230 1.2005e-01    46.8225      2.791      4.048    10.9065 0.0000e+00
      2.839     -0.028     8.0503     72.837     53.264  38.253273    47.6100     1.1307     1.2354     0.4653 1.2328e-01    47.9253      2.784      4.037    10.9062 0.0000e+00
      2.831     -0.031     8.0462     72.852     53.295  38.275737    47.6100     1.1154     1.2354     0.4653 1.4050e-01    47.9253      2.776      4.026    10.9061 0.0000e+00
      2.822     -0.034     8.0450     72.848     53.326  38.298116    47.6100     1.1307     1.2354     0.4653 1.3538e-01    47.8649      2.768      4.014    10.9060 0.0000e+00
      2.813     -0.036     8.0461     72.823     53.343  38.310440    47.6100     1.1421     1.2354     0.4653 1.2546e-01    47.8196      2.759      4.001    10.9061 0.0000e+00
      2.803     -0.037     8.0482     72.790     53.334  38.304038    47.7000     1.1650     1.2780     0.5076 1.2808e-01    47.7138      2.749      3.988    10.9062 0.0000e+00
      2.793     -0.038     8.0498     72.760     53.291  38.273221    47.7000     1.0430     1.2780     0.5076 1.4579e-01    47.1549      2.740      3.973    10.9064 0.0000e+00
      2.783     -0.039     8.0493     72.740     53.244  38.239655    47.7000     1.0887     1.2780     0.5076 1.4334e-01    47.1398      2.730      3.959    10.9066 0.0000e+00
      2.773     -0.040     8.0465     72.729     53.217  38.220292    47.7000     1.0582     1.2780     0.5076 1.6070e-01    47.0642      2.720      3.944    10.9067 0.0000e+00
      2.763     -0.041     8.0428     72.723     53.197  38.205982    47.7000     1.0582     1.2780     0.5076 1.4409e-01    47.0340      2.709      3.930    10.9069 0.0000e+00
      2.752     -0.041     8.0395     72.721     53.210  38.214828    47.7000     1.0887     1.1928     0.4230 1.6150e-01    47.3513      2.699      3.915    10.9070 0.0000e+00
      2.742     -0.040     8.0373     72.726     53.241  38.237232    47.7000     1.0773     1.1928     0.4230 1.7291e-01    47.2908      2.689      3.900    10.9070 0.0000e+00
      2.731     -0.038     8.0361     72.737     53.241  38.237329    47.7000     1.0239     1.1928     0.4230 1.5595e-01    47.2908      2.678      3.885    10.9071 0.0000e+00
      2.721     -0.035     8.0355     72.751     53.221  38.223115    47.7000     1.0582     1.1928     0.4230 1.7529e-01    47.4570      2.668      3.870    10.9072 0.0000e+00
      2.711     -0.032     8.0353     72.767     53.198  38.206739    47.7000     0.8904     1.2354     0.5076 1.9355e-01    48.0764      2.659      3.856    10.9072 0.0000e+00
      2.703     -0.028     8.0357     72.786     53.161  38.179848    47.7000     0.8789     1.2354     0.5076 1.8252e-01    48.0764      2.651      3.845    10.9073 0.0000e+00
      2.698     -0.025     8.0369     72.812     53.126  38.155197    47.7000     0.8904     1.2354     0.5076 1.6736e-01    48.0462      2.645      3.837    10.9073 0.0000e+00
      2.693     -0.024     8.0386     72.846     53.125  38.154103    47.7000     0.8789     1.2354     0.5076 1.7813e-01    48.0462      2.641      3.830    10.9074 0.0000e+00
      2.688     -0.024     8.0403     72.889     53.133  38.160338    47.7900     0.8942     1.2354     0.4653 1.3207e-01    49.1489      2.636      3.824    10.9074 0.0000e+00
      2.683     -0.027     8.0424     72.944     53.121  38.151654    47.7900     0.8827     1.2354     0.4653 1.7918e-01    49.2094      2.631      3.816    10.9074 0.0000e+00
      2.676     -0.032     8.0452     73.010     53.080  38.121751    47.7900     0.8713     1.2354     0.4653 1.7279e-01    49.2094      2.625      3.807    10.9074 0.0000e+00
      2.668     -0.037     8.0490     73.083     53.033  38.088557    47.7900     0.9056     1.2354     0.4653 1.9372e-01    49.2094      2.616      3.795    10.9073 0.0000e+00
      2.657     -0.043     8.0538     73.158     53.012  38.073105    47.8800     0.8751     1.1928     0.5499 1.9363e-01    49.2245      2.606      3.780    10.9073 0.0000e+00
      2.645     -0.049     8.0598     73.225     52.992  38.059321    47.8800     0.8904     1.1928     0.5499 1.9372e-01    49.1489      2.594      3.762    10.9073 0.0000e+00
