Data/DataNotYetUploadedToEDI/Raw_CTD/RawDownloads/110325_bvr50_S8188003.cnv
* Sea-Bird SBE19plus  Data File:
* FileName = C:\R\Reservoirs\Data\DataNotYetUploadedToEDI\Raw_CTD\RawDownloads\102725_bvr50_S8188_0003.hex
* Software version 2.8.0.119
* Temperature SN = 8188
* Conductivity SN = 8188
* System UpLoad Time = Nov 05 2025 17:25:17
* <ApplicationData>
* <Seaterm232>
# nquan = 16
# nvalues = 2368                        
# units = specified
# name 0 = depFM: Depth [fresh water, m]
# name 1 = dz/dtM: Descent Rate [m/s]
# name 2 = sbeox0Mg/L: Oxygen, SBE 43 [mg/l]
# name 3 = sbeox0PS: Oxygen, SBE 43 [% saturation]
# name 4 = specc: Specific Conductance [uS/cm]
# name 5 = c0uS/cm: Conductivity [uS/cm]
# name 6 = wetCDOM: Fluorescence, WET Labs CDOM [mg/m^3]
# name 7 = flECO-AFL: Fluorescence, WET Labs ECO-AFL/FL [mg/m^3]
# name 8 = flECO-AFL1: Fluorescence, WET Labs ECO-AFL/FL, 2 [mg/m^3]
# name 9 = flECO-AFL2: Fluorescence, WET Labs ECO-AFL/FL, 3 [mg/m^3]
# name 10 = par/sat/log: PAR/Logarithmic, Satlantic
# name 11 = turbWETntu0: Turbidity, WET Labs ECO [NTU]
# name 12 = prdM: Pressure, Strain Gauge [db]
# name 13 = prdE: Pressure, Strain Gauge [psi]
# name 14 = tv290C: Temperature [ITS-90, deg C]
# name 15 = flag:  0.000e+00
# span 0 =     -0.727,      5.654       
# span 1 =     -0.170,      0.158       
# span 2 =     4.8051,    10.9885       
# span 3 =     43.916,     99.689       
# span 4 =      1.175,    323.909       
# span 5 =   0.908308, 230.268336       
# span 6 =    -4.5000,    48.0600       
# span 7 =    -0.4448,    16.9543       
# span 8 =    -2.1300,     1.4058       
# span 9 =    -2.0304,     1.3959       
# span 10 = 1.1582e-01, 2.2968e+03      
# span 11 =    -3.0136,   971.1247      
# span 12 =     -0.713,      5.545      
# span 13 =     -1.035,      8.043      
# span 14 =    10.5060,    13.6764      
# span 15 = 0.0000e+00, 0.0000e+00      
# interval = seconds: 0.25
# start_time = Nov 03 2025 11:29:26 [Instrument's time stamp, header]
# bad_flag = -9.990e-29
*END*
[from data line 1266]
      2.476      0.016     8.0913     73.147     53.029  38.072116    47.5200     1.3291     1.1928     0.4230 2.6854e-01    46.3996      2.429      3.522    10.8947 0.0000e+00
      2.481      0.016     8.0925     73.121     53.064  38.097037    47.5200     1.3138     1.1928     0.4230 2.9147e-01    46.3996      2.433      3.528    10.8947 0.0000e+00
      2.485      0.016     8.0911     73.111     53.127  38.141962    47.5200     1.3329     1.1928     0.4230 3.1300e-01    46.3542      2.437      3.534    10.8947 0.0000e+00
      2.489      0.016     8.0881     73.126     53.170  38.173044    47.5200     1.2451     1.1928     0.4230 2.8138e-01    46.3240      2.441      3.540    10.8947 0.0000e+00
      2.493      0.017     8.0847     73.161     53.144  38.154741    47.5200     1.2490     1.1928     0.4230 3.0132e-01    46.3844      2.445      3.546    10.8946 0.0000e+00
      2.497      0.017     8.0818     73.213     53.065  38.098109    47.5200     1.2604     1.2354     0.4653 2.8819e-01    46.4147      2.449      3.552    10.8945 0.0000e+00
      2.502      0.017     8.0807     73.273     53.001  38.051805    47.5200     1.2299     1.2354     0.4653 2.9471e-01    46.3844      2.453      3.558    10.8945 0.0000e+00
      2.506      0.016     8.0822     73.336     52.992  38.045321    47.5200     1.3291     1.2354     0.4653 2.5993e-01    46.2938      2.458      3.564    10.8945 0.0000e+00
      2.510      0.016     8.0862     73.393     52.998  38.049034    47.5200     1.3138     1.2354     0.4653 2.3587e-01    46.4600      2.462      3.570    10.8946 0.0000e+00
      2.514      0.016     8.0919     73.439     52.980  38.036041    47.5200     1.3443     1.1928     0.4230 2.4496e-01    46.3844      2.466      3.576    10.8946 0.0000e+00
      2.518      0.016     8.0986     73.475     52.973  38.030771    47.5200     1.3138     1.1928     0.4230 2.6180e-01    46.2636      2.470      3.582    10.8946 0.0000e+00
      2.522      0.016     8.1055     73.507     52.978  38.033811    47.5200     1.0277     1.1928     0.4230 2.5628e-01    46.3542      2.473      3.587    10.8944 0.0000e+00
      2.526      0.016     8.1119     73.541     52.942  38.008115    47.5200     1.0277     1.1928     0.4230 2.7593e-01    46.5204      2.477      3.593    10.8942 0.0000e+00
      2.530      0.017     8.1171     73.578     52.882  37.964763    47.4300     1.0201     1.1928     0.4653 2.3577e-01    46.2334      2.481      3.598    10.8939 0.0000e+00
      2.535      0.017     8.1210     73.608     52.856  37.945989    47.4300     1.0048     1.1928     0.4653 2.3150e-01    46.3240      2.486      3.605    10.8937 0.0000e+00
      2.539      0.018     8.1246     73.619     52.857  37.946786    47.4300     0.9781     1.1928     0.4653 2.5346e-01    46.4298      2.490      3.612    10.8935 0.0000e+00
      2.544      0.018     8.1284     73.611     52.852  37.943459    47.4300     0.9667     1.1928     0.4653 2.5034e-01    46.4751      2.495      3.618    10.8933 0.0000e+00
      2.548      0.018     8.1325     73.587     52.871  37.957037    47.4300     0.9514     1.1928     0.4653 2.2007e-01    46.4449      2.499      3.625    10.8933 0.0000e+00
      2.553      0.018     8.1358     73.545     52.918  37.991139    47.4300     0.9476     1.1928     0.4653 2.4142e-01    46.5053      2.503      3.631    10.8933 0.0000e+00
      2.557      0.018     8.1370     73.484     52.957  38.018998    47.4300     1.0086     1.1928     0.4653 2.3793e-01    46.4147      2.508      3.637    10.8934 0.0000e+00
      2.562      0.018     8.1361     73.407     52.986  38.040073    47.4300     0.9934     1.1928     0.4653 2.0453e-01    46.4298      2.512      3.644    10.8935 0.0000e+00
      2.567      0.018     8.1334     73.324     53.005  38.054005    47.4300     1.0163     1.1928     0.4653 2.4985e-01    46.4449      2.517      3.651    10.8935 0.0000e+00
      2.571      0.018     8.1288     73.245     53.008  38.056543    47.4300     1.0430     1.1928     0.3807 2.3865e-01    46.4147      2.522      3.658    10.8936 0.0000e+00
      2.576      0.018     8.1220     73.185     52.991  38.044376    47.4300     1.1421     1.1928     0.3807 2.2771e-01    46.3844      2.527      3.664    10.8938 0.0000e+00
      2.581      0.018     8.1135     73.151     52.966  38.026216    47.4300     1.1154     1.1928     0.3807 2.1418e-01    46.3844      2.531      3.671    10.8939 0.0000e+00
      2.586      0.019     8.1043     73.146     52.959  38.021128    47.4300     1.1307     1.1928     0.3807 2.1670e-01    46.3240      2.536      3.677    10.8940 0.0000e+00
      2.590      0.019     8.0956     73.164     52.979  38.035726    47.5200     1.1689     1.1928     0.4230 1.8742e-01    46.3693      2.540      3.684    10.8941 0.0000e+00
      2.595      0.019     8.0888     73.197     53.004  38.053977    47.5200     1.0620     1.1928     0.4230 2.2190e-01    46.2485      2.545      3.691    10.8941 0.0000e+00
      2.600      0.019     8.0852     73.235     52.997  38.048870    47.5200     1.0773     1.1928     0.4230 2.1135e-01    46.1730      2.550      3.698    10.8942 0.0000e+00
      2.605      0.020     8.0846     73.270     52.967  38.027013    47.5200     1.0506     1.1928     0.4230 1.9359e-01    46.1125      2.555      3.705    10.8943 0.0000e+00
      2.610      0.020     8.0866     73.300     52.961  38.022425    47.5200     1.0735     1.1928     0.4653 2.1974e-01    46.3089      2.560      3.712    10.8944 0.0000e+00
      2.615      0.020     8.0902     73.326     52.983  38.037868    47.5200     1.0659     1.1928     0.4653 1.9389e-01    46.3693      2.565      3.719    10.8944 0.0000e+00
      2.620      0.020     8.0944     73.348     52.994  38.045582    47.5200     1.0849     1.1928     0.4653 2.0794e-01    46.3240      2.570      3.727    10.8944 0.0000e+00
      2.625      0.021     8.0983     73.367     53.003  38.051608    47.5200     1.0926     1.1928     0.4653 2.0449e-01    46.3542      2.575      3.734    10.8944 0.0000e+00
      2.631      0.021     8.1016     73.385     53.039  38.077477    47.5200     1.0620     1.2354     0.4653 1.9677e-01    46.3391      2.580      3.742    10.8943 0.0000e+00
      2.636      0.021     8.1045     73.399     53.071  38.100203    47.5200     1.2223     1.2354     0.4653 2.0022e-01    46.3996      2.586      3.750    10.8941 0.0000e+00
      2.642      0.021     8.1069     73.402     53.065  38.095958    47.5200     1.2184     1.2354     0.4653 1.8653e-01    46.2938      2.591      3.758    10.8938 0.0000e+00
      2.648      0.021     8.1091     73.395     53.050  38.085528    47.5200     1.1994     1.2354     0.4653 1.7499e-01    46.3693      2.597      3.766    10.8936 0.0000e+00
      2.654      0.022     8.1112     73.377     53.054  38.088047    47.5200     1.2070     1.2354     0.4653 2.1044e-01    46.3844      2.602      3.774    10.8933 0.0000e+00
      2.659      0.022     8.1127     73.353     53.054  38.088249    47.5200     1.2528     1.1928     0.4653 1.7617e-01    46.4147      2.608      3.782    10.8932 0.0000e+00
      2.664      0.022     8.1130     73.325     53.009  38.056300    47.5200     1.2719     1.1928     0.4653 2.0382e-01    46.3844      2.613      3.789    10.8931 0.0000e+00
      2.670      0.022     8.1123     73.296     52.935  38.003605    47.5200     1.2528     1.1928     0.4653 1.8779e-01    46.2938      2.618      3.797    10.8932 0.0000e+00
      2.676      0.023     8.1103     73.270     52.885  37.967914    47.5200     1.2566     1.1928     0.4653 1.7026e-01    46.3240      2.624      3.805    10.8933 0.0000e+00
      2.682      0.023     8.1075     73.258     52.857  37.947680    47.5200     1.1460     1.1928     0.4653 1.8488e-01    46.1276      2.630      3.814    10.8936 0.0000e+00
      2.688      0.024     8.1045     73.267     52.857  37.947467    47.5200     1.1307     1.1928     0.4653 1.6401e-01    46.1881      2.636      3.823    10.8938 0.0000e+00
      2.694      0.024     8.1013     73.293     52.890  37.971206    47.5200     1.1498     1.1928     0.4653 1.6164e-01    46.1730      2.642      3.831    10.8939 0.0000e+00
      2.700      0.024     8.0984     73.335     52.896  37.975415    47.5200     1.1460     1.1928     0.4653 1.5903e-01    46.1881      2.648      3.840    10.8939 0.0000e+00
      2.706      0.024     8.0971     73.391     52.865  37.953249    47.5200     1.0201     1.1928     0.4230 1.8755e-01    46.3996      2.654      3.848    10.8939 0.0000e+00
      2.712      0.024     8.0980     73.452     52.872  37.958567    47.5200     0.9781     1.1928     0.4230 1.7276e-01    46.5204      2.660      3.857    10.8939 0.0000e+00
      2.718      0.024     8.1009     73.515     52.920  37.992787    47.5200     1.0010     1.1928     0.4230 1.6235e-01    46.4147      2.665      3.866    10.8939 0.0000e+00
      2.724      0.024     8.1056     73.578     52.968  38.027180    47.5200     1.0506     1.1928     0.4230 1.7030e-01    46.3844      2.671      3.874    10.8940 0.0000e+00
      2.730      0.024     8.1117     73.635     53.029  38.070917    47.5200     1.1421     1.1928     0.4230 1.7751e-01    46.4298      2.677      3.883    10.8940 0.0000e+00
      2.736      0.023     8.1185     73.678     53.083  38.109760    47.5200     1.1650     1.1928     0.4230 1.2317e-01    46.3542      2.683      3.891    10.8940 0.0000e+00
      2.742      0.023     8.1254     73.706     53.094  38.118204    47.5200     1.1421     1.1928     0.4230 1.7033e-01    46.3240      2.688      3.899    10.8940 0.0000e+00
      2.747      0.023     8.1324     73.719     53.095  38.118426    47.5200     1.1307     1.1928     0.4230 1.5609e-01    46.5204      2.694      3.908    10.8940 0.0000e+00
      2.753      0.023     8.1386     73.721     53.109  38.128415    47.5200     1.2108     1.1928     0.4230 1.1701e-01    46.3844      2.700      3.916    10.8940 0.0000e+00
      2.759      0.023     8.1434     73.712     53.118  38.134897    47.5200     1.2070     1.1928     0.3807 1.3550e-01    46.3844      2.706      3.924    10.8940 0.0000e+00
      2.765      0.022     8.1465     73.686     53.138  38.149562    47.5200     1.1727     1.1928     0.3807 1.7988e-01    46.2938      2.711      3.933    10.8940 0.0000e+00
      2.770      0.022     8.1479     73.645     53.159  38.164366    47.5200     1.1917     1.1928     0.3807 1.5403e-01    46.4449      2.717      3.941    10.8940 0.0000e+00
      2.776      0.022     8.1481     73.592     53.154  38.161340    47.5200     0.9743     1.1928     0.3807 1.2639e-01    46.3844      2.722      3.949    10.8940 0.0000e+00
      2.782      0.022     8.1472     73.525     53.155  38.161594    47.5200     0.9705     1.2354     0.5499 1.6341e-01    46.4751      2.728      3.956    10.8940 0.0000e+00
      2.787      0.021     8.1443     73.452     53.137  38.149257    47.5200     0.9590     1.2354     0.5499 1.1696e-01    46.3240      2.733      3.964    10.8940 0.0000e+00
      2.793      0.021     8.1398     73.384     53.073  38.103107    47.5200     0.9362     1.2354     0.5499 1.5521e-01    46.3391      2.739      3.972    10.8941 0.0000e+00
      2.798      0.021     8.1339     73.328     52.997  38.048692    47.5200     1.0086     1.2354     0.5499 1.4431e-01    46.2485      2.744      3.980    10.8941 0.0000e+00
      2.803      0.021     8.1265     73.288     52.947  38.013343    47.5200     1.0048     1.2354     0.4230 1.2099e-01    46.3542      2.749      3.987    10.8942 0.0000e+00
      2.809      0.021     8.1183     73.265     52.933  38.003572    47.5200     0.9934     1.2354     0.4230 1.4722e-01    46.3844      2.754      3.994    10.8943 0.0000e+00
      2.814      0.021     8.1108     73.249     52.924  37.996850    47.5200     1.0086     1.2354     0.4230 1.3748e-01    46.3542      2.759      4.002    10.8945 0.0000e+00
      2.819      0.021     8.1046     73.224     52.919  37.993377    47.5200     1.0735     1.2354     0.4230 1.3754e-01    46.3391      2.764      4.009    10.8946 0.0000e+00
      2.824      0.020     8.1002     73.186     52.953  38.018128    47.5200     1.0582     1.2354     0.4230 1.4639e-01    46.3542      2.769      4.016    10.8948 0.0000e+00
      2.829      0.020     8.0976     73.132     52.980  38.037854    47.6100     1.0659     1.1928     0.4230 1.3129e-01    46.4449      2.775      4.024    10.8949 0.0000e+00
      2.834      0.020     8.0958     73.072     52.968  38.029922    47.6100     1.0887     1.1928     0.4230 1.5848e-01    46.3693      2.780      4.031    10.8951 0.0000e+00
      2.839      0.020     8.0930     73.015     52.979  38.038043    47.6100     1.3367     1.1928     0.4230 1.2903e-01    46.5204      2.784      4.038    10.8953 0.0000e+00
      2.844      0.020     8.0887     72.975     53.030  38.074344    47.6100     1.3062     1.1928     0.4230 1.1605e-01    46.3542      2.789      4.045    10.8956 0.0000e+00
      2.849      0.019     8.0828     72.963     53.083  38.112643    47.5200     1.3329     1.1928     0.3807 1.1615e-01    46.3542      2.794      4.053    10.8958 0.0000e+00
      2.854      0.019     8.0760     72.982     53.117  38.137251    47.5200     1.3405     1.1928     0.3807 1.1623e-01    46.3542      2.799      4.060    10.8960 0.0000e+00
      2.859      0.019     8.0698     73.019     53.113  38.134806    47.5200     1.1994     1.1928     0.3807 1.2013e-01    46.3693      2.804      4.066    10.8962 0.0000e+00
      2.863      0.019     8.0653     73.059     53.094  38.120596    47.5200     1.2032     1.1928     0.3807 1.1633e-01    46.3542      2.808      4.073    10.8964 0.0000e+00
      2.868      0.019     8.0640     73.090     53.088  38.116732    47.5200     1.2223     1.2354     0.4653 1.1930e-01    46.3542      2.813      4.080    10.8966 0.0000e+00
      2.873      0.019     8.0660     73.112     53.060  38.096283    47.5200     1.1956     1.2354     0.4653 1.1602e-01    46.4751      2.818      4.086    10.8968 0.0000e+00
      2.878      0.019     8.0701     73.130     53.020  38.067742    47.5200     1.3596     1.2354     0.4653 1.3541e-01    46.5053      2.822      4.093    10.8969 0.0000e+00
      2.882      0.019     8.0744     73.154     53.002  38.055377    47.5200     1.3787     1.2354     0.4653 1.1630e-01    46.3693      2.827      4.100    10.8969 0.0000e+00
      2.887      0.019     8.0779     73.196     52.978  38.037959    47.5200     1.3825     1.1928     0.5499 1.1620e-01    46.3542      2.832      4.107    10.8969 0.0000e+00
      2.892      0.019     8.0803     73.260     52.945  38.014827    47.5200     1.3901     1.1928     0.5499 1.1623e-01    46.3693      2.836      4.113    10.8969 0.0000e+00
      2.897      0.019     8.0822     73.340     52.910  37.989777    47.5200     1.2833     1.1928     0.5499 1.2650e-01    46.3542      2.841      4.120    10.8969 0.0000e+00
      2.901      0.019     8.0849     73.429     52.896  37.980036    47.5200     1.2299     1.1928     0.5499 1.1595e-01    46.4751      2.846      4.127    10.8971 0.0000e+00
      2.906      0.019     8.0895     73.520     52.939  38.010899    47.5200     1.2566     1.1928     0.5499 1.1620e-01    46.2485      2.850      4.134    10.8973 0.0000e+00
      2.911      0.019     8.0965     73.598     52.997  38.052743    47.6100     1.2604     1.2354     0.4230 1.2200e-01    46.3693      2.855      4.140    10.8976 0.0000e+00
      2.916      0.020     8.1053     73.652     53.017  38.066914    47.6100     1.2490     1.2354     0.4230 1.1600e-01    46.4298      2.859      4.147    10.8979 0.0000e+00
      2.920      0.020     8.1151     73.684     53.011  38.063170    47.6100     1.2528     1.2354     0.4230 1.1617e-01    46.3996      2.864      4.154    10.8981 0.0000e+00
