Data/DataNotYetUploadedToEDI/Raw_CTD/RawDownloads/110420_fcr50.cnv
* Sea-Bird SBE19plus  Data File:
* FileName = C:\DATA\110420_fcr50.hex
* Software version 2.8.0.119
* Temperature SN = 7809
* Conductivity SN = 7809
* System UpLoad Time = Nov 04 2020 15:07:54
* <ApplicationData>
* <Seaterm232>
# nquan = 16
# nvalues = 1580                        
# units = specified
# name 0 = depFM: Depth [fresh water, m]
# name 1 = dz/dtM: Descent Rate [m/s]
# name 2 = orp: Oxidation Reduction Potential [mV]
# name 3 = sbeox0Mg/L: Oxygen, SBE 43 [mg/l]
# name 4 = sbeox0PS: Oxygen, SBE 43 [% saturation]
# name 5 = par/sat/log: PAR/Logarithmic, Satlantic
# name 6 = ph: pH
# name 7 = specc: Specific Conductance [uS/cm]
# name 8 = c0uS/cm: Conductivity [uS/cm]
# name 9 = flECO-AFL: Fluorescence, WET Labs ECO-AFL/FL [mg/m^3]
# name 10 = turbWETntu0: Turbidity, WET Labs ECO [NTU]
# name 11 = tv290C: Temperature [ITS-90, deg C]
# name 12 = density00: Density [density, kg/m^3]
# name 13 = prdE: Pressure, Strain Gauge [psi]
# name 14 = prdM: Pressure, Strain Gauge [db]
# name 15 = flag:  0.000e+00
# span 0 =     -0.542,      9.764       
# span 1 =     -0.321,      2.803       
# span 2 = -1240.7455,   434.9208       
# span 3 =     5.6514,    10.1707       
# span 4 =     54.140,     95.503       
# span 5 = 1.2355e-01, 1.9496e+03       
# span 6 =      2.549,     16.183       
# span 7 =      0.805,     45.291       
# span 8 =   0.720461,  34.624560       
# span 9 =    -3.1356,     7.4828       
# span 10 =    -0.3246,   936.3138      
# span 11 =    11.7933,    19.7578      
# span 12 =   998.2601,   999.5849      
# span 13 =     -0.771,     13.888      
# span 14 =     -0.532,      9.576      
# span 15 = 0.0000e+00, 0.0000e+00      
# interval = seconds: 0.25
# start_time = Nov 04 2020 00:43:23 [Instrument's time stamp, header]
# bad_flag = -9.990e-29
*END*
[from data line 1447]
      3.647     -0.179   310.1471     7.0351     64.680 1.3464e+00     15.908     42.465  31.304859     3.4705     7.0319    11.8508   999.5507      5.185      3.575 0.0000e+00
      3.587     -0.165   310.1955     7.0167     64.644 1.4690e+00     15.908     42.445  31.290678     3.4903     7.0662    11.8512   999.5504      5.100      3.516 0.0000e+00
      3.533     -0.143   310.0327     7.0032     64.549 1.5663e+00     15.908     42.430  31.278209     3.5298     7.1351    11.8534   999.5499      5.014      3.458 0.0000e+00
      3.498     -0.115   310.1576     6.9993     64.398 1.5973e+00     15.908     42.435  31.280979     3.5762     7.2816    11.8560   999.5495      4.958      3.419 0.0000e+00
      3.488     -0.090   310.4148     6.9893     64.260 1.6053e+00     15.908     42.495  31.324175     3.5930     7.3608    11.8579   999.5492      4.958      3.418 0.0000e+00
      3.485     -0.077   310.3888     6.9920     64.130 1.6334e+00     15.909     42.538  31.356368     3.6003     7.3370    11.8585   999.5491      4.961      3.421 0.0000e+00
      3.475     -0.080   310.1874     6.9827     64.066 1.6613e+00     15.909     42.533  31.352993     3.6254     7.2691    11.8566   999.5493      4.945      3.409 0.0000e+00
      3.458     -0.096   309.9599     6.9585     64.095 1.7188e+00     15.909     42.522  31.346820     3.6301     7.1226    11.8541   999.5495      4.926      3.395 0.0000e+00
      3.432     -0.119   309.8747     6.9504     64.150 1.8484e+00     15.910     42.517  31.345176     3.6181     7.0768    11.8535   999.5495      4.891      3.372 0.0000e+00
      3.392     -0.141   309.9311     6.9298     64.162 2.0149e+00     15.911     42.498  31.333123     3.6240     7.1615    11.8537   999.5493      4.827      3.329 0.0000e+00
      3.343     -0.156   310.0395     6.9214     64.100 2.1784e+00     15.910     42.489  31.327978     3.6627     7.2200    11.8543   999.5489      4.754      3.278 0.0000e+00
      3.297     -0.163   310.3247     6.9296     64.018 2.3319e+00     15.909     42.512  31.346415     3.7242     7.1999    11.8563   999.5485      4.687      3.233 0.0000e+00
      3.255     -0.161   310.6272     6.9352     63.923 2.4959e+00     15.909     42.537  31.365712     3.7566     7.1248    11.8594   999.5479      4.629      3.192 0.0000e+00
      3.215     -0.148   310.9430     6.9413     63.800 2.6884e+00     15.909     42.543  31.370960     3.7588     7.0682    11.8620   999.5475      4.574      3.153 0.0000e+00
      3.175     -0.131   311.1322     6.9276     63.665 2.8789e+00     15.909     42.509  31.346424     3.7512     7.0644    11.8635   999.5471      4.514      3.112 0.0000e+00
      3.138     -0.119   310.8500     6.9200     63.524 3.0370e+00     15.908     42.478  31.322833     3.7222     7.0787    11.8645   999.5468      4.458      3.074 0.0000e+00
      3.113     -0.118   310.6277     6.9115     63.406 3.1198e+00     15.907     42.501  31.339513     3.7044     7.1040    11.8656   999.5466      4.418      3.046 0.0000e+00
      3.099     -0.126   310.9389     6.8950     63.346 3.1626e+00     15.908     42.525  31.357761     3.7068     7.1296    11.8672   999.5464      4.409      3.040 0.0000e+00
      3.081     -0.139   311.6876     6.8824     63.365 3.3030e+00     15.909     42.517  31.353128     3.7223     7.1480    11.8681   999.5462      4.395      3.030 0.0000e+00
      3.045     -0.150   312.1091     6.8648     63.461 3.5931e+00     15.909     42.506  31.346944     3.7590     7.1890    11.8672   999.5461      4.341      2.993 0.0000e+00
      2.988     -0.159   311.6476     6.8507     63.562 3.9997e+00     15.909     42.504  31.346443     3.7790     7.1792    11.8658   999.5460      4.255      2.934 0.0000e+00
      2.926     -0.164   311.3558     6.8446     63.605 4.3595e+00     15.909     42.504  31.347068     3.7720     7.0982    11.8664   999.5456      4.150      2.861 0.0000e+00
      2.880     -0.160   311.4198     6.8443     63.610 4.5632e+00     15.909     42.514  31.354509     3.7612     7.0336    11.8683   999.5452      4.083      2.815 0.0000e+00
      2.850     -0.152   311.1317     6.8584     63.603 4.7932e+00     15.909     42.539  31.372964     3.8104     6.9818    11.8705   999.5448      4.059      2.798 0.0000e+00
      2.821     -0.154   310.8835     6.8732     63.581 5.0872e+00     15.909     42.548  31.379878     3.9182     6.9185    11.8720   999.5445      4.012      2.767 0.0000e+00
      2.792     -0.173   310.8272     6.8749     63.564 5.3224e+00     15.909     42.540  31.374649     3.9678     6.8864    11.8723   999.5443      3.966      2.735 0.0000e+00
      2.763     -0.203   310.8815     6.8744     63.572 5.7039e+00     15.908     42.536  31.373194     3.9526     6.8678    11.8725   999.5442      3.940      2.717 0.0000e+00
      2.713     -0.232   311.1960     6.8745     63.561 6.5349e+00     15.907     42.518  31.362293     3.8867     6.8995    11.8725   999.5440      3.879      2.675 0.0000e+00
      2.631     -0.248   311.1877     6.8715     63.478 7.7733e+00     15.907     42.524  31.369735     3.7813     7.0291    11.8722   999.5437      3.752      2.587 0.0000e+00
      2.534     -0.251   310.6959     6.8673     63.333 9.0362e+00     15.907     42.562  31.399736     3.7281     7.1303    11.8729   999.5430      3.592      2.477 0.0000e+00
      2.452     -0.238   310.5835     6.8704     63.196 9.9243e+00     15.907     42.572  31.407810     3.7297     7.1276    11.8755   999.5424      3.468      2.392 0.0000e+00
      2.400     -0.211   310.7756     6.8717     63.132 1.0520e+01     15.908     42.567  31.403915     3.8484     7.0994    11.8789   999.5418      3.408      2.349 0.0000e+00
      2.365     -0.179   310.6953     6.8614     63.113 1.1125e+01     15.909     42.583  31.416084     4.0858     7.1332    11.8819   999.5413      3.364      2.320 0.0000e+00
      2.332     -0.154   310.4736     6.8425     63.081 1.1689e+01     15.909     42.599  31.428045     4.2248     7.1922    11.8840   999.5409      3.313      2.285 0.0000e+00
      2.304     -0.143   310.4174     6.8239     63.059 1.2234e+01     15.909     42.589  31.421653     4.2609     7.1952    11.8847   999.5407      3.276      2.259 0.0000e+00
      2.274     -0.143   310.5327     6.8180     63.035 1.3040e+01     15.909     42.562  31.402252     4.4938     7.1350    11.8849   999.5406      3.241      2.234 0.0000e+00
      2.234     -0.148   310.5766     6.8217     62.994 1.4173e+01     15.909     42.536  31.383805     4.9228     7.0833    11.8855   999.5403      3.183      2.194 0.0000e+00
      2.187     -0.152   310.6039     6.8133     62.950 1.5309e+01     15.909     42.543  31.388945     5.1663     7.1190    11.8859   999.5399      3.106      2.142 0.0000e+00
      2.143     -0.156   310.7773     6.8121     62.822 1.6268e+01     15.908     42.559  31.400962     5.2066     7.1543    11.8865   999.5397      3.043      2.098 0.0000e+00
      2.107     -0.158   310.9513     6.8128     62.593 1.7299e+01     15.908     42.560  31.402209     5.2571     7.0983    11.8878   999.5395      2.999      2.067 0.0000e+00
      2.071     -0.158   310.9018     6.8020     62.353 1.8482e+01     15.909     42.562  31.404024     5.3377     7.0593    11.8886   999.5392      2.947      2.032 0.0000e+00
      2.032     -0.161   310.6944     6.8059     62.209 1.9762e+01     15.909     42.587  31.422909     5.3802     7.0606    11.8889   999.5390      2.890      1.992 0.0000e+00
      1.992     -0.166   310.5950     6.7916     62.211 2.1255e+01     15.909     42.609  31.440213     5.3803     7.0797    11.8890   999.5388      2.835      1.954 0.0000e+00
      1.949     -0.170   310.7325     6.7617     62.259 2.3022e+01     15.909     42.584  31.422909     5.3676     7.1185    11.8890   999.5386      2.774      1.913 0.0000e+00
      1.901     -0.169   310.8945     6.7330     62.257 2.5111e+01     15.908     42.558  31.404038     5.1502     7.0493    11.8891   999.5383      2.707      1.866 0.0000e+00
      1.851     -0.165   310.6596     6.7122     62.229 2.7397e+01     15.907     42.556  31.402373     4.7543     6.9298    11.8895   999.5381      2.633      1.815 0.0000e+00
      1.804     -0.159   310.3025     6.7189     62.192 2.9267e+01     15.907     42.557  31.402779     4.5573     6.9095    11.8907   999.5377      2.557      1.763 0.0000e+00
      1.768     -0.152   310.5345     6.7300     62.172 3.0645e+01     15.908     42.565  31.408953     4.5619     6.9413    11.8921   999.5374      2.510      1.731 0.0000e+00
      1.740     -0.145   311.1415     6.7245     62.155 3.2349e+01     15.908     42.570  31.413576     4.6484     6.9359    11.8928   999.5372      2.481      1.711 0.0000e+00
      1.707     -0.140   311.2748     6.7229     62.089 3.4505e+01     15.908     42.545  31.395225     4.7916     6.8788    11.8929   999.5370      2.430      1.675 0.0000e+00
      1.669     -0.139   311.2857     6.7180     62.098 3.6722e+01     15.908     42.520  31.377413     4.8537     6.8691    11.8926   999.5368      2.373      1.635 0.0000e+00
      1.632     -0.141   311.7047     6.7124     62.219 3.9084e+01     15.908     42.535  31.388543     4.8560     6.9223    11.8928   999.5367      2.322      1.601 0.0000e+00
      1.596     -0.144   311.6944     6.7213     62.335 4.1823e+01     15.908     42.554  31.402914     4.8755     6.9720    11.8931   999.5365      2.271      1.566 0.0000e+00
      1.557     -0.147   311.2465     6.7016     62.403 4.4861e+01     15.909     42.583  31.424281     4.8988     7.0244    11.8935   999.5361      2.216      1.527 0.0000e+00
      1.520     -0.151   311.2798     6.7004     62.381 4.7690e+01     15.909     42.627  31.456561     4.9092     7.0399    11.8942   999.5359      2.159      1.488 0.0000e+00
      1.487     -0.155   311.6659     6.7242     62.320 5.0790e+01     15.908     42.653  31.475972     4.9064     7.0564    11.8948   999.5358      2.116      1.459 0.0000e+00
      1.449     -0.160   311.8722     6.7328     62.351 5.5231e+01     15.908     42.642  31.468646     4.8363     7.1209    11.8950   999.5356      2.068      1.427 0.0000e+00
      1.403     -0.166   311.7090     6.7455     62.430 6.0327e+01     15.909     42.590  31.431430     4.6910     7.1339    11.8945   999.5354      1.995      1.376 0.0000e+00
      1.356     -0.172   311.4128     6.7418     62.452 6.5237e+01     15.909     42.555  31.406677     4.5993     7.0764    11.8942   999.5352      1.925      1.326 0.0000e+00
      1.313     -0.175   311.3890     6.7248     62.457 7.0775e+01     15.908     42.575  31.423147     4.5962     7.0435    11.8947   999.5350      1.870      1.289 0.0000e+00
      1.270     -0.172   311.6790     6.7317     62.481 7.7485e+01     15.908     42.596  31.440232     4.7382     7.0792    11.8952   999.5348      1.810      1.248 0.0000e+00
      1.222     -0.163   312.0803     6.7496     62.568 8.5001e+01     15.908     42.571  31.422910     4.9997     7.1303    11.8962   999.5345      1.738      1.198 0.0000e+00
      1.174     -0.153   312.2830     6.7433     62.686 9.1989e+01     15.908     42.545  31.404045     5.1353     7.1114    11.8984   999.5339      1.662      1.146 0.0000e+00
      1.136     -0.146   312.3222     6.7463     62.702 9.6881e+01     15.907     42.543  31.402485     5.1290     7.0564    11.9006   999.5335      1.608      1.109 0.0000e+00
      1.108     -0.142   312.2109     6.7453     62.635 1.0101e+02     15.907     42.544  31.404046     5.1137     7.0495    11.9024   999.5332      1.577      1.087 0.0000e+00
      1.081     -0.143   311.7970     6.7521     62.540 1.0681e+02     15.907     42.568  31.422917     5.1600     7.0288    11.9032   999.5329      1.542      1.063 0.0000e+00
      1.048     -0.151   311.4477     6.7789     62.485 1.1445e+02     15.907     42.591  31.440323     5.2594     6.9777    11.9032   999.5328      1.494      1.029 0.0000e+00
      1.010     -0.166   311.4300     6.7725     62.482 1.2336e+02     15.907     42.569  31.424165     5.3143     6.9118    11.9038   999.5325      1.438      0.992 0.0000e+00
      0.965     -0.185   311.4963     6.7660     62.447 1.3462e+02     15.907     42.560  31.417887     5.3185     6.8503    11.9054   999.5322      1.378      0.951 0.0000e+00
      0.911     -0.204   311.3883     6.7521     62.427 1.4807e+02     15.908     42.572  31.427862     5.3198     6.9202    11.9065   999.5318      1.297      0.894 0.0000e+00
      0.853     -0.220   311.0712     6.7421     62.477 1.6449e+02     15.908     42.556  31.417886     5.3306     7.0704    11.9068   999.5315      1.210      0.834 0.0000e+00
      0.797     -0.230   310.6742     6.7527     62.565 1.8663e+02     15.908     42.561  31.424164     5.3445     7.1560    11.9069   999.5312      1.137      0.783 0.0000e+00
      0.736     -0.232   310.4592     6.7415     62.675 2.1313e+02     15.907     42.579  31.440322     5.3635     7.1664    11.9076   999.5307      1.050      0.724 0.0000e+00
      0.670     -0.225   310.4506     6.7371     62.785 2.4214e+02     15.907     42.553  31.422924     5.5888     7.1267    11.9086   999.5304      0.952      0.656 0.0000e+00
      0.605     -0.215   310.1404     6.7456     62.821 2.8324e+02     15.907     42.526  31.404147     6.0276     7.0882    11.9102   999.5299      0.857      0.590 0.0000e+00
      0.549     -0.206   309.3757     6.7546     62.792 3.3000e+02     15.907     42.525  31.403625     6.2816     7.0785    11.9135   999.5293      0.773      0.533 0.0000e+00
      0.505     -0.202   308.6037     6.7646     62.720 3.5277e+02     15.907     42.541  31.416625     6.3137     7.0780    11.9171   999.5287      0.713      0.491 0.0000e+00
      0.468     -0.207   308.1206     6.7829     62.624 3.6200e+02     15.908     42.562  31.434440     6.3780     7.0815    11.9198   999.5282      0.669      0.460 0.0000e+00
      0.426     -0.218   308.0936     6.7843     62.638 3.9494e+02     15.908     42.551  31.428681     6.4975     7.0869    11.9212   999.5279      0.615      0.424 0.0000e+00
      0.369     -0.233   308.1924     6.7775     62.761 5.0198e+02     15.907     42.523  31.410443     6.5658     7.1087    11.9213   999.5276      0.533      0.368 0.0000e+00
      0.297     -0.253   307.7655     6.7767     62.921 8.1506e+02     15.907     42.513  31.404265     6.5745     7.1395    11.9219   999.5273      0.425      0.293 0.0000e+00
      0.218     -0.277   306.9760     6.7510     63.091 1.0804e+03     15.908     42.528  31.417438     6.5358     7.1839    11.9241   999.5266      0.306      0.211 0.0000e+00
      0.147     -0.300   306.3902     6.7571     63.240 1.0799e+03     15.910     42.556  31.442835     6.4694     7.3027    11.9275   999.5258      0.202      0.140 0.0000e+00
      0.081     -0.315   306.7908     6.7738     63.380 1.1473e+03     15.910     42.563  31.457559     6.4498     7.4776    11.9305   999.5252      0.124      0.085 0.0000e+00
      0.004     -0.320   311.5624     6.7883     63.483 1.2473e+03     15.909     42.560  31.468586     6.4506     7.9589    11.9329   999.5246      0.019      0.013 0.0000e+00
     -0.092     -0.321   315.2131     6.8119     63.513 1.2471e+03     15.909     42.604  31.512728     6.4507    12.5041    11.9341   999.5240     -0.130     -0.089 0.0000e+00
     -0.192     -0.319   312.6431     6.8227     63.513 1.2410e+03     15.908     42.813  31.674067     6.7077    62.7773    11.9372   999.5232     -0.281     -0.193 0.0000e+00
     -0.277     -0.304   312.5816     6.8388     63.515 1.1918e+03     15.906     43.114  31.896611     7.2118   155.0610    11.9500   999.5213     -0.411     -0.283 0.0000e+00
     -0.343     -0.269   314.4692     6.8503     63.462 8.9305e+02     15.904     43.239  31.982857     7.4828   205.0551    11.9670   999.5191     -0.481     -0.332 0.0000e+00
