Data/DataNotYetUploadedToEDI/Raw_CTD/RawDownloads/110424_fcr50_S7809002.cnv
* Sea-Bird SBE19plus  Data File:
* FileName = C:\R\Reservoirs\Data\DataNotYetUploadedToEDI\Raw_CTD\RawDownloads\110424_fcr50_S7809_0002.hex
* Software version 2.8.0.119
* Temperature SN = 7809
* Conductivity SN = 7809
* System UpLoad Time = Nov 05 2024 10:36:18
* <ApplicationData>
* <Seaterm232>
# nquan = 15
# nvalues = 1528                        
# units = specified
# name 0 = depFM: Depth [fresh water, m]
# name 1 = dz/dtM: Descent Rate [m/s]
# name 2 = sbeox0Mg/L: Oxygen, SBE 43 [mg/l]
# name 3 = sbeox0PS: Oxygen, SBE 43 [% saturation]
# name 4 = specc: Specific Conductance [uS/cm]
# name 5 = c0uS/cm: Conductivity [uS/cm]
# name 6 = flECO-AFL: Fluorescence, WET Labs ECO-AFL/FL [mg/m^3]
# name 7 = ph: pH
# name 8 = orp: Oxidation Reduction Potential [mV]
# name 9 = par/sat/log: PAR/Logarithmic, Satlantic
# name 10 = turbWETntu0: Turbidity, WET Labs ECO [NTU]
# name 11 = prdM: Pressure, Strain Gauge [db]
# name 12 = prdE: Pressure, Strain Gauge [psi]
# name 13 = tv290C: Temperature [ITS-90, deg C]
# name 14 = flag:  0.000e+00
# span 0 =     -0.531,      9.564       
# span 1 =     -0.395,      0.204       
# span 2 =     1.4466,    12.1230       
# span 3 =     15.313,    118.111       
# span 4 =      4.129,    438.929       
# span 5 =   3.233144, 342.588604       
# span 6 =    -0.1338,     6.7265       
# span 7 =     -2.419,      8.025       
# span 8 =   214.5329,   875.1734       
# span 9 = 1.2366e-01, 6.3830e+02       
# span 10 =    -0.3211,    91.2849      
# span 11 =     -0.522,      9.379      
# span 12 =     -0.758,     13.603      
# span 13 =    14.0119,    14.5284      
# span 14 = 0.0000e+00, 0.0000e+00      
# interval = seconds: 0.25
# start_time = Nov 04 2024 14:00:16 [Instrument's time stamp, header]
# bad_flag = -9.990e-29
*END*
[from data line 193]
      0.337 -4.098e-07    11.9969    112.879     42.552  33.504511     4.9180      7.820   267.2931 7.6301e+01     4.9755      0.332      0.482    14.3685 0.0000e+00
      0.336      0.000    11.8697    112.124     42.561  33.510797     4.9051      7.821   267.2966 7.5639e+01     4.9308      0.329      0.477    14.3667 0.0000e+00
      0.336      0.000    11.7331    111.495     42.553  33.504075     4.9011      7.823   267.2001 7.5221e+01     4.9268      0.329      0.477    14.3649 0.0000e+00
      0.337     -0.001    11.6237    110.969     42.532  33.486678     4.9454      7.824   267.2442 7.5926e+01     4.8938      0.330      0.479    14.3650 0.0000e+00
      0.337     -0.001    11.5349    110.543     42.537  33.490783     5.0330      7.824   267.3997 7.7578e+01     4.9067      0.330      0.479    14.3658 0.0000e+00
      0.337     -0.001    11.4567    110.218     42.536  33.490263     5.0780      7.825   267.6188 7.9474e+01     4.9120      0.330      0.479    14.3656 0.0000e+00
      0.336     -0.001    11.3946    109.947     42.523  33.480392     5.0638      7.826   267.8287 8.1364e+01     4.9239      0.329      0.478    14.3643 0.0000e+00
      0.336     -0.001    11.3412    109.702     42.545  33.498318     5.0283      7.826   267.8719 8.2906e+01     5.0505      0.329      0.477    14.3631 0.0000e+00
      0.335     -0.001    11.2961    109.498     42.568  33.516668     4.9900      7.828   267.7973 8.3619e+01     5.2130      0.328      0.476    14.3632 0.0000e+00
      0.335      0.000    11.2662    109.367     42.560  33.511931     4.9835      7.830   267.7869 8.3384e+01     5.2498      0.328      0.476    14.3640 0.0000e+00
      0.335      0.000    11.2389    109.296     42.550  33.504490     4.9919      7.830   267.9179 8.2350e+01     5.1876      0.328      0.476    14.3646 0.0000e+00
      0.336      0.001    11.2132    109.237     42.530  33.490149     5.0337      7.830   268.0049 8.0934e+01     5.1096      0.329      0.477    14.3647 0.0000e+00
      0.336      0.001    11.1907    109.186     42.499  33.465415     5.1220      7.831   267.9780 7.9702e+01     5.0251      0.329      0.477    14.3649 0.0000e+00
      0.336      0.001    11.1769    109.152     42.492  33.459223     5.1685      7.834   267.9374 7.8886e+01     4.9847      0.330      0.478    14.3660 0.0000e+00
      0.336      0.000    11.1729    109.124     42.517  33.478728     5.1639      7.835   267.9439 7.8578e+01     4.9628      0.330      0.478    14.3676 0.0000e+00
      0.336 1.8613e-08    11.1656    109.075     42.559  33.510913     5.1489      7.836   268.0566 7.8893e+01     4.9311      0.330      0.478    14.3689 0.0000e+00
      0.336 2.0475e-07    11.1598    108.993     42.585  33.531138     5.0955      7.837   268.1815 7.9783e+01     4.9428      0.329      0.478    14.3688 0.0000e+00
      0.336 2.0472e-07    11.1571    108.919     42.587  33.532933     5.0181      7.838   268.2498 8.0940e+01     4.9686      0.329      0.477    14.3680 0.0000e+00
      0.336 1.8278e-08    11.1552    108.890     42.586  33.532621     4.9791      7.838   268.1945 8.2036e+01     4.9348      0.330      0.479    14.3674 0.0000e+00
      0.336 -2.003e-09    11.1521    108.898     42.580  33.527373     4.9722      7.839   268.1152 8.2883e+01     4.8754      0.330      0.478    14.3668 0.0000e+00
      0.336 -4.049e-08    11.1412    108.927     42.588  33.532925     4.9849      7.840   268.2364 8.3388e+01     4.8663      0.330      0.478    14.3663 0.0000e+00
      0.336 -4.470e-07    11.1315    108.962     42.593  33.536296     5.0082      7.841   268.3693 8.3440e+01     4.9265      0.330      0.479    14.3661 0.0000e+00
      0.336      0.000    11.1304    108.998     42.553  33.504688     5.0212      7.843   268.4318 8.2966e+01     5.0235      0.330      0.478    14.3659 0.0000e+00
      0.336      0.000    11.1308    109.042     42.506  33.467975     5.0247      7.843   268.5622 8.2166e+01     5.0475      0.330      0.479    14.3661 0.0000e+00
      0.336     -0.001    11.1349    109.087     42.512  33.473069     5.0267      7.844   268.6548 8.1292e+01     4.9780      0.330      0.478    14.3660 0.0000e+00
      0.336     -0.002    11.1390    109.121     42.550  33.502838     5.0364      7.847   268.6908 8.0653e+01     4.9349      0.330      0.478    14.3651 0.0000e+00
      0.336     -0.002    11.1419    109.112     42.560  33.510685     5.0506      7.849   268.7393 8.0637e+01     4.9695      0.330      0.479    14.3649 0.0000e+00
      0.335     -0.002    11.1472    109.074     42.552  33.504500     5.0737      7.849   268.8115 8.1300e+01     5.0208      0.328      0.477    14.3649 0.0000e+00
      0.333     -0.002    11.1512    109.050     42.537  33.491510     5.0745      7.849   268.8757 8.2233e+01     5.0083      0.326      0.474    14.3650 0.0000e+00
      0.333     -0.002    11.1571    109.025     42.522  33.480505     5.0348      7.849   268.8271 8.3055e+01     4.9218      0.326      0.474    14.3653 0.0000e+00
      0.333     -0.001    11.1557    108.970     42.544  33.498328     5.0012      7.850   268.8258 8.3620e+01     4.8627      0.327      0.475    14.3652 0.0000e+00
      0.333     -0.001    11.1487    108.918     42.567  33.516678     5.0012      7.852   268.9462 8.3822e+01     4.9091      0.327      0.474    14.3650 0.0000e+00
      0.333     -0.000    11.1472    108.885     42.561  33.512046     5.0525      7.853   268.9927 8.3596e+01     4.9697      0.327      0.475    14.3648 0.0000e+00
      0.333      0.000    11.1477    108.874     42.552  33.505758     5.1130      7.854   269.0440 8.3072e+01     4.9463      0.327      0.474    14.3646 0.0000e+00
      0.333      0.001    11.1388    108.930     42.549  33.504094     5.1259      7.855   269.1362 8.2660e+01     4.8993      0.326      0.473    14.3650 0.0000e+00
      0.333      0.001    11.1328    109.033     42.532  33.491925     5.1323      7.855   269.0747 8.2625e+01     4.9145      0.326      0.474    14.3654 0.0000e+00
      0.334      0.001    11.1316    109.126     42.522  33.485524     5.1236      7.856   268.9882 8.2809e+01     4.9938      0.327      0.475    14.3660 0.0000e+00
      0.335      0.002    11.1255    109.222     42.527  33.490139     5.0715      7.858   269.1225 8.3099e+01     5.0382      0.328      0.476    14.3670 0.0000e+00
      0.335      0.002    11.1325    109.333     42.519  33.484276     5.0260      7.858   269.3228 8.3503e+01     4.9726      0.329      0.477    14.3681 0.0000e+00
      0.335      0.002    11.1468    109.442     42.510  33.478084     5.0071      7.859   269.3447 8.3875e+01     4.8842      0.329      0.477    14.3691 0.0000e+00
      0.336      0.002    11.1537    109.567     42.511  33.478716     5.0178      7.861   269.3010 8.4174e+01     4.8921      0.329      0.477    14.3705 0.0000e+00
      0.337      0.002    11.1624    109.706     42.527  33.491925     5.0642      7.862   269.3971 8.4419e+01     4.9308      0.330      0.479    14.3718 0.0000e+00
      0.338      0.002    11.1760    109.817     42.551  33.510901     5.1185      7.863   269.5606 8.4599e+01     4.9420      0.332      0.481    14.3728 0.0000e+00
      0.338      0.001    11.1845    109.879     42.560  33.517822     5.1412      7.864   269.7289 8.4680e+01     4.9595      0.332      0.481    14.3737 0.0000e+00
      0.338      0.001    11.1975    109.912     42.553  33.512160     5.1384      7.865   269.7967 8.4489e+01     4.9370      0.332      0.481    14.3739 0.0000e+00
      0.338      0.000    11.2137    109.926     42.544  33.505882     5.1436      7.865   269.6930 8.4079e+01     4.9435      0.332      0.481    14.3738 0.0000e+00
      0.338 1.8781e-08    11.2263    109.917     42.543  33.505362     5.1544      7.866   269.6800 8.3708e+01     4.9704      0.332      0.481    14.3737 0.0000e+00
      0.338 2.0660e-07    11.2314    109.898     42.544  33.505881     5.1519      7.867   269.8113 8.3482e+01     4.9209      0.332      0.481    14.3736 0.0000e+00
      0.338 2.0660e-07    11.2336    109.855     42.552  33.512159     5.1386      7.868   269.9897 8.3404e+01     4.8909      0.332      0.481    14.3740 0.0000e+00
      0.338 1.8781e-08    11.2368    109.794     42.559  33.517822     5.1432      7.870   270.1167 8.3559e+01     4.9498      0.332      0.481    14.3746 0.0000e+00
      0.338 1.7074e-09    11.2333    109.743     42.550  33.510911     5.1752      7.871   270.1412 8.3953e+01     5.0521      0.332      0.482    14.3749 0.0000e+00
      0.338 1.5522e-10    11.2334    109.702     42.526  33.492040     5.1998      7.872   270.2011 8.4448e+01     5.0683      0.332      0.481    14.3749 0.0000e+00
      0.339 1.4111e-11    11.2285    109.660     42.511  33.479985     5.1995      7.874   270.2376 8.4972e+01     4.9755      0.332      0.482    14.3749 0.0000e+00
      0.339 1.2847e-12    11.2205    109.618     42.526  33.492039     5.1970      7.874   270.2387 8.5486e+01     4.9545      0.332      0.482    14.3748 0.0000e+00
      0.339 1.3763e-13    11.2161    109.585     42.549  33.510901     5.2030      7.874   270.3859 8.5829e+01     5.0196      0.333      0.482    14.3748 0.0000e+00
      0.339 2.4175e-13    11.2118    109.550     42.558  33.517708     5.2050      7.875   270.6417 8.5921e+01     5.0450      0.332      0.482    14.3747 0.0000e+00
      0.339 2.5436e-12    11.2081    109.500     42.550  33.510900     5.2049      7.877   270.7498 8.5920e+01     5.0222      0.333      0.483    14.3748 0.0000e+00
      0.339 2.7970e-11    11.2022    109.449     42.526  33.492039     5.2023      7.877   270.6610 8.5898e+01     4.9831      0.333      0.482    14.3751 0.0000e+00
      0.339 3.0766e-10    11.2003    109.426     42.510  33.479985     5.1977      7.877   270.6002 8.5864e+01     5.0163      0.333      0.483    14.3752 0.0000e+00
      0.339 3.3843e-09    11.1971    109.431     42.525  33.492040     5.2076      7.878   270.6168 8.5896e+01     5.1512      0.333      0.482    14.3751 0.0000e+00
      0.339 3.7227e-08    11.1916    109.434     42.549  33.510910     5.2212      7.879   270.6893 8.5989e+01     5.2477      0.332      0.482    14.3751 0.0000e+00
      0.339 4.0950e-07    11.1847    109.429     42.558  33.517812     5.2212      7.881   270.8742 8.6184e+01     5.2263      0.332      0.482    14.3751 0.0000e+00
      0.339      0.000    11.1819    109.409     42.551  33.512044     5.2074      7.882   271.0462 8.6550e+01     5.0968      0.332      0.482    14.3753 0.0000e+00
      0.339      0.000    11.1854    109.394     42.541  33.504622     5.1960      7.883   271.1335 8.6967e+01     4.9806      0.333      0.483    14.3753 0.0000e+00
      0.339      0.001    11.1842    109.404     42.525  33.491510     5.2005      7.884   271.1557 8.7333e+01     4.9816      0.333      0.483    14.3752 0.0000e+00
      0.339      0.001    11.1852    109.434     42.511  33.480391     5.1949      7.884   271.1427 8.7588e+01     4.9731      0.333      0.483    14.3750 0.0000e+00
      0.339      0.001    11.1819    109.475     42.532  33.497068     5.1701      7.885   271.0623 8.7629e+01     4.9113      0.333      0.483    14.3750 0.0000e+00
      0.340      0.000    11.1788    109.532     42.539  33.502827     5.1585      7.886   270.9582 8.7534e+01     4.8847      0.333      0.483    14.3752 0.0000e+00
      0.340 1.8614e-08    11.1813    109.598     42.519  33.486578     5.1709      7.888   271.0878 8.7383e+01     4.9247      0.334      0.485    14.3753 0.0000e+00
      0.340 2.0475e-07    11.1841    109.662     42.524  33.490938     5.1959      7.889   271.3397 8.7223e+01     5.0184      0.334      0.484    14.3750 0.0000e+00
      0.340 2.0475e-07    11.1882    109.726     42.526  33.492091     5.2105      7.889   271.4232 8.7196e+01     5.0961      0.333      0.483    14.3752 0.0000e+00
      0.340 1.8614e-08    11.1937    109.764     42.537  33.500526     5.1980      7.890   271.3217 8.7271e+01     5.1129      0.334      0.484    14.3753 0.0000e+00
      0.340 1.6921e-09    11.2022    109.764     42.573  33.529472     5.1776      7.891   271.2322 8.7358e+01     5.1193      0.334      0.484    14.3752 0.0000e+00
      0.340 1.5383e-10    11.2069    109.741     42.567  33.524867     5.1804      7.891   271.2872 8.7510e+01     5.1725      0.334      0.484    14.3753 0.0000e+00
      0.340 1.3985e-11    11.2156    109.711     42.547  33.508284     5.2158      7.891   271.2988 8.7559e+01     5.1417      0.334      0.484    14.3752 0.0000e+00
      0.340 1.2733e-12    11.2201    109.691     42.562  33.519309     5.2474      7.892   271.2853 8.7438e+01     4.9854      0.334      0.484    14.3749 0.0000e+00
      0.340 1.3659e-13    11.2188    109.671     42.577  33.531269     5.2454      7.893   271.4682 8.7343e+01     4.9228      0.334      0.484    14.3747 0.0000e+00
      0.340 2.4166e-13    11.2164    109.626     42.570  33.526013     5.2342      7.894   271.6174 8.7227e+01     4.9655      0.333      0.483    14.3744 0.0000e+00
      0.341 2.5436e-12    11.2125    109.566     42.562  33.519195     5.2701      7.895   271.5404 8.7063e+01     5.0572      0.334      0.484    14.3742 0.0000e+00
      0.341 2.7970e-11    11.2106    109.515     42.553  33.512283     5.3465      7.896   271.4845 8.6869e+01     5.2114      0.334      0.485    14.3742 0.0000e+00
      0.341 3.0766e-10    11.2104    109.483     42.545  33.505881     5.3747      7.897   271.5440 8.6596e+01     5.2590      0.334      0.484    14.3740 0.0000e+00
      0.341 3.3843e-09    11.2057    109.503     42.544  33.505239     5.3609      7.898   271.6575 8.6291e+01     5.1548      0.334      0.485    14.3739 0.0000e+00
      0.340 3.7227e-08    11.1969    109.576     42.543  33.504510     5.3713      7.900   271.7379 8.5991e+01     5.1126      0.334      0.484    14.3738 0.0000e+00
      0.340 4.0950e-07    11.1937    109.636     42.534  33.497069     5.4004      7.900   271.6551 8.5811e+01     5.1933      0.334      0.484    14.3741 0.0000e+00
      0.340      0.000    11.1872    109.646     42.511  33.478717     5.4220      7.900   271.5176 8.5895e+01     5.2423      0.334      0.484    14.3742 0.0000e+00
      0.341      0.000    11.1891    109.636     42.504  33.472950     5.4249      7.901   271.4513 8.6152e+01     5.1923      0.334      0.485    14.3739 0.0000e+00
      0.341      0.001    11.2003    109.627     42.527  33.490782     5.4104      7.902   271.4563 8.6376e+01     5.1357      0.334      0.485    14.3734 0.0000e+00
      0.341      0.001    11.2084    109.616     42.543  33.503989     5.3797      7.903   271.5782 8.6556e+01     5.1049      0.334      0.484    14.3732 0.0000e+00
      0.341      0.001    11.2071    109.590     42.545  33.505747     5.3363      7.903   271.8057 8.6712e+01     5.0247      0.335      0.485    14.3732 0.0000e+00
      0.341      0.000    11.2051    109.540     42.553  33.512044     5.3109      7.904   271.9704 8.6730e+01     4.9514      0.335      0.486    14.3730 0.0000e+00
      0.341 1.8614e-08    11.2053    109.501     42.559  33.516677     5.3137      7.905   271.9345 8.6606e+01     4.9363      0.335      0.485    14.3730 0.0000e+00
      0.341 2.0475e-07    11.2035    109.486     42.536  33.498327     5.3541      7.906   271.8030 8.6494e+01     4.9438      0.335      0.486    14.3732 0.0000e+00
      0.341 2.0475e-07    11.2032    109.475     42.513  33.480504     5.4326      7.907   271.8434 8.6389e+01     5.0087      0.335      0.486    14.3734 0.0000e+00
      0.341 1.8614e-08    11.1947    109.481     42.528  33.491509     5.4804      7.908   271.9926 8.6279e+01     5.0369      0.335      0.486    14.3735 0.0000e+00
      0.341 1.6921e-09    11.1902    109.540     42.544  33.504499     5.4744      7.908   271.9712 8.6264e+01     4.9437      0.335      0.485    14.3736 0.0000e+00
      0.341 1.5383e-10    11.1907    109.630     42.551  33.510682     5.4264      7.909   271.9288 8.6304e+01     4.9402      0.335      0.485    14.3733 0.0000e+00
