Data/DataNotYetUploadedToEDI/Raw_CTD/RawDownloads/110420_fcr50.cnv
* Sea-Bird SBE19plus  Data File:
* FileName = C:\DATA\110420_fcr50.hex
* Software version 2.8.0.119
* Temperature SN = 7809
* Conductivity SN = 7809
* System UpLoad Time = Nov 04 2020 15:07:54
* <ApplicationData>
* <Seaterm232>
# nquan = 16
# nvalues = 1580                        
# units = specified
# name 0 = depFM: Depth [fresh water, m]
# name 1 = dz/dtM: Descent Rate [m/s]
# name 2 = orp: Oxidation Reduction Potential [mV]
# name 3 = sbeox0Mg/L: Oxygen, SBE 43 [mg/l]
# name 4 = sbeox0PS: Oxygen, SBE 43 [% saturation]
# name 5 = par/sat/log: PAR/Logarithmic, Satlantic
# name 6 = ph: pH
# name 7 = specc: Specific Conductance [uS/cm]
# name 8 = c0uS/cm: Conductivity [uS/cm]
# name 9 = flECO-AFL: Fluorescence, WET Labs ECO-AFL/FL [mg/m^3]
# name 10 = turbWETntu0: Turbidity, WET Labs ECO [NTU]
# name 11 = tv290C: Temperature [ITS-90, deg C]
# name 12 = density00: Density [density, kg/m^3]
# name 13 = prdE: Pressure, Strain Gauge [psi]
# name 14 = prdM: Pressure, Strain Gauge [db]
# name 15 = flag:  0.000e+00
# span 0 =     -0.542,      9.764       
# span 1 =     -0.321,      2.803       
# span 2 = -1240.7455,   434.9208       
# span 3 =     5.6514,    10.1707       
# span 4 =     54.140,     95.503       
# span 5 = 1.2355e-01, 1.9496e+03       
# span 6 =      2.549,     16.183       
# span 7 =      0.805,     45.291       
# span 8 =   0.720461,  34.624560       
# span 9 =    -3.1356,     7.4828       
# span 10 =    -0.3246,   936.3138      
# span 11 =    11.7933,    19.7578      
# span 12 =   998.2601,   999.5849      
# span 13 =     -0.771,     13.888      
# span 14 =     -0.532,      9.576      
# span 15 = 0.0000e+00, 0.0000e+00      
# interval = seconds: 0.25
# start_time = Nov 04 2020 00:43:23 [Instrument's time stamp, header]
# bad_flag = -9.990e-29
*END*
[from data line 452]
      1.513      0.012   307.2788     6.8328     63.592 4.4060e+01     15.917     42.498  31.520699     5.7808     6.9494    12.1093   999.5114      2.150      1.483 0.0000e+00
      1.506      0.023   307.3289     6.8438     63.522 4.3910e+01     15.917     42.513  31.526344     5.8354     7.0768    12.1015   999.5122      2.134      1.472 0.0000e+00
      1.514      0.036   307.1768     6.8490     63.444 4.2435e+01     15.917     42.512  31.519215     5.9331     7.2662    12.0941   999.5132      2.143      1.478 0.0000e+00
      1.535      0.052   307.1605     6.8471     63.380 4.0459e+01     15.916     42.493  31.497940     5.9797     7.3508    12.0888   999.5139      2.184      1.506 0.0000e+00
      1.559      0.066   306.7888     6.8391     63.325 3.9168e+01     15.916     42.452  31.459448     5.9789     7.3788    12.0817   999.5148      2.224      1.534 0.0000e+00
      1.576      0.076   306.5540     6.8345     63.206 3.8129e+01     15.916     42.427  31.434477     5.9226     7.3993    12.0751   999.5157      2.241      1.545 0.0000e+00
      1.594      0.084   306.7313     6.8254     63.035 3.6794e+01     15.916     42.456  31.449784     5.8056     7.3930    12.0695   999.5164      2.265      1.561 0.0000e+00
      1.614      0.094   306.8667     6.8179     62.899 3.5634e+01     15.916     42.470  31.454180     5.7367     7.4048    12.0600   999.5176      2.299      1.585 0.0000e+00
      1.633      0.104   306.9864     6.8205     62.829 3.4357e+01     15.916     42.439  31.424179     5.7096     7.3702    12.0489   999.5189      2.318      1.599 0.0000e+00
      1.659      0.110   307.2329     6.8074     62.830 3.2237e+01     15.916     42.422  31.404267     5.6305     7.3525    12.0412   999.5199      2.349      1.619 0.0000e+00
      1.698      0.109   307.3512     6.7845     62.917 2.9791e+01     15.917     42.432  31.403748     5.5244     7.3968    12.0356   999.5207      2.415      1.665 0.0000e+00
      1.739      0.101   307.3842     6.7708     63.030 2.8037e+01     15.918     42.462  31.417894     5.4757     7.3907    12.0283   999.5218      2.481      1.712 0.0000e+00
      1.769      0.088   307.3737     6.7650     63.075 2.7130e+01     15.918     42.512  31.448405     5.4613     7.3478    12.0202   999.5228      2.522      1.739 0.0000e+00
      1.785      0.070   307.0528     6.7646     63.097 2.6757e+01     15.918     42.529  31.455420     5.4265     7.2908    12.0122   999.5238      2.544      1.753 0.0000e+00
      1.793      0.052   306.7737     6.7767     63.121 2.6578e+01     15.919     42.513  31.439261     5.3316     7.2156    12.0019   999.5250      2.550      1.758 0.0000e+00
      1.798      0.038   306.7519     6.7993     63.106 2.6319e+01     15.919     42.522  31.443366     5.2007     7.1595    11.9924   999.5261      2.554      1.761 0.0000e+00
      1.805      0.033   306.7036     6.7988     63.077 2.6013e+01     15.919     42.522  31.441598     5.1312     7.1282    11.9844   999.5271      2.566      1.770 0.0000e+00
      1.812      0.036   306.7922     6.8006     63.001 2.5694e+01     15.918     42.492  31.417885     5.1207     7.1120    11.9776   999.5279      2.577      1.777 0.0000e+00
      1.820      0.043   307.0492     6.8105     62.834 2.5279e+01     15.918     42.484  31.410433     5.1220     7.1347    11.9726   999.5285      2.589      1.785 0.0000e+00
      1.830      0.049   307.0568     6.8030     62.598 2.4755e+01     15.918     42.492  31.414942     5.1372     7.1967    11.9695   999.5289      2.602      1.794 0.0000e+00
      1.844      0.053   306.7979     6.8041     62.368 2.4028e+01     15.918     42.487  31.408957     5.1617     7.2097    11.9673   999.5292      2.620      1.806 0.0000e+00
      1.862      0.054   306.5862     6.7989     62.249 2.3158e+01     15.918     42.481  31.401511     5.1702     7.1535    11.9663   999.5294      2.648      1.826 0.0000e+00
      1.881      0.053   306.3898     6.7778     62.149 2.2485e+01     15.918     42.466  31.388360     5.2486     7.1365    11.9653   999.5296      2.679      1.847 0.0000e+00
      1.895      0.049   306.1439     6.7537     61.966 2.2060e+01     15.917     42.452  31.376834     5.4238     7.1759    11.9622   999.5301      2.698      1.860 0.0000e+00
      1.905      0.044   306.1084     6.7187     61.813 2.1725e+01     15.917     42.470  31.389031     5.5238     7.1824    11.9595   999.5304      2.710      1.869 0.0000e+00
      1.914      0.039   306.3914     6.7126     61.701 2.1468e+01     15.917     42.498  31.408946     5.5231     7.1469    11.9564   999.5308      2.722      1.877 0.0000e+00
      1.921      0.036   306.5536     6.7138     61.650 2.1245e+01     15.917     42.523  31.427288     5.4060     7.1246    11.9540   999.5311      2.732      1.883 0.0000e+00
      1.927      0.035   306.5214     6.6776     61.655 2.0943e+01     15.917     42.514  31.420473     5.1863     7.1529    11.9527   999.5312      2.740      1.889 0.0000e+00
      1.936      0.035   306.5176     6.6690     61.581 2.0506e+01     15.917     42.473  31.389980     5.0790     7.2145    11.9514   999.5314      2.752      1.897 0.0000e+00
      1.948      0.035   306.4218     6.6548     61.491 2.0075e+01     15.917     42.454  31.375827     5.0810     7.2161    11.9517   999.5315      2.771      1.911 0.0000e+00
      1.959      0.036   306.5679     6.6430     61.451 1.9787e+01     15.917     42.455  31.376252     5.1148     7.1391    11.9510   999.5316      2.788      1.923 0.0000e+00
      1.967      0.039   306.9069     6.6612     61.430 1.9543e+01     15.918     42.480  31.395115     5.1920     7.0726    11.9500   999.5318      2.797      1.929 0.0000e+00
      1.973      0.041   306.9936     6.6413     61.432 1.9312e+01     15.918     42.505  31.413562     5.2515     7.0988    11.9510   999.5316      2.807      1.936 0.0000e+00
      1.981      0.043   306.8416     6.6308     61.483 1.8929e+01     15.917     42.496  31.408957     5.2814     7.1812    11.9505   999.5317      2.814      1.940 0.0000e+00
      1.995      0.046   306.5321     6.6303     61.621 1.8310e+01     15.917     42.484  31.402879     5.2964     7.1760    11.9497   999.5319      2.834      1.954 0.0000e+00
      2.011      0.050   306.5210     6.6248     61.777 1.7805e+01     15.917     42.481  31.403522     5.4038     7.1050    11.9503   999.5319      2.865      1.975 0.0000e+00
      2.025      0.057   306.6212     6.6277     61.880 1.7473e+01     15.917     42.496  31.416729     5.6358     7.1123    11.9492   999.5321      2.881      1.987 0.0000e+00
      2.035      0.063   306.3673     6.6261     61.912 1.7145e+01     15.916     42.521  31.435677     5.7841     7.1957    11.9514   999.5319      2.896      1.995 0.0000e+00
      2.048      0.066   306.3763     6.6470     61.870 1.6632e+01     15.916     42.530  31.442285     5.8043     7.2546    11.9559   999.5315      2.909      2.005 0.0000e+00
      2.068      0.068   306.5582     6.6666     61.870 1.5841e+01     15.916     42.520  31.433181     5.7761     7.2756    11.9593   999.5312      2.936      2.025 0.0000e+00
      2.092      0.068   306.5007     6.6744     61.946 1.5223e+01     15.916     42.464  31.389046     5.7290     7.3126    11.9621   999.5310      2.983      2.057 0.0000e+00
      2.112      0.067   306.5422     6.6835     62.035 1.4838e+01     15.915     42.418  31.352768     5.7109     7.3586    11.9621   999.5310      3.006      2.072 0.0000e+00
      2.128      0.064   306.4568     6.6692     62.121 1.4409e+01     15.915     42.452  31.375215     5.7094     7.4191    11.9625   999.5311      3.027      2.086 0.0000e+00
      2.143      0.058   306.0715     6.6680     62.177 1.4069e+01     15.916     42.497  31.406670     5.5493     7.4271    11.9607   999.5314      3.051      2.104 0.0000e+00
      2.154      0.055   305.9265     6.6842     62.217 1.3766e+01     15.917     42.512  31.415850     5.2151     7.2834    11.9567   999.5318      3.062      2.111 0.0000e+00
      2.167      0.055   305.9083     6.6895     62.245 1.3442e+01     15.916     42.523  31.422770     5.0069     7.1238    11.9547   999.5320      3.082      2.125 0.0000e+00
      2.179      0.058   305.7653     6.7040     62.206 1.3194e+01     15.916     42.530  31.426894     5.0056     7.1105    11.9514   999.5326      3.102      2.139 0.0000e+00
      2.192      0.060   305.8324     6.7087     62.136 1.2833e+01     15.917     42.497  31.402256     5.1897     7.1561    11.9477   999.5330      3.113      2.146 0.0000e+00
      2.210      0.060   305.9457     6.7107     62.045 1.2317e+01     15.917     42.466  31.378655     5.4777     7.1265    11.9462   999.5334      3.140      2.166 0.0000e+00
      2.231      0.058   305.7594     6.7214     61.948 1.1900e+01     15.917     42.490  31.395325     5.6176     7.0959    11.9450   999.5336      3.178      2.191 0.0000e+00
      2.249      0.057   305.6445     6.7112     61.933 1.1621e+01     15.917     42.515  31.413469     5.6228     7.0955    11.9441   999.5337      3.200      2.206 0.0000e+00
      2.261      0.057   305.9331     6.7044     61.960 1.1428e+01     15.917     42.508  31.407692     5.5880     7.1212    11.9434   999.5339      3.216      2.217 0.0000e+00
      2.269      0.056   306.2380     6.6982     61.982 1.1300e+01     15.916     42.483  31.388924     5.5219     7.1667    11.9425   999.5340      3.230      2.227 0.0000e+00
      2.279      0.055   306.4047     6.6767     61.977 1.1048e+01     15.916     42.467  31.376888     5.4710     7.1299    11.9415   999.5341      3.236      2.231 0.0000e+00
      2.296      0.054   306.4867     6.6827     61.895 1.0646e+01     15.915     42.484  31.389049     5.4405     7.1231    11.9409   999.5343      3.260      2.248 0.0000e+00
      2.318      0.052   306.2823     6.6868     61.834 1.0323e+01     15.915     42.513  31.409064     5.3909     7.2211    11.9407   999.5344      3.302      2.276 0.0000e+00
      2.335      0.047   305.9980     6.6861     61.820 1.0129e+01     15.915     42.540  31.428550     5.2247     7.2853    11.9401   999.5346      3.326      2.293 0.0000e+00
      2.345      0.041   306.0604     6.6950     61.753 1.0002e+01     15.915     42.547  31.434318     4.9943     7.2478    11.9397   999.5346      3.337      2.300 0.0000e+00
      2.351      0.033   306.1768     6.6764     61.658 9.9579e+00     15.914     42.522  31.415356     4.8846     7.1450    11.9389   999.5348      3.346      2.306 0.0000e+00
      2.354      0.028   305.9419     6.6679     61.595 9.9347e+00     15.914     42.487  31.389621     4.8619     7.1066    11.9377   999.5350      3.349      2.309 0.0000e+00
      2.357      0.028   305.7159     6.6766     61.580 9.8335e+00     15.915     42.470  31.376940     4.8820     7.1611    11.9372   999.5350      3.350      2.310 0.0000e+00
      2.364      0.035   305.7674     6.6640     61.576 9.6660e+00     15.916     42.487  31.388930     4.9562     7.1519    11.9373   999.5351      3.360      2.317 0.0000e+00
      2.374      0.045   305.7043     6.6520     61.526 9.5326e+00     15.915     42.513  31.407691     5.0054     7.0974    11.9379   999.5350      3.380      2.331 0.0000e+00
      2.384      0.057   305.2972     6.6451     61.459 9.3699e+00     15.915     42.522  31.413449     5.0284     7.1202    11.9374   999.5351      3.389      2.337 0.0000e+00
      2.399      0.070   304.9751     6.6432     61.425 9.0349e+00     15.915     42.497  31.395096     5.1588     7.2897    11.9371   999.5351      3.404      2.347 0.0000e+00
      2.422      0.082   304.9934     6.6489     61.463 8.6554e+00     15.916     42.472  31.376130     5.3997     7.5682    11.9365   999.5353      3.445      2.375 0.0000e+00
      2.447      0.093   305.1736     6.6396     61.575 8.3176e+00     15.915     42.470  31.374468     5.5281     7.6720    11.9353   999.5356      3.481      2.400 0.0000e+00
      2.471      0.100   305.3481     6.6313     61.696 7.9249e+00     15.914     42.471  31.374998     5.5181     7.5836    11.9350   999.5358      3.511      2.421 0.0000e+00
      2.500      0.103   305.5542     6.6260     61.760 7.5136e+00     15.915     42.481  31.382524     5.4607     7.4273    11.9352   999.5359      3.555      2.451 0.0000e+00
      2.531      0.101   305.7725     6.6289     61.759 7.1450e+00     15.915     42.508  31.402029     5.3774     7.2235    11.9348   999.5361      3.602      2.483 0.0000e+00
      2.559      0.097   305.7510     6.6453     61.756 6.8193e+00     15.915     42.533  31.420486     5.3400     7.1460    11.9344   999.5363      3.642      2.511 0.0000e+00
      2.582      0.094   305.5520     6.6606     61.803 6.5576e+00     15.916     42.528  31.415352     5.3330     7.1424    11.9349   999.5363      3.674      2.533 0.0000e+00
      2.602      0.090   305.4310     6.6686     61.873 6.3528e+00     15.916     42.514  31.403402     5.2741     7.1109    11.9348   999.5364      3.701      2.552 0.0000e+00
      2.621      0.087   305.4923     6.6650     61.915 6.1437e+00     15.915     42.514  31.402882     5.1816     7.1425    11.9345   999.5365      3.726      2.569 0.0000e+00
      2.643      0.084   305.6915     6.6614     61.899 5.8966e+00     15.914     42.523  31.409076     5.1398     7.1804    11.9344   999.5367      3.756      2.590 0.0000e+00
      2.668      0.079   305.7750     6.6694     61.876 5.6643e+00     15.914     42.531  31.414835     5.1404     7.1922    11.9329   999.5369      3.796      2.617 0.0000e+00
      2.691      0.073   305.7273     6.6786     61.865 5.4792e+00     15.914     42.524  31.409068     5.1408     7.1826    11.9308   999.5373      3.831      2.641 0.0000e+00
      2.710      0.068   305.6305     6.6859     61.799 5.3210e+00     15.914     42.517  31.402789     5.1633     7.1326    11.9300   999.5375      3.857      2.659 0.0000e+00
      2.725      0.063   305.3792     6.6816     61.730 5.2188e+00     15.915     42.517  31.402374     5.2126     7.1366    11.9292   999.5376      3.880      2.676 0.0000e+00
      2.735      0.060   305.2703     6.6743     61.685 5.1499e+00     15.915     42.521  31.404049     5.2506     7.1635    11.9285   999.5378      3.889      2.682 0.0000e+00
      2.746      0.060   305.6902     6.6840     61.668 5.0222e+00     15.915     42.549  31.423035     5.2693     7.1481    11.9283   999.5378      3.902      2.690 0.0000e+00
      2.762      0.061   306.3257     6.6682     61.685 4.8511e+00     15.914     42.577  31.441586     5.2672     7.1224    11.9272   999.5380      3.930      2.710 0.0000e+00
      2.781      0.061   306.5871     6.6614     61.610 4.6764e+00     15.914     42.574  31.438011     5.2443     7.0922    11.9265   999.5382      3.956      2.728 0.0000e+00
      2.800      0.060   306.4421     6.6603     61.496 4.4998e+00     15.915     42.583  31.443260     5.2405     7.1270    11.9250   999.5384      3.983      2.746 0.0000e+00
      2.818      0.055   306.2077     6.6496     61.469 4.3589e+00     15.915     42.582  31.441597     5.2590     7.1996    11.9222   999.5389      4.010      2.765 0.0000e+00
      2.832      0.049   306.1626     6.6681     61.501 4.2889e+00     15.915     42.551  31.417902     5.2303     7.1113    11.9198   999.5392      4.031      2.780 0.0000e+00
      2.841      0.043   306.4123     6.6531     61.536 4.2606e+00     15.915     42.541  31.410556     5.1594     6.9179    11.9181   999.5394      4.044      2.789 0.0000e+00
      2.847      0.036   306.6463     6.6325     61.520 4.2173e+00     15.915     42.549  31.416220     5.1272     6.8532    11.9171   999.5396      4.050      2.792 0.0000e+00
      2.854      0.031   306.6679     6.6361     61.466 4.1567e+00     15.914     42.559  31.422933     5.1375     6.9118    11.9159   999.5398      4.059      2.798 0.0000e+00
      2.864      0.029   306.6743     6.6386     61.436 4.1054e+00     15.914     42.569  31.428276     5.2069     6.9403    11.9149   999.5399      4.075      2.810 0.0000e+00
