Data/DataNotYetUploadedToEDI/Raw_CTD/RawDownloads/110420_fcr50.cnv
* Sea-Bird SBE19plus  Data File:
* FileName = C:\DATA\110420_fcr50.hex
* Software version 2.8.0.119
* Temperature SN = 7809
* Conductivity SN = 7809
* System UpLoad Time = Nov 04 2020 15:07:54
* <ApplicationData>
* <Seaterm232>
# nquan = 16
# nvalues = 1580                        
# units = specified
# name 0 = depFM: Depth [fresh water, m]
# name 1 = dz/dtM: Descent Rate [m/s]
# name 2 = orp: Oxidation Reduction Potential [mV]
# name 3 = sbeox0Mg/L: Oxygen, SBE 43 [mg/l]
# name 4 = sbeox0PS: Oxygen, SBE 43 [% saturation]
# name 5 = par/sat/log: PAR/Logarithmic, Satlantic
# name 6 = ph: pH
# name 7 = specc: Specific Conductance [uS/cm]
# name 8 = c0uS/cm: Conductivity [uS/cm]
# name 9 = flECO-AFL: Fluorescence, WET Labs ECO-AFL/FL [mg/m^3]
# name 10 = turbWETntu0: Turbidity, WET Labs ECO [NTU]
# name 11 = tv290C: Temperature [ITS-90, deg C]
# name 12 = density00: Density [density, kg/m^3]
# name 13 = prdE: Pressure, Strain Gauge [psi]
# name 14 = prdM: Pressure, Strain Gauge [db]
# name 15 = flag:  0.000e+00
# span 0 =     -0.542,      9.764       
# span 1 =     -0.321,      2.803       
# span 2 = -1240.7455,   434.9208       
# span 3 =     5.6514,    10.1707       
# span 4 =     54.140,     95.503       
# span 5 = 1.2355e-01, 1.9496e+03       
# span 6 =      2.549,     16.183       
# span 7 =      0.805,     45.291       
# span 8 =   0.720461,  34.624560       
# span 9 =    -3.1356,     7.4828       
# span 10 =    -0.3246,   936.3138      
# span 11 =    11.7933,    19.7578      
# span 12 =   998.2601,   999.5849      
# span 13 =     -0.771,     13.888      
# span 14 =     -0.532,      9.576      
# span 15 = 0.0000e+00, 0.0000e+00      
# interval = seconds: 0.25
# start_time = Nov 04 2020 00:43:23 [Instrument's time stamp, header]
# bad_flag = -9.990e-29
*END*
[from data line 362]
      1.236      0.034   306.5779     7.0636     66.751 6.8637e+01     15.922     42.738  31.817511     6.1168     7.1513    12.2488   999.4940      1.758      1.212 0.0000e+00
      1.245      0.035   306.8176     7.0904     66.676 6.7563e+01     15.921     42.710  31.793908     6.1102     7.1149    12.2243   999.4969      1.771      1.221 0.0000e+00
      1.253      0.035   307.1117     7.1414     66.530 6.6455e+01     15.920     42.687  31.779116     6.1073     7.1442    12.2091   999.4988      1.782      1.229 0.0000e+00
      1.262      0.035   307.3810     7.1570     66.395 6.5288e+01     15.920     42.665  31.765554     6.0433     7.0937    12.2270   999.4967      1.794      1.237 0.0000e+00
      1.271      0.034   307.2336     7.1604     66.289 6.4218e+01     15.920     42.646  31.756832     5.9186     6.9499    12.2215   999.4974      1.808      1.247 0.0000e+00
      1.281      0.031   306.7067     7.1550     66.210 6.3216e+01     15.919     42.610  31.737114     5.8491     6.8810    12.2131   999.4984      1.823      1.257 0.0000e+00
      1.290      0.029   306.3453     7.1295     66.125 6.2258e+01     15.918     42.577  31.717492     5.8421     6.8795    12.2238   999.4971      1.835      1.265 0.0000e+00
      1.297      0.028   306.2193     7.1190     66.038 6.1569e+01     15.918     42.561  31.709930     5.9007     6.9658    12.2229   999.4973      1.845      1.272 0.0000e+00
      1.302      0.027   306.3018     7.1039     66.021 6.1150e+01     15.918     42.560  31.709128     6.0038     7.0669    12.2276   999.4969      1.853      1.277 0.0000e+00
      1.307      0.026   306.6548     7.0962     66.058 6.0581e+01     15.919     42.567  31.707794     6.0497     7.0372    12.2415   999.4951      1.857      1.280 0.0000e+00
      1.313      0.026   306.7012     7.0883     66.103 5.9673e+01     15.920     42.558  31.693790     6.0362     7.0180    12.2432   999.4949      1.866      1.287 0.0000e+00
      1.321      0.025   306.1740     7.0705     66.112 5.8685e+01     15.920     42.535  31.666694     6.0120     7.0418    12.2512   999.4941      1.878      1.296 0.0000e+00
      1.330      0.024   305.7864     7.0718     66.029 5.7901e+01     15.920     42.505  31.633960     5.9960     7.0158    12.2541   999.4937      1.892      1.304 0.0000e+00
      1.336      0.024   305.9730     7.0801     65.892 5.7481e+01     15.920     42.488  31.615229     5.9851     6.9443    12.2384   999.4956      1.903      1.312 0.0000e+00
      1.340      0.023   306.3653     7.0849     65.784 5.7251e+01     15.920     42.513  31.630545     5.9666     6.8982    12.2353   999.4960      1.907      1.315 0.0000e+00
      1.344      0.022   306.5713     7.0937     65.734 5.6700e+01     15.920     42.513  31.628803     5.9251     7.0422    12.2235   999.4974      1.910      1.316 0.0000e+00
      1.350      0.021   306.5714     7.0840     65.682 5.5804e+01     15.920     42.467  31.594166     5.8739     7.3120    12.2043   999.4997      1.919      1.322 0.0000e+00
      1.358      0.019   306.2805     7.0666     65.616 5.5026e+01     15.920     42.466  31.592425     5.8626     7.4480    12.2027   999.4999      1.931      1.332 0.0000e+00
      1.364      0.018   305.8931     7.0531     65.623 5.4524e+01     15.919     42.490  31.607751     5.8740     7.4156    12.1982   999.5005      1.941      1.339 0.0000e+00
      1.368      0.018   305.7586     7.0524     65.725 5.4254e+01     15.919     42.470  31.589134     5.8594     7.3323    12.1955   999.5008      1.945      1.342 0.0000e+00
      1.370      0.019   305.7739     7.0494     65.885 5.4123e+01     15.919     42.435  31.557663     5.8573     7.2658    12.1964   999.5006      1.948      1.343 0.0000e+00
      1.371      0.020   305.7336     7.0342     66.007 5.3787e+01     15.919     42.425  31.544462     5.8966     7.2292    12.1935   999.5009      1.950      1.344 0.0000e+00
      1.376      0.023   305.7017     7.0375     65.993 5.2940e+01     15.919     42.451  31.556404     5.9155     7.1987    12.1930   999.5010      1.954      1.348 0.0000e+00
      1.384      0.027   305.8178     7.0490     65.831 5.1853e+01     15.920     42.488  31.575153     5.9040     7.1371    12.1876   999.5017      1.969      1.358 0.0000e+00
      1.394      0.031   306.0195     7.0719     65.596 5.1012e+01     15.921     42.506  31.580806     5.9386     7.1367    12.1810   999.5025      1.985      1.369 0.0000e+00
      1.402      0.032   305.9893     7.0907     65.370 5.0340e+01     15.921     42.489  31.561291     6.0288     7.2625    12.1753   999.5032      1.995      1.375 0.0000e+00
      1.410      0.031   305.7107     7.0909     65.185 4.9477e+01     15.921     42.458  31.529541     6.0983     7.3880    12.1647   999.5045      2.005      1.382 0.0000e+00
      1.419      0.028   305.5770     7.0720     65.037 4.8555e+01     15.921     42.451  31.514140     6.1109     7.4173    12.1542   999.5058      2.019      1.393 0.0000e+00
      1.428      0.026   305.5770     7.0438     64.891 4.7977e+01     15.921     42.446  31.501963     6.0767     7.3431    12.1457   999.5068      2.034      1.403 0.0000e+00
      1.434      0.025   305.8829     7.0207     64.669 4.7689e+01     15.921     42.465  31.509186     6.0381     7.2116    12.1379   999.5077      2.041      1.407 0.0000e+00
      1.437      0.024   306.4366     7.0019     64.304 4.7340e+01     15.922     42.513  31.538014     6.0443     7.1657    12.1283   999.5089      2.043      1.408 0.0000e+00
      1.442      0.022   306.6790     6.9897     63.846 4.6796e+01     15.922     42.514  31.533284     6.0660     7.2002    12.1155   999.5104      2.050      1.413 0.0000e+00
      1.449      0.020   306.4896     6.9778     63.425 4.6209e+01     15.921     42.497  31.515444     5.9851     7.1143    12.1050   999.5116      2.061      1.421 0.0000e+00
      1.456      0.018   306.1258     6.9606     63.120 4.5774e+01     15.921     42.498  31.512635     5.8105     6.9851    12.0971   999.5125      2.072      1.428 0.0000e+00
      1.462      0.015   305.9805     6.9195     62.956 4.5546e+01     15.922     42.485  31.499323     5.7189     6.9775    12.0893   999.5135      2.080      1.433 0.0000e+00
      1.465      0.012   306.1953     6.8648     62.904 4.5476e+01     15.922     42.465  31.481377     5.7265     6.9885    12.0815   999.5144      2.083      1.436 0.0000e+00
      1.465      0.008   306.6581     6.8182     62.867 4.5460e+01     15.922     42.476  31.485990     5.7502     6.8769    12.0757   999.5151      2.084      1.437 0.0000e+00
      1.466      0.006   306.9302     6.7848     62.768 4.5418e+01     15.922     42.487  31.491645     5.7668     6.6926    12.0725   999.5154      2.085      1.437 0.0000e+00
      1.467      0.006   306.7321     6.7684     62.636 4.5371e+01     15.922     42.482  31.486302     5.7657     6.6137    12.0686   999.5159      2.087      1.439 0.0000e+00
      1.468      0.006   306.4126     6.7677     62.515 4.5312e+01     15.922     42.481  31.484827     5.7746     6.6447    12.0648   999.5163      2.088      1.440 0.0000e+00
      1.470      0.006   306.2520     6.7694     62.437 4.5187e+01     15.922     42.469  31.473809     5.7877     6.6557    12.0603   999.5169      2.091      1.441 0.0000e+00
      1.473      0.005   306.3389     6.7559     62.464 4.5092e+01     15.922     42.480  31.479984     5.7537     6.6083    12.0564   999.5173      2.095      1.444 0.0000e+00
      1.475      0.005   306.6029     6.7402     62.588 4.5082e+01     15.922     42.504  31.496029     5.6868     6.5871    12.0553   999.5174      2.097      1.446 0.0000e+00
      1.475      0.004   306.7764     6.7277     62.695 4.5085e+01     15.922     42.481  31.477478     5.6473     6.6386    12.0551   999.5175      2.098      1.447 0.0000e+00
      1.475      0.003   306.8880     6.7149     62.673 4.5090e+01     15.921     42.438  31.446022     5.6472     6.7165    12.0527   999.5177      2.097      1.446 0.0000e+00
      1.476      0.003   306.9204     6.7185     62.500 4.5089e+01     15.921     42.420  31.432926     5.6381     6.7735    12.0492   999.5181      2.098      1.447 0.0000e+00
      1.476      0.003   306.9098     6.7380     62.268 4.5070e+01     15.921     42.439  31.446023     5.6040     6.8132    12.0471   999.5184      2.100      1.448 0.0000e+00
      1.477      0.003   306.9314     6.7544     62.118 4.5029e+01     15.921     42.484  31.477480     5.5790     6.8537    12.0457   999.5186      2.101      1.449 0.0000e+00
      1.479      0.003   306.9236     6.7534     62.113 4.4986e+01     15.921     42.511  31.496040     5.5740     6.8850    12.0463   999.5185      2.103      1.450 0.0000e+00
      1.479      0.002   306.9877     6.7301     62.150 4.4984e+01     15.921     42.491  31.480090     5.6298     6.8489    12.0472   999.5183      2.104      1.451 0.0000e+00
      1.479      0.002   307.1039     6.6996     62.140 4.5031e+01     15.921     42.483  31.474966     5.7288     6.7261    12.0456   999.5186      2.104      1.451 0.0000e+00
      1.479      0.001   307.1243     6.6790     62.165 4.5083e+01     15.921     42.512  31.497537     5.7690     6.6365    12.0433   999.5188      2.104      1.451 0.0000e+00
      1.480      0.001   306.9758     6.6849     62.295 4.5130e+01     15.921     42.513  31.499212     5.7725     6.6575    12.0409   999.5191      2.105      1.451 0.0000e+00
      1.480      0.000   306.7708     6.6968     62.485 4.5161e+01     15.920     42.508  31.495213     5.8190     6.7742    12.0395   999.5193      2.105      1.451 0.0000e+00
      1.480 4.3213e-07   306.7113     6.6865     62.584 4.5201e+01     15.920     42.531  31.512629     5.8838     6.9137    12.0408   999.5191      2.106      1.452 0.0000e+00
      1.480      0.000   306.7726     6.6882     62.502 4.5320e+01     15.920     42.536  31.519456     5.9069     6.9369    12.0434   999.5189      2.107      1.453 0.0000e+00
      1.479      0.000   306.7371     6.7016     62.322 4.5439e+01     15.920     42.521  31.514323     5.9081     6.8494    12.0445   999.5187      2.105      1.451 0.0000e+00
      1.479      0.001   306.7125     6.7307     62.191 4.5470e+01     15.920     42.510  31.514011     6.0116     6.8511    12.0430   999.5188      2.103      1.450 0.0000e+00
      1.479      0.001   306.8186     6.7471     62.201 4.5451e+01     15.920     42.498  31.515692     6.2144     6.9572    12.0426   999.5190      2.103      1.450 0.0000e+00
      1.480      0.002   306.7304     6.7306     62.256 4.5386e+01     15.919     42.510  31.534667     6.3285     6.9993    12.0469   999.5185      2.105      1.452 0.0000e+00
      1.481      0.003   306.4204     6.7074     62.312 4.5286e+01     15.918     42.525  31.553104     6.3332     6.9486    12.0531   999.5177      2.107      1.453 0.0000e+00
      1.483      0.003   306.3396     6.6822     62.410 4.5265e+01     15.918     42.511  31.548281     6.3189     6.8928    12.0619   999.5167      2.109      1.454 0.0000e+00
      1.483      0.002   306.4413     6.6914     62.490 4.5309e+01     15.917     42.494  31.539807     6.2696     6.9432    12.0763   999.5151      2.110      1.455 0.0000e+00
      1.483      0.001   306.6174     6.6969     62.537 4.5307e+01     15.917     42.457  31.514088     6.1849     7.0775    12.0894   999.5136      2.109      1.454 0.0000e+00
      1.483      0.001   306.8353     6.6949     62.583 4.5279e+01     15.917     42.425  31.491112     6.1259     7.1426    12.0977   999.5126      2.110      1.455 0.0000e+00
      1.483      0.001   306.8384     6.7117     62.577 4.5285e+01     15.917     42.458  31.515789     6.0999     7.1462    12.1037   999.5119      2.110      1.455 0.0000e+00
      1.483      0.002   306.5684     6.7200     62.565 4.5287e+01     15.916     42.517  31.558671     6.1178     7.1565    12.1087   999.5113      2.110      1.455 0.0000e+00
      1.484      0.002   306.2387     6.7185     62.582 4.5223e+01     15.916     42.527  31.565469     6.1897     7.1645    12.1105   999.5111      2.110      1.456 0.0000e+00
      1.485      0.002   306.2077     6.7319     62.634 4.5143e+01     15.917     42.485  31.534531     6.2447     7.2076    12.1115   999.5110      2.112      1.457 0.0000e+00
      1.486      0.002   306.3655     6.7263     62.786 4.5120e+01     15.918     42.443  31.501835     6.2486     7.2313    12.1118   999.5110      2.113      1.457 0.0000e+00
      1.486      0.002   306.4250     6.7204     62.838 4.5122e+01     15.918     42.431  31.487380     6.2363     7.2799    12.1094   999.5113      2.114      1.458 0.0000e+00
      1.486      0.002   306.4977     6.7328     62.836 4.5103e+01     15.917     42.442  31.486636     6.2397     7.4867    12.1083   999.5114      2.113      1.457 0.0000e+00
      1.486      0.004   306.7277     6.7189     63.030 4.5071e+01     15.917     42.459  31.492828     6.2517     7.6712    12.1094   999.5113      2.114      1.458 0.0000e+00
      1.487      0.007   306.7975     6.7579     63.281 4.5060e+01     15.917     42.472  31.498795     6.2571     7.6910    12.1105   999.5111      2.114      1.458 0.0000e+00
      1.488      0.010   306.6533     6.7639     63.501 4.5016e+01     15.917     42.468  31.495334     6.2952     7.5192    12.1033   999.5119      2.115      1.459 0.0000e+00
      1.490      0.012   306.7044     6.7370     63.590 4.4756e+01     15.917     42.491  31.514434     6.3792     7.2770    12.0898   999.5136      2.117      1.460 0.0000e+00
      1.495      0.013   306.8134     6.7855     63.488 4.4256e+01     15.916     42.512  31.539386     6.4427     7.2347    12.0805   999.5146      2.125      1.464 0.0000e+00
      1.502      0.013   306.7661     6.8046     63.355 4.3838e+01     15.915     42.499  31.543252     6.4527     7.2478    12.0785   999.5149      2.138      1.474 0.0000e+00
      1.506      0.012   306.8209     6.8343     63.201 4.3682e+01     15.915     42.509  31.561189     6.3763     7.1609    12.0777   999.5150      2.144      1.478 0.0000e+00
      1.507      0.009   306.8736     6.8548     63.081 4.3636e+01     15.915     42.514  31.565934     6.2437     7.1109    12.0780   999.5150      2.144      1.478 0.0000e+00
      1.508      0.006   306.7152     6.8213     63.110 4.3623e+01     15.915     42.481  31.537192     6.1749     7.1588    12.0886   999.5138      2.145      1.479 0.0000e+00
      1.508      0.004   306.6270     6.8144     63.245 4.3634e+01     15.915     42.480  31.530896     6.1737     7.2254    12.1098   999.5114      2.145      1.479 0.0000e+00
      1.509      0.003   306.6680     6.7908     63.405 4.3636e+01     15.915     42.516  31.553248     6.1724     7.1945    12.1252   999.5096      2.146      1.480 0.0000e+00
      1.510      0.005   306.7797     6.7689     63.505 4.3629e+01     15.915     42.518  31.553655     6.1296     7.1282    12.1240   999.5097      2.147      1.481 0.0000e+00
      1.510      0.008   307.0314     6.7803     63.517 4.3592e+01     15.915     42.492  31.535811     6.0669     7.1102    12.1166   999.5105      2.148      1.481 0.0000e+00
      1.511      0.009   307.1308     6.7961     63.519 4.3510e+01     15.915     42.478  31.527849     6.0342     7.1153    12.1093   999.5113      2.149      1.482 0.0000e+00
      1.514      0.006   306.9479     6.8192     63.572 4.3207e+01     15.915     42.469  31.520834     6.0297     7.1550    12.1035   999.5121      2.151      1.483 0.0000e+00
      1.520      0.001   306.7994     6.8321     63.642 4.2644e+01     15.915     42.467  31.514433     5.9750     7.1098    12.1023   999.5123      2.160      1.488 0.0000e+00
      1.526     -0.001   306.6260     6.8282     63.675 4.2548e+01     15.916     42.474  31.513903     5.8493     6.9462    12.1048   999.5121      2.176      1.499 0.0000e+00
