Data/DataNotYetUploadedToEDI/Raw_CTD/RawDownloads/110424_bvr50_S8188001.cnv
* Sea-Bird SBE19plus  Data File:
* FileName = C:\R\Reservoirs\Data\DataNotYetUploadedToEDI\Raw_CTD\RawDownloads\110424_bvr50_S8188_0001.hex
* Software version 2.8.0.119
* Temperature SN = 8188
* Conductivity SN = 8188
* System UpLoad Time = Nov 05 2024 10:23:45
* <ApplicationData>
* <Seaterm232>
# nquan = 16
# nvalues = 2432                        
# units = specified
# name 0 = depFM: Depth [fresh water, m]
# name 1 = dz/dtM: Descent Rate [m/s]
# name 2 = sbeox0Mg/L: Oxygen, SBE 43 [mg/l]
# name 3 = sbeox0PS: Oxygen, SBE 43 [% saturation]
# name 4 = specc: Specific Conductance [uS/cm]
# name 5 = c0uS/cm: Conductivity [uS/cm]
# name 6 = wetCDOM: Fluorescence, WET Labs CDOM [mg/m^3]
# name 7 = flECO-AFL: Fluorescence, WET Labs ECO-AFL/FL [mg/m^3]
# name 8 = flECO-AFL1: Fluorescence, WET Labs ECO-AFL/FL, 2 [mg/m^3]
# name 9 = flECO-AFL2: Fluorescence, WET Labs ECO-AFL/FL, 3 [mg/m^3]
# name 10 = par/sat/log: PAR/Logarithmic, Satlantic
# name 11 = turbWETntu0: Turbidity, WET Labs ECO [NTU]
# name 12 = prdM: Pressure, Strain Gauge [db]
# name 13 = prdE: Pressure, Strain Gauge [psi]
# name 14 = tv290C: Temperature [ITS-90, deg C]
# name 15 = flag:  0.000e+00
# span 0 =     -0.635,      9.877       
# span 1 =     -0.231,      0.147       
# span 2 =    -2.4110,    10.9792       
# span 3 =    -22.918,    107.374       
# span 4 =   -610.431,    263.251       
# span 5 =-457.439902, 187.312116       
# span 6 =    -7.2900,    61.2900       
# span 7 =    -2.3102,     4.9722       
# span 8 =    -2.1300,     0.5112       
# span 9 =    -3.0033,     1.0575       
# span 10 = 1.1590e-01, 1.3551e+03      
# span 11 =    -2.0015,    79.2712      
# span 12 =     -0.622,      9.685      
# span 13 =     -0.902,     14.048      
# span 14 =    10.5656,    14.4380      
# span 15 = 0.0000e+00, 0.0000e+00      
# interval = seconds: 0.25
# start_time = Nov 04 2024 11:38:52 [Instrument's time stamp, header]
# bad_flag = -9.990e-29
*END*
[from data line 2170]
      7.135     -0.061     0.0630      0.537    211.280 153.510836    55.6200     1.3787     0.1278     0.5076 1.1605e-01    10.3254      6.997     10.149    11.3326 0.0000e+00
      7.121     -0.063     0.0614      0.544    211.181 153.447262    55.6200     1.3748     0.1278     0.5076 1.1620e-01    10.3405      6.983     10.129    11.3311 0.0000e+00
      7.106     -0.067     0.0599      0.557    210.985 153.326174    55.8000     1.3901     0.1278     0.4230 1.1620e-01    10.1743      6.969     10.108    11.3291 0.0000e+00
      7.089     -0.073     0.0590      0.569    210.726 153.169381    55.8000     1.3138     0.1278     0.4230 1.1625e-01    11.4584      6.952     10.083    11.3269 0.0000e+00
      7.070     -0.078     0.0588      0.576    210.518 153.053286    55.8000     1.3253     0.1278     0.4230 1.1623e-01    11.4433      6.933     10.056    11.3261 0.0000e+00
      7.048     -0.083     0.0595      0.579    210.444 153.029082    55.8000     1.3253     0.1278     0.4230 1.1617e-01    11.5339      6.911     10.024    11.3280 0.0000e+00
      7.024     -0.085     0.0609      0.580    210.483 153.074287    55.8000     1.2986     0.1278     0.4230 1.1607e-01    11.4282      6.888      9.991    11.3331 0.0000e+00
      7.001     -0.086     0.0622      0.584    210.610 153.168899    56.6100     1.3520     0.1704     0.4230 1.2481e-01    11.5339      6.865      9.958    11.3407 0.0000e+00
      6.978     -0.085     0.0629      0.590    210.735 153.247985    56.6100     1.4511     0.1704     0.4230 1.3201e-01     6.4884      6.843      9.926    11.3490 0.0000e+00
      6.957     -0.084     0.0632      0.594    210.658 153.174345    56.6100     1.4511     0.1704     0.4230 1.1699e-01     6.6092      6.823      9.896    11.3559 0.0000e+00
      6.937     -0.084     0.0634      0.596    210.210 152.846186    56.6100     1.4550     0.1704     0.4230 1.1681e-01     6.4884      6.803      9.867    11.3599 0.0000e+00
      6.918     -0.086     0.0638      0.594    209.361 152.260152    55.6200     1.4626     0.1278     0.5076 1.1693e-01     6.3373      6.784      9.839    11.3605 0.0000e+00
      6.897     -0.090     0.0644      0.585    208.215 151.496395    55.6200     1.4244     0.1278     0.5076 1.2008e-01     5.9143      6.763      9.810    11.3578 0.0000e+00
      6.874     -0.096     0.0650      0.575    207.026 150.733918    55.6200     1.4359     0.1278     0.5076 1.2338e-01     5.9445      6.741      9.777    11.3538 0.0000e+00
      6.849     -0.103     0.0652      0.569    206.067 150.154055    55.6200     1.4511     0.1278     0.5076 1.3464e-01     5.9445      6.716      9.741    11.3534 0.0000e+00
      6.821     -0.110     0.0649      0.562    205.320 149.722386    55.6200     1.4435     0.1704     0.4653 1.4409e-01     5.9445      6.689      9.702    11.3609 0.0000e+00
      6.791     -0.116     0.0639      0.552    204.587 149.285741    55.6200     1.3787     0.1704     0.4653 1.3983e-01     7.8630      6.660      9.659    11.3779 0.0000e+00
      6.760     -0.121     0.0628      0.543    203.700 148.725680    55.6200     1.3863     0.1704     0.4653 1.5494e-01     7.9537      6.629      9.615    11.4027 0.0000e+00
      6.727     -0.123     0.0620      0.539    202.697 148.081152    55.6200     1.4016     0.1704     0.4653 1.2010e-01     7.8782      6.597      9.569    11.4313 0.0000e+00
      6.695     -0.124     0.0612      0.542    201.787 147.508803    55.8000     1.3748     0.1704     0.5922 1.6711e-01     7.9235      6.565      9.522    11.4588 0.0000e+00
      6.662     -0.122     0.0601      0.548    200.930 146.972200    55.8000     1.5465     0.1704     0.5922 1.4964e-01     3.7692      6.533      9.476    11.4827 0.0000e+00
      6.631     -0.118     0.0591      0.552    199.986 146.370315    55.8000     1.5427     0.1704     0.5922 1.7268e-01     3.8447      6.503      9.432    11.5041 0.0000e+00
      6.601     -0.114     0.0587      0.554    198.913 145.680855    55.8000     1.5351     0.1704     0.5922 1.9368e-01     3.8598      6.473      9.389    11.5258 0.0000e+00
      6.572     -0.110     0.0590      0.556    197.580 144.810103    55.8000     1.4931     0.1704     0.5922 1.7480e-01     3.8145      6.445      9.348    11.5488 0.0000e+00
      6.546     -0.107     0.0597      0.558    195.783 143.609983    53.8200     1.5007     0.1278     0.4653 1.7594e-01     3.6030      6.419      9.310    11.5714 0.0000e+00
      6.521     -0.106     0.0601      0.558    193.428 142.018832    53.8200     1.4931     0.1278     0.4653 2.1223e-01     3.5426      6.395      9.275    11.5938 0.0000e+00
      6.496     -0.107     0.0602      0.553    190.825 140.273206    53.8200     1.5160     0.1278     0.4653 2.1113e-01     3.5426      6.370      9.239    11.6181 0.0000e+00
      6.470     -0.110     0.0604      0.537    188.650 138.858759    53.8200     1.5160     0.1278     0.4653 2.0467e-01     3.6635      6.345      9.202    11.6453 0.0000e+00
      6.441     -0.113     0.0605      0.519    187.343 138.069063    52.2000     1.4435     0.1278     0.4653 1.9030e-01     2.8175      6.317      9.161    11.6757 0.0000e+00
      6.410     -0.116     0.0605      0.508    186.799 137.799653    52.2000     1.4588     0.1278     0.4653 2.4095e-01     2.9081      6.287      9.118    11.7114 0.0000e+00
      6.379     -0.117     0.0599      0.506    186.635 137.766476    52.2000     1.4511     0.1278     0.4653 2.6547e-01     2.9837      6.255      9.073    11.7548 0.0000e+00
      6.347     -0.115     0.0581      0.512    186.613 137.804530    52.2000     1.4511     0.1278     0.4653 2.8065e-01     2.8175      6.224      9.028    11.8034 0.0000e+00
      6.317     -0.110     0.0561      0.526    186.753 137.941980    51.4800     1.3825     0.1278     0.4230 2.8010e-01     2.6060      6.195      8.985    11.8485 0.0000e+00
      6.289     -0.102     0.0549      0.549    186.992 138.139398    51.4800     1.3787     0.1278     0.4230 3.1870e-01     2.7118      6.168      8.946    11.8831 0.0000e+00
      6.263     -0.093     0.0546      0.578    186.992 138.155105    51.4800     1.4016     0.1278     0.4230 3.2288e-01     2.7269      6.142      8.909    11.9060 0.0000e+00
      6.240     -0.082     0.0553      0.607    186.608 137.897185    51.4800     1.4016     0.1278     0.4230 3.4658e-01     2.6966      6.120      8.876    11.9203 0.0000e+00
      6.221     -0.072     0.0568      0.631    186.131 137.583171    51.4800     1.3634     0.1278     0.4230 3.5342e-01     2.6211      6.101      8.848    11.9291 0.0000e+00
      6.205     -0.062     0.0593      0.646    185.774 137.353572    46.6200     1.3825     0.1278     0.3807 3.4276e-01     2.6664      6.085      8.825    11.9346 0.0000e+00
      6.191     -0.054     0.0623      0.655    185.441 137.127143    46.6200     1.3863     0.1278     0.3807 3.4900e-01     2.7722      6.072      8.806    11.9388 0.0000e+00
      6.180     -0.048     0.0655      0.660    184.975 136.795455    46.6200     1.3939     0.1278     0.3807 3.6087e-01     2.7269      6.061      8.790    11.9457 0.0000e+00
      6.170     -0.045     0.0680      0.657    184.343 136.348135    46.6200     1.3939     0.1278     0.3807 3.4877e-01     4.0713      6.051      8.776    11.9560 0.0000e+00
      6.160     -0.045     0.0696      0.640    183.719 135.920150    44.2800     1.3825     0.1278     0.4653 3.3372e-01     4.0411      6.041      8.761    11.9652 0.0000e+00
      6.150     -0.048     0.0706      0.618    183.245 135.605581    44.2800     1.4092     0.1278     0.4653 3.4261e-01     4.0864      6.031      8.747    11.9706 0.0000e+00
      6.138     -0.055     0.0711      0.597    182.749 135.264490    44.2800     1.3787     0.1278     0.4653 3.4583e-01     4.0864      6.020      8.730    11.9742 0.0000e+00
      6.125     -0.065     0.0707      0.582    181.923 134.673793    44.2800     1.4283     0.1278     0.4653 3.7666e-01     3.5124      6.006      8.711    11.9796 0.0000e+00
      6.108     -0.077     0.0690      0.578    180.553 133.689984    34.5600     1.4473     0.1704     0.5076 3.6776e-01     3.5728      5.990      8.688    11.9889 0.0000e+00
      6.088     -0.091     0.0665      0.588    178.593 132.290936    34.5600     1.4359     0.1704     0.5076 3.4892e-01     3.6484      5.970      8.659    11.9990 0.0000e+00
      6.063     -0.105     0.0642      0.610    176.305 130.674057    34.5600     1.4550     0.1704     0.5076 3.5993e-01     3.5728      5.946      8.624    12.0064 0.0000e+00
      6.033     -0.117     0.0626      0.643    173.815 128.926605    34.5600     1.4511     0.1704     0.5076 4.1907e-01     3.6181      5.917      8.581    12.0125 0.0000e+00
      6.000     -0.126     0.0622      0.688    170.723 126.748724    33.1200     1.4626     0.1278     0.5499 4.1761e-01     3.5124      5.884      8.533    12.0217 0.0000e+00
      5.964     -0.131     0.0632      0.752    166.636 123.853841    33.1200     1.4359     0.1278     0.5499 4.7536e-01     3.6181      5.848      8.482    12.0374 0.0000e+00
      5.928     -0.132     0.0656      0.848    161.292 120.058336    33.1200     1.4435     0.1278     0.5499 5.0353e-01     3.6030      5.813      8.431    12.0609 0.0000e+00
      5.893     -0.130     0.0690      1.004    155.013 115.610452    33.1200     1.6877     0.1278     0.5499 4.8993e-01     3.5577      5.778      8.381    12.0911 0.0000e+00
      5.860     -0.127     0.0737      1.257    149.111 111.474265    33.1200     1.6915     0.1278     0.5499 5.5502e-01     3.6484      5.746      8.334    12.1276 0.0000e+00
      5.829     -0.123     0.0805      1.658    144.835 108.542451    37.5300     1.6953     0.1704     0.5076 5.2203e-01     3.5728      5.716      8.290    12.1728 0.0000e+00
      5.799     -0.121     0.0906      2.289    141.948 106.596963    37.5300     1.6953     0.1704     0.5076 5.3991e-01     3.6030      5.687      8.248    12.2311 0.0000e+00
      5.770     -0.122     0.1069      3.258    139.224 104.711217    37.5300     1.7716     0.1704     0.5076 5.5297e-01     3.8447      5.658      8.207    12.3063 0.0000e+00
      5.741     -0.126     0.1336      4.653    136.755 102.980003    37.5300     1.7640     0.1704     0.5076 5.8220e-01     3.8296      5.630      8.165    12.3953 0.0000e+00
      5.709     -0.131     0.1760      6.486    135.064 101.809148    36.2700     1.7563     0.1278     0.4230 5.9576e-01     3.8145      5.599      8.121    12.4842 0.0000e+00
      5.675     -0.136     0.2427      8.650    133.216 100.494717    36.2700     1.7640     0.1278     0.4230 6.3672e-01     3.8598      5.565      8.071    12.5578 0.0000e+00
      5.638     -0.140     0.3452     10.976    130.227  98.310467    36.2700     2.0119     0.1278     0.4230 6.8838e-01     3.8296      5.528      8.018    12.6128 0.0000e+00
      5.599     -0.140     0.4928     13.309    126.012  95.217553    36.2700     1.9890     0.1278     0.4230 7.7191e-01     3.7692      5.491      7.963    12.6572 0.0000e+00
      5.561     -0.137     0.6866     15.521    120.609  91.258528    37.4400     1.9928     0.1278     0.4653 8.0322e-01     3.7994      5.453      7.909    12.6947 0.0000e+00
      5.525     -0.130     0.9153     17.510    114.776  87.007710    37.4400     2.0157     0.1278     0.4653 8.8901e-01     3.8296      5.418      7.858    12.7249 0.0000e+00
      5.492     -0.122     1.1608     19.258    109.971  83.550582    37.4400     3.1067     0.1278     0.4653 8.9794e-01     4.2526      5.386      7.812    12.7546 0.0000e+00
      5.463     -0.115     1.4065     20.867    105.978  80.688338    37.4400     3.0839     0.1278     0.4653 9.1687e-01     4.2828      5.358      7.770    12.7937 0.0000e+00
      5.437     -0.108     1.6383     22.535    101.969  77.781416    37.4400     3.1144     0.1278     0.4653 9.1131e-01     4.2526      5.332      7.733    12.8487 0.0000e+00
      5.412     -0.103     1.8454     24.480     98.480  75.248425    33.3900     3.1373     0.1704     0.5499 9.0205e-01     4.2526      5.307      7.697    12.9219 0.0000e+00
      5.387     -0.102     2.0261     26.818     95.876  73.368106    33.3900     2.9427     0.1704     0.5499 1.0003e+00     6.5337      5.283      7.662    13.0056 0.0000e+00
      5.361     -0.103     2.1918     29.522     93.675  71.770767    33.3900     2.9313     0.1704     0.5499 9.9817e-01     6.3977      5.258      7.626    13.0852 0.0000e+00
      5.336     -0.108     2.3635     32.495     91.267  69.992534    33.3900     2.9198     0.1704     0.5499 9.8482e-01     6.5035      5.233      7.590    13.1550 0.0000e+00
      5.310     -0.114     2.5641     35.617     88.798  68.155829    31.6800     2.9236     0.1278     0.5076 9.5552e-01     6.4279      5.207      7.552    13.2175 0.0000e+00
      5.281     -0.122     2.8059     38.736     86.733  66.620909    31.6800     2.7901     0.1278     0.5076 1.0310e+00     5.0684      5.179      7.511    13.2719 0.0000e+00
      5.248     -0.129     3.0861     41.686     84.479  64.930622    31.6800     2.8130     0.1278     0.5076 1.1273e+00     5.0079      5.147      7.465    13.3160 0.0000e+00
      5.213     -0.135     3.3946     44.342     81.098  62.374857    31.6800     2.8245     0.1278     0.5076 1.1797e+00     5.1288      5.112      7.414    13.3515 0.0000e+00
      5.175     -0.138     3.7184     46.662     76.869  59.181689    30.6900     2.8016     0.1704     0.6768 1.2710e+00     5.0835      5.075      7.361    13.3830 0.0000e+00
      5.137     -0.139     4.0416     48.670     72.961  56.248929    30.6900     3.0839     0.1704     0.6768 1.2958e+00     3.9958      5.038      7.307    13.4118 0.0000e+00
      5.101     -0.137     4.3471     50.419     69.563  53.706030    30.6900     3.0648     0.1704     0.6768 1.3605e+00     4.1167      5.003      7.255    13.4380 0.0000e+00
      5.067     -0.134     4.6213     51.992     65.825  50.890843    30.6900     3.0228     0.1704     0.6768 1.3613e+00     4.0562      4.969      7.207    13.4673 0.0000e+00
      5.034     -0.131     4.8587     53.526     61.886  47.915800    29.7900     3.0419     0.1704     0.6345 1.3919e+00     4.0562      4.937      7.160    13.5086 0.0000e+00
      5.001     -0.128     5.0618     55.167     58.951  45.715816    29.7900     2.9999     0.1704     0.6345 1.5123e+00     4.1620      4.905      7.113    13.5622 0.0000e+00
      4.969     -0.128     5.2374     57.001     57.405  44.579298    29.7900     2.9656     0.1704     0.6345 1.5943e+00     4.0109      4.873      7.067    13.6188 0.0000e+00
      4.937     -0.130     5.3945     59.043     56.749  44.113501    29.7900     2.9809     0.1704     0.6345 1.5809e+00     4.0713      4.842      7.022    13.6734 0.0000e+00
      4.906     -0.136     5.5468     61.274     56.545  43.978993    29.7900     2.9923     0.1704     0.6345 1.5526e+00     4.0713      4.811      6.978    13.7299 0.0000e+00
      4.873     -0.144     5.7098     63.621     56.553  43.994427    29.1600     3.1067     0.1704     0.6768 1.5506e+00     4.4188      4.779      6.932    13.7876 0.0000e+00
      4.837     -0.155     5.8934     65.923     56.427  43.896852    29.1600     3.1029     0.1704     0.6768 1.6375e+00     4.2224      4.743      6.880    13.8376 0.0000e+00
      4.796     -0.166     6.1003     67.954     55.672  43.307480    29.1600     3.1220     0.1704     0.6768 1.7459e+00     4.2224      4.703      6.821    13.8720 0.0000e+00
      4.750     -0.176     6.3285     69.499     54.313  42.252495    29.1600     3.1220     0.1704     0.6768 1.8876e+00     4.3886      4.658      6.756    13.8904 0.0000e+00
      4.701     -0.182     6.5702     70.429     52.813  41.096277    28.8900     3.2288     0.2130     0.6345 2.0447e+00     4.5547      4.610      6.687    13.8968 0.0000e+00
