Data/DataNotYetUploadedToEDI/Raw_CTD/RawDownloads/110424_bvr50_S8188001.cnv
* Sea-Bird SBE19plus  Data File:
* FileName = C:\R\Reservoirs\Data\DataNotYetUploadedToEDI\Raw_CTD\RawDownloads\110424_bvr50_S8188_0001.hex
* Software version 2.8.0.119
* Temperature SN = 8188
* Conductivity SN = 8188
* System UpLoad Time = Nov 05 2024 10:23:45
* <ApplicationData>
* <Seaterm232>
# nquan = 16
# nvalues = 2432                        
# units = specified
# name 0 = depFM: Depth [fresh water, m]
# name 1 = dz/dtM: Descent Rate [m/s]
# name 2 = sbeox0Mg/L: Oxygen, SBE 43 [mg/l]
# name 3 = sbeox0PS: Oxygen, SBE 43 [% saturation]
# name 4 = specc: Specific Conductance [uS/cm]
# name 5 = c0uS/cm: Conductivity [uS/cm]
# name 6 = wetCDOM: Fluorescence, WET Labs CDOM [mg/m^3]
# name 7 = flECO-AFL: Fluorescence, WET Labs ECO-AFL/FL [mg/m^3]
# name 8 = flECO-AFL1: Fluorescence, WET Labs ECO-AFL/FL, 2 [mg/m^3]
# name 9 = flECO-AFL2: Fluorescence, WET Labs ECO-AFL/FL, 3 [mg/m^3]
# name 10 = par/sat/log: PAR/Logarithmic, Satlantic
# name 11 = turbWETntu0: Turbidity, WET Labs ECO [NTU]
# name 12 = prdM: Pressure, Strain Gauge [db]
# name 13 = prdE: Pressure, Strain Gauge [psi]
# name 14 = tv290C: Temperature [ITS-90, deg C]
# name 15 = flag:  0.000e+00
# span 0 =     -0.635,      9.877       
# span 1 =     -0.231,      0.147       
# span 2 =    -2.4110,    10.9792       
# span 3 =    -22.918,    107.374       
# span 4 =   -610.431,    263.251       
# span 5 =-457.439902, 187.312116       
# span 6 =    -7.2900,    61.2900       
# span 7 =    -2.3102,     4.9722       
# span 8 =    -2.1300,     0.5112       
# span 9 =    -3.0033,     1.0575       
# span 10 = 1.1590e-01, 1.3551e+03      
# span 11 =    -2.0015,    79.2712      
# span 12 =     -0.622,      9.685      
# span 13 =     -0.902,     14.048      
# span 14 =    10.5656,    14.4380      
# span 15 = 0.0000e+00, 0.0000e+00      
# interval = seconds: 0.25
# start_time = Nov 04 2024 11:38:52 [Instrument's time stamp, header]
# bad_flag = -9.990e-29
*END*
[from data line 814]
      0.235      0.004     7.6736     75.054     32.617  25.714799    28.1700     2.9503     0.1704     0.5922 8.7431e+01     4.1015      0.230      0.334    14.4168 0.0000e+00
      0.236      0.004     7.6730     75.007     32.605  25.705749    28.1700     2.9656     0.1704     0.5922 8.5533e+01     4.0411      0.232      0.336    14.4165 0.0000e+00
      0.237      0.004     7.6713     74.957     32.606  25.706847    28.1700     2.9427     0.1704     0.5922 8.4517e+01     4.0260      0.233      0.338    14.4164 0.0000e+00
      0.239      0.003     7.6682     74.917     32.610  25.710423    28.1700     2.9084     0.1704     0.5922 8.2629e+01     4.0260      0.234      0.339    14.4163 0.0000e+00
      0.240      0.003     7.6640     74.905     32.619  25.717430    28.2600     3.0037     0.1704     0.7191 8.0379e+01     3.7994      0.235      0.340    14.4164 0.0000e+00
      0.240      0.002     7.6593     74.925     32.645  25.737702    28.2600     2.9847     0.1704     0.7191 7.9459e+01     3.8296      0.235      0.341    14.4165 0.0000e+00
      0.241      0.002     7.6541     74.973     32.687  25.770671    28.2600     2.9999     0.1704     0.7191 7.9287e+01     3.7692      0.236      0.342    14.4167 0.0000e+00
      0.241      0.001     7.6500     75.039     32.728  25.803225    28.2600     2.9847     0.1704     0.7191 7.9805e+01     3.8901      0.236      0.343    14.4168 0.0000e+00
      0.241      0.001     7.6488     75.105     32.750  25.820153    28.2600     2.9656     0.1704     0.6345 8.1275e+01     3.8296      0.237      0.343    14.4169 0.0000e+00
      0.242      0.001     7.6509     75.165     32.737  25.810037    28.2600     2.9885     0.1704     0.6345 8.2163e+01     3.8750      0.237      0.343    14.4170 0.0000e+00
      0.242      0.001     7.6558     75.214     32.714  25.792083    28.2600     2.9923     0.1704     0.6345 8.2808e+01     3.7692      0.237      0.344    14.4170 0.0000e+00
      0.242      0.001     7.6624     75.247     32.698  25.779425    28.2600     3.0037     0.1704     0.6345 8.3568e+01     3.9807      0.237      0.344    14.4170 0.0000e+00
      0.242      0.001     7.6692     75.270     32.689  25.772669    28.2600     3.0381     0.1704     0.6768 8.3822e+01     3.8447      0.238      0.344    14.4170 0.0000e+00
      0.243      0.001     7.6754     75.295     32.693  25.775988    28.2600     3.0495     0.1704     0.6768 8.2252e+01     3.8901      0.238      0.345    14.4169 0.0000e+00
      0.243      0.001     7.6803     75.319     32.708  25.788275    28.2600     3.0610     0.1704     0.6768 8.2306e+01     3.7994      0.238      0.345    14.4170 0.0000e+00
      0.243      0.001     7.6836     75.340     32.734  25.808824    28.2600     3.0381     0.1704     0.6768 8.0642e+01     3.8750      0.238      0.346    14.4172 0.0000e+00
      0.243      0.001     7.6859     75.353     32.763  25.831169    28.2600     3.0076     0.1704     0.6768 7.9927e+01     3.7843      0.239      0.346    14.4176 0.0000e+00
      0.244      0.001     7.6884     75.357     32.776  25.841355    28.2600     2.9503     0.1704     0.5499 8.1807e+01     3.9052      0.239      0.347    14.4179 0.0000e+00
      0.244      0.002     7.6908     75.349     32.756  25.826170    28.2600     3.0114     0.1704     0.5499 8.2575e+01     3.9505      0.240      0.348    14.4181 0.0000e+00
      0.245      0.002     7.6929     75.328     32.723  25.799485    28.2600     2.9999     0.1704     0.5499 8.3169e+01     3.7994      0.240      0.348    14.4181 0.0000e+00
      0.245      0.001     7.6943     75.298     32.703  25.784051    28.2600     3.2517     0.1704     0.5499 8.4023e+01     3.8598      0.241      0.349    14.4180 0.0000e+00
      0.246      0.001     7.6947     75.267     32.697  25.779736    28.1700     3.2441     0.1704     0.6768 8.3932e+01     3.7390      0.241      0.350    14.4179 0.0000e+00
      0.246      0.001     7.6939     75.232     32.699  25.781406    28.1700     3.2364     0.1704     0.6768 8.2772e+01     3.9656      0.241      0.350    14.4179 0.0000e+00
      0.246      0.000     7.6917     75.187     32.710  25.789507    28.1700     3.2288     0.1704     0.6768 8.1541e+01     3.8447      0.241      0.350    14.4180 0.0000e+00
      0.246      0.000     7.6887     75.136     32.721  25.798234    28.1700     3.3089     0.1704     0.6768 8.1328e+01     4.0562      0.241      0.350    14.4182 0.0000e+00
      0.246      0.000     7.6855     75.091     32.723  25.799958    28.2600     3.2975     0.1278     0.6768 8.0484e+01     4.0260      0.241      0.350    14.4184 0.0000e+00
      0.246      0.000     7.6819     75.058     32.715  25.793149    28.2600     3.3204     0.1278     0.6768 8.1169e+01     4.0864      0.241      0.350    14.4186 0.0000e+00
      0.245     -0.001     7.6773     75.033     32.695  25.777981    28.2600     3.2746     0.1278     0.6768 8.1647e+01     3.9958      0.241      0.349    14.4187 0.0000e+00
      0.245     -0.001     7.6721     75.009     32.678  25.764349    28.2600     3.1029     0.1278     0.6768 8.3277e+01     3.7541      0.241      0.349    14.4187 0.0000e+00
      0.245      0.000     7.6675     74.990     32.678  25.764545    28.2600     3.0953     0.1704     0.7614 8.4517e+01     3.8598      0.241      0.349    14.4187 0.0000e+00
      0.245      0.000     7.6642     74.983     32.686  25.770659    28.2600     3.1220     0.1704     0.7614 8.4922e+01     3.7843      0.241      0.349    14.4186 0.0000e+00
      0.245     -0.001     7.6616     74.985     32.680  25.766399    28.2600     3.1067     0.1704     0.7614 8.4609e+01     3.7390      0.241      0.349    14.4185 0.0000e+00
      0.245     -0.001     7.6591     74.989     32.672  25.760586    28.2600     3.1869     0.1704     0.7614 8.3151e+01     3.7390      0.240      0.349    14.4185 0.0000e+00
      0.245     -0.001     7.6571     74.992     32.681  25.767598    28.2600     3.1640     0.1704     0.7614 8.3006e+01     3.9203      0.240      0.349    14.4185 0.0000e+00
      0.245     -0.001     7.6565     75.001     32.686  25.771386    28.2600     3.1640     0.1704     0.6768 8.1011e+01     3.8750      0.240      0.348    14.4186 0.0000e+00
      0.245     -0.001     7.6567     75.029     32.673  25.761012    28.2600     3.1792     0.1704     0.6768 8.0747e+01     3.8750      0.240      0.348    14.4187 0.0000e+00
      0.244     -0.002     7.6570     75.079     32.659  25.749639    28.2600     3.1373     0.1704     0.6768 8.1611e+01     3.7994      0.239      0.347    14.4188 0.0000e+00
      0.244     -0.002     7.6573     75.140     32.657  25.748172    28.2600     3.1067     0.1704     0.6768 8.2449e+01     3.7390      0.239      0.347    14.4189 0.0000e+00
      0.243     -0.002     7.6582     75.193     32.662  25.752238    28.2600     3.1144     0.1278     0.6345 8.3006e+01     3.8901      0.238      0.346    14.4190 0.0000e+00
      0.243     -0.002     7.6610     75.221     32.665  25.754957    28.2600     3.1067     0.1278     0.6345 8.3913e+01     3.9052      0.238      0.345    14.4190 0.0000e+00
      0.242     -0.002     7.6662     75.221     32.659  25.751080    28.2600     3.0839     0.1278     0.6345 8.5162e+01     3.8145      0.237      0.344    14.4190 0.0000e+00
      0.241     -0.002     7.6725     75.198     32.642  25.737581    28.2600     3.0533     0.1278     0.6345 8.5311e+01     3.9203      0.236      0.343    14.4191 0.0000e+00
      0.241     -0.003     7.6778     75.161     32.635  25.732765    28.2600     3.0724     0.2130     0.5922 8.6055e+01     3.8598      0.236      0.343    14.4192 0.0000e+00
      0.240     -0.003     7.6807     75.117     32.646  25.741320    28.2600     3.0686     0.2130     0.5922 8.4922e+01     3.9354      0.235      0.342    14.4196 0.0000e+00
      0.240     -0.003     7.6806     75.073     32.651  25.745617    28.2600     3.4386     0.2130     0.5922 8.4187e+01     3.7541      0.235      0.341    14.4201 0.0000e+00
      0.239     -0.003     7.6781     75.034     32.658  25.750782    28.2600     3.4119     0.2130     0.5922 8.3151e+01     3.7239      0.234      0.340    14.4207 0.0000e+00
      0.238     -0.003     7.6742     75.014     32.665  25.756204    28.2600     3.4310     0.1278     0.6345 8.1700e+01     3.8598      0.233      0.339    14.4213 0.0000e+00
      0.237     -0.003     7.6696     75.023     32.661  25.753370    28.2600     3.4119     0.1278     0.6345 8.3441e+01     3.9203      0.232      0.338    14.4217 0.0000e+00
      0.236     -0.003     7.6650     75.055     32.674  25.763429    28.2600     2.9732     0.1278     0.6345 8.7755e+01     3.7994      0.231      0.336    14.4219 0.0000e+00
      0.235     -0.002     7.6611     75.099     32.706  25.789063    28.2600     2.9885     0.1278     0.6345 9.2393e+01     3.7239      0.231      0.335    14.4219 0.0000e+00
      0.235     -0.001     7.6591     75.147     32.716  25.797284    28.2600     3.0152     0.1278     0.6345 9.4834e+01     3.7692      0.230      0.334    14.4218 0.0000e+00
      0.235      0.000     7.6600     75.198     32.696  25.782320    28.2600     2.9885     0.1704     0.6768 9.4176e+01     3.7994      0.230      0.334    14.4218 0.0000e+00
      0.235      0.002     7.6632     75.248     32.675  25.766066    28.2600     3.0495     0.1704     0.6768 9.2152e+01     3.9203      0.230      0.334    14.4218 0.0000e+00
      0.235      0.004     7.6677     75.286     32.651  25.748169    28.2600     3.0572     0.1704     0.6768 8.8964e+01     3.6937      0.231      0.335    14.4221 0.0000e+00
      0.236      0.006     7.6725     75.295     32.617  25.721867    28.2600     3.0457     0.1704     0.6768 8.4591e+01     3.9052      0.232      0.336    14.4227 0.0000e+00
      0.238      0.008     7.6776     75.273     32.601  25.710012    28.1700     3.0381     0.1704     0.6345 8.6562e+01     3.8447      0.233      0.338    14.4236 0.0000e+00
      0.240      0.010     7.6826     75.229     32.626  25.729355    28.1700     3.0533     0.1704     0.6345 9.2735e+01     3.7994      0.235      0.341    14.4246 0.0000e+00
      0.243      0.013     7.6862     75.175     32.654  25.751205    28.1700     3.0457     0.1704     0.6345 9.3992e+01     3.8598      0.238      0.345    14.4258 0.0000e+00
      0.247      0.015     7.6870     75.131     32.671  25.763467    28.1700     3.0877     0.1704     0.6345 9.2292e+01     3.8296      0.242      0.351    14.4268 0.0000e+00
      0.251      0.017     7.6846     75.112     32.698  25.783349    28.2600     3.0152     0.1704     0.5499 8.8080e+01     3.8296      0.247      0.357    14.4274 0.0000e+00
      0.257      0.018     7.6801     75.123     32.710  25.792260    28.2600     3.0991     0.1704     0.5499 8.4059e+01     3.7994      0.252      0.365    14.4274 0.0000e+00
      0.262      0.017     7.6747     75.156     32.684  25.770673    28.2600     3.1144     0.1704     0.5499 8.2252e+01     3.8598      0.257      0.373    14.4266 0.0000e+00
      0.267      0.016     7.6705     75.194     32.644  25.738716    28.2600     3.0953     0.1704     0.5499 7.6096e+01     3.8598      0.262      0.379    14.4250 0.0000e+00
      0.271      0.014     7.6688     75.223     32.618  25.717735    28.2600     3.1182     0.1704     0.5499 7.6661e+01     3.7994      0.265      0.385    14.4232 0.0000e+00
      0.274      0.012     7.6702     75.240     32.619  25.718065    28.3500     3.1067     0.1704     0.5922 8.0083e+01     3.8598      0.268      0.390    14.4216 0.0000e+00
      0.276      0.011     7.6738     75.242     32.662  25.751740    28.3500     3.1449     0.1704     0.5922 8.1470e+01     3.8598      0.271      0.393    14.4205 0.0000e+00
      0.279      0.009     7.6778     75.223     32.716  25.793890    28.3500     3.1144     0.1704     0.5922 8.5329e+01     3.7994      0.273      0.397    14.4196 0.0000e+00
      0.281      0.007     7.6809     75.192     32.727  25.801993    28.3500     3.1067     0.1704     0.5922 8.9878e+01     3.7994      0.275      0.400    14.4189 0.0000e+00
      0.283      0.006     7.6828     75.162     32.715  25.792149    28.2600     3.0953     0.1704     0.7191 9.2473e+01     3.9807      0.277      0.402    14.4182 0.0000e+00
      0.285      0.005     7.6830     75.141     32.724  25.799565    28.2600     3.1220     0.1704     0.7191 9.1434e+01     3.8296      0.279      0.405    14.4176 0.0000e+00
      0.286      0.003     7.6812     75.136     32.750  25.820245    28.2600     3.1067     0.1704     0.7191 9.2574e+01     3.7088      0.280      0.406    14.4170 0.0000e+00
      0.286      0.002     7.6781     75.142     32.773  25.837801    28.2600     3.1258     0.1704     0.7191 9.1434e+01     3.7692      0.280      0.407    14.4166 0.0000e+00
      0.286      0.001     7.6750     75.147     32.795  25.854924    28.2600     3.1182     0.1704     0.7614 8.9683e+01     3.7994      0.280      0.407    14.4163 0.0000e+00
      0.286      0.000     7.6730     75.140     32.812  25.868215    28.2600     3.1067     0.1704     0.7614 8.7507e+01     3.8447      0.280      0.407    14.4161 0.0000e+00
      0.286     -0.001     7.6725     75.118     32.809  25.865288    28.2600     3.1220     0.1704     0.7614 8.8271e+01     3.8296      0.280      0.406    14.4159 0.0000e+00
      0.286     -0.002     7.6731     75.083     32.805  25.861293    28.2600     3.1296     0.1704     0.7614 8.7317e+01     3.7994      0.280      0.406    14.4158 0.0000e+00
      0.285     -0.002     7.6736     75.037     32.810  25.865119    28.2600     3.0457     0.2130     0.7191 8.8367e+01     3.7692      0.279      0.405    14.4156 0.0000e+00
      0.284     -0.003     7.6731     74.981     32.794  25.851903    28.2600     3.0572     0.2130     0.7191 8.9119e+01     3.8296      0.279      0.404    14.4152 0.0000e+00
      0.283     -0.004     7.6709     74.917     32.746  25.814137    28.2600     3.0572     0.2130     0.7191 8.9917e+01     3.7994      0.278      0.403    14.4145 0.0000e+00
      0.282     -0.004     7.6674     74.859     32.699  25.777592    28.2600     3.0533     0.2130     0.7191 9.1077e+01     3.7390      0.277      0.401    14.4137 0.0000e+00
      0.281     -0.005     7.6629     74.817     32.673  25.758406    28.2600     3.1335     0.2130     0.7191 9.1136e+01     3.9052      0.275      0.400    14.4127 0.0000e+00
      0.279     -0.005     7.6573     74.799     32.669  25.755448    28.2600     3.0991     0.1704     0.6345 9.0761e+01     3.8598      0.274      0.397    14.4121 0.0000e+00
      0.278     -0.005     7.6508     74.812     32.674  25.759962    28.2600     3.1067     0.1704     0.6345 9.1474e+01     3.7692      0.272      0.395    14.4123 0.0000e+00
      0.276     -0.005     7.6447     74.851     32.675  25.761207    28.2600     3.1106     0.1704     0.6345 9.0682e+01     3.8598      0.271      0.393    14.4132 0.0000e+00
      0.275     -0.004     7.6402     74.908     32.672  25.759513    28.2600     2.9809     0.1704     0.6345 9.1593e+01     3.8145      0.269      0.391    14.4146 0.0000e+00
      0.274     -0.003     7.6381     74.973     32.670  25.758412    28.2600     2.9732     0.1704     0.6345 9.3443e+01     3.8296      0.269      0.389    14.4160 0.0000e+00
      0.273     -0.003     7.6392     75.031     32.678  25.765575    28.2600     2.9885     0.1704     0.6345 9.4054e+01     3.7994      0.268      0.388    14.4170 0.0000e+00
      0.273     -0.002     7.6432     75.070     32.704  25.786894    28.2600     3.0152     0.1704     0.6345 9.4937e+01     3.7994      0.268      0.388    14.4176 0.0000e+00
      0.272     -0.001     7.6489     75.088     32.736  25.812126    28.2600     3.0533     0.1704     0.6345 9.5061e+01     3.8145      0.267      0.388    14.4181 0.0000e+00
