Data/DataNotYetUploadedToEDI/Raw_CTD/RawDownloads/110420_fcr50.cnv
* Sea-Bird SBE19plus  Data File:
* FileName = C:\DATA\110420_fcr50.hex
* Software version 2.8.0.119
* Temperature SN = 7809
* Conductivity SN = 7809
* System UpLoad Time = Nov 04 2020 15:07:54
* <ApplicationData>
* <Seaterm232>
# nquan = 16
# nvalues = 1580                        
# units = specified
# name 0 = depFM: Depth [fresh water, m]
# name 1 = dz/dtM: Descent Rate [m/s]
# name 2 = orp: Oxidation Reduction Potential [mV]
# name 3 = sbeox0Mg/L: Oxygen, SBE 43 [mg/l]
# name 4 = sbeox0PS: Oxygen, SBE 43 [% saturation]
# name 5 = par/sat/log: PAR/Logarithmic, Satlantic
# name 6 = ph: pH
# name 7 = specc: Specific Conductance [uS/cm]
# name 8 = c0uS/cm: Conductivity [uS/cm]
# name 9 = flECO-AFL: Fluorescence, WET Labs ECO-AFL/FL [mg/m^3]
# name 10 = turbWETntu0: Turbidity, WET Labs ECO [NTU]
# name 11 = tv290C: Temperature [ITS-90, deg C]
# name 12 = density00: Density [density, kg/m^3]
# name 13 = prdE: Pressure, Strain Gauge [psi]
# name 14 = prdM: Pressure, Strain Gauge [db]
# name 15 = flag:  0.000e+00
# span 0 =     -0.542,      9.764       
# span 1 =     -0.321,      2.803       
# span 2 = -1240.7455,   434.9208       
# span 3 =     5.6514,    10.1707       
# span 4 =     54.140,     95.503       
# span 5 = 1.2355e-01, 1.9496e+03       
# span 6 =      2.549,     16.183       
# span 7 =      0.805,     45.291       
# span 8 =   0.720461,  34.624560       
# span 9 =    -3.1356,     7.4828       
# span 10 =    -0.3246,   936.3138      
# span 11 =    11.7933,    19.7578      
# span 12 =   998.2601,   999.5849      
# span 13 =     -0.771,     13.888      
# span 14 =     -0.532,      9.576      
# span 15 = 0.0000e+00, 0.0000e+00      
# interval = seconds: 0.25
# start_time = Nov 04 2020 00:43:23 [Instrument's time stamp, header]
# bad_flag = -9.990e-29
*END*
[from data line 724]
      4.419      0.024   306.8596     6.6213     61.606 2.5668e-01     15.908     42.528  31.382427     4.3820     7.3794    11.8956   999.5493      6.286      4.334 0.0000e+00
      4.421      0.018   306.8357     6.6315     61.616 2.6334e-01     15.908     42.536  31.388826     4.4155     7.4679    11.8954   999.5493      6.288      4.336 0.0000e+00
      4.422      0.015   306.7725     6.6378     61.557 2.7978e-01     15.907     42.551  31.400956     4.4872     7.4999    11.8936   999.5495      6.288      4.336 0.0000e+00
      4.425      0.014   306.6981     6.6414     61.482 2.8242e-01     15.907     42.552  31.402203     4.5903     7.4575    11.8928   999.5496      6.291      4.338 0.0000e+00
      4.430      0.016   306.6245     6.6605     61.400 2.7252e-01     15.908     42.555  31.403905     4.6503     7.4370    11.8936   999.5496      6.302      4.345 0.0000e+00
      4.436      0.020   306.5708     6.6586     61.382 2.6907e-01     15.908     42.579  31.421531     4.6608     7.4570    11.8946   999.5495      6.313      4.351 0.0000e+00
      4.439      0.025   306.5646     6.6474     61.415 2.6383e-01     15.908     42.583  31.424983     4.6408     7.4254    11.8952   999.5494      6.314      4.353 0.0000e+00
      4.443      0.030   306.5495     6.6438     61.388 2.5141e-01     15.908     42.525  31.382198     4.5802     7.3637    11.8956   999.5494      6.316      4.356 0.0000e+00
      4.452      0.034   306.5604     6.6281     61.340 2.4604e-01     15.908     42.482  31.348340     4.5295     7.3627    11.8952   999.5495      6.329      4.363 0.0000e+00
      4.464      0.038   306.5248     6.6259     61.360 2.4073e-01     15.908     42.466  31.332833     4.5326     7.4143    11.8952   999.5495      6.349      4.377 0.0000e+00
      4.476      0.042   306.6357     6.6389     61.447 2.3372e-01     15.908     42.455  31.321589     4.5704     7.5070    11.8966   999.5495      6.367      4.390 0.0000e+00
      4.488      0.047   307.0397     6.6321     61.582 2.2309e-01     15.908     42.483  31.339279     4.6051     7.5902    11.8969   999.5494      6.383      4.401 0.0000e+00
      4.499      0.050   307.2802     6.6203     61.674 2.1247e-01     15.908     42.509  31.356380     4.6082     7.5958    11.8936   999.5499      6.400      4.412 0.0000e+00
      4.509      0.052   307.2208     6.6287     61.694 2.1142e-01     15.908     42.487  31.338018     4.5895     7.5751    11.8889   999.5504      6.411      4.421 0.0000e+00
      4.522      0.053   307.1820     6.6340     61.742 2.0878e-01     15.909     42.447  31.307601     4.5889     7.5802    11.8849   999.5509      6.428      4.432 0.0000e+00
      4.540      0.052   307.0689     6.6564     61.818 2.0635e-01     15.909     42.446  31.305832     4.6672     7.5894    11.8811   999.5515      6.459      4.453 0.0000e+00
      4.557      0.051   306.7996     6.6699     61.847 2.0935e-01     15.908     42.461  31.316630     4.7932     7.5834    11.8783   999.5519      6.484      4.470 0.0000e+00
      4.570      0.050   306.8508     6.6627     61.816 2.0322e-01     15.907     42.456  31.311268     4.8436     7.5754    11.8769   999.5521      6.500      4.481 0.0000e+00
      4.581      0.050   307.3443     6.6707     61.811 1.9012e-01     15.907     42.448  31.304441     4.8376     7.5616    11.8758   999.5522      6.517      4.493 0.0000e+00
      4.589      0.051   307.9477     6.6828     61.907 1.8633e-01     15.907     42.440  31.297528     4.8347     7.4860    11.8745   999.5524      6.527      4.500 0.0000e+00
      4.598      0.052   308.2957     6.6873     62.044 1.8658e-01     15.907     42.433  31.291136     4.8184     7.3125    11.8737   999.5525      6.534      4.505 0.0000e+00
      4.613      0.052   308.1113     6.6797     62.136 1.8076e-01     15.908     42.433  31.290598     4.7927     7.1470    11.8726   999.5527      6.556      4.521 0.0000e+00
      4.635      0.052   307.7826     6.6744     62.224 1.6678e-01     15.908     42.434  31.291012     4.7816     7.0987    11.8710   999.5530      6.594      4.547 0.0000e+00
      4.652      0.052   307.7630     6.6887     62.344 1.4815e-01     15.908     42.442  31.296145     4.8081     7.1737    11.8698   999.5533      6.623      4.566 0.0000e+00
      4.661      0.050   307.7883     6.7100     62.440 1.4544e-01     15.908     42.433  31.289214     4.8552     7.3342    11.8690   999.5534      6.630      4.571 0.0000e+00
      4.668      0.045   307.6584     6.7155     62.455 1.5700e-01     15.909     42.409  31.270663     4.8744     7.4251    11.8682   999.5535      6.636      4.575 0.0000e+00
      4.679      0.041   307.6544     6.7225     62.403 1.6346e-01     15.909     42.399  31.262183     4.8589     7.3801    11.8668   999.5537      6.653      4.586 0.0000e+00
      4.691      0.041   307.6551     6.7401     62.374 1.6566e-01     15.909     42.384  31.250118     4.7920     7.3049    11.8662   999.5538      6.676      4.603 0.0000e+00
      4.701      0.042   307.4085     6.7521     62.419 1.6489e-01     15.909     42.386  31.251678     4.6864     7.2374    11.8664   999.5539      6.688      4.612 0.0000e+00
      4.710      0.043   307.1679     6.7547     62.503 1.5286e-01     15.909     42.426  31.281034     4.6302     7.2158    11.8657   999.5539      6.695      4.616 0.0000e+00
      4.723      0.043   307.1539     6.7438     62.620 1.4047e-01     15.909     42.435  31.287839     4.6272     7.2150    11.8637   999.5542      6.717      4.631 0.0000e+00
      4.735      0.043   307.1543     6.7379     62.758 1.3857e-01     15.908     42.411  31.270518     4.6413     7.1599    11.8617   999.5545      6.740      4.647 0.0000e+00
      4.745      0.043   307.0003     6.7476     62.900 1.3680e-01     15.908     42.398  31.261934     4.6860     7.1334    11.8619   999.5545      6.747      4.652 0.0000e+00
      4.756      0.043   307.0129     6.7541     63.006 1.3262e-01     15.908     42.378  31.247496     4.7392     7.1688    11.8631   999.5544      6.761      4.662 0.0000e+00
      4.768      0.043   307.1343     6.7680     62.992 1.2758e-01     15.908     42.345  31.222838     4.7501     7.1748    11.8624   999.5546      6.786      4.679 0.0000e+00
      4.778      0.047   307.0056     6.7844     62.913 1.2571e-01     15.908     42.339  31.217580     4.7220     7.1378    11.8627   999.5547      6.798      4.687 0.0000e+00
      4.785      0.052   306.6616     6.7974     62.837 1.2678e-01     15.908     42.383  31.247361     4.7233     7.1685    11.8643   999.5545      6.802      4.690 0.0000e+00
      4.797      0.054   306.4166     6.8184     62.752 1.2534e-01     15.908     42.412  31.265694     4.7761     7.3057    11.8646   999.5544      6.817      4.700 0.0000e+00
      4.818      0.054   306.3666     6.8111     62.695 1.2383e-01     15.908     42.392  31.248901     4.8167     7.4228    11.8642   999.5546      6.851      4.724 0.0000e+00
      4.838      0.054   306.3146     6.7977     62.725 1.2372e-01     15.908     42.376  31.234652     4.8134     7.4169    11.8632   999.5548      6.887      4.748 0.0000e+00
      4.852      0.053   306.3045     6.7964     62.969 1.2373e-01     15.909     42.358  31.220309     4.7936     7.3717    11.8604   999.5552      6.904      4.760 0.0000e+00
      4.861      0.050   306.2448     6.7804     63.309 1.2368e-01     15.909     42.334  31.202365     4.7876     7.3916    11.8569   999.5556      6.912      4.766 0.0000e+00
      4.871      0.046   305.9361     6.7787     63.424 1.2368e-01     15.909     42.342  31.208019     4.7983     7.4168    11.8538   999.5560      6.927      4.777 0.0000e+00
      4.882      0.045   305.6691     6.7710     63.323 1.2374e-01     15.910     42.366  31.225226     4.7993     7.4360    11.8510   999.5564      6.944      4.788 0.0000e+00
      4.893      0.045   305.6844     6.7993     63.211 1.2374e-01     15.910     42.360  31.220078     4.7135     7.3837    11.8499   999.5566      6.958      4.798 0.0000e+00
      4.905      0.046   305.8629     6.8619     63.231 1.2373e-01     15.910     42.347  31.209213     4.5610     7.2313    11.8500   999.5566      6.976      4.810 0.0000e+00
      4.919      0.048   306.1069     6.8659     63.363 1.2373e-01     15.910     42.364  31.220758     4.4912     7.1728    11.8495   999.5567      6.999      4.825 0.0000e+00
      4.930      0.051   306.2254     6.8470     63.478 1.2376e-01     15.909     42.381  31.232775     4.4997     7.1908    11.8487   999.5569      7.012      4.835 0.0000e+00
      4.940      0.055   306.0915     6.8292     63.583 1.2378e-01     15.908     42.374  31.227618     4.5012     7.1738    11.8478   999.5570      7.023      4.842 0.0000e+00
      4.955      0.060   305.9507     6.8301     63.709 1.2376e-01     15.909     42.367  31.221851     4.4895     7.1391    11.8466   999.5572      7.046      4.859 0.0000e+00
      4.972      0.064   305.8992     6.8562     63.800 1.2369e-01     15.909     42.374  31.226484     4.4733     7.1149    11.8455   999.5574      7.073      4.877 0.0000e+00
      4.989      0.066   305.7267     6.8643     63.851 1.2364e-01     15.908     42.367  31.220198     4.4670     7.1568    11.8451   999.5575      7.095      4.892 0.0000e+00
      5.008      0.064   305.5857     6.8728     63.876 1.2371e-01     15.908     42.353  31.209286     4.4715     7.1993    11.8447   999.5577      7.119      4.908 0.0000e+00
      5.029      0.060   305.6575     6.8932     63.904 1.2376e-01     15.908     42.372  31.221446     4.4705     7.1472    11.8441   999.5578      7.156      4.934 0.0000e+00
      5.046      0.057   305.7345     6.9000     63.940 1.2372e-01     15.908     42.398  31.240327     4.4640     7.0765    11.8436   999.5580      7.183      4.953 0.0000e+00
      5.054      0.056   305.7419     6.9066     63.944 1.2371e-01     15.909     42.408  31.247239     4.4599     7.0653    11.8425   999.5582      7.188      4.956 0.0000e+00
      5.062      0.056   305.8324     6.9083     63.942 1.2370e-01     15.909     42.401  31.241566     4.4597     7.0807    11.8409   999.5583      7.195      4.961 0.0000e+00
      5.074      0.059   305.9691     6.9091     63.935 1.2367e-01     15.909     42.392  31.235184     4.4608     7.1251    11.8391   999.5586      7.214      4.974 0.0000e+00
      5.092      0.065   305.8469     6.9193     63.912 1.2369e-01     15.910     42.389  31.233520     4.4633     7.2250    11.8384   999.5588      7.240      4.992 0.0000e+00
      5.112      0.074   305.5586     6.9149     63.911 1.2374e-01     15.910     42.374  31.221446     4.4708     7.3272    11.8383   999.5589      7.270      5.013 0.0000e+00
      5.133      0.082   305.7531     6.9152     63.926 1.2376e-01     15.910     42.368  31.216084     4.4760     7.3990    11.8382   999.5590      7.301      5.034 0.0000e+00
      5.154      0.087   306.3919     6.9176     63.938 1.2371e-01     15.910     42.391  31.232129     4.4775     7.3717    11.8388   999.5590      7.329      5.053 0.0000e+00
      5.176      0.088   306.6559     6.9093     63.925 1.2367e-01     15.909     42.384  31.225113     4.4796     7.2376    11.8384   999.5592      7.361      5.075 0.0000e+00
      5.201      0.085   306.6226     6.9130     63.903 1.2367e-01     15.908     42.344  31.194696     4.4735     7.1514    11.8371   999.5594      7.396      5.099 0.0000e+00
      5.227      0.084   308.3129     6.9137     63.913 1.2368e-01     15.908     42.328  31.181582     4.4702     7.1870    11.8364   999.5596      7.434      5.127 0.0000e+00
      5.249      0.085   312.1223     6.9167     63.928 1.2365e-01     15.908     42.346  31.193437     4.4774     7.3594    11.8350   999.5599      7.473      5.153 0.0000e+00
      5.264      0.088   314.7382     6.9170     63.979 1.2363e-01     15.908     42.371  31.211147     4.4839     7.5874    11.8333   999.5602      7.490      5.164 0.0000e+00
      5.278      0.089   314.9903     6.9079     64.067 1.2366e-01     15.909     42.364  31.205369     4.4829     7.6438    11.8321   999.5603      7.498      5.169 0.0000e+00
      5.302      0.086   313.7077     6.9162     64.122 1.2364e-01     15.910     42.339  31.187026     4.4742     7.5604    11.8306   999.5606      7.535      5.195 0.0000e+00
      5.336      0.081   311.0174     6.9135     64.145 1.2366e-01     15.910     42.330  31.179700     4.5124     7.5062    11.8288   999.5610      7.592      5.234 0.0000e+00
      5.366      0.076   308.7041     6.9177     64.158 1.2372e-01     15.910     42.332  31.180229     4.5922     7.4688    11.8275   999.5613      7.641      5.267 0.0000e+00
      5.383      0.070   307.8503     6.9354     64.230 1.2371e-01     15.909     42.351  31.193428     4.6092     7.4174    11.8271   999.5614      7.663      5.283 0.0000e+00
      5.389      0.062   307.5774     6.9359     64.353 1.2370e-01     15.908     42.377  31.212394     4.5649     7.3654    11.8272   999.5614      7.665      5.285 0.0000e+00
      5.396      0.056   307.3830     6.9423     64.473 1.2370e-01     15.908     42.386  31.219211     4.4289     7.3212    11.8264   999.5615      7.669      5.288 0.0000e+00
      5.410      0.052   307.2200     6.9376     64.624 1.2366e-01     15.908     42.376  31.212404     4.2141     7.2603    11.8251   999.5617      7.692      5.304 0.0000e+00
      5.428      0.052   307.1559     6.9452     64.759 1.2369e-01     15.909     42.350  31.193533     4.1141     7.2130    11.8247   999.5619      7.722      5.324 0.0000e+00
      5.446      0.052   307.1243     6.9663     64.865 1.2374e-01     15.910     42.334  31.181374     4.1160     7.1959    11.8246   999.5620      7.747      5.341 0.0000e+00
      5.460      0.052   307.0093     6.9702     64.971 1.2367e-01     15.911     42.349  31.192284     4.1129     7.1560    11.8247   999.5620      7.769      5.357 0.0000e+00
      5.470      0.052   306.8838     6.9939     65.031 1.2357e-01     15.911     42.358  31.198562     4.1909     7.1776    11.8250   999.5620      7.781      5.365 0.0000e+00
      5.479      0.054   306.8980     7.0086     65.076 1.2358e-01     15.910     42.351  31.193833     4.3634     7.3192    11.8253   999.5620      7.788      5.371 0.0000e+00
      5.491      0.058   307.0090     7.0145     65.136 1.2368e-01     15.910     42.358  31.198552     4.4724     7.4610    11.8252   999.5621      7.807      5.383 0.0000e+00
      5.506      0.060   307.0220     7.0335     65.176 1.2373e-01     15.910     42.349  31.192163     4.4875     7.4842    11.8246   999.5622      7.831      5.399 0.0000e+00
      5.526      0.060   306.9691     7.0358     65.179 1.2368e-01     15.909     42.333  31.180042     4.5177     7.4287    11.8246   999.5624      7.856      5.418 0.0000e+00
      5.549      0.058   306.9716     7.0383     65.099 1.2362e-01     15.909     42.332  31.178889     4.5804     7.4412    11.8249   999.5624      7.895      5.444 0.0000e+00
      5.567      0.055   306.9661     7.0494     64.909 1.2360e-01     15.909     42.332  31.178216     4.6160     7.4637    11.8246   999.5625      7.926      5.464 0.0000e+00
      5.575      0.051   306.8171     7.0512     64.673 1.2363e-01     15.909     42.325  31.171899     4.6245     7.4267    11.8242   999.5626      7.930      5.469 0.0000e+00
      5.579      0.048   306.7185     7.0554     64.483 1.2366e-01     15.909     42.319  31.165959     4.6062     7.4057    11.8241   999.5626      7.931      5.468 0.0000e+00
      5.589      0.047   306.8058     7.0484     64.373 1.2366e-01     15.909     42.326  31.169841     4.5566     7.4157    11.8234   999.5627      7.947      5.479 0.0000e+00
      5.604      0.049   306.8396     7.0245     64.325 1.2367e-01     15.909     42.308  31.155390     4.5304     7.4445    11.8226   999.5629      7.972      5.496 0.0000e+00
