Data/DataNotYetUploadedToEDI/Raw_CTD/RawDownloads/110424_bvr50_S8188001.cnv
* Sea-Bird SBE19plus  Data File:
* FileName = C:\R\Reservoirs\Data\DataNotYetUploadedToEDI\Raw_CTD\RawDownloads\110424_bvr50_S8188_0001.hex
* Software version 2.8.0.119
* Temperature SN = 8188
* Conductivity SN = 8188
* System UpLoad Time = Nov 05 2024 10:23:45
* <ApplicationData>
* <Seaterm232>
# nquan = 16
# nvalues = 2432                        
# units = specified
# name 0 = depFM: Depth [fresh water, m]
# name 1 = dz/dtM: Descent Rate [m/s]
# name 2 = sbeox0Mg/L: Oxygen, SBE 43 [mg/l]
# name 3 = sbeox0PS: Oxygen, SBE 43 [% saturation]
# name 4 = specc: Specific Conductance [uS/cm]
# name 5 = c0uS/cm: Conductivity [uS/cm]
# name 6 = wetCDOM: Fluorescence, WET Labs CDOM [mg/m^3]
# name 7 = flECO-AFL: Fluorescence, WET Labs ECO-AFL/FL [mg/m^3]
# name 8 = flECO-AFL1: Fluorescence, WET Labs ECO-AFL/FL, 2 [mg/m^3]
# name 9 = flECO-AFL2: Fluorescence, WET Labs ECO-AFL/FL, 3 [mg/m^3]
# name 10 = par/sat/log: PAR/Logarithmic, Satlantic
# name 11 = turbWETntu0: Turbidity, WET Labs ECO [NTU]
# name 12 = prdM: Pressure, Strain Gauge [db]
# name 13 = prdE: Pressure, Strain Gauge [psi]
# name 14 = tv290C: Temperature [ITS-90, deg C]
# name 15 = flag:  0.000e+00
# span 0 =     -0.635,      9.877       
# span 1 =     -0.231,      0.147       
# span 2 =    -2.4110,    10.9792       
# span 3 =    -22.918,    107.374       
# span 4 =   -610.431,    263.251       
# span 5 =-457.439902, 187.312116       
# span 6 =    -7.2900,    61.2900       
# span 7 =    -2.3102,     4.9722       
# span 8 =    -2.1300,     0.5112       
# span 9 =    -3.0033,     1.0575       
# span 10 = 1.1590e-01, 1.3551e+03      
# span 11 =    -2.0015,    79.2712      
# span 12 =     -0.622,      9.685      
# span 13 =     -0.902,     14.048      
# span 14 =    10.5656,    14.4380      
# span 15 = 0.0000e+00, 0.0000e+00      
# interval = seconds: 0.25
# start_time = Nov 04 2024 11:38:52 [Instrument's time stamp, header]
# bad_flag = -9.990e-29
*END*
[from data line 2260]
      4.602     -0.182     7.0185     70.530     49.977  38.926227    28.8900     3.2632     0.2130     0.6345 2.4035e+00     4.5850      4.513      6.545    13.8939 0.0000e+00
      4.555     -0.176     7.1776     69.975     48.377  37.702345    28.8900     3.2364     0.2130     0.6345 2.5772e+00     4.4188      4.466      6.478    13.8966 0.0000e+00
      4.511     -0.168     7.2720     69.298     46.744  36.455053    28.8900     3.4844     0.1704     0.5922 2.5660e+00     4.3433      4.423      6.415    13.9074 0.0000e+00
      4.470     -0.159     7.3015     68.709     45.419  35.447427    28.8900     3.4920     0.1704     0.5922 2.7075e+00     4.3130      4.383      6.357    13.9247 0.0000e+00
      4.431     -0.152     7.2765     68.364     44.440  34.707604    28.8900     3.4653     0.1704     0.5922 2.8363e+00     4.3130      4.345      6.302    13.9458 0.0000e+00
      4.394     -0.148     7.2156     68.335     43.652  34.112001    28.8900     3.4577     0.1704     0.5922 2.8265e+00     4.2828      4.309      6.250    13.9695 0.0000e+00
      4.359     -0.147     7.1416     68.632     42.936  33.567529    28.7100     3.2975     0.1704     0.6345 2.8228e+00     5.2345      4.275      6.200    13.9961 0.0000e+00
      4.324     -0.150     7.0766     69.203     42.384  33.146109    28.7100     3.3013     0.1704     0.6345 2.7923e+00     5.4007      4.240      6.150    14.0244 0.0000e+00
      4.287     -0.154     7.0368     69.946     42.130  32.954469    28.7100     3.2708     0.1704     0.6345 2.9617e+00     5.2496      4.204      6.097    14.0509 0.0000e+00
      4.247     -0.159     7.0305     70.733     41.985  32.843905    28.7100     3.3242     0.1704     0.6345 3.1236e+00     5.2950      4.164      6.040    14.0726 0.0000e+00
      4.204     -0.163     7.0586     71.454     41.684  32.609651    28.7100     2.9847     0.1704     0.6345 3.3888e+00     4.7964      4.122      5.979    14.0889 0.0000e+00
      4.159     -0.163     7.1154     72.033     41.182  32.219118    28.7100     2.9770     0.2130     0.5922 3.6590e+00     4.8115      4.078      5.915    14.1005 0.0000e+00
      4.114     -0.160     7.1906     72.426     40.468  31.665766    28.7100     2.9923     0.2130     0.5922 3.9610e+00     4.7662      4.035      5.852    14.1079 0.0000e+00
      4.072     -0.153     7.2710     72.613     39.516  30.929511    28.7100     3.0037     0.2130     0.5922 4.1986e+00     4.7058      3.993      5.792    14.1112 0.0000e+00
      4.033     -0.142     7.3449     72.607     38.454  30.110785    28.7100     3.1449     0.2130     0.5922 4.2031e+00     6.4884      3.955      5.737    14.1126 0.0000e+00
      3.999     -0.130     7.4040     72.470     37.491  29.371664    28.6200     3.1563     0.1704     0.6345 4.3396e+00     6.5337      3.921      5.688    14.1156 0.0000e+00
      3.968     -0.118     7.4433     72.289     36.696  28.763996    28.6200     3.1945     0.1704     0.6345 4.5029e+00     6.4733      3.891      5.643    14.1223 0.0000e+00
      3.940     -0.107     7.4606     72.161     36.065  28.283061    28.6200     3.1869     0.1704     0.6345 4.4552e+00     6.4582      3.864      5.604    14.1338 0.0000e+00
      3.915     -0.099     7.4574     72.161     35.642  27.963902    28.6200     3.4882     0.1704     0.6345 4.4281e+00     6.0050      3.840      5.569    14.1503 0.0000e+00
      3.893     -0.094     7.4401     72.320     35.448  27.820979    28.6200     3.4882     0.1704     0.6345 4.4013e+00     6.0654      3.818      5.537    14.1704 0.0000e+00
      3.871     -0.094     7.4182     72.629     35.459  27.836093    28.6200     3.4882     0.1704     0.6345 4.3860e+00     5.9596      3.797      5.507    14.1909 0.0000e+00
      3.849     -0.097     7.4020     73.039     35.652  27.989380    28.6200     3.4768     0.1704     0.6345 4.3660e+00     6.0050      3.775      5.476    14.2100 0.0000e+00
      3.826     -0.104     7.3993     73.472     35.964  28.232103    28.6200     3.4844     0.1704     0.6345 4.3975e+00     3.8145      3.752      5.442    14.2265 0.0000e+00
      3.799     -0.113     7.4134     73.845     36.255  28.455739    28.6200     3.4806     0.1704     0.6345 4.5235e+00     3.7390      3.726      5.405    14.2397 0.0000e+00
      3.769     -0.124     7.4437     74.102     36.421  28.580524    28.6200     3.4997     0.1278     0.6768 4.7429e+00     3.8296      3.697      5.362    14.2481 0.0000e+00
      3.736     -0.133     7.4853     74.204     36.486  28.625793    28.6200     3.5035     0.1278     0.6768 4.9816e+00     3.9958      3.663      5.314    14.2508 0.0000e+00
      3.699     -0.141     7.5301     74.132     36.463  28.603617    28.6200     3.2288     0.1278     0.6768 5.3555e+00     5.0381      3.627      5.261    14.2481 0.0000e+00
      3.660     -0.145     7.5694     73.898     36.319  28.488170    28.6200     3.2288     0.1278     0.6768 5.7199e+00     4.9777      3.589      5.206    14.2413 0.0000e+00
      3.620     -0.145     7.5972     73.542     36.038  28.268578    28.6200     3.2364     0.1704     0.6345 6.1332e+00     5.0381      3.550      5.149    14.2329 0.0000e+00
      3.581     -0.142     7.6089     73.129     35.638  27.957976    28.6200     3.2212     0.1704     0.6345 6.5108e+00     5.0381      3.512      5.094    14.2251 0.0000e+00
      3.545     -0.136     7.6026     72.719     35.231  27.644798    28.6200     3.5149     0.1704     0.6345 6.8193e+00     5.2950      3.476      5.042    14.2194 0.0000e+00
      3.511     -0.130     7.5790     72.351     34.967  27.444664    28.6200     3.4806     0.1704     0.6345 6.9118e+00     5.3101      3.443      4.994    14.2164 0.0000e+00
      3.480     -0.127     7.5424     72.051     34.867  27.371912    28.6200     3.5073     0.1704     0.6345 6.8863e+00     5.1892      3.413      4.950    14.2172 0.0000e+00
      3.451     -0.127     7.4993     71.850     34.840  27.353375    28.6200     3.4730     0.1704     0.6345 6.7456e+00     5.3403      3.385      4.909    14.2222 0.0000e+00
      3.422     -0.131     7.4559     71.766     34.806  27.328356    28.6200     3.2136     0.1704     0.6345 6.5577e+00     5.2647      3.356      4.868    14.2308 0.0000e+00
      3.391     -0.140     7.4165     71.788     34.763  27.294164    28.6200     3.2403     0.1704     0.6345 6.6409e+00     5.3252      3.325      4.823    14.2405 0.0000e+00
      3.355     -0.151     7.3845     71.883     34.726  27.263587    28.6200     3.2784     0.1704     0.7191 6.9691e+00     5.3101      3.290      4.772    14.2483 0.0000e+00
      3.314     -0.161     7.3631     72.013     34.666  27.214531    28.6200     3.2288     0.1704     0.7191 7.5378e+00     5.3403      3.250      4.714    14.2530 0.0000e+00
      3.269     -0.169     7.3543     72.153     34.569  27.137897    28.6200     3.1029     0.1704     0.7191 8.2384e+00     4.8569      3.205      4.649    14.2546 0.0000e+00
      3.221     -0.172     7.3566     72.285     34.451  27.045110    28.6200     3.1220     0.1704     0.7191 8.9049e+00     4.7964      3.159      4.582    14.2541 0.0000e+00
      3.174     -0.171     7.3666     72.401     34.296  26.925366    28.6200     3.1067     0.1704     0.7191 9.5275e+00     4.6907      3.112      4.514    14.2521 0.0000e+00
      3.129     -0.165     7.3804     72.488     34.100  26.774612    28.5300     3.1144     0.1704     0.5499 9.9723e+00     4.7360      3.068      4.450    14.2496 0.0000e+00
      3.087     -0.157     7.3949     72.546     33.891  26.614375    28.5300     3.3089     0.1704     0.5499 1.0303e+01     4.2828      3.027      4.391    14.2479 0.0000e+00
      3.049     -0.149     7.4084     72.588     33.713  26.479587    28.5300     3.3089     0.1704     0.5499 1.0357e+01     4.2828      2.990      4.337    14.2482 0.0000e+00
      3.014     -0.143     7.4199     72.628     33.601  26.396031    28.5300     3.2937     0.1704     0.5499 1.0325e+01     4.3130      2.956      4.288    14.2507 0.0000e+00
      2.982     -0.142     7.4281     72.665     33.571  26.375277    28.5300     3.3051     0.1704     0.5499 1.0300e+01     4.4188      2.924      4.241    14.2555 0.0000e+00
      2.948     -0.144     7.4329     72.697     33.598  26.397852    28.5300     3.3585     0.1704     0.5499 1.0119e+01     4.2677      2.891      4.194    14.2622 0.0000e+00
      2.913     -0.150     7.4361     72.722     33.624  26.418005    28.5300     3.3585     0.1704     0.5499 1.0732e+01     4.2828      2.857      4.143    14.2695 0.0000e+00
      2.874     -0.157     7.4392     72.741     33.622  26.415223    28.5300     3.3585     0.1704     0.5499 1.1558e+01     4.4188      2.818      4.087    14.2756 0.0000e+00
      2.831     -0.163     7.4424     72.759     33.600  26.396731    28.6200     3.3662     0.1704     0.5499 1.2555e+01     4.3584      2.776      4.026    14.2796 0.0000e+00
      2.786     -0.165     7.4454     72.772     33.574  26.375516    28.6200     3.2937     0.1704     0.5499 1.3663e+01     4.6152      2.732      3.962    14.2814 0.0000e+00
      2.741     -0.164     7.4479     72.767     33.549  26.355879    28.6200     3.3089     0.1704     0.5499 1.4823e+01     4.5094      2.688      3.898    14.2812 0.0000e+00
      2.697     -0.158     7.4502     72.745     33.510  26.326609    28.6200     3.3242     0.1704     0.5499 1.5883e+01     4.5396      2.645      3.836    14.2794 0.0000e+00
      2.656     -0.149     7.4524     72.715     33.463  26.291849    28.6200     3.2899     0.1704     0.6345 1.6596e+01     4.4792      2.605      3.778    14.2773 0.0000e+00
      2.619     -0.139     7.4538     72.688     33.421  26.260248    28.6200     3.4615     0.1704     0.6345 1.7292e+01     4.0562      2.569      3.725    14.2760 0.0000e+00
      2.586     -0.130     7.4533     72.669     33.361  26.215417    28.6200     3.4844     0.1704     0.6345 1.7333e+01     3.9203      2.536      3.678    14.2762 0.0000e+00
      2.557     -0.124     7.4508     72.653     33.303  26.171286    28.6200     3.4806     0.1704     0.6345 1.7217e+01     4.1620      2.507      3.636    14.2780 0.0000e+00
      2.529     -0.122     7.4472     72.641     33.295  26.165867    28.6200     3.4959     0.1704     0.6345 1.7020e+01     4.0562      2.480      3.597    14.2809 0.0000e+00
      2.501     -0.124     7.4440     72.635     33.307  26.175811    28.5300     3.3433     0.1704     0.8460 1.6972e+01     4.2224      2.453      3.557    14.2840 0.0000e+00
      2.471     -0.130     7.4415     72.634     33.284  26.157973    28.5300     3.3852     0.1704     0.8460 1.7124e+01     4.2526      2.423      3.514    14.2868 0.0000e+00
      2.437     -0.138     7.4396     72.634     33.264  26.141446    28.5300     3.3814     0.1704     0.8460 1.8103e+01     4.3130      2.390      3.466    14.2890 0.0000e+00
      2.400     -0.146     7.4381     72.635     33.283  26.155674    28.5300     3.3738     0.1704     0.8460 1.9551e+01     4.3886      2.353      3.413    14.2905 0.0000e+00
      2.359     -0.151     7.4374     72.634     33.301  26.168609    28.6200     3.1487     0.1704     0.8460 2.1031e+01     4.1318      2.313      3.355    14.2912 0.0000e+00
      2.318     -0.153     7.4372     72.633     33.280  26.151840    28.6200     3.1525     0.1704     0.8460 2.2302e+01     3.9354      2.273      3.296    14.2911 0.0000e+00
      2.276     -0.150     7.4374     72.630     33.224  26.108862    28.6200     3.2136     0.1704     0.8460 2.3445e+01     4.0411      2.232      3.237    14.2903 0.0000e+00
      2.237     -0.144     7.4377     72.616     33.140  26.044144    28.6200     3.1792     0.1704     0.8460 2.5419e+01     4.0864      2.193      3.181    14.2889 0.0000e+00
      2.200     -0.136     7.4378     72.582     33.038  25.966312    28.6200     3.3394     0.1704     0.5922 2.5944e+01     4.0562      2.157      3.129    14.2876 0.0000e+00
      2.167     -0.128     7.4378     72.530     32.964  25.910365    28.6200     3.3471     0.1704     0.5922 2.6324e+01     4.0864      2.125      3.081    14.2872 0.0000e+00
      2.137     -0.121     7.4373     72.478     32.942  25.895234    28.6200     3.3471     0.1704     0.5922 2.6130e+01     4.0260      2.095      3.039    14.2882 0.0000e+00
      2.109     -0.117     7.4355     72.442     32.954  25.906928    28.6200     3.3471     0.1704     0.5922 2.5995e+01     3.9807      2.068      2.999    14.2908 0.0000e+00
      2.081     -0.117     7.4314     72.424     32.980  25.928653    28.7100     3.4424     0.1704     0.5499 2.5938e+01     4.0864      2.041      2.960    14.2945 0.0000e+00
      2.053     -0.121     7.4254     72.418     33.015  25.956248    28.7100     3.3967     0.1704     0.5499 2.6961e+01     4.0562      2.013      2.920    14.2983 0.0000e+00
      2.023     -0.128     7.4196     72.419     33.046  25.981142    28.7100     3.3929     0.1704     0.5499 2.6119e+01     4.0562      1.984      2.878    14.3016 0.0000e+00
      1.990     -0.137     7.4155     72.422     33.047  25.982097    28.7100     3.4310     0.1704     0.5499 2.7595e+01     4.1015      1.952      2.831    14.3040 0.0000e+00
      1.954     -0.145     7.4134     72.428     33.020  25.959367    28.7100     3.1869     0.1704     0.5499 2.9295e+01     3.9505      1.916      2.779    14.3056 0.0000e+00
      1.914     -0.152     7.4127     72.427     32.990  25.934768    28.6200     3.1754     0.1704     0.5922 3.1309e+01     4.0713      1.876      2.722    14.3065 0.0000e+00
      1.872     -0.156     7.4127     72.411     32.975  25.921651    28.6200     3.1830     0.1704     0.5922 3.6035e+01     3.9958      1.835      2.662    14.3068 0.0000e+00
      1.829     -0.156     7.4131     72.379     32.964  25.912537    28.6200     3.1563     0.1704     0.5922 3.6074e+01     4.1167      1.794      2.602    14.3065 0.0000e+00
      1.788     -0.152     7.4138     72.339     32.951  25.903003    28.6200     3.2364     0.1704     0.5922 3.7791e+01     3.9958      1.753      2.543    14.3052 0.0000e+00
      1.749     -0.147     7.4141     72.298     32.944  25.900464    28.6200     3.2021     0.1704     0.5922 4.0565e+01     3.9958      1.715      2.487    14.3032 0.0000e+00
      1.712     -0.140     7.4127     72.266     32.937  25.898268    28.6200     3.2555     0.1704     0.5922 4.0813e+01     4.0260      1.679      2.435    14.3014 0.0000e+00
      1.678     -0.135     7.4096     72.248     32.926  25.891849    28.6200     3.2364     0.1704     0.5922 4.1053e+01     4.0562      1.646      2.387    14.3007 0.0000e+00
      1.647     -0.133     7.4052     72.238     32.920  25.889450    28.6200     3.1869     0.1704     0.5922 3.9625e+01     4.0713      1.615      2.342    14.3022 0.0000e+00
      1.616     -0.135     7.4004     72.222     32.925  25.894414    28.7100     3.1602     0.1704     0.6345 3.9001e+01     4.0713      1.585      2.298    14.3059 0.0000e+00
      1.584     -0.142     7.3963     72.181     32.938  25.904082    28.7100     3.1525     0.1704     0.6345 3.9324e+01     4.0260      1.553      2.253    14.3106 0.0000e+00
      1.549     -0.151     7.3938     72.098     32.938  25.903112    28.7100     3.1716     0.1704     0.6345 4.0610e+01     4.0260      1.518      2.202    14.3150 0.0000e+00
      1.509     -0.162     7.3924     71.978     32.912  25.881289    28.7100     3.0686     0.1704     0.6345 4.4655e+01     4.0713      1.479      2.145    14.3181 0.0000e+00
      1.464     -0.172     7.3905     71.847     32.874  25.850716    28.7100     3.0572     0.1278     0.5922 4.3914e+01     4.1167      1.436      2.082    14.3195 0.0000e+00
      1.416     -0.179     7.3863     71.734     32.832  25.817176    28.7100     3.0686     0.1278     0.5922 5.0269e+01     4.1620      1.389      2.015    14.3193 0.0000e+00
      1.367     -0.181     7.3781     71.660     32.798  25.791638    28.7100     3.0457     0.1278     0.5922 5.2445e+01     4.0260      1.341      1.944    14.3178 0.0000e+00
