Data/DataNotYetUploadedToEDI/Raw_CTD/RawDownloads/110424_fcr50_S7809002.cnv
* Sea-Bird SBE19plus  Data File:
* FileName = C:\R\Reservoirs\Data\DataNotYetUploadedToEDI\Raw_CTD\RawDownloads\110424_fcr50_S7809_0002.hex
* Software version 2.8.0.119
* Temperature SN = 7809
* Conductivity SN = 7809
* System UpLoad Time = Nov 05 2024 10:36:18
* <ApplicationData>
* <Seaterm232>
# nquan = 15
# nvalues = 1528                        
# units = specified
# name 0 = depFM: Depth [fresh water, m]
# name 1 = dz/dtM: Descent Rate [m/s]
# name 2 = sbeox0Mg/L: Oxygen, SBE 43 [mg/l]
# name 3 = sbeox0PS: Oxygen, SBE 43 [% saturation]
# name 4 = specc: Specific Conductance [uS/cm]
# name 5 = c0uS/cm: Conductivity [uS/cm]
# name 6 = flECO-AFL: Fluorescence, WET Labs ECO-AFL/FL [mg/m^3]
# name 7 = ph: pH
# name 8 = orp: Oxidation Reduction Potential [mV]
# name 9 = par/sat/log: PAR/Logarithmic, Satlantic
# name 10 = turbWETntu0: Turbidity, WET Labs ECO [NTU]
# name 11 = prdM: Pressure, Strain Gauge [db]
# name 12 = prdE: Pressure, Strain Gauge [psi]
# name 13 = tv290C: Temperature [ITS-90, deg C]
# name 14 = flag:  0.000e+00
# span 0 =     -0.531,      9.564       
# span 1 =     -0.395,      0.204       
# span 2 =     1.4466,    12.1230       
# span 3 =     15.313,    118.111       
# span 4 =      4.129,    438.929       
# span 5 =   3.233144, 342.588604       
# span 6 =    -0.1338,     6.7265       
# span 7 =     -2.419,      8.025       
# span 8 =   214.5329,   875.1734       
# span 9 = 1.2366e-01, 6.3830e+02       
# span 10 =    -0.3211,    91.2849      
# span 11 =     -0.522,      9.379      
# span 12 =     -0.758,     13.603      
# span 13 =    14.0119,    14.5284      
# span 14 = 0.0000e+00, 0.0000e+00      
# interval = seconds: 0.25
# start_time = Nov 04 2024 14:00:16 [Instrument's time stamp, header]
# bad_flag = -9.990e-29
*END*
[from data line 97]
      0.159     -0.004     9.9825     95.064     42.937  33.814987     4.9047      7.663   261.4958 1.2473e+02     5.1587      0.156      0.225    14.3794 0.0000e+00
      0.159     -0.006     9.9695     94.038     42.872  33.762282     4.9211      7.665   261.2900 1.2428e+02     5.1910      0.155      0.225    14.3786 0.0000e+00
      0.161     -0.009     9.9171     93.108     42.794  33.698808     4.9418      7.668   261.0999 1.2438e+02     5.1018      0.160      0.232    14.3777 0.0000e+00
      0.160     -0.011     9.8245     92.316     42.774  33.681975     4.9731      7.672   261.0900 1.2618e+02     4.9349      0.159      0.230    14.3759 0.0000e+00
      0.154     -0.012     9.7166     91.685     42.781  33.685641     4.9994      7.676   261.3420 1.3021e+02     4.8807      0.152      0.220    14.3738 0.0000e+00
      0.145     -0.011     9.6073     91.241     42.775  33.679682     5.0100      7.678   261.4804 1.3351e+02     4.9586      0.142      0.205    14.3719 0.0000e+00
      0.140     -0.009     9.5118     90.958     42.770  33.673376     5.0107      7.681   261.4727 1.3426e+02     5.0226      0.135      0.196    14.3702 0.0000e+00
      0.140     -0.007     9.4315     90.797     42.771  33.672845     4.9656      7.683   261.5071 1.3408e+02     5.0398      0.136      0.198    14.3686 0.0000e+00
      0.143     -0.007     9.3645     90.753     42.773  33.673251     4.8724      7.685   261.4663 1.3246e+02     5.0986      0.141      0.204    14.3663 0.0000e+00
      0.145     -0.008     9.3218     90.838     42.781  33.678281     4.8150      7.688   261.5811 1.3119e+02     5.1528      0.144      0.208    14.3640 0.0000e+00
      0.144     -0.009     9.2951     91.075     42.771  33.670216     4.8211      7.690   261.9495 1.3436e+02     5.1826      0.143      0.207    14.3623 0.0000e+00
      0.138     -0.010     9.2783     91.468     42.731  33.639186     4.8221      7.693   262.1344 1.3986e+02     5.3225      0.136      0.198    14.3605 0.0000e+00
      0.130     -0.010     9.2748     91.965     42.707  33.620326     4.7774      7.697   262.1818 1.4407e+02     5.5122      0.127      0.184    14.3589 0.0000e+00
      0.125     -0.008     9.2812     92.442     42.721  33.632508     4.7383      7.699   262.1778 1.4498e+02     5.6311      0.120      0.174    14.3581 0.0000e+00
      0.124     -0.003     9.3064     92.765     42.755  33.659593     4.7402      7.701   262.0007 1.4241e+02     5.7009      0.121      0.175    14.3578 0.0000e+00
      0.128      0.002     9.3468     92.807     42.798  33.694026     4.7677      7.703   262.0192 1.4002e+02     5.6049      0.125      0.182    14.3577 0.0000e+00
      0.132      0.005     9.4036     92.564     42.843  33.731617     4.7955      7.706   262.4007 1.3907e+02     5.3592      0.129      0.188    14.3582 0.0000e+00
      0.135      0.006     9.4569     92.240     42.843  33.733439     4.7935      7.710   262.7419 1.3858e+02     5.1891      0.132      0.191    14.3592 0.0000e+00
      0.135      0.005     9.4935     91.945     42.818  33.716055     4.7766      7.712   262.7895 1.3852e+02     5.1540      0.133      0.192    14.3597 0.0000e+00
      0.135      0.004     9.5038     91.715     42.811  33.711769     4.7915      7.713   262.8040 1.3821e+02     5.2073      0.133      0.192    14.3605 0.0000e+00
      0.136      0.002     9.4619     91.585     42.772  33.681622     4.8233      7.716   262.9171 1.3735e+02     5.2187      0.133      0.193    14.3624 0.0000e+00
      0.136      0.001     9.4285     91.527     42.755  33.668774     4.8365      7.718   262.9532 1.3701e+02     5.1216      0.134      0.194    14.3650 0.0000e+00
      0.137      0.001     9.3971     91.501     42.774  33.683311     4.8432      7.720   263.0687 1.3711e+02     5.0930      0.134      0.194    14.3677 0.0000e+00
      0.137      0.001     9.3695     91.457     42.753  33.667056     4.8460      7.723   263.2807 1.3679e+02     5.1790      0.134      0.194    14.3696 0.0000e+00
      0.137      0.001     9.3598     91.374     42.748  33.662566     4.8537      7.725   263.2793 1.3684e+02     5.2400      0.134      0.195    14.3706 0.0000e+00
      0.137      0.000     9.3532     91.274     42.785  33.692464     4.8613      7.727   263.1377 1.3757e+02     5.2146      0.135      0.196    14.3705 0.0000e+00
      0.137      0.000     9.3544     91.228     42.809  33.711326     4.8463      7.730   263.1174 1.3770e+02     5.1458      0.135      0.195    14.3701 0.0000e+00
      0.137      0.001     9.3492     91.295     42.795  33.700301     4.8298      7.732   263.1195 1.3738e+02     5.1259      0.135      0.196    14.3701 0.0000e+00
      0.136      0.004     9.3414     91.484     42.777  33.686049     4.8370      7.733   263.0779 1.3750e+02     5.1796      0.134      0.194    14.3700 0.0000e+00
      0.136      0.006     9.3271     91.729     42.753  33.665893     4.8594      7.736   263.1302 1.3675e+02     5.2484      0.132      0.191    14.3702 0.0000e+00
      0.138      0.009     9.3206     91.963     42.731  33.646926     4.8671      7.738   263.1501 1.3405e+02     5.2404      0.134      0.193    14.3705 0.0000e+00
      0.143      0.011     9.3263     92.143     42.733  33.647059     4.8466      7.740   263.1456 1.3130e+02     5.1845      0.141      0.204    14.3707 0.0000e+00
      0.148      0.011     9.3489     92.217     42.759  33.667503     4.8529      7.742   263.1629 1.3031e+02     5.1877      0.147      0.213    14.3708 0.0000e+00
      0.151      0.011     9.3774     92.157     42.804  33.703772     4.9020      7.743   262.9283 1.2932e+02     5.2449      0.147      0.214    14.3694 0.0000e+00
      0.153      0.010     9.4018     92.000     42.805  33.704915     4.9236      7.746   262.6325 1.2721e+02     5.2949      0.149      0.216    14.3664 0.0000e+00
      0.155      0.008     9.4237     91.826     42.775  33.681321     4.9066      7.749   262.5975 1.2617e+02     5.2801      0.153      0.222    14.3650 0.0000e+00
      0.156      0.006     9.4320     91.663     42.763  33.672278     4.8626      7.749   262.7631 1.2607e+02     5.2025      0.153      0.223    14.3655 0.0000e+00
      0.157      0.005     9.4248     91.499     42.747  33.659027     4.8163      7.750   262.9148 1.2476e+02     5.1759      0.153      0.222    14.3662 0.0000e+00
      0.158      0.004     9.4042     91.326     42.734  33.647988     4.8045      7.752   262.8825 1.2313e+02     5.2323      0.155      0.225    14.3665 0.0000e+00
      0.160      0.004     9.3855     91.072     42.758  33.665707     4.7954      7.754   262.7162 1.2281e+02     5.2694      0.157      0.229    14.3671 0.0000e+00
      0.160      0.005     9.3709     90.654     42.780  33.682931     4.7479      7.756   262.4529 1.2315e+02     5.2486      0.158      0.228    14.3672 0.0000e+00
      0.160      0.006     9.3521     90.076     42.759  33.665901     4.6871      7.757   262.2801 1.2333e+02     5.1864      0.157      0.227    14.3666 0.0000e+00
      0.160      0.009     9.3386     89.393     42.739  33.650126     4.6678      7.759   262.3477 1.2280e+02     5.1655      0.157      0.228    14.3654 0.0000e+00
      0.162      0.012     9.3172     88.658     42.780  33.682539     4.6888      7.762   262.5824 1.2053e+02     5.2353      0.158      0.230    14.3641 0.0000e+00
      0.166      0.014     9.2735     87.905     42.854  33.740575     4.7500      7.764   262.7942 1.1671e+02     5.2446      0.163      0.236    14.3632 0.0000e+00
      0.172      0.014     9.2121     87.167     42.906  33.780841     4.8261      7.765   262.8438 1.1256e+02     5.1073      0.169      0.245    14.3631 0.0000e+00
      0.179      0.013     9.1402     86.474     42.918  33.788714     4.8435      7.766   262.8382 1.0914e+02     4.9419      0.176      0.255    14.3635 0.0000e+00
      0.184      0.010     9.0644     85.851     42.898  33.772321     4.8347      7.767   262.8987 1.0778e+02     4.8843      0.181      0.264    14.3636 0.0000e+00
      0.185      0.006     8.9855     85.272     42.899  33.772972     4.8445      7.768   263.0588 1.0886e+02     4.9228      0.183      0.266    14.3631 0.0000e+00
      0.183      0.003     8.9102     84.692     42.930  33.796585     4.8791      7.769   263.2256 1.1045e+02     4.9298      0.179      0.260    14.3620 0.0000e+00
      0.182      0.001     8.8373     84.088     42.942  33.804036     4.9453      7.771   263.2807 1.1078e+02     4.9007      0.177      0.257    14.3609 0.0000e+00
      0.182      0.000     8.7754     83.469     42.939  33.799621     4.9871      7.772   263.2945 1.1002e+02     4.9118      0.178      0.259    14.3605 0.0000e+00
      0.183      0.000     8.7188     82.876     42.950  33.806637     5.0008      7.774   263.3928 1.0907e+02     4.9613      0.179      0.260    14.3601 0.0000e+00
      0.184      0.001     8.6594     82.325     42.977  33.825425     5.0201      7.776   263.5227 1.0862e+02     4.9531      0.180      0.261    14.3590 0.0000e+00
      0.184      0.001     8.5991     81.790     42.993  33.836441     5.0209      7.778   263.5750 1.0867e+02     4.8813      0.180      0.262    14.3570 0.0000e+00
      0.183      0.000     8.5328     81.253     42.965  33.812945     5.0018      7.780   263.6807 1.0891e+02     4.8793      0.180      0.261    14.3547 0.0000e+00
      0.183 1.8461e-08     8.4729     80.740     42.944  33.795122     4.9971      7.781   263.9398 1.0912e+02     4.9287      0.180      0.261    14.3522 0.0000e+00
      0.183 2.0308e-07     8.4180     80.276     42.967  33.811272     5.0399      7.782   264.1270 1.0909e+02     4.9661      0.179      0.260    14.3500 0.0000e+00
      0.183 2.0308e-07     8.3648     79.841     42.977  33.817882     5.1112      7.783   264.2227 1.0892e+02     4.9904      0.179      0.260    14.3480 0.0000e+00
      0.183 1.8461e-08     8.3090     79.421     42.970  33.811585     5.1428      7.786   264.3218 1.0902e+02     4.9493      0.179      0.260    14.3459 0.0000e+00
      0.183 1.6753e-09     8.2545     79.019     42.955  33.798583     5.1388      7.789   264.2930 1.0896e+02     4.9119      0.179      0.260    14.3440 0.0000e+00
      0.183 1.1924e-10     8.2100     78.655     42.941  33.787566     5.1462      7.790   264.2191 1.0857e+02     4.9488      0.180      0.261    14.3423 0.0000e+00
      0.183 -3.528e-10     8.1653     78.319     42.965  33.805276     5.1575      7.790   264.4615 1.0853e+02     4.9848      0.179      0.260    14.3410 0.0000e+00
      0.183 -4.032e-09     8.1236     78.020     42.987  33.822380     5.1595      7.791   264.9001 1.0868e+02     4.9719      0.179      0.260    14.3398 0.0000e+00
      0.183 -4.436e-08     8.0801     77.754     42.965  33.804029     5.1449      7.792   265.0479 1.0869e+02     4.9298      0.179      0.260    14.3387 0.0000e+00
      0.183 -4.880e-07     8.0448     77.448     42.927  33.773726     5.1136      7.793   264.9581 1.0865e+02     4.9539      0.180      0.261    14.3380 0.0000e+00
      0.183      0.000     8.0105     77.127     42.927  33.773215     5.0967      7.794   264.9334 1.0874e+02     5.0241      0.180      0.261    14.3371 0.0000e+00
      0.183      0.000     7.9769     76.836     42.958  33.797845     5.0909      7.796   265.0074 1.0889e+02     4.9929      0.180      0.261    14.3365 0.0000e+00
      0.183     -0.001     7.9575     76.547     42.984  33.817747     5.0856      7.798   265.1648 1.0888e+02     4.9181      0.180      0.261    14.3361 0.0000e+00
      0.183     -0.002     7.9229     76.265     42.992  33.823513     5.0825      7.800   265.3733 1.0886e+02     4.9048      0.180      0.261    14.3355 0.0000e+00
      0.183     -0.004     7.8867     75.995     42.968  33.804122     5.0703      7.801   265.5489 1.0909e+02     4.9357      0.180      0.261    14.3353 0.0000e+00
      0.182     -0.005     7.8612     75.724     42.930  33.773621     5.0547      7.802   265.6544 1.1030e+02     4.9839      0.180      0.261    14.3350 0.0000e+00
      0.180     -0.005     7.8296     75.471     42.928  33.771948     5.0351      7.803   265.6156 1.1213e+02     4.9754      0.177      0.256    14.3346 0.0000e+00
      0.177     -0.003     7.8005     75.231     42.943  33.783889     5.0158      7.804   265.7690 1.1316e+02     4.9354      0.173      0.250    14.3342 0.0000e+00
      0.175      0.000     7.7753     74.973     42.953  33.791109     4.9802      7.806   269.3151 1.1322e+02     4.9443      0.171      0.248    14.3335 0.0000e+00
      0.175      0.004     7.7448     74.723     42.959  33.795801     4.9292      7.807   273.3016 1.1219e+02     4.9461      0.171      0.248    14.3328 0.0000e+00
      0.177      0.008     7.7201     74.542     42.935  33.777183     4.9152      7.809   271.2084 1.1012e+02     4.9575      0.173      0.251    14.3323 0.0000e+00
      0.182      0.013     7.6973     74.422     42.909  33.756337     4.9199      7.810   268.0106 1.0755e+02     4.9800      0.177      0.258    14.3318 0.0000e+00
      0.187      0.022     7.6700     74.321     42.879  33.734087     4.9362      7.811   267.4191 1.0540e+02     4.9102      0.184      0.267    14.3317 0.0000e+00
      0.190      0.035     7.6406     74.294     42.831  33.698484     4.9790      7.813   267.1532 1.0460e+02     4.8313      0.188      0.272    14.3319 0.0000e+00
      0.194      0.048     7.6227     74.529     42.756  33.643089     5.0043      7.813   267.0319 1.0262e+02     4.8794      0.188      0.273    14.3319 0.0000e+00
      0.204      0.057     7.6142     75.447     42.659  33.571884     5.0091      7.812   267.0715 9.6624e+01     4.9803      0.194      0.281    14.3316 0.0000e+00
      0.227      0.062     7.6013     77.851     42.605  33.535442     4.9696      7.811   267.1157 8.8506e+01     4.9917      0.219      0.317    14.3320 0.0000e+00
      0.257      0.062     7.5917     82.365     42.578  33.519699     4.8855      7.811   267.1367 8.1374e+01     4.9489      0.257      0.372    14.3346 0.0000e+00
      0.279      0.058     7.6040     88.647     42.559  33.508424     4.8490      7.811   267.1535 7.6671e+01     4.9753      0.279      0.405    14.3389 0.0000e+00
      0.289      0.051     7.6648     95.817     42.579  33.526006     4.8690      7.811   266.9740 7.4701e+01     5.0375      0.286      0.415    14.3449 0.0000e+00
      0.293      0.041     7.8713    102.946     42.597  33.541953     4.8951      7.812   266.7731 7.3796e+01     5.0516      0.288      0.417    14.3534 0.0000e+00
      0.297      0.034     8.3551    109.118     42.557  33.510913     4.9064      7.813   266.8760 7.2960e+01     5.0098      0.291      0.421    14.3603 0.0000e+00
      0.305      0.030     9.0330    113.807     42.502  33.467922     4.8972      7.813   267.0140 7.3340e+01     4.9409      0.298      0.432    14.3637 0.0000e+00
      0.316      0.028     9.7925    116.809     42.500  33.466257     4.9005      7.813   267.0650 7.4743e+01     4.9363      0.309      0.450    14.3660 0.0000e+00
      0.326      0.025    10.5640    118.111     42.532  33.490783     4.9132      7.814   267.2336 7.6400e+01     4.9543      0.321      0.466    14.3679 0.0000e+00
      0.334      0.020    11.2079    118.071     42.557  33.510684     4.9090      7.815   267.3324 7.8137e+01     4.9885      0.330      0.479    14.3691 0.0000e+00
      0.337      0.014    11.6927    117.256     42.565  33.516554     4.9080      7.816   267.2260 7.9258e+01     5.1102      0.332      0.482    14.3689 0.0000e+00
      0.336      0.008    12.0050    116.089     42.543  33.498317     4.9093      7.817   267.1519 7.9516e+01     5.1624      0.330      0.477    14.3684 0.0000e+00
      0.335      0.003    12.1230    114.857     42.521  33.480504     4.9079      7.818   267.1249 7.8804e+01     5.1411      0.327      0.475    14.3683 0.0000e+00
