Data/DataNotYetUploadedToEDI/Raw_CTD/RawDownloads/110424_fcr50_S7809002.cnv
* Sea-Bird SBE19plus  Data File:
* FileName = C:\R\Reservoirs\Data\DataNotYetUploadedToEDI\Raw_CTD\RawDownloads\110424_fcr50_S7809_0002.hex
* Software version 2.8.0.119
* Temperature SN = 7809
* Conductivity SN = 7809
* System UpLoad Time = Nov 05 2024 10:36:18
* <ApplicationData>
* <Seaterm232>
# nquan = 15
# nvalues = 1528                        
# units = specified
# name 0 = depFM: Depth [fresh water, m]
# name 1 = dz/dtM: Descent Rate [m/s]
# name 2 = sbeox0Mg/L: Oxygen, SBE 43 [mg/l]
# name 3 = sbeox0PS: Oxygen, SBE 43 [% saturation]
# name 4 = specc: Specific Conductance [uS/cm]
# name 5 = c0uS/cm: Conductivity [uS/cm]
# name 6 = flECO-AFL: Fluorescence, WET Labs ECO-AFL/FL [mg/m^3]
# name 7 = ph: pH
# name 8 = orp: Oxidation Reduction Potential [mV]
# name 9 = par/sat/log: PAR/Logarithmic, Satlantic
# name 10 = turbWETntu0: Turbidity, WET Labs ECO [NTU]
# name 11 = prdM: Pressure, Strain Gauge [db]
# name 12 = prdE: Pressure, Strain Gauge [psi]
# name 13 = tv290C: Temperature [ITS-90, deg C]
# name 14 = flag:  0.000e+00
# span 0 =     -0.531,      9.564       
# span 1 =     -0.395,      0.204       
# span 2 =     1.4466,    12.1230       
# span 3 =     15.313,    118.111       
# span 4 =      4.129,    438.929       
# span 5 =   3.233144, 342.588604       
# span 6 =    -0.1338,     6.7265       
# span 7 =     -2.419,      8.025       
# span 8 =   214.5329,   875.1734       
# span 9 = 1.2366e-01, 6.3830e+02       
# span 10 =    -0.3211,    91.2849      
# span 11 =     -0.522,      9.379      
# span 12 =     -0.758,     13.603      
# span 13 =    14.0119,    14.5284      
# span 14 = 0.0000e+00, 0.0000e+00      
# interval = seconds: 0.25
# start_time = Nov 04 2024 14:00:16 [Instrument's time stamp, header]
# bad_flag = -9.990e-29
*END*
[from data line 386]
      0.347 4.9297e-13    11.2349    110.054     42.498  33.478495     5.5265      7.968   275.1518 8.1723e+01     4.9472      0.340      0.493    14.3852 0.0000e+00
      0.348 5.3184e-12    11.2359    110.099     42.513  33.489397     5.5360      7.968   275.2736 8.1637e+01     4.9310      0.341      0.494    14.3850 0.0000e+00
      0.348 5.8493e-11    11.2368    110.139     42.505  33.483100     5.5398      7.969   275.2830 8.1573e+01     4.9920      0.341      0.494    14.3848 0.0000e+00
      0.348 6.4342e-10    11.2415    110.172     42.484  33.465796     5.4967      7.970   275.2653 8.1469e+01     5.0354      0.341      0.494    14.3844 0.0000e+00
      0.348 7.0776e-09    11.2452    110.187     42.489  33.470507     5.4144      7.970   275.2313 8.1260e+01     5.0114      0.341      0.494    14.3840 0.0000e+00
      0.348 7.7854e-08    11.2508    110.149     42.496  33.476614     5.3607      7.970   275.2164 8.0977e+01     4.9408      0.341      0.494    14.3839 0.0000e+00
      0.348 8.5639e-07    11.2553    110.074     42.496  33.476190     5.3554      7.970   275.3430 8.0688e+01     4.9334      0.341      0.495    14.3836 0.0000e+00
      0.348      0.000    11.2571    109.974     42.482  33.465383     5.3754      7.971   275.3858 8.0472e+01     4.9563      0.342      0.495    14.3831 0.0000e+00
      0.348      0.000    11.2632    109.850     42.491  33.472833     5.4103      7.971   275.2178 8.0314e+01     4.9438      0.341      0.494    14.3838 0.0000e+00
      0.348      0.001    11.2556    109.738     42.530  33.502825     5.4372      7.972   275.0318 8.0172e+01     4.9196      0.341      0.494    14.3844 0.0000e+00
      0.348      0.005    11.2487    109.667     42.541  33.510795     5.4347      7.972   275.0303 8.0098e+01     4.8687      0.341      0.495    14.3841 0.0000e+00
      0.348      0.013    11.2392    109.638     42.536  33.505757     5.3712      7.972   275.2849 8.0119e+01     4.8752      0.342      0.496    14.3838 0.0000e+00
      0.348      0.022    11.2240    109.639     42.537  33.505350     5.2678      7.970   275.5303 8.0076e+01     4.9637      0.341      0.494    14.3838 0.0000e+00
      0.352      0.029    11.2121    109.676     42.539  33.505870     5.1995      7.970   275.5874 7.8824e+01     4.9817      0.342      0.495    14.3843 0.0000e+00
      0.365      0.031    11.2038    109.721     42.546  33.512045     5.1703      7.969   275.5451 7.5742e+01     4.9224      0.355      0.514    14.3841 0.0000e+00
      0.383      0.030    11.2036    109.751     42.550  33.516563     5.1642      7.968   275.4494 7.3177e+01     4.8962      0.378      0.548    14.3824 0.0000e+00
      0.395      0.026    11.2018    109.759     42.525  33.497062     5.1343      7.966   275.4621 7.2394e+01     4.9379      0.391      0.569    14.3798 0.0000e+00
      0.399      0.020    11.2085    109.754     42.485  33.466589     5.0673      7.966   275.6134 7.2390e+01     4.9834      0.393      0.570    14.3786 0.0000e+00
      0.397      0.011    11.2135    109.787     42.482  33.465330     5.0279      7.966   275.7298 7.2600e+01     4.9675      0.389      0.565    14.3795 0.0000e+00
      0.396      0.003    11.2158    109.860     42.502  33.481846     5.0157      7.967   275.7503 7.2289e+01     4.9495      0.387      0.562    14.3809 0.0000e+00
      0.396      0.000    11.2179    109.939     42.494  33.475960     5.0115      7.968   275.7762 7.1870e+01     4.9377      0.388      0.563    14.3822 0.0000e+00
      0.396      0.000    11.2124    110.006     42.470  33.457599     5.0185      7.968   275.8706 7.1863e+01     4.9267      0.389      0.564    14.3833 0.0000e+00
      0.396      0.003    11.2169    110.041     42.460  33.450177     5.0340      7.967   275.9456 7.1915e+01     4.9541      0.389      0.564    14.3842 0.0000e+00
      0.396      0.007    11.2258    110.042     42.458  33.449667     5.0403      7.967   276.0802 7.2043e+01     4.9609      0.388      0.563    14.3849 0.0000e+00
      0.397      0.009    11.2338    110.045     42.458  33.451435     5.0119      7.968   276.2085 7.1880e+01     4.9403      0.388      0.563    14.3858 0.0000e+00
      0.400      0.009    11.2414    110.060     42.482  33.471555     4.9652      7.968   276.2921 7.1183e+01     4.9098      0.391      0.568    14.3864 0.0000e+00
      0.405      0.009    11.2453    110.048     42.520  33.502605     4.9494      7.967   276.4884 7.0127e+01     4.9340      0.398      0.577    14.3867 0.0000e+00
      0.410      0.008    11.2438    110.032     42.527  33.509640     4.9712      7.967   276.6884 6.9124e+01     5.0281      0.404      0.587    14.3879 0.0000e+00
      0.411      0.007    11.2413    110.051     42.505  33.493171     4.9791      7.967   276.8174 6.8451e+01     5.0235      0.405      0.588    14.3898 0.0000e+00
      0.410      0.004    11.2469    110.083     42.505  33.493814     4.9617      7.967   276.8448 6.7763e+01     4.9804      0.401      0.582    14.3917 0.0000e+00
      0.409      0.000    11.2436    110.114     42.535  33.517416     4.9604      7.967   276.7604 6.7107e+01     5.0190      0.400      0.580    14.3925 0.0000e+00
      0.411     -0.002    11.2382    110.137     42.544  33.524761     4.9801      7.967   276.9153 6.7112e+01     5.0464      0.403      0.584    14.3939 0.0000e+00
      0.412     -0.003    11.2428    110.131     42.536  33.519182     5.0009      7.968   277.2549 6.8082e+01     5.0039      0.405      0.587    14.3962 0.0000e+00
      0.410     -0.003    11.2455    110.112     42.529  33.513405     5.0109      7.968   277.3397 6.9646e+01     4.9156      0.402      0.584    14.3967 0.0000e+00
      0.407     -0.004    11.2490    110.101     42.538  33.518359     5.0177      7.968   277.3379 7.1079e+01     4.9010      0.399      0.578    14.3956 0.0000e+00
      0.405     -0.005    11.2526    110.074     42.536  33.515638     5.0415      7.968   277.3197 7.1822e+01     4.9984      0.397      0.575    14.3962 0.0000e+00
      0.405     -0.005    11.2509    110.018     42.490  33.480503     5.0493      7.968   277.2062 7.1966e+01     5.0338      0.397      0.576    14.3981 0.0000e+00
      0.404     -0.004    11.2469    109.932     42.480  33.474206     4.9968      7.969   277.2548 7.1805e+01     4.9537      0.397      0.576    14.3981 0.0000e+00
      0.403     -0.003    11.2492    109.828     42.515  33.502948     4.9219      7.969   277.4773 7.1250e+01     4.8841      0.395      0.573    14.3951 0.0000e+00
      0.401     -0.002    11.2469    109.740     42.524  33.510805     4.8934      7.969   277.6588 7.0323e+01     4.8749      0.393      0.570    14.3920 0.0000e+00
      0.401     -0.002    11.2408    109.671     42.517  33.505757     4.9092      7.969   277.7298 6.9438e+01     4.9107      0.393      0.570    14.3932 0.0000e+00
      0.402     -0.001    11.2319    109.630     42.517  33.505349     4.9301      7.969   277.7329 6.9039e+01     4.9417      0.394      0.572    14.3959 0.0000e+00
      0.402     -0.000    11.2178    109.633     42.516  33.505879     4.9377      7.969   277.6963 6.9041e+01     4.9086      0.394      0.571    14.3974 0.0000e+00
      0.401 -2.034e-08    11.2099    109.678     42.521  33.512167     4.9349      7.969   277.6309 6.9394e+01     4.8515      0.393      0.570    14.3986 0.0000e+00
      0.401 -2.237e-07    11.2020    109.747     42.525  33.517934     4.9462      7.969   277.6312 7.0189e+01     4.8658      0.393      0.570    14.3989 0.0000e+00
      0.401 -2.237e-07    11.1967    109.810     42.515  33.512166     4.9824      7.969   277.7004 7.1201e+01     4.9457      0.393      0.571    14.3990 0.0000e+00
      0.402 -2.034e-08    11.1973    109.848     42.507  33.505880     5.0147      7.970   277.7786 7.2216e+01     4.9642      0.394      0.572    14.4001 0.0000e+00
      0.402 -1.849e-09    11.2014    109.853     42.507  33.505370     5.0207      7.971   277.8886 7.2995e+01     4.9180      0.394      0.572    14.4033 0.0000e+00
      0.402 -1.691e-10    11.2094    109.840     42.508  33.506005     5.0222      7.971   277.9116 7.3476e+01     4.9332      0.393      0.571    14.4069 0.0000e+00
      0.402 -2.657e-11    11.2155    109.828     42.517  33.513550     5.0072      7.971   277.7986 7.3560e+01     5.0108      0.394      0.571    14.4092 0.0000e+00
      0.401 -1.394e-10    11.2197    109.811     42.541  33.533150     4.9639      7.972   277.7268 7.3212e+01     5.0363      0.393      0.571    14.4100 0.0000e+00
      0.401 -1.534e-09    11.2202    109.799     42.563  33.552655     4.9314      7.973   277.8182 7.2717e+01     4.9683      0.393      0.571    14.4087 0.0000e+00
      0.401 -1.687e-08    11.2171    109.801     42.567  33.559065     4.9153      7.973   277.9577 7.2139e+01     4.9063      0.393      0.571    14.4076 0.0000e+00
      0.401 -1.856e-07    11.2179    109.806     42.549  33.547210     4.9601      7.974   278.0364 7.1603e+01     4.9363      0.393      0.571    14.4079 0.0000e+00
      0.401 -1.782e-07    11.2145    109.811     42.534  33.536205     5.0733      7.974   278.0811 7.1278e+01     4.9890      0.393      0.570    14.4083 0.0000e+00
      0.401 7.1619e-08    11.2121    109.811     42.556  33.552893     5.1434      7.974   277.9823 7.1233e+01     4.9972      0.393      0.571    14.4117 0.0000e+00
      0.401 1.6081e-07    11.2122    109.818     42.566  33.558651     5.1427      7.975   277.7875 7.1481e+01     4.9672      0.393      0.571    14.4166 0.0000e+00
      0.401 8.8410e-08    11.2115    109.834     42.548  33.542379     5.1308      7.975   277.7908 7.1927e+01     4.8996      0.393      0.570    14.4188 0.0000e+00
      0.401 8.0375e-09    11.2129    109.835     42.555  33.546473     5.1658      7.976   277.9373 7.2520e+01     4.8966      0.394      0.571    14.4196 0.0000e+00
      0.401 7.3070e-10    11.2119    109.806     42.552  33.544705     5.2328      7.977   278.0103 7.3129e+01     4.9649      0.393      0.570    14.4193 0.0000e+00
      0.401 6.6425e-11    11.2129    109.766     42.522  33.521002     5.2587      7.977   278.0708 7.3623e+01     4.9745      0.393      0.571    14.4164 0.0000e+00
      0.401 6.0385e-12    11.2167    109.727     42.513  33.513665     5.2457      7.977   278.0664 7.3854e+01     4.9450      0.393      0.571    14.4128 0.0000e+00
      0.402 5.4895e-13    11.2184    109.677     42.522  33.519433     5.2092      7.976   277.9576 7.3819e+01     4.9486      0.394      0.571    14.4109 0.0000e+00
      0.402 4.9906e-14    11.2138    109.631     42.532  33.527295     5.1670      7.976   277.9596 7.3682e+01     4.9836      0.394      0.571    14.4119 0.0000e+00
      0.402 4.5370e-15    11.2084    109.612     42.553  33.545277     5.1590      7.976   278.0902 7.3437e+01     4.9933      0.394      0.571    14.4132 0.0000e+00
      0.402 4.1245e-16    11.2064    109.617     42.552  33.546523     5.1547      7.977   278.2460 7.3105e+01     4.9288      0.394      0.571    14.4119 0.0000e+00
      0.402 3.7495e-17    11.2008    109.621     42.544  33.542373     5.1562      7.978   278.3810 7.2847e+01     4.8523      0.394      0.571    14.4104 0.0000e+00
      0.402 3.4087e-18    11.1947    109.610     42.562  33.558536     5.1945      7.978   278.5179 7.2757e+01     4.8552      0.394      0.571    14.4098 0.0000e+00
      0.402 3.0988e-19    11.1932    109.604     42.552  33.551625     5.2349      7.979   278.5241 7.2849e+01     4.9287      0.394      0.571    14.4113 0.0000e+00
      0.402 2.8171e-20    11.1934    109.601     42.515  33.522259     5.2610      7.979   278.3703 7.3063e+01     4.9904      0.393      0.570    14.4150 0.0000e+00
      0.402 2.5606e-21    11.1948    109.578     42.515  33.520689     5.2943      7.979   278.3788 7.3367e+01     4.9861      0.394      0.571    14.4169 0.0000e+00
      0.402 2.2876e-22    11.1910    109.528     42.535  33.532640     5.3463      7.979   278.4552 7.3770e+01     4.9790      0.394      0.571    14.4186 0.0000e+00
      0.401 -2.343e-23    11.1903    109.452     42.547  33.539872     5.3730      7.980   278.5195 7.4196e+01     5.0070      0.393      0.571    14.4217 0.0000e+00
      0.401 -4.887e-22    11.1913    109.370     42.554  33.544686     5.3597      7.981   278.7258 7.4515e+01     5.0174      0.393      0.571    14.4224 0.0000e+00
      0.401 -5.396e-21    11.1892    109.302     42.534  33.527393     5.3016      7.982   278.8858 7.4620e+01     5.0027      0.393      0.570    14.4188 0.0000e+00
      0.401 -5.936e-20    11.1863    109.265     42.527  33.521115     5.1946      7.982   278.9043 7.4520e+01     4.9662      0.393      0.571    14.4132 0.0000e+00
      0.401 -6.530e-19    11.1775    109.251     42.541  33.532225     5.1326      7.981   278.8640 7.4254e+01     4.9508      0.393      0.570    14.4110 0.0000e+00
      0.401 -7.183e-18    11.1693    109.262     42.541  33.534843     5.1431      7.981   278.8281 7.3931e+01     4.9877      0.393      0.571    14.4104 0.0000e+00
      0.401 -7.901e-17    11.1613    109.301     42.559  33.552770     5.1543      7.982   278.9007 7.3685e+01     4.9685      0.393      0.570    14.4080 0.0000e+00
      0.401 -8.691e-16    11.1589    109.358     42.560  33.558640     5.1687      7.984   279.0535 7.3571e+01     4.8893      0.393      0.571    14.4074 0.0000e+00
      0.402 -9.560e-15    11.1569    109.440     42.532  33.542386     5.2165      7.984   279.2125 7.3610e+01     4.8503      0.394      0.571    14.4084 0.0000e+00
      0.402 -1.052e-13    11.1567    109.541     42.532  33.546585     5.2503      7.984   279.3613 7.3828e+01     4.9058      0.394      0.572    14.4106 0.0000e+00
      0.401 -1.157e-12    11.1614    109.648     42.526  33.545970     5.2526      7.985   279.3890 7.4242e+01     5.0146      0.393      0.571    14.4149 0.0000e+00
      0.401 -1.272e-11    11.1640    109.764     42.508  33.534945     5.2107      7.986   279.2890 7.4667e+01     5.0045      0.393      0.571    14.4217 0.0000e+00
      0.401 -1.400e-10    11.1714    109.877     42.512  33.540183     5.1259      7.986   279.2712 7.4933e+01     4.9205      0.393      0.571    14.4286 0.0000e+00
      0.401 -1.540e-09    11.1814    109.939     42.517  33.545855     5.0765      7.986   279.3456 7.5105e+01     4.9207      0.393      0.570    14.4335 0.0000e+00
      0.401 -1.694e-08    11.1908    109.938     42.507  33.540090     5.0710      7.987   279.3288 7.5193e+01     4.9727      0.393      0.571    14.4382 0.0000e+00
      0.401 -1.863e-07    11.2012    109.915     42.497  33.533925     5.0681      7.987   279.3268 7.5105e+01     5.0367      0.392      0.570    14.4422 0.0000e+00
      0.401 -1.863e-07    11.2152    109.900     42.497  33.534759     5.0420      7.988   279.4070 7.4825e+01     5.0451      0.393      0.569    14.4448 0.0000e+00
      0.401 -1.693e-08    11.2214    109.874     42.516  33.550170     5.0051      7.988   279.4379 7.4430e+01     4.9722      0.393      0.570    14.4471 0.0000e+00
      0.401 -1.539e-09    11.2186    109.846     42.570  33.593369     4.9965      7.988   279.3573 7.4066e+01     4.9068      0.393      0.570    14.4495 0.0000e+00
      0.401 -1.400e-10    11.2137    109.846     42.594  33.612969     5.0541      7.990   279.2065 7.3876e+01     4.9029      0.393      0.570    14.4520 0.0000e+00
      0.401 -1.272e-11    11.2140    109.852     42.572  33.596820     5.1522      7.991   279.1632 7.3916e+01     4.9603      0.393      0.570    14.4524 0.0000e+00
      0.401 -1.157e-12    11.2120    109.876     42.560  33.588445     5.1921      7.991   279.2638 7.4117e+01     4.9857      0.393      0.571    14.4515 0.0000e+00
      0.400 -1.052e-13    11.2048    109.935     42.542  33.575151     5.1782      7.991   279.3907 7.4375e+01     4.9369      0.392      0.569    14.4522 0.0000e+00
