Data/DataNotYetUploadedToEDI/Raw_CTD/RawDownloads/110424_fcr50_S7809002.cnv
* Sea-Bird SBE19plus  Data File:
* FileName = C:\R\Reservoirs\Data\DataNotYetUploadedToEDI\Raw_CTD\RawDownloads\110424_fcr50_S7809_0002.hex
* Software version 2.8.0.119
* Temperature SN = 7809
* Conductivity SN = 7809
* System UpLoad Time = Nov 05 2024 10:36:18
* <ApplicationData>
* <Seaterm232>
# nquan = 15
# nvalues = 1528                        
# units = specified
# name 0 = depFM: Depth [fresh water, m]
# name 1 = dz/dtM: Descent Rate [m/s]
# name 2 = sbeox0Mg/L: Oxygen, SBE 43 [mg/l]
# name 3 = sbeox0PS: Oxygen, SBE 43 [% saturation]
# name 4 = specc: Specific Conductance [uS/cm]
# name 5 = c0uS/cm: Conductivity [uS/cm]
# name 6 = flECO-AFL: Fluorescence, WET Labs ECO-AFL/FL [mg/m^3]
# name 7 = ph: pH
# name 8 = orp: Oxidation Reduction Potential [mV]
# name 9 = par/sat/log: PAR/Logarithmic, Satlantic
# name 10 = turbWETntu0: Turbidity, WET Labs ECO [NTU]
# name 11 = prdM: Pressure, Strain Gauge [db]
# name 12 = prdE: Pressure, Strain Gauge [psi]
# name 13 = tv290C: Temperature [ITS-90, deg C]
# name 14 = flag:  0.000e+00
# span 0 =     -0.531,      9.564       
# span 1 =     -0.395,      0.204       
# span 2 =     1.4466,    12.1230       
# span 3 =     15.313,    118.111       
# span 4 =      4.129,    438.929       
# span 5 =   3.233144, 342.588604       
# span 6 =    -0.1338,     6.7265       
# span 7 =     -2.419,      8.025       
# span 8 =   214.5329,   875.1734       
# span 9 = 1.2366e-01, 6.3830e+02       
# span 10 =    -0.3211,    91.2849      
# span 11 =     -0.522,      9.379      
# span 12 =     -0.758,     13.603      
# span 13 =    14.0119,    14.5284      
# span 14 = 0.0000e+00, 0.0000e+00      
# interval = seconds: 0.25
# start_time = Nov 04 2024 14:00:16 [Instrument's time stamp, header]
# bad_flag = -9.990e-29
*END*
[from data line 964]
      5.205      0.032     9.1943     89.661     45.381  35.541721     4.9843      7.812   303.6167 1.2377e-01     6.1610      5.106      7.406    14.1559 0.0000e+00
      5.206      0.024     9.1961     89.726     45.364  35.528210     5.0333      7.811   303.9189 1.2377e-01     6.2655      5.105      7.404    14.1555 0.0000e+00
      5.207      0.021     9.2023     89.780     45.335  35.505241     5.0676      7.809   303.9072 1.2379e-01     6.4180      5.106      7.405    14.1553 0.0000e+00
      5.209      0.025     9.2039     89.831     45.351  35.517810     5.0742      7.807   303.4756 1.2380e-01     6.5024      5.108      7.408    14.1553 0.0000e+00
      5.214      0.035     9.2047     89.877     45.397  35.553268     5.0217      7.805   303.0884 1.2380e-01     6.4655      5.112      7.414    14.1554 0.0000e+00
      5.224      0.046     9.2166     89.893     45.398  35.553267     4.9065      7.803   303.0965 1.2382e-01     6.3822      5.121      7.428    14.1558 0.0000e+00
      5.238      0.056     9.2191     89.895     45.353  35.517799     4.8473      7.801   303.3159 1.2385e-01     6.3832      5.135      7.448    14.1560 0.0000e+00
      5.258      0.066     9.2249     89.900     45.337  35.505129     4.8549      7.801   303.5909 1.2387e-01     6.4439      5.156      7.479    14.1557 0.0000e+00
      5.278      0.073     9.2319     89.895     45.365  35.526965     4.8565      7.800   303.7541 1.2389e-01     6.4326      5.179      7.511    14.1551 0.0000e+00
      5.296      0.077     9.2320     89.872     45.366  35.528015     4.8836      7.799   303.7396 1.2388e-01     6.3489      5.193      7.531    14.1543 0.0000e+00
      5.316      0.077     9.2319     89.833     45.353  35.517831     4.9489      7.798   303.7597 1.2385e-01     6.2852      5.212      7.560    14.1538 0.0000e+00
      5.339      0.075     9.2326     89.778     45.370  35.530727     4.9972      7.797   303.7389 1.2387e-01     6.3112      5.236      7.595    14.1537 0.0000e+00
      5.359      0.072     9.2334     89.714     45.404  35.557043     5.0269      7.795   303.6602 1.2387e-01     6.4249      5.256      7.624    14.1537 0.0000e+00
      5.377      0.069     9.2298     89.663     45.436  35.582205     5.0579      7.793   304.0998 1.2380e-01     6.4989      5.274      7.649    14.1538 0.0000e+00
      5.393      0.065     9.2267     89.642     45.435  35.581157     5.0809      7.791   304.8382 1.2373e-01     6.4539      5.290      7.673    14.1538 0.0000e+00
      5.407      0.062     9.2205     89.648     45.390  35.544365     5.0799      7.790   305.0159 1.2369e-01     6.3593      5.302      7.691    14.1534 0.0000e+00
      5.422      0.060     9.2132     89.672     45.357  35.518061     5.0719      7.789   304.7001 1.2371e-01     6.3452      5.316      7.710    14.1531 0.0000e+00
      5.437      0.059     9.2071     89.714     45.356  35.516918     5.0331      7.787   304.2898 1.2379e-01     6.3857      5.332      7.733    14.1527 0.0000e+00
      5.453      0.057     9.2055     89.779     45.373  35.530546     4.9275      7.785   304.1845 1.2383e-01     6.3712      5.347      7.756    14.1518 0.0000e+00
      5.469      0.056     9.2065     89.847     45.405  35.555932     4.8437      7.784   304.8039 1.2383e-01     6.3407      5.364      7.780    14.1507 0.0000e+00
      5.484      0.057     9.2096     89.912     45.424  35.570059     4.8268      7.784   305.6696 1.2384e-01     6.3247      5.381      7.804    14.1501 0.0000e+00
      5.494      0.059     9.2126     89.959     45.429  35.574457     4.7981      7.784   305.8756 1.2384e-01     6.3823      5.389      7.817    14.1503 0.0000e+00
      5.504      0.064     9.2211     89.964     45.474  35.609103     4.7379      7.784   305.4881 1.2384e-01     6.5257      5.395      7.826    14.1506 0.0000e+00
      5.520      0.070     9.2280     89.943     45.555  35.671707     4.6988      7.783   305.1140 1.2381e-01     6.5897      5.410      7.848    14.1507 0.0000e+00
      5.543      0.077     9.2343     89.903     45.590  35.696895     4.6825      7.782   305.3095 1.2380e-01     6.5748      5.434      7.883    14.1505 0.0000e+00
      5.568      0.082     9.2425     89.854     45.545  35.659835     4.7000      7.780   305.8737 1.2381e-01     6.6529      5.460      7.919    14.1499 0.0000e+00
      5.592      0.084     9.2401     89.817     45.475  35.604312     4.7605      7.779   306.1713 1.2380e-01     6.8170      5.484      7.953    14.1495 0.0000e+00
      5.614      0.084     9.2391     89.780     45.465  35.596636     4.8058      7.777   306.2412 1.2376e-01     6.8845      5.506      7.986    14.1488 0.0000e+00
      5.634      0.081     9.2351     89.738     45.507  35.630471     4.8069      7.776   306.2018 1.2374e-01     6.8547      5.525      8.013    14.1467 0.0000e+00
      5.653      0.076     9.2285     89.712     45.509  35.632706     4.7902      7.775   306.1260 1.2374e-01     6.8322      5.543      8.039    14.1445 0.0000e+00
      5.672      0.072     9.2264     89.690     45.497  35.623665     4.7797      7.774   306.0128 1.2374e-01     6.7142      5.562      8.068    14.1438 0.0000e+00
      5.691      0.068     9.2228     89.650     45.528  35.648053     4.7875      7.774   306.0366 1.2376e-01     6.5222      5.581      8.095    14.1447 0.0000e+00
      5.708      0.063     9.2164     89.612     45.562  35.673773     4.8088      7.773   306.3285 1.2377e-01     6.4232      5.598      8.119    14.1455 0.0000e+00
      5.723      0.057     9.2144     89.602     45.572  35.680843     4.8053      7.771   306.4447 1.2377e-01     6.3711      5.613      8.140    14.1460 0.0000e+00
      5.737      0.050     9.2140     89.609     45.558  35.670086     4.7122      7.769   306.4090 1.2375e-01     6.3708      5.627      8.161    14.1461 0.0000e+00
      5.750      0.042     9.2087     89.626     45.559  35.670607     4.5572      7.768   306.5852 1.2375e-01     6.4539      5.639      8.180    14.1456 0.0000e+00
      5.761      0.034     9.2031     89.655     45.580  35.687142     4.4703      7.767   306.5960 1.2380e-01     6.4879      5.651      8.196    14.1450 0.0000e+00
      5.769      0.030     9.2032     89.674     45.570  35.679657     4.4602      7.766   306.1957 1.2381e-01     6.4400      5.660      8.209    14.1445 0.0000e+00
      5.773      0.031     9.2050     89.683     45.523  35.643566     4.4353      7.765   305.9612 1.2382e-01     6.3530      5.662      8.213    14.1440 0.0000e+00
      5.774      0.037     9.2049     89.698     45.508  35.631461     4.3853      7.765   306.1697 1.2378e-01     6.3241      5.662      8.212    14.1441 0.0000e+00
      5.779      0.046     9.2105     89.728     45.544  35.660209     4.3630      7.763   306.4799 1.2372e-01     6.3976      5.664      8.215    14.1445 0.0000e+00
      5.792      0.056     9.2115     89.751     45.562  35.673896     4.3655      7.761   306.1847 1.2376e-01     6.4563      5.677      8.233    14.1447 0.0000e+00
      5.814      0.065     9.2117     89.756     45.558  35.670048     4.3830      7.761   305.4387 1.2384e-01     6.4866      5.701      8.269    14.1451 0.0000e+00
      5.838      0.071     9.2129     89.774     45.567  35.677135     4.4164      7.760   305.2041 1.2385e-01     6.5252      5.727      8.306    14.1454 0.0000e+00
      5.859      0.073     9.2166     89.796     45.592  35.696139     4.4364      7.759   305.4991 1.2383e-01     6.5817      5.746      8.334    14.1451 0.0000e+00
      5.877      0.070     9.2210     89.792     45.612  35.709464     4.4496      7.759   305.9940 1.2385e-01     6.6573      5.764      8.359    14.1449 0.0000e+00
      5.892      0.065     9.2180     89.759     45.617  35.711347     4.4512      7.759   306.3688 1.2385e-01     6.7223      5.779      8.381    14.1445 0.0000e+00
      5.907      0.060     9.2215     89.719     45.628  35.718894     4.4309      7.758   306.0728 1.2382e-01     6.7865      5.792      8.401    14.1441 0.0000e+00
      5.922      0.055     9.2250     89.682     45.653  35.737268     4.4128      7.757   305.3414 1.2378e-01     6.8188      5.808      8.424    14.1439 0.0000e+00
      5.937      0.051     9.2254     89.642     45.660  35.743146     4.4149      7.755   305.0110 1.2379e-01     6.8058      5.823      8.446    14.1422 0.0000e+00
      5.949      0.047     9.2212     89.608     45.639  35.726514     4.4228      7.753   305.1750 1.2387e-01     6.8000      5.834      8.461    14.1395 0.0000e+00
      5.959      0.042     9.2169     89.598     45.639  35.726525     4.4169      7.752   305.5179 1.2389e-01     6.7485      5.843      8.475    14.1374 0.0000e+00
      5.970      0.037     9.2139     89.614     45.662  35.743284     4.4190      7.750   305.7154 1.2384e-01     6.6265      5.854      8.490    14.1367 0.0000e+00
      5.980      0.035     9.2094     89.652     45.657  35.738779     4.4308      7.750   305.5837 1.2384e-01     6.5550      5.866      8.507    14.1368 0.0000e+00
      5.987      0.038     9.2050     89.724     45.653  35.735508     4.4428      7.750   305.3023 1.2385e-01     6.6014      5.873      8.518    14.1367 0.0000e+00
      5.992      0.045     9.2036     89.785     45.694  35.767185     4.5230      7.750   305.0661 1.2385e-01     6.6750      5.875      8.521    14.1365 0.0000e+00
      5.998      0.055     9.2071     89.807     45.742  35.804527     4.6598      7.749   304.9649 1.2385e-01     6.6596      5.880      8.527    14.1358 0.0000e+00
      6.013      0.065     9.2084     89.809     45.745  35.806297     4.7230      7.749   305.1111 1.2382e-01     6.5864      5.894      8.548    14.1348 0.0000e+00
      6.038      0.074     9.2190     89.776     45.723  35.788586     4.7214      7.749   305.4567 1.2377e-01     6.5413      5.920      8.587    14.1343 0.0000e+00
      6.064      0.081     9.2276     89.728     45.713  35.780738     4.7061      7.749   305.6166 1.2376e-01     6.6610      5.948      8.627    14.1343 0.0000e+00
      6.087      0.083     9.2260     89.702     45.706  35.774868     4.6719      7.748   305.4955 1.2377e-01     6.9405      5.970      8.658    14.1338 0.0000e+00
      6.107      0.080     9.2298     89.672     45.713  35.781053     4.6412      7.747   305.3695 1.2374e-01     7.0846      5.991      8.688    14.1332 0.0000e+00
      6.126      0.075     9.2251     89.653     45.727  35.792068     4.6174      7.746   305.2980 1.2377e-01     7.0713      6.009      8.715    14.1330 0.0000e+00
      6.145      0.070     9.2165     89.656     45.713  35.781155     4.6088      7.745   305.2321 1.2384e-01     7.1557      6.026      8.740    14.1329 0.0000e+00
      6.162      0.066     9.2184     89.666     45.707  35.776001     4.6209      7.745   305.5200 1.2387e-01     7.3197      6.044      8.767    14.1330 0.0000e+00
      6.178      0.061     9.2124     89.696     45.729  35.793211     4.6307      7.744   306.0256 1.2388e-01     7.4144      6.060      8.789    14.1331 0.0000e+00
      6.192      0.056     9.2101     89.747     45.736  35.798880     4.6186      7.742   306.1827 1.2389e-01     7.4469      6.072      8.806    14.1332 0.0000e+00
      6.206      0.049     9.2124     89.810     45.713  35.781094     4.5496      7.741   306.0428 1.2387e-01     7.4736      6.085      8.826    14.1333 0.0000e+00
      6.221      0.043     9.2110     89.858     45.697  35.768518     4.4543      7.739   305.7963 1.2383e-01     7.5659      6.102      8.850    14.1332 0.0000e+00
      6.233      0.042     9.2156     89.872     45.704  35.773718     4.4228      7.738   306.0427 1.2381e-01     7.6753      6.115      8.869    14.1332 0.0000e+00
      6.238      0.046     9.2199     89.865     45.712  35.780523     4.4351      7.739   306.7847 1.2381e-01     7.7026      6.119      8.875    14.1331 0.0000e+00
      6.242      0.054     9.2284     89.864     45.721  35.787341     4.4282      7.739   307.0239 1.2382e-01     7.6571      6.118      8.874    14.1330 0.0000e+00
      6.252      0.063     9.2340     89.880     45.728  35.792692     4.4155      7.738   306.8707 1.2381e-01     7.5356      6.125      8.885    14.1330 0.0000e+00
      6.273      0.072     9.2348     89.908     45.714  35.781780     4.4305      7.737   306.6532 1.2382e-01     7.4284      6.149      8.918    14.1331 0.0000e+00
      6.302      0.078     9.2328     89.944     45.715  35.782300     4.4597      7.736   306.2866 1.2382e-01     7.4199      6.181      8.965    14.1330 0.0000e+00
      6.329      0.080     9.2320     89.967     45.737  35.798980     4.4778      7.735   306.3960 1.2378e-01     7.4329      6.210      9.006    14.1331 0.0000e+00
      6.349      0.079     9.2349     89.976     45.730  35.793108     4.5000      7.735   307.0296 1.2379e-01     7.3123      6.229      9.034    14.1327 0.0000e+00
      6.364      0.076     9.2365     89.981     45.707  35.774745     4.5360      7.735   307.4078 1.2381e-01     7.0895      6.241      9.052    14.1325 0.0000e+00
      6.379      0.073     9.2423     89.981     45.697  35.767313     4.5634      7.735   307.3556 1.2384e-01     6.9932      6.255      9.072    14.1325 0.0000e+00
      6.396      0.071     9.2443     89.948     45.696  35.766699     4.5739      7.735   307.1725 1.2387e-01     6.9687      6.271      9.095    14.1325 0.0000e+00
      6.416      0.070     9.2448     89.877     45.697  35.767324     4.5380      7.734   307.0872 1.2386e-01     6.8270      6.290      9.123    14.1323 0.0000e+00
      6.438      0.066     9.2453     89.807     45.706  35.774869     4.4544      7.732   307.0980 1.2388e-01     6.6459      6.314      9.157    14.1321 0.0000e+00
      6.459      0.061     9.2464     89.749     45.731  35.794471     4.4035      7.730   307.2166 1.2393e-01     6.5895      6.336      9.189    14.1321 0.0000e+00
      6.474      0.057     9.2444     89.691     45.756  35.813974     4.4129      7.730   307.4029 1.2392e-01     6.6582      6.351      9.213    14.1321 0.0000e+00
      6.483      0.057     9.2338     89.658     45.764  35.820329     4.4431      7.730   307.4582 1.2386e-01     6.6905      6.360      9.225    14.1322 0.0000e+00
      6.489      0.062     9.2268     89.673     45.749  35.807859     4.4694      7.730   307.3682 1.2385e-01     6.6044      6.361      9.226    14.1323 0.0000e+00
      6.500      0.069     9.2219     89.704     45.726  35.790092     4.4899      7.730   307.0895 1.2386e-01     6.5398      6.368      9.236    14.1323 0.0000e+00
      6.521      0.077     9.2149     89.730     45.733  35.795866     4.4990      7.730   306.8417 1.2381e-01     6.5580      6.393      9.272    14.1323 0.0000e+00
      6.550      0.086     9.2093     89.749     45.756  35.814220     4.5049      7.729   306.9537 1.2375e-01     6.6538      6.424      9.317    14.1322 0.0000e+00
      6.577      0.093     9.2134     89.758     45.766  35.821651     4.5109      7.729   307.1529 1.2377e-01     6.7754      6.452      9.358    14.1324 0.0000e+00
      6.601      0.095     9.2172     89.775     45.767  35.822265     4.5051      7.728   307.2713 1.2386e-01     6.7983      6.474      9.390    14.1323 0.0000e+00
      6.623      0.092     9.2190     89.786     45.767  35.821641     4.5007      7.727   307.3533 1.2390e-01     6.8279      6.495      9.420    14.1321 0.0000e+00
      6.646      0.086     9.2230     89.771     45.758  35.814105     4.5167      7.726   307.1112 1.2384e-01     6.9286      6.517      9.452    14.1321 0.0000e+00
      6.669      0.078     9.2212     89.764     45.733  35.794598     4.5650      7.725   306.7536 1.2375e-01     6.9911      6.540      9.485    14.1322 0.0000e+00
      6.693      0.069     9.2241     89.765     45.709  35.776135     4.6096      7.723   306.8147 1.2374e-01     6.9694      6.565      9.522    14.1319 0.0000e+00
      6.712      0.063     9.2276     89.733     45.715  35.781231     4.6154      7.723   307.0766 1.2379e-01     6.9045      6.585      9.550    14.1315 0.0000e+00
