Data/DataNotYetUploadedToEDI/Raw_CTD/RawDownloads/110623_bvr50_S7809001.cnv
* Sea-Bird SBE19plus  Data File:
* FileName = C:\R\Reservoirs\Data\DataNotYetUploadedToEDI\Raw_CTD\RawDownloads\110623_bvr50_S7809_0001.hex
* Software version 2.8.0.119
* Temperature SN = 7809
* Conductivity SN = 7809
* System UpLoad Time = Nov 14 2023 16:54:05
* <ApplicationData>
* <Seaterm232>
# nquan = 15
# nvalues = 2104                        
# units = specified
# name 0 = depFM: Depth [fresh water, m]
# name 1 = dz/dtM: Descent Rate [m/s]
# name 2 = sbeox0Mg/L: Oxygen, SBE 43 [mg/l]
# name 3 = sbeox0PS: Oxygen, SBE 43 [% saturation]
# name 4 = specc: Specific Conductance [uS/cm]
# name 5 = c0uS/cm: Conductivity [uS/cm]
# name 6 = flECO-AFL: Fluorescence, WET Labs ECO-AFL/FL [mg/m^3]
# name 7 = ph: pH
# name 8 = orp: Oxidation Reduction Potential [mV]
# name 9 = par/sat/log: PAR/Logarithmic, Satlantic
# name 10 = turbWETntu0: Turbidity, WET Labs ECO [NTU]
# name 11 = prdM: Pressure, Strain Gauge [db]
# name 12 = prdE: Pressure, Strain Gauge [psi]
# name 13 = tv290C: Temperature [ITS-90, deg C]
# name 14 = flag:  0.000e+00
# span 0 =     -0.700,      8.704       
# span 1 =     -0.301,      0.130       
# span 2 =     5.0611,    10.8022       
# span 3 =     46.670,    100.856       
# span 4 =     34.533,     45.461       
# span 5 =  25.344447,  33.145387       
# span 6 =    -0.0968,    22.6928       
# span 7 =      6.007,      6.772       
# span 8 =   170.8054,   315.7276       
# span 9 = 1.2365e-01, 1.1005e+03       
# span 10 =    -0.3802,   854.8581      
# span 11 =     -0.688,      8.536      
# span 12 =     -0.998,     12.380      
# span 13 =    11.4510,    12.3781      
# span 14 = 0.0000e+00, 0.0000e+00      
# interval = seconds: 0.25
# start_time = Nov 06 2023 11:16:39 [Instrument's time stamp, header]
# bad_flag = -9.990e-29
*END*
[from data line 868]
      3.095      0.029     7.5082     69.093     34.759  25.425606     2.6003      6.549   275.2379 7.4678e+00    14.1676      3.036      4.403    11.5706 0.0000e+00
      3.099      0.025     7.5119     69.028     34.777  25.438185     2.5903      6.550   275.0829 7.4137e+00    14.1222      3.039      4.409    11.5712 0.0000e+00
      3.102      0.023     7.5201     68.948     34.777  25.438082     2.6207      6.551   274.9740 7.3622e+00    14.1217      3.042      4.412    11.5710 0.0000e+00
      3.107      0.022     7.5220     68.902     34.757  25.424359     2.6843      6.552   275.0403 7.3000e+00    14.1612      3.046      4.418    11.5709 0.0000e+00
      3.113      0.023     7.5209     68.904     34.722  25.399105     2.7103      6.553   275.1965 7.2361e+00    14.1903      3.052      4.426    11.5708 0.0000e+00
      3.120      0.024     7.5129     68.953     34.705  25.386413     2.7107      6.553   275.3142 7.1751e+00    14.1323      3.059      4.437    11.5704 0.0000e+00
      3.127      0.026     7.5005     69.012     34.721  25.397735     2.8213      6.554   275.3442 7.1158e+00    14.1096      3.067      4.449    11.5707 0.0000e+00
      3.133      0.027     7.4969     69.068     34.738  25.409162     3.0247      6.555   275.3876 7.0553e+00    14.1198      3.072      4.456    11.5721 0.0000e+00
      3.139      0.027     7.4947     69.117     34.724  25.397734     3.1226      6.557   275.4089 6.9730e+00    14.0848      3.077      4.463    11.5725 0.0000e+00
      3.146      0.028     7.5040     69.123     34.709  25.386402     3.1057      6.558   275.2566 6.8866e+00    14.0978      3.085      4.475    11.5722 0.0000e+00
      3.154      0.030     7.5102     69.103     34.727  25.398982     3.0782      6.559   275.1811 6.8143e+00    14.1400      3.094      4.488    11.5715 0.0000e+00
      3.161      0.035     7.5150     69.061     34.761  25.422988     3.0657      6.558   275.2707 6.7318e+00    14.1505      3.099      4.495    11.5697 0.0000e+00
      3.167      0.040     7.5251     68.986     34.762  25.422978     3.0705      6.557   275.3933 6.6410e+00    14.1558      3.105      4.504    11.5685 0.0000e+00
      3.177      0.044     7.5229     68.930     34.730  25.398868     3.0695      6.556   275.5452 6.5293e+00    14.1359      3.113      4.515    11.5678 0.0000e+00
      3.192      0.046     7.5206     68.935     34.712  25.385155     3.0375      6.556   275.5581 6.3866e+00    14.1151      3.129      4.537    11.5670 0.0000e+00
      3.208      0.047     7.5189     68.969     34.710  25.384011     2.9909      6.556   275.5495 6.2804e+00    14.1427      3.148      4.566    11.5661 0.0000e+00
      3.221      0.046     7.5071     68.979     34.712  25.385041     2.9632      6.556   275.6136 6.2069e+00    14.1625      3.159      4.582    11.5647 0.0000e+00
      3.232      0.042     7.4991     68.962     34.730  25.397611     2.9531      6.556   275.5587 6.1449e+00    14.1499      3.171      4.600    11.5632 0.0000e+00
      3.241      0.037     7.5017     68.957     34.746  25.409151     2.9601      6.557   275.4882 6.1143e+00    14.1274      3.181      4.613    11.5624 0.0000e+00
      3.248      0.030     7.5085     68.972     34.730  25.397734     2.9813      6.557   275.5347 6.0881e+00    14.1296      3.184      4.618    11.5623 0.0000e+00
      3.257      0.023     7.5095     68.974     34.714  25.386402     3.0010      6.558   275.6049 6.0439e+00    14.1761      3.194      4.633    11.5621 0.0000e+00
      3.265      0.016     7.5052     68.954     34.732  25.398982     3.0156      6.559   275.6494 6.0037e+00    14.1433      3.204      4.647    11.5620 0.0000e+00
      3.269      0.011     7.5042     68.947     34.764  25.422988     3.0081      6.560   275.7284 6.0057e+00    14.0405      3.208      4.653    11.5619 0.0000e+00
      3.268      0.009     7.5079     68.954     34.764  25.422978     2.9276      6.560   275.7857 6.0363e+00    14.0602      3.206      4.649    11.5614 0.0000e+00
      3.265      0.011     7.5092     68.944     34.730  25.398867     2.7988      6.560   275.8255 6.0541e+00    14.1429      3.200      4.643    11.5612 0.0000e+00
      3.265      0.016     7.5043     68.910     34.710  25.385145     2.7326      6.561   275.8664 6.0544e+00    14.1517      3.201      4.642    11.5613 0.0000e+00
      3.268      0.025     7.5032     68.864     34.709  25.383896     2.7261      6.561   275.8493 6.0249e+00    14.1329      3.204      4.647    11.5618 0.0000e+00
      3.276      0.034     7.5064     68.816     34.710  25.383774     2.7868      6.560   275.8765 5.9425e+00    14.1204      3.211      4.656    11.5623 0.0000e+00
      3.290      0.041     7.5049     68.804     34.710  25.383659     2.9267      6.560   275.9376 5.8426e+00    14.1366      3.226      4.679    11.5634 0.0000e+00
      3.305      0.046     7.5001     68.839     34.708  25.382514     3.0190      6.560   275.9853 5.7603e+00    14.1916      3.242      4.703    11.5645 0.0000e+00
      3.319      0.047     7.4957     68.884     34.691  25.369926     3.0289      6.561   276.1098 5.6779e+00    14.2053      3.254      4.720    11.5642 0.0000e+00
      3.331      0.046     7.4884     68.920     34.676  25.358291     3.0791      6.562   276.2380 5.6089e+00    14.1654      3.269      4.741    11.5632 0.0000e+00
      3.341      0.043     7.4859     68.947     34.691  25.368678     3.2015      6.562   276.2450 5.5643e+00    14.1544      3.278      4.753    11.5628 0.0000e+00
      3.350      0.038     7.4929     68.951     34.691  25.368679     3.2769      6.562   276.1944 5.4896e+00    14.1744      3.283      4.761    11.5624 0.0000e+00
      3.361      0.034     7.4980     68.923     34.676  25.358301     3.2915      6.562   276.1423 5.3977e+00    14.2022      3.296      4.780    11.5621 0.0000e+00
      3.371      0.032     7.5013     68.890     34.692  25.370041     3.2700      6.563   276.1315 5.3460e+00    14.1823      3.308      4.797    11.5621 0.0000e+00
      3.378      0.030     7.5052     68.874     34.712  25.383782     3.2086      6.564   276.2360 5.3127e+00    14.1052      3.313      4.805    11.5621 0.0000e+00
      3.383      0.027     7.5066     68.868     34.731  25.397610     3.1740      6.565   276.4585 5.2757e+00    14.1240      3.317      4.811    11.5618 0.0000e+00
      3.389      0.023     7.5021     68.889     34.749  25.410389     3.1752      6.566   276.6710 5.2460e+00    14.2041      3.323      4.820    11.5614 0.0000e+00
      3.396      0.021     7.4970     68.949     34.750  25.411456     3.1737      6.566   276.7408 5.2264e+00    14.2536      3.331      4.832    11.5612 0.0000e+00
      3.402      0.020     7.4971     69.017     34.748  25.410513     3.1557      6.566   276.7002 5.2094e+00    14.3129      3.336      4.839    11.5610 0.0000e+00
      3.406      0.021     7.4949     69.071     34.732  25.398983     3.1237      6.566   276.6106 5.1918e+00    14.3404      3.340      4.844    11.5608 0.0000e+00
      3.409      0.022     7.4957     69.109     34.732  25.398878     3.1120      6.567   276.6031 5.1652e+00    14.3477      3.343      4.848    11.5607 0.0000e+00
      3.414      0.023     7.5051     69.131     34.747  25.409256     3.1225      6.568   276.6956 5.1295e+00    14.3669      3.347      4.854    11.5609 0.0000e+00
      3.421      0.024     7.5127     69.120     34.732  25.397621     3.0337      6.568   276.7828 5.0975e+00    14.3677      3.354      4.865    11.5610 0.0000e+00
      3.429      0.025     7.5192     69.076     34.715  25.385032     2.8542      6.569   276.8833 5.0530e+00    14.3577      3.363      4.877    11.5610 0.0000e+00
      3.436      0.025     7.5220     69.012     34.714  25.383888     2.7582      6.570   277.0500 4.9933e+00    14.3487      3.370      4.888    11.5609 0.0000e+00
      3.443      0.025     7.5266     68.934     34.714  25.383783     2.7632      6.571   277.2506 4.9381e+00    14.3603      3.376      4.897    11.5602 0.0000e+00
      3.448      0.024     7.5254     68.884     34.714  25.383765     2.8401      6.571   277.3299 4.9024e+00    14.3615      3.382      4.905    11.5594 0.0000e+00
      3.454      0.021     7.5188     68.870     34.714  25.383670     2.9468      6.571   277.3204 4.8748e+00    14.3286      3.387      4.913    11.5588 0.0000e+00
      3.460      0.019     7.5141     68.887     34.712  25.382641     2.9884      6.572   277.3072 4.8262e+00    14.3390      3.393      4.921    11.5584 0.0000e+00
      3.465      0.017     7.5013     68.920     34.697  25.371320     2.9855      6.573   277.2557 4.7912e+00    14.3846      3.399      4.929    11.5584 0.0000e+00
      3.468      0.017     7.4971     68.949     34.700  25.373625     2.9692      6.574   277.2152 4.7927e+00    14.3676      3.402      4.934    11.5584 0.0000e+00
      3.470      0.017     7.4955     68.969     34.751  25.410513     2.9335      6.575   277.3327 4.7869e+00    14.2358      3.402      4.935    11.5586 0.0000e+00
      3.474      0.018     7.4975     68.984     34.787  25.436815     2.9034      6.577   277.5583 4.7638e+00    14.0888      3.406      4.940    11.5585 0.0000e+00
      3.480      0.019     7.5028     68.984     34.788  25.437959     2.8880      6.577   277.5343 4.7258e+00    14.0598      3.412      4.948    11.5584 0.0000e+00
      3.486      0.021     7.5056     68.973     34.769  25.424350     2.9304      6.577   277.3857 4.6765e+00    14.1581      3.418      4.958    11.5583 0.0000e+00
      3.492      0.022     7.5075     68.981     34.734  25.399107     3.0162      6.578   277.3967 4.6405e+00    14.2868      3.425      4.967    11.5582 0.0000e+00
      3.497      0.022     7.5094     68.996     34.717  25.386425     3.0520      6.579   277.4956 4.6069e+00    14.3180      3.430      4.975    11.5583 0.0000e+00
      3.502      0.021     7.5104     69.003     34.732  25.397850     3.0467      6.580   277.6342 4.5773e+00    14.2957      3.435      4.981    11.5587 0.0000e+00
      3.508      0.018     7.5060     69.038     34.750  25.410409     3.0348      6.581   277.6967 4.5567e+00    14.2902      3.440      4.989    11.5593 0.0000e+00
      3.513      0.016     7.5080     69.098     34.751  25.411438     3.0253      6.581   277.7337 4.5238e+00    14.2514      3.446      4.998    11.5596 0.0000e+00
      3.518      0.014     7.5116     69.107     34.749  25.410286     3.0146      6.582   277.8244 4.4924e+00    14.1680      3.451      5.005    11.5598 0.0000e+00
      3.521      0.013     7.5093     69.049     34.731  25.396477     2.9896      6.582   277.9329 4.4787e+00    14.1023      3.453      5.008    11.5598 0.0000e+00
      3.522      0.012     7.5121     68.978     34.696  25.371318     2.9801      6.582   278.0138 4.4735e+00    14.1064      3.453      5.009    11.5597 0.0000e+00
      3.524      0.011     7.5248     68.921     34.680  25.359769     2.9496      6.583   277.9420 4.4607e+00    14.1488      3.456      5.012    11.5595 0.0000e+00
      3.528      0.011     7.5253     68.869     34.713  25.383669     2.8627      6.583   277.9251 4.4452e+00    14.1709      3.460      5.018    11.5593 0.0000e+00
      3.532      0.012     7.5161     68.844     34.744  25.406616     2.7950      6.584   278.0671 4.4397e+00    14.1679      3.464      5.024    11.5592 0.0000e+00
      3.534      0.013     7.5071     68.854     34.713  25.383555     2.7720      6.585   278.1106 4.4349e+00    14.1469      3.466      5.027    11.5590 0.0000e+00
      3.536      0.014     7.5025     68.864     34.679  25.358510     2.7683      6.586   278.0201 4.4272e+00    14.1914      3.468      5.029    11.5591 0.0000e+00
      3.540      0.014     7.4956     68.885     34.677  25.357471     2.7753      6.586   277.9204 4.4074e+00    14.3300      3.471      5.034    11.5592 0.0000e+00
      3.545      0.015     7.4908     68.935     34.696  25.370996     2.7729      6.586   277.9369 4.3693e+00    14.3880      3.476      5.042    11.5596 0.0000e+00
      3.550      0.016     7.4964     68.979     34.729  25.395191     2.7557      6.586   278.0475 4.3358e+00    14.3456      3.481      5.050    11.5597 0.0000e+00
      3.554      0.016     7.4950     68.995     34.730  25.396342     2.7342      6.586   278.0534 4.3206e+00    14.2951      3.484      5.054    11.5596 0.0000e+00
      3.557      0.016     7.4962     68.993     34.714  25.384917     2.7203      6.586   278.0089 4.3119e+00    14.2565      3.488      5.059    11.5597 0.0000e+00
      3.561      0.015     7.5041     68.968     34.712  25.383888     2.7214      6.586   278.0249 4.2984e+00    14.2201      3.491      5.065    11.5596 0.0000e+00
      3.566      0.013     7.5099     68.936     34.712  25.383908     2.7149      6.587   277.9885 4.2848e+00    14.1282      3.497      5.072    11.5597 0.0000e+00
      3.570      0.011     7.5101     68.929     34.714  25.385157     2.6745      6.588   277.9994 4.2765e+00    14.0683      3.501      5.078    11.5598 0.0000e+00
      3.573      0.009     7.5108     68.933     34.732  25.398982     2.6243      6.588   278.0703 4.2672e+00    14.1110      3.503      5.083    11.5600 0.0000e+00
      3.574      0.009     7.5081     68.939     34.766  25.424236     2.5987      6.589   278.0708 4.2584e+00    14.1312      3.505      5.084    11.5603 0.0000e+00
      3.574      0.010     7.5014     68.974     34.783  25.436816     2.5900      6.590   278.0918 4.2500e+00    14.1072      3.504      5.082    11.5605 0.0000e+00
      3.574      0.014     7.5024     69.028     34.766  25.424246     2.5931      6.590   278.2378 4.2289e+00    14.0951      3.504      5.083    11.5608 0.0000e+00
      3.577      0.019     7.5036     69.062     34.732  25.399096     2.6952      6.590   278.4600 4.1977e+00    14.0873      3.506      5.086    11.5614 0.0000e+00
      3.582      0.024     7.5017     69.087     34.715  25.386414     2.8923      6.590   278.5420 4.1608e+00    14.1156      3.512      5.093    11.5622 0.0000e+00
      3.591      0.028     7.5058     69.118     34.730  25.397746     3.0032      6.590   278.4542 4.1087e+00    14.1297      3.520      5.106    11.5631 0.0000e+00
      3.603      0.031     7.5149     69.125     34.747  25.409267     3.0037      6.590   278.4317 4.0386e+00    14.0869      3.533      5.123    11.5629 0.0000e+00
      3.614      0.032     7.5173     69.102     34.733  25.398869     3.0063      6.590   278.5273 3.9902e+00    14.1099      3.546      5.142    11.5619 0.0000e+00
      3.621      0.030     7.5182     69.054     34.733  25.398868     3.0349      6.590   278.5783 3.9843e+00    14.2030      3.552      5.151    11.5615 0.0000e+00
      3.626      0.027     7.5250     68.992     34.748  25.409255     3.0585      6.590   278.5322 3.9667e+00    14.2220      3.554      5.154    11.5612 0.0000e+00
      3.632      0.023     7.5251     68.952     34.733  25.397621     3.0586      6.590   278.5718 3.9203e+00    14.1344      3.561      5.164    11.5610 0.0000e+00
      3.639      0.020     7.5221     68.950     34.715  25.385032     2.9775      6.590   278.7984 3.8878e+00    14.0324      3.571      5.179    11.5607 0.0000e+00
      3.644      0.020     7.5181     68.978     34.712  25.383887     2.8435      6.590   278.9490 3.8772e+00    14.0128      3.576      5.186    11.5597 0.0000e+00
      3.646      0.021     7.5080     69.004     34.711  25.383773     2.7876      6.590   278.9303 3.8573e+00    14.1032      3.575      5.185    11.5589 0.0000e+00
      3.649      0.023     7.5046     69.021     34.711  25.383659     2.7836      6.590   278.9166 3.8297e+00    14.1691      3.578      5.189    11.5588 0.0000e+00
      3.656      0.026     7.5031     69.058     34.710  25.382507     2.7956      6.590   278.9558 3.8089e+00    14.1252      3.585      5.200    11.5595 0.0000e+00
