Data/DataNotYetUploadedToEDI/Raw_CTD/RawDownloads/110623_bvr50_S8188001.cnv
* Sea-Bird SBE19plus  Data File:
* FileName = C:\R\Reservoirs\Data\DataNotYetUploadedToEDI\Raw_CTD\RawDownloads\110623_bvr50_S8188_0001.hex
* Software version 2.8.0.119
* Temperature SN = 8188
* Conductivity SN = 8188
* System UpLoad Time = Nov 14 2023 17:10:01
* <ApplicationData>
* <Seaterm232>
# nquan = 16
# nvalues = 1812                        
# units = specified
# name 0 = depFM: Depth [fresh water, m]
# name 1 = dz/dtM: Descent Rate [m/s]
# name 2 = sbeox0Mg/L: Oxygen, SBE 43 [mg/l]
# name 3 = sbeox0PS: Oxygen, SBE 43 [% saturation]
# name 4 = specc: Specific Conductance [uS/cm]
# name 5 = c0uS/cm: Conductivity [uS/cm]
# name 6 = wetCDOM: Fluorescence, WET Labs CDOM [mg/m^3]
# name 7 = flECO-AFL: Fluorescence, WET Labs ECO-AFL/FL [mg/m^3]
# name 8 = flECO-AFL1: Fluorescence, WET Labs ECO-AFL/FL, 2 [mg/m^3]
# name 9 = flECO-AFL2: Fluorescence, WET Labs ECO-AFL/FL, 3 [mg/m^3]
# name 10 = par/sat/log: PAR/Logarithmic, Satlantic
# name 11 = turbWETntu0: Turbidity, WET Labs ECO [NTU]
# name 12 = prdM: Pressure, Strain Gauge [db]
# name 13 = prdE: Pressure, Strain Gauge [psi]
# name 14 = tv290C: Temperature [ITS-90, deg C]
# name 15 = flag:  0.000e+00
# span 0 =     -0.703,      8.697       
# span 1 =     -0.270,      0.086       
# span 2 =     4.2491,     7.2522       
# span 3 =     38.954,     67.676       
# span 4 =      6.314,     38.335       
# span 5 =   4.639395,  27.961060       
# span 6 =    -7.1100,     5.2200       
# span 7 =    -1.0997,    12.5800       
# span 8 =    -2.1300,     4.1748       
# span 9 =    -4.1031,     6.0066       
# span 10 = 1.1590e-01, 1.3840e+03      
# span 11 =    -0.4685,   245.1841      
# span 12 =     -0.690,      8.529      
# span 13 =     -1.000,     12.370      
# span 14 =    11.4588,    12.9925      
# span 15 = 0.0000e+00, 0.0000e+00      
# interval = seconds: 0.25
# start_time = Nov 06 2023 11:31:47 [Instrument's time stamp, header]
# bad_flag = -9.990e-29
*END*
[from data line 1085]
      5.218      0.026     4.8296     44.410     35.005  25.578419     4.9500     1.7232     0.3408     0.3384 5.6931e-01     9.3763      5.117      7.421    11.5341 0.0000e+00
      5.224      0.028     4.8314     44.428     35.015  25.585868     4.9500     1.7308     0.2982     0.2961 5.7528e-01     9.1208      5.123      7.430    11.5334 0.0000e+00
      5.231      0.029     4.8363     44.488     35.026  25.593910     4.9500     1.7003     0.2982     0.2961 5.8830e-01     9.1208      5.130      7.440    11.5329 0.0000e+00
      5.239      0.030     4.8385     44.536     35.030  25.596771     4.9500     1.7003     0.2982     0.2961 5.6023e-01     9.0907      5.138      7.451    11.5326 0.0000e+00
      5.247      0.031     4.8370     44.543     35.032  25.599174     4.9500     1.7194     0.2982     0.2961 5.3061e-01     9.0757      5.145      7.463    11.5325 0.0000e+00
      5.255      0.032     4.8389     44.521     35.035  25.601758     4.9500     1.7804     0.2982     0.2961 5.1999e-01     9.1658      5.154      7.475    11.5326 0.0000e+00
      5.264      0.032     4.8454     44.513     35.028  25.597296     4.9500     1.8033     0.2982     0.2538 5.2716e-01     9.2109      5.162      7.487    11.5329 0.0000e+00
      5.272      0.032     4.8506     44.513     35.015  25.588556     4.9500     1.7804     0.2982     0.2538 5.2033e-01     9.1809      5.170      7.498    11.5333 0.0000e+00
      5.280      0.033     4.8513     44.455     35.004  25.581125     4.9500     1.7652     0.2982     0.2538 5.4344e-01     9.1809      5.178      7.510    11.5338 0.0000e+00
      5.288      0.033     4.8488     44.319     34.992  25.573023     4.9500     1.6507     0.2982     0.2538 5.0135e-01     9.3913      5.186      7.522    11.5345 0.0000e+00
      5.297      0.034     4.8478     44.152     34.987  25.570008     4.8600     1.6584     0.3408     0.3384 5.3734e-01     9.4664      5.194      7.534    11.5353 0.0000e+00
      5.305      0.034     4.8477     43.998     34.999  25.579192     4.8600     1.6736     0.3408     0.3384 5.1594e-01     9.4815      5.203      7.546    11.5363 0.0000e+00
      5.314      0.034     4.8413     43.866     35.015  25.591149     4.8600     1.6355     0.3408     0.3384 5.1920e-01     9.3763      5.212      7.559    11.5374 0.0000e+00
      5.323      0.033     4.8264     43.761     35.012  25.589271     4.8600     1.7919     0.3408     0.3384 4.8034e-01     9.2560      5.221      7.571    11.5385 0.0000e+00
      5.332      0.032     4.8081     43.677     34.990  25.573056     4.9500     1.7804     0.2982     0.2961 4.6879e-01     9.1658      5.229      7.584    11.5394 0.0000e+00
      5.340      0.031     4.7913     43.606     34.969  25.557977     4.9500     1.7881     0.2982     0.2961 4.8327e-01     9.0606      5.237      7.595    11.5401 0.0000e+00
      5.347      0.030     4.7768     43.608     34.967  25.555849     4.9500     1.7766     0.2982     0.2961 4.7743e-01     9.1809      5.244      7.605    11.5406 0.0000e+00
      5.355      0.029     4.7653     43.715     34.975  25.562146     4.9500     1.7423     0.2982     0.2961 4.6666e-01     9.1508      5.251      7.615    11.5408 0.0000e+00
      5.362      0.028     4.7562     43.869     34.987  25.570629     4.9500     1.6927     0.3408     0.2538 4.7567e-01     9.0907      5.258      7.626    11.5407 0.0000e+00
      5.369      0.027     4.7486     44.016     35.000  25.579600     4.9500     1.6851     0.3408     0.2538 4.4885e-01     9.0606      5.265      7.636    11.5406 0.0000e+00
      5.375      0.026     4.7488     44.129     35.000  25.579574     4.9500     1.7308     0.3408     0.2538 4.5120e-01     9.1508      5.272      7.645    11.5403 0.0000e+00
      5.382      0.025     4.7604     44.187     34.989  25.570545     4.9500     1.7804     0.3408     0.2538 4.6252e-01     9.0606      5.278      7.654    11.5400 0.0000e+00
      5.388      0.023     4.7773     44.194     34.977  25.561982     4.9500     1.7766     0.3408     0.2538 4.2986e-01     9.0907      5.284      7.663    11.5397 0.0000e+00
      5.394      0.022     4.7933     44.160     34.969  25.555560     4.8600     1.7766     0.3408     0.2961 4.3721e-01     9.1809      5.290      7.671    11.5394 0.0000e+00
      5.399      0.021     4.8057     44.098     34.967  25.553528     4.8600     1.7804     0.3408     0.2961 4.4304e-01     9.1508      5.295      7.679    11.5389 0.0000e+00
      5.404      0.019     4.8120     44.041     34.975  25.559301     4.8600     1.7881     0.3408     0.2961 4.4035e-01     9.4063      5.299      7.686    11.5384 0.0000e+00
      5.408      0.018     4.8128     44.027     34.985  25.566501     4.8600     1.7690     0.3408     0.2961 4.1499e-01     9.3462      5.304      7.692    11.5378 0.0000e+00
      5.413      0.017     4.8091     44.051     34.988  25.569129     4.8600     1.7652     0.2982     0.3384 4.2098e-01     9.3763      5.308      7.699    11.5374 0.0000e+00
      5.417      0.016     4.8024     44.059     34.986  25.567887     4.8600     1.7728     0.2982     0.3384 4.3342e-01     9.3913      5.313      7.705    11.5371 0.0000e+00
      5.421      0.015     4.7963     44.014     34.979  25.562443     4.8600     1.6164     0.2982     0.3384 4.2679e-01     9.1358      5.317      7.711    11.5369 0.0000e+00
      5.425      0.014     4.7948     43.921     34.974  25.559264     4.8600     1.5783     0.2982     0.3384 4.3711e-01     9.1959      5.321      7.716    11.5369 0.0000e+00
      5.429      0.013     4.7974     43.791     34.982  25.565421     5.0400     1.6011     0.3408     0.3384 3.9924e-01     9.1508      5.324      7.722    11.5370 0.0000e+00
      5.432      0.012     4.7982     43.661     34.994  25.574636     5.0400     1.5859     0.3408     0.3384 4.0299e-01     9.1208      5.327      7.726    11.5372 0.0000e+00
      5.435      0.011     4.7933     43.615     34.998  25.577490     5.0400     1.5859     0.3408     0.3384 4.1454e-01     9.4815      5.330      7.730    11.5375 0.0000e+00
      5.438      0.010     4.7831     43.652     34.994  25.574744     5.0400     1.6317     0.3408     0.3384 4.2411e-01     9.3612      5.333      7.734    11.5379 0.0000e+00
      5.440      0.010     4.7689     43.727     34.987  25.569624     5.0400     1.6507     0.2982     0.2961 4.2503e-01     9.3763      5.335      7.737    11.5383 0.0000e+00
      5.442      0.010     4.7548     43.861     34.980  25.564725     5.0400     1.6546     0.2982     0.2961 4.0881e-01     9.4214      5.337      7.741    11.5386 0.0000e+00
      5.445      0.011     4.7497     44.049     34.982  25.566659     5.0400     1.6431     0.2982     0.2961 4.1716e-01     9.3462      5.339      7.744    11.5388 0.0000e+00
      5.447      0.013     4.7538     44.168     34.989  25.571982     5.0400     1.6393     0.2982     0.2961 4.3005e-01     9.3612      5.342      7.748    11.5389 0.0000e+00
      5.451      0.014     4.7618     44.105     34.992  25.574194     5.0400     1.6393     0.2982     0.2961 3.9143e-01     9.4063      5.345      7.752    11.5391 0.0000e+00
      5.455      0.015     4.7765     43.902     34.997  25.577846     5.0400     1.6584     0.3834     0.2961 4.1752e-01     9.3913      5.349      7.758    11.5393 0.0000e+00
      5.459      0.017     4.7968     43.679     35.005  25.583911     5.0400     1.6584     0.3834     0.2961 4.0011e-01     9.3011      5.353      7.764    11.5397 0.0000e+00
      5.464      0.018     4.8098     43.528     35.008  25.586088     5.0400     1.7728     0.3834     0.2961 3.9734e-01     9.3462      5.358      7.771    11.5401 0.0000e+00
      5.468      0.018     4.8029     43.468     35.006  25.584958     5.0400     1.7728     0.3834     0.2961 3.8855e-01     9.2861      5.362      7.778    11.5404 0.0000e+00
      5.473      0.019     4.7807     43.460     35.006  25.584178     5.0400     1.7728     0.3408     0.3807 3.7846e-01     9.3763      5.367      7.784    11.5407 0.0000e+00
      5.478      0.019     4.7564     43.487     35.005  25.583540     5.0400     1.8033     0.3408     0.3807 3.7970e-01     9.2861      5.372      7.791    11.5409 0.0000e+00
      5.483      0.019     4.7400     43.555     35.005  25.582875     5.0400     1.8644     0.3408     0.3807 3.8728e-01     9.3763      5.377      7.798    11.5410 0.0000e+00
      5.488      0.019     4.7335     43.676     34.999  25.578046     5.0400     1.8186     0.3408     0.3807 3.5504e-01     9.4063      5.381      7.805    11.5407 0.0000e+00
      5.492      0.019     4.7327     43.804     34.991  25.571723     5.0400     1.8567     0.3408     0.2115 4.0011e-01     9.3763      5.386      7.811    11.5401 0.0000e+00
      5.497      0.019     4.7357     43.881     34.994  25.574099     5.0400     1.8338     0.3408     0.2115 3.9347e-01     9.4514      5.391      7.818    11.5395 0.0000e+00
      5.502      0.019     4.7431     43.932     35.011  25.585806     5.0400     1.6317     0.3408     0.2115 3.6150e-01     9.5115      5.395      7.825    11.5388 0.0000e+00
      5.507      0.019     4.7565     43.956     35.028  25.598089     5.0400     1.6584     0.3408     0.2115 4.0944e-01     9.3462      5.400      7.832    11.5382 0.0000e+00
      5.511      0.019     4.7705     43.927     35.034  25.602347     5.1300     1.6393     0.2982     0.3384 3.4983e-01     9.3462      5.405      7.839    11.5377 0.0000e+00
      5.516      0.019     4.7788     43.892     35.031  25.599715     5.1300     1.6660     0.2982     0.3384 3.3722e-01     9.2861      5.410      7.846    11.5373 0.0000e+00
      5.521      0.019     4.7845     43.862     35.023  25.593450     5.1300     1.6011     0.2982     0.3384 3.6474e-01     9.4063      5.414      7.852    11.5370 0.0000e+00
      5.526      0.020     4.7871     43.797     35.012  25.585839     5.1300     1.5592     0.2982     0.3384 3.7543e-01     9.4063      5.419      7.859    11.5367 0.0000e+00
      5.531      0.020     4.7839     43.726     35.008  25.582773     5.1300     1.5859     0.2982     0.3384 3.5620e-01     9.3913      5.424      7.867    11.5365 0.0000e+00
      5.536      0.021     4.7801     43.701     35.014  25.587394     5.0400     1.5706     0.2982     0.2961 3.7389e-01     9.3161      5.429      7.874    11.5362 0.0000e+00
      5.541      0.022     4.7769     43.698     35.027  25.596973     5.0400     1.4753     0.2982     0.2961 3.4269e-01     9.2109      5.434      7.882    11.5360 0.0000e+00
      5.547      0.023     4.7699     43.711     35.039  25.606146     5.0400     1.4600     0.2982     0.2961 3.3972e-01     9.1358      5.440      7.890    11.5359 0.0000e+00
      5.553      0.024     4.7621     43.756     35.043  25.609443     5.0400     1.4714     0.2982     0.2961 3.3090e-01     9.1959      5.446      7.898    11.5358 0.0000e+00
      5.559      0.026     4.7594     43.779     35.041  25.607741     5.1300     1.4676     0.2982     0.2961 3.5520e-01     9.2410      5.451      7.906    11.5359 0.0000e+00
      5.565      0.028     4.7590     43.755     35.036  25.604547     5.1300     1.7003     0.2982     0.2961 3.5853e-01     9.1508      5.457      7.915    11.5361 0.0000e+00
      5.572      0.030     4.7604     43.709     35.028  25.599009     5.1300     1.7003     0.2982     0.2961 3.4869e-01     9.1057      5.465      7.926    11.5363 0.0000e+00
      5.581      0.032     4.7653     43.676     35.025  25.597568     5.1300     1.7308     0.2982     0.2961 3.1911e-01     9.1057      5.473      7.938    11.5367 0.0000e+00
      5.590      0.033     4.7677     43.672     35.027  25.599839     5.0400     1.7080     0.2982     0.2961 3.3942e-01     9.0606      5.482      7.950    11.5373 0.0000e+00
      5.598      0.034     4.7650     43.697     35.020  25.594551     5.0400     1.6927     0.2982     0.2961 3.1553e-01     9.4063      5.490      7.963    11.5380 0.0000e+00
      5.607      0.034     4.7600     43.760     35.005  25.584254     5.0400     1.7041     0.2982     0.2961 3.2563e-01     9.3312      5.499      7.976    11.5387 0.0000e+00
      5.617      0.033     4.7563     43.865     34.997  25.578078     5.0400     1.7232     0.2982     0.2961 3.0955e-01     9.3763      5.508      7.988    11.5393 0.0000e+00
      5.625      0.032     4.7558     43.990     34.997  25.578336     5.0400     1.7194     0.2982     0.2961 3.1009e-01     9.4214      5.517      8.001    11.5398 0.0000e+00
      5.634      0.030     4.7585     44.080     35.007  25.585097     5.0400     1.5210     0.3408     0.4230 2.9793e-01     9.4514      5.525      8.012    11.5402 0.0000e+00
      5.641      0.028     4.7653     44.143     35.017  25.592246     5.0400     1.5210     0.3408     0.4230 3.3781e-01     9.2861      5.532      8.023    11.5405 0.0000e+00
      5.647      0.025     4.7768     44.216     35.020  25.593770     5.0400     1.5401     0.3408     0.4230 2.9503e-01     9.4514      5.538      8.032    11.5405 0.0000e+00
      5.653      0.023     4.7903     44.266     35.016  25.590075     5.0400     1.5248     0.3408     0.4230 3.2506e-01     9.3763      5.544      8.041    11.5403 0.0000e+00
      5.659      0.021     4.8003     44.258     35.008  25.584136     5.0400     1.5897     0.2982     0.3384 3.2499e-01     9.1358      5.550      8.049    11.5399 0.0000e+00
      5.664      0.019     4.8072     44.225     35.011  25.586246     5.0400     1.5821     0.2982     0.3384 3.0727e-01     9.1508      5.555      8.056    11.5393 0.0000e+00
      5.669      0.018     4.8152     44.184     35.026  25.596968     5.0400     1.6050     0.2982     0.3384 3.1009e-01     9.1809      5.559      8.062    11.5386 0.0000e+00
      5.673      0.017     4.8208     44.134     35.040  25.607284     5.0400     1.5935     0.2982     0.3384 3.0119e-01     9.1508      5.563      8.068    11.5380 0.0000e+00
      5.677      0.016     4.8199     44.083     35.046  25.612025     4.9500     1.6507     0.2982     0.2961 2.8920e-01     9.3011      5.567      8.074    11.5376 0.0000e+00
      5.681      0.016     4.8163     44.042     35.041  25.608498     4.9500     1.6469     0.2982     0.2961 3.2754e-01     9.4664      5.571      8.080    11.5374 0.0000e+00
      5.685      0.015     4.8118     44.027     35.029  25.599721     4.9500     1.6355     0.2982     0.2961 2.7438e-01     9.3161      5.575      8.085    11.5373 0.0000e+00
      5.688      0.015     4.8063     44.043     35.017  25.591272     4.9500     1.6546     0.2982     0.2961 2.9806e-01     9.3011      5.578      8.091    11.5375 0.0000e+00
      5.692      0.015     4.8007     44.086     35.013  25.588815     4.9500     1.3799     0.2982     0.3807 3.1835e-01     9.3462      5.582      8.096    11.5378 0.0000e+00
      5.696      0.015     4.7962     44.128     35.017  25.591697     4.9500     1.3951     0.2982     0.3807 2.6197e-01     9.4063      5.586      8.102    11.5381 0.0000e+00
      5.700      0.016     4.7946     44.167     35.018  25.592767     4.9500     1.4142     0.2982     0.3807 2.9497e-01     9.3011      5.590      8.107    11.5384 0.0000e+00
      5.703      0.018     4.7963     44.208     35.017  25.592309     4.9500     1.3799     0.2982     0.3807 3.1348e-01     9.4063      5.593      8.112    11.5387 0.0000e+00
      5.708      0.020     4.8009     44.238     35.019  25.594163     4.9500     1.4638     0.2982     0.3807 3.0415e-01     9.1809      5.597      8.118    11.5390 0.0000e+00
      5.713      0.023     4.8055     44.250     35.014  25.590903     4.9500     1.4867     0.2982     0.2115 2.9787e-01     9.1508      5.602      8.125    11.5394 0.0000e+00
      5.719      0.026     4.8098     44.243     35.002  25.581659     4.9500     1.4524     0.2982     0.2115 2.7390e-01     9.1809      5.609      8.134    11.5397 0.0000e+00
      5.726      0.029     4.8141     44.229     34.994  25.575845     4.9500     1.4676     0.2982     0.2115 2.9255e-01     9.0907      5.616      8.144    11.5399 0.0000e+00
