Data/DataNotYetUploadedToEDI/Raw_CTD/RawDownloads/110623_fcr50_S8188002.cnv
* Sea-Bird SBE19plus  Data File:
* FileName = C:\R\Reservoirs\Data\DataNotYetUploadedToEDI\Raw_CTD\RawDownloads\110623_bvr50_S8188_0002.hex
* Software version 2.8.0.119
* Temperature SN = 8188
* Conductivity SN = 8188
* System UpLoad Time = Nov 14 2023 17:10:22
* <ApplicationData>
* <Seaterm232>
# nquan = 16
# nvalues = 1432                        
# units = specified
# name 0 = depFM: Depth [fresh water, m]
# name 1 = dz/dtM: Descent Rate [m/s]
# name 2 = sbeox0Mg/L: Oxygen, SBE 43 [mg/l]
# name 3 = sbeox0PS: Oxygen, SBE 43 [% saturation]
# name 4 = specc: Specific Conductance [uS/cm]
# name 5 = c0uS/cm: Conductivity [uS/cm]
# name 6 = wetCDOM: Fluorescence, WET Labs CDOM [mg/m^3]
# name 7 = flECO-AFL: Fluorescence, WET Labs ECO-AFL/FL [mg/m^3]
# name 8 = flECO-AFL1: Fluorescence, WET Labs ECO-AFL/FL, 2 [mg/m^3]
# name 9 = flECO-AFL2: Fluorescence, WET Labs ECO-AFL/FL, 3 [mg/m^3]
# name 10 = par/sat/log: PAR/Logarithmic, Satlantic
# name 11 = turbWETntu0: Turbidity, WET Labs ECO [NTU]
# name 12 = prdM: Pressure, Strain Gauge [db]
# name 13 = prdE: Pressure, Strain Gauge [psi]
# name 14 = tv290C: Temperature [ITS-90, deg C]
# name 15 = flag:  0.000e+00
# span 0 =     -0.658,      9.537       
# span 1 =     -0.274,      0.132       
# span 2 =     2.6154,     8.0782       
# span 3 =     24.082,     75.442       
# span 4 =      0.582,    343.845       
# span 5 =   0.498490, 252.614223       
# span 6 =    -4.5000,     7.7400       
# span 7 =    -0.3291,    15.1473       
# span 8 =    -2.1300,     7.8384       
# span 9 =   -10.3635,     6.8949       
# span 10 = 1.1585e-01, 1.8116e+03      
# span 11 =    -7.5477,   140.6344      
# span 12 =     -0.645,      9.353      
# span 13 =     -0.935,     13.565      
# span 14 =    11.6347,    17.7774      
# span 15 = 0.0000e+00, 0.0000e+00      
# interval = seconds: 0.25
# start_time = Nov 06 2023 13:44:59 [Instrument's time stamp, header]
# bad_flag = -9.990e-29
*END*
[from data line 904]
      6.736      0.042     6.1607     56.499     46.321  33.941777     3.3300     5.8088     0.0852     0.9306 1.1628e-01     4.0706      6.606      9.581    11.6350 0.0000e+00
      6.747      0.041     6.1536     56.479     46.326  33.946158     3.3300     5.8012     0.0852     0.9306 1.1610e-01     4.0857      6.616      9.595    11.6350 0.0000e+00
      6.757      0.041     6.1476     56.485     46.333  33.951058     3.3300     5.8279     0.0852     0.9306 1.1623e-01     4.1458      6.626      9.610    11.6351 0.0000e+00
      6.768      0.040     6.1426     56.509     46.331  33.949861     3.4200     5.7516     0.0852     0.9729 1.1615e-01     4.2209      6.637      9.626    11.6352 0.0000e+00
      6.778      0.040     6.1390     56.519     46.320  33.942247     3.4200     5.7630     0.0852     0.9729 1.1597e-01     4.1458      6.647      9.641    11.6353 0.0000e+00
      6.789      0.038     6.1368     56.518     46.309  33.934109     3.4200     5.7440     0.0852     0.9729 1.1607e-01     4.0857      6.657      9.656    11.6354 0.0000e+00
      6.798      0.037     6.1375     56.529     46.305  33.931198     3.4200     5.7859     0.0852     0.9729 1.1623e-01     4.1458      6.667      9.669    11.6355 0.0000e+00
      6.807      0.035     6.1400     56.542     46.312  33.936698     3.3300     5.8660     0.0852     0.8460 1.1605e-01     3.8452      6.676      9.682    11.6356 0.0000e+00
      6.816      0.033     6.1411     56.533     46.322  33.944155     3.3300     5.8660     0.0852     0.8460 1.1612e-01     3.9053      6.684      9.694    11.6358 0.0000e+00
      6.824      0.032     6.1409     56.509     46.321  33.943673     3.3300     5.8622     0.0852     0.8460 1.1607e-01     3.8151      6.692      9.705    11.6361 0.0000e+00
      6.832      0.032     6.1421     56.491     46.315  33.939086     3.3300     5.8622     0.0852     0.8460 1.1635e-01     3.9203      6.699      9.716    11.6364 0.0000e+00
      6.839      0.032     6.1436     56.484     46.317  33.941053     3.3300     5.7020     0.0852     0.9729 1.1615e-01     4.0857      6.707      9.728    11.6367 0.0000e+00
      6.847      0.033     6.1426     56.484     46.324  33.946138     3.3300     5.6715     0.0852     0.9729 1.1600e-01     4.1307      6.715      9.739    11.6368 0.0000e+00
      6.856      0.035     6.1399     56.488     46.327  33.947774     3.3300     5.6791     0.0852     0.9729 1.1610e-01     4.0406      6.723      9.751    11.6368 0.0000e+00
      6.865      0.037     6.1380     56.498     46.330  33.950359     3.3300     5.6715     0.0852     0.9729 1.1623e-01     4.0406      6.732      9.763    11.6368 0.0000e+00
      6.874      0.039     6.1371     56.524     46.331  33.950622     3.3300     5.9156     0.0852     0.9729 1.1607e-01     4.3712      6.741      9.777    11.6368 0.0000e+00
      6.884      0.042     6.1371     56.562     46.323  33.944671     3.3300     5.9462     0.0852     0.8883 1.1620e-01     4.3261      6.751      9.792    11.6367 0.0000e+00
      6.895      0.044     6.1376     56.594     46.315  33.938842     3.3300     5.9156     0.0852     0.8883 1.1605e-01     4.2961      6.762      9.807    11.6366 0.0000e+00
      6.907      0.046     6.1387     56.618     46.311  33.935541     3.3300     5.9233     0.0852     0.8883 1.1625e-01     4.3712      6.773      9.824    11.6364 0.0000e+00
      6.919      0.049     6.1415     56.653     46.314  33.937848     3.3300     5.8164     0.0852     0.8883 1.1607e-01     4.0556      6.785      9.841    11.6363 0.0000e+00
      6.932      0.051     6.1457     56.690     46.320  33.942418     3.4200     5.8050     0.1278     0.8883 1.1620e-01     4.1307      6.798      9.859    11.6362 0.0000e+00
      6.945      0.054     6.1493     56.699     46.315  33.938587     3.4200     5.8050     0.1278     0.8883 1.1623e-01     4.1458      6.811      9.878    11.6361 0.0000e+00
      6.959      0.058     6.1518     56.690     46.303  33.929294     3.4200     5.7897     0.1278     0.8883 1.1605e-01     4.1157      6.824      9.898    11.6360 0.0000e+00
      6.974      0.061     6.1556     56.683     46.296  33.923944     3.4200     5.9118     0.1278     0.8883 1.1595e-01     4.2810      6.839      9.919    11.6359 0.0000e+00
      6.990      0.064     6.1597     56.673     46.292  33.921109     3.4200     5.9233     0.0852     0.9306 1.1607e-01     4.4614      6.855      9.942    11.6358 0.0000e+00
      7.007      0.067     6.1607     56.661     46.291  33.920035     3.4200     5.9309     0.0852     0.9306 1.1617e-01     4.3562      6.871      9.966    11.6357 0.0000e+00
      7.025      0.070     6.1597     56.652     46.297  33.924395     3.4200     5.9233     0.0852     0.9306 1.1605e-01     4.2810      6.889      9.992    11.6356 0.0000e+00
      7.044      0.071     6.1589     56.651     46.306  33.931391     3.4200     5.9004     0.0852     0.9306 1.1605e-01     4.6267      6.907     10.018    11.6355 0.0000e+00
      7.063      0.071     6.1578     56.658     46.316  33.938927     3.4200     5.9271     0.0852     0.9306 1.1612e-01     4.5366      6.926     10.046    11.6354 0.0000e+00
      7.081      0.071     6.1566     56.662     46.325  33.945053     3.5100     5.9156     0.0426     0.8460 1.1623e-01     4.5967      6.945     10.072    11.6354 0.0000e+00
      7.099      0.070     6.1556     56.651     46.333  33.951402     3.5100     5.9042     0.0426     0.8460 1.1633e-01     4.6418      6.962     10.097    11.6354 0.0000e+00
      7.116      0.070     6.1555     56.629     46.344  33.959667     3.5100     6.0453     0.0426     0.8460 1.1617e-01     4.6418      6.978     10.121    11.6354 0.0000e+00
      7.133      0.069     6.1563     56.606     46.350  33.964130     3.5100     6.0453     0.0426     0.8460 1.1612e-01     4.5366      6.995     10.146    11.6354 0.0000e+00
      7.151      0.069     6.1567     56.576     46.353  33.965983     3.3300     6.0606     0.0852     0.9729 1.1605e-01     4.5666      7.013     10.171    11.6354 0.0000e+00
      7.169      0.069     6.1555     56.536     46.358  33.969679     3.3300     6.0682     0.0852     0.9729 1.1623e-01     4.5366      7.030     10.197    11.6355 0.0000e+00
      7.187      0.069     6.1531     56.506     46.362  33.972244     3.3300     6.2246     0.0852     0.9729 1.1617e-01     4.3111      7.048     10.222    11.6355 0.0000e+00
      7.205      0.069     6.1505     56.487     46.359  33.970401     3.3300     6.2361     0.0852     0.9729 1.1633e-01     4.3712      7.066     10.248    11.6355 0.0000e+00
      7.223      0.069     6.1474     56.466     46.355  33.967618     3.4200     6.2437     0.0852     0.9729 1.1623e-01     4.4013      7.083     10.273    11.6355 0.0000e+00
      7.240      0.068     6.1430     56.451     46.355  33.967115     3.4200     6.2323     0.0852     0.9729 1.1633e-01     4.3863      7.100     10.297    11.6354 0.0000e+00
      7.257      0.068     6.1397     56.460     46.352  33.964796     3.4200     6.1216     0.0852     0.9729 1.1617e-01     4.3712      7.117     10.322    11.6354 0.0000e+00
      7.275      0.067     6.1377     56.489     46.340  33.956082     3.4200     6.0987     0.0852     0.9729 1.1590e-01     4.1909      7.134     10.347    11.6353 0.0000e+00
      7.292      0.066     6.1354     56.527     46.327  33.946572     3.3300     6.0949     0.0852     0.9306 1.1605e-01     4.3412      7.151     10.371    11.6353 0.0000e+00
      7.309      0.065     6.1338     56.584     46.326  33.945611     3.3300     6.1178     0.0852     0.9306 1.1623e-01     4.4314      7.167     10.395    11.6353 0.0000e+00
      7.325      0.064     6.1348     56.659     46.330  33.948983     3.3300     6.0873     0.0852     0.9306 1.1612e-01     4.5666      7.183     10.418    11.6353 0.0000e+00
      7.341      0.063     6.1379     56.732     46.326  33.945704     3.3300     6.1102     0.0852     0.9306 1.1605e-01     4.5065      7.199     10.441    11.6352 0.0000e+00
      7.357      0.062     6.1420     56.768     46.316  33.938861     3.3300     6.1178     0.0852     0.9306 1.1610e-01     4.6267      7.214     10.463    11.6352 0.0000e+00
      7.372      0.061     6.1482     56.755     46.310  33.934551     3.3300     6.1216     0.0852     0.9306 1.1638e-01     4.5967      7.230     10.486    11.6352 0.0000e+00
      7.388      0.061     6.1564     56.719     46.306  33.931624     3.3300     6.3734     0.0852     0.9306 1.1597e-01     4.9273      7.245     10.508    11.6352 0.0000e+00
      7.403      0.060     6.1643     56.680     46.303  33.929299     3.3300     6.3963     0.0852     0.9306 1.1615e-01     4.8372      7.260     10.530    11.6352 0.0000e+00
      7.418      0.060     6.1683     56.633     46.295  33.922997     3.3300     6.3658     0.0852     0.9306 1.1623e-01     4.8522      7.275     10.551    11.6352 0.0000e+00
      7.434      0.060     6.1669     56.572     46.284  33.914997     3.3300     6.3429     0.0852     0.8883 1.1607e-01     4.8522      7.290     10.573    11.6352 0.0000e+00
      7.449      0.060     6.1629     56.517     46.284  33.915047     3.3300     6.0530     0.0852     0.8883 1.1617e-01     4.3712      7.305     10.595    11.6352 0.0000e+00
      7.465      0.060     6.1587     56.494     46.290  33.919202     3.3300     6.0568     0.0852     0.8883 1.1615e-01     4.4314      7.320     10.617    11.6352 0.0000e+00
      7.480      0.059     6.1537     56.498     46.292  33.920646     3.3300     6.0759     0.0852     0.8883 1.1607e-01     4.3261      7.335     10.639    11.6352 0.0000e+00
      7.495      0.059     6.1470     56.504     46.296  33.923727     3.4200     6.0644     0.0852     0.8883 1.1623e-01     4.3712      7.350     10.660    11.6351 0.0000e+00
      7.510      0.058     6.1411     56.494     46.303  33.929265     3.4200     6.0491     0.0852     0.8883 1.1623e-01     4.3412      7.365     10.681    11.6351 0.0000e+00
      7.525      0.057     6.1386     56.477     46.305  33.930815     3.4200     6.0606     0.0852     0.8883 1.1612e-01     4.3261      7.379     10.702    11.6351 0.0000e+00
      7.539      0.056     6.1390     56.466     46.302  33.928791     3.4200     6.0453     0.0852     0.8883 1.1617e-01     4.3412      7.393     10.723    11.6350 0.0000e+00
      7.553      0.056     6.1396     56.474     46.299  33.926615     3.4200     6.0797     0.0852     1.0152 1.1605e-01     4.3712      7.407     10.743    11.6350 0.0000e+00
      7.567      0.056     6.1385     56.494     46.295  33.923705     3.4200     5.9233     0.0852     1.0152 1.1612e-01     4.3261      7.421     10.763    11.6350 0.0000e+00
      7.581      0.056     6.1366     56.515     46.295  33.923247     3.4200     5.9194     0.0852     1.0152 1.1615e-01     4.2961      7.434     10.783    11.6351 0.0000e+00
      7.595      0.056     6.1355     56.529     46.297  33.925118     3.4200     5.9309     0.0852     1.0152 1.1605e-01     4.4764      7.448     10.803    11.6351 0.0000e+00
      7.610      0.054     6.1363     56.542     46.298  33.925856     3.4200     5.9156     0.0852     1.0152 1.1607e-01     4.3712      7.463     10.824    11.6352 0.0000e+00
      7.625      0.052     6.1384     56.554     46.297  33.925659     3.4200     5.6791     0.0852     0.9729 1.1620e-01     4.0857      7.477     10.845    11.6353 0.0000e+00
      7.639      0.049     6.1407     56.554     46.295  33.924473     3.4200     5.6791     0.0852     0.9729 1.1617e-01     4.0706      7.491     10.865    11.6354 0.0000e+00
      7.651      0.045     6.1422     56.534     46.291  33.921983     3.4200     5.7020     0.0852     0.9729 1.1610e-01     4.0857      7.503     10.882    11.6356 0.0000e+00
      7.662      0.042     6.1436     56.504     46.290  33.921485     3.4200     5.6867     0.0852     0.9729 1.1623e-01     4.1758      7.514     10.897    11.6359 0.0000e+00
      7.671      0.039     6.1449     56.481     46.302  33.930769     3.4200     5.8584     0.1278     0.9306 1.1610e-01     4.0406      7.523     10.911    11.6362 0.0000e+00
      7.680      0.038     6.1448     56.482     46.320  33.944388     3.4200     5.8508     0.1278     0.9306 1.1623e-01     3.9955      7.531     10.923    11.6366 0.0000e+00
      7.689      0.038     6.1426     56.502     46.328  33.950130     3.4200     5.8851     0.1278     0.9306 1.1628e-01     4.0857      7.540     10.936    11.6371 0.0000e+00
      7.698      0.039     6.1392     56.531     46.328  33.949527     3.4200     5.8660     0.1278     0.9306 1.1617e-01     4.1758      7.549     10.949    11.6375 0.0000e+00
      7.708      0.040     6.1367     56.560     46.324  33.946380     3.4200     6.2475     0.0852     0.8037 1.1610e-01     4.5666      7.559     10.964    11.6379 0.0000e+00
      7.719      0.041     6.1367     56.588     46.315  33.939848     3.4200     6.2323     0.0852     0.8037 1.1612e-01     4.5967      7.570     10.979    11.6381 0.0000e+00
      7.730      0.043     6.1390     56.605     46.311  33.936112     3.4200     6.2284     0.0852     0.8037 1.1612e-01     4.6117      7.581     10.995    11.6380 0.0000e+00
      7.741      0.044     6.1421     56.607     46.314  33.938136     3.4200     6.2246     0.0852     0.8037 1.1617e-01     4.5817      7.592     11.011    11.6377 0.0000e+00
      7.752      0.045     6.1454     56.593     46.315  33.938538     3.4200     6.3009     0.0852     0.8883 1.1612e-01     4.2360      7.602     11.026    11.6373 0.0000e+00
      7.764      0.046     6.1484     56.558     46.319  33.941385     3.4200     6.2818     0.0852     0.8883 1.1617e-01     4.4764      7.614     11.042    11.6370 0.0000e+00
      7.775      0.047     6.1503     56.515     46.327  33.947439     3.4200     6.3162     0.0852     0.8883 1.1612e-01     4.3863      7.625     11.059    11.6367 0.0000e+00
      7.788      0.048     6.1506     56.493     46.326  33.946429     3.4200     6.2857     0.0852     0.8883 1.1633e-01     4.4314      7.637     11.077    11.6364 0.0000e+00
      7.800      0.049     6.1491     56.495     46.315  33.938087     3.4200     6.6595     0.0852     0.8883 1.1623e-01     4.3111      7.649     11.095    11.6362 0.0000e+00
      7.813      0.049     6.1452     56.509     46.301  33.928111     3.3300     6.6938     0.0852     0.8883 1.1590e-01     4.4314      7.662     11.113    11.6360 0.0000e+00
      7.826      0.050     6.1406     56.521     46.293  33.921761     3.3300     6.6633     0.0852     0.8883 1.1615e-01     4.2961      7.674     11.131    11.6359 0.0000e+00
      7.838      0.050     6.1382     56.538     46.292  33.921304     3.3300     6.6519     0.0852     0.8883 1.1617e-01     4.3412      7.687     11.149    11.6358 0.0000e+00
      7.851      0.051     6.1385     56.570     46.294  33.922659     3.3300     6.9075     0.0852     0.8883 1.1617e-01     4.4013      7.699     11.167    11.6357 0.0000e+00
      7.864      0.052     6.1401     56.596     46.294  33.922226     3.4200     6.9113     0.1278     0.8883 1.1607e-01     4.3712      7.712     11.185    11.6356 0.0000e+00
      7.878      0.053     6.1414     56.591     46.291  33.919890     3.4200     6.9113     0.1278     0.8883 1.1630e-01     4.2961      7.725     11.205    11.6356 0.0000e+00
      7.891      0.054     6.1432     56.568     46.284  33.915026     3.4200     6.9113     0.1278     0.8883 1.1633e-01     4.2660      7.739     11.224    11.6355 0.0000e+00
      7.906      0.055     6.1467     56.539     46.277  33.910299     3.4200     6.1178     0.1278     0.8883 1.1625e-01     4.5967      7.753     11.244    11.6355 0.0000e+00
      7.920      0.056     6.1495     56.514     46.275  33.908410     3.4200     6.1293     0.0852     0.9729 1.1623e-01     4.6267      7.767     11.265    11.6354 0.0000e+00
      7.934      0.057     6.1491     56.501     46.275  33.908854     3.4200     6.1064     0.0852     0.9729 1.1638e-01     4.5366      7.781     11.285    11.6353 0.0000e+00
