Data/DataNotYetUploadedToEDI/Raw_CTD/RawDownloads/110623_fcr50_S8188002.cnv
* Sea-Bird SBE19plus  Data File:
* FileName = C:\R\Reservoirs\Data\DataNotYetUploadedToEDI\Raw_CTD\RawDownloads\110623_bvr50_S8188_0002.hex
* Software version 2.8.0.119
* Temperature SN = 8188
* Conductivity SN = 8188
* System UpLoad Time = Nov 14 2023 17:10:22
* <ApplicationData>
* <Seaterm232>
# nquan = 16
# nvalues = 1432                        
# units = specified
# name 0 = depFM: Depth [fresh water, m]
# name 1 = dz/dtM: Descent Rate [m/s]
# name 2 = sbeox0Mg/L: Oxygen, SBE 43 [mg/l]
# name 3 = sbeox0PS: Oxygen, SBE 43 [% saturation]
# name 4 = specc: Specific Conductance [uS/cm]
# name 5 = c0uS/cm: Conductivity [uS/cm]
# name 6 = wetCDOM: Fluorescence, WET Labs CDOM [mg/m^3]
# name 7 = flECO-AFL: Fluorescence, WET Labs ECO-AFL/FL [mg/m^3]
# name 8 = flECO-AFL1: Fluorescence, WET Labs ECO-AFL/FL, 2 [mg/m^3]
# name 9 = flECO-AFL2: Fluorescence, WET Labs ECO-AFL/FL, 3 [mg/m^3]
# name 10 = par/sat/log: PAR/Logarithmic, Satlantic
# name 11 = turbWETntu0: Turbidity, WET Labs ECO [NTU]
# name 12 = prdM: Pressure, Strain Gauge [db]
# name 13 = prdE: Pressure, Strain Gauge [psi]
# name 14 = tv290C: Temperature [ITS-90, deg C]
# name 15 = flag:  0.000e+00
# span 0 =     -0.658,      9.537       
# span 1 =     -0.274,      0.132       
# span 2 =     2.6154,     8.0782       
# span 3 =     24.082,     75.442       
# span 4 =      0.582,    343.845       
# span 5 =   0.498490, 252.614223       
# span 6 =    -4.5000,     7.7400       
# span 7 =    -0.3291,    15.1473       
# span 8 =    -2.1300,     7.8384       
# span 9 =   -10.3635,     6.8949       
# span 10 = 1.1585e-01, 1.8116e+03      
# span 11 =    -7.5477,   140.6344      
# span 12 =     -0.645,      9.353      
# span 13 =     -0.935,     13.565      
# span 14 =    11.6347,    17.7774      
# span 15 = 0.0000e+00, 0.0000e+00      
# interval = seconds: 0.25
# start_time = Nov 06 2023 13:44:59 [Instrument's time stamp, header]
# bad_flag = -9.990e-29
*END*
[from data line 452]
      1.964      0.051     5.9928     55.179     46.197  33.920436     3.3300     8.0252     0.0852     1.4805 1.4288e+01     3.8903      1.926      2.793    11.7125 0.0000e+00
      1.977      0.052     5.9863     55.170     46.197  33.919452     3.3300     8.6584     0.0852     1.4805 1.3860e+01     4.3261      1.939      2.812    11.7120 0.0000e+00
      1.990      0.052     5.9838     55.151     46.198  33.919793     3.3300     8.6737     0.0852     1.4805 1.3568e+01     4.3412      1.952      2.831    11.7115 0.0000e+00
      2.004      0.052     5.9846     55.120     46.201  33.921549     3.4200     8.6813     0.0852     1.5651 1.3305e+01     4.3412      1.965      2.850    11.7108 0.0000e+00
      2.017      0.053     5.9854     55.082     46.201  33.921228     3.4200     8.6661     0.0852     1.5651 1.2966e+01     4.4314      1.978      2.869    11.7100 0.0000e+00
      2.031      0.053     5.9846     55.025     46.203  33.922704     3.4200     9.0743     0.0852     1.5651 1.2493e+01     4.1007      1.992      2.888    11.7092 0.0000e+00
      2.044      0.053     5.9826     54.930     46.213  33.930333     3.4200     9.1086     0.0852     1.5651 1.2269e+01     4.1458      2.005      2.908    11.7086 0.0000e+00
      2.058      0.053     5.9792     54.805     46.224  33.938226     3.4200     9.0895     0.0852     1.5228 1.1938e+01     4.1307      2.019      2.927    11.7082 0.0000e+00
      2.071      0.054     5.9751     54.672     46.217  33.932646     3.4200     9.0971     0.0852     1.5228 1.1868e+01     4.0857      2.032      2.946    11.7081 0.0000e+00
      2.085      0.054     5.9689     54.547     46.195  33.916065     3.4200     8.8606     0.0852     1.5228 1.1563e+01     3.9203      2.045      2.966    11.7079 0.0000e+00
      2.099      0.054     5.9586     54.447     46.185  33.907826     3.4200     8.8873     0.0852     1.5228 1.1322e+01     3.8903      2.058      2.985    11.7078 0.0000e+00
      2.113      0.055     5.9451     54.365     46.195  33.913655     3.4200     8.8454     0.0852     1.5228 1.1202e+01     3.8452      2.072      3.005    11.7076 0.0000e+00
      2.127      0.056     5.9307     54.295     46.210  33.923222     3.3300     8.8492     0.0852     1.4805 1.0968e+01     3.9053      2.086      3.025    11.7072 0.0000e+00
      2.141      0.056     5.9173     54.248     46.218  33.927198     3.3300     8.1320     0.0852     1.4805 1.0447e+01     4.1608      2.100      3.045    11.7066 0.0000e+00
      2.156      0.056     5.9065     54.223     46.215  33.922681     3.3300     8.1396     0.0852     1.4805 1.0194e+01     4.0857      2.114      3.066    11.7056 0.0000e+00
      2.170      0.056     5.8979     54.210     46.208  33.916387     3.3300     8.2007     0.0852     1.4805 1.0066e+01     4.1157      2.128      3.086    11.7041 0.0000e+00
      2.184      0.056     5.8905     54.201     46.207  33.914561     3.4200     8.1244     0.1278     1.4805 9.7643e+00     4.1007      2.142      3.107    11.7022 0.0000e+00
      2.199      0.056     5.8856     54.195     46.206  33.912755     3.4200     8.2808     0.1278     1.4805 9.6882e+00     4.1608      2.156      3.127    11.7003 0.0000e+00
      2.213      0.056     5.8832     54.202     46.204  33.910487     3.4200     8.2655     0.1278     1.4805 9.2621e+00     4.0105      2.170      3.147    11.6984 0.0000e+00
      2.227      0.055     5.8820     54.228     46.205  33.911113     3.4200     8.2808     0.1278     1.4805 8.9223e+00     4.1007      2.184      3.168    11.6968 0.0000e+00
      2.242      0.054     5.8812     54.264     46.205  33.910838     3.4200     8.2960     0.0852     1.3536 8.7002e+00     4.1157      2.198      3.188    11.6956 0.0000e+00
      2.256      0.053     5.8807     54.292     46.198  33.905629     3.4200     8.0748     0.0852     1.3536 8.4726e+00     3.8602      2.212      3.208    11.6946 0.0000e+00
      2.269      0.051     5.8816     54.306     46.188  33.898058     3.4200     8.0939     0.0852     1.3536 8.3248e+00     3.8301      2.225      3.227    11.6938 0.0000e+00
      2.282      0.050     5.8845     54.302     46.183  33.894027     3.4200     8.0939     0.0852     1.3536 8.1565e+00     3.8151      2.238      3.246    11.6934 0.0000e+00
      2.294      0.049     5.8883     54.284     46.186  33.896422     3.4200     8.0862     0.0852     1.3113 7.9985e+00     3.8452      2.250      3.263    11.6931 0.0000e+00
      2.306      0.049     5.8914     54.264     46.194  33.901921     3.4200     8.0137     0.0852     1.3113 8.0596e+00     3.8001      2.261      3.280    11.6929 0.0000e+00
      2.318      0.049     5.8929     54.251     46.197  33.904068     3.4200     8.0061     0.0852     1.3113 8.0421e+00     3.8903      2.273      3.296    11.6928 0.0000e+00
      2.330      0.050     5.8926     54.240     46.191  33.899476     3.4200     8.0672     0.0852     1.3113 7.9742e+00     3.8752      2.285      3.314    11.6927 0.0000e+00
      2.343      0.051     5.8906     54.247     46.185  33.894841     3.4200     8.0328     0.0852     1.3113 7.4904e+00     3.8903      2.298      3.332    11.6927 0.0000e+00
      2.357      0.052     5.8885     54.284     46.188  33.896850     3.3300     6.9151     0.1278     1.3113 7.0759e+00     3.8151      2.311      3.352    11.6925 0.0000e+00
      2.371      0.052     5.8870     54.315     46.196  33.902076     3.3300     6.8922     0.1278     1.3113 6.9858e+00     3.9654      2.325      3.372    11.6923 0.0000e+00
      2.385      0.051     5.8859     54.313     46.204  33.907954     3.3300     6.9304     0.1278     1.3113 6.9555e+00     3.9203      2.339      3.392    11.6920 0.0000e+00
      2.398      0.049     5.8868     54.276     46.210  33.912089     3.3300     6.9037     0.1278     1.3113 6.6829e+00     3.7700      2.351      3.410    11.6916 0.0000e+00
      2.410      0.048     5.8907     54.215     46.210  33.911623     3.3300     6.8045     0.0852     1.2267 6.6078e+00     3.5596      2.363      3.427    11.6912 0.0000e+00
      2.421      0.047     5.8942     54.156     46.203  33.906432     3.3300     6.8083     0.0852     1.2267 6.6785e+00     3.6047      2.375      3.444    11.6909 0.0000e+00
      2.433      0.047     5.8940     54.119     46.194  33.899092     3.3300     6.7587     0.0852     1.2267 6.6193e+00     3.5897      2.386      3.460    11.6907 0.0000e+00
      2.444      0.048     5.8900     54.101     46.191  33.895567     3.3300     6.8121     0.0852     1.2267 6.4643e+00     3.6949      2.397      3.476    11.6905 0.0000e+00
      2.456      0.049     5.8835     54.101     46.197  33.898880     3.3300     6.5374     0.0852     1.3113 6.2679e+00     3.6197      2.409      3.493    11.6903 0.0000e+00
      2.469      0.050     5.8771     54.125     46.209  33.905951     3.3300     6.5298     0.0852     1.3113 6.0788e+00     3.7249      2.421      3.512    11.6898 0.0000e+00
      2.482      0.052     5.8732     54.155     46.213  33.906784     3.3300     6.5298     0.0852     1.3113 5.9753e+00     3.6498      2.434      3.530    11.6889 0.0000e+00
      2.495      0.053     5.8714     54.181     46.204  33.897641     3.3300     6.5718     0.0852     1.3113 5.8966e+00     3.6047      2.447      3.549    11.6877 0.0000e+00
      2.509      0.054     5.8716     54.218     46.194  33.887965     3.3300     6.5947     0.0852     1.3113 5.7063e+00     3.7851      2.461      3.569    11.6863 0.0000e+00
      2.523      0.055     5.8745     54.269     46.190  33.883098     3.3300     6.6023     0.1278     1.1844 5.4874e+00     3.8151      2.474      3.589    11.6846 0.0000e+00
      2.537      0.055     5.8780     54.329     46.190  33.881742     3.3300     6.5756     0.1278     1.1844 5.3928e+00     3.7550      2.488      3.609    11.6823 0.0000e+00
      2.552      0.056     5.8811     54.430     46.194  33.883535     3.3300     6.6175     0.1278     1.1844 5.2108e+00     3.7851      2.502      3.629    11.6796 0.0000e+00
      2.566      0.056     5.8855     54.600     46.197  33.884995     3.3300     6.9151     0.1278     1.1844 5.1590e+00     3.8903      2.516      3.649    11.6769 0.0000e+00
      2.580      0.056     5.8913     54.832     46.194  33.882549     3.4200     6.9456     0.0852     1.0998 4.9838e+00     3.8301      2.530      3.669    11.6749 0.0000e+00
      2.594      0.056     5.8981     55.107     46.190  33.879507     3.4200     6.9227     0.0852     1.0998 4.7801e+00     3.8452      2.544      3.690    11.6735 0.0000e+00
      2.609      0.057     5.9091     55.399     46.189  33.879018     3.4200     6.9227     0.0852     1.0998 4.6662e+00     3.8903      2.558      3.710    11.6726 0.0000e+00
      2.623      0.057     5.9277     55.683     46.192  33.880952     3.4200     6.7320     0.0852     1.0998 4.6158e+00     3.8602      2.572      3.731    11.6720 0.0000e+00
      2.637      0.057     5.9529     55.948     46.199  33.885825     3.4200     6.7320     0.0852     1.0998 4.4960e+00     3.7851      2.586      3.751    11.6717 0.0000e+00
      2.652      0.057     5.9827     56.191     46.206  33.890974     3.4200     6.7587     0.0852     1.0998 4.3273e+00     3.9203      2.601      3.771    11.6716 0.0000e+00
      2.666      0.057     6.0145     56.383     46.210  33.893813     3.4200     6.7358     0.0852     1.0998 4.2750e+00     3.8452      2.615      3.792    11.6716 0.0000e+00
      2.681      0.057     6.0453     56.504     46.212  33.895098     3.4200     6.4802     0.0852     1.0998 4.1885e+00     3.6197      2.629      3.814    11.6715 0.0000e+00
      2.696      0.057     6.0741     56.566     46.213  33.895173     3.3300     6.5069     0.0852     1.0998 3.9939e+00     3.5596      2.644      3.835    11.6714 0.0000e+00
      2.711      0.057     6.1005     56.574     46.206  33.890095     3.3300     6.4802     0.0852     1.0998 3.9456e+00     3.5295      2.658      3.855    11.6712 0.0000e+00
      2.725      0.057     6.1214     56.535     46.191  33.878512     3.3300     6.5031     0.0852     1.0998 3.9464e+00     3.5897      2.672      3.876    11.6709 0.0000e+00
      2.739      0.058     6.1346     56.492     46.178  33.869216     3.3300     6.6595     0.0852     1.0998 3.8692e+00     3.6197      2.686      3.896    11.6704 0.0000e+00
      2.754      0.059     6.1414     56.479     46.171  33.863689     3.3300     6.6710     0.0852     1.0998 3.7983e+00     3.5596      2.700      3.917    11.6700 0.0000e+00
      2.769      0.060     6.1423     56.491     46.160  33.856498     3.4200     6.6710     0.0852     1.1844 3.6789e+00     3.6949      2.715      3.938    11.6697 0.0000e+00
      2.784      0.061     6.1381     56.512     46.150  33.849685     3.4200     6.6710     0.0852     1.1844 3.6431e+00     3.5897      2.730      3.960    11.6695 0.0000e+00
      2.800      0.061     6.1335     56.533     46.143  33.845394     3.4200     6.6175     0.0852     1.1844 3.4393e+00     3.6047      2.746      3.982    11.6694 0.0000e+00
      2.816      0.061     6.1319     56.533     46.144  33.846441     3.4200     6.6099     0.0852     1.1844 3.3009e+00     3.5746      2.762      4.005    11.6697 0.0000e+00
      2.832      0.060     6.1332     56.506     46.152  33.853107     3.3300     6.6290     0.0852     1.0998 3.2355e+00     3.5295      2.777      4.028    11.6702 0.0000e+00
      2.848      0.058     6.1354     56.452     46.160  33.859246     3.3300     6.6099     0.0852     1.0998 3.0838e+00     3.5596      2.793      4.050    11.6709 0.0000e+00
      2.863      0.056     6.1376     56.355     46.170  33.866495     3.3300     6.9456     0.0852     1.0998 3.0399e+00     3.6047      2.807      4.071    11.6717 0.0000e+00
      2.876      0.053     6.1375     56.225     46.184  33.876789     3.3300     6.9571     0.0852     1.0998 3.0485e+00     3.6648      2.821      4.091    11.6723 0.0000e+00
      2.889      0.050     6.1346     56.092     46.196  33.884951     3.3300     6.8998     0.0852     1.0152 2.9940e+00     3.6197      2.833      4.110    11.6727 0.0000e+00
      2.902      0.047     6.1286     55.973     46.196  33.885235     3.3300     6.8922     0.0852     1.0152 2.9329e+00     3.6498      2.845      4.127    11.6730 0.0000e+00
      2.914      0.045     6.1180     55.877     46.192  33.881677     3.3300     7.1249     0.0852     1.0152 2.8493e+00     4.1157      2.857      4.144    11.6731 0.0000e+00
      2.925      0.042     6.1039     55.792     46.197  33.885211     3.3300     7.1364     0.0852     1.0152 2.8370e+00     4.1758      2.868      4.160    11.6730 0.0000e+00
      2.935      0.040     6.0895     55.705     46.208  33.892820     3.3300     7.1173     0.0852     0.9729 2.7772e+00     4.0706      2.878      4.175    11.6728 0.0000e+00
      2.945      0.039     6.0767     55.632     46.210  33.894650     3.3300     7.1058     0.0852     0.9729 2.7639e+00     4.1157      2.888      4.188    11.6725 0.0000e+00
      2.954      0.039     6.0663     55.595     46.206  33.891189     3.3300     6.6862     0.0852     0.9729 2.7549e+00     3.5746      2.897      4.202    11.6722 0.0000e+00
      2.963      0.040     6.0571     55.602     46.203  33.889435     3.3300     6.6710     0.0852     0.9729 2.7887e+00     3.6348      2.906      4.215    11.6720 0.0000e+00
      2.973      0.042     6.0477     55.651     46.203  33.888921     3.3300     6.6519     0.0852     0.9729 2.7520e+00     3.6648      2.915      4.228    11.6718 0.0000e+00
      2.983      0.045     6.0398     55.740     46.204  33.889509     3.3300     6.6938     0.0852     0.8883 2.7543e+00     3.7249      2.926      4.243    11.6716 0.0000e+00
      2.995      0.049     6.0358     55.842     46.213  33.895316     3.3300     6.6938     0.0852     0.8883 2.7579e+00     3.9354      2.937      4.260    11.6714 0.0000e+00
      3.008      0.053     6.0366     55.936     46.219  33.899971     3.3300     6.6862     0.0852     0.8883 2.6121e+00     3.8151      2.950      4.278    11.6712 0.0000e+00
      3.023      0.056     6.0420     56.016     46.215  33.896793     3.3300     6.6671     0.0852     0.8883 2.5432e+00     3.7851      2.964      4.299    11.6709 0.0000e+00
      3.038      0.059     6.0516     56.075     46.205  33.888894     3.3300     6.6824     0.1278     0.9306 2.4282e+00     3.9203      2.980      4.322    11.6705 0.0000e+00
      3.054      0.060     6.0628     56.108     46.196  33.882091     3.3300     6.9799     0.1278     0.9306 2.3427e+00     4.0105      2.996      4.345    11.6702 0.0000e+00
      3.071      0.061     6.0730     56.115     46.192  33.878530     3.3300     6.9456     0.1278     0.9306 2.3003e+00     4.0556      3.011      4.368    11.6698 0.0000e+00
      3.086      0.060     6.0818     56.105     46.191  33.877262     3.3300     6.9532     0.1278     0.9306 2.2543e+00     4.0706      3.027      4.390    11.6695 0.0000e+00
      3.101      0.060     6.0882     56.104     46.193  33.877947     3.2400     6.9799     0.0852     0.9729 2.2116e+00     4.0857      3.042      4.411    11.6692 0.0000e+00
      3.116      0.059     6.0918     56.125     46.199  33.880769     3.2400     6.9380     0.0852     0.9729 2.1754e+00     4.0857      3.056      4.432    11.6689 0.0000e+00
      3.131      0.058     6.0926     56.147     46.210  33.886480     3.2400     6.9189     0.0852     0.9729 2.1495e+00     4.0857      3.070      4.453    11.6688 0.0000e+00
      3.145      0.058     6.0916     56.154     46.227  33.896604     3.2400     6.8998     0.0852     0.9729 2.0425e+00     4.0706      3.085      4.474    11.6684 0.0000e+00
      3.160      0.058     6.0916     56.154     46.248  33.909878     3.3300     6.9151     0.1278     0.9306 2.0003e+00     4.1157      3.099      4.495    11.6674 0.0000e+00
      3.175      0.057     6.0942     56.157     46.261  33.917960     3.3300     6.4650     0.1278     0.9306 1.9646e+00     3.8452      3.113      4.516    11.6655 0.0000e+00
