Data/DataNotYetUploadedToEDI/Raw_CTD/RawDownloads/110623_fcr50_S8188002.cnv
* Sea-Bird SBE19plus  Data File:
* FileName = C:\R\Reservoirs\Data\DataNotYetUploadedToEDI\Raw_CTD\RawDownloads\110623_bvr50_S8188_0002.hex
* Software version 2.8.0.119
* Temperature SN = 8188
* Conductivity SN = 8188
* System UpLoad Time = Nov 14 2023 17:10:22
* <ApplicationData>
* <Seaterm232>
# nquan = 16
# nvalues = 1432                        
# units = specified
# name 0 = depFM: Depth [fresh water, m]
# name 1 = dz/dtM: Descent Rate [m/s]
# name 2 = sbeox0Mg/L: Oxygen, SBE 43 [mg/l]
# name 3 = sbeox0PS: Oxygen, SBE 43 [% saturation]
# name 4 = specc: Specific Conductance [uS/cm]
# name 5 = c0uS/cm: Conductivity [uS/cm]
# name 6 = wetCDOM: Fluorescence, WET Labs CDOM [mg/m^3]
# name 7 = flECO-AFL: Fluorescence, WET Labs ECO-AFL/FL [mg/m^3]
# name 8 = flECO-AFL1: Fluorescence, WET Labs ECO-AFL/FL, 2 [mg/m^3]
# name 9 = flECO-AFL2: Fluorescence, WET Labs ECO-AFL/FL, 3 [mg/m^3]
# name 10 = par/sat/log: PAR/Logarithmic, Satlantic
# name 11 = turbWETntu0: Turbidity, WET Labs ECO [NTU]
# name 12 = prdM: Pressure, Strain Gauge [db]
# name 13 = prdE: Pressure, Strain Gauge [psi]
# name 14 = tv290C: Temperature [ITS-90, deg C]
# name 15 = flag:  0.000e+00
# span 0 =     -0.658,      9.537       
# span 1 =     -0.274,      0.132       
# span 2 =     2.6154,     8.0782       
# span 3 =     24.082,     75.442       
# span 4 =      0.582,    343.845       
# span 5 =   0.498490, 252.614223       
# span 6 =    -4.5000,     7.7400       
# span 7 =    -0.3291,    15.1473       
# span 8 =    -2.1300,     7.8384       
# span 9 =   -10.3635,     6.8949       
# span 10 = 1.1585e-01, 1.8116e+03      
# span 11 =    -7.5477,   140.6344      
# span 12 =     -0.645,      9.353      
# span 13 =     -0.935,     13.565      
# span 14 =    11.6347,    17.7774      
# span 15 = 0.0000e+00, 0.0000e+00      
# interval = seconds: 0.25
# start_time = Nov 06 2023 13:44:59 [Instrument's time stamp, header]
# bad_flag = -9.990e-29
*END*
[from data line 633]
      4.070      0.024     6.2004     57.041     46.263  33.919242     3.4200     6.4383     0.0852     0.8883 4.0422e-01     3.8001      3.991      5.789    11.6579 0.0000e+00
      4.076      0.024     6.1978     57.054     46.267  33.921621     3.3300     6.3848     0.0852     0.9306 4.2126e-01     3.9203      3.997      5.798    11.6587 0.0000e+00
      4.082      0.025     6.1963     57.098     46.273  33.925899     3.3300     6.3925     0.0852     0.9306 3.9356e-01     3.9203      4.004      5.806    11.6586 0.0000e+00
      4.089      0.026     6.1956     57.134     46.273  33.925297     3.3300     6.3429     0.0852     0.9306 4.0917e-01     3.8151      4.010      5.815    11.6577 0.0000e+00
      4.095      0.027     6.1948     57.155     46.266  33.919652     3.3300     6.3658     0.0852     0.9306 3.8301e-01     3.7851      4.016      5.825    11.6566 0.0000e+00
      4.102      0.028     6.1964     57.200     46.267  33.919343     3.4200     6.4230     0.0852     0.9729 3.7805e-01     3.8452      4.023      5.834    11.6558 0.0000e+00
      4.109      0.030     6.2012     57.249     46.280  33.928247     3.4200     6.4077     0.0852     0.9729 3.8168e-01     3.9354      4.030      5.845    11.6553 0.0000e+00
      4.117      0.031     6.2052     57.234     46.294  33.936857     3.4200     6.4039     0.0852     0.9729 4.0642e-01     3.8301      4.038      5.856    11.6549 0.0000e+00
      4.126      0.032     6.2075     57.159     46.300  33.939546     3.4200     6.4001     0.0852     0.9729 3.7920e-01     3.8602      4.046      5.868    11.6543 0.0000e+00
      4.134      0.033     6.2126     57.068     46.303  33.940993     3.4200     6.4955     0.0852     0.9729 3.7194e-01     3.8452      4.054      5.880    11.6534 0.0000e+00
      4.143      0.034     6.2181     56.983     46.310  33.945545     3.4200     6.4917     0.1278     0.8037 3.7397e-01     3.8452      4.063      5.892    11.6521 0.0000e+00
      4.151      0.034     6.2167     56.898     46.318  33.950453     3.4200     6.4955     0.1278     0.8037 3.4885e-01     3.7400      4.071      5.904    11.6508 0.0000e+00
      4.160      0.033     6.2088     56.822     46.322  33.953067     3.4200     6.5222     0.1278     0.8037 3.3641e-01     3.9053      4.080      5.917    11.6495 0.0000e+00
      4.169      0.033     6.1990     56.797     46.323  33.954083     3.4200     6.6519     0.1278     0.8037 3.7218e-01     4.1007      4.088      5.929    11.6484 0.0000e+00
      4.177      0.032     6.1899     56.829     46.317  33.949812     3.3300     6.6977     0.0852     0.9306 3.2768e-01     4.1307      4.096      5.941    11.6476 0.0000e+00
      4.185      0.031     6.1807     56.889     46.303  33.939114     3.3300     6.6595     0.0852     0.9306 3.3423e-01     4.0556      4.104      5.952    11.6470 0.0000e+00
      4.193      0.030     6.1725     56.954     46.286  33.927058     3.3300     6.6710     0.0852     0.9306 3.3098e-01     4.1608      4.112      5.964    11.6465 0.0000e+00
      4.201      0.029     6.1698     57.005     46.274  33.918351     3.3300     6.9838     0.0852     0.9306 3.4283e-01     3.8602      4.120      5.975    11.6463 0.0000e+00
      4.208      0.028     6.1732     57.035     46.273  33.918594     3.3300     6.9571     0.0852     0.8883 3.3098e-01     3.9504      4.126      5.985    11.6462 0.0000e+00
      4.214      0.027     6.1798     57.042     46.280  33.923889     3.3300     6.9723     0.0852     0.8883 3.4038e-01     3.8903      4.133      5.994    11.6464 0.0000e+00
      4.221      0.027     6.1868     57.031     46.280  33.923766     3.3300     6.9914     0.0852     0.8883 3.3394e-01     3.8001      4.139      6.003    11.6466 0.0000e+00
      4.227      0.027     6.1924     56.998     46.273  33.918192     3.3300     7.0295     0.0852     0.8883 3.2029e-01     3.8602      4.146      6.013    11.6470 0.0000e+00
      4.234      0.027     6.1955     56.966     46.267  33.913604     3.3300     7.0524     0.0852     0.8883 3.1532e-01     3.8452      4.153      6.023    11.6475 0.0000e+00
      4.242      0.027     6.1962     56.955     46.265  33.912737     3.2400     7.0410     0.0852     0.9306 3.0714e-01     3.8602      4.160      6.033    11.6477 0.0000e+00
      4.249      0.027     6.1950     56.951     46.269  33.915361     3.2400     7.0715     0.0852     0.9306 3.2204e-01     3.9053      4.167      6.043    11.6477 0.0000e+00
      4.256      0.027     6.1915     56.950     46.273  33.918215     3.2400     6.8960     0.0852     0.9306 3.0369e-01     3.5446      4.174      6.053    11.6476 0.0000e+00
      4.262      0.027     6.1880     56.973     46.273  33.918100     3.2400     6.9113     0.0852     0.9306 3.1553e-01     3.6648      4.180      6.063    11.6476 0.0000e+00
      4.269      0.027     6.1869     57.016     46.275  33.918944     3.3300     6.9189     0.0852     0.8460 2.8945e-01     3.6949      4.187      6.072    11.6476 0.0000e+00
      4.276      0.028     6.1864     57.058     46.285  33.924935     3.3300     6.9075     0.0852     0.8460 3.2197e-01     3.5897      4.193      6.082    11.6476 0.0000e+00
      4.283      0.028     6.1863     57.099     46.298  33.933708     3.3300     7.1516     0.0852     0.8460 2.9491e-01     4.0406      4.200      6.092    11.6475 0.0000e+00
      4.291      0.027     6.1889     57.128     46.307  33.939682     3.3300     7.1440     0.0852     0.8460 3.0099e-01     4.1458      4.208      6.103    11.6472 0.0000e+00
      4.298      0.027     6.1936     57.141     46.309  33.940489     3.3300     7.1516     0.1278     0.8883 3.1300e-01     4.0406      4.215      6.113    11.6465 0.0000e+00
      4.305      0.026     6.1983     57.134     46.303  33.936343     3.3300     7.1440     0.1278     0.8883 2.6790e-01     4.1157      4.222      6.123    11.6455 0.0000e+00
      4.311      0.025     6.2029     57.086     46.295  33.930101     3.3300     7.2966     0.1278     0.8883 3.1327e-01     4.3863      4.228      6.133    11.6445 0.0000e+00
      4.317      0.024     6.2062     57.018     46.291  33.928020     3.3300     7.2508     0.1278     0.8883 2.8982e-01     4.4163      4.234      6.141    11.6437 0.0000e+00
      4.323      0.024     6.2077     56.959     46.293  33.929543     3.3300     7.2737     0.0852     0.8883 2.5318e-01     4.3261      4.240      6.149    11.6432 0.0000e+00
      4.329      0.024     6.2069     56.927     46.290  33.927156     3.3300     7.2889     0.0852     0.8883 2.4517e-01     4.4013      4.245      6.157    11.6430 0.0000e+00
      4.335      0.025     6.2018     56.946     46.280  33.920223     3.3300     6.9227     0.0852     0.8883 2.7426e-01     3.7700      4.251      6.166    11.6430 0.0000e+00
      4.341      0.026     6.1943     57.007     46.274  33.914816     3.3300     6.9342     0.0852     0.8883 2.7871e-01     3.9203      4.257      6.174    11.6432 0.0000e+00
      4.348      0.027     6.1878     57.059     46.267  33.909493     3.3300     6.9227     0.0852     0.8883 2.8298e-01     3.8903      4.264      6.184    11.6437 0.0000e+00
      4.355      0.028     6.1843     57.095     46.259  33.902834     3.3300     6.9037     0.0426     0.8037 2.7414e-01     3.8903      4.271      6.195    11.6440 0.0000e+00
      4.364      0.029     6.1864     57.125     46.257  33.900987     3.3300     7.0601     0.0426     0.8037 2.5673e-01     3.8452      4.279      6.206    11.6438 0.0000e+00
      4.371      0.029     6.1930     57.127     46.261  33.903457     3.3300     7.0372     0.0426     0.8037 2.5390e-01     3.8602      4.287      6.218    11.6432 0.0000e+00
      4.379      0.028     6.1988     57.098     46.265  33.906942     3.3300     7.0257     0.0426     0.8037 2.5556e-01     3.9354      4.294      6.228    11.6425 0.0000e+00
      4.386      0.028     6.2028     57.060     46.267  33.908413     3.3300     7.0448     0.0852     0.9729 2.5346e-01     3.8752      4.301      6.238    11.6419 0.0000e+00
      4.393      0.027     6.2061     57.020     46.261  33.904299     3.3300     7.1516     0.0852     0.9729 2.2002e-01     4.0706      4.308      6.248    11.6416 0.0000e+00
      4.399      0.027     6.2063     56.992     46.257  33.901426     3.3300     7.1554     0.0852     0.9729 2.6038e-01     4.1007      4.314      6.257    11.6414 0.0000e+00
      4.406      0.027     6.2032     56.976     46.259  33.902987     3.3300     7.1249     0.0852     0.9729 2.6214e-01     4.1608      4.320      6.267    11.6414 0.0000e+00
      4.412      0.028     6.1990     56.958     46.256  33.901479     3.2400     7.1592     0.1278     0.9306 2.2335e-01     4.0857      4.327      6.276    11.6415 0.0000e+00
      4.420      0.029     6.1947     56.939     46.250  33.896498     3.2400     6.5947     0.1278     0.9306 2.4469e-01     4.0105      4.334      6.286    11.6418 0.0000e+00
      4.427      0.031     6.1916     56.940     46.247  33.894638     3.2400     6.6328     0.1278     0.9306 2.0458e-01     3.8301      4.341      6.297    11.6421 0.0000e+00
      4.435      0.033     6.1898     56.965     46.254  33.899365     3.2400     6.6137     0.1278     0.9306 2.4337e-01     3.8301      4.349      6.308    11.6423 0.0000e+00
      4.444      0.034     6.1879     56.993     46.267  33.907976     3.3300     6.6061     0.1278     0.9306 2.4474e-01     3.8903      4.358      6.321    11.6424 0.0000e+00
      4.453      0.035     6.1858     57.018     46.276  33.914848     3.3300     6.6099     0.1278     0.9306 2.2860e-01     4.1007      4.367      6.334    11.6423 0.0000e+00
      4.463      0.035     6.1859     57.056     46.281  33.917851     3.3300     6.6252     0.1278     0.9306 2.0498e-01     4.1458      4.376      6.347    11.6421 0.0000e+00
      4.472      0.035     6.1887     57.108     46.281  33.917787     3.3300     6.5947     0.1278     0.9306 2.4780e-01     4.1007      4.385      6.361    11.6419 0.0000e+00
      4.481      0.035     6.1917     57.150     46.277  33.914638     3.3300     6.6099     0.1278     0.9306 2.0458e-01     4.0105      4.394      6.373    11.6416 0.0000e+00
      4.489      0.034     6.1945     57.166     46.267  33.907565     3.3300     6.6519     0.0852     1.0152 2.4147e-01     4.1758      4.403      6.386    11.6413 0.0000e+00
      4.498      0.033     6.1987     57.152     46.255  33.898643     3.3300     6.6862     0.0852     1.0152 2.1675e-01     4.1157      4.411      6.398    11.6410 0.0000e+00
      4.506      0.033     6.2043     57.109     46.248  33.893414     3.3300     6.6862     0.0852     1.0152 2.1988e-01     4.1157      4.419      6.410    11.6407 0.0000e+00
      4.514      0.033     6.2090     57.051     46.244  33.890482     3.3300     6.6671     0.0852     1.0152 1.7563e-01     4.0706      4.427      6.421    11.6405 0.0000e+00
      4.522      0.034     6.2108     57.003     46.242  33.889067     3.3300     6.4955     0.0852     0.9306 2.2623e-01     4.1157      4.434      6.432    11.6403 0.0000e+00
      4.530      0.035     6.2093     56.982     46.247  33.892753     3.3300     6.4955     0.0852     0.9306 2.0953e-01     4.1157      4.442      6.443    11.6403 0.0000e+00
      4.539      0.037     6.2045     56.973     46.260  33.902521     3.3300     6.4726     0.0852     0.9306 1.8232e-01     4.0255      4.451      6.456    11.6403 0.0000e+00
      4.549      0.039     6.1983     56.962     46.280  33.917016     3.3300     6.5107     0.0852     0.9306 2.0184e-01     4.0105      4.461      6.470    11.6403 0.0000e+00
      4.559      0.041     6.1930     56.965     46.301  33.932181     3.3300     6.5565     0.0852     0.9306 1.9050e-01     4.3562      4.471      6.485    11.6404 0.0000e+00
      4.570      0.042     6.1907     56.992     46.317  33.944140     3.3300     6.5489     0.0852     0.9306 1.9292e-01     4.3412      4.482      6.501    11.6405 0.0000e+00
      4.582      0.042     6.1898     57.032     46.323  33.948159     3.3300     6.5413     0.0852     0.9306 1.8459e-01     4.3562      4.493      6.517    11.6406 0.0000e+00
      4.593      0.042     6.1885     57.066     46.319  33.945310     3.3300     6.5603     0.0852     0.9306 1.6491e-01     4.3412      4.504      6.533    11.6406 0.0000e+00
      4.604      0.041     6.1889     57.072     46.310  33.938794     3.3300     6.4802     0.0852     0.8883 1.6469e-01     4.3863      4.515      6.548    11.6405 0.0000e+00
      4.614      0.040     6.1919     57.058     46.293  33.926873     3.3300     6.4726     0.0852     0.8883 1.9334e-01     4.3412      4.525      6.563    11.6404 0.0000e+00
      4.625      0.039     6.1963     57.039     46.276  33.914291     3.3300     6.4688     0.0852     0.8883 1.8484e-01     4.3111      4.535      6.578    11.6403 0.0000e+00
      4.634      0.038     6.2000     57.009     46.269  33.909575     3.3300     6.4917     0.0852     0.8883 1.8767e-01     4.4614      4.545      6.592    11.6402 0.0000e+00
      4.644      0.036     6.2006     56.964     46.272  33.911467     3.3300     6.2895     0.0852     0.8883 1.7268e-01     4.3712      4.554      6.605    11.6403 0.0000e+00
      4.653      0.035     6.1990     56.912     46.279  33.916510     3.3300     6.2742     0.1278     0.8460 1.7914e-01     4.3412      4.563      6.618    11.6405 0.0000e+00
      4.661      0.035     6.1969     56.875     46.292  33.926050     3.3300     6.2895     0.1278     0.8460 1.4738e-01     4.3412      4.571      6.630    11.6406 0.0000e+00
      4.670      0.034     6.1937     56.864     46.309  33.938670     3.3300     6.3124     0.1278     0.8460 1.5270e-01     4.4314      4.580      6.643    11.6407 0.0000e+00
      4.679      0.033     6.1887     56.878     46.324  33.949813     3.3300     6.0377     0.1278     0.8460 1.6816e-01     4.1007      4.588      6.655    11.6408 0.0000e+00
      4.687      0.032     6.1830     56.902     46.335  33.958490     3.3300     6.0453     0.0852     0.9729 1.6780e-01     4.0556      4.596      6.667    11.6409 0.0000e+00
      4.695      0.032     6.1790     56.915     46.341  33.963054     3.3300     6.0606     0.0852     0.9729 1.3215e-01     4.1157      4.604      6.678    11.6411 0.0000e+00
      4.703      0.032     6.1778     56.910     46.337  33.960761     3.3300     6.0568     0.0852     0.9729 1.6711e-01     4.0406      4.612      6.690    11.6413 0.0000e+00
      4.711      0.032     6.1793     56.892     46.329  33.954961     3.3300     5.9385     0.0852     0.9729 1.5020e-01     4.1458      4.620      6.701    11.6416 0.0000e+00
      4.719      0.033     6.1818     56.888     46.320  33.948068     3.3300     5.9156     0.0852     0.8037 1.4639e-01     4.2660      4.628      6.712    11.6418 0.0000e+00
      4.727      0.034     6.1832     56.919     46.307  33.938244     3.3300     5.9500     0.0852     0.8037 1.3868e-01     4.1758      4.636      6.724    11.6421 0.0000e+00
      4.736      0.035     6.1827     56.973     46.292  33.926829     3.3300     5.9042     0.0852     0.8037 1.3215e-01     4.0255      4.645      6.737    11.6423 0.0000e+00
      4.745      0.036     6.1807     57.011     46.281  33.918702     3.3300     6.1903     0.0852     0.8037 1.5626e-01     3.9504      4.654      6.750    11.6424 0.0000e+00
      4.755      0.037     6.1803     57.023     46.277  33.915655     3.3300     6.2017     0.0852     0.9729 1.4883e-01     4.1307      4.663      6.763    11.6423 0.0000e+00
      4.764      0.037     6.1837     57.030     46.279  33.916877     3.3300     6.1827     0.0852     0.9729 1.4729e-01     4.2510      4.672      6.776    11.6421 0.0000e+00
      4.774      0.038     6.1896     57.037     46.281  33.918733     3.3300     6.1674     0.0852     0.9729 1.3526e-01     4.2059      4.682      6.790    11.6418 0.0000e+00
      4.784      0.038     6.1938     57.034     46.280  33.917755     3.3300     6.1789     0.0852     0.9729 1.4716e-01     3.8452      4.691      6.804    11.6415 0.0000e+00
