Data/DataNotYetUploadedToEDI/Raw_CTD/RawDownloads/110623_fcr50_S7809002.cnv
* Sea-Bird SBE19plus  Data File:
* FileName = C:\R\Reservoirs\Data\DataNotYetUploadedToEDI\Raw_CTD\RawDownloads\110623_bvr50_S7809_0002.hex
* Software version 2.8.0.119
* Temperature SN = 7809
* Conductivity SN = 7809
* System UpLoad Time = Nov 14 2023 16:54:44
* <ApplicationData>
* <Seaterm232>
# nquan = 15
# nvalues = 1503                        
# units = specified
# name 0 = depFM: Depth [fresh water, m]
# name 1 = dz/dtM: Descent Rate [m/s]
# name 2 = sbeox0Mg/L: Oxygen, SBE 43 [mg/l]
# name 3 = sbeox0PS: Oxygen, SBE 43 [% saturation]
# name 4 = specc: Specific Conductance [uS/cm]
# name 5 = c0uS/cm: Conductivity [uS/cm]
# name 6 = flECO-AFL: Fluorescence, WET Labs ECO-AFL/FL [mg/m^3]
# name 7 = ph: pH
# name 8 = orp: Oxidation Reduction Potential [mV]
# name 9 = par/sat/log: PAR/Logarithmic, Satlantic
# name 10 = turbWETntu0: Turbidity, WET Labs ECO [NTU]
# name 11 = prdM: Pressure, Strain Gauge [db]
# name 12 = prdE: Pressure, Strain Gauge [psi]
# name 13 = tv290C: Temperature [ITS-90, deg C]
# name 14 = flag:  0.000e+00
# span 0 =     -0.654,      9.660       
# span 1 =     -0.492,      0.207       
# span 2 =     3.4865,    11.9986       
# span 3 =     33.591,    111.706       
# span 4 =      0.772,    523.371       
# span 5 =   0.675856, 384.784601       
# span 6 =    -2.2452,    21.0974       
# span 7 =      4.477,      7.730       
# span 8 =  -953.0175,   931.0035       
# span 9 = 1.2358e-01, 1.7583e+03       
# span 10 =   -11.6706,   107.9254      
# span 11 =     -0.642,      9.475      
# span 12 =     -0.932,     13.742      
# span 13 =    11.6368,    18.7879      
# span 14 = 0.0000e+00, 0.0000e+00      
# interval = seconds: 0.25
# start_time = Nov 06 2023 14:02:17 [Instrument's time stamp, header]
# bad_flag = -9.990e-29
*END*
[from data line 1254]
      3.056     -0.097     9.1371     84.225     46.250  33.902018     7.9064      6.652   258.0971 3.3509e+00     8.4669      2.992      4.340    11.6510 0.0000e+00
      3.050     -0.060     9.1456     84.195     46.240  33.893868     8.1809      6.650   258.9387 3.3464e+00     8.5436      2.991      4.337    11.6516 0.0000e+00
      3.048     -0.045     9.1509     84.192     46.198  33.862928     8.1989      6.650   259.3272 3.3353e+00     8.5066      2.989      4.335    11.6511 0.0000e+00
      3.048     -0.057     9.1524     84.192     46.174  33.845152     8.1819      6.652   259.2670 3.3287e+00     8.3953      2.989      4.336    11.6496 0.0000e+00
      3.046     -0.092     9.1504     84.172     46.208  33.869281     8.0672      6.656   259.0725 3.3765e+00     8.3262      2.993      4.340    11.6482 0.0000e+00
      3.030     -0.138     9.1423     84.052     46.250  33.900880     7.8600      6.658   259.2120 3.5757e+00     8.3202      2.982      4.326    11.6472 0.0000e+00
      2.987     -0.185     9.1476     83.894     46.261  33.909988     7.7406      6.661   259.8353 3.9594e+00     8.3220      2.939      4.263    11.6465 0.0000e+00
      2.919     -0.220     9.1444     83.911     46.268  33.915963     7.7057      6.662   260.4135 4.5049e+00     8.3137      2.866      4.157    11.6462 0.0000e+00
      2.840     -0.233     9.1483     84.047     46.258  33.909685     7.6051      6.660   260.7834 5.1307e+00     8.2880      2.784      4.038    11.6460 0.0000e+00
      2.761     -0.220     9.1371     84.151     46.241  33.897526     7.4483      6.658   261.0377 5.7491e+00     8.2845      2.706      3.925    11.6464 0.0000e+00
      2.691     -0.184     9.1001     84.231     46.238  33.895843     7.3743      6.656   261.0795 6.2463e+00     8.2719      2.630      3.815    11.6471 0.0000e+00
      2.646     -0.138     9.1101     84.302     46.230  33.889337     7.3923      6.654   260.9449 6.4478e+00     8.2379      2.581      3.743    11.6482 0.0000e+00
      2.630     -0.094     9.1337     84.352     46.222  33.882302     7.5833      6.653   260.8724 6.4403e+00     8.2832      2.576      3.736    11.6498 0.0000e+00
      2.629     -0.067     9.1400     84.359     46.212  33.874236     7.9439      6.654   261.0634 6.4205e+00     8.4096      2.581      3.741    11.6510 0.0000e+00
      2.629     -0.066     9.1491     84.270     46.187  33.855260     8.1565      6.657   261.2747 6.4038e+00     8.5032      2.579      3.740    11.6512 0.0000e+00
      2.628     -0.093     9.1582     84.113     46.171  33.843195     8.1736      6.660   261.4487 6.4882e+00     8.5264      2.581      3.744    11.6502 0.0000e+00
      2.613     -0.140     9.1629     83.998     46.186  33.855259     7.9927      6.663   261.7051 6.8867e+00     8.4507      2.574      3.733    11.6489 0.0000e+00
      2.571     -0.193     9.1683     83.959     46.210  33.874234     7.6507      6.666   261.4486 7.6590e+00     8.2715      2.531      3.671    11.6477 0.0000e+00
      2.503     -0.239     9.1581     83.958     46.218  33.882289     7.4672      6.670   260.8425 8.7041e+00     8.2045      2.458      3.564    11.6468 0.0000e+00
      2.420     -0.267     9.1340     84.000     46.226  33.889209     7.4717      6.671   260.8295 9.9694e+00     8.2887      2.374      3.443    11.6470 0.0000e+00
      2.334     -0.267     9.1203     84.075     46.231  33.894466     7.6806      6.669   261.2060 1.1418e+01     8.2649      2.288      3.319    11.6481 0.0000e+00
      2.249     -0.237     9.1194     84.123     46.214  33.882402     8.0616      6.664   261.6953 1.2913e+01     8.0874      2.203      3.194    11.6500 0.0000e+00
      2.178     -0.190     9.1176     84.142     46.199  33.870234     8.2828      6.661   262.2718 1.4046e+01     7.9870      2.125      3.081    11.6521 0.0000e+00
      2.136     -0.135     9.1203     84.147     46.205  33.874234     8.3413      6.660   262.3246 1.4417e+01     8.0415      2.082      3.020    11.6537 0.0000e+00
      2.125     -0.085     9.1344     84.126     46.197  33.867323     8.5936      6.660   261.8177 1.4327e+01     8.2015      2.080      3.019    11.6548 0.0000e+00
      2.127     -0.048     9.1371     84.081     46.174  33.850114     9.0446      6.660   261.4774 1.4264e+01     8.3843      2.088      3.027    11.6552 0.0000e+00
      2.129     -0.036     9.1382     84.031     46.184  33.856496     9.2838      6.662   261.5664 1.4242e+01     8.4405      2.089      3.029    11.6549 0.0000e+00
      2.129     -0.056     9.1411     83.989     46.218  33.881050     9.2962      6.665   261.7746 1.4240e+01     8.4708      2.088      3.030    11.6539 0.0000e+00
      2.125     -0.099     9.1379     83.946     46.234  33.893210     9.2699      6.669   261.8444 1.4516e+01     8.5454      2.088      3.029    11.6528 0.0000e+00
      2.106     -0.152     9.1329     83.913     46.211  33.876634     8.8827      6.673   261.9797 1.5516e+01     8.4554      2.076      3.012    11.6518 0.0000e+00
      2.059     -0.203     9.1262     83.899     46.201  33.870979     8.1434      6.676   262.2922 1.7507e+01     8.2015      2.031      2.946    11.6509 0.0000e+00
      1.984     -0.244     9.1239     83.898     46.223  33.888278     7.7308      6.677   262.4396 2.0292e+01     8.0045      1.950      2.827    11.6504 0.0000e+00
      1.896     -0.265     9.1173     83.906     46.231  33.895463     7.7133      6.677   262.4710 2.3427e+01     7.9512      1.856      2.692    11.6507 0.0000e+00
      1.811     -0.260     9.1133     83.927     46.228  33.894395     7.8823      6.674   262.6713 2.6659e+01     8.0012      1.772      2.571    11.6517 0.0000e+00
      1.737     -0.228     9.1125     83.981     46.202  33.875380     8.1933      6.668   263.4853 2.9832e+01     8.0627      1.699      2.465    11.6530 0.0000e+00
      1.677     -0.180     9.1113     84.067     46.175  33.855888     8.3684      6.660   264.8273 3.2292e+01     8.0461      1.636      2.373    11.6545 0.0000e+00
      1.638     -0.128     9.1129     84.157     46.167  33.849063     8.3925      6.655   265.5623 3.3379e+01     7.9703      1.596      2.314    11.6558 0.0000e+00
      1.623     -0.082     9.1128     84.213     46.177  33.856294     8.6184      6.651   265.4878 3.3501e+01     8.0345      1.588      2.303    11.6569 0.0000e+00
      1.620     -0.048     9.1193     84.219     46.209  33.879876     9.0521      6.647   265.2175 3.3476e+01     8.2425      1.589      2.305    11.6577 0.0000e+00
      1.620     -0.038     9.1292     84.160     46.211  33.880403     9.2839      6.646   265.0471 3.3465e+01     8.3325      1.588      2.304    11.6576 0.0000e+00
      1.621     -0.055     9.1415     84.026     46.187  33.862675     9.2738      6.651   265.4061 3.3452e+01     8.2681      1.589      2.305    11.6569 0.0000e+00
      1.619     -0.098     9.1477     83.860     46.178  33.855867     8.9965      6.658   266.1176 3.3966e+01     8.1472      1.591      2.308    11.6564 0.0000e+00
      1.604     -0.157     9.1486     83.713     46.184  33.861531     8.4947      6.664   266.5082 3.6193e+01     8.0328      1.584      2.298    11.6563 0.0000e+00
      1.560     -0.217     9.1442     83.598     46.191  33.867715     8.2250      6.669   266.6014 4.1146e+01     8.0125      1.543      2.238    11.6560 0.0000e+00
      1.482     -0.267     9.1268     83.527     46.188  33.867193     8.1999      6.673   266.6416 4.8900e+01     8.0380      1.461      2.119    11.6556 0.0000e+00
      1.384     -0.291     9.1066     83.525     46.170  33.855232     8.1903      6.674   266.7368 5.8893e+01     8.0341      1.357      1.968    11.6555 0.0000e+00
      1.282     -0.283     9.0901     83.585     46.161  33.849983     8.2249      6.673   266.8919 7.0233e+01     8.0337      1.254      1.819    11.6561 0.0000e+00
      1.191     -0.245     9.0781     83.684     46.184  33.867183     8.3114      6.672   267.1403 8.0603e+01     8.0329      1.159      1.681    11.6574 0.0000e+00
      1.126     -0.188     9.0671     83.794     46.192  33.872856     8.3702      6.672   267.5022 8.6258e+01     8.0582      1.088      1.578    11.6592 0.0000e+00
      1.097     -0.126     9.0680     83.860     46.169  33.855127     8.3864      6.672   267.7406 8.6828e+01     8.1004      1.067      1.548    11.6611 0.0000e+00
      1.094     -0.072     9.0756     83.866     46.153  33.843166     8.5743      6.671   267.8713 8.5929e+01     8.2024      1.072      1.556    11.6624 0.0000e+00
      1.096     -0.037     9.0855     83.828     46.169  33.855127     8.9523      6.671   267.9638 8.5502e+01     8.4026      1.075      1.560    11.6630 0.0000e+00
      1.097     -0.032     9.1016     83.734     46.194  33.872856     9.1694      6.671   267.5689 8.5436e+01     8.5051      1.076      1.561    11.6628 0.0000e+00
      1.097     -0.058     9.1090     83.588     46.186  33.867183     9.1852      6.673   266.7963 8.5881e+01     8.4862      1.076      1.561    11.6621 0.0000e+00
      1.093     -0.104     9.1081     83.469     46.162  33.849984     8.9939      6.676   266.4526 8.8182e+01     8.4127      1.076      1.561    11.6619 0.0000e+00
      1.073     -0.159     9.1049     83.419     46.169  33.855241     8.6294      6.678   266.6824 9.5320e+01     8.3003      1.063      1.543    11.6616 0.0000e+00
      1.023     -0.213     9.0962     83.383     46.184  33.867306     8.4482      6.682   267.2516 1.0943e+02     8.2541      1.016      1.472    11.6612 0.0000e+00
      0.944     -0.252     9.0758     83.359     46.185  33.868970     8.4596      6.684   267.7418 1.2936e+02     8.2643      0.930      1.348    11.6611 0.0000e+00
      0.853     -0.266     9.0592     83.364     46.192  33.875361     8.5586      6.682   267.4470 1.5230e+02     8.1842      0.835      1.211    11.6613 0.0000e+00
      0.763     -0.251     9.0599     83.367     46.198  33.881137     8.7301      6.677   266.6134 1.7662e+02     8.0026      0.746      1.083    11.6616 0.0000e+00
      0.686     -0.211     9.0543     83.389     46.190  33.875370     8.8268      6.674   266.3523 1.9637e+02     7.9480      0.661      0.960    11.6623 0.0000e+00
      0.636     -0.156     9.0488     83.412     46.181  33.869082     8.8619      6.672   266.7857 2.0627e+02     8.0360      0.612      0.887    11.6638 0.0000e+00
      0.617     -0.100     9.0540     83.379     46.181  33.868552     9.0377      6.670   267.3788 2.1173e+02     8.1104      0.602      0.873    11.6656 0.0000e+00
      0.614     -0.055     9.0499     83.299     46.182  33.868957     9.3374      6.667   267.6738 2.1435e+02     8.1647      0.602      0.872    11.6667 0.0000e+00
      0.615     -0.033     9.0532     83.200     46.189  33.873987     9.4981      6.666   267.4260 2.1081e+02     8.2138      0.601      0.873    11.6673 0.0000e+00
      0.618     -0.044     9.0603     83.065     46.178  33.865922     9.4989      6.667   266.7916 2.0473e+02     8.2253      0.606      0.879    11.6671 0.0000e+00
      0.621     -0.086     9.0548     82.911     46.136  33.834890     9.3634      6.671   265.7685 2.0362e+02     8.1679      0.613      0.888    11.6667 0.0000e+00
      0.613     -0.148     9.0442     82.758     46.110  33.816008     9.1091      6.676   264.6916 2.1571e+02     8.0657      0.611      0.886    11.6666 0.0000e+00
      0.574     -0.221     9.0358     82.590     46.125  33.827958     8.9624      6.680   264.0961 2.4514e+02     7.9800      0.577      0.838    11.6663 0.0000e+00
      0.498     -0.286     9.0207     82.482     46.156  33.852494     8.9553      6.682   264.0754 2.9543e+02     7.9865      0.497      0.720    11.6657 0.0000e+00
      0.396     -0.325     9.0004     82.470     46.161  33.858884     8.9814      6.681   264.5264 3.5517e+02     8.0417      0.392      0.569    11.6654 0.0000e+00
      0.280     -0.328     8.9894     82.510     46.134  33.841789     9.2367      6.677   265.0752 4.2919e+02     8.0668      0.278      0.404    11.6658 0.0000e+00
      0.163     -0.296     8.9643     82.609     46.122  33.836139     9.7107      6.673   265.2904 5.1298e+02     8.0504      0.149      0.215    11.6670 0.0000e+00
      0.077     -0.238     8.9497     82.696     46.144  33.854019     9.9610      6.671   264.9778 5.9280e+02     8.0149      0.055      0.079    11.6689 0.0000e+00
      0.037     -0.168     8.9542     82.684     46.163  33.867634     9.9983      6.672   264.5649 6.1882e+02     8.0472      0.027      0.040    11.6720 0.0000e+00
      0.027     -0.101     8.9528     82.604     46.173  33.873864    10.2037      6.673   265.0312 5.4480e+02     8.3379      0.025      0.037    11.6752 0.0000e+00
      0.026     -0.048     8.9671     82.453     46.163  33.865907    10.5551      6.676   266.1413 5.1106e+02     8.7976      0.026      0.037    11.6783 0.0000e+00
      0.025     -0.016     8.9828     82.200     46.121  33.834876    10.7342      6.677   266.8014 5.5642e+02     8.9945      0.025      0.036    11.6809 0.0000e+00
      0.025     -0.004     8.9759     81.901     46.096  33.815892    10.7388      6.676   266.9047 5.7031e+02     8.9418      0.024      0.035    11.6809 0.0000e+00
      0.025     -0.001     8.9679     81.575     46.111  33.826707    10.6433      6.675   266.7013 5.4812e+02     8.9115      0.025      0.036    11.6794 0.0000e+00
      0.025     -0.000     8.9571     81.235     46.127  33.838753    10.4627      6.673   266.4072 5.1934e+02     8.9359      0.024      0.034    11.6779 0.0000e+00
      0.025 -2.022e-08     8.9228     80.940     46.122  33.834648    10.3696      6.672   266.5319 4.7349e+02     8.9633      0.024      0.035    11.6773 0.0000e+00
      0.025 -2.224e-07     8.8916     80.699     46.131  33.840519    10.3581      6.671   267.0898 4.3127e+02     8.9689      0.024      0.035    11.6767 0.0000e+00
      0.025 -2.224e-07     8.8576     80.514     46.141  33.846287    10.3477      6.668   267.5603 4.6135e+02     8.9015      0.024      0.035    11.6765 0.0000e+00
      0.025 -2.022e-08     8.8146     80.394     46.134  33.840946    10.3523      6.666   267.8336 5.8472e+02     8.7976      0.025      0.036    11.6771 0.0000e+00
      0.024 -1.838e-09     8.7848     80.325     46.132  33.839378    10.3554      6.666   267.9849 7.0498e+02     8.7726      0.024      0.035    11.6766 0.0000e+00
      0.024 -1.671e-10     8.7589     80.310     46.117  33.827332    10.3434      6.666   267.9274 6.7232e+02     8.7691      0.023      0.034    11.6756 0.0000e+00
      0.024 -1.519e-11     8.7370     80.321     46.111  33.822179    10.2736      6.666   267.5680 6.0721e+02     8.6868      0.024      0.034    11.6747 0.0000e+00
      0.024 -1.373e-12     8.7268     80.316     46.136  33.840521    10.1606      6.666   267.0815 6.3167e+02     8.5295      0.024      0.035    11.6738 0.0000e+00
      0.024 -3.801e-14     8.7177     80.332     46.160  33.858768    10.1181      6.666   266.9485 6.5302e+02     8.4377      0.024      0.034    11.6735 0.0000e+00
      0.024 9.5156e-13     8.7168     80.411     46.151  33.852472    10.1344      6.666   267.2513 6.4097e+02     8.4659      0.024      0.034    11.6729 0.0000e+00
      0.024 1.0592e-11     8.7227     80.539     46.116  33.827842    10.1329      6.667   267.7305 6.2480e+02     8.4600      0.024      0.035    11.6720 0.0000e+00
      0.024 1.1652e-10     8.7183     80.671     46.096  33.814748    10.0999      6.667   268.0109 6.7705e+02     8.4011      0.024      0.035    11.6718 0.0000e+00
      0.024 1.2817e-09     8.7184     80.785     46.103  33.821044    10.0595      6.667   267.4574 6.9722e+02     8.3342      0.023      0.034    11.6723 0.0000e+00
      0.024 1.4099e-08     8.7275     80.898     46.129  33.840530    10.0528      6.667   266.4591 6.2313e+02     8.2656      0.024      0.035    11.6732 0.0000e+00
