Data/DataNotYetUploadedToEDI/Raw_CTD/RawDownloads/110623_bvr50_S7809001.cnv
* Sea-Bird SBE19plus  Data File:
* FileName = C:\R\Reservoirs\Data\DataNotYetUploadedToEDI\Raw_CTD\RawDownloads\110623_bvr50_S7809_0001.hex
* Software version 2.8.0.119
* Temperature SN = 7809
* Conductivity SN = 7809
* System UpLoad Time = Nov 14 2023 16:54:05
* <ApplicationData>
* <Seaterm232>
# nquan = 15
# nvalues = 2104                        
# units = specified
# name 0 = depFM: Depth [fresh water, m]
# name 1 = dz/dtM: Descent Rate [m/s]
# name 2 = sbeox0Mg/L: Oxygen, SBE 43 [mg/l]
# name 3 = sbeox0PS: Oxygen, SBE 43 [% saturation]
# name 4 = specc: Specific Conductance [uS/cm]
# name 5 = c0uS/cm: Conductivity [uS/cm]
# name 6 = flECO-AFL: Fluorescence, WET Labs ECO-AFL/FL [mg/m^3]
# name 7 = ph: pH
# name 8 = orp: Oxidation Reduction Potential [mV]
# name 9 = par/sat/log: PAR/Logarithmic, Satlantic
# name 10 = turbWETntu0: Turbidity, WET Labs ECO [NTU]
# name 11 = prdM: Pressure, Strain Gauge [db]
# name 12 = prdE: Pressure, Strain Gauge [psi]
# name 13 = tv290C: Temperature [ITS-90, deg C]
# name 14 = flag:  0.000e+00
# span 0 =     -0.700,      8.704       
# span 1 =     -0.301,      0.130       
# span 2 =     5.0611,    10.8022       
# span 3 =     46.670,    100.856       
# span 4 =     34.533,     45.461       
# span 5 =  25.344447,  33.145387       
# span 6 =    -0.0968,    22.6928       
# span 7 =      6.007,      6.772       
# span 8 =   170.8054,   315.7276       
# span 9 = 1.2365e-01, 1.1005e+03       
# span 10 =    -0.3802,   854.8581      
# span 11 =     -0.688,      8.536      
# span 12 =     -0.998,     12.380      
# span 13 =    11.4510,    12.3781      
# span 14 = 0.0000e+00, 0.0000e+00      
# interval = seconds: 0.25
# start_time = Nov 06 2023 11:16:39 [Instrument's time stamp, header]
# bad_flag = -9.990e-29
*END*
[from data line 1639]
      7.806      0.015     7.1321     65.307     34.874  25.454704     2.1340      6.701   297.9502 1.2377e-01    14.6985      7.655     11.103    11.4924 0.0000e+00
      7.808      0.014     7.1392     65.164     34.874  25.454807     2.1504      6.701   297.9210 1.2378e-01    14.6566      7.657     11.105    11.4925 0.0000e+00
      7.811      0.014     7.1409     65.054     34.889  25.466339     2.2024      6.701   298.0306 1.2380e-01    14.7358      7.659     11.108    11.4925 0.0000e+00
      7.814      0.014     7.1345     65.005     34.890  25.467294     2.2392      6.700   298.0707 1.2376e-01    14.8366      7.663     11.114    11.4927 0.0000e+00
      7.819      0.014     7.1215     65.006     34.888  25.466350     2.2532      6.700   298.0620 1.2378e-01    14.8852      7.668     11.122    11.4928 0.0000e+00
      7.824      0.014     7.1014     65.050     34.873  25.454932     2.2394      6.701   298.0975 1.2379e-01    14.8103      7.672     11.128    11.4932 0.0000e+00
      7.828      0.015     7.0895     65.139     34.874  25.456076     2.1975      6.702   298.1555 1.2377e-01    14.6486      7.677     11.134    11.4935 0.0000e+00
      7.830      0.015     7.0842     65.249     34.906  25.480176     2.1787      6.703   298.2471 1.2380e-01    14.5690      7.679     11.138    11.4940 0.0000e+00
      7.833      0.016     7.0854     65.335     34.923  25.492660     2.1865      6.703   298.2590 1.2380e-01    14.5995      7.680     11.139    11.4946 0.0000e+00
      7.837      0.017     7.0889     65.373     34.906  25.480176     2.1756      6.702   298.1271 1.2374e-01    14.6424      7.685     11.146    11.4950 0.0000e+00
      7.842      0.018     7.0997     65.389     34.873  25.456076     2.1461      6.702   298.1153 1.2375e-01    14.6432      7.691     11.155    11.4951 0.0000e+00
      7.848      0.018     7.1137     65.391     34.872  25.454943     2.1301      6.702   298.2887 1.2382e-01    14.6434      7.696     11.163    11.4955 0.0000e+00
      7.853      0.018     7.1246     65.368     34.887  25.466475     2.1306      6.702   298.3306 1.2387e-01    14.6449      7.702     11.171    11.4957 0.0000e+00
      7.857      0.017     7.1270     65.348     34.890  25.468666     2.1614      6.702   298.2779 1.2387e-01    14.6611      7.705     11.176    11.4958 0.0000e+00
      7.861      0.016     7.1275     65.329     34.907  25.481435     2.2123      6.702   298.3396 1.2382e-01    14.7363      7.709     11.181    11.4956 0.0000e+00
      7.865      0.016     7.1311     65.318     34.925  25.494023     2.2381      6.702   298.3879 1.2377e-01    14.8037      7.713     11.187    11.4954 0.0000e+00
      7.868      0.017     7.1239     65.325     34.925  25.494033     2.2400      6.702   298.3456 1.2381e-01    14.8266      7.715     11.190    11.4955 0.0000e+00
      7.872      0.018     7.1241     65.331     34.908  25.481557     2.2265      6.702   298.3449 1.2385e-01    14.8419      7.718     11.194    11.4955 0.0000e+00
      7.877      0.020     7.1216     65.348     34.893  25.470017     2.1995      6.702   298.3784 1.2387e-01    14.8183      7.724     11.202    11.4949 0.0000e+00
      7.883      0.023     7.1184     65.367     34.909  25.481340     2.1806      6.702   298.4075 1.2388e-01    14.7458      7.731     11.213    11.4949 0.0000e+00
      7.890      0.025     7.1227     65.361     34.924  25.491623     2.1807      6.702   298.4383 1.2382e-01    14.7511      7.737     11.222    11.4952 0.0000e+00
      7.896      0.025     7.1204     65.348     34.891  25.467503     2.1837      6.702   298.4059 1.2377e-01    14.8147      7.742     11.229    11.4950 0.0000e+00
      7.903      0.024     7.1231     65.326     34.858  25.443393     2.1582      6.702   298.3602 1.2380e-01    14.7636      7.750     11.240    11.4948 0.0000e+00
      7.911      0.024     7.1282     65.276     34.873  25.453780     2.1064      6.703   298.4032 1.2385e-01    14.6448      7.759     11.252    11.4941 0.0000e+00
      7.917      0.025     7.1247     65.231     34.891  25.466264     2.0653      6.704   298.4949 1.2389e-01    14.5743      7.765     11.262    11.4932 0.0000e+00
      7.921      0.026     7.1241     65.232     34.892  25.467493     2.0605      6.704   298.5228 1.2389e-01    14.5603      7.768     11.266    11.4925 0.0000e+00
      7.925      0.030     7.1236     65.247     34.893  25.468635     2.0980      6.704   298.4824 1.2385e-01    14.5777      7.770     11.270    11.4920 0.0000e+00
      7.933      0.036     7.1166     65.253     34.908  25.480071     2.1451      6.703   298.4360 1.2387e-01    14.5794      7.777     11.280    11.4920 0.0000e+00
      7.943      0.043     7.1079     65.249     34.908  25.478929     2.1639      6.702   298.3921 1.2390e-01    14.5474      7.789     11.296    11.4921 0.0000e+00
      7.955      0.048     7.1113     65.204     34.876  25.454829     2.1663      6.702   298.3823 1.2388e-01    14.5324      7.800     11.313    11.4925 0.0000e+00
      7.970      0.048     7.1141     65.143     34.859  25.442355     2.1740      6.702   298.4036 1.2385e-01    14.5685      7.814     11.333    11.4931 0.0000e+00
      7.988      0.046     7.1122     65.116     34.877  25.454942     2.1906      6.702   298.3913 1.2384e-01    14.6088      7.835     11.364    11.4928 0.0000e+00
      8.002      0.041     7.1166     65.107     34.912  25.480186     2.2008      6.702   298.4058 1.2386e-01    14.6094      7.850     11.385    11.4916 0.0000e+00
      8.009      0.036     7.1092     65.098     34.931  25.493900     2.1970      6.701   298.4921 1.2388e-01    14.5760      7.856     11.394    11.4906 0.0000e+00
      8.013      0.030     7.0997     65.091     34.931  25.493908     2.1943      6.700   298.5754 1.2385e-01    14.5805      7.857     11.396    11.4899 0.0000e+00
      8.018      0.025     7.0987     65.072     34.912  25.480290     2.1942      6.701   298.6383 1.2384e-01    14.6292      7.861     11.401    11.4895 0.0000e+00
      8.025      0.023     7.0988     65.040     34.879  25.456076     2.1868      6.701   298.6505 1.2382e-01    14.6183      7.871     11.415    11.4893 0.0000e+00
      8.033      0.024     7.0966     65.009     34.877  25.454819     2.1720      6.701   298.6366 1.2379e-01    14.5850      7.879     11.426    11.4894 0.0000e+00
      8.038      0.025     7.0973     65.000     34.891  25.465093     2.1226      6.701   298.6424 1.2376e-01    14.6027      7.882     11.432    11.4892 0.0000e+00
      8.043      0.024     7.0950     65.022     34.875  25.453459     2.0386      6.701   298.6341 1.2373e-01    14.6272      7.887     11.438    11.4890 0.0000e+00
      8.050      0.023     7.0908     65.044     34.857  25.440984     1.9809      6.701   298.7090 1.2379e-01    14.6081      7.894     11.450    11.4891 0.0000e+00
      8.058      0.023     7.0871     65.069     34.857  25.441096     1.9576      6.700   298.7726 1.2390e-01    14.5766      7.903     11.462    11.4892 0.0000e+00
      8.063      0.024     7.0843     65.132     34.875  25.454818     1.9398      6.699   298.7147 1.2392e-01    14.5879      7.908     11.469    11.4893 0.0000e+00
      8.067      0.024     7.0898     65.202     34.910  25.480062     1.9241      6.699   298.6976 1.2387e-01    14.6423      7.910     11.472    11.4892 0.0000e+00
      8.072      0.024     7.0919     65.252     34.927  25.492641     1.9099      6.699   298.7377 1.2387e-01    14.6536      7.915     11.481    11.4894 0.0000e+00
      8.080      0.024     7.0911     65.289     34.909  25.480073     1.8920      6.698   298.7698 1.2387e-01    14.5877      7.923     11.492    11.4903 0.0000e+00
      8.087      0.025     7.1006     65.312     34.875  25.454943     1.8747      6.697   298.7416 1.2383e-01    14.5628      7.931     11.503    11.4913 0.0000e+00
      8.094      0.026     7.1101     65.323     34.858  25.442479     1.8431      6.697   298.7410 1.2380e-01    14.6261      7.936     11.512    11.4913 0.0000e+00
      8.100      0.026     7.1133     65.340     34.877  25.456203     1.8011      6.696   298.8479 1.2381e-01    14.7044      7.942     11.519    11.4914 0.0000e+00
      8.106      0.025     7.1189     65.359     34.928  25.494035     1.7828      6.695   298.9156 1.2384e-01    14.6890      7.949     11.529    11.4918 0.0000e+00
      8.112      0.024     7.1208     65.329     34.963  25.519391     1.7709      6.695   298.9579 1.2381e-01    14.6119      7.955     11.538    11.4918 0.0000e+00
      8.119      0.023     7.1213     65.254     34.949  25.509108     1.7825      6.695   299.0153 1.2379e-01    14.5914      7.962     11.549    11.4916 0.0000e+00
      8.125      0.023     7.1219     65.176     34.932  25.496539     1.8398      6.695   299.0068 1.2379e-01    14.6111      7.970     11.559    11.4915 0.0000e+00
      8.130      0.023     7.1283     65.111     34.929  25.494263     1.8803      6.695   298.9415 1.2376e-01    14.6461      7.973     11.564    11.4919 0.0000e+00
      8.135      0.024     7.1245     65.083     34.912  25.481581     1.8900      6.695   298.9150 1.2375e-01    14.6723      7.977     11.570    11.4921 0.0000e+00
      8.140      0.025     7.1126     65.093     34.896  25.470041     1.9400      6.695   299.0296 1.2381e-01    14.6546      7.983     11.577    11.4918 0.0000e+00
      8.147      0.026     7.1063     65.125     34.912  25.481571     2.0272      6.695   299.1226 1.2385e-01    14.6035      7.990     11.588    11.4915 0.0000e+00
      8.156      0.026     7.0960     65.148     34.930  25.494149     2.0709      6.695   299.0077 1.2381e-01    14.5660      7.998     11.600    11.4913 0.0000e+00
      8.163      0.026     7.0942     65.158     34.932  25.495282     2.0769      6.696   298.8442 1.2377e-01    14.6120      8.005     11.610    11.4910 0.0000e+00
      8.170      0.025     7.0952     65.180     34.932  25.495274     2.0753      6.697   298.8674 1.2377e-01    14.6465      8.012     11.620    11.4907 0.0000e+00
      8.176      0.023     7.1006     65.195     34.931  25.494045     2.0676      6.697   299.0302 1.2377e-01    14.6073      8.019     11.630    11.4906 0.0000e+00
      8.181      0.022     7.1041     65.177     34.912  25.480427     2.0678      6.697   299.0908 1.2376e-01    14.6172      8.023     11.637    11.4905 0.0000e+00
      8.185      0.023     7.1018     65.152     34.881  25.457460     2.0691      6.697   299.0845 1.2380e-01    14.6287      8.027     11.642    11.4902 0.0000e+00
      8.190      0.024     7.1066     65.134     34.899  25.470029     2.0582      6.696   299.1255 1.2381e-01    14.5766      8.031     11.648    11.4897 0.0000e+00
      8.195      0.025     7.1099     65.111     34.948  25.505555     2.0190      6.696   299.1561 1.2380e-01    14.6024      8.036     11.655    11.4895 0.0000e+00
      8.202      0.025     7.1061     65.115     34.949  25.506490     1.9695      6.696   299.1962 1.2388e-01    14.7352      8.042     11.664    11.4892 0.0000e+00
      8.212      0.024     7.1017     65.144     34.914  25.481333     1.9509      6.697   299.2662 1.2389e-01    14.8504      8.053     11.679    11.4889 0.0000e+00
      8.221      0.021     7.1031     65.163     34.878  25.455059     1.9438      6.697   299.3143 1.2384e-01    14.8679      8.063     11.695    11.4887 0.0000e+00
      8.226      0.019     7.0969     65.188     34.861  25.442489     1.9164      6.696   299.3478 1.2386e-01    14.8098      8.068     11.702    11.4885 0.0000e+00
      8.226      0.017     7.0972     65.205     34.880  25.456194     1.8947      6.695   299.4142 1.2388e-01    14.7973      8.069     11.701    11.4883 0.0000e+00
      8.226      0.016     7.1050     65.198     34.932  25.493921     1.8981      6.695   299.4286 1.2387e-01    14.8874      8.066     11.699    11.4881 0.0000e+00
      8.230      0.016     7.1024     65.186     34.965  25.518134     1.9078      6.695   299.3489 1.2387e-01    14.9427      8.069     11.703    11.4881 0.0000e+00
      8.237      0.017     7.1080     65.176     34.934  25.495271     1.9372      6.696   299.3118 1.2387e-01    14.8173      8.078     11.716    11.4883 0.0000e+00
      8.244      0.019     7.1106     65.160     34.901  25.471171     1.9788      6.697   299.3246 1.2384e-01    14.6346      8.086     11.728    11.4882 0.0000e+00
      8.249      0.021     7.1081     65.144     34.914  25.480416     1.9939      6.697   299.3314 1.2381e-01    14.6123      8.090     11.734    11.4881 0.0000e+00
      8.253      0.022     7.1070     65.140     34.913  25.480210     1.9954      6.697   299.3938 1.2380e-01    14.6842      8.092     11.737    11.4878 0.0000e+00
      8.257      0.022     7.1063     65.138     34.898  25.468678     1.9644      6.697   299.4767 1.2380e-01    14.8204      8.096     11.743    11.4877 0.0000e+00
      8.264      0.022     7.1048     65.145     34.897  25.467828     1.9019      6.697   299.4728 1.2378e-01    15.0636      8.103     11.752    11.4879 0.0000e+00
      8.272      0.023     7.1011     65.170     34.900  25.469925     1.8720      6.697   299.4338 1.2379e-01    15.2334      8.112     11.765    11.4879 0.0000e+00
      8.278      0.025     7.1026     65.176     34.934  25.494035     1.8777      6.697   299.3485 1.2383e-01    15.3019      8.118     11.775    11.4877 0.0000e+00
      8.283      0.027     7.1018     65.147     34.951  25.505661     1.9204      6.697   299.2155 1.2381e-01    15.2092      8.121     11.780    11.4873 0.0000e+00
      8.288      0.028     7.1015     65.108     34.921  25.483659     1.9799      6.698   299.2028 1.2379e-01    14.9330      8.127     11.787    11.4868 0.0000e+00
      8.297      0.029     7.1064     65.058     34.919  25.481676     1.9982      6.698   299.2805 1.2379e-01    14.7978      8.136     11.801    11.4863 0.0000e+00
      8.306      0.031     7.1089     64.997     34.919  25.481686     2.0010      6.698   299.3814 1.2379e-01    14.8383      8.147     11.815    11.4856 0.0000e+00
      8.314      0.032     7.1026     64.929     34.922  25.483785     2.0128      6.698   299.4757 1.2383e-01    14.8409      8.152     11.824    11.4848 0.0000e+00
      8.322      0.032     7.0999     64.841     34.955  25.507045     1.9999      6.698   299.4742 1.2384e-01    14.8635      8.160     11.835    11.4839 0.0000e+00
      8.331      0.031     7.0948     64.753     34.959  25.509245     1.9617      6.698   299.5354 1.2380e-01    14.9407      8.171     11.851    11.4838 0.0000e+00
      8.339      0.029     7.0862     64.679     34.961  25.510390     1.9418      6.698   299.6992 1.2373e-01    15.0229      8.179     11.863    11.4841 0.0000e+00
      8.346      0.027     7.0818     64.622     34.976  25.520882     1.9504      6.698   299.7346 1.2371e-01    15.1408      8.185     11.870    11.4840 0.0000e+00
      8.352      0.024     7.0696     64.577     34.960  25.509267     1.9495      6.698   299.7048 1.2372e-01    15.1698      8.191     11.880    11.4830 0.0000e+00
      8.359      0.021     7.0606     64.532     34.942  25.496793     1.9389      6.698   299.6830 1.2371e-01    15.0672      8.198     11.891    11.4815 0.0000e+00
      8.364      0.019     7.0524     64.493     34.941  25.496896     1.9385      6.698   299.6436 1.2375e-01    14.9922      8.202     11.897    11.4804 0.0000e+00
      8.368      0.018     7.0459     64.461     34.959  25.510514     1.9449      6.699   299.6587 1.2381e-01    15.0497      8.205     11.902    11.4801 0.0000e+00
      8.371      0.018     7.0428     64.445     34.992  25.534614     1.9838      6.699   299.6072 1.2382e-01    15.2152      8.210     11.906    11.4810 0.0000e+00
      8.374      0.019     7.0357     64.459     34.992  25.534605     2.0341      6.698   299.5373 1.2386e-01    15.3196      8.212     11.911    11.4822 0.0000e+00
